13.0142498016,80.2253570557,21,1328,1307
13.0142602921,80.2254562378,1328,1764,436
13.0142602921,80.2254562378,1764,1774,10
13.0142498016,80.2253265381,1774,1895,121
13.0142402649,80.2253570557,1895,1956,61
13.0142097473,80.2252807617,1956,2655,699
13.0142803192,80.2254104614,2655,3669,1014
13.0142202377,80.2253036499,3669,3902,233
13.014289856,80.2255172729,3902,5604,1702
13.0142803192,80.2253112793,5604,7418,1814
13.0143203735,80.2253189087,7418,8472,1054
13.0143203735,80.2253189087,8472,8482,10
13.0143098831,80.2253112793,8482,8765,283
13.0143203735,80.2253570557,8765,9577,812
13.0143299103,80.2253875732,9577,10063,486
13.0142698288,80.2253799438,10063,10215,152
13.0142698288,80.2253799438,10215,10226,11
13.0143995285,80.225402832,10226,11452,1226
13.0141897202,80.2254180908,11452,11533,81
13.0143299103,80.2252883911,11533,12911,1378
13.0143299103,80.2252883911,12911,12921,10
13.0142498016,80.2253036499,12921,13357,436
13.0142498016,80.2253036499,13357,13367,10
13.0143299103,80.2253036499,13367,14491,1124
13.0143098831,80.2252807617,14491,14593,102
13.014380455,80.2252731323,14593,16032,1439
13.014380455,80.2252731323,16032,16042,10
13.014169693,80.2255630493,16042,16467,425
13.0143404007,80.2253570557,16467,16579,112
13.0143003464,80.2253570557,16579,16650,71
13.0142402649,80.2253417969,16650,17065,415
13.0142402649,80.2253417969,17065,17075,10
13.0143203735,80.2253875732,17075,17349,274
13.0143404007,80.2253265381,17349,17450,101
13.0143699646,80.2253265381,17450,17491,41
13.0143499374,80.2254180908,17491,17643,152
13.0142297745,80.2254333496,17643,17754,111
13.0143003464,80.225402832,17754,18737,983
13.0143299103,80.2253417969,18737,19882,1145
13.0143098831,80.2253570557,19882,20034,152
13.0143299103,80.2254180908,20034,21524,1490
13.0143299103,80.2252807617,21524,23814,2290
13.0143299103,80.2252807617,23814,23824,10
13.0142202377,80.2253875732,23824,23834,10
13.0142498016,80.2254562378,23834,23844,10
13.0143003464,80.2256622314,23844,23854,10
13.0142803192,80.225982666,23854,23864,10
13.0142803192,80.2260894775,23864,23874,10
13.0142297745,80.2262191772,23874,23885,11
13.0136499405,80.2264709473,23885,23895,10
13.0128803253,80.2267990112,23895,23905,10
13.0120000839,80.227142334,23905,23915,10
13.0110797882,80.2275390625,23915,23925,10
13.0101900101,80.2278671265,23925,23935,10
13.0096197128,80.2278213501,23935,23946,11
13.0097198486,80.2272109985,23946,23956,10
13.0101003647,80.2263336182,23956,23966,10
13.0105199814,80.225402832,23966,23976,10
13.0108604431,80.2246017456,23976,23986,10
13.0111303329,80.2239685059,23986,23996,10
13.0113601685,80.2233581543,23996,24006,10
13.0116195679,80.2226409912,24006,24016,10
13.0118703842,80.2218093872,24016,24026,10
13.0122203827,80.2213668823,24026,24037,11
13.0125198364,80.2217483521,24037,24047,10
13.0129699707,80.2223510742,24047,24057,10
13.013469696,80.2229385376,24057,24067,10
13.0140104294,80.2235107422,24067,24077,10
13.01445961,80.2240600586,24077,24087,10
13.014960289,80.2245788574,24087,24097,10
13.0152196884,80.2248764038,24097,24108,11
13.0157403946,80.2252120972,24108,24118,10
13.0165395737,80.2252426147,24118,24128,10
13.0174798965,80.2248764038,24128,24138,10
13.0185003281,80.2244796753,24138,24148,10
13.0194301605,80.2243881226,24148,24157,9
13.019780159,80.2245483398,24157,24168,11
13.0200004578,80.2247314453,24168,24178,10
13.0205602646,80.2251281738,24178,24189,11
13.0214195251,80.2257537842,24189,24199,10
13.0223197937,80.2264709473,24199,24209,10
13.0231599808,80.2272186279,24209,24219,10
13.0238704681,80.2278594971,24219,24229,10
13.0243501663,80.2283401489,24229,24260,31
13.0243501663,80.2283401489,24260,24270,10
13.0243997574,80.2284927368,24270,24280,10
13.0241699219,80.2284698486,24280,24290,10
13.023900032,80.2281417847,24290,24300,10
13.0236597061,80.227897644,24300,24310,10
13.0233001709,80.2275238037,24310,24330,20
13.0233001709,80.2275238037,24330,24341,11
13.0232000351,80.2273864746,24341,24351,10
13.0228796005,80.2270889282,24351,24361,10
13.0226898193,80.2269287109,24361,24371,10
13.0222997665,80.2265701294,24371,24381,10
13.0221300125,80.2264022827,24381,24391,10
13.0216503143,80.226020813,24391,24401,10
13.0209302902,80.225479126,24401,24412,11
13.0200395584,80.2248764038,24412,24422,10
13.0191202164,80.2245025635,24422,24432,10
13.0180797577,80.2248382568,24432,24442,10
13.0170001984,80.2252807617,24442,24452,10
13.0162401199,80.2255783081,24452,24462,10
13.0156497955,80.2257614136,24462,24472,10
13.0149497986,80.2260665894,24472,24482,10
13.0144901276,80.2262802124,24482,24503,21
13.0144901276,80.2262802124,24503,24513,10
13.0142297745,80.2263565063,24513,24523,10
13.013589859,80.2265777588,24523,24533,10
13.0128002167,80.226890564,24533,24543,10
13.0118198395,80.2272796631,24543,24553,10
13.0106801987,80.2277297974,24553,24564,11
13.0096197128,80.2281570435,24564,24574,10
13.0091695786,80.2288131714,24574,24584,10
13.0089797974,80.2298126221,24584,24594,10
13.0087404251,80.2309799194,24594,24604,10
13.0085000992,80.2320785522,24604,24614,10
13.008310318,80.2334671021,24614,24634,20
13.008310318,80.2334671021,24634,24645,11
13.0082397461,80.2337493896,24645,24655,10
13.0081195831,80.234336853,24655,24665,10
13.0079498291,80.2352218628,24665,24675,10
13.0077199936,80.2363433838,24675,24685,10
13.0074701309,80.2375335693,24685,24695,10
13.0072498322,80.2386016846,24695,24705,10
13.0070199966,80.2396087646,24705,24716,11
13.0069303513,80.2401123047,24716,24746,30
13.0069303513,80.2401123047,24746,24756,10
13.0069904327,80.2403182983,24756,24766,10
13.0068998337,80.2407684326,24766,24776,10
13.0067796707,80.2415313721,24776,24786,10
13.0067501068,80.2424621582,24786,24797,11
13.0066995621,80.2432785034,24797,24807,10
13.0066795349,80.2441101074,24807,24817,10
13.0066699982,80.2451934814,24817,24827,10
13.0067195892,80.2462310791,24827,24837,10
13.0067195892,80.2468719482,24837,24847,10
13.0067300797,80.2472000122,24847,24857,10
13.0065402985,80.2473831177,24857,24868,11
13.0063495636,80.2474365234,24868,24878,10
13.0060396194,80.2474594116,24878,24888,10
13.0053701401,80.2474822998,24888,24898,10
13.0045003891,80.2475280762,24898,24907,9
13.0035800934,80.2476730347,24907,24918,11
13.0023803711,80.2478485107,24918,24928,10
13.0011997223,80.2481307983,24928,24938,10
13.0,80.2484207153,24938,24949,11
12.9988498688,80.2487030029,24949,24959,10
12.9977798462,80.2489624023,24959,24969,10
12.9964103699,80.2493286133,24969,24979,10
12.99518013,80.249671936,24979,24989,10
12.9939603806,80.2499694824,24989,24999,10
12.9926996231,80.250289917,24999,25009,10
12.9916400909,80.250541687,25009,25020,11
12.9911203384,80.2506790161,25020,25030,10
12.9910497665,80.2506790161,25030,25040,10
12.9906997681,80.2507476807,25040,25050,10
12.9903097153,80.2508392334,25050,25060,10
12.9895601273,80.2510528564,25060,25070,10
12.9886598587,80.2512893677,25070,25111,41
12.9886598587,80.2512893677,25111,25121,10
12.9883403778,80.2513809204,25121,25131,10
12.9878702164,80.2515029907,25131,25141,10
12.9871702194,80.251663208,25141,25151,10
12.9864196777,80.2518615723,25151,25161,10
12.9854898453,80.2520904541,25161,25172,11
12.9842395782,80.2524337769,25172,25182,10
12.9830503464,80.2526779175,25182,25192,10
12.9820203781,80.252746582,25192,25202,10
12.9810400009,80.2527618408,25202,25212,10
12.9803199768,80.2527770996,25212,25222,10
12.9795303345,80.252746582,25222,25232,10
12.9786996841,80.2526016235,25232,25242,10
12.9782896042,80.2524185181,25242,25253,11
12.9777603149,80.2518920898,25253,25263,10
12.9769601822,80.2514038086,25263,25273,10
12.9759197235,80.2511062622,25273,25283,10
12.9747600555,80.250793457,25283,25293,10
12.973739624,80.2505264282,25293,25303,10
12.9726200104,80.2502365112,25303,25313,10
12.971449852,80.2499084473,25313,25324,11
12.9701404572,80.2495574951,25324,25334,10
12.9689302444,80.2490615845,25334,25344,10
12.9678297043,80.248626709,25344,25354,10
12.9668798447,80.2481689453,25354,25364,10
12.9661598206,80.2478485107,25364,25374,10
12.9653301239,80.2475204468,25374,25384,10
12.9650802612,80.2474212646,25384,25394,10
12.9647903442,80.2472763062,25394,25405,11
12.9640703201,80.2470321655,25405,25415,10
12.9633903503,80.2467193604,25415,25425,10
12.9624996185,80.2463226318,25425,25435,10
12.9615697861,80.245880127,25435,25445,10
12.9604797363,80.2453689575,25445,25455,10
12.9595098495,80.2449569702,25455,25465,10
12.9593000412,80.2448577881,25465,25476,11
12.9589595795,80.2446517944,25476,25486,10
12.9582595825,80.2443618774,25486,25496,10
12.9577503204,80.244178772,25496,25506,10
12.9570302963,80.2439422607,25506,25516,10
12.9565200806,80.2437210083,25516,25536,20
12.9565200806,80.2437210083,25536,25546,10
12.9562101364,80.2435836792,25546,25557,11
12.9555397034,80.243270874,25557,25567,10
12.9548397064,80.2429733276,25567,25577,10
12.9540700912,80.2426376343,25577,25587,10
12.953209877,80.2422866821,25587,25597,10
12.9524297714,80.2419967651,25597,25607,10
12.951789856,80.2417373657,25607,25617,10
12.9509601593,80.2414474487,25617,25628,11
12.950050354,80.2411804199,25628,25637,9
12.9496297836,80.2410202026,25637,25658,21
12.9496297836,80.2410202026,25658,25668,10
12.9491996765,80.2408676147,25668,25678,10
12.9486398697,80.2406387329,25678,25688,10
12.9479703903,80.2403793335,25688,25698,10
12.9473400116,80.2401504517,25698,25709,11
12.9471702576,80.2400817871,25709,25719,10
12.9468803406,80.239982605,25719,25729,10
12.9463195801,80.2397384644,25729,25739,10
12.9455699921,80.2394180298,25739,25749,10
12.9448204041,80.2387924194,25749,25759,10
12.9440002441,80.2380218506,25759,25769,10
12.9432497025,80.2372207642,25769,25780,11
12.9420795441,80.2365188599,25780,25790,10
12.9409599304,80.2362213135,25790,25800,10
12.9403295517,80.236038208,25800,25810,10
12.9401397705,80.2359695435,25810,25820,10
12.9397497177,80.2358322144,25820,25830,10
12.9393701553,80.2356491089,25830,25840,10
12.938659668,80.2353134155,25840,25850,10
12.937789917,80.2349014282,25850,25861,11
12.9368400574,80.2343978882,25861,25871,10
12.9361801147,80.2341003418,25871,25881,10
12.9359197617,80.2339782715,25881,25891,10
12.9353704453,80.233757019,25891,25901,10
12.9345703125,80.2334136963,25901,25911,10
12.9340696335,80.2331314087,25911,25921,10
12.9340200424,80.2331008911,25921,25932,11
12.9336795807,80.2329177856,25932,25942,10
12.9329996109,80.2326431274,25942,25952,10
12.9321603775,80.2323226929,25952,25962,10
12.9312801361,80.2320404053,25962,25972,10
12.9303798676,80.2317886353,25972,25982,10
12.9295501709,80.2315826416,25982,25992,10
12.9290704727,80.2314910889,25992,26002,10
12.9287700653,80.2314071655,26002,26013,11
12.9279899597,80.231300354,26013,26023,10
12.9270095825,80.2311935425,26023,26033,10
12.9262399673,80.2311019897,26033,26043,10
12.9255800247,80.2310409546,26043,26053,10
12.9247303009,80.2309265137,26053,26063,10
12.9237098694,80.2307815552,26063,26073,10
12.9224796295,80.2305908203,26073,26084,11
12.9209899902,80.2303924561,26084,26094,10
12.9195804596,80.2302017212,26094,26104,10
12.9182195663,80.2300186157,26104,26114,10
12.9170598984,80.2298583984,26114,26124,10
12.9158096313,80.2296981812,26124,26134,10
12.9145898819,80.2295379639,26134,26144,10
12.9137096405,80.2294311523,26144,26154,10
12.9133396149,80.2294006348,26154,26165,11
12.9131402969,80.2293624878,26165,26175,10
12.912560463,80.2292480469,26175,26185,10
12.9116802216,80.2291412354,26185,26195,10
12.9106302261,80.2289810181,26195,26205,10
12.9094800949,80.2287979126,26205,26215,10
12.9082202911,80.2286224365,26215,26256,41
12.9082202911,80.2286224365,26256,26266,10
12.9081401825,80.2285614014,26266,26276,10
12.9077301025,80.2285308838,26276,26306,30
12.9077301025,80.2285308838,26306,26317,11
12.9074802399,80.2285079956,26317,26327,10
12.9070501328,80.2284698486,26327,26337,10
12.9066495895,80.2284622192,26337,26347,10
12.9061899185,80.2284088135,26347,26357,10
12.9060602188,80.2283782959,26357,26367,10
12.9055595398,80.2283935547,26367,26377,10
12.9049196243,80.2282867432,26377,26388,11
12.9039697647,80.2282409668,26388,26398,10
12.903459549,80.2282104492,26398,26408,10
12.9032897949,80.2282028198,26408,26418,10
12.9027795792,80.2281570435,26418,26428,10
12.9020595551,80.2281188965,26428,26438,10
12.9013395309,80.2281036377,26438,26448,10
12.9009199142,80.2280578613,26448,26458,10
12.9006996155,80.2280426025,26458,26469,11
12.9005498886,80.2280578613,26469,26479,10
12.9003601074,80.2281112671,26479,26489,10
12.8999099731,80.2280883789,26489,26499,10
12.8994598389,80.2280807495,26499,26509,10
12.8994503021,80.2280807495,26509,26519,10
12.8992300034,80.2280197144,26519,26529,10
12.8987503052,80.2279510498,26529,26540,11
12.8978796005,80.2278518677,26540,26550,10
12.8968496323,80.2278137207,26550,26560,10
12.8956298828,80.2277526855,26560,26570,10
12.8944396973,80.2277069092,26570,26580,10
12.8934803009,80.2276077271,26580,26590,10
12.8929004669,80.2275314331,26590,26600,10
12.892539978,80.2274932861,26600,26610,10
12.8919000626,80.2274627686,26610,26621,11
12.8908996582,80.2274780273,26621,26631,10
12.889840126,80.2274780273,26631,26641,10
12.8888702393,80.2274475098,26641,26651,10
12.8878803253,80.2274017334,26651,26661,10
12.8870201111,80.2272796631,26661,26671,10
12.8860902786,80.2270431519,26671,26681,10
12.8852596283,80.226852417,26681,26692,11
12.8847999573,80.2268066406,26692,26702,10
12.8846998215,80.2268218994,26702,26712,10
12.8841104507,80.2268066406,26712,26722,10
12.8832597733,80.2267990112,26722,26732,10
12.8821697235,80.2268218994,26732,26742,10
12.8809204102,80.2268218994,26742,26752,10
12.8797397614,80.2268218994,26752,26762,10
12.8785400391,80.2268829346,26762,26773,11
12.8776302338,80.2269821167,26773,26783,10
12.8773298264,80.2270126343,26783,26793,10
12.8771095276,80.2270278931,26793,26803,10
12.8770399094,80.2270431519,26803,26813,10
12.8768396378,80.2270431519,26813,26823,10
12.8765697479,80.2270584106,26823,26833,10
12.8764400482,80.2270812988,26833,26844,11
12.8758296967,80.2270584106,26844,26854,10
12.8749599457,80.2269821167,26854,26864,10
12.8739299774,80.2268600464,26864,26874,10
12.8732204437,80.2268295288,26874,26884,10
12.8726997375,80.2267913818,26884,26894,10
12.8718996048,80.2267532349,26894,26904,10
12.870880127,80.2267074585,26904,26914,10
12.8696298599,80.2265930176,26914,26925,11
12.8685102463,80.2264709473,26925,26935,10
12.867480278,80.2265090942,26935,26945,10
12.8667201996,80.2265930176,26945,26955,10
12.8658599854,80.2266464233,26955,26965,10
12.864780426,80.2266082764,26965,26975,10
12.8636198044,80.2265625,26975,26985,10
12.8626403809,80.2265777588,26985,26996,11
12.861579895,80.2266387939,26996,27006,10
12.861000061,80.2266616821,27006,27016,10
12.860830307,80.2266387939,27016,27026,10
12.8601799011,80.2265777588,27026,27036,10
12.8594398499,80.2264862061,27036,27046,10
12.8591299057,80.2264328003,27046,27056,10
12.8582801819,80.2263412476,27056,27067,11
12.8572502136,80.2263565063,27067,27077,10
12.8561897278,80.2264709473,27077,27087,10
12.855099678,80.2265777588,27087,27097,10
12.8538599014,80.2266921997,27097,27107,10
12.8525104523,80.2267379761,27107,27117,10
12.8511800766,80.2266998291,27117,27127,10
12.8503599167,80.2266921997,27127,27137,10
12.8502998352,80.2266769409,27137,27148,11
12.8499202728,80.2266387939,27148,27158,10
12.8491201401,80.2266387939,27158,27168,10
12.8482999802,80.2266464233,27168,27178,10
12.8475198746,80.2266311646,27178,27188,10
12.8465900421,80.2266464233,27188,27198,10
12.8460302353,80.2266616821,27198,27208,10
12.8458099365,80.2266387939,27208,27219,11
12.8453197479,80.2266616821,27219,27229,10
12.8452100754,80.2266693115,27229,27239,10
12.8447303772,80.2267074585,27239,27249,10
12.8440303802,80.2267837524,27249,27259,10
12.8431396484,80.2269210815,27259,27269,10
12.8421297073,80.2270965576,27269,27279,10
12.8409099579,80.2274169922,27279,27330,51
12.8409099579,80.2274169922,27330,27340,10
12.8405303955,80.2275466919,27340,27371,31
12.8402500153,80.2276229858,27371,27452,81
12.8402500153,80.2276229858,27452,27462,10
12.8400001526,80.2276916504,27462,27472,10
12.8399400711,80.2276992798,27472,27482,10
12.8398303986,80.227722168,27482,27492,10
12.8396997452,80.2277603149,27492,27502,10
12.8391799927,80.2278900146,27502,27512,10
12.8383398056,80.2281112671,27512,27523,11
12.8371295929,80.2283477783,27523,27533,10
12.8358602524,80.2285308838,27533,27543,10
12.8346004486,80.2287216187,27543,27553,10
12.8333301544,80.2289428711,27553,27563,10
12.8323202133,80.229133606,27563,27573,10
12.8318195343,80.2292404175,27573,27583,10
12.8315401077,80.2288589478,27583,27604,21
12.8315401077,80.2288589478,27604,27614,10
12.8314399719,80.2284164429,27614,27624,10
12.8312997818,80.2276611328,27624,27634,10
12.8311004639,80.2266921997,27634,27644,10
12.831029892,80.2254867554,27644,27654,10
12.8310203552,80.2247695923,27654,27664,10
12.831029892,80.2244033813,27664,27675,11
12.8310499191,80.2235412598,27675,27685,10
12.8310403824,80.2226333618,27685,27695,10
12.831029892,80.2222518921,27695,27705,10
12.831029892,80.2218399048,27705,27715,10
12.8310499191,80.2210464478,27715,27725,10
12.8310604095,80.2201385498,27725,27735,10
12.8310499191,80.2197418213,27735,27745,10
12.830789566,80.2194900513,27745,27756,11
12.8299703598,80.2194976807,27756,27766,10
12.8289804459,80.2194976807,27766,27776,10
12.8279304504,80.2195205688,27776,27786,10
12.827580452,80.2195281982,27786,27796,10
12.8274698257,80.219543457,27796,27806,10
12.827340126,80.2195205688,27806,27816,10
12.8268003464,80.2194976807,27816,27827,11
12.8261995316,80.2195129395,27827,27837,10
12.8259801865,80.2194366455,27837,27847,10
12.8259000778,80.2192764282,27847,27857,10
12.8258800507,80.2190322876,27857,27867,10
12.8258600235,80.2183914185,27867,27877,10
12.8258600235,80.2175292969,27877,27886,9
12.8258399963,80.2166366577,27886,27897,11
12.8257198334,80.2160491943,27897,27908,11
12.8254899979,80.2160415649,27908,27918,10
12.8249397278,80.216003418,27918,27928,10
12.8246202469,80.2160568237,27928,27938,10
12.8245201111,80.2158203125,27938,27989,51
12.8245201111,80.2158203125,27989,27999,10
12.8247003555,80.2159881592,27999,28009,10
12.8249902725,80.2159805298,28009,28019,10
12.8254003525,80.2160110474,28019,30087,2068
12.8254003525,80.2160110474,30087,30097,10
12.8256196976,80.216003418,30097,30107,10
12.8257198334,80.216003418,30107,30118,11
12.825920105,80.2162094116,30118,30128,10
12.8259401321,80.2166290283,30128,30138,10
12.8259401321,80.2172698975,30138,30149,11
12.8259496689,80.2180023193,30149,30158,9
12.8259496689,80.2187271118,30158,30169,11
12.8259401321,80.2192382813,30169,30179,10
12.8260097504,80.219367981,30179,30190,11
12.8265695572,80.219367981,30190,30200,10
12.8273801804,80.2193832397,30200,30220,20
12.8273801804,80.2193832397,30220,30230,10
12.8278102875,80.219367981,30230,30240,10
12.8284797668,80.2193832397,30240,30250,10
12.8292198181,80.2193984985,30250,30260,10
12.8300895691,80.2193984985,30260,30271,11
12.8308095932,80.2193908691,30271,30281,10
12.8310604095,80.2194366455,30281,30290,9
12.831199646,80.2200317383,30290,30301,11
12.831199646,80.2210693359,30301,30311,10
12.8312101364,80.2219696045,30311,30321,10
12.8312101364,80.2221603394,30321,30331,10
12.8312101364,80.2226867676,30331,30341,10
12.8311901093,80.2236785889,30341,30352,11
12.831199646,80.2244796753,30352,30362,10
12.8312101364,80.2247619629,30362,30372,10
12.8311796188,80.225402832,30372,30382,10
12.831199646,80.2263031006,30382,30392,10
12.8313999176,80.2273483276,30392,30402,10
12.831580162,80.2282333374,30402,30412,10
12.831700325,80.2288284302,30412,30423,11
12.8317804337,80.2291030884,30423,30433,10
12.8323097229,80.2290115356,30433,30443,10
12.83314991,80.2288589478,30443,30453,10
12.8340196609,80.2287368774,30453,30463,10
12.8347797394,80.2286071777,30463,30473,10
12.8357400894,80.2284469604,30473,30483,10
12.8369197845,80.2282791138,30483,30494,11
12.838139534,80.2280502319,30494,30504,10
12.8389596939,80.2277832031,30504,30615,111
12.8389596939,80.2277832031,30615,30625,10
12.8392601013,80.2277069092,30625,30635,10
12.8392801285,80.227722168,30635,30646,11
12.8394804001,80.2277069092,30646,30676,30
12.8394804001,80.2277069092,30676,30686,10
12.8397798538,80.2275695801,30686,30696,10
12.8404397964,80.2274017334,30696,30706,10
12.8413200378,80.2271575928,30706,30716,10
12.8423995972,80.2268829346,30716,30727,11
12.8435697556,80.2266998291,30727,30737,10
12.8445196152,80.2265701294,30737,30747,10
12.8451595306,80.2265167236,30747,30757,10
12.8453302383,80.2265090942,30757,30767,10
12.8455896378,80.2265014648,30767,30777,10
12.8461503983,80.2265014648,30777,30787,10
12.8470096588,80.2265090942,30787,30797,10
12.8480796814,80.2265014648,30797,30808,11
12.8493204117,80.2265014648,30808,30818,10
12.8502502441,80.2264785767,30818,30828,10
12.8512201309,80.2265090942,30828,30838,10
12.8521795273,80.2265319824,30838,30847,9
12.8531398773,80.2265701294,30847,30858,11
12.8544502258,80.2264862061,30858,30868,10
12.8556995392,80.2263717651,30868,30879,11
12.8570604324,80.2262191772,30879,30889,10
12.8579702377,80.2261505127,30889,30899,10
12.858710289,80.2261734009,30899,30909,10
12.8596897125,80.2263336182,30909,30919,10
12.8607196808,80.2264862061,30919,30929,10
12.8618898392,80.2264709473,30929,30939,10
12.8631696701,80.2264099121,30939,30950,11
12.8646602631,80.2264862061,30950,30960,10
12.8660697937,80.2264862061,30960,30970,10
12.867389679,80.2264022827,30970,30980,10
12.8687896729,80.22631073,30980,30990,10
12.8702201843,80.2264709473,30990,31000,10
12.8716096878,80.2265930176,31000,31010,10
12.8725004196,80.2265930176,31010,31020,10
12.8734302521,80.2266464233,31020,31031,11
12.8747196198,80.2267913818,31031,31041,10
12.8758897781,80.2268829346,31041,31051,10
12.8768196106,80.2268295288,31051,31071,20
12.8768196106,80.2268295288,31071,31081,10
12.8772497177,80.2267990112,31081,31091,10
12.8780202866,80.2267608643,31091,31102,11
12.8790998459,80.2266693115,31102,31112,10
12.8801403046,80.2266311646,31112,31122,10
12.8813295364,80.2266387939,31122,31132,10
12.882610321,80.2266616821,31132,31142,10
12.8837099075,80.2266387939,31142,31152,10
12.88463974,80.2265777588,31152,31162,10
12.8850002289,80.2265701294,31162,31172,10
12.885020256,80.2265777588,31172,31183,11
12.8850698471,80.2265777588,31183,31193,10
12.8854904175,80.2266616821,31193,31203,10
12.8862304688,80.226852417,31203,31213,10
12.8871603012,80.2270584106,31213,31223,10
12.8881797791,80.2272186279,31223,31233,10
12.8892202377,80.2272491455,31233,31243,10
12.8904495239,80.2272567749,31243,31254,11
12.8916501999,80.2272491455,31254,31264,10
12.8922796249,80.2272720337,31264,31274,10
12.8927698135,80.2273330688,31274,31284,10
12.8934001923,80.227432251,31284,31294,10
12.8942203522,80.2275238037,31294,31304,10
12.8951597214,80.2275466919,31304,31314,10
12.8962602615,80.2276000977,31314,31324,10
12.8971595764,80.2276229858,31324,31335,11
12.898059845,80.2276611328,31335,31345,10
12.8988599777,80.2276992798,31345,31355,10
12.8994503021,80.2277374268,31355,31365,10
12.8998298645,80.2277297974,31365,31446,81
12.8998298645,80.2277297974,31446,31455,9
12.9002599716,80.2277526855,31455,31466,11
12.9005002975,80.2277832031,31466,31476,10
12.9007101059,80.2277984619,31476,31487,11
12.9009103775,80.2278366089,31487,31497,10
12.9011802673,80.2278900146,31497,31507,10
12.9015302658,80.2278518677,31507,31517,10
12.9021701813,80.2278900146,31517,31527,10
12.9027996063,80.227897644,31527,31537,10
12.9029102325,80.227897644,31537,31547,10
12.9029998779,80.2279129028,31547,31558,11
12.9033203125,80.2279510498,31558,31568,10
12.9038801193,80.2280197144,31568,31578,10
12.9042901993,80.2280426025,31578,31588,10
12.904299736,80.2280426025,31588,31598,10
12.9045000076,80.2280273438,31598,31608,10
12.9046497345,80.2280273438,31608,31618,10
12.905090332,80.2280578613,31618,31628,10
12.9056596756,80.2280502319,31628,31639,11
12.9058904648,80.2280807495,31639,31649,10
12.9062700272,80.2281188965,31649,31659,10
12.9067897797,80.2281723022,31659,31669,10
12.9073400497,80.2282714844,31669,31679,10
12.9081401825,80.2283706665,31679,31689,10
12.9090299606,80.2285079956,31689,31699,10
12.9098596573,80.2286529541,31699,31710,11
12.9108600616,80.2287979126,31710,31720,10
12.9116601944,80.2289428711,31720,31730,10
12.9125404358,80.2290496826,31730,31740,10
12.9134197235,80.2291793823,31740,31750,10
12.9139795303,80.2292327881,31750,31770,20
12.9139795303,80.2292327881,31770,31780,10
12.9142999649,80.2292785645,31780,31791,11
12.9149303436,80.2293014526,31791,31801,10
12.9157600403,80.2294616699,31801,31811,10
12.9167404175,80.229598999,31811,31821,10
12.917889595,80.2297821045,31821,31831,10
12.9188699722,80.2298965454,31831,31841,10
12.9198503494,80.2300415039,31841,31851,10
12.9209699631,80.2302017212,31851,31861,10
12.9222002029,80.2303619385,31861,31872,11
12.9236097336,80.2305679321,31872,31882,10
12.9248504639,80.2307128906,31882,31892,10
12.925909996,80.2308425903,31892,31902,10
12.9263601303,80.2308807373,31902,31912,10
12.9263896942,80.2308883667,31912,31922,10
12.9268198013,80.2309494019,31922,31932,10
12.927479744,80.2310333252,31932,31943,11
12.9284601212,80.2311630249,31943,31953,10
12.9293498993,80.2313079834,31953,31963,10
12.9303598404,80.2315597534,31963,31973,10
12.9313297272,80.2318496704,31973,31983,10
12.9322595596,80.2321472168,31983,31993,10
12.9331302643,80.2324295044,31993,32003,10
12.9335098267,80.2325973511,32003,32014,11
12.9335298538,80.2326202393,32014,32024,10
12.9335403442,80.2326583862,32024,32034,10
12.933839798,80.2328262329,32034,32044,10
12.9344301224,80.2331085205,32044,32054,10
12.9351701736,80.2334213257,32054,32064,10
12.9358901978,80.2337417603,32064,32074,10
12.9366598129,80.2341308594,32074,32084,10
12.9375,80.2345199585,32084,32095,11
12.9384498596,80.2349700928,32095,32105,10
12.9392595291,80.2353515625,32105,32115,10
12.9395704269,80.2355270386,32115,32135,20
12.9395704269,80.2355270386,32135,32145,10
12.9398803711,80.2357025146,32145,32155,10
12.9405202866,80.2359237671,32155,32165,10
12.9413795471,80.2361068726,32165,32176,11
12.9424295425,80.2363891602,32176,32186,10
12.9433002472,80.2369232178,32186,32196,10
12.9439601898,80.2376022339,32196,32205,9
12.9443397522,80.2379684448,32205,32216,11
12.9446401596,80.2382965088,32216,32226,10
12.9450597763,80.2387771606,32226,32236,10
12.9457597733,80.2393035889,32236,32247,11
12.9471197128,80.2398376465,32247,32267,20
12.9471197128,80.2398376465,32267,32277,10
12.9472703934,80.2399215698,32277,32287,10
12.9476099014,80.2400588989,32287,32297,10
12.9476499557,80.2400817871,32297,32307,10
12.9477796555,80.2401580811,32307,32317,10
12.9482402802,80.2403411865,32317,32328,11
12.9488601685,80.2405700684,32328,32338,10
12.9494400024,80.2408218384,32338,32347,9
12.9500598907,80.2409973145,32347,32358,11
12.9506998062,80.2412033081,32358,32368,10
12.9509401321,80.2412490845,32368,32378,10
12.9509801865,80.2412872314,32378,32388,10
12.9512395859,80.2413864136,32388,32399,11
12.9514598846,80.2414703369,32399,32409,10
12.9517803192,80.241569519,32409,32419,10
12.9522800446,80.2417602539,32419,32429,10
12.9529695511,80.2420196533,32429,32439,10
12.9534797668,80.2422103882,32439,32448,9
12.9536504745,80.2422485352,32448,32459,11
12.953789711,80.2423019409,32459,32469,10
12.9541501999,80.2424621582,32469,32480,11
12.9547901154,80.242729187,32480,32490,10
12.9552402496,80.2429122925,32490,32500,10
12.9556398392,80.2430801392,32500,32510,10
12.9559602737,80.2432098389,32510,32561,51
12.9563302994,80.243347168,32561,32581,20
12.9563302994,80.243347168,32581,32591,10
12.9565401077,80.2434616089,32591,32601,10
12.9570798874,80.2437133789,32601,32611,10
12.9578399658,80.2440032959,32611,32621,10
12.9587602615,80.2443618774,32621,32642,21
12.9587602615,80.2443618774,32642,32652,10
12.9589595795,80.2443618774,32652,32662,10
12.9593801498,80.2445602417,32662,32672,10
12.9599599838,80.2448730469,32672,32682,10
12.9607496262,80.245262146,32682,32692,10
12.9616203308,80.2456817627,32692,32703,11
12.962439537,80.2461166382,32703,32713,10
12.9628400803,80.2463226318,32713,32723,10
12.9631795883,80.2464981079,32723,32733,10
12.9635801315,80.246673584,32733,32743,10
12.9641704559,80.2469100952,32743,32753,10
12.9649400711,80.2471923828,32753,32763,10
12.9656896591,80.2474594116,32763,32773,10
12.9663200378,80.2476806641,32773,32794,21
12.9663200378,80.2476806641,32794,32804,10
12.9664497375,80.247718811,32804,32814,10
12.9668102264,80.2478713989,32814,32824,10
12.9673404694,80.2481002808,32824,32834,10
12.9681100845,80.2484436035,32834,32844,10
12.9687995911,80.2486495972,32844,32855,11
12.9695997238,80.2489471436,32855,32865,10
12.9703502655,80.2492599487,32865,32875,10
12.9713001251,80.2495803833,32875,32885,10
12.972240448,80.2498779297,32885,32895,10
12.9730701447,80.2501373291,32895,32905,10
12.9737901688,80.2503662109,32905,32915,10
12.9745397568,80.2506027222,32915,32925,10
12.9754695892,80.2508621216,32925,32936,11
12.9766798019,80.2511978149,32936,32946,10
12.9777097702,80.251663208,32946,32956,10
12.9787397385,80.2523803711,32956,32976,20
12.9787397385,80.2523803711,32976,32986,10
12.978770256,80.2523880005,32986,32996,10
12.9790201187,80.2524795532,32996,33007,11
12.9795198441,80.2525634766,33007,33047,40
12.9795198441,80.2525634766,33047,33057,10
12.9797401428,80.2526016235,33057,33067,10
12.980219841,80.2526016235,33067,33077,10
12.9806995392,80.2526016235,33077,33088,11
12.9814996719,80.2525634766,33088,33098,10
12.9823303223,80.2525405884,33098,33108,10
12.9832897186,80.252456665,33108,33118,10
12.9838399887,80.2522964478,33118,33290,172
12.9838399887,80.2522964478,33290,33300,10
12.984120369,80.2522506714,33300,33311,11
12.9846200943,80.2521209717,33311,33321,10
12.9851903915,80.2519683838,33321,33331,10
12.9857797623,80.2518386841,33331,33341,10
12.9860801697,80.251739502,33341,33351,10
12.9863395691,80.251663208,33351,33361,10
12.9866199493,80.2516021729,33361,33371,10
12.9868402481,80.2515411377,33371,33381,10
12.9871902466,80.2514266968,33381,33392,11
12.9876298904,80.2512969971,33392,33402,10
12.9881696701,80.2511825562,33402,33412,10
12.9890003204,80.2509765625,33412,33422,10
12.9897003174,80.2507781982,33422,33452,30
12.9897003174,80.2507781982,33452,33463,11
12.9900903702,80.2506866455,33463,33473,10
12.9906797409,80.2505493164,33473,33483,10
12.9914798737,80.2503509521,33483,33493,10
12.9923696518,80.2501220703,33493,33503,10
12.9933996201,80.2498779297,33503,33513,10
12.9945402145,80.2496185303,33513,33523,10
12.995759964,80.2492980957,33523,33533,10
12.9966802597,80.2490081787,33533,33544,11
12.9967803955,80.2489776611,33544,33554,10
12.9969997406,80.2489471436,33554,33564,10
12.9975404739,80.2488098145,33564,33574,10
12.9982995987,80.2486190796,33574,33584,10
12.9991903305,80.2484130859,33584,33594,10
13.0002202988,80.2481765747,33594,33604,10
13.0013799667,80.2479019165,33604,33615,11
13.0024595261,80.2476119995,33615,33625,10
13.003569603,80.2474212646,33625,33635,10
13.0047397614,80.2472610474,33635,33645,10
13.0056400299,80.2470703125,33645,33655,10
13.0063199997,80.246711731,33655,33665,10
13.0064897537,80.2463607788,33665,33675,10
13.0065002441,80.2463607788,33675,33685,10
13.0065402985,80.2462463379,33685,33696,11
13.0065698624,80.2458190918,33696,33706,10
13.0065803528,80.2456665039,33706,33716,10
13.0065803528,80.2454605103,33716,33726,10
13.0065698624,80.2452011108,33726,33736,10
13.0065603256,80.2449798584,33736,33746,10
13.006529808,80.244758606,33746,33756,10
13.0065002441,80.2445678711,33756,33767,11
13.0065097809,80.2442703247,33767,33777,10
13.0065402985,80.2440032959,33777,33787,10
13.0065002441,80.2436676025,33787,33797,10
13.0065202713,80.2431411743,33797,33807,10
13.0065202713,80.2424468994,33807,33817,10
13.0065202713,80.2415008545,33817,33838,21
13.0065202713,80.2415008545,33838,33848,10
13.0065698624,80.2412185669,33848,33858,10
13.0066204071,80.2408218384,33858,33908,50
13.0066204071,80.2408218384,33908,33919,11
13.0067195892,80.2403793335,33919,33929,10
13.0067796707,80.2398376465,33929,33939,10
13.0069599152,80.2389984131,33939,33949,10
13.0071201324,80.2381820679,33949,33959,10
13.0073204041,80.2373886108,33959,33969,10
13.007399559,80.2366867065,33969,33979,10
13.0074100494,80.2366333008,33979,33989,10
13.0075101852,80.2364578247,33989,34000,11
13.0076198578,80.2359390259,34000,34010,10
13.0077495575,80.2352218628,34010,34020,10
13.0078897476,80.2343902588,34020,34030,10
13.0080795288,80.2333374023,34030,34040,10
13.0082902908,80.2321395874,34040,34050,10
13.0084896088,80.2310409546,34050,34060,10
13.0087203979,80.2299423218,34060,34071,11
13.0089502335,80.2287826538,34071,34081,10
13.0093202591,80.227722168,34081,34091,10
13.0098304749,80.2266235352,34091,34101,10
13.0102396011,80.2257995605,34101,34111,10
13.0106201172,80.2249832153,34111,34121,10
13.0107898712,80.2244033813,34121,34141,20
13.0107898712,80.2244033813,34141,34152,11
13.0109500885,80.2242507935,34152,34162,10
13.011059761,80.2238998413,34162,34172,10
13.0112600327,80.2234420776,34172,34182,10
13.0115203857,80.2228164673,34182,34192,10
13.0115804672,80.2222824097,34192,34202,10
13.0117797852,80.2216415405,34202,34212,10
13.0120201111,80.2214431763,34212,34223,11
13.0122499466,80.2214813232,34223,34233,10
13.0125102997,80.2218933105,34233,34243,10
13.0125598907,80.2222518921,34243,34253,10
13.012840271,80.2225799561,34253,34263,10
13.0134000778,80.2229614258,34263,34273,10
13.0138397217,80.2232818604,34273,34283,10
13.0141801834,80.2235031128,34283,34293,10
13.0143604279,80.2236709595,34293,34303,10
13.0146102905,80.2239227295,34303,34314,11
13.0152196884,80.2247619629,34314,34334,20
13.0152196884,80.2247619629,34334,34344,10
13.015370369,80.2249679565,34344,34354,10
13.0157604218,80.2252197266,34354,34364,10
13.0164699554,80.2253036499,34364,34375,11
13.0172700882,80.2250289917,34375,34385,10
13.0180301666,80.2247161865,34385,34395,10
13.018819809,80.2243881226,34395,34405,10
13.019490242,80.2243270874,34405,34425,20
13.019490242,80.2243270874,34425,34435,10
13.0196399689,80.2244033813,34435,34466,31
13.0196399689,80.2244033813,34466,34476,10
13.0198097229,80.2245788574,34476,34486,10
13.0200996399,80.2247924805,34486,34496,10
13.0204401016,80.2249908447,34496,34506,10
13.0207996368,80.2252502441,34506,34516,10
13.021109581,80.2255020142,34516,34537,21
13.0213403702,80.2258071899,34537,34557,20
13.0213403702,80.2258071899,34557,34567,10
13.0215997696,80.2258834839,34567,34577,10
13.0217199326,80.2259521484,34577,34587,10
13.0218601227,80.226020813,34587,34597,10
13.0221004486,80.2261962891,34597,34608,11
13.0222902298,80.2263565063,34608,34618,10
13.0224304199,80.2265090942,34618,34658,40
13.0224304199,80.2265090942,34658,34668,10
13.0226602554,80.2266998291,34668,34679,11
13.0227403641,80.2268295288,34679,34689,10
13.0228700638,80.2269821167,34689,34699,10
13.0229597092,80.2270889282,34699,34709,10
13.0231895447,80.2273330688,34709,34749,40
13.0231895447,80.2273330688,34749,34760,11
13.0235795975,80.2275772095,34760,34770,10
13.0237598419,80.227722168,34770,34780,10
13.0240898132,80.2280731201,34780,34800,20
13.0240898132,80.2280731201,34800,34810,10
13.0242300034,80.2282485962,34810,34820,10
13.0244197845,80.228477478,34820,34831,11
13.0241699219,80.2284622192,34831,34841,10
13.023900032,80.2280731201,34841,34851,10
13.0234098434,80.2276000977,34851,34861,10
13.0232400894,80.2274169922,34861,34952,91
13.0232400894,80.2274169922,34952,34962,10
13.0231704712,80.2272720337,34962,34972,10
13.0228204727,80.2269821167,34972,34983,11
13.022190094,80.2264709473,34983,34993,10
13.0214796066,80.2259597778,34993,35003,10
13.0210695267,80.2256393433,35003,35013,10
13.0206298828,80.2253265381,35013,35023,10
13.0200500488,80.2249221802,35023,35033,10
13.0192899704,80.2245635986,35033,35043,10
13.018699646,80.2246398926,35043,35054,11
13.0180397034,80.2249069214,35054,35064,10
13.0171699524,80.2252426147,35064,35074,10
13.0167798996,80.2254180908,35074,35084,10
13.0166397095,80.2254867554,35084,35094,10
13.0164699554,80.2255172729,35094,35104,10
13.0161399841,80.2256317139,35104,35114,10
13.0155601501,80.2257995605,35114,35124,10
13.014960289,80.22605896,35124,35135,11
13.0142803192,80.2263565063,35135,35155,20
13.0142803192,80.2263565063,35155,35165,10
13.0140399933,80.2264175415,35165,35175,10
13.0134801865,80.226600647,35175,35185,10
13.0127401352,80.2268600464,35185,35195,10
13.0119304657,80.2272415161,35195,35205,10
13.0111999512,80.2275238037,35205,35216,11
13.0100402832,80.2279968262,35216,35226,10
13.0093202591,80.2284011841,35226,35236,10
13.0091295242,80.2291030884,35236,35246,10
13.0089502335,80.2299118042,35246,35256,10
13.0087995529,80.23072052,35256,35266,10
13.0086402893,80.2314529419,35266,35276,10
13.0084495544,80.2322387695,35276,35287,11
13.0083599091,80.2328109741,35287,35297,10
13.0083198547,80.2331314087,35297,35306,9
13.0083198547,80.2334289551,35306,35368,62
13.0083198547,80.2334289551,35368,35378,10
13.0082197189,80.233833313,35378,35388,10
13.0081195831,80.23412323,35388,35398,10
13.008020401,80.234588623,35398,35408,10
13.0079402924,80.2350769043,35408,35418,10
13.0078802109,80.2354125977,35418,35428,10
13.0078401566,80.2356872559,35428,35439,11
13.0077800751,80.2360305786,35439,35449,10
13.0077199936,80.2363128662,35449,35459,10
13.0076303482,80.2366867065,35459,35479,20
13.0076303482,80.2366867065,35479,35489,10
13.0075597763,80.2369613647,35489,35499,10
13.0074796677,80.2373199463,35499,35509,10
13.0074195862,80.2376403809,35509,35520,11
13.007349968,80.2379989624,35520,35530,10
13.0072698593,80.2384033203,35530,35540,10
13.0072202682,80.2386016846,35540,35550,10
13.0072002411,80.2388000488,35550,35560,10
13.0071201324,80.2391662598,35560,35570,10
13.0070104599,80.239692688,35570,35580,10
13.0067996979,80.2406997681,35580,35601,21
13.0067996979,80.2406997681,35601,35611,10
13.0067396164,80.2410507202,35611,35621,10
13.0066900253,80.2417068481,35621,35631,10
13.0066995621,80.2425003052,35631,35641,10
13.0066995621,80.2429733276,35641,35661,20
13.0066995621,80.2429733276,35661,35672,11
13.0067195892,80.2434234619,35672,35682,10
13.0066900253,80.2436904907,35682,35692,10
13.0066699982,80.2441635132,35692,35702,10
13.0066795349,80.244758606,35702,35712,10
13.0066795349,80.2453079224,35712,35722,10
13.0067195892,80.2459106445,35722,35732,10
13.0067396164,80.2460784912,35732,35743,11
13.0067596436,80.2463226318,35743,35753,10
13.0067796707,80.2464828491,35753,35763,10
13.006770134,80.2467193604,35763,35773,10
13.0067796707,80.2471008301,35773,35783,10
13.0064001083,80.2473983765,35783,35793,10
13.0060100555,80.2474136353,35793,35813,20
13.0060100555,80.2474136353,35813,35824,11
13.005900383,80.2474594116,35824,35834,10
13.0054798126,80.2474136353,35834,35844,10
13.0047998428,80.2474365234,35844,35854,10
13.0039300919,80.247543335,35854,35864,10
13.0029697418,80.2477035522,35864,35874,10
13.0023498535,80.247833252,35874,35884,10
13.0016698837,80.2479934692,35884,35895,11
13.0008096695,80.2481765747,35895,35905,10
12.9999103546,80.2484130859,35905,35915,10
12.9988698959,80.2486572266,35915,35925,10
12.9981002808,80.248878479,35925,35945,20
12.9981002808,80.248878479,35945,35955,10
12.9977703094,80.2489624023,35955,35966,11
12.997209549,80.2490768433,35966,35976,10
12.9963703156,80.2493362427,35976,35986,10
12.9954395294,80.2495422363,35986,35996,10
12.9944000244,80.2498016357,35996,36006,10
12.9932498932,80.2500915527,36006,36016,10
12.9920196533,80.2503814697,36016,36026,10
12.9912099838,80.2506637573,36026,36036,10
12.9911603928,80.2506866455,36036,36047,11
12.9910297394,80.2506866455,36047,36057,10
12.9907903671,80.2507171631,36057,36077,20
12.9907903671,80.2507171631,36077,36087,10
12.9907197952,80.2507629395,36087,36188,101
12.9907197952,80.2507629395,36188,36199,11
12.9905595779,80.250793457,36199,36209,10
12.9900197983,80.2509002686,36209,36219,10
12.9895296097,80.2509918213,36219,36229,10
12.9890804291,80.251159668,36229,36239,10
12.9886398315,80.2512435913,36239,36249,10
12.9881896973,80.251373291,36249,36259,10
12.9878702164,80.2514801025,36259,36270,11
12.9876499176,80.2515335083,36270,36280,10
12.987159729,80.2516479492,36280,36290,10
12.9866695404,80.2517776489,36290,36300,10
12.9861402512,80.2518997192,36300,36310,10
12.985329628,80.2520980835,36310,36320,10
12.9843597412,80.2523727417,36320,36330,10
12.9832496643,80.2526397705,36330,36340,10
12.9821195602,80.2527236938,36340,36351,11
12.9811201096,80.2527389526,36351,36411,60
12.9811201096,80.2527389526,36411,36422,11
12.9807500839,80.2527770996,36422,36432,10
12.9806404114,80.2527770996,36432,36442,10
12.9804496765,80.2527999878,36442,36452,10
12.9803800583,80.252822876,36452,36462,10
12.9801797867,80.252822876,36462,36472,10
12.9798297882,80.252822876,36472,36482,10
12.9792404175,80.2527313232,36482,36492,10
12.9786500931,80.2526092529,36492,36503,11
12.9785804749,80.2525787354,36503,36513,10
12.9781999588,80.2523117065,36513,36523,10
12.9775800705,80.2517700195,36523,36533,10
12.9766998291,80.2513580322,36533,36543,10
12.9756002426,80.2510681152,36543,36553,10
12.9744195938,80.2507400513,36553,36563,10
12.9731998444,80.2504425049,36563,36573,10
12.9719600677,80.2500991821,36573,36584,11
12.9705600739,80.249710083,36584,36594,10
12.9693002701,80.2492218018,36594,36604,10
12.9680700302,80.2487792969,36604,36614,10
12.9671201706,80.248298645,36614,36624,10
12.9665298462,80.2480392456,36624,36634,10
12.9660902023,80.2478179932,36634,36644,10
12.9654598236,80.2475509644,36644,36655,11
12.9650802612,80.2474212646,36655,36665,10
12.9650497437,80.2473831177,36665,36675,10
12.964679718,80.247253418,36675,36685,10
12.9638299942,80.2469406128,36685,36726,41
12.9638299942,80.2469406128,36726,36736,10
12.9635601044,80.2468185425,36736,36746,10
12.9629802704,80.2465286255,36746,36756,10
12.9621696472,80.2461624146,36756,36766,10
12.9612197876,80.2457122803,36766,36776,10
12.9602603912,80.245262146,36776,36786,10
12.959569931,80.2449493408,36786,36796,10
12.959400177,80.2448730469,36796,36807,11
12.9589996338,80.2446899414,36807,36817,10
12.9583101273,80.244392395,36817,36827,10
12.9578199387,80.2441864014,36827,36837,10
12.9574203491,80.2440414429,36837,36847,10
12.9572896957,80.2440032959,36847,36908,61
12.9572896957,80.2440032959,36908,36918,10
12.9569196701,80.2439117432,36918,36928,10
12.9566802979,80.2438583374,36928,36969,41
12.9566802979,80.2438583374,36969,36979,10
12.9563302994,80.2437362671,36979,36989,10
12.9559698105,80.2435302734,36989,36999,10
12.9553804398,80.2431793213,36999,37009,10
12.954580307,80.2428283691,37009,37019,10
12.9537000656,80.24243927,37019,37029,10
12.9527196884,80.2420425415,37029,37040,11
12.9518098831,80.2417526245,37040,37049,9
12.9516296387,80.2417068481,37049,37060,11
12.9513702393,80.2416000366,37060,37070,10
12.9507598877,80.2413864136,37070,37080,10
12.9499397278,80.2411804199,37080,37090,10
12.9494400024,80.2410125732,37090,37100,10
12.9493999481,80.2409973145,37100,37111,11
12.9492301941,80.2409133911,37111,37121,10
12.9487600327,80.2406997681,37121,37131,10
12.9479799271,80.2403869629,37131,37141,10
12.9473495483,80.2401428223,37141,37151,10
12.9472703934,80.2401275635,37151,37161,10
12.9469203949,80.239982605,37161,37171,10
12.9462995529,80.2397003174,37171,37182,11
12.9455299377,80.2393722534,37182,37192,10
12.9446802139,80.2386398315,37192,37202,10
12.9439001083,80.2377090454,37202,37212,10
12.9430799484,80.236869812,37212,37222,10
12.9419202805,80.2364120483,37222,37232,10
12.9406604767,80.236076355,37232,37242,10
12.9398202896,80.2357788086,37242,37252,10
12.9395799637,80.235710144,37252,37263,11
12.9392700195,80.2355880737,37263,37273,10
12.9386796951,80.2352981567,37273,37283,10
12.9378700256,80.2349395752,37283,37293,10
12.9369602203,80.2345428467,37293,37303,10
12.9362602234,80.2341995239,37303,37313,10
12.9360103607,80.2340774536,37313,37323,10
12.935790062,80.2339630127,37323,37334,11
12.9351396561,80.2337112427,37334,37344,10
12.9343795776,80.2333526611,37344,37354,10
12.9341201782,80.2332000732,37354,37364,10
12.9341001511,80.2331771851,37364,37374,10
12.9338598251,80.233039856,37374,37384,10
12.9335203171,80.2328491211,37384,37394,10
12.9329004288,80.2326126099,37394,37404,10
12.9320602417,80.2323226929,37404,37415,11
12.930970192,80.2319564819,37415,37425,10
12.9298601151,80.2316665649,37425,37445,20
12.9298601151,80.2316665649,37445,37455,10
12.9295301437,80.2315673828,37455,37465,10
12.9292201996,80.2314987183,37465,37475,10
12.9287900925,80.2314071655,37475,37485,10
12.9280700684,80.2312774658,37485,37496,11
12.9270401001,80.2311782837,37496,37506,10
12.9263000488,80.2310791016,37506,37516,10
12.9261302948,80.2310714722,37516,37526,10
12.9257698059,80.2310562134,37526,37536,10
12.925160408,80.23097229,37536,37546,10
12.924369812,80.2308807373,37546,37556,10
12.9234600067,80.2307434082,37556,37567,11
12.9222202301,80.2305297852,37567,37577,10
12.9209499359,80.2303466797,37577,37587,10
12.9198904037,80.2302322388,37587,37597,10
12.9188499451,80.2300872803,37597,37607,10
12.9177799225,80.2299728394,37607,37617,10
12.9172697067,80.2299118042,37617,37627,10
12.9167900085,80.2298583984,37627,37637,10
12.9159698486,80.2297363281,37637,37648,11
12.9149799347,80.2295837402,37648,37658,10
12.9140100479,80.2294387817,37658,37668,10
12.9132995605,80.2293624878,37668,37678,10
12.9132404327,80.2293624878,37678,37688,10
12.913020134,80.2293395996,37688,37698,10
12.9124403,80.2292175293,37698,37708,10
12.9116201401,80.2291107178,37708,37719,11
12.9105501175,80.2289276123,37719,37729,10
12.9094400406,80.2287597656,37729,37739,10
12.908539772,80.2286376953,37739,37840,101
12.908539772,80.2286376953,37840,37850,10
12.9084300995,80.2286529541,37850,37860,10
12.908200264,80.2286071777,37860,37871,11
12.9076099396,80.2285308838,37871,37881,10
12.9072399139,80.2284927368,37881,37891,10
12.9069004059,80.2284622192,37891,37901,10
12.90666008,80.2284011841,37901,37911,10
12.9064302444,80.2283325195,37911,37921,10
12.9061603546,80.2283096313,37921,37931,10
12.9057397842,80.2282562256,37931,37942,11
12.9050302505,80.2282485962,37942,37952,10
12.9043197632,80.2282180786,37952,37962,10
12.903670311,80.2281799316,37962,37972,10
12.9030399323,80.2281417847,37972,37982,10
12.9025602341,80.2281112671,37982,37992,10
12.9023103714,80.2281036377,37992,38002,10
12.9019403458,80.2280807495,38002,38012,10
12.9016799927,80.2280578613,38012,38023,11
12.9012098312,80.2280197144,38023,38033,10
12.9008598328,80.2279815674,38033,38043,10
12.9007501602,80.2279663086,38043,38053,10
12.9006299973,80.2279586792,38053,38063,10
12.9004602432,80.2279815674,38063,38073,10
12.9002199173,80.2279968262,38073,38083,10
12.8998498917,80.2279663086,38083,38093,10
12.8996295929,80.2279586792,38093,38104,11
12.8993597031,80.2279586792,38104,38114,10
12.8989295959,80.2279129028,38114,38124,10
12.8988895416,80.227897644,38124,38134,10
12.8985300064,80.2278518677,38134,38144,10
12.8978500366,80.2277984619,38144,38154,10
12.8969802856,80.2277374268,38154,38164,10
12.8959598541,80.2276916504,38164,38175,11
12.8949403763,80.2276229858,38175,38185,10
12.8938798904,80.2275619507,38185,38195,10
12.8933095932,80.2275314331,38195,38205,10
12.8932800293,80.2275390625,38205,38215,10
12.8931303024,80.2275238037,38215,38225,10
12.8930797577,80.2275238037,38225,38235,10
12.8929004669,80.2275085449,38235,38245,10
12.8925695419,80.2274703979,38245,38256,11
12.8919000626,80.2274093628,38256,38266,10
12.8910503387,80.2274169922,38266,38276,10
12.890130043,80.2274017334,38276,38286,10
12.8890695572,80.2273864746,38286,38296,10
12.8878898621,80.2273406982,38296,38306,10
12.8866195679,80.2271194458,38306,38316,10
12.8854398727,80.2268066406,38316,38327,11
12.8842000961,80.2267379761,38327,38337,10
12.8829202652,80.2267227173,38337,38347,10
12.8815803528,80.2267379761,38347,38357,10
12.8803796768,80.2267532349,38357,38367,10
12.8791103363,80.2267913818,38367,38377,10
12.8779497147,80.2268676758,38377,38387,10
12.8770599365,80.2269592285,38387,38397,10
12.8765201569,80.2270202637,38397,38408,11
12.8762702942,80.2270202637,38408,38418,10
12.8760004044,80.2270202637,38418,38428,10
12.8753900528,80.2269897461,38428,38438,10
12.8745002747,80.2268829346,38438,38448,10
12.8734397888,80.2267684937,38448,38458,10
12.8726596832,80.2267608643,38458,38469,11
12.8725004196,80.2267532349,38469,38479,10
12.8719997406,80.2267379761,38479,38489,10
12.8712100983,80.2266998291,38489,38499,10
12.8702497482,80.2266311646,38499,38509,10
12.8691101074,80.2265090942,38509,38519,10
12.8678302765,80.2264633179,38519,38529,10
12.8666496277,80.2265777588,38529,38539,10
12.8652000427,80.2266387939,38539,38550,11
12.8637104034,80.2265777588,38550,38560,10
12.8623304367,80.2265930176,38560,38570,10
12.8613700867,80.2266387939,38570,38580,10
12.8603200912,80.2265396118,38580,38590,10
12.8591899872,80.2263870239,38590,38600,10
12.8581600189,80.2262878418,38600,38610,10
12.8569803238,80.2263717651,38610,38620,10
12.8556995392,80.2265167236,38620,38631,11
12.8542404175,80.2266693115,38631,38641,10
12.8528995514,80.2267684937,38641,38651,10
12.8515796661,80.2266998291,38651,38661,10
12.8504800797,80.2266235352,38661,38671,10
12.8499898911,80.2266387939,38671,38681,10
12.8497400284,80.2266235352,38681,38691,10
12.8491096497,80.2266235352,38691,38701,10
12.8482303619,80.2266082764,38701,38712,11
12.8470201492,80.2266311646,38712,38722,10
12.8462400436,80.2266464233,38722,38732,10
12.8459100723,80.2266387939,38732,38742,10
12.8456201553,80.2266464233,38742,38752,10
12.8454999924,80.2266387939,38752,38762,10
12.8449497223,80.2266616821,38762,38773,11
12.8440599442,80.2267379761,38773,38783,10
12.8431301117,80.226852417,38783,38793,10
12.8422603607,80.2270507813,38793,38803,10
12.8416795731,80.2272415161,38803,38833,30
12.8415403366,80.2272720337,38833,38864,31
12.8415403366,80.2272720337,38864,38874,10
12.8412399292,80.2273635864,38874,38894,20
12.8412399292,80.2273635864,38894,38904,10
12.8410196304,80.2274398804,38904,38935,31
12.8410196304,80.2274398804,38935,38945,10
12.840880394,80.2274627686,38945,38955,10
12.8407001495,80.2275009155,38955,38965,10
12.8404798508,80.2275466919,38965,38975,10
12.8404302597,80.2275619507,38975,38985,10
12.8403100967,80.2276229858,38985,38995,10
12.8401699066,80.2276687622,38995,39006,11
12.8399400711,80.2277603149,39006,39046,40
12.8399400711,80.2277603149,39046,39056,10
12.8397302628,80.2278289795,39056,39066,10
12.8394098282,80.2279129028,39066,39076,10
12.8390398026,80.2279968262,39076,39087,11
12.8385896683,80.2280502319,39087,39097,10
12.8379001617,80.2282180786,39097,39107,10
12.8369998932,80.2283706665,39107,39117,10
12.8359003067,80.2285232544,39117,39127,10
12.8346395493,80.2287368774,39127,39137,10
12.8334302902,80.2289581299,39137,39147,10
12.8328304291,80.2290725708,39147,39168,21
12.8328304291,80.2290725708,39168,39178,10
12.8326101303,80.2291107178,39178,39188,10
12.8320999146,80.2292175293,39188,39198,10
12.8312797546,80.2294235229,39198,39208,10
12.8302497864,80.2297592163,39208,39218,10
12.8290700912,80.2302093506,39218,39229,11
12.8278198242,80.2308807373,39229,39239,10
12.8267803192,80.2313079834,39239,39249,10
12.8257198334,80.2313995361,39249,39259,10
12.8244895935,80.2313537598,39259,39269,10
12.8234901428,80.2310791016,39269,39279,10
12.8225803375,80.230796814,39279,39289,10
12.8214597702,80.2305297852,39289,39299,10
12.8201999664,80.2305221558,39299,39309,10
12.819029808,80.2304992676,39309,39320,11
12.8180103302,80.2301177979,39320,39330,10
12.8171396255,80.2297363281,39330,39340,10
12.8160200119,80.2294769287,39340,39350,10
12.8147497177,80.2293014526,39350,39360,10
12.8134403229,80.2289810181,39360,39370,10
12.8121900558,80.2285614014,39370,39380,10
12.8111495972,80.2281570435,39380,39391,11
12.8102197647,80.2277679443,39391,39401,10
12.8093595505,80.2273788452,39401,39411,10
12.8084096909,80.2266769409,39411,39421,10
12.8074398041,80.2258834839,39421,39431,10
12.8067398071,80.2252426147,39431,39441,10
12.8061304092,80.2247314453,39441,39451,10
12.8054800034,80.2242202759,39451,39461,10
12.8049001694,80.2240600586,39461,39472,11
12.8047895432,80.2240371704,39472,39482,10
12.8043498993,80.2239990234,39482,39492,10
12.8035802841,80.2239227295,39492,39502,10
12.8025999069,80.2238311768,39502,39512,10
12.8014602661,80.2236785889,39512,39522,10
12.8009901047,80.2236404419,39522,39532,10
12.8008298874,80.2236175537,39532,39543,11
12.7999696732,80.2235412598,39543,39553,10
12.7990503311,80.2234802246,39553,39563,10
12.797829628,80.2233200073,39563,39573,10
12.7965402603,80.2230987549,39573,39583,10
12.7958402634,80.2229995728,39583,39593,10
12.7957601547,80.2229690552,39593,39603,10
12.7952003479,80.222869873,39603,39613,10
12.7943601608,80.2227325439,39613,39624,11
12.7934398651,80.2225723267,39624,39634,10
12.7925395966,80.222442627,39634,39644,10
12.7916498184,80.2222290039,39644,39654,10
12.7907600403,80.2220001221,39654,39664,10
12.7902402878,80.221862793,39664,39674,10
12.7898101807,80.2217712402,39674,39685,11
12.7893800735,80.2216262817,39685,39695,10
12.7888698578,80.2214508057,39695,39705,10
12.7883300781,80.2212219238,39705,39715,10
12.7877998352,80.2210083008,39715,39725,10
12.7874698639,80.2208862305,39725,39735,10
12.7869901657,80.2207107544,39735,39765,30
12.7869901657,80.2207107544,39765,39776,11
12.7866897583,80.2206115723,39776,39786,10
12.7863197327,80.2204666138,39786,39806,20
12.7863197327,80.2204666138,39806,39816,10
12.7861700058,80.2204589844,39816,39826,10
12.7861700058,80.2207565308,39826,39836,10
12.7861995697,80.2211608887,39836,39847,11
12.7862596512,80.2215194702,39847,39857,10
12.7863101959,80.2218322754,39857,39917,60
12.7862100601,80.2221221924,39917,40424,507
12.7862100601,80.2221221924,40424,40434,10
12.7862100601,80.2215499878,40434,40444,10
12.7861700058,80.2210388184,40444,40475,31
12.7861700058,80.2210388184,40475,40485,10
12.7861604691,80.2208099365,40485,40495,10
12.7861404419,80.2204666138,40495,40536,41
12.7863397598,80.2203292847,40536,40556,20
12.7863397598,80.2203292847,40556,40566,10
12.7865800858,80.2204437256,40566,40576,10
12.7869796753,80.2205581665,40576,40586,10
12.7872495651,80.2206420898,40586,40596,10
12.7875795364,80.2207565308,40596,40607,11
12.788020134,80.220916748,40607,40617,10
12.788359642,80.2210464478,40617,40627,10
12.7889900208,80.2212905884,40627,40637,10
12.7895002365,80.2214736938,40637,40647,10
12.7897195816,80.2215576172,40647,40657,10
12.7902297974,80.2217102051,40657,40667,10
12.7910900116,80.2219390869,40667,40678,11
12.7920503616,80.2221984863,40678,40688,10
12.7932395935,80.2224197388,40688,40698,10
12.7944297791,80.2226104736,40698,40708,10
12.7956600189,80.2228012085,40708,40718,10
12.796620369,80.2229614258,40718,40728,10
12.7977399826,80.2231674194,40728,40738,10
12.7989196777,80.2233200073,40738,40748,10
12.800330162,80.223449707,40748,40759,11
12.8015699387,80.2235794067,40759,40769,10
12.8027200699,80.2237319946,40769,40779,10
12.8036804199,80.2238388062,40779,40789,10
12.804479599,80.2238998413,40789,40799,10
12.8046398163,80.2239227295,40799,40809,10
12.8048000336,80.2239379883,40809,40819,10
12.8052396774,80.2239990234,40819,40829,10
12.805560112,80.2240982056,40829,40840,11
12.8056602478,80.2241821289,40840,40850,10
12.806139946,80.2245635986,40850,40860,10
12.8068399429,80.225151062,40860,40870,10
12.8077201843,80.2259063721,40870,40880,10
12.8086996078,80.2267608643,40880,40890,10
12.809800148,80.2274780273,40890,40900,10
12.8109903336,80.2279815674,40900,40911,11
12.8123998642,80.2285079956,40911,40921,10
12.8137397766,80.2289581299,40921,40931,10
12.8151197433,80.2292480469,40931,40941,10
12.8165302277,80.2294616699,40941,40951,10
12.817899704,80.229927063,40951,40961,10
12.8190498352,80.2304229736,40961,40971,10
12.8197698593,80.2304229736,40971,40982,11
12.8197898865,80.2304077148,40982,40992,10
12.8199396133,80.2304000854,40992,41002,10
12.8205404282,80.2303771973,41002,41012,10
12.8214797974,80.2304077148,41012,41022,10
12.8226003647,80.2306976318,41022,41032,10
12.823849678,80.2310562134,41032,41042,10
12.8251199722,80.2313232422,41042,41052,10
12.8264799118,80.2312774658,41052,41063,11
12.827750206,80.2308731079,41063,41073,10
12.8289003372,80.2302398682,41073,41083,10
12.8301897049,80.2297210693,41083,41093,10
12.8309202194,80.2294082642,41093,41103,10
12.8310604095,80.2293701172,41103,41113,10
12.831489563,80.2291870117,41113,41144,31
12.831489563,80.2291870117,41144,41154,10
12.8316898346,80.229133606,41154,41164,10
12.8320703506,80.2290420532,41164,41174,10
12.8326196671,80.2289428711,41174,41184,10
12.8333597183,80.2287979126,41184,41194,10
12.8341798782,80.2286682129,41194,41204,10
12.8352403641,80.2285003662,41204,41215,11
12.8365001678,80.2283096313,41215,41225,10
12.8376398087,80.2281265259,41225,41235,10
12.8388299942,80.2278366089,41235,41255,20
12.8388299942,80.2278366089,41255,41265,10
12.8391103745,80.2277679443,41265,41336,71
12.8391103745,80.2277679443,41336,41346,10
12.839679718,80.2275924683,41346,41356,10
12.8403301239,80.227432251,41356,41367,11
12.8413000107,80.2271575928,41367,41377,10
12.8423995972,80.2269210815,41377,41387,10
12.8436098099,80.2267379761,41387,41397,10
12.8447303772,80.226600647,41397,41407,10
12.8451404572,80.2265625,41407,41417,10
12.8451299667,80.2265701294,41417,41427,10
12.845410347,80.2265777588,41427,41438,11
12.8456602097,80.2265625,41438,41448,10
12.8458795547,80.2265396118,41448,41458,10
12.8465204239,80.2265396118,41458,41468,10
12.8474397659,80.2265396118,41468,41478,10
12.84856987,80.2265396118,41478,41488,10
12.8496599197,80.2265319824,41488,41498,10
12.8508300781,80.2265472412,41498,41508,10
12.8520097733,80.226600647,41508,41519,11
12.8533000946,80.2266235352,41519,41529,10
12.854590416,80.2264785767,41529,41539,10
12.8559703827,80.2263336182,41539,41549,10
12.8572397232,80.2261962891,41549,41559,10
12.8583803177,80.2261734009,41559,41569,10
12.8595600128,80.22631073,41569,41579,10
12.86054039,80.2264175415,41579,41589,10
12.8606796265,80.2264404297,41589,41600,11
12.861000061,80.2264709473,41600,41610,10
12.8616504669,80.2264709473,41610,41620,10
12.8625402451,80.2264404297,41620,41630,10
12.863650322,80.2264328003,41630,41640,10
12.8648796082,80.2264785767,41640,41650,10
12.8660202026,80.2264709473,41650,41660,10
12.8670597076,80.2263870239,41660,41671,11
12.8682098389,80.2262802124,41671,41681,10
12.869310379,80.2263336182,41681,41691,10
12.8704795837,80.2265167236,41691,41701,10
12.8717603683,80.2265930176,41701,41711,10
12.8726797104,80.2265777588,41711,41721,10
12.8727302551,80.2265625,41721,41731,10
12.8731002808,80.226600647,41731,41741,10
12.8738203049,80.2266464233,41741,41752,11
12.8748502731,80.2267913818,41752,41762,10
12.87596035,80.2268829346,41762,41772,10
12.8765001297,80.2268829346,41772,41782,10
12.8765001297,80.2268676758,41782,41792,10
12.8768796921,80.226852417,41792,41802,10
12.8776102066,80.2267990112,41802,41812,10
12.8785600662,80.2267303467,41812,41823,11
12.8798599243,80.2266769409,41823,41833,10
12.8811798096,80.2266693115,41833,41843,10
12.8825502396,80.2266616821,41843,41853,10
12.8839597702,80.2266387939,41853,41863,10
12.8850297928,80.2266311646,41863,41873,10
12.8853502274,80.2266235352,41873,41883,10
12.8856801987,80.2266693115,41883,41894,11
12.8863401413,80.2268829346,41894,41904,10
12.8873500824,80.2270965576,41904,41914,10
12.8885202408,80.2272491455,41914,41924,10
12.889840126,80.2272720337,41924,41934,10
12.8912296295,80.2272796631,41934,41944,10
12.8924102783,80.2273025513,41944,41954,10
12.8934402466,80.2274398804,41954,41964,10
12.8946504593,80.2275466919,41964,41974,10
12.8959798813,80.2276000977,41974,41985,11
12.8974199295,80.2276535034,41985,41995,10
12.8985900879,80.2276992798,41995,42025,30
12.8985900879,80.2276992798,42025,42035,10
12.8987598419,80.227722168,42035,42046,11
12.8989801407,80.2277069092,42046,42056,10
12.8992395401,80.2277069092,42056,42066,10
12.8996400833,80.227722168,42066,42076,10
12.9000701904,80.2277832031,42076,42086,10
12.9003601074,80.2277984619,42086,42096,10
12.9007301331,80.2278289795,42096,42228,132
12.9007301331,80.2278289795,42228,42238,10
12.9011201859,80.2279281616,42238,42248,10
12.9015798569,80.2279510498,42248,42258,10
12.9022798538,80.2279663086,42258,42268,10
12.902759552,80.2279815674,42268,42279,11
12.9029197693,80.2279815674,42279,42289,10
12.9035396576,80.2280197144,42289,42299,10
12.9043998718,80.2280731201,42299,42309,10
12.9052295685,80.2281036377,42309,42319,10
12.9055299759,80.2280578613,42319,42329,10
12.9056596756,80.2280502319,42329,42339,10
12.9059400558,80.2281112671,42339,42349,10
12.9061403275,80.228187561,42349,42360,11
12.906370163,80.2282180786,42360,42370,10
12.9065599442,80.2282333374,42370,42380,10
12.9070701599,80.2282714844,42380,42390,10
12.9078998566,80.2283782959,42390,42400,10
12.9089899063,80.228553772,42400,42410,10
12.9101896286,80.2287216187,42410,42420,10
12.9113903046,80.2288894653,42420,42431,11
12.9127998352,80.2290878296,42431,42441,10
12.9136400223,80.2291870117,42441,42451,10
12.9139204025,80.2292327881,42451,42461,10
12.9143400192,80.2293014526,42461,42471,10
12.9150695801,80.2293701172,42471,42481,10
12.9159698486,80.2294921875,42481,42491,10
12.9168996811,80.2296600342,42491,42501,10
12.9177999496,80.2297973633,42501,42512,11
12.9186897278,80.2299423218,42512,42522,10
12.9196901321,80.2300491333,42522,42532,10
12.9206399918,80.230178833,42532,42542,10
12.9216499329,80.2303009033,42542,42552,10
12.9227600098,80.23046875,42552,42562,10
12.9238395691,80.2305984497,42562,42572,10
12.9248304367,80.2307281494,42572,42583,11
12.9259500504,80.2308807373,42583,42593,10
12.9269800186,80.2310180664,42593,42603,10
12.9281797409,80.2311706543,42603,42613,10
12.9293498993,80.2313766479,42613,42623,10
12.9305696487,80.2316894531,42623,42633,10
12.9317998886,80.2320098877,42633,42643,10
12.9329395294,80.2323303223,42643,42653,10
12.9334602356,80.2325592041,42653,42664,11
12.9336099625,80.2326583862,42664,42674,10
12.9341497421,80.2329406738,42674,42684,10
12.9349603653,80.2332763672,42684,42694,10
12.9357795715,80.2336730957,42694,42704,10
12.9365797043,80.234046936,42704,42714,10
12.9375696182,80.2345504761,42714,42724,10
12.938659668,80.2350921631,42724,42735,11
12.9396696091,80.2354888916,42735,42745,10
12.9403800964,80.2358016968,42745,42755,10
12.9413795471,80.2360916138,42755,42765,10
12.9425697327,80.2364425659,42765,42775,10
12.9435997009,80.2372207642,42775,42785,10
12.9445400238,80.2382278442,42785,42795,10
12.9455003738,80.2391815186,42795,42805,10
12.9466695786,80.2396774292,42805,42816,11
12.9473600388,80.2399520874,42816,42826,10
12.9475002289,80.2399902344,42826,42836,10
12.9479703903,80.2402114868,42836,42846,10
12.9488201141,80.2405090332,42846,42897,51
12.9488201141,80.2405090332,42897,42907,10
12.9491195679,80.2406387329,42907,42917,10
12.9496803284,80.2408599854,42917,42927,10
12.9505195618,80.2410964966,42927,42937,10
12.9511499405,80.241317749,42937,42947,10
12.9513597488,80.2414169312,42947,42957,10
12.9516601563,80.2415390015,42957,42968,11
12.9523096085,80.2417526245,42968,42978,10
12.9530496597,80.2420272827,42978,42988,10
12.9537296295,80.2422714233,42988,42998,10
12.9542798996,80.2425308228,42998,43008,10
12.9549198151,80.242767334,43008,43018,10
12.9554796219,80.2429962158,43018,43028,10
12.9563503265,80.2432937622,43028,43049,21
12.9563503265,80.2432937622,43049,43059,10
12.9564199448,80.2432785034,43059,43069,10
12.9568099976,80.2434768677,43069,43079,10
12.9575195313,80.2438430786,43079,43089,10
12.9583597183,80.2441711426,43089,43099,10
12.9592599869,80.2445831299,43099,43110,11
12.9602298737,80.245010376,43110,43120,10
12.9612703323,80.2454833984,43120,43130,10
12.962100029,80.245880127,43130,43140,10
12.9627599716,80.2462005615,43140,43150,10
12.9628896713,80.2462768555,43150,43160,10
12.9630804062,80.246421814,43160,43170,10
12.9635400772,80.2466278076,43170,43180,10
12.9640102386,80.2468109131,43180,43191,11
12.9646997452,80.2470703125,43191,43201,10
12.9655895233,80.2473678589,43201,43211,10
12.9663295746,80.2476425171,43211,43221,10
12.9668903351,80.2479400635,43221,43231,10
12.9676799774,80.248260498,43231,43241,10
12.9685401917,80.2485961914,43241,43251,10
12.9694795609,80.2489089966,43251,43261,10
12.9698696136,80.249130249,43261,43272,11
12.9703998566,80.2493515015,43272,43282,10
12.9711999893,80.2496337891,43282,43292,10
12.9722099304,80.2499008179,43292,43302,10
12.9732198715,80.2501907349,43302,43312,10
12.9740695953,80.2504196167,43312,43322,10
12.9751396179,80.2507400513,43322,43332,10
12.976360321,80.251083374,43332,43343,11
12.9775800705,80.2515487671,43343,43353,10
12.9784097672,80.2522125244,43353,43363,10
12.9786100388,80.2523269653,43363,43373,10
12.978679657,80.2523803711,43373,43383,10
12.9794397354,80.2525482178,43383,43414,31
12.9794397354,80.2525482178,43414,43424,10
12.9794797897,80.2525482178,43424,43434,10
12.9799003601,80.2525787354,43434,43444,10
12.9806003571,80.252571106,43444,43454,10
12.9814100266,80.2525634766,43454,43464,10
12.9823102951,80.2525405884,43464,43474,10
12.9834003448,80.252456665,43474,43484,10
12.9843702316,80.2521972656,43484,43494,10
12.9852895737,80.2519607544,43494,43505,11
12.9858703613,80.2518081665,43505,43515,10
12.9863195419,80.2517166138,43515,43525,10
12.9868602753,80.2515716553,43525,43626,101
12.9868602753,80.2515716553,43626,43636,10
12.9872102737,80.2514877319,43636,43647,11
12.9876804352,80.2513580322,43647,43657,10
12.9882698059,80.2512207031,43657,43667,10
12.9891500473,80.2509765625,43667,43677,10
12.9895896912,80.250831604,43677,43687,10
12.9896001816,80.250831604,43687,43697,10
12.9899396896,80.250793457,43697,43707,10
12.9905195236,80.250617981,43707,43718,11
12.991399765,80.2504119873,43718,43728,10
12.9925899506,80.2501220703,43728,43738,10
12.9938201904,80.2498016357,43738,43748,10
12.9950504303,80.24949646,43748,43758,10
12.9962301254,80.2491912842,43758,43768,10
12.9973897934,80.2488937378,43768,43778,10
12.9985799789,80.2486114502,43778,43788,10
12.9998598099,80.248298645,43788,43798,10
13.0012397766,80.2479629517,43798,43809,11
13.0021800995,80.2477035522,43809,43819,10
13.0031204224,80.2474975586,43819,43829,10
13.0041999817,80.2473373413,43829,43839,10
13.0052404404,80.247177124,43839,43849,10
13.0060195923,80.2469863892,43849,43859,10
13.006480217,80.246673584,43859,43869,10
13.0065402985,80.2464675903,43869,43880,11
13.0065698624,80.2462081909,43880,43890,10
13.0065803528,80.2455596924,43890,43900,10
13.0066003799,80.244720459,43900,43910,10
13.0066404343,80.2438735962,43910,43920,10
13.0065698624,80.2429122925,43920,43930,10
13.0065402985,80.241897583,43930,43940,10
13.0065698624,80.2409667969,43940,43950,10
13.0066204071,80.2404022217,43950,43961,11
13.0066795349,80.240272522,43961,43971,10
13.0067796707,80.2397613525,43971,43981,10
13.0069503784,80.2389831543,43981,43991,10
13.0071601868,80.2380828857,43991,44001,10
13.0073204041,80.2374420166,44001,44011,10
13.0073795319,80.2369613647,44011,44021,10
13.0074100494,80.2367477417,44021,44032,11
13.0074396133,80.236656189,44032,44042,10
13.0075597763,80.2362213135,44042,44052,10
13.0076999664,80.2355194092,44052,44062,10
13.0078496933,80.2347106934,44062,44072,10
13.0080404282,80.2338790894,44072,44082,10
13.0082702637,80.2327575684,44082,44092,10
13.008480072,80.2314300537,44092,44103,11
13.0087604523,80.2298736572,44103,44113,10
13.0089702606,80.2286224365,44113,44123,10
13.009349823,80.2275238037,44123,44133,10
13.0098400116,80.2264099121,44133,44143,10
13.0102701187,80.2255325317,44143,44153,10
13.0105695724,80.2248382568,44153,44163,10
13.0108604431,80.2242202759,44163,44174,11
13.0111103058,80.2233963013,44174,44184,10
13.0114603043,80.2225799561,44184,44194,10
13.0117998123,80.2217636108,44194,44204,10
13.0122299194,80.2213973999,44204,44214,10
13.0125598907,80.2218322754,44214,44224,10
13.0129804611,80.222366333,44224,44234,10
13.0134801865,80.22290802,44234,44244,10
13.0140399933,80.2233200073,44244,44254,10
13.0143604279,80.2236175537,44254,44265,11
13.014749527,80.2242126465,44265,44275,10
13.0153198242,80.2248077393,44275,44285,10
13.0156097412,80.2250213623,44285,44295,10
13.0156602859,80.2250823975,44295,44305,10
13.0160503387,80.2252807617,44305,44315,10
13.0167198181,80.2251968384,44315,44325,10
13.0176095963,80.224861145,44325,44336,11
13.0187397003,80.2244110107,44336,44346,10
13.0195302963,80.2243499756,44346,44366,20
13.0195302963,80.2243499756,44366,44376,10
13.0197896957,80.2245178223,44376,44386,10
13.0202302933,80.2248382568,44386,44396,10
13.0205898285,80.2250976563,44396,44406,10
13.0208797455,80.2253265381,44406,44417,11
13.0213098526,80.2256622314,44417,44427,10
13.0219402313,80.2260971069,44427,44437,10
13.022600174,80.2266769409,44437,44447,10
13.0232400894,80.2272796631,44447,44457,10
13.0237398148,80.2277526855,44457,44467,10
13.0242595673,80.2282714844,44467,44569,102
13.0242595673,80.2282714844,44569,44579,10
13.0244197845,80.228553772,44579,44589,10
13.0242204666,80.2285232544,44589,44599,10
13.0239400864,80.2282333374,44599,44609,10
13.023639679,80.2279281616,44609,44619,10
13.0232696533,80.2275390625,44619,45004,385
13.0232696533,80.2275390625,45004,45015,11
13.0230998993,80.2273483276,45015,45025,10
13.0228900909,80.227180481,45025,45035,10
13.022769928,80.2270889282,45035,45045,10
13.0226602554,80.2269821167,45045,45055,10
13.0222597122,80.2266387939,45055,45065,10
13.021730423,80.2262115479,45065,45075,10
13.0211601257,80.2257385254,45075,45085,10
13.0204801559,80.2252807617,45085,45096,11
13.0197696686,80.2247924805,45096,45106,10
13.0189304352,80.2245635986,45106,45116,10
13.0179004669,80.2249221802,45116,45126,10
13.0169496536,80.2252883911,45126,45136,10
13.0166301727,80.2254333496,45136,45146,10
13.0163803101,80.2255172729,45146,45156,10
13.0162296295,80.2256011963,45156,45166,10
13.0159196854,80.2256698608,45166,45177,11
13.0155496597,80.2258224487,45177,45187,10
13.0149803162,80.22605896,45187,45197,10
13.0145702362,80.2262268066,45197,45207,10
13.0145597458,80.2262268066,45207,45217,10
13.01445961,80.2262573242,45217,45227,10
13.0139904022,80.2264328003,45227,45238,11
13.0131397247,80.2266769409,45238,45248,10
13.012260437,80.2270202637,45248,45258,10
13.011300087,80.2274169922,45258,45268,10
13.0102500916,80.2278289795,45268,45278,10
13.0095300674,80.2281494141,45278,45288,10
13.0090503693,80.2287368774,45288,45298,10
13.0087995529,80.2297515869,45298,45308,10
13.0085802078,80.2309265137,45308,45318,10
13.0083999634,80.2320480347,45318,45329,11
13.0081996918,80.2331237793,45329,45339,10
13.0082197189,80.2335281372,45339,45349,10
13.0080699921,80.2338562012,45349,45359,10
13.0079698563,80.2345123291,45359,45369,10
13.0077495575,80.2354507446,45369,45379,10
13.007519722,80.2366867065,45379,45389,10
13.0072898865,80.237991333,45389,45400,11
13.0070695877,80.2391433716,45400,45410,10
13.0068998337,80.2399673462,45410,45470,60
13.0068998337,80.2399673462,45470,45481,11
13.0068798065,80.2403793335,45481,45491,10
13.0068798065,80.2406997681,45491,45501,10
13.0068302155,80.2409210205,45501,45511,10
13.0067195892,80.2415466309,45511,45521,10
13.006649971,80.2423934937,45521,45531,10
13.0066299438,80.243270874,45531,45541,10
13.0066404343,80.2444610596,45541,45592,51
13.0066204071,80.2448577881,45592,45663,71
13.0066204071,80.2448577881,45663,45673,10
13.0065898895,80.2454833984,45673,45683,10
13.0066404343,80.24609375,45683,45693,10
13.0066795349,80.2467422485,45693,45704,11
13.0065803528,80.2473373413,45704,45714,10
13.0060901642,80.2473983765,45714,45734,20
13.0060901642,80.2473983765,45734,45744,10
13.0057697296,80.2473602295,45744,45754,10
13.0051298141,80.2473602295,45754,45764,10
13.004240036,80.2474594116,45764,45774,10
13.0031795502,80.2476196289,45774,45785,11
13.0021295547,80.2478637695,45785,45795,10
13.0010700226,80.2481384277,45795,45805,10
12.9998903275,80.2484512329,45805,45815,10
12.9980697632,80.2489089966,45815,45835,20
12.9980697632,80.2489089966,45835,45845,10
12.9977798462,80.2490005493,45845,45856,11
12.9970397949,80.2491836548,45856,45866,10
12.9961204529,80.2493972778,45866,45876,10
12.9949998856,80.2496795654,45876,45886,10
12.9937496185,80.25,45886,45896,10
12.9924201965,80.2503128052,45896,45906,10
12.9914102554,80.250579834,45906,45916,10
12.9912004471,80.2506332397,45916,45926,10
12.991109848,80.250617981,45926,45937,11
12.9906301498,80.2507400513,45937,45947,10
12.9898796082,80.2509384155,45947,45957,10
12.989159584,80.2511520386,45957,45967,10
12.9887800217,80.2512893677,45967,46079,112
12.988530159,80.2511367798,46079,46119,40
12.988530159,80.2511367798,46119,46129,10
12.9884796143,80.2512435913,46129,46139,10
12.9881401062,80.2514038086,46139,46149,10
12.9879102707,80.2514724731,46149,46160,11
12.9875297546,80.2515563965,46160,46170,10
12.9869804382,80.2517166138,46170,46180,10
12.9864702225,80.2518310547,46180,46190,10
12.9858198166,80.2519683838,46190,46200,10
12.984919548,80.2522125244,46200,46210,10
12.9838600159,80.2525100708,46210,46220,10
12.9826803207,80.2527236938,46220,46230,10
12.9814796448,80.252746582,46230,46241,11
12.9805202484,80.2527770996,46241,46251,10
12.9803304672,80.2528076172,46251,46261,10
12.9802103043,80.2528076172,46261,46271,10
12.9798297882,80.2527618408,46271,46281,10
12.9792900085,80.2527313232,46281,46291,10
12.9786701202,80.2526397705,46291,46301,10
12.9786100388,80.2526168823,46301,46312,11
12.978219986,80.2523498535,46312,46322,10
12.977640152,80.2518234253,46322,46332,10
12.9767398834,80.251373291,46332,46342,10
12.975810051,80.2510986328,46342,46352,10
12.9748401642,80.2508010864,46352,46362,10
12.9739103317,80.250541687,46362,46372,10
12.9729995728,80.2502975464,46372,46383,11
12.972120285,80.2500610352,46383,46393,10
12.9711904526,80.2498016357,46393,46403,10
12.9703998566,80.2495803833,46403,46413,10
12.9694004059,80.2491989136,46413,46423,10
12.9682798386,80.2488021851,46423,46433,10
12.9672603607,80.2484130859,46433,46443,10
12.966460228,80.2479934692,46443,46453,10
12.9657697678,80.2476806641,46453,46464,11
12.9651699066,80.2474899292,46464,46474,10
12.9651603699,80.2474822998,46474,46484,10
12.9650802612,80.2474365234,46484,46494,10
12.9645996094,80.247253418,46494,46504,10
12.9638204575,80.2469329834,46504,46514,10
12.9628896713,80.2465286255,46514,46524,10
12.9618902206,80.2460479736,46524,46534,10
12.9609899521,80.2456130981,46534,46545,11
12.9601402283,80.2452087402,46545,46555,10
12.9596004486,80.244972229,46555,46565,10
12.95952034,80.2449264526,46565,46575,10
12.95911026,80.2447433472,46575,46585,10
12.9583797455,80.2444076538,46585,46595,10
12.9579696655,80.2442626953,46595,46605,10
12.9574098587,80.2440414429,46605,46616,11
12.9565200806,80.2437362671,46616,46697,81
12.9565200806,80.2437362671,46697,46707,10
12.9561195374,80.243598938,46707,46717,10
12.9555196762,80.2432785034,46717,46727,10
12.95470047,80.2428817749,46727,46737,10
12.9538402557,80.2425003052,46737,46747,10
12.9529800415,80.2421417236,46747,46757,10
12.9520397186,80.2418212891,46757,46768,11
12.9517002106,80.2417373657,46768,46778,10
12.9515800476,80.2416763306,46778,46788,10
12.9510202408,80.2414474487,46788,46798,10
12.9502096176,80.2412414551,46798,46808,10
12.9493103027,80.2409591675,46808,46818,10
12.9486198425,80.2406921387,46818,46828,10
12.9478397369,80.2403488159,46828,46839,11
12.947259903,80.2401123047,46839,46849,10
12.9471998215,80.2400894165,46849,46859,10
12.9467697144,80.239906311,46859,46869,10
12.9460897446,80.239616394,46869,46879,10
12.9452495575,80.2392272949,46879,46889,10
12.9445104599,80.2384567261,46889,46899,10
12.9437599182,80.2376403809,46899,46909,10
12.9430704117,80.2369613647,46909,46920,11
12.941860199,80.2364120483,46920,46930,10
12.9406604767,80.2361221313,46930,46939,9
12.9400100708,80.2359390259,46939,46950,11
12.9399404526,80.2359085083,46950,46960,10
12.9395799637,80.2357406616,46960,46970,10
12.9388799667,80.2354507446,46970,46980,10
12.9379901886,80.2350463867,46980,46990,10
12.9369497299,80.2345428467,46990,47001,11
12.9361095428,80.23412323,47001,47011,10
12.9354400635,80.2337799072,47011,47021,10
12.9347400665,80.2334823608,47021,47031,10
12.9341001511,80.2331771851,47031,47041,10
12.9340400696,80.2331390381,47041,47051,10
12.933839798,80.2330169678,47051,47061,10
12.9332895279,80.2327804565,47061,47072,11
12.9323997498,80.2324523926,47072,47082,10
12.9313898087,80.2320785522,47082,47092,10
12.9301795959,80.2317428589,47092,47102,10
12.9292802811,80.2315216064,47102,47112,10
12.9289398193,80.2314376831,47112,47122,10
12.9284095764,80.2313232422,47122,47132,10
12.9275503159,80.2312011719,47132,47142,10
12.9265403748,80.2311019897,47142,47153,11
12.9260597229,80.2310562134,47153,47163,10
12.9256801605,80.2310028076,47163,47173,10
12.9250097275,80.2309265137,47173,47183,10
12.9241600037,80.2308197021,47183,47193,10
12.9231595993,80.230682373,47193,47203,10
12.9221401215,80.2305221558,47203,47213,10
12.9209299088,80.2303314209,47213,47224,11
12.9195098877,80.2301635742,47224,47234,10
12.9181900024,80.2300033569,47234,47244,10
12.9169197083,80.229850769,47244,47254,10
12.9156503677,80.2296829224,47254,47264,10
12.914440155,80.2295227051,47264,47274,10
12.9131202698,80.2293167114,47274,47284,10
12.9118795395,80.2291564941,47284,47294,10
12.9107103348,80.2289733887,47294,47305,11
12.9093198776,80.2287521362,47305,47315,10
12.9082803726,80.2285766602,47315,47325,10
12.9074602127,80.2284698486,47325,47335,10
12.906999588,80.2284622192,47335,47376,41
12.906999588,80.2284622192,47376,47386,10
12.906829834,80.2284469604,47386,47396,10
12.9062995911,80.2283630371,47396,47406,10
12.9054498672,80.2283096313,47406,47416,10
12.9043598175,80.2282409668,47416,47426,10
12.9031801224,80.2281723022,47426,47436,10
12.9020996094,80.2281188965,47436,47446,10
12.9013395309,80.2280578613,47446,47497,51
12.9013395309,80.2280578613,47497,47507,10
12.9011602402,80.2280197144,47507,47517,10
12.9008903503,80.2279815674,47517,47528,11
12.9002799988,80.2279586792,47528,47538,10
12.8996095657,80.2279205322,47538,47548,10
12.8989896774,80.2278594971,47548,47558,10
12.8981800079,80.2278213501,47558,47568,10
12.8971796036,80.2277679443,47568,47578,10
12.8959703445,80.227722168,47578,47588,10
12.8946800232,80.2276611328,47588,47599,11
12.8932504654,80.2275314331,47599,47609,10
12.8924798965,80.2274017334,47609,47619,10
12.8918199539,80.2274017334,47619,47629,10
12.8908700943,80.2274017334,47629,47639,10
12.8896903992,80.2273788452,47639,47649,10
12.8883895874,80.2273788452,47649,47659,10
12.8871803284,80.2272415161,47659,47669,10
12.885890007,80.2269210815,47669,47680,11
12.8848695755,80.2267913818,47680,47690,10
12.8846597672,80.2267837524,47690,47700,10
12.884059906,80.2267684937,47700,47710,10
12.8831796646,80.2267837524,47710,47720,10
12.8820800781,80.2267913818,47720,47730,10
12.8808202744,80.2267684937,47730,47740,10
12.8794803619,80.2268066406,47740,47751,11
12.8779401779,80.226890564,47751,47761,10
12.8768100739,80.2269821167,47761,47771,10
12.8762197495,80.2270126343,47771,47781,10
12.8761501312,80.2270126343,47781,47791,10
12.8756504059,80.2270126343,47791,47801,10
12.874830246,80.2269363403,47801,47811,10
12.873840332,80.2268295288,47811,47821,10
12.8729000092,80.2267837524,47821,47832,11
12.8718004227,80.2267379761,47832,47842,10
12.8705997467,80.2266693115,47842,47852,10
12.8692903519,80.2265319824,47852,47862,10
12.8678998947,80.2264633179,47862,47872,10
12.8666095734,80.2265701294,47872,47882,10
12.8655195236,80.2266235352,47882,47892,10
12.8650197983,80.2266235352,47892,47902,10
12.8643198013,80.226600647,47902,47913,11
12.8633003235,80.2265701294,47913,47923,10
12.862159729,80.2265930176,47923,47933,10
12.8610200882,80.2266235352,47933,47943,10
12.859919548,80.2265090942,47943,47953,10
12.8591604233,80.2263793945,47953,47963,10
12.8582801819,80.2262878418,47963,47973,10
12.8571395874,80.2263565063,47973,47984,11
12.8557500839,80.2265014648,47984,47994,10
12.8543996811,80.2266464233,47994,48004,10
12.8529901505,80.2267608643,48004,48014,10
12.851559639,80.2267379761,48014,48024,10
12.8501901627,80.2266693115,48024,48034,10
12.8494596481,80.2266616821,48034,48044,10
12.849439621,80.2266464233,48044,48054,10
12.8491096497,80.2266387939,48054,48065,11
12.8482999802,80.2266311646,48065,48075,10
12.8473100662,80.2266387939,48075,48085,10
12.8463096619,80.2266616821,48085,48095,10
12.8456401825,80.2266464233,48095,48105,10
12.8454504013,80.2266311646,48105,48115,10
12.8452100754,80.2266311646,48115,48125,10
12.8445901871,80.2266921997,48125,48136,11
12.8436603546,80.2267837524,48136,48146,10
12.8426399231,80.2269592285,48146,48156,10
12.8413600922,80.2272186279,48156,48166,10
12.8403596878,80.2275238037,48166,48176,10
12.8397397995,80.227722168,48176,48217,41
12.8397397995,80.227722168,48217,48227,10
12.83934021,80.2278366089,48227,48237,10
12.8386001587,80.2280197144,48237,48247,10
12.8376998901,80.2282333374,48247,48257,10
12.8365497589,80.2284011841,48257,48267,10
12.835269928,80.2285766602,48267,48277,10
12.8339195251,80.2288131714,48277,48288,11
12.8326997757,80.2290420532,48288,48298,10
12.8319702148,80.2292175293,48298,48308,10
12.8317899704,80.2292480469,48308,48318,10
12.8315601349,80.2288589478,48318,48369,51
12.8315601349,80.2288589478,48369,48379,10
12.8314599991,80.2284011841,48379,48389,10
12.8313398361,80.2276992798,48389,48399,10
12.8311395645,80.2267913818,48399,48409,10
12.8310403824,80.2256317139,48409,48419,10
12.8310403824,80.2247619629,48419,48429,10
12.8310499191,80.2244796753,48429,48440,11
12.8310604095,80.223739624,48440,48450,10
12.8310604095,80.2228393555,48450,48460,10
12.8310403824,80.2222518921,48460,48470,10
12.8310203552,80.2219161987,48470,48480,10
12.8310403824,80.2212600708,48480,48490,10
12.8310499191,80.2203292847,48490,48500,10
12.8310403824,80.2197494507,48500,48510,10
12.8308401108,80.2194900513,48510,48521,11
12.8300600052,80.2194976807,48521,48531,10
12.8291301727,80.2194900513,48531,48541,10
12.828040123,80.2194900513,48541,48551,10
12.8274402618,80.2194900513,48551,48571,20
12.8274402618,80.2194900513,48571,48581,10
12.8273601532,80.2194671631,48581,48591,10
12.826880455,80.2194595337,48591,48602,11
12.8261804581,80.2194900513,48602,48613,11
12.8259897232,80.2194671631,48613,48622,9
12.825460434,80.2194671631,48622,48633,11
12.8250703812,80.2194976807,48633,48643,10
12.8247804642,80.2195205688,48643,48653,10
12.8241100311,80.2194595337,48653,48663,10
12.8233003616,80.2194824219,48663,48674,11
12.822930336,80.2194824219,48674,48684,10
12.8228397369,80.2194290161,48684,48694,10
12.8225803375,80.2192001343,48694,48704,10
12.8225097656,80.2188796997,48704,48714,10
12.8224802017,80.2184906006,48714,48724,10
12.822520256,80.2176437378,48724,48734,10
12.8225698471,80.2166366577,48734,48745,11
12.8226804733,80.2159500122,48745,48755,10
12.8228597641,80.2159194946,48755,48765,10
12.8231401443,80.2159576416,48765,48775,10
12.8236703873,80.2159729004,48775,48785,10
12.824139595,80.2159881592,48785,48795,10
12.824760437,80.2159423828,48795,48928,133
12.8246498108,80.2158813477,48928,49212,284
12.8246498108,80.2158813477,49212,49222,10
12.8248100281,80.2159729004,49222,49232,10
12.8250198364,80.2160110474,49232,49242,10
12.8254699707,80.2160186768,49242,49252,10
12.8256702423,80.2160110474,49252,49262,10
12.8258695602,80.216178894,49262,49272,10
12.8258895874,80.2167663574,49272,49284,12
12.8258800507,80.2177581787,49284,49293,9
12.8258600235,80.2187423706,49293,49304,11
12.8258695602,80.2192230225,49304,49314,10
12.8259801865,80.2193527222,49314,49324,10
12.8264198303,80.2193832397,49324,49334,10
12.8273096085,80.2193832397,49334,49354,20
12.8274803162,80.2193603516,49354,49385,31
12.8274803162,80.2193603516,49385,49395,10
12.827750206,80.2193832397,49395,49405,10
12.8283500671,80.219367981,49405,49415,10
12.8292598724,80.2193527222,49415,49425,10
12.8303203583,80.219329834,49425,49435,10
12.8308401108,80.219367981,49435,49446,11
12.8311195374,80.219581604,49446,49456,10
12.8311595917,80.2203216553,49456,49466,10
12.8311595917,80.2211685181,49466,49476,10
12.8311700821,80.2220306396,49476,49486,10
12.8311700821,80.2223205566,49486,49496,10
12.8311595917,80.2229919434,49496,49506,10
12.8311796188,80.2238311768,49506,49517,11
12.8311796188,80.2241897583,49517,49527,10
12.8311700821,80.2245788574,49527,49537,10
12.8311395645,80.2248764038,49537,49547,10
12.8311395645,80.2257232666,49547,49557,10
12.8312196732,80.2266387939,49557,49567,10
12.8314599991,80.2277374268,49567,49578,11
12.8317403793,80.2289962769,49578,49608,30
12.8317403793,80.2289962769,49608,49618,10
12.8318195343,80.2290725708,49618,49628,10
12.8322095871,80.2289810181,49628,49638,10
12.8329200745,80.2288513184,49638,49648,10
12.8338804245,80.2286911011,49648,49659,11
12.8351402283,80.2284927368,49659,49669,10
12.8362598419,80.2283096313,49669,49679,10
12.8374795914,80.2281265259,49679,49689,10
12.8385095596,80.227897644,49689,49699,10
12.8393096924,80.2276382446,49699,49719,20
12.8393096924,80.2276382446,49719,49729,10
12.839389801,80.2276382446,49729,49740,11
12.8397903442,80.2275390625,49740,49750,10
12.8404397964,80.2273635864,49750,49760,10
12.8413000107,80.227142334,49760,49770,10
12.8423595428,80.2268676758,49770,49780,10
12.8434400558,80.2266693115,49780,49790,10
12.8444795609,80.2265319824,49790,49800,10
12.8451700211,80.2264785767,49800,49811,11
12.8452196121,80.2264785767,49811,49821,10
12.8454399109,80.2264709473,49821,49841,20
12.8454399109,80.2264709473,49841,49851,10
12.8457803726,80.2264633179,49851,49861,10
12.8463602066,80.2264709473,49861,49871,10
12.847120285,80.2264785767,49871,49881,10
12.8480596542,80.2264862061,49881,49892,11
12.8493003845,80.2264785767,49892,49902,10
12.8498802185,80.2264404297,49902,49912,10
12.8500003815,80.2264404297,49912,49922,10
12.8502101898,80.2264328003,49922,49932,10
12.8508195877,80.2264404297,49932,49942,10
12.851650238,80.2265090942,49942,49952,10
12.8524799347,80.2265472412,49952,49963,11
12.8535404205,80.2265319824,49963,49973,10
12.8547201157,80.2264328003,49973,49983,10
12.8559999466,80.22631073,49983,49993,10
12.8573503494,80.2261810303,49993,50003,10
12.8585700989,80.2261581421,50003,50013,10
12.8598403931,80.226348877,50013,50023,10
12.8611001968,80.2265014648,50023,50033,10
12.8624296188,80.2264480591,50033,50044,11
12.863940239,80.2264175415,50044,50054,10
12.8654003143,80.2264785767,50054,50064,10
12.8668203354,80.2264175415,50064,50074,10
12.8681497574,80.2262878418,50074,50084,10
12.8694696426,80.2263793945,50084,50094,10
12.8706903458,80.2265014648,50094,50104,10
12.8717098236,80.2265625,50104,50115,11
12.8725404739,80.2265625,50115,50125,10
12.8727998734,80.2265625,50125,50135,10
12.8729400635,80.2265777588,50135,50145,10
12.8734998703,80.2266082764,50145,50155,10
12.8743095398,80.2266693115,50155,50165,10
12.8752298355,80.2267990112,50165,50175,10
12.8762197495,80.2268371582,50175,50186,11
12.8765897751,80.2268218994,50186,50196,10
12.8767900467,80.2268066406,50196,50206,10
12.8773202896,80.2267990112,50206,50216,10
12.8780097961,80.2267684937,50216,50226,10
12.8788995743,80.2267074585,50226,50236,10
12.8800201416,80.2266693115,50236,50246,10
12.8812799454,80.2266387939,50246,50256,10
12.882610321,80.2266311646,50256,50267,11
12.8840703964,80.2266082764,50267,50277,10
12.8851203918,80.226600647,50277,50287,10
12.885219574,80.2266235352,50287,50297,10
12.88560009,80.2266769409,50297,50307,10
12.8862600327,80.226852417,50307,50317,10
12.8871202469,80.2270584106,50317,50327,10
12.8881902695,80.2272186279,50327,50337,10
12.8894100189,80.2272567749,50337,50348,11
12.8908596039,80.2272567749,50348,50358,10
12.8920001984,80.2272567749,50358,50368,10
12.8929004669,80.2273330688,50368,50378,10
12.8938598633,80.2274475098,50378,50388,10
12.8950004578,80.2275390625,50388,50398,10
12.8962802887,80.2275772095,50398,50408,10
12.897480011,80.2276535034,50408,50419,11
12.8987503052,80.2277069092,50419,50429,10
12.8994903564,80.2277526855,50429,50439,10
12.8997402191,80.2277526855,50439,50449,10
12.8999099731,80.2277374268,50449,50459,10
12.9003295898,80.2277603149,50459,50469,10
12.9007797241,80.2277984619,50469,50479,10
12.9012899399,80.2278594971,50479,50490,11
12.9024000168,80.2278900146,50490,50510,20
12.9024000168,80.2278900146,50510,50520,10
12.9025602341,80.2278594971,50520,50530,10
12.9029903412,80.2279205322,50530,50540,10
12.9037504196,80.2279586792,50540,50550,10
12.9046802521,80.2280197144,50550,50560,10
12.9052600861,80.2280502319,50560,50571,11
12.9053401947,80.2280578613,50571,50581,10
12.9056997299,80.2280731201,50581,50591,10
12.9063196182,80.2281036377,50591,50641,50
12.9063196182,80.2281036377,50641,50652,11
12.9065904617,80.2281036377,50652,50662,10
12.9071998596,80.2282028198,50662,50672,10
12.9080696106,80.2283401489,50672,50682,10
12.9091501236,80.2285308838,50682,50692,10
12.9104003906,80.2287216187,50692,50702,10
12.9117097855,80.2289199829,50702,50712,10
12.9129695892,80.2291107178,50712,50723,11
12.9139099121,80.2292175293,50723,50733,10
12.9139299393,80.2292175293,50733,50743,10
12.9142398834,80.2292633057,50743,50753,10
12.9148797989,80.2293319702,50753,50763,10
12.915769577,80.2294692993,50763,50773,10
12.9168596268,80.2296295166,50773,50783,10
12.9181003571,80.2297973633,50783,50793,10
12.9194002151,80.2299880981,50793,50804,11
12.9208803177,80.230178833,50804,50814,10
12.9222602844,80.2303771973,50814,50824,10
12.9236602783,80.2305908203,50824,50834,10
12.9249200821,80.2307510376,50834,50844,10
12.9259395599,80.2308197021,50844,50854,10
12.9262199402,80.2308425903,50854,50864,10
12.9264802933,80.2308807373,50864,50875,11
12.9271602631,80.23097229,50875,50885,10
12.9280004501,80.2311019897,50885,50895,10
12.9288797379,80.2312316895,50895,50905,10
12.9298095703,80.2314376831,50905,50915,10
12.9308996201,80.2317581177,50915,50925,10
12.9320001602,80.232093811,50925,50935,10
12.9332799911,80.2324981689,50935,50956,21
12.9332799911,80.2324981689,50956,50966,10
12.9334602356,80.2326202393,50966,50976,10
12.9334897995,80.2326431274,50976,50986,10
12.9335899353,80.2326889038,50986,50996,10
12.934009552,80.2328720093,50996,51006,10
12.9347200394,80.2332000732,51006,51016,10
12.935549736,80.2335586548,51016,51027,11
12.9366502762,80.2340774536,51027,51037,10
12.9377698898,80.23462677,51037,51047,10
12.9388799667,80.235168457,51047,51057,10
12.9395999908,80.2355270386,51057,51067,10
12.9397001266,80.2355499268,51067,51077,10
12.9397096634,80.2355804443,51077,51087,10
12.9401102066,80.2357635498,51087,51097,10
12.9408397675,80.2359771729,51097,51108,11
12.9418001175,80.2361907959,51108,51118,10
12.9428100586,80.2365570068,51118,51128,10
12.9437398911,80.2373580933,51128,51138,10
12.9446001053,80.2382736206,51138,51148,10
12.9455699921,80.2391815186,51148,51159,11
12.947259903,80.2398986816,51159,51180,21
12.947259903,80.2398986816,51180,51190,10
12.9475498199,80.240020752,51190,51200,10
12.9481401443,80.2402572632,51200,51210,10
12.9487895966,80.2405014038,51210,51220,10
12.9494104385,80.2407913208,51220,51230,10
12.9501600266,80.2410202026,51230,51240,10
12.950799942,80.2412033081,51240,51250,10
12.950920105,80.2412261963,51250,51261,11
12.9510202408,80.2412796021,51261,51271,10
12.9514503479,80.2414321899,51271,51281,10
12.9521198273,80.2416534424,51281,51291,10
12.9529399872,80.2419815063,51291,51301,10
12.9536895752,80.2422790527,51301,51311,10
12.9544095993,80.2426071167,51311,51321,10
12.9549999237,80.2428131104,51321,51332,11
12.955739975,80.2431030273,51332,51342,10
12.956319809,80.2433319092,51342,51352,10
12.9565401077,80.2434463501,51352,51362,10
12.9571199417,80.2436676025,51362,51372,10
12.9578895569,80.2439880371,51372,51382,10
12.958319664,80.244178772,51382,51392,10
12.9586496353,80.2442932129,51392,51403,11
12.9588098526,80.2443618774,51403,51413,10
12.9590597153,80.2444763184,51413,51423,10
12.9596300125,80.2447280884,51423,51433,10
12.9603996277,80.2450790405,51433,51443,10
12.9613103867,80.2455062866,51443,51453,10
12.9623403549,80.2460174561,51453,51463,10
12.963350296,80.2465362549,51463,51473,10
12.9643201828,80.2469177246,51473,51484,11
12.9653902054,80.2472763062,51484,51494,10
12.9660902023,80.2474975586,51494,51504,10
12.9663600922,80.2476425171,51504,51514,10
12.9665203094,80.247718811,51514,51523,9
12.9665403366,80.2477416992,51523,51534,11
12.9667797089,80.2478713989,51534,51544,10
12.9671802521,80.2481079102,51544,51554,10
12.9678602219,80.2484283447,51554,51565,11
12.9687700272,80.2487716675,51565,51575,10
12.9697999954,80.2491226196,51575,51585,10
12.9709596634,80.2495422363,51585,51595,10
12.972240448,80.2498779297,51595,51605,10
12.9733200073,80.2501831055,51605,51615,10
12.9743499756,80.2504425049,51615,51625,10
12.975520134,80.250793457,51625,51636,11
12.9769001007,80.2512207031,51636,51646,10
12.9778404236,80.2518005371,51646,51656,10
12.9783802032,80.2521972656,51656,51666,10
12.9784402847,80.252243042,51666,51676,10
12.9785003662,80.2522583008,51676,51686,10
12.978890419,80.2524337769,51686,51696,10
12.9795198441,80.252571106,51696,51706,10
12.9801998138,80.2526473999,51706,51717,11
12.9811897278,80.2526397705,51717,51727,10
12.9820604324,80.2525787354,51727,51737,10
12.9830198288,80.2525024414,51737,51746,9
12.9840097427,80.252281189,51746,51757,11
12.9848899841,80.2520370483,51757,51767,10
12.9860200882,80.251739502,51767,51777,10
12.9868202209,80.2515411377,51777,51889,112
12.9868202209,80.2515411377,51889,51899,10
12.9870300293,80.2514419556,51899,51909,10
12.9874401093,80.2513427734,51909,51919,10
12.987950325,80.2512435913,51919,51929,10
12.9888095856,80.2510375977,51929,51939,10
12.9894504547,80.250869751,51939,51949,10
12.9895095825,80.2508392334,51949,51959,10
12.9898900986,80.2507705688,51959,51970,11
12.9905900955,80.250617981,51970,51980,10
12.9914197922,80.2503890991,51980,51990,10
12.992389679,80.2501373291,51990,52000,10
12.993519783,80.2498703003,52000,52010,10
12.994720459,80.2495574951,52010,52021,11
12.9960803986,80.2492523193,52021,52031,10
12.9969797134,80.2489471436,52031,52041,10
12.9970197678,80.2489471436,52041,52051,10
12.9973802567,80.2489013672,52051,52061,10
12.9980201721,80.2487411499,52061,52071,10
12.9988803864,80.2484970093,52071,52081,10
12.9998703003,80.2482681274,52081,52092,11
13.001159668,80.2479400635,52092,52102,10
13.002240181,80.2476577759,52102,52112,10
13.003370285,80.2474517822,52112,52122,10
13.0045204163,80.2473220825,52122,52132,10
13.0055103302,80.2471618652,52132,52142,10
13.0062198639,80.2468414307,52142,52152,10
13.0064601898,80.2464065552,52152,52163,11
13.0064897537,80.2463378906,52163,52173,10
13.0065202713,80.2459335327,52173,52183,10
13.0065603256,80.2452468872,52183,52193,10
13.0065803528,80.2444610596,52193,52203,10
13.0065803528,80.2437667847,52203,52213,10
13.0065498352,80.2429962158,52213,52223,10
13.0065202713,80.2421035767,52223,52233,10
13.0065402985,80.2412796021,52233,52244,11
13.0066995621,80.2406005859,52244,52254,10
13.0067796707,80.2398300171,52254,52264,10
13.0069799423,80.2387237549,52264,52274,10
13.0071802139,80.2378005981,52274,52284,10
13.0072803497,80.2374191284,52284,52294,10
13.0073299408,80.2369918823,52294,52315,21
13.0073299408,80.2369918823,52315,52325,10
13.0073900223,80.2367172241,52325,52335,10
13.0075397491,80.2362136841,52335,52345,10
13.0076398849,80.2356185913,52345,52355,10
13.0076799393,80.2354431152,52355,52365,10
13.0077800751,80.2350769043,52365,52375,10
13.0078897476,80.2344818115,52375,52385,10
13.0080699921,80.2335891724,52385,52396,11
13.0082998276,80.232383728,52396,52406,10
13.0085201263,80.2313232422,52406,52416,10
13.0087099075,80.2303314209,52416,52425,9
13.0089197159,80.2293624878,52425,52436,11
13.0091600418,80.2281417847,52436,52446,10
13.0096197128,80.2270889282,52446,52456,10
13.0101099014,80.226020813,52456,52466,10
13.0105495453,80.2251281738,52466,52477,11
13.010890007,80.224357605,52477,52487,10
13.011059761,80.2239379883,52487,52497,10
13.0110197067,80.2237625122,52497,52507,10
13.0111303329,80.2234573364,52507,52517,10
13.0113096237,80.2229385376,52517,52527,10
13.0116195679,80.2222595215,52527,52537,10
13.0119600296,80.2213821411,52537,52548,11
13.0121898651,80.2213363647,52548,52558,10
13.0124101639,80.2215805054,52558,52568,10
13.0127000809,80.2219924927,52568,52578,10
13.0128002167,80.2218017578,52578,52588,10
13.0135097504,80.2227096558,52588,52598,10
13.0139303207,80.2232284546,52598,52608,10
13.0141096115,80.2233505249,52608,52619,11
13.0144796371,80.2238616943,52619,52629,10
13.0151100159,80.2246780396,52629,52639,10
13.0155496597,80.2250289917,52639,52649,10
13.0155601501,80.2250366211,52649,52659,10
13.0159397125,80.2253265381,52659,52669,10
13.0166501999,80.2252578735,52669,52679,10
13.0174503326,80.224937439,52679,52689,10
13.0183601379,80.224571228,52689,52700,11
13.0195102692,80.2244033813,52700,52750,50
13.0195102692,80.2244033813,52750,52760,10
13.0196399689,80.2244796753,52760,52770,10
13.0199899673,80.2247009277,52770,52781,11
13.0205202103,80.2250671387,52781,52791,10
13.0208702087,80.2253112793,52791,52801,10
13.0212602615,80.2256317139,52801,52811,10
13.0218000412,80.2260284424,52811,52821,10
13.022310257,80.2264633179,52821,52831,10
13.0228700638,80.2269592285,52831,52841,10
13.0233297348,80.2274093628,52841,52852,11
13.023850441,80.2278823853,52852,52862,10
13.0241699219,80.2282028198,52862,52872,10
13.0243597031,80.2284011841,52872,52912,40
13.0243597031,80.2284011841,52912,52923,11
13.0241603851,80.2284088135,52923,52933,10
13.0237398148,80.2279586792,52933,52943,10
13.0233402252,80.2275390625,52943,52953,10
13.0230102539,80.2272491455,52953,52963,10
13.0228996277,80.2271575928,52963,52973,10
13.0226402283,80.2269363403,52973,52983,10
13.0223503113,80.2266769409,52983,53004,21
13.0223503113,80.2266769409,53004,53014,10
13.0221595764,80.2265014648,53014,53024,10
13.021730423,80.2261276245,53024,53034,10
13.0213804245,80.2258529663,53034,53044,10
13.0209903717,80.2255477905,53044,53054,10
13.0204696655,80.225189209,53054,53064,10
13.0200395584,80.224899292,53064,53074,10
13.0193595886,80.2245330811,53074,53085,11
13.0185203552,80.2246398926,53085,53095,10
13.0177001953,80.2249832153,53095,53105,10
13.0169401169,80.2253036499,53105,53115,10
13.016500473,80.2254714966,53115,53125,10
13.0162096024,80.2255401611,53125,53135,10
13.0154600143,80.2257537842,53135,53166,31
13.0154600143,80.2257537842,53166,53176,10
13.0153503418,80.2258071899,53176,53186,10
13.0149402618,80.2259902954,53186,53196,10
13.0143404007,80.2262191772,53196,53216,20
13.0143404007,80.2262191772,53216,53226,10
13.0142002106,80.2260131836,53226,53237,11
13.0141401291,80.2256011963,53237,53510,273
13.0141401291,80.2256011963,53510,53520,10
13.0141296387,80.2251815796,53520,53530,10
13.0142803192,80.2254714966,53530,53541,11
13.0142602921,80.2259216309,53541,53662,121
13.0142602921,80.2259216309,53662,53672,10
13.0142297745,80.2261199951,53672,53693,21
13.0142297745,80.2261199951,53693,53703,10
13.0139503479,80.226348877,53703,53713,10
13.0134601593,80.2265701294,53713,53723,10
13.0128803253,80.226852417,53723,53733,10
13.0122203827,80.2271270752,53733,53743,10
13.0114297867,80.2274017334,53743,53753,10
13.0105495453,80.2277374268,53753,53764,11
13.0097398758,80.2279968262,53764,53774,10
13.0096101761,80.2274703979,53774,53784,10
13.0099096298,80.2267303467,53784,53794,10
13.0102796555,80.2258911133,53794,53804,10
13.0105695724,80.2252120972,53804,53814,10
13.0108003616,80.2247314453,53814,53824,10
13.0110197067,80.2240982056,53824,53834,10
13.0110998154,80.2238769531,53834,53845,11
13.0111703873,80.2234725952,53845,53855,10
13.0112895966,80.2231903076,53855,53865,10
13.0116701126,80.2233200073,53865,53875,10
13.0121202469,80.2235794067,53875,53885,10
13.012720108,80.2239303589,53885,53895,10
13.013420105,80.2242889404,53895,53905,10
13.0141201019,80.2246398926,53905,53916,11
13.0146999359,80.2249832153,53916,53926,10
13.0151596069,80.2252578735,53926,53936,10
13.0155200958,80.2252807617,53936,53946,10
13.0158700943,80.2252807617,53946,53956,10
13.0164203644,80.2252578735,53956,53966,10
13.0170698166,80.2250213623,53966,53976,10
13.0178098679,80.2247161865,53976,53987,11
13.0186595917,80.224357605,53987,53997,10
13.0192804337,80.2242965698,53997,54007,10
13.0196800232,80.2244796753,54007,54017,10
13.0201396942,80.2248306274,54017,54027,10
13.0206699371,80.225189209,54027,54037,10
13.0212202072,80.2256622314,54037,54047,10
13.0220098495,80.2262420654,54047,54057,10
13.0228700638,80.2269668579,54057,54068,11
13.0237598419,80.2277679443,54068,54078,10
13.0242004395,80.2282104492,54078,54088,10
13.0242300034,80.2282333374,54088,54098,10
13.0242300034,80.2282714844,54098,54108,10
13.0242900848,80.2285003662,54108,54118,10
13.024020195,80.2283401489,54118,54128,10
13.0237798691,80.2279968262,54128,54139,11
13.0235004425,80.227722168,54139,54230,91
13.0235004425,80.227722168,54230,54240,10
13.0233402252,80.2275695801,54240,54250,10
13.0230798721,80.2273635864,54250,54422,172
13.0230798721,80.2273635864,54422,54432,10
13.0229301453,80.2271270752,54432,54442,10
13.022600174,80.2268371582,54442,54453,11
13.0220403671,80.2263565063,54453,54463,10
13.0213603973,80.2258300781,54463,54473,10
13.0206604004,80.2253036499,54473,54483,10
13.0201301575,80.2249832153,54483,54493,10
13.0199604034,80.224861145,54493,54503,10
13.0195703506,80.2246398926,54503,54513,10
13.0188703537,80.2245407104,54513,54524,11
13.0180501938,80.2248382568,54524,54534,10
13.0171499252,80.2252197266,54534,54544,10
13.0164299011,80.2255020142,54544,54554,10
13.0158195496,80.2257003784,54554,54564,10
13.0151195526,80.226020813,54564,54574,10
13.0145397186,80.2262496948,54574,54584,10
13.014380455,80.2263031006,54584,54594,10
13.0142698288,80.2263717651,54594,54605,11
13.0137195587,80.2265930176,54605,54615,10
13.0129995346,80.2268600464,54615,54625,10
13.0122900009,80.2271194458,54625,54635,10
13.011469841,80.2274703979,54635,54645,10
13.0104503632,80.2278594971,54645,54655,10
13.0095596313,80.228187561,54655,54665,10
13.0090904236,80.2287521362,54665,54676,11
13.0088701248,80.2298583984,54676,54685,9
13.0086402893,80.2309494019,54685,54696,11
13.0084104538,80.2322235107,54696,54706,10
13.0082597733,80.2331314087,54706,54716,10
13.0082101822,80.2336196899,54716,54726,10
13.0081300735,80.2338027954,54726,54736,10
13.0080404282,80.2342834473,54736,54747,11
13.0079202652,80.2349624634,54747,54757,10
13.0076999664,80.2358398438,54757,54767,10
13.0074996948,80.2368392944,54767,54777,10
13.0073299408,80.23777771,54777,54787,10
13.0071601868,80.2386779785,54787,54797,10
13.0069904327,80.2395172119,54797,54807,10
13.0068397522,80.2402801514,54807,54817,10
13.0066995621,80.2411575317,54817,54827,10
13.0066604614,80.2422103882,54827,54838,11
13.006649971,80.2429885864,54838,54848,10
13.0066604614,80.2436294556,54848,54858,10
13.0066604614,80.244468689,54858,54868,10
13.0066699982,80.2454376221,54868,54878,10
13.0066995621,80.2461776733,54878,54888,10
13.0066900253,80.2466430664,54888,54898,10
13.0066699982,80.2472000122,54898,54909,11
13.0062198639,80.247428894,54909,54919,10
13.0061597824,80.2474365234,54919,54929,10
13.0057601929,80.2474822998,54929,54939,10
13.0050697327,80.2474365234,54939,54949,10
13.0041704178,80.2474899292,54949,54959,10
13.0030603409,80.2476577759,54959,54969,10
13.0021896362,80.2478637695,54969,54979,10
13.0012302399,80.2480926514,54979,54990,11
12.9999704361,80.2484207153,54990,55000,10
12.9987802505,80.2487335205,55000,55010,10
12.9981498718,80.2488937378,55010,55020,10
12.9980201721,80.2489395142,55020,55030,10
12.9975004196,80.2490310669,55030,55040,10
12.9966802597,80.2492523193,55040,55051,11
12.9955196381,80.2495574951,55051,55061,10
12.9942998886,80.2498931885,55061,55071,10
12.9929800034,80.2501983643,55071,55081,10
12.9916696548,80.2505493164,55081,55091,10
12.9910402298,80.2507095337,55091,55101,10
12.9906597137,80.2508010864,55101,55111,10
12.9898996353,80.2510070801,55111,55121,10
12.9889297485,80.2512588501,55121,55131,10
12.9883804321,80.251449585,55131,55162,31
12.9882202148,80.2513809204,55162,55223,61
12.9882202148,80.2513809204,55223,55233,10
12.9882602692,80.2515182495,55233,55243,10
12.9878997803,80.2515563965,55243,55253,10
12.987279892,80.251663208,55253,55263,10
12.9865503311,80.2518615723,55263,55273,10
12.9860401154,80.2519302368,55273,55284,11
12.9852199554,80.252166748,55284,55294,10
12.9840602875,80.2524871826,55294,55304,10
12.9828395844,80.2527084351,55304,55314,10
12.9814996719,80.252746582,55314,55324,10
12.9802703857,80.2528305054,55324,55334,10
12.9796199799,80.2527770996,55334,55344,10
12.9790496826,80.2527236938,55344,55355,11
12.9787502289,80.2526702881,55355,55365,10
12.9783697128,80.252456665,55365,55375,10
12.9778003693,80.2519683838,55375,55385,10
12.9769697189,80.2514038086,55385,55395,10
12.9757795334,80.2510375977,55395,55405,10
12.9744997025,80.2506790161,55405,55415,10
12.97315979,80.2503204346,55415,55425,10
12.9717597961,80.2499465942,55425,55435,10
12.9703702927,80.2495803833,55435,55446,11
12.9688997269,80.2490234375,55446,55456,10
12.9676198959,80.2485198975,55456,55466,10
12.9665899277,80.2480010986,55466,55476,10
12.9657697678,80.2476425171,55476,55486,10
12.9651699066,80.247428894,55486,55496,10
12.9650001526,80.2473526001,55496,55506,10
12.9644498825,80.247177124,55506,55517,11
12.9636898041,80.2469177246,55517,55527,10
12.9629201889,80.2465286255,55527,55537,10
12.9618997574,80.2460021973,55537,55547,10
12.9608097076,80.2454681396,55547,55557,10
12.9600496292,80.2451019287,55557,55567,10
12.9594898224,80.2448425293,55567,55577,10
12.9588298798,80.2445373535,55577,55588,11
12.9580402374,80.2442016602,55588,55598,10
12.9573402405,80.2439804077,55598,55608,10
12.9568796158,80.243850708,55608,55618,10
12.9568300247,80.2438201904,55618,55628,10
12.9565496445,80.2437362671,55628,55638,10
12.9561004639,80.243560791,55638,55648,10
12.9553899765,80.2432022095,55648,55658,10
12.954460144,80.2427825928,55658,55669,11
12.9532299042,80.2422409058,55669,55679,10
12.9520196915,80.2417984009,55679,55689,10
12.9516401291,80.2416915894,55689,55698,9
12.9514198303,80.2416305542,55698,55709,11
12.9507398605,80.2413635254,55709,55719,10
12.9498195648,80.2411193848,55719,55729,10
12.9487400055,80.2407531738,55729,55739,10
12.9476203918,80.2402801514,55739,55750,11
12.947259903,80.2401275635,55750,55760,10
12.9471502304,80.2400588989,55760,55770,10
12.9466495514,80.2398376465,55770,55780,10
12.9458904266,80.2395172119,55780,55790,10
12.9450397491,80.2389831543,55790,55800,10
12.9442100525,80.2380981445,55800,55810,10
12.94328022,80.2371368408,55810,55821,11
12.9419698715,80.2364120483,55821,55831,10
12.940580368,80.236076355,55831,55841,10
12.9397602081,80.2358398438,55841,55850,9
12.9396495819,80.2358016968,55850,55861,11
12.9391899109,80.2355804443,55861,55871,10
12.9384498596,80.2351913452,55871,55881,10
12.9375095367,80.2347106934,55881,55892,11
12.9363698959,80.2341537476,55892,55902,10
12.9354496002,80.2337112427,55902,55912,10
12.9343795776,80.2332229614,55912,55922,10
12.9338598251,80.233001709,55922,55932,10
12.9334201813,80.2327880859,55932,55942,10
12.9326601028,80.232460022,55942,55952,10
12.9316997528,80.232170105,55952,55963,11
12.9303998947,80.2317733765,55963,55973,10
12.929189682,80.2314910889,55973,55983,10
12.928560257,80.2313613892,55983,55993,10
12.927740097,80.2312088013,55993,56003,10
12.9266700745,80.2311019897,56003,56013,10
12.9254703522,80.2309799194,56013,56023,10
12.9241800308,80.230796814,56023,56033,10
12.9228801727,80.2306289673,56033,56044,11
12.9215202332,80.2304077148,56044,56054,10
12.9203100204,80.2302932739,56054,56064,10
12.9189796448,80.2301177979,56064,56074,10
12.9175796509,80.2299423218,56074,56084,10
12.9161996841,80.2297515869,56084,56094,10
12.914850235,80.2295684814,56094,56104,10
12.9139404297,80.2294387817,56104,56115,11
12.9132204056,80.2293701172,56115,56125,10
12.913020134,80.2293319702,56125,56135,10
12.9124298096,80.2292480469,56135,56145,10
12.9115104675,80.2290878296,56145,56155,10
12.910369873,80.2289276123,56155,56165,10
12.9090900421,80.2287216187,56165,56175,10
12.9071903229,80.2284393311,56175,56216,41
12.9071903229,80.2284393311,56216,56226,10
12.906999588,80.2283782959,56226,56236,10
12.9064798355,80.2283401489,56236,56246,10
12.9056501389,80.2283096313,56246,56256,10
12.9046201706,80.2282180786,56256,56267,11
12.9032897949,80.2281799316,56267,56277,10
12.9021396637,80.2281112671,56277,56287,10
12.9013900757,80.2281036377,56287,56307,20
12.9013900757,80.2281036377,56307,56317,10
12.9012899399,80.2280731201,56317,56327,10
12.901140213,80.2280731201,56327,56337,10
12.9007701874,80.2280807495,56337,56348,11
12.8997097015,80.2280502319,56348,56368,20
12.8997097015,80.2280502319,56368,56378,10
12.8995895386,80.2279815674,56378,56388,10
12.899479866,80.2279586792,56388,56398,10
12.8989601135,80.2279281616,56398,56408,10
12.8980998993,80.2278671265,56408,56418,10
12.8971204758,80.2277984619,56418,56429,11
12.8957901001,80.2277297974,56429,56439,10
12.8944997787,80.2276611328,56439,56449,10
12.8931798935,80.2275390625,56449,56459,10
12.8922996521,80.2274475098,56459,56469,10
12.8914699554,80.227432251,56469,56479,10
12.8903999329,80.2274475098,56479,56489,10
12.8891296387,80.2274780273,56489,56500,11
12.8877897263,80.2273788452,56500,56510,10
12.8862495422,80.2270584106,56510,56520,10
12.8851995468,80.2268218994,56520,56530,10
12.8849601746,80.2267837524,56530,56540,10
12.8844604492,80.2267608643,56540,56550,10
12.8836297989,80.2267837524,56550,56560,10
12.8825702667,80.2268218994,56560,56571,11
12.881310463,80.2268218994,56571,56581,10
12.87981987,80.2268295288,56581,56591,10
12.8784103394,80.226890564,56591,56601,10
12.877120018,80.2269821167,56601,56611,10
12.8765001297,80.2270584106,56611,56621,10
12.8760700226,80.2270812988,56621,56631,10
12.8752698898,80.2270431519,56631,56641,10
12.8743000031,80.2269134521,56641,56652,11
12.8731803894,80.2267990112,56652,56662,10
12.8726797104,80.2268066406,56662,56672,10
12.8724298477,80.2268066406,56672,56682,10
12.8717498779,80.2267913818,56682,56692,10
12.8708200455,80.2267379761,56692,56702,10
12.8697004318,80.2266235352,56702,56712,10
12.8684501648,80.2265014648,56712,56723,11
12.867099762,80.2265777588,56723,56733,10
12.8655996323,80.2266998291,56733,56743,10
12.8642101288,80.2266693115,56743,56753,10
12.8627796173,80.2266464233,56753,56763,10
12.8614397049,80.2267227173,56763,56773,10
12.8610496521,80.2266998291,56773,56783,10
12.8606901169,80.2266464233,56783,56793,10
12.8599500656,80.2265167236,56793,56804,11
12.858880043,80.2263717651,56804,56814,10
12.8576698303,80.2263183594,56814,56824,10
12.8563699722,80.2264099121,56824,56834,10
12.8550100327,80.2265319824,56834,56844,10
12.8536100388,80.2266769409,56844,56854,10
12.8521604538,80.2267227173,56854,56864,10
12.8507099152,80.2266769409,56864,56874,10
12.8492298126,80.2266464233,56874,56885,11
12.8477096558,80.2266387939,56885,56895,10
12.8463497162,80.2266464233,56895,56905,10
12.8455495834,80.2266921997,56905,56915,10
12.8455495834,80.2266616821,56915,56925,10
12.8451595306,80.2266693115,56925,56935,10
12.8444795609,80.2267303467,56935,56945,10
12.843580246,80.2267837524,56945,56956,11
12.8423099518,80.2270202637,56956,56966,10
12.8409900665,80.2273635864,56966,56976,10
12.8401203156,80.2276000977,56976,56986,10
12.8395996094,80.2277374268,56986,56996,10
12.83934021,80.2278366089,56996,57006,10
12.8386697769,80.2280502319,57006,57016,10
12.837770462,80.2282104492,57016,57026,10
12.8366203308,80.2284011841,57026,57037,11
12.8352003098,80.2286529541,57037,57047,10
12.833820343,80.2288589478,57047,57057,10
12.8318195343,80.2292480469,57057,57097,40
12.8318195343,80.2292480469,57097,57108,11
12.8316402435,80.2292709351,57108,57118,10
12.8315601349,80.2290115356,57118,57128,10
12.8315601349,80.2289962769,57128,57138,10
12.8314800262,80.2285690308,57138,57148,10
12.8313503265,80.2279663086,57148,57158,10
12.8311901093,80.2271499634,57158,57168,10
12.8310203552,80.2260894775,57168,57178,10
12.8310203552,80.2249832153,57178,57189,11
12.8310203552,80.224571228,57189,57199,10
12.8310203552,80.2239532471,57199,57209,10
12.8310403824,80.2230682373,57209,57219,10
12.8310203552,80.2222976685,57219,57229,10
12.8310203552,80.2219772339,57229,57239,10
12.8310403824,80.221282959,57239,57249,10
12.831029892,80.2204208374,57249,57260,11
12.8310203552,80.2197799683,57260,57270,10
12.8307800293,80.2195205688,57270,57280,10
12.8302001953,80.2195129395,57280,57290,10
12.8295202255,80.2194976807,57290,57300,10
12.8287200928,80.2194595337,57300,57310,10
12.8275499344,80.2194595337,57310,57330,20
12.8275499344,80.2194595337,57330,57340,10
12.8273296356,80.2194595337,57340,57350,10
12.8267602921,80.2194595337,57350,57361,11
12.8261299133,80.2194595337,57361,57371,10
12.8258895874,80.219367981,57371,57381,10
12.8259000778,80.2191085815,57381,57391,10
12.8258800507,80.218460083,57391,57401,10
12.8258895874,80.2175369263,57401,57412,11
12.8258600235,80.2162017822,57412,57422,10
12.8258600235,80.2162017822,57422,57432,10
12.8256101608,80.2160568237,57432,57442,10
12.8251199722,80.2160491943,57442,57452,10
12.8248500824,80.2160797119,57452,57462,10
12.824839592,80.2160873413,57462,57472,10
12.8243398666,80.2161026001,57472,58275,803
12.8243398666,80.2161026001,58275,58285,10
12.8236999512,80.2160415649,58285,58295,10
12.8236999512,80.2160415649,58295,58305,10
12.8230600357,80.2160720825,58305,58315,10
12.8227701187,80.2161026001,58315,58326,11
12.822719574,80.2166824341,58326,58336,10
12.822719574,80.2174987793,58336,58346,10
12.8226900101,80.21849823,58346,58356,10
12.8226995468,80.2191009521,58356,58365,9
12.8227100372,80.21925354,58365,58376,11
12.8227701187,80.2193984985,58376,58385,9
12.8230600357,80.2194290161,58385,58396,11
12.8233003616,80.2194595337,58396,58407,11
12.8235397339,80.2194976807,58407,58417,10
12.8241300583,80.2195129395,58417,58427,10
12.8249998093,80.2194519043,58427,58437,10
12.8253898621,80.2194137573,58437,58447,10
12.8254699707,80.2194213867,58447,58456,9
12.8256702423,80.2194213867,58456,58467,11
12.8261003494,80.2193984985,58467,58477,10
12.8261404037,80.2193908691,58477,58488,11
12.8265104294,80.2193908691,58488,58498,10
12.8270301819,80.2194213867,58498,58507,9
12.827050209,80.2194213867,58507,58517,10
12.8271903992,80.2194290161,58517,58528,11
12.8271903992,80.2194366455,58528,58538,10
12.8273601532,80.2194213867,58538,58548,10
12.8275003433,80.2194213867,58548,58557,9
12.8276796341,80.2194137573,58557,58589,32
12.8276796341,80.2194137573,58589,58599,10
12.8278999329,80.2194137573,58599,58609,10
12.8284597397,80.2194366455,58609,58619,10
12.8292703629,80.2194366455,58619,58630,11
12.8303899765,80.2194366455,58630,58640,10
12.8308296204,80.2194595337,58640,58650,10
12.8309202194,80.2194824219,58650,58660,10
12.8311901093,80.2197875977,58660,58670,10
12.8311796188,80.2205581665,58670,58680,10
12.8311595917,80.2215194702,58680,58690,10
12.8311595917,80.2221603394,58690,58700,10
12.8311395645,80.2225494385,58700,58710,10
12.8311300278,80.2232513428,58710,58721,11
12.8311195374,80.2242279053,58721,58731,10
12.8311300278,80.2247009277,58731,58741,10
12.8311195374,80.2252120972,58741,58751,10
12.8311395645,80.226020813,58751,58761,10
12.8312397003,80.2269287109,58761,58771,10
12.8314695358,80.2279968262,58771,58781,10
12.8316297531,80.228767395,58781,58792,11
12.8316402435,80.2287979126,58792,58802,10
12.8316898346,80.2289810181,58802,58832,30
12.8316898346,80.2289810181,58832,58842,10
12.8319301605,80.2290802002,58842,58852,10
12.8323802948,80.2289962769,58852,58862,10
12.8331203461,80.2288665771,58862,58873,11
12.8341703415,80.2286911011,58873,58883,10
12.8353395462,80.2284927368,58883,58893,10
12.8366003036,80.228302002,58893,58903,10
12.8378000259,80.2281265259,58903,58913,10
12.8386201859,80.2279434204,58913,58923,10
12.8390703201,80.2277984619,58923,58933,10
12.839220047,80.227722168,58933,58944,11
12.8393297195,80.2276763916,58944,58954,10
12.8395004272,80.2276382446,58954,58964,10
12.8396997452,80.2275772095,58964,58974,10
12.8402395248,80.2275009155,58974,58984,10
12.8409795761,80.2273178101,58984,58994,10
12.8418703079,80.2270584106,58994,59004,10
12.8429603577,80.2268218994,59004,59015,11
12.8441896439,80.2266235352,59015,59025,10
12.845290184,80.2265396118,59025,59045,20
12.845290184,80.2265396118,59045,59055,10
12.8455200195,80.2265090942,59055,59065,10
12.8458404541,80.2265167236,59065,59075,10
12.8462095261,80.2265014648,59075,59086,11
12.8466596603,80.2265167236,59086,59096,10
12.8473796844,80.2265167236,59096,59106,10
12.8481502533,80.2265167236,59106,59116,10
12.84897995,80.2265319824,59116,59126,10
12.8497896194,80.2265167236,59126,59136,10
12.8499202728,80.2265319824,59136,59146,10
12.8500699997,80.2265396118,59146,59156,10
12.850520134,80.2265396118,59156,59166,10
12.8512296677,80.2265625,59166,59177,11
12.8522195816,80.2265930176,59177,59187,10
12.8533401489,80.2266082764,59187,59197,10
12.854590416,80.2265167236,59197,59207,10
12.8558797836,80.2263793945,59207,59217,10
12.8571195602,80.2262191772,59217,59227,10
12.8580999374,80.2261810303,59227,59238,11
12.858420372,80.2262191772,59238,59248,10
12.8589496613,80.226272583,59248,59258,10
12.859749794,80.2263717651,59258,59268,10
12.8606595993,80.2265014648,59268,59278,10
12.8608398438,80.2265319824,59278,59288,10
12.8612604141,80.2265396118,59288,59298,10
12.8619699478,80.2264862061,59298,59308,10
12.8628396988,80.2264633179,59308,59319,11
12.8640403748,80.2264785767,59319,59329,10
12.8653097153,80.2265396118,59329,59339,10
12.8665895462,80.2264785767,59339,59349,10
12.8678703308,80.2263565063,59349,59359,10
12.8691701889,80.2264022827,59359,59369,10
12.8705196381,80.2265625,59369,59379,10
12.8718204498,80.2266235352,59379,59390,11
12.8728303909,80.2266082764,59390,59400,10
12.8730401993,80.2266387939,59400,59410,10
12.8735704422,80.2266769409,59410,59420,10
12.8743801117,80.2267684937,59420,59430,10
12.8753204346,80.226890564,59430,59440,10
12.876159668,80.2269210815,59440,59450,10
12.8766202927,80.2268829346,59450,59460,10
12.8767204285,80.2268600464,59460,59470,10
12.8771696091,80.2268218994,59470,59481,11
12.8780097961,80.2267608643,59481,59491,10
12.8789396286,80.2266998291,59491,59501,10
12.8800601959,80.2266616821,59501,59511,10
12.8812999725,80.2266693115,59511,59521,10
12.882610321,80.2266693115,59521,59531,10
12.8839797974,80.2266616821,59531,59542,11
12.8849401474,80.2266464233,59542,59552,10
12.8851003647,80.2266387939,59552,59562,10
12.8852396011,80.2266387939,59562,59572,10
12.8857698441,80.2267532349,59572,59582,10
12.8865604401,80.2269668579,59582,59592,10
12.8875303268,80.2271881104,59592,59602,10
12.8886995316,80.2272796631,59602,59612,10
12.8899803162,80.2273025513,59612,59622,10
12.8914499283,80.2273178101,59622,59633,11
12.8927497864,80.2273864746,59633,59643,10
12.894080162,80.2275695801,59643,59653,10
12.8953399658,80.2276306152,59653,59663,10
12.8966703415,80.2276611328,59663,59673,10
12.8978300095,80.227722168,59673,59683,10
12.8985099792,80.2277603149,59683,59693,10
12.8992900848,80.2277984619,59693,59704,11
12.8999996185,80.2278213501,59704,59714,10
12.9007797241,80.2278366089,59714,59835,121
12.9007797241,80.2278366089,59835,59846,11
12.9008998871,80.2278594971,59846,59856,10
12.9013299942,80.2279434204,59856,59866,10
12.9020299911,80.2279586792,59866,59876,10
12.9026498795,80.2279586792,59876,59886,10
12.9027004242,80.2279510498,59886,59896,10
12.9030399323,80.2279815674,59896,59906,10
12.9036998749,80.2279968262,59906,59916,10
12.904009819,80.2280273438,59916,59927,11
12.9041099548,80.2280426025,59927,59937,10
12.9046401978,80.2280578613,59937,59947,10
12.9051198959,80.2280807495,59947,59957,10
12.9054298401,80.2280807495,59957,59967,10
12.9056501389,80.2280426025,59967,60028,61
12.9056501389,80.2280426025,60028,60038,10
12.9060001373,80.2281265259,60038,60058,20
12.9060001373,80.2281265259,60058,60068,10
12.9062795639,80.2281570435,60068,60078,10
12.9067201614,80.2282180786,60078,60089,11
12.9069404602,80.2282333374,60089,60099,10
12.9071702957,80.2282333374,60099,60109,10
12.9077596664,80.2283325195,60109,60119,10
12.9085798264,80.228477478,60119,60129,10
12.9096403122,80.2286682129,60129,60139,10
12.9108600616,80.2288589478,60139,60149,10
12.9121799469,80.2290496826,60149,60160,11
12.9135198593,80.2292175293,60160,60170,10
12.9138402939,80.2292327881,60170,60180,10
12.9139404297,80.2292480469,60180,60190,10
12.914150238,80.2292785645,60190,60200,10
12.9147195816,80.2293930054,60200,60210,10
12.9154996872,80.2295227051,60210,60220,10
12.916469574,80.2296905518,60220,60230,10
12.9176397324,80.2298431396,60230,60241,11
12.9189596176,80.2300186157,60241,60251,10
12.9199800491,80.2301177979,60251,60261,10
12.9211502075,80.2302627563,60261,60271,10
12.922419548,80.2304382324,60271,60281,10
12.9236402512,80.2306289673,60281,60291,10
12.9248399734,80.2308197021,60291,60302,11
12.9261398315,80.2308807373,60302,60312,10
12.926320076,80.2309188843,60312,60322,10
12.9264602661,80.2309494019,60322,60332,10
12.9269304276,80.2310333252,60332,60342,10
12.9276599884,80.2311096191,60342,60352,10
12.9285097122,80.2312393188,60352,60362,10
12.9292201996,80.2313613892,60362,60372,10
12.9300203323,80.2315597534,60372,60383,11
12.9310798645,80.2318496704,60383,60393,10
12.9322004318,80.2322006226,60393,60403,10
12.9336395264,80.2327194214,60403,60423,20
12.9336395264,80.2327194214,60423,60433,10
12.9339199066,80.2328567505,60433,60443,10
12.9344797134,80.2331314087,60443,60454,11
12.9352302551,80.2334594727,60454,60464,10
12.9361696243,80.2339172363,60464,60474,10
12.9371795654,80.2343902588,60474,60484,10
12.9382600784,80.2349319458,60484,60494,10
12.9393501282,80.2354431152,60494,60504,10
12.9396095276,80.2355728149,60504,60514,10
12.9396800995,80.2356185913,60514,60524,10
12.9400997162,80.235786438,60524,60535,11
12.9408798218,80.2360076904,60535,60545,10
12.9417104721,80.2362289429,60545,60555,10
12.9426898956,80.2365264893,60555,60565,10
12.9435997009,80.2372283936,60565,60575,10
12.9443502426,80.23802948,60575,60585,10
12.9451799393,80.238861084,60585,60595,10
12.9462299347,80.2394714355,60595,60605,10
12.94713974,80.2398910522,60605,60616,11
12.9472103119,80.2399215698,60616,60626,10
12.9472999573,80.2399673462,60626,60636,10
12.9477300644,80.2401428223,60636,60646,10
12.9484300613,80.240447998,60646,60656,10
12.9491901398,80.2407836914,60656,60666,10
12.9501199722,80.2410430908,60666,60676,10
12.9510602951,80.2413101196,60676,60727,51
12.9510602951,80.2413101196,60727,60737,10
12.9514904022,80.2414703369,60737,60747,10
12.9520597458,80.2417297363,60747,60757,10
12.9528303146,80.2419967651,60757,60768,11
12.9538402557,80.2423477173,60768,60778,10
12.9548397064,80.2427825928,60778,60788,10
12.9555797577,80.2430496216,60788,60798,10
12.9562397003,80.243270874,60798,60808,10
12.9564399719,80.2433166504,60808,60818,10
12.9569101334,80.2435684204,60818,60828,10
12.9576396942,80.2439117432,60828,60838,10
12.9585599899,80.2442779541,60838,60849,11
12.9588098526,80.2443695068,60849,60859,10
12.9589195251,80.244392395,60859,60869,10
12.959280014,80.2445602417,60869,60879,10
12.9598703384,80.2448577881,60879,60889,10
12.9606399536,80.2452163696,60889,60899,10
12.9615402222,80.2456665039,60899,60910,11
12.9624700546,80.2461090088,60910,60920,10
12.962679863,80.2461929321,60920,60930,10
12.9629297256,80.2463302612,60930,60940,10
12.9633703232,80.2465896606,60940,60950,10
12.9639101028,80.2468109131,60950,60960,10
12.9645700455,80.2470397949,60960,60970,10
12.9652795792,80.2472915649,60970,60980,10
12.9660797119,80.2475814819,60980,60991,11
12.9666500092,80.247833252,60991,61011,20
12.9666500092,80.247833252,61011,61021,10
12.9669103622,80.2479629517,61021,61031,10
12.9670801163,80.2480163574,61031,61041,10
12.9675197601,80.2482223511,61041,61051,10
12.9682302475,80.2485198975,61051,61062,11
12.9691295624,80.248878479,61062,61072,10
12.9701099396,80.2492980957,61072,61082,10
12.9712400436,80.2497406006,61082,61092,10
12.9724502563,80.2500228882,61092,61102,10
12.9737100601,80.2503509521,61102,61112,10
12.9750204086,80.2507476807,61112,61122,10
12.9763698578,80.251159668,61122,61132,10
12.9776000977,80.251663208,61132,61143,11
12.9786100388,80.2523880005,61143,61163,20
12.9786100388,80.2523880005,61163,61173,10
12.9788398743,80.252532959,61173,61183,10
12.9790802002,80.2525787354,61183,61193,10
12.9793901443,80.2525787354,61193,61203,10
12.9799604416,80.2525787354,61203,61214,11
12.9805002213,80.2526321411,61214,61224,10
12.9810400009,80.2526092529,61224,61234,10
12.9818000793,80.2525787354,61234,61244,10
12.9827299118,80.2525405884,61244,61254,10
12.9833297729,80.2524719238,61254,61264,10
12.9836397171,80.2523803711,61264,61274,10
12.984120369,80.2522583008,61274,61284,10
12.984629631,80.2521362305,61284,61295,11
12.9854297638,80.2519073486,61295,61305,10
12.9859399796,80.2517166138,61305,61315,10
12.9863100052,80.2516708374,61315,61325,10
12.9867601395,80.2515792847,61325,61335,10
12.9871702194,80.2514801025,61335,61345,10
12.9876203537,80.2513275146,61345,61355,10
12.9880304337,80.2512512207,61355,61366,11
12.9893503189,80.2508773804,61366,61386,20
12.9893503189,80.2508773804,61386,61395,9
12.9895200729,80.2508087158,61395,61406,11
12.9900798798,80.2507400513,61406,61416,10
12.990819931,80.2505722046,61416,61426,10
12.9916696548,80.2503585815,61426,61436,10
12.9926395416,80.2500991821,61436,61447,11
12.9938602448,80.2498168945,61447,61457,10
12.995059967,80.2495193481,61457,61467,10
12.9965400696,80.2490615845,61467,61497,30
12.9965400696,80.2490615845,61497,61507,10
12.9967403412,80.2489929199,61507,61518,11
12.9973201752,80.248878479,61518,61528,10
12.9980897903,80.2487030029,61528,61538,10
12.9989595413,80.2484970093,61538,61548,10
12.9999303818,80.248260498,61548,61558,10
13.0010700226,80.248008728,61558,61568,10
13.0020103455,80.2477722168,61568,61578,10
13.0027103424,80.2476119995,61578,61588,10
13.0035495758,80.2474594116,61588,61599,11
13.0046300888,80.2473602295,61599,61609,10
13.005490303,80.2471923828,61609,61619,10
13.0060796738,80.2469863892,61619,61629,10
13.0064401627,80.2465667725,61629,61649,20
13.0064401627,80.2465667725,61649,61659,10
13.0065402985,80.2462310791,61659,61670,11
13.0066003799,80.2456283569,61670,61680,10
13.0066003799,80.2449798584,61680,61690,10
13.0065803528,80.2443618774,61690,61700,10
13.0065603256,80.2438201904,61700,61710,10
13.0065402985,80.243270874,61710,61720,10
13.0065202713,80.2425613403,61720,61730,10
13.0065402985,80.2416229248,61730,61740,10
13.0065603256,80.2411575317,61740,61751,11
13.0065898895,80.2409133911,61751,61761,10
13.0066604614,80.2405166626,61761,61771,10
13.0066795349,80.2404327393,61771,61781,10
13.0067195892,80.2402572632,61781,61791,10
13.0067796707,80.2398071289,61791,61801,10
13.0069198608,80.2391281128,61801,61811,10
13.0070896149,80.2383270264,61811,61822,11
13.0073003769,80.2376022339,61822,61832,10
13.0073604584,80.2369308472,61832,61842,10
13.0073795319,80.2367706299,61842,61852,10
13.0073795319,80.2367095947,61852,61862,10
13.0074901581,80.2363586426,61862,61872,10
13.007610321,80.2358093262,61872,61882,10
13.0077400208,80.2351379395,61882,61892,10
13.007900238,80.2343521118,61892,61902,10
13.008099556,80.2334213257,61902,61913,11
13.0082902908,80.2324066162,61913,61923,10
13.0084600449,80.2314834595,61923,61933,10
13.0086402893,80.2304534912,61933,61943,10
13.0088396072,80.2294921875,61943,61953,10
13.0090303421,80.2286376953,61953,61963,10
13.0092697144,80.2278900146,61963,61974,11
13.0097103119,80.2269821167,61974,61984,10
13.0101499557,80.2261428833,61984,61994,10
13.0104703903,80.2255172729,61994,62004,10
13.0106401443,80.2251281738,62004,62014,10
13.0108003616,80.2247390747,62014,62024,10
13.0110197067,80.2240982056,62024,62034,10
13.011300087,80.2233886719,62034,62065,31
13.011300087,80.2233886719,62065,62075,10
13.0114803314,80.2230377197,62075,62085,10
13.0116596222,80.2225418091,62085,62095,10
13.0119600296,80.2217330933,62095,62105,10
13.012339592,80.2215576172,62105,62115,10
13.0126800537,80.222038269,62115,62126,11
13.0132398605,80.2226486206,62126,62136,10
13.0138502121,80.2232971191,62136,62146,10
13.0143899918,80.2239990234,62146,62156,10
13.0149402618,80.2245635986,62156,62166,10
13.0156002045,80.2250289917,62166,62206,40
13.0156002045,80.2250289917,62206,62217,11
13.0158901215,80.2252426147,62217,62227,10
13.0165300369,80.2252731323,62227,62237,10
13.0173797607,80.2249832153,62237,62247,10
13.0183897018,80.2245788574,62247,62257,10
13.0194797516,80.2243423462,62257,62298,41
13.0194797516,80.2243423462,62298,62308,10
13.0195903778,80.2244567871,62308,62318,10
13.0199899673,80.2247009277,62318,62328,10
13.0205097198,80.2250900269,62328,62338,10
13.0210895538,80.2255020142,62338,62348,10
13.0217399597,80.2259902954,62348,62358,10
13.0223398209,80.2264633179,62358,62369,11
13.0227098465,80.2267608643,62369,62379,10
13.0228996277,80.2269134521,62379,62389,10
13.0229797363,80.2270278931,62389,62399,10
13.0230998993,80.2272109985,62399,62409,10
13.0232601166,80.2273406982,62409,62419,10
13.0234699249,80.2275009155,62419,62430,11
13.0234899521,80.2275238037,62430,62440,10
13.0236997604,80.2276763916,62440,62450,10
13.0240497589,80.2280578613,62450,62460,10
13.0242395401,80.2283096313,62460,62470,10
13.0243597031,80.2284698486,62470,62480,10
13.0242395401,80.2285995483,62480,62490,10
13.0239896774,80.2282714844,62490,62500,10
13.0235204697,80.2277832031,62500,63129,629
13.0235204697,80.2277832031,63129,63139,10
13.023229599,80.2275085449,63139,63149,10
13.0228595734,80.2271728516,63149,63159,10
13.0225400925,80.2268295288,63159,63169,10
13.0223302841,80.2266616821,63169,63179,10
13.0218400955,80.2262420654,63179,63189,10
13.0212697983,80.2257919312,63189,63200,11
13.0206203461,80.2252807617,63200,63210,10
13.02023983,80.2250823975,63210,63220,10
13.0200004578,80.2249221802,63220,63230,10
13.019490242,80.2246170044,63230,63240,10
13.0187397003,80.2246170044,63240,63250,10
13.0180196762,80.2248764038,63250,63260,10
13.0172395706,80.225189209,63260,63271,11
13.0165395737,80.225479126,63271,63281,10
13.0161895752,80.2256164551,63281,63291,10
13.0158004761,80.2257537842,63291,63301,10
13.0152702332,80.2259597778,63301,63311,10
13.0146303177,80.2261962891,63311,63321,10
13.0141601563,80.2264175415,63321,63331,10
13.0141401291,80.2264328003,63331,63341,10
13.0139904022,80.2264862061,63341,63352,11
13.0135202408,80.2266387939,63352,63362,10
13.0128803253,80.2268600464,63362,63372,10
13.0120697021,80.227180481,63372,63382,10
13.0111398697,80.2275619507,63382,63392,10
13.0101995468,80.2279510498,63392,63402,10
13.0095701218,80.2281723022,63402,63412,10
13.0092000961,80.2284622192,63412,63423,11
13.009059906,80.2291488647,63423,63433,10
13.0089101791,80.2300415039,63433,63443,10
13.0087099075,80.2309875488,63443,63452,9
13.0085496902,80.2317810059,63452,63463,11
13.0082998276,80.2334823608,63463,63483,20
13.0082998276,80.2334823608,63483,63493,10
13.0082798004,80.233581543,63493,63504,11
13.0081796646,80.2338790894,63504,63514,10
13.008099556,80.2342834473,63514,63524,10
13.0079603195,80.2349395752,63524,63534,10
13.0077800751,80.2358322144,63534,63544,10
13.0075597763,80.2369003296,63544,63554,10
13.007399559,80.237701416,63554,63564,10
13.0072402954,80.2385025024,63564,63575,11
13.0070695877,80.2393417358,63575,63585,10
13.0070199966,80.2395935059,63585,63595,10
13.0069999695,80.2397613525,63595,63605,10
13.0068998337,80.2405776978,63605,63625,20
13.0068998337,80.2405776978,63625,63635,10
13.0068902969,80.2407302856,63635,63645,10
13.0067796707,80.2411727905,63645,63656,11
13.0067396164,80.2420272827,63656,63666,10
13.0066995621,80.2429199219,63666,63696,30
13.0066995621,80.2429199219,63696,63706,10
13.0066900253,80.2432785034,63706,63716,10
13.0066795349,80.2435836792,63716,63727,11
13.0066404343,80.2441177368,63727,63737,10
13.0066604614,80.2447662354,63737,63747,10
13.0066795349,80.2452011108,63747,63757,10
13.0066995621,80.2456893921,63757,63767,10
13.0067100525,80.2459182739,63767,63808,41
13.0067100525,80.2459182739,63808,63818,10
13.0067195892,80.2462234497,63818,63828,10
13.0067396164,80.2466430664,63828,63838,10
13.0067596436,80.247177124,63838,63848,10
13.0062103271,80.2474365234,63848,63868,20
13.0062103271,80.2474365234,63868,63878,10
13.0058403015,80.247428894,63878,63889,11
13.0051202774,80.2474365234,63889,63899,10
13.0042295456,80.2474899292,63899,63908,9
13.0033903122,80.2476196289,63908,63919,11
13.0025396347,80.2477798462,63919,63929,10
13.0020103455,80.2479095459,63929,63939,10
13.001250267,80.2481002808,63939,63949,10
13.0003900528,80.2483215332,63949,63960,11
12.9992103577,80.2486190796,63960,63970,10
12.9982004166,80.2489089966,63970,63980,10
12.9980201721,80.2489700317,63980,63990,10
12.9976797104,80.2490463257,63990,64000,10
12.9970703125,80.2491989136,64000,64010,10
12.9962301254,80.249382019,64010,64020,10
12.9952297211,80.2496185303,64020,64031,11
12.9940099716,80.249961853,64031,64041,10
12.992770195,80.2502670288,64041,64051,10
12.9910802841,80.2507171631,64051,64071,20
12.9910802841,80.2507171631,64071,64081,10
12.9910297394,80.2506866455,64081,64091,10
12.9906101227,80.2508010864,64091,64101,10
12.9898796082,80.2510223389,64101,64112,11
12.9890899658,80.2512283325,64112,64436,324
12.9890899658,80.2512283325,64436,64445,9
12.9888896942,80.2511901855,64445,64456,11
12.9885396957,80.2512817383,64456,64466,10
12.988120079,80.2514190674,64466,64476,10
12.987739563,80.2515106201,64476,64487,11
12.9874401093,80.2515792847,64487,64497,10
12.987159729,80.2516479492,64497,64507,10
12.9867401123,80.2517929077,64507,64517,10
12.9860496521,80.251953125,64517,64527,10
12.9851999283,80.252166748,64527,64537,10
12.9841995239,80.2524337769,64537,64547,10
12.9831399918,80.2526473999,64547,64557,10
12.9821100235,80.2527236938,64557,64568,11
12.9808998108,80.2527923584,64568,64578,10
12.9805297852,80.2528381348,64578,64588,10
12.9801797867,80.2528686523,64588,64598,10
12.9798002243,80.2528305054,64598,64608,10
12.9792003632,80.2527618408,64608,64618,10
12.9787101746,80.2526702881,64618,64628,10
12.9786396027,80.2526321411,64628,64638,10
12.9782800674,80.2524185181,64638,64649,11
12.9776802063,80.2518768311,64649,64659,10
12.9768800735,80.2514190674,64659,64669,10
12.9758195877,80.251083374,64669,64679,10
12.9746398926,80.2507400513,64679,64689,10
12.9734096527,80.2503967285,64689,64699,10
12.9721298218,80.2500610352,64699,64709,10
12.9708003998,80.249710083,64709,64720,11
12.9694499969,80.2492294312,64720,64730,10
12.9683303833,80.2488021851,64730,64740,10
12.9674501419,80.2484283447,64740,64750,10
12.9671201706,80.248260498,64750,64760,10
12.9669399261,80.2481994629,64760,64770,10
12.9666700363,80.2480621338,64770,64780,10
12.9661502838,80.2478179932,64780,64791,11
12.9653997421,80.247543335,64791,64801,10
12.9651699066,80.2474594116,64801,64811,10
12.9650096893,80.2473678589,64811,64821,10
12.9645299911,80.2472076416,64821,64831,10
12.9642400742,80.2471008301,64831,64841,10
12.9641704559,80.2470779419,64841,64851,10
12.9638004303,80.246963501,64851,64861,10
12.9632997513,80.246711731,64861,64872,11
12.9624795914,80.2463531494,64872,64882,10
12.9615802765,80.2459182739,64882,64892,10
12.9606895447,80.2454833984,64892,64902,10
12.9603099823,80.2453079224,64902,64912,10
12.9595403671,80.244972229,64912,64932,20
12.9595403671,80.244972229,64932,64943,11
12.95911026,80.244758606,64943,64953,10
12.9584598541,80.244468689,64953,64963,10
12.9577903748,80.2442016602,64963,64973,10
12.9573202133,80.2440414429,64973,64983,10
12.956410408,80.2437362671,64983,65003,20
12.956410408,80.2437362671,65003,65013,10
12.9559803009,80.243560791,65013,65024,11
12.955329895,80.2432174683,65024,65034,10
12.9545898438,80.2428970337,65034,65044,10
12.9538402557,80.2425613403,65044,65054,10
12.9531097412,80.2422637939,65054,65064,10
12.9522399902,80.2419433594,65064,65074,10
12.951789856,80.2417602539,65074,65084,10
12.9516000748,80.2416992188,65084,65094,10
12.9510602951,80.2415084839,65094,65105,11
12.9502601624,80.2412490845,65105,65115,10
12.9497404099,80.2410964966,65115,65125,10
12.9496097565,80.2410583496,65125,65135,10
12.9492397308,80.2409362793,65135,65145,10
12.9486198425,80.2406692505,65145,65155,10
12.9477796555,80.2403335571,65155,65165,10
12.9473199844,80.2401580811,65165,65176,11
12.947259903,80.2401275635,65176,65186,10
12.9469995499,80.240020752,65186,65196,10
12.9468603134,80.2399520874,65196,65206,10
12.9463796616,80.2397384644,65206,65216,10
12.9456796646,80.239440918,65216,65226,10
12.9449596405,80.2389297485,65226,65236,10
12.9442596436,80.2381896973,65236,65246,10
12.9434404373,80.2373199463,65246,65257,11
12.9422702789,80.2365570068,65257,65267,10
12.9409704208,80.2361984253,65267,65277,10
12.9399795532,80.2359619141,65277,65287,10
12.9398498535,80.2359008789,65287,65297,10
12.9398097992,80.2358779907,65297,65307,10
12.9394397736,80.2357177734,65307,65317,10
12.9388103485,80.2354202271,65317,65328,11
12.9379196167,80.2349624634,65328,65338,10
12.9369497299,80.2344818115,65338,65348,10
12.9359397888,80.2339935303,65348,65358,10
12.934920311,80.2335281372,65358,65368,10
12.9338102341,80.2330322266,65368,65388,20
12.9338102341,80.2330322266,65388,65398,10
12.9334697723,80.2328796387,65398,65409,11
12.9327898026,80.2326202393,65409,65419,10
12.9319601059,80.2322921753,65419,65429,10
12.9309301376,80.231918335,65429,65439,10
12.9298200607,80.2316436768,65439,65449,10
12.9289999008,80.2314605713,65449,65459,10
12.9281902313,80.2312927246,65459,65469,10
12.9271697998,80.2311477661,65469,65480,11
12.9262504578,80.2310562134,65480,65490,10
12.9262399673,80.2310714722,65490,65500,10
12.9260396957,80.2310562134,65500,65510,10
12.9255199432,80.2309875488,65510,65520,10
12.924779892,80.2309265137,65520,65530,10
12.9239196777,80.2308120728,65530,65540,10
12.9229097366,80.2306594849,65540,65550,10
12.9217195511,80.2304382324,65550,65561,11
12.9202804565,80.2302474976,65561,65571,10
12.9190397263,80.2300872803,65571,65581,10
12.9177999496,80.2299499512,65581,65591,10
12.9165096283,80.2297592163,65591,65601,10
12.9152097702,80.2295913696,65601,65611,10
12.9143400192,80.2294998169,65611,65621,10
12.9139299393,80.2294235229,65621,65632,11
12.913479805,80.2293930054,65632,65642,10
12.9134597778,80.2293777466,65642,65652,10
12.9131202698,80.229309082,65652,65662,10
12.9124698639,80.2292098999,65662,65672,10
12.9116001129,80.2290802002,65672,65682,10
12.9105300903,80.2289428711,65682,65692,10
12.9093399048,80.2287368774,65692,65703,11
12.9078998566,80.2285385132,65703,65885,182
12.9078998566,80.2285385132,65885,65895,10
12.9078397751,80.2285995483,65895,65905,10
12.9073495865,80.2285308838,65905,65915,10
12.9068098068,80.2284469604,65915,65925,10
12.9064598083,80.2284164429,65925,65936,11
12.9060697556,80.2283706665,65936,65946,10
12.9053401947,80.2283630371,65946,65956,10
12.9043798447,80.2282791138,65956,65966,10
12.9032402039,80.2282028198,65966,65976,10
12.9021396637,80.2281570435,65976,65996,20
12.9021396637,80.2281570435,65996,66007,11
12.9020204544,80.2281417847,66007,66017,10
12.9015598297,80.2281036377,66017,66027,10
12.9010400772,80.2280807495,66027,66037,10
12.9006204605,80.2280578613,66037,66047,10
12.9003295898,80.2281188965,66047,66057,10
12.9002199173,80.2281036377,66057,66067,10
12.9001998901,80.2281036377,66067,66077,10
12.8999099731,80.2280731201,66077,66088,11
12.8996200562,80.2280273438,66088,66098,10
12.8995304108,80.2280197144,66098,66108,10
12.8990497589,80.2279891968,66108,66118,10
12.8983001709,80.2279205322,66118,66128,10
12.8973798752,80.2278594971,66128,66138,10
12.8962697983,80.2277832031,66138,66148,10
12.8951597214,80.2277374268,66148,66159,11
12.8939304352,80.2276611328,66159,66169,10
12.8934698105,80.2276000977,66169,66179,10
12.8933296204,80.2275772095,66179,66189,10
12.8928403854,80.2275009155,66189,66199,10
12.8923196793,80.2274475098,66199,66209,10
12.891579628,80.2274398804,66209,66219,10
12.8906497955,80.2274627686,66219,66229,10
12.8895597458,80.2274398804,66229,66240,11
12.8888502121,80.2274475098,66240,66250,10
12.8882799149,80.2274169922,66250,66260,10
12.8874797821,80.2273330688,66260,66270,10
12.8865098953,80.2271270752,66270,66280,10
12.8854103088,80.2268981934,66280,66290,10
12.8849601746,80.2268371582,66290,66300,10
12.8849401474,80.2268295288,66300,66311,11
12.884519577,80.2268066406,66311,66321,10
12.8837900162,80.2267990112,66321,66331,10
12.882900238,80.2268066406,66331,66341,10
12.8818101883,80.2268218994,66341,66351,10
12.8805799484,80.2268066406,66351,66361,10
12.879240036,80.2268218994,66361,66371,10
12.8778495789,80.2268981934,66371,66381,10
12.8767995834,80.2270202637,66381,66392,11
12.8765602112,80.2270431519,66392,66402,10
12.8761796951,80.2270431519,66402,66412,10
12.875459671,80.2270126343,66412,66422,10
12.8745298386,80.2269134521,66422,66432,10
12.8735103607,80.2267990112,66432,66442,10
12.8728399277,80.2268066406,66442,66452,10
12.8728103638,80.2268295288,66452,66463,11
12.8724899292,80.2267990112,66463,66473,10
12.8718299866,80.2267837524,66473,66483,10
12.870929718,80.2267303467,66483,66493,10
12.8698101044,80.2266387939,66493,66503,10
12.8685598373,80.2265014648,66503,66513,10
12.8672399521,80.2265472412,66513,66523,10
12.8659095764,80.2266769409,66523,66533,10
12.8645601273,80.2266693115,66533,66544,11
12.8630399704,80.2266235352,66544,66554,10
12.8616800308,80.2266769409,66554,66564,10
12.861120224,80.2266998291,66564,66574,10
12.8610601425,80.2266998291,66574,66584,10
12.8605804443,80.2266769409,66584,66594,10
12.8598003387,80.2265625,66594,66604,10
12.858830452,80.2264099121,66604,66615,11
12.8576602936,80.2263565063,66615,66625,10
12.8562602997,80.2265014648,66625,66635,10
12.8549203873,80.2266311646,66635,66645,10
12.8535299301,80.2267608643,66645,66655,10
12.8521003723,80.2267608643,66655,66665,10
12.8506498337,80.2266998291,66665,66675,10
12.8492002487,80.2266693115,66675,66685,10
12.8477401733,80.2266693115,66685,66696,11
12.8459300995,80.2267227173,66696,66716,20
12.8459300995,80.2267227173,66716,66726,10
12.845749855,80.2267227173,66726,66736,10
12.8453502655,80.2267227173,66736,66746,10
12.8446998596,80.2267379761,66746,66756,10
12.8438196182,80.2267990112,66756,66767,11
12.8426198959,80.2269973755,66767,66777,10
12.8413600922,80.2272872925,66777,66787,10
12.8402700424,80.2276000977,66787,66797,10
12.8397397995,80.2277374268,66797,66807,10
12.8396196365,80.2277679443,66807,66817,10
12.8393297195,80.2278671265,66817,66827,10
12.8387899399,80.2280273438,66827,66837,10
12.8379602432,80.2282333374,66837,66848,11
12.8369398117,80.2283782959,66848,66858,10
12.8355903625,80.2285766602,66858,66868,10
12.8342599869,80.2287979126,66868,66878,10
12.8329401016,80.2290420532,66878,66888,10
12.8324098587,80.2291488647,66888,66898,10
12.8321399689,80.2292175293,66898,66919,21
12.8321399689,80.2292175293,66919,66929,10
12.8319196701,80.2293014526,66929,66939,10
12.8314399719,80.2294006348,66939,66949,10
12.8313302994,80.2294082642,66949,66959,10
12.8308696747,80.2295684814,66959,66969,10
12.8300800323,80.2298965454,66969,66979,10
12.8290996552,80.2302627563,66979,66989,10
12.8280200958,80.2308273315,66989,67000,11
12.8268899918,80.2313613892,67000,67010,10
12.8256597519,80.2314834595,67010,67020,10
12.8245096207,80.2314224243,67020,67030,10
12.8234300613,80.2311401367,67030,67040,10
12.8223199844,80.230796814,67040,67050,10
12.8210697174,80.2305603027,67050,67060,10
12.8198604584,80.2305831909,67060,67071,11
12.8188400269,80.2305297852,67071,67081,10
12.8181800842,80.2302627563,67081,67091,10
12.8172597885,80.2298431396,67091,67101,10
12.8160800934,80.2295532227,67101,67111,10
12.8147802353,80.2293624878,67111,67121,10
12.8134498596,80.2290496826,67121,67131,10
12.8121500015,80.2286071777,67131,67141,10
12.8109903336,80.2282028198,67141,67152,11
12.8099002838,80.2276992798,67152,67162,10
12.8088598251,80.2270889282,67162,67172,10
12.807849884,80.2262573242,67172,67182,10
12.8068704605,80.2253875732,67182,67192,10
12.8062295914,80.2248306274,67192,67202,10
12.8056602478,80.2243423462,67202,67212,10
12.8053998947,80.2241973877,67212,67222,10
12.805150032,80.2241516113,67222,67233,11
12.8051099777,80.2241363525,67233,67243,10
12.8050098419,80.2241287231,67243,67253,10
12.8045902252,80.2240371704,67253,67263,10
12.8039102554,80.2239837646,67263,67273,10
12.8030700684,80.2238998413,67273,67283,10
12.8020000458,80.2237625122,67283,67293,10
12.8010396957,80.2236709595,67293,67304,11
12.8007698059,80.2236709595,67304,67314,10
12.800330162,80.2236175537,67314,67324,10
12.7995595932,80.2235412598,67324,67334,10
12.7985801697,80.2234191895,67334,67344,10
12.7973203659,80.2232666016,67344,67354,10
12.7961101532,80.2230834961,67354,67364,10
12.795800209,80.2230377197,67364,67374,10
12.7954397202,80.2229614258,67374,67385,11
12.7946100235,80.2228164673,67385,67395,10
12.7936201096,80.2226791382,67395,67405,10
12.7924499512,80.2224884033,67405,67415,10
12.7914104462,80.2222518921,67415,67425,10
12.79047966,80.2220306396,67425,67435,10
12.7898797989,80.2218780518,67435,67445,10
12.789560318,80.2217636108,67445,67456,11
12.7892398834,80.2216415405,67456,67466,10
12.7886400223,80.2214126587,67466,67476,10
12.7880897522,80.2211685181,67476,67486,10
12.7879199982,80.2211227417,67486,67496,10
12.7878103256,80.2210693359,67496,67506,10
12.7876396179,80.220993042,67506,67537,31
12.7876396179,80.220993042,67537,67547,10
12.7874498367,80.2209472656,67547,67557,10
12.7872600555,80.2208709717,67557,67567,10
12.7870397568,80.2208023071,67567,67577,10
12.7868204117,80.2207336426,67577,67587,10
12.7864999771,80.2205886841,67587,67608,21
12.786239624,80.2205123901,67608,67628,20
12.786239624,80.2205123901,67628,67638,10
12.786190033,80.2205581665,67638,67648,10
12.7861995697,80.2209320068,67648,67658,10
12.786239624,80.221496582,67658,67668,10
12.7862997055,80.2221603394,67668,69036,1368
12.7862997055,80.2221603394,69036,69046,10
12.7861099243,80.2218933105,69046,69209,163
12.7861099243,80.2218933105,69209,69219,10
12.7862100601,80.222038269,69219,69229,10
12.7862100601,80.2218093872,69229,69239,10
12.7861700058,80.2214813232,69239,69249,10
12.7861499786,80.2210998535,69249,69259,10
12.7861204147,80.2207870483,69259,69269,10
12.7861204147,80.2205429077,69269,69310,41
12.7861204147,80.2205429077,69310,69320,10
12.7864904404,80.2204666138,69320,69330,10
12.786649704,80.2205200195,69330,69340,10
12.7867898941,80.2205963135,69340,69350,10
12.7872495651,80.2207794189,69350,69361,11
12.7878799438,80.2210235596,69361,69371,10
12.7884397507,80.2212371826,69371,69381,10
12.7890501022,80.2214813232,69381,69391,10
12.7894001007,80.221572876,69391,69401,10
12.7896900177,80.2216873169,69401,69411,10
12.7902498245,80.2218399048,69411,69421,10
12.7910804749,80.2220230103,69421,69431,10
12.7922201157,80.222328186,69431,69442,11
12.7934999466,80.2225494385,69442,69452,10
12.7948703766,80.2227478027,69452,69462,10
12.7961597443,80.2229614258,69462,69472,10
12.796380043,80.2229919434,69472,69482,10
12.796620369,80.2230300903,69482,69492,10
12.79708004,80.2231063843,69492,69665,173
12.79708004,80.2231063843,69665,69675,10
12.7971000671,80.2231063843,69675,69685,10
12.797539711,80.2232284546,69685,69695,10
12.7981996536,80.2232971191,69695,69705,10
12.7989797592,80.2233810425,69705,69715,10
12.7998304367,80.2234725952,69715,69725,10
12.8008499146,80.2235717773,69725,69735,10
12.8013095856,80.2236022949,69735,69746,11
12.8016395569,80.2236404419,69746,69756,10
12.8023099899,80.2237167358,69756,69766,10
12.8031396866,80.2238311768,69766,69776,10
12.8040895462,80.2239074707,69776,69786,10
12.804980278,80.2240066528,69786,69796,10
12.8055095673,80.2241363525,69796,69806,10
12.8055496216,80.2241897583,69806,69817,11
12.8059196472,80.2244720459,69817,69827,10
12.806599617,80.2250366211,69827,69837,10
12.8073997498,80.2257385254,69837,69847,10
12.8083000183,80.2265396118,69847,69857,10
12.8093204498,80.2273330688,69857,69867,10
12.8103303909,80.2277984619,69867,69877,10
12.8114595413,80.2282485962,69877,69887,10
12.8126802444,80.2286834717,69887,69898,11
12.8141002655,80.229133606,69898,69908,10
12.8154602051,80.2293624878,69908,69918,10
12.8168401718,80.2295913696,69918,69928,10
12.8180999756,80.2301101685,69928,69938,10
12.818860054,80.2304534912,69938,69948,10
12.8195295334,80.2304763794,69948,69958,10
12.819729805,80.2304611206,69958,69969,11
12.8198003769,80.2304611206,69969,69979,10
12.8203802109,80.2304534912,69979,69989,10
12.8212099075,80.2304534912,69989,69999,10
12.8222198486,80.2306518555,69999,70009,10
12.8233995438,80.2310180664,70009,70019,10
12.8246498108,80.2313232422,70019,70029,10
12.8259897232,80.2313766479,70029,70039,10
12.8273200989,80.2311172485,70039,70050,11
12.8286504745,80.2303771973,70050,70060,10
12.8299198151,80.2298202515,70060,70070,10
12.8306598663,80.2295227051,70070,70121,51
12.8306598663,80.2295227051,70121,70131,10
12.8308401108,80.2294692993,70131,70141,10
12.8313503265,80.2292633057,70141,70202,61
12.8313503265,80.2292633057,70202,70212,10
12.831580162,80.2291793823,70212,70222,10
12.8318500519,80.2291183472,70222,70232,10
12.8322696686,80.2290267944,70232,70242,10
12.8331003189,80.2288894653,70242,70253,11
12.833990097,80.2287368774,70253,70262,9
12.8350000381,80.2285614014,70262,70274,12
12.8363704681,80.2283706665,70274,70284,10
12.8375902176,80.2281799316,70284,70294,10
12.8386802673,80.2279281616,70294,70304,10
12.8392801285,80.227722168,70304,70314,10
12.8394804001,80.2276763916,70314,70324,10
12.8399600983,80.2275466919,70324,70334,10
12.8406095505,80.2273864746,70334,70344,10
12.8414201736,80.227180481,70344,70355,11
12.8424396515,80.2268981934,70355,70365,10
12.8435497284,80.2267379761,70365,70375,10
12.8451795578,80.2265625,70375,70405,30
12.8451795578,80.2265625,70405,70415,10
12.8455400467,80.2265701294,70415,70426,11
12.8459100723,80.2265625,70426,70436,10
12.8465995789,80.2265396118,70436,70446,10
12.8473901749,80.2265396118,70446,70456,10
12.8482599258,80.2265625,70456,70466,10
12.8492498398,80.2265625,70466,70476,10
12.849820137,80.2265319824,70476,70486,10
12.8498296738,80.2265319824,70486,70496,10
12.8499202728,80.2265396118,70496,70507,11
12.8502998352,80.2265319824,70507,70517,10
12.8508796692,80.2265396118,70517,70527,10
12.8513002396,80.2265625,70527,70780,253
12.8513002396,80.2265625,70780,70790,10
12.851360321,80.2265701294,70790,70800,10
12.8517599106,80.2265930176,70800,70811,11
12.8524703979,80.2266387939,70811,70821,10
12.8533201218,80.2266387939,70821,70831,10
12.8542404175,80.2265396118,70831,70841,10
12.8553104401,80.2264175415,70841,70851,10
12.8564996719,80.2262878418,70851,70861,10
12.8577604294,80.2261886597,70861,70871,10
12.8587999344,80.2262268066,70871,70882,11
12.860039711,80.2264099121,70882,70892,10
12.8606300354,80.2265014648,70892,70902,10
12.8606996536,80.2265090942,70902,70912,10
12.861120224,80.2265396118,70912,70922,10
12.8617801666,80.2265090942,70922,70932,10
12.8626003265,80.2264709473,70932,70942,10
12.8634796143,80.2264633179,70942,70952,10
12.8645601273,80.2265167236,70952,70963,11
12.8659200668,80.2265167236,70963,70973,10
12.8672399521,80.2264022827,70973,70983,10
12.8686103821,80.2263412476,70983,70993,10
12.870010376,80.2265167236,70993,71003,10
12.8713798523,80.2266311646,71003,71013,10
12.8727998734,80.2266311646,71013,71034,21
12.8727998734,80.2266311646,71034,71044,10
12.8731603622,80.2266387939,71044,71054,10
12.873749733,80.2266921997,71054,71064,10
12.8745298386,80.2267913818,71064,71074,10
12.8754301071,80.226890564,71074,71084,10
12.8765802383,80.2268829346,71084,71115,31
12.8765802383,80.2268829346,71115,71125,10
12.8767795563,80.2268829346,71125,71135,10
12.8772602081,80.2268218994,71135,71145,10
12.8780002594,80.2267608643,71145,71155,10
12.8788795471,80.2266998291,71155,71165,10
12.8798999786,80.2266616821,71165,71175,10
12.8810501099,80.2266464233,71175,71186,11
12.882399559,80.2266387939,71186,71196,10
12.8835401535,80.2266464233,71196,71206,10
12.884759903,80.2266311646,71206,71216,10
12.885140419,80.2266464233,71216,71226,10
12.885219574,80.2266769409,71226,71236,10
12.8856496811,80.2267608643,71236,71246,10
12.8863201141,80.2269363403,71246,71256,10
12.8871603012,80.2271499634,71256,71267,11
12.8882398605,80.2272796631,71267,71277,10
12.889380455,80.2273025513,71277,71287,10
12.8906097412,80.2272872925,71287,71297,10
12.8913602829,80.2272720337,71297,71307,10
12.8917398453,80.2272720337,71307,71317,10
12.8920698166,80.2272720337,71317,71327,10
12.8924798965,80.2273330688,71327,71338,11
12.8931102753,80.2274017334,71338,71348,10
12.893819809,80.2275009155,71348,71358,10
12.8944997787,80.2275619507,71358,71368,10
12.8952999115,80.2276000977,71368,71378,10
12.8962402344,80.2276611328,71378,71388,10
12.8973503113,80.2276992798,71388,71398,10
12.8984603882,80.2277679443,71398,71408,10
12.899310112,80.2277984619,71408,71419,11
12.8998804092,80.2278137207,71419,71429,10
12.8999004364,80.2277984619,71429,71439,10
12.9001903534,80.2277908325,71439,71459,20
12.9001903534,80.2277908325,71459,71469,10
12.9006004333,80.2278289795,71469,71479,10
12.900970459,80.2278594971,71479,71490,11
12.9014701843,80.227897644,71490,71500,10
12.9019899368,80.2279281616,71500,71510,10
12.9028701782,80.2279510498,71510,71540,30
12.9028701782,80.2279510498,71540,71550,10
12.9031896591,80.2279663086,71550,71560,10
12.9037504196,80.2280502319,71560,71571,11
12.9046001434,80.2281112671,71571,71581,10
12.9054403305,80.2280883789,71581,71601,20
12.9054403305,80.2280883789,71601,71611,10
12.9055204391,80.2280197144,71611,71621,10
12.9058103561,80.2280807495,71621,71631,10
12.9060401917,80.2281417847,71631,71642,11
12.9062004089,80.2281723022,71642,71652,10
12.9065198898,80.2281799316,71652,71662,10
12.9069595337,80.2282333374,71662,71672,10
12.9070997238,80.2282333374,71672,71682,10
12.9075403214,80.2282867432,71682,71692,10
12.9082603455,80.2284164429,71692,71702,10
12.9091796875,80.2285766602,71702,71712,10
12.9102802277,80.2287597656,71712,71723,11
12.9116201401,80.2289810181,71723,71733,10
12.9128398895,80.2291564941,71733,71743,10
12.9138898849,80.2292480469,71743,71763,20
12.9138898849,80.2292480469,71763,71773,10
12.9140501022,80.2292861938,71773,71783,10
12.914560318,80.2293701172,71783,71794,11
12.9153995514,80.2294769287,71794,71804,10
12.9163103104,80.229637146,71804,71814,10
12.91726017,80.2297821045,71814,71824,10
12.9183597565,80.2299423218,71824,71834,10
12.9194698334,80.2300796509,71834,71844,10
12.9206895828,80.2302322388,71844,71854,10
12.9219102859,80.2303771973,71854,71864,10
12.9230499268,80.2305603027,71864,71875,11
12.924249649,80.23072052,71875,71885,10
12.925239563,80.2308120728,71885,71895,10
12.9260597229,80.2308883667,71895,71905,10
12.9261598587,80.2309036255,71905,71915,10
12.9264602661,80.23097229,71915,71925,10
12.9270601273,80.231048584,71925,71935,10
12.92786026,80.2311401367,71935,71946,11
12.9288396835,80.2312774658,71946,71956,10
12.9297399521,80.2314910889,71956,71966,10
12.9308204651,80.2317810059,71966,71976,10
12.9319801331,80.2321395874,71976,71986,10
12.9334001541,80.2326583862,71986,72006,20
12.9334001541,80.2326583862,72006,72016,10
12.9336204529,80.2327804565,72016,72027,11
12.9342002869,80.2330474854,72027,72037,10
12.934920311,80.2333831787,72037,72047,10
12.9357795715,80.2337417603,72047,72057,10
12.9367103577,80.2341690063,72057,72067,10
12.9375600815,80.2345504761,72067,72077,10
12.9385204315,80.2350234985,72077,72087,10
12.9391803741,80.2353286743,72087,72098,11
12.9392204285,80.2353591919,72098,72108,10
12.9393396378,80.2354431152,72108,72118,10
12.9396800995,80.2356185913,72118,72128,10
12.9402999878,80.2358398438,72128,72138,10
12.941069603,80.2360916138,72138,72148,10
12.9419403076,80.2363204956,72148,72158,10
12.9428596497,80.2366790771,72158,72168,10
12.9434700012,80.2371673584,72168,72179,11
12.9441404343,80.2378997803,72179,72189,10
12.9448795319,80.2387084961,72189,72199,10
12.9456501007,80.2393188477,72199,72209,10
12.9464998245,80.2397079468,72209,72219,10
12.9471502304,80.2399597168,72219,72229,10
12.9474496841,80.2400512695,72229,72239,10
12.9475002289,80.2400665283,72239,72250,11
12.9479398727,80.2402420044,72250,72260,10
12.9485797882,80.2404785156,72260,72290,30
12.9485797882,80.2404785156,72290,72300,10
12.9487304688,80.2405471802,72300,72310,10
12.9490699768,80.2407073975,72310,72320,10
12.9495697021,80.2408905029,72320,72331,11
12.950340271,80.2411422729,72331,72341,10
12.950920105,80.2413024902,72341,72361,20
12.950920105,80.2413024902,72361,72371,10
12.9510803223,80.2413635254,72371,72381,10
12.9514703751,80.2415084839,72381,72391,10
12.9520998001,80.2417526245,72391,72402,11
12.9529695511,80.2420806885,72402,72412,10
12.9538402557,80.2423782349,72412,72422,10
12.9546499252,80.2427368164,72422,72432,10
12.9552898407,80.2430114746,72432,72442,10
12.9560499191,80.2432403564,72442,72452,10
12.956410408,80.2433776855,72452,72462,10
12.9569396973,80.2436294556,72462,72472,10
12.9576997757,80.2439575195,72472,72483,11
12.9584197998,80.2442474365,72483,72493,10
12.9584798813,80.2442703247,72493,72503,10
12.9586000443,80.2443084717,72503,72513,10
12.9590301514,80.2444915771,72513,72523,10
12.9596796036,80.2447891235,72523,72533,10
12.9604902267,80.2451782227,72533,72543,10
12.9614601135,80.2456588745,72543,72554,11
12.9623403549,80.2461013794,72554,72564,10
12.9629201889,80.2463684082,72564,72574,10
12.9633703232,80.2465667725,72574,72584,10
12.9639396667,80.2468338013,72584,72594,10
12.9645395279,80.2470703125,72594,72604,10
12.9651403427,80.2472686768,72604,72614,10
12.9660301208,80.2475814819,72614,72635,21
12.9660301208,80.2475814819,72635,72645,10
12.966170311,80.2476272583,72645,72655,10
12.9664201736,80.2477493286,72655,72675,20
12.9664201736,80.2477493286,72675,72685,10
12.9666795731,80.2478790283,72685,72695,10
12.9672002792,80.2481689453,72695,72706,11
12.9680404663,80.2485122681,72706,72716,10
12.9689798355,80.2488708496,72716,72726,10
12.9700803757,80.2493209839,72726,72736,10
12.9712400436,80.2497177124,72736,72746,10
12.9725103378,80.2500534058,72746,72756,10
12.9736604691,80.2503585815,72756,72766,10
12.9744701385,80.2505569458,72766,72776,10
12.9754295349,80.2508468628,72776,72787,11
12.9766702652,80.2512130737,72787,72797,10
12.9777002335,80.2517166138,72797,72807,10
12.9783496857,80.2522583008,72807,72817,10
12.9785203934,80.2523422241,72817,72827,10
12.9786901474,80.2524185181,72827,72837,10
12.9797401428,80.2526092529,72837,72908,71
12.9797401428,80.2526092529,72908,72918,10
12.9798803329,80.2526626587,72918,72928,10
12.9803199768,80.2526321411,72928,72939,11
12.9811000824,80.2526168823,72939,72949,10
12.982000351,80.2526016235,72949,72959,10
12.9830904007,80.2525177002,72959,72969,10
12.9841003418,80.252281189,72969,72979,10
12.9846601486,80.2521209717,72979,73141,162
12.9846601486,80.2521209717,73141,73151,10
12.9848299026,80.2520980835,73151,73162,11
12.9852695465,80.251991272,73162,73172,10
12.9857902527,80.2518310547,73172,73182,10
12.9863195419,80.2517318726,73182,73192,10
12.9869403839,80.2515563965,73192,73202,10
12.9873600006,80.2514190674,73202,73212,10
12.9876403809,80.2513580322,73212,73222,10
12.9880599976,80.2512512207,73222,73232,10
12.9893198013,80.2509384155,73232,73252,20
12.9893198013,80.2509384155,73252,73263,11
12.9895496368,80.250869751,73263,73273,10
12.9900798798,80.2507476807,73273,73283,10
12.9908504486,80.2505722046,73283,73293,10
12.9917097092,80.2503433228,73293,73303,10
12.9926900864,80.2501068115,73303,73314,11
12.9939603806,80.2497787476,73314,73324,10
12.9951896667,80.2494812012,73324,73334,10
12.9964199066,80.2491836548,73334,73344,10
12.9976396561,80.2488632202,73344,73354,10
12.9989404678,80.2485275269,73354,73364,10
13.0002603531,80.2481765747,73364,73374,10
13.001540184,80.2479019165,73374,73384,10
13.0025396347,80.2476501465,73384,73395,11
13.003780365,80.2474594116,73395,73405,10
13.004940033,80.2473373413,73405,73415,10
13.0057001114,80.2471618652,73415,73425,10
13.0063695908,80.2466430664,73425,73445,20
13.0063695908,80.2466430664,73445,73455,10
13.0065002441,80.2463684082,73455,73466,11
13.0065603256,80.2457199097,73466,73476,10
13.0065698624,80.2450790405,73476,73486,10
13.0065498352,80.2443084717,73486,73496,10
13.0065402985,80.2436981201,73496,73506,10
13.0065202713,80.2431182861,73506,73516,10
13.0065002441,80.2423934937,73516,73526,10
13.0065202713,80.2415008545,73526,73536,10
13.0065803528,80.2409362793,73536,73547,11
13.0066204071,80.2407531738,73547,73557,10
13.0066604614,80.240562439,73557,73567,10
13.0067396164,80.240196228,73567,73577,10
13.006819725,80.2395935059,73577,73587,10
13.0069999695,80.2387619019,73587,73597,10
13.0072002411,80.2378921509,73597,73607,10
13.0073404312,80.2370986938,73607,73618,11
13.0073900223,80.2368087769,73618,73628,10
13.0074596405,80.2365570068,73628,73638,10
13.0075798035,80.2360305786,73638,73648,10
13.0077295303,80.2352981567,73648,73658,10
13.007900238,80.2344589233,73658,73668,10
13.0081100464,80.2334899902,73668,73678,10
13.0083398819,80.2322692871,73678,73688,10
13.0085802078,80.2311401367,73688,73699,11
13.0088300705,80.2297668457,73699,73709,10
13.009059906,80.2286224365,73709,73719,10
13.0094003677,80.2276687622,73719,73729,10
13.0102796555,80.2258605957,73729,73739,10
13.0102796555,80.2258605957,73739,73749,10
13.0106201172,80.225189209,73749,73759,10
13.0107402802,80.2248535156,73759,73770,11
13.0107698441,80.2246627808,73770,73780,10
13.0109500885,80.2242584229,73780,73790,10
13.0111904144,80.2236862183,73790,73800,10
13.0112800598,80.2235031128,73800,73810,10
13.0113697052,80.2233200073,73810,73820,10
13.0115404129,80.2229385376,73820,73830,10
13.0117502213,80.2222671509,73830,73840,10
13.0121202469,80.2215270996,73840,73851,11
13.0124502182,80.2217788696,73851,73861,10
13.0128602982,80.2223815918,73861,73871,10
13.013469696,80.2229919434,73871,73881,10
13.0140399933,80.2235794067,73881,73891,10
13.0143203735,80.2240371704,73891,73901,10
13.0148897171,80.2245483398,73901,73911,10
13.0155601501,80.2250518799,73911,73932,21
13.0155601501,80.2250518799,73932,73942,10
13.0157003403,80.2251586914,73942,73952,10
13.0161800385,80.2253112793,73952,73962,10
13.0170202255,80.2251205444,73962,73972,10
13.017999649,80.2247314453,73972,73982,10
13.0194301605,80.224357605,73982,74033,51
13.0194301605,80.224357605,74033,74043,10
13.0195598602,80.2243804932,74043,74053,10
13.0197601318,80.2245330811,74053,74063,10
13.0201702118,80.2248764038,74063,74074,11
13.0207996368,80.2253417969,74074,74084,10
13.0212202072,80.2256469727,74084,74094,10
13.0218000412,80.2260818481,74094,74104,10
13.0225200653,80.2266998291,74104,74114,10
13.0232200623,80.2273178101,74114,74124,10
13.0237998962,80.2278594971,74124,74134,10
13.0243501663,80.2284011841,74134,74155,21
13.0243501663,80.2284011841,74155,74165,10
13.0243902206,80.2285690308,74165,74175,10
13.0241699219,80.2285919189,74175,74185,10
13.023850441,80.2282180786,74185,74195,10
13.0234203339,80.2277984619,74195,74499,304
13.0234203339,80.2277984619,74499,74509,10
13.0231399536,80.2274093628,74509,74550,41
13.0231399536,80.2274093628,74550,74560,10
13.0229797363,80.2273788452,74560,74570,10
13.0226802826,80.2270812988,74570,74580,10
13.0224399567,80.2267990112,74580,74590,10
13.0219497681,80.2264099121,74590,74600,10
13.0212697983,80.2258682251,74600,74611,11
13.0202903748,80.2251968384,74611,74621,10
13.0193796158,80.2246170044,74621,74631,10
13.0183601379,80.2247085571,74631,74641,10
13.0175104141,80.2250823975,74641,74651,10
13.0167198181,80.2253875732,74651,74661,10
13.0164403915,80.2255096436,74661,74671,10
13.0160799026,80.225692749,74671,74682,11
13.0154800415,80.2258911133,74682,74692,10
13.0149002075,80.2261276245,74692,74702,10
13.014550209,80.2262573242,74702,74712,10
13.0144195557,80.2263183594,74712,74722,10
13.0142297745,80.2263793945,74722,74732,10
13.0136804581,80.2265777588,74732,74742,10
13.0128698349,80.2268981934,74742,74752,10
13.0119304657,80.2272567749,74752,74763,11
13.0107402802,80.227722168,74763,74773,10
13.0096101761,80.2281723022,74773,74783,10
13.0090103149,80.2290267944,74783,74793,10
13.0087795258,80.2302703857,74793,74803,10
13.0085401535,80.2315979004,74803,74813,10
13.008310318,80.2326965332,74813,74823,10
13.0082302094,80.2334289551,74823,74833,10
13.0082197189,80.2336120605,74833,74844,11
13.0081596375,80.2338180542,74844,74854,10
13.0080299377,80.2343826294,74854,74864,10
13.0079698563,80.2346420288,74864,74874,10
13.0079603195,80.2347564697,74874,74884,10
13.0078496933,80.2352981567,74884,74894,10
13.0076999664,80.2361526489,74894,74904,10
13.0074596405,80.2372512817,74904,74915,11
13.0072097778,80.2384719849,74915,74925,10
13.007060051,80.2394104004,74925,74934,9
13.0069303513,80.2402496338,74934,74965,31
13.0069303513,80.2402496338,74965,74975,10
13.0069904327,80.2404098511,74975,74986,11
13.0068798065,80.2407913208,74986,74996,10
13.006819725,80.2409591675,74996,75006,10
13.0067396164,80.2415771484,75006,75016,10
13.0066900253,80.2424621582,75016,75026,10
13.0066604614,80.2433929443,75026,75036,10
13.0066604614,80.2444076538,75036,75046,10
13.0066604614,80.2455596924,75046,75056,10
13.0066995621,80.2466125488,75056,75067,11
13.0067100525,80.2473526001,75067,75117,50
13.0067100525,80.2473526001,75117,75127,10
13.0064001083,80.2475204468,75127,75138,11
13.0062303543,80.2474975586,75138,75148,10
13.0061397552,80.2475128174,75148,75158,10
13.005979538,80.2474899292,75158,75168,10
13.0054302216,80.247467041,75168,75178,10
13.004650116,80.2474975586,75178,75187,9
13.0037202835,80.2475509644,75187,75198,11
13.0026798248,80.2477264404,75198,75208,10
13.0011997223,80.2481079102,75208,75219,11
12.9999399185,80.2484207153,75219,75229,10
12.9986600876,80.2487411499,75229,75239,10
12.9979696274,80.2489700317,75239,75249,10
12.9978504181,80.2490005493,75249,75259,10
12.9973297119,80.2490921021,75259,75269,10
12.996509552,80.2492828369,75269,75279,10
12.9955596924,80.2495193481,75279,75290,11
12.994310379,80.2498703003,75290,75300,10
12.9930400848,80.2501602173,75300,75310,10
12.9918003082,80.2504806519,75310,75320,10
12.9910898209,80.2506866455,75320,75330,10
12.9910202026,80.2507171631,75330,75340,10
12.9909801483,80.2507095337,75340,75350,10
12.9905996323,80.2507781982,75350,75361,11
12.9898004532,80.2509613037,75361,75371,10
12.9888896942,80.2511978149,75371,75381,10
12.988409996,80.2513809204,75381,75391,10
12.9880199432,80.2514801025,75391,75401,10
12.987569809,80.2515792847,75401,75411,10
12.9870004654,80.2517166138,75411,75421,10
12.9866199493,80.2518386841,75421,75431,10
12.9861898422,80.2519302368,75431,75442,11
12.9853696823,80.2521133423,75442,75452,10
12.9844398499,80.2523803711,75452,75462,10
12.9833498001,80.2526397705,75462,75472,10
12.9823303223,80.2527389526,75472,75482,10
12.9812402725,80.252746582,75482,75492,10
12.9803199768,80.2528076172,75492,75502,10
12.9799203873,80.2528533936,75502,75513,11
12.9795398712,80.2527999878,75513,75523,10
12.9789495468,80.2527313232,75523,75533,10
12.9786701202,80.2526931763,75533,75543,10
12.978509903,80.2526321411,75543,75553,10
12.9780502319,80.2522964478,75553,75563,10
12.9773797989,80.251739502,75563,75573,10
12.9764404297,80.2513427734,75573,75583,10
12.9756202698,80.2510986328,75583,75594,11
12.9746103287,80.250793457,75594,75604,10
12.9736404419,80.250541687,75604,75614,10
12.9728002548,80.2503433228,75614,75624,10
12.972240448,80.2501678467,75624,75634,10
12.9720201492,80.2500610352,75634,75644,10
12.9714603424,80.2499389648,75644,75654,10
12.9706296921,80.2497406006,75654,75665,11
12.969619751,80.2493362427,75665,75675,10
12.9685096741,80.248916626,75675,75685,10
12.96737957,80.2484436035,75685,75695,10
12.9665603638,80.2480163574,75695,75705,10
12.9657402039,80.2476882935,75705,75715,10
12.9651403427,80.2475204468,75715,75725,10
12.9651298523,80.2475204468,75725,75735,10
12.9649200439,80.247428894,75735,75746,11
12.96434021,80.2471923828,75746,75756,10
12.9639797211,80.2470397949,75756,75766,10
12.9637899399,80.2469711304,75766,75776,10
12.9632997513,80.2467498779,75776,75786,10
12.9625997543,80.2464294434,75786,75796,10
12.9617595673,80.2460327148,75796,75806,10
12.9608097076,80.2455596924,75806,75817,11
12.9599399567,80.2451782227,75817,75827,10
12.9593200684,80.2448883057,75827,75837,10
12.9591999054,80.2448501587,75837,75847,10
12.958820343,80.2446670532,75847,75857,10
12.95814991,80.2444000244,75857,75867,10
12.9574203491,80.2440872192,75867,75877,10
12.9566402435,80.2438583374,75877,75887,10
12.9563398361,80.2437362671,75887,75898,11
12.9561796188,80.2436981201,75898,75908,10
12.9556999207,80.2434387207,75908,75918,10
12.9550104141,80.2431030273,75918,75928,10
12.9541196823,80.2427215576,75928,75938,10
12.9531097412,80.2422790527,75938,75948,10
12.9520998001,80.2418899536,75948,75958,10
12.9518098831,80.2418212891,75958,75968,10
12.9516897202,80.2418136597,75968,75979,11
12.9511604309,80.2416000366,75979,75989,10
12.9504203796,80.2413482666,75989,75999,10
12.9495897293,80.2410583496,75999,76009,10
12.9492702484,80.2409515381,76009,76019,10
12.9489402771,80.2407989502,76019,76029,10
12.948340416,80.2405471802,76029,76039,10
12.9475002289,80.2402191162,76039,76050,11
12.9471797943,80.2400970459,76050,76060,10
12.9469604492,80.2400436401,76060,76070,10
12.9464502335,80.2398300171,76070,76080,10
12.9457197189,80.2395019531,76080,76090,10
12.9449596405,80.2389984131,76090,76100,10
12.9441795349,80.2381820679,76100,76110,10
12.9433803558,80.2373962402,76110,76121,11
12.9425001144,80.2367019653,76121,76131,10
12.941450119,80.2363510132,76131,76141,10
12.940290451,80.2360305786,76141,76151,10
12.939740181,80.2358398438,76151,76161,10
12.9396800995,80.2358322144,76161,76171,10
12.9393997192,80.2357177734,76171,76181,10
12.9388198853,80.2354125977,76181,76191,10
12.9380598068,80.2350082397,76191,76202,11
12.9370298386,80.2345123291,76202,76212,10
12.935959816,80.2339630127,76212,76222,10
12.9348497391,80.2334594727,76222,76232,10
12.9338903427,80.2330322266,76232,76242,10
12.9337997437,80.233001709,76242,76252,10
12.9336595535,80.2329406738,76252,76262,10
12.9331302643,80.2326889038,76262,76272,10
12.9323797226,80.232421875,76272,76283,11
12.9313602448,80.2320709229,76283,76293,10
12.9302196503,80.2317123413,76293,76303,10
12.9291296005,80.2314376831,76303,76313,10
12.9285202026,80.2313232422,76313,76323,10
12.9276695251,80.2312088013,76323,76333,10
12.926609993,80.2311019897,76333,76343,10
12.926030159,80.2310562134,76343,76354,11
12.925860405,80.2310409546,76354,76364,10
12.9253501892,80.2309875488,76364,76374,10
12.9246397018,80.2309036255,76374,76384,10
12.923789978,80.230796814,76384,76394,10
12.9227600098,80.2306594849,76394,76404,10
12.9215602875,80.230430603,76404,76414,10
12.920249939,80.2302474976,76414,76424,10
12.9187402725,80.2300491333,76424,76435,11
12.9173498154,80.2298965454,76435,76445,10
12.9161195755,80.2297210693,76445,76455,10
12.9148797989,80.2295379639,76455,76465,10
12.9136896133,80.2293777466,76465,76475,10
12.9130401611,80.2293319702,76475,76485,10
12.9130401611,80.2293167114,76485,76495,10
12.9126901627,80.2292709351,76495,76506,11
12.9119596481,80.2291412354,76506,76516,10
12.9110498428,80.229019165,76516,76526,10
12.9099502563,80.2288513184,76526,76536,10
12.9087200165,80.2286376953,76536,76546,10
12.9074897766,80.2284164429,76546,76556,10
12.906920433,80.2283782959,76556,76607,51
12.906920433,80.2283782959,76607,76617,10
12.9067296982,80.2284164429,76617,76627,10
12.90625,80.2283706665,76627,76637,10
12.9054899216,80.2282714844,76637,76647,10
12.9045295715,80.2282333374,76647,76658,11
12.9033498764,80.2281570435,76658,76668,10
12.9022197723,80.2281036377,76668,76678,10
12.9013700485,80.2280502319,76678,76769,91
12.9013700485,80.2280502319,76769,76779,10
12.9011001587,80.2280578613,76779,76789,10
12.900759697,80.2280197144,76789,76799,10
12.8996696472,80.2279586792,76799,76820,21
12.8996696472,80.2279586792,76820,76830,10
12.899479866,80.2279586792,76830,76840,10
12.8990097046,80.2279129028,76840,76850,10
12.8982601166,80.2278671265,76850,76860,10
12.897359848,80.2278213501,76860,76870,10
12.8962802887,80.2277679443,76870,76880,10
12.8949298859,80.2276916504,76880,76891,11
12.8936004639,80.2275772095,76891,76901,10
12.8925304413,80.2274932861,76901,76911,10
12.8917798996,80.227432251,76911,76921,10
12.8908596039,80.2274169922,76921,76931,10
12.8897304535,80.2274093628,76931,76941,10
12.8884601593,80.2273864746,76941,76951,10
12.887140274,80.2272415161,76951,76962,11
12.885720253,80.2268981934,76962,76972,10
12.8849201202,80.2267913818,76972,77002,30
12.8849201202,80.2267913818,77002,77012,10
12.8847303391,80.2267913818,77012,77022,10
12.8841495514,80.2267684937,77022,77032,10
12.8832101822,80.2267608643,77032,77043,11
12.8821697235,80.2267837524,77043,77053,10
12.8809604645,80.2267837524,77053,77063,10
12.8796701431,80.2267837524,77063,77073,10
12.8782997131,80.2268371582,77073,77083,10
12.8770999908,80.2269515991,77083,77093,10
12.8765897751,80.2270278931,77093,77103,10
12.8765096664,80.2270278931,77103,77114,11
12.8759803772,80.2270431519,77114,77124,10
12.8751897812,80.2270126343,77124,77134,10
12.8742198944,80.226890564,77134,77144,10
12.8732500076,80.2267990112,77144,77154,10
12.8725996017,80.2267532349,77154,77164,10
12.8718204498,80.2267379761,77164,77174,10
12.8708295822,80.2266921997,77174,77184,10
12.8696498871,80.2265777588,77184,77195,11
12.8682403564,80.2264404297,77195,77205,10
12.8669099808,80.2265625,77205,77215,10
12.8658399582,80.2266616821,77215,77224,9
12.8643302917,80.2266235352,77224,77235,11
12.8630504608,80.2265625,77235,77245,10
12.8617897034,80.2266311646,77245,77255,10
12.8611497879,80.2266693115,77255,77266,11
12.8609304428,80.2266998291,77266,77276,10
12.8603200912,80.2266235352,77276,77286,10
12.8594303131,80.2264862061,77286,77296,10
12.8587703705,80.2263793945,77296,77306,10
12.85820961,80.2263412476,77306,77316,10
12.8573703766,80.2263565063,77316,77326,10
12.8563899994,80.2264480591,77326,77336,10
12.8552303314,80.2265625,77336,77347,11
12.8538103104,80.2267227173,77347,77357,10
12.8524398804,80.2267684937,77357,77367,10
12.8510599136,80.2267303467,77367,77377,10
12.8501596451,80.2266998291,77377,77387,10
12.8500900269,80.2266769409,77387,77397,10
12.8495998383,80.2266387939,77397,77407,10
12.8488101959,80.2266311646,77407,77418,11
12.8476696014,80.2266387939,77418,77428,10
12.846449852,80.2266693115,77428,77438,10
12.8458003998,80.2266769409,77438,77448,10
12.8453998566,80.2266769409,77448,77457,9
12.8453598022,80.2266769409,77457,77468,11
12.844909668,80.2266769409,77468,77478,10
12.8441400528,80.2267303467,77478,77488,10
12.8431596756,80.2268829346,77488,77499,11
12.8418798447,80.2271499634,77499,77509,10
12.8406801224,80.2274627686,77509,77519,10
12.8399400711,80.2277526855,77519,77529,10
12.8396396637,80.2278594971,77529,77539,10
12.839220047,80.2279281616,77539,77549,10
12.838470459,80.2280807495,77549,77559,10
12.8375301361,80.2283096313,77559,77570,11
12.8362197876,80.2285003662,77570,77580,10
12.8348999023,80.2286911011,77580,77590,10
12.833530426,80.2289199829,77590,77600,10
12.8323202133,80.2291488647,77600,77610,10
12.8317403793,80.2293167114,77610,77620,10
12.8315200806,80.2293395996,77620,77630,10
12.830909729,80.2295303345,77630,77640,10
12.8300199509,80.2298736572,77640,77651,11
12.8288002014,80.2303771973,77651,77661,10
12.8276700974,80.2310028076,77661,77671,10
12.8264102936,80.2314071655,77671,77681,10
12.8250303268,80.2314605713,77681,77691,10
12.8236398697,80.2311630249,77691,77701,10
12.822259903,80.2307510376,77701,77711,10
12.8210601807,80.2305297852,77711,77722,11
12.8197898865,80.2305374146,77722,77732,10
12.8189001083,80.2305603027,77732,77742,10
12.8187303543,80.2304992676,77742,77752,10
12.8181695938,80.2302322388,77752,77762,10
12.8173303604,80.2298583984,77762,77772,10
12.8162298203,80.2295379639,77772,77782,10
12.8149595261,80.2293319702,77782,77792,10
12.8136301041,80.229057312,77792,77803,11
12.8121900558,80.2285614014,77803,77813,10
12.8108797073,80.2280807495,77813,77823,10
12.8102798462,80.2278213501,77823,77833,10
12.8098201752,80.2276229858,77833,77843,10
12.8091096878,80.2272567749,77843,77853,10
12.8083095551,80.2266235352,77853,77863,10
12.807390213,80.2258300781,77863,77874,11
12.8064403534,80.2249832153,77874,77884,10
12.8056402206,80.224281311,77884,77894,10
12.804889679,80.2240371704,77894,77914,20
12.804889679,80.2240371704,77914,77924,10
12.8048601151,80.2240524292,77924,77934,10
12.8046503067,80.2240066528,77934,77944,10
12.8041496277,80.2239685059,77944,77955,11
12.8031997681,80.2239074707,77955,77965,10
12.8021602631,80.2237472534,77965,77975,10
12.8009996414,80.2236328125,77975,77985,10
12.7997198105,80.2235336304,77985,77995,10
12.7983398438,80.2233963013,77995,78005,10
12.7968597412,80.2231826782,78005,78015,10
12.7957601547,80.2230224609,78015,78026,11
12.7956695557,80.2229995728,78026,78036,10
12.7952299118,80.22290802,78036,78046,10
12.7944498062,80.2227630615,78046,78056,10
12.7934503555,80.2226028442,78056,78066,10
12.7922496796,80.2224121094,78066,78076,10
12.7910203934,80.2221221924,78076,78086,10
12.7900600433,80.2218704224,78086,78096,10
12.7896299362,80.2217483521,78096,78107,11
12.7890796661,80.2215270996,78107,78117,10
12.7882995605,80.2212371826,78117,78127,10
12.7876701355,80.2210083008,78127,78137,10
12.7869100571,80.220741272,78137,78147,10
12.7862796783,80.2204971313,78147,78157,10
12.7861700058,80.2205581665,78157,78167,10
12.7861604691,80.2206115723,78167,78178,11
12.7861795425,80.2210235596,78178,78188,10
12.7862300873,80.2218017578,78188,78228,40
12.7862300873,80.2218017578,78228,78238,10
12.7862901688,80.2220001221,78238,78350,112
12.7862901688,80.2220001221,78350,78360,10
12.7863101959,80.2217025757,78360,78370,10
12.7861995697,80.2213363647,78370,78380,10
12.7861995697,80.2208709717,78380,78390,10
12.7861700058,80.220451355,78390,78431,41
12.7861700058,80.220451355,78431,78441,10
12.78647995,80.2204284668,78441,78451,10
12.7869997025,80.2206497192,78451,78461,10
12.7875995636,80.2208786011,78461,78471,10
12.7880802155,80.2210464478,78471,78482,11
12.7887096405,80.2212982178,78482,78492,10
12.789270401,80.221496582,78492,78502,10
12.7897195816,80.2216796875,78502,78512,10
12.7904996872,80.2218475342,78512,78522,10
12.7915697098,80.2220916748,78522,78532,10
12.792840004,80.2223968506,78532,78542,10
12.7942199707,80.222618103,78542,78552,10
12.7955598831,80.2228393555,78552,78563,11
12.7964801788,80.2229766846,78563,78573,10
12.7968902588,80.2230834961,78573,78583,10
12.797659874,80.2232208252,78583,78593,10
12.7985496521,80.2233276367,78593,78603,10
12.799659729,80.2234191895,78603,78613,10
12.8009004593,80.2235336304,78613,78623,10
12.8020496368,80.2236328125,78623,78634,11
12.8029499054,80.2237625122,78634,78643,9
12.8037900925,80.2238464355,78643,78654,11
12.8048601151,80.2239379883,78654,78664,10
12.805560112,80.2241287231,78664,78674,10
12.8058795929,80.2243728638,78674,78684,10
12.8064899445,80.2248916626,78684,78694,10
12.8072595596,80.2255477905,78694,78704,10
12.8082103729,80.2263717651,78704,78715,11
12.8093700409,80.2273025513,78715,78725,10
12.8106603622,80.2278900146,78725,78735,10
12.8117399216,80.2283096313,78735,78745,10
12.8133897781,80.2288818359,78745,78755,10
12.8148002625,80.2292175293,78755,78765,10
12.8162202835,80.2294311523,78765,78775,10
12.8176202774,80.2298202515,78775,78786,11
12.8190698624,80.2304382324,78786,78796,10
12.8203601837,80.2304382324,78796,78806,10
12.8217601776,80.2304916382,78806,78816,10
12.8231496811,80.2308807373,78816,78826,10
12.8245401382,80.2312164307,78826,78836,10
12.8260002136,80.2313079834,78836,78846,10
12.8274002075,80.2310409546,78846,78856,10
12.8285903931,80.2303771973,78856,78867,11
12.8299102783,80.2297821045,78867,78877,10
12.8308200836,80.2294387817,78877,78887,10
12.8312397003,80.2292709351,78887,78897,10
12.8317804337,80.2291030884,78897,78907,10
12.8325099945,80.2289428711,78907,78917,10
12.833439827,80.2287826538,78917,78927,10
12.8346300125,80.2285766602,78927,78938,11
12.8360700607,80.2283630371,78938,78948,10
12.8374700546,80.2281494141,78948,78958,10
12.8387203217,80.2278518677,78958,78968,10
12.8393697739,80.2275924683,78968,78978,10
12.8399095535,80.2274703979,78978,78988,10
12.8405799866,80.2273178101,78988,78998,10
12.8415002823,80.2270812988,78998,79008,10
12.8426399231,80.2268218994,79008,79019,11
12.8437299728,80.2266693115,79019,79029,10
12.8453197479,80.2264785767,79029,79049,20
12.8453197479,80.2264785767,79049,79059,10
12.8455896378,80.2264480591,79059,79069,10
12.8458900452,80.2264709473,79069,79079,10
12.8465995789,80.2264785767,79079,79090,11
12.8476896286,80.2265319824,79090,79100,10
12.848859787,80.2265319824,79100,79110,10
12.8498497009,80.2265014648,79110,79120,10
12.8499202728,80.2265014648,79120,79130,10
12.8501501083,80.2265014648,79130,79140,10
12.8507699966,80.2265014648,79140,79150,10
12.8516302109,80.2265701294,79150,79160,10
12.8527097702,80.2266464233,79160,79171,11
12.8541097641,80.2265396118,79171,79181,10
12.8554496765,80.2264328003,79181,79191,10
12.8568601608,80.2262802124,79191,79201,10
12.8581895828,80.2261962891,79201,79211,10
12.8593397141,80.2263183594,79211,79221,10
12.86054039,80.2264709473,79221,79231,10
12.8607702255,80.2265014648,79231,79242,11
12.8611001968,80.2265014648,79242,79252,10
12.8617401123,80.2264709473,79252,79262,10
12.8626499176,80.2264404297,79262,79272,10
12.8637800217,80.2264709473,79272,79282,10
12.8650598526,80.2265472412,79282,79292,10
12.866350174,80.2264862061,79292,79302,10
12.8675603867,80.2263793945,79302,79312,10
12.8689203262,80.226348877,79312,79323,11
12.870470047,80.2265396118,79323,79333,10
12.8718795776,80.2266082764,79333,79343,10
12.873169899,80.2266387939,79343,79353,10
12.8744802475,80.2267684937,79353,79363,10
12.8758296967,80.2268981934,79363,79373,10
12.8766698837,80.2268676758,79373,79383,10
12.8767795563,80.226852417,79383,79394,11
12.8773097992,80.2268218994,79394,79404,10
12.8781404495,80.2267608643,79404,79414,10
12.8791399002,80.2266921997,79414,79424,10
12.8803901672,80.2266769409,79424,79434,10
12.8817396164,80.2266693115,79434,79444,10
12.8831396103,80.2266693115,79444,79454,10
12.8844995499,80.2266311646,79454,79464,10
12.8855199814,80.2266921997,79464,79475,11
12.886759758,80.2270278931,79475,79485,10
12.8880300522,80.2272415161,79485,79495,10
12.8893699646,80.2272796631,79495,79505,10
12.8908004761,80.2272720337,79505,79515,10
12.8921604156,80.2272491455,79515,79525,10
12.8931102753,80.2273635864,79525,79535,10
12.8942604065,80.2275238037,79535,79546,11
12.8956098557,80.2275619507,79546,79556,10
12.8963003159,80.2275466919,79556,79566,10
12.896320343,80.2275466919,79566,79576,10
12.8966398239,80.2275619507,79576,79586,10
12.8972997665,80.2276077271,79586,79596,10
12.8982200623,80.2276763916,79596,79606,10
12.8993301392,80.2277526855,79606,79616,10
12.9007101059,80.2278518677,79616,79708,92
12.9007101059,80.2278518677,79708,79718,10
12.9008998871,80.2278594971,79718,79728,10
12.9013204575,80.2278823853,79728,79738,10
12.9020395279,80.2279205322,79738,79748,10
12.902680397,80.2279510498,79748,79758,10
12.9027299881,80.2279434204,79758,79768,10
12.9031000137,80.2279815674,79768,79779,11
12.9039096832,80.2280426025,79779,79789,10
12.9048700333,80.2281036377,79789,79799,10
12.9060201645,80.2281570435,79799,79809,10
12.9066495895,80.2281723022,79809,79819,10
12.9069595337,80.2282028198,79819,79829,10
12.9070901871,80.2282104492,79829,79839,10
12.9076595306,80.2282867432,79839,79850,11
12.9086103439,80.2284622192,79850,79860,10
12.909740448,80.2286605835,79860,79870,10
12.9110097885,80.2288665771,79870,79880,10
12.9123401642,80.229057312,79880,79890,10
12.9136104584,80.2292022705,79890,79900,10
12.9138898849,80.2292404175,79900,79910,10
12.9142198563,80.229309082,79910,79920,10
12.9148702621,80.2293624878,79920,79931,11
12.9158802032,80.2294998169,79931,79941,10
12.9170198441,80.2296524048,79941,79951,10
12.918299675,80.2298583984,79951,79961,10
12.9196395874,80.2300415039,79961,79971,10
12.9210500717,80.23021698,79971,79981,10
12.9224596024,80.2304077148,79981,79991,10
12.9238395691,80.2306213379,79991,80002,11
12.9251899719,80.230796814,80002,80012,10
12.9259195328,80.2308425903,80012,80022,10
12.9264202118,80.2309036255,80022,80032,10
12.9266004562,80.2309265137,80032,80042,10
12.9271602631,80.2309799194,80042,80052,10
12.9279899597,80.2310791016,80052,80062,10
12.9286699295,80.2311782837,80062,80072,10
12.9286899567,80.2311706543,80072,80083,11
12.9291496277,80.2312774658,80083,80093,10
12.9298601151,80.2314529419,80093,80103,10
12.9307498932,80.2316894531,80103,80113,10
12.9318399429,80.2320480347,80113,80123,10
12.9330396652,80.2324829102,80123,80133,10
12.934009552,80.2328567505,80133,80143,10
12.9340896606,80.2329025269,80143,80154,11
12.9342403412,80.2329330444,80154,80164,10
12.9347600937,80.2331771851,80164,80174,10
12.9354600906,80.2335128784,80174,80184,10
12.9357995987,80.2337036133,80184,80194,10
12.9363603592,80.2339630127,80194,80204,10
12.9371995926,80.2343597412,80204,80214,10
12.9382095337,80.2348937988,80214,80224,10
12.9396295547,80.2355575562,80224,80245,21
12.9396295547,80.2355575562,80245,80255,10
12.9401397705,80.2357406616,80255,80265,10
12.9409704208,80.236000061,80265,80275,10
12.9419202805,80.2362518311,80275,80285,10
12.9429798126,80.2367019653,80285,80295,10
12.9439001083,80.2375869751,80295,80306,11
12.9449300766,80.2387008667,80306,80316,10
12.946100235,80.2394790649,80316,80326,10
12.9471797943,80.239906311,80326,80336,10
12.9473695755,80.239982605,80336,80346,10
12.9478302002,80.2401580811,80346,80356,10
12.9488296509,80.2405395508,80356,80376,20
12.9488296509,80.2405395508,80376,80387,11
12.9490203857,80.2406005859,80387,80397,10
12.9495296478,80.2408294678,80397,80407,10
12.9503297806,80.2410888672,80407,80417,10
12.9511804581,80.2413635254,80417,80427,10
12.9521598816,80.2417221069,80427,80437,10
12.9533004761,80.242149353,80437,80447,10
12.9545297623,80.2426528931,80447,80458,11
12.9555597305,80.2430114746,80458,80468,10
12.9563703537,80.2432785034,80468,80478,10
12.9568300247,80.2434921265,80478,80488,10
12.957570076,80.243850708,80488,80498,10
12.9585599899,80.2442626953,80498,80508,10
12.9593896866,80.2445831299,80508,80518,10
12.9594297409,80.2445983887,80518,80528,10
12.9597196579,80.244758606,80528,80539,11
12.9604196548,80.2451019287,80539,80549,10
12.9612903595,80.2455215454,80549,80559,10
12.9624004364,80.2460403442,80559,80569,10
12.9631700516,80.2463912964,80569,80579,10
12.9632101059,80.246421814,80579,80589,10
12.9633197784,80.2464599609,80589,80599,10
12.9635601044,80.2465591431,80599,80610,11
12.964220047,80.2468338013,80610,80620,10
12.9650497437,80.2471389771,80620,80630,10
12.9660797119,80.2475204468,80630,80640,10
12.966750145,80.2478179932,80640,80650,10
12.9667797089,80.2478408813,80650,80660,10
12.9671802521,80.2480926514,80660,80670,10
12.9678897858,80.2483825684,80670,80680,10
12.96875,80.2487106323,80680,80691,11
12.9697799683,80.2490692139,80691,80701,10
12.9704704285,80.2493515015,80701,80711,10
12.9709701538,80.2495498657,80711,80721,10
12.9717302322,80.2497711182,80721,80731,10
12.9726896286,80.250038147,80731,80741,10
12.97356987,80.25025177,80741,80751,10
12.9739398956,80.2503585815,80751,80762,11
12.9744796753,80.2505187988,80762,80772,10
12.9753103256,80.2507705688,80772,80782,10
12.9763498306,80.2510604858,80782,80792,10
12.9774999619,80.2515335083,80792,80802,10
12.9784002304,80.252243042,80802,80812,10
12.9785604477,80.2523269653,80812,80822,10
12.9788799286,80.2524795532,80822,80832,10
12.9795799255,80.2525787354,80832,80843,11
12.9802904129,80.2526321411,80843,80853,10
12.9811296463,80.2526016235,80853,80863,10
12.982219696,80.2525482178,80863,80873,10
12.983130455,80.2525024414,80873,80883,10
12.9835395813,80.2524414063,80883,80893,10
12.9838399887,80.2523574829,80893,80924,31
12.9840497971,80.2523193359,80924,80944,20
12.9840497971,80.2523193359,80944,80954,10
12.9842100143,80.252281189,80954,80964,10
12.9843196869,80.252243042,80964,80974,10
12.9845504761,80.2521820068,80974,81015,41
12.9845504761,80.2521820068,81015,81025,10
12.9847698212,80.2521362305,81025,81035,10
12.9854001999,80.2519378662,81035,81147,112
12.9854001999,80.2519378662,81147,81157,10
12.9856996536,80.2518463135,81157,81167,10
12.9859600067,80.2517623901,81167,81177,10
12.9861602783,80.2516784668,81177,81207,30
12.9861602783,80.2516784668,81207,81218,11
12.9863195419,80.2516937256,81218,81228,10
12.9865102768,80.251663208,81228,81268,40
12.9865102768,80.251663208,81268,81278,10
12.9866504669,80.2516098022,81278,81288,10
12.9870195389,80.2515106201,81288,81299,11
12.9874401093,80.2513809204,81299,81309,10
12.9876499176,80.2513198853,81309,81319,10
12.9876699448,80.2513198853,81319,81329,10
12.987739563,80.2512969971,81329,81339,10
12.9882097244,80.2511901855,81339,81349,10
12.9890298843,80.2509689331,81349,81359,10
12.9900798798,80.2506790161,81359,81370,11
12.9913597107,80.2503433228,81370,81380,10
12.9926395416,80.2500228882,81380,81390,10
12.9939804077,80.2496795654,81390,81400,10
12.9952402115,80.2493972778,81400,81410,10
12.9964504242,80.2490997314,81410,81420,10
12.9977798462,80.2487792969,81420,81430,10
12.999130249,80.2484207153,81430,81440,10
13.0004997253,80.2480697632,81440,81451,11
13.0020399094,80.2476882935,81451,81461,10
13.0034103394,80.2474517822,81461,81471,10
13.0047197342,80.2472686768,81471,81481,10
13.0057601929,80.2470626831,81481,81491,10
13.0063495636,80.2466812134,81491,81501,10
13.0063896179,80.24659729,81501,81511,10
13.0065603256,80.2462081909,81511,81522,11
13.0066204071,80.2453613281,81522,81532,10
13.0066099167,80.2443618774,81532,81542,10
13.0065603256,80.2431716919,81542,81552,10
13.0065202713,80.2421112061,81552,81562,10
13.0066099167,80.2409286499,81562,81572,10
13.0068397522,80.2396621704,81572,81582,10
13.007060051,80.2384872437,81582,81592,10
13.0072803497,80.2375411987,81592,81603,11
13.0074996948,80.2365570068,81603,81613,10
13.0076999664,80.2355117798,81613,81623,10
13.0079298019,80.2342910767,81623,81633,10
13.0081796646,80.232963562,81633,81643,10
13.0084495544,80.2315292358,81643,81653,10
13.0087203979,80.230140686,81653,81663,10
13.0089902878,80.2288818359,81663,81674,11
13.0092201233,80.2279129028,81674,81684,10
13.0093402863,80.2275924683,81684,81694,10
13.0096502304,80.2269210815,81694,81704,10
13.0100803375,80.2260818481,81704,81714,10
13.0105400085,80.225151062,81714,81724,10
13.0109996796,80.224067688,81724,81734,10
13.0112895966,80.2232818604,81734,81744,10
13.0115098953,80.2232513428,81744,81755,11
13.0121898651,80.2236480713,81755,81765,10
13.0130701065,80.2241134644,81765,81775,10
13.0140895844,80.2246170044,81775,81785,10
13.0147895813,80.2249908447,81785,81795,10
13.015130043,80.2251663208,81795,81805,10
13.0151996613,80.2251663208,81805,81815,10
13.0155801773,80.2252426147,81815,81826,11
13.0163602829,80.2252426147,81826,81836,10
13.0172996521,80.2249221802,81836,81846,10
13.0184497833,80.2244873047,81846,81856,10
13.0193500519,80.224281311,81856,81866,10
13.0196399689,80.2244033813,81866,81876,10
13.019780159,80.2245483398,81876,81896,20
13.019780159,80.2245483398,81896,81907,11
13.0199298859,80.2246932983,81907,81917,10
13.0203695297,80.2249984741,81917,81927,10
13.0210800171,80.2255020142,81927,81937,10
13.0219602585,80.2261962891,81937,81947,10
13.0228796005,80.2269821167,81947,81957,10
13.0235500336,80.2275466919,81957,81967,10
13.0240898132,80.2280502319,81967,81978,11
13.0243301392,80.2283477783,81978,82008,30
13.0243301392,80.2283477783,82008,82018,10
13.0243902206,80.2285003662,82018,82028,10
13.0241804123,80.2284393311,82028,82038,10
13.0238399506,80.2279891968,82038,82048,10
13.0232496262,80.2274017334,82048,82059,11
13.022359848,80.2266387939,82059,82069,10
13.0214500427,80.2258911133,82069,82079,10
13.0204801559,80.2251815796,82079,82089,10
13.0194997787,80.2245483398,82089,82099,10
13.018289566,80.2246780396,82099,82109,10
13.0171003342,80.2251815796,82109,82119,10
13.0164699554,80.225440979,82119,82130,11
13.0157003403,80.2257003784,82130,82140,10
13.0148200989,80.225982666,82140,82160,20
13.0148200989,80.225982666,82160,82170,10
13.0145998001,80.2260818481,82170,82180,10
13.0142803192,80.2261962891,82180,82190,10
13.0141801834,80.2260971069,82190,82211,21
13.0141801834,80.2260971069,82211,82221,10
13.0141296387,80.2257003784,82221,82322,101
13.0141296387,80.2257003784,82322,82332,10
13.0141601563,80.2254562378,82332,82342,10
13.0143499374,80.2253036499,82342,82352,10
13.014550209,80.2253875732,82352,82890,538
13.014550209,80.2253875732,82890,82900,10
13.0146503448,80.2254180908,82900,82910,10
13.0147895813,80.2255020142,82910,83700,790
13.0147895813,80.2255020142,83700,83710,10
13.0149497986,80.225440979,83710,84055,345
13.0149497986,80.225440979,84055,84065,10
13.0148801804,80.2256393433,84065,84328,263
13.0148801804,80.2256393433,84328,84339,11
13.0145902634,80.2253799438,84339,84349,10
