12.9972600937,80.2573165894,13,286,273
12.9971399307,80.2573318481,286,2609,2323
12.9973402023,80.2574081421,2609,3114,505
12.9972400665,80.2572784424,3114,13133,10019
12.9973802567,80.2573165894,13133,13638,505
12.9973897934,80.2572402954,13638,14194,556
12.9974002838,80.2572402954,14194,17661,3467
12.9973297119,80.2572402954,17661,20257,2596
12.9973297119,80.2572402954,20257,20267,10
12.997420311,80.2571029663,20267,20277,10
12.9977197647,80.2570419312,20277,20287,10
12.9977197647,80.256652832,20287,20298,11
12.9977197647,80.2563476563,20298,20388,90
12.9977197647,80.2563476563,20388,20399,11
12.9977397919,80.2560119629,20399,20429,30
12.9977397919,80.2560119629,20429,20439,10
12.9973897934,80.2559204102,20439,20449,10
12.9970598221,80.2559204102,20449,20469,20
12.9970598221,80.2559204102,20469,20479,10
12.9969501495,80.2556610107,20479,22378,1899
12.9969501495,80.2556610107,22378,22388,10
12.9968900681,80.2553482056,22388,22398,10
12.9968204498,80.2548980713,22398,22408,10
12.9964704514,80.2543106079,22408,22418,10
12.9959096909,80.2537612915,22418,22427,9
12.9953403473,80.2532424927,22427,22438,11
12.9949998856,80.2525863647,22438,22449,11
12.9949302673,80.252456665,22449,22459,10
12.9945602417,80.2525100708,22459,22469,10
12.9939203262,80.2526779175,22469,22479,10
12.9932498932,80.2528686523,22479,22489,10
12.9924697876,80.2529296875,22489,22499,10
12.9915800095,80.2531967163,22499,22509,10
12.9909801483,80.2538986206,22509,22519,10
12.9908504486,80.2548370361,22519,22529,10
12.9907598495,80.2557830811,22529,22539,10
12.9904499054,80.2560119629,22539,22549,10
12.9897098541,80.2559967041,22549,22560,11
12.9886302948,80.2559204102,22560,22570,10
12.987830162,80.2558288574,22570,22580,10
12.9877300262,80.2558135986,22580,22590,10
12.9876003265,80.2557907104,22590,22600,10
12.9871997833,80.2556991577,22600,22610,10
12.9864997864,80.2555923462,22610,22620,10
12.9856996536,80.2554168701,22620,22630,10
12.9847698212,80.2552032471,22630,22640,10
12.9839200974,80.2549819946,22640,22651,11
12.982919693,80.2546920776,22651,22661,10
12.9821796417,80.2543411255,22661,22671,10
12.9818601608,80.2535934448,22671,22681,10
12.9814796448,80.252822876,22681,22691,10
12.9806604385,80.2527999878,22691,22701,10
12.9797401428,80.2527236938,22701,22711,10
12.9787597656,80.2526016235,22711,22727,16
12.977640152,80.2518081665,22727,22739,12
12.9765195847,80.2512283325,22739,22749,10
12.9753704071,80.2509002686,22749,22758,9
12.974360466,80.250617981,22758,22770,12
12.9728899002,80.250213623,22770,22780,10
12.9717102051,80.2499008179,22780,22790,10
12.9705095291,80.2495498657,22790,22799,9
12.969420433,80.249130249,22799,22810,11
12.9680995941,80.2485961914,22810,22820,10
12.9668598175,80.2480621338,22820,22830,10
12.9658603668,80.2476119995,22830,22840,10
12.9648895264,80.2472610474,22840,22850,10
12.963809967,80.2468566895,22850,22861,11
12.9625701904,80.2462615967,22861,22871,10
12.961400032,80.2456665039,22871,22881,10
12.9603099823,80.2451782227,22881,22891,10
12.9593200684,80.2447280884,22891,22901,10
12.9585599899,80.2443695068,22901,22911,10
12.9579000473,80.2441101074,22911,22921,10
12.957280159,80.243888855,22921,22931,10
12.9565401077,80.2436523438,22931,22941,10
12.9562597275,80.2435379028,22941,22951,10
12.9557600021,80.2433013916,22951,22962,11
12.9548997879,80.2428970337,22962,22972,10
12.9539899826,80.2425613403,22972,22982,10
12.95291996,80.2420806885,22982,22992,10
12.9517297745,80.2416381836,22992,23002,10
12.9505300522,80.2412414551,23002,23012,10
12.9494199753,80.2409210205,23012,23022,10
12.9486503601,80.2406387329,23022,23032,10
12.9478998184,80.2403182983,23032,23042,10
12.9472103119,80.2400131226,23042,23052,10
12.9463701248,80.2396621704,23052,23063,11
12.9453201294,80.2391433716,23063,23073,10
12.9445199966,80.2383728027,23073,23083,10
12.9437704086,80.2376022339,23083,23093,10
12.9430799484,80.236907959,23093,23103,10
12.9421396255,80.2364120483,23103,23113,10
12.9409303665,80.2360992432,23113,23123,10
12.9398403168,80.235786438,23123,23133,10
12.93887043,80.2353363037,23133,23142,9
12.9379796982,80.2349014282,23142,23153,11
12.936920166,80.2343826294,23153,23164,11
12.9360399246,80.2339401245,23164,23174,10
12.9353599548,80.2335891724,23174,23184,10
12.934630394,80.2332763672,23184,23194,10
12.9339799881,80.2330322266,23194,23204,10
12.9338903427,80.2329711914,23204,23214,10
12.9335899353,80.2328414917,23214,23224,10
12.9329500198,80.2325592041,23224,23234,10
12.9320402145,80.2322387695,23234,23244,10
12.9309196472,80.2318572998,23244,23254,10
12.9297304153,80.2315292358,23254,23265,11
12.9286899567,80.2313308716,23265,23275,10
12.9277200699,80.2311935425,23275,23285,10
12.9266195297,80.2310562134,23285,23295,10
12.9254102707,80.2309112549,23295,23305,10
12.924079895,80.230758667,23305,23315,10
12.9226903915,80.2305603027,23315,23325,10
12.921210289,80.2303390503,23325,23335,10
12.9196901321,80.2301483154,23335,23345,10
12.9181604385,80.2299499512,23345,23355,10
12.9167804718,80.2297592163,23355,23366,11
12.9152297974,80.2295379639,23366,23376,10
12.9139099121,80.229347229,23376,23386,10
12.9123802185,80.2291488647,23386,23396,10
12.9109401703,80.2289276123,23396,23406,10
12.9094495773,80.2286987305,23406,23416,10
12.907959938,80.2284698486,23416,23426,10
12.9067497253,80.2283172607,23426,23456,30
12.9067497253,80.2283172607,23456,23467,11
12.9065303802,80.2282791138,23467,23477,10
12.9059295654,80.2282409668,23477,23487,10
12.9050302505,80.2281799316,23487,23497,10
12.9039096832,80.2281265259,23497,23507,10
12.902680397,80.2280807495,23507,23517,10
12.9015302658,80.228012085,23517,23526,9
12.9006004333,80.2279510498,23526,23537,11
12.8996200562,80.2279205322,23537,23547,10
12.8988103867,80.2278518677,23547,23557,10
12.8978595734,80.2277832031,23557,23567,10
12.896730423,80.227722168,23567,23578,11
12.895359993,80.2276611328,23578,23587,9
12.8942499161,80.2276077271,23587,23598,11
12.8929796219,80.2274780273,23598,23608,10
12.8922996521,80.227432251,23608,23618,10
12.891500473,80.2274017334,23618,23628,10
12.8903799057,80.2274093628,23628,23638,10
12.8891401291,80.2274093628,23638,23648,10
12.8879404068,80.2273483276,23648,23658,10
12.886759758,80.2271575928,23658,23668,10
12.88560009,80.226852417,23668,23679,11
12.8844203949,80.2267303467,23679,23689,10
12.8831501007,80.2267379761,23689,23699,10
12.8818597794,80.2267608643,23699,23709,10
12.8805303574,80.2267608643,23709,23719,10
12.8791799545,80.2267913818,23719,23729,10
12.8777999878,80.226890564,23729,23739,10
12.8766899109,80.2269897461,23739,23749,10
12.8764400482,80.2270126343,23749,23759,10
12.8760299683,80.2270126343,23759,23769,10
12.8752498627,80.2269592285,23769,23780,11
12.8740797043,80.2268218994,23780,23790,10
12.8729295731,80.2267532349,23790,23800,10
12.8717098236,80.2266998291,23800,23810,10
12.8704099655,80.2266387939,23810,23820,10
12.8690795898,80.2264862061,23820,23830,10
12.8676900864,80.2264709473,23830,23840,10
12.8662996292,80.226600647,23840,23850,10
12.8649101257,80.2266311646,23850,23860,10
12.863530159,80.2265625,23860,23870,10
12.8621397018,80.226600647,23870,23881,11
12.860619545,80.226600647,23881,23891,10
12.8592700958,80.2264099121,23891,23901,10
12.8579998016,80.2262878418,23901,23911,10
12.8566398621,80.2263793945,23911,23921,10
12.8552303314,80.2265319824,23921,23931,10
12.8538198471,80.2266693115,23931,23941,10
12.852399826,80.2267227173,23941,23951,10
12.850979805,80.2266464233,23951,23961,10
12.8495798111,80.2266235352,23961,23971,10
12.8482999802,80.2266082764,23971,23982,11
12.8469800949,80.2266082764,23982,23992,10
12.8458499908,80.2266082764,23992,24002,10
12.8450202942,80.2266311646,24002,24012,10
12.8439397812,80.2267227173,24012,24022,10
12.8426599503,80.2269210815,24022,24032,10
12.8413000107,80.2272109985,24032,24042,10
12.8399095535,80.2276229858,24042,24093,51
12.8399095535,80.2276229858,24093,24103,10
12.8394603729,80.2277679443,24103,24113,10
12.8388004303,80.2279510498,24113,24123,10
12.8378601074,80.2281723022,24123,24133,10
12.8367204666,80.2283630371,24133,24143,10
12.8355197906,80.2285308838,24143,24153,10
12.8342695236,80.2287368774,24153,24163,10
12.8330402374,80.2289581299,24163,24173,10
12.8319301605,80.2291793823,24173,24184,11
12.831609726,80.2290420532,24184,24194,10
12.8315896988,80.2289123535,24194,24204,10
12.8315401077,80.2286682129,24204,24214,10
12.831410408,80.2280197144,24214,24224,10
12.8312196732,80.2270965576,24224,24234,10
12.8310604095,80.2259368896,24234,24244,10
12.8310699463,80.2248382568,24244,24254,10
12.8310804367,80.2244873047,24254,24264,10
12.8310699463,80.2237930298,24264,24274,10
12.8310804367,80.2228469849,24274,24285,11
12.8310699463,80.2221298218,24285,24295,10
12.8310699463,80.2216415405,24295,24305,10
12.8310604095,80.2208328247,24305,24315,10
12.8310699463,80.2198486328,24315,24325,10
12.8309898376,80.2194976807,24325,24335,10
12.8303203583,80.2194595337,24335,24345,10
12.8293800354,80.2194213867,24345,24355,10
12.8282003403,80.2194213867,24355,24365,10
12.8275995255,80.2194366455,24365,24375,10
12.8275604248,80.2194366455,24375,24385,10
12.8272800446,80.2194290161,24385,24396,11
12.8265104294,80.2194213867,24396,24406,10
12.8260202408,80.2193984985,24406,24416,10
12.8258600235,80.2191696167,24416,24426,10
12.8258695602,80.2188720703,24426,24436,10
12.8258800507,80.2181625366,24436,24446,10
12.8258895874,80.2172012329,24446,24456,10
12.8258895874,80.2163162231,24456,24466,10
12.8255500793,80.2160491943,24466,24476,10
12.8248100281,80.2159805298,24476,24729,253
12.8248100281,80.2159805298,24729,24739,10
12.824640274,80.2159805298,24739,24749,10
12.8240699768,80.216003418,24749,24759,10
12.8232402802,80.216003418,24759,24769,10
12.8228397369,80.2160110474,24769,24779,10
12.8227100372,80.2163391113,24779,24789,10
12.8227100372,80.2171325684,24789,24800,11
12.8226995468,80.2182617188,24800,24810,10
12.822719574,80.2191162109,24810,24820,10
12.8227701187,80.2193603516,24820,24830,10
12.8244104385,80.2194595337,24830,24840,10
12.8244104385,80.2194595337,24840,24850,10
12.8253297806,80.2194595337,24850,24860,10
12.8256998062,80.2194595337,24860,24870,10
12.8262996674,80.2194595337,24870,24880,10
12.8271303177,80.2194595337,24880,24890,10
12.8275699615,80.2194290161,24890,24901,11
12.8278198242,80.2194290161,24901,24914,13
12.8285799026,80.2194213867,24914,24924,10
12.8295001984,80.2194213867,24924,24934,10
12.8305702209,80.2194213867,24934,24944,10
12.8309402466,80.2194137573,24944,24954,10
12.8311901093,80.219619751,24954,24964,10
12.831199646,80.2205810547,24964,24974,10
12.8311901093,80.2216720581,24974,24984,10
12.8311796188,80.2221908569,24984,24994,10
12.8311700821,80.2226486206,24994,25005,11
12.8311595917,80.2235412598,25005,25016,11
12.8311395645,80.2245407104,25016,25026,10
12.8311395645,80.224899292,25026,25036,10
12.8311395645,80.2256164551,25036,25046,10
12.8311901093,80.2265319824,25046,25056,10
12.8313798904,80.2275390625,25056,25066,10
12.831609726,80.2285995483,25066,25076,10
12.8318004608,80.2291564941,25076,25086,10
12.8319797516,80.2291183472,25086,25096,10
12.8324699402,80.2290267944,25096,25107,11
12.8334102631,80.2288513184,25107,25117,10
12.8343896866,80.2286682129,25117,25127,10
12.8354597092,80.2285003662,25127,25137,10
12.8364896774,80.2283401489,25137,25147,10
12.8374795914,80.228187561,25147,25157,10
12.83852005,80.2279663086,25157,25167,10
12.8394002914,80.2277526855,25167,25218,51
12.8394002914,80.2277526855,25218,25228,10
12.8399000168,80.2276077271,25228,25238,10
12.8406000137,80.2274169922,25238,25248,10
12.8415803909,80.2271499634,25248,25258,10
12.8427696228,80.2268829346,25258,25268,10
12.8441095352,80.2266387939,25268,25278,10
12.8451795578,80.2265319824,25278,25288,10
12.8454198837,80.2265167236,25288,25298,10
12.8457202911,80.2265167236,25298,25309,11
12.8465003967,80.2265472412,25309,25319,10
12.8472995758,80.2265396118,25319,25329,10
12.8480100632,80.2265319824,25329,25339,10
12.8488502502,80.2265396118,25339,25349,10
12.8496799469,80.2265319824,25349,25359,10
12.8506498337,80.2265167236,25359,25369,10
12.8518600464,80.2265777588,25369,25379,10
12.8531599045,80.2266235352,25379,25389,10
12.8545703888,80.2265014648,25389,25399,10
12.856010437,80.2263412476,25399,25410,11
12.8576202393,80.2261810303,25410,25420,10
12.8588600159,80.2262268066,25420,25430,10
12.860039711,80.2264022827,25430,25440,10
12.8607397079,80.2265090942,25440,25450,10
12.8614501953,80.2265319824,25450,25460,10
12.8625001907,80.2264709473,25460,25470,10
12.8637504578,80.2264633179,25470,25480,10
12.8651304245,80.2265167236,25480,25490,10
12.8665399551,80.2264709473,25490,25500,10
12.8679304123,80.226348877,25500,25517,17
12.8702697754,80.2265319824,25517,25529,12
12.8718996048,80.2266235352,25529,25539,10
12.873290062,80.2266387939,25539,25549,10
12.8746995926,80.2267913818,25549,25559,10
12.87596035,80.2268981934,25559,25568,9
12.8765802383,80.2268829346,25568,25579,11
12.8767795563,80.2268600464,25579,25589,10
12.8769598007,80.2268600464,25589,25599,10
12.8775396347,80.2268218994,25599,25609,10
12.878569603,80.2267303467,25609,25620,11
12.8798904419,80.2266998291,25620,25630,10
12.8812103271,80.2266769409,25630,25640,10
12.8825597763,80.2266616821,25640,25650,10
12.8839101791,80.2266311646,25650,25660,10
12.885020256,80.2266235352,25660,25670,10
12.8852796555,80.2266464233,25670,25680,10
12.8856897354,80.2267608643,25680,25690,10
12.886469841,80.2269821167,25690,25700,10
12.8875198364,80.2271881104,25700,25710,10
12.8886499405,80.2273025513,25710,25721,11
12.8898696899,80.2273101807,25721,25731,10
12.8909397125,80.2273101807,25731,25741,10
12.8920402527,80.2273178101,25741,25751,10
12.893119812,80.2273788452,25751,25761,10
12.8943595886,80.2275466919,25761,25771,10
12.8956804276,80.2276229858,25771,25781,10
12.8969802856,80.2276763916,25781,25791,10
12.8982801437,80.2277526855,25791,25801,10
12.8994998932,80.2278137207,25801,25811,10
12.9007501602,80.227897644,25811,25870,59
12.9007501602,80.227897644,25870,25880,10
12.9009199142,80.227897644,25880,25889,9
12.9012899399,80.2279205322,25889,25900,11
12.9021902084,80.2279281616,25900,25910,10
12.9028301239,80.2279586792,25910,25920,10
12.9028396606,80.2279586792,25920,25931,11
12.9032802582,80.2279968262,25931,25941,10
12.9040498734,80.2280502319,25941,25951,10
12.9050798416,80.2281188965,25951,25961,10
12.9064397812,80.2281570435,25961,25991,30
12.9064397812,80.2281570435,25991,26010,19
12.9071798325,80.2282409668,26010,26022,12
12.9082298279,80.2284011841,26022,26033,11
12.9094800949,80.2286376953,26033,26043,10
12.9108104706,80.2288513184,26043,26053,10
12.912229538,80.2290496826,26053,26063,10
12.9135398865,80.2292098999,26063,26070,7
12.9140195847,80.2292633057,26070,26083,13
12.9142999649,80.229309082,26083,26093,10
12.9148702621,80.2294006348,26093,26103,10
12.9157400131,80.2295227051,26103,26113,10
12.9168796539,80.2296829224,26113,26123,10
12.9181699753,80.2298583984,26123,26134,11
12.9196596146,80.2300491333,26134,26144,10
12.9210195541,80.23021698,26144,26154,10
12.9224004745,80.2304000854,26154,26177,23
12.9256095886,80.2308425903,26177,26189,12
12.9264602661,80.2309265137,26189,26199,10
12.9265804291,80.2309494019,26199,26209,10
12.927280426,80.2310409546,26209,26219,10
12.9281196594,80.2311401367,26219,26229,10
12.9289999008,80.2312774658,26229,26240,11
12.9303398132,80.231590271,26240,26250,10
12.9314899445,80.2319412231,26250,26260,10
12.9329004288,80.2323913574,26260,26270,10
12.9336900711,80.2327270508,26270,26280,10
12.9337797165,80.2327804565,26280,26289,9
12.9340496063,80.2329101563,26289,26300,11
12.9347600937,80.2332382202,26300,26310,10
12.9356203079,80.2336273193,26310,26320,10
12.9366798401,80.2341308594,26320,26330,10
12.9378204346,80.234703064,26330,26341,11
12.9391002655,80.2353363037,26341,26351,10
12.939789772,80.2356491089,26351,26361,10
12.9398403168,80.235710144,26361,26371,10
12.9402103424,80.2358398438,26371,26381,10
12.9409399033,80.236038208,26381,26391,10
12.94190979,80.2362823486,26391,26401,10
12.9430198669,80.2367401123,26401,26411,10
12.9437704086,80.237449646,26411,26421,10
12.944899559,80.2386779785,26421,26431,10
12.9460802078,80.2395019531,26431,26442,11
12.9472999573,80.239982605,26442,26452,10
12.9489097595,80.2406463623,26452,26512,60
12.9489097595,80.2406463623,26512,26522,10
12.9491100311,80.2407302856,26522,26532,10
12.949669838,80.2409286499,26532,26543,11
12.9505395889,80.2411804199,26543,26553,10
12.9511203766,80.2413330078,26553,26563,10
12.9511604309,80.2413406372,26563,26573,10
12.9513301849,80.2414016724,26573,26583,10
12.9518604279,80.2416000366,26583,26593,10
12.9526195526,80.2418899536,26593,26603,10
12.953379631,80.2421875,26603,26613,10
12.954079628,80.2424697876,26613,26623,10
12.954750061,80.2427520752,26623,26633,10
12.9553699493,80.2429962158,26633,26644,11
12.9562196732,80.2433166504,26644,26654,10
12.9565000534,80.2434463501,26654,26664,10
12.9568796158,80.2436065674,26664,26674,10
12.9575500488,80.243888855,26674,26684,10
12.9584503174,80.2442321777,26684,26694,10
12.958990097,80.244468689,26694,26704,10
12.9591197968,80.2445220947,26704,26714,10
12.9596004486,80.2447433472,26714,26724,10
12.9603395462,80.2450790405,26724,26734,10
12.9612903595,80.2455291748,26734,26744,10
12.9623804092,80.2460784912,26744,26755,11
12.9634103775,80.2465667725,26755,26815,60
12.9635801315,80.2466201782,26815,26825,10
12.9635801315,80.2466201782,26825,26835,10
12.9640798569,80.2468185425,26835,26852,17
12.9654598236,80.2473297119,26852,26864,12
12.9664897919,80.2477264404,26864,26874,10
12.9666595459,80.2478103638,26874,26884,10
12.9667901993,80.2478866577,26884,26894,10
12.9670000076,80.2480392456,26894,26903,9
12.9675703049,80.2483062744,26903,26914,11
12.9685001373,80.2486877441,26914,26922,8
12.9693603516,80.2490005493,26922,26934,12
12.9707403183,80.2495269775,26934,26944,10
12.9720096588,80.2498779297,26944,26955,11
12.9733600616,80.2502212524,26955,26965,10
12.9745702744,80.2505569458,26965,26975,10
12.9757995605,80.2509307861,26975,26985,10
12.9770298004,80.2512969971,26985,26994,9
12.977930069,80.2518768311,26994,27005,11
12.9785995483,80.2523422241,27005,27015,10
12.9786901474,80.2523803711,27015,27025,10
12.9791402817,80.252532959,27025,27036,11
12.9795398712,80.252571106,27036,27045,9
12.9795503616,80.252571106,27045,27056,11
12.9797096252,80.2526016235,27056,27066,10
12.9802103043,80.2526397705,27066,27076,10
12.9809904099,80.2526473999,27076,27086,10
12.982000351,80.2526321411,27086,27096,10
12.9831895828,80.2525482178,27096,27106,10
12.984459877,80.2522506714,27106,27116,10
12.9857196808,80.2518997192,27116,27126,10
12.9865102768,80.251701355,27126,27136,10
12.9871397018,80.2515029907,27136,27157,21
12.9871397018,80.2515029907,27157,27167,10
12.9873199463,80.2514419556,27167,27177,10
12.9877996445,80.2512969971,27177,27187,10
12.9885501862,80.2511367798,27187,27197,10
12.9894199371,80.2509002686,27197,27207,10
12.9895496368,80.250869751,27207,27217,10
12.9899301529,80.250793457,27217,27227,10
12.9904699326,80.2506637573,27227,27237,10
12.9915399551,80.2503967285,27237,27247,10
12.9926996231,80.2501296997,27247,27258,11
12.9940900803,80.2497711182,27258,27268,10
12.9954204559,80.2494277954,27268,27278,10
12.9965496063,80.249130249,27278,27288,10
12.9968204498,80.2490615845,27288,27298,10
12.9972000122,80.2489776611,27298,27308,10
12.9979000092,80.2488021851,27308,27318,10
12.9988298416,80.2485580444,27318,27328,10
12.9999799728,80.2482681274,27328,27338,10
13.0011796951,80.2479705811,27338,27348,10
13.002289772,80.2477035522,27348,27359,11
13.0035600662,80.247467041,27359,27369,10
13.0047903061,80.2473068237,27369,27379,10
13.0058803558,80.2470703125,27379,27389,10
13.0065202713,80.2464294434,27389,27409,20
13.0065202713,80.2464294434,27409,27419,10
13.0066003799,80.2461013794,27419,27429,10
13.0066299438,80.2454528809,27429,27439,10
13.0066299438,80.2446975708,27439,27449,10
13.0066404343,80.2440490723,27449,27460,11
13.0066299438,80.2435684204,27460,27470,10
13.0066099167,80.2429199219,27470,27480,10
13.0065803528,80.2420272827,27480,27490,10
13.0066204071,80.2410812378,27490,27500,10
13.0066699982,80.2406692505,27500,27509,9
13.0067195892,80.2404327393,27509,27520,11
13.0068502426,80.239730835,27520,27530,10
13.0069999695,80.2389297485,27530,27540,10
13.0072097778,80.2379379272,27540,27550,10
13.0073795319,80.2369766235,27550,27561,11
13.0074501038,80.236618042,27561,27571,10
13.0075302124,80.2364730835,27571,27581,10
13.0076398849,80.2359085083,27581,27591,10
13.0078001022,80.2351226807,27591,27601,10
13.0080003738,80.2341384888,27601,27610,9
13.0082197189,80.2330169678,27610,27620,10
13.0084896088,80.2315826416,27620,27631,11
13.0088100433,80.2299423218,27631,27641,10
13.0090999603,80.2285385132,27641,27651,10
13.0095996857,80.2272033691,27651,27661,10
13.0101299286,80.2260437012,27661,27672,11
13.0105400085,80.225189209,27672,27682,10
13.0108299255,80.2245788574,27682,27692,10
13.0111198425,80.2239227295,27692,27702,10
13.0112695694,80.2235031128,27702,27712,10
13.0114803314,80.2230606079,27712,27722,10
13.0116796494,80.2226104736,27722,27732,10
13.0119800568,80.221786499,27732,27742,10
13.0124197006,80.2215270996,27742,27752,10
13.0128803253,80.2221984863,27752,27762,10
13.0135202408,80.22290802,27762,27773,11
13.0142002106,80.2235412598,27773,27783,10
13.0144996643,80.2239685059,27783,27793,10
13.0151195526,80.2247009277,27793,27803,10
13.0156002045,80.2250518799,27803,27813,10
13.0156202316,80.2250595093,27813,27823,10
13.0158901215,80.2252807617,27823,27833,10
13.0165996552,80.2252807617,27833,27843,10
13.0174798965,80.2249603271,27843,27853,10
13.0184497833,80.2245788574,27853,27863,10
13.019109726,80.2243423462,27863,27874,11
13.0192604065,80.224357605,27874,27884,10
13.0193195343,80.2244186401,27884,27894,10
13.0197496414,80.224571228,27894,27904,10
13.0202598572,80.2249603271,27904,27914,10
13.0210599899,80.2255096436,27914,27944,30
13.0210599899,80.2255096436,27944,27954,10
13.0210695267,80.225692749,27954,28288,334
13.0211696625,80.2256622314,28288,28429,141
13.0211801529,80.2257385254,28429,28449,20
13.0211801529,80.2257385254,28449,28459,10
13.0214004517,80.2259597778,28459,28469,10
13.021900177,80.2262573242,28469,28479,10
13.0225095749,80.2266998291,28479,28490,11
13.0232000351,80.2273025513,28490,28500,10
13.0237798691,80.2278137207,28500,28510,10
13.0243797302,80.2284088135,28510,28570,60
13.0243797302,80.2284088135,28570,28580,10
13.0244197845,80.228477478,28580,28591,11
13.0241804123,80.2285232544,28591,28601,10
13.0238399506,80.2280807495,28601,28611,10
13.0236196518,80.2278366089,28611,28621,10
13.0231800079,80.2274475098,28621,28770,149
13.023059845,80.2272720337,28770,28912,142
13.023059845,80.2272720337,28912,28922,10
13.0230197906,80.2270584106,28922,29750,828
13.0230197906,80.2270584106,29750,29760,10
13.0228395462,80.2270507813,29760,29770,10
13.0227804184,80.2269897461,29770,29780,10
13.0226202011,80.2267837524,29780,29790,10
13.0221395493,80.226348877,29790,29800,10
13.0214996338,80.2258834839,29800,29810,10
13.0209302902,80.2254562378,29810,29820,10
13.020359993,80.2250823975,29820,29831,11
13.0201997757,80.2249679565,29831,29841,10
13.0201396942,80.2249298096,29841,29851,10
13.0197896957,80.2247009277,29851,29861,10
13.0190401077,80.2244873047,29861,29871,10
13.0180301666,80.2248382568,29871,29880,9
13.0171499252,80.225227356,29880,29891,11
13.0163297653,80.2255401611,29891,29901,10
13.0156402588,80.225769043,29901,29911,10
13.014840126,80.2260971069,29911,29921,10
13.0142602921,80.2263183594,29921,29932,11
13.0142402649,80.2263183594,29932,29942,10
13.0139904022,80.2264328003,29942,29952,10
13.013420105,80.2266311646,29952,29962,10
13.0126199722,80.2269363403,29962,29972,10
13.011639595,80.2273330688,29972,29982,10
13.0106296539,80.227722168,29982,29992,10
13.009759903,80.2280731201,29992,30002,10
13.0091295242,80.2286682129,30002,30012,10
13.0089197159,80.2296981812,30012,30022,10
13.0087203979,80.230758667,30022,30033,11
13.0085401535,80.2316513062,30033,30043,10
13.0083799362,80.2325668335,30043,30053,10
13.0082397461,80.2334976196,30053,30073,20
13.0082397461,80.2334976196,30073,30083,10
13.0082101822,80.2336273193,30083,30093,10
13.0081100464,80.2340164185,30093,30103,10
13.0079898834,80.2346572876,30103,30113,10
13.0079498291,80.2349090576,30113,30123,10
13.0079202652,80.2350387573,30123,30134,11
13.0077896118,80.2356567383,30134,30144,10
13.0076198578,80.2365264893,30144,30154,10
13.0074195862,80.2375564575,30154,30164,10
13.0072202682,80.2386169434,30164,30174,10
13.0069704056,80.2399902344,30174,30214,40
13.0069704056,80.2399902344,30214,30224,10
13.0069599152,80.240196228,30224,30235,11
13.0068502426,80.2406997681,30235,30245,10
13.006770134,80.2412872314,30245,30255,10
13.0067396164,80.2422180176,30255,30265,10
13.0067100525,80.2431716919,30265,30275,10
13.0066995621,80.2437515259,30275,30285,10
13.0066795349,80.2443695068,30285,30295,10
13.0066995621,80.2448577881,30295,30305,10
13.0067100525,80.2452774048,30305,30315,10
13.0067195892,80.2456207275,30315,30325,10
13.0067100525,80.2467575073,30325,30346,21
13.0067100525,80.2469406128,30346,30437,91
13.0067100525,80.2469406128,30437,30447,10
13.0067195892,80.2469787598,30447,30457,10
13.0067195892,80.247177124,30457,30467,10
13.0065898895,80.2473983765,30467,30477,10
13.0062999725,80.2474365234,30477,30487,10
13.0061597824,80.247467041,30487,30497,10
13.0059404373,80.2474899292,30497,30507,10
13.0053396225,80.2474517822,30507,30517,10
13.0045099258,80.2474822998,30517,30527,10
13.0035800934,80.2476196289,30527,30537,10
13.0027799606,80.247718811,30537,30548,11
13.0021295547,80.2478637695,30548,30558,10
13.0013303757,80.2480621338,30558,30568,10
13.0003700256,80.248298645,30568,30578,10
12.999250412,80.2485809326,30578,30588,10
12.9984197617,80.248840332,30588,30598,10
12.9983701706,80.2488327026,30598,30608,10
12.9982004166,80.2488632202,30608,30618,10
12.9976596832,80.2489624023,30618,30628,10
12.9968595505,80.2491607666,30628,30638,10
12.9959001541,80.249382019,30638,30649,11
12.9946804047,80.2497329712,30649,30659,10
12.993519783,80.2500305176,30659,30669,10
12.992389679,80.2503128052,30669,30679,10
12.9914798737,80.250579834,30679,30689,10
12.9913301468,80.250617981,30689,30699,10
12.9910001755,80.2506790161,30699,30709,10
12.99036026,80.250831604,30709,30719,10
12.9892196655,80.251121521,30719,30962,243
12.9892196655,80.251121521,30962,30972,10
12.9890699387,80.2511978149,30972,30982,10
12.988820076,80.2512588501,30982,30992,10
12.988360405,80.2513198853,30992,31002,10
12.9879398346,80.2514419556,31002,31012,10
12.9874200821,80.2515716553,31012,31022,10
12.9870195389,80.2516784668,31022,31032,10
12.986530304,80.2518234253,31032,31042,10
12.9857597351,80.251953125,31042,31052,10
12.9847202301,80.2521972656,31052,31063,11
12.9833803177,80.2525787354,31063,31073,10
12.9820899963,80.2526779175,31073,31082,9
12.9811000824,80.2527236938,31082,31093,11
12.9802799225,80.2527999878,31093,31122,29
12.9802799225,80.2527999878,31122,31133,11
12.9801101685,80.2528076172,31133,31143,10
12.9797801971,80.252746582,31143,31153,10
12.979180336,80.2526931763,31153,31164,11
12.9785699844,80.252571106,31164,31184,20
12.9785699844,80.252571106,31184,31194,10
12.9783201218,80.2523880005,31194,31204,10
12.9778203964,80.251953125,31204,31214,10
12.9770698547,80.2514419556,31214,31224,10
12.9760198593,80.2510986328,31224,31234,10
12.9748697281,80.2507705688,31234,31244,10
12.9736995697,80.2504425049,31244,31254,10
12.9726200104,80.2501602173,31254,31265,11
12.9715499878,80.2498931885,31265,31275,10
12.9707899094,80.2496795654,31275,31285,10
12.9699802399,80.249420166,31285,31295,10
12.9690198898,80.2490386963,31295,31305,10
12.9680404663,80.2486419678,31305,31315,10
12.9672298431,80.2483215332,31315,31325,10
12.9667196274,80.248046875,31325,31335,10
12.9662904739,80.247833252,31335,31345,10
12.9657897949,80.2475891113,31345,31355,10
12.9653596878,80.2473831177,31355,31365,10
12.9649600983,80.2473068237,31365,31376,11
12.9649496078,80.2473220825,31376,31386,10
12.9646196365,80.2472229004,31386,31396,10
12.9640102386,80.246963501,31396,31412,16
12.9626502991,80.2463531494,31412,31424,12
12.9614200592,80.2457427979,31424,31434,10
12.9603996277,80.245262146,31434,31444,10
12.9596395493,80.2449417114,31444,31464,20
12.9596395493,80.2449417114,31464,31475,11
12.9595298767,80.2448577881,31475,31485,10
12.959230423,80.2447280884,31485,31495,10
12.9587097168,80.2444992065,31495,31505,10
12.9581098557,80.2442779541,31505,31515,10
12.9575500488,80.2440490723,31515,31525,10
12.9568500519,80.2438735962,31525,31535,10
12.9564399719,80.2437362671,31535,31565,30
12.9564399719,80.2437362671,31565,31576,11
12.9562597275,80.2436828613,31576,31586,10
12.9558095932,80.2434005737,31586,31596,10
12.9551296234,80.2430419922,31596,31606,10
12.9543199539,80.2426834106,31606,31616,10
12.9533996582,80.2423019409,31616,31626,10
12.9526700974,80.2420196533,31626,31636,10
12.9519395828,80.2417678833,31636,31646,10
12.9517097473,80.2416992188,31646,31656,10
12.9517002106,80.2416992188,31656,31666,10
12.951379776,80.2415924072,31666,31677,11
12.9506998062,80.2413635254,31677,31687,10
12.9495000839,80.2409973145,31687,31757,70
12.9495000839,80.2409973145,31757,31767,10
12.9492397308,80.2409210205,31767,31777,10
12.9487400055,80.2406997681,31777,31788,11
12.947930336,80.2403411865,31788,31798,10
12.9469499588,80.239982605,31798,31828,30
12.9469499588,80.239982605,31828,31838,10
12.9466295242,80.2398605347,31838,31848,10
12.9460802078,80.2396087646,31848,31858,10
12.9453802109,80.2392578125,31858,31868,10
12.9447402954,80.2386627197,31868,31878,10
12.9440002441,80.237953186,31878,31889,11
12.943189621,80.2370529175,31889,31899,10
12.9421701431,80.2364425659,31899,31908,9
12.9412002563,80.2361907959,31908,31919,11
12.940199852,80.2359390259,31919,31929,10
12.9396896362,80.2357635498,31929,31949,20
12.9396896362,80.2357635498,31949,31959,10
12.9394702911,80.2356491089,31959,31969,10
12.9390201569,80.2354431152,31969,31979,10
12.9382400513,80.2350387573,31979,31989,10
12.9374103546,80.2346191406,31989,32000,11
12.9363803864,80.23412323,32000,32010,10
12.9353504181,80.2336502075,32010,32020,10
12.9343395233,80.2332077026,32020,32030,10
12.9338703156,80.233001709,32030,32050,20
12.9338703156,80.233001709,32050,32060,10
12.9335002899,80.2328186035,32060,32070,10
12.9329395294,80.2325592041,32070,32080,10
12.9322004318,80.2322921753,32080,32091,11
12.9312000275,80.2319717407,32091,32101,10
12.930150032,80.2316818237,32101,32111,10
12.9291601181,80.2314376831,32111,32121,10
12.9281797409,80.231262207,32121,32131,10
12.9270401001,80.2311172485,32131,32141,10
12.9261398315,80.2310333252,32141,32150,9
12.9258899689,80.2310180664,32150,32161,11
12.9254999161,80.2309494019,32161,32171,10
12.9249200821,80.2309112549,32171,32181,10
12.9241399765,80.2308273315,32181,32192,11
12.9231901169,80.2306594849,32192,32202,10
12.922129631,80.2304763794,32202,32212,10
12.9209299088,80.2302932739,32212,32222,10
12.9196395874,80.2301177979,32222,32232,10
12.9183101654,80.2299575806,32232,32242,10
12.9171104431,80.2297821045,32242,32252,10
12.9159202576,80.2296218872,32252,32262,10
12.9147901535,80.2294616699,32262,32272,10
12.9137296677,80.2293319702,32272,32282,10
12.9132099152,80.2292709351,32282,32303,21
12.9132099152,80.2292709351,32303,32313,10
12.9131402969,80.2291793823,32313,32323,10
12.9127902985,80.2291564941,32323,32333,10
12.9121799469,80.2290802002,32333,32343,10
12.9113502502,80.2289886475,32343,32353,10
12.9104003906,80.2288513184,32353,32363,10
12.9094400406,80.2286911011,32363,32373,10
12.9083995819,80.2285308838,32373,32383,10
12.9073600769,80.2284011841,32383,32393,10
12.9068202972,80.2283706665,32393,32444,51
12.9068202972,80.2283706665,32444,32454,10
12.9067697525,80.2283630371,32454,32464,10
12.9064502716,80.2283172607,32464,32474,10
12.9059200287,80.2282791138,32474,32484,10
12.9051704407,80.2282333374,32484,32494,10
12.9042596817,80.228187561,32494,32505,11
12.9032096863,80.2281417847,32505,32515,10
12.9025602341,80.2281112671,32515,32606,91
12.9025602341,80.2281112671,32606,32616,10
12.9023504257,80.2281112671,32616,32626,10
12.9019498825,80.2280807495,32626,32636,10
12.9016199112,80.2280502319,32636,32646,10
12.9012098312,80.228012085,32646,32656,10
12.900759697,80.2279663086,32656,32666,10
12.9003000259,80.2279586792,32666,32676,10
12.8998603821,80.2279281616,32676,32686,10
12.8991603851,80.227897644,32686,32727,41
12.8991603851,80.227897644,32727,32737,10
12.8989696503,80.2279205322,32737,32747,10
12.8986797333,80.227897644,32747,32757,10
12.8984603882,80.2278823853,32757,32767,10
12.8979902267,80.2278518677,32767,32777,10
12.8974199295,80.2278137207,32777,32787,10
12.8966903687,80.2277679443,32787,32797,10
12.8958702087,80.2277297974,32797,32807,10
12.8950595856,80.2276992798,32807,32818,11
12.8941297531,80.2276306152,32818,32828,10
12.8932695389,80.2275466919,32828,32838,10
12.8925600052,80.2274627686,32838,32848,10
12.8920202255,80.2274169922,32848,32858,10
12.8912801743,80.2274093628,32858,32868,10
12.8903799057,80.2274169922,32868,32884,16
12.8888196945,80.2274017334,32884,32896,12
12.8877096176,80.2273178101,32896,32906,10
12.8868598938,80.2271728516,32906,32917,11
12.8858604431,80.2269287109,32917,32927,10
12.8852500916,80.2267913818,32927,32937,10
12.885020256,80.2267608643,32937,32947,10
12.8846101761,80.2267227173,32947,32957,10
12.8840503693,80.2267227173,32957,32967,10
12.8832902908,80.2267303467,32967,32977,10
12.8823099136,80.2267608643,32977,32987,10
12.8812704086,80.2267684937,32987,32997,10
12.8801202774,80.2267837524,32997,33007,10
12.8788604736,80.2268295288,33007,33018,11
12.8775501251,80.2269363403,33018,33028,10
12.8769302368,80.2269821167,33028,33038,10
12.8767404556,80.2270126343,33038,33048,10
12.8764696121,80.2270126343,33048,33058,10
12.8759899139,80.2270126343,33058,33068,10
12.8752803802,80.2269668579,33068,33078,10
12.874420166,80.2268600464,33078,33095,17
12.8726596832,80.2267532349,33095,33117,22
12.8726596832,80.2267532349,33117,33127,10
12.8725099564,80.2267532349,33127,33138,11
12.8720197678,80.2267303467,33138,33148,10
12.8714199066,80.2266998291,33148,33157,9
12.8706102371,80.2266387939,33157,33168,11
12.8695697784,80.2265396118,33168,33178,10
12.8685302734,80.2264404297,33178,33188,10
12.8674402237,80.2265014648,33188,33198,10
12.866350174,80.2266082764,33198,33208,10
12.8652200699,80.2266387939,33208,33218,10
12.8640403748,80.2265930176,33218,33229,11
12.8627700806,80.2265777588,33229,33239,10
12.8617200851,80.2266387939,33239,33249,10
12.8607397079,80.2266235352,33249,33269,20
12.8607397079,80.2266235352,33269,33279,10
12.8606796265,80.226600647,33279,33289,10
12.8602600098,80.2265396118,33289,33299,10
12.8596000671,80.2264404297,33299,33309,10
12.8587799072,80.2263183594,33309,33318,9
12.8579301834,80.2262802124,33318,33330,12
12.8566503525,80.2263793945,33330,33340,10
12.8555002213,80.2265014648,33340,33350,10
12.8543395996,80.2266311646,33350,33360,10
12.8531599045,80.2267379761,33360,33370,10
12.8519496918,80.2266998291,33370,33380,10
12.8507995605,80.2266693115,33380,33390,10
12.8495798111,80.2266464233,33390,33431,41
12.8495798111,80.2266464233,33431,33441,10
12.8494796753,80.2266464233,33441,33451,10
12.8490200043,80.2266311646,33451,33461,10
12.8483104706,80.2266235352,33461,33471,10
12.8474397659,80.2266311646,33471,33481,10
12.8464403152,80.2266387939,33481,33491,10
12.8457698822,80.2266387939,33491,33501,10
12.8453302383,80.2266464233,33501,33552,51
12.8453302383,80.2266464233,33552,33562,10
12.8452196121,80.2266693115,33562,33572,10
12.8447303772,80.2266998291,33572,33582,10
12.8440504074,80.2267532349,33582,33592,10
12.8431596756,80.2268676758,33592,33602,10
12.8421096802,80.2270889282,33602,33612,10
12.840959549,80.2273788452,33612,33622,10
12.8398504257,80.2276916504,33622,33673,51
12.8398504257,80.2276916504,33673,33683,10
12.8394098282,80.2277984619,33683,33693,10
12.8388204575,80.2279663086,33693,33703,10
12.8380098343,80.2281723022,33703,33713,10
12.8370399475,80.2283401489,33713,33723,10
12.8359098434,80.2285079956,33723,33733,10
12.8347597122,80.2286834717,33733,33744,11
12.8334903717,80.2289199829,33744,33754,10
12.8324203491,80.2291412354,33754,33794,40
12.8324203491,80.2291412354,33794,33804,10
12.8323202133,80.2291564941,33804,33814,10
12.832110405,80.2292022705,33814,33830,16
12.8313598633,80.2293701172,33830,33842,12
12.8303203583,80.2297515869,33842,33853,11
12.829199791,80.230178833,33853,33863,10
12.8280801773,80.2307662964,33863,33873,10
12.8269195557,80.2313079834,33873,33883,10
12.8257904053,80.2314224243,33883,33893,10
12.8243598938,80.2313308716,33893,33902,9
12.8233098984,80.2310180664,33902,33913,11
12.8219404221,80.2306213379,33913,33923,10
12.8207798004,80.2304763794,33923,33934,11
12.8195199966,80.2305221558,33934,33945,11
12.8189401627,80.2305221558,33945,33955,10
12.8187904358,80.2304611206,33955,33965,10
12.8182601929,80.2301864624,33965,33975,10
12.817440033,80.2298126221,33975,33985,10
12.8163604736,80.2294998169,33985,33995,10
12.815079689,80.229309082,33995,34005,10
12.813750267,80.2290420532,34005,34015,10
12.8124303818,80.2285919189,34015,34025,10
12.8111495972,80.2281112671,34025,34035,10
12.8100099564,80.2276306152,34035,34045,10
12.8089399338,80.2270278931,34045,34056,11
12.807800293,80.2260894775,34056,34066,10
12.8068799973,80.2253112793,34066,34076,10
12.8059797287,80.2245101929,34076,34086,10
12.8051204681,80.224029541,34086,34096,10
12.8048496246,80.2239837646,34096,34106,10
12.8044996262,80.2239303589,34106,34116,10
12.8038597107,80.2238769531,34116,34126,10
12.803030014,80.2238006592,34126,34136,10
12.8021001816,80.2236785889,34136,34146,10
12.8012304306,80.2236175537,34146,34156,10
12.8009901047,80.2236022949,34156,34167,11
12.800860405,80.2235565186,34167,34177,10
12.800359726,80.2235336304,34177,34187,10
12.7996301651,80.2234573364,34187,34197,10
12.7986803055,80.2233581543,34197,34207,10
12.7975196838,80.2232208252,34207,34217,10
12.7964000702,80.2230224609,34217,34227,10
12.7957897186,80.2229385376,34227,34237,10
12.7957201004,80.2229309082,34237,34247,10
12.7952604294,80.2228317261,34247,34258,11
12.7943601608,80.2226791382,34258,34268,10
12.7933197021,80.2225189209,34268,34278,10
12.7921600342,80.2223129272,34278,34288,10
12.7916097641,80.2221984863,34288,34298,10
12.7910699844,80.2220687866,34298,34308,10
12.7902898788,80.221862793,34308,34318,10
12.7893800735,80.2215576172,34318,34328,10
12.7884702682,80.2211990356,34328,34338,10
12.7876396179,80.2208786011,34338,34348,10
12.7874403,80.2208099365,34348,34358,10
12.7874202728,80.2208023071,34358,34369,11
12.7870397568,80.2206573486,34369,34379,10
12.7867097855,80.2205276489,34379,34389,10
12.7865800858,80.2204818726,34389,34399,10
12.7864999771,80.2204437256,34399,34409,10
12.786359787,80.2203903198,34409,34419,10
12.7862195969,80.2205123901,34419,34429,10
12.7862195969,80.2210235596,34429,34439,10
12.7862596512,80.2218399048,34439,34490,51
12.7862596512,80.2218399048,34490,34500,10
12.7862901688,80.2221908569,34500,35388,888
12.7862901688,80.2221908569,35388,35399,11
12.7863798141,80.2218322754,35399,35409,10
12.786359787,80.2217636108,35409,35419,10
12.7862997055,80.2215270996,35419,35429,10
12.7862796783,80.2211532593,35429,35439,10
12.786239624,80.2207183838,35439,35449,10
12.786239624,80.2204971313,35449,35479,30
12.786239624,80.2204971313,35479,35489,10
12.7862796783,80.2202911377,35489,35499,10
12.7865600586,80.2204208374,35499,35510,11
12.7866201401,80.2204589844,35510,35520,10
12.7866697311,80.2205123901,35520,35530,10
12.7870597839,80.2206497192,35530,35540,10
12.7877197266,80.2209014893,35540,35550,10
12.788479805,80.2211990356,35550,35560,10
12.7893295288,80.2215194702,35560,35570,10
12.7897701263,80.2216567993,35570,35580,10
12.790309906,80.2218017578,35580,35590,10
12.7911195755,80.2219924927,35590,35600,10
12.7921600342,80.2222518921,35600,35611,11
12.7934799194,80.2224807739,35611,35621,10
12.7944297791,80.222618103,35621,35631,10
12.7951698303,80.2227401733,35631,35641,10
12.7958297729,80.2228393555,35641,35657,16
12.79708004,80.2230911255,35657,35669,12
12.7982597351,80.2232589722,35669,35679,10
12.7993803024,80.2233810425,35679,35689,10
12.8006000519,80.2234802246,35689,35699,10
12.8015298843,80.2235488892,35699,35709,10
12.8016300201,80.2235565186,35709,35720,11
12.8020496368,80.2236175537,35720,35730,10
12.8027000427,80.2237091064,35730,35739,9
12.8034200668,80.2238082886,35739,35750,11
12.8043003082,80.2238769531,35750,35760,10
12.8055801392,80.2241287231,35760,35780,20
12.8055801392,80.2241287231,35780,35790,10
12.8057899475,80.224281311,35790,35800,10
12.8062696457,80.2246932983,35800,35810,10
12.8069601059,80.2253036499,35810,35821,11
12.8079204559,80.2261276245,35821,35831,10
12.8089103699,80.2269515991,35831,35841,10
12.8100795746,80.2276306152,35841,35851,10
12.8113603592,80.2281570435,35851,35861,10
12.8127098083,80.2286376953,35861,35871,10
12.8140602112,80.2290802002,35871,35881,10
12.8153800964,80.2293014526,35881,35891,10
12.8166599274,80.2294769287,35891,35901,10
12.817700386,80.229850769,35901,35911,10
12.8185997009,80.2302780151,35911,35922,11
12.8196401596,80.2304382324,35922,35932,10
12.8205404282,80.2304229736,35932,35942,10
12.8216695786,80.2304763794,35942,35952,10
12.8227796555,80.230758667,35952,35962,10
12.8240203857,80.2310791016,35962,35972,10
12.8252401352,80.2313537598,35972,35982,10
12.8264799118,80.2312927246,35982,35992,10
12.8276901245,80.2309112549,35992,36002,10
12.8288803101,80.2302474976,36002,36012,10
12.8301200867,80.2297210693,36012,36023,11
12.8310403824,80.2293624878,36023,36033,10
12.8311300278,80.2293395996,36033,36043,10
12.8313302994,80.2292709351,36043,36053,10
12.8317203522,80.2291412354,36053,36063,10
12.8321399689,80.2290725708,36063,36073,10
12.8327999115,80.2289428711,36073,36083,10
12.8335695267,80.2287979126,36083,36093,10
12.8343896866,80.2286376953,36093,36103,10
12.8352603912,80.2284927368,36103,36113,10
12.8361701965,80.2283401489,36113,36123,10
12.8370304108,80.2282104492,36123,36134,11
12.8379802704,80.2280502319,36134,36144,10
12.8390102386,80.2277908325,36144,36164,20
12.8390798569,80.2277679443,36164,36235,71
12.8390798569,80.2277679443,36235,36245,10
12.8394699097,80.2276535034,36245,36255,10
12.8397598267,80.2276000977,36255,36265,10
12.8403997421,80.2274398804,36265,36275,10
12.8412103653,80.2272109985,36275,36285,10
12.8421802521,80.2269668579,36285,36295,10
12.8433303833,80.2267837524,36295,36305,10
12.8443698883,80.2266235352,36305,36315,10
12.8454399109,80.2265319824,36315,36336,21
12.8454399109,80.2265319824,36336,36346,10
12.8458003998,80.2265319824,36346,36356,10
12.8463602066,80.2265167236,36356,36366,10
12.8470001221,80.2265090942,36366,36376,10
12.8476896286,80.2265014648,36376,36386,10
12.848449707,80.2265014648,36386,36396,10
12.8493003845,80.2265014648,36396,36412,16
12.8509397507,80.2265014648,36412,36424,12
12.8523797989,80.2266082764,36424,36434,10
12.853679657,80.2265930176,36434,36445,11
12.8551797867,80.2264175415,36445,36453,8
12.856300354,80.2263031006,36453,36465,12
12.8579597473,80.2261581421,36465,36475,10
12.8592395782,80.2262496948,36475,36485,10
12.8604202271,80.2264328003,36485,36493,8
12.8608598709,80.2264709473,36493,36507,14
12.8611898422,80.2265090942,36507,36517,10
12.8618202209,80.2265090942,36517,36527,10
12.8626403809,80.2264633179,36527,36537,10
12.8636302948,80.2264404297,36537,36548,11
12.8648996353,80.2265014648,36548,36558,10
12.8661203384,80.2264785767,36558,36568,10
12.8673801422,80.2263717651,36568,36578,10
12.8687400818,80.2262878418,36578,36601,23
12.8714895248,80.226600647,36601,36614,13
12.8725404739,80.2266082764,36614,36624,10
12.8730096817,80.2266235352,36624,36634,10
12.8738498688,80.2266693115,36634,36644,10
12.8747997284,80.2267913818,36644,36654,10
12.8758802414,80.2268600464,36654,36665,11
12.8762397766,80.2268600464,36665,36675,10
12.8762598038,80.2268600464,36675,36685,10
12.8765697479,80.2268371582,36685,36695,10
12.8767900467,80.2268218994,36695,36705,10
12.8769197464,80.2268295288,36705,36714,9
12.8774595261,80.2267990112,36714,36725,11
12.8783397675,80.2267303467,36725,36734,9
12.8792104721,80.2266693115,36734,36744,10
12.8803701401,80.2266387939,36744,36756,12
12.8819103241,80.2266387939,36756,36766,10
12.8832798004,80.2266387939,36766,36776,10
12.8844995499,80.2266082764,36776,36786,10
12.8855495453,80.2266921997,36786,36796,10
12.8866901398,80.2269973755,36796,36806,10
12.8878097534,80.2272109985,36806,36816,10
12.8888702393,80.2272872925,36816,36826,10
12.8899898529,80.2273025513,36826,36836,10
12.8912296295,80.2272720337,36836,36846,10
12.8921604156,80.2272567749,36846,36857,11
12.8927097321,80.2273101807,36857,36867,10
12.8933801651,80.2274017334,36867,36877,10
12.8942298889,80.2275238037,36877,36887,10
12.8952598572,80.2275695801,36887,36897,10
12.8964595795,80.2276229858,36897,36907,10
12.8975696564,80.2276763916,36907,36917,10
12.8985795975,80.2277374268,36917,36927,10
12.899479866,80.2277984619,36927,36978,51
12.899479866,80.2277984619,36978,36988,10
12.8995199203,80.2278518677,36988,36998,10
12.8998804092,80.2278823853,36998,37008,10
12.9004201889,80.2278900146,37008,37018,10
12.9008398056,80.227897644,37018,37028,10
12.9011297226,80.2279205322,37028,37038,10
12.9014797211,80.2279510498,37038,37048,10
12.9019603729,80.2279510498,37048,37058,10
12.9026899338,80.2279510498,37058,37069,11
12.9029903412,80.2279281616,37069,37079,10
12.9031200409,80.2279205322,37079,37089,10
12.9036102295,80.2279891968,37089,37099,10
12.9049797058,80.2280807495,37099,37281,182
12.9049797058,80.2280807495,37281,37291,10
12.905090332,80.2280883789,37291,37301,10
12.9053401947,80.2280807495,37301,37311,10
12.9055595398,80.2281036377,37311,37321,10
12.9056997299,80.2281188965,37321,37331,10
12.9059400558,80.2281265259,37331,37341,10
12.9063196182,80.2281265259,37341,37351,10
12.9067001343,80.2281570435,37351,37361,10
12.9069404602,80.2282104492,37361,37372,11
12.9071798325,80.2282714844,37372,37382,10
12.9078197479,80.2283477783,37382,37392,10
12.908659935,80.2284698486,37392,37402,10
12.9096298218,80.2286300659,37402,37412,10
12.9107103348,80.2287979126,37412,37422,10
12.911860466,80.2289733887,37422,37432,10
12.9130096436,80.2291412354,37432,37442,10
12.9138202667,80.2292404175,37442,37452,10
12.9138803482,80.2292404175,37452,37462,10
12.9138898849,80.2292480469,37462,37472,10
12.9141597748,80.2292785645,37472,37483,11
12.9147596359,80.2293624878,37483,37493,10
12.915599823,80.2294921875,37493,37503,10
12.916560173,80.2296295166,37503,37513,10
12.9176101685,80.2297821045,37513,37523,10
12.9187402725,80.2299423218,37523,37533,10
12.919719696,80.2300720215,37533,37543,10
12.9208498001,80.2302017212,37543,37553,10
12.9220895767,80.2303695679,37553,37563,10
12.9233798981,80.2305603027,37563,37573,10
12.9246797562,80.2307281494,37573,37584,11
12.9259901047,80.2308883667,37584,37594,10
12.926440239,80.2309188843,37594,37604,10
12.9265403748,80.2309417725,37604,37614,10
12.9270296097,80.2309875488,37614,37624,10
12.9277801514,80.2310791016,37624,37634,10
12.9286699295,80.2312011719,37634,37644,10
12.9294996262,80.2313613892,37644,37654,10
12.9304895401,80.2316131592,37654,37664,10
12.9316196442,80.2319717407,37664,37674,10
12.9327898026,80.232383728,37674,37685,11
12.9336795807,80.2327194214,37685,37695,10
12.9337501526,80.2327575684,37695,37705,10
12.9340295792,80.2329101563,37705,37715,10
12.934630394,80.2331771851,37715,37725,10
12.935379982,80.2335205078,37725,37735,10
12.9361896515,80.2339096069,37735,37745,10
12.9371500015,80.2343673706,37745,37755,10
12.9382095337,80.2348709106,37755,37765,10
12.9392595291,80.2353820801,37765,37775,10
12.9397096634,80.2356109619,37775,37785,10
12.9398803711,80.2356872559,37785,37796,11
12.9405403137,80.2359085083,37796,37806,10
12.9413499832,80.2361221313,37806,37816,10
12.9423704147,80.2363815308,37816,37827,11
12.9434499741,80.2370834351,37827,37839,12
12.9443702698,80.2380981445,37839,37849,10
12.9452495575,80.2390289307,37849,37859,10
12.9463596344,80.2396011353,37859,37869,10
12.947259903,80.2399291992,37869,37879,10
12.9473896027,80.239982605,37879,37889,10
12.9474802017,80.240020752,37889,37900,11
12.9480199814,80.2402496338,37900,37910,10
12.9485397339,80.2404708862,37910,38002,92
12.9485397339,80.2404708862,38002,38012,10
12.9485502243,80.2405014038,38012,38022,10
12.9488697052,80.2406234741,38022,38032,10
12.9493103027,80.2407913208,38032,38042,10
12.9499502182,80.2409973145,38042,38052,10
12.9510097504,80.2412796021,38052,38072,20
12.9510097504,80.2412796021,38072,38082,10
12.951379776,80.2414398193,38082,38092,10
12.9520101547,80.2416763306,38092,38103,11
12.95291996,80.2420425415,38103,38113,10
12.9538698196,80.2424087524,38113,38123,10
12.9547195435,80.2427597046,38123,38133,10
12.9558401108,80.2432174683,38133,38193,60
12.9558401108,80.2432174683,38193,38204,11
12.9559202194,80.2432785034,38204,38214,10
12.9562597275,80.2434005737,38214,38244,30
12.9562597275,80.2434005737,38244,38254,10
12.9565095901,80.2434997559,38254,38264,10
12.956990242,80.2436828613,38264,38274,10
12.9577302933,80.2439727783,38274,38284,10
12.9587497711,80.2443618774,38284,38305,21
12.9587497711,80.2443618774,38305,38315,10
12.9590196609,80.2445068359,38315,38325,10
12.959280014,80.2446594238,38325,38335,10
12.9597702026,80.2448883057,38335,38345,10
12.9605197906,80.2452163696,38345,38355,10
12.9614200592,80.2456436157,38355,38365,10
12.9624004364,80.246131897,38365,38375,10
12.9632396698,80.2465362549,38375,38385,10
12.9637098312,80.2467727661,38385,38395,10
12.9643697739,80.2470092773,38395,38406,11
12.9653396606,80.2473373413,38406,38416,10
12.9661197662,80.2475967407,38416,38426,10
12.9663295746,80.2477035522,38426,38436,10
12.9664802551,80.247756958,38436,38446,10
12.9665803909,80.2478103638,38446,38456,10
12.9670000076,80.2480316162,38456,38466,10
12.9677095413,80.2483520508,38466,38476,10
12.9686098099,80.2487106323,38476,38486,10
12.969619751,80.2490997314,38486,38496,10
12.9706697464,80.2495193481,38496,38506,10
12.9717597961,80.2498321533,38506,38517,11
12.9729404449,80.2501373291,38517,38527,10
12.9738998413,80.2503967285,38527,38537,10
12.9749698639,80.2507095337,38537,38547,10
12.9761400223,80.2510299683,38547,38557,10
12.9773397446,80.2514419556,38557,38567,10
12.978219986,80.2521209717,38567,38577,10
12.9785804749,80.2523498535,38577,38587,10
12.9786100388,80.2523803711,38587,38597,10
12.9790802002,80.252532959,38597,38607,10
12.9797201157,80.2525787354,38607,38658,51
12.9797201157,80.2525787354,38658,38668,10
12.9798202515,80.2526016235,38668,38678,10
12.9802799225,80.2526016235,38678,38688,10
12.9810199738,80.2526016235,38688,38698,10
12.9818696976,80.252571106,38698,38708,10
12.9826402664,80.2525405884,38708,38719,11
12.9831199646,80.2524871826,38719,38910,191
12.9831199646,80.2524871826,38910,38920,10
12.9831895828,80.252456665,38920,38931,11
12.983420372,80.2524337769,38931,38941,10
12.9837903976,80.2523498535,38941,38951,10
12.9841604233,80.252243042,38951,38961,10
12.9846000671,80.2521362305,38961,38971,10
12.985039711,80.2520217896,38971,38981,10
12.9856595993,80.2518386841,38981,39032,51
12.9856595993,80.2518386841,39032,39042,10
12.9861097336,80.2517623901,39042,39163,121
12.9861097336,80.2517623901,39163,39173,10
12.986289978,80.2516784668,39173,39183,10
12.9865598679,80.2516174316,39183,39193,10
12.9869098663,80.2515335083,39193,39203,10
12.9873600006,80.2513885498,39203,39213,10
12.9877996445,80.2512969971,39213,39223,10
12.9884595871,80.2511367798,39223,39233,10
12.989279747,80.2509002686,39233,39244,11
12.9894895554,80.2508621216,39244,39254,10
12.9898195267,80.2508163452,39254,39264,10
12.9905195236,80.2506637573,39264,39274,10
12.9914398193,80.2504119873,39274,39284,10
12.9926204681,80.2501220703,39284,39294,10
12.9939098358,80.249786377,39294,39304,10
12.9952697754,80.2494430542,39304,39314,10
12.9962396622,80.2491836548,39314,39324,10
12.9966402054,80.2490768433,39324,39334,10
12.9968299866,80.2490615845,39334,39345,11
12.9975004196,80.2489013672,39345,39355,10
12.9983797073,80.2486877441,39355,39365,10
12.9995002747,80.2484130859,39365,39375,10
13.0007095337,80.2480926514,39375,39384,9
13.0018596649,80.2478027344,39384,39395,11
13.003279686,80.2475128174,39395,39405,10
13.0045795441,80.2473373413,39405,39415,10
13.0057601929,80.2471008301,39415,39425,10
13.0064201355,80.24659729,39425,39435,10
13.006480217,80.2464599609,39435,39446,11
13.0065698624,80.2462768555,39446,39456,10
13.0066204071,80.2456970215,39456,39466,10
13.0066299438,80.2448425293,39466,39476,10
13.0066299438,80.2439117432,39476,39486,10
13.0066003799,80.243057251,39486,39496,10
13.0065803528,80.2425079346,39496,39506,10
13.0065698624,80.241607666,39506,39516,10
13.0066604614,80.2407531738,39516,39526,10
13.0067396164,80.2403182983,39526,39557,31
13.0067396164,80.2403182983,39557,39567,10
13.0068101883,80.2400436401,39567,39577,10
13.0069503784,80.2394485474,39577,39587,10
13.0071201324,80.2384567261,39587,39604,17
13.0074100494,80.236831665,39604,39616,12
13.0074996948,80.2365112305,39616,39626,10
13.007610321,80.2360992432,39626,39636,10
13.0077295303,80.2354736328,39636,39646,10
13.0078601837,80.2348403931,39646,39657,11
13.0080404282,80.2339630127,39657,39667,10
13.0082302094,80.2330474854,39667,39676,9
13.0084104538,80.2321395874,39676,39687,11
13.0086603165,80.2308425903,39687,39697,10
13.0089197159,80.2295074463,39697,39706,9
13.0091104507,80.2285614014,39706,39717,11
13.0095100403,80.2274780273,39717,39727,10
13.0099802017,80.2264404297,39727,39737,10
13.0104198456,80.2256393433,39737,39747,10
13.0107498169,80.2249526978,39747,39758,11
13.011059761,80.2241287231,39758,39768,10
13.0113601685,80.2234420776,39768,39778,10
13.0116996765,80.2226028442,39778,39788,10
13.0120201111,80.2217483521,39788,39798,10
13.0123195648,80.2214584351,39798,39808,10
13.0124998093,80.2217178345,39808,39818,10
13.0129804611,80.2222976685,39818,39828,10
13.0135097504,80.22290802,39828,39838,10
13.0140399933,80.2233505249,39838,39848,10
13.0142803192,80.2236862183,39848,39859,11
13.0148000717,80.224281311,39859,39869,10
13.0153398514,80.2248382568,39869,39879,10
13.0156002045,80.2250518799,39879,39889,10
13.0157403946,80.2252197266,39889,39899,10
13.0163002014,80.2253494263,39899,39909,10
13.0170602798,80.2250976563,39909,39919,10
13.0178804398,80.2247467041,39919,39929,10
13.019610405,80.2243804932,39929,39977,48
13.0197296143,80.2245407104,39977,39998,21
13.0197296143,80.2245407104,39998,40008,10
13.0198097229,80.2246170044,40008,40017,9
13.0201997757,80.224899292,40017,40028,11
13.0206804276,80.2252731323,40028,40038,10
13.0209598541,80.2254867554,40038,40048,10
13.0212898254,80.2257614136,40048,40058,10
13.0215902328,80.2259674072,40058,40069,11
13.0218801498,80.2261505127,40069,40079,10
13.0221204758,80.226272583,40079,40089,10
13.0222797394,80.2264022827,40089,40099,10
13.0224599838,80.2266082764,40099,40109,10
13.0226297379,80.2267608643,40109,40119,10
13.0227804184,80.2269287109,40119,40129,10
13.0229301453,80.2270584106,40129,40139,10
13.0229902267,80.2271194458,40139,40149,10
13.0231103897,80.2272262573,40149,40159,10
13.0233001709,80.2274093628,40159,40180,21
13.0233001709,80.2274093628,40180,40190,10
13.0235004425,80.2275772095,40190,40200,10
13.0238199234,80.2278366089,40200,40210,10
13.0240802765,80.2281112671,40210,40220,10
13.0242395401,80.228302002,40220,40230,10
13.0243701935,80.2284698486,40230,40240,10
13.0243597031,80.2286376953,40240,40250,10
13.0241203308,80.2284927368,40250,40260,10
13.0237903595,80.2280731201,40260,40270,10
13.0235795975,80.227897644,40270,40592,322
13.0235795975,80.227897644,40592,40602,10
13.0233898163,80.2276306152,40602,40622,20
13.0233898163,80.2276306152,40622,40632,10
13.0231704712,80.2274475098,40632,40672,40
13.0231704712,80.2274475098,40672,40682,10
13.0230703354,80.2272796631,40682,40693,11
13.0226898193,80.2269363403,40693,40703,10
13.0222597122,80.2265319824,40703,40713,10
13.0216302872,80.2260437012,40713,40723,10
13.0210399628,80.2255630493,40723,40733,10
13.020409584,80.2251434326,40733,40743,10
13.0197000504,80.2246704102,40743,40753,10
13.0187597275,80.2245101929,40753,40769,16
13.0173997879,80.2250595093,40769,40781,12
13.0167598724,80.2253494263,40781,40791,10
13.0165300369,80.2254486084,40791,40802,11
13.0162801743,80.2255325317,40802,40812,10
13.0158100128,80.225692749,40812,40822,10
13.0152196884,80.2259216309,40822,40832,10
13.0146598816,80.2261276245,40832,40842,10
13.0138902664,80.2264022827,40842,40852,10
13.0130500793,80.2267227173,40852,40862,10
13.0120897293,80.2271194458,40862,40872,10
13.0111398697,80.2275238037,40872,40882,10
13.0102396011,80.2278823853,40882,40892,10
13.0095796585,80.2281570435,40892,40903,11
13.0091199875,80.228767395,40903,40913,10
13.008939743,80.2296524048,40913,40923,10
13.0087795258,80.2306518555,40923,40933,10
13.0085897446,80.2316665649,40933,40943,10
13.0083904266,80.2326812744,40943,40953,10
13.0082902908,80.2334136963,40953,40963,10
13.0082397461,80.2335586548,40963,40973,10
13.0081501007,80.2338409424,40973,40983,10
13.0080499649,80.2344512939,40983,40993,10
13.0078601837,80.2352905273,40993,41004,11
13.0076799393,80.2362136841,41004,41014,10
13.007519722,80.2370223999,41014,41024,10
13.0073204041,80.2379226685,41024,41034,10
13.0071802139,80.2386398315,41034,41044,10
13.0070695877,80.2391967773,41044,41054,10
13.0069599152,80.2397613525,41054,41064,10
13.0068397522,80.2403564453,41064,41074,10
13.0067100525,80.2411193848,41074,41084,10
13.0066604614,80.2419433594,41084,41094,10
13.0066604614,80.2431182861,41094,41125,31
13.0066604614,80.2431182861,41125,41141,16
13.0066604614,80.243850708,41141,41153,12
13.0066699982,80.2444076538,41153,41163,10
13.0066795349,80.244758606,41163,41193,30
13.0066795349,80.244758606,41193,41203,10
13.0066795349,80.2452163696,41203,41214,11
13.0067195892,80.2457122803,41214,41224,10
13.0067195892,80.2463226318,41224,41234,10
13.0067300797,80.2467803955,41234,41244,10
13.0065698624,80.2473373413,41244,41254,10
13.0061998367,80.2473831177,41254,41264,10
13.0055999756,80.2473373413,41264,41274,10
13.0046901703,80.2473678589,41274,41284,10
13.0035200119,80.2475280762,41284,41294,10
13.0024900436,80.247718811,41294,41304,10
13.0016002655,80.2479476929,41304,41315,11
13.0003795624,80.2482681274,41315,41325,10
12.9990997314,80.248588562,41325,41335,10
12.9981298447,80.2488632202,41335,41345,10
12.997879982,80.248916626,41345,41355,10
12.9972600937,80.2490615845,41355,41365,10
12.9963598251,80.2492904663,41365,41375,10
12.9952297211,80.2495803833,41375,41385,10
12.9939403534,80.2499313354,41385,41395,10
12.9925699234,80.2502670288,41395,41405,10
12.9914302826,80.2505722046,41405,41415,10
12.9911699295,80.250617981,41415,41432,17
12.9905500412,80.2507629395,41432,41444,12
12.9898395538,80.2509613037,41444,41626,182
12.9898395538,80.2509613037,41626,41636,10
12.9894695282,80.2510528564,41636,41646,10
12.9890403748,80.2510986328,41646,41656,10
12.9886903763,80.2511978149,41656,41666,10
12.9882602692,80.2513198853,41666,41676,10
12.9878797531,80.2514419556,41676,41686,10
12.9873895645,80.2515563965,41686,41696,10
12.9867601395,80.251739502,41696,41706,10
12.9860897064,80.2518997192,41706,41716,10
12.985159874,80.2521209717,41716,41727,11
12.9839096069,80.252456665,41727,41737,10
12.9827899933,80.2526779175,41737,41747,10
12.9817199707,80.2527084351,41747,41757,10
12.980890274,80.252746582,41757,41767,10
12.9806499481,80.2527618408,41767,41777,10
12.9804601669,80.2527313232,41777,41787,10
12.9800701141,80.2527236938,41787,41797,10
12.9796304703,80.2526779175,41797,41807,10
12.9789304733,80.2526321411,41807,41817,10
12.9785604477,80.2525634766,41817,41827,10
12.9782800674,80.2523803711,41827,41838,11
12.9776496887,80.2518081665,41838,41848,10
12.9766998291,80.2512893677,41848,41858,10
12.9754400253,80.2509307861,41858,41868,10
12.9741401672,80.2505569458,41868,41878,10
12.972820282,80.250213623,41878,41888,10
12.9715900421,80.2498779297,41888,41898,10
12.9709796906,80.24974823,41898,41908,10
12.9703598022,80.2496032715,41908,41918,10
12.9695100784,80.2492675781,41918,41928,10
12.9685096741,80.248878479,41928,41939,11
12.9674901962,80.2484893799,41939,41949,10
12.9669704437,80.2481765747,41949,41959,10
12.9666900635,80.248008728,41959,41969,10
12.9661598206,80.2477874756,41969,41979,10
12.9653396606,80.2474975586,41979,41989,10
12.9650497437,80.2473602295,41989,41999,10
12.9647502899,80.2472381592,41999,42009,10
12.9639596939,80.2469787598,42009,42029,20
12.9639596939,80.2469787598,42029,42040,11
12.9638500214,80.2469406128,42040,42050,10
12.9634504318,80.2467727661,42050,42060,10
12.9628400803,80.2464294434,42060,42070,10
12.9621496201,80.2460784912,42070,42080,10
12.9613304138,80.2456665039,42080,42090,10
12.9603700638,80.2452392578,42090,42100,10
12.9594898224,80.2449035645,42100,42110,10
12.9592399597,80.2448196411,42110,42126,16
12.9583396912,80.2444229126,42126,42138,12
12.9576101303,80.2441177368,42138,42149,11
12.9568901062,80.2438583374,42149,42159,10
12.9566802979,80.2437591553,42159,42169,10
12.9565000534,80.2436828613,42169,42189,20
12.9565000534,80.2436828613,42189,42199,10
12.9561796188,80.2435531616,42199,42208,9
12.9556903839,80.2433013916,42208,42219,11
12.9548501968,80.2428970337,42219,42229,10
12.9540195465,80.2425537109,42229,42239,10
12.9529600143,80.2420730591,42239,42250,11
12.9518299103,80.2416992188,42250,42260,10
12.9508600235,80.2413787842,42260,42270,10
12.9499702454,80.2411117554,42270,42280,10
12.9494104385,80.2409362793,42280,42290,10
12.9491796494,80.2409133911,42290,42300,10
12.948849678,80.2407913208,42300,42310,10
12.9484395981,80.2405929565,42310,42320,10
12.9476804733,80.240272522,42320,42330,10
12.9469404221,80.239982605,42330,42340,10
12.9468202591,80.2399368286,42340,42351,11
12.9466896057,80.2398910522,42351,42361,10
12.9463701248,80.2397689819,42361,42371,10
12.9463396072,80.2397384644,42371,42381,10
12.9462604523,80.239692688,42381,42391,10
12.9459695816,80.2395629883,42391,42401,10
12.9454097748,80.2392578125,42401,42411,10
12.9447498322,80.2386779785,42411,42421,10
12.9440202713,80.2378692627,42421,42431,10
12.9431400299,80.2369689941,42431,42441,10
12.9419603348,80.2363815308,42441,42452,11
12.9406604767,80.236076355,42452,42462,10
12.9398403168,80.2358093262,42462,42472,10
12.9397802353,80.2357711792,42472,42482,10
12.9393997192,80.2356109619,42482,42492,10
12.9386796951,80.2352905273,42492,42502,10
12.9378499985,80.2348709106,42502,42512,10
12.9368801117,80.2343978882,42512,42522,10
12.9363203049,80.2341308594,42522,42532,10
12.9358501434,80.2339401245,42532,42542,10
12.9354095459,80.2337188721,42542,42552,10
12.934679985,80.2333908081,42552,42563,11
12.9340200424,80.2331085205,42563,42573,10
12.9338903427,80.2330169678,42573,42583,10
12.9337902069,80.2329711914,42583,42593,10
12.9333000183,80.2327423096,42593,42603,10
12.9325504303,80.232460022,42603,42613,10
12.9315900803,80.232131958,42613,42623,10
12.9304304123,80.2317581177,42623,42633,10
12.9295196533,80.231552124,42633,42643,10
12.9291801453,80.2314682007,42643,42653,10
12.9285001755,80.2313308716,42653,42664,11
12.9275398254,80.2311935425,42664,42674,10
12.9265604019,80.2310714722,42674,42684,10
12.9260797501,80.2310333252,42684,42694,10
12.9258804321,80.231010437,42694,42704,10
12.925330162,80.2309417725,42704,42714,10
12.9245595932,80.2308273315,42714,42724,10
12.9236001968,80.2306976318,42724,42734,10
12.9224395752,80.2305221558,42734,42744,10
12.9211397171,80.2303237915,42744,42754,10
12.9197797775,80.2301635742,42754,42765,11
12.9186201096,80.2300186157,42765,42775,10
12.9175796509,80.2299118042,42775,42785,10
12.9169101715,80.2297973633,42785,42795,10
12.9160995483,80.2296905518,42795,42805,10
12.9151000977,80.2295684814,42805,42815,10
12.9139604568,80.2294235229,42815,42825,10
12.9133396149,80.2293395996,42825,42835,10
12.9132995605,80.2293395996,42835,42845,10
12.9131202698,80.2292785645,42845,42855,10
12.9125499725,80.2291793823,42855,42865,10
12.9117002487,80.229057312,42865,42876,11
12.9105300903,80.2288970947,42876,42886,10
12.9093599319,80.2287063599,42886,42896,10
12.9080200195,80.2285232544,42896,42977,81
12.9080200195,80.2285232544,42977,42987,10
12.9079303741,80.2285079956,42987,42997,10
12.90762043,80.2284622192,42997,43007,10
12.9072999954,80.2284164429,43007,43017,10
12.9068603516,80.2283477783,43017,43098,81
12.9068603516,80.2283477783,43098,43108,10
12.9068002701,80.2283325195,43108,43118,10
12.9063596725,80.2282791138,43118,43128,10
12.9056301117,80.2282409668,43128,43138,10
12.9047203064,80.2281723022,43138,43148,10
12.9038496017,80.2281265259,43148,43158,10
12.9030799866,80.2281036377,43158,43168,10
12.9022798538,80.2280578613,43168,43179,11
12.9017601013,80.2280578613,43179,43189,10
12.9014797211,80.2280273438,43189,43199,10
12.9011802673,80.2279663086,43199,43219,20
12.9011802673,80.2279663086,43219,43229,10
12.9007701874,80.2279586792,43229,43239,10
12.900349617,80.2279510498,43239,43249,10
12.9000196457,80.2279510498,43249,43259,10
12.8995895386,80.2279281616,43259,43269,10
12.8995399475,80.2279281616,43269,43280,11
12.8993396759,80.227897644,43280,43290,10
12.8987798691,80.2278594971,43290,43300,10
12.8979501724,80.2277984619,43300,43310,10
12.8969697952,80.2277526855,43310,43320,10
12.8957996368,80.2276992798,43320,43330,10
12.8946199417,80.2276535034,43330,43340,10
12.8935403824,80.2275772095,43340,43350,10
12.8929004669,80.2275009155,43350,43360,10
12.8923997879,80.2274475098,43360,43370,10
12.8916797638,80.2274017334,43370,43380,10
12.8907299042,80.2274017334,43380,43391,11
12.8895998001,80.2274017334,43391,43401,10
12.8889598846,80.2274093628,43401,43411,10
12.8884897232,80.2273788452,43411,43421,10
12.8877496719,80.2273330688,43421,43431,10
12.8868398666,80.2271728516,43431,43440,9
12.885840416,80.2269363403,43440,43451,11
12.8849496841,80.2267837524,43451,43461,10
12.8848495483,80.2267684937,43461,43471,10
12.8844099045,80.2267379761,43471,43481,10
12.8836803436,80.2267303467,43481,43492,11
12.8826398849,80.2267303467,43492,43502,10
12.8816204071,80.2267303467,43502,43512,10
12.880689621,80.2267532349,43512,43522,10
12.8797597885,80.2267608643,43522,43532,10
12.8787403107,80.2267913818,43532,43542,10
12.8777999878,80.2268600464,43542,43552,10
12.8770999908,80.2269210815,43552,43561,9
12.8767995834,80.2269592285,43561,43572,11
12.8767795563,80.2269592285,43572,43582,10
12.8764400482,80.2269973755,43582,43592,10
12.8762903214,80.2270126343,43592,43603,11
12.8757400513,80.2269973755,43603,43613,10
12.8749599457,80.2269287109,43613,43623,10
12.8739700317,80.2267990112,43623,43633,10
12.8728904724,80.2267303467,43633,43643,10
12.8722200394,80.2267532349,43643,43653,10
12.8719301224,80.2267303467,43653,43663,10
12.8713197708,80.2266921997,43663,43672,9
12.8705797195,80.2266311646,43672,43682,10
12.8696098328,80.2265167236,43682,43693,11
12.8683204651,80.2263870239,43693,43703,10
12.8670301437,80.2264785767,43703,43714,11
12.8655700684,80.226600647,43714,43724,10
12.8641996384,80.2265472412,43724,43734,10
12.8627996445,80.2265396118,43734,43744,10
12.8614397049,80.2266082764,43744,43754,10
12.8601303101,80.2265014648,43754,43764,10
12.8588495255,80.2263336182,43764,43774,10
12.8575201035,80.2262802124,43774,43784,10
12.8561601639,80.2264022827,43784,43794,10
12.8547201157,80.2265472412,43794,43805,11
12.853099823,80.2266998291,43805,43815,10
12.8516197205,80.2266616821,43815,43825,10
12.8503799438,80.2266387939,43825,43835,10
12.8499698639,80.2266387939,43835,43845,10
12.8496398926,80.2266311646,43845,43855,10
12.8489999771,80.2266235352,43855,43865,10
12.8481197357,80.226600647,43865,43875,10
12.8469896317,80.226600647,43875,43885,10
12.846039772,80.2266311646,43885,43895,10
12.8457899094,80.2266235352,43895,43905,10
12.845459938,80.2266082764,43905,43916,11
12.8452501297,80.2266082764,43916,43926,10
12.8447704315,80.2266387939,43926,43936,10
12.8439598083,80.2266693115,43936,43946,10
12.8429403305,80.2268295288,43946,43956,10
12.8418998718,80.2270584106,43956,43966,10
12.8406400681,80.2274017334,43966,43976,10
12.8398303986,80.2276229858,43976,44006,30
12.8398303986,80.2276229858,44006,44017,11
12.8392896652,80.2277984619,44017,44027,10
12.838549614,80.2279891968,44027,44037,10
12.8376398087,80.2282028198,44037,44047,10
12.8364896774,80.2283782959,44047,44057,10
12.8352203369,80.2285614014,44057,44067,10
12.8339004517,80.2287979126,44067,44077,10
12.8326797485,80.229019165,44077,44087,10
12.8318996429,80.2291793823,44087,44097,10
12.8316001892,80.2289962769,44097,44107,10
12.831580162,80.2288284302,44107,44118,11
12.8315496445,80.2286376953,44118,44128,10
12.8314304352,80.2281036377,44128,44138,10
12.8312702179,80.2272720337,44138,44148,10
12.8310699463,80.2262496948,44148,44158,10
12.8310604095,80.2250976563,44158,44168,10
12.8310604095,80.2246627808,44168,44178,10
12.8310604095,80.2241897583,44178,44188,10
12.8310699463,80.2234420776,44188,44198,10
12.8310699463,80.2225189209,44198,44208,10
12.8310699463,80.2221374512,44208,44219,11
12.8310804367,80.2215576172,44219,44229,10
12.8311195374,80.2207489014,44229,44239,10
12.8311100006,80.219871521,44239,44249,10
12.8310203552,80.219581604,44249,44259,10
12.8304395676,80.2194976807,44259,44269,10
12.8296203613,80.2194976807,44269,44279,10
12.8285903931,80.2194976807,44279,44289,10
12.8277196884,80.2194900513,44289,44309,20
12.8277196884,80.2194900513,44309,44327,18
12.8274698257,80.2194824219,44327,44339,12
12.8268404007,80.2194671631,44339,44349,10
12.8261404037,80.2194595337,44349,44359,10
12.825799942,80.2194366455,44359,44369,10
12.8253202438,80.2194213867,44369,44379,10
12.8252696991,80.2194213867,44379,44389,10
12.8248195648,80.219367981,44389,44399,10
12.8240499496,80.2193984985,44399,44409,10
12.8231601715,80.2194213867,44409,44419,10
12.8228597641,80.2194366455,44419,44430,11
12.8227701187,80.2194213867,44430,44440,10
12.8226499557,80.219078064,44440,44450,10
12.8226995468,80.2180404663,44450,44460,10
12.8226995468,80.2180404663,44460,44470,10
12.8226699829,80.2170410156,44470,44480,10
12.8226995468,80.2161026001,44480,44490,10
12.8229904175,80.2160110474,44490,44500,10
12.8234596252,80.2160186768,44500,44510,10
12.8242197037,80.2160186768,44510,44520,10
12.8247804642,80.2159881592,44520,46047,1527
12.8247804642,80.2159881592,46047,46057,10
12.8250999451,80.2160186768,46057,46067,10
12.8254299164,80.2160263062,46067,46077,10
12.8258104324,80.2160415649,46077,46090,13
12.8258895874,80.2166213989,46090,46101,11
12.8258895874,80.2175369263,46101,46111,10
12.8259000778,80.2186203003,46111,46121,10
12.8259296417,80.219291687,46121,46131,10
12.8261604309,80.219367981,46131,46141,10
12.8268299103,80.2193603516,46141,46151,10
12.8274097443,80.219367981,46151,46161,10
12.8274803162,80.219367981,46161,46171,10
12.82791996,80.2193908691,46171,46181,10
12.8286895752,80.2193984985,46181,46191,10
12.8296699524,80.2194137573,46191,46201,10
12.8307199478,80.2194137573,46201,46212,11
12.8310699463,80.2195205688,46212,46222,10
12.8311796188,80.220123291,46222,46232,10
12.8311395645,80.2210235596,46232,46242,10
12.8311300278,80.2219924927,46242,46252,10
12.8311300278,80.222328186,46252,46262,10
12.8311300278,80.2229919434,46262,46272,10
12.8311195374,80.2238998413,46272,46282,10
12.8311195374,80.2245635986,46282,46292,10
12.8311195374,80.2249069214,46292,46302,10
12.8311100006,80.2255706787,46302,46313,11
12.8311300278,80.2261810303,46313,46323,10
12.8312597275,80.2269668579,46323,46333,10
12.831410408,80.2277374268,46333,46343,10
12.831580162,80.2284698486,46343,46350,7
12.8316802979,80.2288818359,46350,46364,14
12.8318796158,80.2290802002,46364,46374,10
12.8320999146,80.2290420532,46374,46384,10
12.8327302933,80.2289428711,46384,46394,10
12.8336200714,80.2287979126,46394,46404,10
12.8347597122,80.2285995483,46404,46415,11
12.8361196518,80.2283935547,46415,46425,10
12.837439537,80.2282028198,46425,46435,10
12.8394403458,80.2276763916,46435,46490,55
12.8394403458,80.2276763916,46490,46500,10
12.8395595551,80.2276077271,46500,46510,10
12.8400201797,80.2275238037,46510,46521,11
12.8408298492,80.2273406982,46521,46531,10
12.8417901993,80.2270965576,46531,46541,10
12.8429603577,80.2268829346,46541,46551,10
12.8440599442,80.2266998291,46551,46561,10
12.8451299667,80.2265930176,46561,46570,9
12.8454704285,80.2265472412,46570,46582,12
12.8455696106,80.2265396118,46582,46592,10
12.846039772,80.2265472412,46592,46602,10
12.8468198776,80.2265472412,46602,46612,10
12.847820282,80.2265472412,46612,46623,11
12.8491401672,80.2265396118,46623,46633,10
12.8504400253,80.2265625,46633,46643,10
12.8517599106,80.2266082764,46643,46653,10
12.8531703949,80.2266769409,46653,46663,10
12.8546104431,80.2265319824,46663,46673,10
12.856089592,80.2263565063,46673,46683,10
12.8574800491,80.2262191772,46683,46693,10
12.8585300446,80.2261886597,46693,46703,10
12.8596801758,80.226348877,46703,46713,10
12.8607702255,80.2265090942,46713,46724,11
12.8620595932,80.2265167236,46724,46734,10
12.8633699417,80.2264633179,46734,46744,10
12.8646001816,80.2264785767,46744,46754,10
12.8657798767,80.2265319824,46754,46764,10
12.8669099808,80.2264480591,46764,46774,10
12.8681697845,80.2263336182,46774,46784,10
12.8695201874,80.2264175415,46784,46794,10
12.8709402084,80.2265777588,46794,46804,10
12.8722400665,80.2266082764,46804,46814,10
12.8730201721,80.2266082764,46814,46834,20
12.8730201721,80.2266082764,46834,46845,11
12.8734502792,80.2266387939,46845,46855,10
12.8741798401,80.2266998291,46855,46865,10
12.8751096725,80.2268218994,46865,46875,10
12.8762102127,80.2268829346,46875,46885,10
12.8767004013,80.2268371582,46885,46895,10
12.8767595291,80.2268371582,46895,46905,10
12.8772096634,80.2268218994,46905,46915,10
12.8779602051,80.2267608643,46915,46925,10
12.8789100647,80.2266921997,46925,46936,11
12.880200386,80.2266616821,46936,46946,10
12.881480217,80.2266387939,46946,46956,10
12.8827400208,80.2266311646,46956,46966,10
12.8840198517,80.2266235352,46966,46976,10
12.8850097656,80.2266311646,46976,46986,10
12.8852996826,80.2266387939,46986,46996,10
12.8855304718,80.2266769409,46996,47006,10
12.8861198425,80.226852417,47006,47016,10
12.8869895935,80.2270812988,47016,47026,10
12.8880701065,80.2272415161,47026,47037,11
12.8893499374,80.2272720337,47037,47047,10
12.8906602859,80.2272796631,47047,47057,10
12.8918895721,80.2272796631,47057,47067,10
12.8929796219,80.2273788452,47067,47077,10
12.8942098618,80.2275390625,47077,47087,10
12.8954200745,80.2276000977,47087,47097,10
12.89661026,80.2276382446,47097,47107,10
12.8978996277,80.227722168,47107,47117,10
12.8991098404,80.2277908325,47117,47127,10
12.9002599716,80.2278518677,47127,47148,21
12.9002599716,80.2278518677,47148,47158,10
12.9003295898,80.2278594971,47158,47168,10
12.9006996155,80.2278823853,47168,47178,10
12.9012098312,80.227897644,47178,47188,10
12.9019002914,80.2279434204,47188,47198,10
12.9027004242,80.2279663086,47198,47208,10
12.9030399323,80.2279281616,47208,47218,10
12.9031000137,80.2279281616,47218,47228,10
12.903550148,80.2279968262,47228,47238,10
12.9042901993,80.2280502319,47238,47249,11
12.9049396515,80.2280883789,47249,47259,10
12.9049797058,80.2280807495,47259,47269,10
12.9052295685,80.2280731201,47269,47279,10
12.9057798386,80.2281188965,47279,47329,50
12.9057798386,80.2281188965,47329,47339,10
12.9060001373,80.2281265259,47339,47350,11
12.9064702988,80.2281494141,47350,47360,10
12.90721035,80.2282562256,47360,47370,10
12.9081602097,80.2284088135,47370,47380,10
12.9092597961,80.2285919189,47380,47390,10
12.910369873,80.228767395,47390,47400,10
12.9114904404,80.2289505005,47400,47410,10
12.912560463,80.2291030884,47410,47420,10
12.9135398865,80.2292175293,47420,47430,10
12.9139099121,80.2292480469,47430,47440,10
12.9141197205,80.2293014526,47440,47451,11
12.9147701263,80.2294082642,47451,47460,9
12.9154996872,80.2295303345,47460,47471,11
12.916680336,80.2296676636,47471,47481,10
12.9179401398,80.2298583984,47481,47491,10
12.9192895889,80.2300262451,47491,47501,10
12.92070961,80.2302017212,47501,47511,10
12.9221601486,80.2304000854,47511,47521,10
12.923620224,80.2306289673,47521,47531,10
12.9251098633,80.2308120728,47531,47541,10
12.9266300201,80.2309875488,47541,47552,11
12.9281997681,80.2311782837,47552,47562,10
12.9294595718,80.2314071655,47562,47572,10
12.930729866,80.2317276001,47572,47582,10
12.9320001602,80.2321395874,47582,47592,10
12.9330501556,80.2324676514,47592,47602,10
12.9336204529,80.2326965332,47602,47612,10
12.9336500168,80.2327194214,47612,47622,10
12.9339599609,80.2328720093,47622,47632,10
12.9345703125,80.2331466675,47632,47642,10
12.935379982,80.2335205078,47642,47652,10
12.9363603592,80.2339782715,47652,47663,11
12.9375896454,80.2345581055,47663,47673,10
12.9386701584,80.2350997925,47673,47683,10
12.9395503998,80.2355499268,47683,47693,10
12.9404001236,80.2359085083,47693,47703,10
12.9416999817,80.2362289429,47703,47713,10
12.942899704,80.2366409302,47713,47723,10
12.9438199997,80.2374725342,47723,47733,10
12.9447202682,80.2384414673,47733,47743,10
12.9456701279,80.2393112183,47743,47753,10
12.9467401505,80.2397384644,47753,47764,11
12.9473199844,80.2399673462,47764,47774,10
12.9473896027,80.2399902344,47774,47784,10
12.947810173,80.2401733398,47784,47794,10
12.9487104416,80.2405776978,47794,47832,38
12.9487104416,80.2405776978,47832,47842,10
12.9488296509,80.2406234741,47842,47852,10
12.9493398666,80.2408370972,47852,47862,10
12.9500999451,80.2410583496,47862,47873,11
12.9511604309,80.2414016724,47873,47883,10
12.9521799088,80.2417602539,47883,47893,10
12.9531402588,80.2421112061,47893,47903,10
12.954079628,80.242477417,47903,47913,10
12.9548397064,80.2427597046,47913,47923,10
12.9555196762,80.2429885864,47923,47933,10
12.9562501907,80.2432098389,47933,47943,10
12.9564800262,80.243309021,47943,47953,10
12.9569597244,80.2435684204,47953,47963,10
12.9576997757,80.2439422607,47963,47973,10
12.9585599899,80.2442779541,47973,47984,11
12.9587602615,80.2444000244,47984,47994,10
12.9588403702,80.2444915771,47994,48004,10
12.9593400955,80.2446975708,48004,48014,10
12.9600801468,80.2450408936,48014,48024,10
12.9610099792,80.2454528809,48024,48034,10
12.9620800018,80.2459411621,48034,48044,10
12.9629096985,80.2463531494,48044,48064,20
12.9629096985,80.2463531494,48064,48075,11
12.9630203247,80.2464523315,48075,48085,10
12.9634895325,80.2466888428,48085,48095,10
12.964220047,80.246963501,48095,48105,10
12.9649801254,80.2472381592,48105,48115,10
12.9658403397,80.2475280762,48115,48125,10
12.9665203094,80.2477798462,48125,48135,10
12.9666500092,80.2478637695,48135,48145,10
12.9670200348,80.2480621338,48145,48155,10
12.9676599503,80.2483520508,48155,48165,10
12.9685697556,80.2487182617,48165,48175,10
12.9695997238,80.2491226196,48175,48185,10
12.9706497192,80.2495193481,48185,48195,10
12.9716796875,80.2498321533,48195,48206,11
12.9725599289,80.250038147,48206,48216,10
12.9734096527,80.2502593994,48216,48226,10
12.9738798141,80.2503967285,48226,48236,10
12.9746398926,80.250617981,48236,48246,10
12.9756298065,80.2509078979,48246,48256,10
12.9767999649,80.2512283325,48256,48266,10
12.9777297974,80.2517318726,48266,48276,10
12.9784698486,80.252281189,48276,48287,11
12.9786500931,80.2523803711,48287,48297,10
12.9789896011,80.2525100708,48297,48307,10
12.9796600342,80.2525787354,48307,48317,10
12.9802999496,80.2526016235,48317,48327,10
12.9809904099,80.2526016235,48327,48337,10
12.981760025,80.252571106,48337,48347,10
12.9825000763,80.252571106,48347,48357,10
12.9834699631,80.2524795532,48357,48367,10
12.9843997955,80.2522201538,48367,48377,10
12.9852695465,80.2519683838,48377,48388,11
12.9858999252,80.2518081665,48388,48398,10
12.9863195419,80.2517166138,48398,48408,10
12.987159729,80.2514724731,48408,48549,141
12.987159729,80.2514724731,48549,48558,9
12.9873600006,80.2513809204,48558,48569,11
12.9877700806,80.2512893677,48569,48579,10
12.9883403778,80.251159668,48579,48589,10
12.9892101288,80.2509307861,48589,48600,11
12.9904403687,80.2506408691,48600,48610,10
12.9917001724,80.250328064,48610,48620,10
12.9929199219,80.2500534058,48620,48630,10
12.9941902161,80.2497329712,48630,48639,9
12.995349884,80.2494430542,48639,48649,10
12.9966497421,80.2490997314,48649,48660,11
12.9981203079,80.2487411499,48660,48670,10
12.9995203018,80.2483978271,48670,48680,10
13.0007896423,80.2480773926,48680,48690,10
13.0019397736,80.2477798462,48690,48701,11
13.0031099319,80.2475280762,48701,48711,10
13.0042200089,80.2473373413,48711,48721,10
13.0053901672,80.2471389771,48721,48731,10
13.0062904358,80.2467422485,48731,48741,10
13.0064601898,80.2464828491,48741,48751,10
13.006529808,80.2463226318,48751,48761,10
13.0065698624,80.245880127,48761,48771,10
13.0066003799,80.2451629639,48771,48781,10
13.0065898895,80.2443695068,48781,48791,10
13.0065803528,80.2437667847,48791,48802,11
13.0065402985,80.242980957,48802,48812,10
13.0065202713,80.2421417236,48812,48822,10
13.0065402985,80.2412567139,48822,48832,10
13.0066404343,80.2403793335,48832,48842,10
13.0068702698,80.2394104004,48842,48852,10
13.007060051,80.2383728027,48852,48862,10
13.0072698593,80.2374725342,48862,48872,10
13.0073404312,80.2368621826,48872,48882,10
13.007349968,80.2368164063,48882,48892,10
13.0074195862,80.236656189,48892,48902,10
13.0075502396,80.2362213135,48902,48913,11
13.0076799393,80.2354888916,48913,48923,10
13.0077104568,80.2352676392,48923,48933,10
13.0077695847,80.2350997925,48933,48943,10
13.0078496933,80.2346191406,48943,48953,10
13.0080404282,80.2338180542,48953,48963,10
13.0082702637,80.2327194214,48963,48973,10
13.0085201263,80.2313919067,48973,48983,10
13.0087404251,80.2301101685,48983,48993,10
13.0089998245,80.2289276123,48993,49003,10
13.0093698502,80.2276611328,49003,49014,11
13.0100803375,80.2261276245,49014,49024,10
13.0106496811,80.2250595093,49024,49034,10
13.0110197067,80.2241668701,49034,49044,10
13.0113601685,80.2232818604,49044,49054,10
13.011639595,80.2224273682,49054,49064,10
13.0120096207,80.2215499878,49064,49074,10
13.0123796463,80.2215881348,49074,49084,10
13.0128202438,80.2222137451,49084,49094,10
13.0133895874,80.2227783203,49094,49104,10
13.0139799118,80.2233276367,49104,49115,11
13.0143604279,80.2237319946,49115,49125,10
13.0149803162,80.2245330811,49125,49135,10
13.0154600143,80.2249298096,49135,49151,16
13.0155496597,80.2251205444,49151,49163,12
13.0160198212,80.2253265381,49163,49173,10
13.0168504715,80.2251815796,49173,49183,10
13.0179100037,80.2247619629,49183,49193,10
13.0189399719,80.224357605,49193,49203,10
13.0196304321,80.2244262695,49203,49244,41
13.0196304321,80.2244262695,49244,49254,10
13.0196504593,80.2245788574,49254,49264,10
13.0199699402,80.2247924805,49264,49274,10
13.0204696655,80.225112915,49274,49284,10
13.0209302902,80.2254486084,49284,49294,10
13.0211000443,80.2256622314,49294,49345,51
13.0211496353,80.2258682251,49345,49375,30
13.0211496353,80.2258682251,49375,49385,10
13.0213804245,80.2260665894,49385,49395,10
13.0219097137,80.2263717651,49395,49405,10
13.0225601196,80.226852417,49405,49415,10
13.0232200623,80.2274017334,49415,49426,11
13.0237798691,80.2278671265,49426,49436,10
13.0242004395,80.2282562256,49436,49446,10
13.0243797302,80.2284393311,49446,49456,10
13.0243701935,80.2285614014,49456,49466,10
13.0242004395,80.2285308838,49466,49476,10
13.0239896774,80.2282791138,49476,49486,10
13.0236597061,80.2278823853,49486,49496,10
13.0230798721,80.2273330688,49496,49668,172
13.0230798721,80.2273330688,49668,49678,10
13.0230302811,80.2272186279,49678,49688,10
13.0228796005,80.2270812988,49688,49698,10
13.0225601196,80.2267608643,49698,49708,10
13.02202034,80.2263183594,49708,49718,10
13.0215301514,80.2259292603,49718,49728,10
13.021030426,80.2255401611,49728,49739,11
13.0203800201,80.2250900269,49739,49749,10
13.0200796127,80.2248687744,49749,49759,10
13.020070076,80.2248687744,49759,49769,10
13.0200195313,80.2248535156,49769,49779,10
13.0196800232,80.2246170044,49779,49789,10
13.0189695358,80.2244415283,49789,49799,10
13.0181303024,80.2247314453,49799,49809,10
13.0171604156,80.2251281738,49809,49819,10
13.0163602829,80.225479126,49819,49829,10
13.0160799026,80.2255783081,49829,49846,17
13.0152797699,80.2258911133,49846,49858,12
13.0143995285,80.2262191772,49858,49868,10
13.0135602951,80.2265625,49868,49878,10
13.0128898621,80.2267990112,49878,49887,9
13.0122699738,80.2270278931,49887,49898,11
13.0111398697,80.2274780273,49898,49908,10
13.0102596283,80.2278366089,49908,49918,10
13.0092201233,80.2283782959,49918,49928,10
13.0089797974,80.2293395996,49928,49938,10
13.0087404251,80.2305603027,49938,49949,11
13.0085201263,80.231880188,49949,49959,10
13.0082998276,80.2330780029,49959,49969,10
13.0082197189,80.2336730957,49969,49979,10
13.0081701279,80.2337722778,49979,49989,10
13.0080795288,80.2342376709,49989,49999,10
13.0079298019,80.2349777222,49999,50009,10
13.0077600479,80.2357406616,50009,50019,10
13.0075502396,80.2368087769,50019,50029,10
13.0073404312,80.2379379272,50029,50039,10
13.0071802139,80.238861084,50039,50050,11
13.0069704056,80.2398300171,50050,50090,40
13.0069704056,80.2398300171,50090,50100,10
13.0068597794,80.2403793335,50100,50110,10
13.0067796707,80.2408828735,50110,50120,10
13.0066995621,80.2418518066,50120,50130,10
13.0066900253,80.2427978516,50130,50140,10
13.0066699982,80.2437133789,50140,50151,11
13.0066604614,80.2446594238,50151,50161,10
13.0066699982,80.2453384399,50161,50171,10
13.0066995621,80.2457580566,50171,50181,10
13.0066995621,80.2458496094,50181,50191,10
13.0066995621,80.2459793091,50191,50201,10
13.0066995621,80.2462997437,50201,50211,10
13.0067195892,80.2467803955,50211,50221,10
13.0066604614,80.2473068237,50221,50231,10
13.0061998367,80.2473602295,50231,50241,10
13.0061397552,80.2473602295,50241,50252,11
13.0059404373,80.2473678589,50252,50262,10
13.0053300858,80.2473602295,50262,50272,10
13.0044698715,80.2473983765,50272,50282,10
13.0034103394,80.2475585938,50282,50292,10
13.0023403168,80.247756958,50292,50302,10
13.0012102127,80.2480163574,50302,50312,10
13.0000400543,80.2483215332,50312,50322,10
12.9988698959,80.2486495972,50322,50332,10
12.9976797104,80.2489471436,50332,50342,10
12.9965200424,80.2492218018,50342,50352,10
12.9954204559,80.24949646,50352,50363,11
12.9941997528,80.2498474121,50363,50373,10
12.9929599762,80.2501373291,50373,50383,10
12.9917297363,80.2504577637,50383,50393,10
12.9911203384,80.2506332397,50393,50403,10
12.9910898209,80.2506332397,50403,50413,10
12.9907999039,80.2506866455,50413,50423,10
12.9902496338,80.2508163452,50423,50433,10
12.9895896912,80.2509918213,50433,50443,10
12.9894104004,80.2510528564,50443,50453,10
12.9892501831,80.2510681152,50453,50463,10
12.9887695313,80.2511901855,50463,50474,11
12.9879703522,80.2514190674,50474,50484,10
12.9875202179,80.2515106201,50484,50494,10
12.986989975,80.2516479492,50494,50504,10
12.9864702225,80.2517929077,50504,50514,10
12.9858198166,80.251953125,50514,50524,10
12.9849700928,80.2521820068,50524,50534,10
12.9840297699,80.2524337769,50534,50544,10
12.9831104279,80.2526092529,50544,50554,10
12.9820404053,80.2526626587,50554,50564,10
12.9809799194,80.2527236938,50564,50575,11
12.9800596237,80.2527770996,50575,50585,10
12.9795799255,80.2527236938,50585,50595,10
12.9788103104,80.2526397705,50595,50605,10
12.9785804749,80.252571106,50605,50615,10
12.9784202576,80.2524795532,50615,50625,10
12.97797966,80.2521209717,50625,50635,10
12.9772996902,80.2515563965,50635,50645,10
12.9762296677,80.251159668,50645,50655,10
12.9750204086,80.250793457,50655,50666,11
12.9736099243,80.2503662109,50666,50676,10
12.9723396301,80.2500305176,50676,50686,10
12.9710998535,80.2496795654,50686,50696,10
12.9698696136,80.2492828369,50696,50706,10
12.9688501358,80.2489624023,50706,50716,10
12.9677696228,80.2485275269,50716,50726,10
12.9668798447,80.2480926514,50726,50736,10
12.9660596848,80.2477111816,50736,50746,10
12.9653100967,80.2473983765,50746,50756,10
12.965180397,80.2473373413,50756,50766,10
12.9648599625,80.2472229004,50766,50777,11
12.9640197754,80.246963501,50777,50797,20
12.9640197754,80.246963501,50797,50806,9
12.9638900757,80.2469177246,50806,50817,11
12.963470459,80.2467422485,50817,50827,10
12.9627103806,80.2463378906,50827,50837,10
12.9618396759,80.2459182739,50837,50847,10
12.960940361,80.2454910278,50847,50857,10
12.9600696564,80.2451095581,50857,50867,10
12.9596395493,80.2449264526,50867,50878,11
12.9595003128,80.2448501587,50878,50888,10
12.9594297409,80.2448196411,50888,50898,10
12.9590797424,80.2446517944,50898,50908,10
12.9584197998,80.2443618774,50908,50918,10
12.9576597214,80.2440567017,50918,50928,10
12.9568595886,80.2438430786,50928,50938,10
12.9564199448,80.2437210083,50938,50948,10
12.956410408,80.2437210083,50948,50958,10
12.9559297562,80.2434692383,50958,50968,10
12.9552402496,80.2431030273,50968,50979,11
12.9543199539,80.24269104,50979,50989,10
12.9535102844,80.2423324585,50989,50999,10
12.9525899887,80.2419433594,50999,51009,10
12.9518404007,80.2416763306,51009,51019,10
12.9516000748,80.241607666,51019,51029,10
12.9512395859,80.2414932251,51029,51039,10
12.9505596161,80.2412796021,51039,51049,10
12.9497299194,80.2410202026,51049,51059,10
12.9495296478,80.2409210205,51059,51069,10
12.9495201111,80.2408828735,51069,51079,10
12.9491596222,80.2407608032,51079,51090,11
12.9484395981,80.2405090332,51090,51100,10
12.9475803375,80.2401580811,51100,51110,10
12.94672966,80.2398605347,51110,51120,10
12.9465303421,80.2397766113,51120,51130,10
12.9461803436,80.2396316528,51130,51140,10
12.945520401,80.2393264771,51140,51150,10
12.9447803497,80.2386932373,51150,51160,10
12.9439897537,80.2378768921,51160,51170,10
12.943189621,80.2370223999,51170,51180,10
12.9420204163,80.2363815308,51180,51191,11
12.9405899048,80.2360229492,51191,51201,10
12.9397802353,80.2357406616,51201,51211,10
12.9391498566,80.2354736328,51211,51221,10
12.9390201569,80.2353515625,51221,51231,10
12.9385595322,80.2351074219,51231,51241,10
12.9378595352,80.2348098755,51241,51251,10
12.9369697571,80.2343902588,51251,51261,10
12.9359903336,80.2339172363,51261,51271,10
12.9351701736,80.2335281372,51271,51281,10
12.9343795776,80.2332077026,51281,51292,11
12.9342298508,80.2331390381,51292,51302,10
12.9340801239,80.2330780029,51302,51312,10
12.933719635,80.2328567505,51312,51322,10
12.9330301285,80.2325363159,51322,51332,10
12.9320802689,80.2321929932,51332,51342,10
12.9308700562,80.2317810059,51342,51352,10
12.9296398163,80.2314376831,51352,51362,10
12.9285898209,80.2312469482,51362,51372,10
12.927479744,80.2311019897,51372,51382,10
12.9263801575,80.2309875488,51382,51392,10
12.9256801605,80.2309494019,51392,51403,11
12.9254798889,80.2308883667,51403,51413,10
12.9248895645,80.2308425903,51413,51423,10
12.9240503311,80.230758667,51423,51433,10
12.9229898453,80.2305984497,51433,51443,10
12.9217300415,80.2303771973,51443,51453,10
12.9203500748,80.2302093506,51453,51469,16
12.9181804657,80.2299423218,51469,51481,12
12.9167604446,80.2297592163,51481,51491,10
12.9157896042,80.2296218872,51491,51500,9
12.9145097733,80.2294464111,51500,51512,12
12.9135303497,80.229309082,51512,51522,10
12.9131402969,80.2292404175,51522,51531,9
12.9128398895,80.2291717529,51531,51542,11
12.91203022,80.2290496826,51542,51551,9
12.9111299515,80.2289428711,51551,51562,11
12.9099397659,80.2287521362,51562,51571,9
12.9086904526,80.2285614014,51571,51581,10
12.9074602127,80.2283706665,51581,51592,11
12.9066200256,80.2282867432,51592,51603,11
12.9057598114,80.2282333374,51603,51613,10
12.9046697617,80.2281494141,51613,51623,10
12.903380394,80.2280807495,51623,51633,10
12.9020795822,80.2280273438,51633,51643,10
12.9012203217,80.2279891968,51643,51653,10
12.9005403519,80.2279281616,51653,51663,10
12.8992595673,80.2278518677,51663,51683,20
12.8992595673,80.2278518677,51683,51693,10
12.8990497589,80.2278137207,51693,51703,10
12.8985595703,80.2277984619,51703,51714,11
12.8977003098,80.2277679443,51714,51724,10
12.8966999054,80.227722168,51724,51734,10
12.8955497742,80.2276687622,51734,51744,10
12.8943004608,80.2276077271,51744,51754,10
12.8930902481,80.2274932861,51754,51764,10
12.89220047,80.2274017334,51764,51774,10
12.8913803101,80.2273483276,51774,51784,10
12.8903999329,80.2273635864,51784,51794,10
12.8893299103,80.2273635864,51794,51804,10
12.8881597519,80.2273101807,51804,51815,11
12.886759758,80.2271194458,51815,51825,10
12.8855400085,80.2268295288,51825,51835,10
12.8848600388,80.2267532349,51835,51845,10
12.8847999573,80.2267379761,51845,51855,10
12.8843603134,80.2267227173,51855,51865,10
12.8836202621,80.2266998291,51865,51875,10
12.8826398849,80.2266998291,51875,51885,10
12.8814697266,80.2267227173,51885,51895,10
12.8801898956,80.2267227173,51895,51905,10
12.8788404465,80.2267608643,51905,51916,11
12.8774204254,80.2268829346,51916,51926,10
12.8764295578,80.2269668579,51926,51936,10
12.8756198883,80.2269668579,51936,51946,10
12.8746004105,80.226852417,51946,51956,10
12.8734502792,80.2267074585,51956,51966,10
12.872710228,80.2266998291,51966,51976,10
12.8726396561,80.2266998291,51976,51986,10
12.8722400665,80.2266769409,51986,51996,10
12.8715000153,80.2266464233,51996,52006,10
12.8705396652,80.226600647,52006,52017,11
12.8692598343,80.2264633179,52017,52027,10
12.867939949,80.2264022827,52027,52037,10
12.8665504456,80.2265396118,52037,52047,10
12.8651599884,80.2265930176,52047,52057,10
12.8637399673,80.2265167236,52057,52067,10
12.862279892,80.2265396118,52067,52077,10
12.8611097336,80.2265777588,52077,52087,10
12.8599004745,80.2264633179,52087,52097,10
12.8586397171,80.2262878418,52097,52107,10
12.8572902679,80.2262878418,52107,52117,10
12.855890274,80.2264328003,52117,52128,11
12.8542995453,80.226600647,52128,52138,10
12.852809906,80.2267074585,52138,52148,10
12.851269722,80.2266387939,52148,52158,10
12.8497695923,80.2265930176,52158,52168,10
12.8483400345,80.2265701294,52168,52178,10
12.8470001221,80.226600647,52178,52188,10
12.8458404541,80.2266082764,52188,52198,10
12.8452997208,80.2266235352,52198,52210,12
12.8451004028,80.226600647,52210,52220,10
12.8445396423,80.2266387939,52220,52231,11
12.8436603546,80.2267608643,52231,52241,10
12.842590332,80.2269363403,52241,52251,10
12.8413801193,80.2271575928,52251,52261,10
12.8403596878,80.2274703979,52261,52271,10
12.8397703171,80.2276992798,52271,52392,121
12.8397703171,80.2276992798,52392,52402,10
12.8394002914,80.2277984619,52402,52412,10
12.8387804031,80.2279510498,52412,52422,10
12.8379201889,80.2281417847,52422,52433,11
12.8367004395,80.2283477783,52433,52443,10
12.8353996277,80.2285385132,52443,52453,10
12.8339996338,80.2287597656,52453,52463,10
12.8327302933,80.2289962769,52463,52473,10
12.8321695328,80.229133606,52473,52483,10
12.832110405,80.2291488647,52483,52493,10
12.8316602707,80.2292404175,52493,52503,10
12.8309402466,80.2294311523,52503,52513,10
12.8299798965,80.2297897339,52513,52523,10
12.8288297653,80.2302932739,52523,52533,10
12.8276395798,80.2309494019,52533,52544,11
12.8261899948,80.2313613892,52544,52554,10
12.8247499466,80.2313766479,52554,52564,10
12.8233804703,80.2310180664,52564,52574,10
12.8219804764,80.2305908203,52574,52584,10
12.8207597733,80.2304534912,52584,52594,10
12.8196601868,80.2304763794,52594,52604,10
12.8186502457,80.2303771973,52604,52614,10
12.8176498413,80.2299118042,52614,52624,10
12.8165102005,80.2295227051,52624,52634,10
12.8153600693,80.2293395996,52634,52645,11
12.8140802383,80.229133606,52645,52655,10
12.8129196167,80.228767395,52655,52665,10
12.8116903305,80.2283096313,52665,52675,10
12.8104600906,80.2278518677,52675,52685,10
12.8092899323,80.2272872925,52685,52695,10
12.8082199097,80.2264633179,52695,52705,10
12.807220459,80.2256011963,52705,52715,10
12.8063297272,80.224822998,52715,52725,10
12.8054800034,80.2241363525,52725,52735,10
12.8047800064,80.2239532471,52735,52745,10
12.8047599792,80.2239532471,52745,52756,11
12.8046197891,80.2239379883,52756,52766,10
12.8040399551,80.2238922119,52766,52776,10
12.8031702042,80.2238082886,52776,52786,10
12.8020200729,80.2236633301,52786,52796,10
12.8007497787,80.2235412598,52796,52806,10
12.7993803024,80.2234191895,52806,52816,10
12.7980499268,80.2232666016,52816,52826,10
12.7968397141,80.2230911255,52826,52836,10
12.7959899902,80.2229385376,52836,52846,10
12.7958498001,80.2229232788,52846,52857,11
12.7953596115,80.2228164673,52857,52867,10
12.7945203781,80.2226715088,52867,52877,10
12.7934303284,80.2225112915,52877,52887,10
12.79226017,80.2223205566,52887,52897,10
12.7910499573,80.2220230103,52897,52907,10
12.7900800705,80.2217712402,52907,52917,10
12.7896795273,80.2216720581,52917,52927,10
12.7891902924,80.2214813232,52927,52937,10
12.7884702682,80.2211990356,52937,52947,10
12.7879495621,80.2210006714,52947,52958,11
12.787779808,80.2209320068,52958,52968,10
12.7872695923,80.2207794189,52968,52978,10
12.7863197327,80.2203903198,52978,52998,20
12.7863197327,80.2203903198,52998,53008,10
12.7861700058,80.2204284668,53008,53018,10
12.7861700058,80.2208633423,53018,53028,10
12.7861604691,80.2212600708,53028,53038,10
12.7862195969,80.2215805054,53038,53048,10
12.7862300873,80.2217330933,53048,53059,11
12.7862501144,80.2220001221,53059,53481,422
12.7862501144,80.2220001221,53481,53491,10
12.786239624,80.2217407227,53491,53501,10
12.7862100601,80.2213973999,53501,53511,10
12.7862100601,80.2211608887,53511,53521,10
12.7861995697,80.2208328247,53521,53531,10
12.7861995697,80.2206268311,53531,53541,10
12.7862100601,80.2204284668,53541,53551,10
12.786359787,80.2203979492,53551,53561,10
12.7863998413,80.2204208374,53561,53572,11
12.7864904404,80.220451355,53572,53582,10
12.7868900299,80.2205963135,53582,53592,10
12.7876501083,80.2208709717,53592,53602,10
12.7885398865,80.2212219238,53602,53612,10
12.7895402908,80.2215576172,53612,53622,10
12.7903795242,80.2218017578,53622,53632,10
12.7915201187,80.2220687866,53632,53642,10
12.7928600311,80.2223968506,53642,53652,10
12.7943296432,80.2226333618,53652,53662,10
12.7957201004,80.2228469849,53662,53672,10
12.7964401245,80.2229614258,53672,53683,11
12.7964496613,80.2229614258,53683,53693,10
12.7966995239,80.2230224609,53693,53709,16
12.7977600098,80.223197937,53709,53721,12
12.7988595963,80.2233276367,53721,53731,10
12.7999801636,80.2234268188,53731,53741,10
12.8008003235,80.2235031128,53741,53751,10
12.8014297485,80.2235565186,53751,53761,10
12.8014802933,80.2235717773,53761,53771,10
12.8017501831,80.2236099243,53771,53782,11
12.8024101257,80.2236862183,53782,53793,11
12.8032999039,80.2238006592,53793,53803,10
12.8042402267,80.2238769531,53803,53813,10
12.8050003052,80.2239685059,53813,53823,10
12.8055200577,80.2241210938,53823,53833,10
12.8055400848,80.2241210938,53833,53843,10
12.8058099747,80.2243270874,53843,53853,10
12.8063697815,80.2248077393,53853,53863,10
12.8071603775,80.2255096436,53863,53873,10
12.808139801,80.2263412476,53873,53884,11
12.8093395233,80.2272796631,53884,53894,10
12.8106298447,80.2278823853,53894,53904,10
12.8118000031,80.2283401489,53904,53914,10
12.8129901886,80.2287521362,53914,53924,10
12.8142700195,80.2291412354,53924,53934,10
12.8153600693,80.2293167114,53934,53944,10
12.8164100647,80.2294387817,53944,53954,10
12.8176002502,80.2297897339,53954,53964,10
12.8185901642,80.2302932739,53964,53974,10
12.8194799423,80.2304382324,53974,53985,11
12.8197402954,80.230430603,53985,53995,10
12.8201398849,80.2304229736,53995,54005,10
12.8209199905,80.2303924561,54005,54015,10
12.8219604492,80.2305297852,54015,54025,10
12.8230895996,80.2308425903,54025,54035,10
12.8239498138,80.2311019897,54035,54045,10
12.8249797821,80.231338501,54045,54055,10
12.8262395859,80.231300354,54055,54065,10
12.8275403976,80.2309417725,54065,54075,10
12.8286600113,80.2303009033,54075,54085,10
12.8298101425,80.2297973633,54085,54096,11
12.8307800293,80.2293930054,54096,54106,10
12.8311004639,80.2292785645,54106,54116,10
12.8314599991,80.2291564941,54116,54126,10
12.831609726,80.2291412354,54126,54136,10
12.8318996429,80.2290802002,54136,54146,10
12.8325300217,80.2289810181,54146,54156,10
12.8334197998,80.2288284302,54156,54166,10
12.834569931,80.2286300659,54166,54176,10
12.8358402252,80.2284393311,54176,54186,10
12.8372001648,80.2282333374,54186,54197,11
12.8386602402,80.2279205322,54197,54207,10
12.8393096924,80.2277526855,54207,54217,10
12.8395795822,80.2276611328,54217,54227,10
12.8400001526,80.2275466919,54227,54237,10
12.8407402039,80.2273483276,54237,54247,10
12.8417396545,80.2270965576,54247,54257,10
12.8429203033,80.2268218994,54257,54267,10
12.8441495895,80.2266235352,54267,54277,10
12.8451404572,80.2265472412,54277,54287,10
12.8455095291,80.2265167236,54287,54297,10
12.8455696106,80.2265167236,54297,54308,11
12.8459100723,80.2265167236,54308,54318,10
12.8464097977,80.2265090942,54318,54328,10
12.8472499847,80.2265090942,54328,54338,10
12.8482904434,80.2265014648,54338,54354,16
12.8499898911,80.2264785767,54354,54366,12
12.8503503799,80.2264709473,54366,54376,10
12.8506097794,80.2264785767,54376,54386,10
12.8512496948,80.2265090942,54386,54396,10
12.8521003723,80.2265777588,54396,54407,11
12.8533496857,80.2266235352,54407,54417,10
12.854640007,80.2264862061,54417,54427,10
12.8559799194,80.2263412476,54427,54437,10
12.8573503494,80.2261810303,54437,54446,9
12.8583297729,80.2261505127,54446,54457,11
12.8593797684,80.2262802124,54457,54467,10
12.8605699539,80.2264328003,54467,54477,10
12.8607997894,80.2264633179,54477,54487,10
12.8610401154,80.2264709473,54487,54497,10
12.8616600037,80.2264709473,54497,54508,11
12.8626403809,80.2264175415,54508,54518,10
12.8637695313,80.2264175415,54518,54528,10
12.8650903702,80.2264785767,54528,54538,10
12.8664798737,80.2264404297,54538,54548,10
12.867939949,80.2263183594,54548,54558,10
12.8694400787,80.2264099121,54558,54568,10
12.8709697723,80.2265625,54568,54578,10
12.8722600937,80.226600647,54578,54588,10
12.8731498718,80.2266311646,54588,54598,10
12.8742303848,80.2267227173,54598,54608,10
12.8754501343,80.226852417,54608,54619,11
12.8763799667,80.2268600464,54619,54629,10
12.8767499924,80.2268371582,54629,54645,16
12.8773498535,80.2267913818,54645,54657,12
12.8783397675,80.2267227173,54657,54667,10
12.8794202805,80.2266693115,54667,54677,10
12.8806695938,80.2266616821,54677,54687,10
12.8818702698,80.2266464233,54687,54697,10
12.8833799362,80.2266387939,54697,54707,10
12.8846597672,80.2266082764,54707,54718,11
12.8860197067,80.2268295288,54718,54728,10
12.8873500824,80.2271499634,54728,54738,10
12.8887796402,80.2272872925,54738,54747,9
12.8900899887,80.2273025513,54747,54758,11
12.8916196823,80.2273025513,54758,54768,10
12.8925199509,80.2273101807,54768,54778,10
12.893119812,80.2274017334,54778,54788,10
12.8939800262,80.2275085449,54788,54798,10
12.8950595856,80.2275924683,54798,54808,10
12.8962602615,80.2276306152,54808,54818,10
12.8974103928,80.2276916504,54818,54829,11
12.898730278,80.2277679443,54829,54839,10
12.8997602463,80.2278213501,54839,54849,10
12.900639534,80.2278823853,54849,54940,91
12.900639534,80.2278823853,54940,54950,10
12.9007797241,80.2279510498,54950,54960,10
12.9010295868,80.2279510498,54960,54970,10
12.9015197754,80.2279586792,54970,54980,10
12.9023103714,80.2279586792,54980,54990,10
12.9025001526,80.2279586792,54990,55000,10
12.9026699066,80.2279510498,55000,55010,10
12.9032001495,80.2279815674,55010,55020,10
12.9040203094,80.2280502319,55020,55031,11
12.9050998688,80.2281036377,55031,55041,10
12.9059495926,80.2281417847,55041,55051,10
12.9066696167,80.2281799316,55051,55061,10
12.9070100784,80.2282104492,55061,55071,10
12.9072399139,80.2282562256,55071,55081,10
12.9077196121,80.2283401489,55081,55091,10
12.9087896347,80.2285079956,55091,55101,10
12.9100103378,80.2287063599,55101,55111,10
12.9113702774,80.2289199829,55111,55121,10
12.912779808,80.2291183472,55121,55132,11
12.9139404297,80.2292480469,55132,55142,10
12.914059639,80.2292785645,55142,55152,10
12.9143199921,80.229347229,55152,55162,10
12.9149198532,80.2294235229,55162,55172,10
12.9158000946,80.2295227051,55172,55182,10
12.9169301987,80.2296676636,55182,55192,10
12.9182195663,80.2298431396,55192,55202,10
12.9195804596,80.2300415039,55202,55212,10
12.9208898544,80.2302093506,55212,55222,10
12.9224996567,80.2304382324,55222,55232,10
12.9239997864,80.2306594849,55232,55243,11
12.9255104065,80.2308273315,55243,55253,10
12.9265699387,80.2309494019,55253,55263,10
12.9276399612,80.2310714722,55263,55273,10
12.9284696579,80.2311630249,55273,55283,10
12.9291200638,80.231300354,55283,55293,10
12.9299602509,80.2314834595,55293,55303,10
12.9310302734,80.2317886353,55303,55313,10
12.9322395325,80.2322006226,55313,55323,10
12.9331598282,80.2324905396,55323,55333,10
12.9334802628,80.2326278687,55333,55344,11
12.9336099625,80.2327194214,55344,55354,10
12.9339599609,80.2328796387,55354,55364,10
12.9347000122,80.2332000732,55364,55374,10
12.9356403351,80.2336196899,55374,55384,10
12.936750412,80.234161377,55384,55394,10
12.9379396439,80.2347488403,55394,55404,10
12.9391002655,80.2353363037,55404,55414,10
12.9401502609,80.2358398438,55414,55424,10
12.9412899017,80.2361373901,55424,55434,10
12.9425401688,80.2364807129,55434,55445,11
12.9437103271,80.2373580933,55445,55455,10
12.944560051,80.2382965088,55455,55465,10
12.9454402924,80.2391815186,55465,55475,10
12.9465398788,80.2396621704,55475,55485,10
12.9470701218,80.2398834229,55485,55495,10
12.9471302032,80.2399215698,55495,55505,10
12.9475097656,80.2400665283,55505,55515,10
12.9481697083,80.2403564453,55515,55525,10
12.9488201141,80.2406463623,55525,55535,10
12.9495401382,80.2409286499,55535,55546,11
12.9505596161,80.2412414551,55546,55556,10
12.951089859,80.2413482666,55556,55566,10
12.9511899948,80.2413864136,55566,55576,10
12.9515600204,80.2415390015,55576,55586,10
12.9520998001,80.2417526245,55586,55596,10
12.9528799057,80.2420501709,55596,55606,10
12.9538002014,80.242401123,55606,55616,10
12.9544401169,80.2426681519,55616,55626,10
12.9553899765,80.243019104,55626,55636,10
12.9562797546,80.243270874,55636,55657,21
12.9562797546,80.243270874,55657,55667,10
12.9567804337,80.2434616089,55667,55677,10
12.957449913,80.2437973022,55677,55687,10
12.958319664,80.244178772,55687,55697,10
12.9590902328,80.2445220947,55697,55707,10
12.9600000381,80.2449417114,55707,55717,10
12.9610395432,80.2454376221,55717,55727,10
12.9620895386,80.2459564209,55727,55737,10
12.9627799988,80.2463302612,55737,55747,10
12.9628295898,80.2463684082,55747,55758,11
12.9629297256,80.2464294434,55758,55768,10
12.9633102417,80.24659729,55768,55778,10
12.963760376,80.2468032837,55778,55788,10
12.9644203186,80.2470397949,55788,55798,10
12.9652099609,80.2473220825,55798,55811,13
12.9662599564,80.2476882935,55811,55820,9
12.9666099548,80.2478179932,55820,55831,11
12.9667396545,80.2479019165,55831,55841,10
12.9671802521,80.2481384277,55841,55851,10
12.9679403305,80.2484588623,55851,55862,11
12.969039917,80.248878479,55862,55872,10
12.9701795578,80.2493515015,55872,55882,10
12.9713201523,80.2497177124,55882,55892,10
12.9725599289,80.2500534058,55892,55902,10
12.9737195969,80.2503433228,55902,55912,10
12.9749202728,80.2506866455,55912,55922,10
12.9761800766,80.2510604858,55922,55932,10
12.9771404266,80.251373291,55932,55942,10
12.9779901505,80.2519683838,55942,55952,10
12.9785404205,80.2523498535,55952,55963,11
12.9786596298,80.2524108887,55963,55973,10
12.9792299271,80.2525634766,55973,55983,10
12.97976017,80.2526016235,55983,56033,50
12.97976017,80.2526016235,56033,56043,10
12.9799203873,80.2526626587,56043,56053,10
12.980509758,80.2526473999,56053,56064,11
12.9814996719,80.2526321411,56064,56073,9
12.9825401306,80.2526016235,56073,56084,11
12.9837303162,80.2524185181,56084,56094,10
12.9843397141,80.2522506714,56094,56104,10
12.9844398499,80.2522125244,56104,56114,10
12.985159874,80.2520217896,56114,56235,121
12.985159874,80.2520217896,56235,56245,10
12.9855804443,80.2519073486,56245,56276,31
12.9855804443,80.2519073486,56276,56286,10
12.9859895706,80.2517623901,56286,56306,20
12.9859895706,80.2517623901,56306,56316,10
12.9861898422,80.2517089844,56316,56326,10
12.9864902496,80.251663208,56326,56336,10
12.9869003296,80.2515487671,56336,56407,71
12.9869003296,80.2515487671,56407,56417,10
12.987159729,80.2514266968,56417,56427,10
12.9876003265,80.2513198853,56427,56437,10
12.9881801605,80.2511825562,56437,56447,10
12.9889698029,80.2509765625,56447,56457,10
12.9895095825,80.2508392334,56457,56467,10
12.9897699356,80.2508010864,56467,56478,11
12.9904603958,80.2506713867,56478,56488,10
12.9913597107,80.2504425049,56488,56498,10
12.9925403595,80.2501373291,56498,56508,10
12.9938297272,80.2498016357,56508,56518,10
12.9950304031,80.2495193481,56518,56528,10
12.9960803986,80.2492370605,56528,56538,10
12.996919632,80.2490692139,56538,56548,10
12.9983701706,80.2487182617,56548,56558,10
12.9996995926,80.2483825684,56558,56568,10
13.0010404587,80.2480392456,56568,56579,11
13.0021400452,80.2477416992,56579,56589,10
13.0030498505,80.2475585938,56589,56599,10
13.0041799545,80.2473831177,56599,56609,10
13.0052604675,80.2472229004,56609,56619,10
13.0061101913,80.2469100952,56619,56629,10
13.0064401627,80.2465209961,56629,56639,10
13.0065498352,80.2462005615,56639,56649,10
13.0066003799,80.2455215454,56649,56659,10
13.0066099167,80.2447891235,56659,56669,10
13.0066299438,80.2442169189,56669,56680,11
13.0066204071,80.243598938,56680,56690,10
13.0065698624,80.2428894043,56690,56700,10
13.006529808,80.2420425415,56700,56710,10
13.0065603256,80.2412185669,56710,56720,10
13.0066299438,80.2405929565,56720,56730,10
13.0067901611,80.2398605347,56730,56740,10
13.0069999695,80.2388534546,56740,56750,10
13.007229805,80.23777771,56750,56760,10
13.007399559,80.2367706299,56760,56780,20
13.007399559,80.2367706299,56780,56791,11
13.0074596405,80.2365570068,56791,56801,10
13.0075702667,80.236076355,56801,56811,10
13.0077199936,80.2353363037,56811,56821,10
13.0077896118,80.2349395752,56821,56831,10
13.0079402924,80.2342224121,56831,56841,10
13.0081396103,80.2332305908,56841,56851,10
13.0083398819,80.2321166992,56851,56861,10
13.0085897446,80.2309570313,56861,56870,9
13.0088195801,80.2298202515,56870,56881,11
13.0090999603,80.2284393311,56881,56892,11
13.0095300674,80.2273178101,56892,56902,10
13.0100498199,80.2262268066,56902,56912,10
13.0105600357,80.2252578735,56912,56922,10
13.0108499527,80.224647522,56922,56932,10
13.0110397339,80.2242202759,56932,56942,10
13.011179924,80.2238693237,56942,56952,10
13.0113401413,80.2233810425,56952,56962,10
13.0116195679,80.2227020264,56962,56972,10
13.0119600296,80.2218475342,56972,56982,10
13.012339592,80.2215499878,56982,56999,17
13.0128898621,80.2222976685,56999,57011,12
13.0136299133,80.2231216431,57011,57021,10
13.014169693,80.2237319946,57021,57031,10
13.0147399902,80.2243423462,57031,57041,10
13.0152797699,80.2248382568,57041,57051,10
13.0156002045,80.2250976563,57051,57061,10
13.0158195496,80.2252578735,57061,57071,10
13.0165300369,80.2252807617,57071,57081,10
13.0174398422,80.224937439,57081,57091,10
13.0182800293,80.2245788574,57091,57102,11
13.0189599991,80.2243499756,57102,57113,11
13.0193500519,80.2243118286,57113,57123,10
13.0193996429,80.224319458,57123,57133,10
13.019490242,80.2243881226,57133,57143,10
13.0197601318,80.2245483398,57143,57153,10
13.020190239,80.2248687744,57153,57163,10
13.0206098557,80.225151062,57163,57173,10
13.0209598541,80.2254104614,57173,57183,10
13.0214004517,80.225769043,57183,57193,10
13.0216999054,80.2259597778,57193,57537,344
13.0216999054,80.2259597778,57537,57547,10
13.0218696594,80.2260971069,57547,57557,10
13.0222396851,80.2264404297,57557,57567,10
13.0228099823,80.2269363403,57567,57577,10
13.0233602524,80.2274627686,57577,57585,8
13.0237598419,80.2278289795,57585,57597,12
13.024140358,80.2281570435,57597,57607,10
13.0242395401,80.2282485962,57607,57618,11
13.0243797302,80.2284698486,57618,57658,40
13.0243797302,80.2284698486,57658,57668,10
13.0244197845,80.2285766602,57668,57678,10
13.024189949,80.2285766602,57678,57688,10
13.0239095688,80.2282333374,57688,57698,10
13.0235595703,80.2278518677,57698,57708,10
13.0231895447,80.2275238037,57708,57830,122
13.0231895447,80.2275238037,57830,57840,10
13.0230302811,80.2273635864,57840,57850,10
13.0227499008,80.2270812988,57850,57860,10
13.0223503113,80.2266921997,57860,57870,10
13.0218496323,80.2262573242,57870,57880,10
13.0212602615,80.2257995605,57880,57890,10
13.0206003189,80.2252883911,57890,57900,10
13.019900322,80.2248001099,57900,57910,10
13.018989563,80.2244720459,57910,57920,10
13.0180997849,80.2247695923,57920,57931,11
13.01720047,80.225151062,57931,57941,10
13.01679039,80.2253265381,57941,57951,10
13.0166501999,80.2253875732,57951,57961,10
13.0164299011,80.225479126,57961,57971,10
13.0160598755,80.2256317139,57971,57981,10
13.0155496597,80.2258224487,57981,57991,10
13.0152101517,80.2259597778,57991,58001,10
13.0148096085,80.2261123657,58001,58011,10
13.0143098831,80.2262878418,58011,58021,10
13.0139904022,80.2264480591,58021,58032,11
13.013469696,80.2266387939,58032,58042,10
13.0128002167,80.2268981934,58042,58052,10
13.0121202469,80.227142334,58052,58062,10
13.0112695694,80.2274703979,58062,58072,10
13.0103597641,80.2278518677,58072,58082,10
13.0094604492,80.2282409668,58082,58092,10
13.0090799332,80.2289123535,58092,58102,10
13.0088796616,80.2298965454,58102,58112,10
13.0086603165,80.2310562134,58112,58128,16
13.0083198547,80.2328491211,58128,58141,13
13.0082502365,80.233581543,58141,58151,10
13.0081996918,80.2337188721,58151,58160,9
13.0081195831,80.2340164185,58160,58171,11
13.0080003738,80.2346725464,58171,58180,9
13.007900238,80.2352371216,58180,58191,11
13.0077199936,80.2361526489,58191,58201,10
13.0075397491,80.2370223999,58201,58211,10
13.0073604584,80.2378921509,58211,58220,9
13.0072402954,80.238571167,58220,58231,11
13.0071001053,80.2393035889,58231,58242,11
13.0068798065,80.2403335571,58242,58252,10
13.0067396164,80.2414093018,58252,58262,10
13.0067396164,80.242477417,58262,58272,10
13.0067100525,80.2433776855,58272,58282,10
13.0067100525,80.2442321777,58282,58292,10
13.0067100525,80.2450408936,58292,58302,10
13.0067195892,80.2456130981,58302,58312,10
13.0067396164,80.2462081909,58312,58322,10
13.0067596436,80.2469482422,58322,58332,10
13.0061302185,80.2474212646,58332,58353,21
13.0061302185,80.2474212646,58353,58363,10
13.0058403015,80.2473983765,58363,58373,10
13.005399704,80.2473831177,58373,58389,16
13.0041303635,80.247467041,58389,58401,12
13.0029096603,80.2476577759,58401,58411,10
13.0021400452,80.2478179932,58411,58421,10
13.0012302399,80.248046875,58421,58431,10
13.0001401901,80.2483291626,58431,58441,10
12.9989204407,80.2486419678,58441,58452,11
12.9982299805,80.2488327026,58452,58462,10
12.9981803894,80.2488632202,58462,58472,10
12.9977302551,80.2489471436,58472,58481,9
12.9970397949,80.2490997314,58481,58491,10
12.9960098267,80.2493515015,58491,58502,11
12.9946498871,80.2497177124,58502,58512,10
12.9932899475,80.2500610352,58512,58521,9
12.9920301437,80.2503585815,58521,58532,11
12.9910001755,80.2506637573,58532,58542,10
12.990819931,80.2507019043,58542,58553,11
12.9901599884,80.2508621216,58553,58563,10
12.9895401001,80.2510299683,58563,58573,10
12.9888801575,80.2511978149,58573,58583,10
12.9882001877,80.2513809204,58583,58593,10
12.9877700806,80.2514801025,58593,58603,10
12.9872903824,80.2515716553,58603,58613,10
12.9865703583,80.2517700195,58613,58623,10
12.9856004715,80.2520065308,58623,58633,10
12.9844398499,80.2523193359,58633,58643,10
12.9831895828,80.2526016235,58643,58654,11
12.9820299149,80.2526779175,58654,58664,10
12.9811601639,80.2527236938,58664,58674,10
12.9804201126,80.2527618408,58674,58684,10
12.9801397324,80.2527923584,58684,58694,10
12.9796895981,80.2527389526,58694,58704,10
12.978969574,80.2526626587,58704,58714,10
12.9784698486,80.252532959,58714,58724,10
12.9783296585,80.2524490356,58724,58734,10
12.9778699875,80.2520370483,58734,58744,10
12.9770898819,80.2514572144,58744,58755,11
12.9757795334,80.2510375977,58755,58765,10
12.9744796753,80.2506637573,58765,58775,10
12.9732398987,80.2503204346,58775,58785,10
12.9720001221,80.25,58785,58795,10
12.9710302353,80.24974823,58795,58804,9
12.9702196121,80.2494888306,58804,58815,11
12.9690103531,80.2490005493,58815,58825,10
12.9679403305,80.248588562,58825,58835,10
12.9670801163,80.2482299805,58835,58845,10
12.9666404724,80.2480010986,58845,58856,11
12.9660396576,80.2477264404,58856,58866,10
12.9652299881,80.2474594116,58866,58876,10
12.9644804001,80.2472000122,58876,58886,10
12.9642295837,80.2471237183,58886,58896,10
12.9639196396,80.2470092773,58896,58906,10
12.9638004303,80.246963501,58906,58916,10
12.9635696411,80.2468566895,58916,58936,20
12.9635696411,80.2468566895,58936,58946,10
12.9635400772,80.2468490601,58946,58956,10
12.9631004333,80.2465896606,58956,58967,11
12.9622001648,80.2461471558,58967,58977,10
12.9611501694,80.2456130981,58977,58987,10
12.959980011,80.2451171875,58987,58997,10
12.9593496323,80.2448501587,58997,59007,10
12.9593000412,80.2448272705,59007,59017,10
12.9588499069,80.2446212769,59017,59027,10
12.9581098557,80.2443084717,59027,59037,10
12.9573802948,80.2440185547,59037,59047,10
12.9568004608,80.2438583374,59047,59057,10
12.9567804337,80.243850708,59057,59068,11
12.956700325,80.2438201904,59068,59078,10
12.9566402435,80.2437896729,59078,59088,10
12.9564399719,80.2437133789,59088,59098,10
12.9564304352,80.2437133789,59098,59108,10
12.9561195374,80.243598938,59108,59118,10
12.9555397034,80.2432785034,59118,59128,10
12.9547996521,80.2429504395,59128,59138,10
12.9538297653,80.2425537109,59138,59148,10
12.9527702332,80.2421112061,59148,59158,10
12.9518899918,80.2417678833,59158,59169,11
12.9509801865,80.2414474487,59169,59179,10
12.9500303268,80.2411422729,59179,59189,10
12.9495401382,80.2409973145,59189,59199,10
12.9495000839,80.2409896851,59199,59209,10
12.949139595,80.2408905029,59209,59219,10
12.9484300613,80.240562439,59219,59229,10
12.9474601746,80.2401580811,59229,59239,10
12.9465103149,80.2397689819,59239,59249,10
12.9453697205,80.2392501831,59249,59259,10
12.9443998337,80.238319397,59259,59270,11
12.9433403015,80.237159729,59270,59280,10
12.9420900345,80.2364196777,59280,59290,10
12.9408998489,80.2361221313,59290,59300,10
12.9398097992,80.2358016968,59300,59310,10
12.9388504028,80.2353363037,59310,59320,10
12.9377603531,80.2348022461,59320,59330,10
12.9366998672,80.2342910767,59330,59340,10
12.9358701706,80.2339019775,59340,59350,10
12.9349803925,80.2335128784,59350,59360,10
12.9341201782,80.2331695557,59360,59370,10
12.9338798523,80.233039856,59370,59381,11
12.9337396622,80.2329406738,59381,59391,10
12.9331798553,80.2326889038,59391,59401,10
12.9323196411,80.2323608398,59401,59411,10
12.931189537,80.2319793701,59411,59421,10
12.9299201965,80.2316207886,59421,59431,10
12.9291095734,80.2314376831,59431,59441,10
12.9286203384,80.231338501,59441,59451,10
12.9277696609,80.2312088013,59451,59461,10
12.9267301559,80.2310791016,59461,59471,10
12.9255399704,80.2309494019,59471,59482,11
12.9242897034,80.230796814,59482,59492,10
12.9232397079,80.2306594849,59492,59502,10
12.9221000671,80.2304992676,59502,59512,10
12.9211397171,80.2303619385,59512,59522,10
12.9203796387,80.2302703857,59522,59736,214
12.9031400681,80.2281417847,59736,59748,12
12.9022798538,80.2281036377,59748,59768,20
12.9022798538,80.2281036377,59768,59779,11
12.9020595551,80.2280883789,59779,59789,10
12.9014797211,80.2280578613,59789,59800,11
12.9007997513,80.2279968262,59800,59810,10
12.9003295898,80.2279586792,59810,59820,10
12.9001398087,80.2279586792,59820,59830,10
12.9001302719,80.2279510498,59830,59840,10
12.8998498917,80.2279205322,59840,59850,10
12.8994998932,80.2279129028,59850,59860,10
12.8989095688,80.2278900146,59860,59870,10
12.8980798721,80.2278366089,59870,59880,10
12.8976802826,80.2277984619,59880,59890,10
12.8970804214,80.2277832031,59890,59901,11
12.8960695267,80.2277297974,59901,59911,10
12.8949203491,80.2276763916,59911,59921,10
12.893699646,80.2275924683,59921,59931,10
12.8925895691,80.2274627686,59931,59941,10
12.8918600082,80.2274017334,59941,59951,10
12.8908395767,80.2274017334,59951,59961,10
12.8895998001,80.2274017334,59961,59971,10
12.8882398605,80.2273712158,59971,59981,10
12.8868103027,80.2271728516,59981,59991,10
12.8854799271,80.2268371582,59991,60001,10
12.8846597672,80.2267227173,60001,60012,11
12.8835897446,80.2267227173,60012,60022,10
12.8823604584,80.2267379761,60022,60032,10
12.881070137,80.2267608643,60032,60042,10
12.8797597885,80.2267684937,60042,60052,10
12.8784799576,80.2268218994,60052,60062,10
12.8772697449,80.2269363403,60062,60072,10
12.8767204285,80.2269973755,60072,60082,10
12.8765201569,80.2270126343,60082,60092,10
12.8763198853,80.2270202637,60092,60102,10
12.8757295609,80.2270126343,60102,60113,11
12.8747797012,80.2268981934,60113,60129,16
12.8730802536,80.2267379761,60129,60141,12
12.8718395233,80.2266998291,60141,60151,10
12.8706502914,80.2266387939,60151,60161,10
12.8693304062,80.2265014648,60161,60171,10
12.868060112,80.2264175415,60171,60181,10
12.8671302795,80.2265014648,60181,60191,10
12.8660402298,80.2266311646,60191,60201,10
12.8643198013,80.2266235352,60201,60211,10
12.8630504608,80.2265777588,60211,60222,11
12.8611001968,80.2266464233,60222,60242,20
12.8611001968,80.2266464233,60242,60252,10
12.8607797623,80.226600647,60252,60262,10
12.8601102829,80.2265090942,60262,60272,10
12.8591403961,80.2264022827,60272,60294,22
12.856300354,80.2264328003,60294,60306,12
12.8545703888,80.2266082764,60306,60316,10
12.8530702591,80.2267379761,60316,60327,11
12.8513803482,80.2266769409,60327,60336,9
12.8500003815,80.2266235352,60336,60347,11
12.8483200073,80.2266235352,60347,60357,10
12.8468704224,80.2266387939,60357,60367,10
12.845700264,80.2266311646,60367,60377,10
12.844909668,80.2266769409,60377,60387,10
12.8444795609,80.2267303467,60387,60397,10
12.8438796997,80.2267837524,60397,60407,10
12.8429899216,80.2269134521,60407,60415,8
12.8420801163,80.2270889282,60415,60429,14
12.8404598236,80.2275238037,60429,60439,10
12.8398399353,80.2276763916,60439,60449,10
12.8396902084,80.2277069092,60449,60459,10
12.8394403458,80.2277832031,60459,60469,10
12.8388004303,80.2279510498,60469,60479,10
12.8378601074,80.2281723022,60479,60489,10
12.8366498947,80.2283782959,60489,60499,10
12.8353004456,80.2285919189,60499,60523,24
12.8323202133,80.2291412354,60523,60535,12
12.8313999176,80.229347229,60535,60545,10
12.8304700851,80.2296600342,60545,60553,8
12.8296499252,80.2299728394,60553,60565,12
12.8283100128,80.2305984497,60565,60575,10
12.827249527,80.2311706543,60575,60585,10
12.8260002136,80.2313995361,60585,60595,10
12.8246202469,80.2313919067,60595,60605,10
12.8234300613,80.2310714722,60605,60615,10
12.8222703934,80.2306976318,60615,60625,10
12.8210601807,80.2304916382,60625,60636,11
12.8197202682,80.2305221558,60636,60646,10
12.8189296722,80.2305297852,60646,60656,10
12.8188800812,80.2305221558,60656,60666,10
12.8185300827,80.2303695679,60666,60676,10
12.8178901672,80.2300491333,60676,60686,10
12.8167800903,80.2295913696,60686,60696,10
12.8155603409,80.2294006348,60696,60706,10
12.8142795563,80.2292022705,60706,60716,10
12.8129901886,80.2288208008,60716,60726,10
12.8116502762,80.2283401489,60726,60737,11
12.8101797104,80.2277679443,60737,60747,10
12.8091001511,80.2272109985,60747,60757,10
12.8081598282,80.2264633179,60757,60767,10
12.8072299957,80.2256774902,60767,60777,10
12.806520462,80.2250289917,60777,60787,10
12.8057699203,80.224357605,60787,60797,10
12.8051795959,80.2240600586,60797,60807,10
12.804889679,80.2239990234,60807,60817,10
12.8044395447,80.2239379883,60817,60827,10
12.8036298752,80.2238922119,60827,60838,11
12.8024997711,80.2237625122,60838,60854,16
12.8005895615,80.2235794067,60854,60866,12
12.7990102768,80.2234420776,60866,60876,10
12.7976102829,80.2232818604,60876,60886,10
12.7962398529,80.2230300903,60886,60896,10
12.7949495316,80.2228088379,60896,60906,10
12.7936296463,80.222618103,60906,60916,10
12.7924404144,80.2224197388,60916,60926,10
12.7910404205,80.2220916748,60926,60936,10
12.7899904251,80.2218170166,60936,60947,11
12.7894201279,80.2216262817,60947,60957,10
12.7888498306,80.2213973999,60957,60967,10
12.7882699966,80.2211608887,60967,60977,10
12.7880296707,80.2210693359,60977,60987,10
12.7874898911,80.2208786011,60987,61037,50
12.7874898911,80.2208786011,61037,61048,11
12.7871198654,80.220741272,61048,61058,10
12.7870101929,80.220703125,61058,61068,10
12.7868499756,80.2206420898,61068,61078,10
12.7866601944,80.2205810547,61078,61088,10
12.7864904404,80.2205123901,61088,61098,10
12.7861995697,80.2204437256,61098,61118,20
12.7861995697,80.2204437256,61118,61128,10
12.7861700058,80.2205886841,61128,61138,10
12.7861700058,80.2206878662,61138,61149,11
12.7861995697,80.2211074829,61149,61159,10
12.786239624,80.2216796875,61159,61169,10
12.7862300873,80.2221298218,61169,61179,10
12.7862997055,80.2222290039,61179,61997,818
12.7862997055,80.2222290039,61997,62007,10
12.7863302231,80.2219619751,62007,62017,10
12.7863197327,80.2218399048,62017,62027,10
12.786239624,80.221496582,62027,62037,10
12.7862100601,80.2210006714,62037,62047,10
12.7861795425,80.2206497192,62047,62057,10
12.7862195969,80.2204284668,62057,62078,21
12.7862195969,80.2204284668,62078,62088,10
12.786359787,80.2204208374,62088,62098,10
12.7865896225,80.2204971313,62098,62108,10
12.7866601944,80.2205276489,62108,62118,10
12.7869997025,80.2206573486,62118,62128,10
12.7875995636,80.2208786011,62128,62138,10
12.7881202698,80.2210769653,62138,62148,10
12.7888202667,80.2213516235,62148,62158,10
12.7895803452,80.2216262817,62158,62168,10
12.7900400162,80.2217712402,62168,62178,10
12.7908401489,80.2219696045,62178,62189,11
12.7919397354,80.2222366333,62189,62199,10
12.7932195663,80.2224884033,62199,62209,10
12.7945995331,80.2226867676,62209,62219,10
12.7958602905,80.22290802,62219,62229,10
12.7970399857,80.2231216431,62229,62239,10
12.7982597351,80.2233123779,62239,62249,10
12.7995004654,80.2234420776,62249,62259,10
12.8006896973,80.2235412598,62259,62269,10
12.8015298843,80.2236099243,62269,62279,10
12.8024902344,80.2237167358,62279,62290,11
12.8033599854,80.2238388062,62290,62300,10
12.8042602539,80.2238998413,62300,62310,10
12.8051395416,80.224029541,62310,62320,10
12.805560112,80.2241516113,62320,62330,10
12.8056898117,80.2242279053,62330,62340,10
12.8061504364,80.2246017456,62340,62350,10
12.8068504333,80.225227356,62350,62360,10
12.8077602386,80.2259979248,62360,62370,10
12.8087701797,80.2268600464,62370,62380,10
12.8099403381,80.2275924683,62380,62391,11
12.8113498688,80.2281799316,62391,62401,10
12.8127202988,80.2286834717,62401,62411,10
12.8141298294,80.229133606,62411,62421,10
12.8156003952,80.2293701172,62421,62431,10
12.8170795441,80.229637146,62431,62441,10
12.8184499741,80.2302398682,62441,62457,16
12.8195495605,80.2304763794,62457,62469,12
12.8197698593,80.2304611206,62469,62479,10
12.8199796677,80.2304534912,62479,62489,10
12.8206701279,80.230430603,62489,62500,11
12.8217496872,80.2305221558,62500,62510,10
12.8229503632,80.2308578491,62510,62520,10
12.8242702484,80.2312088013,62520,62529,9
12.8255195618,80.2313995361,62529,62540,11
12.8270797729,80.2312011719,62540,62550,10
12.8282299042,80.2306213379,62550,62560,10
12.8296899796,80.229927063,62560,62570,10
12.8307199478,80.2295227051,62570,62580,10
12.8309898376,80.2294311523,62580,62590,10
12.8309898376,80.2294387817,62590,62601,11
12.8312902451,80.2293319702,62601,62641,40
12.8312902451,80.2293319702,62641,62651,10
12.8313398361,80.229309082,62651,62661,10
12.8317403793,80.2291870117,62661,62671,10
12.8324098587,80.2290267944,62671,62681,10
12.8331604004,80.2288894653,62681,62691,10
12.8341503143,80.2287063599,62691,62702,11
12.8354597092,80.2285079956,62702,62712,10
12.8367795944,80.2283172607,62712,62722,10
12.8381099701,80.2280807495,62722,62732,10
12.8389902115,80.2278594971,62732,62742,10
12.8393802643,80.2277526855,62742,62782,40
12.8393802643,80.2277526855,62782,62792,10
12.8400497437,80.2275619507,62792,62809,17
12.8414402008,80.2272033691,62809,62821,12
12.8428001404,80.2269210815,62821,62831,10
12.8437900543,80.2267379761,62831,62841,10
12.8447198868,80.2266082764,62841,62851,10
12.8453798294,80.2265625,62851,62861,10
12.8454198837,80.2265472412,62861,62871,10
12.8455095291,80.2265472412,62871,62881,10
12.8456201553,80.2265625,62881,62891,10
12.8460903168,80.2265625,62891,62901,10
12.8468999863,80.2265701294,62901,62912,11
12.8480501175,80.2265701294,62912,62922,10
12.8492603302,80.2265472412,62922,62932,10
12.850569725,80.2265701294,62932,62942,10
12.8519601822,80.2266387939,62942,62952,10
12.8533496857,80.2266464233,62952,62962,10
12.8547496796,80.2265167236,62962,62972,10
12.8561897278,80.2263565063,62972,62982,10
12.8575496674,80.2262191772,62982,62992,10
12.8581399918,80.2261962891,62992,63002,10
12.858499527,80.2262115479,63002,63013,11
12.8592700958,80.2263183594,63013,63023,10
12.8601799011,80.2264404297,63023,63033,10
12.8606395721,80.2264785767,63033,63043,10
12.8608798981,80.2265090942,63043,63053,10
12.8614997864,80.2265319824,63053,63063,10
12.8623800278,80.2264862061,63063,63073,10
12.8634700775,80.2264633179,63073,63083,10
12.8647499084,80.2265167236,63083,63093,10
12.8659696579,80.2265167236,63093,63103,10
12.8671197891,80.2264328003,63103,63114,11
12.868519783,80.2263565063,63114,63124,10
12.8698501587,80.2265090942,63124,63134,10
12.8711996078,80.2266235352,63134,63144,10
12.8723096848,80.2266311646,63144,63154,10
12.8729400635,80.2266235352,63154,63164,10
12.8732204437,80.2266387939,63164,63174,10
12.8737602234,80.2266769409,63174,63184,10
12.8745498657,80.2267608643,63184,63194,10
12.8755302429,80.2268829346,63194,63204,10
12.8763599396,80.226890564,63204,63215,11
12.8766803741,80.2268676758,63215,63225,10
12.8768196106,80.2268829346,63225,63235,10
12.8773498535,80.2268295288,63235,63245,10
12.8781995773,80.2267684937,63245,63255,10
12.8792896271,80.2267227173,63255,63265,10
12.8805599213,80.2266998291,63265,63275,10
12.8819198608,80.2266921997,63275,63285,10
12.8832597733,80.2266769409,63285,63295,10
12.8845300674,80.2266464233,63295,63305,10
12.8856801987,80.2267608643,63305,63315,10
12.8868904114,80.2270584106,63315,63326,11
12.8880796432,80.2272796631,63326,63336,10
12.8892698288,80.2273178101,63336,63346,10
12.8906002045,80.2273178101,63346,63356,10
12.8919000626,80.2273330688,63356,63366,10
12.8929395676,80.2273864746,63366,63376,10
12.894080162,80.2275238037,63376,63386,10
12.8952903748,80.2276000977,63386,63396,10
12.8965702057,80.2276611328,63396,63406,10
12.8978500366,80.2277297974,63406,63416,10
12.8989896774,80.2277908325,63416,63427,11
12.9000902176,80.2278289795,63427,63457,30
12.9000902176,80.2278289795,63457,63467,10
12.9000701904,80.2278594971,63467,63477,10
12.9004602432,80.2278900146,63477,63487,10
12.9008102417,80.2279205322,63487,63497,10
12.9010601044,80.2279434204,63497,63507,10
12.9014596939,80.2279586792,63507,63517,10
12.9020795822,80.2279891968,63517,63528,11
12.9027204514,80.2279968262,63528,63548,20
12.9027204514,80.2279968262,63548,63558,10
12.9028396606,80.2279891968,63558,63639,81
12.9028396606,80.2279891968,63639,63649,10
12.9030199051,80.2279586792,63649,63659,10
12.9033899307,80.2279891968,63659,63669,10
12.9040002823,80.2280578613,63669,63679,10
12.9046602249,80.2281036377,63679,63689,10
12.9052801132,80.2281417847,63689,63699,10
12.9057302475,80.2281723022,63699,63709,10
12.9060201645,80.2282104492,63709,63760,51
12.9060201645,80.2282104492,63760,63776,16
12.9062099457,80.2282409668,63776,63788,12
12.90666008,80.2282562256,63788,63798,10
12.9071903229,80.2283172607,63798,63808,10
12.9079704285,80.2284088135,63808,63818,10
12.9088802338,80.228553772,63818,63828,10
12.9100198746,80.2287521362,63828,63838,10
12.9111795425,80.2289276123,63838,63849,11
12.9124498367,80.2291183472,63849,63859,10
12.9134902954,80.2292404175,63859,63870,11
12.9140300751,80.2293167114,63870,63880,10
12.9140396118,80.2293167114,63880,63890,10
12.9143896103,80.2294006348,63890,63900,10
12.9149799347,80.2294387817,63900,63910,10
12.9158201218,80.2295684814,63910,63920,10
12.9167604446,80.2296905518,63920,63930,10
12.9174499512,80.2297973633,63930,63941,11
12.918390274,80.229927063,63941,63951,10
12.9194498062,80.2300567627,63951,63961,10
12.9206695557,80.2302322388,63961,63971,10
12.9219799042,80.2304000854,63971,63981,10
12.9233598709,80.2305984497,63981,63991,10
12.9246997833,80.2307662964,63991,64001,10
12.925860405,80.2309112549,64001,64011,10
12.9269504547,80.2310409546,64011,64021,10
12.9281702042,80.2311935425,64021,64031,10
12.9292602539,80.2313766479,64031,64042,11
12.9302597046,80.2316207886,64042,64052,10
12.9313097,80.231918335,64052,64062,10
12.9322004318,80.2322235107,64062,64072,10
12.9329395294,80.2324676514,64072,64082,10
12.9335403442,80.2326965332,64082,64092,10
12.9336795807,80.2327728271,64092,64102,10
12.933930397,80.2329025269,64102,64112,10
12.934510231,80.2331466675,64112,64122,10
12.9351902008,80.2334365845,64122,64132,10
12.935500145,80.2335891724,64132,64142,10
12.935959816,80.2338180542,64142,64153,11
12.9367599487,80.2341918945,64153,64169,16
12.9382400513,80.2349014282,64169,64181,12
12.939209938,80.2353820801,64181,64191,10
12.9395503998,80.2355422974,64191,64201,10
12.9396295547,80.2355804443,64201,64211,10
12.9400100708,80.2357635498,64211,64221,10
12.9406204224,80.2359771729,64221,64231,10
12.9415998459,80.2362289429,64231,64242,11
12.9427700043,80.2366104126,64242,64253,11
12.9434204102,80.2370986938,64253,64263,10
12.9435997009,80.2373123169,64263,64273,10
12.9440498352,80.2378005981,64273,64283,10
12.9446802139,80.2384872437,64283,64293,10
12.9453601837,80.2391586304,64293,64303,10
12.9463596344,80.2396087646,64303,64312,9
12.9465799332,80.2397003174,64312,64323,11
12.9467601776,80.2397766113,64323,64333,10
12.9470396042,80.2398910522,64333,64343,10
12.9473400116,80.2399902344,64343,64354,11
12.9473800659,80.2400131226,64354,64364,10
12.9476299286,80.2401123047,64364,64374,10
12.948220253,80.2403488159,64374,64384,10
12.9486904144,80.2405166626,64384,64424,40
12.9486904144,80.2405166626,64424,64434,10
12.9490699768,80.2406997681,64434,64444,10
12.9496603012,80.2409210205,64444,64455,11
12.9505901337,80.2412185669,64455,64465,10
12.9510698318,80.2413787842,64465,64475,10
12.9511404037,80.2414169312,64475,64485,10
12.9515800476,80.2415771484,64485,64495,10
12.9523000717,80.2418365479,64495,64505,10
12.9532003403,80.2421875,64505,64515,10
12.9538602829,80.2424468994,64515,64525,10
12.9547901154,80.2428207397,64525,64535,10
12.9555301666,80.2430801392,64535,64545,10
12.9562797546,80.243347168,64545,64576,31
12.9562797546,80.243347168,64576,64586,10
12.956410408,80.2433776855,64586,64596,10
12.9568595886,80.2435684204,64596,64606,10
12.957570076,80.2438964844,64606,64616,10
12.9583301544,80.2442169189,64616,64626,10
12.9588603973,80.2444610596,64626,64636,10
12.9590196609,80.2445297241,64636,64646,10
12.9591798782,80.2445907593,64646,64656,10
12.9596300125,80.2448196411,64656,64667,11
12.9604501724,80.2452087402,64667,64677,10
12.961400032,80.2456512451,64677,64687,10
12.9623298645,80.2461090088,64687,64697,10
12.9630298615,80.2464523315,64697,64747,50
12.9630298615,80.2464523315,64747,64757,10
12.9631204605,80.24659729,64757,64768,11
12.96352005,80.2467727661,64768,64778,10
12.9640102386,80.246963501,64778,64788,10
12.9646902084,80.2471923828,64788,64798,10
12.9655399323,80.2474594116,64798,64808,10
12.9661798477,80.2476882935,64808,64818,10
12.9663801193,80.247756958,64818,64828,10
12.9664402008,80.247756958,64828,64838,10
12.9667701721,80.2479324341,64838,64848,10
12.96737957,80.2482528687,64848,64858,10
12.9682397842,80.2486114502,64858,64868,10
12.9692602158,80.2490386963,64868,64879,11
12.9704799652,80.2495193481,64879,64889,10
12.9715299606,80.2498321533,64889,64905,16
12.9732999802,80.250289917,64905,64917,12
12.9744195938,80.2505722046,64917,64927,10
12.9751996994,80.2507781982,64927,64937,10
12.9764204025,80.2511291504,64937,64947,10
12.9773902893,80.2515182495,64947,64957,10
12.9781999588,80.2521362305,64957,64967,10
12.9785699844,80.2523498535,64967,64978,11
12.9786996841,80.2524185181,64978,64987,9
12.979470253,80.2525634766,64987,65048,61
12.979470253,80.2525634766,65048,65058,10
12.9796895981,80.2525863647,65058,65068,10
12.9802103043,80.2526016235,65068,65079,11
12.9810199738,80.2525863647,65079,65089,10
12.9819002151,80.2525634766,65089,65099,10
12.9828796387,80.2525100708,65099,65109,10
12.983710289,80.2523727417,65109,65119,10
12.98458004,80.2521362305,65119,65301,182
12.98458004,80.2521362305,65301,65311,10
12.9846496582,80.2522125244,65311,65321,10
12.9850702286,80.2520828247,65321,65331,10
12.9856300354,80.2518920898,65331,65341,10
12.9860801697,80.251739502,65341,65351,10
12.9866199493,80.2516098022,65351,65361,10
12.9872703552,80.251411438,65361,65371,10
12.987830162,80.2512893677,65371,65382,11
12.9886302948,80.2510986328,65382,65392,10
12.9892196655,80.2509384155,65392,65402,10
12.9893798828,80.2509002686,65402,65412,10
12.9894104004,80.2509078979,65412,65422,10
12.9898300171,80.2508468628,65422,65432,10
12.9905595779,80.2506637573,65432,65442,10
12.9914903641,80.2504196167,65442,65452,10
12.9925899506,80.2501373291,65452,65462,10
12.9938201904,80.2498092651,65462,65472,10
12.9950799942,80.2494888306,65472,65481,9
12.9960603714,80.2492370605,65481,65493,12
12.9965295792,80.2491073608,65493,65503,10
12.9967403412,80.2490997314,65503,65513,10
12.997300148,80.2489776611,65513,65523,10
12.9981002808,80.2487792969,65523,65533,10
12.9990596771,80.2485198975,65533,65543,10
13.000120163,80.248260498,65543,65553,10
13.001250267,80.2479782104,65553,65563,10
13.0020799637,80.2477798462,65563,65573,10
13.0026798248,80.2476425171,65573,65583,10
13.0034704208,80.2474899292,65583,65594,11
13.0045795441,80.2473373413,65594,65604,10
13.005490303,80.2471618652,65604,65614,10
13.0062198639,80.2468490601,65614,65624,10
13.0064201355,80.2465591431,65624,65634,10
13.0064296722,80.2465591431,65634,65644,10
13.0065097809,80.2463531494,65644,65654,10
13.0065202713,80.2462692261,65654,65670,16
13.0065202713,80.2459793091,65670,65682,12
13.0065202713,80.24584198,65682,65692,10
13.006529808,80.2456665039,65692,65713,21
13.006529808,80.2456665039,65713,65723,10
13.0065603256,80.2454605103,65723,65733,10
13.0065603256,80.245262146,65733,65743,10
13.0065498352,80.2449798584,65743,65753,10
13.0065402985,80.2447128296,65753,65762,9
13.0065498352,80.2444610596,65762,65773,11
13.0065498352,80.2442169189,65773,65783,10
13.006529808,80.2439880371,65783,65792,9
13.0065498352,80.2437591553,65792,65804,12
13.0065698624,80.2434997559,65804,65814,10
13.006529808,80.2431716919,65814,65824,10
13.0064897537,80.2427368164,65824,65894,70
13.0064897537,80.2427368164,65894,65905,11
13.0064697266,80.2423400879,65905,65915,10
13.006480217,80.2422103882,65915,65925,10
13.0064601898,80.2419891357,65925,65935,10
13.0064697266,80.2416534424,65935,66036,101
13.0064697266,80.2416534424,66036,66046,10
13.0065097809,80.2412796021,66046,66056,10
13.0065097809,80.2412719727,66056,66066,10
13.006529808,80.2410583496,66066,66076,10
13.0065402985,80.2409515381,66076,66086,10
13.0065803528,80.2405929565,66086,66096,10
13.0067195892,80.2400283813,66096,66107,11
13.0068902969,80.2390365601,66107,66117,10
13.0070695877,80.2381515503,66117,66127,10
13.0073099136,80.2371520996,66127,66157,30
13.0073099136,80.2371520996,66157,66167,10
13.0073204041,80.2369689941,66167,66177,10
13.007349968,80.2367324829,66177,66187,10
13.0074596405,80.2363967896,66187,66197,10
13.0075902939,80.2357788086,66197,66208,11
13.0077495575,80.2349319458,66208,66218,10
13.007900238,80.234161377,66218,66228,10
13.0080604553,80.2333831787,66228,66238,10
13.0082502365,80.232421875,66238,66248,10
13.0084400177,80.2314910889,66248,66258,10
13.0085897446,80.2305297852,66258,66268,10
13.0087499619,80.2297286987,66268,66278,10
13.0089101791,80.2288818359,66278,66288,10
13.0090398788,80.2283401489,66288,66298,10
13.0092601776,80.2277832031,66298,66309,11
13.0096302032,80.2269592285,66309,66319,10
13.0099601746,80.2262496948,66319,66329,10
13.0103597641,80.2255325317,66329,66339,10
13.0107297897,80.2247772217,66339,66349,10
13.0110301971,80.2240219116,66349,66359,10
13.0112895966,80.2233963013,66359,66369,10
13.0114898682,80.2228927612,66369,66379,10
13.0117197037,80.2220687866,66379,66521,142
13.0118904114,80.2218322754,66521,66561,40
13.0118904114,80.2218322754,66561,66571,10
13.0119800568,80.2217178345,66571,66581,10
13.0119800568,80.2217025757,66581,66591,10
13.0120897293,80.221496582,66591,66601,10
13.0121803284,80.2214508057,66601,66611,10
13.0123796463,80.2215576172,66611,66622,11
13.0127000809,80.2220230103,66622,66632,10
13.0130996704,80.2224731445,66632,66642,10
13.0136003494,80.2230224609,66642,66652,10
13.013999939,80.2233428955,66652,66662,10
13.0142202377,80.2235717773,66662,66672,10
13.0143899918,80.2237472534,66672,66682,10
13.0147199631,80.2241897583,66682,66692,10
13.015080452,80.2246322632,66692,66712,20
13.015080452,80.2246322632,66712,66723,11
13.0151596069,80.2247467041,66723,66733,10
13.0153799057,80.2249832153,66733,66743,10
13.0158500671,80.2252578735,66743,66753,10
13.0163402557,80.2252807617,66753,66763,10
13.017080307,80.2250289917,66763,66773,10
13.0179796219,80.2246780396,66773,66783,10
13.018819809,80.2243423462,66783,66793,10
13.0193796158,80.2242584229,66793,66834,41
13.0193796158,80.2242584229,66834,66844,10
13.0196399689,80.2243728638,66844,66854,10
13.0198202133,80.2245635986,66854,66864,10
13.020190239,80.2248764038,66864,66874,10
13.0205602646,80.2251205444,66874,66884,10
13.0208997726,80.2253417969,66884,66894,10
13.0211801529,80.2256011963,66894,66904,10
13.0215797424,80.2258987427,66904,66914,10
13.0220403671,80.2262496948,66914,66924,10
13.0221300125,80.2263336182,66924,66935,11
13.0221500397,80.2263717651,66935,66945,10
13.0224103928,80.2265930176,66945,66955,10
13.0228099823,80.2269363403,66955,66965,10
13.0232601166,80.2273483276,66965,66975,10
13.0236501694,80.2276763916,66975,66985,10
13.0240097046,80.228012085,66985,66995,10
13.0242996216,80.2283172607,66995,67066,71
13.0242996216,80.2283172607,67066,67076,10
13.0242996216,80.228553772,67076,67086,10
13.0241003036,80.2284393311,67086,67096,10
13.0238399506,80.2281036377,67096,67106,10
13.0236902237,80.227897644,67106,67116,10
13.0234603882,80.227722168,67116,67662,546
13.0234603882,80.227722168,67662,67672,10
13.0233097076,80.2275238037,67672,67682,10
13.0231199265,80.2273330688,67682,67692,10
13.0228395462,80.2270584106,67692,67702,10
13.0226402283,80.2268829346,67702,67712,10
13.0225601196,80.2268218994,67712,67722,10
13.0224304199,80.2266693115,67722,67732,10
13.0222501755,80.2265090942,67732,67742,10
13.0220804214,80.2263717651,67742,67752,10
13.0219297409,80.2262420654,67752,67763,11
13.0216398239,80.2259979248,67763,67783,20
13.0216398239,80.2259979248,67783,67793,10
13.0214595795,80.2258987427,67793,67803,10
13.0212497711,80.2257232666,67803,67813,10
13.0209999084,80.2255172729,67813,67823,10
13.0206604004,80.2252578735,67823,67833,10
13.0202503204,80.2250137329,67833,67843,10
13.0202302933,80.2249984741,67843,67853,10
13.0201797485,80.2249603271,67853,67864,11
13.0198497772,80.2247161865,67864,67874,10
13.0193595886,80.2244567871,67874,67884,10
13.0189199448,80.2244415283,67884,67894,10
13.0187797546,80.2244567871,67894,67904,10
13.0185899734,80.2245330811,67904,67914,10
13.0184001923,80.2246170044,67914,67924,10
13.0182695389,80.2246780396,67924,67934,10
13.0181303024,80.2247390747,67934,67950,16
13.0180797577,80.2247619629,67950,67962,12
13.0178403854,80.2248535156,67962,67973,11
13.0176401138,80.224937439,67973,67983,10
13.0175504684,80.2249832153,67983,67993,10
13.017370224,80.2250595093,67993,68002,9
13.0172700882,80.2250976563,68002,68014,12
13.0170402527,80.2251815796,68014,68024,10
13.0169696808,80.2252120972,68024,68034,10
13.0167703629,80.2253036499,68034,68044,10
13.0166397095,80.2253570557,68044,68054,10
13.0165300369,80.2253875732,68054,68064,10
13.0164203644,80.2254180908,68064,68075,11
13.0160799026,80.2255401611,68075,68085,10
13.0155096054,80.225730896,68085,68095,10
13.0150203705,80.2259292603,68095,68115,20
13.0150203705,80.2259292603,68115,68125,10
13.0148296356,80.2259979248,68125,68135,10
13.014380455,80.2261810303,68135,68145,10
13.0142602921,80.2262268066,68145,68155,10
13.0141401291,80.2262802124,68155,68165,10
13.0136804581,80.2264404297,68165,68176,11
13.0130300522,80.2266921997,68176,68186,10
13.0122900009,80.2269668579,68186,68196,10
13.0114498138,80.2273025513,68196,68206,10
13.0105400085,80.2276611328,68206,68216,10
13.0097303391,80.2279891968,68216,68226,10
13.0090999603,80.2284927368,68226,68236,10
13.0088996887,80.2294387817,68236,68246,10
13.0087003708,80.2304763794,68246,68256,10
13.008480072,80.2314910889,68256,68266,10
13.0082998276,80.2324981689,68266,68277,11
13.0082101822,80.2333602905,68277,68287,10
13.0081796646,80.2335205078,68287,68297,10
13.0081396103,80.2336883545,68297,68307,10
13.0080404282,80.2341003418,68307,68317,10
13.0079698563,80.2344512939,68317,68327,10
13.0078802109,80.2348937988,68327,68337,10
13.0077896118,80.2353668213,68337,68347,10
13.0076398849,80.2361373901,68347,68357,10
13.0074796677,80.2369689941,68357,68367,10
13.007349968,80.2376785278,68367,68378,11
13.0072202682,80.2383117676,68378,68388,10
13.0069999695,80.2395019531,68388,68499,111
13.0069999695,80.2395019531,68499,68509,10
13.0069904327,80.2398986816,68509,68519,10
13.0069198608,80.2403335571,68519,68529,10
13.0068597794,80.2406692505,68529,68539,10
13.006770134,80.2411499023,68539,68549,10
13.0067195892,80.2418899536,68549,68559,10
13.0067195892,80.2425918579,68559,68569,10
13.0066900253,80.2431488037,68569,68579,10
13.0066604614,80.243812561,68579,68590,11
13.0066404343,80.2445678711,68590,68599,9
13.0066604614,80.2451705933,68599,68620,21
13.0066604614,80.2451705933,68620,68630,10
13.0066604614,80.2454376221,68630,68640,10
13.0066795349,80.2458877563,68640,68650,10
13.0066900253,80.2463912964,68650,68660,10
13.0067100525,80.2469406128,68660,68670,10
13.0064897537,80.2473526001,68670,68680,10
13.0060796738,80.2473526001,68680,68691,11
13.0060796738,80.2473373413,68691,68701,10
13.0056400299,80.2472915649,68701,68711,10
13.0049495697,80.2473220825,68711,68721,10
13.0040197372,80.2474136353,68721,68731,10
13.0029802322,80.2475662231,68731,68741,10
13.0022296906,80.2477416992,68741,68751,10
13.0013799667,80.2479171753,68751,68761,10
13.0003595352,80.2481918335,68761,68771,10
12.9992303848,80.2484817505,68771,68781,10
12.998290062,80.2487564087,68781,68792,11
12.9981002808,80.2488174438,68792,68802,10
12.9976902008,80.2489013672,68802,68812,10
12.9969596863,80.2490463257,68812,68822,10
12.9960298538,80.2493133545,68822,68832,10
12.9949102402,80.2496109009,68832,68842,10
12.9937095642,80.2498626709,68842,68852,10
12.9924297333,80.2501602173,68852,68862,10
12.9914398193,80.2504577637,68862,68872,10
12.9911203384,80.250541687,68872,68882,10
12.9907798767,80.250617981,68882,68893,11
12.9900197983,80.2508163452,68893,68903,10
12.9891004562,80.2510528564,68903,68913,10
12.9885597229,80.2512130737,68913,69135,222
12.9885597229,80.2512130737,69135,69145,10
12.9884195328,80.2511978149,69145,69155,10
12.9881000519,80.2513122559,69155,69165,10
12.9876499176,80.2514190674,69165,69175,10
12.9870901108,80.2515716553,69175,69185,10
12.9865198135,80.2517318726,69185,69195,10
12.9858798981,80.2518920898,69195,69206,11
12.9849596024,80.2521209717,69206,69216,10
12.984000206,80.2523803711,69216,69226,10
12.9830598831,80.2525787354,69226,69236,10
12.9821500778,80.2526397705,69236,69246,10
12.9813604355,80.2526473999,69246,69256,10
12.9806995392,80.2526779175,69256,69266,10
12.9804601669,80.2526931763,69266,69276,10
12.9801797867,80.2527236938,69276,69286,10
12.9799900055,80.2527236938,69286,69296,10
12.9796199799,80.2526626587,69296,69307,11
12.9791002274,80.2526168823,69307,69317,10
12.9786396027,80.2525634766,69317,69327,10
12.9785699844,80.2525405884,69327,69337,10
12.9784698486,80.2524871826,69337,69347,10
12.9780597687,80.2521820068,69347,69357,10
12.9774398804,80.2516326904,69357,69366,9
12.9766397476,80.2512283325,69366,69376,10
12.9756002426,80.2509231567,69376,69387,11
12.9744100571,80.250579834,69387,69397,10
12.9734201431,80.2502975464,69397,69408,11
12.9722995758,80.2500076294,69408,69417,9
12.9713497162,80.24974823,69417,69428,11
12.9702196121,80.2493972778,69428,69438,10
12.9691696167,80.2489776611,69438,69448,10
12.9682397842,80.2486190796,69448,69458,10
12.9673900604,80.2482833862,69458,69468,10
12.9667301178,80.2479629517,69468,69478,10
12.966219902,80.2477264404,69478,69488,10
12.9655799866,80.2474899292,69488,69498,10
12.9651699066,80.2473526001,69498,69509,11
12.9650602341,80.2473373413,69509,69519,10
12.9649200439,80.2472763062,69519,69529,10
12.9644498825,80.2471008301,69529,69539,10
12.9640102386,80.2469482422,69539,69549,10
12.9636497498,80.2468109131,69549,69559,10
12.9631204605,80.2465286255,69559,69569,10
12.9623603821,80.2461395264,69569,69579,10
12.9614095688,80.2456665039,69579,69589,10
12.9604501724,80.2452163696,69589,69599,10
12.959400177,80.2447662354,69599,69630,31
12.959400177,80.2447662354,69630,69640,10
12.9591302872,80.2446289063,69640,69650,10
12.9586000443,80.2444000244,69650,69660,10
12.9580001831,80.2441635132,69660,69670,10
12.9574899673,80.2439804077,69670,69680,10
12.9564599991,80.2436599731,69680,69710,30
12.9564599991,80.2436599731,69710,69721,11
12.9560003281,80.2434616089,69721,69731,10
12.9554300308,80.2431411743,69731,69741,10
12.9546899796,80.2427902222,69741,69751,10
12.9538497925,80.2424621582,69751,69761,10
12.953040123,80.2421264648,69761,69771,10
12.9521303177,80.2418136597,69771,69781,10
12.951669693,80.2416534424,69781,69791,10
12.9516401291,80.2416381836,69791,69801,10
12.9513301849,80.2415237427,69801,69811,10
12.9507398605,80.241317749,69811,69822,11
12.9498500824,80.2410583496,69822,69832,10
12.9490098953,80.2407836914,69832,69842,10
12.9480800629,80.2404022217,69842,69852,10
12.9469804764,80.2399520874,69852,69872,20
12.9469804764,80.2399520874,69872,69882,10
12.9468202591,80.2398834229,69882,69892,10
12.9463500977,80.2396697998,69892,69902,10
12.9456701279,80.2393569946,69902,69912,10
12.9449596405,80.238861084,69912,69923,11
12.9441900253,80.2380065918,69923,69933,10
12.943400383,80.2371520996,69933,69943,10
12.9424200058,80.2364578247,69943,69953,10
12.9411802292,80.2361068726,69953,69963,10
12.940079689,80.2358474731,69963,69973,10
12.9396495819,80.2356872559,69973,69983,10
12.9396400452,80.2356796265,69983,69993,10
12.9393100739,80.2355194092,69993,70003,10
12.9386997223,80.235206604,70003,70013,10
12.9379196167,80.2348327637,70013,70024,11
12.9368801117,80.234336853,70024,70034,10
12.9359502792,80.2338790894,70034,70044,10
12.9350795746,80.2334823608,70044,70054,10
12.9338598251,80.2329711914,70054,70074,20
12.9338598251,80.2329711914,70074,70084,10
12.9336996078,80.2328720093,70084,70094,10
12.9332304001,80.2326507568,70094,70104,10
12.9326000214,80.2323913574,70104,70114,10
12.9318599701,80.2321166992,70114,70131,17
12.9301795959,80.2316513062,70131,70143,12
12.9293003082,80.2313995361,70143,70153,10
12.929019928,80.2313308716,70153,70163,10
12.928609848,80.2312469482,70163,70173,10
12.9279003143,80.2311325073,70173,70183,10
12.9269504547,80.2310180664,70183,70193,10
12.9260396957,80.2309494019,70193,70203,10
12.9258804321,80.2309570313,70203,70213,10
12.925620079,80.2309112549,70213,70223,10
12.9250898361,80.2308425903,70223,70234,11
12.9242095947,80.2307815552,70234,70244,10
12.9232702255,80.2306594849,70244,70254,10
12.9221401215,80.23046875,70254,70264,10
12.920920372,80.2302780151,70264,70274,10
12.9196901321,80.2301101685,70274,70284,10
12.9186496735,80.2299575806,70284,70294,10
12.9175100327,80.2298126221,70294,70304,10
12.9162797928,80.229637146,70304,70314,10
12.9150400162,80.2294692993,70314,70324,10
12.9140195847,80.2293319702,70324,70335,11
12.913479805,80.2293014526,70335,70345,10
12.9134702682,80.2292861938,70345,70355,10
12.9133796692,80.2292709351,70355,70365,10
12.9129695892,80.2292022705,70365,70375,10
12.9122400284,80.2290802002,70375,70385,10
12.9113397598,80.2289505005,70385,70395,10
12.910320282,80.2287979126,70395,70405,10
12.9093599319,80.2286529541,70405,70415,10
12.908539772,80.2285232544,70415,70425,10
12.9079399109,80.2284317017,70425,70436,11
12.9074401855,80.2283630371,70436,70446,10
12.9071397781,80.2283172607,70446,70456,10
12.9068098068,80.2283172607,70456,70465,9
12.9065504074,80.2282485962,70465,70476,11
12.9060001373,80.2282028198,70476,70486,10
12.9051198959,80.2281570435,70486,70496,10
12.9044303894,80.2281188965,70496,70506,10
12.9037799835,80.2281036377,70506,70547,41
12.9037799835,80.2281036377,70547,70557,10
12.9036998749,80.2281112671,70557,70567,10
12.9032802582,80.2280883789,70567,70577,10
12.9027700424,80.2280578613,70577,70587,10
12.9023504257,80.2280426025,70587,70597,10
12.9019603729,80.2280197144,70597,70607,10
12.9017095566,80.2279891968,70607,70617,10
12.9011898041,80.2279815674,70617,70809,192
12.9011898041,80.2279815674,70809,70819,10
12.9010400772,80.2279815674,70819,70829,10
12.900759697,80.2279434204,70829,70839,10
12.9003000259,80.2279129028,70839,70850,11
12.8996696472,80.2278900146,70850,70880,30
12.8996696472,80.2278900146,70880,70890,10
12.8995895386,80.2278671265,70890,70900,10
12.8994102478,80.2278594971,70900,70910,10
12.8992204666,80.2278213501,70910,70920,10
12.8987903595,80.2277908325,70920,70930,10
12.898059845,80.2277374268,70930,70940,10
12.8971395493,80.2276763916,70940,70950,10
12.8960800171,80.2276382446,70950,70961,11
12.8950796127,80.2275924683,70961,70971,10
12.894200325,80.2275695801,70971,70987,16
12.8930902481,80.2274398804,70987,70999,12
12.8924398422,80.2273712158,70999,71009,10
12.8916902542,80.2273330688,71009,71019,10
12.8907403946,80.2273330688,71019,71029,10
12.8896303177,80.2273178101,71029,71039,10
12.8886899948,80.2273406982,71039,71049,10
12.8878498077,80.2272567749,71049,71060,11
12.8867702484,80.2270812988,71060,71070,10
12.8856601715,80.2268218994,71070,71080,10
12.8850498199,80.2267227173,71080,71090,10
12.885020256,80.2267074585,71090,71100,10
12.8848400116,80.2267074585,71100,71110,10
12.884349823,80.2266998291,71110,71120,10
12.8835296631,80.2266998291,71120,71130,10
12.882519722,80.2267227173,71130,71140,10
12.8813400269,80.2267303467,71140,71150,10
12.8800401688,80.2267303467,71150,71161,11
12.8785800934,80.2267684937,71161,71171,10
12.8774003983,80.2268829346,71171,71181,10
12.8765802383,80.2269592285,71181,71191,10
12.8764696121,80.2269668579,71191,71201,10
12.876250267,80.2269592285,71201,71211,10
12.8756599426,80.2269363403,71211,71221,10
12.8748102188,80.226852417,71221,71231,10
12.8737602234,80.2267303467,71231,71241,10
12.8729000092,80.2266769409,71241,71251,10
12.8726596832,80.2266998291,71251,71261,10
12.8722600937,80.2266693115,71261,71272,11
12.8714599609,80.2266464233,71272,71282,10
12.8704996109,80.226600647,71282,71292,10
12.8693504333,80.2264785767,71292,71301,9
12.8682003021,80.2263793945,71301,71311,10
12.8668699265,80.2264785767,71311,71322,11
12.8655099869,80.2265930176,71322,71332,10
12.8639802933,80.2265396118,71332,71342,10
12.8626203537,80.2265319824,71342,71352,10
12.8614997864,80.2265777588,71352,71362,10
12.8608903885,80.2265777588,71362,71393,31
12.8608903885,80.2265777588,71393,71403,10
12.8606300354,80.2265396118,71403,71413,10
12.8600196838,80.2264633179,71413,71423,10
12.8591403961,80.2263336182,71423,71433,10
12.858039856,80.2262420654,71433,71443,10
12.8567800522,80.22631073,71443,71453,10
12.8554601669,80.2264633179,71453,71463,10
12.8540802002,80.226600647,71463,71474,11
12.8525495529,80.2266769409,71474,71484,10
12.8512401581,80.2266311646,71484,71494,10
12.8501396179,80.2266082764,71494,71504,10
12.8497104645,80.226600647,71504,71514,10
12.8493795395,80.2265777588,71514,71524,10
12.8487596512,80.2265701294,71524,71534,10
12.8478603363,80.2265777588,71534,71544,10
12.8467102051,80.2265777588,71544,71554,10
12.8454399109,80.226600647,71554,71585,31
12.8454399109,80.226600647,71585,71595,10
12.8453302383,80.2265777588,71595,71605,10
12.8452396393,80.226600647,71605,71615,10
12.84471035,80.2266387939,71615,71625,10
12.843870163,80.2267074585,71625,71635,10
12.8428297043,80.2268600464,71635,71645,10
12.8417701721,80.2270889282,71645,71655,10
12.8407897949,80.2273635864,71655,71665,10
12.8401298523,80.2275390625,71665,71676,11
12.8397798538,80.2276306152,71676,71686,10
12.8396100998,80.2276382446,71686,71696,10
12.8391399384,80.2278137207,71696,71706,10
12.838350296,80.2280426025,71706,71716,10
12.8372802734,80.2282562256,71716,71726,10
12.8360204697,80.2284393311,71726,71736,10
12.8346700668,80.2286529541,71736,71746,10
12.833319664,80.2288894653,71746,71756,10
12.8322095871,80.2291030884,71756,71766,10
12.8316698074,80.2291793823,71766,71857,91
12.8316698074,80.2291793823,71857,71867,10
12.8315896988,80.2289886475,71867,71877,10
12.8315496445,80.2288208008,71877,71888,11
12.8314399719,80.2283096313,71888,71898,10
12.8312797546,80.2274703979,71898,71908,10
12.8310804367,80.2265014648,71908,71918,10
12.831029892,80.2255783081,71918,71928,10
12.8310203552,80.2247695923,71928,71938,10
12.8310203552,80.2245178223,71938,71948,10
12.831029892,80.2239532471,71948,71958,10
12.8310403824,80.2230834961,71958,71968,10
12.8310203552,80.2222900391,71968,71978,10
12.8310203552,80.2220230103,71978,71989,11
12.8310403824,80.221321106,71989,71999,10
12.8310403824,80.2206192017,71999,72009,10
12.8310403824,80.2199172974,72009,72019,10
12.8310403824,80.2197265625,72019,72029,10
12.8309803009,80.2194976807,72029,72039,10
12.8304796219,80.2194290161,72039,72049,10
12.8296203613,80.2194366455,72049,72059,10
12.8287496567,80.2194595337,72059,72069,10
12.8279304504,80.2194595337,72069,72079,10
12.8276195526,80.2194671631,72079,72090,11
12.8275699615,80.2194824219,72090,72100,10
12.8271198273,80.2194671631,72100,72110,10
12.8263196945,80.2194671631,72110,72120,10
12.8259496689,80.2194290161,72120,72130,10
12.8258104324,80.2191390991,72130,72139,9
12.8258304596,80.2188415527,72139,72150,11
12.8258304596,80.2181167603,72150,72160,10
12.8258304596,80.2170410156,72160,72170,10
12.8258199692,80.2161712646,72170,72180,10
12.8255701065,80.2159576416,72180,72191,11
12.8247995377,80.215927124,72191,72473,282
12.8247995377,80.215927124,72473,72483,10
12.8245601654,80.216003418,72483,72493,10
12.8239297867,80.216003418,72493,72504,11
12.8230495453,80.216003418,72504,72514,10
12.8227796555,80.216003418,72514,72524,10
12.8226900101,80.2163391113,72524,72534,10
12.8226900101,80.2170410156,72534,72544,10
12.8226699829,80.217956543,72544,72554,10
12.8226499557,80.2187423706,72554,72564,10
12.8226699829,80.2192382813,72564,72584,20
12.8226699829,80.2192382813,72584,72594,10
12.8226995468,80.2193374634,72594,72605,11
12.8230800629,80.2194137573,72605,72615,10
12.8237895966,80.2194366455,72615,72625,10
12.824549675,80.2194213867,72625,72635,10
12.8252801895,80.2194290161,72635,72645,10
12.8253898621,80.2193832397,72645,72655,10
12.8254804611,80.219291687,72655,72665,10
12.8258895874,80.219329834,72665,72675,10
12.8265399933,80.2193527222,72675,72685,10
12.8273096085,80.2193527222,72685,72756,71
12.8275299072,80.2193984985,72756,72796,40
12.8275299072,80.2193984985,72796,72806,10
12.8279895782,80.2194137573,72806,72817,11
12.8282203674,80.2194137573,72817,72827,10
12.8284597397,80.2194137573,72827,72837,10
12.828909874,80.2194137573,72837,72847,10
12.829580307,80.2194137573,72847,72857,10
12.8303804398,80.2194137573,72857,72867,10
12.8308200836,80.2194137573,72867,72877,10
12.8310804367,80.2194976807,72877,72887,10
12.8311796188,80.2199478149,72887,72897,10
12.8312101364,80.2204208374,72897,72907,10
12.8312196732,80.2207107544,72907,72938,31
12.8312196732,80.2207107544,72938,72948,10
12.8312702179,80.220741272,72948,73392,444
12.8312702179,80.220741272,73392,73402,10
12.8311796188,80.2207794189,73402,73412,10
12.8311700821,80.2212371826,73412,73422,10
12.8311595917,80.2218399048,73422,73433,11
12.8311595917,80.2221298218,73433,73443,10
12.8311595917,80.2224884033,73443,73453,10
12.8311595917,80.2231216431,73453,73463,10
12.8311595917,80.2239532471,73463,73473,10
12.8311595917,80.2245407104,73473,73483,10
12.8311595917,80.2248001099,73483,73493,10
12.8311500549,80.2253265381,73493,73503,10
12.8311500549,80.2260513306,73503,73513,10
12.8312797546,80.2269134521,73513,73523,10
12.8314399719,80.2276687622,73523,73534,11
12.8315200806,80.2280502319,73534,73544,10
12.8315401077,80.2281265259,73544,73554,10
12.8315696716,80.2283096313,73554,73564,10
12.8316001892,80.2284393311,73564,73574,10
12.8316202164,80.228553772,73574,73584,10
12.8316297531,80.2285919189,73584,73594,10
12.8316802979,80.2288513184,73594,73614,20
12.8316802979,80.2288513184,73614,73624,10
12.8317203522,80.2288894653,73624,73635,11
12.8318901062,80.2290725708,73635,73645,10
12.8322896957,80.2289962769,73645,73655,10
12.8329601288,80.2288818359,73655,73665,10
12.8338098526,80.2287368774,73665,73675,10
12.8347797394,80.2285766602,73675,73685,10
12.8357801437,80.2284164429,73685,73695,10
12.8368501663,80.2282714844,73695,73705,10
12.8378095627,80.2281112671,73705,73736,31
12.8378095627,80.2281112671,73736,73746,10
12.8380403519,80.2280731201,73746,73756,10
12.8382797241,80.2280197144,73756,73766,10
12.8383998871,80.2279891968,73766,73776,10
12.8385601044,80.2279510498,73776,73786,10
12.8387098312,80.2279205322,73786,73796,10
12.8388900757,80.2278671265,73796,73806,10
12.8391599655,80.2277984619,73806,73816,10
12.8394899368,80.2276992798,73816,73867,51
12.8394899368,80.2276992798,73867,73877,10
12.8395795822,80.2276992798,73877,73887,10
12.8398704529,80.2275924683,73887,73897,10
12.8404197693,80.227432251,73897,73907,10
12.841170311,80.2272262573,73907,73917,10
12.8420600891,80.2269973755,73917,73927,10
12.8430500031,80.2267608643,73927,73937,10
12.84416008,80.226600647,73937,73948,11
12.8450803757,80.2265090942,73948,73958,10
12.8454704285,80.2265014648,73958,73978,20
12.8454704285,80.2265014648,73978,73988,10
12.8455896378,80.2265167236,73988,73998,10
12.8457698822,80.2265014648,73998,74008,10
12.8459396362,80.2265014648,74008,74018,10
12.8464603424,80.2264862061,74018,74028,10
12.8472003937,80.2264862061,74028,74038,10
12.8480100632,80.2265014648,74038,74049,11
12.8489398956,80.2265319824,74049,74059,10
12.8498601913,80.2265319824,74059,74069,10
12.850859642,80.2265472412,74069,74079,10
12.8519496918,80.226600647,74079,74089,10
12.8530197144,80.2266387939,74089,74099,10
12.8541898727,80.2265319824,74099,74109,10
12.8554496765,80.2263793945,74109,74119,10
12.856760025,80.2262496948,74119,74129,10
12.8578596115,80.2261428833,74129,74139,10
12.8582201004,80.2261428833,74139,74150,11
12.8586397171,80.2261810303,74150,74160,10
12.8593597412,80.2262802124,74160,74170,10
12.8602600098,80.2264099121,74170,74180,10
12.8613500595,80.2264862061,74180,74190,10
12.862569809,80.2264480591,74190,74200,10
12.8638095856,80.2264404297,74200,74210,10
12.8650598526,80.2265014648,74210,74220,10
12.866350174,80.2264709473,74220,74230,10
12.867650032,80.2263717651,74230,74240,10
12.8689403534,80.226348877,74240,74251,11
12.8702802658,80.2265014648,74251,74261,10
12.8714199066,80.2265930176,74261,74271,10
12.8723602295,80.226600647,74271,74281,10
12.8731498718,80.2266387939,74281,74291,10
12.87403965,80.2266998291,74291,74301,10
12.8750600815,80.2268295288,74301,74311,10
12.8761301041,80.2268981934,74311,74331,20
12.8761301041,80.2268981934,74331,74341,10
12.8761997223,80.2268981934,74341,74352,11
12.8765096664,80.2268981934,74352,74362,10
12.8768796921,80.2268829346,74362,74372,10
12.8770904541,80.2268066406,74372,74382,10
12.8771400452,80.2267990112,74382,74392,10
12.8773498535,80.2267990112,74392,74402,10
12.8779001236,80.2267608643,74402,74412,10
12.878660202,80.2267074585,74412,74422,10
12.8795795441,80.2266693115,74422,74432,10
12.8806600571,80.2266464233,74432,74442,10
12.8817996979,80.2266464233,74442,74452,10
12.8829298019,80.2266387939,74452,74463,11
12.8839197159,80.2266387939,74463,74473,10
12.8845796585,80.2266082764,74473,74483,10
12.8849201202,80.2266235352,74483,74493,10
12.8853397369,80.2266464233,74493,74503,10
12.8854999542,80.2266693115,74503,74513,10
12.8855400085,80.2266998291,74513,74523,10
12.8858995438,80.2267837524,74523,74533,10
12.8865699768,80.2269821167,74533,74543,10
12.8874101639,80.2271728516,74543,74553,10
12.888420105,80.2272872925,74553,74564,11
12.8896303177,80.2273178101,74564,74574,10
12.8906097412,80.2273330688,74574,74584,10
12.8921203613,80.2273178101,74584,74594,10
12.892950058,80.2273864746,74594,74604,10
12.8941297531,80.2275466919,74604,74614,10
12.8953399658,80.2276229858,74614,74624,10
12.8966302872,80.2276687622,74624,74634,10
12.8977603912,80.2277297974,74634,74644,10
12.8985395432,80.2277832031,74644,74654,10
12.8988704681,80.2277908325,74654,74721,67
12.8988704681,80.2277908325,74721,74733,12
12.8990602493,80.2278289795,74733,74743,10
12.8993196487,80.2278518677,74743,74753,10
12.8996601105,80.2278671265,74753,74763,10
12.9001197815,80.2278900146,74763,74774,11
12.9008598328,80.227897644,74774,74784,10
12.9015102386,80.2279586792,74784,74793,9
12.9022102356,80.2279815674,74793,74804,11
12.9026403427,80.2279891968,74804,74814,10
12.9030199051,80.2279663086,74814,74823,9
12.9030504227,80.2279663086,74823,74834,11
12.9031400681,80.2279663086,74834,74844,10
12.9039697647,80.2280426025,74844,74915,71
12.9039697647,80.2280426025,74915,74925,10
12.9041795731,80.2280502319,74925,74935,10
12.9044399261,80.2280578613,74935,74945,10
12.9047403336,80.2280731201,74945,75056,111
12.9047403336,80.2280731201,75056,75066,10
12.9050998688,80.2280883789,75066,75077,11
12.9053602219,80.2281036377,75077,75087,10
12.9055700302,80.2281112671,75087,75097,10
12.9059400558,80.2281417847,75097,75178,81
12.9059400558,80.2281417847,75178,75188,10
12.9061803818,80.2281723022,75188,75198,10
12.9064903259,80.228187561,75198,75208,10
12.9067802429,80.2282333374,75208,75218,10
12.9073801041,80.228302002,75218,75228,10
12.9082098007,80.2284393311,75228,75238,10
12.9092798233,80.2286300659,75238,75248,10
12.9105195999,80.2288284302,75248,75258,10
12.9117803574,80.2290115356,75258,75268,10
12.9127902985,80.2291412354,75268,75279,11
12.9140195847,80.2292785645,75279,75299,20
12.9140195847,80.2292785645,75299,75309,10
12.9141101837,80.2293014526,75309,75319,10
12.9145498276,80.2293624878,75319,75329,10
12.9152898788,80.2294616699,75329,75339,10
12.9161596298,80.2295913696,75339,75349,10
12.9170703888,80.2297286987,75349,75359,10
12.9181604385,80.2298965454,75359,75369,10
12.9191703796,80.2300262451,75369,75380,11
12.9204101563,80.2301864624,75380,75390,10
12.9216604233,80.2303390503,75390,75400,10
12.9229202271,80.2305221558,75400,75410,10
12.9240598679,80.2306671143,75410,75420,10
12.9252700806,80.2308273315,75420,75430,10
12.9262104034,80.2309417725,75430,75440,10
12.9267396927,80.2309875488,75440,75450,10
12.927479744,80.2310791016,75450,75460,10
12.9281797409,80.2311630249,75460,75470,10
12.9282398224,80.2311706543,75470,75480,10
12.9286403656,80.2312393188,75480,75491,11
12.9293899536,80.2313995361,75491,75501,10
12.9302396774,80.2315979004,75501,75511,10
12.9312200546,80.231880188,75511,75521,10
12.9320402145,80.2321472168,75521,75531,10
12.9326496124,80.2323608398,75531,75541,10
12.9327898026,80.2323913574,75541,75551,10
12.9329004288,80.2324295044,75551,75561,10
12.9334001541,80.2326507568,75561,75571,10
12.9340600967,80.2329406738,75571,75581,10
12.9348802567,80.2332992554,75581,75592,11
12.9355096817,80.2336196899,75592,75602,10
12.9361095428,80.2338867188,75602,75618,16
12.9374399185,80.2345275879,75618,75630,12
12.9387302399,80.2351608276,75630,75640,10
12.9393501282,80.2354431152,75640,75650,10
12.9395103455,80.2355117798,75650,75660,10
12.9395599365,80.2355575562,75660,75670,10
12.9399700165,80.235748291,75670,75680,10
12.9407100677,80.236000061,75680,75691,11
12.9417695999,80.2362594604,75691,75701,10
12.9428796768,80.236656189,75701,75711,10
12.9437599182,80.2374725342,75711,75721,10
12.9445400238,80.2383575439,75721,75730,9
12.9452400208,80.2390365601,75730,75741,11
12.9462995529,80.2395782471,75741,75752,11
12.9468202591,80.2397689819,75752,75762,10
12.94713974,80.2398986816,75762,75772,10
12.9471797943,80.2399215698,75772,75782,10
12.9475603104,80.2400817871,75782,75793,11
12.9483003616,80.2404022217,75793,75803,10
12.948800087,80.2406005859,75803,75813,10
12.9495296478,80.2408676147,75813,75823,10
12.9504404068,80.2411575317,75823,75833,10
12.9511003494,80.2413330078,75833,75843,10
12.9511995316,80.2413711548,75843,75852,9
12.9515600204,80.2415084839,75852,75863,11
12.9522399902,80.2417831421,75863,75873,10
12.9531803131,80.242149353,75873,75883,10
12.9540901184,80.2425079346,75883,75892,9
12.9548501968,80.2428131104,75892,75904,12
12.9556102753,80.2430877686,75904,75914,10
12.9563598633,80.2433776855,75914,75934,20
12.9563598633,80.2433776855,75934,75944,10
12.9566402435,80.2435073853,75944,75954,10
12.9571695328,80.2437591553,75954,75964,10
12.9579696655,80.244102478,75964,75974,10
12.9586896896,80.2444000244,75974,75984,10
12.9588298798,80.244468689,75984,75994,10
12.9590597153,80.2445678711,75994,76005,11
12.9596796036,80.2448577881,76005,76015,10
12.9604501724,80.2452163696,76015,76025,10
12.9614295959,80.2456893921,76025,76035,10
12.9624795914,80.2462081909,76035,76045,10
12.9633903503,80.2466506958,76045,76055,10
12.9642295837,80.2470016479,76055,76065,10
12.9651403427,80.2473297119,76065,76075,10
12.966219902,80.2477035522,76075,76095,20
12.966219902,80.2477035522,76095,76106,11
12.966460228,80.2478179932,76106,76116,10
12.9669799805,80.2480926514,76116,76126,10
12.9677400589,80.2484283447,76126,76136,10
12.9687204361,80.248840332,76136,76146,10
12.9697904587,80.2492828369,76146,76156,10
12.9709196091,80.2496871948,76156,76166,10
12.9721603394,80.2500305176,76166,76176,10
12.9733896255,80.2503585815,76176,76186,10
12.9746198654,80.2507019043,76186,76196,10
12.9757795334,80.2510299683,76196,76207,11
12.9770002365,80.2514038086,76207,76217,10
12.9778699875,80.251953125,76217,76227,10
12.9783802032,80.2523422241,76227,76237,10
12.9784002304,80.2523574829,76237,76247,10
12.9785203934,80.2524414063,76247,76257,10
12.9790096283,80.2526016235,76257,76267,10
12.9794797897,80.2526397705,76267,76287,20
12.9794797897,80.2526397705,76287,76297,10
12.9798297882,80.2527084351,76297,76308,11
12.9805202484,80.2527008057,76308,76318,10
12.9813604355,80.2526779175,76318,76328,10
12.9824399948,80.2526397705,76328,76338,10
12.9836702347,80.2524795532,76338,76348,10
12.9848499298,80.252166748,76348,76358,10
12.9861001968,80.2518234253,76358,76386,28
12.9861001968,80.2518234253,76386,76396,10
12.9862604141,80.2517471313,76396,76406,10
12.9863300323,80.251739502,76406,76417,11
12.986410141,80.2517318726,76417,76427,10
12.9867897034,80.2516326904,76427,76437,10
12.9872503281,80.2514801025,76437,76447,10
12.9875802994,80.2513885498,76447,76457,10
12.9881601334,80.2512664795,76457,76467,10
12.9890899658,80.2510223389,76467,76487,20
12.9890899658,80.2510223389,76487,76497,10
12.9895095825,80.2509384155,76497,76507,10
12.9900903702,80.2508010864,76507,76518,11
12.9911203384,80.2505264282,76518,76528,10
12.9921197891,80.2502822876,76528,76538,10
12.9931402206,80.250038147,76538,76548,10
12.9942798615,80.24974823,76548,76558,10
12.9954996109,80.249458313,76558,76568,10
12.9968099594,80.2490997314,76568,76578,10
12.9982004166,80.2487564087,76578,76588,10
12.9996204376,80.2484130859,76588,76598,10
13.0009403229,80.2480926514,76598,76608,10
13.001999855,80.2478103638,76608,76619,11
13.002820015,80.2476425171,76619,76629,10
13.003780365,80.2474822998,76629,76645,16
13.0054302216,80.2472000122,76645,76657,12
13.0062599182,80.2468185425,76657,76667,10
13.0064001083,80.2465286255,76667,76677,10
13.0064296722,80.2464981079,76677,76687,10
13.0065097809,80.2461013794,76687,76697,10
13.0065498352,80.245262146,76697,76707,10
13.0065498352,80.2445602417,76707,76717,10
13.0065498352,80.2442016602,76717,76727,10
13.0065202713,80.2436828613,76727,76738,11
13.0065002441,80.2428512573,76738,76748,10
13.006480217,80.2420120239,76748,76758,10
13.0065002441,80.2412719727,76758,76768,10
13.0065097809,80.2408599854,76768,76778,10
13.0065603256,80.2406082153,76778,76788,10
13.0066204071,80.2402191162,76788,76797,9
13.0067396164,80.2395935059,76797,76807,10
13.0069599152,80.2386627197,76807,76818,11
13.0071802139,80.2376937866,76818,76829,11
13.0072898865,80.2370529175,76829,76839,10
13.0073003769,80.2369537354,76839,76849,10
13.007399559,80.2365570068,76849,76859,10
13.0075397491,80.2359619141,76859,76869,10
13.0076398849,80.2354202271,76869,76879,10
13.0077600479,80.2347793579,76879,76889,10
13.0079202652,80.2340698242,76889,76899,10
13.008099556,80.2332382202,76899,76909,10
13.0083303452,80.2321166992,76909,76919,10
13.0085401535,80.2309570313,76919,76930,11
13.0087995529,80.2295913696,76930,76940,10
13.0090398788,80.2284698486,76940,76950,10
13.0094404221,80.2274169922,76950,76960,10
13.0098400116,80.2265319824,76960,76970,10
13.0102396011,80.2257232666,76970,76980,10
13.0106601715,80.2248687744,76980,76990,10
13.01101017,80.2239837646,76990,77000,10
13.0112400055,80.2234420776,77000,77020,20
13.0112400055,80.2234420776,77020,77031,11
13.0114898682,80.2229690552,77031,77041,10
13.0116996765,80.2223434448,77041,77051,10
13.0119800568,80.2217636108,77051,77061,10
13.0123100281,80.2215805054,77061,77071,10
13.0126199722,80.222038269,77071,77081,10
13.0130796432,80.2226028442,77081,77091,10
13.0135498047,80.2230987549,77091,77101,10
13.0141401291,80.2235412598,77101,77111,10
13.0144996643,80.2238616943,77111,77121,10
13.0149002075,80.2244796753,77121,77132,11
13.0154600143,80.2249984741,77132,77142,10
13.0155296326,80.2250595093,77142,77152,10
13.0156803131,80.2251968384,77152,77162,10
13.0162496567,80.2253570557,77162,77172,10
13.0171203613,80.2250900269,77172,77182,10
13.018119812,80.2247009277,77182,77192,10
13.0190296173,80.2243804932,77192,77202,10
13.019610405,80.2244491577,77202,77310,108
13.019610405,80.2244491577,77310,77321,11
13.0198097229,80.2246398926,77321,77331,10
13.0200500488,80.2248535156,77331,77342,11
13.0205497742,80.2251968384,77342,77352,10
13.0211601257,80.2257003784,77352,77362,10
13.0218200684,80.2261810303,77362,77372,10
13.022359848,80.2266464233,77372,77382,10
13.0229196548,80.2271270752,77382,77392,10
13.0234203339,80.2275772095,77392,77402,10
13.0239496231,80.2280502319,77402,77412,10
13.0243196487,80.2284469604,77412,77452,40
13.0243196487,80.2284469604,77452,77464,12
13.0242595673,80.2286224365,77464,77474,10
13.023900032,80.2282180786,77474,77484,10
13.0233898163,80.2276763916,77484,77493,9
13.0231895447,80.2274780273,77493,77504,11
13.0228996277,80.2271881104,77504,77513,9
13.0226402283,80.2269363403,77513,77523,10
13.0224504471,80.2267379761,77523,77534,11
13.0219297409,80.2263031006,77534,77545,11
13.0212097168,80.225730896,77545,77555,10
13.0204801559,80.225189209,77555,77565,10
13.0195198059,80.2246017456,77565,77575,10
13.0183496475,80.2246627808,77575,77585,10
13.0172996521,80.225112915,77585,77595,10
13.0164299011,80.2254714966,77595,77605,10
13.0158596039,80.2256774902,77605,77615,10
13.015250206,80.2259216309,77615,77625,10
13.0145702362,80.2261734009,77625,77635,10
13.0136404037,80.2265014648,77635,77646,11
13.0123996735,80.2269973755,77646,77656,10
13.011300087,80.2274703979,77656,77666,10
13.0101900101,80.2279281616,77666,77676,10
13.0092096329,80.2284088135,77676,77686,10
13.0089302063,80.2294311523,77686,77696,10
13.0086898804,80.230682373,77696,77706,10
13.0084400177,80.231918335,77706,77716,10
13.0082397461,80.2331314087,77716,77726,10
13.0080604553,80.23412323,77726,77736,10
13.0078601837,80.2350234985,77736,77746,10
13.0076704025,80.2360229492,77746,77757,11
13.0074596405,80.2370986938,77757,77767,10
13.0072498322,80.2380599976,77767,77777,10
13.0070400238,80.2390975952,77777,77787,10
13.0068397522,80.2401199341,77787,77797,10
13.0066795349,80.2410202026,77797,77807,10
13.0066204071,80.2418212891,77807,77817,10
13.0066299438,80.2428131104,77817,77827,10
13.0066604614,80.2433776855,77827,77837,10
13.006649971,80.2437210083,77837,77847,10
13.0066299438,80.2443237305,77847,77858,11
13.0066404343,80.2447967529,77858,77868,10
13.0066604614,80.2452163696,77868,77878,10
13.0066795349,80.24584198,77878,77888,10
13.0066995621,80.246421814,77888,77898,10
13.0067195892,80.2466964722,77898,77908,10
13.0067396164,80.2470626831,77908,77918,10
13.0066900253,80.2476119995,77918,77928,10
13.0066995621,80.2484130859,77928,77944,16
13.006770134,80.2500228882,77944,77957,13
13.0068101883,80.2508163452,77957,77967,10
13.006819725,80.251159668,77967,77977,10
13.0067300797,80.251701355,77977,77987,10
13.0065498352,80.2524795532,77987,77997,10
13.0065202713,80.2533416748,77997,78007,10
13.006529808,80.2542800903,78007,78017,10
13.0065803528,80.2550582886,78017,78027,10
13.0065803528,80.2558898926,78027,78037,10
13.0065803528,80.2566070557,78037,78047,10
13.0066099167,80.2571029663,78047,78079,32
13.0066099167,80.2571029663,78079,78089,10
13.0066604614,80.2572402954,78089,78099,10
13.0065002441,80.2575912476,78099,78109,10
13.005900383,80.2574691772,78109,78119,10
13.0052204132,80.2573165894,78119,78129,10
13.0044603348,80.2571411133,78129,78139,10
13.0037097931,80.2569732666,78139,78149,10
13.0030698776,80.2568511963,78149,78160,11
13.0024404526,80.256729126,78160,78170,10
13.0018196106,80.2566299438,78170,78180,10
13.0013799667,80.2565765381,78180,78190,10
13.0010204315,80.2565307617,78190,78200,10
13.0003900528,80.256439209,78200,78210,10
12.9997997284,80.256362915,78210,78220,10
12.9990997314,80.256187439,78220,78230,10
12.9984197617,80.2560501099,78230,78240,10
12.9981498718,80.2560195923,78240,78250,10
12.9978103638,80.2560501099,78250,78261,11
12.997710228,80.2561721802,78261,78271,10
12.9977798462,80.2565002441,78271,78503,232
12.9977798462,80.2565002441,78503,78513,10
12.997879982,80.2565689087,78513,78523,10
12.9978504181,80.2568130493,78523,78533,10
12.9977197647,80.2569885254,78533,78664,131
12.9977197647,80.2569885254,78664,78675,11
12.997759819,80.2571182251,78675,78685,10
12.9981603622,80.2571563721,78685,78695,10
12.9983301163,80.2567825317,78695,78705,10
12.9981203079,80.256439209,78705,78715,10
12.9977798462,80.2563018799,78715,79068,353
12.9976997375,80.2560806274,79068,79099,31
12.9976997375,80.2560806274,79099,79109,10
12.9973497391,80.2559432983,79109,79119,10
12.9969396591,80.2559432983,79119,79129,10
12.9964504242,80.2559204102,79129,79139,10
12.9957304001,80.2559204102,79139,79149,10
12.9949998856,80.2559280396,79149,79159,10
12.9943504333,80.2559967041,79159,79169,10
12.9939098358,80.2560501099,79169,79179,10
12.9932098389,80.256072998,79179,79190,11
12.9922399521,80.2560577393,79190,79200,10
12.9914999008,80.2560501099,79200,79210,10
12.9910497665,80.2560577393,79210,79220,10
12.9904899597,80.2560272217,79220,79230,10
12.9898395538,80.2560272217,79230,79240,10
12.9890804291,80.2559967041,79240,79250,10
12.988240242,80.2559127808,79250,79260,10
12.9877099991,80.2558822632,79260,79270,10
12.9875898361,80.256401062,79270,79280,10
12.9875097275,80.2571792603,79280,79290,10
12.9874401093,80.2580795288,79290,79301,11
12.9873695374,80.2588882446,79301,79311,10
12.9872598648,80.2593078613,79311,79321,10
12.987159729,80.2595825195,79321,79331,10
12.987039566,80.2595596313,79331,79341,10
12.986700058,80.2595291138,79341,79351,10
12.9868402481,80.2591323853,79351,79753,402
12.9869804382,80.2591094971,79753,79803,50
12.9869804382,80.2591094971,79803,79814,11
12.9873399734,80.2590408325,79814,79824,10
12.9873800278,80.2587890625,79824,79834,10
12.9873695374,80.2585830688,79834,79844,10
12.9874000549,80.2582702637,79844,79854,10
12.9874095917,80.2579116821,79854,79864,10
12.987449646,80.2573013306,79864,79874,10
12.9875202179,80.2565307617,79874,79884,10
12.9875602722,80.2558898926,79884,79894,10
12.9876003265,80.2557220459,79894,79904,10
12.9877099991,80.254989624,79904,79925,21
12.9877099991,80.254989624,79925,79935,10
12.987739563,80.2546768188,79935,79945,10
12.9877996445,80.2540435791,79945,79955,10
12.987859726,80.2532196045,79955,79965,10
12.9879198074,80.2523193359,79965,79975,10
12.9877901077,80.2517166138,79975,80016,41
12.9877901077,80.2517166138,80016,80026,10
12.987569809,80.2515487671,80026,80036,10
12.9871702194,80.2516174316,80036,80046,10
12.9866104126,80.2517623901,80046,80056,10
12.986000061,80.2519226074,80056,80066,10
12.9854402542,80.2520675659,80066,80076,10
12.984919548,80.252243042,80076,80086,10
12.9844799042,80.2523803711,80086,80278,192
12.9844799042,80.2523803711,80278,80288,10
12.9841604233,80.2524490356,80288,80298,10
12.9835596085,80.2525863647,80298,80308,10
12.9827299118,80.2526931763,80308,80318,10
12.9817199707,80.2527236938,80318,80329,11
12.9806203842,80.2527618408,80329,80339,10
12.9797296524,80.2527618408,80339,80349,10
12.9788198471,80.2526473999,80349,80379,30
12.9788198471,80.2526473999,80379,80389,10
12.9785203934,80.252532959,80389,80399,10
12.97797966,80.2521286011,80399,80409,10
12.9772701263,80.2515335083,80409,80419,10
12.9762096405,80.2511367798,80419,80430,11
12.9749498367,80.2507781982,80430,80440,10
12.9737701416,80.2504501343,80440,80450,10
12.9725999832,80.2501373291,80450,80460,10
12.9714403152,80.2498397827,80460,80470,10
12.9703502655,80.2495117188,80470,80480,10
12.9692602158,80.2490692139,80480,80490,10
12.9681901932,80.2486724854,80490,80500,10
12.967209816,80.248260498,80500,80510,10
12.9663600922,80.2478637695,80510,80520,10
12.9652004242,80.2474365234,80520,80541,21
12.9652004242,80.2474365234,80541,80551,10
12.9651203156,80.2473678589,80551,80561,10
12.964679718,80.2472229004,80561,80571,10
12.9639902115,80.2469711304,80571,80581,10
12.9632101059,80.2466201782,80581,80590,9
12.9624204636,80.2462387085,80590,80601,11
12.9613399506,80.2457199097,80601,80611,10
12.960439682,80.2452926636,80611,80621,10
12.9597101212,80.244972229,80621,80632,11
12.9593801498,80.2448272705,80632,80642,10
12.9593000412,80.2447891235,80642,80652,10
12.9589300156,80.2445831299,80652,80662,10
12.9582595825,80.2443084717,80662,80672,10
12.9576196671,80.2440795898,80672,80682,10
12.9566001892,80.2437362671,80682,80753,71
12.9566001892,80.2437362671,80753,80763,10
12.9561700821,80.243598938,80763,80773,10
12.9556398392,80.2433166504,80773,80783,10
12.9548797607,80.2429580688,80783,80793,10
12.9539804459,80.2425765991,80793,80803,10
12.9529800415,80.2421722412,80803,80813,10
12.9519996643,80.2417984009,80813,80822,9
12.9516401291,80.2416763306,80822,80834,12
12.9515304565,80.241607666,80834,80844,10
12.9510402679,80.2414169312,80844,80854,10
12.9503002167,80.2412033081,80854,80864,10
12.9493904114,80.2409210205,80864,80874,10
12.9485301971,80.2405929565,80874,80884,10
12.947640419,80.2402420044,80884,80894,10
12.9471502304,80.2400512695,80894,80904,10
12.9471502304,80.2400436401,80904,80914,10
12.9468202591,80.2398910522,80914,80924,10
12.9462499619,80.2396469116,80924,80934,10
12.9454603195,80.2392578125,80934,80945,11
12.9446401596,80.2385177612,80945,80955,10
12.943860054,80.2376708984,80955,80965,10
12.9430599213,80.2368469238,80965,80975,10
12.9420003891,80.2363433838,80975,80984,9
12.9409103394,80.236076355,80984,80995,11
12.9397602081,80.2357635498,80995,81015,20
12.9397602081,80.2357635498,81015,81025,10
12.9393997192,80.2355422974,81025,81035,10
12.9387397766,80.2351989746,81035,81046,11
12.9378299713,80.2347564697,81046,81056,10
12.9368600845,80.2342987061,81056,81066,10
12.9358797073,80.2338485718,81066,81076,10
12.9349002838,80.2333984375,81076,81086,10
12.9340000153,80.233039856,81086,81096,10
12.9338102341,80.2329483032,81096,81106,10
12.9337596893,80.2329101563,81106,81116,10
12.9333400726,80.232711792,81116,81126,10
12.9326400757,80.2324371338,81126,81136,10
12.9317598343,80.2321395874,81136,81147,11
12.9306201935,80.2317581177,81147,81157,10
12.9294700623,80.2314605713,81157,81167,10
12.928319931,80.231262207,81167,81177,10
12.9271097183,80.2311172485,81177,81187,10
12.9261798859,80.2310333252,81187,81197,10
12.9260902405,80.2310180664,81197,81207,10
12.925740242,80.2309799194,81207,81217,10
12.9251203537,80.2308883667,81217,81233,16
12.9237203598,80.23072052,81233,81245,12
12.9224100113,80.2305297852,81245,81256,11
12.9210395813,80.2303314209,81256,81266,10
12.9198198318,80.2301864624,81266,81276,10
12.919090271,80.2301101685,81276,81286,10
12.9189500809,80.2300796509,81286,81295,9
12.9185800552,80.2300262451,81295,81306,11
12.9176797867,80.2299118042,81306,81316,10
12.9167003632,80.2297668457,81316,81326,10
12.9156703949,80.2296066284,81326,81336,10
12.9145698547,80.2294616699,81336,81346,10
12.9135904312,80.2293395996,81346,81357,11
12.9132299423,80.2293167114,81357,81367,10
12.913069725,80.2292785645,81367,81377,10
12.9125003815,80.2291793823,81377,81387,10
12.9116802216,80.229057312,81387,81397,10
12.9106702805,80.2289199829,81397,81407,10
12.9095096588,80.2287368774,81407,81417,10
12.9083204269,80.2285385132,81417,81427,10
12.9072504044,80.2283782959,81427,81437,10
12.9066295624,80.228302002,81437,81447,10
12.9063997269,80.2283096313,81447,81458,11
12.9061803818,80.2283096313,81458,81468,10
12.9060096741,80.2282867432,81468,81478,10
12.9054203033,80.2282409668,81478,81488,10
12.9045600891,80.2281723022,81488,81498,10
12.9036302567,80.2281188965,81498,81508,10
12.9024000168,80.2280502319,81508,81517,9
12.9014501572,80.2279891968,81517,81527,10
12.9008302689,80.2278594971,81527,81538,11
12.9008302689,80.2274932861,81538,81609,71
12.9008302689,80.2274932861,81609,81619,10
12.9008998871,80.2273406982,81619,81629,10
12.9009399414,80.2269592285,81629,81639,10
12.9009599686,80.2262878418,81639,81649,10
12.9009799957,80.2254333496,81649,81660,11
12.9010095596,80.2244033813,81660,81669,9
12.9010295868,80.2235412598,81669,81680,11
12.9011096954,80.2224884033,81680,81690,10
12.9012002945,80.2215499878,81690,81700,10
12.9013004303,80.2205200195,81700,81750,50
12.9013004303,80.2205200195,81750,81761,11
12.9013395309,80.2203598022,81761,81771,10
12.9014196396,80.2198791504,81771,81781,10
12.9015102386,80.2191619873,81781,81791,10
12.9015903473,80.2182769775,81791,81831,40
12.9015903473,80.2182769775,81831,81841,10
12.9016599655,80.2180480957,81841,81851,10
12.901720047,80.2174835205,81851,81861,10
12.9019002914,80.2167129517,81861,81872,11
12.9022502899,80.2157592773,81872,81882,10
12.9026002884,80.2148895264,81882,81892,10
12.9029397964,80.2139968872,81892,81902,10
12.9032897949,80.2131195068,81902,81912,10
12.9036502838,80.2121963501,81912,81922,10
12.9040203094,80.2112579346,81922,81932,10
12.9043998718,80.2102890015,81932,81942,10
12.904800415,80.209312439,81942,81952,10
12.9051704407,80.2084274292,81952,81962,10
12.9055404663,80.2074737549,81962,82053,91
12.9055404663,80.2074737549,82053,82063,10
12.9055404663,80.2073974609,82063,82074,11
12.9057397842,80.2070007324,82074,82084,10
12.9060297012,80.2063293457,82084,82094,10
12.9063796997,80.2054824829,82094,82104,10
12.906920433,80.2045822144,82104,82114,10
12.9073295593,80.2035598755,82114,82124,10
12.9074296951,80.2024383545,82124,82134,10
12.907500267,80.2013931274,82134,82144,10
12.9075698853,80.200340271,82144,82154,10
12.90762043,80.1993408203,82154,82164,10
12.9076404572,80.1988296509,82164,82175,11
12.9076404572,80.1987991333,82175,82185,10
12.907699585,80.1986236572,82185,82195,10
12.9079999924,80.1982803345,82195,82205,10
12.9085998535,80.1978530884,82205,82215,10
12.9092798233,80.1973571777,82215,82225,10
12.9099597931,80.1968688965,82225,82235,10
12.9106798172,80.1963577271,82235,82245,10
12.9111499786,80.1960296631,82245,82265,20
12.9111499786,80.1960296631,82265,82276,11
12.911529541,80.1958236694,82276,82286,10
12.9120197296,80.1954803467,82286,82296,10
12.9126996994,80.1950531006,82296,82306,10
12.9135398865,80.1948623657,82306,82316,10
12.914440155,80.1946563721,82316,82326,10
12.9153699875,80.194480896,82326,82336,10
12.9163303375,80.1942825317,82336,82346,10
12.9170103073,80.1940765381,82346,82356,10
12.9169998169,80.1938781738,82356,82366,10
12.9170103073,80.1937179565,82366,82376,10
12.9170303345,80.1931610107,82376,82387,11
12.917140007,80.1923217773,82387,82397,10
12.9172096252,80.1916122437,82397,82407,10
12.9172296524,80.1914825439,82407,82417,10
12.9172496796,80.1914367676,82417,82427,10
12.917309761,80.1910095215,82427,82437,10
12.9173698425,80.1902770996,82437,82447,10
12.917599678,80.1893768311,82447,82457,10
12.9181804657,80.1884536743,82457,82467,10
12.9188995361,80.1876525879,82467,82477,10
12.9196596146,80.1867980957,82477,82488,11
12.9204702377,80.1858215332,82488,82498,10
12.9204597473,80.1848983765,82498,82508,10
12.9202404022,80.1839370728,82508,82518,10
12.9200201035,80.1829986572,82518,82528,10
12.9199199677,80.1826477051,82528,82538,10
12.9199104309,80.1825714111,82538,82548,10
12.9197998047,80.1820907593,82548,82558,10
12.9196195602,80.181312561,82558,82568,10
12.9194202423,80.1803970337,82568,82578,10
12.9191198349,80.1793365479,82578,82589,11
12.918800354,80.1788330078,82589,82599,10
12.918419838,80.1783294678,82599,82609,10
12.9181699753,80.1775283813,82609,82619,10
12.9183397293,80.1765213013,82619,82629,10
12.9186201096,80.1754226685,82629,82639,10
12.9189195633,80.1742019653,82639,82649,10
12.9192495346,80.1728591919,82649,82659,10
12.9195699692,80.1716308594,82659,82669,10
12.9197797775,80.1708908081,82669,82679,10
12.9198303223,80.1707382202,82679,82690,11
12.9200296402,80.1701278687,82690,82700,10
12.92029953,80.1692886353,82700,82710,10
12.9206399918,80.16822052,82710,82720,10
12.9210195541,80.1670379639,82720,82730,10
12.9214200974,80.1657867432,82730,82740,10
12.9217996597,80.1646499634,82740,82750,10
12.9220600128,80.1638183594,82750,82760,10
12.9223499298,80.1628570557,82760,82770,10
12.9226903915,80.1617889404,82770,82780,10
12.9229602814,80.1608810425,82780,82791,11
12.9230203629,80.1606903076,82791,82801,10
12.9231595993,80.1602935791,82801,82811,10
12.9232997894,80.1595687866,82811,82821,10
12.9233999252,80.1585617065,82821,82831,10
12.9235095978,80.1574325562,82831,82841,10
12.9236001968,80.1563568115,82841,82851,10
12.9234800339,80.1553573608,82851,82861,10
12.923330307,80.154838562,82861,82871,10
12.9232997894,80.1546936035,82871,82881,10
12.9231796265,80.1541671753,82881,82891,10
12.9229803085,80.1534118652,82891,82902,11
12.9227199554,80.1523666382,82902,82912,10
12.9226303101,80.1512908936,82912,82922,10
12.9225997925,80.1500778198,82922,82932,10
12.922539711,80.1488800049,82932,82942,10
12.9225196838,80.1477432251,82942,82952,10
12.9225196838,80.1466293335,82952,82962,10
12.9224796295,80.1454620361,82962,82972,10
12.9224500656,80.1442489624,82972,82982,10
12.922419548,80.1431808472,82982,82992,10
12.9224004745,80.1422729492,82992,83009,17
12.9223403931,80.1412811279,83009,83021,12
12.9223299026,80.1409683228,83021,83031,10
12.9223499298,80.1402893066,83031,83040,9
12.9223299026,80.1395111084,83040,83050,10
12.9223604202,80.1386184692,83050,83061,11
12.9224395752,80.1374130249,83061,83071,10
12.9224796295,80.1363830566,83071,83081,10
12.9225196838,80.1353607178,83081,83091,10
12.9225597382,80.134262085,83091,83102,11
12.9226102829,80.1331710815,83102,83112,10
12.9226503372,80.1321487427,83112,83122,10
12.922659874,80.1312179565,83122,83132,10
12.9226799011,80.1310195923,83132,83142,10
12.9227104187,80.1305084229,83142,83152,10
12.9227600098,80.1297836304,83152,83162,10
12.9228200912,80.1288986206,83162,83172,10
12.9228601456,80.1280822754,83172,83182,10
12.9228897095,80.1272125244,83182,83192,10
12.9229097366,80.1261901855,83192,83203,11
12.9229602814,80.1249694824,83203,83213,10
12.9229898453,80.1238937378,83213,83223,10
12.92304039,80.1227722168,83223,83233,10
12.9230804443,80.1217269897,83233,83243,10
12.9231300354,80.1209411621,83243,83253,10
12.9231595993,80.1207427979,83253,83263,10
12.9231700897,80.1206588745,83263,83273,10
12.9232501984,80.1201171875,83273,83283,10
12.923330307,80.1192016602,83283,83293,10
12.9234399796,80.1180801392,83293,83304,11
12.9237203598,80.1169128418,83304,83314,10
12.9239196777,80.1160583496,83314,83324,10
12.9240198135,80.1156921387,83324,83334,10
12.924030304,80.1154632568,83334,83344,10
12.9239597321,80.1150817871,83344,83354,10
12.9242200851,80.1150817871,83354,83364,10
12.9245901108,80.1154937744,83364,83374,10
12.9250602722,80.1159667969,83374,83384,10
12.9254999161,80.1164169312,83384,83394,10
12.9259195328,80.1168823242,83394,83405,11
12.9262599945,80.1173629761,83405,83414,9
12.9268198013,80.1178817749,83414,83506,92
12.9268198013,80.1178817749,83506,83516,10
12.9270000458,80.1180496216,83516,84707,1191
12.9270000458,80.1180496216,84707,84717,10
12.9272203445,80.1182937622,84717,84727,10
12.9275398254,80.1186294556,84727,84737,10
12.9280796051,80.1191711426,84737,84748,11
12.9288101196,80.1199111938,84748,84758,10
12.9294900894,80.1205673218,84758,84768,10
12.9301204681,80.1211624146,84768,84778,10
12.9307603836,80.1217575073,84778,84788,10
12.9313802719,80.1223602295,84788,84798,10
12.9316902161,80.1227035522,84798,84808,10
12.9316301346,80.1228637695,84808,84818,10
12.9312601089,80.1225814819,84818,84828,10
12.9307203293,80.1220092773,84828,84838,10
12.9300403595,80.1213378906,84838,84849,11
12.9292097092,80.1204986572,84849,84859,10
12.9284296036,80.119720459,84859,84869,10
12.9277801514,80.1190414429,84869,84879,10
12.9274301529,80.1186676025,84879,84889,10
12.9271697998,80.1183776855,84889,84929,40
12.9271697998,80.1183776855,84929,84946,17
12.9266901016,80.1178970337,84946,84958,12
12.9263000488,80.1175537109,84958,84968,10
12.9258804321,80.1172866821,84968,84978,10
12.925450325,80.1168899536,84978,84988,10
12.9250297546,80.1164627075,84988,84998,10
12.9244804382,80.1158981323,84998,85008,10
12.9242696762,80.1157302856,85008,85017,9
12.9240398407,80.1158599854,85017,85028,11
12.9238395691,80.1166610718,85028,85038,10
12.923620224,80.1175765991,85038,85049,11
12.9234199524,80.1187362671,85049,85059,10
12.9233398438,80.1198272705,85059,85069,10
12.9233198166,80.1203918457,85069,85079,10
12.9233102798,80.1204223633,85079,85089,10
12.9232597351,80.1205825806,85089,85099,10
12.9232501984,80.1209793091,85099,85109,10
12.923210144,80.1214675903,85109,85119,10
12.9231595993,80.1222305298,85119,85129,10
12.923119545,80.1231765747,85129,85139,10
12.9230804443,80.1242523193,85139,85150,11
12.9230003357,80.1254730225,85150,85160,10
12.9229602814,80.1265487671,85160,85170,10
12.9229001999,80.1276016235,85170,85180,10
12.9228496552,80.1284790039,85180,85190,10
12.9228000641,80.1294708252,85190,85200,10
12.922750473,80.1305007935,85200,85210,10
12.9227199554,80.1315765381,85210,85220,10
12.9226903915,80.1326370239,85220,85230,10
12.9226398468,80.1337280273,85230,85240,10
12.9225902557,80.1348266602,85240,85250,10
12.922539711,80.1359710693,85250,85261,11
12.9224796295,80.1371688843,85261,85271,10
12.9224395752,80.1381988525,85271,85281,10
12.922369957,80.1392211914,85281,85291,10
12.9223899841,80.1402664185,85291,85301,10
12.9224004745,80.1413192749,85301,85311,10
12.9224395752,80.142326355,85311,85321,10
12.9224996567,80.1432800293,85321,85331,10
12.9225196838,80.1435699463,85331,85341,10
12.9225101471,80.1437606812,85341,85351,10
12.9225196838,80.1444396973,85351,85362,11
12.9225597382,80.1454772949,85362,85372,10
12.9225902557,80.1465072632,85372,85382,10
12.9226102829,80.1475372314,85382,85398,16
12.9226198196,80.149307251,85398,85410,12
12.922659874,80.1507568359,85410,85420,10
12.9226999283,80.1517333984,85420,85430,10
12.9229602814,80.1531295776,85430,85440,10
12.9232501984,80.1542205811,85440,85450,10
12.9234104156,80.1547164917,85450,85461,11
12.9234895706,80.1550292969,85461,85471,10
12.9236602783,80.1557693481,85471,85481,10
12.9236297607,80.1568222046,85481,85491,10
12.9235095978,80.1580429077,85491,85500,9
12.9234104156,80.159072876,85500,85511,11
12.9232597351,80.1603622437,85511,85520,9
12.9231796265,80.1606216431,85520,85530,10
12.9230699539,80.1609420776,85530,85541,11
12.9228000641,80.1617507935,85541,85551,10
12.9224596024,80.1627731323,85551,85562,11
12.9220399857,80.1640625,85562,85572,10
12.9216403961,80.1652908325,85572,85582,10
12.9212398529,80.1665420532,85582,85592,10
12.9208498001,80.1678009033,85592,85602,10
12.9204397202,80.1690292358,85602,85612,10
12.9201097488,80.1701889038,85612,85622,10
12.9198904037,80.1709365845,85622,85632,10
12.9198598862,80.171043396,85632,85642,10
12.9197101593,80.1714324951,85642,85652,10
12.9195604324,80.1720809937,85652,85663,11
12.9193000793,80.1730422974,85663,85672,9
12.9190502167,80.1740112305,85672,85683,11
12.9187402725,80.1753005981,85683,85693,10
12.9184398651,80.1764526367,85693,85703,10
12.9182395935,80.1775970459,85703,85713,10
12.9186401367,80.1785583496,85713,85723,10
12.9192695618,80.1794967651,85723,85733,10
12.9195299149,80.1806182861,85733,85743,10
12.9197797775,80.1817779541,85743,85753,10
12.9200496674,80.1829833984,85753,85763,10
12.9202699661,80.1839370728,85763,85774,11
12.9205303192,80.184928894,85774,85784,10
12.9206104279,80.1852798462,85784,85794,10
12.920630455,80.1855926514,85794,85804,10
12.92029953,80.1862182617,85804,85814,10
12.9196796417,80.1869277954,85814,85824,10
12.9189901352,80.1877212524,85824,85834,10
12.9182395935,80.1885528564,85834,85844,10
12.9176101685,80.1895294189,85844,85854,10
12.9173898697,80.1904296875,85854,85864,10
12.9172697067,80.1914367676,85864,85875,11
12.9171695709,80.1922073364,85875,85885,10
12.9169998169,80.193611145,85885,85895,10
12.9170398712,80.1941833496,85895,85905,10
12.916680336,80.1942977905,85905,85915,10
12.9165201187,80.1943435669,85915,85925,10
12.9163799286,80.1943664551,85925,85935,10
12.9158000946,80.194480896,85935,85945,10
12.9149999619,80.1946411133,85945,85955,10
12.9139995575,80.1948471069,85955,85965,10
12.9129199982,80.1950683594,85965,85976,11
12.9118900299,80.195640564,85976,85986,10
12.9110097885,80.1962585449,85986,85996,10
12.9106302261,80.1965637207,85996,86006,10
12.9104299545,80.1966781616,86006,86016,10
12.9098300934,80.1970977783,86016,86026,10
12.9090795517,80.1976318359,86026,86036,10
12.9082298279,80.1982269287,86036,86046,10
12.9076795578,80.1989822388,86046,86056,10
12.90762043,80.2001190186,86056,86066,10
12.9075498581,80.2012863159,86066,86077,11
12.9074602127,80.2026290894,86077,86087,10
12.9073400497,80.2038574219,86087,86097,10
12.9067897797,80.2049407959,86097,86107,10
12.9062204361,80.2060775757,86107,86117,10
12.9057197571,80.20728302,86117,86127,10
12.9052095413,80.2085113525,86127,86137,10
12.9046802521,80.209777832,86137,86147,10
12.9042596817,80.2108230591,86147,86157,10
12.9036302567,80.2124404907,86157,86167,10
12.9031095505,80.2137680054,86167,86178,11
12.9025402069,80.2152023315,86178,86188,10
12.9020204544,80.2165527344,86188,86198,10
12.9017295837,80.2177200317,86198,86208,10
12.9016799927,80.218208313,86208,86218,10
12.9016704559,80.2182922363,86218,86228,10
12.901599884,80.2188186646,86228,86237,9
12.9015102386,80.2195587158,86237,86247,10
12.9014396667,80.2203903198,86247,86258,11
12.9013996124,80.2206726074,86258,86268,10
12.9012804031,80.2213668823,86268,86279,11
12.9011497498,80.2224502563,86279,86289,10
12.901049614,80.2236480713,86289,86299,10
12.9010095596,80.2249221802,86299,86309,10
12.900970459,80.2261734009,86309,86319,10
12.9009103775,80.2272033691,86319,86329,10
12.900970459,80.2278289795,86329,86339,10
12.9013595581,80.227897644,86339,86349,10
12.9018001556,80.2279281616,86349,86359,10
12.9019403458,80.2279815674,86359,86369,10
12.9025497437,80.228012085,86369,86379,10
