12.9941797256,80.2069778442,11,1851,1840
12.9940795898,80.2069091797,1851,2437,586
12.9942798615,80.2070236206,2437,21170,18733
12.9942798615,80.2070236206,21170,21180,10
12.9944000244,80.2068405151,21180,21190,10
12.9945497513,80.2067184448,21190,21241,51
12.9945497513,80.2067184448,21241,21251,10
12.9945898056,80.2065200806,21251,21261,10
12.994600296,80.2063598633,21261,21271,10
12.9946498871,80.2059402466,21271,21281,10
12.9947099686,80.2053604126,21281,21292,11
12.9946899414,80.2049026489,21292,21302,10
12.9947900772,80.2044525146,21302,21312,10
12.9949197769,80.2039108276,21312,21322,10
12.9950399399,80.2034835815,21322,21332,10
12.9950895309,80.2031021118,21332,21342,10
12.9950199127,80.2028427124,21342,21352,10
12.9950799942,80.2024078369,21352,21362,10
12.9950895309,80.2020568848,21362,21372,10
12.995059967,80.2017364502,21372,21383,11
12.995010376,80.2012786865,21383,21393,10
12.9949998856,80.2009811401,21393,21403,10
12.9949798584,80.2006072998,21403,21413,10
12.9946804047,80.200340271,21413,21423,10
12.9942502975,80.2002563477,21423,21473,50
12.9942502975,80.2002563477,21473,21484,11
12.9939899445,80.2001266479,21484,21494,10
12.9935998917,80.1999816895,21494,21504,10
12.993180275,80.1996383667,21504,21514,10
12.9930400848,80.1995162964,21514,21524,10
12.9929199219,80.1994018555,21524,21534,10
12.9925403595,80.1990966797,21534,21544,10
12.991979599,80.1988067627,21544,21554,10
12.991350174,80.198600769,21554,21564,10
12.9908599854,80.1985015869,21564,21575,11
12.9906396866,80.1984405518,21575,21585,10
12.9900798798,80.1982879639,21585,21595,10
12.9893302917,80.1980819702,21595,21605,10
12.9885196686,80.1978530884,21605,21615,10
12.9877595901,80.1976470947,21615,21625,10
12.9869804382,80.1974563599,21625,21635,10
12.9862604141,80.1973190308,21635,21645,10
12.9860095978,80.1972808838,21645,21655,10
12.9856796265,80.197227478,21655,21665,10
12.9850597382,80.1973266602,21665,21676,11
12.9842395782,80.1971969604,21676,21686,10
12.9836301804,80.1968536377,21686,21696,10
12.9831800461,80.1965637207,21696,21706,10
12.983039856,80.1964569092,21706,21716,10
12.9826498032,80.1967391968,21716,21726,10
12.9822101593,80.1971130371,21726,21736,10
12.9823503494,80.1968078613,21736,21746,10
12.9827604294,80.1964797974,21746,21755,9
12.9826698303,80.1962585449,21755,21767,12
12.9821195602,80.1959915161,21767,21777,10
12.9816999435,80.1957778931,21777,21787,10
12.9816703796,80.1957473755,21787,21797,10
12.9813699722,80.195602417,21797,21807,10
12.9809103012,80.1953735352,21807,21817,10
12.9802999496,80.19506073,21817,21827,10
12.9797401428,80.1947174072,21827,21837,10
12.9792995453,80.1943893433,21837,21847,10
12.9786701202,80.1940612793,21847,21857,10
12.9779901505,80.1938781738,21857,21868,11
12.9776601791,80.1938400269,21868,21878,10
12.9775295258,80.1938171387,21878,21888,10
12.9771299362,80.1937026978,21888,21898,10
12.9765796661,80.193397522,21898,21908,10
12.975979805,80.1929702759,21908,21918,10
12.9754199982,80.1925964355,21918,21934,16
12.9745397568,80.192237854,21934,21946,12
12.9738702774,80.1919937134,21946,21954,8
12.9733295441,80.1918029785,21954,21967,13
12.9725999832,80.1915206909,21967,21977,10
12.9721603394,80.1913375854,21977,21987,10
12.9721002579,80.1913223267,21987,21996,9
12.9719400406,80.1912307739,21996,22007,11
12.9713401794,80.1909713745,22007,22017,10
12.9708003998,80.1907424927,22017,22027,10
12.9700498581,80.1904220581,22027,22037,10
12.9695396423,80.1901779175,22037,22047,10
12.9691896439,80.1900100708,22047,22058,11
12.9687700272,80.1898117065,22058,22068,10
12.9682998657,80.1895904541,22068,22078,10
12.968079567,80.1894836426,22078,22088,10
12.9679899216,80.1894378662,22088,22098,10
12.9677000046,80.1893234253,22098,22108,10
12.9671802521,80.1891021729,22108,22118,10
12.9665298462,80.1888427734,22118,22128,10
12.9660396576,80.188659668,22128,22138,10
12.965880394,80.1885910034,22138,22149,11
12.9653596878,80.188369751,22149,22159,10
12.9649295807,80.1882095337,22159,22169,10
12.964799881,80.1881790161,22169,22179,10
12.9644002914,80.188041687,22179,22189,10
12.9637403488,80.187828064,22189,22199,10
12.9631099701,80.1876678467,22199,22209,10
12.962389946,80.1875228882,22209,22219,10
12.9617004395,80.1873931885,22219,22229,10
12.9611902237,80.187286377,22229,22239,10
12.9607601166,80.1872177124,22239,22250,11
12.9604701996,80.1871795654,22250,22260,10
12.9600696564,80.1871185303,22260,22270,10
12.9594898224,80.1870880127,22270,22280,10
12.9587097168,80.1870269775,22280,22290,10
12.9579696655,80.1870498657,22290,22300,10
12.9571695328,80.1870193481,22300,22310,10
12.9563703537,80.186958313,22310,22320,10
12.9558601379,80.1869430542,22320,22330,10
12.9558296204,80.1869430542,22330,22341,11
12.9555797577,80.186882019,22341,22351,10
12.9551696777,80.1868209839,22351,22361,10
12.9544496536,80.186706543,22361,22371,10
12.9535503387,80.1865692139,22371,22381,10
12.9526195526,80.186416626,22381,22391,10
12.9516401291,80.1861495972,22391,22401,10
12.9506902695,80.185836792,22401,22411,10
12.949839592,80.1855621338,22411,22421,10
12.9492197037,80.1853713989,22421,22431,10
12.9488096237,80.1852264404,22431,22442,11
12.948340416,80.1850891113,22442,22452,10
12.947810173,80.1848678589,22452,22462,10
12.9471998215,80.1844406128,22462,22472,10
12.9467401505,80.1840667725,22472,22482,10
12.9466199875,80.1839828491,22482,22492,10
12.9462404251,80.1836776733,22492,22502,10
12.9457302094,80.1832733154,22502,22512,10
12.9450597763,80.1830673218,22512,22522,10
12.9446201324,80.1830596924,22522,22532,10
12.9444799423,80.1830368042,22532,22543,11
12.9439001083,80.1829986572,22543,22553,10
12.9431400299,80.1829681396,22553,22563,10
12.9422798157,80.1829223633,22563,22573,10
12.941450119,80.1828079224,22573,22583,10
12.9407396317,80.1827697754,22583,22593,10
12.9401197433,80.1827316284,22593,22603,10
12.939620018,80.1826324463,22603,22613,10
12.9394903183,80.1826019287,22613,22624,11
12.9393596649,80.1825408936,22624,22634,10
12.9389801025,80.1824417114,22634,22644,10
12.9385900497,80.1823577881,22644,22654,10
12.9379301071,80.1822662354,22654,22664,10
12.937210083,80.182258606,22664,22674,10
12.9365596771,80.1822814941,22674,22684,10
12.9359798431,80.1823425293,22684,22694,10
12.9355802536,80.1823883057,22694,22704,10
12.9352998734,80.1824188232,22704,22714,10
12.9351902008,80.1824188232,22714,22725,11
12.9349498749,80.1823806763,22725,22735,10
12.9344100952,80.1822509766,22735,22745,10
12.9336500168,80.1820526123,22745,22755,10
12.9328203201,80.1818466187,22755,22765,10
12.9319696426,80.1816864014,22765,22775,10
12.9312000275,80.181602478,22775,22785,10
12.9309902191,80.1815872192,22785,22795,10
12.9309101105,80.1815795898,22795,22805,10
12.9304199219,80.181602478,22805,22815,10
12.9297399521,80.1817398071,22815,22826,11
12.9289302826,80.1819381714,22826,22836,10
12.9282302856,80.1821136475,22836,22846,10
12.9273395538,80.1823120117,22846,22856,10
12.9264497757,80.182510376,22856,22866,10
12.9255599976,80.1826629639,22866,22876,10
12.9246997833,80.182800293,22876,22886,10
12.9238395691,80.1829528809,22886,22896,10
12.9229898453,80.1830825806,22896,22906,10
12.9223003387,80.1832733154,22906,22917,11
12.9215297699,80.1835784912,22917,22927,10
12.9205303192,80.1839981079,22927,22947,20
12.9205303192,80.1839981079,22947,22957,10
12.9202203751,80.1839675903,22957,22967,10
12.9200801849,80.1834030151,22967,22977,10
12.919960022,80.1828308105,22977,22987,10
12.9199399948,80.182800293,22987,22997,10
12.9199199677,80.1827163696,22997,23008,11
12.9197998047,80.1823883057,23008,23018,10
12.919500351,80.1821670532,23018,25172,2154
12.919500351,80.1821670532,25172,25182,10
12.919670105,80.1820068359,25182,25202,20
12.919670105,80.1820068359,25202,25213,11
12.919960022,80.182258606,25213,25223,10
12.9200801849,80.1827926636,25223,25233,10
12.9202604294,80.1834335327,25233,25546,313
12.9202604294,80.1834335327,25546,25556,10
12.9203195572,80.1836776733,25556,25566,10
12.9203796387,80.1839065552,25566,25576,10
12.9204397202,80.1839599609,25576,25586,10
12.9208498001,80.1838226318,25586,25597,11
12.9214897156,80.1835632324,25597,25607,10
12.9221401215,80.1833114624,25607,25617,10
12.9228200912,80.1830978394,25617,25627,10
12.9233598709,80.1829986572,25627,25637,10
12.9239702225,80.1828765869,25637,25647,10
12.9244699478,80.1827926636,25647,25657,10
12.9246101379,80.1827774048,25657,25667,10
12.9251203537,80.1827011108,25667,25677,10
12.9258804321,80.1825790405,25677,25688,11
12.9267702103,80.1824111938,25688,25698,10
12.927570343,80.1822509766,25698,25708,10
12.9283304214,80.1820831299,25708,25718,10
12.9291296005,80.1818771362,25718,25728,10
12.9299201965,80.1816864014,25728,25738,10
12.9306898117,80.1814880371,25738,25748,10
12.9313802719,80.1815338135,25748,25768,20
12.9313802719,80.1815338135,25768,25778,10
12.9315004349,80.1815719604,25778,25789,11
12.932009697,80.1816711426,25789,25799,10
12.9326400757,80.1817779541,25799,25809,10
12.9333600998,80.1819534302,25809,25819,10
12.9341001511,80.1821289063,25819,25829,10
12.934800148,80.1822967529,25829,25839,10
12.9350004196,80.1823425293,25839,25849,10
12.9350795746,80.1823577881,25849,25859,10
12.935500145,80.1824035645,25859,25869,10
12.9361200333,80.1823272705,25869,25880,11
12.936920166,80.182258606,25880,25890,10
12.9376296997,80.1822433472,25890,25900,10
12.9383201599,80.1822814941,25900,25910,10
12.9388198853,80.1823577881,25910,25940,30
12.9388198853,80.1823577881,25940,25950,10
12.9390001297,80.1824111938,25950,25960,10
12.9392204285,80.1824798584,25960,25970,10
12.9396400452,80.1826019287,25970,25981,11
12.9402704239,80.1827392578,25981,25991,10
12.9409503937,80.1827774048,25991,26001,10
12.9417600632,80.1828384399,26001,26011,10
12.9425802231,80.1829376221,26011,26021,10
12.9433403015,80.1829605103,26021,26031,10
12.9441204071,80.1829833984,26031,26041,10
12.9446201324,80.1829986572,26041,26051,10
12.9446401596,80.1829986572,26051,26061,10
12.9449195862,80.1830215454,26061,26072,11
12.9455003738,80.1830673218,26072,26082,10
12.9461202621,80.1834793091,26082,26092,10
12.9467201233,80.1839294434,26092,26102,10
12.9468202591,80.1840133667,26102,26112,10
12.9469099045,80.1840591431,26112,26122,10
12.9471998215,80.1843185425,26122,26132,10
12.947719574,80.1847229004,26132,26142,10
12.9483804703,80.1850509644,26142,26152,10
12.9487695694,80.1851730347,26152,26213,61
12.9487695694,80.1851730347,26213,26223,10
12.9490203857,80.185256958,26223,26233,10
12.9494800568,80.1854019165,26233,26243,10
12.9501104355,80.1856079102,26243,26259,16
12.9513101578,80.1860198975,26259,26272,13
12.9523296356,80.1863327026,26272,26282,10
12.9531202316,80.1865005493,26282,26292,10
12.9538803101,80.1866073608,26292,26302,10
12.9546203613,80.1867294312,26302,26312,10
12.9553403854,80.1868286133,26312,26322,10
12.9560899734,80.186920166,26322,26342,20
12.9560899734,80.186920166,26342,26352,10
12.9561796188,80.1869277954,26352,26363,11
12.9566402435,80.18699646,26363,26373,10
12.9572496414,80.1870422363,26373,26383,10
12.957909584,80.1870574951,26383,26393,10
12.9585800171,80.1870498657,26393,26403,10
12.9592399597,80.1870803833,26403,26413,10
12.959859848,80.1871337891,26413,26423,10
12.9603500366,80.1871795654,26423,26433,10
12.9608201981,80.18724823,26433,26443,10
12.9613599777,80.1873397827,26443,26453,10
12.9615402222,80.1873626709,26453,26464,11
12.9617595673,80.1874008179,26464,26474,10
12.9622602463,80.1874923706,26474,26484,10
12.9628601074,80.1876220703,26484,26494,10
12.9634504318,80.18775177,26494,26504,10
12.964099884,80.1879425049,26504,26514,10
12.9647102356,80.188117981,26514,26524,10
12.9652795792,80.188331604,26524,26534,10
12.9655599594,80.1884536743,26534,26544,10
12.9656200409,80.1884613037,26544,26554,10
12.9659204483,80.188583374,26554,26565,11
12.9664001465,80.1887893677,26565,26575,10
12.9669904709,80.1890182495,26575,26585,10
12.967590332,80.1892623901,26585,26595,10
12.9683303833,80.1895675659,26595,26615,20
12.9683303833,80.1895675659,26615,26625,10
12.9685001373,80.1896820068,26625,26635,10
12.9688997269,80.1898498535,26635,26646,11
12.9694595337,80.1901168823,26646,26656,10
12.9700098038,80.1903686523,26656,26666,10
12.9706201553,80.1906509399,26666,26676,10
12.9712095261,80.1909103394,26676,26686,10
12.9718799591,80.1912002563,26686,26696,10
12.9724702835,80.1914367676,26696,26706,10
12.9726495743,80.1915206909,26706,26716,10
12.9727296829,80.1915435791,26716,26726,10
12.972820282,80.1915817261,26726,26736,10
12.9731502533,80.1917037964,26736,26747,11
12.9736995697,80.19190979,26747,26757,10
12.9742298126,80.1921081543,26757,26767,10
12.974729538,80.1923065186,26767,26777,10
12.9752902985,80.1924972534,26777,26786,9
12.9758195877,80.1928024292,26786,26797,11
12.9761199951,80.1930236816,26797,26807,10
12.9762401581,80.193107605,26807,26817,10
12.9766302109,80.1933898926,26817,26827,10
12.9771900177,80.1936798096,26827,26837,10
12.9776096344,80.1937866211,26837,26848,11
12.9780397415,80.193862915,26848,26858,10
12.9781398773,80.1938781738,26858,26868,10
12.978219986,80.193901062,26868,26878,10
12.9785699844,80.1940002441,26878,26888,10
12.9790496826,80.194229126,26888,26898,10
12.9794502258,80.1944732666,26898,26908,10
12.9796304703,80.1946029663,26908,26918,10
12.9799003601,80.1947937012,26918,26928,10
12.9802799225,80.1950073242,26928,26939,11
12.9808597565,80.1952972412,26939,26969,30
12.9808597565,80.1952972412,26969,26979,10
12.9809799194,80.1953582764,26979,26989,10
12.9811000824,80.1954193115,26989,26999,10
12.9813203812,80.1955413818,26999,27009,10
12.9817199707,80.1957626343,27009,27019,10
12.9822502136,80.1960296631,27019,27030,11
12.9827899933,80.1962966919,27030,27040,10
12.9830503464,80.1963424683,27040,27050,10
12.9833803177,80.1961669922,27050,27060,10
12.9833698273,80.1963882446,27060,27070,10
12.9832201004,80.1965408325,27070,27080,10
12.9836196899,80.1968002319,27080,27090,10
12.9842796326,80.1971893311,27090,27100,10
12.9850997925,80.197303772,27100,27110,10
12.9859304428,80.1972122192,27110,27120,10
12.9866199493,80.1973419189,27120,27131,11
12.9868297577,80.1973724365,27131,27141,10
12.987159729,80.1974487305,27141,27151,10
12.9877099991,80.1976013184,27151,27161,10
12.9883699417,80.197769165,27161,27171,10
12.9889802933,80.1979598999,27171,27181,10
12.9896001816,80.1981430054,27181,27191,10
12.9903202057,80.1983337402,27191,27201,10
12.9911603928,80.1985015869,27201,27211,10
12.9917697906,80.1986465454,27211,27221,10
12.9918603897,80.198677063,27221,27238,17
12.9925899506,80.1990890503,27238,27250,12
12.9931697845,80.1995620728,27250,27260,10
12.9934301376,80.1998214722,27260,27270,10
12.9938097,80.2000579834,27270,27280,10
12.9945497513,80.2002792358,27280,27321,41
12.9945497513,80.2002792358,27321,27331,10
12.9948301315,80.2003631592,27331,27341,10
12.9950304031,80.2008514404,27341,27351,10
12.9950504303,80.2013778687,27351,27361,10
12.9950799942,80.2018508911,27361,27371,10
12.9950895309,80.202041626,27371,27381,10
12.9950799942,80.2024230957,27381,27391,10
12.9950399399,80.2029800415,27391,27401,10
12.9950799942,80.2033691406,27401,27412,11
12.9948997498,80.2041091919,27412,27422,10
12.9947395325,80.2047729492,27422,27432,10
12.9947595596,80.2051086426,27432,27442,10
12.9947395325,80.2053985596,27442,27452,10
12.9947099686,80.205657959,27452,27462,10
12.9946498871,80.2062606812,27462,27472,10
12.9946203232,80.2065963745,27472,27482,10
12.9946498871,80.2067489624,27482,27492,10
12.9946603775,80.20677948,27492,27502,10
12.9945402145,80.2069778442,27502,28058,556
12.9945402145,80.2069778442,28058,28068,10
12.9945001602,80.2069702148,28068,28078,10
12.9945001602,80.20677948,28078,28139,61
12.9945697784,80.2066421509,28139,28169,30
12.9945697784,80.2066421509,28169,28180,11
12.9945898056,80.2063674927,28180,28190,10
12.9946403503,80.2060089111,28190,28200,10
12.9947004318,80.2055206299,28200,28210,10
12.994720459,80.2051620483,28210,28220,10
12.9947004318,80.2048034668,28220,28230,10
12.9947795868,80.2044906616,28230,28240,10
12.9949197769,80.2039108276,28240,28250,10
12.9950504303,80.2033996582,28250,28260,10
12.9950504303,80.2030029297,28260,28270,10
12.995059967,80.2026062012,28270,28281,11
12.9951000214,80.2021179199,28281,28291,10
12.995059967,80.2016220093,28291,28301,10
12.9950199127,80.2012405396,28301,28311,10
12.9950399399,80.2009506226,28311,28321,10
12.9949998856,80.200668335,28321,28331,10
12.9947500229,80.2003631592,28331,28341,10
12.9944095612,80.200302124,28341,28392,51
12.9944095612,80.200302124,28392,28402,10
12.9942998886,80.2002487183,28402,28412,10
12.9939498901,80.2001190186,28412,28422,10
12.9935598373,80.1999435425,28422,28432,10
12.9932699203,80.1996765137,28432,28442,10
12.9929704666,80.199432373,28442,28451,9
12.9925899506,80.1991577148,28451,28461,10
12.9921197891,80.198890686,28461,28473,12
12.9915599823,80.198638916,28473,28483,10
12.9910202026,80.1985168457,28483,28493,10
12.9909200668,80.1985015869,28493,28503,10
12.9907102585,80.1984634399,28503,28513,10
12.9902095795,80.1983184814,28513,28523,10
12.9895801544,80.1981506348,28523,28533,10
12.9889001846,80.1979675293,28533,28543,10
12.9882097244,80.1977920532,28543,28553,10
12.9875297546,80.1976089478,28553,28564,11
12.9868202209,80.1974563599,28564,28574,10
12.9864797592,80.1974029541,28574,28584,10
12.9863901138,80.1973800659,28584,28594,10
12.9860496521,80.1973114014,28594,28604,10
12.9854602814,80.1972503662,28604,28614,10
12.9848003387,80.1973876953,28614,28624,10
12.9841299057,80.1971588135,28624,28634,10
12.9835500717,80.1968383789,28634,28644,10
12.9831495285,80.1965713501,28644,28654,10
12.9829797745,80.1965637207,28654,28665,11
12.9826202393,80.1968536377,28665,28675,10
12.9823503494,80.1971282959,28675,28685,10
12.9822702408,80.1971817017,28685,28695,10
12.9822397232,80.1969604492,28695,28705,10
12.9826698303,80.1965866089,28705,28715,10
12.9827804565,80.1963424683,28715,28725,10
12.9822998047,80.1960830688,28725,28735,10
12.9817199707,80.1958236694,28735,28745,10
12.9816503525,80.1957931519,28745,28762,17
12.9811601639,80.1955184937,28762,28774,12
12.9804496765,80.1951904297,28774,28784,10
12.9798297882,80.19480896,28784,28794,10
12.9792604446,80.1943969727,28794,28804,10
12.9786500931,80.1940765381,28804,28814,10
12.9776601791,80.193862915,28814,28834,20
12.9776601791,80.193862915,28834,28844,10
12.9774999619,80.1938171387,28844,28854,10
12.9770402908,80.1936798096,28854,28865,11
12.9764604568,80.1933517456,28865,28876,11
12.9760599136,80.193031311,28876,28886,10
12.975569725,80.1926727295,28886,28896,10
12.9749603271,80.1924209595,28896,28906,10
12.97453022,80.1922531128,28906,28916,10
12.9739999771,80.1920471191,28916,28926,10
12.9734201431,80.1918334961,28926,28936,10
12.9728603363,80.1915969849,28936,28946,10
12.9723596573,80.1914215088,28946,28957,11
12.9721603394,80.1913299561,28957,28967,10
12.9721002579,80.1912994385,28967,28977,10
12.971739769,80.1911468506,28977,28986,9
12.9712600708,80.1909332275,28986,28997,11
12.970870018,80.1907501221,28997,29007,10
12.9702701569,80.1905136108,29007,29017,10
12.9697599411,80.1902770996,29017,29027,10
12.9692296982,80.1900405884,29027,29037,10
12.9687995911,80.1898422241,29037,29047,10
12.9683198929,80.1895980835,29047,29058,11
12.9681196213,80.1895217896,29058,29068,10
12.9680500031,80.1895217896,29068,29078,10
12.9676904678,80.1893692017,29078,29088,10
12.9671201706,80.1891403198,29088,29098,10
12.9664802551,80.188873291,29098,29108,10
12.9659996033,80.1886901855,29108,29118,10
12.9656600952,80.1885375977,29118,29128,10
12.9652500153,80.1883392334,29128,29138,10
12.9648799896,80.1882019043,29138,29149,11
12.9648399353,80.1881866455,29149,29159,10
12.9646596909,80.1881484985,29159,29169,10
12.9641704559,80.18800354,29169,29179,10
12.9635696411,80.1878204346,29179,29189,10
12.9629497528,80.1876525879,29189,29199,10
12.9623098373,80.1875228882,29199,29209,10
12.9616498947,80.1874008179,29209,29219,10
12.9607400894,80.1872634888,29219,29290,71
12.9607400894,80.1872634888,29290,29306,16
12.9606599808,80.1872406006,29306,29318,12
12.9602003098,80.1871490479,29318,29328,10
12.9596996307,80.1871109009,29328,29338,10
12.9590597153,80.1870574951,29338,29349,11
12.9583702087,80.1870574951,29349,29358,9
12.9577503204,80.1870727539,29358,29369,11
12.9570398331,80.1870422363,29369,29379,10
12.9563798904,80.18699646,29379,29390,11
12.9558496475,80.1869506836,29390,29410,20
12.9558496475,80.1869506836,29410,29419,9
12.9557600021,80.186920166,29419,29430,11
12.955499649,80.186882019,29430,29441,11
12.955280304,80.1868515015,29441,29451,10
12.9548301697,80.1867828369,29451,29461,10
12.9541797638,80.1866836548,29461,29471,10
12.9534397125,80.1865615845,29471,29481,10
12.9526700974,80.1864471436,29481,29491,10
12.951880455,80.1862411499,29491,29501,10
12.9510803223,80.1859893799,29501,29511,10
12.950340271,80.1857376099,29511,29521,10
12.9494104385,80.1854400635,29521,29542,21
12.9494104385,80.1854400635,29542,29552,10
12.9493598938,80.1854019165,29552,29562,10
12.9489898682,80.1852874756,29562,29572,10
12.9485397339,80.1851425171,29572,29582,10
12.9479398727,80.184928894,29582,29592,10
12.9472904205,80.1845016479,29592,29602,10
12.9467601776,80.18409729,29602,29612,10
12.9467096329,80.1840591431,29612,29622,10
12.9465799332,80.1839370728,29622,29633,11
12.9461898804,80.1836395264,29633,29643,10
12.9457197189,80.1832580566,29643,29653,10
12.9451799393,80.18309021,29653,29663,10
12.9447202682,80.18309021,29663,29673,10
12.9447002411,80.18309021,29673,29683,10
12.9445199966,80.1830673218,29683,29693,10
12.9441699982,80.1830291748,29693,29703,10
12.9436903,80.1829986572,29703,29713,10
12.9430103302,80.1829833984,29713,29724,11
12.9421100616,80.1828994751,29724,29734,10
12.9413499832,80.182800293,29734,29744,10
12.9407196045,80.182800293,29744,29754,10
12.9401597977,80.1827468872,29754,29764,10
12.9395198822,80.1826171875,29764,29784,20
12.9395198822,80.1826171875,29784,29794,10
12.939450264,80.1826019287,29794,29804,10
12.9391298294,80.182510376,29804,29814,10
12.9388799667,80.1824417114,29814,29825,11
12.938369751,80.1823425293,29825,29835,10
12.9377603531,80.1822814941,29835,29845,10
12.9370603561,80.1822662354,29845,29855,10
12.9362602234,80.1823272705,29855,29865,10
12.9351997375,80.1824417114,29865,29885,20
12.9351997375,80.1824417114,29885,29895,10
12.9350404739,80.1824035645,29895,29905,10
12.9346199036,80.1822967529,29905,29915,10
12.9340295792,80.1821517944,29915,29926,11
12.9332504272,80.1819610596,29926,29936,10
12.9324102402,80.1817779541,29936,29946,10
12.9316596985,80.1816635132,29946,29956,10
12.9309396744,80.1815872192,29956,30006,50
12.9309396744,80.1815872192,30006,30017,11
12.9308099747,80.1815872192,30017,30027,10
12.930439949,80.1816329956,30027,30037,10
12.929980278,80.1817016602,30037,30047,10
12.929400444,80.1818466187,30047,30057,10
12.9287700653,80.1819915771,30057,30067,10
12.9280996323,80.1821594238,30067,30077,10
12.9274196625,80.1823120117,30077,30087,10
12.9267101288,80.1824569702,30087,30097,10
12.9260196686,80.1825790405,30097,30107,10
12.925359726,80.1827011108,30107,30118,11
12.9243402481,80.1828765869,30118,30138,20
12.9243402481,80.1828765869,30138,30148,10
12.924200058,80.1828918457,30148,30158,10
12.9238395691,80.1829681396,30158,30168,10
12.9233398438,80.1830673218,30168,30178,10
12.9227399826,80.1831588745,30178,30188,10
12.922129631,80.1834030151,30188,30198,10
12.9216003418,80.1836013794,30198,30209,11
12.9210500717,80.183807373,30209,30239,30
12.9210500717,80.183807373,30239,30249,10
12.9209699631,80.1838302612,30249,30259,10
12.9204797745,80.1839981079,30259,30269,10
12.9201402664,80.1836013794,30269,30279,10
12.9199399948,80.1827392578,30279,30310,31
12.9199399948,80.1827392578,30310,30320,10
12.9199304581,80.1826324463,30320,30330,10
12.9199104309,80.1825180054,30330,30340,10
12.9198503494,80.1824035645,30340,30350,10
12.919670105,80.1824188232,30350,30360,10
12.9194698334,80.182220459,30360,32281,1921
12.9194698334,80.182220459,32281,32291,10
12.9194698334,80.1820297241,32291,32301,10
12.9196996689,80.1819381714,32301,32321,20
12.9196996689,80.1819381714,32321,32331,10
12.919960022,80.1821594238,32331,32342,11
12.9200801849,80.1826934814,32342,32352,10
12.9202604294,80.183380127,32352,32372,20
12.9202604294,80.183380127,32372,32382,10
12.92029953,80.1835174561,32382,32392,10
12.9203796387,80.1837921143,32392,32402,10
12.9203901291,80.1838378906,32402,32412,10
12.9204797745,80.1839904785,32412,32422,10
12.9208202362,80.1838607788,32422,32433,11
12.9213600159,80.1836395264,32433,32443,10
12.9219398499,80.1834106445,32443,32453,10
12.9225502014,80.1831970215,32453,32463,10
12.9232301712,80.1830368042,32463,32473,10
12.9239196777,80.1829223633,32473,32483,10
12.9245901108,80.1827926636,32483,32493,10
12.9248199463,80.1827468872,32493,32503,10
12.9249296188,80.1827316284,32503,32513,10
12.9253396988,80.1826705933,32513,32523,10
12.9259595871,80.1825790405,32523,32534,11
12.926659584,80.1824493408,32534,32544,10
12.9273099899,80.1823272705,32544,32554,10
12.9279699326,80.182182312,32554,32564,10
12.9285802841,80.1820220947,32564,32574,10
12.9292802811,80.1818618774,32574,32584,10
12.9299602509,80.181678772,32584,32594,10
12.9306297302,80.1815032959,32594,32604,10
12.9313802719,80.1815185547,32604,32625,21
12.9313802719,80.1815185547,32625,32635,10
12.9314403534,80.1815490723,32635,32645,10
12.93171978,80.181602478,32645,32655,10
12.932220459,80.1816864014,32655,32665,10
12.9327802658,80.1817932129,32665,32675,10
12.9334001541,80.1819381714,32675,32685,10
12.9340200424,80.1821136475,32685,32695,10
12.934969902,80.1823425293,32695,32715,20
12.934969902,80.1823425293,32715,32726,11
12.9350795746,80.1823806763,32726,32735,9
12.9354600906,80.1824035645,32735,32746,11
12.936050415,80.1823501587,32746,32756,10
12.9366798401,80.1822814941,32756,32766,10
12.9373197556,80.1822509766,32766,32776,10
12.9379301071,80.182258606,32776,32786,10
12.9387702942,80.1823501587,32786,32827,41
12.9387702942,80.1823501587,32827,32837,10
12.9390096664,80.1824188232,32837,32847,10
12.9391803741,80.182472229,32847,32857,10
12.939450264,80.1825637817,32857,32867,10
12.9394798279,80.1825714111,32867,32877,10
12.9396600723,80.1826171875,32877,32887,10
12.9400901794,80.1827163696,32887,32897,10
12.9406099319,80.182762146,32897,32907,10
12.941069603,80.182762146,32907,32918,11
12.9417695999,80.1828308105,32918,32928,10
12.942489624,80.1829299927,32928,32938,10
12.9432201385,80.1829605103,32938,32948,10
12.9439001083,80.1829833984,32948,32958,10
12.9445495605,80.1829986572,32958,32988,30
12.9445495605,80.1829986572,32988,32998,10
12.9446496964,80.1830215454,32998,33008,10
12.9449996948,80.1830368042,33008,33019,11
12.9455699921,80.1830978394,33019,33029,10
12.9460496902,80.1834335327,33029,33039,10
12.9468202591,80.1840286255,33039,33059,20
12.9468202591,80.1840286255,33059,33069,10
12.9468803406,80.18409729,33069,33079,10
12.9471101761,80.1843032837,33079,33089,10
12.9474802017,80.1845779419,33089,33099,10
12.9479598999,80.1848983765,33099,33110,11
12.9487895966,80.1851806641,33110,33170,60
12.9487895966,80.1851806641,33170,33180,10
12.9490499496,80.1852722168,33180,33190,10
12.9494695663,80.1854400635,33190,33200,10
12.9499502182,80.1855926514,33200,33211,11
12.9505500793,80.185798645,33211,33221,10
12.9511804581,80.1859970093,33221,33231,10
12.9517498016,80.1861801147,33231,33241,10
12.9523496628,80.1863632202,33241,33251,10
12.9528102875,80.1864776611,33251,33261,10
12.9535398483,80.1865768433,33261,33271,10
12.954079628,80.186668396,33271,33281,10
12.9546499252,80.1867523193,33281,33291,10
12.9552297592,80.1868286133,33291,33301,10
12.9555101395,80.1868591309,33301,33312,11
12.9556598663,80.186882019,33312,33322,10
12.9560003281,80.186920166,33322,33342,20
12.9560003281,80.186920166,33342,33352,10
12.9562196732,80.186958313,33352,33362,10
12.9566402435,80.1870117188,33362,33372,10
12.9571399689,80.1870498657,33372,33382,10
12.9576501846,80.1870727539,33382,33392,10
12.9582004547,80.1870803833,33392,33403,11
12.958820343,80.1870727539,33403,33413,10
12.9592895508,80.1870880127,33413,33423,10
12.959859848,80.1871414185,33423,33433,10
12.9603595734,80.187171936,33433,33443,10
12.9609003067,80.1872634888,33443,33453,10
12.9614200592,80.1873168945,33453,33473,20
12.9614200592,80.1873168945,33473,33483,10
12.9615898132,80.1873626709,33483,33493,10
12.9619903564,80.1874389648,33493,33504,11
12.9625301361,80.1875534058,33504,33514,10
12.9630203247,80.1876373291,33514,33524,10
12.9635601044,80.1877593994,33524,33534,10
12.964099884,80.1879272461,33534,33544,10
12.9646396637,80.1880874634,33544,33554,10
12.9650096893,80.1882171631,33554,33564,10
12.9650697708,80.1882476807,33564,33574,10
12.9653301239,80.188369751,33574,33584,10
12.9655303955,80.1884536743,33584,33595,11
12.9656200409,80.1884765625,33595,33605,10
12.9658098221,80.1885604858,33605,33615,10
12.9661397934,80.1886978149,33615,33625,10
12.9665298462,80.1888580322,33625,33635,10
12.9669904709,80.1890563965,33635,33645,10
12.9674797058,80.1892471313,33645,33655,10
12.9682598114,80.1895599365,33655,33685,30
12.9682598114,80.1895599365,33685,33696,11
12.9683904648,80.1896591187,33696,33706,10
12.9686899185,80.1897964478,33706,33716,10
12.9689598083,80.1899414063,33716,33736,20
12.9689598083,80.1899414063,33736,33746,10
12.9690904617,80.1900100708,33746,33756,10
12.9694900513,80.1902008057,33756,33766,10
12.9699401855,80.1903991699,33766,33776,10
12.9702596664,80.190536499,33776,33786,10
12.9706697464,80.1907196045,33786,33797,11
12.9709701538,80.1908187866,33797,33807,10
12.9713897705,80.1910018921,33807,33817,10
12.9719800949,80.1912536621,33817,33827,10
12.9724397659,80.1914520264,33827,33847,20
12.9724397659,80.1914520264,33847,33863,16
12.9726896286,80.1915512085,33863,33875,12
12.9727497101,80.1915893555,33875,33883,8
12.9729404449,80.19165802,33883,33896,13
12.9735603333,80.1919021606,33896,33906,10
12.9742002487,80.1921386719,33906,33916,10
12.9747600555,80.1923522949,33916,33926,10
12.9752101898,80.1924972534,33926,33935,9
12.9757995605,80.192817688,33935,33946,11
12.976269722,80.1931762695,33946,33956,10
12.9768600464,80.1935806274,33956,33966,10
12.977399826,80.1937789917,33966,33976,10
12.9781398773,80.193901062,33976,33997,21
12.9781398773,80.193901062,33997,34007,10
12.9783296585,80.1939620972,34007,34017,10
12.9786996841,80.1940765381,34017,34027,10
12.9791603088,80.1943206787,34027,34037,10
12.9796495438,80.1946487427,34037,34047,10
12.9801597595,80.1949768066,34047,34057,10
12.981010437,80.1953964233,34057,34078,21
12.981010437,80.1953964233,34078,34088,10
12.9811096191,80.1954727173,34088,34098,10
12.9814195633,80.1956329346,34098,34108,10
12.9818096161,80.1958389282,34108,34118,10
12.9822301865,80.1960525513,34118,34128,10
12.9827003479,80.1962814331,34128,34138,10
12.9829597473,80.1963806152,34138,34148,10
12.9832401276,80.1962203979,34148,34158,10
12.9834403992,80.1963195801,34158,34168,10
12.9832696915,80.1964111328,34168,34178,10
12.9833402634,80.196647644,34178,34189,11
12.9839096069,80.1969985962,34189,34199,10
12.9844903946,80.197303772,34199,34209,10
12.9851703644,80.1972808838,34209,34219,10
12.9858903885,80.1972122192,34219,34229,10
12.9865598679,80.1973114014,34229,34239,10
12.9866800308,80.1973419189,34239,34249,10
12.9869003296,80.1973876953,34249,34259,10
12.9874000549,80.197517395,34259,34269,10
12.9880104065,80.1976776123,34269,34280,11
12.9887399673,80.1978912354,34280,34290,10
12.9894599915,80.198097229,34290,34300,10
12.9902200699,80.1983032227,34300,34310,10
12.9909601212,80.1984634399,34310,34320,10
12.9915895462,80.198600769,34320,34330,10
12.9917097092,80.198638916,34330,34340,10
12.9918804169,80.1987228394,34340,34350,10
12.9922199249,80.1989212036,34350,34360,10
12.9925899506,80.1991424561,34360,34371,11
12.9930200577,80.19947052,34371,34381,10
12.9934301376,80.199836731,34381,34391,10
12.9938201904,80.2000732422,34391,34401,10
12.9944896698,80.2002792358,34401,34431,30
12.9944896698,80.2002792358,34431,34441,10
12.994600296,80.2003173828,34441,34451,10
12.9947595596,80.2003631592,34451,34461,10
12.9949903488,80.2006988525,34461,34472,11
12.9950199127,80.2012329102,34472,34482,10
12.9950504303,80.2015228271,34482,34492,10
12.9950799942,80.2018814087,34492,34502,10
12.995059967,80.2024078369,34502,34512,10
12.9950304031,80.2029190063,34512,34522,10
12.9951095581,80.2031478882,34522,34532,10
12.9950895309,80.2032318115,34532,34542,10
12.9949903488,80.203742981,34542,34552,10
12.9948596954,80.204246521,34552,34562,10
12.9947595596,80.2049026489,34562,34573,11
12.9947595596,80.2054977417,34573,34583,10
12.9947004318,80.206161499,34583,34593,10
12.9946603775,80.2064590454,34593,34603,10
12.9946699142,80.2067871094,34603,34631,28
12.9946699142,80.2067871094,34631,34639,8
12.9946699142,80.2069473267,34639,34651,12
12.9948596954,80.2070007324,34651,34661,10
12.9948396683,80.2068023682,34661,36278,1617
12.9948396683,80.2068023682,36278,36288,10
12.9945297241,80.206703186,36288,36308,20
12.9945297241,80.206703186,36308,36319,11
12.9945697784,80.2065505981,36319,36329,10
12.9945802689,80.2063217163,36329,36339,10
12.9946403503,80.2059707642,36339,36349,10
12.9946699142,80.2055130005,36349,36359,10
12.9947099686,80.2051773071,36359,36369,10
12.9946899414,80.2049179077,36369,36379,10
12.9947299957,80.2046966553,36379,36389,10
12.99477005,80.204460144,36389,36399,10
12.9948196411,80.2041168213,36399,36409,10
12.9949703217,80.2036514282,36409,36420,11
12.9950799942,80.2031707764,36420,36430,10
12.995010376,80.2029800415,36430,36440,10
12.9949903488,80.20287323,36440,36450,10
12.9950399399,80.2026367188,36450,36460,10
12.9950895309,80.2022628784,36460,36470,10
12.9950895309,80.2018585205,36470,36480,10
12.995059967,80.2015380859,36480,36490,10
12.9950304031,80.2011566162,36490,36500,10
12.9950304031,80.2007980347,36500,36511,11
12.9948797226,80.2004013062,36511,36521,10
12.9948101044,80.2003326416,36521,36531,10
12.9945001602,80.200302124,36531,36541,10
12.9942798615,80.2002410889,36541,36612,71
12.9942798615,80.2002410889,36612,36622,10
12.994020462,80.2001495361,36622,36632,10
12.9937400818,80.2000732422,36632,36642,10
12.9934997559,80.1998977661,36642,36652,10
12.993180275,80.1996307373,36652,36662,10
12.9928703308,80.1993408203,36662,36672,10
12.9925203323,80.1990966797,36672,36682,10
12.9921197891,80.1988601685,36682,36692,10
12.9916296005,80.1986694336,36692,36703,11
12.9908599854,80.1984786987,36703,36723,20
12.9908599854,80.1984786987,36723,36733,10
12.9906101227,80.1984024048,36733,36743,10
12.9901599884,80.1982879639,36743,36753,10
12.989569664,80.1981277466,36753,36763,10
12.988940239,80.1979675293,36763,36773,10
12.9882898331,80.197769165,36773,36783,10
12.987660408,80.1976089478,36783,36793,10
12.9865999222,80.1973800659,36793,36834,41
12.9865999222,80.1973800659,36834,36844,10
12.9863796234,80.1973419189,36844,36854,10
12.9859304428,80.1972579956,36854,36864,10
12.9854097366,80.1972427368,36864,36874,10
12.9848604202,80.1973495483,36874,36884,10
12.984290123,80.1971969604,36884,36894,10
12.9837999344,80.1969299316,36894,36905,11
12.9832897186,80.1966400146,36905,36915,10
12.9829797745,80.1965179443,36915,36925,10
12.9827003479,80.1967468262,36925,36935,10
12.9826402664,80.1968002319,36935,36945,10
12.9824304581,80.1969833374,36945,36955,10
12.9821395874,80.197052002,36955,36965,10
12.9823598862,80.1967926025,36965,36975,10
12.9827203751,80.196472168,36975,36985,10
12.9827003479,80.1962509155,36985,36996,11
12.9822702408,80.1960372925,36996,37006,10
12.981760025,80.1958007813,37006,37016,10
12.9816598892,80.1957473755,37016,37026,10
12.9815502167,80.1956863403,37026,37036,10
12.9812202454,80.1955108643,37036,37046,10
12.9807796478,80.1952972412,37046,37056,10
12.9802703857,80.1950302124,37056,37066,10
12.9798603058,80.1948013306,37066,37076,10
12.9795398712,80.1945724487,37076,37086,10
12.9791498184,80.1943206787,37086,37097,11
12.9786396027,80.1940383911,37097,37107,10
12.978099823,80.193901062,37107,37117,10
12.9776802063,80.1938400269,37117,37127,10
12.9776697159,80.1938400269,37127,37137,10
12.9776201248,80.1938171387,37137,37147,10
12.977350235,80.1937484741,37147,37157,10
12.976940155,80.1935882568,37157,37167,10
12.9765396118,80.1933517456,37167,37177,10
12.9762096405,80.193107605,37177,37188,11
12.9757604599,80.1927871704,37188,37198,10
12.9752998352,80.1925430298,37198,37208,10
12.9748296738,80.1923675537,37208,37218,10
12.9744100571,80.1921920776,37218,37228,10
12.9739904404,80.1920166016,37228,37237,9
12.9736099243,80.1918792725,37237,37248,11
12.9732303619,80.1917419434,37248,37258,10
12.9730195999,80.19165802,37258,37268,10
12.9726800919,80.1915283203,37268,37289,21
12.9726800919,80.1915283203,37289,37299,10
12.9725103378,80.1914825439,37299,37309,10
12.9721803665,80.1913375854,37309,37329,20
12.9721803665,80.1913375854,37329,37339,10
12.9719800949,80.1912612915,37339,37349,10
12.9717798233,80.1911468506,37349,37359,10
12.9714603424,80.1910095215,37359,37369,10
12.9711103439,80.1908493042,37369,37379,10
12.9708003998,80.1907196045,37379,37390,11
12.9702100754,80.1904983521,37390,37400,10
12.9696998596,80.1902389526,37400,37410,10
12.96916008,80.1900024414,37410,37420,10
12.9687404633,80.1897964478,37420,37430,10
12.9680700302,80.1894989014,37430,37450,20
12.9680700302,80.1894989014,37450,37460,10
12.9678497314,80.1893997192,37460,37470,10
12.9673299789,80.1891708374,37470,37481,11
12.9667196274,80.1889266968,37481,37491,10
12.9663000107,80.1887588501,37491,37501,10
12.9660596848,80.188659668,37501,37511,10
12.965669632,80.1884994507,37511,37521,10
12.965180397,80.1883010864,37521,37531,10
12.9648399353,80.1882019043,37531,37541,10
12.9648303986,80.1882019043,37541,37551,10
12.9646596909,80.1881408691,37551,37561,10
12.9642496109,80.18800354,37561,37571,10
12.9637804031,80.1878509521,37571,37582,11
12.9633197784,80.1877212524,37582,37598,16
12.9623203278,80.1875228882,37598,37610,12
12.961520195,80.1873626709,37610,37620,10
12.9610004425,80.1872711182,37620,37630,10
12.9607696533,80.18724823,37630,37640,10
12.9606103897,80.1872406006,37640,37650,10
12.9601697922,80.1871795654,37650,37660,10
12.959690094,80.1871185303,37660,37670,10
12.9589796066,80.1870574951,37670,37680,10
12.9582004547,80.1870422363,37680,37691,11
12.9575796127,80.1870498657,37691,37701,10
12.9571304321,80.1870422363,37701,37710,9
12.9566297531,80.1870193481,37710,37721,11
12.9559402466,80.1870117188,37721,37740,19
12.9559402466,80.1870117188,37740,37751,11
12.9558601379,80.1869735718,37751,37761,10
12.9556903839,80.1869277954,37761,37772,11
12.9555702209,80.1869125366,37772,37782,10
12.9553003311,80.1868591309,37782,37792,10
12.9547300339,80.1867828369,37792,37802,10
12.9539804459,80.186668396,37802,37812,10
12.9531002045,80.1865615845,37812,37822,10
12.9522199631,80.1863708496,37822,37832,10
12.9512901306,80.186088562,37832,37842,10
12.950340271,80.1857681274,37842,37852,10
12.9495897293,80.1855392456,37852,37873,21
12.9495897293,80.1855392456,37873,37883,10
12.949259758,80.1854095459,37883,37893,10
12.9486999512,80.1851882935,37893,37903,10
12.948220253,80.185043335,37903,37913,10
12.9476203918,80.1847229004,37913,37923,10
12.9470396042,80.1843032837,37923,37933,10
12.9467096329,80.1840362549,37933,37943,10
12.9467096329,80.1840286255,37943,37953,10
12.9464797974,80.1838226318,37953,37964,11
12.9459199905,80.1834030151,37964,37974,10
12.9446201324,80.1830673218,37974,37994,20
12.9446201324,80.1830673218,37994,38004,10
12.9443302155,80.183052063,38004,38014,10
12.9437303543,80.1829986572,38014,38024,10
12.9429798126,80.1829681396,38024,38034,10
12.9420795441,80.1828918457,38034,38044,10
12.9412298203,80.1827774048,38044,38054,10
12.9406003952,80.182762146,38054,38065,11
12.9395999908,80.1826171875,38065,38095,30
12.9395999908,80.1826171875,38095,38105,10
12.9392995834,80.1825408936,38105,38115,10
12.9389295578,80.1824417114,38115,38125,10
12.9385404587,80.1823501587,38125,38135,10
12.9378700256,80.1822662354,38135,38145,10
12.9370603561,80.182258606,38145,38155,10
12.9362001419,80.1823272705,38155,38166,11
12.9352502823,80.1824417114,38166,38185,19
12.9352502823,80.1824417114,38185,38196,11
12.9348602295,80.1823501587,38196,38206,10
12.9342403412,80.1822128296,38206,38216,10
12.9334602356,80.1819992065,38216,38226,10
12.9326200485,80.1818008423,38226,38236,10
12.9318199158,80.181678772,38236,38246,10
12.9310703278,80.1816101074,38246,38257,11
12.9309797287,80.181602478,38257,38267,10
12.9308099747,80.1815795898,38267,38277,10
12.9302597046,80.1816329956,38277,38287,10
12.9295301437,80.1818084717,38287,38297,10
12.9286203384,80.1820297241,38297,38307,10
12.9277801514,80.1822280884,38307,38317,10
12.9269199371,80.1824111938,38317,38327,10
12.9260597229,80.1825790405,38327,38337,10
12.925239563,80.1827163696,38337,38347,10
12.9245004654,80.1828384399,38347,38358,11
12.9237203598,80.1829833984,38358,38368,10
12.9229001999,80.1831207275,38368,38378,10
12.9220895767,80.1833724976,38378,38388,10
12.9214200974,80.1836395264,38388,38398,10
12.9207401276,80.183921814,38398,38438,40
12.9207401276,80.183921814,38438,38448,10
12.9205999374,80.1839828491,38448,38459,11
12.9201803207,80.1837921143,38459,38469,10
12.920009613,80.1830291748,38469,38479,10
12.9198999405,80.1825714111,38479,38489,10
12.9198999405,80.1825408936,38489,38499,10
12.919839859,80.1823806763,38499,38509,10
12.9196195602,80.1823883057,38509,38519,10
12.9194402695,80.1821212769,38519,39408,889
12.9194402695,80.1821212769,39408,39418,10
12.9195604324,80.1820068359,39418,39429,11
12.9196901321,80.1819915771,39429,39439,10
12.9198598862,80.1820220947,39439,39449,10
12.9199695587,80.1823196411,39449,39459,10
12.9200601578,80.1827087402,39459,39469,10
12.9202404022,80.183380127,39469,39580,111
12.9202804565,80.1836013794,39580,39600,20
12.9202804565,80.1836013794,39600,39610,10
12.9203300476,80.1838912964,39610,39621,11
12.9205799103,80.1839599609,39621,39631,10
12.9209098816,80.1838378906,39631,39641,10
12.9210700989,80.1837615967,39641,39651,10
12.9214200974,80.1836013794,39651,39661,10
12.9219503403,80.1834030151,39661,39671,10
12.9225797653,80.1831817627,39671,39681,10
12.9232797623,80.1830215454,39681,39691,10
12.9239902496,80.1828765869,39691,39701,10
12.9246702194,80.1827468872,39701,39711,10
12.9248399734,80.1827316284,39711,39722,11
12.9252595901,80.1826629639,39722,39732,10
12.925860405,80.1825637817,39732,39742,10
12.9265403748,80.1824188232,39742,39752,10
12.9272403717,80.1822891235,39752,39762,10
12.9279899597,80.1821212769,39762,39772,10
12.9287796021,80.1819381714,39772,39782,10
12.9295396805,80.1817474365,39782,39792,10
12.930270195,80.1815490723,39792,39802,10
12.931429863,80.1815032959,39802,39823,21
12.931429863,80.1815032959,39823,39833,10
12.9315395355,80.1815338135,39833,39843,10
12.9319295883,80.1816101074,39843,39853,10
12.9325704575,80.1817169189,39853,39863,10
12.9333295822,80.181892395,39863,39873,10
12.9340896606,80.1820831299,39873,39883,10
12.9348297119,80.1822662354,39883,39893,10
12.9350500107,80.1823120117,39893,39903,10
12.9350700378,80.1823272705,39903,39914,11
12.9354600906,80.1823806763,39914,39924,10
12.936050415,80.1823196411,39924,39934,10
12.936750412,80.1822509766,39934,39944,10
12.9373903275,80.1822280884,39944,39954,10
12.938079834,80.1822433472,39954,39964,10
12.9387598038,80.1823272705,39964,40025,61
12.9387598038,80.1823272705,40025,40035,10
12.9389400482,80.1823883057,40035,40055,20
12.9389400482,80.1823883057,40055,40065,10
12.9391899109,80.1824493408,40065,40075,10
12.9392795563,80.1824798584,40075,40085,10
12.9393997192,80.1825180054,40085,40095,10
12.9397602081,80.1826171875,40095,40105,10
12.940369606,80.1827163696,40105,40116,11
12.9411201477,80.1827316284,40116,40126,10
12.9418401718,80.1828079224,40126,40136,10
12.9425802231,80.1829071045,40136,40146,10
12.9433603287,80.1829376221,40146,40156,10
12.9446001053,80.1829605103,40156,40176,20
12.9446001053,80.1829605103,40176,40186,10
12.9446296692,80.1829833984,40186,40196,10
12.9449596405,80.1829986572,40196,40207,11
12.9455900192,80.1830978394,40207,40217,10
12.9462003708,80.1835403442,40217,40227,10
12.9467601776,80.1839523315,40227,40237,10
12.9468097687,80.1839904785,40237,40247,10
12.9468202591,80.1840209961,40247,40257,10
12.947019577,80.1841888428,40257,40267,10
12.9474802017,80.1845321655,40267,40277,10
12.9481201172,80.184928894,40277,40287,10
12.9487600327,80.1851425171,40287,40338,51
12.9487600327,80.1851425171,40338,40348,10
12.9487895966,80.1851730347,40348,40358,10
12.9491596222,80.1852798462,40358,40368,10
12.9497499466,80.1854782104,40368,40378,10
12.9504203796,80.1856994629,40378,40388,10
12.9511404037,80.1859436035,40388,40399,11
12.9519996643,80.1862106323,40399,40409,10
12.9527797699,80.186416626,40409,40419,10
12.9534702301,80.1865081787,40419,40429,10
12.954079628,80.1866226196,40429,40439,10
12.95470047,80.186706543,40439,40449,10
12.9553098679,80.1867904663,40449,40459,10
12.9555501938,80.1868209839,40459,40469,10
12.9556798935,80.1868515015,40469,40479,10
12.9560003281,80.1868667603,40479,40489,10
12.9560899734,80.186882019,40489,40500,11
12.9561595917,80.1868896484,40500,40510,10
12.9565296173,80.1869430542,40510,40520,10
12.9570703506,80.1869888306,40520,40530,10
12.9576501846,80.1870117188,40530,40540,10
12.9582395554,80.18699646,40540,40550,10
12.9588603973,80.1870193481,40550,40560,10
12.9593095779,80.1870422363,40560,40570,10
12.9597997665,80.1870803833,40570,40580,10
12.9603395462,80.1871109009,40580,40590,10
12.9609603882,80.1872177124,40590,40601,11
12.961520195,80.1873016357,40601,40611,10
12.9615402222,80.1873016357,40611,40621,10
12.9618396759,80.1873626709,40621,40631,10
12.9623003006,80.1874465942,40631,40641,10
12.9628295898,80.1875686646,40641,40651,10
12.9633998871,80.1876907349,40651,40661,10
12.9640398026,80.1878890991,40661,40671,10
12.9646997452,80.188079834,40671,40681,10
12.9655599594,80.1884002686,40681,40702,21
12.9655599594,80.1884002686,40702,40712,10
12.9658203125,80.1884994507,40712,40722,10
12.9662904739,80.1886978149,40722,40732,10
12.9668998718,80.1889572144,40732,40742,10
12.967590332,80.1892471313,40742,40752,10
12.9682798386,80.1895217896,40752,40772,20
12.9682798386,80.1895217896,40772,40782,10
12.9684000015,80.1895980835,40782,40793,11
12.9687795639,80.189781189,40793,40803,10
12.9692201614,80.1899795532,40803,40813,10
12.9696998596,80.1902236938,40813,40823,10
12.9701404572,80.1904296875,40823,40833,10
12.9705295563,80.1905822754,40833,40843,10
12.9708995819,80.1907501221,40843,40853,10
12.9712696075,80.1908798218,40853,40863,10
12.9718103409,80.191116333,40863,40873,10
12.9722900391,80.1913299561,40873,40883,10
12.9726896286,80.1915130615,40883,40894,11
12.972700119,80.1915206909,40894,40904,10
12.9728002548,80.1915664673,40904,40914,10
12.9731397629,80.1916809082,40914,40924,10
12.9735097885,80.1918029785,40924,40934,10
12.9740600586,80.1920166016,40934,40944,10
12.9745903015,80.192199707,40944,40954,10
12.975110054,80.1923828125,40954,40964,10
12.9756803513,80.1926803589,40964,40974,10
12.9761295319,80.193031311,40974,40985,11
12.9765996933,80.1933364868,40985,40995,10
12.9771604538,80.1936416626,40995,41005,10
12.9776096344,80.1937713623,41005,41015,10
12.9780197144,80.1938476563,41015,41025,10
12.9781703949,80.1938705444,41025,41035,10
12.9782400131,80.1938781738,41035,41045,10
12.9785995483,80.1940002441,41045,41055,10
12.9790697098,80.1942214966,41055,41065,10
12.9795703888,80.1945495605,41065,41075,10
12.9800596237,80.1948623657,41075,41086,11
12.9810400009,80.1953735352,41086,41106,20
12.9810400009,80.1953735352,41106,41116,10
12.9811496735,80.1954803467,41116,41126,10
12.9814996719,80.195640564,41126,41136,10
12.982000351,80.1958999634,41136,41146,10
12.9825801849,80.196182251,41146,41156,10
12.982919693,80.1963500977,41156,41166,10
12.9832897186,80.196182251,41166,41176,10
12.9833202362,80.1963806152,41176,41187,11
12.9832296371,80.1965789795,41187,41197,10
12.9835996628,80.1967926025,41197,41207,10
12.9841899872,80.1971282959,41207,41217,10
12.9849796295,80.1973266602,41217,41227,10
12.9858903885,80.1971969604,41227,41237,10
12.9866504669,80.1973419189,41237,41247,10
12.9873199463,80.197479248,41247,41257,10
12.987449646,80.197517395,41257,41273,16
12.9879999161,80.1976623535,41273,41286,13
12.9889001846,80.1979217529,41286,41296,10
12.9895801544,80.198097229,41296,41306,10
12.9907302856,80.1984024048,41306,41316,10
12.9917402267,80.198638916,41316,41335,19
12.9917402267,80.198638916,41335,41347,12
12.9919996262,80.1987533569,41347,41357,10
12.9923601151,80.1989212036,41357,41367,10
12.9927301407,80.1991577148,41367,41378,11
12.9931602478,80.1995620728,41378,41388,10
12.9934997559,80.1998519897,41388,41398,10
12.9940004349,80.200050354,41398,41408,10
12.9945802689,80.2002029419,41408,41458,50
12.9945802689,80.2002029419,41458,41469,11
12.9949598312,80.2005233765,41469,41479,10
12.9950399399,80.2009887695,41479,41489,10
12.995059967,80.2014465332,41489,41499,10
12.9950799942,80.2017593384,41499,41509,10
12.9951000214,80.2021636963,41509,41519,10
12.9950504303,80.2026596069,41519,41529,10
12.9951095581,80.2030487061,41529,41539,10
12.9950199127,80.2035903931,41539,41549,10
12.9948396683,80.2042694092,41549,41559,10
12.9946899414,80.2049331665,41559,41570,11
12.9947099686,80.2054824829,41570,41580,10
12.9946498871,80.2061233521,41580,41590,10
12.9945898056,80.2065734863,41590,41600,10
12.9945802689,80.2068328857,41600,41620,20
12.9945802689,80.2068328857,41620,41630,10
12.9946804047,80.206993103,41630,41640,10
12.9948701859,80.2069091797,41640,41650,10
12.9947004318,80.2067871094,41650,42570,920
12.9947004318,80.2067871094,42570,42580,10
12.9945001602,80.2066116333,42580,42600,20
12.9945001602,80.2066116333,42600,42610,10
12.9945602417,80.2063369751,42610,42620,10
12.9946203232,80.2059020996,42620,42630,10
12.9946899414,80.2053604126,42630,42641,11
12.9946899414,80.2048568726,42641,42651,10
12.9947395325,80.2046279907,42651,42661,10
12.9948396683,80.2042007446,42661,42671,10
12.9949598312,80.203742981,42671,42681,10
12.9950704575,80.2032089233,42681,42691,10
12.9950399399,80.2030029297,42691,42701,10
12.9950799942,80.202583313,42701,42711,10
12.9950799942,80.2020797729,42711,42721,10
12.9950199127,80.2016067505,42721,42731,10
12.9950199127,80.2010879517,42731,42742,11
12.9949398041,80.2005615234,42742,42752,10
12.9947395325,80.2003631592,42752,42762,10
12.9946603775,80.200340271,42762,42772,10
12.9943504333,80.200302124,42772,42900,128
12.9943504333,80.200302124,42900,42910,10
12.994099617,80.2001266479,42910,42921,11
12.993639946,80.200012207,42921,42932,11
12.9933395386,80.1997909546,42932,42942,10
12.9933099747,80.199760437,42942,42952,10
12.9931201935,80.1995773315,42952,42962,10
12.9927196503,80.1992797852,42962,42972,10
12.9921798706,80.1989822388,42972,42982,10
12.9915304184,80.1986923218,42982,42992,10
12.9909200668,80.1985321045,42992,43002,10
12.9908504486,80.1985015869,43002,43012,10
12.9906597137,80.1984405518,43012,43022,10
12.9901599884,80.1983032227,43022,43033,11
12.9893798828,80.1980895996,43033,43043,10
12.9885797501,80.1978683472,43043,43053,10
12.9877996445,80.1976394653,43053,43063,10
12.986989975,80.1974563599,43063,43073,10
12.9866304398,80.1973800659,43073,43083,10
12.9865598679,80.1973419189,43083,43093,10
12.9861497879,80.1972579956,43093,43109,16
12.9850797653,80.1972885132,43109,43121,12
12.9841499329,80.1971282959,43121,43132,11
12.9833803177,80.1966934204,43132,43141,9
12.9829998016,80.1964797974,43141,43151,10
12.9826402664,80.1967926025,43151,43162,11
12.9822397232,80.1970977783,43162,43172,10
12.9823198318,80.1968383789,43172,43182,10
12.9827098846,80.1965179443,43182,43192,10
12.9827604294,80.1963195801,43192,43201,9
12.9823999405,80.1960983276,43201,43211,10
12.9816503525,80.1957778931,43211,43233,22
12.9816503525,80.1957778931,43233,43243,10
12.9813699722,80.195640564,43243,43253,10
12.9809303284,80.1954269409,43253,43263,10
12.980340004,80.1951370239,43263,43273,10
12.9797096252,80.1947631836,43273,43283,10
12.9791603088,80.1943511963,43283,43293,10
12.9786500931,80.1940765381,43293,43303,10
12.9780597687,80.1939163208,43303,43313,10
12.9776601791,80.1938400269,43313,43324,11
12.9776201248,80.1938323975,43324,43334,10
12.9773197174,80.1937637329,43334,43344,10
12.9768199921,80.1935501099,43344,43354,10
12.9763202667,80.1932067871,43354,43364,10
12.9759597778,80.1929168701,43364,43374,10
12.9754104614,80.1925811768,43374,43384,10
12.974820137,80.1923828125,43384,43394,10
12.9744100571,80.1922073364,43394,43404,10
12.9738702774,80.1919784546,43404,43414,10
12.9732503891,80.1917572021,43414,43425,11
12.9722003937,80.1913375854,43425,43445,20
12.9722003937,80.1913375854,43445,43455,10
12.9720897675,80.1912536621,43455,43465,10
12.9716501236,80.191078186,43465,43475,10
12.9711198807,80.1908798218,43475,43485,10
12.9707202911,80.1906814575,43485,43495,10
12.9701299667,80.1904373169,43495,43505,10
12.9695301056,80.1901626587,43505,43516,11
12.968919754,80.1899032593,43516,43526,10
12.968079567,80.1894989014,43526,43546,20
12.968079567,80.1894989014,43546,43556,10
12.9679002762,80.1894378662,43556,43566,10
12.9674701691,80.189239502,43566,43576,10
12.9668998718,80.1890335083,43576,43586,10
12.9663200378,80.1888198853,43586,43596,10
12.9659795761,80.1886825562,43596,43606,10
12.9657297134,80.1885528564,43606,43617,11
12.965470314,80.1884231567,43617,43633,16
12.9649200439,80.1882019043,43633,43655,22
12.9649200439,80.1882019043,43655,43664,9
12.9646997452,80.1881484985,43664,43675,11
12.9641399384,80.1879577637,43675,43685,10
12.9635095596,80.1877975464,43685,43695,10
12.9629201889,80.1876525879,43695,43705,10
12.9623003006,80.1875228882,43705,43716,11
12.9619398117,80.1874237061,43716,43728,12
12.9613800049,80.1873168945,43728,43738,10
12.9609298706,80.1872406006,43738,43748,10
12.9608802795,80.18724823,43748,43758,10
12.9606800079,80.18724823,43758,43768,10
12.9602804184,80.1871795654,43768,43778,10
12.9597702026,80.1871337891,43778,43788,10
12.9591798782,80.1870803833,43788,43798,10
12.9586000443,80.1870269775,43798,43809,11
12.9580802917,80.1870269775,43809,43819,10
12.95773983,80.1870498657,43819,43829,10
12.9573001862,80.1870422363,43829,43839,10
12.9567203522,80.18699646,43839,43849,10
12.9558401108,80.1869430542,43849,43879,30
12.9558401108,80.1869430542,43879,43889,10
12.9556798935,80.1868667603,43889,43899,10
12.9554195404,80.1868286133,43899,43910,11
12.954750061,80.1867370605,43910,43920,10
12.9539699554,80.1866378784,43920,43930,10
12.9530696869,80.1865234375,43930,43940,10
12.952050209,80.1862716675,43940,43950,10
12.9511604309,80.1859970093,43950,43960,10
12.9502601624,80.1856994629,43960,43970,10
12.9492101669,80.1854019165,43970,43990,20
12.9492101669,80.1854019165,43990,44000,10
12.9491100311,80.1853790283,44000,44011,11
12.9487600327,80.1852416992,44011,44021,10
12.9482698441,80.1850662231,44021,44031,10
12.9476203918,80.1847381592,44031,44041,10
12.946969986,80.1842575073,44041,44051,10
12.9466600418,80.1840209961,44051,44061,10
12.9465799332,80.1839599609,44061,44071,10
12.9462099075,80.1836471558,44071,44081,10
12.945690155,80.1832275391,44081,44091,10
12.9445896149,80.1830825806,44091,44112,21
12.9445896149,80.1830825806,44112,44122,10
12.9442796707,80.1830596924,44122,44132,10
12.9436903,80.1830062866,44132,44142,10
12.9429702759,80.1829833984,44142,44152,10
12.9421100616,80.1828918457,44152,44162,10
12.9412698746,80.1828079224,44162,44172,10
12.940489769,80.1827774048,44172,44182,10
12.9395399094,80.1826171875,44182,44213,31
12.9395399094,80.1826171875,44213,44223,10
12.9392900467,80.1825332642,44223,44233,10
12.9388999939,80.1824188232,44233,44243,10
12.9383497238,80.1823196411,44243,44253,10
12.9375801086,80.1822509766,44253,44263,10
12.9366102219,80.1822662354,44263,44273,10
12.9356803894,80.1823806763,44273,44283,10
12.9352397919,80.1824188232,44283,44293,10
12.9351902008,80.1824188232,44293,44304,11
12.9347600937,80.1823120117,44304,44314,10
12.9340801239,80.1821365356,44314,44324,10
12.9331903458,80.1819000244,44324,44334,10
12.9322099686,80.1817092896,44334,44344,10
12.9308900833,80.1815795898,44344,44364,20
12.9308900833,80.1815795898,44364,44374,10
12.9305496216,80.1815795898,44374,44384,10
12.9299001694,80.1817092896,44384,44394,10
12.9290399551,80.181930542,44394,44405,11
12.9280195236,80.182182312,44405,44415,10
12.9269695282,80.1824111938,44415,44425,10
12.9259395599,80.1826019287,44425,44435,10
12.9249801636,80.1827774048,44435,44445,10
12.9241104126,80.1829223633,44445,44455,10
12.9232997894,80.1830673218,44455,44465,10
12.9225797653,80.1831970215,44465,44475,10
12.921500206,80.1836166382,44475,44506,31
12.921500206,80.1836166382,44506,44516,10
12.9212903976,80.1836700439,44516,44526,10
12.9207601547,80.1839065552,44526,44597,71
12.9207601547,80.1839065552,44597,44607,10
12.9204301834,80.1840591431,44607,44617,10
12.9201602936,80.1834793091,44617,44627,10
12.9199800491,80.1827163696,44627,44637,10
12.9199199677,80.1824874878,44637,44647,10
12.9198598862,80.1824035645,44647,44657,10
12.9196395874,80.1824264526,44657,44667,10
12.9195098877,80.182182312,44667,45051,384
12.9195098877,80.182182312,45051,45061,10
12.9196395874,80.181968689,45061,45071,10
12.919670105,80.181968689,45071,45082,11
12.9199304581,80.1820373535,45082,45092,10
12.9200201035,80.1825180054,45092,45102,10
12.920129776,80.1830062866,45102,45112,10
12.9202404022,80.1834106445,45112,45132,20
12.9202404022,80.1834106445,45132,45142,10
12.9202804565,80.1836471558,45142,45152,10
12.9203996658,80.1839599609,45152,45162,10
12.9207801819,80.1838302612,45162,45172,10
12.9213104248,80.1836166382,45172,45183,11
12.9219303131,80.183380127,45183,45193,10
12.922539711,80.1831512451,45193,45203,10
12.9230804443,80.183052063,45203,45213,10
12.9236803055,80.1829376221,45213,45223,10
12.9243803024,80.1828079224,45223,45233,10
12.9251203537,80.1827011108,45233,45243,10
12.9258203506,80.1825714111,45243,45253,10
12.9264602661,80.1824493408,45253,45263,10
12.9272203445,80.1822891235,45263,45273,10
12.9279098511,80.1821517944,45273,45284,11
12.9286899567,80.1819610596,45284,45300,16
12.9298400879,80.1816711426,45300,45312,12
12.9307203293,80.1814575195,45312,45322,10
12.931429863,80.1815338135,45322,45342,20
12.931429863,80.1815338135,45342,45352,10
12.9316997528,80.181602478,45352,45362,10
12.9322595596,80.1816864014,45362,45372,10
12.9328804016,80.1818084717,45372,45383,11
12.9337301254,80.1820297241,45383,45393,10
12.9344701767,80.1822128296,45393,45403,10
12.9349498749,80.1823272705,45403,45413,10
12.9349603653,80.1823272705,45413,45423,10
12.9351396561,80.1823883057,45423,45433,10
12.9356298447,80.1824035645,45433,45443,10
12.9362201691,80.1823120117,45443,45453,10
12.936920166,80.1822509766,45453,45463,10
12.9376497269,80.1822433472,45463,45474,11
12.9388799667,80.1823806763,45474,45524,50
12.9388799667,80.1823806763,45524,45534,10
12.9390497208,80.1824493408,45534,45544,10
12.9393501282,80.1825485229,45544,45554,10
12.9398097992,80.1826705933,45554,45564,10
12.940369606,80.182762146,45564,45575,11
12.9410495758,80.182762146,45575,45585,10
12.9417600632,80.1828308105,45585,45595,10
12.9425096512,80.1829223633,45595,45605,10
12.9432601929,80.1829376221,45605,45615,10
12.9440097809,80.1829681396,45615,45625,10
12.9445800781,80.1829910278,45625,45635,10
12.9446201324,80.1829910278,45635,45645,10
12.9446897507,80.1829986572,45645,45655,10
12.9450397491,80.1830215454,45655,45665,10
12.9455795288,80.1831207275,45665,45676,11
12.9459600449,80.183380127,45676,45686,10
12.9467601776,80.1839675903,45686,45716,30
12.9467601776,80.1839675903,45716,45726,10
12.9467802048,80.1840209961,45726,45736,10
12.9470300674,80.1842193604,45736,45746,10
12.9474601746,80.1845626831,45746,45756,10
12.9480495453,80.184928894,45756,45767,11
12.9489002228,80.1852035522,45767,45857,90
12.9489002228,80.1852035522,45857,45868,11
12.9491195679,80.1852798462,45868,45878,10
12.9495697021,80.1854400635,45878,45888,10
12.9501695633,80.1856307983,45888,45898,10
12.9508495331,80.1858596802,45898,45908,10
12.9515399933,80.1860961914,45908,45918,10
12.9522304535,80.1863021851,45918,45928,10
12.9529304504,80.1864776611,45928,45938,10
12.9536304474,80.1865692139,45938,45948,10
12.9543199539,80.1866836548,45948,45959,11
12.9550800323,80.1867904663,45959,45969,10
12.9555902481,80.1868591309,45969,45979,10
12.9560403824,80.1868972778,45979,46009,30
12.9560403824,80.1868972778,46009,46019,10
12.956319809,80.1869277954,46019,46029,10
12.9567804337,80.1869888306,46029,46039,10
12.9573001862,80.1870193481,46039,46049,10
12.957859993,80.1870193481,46049,46060,11
12.9585599899,80.1870193481,46060,46070,10
12.9591503143,80.1870574951,46070,46080,10
12.9597501755,80.1871032715,46080,46090,10
12.9603099823,80.1871337891,46090,46100,10
12.9608201981,80.187210083,46100,46109,9
12.9612998962,80.1872787476,46109,46120,11
12.9614601135,80.1873016357,46120,46130,10
12.9615402222,80.1873321533,46130,46140,10
12.9618997574,80.1874008179,46140,46150,10
12.9624700546,80.1875228882,46150,46161,11
12.9631700516,80.1876602173,46161,46171,10
12.9638299942,80.1878433228,46171,46181,10
12.9644804001,80.1880264282,46181,46191,10
12.9650201797,80.1882095337,46191,46201,10
12.9655399323,80.1884002686,46201,46231,30
12.9655399323,80.1884002686,46231,46241,10
12.9658203125,80.1885299683,46241,46251,10
12.9662303925,80.1886978149,46251,46262,11
12.9667701721,80.1889190674,46262,46272,10
12.9673595428,80.189163208,46272,46288,16
12.968290329,80.1895599365,46288,46330,42
12.968290329,80.1895599365,46330,46340,10
12.9685001373,80.1897125244,46340,46350,10
12.9688596725,80.1898727417,46350,46361,11
12.969209671,80.190032959,46361,46371,10
12.9694795609,80.1901626587,46371,46381,10
12.9699802399,80.1903915405,46381,46391,10
12.9704904556,80.190612793,46391,46401,10
12.9708995819,80.1907730103,46401,46411,10
12.9712696075,80.1909332275,46411,46421,10
12.9717502594,80.1911468506,46421,46431,10
12.9722995758,80.1913909912,46431,46441,10
12.9726896286,80.1915435791,46441,46452,11
12.9727201462,80.1915512085,46452,46462,10
12.9727497101,80.1915664673,46462,46472,10
12.9730701447,80.1916885376,46472,46482,10
12.9736604691,80.1919021606,46482,46492,10
12.9742698669,80.1921234131,46492,46502,10
12.9748897552,80.1923522949,46502,46512,10
12.9754295349,80.1925811768,46512,46522,10
12.9759702682,80.1929168701,46522,46532,10
12.9764795303,80.1933135986,46532,46543,11
12.9769897461,80.1936187744,46543,46553,10
12.9773302078,80.1937332153,46553,46563,10
12.9776296616,80.1937866211,46563,46573,10
12.9781703949,80.1938781738,46573,46593,20
12.9781703949,80.1938781738,46593,46603,10
12.9783401489,80.1939315796,46603,46613,10
12.9787597656,80.1940765381,46613,46623,10
12.9793195724,80.1943817139,46623,46633,10
12.9798603058,80.194770813,46633,46644,11
12.9804801941,80.1951293945,46644,46654,10
12.9809904099,80.1953735352,46654,46664,10
12.981010437,80.1953811646,46664,46674,10
12.9810600281,80.1954498291,46674,46684,10
12.9813604355,80.1955871582,46684,46694,10
12.9816999435,80.1957778931,46694,46704,10
12.9821901321,80.1960220337,46704,46714,10
12.9827404022,80.1962966919,46714,46724,10
12.9829702377,80.1963272095,46724,46734,10
12.9833498001,80.1961669922,46734,46745,11
12.9833202362,80.1964035034,46745,46755,10
12.9832296371,80.1965866089,46755,46765,10
12.9836902618,80.1968612671,46765,46775,10
12.9842996597,80.1972198486,46775,46785,10
12.9850502014,80.1972808838,46785,46795,10
12.9858598709,80.1971893311,46795,46805,10
12.9865398407,80.197303772,46805,46815,10
12.9865703583,80.197303772,46815,46825,10
12.9868001938,80.1973724365,46825,46835,10
12.9873199463,80.1974868774,46835,46846,11
12.9880800247,80.1976928711,46846,46856,10
12.9888601303,80.1979064941,46856,46866,10
12.9897003174,80.1981430054,46866,46876,10
12.9905796051,80.1983566284,46876,46886,10
12.9914102554,80.1985397339,46886,46896,10
12.9917297363,80.1986465454,46896,46906,10
12.9917802811,80.1986618042,46906,46916,10
12.9920902252,80.1988220215,46916,46927,11
12.9926204681,80.1991424561,46927,46937,10
12.9930295944,80.1994781494,46937,46947,10
12.9933204651,80.1997909546,46947,46957,10
12.9937400818,80.2000274658,46957,46967,10
12.99421978,80.2001876831,46967,46977,10
12.994600296,80.2002410889,46977,47017,40
12.994600296,80.2002410889,47017,47028,11
12.99477005,80.200340271,47028,47038,10
12.9949598312,80.2006225586,47038,47048,10
12.9949703217,80.2006912231,47048,47058,10
12.9949798584,80.2007293701,47058,47068,10
12.9949703217,80.2010574341,47068,47078,10
12.9949502945,80.2012863159,47078,47088,10
12.9949998856,80.2018814087,47088,47098,10
12.9949903488,80.2025680542,47098,47108,10
12.9950304031,80.2030410767,47108,47118,10
12.9949102402,80.2036209106,47118,47129,11
12.9947299957,80.2043228149,47129,47139,10
12.9946203232,80.2049179077,47139,47149,10
12.9946804047,80.2052307129,47149,47159,10
12.994600296,80.2057418823,47159,47169,10
12.9945497513,80.2064285278,47169,47199,30
12.9945497513,80.2064285278,47199,47209,10
12.99477005,80.2066192627,47209,47230,21
12.99477005,80.2066192627,47230,47240,10
12.9950199127,80.2066802979,47240,47250,10
12.9954595566,80.2067565918,47250,47260,10
12.9958496094,80.2068405151,47260,47270,10
12.9961204529,80.2069091797,47270,47280,10
12.9964704514,80.206993103,47280,47290,10
12.9970302582,80.2071228027,47290,47300,10
12.9976596832,80.2072296143,47300,47310,10
12.9980096817,80.2073135376,47310,47320,10
12.9983701706,80.2073898315,47320,47331,11
12.9986200333,80.2074508667,47331,47341,10
12.9989404678,80.2075119019,47341,47351,10
12.999250412,80.2075424194,47351,47361,10
12.9997997284,80.2076797485,47361,47371,10
13.0002202988,80.2077407837,47371,47381,10
13.0005998611,80.2078475952,47381,47391,10
13.0010595322,80.2080688477,47391,47401,10
13.0016202927,80.2083435059,47401,47411,10
13.0021400452,80.2086105347,47411,47422,11
13.0028095245,80.2089614868,47422,47432,10
13.0033998489,80.2092590332,47432,47442,10
13.0034599304,80.2096405029,47442,47452,10
13.0035600662,80.2101211548,47452,47462,10
13.0036296844,80.2106323242,47462,47472,10
13.0036897659,80.2111816406,47472,47482,10
13.0040302277,80.2119903564,47482,47502,20
13.0040302277,80.2119903564,47502,47513,11
13.0041999817,80.2120895386,47513,47523,10
13.0045995712,80.2122802734,47523,47533,10
13.0050401688,80.2125473022,47533,47543,10
13.0055999756,80.2128601074,47543,47553,10
13.0061998367,80.2127838135,47553,47563,10
13.0068798065,80.2127227783,47563,47573,10
13.0075101852,80.2128067017,47573,47583,10
13.0078201294,80.2130203247,47583,47593,10
13.0078496933,80.2130432129,47593,47603,10
13.0079202652,80.2131195068,47603,47614,11
13.0081996918,80.2132568359,47614,47624,10
13.0086898804,80.2136001587,47624,47634,10
13.0091295242,80.2142028809,47634,47644,10
13.0095100403,80.2147674561,47644,47654,10
13.0099000931,80.2152633667,47654,47664,10
13.0102701187,80.2158432007,47664,47674,10
13.0106801987,80.2164535522,47674,47684,10
13.0108995438,80.217048645,47684,47694,10
13.011179924,80.2177124023,47694,47704,10
13.0114402771,80.2183990479,47704,47715,11
13.0117998123,80.219367981,47715,47725,10
13.0120401382,80.2201766968,47725,47735,10
13.0122804642,80.2209014893,47735,47745,10
13.012550354,80.2214584351,47745,47755,10
13.0127601624,80.221786499,47755,47765,10
13.0130596161,80.2221374512,47765,47775,10
13.0133399963,80.2225036621,47775,47785,10
13.013710022,80.2229385376,47785,47795,10
13.0139198303,80.2232208252,47795,47805,10
13.0141201019,80.2234725952,47805,47816,11
13.014289856,80.2236480713,47816,47826,10
13.0145998001,80.2240371704,47826,47836,10
13.0149898529,80.2245330811,47836,47846,10
13.015540123,80.2249832153,47846,47866,20
13.015540123,80.2249832153,47866,47876,10
13.0156803131,80.2250900269,47876,47886,10
13.0161104202,80.2253036499,47886,47896,10
13.0167798996,80.2251663208,47896,47906,10
13.0174598694,80.224899292,47906,47917,11
13.018239975,80.2246017456,47917,47927,10
13.0189304352,80.2243423462,47927,47937,10
13.019490242,80.2243423462,47937,47997,60
13.019490242,80.2243423462,47997,48008,11
13.0197601318,80.2246017456,48008,48018,10
13.0201396942,80.2248764038,48018,48028,10
13.0206604004,80.2252197266,48028,48038,10
13.021030426,80.2254867554,48038,48048,10
13.0214796066,80.2258529663,48048,48058,10
13.0219898224,80.2262268066,48058,48068,10
13.0224895477,80.2266464233,48068,48078,10
13.023059845,80.2271575928,48078,48088,10
13.0234899521,80.2275619507,48088,48098,10
13.0240402222,80.2280731201,48098,48109,11
13.0244102478,80.2285385132,48109,48119,10
13.0241498947,80.2284317017,48119,48129,10
13.0237503052,80.2279205322,48129,48139,10
13.0232200623,80.2274017334,48139,48149,10
13.0226898193,80.2269287109,48149,48159,10
13.0221004486,80.2264175415,48159,48169,10
13.0215196609,80.2259597778,48169,48179,10
13.0209903717,80.2255477905,48179,48195,16
13.0202198029,80.2250213623,48195,48208,13
13.0196895599,80.2246704102,48208,48218,10
13.0190296173,80.2244873047,48218,48227,9
13.0183801651,80.2246627808,48227,48238,11
13.0177202225,80.2249298096,48238,48248,10
13.0170097351,80.2252120972,48248,48258,10
13.0165100098,80.2254180908,48258,48268,10
13.0160198212,80.2255935669,48268,48278,10
13.0153999329,80.2257995605,48278,48288,10
13.014840126,80.225982666,48288,48298,10
13.0144796371,80.2260971069,48298,48309,11
13.0141601563,80.2261123657,48309,48319,10
13.0140895844,80.2255477905,48319,48501,182
13.0140895844,80.2255477905,48501,48511,10
13.0140800476,80.2253036499,48511,48521,10
13.0142402649,80.2252807617,48521,48531,10
13.0143899918,80.2256622314,48531,51128,2597
13.0143899918,80.2256622314,51128,51138,10
13.0142002106,80.2259597778,51138,51229,91
13.0142002106,80.2259597778,51229,51239,10
13.0139598846,80.2263565063,51239,51249,10
13.0136003494,80.2265014648,51249,51259,10
13.0131998062,80.2266387939,51259,51269,10
13.0128097534,80.2267837524,51269,51279,10
13.0123996735,80.2269287109,51279,51289,10
13.0119695663,80.2270889282,51289,51299,10
13.0115299225,80.2272567749,51299,51309,10
13.0110502243,80.2274627686,51309,51320,11
13.0104398727,80.2276992798,51320,51330,10
13.0099201202,80.227897644,51330,51340,10
13.0095300674,80.2276306152,51340,51350,10
13.009759903,80.2270812988,51350,51360,10
13.010020256,80.2265014648,51360,51370,10
13.010310173,80.2258605957,51370,51380,10
13.0106096268,80.2251968384,51380,51390,10
13.010890007,80.2245330811,51390,51400,10
13.0111598969,80.2238616943,51400,51411,11
13.0114297867,80.22315979,51411,51421,10
13.0116596222,80.2225494385,51421,51431,10
13.011879921,80.2218093872,51431,51441,10
13.0120801926,80.2212600708,51441,51451,10
13.0120296478,80.2206878662,51451,51461,10
13.0118198395,80.2200088501,51461,51471,10
13.0115995407,80.2193527222,51471,51481,10
13.0113697052,80.2186279297,51481,51491,10
13.0111198425,80.2179489136,51491,51507,16
13.0106601715,80.2168502808,51507,51520,13
13.0101995468,80.2160186768,51520,51530,10
13.0098600388,80.2153015137,51530,51540,10
13.0094804764,80.2147598267,51540,51550,10
13.0090303421,80.2141494751,51550,51560,10
13.0086202621,80.2136306763,51560,51570,10
13.0082502365,80.2133483887,51570,51580,10
13.0082397461,80.2133407593,51580,51590,10
13.0081701279,80.2133026123,51590,51600,10
13.0079603195,80.2131881714,51600,51621,21
13.0079603195,80.2131881714,51621,51631,10
13.0077896118,80.2130584717,51631,51641,10
13.007399559,80.2128372192,51641,51651,10
13.0068502426,80.2127609253,51651,51661,10
13.0062303543,80.2128219604,51661,51671,10
13.0057296753,80.2129516602,51671,51681,10
13.0051898956,80.2126464844,51681,51691,10
13.0048799515,80.2124176025,51691,51701,10
13.0043001175,80.2121734619,51701,51712,11
13.0037097931,80.2118225098,51712,51722,10
13.0036802292,80.211479187,51722,51732,10
13.0036697388,80.2113494873,51732,51742,10
13.0036697388,80.2112426758,51742,51752,10
13.0036296844,80.2107620239,51752,51762,10
13.0035495758,80.2100906372,51762,51772,10
13.0034999847,80.2096481323,51772,51782,10
13.0034503937,80.2092895508,51782,51792,10
13.0029201508,80.2090072632,51792,51803,11
13.0022096634,80.2086410522,51803,51813,10
13.0015802383,80.2082901001,51813,51823,10
13.00096035,80.2079696655,51823,51833,10
13.0004501343,80.2077713013,51833,51843,10
12.9999198914,80.2076568604,51843,51853,10
12.9994602203,80.207572937,51853,51863,10
12.9991197586,80.2075195313,51863,51873,10
12.9989004135,80.2074737549,51873,51883,10
12.9987001419,80.2074203491,51883,51893,10
12.9982204437,80.2072982788,51893,51904,11
12.997710228,80.2072219849,51904,51914,10
12.9976997375,80.2072296143,51914,51924,10
12.9974498749,80.2071762085,51924,51934,10
12.9968595505,80.2070465088,51934,51944,10
12.9961996078,80.2069015503,51944,51954,10
12.9958200455,80.2068023682,51954,51964,10
12.9954204559,80.2067337036,51964,51974,10
12.9947004318,80.2065887451,51974,51994,20
12.9947004318,80.2065887451,51994,52005,11
12.9945697784,80.2065505981,52005,52015,10
12.9945697784,80.2062988281,52015,52025,10
12.9946203232,80.2058563232,52025,52035,10
12.9946804047,80.2053222656,52035,52045,10
12.9946498871,80.2048873901,52045,52055,10
12.9947595596,80.2044525146,52055,52065,10
12.9949102402,80.2038803101,52065,52075,10
12.9950304031,80.2033004761,52075,52085,10
12.995059967,80.2031478882,52085,52096,11
12.9949903488,80.2028427124,52096,52106,10
12.9950504303,80.2024002075,52106,52116,10
12.995059967,80.2020111084,52116,52126,10
12.995059967,80.2019882202,52126,52136,10
12.9950399399,80.2016677856,52136,52146,10
12.995010376,80.2013320923,52146,52156,10
12.9949998856,80.2008972168,52156,52166,10
12.9948797226,80.2004089355,52166,52176,10
12.9944295883,80.2002563477,52176,52208,32
12.9944295883,80.2002563477,52208,52220,12
12.9942302704,80.2002029419,52220,52230,10
12.9939002991,80.2001266479,52230,52240,10
12.9935903549,80.1999816895,52240,52250,10
12.9932804108,80.19972229,52250,52260,10
12.9931097031,80.1995620728,52260,52270,10
12.9927797318,80.1992874146,52270,52280,10
12.9923295975,80.1990127563,52280,52291,11
12.9918003082,80.1987075806,52291,52301,10
12.990819931,80.1984481812,52301,52321,20
12.990819931,80.1984481812,52321,52331,10
12.9905195236,80.1983566284,52331,52341,10
12.9899902344,80.1982269287,52341,52351,10
12.9893798828,80.1980514526,52351,52361,10
12.9887199402,80.197883606,52361,52371,10
12.9880800247,80.1976928711,52371,52382,11
12.9873895645,80.197517395,52382,52392,10
12.9865703583,80.1973495483,52392,52452,60
12.9865703583,80.1973495483,52452,52462,10
12.9863004684,80.1972427368,52462,52472,10
12.9858503342,80.1971817017,52472,52482,10
12.9853096008,80.1971817017,52482,52493,11
12.984629631,80.197303772,52493,52503,10
12.984000206,80.1969985962,52503,52513,10
12.9833498001,80.1966629028,52513,52523,10
12.9828996658,80.1965026855,52523,52533,10
12.982460022,80.1968917847,52533,52543,10
12.9821395874,80.1970062256,52543,52553,10
12.9823904037,80.196762085,52553,52563,10
12.9827404022,80.1964797974,52563,52574,11
12.9826498032,80.1962509155,52574,52584,10
12.9822301865,80.1960067749,52584,52594,10
12.9816503525,80.1956863403,52594,52624,30
12.9816503525,80.1956863403,52624,52634,10
12.9815597534,80.195640564,52634,52644,10
12.9812803268,80.1954879761,52644,52654,10
12.9808502197,80.1952896118,52654,52664,10
12.9802999496,80.1949768066,52664,52674,10
12.9797401428,80.1946487427,52674,52685,11
12.9791498184,80.1942367554,52685,52694,9
12.9786396027,80.193977356,52694,52705,11
12.9776697159,80.1937713623,52705,52735,30
12.9776697159,80.1937713623,52735,52745,10
12.9774198532,80.1937103271,52745,52755,10
12.9770698547,80.1936035156,52755,52765,10
12.976559639,80.193321228,52765,52775,10
12.9761600494,80.1930236816,52775,52786,11
12.9756603241,80.1926422119,52786,52796,10
12.9751195908,80.1923980713,52796,52806,10
12.9745597839,80.1921920776,52806,52816,10
12.9741296768,80.1920318604,52816,52826,10
12.973739624,80.1918792725,52826,52836,10
12.9732303619,80.1917037964,52836,52846,10
12.9726800919,80.1914978027,52846,52856,10
12.9721899033,80.1912994385,52856,52877,21
12.9721899033,80.1912994385,52877,52887,10
12.9720602036,80.1912612915,52887,52897,10
12.971739769,80.1911087036,52897,52907,10
12.9712600708,80.1908874512,52907,52917,10
12.9707899094,80.1906967163,52917,52927,10
12.9702796936,80.1904830933,52927,52937,10
12.9698801041,80.1902923584,52937,52947,10
12.969420433,80.190071106,52947,52957,10
12.9689598083,80.1898498535,52957,52967,10
12.9681100845,80.189453125,52967,52998,31
12.9681100845,80.189453125,52998,53008,10
12.9679803848,80.1893768311,53008,53018,10
12.9676799774,80.1892623901,53018,53028,10
12.9672403336,80.1890792847,53028,53038,10
12.966750145,80.1888885498,53038,53048,10
12.9662599564,80.1886901855,53048,53058,10
12.9657297134,80.1884765625,53058,53075,17
12.9649200439,80.1881866455,53075,53095,20
12.9649200439,80.1881866455,53095,53106,11
12.9648504257,80.1881484985,53106,53117,11
12.9644804001,80.1880187988,53117,53127,10
12.9640197754,80.1878814697,53127,53137,10
12.9635000229,80.1877212524,53137,53147,10
12.9629001617,80.1875762939,53147,53157,10
12.962269783,80.187461853,53157,53168,11
12.9615802765,80.1873092651,53168,53178,10
12.9607000351,80.1871871948,53178,53208,30
12.9607000351,80.1871871948,53208,53218,10
12.9603996277,80.1871185303,53218,53228,10
12.9600000381,80.1870727539,53228,53238,10
12.95952034,80.1870269775,53238,53248,10
12.9589195251,80.1869888306,53248,53258,10
12.9582901001,80.1870117188,53258,53269,11
12.9575595856,80.18699646,53269,53279,10
12.9569501877,80.1869812012,53279,53289,10
12.9558601379,80.1869125366,53289,53359,70
12.9558601379,80.1869125366,53359,53370,11
12.9556303024,80.1868972778,53370,53380,10
12.9553899765,80.1868515015,53380,53390,10
12.9549198151,80.1867828369,53390,53400,10
12.9543399811,80.1866912842,53400,53410,10
12.9537000656,80.1865768433,53410,53420,10
12.9530000687,80.1864929199,53420,53430,10
12.9522800446,80.1863174438,53430,53440,10
12.95154953,80.1861190796,53440,53450,10
12.9508600235,80.1858901978,53450,53461,11
12.9501495361,80.1856613159,53461,53471,10
12.9496097565,80.1855010986,53471,53481,10
12.9495401382,80.1854705811,53481,53491,10
12.9495000839,80.1854400635,53491,53501,10
12.949139595,80.185333252,53501,53511,10
12.9486198425,80.1851272583,53511,53521,10
12.9481096268,80.1849594116,53521,53531,10
12.9475498199,80.1846389771,53531,53541,10
12.9466295242,80.1839599609,53541,53572,31
12.9466295242,80.1839599609,53572,53582,10
12.9465103149,80.1838912964,53582,53592,10
12.9461803436,80.1836090088,53592,53602,10
12.9456996918,80.1832427979,53602,53612,10
12.945110321,80.1830368042,53612,53622,10
12.9445495605,80.1830215454,53622,53642,20
12.9445495605,80.1830215454,53642,53653,11
12.9443998337,80.1830062866,53653,53663,10
12.9439697266,80.1829833984,53663,53673,10
12.9434404373,80.1829376221,53673,53683,10
12.9428396225,80.1829376221,53683,53693,10
12.942150116,80.1828613281,53693,53703,10
12.9414396286,80.182762146,53703,53713,10
12.9407396317,80.1827316284,53713,53723,10
12.9401197433,80.1827011108,53723,53733,10
12.9394798279,80.1825714111,53733,53794,61
12.9394798279,80.1825714111,53794,53804,10
12.9391298294,80.1824493408,53804,53814,10
12.9387397766,80.1823501587,53814,53824,10
12.9381198883,80.182258606,53824,53834,10
12.9373197556,80.182220459,53834,53844,10
12.9364404678,80.1822509766,53844,53855,11
12.9351501465,80.1824035645,53855,53875,20
12.9351501465,80.1824035645,53875,53885,10
12.9350299835,80.1823577881,53885,53895,10
12.9345798492,80.1822509766,53895,53905,10
12.9339199066,80.1820907593,53905,53915,10
12.9330997467,80.1818771362,53915,53925,10
12.9321403503,80.1817016602,53925,53935,10
12.9313898087,80.1816101074,53935,53945,10
12.9309396744,80.1815719604,53945,53956,11
12.9309301376,80.1815719604,53956,53966,10
12.9308700562,80.1815719604,53966,53976,10
12.930439949,80.1815795898,53976,53986,10
12.9297704697,80.1817169189,53986,53996,10
12.9289903641,80.1819229126,53996,54006,10
12.9281301498,80.1821289063,54006,54016,10
12.9272298813,80.1823425293,54016,54026,10
12.9263000488,80.182510376,54026,54037,11
12.9253396988,80.1826934814,54037,54047,10
12.9246196747,80.1828079224,54047,54057,10
12.9245500565,80.1828308105,54057,54067,10
12.924200058,80.1828765869,54067,54077,10
12.9236297607,80.1829833984,54077,54087,10
12.9228801727,80.18309021,54087,54097,10
12.9220895767,80.1833496094,54097,54107,10
12.9213104248,80.1836700439,54107,54117,10
12.9204902649,80.1839294434,54117,54158,41
12.9204902649,80.1839294434,54158,54168,10
12.9202299118,80.1839599609,54168,54178,10
12.9200496674,80.1835021973,54178,54188,10
12.9198198318,80.1824188232,54188,54208,20
12.9198198318,80.1824188232,54208,54218,10
12.9198303223,80.1824035645,54218,54228,10
12.9196796417,80.1824035645,54228,54239,11
12.919549942,80.1821670532,54239,56584,2345
12.919549942,80.1821670532,56584,56594,10
12.9195203781,80.1820602417,56594,56604,10
12.9196596146,80.1819763184,56604,56624,20
12.9196596146,80.1819763184,56624,56634,10
12.9199104309,80.1821670532,56634,56644,10
12.9199800491,80.1825180054,56644,56654,10
12.9200801849,80.1829681396,56654,56664,10
12.9202203751,80.1834106445,56664,56725,61
12.9202203751,80.1834106445,56725,56735,10
12.9202404022,80.1836013794,56735,56745,10
12.920249939,80.1836471558,56745,56755,10
12.9202899933,80.1837997437,56755,56765,10
12.9203996658,80.1839828491,56765,56775,10
12.9206600189,80.1838912964,56775,56786,11
12.9209098816,80.1838226318,56786,56796,10
12.9212799072,80.1836700439,56796,56806,10
12.9217596054,80.1834793091,56806,56816,10
12.9222898483,80.1832809448,56816,56826,10
12.9228096008,80.1831207275,56826,56836,10
12.9232797623,80.1830291748,56836,56846,10
12.9236898422,80.1829681396,56846,56856,10
12.9239301682,80.1829071045,56856,56866,10
12.9242801666,80.1828384399,56866,56876,10
12.9246101379,80.1827774048,56876,56887,11
12.9247198105,80.182762146,56887,56897,10
12.9251499176,80.1826934814,56897,56907,10
12.9256696701,80.1826019287,56907,56917,10
12.9262504578,80.1825027466,56917,56927,10
12.9269304276,80.1823577881,56927,56937,10
12.9275903702,80.1822280884,56937,56947,10
12.9282302856,80.1820831299,56947,56957,10
12.928850174,80.181930542,56957,56967,10
12.9294500351,80.1817779541,56967,56978,11
12.9301395416,80.1816101074,56978,56988,10
12.9307899475,80.1814575195,56988,56998,10
12.9314203262,80.1815185547,56998,57018,20
12.9314203262,80.1815185547,57018,57028,10
12.93171978,80.181602478,57028,57038,10
12.9321403503,80.1816711426,57038,57048,10
12.9326095581,80.1817626953,57048,57058,10
12.9331598282,80.181892395,57058,57068,10
12.9337396622,80.1820373535,57068,57079,11
12.9348497391,80.1822967529,57079,57099,20
12.9348497391,80.1822967529,57099,57109,10
12.9348802567,80.1823272705,57109,57119,10
12.9351701736,80.1823883057,57119,57129,10
12.9356899261,80.1823883057,57129,57139,10
12.9362697601,80.1823120117,57139,57149,10
12.9369697571,80.182258606,57149,57159,10
12.9376802444,80.1822509766,57159,57169,10
12.9388103485,80.1823577881,57169,57200,31
12.9388103485,80.1823577881,57200,57210,10
12.9390296936,80.1824111938,57210,57220,10
12.9393196106,80.1825180054,57220,57230,10
12.9398002625,80.1826477051,57230,57240,10
12.940369606,80.1827392578,57240,57250,10
12.9409999847,80.182762146,57250,57260,10
12.9416799545,80.1828231812,57260,57271,11
12.9424200058,80.1829223633,57271,57281,10
12.9430904388,80.1829605103,57281,57291,10
12.9437599182,80.1829833984,57291,57301,10
12.944729805,80.1830215454,57301,57321,20
12.944729805,80.1830215454,57321,57331,10
12.9450397491,80.1830596924,57331,57341,10
12.9455795288,80.1831436157,57341,57351,10
12.946100235,80.1835174561,57351,57361,10
12.9466400146,80.1839294434,57361,57372,11
12.9468002319,80.1840362549,57372,57382,10
12.9469003677,80.1841430664,57382,57392,10
12.9472703934,80.1844177246,57392,57402,10
12.9477796555,80.1848068237,57402,57412,10
12.948390007,80.1850662231,57412,57422,10
12.9489898682,80.1852416992,57422,57432,10
12.9495897293,80.1854629517,57432,57442,10
12.9502000809,80.1856536865,57442,57452,10
12.9508695602,80.1858596802,57452,57462,10
12.9515600204,80.1861114502,57462,57473,11
12.9523601532,80.186340332,57473,57483,10
12.9530200958,80.1864929199,57483,57493,10
12.953669548,80.1865768433,57493,57503,10
12.9542798996,80.1866836548,57503,57513,10
12.9548902512,80.1867828369,57513,57523,10
12.9554395676,80.1868591309,57523,57533,10
12.9561004639,80.1869430542,57533,57553,20
12.9561004639,80.1869430542,57553,57563,10
12.9561796188,80.186958313,57563,57574,11
12.956609726,80.1870117188,57574,57584,10
12.9571199417,80.1870574951,57584,57594,10
12.9576797485,80.1870880127,57594,57604,10
12.9582700729,80.1870803833,57604,57614,10
12.9588603973,80.1870803833,57614,57624,10
12.9594402313,80.1871109009,57624,57634,10
12.9599895477,80.1871414185,57634,57644,10
12.9604701996,80.187210083,57644,57654,10
12.9609603882,80.1873016357,57654,57665,11
12.961520195,80.1873703003,57665,57675,10
12.9615402222,80.1873703003,57675,57685,10
12.9617795944,80.1874084473,57685,57695,10
12.9622001648,80.1875,57695,57705,10
12.9627199173,80.1876220703,57705,57721,16
12.9636802673,80.187828064,57721,57733,12
12.9643697739,80.188041687,57733,57741,8
12.9648199081,80.1881866455,57741,57753,12
12.9654197693,80.1884002686,57753,57763,10
12.9655199051,80.1884536743,57763,57774,11
12.9658203125,80.1885604858,57774,57784,10
12.9661798477,80.1887130737,57784,57794,10
12.9666900635,80.1889190674,57794,57803,9
12.9671096802,80.1890563965,57803,57814,11
12.9678001404,80.1893768311,57814,57824,10
12.9682598114,80.1895599365,57824,57834,10
12.9682798386,80.1895599365,57834,57844,10
12.9683599472,80.1896133423,57844,57854,10
12.968629837,80.1897201538,57854,57865,11
12.969039917,80.1899185181,57865,57875,10
12.9694404602,80.1901168823,57875,57885,10
12.969909668,80.1903533936,57885,57895,10
12.9703102112,80.190536499,57895,57905,10
12.9707899094,80.1907424927,57905,57915,10
12.9711198807,80.1908721924,57915,57925,10
12.9715795517,80.1910629272,57925,57935,10
12.9721603394,80.1913223267,57935,57945,10
12.9726896286,80.1915435791,57945,57955,10
12.9727201462,80.1915588379,57955,57966,11
12.9728002548,80.1916122437,57966,57976,10
12.97315979,80.1917266846,57976,57986,10
12.9737195969,80.1919326782,57986,57996,10
12.974360466,80.1921691895,57996,58006,10
12.9748697281,80.1923370361,58006,58016,10
12.9754104614,80.1925811768,58016,58026,10
12.975979805,80.1929473877,58026,58036,10
12.9762601852,80.1931762695,58036,58046,10
12.9766597748,80.1934585571,58046,58057,11
12.9772195816,80.1937179565,58057,58067,10
12.9776000977,80.1938018799,58067,58077,10
12.9780597687,80.193862915,58077,58087,10
12.9781398773,80.1938934326,58087,58097,10
12.9784002304,80.1939697266,58097,58107,10
12.9788198471,80.1941375732,58107,58117,10
12.9793195724,80.1944198608,58117,58127,10
12.9798402786,80.1948013306,58127,58137,10
12.9804096222,80.1951217651,58137,58147,10
12.9808502197,80.1953430176,58147,58158,11
12.9809503555,80.1953887939,58158,58168,10
12.9810400009,80.1954421997,58168,58178,10
12.9810800552,80.1954498291,58178,58188,10
12.9814300537,80.1956329346,58188,58198,10
12.9819297791,80.1959075928,58198,58208,10
12.9825401306,80.196182251,58208,58218,10
12.9829101563,80.1963806152,58218,58228,10
12.9832601547,80.1962127686,58228,58238,10
12.9833898544,80.1963806152,58238,58249,11
12.98320961,80.1965637207,58249,58259,10
12.9836502075,80.1968307495,58259,58269,10
12.9842395782,80.1971969604,58269,58279,10
12.9848804474,80.1973724365,58279,58289,10
12.9855804443,80.1972198486,58289,58299,10
12.9863100052,80.197303772,58299,58309,10
12.987039566,80.1974716187,58309,58319,10
12.9877700806,80.1976470947,58319,58329,10
12.988530159,80.1978530884,58329,58339,10
12.9892997742,80.1980667114,58339,58350,11
12.9901599884,80.1982879639,58350,58360,10
12.9909000397,80.1984710693,58360,58370,10
12.9915599823,80.1986083984,58370,58380,10
12.9916696548,80.1986618042,58380,58390,10
12.991809845,80.1987304688,58390,58400,10
12.9921503067,80.1989135742,58400,58410,10
12.9925699234,80.1991424561,58410,58420,10
12.9929704666,80.1994400024,58420,58430,10
12.993350029,80.1997909546,58430,58440,10
12.9937400818,80.2000427246,58440,58451,11
12.9942903519,80.2002410889,58451,58461,10
12.9946203232,80.2002868652,58461,58481,20
12.9946203232,80.2002868652,58481,58491,10
12.9947500229,80.200340271,58491,58501,10
12.9949903488,80.2006607056,58501,58511,10
12.9950304031,80.2011871338,58511,58521,10
12.9950399399,80.2015533447,58521,58531,10
12.9951000214,80.202041626,58531,58541,10
12.9950799942,80.2024765015,58541,58551,10
12.9950199127,80.2029418945,58551,58562,11
12.9951095581,80.2031326294,58562,58572,10
12.995010376,80.2035598755,58572,58582,10
12.9948501587,80.2042007446,58582,58592,10
12.994720459,80.2047271729,58592,58602,10
12.9946899414,80.2049026489,58602,58612,10
12.9946804047,80.2050476074,58612,58622,10
12.994720459,80.2053604126,58622,58632,10
12.9947004318,80.205657959,58632,58643,11
12.9946298599,80.2062835693,58643,58653,10
12.9945802689,80.2067489624,58653,58673,20
12.9945802689,80.2067489624,58673,58683,10
12.9946498871,80.2068862915,58683,58693,10
12.99477005,80.2070236206,58693,58703,10
12.9948997498,80.2069320679,58703,58713,10
12.9948997498,80.2069091797,58713,58723,10
12.994720459,80.2068023682,58723,60158,1435
12.994720459,80.2068023682,60158,60168,10
12.9945201874,80.2066879272,60168,60259,91
12.9945201874,80.2066879272,60259,60269,10
12.9945402145,80.2064819336,60269,60279,10
12.9945497513,80.2063369751,60279,60289,10
12.9946098328,80.2059936523,60289,60300,11
12.9946603775,80.2054519653,60300,60310,10
12.9946603775,80.2050170898,60310,60320,10
12.9947299957,80.2045974731,60320,60330,10
12.9948101044,80.204208374,60330,60340,10
12.9948797226,80.203918457,60340,60350,10
12.9949798584,80.2036132813,60350,60360,10
12.9950504303,80.2032318115,60360,60401,41
12.9950504303,80.2032318115,60401,60411,10
12.9949903488,80.2028503418,60411,60421,10
12.9950504303,80.2023086548,60421,60431,10
12.9950199127,80.2017593384,60431,60451,20
12.9950199127,80.2017593384,60451,60461,10
12.9949998856,80.201423645,60461,60471,10
12.9949998856,80.2010726929,60471,60481,10
12.9949598312,80.200668335,60481,60492,11
12.994799614,80.2003707886,60492,60542,50
12.994799614,80.2003707886,60542,60552,10
12.9946203232,80.2003173828,60552,60562,10
12.9942398071,80.2002487183,60562,60642,80
12.9942398071,80.2002487183,60642,60653,11
12.9939603806,80.2001419067,60653,60663,10
12.993639946,80.200012207,60663,60673,10
12.9933204651,80.1997680664,60673,60684,11
12.9929304123,80.199432373,60684,60693,9
12.9926204681,80.199180603,60693,60704,11
12.992190361,80.1989212036,60704,60714,10
12.9917402267,80.1987228394,60714,60724,10
12.9912395477,80.1985778809,60724,60734,10
12.9908103943,80.1985015869,60734,60744,10
12.9907903671,80.1985015869,60744,60754,10
12.9906597137,80.1984634399,60754,60764,10
12.9903001785,80.1983795166,60764,60774,10
12.989780426,80.1982421875,60774,60785,11
12.9891300201,80.198059082,60785,60795,10
12.9884796143,80.197883606,60795,60805,10
12.9878501892,80.1977005005,60805,60815,10
12.9872703552,80.1975631714,60815,60825,10
12.9865999222,80.1974105835,60825,60987,162
12.9865999222,80.1974105835,60987,60997,10
12.9864397049,80.1973800659,60997,61007,10
12.9860801697,80.1973114014,61007,61017,10
12.985619545,80.1972427368,61017,61027,10
12.9850997925,80.1973114014,61027,61037,10
12.9844799042,80.1973266602,61037,61047,10
12.9839000702,80.1970062256,61047,61057,10
12.9833202362,80.1966781616,61057,61067,10
12.9829397202,80.1965026855,61067,61078,11
12.9825401306,80.1968917847,61078,61088,10
12.982170105,80.1971435547,61088,61098,10
12.9821596146,80.1969680786,61098,61108,10
12.9823598862,80.1967926025,61108,61118,10
12.9827098846,80.1965026855,61118,61128,10
12.9827003479,80.1962890625,61128,61138,10
12.9823703766,80.1961135864,61138,61148,10
12.9820699692,80.1959609985,61148,61158,10
12.9820604324,80.1959609985,61158,61168,10
12.9818601608,80.1958618164,61168,61179,11
12.9816398621,80.1957397461,61179,61199,20
12.9816398621,80.1957397461,61199,61209,10
12.9815797806,80.1957092285,61209,61219,10
12.9812898636,80.1955490112,61219,61229,10
12.980919838,80.1953582764,61229,61239,10
12.9805402756,80.1951828003,61239,61249,10
12.9800901413,80.1949310303,61249,61259,10
12.9796304703,80.1946182251,61259,61270,11
12.9791498184,80.1942901611,61270,61280,10
12.9787397385,80.1940689087,61280,61290,10
12.9782600403,80.1939163208,61290,61300,10
12.9777402878,80.1938323975,61300,61340,40
12.9777402878,80.1938323975,61340,61350,10
12.9775800705,80.1938323975,61350,61360,10
12.9773702621,80.1937713623,61360,61371,11
12.9772796631,80.1937408447,61371,61381,10
12.9771299362,80.1936569214,61381,61391,10
12.9767799377,80.1935119629,61391,61502,111
12.9764795303,80.193321228,61502,61522,20
12.9764795303,80.193321228,61522,61532,10
12.9763202667,80.1931686401,61532,61542,10
12.9762601852,80.1931228638,61542,61552,10
12.9760198593,80.1929397583,61552,61563,11
12.9756097794,80.1926727295,61563,61573,10
12.9751300812,80.1924285889,61573,61583,10
12.9746599197,80.1922683716,61583,61593,10
12.9742298126,80.1921081543,61593,61602,9
12.9737901688,80.1919631958,61602,61613,11
12.9732503891,80.1917572021,61613,61623,10
12.9727201462,80.1915588379,61623,61633,10
12.9722795486,80.1913909912,61633,61664,31
12.9722795486,80.1913909912,61664,61674,10
12.972029686,80.1912612915,61674,61684,10
12.9716501236,80.191078186,61684,61694,10
12.9713001251,80.1909179688,61694,61704,10
12.9710597992,80.1908035278,61704,61714,10
12.9706201553,80.190612793,61714,61724,10
12.97012043,80.1904067993,61724,61734,10
12.9696397781,80.1902008057,61734,61744,10
12.9691896439,80.1899795532,61744,61755,11
12.9687404633,80.1897583008,61755,61765,10
12.9681997299,80.1895217896,61765,61805,40
12.9681997299,80.1895217896,61805,61815,10
12.9681196213,80.189491272,61815,61825,10
12.967880249,80.1893768311,61825,61835,10
12.9674596786,80.189201355,61835,61845,10
12.9669599533,80.1890106201,61845,61856,11
12.966460228,80.1887817383,61856,61866,10
12.9661102295,80.1886367798,61866,61876,10
12.9657897949,80.1885070801,61876,61886,10
12.9654302597,80.1883621216,61886,61896,10
12.9651298523,80.1882324219,61896,61906,10
12.9647798538,80.188117981,61906,61936,30
12.9647798538,80.188117981,61936,61946,10
12.9646902084,80.1881027222,61946,61957,11
12.9643001556,80.1879730225,61957,61967,10
12.9637403488,80.187789917,61967,61977,10
12.9631795883,80.1876373291,61977,61987,10
12.9626102448,80.1875305176,61987,61997,10
12.9620103836,80.1874084473,61997,62006,9
12.9614601135,80.1873168945,62006,62017,11
12.9606800079,80.1872329712,62017,62037,20
12.9606800079,80.1872329712,62037,62048,11
12.9605302811,80.1872024536,62048,62058,10
12.9601802826,80.1871414185,62058,62068,10
12.9597702026,80.1871109009,62068,62078,10
12.9592504501,80.1870803833,62078,62088,10
12.9587602615,80.1870574951,62088,62098,10
12.9581604004,80.1870574951,62098,62108,10
12.9575195313,80.1870727539,62108,62118,10
12.9568500519,80.1870422363,62118,62128,10
12.9558000565,80.1869812012,62128,62159,31
12.9558000565,80.1869812012,62159,62169,10
12.9556598663,80.1869506836,62169,62179,10
12.9553203583,80.186882019,62179,62189,10
12.9547796249,80.1867980957,62189,62199,10
12.9541501999,80.1866989136,62199,62209,10
12.9534902573,80.1865921021,62209,62219,10
12.9527997971,80.1864929199,62219,62229,10
12.9520597458,80.1862792969,62229,62240,11
12.9512395859,80.1860198975,62240,62250,10
12.9505596161,80.1857910156,62250,62260,10
12.9498796463,80.1855621338,62260,62270,10
12.9491195679,80.1853179932,62270,62280,10
12.9485397339,80.1851196289,62280,62290,10
12.9479103088,80.1848831177,62290,62300,10
12.9472799301,80.184463501,62300,62309,9
12.9466600418,80.1839981079,62309,62330,21
12.9466600418,80.1839981079,62330,62341,11
12.9464797974,80.1838531494,62341,62351,10
12.9460897446,80.1835403442,62351,62361,10
12.9456300735,80.1831970215,62361,62371,10
12.9446001053,80.1830825806,62371,62401,30
12.9446001053,80.1830825806,62401,62411,10
12.9442796707,80.1830978394,62411,62421,10
12.9437599182,80.1830596924,62421,62431,10
12.9431400299,80.1830291748,62431,62442,11
12.9423704147,80.1829910278,62442,62452,10
12.9416399002,80.1828918457,62452,62462,10
12.9408998489,80.1828231812,62462,62472,10
12.9405603409,80.1828231812,62472,62482,10
12.9401397705,80.1827774048,62482,62492,10
12.9394903183,80.1826324463,62492,62522,30
12.9394903183,80.1826324463,62522,62533,11
12.9393701553,80.1825714111,62533,62543,10
12.9389896393,80.1824493408,62543,62553,10
12.9385700226,80.1823501587,62553,62563,10
12.9379301071,80.1822662354,62563,62573,10
12.9372596741,80.182258606,62573,62583,10
12.93653965,80.1822891235,62583,62593,10
12.9358301163,80.1823806763,62593,62603,10
12.9352302551,80.1824417114,62603,62613,10
12.9351501465,80.1824417114,62613,62623,10
12.9351100922,80.1824264526,62623,62634,11
12.9347000122,80.1823425293,62634,62644,10
12.934129715,80.1821975708,62644,62654,10
12.9334201813,80.1819992065,62654,62664,10
12.9326400757,80.1818008423,62664,62674,10
12.9318799973,80.181678772,62674,62684,10
12.9308595657,80.1815795898,62684,62704,20
12.9308595657,80.1815795898,62704,62714,10
12.9307003021,80.1815719604,62714,62724,10
12.9302597046,80.1816329956,62724,62735,11
12.9296302795,80.1817932129,62735,62745,10
12.9289102554,80.181968689,62745,62755,10
12.928150177,80.1821517944,62755,62765,10
12.9274196625,80.1823196411,62765,62775,10
12.9266996384,80.1824798584,62775,62785,10
12.9259395599,80.1826171875,62785,62795,10
12.9252195358,80.1827392578,62795,62805,10
12.924539566,80.1828536987,62805,62815,10
12.9238395691,80.1829833984,62815,62826,11
12.9230604172,80.1830978394,62826,62836,10
12.922369957,80.1832885742,62836,62846,10
12.9217195511,80.1835403442,62846,62856,10
12.9212398529,80.1837387085,62856,62866,10
12.9211902618,80.1837463379,62866,62876,10
12.9209699631,80.1838378906,62876,62886,10
12.9204797745,80.1840286255,62886,62957,71
12.9204797745,80.1840286255,62957,62967,10
12.9202003479,80.1839599609,62967,62977,10
12.9200401306,80.1833724976,62977,62987,10
12.9198999405,80.1826705933,62987,62997,10
12.9198799133,80.1825790405,62997,63007,10
12.919839859,80.1824417114,63007,63017,10
12.9196300507,80.1824111938,63017,63028,11
12.9195203781,80.1821975708,63028,63604,576
12.9195203781,80.1821975708,63604,63614,10
12.9195995331,80.1819992065,63614,63624,10
12.9196195602,80.1819992065,63624,63634,10
12.9197797775,80.1819915771,63634,63644,10
12.919960022,80.1822433472,63644,63654,10
12.9200897217,80.1828765869,63654,63664,10
12.920249939,80.1834411621,63664,63816,152
12.920249939,80.1834411621,63816,63826,10
12.9202604294,80.1835479736,63826,63836,10
12.9202804565,80.1836090088,63836,63846,10
12.9203395844,80.1838531494,63846,63856,10
12.9203500748,80.1838912964,63856,63866,10
12.9204902649,80.1840209961,63866,63876,10
12.9207897186,80.1838912964,63876,63886,10
12.9213495255,80.1836624146,63886,63897,11
12.9220399857,80.183380127,63897,63907,10
12.9227104187,80.1831512451,63907,63917,10
12.9233798981,80.1830368042,63917,63927,10
12.9241104126,80.1828994751,63927,63937,10
12.9246702194,80.182800293,63937,63947,10
12.9246902466,80.1827926636,63947,63957,10
12.9249095917,80.182762146,63957,63967,10
12.9253997803,80.1826782227,63967,63977,10
12.9260597229,80.1825714111,63977,63987,10
12.9267597198,80.1824264526,63987,63998,11
12.9276199341,80.182258606,63998,64014,16
12.9287996292,80.1819763184,64014,64026,12
12.9296798706,80.1817626953,64026,64036,10
12.9302597046,80.181602478,64036,64046,10
12.9310598373,80.1815109253,64046,64056,10
12.9314804077,80.1815719604,64056,64066,10
12.9314804077,80.1815795898,64066,64076,10
12.9315900803,80.181602478,64076,64087,11
12.9319000244,80.1816635132,64087,64097,10
12.9320602417,80.1817016602,64097,64107,10
12.9325799942,80.1817932129,64107,64117,10
12.9333200455,80.181968689,64117,64127,10
12.9340801239,80.1821594238,64127,64137,10
12.935090065,80.1823883057,64137,64157,20
12.935090065,80.1823883057,64157,64167,10
12.9352798462,80.1824188232,64167,64177,10
12.9356403351,80.1824188232,64177,64188,11
12.9362897873,80.1823425293,64188,64198,10
12.9370298386,80.1822891235,64198,64208,10
12.9378004074,80.1822814941,64208,64218,10
12.9388198853,80.1823883057,64218,64248,30
12.9388198853,80.1823883057,64248,64258,10
12.9389801025,80.1824264526,64258,64268,10
12.9391002655,80.1824569702,64268,64279,11
12.939499855,80.1826019287,64279,64289,10
12.9399995804,80.1827316284,64289,64299,10
12.9405899048,80.1827926636,64299,64309,10
12.9411697388,80.182800293,64309,64319,10
12.9418497086,80.1828765869,64319,64329,10
12.9425802231,80.1829681396,64329,64339,10
12.9433403015,80.1829910278,64339,64349,10
12.9440603256,80.1830062866,64349,64359,10
12.9446802139,80.1830368042,64359,64369,10
12.945309639,80.1830825806,64369,64380,11
12.9459600449,80.1834030151,64380,64390,10
12.9468603134,80.18409729,64390,64410,20
12.9468603134,80.18409729,64410,64420,10
12.9471302032,80.1843338013,64420,64430,10
12.9476099014,80.184677124,64430,64440,10
12.9481801987,80.1850204468,64440,64450,10
12.9488601685,80.1852111816,64450,64491,41
12.9488601685,80.1852111816,64491,64501,10
12.9490203857,80.1852416992,64501,64511,10
12.9495096207,80.1854171753,64511,64521,10
12.9501399994,80.1856536865,64521,64531,10
12.9508304596,80.1858901978,64531,64541,10
12.9516401291,80.1861572266,64541,64551,10
12.9524097443,80.186378479,64551,64561,10
12.9531698227,80.1865386963,64561,64572,11
12.953909874,80.1866607666,64572,64582,10
12.9546403885,80.1867599487,64582,64592,10
12.9553203583,80.1868591309,64592,64602,10
12.9557104111,80.186920166,64602,64612,10
12.9560604095,80.186958313,64612,64622,10
12.9560699463,80.186958313,64622,64632,10
12.956199646,80.18699646,64632,64642,10
12.956700325,80.1870574951,64642,64652,10
12.9572696686,80.1871032715,64652,64662,10
12.957909584,80.1871032715,64662,64673,11
12.9587001801,80.1871109009,64673,64683,10
12.9593801498,80.1871414185,64683,64693,10
12.9598398209,80.187171936,64693,64703,10
12.9602098465,80.1872024536,64703,64713,10
12.9604797363,80.1872177124,64713,64723,10
12.9614496231,80.1873703003,64723,64743,20
12.9614496231,80.1873703003,64743,64753,10
12.9617300034,80.1874237061,64753,64763,10
12.9622402191,80.1875305176,64763,64780,17
12.9631595612,80.187713623,64780,64792,12
12.9638004303,80.1878967285,64792,64802,10
12.9643802643,80.1880722046,64802,64812,10
12.9649200439,80.1882476807,64812,64822,10
12.9653396606,80.1884078979,64822,64832,10
12.9655399323,80.1884918213,64832,64842,10
12.9656095505,80.1884994507,64842,64852,10
12.9659700394,80.1886520386,64852,64862,10
12.9664297104,80.1888504028,64862,64873,11
12.9670600891,80.1891021729,64873,64883,10
12.967499733,80.1892929077,64883,64893,10
12.9679403305,80.1894607544,64893,64903,10
12.9680099487,80.1894989014,64903,64913,10
12.9681901932,80.1895828247,64913,64923,10
12.9682598114,80.1896209717,64923,64933,10
12.9683103561,80.1896820068,64933,64943,10
12.9687204361,80.1898574829,64943,64954,11
12.9691801071,80.190071106,64954,64964,10
12.9696502686,80.1902923584,64964,64974,10
12.9700403214,80.1904830933,64974,64984,10
12.9703702927,80.1906204224,64984,64994,10
12.9708900452,80.190826416,64994,65004,10
12.9714603424,80.191078186,65004,65014,10
12.9719295502,80.1912918091,65014,65024,10
12.9722204208,80.19140625,65024,65034,10
12.9724798203,80.1915206909,65034,65044,10
12.9727201462,80.1916122437,65044,65054,10
12.9727697372,80.191619873,65054,65071,17
12.973449707,80.1918869019,65071,65083,12
12.9738397598,80.1920394897,65083,65093,10
12.9742202759,80.1921691895,65093,65103,10
12.9747800827,80.1923904419,65103,65112,9
12.9750995636,80.1924972534,65112,65123,11
12.9756402969,80.1927566528,65123,65133,10
12.9760503769,80.1930618286,65133,65143,10
12.9763097763,80.1932373047,65143,65154,11
12.9767503738,80.1935577393,65154,65164,10
12.9772500992,80.1937789917,65164,65174,10
12.9776601791,80.193862915,65174,65184,10
12.9780302048,80.1939163208,65184,65194,10
12.9780597687,80.1939163208,65194,65204,10
12.9781703949,80.1939468384,65204,65214,10
12.9785995483,80.1940689087,65214,65224,10
12.9790697098,80.1942977905,65224,65234,10
12.9794597626,80.1945419312,65234,65244,10
12.9799203873,80.1948471069,65244,65255,11
12.9805202484,80.1952209473,65255,65265,10
12.9808998108,80.1953887939,65265,65275,10
12.980919838,80.1953964233,65275,65285,10
12.9810495377,80.1954803467,65285,65295,10
12.9811697006,80.1955413818,65295,65305,10
12.9813499451,80.1956329346,65305,65315,10
12.9815597534,80.1957397461,65315,65325,10
12.9818201065,80.1958770752,65325,65335,10
12.9821100235,80.1960296631,65335,65346,11
12.982509613,80.1962127686,65346,65356,10
12.98279953,80.1963729858,65356,65366,10
12.9830102921,80.1963806152,65366,65376,10
12.9832897186,80.1962432861,65376,65386,10
12.9834899902,80.1962890625,65386,65396,10
12.9834403992,80.1964035034,65396,65406,10
12.9832401276,80.196472168,65406,65416,10
12.9833803177,80.1967010498,65416,65426,10
12.9839096069,80.1970291138,65426,65436,10
12.9845304489,80.1973571777,65436,65447,11
12.9853496552,80.1972808838,65447,65457,10
12.9861402512,80.1972808838,65457,65467,10
12.9868202209,80.1974334717,65467,65477,10
12.9876003265,80.1976089478,65477,65487,10
12.9883899689,80.1978225708,65487,65497,10
12.9891901016,80.1980514526,65497,65507,10
12.989979744,80.1982574463,65507,65517,10
12.9907302856,80.1984405518,65517,65527,10
12.9914302826,80.198600769,65527,65538,11
12.9917602539,80.1986999512,65538,65548,10
12.9920396805,80.1988525391,65548,65558,10
12.9923801422,80.1990432739,65558,65568,10
12.9926099777,80.199180603,65568,65578,10
12.992770195,80.1992874146,65578,65588,10
12.9929504395,80.1994476318,65588,65598,10
12.9930200577,80.1995162964,65598,65608,10
12.9932098389,80.1996917725,65608,65618,10
12.9934396744,80.1998825073,65618,65628,10
12.9935903549,80.200012207,65628,65639,11
12.9938402176,80.2001190186,65639,65649,10
12.99421978,80.2002563477,65649,65659,10
12.9945802689,80.2003173828,65659,65689,30
12.9945802689,80.2003173828,65689,65698,9
12.9947795868,80.2003936768,65698,65709,11
12.9949903488,80.2006607056,65709,65719,10
12.9950199127,80.2010192871,65719,65730,11
12.9950199127,80.2012786865,65730,65740,10
12.9950504303,80.2016220093,65740,65750,10
12.9950895309,80.2021331787,65750,65760,10
12.9951000214,80.2022781372,65760,65770,10
12.995059967,80.2025680542,65770,65780,10
12.9950199127,80.2030105591,65780,65790,10
12.995059967,80.2033996582,65790,65800,10
12.9949302673,80.2038726807,65800,65810,10
12.994799614,80.204460144,65810,65820,10
12.9946899414,80.2049179077,65820,65831,11
12.9946804047,80.2049331665,65831,65841,10
12.9946804047,80.2050704956,65841,65851,10
12.9947004318,80.2054977417,65851,65861,10
12.9946603775,80.2060470581,65861,65871,10
12.994600296,80.20652771,65871,65881,10
12.9945898056,80.206817627,65881,65901,20
12.9945898056,80.206817627,65901,65911,10
12.9944496155,80.2068634033,65911,66043,132
12.9944496155,80.2068634033,66043,66053,10
12.9946098328,80.2064437866,66053,66063,10
12.9946203232,80.2061004639,66063,66073,10
12.9946603775,80.2055892944,66073,66083,10
12.9946804047,80.2051467896,66083,66093,10
12.9947004318,80.2047424316,66093,66103,10
12.9948101044,80.204208374,66103,66114,11
12.9949703217,80.2036437988,66114,66124,10
12.995059967,80.2031402588,66124,66134,10
12.9949998856,80.2028198242,66134,66144,10
12.995010376,80.2026824951,66144,66154,10
12.9950399399,80.2025375366,66154,66164,10
12.995059967,80.2023468018,66164,66174,10
12.995059967,80.2022476196,66174,66184,10
12.995059967,80.2020568848,66184,66194,10
12.995010376,80.2017211914,66194,66204,10
12.9949998856,80.2015991211,66204,66215,11
12.9949903488,80.2013702393,66215,66225,10
12.9949798584,80.2011184692,66225,66235,10
12.9949598312,80.2009124756,66235,66245,10
12.9949102402,80.200630188,66245,66275,30
12.9949102402,80.200630188,66275,66285,10
12.9947900772,80.2003631592,66285,66336,51
12.9947900772,80.2003631592,66336,66346,10
12.9945497513,80.2003326416,66346,66356,10
12.9942798615,80.2002868652,66356,66396,40
12.9942798615,80.2002868652,66396,66407,11
12.9940299988,80.2001876831,66407,66417,10
12.993689537,80.2000579834,66417,66427,10
12.9934196472,80.1998596191,66427,66437,10
12.993180275,80.1996612549,66437,66447,10
12.9929103851,80.199432373,66447,66457,10
12.992600441,80.199180603,66457,66467,10
12.992190361,80.1989593506,66467,66477,10
12.9917802811,80.1987533569,66477,66487,10
12.9913597107,80.1986312866,66487,66498,11
12.9907503128,80.1985168457,66498,66518,20
12.9907503128,80.1985168457,66518,66528,10
12.9905500412,80.1984634399,66528,66538,10
12.9901399612,80.1983566284,66538,66548,10
12.9896202087,80.1982116699,66548,66558,10
12.9890098572,80.1980285645,66558,66568,10
12.9883804321,80.1978530884,66568,66578,10
12.987739563,80.1976928711,66578,66588,10
12.9871301651,80.1975708008,66588,66872,284
12.9871301651,80.1975708008,66872,66882,10
12.9870500565,80.1975402832,66882,66893,11
12.9867401123,80.1974563599,66893,66903,10
12.9862699509,80.1973571777,66903,66913,10
12.9856395721,80.1972579956,66913,66923,10
12.9851903915,80.1973114014,66923,66933,10
12.9847602844,80.1974029541,66933,66943,10
12.9842100143,80.1972198486,66943,66953,10
12.9836196899,80.1968994141,66953,66963,10
12.983130455,80.1965789795,66963,66973,10
12.9828796387,80.1966094971,66973,66984,11
12.982460022,80.1969604492,66984,66994,10
12.9821796417,80.1971511841,66994,67004,10
12.9822101593,80.1969299316,67004,67014,10
12.9825296402,80.1966781616,67014,67024,10
12.9827899933,80.196472168,67024,67034,10
12.9826402664,80.1962814331,67034,67044,10
12.9822797775,80.1960983276,67044,67054,10
12.9816904068,80.1957931519,67054,67074,20
12.9816904068,80.1957931519,67074,67085,11
12.9814500809,80.1956787109,67085,67095,10
12.9811401367,80.1955108643,67095,67105,10
12.9806804657,80.1952896118,67105,67115,10
12.9801197052,80.1949920654,67115,67125,10
12.9795799255,80.1946334839,67125,67135,10
12.979060173,80.1942901611,67135,67145,10
12.9785003662,80.1940307617,67145,67155,10
12.977640152,80.1938705444,67155,67176,21
12.977640152,80.1938705444,67176,67186,10
12.9775800705,80.1938705444,67186,67196,10
12.9772796631,80.1937789917,67196,67206,10
12.9767904282,80.1935882568,67206,67216,10
12.9763803482,80.1932830811,67216,67226,10
12.9759998322,80.1930007935,67226,67236,10
12.9755401611,80.1926879883,67236,67246,10
12.9750299454,80.1924591064,67246,67256,10
12.9746198654,80.1922988892,67256,67266,10
12.9743003845,80.192199707,67266,67277,11
12.9739198685,80.1920471191,67277,67287,10
12.9738998413,80.1920471191,67287,67297,10
12.97356987,80.1919403076,67297,67307,10
12.9732198715,80.1918029785,67307,67317,10
12.9727096558,80.191619873,67317,67327,10
12.9722299576,80.19140625,67327,67347,20
12.9722299576,80.19140625,67347,67357,10
12.9719600677,80.1912765503,67357,67368,11
12.9714603424,80.1910629272,67368,67378,10
12.9710702896,80.1908798218,67378,67388,10
12.9706401825,80.1906967163,67388,67398,10
12.9702796936,80.1905517578,67398,67408,10
12.9700202942,80.1904296875,67408,67418,10
12.9696397781,80.190246582,67418,67428,10
12.9692802429,80.1900787354,67428,67444,16
12.9688501358,80.1898803711,67444,67457,13
12.9681196213,80.1895523071,67457,67477,20
12.9681196213,80.1895523071,67477,67488,11
12.9679403305,80.1894683838,67488,67497,9
12.967590332,80.1893234253,67497,67508,11
12.9671201706,80.1891326904,67508,67518,10
12.9666795731,80.1889572144,67518,67528,10
12.9663095474,80.1888122559,67528,67538,10
12.9660301208,80.1886901855,67538,67548,10
12.965760231,80.188583374,67548,67559,11
12.9654798508,80.1884613037,67559,67569,10
12.965089798,80.188331604,67569,67579,10
12.9648799896,80.1882629395,67579,67589,10
12.9647397995,80.1882171631,67589,67599,10
12.9642696381,80.1880493164,67599,67609,10
12.9636898041,80.1878585815,67609,67619,10
12.963060379,80.1876983643,67619,67629,10
12.9624700546,80.1875686646,67629,67639,10
12.9621295929,80.1875,67639,67649,10
12.9616298676,80.1874008179,67649,67660,11
12.9609498978,80.187286377,67660,67670,10
12.9607601166,80.1872634888,67670,67680,10
12.9606199265,80.18724823,67680,67690,10
12.9602899551,80.1871795654,67690,67700,10
12.9598999023,80.1871414185,67700,67710,10
12.9593601227,80.1871109009,67710,67720,10
12.9588403702,80.1870574951,67720,67730,10
12.958530426,80.1870727539,67730,67740,10
12.957909584,80.1870803833,67740,67750,10
12.9572896957,80.1870803833,67750,67761,11
12.9566001892,80.1870269775,67761,67771,10
12.955789566,80.1869888306,67771,67821,50
12.955789566,80.1869888306,67821,67831,10
12.9553403854,80.1868972778,67831,67841,10
12.9547996521,80.1868133545,67841,67852,11
12.9541196823,80.186706543,67852,67862,10
12.9533004761,80.1865768433,67862,67872,10
12.9523296356,80.1863937378,67872,67882,10
12.9514598846,80.1861495972,67882,67892,10
12.9506797791,80.1858825684,67892,67902,10
12.9500303268,80.1856613159,67902,67912,10
12.9495201111,80.1855316162,67912,67932,20
12.9495201111,80.1855316162,67932,67942,10
12.9494104385,80.1855010986,67942,67953,11
12.9490203857,80.1853485107,67953,67963,10
12.9489097595,80.1853103638,67963,67973,10
12.9487600327,80.1852493286,67973,67983,10
12.948340416,80.1851196289,67983,67993,10
12.9477396011,80.1848373413,67993,68003,10
12.9471702576,80.1844482422,68003,68013,10
12.9467897415,80.1841506958,68013,68023,10
12.9466199875,80.1840286255,68023,68033,10
12.9464101791,80.1838607788,68033,68044,11
12.9458904266,80.1834411621,68044,68054,10
12.9452495575,80.1831130981,68054,68064,10
12.9448204041,80.1831130981,68064,68074,10
12.9447698593,80.1831130981,68074,68084,10
12.9445199966,80.1831130981,68084,68094,10
12.9440202713,80.1830825806,68094,68104,10
12.9433698654,80.1830291748,68104,68114,10
12.9426202774,80.1830062866,68114,68124,10
12.9418401718,80.1829223633,68124,68134,10
12.941160202,80.1828536987,68134,68145,11
12.9405899048,80.1828384399,68145,68155,10
12.9401702881,80.182800293,68155,68165,10
12.9396896362,80.1827087402,68165,68185,20
12.9396896362,80.1827087402,68185,68195,10
12.9396400452,80.1827011108,68195,68205,10
12.9393100739,80.1826019287,68205,68215,10
12.9390602112,80.1825180054,68215,68225,10
12.9387102127,80.1824417114,68225,68236,11
12.9380598068,80.1823272705,68236,68246,10
12.9375,80.1823120117,68246,68256,10
12.9371099472,80.1822967529,68256,68266,10
12.9366397858,80.1823272705,68266,68276,10
12.9360198975,80.1823883057,68276,68286,10
12.9355401993,80.182472229,68286,68296,10
12.9355201721,80.1824798584,68296,68306,10
12.9353103638,80.1824798584,68306,68316,10
12.9347200394,80.1823730469,68316,68326,10
12.9340200424,80.1821899414,68326,68337,11
12.933139801,80.181968689,68337,68347,10
12.9323196411,80.1817932129,68347,68357,10
12.9315595627,80.1816864014,68357,68367,10
12.9311199188,80.181640625,68367,68377,10
12.9311103821,80.181640625,68377,68387,10
12.9308795929,80.1816101074,68387,68397,10
12.930390358,80.1816482544,68397,68407,10
12.9298496246,80.1817779541,68407,68417,10
12.9292602539,80.181930542,68417,68428,11
12.9285297394,80.1821136475,68428,68438,10
12.9278497696,80.1822891235,68438,68448,10
12.9271602631,80.1824417114,68448,68458,10
12.9264602661,80.1825790405,68458,68468,10
12.9257698059,80.1827087402,68468,68478,10
12.9251003265,80.1828079224,68478,68488,10
12.9245996475,80.1828918457,68488,68498,10
12.924539566,80.1829071045,68498,68508,10
12.9241399765,80.1829681396,68508,68518,10
12.9235696793,80.1830673218,68518,68529,11
12.9229202271,80.1831665039,68529,68539,10
12.9223804474,80.1833114624,68539,68549,10
12.9217596054,80.1835479736,68549,68559,10
12.9211397171,80.1837997437,68559,68569,10
12.9206199646,80.1840286255,68569,68579,10
12.9201698303,80.1839599609,68579,68589,10
12.9200601578,80.1834335327,68589,68599,10
12.9199399948,80.1829605103,68599,68619,20
12.9199399948,80.1829605103,68619,68630,11
12.9198598862,80.1826095581,68630,68640,10
12.919719696,80.1824417114,68640,68656,16
12.919380188,80.1823196411,68656,68941,285
12.919380188,80.1823196411,68941,68951,10
12.9194002151,80.1822662354,68951,68961,10
12.9196596146,80.1820373535,68961,69001,40
12.9196596146,80.1820373535,69001,69012,11
12.9198799133,80.1820831299,69012,69022,10
12.9199895859,80.182510376,69022,69032,10
12.9201202393,80.183052063,69032,69042,10
12.9202604294,80.1835403442,69042,69062,20
12.9202604294,80.1835403442,69062,69072,10
12.9202699661,80.1836471558,69072,69082,10
12.9203701019,80.1839904785,69082,69102,20
12.9203701019,80.1839904785,69102,69113,11
12.9203996658,80.1840362549,69113,69123,10
12.9207296371,80.1839370728,69123,69133,10
12.9212999344,80.1837234497,69133,69143,10
12.9219398499,80.1834564209,69143,69153,10
12.922659874,80.1832199097,69153,69163,10
12.9233102798,80.18309021,69163,69173,10
12.9240198135,80.1829528809,69173,69183,10
12.9246797562,80.1828308105,69183,69193,10
12.9254102707,80.1827163696,69193,69204,11
12.926199913,80.1825866699,69204,69214,10
12.9269104004,80.1824493408,69214,69224,10
12.9278001785,80.182258606,69224,69234,10
12.9286203384,80.1820602417,69234,69244,10
12.9294395447,80.1818466187,69244,69254,10
12.9302196503,80.1816482544,69254,69264,10
12.9310598373,80.1815414429,69264,69274,10
12.9314603806,80.181602478,69274,69284,10
12.9314899445,80.1816177368,69284,69294,10
12.9317398071,80.181678772,69294,69305,11
12.9323701859,80.1817779541,69305,69315,10
12.9330701828,80.181930542,69315,69325,10
12.9338302612,80.1821212769,69325,69335,10
12.9344902039,80.1822967529,69335,69345,10
12.9349603653,80.1824035645,69345,69355,10
12.9350204468,80.1824188232,69355,69365,10
12.9354600906,80.1824493408,69365,69375,10
12.9359998703,80.1824111938,69375,69385,10
12.936630249,80.1823272705,69385,69395,10
12.9372701645,80.1822967529,69395,69406,11
12.9379396439,80.1822967529,69406,69416,10
12.9388599396,80.1824493408,69416,69436,20
12.9388599396,80.1824493408,69436,69446,10
12.939040184,80.1825485229,69446,69456,10
12.9393100739,80.1826171875,69456,69472,16
12.9397802353,80.1827392578,69472,69484,12
12.9404602051,80.1828384399,69484,69492,8
12.9408798218,80.1828384399,69492,69505,13
12.9416999817,80.1828918457,69505,69515,10
12.9426002502,80.1829986572,69515,69524,9
12.9433097839,80.1830215454,69524,69534,10
12.9439897537,80.183052063,69534,69545,11
12.9445695877,80.1830673218,69545,69555,10
12.9449100494,80.18309021,69555,69565,10
12.9455604553,80.1831817627,69565,69575,10
12.9462203979,80.1836624146,69575,69585,10
12.9468097687,80.1840896606,69585,69596,11
12.9468402863,80.1841201782,69596,69606,10
12.9470100403,80.1842727661,69606,69616,10
12.9473400116,80.1845321655,69616,69626,10
12.9478902817,80.1849212646,69626,69636,10
12.9488801956,80.185256958,69636,69727,91
12.9488801956,80.185256958,69727,69737,10
12.9489402771,80.1852722168,69737,69747,10
12.9493503571,80.1854171753,69747,69757,10
12.9499702454,80.1856231689,69757,69767,10
12.9507398605,80.1858825684,69767,69777,10
12.9515695572,80.1861572266,69777,69788,11
12.9524097443,80.1864089966,69788,69798,10
12.9529304504,80.1865386963,69798,69808,10
12.9534597397,80.1866226196,69808,69818,10
12.9539699554,80.1866989136,69818,69828,10
12.9542398453,80.1867218018,69828,69838,10
12.9544200897,80.1867599487,69838,69939,101
12.9547796249,80.1868133545,69939,70000,61
12.9547796249,80.1868133545,70000,70010,10
12.9548597336,80.1867980957,70010,70020,10
12.9549398422,80.1868133545,70020,70030,10
12.9550800323,80.1868286133,70030,70151,121
12.9550800323,80.1868286133,70151,70161,10
12.9554395676,80.186920166,70161,70172,11
12.9556303024,80.186958313,70172,70182,10
12.9559803009,80.1869888306,70182,70202,20
12.9559803009,80.1869888306,70202,70212,10
12.9563398361,80.1870269775,70212,70222,10
12.9568996429,80.1870803833,70222,70232,10
12.9574604034,80.1871109009,70232,70242,10
12.9581604004,80.1871109009,70242,70252,10
12.9587001801,80.1871185303,70252,70263,11
12.9593601227,80.1871566772,70263,70273,10
12.9599399567,80.1872024536,70273,70283,10
12.9604997635,80.1872406006,70283,70293,10
12.9609804153,80.1873168945,70293,70303,10
12.9613800049,80.1873779297,70303,70313,10
12.9616804123,80.1874465942,70313,70323,10
12.9622001648,80.187538147,70323,70333,10
12.9628801346,80.1876831055,70333,70343,10
12.9635601044,80.1878204346,70343,70353,10
12.9640903473,80.1879882813,70353,70364,11
12.9647302628,80.1881866455,70364,70374,10
12.965259552,80.1883773804,70374,70384,10
12.9655799866,80.1885223389,70384,70394,10
12.9656801224,80.1885528564,70394,70404,10
12.9660902023,80.1887207031,70404,70414,10
12.9666595459,80.188949585,70414,70424,10
12.9672803879,80.1892089844,70424,70434,10
12.9678602219,80.189453125,70434,70444,10
12.9682302475,80.1896209717,70444,70455,11
12.96833992,80.1896820068,70455,70465,10
12.9687204361,80.1898803711,70465,70475,10
12.9691495895,80.1900634766,70475,70485,10
12.9694700241,80.1902236938,70485,70495,10
12.9699201584,80.1904220581,70495,70505,10
12.9702596664,80.1905822754,70505,70515,10
12.9707098007,80.1907730103,70515,70525,10
12.9711399078,80.1909713745,70525,70535,10
12.9716300964,80.1911621094,70535,70545,10
12.9721403122,80.1913909912,70545,70556,11
12.9723997116,80.1915130615,70556,70566,10
12.9725704193,80.1915664673,70566,70576,10
12.9727497101,80.1916427612,70576,70586,10
12.9728403091,80.1916809082,70586,70596,10
12.9731998444,80.1918106079,70596,70606,10
12.973739624,80.1920013428,70606,70616,10
12.9742603302,80.192199707,70616,70626,10
12.9747495651,80.1923904419,70626,70636,10
12.975230217,80.1925735474,70636,70646,10
12.9755897522,80.192741394,70646,70657,11
12.9760503769,80.193069458,70657,70667,10
12.9762096405,80.1931991577,70667,70677,10
12.976559639,80.1934432983,70677,70687,10
12.9769897461,80.1936798096,70687,70697,10
12.977399826,80.1938323975,70697,70707,10
12.9777803421,80.193901062,70707,70717,10
12.978099823,80.193939209,70717,70727,10
12.9781398773,80.1939468384,70727,70737,10
12.9784803391,80.1940383911,70737,70748,11
12.978969574,80.1942596436,70748,70758,10
12.9794902802,80.1945800781,70758,70768,10
12.9799995422,80.1949234009,70768,70778,10
12.9805603027,80.1952362061,70778,70788,10
12.9810400009,80.1954574585,70788,70798,10
12.9810800552,80.1954803467,70798,70808,10
12.9813404083,80.1956329346,70808,70818,10
12.9816598892,80.1957931519,70818,70828,10
12.9819602966,80.1959609985,70828,70839,11
12.982339859,80.1961364746,70839,70849,10
12.9828100204,80.1963882446,70849,70859,10
12.983039856,80.1963806152,70859,70869,10
12.9834098816,80.1962280273,70869,70879,10
12.9833498001,80.1964263916,70879,70889,10
12.9831800461,80.1965866089,70889,70899,10
12.9833803177,80.1967315674,70899,70909,10
12.9838895798,80.1970291138,70909,70919,10
12.9844503403,80.1973419189,70919,70929,10
12.9851303101,80.1973419189,70929,70940,11
12.9858798981,80.1972579956,70940,70950,10
12.9863796234,80.1973419189,70950,70960,10
12.9864702225,80.1973571777,70960,70970,10
12.9868202209,80.1974411011,70970,70980,10
12.9874401093,80.197593689,70980,70990,10
12.9882202148,80.1977920532,70990,71000,10
12.9887599945,80.1979522705,71000,71010,10
12.9894599915,80.1981506348,71010,71020,10
12.9903202057,80.1983566284,71020,71030,10
12.9911603928,80.1985626221,71030,71041,11
12.9917402267,80.1987075806,71041,71051,10
12.9917697906,80.1987380981,71051,71061,10
12.9920301437,80.1988677979,71061,71071,10
12.9923696518,80.1990737915,71071,71081,10
12.9926595688,80.1992492676,71081,71091,10
12.9928398132,80.1993789673,71091,71101,10
12.9930200577,80.199546814,71101,71121,20
12.9930200577,80.199546814,71121,71132,11
12.9931898117,80.1997070313,71132,71142,10
12.9934196472,80.1998825073,71142,71152,10
12.9937696457,80.200088501,71152,71162,10
12.99421978,80.2002563477,71162,71192,30
12.99421978,80.2002563477,71192,71202,10
12.9944095612,80.2003326416,71202,71334,132
12.9944095612,80.2003326416,71334,71344,10
12.994720459,80.2003936768,71344,71354,10
12.9947795868,80.2004089355,71354,71364,10
12.9949398041,80.2005996704,71364,71374,10
12.9949798584,80.2006912231,71374,71384,10
12.9949903488,80.2009124756,71384,71394,10
12.9949998856,80.2012863159,71394,71404,10
12.9950199127,80.2016067505,71404,71414,10
12.9950504303,80.2019729614,71414,71425,11
12.9950399399,80.2023925781,71425,71435,10
12.9949903488,80.2028198242,71435,71445,10
12.9950504303,80.2031402588,71445,71455,10
12.9949598312,80.2036209106,71455,71464,9
12.9948101044,80.204208374,71464,71475,11
12.9946804047,80.2047805786,71475,71485,10
12.9946699142,80.205116272,71485,71495,10
12.9946498871,80.2055587769,71495,71505,10
12.9946203232,80.2059631348,71505,71515,10
12.9945602417,80.2064590454,71515,71556,41
12.9945602417,80.2064590454,71556,71566,10
12.9945497513,80.2067718506,71566,71576,10
12.9945802689,80.2068405151,71576,71586,10
12.9944801331,80.2069091797,71586,71596,10
12.9944095612,80.2067565918,71596,71738,142
12.9944095612,80.2067565918,71738,71748,10
12.9945602417,80.2063064575,71748,71758,10
12.9946203232,80.205871582,71758,71768,10
12.9946403503,80.205581665,71768,71778,10
12.9946699142,80.2051315308,71778,71788,10
12.9946804047,80.2047271729,71788,71798,10
12.9947900772,80.2042999268,71798,71809,11
12.9949197769,80.2037582397,71809,71819,10
12.9950199127,80.2033081055,71819,71829,10
12.9949598312,80.2029571533,71829,71839,10
12.9950199127,80.202583313,71839,71849,10
12.9950399399,80.2019805908,71849,71980,131
12.9949903488,80.2016220093,71980,72031,51
12.9949903488,80.2016220093,72031,72041,10
12.9949703217,80.2013168335,72041,72051,10
12.9949598312,80.201133728,72051,72061,10
12.9949598312,80.200920105,72061,72071,10
12.9949197769,80.2005996704,72071,72102,31
12.9949197769,80.2005996704,72102,72112,10
12.9947595596,80.2003631592,72112,72122,10
12.9945802689,80.2003326416,72122,72132,10
12.99421978,80.2002792358,72132,72263,131
12.99421978,80.2002792358,72263,72273,10
12.9938097,80.2001190186,72273,72283,10
12.9935703278,80.1999969482,72283,72294,11
12.9932804108,80.1997528076,72294,72304,10
12.9929895401,80.199508667,72304,72314,10
12.9926700592,80.199256897,72314,72324,10
12.9923400879,80.1990585327,72324,72334,10
12.991979599,80.1988601685,72334,72344,10
12.9914999008,80.1986618042,72344,72354,10
12.9910402298,80.1985397339,72354,72364,10
12.9907598495,80.1985092163,72364,72374,10
12.9904899597,80.1984405518,72374,72385,11
12.9899597168,80.1983108521,72385,72395,10
12.9893198013,80.1981277466,72395,72404,9
12.9887199402,80.1979675293,72404,72415,11
12.9882698059,80.1978302002,72415,72425,10
12.9875898361,80.1976470947,72425,72435,10
12.9868803024,80.1974868774,72435,72445,10
12.9865598679,80.1974334717,72445,72455,10
12.9863595963,80.1973724365,72455,72465,10
12.9857997894,80.1972732544,72465,72475,10
12.9851198196,80.1973190308,72475,72486,11
12.9844303131,80.1973419189,72486,72496,10
12.9841003418,80.1971817017,72496,72506,10
12.983590126,80.1968994141,72506,72516,10
12.9831199646,80.1965866089,72516,72526,10
12.9827299118,80.1967010498,72526,72536,10
12.982339859,80.1970367432,72536,72546,10
12.9821100235,80.1970901489,72546,72556,10
12.9821796417,80.1969223022,72556,72566,10
12.9825401306,80.196647644,72566,72577,11
12.9827604294,80.1964263916,72577,72587,10
12.982629776,80.1962814331,72587,72597,10
12.9822301865,80.1960678101,72597,72607,10
12.9818201065,80.195892334,72607,72617,10
12.9817800522,80.1958694458,72617,72627,10
12.9816598892,80.1958236694,72627,72637,10
12.9814796448,80.1957168579,72637,72647,10
12.9810695648,80.1955032349,72647,72657,10
12.9805698395,80.1952590942,72657,72667,10
12.9800701141,80.1949996948,72667,72678,11
12.979640007,80.1947021484,72678,72688,10
12.9792404175,80.1943969727,72688,72704,16
12.9787597656,80.1941375732,72704,72716,12
12.9782800674,80.193977356,72716,72726,10
12.9778604507,80.193901062,72726,72736,10
12.9776496887,80.1938705444,72736,72746,10
12.9775295258,80.1938400269,72746,72756,10
12.9772396088,80.1937637329,72756,72766,10
12.9767904282,80.1935806274,72766,72777,11
12.9763803482,80.1932907104,72777,72786,9
12.9762201309,80.1931533813,72786,72797,11
12.9758796692,80.1929092407,72797,72807,10
12.9753398895,80.1925964355,72807,72817,10
12.9747495651,80.1923675537,72817,72827,10
12.9743700027,80.1922073364,72827,72837,10
12.9738798141,80.1920318604,72837,72847,10
12.973400116,80.1918563843,72847,72857,10
12.9729404449,80.1916885376,72857,72868,11
12.9725103378,80.1915283203,72868,72878,10
12.9721498489,80.1913833618,72878,72888,10
12.9721403122,80.191368103,72888,72898,10
12.9719495773,80.1912918091,72898,72908,10
12.9716997147,80.1911621094,72908,72918,10
12.9713201523,80.1909866333,72918,72928,10
12.9709701538,80.1908416748,72928,72938,10
12.9705200195,80.1906509399,72938,72948,10
12.9700298309,80.1904296875,72948,72958,10
12.9696102142,80.190246582,72958,72969,11
12.9693202972,80.1901168823,72969,72979,10
12.9691896439,80.1900482178,72979,72989,10
12.9689102173,80.1899185181,72989,73005,16
12.9682197571,80.1895675659,73005,73017,12
12.9680700302,80.1895217896,73017,73025,8
12.9680204391,80.1895065308,73025,73037,12
12.9676399231,80.1893463135,73037,73047,10
12.9671201706,80.1891403198,73047,73057,10
12.9666700363,80.1889419556,73057,73067,10
12.9661598206,80.1887283325,73067,73078,11
12.9656295776,80.1885223389,73078,73088,10
12.9652099609,80.188331604,73088,73098,10
12.9649496078,80.1882324219,73098,73108,10
12.9648199081,80.1881866455,73108,73118,10
12.9645204544,80.1880722046,73118,73128,10
12.9640102386,80.1879425049,73128,73138,10
12.9635601044,80.187789917,73138,73148,10
12.9631595612,80.1876907349,73148,73159,11
12.9626302719,80.1875610352,73159,73169,10
12.9622097015,80.1874694824,73169,73179,10
12.961640358,80.1873779297,73179,73189,10
12.9611101151,80.1873016357,73189,73199,10
12.9607000351,80.1872634888,73199,73209,10
12.9606599808,80.1872406006,73209,73219,10
12.9603595734,80.1871871948,73219,73229,10
12.9600200653,80.1871414185,73229,73239,10
12.9596595764,80.1871109009,73239,73249,10
12.9591398239,80.1870803833,73249,73266,17
12.9580698013,80.1870803833,73266,73278,12
12.9573497772,80.1870803833,73278,73288,10
12.9567499161,80.1870422363,73288,73297,9
12.9563102722,80.1870193481,73297,73308,11
12.9558601379,80.1869888306,73308,73349,41
12.9558601379,80.1869888306,73349,73359,10
12.9556398392,80.1869506836,73359,73369,10
12.9556303024,80.1869430542,73369,73379,10
12.9554901123,80.186920166,73379,73389,10
12.955039978,80.1868362427,73389,73399,10
12.9544200897,80.1867523193,73399,73409,10
12.953669548,80.186630249,73409,73419,10
12.952870369,80.1865234375,73419,73429,10
12.9520597458,80.1863174438,73429,73439,10
12.9513196945,80.1860961914,73439,73450,11
12.9505701065,80.1858520508,73450,73460,10
12.9499702454,80.1856536865,73460,73470,10
12.9492998123,80.1854476929,73470,73510,40
12.9492998123,80.1854476929,73510,73520,10
12.9490098953,80.1853485107,73520,73530,10
12.94851017,80.1851730347,73530,73541,11
12.9478797913,80.1849365234,73541,73551,10
12.9472398758,80.1845092773,73551,73560,9
12.9467000961,80.1841125488,73560,73571,11
12.946559906,80.1840209961,73571,73581,10
12.9463596344,80.1838531494,73581,73591,10
12.945980072,80.1835479736,73591,73601,10
12.9454698563,80.1831893921,73601,73611,10
12.9449396133,80.1831130981,73611,73621,10
12.944439888,80.1830978394,73621,73631,10
12.9443998337,80.1830978394,73631,73642,11
12.9440202713,80.1830596924,73642,73652,10
12.943479538,80.1830215454,73652,73662,10
12.9428300858,80.1830062866,73662,73672,10
12.9420900345,80.1829299927,73672,73682,10
12.9413404465,80.1828384399,73682,73692,10
12.9406404495,80.1828079224,73692,73702,10
12.9401302338,80.1827697754,73702,73712,10
12.9394903183,80.1826477051,73712,73743,31
12.9394903183,80.1826477051,73743,73753,10
12.9394702911,80.1825790405,73753,73763,10
12.939160347,80.1825027466,73763,73773,10
12.9388103485,80.1824188232,73773,73783,10
12.9383201599,80.1823272705,73783,73793,10
12.9377298355,80.1822814941,73793,73803,10
12.9371204376,80.1822814941,73803,73813,10
12.9365501404,80.1822967529,73813,73823,10
12.9359397888,80.1823806763,73823,73834,11
12.9352798462,80.1824569702,73834,73844,10
12.9351902008,80.182472229,73844,73854,10
12.9350795746,80.1824569702,73854,73864,10
12.9346599579,80.1823577881,73864,73874,10
12.9340600967,80.182220459,73874,73884,10
12.9333400726,80.1820297241,73884,73894,10
12.9324903488,80.1818389893,73894,73904,10
12.9316596985,80.1817016602,73904,73914,10
12.9309997559,80.1816177368,73914,73925,11
12.9309797287,80.1816177368,73925,73941,16
12.9304895401,80.1816101074,73941,73953,12
12.9296998978,80.1817779541,73953,73963,10
12.9290399551,80.1819534302,73963,73973,10
12.9281396866,80.1821670532,73973,73983,10
12.9272403717,80.1823806763,73983,73992,9
12.9265804291,80.1825180054,73992,74003,11
12.9255800247,80.1827011108,74003,74013,10
12.9247598648,80.1828384399,74013,74024,11
12.9243097305,80.1829223633,74024,74034,10
12.9239196777,80.1829910278,74034,74044,10
12.9232997894,80.1830978394,74044,74054,10
12.9225797653,80.1832275391,74054,74064,10
12.9218397141,80.1835174561,74064,74074,10
12.9212999344,80.1837310791,74074,74084,10
12.9211597443,80.1837921143,74084,74094,10
12.9208803177,80.1839065552,74094,74104,10
12.9204702377,80.1840820313,74104,74165,61
12.9204702377,80.1840820313,74165,74175,10
12.9204301834,80.1841201782,74175,74185,10
12.9201698303,80.1840209961,74185,74195,10
12.9200496674,80.1834564209,74195,74205,10
12.9199399948,80.1828918457,74205,74216,11
12.9198799133,80.1826782227,74216,74226,10
12.9198799133,80.1826324463,74226,74236,10
12.9197998047,80.1824569702,74236,74246,10
12.9195899963,80.1824798584,74246,74256,10
12.9193401337,80.1822509766,74256,74347,91
12.9193401337,80.1822509766,74347,74357,10
12.9195604324,80.1819915771,74357,74377,20
12.9195604324,80.1819915771,74377,74387,10
12.9196901321,80.1819992065,74387,74408,21
12.9196901321,80.1819992065,74408,74418,10
12.9199104309,80.1821517944,74418,74428,10
12.9200296402,80.1827316284,74428,74438,10
12.9201602936,80.1832885742,74438,74448,10
12.9201602936,80.18334198,74448,74458,10
12.9201602936,80.1834411621,74458,74468,10
12.9202699661,80.1838531494,74468,74478,10
12.9204797745,80.1840209961,74478,74488,10
12.9210300446,80.1837997437,74488,74498,10
12.9217796326,80.1834869385,74498,74509,11
12.9227199554,80.1831665039,74509,74519,10
12.9234800339,80.1830291748,74519,74529,10
12.9242801666,80.1828765869,74529,74539,10
12.9249401093,80.1827697754,74539,74549,10
12.9256496429,80.1826629639,74549,74559,10
12.9263801575,80.1825408936,74559,74569,10
12.9271297455,80.1823883057,74569,74579,10
12.9278402328,80.182258606,74579,74589,10
12.9286403656,80.1820602417,74589,74600,11
12.9294595718,80.1818771362,74600,74610,10
12.9303197861,80.181640625,74610,74620,10
12.931189537,80.1815795898,74620,74630,10
12.9314403534,80.1816177368,74630,74640,10
12.931520462,80.1816329956,74640,74650,10
12.9320001602,80.1817321777,74650,74660,10
12.9327497482,80.1818618774,74660,74670,10
12.933549881,80.1820602417,74670,74680,10
12.9343204498,80.1822509766,74680,74690,10
12.9348402023,80.1823806763,74690,74701,11
12.9348897934,80.1823883057,74701,74711,10
12.9352397919,80.1824417114,74711,74721,10
12.9353704453,80.1824493408,74721,74731,10
12.9357595444,80.1824188232,74731,74741,10
12.9364204407,80.1823272705,74741,74751,10
12.9371404648,80.1823120117,74751,74761,10
12.9378995895,80.1823120117,74761,74771,10
12.9388198853,80.1824188232,74771,74791,20
12.9388198853,80.1824188232,74791,74802,11
12.9388799667,80.1824569702,74802,74812,10
12.9391298294,80.1825408936,74812,74822,10
12.9395198822,80.1826477051,74822,74832,10
12.9399995804,80.182762146,74832,74842,10
12.9405498505,80.1828079224,74842,74852,10
12.9410600662,80.1828231812,74852,74862,10
12.9418001175,80.1828994751,74862,74872,10
12.9426298141,80.1829986572,74872,74882,10
12.9434404373,80.1830215454,74882,74893,11
12.9438495636,80.1830215454,74893,74903,10
12.9442796707,80.183052063,74903,74913,10
12.9444503784,80.1830596924,74913,74923,10
12.944729805,80.1830825806,74923,74933,10
12.945309639,80.1831207275,74933,74943,10
12.9459199905,80.1834487915,74943,74953,10
12.9465503693,80.1839294434,74953,74963,10
12.9467897415,80.18409729,74963,74973,10
12.9468202591,80.1841201782,74973,74983,10
12.9470996857,80.1843719482,74983,74994,11
12.9476995468,80.1848220825,74994,75004,10
12.9484395981,80.1851501465,75004,75014,10
12.9491300583,80.1853637695,75014,75024,10
12.9497699738,80.1855697632,75024,75034,10
12.9504003525,80.1857681274,75034,75044,10
12.9511098862,80.1860198975,75044,75054,10
12.9518404007,80.1862564087,75054,75064,10
12.952580452,80.1864624023,75064,75074,10
12.9533596039,80.1865921021,75074,75085,11
12.9541301727,80.186706543,75085,75095,10
12.9547796249,80.1868133545,75095,75105,10
12.9552402496,80.1868667603,75105,75115,10
12.9553604126,80.1868972778,75115,75125,10
12.9555797577,80.186920166,75125,75135,10
12.9559497833,80.1869812012,75135,75145,10
12.9560403824,80.1869812012,75145,75155,10
12.9560899734,80.18699646,75155,75165,10
12.9564599991,80.1870422363,75165,75175,10
12.9570198059,80.1870880127,75175,75186,11
12.9575901031,80.1871032715,75186,75196,10
12.9581203461,80.1871032715,75196,75206,10
12.9586400986,80.1871109009,75206,75216,10
12.9591598511,80.1871414185,75216,75226,10
12.9596796036,80.187171936,75226,75236,10
12.9601297379,80.1871871948,75236,75246,10
12.9607200623,80.187286377,75246,75255,9
12.9612102509,80.1873626709,75255,75265,10
12.9614896774,80.1874008179,75265,75277,12
12.9616699219,80.1874389648,75277,75287,10
12.9621696472,80.187538147,75287,75297,10
12.962770462,80.1876525879,75297,75307,10
12.9631900787,80.1877365112,75307,75317,10
12.9635601044,80.1878433228,75317,75327,10
12.9640798569,80.1880111694,75327,75337,10
12.9646501541,80.1881866455,75337,75347,10
12.9651403427,80.1883621216,75347,75357,10
12.9654998779,80.1884994507,75357,75367,10
12.9656200409,80.1885528564,75367,75378,11
12.9660301208,80.1887207031,75378,75388,10
12.9665603638,80.1889419556,75388,75398,10
12.967209816,80.189201355,75398,75408,10
12.9677801132,80.189453125,75408,75418,10
12.9682798386,80.1896591187,75418,75428,10
12.968290329,80.1896820068,75428,75438,10
12.968580246,80.1898193359,75438,75448,10
12.9688997269,80.189956665,75448,75458,10
12.9690999985,80.1900482178,75458,75469,11
12.9695997238,80.1902770996,75469,75479,10
12.9700803757,80.1904983521,75479,75489,10
12.9705200195,80.1906967163,75489,75499,10
12.970990181,80.19090271,75499,75509,10
12.9714603424,80.1911087036,75509,75519,10
12.9718399048,80.1912765503,75519,75529,10
12.9723596573,80.1915130615,75529,75539,10
12.9726896286,80.1916427612,75539,75549,10
12.9727401733,80.19165802,75549,75559,10
12.9730300903,80.1917572021,75559,75570,11
12.9736099243,80.1919937134,75570,75580,10
12.9742298126,80.1922302246,75580,75590,10
12.9747600555,80.1924133301,75590,75600,10
12.9751596451,80.1925735474,75600,75610,10
12.9754400253,80.1927108765,75610,75620,10
12.9757404327,80.1928787231,75620,75630,10
12.9761199951,80.1931915283,75630,75640,10
12.9765796661,80.1934967041,75640,75650,10
12.9771299362,80.1937789917,75650,75661,11
12.9776096344,80.1938781738,75661,75671,10
12.9779901505,80.193939209,75671,75681,10
12.9780502319,80.1939468384,75681,75691,10
12.9781799316,80.1939926147,75691,75701,10
12.9785203934,80.1940994263,75701,75711,10
12.9790296555,80.1943435669,75711,75721,10
12.9795598984,80.1946868896,75721,75731,10
12.9801597595,80.1950836182,75731,75741,10
12.9807300568,80.1953811646,75741,75752,11
12.9809904099,80.1955032349,75752,75762,10
12.9810400009,80.1955413818,75762,75772,10
12.9814195633,80.1957397461,75772,75782,10
12.9819002151,80.1959991455,75782,75792,10
12.9824399948,80.1962509155,75792,75802,10
12.9828195572,80.1964569092,75802,75812,10
12.983130455,80.1963424683,75812,75822,10
12.9833803177,80.1964035034,75822,75832,10
12.9831399918,80.1965408325,75832,75842,10
12.9833297729,80.1967391968,75842,75853,11
12.9838399887,80.1970596313,75853,75863,10
12.9843902588,80.1973571777,75863,75873,10
12.985039711,80.1973724365,75873,75883,10
12.9858398438,80.1972808838,75883,75893,10
12.9866800308,80.1974411011,75893,75903,10
12.9874696732,80.1976165771,75903,75913,10
12.9881696701,80.1977996826,75913,75923,10
12.9888296127,80.1979980469,75923,75933,10
12.9896001816,80.1982116699,75933,75943,10
12.9904003143,80.1984176636,75943,75954,11
12.9916095734,80.1986999512,75954,75974,20
12.9916095734,80.1986999512,75974,75984,10
12.9918003082,80.1987762451,75984,75994,10
12.9921598434,80.1989822388,75994,76004,10
12.9925699234,80.19921875,76004,76014,10
12.9927997589,80.1994018555,76014,76023,9
12.992939949,80.1995315552,76023,76033,10
12.9930801392,80.1996612549,76033,76045,12
12.9934797287,80.1999969482,76045,76055,10
12.9938802719,80.2001800537,76055,76065,10
12.9945602417,80.2003479004,76065,76125,60
12.9945602417,80.2003479004,76125,76135,10
12.9948396683,80.2005004883,76135,76146,11
12.9949398041,80.2008895874,76146,76156,10
12.9949598312,80.2013320923,76156,76166,10
12.9949798584,80.2016601563,76166,76176,10
12.995010376,80.202041626,76176,76186,10
12.9950199127,80.2022705078,76186,76196,10
12.9949998856,80.2025985718,76196,76206,10
12.9949598312,80.2028274536,76206,76216,10
12.9949998856,80.2031173706,76216,76226,10
12.9949998856,80.20337677,76226,76237,11
12.9948997498,80.2038192749,76237,76247,10
12.9947595596,80.2044372559,76247,76257,10
12.9946403503,80.2050476074,76257,76267,10
12.9946403503,80.2054824829,76267,76277,10
12.994600296,80.2060165405,76277,76287,10
12.9945497513,80.2063827515,76287,76297,10
12.9945402145,80.20677948,76297,79594,3297
12.9945201874,80.2065734863,79594,79796,202
