13.0989398956,80.2399215698,20,10075,10055
13.09897995,80.2398834229,10075,11297,1222
13.09897995,80.2398834229,11297,11307,10
13.0990104675,80.2400665283,11307,17594,6287
13.0989103317,80.239982605,17594,17695,101
13.0989398956,80.2399597168,17695,26468,8773
13.0988998413,80.2399291992,26468,26680,212
13.0989198685,80.239906311,26680,28339,1659
13.09897995,80.2400436401,28339,28399,60
13.0988998413,80.2400512695,28399,28470,71
13.0988502502,80.2399291992,28470,28511,41
13.0989303589,80.239906311,28511,29369,858
13.0989303589,80.239906311,29369,29379,10
13.0989599228,80.2399291992,29379,29501,122
13.09897995,80.2399597168,29501,35179,5678
13.09897995,80.2399597168,35179,35189,10
13.0991201401,80.240196228,35189,35199,10
13.0992002487,80.2406082153,35199,35209,10
13.0991201401,80.2408218384,35209,35219,10
13.0989999771,80.240852356,35219,36189,970
13.0991601944,80.2406997681,36189,37808,1619
13.0990600586,80.2408218384,37808,37961,153
13.0990896225,80.2407226563,37961,38274,313
13.0990896225,80.2408218384,38274,47696,9422
13.0989904404,80.2407531738,47696,48261,565
13.0990800858,80.240852356,48261,48769,508
13.0990800858,80.2406692505,48769,49122,353
13.0990896225,80.2408218384,49122,49829,707
13.0990896225,80.2408218384,49829,49839,10
13.0987901688,80.2407608032,49839,49850,11
13.0986995697,80.2407836914,49850,49860,10
13.0985898972,80.2408294678,49860,49870,10
13.098400116,80.2410812378,49870,54945,5075
13.098400116,80.2410812378,54945,54955,10
13.0983104706,80.2411804199,54955,54965,10
13.0985298157,80.2413406372,54965,54975,10
13.0987997055,80.2410964966,54975,54986,11
13.0988702774,80.2408905029,54986,54996,10
13.098690033,80.2406768799,54996,55006,10
13.0984601974,80.2409820557,55006,55015,9
13.098739624,80.2412109375,55015,55258,243
13.098739624,80.2412109375,55258,55268,10
13.0988397598,80.2411804199,55268,55279,11
13.09897995,80.2409210205,55279,55289,10
13.0989999771,80.2407531738,55289,55299,10
13.098859787,80.240447998,55299,55309,10
13.098859787,80.240196228,55309,55319,10
13.0990800858,80.2402877808,55319,55329,10
13.0990495682,80.2403869629,55329,55339,10
13.0989999771,80.2407531738,55339,55349,10
13.0989704132,80.2410583496,55349,55359,10
13.0988998413,80.241569519,55359,55864,505
13.0988998413,80.241569519,55864,55875,11
13.0988397598,80.2416305542,55875,55885,10
13.0988197327,80.2416992188,55885,55895,10
13.0987596512,80.2419433594,55895,55905,10
13.098739624,80.2420501709,55905,55915,10
13.0985403061,80.2422714233,55915,55925,10
13.0982503891,80.2423095703,55925,55935,10
13.0979604721,80.2422866821,55935,55945,10
13.0976896286,80.2422409058,55945,55976,31
13.0976896286,80.2422409058,55976,55986,10
13.0973901749,80.2421264648,55986,55996,10
13.0974197388,80.2418212891,55996,56006,10
13.0974597931,80.2415466309,56006,56016,10
13.0975399017,80.2410583496,56016,56026,10
13.0976104736,80.2404632568,56026,56036,10
13.0976400375,80.2400588989,56036,56046,10
13.097700119,80.2395095825,56046,56056,10
13.0977296829,80.2393264771,56056,56066,10
13.0977602005,80.2389373779,56066,56077,11
13.0978298187,80.2383422852,56077,56087,10
13.0979204178,80.2378692627,56087,56097,10
13.097990036,80.2373580933,56097,56107,10
13.0980596542,80.2369384766,56107,56117,10
13.0981798172,80.2364196777,56117,56127,10
13.0982503891,80.2358322144,56127,56137,10
13.0983495712,80.2353515625,56137,56147,10
13.0984201431,80.2350006104,56147,56157,10
13.0984802246,80.2346115112,56157,56167,10
13.0985097885,80.2344818115,56167,56178,11
13.0985298157,80.2342605591,56178,56188,10
13.0984897614,80.2341079712,56188,56198,10
13.0985202789,80.2338867188,56198,56208,10
13.0985898972,80.2334976196,56208,56218,10
13.0986499786,80.2331008911,56218,56228,10
13.0987701416,80.2325286865,56228,56238,10
13.0988502502,80.232170105,56238,56248,10
13.098859787,80.2321472168,56248,56258,10
13.0989198685,80.231918335,56258,56268,10
13.0989398956,80.2318878174,56268,56279,11
13.0990800858,80.2316818237,56279,56289,10
13.0991802216,80.2313995361,56289,56299,10
13.0992803574,80.2311630249,56299,56309,10
13.099360466,80.2310409546,56309,56319,10
13.0994701385,80.2307281494,56319,56329,10
13.0996198654,80.2301635742,56329,56339,10
13.0997800827,80.2295379639,56339,56349,10
13.0998497009,80.2289886475,56349,56359,10
13.0999603271,80.2284317017,56359,56369,10
13.1000299454,80.2278518677,56369,56380,11
13.1000299454,80.2270202637,56380,56390,10
13.1000003815,80.2263793945,56390,56400,10
13.0999603271,80.2258834839,56400,56410,10
13.0998802185,80.2253570557,56410,56420,10
13.0997695923,80.2248764038,56420,56430,10
13.0996398926,80.2243728638,56430,56440,10
13.099439621,80.2239379883,56440,56450,10
13.0992298126,80.2236480713,56450,56460,10
13.0990495682,80.2233963013,56460,56470,10
13.0988502502,80.2231521606,56470,56481,11
13.0987100601,80.2227783203,56481,56491,10
13.0988197327,80.2213821411,56491,56501,10
13.0988197327,80.2213821411,56501,56511,10
13.0989704132,80.2205734253,56511,56521,10
13.0990896225,80.2198791504,56521,56531,10
13.0991601944,80.2194366455,56531,56541,10
13.0992002487,80.2191696167,56541,56551,10
13.0992803574,80.2186813354,56551,56564,13
13.0993900299,80.2180404663,56564,56575,11
13.0995798111,80.2170562744,56575,56585,10
13.099820137,80.2163772583,56585,56595,10
13.0999002457,80.2161331177,56595,56605,10
13.0999403,80.2158203125,56605,56615,10
13.1000699997,80.2155532837,56615,56625,10
13.1002702713,80.2149200439,56625,56938,313
13.1002702713,80.2149200439,56938,56948,10
13.1001195908,80.2145462036,56948,56958,10
13.0999803543,80.2144927979,56958,56969,11
13.0996799469,80.2144165039,56969,56979,10
13.0993003845,80.2143173218,56979,56989,10
13.098859787,80.2141799927,56989,56999,10
13.0986204147,80.2140808105,56999,57009,10
13.0985097885,80.2140731812,57009,57019,10
13.0983800888,80.2143096924,57019,57029,10
13.0982103348,80.2146911621,57029,57039,10
13.0979003906,80.2154006958,57039,57049,10
13.0976696014,80.2159500122,57049,57059,10
13.0974597931,80.2164535522,57059,57070,11
13.0973701477,80.2166519165,57070,57080,10
13.0972604752,80.2169494629,57080,57090,10
13.0970697403,80.2174987793,57090,57100,10
13.0967998505,80.2182388306,57100,57110,10
13.0965595245,80.2189712524,57110,57120,10
13.0963201523,80.2195892334,57120,57130,10
13.0960502625,80.2203063965,57130,57140,10
13.0958795547,80.2208786011,57140,57150,10
13.0956897736,80.2214813232,57150,57160,10
13.0954399109,80.2221984863,57160,57171,11
13.0951099396,80.2230682373,57171,57181,10
13.0945501328,80.2239532471,57181,57191,10
13.0939903259,80.2247009277,57191,57201,10
13.0935401917,80.2252502441,57201,57211,10
13.0929803848,80.2258300781,57211,57221,10
13.0924701691,80.2263793945,57221,57231,10
13.0918102264,80.2270889282,57231,57241,10
13.0912704468,80.2276611328,57241,57261,20
13.0912704468,80.2276611328,57261,57272,11
13.0911102295,80.2277832031,57272,57282,10
13.0908203125,80.2280807495,57282,57292,10
13.0905103683,80.2284164429,57292,57302,10
13.0901002884,80.2288894653,57302,57312,10
13.089630127,80.2294616699,57312,57322,10
13.0892696381,80.2300415039,57322,57332,10
13.0891199112,80.2302703857,57332,57342,10
13.0888299942,80.2308883667,57342,57362,20
13.0888299942,80.2308883667,57362,57373,11
13.0886802673,80.2311935425,57373,57383,10
13.088549614,80.2315597534,57383,57393,10
13.0883302689,80.2322463989,57393,57403,10
13.0881204605,80.2330093384,57403,57413,10
13.0880403519,80.2337493896,57413,57423,10
13.0878801346,80.2343826294,57423,57433,10
13.0874204636,80.2345428467,57433,57442,9
13.0869503021,80.2345581055,57442,57453,11
13.0866203308,80.2345581055,57453,57463,10
13.0860996246,80.2344589233,57463,57474,11
13.0859498978,80.2344207764,57474,57484,10
13.0855302811,80.2343215942,57484,57494,10
13.0850801468,80.2342071533,57494,57504,10
13.0846004486,80.2341003418,57504,57514,10
13.0842599869,80.2340164185,57514,57524,10
13.083609581,80.2339172363,57524,57554,30
13.083609581,80.2339172363,57554,57564,10
13.083319664,80.2338562012,57564,57575,11
13.0823898315,80.2336807251,57575,57595,20
13.0823898315,80.2336807251,57595,57605,10
13.0820999146,80.2336196899,57605,57615,10
13.0817604065,80.233581543,57615,57625,10
13.0812196732,80.2335281372,57625,57635,10
13.0806798935,80.2335205078,57635,57645,10
13.0801401138,80.233543396,57645,57655,10
13.0797996521,80.2335281372,57655,57665,10
13.0796003342,80.233543396,57665,57676,11
13.0795602798,80.233543396,57676,57686,10
13.0794000626,80.2335662842,57686,57696,10
13.0789299011,80.2335662842,57696,57706,10
13.078499794,80.2335891724,57706,57716,10
13.0779495239,80.2335968018,57716,57726,10
13.0774297714,80.2336578369,57726,57736,10
13.077249527,80.2336883545,57736,57746,10
13.0769701004,80.2337417603,57746,57756,10
13.0766801834,80.2337875366,57756,57766,10
13.0762300491,80.2339172363,57766,57777,11
13.0758800507,80.2342376709,57777,57787,10
13.0760402679,80.2348175049,57787,57797,10
13.0761995316,80.2355575562,57797,57807,10
13.0763397217,80.2362213135,57807,57817,10
13.076379776,80.236618042,57817,57827,10
13.0763998032,80.236831665,57827,57837,10
13.0764703751,80.2371063232,57837,57857,20
13.0764703751,80.2371063232,57857,57867,10
13.0765104294,80.2372589111,57867,57878,11
13.0765895844,80.2375488281,57878,57888,10
13.0767002106,80.2380599976,57888,57898,10
13.0768098831,80.2386169434,57898,57908,10
13.0770397186,80.2393188477,57908,57918,10
13.0772399902,80.2401428223,57918,57928,10
13.0773897171,80.240852356,57928,57938,10
13.0774202347,80.2412490845,57938,57948,10
13.0775003433,80.2417373657,57948,57958,10
13.0776395798,80.2423477173,57958,57968,10
13.0777397156,80.2431182861,57968,57979,11
13.0778398514,80.2438583374,57979,57989,10
13.0778398514,80.2445373535,57989,57999,10
13.0779399872,80.2452468872,57999,58009,10
13.0779800415,80.2459411621,58009,58019,10
13.0780897141,80.2467498779,58019,58029,10
13.0782403946,80.2474899292,58029,58039,10
13.0783901215,80.248260498,58039,58049,10
13.0785799026,80.2489776611,58049,58059,10
13.0787200928,80.2496795654,58059,58069,10
13.0785799026,80.2504806519,58069,58080,11
13.0785398483,80.2511901855,58080,58090,10
13.0785598755,80.2516174316,58090,58100,10
13.0782604218,80.2517471313,58100,58110,10
13.0777997971,80.2518386841,58110,58120,10
13.0768995285,80.251991272,58120,58130,10
13.0761699677,80.2521133423,58130,58140,10
13.075340271,80.2521972656,58140,58150,10
13.0747299194,80.2522277832,58150,58160,10
13.0741300583,80.2522583008,58160,58170,10
13.0737199783,80.252456665,58170,58181,11
13.0731296539,80.2524414063,58181,58191,10
13.0726099014,80.2523574829,58191,58201,10
13.0721702576,80.2520065308,58201,58211,10
13.0720996857,80.2514724731,58211,58221,10
13.0718803406,80.2506637573,58221,58231,10
13.0716495514,80.2499008179,58231,58241,10
13.0714797974,80.2490692139,58241,58251,10
13.0712795258,80.2481994629,58251,58261,10
13.0710201263,80.2474517822,58261,58272,11
13.0706195831,80.2466506958,58272,58282,10
13.0702295303,80.2458114624,58282,58292,10
13.069849968,80.2449188232,58292,58302,10
13.0695495605,80.2440032959,58302,58312,10
13.0693302155,80.2434387207,58312,58322,10
13.0693101883,80.2433776855,58322,58332,10
13.0692501068,80.2432022095,58332,58342,10
13.0691995621,80.2427597046,58342,58352,10
13.0689601898,80.2425613403,58352,58362,10
13.0685195923,80.2426605225,58362,58373,11
13.0679302216,80.2428283691,58373,58383,10
13.0673303604,80.2430496216,58383,58393,10
13.0666399002,80.2433395386,58393,58403,10
13.0660896301,80.2438430786,58403,58413,10
13.0662002563,80.2445068359,58413,58423,10
13.066280365,80.2450332642,58423,58433,10
13.0663204193,80.2452316284,58433,58443,10
13.0663900375,80.2455368042,58443,58452,9
13.0665998459,80.2459030151,58452,58463,11
13.0677995682,80.2465591431,58463,58484,21
13.0677995682,80.2465591431,58484,58494,10
13.0679101944,80.2468795776,58494,58504,10
13.067899704,80.2474212646,58504,58514,10
13.0674200058,80.2478485107,58514,58524,10
13.0666103363,80.247833252,58524,58534,10
13.0658502579,80.2478179932,58534,58544,10
13.0650596619,80.2477874756,58544,58553,9
13.0642004013,80.2477035522,58553,58564,11
13.0632095337,80.2476425171,58564,58575,11
13.0622596741,80.2476425171,58575,58585,10
13.0614995956,80.2473831177,58585,58595,10
13.0613298416,80.2470016479,58595,58604,9
13.06153965,80.2468032837,58604,58615,11
13.0617399216,80.2463989258,58615,58625,10
13.0618600845,80.2458724976,58625,58635,10
13.0620002747,80.2454910278,58635,58645,10
13.0623397827,80.2450714111,58645,58655,10
13.0628004074,80.2447662354,58655,58665,10
13.0630903244,80.2444000244,58665,58676,11
13.0632600784,80.2441482544,58676,58686,10
13.0634298325,80.2437286377,58686,58696,10
13.0632400513,80.2435073853,58696,58706,10
13.0627698898,80.2434234619,58706,58716,10
13.0622797012,80.2433319092,58716,58726,10
13.0618801117,80.2432479858,58726,58736,10
13.0615196228,80.2431793213,58736,58746,10
13.0611495972,80.2430877686,58746,58756,10
13.060959816,80.2430419922,58756,58766,10
13.060790062,80.2429962158,58766,58777,11
13.0606403351,80.2429428101,58777,58787,10
13.0603199005,80.2428436279,58787,58797,10
13.0598096848,80.2426376343,58797,58807,10
13.0593004227,80.2425308228,58807,58817,10
13.058839798,80.2425765991,58817,58827,10
13.0585699081,80.2426528931,58827,58837,10
13.058380127,80.2426986694,58837,58847,10
13.0579996109,80.2427597046,58847,58857,10
13.0575399399,80.2428436279,58857,58867,10
13.0573797226,80.2428512573,58867,58878,11
13.057100296,80.2428588867,58878,58888,10
13.05671978,80.2427597046,58888,58898,10
13.0562601089,80.2425613403,58898,58908,10
13.0556898117,80.2423095703,58908,58918,10
13.0549201965,80.242401123,58918,58928,10
13.054189682,80.242401123,58928,58938,10
13.0537996292,80.2423095703,58938,58958,20
13.0537996292,80.2423095703,58958,58968,10
13.053560257,80.2421569824,58968,58979,11
13.0528898239,80.2418670654,58979,59009,30
13.0528898239,80.2418670654,59009,59019,10
13.052740097,80.2418289185,59019,59029,10
13.0523796082,80.2415313721,59029,59039,10
13.0520801544,80.2410202026,59039,59049,10
13.0518198013,80.240737915,59049,59059,10
13.0514802933,80.2406768799,59059,59069,10
13.0511198044,80.2406082153,59069,59080,11
13.0510702133,80.2406005859,59080,59090,10
13.0509901047,80.2405776978,59090,59100,10
13.0505599976,80.2405014038,59100,59110,10
13.0496797562,80.2403030396,59110,59130,20
13.0496797562,80.2403030396,59130,59140,10
13.0493497849,80.2402191162,59140,59150,10
13.0488195419,80.2401275635,59150,59160,10
13.0481996536,80.2400131226,59160,59170,10
13.0478401184,80.2399368286,59170,59181,11
13.0474395752,80.2398376465,59181,59191,10
13.04708004,80.2397689819,59191,59200,9
13.0464401245,80.239616394,59200,59211,11
13.0462799072,80.2395782471,59211,59221,10
13.0461797714,80.2394332886,59221,59231,10
13.046210289,80.2393875122,59231,59241,10
13.0462999344,80.2391662598,59241,59251,10
13.046380043,80.2386703491,59251,59261,10
13.0465097427,80.2380523682,59261,59271,10
13.0466804504,80.2372970581,59271,59282,11
13.0468301773,80.236541748,59282,59292,10
13.0469303131,80.2361297607,59292,59302,10
13.0469999313,80.2357635498,59302,59312,10
13.0470399857,80.2354202271,59312,59322,10
13.0471096039,80.2348403931,59322,59332,10
13.0471897125,80.2341308594,59332,59341,9
13.047249794,80.2336120605,59341,59352,11
13.0472803116,80.2331619263,59352,59362,10
13.0471000671,80.2330474854,59362,59372,10
13.0469799042,80.2330093384,59372,59382,10
13.0466604233,80.233001709,59382,59393,11
13.0460996628,80.2328720093,59393,59403,10
13.0451898575,80.2326889038,59403,59433,30
13.0451898575,80.2326889038,59433,59443,10
13.0447998047,80.2325592041,59443,59453,10
13.0441598892,80.232460022,59453,59463,10
13.0434398651,80.2323684692,59463,59473,10
13.042889595,80.2323608398,59473,59484,11
13.0423803329,80.2323608398,59484,59494,10
13.04185009,80.2323226929,59494,59504,10
13.041179657,80.2321472168,59504,59514,10
13.0403795242,80.231842041,59514,59524,10
13.0394296646,80.2315979004,59524,59534,10
13.0384101868,80.2313079834,59534,59544,10
13.0374403,80.231010437,59544,59554,10
13.036860466,80.2308120728,59554,59564,10
13.0367298126,80.2307434082,59564,59574,10
13.0362796783,80.2305908203,59574,59585,11
13.0352802277,80.2303390503,59585,59706,121
13.0352802277,80.2303390503,59706,59716,10
13.0349702835,80.2303390503,59716,59726,10
13.0346403122,80.2303771973,59726,59736,10
13.0342597961,80.2304763794,59736,59746,10
13.033949852,80.2304916382,59746,59756,10
13.0335197449,80.2304992676,59756,59777,21
13.0335197449,80.2304992676,59777,59787,10
13.0332098007,80.2304763794,59787,59797,10
13.0326595306,80.2305526733,59797,59807,10
13.0319900513,80.2306289673,59807,59817,10
13.0312004089,80.2306976318,59817,59827,10
13.0305700302,80.2307510376,59827,59837,10
13.0303201675,80.2307891846,59837,59847,10
13.0296602249,80.2308578491,59847,59867,20
13.0296602249,80.2308578491,59867,59878,11
13.0292100906,80.2308883667,59878,59888,10
13.0286502838,80.2309494019,59888,59898,10
13.0279798508,80.2310180664,59898,59907,9
13.0276603699,80.2311401367,59907,59918,11
13.0277004242,80.2317123413,59918,59928,10
13.0278196335,80.232421875,59928,59938,10
13.0276298523,80.2328720093,59938,59948,10
13.0273599625,80.2329025269,59948,59958,10
13.0270900726,80.2329406738,59958,59968,10
13.02684021,80.2329711914,59968,59979,11
13.0264396667,80.2329406738,59979,59989,10
13.0262298584,80.232421875,59989,59999,10
13.0260095596,80.2316970825,59999,60009,10
13.0257701874,80.2308120728,60009,60019,10
13.0252399445,80.2298812866,60019,60029,10
13.0246601105,80.229133606,60029,60039,10
13.0241603851,80.2285308838,60039,60049,10
13.023900032,80.2282104492,60049,60059,10
13.023900032,80.2282028198,60059,60069,10
13.0236797333,80.2279510498,60069,60080,11
13.0232095718,80.2274780273,60080,60090,10
13.0227098465,80.2270126343,60090,60100,10
13.0221004486,80.2264633179,60100,60110,10
13.0214595795,80.2259368896,60110,60120,10
13.0208101273,80.2254180908,60120,60130,10
13.0199203491,80.2248001099,60130,60150,20
13.0199203491,80.2248001099,60150,60160,10
13.0196399689,80.2246170044,60160,60170,10
13.0190000534,80.2245025635,60170,60181,11
13.0180797577,80.2248001099,60181,60191,10
13.0171699524,80.2251815796,60191,60201,10
13.0163698196,80.2255096436,60201,60211,10
13.0157403946,80.2257232666,60211,60221,10
13.0150203705,80.2259902954,60221,60231,10
13.0144195557,80.2262268066,60231,60241,10
13.0143098831,80.2262802124,60241,60251,10
13.014169693,80.2263412476,60251,60261,10
13.0136804581,80.2265014648,60261,60271,10
13.0130596161,80.2267379761,60271,60282,11
13.0122404099,80.2270736694,60282,60292,10
13.0114202499,80.2274017334,60292,60302,10
13.0105695724,80.2277526855,60302,60312,10
13.0092000961,80.228477478,60312,60322,10
13.0092000961,80.228477478,60322,60332,10
13.008939743,80.2296218872,60332,60342,10
13.0087299347,80.230682373,60342,60352,10
13.0085897446,80.2315597534,60352,60362,10
13.0084104538,80.2324829102,60362,60372,10
13.0082902908,80.2333831787,60372,60386,14
13.0081996918,80.233757019,60386,60396,10
13.008099556,80.2342605591,60396,60406,10
13.0079803467,80.2348632813,60406,60416,10
13.0079603195,80.2350387573,60416,60426,10
13.0078601837,80.2353591919,60426,60436,10
13.0077400208,80.236000061,60436,60446,10
13.0075702667,80.236869812,60446,60456,10
13.0073699951,80.2378005981,60456,60466,10
13.007229805,80.2383804321,60466,60476,10
13.0071601868,80.2386169434,60476,60487,11
13.0070800781,80.2390365601,60487,60497,10
13.0069999695,80.2395019531,60497,60507,10
13.0068998337,80.2400131226,60507,60517,10
13.0067996979,80.2405471802,60517,60527,10
13.0066795349,80.2412719727,60527,60537,10
13.0066604614,80.2420578003,60537,60547,10
13.0066795349,80.2429122925,60547,60557,10
13.0067100525,80.2432098389,60557,60567,10
13.0067100525,80.2433700562,60567,60577,10
13.0066900253,80.2439575195,60577,60588,11
13.0066795349,80.2448806763,60588,60598,10
13.0067100525,80.2455978394,60598,60608,10
13.0067396164,80.2461395264,60608,60618,10
13.0067501068,80.2466812134,60618,60628,10
13.006770134,80.2472991943,60628,60638,10
13.0067396164,80.2478485107,60638,60648,10
13.006770134,80.2487869263,60648,60658,10
13.0068101883,80.2498474121,60658,60668,10
13.0068397522,80.2507629395,60668,60699,31
13.0068397522,80.2507629395,60699,60709,10
13.006819725,80.251121521,60709,60719,10
13.0067796707,80.2515411377,60719,60729,10
13.0066795349,80.2519607544,60729,60739,10
13.0065698624,80.2525863647,60739,60749,10
13.0065498352,80.2533187866,60749,60759,10
13.0065603256,80.2541885376,60759,60769,10
13.0066099167,80.2550811768,60769,60779,10
13.0066404343,80.2554473877,60779,60790,11
13.0066299438,80.2556991577,60790,60800,10
13.0066404343,80.2562637329,60800,60810,10
13.0066404343,80.2571563721,60810,60850,40
13.0066404343,80.2571563721,60850,60859,9
13.0067300797,80.2573699951,60859,60870,11
13.0065202713,80.2576522827,60870,60880,10
13.0060596466,80.2575302124,60880,60891,11
13.0053796768,80.2573623657,60891,60901,10
13.0047597885,80.2572021484,60901,60911,10
13.0040502548,80.2570571899,60911,60921,10
13.0032997131,80.2568969727,60921,60931,10
13.0026102066,80.2567825317,60931,60941,10
13.0020704269,80.2566833496,60941,60982,41
13.0020704269,80.2566833496,60982,60992,10
13.001950264,80.2566604614,60992,61002,10
13.001540184,80.2565994263,61002,61012,10
13.0009298325,80.2565231323,61012,61022,10
13.0001497269,80.2563934326,61022,61032,10
12.9995603561,80.2562637329,61032,61052,20
12.9995603561,80.2562637329,61052,61062,10
12.9993600845,80.2562408447,61062,61072,10
12.9988899231,80.2561416626,61072,61083,11
12.9984798431,80.256111145,61083,61093,10
12.9982700348,80.256072998,61093,61103,10
12.9982700348,80.2560577393,61103,61113,10
12.9981498718,80.2560119629,61113,61123,10
12.9977903366,80.2559967041,61123,61133,10
12.9975004196,80.2559280396,61133,61143,10
12.9974803925,80.2559280396,61143,61153,10
12.9970998764,80.2559204102,61153,61163,10
12.9966201782,80.255897522,61163,61173,10
12.9959897995,80.2559127808,61173,61184,11
12.995349884,80.2559204102,61184,61194,10
12.9948196411,80.2559432983,61194,61204,10
12.9944400787,80.2559661865,61204,61214,10
12.994020462,80.2560195923,61214,61224,10
12.9933300018,80.2560577393,61224,61234,10
12.9924602509,80.256111145,61234,61244,10
12.9914398193,80.2560806274,61244,61254,10
12.9906797409,80.2560577393,61254,61264,10
12.9899997711,80.2560424805,61264,61274,10
12.9891004562,80.2559814453,61274,61285,11
12.9885997772,80.2559585571,61285,61406,121
12.9885997772,80.2559585571,61406,61416,10
12.9885196686,80.2559814453,61416,61426,10
12.9883003235,80.2559509277,61426,61436,10
12.9879798889,80.255897522,61436,61446,10
12.9877195358,80.2558898926,61446,61456,10
12.9876203537,80.2562179565,61456,61466,10
12.9875602722,80.2568969727,61466,61476,10
12.9875001907,80.2576370239,61476,61487,11
12.9874401093,80.258392334,61487,61497,10
12.9874000549,80.2589111328,61497,61507,10
12.9873695374,80.2592926025,61507,61517,10
12.9872598648,80.2595672607,61517,61547,30
12.9872598648,80.2595672607,61547,61557,10
12.9870901108,80.2596282959,61557,61567,10
12.9866800308,80.259552002,61567,61769,202
12.9866800308,80.259552002,61769,61780,11
12.986579895,80.2591629028,61780,61800,20
12.986579895,80.2591629028,61800,61810,10
12.9868602753,80.2590789795,61810,61881,71
12.9868602753,80.2590789795,61881,61891,10
12.9872398376,80.259147644,61891,61901,10
12.9873199463,80.259147644,61901,61911,10
12.9873800278,80.2590789795,61911,61921,10
12.9873895645,80.2587509155,61921,61931,10
12.9874000549,80.2583618164,61931,61941,10
12.9874095917,80.2579803467,61941,61951,10
12.9874401093,80.257232666,61951,62052,101
12.9874401093,80.257232666,62052,62062,10
12.9874897003,80.2569198608,62062,62072,10
12.9875202179,80.2565536499,62072,62083,11
12.9875497818,80.2561035156,62083,62093,10
12.987660408,80.2557983398,62093,62103,10
12.9877796173,80.2557678223,62103,62113,10
12.9880199432,80.2558135986,62113,62123,10
12.9882202148,80.2558517456,62123,62133,10
12.9882497787,80.255859375,62133,62143,10
12.9885101318,80.2558898926,62143,62153,10
12.9886398315,80.255897522,62153,62163,10
12.9887504578,80.2559204102,62163,62173,10
12.9891395569,80.2559585571,62173,62184,11
12.9897403717,80.2560119629,62184,62194,10
12.9903802872,80.2560119629,62194,62204,10
12.9907197952,80.2560195923,62204,62214,10
12.9912204742,80.2560501099,62214,62224,10
12.9919204712,80.2560577393,62224,62234,10
12.9927997589,80.2560424805,62234,62244,10
12.9936599731,80.2559509277,62244,62254,10
12.9942798615,80.2559509277,62254,62264,10
12.9947004318,80.255897522,62264,62274,10
12.9951095581,80.2558898926,62274,62285,11
12.9955301285,80.2558898926,62285,62295,10
12.9957799911,80.255897522,62295,62305,10
12.9962596893,80.2559127808,62305,62315,10
12.9967498779,80.2558822632,62315,62325,10
12.997010231,80.2558898926,62325,62335,10
12.9974098206,80.255897522,62335,62345,10
12.9978504181,80.255897522,62345,62355,10
12.9982099533,80.2559204102,62355,62365,10
12.9987802505,80.2560272217,62365,62406,41
12.9987802505,80.2560272217,62406,62416,10
12.9991197586,80.2561035156,62416,62426,10
12.9994297028,80.2561798096,62426,62436,10
12.9996995926,80.2562179565,62436,62446,10
13.0000495911,80.2562789917,62446,62456,10
13.0003995895,80.256362915,62456,62466,10
13.0005197525,80.2563781738,62466,62476,10
13.0008897781,80.256439209,62476,62487,11
13.0012702942,80.2565078735,62487,62497,10
13.0017404556,80.2566070557,62497,62507,10
13.002289772,80.2566833496,62507,62517,10
13.0027799606,80.2567825317,62517,62527,10
13.0034198761,80.2568969727,62527,62537,10
13.0038900375,80.2570037842,62537,62547,10
13.0043697357,80.2570800781,62547,62557,10
13.0049695969,80.2572402954,62557,62567,10
13.0054798126,80.25730896,62567,62577,10
13.0058803558,80.2573623657,62577,62628,51
13.0058803558,80.2573623657,62628,62638,10
13.0062103271,80.2574386597,62638,62648,10
13.0064897537,80.2573928833,62648,62658,10
13.0065002441,80.2570037842,62658,62668,10
13.0064496994,80.256187439,62668,62678,10
13.006480217,80.2553329468,62678,62689,11
13.006480217,80.25440979,62689,62699,10
13.0064697266,80.2538604736,62699,62709,10
13.0064401627,80.253326416,62709,62719,10
13.0064601898,80.2533035278,62719,62729,10
13.0064601898,80.2528305054,62729,62921,192
13.0064601898,80.2528305054,62921,62931,10
13.0065402985,80.2525634766,62931,62941,10
13.0065202713,80.2523269653,62941,62951,10
13.006529808,80.2519607544,62951,62961,10
13.0066604614,80.2511901855,62961,62971,10
13.0066995621,80.2504501343,62971,62982,11
13.0066795349,80.2493972778,62982,62992,10
13.0066299438,80.248550415,62992,63002,10
13.0066204071,80.247543335,63002,63093,91
13.0066204071,80.247543335,63093,63103,10
13.0066404343,80.2472915649,63103,63113,10
13.0066204071,80.2469024658,63113,63123,10
13.0065498352,80.2466430664,63123,63133,10
13.0065498352,80.24659729,63133,63143,10
13.0065898895,80.246383667,63143,63152,9
13.0066299438,80.2461013794,63152,63163,11
13.0066299438,80.2457427979,63163,63173,10
13.0066099167,80.2451400757,63173,63184,11
13.0066204071,80.2445602417,63184,63194,10
13.0066003799,80.244140625,63194,63204,10
13.0065898895,80.2436294556,63204,63214,10
13.0065603256,80.2430725098,63214,63224,10
13.0065498352,80.2423324585,63224,63234,10
13.0065498352,80.2416305542,63234,63244,10
13.0066099167,80.2409286499,63244,63254,10
13.0067100525,80.2403411865,63254,63264,10
13.0068302155,80.2397079468,63264,63274,10
13.0069904327,80.2389602661,63274,63285,11
13.0071401596,80.2382125854,63285,63295,10
13.0072698593,80.2375564575,63295,63305,10
13.0073795319,80.236869812,63305,63335,30
13.0073795319,80.236869812,63335,63345,10
13.0074796677,80.2365875244,63345,63355,10
13.0075702667,80.2361679077,63355,63365,10
13.0076599121,80.2356567383,63365,63375,10
13.0077896118,80.234916687,63375,63386,11
13.0077896118,80.234916687,63386,63396,10
13.0079097748,80.2343292236,63396,63406,10
13.0080604553,80.2335510254,63406,63416,10
13.0081701279,80.2326278687,63416,63426,10
13.0083999634,80.2316589355,63426,63436,10
13.008600235,80.23072052,63436,63446,10
13.0087995529,80.2296676636,63446,63456,10
13.0090198517,80.2286987305,63456,63466,10
13.0091695786,80.2281036377,63466,63476,10
13.0094099045,80.2275238037,63476,63487,11
13.0097703934,80.2267379761,63487,63497,10
13.0101003647,80.2260665894,63497,63507,10
13.0105495453,80.2252807617,63507,63527,20
13.0105495453,80.2252807617,63527,63537,10
13.0107498169,80.2249221802,63537,63547,10
13.0108995438,80.224571228,63547,63556,9
13.0111103058,80.2240905762,63556,63567,11
13.0111999512,80.2238616943,63567,63577,10
13.0112695694,80.223739624,63577,63588,11
13.0114202499,80.2233123779,63588,63598,10
13.0116500854,80.2227325439,63598,63608,10
13.0119400024,80.2220611572,63608,63618,10
13.012140274,80.2216567993,63618,63628,10
13.012339592,80.2215499878,63628,63638,10
13.0124702454,80.2217483521,63638,63648,10
13.0127801895,80.2221908569,63648,63658,10
13.0132102966,80.22265625,63658,63668,10
13.013710022,80.2232208252,63668,63678,10
13.0142202377,80.2238006592,63678,63689,11
13.0147399902,80.2244110107,63689,63699,10
13.0150499344,80.2247314453,63699,63709,10
13.0155496597,80.2250213623,63709,63729,20
13.0155496597,80.2250213623,63729,63739,10
13.0156097412,80.2251281738,63739,63749,10
13.0158195496,80.2253112793,63749,63759,10
13.0162801743,80.2253723145,63759,63769,10
13.016960144,80.2251586914,63769,63779,10
13.0177402496,80.2248764038,63779,63790,11
13.0185899734,80.2245330811,63790,63800,10
13.0196800232,80.2245025635,63800,63830,30
13.0196800232,80.2245025635,63830,63840,10
13.0198698044,80.2246398926,63840,63850,10
13.0202198029,80.2249069214,63850,63860,10
13.0206899643,80.2252426147,63860,63870,10
13.0211000443,80.2255706787,63870,63881,11
13.0216798782,80.2259597778,63881,63891,10
13.0219297409,80.2261123657,63891,63901,10
13.0219402313,80.2261123657,63901,63911,10
13.0220003128,80.2261734009,63911,63921,10
13.0222196579,80.2263793945,63921,63931,10
13.0225601196,80.2266693115,63931,63941,10
13.0229597092,80.2270431519,63941,63951,10
13.0233402252,80.2274169922,63951,63961,10
13.0237102509,80.2277374268,63961,63971,10
13.0243196487,80.2283782959,63971,64002,31
13.0243196487,80.2283782959,64002,64012,10
13.0245103836,80.2286605835,64012,64022,10
13.024720192,80.2289962769,64022,64032,10
13.0250101089,80.2294006348,64032,64042,10
13.0253601074,80.2298583984,64042,64052,10
13.0256996155,80.2304000854,64052,64062,10
13.0258998871,80.2308731079,64062,64133,71
13.0258998871,80.2308731079,64133,64143,10
13.0259599686,80.2311172485,64143,64153,10
13.0260295868,80.2313613892,64153,64163,10
13.0263595581,80.231338501,64163,64173,10
13.0269298553,80.2311935425,64173,64184,11
13.0275802612,80.2310409546,64184,64194,10
13.0280599594,80.2309570313,64194,64204,10
13.0284700394,80.2309112549,64204,64274,70
13.0284700394,80.2309112549,64274,64285,11
13.0289201736,80.2308883667,64285,64295,10
13.0292596817,80.2308425903,64295,64305,10
13.0295600891,80.230796814,64305,64315,10
13.0299396515,80.2307815552,64315,64325,10
13.0303497314,80.230758667,64325,64375,50
13.0303497314,80.230758667,64375,64386,11
13.0308599472,80.2307510376,64386,64396,10
13.0311603546,80.23072052,64396,64406,10
13.0316295624,80.230682373,64406,64416,10
13.0320501328,80.2306213379,64416,64426,10
13.0324602127,80.2305984497,64426,64436,10
13.032910347,80.2305603027,64436,64446,10
13.0332803726,80.2305374146,64446,64456,10
13.0334196091,80.2305297852,64456,64466,10
13.0335998535,80.2305221558,64466,64476,10
13.0338497162,80.2304992676,64476,64487,11
13.0343399048,80.2304534912,64487,64598,111
13.0343399048,80.2304534912,64598,64608,10
13.0347700119,80.2304229736,64608,64628,20
13.0347700119,80.2304229736,64628,64638,10
13.0349903107,80.2306518555,64638,64648,10
13.0349798203,80.2309036255,64648,64658,10
13.034910202,80.2313079834,64658,64668,10
13.0348396301,80.2317886353,64668,64679,11
13.034740448,80.232421875,64679,64689,10
13.0346603394,80.233001709,64689,64699,10
13.0346403122,80.2333068848,64699,64709,10
13.0345497131,80.233757019,64709,64719,10
13.0344800949,80.2343215942,64719,64729,10
13.0343799591,80.2350082397,64729,64739,10
13.0342798233,80.2358322144,64739,64749,10
13.0342102051,80.2366714478,64749,64759,10
13.0343599319,80.2374420166,64759,64881,122
13.0343599319,80.2374420166,64881,64891,10
13.0344400406,80.2377929688,64891,64901,10
13.0348997116,80.2385101318,64901,64911,10
13.0349798203,80.238609314,64911,64941,30
13.0349798203,80.238609314,64941,64951,10
13.0351400375,80.2388000488,64951,64961,10
13.035320282,80.2390594482,64961,64971,10
13.0355195999,80.2393493652,64971,64982,11
13.03565979,80.239402771,64982,64992,10
13.0361003876,80.239440918,64992,65002,10
13.0365800858,80.2395019531,65002,65012,10
13.0370702744,80.2395629883,65012,65022,10
13.037560463,80.239616394,65022,65032,10
13.0383300781,80.2397232056,65032,65042,10
13.0388803482,80.2397918701,65042,65052,10
13.0394001007,80.2398529053,65052,65062,10
13.0399303436,80.2399291992,65062,65072,10
13.0402202606,80.2399673462,65072,65083,11
13.0404100418,80.2400817871,65083,65093,10
13.0403995514,80.2403717041,65093,65103,10
13.0405197144,80.240562439,65103,65113,10
13.04088974,80.2406005859,65113,65123,10
13.0409803391,80.2406234741,65123,65133,10
13.0413103104,80.2406311035,65133,65143,10
13.0416297913,80.2406768799,65143,65153,10
13.0422801971,80.240737915,65153,65163,10
13.0430297852,80.2408676147,65163,65173,10
13.0437803268,80.2409820557,65173,65185,12
13.0442199707,80.2408599854,65185,65195,10
13.0446195602,80.2405929565,65195,65245,50
13.0446100235,80.2404174805,65245,65265,20
13.0446100235,80.2404174805,65265,65275,10
13.044839859,80.2402801514,65275,65286,11
13.0452804565,80.2400512695,65286,65296,10
13.0456495285,80.2398376465,65296,65306,10
13.0461196899,80.2395401001,65306,65316,10
13.0464296341,80.239616394,65316,65326,10
13.0464801788,80.2396697998,65326,65336,10
13.0468397141,80.239730835,65336,65346,10
13.0472297668,80.2397918701,65346,65356,10
13.047750473,80.2398986816,65356,65366,10
13.0483503342,80.240020752,65366,65376,10
13.0488901138,80.2401199341,65376,65387,11
13.0495901108,80.240272522,65387,65397,10
13.0500001907,80.2403488159,65397,65407,10
13.0503396988,80.2404098511,65407,65417,10
13.050740242,80.2405014038,65417,65427,10
13.0512695313,80.2406005859,65427,65437,10
13.051779747,80.2406997681,65437,65447,10
13.0523996353,80.2408828735,65447,65457,10
13.0524997711,80.2411422729,65457,65467,10
13.052570343,80.2414474487,65467,65477,10
13.0529203415,80.2418136597,65477,65488,11
13.0534601212,80.2420272827,65488,65498,10
13.0539999008,80.2422485352,65498,65528,30
13.0539999008,80.2422485352,65528,65538,10
13.0543498993,80.2423477173,65538,65548,10
13.0545301437,80.2423782349,65548,65558,10
13.0548696518,80.2423934937,65558,65568,10
13.0554103851,80.2423019409,65568,65578,10
13.056139946,80.242477417,65578,65599,21
13.056139946,80.242477417,65599,65609,10
13.0562400818,80.2425384521,65609,65619,10
13.0565099716,80.2426605225,65619,65629,10
13.0568799973,80.2426605225,65629,65669,40
13.0568799973,80.2426605225,65669,65680,11
13.0570297241,80.2426605225,65680,65690,10
13.057220459,80.2428512573,65690,65700,10
13.0575399399,80.2428436279,65700,65710,10
13.057970047,80.242767334,65710,65720,10
13.0583496094,80.2426681519,65720,65730,10
13.0587797165,80.2426300049,65730,65740,10
13.0591402054,80.2425613403,65740,65750,10
13.0594701767,80.2425689697,65750,65760,10
13.0597496033,80.2426605225,65760,65770,10
13.0601301193,80.2427978516,65770,65781,11
13.0603103638,80.2428512573,65781,65791,10
13.060549736,80.2429199219,65791,65801,10
13.0606403351,80.2429580688,65801,65811,10
13.0609197617,80.243057251,65811,65821,10
13.061340332,80.2431716919,65821,65831,10
13.0618801117,80.2432632446,65831,65841,10
13.062379837,80.2433395386,65841,65851,10
13.0624504089,80.2433624268,65851,65861,10
13.0626296997,80.2434005737,65861,65871,10
13.0627202988,80.2434234619,65871,65882,11
13.0630397797,80.2434692383,65882,65892,10
13.0634403229,80.2435379028,65892,65902,10
13.0639095306,80.2435836792,65902,65912,10
13.0643997192,80.2435836792,65912,65922,10
13.0650596619,80.243560791,65922,65983,61
13.0650596619,80.243560791,65983,65993,10
13.0653400421,80.2434921265,65993,66003,10
13.0657997131,80.2434768677,66003,66013,10
13.0660800934,80.2434616089,66013,66023,10
13.0661897659,80.2434387207,66023,66033,10
13.0664196014,80.2433624268,66033,66043,10
13.066740036,80.2432632446,66043,66053,10
13.0671701431,80.2431106567,66053,66063,10
13.0676002502,80.2429428101,66063,66073,10
13.068110466,80.2427597046,66073,66084,11
13.0688695908,80.2425003052,66084,66094,10
13.0694103241,80.2423019409,66094,66104,10
13.0699796677,80.2421112061,66104,66134,30
13.0699796677,80.2421112061,66134,66144,10
13.0703496933,80.2420501709,66144,66154,10
13.0708198547,80.2418823242,66154,66164,10
13.0712299347,80.2416915894,66164,66174,10
13.07172966,80.2414932251,66174,66185,11
13.07213974,80.2412567139,66185,66195,10
13.0724601746,80.2410583496,66195,66205,10
13.0728397369,80.2408676147,66205,66215,10
13.0732002258,80.2407684326,66215,66225,10
13.0735397339,80.2406768799,66225,66235,10
13.0740404129,80.2405395508,66235,66245,10
13.0747003555,80.2405166626,66245,66255,10
13.0754098892,80.2405090332,66255,66265,10
13.0761098862,80.2405014038,66265,66275,10
13.0767002106,80.2405776978,66275,66286,11
13.0770902634,80.2405471802,66286,66296,10
13.0771503448,80.2401809692,66296,66306,10
13.0770196915,80.2396087646,66306,66316,10
13.0768203735,80.2389068604,66316,66326,10
13.0766401291,80.2382583618,66326,66336,10
13.0766296387,80.2381515503,66336,66346,10
13.0765199661,80.2378616333,66346,66356,10
13.0763998032,80.2374191284,66356,66366,10
13.0763902664,80.2373580933,66366,66376,10
13.076379776,80.2371826172,66376,66387,11
13.0762996674,80.2367019653,66387,66397,10
13.0762300491,80.2361831665,66397,66407,10
13.0761003494,80.2355194092,66407,66417,10
13.0759496689,80.2347412109,66417,66427,10
13.0757398605,80.2341079712,66427,66447,20
13.0757398605,80.2341079712,66447,66457,10
13.0757703781,80.2340087891,66457,66467,10
13.0759897232,80.2338485718,66467,66477,10
13.0763196945,80.2338180542,66477,66488,11
13.0766601563,80.2337722778,66488,66498,10
13.0767602921,80.2337722778,66498,66508,10
13.0777301788,80.2336425781,66508,66518,10
13.0777301788,80.2336425781,66518,66528,10
13.0782499313,80.2335968018,66528,66538,10
13.0788402557,80.2335662842,66538,66548,10
13.0794897079,80.233581543,66548,66558,10
13.0800800323,80.2335510254,66558,66568,10
13.0803403854,80.2335586548,66568,66578,10
13.0804395676,80.2335891724,66578,66589,11
13.0808401108,80.2336120605,66589,66601,12
13.0816297531,80.2335891724,66601,66651,50
13.0816297531,80.2335891724,66651,66661,10
13.0819702148,80.2334518433,66661,66671,10
13.0819597244,80.2332382202,66671,66681,10
13.0819997787,80.2330093384,66681,66692,11
13.0820503235,80.2327194214,66692,66702,10
13.082159996,80.2322769165,66702,66712,10
13.0823602676,80.2317581177,66712,66721,9
13.0824699402,80.2314605713,66721,66732,11
13.0825195313,80.2313308716,66732,66742,10
13.0826702118,80.2310409546,66742,66752,10
13.08273983,80.2309036255,66752,66762,10
13.0828895569,80.2307128906,66762,66772,10
13.0831203461,80.2309036255,66772,66783,11
13.0831699371,80.2314987183,66783,66793,10
13.0832195282,80.2322006226,66793,66803,10
13.0832901001,80.2326965332,66803,66813,10
13.0833997726,80.2331390381,66813,66823,10
13.0834703445,80.2335510254,66823,66833,10
13.0835895538,80.23387146,66833,66843,10
13.0839500427,80.2339782715,66843,66853,10
13.0839996338,80.2340011597,66853,66863,10
13.0841598511,80.2340393066,66863,66873,10
13.0843496323,80.2340774536,66873,66884,11
13.0846099854,80.2341537476,66884,66894,10
13.0849199295,80.2342071533,66894,66903,9
13.085149765,80.2342605591,66903,66914,11
13.0855197906,80.2343521118,66914,66924,10
13.0858802795,80.2344512939,66924,66934,10
13.0862903595,80.2344970703,66934,66944,10
13.086689949,80.2345428467,66944,66954,10
13.0872097015,80.234588623,66954,66964,10
13.087770462,80.2344284058,66964,66974,10
13.0879001617,80.2339477539,66974,66985,11
13.08796978,80.2333068848,66985,66995,10
13.0881500244,80.2324981689,66995,67006,11
13.0883598328,80.2317581177,67006,67016,10
13.0885896683,80.2310714722,67016,67026,10
13.0888004303,80.2306213379,67026,67035,9
13.088809967,80.2306213379,67035,67046,11
13.0889902115,80.2303619385,67046,67056,10
13.0891895294,80.229927063,67056,67066,10
13.0895004272,80.2294006348,67066,67076,10
13.0900001526,80.228843689,67076,67087,11
13.0906295776,80.2281570435,67087,67097,10
13.0911302567,80.2276229858,67097,67107,10
13.0913696289,80.2273406982,67107,67117,10
13.0913801193,80.2273330688,67117,67127,10
13.0915298462,80.2271881104,67127,67137,10
13.0917797089,80.2269210815,67137,67147,10
13.0921602249,80.2265167236,67147,67157,10
13.0925302505,80.2261581421,67157,67167,10
13.093000412,80.2257003784,67167,67177,10
13.0933799744,80.2252578735,67177,67188,11
13.0938596725,80.2247085571,67188,67198,10
13.0943698883,80.224067688,67198,67208,10
13.0949201584,80.2232666016,67208,67218,10
13.0952997208,80.2223129272,67218,67238,20
13.0952997208,80.2223129272,67238,67248,10
13.0954504013,80.2218780518,67248,67258,10
13.0956201553,80.2214202881,67258,67268,10
13.0957603455,80.2210235596,67268,67278,10
13.0959396362,80.2205200195,67278,67289,11
13.0962400436,80.2196426392,67289,67299,10
13.0964403152,80.2191009521,67299,67309,10
13.0965795517,80.2186813354,67309,67319,10
13.0967798233,80.2181091309,67319,67329,10
13.0970201492,80.2174530029,67329,67339,10
13.0972003937,80.2169036865,67339,67349,10
13.0972795486,80.2167510986,67349,67359,10
13.0973796844,80.2164611816,67359,67369,10
13.0975599289,80.2159881592,67369,67420,51
13.0975599289,80.2159881592,67420,67430,10
13.0977497101,80.2156600952,67430,67440,10
13.0978403091,80.2154006958,67440,67450,10
13.0979795456,80.2149734497,67450,67460,10
13.0981798172,80.2145385742,67460,67470,10
13.0984201431,80.2141113281,67470,67571,101
13.0984201431,80.2141113281,67571,67582,11
13.0986700058,80.2140426636,67582,67592,10
13.0989303589,80.2141876221,67592,67602,10
13.0992898941,80.2143173218,67602,67612,10
13.0996704102,80.2144088745,67612,67622,10
13.0999403,80.2144927979,67622,67632,10
13.1003799438,80.2146224976,67632,67672,40
13.1003799438,80.2146224976,67672,67683,11
13.1004896164,80.2146835327,67683,67693,10
13.1005897522,80.2148284912,67693,67703,10
13.1004695892,80.2151184082,67703,67713,10
13.1002597809,80.2156219482,67713,67723,10
13.1000795364,80.2160415649,67723,67733,10
13.0999698639,80.2161636353,67733,67743,10
13.0999002457,80.2159423828,67743,67753,10
13.1000003815,80.215713501,67753,67763,10
13.1001596451,80.2153396606,67763,67773,10
13.100230217,80.2150497437,67773,67784,11
13.1001796722,80.2147903442,67784,69380,1596
13.1001796722,80.2147903442,69380,69390,10
13.100060463,80.2145385742,69390,69400,10
13.0999403,80.2145233154,69400,69410,10
13.0996799469,80.2144699097,69410,69420,10
13.099439621,80.2144165039,69420,69430,10
13.0991897583,80.21434021,69430,69440,10
13.0989303589,80.2142333984,69440,69450,10
13.0986700058,80.2141418457,69450,69471,21
13.0986700058,80.2141418457,69471,69481,10
13.0985298157,80.2140808105,69481,69491,10
13.098400116,80.2142105103,69491,69501,10
13.098279953,80.2144775391,69501,69511,10
13.0981197357,80.2148895264,69511,69521,10
13.0979099274,80.2153320313,69521,69531,10
13.097700119,80.2158126831,69531,69541,10
13.0974798203,80.2163619995,69541,69551,10
13.0972499847,80.2169799805,69551,69562,11
13.097029686,80.217590332,69562,69572,10
13.0967998505,80.2182006836,69572,69582,10
13.0965995789,80.2187194824,69582,69592,10
13.0964698792,80.2191772461,69592,69602,10
13.0964202881,80.2194137573,69602,69612,10
13.0963001251,80.2197723389,69612,69622,10
13.096159935,80.220161438,69622,69632,10
13.0960302353,80.2204971313,69632,69642,10
13.095870018,80.2209777832,69642,69652,10
13.0956897736,80.2214431763,69652,69663,11
13.0954999924,80.2220535278,69663,69673,10
13.0952396393,80.2227172852,69673,69683,10
13.0949001312,80.223449707,69683,69693,10
13.0944499969,80.2241134644,69693,69703,10
13.0941295624,80.2245330811,69703,69713,10
13.0937795639,80.2249679565,69713,69723,10
13.0935697556,80.2252578735,69723,69733,10
13.0932197571,80.2256317139,69733,69743,10
13.09278965,80.2260894775,69743,69753,10
13.0924196243,80.2264633179,69753,69764,11
13.091919899,80.2269821167,69764,69774,10
13.0912799835,80.2276611328,69774,69794,20
13.0912799835,80.2276611328,69794,69804,10
13.0910100937,80.2278671265,69804,69814,10
13.0907402039,80.2281799316,69814,69824,10
13.0903196335,80.2286376953,69824,69834,10
13.0898799896,80.2291488647,69834,69843,9
13.0894899368,80.2296676636,69843,69854,11
13.0892000198,80.2301483154,69854,69865,11
13.0889997482,80.2305221558,69865,69875,10
13.088809967,80.2309265137,69875,69885,10
13.0888004303,80.2309494019,69885,69895,10
13.0886802673,80.2312011719,69895,69905,10
13.08852005,80.2315063477,69905,69915,10
13.0884199142,80.2319412231,69915,69925,10
13.088259697,80.2325210571,69925,69935,10
13.0881099701,80.2331390381,69935,69945,10
13.0880098343,80.233757019,69945,69955,10
13.0879497528,80.2342529297,69955,69966,11
13.0875501633,80.234588623,69966,69976,10
13.087100029,80.2346420288,69976,69986,10
13.0868701935,80.2346191406,69986,69996,10
13.0867204666,80.2346191406,69996,70006,10
13.0863704681,80.2345581055,70006,70016,10
13.0859899521,80.2344818115,70016,70026,10
13.0857200623,80.2344207764,70026,70036,10
13.0851898193,80.2342910767,70036,70046,10
13.0849103928,80.2342300415,70046,70056,10
13.0846204758,80.2341384888,70056,70067,11
13.0843095779,80.2340774536,70067,70077,10
13.0840797424,80.2340316772,70077,70087,10
13.0837802887,80.2339782715,70087,70097,10
13.0837697983,80.2339782715,70097,70107,10
13.0834798813,80.2339324951,70107,70117,10
13.0831604004,80.2338790894,70117,70127,10
13.0828399658,80.2338180542,70127,70137,10
13.0824604034,80.2337188721,70137,70147,10
13.0824403763,80.2337112427,70147,70156,9
13.0822896957,80.2336730957,70156,70168,12
13.0819301605,80.2336120605,70168,70178,10
13.0816602707,80.2336196899,70178,70188,10
13.0812501907,80.2335586548,70188,70198,10
13.0807800293,80.2335586548,70198,70208,10
13.0803804398,80.2335968018,70208,70218,10
13.0801095963,80.2336120605,70218,70228,10
13.0797700882,80.233581543,70228,70238,10
13.0796899796,80.233581543,70238,70248,10
13.0793800354,80.233581543,70248,70258,10
13.0790395737,80.2335968018,70258,70269,11
13.0786399841,80.2336196899,70269,70279,10
13.0779104233,80.2336807251,70279,70289,10
13.0779104233,80.2336807251,70289,70299,10
13.0773200989,80.2337417603,70299,70309,10
13.0768098831,80.2338104248,70309,70319,10
13.076259613,80.2339019775,70319,70329,10
13.0758304596,80.2340774536,70329,70339,10
13.0759000778,80.2344207764,70339,70350,11
13.0760097504,80.2349777222,70350,70360,10
13.0761299133,80.2355880737,70360,70372,12
13.0762796402,80.2363586426,70372,70382,10
13.0764598846,80.2373199463,70382,70402,20
13.0764598846,80.2373199463,70402,70412,10
13.0766296387,80.2379989624,70412,70432,20
13.0766296387,80.2379989624,70432,70442,10
13.0767002106,80.238243103,70442,70452,10
13.0768299103,80.2387695313,70452,70463,11
13.07695961,80.2394485474,70463,70473,10
13.0771503448,80.2399978638,70473,70483,10
13.0772800446,80.2405700684,70483,70493,10
13.077340126,80.2409210205,70493,70503,10
13.0773801804,80.2411499023,70503,70513,10
13.0773897171,80.2413635254,70513,70523,10
13.0774698257,80.2417907715,70523,70533,10
13.0775699615,80.2423019409,70533,70543,10
13.0776996613,80.2431335449,70543,70553,10
13.0777997971,80.243888855,70553,70564,11
13.0777902603,80.2444992065,70564,70574,10
13.0778598785,80.2450790405,70574,70584,10
13.07791996,80.24584198,70584,70594,10
13.0780200958,80.2466812134,70594,70604,10
13.0781803131,80.2475280762,70604,70614,10
13.0783500671,80.2483978271,70614,70624,10
13.0785198212,80.2490768433,70624,70634,10
13.0786399841,80.2496795654,70634,70644,10
13.0786600113,80.25025177,70644,70654,10
13.0784702301,80.2507781982,70654,70665,11
13.0785398483,80.2514419556,70665,70675,10
13.0784196854,80.2516708374,70675,70685,10
13.0782403946,80.2517318726,70685,70695,10
13.0779695511,80.2517929077,70695,70705,10
13.0773801804,80.2519073486,70705,70715,10
13.0767002106,80.2520523071,70715,70725,10
13.0759601593,80.2521972656,70725,70735,10
13.0752801895,80.252281189,70735,70745,10
13.0747003555,80.2522888184,70745,70755,10
13.0740804672,80.2523422241,70755,70766,11
13.0736598969,80.2524871826,70766,70776,10
13.0731496811,80.252456665,70776,70786,10
13.0726900101,80.2523727417,70786,70796,10
13.0722198486,80.2520523071,70796,70806,10
13.0720901489,80.2514266968,70806,70816,10
13.0719404221,80.2507629395,70816,70826,10
13.0717201233,80.2500534058,70826,70836,10
13.0715398788,80.2492980957,70836,70846,10
13.0714101791,80.2485580444,70846,70856,10
13.0712099075,80.2478866577,70856,70867,11
13.0709400177,80.2473068237,70867,70877,10
13.0706701279,80.2468566895,70877,70887,10
13.0703496933,80.2462234497,70887,70897,10
13.0700502396,80.2455291748,70897,70907,10
13.0697603226,80.2447891235,70907,70917,10
13.0695400238,80.2441101074,70917,70927,10
13.069319725,80.2434616089,70927,70937,10
13.0692796707,80.2433776855,70937,70947,10
13.0692396164,80.2432403564,70947,70957,10
13.0691795349,80.2428131104,70957,70968,11
13.0687999725,80.2425384521,70968,70978,10
13.0682601929,80.2426986694,70978,70988,10
13.0675897598,80.2429122925,70988,70998,10
13.0671596527,80.2431182861,70998,71008,10
13.0668897629,80.2432479858,71008,71018,10
13.0666599274,80.243347168,71018,71028,10
13.0663604736,80.2434768677,71028,71038,10
13.0661096573,80.243888855,71038,71048,10
13.0661697388,80.2444992065,71048,71058,10
13.0662603378,80.2452011108,71058,71069,11
13.0664196014,80.2458267212,71069,71079,10
13.0669898987,80.2461700439,71079,71089,10
13.0675601959,80.2464599609,71089,71099,10
13.0677404404,80.2465362549,71099,71109,10
13.0678596497,80.2468566895,71109,71119,10
13.0678701401,80.2473907471,71119,71129,10
13.0677499771,80.2479095459,71129,71139,10
13.0673303604,80.2479476929,71139,71149,10
13.0668697357,80.2479171753,71149,71159,10
13.0664701462,80.2479324341,71159,71170,11
13.0659503937,80.2478485107,71170,71180,10
13.0652999878,80.2478637695,71180,71190,10
13.0645103455,80.2478027344,71190,71200,10
13.0636796951,80.2477493286,71200,71210,10
13.0630598068,80.2477111816,71210,71220,10
13.062379837,80.2476882935,71220,71230,10
13.0618000031,80.247543335,71230,71240,10
13.0613899231,80.2471237183,71240,71250,10
13.0614900589,80.2468566895,71250,71259,9
13.061750412,80.2464981079,71259,71271,12
13.0619096756,80.245880127,71271,71281,10
13.0620603561,80.245300293,71281,71291,10
13.0623502731,80.245010376,71291,71301,10
13.0627603531,80.2447433472,71301,71311,10
13.0630998611,80.2443771362,71311,71321,10
13.0631198883,80.2443771362,71321,71331,10
13.0632600784,80.2442703247,71331,71341,10
13.0634098053,80.243850708,71341,71351,10
13.0633001328,80.243560791,71351,71361,10
13.0629396439,80.2435073853,71361,71372,11
13.0626497269,80.2434387207,71372,71382,10
13.0623397827,80.2433624268,71382,71392,10
13.0620203018,80.2433013916,71392,71402,10
13.0616703033,80.2432174683,71402,71412,10
13.0613498688,80.2431564331,71412,71422,10
13.0610799789,80.2431030273,71422,71432,10
13.0608797073,80.2430419922,71432,71442,10
13.0604896545,80.2429199219,71442,71452,10
13.0601196289,80.2427902222,71452,71462,10
13.0597600937,80.2426986694,71462,71473,11
13.0593004227,80.2425765991,71473,71483,10
13.0588798523,80.2425765991,71483,71493,10
13.058719635,80.2426223755,71493,71503,10
13.0584201813,80.2426681519,71503,71513,10
13.0579795837,80.242767334,71513,71523,10
13.0574302673,80.2428665161,71523,71533,10
13.0569801331,80.2428512573,71533,71543,10
13.0567798615,80.2427978516,71543,71553,10
13.0564203262,80.2426605225,71553,71563,10
13.0559997559,80.2424316406,71563,71574,11
13.0554199219,80.2423324585,71574,71584,10
13.0547895432,80.24243927,71584,71594,10
13.0541200638,80.242401123,71594,71604,10
13.0537004471,80.2422790527,71604,71614,10
13.0536499023,80.2422485352,71614,71624,10
13.053560257,80.2422027588,71624,71634,10
13.05327034,80.2420272827,71634,71644,10
13.0527496338,80.2418899536,71644,71654,10
13.0523996353,80.241607666,71654,71664,10
13.0521202087,80.2411727905,71664,71675,11
13.05189991,80.2408294678,71675,71685,10
13.0516300201,80.2407073975,71685,71695,10
13.0512800217,80.2406463623,71695,71705,10
13.0509796143,80.2406005859,71705,71715,10
13.0506496429,80.2405319214,71715,71725,10
13.0500402451,80.2404022217,71725,71735,10
13.0495901108,80.2402420044,71735,71745,10
13.0490598679,80.2401733398,71745,71755,10
13.048500061,80.2400817871,71755,71765,10
13.0478897095,80.2399520874,71765,71776,11
13.0472097397,80.2398071289,71776,71786,10
13.0467195511,80.2397079468,71786,71796,10
13.0461797714,80.2395095825,71796,71806,10
13.046330452,80.2387237549,71806,71816,10
13.046330452,80.2387237549,71816,71826,10
13.0464401245,80.2382736206,71826,71836,10
13.0465602875,80.2377319336,71836,71846,10
13.0466804504,80.2371826172,71846,71856,10
13.0468101501,80.2366485596,71856,71866,10
13.0469102859,80.2361984253,71866,71877,11
13.0469799042,80.2358398438,71877,71887,10
13.0469999313,80.235786438,71887,71897,10
13.0470399857,80.2354812622,71897,71907,10
13.04708004,80.2350234985,71907,71917,10
13.047129631,80.2345123291,71917,71927,10
13.0472202301,80.233757019,71927,71937,10
13.0472698212,80.2332077026,71937,71988,51
13.0472698212,80.2332077026,71988,71997,9
13.0470104218,80.233039856,71997,72008,11
13.0464897156,80.2329788208,72008,72018,10
13.0458498001,80.2328567505,72018,72028,10
13.0452899933,80.2327270508,72028,72038,10
13.0451803207,80.2326889038,72038,72048,10
13.0450496674,80.2326583862,72048,72058,10
13.044719696,80.2325592041,72058,72069,11
13.0440101624,80.2324295044,72069,72079,10
13.0433197021,80.2323303223,72079,72089,10
13.0427799225,80.2323608398,72089,72099,10
13.0424098969,80.232383728,72099,72109,10
13.0419998169,80.2323684692,72109,72119,10
13.0414104462,80.2322387695,72119,72129,10
13.0406599045,80.2320022583,72129,72139,10
13.0399303436,80.2317581177,72139,72149,10
13.0391397476,80.2315597534,72149,72159,10
13.0383195877,80.2313308716,72159,72170,11
13.0373001099,80.2310409546,72170,72180,10
13.0367898941,80.2308578491,72180,72190,10
13.0365400314,80.2306900024,72190,72200,10
13.0360403061,80.2304763794,72200,72210,10
13.0352096558,80.2303924561,72210,72331,121
13.0352096558,80.2303924561,72331,72341,10
13.0349197388,80.2303619385,72341,72351,10
13.0345602036,80.2304077148,72351,72361,10
13.0341701508,80.2304992676,72361,72372,11
13.033949852,80.2304763794,72372,72382,10
13.0334796906,80.2304992676,72382,72412,30
13.0334796906,80.2304992676,72412,72422,10
13.0331096649,80.2305374146,72422,72432,10
13.0326099396,80.2305908203,72432,72442,10
13.0321302414,80.2306213379,72442,72452,10
13.03166008,80.2306671143,72452,72462,10
13.0311002731,80.2307128906,72462,72473,11
13.0308704376,80.230758667,72473,72483,10
13.0306196213,80.2307662964,72483,72493,10
13.0303201675,80.230796814,72493,72503,10
13.029999733,80.2308273315,72503,72513,10
13.0298299789,80.2308502197,72513,72523,10
13.0296001434,80.2308807373,72523,72533,10
13.0292396545,80.2309265137,72533,72543,10
13.0287599564,80.2309570313,72543,72553,10
13.0282802582,80.231010437,72553,72563,10
13.0278396606,80.2310562134,72563,72574,11
13.0276603699,80.2314224243,72574,72584,10
13.0276899338,80.2319564819,72584,72594,10
13.0277795792,80.232460022,72594,72604,10
13.0276498795,80.2328567505,72604,72614,10
13.0271100998,80.2329483032,72614,72624,10
13.0267601013,80.2330093384,72624,72634,10
13.0264196396,80.2329330444,72634,72644,10
13.0262002945,80.2324066162,72644,72654,10
13.02602005,80.2317581177,72654,72664,10
13.0258102417,80.2310180664,72664,72675,11
13.0253896713,80.230178833,72675,72685,10
13.0250597,80.2297363281,72685,72694,9
13.0249500275,80.2295837402,72694,72705,11
13.0249204636,80.2295379639,72705,72715,10
13.0248203278,80.2294006348,72715,72725,10
13.0245895386,80.229133606,72725,72735,10
13.0243196487,80.2287368774,72735,72745,10
13.0239400864,80.2283325195,72745,72765,20
13.0239400864,80.2283325195,72765,72776,11
13.0237598419,80.2280502319,72776,72786,10
13.0234298706,80.2277069092,72786,72796,10
13.0230703354,80.2273635864,72796,72806,10
13.0226297379,80.2269210815,72806,72816,10
13.0221595764,80.2265167236,72816,72826,10
13.0216197968,80.2260971069,72826,72836,10
13.0209798813,80.2255935669,72836,72846,10
13.0201997757,80.2250595093,72846,72856,10
13.0198001862,80.2247772217,72856,72866,10
13.019780159,80.2247619629,72866,72877,11
13.0197496414,80.2247009277,72877,72887,10
13.0193901062,80.2245635986,72887,72897,10
13.018699646,80.224571228,72897,72907,10
13.0180196762,80.224861145,72907,72917,10
13.0173597336,80.2251434326,72917,72927,10
13.0165996552,80.2254562378,72927,72937,10
13.015999794,80.2256698608,72937,72947,10
13.0153398514,80.2258987427,72947,72957,10
13.014380455,80.2263031006,72957,72978,21
13.014380455,80.2263031006,72978,72988,10
13.0143098831,80.22631073,72988,72998,10
13.0139799118,80.2264404297,72998,73008,10
13.0134801865,80.2266387939,73008,73018,10
13.0128602982,80.226890564,73018,73028,10
13.0113601685,80.2275009155,73028,73038,10
13.0113601685,80.2275009155,73038,73049,11
13.0105199814,80.2278213501,73049,73059,10
13.0095996857,80.2282028198,73059,73070,11
13.0090904236,80.2288589478,73070,73080,10
13.008939743,80.2297134399,73080,73090,10
13.0087499619,80.230682373,73090,73100,10
13.0085601807,80.231628418,73100,73110,10
13.0083799362,80.2325897217,73110,73123,13
13.0082597733,80.2334365845,73123,73133,10
13.0082302094,80.2334976196,73133,73143,10
13.0081996918,80.2336120605,73143,73153,10
13.0081195831,80.2338562012,73153,73163,10
13.0080699921,80.2341918945,73163,73174,11
13.007900238,80.2349395752,73174,73184,10
13.0077800751,80.2355804443,73184,73194,10
13.0076398849,80.2363433838,73194,73204,10
13.0074901581,80.2371368408,73204,73214,10
13.0073299408,80.2378463745,73214,73224,10
13.007229805,80.2384185791,73224,73234,10
13.0071201324,80.2390823364,73234,73244,10
13.006939888,80.2397384644,73244,73254,10
13.0068597794,80.240447998,73254,73264,10
13.006819725,80.2407836914,73264,73275,11
13.0068101883,80.2408218384,73275,73285,10
13.0067796707,80.2410125732,73285,73295,10
13.0067396164,80.2414627075,73295,73305,10
13.0067195892,80.2420501709,73305,73325,20
13.0066795349,80.2429962158,73325,73335,10
13.0066604614,80.2437820435,73335,73345,10
13.0066604614,80.244392395,73345,73355,10
13.0066604614,80.2451934814,73355,73365,10
13.0066795349,80.2456970215,73365,73376,11
13.0066995621,80.2462463379,73376,73386,10
13.0067195892,80.2467727661,73386,73396,10
13.0067100525,80.2472610474,73396,73406,10
13.0066995621,80.2476196289,73406,73416,10
13.0067100525,80.2480621338,73416,73426,10
13.0067396164,80.248626709,73426,73437,11
13.0067796707,80.249671936,73437,73447,10
13.0067901611,80.250579834,73447,73457,10
13.0067796707,80.2510299683,73457,73467,10
13.0067396164,80.2516174316,73467,73478,11
13.0065803528,80.2523193359,73478,73488,10
13.006529808,80.2528381348,73488,73497,9
13.0065202713,80.2536010742,73497,73508,11
13.0065202713,80.2543029785,73508,73518,10
13.0065498352,80.2545394897,73518,73528,10
13.0065698624,80.2546081543,73528,73538,10
13.0065898895,80.2548294067,73538,73548,10
13.0065898895,80.2548522949,73548,73558,10
13.0065603256,80.2549972534,73558,73568,10
13.0065803528,80.2554626465,73568,73579,11
13.0065898895,80.2561798096,73579,73589,10
13.0065603256,80.2568893433,73589,73599,10
13.0066604614,80.2573318481,73599,73680,81
13.0066604614,80.2573318481,73680,73690,10
13.006770134,80.257522583,73690,73700,10
13.0064697266,80.2576522827,73700,73710,10
13.0059700012,80.2575378418,73710,73720,10
13.0053501129,80.2573928833,73720,73730,10
13.0048503876,80.2572097778,73730,73740,10
13.0042896271,80.2571105957,73740,73750,10
13.0037002563,80.256980896,73750,73760,10
13.003080368,80.2568664551,73760,73771,11
13.0023498535,80.256729126,73771,73781,10
13.0018701553,80.256652832,73781,73803,22
13.0018701553,80.256652832,73803,73813,10
13.0013103485,80.2565689087,73813,73823,10
13.0008096695,80.2565002441,73823,73833,10
13.0000095367,80.2563781738,73833,73843,10
12.9993801117,80.2562866211,73843,73853,10
12.9989595413,80.2561798096,73853,73863,10
12.9984397888,80.256111145,73863,73894,31
12.9984397888,80.256111145,73894,73904,10
12.9981203079,80.2560501099,73904,73914,10
12.997759819,80.2560119629,73914,73924,10
12.9971599579,80.2559814453,73924,73934,10
12.9966602325,80.2559661865,73934,73944,10
12.996049881,80.2559814453,73944,73954,10
12.9955101013,80.2559890747,73954,73964,10
12.995059967,80.2559814453,73964,73975,11
12.9945201874,80.2559890747,73975,73985,10
12.9940900803,80.2560424805,73985,73995,10
12.9934501648,80.2561187744,73995,74005,10
12.9927597046,80.2562179565,74005,74015,10
12.9918804169,80.256187439,74015,74025,10
12.991060257,80.2561798096,74025,74035,10
12.9905195236,80.2561416626,74035,74045,10
12.9900999069,80.2561187744,74045,74055,10
12.9898996353,80.2561035156,74055,74065,10
12.9896802902,80.256072998,74065,74076,11
12.9893198013,80.2560501099,74076,74086,10
12.988820076,80.2560119629,74086,74096,10
12.9882802963,80.2559585571,74096,74106,10
12.9882097244,80.2559509277,74106,74116,10
12.9879398346,80.255897522,74116,74126,10
12.9876699448,80.2559280396,74126,74136,10
12.9875802994,80.2563018799,74136,74146,10
12.9875497818,80.2567672729,74146,74156,10
12.9875001907,80.2572174072,74156,74166,10
12.9874601364,80.2578811646,74166,74177,11
12.9874000549,80.2586669922,74177,74187,10
12.9873199463,80.2592163086,74187,74197,10
12.987279892,80.2593765259,74197,74207,10
12.987159729,80.2596206665,74207,74257,50
12.987159729,80.2596206665,74257,74267,10
12.9869298935,80.2596206665,74267,74278,11
12.9865999222,80.2595062256,74278,74651,373
12.9866600037,80.2592163086,74651,75611,960
12.9866600037,80.2592163086,75611,75621,10
12.9871902466,80.2591781616,75621,75631,10
12.9872303009,80.2591705322,75631,75641,10
12.9873104095,80.2588806152,75641,75652,11
12.9873399734,80.2585830688,75652,75662,10
12.9873600006,80.2582778931,75662,75672,10
12.9874000549,80.2578582764,75672,75682,10
12.9874401093,80.2573928833,75682,75692,10
12.9874801636,80.2567672729,75692,75773,81
12.9874801636,80.2567672729,75773,75783,10
12.9875402451,80.256477356,75783,75793,10
12.9875402451,80.256187439,75793,75803,10
12.9875602722,80.2559814453,75803,75813,10
12.987660408,80.255821228,75813,75823,10
12.9877901077,80.255821228,75823,75833,10
12.9881801605,80.255859375,75833,75854,21
12.9881801605,80.255859375,75854,75864,10
12.988409996,80.2559127808,75864,75874,10
12.9885702133,80.2559204102,75874,75884,10
12.9888000488,80.2559432983,75884,75894,10
12.9893398285,80.2559661865,75894,75904,10
12.9900598526,80.2559814453,75904,75914,10
12.9904203415,80.2559967041,75914,75924,10
12.9905900955,80.2560272217,75924,75934,10
12.9910001755,80.2560577393,75934,75944,10
12.9916496277,80.256072998,75944,75955,11
12.9925403595,80.2560577393,75955,75965,10
12.9933395386,80.2560195923,75965,75975,10
12.9940099716,80.2559967041,75975,75985,10
12.9942998886,80.2559814453,75985,75995,10
12.9947500229,80.2559432983,75995,76005,10
12.9953804016,80.2559127808,76005,76015,10
12.9960002899,80.255897522,76015,76025,10
12.9961900711,80.255897522,76025,76035,10
12.9963302612,80.2558898926,76035,76045,10
12.9966402054,80.2558898926,76045,76056,11
12.9969797134,80.2559127808,76056,76066,10
12.9973897934,80.2559204102,76066,76076,10
12.9978704453,80.2559432983,76076,76086,10
12.998169899,80.2559661865,76086,76096,10
12.9982700348,80.2559890747,76096,76106,10
12.9986600876,80.2560577393,76106,76116,10
12.9988698959,80.2561187744,76116,76126,10
12.9990196228,80.2561035156,76126,76136,10
12.9991998672,80.2561264038,76136,76146,10
12.9995698929,80.2562026978,76146,76157,11
13.0000896454,80.2563018799,76157,76167,10
13.0007400513,80.2564163208,76167,76177,10
13.0013399124,80.2565307617,76177,76187,10
13.0016899109,80.2565917969,76187,76197,10
13.0021295547,80.2566680908,76197,76207,10
13.0026197433,80.2567596436,76207,76217,10
13.0031795502,80.2568511963,76217,76227,10
13.003780365,80.2569732666,76227,76237,10
13.004360199,80.2570724487,76237,76247,10
13.0050697327,80.2572097778,76247,76258,11
13.005900383,80.2573623657,76258,76268,10
13.0065002441,80.2573699951,76268,76278,10
13.0064601898,80.2568283081,76278,76288,10
13.0064201355,80.2559814453,76288,76298,10
13.0064401627,80.255279541,76298,76308,10
13.0064401627,80.2543029785,76308,76318,10
13.0064496994,80.2535705566,76318,76328,10
13.0064496994,80.2530975342,76328,76338,10
13.0064296722,80.2527084351,76338,76349,11
13.0064401627,80.2525405884,76349,76359,10
13.0064401627,80.2525024414,76359,76369,10
13.0065002441,80.2521362305,76369,76379,10
13.0065898895,80.2515487671,76379,76389,10
13.0066795349,80.2506713867,76389,76399,10
13.0067195892,80.2499084473,76399,76409,10
13.0066995621,80.2493209839,76409,76419,10
13.0066404343,80.2487564087,76419,76429,10
13.0065603256,80.2479171753,76429,76460,31
13.0065603256,80.2479171753,76460,76470,10
13.0065498352,80.247833252,76470,76480,10
13.0065698624,80.2473373413,76480,76490,10
13.0065603256,80.2467803955,76490,76500,10
13.0065698624,80.2466583252,76500,76510,10
13.0065603256,80.2462768555,76510,76520,10
13.0065402985,80.2456207275,76520,76530,10
13.0065202713,80.2449188232,76530,76540,10
13.0065002441,80.2442169189,76540,76551,11
13.0064601898,80.2436294556,76551,76561,10
13.0064601898,80.243270874,76561,76571,10
13.0064496994,80.2427062988,76571,76581,10
13.0065002441,80.2411499023,76581,76591,10
13.0065002441,80.2411499023,76591,76601,10
13.0065498352,80.2406234741,76601,76611,10
13.0066099167,80.2402801514,76611,76621,10
13.0067501068,80.2396774292,76621,76631,10
13.0068902969,80.238899231,76631,76641,10
13.007060051,80.2381591797,76641,76655,14
13.0072498322,80.237411499,76655,76664,9
13.0073204041,80.2368621826,76664,76675,11
13.0073204041,80.2368469238,76675,76685,10
13.0074100494,80.2365570068,76685,76696,11
13.007519722,80.2360076904,76696,76706,10
13.0076999664,80.2351837158,76706,76716,10
13.0078802109,80.2343063354,76716,76726,10
13.0080699921,80.2332763672,76726,76736,10
13.0082902908,80.232131958,76736,76746,10
13.0085096359,80.2310409546,76746,76757,11
13.008769989,80.2297592163,76757,76767,10
13.0089998245,80.2286376953,76767,76777,10
13.0092496872,80.2277984619,76777,76787,10
13.0096597672,80.226890564,76787,76797,10
13.0100603104,80.2259979248,76797,76807,10
13.0104198456,80.2252502441,76807,76817,10
13.0106601715,80.2247314453,76817,76827,10
13.0109195709,80.2240600586,76827,76837,10
13.0112104416,80.2234115601,76837,76847,10
13.0115499496,80.2225875854,76847,76858,11
13.0118398666,80.2218093872,76858,76868,10
13.0122699738,80.2215194702,76868,76878,10
13.0125303268,80.2219619751,76878,76888,10
13.0128898621,80.2223968506,76888,76897,9
13.0134401321,80.2229690552,76897,76908,11
13.0140399933,80.2236328125,76908,76918,10
13.0144195557,80.2240371704,76918,76928,10
13.0150003433,80.2246932983,76928,76938,10
13.0153598785,80.2249832153,76938,76948,10
13.015540123,80.2251281738,76948,76959,11
13.0159597397,80.2253189087,76959,76969,10
13.0167503357,80.2252120972,76969,76979,10
13.0176696777,80.2248535156,76979,76989,10
13.0186901093,80.2244720459,76989,76999,10
13.0196304321,80.224571228,76999,77009,10
13.0203800201,80.2250900269,77009,77019,10
13.0210800171,80.2255783081,77019,77029,10
13.0217895508,80.2261123657,77029,77039,10
13.0221004486,80.22631073,77039,77049,10
13.022190094,80.2264175415,77049,77060,11
13.0226402283,80.2268295288,77060,77070,10
13.0231800079,80.2273101807,77070,77080,10
13.0236797333,80.2277679443,77080,77090,10
13.0241298676,80.2282562256,77090,77100,10
13.0244998932,80.2287826538,77100,77110,10
13.0248804092,80.229347229,77110,77120,10
13.0253801346,80.2299804688,77120,77130,10
13.0258102417,80.2307891846,77130,77140,10
13.0259895325,80.231338501,77140,77150,10
13.0263996124,80.2313232422,77150,77161,11
13.0271396637,80.2311172485,77161,77171,10
13.0278100967,80.2309875488,77171,77181,10
13.0284004211,80.2309188843,77181,77191,10
13.0285196304,80.2309112549,77191,77201,10
13.0290002823,80.2308731079,77201,77211,10
13.0294399261,80.2308273315,77211,77221,10
13.0301198959,80.2307662964,77221,77231,10
13.0306196213,80.2307281494,77231,77241,10
13.0311603546,80.230682373,77241,77252,11
13.0318403244,80.2306289673,77252,77262,10
13.0324401855,80.2305831909,77262,77272,10
13.0331497192,80.2305221558,77272,77282,10
13.0339097977,80.23046875,77282,77302,20
13.0339097977,80.23046875,77302,77312,10
13.0340595245,80.230430603,77312,77322,10
13.0341997147,80.2304382324,77322,77332,10
13.0342798233,80.2304229736,77332,77342,10
13.0343904495,80.2304077148,77342,77353,11
13.0347499847,80.2303466797,77353,77383,30
13.0347499847,80.2303466797,77383,77393,10
13.0349302292,80.2304611206,77393,77403,10
13.0349397659,80.23046875,77403,77413,10
13.0348997116,80.2308120728,77413,77423,10
13.0348396301,80.2312164307,77423,77433,10
13.0347604752,80.2318191528,77433,77443,10
13.0346403122,80.2325134277,77443,77454,11
13.0345802307,80.2332611084,77454,77464,10
13.0345001221,80.2338180542,77464,77474,10
13.0344200134,80.2344589233,77474,77484,10
13.034330368,80.2352218628,77484,77494,10
13.0342302322,80.236038208,77494,77504,10
13.0341396332,80.2370071411,77504,77524,20
13.0341396332,80.2370071411,77524,77534,10
13.0341596603,80.2372589111,77534,77544,10
13.034330368,80.2375030518,77544,77555,11
13.0345401764,80.2378921509,77555,77565,10
13.0347995758,80.2383422852,77565,77575,10
13.0351200104,80.2388381958,77575,77585,10
13.0354795456,80.2393188477,77585,77595,10
13.0359296799,80.239402771,77595,77605,10
13.0364999771,80.2394714355,77605,77615,10
13.0369997025,80.2395172119,77615,77625,10
13.0375404358,80.2395935059,77625,77635,10
13.0380601883,80.2396621704,77635,77645,10
13.0385599136,80.2397079468,77645,77656,11
13.0391302109,80.2397918701,77656,77666,10
13.0394802094,80.2398376465,77666,77676,10
13.0399503708,80.2398910522,77676,77686,10
13.040309906,80.2399978638,77686,77696,10
13.0403795242,80.2401885986,77696,77706,10
13.0404195786,80.2405014038,77706,77716,10
13.0407495499,80.2405471802,77716,77726,10
13.0409898758,80.2405776978,77726,77736,10
13.0411500931,80.2406082153,77736,77746,10
13.0415496826,80.2406768799,77746,77757,11
13.0420198441,80.240737915,77757,77767,10
13.042599678,80.2408065796,77767,77777,10
13.0431804657,80.2408828735,77777,77787,10
13.0438203812,80.2409667969,77787,77798,11
13.0441303253,80.2408905029,77798,77808,10
13.0445299149,80.2405776978,77808,77818,10
13.0448999405,80.2403182983,77818,77828,10
13.0453996658,80.2399978638,77828,77838,10
13.0458602905,80.2397003174,77838,77848,10
13.0462799072,80.2395324707,77848,77859,11
13.0465202332,80.239616394,77859,77869,10
13.0466995239,80.2396621704,77869,77879,10
13.04708004,80.2397232056,77879,77889,10
13.0474996567,80.2398223877,77889,77898,9
13.0479402542,80.2398986816,77898,77909,11
13.0485401154,80.2400436401,77909,77919,10
13.0490598679,80.2401428223,77919,77929,10
13.0496397018,80.2402572632,77929,77939,10
13.0501499176,80.2403793335,77939,77949,10
13.0508203506,80.2405090332,77949,77960,11
13.0514001846,80.2406082153,77960,77970,10
13.0519599915,80.2407302856,77970,77980,10
13.0521602631,80.2407989502,77980,77990,10
13.0523700714,80.2409820557,77990,78000,10
13.0525598526,80.2412719727,78000,78010,10
13.0526504517,80.2416000366,78010,78020,10
13.0530900955,80.241859436,78020,78030,10
13.0537099838,80.2421569824,78030,78040,10
13.0539703369,80.2422409058,78040,78050,10
13.0539703369,80.2422485352,78050,78061,11
13.0542201996,80.2423095703,78061,78071,10
13.0547399521,80.2423629761,78071,78081,10
13.0553503036,80.2422485352,78081,78091,10
13.0559797287,80.2423629761,78091,78101,10
13.0565500259,80.2425765991,78101,78111,10
13.0568599701,80.2426071167,78111,78121,10
13.0574798584,80.2428207397,78121,78131,10
13.0581102371,80.242729187,78131,78141,10
13.0587396622,80.2426223755,78141,78152,11
13.0593700409,80.2425079346,78152,78162,10
13.059800148,80.2426376343,78162,78172,10
13.0602998734,80.2427902222,78172,78182,10
13.060839653,80.242980957,78182,78192,10
13.0611696243,80.2430877686,78192,78202,10
13.0614595413,80.2431716919,78202,78212,10
13.0618896484,80.2432327271,78212,78222,10
13.0623903275,80.2433395386,78222,78232,10
13.0624704361,80.243347168,78232,78242,10
13.0627698898,80.2434234619,78242,78253,11
13.0635099411,80.2435302734,78253,78263,10
13.064040184,80.2435379028,78263,78273,10
13.0645103455,80.243560791,78273,78283,10
13.0650396347,80.2435684204,78283,78293,10
13.0654697418,80.2435531616,78293,78303,10
13.0660104752,80.2434921265,78303,78313,10
13.0663204193,80.2433776855,78313,78323,10
13.0665903091,80.2432785034,78323,78333,10
13.0670404434,80.2431030273,78333,78343,10
13.0675697327,80.2428512573,78343,78354,11
13.06828022,80.2426528931,78354,78364,10
13.0685596466,80.2425765991,78364,78374,10
13.0687799454,80.2425003052,78374,78384,10
13.0692100525,80.2423324585,78384,78394,10
13.0696296692,80.2421875,78394,78404,10
13.0699796677,80.2420730591,78404,78424,20
13.0699796677,80.2420730591,78424,78434,10
13.0704097748,80.2419891357,78434,78444,10
13.0708904266,80.2418212891,78444,78455,11
13.0714597702,80.241569519,78455,78465,10
13.0721197128,80.2412185669,78465,78475,10
13.0726804733,80.2408905029,78475,78485,10
13.0732803345,80.2407226563,78485,78495,10
13.0738401413,80.2405929565,78495,78505,10
13.074640274,80.2405319214,78505,78515,10
13.0756397247,80.2405166626,78515,78525,10
13.0764799118,80.240562439,78525,78535,10
13.0770301819,80.2405929565,78535,78545,10
13.0771999359,80.2402191162,78545,78556,11
13.0769500732,80.2395935059,78556,78566,10
13.0767402649,80.2389831543,78566,78576,10
13.07654953,80.2383880615,78576,78586,10
13.0765199661,80.2379226685,78586,78595,9
13.0765399933,80.2376937866,78595,78606,11
13.0765399933,80.2374725342,78606,78616,10
13.07654953,80.2374572754,78616,78626,10
13.0765104294,80.2373199463,78626,78636,10
13.0763998032,80.2369384766,78636,78646,10
13.076259613,80.2363891602,78646,78657,11
13.0761604309,80.235710144,78657,78667,10
13.0760202408,80.2350387573,78667,78677,10
13.0758800507,80.2344207764,78677,78687,10
13.0758399963,80.2340164185,78687,78697,10
13.0761098862,80.2338104248,78697,78707,10
13.0765199661,80.233757019,78707,78717,10
13.0769195557,80.2337036133,78717,78727,10
13.077460289,80.2336196899,78727,78737,10
13.0780601501,80.233581543,78737,78747,10
13.0786800385,80.233543396,78747,78758,11
13.0793800354,80.233543396,78758,78768,10
13.0799198151,80.2335281372,78768,78778,10
13.0803604126,80.2335205078,78778,78788,10
13.0803804398,80.2335205078,78788,78798,10
13.0806903839,80.233543396,78798,78808,10
13.0811100006,80.233543396,78808,78818,10
13.0817804337,80.2335662842,78818,78828,10
13.0820503235,80.2333908081,78828,78838,10
13.0820598602,80.2328567505,78838,78848,10
13.0822601318,80.2322387695,78848,78859,11
13.0825300217,80.2314605713,78859,78869,10
13.0828199387,80.2307434082,78869,78879,10
13.0831804276,80.2307434082,78879,78889,10
13.0832004547,80.2312393188,78889,78899,10
13.0832300186,80.2319869995,78899,78909,10
13.0832996368,80.232711792,78909,78919,10
13.0834197998,80.233291626,78919,78929,10
13.0834999084,80.2336196899,78929,78939,10
13.083530426,80.2337265015,78939,78949,10
13.0836696625,80.2339019775,78949,78960,11
13.0839796066,80.2339782715,78960,78970,10
13.0839996338,80.2339706421,78970,78980,10
13.0841398239,80.2339935303,78980,78990,10
13.084400177,80.2340621948,78990,79000,10
13.0848398209,80.2341537476,79000,79010,10
13.085269928,80.2342300415,79010,79020,10
13.0857601166,80.2343673706,79020,79030,10
13.0862798691,80.2344818115,79030,79040,10
13.0866804123,80.2345275879,79040,79050,10
13.0871496201,80.2345581055,79050,79061,11
13.0877895355,80.234413147,79061,79071,10
13.0879802704,80.2338790894,79071,79081,10
13.088060379,80.2332077026,79081,79091,10
13.0882196426,80.232421875,79091,79101,10
13.0884199142,80.231628418,79101,79111,10
13.088640213,80.2309799194,79111,79121,10
13.0888900757,80.2304611206,79121,79131,10
13.0889196396,80.2304382324,79131,79141,10
13.0890102386,80.2303390503,79141,79151,10
13.0891895294,80.2299499512,79151,79162,11
13.0895795822,80.2293319702,79162,79172,10
13.0901203156,80.2287063599,79172,79182,10
13.0906295776,80.2281494141,79182,79192,10
13.091050148,80.2276992798,79192,79202,10
13.0913696289,80.2273101807,79202,79222,20
13.0913696289,80.2273101807,79222,79232,10
13.0916204453,80.2270812988,79232,79242,10
13.0920000076,80.2266693115,79242,79252,10
13.092499733,80.2261734009,79252,79263,11
13.093079567,80.2256011963,79263,79273,10
13.0935602188,80.2250900269,79273,79283,10
13.0939397812,80.2246170044,79283,79293,10
13.094420433,80.2239837646,79293,79303,10
13.0949401855,80.223197937,79303,79313,10
13.0952701569,80.2224578857,79313,79323,10
13.0955495834,80.2217178345,79323,79333,10
13.095700264,80.221206665,79333,79343,10
13.0957803726,80.2209625244,79343,79354,11
13.0959997177,80.220413208,79354,79364,10
13.0961999893,80.2197799683,79364,79374,10
13.0964002609,80.2191619873,79374,79384,10
13.0965795517,80.2185821533,79384,79394,10
13.0968198776,80.2179031372,79394,79404,10
13.0971002579,80.2171325684,79404,79414,10
13.0974197388,80.2163467407,79414,79424,10
13.0977602005,80.2155227661,79424,79434,10
13.0980195999,80.2148666382,79434,79444,10
13.0984201431,80.2140426636,79444,79475,31
13.0984201431,80.2140426636,79475,79485,10
13.0985202789,80.2139434814,79485,79495,10
13.098739624,80.2140197754,79495,79505,10
13.0990600586,80.2141799927,79505,79515,10
13.0994701385,80.2142791748,79515,79525,10
13.0998601913,80.2143783569,79525,79535,10
13.1002101898,80.2144775391,79535,79707,172
13.1002101898,80.2144775391,79707,79717,10
13.1004896164,80.2145767212,79717,79727,10
13.1006202698,80.2147293091,79727,79737,10
13.1004896164,80.2150115967,79737,79747,10
13.1002998352,80.2154693604,79747,79758,11
13.1000299454,80.2160568237,79758,79788,30
13.1000299454,80.2160568237,79788,79798,10
13.0998497009,80.2160263062,79798,79808,10
13.0999202728,80.2157974243,79808,79818,10
13.1000795364,80.2154006958,79818,82649,2831
13.1000795364,80.2154006958,82649,82659,10
13.1001701355,80.2151870728,82659,82669,10
13.1002502441,80.2149200439,82669,82679,10
13.1002397537,80.2146072388,82679,82689,10
13.1000003815,80.2144317627,82689,82699,10
13.0996398926,80.2143478394,82699,82709,10
13.0991802216,80.2142181396,82709,82720,11
13.0988101959,80.2140884399,82720,82730,10
13.0984802246,80.214050293,82730,82740,10
13.098279953,80.2144393921,82740,82750,10
13.0980396271,80.2150192261,82750,82760,10
13.0977802277,80.215637207,82760,82770,10
13.0974903107,80.2163467407,82770,82780,10
13.0972204208,80.2170410156,82780,82790,10
13.0969800949,80.2176971436,82790,82800,10
13.0967502594,80.2183914185,82800,82810,10
13.0965299606,80.2190475464,82810,82821,11
13.0963201523,80.2196578979,82821,82831,10
13.0961303711,80.220199585,82831,82841,10
13.0959396362,80.2207565308,82841,82851,10
13.0957298279,80.2213592529,82851,82861,10
13.0955295563,80.2219467163,82861,82871,10
13.0952796936,80.2225799561,82871,82881,10
13.0950498581,80.2231369019,82881,82891,10
13.0946502686,80.223777771,82891,82901,10
13.0942602158,80.224319458,82901,82911,10
13.0938100815,80.2248764038,82911,82922,11
13.0933599472,80.2254104614,82922,82932,10
13.0929403305,80.2258377075,82932,82942,10
13.0925302505,80.2262802124,82942,82952,10
13.0920600891,80.2267532349,82952,82962,10
13.0916004181,80.2272109985,82962,82972,10
13.0912599564,80.2276229858,82972,82982,10
13.090959549,80.2279586792,82982,82992,10
13.0906600952,80.2282714844,82992,83002,10
13.0903100967,80.2286376953,83002,83012,10
13.0899600983,80.2290115356,83012,83023,11
13.0895996094,80.2294311523,83023,83033,10
13.0893096924,80.2298965454,83033,83043,10
13.0891199112,80.2302322388,83043,83053,10
13.08893013,80.2305984497,83053,83063,10
13.0887098312,80.2310562134,83063,83073,10
13.088549614,80.2314605713,83073,83083,10
13.0884199142,80.2318572998,83083,83093,10
13.088259697,80.232421875,83093,83103,10
13.0881204605,80.2330627441,83103,83113,10
13.0880203247,80.2337799072,83113,83124,11
13.087849617,80.2344207764,83124,83134,10
13.0874500275,80.2345581055,83134,83144,10
13.0872097015,80.2345581055,83144,83154,10
13.0869703293,80.2345275879,83154,83164,10
13.0864295959,80.2344894409,83164,83174,10
13.0858297348,80.2343597412,83174,83184,10
13.085149765,80.2342071533,83184,83194,10
13.0845003128,80.2340698242,83194,83204,10
13.0840196609,80.2339630127,83204,83214,10
13.0836000443,80.2338790894,83214,83225,11
13.0831403732,80.2338027954,83225,83235,10
13.0827302933,80.2337188721,83235,83245,10
13.0822200775,80.2336120605,83245,83255,10
13.0819396973,80.2334136963,83255,83265,10
13.0820102692,80.232963562,83265,83275,10
13.082110405,80.2325210571,83275,83285,10
13.0822401047,80.2321472168,83285,83295,10
13.082400322,80.2317123413,83295,83305,10
13.0825595856,80.231300354,83305,83315,10
13.08273983,80.2308883667,83315,83326,11
13.0830097198,80.2307128906,83326,83336,10
13.0831403732,80.2309494019,83336,83346,10
13.0831804276,80.2313232422,83346,83356,10
13.0832099915,80.2318267822,83356,83366,10
13.0832300186,80.2323608398,83366,83376,10
13.0833501816,80.2327880859,83376,83386,10
13.0834197998,80.2332611084,83386,83396,10
13.0834999084,80.2336578369,83396,83406,10
13.0837697983,80.2338562012,83406,83427,21
13.0837697983,80.2338562012,83427,83437,10
13.0841703415,80.2339782715,83437,83447,10
13.0844497681,80.2340393066,83447,83457,10
13.0847902298,80.23412323,83457,83467,10
13.0850896835,80.2341766357,83467,83477,10
13.0853500366,80.2342376709,83477,83487,10
13.0857896805,80.2343673706,83487,83497,10
13.0861196518,80.2344512939,83497,83507,10
13.0864896774,80.2345123291,83507,83518,11
13.0868701935,80.2345199585,83518,83528,10
13.0873498917,80.2345275879,83528,83538,10
13.0877399445,80.2343673706,83538,83548,10
13.0878896713,80.2340774536,83548,83558,10
13.0879497528,80.2337036133,83558,83568,10
13.088060379,80.2331771851,83568,83578,10
13.0881795883,80.2326431274,83578,83588,10
13.0882997513,80.2321014404,83588,83598,10
13.088470459,80.2315597534,83598,83608,10
13.0886201859,80.2311325073,83608,83619,11
13.0888395309,80.2306289673,83619,83629,10
13.0890398026,80.2302093506,83629,83639,10
13.0893001556,80.2297210693,83639,83649,10
13.089630127,80.2292327881,83649,83659,10
13.089969635,80.2288284302,83659,83669,10
13.0903596878,80.2284164429,83669,83679,10
13.090760231,80.228012085,83679,83689,10
13.091170311,80.2275466919,83689,83699,10
13.0915498734,80.2271118164,83699,83709,10
13.0919303894,80.2266998291,83709,83720,11
13.0923595428,80.2262573242,83720,83730,10
13.0927696228,80.2258605957,83730,83740,10
13.0931797028,80.2254333496,83740,83750,10
13.0935201645,80.2250595093,83750,83760,10
13.0938100815,80.2247390747,83760,83770,10
13.0941495895,80.2242889404,83770,83780,10
13.0946102142,80.2236633301,83780,83790,10
13.0949497223,80.2230300903,83790,83800,10
13.0952396393,80.2225036621,83800,83810,10
13.0954399109,80.2219619751,83810,83821,11
13.0956602097,80.2213363647,83821,83831,10
13.0958595276,80.2207794189,83831,83841,10
13.0960302353,80.2202377319,83841,83851,10
13.0962200165,80.2197113037,83851,83861,10
13.0964202881,80.2191619873,83861,83871,10
13.0965995789,80.2185974121,83871,83881,10
13.0967798233,80.2180633545,83881,83891,10
13.0969800949,80.2174911499,83891,83901,10
13.0971698761,80.217010498,83901,83911,10
13.0974597931,80.2163085938,83911,83922,11
13.0977697372,80.2155609131,83922,83932,10
13.0979995728,80.2149963379,83932,83942,10
13.0982503891,80.2143630981,83942,83952,10
13.0985202789,80.2140197754,83952,83962,10
13.098859787,80.2141189575,83962,83972,10
13.0992698669,80.2142333984,83972,83982,10
13.099650383,80.2143325806,83982,83991,9
13.0999603271,80.2144622803,83991,84002,11
13.1001596451,80.2145462036,84002,84012,10
13.1002397537,80.2150268555,84012,84558,546
13.1002397537,80.2150268555,84558,84568,10
13.100110054,80.2153167725,84568,84578,10
13.1000204086,80.2154922485,84578,84588,10
13.0999603271,80.2156829834,84588,84598,10
13.0998697281,80.2159194946,84598,84608,10
13.0996999741,80.2168197632,84608,84619,11
13.0996999741,80.2168197632,84619,84629,10
13.0995502472,80.2174072266,84629,84639,10
13.0994195938,80.2180786133,84639,84649,10
13.0993299484,80.2186584473,84649,84659,10
13.0992498398,80.2191772461,84659,84669,10
13.0991897583,80.2195281982,84669,84682,13
13.0991201401,80.2199935913,84682,84692,10
13.0990200043,80.2205429077,84692,84702,10
13.0988998413,80.2210617065,84702,84712,10
13.0987997055,80.2216033936,84712,84724,12
13.0987596512,80.2221298218,84724,84734,10
13.0987901688,80.2228622437,84734,84744,10
13.0991296768,80.2233810425,84744,84754,10
13.0994997025,80.2238616943,84754,84764,10
13.0996999741,80.2244033813,84764,84774,10
13.0998401642,80.2249526978,84774,84784,10
13.0999202728,80.225440979,84784,84794,10
13.1000003815,80.2259597778,84794,84804,10
13.1000499725,80.2265014648,84804,84815,11
13.100060463,80.2270126343,84815,84825,10
13.100060463,80.2273788452,84825,84835,10
13.1000404358,80.2278366089,84835,84845,10
13.0999698639,80.2282791138,84845,84855,10
13.0999097824,80.2286987305,84855,84865,10
13.0998401642,80.2291107178,84865,84875,10
13.0997600555,80.2295303345,84875,84885,10
13.0996599197,80.2300186157,84885,84895,10
13.0994901657,80.2306289673,84895,84905,10
13.0992202759,80.231262207,84905,84916,11
13.0989398956,80.231880188,84916,84926,10
13.0987997055,80.232383728,84926,84936,10
13.0986604691,80.2330627441,84936,84946,10
13.0985803604,80.2336502075,84946,84956,10
13.0985202789,80.234161377,84956,84966,10
13.0984601974,80.2347335815,84966,84976,10
13.0983695984,80.2353820801,84976,84986,10
13.0982999802,80.2360076904,84986,84996,10
13.0981998444,80.2365722656,84996,85006,10
13.0981197357,80.237121582,85006,85017,11
13.097990036,80.237739563,85017,85027,10
13.0978403091,80.2383575439,85027,85037,10
13.0977602005,80.2389984131,85037,85047,10
13.0976896286,80.2395782471,85047,85057,10
13.0976400375,80.2403030396,85057,85067,10
13.0975704193,80.2410583496,85067,85077,10
13.0974798203,80.2416915894,85077,85087,10
13.0974597931,80.2419281006,85087,85097,10
13.0974702835,80.2420883179,85097,85107,10
13.0976200104,80.2421569824,85107,85118,11
13.0979404449,80.2422485352,85118,85128,10
13.0984697342,80.2422409058,85128,85199,71
13.0984697342,80.2422409058,85199,85209,10
13.0987596512,80.2419891357,85209,85220,11
13.0987997055,80.2415771484,85220,85240,20
13.0987997055,80.2415771484,85240,85250,10
13.0988397598,80.241317749,85250,85260,10
13.0989103317,80.2411117554,85260,85321,61
13.0989103317,80.2411117554,85321,85331,10
13.0989999771,80.2408065796,85331,85341,10
13.0990200043,80.2406082153,85341,85351,10
13.0987997055,80.2404937744,85351,85371,20
13.0987997055,80.2404937744,85371,85381,10
13.0989198685,80.2405014038,85381,85997,616
13.0989198685,80.2405014038,85997,86008,11
13.0990104675,80.2401809692,86008,86018,10
13.0990400314,80.2407302856,86018,86038,20
13.0990400314,80.2407302856,86038,86048,10
13.099029541,80.2409973145,86048,86058,10
