13.01445961,80.225189209,19,3425,3406
13.0144701004,80.2249832153,3425,3700,275
13.0147104263,80.2250823975,3700,4164,464
13.0144500732,80.2250976563,4164,11117,6953
13.0146398544,80.2250595093,11117,16476,5359
13.01445961,80.2249908447,16476,16506,30
13.0143995285,80.2249069214,16506,16617,111
13.0145196915,80.2250213623,16617,16920,303
13.0145196915,80.2250366211,16920,21515,4595
13.0145797729,80.2249526978,21515,21729,214
13.0145797729,80.2249526978,21729,21739,10
13.0144701004,80.2251815796,21739,21749,10
13.0144701004,80.225189209,21749,21758,9
13.0143003464,80.2252731323,21758,21769,11
13.0142097473,80.2254333496,21769,21779,10
13.0142202377,80.225769043,21779,21830,51
13.0142202377,80.225769043,21830,21840,10
13.0142202377,80.2261199951,21840,21860,20
13.0142202377,80.2261199951,21860,21870,10
13.0140895844,80.226348877,21870,21880,10
13.0136995316,80.2264633179,21880,21890,10
13.0131397247,80.2266769409,21890,21900,10
13.012430191,80.2269363403,21900,21910,10
13.0116796494,80.2272033691,21910,21919,9
13.0109195709,80.2274932861,21919,21931,12
13.0099401474,80.2278366089,21931,21941,10
13.0096502304,80.2274169922,21941,21951,10
13.0099496841,80.2268218994,21951,21960,9
13.0102396011,80.2260971069,21960,21973,13
13.010720253,80.2250137329,21973,21983,10
13.0110797882,80.2241210938,21983,21993,10
13.0114002228,80.2232666016,21993,22003,10
13.0116901398,80.2225418091,22003,22012,9
13.0119895935,80.2217178345,22012,22023,11
13.012140274,80.2208328247,22023,22034,11
13.0118598938,80.219909668,22034,22044,10
13.0115404129,80.219039917,22044,22054,10
13.0112304688,80.2181930542,22054,22064,10
13.0109100342,80.2174072266,22064,22074,10
13.0105695724,80.2166519165,22074,22084,10
13.0101699829,80.2159423828,22084,22094,10
13.0097799301,80.2151412964,22094,22104,10
13.0092697144,80.2144622803,22104,22113,9
13.0088796616,80.2138977051,22113,22125,12
13.0082998276,80.2133865356,22125,22145,20
13.0082998276,80.2133865356,22145,22155,10
13.0081100464,80.2133026123,22155,22195,40
13.0081100464,80.2133026123,22195,22205,10
13.0077400208,80.2130203247,22205,22215,10
13.0071697235,80.2127990723,22215,22226,11
13.006360054,80.2127685547,22226,22236,10
13.0057001114,80.2129211426,22236,22246,10
13.0050296783,80.2125167847,22246,22256,10
13.0042600632,80.2121734619,22256,22266,10
13.0036201477,80.2120819092,22266,22276,10
13.0031700134,80.2120819092,22276,22286,10
13.0024900436,80.2121734619,22286,22296,10
13.0019903183,80.2124176025,22296,22306,10
13.0015697479,80.2127380371,22306,22316,10
13.0010204315,80.2132034302,22316,22327,11
13.0004196167,80.2136993408,22327,22337,10
12.9999103546,80.2141799927,22337,22347,10
12.9992198944,80.2147674561,22347,22397,50
12.9992198944,80.2147674561,22397,22407,10
12.9989299774,80.2149581909,22407,22417,10
12.9986095428,80.2152328491,22417,22427,10
12.9980697632,80.2156982422,22427,22439,12
12.997469902,80.2162628174,22439,22449,10
12.9972696304,80.2164916992,22449,22459,10
12.9967603683,80.2165527344,22459,22469,10
12.9959697723,80.2166671753,22469,22479,10
12.9951601028,80.217010498,22479,22489,10
12.994720459,80.2173233032,22489,22499,10
12.9941501617,80.2177276611,22499,22509,10
12.9934797287,80.2181777954,22509,22520,11
12.9926996231,80.2187194824,22520,22528,8
12.992099762,80.2191696167,22528,22538,10
12.9913597107,80.2197113037,22538,22550,12
12.9907999039,80.2201385498,22550,22560,10
12.9905500412,80.2203598022,22560,22568,8
12.9902000427,80.2206497192,22568,22580,12
12.9895296097,80.2213973999,22580,22590,10
12.9890604019,80.2220001221,22590,22600,10
12.9884700775,80.2226486206,22600,22610,10
12.9877901077,80.2231063843,22610,22621,11
12.9875001907,80.2231216431,22621,22631,10
12.9871196747,80.2230834961,22631,22641,10
12.9867296219,80.2230072021,22641,22651,10
12.9861698151,80.2229766846,22651,22661,10
12.9857397079,80.2230606079,22661,22671,10
12.9853496552,80.2232894897,22671,22681,10
12.984869957,80.2231369019,22681,22691,10
12.9843301773,80.2228317261,22691,22701,10
12.9837398529,80.2224884033,22701,22711,10
12.9834604263,80.2223205566,22711,22722,11
12.9832496643,80.2221832275,22722,22732,10
12.9832401276,80.2221832275,22732,22742,10
12.9829397202,80.2220077515,22742,22752,10
12.9824104309,80.2218017578,22752,22762,10
12.9817695618,80.2214431763,22762,22772,10
12.9811401367,80.2210998535,22772,22782,10
12.980509758,80.2210769653,22782,22792,10
12.9797496796,80.2211532593,22792,22802,10
12.9789600372,80.2211990356,22802,22811,9
12.978219986,80.221206665,22811,22823,12
12.9772701263,80.2212524414,22823,22833,10
12.9764995575,80.2212600708,22833,22843,10
12.9761199951,80.2214584351,22843,22853,10
12.9763298035,80.2217407227,22853,22873,20
12.9763298035,80.2217407227,22873,22883,10
12.9763803482,80.2219161987,22883,22893,10
12.9766597748,80.2223815918,22893,22903,10
12.9770898819,80.2230834961,22903,22914,11
12.9776601791,80.2239837646,22914,22924,10
12.9781703949,80.2248001099,22924,22934,10
12.9786901474,80.2256393433,22934,22944,10
12.9792299271,80.2265014648,22944,22954,10
12.9797496796,80.2273483276,22954,22964,10
12.9802598953,80.2282028198,22964,22974,10
12.9807500839,80.2291030884,22974,22984,10
12.981300354,80.2299118042,22984,22994,10
12.9816904068,80.2304916382,22994,23004,10
12.9817399979,80.2306213379,23004,23015,11
12.9819498062,80.2311706543,23015,23025,10
12.9820604324,80.2319488525,23025,23035,10
12.9819402695,80.2328186035,23035,23045,10
12.9815998077,80.233581543,23045,23055,10
12.9812803268,80.234336853,23055,23065,10
12.9812402725,80.2350692749,23065,23075,10
12.9812002182,80.2357025146,23075,23085,10
12.9812097549,80.2363891602,23085,23095,10
12.9812602997,80.2370986938,23095,23104,9
12.9812898636,80.2377319336,23104,23116,12
12.9813203812,80.2384414673,23116,23126,10
12.9813404083,80.2392272949,23126,23136,10
12.9813604355,80.2401275635,23136,23146,10
12.9813804626,80.2411422729,23146,23156,10
12.9813804626,80.2422103882,23156,23166,10
12.9813899994,80.2427368164,23166,23176,10
12.9813699722,80.2429504395,23176,23186,10
12.9813804626,80.2434234619,23186,23196,10
12.9813098907,80.244178772,23196,23205,9
12.9812002182,80.2450408936,23205,23217,12
12.9810400009,80.2463302612,23217,23227,10
12.9809398651,80.2474899292,23227,23237,10
12.9808597565,80.2486801147,23237,23247,10
12.9806995392,80.2498626709,23247,23257,10
12.9804296494,80.2509918213,23257,23267,10
12.9801998138,80.2519073486,23267,23277,10
12.9801197052,80.252243042,23277,23287,10
12.9801797867,80.2525405884,23287,23297,10
12.9805297852,80.2526473999,23297,23307,10
12.981180191,80.2526321411,23307,23318,11
12.9820899963,80.2526016235,23318,23328,10
12.983039856,80.2525405884,23328,23338,10
12.9840698242,80.2523269653,23338,23348,10
12.9851102829,80.2520523071,23348,23358,10
12.9861402512,80.2517700195,23358,23368,10
12.987039566,80.2515563965,23368,23379,11
12.9873304367,80.2514724731,23379,23389,10
12.9875802994,80.2514038086,23389,23399,10
12.9879398346,80.2516937256,23399,23408,9
12.9880304337,80.2523803711,23408,23420,12
12.9879302979,80.2535476685,23420,23428,8
12.987859726,80.2543716431,23428,23438,10
12.9877195358,80.2555618286,23438,23499,61
12.9877195358,80.2555618286,23499,23511,12
12.9876499176,80.2557601929,23511,23521,10
12.9875802994,80.2563018799,23521,23529,8
12.9875402451,80.2569198608,23529,23539,10
12.9874801636,80.2578430176,23539,23551,12
12.9873800278,80.2588577271,23551,23579,28
12.9873800278,80.2588577271,23579,23589,10
12.9873104095,80.2591629028,23589,23652,63
12.9873104095,80.2591629028,23652,23662,10
12.9872503281,80.2595214844,23662,23682,20
12.9872503281,80.2595214844,23682,23692,10
12.9870500565,80.259552002,23692,23702,10
12.9869098663,80.2595214844,23702,23713,11
12.9867801666,80.2594909668,23713,23723,10
12.9867897034,80.259262085,23723,24512,789
12.9867897034,80.259262085,24512,24522,10
12.9871397018,80.2591018677,24522,24532,10
12.9872102737,80.2591018677,24532,24542,10
12.9873504639,80.2588500977,24542,24552,10
12.9874000549,80.2584609985,24552,24560,8
12.987449646,80.2580108643,24560,24572,12
12.9875202179,80.2573623657,24572,24582,10
12.987569809,80.2567367554,24582,24590,8
12.9876098633,80.2562637329,24590,24623,33
12.9876098633,80.2562637329,24623,24633,10
12.9876003265,80.2560577393,24633,24643,10
12.9876203537,80.2557830811,24643,24653,10
12.9877195358,80.2553405762,24653,24663,10
12.9877595901,80.2547607422,24663,24673,10
12.9878196716,80.2540893555,24673,24683,10
12.9878997803,80.253288269,24683,24693,10
12.9879598618,80.2524108887,24693,24703,10
12.9878501892,80.2517318726,24703,24714,11
12.9871101379,80.2516937256,24714,24724,10
12.9862604141,80.2518997192,24724,24734,10
12.9853401184,80.2520904541,24734,24744,10
12.9843597412,80.2523422241,24744,24754,10
12.9833402634,80.2525787354,24754,24764,10
12.9822797775,80.2526626587,24764,24774,10
12.9812202454,80.2526931763,24774,24784,10
12.9799499512,80.2527008057,24784,24825,41
12.9799499512,80.2527008057,24825,24835,10
12.9798402786,80.2526092529,24835,24845,10
12.9798603058,80.2522277832,24845,24855,10
12.9799900055,80.2518234253,24855,24865,10
12.980219841,80.2511520386,24865,24875,10
12.9804601669,80.2503585815,24875,24885,10
12.9806499481,80.249458313,24885,24893,8
12.9807195663,80.2486877441,24893,24906,13
12.9808197021,80.2474212646,24906,24916,10
12.980919838,80.246383667,24916,24926,10
12.9810495377,80.245300293,24926,24936,10
12.9811697006,80.2442016602,24936,24946,10
12.9812602997,80.2436599731,24946,24956,10
12.9813604355,80.2433395386,24956,24966,10
12.9813804626,80.2431335449,24966,24976,10
12.9814100266,80.2429122925,24976,24986,10
12.9814100266,80.2426834106,24986,24996,10
12.9814300537,80.24243927,24996,25007,11
12.9814100266,80.2418289185,25007,25017,10
12.9814100266,80.2410964966,25017,25027,10
12.9814300537,80.2402801514,25027,25037,10
12.9813699722,80.2393722534,25037,25047,10
12.9813404083,80.23828125,25047,25067,20
12.9813404083,80.23828125,25067,25077,10
12.9813404083,80.2380905151,25077,25087,10
12.9813404083,80.2376403809,25087,25096,9
12.9813098907,80.2370071411,25096,25108,12
12.981300354,80.2359619141,25108,25118,10
12.9812698364,80.2350692749,25118,25128,10
12.9813098907,80.2341995239,25128,25138,10
12.9815702438,80.2335586548,25138,25148,10
12.9816198349,80.2334289551,25148,25158,10
12.9816999435,80.233253479,25158,25168,10
12.9818296432,80.2329788208,25168,25178,10
12.9819803238,80.2325363159,25178,25188,10
12.9820203781,80.2322235107,25188,25198,10
12.982000351,80.2318191528,25198,25209,11
12.9819803238,80.2313995361,25209,25219,10
12.9818296432,80.2309036255,25219,25229,10
12.9815301895,80.2303695679,25229,25239,10
12.9811000824,80.2296676636,25239,25249,10
12.9808597565,80.2292175293,25249,25259,10
12.980799675,80.2290878296,25259,25269,10
12.9805297852,80.2286682129,25269,25279,10
12.9801502228,80.228012085,25279,25289,10
12.9796800613,80.2272567749,25289,25299,10
12.9792003632,80.2264404297,25299,25309,10
12.9786996841,80.2256164551,25309,25321,12
12.9781198502,80.2246627808,25321,25329,8
12.9778900146,80.224357605,25329,25341,12
12.9777498245,80.2241210938,25341,25349,8
12.9775600433,80.2238006592,25349,25361,12
12.9772195816,80.2232513428,25361,25371,10
12.9769897461,80.2228164673,25371,25381,10
12.9772195816,80.2226867676,25381,25391,10
12.977519989,80.2225570679,25391,25400,9
12.9775600433,80.2222366333,25400,25412,12
12.9775295258,80.2217788696,25412,25420,8
12.9774904251,80.2215118408,25420,25460,40
12.9774904251,80.2215118408,25460,25472,12
12.9769802094,80.2212905884,25472,25826,354
12.9766597748,80.2212677002,25826,25967,141
12.9766597748,80.2212677002,25967,25977,10
12.9763803482,80.2211685181,25977,25987,10
12.9761295319,80.2211837769,25987,25997,10
12.976149559,80.2214584351,25997,26008,11
12.9763097763,80.2217025757,26008,26097,89
12.9763097763,80.2217025757,26097,26109,12
12.9764099121,80.2221603394,26109,26119,10
12.9766902924,80.2225723267,26119,26129,10
12.9770402908,80.2230377197,26129,26139,10
12.9774303436,80.2236328125,26139,26149,10
12.9778900146,80.2243270874,26149,26159,10
12.9783496857,80.2250823975,26159,26169,10
12.9786396027,80.2254867554,26169,26179,10
12.9788103104,80.225769043,26179,26189,10
12.9791202545,80.22631073,26189,26199,10
12.9794902802,80.2269363403,26199,26210,11
12.9799995422,80.2277374268,26210,26220,10
12.9804801941,80.2285308838,26220,26230,10
12.9809398651,80.2293014526,26230,26240,10
12.9813899994,80.2300262451,26240,26250,10
12.9817399979,80.2305526733,26250,26260,10
12.9818296432,80.2307510376,26260,26270,10
12.982000351,80.2312774658,26270,26281,11
12.9820804596,80.2321166992,26281,26290,9
12.9819602966,80.2328109741,26290,26300,10
12.9816503525,80.2334899902,26300,26312,12
12.9812803268,80.2343292236,26312,26322,10
12.9812297821,80.2352218628,26322,26332,10
12.9812803268,80.2361831665,26332,26340,8
12.9812898636,80.2370529175,26340,26351,11
12.9813203812,80.2380371094,26351,26362,11
12.9813404083,80.2388305664,26362,26371,9
12.9813299179,80.2389526367,26371,26382,11
12.9813499451,80.2395782471,26382,26392,10
12.9813604355,80.2403411865,26392,26402,10
12.9813804626,80.2411575317,26402,26413,11
12.9813699722,80.242149353,26413,26421,8
12.9813804626,80.2427368164,26421,26431,10
12.9813899994,80.2431106567,26431,26441,10
12.9813499451,80.2437973022,26441,26453,12
12.9812202454,80.2447967529,26453,26461,8
12.9811296463,80.2455368042,26461,26471,10
12.981010437,80.2465515137,26471,26481,10
12.980919838,80.2476119995,26481,26493,12
12.9808101654,80.2488937378,26493,26501,8
12.9806995392,80.2497634888,26501,26514,13
12.9803695679,80.2511520386,26514,26524,10
12.9801597595,80.2520370483,26524,26534,10
12.9801397324,80.2521286011,26534,26544,10
12.980099678,80.2523803711,26544,26554,10
12.9803304672,80.2526168823,26554,26564,10
12.9807701111,80.2526321411,26564,26574,10
12.9814100266,80.2526016235,26574,26584,10
12.9821901321,80.2525787354,26584,26594,10
12.9830503464,80.2525405884,26594,26601,7
12.9835796356,80.252456665,26601,26615,14
12.9847402573,80.2521362305,26615,26625,10
12.9856901169,80.2518768311,26625,26635,10
12.9863195419,80.2517166138,26635,26645,10
12.9866104126,80.2516403198,26645,26655,10
12.9869804382,80.2515182495,26655,26675,20
12.9869804382,80.2515182495,26675,26685,10
12.9870500565,80.2514724731,26685,26695,10
12.9873399734,80.2514038086,26695,26706,11
12.9878396988,80.2514266968,26706,26716,10
12.9879999161,80.251991272,26716,26726,10
12.9879903793,80.2526779175,26726,26736,10
12.9879198074,80.2535171509,26736,26746,10
12.9878396988,80.2543563843,26746,26756,10
12.9877901077,80.2550125122,26756,26766,10
12.9877996445,80.2550201416,26766,26776,10
12.9877996445,80.2551193237,26776,26786,10
12.987739563,80.2556381226,26786,26796,10
12.9876499176,80.2560119629,26796,26807,11
12.9876203537,80.2562103271,26807,26817,10
12.9876003265,80.2565383911,26817,26827,10
12.9875898361,80.2569503784,26827,26837,10
12.9875402451,80.2575912476,26837,26847,10
12.9874897003,80.258392334,26847,26857,10
12.9874296188,80.2590179443,26857,26867,10
12.9873199463,80.2593917847,26867,26897,30
12.9873199463,80.2593917847,26897,26908,11
12.9872398376,80.2596206665,26908,26928,20
12.9872398376,80.2596206665,26928,26938,10
12.9868602753,80.2595672607,26938,26948,10
12.9866800308,80.2593307495,26948,27099,151
12.9865999222,80.2591171265,27099,27161,62
12.9865999222,80.2591171265,27161,27172,11
12.9868602753,80.2590408325,27172,27182,10
12.9871797562,80.2590866089,27182,27203,21
12.9871797562,80.2590866089,27203,27211,8
12.9873600006,80.2589416504,27211,27223,12
12.9874095917,80.2584762573,27223,27233,10
12.9874401093,80.2580108643,27233,27243,10
12.9874897003,80.2573928833,27243,27252,9
12.9875402451,80.2567520142,27252,27263,11
12.9876098633,80.2558364868,27263,27273,10
12.9877099991,80.2550964355,27273,27282,9
12.9877195358,80.2548904419,27282,27292,10
12.987739563,80.2548599243,27292,27302,10
12.9877700806,80.2545089722,27302,27314,12
12.987830162,80.2538070679,27314,27324,10
12.9878997803,80.2530670166,27324,27334,10
12.9879302979,80.2522583008,27334,27344,10
12.9877500534,80.2517166138,27344,27354,10
12.9875602722,80.2516708374,27354,27364,10
12.9870901108,80.2516784668,27364,27374,10
12.9864301682,80.2518386841,27374,27382,8
12.9857702255,80.2519607544,27382,27394,12
12.9846696854,80.2522583008,27394,27405,11
12.9835996628,80.2525405884,27405,27415,10
12.9826002121,80.2526779175,27415,27425,10
12.9815597534,80.2527008057,27425,27435,10
12.9801702499,80.252746582,27435,27475,40
12.9801702499,80.252746582,27475,27485,10
12.9800395966,80.252822876,27485,27495,10
12.9798698425,80.2525177002,27495,27516,21
12.9798698425,80.2525177002,27516,27526,10
12.9799404144,80.252243042,27526,27536,10
12.980050087,80.2518005371,27536,27546,10
12.9802904129,80.251159668,27546,27556,10
12.980509758,80.2503433228,27556,27566,10
12.9806900024,80.2494277954,27566,27576,10
12.9807796478,80.2484436035,27576,27586,10
12.9808597565,80.2473983765,27586,27596,10
12.9809598923,80.2463531494,27596,27607,11
12.9811000824,80.2451629639,27607,27617,10
12.9811897278,80.2442169189,27617,27627,10
12.9812002182,80.2438583374,27627,27637,10
12.9812602997,80.2436828613,27637,27647,10
12.9813499451,80.243347168,27647,27657,10
12.9813499451,80.2431869507,27657,27667,10
12.9813604355,80.242980957,27667,27687,20
12.9813604355,80.242980957,27687,27697,10
12.9813699722,80.2427520752,27697,27708,11
12.9813804626,80.2423400879,27708,27718,10
12.9813604355,80.241859436,27718,27728,10
12.9813604355,80.2411804199,27728,27738,10
12.9813404083,80.2404098511,27738,27748,10
12.9813299179,80.239616394,27748,27758,10
12.981300354,80.2389602661,27758,27768,10
12.981300354,80.2384033203,27768,27778,10
12.981300354,80.238067627,27778,27788,10
12.9812898636,80.237991333,27788,27798,10
12.9812803268,80.2375793457,27798,27809,11
12.9812602997,80.2368087769,27809,27819,10
12.9812402725,80.2359466553,27819,27829,10
12.9812097549,80.2351837158,27829,27839,10
12.9812097549,80.2346115112,27839,27849,10
12.9813804626,80.2339401245,27849,27859,10
12.9814996719,80.2336425781,27859,27869,10
12.981590271,80.2334823608,27869,27889,20
12.981590271,80.2334823608,27889,27899,10
12.9816703796,80.2333068848,27899,27910,11
12.981880188,80.2328720093,27910,27920,10
12.9820098877,80.2323226929,27920,27930,10
12.982000351,80.2318725586,27930,27940,10
12.9819297791,80.2312698364,27940,27950,10
12.9816999435,80.2306900024,27950,27960,10
12.9813699722,80.2301177979,27960,27970,10
12.981180191,80.2298431396,27970,27980,10
12.9807500839,80.2291717529,27980,28001,21
12.9807500839,80.2291717529,28001,28011,10
12.9806404114,80.2290115356,28011,28021,10
12.9804296494,80.2286682129,28021,28033,12
12.9802598953,80.2282714844,28033,28043,10
12.9799499512,80.2277526855,28043,28053,10
12.9795799255,80.2271575928,28053,28063,10
12.979180336,80.2264785767,28063,28072,9
12.9787902832,80.2258300781,28072,28083,11
12.9782896042,80.2250213623,28083,28093,10
12.9781398773,80.2247619629,28093,28102,9
12.9779596329,80.2245330811,28102,28114,12
12.9777202606,80.2241821289,28114,28122,8
12.9777002335,80.2241516113,28122,28132,10
12.9774904251,80.2237930298,28132,28142,10
12.9771604538,80.2232284546,28142,28154,12
12.9771900177,80.2227096558,28154,28172,18
12.9771900177,80.2227096558,28172,28182,10
12.9773101807,80.2226791382,28182,28192,10
12.9775495529,80.2225799561,28192,28205,13
12.9775104523,80.2218780518,28205,28215,10
12.9774904251,80.221321106,28215,28225,10
12.977809906,80.2212524414,28225,28235,10
12.9782495499,80.2212219238,28235,28245,10
12.9785995483,80.2211608887,28245,28255,10
12.9792299271,80.2211074829,28255,28265,10
12.9799804688,80.2210464478,28265,28275,10
12.9807596207,80.220993042,28275,28285,10
12.9814901352,80.2212295532,28285,28295,10
12.9819898605,80.2216033936,28295,28306,11
12.9829797745,80.2219619751,28306,28326,20
12.9829797745,80.2219619751,28326,28336,10
12.9833498001,80.2221908569,28336,28346,10
12.9835700989,80.222366333,28346,28356,10
12.9840602875,80.2226486206,28356,28366,10
12.9846200943,80.2230224609,28366,28376,10
12.9852104187,80.2232971191,28376,28385,9
12.9855899811,80.2231216431,28385,28396,11
12.9865503311,80.2229385376,28396,28417,21
12.9865503311,80.2229385376,28417,28427,10
12.986989975,80.2230224609,28427,28437,10
12.9874801636,80.2230682373,28437,28447,10
12.9881095886,80.2227935791,28447,28457,10
12.9887504578,80.2222366333,28457,28467,10
12.9893102646,80.2215576172,28467,28477,10
12.9898700714,80.2208480835,28477,28487,10
12.9904203415,80.2203826904,28487,28498,11
12.9904403687,80.2203674316,28498,28508,10
12.9906196594,80.2202529907,28508,28518,10
12.9910297394,80.219909668,28518,28528,10
12.9916000366,80.2194671631,28528,28538,10
12.9922704697,80.2189712524,28538,28548,10
12.9930801392,80.218421936,28548,28558,10
12.9939403534,80.2178268433,28558,28568,10
12.9946804047,80.2172775269,28568,28578,10
12.9953298569,80.2168426514,28578,28588,10
12.9961099625,80.216583252,28588,28598,10
12.9968500137,80.216468811,28598,28609,11
12.9974403381,80.216178894,28609,28619,10
12.997590065,80.2160491943,28619,28629,10
12.9977302551,80.2159500122,28629,28639,10
12.9980602264,80.2156524658,28639,28649,10
12.9985799789,80.2151870728,28649,28659,10
12.9988698959,80.2149429321,28659,28669,10
12.9989995956,80.21484375,28669,28679,10
12.9992704391,80.2145996094,28679,28689,10
12.9997501373,80.2142028809,28689,28699,10
13.0002202988,80.2137832642,28699,28710,11
13.0008897781,80.2131881714,28710,28720,10
13.0015096664,80.2127227783,28720,28730,10
13.0020904541,80.2123031616,28730,28740,10
13.0025997162,80.2121200562,28740,28750,10
13.0033397675,80.2120513916,28750,28760,10
13.0040597916,80.2120437622,28760,28770,10
13.0047302246,80.2123413086,28770,28780,10
13.0053300858,80.2127304077,28780,28790,10
13.0059604645,80.2129516602,28790,28799,9
13.0061597824,80.212852478,28799,28811,12
13.006939888,80.2127609253,28811,28821,10
13.0078802109,80.2130813599,28821,28851,30
13.0078802109,80.2130813599,28851,28861,10
13.0080299377,80.213180542,28861,28871,10
13.0083999634,80.2133407593,28871,28881,10
13.0088396072,80.2137832642,28881,28891,10
13.0093698502,80.2144775391,28891,28901,10
13.0098400116,80.215133667,28901,28912,11
13.010219574,80.2156295776,28912,28922,10
13.0106401443,80.216178894,28922,28932,10
13.0108604431,80.2168579102,28932,28942,10
13.0111999512,80.217628479,28942,28952,10
13.011590004,80.2185974121,28952,28962,10
13.0119495392,80.2196426392,28962,28972,10
13.0123100281,80.2206726074,28972,28982,10
13.0125799179,80.2214431763,28982,28992,10
13.0129003525,80.2219085693,28992,29004,12
13.0134897232,80.2226104736,29004,29014,10
13.0139904022,80.2232437134,29014,29022,8
13.0142297745,80.2235870361,29022,29033,11
13.0145597458,80.2239837646,29033,29042,9
13.0152397156,80.2247695923,29042,29063,21
13.0152397156,80.2247695923,29063,29073,10
13.0154104233,80.2249984741,29073,29084,11
13.0158700943,80.2253417969,29084,29093,9
13.0164003372,80.2253875732,29093,29105,12
13.0172796249,80.2250900269,29105,29115,10
13.0181102753,80.2247390747,29115,29125,10
13.0188503265,80.2244262695,29125,29135,10
13.0196504593,80.2244796753,29135,29145,10
13.0203399658,80.224937439,29145,29155,10
13.0209598541,80.2253799438,29155,29165,10
13.0214796066,80.2257995605,29165,29173,8
13.0218496323,80.2260437012,29173,29185,12
13.0218801498,80.22605896,29185,29193,8
13.0219202042,80.2260971069,29193,29206,13
13.0222501755,80.2264022827,29206,29216,10
13.0227003098,80.2268295288,29216,29226,10
13.0232801437,80.2273635864,29226,29236,10
13.0237903595,80.2278366089,29236,29246,10
13.0242795944,80.2283172607,29246,29256,10
13.0247097015,80.2288970947,29256,29286,30
13.0247097015,80.2288970947,29286,29296,10
13.0248603821,80.2291412354,29296,29307,11
13.0252895355,80.2296905518,29307,29317,10
13.0257501602,80.2304077148,29317,29327,10
13.0259895325,80.2310180664,29327,29337,10
13.0260696411,80.2313537598,29337,29347,10
13.02643013,80.231262207,29347,29357,10
13.0272302628,80.2310714722,29357,29367,10
13.0280599594,80.2309494019,29367,29377,10
13.028459549,80.2309036255,29377,29387,10
13.0288295746,80.2308578491,29387,29397,10
13.0294704437,80.2307891846,29397,29408,11
13.0302696228,80.23072052,29408,29418,10
13.0307703018,80.230682373,29418,29428,10
13.0312900543,80.2306594849,29428,29438,10
13.0320997238,80.2305831909,29438,29447,9
13.0328903198,80.2305221558,29447,29459,12
13.0337400436,80.2304534912,29459,29469,10
13.0342998505,80.2304000854,29469,29479,10
13.034740448,80.2302703857,29479,29489,10
13.0347499847,80.2302627563,29489,29499,10
13.0347995758,80.2302474976,29499,29510,11
13.0348596573,80.2299804688,29510,29844,334
13.0346498489,80.2299880981,29844,30278,434
13.0346603394,80.2300491333,30278,30420,142
13.0344104767,80.2299118042,30420,30934,514
13.0342502594,80.2302627563,30934,30984,50
13.0342502594,80.2302627563,30984,30994,10
13.0341796875,80.2304229736,30994,31004,10
13.0338201523,80.2304382324,31004,31017,13
13.032959938,80.2304992676,31017,31027,10
13.03221035,80.2305908203,31027,31037,10
13.0314798355,80.2306594849,31037,31047,10
13.0310497284,80.23072052,31047,31057,10
13.0308599472,80.23072052,31057,31067,10
13.0304298401,80.2307510376,31067,31077,10
13.0299196243,80.2307815552,31077,31087,10
13.02987957,80.2307891846,31087,31097,10
13.0295801163,80.2309036255,31097,31118,21
13.0295801163,80.2309036255,31118,31128,10
13.0292797089,80.2309036255,31128,31138,10
13.0287303925,80.2309799194,31138,31148,10
13.0280799866,80.2310791016,31148,31158,10
13.0277204514,80.2311630249,31158,31168,10
13.0277004242,80.231552124,31168,31178,10
13.0277204514,80.2320175171,31178,31188,10
13.0278396606,80.2325515747,31188,31198,10
13.0272903442,80.2329101563,31198,31219,21
13.0272903442,80.2329101563,31219,31229,10
13.0270500183,80.232963562,31229,31239,10
13.02684021,80.2329788208,31239,31249,10
13.02643013,80.2329177856,31249,31259,10
13.0261898041,80.2322769165,31259,31269,10
13.0259599686,80.2313766479,31269,31279,10
13.0256299973,80.2304763794,31279,31289,10
13.0250797272,80.2296524048,31289,31299,10
13.0245304108,80.2289581299,31299,31309,10
13.0241603851,80.2285003662,31309,31320,11
13.0237998962,80.2280502319,31320,31330,10
13.0234899521,80.227722168,31330,31340,10
13.0231103897,80.2274627686,31340,31360,20
13.0231103897,80.2274627686,31360,31370,10
13.022769928,80.2271881104,31370,31380,10
13.022480011,80.2267837524,31380,31390,10
13.0219097137,80.2262802124,31390,31400,10
13.0212001801,80.2257232666,31400,31410,10
13.0200996399,80.2249603271,31410,31431,21
13.0200996399,80.2249603271,31431,31441,10
13.0200004578,80.2248382568,31441,31451,10
13.019610405,80.224609375,31451,31461,10
13.0189199448,80.2244720459,31461,31471,10
13.0181703568,80.2247619629,31471,31481,10
13.0173397064,80.2251205444,31481,31491,10
13.016579628,80.2254333496,31491,31501,10
13.0161399841,80.2255783081,31501,31511,10
13.015540123,80.2258071899,31511,31522,11
13.0147199631,80.2261581421,31522,31532,10
13.0144500732,80.2262420654,31532,31542,10
13.0143203735,80.2262878418,31542,31552,10
13.0141401291,80.2263336182,31552,31562,10
13.013589859,80.2265319824,31562,31572,10
13.0128097534,80.2268371582,31572,31582,10
13.0118904114,80.2272033691,31582,31592,10
13.0108699799,80.2276000977,31592,31602,10
13.0097999573,80.2279815674,31602,31611,9
13.0095996857,80.2274169922,31611,31623,12
13.0100603104,80.2264328003,31623,31633,10
13.0104799271,80.2255020142,31633,31643,10
13.0108499527,80.2246398926,31643,31653,10
13.0112104416,80.223777771,31653,31663,10
13.0115804672,80.2229309082,31663,31673,10
13.0119199753,80.2219467163,31673,31683,10
13.0121803284,80.2211532593,31683,31693,10
13.0120000839,80.2204437256,31693,31703,10
13.0117197037,80.2195205688,31703,31713,10
13.0113897324,80.2184829712,31713,31724,11
13.0109596252,80.217376709,31724,31734,10
13.0105400085,80.216506958,31734,31744,10
13.0101203918,80.2157592773,31744,31754,10
13.009759903,80.2150878906,31754,31765,11
13.0093402863,80.2145614624,31765,31776,11
13.008769989,80.2138137817,31776,31785,9
13.0083398819,80.2134170532,31785,31827,42
13.0083398819,80.2134170532,31827,31837,10
13.0081396103,80.2133178711,31837,31847,10
13.0081195831,80.2133102417,31847,31857,10
13.0079402924,80.213218689,31857,31867,10
13.0077695847,80.2130584717,31867,31877,10
13.0073099136,80.2128219604,31877,31887,10
13.0069999695,80.2127380371,31887,31897,10
13.0064201355,80.2127609253,31897,31906,9
13.0057897568,80.212928772,31906,31916,10
13.0051603317,80.2126235962,31916,31929,13
13.0042295456,80.2122192383,31929,31939,10
13.0035800934,80.2121200562,31939,31949,10
13.0031404495,80.2121276855,31949,31959,10
13.0030002594,80.2121124268,31959,31969,10
13.0027799606,80.2121276855,31969,31979,10
13.0024003983,80.2122421265,31979,31989,10
13.0019102097,80.2125015259,31989,31999,10
13.0012397766,80.2129592896,31999,32009,10
13.0006103516,80.213508606,32009,32019,10
12.9999399185,80.2141265869,32019,32030,11
12.9994697571,80.2145309448,32030,32040,10
12.9990901947,80.2148513794,32040,32050,10
12.9987001419,80.215133667,32050,32060,10
12.9980897903,80.2156829834,32060,32070,10
12.9975404739,80.2162017822,32070,32090,20
12.9975404739,80.2162017822,32090,32100,10
12.9972896576,80.2164764404,32100,32110,10
12.9969301224,80.2165374756,32110,32120,10
12.9964504242,80.2165985107,32120,32131,11
12.9960603714,80.2167205811,32131,32141,10
12.9954204559,80.2169570923,32141,32151,10
12.9947900772,80.2173309326,32151,32161,10
12.9941902161,80.2177124023,32161,32171,10
12.9936704636,80.2180786133,32171,32181,10
12.9929895401,80.2185516357,32181,32190,9
12.9924898148,80.2189331055,32190,32202,12
12.9918298721,80.2194213867,32202,32212,10
12.9913101196,80.2197418213,32212,32223,11
12.9910001755,80.2199935913,32223,32233,10
12.9909296036,80.2200775146,32233,32243,10
12.990650177,80.2202682495,32243,32253,10
12.9901504517,80.2206497192,32253,32263,10
12.9896202087,80.2211990356,32263,32273,10
12.9892196655,80.2217407227,32273,32283,10
12.9885997772,80.222442627,32283,32293,10
12.987950325,80.2230072021,32293,32303,10
12.987830162,80.2230606079,32303,32313,10
12.9877595901,80.2230987549,32313,32324,11
12.9873695374,80.2230911255,32324,32334,10
12.9869403839,80.2229995728,32334,32344,10
12.9864797592,80.2229614258,32344,32354,10
12.9857702255,80.2230529785,32354,32364,10
12.9854202271,80.2232818604,32364,32374,10
12.984869957,80.2231063843,32374,32384,10
12.9843397141,80.2228317261,32384,32394,10
12.9838104248,80.2225189209,32394,32404,10
12.9834299088,80.2222976685,32404,32414,10
12.9834098816,80.2222900391,32414,32424,10
12.9832401276,80.2222213745,32424,32434,10
12.982919693,80.2220230103,32434,32444,10
12.982460022,80.2218322754,32444,32454,10
12.9820098877,80.2216186523,32454,32464,10
12.9816303253,80.2212905884,32464,32474,10
12.9809999466,80.2210388184,32474,32484,10
12.9802503586,80.2210769653,32484,32496,12
12.9793596268,80.2211074829,32496,32505,9
12.9787397385,80.2211380005,32505,32515,10
12.9779500961,80.2211685181,32515,32527,12
12.9770803452,80.2212677002,32527,32535,8
12.9765901566,80.221282959,32535,32555,20
12.9765901566,80.221282959,32555,32567,12
12.9763002396,80.2212600708,32567,32577,10
12.9761695862,80.2214584351,32577,32585,8
12.9763898849,80.2218704224,32585,32638,53
12.9763898849,80.2218704224,32638,32648,10
12.9764699936,80.2221603394,32648,32658,10
12.9767599106,80.2226028442,32658,32668,10
12.9771795273,80.2232513428,32668,32678,10
12.9776697159,80.224029541,32678,32688,10
12.9781703949,80.2248306274,32688,32692,4
12.9783601761,80.225151062,32692,32711,19
12.9793100357,80.2266464233,32711,32721,10
12.9811697006,80.2297210693,32721,32762,41
12.9812602997,80.2364501953,32762,32985,223
12.9812602997,80.2364501953,32985,33005,20
12.9813203812,80.2381820679,33005,33015,10
12.9813404083,80.2386703491,33015,33025,10
12.9813299179,80.2388076782,33025,33036,11
12.9813499451,80.2392730713,33036,33046,10
12.9813604355,80.2395401001,33046,33056,10
12.9813604355,80.2398300171,33056,33066,10
12.9813699722,80.2403869629,33066,33076,10
12.9813899994,80.2410736084,33076,33086,10
12.9813995361,80.2415618896,33086,33096,10
12.9813995361,80.2416305542,33096,33106,10
12.9813995361,80.2417831421,33106,33116,10
12.9813995361,80.2419815063,33116,33126,10
12.9814195633,80.2425537109,33126,33177,51
12.9814195633,80.2425537109,33177,33187,10
12.9814395905,80.242729187,33187,33197,10
12.9814395905,80.2427597046,33197,33207,10
12.9814300537,80.2429733276,33207,33217,10
12.9814195633,80.2433166504,33217,33227,10
12.9813804626,80.2438201904,33227,33238,11
12.981300354,80.2444381714,33238,33248,10
12.9812803268,80.2445831299,33248,33258,10
12.9812097549,80.2450408936,33258,33268,10
12.9811201096,80.2457962036,33268,33278,10
12.9810199738,80.2466964722,33278,33288,10
12.980919838,80.2477416992,33288,33298,10
12.9808301926,80.248878479,33298,33308,10
12.9806604385,80.2500762939,33308,33318,10
12.9803600311,80.2512283325,33318,33329,11
12.9801502228,80.2522583008,33329,33349,20
12.9801502228,80.2522583008,33349,33359,10
12.9801502228,80.2524795532,33359,33369,10
12.9805698395,80.2526397705,33369,33379,10
12.9813404083,80.2526168823,33379,33389,10
12.9823102951,80.2525787354,33389,33399,10
12.9833202362,80.2524871826,33399,33409,10
12.9839496613,80.2523574829,33409,33423,14
12.9843196869,80.2522506714,33423,33434,11
12.9859800339,80.2518386841,33434,33474,40
12.9874601364,80.2514572144,33474,33505,31
12.9880304337,80.2518463135,33505,33536,31
12.9878902435,80.25390625,33536,33567,31
12.9878902435,80.25390625,33567,33588,21
12.9877300262,80.2555007935,33588,33599,11
12.9876499176,80.2561798096,33599,33609,10
12.9876499176,80.256362915,33609,33619,10
12.9876203537,80.2568817139,33619,33629,10
12.9875802994,80.2574996948,33629,33640,11
12.9875001907,80.2584381104,33640,33650,10
12.9873800278,80.2590026855,33650,33670,20
12.9873800278,80.2590026855,33670,33680,10
12.9872703552,80.2591934204,33680,33690,10
12.9872703552,80.2593078613,33690,33700,10
12.9872903824,80.2594070435,33700,33710,10
12.9872303009,80.2595672607,33710,33720,10
12.9871196747,80.2595596313,33720,33731,11
12.9869203568,80.2594833374,33731,33741,10
12.9869098663,80.2592315674,33741,33862,121
12.9869804382,80.2590866089,33862,34025,163
12.9879598618,80.2522735596,34025,34883,858
12.9879598618,80.2522735596,34883,34893,10
12.9879398346,80.2521820068,34893,34903,10
12.9878797531,80.2518768311,34903,34913,10
12.9877996445,80.2516098022,34913,34923,10
12.9876098633,80.2516174316,34923,34933,10
12.9875001907,80.2516403198,34933,34943,10
12.9869804382,80.2516784668,34943,34953,10
12.9861803055,80.2518463135,34953,34963,10
12.9851999283,80.2520980835,34963,34974,11
12.9839696884,80.2524337769,34974,34984,10
12.9827699661,80.2526473999,34984,34994,10
12.9815196991,80.2526931763,34994,35004,10
12.9803600311,80.2527618408,35004,35024,20
12.9803600311,80.2527618408,35024,35034,10
12.9799804688,80.2527389526,35034,35044,10
12.9798803329,80.2524337769,35044,35054,10
12.9799003601,80.2522964478,35054,35064,10
12.9799404144,80.2521591187,35064,35075,11
12.9801197052,80.2516784668,35075,35085,10
12.9803600311,80.2509536743,35085,35095,10
12.9805898666,80.250038147,35095,35105,10
12.9807500839,80.2490005493,35105,35115,10
12.980799675,80.2478637695,35115,35125,10
12.9809103012,80.2466506958,35125,35135,10
12.9810600281,80.2453918457,35135,35145,10
12.9811296463,80.2444992065,35145,35155,10
12.9811296463,80.2443618774,35155,35165,10
12.9811601639,80.2442016602,35165,35206,41
12.9811601639,80.2442016602,35206,35216,10
12.9811697006,80.2440795898,35216,35226,10
12.9811897278,80.2439727783,35226,35238,12
12.9811897278,80.2438735962,35238,35247,9
12.9812202454,80.2437362671,35247,35257,10
12.9812803268,80.2436599731,35257,35268,11
12.9813404083,80.2433319092,35268,35278,10
12.9813404083,80.2429504395,35278,35289,11
12.9813404083,80.2429122925,35289,35299,10
12.9813499451,80.2428436279,35299,35308,9
12.9813804626,80.2426528931,35308,35328,20
12.9813804626,80.2426528931,35328,35338,10
12.9814100266,80.2424163818,35338,35348,10
12.9814195633,80.2420196533,35348,35358,10
12.9814100266,80.241569519,35358,35367,9
12.9814300537,80.2410430908,35367,35380,13
12.9814100266,80.2403182983,35380,35390,10
12.9814100266,80.2402420044,35390,35400,10
12.9813804626,80.2399520874,35400,35430,30
12.9813995361,80.2397994995,35430,35491,61
12.9813995361,80.2397994995,35491,35501,10
12.9813499451,80.239402771,35501,35511,10
12.9813804626,80.2393188477,35511,35521,10
12.9813699722,80.238822937,35521,35531,10
12.9813299179,80.2381973267,35531,35541,10
12.9813203812,80.2379226685,35541,35551,10
12.981300354,80.2376480103,35551,35562,11
12.9812698364,80.2369308472,35562,35572,10
12.9812602997,80.2359924316,35572,35582,10
12.9812402725,80.2350387573,35582,35592,10
12.9813098907,80.2341003418,35592,35602,10
12.9816303253,80.2333984375,35602,35612,10
12.9816398621,80.2333831787,35612,35622,10
12.9817800522,80.2330780029,35622,35632,10
12.9819803238,80.2325134277,35632,35640,8
12.9819898605,80.2320709229,35640,35652,12
12.9819898605,80.2313995361,35652,35660,8
12.9818601608,80.2308807373,35660,35672,12
12.9813804626,80.2300796509,35672,35683,11
12.9809799194,80.2294006348,35683,35693,10
12.9807395935,80.2290115356,35693,35703,10
12.9807100296,80.2289810181,35703,35713,10
12.9804601669,80.2286224365,35713,35723,10
12.9802103043,80.2280807495,35723,35733,10
12.9798297882,80.2275009155,35733,35743,10
12.9793395996,80.2266998291,35743,35753,10
12.9788999557,80.2259521484,35753,35763,10
12.9784603119,80.225189209,35763,35774,11
12.9782104492,80.2247924805,35774,35784,10
12.9780101776,80.2245407104,35784,35794,10
12.9777603149,80.2241363525,35794,35804,10
12.977399826,80.2235565186,35804,35814,10
12.9770298004,80.2229385376,35814,35824,10
12.9771604538,80.2227020264,35824,35834,10
12.9772100449,80.2227020264,35834,35844,10
12.9773597717,80.2227020264,35844,35854,10
12.9775104523,80.2223892212,35854,35864,10
12.9774999619,80.2217407227,35864,35874,10
12.9774999619,80.221321106,35874,35885,11
12.9779396057,80.2212677002,35885,35895,10
12.9787101746,80.2211990356,35895,35905,10
12.9796495438,80.2211227417,35905,35915,10
12.9805898666,80.221031189,35915,35925,10
12.9814500809,80.2212295532,35925,35935,10
12.9820899963,80.2216720581,35935,35945,10
12.982509613,80.2218170166,35945,35955,10
12.9826803207,80.2218704224,35955,35966,11
12.9828796387,80.2219390869,35966,35976,10
12.9828901291,80.2219390869,35976,35986,10
12.983039856,80.2220230103,35986,35996,10
12.9832296371,80.2221679688,35996,36006,10
12.9835300446,80.222366333,36006,36016,10
12.9840602875,80.2226715088,36016,36026,10
12.9847097397,80.2230834961,36026,36036,10
12.9853401184,80.2232894897,36036,36046,10
12.9857702255,80.2230224609,36046,36056,10
12.9864597321,80.2229614258,36056,36066,10
12.9865598679,80.2229614258,36066,36075,9
12.9869003296,80.2230300903,36075,36087,12
12.9874200821,80.2230911255,36087,36097,10
12.9878902435,80.2229919434,36097,36107,10
12.9883203506,80.2227172852,36107,36117,10
12.9887399673,80.2222671509,36117,36127,10
12.9891300201,80.2218017578,36127,36137,10
12.9896001816,80.2211990356,36137,36147,10
12.9901599884,80.2205810547,36147,36157,10
12.9903802872,80.2203903198,36157,36167,10
12.990530014,80.2202911377,36167,36177,10
12.9909095764,80.2200317383,36177,36187,10
12.9913702011,80.2196731567,36187,36197,10
12.9918003082,80.2193222046,36197,36207,10
12.9924898148,80.2188186646,36207,36217,10
12.9933099747,80.2182312012,36217,36227,10
12.9940595627,80.2176971436,36227,36237,10
12.9946603775,80.2172622681,36237,36248,11
12.9952096939,80.2168884277,36248,36258,10
12.9957103729,80.2166671753,36258,36268,10
12.9959802628,80.2166137695,36268,36278,10
12.9962301254,80.2165527344,36278,36290,12
12.9963798523,80.2165298462,36290,36298,8
12.9965295792,80.216506958,36298,36308,10
12.9968204498,80.2164764404,36308,36318,10
12.9975299835,80.2160720825,36318,36338,20
12.9975299835,80.2160720825,36338,36348,10
12.9976301193,80.2160110474,36348,36358,10
12.9980096817,80.2156829834,36358,36368,10
12.9985303879,80.2152633667,36368,36381,13
12.9991703033,80.2146987915,36381,36391,10
12.9996204376,80.2143173218,36391,36401,10
13.0001096725,80.2138824463,36401,36411,10
13.0007200241,80.2133407593,36411,36421,10
13.0014095306,80.2128067017,36421,36431,10
13.0020999908,80.2123413086,36431,36441,10
13.0027999878,80.2121124268,36441,36451,10
13.003490448,80.2120513916,36451,36461,10
13.0036897659,80.2120285034,36461,36471,10
13.0038204193,80.2119827271,36471,36482,11
13.0043697357,80.2121582031,36482,36492,10
13.0050697327,80.2125167847,36492,36502,10
13.0058403015,80.2129211426,36502,36512,10
13.0064897537,80.2127380371,36512,36522,10
13.0073204041,80.2127914429,36522,36532,10
13.0078802109,80.2130737305,36532,36552,20
13.0078802109,80.2130737305,36552,36562,10
13.0081300735,80.2132415771,36562,36572,10
13.0086402893,80.2135391235,36572,36583,11
13.0092201233,80.2143173218,36583,36593,10
13.0097198486,80.2149963379,36593,36603,10
13.0101203918,80.2155838013,36603,36613,10
13.0106401443,80.2162780762,36613,36623,10
13.0108995438,80.2169876099,36623,36633,10
13.0112695694,80.2178573608,36633,36643,10
13.0116195679,80.2187423706,36643,36653,10
13.0119600296,80.2197494507,36653,36661,8
13.0121803284,80.2204284668,36661,36673,12
13.0124998093,80.2213287354,36673,36684,11
13.0128297806,80.2218780518,36684,36694,10
13.0132904053,80.2224197388,36694,36704,10
13.0136995316,80.2229232788,36704,36714,10
13.0140199661,80.2233123779,36714,36724,10
13.0142202377,80.2235794067,36724,36734,10
13.0146398544,80.2239990234,36734,36744,10
13.0151195526,80.2246170044,36744,36754,10
13.0155897141,80.2250213623,36754,36764,10
13.0156402588,80.2250900269,36764,36774,10
13.0157804489,80.2252731323,36774,36785,11
13.0163803101,80.2253570557,36785,36795,10
13.0168104172,80.225189209,36795,36815,20
13.0168104172,80.225189209,36815,36825,10
13.0170297623,80.2250671387,36825,36835,10
13.0172996521,80.2249603271,36835,36845,10
13.0175504684,80.224861145,36845,36855,10
13.0178499222,80.2247390747,36855,36865,10
13.0181798935,80.2246017456,36865,36876,11
13.0182199478,80.2245864868,36876,36886,10
13.0183696747,80.2245178223,36886,36896,10
13.0185499191,80.2244415283,36896,36906,10
13.0187597275,80.2243728638,36906,36916,10
13.0191402435,80.2242889404,36916,36926,10
13.0194101334,80.224319458,36926,36956,30
13.0194101334,80.224319458,36956,36966,10
13.0195903778,80.2244110107,36966,36977,11
13.0198602676,80.2246170044,36977,36987,10
13.0202598572,80.224899292,36987,36997,10
13.0205001831,80.2250671387,36997,37007,10
13.0207595825,80.2252578735,37007,37017,10
13.020939827,80.2254104614,37017,37027,10
13.0209703445,80.225440979,37027,37037,10
13.0212001801,80.2256622314,37037,37047,10
13.0214500427,80.2258834839,37047,37057,10
13.0219497681,80.2261734009,37057,37077,20
13.0219497681,80.2261734009,37077,37088,11
13.0221595764,80.2263183594,37088,37108,20
13.022359848,80.2264633179,37108,37148,40
13.022359848,80.2264633179,37148,37158,10
13.0226202011,80.2267227173,37158,37168,10
13.0228004456,80.2269134521,37168,37198,30
13.0228004456,80.2269134521,37198,37208,10
13.0230903625,80.2272262573,37208,37219,11
13.0232601166,80.2274017334,37219,37229,10
13.0235204697,80.2276077271,37229,37299,70
13.0235204697,80.2276077271,37299,37309,10
13.0239801407,80.2278594971,37309,37319,10
13.0243501663,80.2283477783,37319,37329,10
13.0246601105,80.2287979126,37329,37339,10
13.0248003006,80.2290420532,37339,37349,10
13.0249900818,80.2293014526,37349,37359,10
13.0254201889,80.2298583984,37359,37369,10
13.0257396698,80.2303619385,37369,37379,10
13.0258798599,80.2306518555,37379,37392,13
13.0260000229,80.2311019897,37392,37402,10
13.026260376,80.2313232422,37402,37412,10
13.0269498825,80.2311630249,37412,37422,10
13.0281600952,80.2309417725,37422,37442,20
13.0281600952,80.2309417725,37442,37452,10
13.0285100937,80.2309188843,37452,37461,9
13.0289402008,80.2308807373,37461,37543,82
13.0289402008,80.2308807373,37543,37553,10
13.0290899277,80.2308807373,37553,37563,10
13.0293903351,80.2308502197,37563,37573,10
13.0299301147,80.2307815552,37573,37583,10
13.0303297043,80.2307434082,37583,37594,11
13.0308599472,80.2306976318,37594,37604,10
13.0313396454,80.2306594849,37604,37614,10
13.0319795609,80.2305908203,37614,37624,10
13.0326499939,80.2305297852,37624,37634,10
13.0333099365,80.2304992676,37634,37674,40
13.0333099365,80.2304992676,37674,37685,11
13.0335597992,80.2304916382,37685,37695,10
13.0337295532,80.23046875,37695,37705,10
13.0339899063,80.2304229736,37705,37715,10
13.0342903137,80.2303619385,37715,37745,30
13.0342903137,80.2303619385,37745,37754,9
13.0344495773,80.2303390503,37754,37767,13
13.034740448,80.2302703857,37767,37777,10
13.035030365,80.2299804688,37777,37788,11
13.0348701477,80.2298278809,37788,37798,10
13.0344200134,80.2297821045,37798,37838,40
13.0344200134,80.2297821045,37838,37848,10
13.0342998505,80.2297515869,37848,37858,10
13.0341901779,80.2300033569,37858,37919,61
13.0341901779,80.2300033569,37919,37928,9
13.0341796875,80.2304077148,37928,37939,11
13.034040451,80.2304611206,37939,37949,10
13.033659935,80.2304382324,37949,37958,9
13.0331602097,80.2304763794,37958,37969,11
13.0322999954,80.2305679321,37969,37978,9
13.0316495895,80.2306365967,37978,38001,23
13.0316495895,80.2306365967,38001,38010,9
13.0314903259,80.2306671143,38010,38020,10
13.0312700272,80.230682373,38020,38030,10
13.0310697556,80.2307128906,38030,38040,10
13.0307798386,80.23072052,38040,38049,9
13.030500412,80.2307510376,38049,38060,11
13.0302495956,80.230758667,38060,38070,10
13.0299596786,80.2307891846,38070,38080,10
13.0297899246,80.2308120728,38080,38092,12
13.0292301178,80.2308578491,38092,38102,10
13.0284700394,80.2309265137,38102,38112,10
13.0277299881,80.2310180664,38112,38122,10
13.0277004242,80.2313613892,38122,38132,10
13.0277500153,80.2319717407,38132,38142,10
13.0278196335,80.2327728271,38142,38192,50
13.0278196335,80.2327728271,38192,38203,11
13.0276203156,80.2328491211,38203,38213,10
13.0274496078,80.2328567505,38213,38253,40
13.0274496078,80.2328567505,38253,38263,10
13.0270595551,80.2329483032,38263,38273,10
13.0269002914,80.2329483032,38273,38283,10
13.026889801,80.232963562,38283,38293,10
13.0267000198,80.2330169678,38293,38304,11
13.0263700485,80.2328414917,38304,38314,10
13.0261497498,80.2321624756,38314,38324,10
13.0258998871,80.231338501,38324,38334,10
13.0255804062,80.2304077148,38334,38344,10
13.024939537,80.2294921875,38344,38354,10
13.0243997574,80.2287902832,38354,38364,10
13.0238399506,80.2280426025,38364,38374,10
13.0234003067,80.2276000977,38374,38384,10
13.0232696533,80.2275085449,38384,38394,10
13.0230998993,80.2274398804,38394,38405,11
13.023059845,80.2274093628,38405,38415,10
13.0228099823,80.2271575928,38415,38425,10
13.0224199295,80.2266464233,38425,38435,10
13.0218000412,80.2261428833,38435,38445,10
13.0212001801,80.2257080078,38445,38455,10
13.020409584,80.225151062,38455,38465,10
13.0197601318,80.2247161865,38465,38475,10
13.0190200806,80.2244873047,38475,38484,9
13.0181903839,80.2247467041,38484,38496,12
13.0169401169,80.2252578735,38496,38506,10
13.0160999298,80.2256011963,38506,38516,10
13.0154399872,80.2258377075,38516,38526,10
13.0150604248,80.2259979248,38526,38536,10
13.0148000717,80.2260971069,38536,38546,10
13.0147199631,80.2261505127,38546,38556,10
13.0144195557,80.2262802124,38556,38566,10
13.0142803192,80.22631073,38566,38576,10
13.0138301849,80.2264633179,38576,38586,10
13.0130796432,80.2267227173,38586,38595,9
13.0122299194,80.2270278931,38595,38607,12
13.0109300613,80.2275238037,38607,38617,10
13.0100603104,80.2278594971,38617,38627,10
13.0095300674,80.2277374268,38627,38637,10
13.0096101761,80.2273483276,38637,38647,10
13.0099401474,80.2266464233,38647,38657,10
13.0102996826,80.2258987427,38657,38667,10
13.010720253,80.2249832153,38667,38677,10
13.0110902786,80.2240905762,38677,38687,10
13.0111703873,80.2239303589,38687,38697,10
13.0112304688,80.2237167358,38697,38708,11
13.0114097595,80.2231826782,38708,38718,10
13.0117397308,80.2223892212,38718,38728,10
13.0120000839,80.2215576172,38728,38738,10
13.0121202469,80.2211227417,38738,38748,10
13.0120096207,80.2205734253,38748,38758,10
13.0117197037,80.219619751,38758,38768,10
13.011349678,80.218536377,38768,38778,10
13.0109195709,80.2174835205,38778,38788,10
13.0105400085,80.216583252,38788,38799,11
13.010140419,80.2158508301,38799,38809,10
13.0097198486,80.215057373,38809,38819,10
13.0094203949,80.2146835327,38819,38829,10
13.0090103149,80.2141113281,38829,38839,10
13.0085296631,80.2135467529,38839,38850,11
13.0082197189,80.2133483887,38850,38870,20
13.0082197189,80.2133483887,38870,38880,10
13.0080699921,80.2133026123,38880,38890,10
13.0078401566,80.2131729126,38890,38900,10
13.0076904297,80.2129821777,38900,38910,10
13.0072097778,80.2127990723,38910,38920,10
13.006529808,80.2127532959,38920,38930,10
13.0059299469,80.2129974365,38930,38940,10
13.0052204132,80.2126617432,38940,38950,10
13.0045604706,80.2122573853,38950,38960,10
13.0038700104,80.2120666504,38960,38970,10
13.0031299591,80.2120666504,38970,38980,10
13.0026197433,80.2121124268,38980,38993,13
13.0019702911,80.2124328613,38993,39003,10
13.0012302399,80.2129592896,39003,39013,10
13.0005302429,80.2135772705,39013,39023,10
12.999830246,80.2141799927,39023,39033,10
12.9993200302,80.2146224976,39033,39043,10
12.9989795685,80.2149200439,39043,39053,10
12.9984903336,80.21534729,39053,39063,10
12.997420311,80.2162475586,39063,39080,17
12.997420311,80.2162475586,39080,39094,14
12.9970197678,80.2165603638,39094,39104,10
12.9963302612,80.2166290283,39104,39114,10
12.9954500198,80.2168579102,39114,39122,8
12.9949502945,80.2171630859,39122,39134,12
12.9942302704,80.2176589966,39134,39144,10
12.9935598373,80.2181396484,39144,39154,10
12.9928302765,80.2186965942,39154,39161,7
12.9923095703,80.2190628052,39161,39174,13
12.991230011,80.2198486328,39174,39184,10
12.9907598495,80.2202224731,39184,39195,11
12.9907102585,80.2202606201,39195,39205,10
12.9903297424,80.2205810547,39205,39215,10
12.9897603989,80.2210769653,39215,39225,10
12.989279747,80.2217102051,39225,39235,10
12.9887599945,80.2223815918,39235,39245,10
12.9881095886,80.2228927612,39245,39255,10
12.9875097275,80.2231369019,39255,39265,10
12.9873399734,80.2231216431,39265,39275,10
12.9869203568,80.2230606079,39275,39285,10
12.9862804413,80.2229919434,39285,39296,11
12.98554039,80.2232284546,39296,39306,10
12.9851398468,80.2232208252,39306,39316,10
12.9844303131,80.2228775024,39316,39326,10
12.9837999344,80.2225494385,39326,39336,10
12.9834403992,80.2223129272,39336,39346,10
12.9833402634,80.2222518921,39346,39356,10
12.9831495285,80.2221374512,39356,39366,10
12.9827899933,80.2219390869,39366,39376,10
12.9824399948,80.2218322754,39376,39386,10
12.9819297791,80.2215270996,39386,39396,10
12.9812202454,80.2212371826,39396,39407,11
12.9806203842,80.2211380005,39407,39417,10
12.9798898697,80.2211685181,39417,39427,10
12.9792604446,80.2211914063,39427,39437,10
12.9787101746,80.2212219238,39437,39447,10
12.9779195786,80.2212219238,39447,39457,10
12.9771299362,80.2212524414,39457,39467,10
12.9764003754,80.2212371826,39467,39477,10
12.9762897491,80.2216186523,39477,39508,31
12.9762897491,80.2216186523,39508,39518,10
12.9763803482,80.221786499,39518,39528,10
12.9764099121,80.2219161987,39528,39538,10
12.9765501022,80.2222366333,39538,39548,10
12.9769296646,80.2228317261,39548,39558,10
12.9773302078,80.2235031128,39558,39568,10
12.9777803421,80.2241973877,39568,39578,10
12.978099823,80.2247009277,39578,39588,10
12.9781599045,80.2248001099,39588,39599,11
12.9784297943,80.2252578735,39599,39609,10
12.9788999557,80.2259674072,39609,39619,10
12.9793996811,80.2267990112,39619,39629,10
12.9799003601,80.2275924683,39629,39639,10
12.980219841,80.2281265259,39639,39649,10
12.9802598953,80.2282180786,39649,39659,10
12.9804801941,80.2286376953,39659,39669,10
12.9807901382,80.2291030884,39669,39679,10
12.9808397293,80.2291488647,39679,39689,10
12.9810600281,80.2295227051,39689,39699,10
12.9814796448,80.2301177979,39699,39710,11
12.9817399979,80.2305221558,39710,39720,10
12.9817399979,80.2306213379,39720,39730,10
12.9819002151,80.2310409546,39730,39740,10
12.9820404053,80.2317733765,39740,39750,10
12.9820203781,80.2323608398,39750,39760,10
12.9818096161,80.2330703735,39760,39770,10
12.9816598892,80.2334136963,39770,39780,10
12.9816398621,80.2334365845,39780,39790,10
12.9815196991,80.2336730957,39790,39800,10
12.9812402725,80.2343673706,39800,39810,10
12.9812097549,80.2348175049,39810,39820,10
12.9812297821,80.235496521,39820,39831,11
12.9812698364,80.2365722656,39831,39841,10
12.9812803268,80.2375335693,39841,39852,11
12.981300354,80.2380065918,39852,39861,9
12.9813098907,80.2384109497,39861,39871,10
12.9813203812,80.2387084961,39871,39881,10
12.9813404083,80.2389831543,39881,39891,10
12.9813404083,80.2394790649,39891,39901,10
12.9813604355,80.2401123047,39901,39913,12
12.9813604355,80.2411422729,39913,39923,10
12.9813804626,80.2420578003,39923,39933,10
12.9814100266,80.2426300049,39933,39943,10
12.9814100266,80.2426986694,39943,39951,8
12.9813804626,80.2427902222,39951,39963,12
12.9813804626,80.2433319092,39963,39973,10
12.9812698364,80.2440872192,39973,39983,10
12.9811401367,80.2450637817,39983,39993,10
12.9809999466,80.2461700439,39993,40004,11
12.9808702469,80.2475280762,40004,40014,10
12.9807796478,80.2487564087,40014,40024,10
12.9806699753,80.249786377,40024,40034,10
12.9804401398,80.2507705688,40034,40044,10
12.9801797867,80.2518081665,40044,40054,10
12.9801101685,80.2522277832,40054,40064,10
12.980099678,80.252281189,40064,40074,10
12.9801902771,80.2525634766,40074,40084,10
12.980389595,80.2526626587,40084,40094,10
12.9807901382,80.2526473999,40094,40104,10
12.9815196991,80.2526092529,40104,40115,11
12.9825801849,80.252571106,40115,40125,10
12.9836902618,80.2524108887,40125,40135,10
12.9846096039,80.2521820068,40135,40145,10
12.9850301743,80.2520599365,40145,40357,212
12.9850301743,80.2520599365,40357,40367,10
12.9851903915,80.2520217896,40367,40377,10
12.9856595993,80.2518768311,40377,40387,10
12.9862499237,80.251739502,40387,40397,10
12.9869203568,80.2515792847,40397,40408,11
12.9875802994,80.2514038086,40408,40620,212
12.9875802994,80.2514038086,40620,40630,10
12.9875402451,80.251449585,40630,40640,10
12.9878797531,80.2515563965,40640,40650,10
12.9879999161,80.252243042,40650,40660,10
12.9879198074,80.2532272339,40660,40670,10
12.987830162,80.2543563843,40670,40680,10
12.9877595901,80.2551269531,40680,40731,51
12.9877595901,80.2551269531,40731,40740,9
12.9876899719,80.2553100586,40740,40751,11
12.9876699448,80.2556915283,40751,40760,9
12.9875898361,80.256072998,40760,40770,10
12.9875602722,80.2565536499,40770,40780,10
12.9875497818,80.2569503784,40780,40791,11
12.9875202179,80.2576828003,40791,40801,10
12.9874401093,80.2585067749,40801,40812,11
12.9872303009,80.2595596313,40812,40842,30
12.9872303009,80.2595596313,40842,40852,10
12.9870595932,80.2597122192,40852,40862,10
12.9868202209,80.2596435547,40862,40872,10
12.9867601395,80.2593688965,40872,40881,9
12.9869098663,80.2591629028,40881,40891,10
12.9870996475,80.2591400146,40891,41075,184
12.9870996475,80.2591400146,41075,41085,10
12.9873504639,80.2591018677,41085,41095,10
12.9873800278,80.2588806152,41095,41105,10
12.9874000549,80.2585372925,41105,41116,11
12.9874000549,80.2582931519,41116,41126,10
12.9874601364,80.2578201294,41126,41136,10
12.9875202179,80.256942749,41136,41156,20
12.9875202179,80.256942749,41156,41166,10
12.9875602722,80.256652832,41166,41176,10
12.9875898361,80.2562484741,41176,41186,10
12.9875898361,80.2559967041,41186,41196,10
12.9876499176,80.2557067871,41196,41206,10
12.9877099991,80.2550506592,41206,41217,11
12.987739563,80.2547683716,41217,41227,10
12.9877901077,80.25415802,41227,41237,10
12.9878702164,80.2532424927,41237,41247,10
12.9879198074,80.2521972656,41247,41257,10
12.9878101349,80.2518234253,41257,41267,10
12.9876298904,80.2516708374,41267,41277,10
12.9873199463,80.2516708374,41277,41287,10
12.9870300293,80.2516784668,41287,41297,10
12.9864301682,80.2518386841,41297,41307,10
12.9854803085,80.2520599365,41307,41318,11
12.9842300415,80.2523803711,41318,41328,10
12.983039856,80.2526321411,41328,41338,10
12.9819402695,80.2526779175,41338,41348,10
12.9809703827,80.2527084351,41348,41358,10
12.9804897308,80.252746582,41358,41378,20
12.9804897308,80.252746582,41378,41388,10
12.9801502228,80.2527236938,41388,41398,10
12.9798803329,80.2525863647,41398,41408,10
12.9799003601,80.2523117065,41408,41418,10
12.9799404144,80.2521209717,41418,41429,11
12.9801197052,80.2516021729,41429,41439,10
12.9803695679,80.2507629395,41439,41449,10
12.9806098938,80.2497406006,41449,41459,10
12.9807395935,80.2485809326,41459,41469,10
12.9808397293,80.2473297119,41469,41479,10
12.9809799194,80.2460098267,41479,41489,10
12.9811201096,80.2447509766,41489,41499,10
12.9811697006,80.2440109253,41499,41509,10
12.9812002182,80.2437667847,41509,41519,10
12.981300354,80.2435684204,41519,41530,11
12.9813404083,80.2432479858,41530,41540,10
12.9813499451,80.2429275513,41540,41550,10
12.9813499451,80.2427978516,41550,41560,10
12.9813604355,80.2425537109,41560,41570,10
12.9813404083,80.2420425415,41570,41580,10
12.9813404083,80.2412109375,41580,41590,10
12.9813203812,80.2402496338,41590,41600,10
12.9813203812,80.2396621704,41600,41610,10
12.981300354,80.2393875122,41610,41621,11
12.9812803268,80.2387084961,41621,41631,10
12.9812698364,80.2382125854,41631,41641,10
12.9812602997,80.2380065918,41641,41651,10
12.9812602997,80.2378616333,41651,41661,10
12.9812402725,80.2373428345,41661,41672,11
12.9812202454,80.2363586426,41672,41681,9
12.981180191,80.2354278564,41681,41692,11
12.9812002182,80.2343292236,41692,41702,10
12.9814901352,80.2336196899,41702,41713,11
12.981590271,80.2333984375,41713,41722,9
12.9817495346,80.2330932617,41722,41732,10
12.9819602966,80.2325134277,41732,41742,10
12.9819698334,80.2321090698,41742,41752,10
12.9819602966,80.2316207886,41752,41762,10
12.9819297791,80.2313537598,41762,41772,10
12.9817895889,80.2309265137,41772,41782,10
12.9815597534,80.2305221558,41782,41792,10
12.9811496735,80.2298278809,41792,41802,10
12.9808597565,80.2293930054,41802,41812,10
12.9806900024,80.2291564941,41812,41822,10
12.9806098938,80.2290115356,41822,41835,13
12.9803199768,80.2284469604,41835,41845,10
12.9800796509,80.2279815674,41845,41855,10
12.9798297882,80.2275390625,41855,41865,10
12.9794597626,80.2270202637,41865,41875,10
12.9791698456,80.2265090942,41875,41885,10
12.9788198471,80.2259674072,41885,41895,10
12.9784803391,80.2254104614,41895,41905,10
12.9782800674,80.2250518799,41905,41915,10
12.9782304764,80.2249832153,41915,41925,10
12.9780597687,80.2247161865,41925,41936,11
12.9777803421,80.224281311,41936,41946,10
12.9774999619,80.2238082886,41946,41956,10
12.9771900177,80.2233276367,41956,41966,10
12.9770402908,80.2230682373,41966,41976,10
12.9769496918,80.2228317261,41976,41986,10
12.9771699905,80.2227478027,41986,41996,10
12.9771795273,80.2227478027,41996,42006,10
12.9774904251,80.2226715088,42006,42016,10
12.977519989,80.2226333618,42016,42027,11
12.9775295258,80.2222518921,42027,42037,10
12.9774999619,80.2216262817,42037,42047,10
12.9775600433,80.2212905884,42047,42057,10
12.9781198502,80.2212219238,42057,42067,10
12.9789199829,80.2211303711,42067,42077,10
12.9795999527,80.2210769653,42077,42087,10
12.980509758,80.2210083008,42087,42097,10
12.9812602997,80.2210998535,42097,42107,10
12.981760025,80.2214126587,42107,42117,10
12.9818897247,80.221496582,42117,42128,11
12.9822397232,80.2216186523,42128,42148,20
12.9822397232,80.2216186523,42148,42158,10
12.9824399948,80.2217330933,42158,42168,10
12.982509613,80.2217407227,42168,42178,10
12.9827899933,80.2218475342,42178,42188,10
12.9829902649,80.2219390869,42188,42198,10
12.9831399918,80.222038269,42198,42208,10
12.9834098816,80.2222213745,42208,42218,10
12.9837303162,80.2224197388,42218,42229,11
12.9837303162,80.2224273682,42229,42239,10
12.9838695526,80.2225418091,42239,42249,10
12.9841299057,80.2227020264,42249,42259,10
12.9845199585,80.2229614258,42259,42269,10
12.9850702286,80.2232208252,42269,42279,10
12.9855098724,80.2231369019,42279,42289,10
12.9861898422,80.2229690552,42289,42299,10
12.9864997864,80.2229690552,42299,42309,10
12.9868898392,80.2230224609,42309,42319,10
12.9872903824,80.2230911255,42319,42330,11
12.9879102707,80.2229614258,42330,42340,10
12.9885101318,80.2224731445,42340,42350,10
12.9890203476,80.2219009399,42350,42360,10
12.9896097183,80.2211380005,42360,42370,10
12.99036026,80.2203598022,42370,42380,10
12.9909000397,80.2200012207,42380,42390,10
12.9914798737,80.219543457,42390,42400,10
12.9921197891,80.2191314697,42400,42410,10
12.9926795959,80.2187271118,42410,42419,9
12.993180275,80.2183609009,42419,42431,12
12.9937496185,80.2179412842,42431,42441,10
12.9939603806,80.2177963257,42441,42451,10
12.9942398071,80.2176208496,42451,42461,10
12.9944896698,80.2174301147,42461,42471,10
12.9948997498,80.2171325684,42471,42481,10
12.9951295853,80.2169723511,42481,42492,11
12.9955596924,80.2167663574,42492,42502,10
12.9963102341,80.216583252,42502,42512,10
12.9969902039,80.2164916992,42512,42522,10
12.9973697662,80.2162704468,42522,42532,10
12.9977998734,80.2159576416,42532,42543,11
12.9984998703,80.2153930664,42543,42553,10
12.9990501404,80.2148895264,42553,42563,10
12.9994001389,80.2145462036,42563,42573,10
12.9999103546,80.2140808105,42573,42583,10
13.0004997253,80.2135314941,42583,42594,11
13.0010595322,80.2130737305,42594,42603,9
13.0014400482,80.2127914429,42603,42613,10
13.002120018,80.212348938,42613,42623,10
13.0026702881,80.2121505737,42623,42635,12
13.0034399033,80.2120819092,42635,42643,8
13.0037603378,80.2120437622,42643,42655,12
13.0044498444,80.2122268677,42655,42665,10
13.005200386,80.2126464844,42665,42675,10
13.0060596466,80.2128601074,42675,42685,10
13.006819725,80.2127380371,42685,42695,10
13.0078496933,80.2130813599,42695,42712,17
13.0078496933,80.2130813599,42712,42725,13
13.0081796646,80.2132492065,42725,42735,10
13.0086803436,80.2136001587,42735,42746,11
13.0092802048,80.2144088745,42746,42756,10
13.0096101761,80.2149124146,42756,42766,10
13.0099201202,80.2152709961,42766,42776,10
13.0104198456,80.2159118652,42776,42786,10
13.0107803345,80.2167434692,42786,42796,10
13.0111703873,80.2176895142,42796,42803,7
13.0113897324,80.2182769775,42803,42816,13
13.0117301941,80.2192993164,42816,42826,10
13.0121097565,80.2204589844,42826,42837,11
13.0124797821,80.2213821411,42837,42847,10
13.0127296448,80.2217178345,42847,42857,10
13.0131196976,80.2221908569,42857,42867,10
13.0133895874,80.2225189209,42867,42877,10
13.0137395859,80.2229232788,42877,42887,10
13.0140895844,80.2233886719,42887,42897,10
13.0143404007,80.2237701416,42897,42907,10
13.0149202347,80.2245025635,42907,42917,10
13.0153398514,80.224899292,42917,42927,10
13.0154800415,80.2250976563,42927,42938,11
13.0162200928,80.2253799438,42938,42948,10
13.0171804428,80.2250823975,42948,42958,10
13.0181999207,80.2246627808,42958,42968,10
13.0192804337,80.224357605,42968,42998,30
13.0192804337,80.224357605,42998,43008,10
13.0194997787,80.2244033813,43008,43018,10
13.0196895599,80.2245101929,43018,43028,10
13.0199899673,80.2247009277,43028,43039,11
13.0204601288,80.2250595093,43039,43049,10
13.0207901001,80.2252883911,43049,43059,10
13.0209999084,80.2255020142,43059,43069,10
13.0213403702,80.2257766724,43069,43079,10
13.0217599869,80.2260513306,43079,43089,10
13.0218200684,80.2260971069,43089,43099,10
13.0220603943,80.2262878418,43099,43109,10
13.0225200653,80.2266998291,43109,43119,10
13.0230998993,80.2272415161,43119,43129,10
13.0235900879,80.227722168,43129,43140,11
13.0242204666,80.2283325195,43140,43150,10
13.0247097015,80.2290267944,43150,43160,10
13.0251998901,80.2296676636,43160,43170,10
13.0256500244,80.2302627563,43170,43180,10
13.025850296,80.2306365967,43180,43190,10
13.0259199142,80.2309188843,43190,43200,10
13.0259504318,80.2311630249,43200,43210,10
13.0261001587,80.2313537598,43210,43220,10
13.0265703201,80.2312469482,43220,43230,10
13.027299881,80.2310714722,43230,43241,11
13.0282802582,80.2309417725,43241,43271,30
13.0282802582,80.2309417725,43271,43281,10
13.0284795761,80.2309188843,43281,43291,10
13.028840065,80.2308883667,43291,43301,10
13.0290603638,80.2308807373,43301,43321,20
13.0290603638,80.2308807373,43321,43331,10
13.0291204453,80.2308883667,43331,43342,11
13.0293998718,80.2308578491,43342,43352,10
13.0298595428,80.2308197021,43352,43382,30
13.0298595428,80.2308197021,43382,43392,10
13.0300798416,80.2308120728,43392,43402,10
13.0304298401,80.2307662964,43402,43412,10
13.03083992,80.23072052,43412,43422,10
13.0311498642,80.2306900024,43422,43432,10
13.0315999985,80.2306365967,43432,43442,10
13.0316801071,80.2306289673,43442,43452,10
13.0321397781,80.2305984497,43452,43462,10
13.0327396393,80.2305297852,43462,43472,10
13.0334100723,80.2305603027,43472,43482,10
13.0338897705,80.230506897,43482,43492,10
13.0340795517,80.23046875,43492,43502,10
13.0343904495,80.2304077148,43502,43553,51
13.0343904495,80.2304077148,43553,43563,10
13.0349597931,80.2302398682,43563,43583,20
13.0349597931,80.2302398682,43583,43593,10
13.0350799561,80.2300720215,43593,43603,10
13.035030365,80.229927063,43603,43613,10
13.0346002579,80.2298431396,43613,43706,93
13.0346002579,80.2298431396,43706,43716,10
13.0342798233,80.2300415039,43716,43726,10
13.0342102051,80.2303009033,43726,43777,51
13.0342102051,80.2303009033,43777,43787,10
13.0340995789,80.2305221558,43787,43797,10
13.0337200165,80.230506897,43797,43807,10
13.0329999924,80.2305603027,43807,43817,10
13.0324201584,80.2306213379,43817,43827,10
13.0317497253,80.2306518555,43827,43848,21
13.0317497253,80.2306518555,43848,43858,10
13.03166008,80.2306518555,43858,43868,10
13.0311498642,80.230682373,43868,43938,70
13.0311498642,80.230682373,43938,43949,11
13.0307798386,80.2306976318,43949,43959,10
13.0304298401,80.23072052,43959,43969,10
13.0298595428,80.2307891846,43969,43979,10
13.0294799805,80.2308578491,43979,43989,10
13.028840065,80.2309265137,43989,43999,10
13.0280504227,80.2310333252,43999,44009,10
13.0277204514,80.2311172485,44009,44019,10
13.0277299881,80.2316970825,44019,44029,10
13.0277996063,80.2322998047,44029,44039,10
13.0277996063,80.2328262329,44039,44050,11
13.0273199081,80.2329177856,44050,44060,10
13.0270395279,80.2329788208,44060,44070,10
13.0266799927,80.233039856,44070,44080,10
13.0262899399,80.2324981689,44080,44090,10
13.0260601044,80.2316894531,44090,44100,10
13.0258398056,80.2308502197,44100,44110,10
13.0253000259,80.229888916,44110,44120,10
13.0247402191,80.2292098999,44120,44130,10
13.0243701935,80.2287216187,44130,44140,10
13.0240297318,80.2282409668,44140,44151,11
13.0235500336,80.2277374268,44151,44161,10
13.0232696533,80.2275619507,44161,44191,30
13.0232696533,80.2275619507,44191,44201,10
13.0228796005,80.227180481,44201,44211,10
13.0225200653,80.2267684937,44211,44221,10
13.0218801498,80.2262191772,44221,44230,9
13.0211496353,80.2256393433,44230,44241,11
13.0201797485,80.2249603271,44241,44252,11
13.0192403793,80.2244796753,44252,44262,10
13.0181303024,80.2247390747,44262,44272,10
13.0170497894,80.225189209,44272,44282,10
13.0164299011,80.2254562378,44282,44292,10
13.0159502029,80.2256088257,44292,44302,10
13.0153102875,80.2258605957,44302,44312,10
13.0146503448,80.2260971069,44312,44322,10
13.0140600204,80.2263870239,44322,44332,10
13.0139198303,80.2264633179,44332,44342,10
13.0134000778,80.2266235352,44342,44353,11
13.0124502182,80.2269821167,44353,44363,10
13.0115404129,80.2273101807,44363,44373,10
13.0105800629,80.2276916504,44373,44383,10
13.0097103119,80.2279281616,44383,44393,10
13.0096302032,80.2273178101,44393,44403,10
13.010020256,80.2265319824,44403,44413,10
13.010430336,80.2256698608,44413,44423,10
13.0106496811,80.2251205444,44423,44433,10
13.010890007,80.2245025635,44433,44443,10
13.011179924,80.2236022949,44443,44453,10
13.0112400055,80.2233123779,44453,44463,10
13.0115098953,80.2228622437,44463,44473,10
13.0118103027,80.2220535278,44473,44483,10
13.0121097565,80.2212524414,44483,44494,11
13.0119304657,80.2203292847,44494,44503,9
13.0116195679,80.219367981,44503,44514,11
13.0111503601,80.2180862427,44514,44524,10
13.0107402802,80.2170181274,44524,44535,11
13.010219574,80.2160491943,44535,44547,12
13.0097799301,80.215171814,44547,44558,11
13.0095901489,80.2149200439,44558,44568,10
13.0091495514,80.2143173218,44568,44578,10
13.0085601807,80.2135772705,44578,44588,10
13.0079498291,80.2132263184,44588,44598,10
13.0079202652,80.213218689,44598,44608,10
13.0076999664,80.2130126953,44608,44618,10
13.0071401596,80.2128219604,44618,44628,10
13.0063495636,80.2127990723,44628,44636,8
13.0057296753,80.2129974365,44636,44647,11
13.0048503876,80.2124481201,44647,44659,12
13.0038204193,80.2121124268,44659,44669,10
13.0033197403,80.2121124268,44669,44679,10
13.0026903152,80.2121276855,44679,44689,10
13.0024700165,80.2121963501,44689,44699,10
13.001950264,80.2124328613,44699,44709,10
13.0014600754,80.2127990723,44709,44719,10
13.0014400482,80.2128219604,44719,44729,10
13.0012903214,80.2129135132,44729,44739,10
13.0011796951,80.2130508423,44739,44749,10
13.0008897781,80.2132492065,44749,44760,11
13.0003204346,80.2137527466,44760,44770,10
12.9997396469,80.2142562866,44770,44780,10
12.9991798401,80.2147369385,44780,44790,10
12.9988698959,80.2150268555,44790,44800,10
12.9982500076,80.2155380249,44800,44810,10
12.9975099564,80.2161865234,44810,44820,10
12.9972000122,80.2165298462,44820,44830,10
12.9966402054,80.2165679932,44830,44840,10
12.9958496094,80.2167129517,44840,44849,9
12.9950704575,80.2170410156,44849,44861,12
12.9944095612,80.2175216675,44861,44871,10
12.9940004349,80.2178268433,44871,44881,10
12.9934997559,80.218170166,44881,44891,10
12.9930696487,80.218460083,44891,44901,10
12.9925603867,80.2188491821,44901,44911,10
12.9918899536,80.2193527222,44911,44921,10
12.9913902283,80.2197113037,44921,44931,10
12.990940094,80.2200622559,44931,44941,10
12.9907598495,80.2202377319,44941,44951,10
12.9904003143,80.2205581665,44951,44961,10
12.9898195267,80.2210464478,44961,44973,12
12.9892997742,80.2215881348,44973,44985,12
12.9888696671,80.2220993042,44985,44993,8
12.9884300232,80.2225036621,44993,45003,10
12.9878797531,80.2230072021,45003,45013,10
12.9876403809,80.2231369019,45013,45023,10
12.9871397018,80.2230682373,45023,45034,11
12.9867601395,80.2230072021,45034,45044,10
12.9864301682,80.2229766846,45044,45054,10
12.9857196808,80.2231063843,45054,45064,10
12.985250473,80.2232666016,45064,45074,10
12.9847002029,80.2230606079,45074,45084,10
12.9841403961,80.2227325439,45084,45094,10
12.9836702347,80.2224807739,45094,45104,10
12.9834699631,80.2223587036,45104,45114,10
12.9833402634,80.2222824097,45114,45124,10
12.9831495285,80.2221603394,45124,45134,10
12.9829397202,80.2220535278,45134,45144,10
12.9828996658,80.2220230103,45144,45154,10
12.9827003479,80.2219085693,45154,45167,13
12.982339859,80.2218399048,45167,45177,10
12.982049942,80.2217407227,45177,45187,10
12.9814796448,80.2213363647,45187,45197,10
12.9807395935,80.2211685181,45197,45207,10
12.9801998138,80.2211837769,45207,45217,10
12.9795398712,80.2211914063,45217,45227,10
12.9790802002,80.2211914063,45227,45237,10
12.9782495499,80.2211914063,45237,45247,10
12.9775896072,80.2212295532,45247,45258,11
12.9767599106,80.2212524414,45258,45268,10
12.9765796661,80.2212295532,45268,45278,10
12.9762401581,80.2212219238,45278,45288,10
12.976360321,80.2216796875,45288,45308,20
12.976360321,80.2216796875,45308,45318,10
12.9764003754,80.2218170166,45318,45328,10
12.9765701294,80.2222137451,45328,45338,10
12.9769897461,80.2228927612,45338,45348,10
12.9774999619,80.223739624,45348,45357,9
12.9779195786,80.2243804932,45357,45369,12
12.9782896042,80.2250213623,45369,45379,10
12.9786396027,80.2255783081,45379,45389,10
12.9790401459,80.2262420654,45389,45399,10
12.9794998169,80.2270202637,45399,45409,10
12.9800100327,80.2278213501,45409,45419,10
12.9804897308,80.2286224365,45419,45429,10
12.9808797836,80.229309082,45429,45439,10
12.9813604355,80.2300415039,45439,45449,10
12.9818096161,80.2308425903,45449,45459,10
12.9820299149,80.2318115234,45459,45470,11
12.9820098877,80.2324905396,45470,45480,10
12.9818296432,80.2330703735,45480,45490,10
12.9816799164,80.2334136963,45490,45500,10
12.9816598892,80.2334594727,45500,45510,10
12.9814395905,80.2339096069,45510,45520,10
12.9812402725,80.2346420288,45520,45530,10
12.9812402725,80.2355270386,45530,45540,10
12.9812402725,80.2365722656,45540,45550,10
12.9812803268,80.2375106812,45550,45560,10
12.9813098907,80.2380599976,45560,45571,11
12.9812898636,80.2386703491,45571,45581,10
12.9813203812,80.2393798828,45581,45591,10
12.9813404083,80.2397613525,45591,45601,10
12.9813604355,80.2403488159,45601,45611,10
12.9813604355,80.2412261963,45611,45621,10
12.9813699722,80.2422409058,45621,45631,10
12.9813804626,80.24269104,45631,45641,10
12.9813499451,80.2430114746,45641,45651,10
12.9813299179,80.2436828613,45651,45660,9
12.9812202454,80.244468689,45660,45672,12
12.9810695648,80.2457275391,45672,45682,10
12.9809598923,80.2468719482,45682,45692,10
12.9808597565,80.2480926514,45692,45702,10
12.9807500839,80.2493133545,45702,45712,10
12.9805402756,80.2504196167,45712,45722,10
12.9802398682,80.2515716553,45722,45732,10
12.9800901413,80.252166748,45732,45742,10
12.9801301956,80.2524795532,45742,45752,10
12.9805498123,80.2526779175,45752,45761,9
12.9813098907,80.2526397705,45761,45773,12
12.9826898575,80.2525787354,45773,45783,10
12.984000206,80.2523498535,45783,45793,10
12.9852399826,80.2519989014,45793,45803,10
12.9861297607,80.2517623901,45803,45813,10
12.9871397018,80.2514724731,45813,45964,151
12.9871397018,80.2514724731,45964,45974,10
12.9874401093,80.251411438,45974,45984,10
12.9878196716,80.251411438,45984,45994,10
12.9879598618,80.2518386841,45994,46004,10
12.9880199432,80.2523574829,46004,46015,11
12.9879398346,80.2531967163,46015,46024,9
12.987859726,80.2540435791,46024,46035,11
12.9877500534,80.2549667358,46035,46055,20
12.9877500534,80.2549667358,46055,46065,10
12.987660408,80.2552490234,46065,46075,10
12.9876298904,80.2556686401,46075,46085,10
12.9875602722,80.2563171387,46085,46095,10
12.9874801636,80.2568588257,46095,46105,10
12.9874000549,80.2573928833,46105,46115,10
12.9873600006,80.258140564,46115,46125,10
12.9872999191,80.2586669922,46125,46135,10
12.9871902466,80.2595291138,46135,46155,20
12.9871902466,80.2595291138,46155,46165,10
12.9870595932,80.2596130371,46165,46178,13
12.9870100021,80.2593002319,46178,46329,151
12.9870100021,80.2593002319,46329,46339,10
12.9871797562,80.2591094971,46339,46349,10
12.9873399734,80.2589492798,46349,46359,10
12.9873600006,80.2584381104,46359,46369,10
12.9874296188,80.2577590942,46369,46380,11
12.9875297546,80.2565765381,46380,46491,111
12.987660408,80.2564163208,46491,46521,30
12.987660408,80.2564163208,46521,46531,10
12.987660408,80.2562179565,46531,46541,10
12.9876804352,80.2557296753,46541,46551,10
12.9877700806,80.2551498413,46551,46561,10
12.9878196716,80.2542877197,46561,46571,10
12.9878702164,80.2534866333,46571,46582,11
12.9879198074,80.2527236938,46582,46592,10
12.9878396988,80.2518463135,46592,46602,10
12.987660408,80.2516708374,46602,46612,10
12.9873199463,80.2516479492,46612,46622,10
12.9868001938,80.251739502,46622,46632,10
12.9861602783,80.2518997192,46632,46642,10
12.9852399826,80.2521209717,46642,46652,10
12.9841299057,80.2524108887,46652,46662,10
12.9829397202,80.2526626587,46662,46672,10
12.9817199707,80.2527008057,46672,46683,11
12.9806995392,80.252746582,46683,46693,10
12.9799995422,80.252746582,46693,46723,30
12.9799995422,80.252746582,46723,46733,10
12.9798603058,80.2526321411,46733,46743,10
12.9797697067,80.2523727417,46743,46753,10
12.9798297882,80.2522125244,46753,46763,10
12.9798898697,80.2520904541,46763,46773,10
12.9800596237,80.251663208,46773,46784,11
12.9803600311,80.2507629395,46784,46794,10
12.9806203842,80.249671936,46794,46804,10
12.9807500839,80.2484283447,46804,46814,10
12.9808397293,80.2472305298,46814,46824,10
12.9809598923,80.2460021973,46824,46834,10
12.9811000824,80.2447128296,46834,46844,10
12.9811496735,80.2439498901,46844,46854,10
12.9811697006,80.2437973022,46854,46864,10
12.9812402725,80.2436599731,46864,46874,10
12.9813299179,80.2433166504,46874,46885,11
12.9813604355,80.2427597046,46885,46905,20
12.9813604355,80.2427597046,46905,46915,10
12.9813899994,80.2425765991,46915,46925,10
12.9813699722,80.2421417236,46925,46935,10
12.9813499451,80.2415008545,46935,46945,10
12.9813604355,80.2407302856,46945,46955,10
12.9813404083,80.2400894165,46955,46965,10
12.9813299179,80.2398300171,46965,46975,10
12.9813203812,80.2395477295,46975,46985,10
12.981300354,80.2389373779,46985,46995,10
12.9812803268,80.2381362915,46995,47006,11
12.9812803268,80.2379226685,47006,47016,10
12.9812602997,80.2376022339,47016,47026,10
12.9812297821,80.236869812,47026,47036,10
12.9812097549,80.236076355,47036,47046,10
12.9811897278,80.2352600098,47046,47056,10
12.9811897278,80.2343978882,47056,47065,9
12.9814395905,80.2337265015,47065,47076,11
12.9815597534,80.2334365845,47076,47088,12
12.981590271,80.2333602905,47088,47096,8
12.9816398621,80.2332763672,47096,47108,12
12.9818696976,80.232749939,47108,47118,10
12.9819602966,80.232383728,47118,47128,10
12.9819698334,80.2321624756,47128,47138,10
12.9819498062,80.2317123413,47138,47148,10
12.9819202423,80.2313232422,47148,47158,10
12.981880188,80.231086731,47158,47168,10
12.9818401337,80.2309417725,47168,47178,10
12.9818096161,80.2308425903,47178,47189,11
12.9816303253,80.2305374146,47189,47199,10
12.981300354,80.2300033569,47199,47209,10
12.9810304642,80.2295684814,47209,47219,10
12.9808197021,80.2292022705,47219,47229,10
12.9806404114,80.2289428711,47229,47239,10
12.9806003571,80.2288589478,47239,47249,10
12.9803600311,80.2284164429,47249,47259,10
12.980050087,80.2278366089,47259,47269,10
12.9796199799,80.227142334,47269,47279,10
12.9792499542,80.2265472412,47279,47290,11
12.9787597656,80.2257385254,47290,47300,10
12.9783201218,80.2249832153,47300,47310,10
12.9780702591,80.2245864868,47310,47320,10
12.9777898788,80.2241973877,47320,47330,10
12.9777002335,80.2240371704,47330,47340,10
12.9773797989,80.2235183716,47340,47350,10
12.9769802094,80.2228622437,47350,47360,10
12.9772100449,80.2226715088,47360,47380,20
12.9772100449,80.2226715088,47380,47391,11
12.9775104523,80.2225189209,47391,47401,10
12.9774599075,80.2220001221,47401,47411,10
12.9774503708,80.2213516235,47411,47421,10
12.9777097702,80.2212600708,47421,47431,10
12.9782495499,80.2211685181,47431,47441,10
12.979180336,80.2211303711,47441,47451,10
12.9801397324,80.2210617065,47451,47461,10
12.9809703827,80.2210083008,47461,47471,10
12.9814596176,80.221282959,47471,47481,10
12.9820098877,80.2216491699,47481,47492,11
12.98279953,80.2218933105,47492,47512,20
12.98279953,80.2218933105,47512,47522,10
12.9830703735,80.2220306396,47522,47532,10
12.9833602905,80.2222518921,47532,47542,10
12.9837703705,80.2224884033,47542,47552,10
12.9842596054,80.2227783203,47552,47562,10
12.984869957,80.2231216431,47562,47572,10
12.9851999283,80.2232437134,47572,47581,9
12.9855899811,80.2230529785,47581,47593,12
12.9860601425,80.2229385376,47593,47603,10
12.9863195419,80.2229385376,47603,47613,10
12.986410141,80.2229537964,47613,47623,10
12.9865598679,80.2229537964,47623,47633,10
12.986749649,80.2229766846,47633,47643,10
12.9869003296,80.2229995728,47643,47653,10
12.9871797562,80.2230377197,47653,47663,10
12.987569809,80.2230377197,47663,47673,10
12.9881801605,80.2227478027,47673,47683,10
12.9887599945,80.2221984863,47683,47694,11
12.9891395569,80.2217788696,47694,47704,10
12.9895496368,80.221282959,47704,47714,10
12.9899597168,80.2207336426,47714,47724,10
12.9900903702,80.2206268311,47724,47734,10
12.9902000427,80.2205505371,47734,47744,10
12.9904499054,80.2203598022,47744,47754,10
12.9905700684,80.2202529907,47754,47764,10
12.990940094,80.2199783325,47764,47774,10
12.9915504456,80.2195205688,47774,47784,10
12.9920597076,80.2191619873,47784,47795,11
12.9927301407,80.2186813354,47795,47805,10
12.9932699203,80.21824646,47805,47815,10
12.9938097,80.2178268433,47815,47825,10
12.9940299988,80.2176818848,47825,47836,11
12.9942598343,80.2174835205,47836,47846,10
12.9946603775,80.2172164917,47846,47856,10
12.9951601028,80.2169036865,47856,47866,10
12.9955997467,80.2166900635,47866,47876,10
12.9962100983,80.2165527344,47876,47886,10
12.9968299866,80.216468811,47886,47899,13
12.9973297119,80.2162399292,47899,47929,30
12.9973297119,80.2162399292,47929,47939,10
12.9976196289,80.2160415649,47939,47949,10
12.9981803894,80.2155685425,47949,47959,10
12.9988098145,80.2150115967,47959,47969,10
12.9991502762,80.2147216797,47969,47976,7
12.9993801117,80.2145233154,47976,47989,13
12.9998998642,80.2140579224,47989,48000,11
13.0004701614,80.2135467529,48000,48010,10
13.0011301041,80.2129974365,48010,48020,10
13.00137043,80.2128067017,48020,48030,10
13.0015497208,80.212677002,48030,48040,10
13.0016298294,80.2126083374,48040,48050,10
13.0019302368,80.2124099731,48050,48060,10
13.002289772,80.2122116089,48060,48070,10
13.0028896332,80.2120819092,48070,48080,10
13.003490448,80.212059021,48080,48089,9
13.0039997101,80.212020874,48089,48101,12
13.0046596527,80.2123413086,48101,48111,10
13.0052204132,80.2126922607,48111,48121,10
13.0059404373,80.212890625,48121,48131,10
13.0067195892,80.2127304077,48131,48141,10
13.007519722,80.2128219604,48141,48151,10
13.0077495575,80.2129516602,48151,48161,10
13.0078401566,80.2130432129,48161,48171,10
13.008099556,80.2132263184,48171,48181,10
13.0086202621,80.2135620117,48181,48191,10
13.0091600418,80.2142715454,48191,48202,11
13.0096101761,80.2149276733,48202,48212,10
13.0099601746,80.2153778076,48212,48222,10
13.0105104446,80.2159729004,48222,48232,10
13.0107803345,80.2167282104,48232,48242,10
13.0110902786,80.2175064087,48242,48252,10
13.0114097595,80.2183837891,48252,48262,10
13.0117797852,80.2194213867,48262,48272,10
13.0121603012,80.2205810547,48272,48282,10
13.0124902725,80.2213668823,48282,48292,10
13.0127496719,80.2217712402,48292,48303,11
13.0132303238,80.222366333,48303,48313,10
13.0136404037,80.2228927612,48313,48323,10
13.0139303207,80.2232589722,48323,48333,10
13.0141201019,80.2235183716,48333,48343,10
13.0144195557,80.2238388062,48343,48353,10
13.0147800446,80.2242965698,48353,48363,10
13.014960289,80.2244873047,48363,48373,10
13.0153102875,80.2248764038,48373,48383,10
13.0156402588,80.225112915,48383,48393,10
13.0158901215,80.2252502441,48393,48404,11
13.0165596008,80.2252120972,48404,48414,10
13.0172395706,80.2249832153,48414,48424,10
13.0179901123,80.2246780396,48424,48434,10
13.0189199448,80.2243270874,48434,48444,10
13.0198202133,80.2245407104,48444,48454,10
13.0205602646,80.2250595093,48454,48464,10
13.0208702087,80.2253494263,48464,48474,10
13.0215101242,80.2258605957,48474,48484,10
13.0222501755,80.2264404297,48484,48494,10
13.0230302811,80.227142334,48494,48505,11
13.0237998962,80.2278213501,48505,48515,10
13.0241804123,80.2282409668,48515,48525,10
13.0245704651,80.2287826538,48525,48535,10
13.0245704651,80.2287826538,48535,48545,10
13.0249996185,80.2293624878,48545,48553,8
13.0254001617,80.229888916,48553,48575,22
13.0259599686,80.2309417725,48575,48585,10
13.0261497498,80.231338501,48585,48595,10
13.0268697739,80.2311477661,48595,48606,11
13.0277996063,80.2309417725,48606,48616,10
13.0283098221,80.2308807373,48616,48626,10
13.0283498764,80.2308807373,48626,48636,10
13.0289096832,80.2308425903,48636,48676,40
13.0289096832,80.2308425903,48676,48686,10
13.0292196274,80.2308578491,48686,48696,10
13.0296697617,80.2308120728,48696,48706,10
13.0301504135,80.230758667,48706,48716,10
13.0304498672,80.23072052,48716,48726,10
13.0308904648,80.2306900024,48726,48736,10
13.03125,80.2306671143,48736,48747,11
13.0319004059,80.2306137085,48747,48757,10
13.0328302383,80.2305221558,48757,48767,10
13.0336198807,80.2304611206,48767,48777,10
13.0341501236,80.230430603,48777,48787,10
13.0343599319,80.2303771973,48787,48797,10
13.0344800949,80.2303390503,48797,48807,10
13.0348396301,80.2302398682,48807,48817,10
13.0350103378,80.2303771973,48817,48827,10
13.0345401764,80.2303771973,48827,48837,10
13.0338897705,80.2304382324,48837,48847,10
13.0330295563,80.2304916382,48847,48857,10
13.0322303772,80.2305679321,48857,48867,10
13.0314998627,80.2306518555,48867,48877,10
13.03083992,80.23072052,48877,48887,10
13.0301704407,80.230758667,48887,48897,10
13.0295200348,80.2308502197,48897,48910,13
13.0284700394,80.2309265137,48910,48920,10
13.0277500153,80.231010437,48920,48930,10
13.0276298523,80.231338501,48930,48940,10
13.0277204514,80.2320327759,48940,48950,10
13.0278501511,80.2326583862,48950,48960,10
13.0274295807,80.2328491211,48960,48970,10
13.026889801,80.2329483032,48970,48980,10
13.0265302658,80.2329864502,48980,48990,10
13.0262403488,80.2324295044,48990,49000,10
13.0260295868,80.2317428589,49000,49011,11
13.0258798599,80.2310791016,49011,49021,10
13.0254802704,80.2301635742,49021,49031,10
13.0248603821,80.2293167114,49031,49041,10
13.0243997574,80.2287521362,49041,49051,10
13.0239896774,80.2281570435,49051,49061,10
13.0234003067,80.2275238037,49061,49071,10
13.0226202011,80.2268371582,49071,49081,10
13.0218601227,80.2261886597,49081,49091,10
13.0212001801,80.2256774902,49091,49101,10
13.0206403732,80.2252578735,49101,49112,11
13.0200300217,80.224861145,49112,49132,20
13.0200300217,80.224861145,49132,49142,10
13.0198097229,80.2247009277,49142,49152,10
13.0192499161,80.2244720459,49152,49162,10
13.0183601379,80.2246398926,49162,49172,10
13.017539978,80.2249908447,49172,49182,10
13.0166501999,80.2253723145,49182,49192,10
13.0159101486,80.2256088257,49192,49202,10
13.0151395798,80.2259063721,49202,49213,11
13.014550209,80.2260665894,49213,49243,30
13.014550209,80.2260665894,49243,49253,10
13.0144195557,80.2261276245,49253,49263,10
13.0141801834,80.2261581421,49263,49273,10
13.0141401291,80.2259597778,49273,49283,10
13.0142297745,80.2257232666,49283,49293,10
13.0143404007,80.2254562378,49293,49303,10
13.0141801834,80.2254562378,49303,49788,485
13.0141801834,80.2254562378,49788,49797,9
13.014289856,80.2257385254,49797,49808,11
13.0144796371,80.2259216309,49808,50738,930
13.0144796371,80.2259216309,50738,50748,10
13.0143604279,80.2258834839,50748,50758,10
13.0142202377,80.226020813,50758,50788,30
13.0142202377,80.226020813,50788,50798,10
13.0141801834,80.2262573242,50798,50808,10
13.0138702393,80.2263793945,50808,50818,10
13.0133495331,80.2266082764,50818,50828,10
13.0127401352,80.2268295288,50828,50838,10
13.0120697021,80.2270965576,50838,50851,13
13.0111598969,80.2274169922,50851,50861,10
13.010430336,80.2277069092,50861,50871,10
13.0097398758,80.227897644,50871,50881,10
13.0095796585,80.2274627686,50881,50891,10
13.0098600388,80.2268295288,50891,50901,10
13.0101995468,80.2260971069,50901,50911,10
13.0105304718,80.2253417969,50911,50921,10
13.0108604431,80.2246017456,50921,50931,10
13.0111398697,80.2238922119,50931,50941,10
13.0112695694,80.2235183716,50941,50952,11
13.0114002228,80.2232437134,50952,50962,10
13.0117301941,80.2234420776,50962,50972,10
13.0122203827,80.2237014771,50972,50982,10
13.0127801895,80.2240219116,50982,50992,10
13.0135002136,80.2243804932,50992,51002,10
13.0141496658,80.2247390747,51002,51012,10
13.0147600174,80.2250595093,51012,51022,10
13.0151500702,80.2253112793,51022,51032,10
13.0151700974,80.2253036499,51032,51042,10
13.0155000687,80.2253189087,51042,51053,11
13.0159702301,80.2253189087,51053,51063,10
13.0165500641,80.2253112793,51063,51073,10
13.0172100067,80.2250595093,51073,51083,10
13.0179796219,80.2247467041,51083,51093,10
13.0187797546,80.2244262695,51093,51103,10
13.019490242,80.2244186401,51103,51113,10
13.0195798874,80.2245025635,51113,51123,10
13.0195999146,80.2245330811,51123,51133,10
13.0198698044,80.2247009277,51133,51143,10
13.0203199387,80.2250289917,51143,51154,11
13.0209598541,80.2254562378,51154,51164,10
13.0216598511,80.2259902954,51164,51174,10
13.0221300125,80.2263031006,51174,51184,10
13.0224599838,80.2265777588,51184,51194,10
13.0229997635,80.2270507813,51194,51204,10
13.0235500336,80.2275466919,51204,51214,10
13.0240602493,80.2280426025,51214,51224,10
13.0243902206,80.2284088135,51224,51285,61
13.0243902206,80.2284088135,51285,51295,10
13.0243797302,80.2285995483,51295,51305,10
13.0242795944,80.2286529541,51305,51315,10
13.0240898132,80.228477478,51315,51325,10
13.0237903595,80.2280731201,51325,51335,10
13.0234498978,80.2277069092,51335,51344,9
13.0229997635,80.2274093628,51344,51547,203
13.0229997635,80.2274093628,51547,51558,11
13.0226898193,80.2272109985,51558,51568,10
13.0225801468,80.2269897461,51568,51578,10
13.0225801468,80.2269668579,51578,51588,10
13.0222902298,80.2265701294,51588,51598,10
13.0217504501,80.2260894775,51598,51608,10
13.021030426,80.2255325317,51608,51618,10
13.0198497772,80.2247085571,51618,51638,20
13.0198497772,80.2247085571,51638,51648,10
13.0197000504,80.224647522,51648,51658,10
13.0191497803,80.2244567871,51658,51668,10
13.0182695389,80.2246780396,51668,51678,10
13.0172796249,80.2250900269,51678,51688,10
13.0163602829,80.2254867554,51688,51699,11
13.0154104233,80.2258529663,51699,51708,9
13.0143499374,80.2262802124,51708,51729,21
13.0143499374,80.2262802124,51729,51739,10
13.0141296387,80.2263717651,51739,51749,10
13.0135602951,80.2265777588,51749,51759,10
13.0128002167,80.2268600464,51759,51769,10
13.0118999481,80.2272109985,51769,51779,10
13.0109195709,80.2275924683,51779,51789,10
13.0100002289,80.2279510498,51789,51799,10
13.0094804764,80.2276916504,51799,51809,10
13.0096902847,80.2271728516,51809,51819,10
13.0100402832,80.2264022827,51819,51829,10
13.010430336,80.2255172729,51829,51839,10
13.010840416,80.2246398926,51839,51849,10
13.011179924,80.2237014771,51849,51872,23
13.011179924,80.2237014771,51872,51882,10
13.0112600327,80.2235336304,51882,51892,10
13.0114603043,80.2230606079,51892,51902,10
13.011759758,80.2223434448,51902,51912,10
13.012049675,80.2214431763,51912,51922,10
13.012169838,80.2209777832,51922,51934,12
13.0119400024,80.2202072144,51934,51944,10
13.0116596222,80.2193908691,51944,51954,10
13.0113897324,80.2186508179,51954,51965,11
13.0110702515,80.2177886963,51965,51975,10
13.0107603073,80.2170410156,51975,51985,10
13.0104103088,80.216293335,51985,51995,10
13.0100402832,80.2156295776,51995,52005,10
13.00963974,80.2149734497,52005,52015,10
13.0091600418,80.2143096924,52015,52025,10
13.0086402893,80.2136306763,52025,52035,10
13.0082902908,80.2133636475,52035,52045,10
13.0081396103,80.2133026123,52045,52055,10
13.0081195831,80.2132873535,52055,52066,11
13.0078802109,80.2132034302,52066,52076,10
13.0077104568,80.2130126953,52076,52086,10
13.0072603226,80.2128067017,52086,52096,10
13.0066003799,80.2127380371,52096,52106,10
13.0058898926,80.2129974365,52106,52116,10
13.0051898956,80.212638855,52116,52126,10
13.0044803619,80.2122192383,52126,52136,10
13.0035495758,80.212059021,52136,52146,10
13.002869606,80.2120819092,52146,52156,10
13.002530098,80.2121429443,52156,52169,13
13.0022802353,80.2122497559,52169,52178,9
13.0019197464,80.2124786377,52178,52188,10
13.0015001297,80.2127990723,52188,52198,10
13.0010404587,80.213142395,52198,52208,10
13.00041008,80.2136688232,52208,52218,10
12.9998502731,80.2141723633,52218,52230,12
12.9993200302,80.2146377563,52230,52238,8
12.9990901947,80.21484375,52238,52249,11
12.9986200333,80.2151870728,52249,52259,10
12.9980201721,80.2156982422,52259,52269,10
12.997469902,80.2162094116,52269,52279,10
12.9974098206,80.2162780762,52279,52289,10
12.9972696304,80.216468811,52289,52300,11
12.9970197678,80.2165374756,52300,52309,9
12.9964504242,80.2165908813,52309,52319,10
12.99559021,80.2167816162,52319,52330,11
12.9947099686,80.2173080444,52330,52340,10
12.9939899445,80.2178497314,52340,52350,10
12.9932804108,80.2183380127,52350,52362,12
12.9923601151,80.2189865112,52362,52372,10
12.9916095734,80.2195663452,52372,52382,10
12.9909896851,80.2200164795,52382,52392,10
12.9907903671,80.2201690674,52392,52402,10
12.9906396866,80.2202911377,52402,52412,10
12.9901895523,80.2206573486,52412,52422,10
12.9896097183,80.221282959,52422,52432,10
12.9890403748,80.2219696045,52432,52442,10
12.9884195328,80.2226333618,52442,52452,10
12.987739563,80.2231063843,52452,52463,11
12.9870300293,80.2230377197,52463,52473,10
12.9866304398,80.2229919434,52473,52483,10
12.9859600067,80.2229690552,52483,52493,10
12.9854602814,80.2232971191,52493,52503,10
12.9849100113,80.2231292725,52503,52513,10
12.9843196869,80.2227783203,52513,52523,10
12.9837703705,80.2224731445,52523,52533,10
12.9833097458,80.2221832275,52533,52543,10
12.9832601547,80.2221374512,52543,52553,10
12.9831800461,80.2220611572,52553,52564,11
12.9828195572,80.2219467163,52564,52574,10
12.9822797775,80.221786499,52574,52584,10
12.9816598892,80.2213668823,52584,52594,10
12.9810495377,80.2210769653,52594,52604,10
12.980219841,80.2210922241,52604,52614,10
12.9793395996,80.2211608887,52614,52624,10
12.9784603119,80.2211837769,52624,52634,10
12.9776296616,80.2211914063,52634,52644,10
12.9768600464,80.2212295532,52644,52654,10
12.9761199951,80.2212524414,52654,52663,9
12.9762601852,80.2216110229,52663,52695,32
12.9762601852,80.2216110229,52695,52705,10
12.9763097763,80.2218170166,52705,52715,10
12.9765195847,80.2222137451,52715,52725,10
12.9768800735,80.2227172852,52725,52735,10
12.9772796631,80.2233505249,52735,52745,10
12.9777498245,80.2240600586,52745,52755,10
12.9782304764,80.2248535156,52755,52765,10
12.978679657,80.2255935669,52765,52776,11
12.9791898727,80.2264480591,52776,52786,10
12.9797000885,80.2272796631,52786,52796,10
12.9801702499,80.2280426025,52796,52806,10
12.9802904129,80.2282180786,52806,52816,10
12.9803600311,80.2283782959,52816,52826,10
12.9805898666,80.2288131714,52826,52836,10
12.980919838,80.229347229,52836,52846,10
12.9813404083,80.2299728394,52846,52856,10
12.9816799164,80.2304534912,52856,52867,11
12.9817399979,80.2305984497,52867,52877,10
12.981880188,80.2310180664,52877,52887,10
12.9819803238,80.2317199707,52887,52897,10
12.9819602966,80.2324981689,52897,52907,10
12.9816799164,80.233253479,52907,52917,10
12.981590271,80.2334823608,52917,52927,10
12.9814901352,80.2336807251,52927,52937,10
12.9813203812,80.2340393066,52937,52947,10
12.9812002182,80.2347412109,52947,52957,10
12.9812602997,80.2355499268,52957,52968,11
12.9812698364,80.2365722656,52968,52978,10
12.9812803268,80.2376174927,52978,52988,10
12.9813203812,80.2382888794,52988,52998,10
12.9813299179,80.2386016846,52998,53008,10
12.9813299179,80.2389068604,53008,53018,10
12.9813404083,80.2394790649,53018,53028,10
12.9813499451,80.2397613525,53028,53038,10
12.9813699722,80.2402801514,53038,53048,10
12.9813995361,80.2410430908,53048,53058,10
12.9813995361,80.2419815063,53058,53069,11
12.9814300537,80.2426986694,53069,53079,10
12.9814195633,80.242729187,53079,53089,10
12.9813995361,80.2429580688,53089,53099,10
12.9813899994,80.2435302734,53099,53109,10
12.9812898636,80.2443313599,53109,53119,10
12.9811697006,80.2453079224,53119,53129,10
12.9810495377,80.2463912964,53129,53139,10
12.9809398651,80.2475204468,53139,53149,10
12.9808502197,80.2486724854,53149,53159,10
12.9806995392,80.2498321533,53159,53169,10
12.9804296494,80.2509307861,53169,53179,10
12.9802103043,80.2519302368,53179,53189,10
12.9801397324,80.2522201538,53189,53199,10
12.980099678,80.2523574829,53199,53209,10
12.9802598953,80.2525787354,53209,53219,10
12.9806203842,80.2526168823,53219,53230,11
12.9813203812,80.2526016235,53230,53240,10
12.9821901321,80.2525787354,53240,53251,11
12.983300209,80.2524871826,53251,53260,9
12.9842700958,80.2522735596,53260,53270,10
12.9853601456,80.2519683838,53270,53280,10
12.9862699509,80.2517166138,53280,53290,10
12.9871301651,80.2514724731,53290,53383,93
12.9871301651,80.2514724731,53383,53393,10
12.9872598648,80.2514801025,53393,53403,10
12.9876098633,80.251373291,53403,53413,10
12.9879302979,80.2515106201,53413,53423,10
12.9879598618,80.2518310547,53423,53433,10
12.9880199432,80.2524108887,53433,53443,10
12.9879302979,80.2532577515,53443,53453,10
12.987830162,80.2542572021,53453,53463,10
12.987739563,80.2553100586,53463,53473,10
12.9876499176,80.256072998,53473,53484,11
12.9876003265,80.2562484741,53484,53494,10
12.9875602722,80.2565994263,53494,53504,10
12.9874801636,80.2571182251,53504,53514,10
12.9874200821,80.2579193115,53514,53524,10
12.9873399734,80.2587585449,53524,53534,10
12.987279892,80.2591018677,53534,53544,10
12.9871997833,80.2594680786,53544,53575,31
12.9871997833,80.2594680786,53575,53585,10
12.987159729,80.2596435547,53585,53595,10
12.9871196747,80.2596282959,53595,53605,10
12.9870300293,80.2592926025,53605,54261,656
12.9870300293,80.2592926025,54261,54270,9
12.9871196747,80.2590637207,54270,54281,11
12.9872303009,80.2590408325,54281,54293,12
12.9873199463,80.2586288452,54293,54303,10
12.9873600006,80.2583084106,54303,54313,10
12.9874000549,80.2578582764,54313,54323,10
12.9874696732,80.257270813,54323,54333,10
12.9875602722,80.2567367554,54333,54341,8
12.9876098633,80.2562026978,54341,54353,12
12.9877195358,80.255317688,54353,54363,10
12.9877595901,80.2549209595,54363,54373,10
12.9877796173,80.2547225952,54373,54383,10
12.9878196716,80.2540969849,54383,54394,11
12.9878902435,80.2531509399,54394,54404,10
12.9879302979,80.2521820068,54404,54414,10
12.9877300262,80.2516708374,54414,54424,10
12.9875097275,80.2516403198,54424,54434,10
12.9871501923,80.251663208,54434,54444,10
12.9869298935,80.251701355,54444,54454,10
12.9866399765,80.2517929077,54454,54464,10
12.9863004684,80.2518615723,54464,54474,10
12.9861097336,80.2518920898,54474,54484,10
12.9857397079,80.251991272,54484,54495,11
12.9849395752,80.2521972656,54495,54505,10
12.9839200974,80.2524490356,54505,54515,10
12.9827003479,80.2526473999,54515,54525,10
12.9814596176,80.2526779175,54525,54535,10
12.9799203873,80.2527008057,54535,54606,71
12.9799203873,80.2527008057,54606,54616,10
12.9797496796,80.2525177002,54616,54626,10
12.9797897339,80.2522964478,54626,54636,10
12.9798803329,80.2520294189,54636,54646,10
12.9800796509,80.2515182495,54646,54656,10
12.9803199768,80.2507324219,54656,54666,10
12.9805603027,80.249786377,54666,54676,10
12.9806900024,80.2487411499,54676,54685,9
12.9807701111,80.247756958,54685,54697,12
12.980890274,80.2463684082,54697,54707,10
12.9810400009,80.2451171875,54707,54717,10
12.9811296463,80.2440719604,54717,54727,10
12.9811697006,80.2437591553,54727,54737,10
12.9811697006,80.2437515259,54737,54747,10
12.981300354,80.2434692383,54747,54757,10
12.9813098907,80.2429428101,54757,54767,10
12.981300354,80.2428436279,54767,54777,10
12.9813404083,80.2425079346,54777,54787,10
12.9813299179,80.2420883179,54787,54798,11
12.9813299179,80.2414016724,54798,54808,10
12.9813299179,80.2406234741,54808,54818,10
12.9813098907,80.2398223877,54818,54828,10
12.9812898636,80.2393035889,54828,54838,10
12.9812698364,80.238571167,54838,54848,10
12.9812498093,80.2379226685,54848,54858,10
12.9812402725,80.2378005981,54858,54868,10
12.9812202454,80.2372970581,54868,54878,10
12.9812097549,80.2365264893,54878,54888,10
12.981180191,80.2356109619,54888,54899,11
12.9811601639,80.2345275879,54899,54909,10
12.9815797806,80.2333221436,54909,54929,20
12.9815797806,80.2333221436,54929,54939,10
12.9817304611,80.233039856,54939,54949,10
12.9819002151,80.2325363159,54949,54959,10
12.9819297791,80.2319717407,54959,54969,10
12.9819002151,80.2314300537,54969,54979,10
12.9817695618,80.2309188843,54979,54989,10
12.9814796448,80.2303771973,54989,55000,11
12.9810199738,80.2296218872,55000,55010,10
12.9807596207,80.2291717529,55010,55020,10
12.9806003571,80.2289199829,55020,55030,10
12.9805202484,80.228767395,55030,55040,10
12.9802999496,80.2283477783,55040,55050,10
12.980050087,80.2278900146,55050,55060,10
12.979809761,80.2275009155,55060,55070,10
12.9794597626,80.2269363403,55070,55080,10
12.9790201187,80.2261886597,55080,55090,10
12.9785299301,80.2253570557,55090,55100,10
12.9780797958,80.224609375,55100,55110,10
12.9776496887,80.2239990234,55110,55120,10
12.9772901535,80.2233581543,55120,55130,10
12.9770498276,80.2229614258,55130,55140,10
12.9769697189,80.2227401733,55140,55150,10
12.9771099091,80.222618103,55150,55160,10
12.9771604538,80.2226409912,55160,55170,10
12.9774503708,80.2225570679,55170,55181,11
12.9774799347,80.2221374512,55181,55191,10
12.9774398804,80.2216186523,55191,55202,11
12.9774503708,80.2211914063,55202,55212,10
12.9777803421,80.2211608887,55212,55221,9
12.9782104492,80.2211303711,55221,55232,11
12.9790296555,80.2211074829,55232,55242,10
12.9798202515,80.2210388184,55242,55251,9
12.9805498123,80.2209625244,55251,55262,11
12.9813098907,80.2211074829,55262,55272,10
12.9818096161,80.2214584351,55272,55282,10
12.9824199677,80.2217788696,55282,55292,10
12.9828300476,80.2219161987,55292,55302,10
12.9829397202,80.2220001221,55302,55314,12
12.983130455,80.2221069336,55314,55324,10
12.9835395813,80.2223815918,55324,55334,10
12.9840698242,80.22265625,55334,55344,10
12.9846401215,80.2229995728,55344,55354,10
12.985159874,80.2232284546,55354,55364,10
12.9854803085,80.2231216431,55364,55374,10
12.9863901138,80.2229537964,55374,55394,20
12.9863901138,80.2229537964,55394,55405,11
12.9867401123,80.2229919434,55405,55415,10
12.9872102737,80.2230606079,55415,55425,10
12.9877595901,80.2229537964,55425,55435,10
12.988360405,80.2225189209,55435,55445,10
12.9889001846,80.2219696045,55445,55455,10
12.9893598557,80.2214279175,55455,55465,10
12.9898195267,80.2208328247,55465,55475,10
12.9904403687,80.2202835083,55475,55485,10
12.9910297394,80.2198181152,55485,55495,10
12.9914398193,80.2195129395,55495,55506,11
12.9920701981,80.2190933228,55506,55516,10
12.992770195,80.2185821533,55516,55526,10
12.9935302734,80.2180328369,55526,55536,10
12.9942502975,80.2174987793,55536,55546,10
12.9947500229,80.2171401978,55546,55556,10
12.9949903488,80.2169876099,55556,55566,10
12.9955501556,80.2167129517,55566,55576,10
12.9963302612,80.216506958,55576,55586,10
12.997010231,80.2164382935,55586,55596,10
12.997300148,80.2162094116,55596,55607,11
12.9975004196,80.2160263062,55607,55617,10
12.9977397919,80.2158432007,55617,55627,10
12.9981803894,80.215461731,55627,55637,10
12.998749733,80.2149429321,55637,55647,10
12.9991102219,80.2146377563,55647,55657,10
12.9994897842,80.21434021,55657,55667,10
12.9999103546,80.2140197754,55667,55677,10
13.0003795624,80.2136001587,55677,55687,10
13.0009403229,80.2130889893,55687,55697,10
13.0015001297,80.2126922607,55697,55708,11
13.0022096634,80.2122421265,55708,55716,8
13.0026702881,80.212097168,55716,55728,12
13.0033597946,80.2120513916,55728,55738,10
13.0040502548,80.212059021,55738,55748,10
13.0047502518,80.2123718262,55748,55756,8
13.0053100586,80.2126922607,55756,55770,14
13.0063800812,80.2127227783,55770,55778,8
13.0070695877,80.2127304077,55778,55790,12
13.0077600479,80.2129516602,55790,55800,10
13.0078296661,80.2130203247,55800,55811,11
13.0079097748,80.2131118774,55811,55821,10
13.0080900192,80.213218689,55821,55831,10
13.0085296631,80.2134475708,55831,55841,10
13.0090103149,80.2141036987,55841,55851,10
13.0095100403,80.2147979736,55851,55861,10
13.0099496841,80.2153778076,55861,55871,10
13.0104999542,80.2161331177,55871,55881,10
13.010840416,80.2169189453,55881,55891,10
13.0111904144,80.2177963257,55891,55901,10
13.0115499496,80.218788147,55901,55911,10
13.0118904114,80.219871521,55911,55921,10
13.0122203827,80.2208786011,55921,55931,10
13.0124797821,80.2214126587,55931,55941,10
13.0128803253,80.2219619751,55941,55951,10
13.0133695602,80.2225494385,55951,55962,11
13.013879776,80.2231369019,55962,55972,10
13.0142202377,80.2235794067,55972,55982,10
13.0147199631,80.2241821289,55982,55992,10
13.015250206,80.2248001099,55992,56002,10
13.0154800415,80.2249526978,56002,56012,10
13.0156803131,80.2250976563,56012,56022,10
13.0162601471,80.2252578735,56022,56032,10
13.0170898438,80.2250289917,56032,56042,10
13.0180501938,80.2246627808,56042,56052,10
13.0189800262,80.2243499756,56052,56063,11
13.0194101334,80.224357605,56063,56072,9
13.0195999146,80.2244796753,56072,56082,10
13.0199604034,80.2247085571,56082,56092,10
13.0204401016,80.2250671387,56092,56102,10
13.0208997726,80.2254104614,56102,56115,13
13.0216197968,80.2259063721,56115,56125,10
13.0217599869,80.2259979248,56125,56135,10
13.0220603943,80.2262496948,56135,56145,10
13.0225696564,80.2267074585,56145,56155,10
13.0231599808,80.2272796631,56155,56165,10
13.0237798691,80.2278366089,56165,56175,10
13.0242700577,80.2283706665,56175,56185,10
13.024310112,80.2284164429,56185,56195,10
13.0243396759,80.228477478,56195,56205,10
13.0245599747,80.2287826538,56205,56216,11
13.0247001648,80.2289810181,56216,56226,10
13.0249795914,80.2293624878,56226,56236,10
13.0254602432,80.2299804688,56236,56246,10
13.0258903503,80.2306976318,56246,56256,10
13.0259599686,80.2309188843,56256,56266,10
13.0259895325,80.2312011719,56266,56276,10
13.026260376,80.2312774658,56276,56286,10
13.0269498825,80.2311019897,56286,56296,10
13.0277795792,80.2309417725,56296,56306,10
13.0283403397,80.2308578491,56306,56317,11
13.0285596848,80.2308273315,56317,56327,10
13.0289802551,80.2308425903,56327,56347,20
13.0289802551,80.2308425903,56347,56357,10
13.0291595459,80.2308502197,56357,56367,10
13.0294799805,80.2308273315,56367,56377,10
13.0300102234,80.2307815552,56377,56387,10
13.030500412,80.2307281494,56387,56397,10
13.0309400558,80.2306900024,56397,56407,10
13.0315103531,80.2306365967,56407,56418,11
13.0322399139,80.2306213379,56418,56428,10
13.0329198837,80.2305984497,56428,56438,10
13.0334501266,80.2305984497,56438,56448,10
13.0338602066,80.2305603027,56448,56458,10
13.0343599319,80.2304229736,56458,56488,30
13.0345201492,80.2303466797,56488,56579,91
13.0345201492,80.2303466797,56579,56589,10
13.0349397659,80.2303771973,56589,56599,10
13.0350799561,80.2301635742,56599,56609,10
13.0349502563,80.2299499512,56609,56620,11
13.0342798233,80.2298202515,56620,56731,111
13.0342798233,80.2298202515,56731,56741,10
13.0341501236,80.2304077148,56741,56771,30
13.0341501236,80.2304077148,56771,56781,10
13.0338401794,80.2304534912,56781,56791,10
13.0333499908,80.2304763794,56791,56801,10
13.0327396393,80.2305374146,56801,56811,10
13.032119751,80.2306213379,56811,56822,11
13.0313396454,80.2306900024,56822,56832,10
13.0306997299,80.2307434082,56832,56842,10
13.0302200317,80.2307815552,56842,56852,10
13.0300197601,80.2308120728,56852,56862,10
13.0296802521,80.2308502197,56862,56883,21
13.0296802521,80.2308502197,56883,56892,9
13.0293798447,80.2308883667,56892,56902,10
13.0288200378,80.2309417725,56902,56912,10
13.0281000137,80.2310180664,56912,56922,10
13.0276403427,80.231086731,56922,56933,11
13.0276603699,80.2315673828,56933,56943,10
13.027759552,80.232170105,56943,56953,10
13.0278701782,80.2327423096,56953,56963,10
13.0271902084,80.232963562,56963,56993,30
13.0271902084,80.232963562,56993,57003,10
13.0268497467,80.2330322266,57003,57013,10
13.0265302658,80.2330627441,57013,57025,12
13.0262403488,80.2325897217,57025,57035,10
13.0261096954,80.2319869995,57035,57043,8
13.02602005,80.2316207886,57043,57055,12
13.0259599686,80.2313995361,57055,57065,10
13.0258302689,80.2308578491,57065,57075,10
13.0254297256,80.2301712036,57075,57085,10
13.0248804092,80.2294387817,57085,57095,10
13.0244102478,80.2288208008,57095,57105,10
13.0240402222,80.2283325195,57105,57115,10
13.0235996246,80.2278213501,57115,57126,11
13.0230703354,80.2274475098,57126,57146,20
13.0230703354,80.2274475098,57146,57156,10
13.0228700638,80.2272872925,57156,57166,10
13.0226202011,80.2269821167,57166,57176,10
13.0223903656,80.2266921997,57176,57186,10
13.0218696594,80.2262268066,57186,57196,10
13.0212097168,80.2257232666,57196,57206,10
13.0205402374,80.2252426147,57206,57216,10
13.0203104019,80.2250976563,57216,57227,11
13.0202503204,80.2250595093,57227,57237,10
13.0199203491,80.2247924805,57237,57247,10
13.0192499161,80.2244796753,57247,57257,10
13.0183200836,80.2246704102,57257,57267,10
13.0173597336,80.2250823975,57267,57277,10
13.0166301727,80.2253875732,57277,57287,10
13.0161800385,80.2255630493,57287,57297,10
13.0155897141,80.225769043,57297,57307,10
13.0152301788,80.2259597778,57307,57317,10
13.0148000717,80.2261199951,57317,57328,11
13.0142202377,80.2263412476,57328,57348,20
13.0142202377,80.2263412476,57348,57358,10
13.0141496658,80.2263565063,57358,57368,10
13.013759613,80.2264862061,57368,57378,10
13.0130701065,80.2267379761,57378,57388,10
13.0122203827,80.2270584106,57388,57398,10
13.0112895966,80.2274398804,57398,57408,10
13.0104398727,80.2277526855,57408,57418,10
13.009759903,80.2279586792,57418,57429,11
13.0094804764,80.2276687622,57429,57439,10
13.0096502304,80.2273330688,57439,57449,10
13.0099201202,80.2267303467,57449,57459,10
13.0102596283,80.2260131836,57459,57469,10
13.0106096268,80.225227356,57469,57479,10
13.0109796524,80.2243270874,57479,57489,10
13.0113401413,80.2234725952,57489,57499,10
13.0116996765,80.2226333618,57499,57509,10
13.0120801926,80.2217636108,57509,57519,10
13.0122003555,80.2212219238,57519,57530,11
13.0120201111,80.2205429077,57530,57540,10
13.0117301941,80.2197418213,57540,57550,10
13.0114603043,80.2189025879,57550,57560,10
13.0111398697,80.2180175781,57560,57570,10
13.0108299255,80.2172470093,57570,57580,10
13.0105895996,80.2167205811,57580,57590,10
13.0102701187,80.2161331177,57590,57600,10
13.0099096298,80.2153701782,57600,57610,10
13.0094499588,80.2147216797,57610,57619,9
13.0089597702,80.2140884399,57619,57631,12
13.0083999634,80.2134628296,57631,57651,20
13.0083999634,80.2134628296,57651,57661,10
13.0082902908,80.2134017944,57661,57671,10
13.0080604553,80.2133102417,57671,57681,10
13.0078802109,80.2131881714,57681,57691,10
13.0077104568,80.2130126953,57691,57701,10
13.0072202682,80.2128372192,57701,57711,10
13.0065097809,80.2127990723,57711,57721,10
13.00578022,80.2130279541,57721,57732,11
13.0050201416,80.2125778198,57732,57742,10
13.0043201447,80.2122573853,57742,57752,10
13.0035400391,80.2121276855,57752,57762,10
13.0028600693,80.2121505737,57762,57772,10
13.0022602081,80.2122802734,57772,57782,10
13.0016698837,80.212638855,57782,57792,10
13.0011997223,80.2130126953,57792,57802,10
13.0006999969,80.213432312,57802,57812,10
13.000120163,80.2139587402,57812,57822,10
12.9996995926,80.2143173218,57822,57832,10
12.9992799759,80.2146987915,57832,57842,10
12.9990196228,80.2149200439,57842,57852,10
12.9986000061,80.2153015137,57852,57862,10
12.9979801178,80.2158279419,57862,57872,10
12.9975004196,80.2162399292,57872,57882,10
12.9975004196,80.2162475586,57882,57894,12
12.9973402023,80.2164230347,57894,57903,9
12.997209549,80.2165374756,57903,57913,10
12.9969501495,80.2165603638,57913,57922,9
12.9965600967,80.2165985107,57922,57933,11
12.9959697723,80.2167205811,57933,57943,10
12.995300293,80.2169418335,57943,57953,10
12.9951000214,80.2170715332,57953,57963,10
12.9947004318,80.2173461914,57963,57973,10
12.9941997528,80.2177200317,57973,57983,10
12.9938297272,80.2179794312,57983,57993,10
12.9932403564,80.2183990479,57993,58003,10
12.9925403595,80.2189025879,58003,58013,10
12.9918498993,80.2194213867,58013,58023,10
12.9914903641,80.2197036743,58023,58036,13
12.9909095764,80.220123291,58036,58046,10
12.9908504486,80.2201766968,58046,58056,10
12.9906797409,80.2202987671,58056,58066,10
12.9903001785,80.2205886841,58066,58076,10
12.989780426,80.2211227417,58076,58086,10
12.9893398285,80.2216567993,58086,58096,10
12.988820076,80.2222366333,58096,58106,10
12.9881896973,80.2228164673,58106,58116,10
12.9876804352,80.2231216431,58116,58126,10
12.987660408,80.2231292725,58126,58137,11
12.9874000549,80.2231216431,58137,58147,10
12.9869003296,80.2230606079,58147,58157,10
12.9863796234,80.2230300903,58157,58167,10
12.9857301712,80.2230834961,58167,58177,10
12.9852895737,80.2233276367,58177,58187,10
12.984749794,80.2231521606,58187,58197,10
12.9843196869,80.2228775024,58197,58207,10
12.9838104248,80.2225799561,58207,58217,10
12.9833202362,80.2222671509,58217,58226,9
12.9832296371,80.2222137451,58226,58238,12
12.9830703735,80.2220916748,58238,58248,10
12.98279953,80.2219772339,58248,58258,10
12.9823799133,80.2218399048,58258,58268,10
12.9819097519,80.2215805054,58268,58278,10
12.9813404083,80.2212295532,58278,58288,10
12.9805803299,80.2211227417,58288,58298,10
12.9797401428,80.2211837769,58298,58308,10
12.9788703918,80.2212219238,58308,58318,10
12.9781398773,80.2212295532,58318,58328,10
12.977399826,80.221282959,58328,58339,11
12.9765300751,80.2212905884,58339,58349,10
12.9760904312,80.2214431763,58349,58359,10
12.9762802124,80.2217102051,58359,58379,20
12.9762802124,80.2217102051,58379,58389,10
12.9763803482,80.2220077515,58389,58399,10
12.9766798019,80.2224807739,58399,58409,10
12.9768896103,80.2227630615,58409,58419,10
12.9771299362,80.2230987549,58419,58429,10
12.9775400162,80.2237701416,58429,58440,11
12.9779596329,80.2244491577,58440,58450,10
12.9783496857,80.2250976563,58450,58460,10
12.9785499573,80.2253799438,58460,58470,10
12.9785995483,80.2254486084,58470,58480,10
12.9788103104,80.2258224487,58480,58490,10
12.9792003632,80.2264709473,58490,58500,10
12.9796199799,80.2271881104,58500,58510,10
12.9800796509,80.2279510498,58510,58520,10
12.9805498123,80.2287979126,58520,58530,10
12.9809303284,80.2294464111,58530,58541,11
12.9816904068,80.2305297852,58541,58561,20
12.9816904068,80.2305297852,58561,58571,10
12.9818000793,80.2307815552,58571,58581,10
12.9819898605,80.2313766479,58581,58591,10
12.9820604324,80.2321472168,58591,58601,10
12.9819202423,80.2329330444,58601,58610,9
12.9816703796,80.2335128784,58610,58621,11
12.9816198349,80.2336120605,58621,58631,10
12.9813995361,80.2340164185,58631,58642,11
12.9812202454,80.2348709106,58642,58652,10
12.9812602997,80.2357635498,58652,58662,10
12.9812898636,80.236656189,58662,58672,10
12.981300354,80.2376022339,58672,58682,10
12.9813404083,80.2384719849,58682,58692,10
12.9813499451,80.2387084961,58692,58702,10
12.9813499451,80.238861084,58702,58712,10
12.9813604355,80.2394180298,58712,58722,10
12.9813804626,80.2401504517,58722,58732,10
12.9813995361,80.2410430908,58732,58743,11
12.9813995361,80.2420120239,58743,58753,10
12.9814300537,80.2427520752,58753,58763,10
12.9814300537,80.2428817749,58763,58773,10
12.9814195633,80.2432098389,58773,58783,10
12.9813899994,80.2436676025,58783,58793,10
12.9812602997,80.2443389893,58793,58803,10
12.9811601639,80.2452163696,58803,58813,10
12.9810304642,80.2462081909,58813,58823,10
12.9809303284,80.2472610474,58823,58833,10
12.9808397293,80.248336792,58833,58843,10
12.9807596207,80.249458313,58843,58853,10
12.9805402756,80.2505569458,58853,58863,10
12.9802703857,80.2516403198,58863,58874,11
12.9801301956,80.2522888184,58874,58894,20
12.9801301956,80.2522888184,58894,58904,10
12.9800796509,80.2525024414,58904,58914,10
12.9803199768,80.2527008057,58914,58924,10
12.980890274,80.2527008057,58924,58934,10
12.9816799164,80.2526473999,58934,58944,10
12.9826602936,80.2526016235,58944,58954,10
12.983710289,80.2524414063,58954,58964,10
12.984749794,80.2521362305,58964,58974,10
12.985329628,80.2519683838,58974,59047,73
12.985329628,80.2519683838,59047,59057,10
12.9854402542,80.2519302368,59057,59067,10
12.9857997894,80.2518615723,59067,59077,10
12.986240387,80.251701355,59077,59087,10
12.9868402481,80.2515563965,59087,59097,10
12.9875202179,80.251373291,59097,59107,10
12.9878997803,80.2515487671,59107,59117,10
12.9879903793,80.2519073486,59117,59127,10
12.9879903793,80.2519226074,59127,59134,7
12.9880199432,80.2520065308,59134,59148,14
12.9879798889,80.2527999878,59148,59158,10
12.9879198074,80.2536010742,59158,59168,10
12.9878501892,80.2543029785,59168,59178,10
12.9878101349,80.2549819946,59178,59188,10
12.9877500534,80.2554702759,59188,59198,10
12.9877004623,80.256111145,59198,59228,30
12.9877004623,80.256111145,59228,59238,10
12.9876203537,80.2563400269,59238,59249,11
12.9875802994,80.2568817139,59249,59259,10
12.9875297546,80.2575531006,59259,59269,10
12.9874696732,80.2583694458,59269,59279,10
12.9874000549,80.2590637207,59279,59319,40
12.9874000549,80.2590637207,59319,59329,10
12.9873895645,80.259262085,59329,59339,10
12.9872903824,80.2595291138,59339,59380,41
12.9872903824,80.2595291138,59380,59390,10
12.9870500565,80.2596435547,59390,59400,10
12.9868001938,80.2594223022,59400,59511,111
12.9868001938,80.2594223022,59511,59521,10
12.986749649,80.2590484619,59521,60199,678
12.986749649,80.2590484619,60199,60209,10
12.9870796204,80.2590637207,60209,60249,40
12.9870796204,80.2590637207,60249,60260,11
12.9873399734,80.258972168,60260,60270,10
12.9873695374,80.2585830688,60270,60280,10
12.9874000549,80.2580490112,60280,60290,10
12.9874296188,80.2576980591,60290,60300,10
12.987449646,80.2574615479,60300,60310,10
12.987449646,80.2572402954,60310,60320,10
12.9874897003,80.2569122314,60320,60330,10
12.9875297546,80.2565307617,60330,60381,51
12.9875297546,80.2565307617,60381,60391,10
12.9875802994,80.2561264038,60391,60401,10
12.9876203537,80.2557830811,60401,60411,10
12.9877195358,80.2552032471,60411,60421,10
12.9877595901,80.2545166016,60421,60431,10
12.987830162,80.253616333,60431,60441,10
12.9879102707,80.252571106,60441,60451,10
12.987830162,80.2518920898,60451,60462,11
12.9877996445,80.2517929077,60462,60472,10
12.9876699448,80.2516021729,60472,60482,10
12.9870595932,80.2516403198,60482,60492,10
12.9862499237,80.2518463135,60492,60502,10
12.9853200912,80.2520599365,60502,60512,10
12.9842500687,80.2523574829,60512,60522,10
12.9831199646,80.2526168823,60522,60532,10
12.9819202423,80.2526779175,60532,60542,10
12.9807500839,80.2527236938,60542,60552,10
12.9801702499,80.2527618408,60552,60613,61
12.9801702499,80.2527618408,60613,60623,10
12.980050087,80.2527694702,60623,60633,10
12.9800395966,80.2527694702,60633,60643,10
12.9798402786,80.2525405884,60643,60653,10
12.9798803329,80.2523117065,60653,60664,11
12.9799499512,80.2520294189,60664,60674,10
12.9801397324,80.2515563965,60674,60684,10
12.9803495407,80.2508010864,60684,60694,10
12.9805698395,80.2498779297,60694,60704,10
12.9806995392,80.2488708496,60704,60711,7
12.9807596207,80.2481231689,60711,60724,13
12.9808797836,80.2466888428,60724,60734,10
12.981010437,80.2455291748,60734,60744,10
12.9811096191,80.2444534302,60744,60754,10
12.9811401367,80.2439727783,60754,60764,10
12.9811601639,80.243850708,60764,60774,10
12.9812002182,80.2437286377,60774,60784,10
12.981300354,80.2435379028,60784,60794,10
12.981300354,80.2432098389,60794,60804,10
12.9813203812,80.2429199219,60804,60814,10
12.9813299179,80.2428207397,60814,60824,10
12.9813604355,80.2425537109,60824,60835,11
12.9813404083,80.2419433594,60835,60844,9
12.9813499451,80.2412796021,60844,60856,12
12.9813404083,80.2408370972,60856,60865,9
12.9813404083,80.2405471802,60865,60875,10
12.9813299179,80.2400817871,60875,60885,10
12.9813203812,80.2397003174,60885,60897,12
12.9813098907,80.2392501831,60897,60905,8
12.981300354,80.2390823364,60905,60915,10
12.9812898636,80.2387695313,60915,60925,10
12.9812898636,80.2386322021,60925,60935,10
12.9812803268,80.2382583618,60935,60945,10
12.9812803268,80.2381668091,60945,60955,10
12.9812698364,80.2378234863,60955,60968,13
12.9812498093,80.2369537354,60968,60976,8
12.9812402725,80.2362823486,60976,60988,12
12.9812002182,80.2352981567,60988,60998,10
12.9811897278,80.2345809937,60998,61008,10
12.981300354,80.2340316772,61008,61018,10
12.9814395905,80.2337188721,61018,61028,10
12.9816198349,80.2333602905,61028,61038,10
12.9818096161,80.2329406738,61038,61048,10
12.9819097519,80.2326507568,61048,61057,9
12.9819698334,80.2323989868,61057,61069,12
12.9819498062,80.2321395874,61069,61079,10
12.9819602966,80.2317123413,61079,61089,10
12.9818696976,80.2311401367,61089,61099,10
12.9816102982,80.2305908203,61099,61109,10
12.9812803268,80.2300415039,61109,61119,10
12.9810304642,80.2296905518,61119,61129,10
12.9808702469,80.2294235229,61129,61139,10
12.9806900024,80.2291107178,61139,61149,10
12.9806604385,80.2290496826,61149,61160,11
12.9805498123,80.2288513184,61160,61170,10
12.9803199768,80.2284088135,61170,61180,10
12.9801397324,80.2280578613,61180,61190,10
12.9798803329,80.2276000977,61190,61200,10
12.9796199799,80.2272186279,61200,61210,10
12.979470253,80.2269363403,61210,61220,10
12.9791498184,80.2264633179,61220,61230,10
12.9786901474,80.2257080078,61230,61240,10
12.978219986,80.2249526978,61240,61249,9
12.9779100418,80.2245330811,61249,61261,12
12.9775695801,80.2239303589,61261,61271,10
12.9773101807,80.2235031128,61271,61281,10
12.9771404266,80.2232284546,61281,61291,10
12.9769296646,80.2228622437,61291,61321,30
12.9769296646,80.2228622437,61321,61331,10
12.9771604538,80.2227096558,61331,61341,10
12.9772100449,80.2227020264,61341,61351,10
12.9774599075,80.2226715088,61351,61362,11
12.9774904251,80.2223129272,61362,61372,10
12.9774799347,80.221862793,61372,61382,10
12.9774503708,80.2213668823,61382,61392,10
12.9772596359,80.2212905884,61392,61402,10
12.9768695831,80.2212982178,61402,61856,454
12.976559639,80.2210922241,61856,62111,255
12.976559639,80.2210922241,62111,62121,10
12.9763402939,80.2211227417,62121,62131,10
12.9760904312,80.2213821411,62131,62141,10
12.9763002396,80.2217407227,62141,62161,20
12.9763002396,80.2217407227,62161,62171,10
12.9763803482,80.2220001221,62171,62182,11
12.9765996933,80.2223968506,62182,62192,10
12.9769296646,80.22290802,62192,62202,10
12.9773302078,80.2235183716,62202,62212,10
12.9778203964,80.2242736816,62212,62222,10
12.9782600403,80.2249679565,62222,62232,10
12.9786996841,80.2257080078,62232,62242,10
12.9791498184,80.2264099121,62242,62252,10
12.9795198441,80.2270126343,62252,62262,10
12.9799003601,80.2276229858,62262,62273,11
12.9803695679,80.2284164429,62273,62283,10
12.9807796478,80.2292022705,62283,62293,10
12.9812097549,80.2298583984,62293,62303,10
12.9816598892,80.230506897,62303,62312,9
12.9816999435,80.2305831909,62312,62324,12
12.981880188,80.2309875488,62324,62334,10
12.982049942,80.231628418,62334,62344,10
12.9820804596,80.2323379517,62344,62354,10
12.9819097519,80.233001709,62354,62364,10
12.9816598892,80.233543396,62364,62375,11
12.9815998077,80.2336425781,62375,62385,10
12.9813404083,80.2341384888,62385,62395,10
12.9812297821,80.2348632813,62395,62405,10
12.9812498093,80.235748291,62405,62415,10
12.9812803268,80.236656189,62415,62425,10
12.9813203812,80.2375335693,62425,62435,10
12.9813604355,80.2387390137,62435,62455,20
12.9813604355,80.2387390137,62455,62465,10
12.9813604355,80.2390518188,62465,62476,11
12.9813699722,80.2397003174,62476,62486,10
12.9813995361,80.2404098511,62486,62496,10
12.9814100266,80.2412567139,62496,62506,10
12.9814100266,80.2421417236,62506,62516,10
12.9814300537,80.2428283691,62516,62526,10
12.9814195633,80.2429733276,62526,62536,10
12.9814100266,80.2433929443,62536,62546,10
12.9813404083,80.2440414429,62546,62556,10
12.9812202454,80.2449035645,62556,62566,10
12.9811000824,80.2459182739,62566,62577,11
12.9809799194,80.2471389771,62577,62587,10
12.9808702469,80.248298645,62587,62597,10
12.9807701111,80.24949646,62597,62607,10
12.9805297852,80.2506713867,62607,62617,10
12.9801397324,80.252281189,62617,62636,19
12.9801397324,80.252281189,62636,62647,11
12.9801397324,80.2525177002,62647,62657,10
12.9805002213,80.2526931763,62657,62667,10
12.9811897278,80.2526702881,62667,62679,12
12.9823303223,80.2526321411,62679,62687,8
12.9832000732,80.2525634766,62687,62699,12
12.9845199585,80.252243042,62699,62709,10
12.9855604172,80.2519302368,62709,62719,10
12.9860496521,80.2518005371,62719,62931,212
12.9860496521,80.2518005371,62931,62941,10
12.9863395691,80.251739502,62941,62951,10
12.9867296219,80.251663208,62951,62961,10
12.9871797562,80.2515335083,62961,62971,10
12.9876899719,80.2513885498,62971,62982,11
12.9879598618,80.2517166138,62982,62992,10
12.9880304337,80.2520065308,62992,63002,10
12.9880399704,80.2521820068,63002,63012,10
12.9879903793,80.2526626587,63012,63022,10
12.9879398346,80.2532196045,63022,63032,10
12.9879102707,80.2535705566,63032,63042,10
12.987859726,80.2542495728,63042,63052,10
12.9878101349,80.2548522949,63052,63062,10
12.9877996445,80.2548980713,63062,63072,10
12.9877700806,80.2551116943,63072,63083,11
12.9877300262,80.2554626465,63083,63093,10
12.9876804352,80.2559127808,63093,63103,10
12.9875898361,80.2565383911,63103,63113,10
12.9875402451,80.2570419312,63113,63123,10
12.9875001907,80.2574462891,63123,63133,10
12.9874601364,80.2581710815,63133,63143,10
12.9874000549,80.2589797974,63143,63153,10
12.987279892,80.2594223022,63153,63163,10
12.987279892,80.2594833374,63163,63172,9
12.9872503281,80.2596435547,63172,63194,22
12.9872503281,80.2596435547,63194,63204,10
12.9868898392,80.2595977783,63204,63214,10
12.9866504669,80.2595596313,63214,63224,10
12.9866199493,80.2595062256,63224,63234,10
12.9866695404,80.2591781616,63234,64678,1444
12.9866695404,80.2591781616,64678,64688,10
12.9869298935,80.2591171265,64688,64721,33
12.9869298935,80.2591171265,64721,64731,10
12.9871301651,80.2591781616,64731,64761,30
12.9871301651,80.2591781616,64761,64771,10
12.9873695374,80.2589187622,64771,64788,17
12.9873695374,80.2589187622,64788,64802,14
12.9873800278,80.2584991455,64802,64822,20
12.9873800278,80.2584991455,64822,64832,10
12.9874200821,80.2582702637,64832,64842,10
12.9874401093,80.2577972412,64842,64852,10
12.9874801636,80.2572402954,64852,64862,10
12.9875402451,80.2567367554,64862,64872,10
12.9875898361,80.256362915,64872,64992,120
12.9875898361,80.256362915,64992,65004,12
12.9875602722,80.255897522,65004,65014,10
12.9876804352,80.2554473877,65014,65024,10
12.9877099991,80.2549285889,65024,65034,10
12.9877099991,80.2548828125,65034,65044,10
12.9877595901,80.2544326782,65044,65054,10
12.9878101349,80.2536468506,65054,65064,10
12.9878797531,80.2526931763,65064,65074,10
12.9876003265,80.251701355,65074,65094,20
12.9876003265,80.251701355,65094,65105,11
12.9872703552,80.2517166138,65105,65115,10
12.987039566,80.2517166138,65115,65125,10
12.9866199493,80.2518463135,65125,65135,10
12.9860200882,80.2519989014,65135,65145,10
12.985159874,80.2521972656,65145,65155,10
12.9841604233,80.2524490356,65155,65165,10
12.9831199646,80.2526779175,65165,65175,10
12.9821100235,80.2527236938,65175,65185,10
12.9813404083,80.2527389526,65185,65195,10
12.980629921,80.2527618408,65195,65206,11
12.9801301956,80.2527999878,65206,65246,40
12.9801301956,80.2527999878,65246,65256,10
12.9798698425,80.2523422241,65256,65276,20
12.9798698425,80.2523422241,65276,65286,10
12.9799003601,80.2522277832,65286,65296,10
12.9799499512,80.251991272,65296,65307,11
12.9801702499,80.2514724731,65307,65317,10
12.9804000854,80.2506866455,65317,65327,10
12.9806203842,80.2497177124,65327,65335,8
12.9807100296,80.2488632202,65335,65348,13
12.9808301926,80.2473297119,65348,65358,10
12.9809398651,80.2460784912,65358,65368,10
12.9810695648,80.2448501587,65368,65379,11
12.9811496735,80.2439422607,65379,65389,10
12.9812097549,80.2437286377,65389,65398,9
12.9813098907,80.2435302734,65398,65409,11
12.9813098907,80.2429275513,65409,65440,31
12.9813098907,80.2429275513,65440,65450,10
12.9813404083,80.2426834106,65450,65459,9
12.9813604355,80.2424163818,65459,65479,20
12.9813604355,80.2424163818,65479,65488,9
12.9813203812,80.2420501709,65488,65499,11
12.9813203812,80.2413711548,65499,65511,12
12.9813098907,80.2404403687,65511,65521,10
12.9812898636,80.2397232056,65521,65531,10
12.9812898636,80.2395095825,65531,65541,10
12.9812803268,80.2390594482,65541,65551,10
12.9812498093,80.2379608154,65551,65571,20
12.9812498093,80.2379608154,65571,65581,10
12.9812297821,80.2376785278,65581,65591,10
12.9812097549,80.2371520996,65591,65602,11
12.9811897278,80.236289978,65602,65612,10
12.981180191,80.2353897095,65612,65622,10
12.9811697006,80.2344589233,65622,65632,10
12.981470108,80.2336425781,65632,65642,10
12.9816102982,80.2333374023,65642,65652,10
12.9816703796,80.2332305908,65652,65662,10
12.9818096161,80.2329406738,65662,65670,8
12.9819498062,80.2325897217,65670,65692,22
12.9819498062,80.2325897217,65692,65702,10
12.9819698334,80.2322692871,65702,65713,11
12.9819602966,80.2318572998,65713,65723,10
12.9819297791,80.2315597534,65723,65733,10
12.9818696976,80.2312393188,65733,65743,10
12.9816503525,80.2307281494,65743,65753,10
12.981300354,80.2301330566,65753,65763,10
12.980919838,80.2295227051,65763,65773,10
12.9807596207,80.2292480469,65773,65783,10
12.9806499481,80.2290725708,65783,65793,10
12.9805898666,80.2289581299,65793,65804,11
12.9803495407,80.2285690308,65804,65814,10
12.9801702499,80.2281494141,65814,65824,10
12.9798698425,80.2276382446,65824,65834,10
12.9795398712,80.2271118164,65834,65844,10
12.9792804718,80.2266464233,65844,65854,10
12.9789199829,80.2260513306,65854,65864,10
12.9785900116,80.2254562378,65864,65874,10
12.9783096313,80.2250137329,65874,65884,10
12.9781599045,80.2247619629,65884,65893,9
12.9780101776,80.2246170044,65893,65905,12
12.9778203964,80.2243804932,65905,65915,10
12.9777402878,80.2242431641,65915,65925,10
12.9775400162,80.2238769531,65925,65935,10
12.9772396088,80.2233505249,65935,65945,10
12.9770698547,80.2230987549,65945,65955,10
12.9769802094,80.2229232788,65955,65965,10
12.9771203995,80.2227706909,65965,65975,10
12.9771404266,80.2227706909,65975,65985,10
12.9772500992,80.2227478027,65985,65995,10
12.9774999619,80.2226104736,65995,66006,11
12.9774904251,80.2221908569,66006,66016,10
12.9774503708,80.2216491699,66016,66026,10
12.9774703979,80.221282959,66026,66036,10
12.9778299332,80.2212677002,66036,66046,10
12.9784097672,80.2212371826,66046,66056,10
12.9791402817,80.2211990356,66056,66066,10
12.9799098969,80.2211380005,66066,66076,10
12.9806604385,80.2210769653,66076,66086,10
12.9814300537,80.2212677002,66086,66096,10
12.9817895889,80.2215270996,66096,66107,11
12.9819698334,80.2216873169,66107,66117,10
12.9823198318,80.2218399048,66117,66127,10
12.9828195572,80.2219619751,66127,66137,10
12.9829397202,80.2220306396,66137,66147,10
12.9830598831,80.2220993042,66147,66157,10
12.9833097458,80.2222671509,66157,66167,10
12.9835796356,80.222442627,66167,66177,10
12.9836101532,80.2224578857,66177,66187,10
12.9838399887,80.2226104736,66187,66197,10
12.9841499329,80.2228012085,66197,66210,13
12.984749794,80.2231369019,66210,66220,10
12.9851703644,80.2233200073,66220,66230,10
12.9854698181,80.2232666016,66230,66240,10
12.9859304428,80.2230606079,66240,66248,8
12.986410141,80.2230377197,66248,66259,11
12.9864997864,80.2230529785,66259,66269,10
12.9866399765,80.2230529785,66269,66279,10
12.9869298935,80.2230911255,66279,66290,11
12.9871196747,80.2231216431,66290,66300,10
12.9875202179,80.2231369019,66300,66311,11
12.9881296158,80.2228317261,66311,66321,10
12.9887599945,80.2222976685,66321,66329,8
12.9891004562,80.2219009399,66329,66339,10
12.98939991,80.2215194702,66339,66349,10
12.9898099899,80.2209320068,66349,66361,12
12.99036026,80.2204818726,66361,66389,28
12.99036026,80.2204818726,66389,66399,10
12.9906396866,80.2202835083,66399,66412,13
12.9909696579,80.2200317383,66412,66422,10
12.9912700653,80.2197875977,66422,66432,10
12.9914999008,80.219581604,66432,66442,10
12.9919595718,80.2192611694,66442,66452,10
12.9925699234,80.2188186646,66452,66462,10
12.9932498932,80.2183074951,66462,66472,10
12.9939804077,80.2177963257,66472,66482,10
12.9947299957,80.2172470093,66482,66502,20
12.9947299957,80.2172470093,66502,66513,11
12.9948797226,80.2171630859,66513,66523,10
12.995300293,80.2168884277,66523,66533,10
12.9959697723,80.2166595459,66533,66543,10
12.996720314,80.2165603638,66543,66552,9
12.9975204468,80.216178894,66552,66573,21
12.9975204468,80.216178894,66573,66583,10
12.9976997375,80.2159881592,66583,66593,10
12.9981002808,80.2156524658,66593,66604,11
12.9986600876,80.2151412964,66604,66614,10
12.9990901947,80.2148132324,66614,66624,10
12.9993600845,80.2145996094,66624,66634,10
12.9997797012,80.2142410278,66634,66644,10
13.000169754,80.2138977051,66644,66654,10
13.0006303787,80.213470459,66654,66664,10
13.0010995865,80.2130966187,66664,66674,10
13.0015201569,80.2127990723,66674,66684,10
13.0020399094,80.2124404907,66684,66694,10
13.0026397705,80.2121810913,66694,66704,10
13.0032501221,80.2121276855,66704,66715,11
13.0037002563,80.212059021,66715,66725,10
13.0040502548,80.2121200562,66725,66735,10
13.004529953,80.2123184204,66735,66745,10
13.004989624,80.2125778198,66745,66755,10
13.0056200027,80.2129516602,66755,66765,10
13.0062999725,80.2128219604,66765,66775,10
13.0072803497,80.212852478,66775,66836,61
13.0072803497,80.212852478,66836,66846,10
13.0077295303,80.2130126953,66846,66927,81
13.0077295303,80.2130126953,66927,66937,10
13.0081195831,80.2133026123,66937,66947,10
13.0083303452,80.2133865356,66947,66957,10
13.0087003708,80.2137374878,66957,66967,10
13.0091896057,80.2143783569,66967,66977,10
13.0095596313,80.2149200439,66977,66987,10
13.0098400116,80.2152404785,66987,66997,10
13.0102596283,80.2157363892,66997,67008,11
13.010720253,80.2164916992,67008,67018,10
13.0109596252,80.2172088623,67018,67028,10
13.0113096237,80.2181015015,67028,67038,10
13.0116996765,80.2191390991,67038,67048,10
13.0120096207,80.2201919556,67048,67058,10
13.0123300552,80.2210922241,67058,67068,10
13.0124797821,80.2214508057,67068,67078,10
13.0126199722,80.2216491699,67078,67088,10
13.0127696991,80.2219314575,67088,67098,10
13.0129098892,80.2220916748,67098,67109,11
13.0130996704,80.2222671509,67109,67119,10
13.0133304596,80.2225265503,67119,67131,12
13.013710022,80.2230224609,67131,67141,10
13.0140600204,80.2234802246,67141,67150,9
13.0142698288,80.2237167358,67150,67161,11
13.0145597458,80.2240982056,67161,67171,10
13.0149297714,80.2245483398,67171,67181,10
13.0155200958,80.2250595093,67181,67201,20
13.0155200958,80.2250595093,67201,67212,11
13.0158195496,80.2253189087,67212,67222,10
13.0164003372,80.2254104614,67222,67232,10
13.0171699524,80.2251434326,67232,67242,10
13.0180196762,80.2247924805,67242,67252,10
13.0187997818,80.2244873047,67252,67262,10
13.0195302963,80.2245483398,67262,67272,10
13.0199203491,80.2247467041,67272,67282,10
13.0202703476,80.2249908447,67282,67292,10
13.0207395554,80.2252883911,67292,67302,10
13.0211000443,80.2255477905,67302,67313,11
13.0214004517,80.2258071899,67313,67323,10
13.0218296051,80.2260894775,67323,67333,10
13.0218601227,80.2261199951,67333,67343,10
13.021900177,80.2261734009,67343,67353,10
13.0221796036,80.2264328003,67353,67363,10
13.0226402283,80.2268066406,67363,67373,10
13.0230903625,80.2272186279,67373,67383,10
13.0234098434,80.2275238037,67383,67393,10
13.0237903595,80.2278594971,67393,67403,10
13.0239801407,80.2280197144,67403,67414,11
13.024020195,80.2280731201,67414,67424,10
13.024140358,80.2282409668,67424,67434,10
13.0242395401,80.2284011841,67434,67444,10
13.0243997574,80.2286224365,67444,67454,10
13.0246601105,80.2289962769,67454,67464,10
13.0250797272,80.2295379639,67464,67474,10
13.0254497528,80.2300109863,67474,67484,10
13.0256795883,80.2303314209,67484,67494,10
13.0257997513,80.2305603027,67494,67504,10
13.0259304047,80.2308578491,67504,67515,11
13.0259895325,80.2311019897,67515,67525,10
13.02602005,80.2313232422,67525,67535,10
13.0261201859,80.2314376831,67535,67545,10
13.0265102386,80.2313537598,67545,67555,10
13.0271100998,80.2312011719,67555,67565,10
13.027680397,80.2310714722,67565,67575,10
13.028169632,80.2310028076,67575,67585,10
13.0282497406,80.2309875488,67585,67595,10
13.0288095474,80.2309494019,67595,67616,21
13.0288095474,80.2309494019,67616,67626,10
13.0293197632,80.2309494019,67626,67686,60
13.0293197632,80.2309494019,67686,67696,10
13.0295801163,80.2309570313,67696,67707,11
13.0299901962,80.2308883667,67707,67717,10
13.0304899216,80.2308197021,67717,67747,30
13.0304899216,80.2308197021,67747,67757,10
13.0306797028,80.2308425903,67757,67767,10
13.0310401917,80.230796814,67767,67777,10
13.0316200256,80.230758667,67777,67787,10
13.0322303772,80.2306976318,67787,67797,10
13.0328397751,80.2306365967,67797,67808,11
13.0335597992,80.2305831909,67808,67848,40
13.0337600708,80.2305984497,67848,67949,101
13.0337600708,80.2305984497,67949,67959,10
13.0340595245,80.2305908203,67959,67969,10
13.0342502594,80.2305526733,67969,67979,10
13.0345697403,80.230430603,67979,67989,10
13.034910202,80.2302703857,67989,68011,22
13.0347700119,80.2300186157,68011,68160,149
13.0343999863,80.2299804688,68160,68900,740
13.0342102051,80.2302703857,68900,68973,73
13.0342102051,80.2302703857,68973,68983,10
13.0338497162,80.2305526733,68983,68993,10
13.0334396362,80.2305526733,68993,69024,31
13.0334396362,80.2305526733,69024,69034,10
13.0331296921,80.2306213379,69034,69044,10
13.0330495834,80.2306213379,69044,69054,10
13.032959938,80.2306213379,69054,69064,10
13.0326004028,80.2306213379,69064,69074,10
13.031999588,80.23072052,69074,69084,10
13.0307703018,80.2308197021,69084,69145,61
13.0307703018,80.2308197021,69145,69155,10
13.0305595398,80.2308425903,69155,69165,10
13.0300703049,80.2308883667,69165,69175,10
13.0297203064,80.2309265137,69175,69185,10
13.0297002792,80.2309417725,69185,69195,10
13.0295200348,80.2309417725,69195,69205,10
13.0290203094,80.2309799194,69205,69215,10
13.0283498764,80.2310333252,69215,69226,11
13.0276699066,80.2311019897,69226,69236,10
13.0276203156,80.2314529419,69236,69246,10
13.0277099609,80.2321090698,69246,69256,10
13.0278396606,80.2328109741,69256,69266,10
13.0274295807,80.232963562,69266,69276,10
13.0268697739,80.2330474854,69276,69347,71
13.0268697739,80.2330474854,69347,69357,10
13.0266399384,80.2331237793,69357,69367,10
13.0263204575,80.2329711914,69367,69377,10
13.0261297226,80.2324066162,69377,69387,10
13.0260801315,80.2322692871,69387,69397,10
13.02602005,80.231918335,69397,69407,10
13.0259103775,80.2314605713,69407,69418,11
13.0256595612,80.2306900024,69418,69428,10
13.0251903534,80.2299194336,69428,69438,10
13.0247602463,80.2293777466,69438,69448,10
13.0247001648,80.229309082,69448,69458,10
13.0246400833,80.2292480469,69458,69468,10
13.024430275,80.2289428711,69468,69478,10
13.0240497589,80.2284698486,69478,69487,9
13.0236597061,80.2279891968,69487,69498,11
13.0230503082,80.2275238037,69498,69529,31
13.0230503082,80.2275238037,69529,69539,10
13.0227899551,80.2273178101,69539,69549,10
13.0225896835,80.2270202637,69549,69569,20
13.0225896835,80.2270202637,69569,69579,10
13.022480011,80.2268829346,69579,69589,10
13.0222101212,80.226600647,69589,69599,10
13.0216798782,80.2261428833,69599,69609,10
13.0211200714,80.2257232666,69609,69620,11
13.020409584,80.2252426147,69620,69630,10
13.0200996399,80.2250595093,69630,69640,10
13.0199899673,80.2249832153,69640,69650,10
13.0196399689,80.2247314453,69650,69660,10
13.0189199448,80.2245635986,69660,69670,10
13.0180301666,80.2248687744,69670,69680,10
13.0171203613,80.225227356,69680,69690,10
13.016500473,80.225479126,69690,69700,10
13.0160102844,80.2256622314,69700,69709,9
13.0155000687,80.2258377075,69709,69720,11
13.0148696899,80.2260971069,69720,69730,10
13.0143404007,80.2263183594,69730,69740,10
13.0143003464,80.2263412476,69740,69750,10
13.0141897202,80.2263793945,69750,69760,10
13.0139198303,80.2264785767,69760,69770,10
13.0134096146,80.2266616821,69770,69782,12
13.012550354,80.2269821167,69782,69792,10
13.0117101669,80.2273025513,69792,69800,8
13.0109796524,80.2275924683,69800,69811,11
13.0100097656,80.2279586792,69811,69822,11
13.0096101761,80.2279281616,69822,69872,50
13.0096101761,80.2279281616,69872,69883,11
13.0094804764,80.2275924683,69883,69892,9
13.0096702576,80.2272491455,69892,69902,10
13.0097999573,80.2269515991,69902,69912,10
13.0099601746,80.2266311646,69912,69934,22
13.0099601746,80.2266311646,69934,69944,10
13.0100803375,80.2263870239,69944,69954,10
13.0102796555,80.2259597778,69954,69964,10
13.010430336,80.2256164551,69964,69974,10
13.0105304718,80.2253799438,69974,69984,10
13.0106401443,80.2251205444,69984,69994,10
13.0107603073,80.224822998,69994,70004,10
13.0108995438,80.2244033813,70004,70014,10
13.0111703873,80.2237701416,70014,70025,11
13.0114898682,80.2229309082,70025,70035,10
13.0118999481,80.2217407227,70035,70055,20
13.0118999481,80.2217407227,70055,70065,10
13.0120296478,80.2215194702,70065,70075,10
13.0120897293,80.2213897705,70075,70084,9
13.0121498108,80.2211837769,70084,70096,12
13.0120697021,80.220916748,70096,70106,10
13.0119695663,80.2207336426,70106,70116,10
13.0118598938,80.2205276489,70116,70127,11
13.011759758,80.2203063965,70127,70137,10
13.0116996765,80.2201385498,70137,70147,10
13.0116596222,80.2200164795,70147,70157,10
13.0115804672,80.2197494507,70157,70167,10
13.0115003586,80.2194824219,70167,70177,10
13.0114603043,80.2193527222,70177,70187,10
13.0114202499,80.2191772461,70187,70197,10
13.0113697052,80.219039917,70197,70207,10
13.0113096237,80.2188491821,70207,70217,10
13.0112495422,80.2185974121,70217,70228,11
13.0111103058,80.2182006836,70228,70238,10
13.0110702515,80.2180862427,70238,70248,10
13.0109500885,80.2178115845,70248,70258,10
13.0108299255,80.2175369263,70258,70268,10
13.0107002258,80.2172088623,70268,70278,10
13.0104904175,80.2166900635,70278,70288,10
13.0102396011,80.2162322998,70288,70298,10
13.0100603104,80.2158584595,70298,70308,10
13.0099401474,80.2155914307,70308,70369,61
13.0099401474,80.2155914307,70369,70379,10
13.0098495483,80.2153396606,70379,70389,10
13.0097999573,80.2152786255,70389,70399,10
13.00963974,80.2151031494,70399,70409,10
13.009519577,80.2149505615,70409,70420,11
13.0093402863,80.2146911621,70420,70430,10
13.0091295242,80.2144317627,70430,70440,10
13.0089797974,80.2142333984,70440,70450,10
13.0088796616,80.2141113281,70450,70460,10
13.0087604523,80.2139511108,70460,70490,30
13.0087604523,80.2139511108,70490,70500,10
13.008649826,80.2138214111,70500,70510,10
13.0085201263,80.2136535645,70510,70541,31
13.0085201263,80.2136535645,70541,70551,10
13.0081396103,80.2133789063,70551,70601,50
13.0079298019,80.2132873535,70601,70621,20
13.0079298019,80.2132873535,70621,70633,12
13.0078201294,80.213180542,70633,70643,10
13.0076198578,80.2129898071,70643,70651,8
13.0073099136,80.212890625,70651,70661,10
13.0068902969,80.2128295898,70661,70672,11
13.0062799454,80.212890625,70672,70681,9
13.0058298111,80.2130737305,70681,70692,11
13.0052404404,80.2127685547,70692,70702,10
13.0047702789,80.2124786377,70702,70713,11
13.0040798187,80.2122192383,70713,70722,9
13.0037202835,80.2121734619,70722,70732,10
13.0033397675,80.2121734619,70732,70742,10
13.0029401779,80.2121505737,70742,70754,12
13.0025501251,80.2122116089,70754,70762,8
13.0023097992,80.2122879028,70762,70772,10
13.0018901825,80.2125167847,70772,70782,10
13.0012998581,80.2129364014,70782,70792,10
13.0007095337,80.2133865356,70792,70802,10
13.0002803802,80.2138137817,70802,70814,12
12.9999704361,80.2141265869,70814,70825,11
12.9997797012,80.2142791748,70825,70835,10
12.9994401932,80.2145462036,70835,70845,10
12.9991102219,80.2148284912,70845,70855,10
12.9988298416,80.215057373,70855,70865,10
12.998339653,80.215461731,70865,70875,10
12.9977397919,80.216003418,70875,70885,10
12.9973802567,80.2163772583,70885,70956,71
12.9973802567,80.2163772583,70956,70966,10
12.9970703125,80.2166290283,70966,70976,10
12.9968204498,80.2166366577,70976,71006,30
12.9968204498,80.2166366577,71006,71016,10
12.9962997437,80.2166824341,71016,71027,11
12.9960603714,80.2167205811,71027,71037,10
12.9958295822,80.2167892456,71037,71047,10
12.9956197739,80.2168426514,71047,71057,10
12.9954099655,80.2169265747,71057,71067,10
12.9952096939,80.2170410156,71067,71077,10
12.9950504303,80.2171173096,71077,71087,10
12.9948396683,80.2172470093,71087,71097,10
12.9944200516,80.2175598145,71097,71107,10
12.994099617,80.2177963257,71107,71117,10
12.9936199188,80.218132019,71117,71128,11
12.9930400848,80.2185592651,71128,71138,10
12.992480278,80.218963623,71138,71148,10
12.9918899536,80.2194137573,71148,71158,10
12.9915599823,80.2196502686,71158,71168,10
12.9910898209,80.2199783325,71168,71178,10
12.9907197952,80.2202606201,71178,71188,10
12.9907102585,80.2202606201,71188,71198,10
12.9904699326,80.2204666138,71198,71218,20
12.9904699326,80.2204666138,71218,71229,11
12.9903402328,80.2205734253,71229,71319,90
12.9900598526,80.2208023071,71319,71429,110
12.9893798828,80.2214202881,71429,71498,69
12.9893798828,80.2214202881,71498,71527,29
12.9891195297,80.2217788696,71527,71570,43
12.9888801575,80.2220993042,71570,71598,28
12.9886598587,80.2223205566,71598,71620,22
12.9886598587,80.2223205566,71620,71631,11
12.9882898331,80.2227020264,71631,71681,50
12.9882898331,80.2227020264,71681,71691,10
12.9880504608,80.2229232788,71691,71701,10
12.9877595901,80.2231063843,71701,71742,41
12.9877595901,80.2231063843,71742,71752,10
12.9873104095,80.2231369019,71752,71762,10
12.9869604111,80.2230987549,71762,71772,10
12.986749649,80.2230529785,71772,71782,10
12.986240387,80.2230529785,71782,71792,10
12.9856004715,80.223197937,71792,71802,10
12.985159874,80.2233200073,71802,71812,10
12.9847698212,80.223197937,71812,71822,10
12.9843902588,80.2229537964,71822,71833,11
12.9841804504,80.2228393555,71833,71843,10
12.984000206,80.2227325439,71843,71853,10
12.9835596085,80.2224273682,71853,71873,20
12.9835596085,80.2224273682,71873,71883,10
12.9834098816,80.2223587036,71883,71893,10
12.9832201004,80.2222213745,71893,71903,10
12.98320961,80.2222213745,71903,71913,10
12.9829797745,80.2220687866,71913,71923,10
12.9825696945,80.2219390869,71923,71934,11
12.9819803238,80.2216796875,71934,71944,10
12.9813995361,80.221282959,71944,71954,10
12.9807395935,80.2211303711,71954,71964,10
12.9799499512,80.2211990356,71964,71974,10
12.9791297913,80.2212371826,71974,71984,10
12.9784803391,80.2212600708,71984,71994,10
12.9778900146,80.221282959,71994,72004,10
12.9771995544,80.2213287354,72004,72014,10
12.9765901566,80.2213134766,72014,72025,11
12.9761199951,80.2213668823,72025,72035,10
12.9762802124,80.2217788696,72035,72075,40
12.9762802124,80.2217788696,72075,72085,10
12.9763698578,80.2220993042,72085,72095,10
12.9764995575,80.2223129272,72095,72105,10
12.9767799377,80.2227325439,72105,72115,10
12.9772195816,80.2233810425,72115,72125,10
12.977689743,80.2241516113,72125,72136,11
12.9781599045,80.2248687744,72136,72146,10
12.9785003662,80.2254104614,72146,72156,10
12.9788799286,80.22605896,72156,72166,10
12.9792203903,80.2266082764,72166,72176,10
12.9794197083,80.2269515991,72176,72186,10
12.9797096252,80.2274703979,72186,72196,10
12.9801502228,80.2281570435,72196,72206,10
12.9805898666,80.2289199829,72206,72216,10
12.9808597565,80.2293930054,72216,72227,11
12.9811697006,80.2298583984,72227,72237,10
12.9816799164,80.2306213379,72237,72257,20
12.9816799164,80.2306213379,72257,72267,10
12.9817800522,80.2308197021,72267,72277,10
12.9819498062,80.2313079834,72277,72287,10
12.982000351,80.2319030762,72287,72297,10
12.982000351,80.232421875,72297,72307,10
12.9819097519,80.2328262329,72307,72317,10
12.9818201065,80.2330780029,72317,72328,11
12.9818201065,80.2331237793,72328,72338,10
12.9816999435,80.2333679199,72338,72348,10
12.9816198349,80.2335510254,72348,72358,10
12.9814195633,80.2339630127,72358,72369,11
12.9812297821,80.2344207764,72369,72379,10
12.9811897278,80.2350311279,72379,72389,10
12.9811697006,80.2358016968,72389,72399,10
12.9812097549,80.2366485596,72399,72408,9
12.9812498093,80.2373123169,72408,72419,11
12.9812602997,80.2380065918,72419,72428,9
12.9812803268,80.2384872437,72428,72438,10
12.9812803268,80.2386016846,72438,72450,12
12.981300354,80.2387084961,72450,72460,10
12.981300354,80.2390213013,72460,72470,10
12.981300354,80.239440918,72470,72480,10
12.9813203812,80.2397537231,72480,72489,9
12.9813203812,80.2400665283,72489,72500,11
12.9813404083,80.240272522,72500,72510,10
12.9813299179,80.2406921387,72510,72520,10
12.9813203812,80.2412872314,72520,72531,11
12.9813299179,80.2420425415,72531,72539,8
12.9813404083,80.242477417,72539,72549,10
12.9813404083,80.2429122925,72549,72561,12
12.9813499451,80.2430419922,72561,72571,10
12.9813499451,80.2432937622,72571,72581,10
12.9813299179,80.2436828613,72581,72591,10
12.9812602997,80.2442474365,72591,72601,10
12.9811601639,80.2450180054,72601,72611,10
12.9810600281,80.2458877563,72611,72621,10
12.9809503555,80.2468185425,72621,72632,11
12.9808502197,80.2479095459,72632,72642,10
12.9807596207,80.2489471436,72642,72652,10
12.9806203842,80.2499923706,72652,72662,10
12.9803800583,80.2509689331,72662,72672,10
12.9800701141,80.252281189,72672,72692,20
12.9800701141,80.252281189,72692,72702,10
12.9800796509,80.2525405884,72702,72712,10
12.9803600311,80.2526931763,72712,72722,10
12.9808597565,80.2526702881,72722,72733,11
12.9816904068,80.2526397705,72733,72743,10
12.9826202393,80.2526016235,72743,72753,10
12.9836397171,80.2524490356,72753,72763,10
12.9846801758,80.252166748,72763,72773,10
12.9856500626,80.2519073486,72773,72783,10
12.9861602783,80.2517776489,72783,73116,333
12.9861602783,80.2517776489,73116,73125,9
12.9863996506,80.2516784668,73125,73137,12
12.9870796204,80.2515335083,73137,73147,10
12.9876499176,80.2513809204,73147,73157,10
12.9879102707,80.2516098022,73157,73167,10
12.987950325,80.2518386841,73167,73177,10
12.9879999161,80.2520599365,73177,73187,10
12.9880104065,80.2521209717,73187,73197,10
12.9880104065,80.2524032593,73197,73207,10
12.9879302979,80.2529983521,73207,73217,10
12.9878702164,80.2535400391,73217,73227,10
12.9878101349,80.2541427612,73227,73238,11
12.9877700806,80.2547836304,73238,73248,10
12.9877099991,80.2552490234,73248,73258,10
12.9876804352,80.2555618286,73258,73268,10
12.9876899719,80.2558364868,73268,73278,10
12.9876699448,80.2560119629,73278,73288,10
12.9876203537,80.2562026978,73288,73298,10
12.9875802994,80.2563171387,73298,73308,10
12.9875402451,80.2568130493,73308,73340,32
12.9875402451,80.2568130493,73340,73350,10
12.9875001907,80.2572631836,73350,73360,10
12.987449646,80.2579269409,73360,73368,8
12.9873895645,80.2586212158,73368,73378,10
12.9871997833,80.2596282959,73378,73409,31
12.9871997833,80.2596282959,73409,73420,11
12.9870700836,80.2596588135,73420,73431,11
12.986579895,80.2595672607,73431,73491,60
12.986579895,80.2595672607,73491,73501,10
12.9865903854,80.2592163086,73501,73744,243
12.9865903854,80.2592163086,73744,73754,10
12.9865503311,80.2592391968,73754,75444,1690
12.9865503311,80.2592391968,75444,75455,11
12.9865598679,80.2593002319,75455,75848,393
12.9865598679,80.2593002319,75848,75859,11
12.9868202209,80.2591400146,75859,75949,90
12.9868202209,80.2591400146,75949,75960,11
12.9872598648,80.2591094971,75960,75970,10
12.9872903824,80.2587966919,75970,75980,10
12.9873104095,80.2586975098,75980,75990,10
12.9873199463,80.2585296631,75990,76000,10
12.9873504639,80.2582168579,76000,76010,10
12.9874000549,80.2576904297,76010,76020,10
12.9874401093,80.2570800781,76020,76030,10
12.9874897003,80.2566986084,76030,76062,32
12.9874897003,80.2566986084,76062,76072,10
12.9875802994,80.2564926147,76072,76080,8
12.9875802994,80.2563400269,76080,76090,10
12.9875602722,80.2561264038,76090,76100,10
12.987569809,80.255897522,76100,76112,12
12.9876804352,80.2553863525,76112,76122,10
12.9876804352,80.2550964355,76122,76130,8
12.9876804352,80.2550201416,76130,76141,11
12.9877004623,80.2548217773,76141,76152,11
12.9877700806,80.2542266846,76152,76163,11
12.9877996445,80.2534103394,76163,76171,8
12.987859726,80.2527313232,76171,76181,10
12.9877700806,80.2518615723,76181,76203,22
12.9877700806,80.2518615723,76203,76211,8
12.987739563,80.2516708374,76211,76221,10
12.9877004623,80.2516403198,76221,76231,10
12.9874296188,80.2516326904,76231,76242,11
12.9868402481,80.251739502,76242,76252,10
12.9861602783,80.2518920898,76252,76264,12
12.9851303101,80.252166748,76264,76274,10
12.98416996,80.2524185181,76274,76284,10
12.9831600189,80.2526321411,76284,76294,10
12.9820804596,80.2527008057,76294,76304,10
12.9809999466,80.2527313232,76304,76314,10
12.9801397324,80.2527618408,76314,76355,41
12.9801397324,80.2527618408,76355,76365,10
12.9799003601,80.2527236938,76365,76375,10
12.9798002243,80.2524108887,76375,76395,20
12.9798002243,80.2524108887,76395,76405,10
12.9798603058,80.2521972656,76405,76415,10
12.9798898697,80.2520370483,76415,76425,10
12.9799995422,80.2516937256,76425,76435,10
12.9801702499,80.2511520386,76435,76444,9
12.9803495407,80.2505493164,76444,76456,12
12.9805698395,80.2495880127,76456,76465,9
12.9806604385,80.2488098145,76465,76476,11
12.9807500839,80.2478485107,76476,76486,10
12.9808397293,80.2469177246,76486,76496,10
12.9809398651,80.2459487915,76496,76506,10
12.9810600281,80.244972229,76506,76516,10
12.9811401367,80.2440338135,76516,76526,10
12.9812202454,80.2436904907,76526,76536,10
12.9812898636,80.2433319092,76536,76545,9
12.9812898636,80.2430267334,76545,76557,12
12.9813098907,80.2429199219,76557,76567,10
12.9813203812,80.2427978516,76567,76577,10
12.9813299179,80.2425308228,76577,76587,10
12.9813299179,80.2420806885,76587,76597,10
12.9813098907,80.2414627075,76597,76607,10
12.981300354,80.2408676147,76607,76617,10
12.9812898636,80.2401275635,76617,76627,10
12.9812698364,80.2396087646,76627,76637,10
12.9812602997,80.2390670776,76637,76646,9
12.9812498093,80.2384719849,76646,76658,12
12.9812402725,80.237991333,76658,76668,10
12.9812402725,80.2378921509,76668,76678,10
12.9812202454,80.2374725342,76678,76688,10
12.9812002182,80.2368164063,76688,76698,10
12.981180191,80.236038208,76698,76708,10
12.9811601639,80.2351989746,76708,76718,10
12.981180191,80.2343292236,76718,76728,10
12.9814596176,80.2336578369,76728,76738,10
12.9815702438,80.2334136963,76738,76748,10
12.9815797806,80.2333984375,76748,76759,11
12.9817399979,80.2330703735,76759,76769,10
12.981880188,80.2326583862,76769,76779,10
12.9819202423,80.2324829102,76779,76789,10
12.9819402695,80.2323303223,76789,76799,10
12.9819002151,80.2321624756,76799,76809,10
12.9819297791,80.2319107056,76809,76819,10
12.9819002151,80.2314376831,76819,76828,9
12.9817895889,80.2309875488,76828,76839,11
12.9815301895,80.2305221558,76839,76849,10
12.9811296463,80.229888916,76849,76860,11
12.9807796478,80.2293624878,76860,76870,10
12.980629921,80.229133606,76870,76880,10
12.9806203842,80.2291030884,76880,76890,10
12.9804601669,80.2288284302,76890,76900,10
12.9802703857,80.2284622192,76900,76910,10
12.980099678,80.2280883789,76910,76920,10
12.9797897339,80.2275772095,76920,76930,10
12.9794998169,80.2271194458,76930,76940,10
12.9793195724,80.2268295288,76940,76950,10
12.9791097641,80.2264480591,76950,76961,11
12.9787998199,80.2259063721,76961,76971,10
12.9784097672,80.2252731323,76971,76981,10
12.9781103134,80.2247695923,76981,76991,10
12.9779500961,80.2245788574,76991,77001,10
12.9776697159,80.2241516113,77001,77011,10
12.9773702621,80.2236404419,77011,77021,10
12.9770803452,80.2232131958,77021,77032,11
12.9770698547,80.2231903076,77032,77041,9
12.9769601822,80.2229919434,77041,77052,11
12.9770698547,80.2227630615,77052,77073,21
12.9770698547,80.2227630615,77073,77081,8
12.9771003723,80.2226867676,77081,77091,10
12.9774303436,80.22265625,77091,77102,11
12.9774599075,80.2222290039,77102,77113,11
12.9774198532,80.2216262817,77113,77123,10
12.9774198532,80.2212524414,77123,77132,9
12.9777498245,80.2212295532,77132,77143,11
12.9783201218,80.2211914063,77143,77151,8
12.9788303375,80.2211608887,77151,77162,11
12.9796495438,80.2211074829,77162,77172,10
12.9804296494,80.2210388184,77172,77182,10
12.9811601639,80.2211303711,77182,77192,10
12.9818096161,80.2215576172,77192,77204,12
12.9825496674,80.2218933105,77204,77212,8
12.9828796387,80.2219924927,77212,77224,12
12.9829101563,80.2220077515,77224,77232,8
12.983039856,80.2221069336,77232,77244,12
12.9834003448,80.222328186,77244,77255,11
12.9837398529,80.2225494385,77255,77265,10
12.9840097427,80.2227096558,77265,77275,10
12.9845399857,80.2230300903,77275,77285,10
12.9851999283,80.2233200073,77285,77295,10
12.9856901169,80.2230529785,77295,77305,10
12.9863395691,80.2229995728,77305,77315,10
12.9864597321,80.2229995728,77315,77325,10
12.986530304,80.2229919434,77325,77335,10
12.9866800308,80.2229995728,77335,77345,10
12.9869403839,80.2230377197,77345,77356,11
12.9873399734,80.2230911255,77356,77366,10
12.987830162,80.2229919434,77366,77376,10
12.9883804321,80.2225799561,77376,77386,10
12.9889001846,80.2220306396,77386,77396,10
12.9893102646,80.221496582,77396,77406,10
12.9898195267,80.2208175659,77406,77416,10
12.9903497696,80.2203826904,77416,77426,10
12.9903697968,80.2203674316,77426,77436,10
12.9906902313,80.220161438,77436,77446,10
12.9911203384,80.2198181152,77446,77457,11
12.9914798737,80.2195281982,77457,77467,10
12.9920101166,80.2191390991,77467,77477,10
12.9927101135,80.2186279297,77477,77487,10
12.9934501648,80.2180786133,77487,77497,10
12.994099617,80.2176437378,77497,77507,10
12.9946699142,80.2172164917,77507,77517,10
12.9951601028,80.2168884277,77517,77527,10
12.9958600998,80.2166290283,77527,77537,10
12.9965600967,80.2165298462,77537,77547,10
12.9970598221,80.2164764404,77547,77557,10
12.9973802567,80.2161865234,77557,77570,13
12.9975299835,80.2160797119,77570,77580,10
12.9978599548,80.2157974243,77580,77590,10
12.9983596802,80.2153778076,77590,77600,10
12.9989004135,80.2149200439,77600,77610,10
12.9992303848,80.2146530151,77610,77620,10
12.9996500015,80.2142791748,77620,77628,8
12.9999504089,80.214012146,77628,77640,12
13.0004997253,80.213508606,77640,77650,10
13.0010595322,80.2130584717,77650,77661,11
13.0016403198,80.2126083374,77661,77671,10
13.002240181,80.2122573853,77671,77681,10
13.0028495789,80.212097168,77681,77691,10
13.0035200119,80.212059021,77691,77701,10
13.0040197372,80.2120666504,77701,77711,10
13.004650116,80.2123336792,77711,77723,12
13.0054702759,80.2128295898,77723,77733,10
13.0062398911,80.2127838135,77733,77742,9
13.0069704056,80.2127609253,77742,77752,10
13.0077800751,80.2130432129,77752,77773,21
13.0077800751,80.2130432129,77773,77783,10
13.0079803467,80.213218689,77783,77793,10
13.0084896088,80.2134399414,77793,77802,9
13.0088701248,80.2139511108,77802,77813,11
13.0094299316,80.2147216797,77813,77823,10
13.0098495483,80.2152633667,77823,77833,10
13.0103397369,80.2158889771,77833,77843,10
13.010720253,80.2165908813,77843,77855,12
13.0110797882,80.2175064087,77855,77865,10
13.0114202499,80.2184295654,77865,77875,10
13.0117702484,80.2194137573,77875,77884,9
13.0120401382,80.2202682495,77884,77895,11
13.0123701096,80.221206665,77895,77905,10
13.0125999451,80.2216033936,77905,77915,10
13.013010025,80.2221298218,77915,77925,10
13.0135202408,80.2227478027,77925,77935,10
13.0140800476,80.223449707,77935,77945,10
13.0145301819,80.2239532471,77945,77956,11
13.0150899887,80.2246780396,77956,77966,10
13.0154695511,80.2249832153,77966,77976,10
13.0155296326,80.2250595093,77976,77986,10
13.0158004761,80.2253189087,77986,77996,10
13.016289711,80.2253875732,77996,78006,10
13.0169897079,80.2251586914,78006,78016,10
13.017829895,80.2248306274,78016,78026,10
13.018699646,80.2244720459,78026,78036,10
13.0194597244,80.2244186401,78036,78046,10
13.0200300217,80.2247695923,78046,78057,11
13.0206298828,80.2252120972,78057,78067,10
13.021030426,80.2255325317,78067,78077,10
13.0215396881,80.2259216309,78077,78087,10
13.0219602585,80.2262268066,78087,78097,10
13.0219802856,80.2262420654,78097,78107,10
13.0222196579,80.2264480591,78107,78117,10
13.0225601196,80.2267608643,78117,78127,10
13.0230503082,80.2272491455,78127,78137,10
13.023639679,80.2277832031,78137,78147,10
13.0241699219,80.2283325195,78147,78158,11
13.0246095657,80.2289428711,78158,78168,10
13.0249595642,80.2293930054,78168,78178,10
13.0254201889,80.2299728394,78178,78188,10
13.0257997513,80.2306289673,78188,78198,10
13.0259599686,80.2310791016,78198,78228,30
13.0259599686,80.2310791016,78228,78238,10
13.0259399414,80.2313995361,78238,78247,9
13.0262498856,80.2313766479,78247,78259,12
13.0270204544,80.2311706543,78259,78269,10
13.0277500153,80.2310028076,78269,78279,10
13.0283203125,80.2309265137,78279,78289,10
13.028459549,80.2309188843,78289,78299,10
13.0288896561,80.2308807373,78299,78309,10
13.0293998718,80.2308197021,78309,78319,10
13.0297698975,80.2307891846,78319,78329,10
13.0303602219,80.2307434082,78329,78339,10
13.0306100845,80.2307128906,78339,78349,10
13.03083992,80.2306900024,78349,78360,11
13.0314302444,80.2306518555,78360,78370,10
13.0321397781,80.2305831909,78370,78379,9
13.0328598022,80.2305221558,78379,78391,12
13.0337696075,80.2304611206,78391,78401,10
13.0340900421,80.2304229736,78401,78411,10
13.034620285,80.2303009033,78411,78472,61
13.034620285,80.2303009033,78472,78482,10
13.0349798203,80.2301483154,78482,78502,20
13.0349798203,80.2301483154,78502,78512,10
13.0350904465,80.2302703857,78512,78522,10
13.0349998474,80.2303924561,78522,78532,10
13.0346698761,80.2303771973,78532,78543,11
13.0342302322,80.2304763794,78543,78553,10
13.0338602066,80.23046875,78553,78562,9
13.0334196091,80.2304916382,78562,78572,10
13.0328903198,80.2305297852,78572,78584,12
13.032119751,80.2306213379,78584,78592,8
13.0315799713,80.230682373,78592,78604,12
13.0307998657,80.2307434082,78604,78614,10
13.0303401947,80.2307815552,78614,78623,9
13.0299396515,80.2308197021,78623,78634,11
13.0294504166,80.2308578491,78634,78644,10
13.0288200378,80.2309188843,78644,78655,11
13.0280704498,80.231010437,78655,78665,10
13.0276699066,80.2310791016,78665,78673,8
13.0276498795,80.2313537598,78673,78685,12
13.0277004242,80.2319335938,78685,78693,8
13.0277795792,80.2323532104,78693,78703,10
13.0277795792,80.2328491211,78703,78713,10
13.0272903442,80.2329330444,78713,78723,10
13.0269603729,80.2329711914,78723,78735,12
13.0266103745,80.2330322266,78735,78745,10
13.0263004303,80.2327728271,78745,78756,11
13.0261201859,80.2321624756,78756,78766,10
13.0259504318,80.2314910889,78766,78776,10
13.025759697,80.2307815552,78776,78786,10
13.0253601074,80.2300491333,78786,78796,10
13.0248804092,80.2294006348,78796,78806,10
13.0244197845,80.2287902832,78806,78816,10
13.0240802765,80.2282714844,78816,78826,10
13.0236101151,80.2277297974,78826,78836,10
13.0230302811,80.2272033691,78836,78846,10
13.0224399567,80.2266769409,78846,78857,11
13.0217399597,80.2260971069,78857,78867,10
13.0211296082,80.2256317139,78867,78877,10
13.0205001831,80.225189209,78877,78887,10
13.0198202133,80.2247314453,78887,78897,10
13.0190601349,80.2244415283,78897,78907,10
13.0182695389,80.2246932983,78907,78917,10
13.0175199509,80.2249984741,78917,78927,10
13.0167798996,80.2253189087,78927,78937,10
13.0162801743,80.2255172729,78937,78947,10
13.0158004761,80.2256698608,78947,78958,11
13.0152101517,80.2258987427,78958,78968,10
13.0145797729,80.2260818481,78968,78988,20
13.0145797729,80.2260818481,78988,78998,10
13.0143003464,80.2261886597,78998,79008,10
13.0141296387,80.2261428833,79008,79018,10
13.014169693,80.225982666,79018,79028,10
13.0141401291,80.2256774902,79028,79119,91
13.0141401291,80.2256774902,79119,79129,10
13.0142202377,80.2254333496,79129,79139,10
