13.0142402649,80.2254562378,13,7412,7399
13.0143203735,80.2254486084,7412,8320,908
13.0143404007,80.2253036499,8320,17146,8826
13.0143404007,80.2253799438,17146,18992,1846
13.0143404007,80.2253494263,18992,24227,5235
13.0143404007,80.2253494263,24227,24237,10
13.0143604279,80.2253799438,24237,24248,11
13.014289856,80.2257003784,24248,24258,10
13.0142202377,80.226020813,24258,24268,10
13.0142297745,80.2262268066,24268,24278,10
13.013999939,80.226348877,24278,24288,10
13.0134601593,80.2265472412,24288,24298,10
13.0127096176,80.2268371582,24298,24308,10
13.0119800568,80.2271194458,24308,24318,10
13.0112199783,80.2274017334,24318,24328,10
13.0103597641,80.2277526855,24328,24338,10
13.0096302032,80.2278213501,24338,24348,10
13.0096902847,80.2272567749,24348,24359,11
13.0100603104,80.2264480591,24359,24369,10
13.010430336,80.2256393433,24369,24378,9
13.0107698441,80.2248382568,24378,24389,11
13.0111999512,80.223777771,24389,24399,10
13.0115499496,80.2228088379,24399,24409,10
13.0119199753,80.2218017578,24409,24419,10
13.0121603012,80.2210617065,24419,24429,10
13.0120096207,80.2205123901,24429,24439,10
13.0116596222,80.2194671631,24439,24449,10
13.0113697052,80.2185287476,24449,24459,10
13.0109796524,80.2175598145,24459,24470,11
13.0106601715,80.216758728,24470,24480,10
13.0102901459,80.2161331177,24480,24490,10
13.009929657,80.2153778076,24490,24500,10
13.0094604492,80.2146911621,24500,24510,10
13.0089998245,80.2140731812,24510,24520,10
13.0085897446,80.2135696411,24520,24530,10
13.0081701279,80.2133178711,24530,24560,30
13.0081701279,80.2133178711,24560,24570,10
13.0080099106,80.2132415771,24570,24580,10
13.0076999664,80.2129898071,24580,24590,10
13.0070896149,80.2127914429,24590,24601,11
13.0062904358,80.2128219604,24601,24611,10
13.0056800842,80.2129516602,24611,24621,10
13.0050096512,80.2125396729,24621,24631,10
13.004119873,80.2121429443,24631,24641,10
13.0034399033,80.2120895386,24641,24651,10
13.0027198792,80.2121200562,24651,24661,10
13.0024900436,80.2121582031,24661,24671,10
13.002240181,80.212272644,24671,24681,10
13.0017595291,80.2125473022,24681,24691,10
13.001159668,80.2130203247,24691,24701,10
13.0005998611,80.2134933472,24701,24712,11
12.9999399185,80.2141036987,24712,24722,10
12.99958992,80.2144165039,24722,24732,10
12.9991798401,80.2147674561,24732,24742,10
12.9988698959,80.2150192261,24742,24752,10
12.9982995987,80.2154769897,24752,24762,10
12.9976701736,80.2160263062,24762,24772,10
12.9974899292,80.2162094116,24772,24782,10
12.9972696304,80.2164764404,24782,24792,10
12.9966897964,80.2165374756,24792,24802,10
12.9959402084,80.2166824341,24802,24812,10
12.9952096939,80.2169570923,24812,24823,11
12.9945201874,80.2174682617,24823,24833,10
12.9940595627,80.2177886963,24833,24843,10
12.9936103821,80.2181167603,24843,24853,10
12.9930295944,80.2185211182,24853,24863,10
12.9923601151,80.2190170288,24863,24873,10
12.9917402267,80.2194824219,24873,24883,10
12.9912004471,80.2198867798,24883,24893,10
12.9908399582,80.220161438,24893,24903,10
12.9906597137,80.2202987671,24903,24913,10
12.9901599884,80.2206726074,24913,24923,10
12.989569664,80.221321106,24923,24933,10
12.9890403748,80.2219696045,24933,24944,11
12.9883098602,80.2227172852,24944,24954,10
12.9875898361,80.2231216431,24954,24964,10
12.9868297577,80.2230072021,24964,24974,10
12.9862499237,80.2229766846,24974,24984,10
12.9856595993,80.2231063843,24984,24994,10
12.985250473,80.2232437134,24994,25004,10
12.984629631,80.2229766846,25004,25014,10
12.9840803146,80.2226486206,25014,25030,16
12.9832496643,80.2221908569,25030,25050,20
12.9832496643,80.2221908569,25050,25063,13
12.9830703735,80.2220687866,25063,25073,10
12.9827604294,80.2219467163,25073,25083,10
12.9823999405,80.2218170166,25083,25093,10
12.9821300507,80.2217483521,25093,25103,10
12.9816198349,80.2213668823,25103,25113,10
12.9809799194,80.2210998535,25113,25123,10
12.9801101685,80.2211227417,25123,25133,10
12.9793796539,80.2211608887,25133,25143,10
12.9786195755,80.2211608887,25143,25153,10
12.9778604507,80.2211685181,25153,25164,11
12.9770402908,80.2212219238,25164,25174,10
12.9762897491,80.2212524414,25174,25184,10
12.975689888,80.2210388184,25184,25204,20
12.975689888,80.2210388184,25204,25214,10
12.9756402969,80.220993042,25214,25224,10
12.9753198624,80.2207565308,25224,25234,10
12.974820137,80.2205276489,25234,25244,10
12.9737701416,80.2201004028,25244,25254,10
12.9727697372,80.2197036743,25254,25264,10
12.9718399048,80.2193832397,25264,25274,10
12.9711198807,80.2191925049,25274,25285,11
12.9710197449,80.2191696167,25285,25295,10
12.9707403183,80.2190093994,25295,25305,10
12.9702396393,80.2187576294,25305,25315,10
12.9695501328,80.2184906006,25315,25325,10
12.9687595367,80.2181777954,25325,25335,10
12.9679803848,80.2178726196,25335,25345,10
12.9671297073,80.2175369263,25345,25355,10
12.9661302567,80.2171325684,25355,25365,10
12.9651403427,80.2167282104,25365,25375,10
12.9642601013,80.2163772583,25375,25385,10
12.9636001587,80.2160873413,25385,25396,11
12.962770462,80.2156982422,25396,25406,10
12.9618396759,80.2153396606,25406,25416,10
12.9607896805,80.2149200439,25416,25426,10
12.9597702026,80.2145385742,25426,25436,10
12.9589195251,80.2141799927,25436,25446,10
12.9578695297,80.213760376,25446,25456,10
12.9569301605,80.2133865356,25456,25466,10
12.9558801651,80.2129669189,25466,25476,10
12.9548101425,80.2125701904,25476,25486,10
12.9538803101,80.2121963501,25486,25496,10
12.9527597427,80.2117385864,25496,25506,10
12.9516401291,80.2113037109,25506,25517,11
12.9504404068,80.2108306885,25517,25527,10
12.9494104385,80.2104263306,25527,25536,9
12.9485197067,80.2100906372,25536,25547,11
12.9473104477,80.209602356,25547,25557,10
12.9460296631,80.2090835571,25557,25567,10
12.9448204041,80.2086105347,25567,25577,10
12.9442596436,80.2084197998,25577,25587,10
12.9441795349,80.2083816528,25587,25597,10
12.9437303543,80.2081832886,25597,25607,10
12.9430503845,80.2077789307,25607,25617,10
12.942440033,80.2070388794,25617,25628,11
12.9414997101,80.2062835693,25628,25638,10
12.9410896301,80.2060699463,25638,25648,10
12.9408397675,80.2059402466,25648,25658,10
12.9403600693,80.2057723999,25658,25668,10
12.9397602081,80.2055892944,25668,25678,10
12.939040184,80.2053833008,25678,25688,10
12.9388399124,80.2052993774,25688,25698,10
12.9385404587,80.2052078247,25698,25708,10
12.9382600784,80.2051315308,25708,25718,10
12.9378404617,80.2050170898,25718,25728,10
12.9371595383,80.204826355,25728,25739,11
12.9361696243,80.2045516968,25739,25749,10
12.9353704453,80.2042694092,25749,25759,10
12.9348096848,80.2040405273,25759,25769,10
12.934419632,80.2039794922,25769,25779,10
12.9340600967,80.2039413452,25779,25789,10
12.9337596893,80.2039413452,25789,25799,10
12.9336500168,80.203918457,25799,25809,10
12.933259964,80.2038421631,25809,25819,10
12.9329395294,80.2036972046,25819,25829,10
12.932299614,80.2034835815,25829,25839,10
12.931429863,80.2031936646,25839,25849,10
12.9305400848,80.2029266357,25849,25860,11
12.9295597076,80.202796936,25860,25870,10
12.9294395447,80.2027816772,25870,25880,10
12.9289999008,80.2027130127,25880,25890,10
12.9285097122,80.2024230957,25890,25900,10
12.9284601212,80.2015686035,25900,25910,10
12.9284200668,80.2005310059,25910,25920,10
12.9282102585,80.1994476318,25920,25929,9
12.9278001785,80.1985778809,25929,25940,11
12.9269504547,80.197807312,25940,25950,10
12.9259996414,80.1975402832,25950,25960,10
12.9254903793,80.1975326538,25960,25971,11
12.9250898361,80.197517395,25971,25981,10
12.924369812,80.197517395,25981,25991,10
12.92345047,80.197479248,25991,26001,10
12.9226999283,80.1973800659,26001,26011,10
12.9221000671,80.1973266602,26011,26021,10
12.9219799042,80.1972885132,26021,26031,10
12.9215803146,80.1971588135,26031,26041,10
12.9211397171,80.1969985962,26041,26051,10
12.9205799103,80.1968002319,26051,26061,10
12.919839859,80.1965332031,26061,26071,10
12.9191999435,80.1961975098,26071,26081,10
12.9185600281,80.1956634521,26081,26092,11
12.9178695679,80.1950378418,26092,26102,10
12.9172000885,80.1943588257,26102,26112,10
12.9169902802,80.193862915,26112,26122,10
12.9170198441,80.1931304932,26122,26132,10
12.9171199799,80.1923522949,26132,26142,10
12.9172201157,80.1915588379,26142,26152,10
12.9172496796,80.1914367676,26152,26162,10
12.9172496796,80.1913986206,26162,26172,10
12.917309761,80.1910095215,26172,26182,10
12.9173698425,80.1903381348,26182,26192,10
12.917599678,80.189453125,26192,26203,11
12.9181804657,80.1885223389,26203,26213,10
12.9188899994,80.1877365112,26213,26222,9
12.9195899963,80.1869277954,26222,26232,10
12.9203195572,80.1861190796,26232,26243,11
12.9204702377,80.1848678589,26243,26253,10
12.9202203751,80.1837921143,26253,26262,9
12.920009613,80.1829223633,26262,26273,11
12.9199495316,80.1826782227,26273,26283,10
12.9199304581,80.1825790405,26283,26293,10
12.9198303223,80.1821212769,26293,26303,10
12.9196796417,80.181427002,26303,26313,10
12.919500351,80.1805419922,26313,26324,11
12.919210434,80.1794586182,26324,26334,10
12.9187097549,80.1787109375,26334,26344,10
12.9181900024,80.1778411865,26344,26354,10
12.9182701111,80.176902771,26354,26364,10
12.918299675,80.1767425537,26364,26374,10
12.918390274,80.176399231,26374,26384,10
12.9185304642,80.17578125,26384,26394,10
12.9187297821,80.174949646,26394,26404,10
12.9189596176,80.1739807129,26404,26414,10
12.9192399979,80.1729278564,26414,26424,10
12.9194602966,80.1721496582,26424,26435,11
12.9197101593,80.1713027954,26435,26445,10
12.9200000763,80.1703720093,26445,26455,10
12.9203596115,80.1692199707,26455,26465,10
12.9207296371,80.1680374146,26465,26475,10
12.9210596085,80.1670227051,26475,26485,10
12.9214496613,80.1658172607,26485,26495,10
12.9218597412,80.1645584106,26495,26505,10
12.9222002029,80.1634216309,26505,26515,10
12.9225702286,80.1623001099,26515,26525,10
12.9229001999,80.161239624,26525,26535,10
12.923119545,80.1604995728,26535,26546,11
12.9231395721,80.1604309082,26546,26556,10
12.9232301712,80.160118103,26556,26566,10
12.923330307,80.1594161987,26566,26576,10
12.9234199524,80.1584472656,26576,26586,10
12.9235200882,80.1574020386,26586,26596,10
12.9235801697,80.1566162109,26596,26606,10
12.9235897064,80.1557693481,26606,26616,10
12.9233598709,80.1550369263,26616,26626,10
12.9233398438,80.1549606323,26626,26636,10
12.9233398438,80.154838562,26636,26646,10
12.9232301712,80.1543884277,26646,26656,10
12.9230804443,80.1537017822,26656,26667,11
12.9228401184,80.1527633667,26667,26677,10
12.9226903915,80.1520233154,26677,26717,40
12.9226903915,80.1520233154,26717,26727,10
12.9226999283,80.1517868042,26727,26737,10
12.9226703644,80.1511993408,26737,26747,10
12.9226398468,80.1503219604,26747,26757,10
12.9226102829,80.1492919922,26757,26767,10
12.9225597382,80.1481781006,26767,26784,17
12.9225597382,80.1468200684,26784,26796,12
12.9225196838,80.1456680298,26796,26806,10
12.9224796295,80.1445236206,26806,26815,9
12.9224500656,80.1434402466,26815,26826,11
12.922419548,80.1426010132,26826,26836,10
12.9223899841,80.1419219971,26836,26844,8
12.922369957,80.1416168213,26844,26856,12
12.9223804474,80.1416091919,26856,26866,10
12.922369957,80.1411590576,26866,26876,10
12.9223604202,80.1404571533,26876,26886,10
12.922369957,80.1395797729,26886,26897,11
12.9224100113,80.1384887695,26897,26907,10
12.9224596024,80.1374206543,26907,26917,10
12.9225101471,80.1363983154,26917,26927,10
12.922539711,80.1354293823,26927,26937,10
12.922539711,80.1351013184,26937,26947,10
12.9225597382,80.1347427368,26947,26957,10
12.9225997925,80.1341171265,26957,26967,10
12.9226398468,80.1333312988,26967,26977,10
12.922659874,80.1325073242,26977,26987,10
12.9226799011,80.1316375732,26987,26997,10
12.9226799011,80.1312484741,26997,27008,11
12.9226999283,80.1311035156,27008,27018,10
12.9227399826,80.130569458,27018,27028,10
12.9227800369,80.1298065186,27028,27038,10
12.9228401184,80.1290664673,27038,27048,10
12.9228601456,80.1282577515,27048,27058,10
12.9228801727,80.1273498535,27058,27068,10
12.9229097366,80.1263809204,27068,27078,10
12.922949791,80.1254577637,27078,27088,10
12.9229898453,80.1245880127,27088,27098,10
12.9230203629,80.1235961914,27098,27108,10
12.9230699539,80.122467041,27108,27118,10
12.9231395721,80.1212921143,27118,27129,11
12.9231901169,80.1205215454,27129,27159,30
12.9231901169,80.1205215454,27159,27169,10
12.9232501984,80.1202316284,27169,27179,10
12.9232797623,80.119758606,27179,27189,10
12.9232797623,80.1190567017,27189,27199,10
12.9233503342,80.1182479858,27199,27209,10
12.92345047,80.1169891357,27209,27229,20
12.92345047,80.1169891357,27229,27240,11
12.92345047,80.1168365479,27240,27250,10
12.9236001968,80.1170120239,27250,27260,10
12.9235601425,80.117477417,27260,27270,10
12.9236097336,80.1179885864,27270,27280,10
12.9235095978,80.1187133789,27280,27290,10
12.9234199524,80.1195907593,27290,27300,10
12.9233503342,80.1201477051,27300,27310,10
12.923330307,80.1203079224,27310,27320,10
12.9232997894,80.1208190918,27320,27330,10
12.923330307,80.1211395264,27330,28057,727
12.923330307,80.1211395264,28057,28067,10
12.9232702255,80.1214981079,28067,28077,10
12.9232196808,80.1221008301,28077,28087,10
12.9231796265,80.1229095459,28087,28097,10
12.9231395721,80.1238479614,28097,28107,10
12.9230899811,80.1245803833,28107,28117,10
12.92304039,80.125541687,28117,28127,10
12.9229898453,80.1264190674,28127,28137,10
12.922949791,80.1273880005,28137,28147,10
12.9229097366,80.1280975342,28147,28157,10
12.9228601456,80.1288604736,28157,28168,11
12.9228096008,80.1298370361,28168,28178,10
12.9227800369,80.1306915283,28178,28188,10
12.9227600098,80.1312484741,28188,28198,10
12.9227399826,80.1317825317,28198,28208,10
12.9227199554,80.132522583,28208,28218,10
12.9226903915,80.1334228516,28218,28228,10
12.9226303101,80.1343994141,28228,28238,10
12.9225902557,80.1354293823,28238,28248,10
12.922539711,80.1365432739,28248,28258,10
12.9224901199,80.1376037598,28258,28268,10
12.9224596024,80.1382598877,28268,28279,11
12.922419548,80.1387863159,28279,28289,10
12.9224004745,80.139541626,28289,28299,10
12.922419548,80.14037323,28299,28309,10
12.9224395752,80.141242981,28309,28319,10
12.9224500656,80.1422195435,28319,28329,10
12.9225196838,80.1429367065,28329,28339,10
12.9225702286,80.1436004639,28339,28349,10
12.9225597382,80.143661499,28349,28359,10
12.9225597382,80.1437225342,28359,28369,10
12.9225502014,80.1442337036,28369,28379,10
12.9225702286,80.1451187134,28379,28389,10
12.9226102829,80.1462478638,28389,28400,11
12.9226303101,80.147277832,28400,28410,10
12.9226303101,80.1480407715,28410,28420,10
12.9226303101,80.1490097046,28420,28430,10
12.9226799011,80.150100708,28430,28440,10
12.9227199554,80.1510772705,28440,28450,10
12.9227600098,80.1518936157,28450,28460,10
12.9228696823,80.1526184082,28460,28470,10
12.9230804443,80.1534881592,28470,28480,10
12.9232597351,80.1541290283,28480,28490,10
12.9233903885,80.1546707153,28490,28500,10
12.9235200882,80.1550521851,28500,28511,11
12.9237003326,80.1558303833,28511,28521,10
12.9236898422,80.1568374634,28521,28531,10
12.9235696793,80.1579437256,28531,28541,10
12.9234800339,80.158996582,28541,28551,10
12.9233798981,80.1600723267,28551,28561,10
12.9233398438,80.1603622437,28561,28571,10
12.9232797623,80.1605072021,28571,28581,10
12.9230804443,80.1610565186,28581,28591,10
12.9228000641,80.1619033813,28591,28601,10
12.9225196838,80.1628036499,28601,28611,10
12.9222097397,80.1637496948,28611,28621,10
12.9218902588,80.1647262573,28621,28632,11
12.921500206,80.1659164429,28632,28642,10
12.9211397171,80.1669998169,28642,28652,10
12.9208202362,80.1680297852,28652,28662,10
12.9204797745,80.1690979004,28662,28672,10
12.9202299118,80.1699371338,28672,28682,10
12.9199800491,80.1708221436,28682,28692,10
12.9199695587,80.1708297729,28692,28702,10
12.9199199677,80.1709823608,28702,28712,10
12.9198102951,80.1712875366,28712,28722,10
12.9196996689,80.1716918945,28722,28732,10
12.9195098877,80.1723632813,28732,28743,11
12.9192304611,80.1733398438,28743,28753,10
12.9189596176,80.1744003296,28753,28763,10
12.9187297821,80.1754989624,28763,28773,10
12.9184799194,80.176399231,28773,28783,10
12.9183397293,80.1771392822,28783,28793,10
12.9183797836,80.1781921387,28793,28803,10
12.9190998077,80.1792068481,28803,28813,10
12.9195203781,80.1803588867,28813,28823,10
12.9197502136,80.1814193726,28823,28833,10
12.9199895859,80.182472229,28833,28843,10
12.9202604294,80.1836395264,28843,28853,10
12.9204797745,80.1846237183,28853,28864,11
12.9207000732,80.1853866577,28864,28874,10
12.92070961,80.1854934692,28874,28884,10
12.9207000732,80.1856002808,28884,28894,10
12.9206199646,80.1859207153,28894,28904,10
12.9201898575,80.1864318848,28904,28914,10
12.9196195602,80.1870803833,28914,28924,10
12.9191102982,80.1876831055,28924,28934,10
12.9190502167,80.1877670288,28934,28944,10
12.9188203812,80.1880111694,28944,28954,10
12.918390274,80.1884765625,28954,28964,10
12.9179496765,80.1890182495,28964,28975,11
12.9175701141,80.1899414063,28975,28985,10
12.9174203873,80.1909332275,28985,28995,10
12.9172897339,80.191947937,28995,29005,10
12.9171304703,80.1932525635,29005,29045,40
12.9171304703,80.1932525635,29045,29055,10
12.9170598984,80.1934127808,29055,29065,10
12.917090416,80.1937179565,29065,29075,10
12.9171895981,80.1941223145,29075,29085,10
12.9175596237,80.1946563721,29085,29096,11
12.918299675,80.1953277588,29096,29106,10
12.9190101624,80.1959762573,29106,29116,10
12.9196796417,80.1964111328,29116,29126,10
12.9205303192,80.1967163086,29126,29136,10
12.9209299088,80.1968307495,29136,29146,10
12.9210395813,80.1968688965,29146,29156,10
12.9215097427,80.1970596313,29156,29166,10
12.9223003387,80.1972808838,29166,29176,10
12.9233598709,80.1974105835,29176,29196,20
12.9233598709,80.1974105835,29196,29206,10
12.9237003326,80.1974563599,29206,29217,11
12.9244203568,80.197479248,29217,29227,10
12.925160408,80.197479248,29227,29237,10
12.9254302979,80.197479248,29237,29247,10
12.9259901047,80.1974868774,29247,29257,10
12.926659584,80.1976394653,29257,29267,10
12.9273996353,80.1980285645,29267,29277,10
12.9279699326,80.1987380981,29277,29287,10
12.9283504486,80.1995697021,29287,29297,10
12.9285202026,80.2005081177,29297,29307,10
12.9285497665,80.2014389038,29307,29317,10
12.9286003113,80.2023162842,29317,29328,11
12.9290599823,80.2026824951,29328,29338,10
12.9294700623,80.2027435303,29338,29348,10
12.9294996262,80.2027511597,29348,29358,10
12.9299201965,80.2028121948,29358,29368,10
12.9305400848,80.202911377,29368,29378,10
12.9313201904,80.2031173706,29378,29388,10
12.932100296,80.2033691406,29388,29398,10
12.9326000214,80.2035293579,29398,29408,10
12.932849884,80.2035980225,29408,29418,10
12.9331798553,80.2037277222,29418,29435,17
12.9340295792,80.2038803101,29435,29447,12
12.9340400696,80.2038803101,29447,29457,10
12.9343099594,80.2039108276,29457,29467,10
12.9350299835,80.2040405273,29467,29477,10
12.9356603622,80.2043075562,29477,29487,10
12.9362201691,80.204498291,29487,29496,9
12.9368200302,80.2046737671,29496,29505,9
12.9374599457,80.2048492432,29505,29516,11
12.9382600784,80.205078125,29516,29526,10
12.9391698837,80.2053604126,29526,29537,11
12.9398002625,80.2055435181,29537,29547,10
12.9400596619,80.2056121826,29547,29558,11
12.9402399063,80.205657959,29558,29568,10
12.9407100677,80.2058181763,29568,29578,10
12.9411697388,80.2060089111,29578,29588,10
12.9416799545,80.2063064575,29588,29598,10
12.9421796799,80.206703186,29598,29608,10
12.9426403046,80.2070999146,29608,29618,10
12.9428796768,80.2074203491,29618,29628,10
12.9429302216,80.2074966431,29628,29638,10
12.9429798126,80.2075500488,29638,29648,10
12.9431295395,80.2077713013,29648,29658,10
12.9432697296,80.207901001,29658,29668,10
12.9433898926,80.2079772949,29668,29679,11
12.9436397552,80.2080917358,29679,29689,10
12.9439001083,80.2081832886,29689,29699,10
12.9440498352,80.2082290649,29699,29709,10
12.9441795349,80.2082672119,29709,29719,10
12.9442501068,80.2083129883,29719,29729,10
12.9442901611,80.2083511353,29729,29739,10
12.9447002411,80.2085189819,29739,29749,10
12.9453802109,80.208770752,29749,29759,10
12.9462203979,80.2090988159,29759,29769,10
12.9470300674,80.2094192505,29769,29779,10
12.9477596283,80.2097091675,29779,29789,10
12.9484996796,80.2099914551,29789,29800,11
12.9494800568,80.2103805542,29800,29810,10
12.9505901337,80.2108230591,29810,29820,10
12.9517097473,80.2112503052,29820,29830,10
12.9528398514,80.2116775513,29830,29840,10
12.9537601471,80.2120513916,29840,29850,10
12.9548397064,80.2124862671,29850,29860,10
12.9559297562,80.2129211426,29860,29870,10
12.9568300247,80.2132415771,29870,29880,10
12.9578504562,80.2136688232,29880,29890,10
12.9588298798,80.2140579224,29890,29900,10
12.9592895508,80.2142181396,29900,29911,11
12.9600296021,80.2145462036,29911,29921,10
12.9608297348,80.2148666382,29921,29931,10
12.961689949,80.2152099609,29931,29941,10
12.9625902176,80.2155609131,29941,29951,10
12.9632396698,80.2158203125,29951,29961,10
12.9633302689,80.2158508301,29961,29971,10
12.963640213,80.2159805298,29971,29981,10
12.9641895294,80.2162094116,29981,29991,10
12.964969635,80.2165298462,29991,30001,10
12.9657897949,80.2168502808,30001,30011,10
12.9665203094,80.2171630859,30011,30021,10
12.9672403336,80.2174377441,30021,30032,11
12.9675998688,80.2175979614,30032,30042,10
12.9677600861,80.2176589966,30042,30052,10
12.9679498672,80.2177429199,30052,30062,10
12.9684495926,80.2179412842,30062,30072,10
12.9692401886,80.2182388306,30072,30082,10
12.970199585,80.2186203003,30082,30092,10
12.9710998535,80.2189331055,30092,30112,20
12.9710998535,80.2189331055,30112,30122,10
12.9712896347,80.2190170288,30122,30132,10
12.9718103409,80.2192382813,30132,30143,11
12.9723901749,80.2194824219,30143,30153,10
12.9730396271,80.2197418213,30153,30163,10
12.9738101959,80.2200469971,30163,30173,10
12.9752702713,80.2206268311,30173,30274,101
12.9752702713,80.2206268311,30274,30284,10
12.9754896164,80.2207183838,30284,30294,10
12.9757099152,80.2209396362,30294,30304,10
12.976099968,80.2212219238,30304,30334,30
12.976099968,80.2212219238,30334,30344,10
12.9764204025,80.2212371826,30344,30354,10
12.9766798019,80.2212371826,30354,30364,10
12.9771299362,80.2212371826,30364,30375,11
12.977640152,80.2211990356,30375,30385,10
12.9782800674,80.221206665,30385,30395,10
12.9789600372,80.2211380005,30395,30405,10
12.979640007,80.2211074829,30405,30415,10
12.9804401398,80.2210388184,30415,30425,10
12.9813098907,80.2211380005,30425,30435,10
12.9819803238,80.2215576172,30435,30445,10
12.9825296402,80.2218322754,30445,30455,10
12.9829902649,80.2219924927,30455,30465,10
12.9829998016,80.2220001221,30465,30475,10
12.9830703735,80.222038269,30475,30485,10
12.9833498001,80.2222213745,30485,30496,11
12.9835300446,80.2223587036,30496,30506,10
12.9837303162,80.2224884033,30506,30516,10
12.9841804504,80.2227325439,30516,30526,10
12.9847803116,80.2230987549,30526,30536,10
12.9853801727,80.2233123779,30536,30546,10
12.9858102798,80.2229995728,30546,30556,10
12.9865398407,80.2229614258,30556,30572,16
12.9874000549,80.2230834961,30572,30584,12
12.9878902435,80.2229995728,30584,30592,8
12.9883098602,80.2226791382,30592,30604,12
12.9889001846,80.2220916748,30604,30615,11
12.9894199371,80.2214736938,30615,30625,10
12.989859581,80.2209014893,30625,30635,10
12.99036026,80.2204437256,30635,30654,19
12.99036026,80.2204437256,30654,30665,11
12.9907197952,80.2201690674,30665,30675,10
12.9912204742,80.2197723389,30675,30685,10
12.9916696548,80.2194137573,30685,30695,10
12.9923095703,80.2189331055,30695,30705,10
12.9930801392,80.2183837891,30705,30715,10
12.9936599731,80.2179489136,30715,30736,21
12.9936599731,80.2179489136,30736,30746,10
12.9938402176,80.2178268433,30746,30765,19
12.9941797256,80.2175827026,30765,30777,12
12.9942998886,80.2174987793,30777,30787,10
12.9944000244,80.2174301147,30787,30796,9
12.9946298599,80.2172698975,30796,30807,11
12.9948797226,80.2171020508,30807,30817,10
12.995059967,80.2169799805,30817,30827,10
12.995470047,80.216758728,30827,30837,10
12.996049881,80.2165908813,30837,30848,11
12.9967899323,80.2164993286,30848,30858,10
12.9972200394,80.2164001465,30858,30868,10
12.9975404739,80.2161178589,30868,30878,10
12.9975595474,80.2161026001,30878,30888,10
12.9976100922,80.2160568237,30888,30898,10
12.9979496002,80.2157669067,30898,30908,10
12.9984397888,80.2153167725,30908,30918,10
12.9990196228,80.2148208618,30918,30928,10
12.9992799759,80.21459198,30928,30938,10
12.9997196198,80.2142181396,30938,30948,10
13.0000801086,80.2139129639,30948,30959,11
13.000749588,80.2133178711,30959,30969,10
13.0012998581,80.2128829956,30969,30979,10
13.0018796921,80.2124481201,30979,30989,10
13.0021800995,80.2122497559,30989,30999,10
13.0023002625,80.2122192383,30999,31009,10
13.0026302338,80.212097168,31009,31019,10
13.0031003952,80.2120513916,31019,31029,10
13.0036897659,80.212020874,31029,31039,10
13.0037403107,80.212020874,31039,31049,10
13.0037698746,80.2120437622,31049,31059,10
13.0041503906,80.212097168,31059,31069,10
13.0047197342,80.212348938,31069,31080,11
13.0055103302,80.2127990723,31080,31090,10
13.0062599182,80.2128067017,31090,31100,10
13.0070104599,80.2127532959,31100,31110,10
13.0075397491,80.2127990723,31110,31168,58
13.0078601837,80.2130432129,31168,31188,20
13.0078601837,80.2130432129,31188,31198,10
13.0081996918,80.2132720947,31198,31210,12
13.008769989,80.2136993408,31210,31220,10
13.0093002319,80.2144088745,31220,31230,10
13.0097198486,80.2150192261,31230,31239,9
13.0100803375,80.2155227661,31239,31250,11
13.01060009,80.2162094116,31250,31260,10
13.0108699799,80.2169494629,31260,31270,10
13.011179924,80.2176513672,31270,31280,10
13.0114202499,80.2183303833,31280,31290,10
13.0117197037,80.2191772461,31290,31300,10
13.0120401382,80.2201919556,31300,31311,11
13.0123100281,80.2211303711,31311,31321,10
13.0123996735,80.221496582,31321,31331,10
13.0126600266,80.2219390869,31331,31341,10
13.0130996704,80.2224731445,31341,31351,10
13.0136098862,80.2230300903,31351,31361,10
13.0141000748,80.2235870361,31361,31371,10
13.0145998001,80.2241973877,31371,31381,10
13.0150995255,80.2246780396,31381,31391,10
13.0153999329,80.2248764038,31391,31411,20
13.0153999329,80.2248764038,31411,31421,10
13.0156097412,80.2250366211,31421,31432,11
13.0161104202,80.2253265381,31432,31442,10
13.0169200897,80.2251815796,31442,31451,9
13.0177497864,80.2248382568,31451,31462,11
13.0187597275,80.2244415283,31462,31472,10
13.0197095871,80.2245025635,31472,31502,30
13.0197095871,80.2245025635,31502,31512,10
13.0197896957,80.2246170044,31512,31522,10
13.0201501846,80.2248687744,31522,31532,10
13.0207004547,80.2252731323,31532,31543,11
13.0213699341,80.2257766724,31543,31553,10
13.0219402313,80.2261505127,31553,31563,10
13.0219602585,80.2261734009,31563,31573,10
13.0221004486,80.2262802124,31573,31583,10
13.0224599838,80.2266311646,31583,31593,10
13.0229301453,80.2270431519,31593,31603,10
13.0235795975,80.2276229858,31603,31613,10
13.0241804123,80.2281799316,31613,31633,20
13.0241804123,80.2281799316,31633,31643,10
13.0243501663,80.2283935547,31643,31653,10
13.0245800018,80.2287368774,31653,31664,11
13.0247402191,80.2289886475,31664,31674,10
13.0250301361,80.2293701172,31674,31684,10
13.0254602432,80.2299423218,31684,31694,10
13.0257797241,80.2304077148,31694,31710,16
13.0257997513,80.2304611206,31710,31722,12
13.0259199142,80.2308273315,31722,31730,8
13.0260000229,80.2311477661,31730,31741,11
13.0262804031,80.2313308716,31741,31753,12
13.0272397995,80.2310714722,31753,31763,10
13.0280895233,80.2309494019,31763,31773,10
13.0288200378,80.2308807373,31773,31784,11
13.0292100906,80.2308273315,31784,31794,10
13.0296297073,80.2307815552,31794,31804,10
13.0302295685,80.2307434082,31804,31814,10
13.030500412,80.23072052,31814,31824,10
13.0309801102,80.230682373,31824,31834,10
13.0313796997,80.2306594849,31834,31844,10
13.0320196152,80.2305984497,31844,31854,10
13.0326595306,80.2305526733,31854,31864,10
13.0335702896,80.2304916382,31864,31874,10
13.0339899063,80.2304382324,31874,31905,31
13.0339899063,80.2304382324,31905,31915,10
13.0342302322,80.2303771973,31915,31925,10
13.0343198776,80.2303619385,31925,31935,10
13.0344495773,80.2303390503,31935,31945,10
13.034740448,80.2302627563,31945,31955,10
13.0349397659,80.2301635742,31955,31965,10
13.0349397659,80.2299880981,31965,31975,10
13.0347099304,80.2298965454,31975,33095,1120
13.0347099304,80.2298965454,33095,33105,10
13.0343999863,80.2298965454,33105,33478,373
13.0343999863,80.2298965454,33478,33488,10
13.0342197418,80.2298202515,33488,33498,10
13.0342102051,80.230140686,33498,33529,31
13.0342102051,80.230140686,33529,33539,10
13.0342102051,80.2303314209,33539,33549,10
13.0341396332,80.2304382324,33549,33559,10
13.0337095261,80.2304382324,33559,33569,10
13.0331697464,80.23046875,33569,33579,10
13.0327196121,80.2304992676,33579,33589,10
13.0322504044,80.2305603027,33589,33599,10
13.0311899185,80.2306594849,33599,33629,30
13.0311899185,80.2306594849,33629,33639,10
13.0309200287,80.2306671143,33639,33650,11
13.0305595398,80.2307128906,33650,33660,10
13.0300703049,80.2307815552,33660,33670,10
13.0296001434,80.2308273315,33670,33680,10
13.0290002823,80.2308883667,33680,33690,10
13.0283498764,80.2309494019,33690,33700,10
13.0278396606,80.2309875488,33700,33716,16
13.027759552,80.2316207886,33716,33728,12
13.0278396606,80.2321777344,33728,33810,82
13.0278396606,80.2321777344,33810,33820,10
13.0279197693,80.2323608398,33820,33830,10
13.0279302597,80.2326278687,33830,33840,10
13.0278196335,80.2328262329,33840,33850,10
13.0275602341,80.2328567505,33850,33860,10
13.0272502899,80.2329025269,33860,33870,10
13.0269002914,80.2329483032,33870,34012,142
13.0269002914,80.2329483032,34012,34022,10
13.0265102386,80.2329788208,34022,34032,10
13.0262899399,80.2326583862,34032,34042,10
13.0262804031,80.2325973511,34042,34052,10
13.0262899399,80.2325134277,34052,34062,10
13.026260376,80.2322769165,34062,34072,10
13.0261898041,80.2319564819,34072,34081,9
13.0260601044,80.2314987183,34081,34092,11
13.0258398056,80.23072052,34092,34102,10
13.0253400803,80.229927063,34102,34112,10
13.024939537,80.2294311523,34112,34123,11
13.0246400833,80.2290725708,34123,34163,40
13.0246400833,80.2290725708,34163,34173,10
13.0245704651,80.2289581299,34173,34183,10
13.0242996216,80.2286071777,34183,34193,10
13.0238704681,80.2280807495,34193,34203,10
13.0230998993,80.227432251,34203,34223,20
13.0230998993,80.227432251,34223,34232,9
13.0229501724,80.2273483276,34232,34244,12
13.0226697922,80.2270431519,34244,34254,10
13.0226202011,80.2269363403,34254,34264,10
13.0225496292,80.2268371582,34264,34274,10
13.0224599838,80.2267303467,34274,34284,10
13.022190094,80.2264633179,34284,34294,10
13.0217103958,80.22605896,34294,34304,10
13.0211801529,80.2256393433,34304,34314,10
13.0208597183,80.2254562378,34314,34324,10
13.0205202103,80.225227356,34324,34334,10
13.0200395584,80.2249069214,34334,34344,10
13.0192804337,80.2245483398,34344,34355,11
13.018119812,80.224822998,34355,34365,10
13.0170097351,80.2252731323,34365,34375,10
13.0161895752,80.2255783081,34375,34385,10
13.0153999329,80.2258605957,34385,34395,10
13.0146999359,80.2260971069,34395,34405,10
13.0141897202,80.2263565063,34405,34415,10
13.0139703751,80.2264404297,34415,34425,10
13.0135097504,80.2265777588,34425,34435,10
13.0127696991,80.2268066406,34435,34445,10
13.0118398666,80.2272033691,34445,34455,10
13.0107803345,80.2276229858,34455,34465,10
13.0097398758,80.227897644,34465,34476,11
13.0096998215,80.2272109985,34476,34486,10
13.0100803375,80.2263870239,34486,34496,10
13.0103998184,80.225692749,34496,34506,10
13.0104198456,80.2256469727,34506,34516,10
13.0105199814,80.225402832,34516,34526,10
13.010720253,80.2249832153,34526,34536,10
13.0108804703,80.2244796753,34536,34546,10
13.0111503601,80.2238235474,34546,34586,40
13.0111503601,80.2238235474,34586,34597,11
13.0112695694,80.2233734131,34597,34607,10
13.0114898682,80.2229003906,34607,34617,10
13.0116901398,80.2222366333,34617,34627,10
13.0119400024,80.221496582,34627,34637,10
13.0120601654,80.2212524414,34637,34647,10
13.0121603012,80.2208633423,34647,34657,10
13.0119695663,80.2201919556,34657,34667,10
13.0116901398,80.2193832397,34667,34677,10
13.0114297867,80.2185974121,34677,34687,10
13.0111103058,80.2177810669,34687,34696,9
13.0108003616,80.2170181274,34696,34708,12
13.0103998184,80.2161636353,34708,34718,10
13.0100898743,80.2156829834,34718,34728,10
13.0097999573,80.2151107788,34728,34738,10
13.0095396042,80.2147674561,34738,34748,10
13.0095100403,80.2147369385,34748,34758,10
13.0094604492,80.2146911621,34758,34768,10
13.0092601776,80.2144012451,34768,34778,10
13.0090103149,80.2140731812,34778,34788,10
13.0089597702,80.2140197754,34788,34798,10
13.0089197159,80.2139587402,34798,34808,10
13.008769989,80.2137908936,34808,34839,31
13.008769989,80.2137908936,34839,34849,10
13.0085897446,80.2136077881,34849,34909,60
13.0085897446,80.2136077881,34909,34919,10
13.0083198547,80.2133865356,34919,34990,71
13.0083198547,80.2133865356,34990,35000,10
13.0079097748,80.2131576538,35000,35020,20
13.0079097748,80.2131576538,35020,35030,10
13.0077800751,80.2130279541,35030,35040,10
13.007519722,80.2128677368,35040,35050,10
13.0070495605,80.2127685547,35050,35061,11
13.0065202713,80.2127380371,35061,35071,10
13.0060796738,80.2129592896,35071,35081,10
13.0054197311,80.2127304077,35081,35091,10
13.0047597885,80.212348938,35091,35101,10
13.0039196014,80.2120819092,35101,35111,10
13.0035495758,80.2120819092,35111,35121,10
13.0031099319,80.2120437622,35121,35131,10
13.0026903152,80.212097168,35131,35147,16
13.002240181,80.2122573853,35147,35159,12
13.0016899109,80.212677002,35159,35167,8
13.0011396408,80.2130966187,35167,35178,11
13.0003795624,80.213760376,35178,35189,11
12.9997901917,80.2142868042,35189,35200,11
12.9992303848,80.2147674561,35200,35212,12
12.9988698959,80.2150726318,35212,35222,10
12.998290062,80.2155303955,35222,35232,10
12.9976596832,80.2160720825,35232,35242,10
12.9975795746,80.2161712646,35242,35252,10
12.9974298477,80.2163391113,35252,35293,41
12.9974298477,80.2163391113,35293,35303,10
12.9972200394,80.2165985107,35303,35313,10
12.996919632,80.216583252,35313,35323,10
12.9963598251,80.2165908813,35323,35333,10
12.9955797195,80.2167892456,35333,35343,10
12.99518013,80.217010498,35343,35352,9
12.9950399399,80.2171096802,35352,35363,11
12.9946203232,80.2173995972,35363,35373,10
12.9941196442,80.2177581787,35373,35383,10
12.9937095642,80.2180786133,35383,35393,10
12.9930896759,80.2184906006,35393,35403,10
12.9925899506,80.2188568115,35403,35414,11
12.9918498993,80.2194137573,35414,35424,10
12.9913101196,80.2198028564,35424,35434,10
12.9908504486,80.220161438,35434,35444,10
12.9908399582,80.2201766968,35444,35454,10
12.9906797409,80.2202911377,35454,35464,10
12.9902601242,80.2206115723,35464,35474,10
12.9897003174,80.2211532593,35474,35484,10
12.9893302917,80.2216110229,35484,35494,10
12.9888401031,80.2222213745,35494,35504,10
12.9882297516,80.2228088379,35504,35514,10
12.9876804352,80.2230911255,35514,35524,10
12.9875802994,80.2230987549,35524,35535,11
12.9871196747,80.2230377197,35535,35545,10
12.9864997864,80.2229614258,35545,35555,10
12.9857797623,80.2230300903,35555,35565,10
12.9854698181,80.2233200073,35565,35575,10
12.9849996567,80.22315979,35575,35585,10
12.9844198227,80.2228775024,35585,35595,10
12.9838600159,80.2225494385,35595,35605,10
12.9832401276,80.2221679688,35605,35625,20
12.9832401276,80.2221679688,35625,35635,10
12.9830503464,80.222038269,35635,35646,11
12.982629776,80.2218475342,35646,35656,10
12.9821100235,80.2216873169,35656,35666,10
12.9815597534,80.2213287354,35666,35676,10
12.9808597565,80.2210617065,35676,35686,10
12.9799699783,80.2210998535,35686,35695,9
12.9791698456,80.2211380005,35695,35706,11
12.9784097672,80.2211685181,35706,35716,10
12.977519989,80.2211837769,35716,35725,9
12.9768695831,80.2212219238,35725,35735,10
12.9762601852,80.2212371826,35735,35746,11
12.9761400223,80.2212600708,35746,35756,10
12.9760398865,80.2212905884,35756,35767,11
12.9757003784,80.2210693359,35767,35797,30
12.9757003784,80.2210693359,35797,35807,10
12.9755601883,80.2209701538,35807,35817,10
12.9754199982,80.2208633423,35817,35827,10
12.9751796722,80.2207107544,35827,35837,10
12.9747200012,80.2204818726,35837,35847,10
12.9741697311,80.2202835083,35847,35857,10
12.9737701416,80.2201538086,35857,35867,10
12.9734201431,80.2200012207,35867,35878,11
12.972869873,80.2197494507,35878,35888,10
12.9721498489,80.2194595337,35888,35898,10
12.971039772,80.2191696167,35898,35918,20
12.971039772,80.2191696167,35918,35928,10
12.9708204269,80.219039917,35928,35938,10
12.9707202911,80.2189788818,35938,35948,10
12.9703798294,80.2188110352,35948,35958,10
12.969909668,80.2186203003,35958,35968,10
12.9694004059,80.218421936,35968,35978,10
12.9688501358,80.2182006836,35978,35988,10
12.9682598114,80.217956543,35988,35999,11
12.9674901962,80.2176513672,35999,36009,10
12.9665899277,80.2172927856,36009,36019,10
12.9655303955,80.2168731689,36019,36029,10
12.9645204544,80.2164611816,36029,36039,10
12.9637699127,80.2161331177,36039,36049,10
12.9632301331,80.2158889771,36049,36059,10
12.9627199173,80.2156906128,36059,36069,10
12.9617395401,80.2153015137,36069,36079,10
12.9607400894,80.2149124146,36079,36089,10
12.9596204758,80.2144622803,36089,36099,10
12.958439827,80.2139663696,36099,36109,10
12.9572601318,80.2135009766,36109,36120,11
12.9559803009,80.2129898071,36120,36130,10
12.9547996521,80.2125473022,36130,36140,10
12.9539203644,80.2121963501,36140,36150,10
12.9531698227,80.2118911743,36150,36160,10
12.9522600174,80.211517334,36160,36170,10
12.9511995316,80.2111206055,36170,36180,10
12.9500598907,80.2106781006,36180,36190,10
12.9490499496,80.2102813721,36190,36200,10
12.9480495453,80.2098770142,36200,36210,10
12.9468202591,80.2093963623,36210,36220,10
12.9455003738,80.2088775635,36220,36231,11
12.9444799423,80.208480835,36231,36241,10
12.944270134,80.2083969116,36241,36251,10
12.9442396164,80.2083969116,36251,36261,10
12.9439401627,80.2082519531,36261,36271,10
12.943400383,80.2080307007,36271,36281,10
12.9427995682,80.2074813843,36281,36291,10
12.9422197342,80.2068328857,36291,36301,10
12.9411201477,80.2060928345,36301,36321,20
12.9411201477,80.2060928345,36321,36331,10
12.9410400391,80.2060317993,36331,36341,10
12.9407901764,80.2059173584,36341,36352,11
12.9403495789,80.2057571411,36352,36362,10
12.9397201538,80.205581665,36362,36372,10
12.9389295578,80.2053222656,36372,36382,10
12.9383001328,80.205116272,36382,36398,16
12.9371900558,80.2048187256,36398,36410,12
12.9362697601,80.2045593262,36410,36419,9
12.9358701706,80.2044372559,36419,36430,11
12.9353103638,80.2042007446,36430,36440,10
12.9347000122,80.2040023804,36440,36450,10
12.9340896606,80.2039489746,36450,36460,10
12.9337396622,80.2039413452,36460,36471,11
12.9335899353,80.2039108276,36471,36480,9
12.9332399368,80.2038421631,36480,36491,11
12.9326200485,80.2035827637,36491,36502,11
12.9319801331,80.2033691406,36502,36512,10
12.9311199188,80.2030792236,36512,36522,10
12.9305496216,80.2029418945,36522,36532,10
12.9295797348,80.202796936,36532,36552,20
12.9295797348,80.202796936,36552,36562,10
12.9293603897,80.2027664185,36562,36572,10
12.9288301468,80.2026824951,36572,36583,11
12.9285001755,80.2021713257,36583,36593,10
12.9284696579,80.2017822266,36593,36603,10
12.9284601212,80.2015914917,36603,36613,10
12.928440094,80.2010803223,36613,36623,10
12.9284200668,80.200302124,36623,36633,10
12.9281997681,80.1994018555,36633,36643,10
12.9277496338,80.1984710693,36643,36653,10
12.92689991,80.1977615356,36653,36663,10
12.9259195328,80.197517395,36663,36673,10
12.9254302979,80.197517395,36673,36683,10
12.9250202179,80.1975021362,36683,36693,10
12.9243001938,80.1975021362,36693,36710,17
12.9227695465,80.1973724365,36710,36722,12
12.9219999313,80.1972808838,36722,36732,10
12.9219903946,80.1972732544,36732,36742,10
12.9218101501,80.1972122192,36742,36752,10
12.921620369,80.1971282959,36752,36761,9
12.9212198257,80.1969985962,36761,36772,11
12.9205598831,80.196762085,36772,36782,10
12.9199104309,80.1965179443,36782,36792,10
12.9192199707,80.196182251,36792,36802,10
12.9186000824,80.1956634521,36802,36813,11
12.9180002213,80.195098877,36813,36823,10
12.9172201157,80.1943283081,36823,36944,121
12.9172201157,80.1943283081,36944,36954,10
12.9170999527,80.1940689087,36954,36964,10
12.9169998169,80.1937026978,36964,36974,10
12.9170198441,80.1930236816,36974,36984,10
12.9170999527,80.1923294067,36984,36994,10
12.9172401428,80.1913299561,36994,37014,20
12.9172401428,80.1913299561,37014,37024,10
12.9172401428,80.1911697388,37024,37034,10
12.9173002243,80.1906585693,37034,37044,10
12.9173803329,80.1900024414,37044,37055,11
12.9176902771,80.1891174316,37055,37065,10
12.9182796478,80.1883621216,37065,37075,10
12.9188699722,80.1877212524,37075,37085,10
12.9195203781,80.18699646,37085,37095,10
12.92029953,80.1861114502,37095,37105,10
12.9205503464,80.1851272583,37105,37115,10
12.9203195572,80.1842422485,37115,37125,10
12.9201002121,80.1832427979,37125,37135,10
12.9199399948,80.1825637817,37135,37145,10
12.9199104309,80.1824874878,37145,37155,10
12.9198503494,80.1821975708,37155,37165,10
12.9197397232,80.1817779541,37165,37176,11
12.9196395874,80.1812820435,37176,37186,10
12.919500351,80.1805114746,37186,37196,10
12.9192800522,80.1795806885,37196,37206,10
12.9187202454,80.1786804199,37206,37216,10
12.9181804657,80.1777191162,37216,37226,10
12.9183597565,80.1765670776,37226,37236,10
12.9186401367,80.1753692627,37236,37246,10
12.9189395905,80.174118042,37246,37256,10
12.9192399979,80.1729507446,37256,37266,10
12.9195203781,80.1718978882,37266,37276,10
12.9197301865,80.1710662842,37276,37287,11
12.9197597504,80.1709365845,37287,37297,10
12.9199104309,80.1705474854,37297,37307,10
12.9201402664,80.1698532104,37307,37317,10
12.9204301834,80.1688995361,37317,37327,10
12.9207601547,80.1678466797,37327,37337,10
12.921090126,80.166847229,37337,37347,10
12.9215402603,80.1654815674,37347,37357,10
12.9218997955,80.1643600464,37357,37367,10
12.9221601486,80.1634902954,37367,37377,10
12.9224395752,80.162612915,37377,37387,10
12.9227304459,80.1617431641,37387,37397,10
12.9230203629,80.1607818604,37397,37408,11
12.9231004715,80.1604537964,37408,37418,10
12.9231595993,80.1602706909,37418,37428,10
12.9232797623,80.1596908569,37428,37438,10
12.9233999252,80.1587677002,37438,37448,10
12.9235200882,80.1575775146,37448,37458,10
12.923620224,80.1564102173,37458,37468,10
12.9235200882,80.1553497314,37468,37478,10
12.9233598709,80.1549301147,37478,37488,10
12.9233398438,80.1548919678,37488,37498,10
12.9232797623,80.1545410156,37498,37508,10
12.9231300354,80.1539001465,37508,37518,10
12.9229297638,80.1530380249,37518,37529,11
12.922750473,80.1522979736,37529,37539,10
12.9226799011,80.1517791748,37539,37549,10
12.9226503372,80.1509399414,37549,37559,10
12.9226303101,80.1500015259,37559,37569,10
12.9225902557,80.1490631104,37569,37579,10
12.9225597382,80.1481399536,37579,37589,10
12.922539711,80.1474304199,37589,37599,10
12.9225502014,80.1466827393,37599,37609,10
12.922539711,80.145866394,37609,37619,10
12.9224996567,80.1450195313,37619,37629,10
12.9224796295,80.1440582275,37629,37640,11
12.9224596024,80.143447876,37640,37670,30
12.9224596024,80.143447876,37670,37680,10
12.9224500656,80.1431503296,37680,37690,10
12.9224300385,80.1427536011,37690,37700,10
12.9224004745,80.1422424316,37700,37710,10
12.9223899841,80.1416778564,37710,37720,10
12.9223899841,80.1413803101,37720,37730,10
12.922369957,80.140838623,37730,37740,10
12.9223604202,80.1402206421,37740,37750,10
12.9223604202,80.1394195557,37750,37761,11
12.922369957,80.1386108398,37761,37771,10
12.9224300385,80.1378936768,37771,37781,10
12.9224596024,80.1370773315,37781,37791,10
12.9224996567,80.136177063,37791,37801,10
12.9225101471,80.1354217529,37801,37811,10
12.9225597382,80.1344299316,37811,37821,10
12.9225997925,80.1335067749,37821,37831,10
12.9226303101,80.1326980591,37831,37841,10
12.9226703644,80.1318206787,37841,37851,10
12.9227104187,80.130859375,37851,37861,10
12.9227399826,80.1300964355,37861,37872,11
12.9228000641,80.1291275024,37872,37882,10
12.9228401184,80.1282424927,37882,37892,10
12.9228696823,80.127456665,37892,37902,10
12.9228801727,80.1269683838,37902,37912,10
12.9229001999,80.1262435913,37912,37921,9
12.9229202271,80.1258010864,37921,37933,12
12.9229898453,80.1250534058,37933,37943,10
12.9230203629,80.124168396,37943,37953,10
12.9230298996,80.1231536865,37953,37963,10
12.9230899811,80.1219100952,37963,37973,10
12.9231796265,80.1204681396,37973,38004,31
12.9231796265,80.1204681396,38004,38014,10
12.9232301712,80.1200866699,38014,38024,10
12.9232797623,80.1193466187,38024,38034,10
12.9232797623,80.1188430786,38034,38044,10
12.9233398438,80.1182098389,38044,38054,10
12.92345047,80.1169586182,38054,38074,20
12.92345047,80.1169586182,38074,38084,10
12.9234600067,80.1167831421,38084,38094,10
12.9236001968,80.1169586182,38094,38105,11
12.9235601425,80.1174087524,38105,38115,10
12.9236698151,80.1177597046,38115,38125,10
12.9236402512,80.1180725098,38125,38135,10
12.9235496521,80.1187362671,38135,38145,10
12.9234399796,80.1195220947,38145,38155,10
12.9233903885,80.1201171875,38155,38165,10
12.9233598709,80.12059021,38165,38175,10
12.9233102798,80.1213226318,38175,38417,242
12.9233102798,80.1213226318,38417,38427,10
12.9232797623,80.1213378906,38427,38437,10
12.9232797623,80.121383667,38437,38447,10
12.9232597351,80.1215515137,38447,38458,11
12.9232196808,80.1221008301,38458,38468,10
12.9231595993,80.1228637695,38468,38478,10
12.923119545,80.1237869263,38478,38488,10
12.9230804443,80.1246109009,38488,38498,10
12.9230604172,80.1251983643,38498,38518,20
12.9230604172,80.1251983643,38518,38528,10
12.9230298996,80.1253967285,38528,38538,10
12.9229898453,80.1258773804,38538,38548,10
12.9229698181,80.1265487671,38548,38558,10
12.922949791,80.1271896362,38558,38568,10
12.9229297638,80.1276321411,38568,38579,11
12.9229001999,80.1281814575,38579,38589,10
12.9228601456,80.1288375854,38589,38599,10
12.9228096008,80.1296081543,38599,38609,10
12.9228000641,80.130241394,38609,38619,10
12.9228000641,80.1309814453,38619,38629,10
12.9228096008,80.1312408447,38629,38639,10
12.9228096008,80.1313018799,38639,38649,10
12.9227800369,80.1317520142,38649,38659,10
12.9227399826,80.1324768066,38659,38669,10
12.9226999283,80.1333236694,38669,38679,10
12.9226398468,80.1342926025,38679,38689,10
12.9226198196,80.1348419189,38689,38700,11
12.9226198196,80.1349411011,38700,38710,10
12.9225997925,80.135307312,38710,38720,10
12.9225797653,80.1359481812,38720,38730,10
12.922539711,80.1367874146,38730,38740,10
12.9224996567,80.1376190186,38740,38750,10
12.9224500656,80.1384887695,38750,38760,10
12.9224004745,80.1394500732,38760,38769,9
12.9224500656,80.1403274536,38769,38780,11
12.9224500656,80.1414031982,38780,38790,10
12.9224796295,80.1424026489,38790,38800,10
12.9225702286,80.1436309814,38800,38831,31
12.9225702286,80.1436309814,38831,38841,10
12.9225597382,80.1438980103,38841,38851,10
12.9225702286,80.1445083618,38851,38861,10
12.9225997925,80.1454620361,38861,38871,10
12.9226303101,80.1464996338,38871,38881,10
12.9226903915,80.147277832,38881,38891,10
12.9226903915,80.1473007202,38891,38901,10
12.9226799011,80.1476364136,38901,38911,10
12.922659874,80.1482620239,38911,38921,10
12.9226703644,80.1491775513,38921,38932,11
12.9227104187,80.1503372192,38932,38942,10
12.9227399826,80.1513824463,38942,38952,10
12.922829628,80.1523590088,38952,38962,10
12.9230699539,80.1533508301,38962,38972,10
12.9234304428,80.1546325684,38972,38992,20
12.9234304428,80.1546325684,38992,39002,10
12.9234199524,80.1546401978,39002,39012,10
12.923500061,80.1549835205,39012,39022,10
12.9236402512,80.1555328369,39022,39032,10
12.9237003326,80.1563415527,39032,39043,11
12.9236097336,80.1574478149,39043,39053,10
12.9234895706,80.1586380005,39053,39063,10
12.9233198166,80.1603393555,39063,39083,20
12.9233198166,80.1603393555,39083,39093,10
12.9231996536,80.1606826782,39093,39103,10
12.9229898453,80.1613388062,39103,39113,10
12.9226999283,80.1622085571,39113,39123,10
12.922539711,80.162689209,39123,39139,16
12.9221401215,80.1638793945,39139,39151,12
12.9217100143,80.1651763916,39151,39160,9
12.9213399887,80.1662979126,39160,39172,12
12.9209499359,80.1675796509,39172,39182,10
12.9207601547,80.1681594849,39182,39192,10
12.9204998016,80.1689300537,39192,39202,10
12.9202203751,80.1698532104,39202,39212,10
12.9199104309,80.1709823608,39212,39232,20
12.9199104309,80.1709823608,39232,39242,10
12.9198799133,80.1711196899,39242,39252,10
12.9198102951,80.1713027954,39252,39262,10
12.9197301865,80.1715316772,39262,39272,10
12.9195604324,80.1721191406,39272,39283,11
12.9193096161,80.1730270386,39283,39293,10
12.9190502167,80.1739883423,39293,39303,10
12.9187898636,80.1751098633,39303,39313,10
12.9184799194,80.1762313843,39313,39323,10
12.9183998108,80.1768035889,39323,39333,10
12.9183797836,80.1769714355,39333,39343,10
12.9182901382,80.1775436401,39343,39353,10
12.9185695648,80.1783828735,39353,39363,10
12.9191799164,80.1792602539,39363,39373,10
12.9195404053,80.1804428101,39373,39383,10
12.9198102951,80.1816711426,39383,39394,11
12.9200601578,80.1827316284,39394,39404,10
12.9202899933,80.1837234497,39404,39414,10
12.9204797745,80.1845703125,39414,39424,10
12.9206895828,80.1854476929,39424,39444,20
12.9206895828,80.1854476929,39444,39454,10
12.9206695557,80.1857376099,39454,39464,10
12.9203195572,80.1862411499,39464,39474,10
12.9197597504,80.1868972778,39474,39484,10
12.9192199707,80.1875,39484,39494,10
12.9187803268,80.18800354,39494,39504,10
12.9183301926,80.1885070801,39504,39515,11
12.9177799225,80.1892166138,39515,39525,10
12.9174995422,80.1901092529,39525,39535,10
12.9173698425,80.1910018921,39535,39545,10
12.9172496796,80.1919784546,39545,39555,10
12.9171800613,80.1925506592,39555,39565,10
12.9171304703,80.1931304932,39565,39605,40
12.9171304703,80.1931304932,39605,39615,10
12.917090416,80.1932678223,39615,39625,10
12.917090416,80.1932830811,39625,39636,11
12.9170598984,80.1935806274,39636,39646,10
12.9171695709,80.1941070557,39646,39656,10
12.9175195694,80.1946029663,39656,39666,10
12.9181203842,80.1951599121,39666,39675,9
12.9186897278,80.1956634521,39675,39706,31
12.9186897278,80.1956634521,39706,39716,10
12.9187803268,80.1957015991,39716,39726,10
12.9188995361,80.1958312988,39726,39736,10
12.9193201065,80.1961669922,39736,39746,10
12.9200496674,80.1965179443,39746,39757,11
12.9208803177,80.1968002319,39757,39767,10
12.921620369,80.1970672607,39767,39777,10
12.9224796295,80.1972808838,39777,39787,10
12.9233102798,80.1973800659,39787,39817,30
12.9233102798,80.1973800659,39817,39827,10
12.9236698151,80.1974411011,39827,39837,10
12.9241695404,80.1974716187,39837,39847,10
12.9251804352,80.1974563599,39847,39868,21
12.9251804352,80.1974563599,39868,39878,10
12.9255895615,80.1974411011,39878,39888,10
12.926199913,80.1974868774,39888,39898,10
12.9270200729,80.1977767944,39898,39908,10
12.927740097,80.1983566284,39908,39918,10
12.9280996323,80.1990127563,39918,39928,10
12.928440094,80.1999664307,39928,39938,10
12.9285202026,80.2009963989,39938,39948,10
12.928560257,80.2016830444,39948,39958,10
12.928560257,80.2018966675,39958,39968,10
12.9286003113,80.2023925781,39968,39978,10
12.9294099808,80.2026977539,39978,39999,21
12.9294099808,80.2026977539,39999,40009,10
12.9297103882,80.202796936,40009,40019,10
12.9302396774,80.2028579712,40019,40029,10
12.9308795929,80.2029724121,40029,40039,10
12.9317102432,80.2032165527,40039,40049,10
12.9324903488,80.2034912109,40049,40059,10
12.932970047,80.2036437988,40059,40069,10
12.9333200455,80.2037734985,40069,40079,10
12.9339895248,80.2038726807,40079,40099,20
12.9339895248,80.2038726807,40099,40110,11
12.9343595505,80.2039108276,40110,40120,10
12.9349603653,80.2040100098,40120,40130,10
12.9357004166,80.2043228149,40130,40140,10
12.9363803864,80.2045288086,40140,40150,10
12.9371995926,80.2047576904,40150,40160,10
12.9380397797,80.2050094604,40160,40170,10
12.9388799667,80.2052536011,40170,40180,10
12.9396800995,80.2054901123,40180,40190,10
12.9399795532,80.2055587769,40190,40200,10
12.940199852,80.2056427002,40200,40210,10
12.9407596588,80.2058181763,40210,40220,10
12.9415197372,80.2061767578,40220,40231,11
12.9423398972,80.2068099976,40231,40241,10
12.9428195953,80.2073135376,40241,40251,10
12.9432897568,80.2078933716,40251,40261,10
12.9443798065,80.2083435059,40261,40281,20
12.9443798065,80.2083435059,40281,40291,10
12.944560051,80.2084197998,40291,40301,10
12.9450397491,80.2086029053,40301,40311,10
12.9457302094,80.2088699341,40311,40321,10
12.9465303421,80.2091903687,40321,40331,10
12.947259903,80.2094802856,40331,40341,10
12.9479703903,80.2097625732,40341,40358,17
12.9493503571,80.2102890015,40358,40370,12
12.9507303238,80.2108383179,40370,40379,9
12.9518299103,80.2112731934,40379,40390,11
12.9530000687,80.2117080688,40390,40400,10
12.9539699554,80.2121200562,40400,40410,10
12.9550600052,80.212562561,40410,40420,10
12.9561395645,80.2129821777,40420,40430,10
12.9570102692,80.2133026123,40430,40440,10
12.9579296112,80.2136764526,40440,40450,10
12.9589195251,80.2140808105,40450,40461,11
12.9598398209,80.2144622803,40461,40472,11
12.9607095718,80.2147979736,40472,40482,10
12.9614896774,80.2151107788,40482,40491,9
12.962269783,80.215423584,40491,40502,11
12.9631204605,80.2157516479,40502,40512,10
12.9638996124,80.2160568237,40512,40522,10
12.964679718,80.2164230347,40522,40532,10
12.9655303955,80.2167510986,40532,40542,10
12.9662904739,80.2170562744,40542,40552,10
12.9670000076,80.2173309326,40552,40562,10
12.9677095413,80.2176208496,40562,40572,10
12.9684801102,80.217918396,40572,40583,11
12.9694700241,80.2182998657,40583,40593,10
12.9703998566,80.2186737061,40593,40603,10
12.9712400436,80.218963623,40603,40623,20
12.9712400436,80.218963623,40623,40633,10
12.9715003967,80.219078064,40633,40643,10
12.9720401764,80.219329834,40643,40653,10
12.972820282,80.2196578979,40653,40663,10
12.9736995697,80.2200088501,40663,40673,10
12.9743404388,80.2202606201,40673,40683,10
12.9748296738,80.2204818726,40683,40693,10
12.9751300812,80.2205886841,40693,40704,11
12.9754695892,80.220703125,40704,40714,10
12.9756298065,80.2208099365,40714,40724,10
12.9759197235,80.2210617065,40724,40754,30
12.9759197235,80.2210617065,40754,40764,10
12.976269722,80.221206665,40764,40774,10
12.9767799377,80.2212219238,40774,40784,10
12.9773101807,80.2211914063,40784,40794,10
12.9778900146,80.2211608887,40794,40804,10
12.9784698486,80.2211074829,40804,40815,11
12.9793996811,80.2210617065,40815,40825,10
12.980050087,80.2210388184,40825,40835,10
12.9806995392,80.2209701538,40835,40845,10
12.9813995361,80.2211532593,40845,40855,10
12.9818696976,80.2214813232,40855,40865,10
12.9824199677,80.2217636108,40865,40875,10
12.9828300476,80.2218704224,40875,40885,10
12.9829597473,80.2219314575,40885,40895,10
12.9830703735,80.2219924927,40895,40905,10
12.9831800461,80.2220687866,40905,40915,10
12.9833803177,80.2222137451,40915,40925,10
12.9835996628,80.2223510742,40925,40936,11
12.9841403961,80.2226715088,40936,40946,10
12.9848003387,80.2230834961,40946,40956,10
12.9853401184,80.2232589722,40956,40966,10
12.985619545,80.2230606079,40966,40976,10
12.9862203598,80.2229385376,40976,40986,10
12.9867897034,80.2229614258,40986,40996,10
12.9871501923,80.2230377197,40996,41006,10
12.9875402451,80.2230377197,41006,41016,10
12.9881801605,80.2227325439,41016,41026,10
12.9888401031,80.2221221924,41026,41036,10
12.9893302917,80.2215576172,41036,41047,11
12.9899702072,80.220741272,41047,41057,10
12.9904499054,80.2203216553,41057,41067,10
12.9904603958,80.2203216553,41067,41077,10
12.9907102585,80.2201538086,41077,41087,10
12.9911804199,80.2198028564,41087,41097,10
12.9915399551,80.2195205688,41097,41107,10
12.9920902252,80.2191162109,41107,41117,10
12.9928197861,80.2185974121,41117,41127,10
12.9936199188,80.2180175781,41127,41137,10
12.9943599701,80.2174987793,41137,41147,10
12.9950799942,80.2169876099,41147,41164,17
12.9962301254,80.216583252,41164,41176,12
12.9971199036,80.2164611816,41176,41186,10
12.997420311,80.2161865234,41186,41195,9
12.9975404739,80.2160873413,41195,41206,11
12.9976396561,80.2160110474,41206,41216,10
12.9979696274,80.215713501,41216,41226,10
12.9984903336,80.2152481079,41226,41236,10
12.9990596771,80.2147979736,41236,41246,10
12.9992799759,80.21459198,41246,41256,10
12.9997901917,80.2141494751,41256,41266,10
13.0002002716,80.2137832642,41266,41276,10
13.0008001328,80.2132568359,41276,41286,10
13.0014600754,80.2127609253,41286,41297,11
13.0019397736,80.2124099731,41297,41306,9
13.0024499893,80.2121505737,41306,41317,11
13.0031204224,80.2120513916,41317,41327,10
13.0036802292,80.2120132446,41327,41337,10
13.0038099289,80.2119827271,41337,41347,10
13.0041999817,80.212097168,41347,41357,10
13.0046701431,80.212310791,41357,41367,10
13.0050697327,80.2125167847,41367,41377,10
13.00578022,80.212852478,41377,41387,10
13.0064401627,80.212677002,41387,41398,11
13.0072603226,80.2127609253,41398,41408,10
13.0076999664,80.2128829956,41408,41418,10
13.0078601837,80.2130279541,41418,41438,20
13.0078601837,80.2130279541,41438,41448,10
13.0081796646,80.2132492065,41448,41458,10
13.0086803436,80.2136001587,41458,41468,10
13.00922966,80.2143325806,41468,41477,9
13.0096197128,80.2149276733,41477,41487,10
13.0099802017,80.2153701782,41487,41497,10
13.0104103088,80.2159423828,41497,41508,11
13.0107603073,80.2167205811,41508,41519,11
13.0110197067,80.217300415,41519,41529,10
13.0112895966,80.2180404663,41529,41539,10
13.0116596222,80.2190628052,41539,41549,10
13.0120000839,80.2201385498,41549,41558,9
13.0122995377,80.220916748,41558,41569,11
13.0123996735,80.2214126587,41569,41579,10
13.0126399994,80.2218017578,41579,41589,10
13.0129995346,80.2223205566,41589,41599,10
13.0134496689,80.2228164673,41599,41609,10
13.013999939,80.2234191895,41609,41619,10
13.0143404007,80.2238693237,41619,41629,10
13.0147895813,80.2242889404,41629,41640,11
13.0151195526,80.224647522,41640,41650,10
13.01541996,80.2248687744,41650,41660,10
13.01541996,80.2248764038,41660,41670,10
13.0156402588,80.2251205444,41670,41680,10
13.0161800385,80.2253494263,41680,41690,10
13.0170097351,80.2251434326,41690,41699,9
13.0178499222,80.2248001099,41699,41710,11
13.0188903809,80.2243881226,41710,41720,10
13.0197000504,80.2245025635,41720,41730,10
13.0202302933,80.2248687744,41730,41740,10
13.0207996368,80.2252807617,41740,41751,11
13.0212802887,80.225692749,41751,41761,10
13.022190094,80.226348877,41761,41781,20
13.022190094,80.226348877,41781,41791,10
13.0223798752,80.2265396118,41791,41801,10
13.0228395462,80.2269821167,41801,41811,10
13.0234804153,80.2275695801,41811,41821,10
13.0240602493,80.2281265259,41821,41831,10
13.0243301392,80.2284622192,41831,41872,41
13.0243301392,80.2284622192,41872,41882,10
13.024479866,80.2286605835,41882,41892,10
13.0247497559,80.2290115356,41892,41902,10
13.0249300003,80.2292633057,41902,41912,10
13.0252399445,80.229637146,41912,41922,10
13.0255203247,80.2300033569,41922,41938,16
13.0257997513,80.2304992676,41938,41950,12
13.0259599686,80.2309494019,41950,41958,8
13.0259799957,80.2312393188,41958,41970,12
13.0265102386,80.2312393188,41970,41980,10
13.0272598267,80.2310562134,41980,41990,10
13.0279598236,80.2309417725,41990,42001,11
13.0281496048,80.2308883667,42001,42011,10
13.0285100937,80.2308807373,42011,42021,10
13.0293102264,80.2308197021,42021,42061,40
13.0293102264,80.2308197021,42061,42071,10
13.029540062,80.2308273315,42071,42081,10
13.0299901962,80.2307891846,42081,42091,10
13.0305500031,80.2307281494,42091,42101,10
13.0311403275,80.230682373,42101,42112,11
13.0319499969,80.2305984497,42112,42122,10
13.032699585,80.2305374146,42122,42132,10
13.0334501266,80.2304916382,42132,42142,10
13.0338602066,80.2304611206,42142,42152,10
13.0341796875,80.2304229736,42152,42162,10
13.0343704224,80.2304229736,42162,42172,10
13.0347204208,80.2303237915,42172,42202,30
13.0347204208,80.2303237915,42202,42212,10
13.0348796844,80.2302627563,42212,42222,10
13.0347499847,80.2299880981,42222,43493,1271
13.0343799591,80.229927063,43493,43635,142
13.0341701508,80.2299804688,43635,43665,30
13.0341701508,80.2299804688,43665,43675,10
13.034239769,80.2300872803,43675,43685,10
13.0342197418,80.2301635742,43685,43695,10
13.0341396332,80.2303466797,43695,43705,10
13.0341396332,80.2303695679,43705,43715,10
13.0340995789,80.2304534912,43715,43725,10
13.0340204239,80.2304534912,43725,43735,10
13.0337600708,80.2304382324,43735,43745,10
13.0333795547,80.2304534912,43745,43756,11
13.0326795578,80.2305297852,43756,43766,10
13.0323400497,80.2306137085,43766,43776,10
13.031920433,80.2306289673,43776,43786,10
13.0313301086,80.2306594849,43786,43836,50
13.0313301086,80.2306594849,43836,43846,10
13.0312004089,80.2306976318,43846,43856,10
13.0308799744,80.23072052,43856,43866,10
13.0304603577,80.230758667,43866,43877,11
13.030090332,80.230796814,43877,43887,10
13.0298900604,80.2308425903,43887,43897,10
13.0297403336,80.2308578491,43897,43907,10
13.029299736,80.2309036255,43907,43917,10
13.0286397934,80.2309799194,43917,43927,10
13.027970314,80.2310409546,43927,43937,10
13.0278196335,80.2310409546,43937,43947,10
13.0276699066,80.2311019897,43947,43957,10
13.0276603699,80.2314987183,43957,43967,10
13.0277004242,80.2321014404,43967,43977,10
13.0275697708,80.2328414917,43977,44008,31
13.0275697708,80.2328414917,44008,44018,10
13.0274200439,80.2328872681,44018,44028,10
13.0270395279,80.2329483032,44028,44038,10
13.0268697739,80.2329711914,44038,44048,10
13.0264396667,80.2328720093,44048,44058,10
13.0262298584,80.2322769165,44058,44068,10
13.0260095596,80.2315597534,44068,44078,10
13.0257997513,80.2308502197,44078,44088,10
13.0254001617,80.2300567627,44088,44098,10
13.0248603821,80.2293395996,44098,44109,11
13.0244903564,80.2288589478,44109,44119,10
13.0241699219,80.2284622192,44119,44129,10
13.0238103867,80.2279891968,44129,44139,10
13.0231599808,80.2274627686,44139,44159,20
13.0231599808,80.2274627686,44159,44169,10
13.0228900909,80.2272872925,44169,44179,10
13.0226697922,80.2271194458,44179,44189,10
13.0225400925,80.2268600464,44189,44199,10
13.0221796036,80.2264785767,44199,44215,16
13.0212402344,80.225730896,44215,44228,13
13.0203800201,80.2251205444,44228,44238,10
13.019659996,80.2246398926,44238,44248,10
13.0187997818,80.2245483398,44248,44258,10
13.0178804398,80.224899292,44258,44267,9
13.0170602798,80.225227356,44267,44280,13
13.0164003372,80.2254867554,44280,44289,9
13.0160398483,80.2255783081,44289,44300,11
13.0153102875,80.2258529663,44300,44310,10
13.0144796371,80.2262496948,44310,44330,20
13.0144796371,80.2262496948,44330,44341,11
13.0142202377,80.2263412476,44341,44351,10
13.0136804581,80.2265167236,44351,44361,10
13.0129299164,80.2267837524,44361,44370,9
13.012260437,80.2270507813,44370,44381,11
13.0113697052,80.2273635864,44381,44391,10
13.0102796555,80.2277679443,44391,44401,10
13.0095500946,80.2277984619,44401,44411,10
13.0096302032,80.2273101807,44411,44421,10
13.0099201202,80.2266464233,44421,44431,10
13.0102901459,80.2258300781,44431,44441,10
13.0105199814,80.2253417969,44441,44451,10
13.0106496811,80.2250595093,44451,44462,11
13.0108995438,80.2243881226,44462,44472,10
13.0112400055,80.2235870361,44472,44482,10
13.0115804672,80.2227325439,44482,44492,10
13.011879921,80.2219161987,44492,44502,10
13.0121803284,80.2212371826,44502,44512,10
13.0120801926,80.2206573486,44512,44522,10
13.0118398666,80.2198867798,44522,44532,10
13.0115699768,80.2190933228,44532,44542,10
13.0112600327,80.2182312012,44542,44552,10
13.0109195709,80.217338562,44552,44562,10
13.0105199814,80.2164611816,44562,44573,11
13.0101003647,80.2157516479,44573,44583,10
13.0096797943,80.2150115967,44583,44593,10
13.0092201233,80.2144165039,44593,44603,10
13.0086803436,80.2136764526,44603,44613,10
13.0081300735,80.2133102417,44613,44623,10
13.0079803467,80.2132415771,44623,44633,10
13.0079097748,80.2132034302,44633,44643,10
13.0078802109,80.2131576538,44643,44653,10
13.0076398849,80.2129669189,44653,44663,10
13.0071802139,80.2128295898,44663,44673,10
13.0065002441,80.2127609253,44673,44683,10
13.0058298111,80.2129974365,44683,44694,11
13.0051002502,80.2125778198,44694,44704,10
13.0043897629,80.2122268677,44704,44714,10
13.0035800934,80.212097168,44714,44724,10
13.0027198792,80.2121200562,44724,44734,10
13.0019798279,80.2124023438,44734,44744,10
13.0016899109,80.2126617432,44744,44760,16
13.0013904572,80.2128829956,44760,44772,12
13.0009803772,80.2132034302,44772,44780,8
13.0006103516,80.2135009766,44780,44792,12
12.999879837,80.2141494751,44792,44802,10
12.9994897842,80.2145080566,44802,44813,11
12.9991102219,80.2148132324,44813,44823,10
12.9987096786,80.2151412964,44823,44833,10
12.9981098175,80.2155838013,44833,44843,10
12.9975500107,80.2161178589,44843,44852,9
12.997209549,80.216468811,44852,44863,11
12.9966001511,80.2165374756,44863,44873,10
12.9957304001,80.2166976929,44873,44883,10
12.995059967,80.2170181274,44883,44893,10
12.9945297241,80.2174224854,44893,44903,10
12.9941396713,80.2177276611,44903,44913,10
12.9937000275,80.2180480957,44913,44923,10
12.9930896759,80.2184371948,44923,44934,11
12.9924097061,80.2189712524,44934,44944,10
12.9918203354,80.2194290161,44944,44953,9
12.9912996292,80.2198104858,44953,44963,10
12.9908399582,80.2201690674,44963,44974,11
12.9908304214,80.2201766968,44974,44984,10
12.9907302856,80.2202529907,44984,44994,10
12.9903402328,80.2205429077,44994,45004,10
12.9897499084,80.2210998535,45004,45014,10
12.9891395569,80.2218017578,45014,45024,10
12.988650322,80.2223434448,45024,45034,10
12.9881401062,80.2228164673,45034,45045,11
12.9876003265,80.2230834961,45045,45055,10
12.9871797562,80.2230529785,45055,45065,10
12.9868402481,80.2229995728,45065,45075,10
12.9862604141,80.2229614258,45075,45085,10
12.9856004715,80.2231521606,45085,45095,10
12.9854402542,80.2232971191,45095,45105,10
12.9849500656,80.2231521606,45105,45115,10
12.9842700958,80.2227783203,45115,45125,10
12.9837503433,80.2224884033,45125,45135,10
12.9834098816,80.2223205566,45135,45145,10
12.9832897186,80.2222518921,45145,45155,10
12.9831399918,80.2221298218,45155,45166,11
12.983039856,80.222076416,45166,45176,10
12.9828996658,80.2219924927,45176,45186,10
12.9828996658,80.2219772339,45186,45196,10
12.982629776,80.2218933105,45196,45206,10
12.9823799133,80.2218017578,45206,45216,10
12.9821796417,80.2217178345,45216,45226,10
12.9819402695,80.2215805054,45226,45236,10
12.9813604355,80.2212524414,45236,45246,10
12.9806003571,80.2211227417,45246,45256,10
12.9797401428,80.2211532593,45256,45266,10
12.979180336,80.2211685181,45266,45276,10
12.9784202576,80.2211608887,45276,45287,11
12.9775695801,80.2211837769,45287,45297,10
12.9767799377,80.2212295532,45297,45306,9
12.9762001038,80.2212905884,45306,45317,11
12.9757204056,80.2211227417,45317,45347,30
12.9757204056,80.2211227417,45347,45357,10
12.9755401611,80.2208709717,45357,45367,10
12.9750099182,80.2205810547,45367,45377,10
12.9741802216,80.2202377319,45377,45387,10
12.9732398987,80.2198791504,45387,45398,11
12.9720697403,80.2194290161,45398,45408,10
12.9712600708,80.2192306519,45408,45418,10
12.9710302353,80.2191619873,45418,45428,10
12.9708404541,80.2190704346,45428,45438,10
12.9703903198,80.2188186646,45438,45448,10
12.9698600769,80.2186203003,45448,45458,10
12.9692296982,80.2183609009,45458,45468,10
12.9685096741,80.2180786133,45468,45478,10
12.9677696228,80.2177886963,45478,45488,10
12.9669704437,80.2174682617,45488,45498,10
12.9660797119,80.2171096802,45498,45508,10
12.965089798,80.2167129517,45508,45519,11
12.9640598297,80.216293335,45519,45529,10
12.9633798599,80.2159729004,45529,45539,10
12.9627399445,80.2156982422,45539,45549,10
12.9619503021,80.2153930664,45549,45559,10
12.9610500336,80.2150421143,45559,45569,10
12.9600801468,80.2146606445,45569,45579,10
12.9591503143,80.214302063,45579,45589,10
12.9581098557,80.2138824463,45589,45599,10
12.9572296143,80.2135314941,45599,45609,10
12.9565200806,80.2132263184,45609,45619,10
12.955619812,80.2128829956,45619,45629,10
12.9544897079,80.2124633789,45629,45640,11
12.9531497955,80.2119216919,45640,45650,10
12.9518699646,80.2114181519,45650,45660,10
12.9505796432,80.2109222412,45660,45670,10
12.9493904114,80.2104415894,45670,45680,10
12.9483299255,80.2100296021,45680,45690,10
12.9471302032,80.2095489502,45690,45700,10
12.9458398819,80.2090377808,45700,45710,10
12.9447603226,80.2086105347,45710,45720,10
12.944270134,80.2084274292,45720,45740,20
12.944270134,80.2084274292,45740,45751,11
12.9440097809,80.2083206177,45751,45761,10
12.9436798096,80.2081604004,45761,45771,10
12.943110466,80.207862854,45771,45781,10
12.942609787,80.2072296143,45781,45791,10
12.9419403076,80.2066116333,45791,45801,10
12.9411897659,80.2061004639,45801,45811,10
12.941069603,80.2060623169,45811,45821,10
12.9409198761,80.2059783936,45821,45831,10
12.9404096603,80.2057876587,45831,45841,10
12.9396495819,80.2055587769,45841,45851,10
12.9387998581,80.2052993774,45851,45861,10
12.9381103516,80.2050933838,45861,45872,11
12.9372797012,80.2048721313,45872,45882,10
12.9363603592,80.2045898438,45882,45892,10
12.9354801178,80.2043075562,45892,45902,10
12.9347000122,80.2040328979,45902,45912,10
12.9337701797,80.2039718628,45912,45932,20
12.9337701797,80.2039718628,45932,45942,10
12.933719635,80.2039794922,45942,45952,10
12.9333400726,80.2039031982,45952,45962,10
12.9328603745,80.2036972046,45962,45972,10
12.9322299957,80.2034683228,45972,45982,10
12.9314002991,80.2032012939,45982,45993,11
12.9304199219,80.2029266357,45993,46003,10
12.9295701981,80.2028121948,46003,46023,20
12.9295701981,80.2028121948,46023,46033,10
12.9293804169,80.2027816772,46033,46043,10
12.9288902283,80.2026901245,46043,46053,10
12.9285097122,80.2023468018,46053,46063,10
12.9284601212,80.2015228271,46063,46073,10
12.9284200668,80.2005233765,46073,46083,10
12.9281902313,80.199432373,46083,46093,10
12.9276695251,80.1984176636,46093,46104,11
12.9267196655,80.1977233887,46104,46114,10
12.9259500504,80.1975479126,46114,46124,10
12.9255199432,80.1975479126,46124,46134,10
12.9252099991,80.1975479126,46134,46144,10
12.9246101379,80.1975326538,46144,46154,10
12.9237804413,80.1975021362,46154,46164,10
12.9228496552,80.1973876953,46164,46174,10
12.9221096039,80.1973190308,46174,46184,10
12.9220304489,80.197303772,46184,46200,16
12.9214096069,80.1970825195,46200,46212,12
12.920630455,80.1968002319,46212,46222,10
12.9198198318,80.1965179443,46222,46233,11
12.9190998077,80.1961212158,46233,46243,10
12.9187803268,80.1958389282,46243,46253,10
12.9186096191,80.1956787109,46253,46263,10
12.9181995392,80.1952972412,46263,46273,10
12.9175796509,80.1947479248,46273,46283,10
12.9171695709,80.1942977905,46283,46293,10
12.9171199799,80.194190979,46293,46303,10
12.9170198441,80.1937866211,46303,46313,10
12.9170303345,80.1932067871,46313,46324,11
12.9171304703,80.1924972534,46324,46334,10
12.9172697067,80.1913604736,46334,46355,21
12.9172697067,80.1913604736,46355,46365,10
12.9172801971,80.1913070679,46365,46375,10
12.9173402786,80.1909408569,46375,46385,10
12.9173698425,80.1905136108,46385,46395,10
12.9174404144,80.1901397705,46395,46405,10
12.9176197052,80.189491272,46405,46415,10
12.9180603027,80.1886978149,46415,46425,10
12.9186897278,80.1879730225,46425,46435,10
12.9193201065,80.18724823,46435,46445,10
12.9201097488,80.1863632202,46445,46455,10
12.9205799103,80.1853866577,46455,46466,11
12.9203300476,80.1843338013,46466,46476,10
12.9201602936,80.18359375,46476,46486,10
12.9198999405,80.1825332642,46486,46506,20
12.9198999405,80.1825332642,46506,46516,10
12.9198198318,80.182182312,46516,46526,10
12.9196901321,80.1815490723,46526,46536,10
12.9195098877,80.1807098389,46536,46546,10
12.9193096161,80.1797180176,46546,46556,10
12.9187002182,80.1787185669,46556,46566,10
12.9181604385,80.1776428223,46566,46577,11
12.9183998108,80.1763000488,46577,46587,10
12.9187002182,80.1751174927,46587,46597,10
12.9189996719,80.1738510132,46597,46607,10
12.9193201065,80.1726379395,46607,46617,10
12.9195899963,80.17162323,46617,46627,10
12.9197502136,80.1710205078,46627,46637,10
12.9197797775,80.1709289551,46637,46647,10
12.9198303223,80.1708221436,46647,46657,10
12.919960022,80.170463562,46657,46667,10
12.920249939,80.1695327759,46667,46677,10
12.9205598831,80.1685409546,46677,46687,10
12.9209299088,80.1673812866,46687,46698,11
12.9213895798,80.165977478,46698,46708,10
12.9217700958,80.1647262573,46708,46718,10
12.9221096039,80.1636428833,46718,46728,10
12.9224700928,80.1625137329,46728,46738,10
12.9228496552,80.1613464355,46738,46748,10
12.9230604172,80.1605682373,46748,46758,10
12.9230804443,80.1604995728,46758,46768,10
12.9231004715,80.1604690552,46768,46778,10
12.9231700897,80.1602630615,46778,46788,10
12.9232997894,80.1597671509,46788,46797,9
12.9233798981,80.1590194702,46797,46808,11
12.923500061,80.1578369141,46808,46819,11
12.923620224,80.1564483643,46819,46829,10
12.9233798981,80.1550064087,46829,46849,20
12.9233798981,80.1550064087,46849,46859,10
12.9233102798,80.1547470093,46859,46869,10
12.9231796265,80.1542205811,46869,46879,10
12.92304039,80.1536026001,46879,46889,10
12.9228601456,80.1528701782,46889,46899,10
12.9226799011,80.1522521973,46899,46909,10
12.9226198196,80.151802063,46909,46919,10
12.9225997925,80.1511993408,46919,46930,11
12.9225797653,80.1502380371,46930,46940,10
12.9225797653,80.1495513916,46940,46950,10
12.9225301743,80.1486816406,46950,46960,10
12.922539711,80.147857666,46960,46970,10
12.9224996567,80.1470794678,46970,46980,10
12.9225101471,80.1469192505,46980,46989,9
12.9225196838,80.1468582153,46989,47000,11
12.9225196838,80.1463470459,47000,47009,9
12.9225101471,80.1457138062,47009,47019,10
12.9224996567,80.144859314,47019,47030,11
12.9224596024,80.1434783936,47030,47051,21
12.9224596024,80.1434783936,47051,47061,10
12.9224395752,80.1431274414,47061,47071,10
12.9224395752,80.1426315308,47071,47081,10
12.922419548,80.142036438,47081,47091,10
12.9223804474,80.1415328979,47091,47101,10
12.922369957,80.1414794922,47101,47111,10
12.9223604202,80.1413803101,47111,47121,10
12.9223604202,80.1409072876,47121,47131,10
12.9223604202,80.1403121948,47131,47141,10
12.9223499298,80.1396179199,47141,47151,10
12.9223604202,80.1387634277,47151,47161,10
12.922419548,80.1380004883,47161,47172,11
12.9224500656,80.1372375488,47172,47182,10
12.9224996567,80.1364822388,47182,47192,10
12.9225196838,80.135559082,47192,47202,10
12.9225502014,80.1346969604,47202,47212,10
12.9226102829,80.1338119507,47212,47222,10
12.9226398468,80.1328201294,47222,47232,10
12.9226799011,80.1312026978,47232,47262,30
12.9226799011,80.1312026978,47262,47272,10
12.9226999283,80.1309432983,47272,47283,11
12.922750473,80.1302566528,47283,47293,10
12.9228000641,80.1295013428,47293,47303,10
12.9228601456,80.1287994385,47303,47313,10
12.9228696823,80.1281204224,47313,47323,10
12.9229001999,80.1272506714,47323,47333,10
12.9229202271,80.1262435913,47333,47343,10
12.9229602814,80.1251831055,47343,47353,10
12.9230098724,80.1239776611,47353,47363,10
12.9230604172,80.1227264404,47363,47373,10
12.923119545,80.1214981079,47373,47383,10
12.9231595993,80.1205368042,47383,47404,21
12.9231901169,80.1204376221,47404,47434,30
12.9231901169,80.1204376221,47434,47444,10
12.9232597351,80.1201019287,47444,47454,10
12.9232997894,80.1194381714,47454,47464,10
12.9232997894,80.1188430786,47464,47474,10
12.9233598709,80.1182022095,47474,47484,10
12.9234600067,80.1174163818,47484,47494,10
12.9234600067,80.1170501709,47494,47504,10
12.92345047,80.1170501709,47504,47514,10
12.9234399796,80.1169128418,47514,47525,11
12.9234800339,80.1167984009,47525,47535,10
12.9235696793,80.1169967651,47535,47545,10
12.9235200882,80.117401123,47545,47555,10
12.923620224,80.1177597046,47555,47565,10
12.9236097336,80.1179199219,47565,47575,10
12.9235496521,80.1181411743,47575,47585,10
12.923500061,80.1187362671,47585,47595,10
12.9233798981,80.1196136475,47595,47605,10
12.9232902527,80.1204376221,47605,47615,10
12.9232501984,80.1211013794,47615,47635,20
12.9232501984,80.1211013794,47635,47646,11
12.9232797623,80.1213531494,47646,47817,171
12.9232797623,80.1213531494,47817,47827,10
12.9232301712,80.12159729,47827,47837,10
12.9232196808,80.1219787598,47837,47847,10
12.9231901169,80.1224975586,47847,47857,10
12.9231796265,80.1232528687,47857,47867,10
12.9231796265,80.1239471436,47867,47878,11
12.9231796265,80.1240386963,47878,47888,10
12.9231700897,80.124168396,47888,47898,10
12.9231004715,80.124786377,47898,47908,10
12.9230298996,80.1256713867,47908,47918,10
12.9229803085,80.1262969971,47918,47928,10
12.9229698181,80.127166748,47928,47938,10
12.9229297638,80.1278686523,47938,47948,10
12.9228897095,80.1281967163,47948,47958,10
12.9228401184,80.1287078857,47958,47968,10
12.9228000641,80.1293411255,47968,47978,10
12.9227600098,80.1299972534,47978,47988,10
12.922750473,80.1304702759,47988,47999,11
12.9227695465,80.1309814453,47999,48009,10
12.9227800369,80.1311798096,48009,48019,10
12.9227695465,80.1313171387,48019,48029,10
12.9227399826,80.1318283081,48029,48039,10
12.9227199554,80.1325912476,48039,48049,10
12.9226799011,80.1333465576,48049,48059,10
12.9226398468,80.1341323853,48059,48069,10
12.9226102829,80.1347503662,48069,48078,9
12.9225997925,80.1348876953,48078,48089,11
12.9225997925,80.1351699829,48089,48099,10
12.9225702286,80.1356811523,48099,48110,11
12.922539711,80.1365509033,48110,48120,10
12.9224996567,80.1373977661,48120,48130,10
12.9224500656,80.1383514404,48130,48139,9
12.9223804474,80.1390304565,48139,48150,11
12.9223804474,80.1401367188,48150,48159,9
12.9224004745,80.1412277222,48159,48170,11
12.9224395752,80.1424179077,48170,48180,10
12.9224901199,80.1431121826,48180,48190,10
12.9225196838,80.1436309814,48190,48210,20
12.9225196838,80.1436309814,48210,48220,10
12.9225101471,80.1437606812,48220,48231,11
12.9224996567,80.1443405151,48231,48241,10
12.9225196838,80.1452331543,48241,48251,10
12.9225597382,80.1463470459,48251,48261,10
12.9225997925,80.1473617554,48261,48271,10
12.9225902557,80.1480484009,48271,48281,10
12.9225902557,80.148979187,48281,48291,10
12.9226398468,80.1501235962,48291,48301,10
12.9226799011,80.1512832642,48301,48311,10
12.9227399826,80.1522293091,48311,48321,10
12.9230003357,80.1532974243,48321,48331,10
12.9232997894,80.1543273926,48331,48348,17
12.9233798981,80.1546020508,48348,48360,12
12.9234399796,80.1548614502,48360,48370,10
12.9235401154,80.1553497314,48370,48380,10
12.9236803055,80.1561279297,48380,48390,10
12.9236001968,80.1571426392,48390,48400,10
12.9234895706,80.1583023071,48400,48410,10
12.9233903885,80.1593933105,48410,48420,10
12.9232997894,80.1603164673,48420,48430,10
12.9232702255,80.1604309082,48430,48439,9
12.9232301712,80.1605377197,48439,48449,10
12.9230604172,80.1610412598,48449,48460,11
12.9227695465,80.1619110107,48460,48471,11
12.9224004745,80.1630172729,48471,48481,10
12.9220304489,80.1641921997,48481,48491,10
12.9216499329,80.1653594971,48491,48501,10
12.9212503433,80.1665878296,48501,48511,10
12.9208803177,80.1677627563,48511,48521,10
12.9205703735,80.1687164307,48521,48531,10
12.9203195572,80.1695404053,48531,48541,10
12.9200000763,80.1706619263,48541,48551,10
12.9199399948,80.1708984375,48551,48561,10
12.9199199677,80.1709594727,48561,48571,10
12.9198102951,80.1712722778,48571,48582,11
12.9196100235,80.1719665527,48582,48592,10
12.9193897247,80.1728134155,48592,48602,10
12.9191398621,80.1737518311,48602,48612,10
12.9188699722,80.1748580933,48612,48622,10
12.9185800552,80.1759872437,48622,48632,10
12.9184303284,80.1768035889,48632,48642,10
12.918419838,80.1768569946,48642,48652,10
12.9183502197,80.1772689819,48652,48662,10
12.9183101654,80.1780090332,48662,48672,10
12.9188404083,80.1787872314,48672,48682,10
12.919380188,80.1797485352,48682,48692,10
12.9196395874,80.1810302734,48692,48703,11
12.9199199677,80.1823120117,48703,48713,10
12.9201402664,80.1832580566,48713,48723,10
12.9202404022,80.1836395264,48723,48733,10
12.92029953,80.183883667,48733,48743,10
12.920419693,80.1844100952,48743,48753,10
12.9205999374,80.1852035522,48753,48773,20
12.9205999374,80.1852035522,48773,48783,10
12.920630455,80.1853713989,48783,48793,10
12.9206104279,80.1858291626,48793,48803,10
12.9201698303,80.1864013672,48803,48813,10
12.9195804596,80.1870803833,48813,48824,11
12.918970108,80.1878128052,48824,48834,10
12.918419838,80.1883926392,48834,48844,10
12.917889595,80.1890106201,48844,48854,10
12.917550087,80.1898574829,48854,48864,10
12.9174604416,80.1904296875,48864,48874,10
12.9173898697,80.1910400391,48874,48884,10
12.9172697067,80.1919021606,48884,48894,10
12.9171600342,80.1926422119,48894,48904,10
12.9171199799,80.1931610107,48904,48924,20
12.9171199799,80.1931610107,48924,48934,10
12.9170799255,80.1934432983,48934,48945,11
12.9171495438,80.1941070557,48945,48955,10
12.9176101685,80.194732666,48955,48965,10
12.9182901382,80.1953582764,48965,48975,10
12.9188699722,80.1958770752,48975,48985,10
12.9195098877,80.1963424683,48985,48995,10
12.9203596115,80.1966781616,48995,49005,10
12.921210289,80.1969528198,49005,49015,10
12.922129631,80.1972427368,49015,49025,10
12.9230203629,80.1973724365,49025,49035,10
12.9233102798,80.1973800659,49035,49045,10
12.9233798981,80.1973876953,49045,49056,11
12.9238700867,80.1974411011,49056,49066,10
12.9246101379,80.1974487305,49066,49076,10
12.9252195358,80.1974334717,49076,49086,10
12.9254703522,80.1974411011,49086,49096,10
12.9260997772,80.1974563599,49096,49106,10
12.92689991,80.1977233887,49106,49116,10
12.9276599884,80.1982727051,49116,49126,10
12.9281396866,80.1991271973,49126,49136,10
12.928440094,80.2000427246,49136,49146,10
12.9285001755,80.2010192871,49146,49156,10
12.9285402298,80.2018814087,49156,49166,10
12.9287700653,80.2026062012,49166,49177,11
12.9294099808,80.2026977539,49177,49193,16
12.9296102524,80.2027511597,49193,49205,12
12.9301795959,80.2028198242,49205,49215,10
12.9307603836,80.2029190063,49215,49224,9
12.9314699173,80.2031402588,49224,49235,11
12.9324197769,80.2034378052,49235,49245,10
12.9330997467,80.2036819458,49245,49255,10
12.9338502884,80.2038269043,49255,49265,10
12.933930397,80.2038421631,49265,49275,10
12.934009552,80.2038574219,49275,49285,10
12.9343004227,80.2038879395,49285,49296,11
12.9349403381,80.2040023804,49296,49306,10
12.9356203079,80.2042694092,49306,49316,10
12.936249733,80.2044830322,49316,49326,10
12.93708992,80.2047195435,49326,49336,10
12.9378900528,80.2049484253,49336,49346,10
12.9384498596,80.2051086426,49346,49356,10
12.9388399124,80.2052383423,49356,49366,10
12.9388904572,80.2052612305,49366,49376,10
12.9392995834,80.2053909302,49376,49386,10
12.9399795532,80.2055587769,49386,49407,21
12.9399795532,80.2055587769,49407,49417,10
12.9401798248,80.2056274414,49417,49427,10
12.9406795502,80.2057876587,49427,49437,10
12.9413995743,80.2061233521,49437,49447,10
12.9421701431,80.206703186,49447,49457,10
12.9426803589,80.2071762085,49457,49467,10
12.9428596497,80.2074203491,49467,49477,10
12.943110466,80.2077484131,49477,49487,10
12.9436798096,80.2080993652,49487,49497,10
12.9442796707,80.2083129883,49497,49507,10
12.9442996979,80.2083206177,49507,49517,10
12.9446496964,80.2084579468,49517,49534,17
12.9457798004,80.2089080811,49534,49546,12
12.9467697144,80.2092971802,49546,49556,10
12.947520256,80.2095794678,49556,49565,9
12.9481801987,80.2098388672,49565,49574,9
12.9488897324,80.2101211548,49574,49586,12
12.9501399994,80.210609436,49586,49596,10
12.9512796402,80.2110595703,49596,49606,10
12.9524002075,80.2115020752,49606,49616,10
12.9533500671,80.2118835449,49616,49626,10
12.9543800354,80.2122879028,49626,49636,10
12.955499649,80.2127380371,49636,49647,11
12.9566402435,80.2131576538,49647,49657,10
12.9576501846,80.2135696411,49657,49667,10
12.9587097168,80.2139968872,49667,49677,10
12.959569931,80.2143325806,49677,49687,10
12.9604797363,80.2147064209,49687,49697,10
12.9613599777,80.2150726318,49697,49707,10
12.9622898102,80.2154312134,49707,49717,10
12.9630899429,80.2157363892,49717,49727,10
12.9636497498,80.2159729004,49727,49737,10
12.9642601013,80.2162322998,49737,49747,10
12.9650802612,80.2165679932,49747,49757,10
12.9659004211,80.2169036865,49757,49768,11
12.9667100906,80.2172393799,49768,49778,10
12.9674396515,80.2175216675,49778,49788,10
12.9682197571,80.2178421021,49788,49798,10
12.96916008,80.218208313,49798,49808,10
12.9701900482,80.2186126709,49808,49818,10
12.9709701538,80.2188720703,49818,49828,10
12.9712295532,80.218963623,49828,49838,10
12.9713001251,80.2189788818,49838,49848,10
12.9717197418,80.2191696167,49848,49858,10
12.9723300934,80.2194213867,49858,49868,10
12.9731397629,80.2197418213,49868,49878,10
12.97397995,80.2200698853,49878,49889,11
12.9745798111,80.2204208374,49889,49909,20
12.9745798111,80.2204208374,49909,49919,10
12.9747400284,80.2205276489,49919,49929,10
12.9751195908,80.2206726074,49929,49939,10
12.9755401611,80.2208023071,49939,49959,20
12.9755401611,80.2208023071,49959,49969,10
12.9759902954,80.2212219238,49969,49989,20
12.9759902954,80.2212219238,49989,50000,11
12.976149559,80.221282959,50000,50010,10
12.9765300751,80.2212677002,50010,50020,10
12.9771795273,80.2212524414,50020,50030,10
12.9776697159,80.2212219238,50030,50040,10
12.9783000946,80.2211990356,50040,50050,10
12.9790296555,80.2211380005,50050,50060,10
12.9797801971,80.2210922241,50060,50070,10
12.9803199768,80.2210464478,50070,50080,10
12.9808197021,80.2210235596,50080,50090,10
12.9813699722,80.2212219238,50090,50100,10
12.9818696976,80.2215270996,50100,50110,10
12.9823703766,80.2217636108,50110,50121,11
12.9828796387,80.2219390869,50121,50131,10
12.982919693,80.2219467163,50131,50141,10
12.983130455,80.2220993042,50141,50151,10
12.9834699631,80.2222976685,50151,50161,10
12.9840097427,80.2226104736,50161,50171,10
12.9844799042,80.2229232788,50171,50181,10
12.9850196838,80.2232131958,50181,50191,10
12.9854698181,80.223197937,50191,50201,10
12.9859895706,80.2229690552,50201,50211,10
12.9863500595,80.2229690552,50211,50221,10
12.9866504669,80.2229995728,50221,50231,10
12.9870300293,80.2230606079,50231,50242,11
12.9875001907,80.2230987549,50242,50252,10
12.9882097244,80.2227478027,50252,50262,10
12.988820076,80.2221679688,50262,50272,10
12.9893302917,80.2215576172,50272,50282,10
12.9898300171,80.2209091187,50282,50292,10
12.9903802872,80.2203979492,50292,50322,30
12.9903802872,80.2203979492,50322,50332,10
12.9906797409,80.2202072144,50332,50342,10
12.9911499023,80.219833374,50342,50353,11
12.991519928,80.2195205688,50353,50363,10
12.991979599,80.2192230225,50363,50373,10
12.992650032,80.2187271118,50373,50383,10
12.9932603836,80.2182617188,50383,50393,10
12.9938201904,80.2178573608,50393,50403,10
12.9943199158,80.2175216675,50403,50413,10
12.9947395325,80.2172164917,50413,50423,10
12.9950399399,80.217010498,50423,50433,10
12.9955501556,80.2167434692,50433,50443,10
12.996219635,80.216583252,50443,50453,10
12.9968996048,80.2164993286,50453,50463,10
12.9975404739,80.2160797119,50463,50504,41
12.9975404739,80.2160797119,50504,50514,10
12.9976997375,80.2159423828,50514,50524,10
12.998000145,80.2156677246,50524,50534,10
12.9983797073,80.2153396606,50534,50544,10
12.9988603592,80.2149581909,50544,50554,10
12.9991703033,80.2146835327,50554,50564,10
12.999540329,80.2143707275,50564,50574,10
12.9998903275,80.2140579224,50574,50584,10
13.0003499985,80.2136306763,50584,50595,11
13.0009298325,80.2131195068,50595,50605,10
13.0011396408,80.2129516602,50605,50615,10
13.001250267,80.2128829956,50615,50625,10
13.0015802383,80.2126464844,50625,50635,10
13.0020303726,80.2123413086,50635,50645,10
13.0025701523,80.2121124268,50645,50655,10
13.0032701492,80.212059021,50655,50665,10
13.0036802292,80.2120132446,50665,50675,10
13.0041599274,80.212097168,50675,50685,10
13.0047998428,80.2124023438,50685,50695,10
13.0055398941,80.2128372192,50695,50706,11
13.0063695908,80.2127380371,50706,50716,10
13.0069999695,80.2127609253,50716,50726,10
13.0078496933,80.2130737305,50726,50796,70
13.0078496933,80.2130737305,50796,50806,10
13.0081396103,80.2132415771,50806,50816,10
13.0085802078,80.2134628296,50816,50827,11
13.009059906,80.2141113281,50827,50837,10
13.009519577,80.2147598267,50837,50847,10
13.0099496841,80.2153320313,50847,50857,10
13.0104598999,80.2159881592,50857,50867,10
13.0107803345,80.2166595459,50867,50877,10
13.0110197067,80.2172470093,50877,50887,10
13.0113697052,80.2181625366,50887,50897,10
13.011759758,80.2192077637,50897,50907,10
13.0121097565,80.2203826904,50907,50916,9
13.0124397278,80.221206665,50916,50926,10
13.0128202438,80.2218475342,50926,50937,11
13.0132904053,80.2223892212,50937,50948,11
13.013710022,80.2229385376,50948,50958,10
13.0140304565,80.2233734131,50958,50968,10
13.0142602921,80.2236175537,50968,50978,10
13.0145902634,80.2240219116,50978,50988,10
13.014960289,80.2244491577,50988,50998,10
13.0150003433,80.2245025635,50998,51008,10
13.0151996613,80.2247161865,51008,51018,10
13.0155296326,80.2249984741,51018,51038,20
13.0155296326,80.2249984741,51038,51048,10
13.0157804489,80.2251968384,51048,51059,11
13.0163402557,80.2253265381,51059,51069,10
13.0170602798,80.2251205444,51069,51079,10
13.0179300308,80.2247695923,51079,51089,10
13.0188703537,80.2244110107,51089,51099,10
13.019610405,80.2244567871,51099,51109,10
13.0197000504,80.2245330811,51109,51119,10
13.0197200775,80.2245864868,51119,51129,10
13.0200595856,80.2248306274,51129,51139,10
13.0206403732,80.225227356,51139,51149,10
13.0213003159,80.2257080078,51149,51159,10
13.0219697952,80.2261428833,51159,51180,21
13.0219697952,80.2261428833,51180,51190,10
13.0221796036,80.22631073,51190,51200,10
13.0226202011,80.2267074585,51200,51210,10
13.0231304169,80.227180481,51210,51220,10
13.0236196518,80.2276382446,51220,51230,10
13.0241603851,80.2281188965,51230,51240,10
13.0242595673,80.2282714844,51240,51250,10
13.024479866,80.2285919189,51250,51260,10
13.0248203278,80.2291030884,51260,51270,10
13.0252199173,80.2296218872,51270,51280,10
13.0256996155,80.2303619385,51280,51289,9
13.0259895325,80.2310180664,51289,51301,12
13.02602005,80.2312469482,51301,51311,10
13.0262699127,80.231300354,51311,51321,10
13.02684021,80.2311630249,51321,51331,10
13.0276699066,80.2309799194,51331,51341,10
13.0284404755,80.2309036255,51341,51351,10
13.0290002823,80.2308502197,51351,51360,9
13.029419899,80.2308197021,51360,51371,11
13.0299901962,80.230758667,51371,51381,10
13.030380249,80.23072052,51381,51391,10
13.0306596756,80.2306976318,51391,51401,10
13.0312204361,80.230682373,51401,51412,11
13.0320796967,80.2305984497,51412,51422,10
13.0328798294,80.2305374146,51422,51432,10
13.033490181,80.2304992676,51432,51442,10
13.0339002609,80.2304992676,51442,51452,10
13.0345802307,80.2303466797,51452,51563,111
13.0345802307,80.2303466797,51563,51573,10
13.034740448,80.2303009033,51573,51583,10
13.035030365,80.23021698,51583,51593,10
13.0350999832,80.2303695679,51593,51603,10
13.0348596573,80.2304000854,51603,51613,10
13.0343904495,80.2304382324,51613,51623,10
13.0336799622,80.2304916382,51623,51633,10
13.032959938,80.2304992676,51633,51643,10
13.0324602127,80.2305603027,51643,51654,11
13.0319595337,80.2306213379,51654,51664,10
13.0313396454,80.230682373,51664,51674,10
13.0307197571,80.2307281494,51674,51684,10
13.030090332,80.2307662964,51684,51694,10
13.0295696259,80.2308425903,51694,51704,10
13.0289001465,80.2309036255,51704,51714,10
13.0280199051,80.2309799194,51714,51724,10
13.0276603699,80.231086731,51724,51734,10
13.0277004242,80.2316513062,51734,51744,10
13.0277996063,80.2322387695,51744,51754,10
13.0278701782,80.232711792,51754,51765,11
13.0273504257,80.2328262329,51765,51775,10
13.0268497467,80.232963562,51775,51821,46
13.0268497467,80.232963562,51821,51833,12
13.0266399384,80.2331237793,51833,51841,8
13.0263996124,80.2329406738,51841,51853,12
13.0261898041,80.2322998047,51853,51863,10
13.0260696411,80.2318725586,51863,51873,10
13.0260601044,80.2318496704,51873,51884,11
13.0260601044,80.2316970825,51884,51894,10
13.0259199142,80.2311096191,51894,51904,10
13.025560379,80.2302322388,51904,51914,10
13.0250301361,80.2294921875,51914,51924,10
13.0244903564,80.2288284302,51924,51934,10
13.0239801407,80.2281417847,51934,51944,10
13.023349762,80.2274780273,51944,51954,10
13.0225696564,80.2267837524,51954,51964,10
13.0216598511,80.2260131836,51964,51974,10
13.020819664,80.2253875732,51974,51984,10
13.0201501846,80.224937439,51984,51994,10
13.0195903778,80.2245788574,51994,52005,11
13.0186595917,80.2245101929,52005,52015,10
13.0177097321,80.224899292,52015,52025,10
13.0168104172,80.2252807617,52025,52035,10
13.0163602829,80.2254714966,52035,52045,10
13.0159301758,80.2256088257,52045,52055,10
13.015370369,80.2258071899,52055,52065,10
13.0149402618,80.2259597778,52065,52075,10
13.014550209,80.2260513306,52075,52085,10
13.0145101547,80.2260818481,52085,52095,10
13.0144100189,80.2261581421,52095,52105,10
13.0141601563,80.2261428833,52105,52116,11
13.0140895844,80.2256622314,52116,52370,254
13.0140895844,80.2256622314,52370,52380,10
13.0141000748,80.2252426147,52380,52390,10
13.0143003464,80.2253036499,52390,52400,10
13.0145702362,80.2251205444,52400,52803,403
13.0145702362,80.2251205444,52803,52813,10
13.0145902634,80.2257080078,52813,52834,21
13.0145902634,80.2257080078,52834,52844,10
13.0142698288,80.2259216309,52844,52854,10
13.0142202377,80.2260971069,52854,52864,10
13.0141496658,80.2262802124,52864,52874,10
13.0136995316,80.2264328003,52874,52884,10
13.0130500793,80.2266998291,52884,52894,10
13.0123100281,80.2269821167,52894,52904,10
13.0114898682,80.2273101807,52904,52914,10
13.0105800629,80.2276687622,52914,52924,10
13.0098896027,80.2279434204,52924,52934,10
13.0094900131,80.2276535034,52934,52945,11
13.0097904205,80.2269821167,52945,52955,10
13.0101604462,80.2261886597,52955,52965,10
13.0105104446,80.2253799438,52965,52975,10
13.0105800629,80.2251968384,52975,52985,10
13.0106096268,80.2251281738,52985,52995,10
13.0107603073,80.224861145,52995,53005,10
13.0108804703,80.224571228,53005,53015,10
13.0111703873,80.2239532471,53015,53025,10
13.011469841,80.2231063843,53025,53035,10
13.0118398666,80.2222213745,53035,53045,10
13.0121898651,80.2214584351,53045,53055,10
13.0124197006,80.2215270996,53055,53066,11
13.0128202438,80.2219772339,53066,53076,10
13.0132398605,80.2223815918,53076,53086,10
13.0135803223,80.2228317261,53086,53096,10
13.0141000748,80.2234725952,53096,53106,10
13.0143098831,80.223777771,53106,53116,10
13.014749527,80.2242584229,53116,53126,10
13.0153198242,80.2248535156,53126,53136,10
13.0160799026,80.2252731323,53136,53146,10
13.0169696808,80.2250900269,53146,53156,10
13.0178899765,80.2247314453,53156,53166,10
13.0187196732,80.2244110107,53166,53177,11
13.0194997787,80.2244262695,53177,53187,10
13.0200395584,80.2247467041,53187,53197,10
13.0205202103,80.2250976563,53197,53207,10
13.0209999084,80.2254180908,53207,53217,10
13.0213603973,80.2257232666,53217,53227,10
13.0217599869,80.2260131836,53227,53237,10
13.0221204758,80.2263031006,53237,53247,10
13.0225601196,80.2266769409,53247,53257,10
13.0231199265,80.2272033691,53257,53267,10
13.0237598419,80.2277679443,53267,53277,10
13.0242700577,80.2283401489,53277,53287,10
13.0246400833,80.2288589478,53287,53298,11
13.0252399445,80.229637146,53298,53308,10
13.0257196426,80.2303085327,53308,53318,10
13.0258798599,80.2306213379,53318,53328,10
13.0259304047,80.2306976318,53328,53338,10
13.0260095596,80.2310714722,53338,53348,10
13.0261297226,80.231300354,53348,53358,10
13.0267400742,80.2311325073,53358,53368,10
13.0276298523,80.2309417725,53368,53378,10
13.0283699036,80.2308807373,53378,53388,10
13.0289802551,80.2308197021,53388,53398,10
13.0295295715,80.2307891846,53398,53409,11
13.0301904678,80.2307281494,53409,53419,10
13.0306797028,80.2306900024,53419,53429,10
13.0308904648,80.230682373,53429,53439,10
13.0310602188,80.2306594849,53439,53449,10
13.031370163,80.2306518555,53449,53459,10
13.0315904617,80.2306594849,53459,53469,10
13.0319900513,80.2306213379,53469,53479,10
13.0326499939,80.2305679321,53479,53489,10
13.0332803726,80.2305221558,53489,53499,10
13.0338697433,80.2304611206,53499,53509,10
13.034119606,80.2304534912,53509,53519,10
13.0342702866,80.2304534912,53519,53530,11
13.034620285,80.2303466797,53530,53540,10
13.0349302292,80.230140686,53540,53550,10
13.0350399017,80.229927063,53550,53560,10
13.0349903107,80.2298202515,53560,53570,10
13.0347700119,80.2297973633,53570,53580,10
13.0342998505,80.2297515869,53580,53620,40
13.0342102051,80.2298812866,53620,53881,261
13.0342102051,80.2298812866,53881,53891,10
13.0341396332,80.230430603,53891,53911,20
13.0341396332,80.230430603,53911,53921,10
13.0339698792,80.2304382324,53921,53931,10
13.0337200165,80.2304611206,53931,53941,10
13.033370018,80.2305221558,53941,53951,10
13.0327701569,80.2305679321,53951,53961,10
13.0321702957,80.2306213379,53961,53971,10
13.0315799713,80.230682373,53971,53981,10
13.030960083,80.23072052,53981,53991,10
13.0304203033,80.2307662964,53991,54002,11
13.0297498703,80.2308273315,54002,54012,10
13.0294504166,80.2308578491,54012,54022,10
13.0289001465,80.2309265137,54022,54032,10
13.0282402039,80.2309875488,54032,54048,16
13.0276699066,80.2311172485,54048,54060,12
13.0276899338,80.231552124,54060,54070,10
13.027759552,80.232131958,54070,54080,10
13.0278396606,80.2326507568,54080,54090,10
13.0271501541,80.2329330444,54090,54110,20
13.0271501541,80.2329330444,54110,54121,11
13.0269203186,80.2330169678,54121,54131,10
13.0266599655,80.2330703735,54131,54141,10
13.0263900757,80.2328796387,54141,54151,10
13.0261697769,80.2322387695,54151,54161,10
13.0260000229,80.2314605713,54161,54171,10
13.025759697,80.2306289673,54171,54181,10
13.0252599716,80.2298583984,54181,54191,10
13.024889946,80.2294006348,54191,54201,10
13.0248098373,80.229309082,54201,54211,10
13.0246696472,80.2291564941,54211,54221,10
13.0243597031,80.2287597656,54221,54231,10
13.0241203308,80.2284698486,54231,54242,11
13.024020195,80.2283477783,54242,54252,10
13.023900032,80.2281799316,54252,54262,10
13.0237102509,80.2279663086,54262,54278,16
13.0232200623,80.2275390625,54278,54290,12
13.0231304169,80.2275238037,54290,54300,10
13.0229902267,80.2274093628,54300,54330,30
13.0229902267,80.2274093628,54330,54340,10
13.0226602554,80.2271194458,54340,54350,10
13.0224504471,80.2267913818,54350,54362,12
13.0220003128,80.2263565063,54362,54372,10
13.0214700699,80.2259368896,54372,54382,10
13.0209302902,80.2254867554,54382,54392,10
13.0205602646,80.2252426147,54392,54402,10
13.0203199387,80.2250900269,54402,54412,10
13.0198602676,80.2247619629,54412,54422,10
13.0191802979,80.2244796753,54422,54432,10
13.0183200836,80.2246704102,54432,54442,10
13.0174798965,80.2250366211,54442,54452,10
13.0167999268,80.2253265381,54452,54462,10
13.0164003372,80.2254867554,54462,54473,11
13.015999794,80.2256393433,54473,54483,10
13.0153198242,80.2258911133,54483,54493,10
13.0146303177,80.2261734009,54493,54503,10
13.0145196915,80.2261962891,54503,54513,10
13.0144395828,80.2261962891,54513,54523,10
13.0142803192,80.2262802124,54523,54533,10
13.0141496658,80.226348877,54533,54543,10
13.0136299133,80.2265319824,54543,54553,10
13.012840271,80.2268218994,54553,54563,10
13.0119400024,80.2271728516,54563,54573,10
13.0108604431,80.2276000977,54573,54583,10
13.0098304749,80.2279663086,54583,54594,11
13.009519577,80.2275238037,54594,54604,10
13.0098199844,80.2268829346,54604,54614,10
13.0101804733,80.22605896,54614,54624,10
13.0105800629,80.225151062,54624,54644,20
13.0105800629,80.225151062,54644,54654,10
13.0107002258,80.2249298096,54654,54664,10
13.0109395981,80.2243423462,54664,54674,10
13.0112895966,80.2235183716,54674,54684,10
13.0116996765,80.2225112915,54684,54694,10
13.0120401382,80.2216491699,54694,54704,10
13.0121898651,80.2214202881,54704,54715,11
13.0122003555,80.2210388184,54715,54725,10
13.0119695663,80.2202987671,54725,54735,10
13.0116195679,80.219367981,54735,54745,10
13.0112800598,80.2183380127,54745,54755,10
13.0108995438,80.2174377441,54755,54765,10
13.0106601715,80.2168884277,54765,54775,10
13.010310173,80.216217041,54775,54785,10
13.0099601746,80.2155227661,54785,54795,10
13.0094804764,80.2147598267,54795,54805,10
13.0089101791,80.2139968872,54805,54815,10
13.0083303452,80.2134094238,54815,54886,71
13.0079803467,80.213218689,54886,54916,30
13.0079803467,80.213218689,54916,54926,10
13.007610321,80.2128982544,54926,54936,10
13.0071697235,80.2127838135,54936,54947,11
13.0064496994,80.2127380371,54947,54957,10
13.0058603287,80.2129898071,54957,54967,10
13.0052700043,80.2127075195,54967,54977,10
13.0046396255,80.2123336792,54977,54987,10
13.0037698746,80.2120819092,54987,54997,10
13.0032196045,80.2121200562,54997,55017,20
13.0032196045,80.2121200562,55017,55027,10
13.0029296875,80.2121200562,55027,55037,10
13.0024404526,80.2121887207,55037,55047,10
13.0019302368,80.2125015259,55047,55057,10
13.0015296936,80.2127685547,55057,55068,11
13.00096035,80.2131881714,55068,55078,10
13.0004701614,80.2136001587,55078,55088,10
13.0,80.214050293,55088,55098,10
12.9996004105,80.2143936157,55098,55108,10
12.9991703033,80.2147674561,55108,55118,10
12.9988803864,80.2150192261,55118,55127,9
12.9983797073,80.2154312134,55127,55138,11
12.9977197647,80.2159881592,55138,55148,10
12.9973802567,80.2163162231,55148,55158,10
12.9973802567,80.2163314819,55158,55168,10
12.9970703125,80.2165222168,55168,55179,11
12.9963998795,80.216583252,55179,55189,10
12.9957895279,80.2167205811,55189,55199,10
12.9952602386,80.2169418335,55199,55209,10
12.9947900772,80.2172622681,55209,55219,10
12.9943304062,80.2176132202,55219,55229,10
12.9939002991,80.217918396,55229,55239,10
12.9933595657,80.2182693481,55239,55248,9
12.9928302765,80.2186126709,55248,55259,11
12.9921197891,80.2191772461,55259,55269,10
12.9914197922,80.2196807861,55269,55279,10
12.9908504486,80.2201309204,55279,55289,10
12.9907398224,80.2202301025,55289,55300,11
12.9902801514,80.2205505371,55300,55310,10
12.989689827,80.2211380005,55310,55320,10
12.9891901016,80.2217407227,55320,55330,10
12.988820076,80.2221984863,55330,55340,10
12.9882097244,80.2227783203,55340,55350,10
12.987660408,80.2230911255,55350,55360,10
12.9873895645,80.2230987549,55360,55370,10
12.9871101379,80.2230682373,55370,55380,10
12.9867601395,80.2229995728,55380,55390,10
12.9864797592,80.2229766846,55390,55400,10
12.9860296249,80.2229995728,55400,55410,10
12.9855203629,80.2232437134,55410,55421,11
12.985250473,80.2232894897,55421,55431,10
12.9846897125,80.2230377197,55431,55441,10
12.9839801788,80.222618103,55441,55451,10
12.983590126,80.2223968506,55451,55461,10
12.9835195541,80.2223587036,55461,55471,10
12.9832201004,80.22215271,55471,55481,10
12.9831600189,80.2220993042,55481,55491,10
12.9830598831,80.2220230103,55491,55501,10
12.9825801849,80.2218399048,55501,55511,10
12.9821395874,80.2216567993,55511,55521,10
12.9817895889,80.2214202881,55521,55531,10
12.9814796448,80.2212295532,55531,55542,11
12.9808197021,80.2210388184,55542,55552,10
12.9804401398,80.2210617065,55552,55562,10
12.9798202515,80.2211227417,55562,55572,10
12.9789800644,80.2211685181,55572,55582,10
12.9783401489,80.2212219238,55582,55592,10
12.9779396057,80.2211990356,55592,55602,10
12.9774198532,80.2212371826,55602,55612,10
12.9765796661,80.2212524414,55612,55622,10
12.9760799408,80.221321106,55622,55632,10
12.9759197235,80.2213134766,55632,55642,10
12.9757404327,80.2211380005,55642,55653,11
12.9754695892,80.2209320068,55653,55723,70
12.9754695892,80.2209320068,55723,55733,10
12.9752101898,80.220703125,55733,55743,10
12.9748802185,80.2205505371,55743,55753,10
12.9742603302,80.2202606201,55753,55763,10
12.9735202789,80.2199478149,55763,55774,11
12.9726200104,80.219619751,55774,55784,10
12.9717502594,80.2193603516,55784,55794,10
12.9711103439,80.2191696167,55794,55804,10
12.9710597992,80.2191467285,55804,55814,10
12.9709796906,80.2191162109,55814,55824,10
12.9705600739,80.2188873291,55824,55834,10
12.9698801041,80.2185821533,55834,55844,10
12.9691400528,80.2182998657,55844,55854,10
12.9684000015,80.2180175781,55854,55864,10
12.9676704407,80.2177276611,55864,55874,10
12.9668397903,80.2173995972,55874,55885,11
12.9659795761,80.2170562744,55885,55895,10
12.9651403427,80.2167205811,55895,55905,10
12.9643001556,80.2163772583,55905,55915,10
12.9635801315,80.2160797119,55915,55925,10
12.9629402161,80.2157669067,55925,55935,10
12.9622898102,80.2155303955,55935,55945,10
12.9614896774,80.2152175903,55945,55955,10
12.9605197906,80.2148284912,55955,55965,10
12.9594497681,80.2144165039,55965,55975,10
12.9583101273,80.2139434814,55975,55985,10
12.9572000504,80.2134933472,55985,55995,10
12.9560899734,80.2130432129,55995,56006,11
12.9548196793,80.2125701904,56006,56016,10
12.9538202286,80.2121734619,56016,56026,10
12.9528303146,80.2117767334,56026,56036,10
12.9516897202,80.2113265991,56036,56046,10
12.9504804611,80.2108535767,56046,56056,10
12.9493598938,80.2104034424,56056,56066,10
12.9483003616,80.2099914551,56066,56076,10
12.9471197128,80.2095184326,56076,56086,10
12.9458398819,80.2089996338,56086,56096,10
12.9447603226,80.2085571289,56096,56106,10
12.9440898895,80.2083511353,56106,56127,21
12.9440898895,80.2083511353,56127,56137,10
12.9439601898,80.2082824707,56137,56147,10
12.9436302185,80.2081298828,56147,56157,10
12.9431200027,80.2078399658,56157,56167,10
12.9426403046,80.20728302,56167,56177,10
12.9420700073,80.206703186,56177,56187,10
12.9413404465,80.2061920166,56187,56197,10
12.940990448,80.2060089111,56197,56207,10
12.9408998489,80.2059631348,56207,56217,10
12.9405097961,80.2058029175,56217,56227,10
12.9398202896,80.2055969238,56227,56237,10
12.9390096664,80.2053527832,56237,56248,11
12.9380998611,80.205078125,56248,56258,10
12.9372301102,80.204826355,56258,56274,16
12.9355401993,80.2043304443,56274,56286,12
12.9343795776,80.2039489746,56286,56296,10
12.9337596893,80.2039337158,56296,56305,9
12.9336595535,80.2039337158,56305,56316,11
12.9333000183,80.2038574219,56316,56326,10
12.9327497482,80.2036209106,56326,56336,10
12.9319095612,80.203338623,56336,56345,9
12.9312200546,80.2031021118,56345,56357,12
12.9294996262,80.2027816772,56357,56377,20
12.9294996262,80.2027816772,56377,56387,10
12.929309845,80.2027587891,56387,56397,10
12.9287595749,80.2026596069,56397,56407,10
12.9284696579,80.2021026611,56407,56417,10
12.9284296036,80.2012176514,56417,56427,10
12.9283704758,80.2001495361,56427,56437,10
12.9280796051,80.199180603,56437,56447,10
12.9275598526,80.1982803345,56447,56464,17
12.9259901047,80.1975402832,56464,56475,11
12.9254302979,80.197517395,56475,56486,11
12.9249801636,80.1975021362,56486,56495,9
12.9242897034,80.1975097656,56495,56506,11
12.9232797623,80.1974563599,56506,56515,9
12.9226398468,80.1973724365,56515,56526,11
12.9219999313,80.197303772,56526,56536,10
12.9219799042,80.197303772,56536,56546,10
12.9215898514,80.1971511841,56546,56556,10
12.9209604263,80.1969223022,56556,56566,10
12.9201698303,80.196647644,56566,56575,9
12.9194602966,80.1963806152,56575,56586,11
12.9186897278,80.1958007813,56586,56596,10
12.9181203842,80.1952590942,56596,56607,11
12.9173803329,80.1945800781,56607,56617,10
12.9169998169,80.1940002441,56617,56627,10
12.9169797897,80.1932678223,56627,56637,10
12.9170503616,80.192779541,56637,56647,10
12.9170799255,80.1924362183,56647,56657,10
12.917090416,80.1923904419,56657,56667,10
12.917090416,80.1923217773,56667,56677,10
12.9171800613,80.1919631958,56677,56687,10
12.9172401428,80.1914291382,56687,56697,10
12.91726017,80.1913986206,56697,56707,10
12.9173297882,80.1910095215,56707,56718,11
12.9173803329,80.1902770996,56718,56727,9
12.9175796509,80.1895217896,56727,56738,11
12.9181804657,80.1885223389,56738,56748,10
12.9188203812,80.1877975464,56748,56758,10
12.919549942,80.1869735718,56758,56768,10
12.9203596115,80.1860198975,56768,56778,10
12.9205102921,80.1850585938,56778,56788,10
12.9203300476,80.1843338013,56788,56798,10
12.9201803207,80.1837921143,56798,56808,10
12.920009613,80.183052063,56808,56818,10
12.9198904037,80.1825180054,56818,56829,11
12.9198799133,80.182510376,56829,56839,10
12.9198102951,80.1821670532,56839,56849,10
12.9196796417,80.1814727783,56849,56859,10
12.9194803238,80.1805801392,56859,56869,10
12.9192304611,80.1795578003,56869,56879,10
12.9187297821,80.1787796021,56879,56889,10
12.9182701111,80.1781387329,56889,56899,10
12.9182596207,80.1769790649,56899,56909,10
12.9184799194,80.1759262085,56909,56919,10
12.9187698364,80.1747436523,56919,56929,10
12.9191198349,80.1734237671,56929,56939,10
12.919380188,80.17237854,56939,56950,11
12.9195404053,80.1717605591,56950,56960,10
12.9197397232,80.1710205078,56960,56970,10
12.9197797775,80.1708908081,56970,56980,10
12.9198799133,80.1706008911,56980,56990,10
12.9201002121,80.169921875,56990,57000,10
12.9203996658,80.1689987183,57000,57010,10
12.9206695557,80.1681213379,57010,57020,10
12.9207696915,80.1678771973,57020,57030,10
12.9208803177,80.1675491333,57030,57040,10
12.9211797714,80.1666030884,57040,57050,10
12.9215202332,80.1655807495,57050,57060,10
12.9218797684,80.1644821167,57060,57071,11
12.9221401215,80.1635894775,57071,57081,10
12.9224395752,80.1626281738,57081,57091,10
12.9227800369,80.1615371704,57091,57101,10
12.92304039,80.1606521606,57101,57111,10
12.9230804443,80.1604995728,57111,57121,10
12.9232397079,80.1600265503,57121,57131,10
12.9233598709,80.1591567993,57131,57141,10
12.923500061,80.157989502,57141,57151,10
12.9235801697,80.1568908691,57151,57161,10
12.923620224,80.1558532715,57161,57171,10
12.9233999252,80.1550979614,57171,57181,10
12.9233598709,80.1549987793,57181,57192,11
12.9233102798,80.1546707153,57192,57202,10
12.9231700897,80.1541213989,57202,57212,10
12.9229698181,80.1532974243,57212,57222,10
12.9226999283,80.1522216797,57222,57242,20
12.9226999283,80.1522216797,57242,57252,10
12.922659874,80.1518783569,57252,57262,10
12.9226398468,80.151222229,57262,57272,10
12.9226198196,80.150352478,57272,57282,10
12.9225797653,80.1493606567,57282,57292,10
12.9225301743,80.1484985352,57292,57303,11
12.9225196838,80.1477508545,57303,57313,10
12.9225301743,80.147102356,57313,57323,10
12.9225196838,80.1464614868,57323,57333,10
12.9225101471,80.1458892822,57333,57343,10
12.9224700928,80.1450576782,57343,57353,10
12.9224300385,80.1440429688,57353,57363,10
12.9223804474,80.1432418823,57363,57413,50
12.9223804474,80.1432418823,57413,57424,11
12.922369957,80.1430130005,57424,57434,10
12.9223604202,80.1424713135,57434,57444,10
12.9223604202,80.1417922974,57444,57454,10
12.9223403931,80.1416473389,57454,57464,10
12.9223403931,80.1413803101,57464,57474,10
12.9223403931,80.1406936646,57474,57484,10
12.9223299026,80.1397781372,57484,57494,10
12.9223403931,80.1388168335,57494,57504,10
12.9224100113,80.1378631592,57504,57514,10
12.9224596024,80.13671875,57514,57524,10
12.9225196838,80.1355514526,57524,57534,10
12.9225597382,80.1343536377,57534,57545,11
12.9226102829,80.1331634521,57545,57555,10
12.9226303101,80.1324005127,57555,57565,10
12.9226303101,80.1316223145,57565,57575,10
12.9226303101,80.1314697266,57575,57585,10
12.9226398468,80.1312026978,57585,57595,10
12.9226903915,80.1306533813,57595,57605,10
12.9227399826,80.1299362183,57605,57615,10
12.9227800369,80.1291809082,57615,57625,10
12.9228200912,80.1285018921,57625,57635,10
12.9228401184,80.127746582,57635,57645,10
12.9228496552,80.1267929077,57645,57656,11
12.9229001999,80.1256713867,57656,57666,10
12.9229602814,80.1245269775,57666,57676,10
12.9230003357,80.1232681274,57676,57686,10
12.9230604172,80.1219482422,57686,57696,10
12.9231500626,80.120880127,57696,57706,10
12.9231901169,80.1202011108,57706,57726,20
12.9231901169,80.1202011108,57726,57736,10
12.9232501984,80.1198883057,57736,57746,10
12.9232501984,80.1193237305,57746,57756,10
12.9232597351,80.1187362671,57756,57767,11
12.9233703613,80.1179428101,57767,57777,10
12.9234304428,80.1170425415,57777,57807,30
12.9234304428,80.1170425415,57807,57817,10
12.9234399796,80.1168670654,57817,57827,10
12.9235801697,80.1168899536,57827,57837,10
12.9235601425,80.1171112061,57837,58291,454
12.9235601425,80.1171112061,58291,58301,10
12.9235601425,80.1172790527,58301,58311,10
12.9235496521,80.1176300049,58311,58321,10
12.923620224,80.1179885864,58321,58331,10
12.9235200882,80.1184997559,58331,58341,10
12.923500061,80.1189880371,58341,58351,10
12.9234399796,80.1194763184,58351,58362,11
12.9233903885,80.1200180054,58362,58372,10
12.9233703613,80.1203384399,58372,58382,10
12.9233703613,80.1203536987,58382,58392,10
12.9233798981,80.1205062866,58392,58402,10
12.9233503342,80.1207809448,58402,58412,10
12.9233398438,80.121131897,58412,58925,513
12.9233398438,80.121131897,58925,58935,10
12.9232501984,80.1214523315,58935,58945,10
12.9232301712,80.1220169067,58945,58956,11
12.9231996536,80.1229476929,58956,58966,10
12.923210144,80.1239318848,58966,58976,10
12.9231004715,80.1256332397,58976,59026,50
12.9231004715,80.1256332397,59026,59036,10
12.9230699539,80.1257324219,59036,59052,16
12.9230098724,80.1265792847,59052,59064,12
12.9229803085,80.1275634766,59064,59075,11
12.9229202271,80.1283416748,59075,59085,10
12.9228801727,80.1289825439,59085,59095,10
12.9228496552,80.1295089722,59095,59105,10
12.9228096008,80.1302337646,59105,59115,10
12.922829628,80.1310195923,59115,59125,10
12.9228200912,80.1311798096,59125,59135,10
12.9228000641,80.1315002441,59135,59145,10
12.9227600098,80.1320571899,59145,59155,10
12.9227199554,80.1329193115,59155,59165,10
12.9226799011,80.1338577271,59165,59175,10
12.9226303101,80.1349105835,59175,59186,11
12.9225902557,80.1359710693,59186,59196,10
12.9225502014,80.1369171143,59196,59206,10
12.9224996567,80.137802124,59206,59216,10
12.9224500656,80.138710022,59216,59226,10
12.922419548,80.1396026611,59226,59236,10
12.9224395752,80.1404037476,59236,59246,10
12.9224395752,80.1411590576,59246,59256,10
12.9224596024,80.141998291,59256,59266,10
12.9224996567,80.1426010132,59266,59276,10
12.9225101471,80.1427688599,59276,59286,10
12.922539711,80.1431427002,59286,59296,10
12.9225597382,80.1434402466,59296,59307,11
12.9225597382,80.1435089111,59307,59317,10
12.9225597382,80.1436386108,59317,59327,10
12.9225502014,80.1440200806,59327,59337,10
12.9225597382,80.1446228027,59337,59347,10
12.9225902557,80.1455078125,59347,59357,10
12.9226198196,80.1465072632,59357,59367,10
12.922659874,80.1471633911,59367,59377,10
12.9226799011,80.1474227905,59377,59387,10
12.9226903915,80.1474990845,59387,59397,10
12.9226799011,80.1479797363,59397,59407,10
12.9226503372,80.1487121582,59407,59417,10
12.9226999283,80.149848938,59417,59428,11
12.9227600098,80.1510696411,59428,59438,10
12.9227695465,80.1518173218,59438,59448,10
12.9228401184,80.1524429321,59448,59457,9
12.9230098724,80.153137207,59457,59468,11
12.9232902527,80.1541976929,59468,59479,11
12.9234695435,80.1547927856,59479,59489,10
12.9234800339,80.1548614502,59489,59499,10
12.9235601425,80.1553192139,59499,59509,10
12.9237298965,80.1561279297,59509,59519,10
12.9236602783,80.1570968628,59519,59529,10
12.9235601425,80.1581878662,59529,59540,11
12.9234399796,80.1594696045,59540,59550,10
12.9233703613,80.1602630615,59550,59560,10
12.9233398438,80.16040802,59560,59570,10
12.9232797623,80.1606063843,59570,59580,10
12.9230804443,80.1612014771,59580,59590,10
12.9228096008,80.1620407104,59590,59600,10
12.9224700928,80.1629867554,59600,59610,10
12.9221200943,80.1640701294,59610,59620,10
12.9217395782,80.1652526855,59620,59630,10
12.921380043,80.1663818359,59630,59640,10
12.9210596085,80.1673736572,59640,59650,10
12.9207201004,80.1684417725,59650,59661,11
12.9203300476,80.169708252,59661,59671,10
12.9200401306,80.1706924438,59671,59681,10
12.919960022,80.1709213257,59681,59691,10
12.919960022,80.1709289551,59691,59701,10
12.9198503494,80.1712799072,59701,59711,10
12.9196596146,80.1719284058,59711,59721,10
12.9194297791,80.1727981567,59721,59731,10
12.9191598892,80.1737976074,59731,59741,10
12.9188804626,80.1748962402,59741,59751,10
12.9186000824,80.1759872437,59751,59761,10
12.9183998108,80.1769180298,59761,59772,11
12.9182901382,80.1779632568,59772,59782,10
12.9187498093,80.1787033081,59782,59792,10
12.9193000793,80.1795120239,59792,59802,10
12.9195203781,80.1803436279,59802,59812,10
12.9197998047,80.181678772,59812,59822,10
12.9200801849,80.1829910278,59822,59832,10
12.9202404022,80.1836013794,59832,59842,10
12.9202804565,80.1837387085,59842,59852,10
12.9203500748,80.1840667725,59852,59862,10
12.9204902649,80.1846389771,59862,59872,10
12.9206199646,80.1851806641,59872,59903,31
12.9206199646,80.1851806641,59903,59913,10
12.9206695557,80.1854476929,59913,59923,10
12.920630455,80.1859436035,59923,59933,10
12.9201803207,80.1864776611,59933,59943,10
12.9195995331,80.1871185303,59943,59953,10
12.9190797806,80.187713623,59953,59963,10
12.9186401367,80.1882095337,59963,59973,10
12.9181203842,80.1887817383,59973,59983,10
12.9176998138,80.1895217896,59983,59993,10
12.9175195694,80.1902389526,59993,60004,11
12.9174900055,80.1904296875,60004,60014,10
12.9174499512,80.1907806396,60014,60024,10
12.9173603058,80.1914367676,60024,60034,10
12.9172697067,80.1921310425,60034,60044,10
12.9172096252,80.1925125122,60044,60054,10
12.917140007,80.1930007935,60054,60064,10
12.917140007,80.1932067871,60064,60084,20
12.917140007,80.1932067871,60084,60094,10
12.9171304703,80.1932907104,60094,60104,10
12.917090416,80.1936798096,60104,60114,10
12.9171600342,80.1940536499,60114,60125,11
12.9172697067,80.1943588257,60125,60135,10
12.9176597595,80.1947784424,60135,60145,10
12.9181995392,80.1952819824,60145,60155,10
12.9187602997,80.1958007813,60155,60165,10
12.9194698334,80.1963500977,60165,60175,10
12.9202899933,80.1966934204,60175,60185,10
12.920920372,80.1968994141,60185,60195,10
12.9212999344,80.1970291138,60195,60205,10
12.9218301773,80.1972198486,60205,60215,10
12.9231595993,80.1974182129,60215,60235,20
12.9231595993,80.1974182129,60235,60246,11
12.9232702255,80.1974334717,60246,60256,10
12.9238195419,80.1975021362,60256,60266,10
12.924659729,80.197517395,60266,60276,10
12.925160408,80.1975021362,60276,60294,18
12.9254302979,80.1975097656,60294,60306,12
12.9259901047,80.1975097656,60306,60316,10
12.9266996384,80.1976776123,60316,60325,9
12.9273796082,80.198059082,60325,60337,12
12.9279298782,80.1987380981,60337,60347,10
12.9282598495,80.1994171143,60347,60357,10
12.9284696579,80.2001800537,60357,60368,11
12.9285202026,80.2012023926,60368,60378,10
12.9285697937,80.2021102905,60378,60388,10
12.9288702011,80.2026824951,60388,60398,10
12.929400444,80.2027282715,60398,60418,20
12.929400444,80.2027282715,60418,60428,10
12.9296197891,80.2027587891,60428,60438,10
12.9301996231,80.2028427124,60438,60448,10
12.9308204651,80.2029724121,60448,60458,10
12.9313201904,80.2031173706,60458,60468,10
12.9320697784,80.2033615112,60468,60479,11
12.9327096939,80.2035675049,60479,60489,10
12.9330101013,80.2036819458,60489,60499,10
12.9333600998,80.2038269043,60499,60509,10
12.9341096878,80.203918457,60509,60529,20
12.9341096878,80.203918457,60529,60539,10
12.9344701767,80.203956604,60539,60549,10
12.9351196289,80.2041015625,60549,60559,10
12.9358797073,80.2044067383,60559,60569,10
12.9365997314,80.2046279907,60569,60579,10
12.9373998642,80.2048492432,60579,60589,10
12.9383296967,80.2051010132,60589,60600,11
12.9392204285,80.2053833008,60600,60610,10
12.9399003983,80.2055892944,60610,60620,10
12.9400196075,80.205619812,60620,60630,10
12.9401597977,80.2056732178,60630,60640,10
12.9406700134,80.2058334351,60640,60650,10
12.9414396286,80.2061920166,60650,60660,10
12.9422302246,80.20677948,60660,60670,10
12.9428300858,80.2073898315,60670,60680,10
12.9432096481,80.2078781128,60680,60690,10
12.944439888,80.2083969116,60690,60710,20
12.944439888,80.2083969116,60710,60720,10
12.9444904327,80.2084197998,60720,60731,11
12.9449596405,80.2086105347,60731,60741,10
12.945690155,80.2088775635,60741,60751,10
12.9464998245,80.209197998,60751,60761,10
12.9472398758,80.2094802856,60761,60771,10
12.9478502274,80.2097167969,60771,60781,10
12.9483604431,80.2099075317,60781,60791,10
12.9490404129,80.2101821899,60791,60801,10
12.9498996735,80.2105178833,60801,60811,10
12.950799942,80.2108688354,60811,60821,10
12.9515800476,80.2111968994,60821,60831,10
12.9524698257,80.2115478516,60831,60848,17
12.953619957,80.2119827271,60848,60860,12
12.9537696838,80.2120285034,60860,60870,10
12.9541397095,80.2121810913,60870,60879,9
12.9546403885,80.212387085,60879,60890,11
12.9555797577,80.2127685547,60890,60900,10
12.9561901093,80.2129974365,60900,60909,9
12.9566802979,80.213180542,60909,60920,11
12.9575996399,80.2135467529,60920,60930,10
12.9584703445,80.2139129639,60930,60940,10
12.9591798782,80.2141799927,60940,60951,11
12.959980011,80.2145309448,60951,60961,10
12.9606199265,80.2147979736,60961,60971,10
12.9612503052,80.2150421143,60971,60981,10
12.9620504379,80.2153396606,60981,60991,10
12.9629402161,80.2156829834,60991,61001,10
12.9635801315,80.2159423828,61001,61011,10
12.9641304016,80.2161712646,61011,61021,10
12.9648799896,80.2164916992,61021,61031,10
12.9656896591,80.2168197632,61031,61041,10
12.9664201736,80.2171173096,61041,61051,10
12.9671201706,80.2174224854,61051,61061,10
12.9678201675,80.2176971436,61061,61072,11
12.9684000015,80.2179412842,61072,61082,10
12.9690799713,80.2182006836,61082,61092,10
12.9698801041,80.2185134888,61092,61102,10
12.9707202911,80.2188110352,61102,61112,10
12.9712295532,80.2189712524,61112,61122,10
12.9712400436,80.2189788818,61122,61132,10
12.9713802338,80.2190475464,61132,61142,10
12.9718399048,80.2192687988,61142,61152,10
12.9725399017,80.2195663452,61152,61162,10
12.9733800888,80.2199020386,61162,61172,10
12.9743995667,80.2203063965,61172,61193,21
12.9743995667,80.2203063965,61193,61203,10
12.9744997025,80.2203598022,61203,61213,10
12.9746704102,80.2204208374,61213,61223,10
12.9749002457,80.2205200195,61223,61233,10
12.9750099182,80.2205810547,61233,61243,10
12.9752397537,80.2206497192,61243,61253,10
12.9755001068,80.2207565308,61253,61263,10
12.9756202698,80.2209014893,61263,61273,10
12.9756202698,80.2209091187,61273,61283,10
12.9756698608,80.2210235596,61283,61293,10
12.9757699966,80.2211074829,61293,61304,11
12.9762201309,80.2212982178,61304,61324,20
12.9762201309,80.2212982178,61324,61334,10
12.9762897491,80.2212600708,61334,61344,10
12.9766302109,80.221282959,61344,61354,10
12.9771404266,80.221282959,61354,61364,10
12.9776802063,80.2212371826,61364,61374,10
12.9782495499,80.2212219238,61374,61384,10
12.9787502289,80.2211990356,61384,61394,10
12.9792499542,80.2211608887,61394,61404,10
12.9797496796,80.2211227417,61404,61414,10
12.9803199768,80.2210617065,61414,61425,11
12.9810495377,80.2210769653,61425,61435,10
12.9816398621,80.2213592529,61435,61445,10
12.9817304611,80.2214126587,61445,61455,10
12.9818696976,80.2215423584,61455,61475,20
12.9818696976,80.2215423584,61475,61485,10
12.9820699692,80.2216567993,61485,61495,10
12.9822301865,80.2217636108,61495,61505,10
12.9825801849,80.2218704224,61505,61515,10
12.9826002121,80.2218704224,61515,61525,10
12.9829301834,80.2219772339,61525,61536,11
12.9830703735,80.222038269,61536,61546,10
12.9830999374,80.2220687866,61546,61556,10
12.9831399918,80.2220993042,61556,61566,10
12.9832496643,80.2221832275,61566,61576,10
12.983499527,80.2223587036,61576,61586,10
12.9836597443,80.2224578857,61586,61596,10
12.983880043,80.2225875854,61596,61606,10
12.9841995239,80.2227783203,61606,61616,10
12.9846601486,80.2230606079,61616,61626,10
12.9851999283,80.2232818604,61626,61636,10
12.9855604172,80.2231521606,61636,61646,10
12.9859800339,80.2229690552,61646,61657,11
12.9866104126,80.2229919434,61657,61667,10
12.9869699478,80.2230377197,61667,61677,10
12.9870300293,80.2230529785,61677,61687,10
12.9870996475,80.2230529785,61687,61697,10
12.9872598648,80.2230834961,61697,61707,10
12.9874897003,80.2230911255,61707,61717,10
12.987830162,80.2230224609,61717,61727,10
12.9883203506,80.22265625,61727,61737,10
12.9889001846,80.2220916748,61737,61747,10
12.9893798828,80.2214813232,61747,61757,10
12.9898900986,80.2208328247,61757,61768,11
12.990530014,80.2202835083,61768,61788,20
12.990530014,80.2202835083,61788,61798,10
12.9906902313,80.220161438,61798,61808,10
12.9909696579,80.2199630737,61808,61818,10
12.9912395477,80.2197418213,61818,61828,10
12.9912595749,80.2197265625,61828,61838,10
12.991399765,80.219619751,61838,61848,10
12.9916200638,80.2194366455,61848,61858,10
12.991979599,80.2191925049,61858,61874,16
12.9929103851,80.2185287476,61874,61886,12
12.9937400818,80.2179336548,61886,61897,11
12.9943199158,80.2175064087,61897,61905,8
12.9948797226,80.2171020508,61905,61917,12
12.9955396652,80.2167282104,61917,61927,10
12.9962701797,80.2165527344,61927,61937,10
12.9970397949,80.2164611816,61937,61947,10
12.9974498749,80.2161712646,61947,61966,19
12.9974498749,80.2161712646,61966,61977,11
12.9976396561,80.2160491943,61977,61987,10
12.9980297089,80.2157211304,61987,61997,10
12.9985904694,80.2151794434,61997,62008,11
12.9990797043,80.2147369385,62008,62018,10
12.9993896484,80.2144775391,62018,62028,10
12.9998502731,80.2141036987,62028,62038,10
13.0001602173,80.2138214111,62038,62048,10
13.0007896423,80.2132797241,62048,62058,10
13.0012998581,80.2128829956,62058,62068,10
13.0019302368,80.2124328613,62068,62078,10
13.0025396347,80.2121276855,62078,62088,10
13.0030002594,80.2120819092,62088,62098,10
13.0035400391,80.2120513916,62098,62108,10
13.0038204193,80.212020874,62108,62119,11
13.0043001175,80.2121734619,62119,62129,10
13.0048799515,80.2124404907,62129,62139,10
13.0055799484,80.2128372192,62139,62149,10
13.0062198639,80.2127990723,62149,62159,10
13.0068702698,80.2127532959,62159,62169,10
13.0075597763,80.2128372192,62169,62179,10
13.0079097748,80.2130889893,62179,62229,50
13.0079097748,80.2130889893,62229,62240,11
13.0081195831,80.2132415771,62240,62250,10
13.0086202621,80.2135162354,62250,62260,10
13.0091199875,80.2142028809,62260,62270,10
13.0095901489,80.2148971558,62270,62280,10
13.0098800659,80.2152328491,62280,62290,10
13.0101203918,80.215637207,62290,62300,10
13.0105800629,80.2162704468,62300,62310,10
13.0108604431,80.2169723511,62310,62320,10
13.0111999512,80.2177734375,62320,62330,10
13.0115699768,80.2187728882,62330,62340,10
13.011879921,80.2197113037,62340,62349,9
13.012140274,80.2204971313,62349,62361,12
13.0124998093,80.2213516235,62361,62371,10
13.0127296448,80.2216567993,62371,62381,10
13.0130796432,80.2220687866,62381,62391,10
13.013469696,80.2226028442,62391,62401,10
13.0139198303,80.2232208252,62401,62411,10
13.0142402649,80.2236175537,62411,62421,10
13.0145597458,80.223991394,62421,62432,11
13.0150699615,80.2246170044,62432,62441,9
13.015370369,80.224899292,62441,62451,10
13.0156002045,80.2250823975,62451,62461,10
13.0156402588,80.225112915,62461,62472,11
13.0160503387,80.2253494263,62472,62482,10
13.0168304443,80.2252197266,62482,62491,9
13.0177097321,80.2248764038,62491,62502,11
13.018819809,80.2244415283,62502,62512,10
13.0196504593,80.2245483398,62512,62522,10
13.0202598572,80.224937439,62522,62532,10
13.0207595825,80.2252731323,62532,62542,10
13.0212402344,80.2256164551,62542,62552,10
13.022069931,80.2262268066,62552,62572,20
13.022069931,80.2262268066,62572,62582,10
13.0222196579,80.2263793945,62582,62593,11
13.0227499008,80.2268676758,62593,62603,10
13.0234098434,80.2274780273,62603,62613,10
13.0239295959,80.2279129028,62613,62623,10
13.0239896774,80.2279663086,62623,62633,10
13.0240602493,80.2280502319,62633,62643,10
13.0242004395,80.2282180786,62643,62653,10
13.0244197845,80.2285308838,62653,62663,10
13.024600029,80.2287979126,62663,62673,10
13.0247602463,80.229057312,62673,62683,10
13.0251197815,80.2295379639,62683,62693,10
13.0255002975,80.2300033569,62693,62704,11
13.025639534,80.2301712036,62704,62734,30
13.025639534,80.2301712036,62734,62744,10
13.0256500244,80.2302017212,62744,62754,10
13.0257396698,80.2303466797,62754,62764,10
13.0258197784,80.2305526733,62764,62774,10
13.0259304047,80.2308120728,62774,62784,10
13.0260095596,80.2311325073,62784,62794,10
13.026140213,80.2313766479,62794,62804,10
13.0266304016,80.231262207,62804,62814,10
13.0272502899,80.2311019897,62814,62825,11
13.0275096893,80.2310409546,62825,62835,10
13.0277996063,80.2309875488,62835,62855,20
13.0277996063,80.2309875488,62855,62865,10
13.0280103683,80.23097229,62865,62875,10
13.0282697678,80.2309265137,62875,62885,10
13.0284700394,80.2309188843,62885,62895,10
13.0286397934,80.2309112549,62895,62905,10
13.0291204453,80.2308807373,62905,62915,10
13.0293197632,80.2308578491,62915,62925,10
13.0299100876,80.230796814,62925,62935,10
13.0299100876,80.230796814,62935,62946,11
13.0303697586,80.2307510376,62946,62956,10
13.0306100845,80.2307434082,62956,62966,10
13.0308904648,80.2307128906,62966,62976,10
13.0312404633,80.230682373,62976,62986,10
13.0316200256,80.2306365967,62986,62996,10
13.0319404602,80.2306213379,62996,63007,11
13.0325603485,80.2305526733,63007,63017,10
13.0331001282,80.2305221558,63017,63058,41
13.0331001282,80.2305221558,63058,63068,10
13.0334100723,80.2305297852,63068,63088,20
13.0334100723,80.2305297852,63088,63098,10
13.0337200165,80.2305221558,63098,63108,10
13.034070015,80.2304763794,63108,63118,10
13.0345096588,80.2303924561,63118,63128,10
13.0349197388,80.2301864624,63128,63158,30
13.0349197388,80.2301864624,63158,63168,10
13.0347299576,80.2298965454,63168,63663,495
13.0343704224,80.2299118042,63663,63784,121
13.0342197418,80.2302627563,63784,63875,91
13.0342197418,80.2302627563,63875,63885,10
13.0340299606,80.2305679321,63885,63895,10
13.0335798264,80.2305374146,63895,63905,10
13.0330295563,80.2305679321,63905,63915,10
13.0323400497,80.2306213379,63915,63925,10
13.0313997269,80.2306976318,63925,64006,81
13.0313997269,80.2306976318,64006,64016,10
13.0310602188,80.2307662964,64016,64026,10
13.0309200287,80.230758667,64026,64042,16
13.0306997299,80.230758667,64042,64054,12
13.0302600861,80.2307891846,64054,64064,10
13.0297298431,80.2308273315,64064,64074,10
13.0293197632,80.2308578491,64074,64084,10
13.0286397934,80.2309494019,64084,64094,10
13.0280599594,80.2309875488,64094,64105,11
13.0277004242,80.2310562134,64105,64115,10
13.0276899338,80.2313995361,64115,64125,10
13.027759552,80.2320098877,64125,64135,10
13.0278997421,80.2326583862,64135,64145,10
13.0275802612,80.2329025269,64145,64155,10
13.0269002914,80.2330093384,64155,64226,71
13.0269002914,80.2330093384,64226,64236,10
13.0266399384,80.2330780029,64236,64246,10
13.0263204575,80.2328414917,64246,64256,10
13.0261497498,80.2323532104,64256,64266,10
13.0260601044,80.2319107056,64266,64276,10
13.0258998871,80.2313919067,64276,64286,10
13.0256795883,80.2306518555,64286,64296,10
13.0252103806,80.2298812866,64296,64306,10
13.0249004364,80.2294998169,64306,64316,10
13.0246801376,80.2292098999,64316,64326,10
13.0245800018,80.2290725708,64326,64336,10
13.024310112,80.2287063599,64336,64347,11
13.0238599777,80.2281570435,64347,64357,10
13.0235996246,80.2278823853,64357,64373,16
13.0231599808,80.2275238037,64373,64395,22
13.0231599808,80.2275238037,64395,64404,9
13.0229196548,80.2273101807,64404,64415,11
13.0227804184,80.2272186279,64415,64425,10
13.0226602554,80.2270812988,64425,64435,10
13.0226097107,80.2269821167,64435,64445,10
13.0225095749,80.2267837524,64445,64456,11
13.0220098495,80.2263717651,64456,64466,10
13.021490097,80.2259674072,64466,64476,10
13.0210199356,80.2256011963,64476,64486,10
13.0206298828,80.2253417969,64486,64496,10
13.0203504562,80.225151062,64496,64506,10
13.0202198029,80.2250671387,64506,64516,10
13.0200796127,80.2249908447,64516,64526,10
13.0198698044,80.2248382568,64526,64536,10
13.0194501877,80.2246017456,64536,64546,10
13.0187101364,80.2245635986,64546,64556,10
13.0178098679,80.2249298096,64556,64566,10
13.0170001984,80.2252578735,64566,64577,11
13.0164604187,80.2254867554,64577,64587,10
13.0159101486,80.225692749,64587,64597,10
13.0152797699,80.2259292603,64597,64607,10
13.0145998001,80.2262191772,64607,64617,10
13.0140695572,80.2264709473,64617,64627,10
13.0140399933,80.2264785767,64627,64637,10
13.0138902664,80.2265625,64637,64647,10
13.013420105,80.2266693115,64647,64657,10
13.0128002167,80.2268829346,64657,64667,10
13.0120096207,80.227180481,64667,64677,10
13.0110902786,80.2275390625,64677,64687,10
13.0101299286,80.2279205322,64687,64698,11
13.0094995499,80.2277832031,64698,64708,10
13.0096502304,80.2273025513,64708,64718,10
13.0099802017,80.2266082764,64718,64728,10
13.0103397369,80.2258224487,64728,64738,10
13.0105400085,80.2253723145,64738,64748,10
13.0105495453,80.2253570557,64748,64758,10
13.0106601715,80.2250671387,64758,64768,10
13.010890007,80.2245788574,64768,64778,10
13.011179924,80.2239227295,64778,64788,10
13.0112800598,80.2236022949,64788,64798,10
13.0112695694,80.2236022949,64798,64809,11
13.0112695694,80.2235412598,64809,64819,10
13.0114297867,80.2230911255,64819,64829,10
13.0117397308,80.2223587036,64829,64839,10
13.0120000839,80.2215270996,64839,64849,10
13.0121202469,80.2210464478,64849,64859,10
13.0119104385,80.2203292847,64859,64869,10
13.011639595,80.2195281982,64869,64879,10
13.0113697052,80.2187423706,64879,64889,10
13.0111398697,80.2179870605,64889,64899,10
13.010840416,80.2172927856,64899,64909,10
13.0105695724,80.2166976929,64909,64919,10
13.010219574,80.2161026001,64919,64930,11
13.0099201202,80.2154312134,64930,64940,10
13.0096502304,80.2150192261,64940,64950,10
13.0092697144,80.2145385742,64950,64960,10
13.0087995529,80.2138824463,64960,64970,10
13.0083799362,80.213470459,64970,65010,40
13.0082798004,80.2134170532,65010,65030,20
13.0082798004,80.2134170532,65030,65041,11
13.0080699921,80.2133331299,65041,65051,10
13.0079498291,80.2132720947,65051,65061,10
13.0079202652,80.2132492065,65061,65071,10
13.0077295303,80.2130584717,65071,65081,10
13.0073099136,80.2128677368,65081,65091,10
13.0068998337,80.2127990723,65091,65101,10
13.0063695908,80.2128219604,65101,65111,10
13.0058403015,80.2130432129,65111,65120,9
13.0054502487,80.2128372192,65120,65131,11
13.0051002502,80.2126312256,65131,65141,10
13.0048904419,80.2124862671,65141,65151,10
13.0047397614,80.2124099731,65151,65162,11
13.0041399002,80.2121810913,65162,65172,10
13.0036802292,80.2121200562,65172,65182,10
13.0033197403,80.2121276855,65182,65192,10
13.0029296875,80.2121124268,65192,65202,10
13.0025997162,80.2121582031,65202,65212,10
13.002120018,80.2123794556,65212,65222,10
13.0018396378,80.2125701904,65222,65232,10
13.001449585,80.2128601074,65232,65242,10
13.0011196136,80.2131118774,65242,65252,10
13.0007696152,80.2133789063,65252,65262,10
13.0003204346,80.2137908936,65262,65272,10
12.999879837,80.2142105103,65272,65283,11
12.9995002747,80.2145309448,65283,65293,10
12.9991502762,80.2148284912,65293,65303,10
12.9988698959,80.2150726318,65303,65313,10
12.9983701706,80.2154998779,65313,65323,10
12.9977798462,80.216003418,65323,65333,10
12.9974603653,80.2163085938,65333,65343,10
12.9974498749,80.2163162231,65343,65353,10
12.9973602295,80.2164230347,65353,65363,10
12.997300148,80.216506958,65363,65373,10
12.9970798492,80.2165679932,65373,65383,10
12.9965896606,80.2165985107,65383,65394,11
12.9962301254,80.2166213989,65394,65404,10
12.9959096909,80.2166824341,65404,65414,10
12.9955196381,80.2168121338,65414,65424,10
12.995349884,80.2169036865,65424,65434,10
12.9950799942,80.2170791626,65434,65444,10
12.994720459,80.2173233032,65444,65454,10
12.994310379,80.2176132202,65454,65464,10
12.994020462,80.2178115845,65464,65474,10
12.9937696457,80.2179870605,65474,65484,10
12.9933004379,80.2183303833,65484,65494,10
12.9926900864,80.2187805176,65494,65504,10
12.9920196533,80.2192993164,65504,65515,11
12.9916496277,80.219581604,65515,65525,10
12.9914798737,80.2196731567,65525,65541,16
12.9907903671,80.2202072144,65541,65553,12
12.9907598495,80.2202377319,65553,65563,10
12.9907197952,80.2202987671,65563,65573,10
12.9905796051,80.2203979492,65573,65583,10
12.9902000427,80.2206802368,65583,65592,9
12.9897203445,80.2211608887,65592,65603,11
12.9894104004,80.2215194702,65603,65614,11
12.9890699387,80.2219619751,65614,65624,10
12.9885396957,80.2225494385,65624,65635,11
12.9880599976,80.2229766846,65635,65644,9
12.9876003265,80.2231521606,65644,65655,11
12.9872503281,80.2231292725,65655,65666,11
12.9868602753,80.2230377197,65666,65676,10
12.9863004684,80.2229995728,65676,65686,10
12.9857997894,80.2230606079,65686,65696,10
12.9854803085,80.2232971191,65696,65706,10
12.9849996567,80.2232131958,65706,65716,10
12.9844999313,80.2229537964,65716,65726,10
12.9840698242,80.2227172852,65726,65736,10
12.9840497971,80.2227172852,65736,65747,11
12.9837598801,80.2225570679,65747,65757,10
12.9833402634,80.2222824097,65757,65777,20
12.9833402634,80.2222824097,65777,65787,10
12.9832201004,80.2221832275,65787,65797,10
12.9829502106,80.2220230103,65797,65807,10
12.9827003479,80.2218933105,65807,65817,10
12.9822797775,80.221786499,65817,65827,10
12.9818696976,80.2215576172,65827,65837,10
12.9815702438,80.2213668823,65837,65847,10
12.9813203812,80.2212295532,65847,65857,10
12.9807796478,80.2210769653,65857,65868,11
12.9799203873,80.2211532593,65868,65878,10
12.9794101715,80.2211837769,65878,65888,10
12.9788198471,80.2212219238,65888,65898,10
12.9781799316,80.2212295532,65898,65908,10
12.9774599075,80.2212524414,65908,65918,10
12.9768104553,80.221282959,65918,65928,10
12.9762601852,80.2212982178,65928,65938,10
12.9759397507,80.2213287354,65938,65989,51
12.9757099152,80.2211914063,65989,66049,60
12.9757099152,80.2211914063,66049,66059,10
12.9755401611,80.2210083008,66059,66069,10
12.9753198624,80.2208404541,66069,66079,10
12.9750995636,80.2207489014,66079,66089,10
12.9745597839,80.220489502,66089,66100,11
12.9737300873,80.2201309204,66100,66110,10
12.972820282,80.2197875977,66110,66120,10
12.9719295502,80.2194900513,66120,66130,10
12.9708995819,80.2191696167,66130,66160,30
12.9708995819,80.2191696167,66160,66170,10
12.970700264,80.21900177,66170,66180,10
12.9703502655,80.2188034058,66180,66190,10
12.9698400497,80.2186203003,66190,66200,10
12.9693002701,80.218421936,66200,66211,11
12.9686603546,80.218170166,66211,66221,10
12.9680900574,80.2179412842,66221,66231,10
12.9675302505,80.2176895142,66231,66241,10
12.966799736,80.2174224854,66241,66251,10
12.9659204483,80.2170715332,66251,66261,10
12.9649200439,80.2166671753,66261,66271,10
12.9640703201,80.2163314819,66271,66281,10
12.9635696411,80.2161026001,66281,66291,10
12.9630203247,80.2158432007,66291,66301,10
12.9622297287,80.2155532837,66301,66311,10
12.9613304138,80.2151870728,66311,66321,10
12.9602804184,80.2147827148,66321,66332,11
12.9591999054,80.2143325806,66332,66342,10
12.9581298828,80.2138977051,66342,66352,10
12.9570798874,80.2134933472,66352,66362,10
12.9560098648,80.2130508423,66362,66372,10
12.9549598694,80.2126693726,66372,66382,10
12.9541501999,80.212348938,66382,66392,10
12.9536104202,80.2121582031,66392,66402,10
12.9529895782,80.2118911743,66402,66412,10
12.952170372,80.2115402222,66412,66422,10
12.9512500763,80.2111663818,66422,66432,10
12.9502000809,80.2107620239,66432,66442,10
12.9491996765,80.210357666,66442,66453,11
12.9481401443,80.2099533081,66453,66463,10
12.947019577,80.2095184326,66463,66473,10
12.9457998276,80.2090606689,66473,66483,10
12.9447002411,80.2086181641,66483,66493,10
12.9441995621,80.2084274292,66493,66503,10
12.9441604614,80.2084197998,66503,66513,10
12.9437999725,80.2082519531,66513,66523,10
12.9433298111,80.2080383301,66523,66533,10
12.9428796768,80.2076416016,66533,66543,10
12.9426298141,80.2072906494,66543,66553,10
12.9422702789,80.2069320679,66553,66564,11
12.9416503906,80.2064437866,66564,66574,10
12.9411096573,80.2061309814,66574,66594,20
12.9411096573,80.2061309814,66594,66604,10
12.9409503937,80.2060470581,66604,66614,10
12.9405097961,80.2058563232,66614,66624,10
12.9400100708,80.2057189941,66624,66634,10
12.9395999908,80.2055892944,66634,66644,10
12.9389896393,80.2053985596,66644,66654,10
12.9383001328,80.2051773071,66654,66664,10
12.9375696182,80.2049789429,66664,66674,10
12.9367399216,80.2047424316,66674,66685,11
12.9357795715,80.204460144,66685,66695,10
12.9351596832,80.2041702271,66695,66705,10
12.9344501495,80.2040100098,66705,66714,9
12.9338903427,80.2039794922,66714,66725,11
12.9338302612,80.2039794922,66725,66735,10
12.9337501526,80.2039794922,66735,66746,11
12.9334001541,80.2039108276,66746,66756,10
12.9329996109,80.2037582397,66756,66766,10
12.9324598312,80.2035598755,66766,66776,10
12.9316797256,80.2033004761,66776,66786,10
12.9308700562,80.2030410767,66786,66797,11
12.9302101135,80.2029037476,66797,66807,10
12.9294300079,80.2028121948,66807,66827,20
12.9294300079,80.2028121948,66827,66837,10
12.9292602539,80.2027816772,66837,66847,10
12.9289503098,80.2027435303,66847,66857,10
12.9285497665,80.2025680542,66857,66867,10
12.9284696579,80.2020568848,66867,66877,10
12.928440094,80.201423645,66877,66887,10
12.9284095764,80.2005767822,66887,66897,10
12.9282903671,80.1997680664,66897,66907,10
12.9279899597,80.1990432739,66907,66918,11
12.9275503159,80.1983032227,66918,66928,10
12.9268798828,80.1978302002,66928,66938,10
12.9261198044,80.197593689,66938,66948,10
12.9255800247,80.1975631714,66948,66958,10
12.9253196716,80.1975631714,66958,66968,10
12.9247703552,80.1975479126,66968,66978,10
12.9239702225,80.1975479126,66978,66988,10
12.9233398438,80.1975097656,66988,66998,10
12.9227600098,80.1974334717,66998,67008,10
12.922129631,80.1973571777,67008,67018,10
12.9220104218,80.1973419189,67018,67029,11
12.9218301773,80.1972885132,67029,67039,10
12.9214096069,80.1971282959,67039,67049,10
12.9209499359,80.1969528198,67049,67059,10
12.92029953,80.1967315674,67059,67069,10
12.9196395874,80.1965026855,67069,67078,9
12.9193096161,80.1963119507,67078,67089,11
12.9188604355,80.1959686279,67089,67099,10
12.9184999466,80.195640564,67099,67109,10
12.9179601669,80.1951370239,67109,67119,10
12.9172401428,80.194442749,67119,67170,51
12.9172401428,80.194442749,67170,67180,10
12.9171304703,80.1942520142,67180,67190,10
12.9170303345,80.1940078735,67190,67200,10
12.9169902802,80.1937332153,67200,67210,10
12.9169797897,80.1934967041,67210,67220,10
12.9170198441,80.1931533813,67220,67230,10
12.9170398712,80.1928634644,67230,67240,10
12.9170799255,80.1924819946,67240,67271,31
12.9170799255,80.1924819946,67271,67281,10
12.9170799255,80.1923828125,67281,67291,10
12.9171199799,80.1921463013,67291,67301,10
12.9171495438,80.1920394897,67301,67311,10
12.9171800613,80.1918182373,67311,67321,10
12.9172401428,80.1913375854,67321,67351,30
12.9172401428,80.1913375854,67351,67361,10
12.9173002243,80.1910934448,67361,67371,10
12.9173297882,80.1906204224,67371,67382,11
12.9174003601,80.1900634766,67382,67392,10
12.9175796509,80.1894073486,67392,67402,10
12.9179601669,80.1887588501,67402,67412,10
12.9184503555,80.1881866455,67412,67422,10
12.9187698364,80.1878814697,67422,67432,10
12.9192399979,80.1873321533,67432,67442,10
12.9198598862,80.1866378784,67442,67452,10
12.9205303192,80.185798645,67452,67462,10
12.9204797745,80.1851425171,67462,67472,10
12.9203195572,80.1845092773,67472,67482,10
12.9202203751,80.1840591431,67482,67493,11
12.9201498032,80.1838226318,67493,67503,10
12.9201002121,80.1835708618,67503,67513,10
12.9200201035,80.1831588745,67513,67523,10
12.9198703766,80.1826019287,67523,67543,20
12.9198703766,80.1826019287,67543,67553,10
12.9197797775,80.182182312,67553,67563,10
12.9196395874,80.1815032959,67563,67573,10
12.9194602966,80.1806411743,67573,67583,10
12.9192304611,80.1796569824,67583,67593,10
12.9188699722,80.1790390015,67593,67603,10
12.9185800552,80.1786499023,67603,67614,11
12.9181604385,80.1779174805,67614,67624,10
12.9182195663,80.1771774292,67624,67634,10
12.9182901382,80.1766662598,67634,67644,10
12.9183197021,80.1765975952,67644,67654,10
12.918390274,80.1762237549,67654,67664,10
12.9185800552,80.175567627,67664,67674,10
12.9187898636,80.1747207642,67674,67684,10
12.9190502167,80.1736831665,67684,67694,10
12.9193296432,80.1725616455,67694,67704,10
12.9195299149,80.1717605591,67704,67714,10
12.9196395874,80.1713180542,67714,67724,10
12.9197397232,80.1710205078,67724,67735,11
12.9197702408,80.1709136963,67735,67745,10
12.9198598862,80.1706695557,67745,67755,10
12.9200696945,80.1700210571,67755,67765,10
12.9203596115,80.1691207886,67765,67775,10
12.9206800461,80.1681213379,67775,67785,10
12.9209499359,80.1672515869,67785,67795,10
12.921210289,80.1664123535,67795,67805,10
12.9216804504,80.1650085449,67805,67815,10
12.9219799042,80.1640014648,67815,67825,10
12.9221897125,80.1633071899,67825,67835,10
12.9223604202,80.1627807617,67835,67846,11
12.9226198196,80.1620407104,67846,67856,10
12.9228801727,80.1612014771,67856,67866,10
12.9230203629,80.1606369019,67866,67876,10
12.9230499268,80.1605911255,67876,67886,10
12.9231595993,80.1602630615,67886,67896,10
12.9232797623,80.1597824097,67896,67906,10
12.923330307,80.159286499,67906,67916,10
12.9233999252,80.1585235596,67916,67926,10
12.9234895706,80.1575775146,67926,67936,10
12.9235496521,80.1567077637,67936,67946,10
12.9235897064,80.1558914185,67946,67956,10
12.9234304428,80.1552810669,67956,67967,11
12.9233598709,80.1550827026,67967,67977,10
12.9233703613,80.1550521851,67977,67987,10
12.9232797623,80.1546173096,67987,67997,10
12.9231004715,80.1538772583,67997,68007,10
12.9227199554,80.1525115967,68007,68047,40
12.9227199554,80.1525115967,68047,68057,10
12.9226503372,80.1522216797,68057,68067,10
12.9226198196,80.1519012451,68067,68078,11
12.9226102829,80.1513977051,68078,68088,10
12.9226102829,80.1508102417,68088,68098,10
12.9225902557,80.1501235962,68098,68108,10
12.9225702286,80.1493988037,68108,68118,10
12.9225196838,80.1485671997,68118,68128,10
12.9225101471,80.1478805542,68128,68138,10
12.9224996567,80.1476135254,68138,68148,10
12.9224901199,80.1471710205,68148,68158,10
12.9224796295,80.1470565796,68158,68168,10
12.9224796295,80.1467590332,68168,68178,10
12.9224796295,80.146232605,68178,68195,17
12.9224395752,80.1450271606,68195,68207,12
12.922419548,80.1439208984,68207,68215,8
12.9224004745,80.1432571411,68215,68297,82
12.9224004745,80.1432571411,68297,68308,11
12.9224004745,80.1428604126,68308,68318,10
12.9223804474,80.1424484253,68318,68328,10
12.9223403931,80.1415863037,68328,68348,20
12.9223403931,80.1415863037,68348,68358,10
12.9223299026,80.1413879395,68358,68368,10
12.9223299026,80.1408691406,68368,68378,10
12.9223203659,80.1405715942,68378,68388,10
12.9223203659,80.1402511597,68388,68398,10
12.9223098755,80.1396636963,68398,68408,10
12.9223098755,80.1389312744,68408,68418,10
12.9223499298,80.1385498047,68418,68429,11
12.9223604202,80.1384963989,68429,68439,10
12.9223804474,80.1382217407,68439,68449,10
12.9224004745,80.1375732422,68449,68459,10
12.9224500656,80.1366577148,68459,68469,10
12.9224796295,80.1356735229,68469,68479,10
12.9225196838,80.1345977783,68479,68489,10
12.9225702286,80.1336135864,68489,68499,10
12.9225902557,80.1328887939,68499,68509,10
12.9225997925,80.1322402954,68509,68519,10
12.9226198196,80.1314163208,68519,68529,10
12.9226303101,80.1312408447,68529,68539,10
12.922659874,80.1307830811,68539,68550,11
12.9226999283,80.1300201416,68550,68560,10
12.9227399826,80.129447937,68560,68570,10
12.9227695465,80.1288375854,68570,68580,10
12.9227800369,80.1286087036,68580,68590,10
12.9228096008,80.1283187866,68590,68600,10
12.922829628,80.1276626587,68600,68610,10
12.9228601456,80.1267623901,68610,68620,10
12.9228601456,80.125831604,68620,68630,10
12.9228696823,80.1256866455,68630,68640,10
12.9229001999,80.1254806519,68640,68650,10
12.9229097366,80.1249084473,68650,68661,11
12.922949791,80.1240005493,68661,68671,10
12.9229898453,80.123008728,68671,68681,10
12.9230499268,80.1218032837,68681,68691,10
12.923119545,80.1207885742,68691,68701,10
12.9231595993,80.1202163696,68701,68721,20
12.9231595993,80.1202163696,68721,68731,10
12.9231996536,80.1198120117,68731,68741,10
12.9232301712,80.119102478,68741,68751,10
12.9232597351,80.1184463501,68751,68761,10
12.9233398438,80.1179962158,68761,68771,10
12.9233999252,80.1170120239,68771,68842,71
12.9234600067,80.116859436,68842,68862,20
12.9234600067,80.116859436,68862,68872,10
12.923500061,80.1171875,68872,68882,10
12.9235200882,80.1175994873,68882,68893,11
12.9236297607,80.1177215576,68893,68903,10
12.9236402512,80.1179275513,68903,68913,10
12.9235496521,80.1184387207,68913,68923,10
12.9234895706,80.1191482544,68923,68933,10
12.9233798981,80.1201324463,68933,68963,30
12.9233798981,80.1201324463,68963,68973,10
12.9232997894,80.1204833984,68973,68983,10
12.9233102798,80.1211166382,68983,69548,565
12.9233102798,80.1211166382,69548,69558,10
12.9232196808,80.1212997437,69558,69568,10
12.9231901169,80.1215896606,69568,69578,10
12.9231700897,80.1220703125,69578,69588,10
12.923119545,80.1228179932,69588,69599,11
12.9231100082,80.1238174438,69599,69609,10
12.9230604172,80.1247406006,69609,69619,10
12.9230298996,80.1256637573,69619,69629,10
12.9229602814,80.1261978149,69629,69639,10
12.9229402542,80.1267929077,69639,69649,10
12.9229097366,80.1275405884,69649,69659,10
12.9229001999,80.128036499,69659,69669,10
12.9228696823,80.1283493042,69669,69679,10
12.9228401184,80.1289596558,69679,69689,10
12.9228000641,80.1296005249,69689,69699,10
12.9227800369,80.1298370361,69699,69710,11
12.9227600098,80.1302337646,69710,69720,10
12.9227600098,80.1308364868,69720,69730,10
12.922750473,80.1313705444,69730,69740,10
12.9227104187,80.131980896,69740,69750,10
12.9226903915,80.1326599121,69750,69760,10
12.922659874,80.1334075928,69760,69770,10
12.9226102829,80.1343612671,69770,69780,10
12.9225797653,80.1350708008,69780,69790,10
12.922539711,80.1357421875,69790,69800,10
12.9225101471,80.1364822388,69800,69810,10
12.9224796295,80.1370773315,69810,69820,10
12.9224500656,80.1377029419,69820,69831,11
12.922419548,80.1383972168,69831,69841,10
12.9223804474,80.1389083862,69841,69851,10
12.922369957,80.1397094727,69851,69861,10
12.9223899841,80.1404037476,69861,69871,10
12.9223899841,80.1409606934,69871,69881,10
12.9223899841,80.1416473389,69881,69891,10
12.922419548,80.1423110962,69891,69901,10
12.9224395752,80.1426620483,69901,69911,10
12.9224700928,80.1429672241,69911,69921,10
12.9224901199,80.1433486938,69921,69931,10
12.9225101471,80.1435623169,69931,69962,31
12.9225101471,80.1435623169,69962,69972,10
12.9224996567,80.1437911987,69972,69982,10
12.9224901199,80.1442565918,69982,69992,10
12.9225101471,80.1450195313,69992,70002,10
12.922539711,80.1458511353,70002,70012,10
12.9225597382,80.1466217041,70012,70022,10
12.9225997925,80.1470794678,70022,70032,10
12.9225997925,80.147102356,70032,70042,10
12.9226102829,80.1472473145,70042,70052,10
12.9226102829,80.1473770142,70052,70062,10
12.9225902557,80.1476821899,70062,70073,11
12.9225702286,80.1484527588,70073,70083,10
12.9226102829,80.1494064331,70083,70093,10
12.922659874,80.1505126953,70093,70103,10
12.9226799011,80.1512832642,70103,70113,10
12.9226999283,80.1519165039,70113,70123,10
12.922829628,80.1527175903,70123,70133,10
12.9230298996,80.1535110474,70133,70143,10
12.9232196808,80.1542434692,70143,70153,10
12.9233398438,80.1546936035,70153,70163,10
12.9233798981,80.154838562,70163,70174,11
12.9234304428,80.1549835205,70174,70184,10
12.9235401154,80.1554718018,70184,70194,10
12.9236698151,80.1563034058,70194,70204,10
12.9235801697,80.1574020386,70204,70214,10
12.9234600067,80.1586303711,70214,70224,10
12.9233598709,80.1597366333,70224,70234,10
12.9232501984,80.1604690552,70234,70253,19
12.9231595993,80.1607284546,70253,70265,12
12.9228897095,80.1615829468,70265,70274,9
12.9226198196,80.1624069214,70274,70285,11
12.9223804474,80.1631164551,70285,70296,11
12.9219703674,80.1643981934,70296,70306,10
12.9215898514,80.1655197144,70306,70316,10
12.9212703705,80.1665420532,70316,70326,10
12.9209604263,80.1675415039,70326,70336,10
12.9207296371,80.16822052,70336,70346,10
12.920419693,80.1692276001,70346,70356,10
12.9199104309,80.1709365845,70356,70376,20
12.9199104309,80.1709365845,70376,70386,10
12.9198598862,80.171081543,70386,70396,10
12.9196996689,80.1715927124,70396,70407,11
12.9194498062,80.1725006104,70407,70417,10
12.9191904068,80.1735229492,70417,70427,10
12.9188995361,80.174697876,70427,70437,10
12.9186096191,80.1758575439,70437,70447,10
12.918419838,80.1766433716,70447,70457,10
12.9182796478,80.1775283813,70457,70467,10
12.918419838,80.1783218384,70467,70477,10
12.9189596176,80.179069519,70477,70487,10
12.9194097519,80.1800613403,70487,70497,10
12.919670105,80.181312561,70497,70507,10
12.9199104309,80.1823730469,70507,70517,10
12.9201602936,80.1834869385,70517,70528,11
12.9203796387,80.184387207,70528,70538,10
12.9204797745,80.1848602295,70538,70548,10
12.9205598831,80.1851501465,70548,70558,10
12.9205703735,80.185218811,70558,70568,10
12.9206199646,80.1854782104,70568,70578,10
12.920539856,80.1859664917,70578,70594,16
12.919719696,80.1869430542,70594,70606,12
12.9191503525,80.1875762939,70606,70616,10
12.9189395905,80.1878433228,70616,70626,10
12.9184999466,80.1883010864,70626,70636,10
12.9180297852,80.1888504028,70636,70647,11
12.9176101685,80.1895828247,70647,70657,10
12.9174604416,80.1902618408,70657,70667,10
12.9173698425,80.1908874512,70667,70676,9
12.9172697067,80.1918334961,70676,70687,11
12.9171199799,80.1927566528,70687,70697,10
12.9170999527,80.1931304932,70697,70727,30
12.9170999527,80.1931304932,70727,70737,10
12.9170598984,80.1933288574,70737,70747,10
12.9170303345,80.1935272217,70747,70758,11
12.9170799255,80.1939163208,70758,70768,10
12.9171800613,80.1942901611,70768,70778,10
12.9174098969,80.1945877075,70778,70788,10
12.9179496765,80.195098877,70788,70798,10
12.918589592,80.1956787109,70798,70808,10
12.9191598892,80.1961669922,70808,70818,10
12.9197998047,80.1965179443,70818,70828,10
12.9205904007,80.1968002319,70828,70838,10
12.9212703705,80.1970291138,70838,70848,10
12.9220104218,80.1972808838,70848,70858,10
12.922750473,80.1974029541,70858,70868,10
12.9232997894,80.1974563599,70868,70879,11
12.9233398438,80.1974563599,70879,70889,10
12.9235801697,80.1975021362,70889,70899,10
12.9239196777,80.197517395,70899,70909,10
12.9243898392,80.197517395,70909,70919,10
12.9251003265,80.1975097656,70919,70929,10
12.9253702164,80.197517395,70929,70939,10
12.9259004593,80.197517395,70939,70949,10
12.9265804291,80.1976623535,70949,70959,10
12.927189827,80.1979675293,70959,70969,10
12.9277496338,80.1985015869,70969,70979,10
12.9280996323,80.1991729736,70979,70990,11
12.9283800125,80.1998901367,70990,71000,10
12.9284696579,80.2007827759,71000,71010,10
12.9285001755,80.201461792,71010,71020,10
12.9285202026,80.2019271851,71020,71030,10
12.928560257,80.2024383545,71030,71040,10
12.9290895462,80.2027206421,71040,71050,10
12.9294204712,80.2027587891,71050,71066,16
12.9299201965,80.2028274536,71066,71078,12
12.9306402206,80.2029571533,71078,71088,10
12.9308795929,80.2030105591,71088,71098,10
12.9312601089,80.2031326294,71098,71109,11
12.9319896698,80.2033691406,71109,71119,10
12.9325399399,80.2035598755,71119,71129,10
12.933139801,80.2037734985,71129,71139,10
12.9337997437,80.2039108276,71139,71149,10
12.9338903427,80.2039108276,71149,71159,10
12.9340295792,80.203918457,71159,71169,10
12.9343299866,80.2039489746,71169,71179,10
12.9348096848,80.2040176392,71179,71189,10
12.9354801178,80.2042922974,71189,71199,10
12.9362602234,80.2045516968,71199,71209,10
12.9371404648,80.2048034668,71209,71219,10
12.9380102158,80.2050476074,71219,71230,11
12.9385299683,80.2052001953,71230,71240,10
12.9391803741,80.205406189,71240,71250,10
12.9397296906,80.205581665,71250,71260,10
12.9399900436,80.2056427002,71260,71270,10
12.9402799606,80.2057418823,71270,71280,10
12.9409198761,80.2059631348,71280,71290,10
12.9416999817,80.2064208984,71290,71300,10
12.9424800873,80.20703125,71300,71310,10
12.9428596497,80.2075195313,71310,71320,10
12.943400383,80.2080383301,71320,71330,10
12.9441795349,80.2083511353,71330,71340,10
12.9443798065,80.2084197998,71340,71351,11
12.9447603226,80.2085800171,71351,71361,10
12.9454698563,80.2088394165,71361,71371,10
12.9463396072,80.2091827393,71371,71381,10
12.9471998215,80.2095184326,71381,71391,10
12.9479999542,80.2098312378,71391,71401,10
12.948800087,80.2101364136,71401,71411,10
12.9498500824,80.2105636597,71411,71421,10
12.9509601593,80.2110214233,71421,71431,10
12.9520196915,80.2114334106,71431,71441,10
12.9528999329,80.2117614746,71441,71451,10
12.9535598755,80.2120285034,71451,71462,11
12.9543800354,80.212348938,71462,71472,10
12.9551200867,80.212638855,71472,71482,10
12.9559698105,80.2129669189,71482,71492,10
12.9567499161,80.2132720947,71492,71502,10
12.9576702118,80.2136383057,71502,71512,10
12.9586601257,80.2140579224,71512,71522,10
12.9594497681,80.2143630981,71522,71532,10
12.9602298737,80.2146682739,71532,71542,10
12.9610300064,80.2149887085,71542,71552,10
12.9619503021,80.2153396606,71552,71562,10
12.9626398087,80.2156066895,71562,71573,11
12.9631996155,80.2157974243,71573,71583,10
12.9634599686,80.2159423828,71583,71593,10
12.9638900757,80.2161407471,71593,71603,10
12.9643602371,80.2163696289,71603,71613,10
12.9651403427,80.2166900635,71613,71623,10
12.9659404755,80.2170028687,71623,71633,10
12.9666996002,80.217300415,71633,71643,10
12.9674301147,80.217590332,71643,71653,10
12.9678297043,80.2177429199,71653,71663,10
12.9682798386,80.217918396,71663,71673,10
12.9690103531,80.2181777954,71673,71683,10
12.9699201584,80.2185592651,71683,71694,11
12.9709396362,80.2189712524,71694,71704,10
12.9714202881,80.2191390991,71704,71714,10
12.9716796875,80.2192230225,71714,71724,10
12.9720602036,80.2193832397,71724,71734,10
12.9726800919,80.219619751,71734,71744,10
12.9736404419,80.2199707031,71744,71784,40
12.9736404419,80.2199707031,71784,71794,10
12.9739398956,80.2201538086,71794,71805,11
12.9745998383,80.2204284668,71805,71815,10
12.9750995636,80.2206192017,71815,71915,100
12.9750995636,80.2206192017,71915,71926,11
12.9752197266,80.2206115723,71926,71936,10
12.9754495621,80.2207183838,71936,72026,90
12.9754495621,80.2207183838,72026,72037,11
12.9757404327,80.2210388184,72037,72047,10
12.9761800766,80.2212600708,72047,72077,30
12.9761800766,80.2212600708,72077,72087,10
12.9763803482,80.2212677002,72087,72097,10
12.9766998291,80.2212600708,72097,72107,10
12.9771699905,80.2212600708,72107,72117,10
12.977399826,80.2212371826,72117,72127,10
12.9779195786,80.2212295532,72127,72137,10
12.9782400131,80.2212219238,72137,72147,10
12.9785604477,80.2211914063,72147,72158,11
12.9790697098,80.2211380005,72158,72168,10
12.979640007,80.2211074829,72168,72178,10
12.9802703857,80.2210388184,72178,72188,10
12.9806804657,80.2210083008,72188,72198,10
12.9811000824,80.2210769653,72198,72208,10
12.981300354,80.2211837769,72208,72218,10
12.9817800522,80.2215194702,72218,72234,16
12.9823503494,80.2218017578,72234,72246,12
12.9828796387,80.2220001221,72246,72277,31
12.9828796387,80.2220001221,72277,72287,10
12.9830999374,80.2221221924,72287,72297,10
12.9834699631,80.2223815918,72297,72317,20
12.9834699631,80.2223815918,72317,72327,10
12.9835996628,80.2224578857,72327,72337,10
12.9839296341,80.2226409912,72337,72347,10
12.9841003418,80.2227401733,72347,72357,10
12.984459877,80.2229537964,72357,72367,10
12.9848003387,80.2231674194,72367,72377,10
12.9852895737,80.2233276367,72377,72388,11
12.9856796265,80.2230606079,72388,72398,10
12.9861803055,80.2229919434,72398,72408,10
12.9866600037,80.2230072021,72408,72418,10
12.986989975,80.2230606079,72418,72458,40
12.986989975,80.2230606079,72458,72468,10
12.9871196747,80.2230987549,72468,72478,10
12.9873104095,80.2231216431,72478,72488,10
12.9875097275,80.2231216431,72488,72498,10
12.9878101349,80.2230377197,72498,72509,11
12.9883098602,80.2226409912,72509,72519,10
12.9886302948,80.222328186,72519,72529,10
12.9891195297,80.2217636108,72529,72539,10
12.9897003174,80.2210083008,72539,72549,10
12.99036026,80.2203826904,72549,72559,10
12.990480423,80.2202835083,72559,72569,10
12.9907999039,80.2200393677,72569,72579,10
12.9913101196,80.2196502686,72579,72589,10
12.9918003082,80.2192993164,72589,72599,10
12.9925003052,80.2188110352,72599,72609,10
12.993180275,80.2182998657,72609,72619,10
12.9938297272,80.2178421021,72619,72630,11
12.9945001602,80.2173461914,72630,72640,10
12.99477005,80.2171401978,72640,72650,10
12.9948196411,80.2171096802,72650,72660,10
12.9951696396,80.2169036865,72660,72670,10
12.9958496094,80.2166290283,72670,72680,10
12.9965696335,80.216506958,72680,72700,20
12.9965696335,80.216506958,72700,72710,10
12.9967603683,80.2165222168,72710,72720,10
12.9969100952,80.2164993286,72720,72730,10
12.9971599579,80.2164611816,72730,72741,11
12.9975004196,80.2161026001,72741,72751,10
12.9975795746,80.2160263062,72751,72761,10
12.9979600906,80.2157211304,72761,72771,10
12.9985399246,80.2151794434,72771,72781,10
12.9990596771,80.2147216797,72781,72791,10
12.9994096756,80.2144165039,72791,72801,10
12.9998397827,80.2140731812,72801,72811,10
13.0002002716,80.213760376,72811,72821,10
13.0009403229,80.2131271362,72821,72831,10
13.0013999939,80.2127609253,72831,72841,10
13.0016899109,80.212562561,72841,72851,10
13.0021896362,80.2122421265,72851,72862,11
13.0028400421,80.2120895386,72862,72872,10
13.0036401749,80.2120132446,72872,72892,20
13.0036401749,80.2120132446,72892,72902,10
13.0039196014,80.212020874,72902,72912,10
13.0043401718,80.2122116089,72912,72922,10
13.0049200058,80.2124786377,72922,72932,10
13.0054197311,80.2127990723,72932,72942,10
13.0060997009,80.2128677368,72942,72952,10
13.0067996979,80.2127609253,72952,72961,9
13.0073003769,80.2128219604,72961,72973,12
13.0078401566,80.2130966187,72973,73043,70
13.0078401566,80.2130966187,73043,73053,10
13.0081701279,80.2133102417,73053,73063,10
13.0085601807,80.2135009766,73063,73073,10
13.0090303421,80.2141113281,73073,73083,10
13.0094995499,80.2147979736,73083,73094,11
13.0096998215,80.2151031494,73094,73104,10
13.0100603104,80.2155609131,73104,73114,10
13.0106201172,80.2162322998,73114,73124,10
13.0108604431,80.2170028687,73124,73134,10
13.0111904144,80.2177963257,73134,73144,10
13.0115203857,80.2186889648,73144,73154,10
13.0118103027,80.2196121216,73154,73164,10
13.012140274,80.2205963135,73164,73174,10
13.0124702454,80.2213821411,73174,73183,9
13.0128297806,80.221862793,73183,73194,11
13.0133600235,80.2225112915,73194,73205,11
13.013879776,80.2232131958,73205,73215,10
13.0142202377,80.2236175537,73215,73225,10
13.0144796371,80.2239227295,73225,73235,10
13.0149202347,80.2244873047,73235,73245,10
13.0149698257,80.2245483398,73245,73255,10
13.0151500702,80.2247924805,73255,73265,10
13.0155296326,80.2251281738,73265,73275,10
13.0162696838,80.2253570557,73275,73285,10
13.0170097351,80.2251434326,73285,73295,10
13.0179395676,80.2247772217,73295,73305,10
13.018819809,80.2244262695,73305,73315,10
13.0194196701,80.2244033813,73315,73326,11
13.0196800232,80.2245407104,73326,73336,10
13.0200004578,80.2247695923,73336,73346,10
13.020409584,80.2250823975,73346,73356,10
13.0206098557,80.2252120972,73356,73366,10
13.0207195282,80.2252883911,73366,73376,10
13.0208396912,80.2253799438,73376,73392,16
13.0212402344,80.2257003784,73392,73404,12
13.0217599869,80.2260665894,73404,73414,10
13.0220403671,80.2262802124,73414,73424,10
13.0222196579,80.2264404297,73424,73434,10
13.0227203369,80.226890564,73434,73445,11
13.0235004425,80.2276000977,73445,73454,9
13.0243597031,80.2285308838,73454,73485,31
13.0243597031,80.2285308838,73485,73495,10
13.0243797302,80.2285690308,73495,73505,10
13.0245895386,80.2288894653,73505,73515,10
13.0250301361,80.2294921875,73515,73525,10
13.0256500244,80.2303237915,73525,73535,10
13.0260000229,80.2311401367,73535,73545,10
13.0262804031,80.2313690186,73545,73556,11
13.0270996094,80.2311477661,73556,73566,10
13.0279903412,80.2310028076,73566,73576,10
13.0287399292,80.2309036255,73576,73586,10
13.0289001465,80.2308731079,73586,73596,10
13.0290603638,80.2308425903,73596,73616,20
13.0291404724,80.2308425903,73616,73654,38
13.0291404724,80.2308425903,73654,73662,8
13.0294399261,80.2307891846,73662,73675,13
13.0301904678,80.23072052,73675,73705,30
13.0301904678,80.23072052,73705,73715,10
13.0302801132,80.2307434082,73715,73725,10
13.0308303833,80.2307128906,73725,73734,9
13.0308303833,80.2307128906,73734,73745,11
13.0313501358,80.2306671143,73745,73755,10
13.0318698883,80.2306289673,73755,73765,10
13.0323696136,80.2305908203,73765,73775,10
13.0329704285,80.2305526733,73775,73786,11
13.0333995819,80.2305221558,73786,73796,10
13.0336103439,80.230506897,73796,73806,10
13.0338897705,80.23046875,73806,73836,30
13.0338897705,80.23046875,73836,73846,10
13.0341300964,80.2304382324,73846,73856,10
13.0344600677,80.2304000854,73856,73865,9
13.0346097946,80.2303619385,73865,73875,10
13.034819603,80.2302780151,73875,73907,32
13.034819603,80.2302780151,73907,73917,10
13.0347099304,80.2299880981,73917,73977,60
13.0344400406,80.229927063,73977,74560,583
13.0342998505,80.2299194336,74560,74631,71
13.0342998505,80.2299194336,74631,74641,10
13.0341396332,80.2299728394,74641,74701,60
13.0341796875,80.2303619385,74701,74732,31
13.0341796875,80.2303619385,74732,74742,10
13.0339803696,80.2305297852,74742,74752,10
13.033659935,80.2304992676,74752,74762,10
13.0333299637,80.2305374146,74762,74772,10
13.032959938,80.2305603027,74772,74782,10
13.0326099396,80.2305908203,74782,74792,10
13.0320701599,80.230682373,74792,74802,10
13.0316400528,80.2306976318,74802,74812,10
13.0309801102,80.2307510376,74812,74822,10
13.0305595398,80.2307815552,74822,74832,10
13.0302295685,80.2308273315,74832,74843,11
13.0298500061,80.2308578491,74843,74853,10
13.029589653,80.2309036255,74853,74863,10
13.0291004181,80.2309570313,74863,74873,10
13.0284004211,80.2310409546,74873,74883,10
13.0277900696,80.2311019897,74883,74893,10
13.0276002884,80.2312164307,74893,74903,10
13.0276203156,80.2316818237,74903,74913,10
13.0277004242,80.2322235107,74913,74923,10
13.0278100967,80.2327270508,74923,74933,10
13.0276403427,80.2329177856,74933,74943,10
13.027179718,80.2329483032,74943,74954,11
13.0267400742,80.2330169678,74954,74984,30
13.0267400742,80.2330169678,74984,74994,10
13.0264196396,80.2330627441,74994,75004,10
13.0262002945,80.2326278687,75004,75014,10
13.0260000229,80.2318572998,75014,75024,10
13.0257196426,80.2308883667,75024,75034,10
13.0251398087,80.2298431396,75034,75044,10
13.0245399475,80.2291030884,75044,75054,10
13.024140358,80.2285995483,75054,75064,10
13.0237398148,80.2281112671,75064,75075,11
13.0233001709,80.2276687622,75075,75085,10
13.022939682,80.2274703979,75085,75125,40
13.022939682,80.2274703979,75125,75135,10
13.0226202011,80.227180481,75135,75145,10
13.0224304199,80.2268676758,75145,75155,10
13.0219602585,80.2264633179,75155,75165,10
13.0214195251,80.2260437012,75165,75175,10
13.0209598541,80.2256622314,75175,75185,10
13.0203399658,80.2252578735,75185,75196,11
13.0201396942,80.2251205444,75196,75206,10
13.019949913,80.2249832153,75206,75216,10
13.0195198059,80.2247009277,75216,75226,10
13.0188102722,80.2245788574,75226,75236,10
13.0179395676,80.2249069214,75236,75246,10
13.0170497894,80.2252807617,75246,75256,10
13.016579628,80.225479126,75256,75266,10
13.0163803101,80.2255630493,75266,75276,10
13.0161104202,80.2256393433,75276,75286,10
13.0156402588,80.2257919312,75286,75296,10
13.0149803162,80.2260665894,75296,75307,11
13.0142602921,80.2263412476,75307,75317,10
13.0141801834,80.2263793945,75317,75327,10
13.0140695572,80.2264328003,75327,75337,10
13.0136499405,80.2265625,75337,75347,10
13.012960434,80.2268218994,75347,75357,10
13.0121097565,80.227142334,75357,75367,10
13.0111103058,80.2275238037,75367,75377,10
13.010020256,80.2279510498,75377,75387,10
13.0094203949,80.2276992798,75387,75397,10
13.0096797943,80.2271194458,75397,75407,10
13.0100002289,80.2264328003,75407,75424,17
13.0106496811,80.2249832153,75424,75436,12
13.0110998154,80.2239227295,75436,75446,10
13.011349678,80.2233505249,75446,75465,19
13.011349678,80.2233505249,75465,75476,11
13.0114498138,80.2231674194,75476,75486,10
13.0116100311,80.2226791382,75486,75496,10
13.0118598938,80.2219467163,75496,75505,9
13.0120897293,80.2212905884,75505,75516,11
13.0118999481,80.2204971313,75516,75526,10
13.0116300583,80.219619751,75526,75537,11
13.0112600327,80.2185897827,75537,75547,10
13.0109300613,80.2177886963,75547,75557,10
13.0108098984,80.2174682617,75557,75566,9
13.010720253,80.2172775269,75566,75577,11
13.0106401443,80.2170181274,75577,75587,10
13.0104904175,80.2166976929,75587,75597,10
13.0103702545,80.2164230347,75597,75607,10
13.0101299286,80.2160491943,75607,75617,10
13.0098304749,80.2154006958,75617,75627,10
13.0096597672,80.2151031494,75627,75637,10
13.0093803406,80.2147521973,75637,75647,10
13.0089998245,80.2142562866,75647,75658,11
13.0085601807,80.2136764526,75658,75668,10
13.0082998276,80.2134933472,75668,75678,10
13.0079898834,80.2133483887,75678,75698,20
13.0079898834,80.2133483887,75698,75708,10
13.0078496933,80.2132415771,75708,75728,20
13.0078496933,80.2132415771,75728,75738,10
13.0077199936,80.2131118774,75738,75748,10
13.0074596405,80.2129516602,75748,75758,10
13.0070199966,80.212852478,75758,75769,11
13.0064601898,80.2128372192,75769,75779,10
13.0060100555,80.2129974365,75779,75789,10
13.0054798126,80.2129211426,75789,75799,10
13.0048704147,80.2125167847,75799,75809,10
13.0041503906,80.2122268677,75809,75819,10
13.0036001205,80.2121429443,75819,75829,10
13.003370285,80.2121582031,75829,75839,10
13.002989769,80.2121505737,75839,75855,16
13.0023603439,80.2122268677,75855,75867,12
13.0018396378,80.2125091553,75867,75875,8
13.0015201569,80.2127609253,75875,75887,12
13.0010004044,80.213142395,75887,75898,11
13.0003404617,80.2136993408,75898,75908,10
12.9998102188,80.2142028809,75908,75918,10
12.9994802475,80.2144699097,75918,75928,10
12.9991502762,80.2147521973,75928,75938,10
12.9988803864,80.2149810791,75938,75948,10
12.9985103607,80.2153015137,75948,75958,10
12.9979400635,80.2157821655,75958,75967,9
12.9973297119,80.2163925171,75967,76009,42
12.9973297119,80.2163925171,76009,76019,10
12.9970397949,80.2166213989,76019,76029,10
12.9966402054,80.2166290283,76029,76039,10
12.9961500168,80.2166976929,76039,76049,10
12.9954996109,80.2168502808,76049,76059,10
12.9951896667,80.217010498,76059,76069,10
12.9949998856,80.2171173096,76069,76079,10
12.994720459,80.2173233032,76079,76089,10
12.9942998886,80.217628479,76089,76099,10
12.9941997528,80.2176971436,76099,76109,10
12.9939899445,80.2178192139,76109,76120,11
12.9935903549,80.2181167603,76120,76130,10
12.9930000305,80.2185516357,76130,76140,10
12.9923400879,80.219039917,76140,76149,9
12.9917697906,80.2194595337,76149,76160,11
12.9914102554,80.2197189331,76160,76170,10
12.9907102585,80.2202606201,76170,76190,20
12.9907102585,80.2202606201,76190,76200,10
12.9905099869,80.2204208374,76200,76210,10
12.990070343,80.2207565308,76210,76220,10
12.9897699356,80.2210388184,76220,76230,10
12.9894800186,80.2214431763,76230,76241,11
12.9891500473,80.221786499,76241,76251,10
12.9887199402,80.2222976685,76251,76261,10
12.9881296158,80.2228393555,76261,76271,10
12.987449646,80.2231369019,76271,76281,10
12.9870595932,80.2231216431,76281,76291,10
12.9868803024,80.2230911255,76291,76301,10
12.9863595963,80.2230072021,76301,76311,10
12.9856100082,80.2231216431,76311,76321,10
12.9852600098,80.2233505249,76321,76331,10
12.9847097397,80.2231521606,76331,76341,10
12.9841499329,80.2228012085,76341,76351,10
12.9837503433,80.2225799561,76351,76362,11
12.9833402634,80.2222976685,76362,76372,10
12.9831199646,80.2221374512,76372,76382,10
12.983039856,80.2220687866,76382,76392,10
12.9826202393,80.2219009399,76392,76402,10
12.9824104309,80.221862793,76402,76412,10
12.9822702408,80.2218093872,76412,76422,10
12.9819002151,80.2216033936,76422,76432,10
12.9813699722,80.2212371826,76432,76442,10
12.9807195663,80.2210769653,76442,76452,10
12.9800796509,80.2211380005,76452,76462,10
12.9794597626,80.2211837769,76462,76473,11
12.9785804749,80.2212295532,76473,76483,10
12.9778299332,80.2212600708,76483,76493,10
12.9773302078,80.2212905884,76493,76503,10
12.9766597748,80.2212982178,76503,76513,10
12.9762201309,80.221321106,76513,76523,10
12.9759902954,80.2213897705,76523,76533,10
12.9758796692,80.2213897705,76533,76543,10
12.9755601883,80.2211227417,76543,76604,61
12.9755601883,80.2211227417,76604,76614,10
12.9754199982,80.220993042,76614,76624,10
12.9753799438,80.2209625244,76624,76634,10
12.975279808,80.2208709717,76634,76644,10
12.9749803543,80.220703125,76644,76654,10
12.97453022,80.2204971313,76654,76664,10
12.9740800858,80.2203521729,76664,76674,10
12.9736404419,80.220199585,76674,76684,10
12.9731798172,80.2199935913,76684,76694,10
12.9724798203,80.2197189331,76694,76705,11
12.971739769,80.2194366455,76705,76715,10
12.9711198807,80.2192382813,76715,76735,20
12.9711198807,80.2192382813,76735,76745,10
12.9708595276,80.2190933228,76745,76755,10
12.9703102112,80.2188491821,76755,76765,10
12.9696102142,80.2185668945,76765,76775,10
12.9689102173,80.2182922363,76775,76785,10
12.9682102203,80.2180099487,76785,76795,10
12.9675102234,80.2177276611,76795,76805,10
12.9667100906,80.2173995972,76805,76815,10
12.9659795761,80.2171020508,76815,76826,11
12.9646997452,80.216583252,76826,76836,10
12.9640598297,80.2163314819,76836,76846,10
12.96352005,80.2161026001,76846,76856,10
12.9629802704,80.2158432007,76856,76866,10
12.9623003006,80.2155838013,76866,76876,10
12.9614896774,80.2152709961,76876,76886,10
12.9605703354,80.2149124146,76886,76896,10
12.9596595764,80.2145462036,76896,76906,10
12.9588098526,80.2141799927,76906,76916,10
12.9577903748,80.2137832642,76916,76926,10
12.9567499161,80.2133636475,76926,76937,11
12.9555196762,80.2128829956,76937,76947,10
12.9544801712,80.2124786377,76947,76957,10
12.9535799026,80.2121276855,76957,76967,10
12.952630043,80.2117385864,76967,76977,10
12.9515304565,80.2113113403,76977,76987,10
12.9503803253,80.2108535767,76987,76997,10
12.9493103027,80.2104415894,76997,77007,10
12.9483299255,80.2100601196,77007,77017,10
12.9472503662,80.2096176147,77017,77027,10
12.9460601807,80.2091369629,77027,77037,10
12.945019722,80.208732605,77037,77047,10
12.9440698624,80.2083816528,77047,77068,21
12.9440698624,80.2083816528,77068,77078,10
12.9439001083,80.2082901001,77078,77088,10
12.9434499741,80.2081069946,77088,77098,10
12.9429101944,80.2077178955,77098,77108,10
12.9424104691,80.2071075439,77108,77118,10
12.9417495728,80.2065429688,77118,77128,10
12.9409999847,80.2060775757,77128,77148,20
12.9409999847,80.2060775757,77148,77158,10
12.9408597946,80.2060012817,77158,77169,11
12.940369606,80.2058181763,77169,77179,10
12.9398202896,80.2056503296,77179,77189,10
12.939160347,80.2054519653,77189,77199,10
12.9384498596,80.2052307129,77199,77209,10
12.9377002716,80.2050170898,77209,77219,10
12.9369096756,80.2047805786,77219,77229,10
12.935959816,80.2045211792,77229,77239,10
12.9350700378,80.2041397095,77239,77249,10
12.934220314,80.2040023804,77249,77259,10
12.9336500168,80.203956604,77259,77279,20
12.9336500168,80.203956604,77279,77296,17
12.933259964,80.2039031982,77296,77308,12
12.9326200485,80.2036209106,77308,77318,10
12.9320802689,80.203453064,77318,77328,10
12.931189537,80.2031478882,77328,77338,10
12.9305696487,80.2029724121,77338,77348,10
12.929400444,80.2028198242,77348,77368,20
12.929400444,80.2028198242,77368,77378,10
12.9293403625,80.202796936,77378,77387,9
12.929019928,80.2027435303,77387,77397,10
12.9285202026,80.2025680542,77397,77409,12
12.9284095764,80.201713562,77409,77418,9
12.9283800125,80.2009277344,77418,77429,11
12.9282999039,80.1999435425,77429,77439,10
12.9279699326,80.1990432739,77439,77449,10
12.9275197983,80.1982879639,77449,77459,10
12.9267597198,80.197769165,77459,77469,10
12.9259595871,80.1975631714,77469,77479,10
12.9254703522,80.1975479126,77479,77489,10
12.925239563,80.1975326538,77489,77499,10
12.9247102737,80.197517395,77499,77509,10
12.9239597321,80.197517395,77509,77520,11
12.9233102798,80.197479248,77520,77530,10
12.9226903915,80.1974029541,77530,77540,10
12.9219799042,80.1973114014,77540,77550,10
12.9218101501,80.1972808838,77550,77560,10
12.9217996597,80.1972732544,77560,77570,10
12.9214696884,80.1971511841,77570,77580,10
12.9209804535,80.1969604492,77580,77590,10
12.9204797745,80.1967926025,77590,77600,10
12.919839859,80.1965637207,77600,77610,10
12.9191398621,80.1961975098,77610,77620,10
12.9186000824,80.1957473755,77620,77630,10
12.9180603027,80.1952514648,77630,77641,11
12.9173603058,80.1945877075,77641,77651,10
12.917090416,80.1942520142,77651,77661,10
12.917090416,80.1942367554,77661,77671,10
12.9170198441,80.1941299438,77671,77681,10
12.9169502258,80.1936569214,77681,77691,10
12.9170103073,80.1930007935,77691,77701,10
12.9170999527,80.1922531128,77701,77711,10
12.9171895981,80.1916503906,77711,77727,16
12.9172401428,80.1913604736,77727,77739,12
12.9173202515,80.1912384033,77739,77747,8
12.9173498154,80.1908493042,77747,77759,12
12.9173698425,80.1902999878,77759,77770,11
12.9174995422,80.1896972656,77770,77780,10
12.9178104401,80.1889572144,77780,77790,10
12.9183998108,80.1882171631,77790,77800,10
12.9189300537,80.1876525879,77800,77810,10
12.9195899963,80.186920166,77810,77819,9
12.9203100204,80.186088562,77819,77830,11
12.9204702377,80.184967041,77830,77840,10
12.92029953,80.1843490601,77840,77850,10
12.9201602936,80.1837615967,77850,77860,10
12.9199800491,80.1830062866,77860,77871,11
12.9198999405,80.1826324463,77871,77881,10
12.9198503494,80.1824035645,77881,77891,10
12.9197397232,80.1817932129,77891,77901,10
12.9195604324,80.1809616089,77901,77911,10
12.9193601608,80.1799926758,77911,77921,10
12.9190196991,80.1792068481,77921,77931,10
12.9186296463,80.1786422729,77931,77941,10
12.9181995392,80.1780090332,77941,77951,10
12.9182195663,80.1772613525,77951,77961,10
12.9183397293,80.1764831543,77961,77971,10
12.9185600281,80.1756515503,77971,77981,10
12.9187602997,80.1747436523,77981,77992,11
12.9190597534,80.1735610962,77992,78002,10
12.9193401337,80.1724624634,78002,78012,10
12.9195098877,80.1717987061,78012,78022,10
12.9196901321,80.171081543,78022,78031,9
12.9197397232,80.1709365845,78031,78042,11
12.9198303223,80.1707077026,78042,78052,10
12.9200696945,80.1699981689,78052,78062,10
12.9203395844,80.1691207886,78062,78072,10
12.9206800461,80.1680679321,78072,78082,10
12.9210596085,80.1669006348,78082,78092,10
12.9214696884,80.1656723022,78092,78103,11
12.9218301773,80.1645202637,78103,78113,10
12.9219799042,80.1640167236,78113,78123,10
12.9221801758,80.1633682251,78123,78133,10
12.9224004745,80.162651062,78133,78143,10
12.922659874,80.161819458,78143,78153,10
12.9229402542,80.160949707,78153,78163,10
12.9230499268,80.1605377197,78163,78172,9
12.9231004715,80.1604385376,78172,78183,11
12.9232501984,80.1598434448,78183,78192,9
12.9233398438,80.1590423584,78192,78202,10
12.9234399796,80.1579208374,78202,78213,11
12.9235496521,80.1567382813,78213,78223,10
12.9235897064,80.1557617188,78223,78234,11
12.9233798981,80.155090332,78234,78244,10
12.9233798981,80.1550827026,78244,78254,10
12.9233598709,80.1549606323,78254,78264,10
12.9232597351,80.1544418335,78264,78274,10
12.9230699539,80.1536178589,78274,78284,10
12.922829628,80.1526565552,78284,78294,10
12.9226703644,80.1517791748,78294,78304,10
12.9226503372,80.1509017944,78304,78314,10
12.9226198196,80.149772644,78314,78324,10
12.9225597382,80.1485366821,78324,78335,11
12.9225196838,80.1476593018,78335,78345,10
12.9225101471,80.1469802856,78345,78355,10
12.9225196838,80.1469116211,78355,78365,10
12.922539711,80.1467208862,78365,78375,10
12.9225597382,80.1462402344,78375,78385,10
12.922539711,80.1456985474,78385,78395,10
12.9224996567,80.1449584961,78395,78405,10
12.9224996567,80.1441192627,78405,78415,10
12.9224901199,80.1435394287,78415,78425,10
12.9224901199,80.1435165405,78425,78435,10
12.9224796295,80.1432113647,78435,78445,10
12.9224700928,80.1428070068,78445,78456,11
12.9224500656,80.1424179077,78456,78466,10
12.922419548,80.1419906616,78466,78476,10
12.9224004745,80.1417617798,78476,78496,20
12.9224004745,80.1417617798,78496,78506,10
12.9224004745,80.1413879395,78506,78516,10
12.9223804474,80.1407775879,78516,78526,10
12.9223804474,80.1400375366,78526,78536,10
12.9223804474,80.1391830444,78536,78546,10
12.9224300385,80.1382598877,78546,78556,10
12.9224500656,80.1373672485,78556,78567,11
12.9224996567,80.136428833,78567,78577,10
12.9225301743,80.1355514526,78577,78587,10
12.9225702286,80.1345596313,78587,78597,10
12.9226303101,80.1334228516,78597,78607,10
12.9226398468,80.1326980591,78607,78617,10
12.9226503372,80.1320037842,78617,78627,10
12.9226703644,80.1313400269,78627,78637,10
12.9226799011,80.1312026978,78637,78647,10
12.9227199554,80.1306381226,78647,78657,10
12.9227600098,80.1300125122,78657,78673,16
12.9228401184,80.1288070679,78673,78686,13
12.9228496552,80.1279602051,78686,78696,10
12.9228696823,80.127281189,78696,78705,9
12.9228897095,80.1264801025,78705,78716,11
12.922949791,80.1252670288,78716,78726,10
12.9229898453,80.1240234375,78726,78736,10
12.92304039,80.1229782104,78736,78746,10
12.923119545,80.1214904785,78746,78756,10
12.9232196808,80.1200790405,78756,78775,19
12.9232196808,80.1200790405,78775,78785,10
12.9232397079,80.1199493408,78785,78797,12
12.9232597351,80.1192169189,78797,78807,10
12.9232902527,80.1184997559,78807,78817,10
12.9233999252,80.117729187,78817,78827,10
12.9234304428,80.1170196533,78827,78867,40
12.9234304428,80.1170196533,78867,78877,10
12.9235601425,80.1168212891,78877,78887,10
12.9235801697,80.1170120239,78887,78897,10
12.9235401154,80.1174926758,78897,78908,11
12.9236402512,80.1177368164,78908,78918,10
12.9235601425,80.1181488037,78918,78928,10
12.9234895706,80.1188964844,78928,78938,10
12.9233903885,80.119720459,78938,78948,10
12.9232997894,80.1203994751,78948,78958,10
12.9232597351,80.1208496094,78958,78968,10
12.9232397079,80.1212615967,78968,78978,10
12.923210144,80.1218338013,78978,78988,10
12.9232196808,80.1225662231,78988,78998,10
12.9232196808,80.1232223511,78998,79067,69
12.9232196808,80.1232223511,79067,79077,10
12.9231901169,80.1233291626,79077,79086,9
12.9231595993,80.123878479,79086,79098,12
12.9231004715,80.1249313354,79098,79108,10
12.9230804443,80.1256866455,79108,79149,41
12.9230804443,80.1256866455,79149,79159,10
12.9230203629,80.126121521,79159,79169,10
12.9229803085,80.126991272,79169,79179,10
12.9229202271,80.1278610229,79179,79189,10
12.9228801727,80.1286087036,79189,79199,10
12.9228401184,80.1293487549,79199,79209,10
12.9228096008,80.1301727295,79209,79219,10
12.9228000641,80.1309967041,79219,79229,10
12.9228000641,80.1312866211,79229,79239,10
12.9227800369,80.1314620972,79239,79249,10
12.9227600098,80.1318817139,79249,79259,10
12.9227399826,80.1323776245,79259,79270,11
12.9226999283,80.1331481934,79270,79280,10
12.9226703644,80.1339492798,79280,79290,10
12.9226303101,80.1348724365,79290,79300,10
12.9225797653,80.1356811523,79300,79310,10
12.9225597382,80.136428833,79310,79320,10
12.9225101471,80.1373214722,79320,79330,10
12.9224596024,80.1382598877,79330,79340,10
12.9224004745,80.1391372681,79340,79350,10
12.9224100113,80.1401519775,79350,79360,10
12.9224395752,80.1411972046,79360,79370,10
12.9224996567,80.1426696777,79370,79391,21
12.9224996567,80.1426696777,79391,79401,10
12.9225196838,80.1429672241,79401,79411,10
12.9225597382,80.1435012817,79411,79421,10
12.9225597382,80.1435775757,79421,79431,10
12.9225597382,80.1437988281,79431,79441,10
12.9225597382,80.1439208984,79441,79451,10
12.9225597382,80.1443405151,79451,79461,10
12.9225902557,80.1451263428,79461,79471,10
12.9226303101,80.1460571289,79471,79481,10
12.9226503372,80.1469421387,79481,79491,10
12.922659874,80.1473999023,79491,79502,11
12.9226703644,80.1474761963,79502,79512,10
12.922659874,80.1479263306,79512,79522,10
12.9226303101,80.1486663818,79522,79532,10
12.9226799011,80.149887085,79532,79542,10
12.9227104187,80.150970459,79542,79552,10
12.9227399826,80.1516723633,79552,79562,10
12.9228200912,80.1524429321,79562,79572,10
12.9230699539,80.1534500122,79572,79582,10
12.9233703613,80.154510498,79582,79592,10
12.9234199524,80.1547164917,79592,79602,10
12.9234895706,80.1550674438,79602,79613,11
12.9236803055,80.1559066772,79613,79623,10
12.9236402512,80.1569366455,79623,79633,10
12.9235200882,80.1581268311,79633,79643,10
12.9234304428,80.159362793,79643,79653,10
12.9233398438,80.1602783203,79653,79663,10
12.9232702255,80.1605224609,79663,79673,10
12.9232597351,80.1605682373,79673,79683,10
12.9231004715,80.1609802246,79683,79693,10
12.9228601456,80.1617736816,79693,79703,10
12.922539711,80.1627578735,79703,79713,10
12.9221801758,80.1638793945,79713,79723,10
12.9217796326,80.1651229858,79723,79734,11
12.921330452,80.1664886475,79734,79744,10
12.9209499359,80.1676635742,79744,79754,10
12.9205703735,80.1688232422,79754,79764,10
12.920249939,80.1698989868,79764,79774,10
12.919960022,80.1708602905,79774,79784,10
12.9198799133,80.1711196899,79784,79794,10
12.9197597504,80.1715011597,79794,79804,10
12.9195404053,80.1722717285,79804,79814,10
12.9192800522,80.1732177734,79814,79824,10
12.9189996719,80.1743011475,79824,79834,10
12.918800354,80.175201416,79834,79845,11
12.9185400009,80.176109314,79845,79855,10
12.9183797836,80.1769485474,79855,79865,10
12.9182796478,80.1779785156,79865,79875,10
12.9187402725,80.1787109375,79875,79885,10
12.9192199707,80.1794281006,79885,79895,10
12.919500351,80.1803665161,79895,79905,10
12.9197101593,80.1814422607,79905,79915,10
12.9199695587,80.1825485229,79915,79925,10
12.9202604294,80.1837234497,79925,79935,10
12.9204797745,80.184677124,79935,79945,10
12.9206495285,80.1856231689,79945,79955,10
12.9202604294,80.1863327026,79955,79966,11
12.9195995331,80.1870803833,79966,79976,10
12.9190196991,80.1877288818,79976,79986,10
12.9183998108,80.1884307861,79986,79996,10
12.9177799225,80.189239502,79996,80006,10
12.9174499512,80.1902999878,80006,80016,10
12.9173498154,80.1911621094,80016,80026,10
12.9172401428,80.1920166016,80026,80036,10
12.9171304703,80.192817688,80036,80046,10
12.9171199799,80.1930618286,80046,80056,10
12.9171199799,80.1931533813,80056,80066,10
12.9170703888,80.1936569214,80066,80077,11
12.9172897339,80.1943893433,80077,80087,10
12.917889595,80.1949615479,80087,80097,10
12.9185495377,80.1955566406,80097,80107,10
12.9190397263,80.1959991455,80107,80117,10
12.9196596146,80.1964035034,80117,80127,10
12.9205799103,80.1967391968,80127,80137,10
12.9213600159,80.1969985962,80137,80147,10
12.9222297668,80.1972579956,80147,80157,10
12.9230604172,80.1973800659,80157,80167,10
12.9238195419,80.1974716187,80167,80177,10
12.9248199463,80.197479248,80177,80187,10
12.925330162,80.1974563599,80187,80198,11
12.925860405,80.1974487305,80198,80208,10
12.9266500473,80.1976089478,80208,80218,10
12.9274902344,80.198097229,80218,80228,10
12.9280900955,80.1989822388,80228,80238,10
12.9284601212,80.200012207,80238,80248,10
12.9285297394,80.2011566162,80248,80258,10
12.9285697937,80.2021636963,80258,80268,10
12.9290895462,80.2026901245,80268,80278,10
12.9295196533,80.2027282715,80278,80288,10
12.9299297333,80.202796936,80288,80298,10
12.9306602478,80.2029190063,80298,80309,11
12.9312400818,80.2030792236,80309,80319,10
12.9320402145,80.203338623,80319,80329,10
12.9328699112,80.2035980225,80329,80339,10
12.9334897995,80.2038269043,80339,80349,10
12.9339599609,80.2038803101,80349,80359,10
12.9341201782,80.2038879395,80359,80369,10
12.9346504211,80.2039489746,80369,80379,10
12.9350404739,80.2040405273,80379,80389,10
12.9357595444,80.2043609619,80389,80399,10
12.9366903305,80.2046279907,80399,80409,10
12.9374704361,80.2048492432,80409,80419,10
12.9384803772,80.205116272,80419,80430,11
12.9397001266,80.2055130005,80430,80440,10
12.940079689,80.205619812,80440,80450,10
12.9401397705,80.2056427002,80450,80460,10
12.9406099319,80.2057876587,80460,80470,10
12.9413795471,80.2061386108,80470,80480,10
12.9421796799,80.2067184448,80480,80490,10
12.9428596497,80.2074127197,80490,80500,10
12.9435396194,80.2080535889,80500,80510,10
12.9442796707,80.2083206177,80510,80520,10
12.9443902969,80.2083511353,80520,80530,10
12.9446802139,80.208480835,80530,80541,11
12.9453401566,80.208732605,80541,80551,10
12.9461803436,80.2090377808,80551,80561,10
12.9470300674,80.2093734741,80561,80571,10
12.9478397369,80.2096862793,80571,80581,10
12.9486598969,80.2099990845,80581,80591,10
12.9496202469,80.2103881836,80591,80601,10
12.9506702423,80.2108230591,80601,80611,10
12.9516897202,80.2112197876,80611,80621,10
12.9526195526,80.2115783691,80621,80631,10
12.9533996582,80.2118911743,80631,80641,10
12.9537401199,80.2119903564,80641,80651,10
12.9540300369,80.2121200562,80651,80662,11
12.954750061,80.2124023438,80662,80672,10
12.9555597305,80.2127380371,80672,80682,10
12.9563798904,80.2130584717,80682,80692,10
12.9572095871,80.2133789063,80692,80702,10
12.9582195282,80.2137908936,80702,80712,10
12.95911026,80.2141494751,80712,80722,10
12.9598999023,80.2145004272,80722,80732,10
12.9609203339,80.2148971558,80732,80742,10
12.9618597031,80.2152786255,80742,80752,10
12.9629602432,80.215713501,80752,80762,10
12.9637403488,80.2160186768,80762,80772,10
12.9645500183,80.2163772583,80772,80789,17
12.9663000107,80.2170791626,80789,80801,12
12.9675197601,80.2175598145,80801,80809,8
12.9681301117,80.2177963257,80809,80821,12
12.9689798355,80.2181091309,80821,80831,10
12.9698600769,80.2184524536,80831,80840,9
12.9711999893,80.2189407349,80840,80861,21
12.9711999893,80.2189407349,80861,80871,10
12.971619606,80.2191390991,80871,80881,10
12.9723300934,80.2194290161,80881,80892,11
12.9733200073,80.2198181152,80892,80902,10
12.9742898941,80.2202301025,80902,80912,10
12.9748296738,80.2204437256,80912,80922,10
12.9748497009,80.2204971313,80922,80932,10
12.9751501083,80.2206268311,80932,80942,10
12.975520134,80.2207717896,80942,80952,10
12.9757995605,80.2210083008,80952,80962,10
12.9760398865,80.2211837769,80962,80972,10
12.976269722,80.2211990356,80972,80982,10
12.9763898849,80.221206665,80982,80992,10
12.9769496918,80.2212295532,80992,81002,10
12.9777002335,80.2211914063,81002,81013,11
12.9785203934,80.2211608887,81013,81023,10
12.9794301987,80.2210769653,81023,81033,10
12.9802598953,80.2210083008,81033,81043,10
12.9809799194,80.220993042,81043,81053,10
12.981590271,80.2212982178,81053,81063,10
12.9821100235,80.2216720581,81063,81073,10
12.9827203751,80.221862793,81073,81083,10
12.9830303192,80.2219924927,81083,81093,10
12.9834899902,80.222328186,81093,81103,10
12.9840698242,80.2226715088,81103,81119,16
12.9852304459,80.2232666016,81119,81132,13
12.9857196808,80.2229995728,81132,81142,10
12.9863796234,80.2229385376,81142,81150,8
12.9869098663,80.2229995728,81150,81161,11
12.9872102737,80.2230529785,81161,81173,12
12.9879398346,80.2229003906,81173,81183,10
12.9885702133,80.2223815918,81183,81193,10
12.9889602661,80.2219161987,81193,81203,10
12.9893798828,80.2214508057,81203,81213,10
12.9900302887,80.2206802368,81213,81223,10
12.9908399582,80.2200317383,81223,81233,10
12.9914398193,80.2195510864,81233,81244,11
12.9921798706,80.2189865112,81244,81254,10
12.9930400848,80.2183990479,81254,81264,10
12.9938001633,80.2178268433,81264,81274,10
12.9942302704,80.2175216675,81274,81284,10
12.9946098328,80.2172698975,81284,81293,9
12.9950304031,80.2169876099,81293,81304,11
12.9955301285,80.2167205811,81304,81313,9
12.9961795807,80.2165374756,81313,81323,10
12.9969396591,80.2164382935,81323,81334,11
12.9972400665,80.216293335,81334,81344,10
12.9976396561,80.215927124,81344,81355,11
12.998339653,80.2153396606,81355,81365,10
12.9989004135,80.2148666382,81365,81375,10
12.9991598129,80.2146606445,81375,81385,10
12.9996204376,80.2142562866,81385,81395,10
13.0,80.2139434814,81395,81405,10
13.0005598068,80.213432312,81405,81415,10
13.001250267,80.2128829956,81415,81425,10
13.0019702911,80.212348938,81425,81435,10
13.0024204254,80.2121200562,81435,81445,10
13.0029201508,80.2120513916,81445,81455,10
13.0035200119,80.212020874,81455,81465,10
13.0042600632,80.2121200562,81465,81476,11
13.0051202774,80.2126235962,81476,81486,10
13.0059299469,80.212890625,81486,81496,10
13.0066404343,80.2127075195,81496,81506,10
13.0074396133,80.2127914429,81506,81516,10
13.0079402924,80.2131271362,81516,81526,10
13.0080699921,80.213180542,81526,81536,10
13.0085096359,80.2133789063,81536,81546,10
13.0089998245,80.2140197754,81546,81556,10
13.0095100403,80.2147369385,81556,81566,10
13.0095796585,80.2148666382,81566,81576,10
13.0098896027,80.2152175903,81576,81586,10
13.0103998184,80.2158126831,81586,81597,11
13.0107803345,80.2166595459,81597,81607,10
13.0111198425,80.2175369263,81607,81617,10
13.0115499496,80.2186889648,81617,81627,10
13.0119600296,80.2199630737,81627,81637,10
13.0122995377,80.220916748,81637,81647,10
13.0127000809,80.2216491699,81647,81656,9
13.0131998062,80.2222824097,81656,81667,11
13.0137300491,80.2229614258,81667,81677,10
13.0142402649,80.2235794067,81677,81687,10
13.0145998001,80.2240066528,81687,81697,10
13.015080452,80.2247085571,81697,81708,11
13.0152797699,80.2249526978,81708,81718,10
13.0152997971,80.2250213623,81718,81728,10
13.0153999329,80.2254180908,81728,81738,10
13.0151700974,80.2257995605,81738,81748,10
13.0145797729,80.2260665894,81748,81804,56
13.0145797729,80.2260665894,81804,81816,12
13.0142297745,80.2261810303,81816,81825,9
13.0141401291,80.2257537842,81825,81896,71
13.0141401291,80.2257537842,81896,81906,10
13.0141401291,80.2256011963,81906,81917,11
13.0141897202,80.2254180908,81917,81927,10
13.0143299103,80.2253417969,81927,81938,11
13.0142803192,80.2252120972,81938,81958,20
13.0142803192,80.2252120972,81958,81968,10
