13.075799942,80.2761993408,18,1170,1152
13.075799942,80.2762832642,1170,1523,353
13.0759496689,80.2762374878,1523,2563,1040
13.0757904053,80.2762908936,2563,2917,354
13.075920105,80.2762374878,2917,3371,454
13.0757904053,80.2762832642,3371,3553,182
13.0759401321,80.2762680054,3553,6231,2678
13.0759401321,80.2762680054,6231,6241,10
13.0758399963,80.2761764526,6241,6251,10
13.0761699677,80.2760391235,6251,18852,12601
13.0761003494,80.2760009766,18852,19074,222
13.076259613,80.2759475708,19074,21600,2526
13.076259613,80.2759475708,21600,21610,10
13.0763597488,80.2758789063,21610,22105,495
13.0763597488,80.2758789063,22105,22115,10
13.0759897232,80.2760772705,22115,22125,10
13.0762395859,80.2762069702,22125,22186,61
13.0762395859,80.2762069702,22186,22196,10
13.0764398575,80.2762298584,22196,22206,10
13.0769395828,80.276222229,22206,22216,10
13.0777997971,80.2761764526,22216,22226,10
13.0782499313,80.2755966187,22226,22237,11
13.0789403915,80.2751312256,22237,22247,10
13.0797996521,80.2752838135,22247,22257,10
13.0806102753,80.2751998901,22257,22267,10
13.0812501907,80.275138855,22267,22277,10
13.081489563,80.275100708,22277,22287,10
13.0818395615,80.2752380371,22287,22297,10
13.0820398331,80.2753219604,22297,22358,61
13.0820398331,80.2753219604,22358,22368,10
13.0821504593,80.2756729126,22368,22378,10
13.082159996,80.2757034302,22378,22388,10
13.0819301605,80.2759628296,22388,22398,10
13.0818195343,80.2761230469,22398,22408,10
13.081870079,80.2765808105,22408,22418,10
13.0819702148,80.2773132324,22418,22428,10
13.082159996,80.2782592773,22428,22449,21
13.082159996,80.2782592773,22449,22459,10
13.0820398331,80.2783813477,22459,22469,10
13.0819501877,80.277961731,22469,22479,10
13.0818500519,80.2772903442,22479,22489,10
13.0817604065,80.2766876221,22489,22499,10
13.0816202164,80.2759399414,22499,22509,10
13.0815296173,80.2755432129,22509,22519,10
13.0815200806,80.2755203247,22519,22529,10
13.0814695358,80.2753295898,22529,22540,11
13.0811500549,80.2752075195,22540,22550,10
13.0804395676,80.2752990723,22550,22560,10
13.0794696808,80.2753295898,22560,22570,10
13.0784797668,80.2753067017,22570,22580,10
13.0780601501,80.2761688232,22580,22590,10
13.0771799088,80.2762832642,22590,22600,10
13.0763702393,80.2763366699,22600,22610,10
13.0752096176,80.2763977051,22610,22620,10
13.0741195679,80.2764816284,22620,22630,10
13.0735397339,80.2764511108,22630,22640,10
13.0729398727,80.2757797241,22640,22651,11
13.0720901489,80.274848938,22651,22661,10
13.0712099075,80.2744674683,22661,22671,10
13.0706796646,80.2742004395,22671,22681,10
13.0706195831,80.2740936279,22681,22691,10
13.0704097748,80.2735595703,22691,22701,10
13.0698204041,80.272819519,22701,22711,10
13.0690698624,80.2720565796,22711,22721,10
13.06828022,80.2716598511,22721,22731,10
13.0676698685,80.2708206177,22731,22742,11
13.0667800903,80.2699203491,22742,22752,10
13.0664396286,80.2690124512,22752,22762,10
13.0661401749,80.2681427002,22762,22772,10
13.065489769,80.2676391602,22772,22782,10
13.0649299622,80.267539978,22782,22792,10
13.0642299652,80.2674331665,22792,22802,10
13.0635004044,80.2673110962,22802,22812,10
13.0628299713,80.2671813965,22812,22822,10
13.0622901917,80.2666015625,22822,22832,10
13.0617599487,80.2659378052,22832,22842,10
13.0612297058,80.2652893066,22842,22853,11
13.0605602264,80.2653427124,22853,22863,10
13.0599098206,80.2655715942,22863,22873,10
13.0591001511,80.2654876709,22873,22883,10
13.0583200455,80.2653198242,22883,22893,10
13.0580196381,80.2646179199,22893,22903,10
13.0578804016,80.263671875,22903,22913,10
13.0577497482,80.2626190186,22913,22923,10
13.057559967,80.2614517212,22923,22933,10
13.0572595596,80.2601470947,22933,22950,17
13.0566101074,80.2578582764,22950,22962,12
13.0564899445,80.2572479248,22962,22972,10
13.0564203262,80.2570266724,22972,22982,10
13.0561704636,80.2562408447,22982,22992,10
13.0556497574,80.2554779053,22992,23002,10
13.0550003052,80.2545928955,23002,23012,10
13.054189682,80.2535476685,23012,23022,10
13.0533800125,80.2524719238,23022,23032,10
13.0525503159,80.2513427734,23032,23042,10
13.0516796112,80.2503585815,23042,23053,11
13.050330162,80.2499008179,23053,23062,9
13.0493097305,80.2497634888,23062,23073,11
13.0485801697,80.2496795654,23073,23083,10
13.0481100082,80.249420166,23083,23093,10
13.0474901199,80.2488632202,23093,23103,10
13.0469903946,80.2485809326,23103,23113,10
13.046330452,80.2484970093,23113,23121,8
13.0456495285,80.2483291626,23121,23133,12
13.0445995331,80.2480316162,23133,23143,10
13.0435800552,80.247833252,23143,23154,11
13.0423202515,80.2475967407,23154,23164,10
13.0410003662,80.2473297119,23164,23174,10
13.0397500992,80.2471008301,23174,23184,10
13.0388898849,80.2469177246,23184,23194,10
13.0381298065,80.2467727661,23194,23204,10
13.0372800827,80.24659729,23204,23214,10
13.0364599228,80.2464675903,23214,23224,10
13.035369873,80.2460708618,23224,23234,10
13.035369873,80.2460708618,23234,23244,10
13.0351600647,80.2459793091,23244,23255,11
13.0348701477,80.2457809448,23255,23265,10
13.0344400406,80.2452011108,23265,23281,16
13.0333003998,80.2437667847,23281,23293,12
13.0323495865,80.2425308228,23293,23302,9
13.0318002701,80.2416000366,23302,23313,11
13.0311698914,80.2403106689,23313,23323,10
13.0308799744,80.2396316528,23323,23333,10
13.0305099487,80.238861084,23333,23343,10
13.0299196243,80.2378463745,23343,23353,10
13.0290203094,80.2366790771,23353,23364,11
13.0279197693,80.2354202271,23364,23374,10
13.0271396637,80.2341003418,23374,23384,10
13.0265197754,80.2330703735,23384,23392,8
13.0262203217,80.232421875,23392,23404,12
13.0260095596,80.231552124,23404,23414,10
13.0257997513,80.2307510376,23414,23424,10
13.0251197815,80.2296524048,23424,23434,10
13.0244197845,80.2287368774,23434,23444,10
13.0238304138,80.2279968262,23444,23454,10
13.0233898163,80.2275466919,23454,23465,11
13.0233297348,80.2275238037,23465,23475,10
13.0229797363,80.227180481,23475,23485,10
13.0223503113,80.2265930176,23485,23495,10
13.0215396881,80.2259216309,23495,23505,10
13.0205898285,80.2252120972,23505,23515,10
13.0199699402,80.2248077393,23515,23525,10
13.019949913,80.2247924805,23525,23535,10
13.019780159,80.2246780396,23535,23545,10
13.0191402435,80.2244567871,23545,23555,10
13.0181102753,80.2247619629,23555,23566,11
13.0168504715,80.2252807617,23566,23576,10
13.0159797668,80.2256088257,23576,23586,10
13.0150899887,80.2259674072,23586,23596,10
13.0143995285,80.2262496948,23596,23616,20
13.0143995285,80.2262496948,23616,23626,10
13.0142402649,80.2263031006,23626,23636,10
13.0136995316,80.2264785767,23636,23646,10
13.0128602982,80.2268218994,23646,23656,10
13.0118198395,80.2272720337,23656,23667,11
13.0105104446,80.2278137207,23667,23677,10
13.0093402863,80.2283172607,23677,23687,10
13.0090398788,80.2293930054,23687,23697,10
13.0087995529,80.23072052,23697,23707,10
13.0085401535,80.2319030762,23707,23717,10
13.0083303452,80.2331237793,23717,23727,10
13.0082902908,80.2335281372,23727,23737,10
13.0081996918,80.233757019,23737,23747,10
13.0080604553,80.234413147,23747,23758,11
13.0078601837,80.2354736328,23758,23768,10
13.007610321,80.2366409302,23768,23778,10
13.0073699951,80.2378921509,23778,23788,10
13.0071296692,80.2390899658,23788,23798,10
13.0069198608,80.2401504517,23798,23818,20
13.0069198608,80.2401504517,23818,23828,10
13.0069303513,80.2404174805,23828,23838,10
13.0068101883,80.2410964966,23838,23848,10
13.0067396164,80.2421035767,23848,23858,10
13.0066900253,80.2433624268,23858,23869,11
13.0066404343,80.2448196411,23869,23879,10
13.0067396164,80.2460708618,23879,23888,9
13.0067796707,80.247177124,23888,23909,21
13.0067796707,80.247177124,23909,23919,10
13.0065803528,80.247428894,23919,23929,10
13.0061197281,80.2474212646,23929,23939,10
13.0054798126,80.2473678589,23939,23949,10
13.00440979,80.247428894,23949,23959,10
13.0031499863,80.2476196289,23959,23970,11
13.0017995834,80.2479019165,23970,23980,10
13.0004701614,80.2482299805,23980,23990,10
12.9988803864,80.2486419678,23990,24000,10
12.9970798492,80.2490921021,24000,24010,10
12.9951400757,80.2496032715,24010,24020,10
12.9933204651,80.2500610352,24020,24030,10
12.9918203354,80.2504425049,24030,24040,10
12.9909000397,80.2507019043,24040,24050,10
12.9906902313,80.2507400513,24050,24060,10
12.9899902344,80.2509002686,24060,24071,11
12.9886302948,80.2512207031,24071,24081,10
12.9874696732,80.2515106201,24081,24091,10
12.9861402512,80.2518768311,24091,24101,10
12.9846200943,80.2522888184,24101,24111,10
12.9831199646,80.2526397705,24111,24121,10
12.9818401337,80.2527008057,24121,24131,10
12.9806804657,80.2527313232,24131,24141,10
12.9798898697,80.2527313232,24141,24151,10
12.9789304733,80.2526397705,24151,24161,10
12.9786195755,80.252571106,24161,24172,11
12.9785404205,80.252532959,24172,24182,10
12.9781398773,80.252243042,24182,24192,10
12.9775695801,80.251739502,24192,24202,10
12.9766397476,80.2512435913,24202,24212,10
12.9754695892,80.2509002686,24212,24222,10
12.9743795395,80.250579834,24222,24232,10
12.9733695984,80.2503128052,24232,24242,10
12.9723100662,80.2500305176,24242,24252,10
12.9711103439,80.2497177124,24252,24262,10
12.9698801041,80.2492980957,24262,24273,11
12.9686603546,80.2488021851,24273,24283,10
12.9675502777,80.2483825684,24283,24293,10
12.9667701721,80.2480392456,24293,24303,10
12.9660997391,80.247756958,24303,24313,10
12.9652395248,80.247428894,24313,24323,10
12.965089798,80.2473602295,24323,24333,10
12.9646196365,80.2471923828,24333,24343,10
12.963760376,80.2468566895,24343,24353,10
12.9627799988,80.246383667,24353,24363,10
12.9616699219,80.24584198,24363,24374,11
12.9603395462,80.2452163696,24374,24384,10
12.9593000412,80.2447662354,24384,24394,10
12.9591503143,80.2446899414,24394,24404,10
12.9586000443,80.244430542,24404,24414,10
12.9578199387,80.2441101074,24414,24424,10
12.9570198059,80.2437515259,24424,24434,10
12.9564504623,80.2435073853,24434,24444,10
12.9561004639,80.2433624268,24444,24454,10
12.955160141,80.243019104,24454,24464,10
12.9539604187,80.2425537109,24464,24475,11
12.9525098801,80.2419509888,24475,24485,10
12.9516401291,80.2416610718,24485,24495,10
12.95154953,80.2416229248,24495,24505,10
12.9509401321,80.2414169312,24505,24515,10
12.9498796463,80.2411117554,24515,24525,10
12.9490203857,80.2408370972,24525,24535,10
12.9484100342,80.240562439,24535,24545,10
12.9473896027,80.2401275635,24545,24555,10
12.9469404221,80.2399520874,24555,24565,10
12.9464101791,80.239730835,24565,24576,11
12.9454097748,80.2392578125,24576,24586,10
12.9445400238,80.2384185791,24586,24596,10
12.9435396194,80.2373809814,24596,24606,10
12.9423599243,80.2365264893,24606,24616,10
12.9409399033,80.2361526489,24616,24626,10
12.9398603439,80.2358093262,24626,24635,9
12.9389095306,80.2353591919,24635,24646,11
12.9375896454,80.2347106934,24646,24656,10
12.9364099503,80.234161377,24656,24666,10
12.9357995987,80.23387146,24666,24676,10
12.9357204437,80.233833313,24676,24687,11
12.9350996017,80.2335510254,24687,24697,10
12.9341802597,80.2331314087,24697,24707,10
12.9339799881,80.233039856,24707,24717,10
12.9338998795,80.233001709,24717,24727,10
12.9334402084,80.2327575684,24727,24737,10
12.9325199127,80.2323913574,24737,24747,10
12.9312801361,80.2319793701,24747,24757,10
12.9298601151,80.2315673828,24757,24767,10
12.9283895493,80.231300354,24767,24777,10
12.9268903732,80.2311172485,24777,24787,10
12.925450325,80.2309494019,24787,24798,11
12.9237203598,80.23072052,24798,24808,10
12.92208004,80.2304763794,24808,24818,10
12.9205799103,80.2302932739,24818,24828,10
12.9194402695,80.2301483154,24828,24838,10
12.9191398621,80.2300796509,24838,24848,10
12.9183197021,80.2299728394,24848,24858,10
12.917090416,80.2298202515,24858,24868,10
12.9157800674,80.2296524048,24868,24878,10
12.914440155,80.2294692993,24878,24889,11
12.9134397507,80.2293395996,24889,24899,10
12.9132995605,80.229309082,24899,24909,10
12.9125995636,80.2292022705,24909,24919,10
12.9113798141,80.2290420532,24919,24929,10
12.9098100662,80.2288208008,24929,24939,10
12.9082298279,80.2285385132,24939,24949,10
12.9069299698,80.2283782959,24949,24990,41
12.9069299698,80.2283782959,24990,25000,10
12.9067497253,80.2283935547,25000,25010,10
12.9062204361,80.2283096313,25010,25020,10
12.9052801132,80.2282485962,25020,25030,10
12.9039297104,80.2281570435,25030,25040,10
12.9023895264,80.2280578613,25040,25050,10
12.9012098312,80.2279968262,25050,25060,10
12.9002799988,80.2279510498,25060,25070,10
12.8995504379,80.227897644,25070,25080,10
12.8994398117,80.2279129028,25080,25091,11
12.8991298676,80.2278823853,25091,25101,10
12.8983602524,80.2278213501,25101,25111,10
12.8972396851,80.2277526855,25111,25121,10
12.8959102631,80.2276916504,25121,25131,10
12.8945598602,80.2276382446,25131,25141,10
12.8931999207,80.2275238037,25141,25150,9
12.8920698166,80.2274017334,25150,25161,11
12.890540123,80.2273788452,25161,25171,10
12.88904953,80.2273864746,25171,25181,10
12.8876199722,80.2272872925,25181,25192,11
12.8859596252,80.2269515991,25192,25202,10
12.8848104477,80.2267608643,25202,25212,10
12.8846797943,80.2267608643,25212,25222,10
12.8841495514,80.2267379761,25222,25232,10
12.8831501007,80.2267379761,25232,25242,10
12.881819725,80.2267608643,25242,25252,10
12.880279541,80.2267684937,25252,25262,10
12.8785800934,80.2268295288,25262,25272,10
12.8770198822,80.2269592285,25272,25282,10
12.876449585,80.2270126343,25282,25293,11
12.8762102127,80.2270126343,25293,25303,10
12.8754301071,80.2269668579,25303,25313,10
12.8742799759,80.2268295288,25313,25323,10
12.8729200363,80.2267303467,25323,25333,10
12.872179985,80.2267379761,25333,25343,10
12.8718700409,80.2267303467,25343,25353,10
12.8710203171,80.2266769409,25353,25363,10
12.869799614,80.2265701294,25363,25373,10
12.8683795929,80.2264328003,25373,25383,10
12.866809845,80.2265396118,25383,25394,11
12.8650197983,80.2266235352,25394,25404,10
12.8633098602,80.2265625,25404,25414,10
12.8616600037,80.2266387939,25414,25424,10
12.8608198166,80.2266387939,25424,25434,10
12.8606004715,80.2266235352,25434,25444,10
12.8598804474,80.2264862061,25444,25454,10
12.8587799072,80.2263412476,25454,25464,10
12.8574800491,80.2263031006,25464,25474,10
12.856010437,80.2264404297,25474,25484,10
12.8543901443,80.226600647,25484,25495,11
12.8524599075,80.2266921997,25495,25505,10
12.8506498337,80.2266387939,25505,25515,10
12.8496704102,80.2266235352,25515,25525,10
12.8493795395,80.2266235352,25525,25535,10
12.8485498428,80.226600647,25535,25545,10
12.8473300934,80.2266082764,25545,25555,10
12.8459701538,80.2266235352,25555,25565,10
12.8453197479,80.2266387939,25565,25575,10
12.8449802399,80.2266387939,25575,25585,10
12.8440599442,80.2267227173,25585,25596,11
12.8427200317,80.2269134521,25596,25605,9
12.8414201736,80.2272033691,25605,25616,11
12.8402795792,80.2275314331,25616,25626,10
12.8397102356,80.2277984619,25626,25646,20
12.8397102356,80.2277984619,25646,25656,10
12.8392601013,80.227897644,25656,25666,10
12.8383197784,80.2280807495,25666,25676,10
12.8369903564,80.2283401489,25676,25686,10
12.8354797363,80.2285614014,25686,25696,10
12.8338699341,80.2288284302,25696,25707,11
12.8325500488,80.2290878296,25707,25717,10
12.8323097229,80.2291412354,25717,25727,10
12.8320798874,80.2291793823,25727,25737,10
12.8313102722,80.2293395996,25737,25747,10
12.8302602768,80.2297210693,25747,25757,10
12.8290100098,80.2302093506,25757,25767,10
12.8277397156,80.2309036255,25767,25783,16
12.8253898621,80.2314224243,25783,25795,12
12.8235797882,80.2311019897,25795,25805,10
12.8220901489,80.2306365967,25805,25816,11
12.8204898834,80.2304763794,25816,25826,10
12.8192796707,80.2305221558,25826,25836,10
12.8188400269,80.2304992676,25836,25846,10
12.8184099197,80.2303009033,25846,25856,10
12.8174104691,80.2298278809,25856,25866,10
12.8161401749,80.2294769287,25866,25875,9
12.8148002625,80.2292785645,25875,25885,10
12.8132295609,80.2288970947,25885,25896,11
12.8116197586,80.2283401489,25896,25907,11
12.8101797104,80.2277832031,25907,25916,9
12.8091402054,80.2272567749,25916,25927,11
12.8080101013,80.226348877,25927,25937,10
12.807220459,80.2256622314,25937,25947,10
12.8066902161,80.2251968384,25947,25957,10
12.8062496185,80.2248001099,25957,25967,10
12.8057203293,80.2243499756,25967,25977,10
12.8051700592,80.2240905762,25977,25987,10
12.8051395416,80.2240829468,25987,25997,10
12.8050203323,80.2240524292,25997,26008,11
12.8043498993,80.2239379883,26008,26018,10
12.8034801483,80.2238769531,26018,26028,10
12.8023796082,80.223739624,26028,26038,10
12.8010997772,80.2236099243,26038,26048,10
12.7998199463,80.2235031128,26048,26058,10
12.79845047,80.2233810425,26058,26068,10
12.796959877,80.2231674194,26068,26078,10
12.7956495285,80.2229232788,26078,26088,10
12.7943401337,80.2227096558,26088,26098,10
12.7929201126,80.2224884033,26098,26109,11
12.7912902832,80.2221298218,26109,26119,10
12.7898597717,80.2217712402,26119,26129,10
12.7888002396,80.2213897705,26129,26139,10
12.7876996994,80.2209625244,26139,26149,10
12.7869501114,80.220703125,26149,26159,10
12.7865400314,80.2205276489,26159,26169,10
12.786359787,80.2204437256,26169,26179,10
12.7860298157,80.2203063965,26179,26189,10
12.7855396271,80.2201004028,26189,26199,10
12.7848796844,80.2197570801,26199,26210,11
12.7840003967,80.2192611694,26210,26220,10
12.7831201553,80.2187576294,26220,26230,10
12.7820396423,80.2181625366,26230,26240,10
12.78083992,80.2174987793,26240,26250,10
12.7796096802,80.2168502808,26250,26260,10
12.7783498764,80.2162017822,26260,26270,10
12.7770700455,80.215637207,26270,26280,10
12.7757797241,80.2151107788,26280,26290,10
12.7744598389,80.2145614624,26290,26300,10
12.7730798721,80.2140197754,26300,26310,10
12.771730423,80.213508606,26310,26321,11
12.7704401016,80.2130432129,26321,26331,10
12.7692098618,80.212600708,26331,26341,10
12.7678003311,80.212097168,26341,26351,10
12.7662601471,80.2115707397,26351,26361,10
12.7646102905,80.2109680176,26361,26371,10
12.7628898621,80.210319519,26371,26381,10
12.7612104416,80.2095794678,26381,26391,10
12.7595500946,80.2087097168,26391,26401,10
12.7578897476,80.2078018188,26401,26411,10
12.7562398911,80.2068786621,26411,26422,11
12.7544498444,80.2059020996,26422,26432,10
12.7528295517,80.2050323486,26432,26442,10
12.7514600754,80.2043304443,26442,26452,10
12.7510995865,80.2041473389,26452,26462,10
12.7507896423,80.2039718628,26462,26472,10
12.7499504089,80.2035522461,26472,26482,10
12.7488098145,80.2029571533,26482,26492,10
12.7474803925,80.2022781372,26492,26502,10
12.7460298538,80.2015228271,26502,26512,10
12.7445697784,80.2006378174,26512,26523,11
12.7432403564,80.199180603,26523,26533,10
12.7420597076,80.197769165,26533,26543,10
12.7410297394,80.1963424683,26543,26553,10
12.739979744,80.1948928833,26553,26563,10
12.7389097214,80.1934127808,26563,26573,10
12.737739563,80.1920471191,26573,26583,10
12.7365398407,80.1908798218,26583,26593,10
12.7354803085,80.1898803711,26593,26603,10
12.7341995239,80.1895294189,26603,26613,10
12.7330703735,80.1894378662,26613,26624,11
12.7316799164,80.189163208,26624,26634,10
12.7306203842,80.1890792847,26634,26644,10
12.730050087,80.1890182495,26644,26654,10
12.7295598984,80.1889801025,26654,26664,10
12.7288103104,80.1889038086,26664,26674,10
12.7278900146,80.1886291504,26674,26684,10
12.7270402908,80.1884002686,26684,26694,10
12.7261104584,80.1882019043,26694,26704,10
12.7252998352,80.188079834,26704,26714,10
12.7249403,80.1880111694,26714,26725,11
12.7243003845,80.1878585815,26725,26735,10
12.7234201431,80.1876220703,26735,26745,10
12.7225198746,80.1874008179,26745,26755,10
12.7222900391,80.1875534058,26755,26765,10
12.7219495773,80.1878890991,26765,26876,111
12.7219696045,80.187789917,26876,28654,1778
12.7219696045,80.1876296997,28654,28795,141
12.7220001221,80.1878128052,28795,29169,374
12.7220401764,80.1875686646,29169,29199,30
12.7220401764,80.1875686646,29199,29209,10
12.7222099304,80.187286377,29209,29219,10
12.722240448,80.1872787476,29219,29230,11
12.7225799561,80.1873779297,29230,29240,10
12.7229499817,80.1874771118,29240,29250,10
12.7235803604,80.1876602173,29250,29260,10
12.724149704,80.1877975464,29260,29270,10
12.7246704102,80.1879196167,29270,29280,10
12.724820137,80.1879501343,29280,29290,10
12.7252597809,80.188041687,29290,29300,10
12.7257099152,80.1881103516,29300,29310,10
12.7261800766,80.1882019043,29310,29320,10
12.7267999649,80.188331604,29320,29331,11
12.727640152,80.1885223389,29331,29341,10
12.7285003662,80.1887893677,29341,29351,10
12.7298202515,80.1889724731,29351,29371,20
12.7298202515,80.1889724731,29371,29381,10
12.7299404144,80.1889801025,29381,29391,10
12.7302999496,80.1890182495,29391,29401,10
12.730799675,80.1890869141,29401,29411,10
12.7314796448,80.1891403198,29411,29421,10
12.7321796417,80.1892623901,29421,29432,11
12.7329797745,80.1893768311,29432,29442,10
12.7337198257,80.1894683838,29442,29452,10
12.7345399857,80.1895294189,29452,29462,10
12.7353401184,80.1897201538,29462,29472,10
12.7360296249,80.1901702881,29472,29482,10
12.7363700867,80.1904983521,29482,29492,10
12.7363996506,80.190536499,29492,29502,10
12.7365999222,80.1907806396,29502,29512,10
12.737039566,80.1912536621,29512,29522,10
12.7376203537,80.1918182373,29522,29533,11
12.7383499146,80.1925582886,29533,29543,10
12.7389802933,80.193359375,29543,29553,10
12.7396001816,80.1942062378,29553,29563,10
12.740240097,80.195098877,29563,29573,10
12.7409095764,80.1960220337,29573,29583,10
12.7415895462,80.1969680786,29583,29593,10
12.7422504425,80.197883606,29593,29603,10
12.7429704666,80.1987304688,29603,29613,10
12.7437000275,80.1995925903,29613,29623,10
12.7444801331,80.2004394531,29623,29633,10
12.7453899384,80.2011413574,29633,29644,11
12.746509552,80.2017211914,29644,29654,10
12.7475204468,80.2022399902,29654,29664,10
12.7485303879,80.2027587891,29664,29674,10
12.7495498657,80.2032775879,29674,29684,10
12.7505702972,80.2037963867,29684,29694,10
12.7515697479,80.2043228149,29694,29704,10
12.752579689,80.2048492432,29704,29714,10
12.7535800934,80.2053833008,29714,29724,10
12.7545795441,80.2059173584,29724,29733,9
12.7554798126,80.206413269,29733,29745,12
12.7566795349,80.2070770264,29745,29755,10
12.7576704025,80.2076263428,29755,29765,10
12.7586803436,80.2081832886,29765,29775,10
12.7596998215,80.2087402344,29775,29785,10
12.760720253,80.2092819214,29785,29795,10
12.7617397308,80.209777832,29795,29805,10
12.7627696991,80.2102203369,29805,29815,10
12.7638196945,80.2106170654,29815,29825,10
12.7648801804,80.2110137939,29825,29835,10
12.7659397125,80.2114028931,29835,29846,11
12.7671003342,80.211807251,29846,29856,10
12.7681598663,80.2121963501,29856,29866,10
12.7692403793,80.2125930786,29866,29876,10
12.7702598572,80.2129516602,29876,29886,10
12.7712402344,80.2132797241,29886,29896,10
12.772190094,80.2136230469,29896,29906,10
12.7732601166,80.2140197754,29906,29916,10
12.7744598389,80.2144927979,29916,29926,10
12.775759697,80.2150421143,29926,29936,10
12.7771701813,80.2156219482,29936,29947,11
12.7787799835,80.2163467407,29947,29957,10
12.7801504135,80.2170715332,29957,29967,10
12.7813997269,80.2177429199,29967,29977,10
12.782699585,80.2184524536,29977,29987,10
12.7837896347,80.2190704346,29987,29997,10
12.7846899033,80.2195892334,29997,30007,10
12.7852897644,80.2199020386,30007,30017,10
12.7853298187,80.2199172974,30017,30027,10
12.7854003906,80.2199630737,30027,30037,10
12.785490036,80.2200012207,30037,30048,11
12.7856397629,80.2201004028,30048,30058,10
12.78565979,80.2201004028,30058,30068,10
12.7857398987,80.220161438,30068,30078,10
12.7857999802,80.2201766968,30078,30088,10
12.7858695984,80.2202072144,30088,30098,10
12.7861204147,80.2202987671,30098,30108,10
12.7864999771,80.220451355,30108,30128,20
12.7864999771,80.220451355,30128,30138,10
12.7867898941,80.2205581665,30138,30149,11
12.7871999741,80.2207183838,30149,30159,10
12.7875204086,80.2208404541,30159,30169,10
12.7876796722,80.2208862305,30169,30179,10
12.7880001068,80.2210083008,30179,30189,10
12.7885503769,80.2212219238,30189,30199,10
12.7891998291,80.2214508057,30199,30209,10
12.7894601822,80.2215499878,30209,30219,10
12.7898101807,80.2216796875,30219,30229,10
12.790430069,80.2218475342,30229,30239,10
12.7912797928,80.2220611572,30239,30250,11
12.7924203873,80.2223510742,30250,30260,10
12.7936096191,80.2225418091,30260,30270,10
12.7947301865,80.2227020264,30270,30280,10
12.7956695557,80.2228469849,30280,30290,10
12.7962999344,80.2229309082,30290,30300,10
12.7964200974,80.2229385376,30300,30310,10
12.7969198227,80.2230377197,30310,30320,10
12.7976503372,80.2231674194,30320,30330,10
12.7984800339,80.2232818604,30330,30340,10
12.7993402481,80.2233581543,30340,30350,10
12.8002500534,80.2234420776,30350,30361,11
12.8011302948,80.2235412598,30361,30362,1
12.8011903763,80.2235412598,30362,30401,39
12.8024396896,80.2236785889,30401,30411,10
12.8032903671,80.2238006592,30411,30421,10
12.8042201996,80.2238616943,30421,30431,10
12.8050804138,80.2239685059,30431,30441,10
12.8054895401,80.2240905762,30441,30451,10
12.8055801392,80.2241363525,30451,30462,11
12.8059501648,80.2244033813,30462,30472,10
12.8065500259,80.2249298096,30472,30482,10
12.8073101044,80.2255935669,30482,30497,15
12.8086099625,80.2266998291,30497,30507,10
12.8094596863,80.2273483276,30507,30517,10
12.8117904663,80.2283325195,30517,30526,9
12.8117904663,80.2283325195,30526,30537,11
12.8131399155,80.2287979126,30537,30547,10
12.8143901825,80.2291793823,30547,30557,10
12.8156795502,80.2293701172,30557,30568,11
12.8171596527,80.2296524048,30568,30578,10
12.8184099197,80.2302017212,30578,30588,10
12.8194599152,80.2304763794,30588,30598,10
12.8203296661,80.2304534912,30598,30608,10
12.8213596344,80.23046875,30608,30618,10
12.8224897385,80.2306900024,30618,30628,10
12.823559761,80.2310180664,30628,30638,10
12.8248796463,80.2313232422,30638,30648,10
12.8261499405,80.231338501,30648,30658,10
12.8274202347,80.2311172485,30658,30669,11
12.8287000656,80.2303771973,30669,30679,10
12.8299198151,80.2298202515,30679,30688,9
12.8310403824,80.2293395996,30688,30710,22
12.8310403824,80.2293395996,30710,30720,10
12.8311796188,80.2293014526,30720,30730,10
12.8315896988,80.2291412354,30730,30750,20
12.8315896988,80.2291412354,30750,30761,11
12.8318796158,80.2290420532,30761,30771,10
12.8325300217,80.2289199829,30771,30781,10
12.8334703445,80.2287597656,30781,30791,10
12.8344497681,80.2286224365,30791,30801,10
12.8355398178,80.2284622192,30801,30810,9
12.8366003036,80.228302002,30810,30821,11
12.8380002975,80.2280807495,30821,30831,10
12.8390398026,80.2278137207,30831,30841,10
12.8395395279,80.2275772095,30841,30851,10
12.8400096893,80.2275009155,30851,30861,10
12.8407201767,80.2273712158,30861,30872,11
12.8419103622,80.2270431519,30872,30882,10
12.8431596756,80.2267837524,30882,30892,10
12.8444299698,80.226600647,30892,30902,10
12.8453598022,80.2265167236,30902,30912,10
12.845459938,80.2265167236,30912,30922,10
12.8456201553,80.2265167236,30922,30932,10
12.8462400436,80.2265319824,30932,30942,10
12.8471899033,80.2265319824,30942,30952,10
12.8483800888,80.2265319824,30952,30962,10
12.8496303558,80.2265319824,30962,30973,11
12.8510799408,80.2265625,30973,30983,10
12.8524799347,80.2266235352,30983,30993,10
12.8539600372,80.2265777588,30993,31003,10
12.8554801941,80.2264099121,31003,31013,10
12.857049942,80.2262420654,31013,31023,10
12.8585195541,80.2261886597,31023,31032,9
12.8597803116,80.226348877,31032,31043,11
12.8610897064,80.2265319824,31043,31053,10
12.8622598648,80.2265167236,31053,31063,10
12.8635702133,80.2264785767,31063,31074,11
12.8650197983,80.2265396118,31074,31084,10
12.8662900925,80.2265090942,31084,31094,10
12.867650032,80.2263793945,31094,31103,9
12.868929863,80.2263565063,31103,31114,11
12.8704795837,80.2265319824,31114,31124,10
12.8718204498,80.226600647,31124,31134,10
12.872759819,80.2266082764,31134,31144,10
12.8729295731,80.2266082764,31144,31154,10
12.8733196259,80.2266235352,31154,31164,10
12.8740901947,80.2266998291,31164,31175,11
12.8752298355,80.2268371582,31175,31185,10
12.8762102127,80.226890564,31185,31195,10
12.8763399124,80.226890564,31195,31205,10
12.8764400482,80.2268829346,31205,31215,10
12.8766403198,80.2268829346,31215,31225,10
12.8768196106,80.226852417,31225,31235,10
12.8769397736,80.226852417,31235,31245,10
12.8775596619,80.2267913818,31245,31255,10
12.878490448,80.2267227173,31255,31265,10
12.8795003891,80.2266616821,31265,31276,11
12.8807497025,80.2266464233,31276,31286,10
12.8819799423,80.2266387939,31286,31296,10
12.8832302094,80.2266235352,31296,31306,10
12.8842802048,80.226600647,31306,31316,10
12.8848304749,80.2265930176,31316,31326,10
12.8848600388,80.226600647,31326,31336,10
12.8850603104,80.2266235352,31336,31346,10
12.88560009,80.2267227173,31346,31356,10
12.8864898682,80.2269515991,31356,31366,10
12.8875102997,80.2271728516,31366,31377,11
12.8886003494,80.2273025513,31377,31387,10
12.8896799088,80.2273025513,31387,31397,10
12.8912696838,80.2272567749,31397,31496,99
12.8912696838,80.2272567749,31496,31506,10
12.8914804459,80.2272491455,31506,31516,10
12.8919496536,80.2272567749,31516,31526,10
12.8924999237,80.2273025513,31526,31536,10
12.8931303024,80.2273864746,31536,31546,10
12.8937597275,80.2274627686,31546,31556,10
12.8942899704,80.2275390625,31556,31566,10
12.8950099945,80.2275619507,31566,31577,11
12.8960599899,80.2276077271,31577,31588,11
12.8971004486,80.2276611328,31588,31598,10
12.8978996277,80.2277069092,31598,31608,10
12.8987798691,80.2277526855,31608,31618,10
12.8995800018,80.2277908325,31618,31699,81
12.8995800018,80.2277908325,31699,31709,10
12.8999795914,80.2277526855,31709,31719,10
12.9001598358,80.2277832031,31719,31729,10
12.9003896713,80.2277984619,31729,31739,10
12.9006595612,80.2278213501,31739,31749,10
12.9009103775,80.2278594971,31749,31759,10
12.901260376,80.2279205322,31759,31769,10
12.9016504288,80.2279434204,31769,31779,10
12.902130127,80.2279586792,31779,31790,11
12.9026203156,80.2279815674,31790,31800,10
12.9026498795,80.2279815674,31800,31810,10
12.9029903412,80.2279815674,31810,31820,10
12.9036197662,80.2280197144,31820,31830,10
12.9040899277,80.2280578613,31830,31840,10
12.9048404694,80.2280883789,31840,31850,10
12.9051399231,80.2281188965,31850,31860,10
12.9053697586,80.2281265259,31860,31870,10
12.9056396484,80.2281265259,31870,31880,10
12.9058904648,80.2281570435,31880,31891,11
12.9061603546,80.228187561,31891,31901,10
12.9064502716,80.2282180786,31901,31911,10
12.9066095352,80.2282485962,31911,31921,10
12.906829834,80.2282791138,31921,31931,10
12.9074697495,80.2283401489,31931,31941,10
12.9083900452,80.2284469604,31941,31951,10
12.9093399048,80.2286224365,31951,31961,10
12.9101200104,80.2287597656,31961,31971,10
12.9115200043,80.2289733887,31971,31981,10
12.9126701355,80.2291107178,31981,31992,11
12.9134502411,80.2292098999,31992,32002,10
12.913769722,80.2292175293,32002,32022,20
12.913769722,80.2292175293,32022,32032,10
12.9139499664,80.2292709351,32032,32042,10
12.9140195847,80.2292785645,32042,32052,10
12.9144496918,80.2293395996,32052,32062,10
12.9151496887,80.2294464111,32062,32072,10
12.9159498215,80.2295913696,32072,32082,10
12.9172096252,80.2297286987,32082,32103,21
12.9172096252,80.2297286987,32103,32113,10
12.9177503586,80.2298202515,32113,32123,10
12.918589592,80.2299423218,32123,32133,10
12.9196395874,80.2300796509,32133,32143,10
12.9208803177,80.23021698,32143,32153,10
12.9222698212,80.2304229736,32153,32163,10
12.9237203598,80.2306289673,32163,32173,10
12.9251003265,80.230796814,32173,32183,10
12.9260797501,80.2308578491,32183,32194,11
12.9262695313,80.2308883667,32194,32204,10
12.926779747,80.2309799194,32204,32214,10
12.9277200699,80.2311019897,32214,32224,10
12.9285802841,80.2312164307,32224,32234,10
12.9289197922,80.2312774658,32234,32244,10
12.929599762,80.2314224243,32244,32254,10
12.930680275,80.2316894531,32254,32264,10
12.9320898056,80.2321166992,32264,32272,8
12.9331798553,80.2324981689,32272,32284,12
12.9337596893,80.232749939,32284,32294,10
12.9339199066,80.2328491211,32294,32305,11
12.9346399307,80.2331924438,32305,32315,10
12.9356603622,80.2335968018,32315,32325,10
12.9367799759,80.23412323,32325,32335,10
12.9379901886,80.2347412109,32335,32345,10
12.9389801025,80.2352294922,32345,32355,10
12.9397802353,80.2356185913,32355,32375,20
12.9397802353,80.2356185913,32375,32385,10
12.9403295517,80.2358627319,32385,32395,10
12.941280365,80.2360992432,32395,32412,17
12.9432001114,80.2368392944,32412,32424,12
12.9442796707,80.2379608154,32424,32434,10
12.9449901581,80.2387619019,32434,32444,10
12.9463796616,80.239616394,32444,32454,10
12.9471197128,80.239906311,32454,32464,10
12.9473495483,80.2399978638,32464,32474,10
12.9476299286,80.2400894165,32474,32505,31
12.9476299286,80.2400894165,32505,32515,10
12.9479398727,80.2402496338,32515,32525,10
12.9484996796,80.2404785156,32525,32535,10
12.9490299225,80.2406692505,32535,32545,10
12.9494600296,80.2408218384,32545,32555,10
12.9499998093,80.2409591675,32555,32565,10
12.9504804611,80.2410964966,32565,32575,10
12.9509801865,80.2412567139,32575,32585,10
12.951089859,80.241317749,32585,32595,10
12.9512796402,80.2414169312,32595,32606,11
12.9513101578,80.2414321899,32606,32616,10
12.9514303207,80.2415008545,32616,32626,10
12.9515800476,80.2415390015,32626,32636,10
12.9520196915,80.2416763306,32636,32646,10
12.9526996613,80.2419433594,32646,32656,10
12.9535598755,80.2422409058,32656,32666,10
12.954079628,80.24243927,32666,32676,10
12.9547796249,80.2427368164,32676,32686,10
12.9553699493,80.2429428101,32686,32737,51
12.9555797577,80.2429962158,32737,32777,40
12.9555797577,80.2429962158,32777,32787,10
12.9559402466,80.2431182861,32787,32818,31
12.9559402466,80.2431182861,32818,32828,10
12.9563398361,80.2433166504,32828,32848,20
12.9563398361,80.2433166504,32848,32858,10
12.9565296173,80.2434082031,32858,32868,10
12.9570503235,80.243637085,32868,32878,10
12.9573497772,80.2437820435,32878,32888,10
12.9576702118,80.243927002,32888,32898,10
12.9582700729,80.2441864014,32898,32908,10
12.9589004517,80.2444229126,32908,32918,10
12.9589395523,80.2444381714,32918,32929,11
12.9591999054,80.2445526123,32929,32939,10
12.9595804214,80.2447662354,32939,32949,10
12.9603204727,80.2451095581,32949,32959,10
12.9612998962,80.2455673218,32959,32969,10
12.9623003006,80.2460479736,32969,32979,10
12.9626598358,80.2462005615,32979,33009,30
12.9626598358,80.2462005615,33009,33020,11
12.9628200531,80.2462768555,33020,33030,10
12.9629802704,80.246421814,33030,33040,10
12.9632797241,80.2465820313,33040,33050,10
12.9636001587,80.2467422485,33050,33060,10
12.964099884,80.2469329834,33060,33070,10
12.9648599625,80.2471923828,33070,33080,10
12.9654998779,80.2473907471,33080,33090,10
12.9660701752,80.2475967407,33090,33100,10
12.9662303925,80.2476882935,33100,33110,10
12.9662799835,80.2477035522,33110,33121,11
12.9665498734,80.247833252,33121,33131,10
12.9666204453,80.2478485107,33131,33141,10
12.966919899,80.248008728,33141,33151,10
12.9676904678,80.2483520508,33151,33161,10
12.9687595367,80.2488098145,33161,33171,10
12.9699497223,80.2492904663,33171,33181,10
12.9712600708,80.2497329712,33181,33191,10
12.9724998474,80.250038147,33191,33201,10
12.9735898972,80.2503128052,33201,33211,10
12.9747695923,80.2506637573,33211,33222,11
12.9762601852,80.2510986328,33222,33231,9
12.9774503708,80.2515563965,33231,33242,11
12.9783201218,80.2521972656,33242,33252,10
12.9783697128,80.2522277832,33252,33262,10
12.9784698486,80.2522888184,33262,33272,10
12.9793395996,80.2525634766,33272,33292,20
12.9793395996,80.2525634766,33292,33302,10
12.9794197083,80.2525482178,33302,33312,10
12.9796199799,80.252571106,33312,33323,11
12.9800901413,80.2526168823,33323,33333,10
12.9806699753,80.2526321411,33333,33343,10
12.9814100266,80.2525787354,33343,33353,10
12.981880188,80.2525634766,33353,33363,10
12.9826498032,80.2525405884,33363,33373,10
12.983300209,80.2524795532,33373,33383,10
12.983880043,80.2523574829,33383,33393,10
12.9843997955,80.2522125244,33393,33403,10
12.9848098755,80.2520980835,33403,33413,10
12.9851303101,80.2520065308,33413,33424,11
12.9855203629,80.2519073486,33424,33434,10
12.9857597351,80.2518615723,33434,33444,10
12.9860897064,80.2517623901,33444,33454,10
12.9863796234,80.2516937256,33454,33464,10
12.9866600037,80.2516174316,33464,33466,2
12.986700058,80.2516098022,33466,33511,45
12.9891796112,80.2509613037,33511,33521,10
12.9893198013,80.2509231567,33521,33532,11
12.9894504547,80.2509384155,33532,33542,10
12.9900197983,80.2508163452,33542,33552,10
12.9910001755,80.2505569458,33552,33562,10
12.9922399521,80.2502593994,33562,33572,10
12.9937200546,80.2498779297,33572,33582,10
12.995300293,80.2494888306,33582,33593,11
12.996720314,80.2490692139,33593,33604,11
12.9969501495,80.2490234375,33604,33614,10
12.9974498749,80.248878479,33614,33624,10
12.9983196259,80.2486801147,33624,33635,11
12.9995298386,80.2484207153,33635,33645,10
13.0008602142,80.2481536865,33645,33655,10
13.0020599365,80.2477798462,33655,33665,10
13.0030403137,80.2475814819,33665,33675,10
13.0042695999,80.2473831177,33675,33685,10
13.0053195953,80.2472076416,33685,33695,10
13.0060997009,80.246963501,33695,33704,9
13.0064401627,80.2466125488,33704,33715,11
13.006529808,80.2464599609,33715,33725,10
13.0065803528,80.2456817627,33725,33746,21
13.0065803528,80.2456817627,33746,33756,10
13.0066003799,80.2454223633,33756,33766,10
13.0065803528,80.2451400757,33766,33776,10
13.0065498352,80.2449111938,33776,33786,10
13.0065498352,80.2449035645,33786,33796,10
13.0065803528,80.2445526123,33796,33806,10
13.0066204071,80.2443389893,33806,33816,10
13.0066003799,80.2439880371,33816,33826,10
13.0066099167,80.2436904907,33826,33837,11
13.0065498352,80.2431182861,33837,33847,10
13.0064897537,80.242477417,33847,33857,10
13.0064601898,80.2419586182,33857,33867,10
13.0065002441,80.2416687012,33867,33927,60
13.0065002441,80.2416687012,33927,33938,11
13.0065698624,80.2412567139,33938,33948,10
13.0065803528,80.2409133911,33948,33958,10
13.0066299438,80.2400817871,33958,33968,10
13.0068902969,80.2390136719,33968,33978,10
13.0070896149,80.2380065918,33978,33988,10
13.0072603226,80.2373123169,33988,33998,10
13.0073204041,80.2368621826,33998,34008,10
13.0073795319,80.2366790771,34008,34018,10
13.0074901581,80.2361984253,34018,34028,10
13.0077104568,80.2353515625,34028,34039,11
13.008020401,80.2340011597,34039,34049,10
13.0082998276,80.2324523926,34049,34059,10
13.0086402893,80.2308120728,34059,34069,10
13.008890152,80.2293701172,34069,34079,10
13.0091896057,80.2281799316,34079,34089,10
13.0096597672,80.2271575928,34089,34099,10
13.0101299286,80.2261276245,34099,34109,10
13.0105600357,80.2252578735,34109,34119,10
13.0109195709,80.2244873047,34119,34140,21
13.0109195709,80.2244873047,34140,34150,10
13.0109901428,80.2243423462,34150,34160,10
13.0111398697,80.2239532471,34160,34170,10
13.0112600327,80.2235031128,34170,34180,10
13.0115604401,80.2229309082,34180,34190,10
13.0116195679,80.2221298218,34190,34200,10
13.0119104385,80.2216033936,34200,34210,10
13.0120401382,80.2215805054,34210,34220,10
13.0123300552,80.2216873169,34220,34230,10
13.0125303268,80.222038269,34230,34241,11
13.0128297806,80.222366333,34241,34251,10
13.013299942,80.2227630615,34251,34261,10
13.0138397217,80.2232818604,34261,34271,10
13.0140800476,80.2235336304,34271,34281,10
13.0142002106,80.2236709595,34281,34291,10
13.0145797729,80.2241287231,34291,34301,10
13.0150299072,80.2246704102,34301,34311,10
13.0153198242,80.2249679565,34311,34321,10
13.0156497955,80.2252120972,34321,34331,10
13.0157804489,80.2252807617,34331,34342,11
13.0163097382,80.2253570557,34342,34352,10
13.0168504715,80.225227356,34352,34362,10
13.0175104141,80.224937439,34362,34372,10
13.0184803009,80.2245407104,34372,34382,10
13.0193901062,80.2243804932,34382,34392,10
13.0198497772,80.2245788574,34392,34402,10
13.0201997757,80.224861145,34402,34422,20
13.0201997757,80.224861145,34422,34432,10
13.0204200745,80.2249984741,34432,34443,11
13.0205602646,80.2250976563,34443,34453,10
13.0206804276,80.2251968384,34453,34463,10
13.0208797455,80.2253723145,34463,34473,10
13.0211496353,80.2255935669,34473,34483,10
13.0215396881,80.2258911133,34483,34493,10
13.0217895508,80.2260513306,34493,34503,10
13.0220403671,80.2262573242,34503,34533,30
13.0220403671,80.2262573242,34533,34544,11
13.0223398209,80.2264633179,34544,34564,20
13.0223398209,80.2264633179,34564,34574,10
13.022480011,80.2266387939,34574,34584,10
13.0227098465,80.2268600464,34584,34604,20
13.0229797363,80.227180481,34604,34655,51
13.0229797363,80.227180481,34655,34665,10
13.0233402252,80.2275238037,34665,34675,10
13.0235500336,80.2276916504,34675,34685,10
13.0237998962,80.2279129028,34685,34695,10
13.0239896774,80.2280883789,34695,34725,30
13.0239896774,80.2280883789,34725,34735,10
13.0241203308,80.2281570435,34735,34745,10
13.0242700577,80.2283477783,34745,34756,11
13.0244197845,80.2285995483,34756,34766,10
13.0245704651,80.2287979126,34766,34776,10
13.0247097015,80.2290115356,34776,34786,10
13.0247802734,80.2291183472,34786,34802,16
13.0252199173,80.2296905518,34802,34814,12
13.02546978,80.2299880981,34814,34822,8
13.0256204605,80.2301864624,34822,34834,12
13.0257501602,80.23046875,34834,34844,10
13.0258798599,80.2307815552,34844,34855,11
13.0259799957,80.2311401367,34855,34865,10
13.0261096954,80.2316131592,34865,34875,10
13.0262699127,80.2322006226,34875,34885,10
13.0265102386,80.2327728271,34885,34966,81
13.0265102386,80.2327728271,34966,34982,16
13.0266399384,80.232963562,34982,34994,12
13.0268697739,80.2334365845,34994,35004,10
13.0271596909,80.2339782715,35004,35014,10
13.0277004242,80.2349624634,35014,35024,10
13.028380394,80.2359085083,35024,35034,10
13.0296001434,80.2371063232,35034,35054,20
13.0296001434,80.2371063232,35054,35065,11
13.0299301147,80.2377090454,35065,35075,10
13.0302801132,80.238319397,35075,35085,10
13.0306997299,80.2389678955,35085,35095,10
13.0310497284,80.2395935059,35095,35145,50
13.0310497284,80.2395935059,35145,35155,10
13.0312204361,80.2399597168,35155,35166,11
13.0313596725,80.2401504517,35166,35176,10
13.0313997269,80.2406692505,35176,35186,10
13.0315904617,80.2411727905,35186,35196,10
13.0318603516,80.2416763306,35196,35206,10
13.0322999954,80.2423629761,35206,35216,10
13.0328598022,80.2430801392,35216,35226,10
13.0335302353,80.2439193726,35226,35236,10
13.034119606,80.2448196411,35236,35246,10
13.0347700119,80.2455062866,35246,35256,10
13.0351600647,80.2459335327,35256,35267,11
13.0357704163,80.2461624146,35267,35287,20
13.0357704163,80.2461624146,35287,35296,9
13.0361003876,80.2463302612,35296,35307,11
13.0367898941,80.2464675903,35307,35317,10
13.0375995636,80.2464294434,35317,35327,10
13.0383396149,80.24659729,35327,35336,9
13.0388402939,80.2467575073,35336,35388,52
13.0388402939,80.2467575073,35388,35398,10
13.0391702652,80.2468795776,35398,35408,10
13.0396003723,80.246963501,35408,35418,10
13.0401697159,80.2470932007,35418,35428,10
13.0409603119,80.2472229004,35428,35438,10
13.0418195724,80.2473678589,35438,35448,10
13.0422801971,80.2474899292,35448,35458,10
13.0427103043,80.2476806641,35458,35469,11
13.0433301926,80.2478103638,35469,35479,10
13.0439300537,80.2477416992,35479,35489,10
13.0446195602,80.2478713989,35489,35499,10
13.0451602936,80.2481536865,35499,35509,10
13.0458602905,80.2484436035,35509,35519,10
13.0470104218,80.2483978271,35519,35539,20
13.0470104218,80.2483978271,35539,35549,10
13.0472202301,80.2484664917,35549,35559,10
13.047659874,80.2488479614,35559,35570,11
13.0479602814,80.249130249,35570,35580,10
13.0482997894,80.249420166,35580,35590,10
13.0489902496,80.2495803833,35590,35600,10
13.0492601395,80.2496490479,35600,35610,10
13.0498304367,80.2497634888,35610,35620,10
13.0508203506,80.25,35620,35630,10
13.0517997742,80.2503967285,35630,35640,10
13.0521697998,80.2507476807,35640,35660,20
13.0521697998,80.2507476807,35660,35671,11
13.0524196625,80.251083374,35671,35681,10
13.0526599884,80.2513809204,35681,35691,10
13.0528202057,80.2515563965,35691,35701,10
13.0529603958,80.2517776489,35701,35711,10
13.0531101227,80.2519989014,35711,35721,10
13.0531301498,80.2520217896,35721,35731,10
13.0531597137,80.2520599365,35731,35741,10
13.053319931,80.2522735596,35741,35751,10
13.0534801483,80.2525177002,35751,35761,10
13.0536403656,80.2528076172,35761,35771,10
13.0538597107,80.2530822754,35771,35782,11
13.0539903641,80.2532501221,35782,35792,10
13.0541400909,80.2534103394,35792,35802,10
13.0543003082,80.2536392212,35802,35812,10
13.0544300079,80.2537994385,35812,35822,10
13.0545301437,80.2539367676,35822,35832,10
13.054599762,80.2540664673,35832,35842,10
13.0547103882,80.2542266846,35842,35852,10
13.0548095703,80.2543411255,35852,35862,10
13.0550203323,80.2546081543,35862,35873,11
13.0552396774,80.2548980713,35873,35883,10
13.0553798676,80.2551116943,35883,35893,10
13.0555696487,80.2553710938,35893,35903,10
13.0556898117,80.2555389404,35903,35913,10
13.0558204651,80.2557220459,35913,35923,10
13.0560102463,80.2559890747,35923,35933,10
13.0562801361,80.2563171387,35933,35943,10
13.0565700531,80.2566375732,35943,35953,10
13.057009697,80.2570495605,35953,35963,10
13.0574398041,80.2574234009,35963,35974,11
13.0576000214,80.2575378418,35974,35984,10
13.057800293,80.2577209473,35984,35994,10
13.05809021,80.2580337524,35994,36004,10
13.0584602356,80.2584991455,36004,36014,10
13.0588798523,80.2589797974,36014,36024,10
13.0592803955,80.2596893311,36024,36034,10
13.0597696304,80.2601470947,36034,36044,10
13.0602798462,80.2606735229,36044,36054,10
13.0606002808,80.2611083984,36054,36064,10
13.060790062,80.261390686,36064,36075,11
13.0609998703,80.2616119385,36075,36084,9
13.0614004135,80.2620315552,36084,36100,16
13.0618200302,80.2625808716,36100,36141,41
13.0618200302,80.2625808716,36141,36151,10
13.062040329,80.2627563477,36151,36161,10
13.0623197556,80.2631607056,36161,36171,10
13.0627002716,80.2636795044,36171,36182,11
13.0632200241,80.2643127441,36182,36192,10
13.0636796951,80.265007019,36192,36202,10
13.0639801025,80.2655029297,36202,36212,10
13.0642795563,80.2659301758,36212,36222,10
13.064740181,80.2665176392,36222,36232,10
13.0650396347,80.2668685913,36232,36242,10
13.0655498505,80.2672119141,36242,36252,10
13.0656299591,80.2672805786,36252,36262,10
13.0657901764,80.2675018311,36262,36272,10
13.0661296844,80.2679977417,36272,36283,11
13.0664196014,80.2683029175,36283,36293,10
13.0666503906,80.268409729,36293,36303,10
13.0670604706,80.2686462402,36303,36313,10
13.0674800873,80.2688827515,36313,36323,10
13.0680503845,80.269241333,36323,36333,10
13.0683097839,80.2694396973,36333,36343,10
13.0683002472,80.2696685791,36343,36353,10
13.0682401657,80.2702407837,36353,36363,10
13.0681400299,80.2710037231,36363,36373,10
13.0682001114,80.2713699341,36373,36384,11
13.0683498383,80.2715377808,36384,36394,10
13.0685396194,80.2717437744,36394,36404,10
13.0687503815,80.2718505859,36404,36414,10
13.0690097809,80.2719497681,36414,36424,10
13.0694503784,80.2723617554,36424,36434,10
13.0700101852,80.2729492188,36434,36444,10
13.0703496933,80.2733612061,36444,36454,10
13.0710000992,80.2740631104,36454,36473,19
13.0710000992,80.2740631104,36473,36484,11
13.0713396072,80.2741394043,36484,36495,11
13.0719299316,80.2744598389,36495,36505,10
13.0723199844,80.2748718262,36505,36515,10
13.0728197098,80.2754211426,36515,36525,10
13.0732603073,80.2758865356,36525,36535,10
13.0734996796,80.2761383057,36535,36545,10
13.0738697052,80.2762832642,36545,36555,10
13.0740804672,80.2762908936,36555,36565,10
13.0747900009,80.2762832642,36565,36575,10
13.0754995346,80.276260376,36575,36585,10
13.0758304596,80.2761993408,36585,36596,11
13.0759296417,80.275932312,36596,36606,10
13.075920105,80.275390625,36606,36616,10
13.0760602951,80.2747879028,36616,36887,271
13.0760602951,80.2747879028,36887,36898,11
13.0759401321,80.274887085,36898,36908,10
13.0760202408,80.2755966187,36908,36918,10
13.075969696,80.2761535645,36918,36928,10
13.0761499405,80.2762298584,36928,36938,10
13.0767097473,80.2761993408,36938,36948,10
13.0774202347,80.2761611938,36948,36958,10
13.0781698227,80.2759170532,36958,36968,10
13.0786104202,80.2751312256,36968,36978,10
13.0795202255,80.2752227783,36978,36988,10
13.0804004669,80.2751998901,36988,37110,122
13.0804004669,80.2751998901,37110,37120,10
13.080619812,80.2751617432,37120,37130,10
13.0809803009,80.2751312256,37130,37140,10
13.0814599991,80.2750930786,37140,37211,71
13.0814599991,80.2750930786,37211,37221,10
13.081609726,80.275062561,37221,37231,10
13.0817203522,80.2751235962,37231,37241,10
13.0819196701,80.2751998901,37241,37251,10
13.0820198059,80.2754592896,37251,37322,71
13.0820798874,80.2756271362,37322,37818,496
13.081990242,80.2758178711,37818,37899,81
13.081990242,80.2758178711,37899,37909,10
13.0818595886,80.2763214111,37909,37920,11
13.0818796158,80.2765579224,37920,37930,10
13.0819301605,80.2769393921,37930,37940,10
13.0819702148,80.2773284912,37940,37950,10
13.0820198059,80.2776565552,37950,37960,10
13.0820999146,80.2779312134,37960,37970,10
13.0825300217,80.2779998779,37970,37980,10
13.0831203461,80.2779998779,37980,37990,10
13.0832996368,80.2780380249,37990,38000,10
13.0833997726,80.2782211304,38000,38009,9
13.0835399628,80.2786712646,38009,38021,12
13.0830202103,80.2788314819,38021,38031,10
13.0824403763,80.2786712646,38031,38061,30
13.0824403763,80.2786712646,38061,38071,10
13.0821399689,80.2786026001,38071,38081,10
13.0819196701,80.2782287598,38081,38101,20
13.0819196701,80.2782287598,38101,38111,10
13.0819101334,80.2778396606,38111,38122,11
13.0818901062,80.2775726318,38122,38132,10
13.0818395615,80.2772827148,38132,38142,10
13.0818099976,80.2769012451,38142,38152,10
13.0817804337,80.2766418457,38152,38162,10
13.0817403793,80.2764434814,38162,38172,10
13.0817298889,80.276260376,38172,38181,9
13.0816698074,80.2759933472,38181,38263,82
13.0815601349,80.2756500244,38263,38392,129
13.0815601349,80.2756500244,38392,38402,10
13.0815095901,80.275390625,38402,38433,31
13.0815095901,80.275390625,38433,38443,10
13.0814199448,80.275177002,38443,38452,9
13.0811300278,80.275177002,38452,38463,11
13.0806798935,80.2752532959,38463,38473,10
13.0801801682,80.2753219604,38473,38483,10
13.0797901154,80.2753601074,38483,38493,10
13.0793399811,80.2752914429,38493,38503,10
13.0787200928,80.275177002,38503,38513,10
13.0782299042,80.2757568359,38513,38523,10
13.0776596069,80.2762374878,38523,38534,11
13.0767402649,80.2762908936,38534,38544,10
13.0759601593,80.2763290405,38544,38554,10
13.0750198364,80.2763595581,38554,38564,10
13.0740404129,80.2764587402,38564,38574,10
13.0734996796,80.2764663696,38574,38584,10
13.0730304718,80.2759399414,38584,38593,9
13.0725097656,80.2753601074,38593,38604,11
13.0718898773,80.2747192383,38604,38624,20
13.0718898773,80.2747192383,38624,38635,11
13.0716199875,80.2745895386,38635,38645,10
13.0708999634,80.2744293213,38645,38655,10
13.0706100464,80.2741699219,38655,38665,10
13.0705795288,80.2741012573,38665,38675,10
13.0704402924,80.27368927,38675,38685,10
13.0701198578,80.2732315063,38685,38695,10
13.0697002411,80.2727584839,38695,38705,10
13.0692396164,80.2722930908,38705,38715,10
13.0688800812,80.2720031738,38715,38756,41
13.0688800812,80.2720031738,38756,38766,10
13.0686197281,80.2720184326,38766,38776,10
13.0682296753,80.2717895508,38776,38786,10
13.0680198669,80.2713317871,38786,38796,10
13.0677995682,80.270942688,38796,38806,10
13.0674104691,80.2705688477,38806,38816,10
13.0671300888,80.2703094482,38816,38826,10
13.0666999817,80.2698822021,38826,38836,10
13.0664997101,80.269317627,38836,38847,11
13.0663795471,80.268661499,38847,38857,10
13.0659198761,80.2679367065,38857,38867,10
13.0654296875,80.2676696777,38867,38877,10
13.0653400421,80.2676620483,38877,38887,10
13.0652399063,80.2676620483,38887,38897,10
13.0648498535,80.2675933838,38897,38907,10
13.0642004013,80.2674789429,38907,38917,10
13.0636196136,80.2673568726,38917,38927,10
13.062959671,80.2672271729,38927,38937,10
13.0624399185,80.2668304443,38937,38948,11
13.0618495941,80.2661209106,38948,38958,10
13.0613203049,80.2654571533,38958,38968,10
13.0606498718,80.2653274536,38968,38978,10
13.0604600906,80.2654190063,38978,38988,10
13.0603303909,80.2654724121,38988,38998,10
13.0597600937,80.2656173706,38998,39008,10
13.0591897964,80.2655792236,39008,39018,10
13.0587396622,80.2655105591,39018,39028,10
13.0584001541,80.265411377,39028,39038,10
13.0580797195,80.2649688721,39038,39049,11
13.0579299927,80.263923645,39049,39059,10
13.0577898026,80.2630081177,39059,39069,10
13.0577096939,80.2623062134,39069,39079,10
13.057559967,80.2615585327,39079,39089,10
13.0574598312,80.2609176636,39089,39099,10
13.0572395325,80.2601394653,39099,39109,10
13.0569601059,80.259147644,39109,39119,10
13.05671978,80.2583618164,39119,39129,10
13.0564804077,80.2571105957,39129,39150,21
13.0564804077,80.2571105957,39150,39160,10
13.0564002991,80.2567977905,39160,39170,10
13.0563201904,80.2564468384,39170,39180,10
13.0560102463,80.2559890747,39180,39190,10
13.0555295944,80.2553329468,39190,39200,10
13.0550098419,80.2546234131,39200,39210,10
13.0543403625,80.2537765503,39210,39220,10
13.0537996292,80.2530670166,39220,39230,10
13.0534200668,80.2524871826,39230,39240,10
13.0529203415,80.2518386841,39240,39251,11
13.052359581,80.2510986328,39251,39261,10
13.051779747,80.2504501343,39261,39271,10
13.0510501862,80.2500991821,39271,39281,10
13.050359726,80.249961853,39281,39291,10
13.0496301651,80.2498397827,39291,39301,10
13.0487604141,80.24974823,39301,39311,10
13.048119545,80.2494506836,39311,39321,10
13.047369957,80.2488174438,39321,39331,10
13.0468797684,80.2486801147,39331,39341,10
13.0468101501,80.2486495972,39341,39352,11
13.0463399887,80.248588562,39352,39362,10
13.045539856,80.2484207153,39362,39382,20
13.045539856,80.2484207153,39382,39392,10
13.045249939,80.248260498,39392,39402,10
13.0449399948,80.2482070923,39402,39412,10
13.0445203781,80.2481231689,39412,39422,10
13.0443096161,80.2480621338,39422,39432,10
13.0441102982,80.2480010986,39432,39442,10
13.0437898636,80.2479629517,39442,39452,10
13.043390274,80.2479171753,39452,39463,11
13.0428600311,80.2478713989,39463,39473,10
13.0422697067,80.2477722168,39473,39483,10
13.0414199829,80.247543335,39483,39493,10
13.0406198502,80.2473602295,39493,39503,10
13.0395097733,80.2471389771,39503,39574,71
13.0395097733,80.2471389771,39574,39584,10
13.0391397476,80.2470397949,39584,39594,10
13.0382299423,80.2468338013,39594,39604,10
13.0370903015,80.2466125488,39604,39614,10
13.035900116,80.2463226318,39614,39624,10
13.0351295471,80.2461013794,39624,39634,10
13.0350904465,80.2460784912,39634,39644,10
13.0350599289,80.24609375,39644,39654,10
13.0347700119,80.2457199097,39654,39665,11
13.034119606,80.2449035645,39665,39675,10
13.0334300995,80.244102478,39675,39685,10
13.0328302383,80.243270874,39685,39695,10
13.0326700211,80.2430114746,39695,39844,149
13.032409668,80.2426376343,39844,39915,71
13.0321903229,80.2423400879,39915,40087,172
13.0321903229,80.2423400879,40087,40097,10
13.0319595337,80.2421188354,40097,40107,10
13.0318202972,80.2417678833,40107,40117,10
13.031539917,80.2410507202,40117,40178,61
13.031539917,80.2410507202,40178,40188,10
13.0314302444,80.2407302856,40188,40198,10
13.0311698914,80.240196228,40198,40208,10
13.0308799744,80.2396011353,40208,40218,10
13.0304002762,80.2387924194,40218,40228,10
13.0299196243,80.2379379272,40228,40238,10
13.0294599533,80.2371368408,40238,40248,10
13.0286397934,80.236328125,40248,40258,10
13.0279197693,80.235496521,40258,40268,10
13.0273399353,80.2345428467,40268,40278,10
13.0269804001,80.2339782715,40278,40289,11
13.0269804001,80.2339706421,40289,40299,10
13.0269002914,80.2337799072,40299,40309,10
13.0266895294,80.2334365845,40309,40319,10
13.0263004303,80.2326889038,40319,40329,10
13.0261001587,80.232093811,40329,40345,16
13.02602005,80.2317428589,40345,40357,12
13.0259199142,80.2312698364,40357,40365,8
13.0256996155,80.2306137085,40365,40377,12
13.024939537,80.2295532227,40377,40388,11
13.0246295929,80.229133606,40388,40408,20
13.0246295929,80.229133606,40408,40417,9
13.0245304108,80.2289733887,40417,40428,11
13.0241098404,80.2284469604,40428,40437,9
13.0236101151,80.2278900146,40437,40448,11
13.0233201981,80.2276077271,40448,40457,9
13.0231399536,80.2273788452,40457,40467,10
13.0224399567,80.2267379761,40467,40478,11
13.0214004517,80.2258911133,40478,40489,11
13.0204896927,80.225227356,40489,40499,10
13.0195999146,80.2246398926,40499,40509,10
13.0185403824,80.224609375,40509,40519,10
13.017660141,80.2249832153,40519,40529,10
13.0170898438,80.2252502441,40529,40539,10
13.0168104172,80.2253570557,40539,40549,10
13.0166597366,80.2254180908,40549,40559,10
13.0165100098,80.2254562378,40559,40569,10
13.0163497925,80.2255020142,40569,40579,10
13.0159301758,80.2256393433,40579,40590,11
13.015080452,80.2259597778,40590,40600,10
13.0144395828,80.2262115479,40600,40610,10
13.0139799118,80.2263793945,40610,40620,10
13.0131797791,80.2266921997,40620,40630,10
13.0121097565,80.2271194458,40630,40640,10
13.010840416,80.2276000977,40640,40650,10
13.0098800659,80.228012085,40650,40660,10
13.0091199875,80.2285995483,40660,40670,10
13.0089302063,80.2296218872,40670,40680,10
13.0087299347,80.2307815552,40680,40690,10
13.0084896088,80.2318572998,40690,40701,11
13.0082998276,80.2330780029,40701,40717,16
13.0081996918,80.2337036133,40717,40729,12
13.0080795288,80.2341918945,40729,40739,10
13.0079803467,80.2347793579,40739,40749,10
13.0079498291,80.2349319458,40749,40759,10
13.0078401566,80.2353820801,40759,40769,10
13.0076599121,80.2362289429,40769,40779,10
13.0074195862,80.237411499,40779,40789,10
13.0072097778,80.2384796143,40789,40800,11
13.0069303513,80.2398834229,40800,40810,10
13.0067195892,80.2409210205,40810,40820,10
13.0066604614,80.2418365479,40820,40830,10
13.0066604614,80.24269104,40830,40840,10
13.0066604614,80.2429962158,40840,40850,10
13.0066604614,80.2431716919,40850,40860,10
13.0066604614,80.2433166504,40860,40870,10
13.0066795349,80.2436065674,40870,40880,10
13.0066204071,80.2439575195,40880,40890,10
13.0065803528,80.2443466187,40890,40901,11
13.0066299438,80.2444610596,40901,40911,10
13.0066795349,80.2449798584,40911,40921,10
13.0066604614,80.2456512451,40921,40931,10
13.0066795349,80.246421814,40931,40941,10
13.0066995621,80.2468566895,40941,40951,10
13.0066900253,80.2473602295,40951,40971,20
13.0066900253,80.2473602295,40971,40981,10
13.0065603256,80.2474594116,40981,40991,10
13.0061101913,80.2474594116,40991,41002,11
13.0059204102,80.2474594116,41002,41012,10
13.0058202744,80.2474899292,41012,41022,10
13.0054502487,80.2474365234,41022,41032,10
13.0046596527,80.2474594116,41032,41042,10
13.0036697388,80.2475662231,41042,41052,10
13.0026502609,80.2477264404,41052,41062,10
13.0019102097,80.2479019165,41062,41072,10
13.0008897781,80.2481384277,41072,41082,10
12.9996900558,80.2484207153,41082,41092,10
12.9983701706,80.2487487793,41092,41103,11
12.9967603683,80.2491607666,41103,41113,10
12.9953298569,80.2495422363,41113,41123,10
12.9939603806,80.2499084473,41123,41133,10
12.992480278,80.2502670288,41133,41143,10
12.9911804199,80.2506103516,41143,41153,10
12.99077034,80.2507171631,41153,41163,10
12.9906396866,80.2507629395,41163,41173,10
12.9899997711,80.2509536743,41173,41244,71
12.9899997711,80.2509536743,41244,41254,10
12.9899702072,80.2510681152,41254,41264,10
12.9895000458,80.251159668,41264,41274,10
12.988940239,80.2512588501,41274,41284,10
12.9883403778,80.2513809204,41284,41294,10
12.9879798889,80.2514724731,41294,41304,10
12.9876098633,80.2515335083,41304,41315,11
12.9872598648,80.2516174316,41315,41325,10
12.9867601395,80.251739502,41325,41335,10
12.986000061,80.2518997192,41335,41345,10
12.9849300385,80.2521820068,41345,41355,10
12.9839200974,80.252456665,41355,41365,10
12.9828395844,80.2526473999,41365,41375,10
12.9817399979,80.2526779175,41375,41385,10
12.9809503555,80.2527313232,41385,41395,10
12.980799675,80.2527389526,41395,41407,12
12.9804201126,80.2527618408,41407,41418,11
12.9799098969,80.2527694702,41418,41428,10
12.9794597626,80.2527313232,41428,41437,9
12.9789800644,80.2526702881,41437,41448,11
12.9785995483,80.2526168823,41448,41457,9
12.9785804749,80.2526016235,41457,41468,11
12.978219986,80.2523574829,41468,41478,10
12.9774999619,80.251701355,41478,41488,10
12.9764499664,80.2512435913,41488,41498,10
12.9753599167,80.2509384155,41498,41508,10
12.974360466,80.2506713867,41508,41519,11
12.973110199,80.250328064,41519,41529,10
12.9719104767,80.2500228882,41529,41539,10
12.9710197449,80.2498168945,41539,41549,10
12.9702301025,80.2496032715,41549,41559,10
12.9693002701,80.2492218018,41559,41569,10
12.9682397842,80.2487792969,41569,41579,10
12.9671802521,80.2483291626,41579,41589,10
12.966340065,80.2479400635,41589,41599,10
12.9654798508,80.2476425171,41599,41609,10
12.9649600983,80.2474594116,41609,41620,11
12.9648704529,80.2473983765,41620,41630,10
12.9643602371,80.2471694946,41630,41640,10
12.9639501572,80.2470016479,41640,41669,29
12.9639501572,80.2470016479,41669,41680,11
12.9636898041,80.246887207,41680,41690,10
12.9632196426,80.2466812134,41690,41700,10
12.9622802734,80.2462387085,41700,41710,10
12.9611797333,80.2457122803,41710,41721,11
12.9601802826,80.2452468872,41721,41731,10
12.9594402313,80.2449264526,41731,41741,10
12.9592504501,80.2448501587,41741,41751,10
12.9589796066,80.244720459,41751,41761,10
12.9582796097,80.2444229126,41761,41771,10
12.9576997757,80.2442016602,41771,41781,10
12.9570198059,80.2439575195,41781,41791,10
12.9567203522,80.2438430786,41791,41860,69
12.9564599991,80.2437210083,41860,41879,19
12.9564599991,80.2437210083,41879,41890,11
12.9561595917,80.2436065674,41890,41900,10
12.9554395676,80.2432403564,41900,41910,10
12.9545297623,80.2428436279,41910,41920,10
12.9538602829,80.2425689697,41920,41931,11
12.9532003403,80.2422332764,41931,41941,10
12.9522600174,80.2418823242,41941,41951,10
12.9515695572,80.2416381836,41951,41961,10
12.9508800507,80.2414398193,41961,41971,10
12.949930191,80.2411270142,41971,41981,10
12.9491500854,80.2409133911,41981,41991,10
12.9487400055,80.2407302856,41991,42001,10
12.9479799271,80.2404022217,42001,42011,10
12.9472103119,80.2400970459,42011,42021,10
12.947019577,80.2400436401,42021,42032,11
12.9468297958,80.2399520874,42032,42042,10
12.9461898804,80.2396774292,42042,42052,10
12.9453201294,80.2392730713,42052,42062,10
12.9445104599,80.2384567261,42062,42072,10
12.9436597824,80.2375335693,42072,42082,10
12.9426298141,80.236618042,42082,42092,10
12.9412002563,80.2362289429,42092,42102,10
12.9400100708,80.2359237671,42102,42112,10
12.9396495819,80.2358016968,42112,42122,10
12.9395103455,80.2357177734,42122,42133,11
12.9388599396,80.2353820801,42133,42143,10
12.9378900528,80.2349319458,42143,42153,10
12.9368400574,80.2344207764,42153,42163,10
12.9356403351,80.2338409424,42163,42173,10
12.9343500137,80.233253479,42173,42183,10
12.933719635,80.2329788208,42183,42193,10
12.933719635,80.2329711914,42193,42203,10
12.933380127,80.2328033447,42203,42213,10
12.9326295853,80.2324981689,42213,42223,10
12.9315700531,80.2321395874,42223,42234,11
12.9301395416,80.2316894531,42234,42244,10
12.9290103912,80.2314376831,42244,42254,10
12.9281997681,80.2312927246,42254,42264,10
12.9274301529,80.2312011719,42264,42274,10
12.9264802933,80.2310791016,42274,42284,10
12.925860405,80.2310333252,42284,42294,10
12.9255800247,80.2310028076,42294,42304,10
12.9248800278,80.2309112549,42304,42314,10
12.9239196777,80.2307815552,42314,42324,10
12.9229097366,80.2306365967,42324,42334,10
12.9218797684,80.23046875,42334,42345,11
12.9207000732,80.2303237915,42345,42355,10
12.9195604324,80.2301635742,42355,42365,10
12.9183998108,80.2299880981,42365,42375,10
12.91726017,80.229850769,42375,42385,10
12.9161596298,80.2296905518,42385,42395,10
12.9149398804,80.2295379639,42395,42405,10
12.913860321,80.2293701172,42405,42415,10
12.9132204056,80.2293319702,42415,42425,10
12.9129600525,80.2292633057,42425,42435,10
12.9122495651,80.2291412354,42435,42446,11
12.9111099243,80.2289810181,42446,42456,10
12.9099597931,80.2287902832,42456,42466,10
12.9090204239,80.2286682129,42466,42476,10
12.9085998535,80.2286071777,42476,42486,10
12.9083204269,80.2285690308,42486,42496,10
12.908249855,80.2285614014,42496,42506,10
12.9080400467,80.2285308838,42506,42516,10
12.90762043,80.2284622192,42516,42526,10
12.9072599411,80.2284164429,42526,42536,10
12.9070396423,80.2284011841,42536,42547,11
12.906829834,80.2283782959,42547,42557,10
12.9062995911,80.2283172607,42557,42567,10
12.9055900574,80.2282867432,42567,42577,10
12.9049596786,80.2282562256,42577,42587,10
12.9041595459,80.2282180786,42587,42597,10
12.9032201767,80.2281570435,42597,42607,10
12.9023704529,80.2281112671,42607,42617,10
12.9018201828,80.2281036377,42617,42627,10
12.9017095566,80.2280807495,42627,42787,160
12.9017095566,80.2280807495,42787,42797,10
12.9016103745,80.2281265259,42797,42806,9
12.9014902115,80.2281036377,42806,42817,11
12.9011697769,80.228012085,42817,42826,9
12.9008398056,80.2279586792,42826,42836,10
12.9001502991,80.2279663086,42836,42847,11
12.8997602463,80.2279586792,42847,42858,11
12.8996400833,80.2279434204,42858,42868,10
12.899430275,80.2279281616,42868,42878,10
12.8991699219,80.2279205322,42878,42888,10
12.8988895416,80.2278671265,42888,42898,10
12.8982601166,80.2278289795,42898,42908,10
12.8972902298,80.2277832031,42908,42918,10
12.8961400986,80.2277374268,42918,42928,10
12.8950004578,80.2276763916,42928,42938,10
12.8938999176,80.2275924683,42938,42948,10
12.8927402496,80.2274627686,42948,42959,11
12.8916301727,80.2273788452,42959,42969,10
12.8903398514,80.2273864746,42969,42979,10
12.8889198303,80.2274017334,42979,42989,10
12.8873901367,80.2272720337,42989,42999,10
12.8858995438,80.2269363403,42999,43009,10
12.8845100403,80.2267303467,43009,43019,10
12.8831100464,80.2267227173,43019,43029,10
12.8816404343,80.2267532349,43029,43039,10
12.8802700043,80.2267837524,43039,43049,10
12.8789300919,80.2267990112,43049,43060,11
12.8773803711,80.2269134521,43060,43070,10
12.8761196136,80.2270278931,43070,43090,20
12.8761196136,80.2270278931,43090,43100,10
12.8757400513,80.2270202637,43100,43110,10
12.8748397827,80.2269210815,43110,43120,10
12.8736600876,80.2267913818,43120,43130,10
12.8725404739,80.2267532349,43130,43140,10
12.8721704483,80.2267608643,43140,43150,10
12.872130394,80.2267608643,43150,43161,11
12.8717002869,80.2267303467,43161,43171,10
12.870759964,80.2266769409,43171,43181,10
12.8695402145,80.2265625,43181,43191,10
12.8681297302,80.2264404297,43191,43201,10
12.8666696548,80.2265777588,43201,43211,10
12.8652696609,80.2266387939,43211,43221,10
12.8638801575,80.2265625,43221,43231,10
12.8624095917,80.2265777588,43231,43241,10
12.8610897064,80.2266387939,43241,43251,10
12.8606901169,80.2266235352,43251,43261,10
12.8601503372,80.2265396118,43261,43272,11
12.8591003418,80.2264022827,43272,43282,10
12.857919693,80.2262802124,43282,43292,10
12.8565397263,80.2263870239,43292,43308,16
12.8540000916,80.2266616821,43308,43320,12
12.8520202637,80.2266998291,43320,43330,10
12.850859642,80.2266921997,43330,43340,10
12.850110054,80.2266693115,43340,43350,10
12.8499698639,80.2266693115,43350,43360,10
12.8493299484,80.2266464233,43360,43371,11
12.8481702805,80.2266387939,43371,43382,11
12.8470001221,80.2266616821,43382,43392,10
12.8459501266,80.2266769409,43392,43402,10
12.8456401825,80.2266693115,43402,43412,10
12.8455095291,80.2266693115,43412,43422,10
12.8450202942,80.2266769409,43422,43432,10
12.8441095352,80.2267608643,43432,43442,10
12.8428497314,80.2269592285,43442,43452,10
12.8414096832,80.2272796631,43452,43462,10
12.8403196335,80.2275924683,43462,43473,11
12.8397903442,80.2277984619,43473,43483,10
12.8397102356,80.2278213501,43483,43493,10
12.8394699097,80.2279205322,43493,43503,10
12.8387403488,80.2280273438,43503,43513,10
12.8375597,80.2282867432,43513,43523,10
12.8361997604,80.2284927368,43523,43533,10
12.8348398209,80.2286987305,43533,43543,10
12.8335800171,80.2289199829,43543,43553,10
12.8323297501,80.2291717529,43553,43573,20
12.8323297501,80.2291717529,43573,43584,11
12.8319396973,80.2292480469,43584,43594,10
12.8310604095,80.2294921875,43594,43604,10
12.8298196793,80.2299423218,43604,43614,10
12.8284597397,80.2305374146,43614,43624,10
12.8272304535,80.2312011719,43624,43634,10
12.8260002136,80.2313995361,43634,43644,10
12.8245000839,80.2313690186,43644,43654,10
12.8228597641,80.2308807373,43654,43664,10
12.8211698532,80.2304992676,43664,43674,10
12.8197097778,80.2305221558,43674,43684,10
12.8190097809,80.2305297852,43684,43695,11
12.8189001083,80.2305221558,43695,43705,10
12.8182897568,80.23021698,43705,43715,10
12.8172702789,80.2297592163,43715,43725,10
12.8159503937,80.2294387817,43725,43735,10
12.8145799637,80.2292480469,43735,43745,10
12.8133201599,80.2289199829,43745,43755,10
12.8120603561,80.2284927368,43755,43765,10
12.8106403351,80.2279510498,43765,43775,10
12.8093004227,80.2273178101,43775,43786,11
12.8080101013,80.2263183594,43786,43796,10
12.8071804047,80.2256088257,43796,43806,10
12.8065795898,80.2250900269,43806,43816,10
12.8059797287,80.2245635986,43816,43826,10
12.8054199219,80.2241516113,43826,43836,10
12.8053998947,80.2241363525,43836,43846,10
12.8052396774,80.2240829468,43846,43856,10
12.8045101166,80.2239685059,43856,43866,10
12.8036804199,80.2239074707,43866,43876,10
12.8026800156,80.2238006592,43876,43887,11
12.8015699387,80.2236785889,43887,43897,10
12.8006401062,80.2235870361,43897,43907,10
12.7995300293,80.223487854,43907,43917,10
12.7982597351,80.2233886719,43917,43927,10
12.7970199585,80.2232208252,43927,43943,16
12.7957201004,80.2229919434,43943,43955,12
12.7955598831,80.2229385376,43955,43963,8
12.7950401306,80.2228393555,43963,43975,12
12.7937602997,80.2226333618,43975,43985,10
12.7924604416,80.2224502563,43985,43996,11
12.791179657,80.2221069336,43996,44006,10
12.7897796631,80.2217712402,44006,44026,20
12.7897796631,80.2217712402,44026,44036,10
12.7896099091,80.2217025757,44036,44045,9
12.789270401,80.221572876,44045,44056,11
12.7886896133,80.2213363647,44056,44066,10
12.7882795334,80.2211380005,44066,44076,10
12.7879104614,80.221031189,44076,44086,10
12.7872400284,80.2207794189,44086,44117,31
12.7872400284,80.2207794189,44117,44127,10
12.7870597839,80.2207107544,44127,44137,10
12.7867298126,80.2205810547,44137,44147,10
12.7865495682,80.2204971313,44147,44157,10
12.7860803604,80.2203216553,44157,44248,91
12.7858800888,80.2201309204,44248,44288,40
12.7858800888,80.2201309204,44288,44299,11
12.7855796814,80.2200469971,44299,44309,10
12.7849197388,80.2197418213,44309,44319,10
12.7847099304,80.2196426392,44319,44329,10
12.7843599319,80.2194519043,44329,44339,10
12.7835998535,80.2190170288,44339,44349,10
12.7825603485,80.2184371948,44349,44359,10
12.7813100815,80.2177429199,44359,44369,10
12.7799396515,80.2169876099,44369,44379,10
12.778459549,80.2162094116,44379,44389,10
12.7767801285,80.2154922485,44389,44400,11
12.7748498917,80.2147216797,44400,44410,10
12.7730703354,80.214012146,44410,44420,10
12.7714300156,80.2134094238,44420,44430,10
12.7704601288,80.2130889893,44430,44440,10
12.770359993,80.2130737305,44440,44450,10
12.7698602676,80.212890625,44450,44460,10
12.7689199448,80.2125473022,44460,44470,10
12.7676801682,80.2120819092,44470,44480,10
12.7662296295,80.2115631104,44480,44490,10
12.7646503448,80.2110214233,44490,44501,11
12.762840271,80.210319519,44501,44511,10
12.7611303329,80.2095565796,44511,44521,10
12.7594499588,80.2086715698,44521,44531,10
12.7577400208,80.2077102661,44531,44541,10
12.7560100555,80.2067489624,44541,44551,10
12.7542695999,80.2057876587,44551,44561,10
12.7525100708,80.2048492432,44561,44571,10
12.7507801056,80.2039489746,44571,44581,10
12.7491102219,80.2031021118,44581,44591,10
12.747420311,80.2022399902,44591,44601,10
12.7457304001,80.2013778687,44601,44612,11
12.7440500259,80.2001495361,44612,44622,10
12.7427902222,80.198677063,44622,44632,10
12.7416400909,80.1972198486,44632,44642,10
12.7405900955,80.1957321167,44642,44652,10
12.7395095825,80.1942214966,44652,44662,10
12.7384796143,80.192817688,44662,44672,10
12.7373504639,80.19165802,44672,44682,10
12.7362499237,80.1905593872,44682,44692,10
12.7351999283,80.1897506714,44692,44702,10
12.7340497971,80.1895523071,44702,44713,11
12.7329502106,80.1894302368,44713,44723,10
12.7319698334,80.189239502,44723,44733,10
12.7311601639,80.1891098022,44733,44743,10
12.7306804657,80.1890869141,44743,44753,10
12.730389595,80.1890487671,44753,44763,10
12.7301597595,80.1890182495,44763,44783,20
12.7301597595,80.1890182495,44783,44793,10
12.7299900055,80.1890106201,44793,44803,10
12.7297401428,80.1889877319,44803,44814,11
12.7291202545,80.1889572144,44814,44824,10
12.7283401489,80.1887588501,44824,44834,10
12.7275896072,80.1885375977,44834,44844,10
12.7268896103,80.1883621216,44844,44854,10
12.7262802124,80.1882400513,44854,44864,10
12.7257204056,80.1881408691,44864,44874,10
12.7253503799,80.1880569458,44874,44884,10
12.7253398895,80.1880569458,44884,44894,10
12.7251901627,80.1880264282,44894,44904,10
12.7247600555,80.1879577637,44904,44915,11
12.7240800858,80.1878204346,44915,44925,10
12.722869873,80.1875,44925,44935,10
12.722869873,80.1875,44935,44945,10
12.722820282,80.1874771118,44945,44955,10
12.7223596573,80.187461853,44955,44985,30
12.7223596573,80.187461853,44985,44995,10
12.7222499847,80.18775177,44995,45005,10
12.722029686,80.18775177,45005,46934,1929
12.7222700119,80.1876831055,46934,46975,41
12.7222700119,80.1876831055,46975,46985,10
12.7225799561,80.1874008179,46985,46995,10
12.7230997086,80.187538147,46995,47005,10
12.7232103348,80.1875610352,47005,47015,10
12.7233400345,80.1875762939,47015,47025,10
12.7237100601,80.1876907349,47025,47035,10
12.7238502502,80.1877288818,47035,47045,10
12.7241201401,80.1877975464,47045,47055,10
12.7246398926,80.1879196167,47055,47072,17
12.725399971,80.1880569458,47072,47084,12
12.7262401581,80.1881866455,47084,47094,10
12.7269601822,80.1883392334,47094,47104,10
12.7280302048,80.1886367798,47104,47114,10
12.7289199829,80.1889038086,47114,47124,10
12.729590416,80.1889266968,47124,47134,10
12.7296895981,80.1889419556,47134,47144,10
12.730099678,80.1889724731,47144,47154,10
12.7306098938,80.1890487671,47154,47165,11
12.7315101624,80.1891098022,47165,47175,10
12.7325296402,80.1893005371,47175,47185,10
12.7336101532,80.1894378662,47185,47195,10
12.7348003387,80.1895294189,47195,47205,10
12.7359199524,80.1901168823,47205,47215,10
12.7364597321,80.1906509399,47215,47225,10
12.7366304398,80.1908416748,47225,47235,10
12.737159729,80.19140625,47235,47245,10
12.7380104065,80.1922531128,47245,47255,10
12.7389001846,80.1933135986,47255,47266,11
12.7398796082,80.1946563721,47266,47276,10
12.740819931,80.1959533691,47276,47286,10
12.7417697906,80.197303772,47286,47296,10
12.7427396774,80.1985321045,47296,47306,10
12.7436599731,80.1996078491,47306,47316,10
12.7445898056,80.2006225586,47316,47326,10
12.7458496094,80.2014083862,47326,47336,10
12.7472600937,80.2021179199,47336,47346,10
12.7485198975,80.2027587891,47346,47356,10
12.7491903305,80.2031097412,47356,47367,11
12.7500600815,80.2035522461,47367,47377,10
12.7510795593,80.2040634155,47377,47387,10
12.7522497177,80.2046737671,47387,47397,10
12.7535104752,80.2053222656,47397,47407,10
12.7548503876,80.2060623169,47407,47417,10
12.7562303543,80.206817627,47417,47427,10
12.7575998306,80.207572937,47427,47437,10
12.7590503693,80.208366394,47437,47447,10
12.7604398727,80.2091217041,47447,47457,10
12.7618198395,80.2098007202,47457,47466,9
12.7631797791,80.2103424072,47466,47478,12
12.7648000717,80.2109603882,47478,47488,10
12.7664299011,80.2115707397,47488,47498,10
12.7678899765,80.212097168,47498,47508,10
12.7692899704,80.2125930786,47508,47518,10
12.770529747,80.2130126953,47518,47528,10
12.77161026,80.2134017944,47528,47538,10
12.7725400925,80.2137374878,47538,47548,10
12.7739601135,80.214302063,47548,47558,10
12.7753000259,80.2148132324,47558,47568,10
12.7766799927,80.2153778076,47568,47579,11
12.7782096863,80.2160491943,47579,47589,10
12.7796201706,80.216758728,47589,47599,10
12.7809896469,80.2175064087,47599,47609,10
12.7823600769,80.2182617188,47609,47619,10
12.7835798264,80.2189407349,47619,47629,10
12.7845401764,80.2194900513,47629,47639,10
12.7852401733,80.2198562622,47639,47649,10
12.7855997086,80.2200622559,47649,47659,10
12.7857503891,80.2201385498,47659,47680,21
12.7857503891,80.2201385498,47680,47690,10
12.7860803604,80.2202987671,47690,47700,10
12.7862195969,80.2203369141,47700,47710,10
12.7864303589,80.2204208374,47710,47720,10
12.7864398956,80.2204284668,47720,47730,10
12.7866296768,80.2205429077,47730,47740,10
12.7870597839,80.2206878662,47740,47750,10
12.787730217,80.2209320068,47750,47760,10
12.7885198593,80.2212371826,47760,47770,10
12.7893896103,80.2215576172,47770,47780,10
12.7900400162,80.2217636108,47780,47791,11
12.7910995483,80.2220077515,47791,47801,10
12.7921304703,80.2222595215,47801,47811,10
12.7932796478,80.2224578857,47811,47821,10
12.7942895889,80.2225799561,47821,47831,10
12.7952003479,80.2227401733,47831,47841,10
12.7964601517,80.2229385376,47841,47861,20
12.7964601517,80.2229385376,47861,47871,10
12.796620369,80.2229614258,47871,47881,10
12.7971897125,80.2230682373,47881,47892,11
12.7981100082,80.2232131958,47892,47902,10
12.7990598679,80.2233200073,47902,47912,10
12.8000497818,80.2233963013,47912,47922,10
12.8009300232,80.2234802246,47922,47932,10
12.8018398285,80.2235565186,47932,47942,10
12.8026800156,80.2236862183,47942,47952,10
12.8033399582,80.2237701416,47952,47962,10
12.8041200638,80.2238311768,47962,47972,10
12.8049201965,80.2239074707,47972,47982,10
12.8051395416,80.2239532471,47982,47993,11
12.8052997589,80.2239990234,47993,48003,10
12.8054800034,80.224067688,48003,48013,10
12.8055400848,80.2241134644,48013,48023,10
12.8058700562,80.2243881226,48023,48033,10
12.8064899445,80.2249221802,48033,48043,10
12.8072595596,80.2256011963,48043,48053,10
12.808139801,80.2263412476,48053,48063,10
12.8090600967,80.2270889282,48063,48073,10
12.8100996017,80.2276382446,48073,48083,10
12.8112401962,80.2281036377,48083,48094,11
12.8125896454,80.2285766602,48094,48104,10
12.8138399124,80.2290115356,48104,48114,10
12.8151597977,80.2292633057,48114,48124,10
12.8165102005,80.2294616699,48124,48134,10
12.8177404404,80.2298583984,48134,48144,10
12.8187999725,80.2303466797,48144,48154,10
12.8197002411,80.2304077148,48154,48164,10
12.8198204041,80.2304077148,48164,48174,10
12.8200597763,80.2304077148,48174,48184,10
12.8208398819,80.2304000854,48184,48195,11
12.8220100403,80.2305297852,48195,48205,10
12.8231496811,80.2308807373,48205,48215,10
12.8242797852,80.2311706543,48215,48225,10
12.8253202438,80.2313537598,48225,48235,10
12.8264799118,80.2312774658,48235,48245,10
12.8276796341,80.2308807373,48245,48255,10
12.828789711,80.2302322388,48255,48265,10
12.8300104141,80.2297210693,48265,48275,10
12.8311300278,80.2292633057,48275,48296,21
12.8311300278,80.2292633057,48296,48306,10
12.8313398361,80.2292098999,48306,48316,10
12.8315000534,80.2291412354,48316,48326,10
12.8315095901,80.2291412354,48326,48336,10
12.8318300247,80.2290725708,48336,48346,10
12.8324298859,80.2289581299,48346,48356,10
12.8332595825,80.2288131714,48356,48366,10
12.8342695236,80.2286376953,48366,48376,10
12.835439682,80.2284622192,48376,48386,10
12.8366804123,80.2282714844,48386,48396,10
12.8379402161,80.2280578613,48396,48407,11
12.8394804001,80.2276992798,48407,48437,30
12.8394804001,80.2276992798,48437,48447,10
12.8396596909,80.2276077271,48447,48457,10
12.8401498795,80.2274627686,48457,48467,10
12.840959549,80.2272567749,48467,48477,10
12.8419504166,80.2269973755,48477,48487,10
12.8430595398,80.2267837524,48487,48497,10
12.844209671,80.2266082764,48497,48508,11
12.845410347,80.2264785767,48508,48528,20
12.845410347,80.2264785767,48528,48538,10
12.8456401825,80.2264785767,48538,48548,10
12.8458299637,80.2264785767,48548,48558,10
12.8462400436,80.2264785767,48558,48568,10
12.8470802307,80.2265014648,48568,48578,10
12.8481302261,80.2265090942,48578,48588,10
12.8492498398,80.2265014648,48588,48605,17
12.8512201309,80.2265167236,48605,48617,12
12.852060318,80.2265319824,48617,48627,10
12.8523302078,80.2265777588,48627,48637,10
12.852930069,80.2266082764,48637,48647,10
12.8538198471,80.2265472412,48647,48657,10
12.85476017,80.2264404297,48657,48667,10
12.8560304642,80.22631073,48667,48677,10
12.8572797775,80.2261962891,48677,48687,10
12.8584899902,80.2261581421,48687,48697,10
12.859749794,80.2263336182,48697,48708,11
12.8610200882,80.2264709473,48708,48728,20
12.8610200882,80.2264709473,48728,48738,10
12.8611698151,80.2264633179,48738,48748,10
12.8617897034,80.2264633179,48748,48758,10
12.8626804352,80.2264175415,48758,48768,10
12.8637504578,80.2264328003,48768,48778,10
12.8649597168,80.2264785767,48778,48788,10
12.8661499023,80.2264709473,48788,48798,10
12.8672199249,80.2263793945,48798,48809,11
12.8685598373,80.2262802124,48809,48819,10
12.8699398041,80.2264404297,48819,48829,10
12.8713903427,80.2265625,48829,48839,10
12.8726100922,80.2265625,48839,48849,10
12.8729600906,80.2265625,48849,48859,10
12.8733100891,80.226600647,48859,48869,10
12.8740596771,80.2266616821,48869,48879,10
12.8750801086,80.2267990112,48879,48889,10
12.8761901855,80.2268600464,48889,48899,10
12.8768901825,80.2268218994,48899,48909,10
12.8768997192,80.2268218994,48909,48920,11
12.8770198822,80.2267913818,48920,48930,10
12.8776102066,80.2267608643,48930,48939,9
12.8783798218,80.2266998291,48939,48950,11
12.8795499802,80.2266387939,48950,48960,10
12.8807401657,80.2266235352,48960,48970,10
12.8819799423,80.2266235352,48970,48980,10
12.8832597733,80.2266082764,48980,48990,10
12.8844804764,80.2265777588,48990,49000,10
12.885219574,80.2266082764,49000,49010,10
12.8853502274,80.2266311646,49010,49021,11
12.8858699799,80.2267608643,49021,49031,10
12.8867101669,80.2269973755,49031,49041,10
12.8877897263,80.2272033691,49041,49051,10
12.8890199661,80.2272720337,49051,49061,10
12.8903903961,80.2272720337,49061,49071,10
12.8918104172,80.2272567749,49071,49081,10
12.8931598663,80.2273788452,49081,49091,10
12.8945198059,80.2275314331,49091,49101,10
12.8959102631,80.2275924683,49101,49111,10
12.8971204758,80.2276535034,49111,49122,11
12.8983898163,80.2277069092,49122,49132,10
12.899430275,80.2277679443,49132,49142,10
12.9003601074,80.2277984619,49142,49152,10
12.9007701874,80.2277984619,49152,49202,50
12.9007701874,80.2277984619,49202,49212,10
12.9011001587,80.2277984619,49212,49223,11
12.901720047,80.2278518677,49223,49233,10
12.9025201797,80.227897644,49233,49243,10
12.9030399323,80.2278900146,49243,49253,10
12.9033403397,80.2279129028,49253,49263,10
12.903429985,80.2279129028,49263,49273,10
12.9038496017,80.2279815674,49273,49283,10
12.9044599533,80.2280197144,49283,49293,10
12.9051399231,80.2280807495,49293,49303,10
12.9059801102,80.2281112671,49303,49324,21
12.9059801102,80.2281112671,49324,49334,10
12.9062795639,80.2281417847,49334,49344,10
12.9067201614,80.2282028198,49344,49354,10
12.9074897766,80.2282791138,49354,49364,10
12.9084396362,80.2284317017,49364,49374,10
12.9094495773,80.2285995483,49374,49384,10
12.9105100632,80.2287597656,49384,49394,10
12.9116697311,80.2289276123,49394,49404,10
12.9128398895,80.2290802002,49404,49414,10
12.9140796661,80.2292404175,49414,49435,21
12.9140796661,80.2292404175,49435,49445,10
12.9144296646,80.2292633057,49445,49455,10
12.9150400162,80.2293930054,49455,49465,10
12.9160203934,80.2295227051,49465,49475,10
12.9170799255,80.2296829224,49475,49485,10
12.9179801941,80.2298278809,49485,49495,10
12.9190597534,80.2299804688,49495,49505,10
12.9202098846,80.2301330566,49505,49515,10
12.9214296341,80.2302703857,49515,49532,17
12.9235801697,80.2305984497,49532,49544,12
12.9251699448,80.230796814,49544,49554,10
12.926150322,80.2309036255,49554,49564,10
12.926659584,80.2309188843,49564,49574,10
12.9266700745,80.2309188843,49574,49584,10
12.9269304276,80.2309417725,49584,49594,10
12.9276695251,80.2310180664,49594,49604,10
12.9285802841,80.2311401367,49604,49614,10
12.9295902252,80.2313690186,49614,49624,10
12.9307403564,80.2316589355,49624,49635,11
12.9320802689,80.232093811,49635,49645,10
12.933839798,80.2327804565,49645,49665,20
12.933839798,80.2327804565,49665,49675,10
12.934220314,80.2329788208,49675,49685,10
12.9349498749,80.2333221436,49685,49695,10
12.9358797073,80.2337417603,49695,49705,10
12.9368600845,80.2342224121,49705,49715,10
12.9379701614,80.2347564697,49715,49725,10
12.9391202927,80.2353210449,49725,49736,11
12.9397201538,80.2356414795,49736,49746,10
12.9398097992,80.2357025146,49746,49756,10
12.9402999878,80.2359008789,49756,49766,10
12.9411697388,80.2360992432,49766,49776,10
12.9422597885,80.2363815308,49776,49786,10
12.9433403015,80.2370071411,49786,49796,10
12.9442596436,80.2379989624,49796,49805,9
12.9451303482,80.2389373779,49805,49815,10
12.9463596344,80.239616394,49815,49826,11
12.9476099014,80.2401275635,49826,49837,11
12.9487495422,80.2405319214,49837,49847,10
12.949379921,80.2407608032,49847,49857,10
12.949549675,80.2407684326,49857,49867,10
12.9499998093,80.2409210205,49867,49877,10
12.9506702423,80.2411575317,49877,49887,10
12.9509897232,80.2412567139,49887,49897,10
12.9510803223,80.2412872314,49897,49907,10
12.9515199661,80.2414474487,49907,49917,10
12.9522600174,80.2417907715,49917,49927,10
12.953209877,80.2421722412,49927,49938,11
12.9542703629,80.2425689697,49938,49948,10
12.9550695419,80.2428665161,49948,49958,10
12.9558200836,80.2431411743,49958,49968,10
12.9562997818,80.2433013916,49968,49988,20
12.9562997818,80.2433013916,49988,49998,10
12.9568595886,80.2435379028,49998,50008,10
12.9576101303,80.243888855,50008,50018,10
12.9582996368,80.2442092896,50018,50028,10
12.9589004517,80.2444534302,50028,50039,11
12.9590797424,80.2444992065,50039,50049,10
12.9595804214,80.244758606,50049,50059,10
12.9603796005,80.2451171875,50059,50069,10
12.9613704681,80.2455825806,50069,50079,10
12.962389946,80.2460632324,50079,50089,10
12.963060379,80.246383667,50089,50099,10
12.9631299973,80.2464065552,50099,50109,10
12.9632196426,80.2464675903,50109,50119,10
12.9636001587,80.246673584,50119,50129,10
12.9643001556,80.246963501,50129,50140,11
12.9652004242,80.247253418,50140,50149,9
12.9660100937,80.2474899292,50149,50160,11
12.9668703079,80.2479400635,50160,50170,10
12.9669704437,80.2480010986,50170,50180,10
12.9670600891,80.2481002808,50180,50190,10
12.9674596786,80.2482528687,50190,50200,10
12.968170166,80.2485427856,50200,50210,10
12.9691095352,80.2489089966,50210,50220,10
12.9701700211,80.2493209839,50220,50230,10
12.9712896347,80.2496795654,50230,50241,11
12.9725399017,80.25,50241,50251,10
12.9736204147,80.2503128052,50251,50261,10
12.9747400284,80.2506332397,50261,50271,10
12.9759197235,80.2509689331,50271,50281,10
12.9770498276,80.2513122559,50281,50290,9
12.9779100418,80.2518768311,50290,50301,11
12.9786596298,80.2523574829,50301,50311,10
12.9786901474,80.2523803711,50311,50321,10
12.9789400101,80.2524871826,50321,50331,10
12.9795999527,80.2525863647,50331,50341,10
12.9804601669,80.2526321411,50341,50352,11
12.9815397263,80.252571106,50352,50362,10
12.9826097488,80.252532959,50362,50372,10
12.9835500717,80.2524108887,50372,50382,10
12.9845104218,80.2521591187,50382,50392,10
12.9853696823,80.2519226074,50392,50402,10
12.9860601425,80.2517623901,50402,50412,10
12.9864597321,80.2516708374,50412,50422,10
12.9869699478,80.2515106201,50422,50533,111
12.9869699478,80.2515106201,50533,50543,10
12.9870500565,80.2515106201,50543,50554,11
12.9874801636,80.2513809204,50554,50564,10
12.9879703522,80.2512588501,50564,50574,10
12.9887800217,80.2510604858,50574,50584,10
12.9894800186,80.2508621216,50584,50593,9
12.9895095825,80.2508468628,50593,50603,10
12.9897699356,80.2508010864,50603,50614,11
12.9904899597,80.2506408691,50614,50624,10
12.991350174,80.2504196167,50624,50634,10
12.9923601151,80.2501678467,50634,50644,10
12.9933300018,80.2499237061,50644,50655,11
12.9946699142,80.2495880127,50655,50665,10
12.9957199097,80.2493362427,50665,50675,10
12.9966802597,80.2490386963,50675,50685,10
12.9967899323,80.2490005493,50685,50695,10
12.9969701767,80.2489776611,50695,50705,10
12.9975595474,80.2488632202,50705,50715,10
12.9983797073,80.2486572266,50715,50725,10
12.9993801117,80.2483978271,50725,50735,10
13.0003995895,80.2481307983,50735,50745,10
13.0013198853,80.2479019165,50745,50756,11
13.0022096634,80.2476806641,50756,50766,10
13.0031204224,80.2475204468,50766,50776,10
13.0041599274,80.2473373413,50776,50786,10
13.0052499771,80.247177124,50786,50796,10
13.0061197281,80.2469177246,50796,50806,10
13.0064697266,80.2464370728,50806,50816,10
13.006480217,80.246421814,50816,50826,10
13.0065402985,80.2462997437,50826,50842,16
13.0066099167,80.2454910278,50842,50854,12
13.0065698624,80.2448120117,50854,50863,9
13.0065603256,80.244468689,50863,50875,12
13.0065603256,80.2439193726,50875,50885,10
13.0065498352,80.2435302734,50885,50895,10
13.0065002441,80.243019104,50895,50905,10
13.006480217,80.2424087524,50905,50914,9
13.0064897537,80.2416915894,50914,50925,11
13.0066204071,80.2405776978,50925,50966,41
13.0066204071,80.2405776978,50966,50976,10
13.0067300797,80.2400588989,50976,50986,10
13.0068397522,80.2394638062,50986,50996,10
13.0069999695,80.2386703491,50996,51006,10
13.0071697235,80.2378234863,51006,51016,10
13.0073099136,80.2370986938,51016,51026,10
13.0073795319,80.2367019653,51026,51036,10
13.0074195862,80.236541748,51036,51046,10
13.0075397491,80.2360229492,51046,51056,10
13.0077199936,80.2352523804,51056,51067,11
13.0079402924,80.2341766357,51067,51077,10
13.0081501007,80.2330780029,51077,51087,10
13.0084104538,80.2318191528,51087,51097,10
13.0086097717,80.230758667,51097,51107,10
13.0088300705,80.2295913696,51107,51117,10
13.009059906,80.2285385132,51117,51127,10
13.0093698502,80.2276687622,51127,51137,10
13.0097799301,80.2267608643,51137,51147,10
13.0102100372,80.2258987427,51147,51157,10
13.01060009,80.225112915,51157,51168,11
13.0109701157,80.2242507935,51168,51178,10
13.0111103058,80.223739624,51178,51188,10
13.0113201141,80.2232437134,51188,51198,10
13.011590004,80.2225494385,51198,51208,10
13.0119304657,80.2216415405,51208,51218,10
13.012339592,80.2214126587,51218,51227,9
13.0124998093,80.2217636108,51227,51238,11
13.0130796432,80.222442627,51238,51248,10
13.0136699677,80.2232131958,51248,51258,10
13.0141096115,80.2238082886,51258,51269,11
13.0152301788,80.2248077393,51269,51289,20
13.0152301788,80.2248077393,51289,51299,10
13.015540123,80.2249526978,51299,51309,10
13.0158195496,80.2251968384,51309,51319,10
13.0163497925,80.2252807617,51319,51329,10
13.0170001984,80.2250900269,51329,51339,10
13.017660141,80.224822998,51339,51349,10
13.0185098648,80.2244567871,51349,51359,10
13.0193395615,80.2243499756,51359,51370,11
13.0200595856,80.2247390747,51370,51380,10
13.0207300186,80.2252426147,51380,51390,10
13.0214996338,80.2258224487,51390,51400,10
13.022480011,80.2265930176,51400,51430,30
13.022480011,80.2265930176,51430,51440,10
13.0226202011,80.2266998291,51440,51450,10
13.0229597092,80.2269821167,51450,51460,10
13.0235395432,80.2276229858,51460,51471,11
13.0241804123,80.2282791138,51471,51487,16
13.024600029,80.2288131714,51487,51499,12
13.0250902176,80.2294692993,51499,51509,10
13.02546978,80.2300109863,51509,51518,9
13.0257902145,80.2305526733,51518,51528,10
13.0259399414,80.2309417725,51528,51539,11
13.0260801315,80.2315063477,51539,51549,10
13.026260376,80.2321472168,51549,51559,10
13.0265703201,80.2329406738,51559,51570,11
13.0271196365,80.2338562012,51570,51580,10
13.027680397,80.2348480225,51580,51590,10
13.0282297134,80.2356491089,51590,51600,10
13.0289297104,80.2364196777,51600,51610,10
13.0293502808,80.2369613647,51610,51620,10
13.029589653,80.2371673584,51620,51630,10
13.0297403336,80.2373504639,51630,51640,10
13.030090332,80.2379684448,51640,51650,10
13.0305204391,80.2387008667,51650,51660,10
13.0308799744,80.2392578125,51660,51691,31
13.0310401917,80.2395629883,51691,51731,40
13.0310401917,80.2395629883,51731,51741,10
13.0311403275,80.239692688,51741,51751,10
13.0312404633,80.2398834229,51751,51761,10
13.0313501358,80.2401275635,51761,51771,10
13.0314397812,80.2407836914,51771,51782,11
13.0317697525,80.2414627075,51782,51792,10
13.0320997238,80.2421188354,51792,51802,10
13.0325803757,80.2426681519,51802,51812,10
13.0330600739,80.2433319092,51812,51822,10
13.0335102081,80.2439193726,51822,51832,10
13.0339603424,80.2445602417,51832,51842,10
13.0341396332,80.2447433472,51842,51852,10
13.0344800949,80.2451324463,51852,51862,10
13.0348997116,80.2455978394,51862,51872,10
13.0352697372,80.2460327148,51872,51883,11
13.035320282,80.2460479736,51883,51893,10
13.0355901718,80.2461090088,51893,51903,10
13.0358400345,80.2462768555,51903,51913,10
13.0362997055,80.2464370728,51913,51923,10
13.036939621,80.2465667725,51923,51933,10
13.0375003815,80.2464675903,51933,51943,10
13.0380897522,80.24659729,51943,51953,10
13.0387001038,80.2468185425,51953,51994,41
13.0387001038,80.2468185425,51994,52004,10
13.0390300751,80.2468338013,52004,52014,10
13.0393695831,80.246887207,52014,52024,10
13.0396003723,80.2470016479,52024,52034,10
13.0400695801,80.2471313477,52034,52044,10
13.0408697128,80.2472686768,52044,52054,10
13.04185009,80.2474212646,52054,52064,10
13.0425701141,80.2476501465,52064,52074,10
13.0432500839,80.2479476929,52074,52085,11
13.0439796448,80.2478485107,52085,52095,10
13.0445604324,80.2478637695,52095,52105,10
13.0450296402,80.2480697632,52105,52115,10
13.0456495285,80.2483596802,52115,52125,10
13.0464401245,80.2484817505,52125,52135,10
13.046959877,80.2483673096,52135,52145,10
13.0469799042,80.2483673096,52145,52155,10
13.0471897125,80.2484817505,52155,52165,10
13.0476303101,80.2488174438,52165,52175,10
13.0481004715,80.2492599487,52175,52186,11
13.0487203598,80.2496414185,52186,52196,10
13.0494804382,80.2497177124,52196,52206,10
13.0504102707,80.2499313354,52206,52216,10
13.051320076,80.2501602173,52216,52226,10
13.0521497726,80.2507629395,52226,52236,10
13.0527801514,80.2515792847,52236,52246,10
13.0535001755,80.2525177002,52246,52256,10
13.0541801453,80.2534713745,52256,52266,10
13.0547304153,80.25415802,52266,52276,10
13.0550098419,80.2545471191,52276,52287,11
13.0552997589,80.2549819946,52287,52297,10
13.0555200577,80.2552719116,52297,52307,10
13.0558300018,80.2556991577,52307,52317,10
13.0560398102,80.2559890747,52317,52327,10
13.0562601089,80.2562866211,52327,52337,10
13.0566902161,80.2567367554,52337,52347,10
13.0572500229,80.2571487427,52347,52357,10
13.0577201843,80.25756073,52357,52367,10
13.0580596924,80.258102417,52367,52377,10
13.0584201813,80.2586212158,52377,52388,11
13.0588703156,80.2590408325,52388,52398,10
13.0592298508,80.2596282959,52398,52408,10
13.0597295761,80.2601165771,52408,52418,10
13.0602798462,80.2606506348,52418,52428,10
13.0606603622,80.261177063,52428,52438,10
13.0607700348,80.2612762451,52438,52448,10
13.0608901978,80.2613983154,52448,52458,10
13.061249733,80.2617874146,52458,52468,10
13.0619096756,80.2626419067,52468,52499,31
13.0619096756,80.2626419067,52499,52509,10
13.0620603561,80.2628631592,52509,52519,10
13.0624799728,80.2633972168,52519,52529,10
13.063079834,80.2640991211,52529,52539,10
13.0636901855,80.2649917603,52539,52549,10
13.0641002655,80.2656097412,52549,52559,10
13.0645904541,80.2662582397,52559,52569,10
13.0649404526,80.2667388916,52569,52579,10
13.0655498505,80.2672119141,52579,52588,9
13.0657997131,80.2674789429,52588,52600,12
13.0658102036,80.2675018311,52600,52610,10
13.0660200119,80.2678375244,52610,52620,10
13.0663003922,80.2681427002,52620,52630,10
13.0663099289,80.2681503296,52630,52639,9
13.0664396286,80.2682571411,52639,52650,11
13.066619873,80.2684173584,52650,52660,10
13.066860199,80.2685775757,52660,52670,10
13.0671796799,80.2687988281,52670,52680,10
13.0677404404,80.2691726685,52680,52690,10
13.0681295395,80.2693862915,52690,52701,11
13.0682697296,80.2695236206,52701,52711,10
13.0682401657,80.2699279785,52711,52721,10
13.0682001114,80.2705383301,52721,52731,10
13.0681600571,80.2706375122,52731,52741,10
13.0681400299,80.2707595825,52741,52751,10
13.0680999756,80.2711029053,52751,52761,10
13.0682001114,80.2714385986,52761,52771,10
13.068479538,80.2716827393,52771,52781,10
13.0691003799,80.272102356,52781,52791,10
13.0696601868,80.2726287842,52791,52802,11
13.0701599121,80.2732009888,52802,52812,10
13.0705003738,80.2736129761,52812,52822,10
13.0710897446,80.2740325928,52822,52852,30
13.0710897446,80.2740325928,52852,52862,10
13.0716295242,80.2742462158,52862,52872,10
13.0720500946,80.274597168,52872,52882,10
13.0725603104,80.275138855,52882,52892,10
13.0730895996,80.2757415771,52892,52903,11
13.0735397339,80.2761688232,52903,52913,10
13.0739097595,80.2762832642,52913,52923,10
13.0740203857,80.2762832642,52923,52933,10
13.0744800568,80.2762832642,52933,52943,10
13.0753202438,80.276260376,52943,52953,10
13.0762701035,80.2762374878,52953,52963,10
13.0770597458,80.2761917114,52963,52973,10
13.0776395798,80.2761383057,52973,52983,10
13.0781602859,80.2757034302,52983,52993,10
13.0788202286,80.275100708,52993,53004,11
13.0798196793,80.2752685547,53004,53014,10
13.080739975,80.275177002,53014,53024,10
13.0812196732,80.2751235962,53024,53074,50
13.0812196732,80.2751235962,53074,53084,10
13.0814504623,80.2750930786,53084,53094,10
13.0818004608,80.2752227783,53094,53105,11
13.0819597244,80.275680542,53105,54185,1080
13.0819597244,80.275680542,54185,54195,10
13.0819797516,80.275932312,54195,54205,10
13.0818395615,80.2761001587,54205,54215,10
13.0818595886,80.276550293,54215,54226,11
13.0819597244,80.2774276733,54226,54236,10
13.0821199417,80.2779388428,54236,54246,10
13.0825996399,80.2779312134,54246,54266,20
13.0829801559,80.2780303955,54266,54306,40
13.0829801559,80.2780303955,54306,54316,10
13.0833301544,80.2782287598,54316,54327,11
13.0835199356,80.2786026001,54327,54337,10
13.0832099915,80.2788391113,54337,54347,10
13.0825195313,80.2786178589,54347,54387,40
13.0825195313,80.2786178589,54387,54397,10
13.0823001862,80.2785568237,54397,54407,10
13.0819997787,80.2783813477,54407,54417,10
13.0818796158,80.2779388428,54417,54428,11
13.0817699432,80.2770996094,54428,54438,10
13.0816802979,80.2763137817,54438,54447,9
13.081489563,80.2756500244,54447,54498,51
13.081489563,80.2756500244,54498,54508,10
13.0814695358,80.2753295898,54508,54518,10
13.0811901093,80.2751998901,54518,54529,11
13.0806999207,80.2752609253,54529,54539,10
13.080280304,80.2753067017,54539,54549,10
13.0798501968,80.2753829956,54549,54559,10
13.0792102814,80.2752990723,54559,54567,8
13.0785398483,80.2752838135,54567,54579,12
13.0779104233,80.2762298584,54579,54589,10
13.0769395828,80.2762832642,54589,54599,10
13.0759401321,80.2763366699,54599,54609,10
13.0748996735,80.2763595581,54609,54619,10
13.0739097595,80.2764892578,54619,54640,21
13.0739097595,80.2764892578,54640,54650,10
13.0734100342,80.2764587402,54650,54660,10
13.0729198456,80.2758407593,54660,54670,10
13.0723695755,80.2752227783,54670,54680,10
13.0718803406,80.2746887207,54680,54690,10
13.0713396072,80.2744598389,54690,54700,10
13.0712299347,80.2744522095,54700,54710,10
13.0711603165,80.2744369507,54710,54720,10
13.0710296631,80.2744827271,54720,54731,11
13.0709495544,80.2744979858,54731,54741,10
13.0707397461,80.2742767334,54741,54751,10
13.070520401,80.2738876343,54751,54761,10
13.0702295303,80.2733535767,54761,54771,10
13.069729805,80.2727508545,54771,54781,10
13.0689601898,80.2720031738,54781,54811,30
13.0689601898,80.2720031738,54811,54821,10
13.0688800812,80.2719573975,54821,54831,10
13.068570137,80.2719421387,54831,54842,11
13.0681600571,80.2715682983,54842,54852,10
13.0679397583,80.2710571289,54852,54862,10
13.0674800873,80.2705612183,54862,54872,10
13.0669803619,80.2700805664,54872,54882,10
13.0664997101,80.269569397,54882,54892,10
13.0663499832,80.2689971924,54892,54908,16
13.0662097931,80.2682876587,54908,54920,12
13.0658102036,80.2677764893,54920,54930,10
13.065580368,80.2676620483,54930,54940,10
13.0654497147,80.2676773071,54940,54951,11
13.0652399063,80.2676620483,54951,54961,10
13.0650596619,80.2676010132,54961,54971,10
13.0644798279,80.2674713135,54971,54981,10
13.0637798309,80.2673568726,54981,54990,9
13.0631999969,80.2672424316,54990,55001,11
13.063079834,80.2671966553,55001,55011,10
13.0625896454,80.266960144,55011,55021,10
13.0622396469,80.2665481567,55021,55030,9
13.0619401932,80.2661819458,55030,55042,12
13.0614004135,80.2655029297,55042,55051,9
13.0610198975,80.2651977539,55051,55062,11
13.0606098175,80.2653503418,55062,55072,10
13.0604496002,80.2654418945,55072,55082,10
13.060210228,80.2655487061,55082,55092,10
13.0595598221,80.2656173706,55092,55102,10
13.0590400696,80.2655105591,55102,55112,10
13.0587396622,80.2654266357,55112,55122,10
13.0585899353,80.2653579712,55122,55132,10
13.0581703186,80.2651596069,55132,55143,11
13.0579395294,80.2643814087,55143,55153,10
13.057800293,80.2634735107,55153,55163,10
13.0577297211,80.2625579834,55163,55173,10
13.0576000214,80.2617416382,55173,55183,10
13.0574998856,80.2612380981,55183,55193,10
13.0573501587,80.2606506348,55193,55203,10
13.0571403503,80.2599563599,55203,55213,10
13.0569496155,80.2593383789,55213,55223,10
13.0568504333,80.2590026855,55223,55233,10
13.056810379,80.2587966919,55233,55244,11
13.0566396713,80.2583007813,55244,55254,10
13.0564899445,80.2574081421,55254,55274,20
13.0564899445,80.2574081421,55274,55284,10
13.0564002991,80.2570800781,55284,55294,10
13.0563402176,80.256652832,55294,55304,10
13.0562400818,80.2563400269,55304,55314,10
13.0559301376,80.2558822632,55314,55324,10
13.0554800034,80.2553100586,55324,55334,10
13.0550098419,80.2546234131,55334,55345,11
13.0543298721,80.2537536621,55345,55354,9
13.0539999008,80.2533187866,55354,55365,11
13.0535802841,80.2527236938,55365,55375,10
13.053150177,80.2521362305,55375,55385,10
13.0526304245,80.2514572144,55385,55395,10
13.0521402359,80.2508163452,55395,55405,10
13.0515203476,80.2502670288,55405,55415,10
13.0507297516,80.25,55415,55425,10
13.0497999191,80.2498168945,55425,55435,10
13.0485801697,80.2496795654,55435,55446,11
13.0470600128,80.2486419678,55446,55466,20
13.0470600128,80.2486419678,55466,55476,10
13.0467195511,80.2485961914,55476,55486,10
13.0459299088,80.2484436035,55486,55496,10
13.0452604294,80.2481613159,55496,55506,10
13.0447397232,80.2480697632,55506,55516,10
13.0439195633,80.2479400635,55516,55526,10
13.0430402756,80.2477722168,55526,55535,9
13.0424804688,80.2476425171,55535,55545,10
13.0417203903,80.247467041,55545,55557,12
13.0405101776,80.2472610474,55557,55567,10
13.0396404266,80.2470703125,55567,55648,81
13.0396404266,80.2470703125,55648,55658,10
13.0390396118,80.2468338013,55658,55668,10
13.0382795334,80.2466964722,55668,55678,10
13.0373001099,80.2465667725,55678,55680,2
13.0373001099,80.2465667725,55680,55726,46
13.0348396301,80.2458267212,55726,55736,10
13.0346298218,80.2454605103,55736,55746,10
13.0341796875,80.2449188232,55746,55757,11
13.0335798264,80.2441635132,55757,55767,10
13.032910347,80.2432937622,55767,55777,10
13.0323295593,80.2424697876,55777,55787,10
13.0319595337,80.2420120239,55787,55797,10
13.0317602158,80.2415084839,55797,55889,92
13.0317602158,80.2415084839,55889,55899,10
13.03166008,80.2412567139,55899,55909,10
13.0314598083,80.2407531738,55909,55919,10
13.0311098099,80.239982605,55919,55929,10
13.0306901932,80.2391967773,55929,55939,10
13.0302000046,80.2383575439,55939,55949,10
13.0297498703,80.2375335693,55949,55960,11
13.0290603638,80.2367477417,55960,55970,10
13.0283498764,80.2360305786,55970,55980,10
13.0276699066,80.2351608276,55980,55990,10
13.0270395279,80.2340393066,55990,56000,10
13.02643013,80.2329864502,56000,56010,10
13.0261697769,80.2322463989,56010,56019,9
13.0260801315,80.2318496704,56019,56030,11
13.0259199142,80.2312469482,56030,56040,10
13.0256204605,80.2304229736,56040,56050,10
13.0251998901,80.2298431396,56050,56060,10
13.0249700546,80.2295608521,56060,56071,11
13.0246696472,80.2291793823,56071,56081,10
13.0243196487,80.2287216187,56081,56091,10
13.0237998962,80.2280731201,56091,56101,10
13.0233402252,80.2276229858,56101,56111,10
13.0233297348,80.2276000977,56111,56121,10
13.0231895447,80.2274627686,56121,56131,10
13.0228700638,80.2270889282,56131,56141,10
13.0222997665,80.2266082764,56141,56151,10
13.0217695236,80.2261428833,56151,56161,10
13.0212402344,80.2257385254,56161,56172,11
13.0208101273,80.225402832,56172,56182,10
13.0206003189,80.2252731323,56182,56192,10
13.0203199387,80.2250823975,56192,56202,10
13.0198297501,80.2247390747,56202,56212,10
13.0191602707,80.2244567871,56212,56222,10
13.0184001923,80.2246398926,56222,56232,10
13.0175600052,80.2249908447,56232,56242,10
13.0167703629,80.2253189087,56242,56251,9
13.016409874,80.225479126,56251,56262,11
13.015879631,80.225692749,56262,56273,11
13.0152301788,80.2259368896,56273,56283,10
13.0151100159,80.2259979248,56283,56293,10
13.0150203705,80.2260437012,56293,56303,10
13.0146799088,80.2261810303,56303,56313,10
13.014380455,80.2262802124,56313,56323,10
13.0141000748,80.2263870239,56323,56333,10
13.0133304596,80.2266998291,56333,56343,10
13.0122499466,80.227142334,56343,56353,10
13.0111598969,80.2275619507,56353,56363,10
13.0101003647,80.2279815674,56363,56374,11
13.009180069,80.2285614014,56374,56384,10
13.0090799332,80.2294006348,56384,56394,10
13.009059906,80.2303390503,56394,56404,10
13.0087795258,80.2311782837,56404,56414,10
13.0085201263,80.2321166992,56414,56424,10
13.0083503723,80.2329025269,56424,56434,10
13.0082902908,80.2334671021,56434,56444,10
13.0081596375,80.2338180542,56444,56454,10
13.0079803467,80.234588623,56454,56464,10
13.0077295303,80.2356872559,56464,56475,11
13.0074901581,80.2368621826,56475,56485,10
13.0072803497,80.2378616333,56485,56495,10
13.0071601868,80.2384414673,56495,56505,10
13.0070495605,80.2390289307,56505,56515,10
13.0068998337,80.2398605347,56515,56525,10
13.0067396164,80.2406768799,56525,56535,10
13.0066404343,80.2416381836,56535,56545,10
13.006649971,80.2425689697,56545,56555,10
13.0067195892,80.2434234619,56555,56565,10
13.0067396164,80.2443084717,56565,56576,11
13.0066995621,80.2453689575,56576,56586,10
13.0067901611,80.2463378906,56586,56596,10
13.0067996979,80.2469406128,56596,56606,10
13.0060195923,80.2474212646,56606,56626,20
13.0060195923,80.2474212646,56626,56636,10
13.0058803558,80.2474365234,56636,56646,10
13.0054197311,80.2474212646,56646,56656,10
13.0045499802,80.2474594116,56656,56666,10
13.0033798218,80.2476272583,56666,56677,11
13.0020399094,80.2478866577,56677,56687,10
13.0007801056,80.2482070923,56687,56697,10
12.9993801117,80.2485580444,56697,56707,10
12.9978904724,80.248916626,56707,56717,10
12.9964799881,80.2492828369,56717,56727,10
12.9950799942,80.2496490479,56727,56737,10
12.9935998917,80.2500610352,56737,56747,10
12.9921102524,80.2503890991,56747,56757,10
12.9907598495,80.2507476807,56757,56767,10
12.9896202087,80.2510528564,56767,56777,10
12.9891500473,80.2511672974,56777,56788,11
12.9887304306,80.2512893677,56788,56798,10
12.9881896973,80.2514419556,56798,56808,10
12.9876804352,80.2515563965,56808,56818,10
12.9874095917,80.2516174316,56818,56828,10
12.9871997833,80.2516784668,56828,56844,16
12.9863300323,80.2518692017,56844,56856,12
12.9857397079,80.2519989014,56856,56864,8
12.9850502014,80.2521820068,56864,56876,12
12.9838895798,80.2525024414,56876,56887,11
12.9826898575,80.2526779175,56887,56897,10
12.9815397263,80.2527389526,56897,56907,10
12.9805803299,80.2527694702,56907,56917,10
12.9799900055,80.2527770996,56917,56926,9
12.979590416,80.252746582,56926,56937,11
12.9789800644,80.2527084351,56937,56946,9
12.9787397385,80.2526626587,56946,56956,10
12.9785203934,80.2525482178,56956,56967,11
12.9779701233,80.2521209717,56967,56977,10
12.9772100449,80.2515487671,56977,56988,11
12.9760704041,80.2511291504,56988,56998,10
12.9750204086,80.2508392334,56998,57008,10
12.9742097855,80.2506332397,57008,57018,10
12.97397995,80.2505569458,57018,57028,10
12.9736204147,80.2504425049,57028,57038,10
12.9729003906,80.25025177,57038,57048,10
12.9718503952,80.2499694824,57048,57058,10
12.9707603455,80.249671936,57058,57068,10
12.9697198868,80.2493209839,57068,57078,10
12.9686403275,80.2488937378,57078,57088,10
12.9677200317,80.2485198975,57088,57099,11
12.9670801163,80.2482223511,57099,57109,10
12.9663200378,80.2478637695,57109,57119,10
12.9655103683,80.247543335,57119,57129,10
12.9652900696,80.2474822998,57129,57139,10
12.9649095535,80.2473297119,57139,57149,10
12.964220047,80.2470474243,57149,57159,10
12.963809967,80.2469024658,57159,57169,10
12.9633302689,80.2466888428,57169,57179,10
12.9626197815,80.2463684082,57179,57189,10
12.9618701935,80.2460021973,57189,57200,11
12.9609899521,80.2455673218,57200,57210,10
12.9602403641,80.2452163696,57210,57220,10
12.9595804214,80.2449188232,57220,57230,10
12.9592399597,80.2447891235,57230,57240,10
12.9591197968,80.2447433472,57240,57250,10
12.9585895538,80.2444763184,57250,57260,10
12.9578695297,80.244178772,57260,57270,10
12.9571199417,80.2439422607,57270,57280,10
12.9565401077,80.2437973022,57280,57341,61
12.9565401077,80.2437973022,57341,57351,10
12.9560003281,80.2435684204,57351,57361,10
12.9553403854,80.2432174683,57361,57377,16
12.9541101456,80.2426605225,57377,57390,13
12.9530000687,80.2421875,57390,57400,10
12.9519901276,80.2418289185,57400,57421,21
12.9519901276,80.2418289185,57421,57431,10
12.95154953,80.2416534424,57431,57441,10
12.9507799149,80.2413635254,57441,57451,10
12.949760437,80.2410583496,57451,57460,9
12.9492301941,80.2408828735,57460,57470,10
12.9490604401,80.2408065796,57470,57481,11
12.9484796524,80.2405776978,57481,57491,10
12.9474697113,80.2401809692,57491,57502,11
12.9468097687,80.2399291992,57502,57512,10
12.9466896057,80.2398834229,57512,57522,10
12.9460897446,80.2396316528,57522,57532,10
12.9452400208,80.2391662598,57532,57542,10
12.9443702698,80.23828125,57542,57552,10
12.9434299469,80.2372589111,57552,57562,10
12.9421596527,80.2364501953,57562,57572,10
12.9407396317,80.2360992432,57572,57582,10
12.9397497177,80.2358093262,57582,57592,10
12.9395704269,80.2357406616,57592,57603,11
12.9390096664,80.2354507446,57603,57613,10
12.9380998611,80.234992981,57613,57623,10
12.9370698929,80.2344894409,57623,57633,10
12.9361600876,80.234046936,57633,57643,10
12.9357795715,80.2338485718,57643,57653,10
12.9351100922,80.2335510254,57653,57663,10
12.9341897964,80.2331390381,57663,57673,10
12.9337501526,80.2329483032,57673,57683,10
12.9336900711,80.2329406738,57683,57693,10
12.9332399368,80.2327194214,57693,57703,10
12.9323797226,80.232383728,57703,57714,11
12.931139946,80.2319717407,57714,57724,10
12.9300098419,80.231628418,57724,57734,10
12.9291200638,80.2314376831,57734,57744,10
12.9289102554,80.2314071655,57744,57754,10
12.9286499023,80.2313537598,57754,57764,10
12.9277801514,80.2312011719,57764,57774,10
12.9265298843,80.231048584,57774,57784,10
12.9251098633,80.2308807373,57784,57794,10
12.9235496521,80.230682373,57794,57804,10
12.921959877,80.2304534912,57804,57815,11
12.9207201004,80.2302703857,57815,57825,10
12.9197797775,80.2301635742,57825,57835,10
12.918680191,80.2300186157,57835,57845,10
12.9174003601,80.2298431396,57845,57855,10
12.9159803391,80.2296600342,57855,57865,10
12.9144601822,80.2294616699,57865,57875,10
12.9133901596,80.2293167114,57875,57885,10
12.9129896164,80.2292709351,57885,57895,10
12.9122104645,80.2291564941,57895,57905,10
12.9110803604,80.2289810181,57905,57916,11
12.9096002579,80.2287597656,57916,57926,10
12.9081602097,80.2285232544,57926,57936,10
12.9067401886,80.2283401489,57936,58006,70
12.9067401886,80.2283401489,58006,58017,11
12.9062700272,80.2282791138,58017,58027,10
12.9052696228,80.2282333374,58027,58037,10
12.903960228,80.2281494141,58037,58047,10
12.9025602341,80.2280807495,58047,58057,10
12.9010696411,80.2280273438,58057,58128,71
12.9010696411,80.2280273438,58128,58138,10
12.9009399414,80.2279891968,58138,58148,10
12.900560379,80.2279510498,58148,58158,10
12.8997001648,80.2279205322,58158,58168,10
12.8990802765,80.2279129028,58168,58178,10
12.8990001678,80.227897644,58178,58188,10
12.8988704681,80.2279129028,58188,58198,10
12.8982801437,80.2278594971,58198,58208,10
12.897359848,80.2277832031,58208,58219,11
12.8960599899,80.227722168,58219,58229,10
12.8947896957,80.2276611328,58229,58239,10
12.893409729,80.2275390625,58239,58249,10
12.8924999237,80.2274475098,58249,58259,10
12.8924102783,80.2274398804,58259,58269,10
12.8920202255,80.2273864746,58269,58279,10
12.8912200928,80.2273788452,58279,58289,10
12.8900499344,80.2273712158,58289,58299,10
12.8886804581,80.2273712158,58299,58309,10
12.8871898651,80.2272109985,58309,58320,11
12.8855495453,80.2268371582,58320,58330,10
12.8846197128,80.2267532349,58330,58340,10
12.8845701218,80.2267608643,58340,58350,10
12.8841400146,80.2267532349,58350,58360,10
12.883190155,80.2267532349,58360,58370,10
12.8819904327,80.2267608643,58370,58380,10
12.8807401657,80.2267684937,58380,58390,10
12.8794002533,80.2267837524,58390,58400,10
12.8779802322,80.2268600464,58400,58410,10
12.8768596649,80.2269515991,58410,58420,10
12.8758497238,80.2269897461,58420,58431,11
12.8745002747,80.2268600464,58431,58441,10
12.8732700348,80.2267532349,58441,58451,10
12.8728399277,80.2267608643,58451,58461,10
12.8725996017,80.2267303467,58461,58471,10
12.8718395233,80.2266769409,58471,58481,10
12.8706998825,80.2266387939,58481,58491,10
12.8693304062,80.2265014648,58491,58501,10
12.8678197861,80.2264404297,58501,58511,10
12.8662996292,80.2266082764,58511,58521,10
12.8647403717,80.2266235352,58521,58532,11
12.862950325,80.2265777588,58532,58542,10
12.8614797592,80.2266464233,58542,58552,10
12.8608398438,80.2266464233,58552,58562,10
12.8605499268,80.2266235352,58562,58572,10
12.8597402573,80.2264785767,58572,58588,16
12.8581800461,80.226272583,58588,58600,12
12.8567199707,80.226348877,58600,58608,8
12.8555803299,80.2264633179,58608,58620,12
12.8538599014,80.2266616821,58620,58631,11
12.8517599106,80.2266693115,58631,58640,9
12.8501195908,80.2266235352,58640,58650,10
12.8483800888,80.2266235352,58650,58661,11
12.8466901779,80.2266387939,58661,58671,10
12.8457899094,80.2266387939,58671,58681,10
12.8452196121,80.2266616821,58681,58691,10
12.8451795578,80.2266693115,58691,58701,10
12.8446903229,80.2266616821,58701,58711,10
12.8437404633,80.2267608643,58711,58721,10
12.8425102234,80.2269821167,58721,58732,11
12.840959549,80.2273788452,58732,58742,10
12.8401603699,80.2276611328,58742,58752,10
12.8397102356,80.2277984619,58752,58762,10
12.8394603729,80.2278823853,58762,58772,10
12.8387002945,80.2280197144,58772,58782,10
12.8374996185,80.2282714844,58782,58792,10
12.8360300064,80.2284927368,58792,58802,10
12.8345098495,80.2287368774,58802,58812,10
12.8331699371,80.2289886475,58812,58822,10
12.8322601318,80.2291793823,58822,58833,11
12.8322000504,80.2291793823,58833,58843,10
12.8317804337,80.2292709351,58843,58853,10
12.8309497833,80.2294921875,58853,58863,10
12.8298997879,80.2298736572,58863,58873,10
12.828789711,80.2303314209,58873,58883,10
12.8275995255,80.2309875488,58883,58893,10
12.8264598846,80.2313766479,58893,58903,10
12.8254203796,80.2314376831,58903,58913,10
12.8244895935,80.2313766479,58913,58923,10
12.8236198425,80.2311401367,58923,58933,10
12.8228502274,80.2308807373,58933,58944,11
12.8217401505,80.2305679321,58944,58954,10
12.8206596375,80.2304763794,58954,58964,10
12.8195400238,80.2305221558,58964,58974,10
12.8188896179,80.2305221558,58974,58984,10
12.8187904358,80.2304916382,58984,58994,10
12.81828022,80.2302398682,58994,59004,10
12.8174295425,80.2298431396,59004,59014,10
12.8162603378,80.2294921875,59014,59024,10
12.8149003983,80.2293014526,59024,59034,10
12.8134403229,80.2289733887,59034,59045,11
12.8119802475,80.2284622192,59045,59055,10
12.8109998703,80.2281036377,59055,59065,10
12.8101797104,80.2277603149,59065,59075,10
12.8093004227,80.2273712158,59075,59085,10
12.8083496094,80.2266235352,59085,59094,9
12.8074102402,80.2258300781,59094,59105,11
12.8064203262,80.2249679565,59105,59115,10
12.8055696487,80.2242507935,59115,59125,10
12.8053598404,80.2241363525,59125,59135,10
12.8053197861,80.2241363525,59135,59146,11
12.804980278,80.2240524292,59146,59156,10
12.8047103882,80.223991394,59156,59166,10
12.8040704727,80.2239303589,59166,59176,10
12.8032798767,80.2238693237,59176,59186,10
12.8026399612,80.223777771,59186,59196,10
12.802280426,80.2237319946,59196,59206,10
12.8014802933,80.2236404419,59206,59216,10
12.800740242,80.2236022949,59216,59236,20
12.800740242,80.2236022949,59236,59247,11
12.800330162,80.2235565186,59247,59257,10
12.7994604111,80.2234802246,59257,59267,10
12.7982797623,80.2233886719,59267,59277,10
12.7968597412,80.2231674194,59277,59287,10
12.7954502106,80.22290802,59287,59297,10
12.7941198349,80.2226791382,59297,59307,10
12.7927103043,80.2224578857,59307,59317,10
12.7914800644,80.2221832275,59317,59327,10
12.7903003693,80.2218780518,59327,59337,10
12.7894601822,80.2216415405,59337,59348,11
12.7886800766,80.2213363647,59348,59358,10
12.787779808,80.220993042,59358,59419,61
12.787779808,80.220993042,59419,59429,10
12.7875003815,80.2208786011,59429,59439,10
12.7874298096,80.2208633423,59439,59451,12
12.7874002457,80.2208480835,59451,59452,1
12.7873802185,80.2208404541,59452,59453,1
12.7873497009,80.2208328247,59453,59511,58
12.7866201401,80.2205505371,59511,59521,10
12.7864599228,80.220489502,59521,59531,10
12.7861995697,80.2203979492,59531,59541,10
12.7861795425,80.2206726074,59541,59552,11
12.7861995697,80.2212219238,59552,59562,10
12.7862701416,80.2219314575,59562,59675,113
12.7862596512,80.2217712402,59675,60826,1151
12.7862596512,80.2217712402,60826,60836,10
12.7862796783,80.2216415405,60836,60846,10
12.7862195969,80.2214126587,60846,60856,10
12.7861995697,80.2210388184,60856,60866,10
12.7861700058,80.2205200195,60866,60887,21
12.7861700058,80.2205200195,60887,60897,10
12.7862300873,80.2203598022,60897,60907,10
12.7865400314,80.2204589844,60907,60937,30
12.7865400314,80.2204589844,60937,60947,10
12.786860466,80.2206420898,60947,60957,10
12.7871398926,80.2207565308,60957,60967,10
12.7873601913,80.2208328247,60967,60978,11
12.7878398895,80.2210083008,60978,60987,9
12.7880897522,80.2211074829,60987,60998,11
12.7887201309,80.2213516235,60998,61008,10
12.7894496918,80.2216186523,61008,61018,10
12.7898302078,80.2217483521,61018,61028,10
12.7903299332,80.2218704224,61028,61038,10
12.7911500931,80.2220687866,61038,61048,10
12.7921600342,80.222328186,61048,61058,10
12.7933397293,80.2225418091,61058,61068,10
12.7946100235,80.2227325439,61068,61079,11
12.7959699631,80.2229537964,61079,61089,10
12.7964496613,80.2230072021,61089,61099,10
12.7965202332,80.2230224609,61099,61109,10
12.7969799042,80.2231216431,61109,61119,10
12.7978200912,80.2232666016,61119,61129,10
12.7988300323,80.2233810425,61129,61139,10
12.799949646,80.2234802246,61139,61149,10
12.8010101318,80.2235794067,61149,61159,10
12.8015804291,80.2236328125,61159,61169,10
12.801659584,80.2236404419,61169,61180,11
12.8023395538,80.2237319946,61180,61190,10
12.8032598495,80.2238616943,61190,61200,10
12.8042497635,80.2239532471,61200,61210,10
12.8051900864,80.224067688,61210,61220,10
12.8056201935,80.2242126465,61220,61230,10
12.8058595657,80.2243728638,61230,61240,10
12.8061599731,80.2246398926,61240,61250,10
12.8063898087,80.2248535156,61250,61260,10
12.8069601059,80.2253723145,61260,61270,10
12.8077697754,80.22605896,61270,61281,11
12.8087902069,80.2269134521,61281,61291,10
12.8098802567,80.2276000977,61291,61301,10
12.8111000061,80.2281188965,61301,61311,10
12.8123703003,80.2285919189,61311,61321,10
12.8137102127,80.2290420532,61321,61330,9
12.8149003983,80.229309082,61330,61341,11
12.8161697388,80.2294921875,61341,61351,10
12.8175601959,80.2298583984,61351,61361,10
12.8185997009,80.2303390503,61361,61371,10
12.8194904327,80.2305297852,61371,61381,10
12.8198204041,80.2304992676,61381,61392,11
12.8202896118,80.2304763794,61392,61402,10
12.8212003708,80.2304763794,61402,61412,10
12.8223400116,80.2306671143,61412,61422,10
12.8236198425,80.2310562134,61422,61432,10
12.8249101639,80.2313690186,61432,61442,10
12.8262300491,80.2313995361,61442,61452,10
12.8274803162,80.231086731,61452,61462,10
12.8284702301,80.2304992676,61462,61472,10
12.8294200897,80.2300491333,61472,61483,11
12.830329895,80.2296829224,61483,61493,10
12.8304796219,80.2296218872,61493,61503,10
12.8308401108,80.2294387817,61503,61513,10
12.8310699463,80.2293319702,61513,61523,10
12.8313999176,80.2292098999,61523,61543,20
12.8313999176,80.2292098999,61543,61553,10
12.8318595886,80.2291030884,61553,61563,10
12.8326997757,80.2289581299,61563,61573,10
12.8339195251,80.2287597656,61573,61583,10
12.835269928,80.2285308838,61583,61594,11
12.8368797302,80.228302002,61594,61603,9
12.8380804062,80.2280807495,61603,61614,11
12.839050293,80.2277984619,61614,61624,10
12.8394699097,80.2276916504,61624,61634,10
12.8398399353,80.2276000977,61634,61644,10
12.840669632,80.2274093628,61644,61654,10
12.8416595459,80.2271499634,61654,61663,9
12.8426303864,80.2269210815,61663,61673,10
12.8436603546,80.2267379761,61673,61684,11
12.8446598053,80.2266082764,61684,61695,11
12.8453502655,80.2265396118,61695,61705,10
12.8454704285,80.2265319824,61705,61715,10
12.8456001282,80.2265472412,61715,61725,10
12.846159935,80.2265701294,61725,61735,10
12.8470897675,80.2265777588,61735,61745,10
12.8482303619,80.2265777588,61745,61755,10
12.8494195938,80.2265701294,61755,61765,10
12.8501796722,80.2265777588,61765,61775,10
12.8511104584,80.2266082764,61775,61785,10
12.8522701263,80.2266616821,61785,61796,11
12.8536195755,80.2266464233,61796,61806,10
12.8548002243,80.2265090942,61806,61816,10
12.8560600281,80.2263793945,61816,61826,10
12.8574399948,80.2262573242,61826,61836,10
12.8587703705,80.2262573242,61836,61846,10
12.8600797653,80.2264480591,61846,61856,10
12.8613395691,80.2265701294,61856,61866,10
12.8626203537,80.2265319824,61866,61876,10
12.8639097214,80.2265319824,61876,61886,10
12.8652801514,80.2265777588,61886,61896,10
12.866689682,80.2265319824,61896,61907,11
12.8682003021,80.2264022827,61907,61923,16
12.8701400757,80.2265701294,61923,61935,12
12.8713703156,80.2266616821,61935,61945,10
12.8728704453,80.2266616821,61945,61965,20
12.8728704453,80.2266616821,61965,61973,8
12.8731498718,80.2266998291,61973,61985,12
12.8739700317,80.2267532349,61985,61996,11
12.8750095367,80.2268829346,61996,62007,11
12.8760795593,80.2269592285,62007,62017,10
12.8764295578,80.2269363403,62017,62027,10
12.8765602112,80.2269363403,62027,62036,9
12.8768901825,80.2269210815,62036,62047,11
12.8777303696,80.226852417,62047,62056,9
12.8785495758,80.2267913818,62056,62067,11
12.8799200058,80.2267379761,62067,62077,10
12.8811397552,80.2267379761,62077,62087,10
12.8824796677,80.2267303467,62087,62097,10
12.8838195801,80.2266998291,62097,62108,11
12.8849697113,80.2266998291,62108,62118,10
12.8853397369,80.2266998291,62118,62128,10
12.8854198456,80.2267379761,62128,62138,10
12.8859100342,80.226852417,62138,62148,10
12.8867797852,80.2270812988,62148,62158,10
12.8878297806,80.2272720337,62158,62168,10
12.8889703751,80.2273483276,62168,62178,10
12.8901901245,80.2273406982,62178,62188,10
12.891409874,80.2273406982,62188,62198,10
12.8924198151,80.2273635864,62198,62209,11
12.8931598663,80.2274932861,62209,62219,10
12.894109726,80.2276000977,62219,62229,10
12.8952598572,80.2276611328,62229,62239,10
12.8965196609,80.227722168,62239,62249,10
12.8978395462,80.2277832031,62249,62259,10
12.899020195,80.2278366089,62259,62269,10
12.9003896713,80.227897644,62269,62297,28
12.9003896713,80.227897644,62297,62307,10
12.9004297256,80.2278823853,62307,62318,11
12.9008398056,80.2279281616,62318,62328,10
12.9014196396,80.2279586792,62328,62338,10
12.9021396637,80.2279891968,62338,62348,10
12.9029998779,80.228012085,62348,62367,19
12.9029998779,80.228012085,62367,62378,11
12.9032402039,80.2279891968,62378,62387,9
12.9037399292,80.2280578613,62387,62398,11
12.9046497345,80.2281188965,62398,62409,11
12.9056901932,80.2281494141,62409,62429,20
12.9056901932,80.2281494141,62429,62439,10
12.9059696198,80.228187561,62439,62449,10
12.9064702988,80.2282333374,62449,62459,10
12.907119751,80.2283096313,62459,62469,10
12.9078598022,80.2284088135,62469,62479,10
12.9090995789,80.2286224365,62479,62489,10
12.9101896286,80.2287902832,62489,62499,10
12.911359787,80.2289505005,62499,62509,10
12.9125699997,80.229133606,62509,62520,11
12.9135704041,80.2292709351,62520,62530,10
12.9140796661,80.2293014526,62530,62540,10
12.9141597748,80.229309082,62540,62550,10
12.9145402908,80.2293777466,62550,62560,10
12.9152898788,80.2294998169,62560,62570,10
12.9162902832,80.229637146,62570,62580,10
12.9174404144,80.2298126221,62580,62590,10
12.9186000824,80.2299804688,62590,62600,10
12.919719696,80.2301330566,62600,62610,10
12.9208402634,80.2302474976,62610,62621,11
12.9221200943,80.2304382324,62621,62631,10
12.9233102798,80.2306289673,62631,62641,10
12.9245004654,80.2307815552,62641,62651,10
12.9255800247,80.2309036255,62651,62661,10
12.9262599945,80.2309570313,62661,62671,10
12.9266300201,80.2309875488,62671,62681,10
12.9267196655,80.2309875488,62681,62691,10
12.9271202087,80.231048584,62691,62701,10
12.9278697968,80.2311477661,62701,62711,10
12.9287595749,80.2312774658,62711,62722,11
12.9298000336,80.2315063477,62722,62732,10
12.9308996201,80.2317962646,62732,62742,10
12.9320402145,80.2321624756,62742,62752,10
12.9330596924,80.2324981689,62752,62762,10
12.9335403442,80.232711792,62762,62772,10
12.9335803986,80.2327194214,62772,62782,10
12.9338998795,80.2329025269,62782,62792,10
12.9346199036,80.2332229614,62792,62802,10
12.9355401993,80.2336425781,62802,62818,16
12.937210083,80.2344436646,62818,62831,13
12.9386196136,80.2351074219,62831,62841,10
12.9393901825,80.235496521,62841,62861,20
12.9393901825,80.235496521,62861,62871,10
12.9397001266,80.2356491089,62871,62881,10
12.9402599335,80.2358398438,62881,62891,10
12.9412498474,80.2361221313,62891,62901,10
12.9423503876,80.2364120483,62901,62911,10
12.943400383,80.2370681763,62911,62922,11
12.9443998337,80.2381591797,62922,62932,10
12.9453496933,80.239151001,62932,62942,10
12.9465198517,80.239730835,62942,62952,10
12.9475698471,80.2401580811,62952,62962,10
12.9481697083,80.2404022217,62962,62972,10
12.9484300613,80.2405090332,62972,62982,10
12.9489898682,80.2407226563,62982,62992,10
12.949669838,80.2409515381,62992,63002,10
12.9505500793,80.2412185669,63002,63012,10
12.9512901306,80.2414093018,63012,63023,11
12.9513902664,80.2414474487,63023,63033,10
12.9517402649,80.2415771484,63033,63043,10
12.9524402618,80.2418365479,63043,63053,10
12.9533195496,80.2421875,63053,63063,10
12.9540996552,80.2425003052,63063,63073,10
12.9549598694,80.2428207397,63073,63083,10
12.9557800293,80.2431030273,63083,63093,10
12.9563999176,80.243309021,63093,63113,20
12.9563999176,80.243309021,63113,63124,11
12.9566898346,80.2434387207,63124,63134,10
12.9573202133,80.2437591553,63134,63144,10
12.9581604004,80.244140625,63144,63154,10
12.9589004517,80.244430542,63154,63164,10
12.9589595795,80.2444610596,63164,63174,10
12.9593200684,80.2446594238,63174,63184,10
12.960100174,80.245010376,63184,63194,10
12.9611301422,80.2454833984,63194,63204,10
12.962220192,80.2460098267,63204,63214,10
12.9630002975,80.2463912964,63214,63225,11
12.9636602402,80.2466888428,63225,63235,10
12.9642801285,80.246963501,63235,63245,10
12.9650802612,80.247253418,63245,63255,10
12.9659004211,80.2475204468,63255,63265,10
12.9663600922,80.2477111816,63265,63275,10
12.9666795731,80.247833252,63275,63285,10
12.9666795731,80.2478408813,63285,63295,10
12.9668502808,80.2479400635,63295,63305,10
12.9673595428,80.2482223511,63305,63315,10
12.9682798386,80.2486114502,63315,63325,10
12.9693603516,80.2490386963,63325,63336,11
12.9706602097,80.2495498657,63336,63346,10
12.9719104767,80.2499008179,63346,63356,10
12.9730796814,80.250213623,63356,63366,10
12.9741201401,80.2504882813,63366,63376,10
12.9752397537,80.2508087158,63376,63386,10
12.9764795303,80.251159668,63386,63396,10
12.9776697159,80.2517318726,63396,63406,10
12.9784898758,80.2523422241,63406,63416,10
12.9786701202,80.2524185181,63416,63426,10
12.9788198471,80.2524795532,63426,63437,11
12.9791603088,80.252571106,63437,63447,10
12.9792804718,80.2525787354,63447,63457,10
12.9797096252,80.2526397705,63457,63467,10
12.9803800583,80.2526702881,63467,63477,10
12.9811296463,80.2526168823,63477,63487,10
12.9815301895,80.2526016235,63487,63527,40
12.9815301895,80.2526016235,63527,63538,11
12.9818401337,80.2526016235,63538,63548,10
12.982460022,80.2526092529,63548,63558,10
12.9832401276,80.2525482178,63558,63568,10
12.9838600159,80.2524108887,63568,63578,10
12.9845104218,80.2522201538,63578,63588,10
12.9849996567,80.2520828247,63588,63598,10
12.9852800369,80.2519989014,63598,63608,10
12.9857702255,80.2518463135,63608,63618,10
12.9862804413,80.2517318726,63618,63628,10
12.9866304398,80.2516403198,63628,63639,11
12.9872102737,80.2514724731,63639,63649,10
12.9874696732,80.2514038086,63649,63659,10
12.9878396988,80.2513198853,63659,63669,10
12.988530159,80.251159668,63669,63679,10
12.9895095825,80.2508926392,63679,63699,20
12.9895095825,80.2508926392,63699,63709,10
12.989859581,80.2508163452,63709,63719,10
12.9905900955,80.2506408691,63719,63729,10
12.9915704727,80.2503967285,63729,63740,11
12.9928998947,80.2500686646,63740,63750,10
12.9941501617,80.24974823,63750,63760,10
12.995300293,80.2494735718,63760,63770,10
12.996509552,80.2491531372,63770,63779,9
12.9976196289,80.2488632202,63779,63790,11
12.9984102249,80.2486419678,63790,63800,10
12.9986000061,80.248588562,63800,63810,10
12.999130249,80.2484664917,63810,63820,10
13.0000200272,80.248260498,63820,63830,10
13.0011396408,80.2480010986,63830,63841,11
13.0022802353,80.2477111816,63841,63851,10
13.0033102036,80.247543335,63851,63861,10
13.0045099258,80.2473831177,63861,63871,10
13.0054798126,80.2472000122,63871,63881,10
13.0060796738,80.2470016479,63881,63891,10
13.0064001083,80.2466583252,63891,63901,10
13.0065002441,80.2463989258,63901,63911,10
13.0065097809,80.2462692261,63911,63921,10
13.0065402985,80.2458877563,63921,63931,10
13.0065603256,80.2456130981,63931,63942,11
13.0065898895,80.2452163696,63942,63962,20
13.0065898895,80.2452163696,63962,63972,10
13.0065803528,80.2445983887,63972,63992,20
13.0065803528,80.2445983887,63992,64002,10
13.0066003799,80.2441329956,64002,64012,10
13.0065803528,80.2437210083,64012,64022,10
13.0065898895,80.2433319092,64022,64032,10
13.0066003799,80.2425765991,64032,64043,11
13.0065402985,80.2416000366,64043,64063,20
13.0065402985,80.2416000366,64063,64073,10
13.0065498352,80.2412185669,64073,64083,10
13.0065898895,80.2409973145,64083,64093,10
13.0066699982,80.2405319214,64093,64123,30
13.0066699982,80.2405319214,64123,64133,10
13.0067596436,80.2400665283,64133,64144,11
13.0069303513,80.2392501831,64144,64154,10
13.0070800781,80.2382583618,64154,64164,10
13.0072803497,80.2375030518,64164,64174,10
13.0073404312,80.2370605469,64174,64184,10
13.0073699951,80.2368927002,64184,64194,10
13.0074100494,80.2366409302,64194,64204,10
13.0075101852,80.2364273071,64204,64214,10
13.0076198578,80.2357711792,64214,64224,10
13.0076799393,80.2354736328,64224,64234,10
13.0077199936,80.2352981567,64234,64245,11
13.007809639,80.2348632813,64245,64255,10
13.0079803467,80.2341918945,64255,64265,10
13.0081501007,80.2331008911,64265,64275,10
13.0084104538,80.2319488525,64275,64285,10
13.0085897446,80.2306671143,64285,64295,10
13.0087795258,80.2297134399,64295,64305,10
13.0090703964,80.2284698486,64305,64315,10
13.0093803406,80.2276916504,64315,64325,10
13.0098199844,80.2267074585,64325,64335,10
13.0102796555,80.2258300781,64335,64346,11
13.0106897354,80.2248916626,64346,64356,10
13.0109395981,80.2244110107,64356,64366,10
13.0109901428,80.2242584229,64366,64376,10
13.0111598969,80.2238616943,64376,64386,10
13.0112800598,80.2234115601,64386,64396,10
13.0114603043,80.2230682373,64396,64412,16
13.0119800568,80.2216567993,64412,64424,12
13.0124101639,80.2216491699,64424,64432,8
13.0126495361,80.2220535278,64432,64444,12
13.013299942,80.2227172852,64444,64455,11
13.0138902664,80.2233810425,64455,64464,9
13.0142803192,80.2238464355,64464,64475,11
13.0151100159,80.2246704102,64475,64495,20
13.0151100159,80.2246704102,64495,64504,9
13.0152397156,80.2248535156,64504,64515,11
13.0154304504,80.2249603271,64515,64524,9
13.0155696869,80.2250671387,64524,64534,10
13.0156097412,80.2251434326,64534,64545,11
13.0160799026,80.2253723145,64545,64556,11
13.01679039,80.225227356,64556,64566,10
13.0172796249,80.2250518799,64566,64576,10
13.0180501938,80.2247390747,64576,64585,9
13.0187397003,80.2244720459,64585,64596,11
13.0196504593,80.2244720459,64596,64616,20
13.0196504593,80.2244720459,64616,64626,10
13.0199699402,80.2247161865,64626,64636,10
13.0205402374,80.2251434326,64636,64646,10
13.0211601257,80.2256164551,64646,64657,11
13.0219297409,80.2261962891,64657,64667,10
13.0224399567,80.2266235352,64667,64677,10
13.022480011,80.2266464233,64677,64687,10
13.0225496292,80.2267227173,64687,64697,10
13.0228900909,80.2270584106,64697,64707,10
13.0234003067,80.2275466919,64707,64716,9
13.0238704681,80.2279891968,64716,64727,11
13.0242595673,80.2283935547,64727,64737,10
13.0246601105,80.2289581299,64737,64747,10
13.0250101089,80.2294235229,64747,64757,10
13.025349617,80.2298583984,64757,64768,11
13.0256795883,80.2303771973,64768,64778,10
13.0258197784,80.2306594849,64778,64788,10
13.0258998871,80.2308883667,64788,64798,10
13.0259799957,80.2312164307,64798,64879,81
13.0259799957,80.2312164307,64879,64889,10
13.0261001587,80.2317123413,64889,64899,10
13.0262804031,80.2322616577,64899,64909,10
13.0264997482,80.2327423096,64909,64919,10
13.0265798569,80.2328872681,64919,64929,10
13.0267601013,80.2332229614,64929,64939,10
13.0270996094,80.2338180542,64939,64949,10
13.0274896622,80.2344894409,64949,64960,11
13.0279197693,80.2353210449,64960,64970,10
13.0286502838,80.2361831665,64970,64980,10
13.0292797089,80.2368392944,64980,64990,10
13.0295600891,80.237121582,64990,65000,10
13.0296201706,80.237197876,65000,65009,9
13.0298404694,80.2375335693,65009,65020,11
13.0302696228,80.23828125,65020,65030,10
13.0306596756,80.2389526367,65030,65040,10
13.0308504105,80.2392578125,65040,65050,10
13.0310001373,80.2395629883,65050,65061,11
13.0312299728,80.239982605,65061,65071,10
13.0314302444,80.2404098511,65071,65081,10
13.0315198898,80.2409667969,65081,65091,10
13.0317802429,80.2415008545,65091,65101,10
13.0320901871,80.2421188354,65101,65111,10
13.0326004028,80.24269104,65111,65121,10
13.0331096649,80.2434005737,65121,65131,10
13.0336198807,80.2440795898,65131,65141,10
13.0340795517,80.2447280884,65141,65151,10
13.0344600677,80.2452087402,65151,65162,11
13.0350704193,80.2459106445,65162,65202,40
13.0350704193,80.2459106445,65202,65212,10
13.0352897644,80.2460784912,65212,65222,10
13.0355701447,80.2461166382,65222,65252,30
13.0355701447,80.2461166382,65252,65263,11
13.0358200073,80.246307373,65263,65300,37
13.038860321,80.2468109131,65300,65394,94
13.038860321,80.2468109131,65394,65404,10
13.0392503738,80.2469100952,65404,65414,10
13.0397100449,80.2469863892,65414,65424,10
13.0404195786,80.2471084595,65424,65434,10
13.0409402847,80.2472229004,65434,65444,10
13.0417003632,80.2473602295,65444,65454,10
13.0421695709,80.2474975586,65454,65464,10
13.0428600311,80.2478027344,65464,65475,11
13.0438499451,80.2478637695,65475,65485,10
13.044549942,80.2479476929,65485,65495,10
13.0450801849,80.2481994629,65495,65505,10
13.0457897186,80.2484588623,65505,65515,10
13.0469198227,80.2484436035,65515,65535,20
13.0469198227,80.2484436035,65535,65545,10
13.0471200943,80.2484970093,65545,65555,10
13.0475597382,80.248878479,65555,65566,11
13.0481901169,80.2495117188,65566,65576,10
13.048789978,80.249710083,65576,65586,10
13.0495700836,80.2498168945,65586,65596,10
13.0504999161,80.2499923706,65596,65606,10
13.0513801575,80.2502212524,65606,65616,10
13.0522003174,80.2508621216,65616,65626,10
13.0527000427,80.2515487671,65626,65636,10
13.0532798767,80.2523117065,65636,65646,10
13.0538101196,80.253036499,65646,65656,10
13.0542001724,80.2535934448,65656,65666,10
13.0544595718,80.2539367676,65666,65677,11
13.0546398163,80.2541809082,65677,65693,16
13.0548601151,80.2544708252,65693,65706,13
13.0551204681,80.2548294067,65706,65716,10
13.0553703308,80.2552108765,65716,65725,9
13.0555095673,80.2554092407,65725,65736,11
13.0556402206,80.2555923462,65736,65746,10
13.0557899475,80.2557830811,65746,65756,10
13.0560798645,80.2561721802,65756,65766,10
13.0563097,80.256439209,65766,65777,11
13.0565795898,80.2567596436,65777,65786,9
13.0570402145,80.2571792603,65786,65797,11
13.0576400757,80.2576370239,65797,65807,10
13.0578298569,80.2578125,65807,65817,10
13.0581903458,80.2582778931,65817,65827,10
13.0585298538,80.2587203979,65827,65837,10
13.0589103699,80.2591400146,65837,65847,10
13.0591802597,80.2596206665,65847,65857,10
13.0594997406,80.2600479126,65857,65867,10
13.0598602295,80.2603225708,65867,65878,11
13.0602302551,80.2606964111,65878,65887,9
13.0604200363,80.260887146,65887,65898,11
13.060669899,80.2613372803,65898,65918,20
13.060669899,80.2613372803,65918,65928,10
13.0607099533,80.2615280151,65928,65938,10
13.0609998703,80.2618484497,65938,65948,10
13.0612897873,80.2621765137,65948,65958,10
13.0615196228,80.2623825073,65958,65968,10
13.0617904663,80.2627410889,65968,65979,11
13.062379837,80.2634811401,65979,65989,10
13.0628795624,80.2640533447,65989,65999,10
13.0633296967,80.2646026611,65999,66009,10
13.0637397766,80.2652664185,66009,66019,10
13.0639600754,80.2655563354,66019,66029,10
13.0641698837,80.265838623,66029,66039,10
13.0644598007,80.2661819458,66039,66049,10
13.064740181,80.2665405273,66049,66059,10
13.0648298264,80.2666702271,66059,66069,10
13.0650596619,80.2669525146,66069,66080,11
13.0655603409,80.267288208,66080,66090,10
13.0657997131,80.267578125,66090,66100,10
13.0657997131,80.2676467896,66100,66110,10
13.0660800934,80.2680435181,66110,66120,10
13.0665998459,80.2685012817,66120,66130,10
13.0671596527,80.2688293457,66130,66139,9
13.0677404404,80.2691879272,66139,66149,10
13.0682001114,80.2694473267,66149,66160,11
13.06828022,80.2697372437,66160,66170,10
13.0682096481,80.2702865601,66170,66181,11
13.0681400299,80.2710418701,66181,66191,10
13.0683097839,80.2715377808,66191,66201,10
13.068570137,80.2718505859,66201,66211,10
13.0692195892,80.2721786499,66211,66221,10
13.0697898865,80.2727890015,66221,66231,10
13.0703496933,80.2734222412,66231,66241,10
13.0707302094,80.2739715576,66241,66251,10
13.0710897446,80.2741012573,66251,66261,10
13.0711097717,80.2741012573,66261,66271,10
13.0715103149,80.274230957,66271,66332,61
13.0715103149,80.274230957,66332,66342,10
13.0717000961,80.2743377686,66342,66352,10
13.0720300674,80.2746429443,66352,66362,10
13.0725097656,80.2751693726,66362,66372,10
13.0730695724,80.2757720947,66372,66383,11
13.073679924,80.2763366699,66383,66393,10
13.0743598938,80.2763519287,66393,66403,10
13.0753002167,80.2762985229,66403,66413,10
13.0762395859,80.276260376,66413,66423,10
13.0770196915,80.2762298584,66423,66433,10
13.0777301788,80.2761764526,66433,66443,10
13.0781803131,80.2757034302,66443,66453,10
13.0786104202,80.275138855,66453,66463,10
13.0793199539,80.2752075195,66463,66473,10
13.080739975,80.2751617432,66473,66564,91
13.080739975,80.2751617432,66564,66574,10
13.0810499191,80.275100708,66574,66585,11
13.0813999176,80.275062561,66585,66595,10
13.0818996429,80.2753372192,66595,66645,50
13.0818996429,80.2753372192,66645,66655,10
13.0819702148,80.275718689,66655,67595,940
13.0819702148,80.275718689,67595,67605,10
13.0819101334,80.2759780884,67605,67615,10
13.0818395615,80.2761611938,67615,67625,10
13.0818996429,80.2767791748,67625,67635,10
13.0819797516,80.2776107788,67635,67645,10
13.0820798874,80.2780532837,67645,67654,9
13.0824098587,80.2780227661,67654,67664,10
13.0829801559,80.2780075073,67664,67675,11
13.0832595825,80.2780380249,67675,67685,10
13.083439827,80.2784118652,67685,67696,11
13.0834798813,80.2789382935,67696,67706,10
13.0831003189,80.2788391113,67706,67716,10
13.0826196671,80.2786636353,67716,67726,10
13.0825395584,80.2786331177,67726,67736,10
13.082400322,80.2785797119,67736,67746,10
13.0820398331,80.278427124,67746,67756,10
13.081870079,80.2780532837,67756,67766,10
13.0817699432,80.2774810791,67766,67776,10
13.0816001892,80.2764587402,67776,67797,21
13.0816001892,80.2762298584,67797,67817,20
13.0816001892,80.2762298584,67817,67827,10
13.0815496445,80.2760162354,67827,67837,10
13.081489563,80.2757797241,67837,67847,10
13.0814599991,80.2755813599,67847,67857,10
13.0814399719,80.2754821777,67857,67867,10
13.0813903809,80.2752685547,67867,67877,10
13.0812196732,80.275138855,67877,67887,10
13.0806903839,80.2751998901,67887,67897,10
13.0799503326,80.2752838135,67897,67907,10
13.0791702271,80.2752075195,67907,67918,11
13.0783500671,80.2753219604,67918,67928,10
13.0780801773,80.2760314941,67928,67938,10
13.0773801804,80.2761993408,67938,67948,10
13.0766296387,80.2762374878,67948,67959,11
13.0759000778,80.2762832642,67959,67969,10
13.0749597549,80.2763214111,67969,67979,10
13.074139595,80.2763214111,67979,68010,31
13.074139595,80.2763214111,68010,68020,10
13.0738801956,80.2763671875,68020,68030,10
13.0734596252,80.2763366699,68030,68040,10
13.0729703903,80.2758026123,68040,68050,10
13.0723800659,80.275138855,68050,68060,10
13.0717401505,80.2745437622,68060,68070,10
13.0711698532,80.2743835449,68070,68080,10
13.0710802078,80.2744216919,68080,68090,10
13.070980072,80.2744293213,68090,68101,11
13.0707702637,80.2742614746,68101,68111,10
13.0706396103,80.2741165161,68111,68121,10
13.0705099106,80.2738418579,68121,68131,10
13.0702896118,80.2734603882,68131,68141,10
13.0699195862,80.2729873657,68141,68151,10
13.0694198608,80.2724761963,68151,68161,10
13.0687398911,80.2719497681,68161,68212,51
13.0687398911,80.2719497681,68212,68222,10
13.0684700012,80.2719116211,68222,68232,10
13.0681600571,80.2716217041,68232,68242,10
13.0680198669,80.2712478638,68242,68252,10
13.0675697327,80.2706985474,68252,68261,9
13.0670604706,80.2702178955,68261,68271,10
13.0667695999,80.2699279785,68271,68282,11
13.0665197372,80.2695999146,68282,68292,10
13.0664100647,80.2693023682,68292,68323,31
13.0664100647,80.2693023682,68323,68333,10
13.0663404465,80.2688827515,68333,68343,10
13.0662899017,80.2685012817,68343,68353,10
13.0661096573,80.2681808472,68353,68363,10
13.0656900406,80.2677230835,68363,68434,71
13.0656900406,80.2677230835,68434,68444,10
13.0652103424,80.2675704956,68444,68454,10
13.0649299622,80.2675170898,68454,68464,10
13.0644798279,80.2674407959,68464,68474,10
13.0640497208,80.2673416138,68474,68484,10
13.0635700226,80.2672576904,68484,68494,10
13.0631103516,80.2671966553,68494,68505,11
13.0625896454,80.2669906616,68505,68515,10
13.0621595383,80.2665100098,68515,68525,10
13.0617599487,80.2660217285,68525,68535,10
13.0613698959,80.2655334473,68535,68545,10
13.0610599518,80.2651901245,68545,68555,10
13.0606203079,80.2652587891,68555,68565,10
13.0604896545,80.26537323,68565,68575,10
13.0603504181,80.2654418945,68575,68585,10
13.0600404739,80.2655181885,68585,68595,10
13.059510231,80.2655105591,68595,68606,11
13.0591402054,80.2654418945,68606,68636,30
13.0591402054,80.2654418945,68636,68646,10
13.0587301254,80.265411377,68646,68656,10
13.0584201813,80.2653427124,68656,68666,10
13.0580396652,80.2650299072,68666,68676,10
13.057970047,80.2645797729,68676,68686,10
13.0579500198,80.2643508911,68686,68696,10
13.0579004288,80.2640228271,68696,68706,10
13.0578203201,80.2634963989,68706,68717,11
13.0577201843,80.2627105713,68717,68727,10
13.0576400757,80.2621002197,68727,68737,10
13.0575199127,80.2614135742,68737,68747,10
13.057390213,80.2607803345,68747,68757,10
13.0571603775,80.259979248,68757,68767,10
13.0569696426,80.2592926025,68767,68777,10
13.0568399429,80.2588577271,68777,68787,10
13.0567798615,80.2586593628,68787,68797,10
13.0566596985,80.2583236694,68797,68807,10
13.0566396713,80.258140564,68807,68818,11
13.0565500259,80.2577209473,68818,68828,10
13.0564804077,80.2573471069,68828,68875,47
13.0564804077,80.2573471069,68875,68886,11
13.0563201904,80.2568283081,68886,68896,10
13.0562696457,80.2564697266,68896,68906,10
13.056139946,80.2561721802,68906,68917,11
13.0558004379,80.2557220459,68917,68927,10
13.0553703308,80.2551574707,68927,68937,10
13.054889679,80.2544937134,68937,68947,10
13.0543699265,80.2538528442,68947,68957,10
13.0540895462,80.2534713745,68957,68967,10
13.0539999008,80.2533569336,68967,68977,10
13.0538196564,80.2531204224,68977,68987,10
13.0535001755,80.2526626587,68987,68997,10
13.0531396866,80.2521591187,68997,69007,10
13.0527801514,80.251701355,69007,69018,11
13.0525598526,80.2514190674,69018,69028,10
13.0523796082,80.2511901855,69028,69038,10
13.052069664,80.2507781982,69038,69048,10
13.0513801575,80.2501907349,69048,69058,10
13.0504102707,80.2499237061,69058,69068,10
13.0495004654,80.2497787476,69068,69078,10
13.0488300323,80.2497406006,69078,69088,10
13.0486898422,80.249710083,69088,69098,10
13.0484600067,80.2496185303,69098,69108,10
13.0480804443,80.2493362427,69108,69119,11
13.0473604202,80.2487564087,69119,69129,10
13.0468997955,80.248588562,69129,69139,10
13.0468902588,80.248588562,69139,69149,10
13.0465602875,80.2485580444,69149,69159,10
13.045999527,80.2484664917,69159,69168,9
13.0457201004,80.2483825684,69168,69179,11
13.0454797745,80.2482223511,69179,69189,10
13.04529953,80.2481613159,69189,69199,10
13.0451402664,80.2481307983,69199,69209,10
13.0448904037,80.2480773926,69209,69220,11
13.0445699692,80.2480316162,69220,69230,10
13.0443696976,80.2480010986,69230,69240,10
13.0442199707,80.2479782104,69240,69250,10
13.0439996719,80.2479629517,69250,69259,9
13.0437698364,80.2479171753,69259,69270,11
13.0435600281,80.2478485107,69270,69280,10
13.0430803299,80.2478103638,69280,69290,10
13.0424995422,80.2476577759,69290,69300,10
13.0419101715,80.247543335,69300,69310,10
13.0412197113,80.2473526001,69310,69321,11
13.0401802063,80.2471466064,69321,69331,10
13.0394096375,80.2470016479,69331,69341,10
13.0387897491,80.246887207,69341,69351,10
13.0383901596,80.2467803955,69351,69361,10
13.0382099152,80.2467422485,69361,69371,10
13.0377702713,80.2466506958,69371,69381,10
13.0372400284,80.2465591431,69381,69391,10
13.0370197296,80.2465209961,69391,69401,10
13.036860466,80.2464828491,69401,69411,10
13.0364704132,80.2464065552,69411,69421,10
13.0359601974,80.2463226318,69421,69432,11
13.0354499817,80.24609375,69432,69442,10
13.0353603363,80.2460479736,69442,69452,10
13.0352296829,80.2459793091,69452,69462,10
13.0349197388,80.2458267212,69462,69472,10
13.0346403122,80.2454376221,69472,69482,10
13.0343103409,80.245010376,69482,69492,10
13.0338802338,80.2445297241,69492,69502,10
13.0334501266,80.2440109253,69502,69512,10
13.0330295563,80.2434234619,69512,69522,10
13.0326700211,80.2429275513,69522,69533,11
13.0323495865,80.2425231934,69533,69543,10
13.0323295593,80.2424926758,69543,69553,10
13.0320796967,80.2421875,69553,69563,10
13.0319595337,80.2419509888,69563,69573,10
13.0317697525,80.2415237427,69573,69583,10
13.0316095352,80.2410430908,69583,69634,51
13.031419754,80.2407913208,69634,69674,40
13.031419754,80.2407913208,69674,69684,10
13.0313901901,80.2407302856,69684,69694,10
13.0312004089,80.2403488159,69694,69704,10
13.0310497284,80.2399902344,69704,69714,10
13.0307598114,80.2393569946,69714,69724,10
13.0303497314,80.2385864258,69724,69735,11
13.029800415,80.2376937866,69735,69745,10
13.0292797089,80.2369918823,69745,69755,10
13.0288200378,80.2364807129,69755,69765,10
13.0281496048,80.2357711792,69765,69775,10
13.0275602341,80.23487854,69775,69785,10
13.0270004272,80.2339096069,69785,69795,10
13.0265302658,80.2332229614,69795,69805,10
13.0262298584,80.2325134277,69805,69815,10
13.0261201859,80.232131958,69815,69825,10
13.0261201859,80.2320404053,69825,69836,11
13.02602005,80.2316970825,69836,69846,10
13.0259599686,80.2314376831,69846,69866,20
13.0259599686,80.2314376831,69866,69876,10
13.0259199142,80.2310791016,69876,69886,10
13.0256500244,80.230430603,69886,69896,10
13.0250396729,80.2295684814,69896,69912,16
13.0241498947,80.2284469604,69912,69924,12
13.0237102509,80.2279510498,69924,69932,8
13.0235004425,80.2277374268,69932,69944,12
13.0233602524,80.2276000977,69944,69955,11
13.0232696533,80.2275314331,69955,69965,10
13.0230398178,80.2272796631,69965,69975,10
13.0225000381,80.2267684937,69975,69985,10
13.0217599869,80.2261428833,69985,69995,10
13.0210199356,80.2255630493,69995,70004,9
13.0203695297,80.2250900269,70004,70014,10
13.0196695328,80.224609375,70014,70025,11
13.0185804367,80.2245101929,70025,70036,11
13.0175304413,80.2249603271,70036,70046,10
13.01679039,80.2252807617,70046,70056,10
13.0164699554,80.2254180908,70056,70066,10
13.0162296295,80.2255096436,70066,70076,10
13.015709877,80.2257003784,70076,70086,10
13.0151395798,80.2259292603,70086,70096,10
13.0146903992,80.2261199951,70096,70106,10
13.0144195557,80.2262496948,70106,70116,10
13.014380455,80.2262573242,70116,70126,10
13.0135498047,80.2265777588,70126,70137,11
13.0135498047,80.2265777588,70137,70147,10
13.0128898621,80.226852417,70147,70157,10
13.012140274,80.2271499634,70157,70167,10
13.0112600327,80.2275085449,70167,70177,10
13.0103702545,80.2278213501,70177,70187,10
13.0095100403,80.2281494141,70187,70198,11
13.0090703964,80.2288818359,70198,70209,11
13.0088701248,80.2299118042,70209,70219,10
13.008649826,80.2309265137,70219,70229,10
13.0084400177,80.2320022583,70229,70240,11
13.0082397461,80.2330780029,70240,70250,10
13.0082197189,80.2335968018,70250,70269,19
13.0082197189,80.2335968018,70269,70280,11
13.0081996918,80.2336730957,70280,70290,10
13.008190155,80.2336807251,70290,70300,10
13.0080900192,80.2340927124,70300,70310,10
13.0080604553,80.2342224121,70310,70320,10
13.0080299377,80.2343597412,70320,70330,10
13.0079498291,80.2347793579,70330,70341,11
13.0079097748,80.2350234985,70341,70351,10
13.0078697205,80.2351989746,70351,70361,10
13.0078496933,80.2352828979,70361,70371,10
13.0078201294,80.2354278564,70371,70381,10
13.0078001022,80.2355575562,70381,70391,10
13.0077295303,80.2358627319,70391,70401,10
13.0076599121,80.2362213135,70401,70411,10
13.0075902939,80.2365112305,70411,70421,10
13.0074796677,80.2370300293,70421,70462,41
13.0074796677,80.2370300293,70462,70472,10
13.0073795319,80.2375030518,70472,70482,10
13.0073003769,80.2379302979,70482,70492,10
13.0071601868,80.2386932373,70492,70755,263
13.0071601868,80.2386932373,70755,70765,10
13.0070896149,80.2391586304,70765,70775,10
13.0068998337,80.2400817871,70775,70876,101
13.0070800781,80.2402191162,70876,70936,60
13.0070800781,80.2402191162,70936,70947,11
13.0068397522,80.240852356,70947,70957,10
13.0067596436,80.2416992188,70957,70967,10
13.0067195892,80.2424621582,70967,70977,10
13.0066900253,80.2429428101,70977,70987,10
13.0066795349,80.2431869507,70987,70997,10
13.0066604614,80.2434616089,70997,71007,10
13.0066604614,80.243850708,71007,71017,10
13.0066699982,80.2443771362,71017,71027,10
13.0066795349,80.2447891235,71027,71058,31
13.0066900253,80.2451782227,71058,71108,50
13.0066900253,80.2451782227,71108,71118,10
13.0067100525,80.2456512451,71118,71128,10
13.0067300797,80.2459869385,71128,71138,10
13.0067300797,80.2463531494,71138,71149,11
13.0067195892,80.2468032837,71149,71159,10
13.0065002441,80.2473068237,71159,71169,10
13.0058403015,80.2473526001,71169,71189,20
13.0058403015,80.2473526001,71189,71199,10
13.0057296753,80.2473373413,71199,71209,10
13.0054197311,80.2473373413,71209,71219,10
13.0047397614,80.2473526001,71219,71229,10
13.0038204193,80.247467041,71229,71239,10
13.0027399063,80.2476425171,71239,71249,10
13.0017995834,80.2478637695,71249,71260,11
13.0006399155,80.2481613159,71260,71270,10
12.9994697571,80.2484512329,71270,71280,10
12.9982004166,80.2487792969,71280,71290,10
12.9968700409,80.2491073608,71290,71300,10
12.9954795837,80.24949646,71300,71310,10
12.9940500259,80.2498779297,71310,71320,10
12.9927797318,80.2501678467,71320,71330,10
12.9916601181,80.2504501343,71330,71340,10
12.9909696579,80.2506408691,71340,71349,9
12.9907302856,80.2507171631,71349,71361,12
12.9905996323,80.2507629395,71361,71371,10
12.9901103973,80.2508926392,71371,71381,10
12.9893398285,80.251083374,71381,71583,202
12.9893398285,80.251083374,71583,71593,10
12.9891300201,80.2510681152,71593,71603,10
12.9888801575,80.2511291504,71603,71613,10
12.9884996414,80.2512283325,71613,71623,10
12.9880599976,80.251373291,71623,71633,10
12.9877700806,80.251449585,71633,71643,10
12.9876003265,80.2514801025,71643,71653,10
12.987279892,80.2515563965,71653,71664,11
12.9868202209,80.2516937256,71664,71673,9
12.9863996506,80.2517929077,71673,71684,11
12.9858398438,80.2519378662,71684,71694,10
12.9848899841,80.2521820068,71694,71704,10
12.9840297699,80.2524108887,71704,71714,10
12.9831104279,80.2526168823,71714,71724,10
12.9821796417,80.2526702881,71724,71734,10
12.9814195633,80.2526779175,71734,71744,10
12.981010437,80.2527008057,71744,71754,10
12.9809904099,80.2527008057,71754,71765,11
12.9807395935,80.2527389526,71765,71805,40
12.9807395935,80.2527389526,71805,71815,10
12.9801998138,80.252822876,71815,71825,10
12.9796800613,80.252746582,71825,71835,10
12.9789600372,80.2526779175,71835,71845,10
12.9784498215,80.2525405884,71845,71855,10
12.9784402847,80.252532959,71855,71866,11
12.9781999588,80.2523117065,71866,71876,10
12.9776496887,80.2518005371,71876,71886,10
12.9768104553,80.2513122559,71886,71896,10
12.9757204056,80.2509918213,71896,71906,10
12.9745502472,80.2506637573,71906,71916,10
12.9734802246,80.2503585815,71916,71926,10
12.9724903107,80.2500991821,71926,71936,10
12.9715204239,80.2498397827,71936,71946,10
12.9708499908,80.2496566772,71946,71956,10
12.9701900482,80.2494430542,71956,71967,11
12.969209671,80.2490615845,71967,71977,10
12.9682197571,80.2486572266,71977,71987,10
12.9673500061,80.2483215332,71987,71997,10
12.966919899,80.2481079102,71997,72007,10
12.9666795731,80.2479782104,72007,72017,10
12.966219902,80.2477798462,72017,72027,10
12.9655504227,80.2475204468,72027,72037,10
12.9648599625,80.2473220825,72037,72057,20
12.9648599625,80.2473220825,72057,72068,11
12.9645004272,80.247177124,72068,72078,10
12.9641199112,80.2470321655,72078,72088,10
12.9638795853,80.2469482422,72088,72098,10
12.9636802673,80.2468719482,72098,72108,10
12.9633302689,80.2466812134,72108,72118,10
12.9626903534,80.246383667,72118,72128,10
12.9620103836,80.2460403442,72128,72138,10
12.961230278,80.2456512451,72138,72148,10
12.9603996277,80.245262146,72148,72158,10
12.9597301483,80.2449569702,72158,72169,11
12.9591598511,80.244720459,72169,72318,149
12.9591598511,80.244720459,72318,72328,10
12.9590101242,80.2446975708,72328,72338,10
12.9586000443,80.2444915771,72338,72348,10
12.9580097198,80.2442398071,72348,72358,10
12.9574403763,80.2440338135,72358,72369,11
12.9564800262,80.2437210083,72369,72439,70
12.9564800262,80.2437210083,72439,72449,10
12.9561395645,80.2435836792,72449,72459,10
12.9555397034,80.243270874,72459,72470,11
12.9546499252,80.2428512573,72470,72480,10
12.954000473,80.2425765991,72480,72490,10
12.9536800385,80.2424163818,72490,72500,10
12.9532003403,80.2422332764,72500,72510,10
12.9524202347,80.2419281006,72510,72520,10
12.9515695572,80.2416610718,72520,72530,10
12.9514503479,80.2416229248,72530,72540,10
12.9512796402,80.2415618896,72540,72550,10
12.9506902695,80.2413864136,72550,72560,10
12.9499197006,80.2411575317,72560,72571,11
12.9495201111,80.241027832,72571,72581,10
12.9494400024,80.2409973145,72581,72591,10
12.949259758,80.2409362793,72591,72601,10
12.9491596222,80.2409133911,72601,72611,10
12.9487695694,80.2407302856,72611,72621,10
12.9480895996,80.2404327393,72621,72631,10
12.9472999573,80.2400894165,72631,72641,10
12.9466199875,80.2398529053,72641,72651,10
12.9464998245,80.2397994995,72651,72661,10
12.9463100433,80.2397079468,72661,72672,11
12.9456796646,80.2394180298,72672,72682,10
12.9449901581,80.2388916016,72682,72692,10
12.9442501068,80.2380981445,72692,72702,10
12.9435195923,80.2373504639,72702,72712,10
12.9426603317,80.2366333008,72712,72722,10
12.9414796829,80.2362594604,72722,72732,10
12.9403495789,80.2359771729,72732,72742,10
12.9396400452,80.2357330322,72742,72752,10
12.9394397736,80.2356567383,72752,72762,10
12.9392795563,80.2355575562,72762,72772,10
12.9388504028,80.2352905273,72772,72783,11
12.9380197525,80.2348937988,72783,72793,10
12.937040329,80.2344284058,72793,72803,10
12.9358701706,80.2339019775,72803,72823,20
12.9358701706,80.2339019775,72823,72833,10
12.935379982,80.2336883545,72833,72843,10
12.934510231,80.233291626,72843,72853,10
12.9338598251,80.2329406738,72853,72863,10
12.933719635,80.2329025269,72863,72873,10
12.9335603714,80.2328720093,72873,72884,11
12.9332304001,80.2326965332,72884,72900,16
12.9322004318,80.2322998047,72900,72912,12
12.9311304092,80.231918335,72912,72922,10
12.9302396774,80.2316665649,72922,72932,10
12.9292201996,80.2314682007,72932,72941,9
12.9289999008,80.2314224243,72941,72952,11
12.9289798737,80.2314224243,72952,72963,11
12.9285202026,80.2313079834,72963,72973,10
12.9277496338,80.2312011719,72973,72984,11
12.9266395569,80.2310714722,72984,72994,10
12.9258804321,80.231010437,72994,73004,10
12.9255895615,80.2309799194,73004,73014,10
12.925160408,80.2309188843,73014,73024,10
12.9243898392,80.2308197021,73024,73034,10
12.9233999252,80.2306671143,73034,73044,10
12.9221897125,80.2304763794,73044,73054,10
12.9209098816,80.2303009033,73054,73064,10
12.9195899963,80.2301330566,73064,73074,10
12.918299675,80.2299575806,73074,73085,11
12.917090416,80.2297973633,73085,73095,10
12.9160499573,80.2296600342,73095,73105,10
12.9149999619,80.2295227051,73105,73115,10
12.9142799377,80.2294311523,73115,73125,10
12.9138002396,80.2293624878,73125,73135,10
12.9129400253,80.2292480469,73135,73155,20
12.9129400253,80.2292480469,73155,73165,10
12.9126596451,80.2292175293,73165,73175,10
12.91203022,80.2291183472,73175,73192,17
12.9104604721,80.2288818359,73192,73204,12
12.9092798233,80.2286911011,73204,73214,10
12.9084701538,80.2285614014,73214,73224,10
12.9073495865,80.2283935547,73224,73316,92
12.9073495865,80.2283935547,73316,73326,10
12.9072399139,80.2284164429,73326,73335,9
12.9069595337,80.2283935547,73335,73346,11
12.9065599442,80.2283172607,73346,73356,10
12.9061498642,80.2282409668,73356,73366,10
12.9055204391,80.2282028198,73366,73376,10
12.904589653,80.2281494141,73376,73387,11
12.9034700394,80.2281112671,73387,73397,10
12.9024600983,80.2280731201,73397,73407,10
12.9017896652,80.2280426025,73407,73417,10
12.9013004303,80.2280197144,73417,73427,10
12.9007997513,80.2279586792,73427,73437,10
12.9000997543,80.2279205322,73437,73447,10
12.8995599747,80.2278823853,73447,73457,10
12.8988895416,80.227897644,73457,73477,20
12.8988895416,80.227897644,73477,73488,11
12.8985595703,80.2278671265,73488,73498,10
12.8979902267,80.2277984619,73498,73508,10
12.8971996307,80.2277526855,73508,73518,10
12.896229744,80.2277069092,73518,73528,10
12.8951997757,80.2276763916,73528,73538,10
12.8941402435,80.2276382446,73538,73548,10
12.8932199478,80.2275314331,73548,73558,10
12.8925695419,80.2274475098,73558,73568,10
12.8920297623,80.2274017334,73568,73578,10
12.8912696838,80.2273864746,73578,73589,11
12.8902597427,80.2273788452,73589,73599,10
12.8892803192,80.2274017334,73599,73609,10
12.8882102966,80.2273483276,73609,73619,10
12.887140274,80.2272109985,73619,73629,10
12.88601017,80.2269363403,73629,73639,10
12.8851604462,80.2267608643,73639,73649,10
12.8846902847,80.2267379761,73649,73659,10
12.88463974,80.2267303467,73659,73669,10
12.8841600418,80.2267227173,73669,73679,10
12.8833198547,80.2267379761,73679,73690,11
12.882229805,80.2267303467,73690,73700,10
12.8810901642,80.2267532349,73700,73710,10
12.8798599243,80.2267608643,73710,73720,10
12.8786697388,80.2268218994,73720,73730,10
12.877579689,80.2268981934,73730,73740,10
12.8765802383,80.2269973755,73740,73760,20
12.8765802383,80.2269973755,73760,73770,10
12.8762598038,80.2269973755,73770,73780,10
12.8755702972,80.2269821167,73780,73791,11
12.8746004105,80.2268600464,73791,73801,10
12.8735904694,80.2267379761,73801,73811,10
12.8728103638,80.2267074585,73811,73821,10
12.8723402023,80.2267303467,73821,73831,10
12.8723096848,80.2267303467,73831,73841,10
12.8719902039,80.2267379761,73841,73851,10
12.8714799881,80.2266998291,73851,73861,10
12.870759964,80.2266464233,73861,73871,10
12.8697900772,80.2265472412,73871,73881,10
12.8686304092,80.2264099121,73881,73891,10
12.8673200607,80.2264709473,73891,73902,11
12.8657798767,80.226600647,73902,73912,10
12.8642501831,80.2265701294,73912,73932,20
12.8615503311,80.226600647,73932,73944,12
12.8608598709,80.2266082764,73944,73952,8
12.860619545,80.2265777588,73952,73964,12
12.8597002029,80.2264480591,73964,73974,10
12.8587799072,80.2263031006,73974,73984,10
12.857749939,80.2262420654,73984,73995,11
12.8563203812,80.2263717651,73995,74005,10
12.8549499512,80.2265090942,74005,74015,10
12.8536596298,80.2266387939,74015,74025,10
12.852350235,80.2266616821,74025,74035,10
12.8513402939,80.2266387939,74035,74045,10
12.8505401611,80.2266387939,74045,74055,10
12.8501300812,80.2266464233,74055,74065,10
12.8500003815,80.2266616821,74065,74075,10
12.8494195938,80.2266387939,74075,74085,10
12.8486404419,80.2266235352,74085,74096,11
12.8475704193,80.2266235352,74096,74106,10
12.8465595245,80.2266311646,74106,74116,10
12.8457403183,80.2266235352,74116,74126,10
12.8451499939,80.2266616821,74126,74136,10
12.8450603485,80.2266769409,74136,74146,10
12.8448896408,80.2266998291,74146,74156,10
12.8443698883,80.2267379761,74156,74166,10
12.8434200287,80.2268295288,74166,74176,10
12.8423299789,80.2270278931,74176,74186,10
12.8411598206,80.2273178101,74186,74197,11
12.8402099609,80.2276229858,74197,74207,10
12.8397798538,80.2277679443,74207,74217,10
12.8395996094,80.2278213501,74217,74227,10
12.8390102386,80.2279205322,74227,74237,10
12.8381099701,80.2281265259,74237,74247,10
12.8369503021,80.2283401489,74247,74257,10
12.8356399536,80.2285308838,74257,74267,10
12.8342695236,80.2287521362,74267,74277,10
12.8324203491,80.2291183472,74277,74368,91
12.8324203491,80.2291183472,74368,74378,10
12.8321399689,80.2291564941,74378,74388,10
12.8315401077,80.2292785645,74388,74398,10
12.831029892,80.2294387817,74398,74409,11
12.8302202225,80.2297515869,74409,74419,10
12.8293504715,80.2300872803,74419,74429,10
12.8284397125,80.2305603027,74429,74439,10
12.8274898529,80.2310791016,74439,74449,10
12.8264198303,80.2313766479,74449,74459,10
12.8252496719,80.2314376831,74459,74469,10
12.8241596222,80.2312774658,74469,74479,10
12.8231296539,80.2309570313,74479,74489,10
12.8221502304,80.2306594849,74489,74499,10
12.8212795258,80.2304992676,74499,74510,11
12.8202295303,80.2304916382,74510,74520,10
12.8193302155,80.2304992676,74520,74530,10
12.8188695908,80.2304916382,74530,74540,10
12.8188199997,80.2304763794,74540,74550,10
12.8183803558,80.2302627563,74550,74560,10
12.8175802231,80.229888916,74560,74570,10
12.8165302277,80.2295379639,74570,74580,10
12.8152599335,80.2293395996,74580,74590,10
12.8140201569,80.2291183472,74590,74600,10
12.8130903244,80.228843689,74600,74611,11
12.811920166,80.2284164429,74611,74621,10
12.8108701706,80.2280197144,74621,74631,10
12.8098201752,80.2275772095,74631,74641,10
12.8088598251,80.2270202637,74641,74651,10
12.8080101013,80.22631073,74651,74661,10
12.8072500229,80.2256622314,74661,74677,16
12.8062496185,80.2247619629,74677,74689,12
12.8055095673,80.2241821289,74689,74697,8
12.8050203323,80.2240524292,74697,74710,13
12.8049201965,80.224029541,74710,74719,9
12.8047399521,80.2239837646,74719,74730,11
12.8040704727,80.2239227295,74730,74740,10
12.8032999039,80.2238693237,74740,74750,10
12.802359581,80.223739624,74750,74759,9
12.8015203476,80.2236633301,74759,74770,11
12.8009195328,80.2236404419,74770,74780,10
12.8008003235,80.2236175537,74780,74790,10
12.8002004623,80.2235565186,74790,74800,10
12.7994003296,80.223487854,74800,74811,11
12.7981901169,80.2233734131,74811,74821,10
12.7969799042,80.2231674194,74821,74831,10
12.7960996628,80.2230224609,74831,74841,10
12.795800209,80.2229614258,74841,74851,10
12.7956800461,80.2229385376,74851,74861,10
12.7950296402,80.2228164673,74861,74871,10
12.7939901352,80.2226409912,74871,74881,10
12.7928199768,80.2224731445,74881,74891,10
12.7916402817,80.2221984863,74891,74901,10
12.7905797958,80.2219314575,74901,74912,11
12.7896699905,80.2216796875,74912,74922,10
12.7890996933,80.2214889526,74922,74932,10
12.7884197235,80.2212219238,74932,74942,10
12.7879400253,80.2210388184,74942,74952,10
12.7875299454,80.2208786011,74952,74962,10
12.787150383,80.2207336426,74962,74982,20
12.787150383,80.2207336426,74982,74992,10
12.7867202759,80.2205581665,74992,75002,10
12.7863502502,80.2204208374,75002,75013,11
12.7861995697,80.2207107544,75013,75033,20
12.7861995697,80.2207107544,75033,75043,10
12.7861995697,80.2209320068,75043,75053,10
12.7861995697,80.2209777832,75053,75063,10
12.7862300873,80.2210769653,75063,75073,10
12.7862300873,80.2213363647,75073,75083,10
12.7862997055,80.2218017578,75083,75093,10
12.7863197327,80.2220611572,75093,75164,71
12.7862300873,80.2219772339,75164,75740,576
12.7862300873,80.2219772339,75740,75750,10
12.7862100601,80.2217712402,75750,75760,10
12.786190033,80.2214431763,75760,75770,10
12.7861499786,80.2212600708,75770,75780,10
12.7861795425,80.2209777832,75780,75790,10
12.7861700058,80.2205810547,75790,75800,10
12.7861795425,80.2204818726,75800,75810,10
12.7862100601,80.2203826904,75810,75821,11
12.7864198685,80.2203903198,75821,75831,10
12.7864999771,80.2204208374,75831,75841,10
12.7866897583,80.220489502,75841,75851,10
12.7871599197,80.2206802368,75851,75861,10
12.7878303528,80.2209320068,75861,75871,10
12.7885503769,80.2211990356,75871,75881,10
12.7893400192,80.221496582,75881,75891,10
12.7900104523,80.2217330933,75891,75901,10
12.7908496857,80.2219467163,75901,75911,10
12.7918395996,80.2221984863,75911,75922,11
12.7930603027,80.2224502563,75922,75932,10
12.7941999435,80.2226409912,75932,75942,10
12.7952299118,80.2228088379,75942,75952,10
12.7962198257,80.2229690552,75952,75962,10
12.7971897125,80.2231521606,75962,75972,10
12.7981395721,80.2232971191,75972,75982,10
12.7990598679,80.2233886719,75982,75992,10
12.8000001907,80.2234573364,75992,76002,10
12.800909996,80.2235488892,76002,76012,10
12.801779747,80.2236480713,76012,76023,11
12.8026199341,80.2237625122,76023,76033,10
12.8031597137,80.2238311768,76033,76043,10
12.8038196564,80.2238922119,76043,76053,10
12.8044996262,80.2239379883,76053,76063,10
12.8050899506,80.2240524292,76063,76073,10
12.8055295944,80.2242126465,76073,76083,10
12.8057203293,80.224319458,76083,76093,10
12.8060998917,80.2246627808,76093,76103,10
12.8066596985,80.2251586914,76103,76113,10
12.80727005,80.225692749,76113,76124,11
12.807970047,80.2262878418,76124,76134,10
12.8086500168,80.2268676758,76134,76144,10
12.8093900681,80.2274169922,76144,76154,10
12.810259819,80.2278137207,76154,76164,10
12.8111600876,80.228187561,76164,76174,10
12.8120498657,80.2285079956,76174,76184,10
12.8129501343,80.228843689,76184,76194,10
12.8137798309,80.2291107178,76194,76204,10
12.8146095276,80.2292861938,76204,76214,10
12.8155298233,80.2294235229,76214,76225,11
12.8165597916,80.229598999,76225,76235,10
12.8174200058,80.229850769,76235,76245,10
12.8182201385,80.23021698,76245,76255,10
12.8189296722,80.2305221558,76255,76265,10
12.8197002411,80.2305374146,76265,76275,10
12.8204402924,80.2305221558,76275,76285,10
12.8212795258,80.2305221558,76285,76295,10
12.8221197128,80.2306594849,76295,76305,10
12.8229904175,80.2309417725,76305,76315,10
12.8238601685,80.2311706543,76315,76326,11
12.8246202469,80.2313690186,76326,76336,10
12.8254203796,80.2314300537,76336,76346,10
12.8261203766,80.2313919067,76346,76356,10
12.8266296387,80.2313308716,76356,76366,10
12.8272304535,80.2311325073,76366,76376,10
12.8278102875,80.230796814,76376,76386,10
12.8280496597,80.2306594849,76386,76396,10
12.8283395767,80.2304916382,76396,76406,10
12.8288097382,80.2302474976,76406,76416,10
12.8294801712,80.2299804688,76416,76427,11
12.830280304,80.2296676636,76427,76437,10
12.8308200836,80.2294616699,76437,76447,10
12.8308801651,80.2294311523,76447,76457,10
12.8313102722,80.2292785645,76457,76467,10
12.8319597244,80.2291183472,76467,76477,10
12.8326702118,80.2289886475,76477,76487,10
12.8334999084,80.2288284302,76487,76497,10
12.8344497681,80.2286682129,76497,76507,10
12.835439682,80.2285003662,76507,76517,10
12.8364601135,80.2283401489,76517,76528,11
12.8375501633,80.2281723022,76528,76538,10
12.838350296,80.2279891968,76538,76548,10
12.8387298584,80.2278900146,76548,76558,10
12.8387699127,80.2278823853,76558,76568,10
12.8389396667,80.2278671265,76568,76578,10
12.8391399384,80.2278823853,76578,76588,10
12.8391599655,80.2278823853,76588,76598,10
12.8393001556,80.2278366089,76598,76608,10
12.8394699097,80.2277832031,76608,76618,10
12.8396997452,80.227722168,76618,76628,10
12.8400402069,80.2275772095,76628,76639,11
12.8404397964,80.2274627686,76639,76649,10
12.8410997391,80.2272796631,76649,76659,10
12.8418703079,80.2271118164,76659,76669,10
12.8425998688,80.2269363403,76669,76679,10
12.8434095383,80.2267532349,76679,76689,10
12.8441801071,80.2266464233,76689,76699,10
12.845000267,80.2265701294,76699,76740,41
12.845000267,80.2265701294,76740,76750,10
12.8452301025,80.2265472412,76750,76760,10
12.8453397751,80.2265396118,76760,76770,10
12.8455200195,80.2265396118,76770,76780,10
12.8458795547,80.2265396118,76780,76790,10
12.8465299606,80.2265319824,76790,76800,10
12.8475198746,80.2265625,76800,76810,10
12.8483200073,80.2265701294,76810,76820,10
12.8487901688,80.2265625,76820,76830,10
12.8496599197,80.2265625,76830,76841,11
12.8508300781,80.2265701294,76841,76851,10
12.8520002365,80.2266387939,76851,76861,10
12.8532896042,80.2266616821,76861,76871,10
12.8546895981,80.2265090942,76871,76881,10
12.8562402725,80.2263412476,76881,76891,10
12.857749939,80.2261962891,76891,76907,16
12.8598804474,80.2264099121,76907,76919,12
12.8613996506,80.2265625,76919,76929,10
12.862830162,80.2265014648,76929,76939,10
12.8641796112,80.2265319824,76939,76949,10
12.8655796051,80.2265625,76949,76960,11
12.8671197891,80.2264404297,76960,76971,11
12.8683595657,80.2263565063,76971,76981,10
12.869310379,80.2264404297,76981,76991,10
12.870300293,80.2265625,76991,77001,10
12.8715000153,80.2266387939,77001,77011,10
12.8724298477,80.2266311646,77011,77021,10
12.873000145,80.2266235352,77021,77031,10
12.8734197617,80.2266387939,77031,77042,11
12.8743801117,80.2267608643,77042,77052,10
12.8753404617,80.2268676758,77052,77062,10
12.8761997223,80.2268981934,77062,77072,10
12.8769598007,80.2268600464,77072,77082,10
12.8778495789,80.2267990112,77082,77092,10
12.8788700104,80.2267303467,77092,77102,10
12.8801298141,80.2266998291,77102,77118,16
12.8822498322,80.2266921997,77118,77130,12
12.8838500977,80.2266693115,77130,77139,9
12.8847999573,80.2266464233,77139,77151,12
12.8852996826,80.2266998291,77151,77161,10
12.8855695724,80.2267532349,77161,77171,10
12.8863096237,80.2269515991,77171,77181,10
12.887260437,80.227180481,77181,77191,10
12.8884096146,80.2273178101,77191,77201,10
12.8895196915,80.2273330688,77201,77210,9
12.8907299042,80.2273178101,77210,77221,11
12.8918600082,80.2273178101,77221,77231,10
12.8925199509,80.2273406982,77231,77242,11
12.8934001923,80.2274475098,77242,77252,10
12.8944396973,80.2275695801,77252,77262,10
12.8955602646,80.2276229858,77262,77272,10
12.896780014,80.2276763916,77272,77282,10
12.8979902267,80.2277526855,77282,77292,10
12.898900032,80.2277908325,77292,77302,10
12.8993396759,80.2278137207,77302,77312,10
12.8997297287,80.2278137207,77312,77322,10
12.8999204636,80.2278213501,77322,77332,10
12.9001302719,80.2278213501,77332,77342,10
12.9002599716,80.2278289795,77342,77353,11
12.9005002975,80.2278518677,77353,77369,16
12.9010000229,80.227897644,77369,77381,12
12.9016199112,80.2279434204,77381,77391,10
12.9020395279,80.2279586792,77391,77400,9
12.9025802612,80.2279815674,77400,77412,12
12.9033403397,80.2279891968,77412,77483,71
12.9033403397,80.2279891968,77483,77493,10
12.9040002823,80.2280883789,77493,77521,28
12.9040002823,80.2280883789,77521,77533,12
12.9044399261,80.2281112671,77533,77541,8
12.9047298431,80.2281265259,77541,77604,63
12.9047298431,80.2281265259,77604,77614,10
12.9052095413,80.2281265259,77614,77623,9
12.9054298401,80.2281417847,77623,77634,11
12.9055900574,80.2281417847,77634,77644,10
12.9059495926,80.2281799316,77644,77725,81
12.9059495926,80.2281799316,77725,77735,10
12.9064302444,80.2282180786,77735,77745,10
12.9068498611,80.2282791138,77745,77756,11
12.9078102112,80.2284011841,77756,77766,10
12.9089603424,80.2285614014,77766,77776,10
12.9102697372,80.228767395,77776,77786,10
12.9117097855,80.2289886475,77786,77796,10
12.9129800797,80.2291793823,77796,77806,10
12.9136600494,80.2292480469,77806,77816,10
12.9139204025,80.2292785645,77816,77826,10
12.9145498276,80.2293395996,77826,77836,10
12.9154195786,80.2294616699,77836,77846,10
12.916179657,80.2295837402,77846,77857,11
12.91726017,80.2297286987,77857,77867,10
12.9182500839,80.2298736572,77867,77877,10
12.9193201065,80.2300109863,77877,77887,10
12.9204397202,80.2301635742,77887,77897,10
12.9216995239,80.2303237915,77897,77907,10
12.9229001999,80.2305297852,77907,77917,10
12.9242200851,80.2306976318,77917,77927,10
12.9254302979,80.2308502197,77927,77937,10
12.9265003204,80.2309875488,77937,77947,10
12.9276103973,80.2311172485,77947,77958,11
12.9286804199,80.2312469482,77958,77968,10
12.9296398163,80.2314529419,77968,77978,10
12.930680275,80.2317123413,77978,77988,10
12.9316396713,80.2320022583,77988,77998,10
12.9325399399,80.2322921753,77998,78008,10
12.933139801,80.2325210571,78008,78018,10
12.9332704544,80.2325820923,78018,78028,10
12.9334602356,80.2326889038,78028,78038,10
12.9335803986,80.2327575684,78038,78048,10
12.9337902069,80.2328720093,78048,78059,11
12.9342498779,80.2331008911,78059,78069,10
12.9349803925,80.2333984375,78069,78079,10
12.9357795715,80.2337417603,78079,78089,10
12.9366598129,80.2341766357,78089,78099,10
12.9377002716,80.234703064,78099,78109,10
12.9387102127,80.2351989746,78109,78119,10
12.9393701553,80.2355270386,78119,78129,10
12.939789772,80.2357406616,78129,78139,10
12.9405698776,80.2359771729,78139,78149,10
12.9414997101,80.2361984253,78149,78160,11
12.9425697327,80.2365188599,78160,78170,10
12.9434099197,80.237121582,78170,78180,10
12.944149971,80.2379379272,78180,78190,10
12.9449300766,80.2388000488,78190,78200,10
12.9457597733,80.2394180298,78200,78210,10
12.946680069,80.2398071289,78210,78220,10
12.9474697113,80.2401275635,78220,78230,10
12.9486904144,80.2406311035,78230,78281,51
12.9486904144,80.2406311035,78281,78291,10
12.9489898682,80.2407073975,78291,78301,10
12.9495897293,80.2409210205,78301,78311,10
12.9504499435,80.2411804199,78311,78321,10
12.951379776,80.2414779663,78321,78331,10
12.9523096085,80.2418136597,78331,78341,10
12.9533500671,80.2422027588,78341,78351,10
12.9543895721,80.2426071167,78351,78362,11
12.955160141,80.2428970337,78362,78371,9
12.9558601379,80.2431488037,78371,78382,11
12.9562797546,80.243309021,78382,78392,10
12.9562997818,80.2433166504,78392,78402,10
12.9567403793,80.2434997559,78402,78412,10
12.9575195313,80.2438735962,78412,78422,10
12.9581804276,80.244178772,78422,78432,10
12.9590196609,80.2445297241,78432,78442,10
12.9598798752,80.2449188232,78442,78452,10
12.9609098434,80.2453765869,78452,78463,11
12.962100029,80.2459564209,78463,78473,10
12.9632196426,80.2464904785,78473,78493,20
12.9632196426,80.2464904785,78493,78503,10
12.9633302689,80.2465133667,78503,78513,10
12.9636497498,80.2466964722,78513,78523,10
12.9641199112,80.2469024658,78523,78533,10
12.9647598267,80.2471389771,78533,78549,16
12.9661397934,80.2476272583,78549,78561,12
12.9665002823,80.2477874756,78561,78572,11
12.9668197632,80.2479400635,78572,78582,10
12.967590332,80.2483291626,78582,78592,10
12.9685401917,80.2487182617,78592,78602,10
12.969619751,80.2491378784,78602,78612,10
12.9706001282,80.2495269775,78612,78622,10
12.9718503952,80.2498779297,78622,78631,9
12.9730901718,80.2502212524,78631,78642,11
12.9740695953,80.2504730225,78642,78651,9
12.9750099182,80.2507400513,78651,78663,12
12.976269722,80.2510986328,78663,78673,10
12.9773197174,80.2514801025,78673,78683,10
12.9781904221,80.2521362305,78683,78693,10
12.9788999557,80.2525100708,78693,78703,10
12.9790096283,80.252532959,78703,78713,10
12.9795999527,80.2526016235,78713,78723,10
12.9804000854,80.2526321411,78723,78733,10
12.981300354,80.2526016235,78733,78743,10
12.9824199677,80.2525634766,78743,78753,10
12.9836797714,80.2523880005,78753,78824,71
12.9836797714,80.2523880005,78824,78834,10
12.9837999344,80.2523574829,78834,78844,10
12.9838399887,80.2523498535,78844,78854,10
12.9839801788,80.2523117065,78854,78865,11
12.9843101501,80.2522201538,78865,78875,10
12.9843397141,80.2522125244,78875,78885,10
12.984459877,80.2521820068,78885,78895,10
12.9847698212,80.2520980835,78895,78905,10
12.9850502014,80.2520294189,78905,78915,10
12.9853897095,80.2519378662,78915,78976,61
12.9857196808,80.2518463135,78976,79066,90
12.9857196808,80.2518463135,79066,79077,11
12.9860696793,80.2516784668,79077,79087,10
12.9865999222,80.2515792847,79087,79096,9
12.9870595932,80.2514572144,79096,79157,61
12.9870595932,80.2514572144,79157,79167,10
12.9874200821,80.2513580322,79167,79178,11
12.9880199432,80.2512283325,79178,79188,10
12.9889202118,80.2510223389,79188,79198,10
12.9897699356,80.2508010864,79198,79208,10
12.9907903671,80.2505569458,79208,79218,10
12.9917497635,80.2503204346,79218,79228,10
12.9926700592,80.2501068115,79228,79238,10
12.9938097,80.2498168945,79238,79248,10
12.9950199127,80.2495269775,79248,79258,10
12.9961996078,80.249206543,79258,79268,10
12.997469902,80.248878479,79268,79279,11
12.9989299774,80.2485198975,79279,79289,10
13.000120163,80.2482376099,79289,79299,10
13.001159668,80.2479782104,79299,79309,10
13.0020904541,80.2477264404,79309,79319,10
13.0030498505,80.247543335,79319,79329,10
13.004119873,80.2473831177,79329,79339,10
13.005109787,80.2472381592,79339,79348,9
13.0059204102,80.2470397949,79348,79360,12
13.0065402985,80.2463302612,79360,79370,10
13.0065603256,80.2462081909,79370,79381,11
13.0066003799,80.2456588745,79381,79391,10
13.0066204071,80.2449798584,79391,79401,10
13.0066299438,80.2441329956,79401,79411,10
13.0066299438,80.2434692383,79411,79421,10
13.0065698624,80.2426300049,79421,79431,10
13.0065803528,80.2416381836,79431,79441,10
13.006649971,80.2409133911,79441,79451,10
13.006819725,80.2402496338,79451,79461,10
13.0070199966,80.2392425537,79461,79471,10
13.007109642,80.2381286621,79471,79482,11
13.007349968,80.2370071411,79482,79492,10
13.0074796677,80.2363586426,79492,79502,10
13.0076503754,80.2354431152,79502,79512,10
13.0079097748,80.2342987061,79512,79522,10
13.0081596375,80.2330093384,79522,79532,10
13.0084495544,80.231590271,79532,79542,10
13.0087203979,80.2302017212,79542,79551,9
13.0089502335,80.2291564941,79551,79562,11
13.0093202591,80.2277374268,79562,79572,10
13.0098400116,80.2266998291,79572,79583,11
13.0104503632,80.2255172729,79583,79593,10
13.0108995438,80.224609375,79593,79603,10
13.011179924,80.2238082886,79603,79613,10
13.0114002228,80.223197937,79613,79623,10
13.0116996765,80.2225723267,79623,79633,10
13.0118198395,80.2218780518,79633,79643,10
13.012140274,80.2214584351,79643,79653,10
13.0123796463,80.2215270996,79653,79663,10
13.0126800537,80.2220001221,79663,79673,10
13.012960434,80.2224273682,79673,79684,11
13.013420105,80.2229309082,79684,79694,10
13.0139503479,80.2235031128,79694,79704,10
13.0143299103,80.2238693237,79704,79714,10
13.0148000717,80.2243728638,79714,79724,10
13.0149402618,80.224571228,79724,79734,10
13.0152101517,80.224822998,79734,79744,10
13.0155601501,80.2250823975,79744,79754,10
13.0157804489,80.225189209,79754,79764,10
13.0163402557,80.2253112793,79764,79774,10
13.0172195435,80.2250213623,79774,79785,11
13.018409729,80.2245483398,79785,79795,10
13.0193004608,80.2243423462,79795,79805,10
13.019610405,80.2244033813,79805,79815,10
13.019780159,80.2245178223,79815,79831,16
13.0204696655,80.2250823975,79831,79843,12
13.0212202072,80.2256317139,79843,79851,8
13.0217103958,80.2259979248,79851,79863,12
13.0223798752,80.2265472412,79863,79873,10
13.0230197906,80.2271194458,79873,79883,10
13.0237503052,80.2277984619,79883,79893,10
13.0243501663,80.2284698486,79893,79904,11
13.0249300003,80.2293014526,79904,79914,10
13.0254602432,80.2300491333,79914,79924,10
13.025970459,80.2311706543,79924,79934,10
13.026260376,80.2321014404,79934,79944,10
13.0266895294,80.2331390381,79944,79954,10
13.0272598267,80.2340774536,79954,79964,10
13.0277795792,80.2350234985,79964,79974,10
13.028380394,80.2358627319,79974,79985,11
13.0291996002,80.2367782593,79985,79995,10
13.0299196243,80.2377166748,79995,80005,10
13.030500412,80.2387313843,80005,80015,10
13.0309495926,80.2395401001,80015,80025,10
13.0313396454,80.2401199341,80025,80035,10
13.031419754,80.2407302856,80035,80045,10
13.0316200256,80.2411575317,80045,80055,10
13.0319499969,80.2418670654,80055,80065,10
13.0324401855,80.2424926758,80065,80074,9
13.032910347,80.2431411743,80074,80086,12
13.0336303711,80.2440719604,80086,80096,10
13.0341796875,80.2448501587,80096,80106,10
13.0346097946,80.2453536987,80106,80116,10
13.0350799561,80.2458724976,80116,80126,10
13.0354995728,80.2460784912,80126,80136,10
13.0358295441,80.2462310791,80136,80146,10
13.0363302231,80.246383667,80146,80156,10
13.036860466,80.2464675903,80156,80166,10
13.0373802185,80.2464370728,80166,80176,10
13.0379600525,80.2464981079,80176,80187,11
13.0387496948,80.2467193604,80187,80217,30
13.0387496948,80.2467193604,80217,80227,10
13.0389795303,80.2468566895,80227,80237,10
13.0394201279,80.2469177246,80237,80247,10
13.0398797989,80.2470169067,80247,80257,10
13.0405702591,80.2471389771,80257,80267,10
13.0414199829,80.2472915649,80267,80277,10
13.0421304703,80.2474594116,80277,80288,11
13.042719841,80.2476806641,80288,80298,10
13.0431995392,80.2478485107,80298,80308,10
13.0437202454,80.2478790283,80308,80318,10
13.0442695618,80.2478408813,80318,80328,10
13.0448198318,80.2479324341,80328,80338,10
13.0451803207,80.2481918335,80338,80348,10
13.0458202362,80.2484512329,80348,80358,10
13.0466995239,80.2484664917,80358,80368,10
13.0474596024,80.2486801147,80368,80378,10
13.0480298996,80.2492675781,80378,80389,11
13.0484600067,80.2496337891,80389,80399,10
13.0490703583,80.2496795654,80399,80409,10
13.0499696732,80.2498321533,80409,80419,10
13.0511598587,80.2500991821,80419,80429,10
13.0521602631,80.250793457,80429,80439,10
13.0528402328,80.251701355,80439,80449,10
13.0534696579,80.252532959,80449,80459,10
13.0540504456,80.2533569336,80459,80469,10
13.0547504425,80.2542800903,80469,80479,10
13.0552501678,80.2549514771,80479,80489,10
13.0557899475,80.2557067871,80489,80500,11
13.0562295914,80.2562866211,80500,80510,10
13.0567998886,80.2568588257,80510,80520,10
13.0575199127,80.2574996948,80520,80536,16
13.058380127,80.2584915161,80536,80548,12
13.0590200424,80.2592468262,80548,80558,10
13.0593700409,80.2598724365,80558,80568,10
13.0599298477,80.260383606,80568,80577,9
13.0603199005,80.2607727051,80577,80588,11
13.0607500076,80.2613601685,80588,80599,11
13.0614404678,80.2621002197,80599,80609,10
13.0619001389,80.2627410889,80609,80619,10
13.0625801086,80.2636184692,80619,80629,10
13.0631504059,80.2642822266,80629,80639,10
13.0635204315,80.2648773193,80639,80649,10
13.0638504028,80.2653579712,80649,80659,10
13.0641002655,80.2657012939,80659,80669,10
13.0646400452,80.2663726807,80669,80679,10
13.0650901794,80.2668991089,80679,80690,11
13.0656900406,80.2674102783,80690,80700,10
13.0662202835,80.2681427002,80700,80710,10
13.0668096542,80.2684783936,80710,80720,10
13.0673799515,80.2688827515,80720,80730,10
13.0681400299,80.2693710327,80730,80740,10
13.068189621,80.2699432373,80740,80750,10
13.0680999756,80.2707824707,80750,80760,10
13.0684204102,80.2717208862,80760,80770,10
13.069149971,80.2720718384,80770,80780,10
13.069849968,80.272819519,80780,80790,10
13.0705003738,80.2736129761,80790,80801,11
13.0710897446,80.2740631104,80801,80811,10
13.0712995529,80.2741088867,80811,80821,10
13.0718202591,80.2743988037,80821,80831,10
13.0722904205,80.2749176025,80831,80841,10
13.0728597641,80.2755813599,80841,80851,10
13.0734195709,80.2761306763,80851,80861,10
13.0741500854,80.2763290405,80861,80871,10
13.075050354,80.2762985229,80871,80881,10
13.0757703781,80.276260376,80881,80891,10
13.0760202408,80.2762374878,80891,80902,11
13.0767097473,80.276222229,80902,80912,10
13.0776596069,80.2761611938,80912,80922,10
13.0782203674,80.2755889893,80922,80932,10
13.0789699554,80.2751083374,80932,80942,10
13.0800504684,80.2752609253,80942,80952,10
13.0809402466,80.2751464844,80952,80962,10
13.0815496445,80.2751235962,80962,80972,10
13.0817804337,80.2751617432,80972,80982,10
13.0819396973,80.2754135132,80982,80992,10
13.081990242,80.2757492065,80992,81003,11
13.081990242,80.2757720947,81003,81013,10
13.0819797516,80.275932312,81013,81023,10
13.0818595886,80.2760314941,81023,81033,10
13.0818004608,80.2761917114,81033,81043,10
13.0818395615,80.2765731812,81043,81053,10
13.0819301605,80.2773590088,81053,81063,10
13.0820503235,80.2781524658,81063,81073,10
13.0820598602,80.2783889771,81073,81083,10
13.0818996429,80.2781677246,81083,81093,10
13.0818595886,80.2775802612,81093,81104,11
13.081700325,80.2765731812,81104,81120,16
13.0815696716,80.2755203247,81120,81132,12
13.0814599991,80.2752609253,81132,81142,10
13.0811901093,80.275177002,81142,81150,8
13.0807199478,80.2752380371,81150,81162,12
13.0800199509,80.2753219604,81162,81172,10
13.0793504715,80.2752914429,81172,81182,10
13.0786304474,80.2751998901,81182,81192,10
13.078209877,80.2757720947,81192,81203,11
13.0776596069,80.2762374878,81203,81213,10
13.0769100189,80.2762908936,81213,81223,10
13.076259613,80.2763214111,81223,81233,10
13.075920105,80.2763137817,81233,81263,30
13.075920105,80.2763137817,81263,81273,10
13.0758600235,80.2760620117,81273,81283,10
13.0758800507,80.2758636475,81283,81293,10
