12.7862596512,80.2217025757,13,4652,4639
12.786359787,80.2215576172,4652,4772,120
12.7862901688,80.2217025757,4772,17502,12730
12.7862901688,80.2217025757,17502,17511,9
12.7862501144,80.2214202881,17511,17602,91
12.7862501144,80.2214202881,17602,17612,10
12.7862300873,80.221321106,17612,17622,10
12.7862300873,80.2210083008,17622,17632,10
12.7861995697,80.2205963135,17632,17642,10
12.7862997055,80.2203674316,17642,17652,10
12.7866296768,80.2204666138,17652,17665,13
12.7872800827,80.2206878662,17665,17675,10
12.7878103256,80.2208786011,17675,17685,10
12.7883996964,80.2210998535,17685,17695,10
12.7890396118,80.2213363647,17695,17705,10
12.7896003723,80.2215194702,17705,17715,10
12.7898597717,80.2211837769,17715,17725,10
12.7902002335,80.2205963135,17725,17735,10
12.7905902863,80.2199707031,17735,17745,10
12.791009903,80.2192764282,17745,17755,10
12.7914199829,80.2185897827,17755,17762,7
12.7917098999,80.2181015015,17762,17776,14
12.7922000885,80.2171401978,17776,17786,10
12.7923898697,80.2164993286,17786,17796,10
12.792550087,80.2157669067,17796,17806,10
12.7927103043,80.2150115967,17806,17816,10
12.792889595,80.2142715454,17816,17826,10
12.7930603027,80.2135162354,17826,17836,10
12.7932500839,80.2127304077,17836,17846,10
12.7934598923,80.2118911743,17846,17856,10
12.7936496735,80.2109985352,17856,17866,10
12.7938995361,80.2101287842,17866,17877,11
12.794260025,80.2092819214,17877,17887,10
12.794549942,80.2085876465,17887,17897,10
12.7948904037,80.2078094482,17897,17907,10
12.7952604294,80.2069702148,17907,17917,10
12.7956495285,80.2061004639,17917,17927,10
12.7960395813,80.2052001953,17927,17937,10
12.7964496613,80.2043075562,17937,17947,10
12.7968101501,80.2034912109,17947,17957,10
12.7971696854,80.2026519775,17957,17967,10
12.7975597382,80.2017822266,17967,17978,11
12.7979602814,80.2008590698,17978,17988,10
12.7983102798,80.2000427246,17988,17998,10
12.7986602783,80.1993103027,17998,18008,10
12.7990398407,80.1986618042,18008,18018,10
12.7994203568,80.1981124878,18018,18028,10
12.7996501923,80.1978607178,18028,18038,10
12.7999401093,80.1980133057,18038,18048,10
12.8004302979,80.1982727051,18048,18058,10
12.8009195328,80.1985473633,18058,18068,10
12.8015003204,80.1988830566,18068,18079,11
12.8021497726,80.1992492676,18079,18089,10
12.8027896881,80.1996078491,18089,18099,10
12.8034896851,80.1998901367,18099,18109,10
12.8041801453,80.2001266479,18109,18119,10
12.8048496246,80.2003631592,18119,18129,10
12.8055896759,80.2005233765,18129,18139,10
12.8062801361,80.2005767822,18139,18149,10
12.8068199158,80.2007598877,18149,18159,10
12.8072595596,80.200920105,18159,18169,10
12.8075399399,80.2007064819,18169,18178,9
12.8077297211,80.200302124,18178,18190,12
12.808380127,80.2003707886,18190,18200,10
12.8089399338,80.2007980347,18200,18210,10
12.809419632,80.2013778687,18210,18220,10
12.8097400665,80.2017974854,18220,18230,10
12.8101902008,80.2023620605,18230,18240,10
12.810669899,80.202911377,18240,18250,10
12.8111095428,80.2034835815,18250,18270,20
12.8111095428,80.2034835815,18270,18280,10
12.8111696243,80.2036514282,18280,18291,11
12.8111000061,80.2041625977,18291,18301,10
12.8112297058,80.2045593262,18301,18311,10
12.8116598129,80.2047195435,18311,18321,10
12.8117904663,80.2047576904,18321,18331,10
12.811920166,80.2048187256,18331,18341,10
12.8123197556,80.2049026489,18341,18361,20
12.8123197556,80.2049026489,18361,18371,10
12.8123903275,80.2049179077,18371,18381,10
12.8127098083,80.2050018311,18381,18392,11
12.8131504059,80.205039978,18392,18402,10
12.8134098053,80.2049865723,18402,18412,10
12.8138303757,80.2048110962,18412,18422,10
12.8143501282,80.2048873901,18422,18432,10
12.8149995804,80.2051010132,18432,18442,10
12.8155002594,80.2051620483,18442,18453,11
12.8160295486,80.2048492432,18453,18463,10
12.816740036,80.204750061,18463,18473,10
12.81731987,80.2045516968,18473,18483,10
12.8176603317,80.2042999268,18483,18495,12
12.818110466,80.2039489746,18495,18505,10
12.8185396194,80.2036209106,18505,18515,10
12.8189601898,80.2034072876,18515,18525,10
12.8194799423,80.20337677,18525,18535,10
12.8199100494,80.2033615112,18535,18545,10
12.8203802109,80.2035827637,18545,18555,10
12.8209295273,80.203742981,18555,18565,10
12.8213500977,80.2036437988,18565,18575,10
12.8213300705,80.2031936646,18575,18585,10
12.8213396072,80.2025375366,18585,18596,11
12.8213195801,80.2019271851,18596,18606,10
12.8213500977,80.2014694214,18606,18616,10
12.8213996887,80.2010726929,18616,18626,10
12.8214502335,80.200592041,18626,18636,10
12.8215303421,80.2001113892,18636,18646,10
12.8217897415,80.1995010376,18646,18656,10
12.8221197128,80.1990432739,18656,18666,10
12.8224496841,80.1986618042,18666,18676,10
12.8226699829,80.1979827881,18676,18686,10
12.8229503632,80.197227478,18686,18697,11
12.8237104416,80.1968002319,18697,18707,10
12.8240804672,80.1960906982,18707,18717,10
12.8243398666,80.1953277588,18717,18727,10
12.8245201111,80.1947097778,18727,18735,8
12.8246803284,80.1943206787,18735,18747,12
12.8252801895,80.1939697266,18747,18757,10
12.825920105,80.1940231323,18757,18767,10
12.8267402649,80.194190979,18767,18777,10
12.8276100159,80.1943664551,18777,18786,9
12.8283996582,80.1945266724,18786,18796,10
12.8292999268,80.194732666,18796,18808,12
12.8304004669,80.1949768066,18808,18818,10
12.8313598633,80.1951904297,18818,18828,10
12.8322896957,80.1954421997,18828,18838,10
12.8332300186,80.1957168579,18838,18848,10
12.8340196609,80.1959762573,18848,18858,10
12.8342504501,80.1966018677,18858,18868,10
12.8343801498,80.197303772,18868,18878,10
12.8344898224,80.1979598999,18878,18887,9
12.8346099854,80.1985473633,18887,18898,11
12.8347196579,80.1992416382,18898,18909,11
12.8348398209,80.200012207,18909,18919,10
12.8353099823,80.2009811401,18919,18939,20
12.8353099823,80.2009811401,18939,18949,10
12.8354101181,80.2011032104,18949,18959,10
12.8358402252,80.2012023926,18959,18969,10
12.8364801407,80.2012863159,18969,18979,10
12.837220192,80.2012023926,18979,18989,10
12.8380203247,80.2011108398,18989,18999,10
12.8388996124,80.2009963989,18999,19010,11
12.8395299911,80.2009124756,19010,19020,10
12.8400201797,80.2008514404,19020,19030,10
12.8402900696,80.2008132935,19030,19040,10
12.8404197693,80.2007980347,19040,19050,10
12.8407201767,80.2007598877,19050,19060,10
12.841170311,80.2007217407,19060,19070,10
12.8417396545,80.200630188,19070,19080,10
12.8422498703,80.2005615234,19080,19090,10
12.8427295685,80.2004776001,19090,19100,10
12.8431997299,80.2004394531,19100,19111,11
12.8437299728,80.200378418,19111,19121,10
12.8441801071,80.2003326416,19121,19131,10
12.8446798325,80.200302124,19131,19141,10
12.8451700211,80.2002487183,19141,19151,10
12.8456001282,80.2002105713,19151,19161,10
12.8462295532,80.2001266479,19161,19171,10
12.8467197418,80.2000579834,19171,19181,10
12.8469295502,80.2000274658,19181,19191,10
12.8471899033,80.1999969482,19191,19201,10
12.8474502563,80.1999664307,19201,19211,10
12.8479604721,80.1999130249,19211,19222,11
12.8486404419,80.1998214722,19222,19232,10
12.8493700027,80.1997528076,19232,19242,10
12.8501396179,80.1996688843,19242,19252,10
12.8510503769,80.1995925903,19252,19262,10
12.8520202637,80.1995162964,19262,19272,10
12.8528604507,80.1995010376,19272,19282,10
12.8530902863,80.1994628906,19282,19292,10
12.8536396027,80.1994171143,19292,19302,10
12.8543701172,80.1994018555,19302,19312,10
12.855099678,80.1994934082,19312,19322,10
12.8558797836,80.1995773315,19322,19332,10
12.8565196991,80.1996612549,19332,19342,10
12.8572397232,80.199760437,19342,19352,10
12.8579998016,80.199836731,19352,19362,10
12.8585195541,80.1998825073,19362,19372,10
12.8585996628,80.1998825073,19372,19382,10
12.8586902618,80.1998519897,19382,19392,10
12.8587598801,80.1995773315,19392,19403,11
12.8588399887,80.1990814209,19403,19413,10
12.8589096069,80.1987686157,19413,19423,10
12.8589897156,80.1984634399,19423,19433,10
12.8590803146,80.1980819702,19433,19443,10
12.8591804504,80.1976623535,19443,19453,10
12.8592996597,80.1971588135,19453,19463,10
12.8593997955,80.1965637207,19463,19473,10
12.8595199585,80.1959762573,19473,19483,10
12.8596696854,80.1954574585,19483,19493,10
12.8598403931,80.1949005127,19493,19503,10
12.8599996567,80.1943511963,19503,19513,10
12.860710144,80.1932830811,19513,19536,23
12.860710144,80.1932830811,19536,19546,10
12.8609304428,80.1931915283,19546,19556,10
12.8612699509,80.1930618286,19556,19566,10
12.8617296219,80.1928863525,19566,19576,10
12.8619804382,80.1925201416,19576,19586,10
12.8620595932,80.1920776367,19586,19596,10
12.8621397018,80.1916809082,19596,19606,10
12.8622198105,80.191368103,19606,19627,21
12.8622198105,80.191368103,19627,19637,10
12.8622598648,80.1913375854,19637,19647,10
12.862449646,80.1912918091,19647,19657,10
12.8627004623,80.1912612915,19657,19667,10
12.8627500534,80.1912536621,19667,19677,10
12.8632001877,80.1912384033,19677,19687,10
12.8637695313,80.1912078857,19687,19697,10
12.8643398285,80.1911697388,19697,19707,10
12.8649501801,80.1912078857,19707,19716,9
12.8655500412,80.1912612915,19716,19728,12
12.8661804199,80.1912612915,19728,19738,10
12.8667697906,80.191192627,19738,19748,10
12.8675298691,80.191078186,19748,19758,10
12.8682699203,80.1911697388,19758,19768,10
12.8690700531,80.1913223267,19768,19778,10
12.8698997498,80.1914825439,19778,19788,10
12.8707799911,80.1916427612,19788,19798,10
12.8715896606,80.1917724609,19798,19808,10
12.8724002838,80.1919021606,19808,19818,10
12.8732795715,80.1919937134,19818,19828,10
12.874130249,80.1920013428,19828,19839,11
12.8750400543,80.1920776367,19839,19849,10
12.8758296967,80.192199707,19849,19859,10
12.876660347,80.1923904419,19859,19869,10
12.8774204254,80.1926803589,19869,19879,10
12.8781003952,80.1928787231,19879,19889,10
12.8784399033,80.192779541,19889,19899,10
12.8784599304,80.192779541,19899,19909,10
12.8785104752,80.1927490234,19909,19919,10
12.8787202835,80.1927032471,19919,19929,10
12.8791799545,80.1926193237,19929,19940,11
12.8798103333,80.1925201416,19940,19950,10
12.8804798126,80.1924819946,19950,19960,10
12.8807697296,80.1924591064,19960,19970,10
12.8811302185,80.1924362183,19970,19980,10
12.8819599152,80.1924285889,19980,20000,20
12.8819599152,80.1924285889,20000,20010,10
12.8819704056,80.1924133301,20010,20020,10
12.8821601868,80.1921463013,20020,20030,10
12.8824195862,80.1915435791,20030,20041,11
12.8827800751,80.1907196045,20041,20051,10
12.8830795288,80.1901321411,20051,20061,10
12.8832502365,80.1900024414,20061,20071,10
12.8837404251,80.1899032593,20071,20081,10
12.8843898773,80.1899032593,20081,20091,10
12.8844203949,80.1899032593,20091,20101,10
12.8845996857,80.1898880005,20101,20111,10
12.8848400116,80.1899032593,20111,20121,10
12.8852701187,80.1899032593,20121,20131,10
12.8854904175,80.189743042,20131,20142,11
12.8861598969,80.1889801025,20142,20162,20
12.8861598969,80.1889801025,20162,20172,10
12.8862895966,80.1885910034,20172,20182,10
12.8863601685,80.1880111694,20182,20192,10
12.8864297867,80.1873168945,20192,20202,10
12.8865203857,80.1866073608,20202,20212,10
12.8866195679,80.1859207153,20212,20222,10
12.8867998123,80.1851806641,20222,20232,10
12.8869600296,80.1845016479,20232,20242,10
12.8870296478,80.1842803955,20242,20253,11
12.8870801926,80.1842422485,20253,20263,10
12.8872804642,80.184211731,20263,20273,10
12.8875703812,80.1842727661,20273,20283,10
12.8881998062,80.1843414307,20283,20293,10
12.8889198303,80.1844329834,20293,20303,10
12.8903503418,80.1845321655,20303,20323,20
12.8903503418,80.1845321655,20323,20333,10
12.8905096054,80.1844787598,20333,20343,10
12.8910799026,80.1842880249,20343,20353,10
12.8918104172,80.1840591431,20353,20363,10
12.892660141,80.1837768555,20363,20373,10
12.8933496475,80.1835403442,20373,20383,10
12.8934803009,80.1835021973,20383,20394,11
12.8936004639,80.1834487915,20394,20403,9
12.8937196732,80.1834182739,20403,20414,11
12.8941297531,80.1832885742,20414,20424,10
12.8948202133,80.1830825806,20424,20434,10
12.8954801559,80.1828689575,20434,20444,10
12.8962497711,80.1826171875,20444,20454,10
12.897480011,80.1821899414,20454,20474,20
12.897480011,80.1821899414,20474,20484,10
12.8975400925,80.1821517944,20484,20494,10
12.8979701996,80.1822280884,20494,20504,10
12.8980903625,80.1822891235,20504,20514,10
12.8985300064,80.1825180054,20514,20524,10
12.8992500305,80.1828918457,20524,20534,10
12.8999996185,80.1832733154,20534,20546,12
12.900759697,80.1836624146,20546,20557,11
12.9015798569,80.1839065552,20557,20567,10
12.9023504257,80.1841430664,20567,20577,10
12.9032802582,80.1844177246,20577,20587,10
12.9040603638,80.1847000122,20587,20597,10
12.9041204453,80.1853027344,20597,20607,10
12.9040899277,80.1860580444,20607,20617,10
12.9040498734,80.1868515015,20617,20627,10
12.9042701721,80.1875,20627,20637,10
12.9048500061,80.1878662109,20637,20647,10
12.9055404663,80.1883010864,20647,20658,11
12.9066696167,80.1890182495,20658,20678,20
12.9066696167,80.1890182495,20678,20688,10
12.9068403244,80.1891326904,20688,20698,10
12.9072303772,80.1894378662,20698,20708,10
12.9077997208,80.1898803711,20708,20718,10
12.9084701538,80.1903991699,20718,20728,10
12.9090900421,80.1908798218,20728,20738,10
12.9096899033,80.1913375854,20738,20748,10
12.9102897644,80.1915969849,20748,20758,10
12.9110298157,80.1916885376,20758,20769,11
12.911860466,80.1917877197,20769,20779,10
12.9124202728,80.1918487549,20779,20789,10
12.9124603271,80.1918563843,20789,20799,10
12.9129104614,80.1919174194,20799,20809,10
12.9136295319,80.1919937134,20809,20819,10
12.9143800735,80.1920776367,20819,20829,10
12.9151496887,80.1921463013,20829,20839,10
12.9158496857,80.192199707,20839,20849,10
12.9165401459,80.1922531128,20849,20859,10
12.9170598984,80.192237854,20859,20870,11
12.9171800613,80.1918792725,20870,20900,30
12.9171800613,80.1918792725,20900,20910,10
12.9172201157,80.1917724609,20910,20920,10
12.9173002243,80.1912231445,20920,20930,10
12.9173202515,80.1904983521,20930,20940,10
12.9174203873,80.1903381348,20940,20950,10
12.9174404144,80.190612793,20950,20960,10
12.9173803329,80.1912384033,20960,20971,11
12.9172697067,80.1921005249,20971,20981,10
12.9171600342,80.1931381226,20981,21001,20
12.9171600342,80.1931381226,21001,21011,10
12.9171495438,80.1932067871,21011,21021,10
12.917140007,80.1936569214,21021,21031,10
12.917309761,80.1943283081,21031,21041,10
12.917840004,80.1948699951,21041,21051,10
12.9184999466,80.1954879761,21051,21061,10
12.9191703796,80.1960983276,21061,21072,11
12.9199304581,80.1964874268,21072,21082,10
12.9206800461,80.1967391968,21082,21092,10
12.920999527,80.1968383789,21092,21102,10
12.9210796356,80.1968612671,21102,21112,10
12.9215698242,80.197052002,21112,21122,10
12.9223403931,80.1972579956,21122,21132,10
12.9230003357,80.1973419189,21132,21142,10
12.9231901169,80.1973724365,21142,21152,10
12.9235200882,80.1974182129,21152,21162,10
12.9241600037,80.1974487305,21162,21173,11
12.9250802994,80.1974487305,21173,21183,10
12.9253797531,80.1974487305,21183,21193,10
12.9258699417,80.1974563599,21193,21203,10
12.926440239,80.1975402832,21203,21213,10
12.9264802933,80.1975402832,21213,21223,10
12.9267501831,80.1976699829,21223,21233,10
12.9273700714,80.1980285645,21233,21243,10
12.9278497696,80.1985778809,21243,21253,10
12.9282302856,80.1993484497,21253,21263,10
12.9284601212,80.2002105713,21263,21273,10
12.9285001755,80.2009735107,21273,21284,11
12.9285297394,80.2018280029,21284,21294,10
12.9286603928,80.2025527954,21294,21304,10
12.9293403625,80.2027130127,21304,21314,10
12.9294700623,80.2027206421,21314,21324,10
12.929599762,80.2027206421,21324,21334,10
12.9301900864,80.202796936,21334,21344,10
12.9309196472,80.2029495239,21344,21354,10
12.9316596985,80.2031936646,21354,21364,10
12.9323797226,80.2034378052,21364,21374,10
12.9329996109,80.2036590576,21374,21384,10
12.9335403442,80.2037963867,21384,21394,10
12.9338598251,80.2038421631,21394,21405,11
12.9339504242,80.2038497925,21405,21415,10
12.9342298508,80.2038726807,21415,21425,10
12.9347496033,80.2039413452,21425,21435,10
12.9354095459,80.2041702271,21435,21445,10
12.9361600876,80.204460144,21445,21455,10
12.9369697571,80.2046966553,21455,21464,9
12.9376096725,80.2048797607,21464,21475,11
12.9385004044,80.2051315308,21475,21487,12
12.9395704269,80.2054595947,21487,21497,10
12.9400396347,80.2055969238,21497,21507,10
12.9400596619,80.2056274414,21507,21515,8
12.9403800964,80.2057189941,21515,21527,12
12.9411802292,80.2060165405,21527,21537,10
12.9418497086,80.2064590454,21537,21547,10
12.9424495697,80.2069396973,21547,21557,10
12.9429302216,80.2075195313,21557,21567,10
12.9435796738,80.2080612183,21567,21577,10
12.9442501068,80.2083129883,21577,21588,11
12.9442796707,80.2083206177,21588,21598,10
12.9445199966,80.2084121704,21598,21608,10
12.9451704025,80.2086791992,21608,21618,10
12.9459199905,80.2088775635,21618,21628,10
12.9466400146,80.2091522217,21628,21638,10
12.9474496841,80.2094421387,21638,21648,10
12.9482803345,80.2096862793,21648,21658,10
12.9487600327,80.2098464966,21658,21668,10
12.9488897324,80.2098693848,21668,21678,10
12.9490098953,80.2099075317,21678,21689,11
12.949669838,80.2101593018,21689,21699,10
12.9505701065,80.2105865479,21699,21709,10
12.9514102936,80.2110290527,21709,21719,10
12.952249527,80.2114181519,21719,21729,10
12.9531202316,80.2117767334,21729,21739,10
12.953619957,80.2119598389,21739,21749,10
12.9536504745,80.2119674683,21749,21759,10
12.9536800385,80.2119979858,21759,21769,10
12.9540901184,80.2121734619,21769,21779,10
12.9548101425,80.2124633789,21779,21790,11
12.9557304382,80.2128372192,21790,21800,10
12.9566602707,80.2131881714,21800,21810,10
12.9576797485,80.2136077881,21810,21820,10
12.9587898254,80.2140579224,21820,21830,10
12.9594497681,80.214302063,21830,21840,10
12.9601602554,80.21459198,21840,21850,10
12.9609804153,80.2149276733,21850,21860,10
12.9618396759,80.2152633667,21860,21867,7
12.9623403549,80.2154464722,21867,21880,13
12.9630002975,80.215713501,21880,21890,10
12.9634599686,80.2158508301,21890,21901,11
12.9636096954,80.2158966064,21901,21911,10
12.9639396667,80.2160568237,21911,21921,10
12.9640703201,80.2161102295,21921,21931,10
12.964220047,80.216178894,21931,21941,10
12.9647903442,80.2164611816,21941,21951,10
12.9654798508,80.2167434692,21951,21961,10
12.9660997391,80.2169876099,21961,21971,10
12.9668302536,80.217300415,21971,21981,10
12.9675397873,80.217590332,21981,21991,10
12.968079567,80.2177963257,21991,22002,11
12.9688100815,80.2180633545,22002,22012,10
12.9696798325,80.2184066772,22012,22022,10
12.9705295563,80.21875,22022,22032,10
12.9711799622,80.2189483643,22032,22042,10
12.9712896347,80.2189865112,22042,22052,10
12.9714899063,80.219078064,22052,22062,10
12.9720897675,80.219329834,22062,22072,10
12.9728097916,80.2196121216,22072,22082,10
12.9734601974,80.2198562622,22082,22091,9
12.9740896225,80.2201309204,22091,22103,12
12.9749498367,80.220489502,22103,22113,10
12.9754400253,80.2207183838,22113,22123,10
12.9757699966,80.2210235596,22123,22133,10
12.9762001038,80.221206665,22133,22153,20
12.9762001038,80.221206665,22153,22163,10
12.9762496948,80.2211837769,22163,22173,10
12.9767303467,80.2211914063,22173,22183,10
12.9773902893,80.2211990356,22183,22193,10
12.9779100418,80.2211685181,22193,22202,9
12.97838974,80.2211303711,22202,22214,12
12.9792499542,80.2210769653,22214,22224,10
12.9799404144,80.2210388184,22224,22234,10
12.9806900024,80.2209777832,22234,22244,10
12.9811296463,80.2210769653,22244,22254,10
12.9815301895,80.2212600708,22254,22264,10
12.9820604324,80.2216186523,22264,22274,10
12.982629776,80.2218170166,22274,22284,10
12.9830503464,80.2220077515,22284,22294,10
12.9830703735,80.2220230103,22294,22304,10
12.9832401276,80.2221069336,22304,22314,10
12.9836397171,80.2224121094,22314,22324,10
12.9841604233,80.2227172852,22324,22334,10
12.9848499298,80.2231063843,22334,22344,10
12.9854001999,80.2232589722,22344,22354,10
12.9858598709,80.2229537964,22354,22364,10
12.9864196777,80.2229385376,22364,22374,10
12.9864902496,80.2229309082,22374,22384,10
12.9868803024,80.2229995728,22384,22394,10
12.9872598648,80.2230606079,22394,22406,12
12.9878797531,80.2229385376,22406,22415,9
12.9883899689,80.2225418091,22415,22426,11
12.9889602661,80.2220077515,22426,22436,10
12.9893798828,80.2215194702,22436,22446,10
12.9898996353,80.2208175659,22446,22456,10
12.9905595779,80.2202377319,22456,22465,9
12.9910202026,80.2198867798,22465,22476,11
12.9916601181,80.2194213867,22476,22486,10
12.9922800064,80.2189712524,22486,22496,10
12.9929895401,80.2184677124,22496,22506,10
12.9936704636,80.2179412842,22506,22516,10
12.9942703247,80.2174987793,22516,22528,12
12.9948997498,80.2170715332,22528,22538,10
12.9953098297,80.2168197632,22538,22548,10
12.9958696365,80.2166290283,22548,22558,10
12.9965896606,80.2164764404,22558,22568,10
12.9972295761,80.2164535522,22568,22578,10
12.9974298477,80.2164611816,22578,22588,10
12.9977903366,80.2165222168,22588,22598,10
12.9983301163,80.2166595459,22598,22608,10
12.9989595413,80.2169418335,22608,22619,11
12.9997301102,80.2173461914,22619,22629,10
13.0003004074,80.2177200317,22629,22639,10
13.0009803772,80.2181472778,22639,22649,10
13.0017004013,80.2186889648,22649,22659,10
13.0021800995,80.2192077637,22659,22669,10
13.0028896332,80.2197570801,22669,22679,10
13.0038499832,80.2200317383,22679,22689,10
13.0046701431,80.2202072144,22689,22699,10
13.0054397583,80.2203979492,22699,22709,10
13.0063400269,80.2205886841,22709,22719,10
13.0072803497,80.2210235596,22719,22730,11
13.0084295273,80.2216186523,22730,22740,10
13.0094499588,80.2221679688,22740,22750,10
13.0105800629,80.2227630615,22750,22760,10
13.0112600327,80.2230606079,22760,22770,10
13.0113601685,80.2230911255,22770,22780,10
13.011590004,80.2227478027,22780,22790,10
13.0118904114,80.2219314575,22790,22800,10
13.0122804642,80.2214508057,22800,22810,10
13.0126600266,80.2219390869,22810,22820,10
13.0132799149,80.2226333618,22820,22831,11
13.0138502121,80.2232666016,22831,22841,10
13.0142297745,80.2236862183,22841,22851,10
13.0148000717,80.2243118286,22851,22861,10
13.0153198242,80.224822998,22861,22871,10
13.0154104233,80.224861145,22871,22881,10
13.0154399872,80.2248764038,22881,22891,10
13.0156898499,80.2251663208,22891,22901,10
13.0160999298,80.2253112793,22901,22911,10
13.0165100098,80.2252807617,22911,22921,10
13.0171403885,80.2250518799,22921,22932,11
13.0181999207,80.2246322632,22932,22942,10
13.0191402435,80.2243270874,22942,22952,10
13.0197601318,80.2245025635,22952,22972,20
13.0197601318,80.2245025635,22972,22982,10
13.0198602676,80.2246398926,22982,22992,10
13.0204000473,80.2250518799,22992,23002,10
13.0210504532,80.2255172729,23002,23012,10
13.0216598511,80.2259597778,23012,23022,10
13.0222997665,80.2264709473,23022,23033,11
13.023150444,80.2272109985,23033,23043,10
13.0237598419,80.2277526855,23043,23053,10
13.0240297318,80.2279968262,23053,23415,362
13.0240297318,80.2279968262,23415,23426,11
13.0240602493,80.2280731201,23426,23436,10
13.0243701935,80.2284011841,23436,23456,20
13.0243701935,80.2284011841,23456,23466,10
13.0243997574,80.2285232544,23466,23476,10
13.0242795944,80.2285308838,23476,23486,10
13.0241603851,80.2283630371,23486,23496,10
13.0237197876,80.2278900146,23496,23506,10
13.0231800079,80.2274093628,23506,23516,10
13.0227804184,80.2270584106,23516,24195,679
13.0227804184,80.2270584106,24195,24205,10
13.0226697922,80.2269973755,24205,24215,10
13.0224895477,80.2267913818,24215,24225,10
13.0221204758,80.2265014648,24225,24235,10
13.0216398239,80.2261123657,24235,24245,10
13.0211200714,80.2257003784,24245,24256,11
13.0205698013,80.2252731323,24256,24266,10
13.0201702118,80.2250289917,24266,24276,10
13.0199604034,80.224899292,24276,24307,31
13.0199604034,80.224899292,24307,24317,10
13.0197896957,80.2247467041,24317,24327,10
13.0195102692,80.2245864868,24327,24337,10
13.0190601349,80.2245025635,24337,24347,10
13.0186595917,80.224571228,24347,24357,10
13.0183496475,80.2247161865,24357,24367,10
13.0177497864,80.2249526978,24367,24376,9
13.0170898438,80.225227356,24376,24389,13
13.0163402557,80.2255096436,24389,24399,10
13.015709877,80.2257003784,24399,24409,10
13.0150699615,80.2259521484,24409,24417,8
13.0143899918,80.2261428833,24417,24590,173
13.0143899918,80.2261428833,24590,24601,11
13.0143098831,80.2261886597,24601,24611,10
13.0139799118,80.2263183594,24611,24621,10
13.013469696,80.2265319824,24621,24631,10
13.0129699707,80.2267532349,24631,24641,10
13.0123195648,80.2270278931,24641,24651,10
13.0114603043,80.2273788452,24651,24661,10
13.0104999542,80.2277374268,24661,24671,10
13.0097198486,80.2278671265,24671,24681,10
13.0096797943,80.2273330688,24681,24691,10
13.0099802017,80.2266616821,24691,24702,11
13.0102796555,80.2258071899,24702,24712,10
13.0106401443,80.2249908447,24712,24722,10
13.0109901428,80.2241210938,24722,24732,10
13.0112199783,80.2233505249,24732,24742,10
13.0109395981,80.2230834961,24742,24752,10
13.0103902817,80.2228393555,24752,24762,10
13.0103597641,80.2228088379,24762,24772,10
13.0099496841,80.2225723267,24772,24782,10
13.0092601776,80.2221679688,24782,24792,10
13.008480072,80.2217407227,24792,24802,10
13.0075397491,80.2212295532,24802,24813,11
13.006529808,80.220703125,24813,24823,10
13.0055599213,80.2204666138,24823,24833,10
13.0046796799,80.2202835083,24833,24843,10
13.0044603348,80.2202301025,24843,24853,10
13.0042200089,80.2201690674,24853,24863,10
13.0036096573,80.2200164795,24863,24873,10
13.0028295517,80.2197799683,24873,24883,10
13.0020999908,80.2191696167,24883,24893,10
13.0014896393,80.2185592651,24893,24903,10
13.0007600784,80.2180709839,24903,24914,11
13.0,80.2175827026,24914,24924,10
12.9991798401,80.2171020508,24924,24934,10
12.9982404709,80.2166671753,24934,24944,10
12.9974803925,80.2165603638,24944,24954,10
12.9974002838,80.2165374756,24954,24964,10
12.9971103668,80.2165603638,24964,24974,10
12.9964504242,80.2166213989,24974,24984,10
12.9956302643,80.216796875,24984,24994,10
12.9948997498,80.2172088623,24994,25004,10
12.9942398071,80.2176971436,25004,25015,11
12.9935703278,80.2181777954,25015,25025,10
12.9927797318,80.2187423706,25025,25035,10
12.9919700623,80.2193832397,25035,25045,10
12.9912900925,80.219871521,25045,25055,10
12.9908399582,80.2202377319,25055,25065,10
12.9906101227,80.2204208374,25065,25074,9
12.9901399612,80.2208023071,25074,25085,11
12.989569664,80.2213821411,25085,25095,10
12.9890699387,80.2220230103,25095,25105,10
12.9884004593,80.2226715088,25105,25115,10
12.9877099991,80.2231369019,25115,25126,11
12.9874801636,80.2231063843,25126,25134,8
12.9870500565,80.2230529785,25134,25146,12
12.9862298965,80.2229766846,25146,25156,10
12.9859695435,80.2229995728,25156,25166,10
12.9856004715,80.223197937,25166,25176,10
12.985159874,80.2232513428,25176,25186,10
12.9844799042,80.2229309082,25186,25196,10
12.9839200974,80.222618103,25196,25206,10
12.9832897186,80.2222290039,25206,25227,21
12.9832897186,80.2222290039,25227,25236,9
12.9830303192,80.2221069336,25236,25247,11
12.9825201035,80.2219085693,25247,25257,10
12.9819402695,80.2216033936,25257,25267,10
12.9814596176,80.2212677002,25267,25277,10
12.9809398651,80.2210693359,25277,25287,10
12.9801502228,80.2211227417,25287,25297,10
12.9794797897,80.2211303711,25297,25307,10
12.9786100388,80.2211685181,25307,25318,11
12.9777698517,80.221206665,25318,25328,10
12.9771795273,80.2212524414,25328,25338,10
12.9764299393,80.221282959,25338,25348,10
12.9760398865,80.2212982178,25348,25358,10
12.9758501053,80.221206665,25358,25368,10
12.9756698608,80.2210693359,25368,25378,10
12.9756202698,80.221031189,25378,25387,9
12.9753704071,80.2208633423,25387,25398,11
12.9747495651,80.2205505371,25398,25408,10
12.974029541,80.2202377319,25408,25418,10
12.9730901718,80.219871521,25418,25430,12
12.9717702866,80.2193832397,25430,25440,10
12.9710102081,80.2191619873,25440,25450,10
12.9708995819,80.2191009521,25450,25460,10
12.9706096649,80.2189407349,25460,25470,10
12.9698200226,80.2185897827,25470,25480,10
12.9688196182,80.2181930542,25480,25490,10
12.967880249,80.2178268433,25490,25500,10
12.967040062,80.2174911499,25500,25510,10
12.9660301208,80.2170791626,25510,25520,10
12.9648799896,80.2166137695,25520,25530,10
12.9639101028,80.2162094116,25530,25541,11
12.963139534,80.2158737183,25541,25551,10
12.9628896713,80.2157821655,25551,25561,10
12.9626998901,80.2156982422,25561,25571,10
12.9620504379,80.215461731,25571,25581,10
12.9610595703,80.215057373,25581,25591,10
12.9598903656,80.2145996094,25591,25601,10
12.958820343,80.2141494751,25601,25611,10
12.9576396942,80.2136917114,25611,25621,10
12.9565401077,80.2132263184,25621,25631,10
12.955329895,80.2127685547,25631,25642,11
12.9541301727,80.2122879028,25642,25652,10
12.9537801743,80.2121734619,25652,25662,10
12.9534301758,80.212020874,25662,25672,10
12.9525899887,80.2117080688,25672,25682,10
12.9514904022,80.2113418579,25682,25692,10
12.9503698349,80.210899353,25692,25702,10
12.9493904114,80.2105331421,25702,25712,10
12.9487199783,80.2102813721,25712,25722,10
12.9485797882,80.2102508545,25722,25734,12
12.9479799271,80.2099761963,25734,25745,11
12.947019577,80.209602356,25745,25755,10
12.9460897446,80.2092208862,25755,25765,10
12.9451599121,80.2087631226,25765,25775,10
12.9442796707,80.2084121704,25775,25785,10
12.9441404343,80.2083587646,25785,25795,10
12.9437198639,80.2081680298,25795,25805,10
12.9430799484,80.2078094482,25805,25815,10
12.9426002502,80.2071914673,25815,25825,10
12.9419002533,80.2065963745,25825,25835,10
12.9411296844,80.2061004639,25835,25846,11
12.940990448,80.2060165405,25846,25856,10
12.9404802322,80.2058181763,25856,25866,10
12.9396600723,80.2055892944,25866,25876,10
12.9387998581,80.2053222656,25876,25886,10
12.9379901886,80.2050933838,25886,25896,10
12.9372196198,80.2048721313,25896,25906,10
12.9364004135,80.2046279907,25906,25916,10
12.9356002808,80.2043685913,25916,25926,10
12.934800148,80.2040328979,25926,25936,10
12.9340600967,80.2039413452,25936,25947,11
12.9337301254,80.203918457,25947,25957,10
12.9334897995,80.2038803101,25957,25967,10
12.9329795837,80.2037124634,25967,25977,10
12.9321298599,80.2034225464,25977,25987,10
12.9312095642,80.2031173706,25987,25997,10
12.9308004379,80.2030029297,25997,26007,10
12.9306402206,80.2029418945,26007,26017,10
12.9302196503,80.2028579712,26017,26027,10
12.9298496246,80.2027893066,26027,26037,10
12.9295902252,80.2027511597,26037,26047,10
12.9294996262,80.2027511597,26047,26057,10
12.9294204712,80.2027206421,26057,26067,10
12.9288902283,80.2026596069,26067,26077,10
12.9285001755,80.2021789551,26077,26087,10
12.9284896851,80.2015991211,26087,26098,11
12.928440094,80.2006912231,26098,26108,10
12.9283504486,80.1998291016,26108,26118,10
12.9280796051,80.1990890503,26118,26128,10
12.9277496338,80.1984786987,26128,26138,10
12.9270601273,80.1978912354,26138,26148,10
12.9262599945,80.1976089478,26148,26158,10
12.9260902405,80.1975708008,26158,26168,10
12.9256801605,80.1975402832,26168,26178,10
12.9254598618,80.1975479126,26178,26188,10
12.9250202179,80.197517395,26188,26198,10
12.9242801666,80.1975097656,26198,26208,10
12.9234895706,80.1974716187,26208,26218,10
12.9228200912,80.1973724365,26218,26228,10
12.92208004,80.1972808838,26228,26238,10
12.9218797684,80.1972427368,26238,26248,10
12.9214801788,80.1970977783,26248,26261,13
12.920920372,80.1968994141,26261,26271,10
12.9202899933,80.1966781616,26271,26281,10
12.9196195602,80.1964569092,26281,26291,10
12.9191198349,80.1961288452,26291,26301,10
12.9183998108,80.1955108643,26301,26311,10
12.9176197052,80.1948471069,26311,26321,10
12.9173603058,80.1945877075,26321,26331,10
12.9172801971,80.194480896,26331,26341,10
12.9171495438,80.1942062378,26341,26351,10
12.9170198441,80.1936187744,26351,26361,10
12.9170398712,80.1928710938,26361,26372,11
12.9170503616,80.1923904419,26372,26392,20
12.9170503616,80.1923904419,26392,26402,10
12.9169597626,80.1923904419,26402,26412,10
12.9167003632,80.1923370361,26412,26432,20
12.9167003632,80.1923370361,26432,26442,10
12.9166698456,80.1923065186,26442,26452,10
12.9162302017,80.1922912598,26452,26462,10
12.9154195786,80.192237854,26462,26473,11
12.9142999649,80.1921386719,26473,26483,10
12.9132995605,80.1920089722,26483,26493,10
12.9123096466,80.1918792725,26493,26503,10
12.9112796783,80.1917800903,26503,26513,10
12.9102602005,80.1916275024,26513,26523,10
12.9097604752,80.1914901733,26523,26533,10
12.9096803665,80.1914291382,26533,26543,10
12.9093999863,80.1912384033,26543,26553,10
12.908949852,80.1908798218,26553,26563,10
12.9081802368,80.1902770996,26563,26574,11
12.9071998596,80.1895370483,26574,26584,10
12.9064903259,80.1890029907,26584,26594,10
12.9057998657,80.188583374,26594,26604,10
12.9056596756,80.1884765625,26604,26614,10
12.9052000046,80.1881790161,26614,26624,10
12.9044599533,80.1876983643,26624,26634,10
12.9039697647,80.1870117188,26634,26644,10
12.904009819,80.1859588623,26644,26654,10
12.9040298462,80.1848983765,26654,26663,9
12.9036197662,80.1845703125,26663,26675,12
12.9026403427,80.1843032837,26675,26685,10
12.901599884,80.1840133667,26685,26695,10
12.9007902145,80.1837387085,26695,26705,10
12.8998804092,80.1832885742,26705,26715,10
12.898850441,80.1827774048,26715,26725,10
12.8978595734,80.1822662354,26725,26735,10
12.8974304199,80.1822128296,26735,26745,10
12.8973903656,80.182220459,26745,26755,10
12.897310257,80.1822662354,26755,26765,10
12.8967599869,80.1824264526,26765,26775,10
12.896030426,80.1826782227,26775,26786,11
12.8950195313,80.1830291748,26786,26796,10
12.8941497803,80.1832962036,26796,26806,10
12.8933095932,80.1835784912,26806,26816,10
12.8931999207,80.1836090088,26816,26826,10
12.892780304,80.1837615967,26826,26836,10
12.8920698166,80.1839904785,26836,26846,10
12.8911895752,80.1842803955,26846,26856,10
12.8901996613,80.1846008301,26856,26876,20
12.8901996613,80.1846008301,26876,26887,11
12.8899202347,80.1845932007,26887,26897,10
12.8892803192,80.1844863892,26897,26907,10
12.8884601593,80.1843795776,26907,26917,10
12.8875904083,80.1842727661,26917,26927,10
12.8872499466,80.184211731,26927,26937,10
12.8871202469,80.1842193604,26937,26947,10
12.8870096207,80.184463501,26947,26957,10
12.8869199753,80.1848373413,26957,26967,10
12.8867197037,80.1856918335,26967,26977,10
12.8865604401,80.1865997314,26977,26988,11
12.8864297867,80.1875686646,26988,26998,10
12.886349678,80.1883468628,26998,27008,10
12.8861904144,80.1890029907,27008,27018,10
12.886179924,80.1890182495,27018,27028,10
12.8860301971,80.1891784668,27028,27038,10
12.88560009,80.1896896362,27038,27048,10
12.8852996826,80.189956665,27048,27058,10
12.8847398758,80.1899337769,27058,27068,10
12.8840303421,80.1898880005,27068,27078,10
12.8832798004,80.1899871826,27078,27088,10
12.8830499649,80.1902236938,27088,27098,10
12.8828001022,80.1907424927,27098,27109,11
12.8823900223,80.1917190552,27109,27119,10
12.882060051,80.1924819946,27119,27168,49
12.8818798065,80.1924591064,27168,27191,23
12.8818798065,80.1924591064,27191,27201,10
12.881649971,80.1924133301,27201,27211,10
12.8812103271,80.1924209595,27211,27221,10
12.8808097839,80.1924362183,27221,27231,10
12.8805198669,80.1924591064,27231,27241,10
12.8799200058,80.1925125122,27241,27251,10
12.8792800903,80.1926116943,27251,27261,10
12.8787498474,80.1927337646,27261,27271,10
12.8786201477,80.1927566528,27271,27281,10
12.8784503937,80.1928100586,27281,27291,10
12.8781900406,80.1928787231,27291,27302,11
12.877530098,80.1927108765,27302,27312,10
12.8766202927,80.1924209595,27312,27322,10
12.8755998611,80.1921768188,27322,27332,10
12.8744697571,80.1920166016,27332,27342,10
12.873290062,80.1920089722,27342,27352,10
12.8720703125,80.1918792725,27352,27362,10
12.8709402084,80.1916885376,27362,27372,10
12.869799614,80.1914520264,27372,27382,10
12.8686304092,80.1912384033,27382,27392,10
12.8675298691,80.1910705566,27392,27403,11
12.8663396835,80.1912384033,27403,27413,10
12.8655595779,80.1912918091,27413,27423,10
12.8646097183,80.1912307739,27423,27433,10
12.8636903763,80.1912231445,27433,27443,10
12.8629302979,80.1912307739,27443,27453,10
12.8623800278,80.1912765503,27453,27463,10
12.8621902466,80.1913909912,27463,27473,10
12.8621797562,80.1914978027,27473,27483,10
12.862159729,80.1915969849,27483,27492,9
12.8621101379,80.191947937,27492,27504,12
12.8620004654,80.1925506592,27504,27514,10
12.8616304398,80.1929397583,27514,27524,10
12.8611001968,80.1931610107,27524,27534,10
12.860619545,80.1934204102,27534,27584,50
12.860619545,80.1934204102,27584,27594,10
12.8605003357,80.193611145,27594,27604,10
12.8600902557,80.1941833496,27604,27615,11
12.8597698212,80.1951675415,27615,27625,10
12.8595104218,80.1959915161,27625,27635,10
12.8593502045,80.1967773438,27635,27645,10
12.8592100143,80.1975097656,27645,27655,10
12.8590602875,80.1981277466,27655,27665,10
12.8589696884,80.1985778809,27665,27675,10
12.8588895798,80.1988983154,27675,27685,10
12.8587903976,80.1992721558,27685,27695,10
12.8587398529,80.1997528076,27695,27705,10
12.8585796356,80.1999206543,27705,27716,11
12.8585395813,80.1999282837,27716,27726,10
12.8582601547,80.1998901367,27726,27736,10
12.8576498032,80.1998214722,27736,27746,10
12.8568096161,80.1997299194,27746,27756,10
12.855919838,80.1996002197,27756,27766,10
12.8551797867,80.1995162964,27766,27776,10
12.8543796539,80.199432373,27776,27786,10
12.8534603119,80.1994400024,27786,27796,10
12.8531703949,80.1994781494,27796,27804,8
12.8531599045,80.1994781494,27804,27817,13
12.8525400162,80.1995162964,27817,27827,10
12.8517398834,80.1995620728,27827,27837,10
12.8507499695,80.1996078491,27837,27847,10
12.8495798111,80.1997528076,27847,27857,10
12.8484401703,80.1998825073,27857,27867,10
12.8475904465,80.1999893188,27867,27877,10
12.8468904495,80.200050354,27877,27887,10
12.8468103409,80.2000579834,27887,27907,20
12.84333992,80.2004623413,27907,27969,62
12.8421802521,80.2005996704,27969,27991,22
12.8402299881,80.2008514404,27991,28022,31
12.8402299881,80.2008514404,28022,28052,30
12.8399896622,80.2008895874,28052,28064,12
12.8395395279,80.2009429932,28064,28074,10
12.8388204575,80.2010421753,28074,28084,10
12.8378601074,80.2011566162,28084,28094,10
12.8367996216,80.2013015747,28094,28104,10
12.8357801437,80.2012023926,28104,28114,10
12.8353300095,80.2010879517,28114,28155,41
12.8353300095,80.2010879517,28155,28165,10
12.8353395462,80.2010879517,28165,28175,10
12.8351297379,80.2006607056,28175,28185,10
12.8348197937,80.1998901367,28185,28195,10
12.8346395493,80.1988296509,28195,28205,10
12.8344097137,80.1976776123,28205,28215,10
12.834230423,80.1968002319,28215,28227,12
12.833990097,80.1959762573,28227,28237,10
12.8333301544,80.1957702637,28237,28247,10
12.832449913,80.1955032349,28247,28257,10
12.8313598633,80.1952133179,28257,28267,10
12.8301296234,80.1949462891,28267,28277,10
12.8290700912,80.1947097778,28277,28287,10
12.8284702301,80.1945800781,28287,28297,10
12.8276195526,80.1943817139,28297,28307,10
12.8265104294,80.194152832,28307,28317,10
12.8253698349,80.1939697266,28317,28324,7
12.8247699738,80.194229126,28324,28338,14
12.8244400024,80.1949920654,28338,28358,20
12.8244400024,80.1949920654,28358,28368,10
12.8243598938,80.1953125,28368,28378,10
12.8240995407,80.1960525513,28378,28387,9
12.8237600327,80.1967773438,28387,28398,11
12.8229799271,80.1972122192,28398,28408,10
12.822719574,80.1978607178,28408,28418,10
12.8224401474,80.1987075806,28418,28428,10
12.8220100403,80.1992721558,28428,28438,10
12.8215703964,80.2000198364,28438,28448,10
12.8214502335,80.2007522583,28448,28458,10
12.8213396072,80.2017822266,28458,28488,30
12.8213396072,80.2017822266,28488,28498,10
12.8213396072,80.2020568848,28498,28508,10
12.8213500977,80.2027587891,28508,28519,11
12.8213396072,80.2035980225,28519,28529,10
12.8211402893,80.2037506104,28529,28539,10
12.8210496902,80.203742981,28539,28549,10
12.8205604553,80.2037277222,28549,28559,10
12.8200998306,80.2033691406,28559,28569,10
12.8193902969,80.2033691406,28569,28579,10
12.8188495636,80.2034606934,28579,28589,10
12.8183403015,80.2038192749,28589,28599,10
12.8182201385,80.2038879395,28599,28609,10
12.8178901672,80.2041778564,28609,28619,10
12.817440033,80.2045135498,28619,28629,10
12.8168897629,80.2047576904,28629,28642,13
12.8159103394,80.2049407959,28642,28652,10
12.815290451,80.2051773071,28652,28662,10
12.8145599365,80.2050018311,28662,28672,10
12.8142299652,80.2048873901,28672,28682,10
12.8141803741,80.2048721313,28682,28692,10
12.8137903214,80.2048568726,28692,28702,10
12.8132801056,80.2050704956,28702,28712,10
12.8125295639,80.2049865723,28712,28722,10
12.8119401932,80.204826355,28722,28732,10
12.8114995956,80.2046890259,28732,28743,11
12.8112697601,80.2045593262,28743,28753,10
12.811050415,80.2043991089,28753,28763,10
12.8111400604,80.2038879395,28763,28773,10
12.8109302521,80.2033309937,28773,28803,30
12.8109302521,80.2033309937,28803,28813,10
12.8108901978,80.2033004761,28813,28823,10
12.8106203079,80.2029571533,28823,28833,10
12.8103303909,80.2025680542,28833,28843,10
12.8100099564,80.2021789551,28843,28854,11
12.8097000122,80.2018203735,28854,28864,10
12.8096599579,80.2017593384,28864,28874,10
12.8095302582,80.2015686035,28874,28884,10
12.8092098236,80.201171875,28884,28894,10
12.8086900711,80.2005996704,28894,28904,10
12.8082704544,80.200378418,28904,28914,10
12.8082399368,80.200340271,28914,28924,10
12.807800293,80.2002563477,28924,28934,10
12.8075199127,80.2007598877,28934,28944,10
12.8071498871,80.2009277344,28944,28955,11
12.8063697815,80.2006378174,28955,28965,10
12.8058300018,80.2006072998,28965,28975,10
12.8055801392,80.2005691528,28975,28985,10
12.8049402237,80.2004165649,28985,28995,10
12.8040103912,80.2001495361,28995,29005,10
12.8032102585,80.1998519897,29005,29015,10
12.802479744,80.1995010376,29015,29025,10
12.8016996384,80.1990509033,29025,29035,10
12.801030159,80.1986694336,29035,29045,10
12.8004398346,80.198348999,29045,29054,9
12.7997398376,80.1979370117,29054,29076,22
12.7997398376,80.1979370117,29076,29086,10
12.799539566,80.1980819702,29086,29096,10
12.7993202209,80.1984481812,29096,29106,10
12.7991695404,80.198677063,29106,29116,10
12.7988195419,80.19921875,29116,29126,10
12.798500061,80.1998519897,29126,29136,10
12.7981500626,80.2006225586,29136,29146,10
12.797750473,80.2015914917,29146,29155,9
12.7973299026,80.2025604248,29155,29167,12
12.7969703674,80.2034301758,29167,29177,10
12.796959877,80.2034301758,29177,29187,10
12.7967996597,80.2038421631,29187,29197,10
12.7964601517,80.2045669556,29197,29207,10
12.7960500717,80.2054901123,29207,29217,10
12.7955598831,80.2066268921,29217,29227,10
12.7950496674,80.2077636719,29227,29237,10
12.794549942,80.2089004517,29237,29247,10
12.7941198349,80.2098999023,29247,29257,10
12.7937602997,80.2109375,29257,29268,11
12.7934904099,80.2121963501,29268,29278,10
12.7932300568,80.2133178711,29278,29288,10
12.7930698395,80.2139892578,29288,29298,10
12.7929000854,80.2147827148,29298,29308,10
12.7926502228,80.2158203125,29308,29318,10
12.7923498154,80.2170715332,29318,29338,20
12.7923498154,80.2170715332,29338,29349,11
12.79226017,80.2172775269,29349,29359,10
12.7919597626,80.2178878784,29359,29369,10
12.7914600372,80.2187194824,29369,29379,10
12.7909803391,80.2194824219,29379,29389,10
12.7905197144,80.2203216553,29389,29400,11
12.7903900146,80.2205200195,29400,29409,9
12.7903003693,80.2206192017,29409,29420,11
12.7899398804,80.2211990356,29420,29430,10
12.7896699905,80.2216186523,29430,29440,10
12.7893104553,80.2215576172,29440,29450,10
12.7886400223,80.2213134766,29450,29460,10
12.7880001068,80.2210693359,29460,29472,12
12.7875404358,80.2208862305,29472,29480,8
12.7871704102,80.2207489014,29480,29492,12
12.7866601944,80.2205581665,29492,29520,28
12.7866601944,80.2205581665,29520,29530,10
12.7864904404,80.2204666138,29530,29540,10
12.7862195969,80.2204437256,29540,29550,10
12.786190033,80.2208099365,29550,29560,10
12.7862100601,80.2211380005,29560,29570,10
12.7862501144,80.2215118408,29570,29603,33
12.7862997055,80.2216796875,29603,29785,182
12.7863397598,80.221862793,29785,31108,1323
12.7863397598,80.221862793,31108,31118,10
12.7862796783,80.2218780518,31118,31128,10
12.7862596512,80.2218017578,31128,31138,10
12.7862300873,80.221572876,31138,31148,10
12.7861795425,80.2208404541,31148,31169,21
12.7861795425,80.2208404541,31169,31179,10
12.7861700058,80.2206420898,31179,31199,20
12.7862195969,80.2204208374,31199,31229,30
12.7862195969,80.2204208374,31229,31239,10
12.786649704,80.2204589844,31239,31270,31
12.786649704,80.2204589844,31270,31280,10
12.7868003845,80.2205276489,31280,31290,10
12.7868204117,80.2205429077,31290,31300,10
12.7871198654,80.2206573486,31300,31310,10
12.7875995636,80.2208099365,31310,31320,10
12.788310051,80.2210693359,31320,31330,10
12.7891902924,80.2214202881,31330,31340,10
12.7897100449,80.2214126587,31340,31350,10
12.7899999619,80.2209014893,31350,31360,10
12.7905197144,80.2200393677,31360,31380,20
12.7905197144,80.2200393677,31380,31390,10
12.7906503677,80.2198562622,31390,31400,10
12.7909803391,80.219329834,31400,31410,10
12.7912197113,80.2189407349,31410,31420,10
12.7916202545,80.2182693481,31420,31430,10
12.7922801971,80.2168579102,31430,31451,21
12.7922801971,80.2168579102,31451,31461,10
12.7923402786,80.2166213989,31461,31471,10
12.7925195694,80.2158203125,31471,31481,10
12.7927703857,80.2146835327,31481,31491,10
12.7930698395,80.2134780884,31491,31501,10
12.793390274,80.2121429443,31501,31511,10
12.7936897278,80.2108306885,31511,31521,10
12.7941503525,80.2095718384,31521,31531,10
12.7946500778,80.2083587646,31531,31541,10
12.7951097488,80.2072982788,31541,31551,10
12.7956104279,80.2062301636,31551,31561,10
12.7961397171,80.2050170898,31561,31574,13
12.7967395782,80.2036972046,31574,31584,10
12.7970199585,80.2030410767,31584,31594,10
12.7970600128,80.2029495239,31594,31604,10
12.7973003387,80.2023925781,31604,31614,10
12.7976999283,80.2014770508,31614,31624,10
12.7981700897,80.2003631592,31624,31634,10
12.7987203598,80.1991882324,31634,31644,10
12.7994203568,80.1981430054,31644,31654,10
12.799659729,80.1978607178,31654,31664,10
12.7999095917,80.1979980469,31664,31675,11
12.7999200821,80.1979980469,31675,31685,10
12.7999401093,80.1980361938,31685,31695,10
12.800330162,80.1982498169,31695,31705,10
12.8008499146,80.1985397339,31705,31715,10
12.8015403748,80.198928833,31715,31725,10
12.8022298813,80.1993179321,31725,31735,10
12.8030500412,80.1997299194,31735,31745,10
12.8039197922,80.200050354,31745,31755,10
12.8047199249,80.2003097534,31755,31765,10
12.8056097031,80.2005233765,31765,31774,9
12.8062000275,80.2005691528,31774,31786,12
12.8062200546,80.2005691528,31786,31796,10
12.8065700531,80.2006988525,31796,31806,10
12.80727005,80.2009277344,31806,31816,10
12.8076095581,80.2004776001,31816,31826,10
12.8081703186,80.2002868652,31826,31836,10
12.8085403442,80.2004318237,31836,31846,10
12.8086595535,80.2005081177,31846,31856,10
12.8090000153,80.200881958,31856,31866,10
12.8093004227,80.2012329102,31866,31876,10
12.8094596863,80.201461792,31876,31886,10
12.8098697662,80.2019882202,31886,31897,11
12.8104000092,80.2025909424,31897,31907,10
12.8111696243,80.2036209106,31907,31927,20
12.8111696243,80.2036209106,31927,31937,10
12.8112001419,80.2039413452,31937,31947,10
12.8111495972,80.2045135498,31947,31957,10
12.8116798401,80.2047271729,31957,31967,10
12.8118495941,80.2048034668,31967,31977,10
12.8119697571,80.2048110962,31977,31987,10
12.8120698929,80.204826355,31987,31998,11
12.8125295639,80.2049636841,31998,32008,10
12.8131504059,80.2050476074,32008,32018,10
12.8137598038,80.2048568726,32018,32028,10
12.8142004013,80.204826355,32028,32038,10
12.8145103455,80.2049331665,32038,32048,10
12.8148002625,80.205039978,32048,32058,10
12.8154497147,80.2051467896,32058,32068,10
12.8160896301,80.2048187256,32068,32078,10
12.8171100616,80.2046585083,32078,32088,10
12.8177204132,80.2043075562,32088,32099,11
12.8182001114,80.2038497925,32099,32109,10
12.8184900284,80.2036437988,32109,32119,10
12.8187198639,80.2034835815,32119,32129,10
12.8193702698,80.20337677,32129,32139,10
12.8198404312,80.20337677,32139,32149,10
12.8203296661,80.2035293579,32149,32159,10
12.8210000992,80.203742981,32159,32169,10
12.8213396072,80.2036209106,32169,32179,10
12.8213300705,80.2036132813,32179,32189,10
12.8213195801,80.2032699585,32189,32200,11
12.8213195801,80.2024688721,32200,32210,10
12.8213195801,80.2016677856,32210,32220,10
12.8213100433,80.2016601563,32220,32230,10
12.8213596344,80.2013320923,32230,32240,10
12.8214302063,80.2008514404,32240,32250,10
12.8214998245,80.2001419067,32250,32260,10
12.8219003677,80.1993331909,32260,32270,10
12.8222999573,80.1988372803,32270,32280,10
12.8226003647,80.1982727051,32280,32290,10
12.8228397369,80.1974029541,32290,32300,10
12.8234300613,80.1969528198,32300,32311,11
12.8240098953,80.1962738037,32311,32321,10
12.8243398666,80.1953201294,32321,32331,10
12.8245096207,80.1947021484,32331,32341,10
12.824549675,80.1945571899,32341,32351,10
12.8249397278,80.1941223145,32351,32361,10
12.8255701065,80.1939620972,32361,32371,10
12.8263397217,80.1940994263,32371,32381,10
12.8271799088,80.1942596436,32381,32391,10
12.8282003403,80.1944580078,32391,32401,10
12.8291597366,80.1946792603,32401,32411,10
12.8300800323,80.1949234009,32411,32421,10
12.831199646,80.1951370239,32421,32431,10
12.8323602676,80.1954498291,32431,32441,10
12.8334798813,80.1958007813,32441,32451,10
12.8341798782,80.1961975098,32451,32463,12
12.8343601227,80.1972503662,32463,32475,12
12.834569931,80.198387146,32475,32485,10
12.8347101212,80.199180603,32485,32495,10
12.834859848,80.2001419067,32495,32505,10
12.8352203369,80.2008209229,32505,32515,10
12.8353996277,80.2011108398,32515,32526,11
12.8353996277,80.2011184692,32526,32536,10
12.8355302811,80.2011871338,32536,32546,10
12.8360700607,80.2012634277,32546,32556,10
12.8370199203,80.2012481689,32556,32566,10
12.83796978,80.2011032104,32566,32576,10
12.8389101028,80.2009887695,32576,32586,10
12.8395595551,80.2008972168,32586,32596,10
12.8403596878,80.2007904053,32596,32615,19
12.8403596878,80.2007904053,32615,32627,12
12.8407201767,80.2007522583,32627,32637,10
12.8412904739,80.2006835938,32637,32647,10
12.8420295715,80.2005767822,32647,32657,10
12.8427095413,80.2004776001,32657,32667,10
12.8432302475,80.2004089355,32667,32677,10
12.8438100815,80.2003631592,32677,32687,10
12.844329834,80.200302124,32687,32697,10
12.8449296951,80.2002410889,32697,32707,10
12.8454704285,80.2001800537,32707,32717,10
12.8461904526,80.2001037598,32717,32728,11
12.8468198776,80.2000274658,32728,32738,10
12.8468999863,80.2000198364,32738,32748,10
12.847120285,80.1999816895,32748,32758,10
12.8471298218,80.1999816895,32758,32768,10
12.847410202,80.1999664307,32768,32778,10
12.8476800919,80.1999511719,32778,32788,10
12.8483600616,80.1998596191,32788,32798,10
12.8493499756,80.199760437,32798,32808,10
12.8504295349,80.1996307373,32808,32818,10
12.8514699936,80.199546814,32818,32827,9
12.8523397446,80.1995010376,32827,32839,12
12.8535804749,80.1994094849,32839,32849,10
12.8545398712,80.1994094849,32849,32859,10
12.8555698395,80.1995391846,32859,32869,10
12.8563604355,80.1996383667,32869,32879,10
12.8572397232,80.1997528076,32879,32889,10
12.8579998016,80.1998291016,32889,32899,10
12.8585195541,80.1998825073,32899,32909,10
12.8587398529,80.19972229,32909,32919,10
12.8587303162,80.1996765137,32919,32929,10
12.8587903976,80.1993179321,32929,32940,11
12.8588895798,80.1987686157,32940,32950,10
12.8589801788,80.1984100342,32950,32960,10
12.859120369,80.1978302002,32960,32970,10
12.8592996597,80.1970672607,32970,32980,10
12.8594198227,80.1964035034,32980,32990,10
12.8594303131,80.1963577271,32990,33000,10
12.859459877,80.1962127686,33000,33010,10
12.8595104218,80.1960220337,33010,33020,10
12.8595600128,80.1958694458,33020,33030,10
12.8597297668,80.1952667236,33030,33040,10
12.8599796295,80.1943893433,33040,33051,11
12.8605699539,80.1934280396,33051,33061,10
12.8607997894,80.1932220459,33061,33071,10
12.8610696793,80.1931304932,33071,33081,10
12.8616600037,80.1929016113,33081,33091,10
12.8620100021,80.1923904419,33091,33101,10
12.8620996475,80.1918182373,33101,33111,10
12.8622903824,80.1913223267,33111,33131,20
12.8622903824,80.1913223267,33131,33141,10
12.8625602722,80.1912918091,33141,33151,10
12.8632001877,80.1912536621,33151,33162,11
12.8640499115,80.1911773682,33162,33172,10
12.8650903702,80.1912307739,33172,33182,10
12.8660697937,80.1912612915,33182,33192,10
12.8669595718,80.1911392212,33192,33202,10
12.8681297302,80.1911392212,33202,33212,10
12.8694000244,80.191368103,33212,33222,10
12.8704595566,80.1915817261,33222,33232,10
12.871629715,80.1917800903,33232,33243,11
12.8726396561,80.1919326782,33243,33252,9
12.8730401993,80.1919708252,33252,33263,11
12.8740100861,80.1919784546,33263,33273,10
12.8750095367,80.1920700073,33273,33283,10
12.8761100769,80.1922531128,33283,33293,10
12.8772201538,80.1925888062,33293,33303,10
12.8781099319,80.1928710938,33303,33312,9
12.878490448,80.1927566528,33312,33323,11
12.8785600662,80.192741394,33323,33333,10
12.8789901733,80.1926422119,33333,33343,10
12.8797702789,80.1925125122,33343,33353,10
12.8805999756,80.1924514771,33353,33365,12
12.8811101913,80.1924362183,33365,33375,10
12.881819725,80.1924285889,33375,33385,10
12.8820199966,80.1924209595,33385,33395,10
12.8821697235,80.1921691895,33395,33405,10
12.8823795319,80.1915817261,33405,33415,10
12.8827295303,80.1907806396,33415,33425,10
12.8828401566,80.1904983521,33425,33435,10
12.8830099106,80.1901931763,33435,33445,10
12.8833503723,80.1899337769,33445,33455,10
12.883890152,80.1898803711,33455,33466,11
12.8843898773,80.1898880005,33466,33476,10
12.884519577,80.1898880005,33476,33486,10
12.88463974,80.1899032593,33486,33496,10
12.8846998215,80.1899185181,33496,33506,10
12.8851099014,80.1899414063,33506,33516,10
12.8854598999,80.1898117065,33516,33526,10
12.8857698441,80.1894302368,33526,33536,10
12.886179924,80.1889572144,33536,33556,20
12.886179924,80.1889572144,33556,33567,11
12.8863201141,80.1884918213,33567,33577,10
12.8864002228,80.18775177,33577,33587,10
12.8864603043,80.1871032715,33587,33597,10
12.8865404129,80.1862792969,33597,33607,10
12.8867197037,80.1854171753,33607,33617,10
12.8869800568,80.1844024658,33617,33637,20
12.8869800568,80.1844024658,33637,33647,10
12.8870697021,80.1842498779,33647,33657,10
12.8873500824,80.1842422485,33657,33667,10
12.8878898621,80.1843338013,33667,33678,11
12.8887796402,80.1844482422,33678,33688,10
12.8896303177,80.1845474243,33688,33698,10
12.8904304504,80.1845016479,33698,33718,20
12.8904304504,80.1845016479,33718,33728,10
12.8904600143,80.1844787598,33728,33738,10
12.8908500671,80.1843414307,33738,33748,10
12.8915300369,80.18409729,33748,33758,10
12.8922195435,80.183883667,33758,33768,10
12.8928499222,80.1836700439,33768,33779,11
12.893409729,80.1834793091,33779,33789,10
12.8934202194,80.1834793091,33789,33799,10
12.8936395645,80.1834411621,33799,33809,10
12.8942298889,80.1832427979,33809,33819,10
12.8949699402,80.1830062866,33819,33829,10
12.8956098557,80.1827774048,33829,33839,10
12.8963603973,80.1825408936,33839,33849,10
12.8975696564,80.1821212769,33849,33880,31
12.8975696564,80.1821212769,33880,33890,10
12.8978004456,80.1821289063,33890,33900,10
12.8983602524,80.1824111938,33900,33910,10
12.8991603851,80.1828231812,33910,33920,10
12.9000101089,80.1832733154,33920,33929,9
12.9007396698,80.1836395264,33929,33941,12
12.90184021,80.1839828491,33941,33951,10
12.9028997421,80.1842803955,33951,33961,10
12.9039001465,80.1845703125,33961,33971,10
12.904129982,80.1850509644,33971,33982,11
12.9041004181,80.1859817505,33982,33992,10
12.9040498734,80.1869506836,33992,34002,10
12.9043998718,80.1875762939,34002,34012,10
12.905090332,80.1880187988,34012,34022,10
12.9058198929,80.1884765625,34022,34033,11
12.9064702988,80.1888885498,34033,34043,10
12.9066801071,80.1890411377,34043,34053,10
12.9067802429,80.1891098022,34053,34063,10
12.90721035,80.1894378662,34063,34073,10
12.9077997208,80.1899108887,34073,34083,10
12.9084796906,80.1904220581,34083,34093,10
12.9091997147,80.1909713745,34093,34103,10
12.9098796844,80.1914901733,34103,34113,10
12.9106397629,80.1916732788,34113,34123,10
12.9114599228,80.1917724609,34123,34133,10
12.9122600555,80.1918563843,34133,34145,12
12.9124403,80.1918716431,34145,34155,10
12.9159202576,80.1922302246,34155,34195,40
12.9169197083,80.1922912598,34195,34227,32
12.9169197083,80.1922912598,34227,34237,10
12.9170198441,80.1922836304,34237,34247,10
12.917140007,80.1920089722,34247,34257,10
12.9172401428,80.19140625,34257,34267,10
12.9173297882,80.1906890869,34267,34277,10
12.9173603058,80.1903762817,34277,34297,20
12.9173603058,80.1903762817,34297,34308,11
12.9174604416,80.1906585693,34308,34318,10
12.9174203873,80.1912307739,34318,34328,10
12.9173698425,80.1918334961,34328,34338,10
12.9173402786,80.1921310425,34338,34348,10
12.9173202515,80.1922988892,34348,34358,10
12.9173002243,80.1923980713,34358,34368,10
12.9172697067,80.1925888062,34368,34378,10
12.9172000885,80.1931228638,34378,34439,61
12.9171895981,80.1933364868,34439,34540,101
12.9171895981,80.1933364868,34540,34550,10
12.9172096252,80.193687439,34550,34560,10
12.9172401428,80.1939086914,34560,34570,10
12.9173297882,80.1942825317,34570,34580,10
12.9177799225,80.1947937012,34580,34590,10
12.9183301926,80.1953201294,34590,34600,10
12.9188404083,80.1958084106,34600,34610,10
12.9195203781,80.1963272095,34610,34621,11
12.9204597473,80.1967010498,34621,34631,10
12.9209098816,80.1968383789,34631,34641,10
12.920920372,80.1968383789,34641,34651,10
12.9211301804,80.1969070435,34651,34661,10
12.9217100143,80.1971206665,34661,34671,10
12.9224700928,80.1972885132,34671,34681,10
12.9231901169,80.1973800659,34681,34691,10
12.9233798981,80.1974029541,34691,34701,10
12.9238300323,80.1974411011,34701,34711,10
12.9245195389,80.1974487305,34711,34722,11
12.9252300262,80.1974411011,34722,34732,10
12.9255399704,80.1974487305,34732,34742,10
12.9264602661,80.1975326538,34742,34762,20
12.9264602661,80.1975326538,34762,34772,10
12.926659584,80.1976013184,34772,34782,10
12.9272298813,80.1979217529,34782,34792,10
12.9277801514,80.1984634399,34792,34802,10
12.9281797409,80.1992111206,34802,34812,10
12.9284601212,80.2001037598,34812,34822,10
12.9285097122,80.2010192871,34822,34833,11
12.9285497665,80.2019424438,34833,34843,10
12.9287595749,80.20262146,34843,34853,10
12.9295597076,80.2027282715,34853,34873,20
12.9295597076,80.2027282715,34873,34883,10
12.9298200607,80.2027435303,34883,34893,10
12.9302997589,80.2028198242,34893,34903,10
12.9309396744,80.2029495239,34903,34913,10
12.9316797256,80.2032012939,34913,34923,10
12.9325399399,80.2034912109,34923,34933,10
12.9332704544,80.2037582397,34933,34944,11
12.9340896606,80.2038726807,34944,34964,20
12.9340896606,80.2038726807,34964,34974,10
12.9342403412,80.2038803101,34974,34984,10
12.934630394,80.2039108276,34984,34994,10
12.935259819,80.2041015625,34994,35003,9
12.9358501434,80.2043685913,35003,35014,11
12.9364299774,80.2045516968,35014,35024,10
12.9372196198,80.2047805786,35024,35036,12
12.9381198883,80.2050170898,35036,35046,10
12.9388198853,80.2052307129,35046,35054,8
12.9393596649,80.2053985596,35054,35066,12
12.9397497177,80.2055282593,35066,35076,10
12.9400100708,80.2055892944,35076,35086,10
12.9400396347,80.2055969238,35086,35096,10
12.9401903152,80.205657959,35096,35106,10
12.9407396317,80.2058410645,35106,35116,10
12.9413995743,80.2061386108,35116,35126,10
12.9419698715,80.2065429688,35126,35136,10
12.9425096512,80.2069778442,35136,35147,11
12.9429702759,80.2075576782,35147,35157,10
12.9434299469,80.2079925537,35157,35167,10
12.9443397522,80.2083282471,35167,35187,20
12.9443397522,80.2083282471,35187,35197,10
12.9445199966,80.2083892822,35197,35207,10
12.9450798035,80.2086029053,35207,35217,10
12.9457998276,80.2088165283,35217,35227,10
12.9464502335,80.2090377808,35227,35237,10
12.9472103119,80.2093200684,35237,35248,11
12.9481801987,80.2096633911,35248,35258,10
12.9485902786,80.2098083496,35258,35268,10
12.9489402771,80.2099304199,35268,35278,10
12.9489803314,80.2099380493,35278,35288,10
12.9492998123,80.2100906372,35288,35298,10
12.9499702454,80.210357666,35298,35308,10
12.9507303238,80.2106933594,35308,35318,10
12.951499939,80.2110671997,35318,35328,10
12.9523096085,80.2114181519,35328,35338,10
12.9530601501,80.2117385864,35338,35349,11
12.9537401199,80.2119827271,35349,35359,10
12.953789711,80.2120132446,35359,35369,10
12.9539604187,80.2120895386,35369,35379,10
12.9545297623,80.2123336792,35379,35389,10
12.955329895,80.212638855,35389,35399,10
12.9561500549,80.2129669189,35399,35409,10
12.9569702148,80.2132797241,35409,35419,10
12.9577903748,80.2136077881,35419,35429,10
12.9586896896,80.2139816284,35429,35439,10
12.9594202042,80.2142486572,35439,35449,10
12.9599704742,80.2144927979,35449,35460,11
12.9607095718,80.2147827148,35460,35470,10
12.9614496231,80.2150802612,35470,35480,10
12.9623298645,80.2154083252,35480,35490,10
12.9630899429,80.2156906128,35490,35500,10
12.9633903503,80.2158203125,35500,35510,10
12.9637098312,80.2159423828,35510,35520,10
12.964099884,80.2160873413,35520,35530,10
12.9641704559,80.2161178589,35530,35540,10
12.9642496109,80.2161636353,35540,35550,10
12.9644403458,80.2162399292,35550,35561,11
12.9650402069,80.2165222168,35561,35571,10
12.9658203125,80.2168426514,35571,35581,10
12.9666404724,80.2171783447,35581,35591,10
12.9674501419,80.2174987793,35591,35601,10
12.9680299759,80.2177505493,35601,35611,10
12.9686403275,80.2179794312,35611,35621,10
12.9694499969,80.2182998657,35621,35631,10
12.9703102112,80.2186279297,35631,35641,10
12.9708404541,80.2188262939,35641,35651,10
12.9712295532,80.2189331055,35651,35682,31
12.9712295532,80.2189331055,35682,35692,10
12.9713401794,80.2189865112,35692,35702,10
12.9715099335,80.2190628052,35702,35712,10
12.9717798233,80.2191619873,35712,35732,20
12.9717798233,80.2191619873,35732,35742,10
12.9718599319,80.2191772461,35742,35752,10
12.9719800949,80.2192611694,35752,35762,10
12.9722003937,80.2193222046,35762,35783,21
12.9722003937,80.2193222046,35783,35793,10
12.9722995758,80.2193908691,35793,35883,90
12.9722995758,80.2193908691,35883,35893,10
12.9724502563,80.2193984985,35893,35903,10
12.9726696014,80.2194595337,35903,35913,10
12.9728803635,80.219543457,35913,35923,10
12.9731197357,80.219619751,35923,35933,10
12.9734697342,80.2197799683,35933,36034,101
12.9734697342,80.2197799683,36034,36044,10
12.9737100601,80.2199401855,36044,36054,10
12.9739904404,80.2200698853,36054,36064,10
12.9746999741,80.2203903198,36064,36177,113
12.9746999741,80.2203903198,36177,36187,10
12.9749298096,80.2205505371,36187,36198,11
12.975279808,80.2206420898,36198,36208,10
12.9754896164,80.2207107544,36208,36218,10
12.9756402969,80.2208633423,36218,36228,10
12.9757995605,80.2210083008,36228,36238,10
12.9762096405,80.2212295532,36238,36268,30
12.9762096405,80.2212295532,36268,36278,10
12.9762601852,80.2212219238,36278,36287,9
12.9765996933,80.2212295532,36287,36299,12
12.9772996902,80.2211685181,36299,36309,10
12.9778995514,80.2211685181,36309,36319,10
12.9784498215,80.2210998535,36319,36329,10
12.979060173,80.2210693359,36329,36339,10
12.9797401428,80.2210235596,36339,36349,10
12.9804496765,80.2209625244,36349,36359,10
12.9810800552,80.2210083008,36359,36369,10
12.9816503525,80.2213287354,36369,36379,10
12.9821100235,80.2216415405,36379,36389,10
12.9822301865,80.2217025757,36389,36400,11
12.9826002121,80.2218017578,36400,36410,10
12.983039856,80.2219619751,36410,36430,20
12.983039856,80.2219619751,36430,36440,10
12.9831199646,80.2220077515,36440,36450,10
12.9833297729,80.2221374512,36450,36460,10
12.9834604263,80.2222518921,36460,36470,10
12.9836797714,80.2224121094,36470,36480,10
12.9840803146,80.2226409912,36480,36490,10
12.9846096039,80.2229766846,36490,36500,10
12.9850301743,80.2231674194,36500,36511,11
12.985449791,80.2232513428,36511,36521,10
12.9857501984,80.2229766846,36521,36531,10
12.9862804413,80.2229309082,36531,36541,10
12.9865102768,80.2229385376,36541,36551,10
12.986579895,80.2229385376,36551,36561,10
12.9870004654,80.2229995728,36561,36571,10
12.9875602722,80.2230529785,36571,36581,10
12.9881401062,80.2227172852,36581,36591,10
12.9887599945,80.2222213745,36591,36601,10
12.9891996384,80.2217712402,36601,36612,11
12.9896297455,80.2210693359,36612,36622,10
12.9901895523,80.2204818726,36622,36632,10
12.9905195236,80.2202529907,36632,36642,10
12.9906902313,80.2201538086,36642,36652,10
12.991109848,80.219871521,36652,36662,10
12.9914102554,80.2195968628,36662,36672,10
12.9918403625,80.219329834,36672,36682,10
12.992480278,80.2188568115,36682,36692,10
12.9931402206,80.2183685303,36692,36702,10
12.9937496185,80.217880249,36702,36712,10
12.9942502975,80.2175369263,36712,36723,11
12.994799614,80.2171630859,36723,36733,10
12.9951601028,80.2169189453,36733,36743,10
12.9956197739,80.2166671753,36743,36753,10
12.9962997437,80.2164993286,36753,36763,10
12.9969701767,80.2164230347,36763,36793,30
12.9969701767,80.2164230347,36793,36803,10
12.9976396561,80.2164535522,36803,36824,21
12.9976396561,80.2164535522,36824,36834,10
12.9979095459,80.2164764404,36834,36844,10
12.998459816,80.2166366577,36844,36854,10
12.9991703033,80.2169876099,36854,36864,10
12.9998502731,80.2173995972,36864,36874,10
13.0004796982,80.2177810669,36874,36884,10
13.0010995865,80.2181777954,36884,36894,10
13.0017004013,80.2186126709,36894,36904,10
13.0022602081,80.2192077637,36904,36914,10
13.0029497147,80.2197570801,36914,36924,10
13.0035896301,80.2199478149,36924,36934,10
13.0043096542,80.2201309204,36934,36944,10
13.0048398972,80.2202224731,36944,36954,10
13.0051898956,80.2202987671,36954,36964,10
13.0057697296,80.2204208374,36964,36974,10
13.0065603256,80.2205886841,36974,36985,11
13.007349968,80.2210083008,36985,36995,10
13.0082502365,80.2214889526,36995,37005,10
13.0089797974,80.2218780518,37005,37015,10
13.0097103119,80.2222976685,37015,37025,10
13.011059761,80.2229919434,37025,37045,20
13.011059761,80.2229919434,37045,37055,10
13.0111999512,80.2230834961,37055,37065,10
13.0113601685,80.2231216431,37065,37075,10
13.0116100311,80.2228012085,37075,37085,10
13.0118398666,80.2219772339,37085,37095,10
13.0122404099,80.2214126587,37095,37105,10
13.0125703812,80.2218170166,37105,37115,10
13.0130596161,80.222442627,37115,37125,10
13.0136699677,80.2230987549,37125,37138,13
13.0143604279,80.2238388062,37138,37148,10
13.0149497986,80.2244262695,37148,37158,10
13.0156698227,80.2250595093,37158,37178,20
13.0156698227,80.2250595093,37178,37188,10
13.0158100128,80.225189209,37188,37198,10
13.0163602829,80.2253112793,37198,37208,10
13.0171203613,80.2250366211,37208,37218,10
13.0173997879,80.2249069214,37218,37228,10
13.0175800323,80.2248535156,37228,37239,11
13.0178604126,80.2247390747,37239,37249,10
13.0180397034,80.2246627808,37249,37259,10
13.0181303024,80.2246170044,37259,37269,10
13.0182304382,80.2245635986,37269,37279,10
13.0183601379,80.2245025635,37279,37289,10
13.0186195374,80.2244033813,37289,37299,10
13.018989563,80.2242965698,37299,37309,10
13.0194301605,80.2242965698,37309,37329,20
13.0194301605,80.2242965698,37329,37339,10
13.0194797516,80.224319458,37339,37350,11
13.0194997787,80.2243423462,37350,37360,10
13.019659996,80.2244415283,37360,37370,10
13.0199298859,80.2246398926,37370,37380,10
13.0200595856,80.2247390747,37380,37390,10
13.0200901031,80.2247695923,37390,37400,10
13.0202598572,80.2248687744,37400,37410,10
13.0204601288,80.2249984741,37410,37420,10
13.0207099915,80.2251815796,37420,37430,10
13.0209703445,80.2253799438,37430,37440,10
13.0212202072,80.2256393433,37440,37451,11
13.0215597153,80.2258911133,37451,37461,10
13.0216999054,80.2259597778,37461,37471,10
13.0218400955,80.2260437012,37471,37481,10
13.0220098495,80.2261581421,37481,37491,10
13.0222101212,80.2263031006,37491,37501,10
13.0225200653,80.2265930176,37501,37541,40
13.0225200653,80.2265930176,37541,37551,10
13.0227003098,80.2267684937,37551,37562,11
13.0227804184,80.2268371582,37562,37572,10
13.0228500366,80.2269363403,37572,37582,10
13.0229501724,80.2270278931,37582,37592,10
13.0231399536,80.2272033691,37592,37602,10
13.0232896805,80.2273406982,37602,37632,30
13.0232896805,80.2273406982,37632,37642,10
13.0234603882,80.2274703979,37642,37652,10
13.0236902237,80.2276763916,37652,37663,11
13.0240602493,80.2279968262,37663,37673,10
13.0244197845,80.2284164429,37673,37723,50
13.0244197845,80.2284164429,37723,37733,10
13.0244598389,80.2284927368,37733,37743,10
13.0242900848,80.2285308838,37743,37753,10
13.023900032,80.2280807495,37753,37764,11
13.0231704712,80.2273483276,37764,37774,10
13.0223798752,80.2266693115,37774,37784,10
13.0215997696,80.2260437012,37784,37794,10
13.0208797455,80.2254867554,37794,37804,10
13.0201997757,80.2250366211,37804,37814,10
13.0200004578,80.2248764038,37814,37824,10
13.0197696686,80.2247314453,37824,37834,10
13.0191898346,80.2245025635,37834,37844,10
13.0183801651,80.2246704102,37844,37854,10
13.0175895691,80.2249832153,37854,37864,10
13.0167999268,80.2253036499,37864,37875,11
13.0162096024,80.2255401611,37875,37885,10
13.0155496597,80.2257385254,37885,37895,10
13.0149803162,80.2259597778,37895,37905,10
13.0145301819,80.2260894775,37905,37915,10
13.0141897202,80.2261123657,37915,37925,10
13.0141601563,80.2259063721,37925,37935,10
13.0140895844,80.2255477905,37935,38098,163
13.0140895844,80.2255477905,38098,38108,10
13.0140695572,80.2254714966,38108,38118,10
13.0141601563,80.2253112793,38118,38128,10
13.0144901276,80.2250976563,38128,38875,747
13.0144901276,80.2250976563,38875,38885,10
13.0144500732,80.2253112793,38885,38895,10
13.0143098831,80.2254562378,38895,38905,10
13.0142202377,80.226020813,38905,39107,202
13.0142402649,80.2261581421,39107,39149,42
13.0142402649,80.2261581421,39149,39159,10
13.0139303207,80.2263412476,39159,39169,10
13.0130996704,80.2266616821,39169,39179,10
13.0121803284,80.2270278931,39179,39189,10
13.0112400055,80.2274017334,39189,39199,10
13.0101804733,80.2278213501,39199,39209,10
13.0095396042,80.2277908325,39209,39219,10
13.0097198486,80.2271575928,39219,39229,10
13.0100803375,80.2263717651,39229,39239,10
13.0106401443,80.2250289917,39239,39260,21
13.0106401443,80.2250289917,39260,39270,10
13.0106801987,80.2249069214,39270,39280,10
13.0109195709,80.2242889404,39280,39290,10
13.0112199783,80.2234802246,39290,39300,10
13.0110397339,80.2230987549,39300,39310,10
13.0103902817,80.2228164673,39310,39320,10
13.0102701187,80.2227401733,39320,39330,10
13.0096702576,80.2223815918,39330,39340,10
13.0088596344,80.2219390869,39340,39351,11
13.007900238,80.2214279175,39351,39361,10
13.0070295334,80.221031189,39361,39371,10
13.0060501099,80.2206497192,39371,39381,10
13.0049295425,80.2203903198,39381,39391,10
13.0044698715,80.2202682495,39391,39401,10
13.0038995743,80.2201080322,39401,39411,10
13.0030403137,80.2199020386,39411,39420,9
13.0022497177,80.2193603516,39420,39431,11
13.0014801025,80.2185592651,39431,39441,10
13.0009698868,80.218208313,39441,39450,9
13.0004301071,80.217880249,39450,39462,12
12.9995803833,80.2173614502,39462,39472,10
12.9987297058,80.2169113159,39472,39482,10
12.997590065,80.2165603638,39482,39502,20
12.997590065,80.2165603638,39502,39512,10
12.9973697662,80.2165222168,39512,39522,10
12.9969997406,80.2165374756,39522,39532,10
12.9963798523,80.2166137695,39532,39542,10
12.9956502914,80.2167816162,39542,39552,10
12.9949998856,80.217086792,39552,39563,11
12.9944200516,80.2174987793,39563,39573,10
12.9940099716,80.2177886963,39573,39583,10
12.9935398102,80.2181091309,39583,39593,10
12.9930095673,80.21849823,39593,39603,10
12.9924097061,80.2189331055,39603,39613,10
12.991809845,80.2193832397,39613,39623,10
12.9914703369,80.2196273804,39623,39633,10
12.9909696579,80.2200164795,39633,39643,10
12.9909095764,80.2200698853,39643,39653,10
12.9907598495,80.220161438,39653,39664,11
12.9901199341,80.2206878662,39664,39674,10
12.9895801544,80.221321106,39674,39684,10
12.9894695282,80.2214508057,39684,39694,10
12.9893102646,80.2216567993,39694,39704,10
12.9887695313,80.2222976685,39704,39714,10
12.9881896973,80.2228317261,39714,39724,10
12.9876699448,80.2231216431,39724,39734,10
12.9870996475,80.2230834961,39734,39744,10
12.9867696762,80.2230072021,39744,39754,10
12.9860496521,80.2229919434,39754,39764,10
12.9855298996,80.2231674194,39764,39775,11
12.9850797653,80.2232284546,39775,39785,10
12.9845600128,80.2230529785,39785,39795,10
12.9840202332,80.2227325439,39795,39805,10
12.9834499359,80.2223968506,39805,39815,10
12.9831800461,80.2221984863,39815,39825,10
12.9831495285,80.2221908569,39825,39835,10
12.9828100204,80.2220077515,39835,39845,10
12.9825601578,80.2219314575,39845,39855,10
12.9820899963,80.2217636108,39855,39865,10
12.982000351,80.2217178345,39865,39876,11
12.9816999435,80.2214736938,39876,39886,10
12.9809398651,80.2212677002,39886,39896,10
12.9802999496,80.2212219238,39896,39906,10
12.9797801971,80.2211990356,39906,39916,10
12.9789896011,80.2212219238,39916,39926,10
12.9782400131,80.2212371826,39926,39936,10
12.9774398804,80.2212677002,39936,39946,10
12.9765796661,80.2212677002,39946,39956,10
12.976269722,80.221282959,39956,39966,10
12.976099968,80.2213134766,39966,39976,10
12.9758996964,80.2212905884,39976,39986,10
12.9758501053,80.2212600708,39986,39996,10
12.975689888,80.2211074829,39996,40046,50
12.9755096436,80.2209396362,40046,40087,41
12.9755096436,80.2209396362,40087,40097,10
12.9755096436,80.2209014893,40097,40107,10
12.9751195908,80.2207183838,40107,40117,10
12.9743499756,80.2204437256,40117,40127,10
12.973690033,80.2202377319,40127,40137,10
12.972990036,80.2199325562,40137,40147,10
12.9720897675,80.2195968628,40147,40157,10
12.9709796906,80.2192077637,40157,40177,20
12.9709796906,80.2192077637,40177,40187,10
12.9708204269,80.2191009521,40187,40200,13
12.9699001312,80.2186431885,40200,40207,7
12.9692001343,80.2183685303,40207,40220,13
12.9680700302,80.2179031372,40220,40230,10
12.967209816,80.2175369263,40230,40240,10
12.9661197662,80.2170791626,40240,40250,10
12.9650402069,80.2166595459,40250,40260,10
12.9640798569,80.216293335,40260,40270,10
12.9632797241,80.2159423828,40270,40280,10
12.9628601074,80.2157669067,40280,40290,10
12.9628000259,80.2157363892,40290,40301,11
12.9621896744,80.2155075073,40301,40311,10
12.9612903595,80.2151489258,40311,40321,10
12.9602203369,80.2147216797,40321,40331,10
12.9593296051,80.2143707275,40331,40341,10
12.9584598541,80.2139968872,40341,40351,10
12.9573402405,80.2135620117,40351,40361,10
12.9560203552,80.2130279541,40361,40371,10
12.9547595978,80.212562561,40371,40379,8
12.9539804459,80.2122497559,40379,40391,12
12.9537696838,80.2121810913,40391,40402,11
12.9534301758,80.2120437622,40402,40412,10
12.9526100159,80.211730957,40412,40422,10
12.9515304565,80.2113189697,40422,40432,10
12.9504003525,80.2109298706,40432,40442,10
12.9486398697,80.2102432251,40442,40462,20
12.9486398697,80.2102432251,40462,40472,10
12.9485301971,80.2101821899,40472,40482,10
12.9481201172,80.2100296021,40482,40492,10
12.9472398758,80.2097091675,40492,40502,10
12.946100235,80.2092437744,40502,40513,11
12.9449195862,80.2086715698,40513,40523,10
12.944319725,80.208442688,40523,40533,10
12.9442596436,80.2084197998,40533,40543,10
12.9440803528,80.2083587646,40543,40553,10
12.9433803558,80.2080612183,40553,40563,10
12.9427900314,80.2074813843,40563,40573,10
12.9422702789,80.2069091797,40573,40583,10
12.9416704178,80.2063980103,40583,40593,10
12.9413204193,80.2061691284,40593,40603,10
12.941069603,80.2060623169,40603,40614,11
12.9409198761,80.2060089111,40614,40624,10
12.9403800964,80.2058105469,40624,40634,10
12.9396495819,80.2056121826,40634,40644,10
12.9388504028,80.2053527832,40644,40654,10
12.9382095337,80.2051467896,40654,40664,10
12.9375095367,80.2049636841,40664,40674,10
12.9365997314,80.2047195435,40674,40684,10
12.9357004166,80.2044525146,40684,40694,10
12.9348497391,80.2040710449,40694,40704,10
12.9337396622,80.2039718628,40704,40725,21
12.9337396622,80.2039718628,40725,40735,10
12.9334001541,80.203918457,40735,40745,10
12.9329299927,80.2037582397,40745,40755,10
12.932299614,80.2035217285,40755,40765,10
12.9313898087,80.2032165527,40765,40775,10
12.9305801392,80.2029571533,40775,40785,10
12.9294996262,80.2028121948,40785,40805,20
12.9294996262,80.2028121948,40805,40815,10
12.9293899536,80.2027893066,40815,40826,11
12.9290800095,80.2027587891,40826,40836,10
12.928560257,80.2024993896,40836,40846,10
12.9285001755,80.2017288208,40846,40856,10
12.928440094,80.2005996704,40856,40866,10
12.9281702042,80.1992874146,40866,40876,10
12.9275798798,80.1982727051,40876,40886,10
12.9266500473,80.1976699829,40886,40896,10
12.9262800217,80.197593689,40896,40906,10
12.9262599945,80.197593689,40906,40916,10
12.9257602692,80.1975326538,40916,40927,11
12.9253501892,80.1975402832,40927,40937,10
12.924659729,80.197517395,40937,40947,10
12.9236497879,80.1974868774,40947,40957,10
12.9227199554,80.1973571777,40957,40967,10
12.92208004,80.197303772,40967,40977,10
12.9220304489,80.1972885132,40977,40987,10
12.92166996,80.1971588135,40987,40997,10
12.9209403992,80.1968994141,40997,41007,10
12.9200601578,80.1966018677,41007,41017,10
12.9193897247,80.1963119507,41017,41027,10
12.9190196991,80.1960601807,41027,41037,10
12.9188098907,80.1958694458,41037,41047,10
12.9184999466,80.195602417,41047,41057,10
12.9179897308,80.1951522827,41057,41067,10
12.9173698425,80.1945571899,41067,41078,11
12.9171495438,80.1942596436,41078,41087,9
12.9169998169,80.1938400269,41087,41098,11
12.9170198441,80.1930236816,41098,41108,10
12.9170198441,80.1923980713,41108,41118,10
12.9166402817,80.1923522949,41118,41158,40
12.9166402817,80.1923522949,41158,41168,10
12.9161996841,80.1923599243,41168,41178,10
12.9154195786,80.1922912598,41178,41188,10
12.9145803452,80.1922225952,41188,41198,10
12.9134502411,80.1920776367,41198,41208,10
12.9120397568,80.1918792725,41208,41218,10
12.9107303619,80.1917190552,41218,41228,10
12.9099502563,80.1916275024,41228,41238,10
12.909740448,80.1914825439,41238,41251,13
12.9094200134,80.1912002563,41251,41261,10
12.9086198807,80.1905899048,41261,41271,10
12.9074897766,80.1897506714,41271,41281,10
12.9065599442,80.1890335083,41281,41291,10
12.9061698914,80.1887588501,41291,41301,10
12.9061203003,80.1886978149,41301,41311,10
12.9055700302,80.1883773804,41311,41321,10
12.9046401978,80.1877822876,41321,41331,10
12.903960228,80.1870193481,41331,41341,10
12.9040203094,80.185836792,41341,41352,11
12.9040002823,80.1847229004,41352,41362,10
12.9033098221,80.184463501,41362,41372,10
12.9022302628,80.1841506958,41372,41382,10
12.9012804031,80.1838989258,41382,41392,10
12.9003801346,80.1835327148,41392,41402,10
12.8992004395,80.1829299927,41402,41412,10
12.8980703354,80.1823501587,41412,41422,10
12.8973302841,80.1819992065,41422,41442,20
12.8973302841,80.1819992065,41442,41453,11
12.8971395493,80.1819076538,41453,41463,10
12.8964796066,80.1815719604,41463,41473,10
12.8955202103,80.1810913086,41473,41483,10
12.8943796158,80.1804962158,41483,41493,10
12.893529892,80.1800765991,41493,41503,10
12.8934001923,80.1800308228,41503,41513,10
12.8933496475,80.1799621582,41513,41523,10
12.8930397034,80.1794662476,41523,41533,10
12.8925800323,80.1785964966,41533,41543,10
12.8920698166,80.1776733398,41543,41553,10
12.8915596008,80.1767807007,41553,41564,11
12.8914403915,80.1765518188,41564,41574,10
12.8913297653,80.1763534546,41574,41584,10
12.890999794,80.175743103,41584,41594,10
12.8906297684,80.1750564575,41594,41604,10
12.8901796341,80.1744995117,41604,41614,10
12.8898601532,80.1743774414,41614,41624,10
12.8895397186,80.1742401123,41624,41634,10
12.8891496658,80.1740264893,41634,41644,10
12.888299942,80.1735916138,41644,41654,10
12.887169838,80.1730117798,41654,41665,11
12.8856296539,80.1722106934,41665,41675,10
12.8840904236,80.1714096069,41675,41685,10
12.8828201294,80.1707611084,41685,41695,10
12.8822803497,80.1706695557,41695,41705,10
12.8822698593,80.1707000732,41705,41715,10
12.8820695877,80.1709518433,41715,41725,10
12.8815202713,80.1708984375,41725,41735,10
12.8812999725,80.1708068848,41735,41745,10
12.8806295395,80.1705703735,41745,41755,10
12.8797197342,80.1701126099,41755,41765,10
12.878660202,80.1700134277,41765,41775,10
12.8772697449,80.1703720093,41775,41787,12
12.8759098053,80.1708374023,41787,41799,12
12.8745298386,80.1717071533,41799,41808,9
12.8732795715,80.1725387573,41808,41817,9
12.8719501495,80.1734085083,41817,41828,11
12.8703699112,80.1744689941,41828,41838,10
12.8691596985,80.1752929688,41838,41848,10
12.8683204651,80.1758575439,41848,41858,10
12.8675098419,80.1759109497,41858,41869,11
12.8667697906,80.1758499146,41869,41879,10
12.8657999039,80.175743103,41879,41889,10
12.8651800156,80.1756668091,41889,41899,10
12.8650398254,80.1756210327,41899,41909,10
12.86439991,80.1752700806,41909,41919,10
12.8634300232,80.1746673584,41919,41928,9
12.8624601364,80.1741027832,41928,41939,11
12.8612203598,80.1735687256,41939,41949,10
12.8602199554,80.1731262207,41949,41959,10
12.8594198227,80.1727905273,41959,41969,10
12.8588199615,80.1725769043,41969,41981,12
12.85779953,80.1724014282,41981,41991,10
12.8574800491,80.1723403931,41991,42001,10
12.8570299149,80.1722488403,42001,42011,10
12.8564195633,80.1721420288,42011,42041,30
12.8564195633,80.1721420288,42041,42051,10
12.8562898636,80.1721115112,42051,42061,10
12.8560400009,80.1720428467,42061,42071,10
12.8558998108,80.1719970703,42071,42081,10
12.8554897308,80.1718826294,42081,42092,11
12.8546600342,80.1716384888,42092,42102,10
12.8537597656,80.17137146,42102,42112,10
12.8530502319,80.1712188721,42112,42122,10
12.8521900177,80.1711425781,42122,42132,10
12.8513097763,80.1709976196,42132,42142,10
12.8509702682,80.1709365845,42142,42152,10
12.8508901596,80.1709213257,42152,42162,10
12.8502902985,80.1708221436,42162,42172,10
12.8492803574,80.1706466675,42172,42182,10
12.8479299545,80.1704177856,42182,42193,11
12.8463897705,80.1702270508,42193,42203,10
12.8449296951,80.170173645,42203,42213,10
12.8434295654,80.1700286865,42213,42223,10
12.8418903351,80.1699676514,42223,42233,10
12.8404598236,80.169960022,42233,42243,10
12.8392295837,80.169960022,42243,42253,10
12.8383302689,80.1696395874,42253,42263,10
12.8380203247,80.169342041,42263,42273,10
12.8376502991,80.1692962646,42273,42283,10
12.8372001648,80.1691131592,42283,42293,10
12.8370704651,80.1688995361,42293,42304,11
12.8367700577,80.1687927246,42304,42314,10
12.8362703323,80.1686325073,42314,42324,10
12.8359804153,80.1684188843,42324,42334,10
12.8357896805,80.1678771973,42334,42344,10
12.8353004456,80.16771698,42344,42354,10
12.8345804214,80.1673431396,42354,42364,10
12.8336801529,80.1668701172,42364,42374,10
12.8327703476,80.1663208008,42374,42384,10
12.8318300247,80.1659011841,42384,42394,10
12.8309698105,80.1656570435,42394,42405,11
12.8300304413,80.1654815674,42405,42415,10
12.8291702271,80.1653366089,42415,42425,10
12.82833004,80.1652374268,42425,42435,10
12.8275699615,80.1651535034,42435,42838,403
12.8275699615,80.1651535034,42838,42848,10
12.8273801804,80.1650619507,42848,42858,10
12.8270196915,80.1648330688,42858,42868,10
12.8268003464,80.1646881104,42868,42878,10
12.8263702393,80.1643981934,42878,42889,11
12.8256998062,80.1640014648,42889,42898,9
12.8249797821,80.1636505127,42898,42908,10
12.8240003586,80.1630477905,42908,42919,11
12.8226299286,80.1623382568,42919,42929,10
12.8212604523,80.161781311,42929,42939,10
12.8198604584,80.1611862183,42939,42949,10
12.8187198639,80.1606903076,42949,42959,10
12.8181600571,80.1604690552,42959,42969,10
12.8179998398,80.16040802,42969,42979,10
12.8175296783,80.1602935791,42979,42989,10
12.8171195984,80.1602020264,42989,42999,10
12.8169202805,80.1601486206,42999,43009,10
12.8162298203,80.1600036621,43009,43019,10
12.8152399063,80.1597976685,43019,43029,10
12.8141899109,80.1596069336,43029,43042,13
12.8128595352,80.1594467163,43042,43052,10
12.8116102219,80.1594390869,43052,43072,20
12.8116102219,80.1594390869,43072,43082,10
12.811249733,80.1595230103,43082,43092,10
12.810669899,80.1596908569,43092,43102,10
12.8100299835,80.1595687866,43102,43163,61
12.8100299835,80.1595687866,43163,43173,10
12.8103504181,80.1596908569,43173,43375,202
12.8103504181,80.1596908569,43375,43385,10
12.8107500076,80.1596679688,43385,43395,10
12.8112602234,80.1595230103,43395,43405,10
12.8115997314,80.1594390869,43405,43415,10
12.8116102219,80.1594390869,43415,43425,10
12.8118801117,80.1593704224,43425,43435,10
12.8124504089,80.1593780518,43435,43445,10
12.813170433,80.1595077515,43445,43455,10
12.814040184,80.1595916748,43455,43466,11
12.8150501251,80.1597671509,43466,43476,10
12.8161096573,80.1599731445,43476,43486,10
12.8168201447,80.1601333618,43486,43496,10
12.8171796799,80.1601867676,43496,43506,10
12.8173599243,80.1602401733,43506,43516,10
12.8177995682,80.1603469849,43516,43526,10
12.8180904388,80.16040802,43526,43536,10
12.8182601929,80.1604614258,43536,43546,10
12.8187599182,80.1606826782,43546,43556,10
12.8196697235,80.1610870361,43556,43567,11
12.8210096359,80.1616592407,43567,43577,10
12.8223304749,80.1622009277,43577,43587,10
12.8236103058,80.1627807617,43587,43597,10
12.8247804642,80.1635284424,43597,43607,10
12.825799942,80.1640472412,43607,43617,10
12.8265399933,80.1644973755,43617,43627,10
12.8269100189,80.1647415161,43627,43637,10
12.8272800446,80.1649703979,43637,43647,10
12.8273801804,80.1650314331,43647,43657,10
12.8275403976,80.1650924683,43657,43667,10
12.8278198242,80.1651611328,43667,43678,11
12.8278303146,80.1651535034,43678,43688,10
12.8280000687,80.1651611328,43688,43698,10
12.8282804489,80.1651992798,43698,43708,10
12.829000473,80.1652679443,43708,43718,10
12.8297901154,80.1653900146,43718,43728,10
12.8305501938,80.1655273438,43728,43738,10
12.8315601349,80.1657791138,43738,43748,10
12.8325595856,80.1661911011,43748,43758,10
12.8335599899,80.1667480469,43758,43789,31
12.8335599899,80.1667480469,43789,43799,10
12.8339395523,80.1669464111,43799,43809,10
12.8346300125,80.1673431396,43809,43819,10
12.8353900909,80.1677093506,43819,43829,10
12.8357696533,80.1678390503,43829,43839,10
12.835940361,80.1682662964,43839,43849,10
12.8362503052,80.168586731,43849,43859,10
12.836520195,80.1687011719,43859,43869,10
12.8369197845,80.168800354,43869,43879,10
12.8371400833,80.1689987183,43879,43889,10
12.8374004364,80.1692123413,43889,43899,10
12.8379802704,80.1692962646,43899,43909,10
12.8382396698,80.1694869995,43909,43920,11
12.8387203217,80.1697769165,43920,43930,10
12.8394498825,80.169960022,43930,43940,10
12.8401699066,80.169921875,43940,43950,10
12.8411502838,80.169960022,43950,43960,10
12.8424797058,80.169921875,43960,43970,10
12.8438997269,80.1700668335,43970,43979,9
12.8451795578,80.1701583862,43979,43990,11
12.8466501236,80.170211792,43990,44000,10
12.8475599289,80.1703414917,44000,44010,10
12.8484802246,80.170501709,44010,44020,10
12.8494901657,80.1706771851,44020,44030,10
12.8505296707,80.1708297729,44030,44040,10
12.8507995605,80.1708908081,44040,44050,10
12.8511800766,80.1709365845,44050,44060,10
12.8519897461,80.1710662842,44060,44070,10
12.852689743,80.1711807251,44070,44080,10
12.8533000946,80.1712417603,44080,44090,10
12.8543195724,80.1714935303,44090,44103,13
12.8558597565,80.1719512939,44103,44113,10
12.8563604355,80.1720809937,44113,44123,10
12.8563995361,80.172088623,44123,44133,10
12.8565196991,80.17212677,44133,44143,10
12.8571395874,80.1722564697,44143,44153,10
12.8576402664,80.1723403931,44153,44163,10
12.8581600189,80.1724395752,44163,44173,10
12.85916996,80.1726531982,44173,44183,10
12.8604202271,80.1732025146,44183,44193,10
12.8617801666,80.1737976074,44193,44204,11
12.8632202148,80.1745223999,44204,44214,10
12.8642101288,80.1751403809,44214,44224,10
12.8649702072,80.1755828857,44224,44234,10
12.8654098511,80.1756668091,44234,44244,10
12.8655595779,80.1756820679,44244,44254,10
12.8662204742,80.1757507324,44254,44264,10
12.8671798706,80.1758422852,44264,44274,10
12.8680696487,80.1759185791,44274,44284,10
12.8688497543,80.175491333,44284,44294,10
12.8697595596,80.1748733521,44294,44305,11
12.8706998825,80.1742401123,44305,44315,10
12.8716001511,80.1736526489,44315,44325,10
12.8725700378,80.1730194092,44325,44335,10
12.8738203049,80.1721572876,44335,44345,10
12.8751401901,80.1713027954,44345,44355,10
12.8757400513,80.1709213257,44355,44363,8
12.8777704239,80.1701583862,44363,44375,12
12.8777704239,80.1701583862,44375,44385,10
12.8791503906,80.1698989868,44385,44395,10
12.8799695969,80.1701889038,44395,44409,14
12.8801603317,80.1703033447,44409,44419,10
12.88078022,80.1705932617,44419,44429,10
12.881529808,80.1708602905,44429,44439,10
12.8820800781,80.1709518433,44439,44449,10
12.8825101852,80.1705932617,44449,44459,10
12.882610321,80.1706085205,44459,44469,10
12.8830795288,80.1708526611,44469,44480,11
12.8840799332,80.1713790894,44480,44489,9
12.8848695755,80.1717987061,44489,44500,11
12.885140419,80.1719436646,44500,44510,10
12.8858203888,80.1723098755,44510,44520,10
12.8868198395,80.1728134155,44520,44530,10
12.8879499435,80.1733779907,44530,44540,10
12.8889598846,80.1738967896,44540,44550,10
12.8895902634,80.1742172241,44550,44560,10
12.8898096085,80.1743011475,44560,44570,10
12.8901195526,80.1744232178,44570,44580,10
12.890540123,80.1747665405,44580,44590,10
12.8909397125,80.17552948,44590,44600,10
12.8915500641,80.1766281128,44600,44623,23
12.8915500641,80.1766281128,44623,44633,10
12.8915996552,80.1767807007,44633,44643,10
12.8919696808,80.1773986816,44643,44653,10
12.8924598694,80.1782913208,44653,44663,10
12.8929100037,80.1791000366,44663,44673,10
12.8933897018,80.1799316406,44673,44683,10
12.8939304352,80.18019104,44683,44693,10
12.8939399719,80.1801986694,44693,44703,10
12.8941898346,80.1803207397,44703,44713,10
12.8949098587,80.1806793213,44713,44720,7
12.8956203461,80.1810302734,44720,44734,14
12.8976297379,80.1820602417,44734,44764,30
12.8976297379,80.1820602417,44764,44774,10
12.8976602554,80.1821136475,44774,44784,10
12.8980503082,80.1822891235,44784,44794,10
12.8988599777,80.1827011108,44794,44804,10
12.8997898102,80.1831665039,44804,44814,10
12.9005002975,80.1835174561,44814,44824,10
12.9007196426,80.1836395264,44824,44835,11
12.9011001587,80.1837768555,44835,44845,10
12.9019203186,80.1840133667,44845,44855,10
12.9030799866,80.1843490601,44855,44865,10
12.9040803909,80.1847381592,44865,44875,10
12.9040899277,80.1855621338,44875,44885,10
12.9040403366,80.186668396,44885,44895,10
12.9043102264,80.187538147,44895,44905,10
12.9050502777,80.1880111694,44905,44915,10
12.9059000015,80.1885375977,44915,44925,10
12.9065799713,80.1889572144,44925,44935,10
12.9066200256,80.1890029907,44935,44946,11
12.9067897797,80.1891403198,44946,44954,8
12.9072399139,80.1894836426,44954,44968,14
12.9083404541,80.1903305054,44968,44978,10
12.9092798233,80.1910476685,44978,44988,10
12.9101600647,80.1916122437,44988,44998,10
12.9111995697,80.1917266846,44998,45008,10
12.9121398926,80.1918334961,45008,45018,10
12.9123001099,80.1918411255,45018,45028,10
12.9123697281,80.1918487549,45028,45038,10
12.912899971,80.1919326782,45038,45049,11
12.9138298035,80.1920394897,45049,45059,10
12.9147100449,80.1921234131,45059,45069,10
12.9155502319,80.192199707,45069,45079,10
12.9162302017,80.192237854,45079,45089,10
12.9164600372,80.192237854,45089,45099,10
12.9169902802,80.1922683716,45099,45109,10
12.9171800613,80.1919403076,45109,45119,10
12.9171800613,80.19190979,45119,45129,10
12.9172096252,80.1917800903,45129,45139,10
12.9173002243,80.1912918091,45139,45150,11
12.9173498154,80.1904067993,45150,45170,20
12.9173498154,80.1904067993,45170,45180,10
12.9174699783,80.1903991699,45180,45190,10
12.9174203873,80.190788269,45190,45200,10
12.9173297882,80.1914978027,45200,45210,10
12.9172201157,80.1923065186,45210,45220,10
12.9171304703,80.1930007935,45220,45250,30
12.9171304703,80.1930007935,45250,45260,10
12.9170703888,80.1932601929,45260,45270,10
12.9171199799,80.1939468384,45270,45281,11
12.9172401428,80.1942596436,45281,45290,9
12.917550087,80.1945877075,45290,45301,11
12.9180603027,80.1950683594,45301,45311,10
12.9185199738,80.1954879761,45311,45321,10
12.9190397263,80.1959762573,45321,45331,10
12.9196901321,80.1964111328,45331,45341,10
12.9204101563,80.1966705322,45341,45351,10
12.920920372,80.1968383789,45351,45361,10
12.9210300446,80.1968688965,45361,45373,12
12.9213199615,80.1969833374,45373,45383,10
12.9219703674,80.1971969604,45383,45393,10
12.9228401184,80.1973266602,45393,45403,10
12.9233903885,80.1973800659,45403,45413,10
12.9236497879,80.1974105835,45413,45423,10
12.9241695404,80.1974411011,45423,45433,10
12.9249095917,80.1974411011,45433,45443,10
12.9252300262,80.1974182129,45443,45451,8
12.9255104065,80.1974182129,45451,45464,13
12.9264097214,80.1975326538,45464,45474,10
12.9270496368,80.1977996826,45474,45484,10
12.9278297424,80.1985397339,45484,45494,10
12.9283103943,80.1995773315,45494,45504,10
12.9284801483,80.2007904053,45504,45514,10
12.9285202026,80.2016372681,45514,45524,10
12.9285297394,80.2023468018,45524,45534,10
12.9291000366,80.2026824951,45534,45544,10
12.9294395447,80.2026901245,45544,45554,10
12.9295902252,80.2027130127,45554,45565,11
12.9300804138,80.2027664185,45565,45575,10
12.9304895401,80.2028503418,45575,45585,10
12.9313497543,80.203086853,45585,45595,10
12.9322595596,80.2033920288,45595,45605,10
12.9329099655,80.2035980225,45605,45615,10
12.9329996109,80.2036514282,45615,45625,10
12.9330997467,80.2036819458,45625,45635,10
12.9336595535,80.2038421631,45635,45645,10
12.9339599609,80.2038497925,45645,45655,10
12.934009552,80.2038497925,45655,45665,10
12.9341697693,80.2038497925,45665,45676,11
12.9343795776,80.2038497925,45676,45686,10
12.934969902,80.2039718628,45686,45696,10
12.9357404709,80.2043228149,45696,45706,10
12.9365797043,80.2045669556,45706,45716,10
12.9373102188,80.2047805786,45716,45726,10
12.9382801056,80.2050628662,45726,45736,10
12.9391202927,80.2053222656,45736,45746,10
12.9399499893,80.2055664063,45746,45756,10
12.9404602051,80.2057189941,45756,45766,10
12.9408903122,80.2058792114,45766,45777,11
12.9414997101,80.206199646,45777,45787,10
12.9420499802,80.2066192627,45787,45797,10
12.9425697327,80.2070388794,45797,45807,10
12.9428396225,80.207359314,45807,45817,10
12.9432296753,80.207862854,45817,45827,10
12.9436502457,80.2080764771,45827,45837,10
12.9444303513,80.2083587646,45837,45857,20
12.9444303513,80.2083587646,45857,45867,10
12.9448003769,80.2085189819,45867,45876,9
12.9454498291,80.208732605,45876,45888,12
12.9464302063,80.2090377808,45888,45898,10
12.9473104477,80.2093582153,45898,45908,10
12.9481296539,80.2095870972,45908,45918,10
12.9484300613,80.2097091675,45918,45928,10
12.948849678,80.2098236084,45928,45938,10
12.9489402771,80.2098464966,45938,45948,10
12.9492797852,80.2100219727,45948,45958,10
12.9500799179,80.2103500366,45958,45968,10
12.9510602951,80.2108078003,45968,45978,10
12.9520196915,80.2113037109,45978,45989,11
12.9531097412,80.2117385864,45989,45999,10
12.953619957,80.2119293213,45999,46009,10
12.9537000656,80.2119674683,46009,46019,10
12.9542598724,80.2122116089,46019,46029,10
12.9551801682,80.2125778198,46029,46039,10
12.9562501907,80.2129974365,46039,46049,10
12.9574604034,80.2134780884,46049,46059,10
12.9587001801,80.2139892578,46059,46069,10
12.9596595764,80.2143936157,46069,46079,10
12.9607095718,80.2147903442,46079,46089,10
12.9616804123,80.215171814,46089,46100,11
12.9626197815,80.2155380249,46100,46110,10
12.963259697,80.2157821655,46110,46120,10
12.9638395309,80.2160110474,46120,46130,10
12.9642000198,80.2161483765,46130,46140,10
12.9642295837,80.2161636353,46140,46150,10
12.9646902084,80.2163696289,46150,46160,10
12.9655504227,80.2167282104,46160,46170,10
12.9664497375,80.217086792,46170,46180,10
12.9673204422,80.2174377441,46180,46190,10
12.9680204391,80.2177505493,46190,46200,10
12.9686603546,80.2180023193,46200,46210,10
12.969499588,80.2183303833,46210,46221,11
12.9705095291,80.2187194824,46221,46231,10
12.9711704254,80.2189483643,46231,46241,10
12.9712495804,80.2189712524,46241,46251,10
12.9713001251,80.2190170288,46251,46261,10
12.9717903137,80.2192230225,46261,46271,10
12.9725799561,80.2195205688,46271,46281,10
12.9735097885,80.219871521,46281,46291,10
12.974240303,80.2201919556,46291,46302,11
12.9748497009,80.2204971313,46302,46312,10
12.9753398895,80.2206573486,46312,46322,10
12.9755802155,80.2207870483,46322,46332,10
12.9756402969,80.2208862305,46332,46342,10
12.975859642,80.2211074829,46342,46352,10
12.9760704041,80.2211990356,46352,46382,30
12.9760704041,80.2211990356,46382,46392,10
12.9763498306,80.2211685181,46392,46404,12
12.9769201279,80.2211608887,46404,46414,10
12.9774103165,80.2211532593,46414,46422,8
12.9778900146,80.2211608887,46422,46434,12
12.9785900116,80.2210693359,46434,46444,10
12.9791603088,80.2210464478,46444,46454,10
12.9797697067,80.2210083008,46454,46464,10
12.9803304672,80.220993042,46464,46474,10
12.9808397293,80.2209625244,46474,46484,10
12.9814796448,80.2212219238,46484,46494,10
12.9818201065,80.2214584351,46494,46504,10
12.9819602966,80.2215499878,46504,46515,11
12.9820299149,80.2215881348,46515,46525,10
12.9823703766,80.2217330933,46525,46535,10
12.9824104309,80.2217407227,46535,46545,10
12.9826097488,80.2217788696,46545,46555,10
12.9828796387,80.2219161987,46555,46565,10
12.9829301834,80.2219467163,46565,46575,10
12.983130455,80.2220687866,46575,46585,10
12.983499527,80.2223129272,46585,46595,10
12.9838104248,80.2225036621,46595,46605,10
12.9843797684,80.2228164673,46605,46616,11
12.9849100113,80.2231369019,46616,46626,10
12.9853897095,80.2232666016,46626,46636,10
12.9857196808,80.2229690552,46636,46646,10
12.9863395691,80.2229537964,46646,46656,10
12.9864702225,80.2229614258,46656,46666,10
12.9869003296,80.2229766846,46666,46696,30
12.9869003296,80.2229766846,46696,46706,10
12.987159729,80.2230072021,46706,46716,10
12.9875402451,80.2230224609,46716,46727,11
12.9882802963,80.2226333618,46727,46737,10
12.9888896942,80.2220916748,46737,46747,10
12.9892196655,80.2216186523,46747,46757,10
12.9893598557,80.2213363647,46757,46767,10
12.9897499084,80.2208480835,46767,46777,10
12.9904003143,80.2203521729,46777,46797,20
12.9904003143,80.2203521729,46797,46807,10
12.9906702042,80.220161438,46807,46817,10
12.9910898209,80.2198181152,46817,46828,11
12.9914703369,80.2195281982,46828,46838,10
12.9918603897,80.2192764282,46838,46848,10
12.9922103882,80.2190322876,46848,46858,10
12.9926996231,80.2186813354,46858,46868,10
12.9933395386,80.2181930542,46868,46878,10
12.9939603806,80.2177124023,46878,46888,10
12.9944200516,80.217376709,46888,46898,10
12.9945602417,80.2172775269,46898,46908,10
12.9947595596,80.2171401978,46908,46918,10
12.9947795868,80.2171401978,46918,46927,9
12.9949102402,80.217048645,46927,46939,12
12.995470047,80.2167205811,46939,46949,10
12.9961595535,80.216506958,46949,46959,10
12.9968099594,80.2164230347,46959,46969,10
12.9972400665,80.2163772583,46969,46979,10
12.997469902,80.2164230347,46979,46989,10
12.9975099564,80.2164306641,46989,46999,10
12.9978599548,80.2164764404,46999,47009,10
12.9983301163,80.2166213989,47009,47019,10
12.9989795685,80.2169113159,47019,47029,10
12.9996404648,80.2172470093,47029,47040,11
13.0004501343,80.2177581787,47040,47050,10
13.0011901855,80.21824646,47050,47059,9
13.0017900467,80.2187423706,47059,47071,12
13.002530098,80.2195205688,47071,47081,10
13.0034198761,80.2199020386,47081,47091,10
13.0043697357,80.2201004028,47091,47102,11
13.0053501129,80.2203369141,47102,47112,10
13.0063800812,80.2205734253,47112,47122,10
13.0073795319,80.2210235596,47122,47132,10
13.0084400177,80.2215805054,47132,47142,10
13.0094299316,80.2221221924,47142,47152,10
13.0104999542,80.2226791382,47152,47162,10
13.0112400055,80.2230224609,47162,47172,10
13.0114402771,80.2230377197,47172,47182,10
13.0115804672,80.2226715088,47182,47192,10
13.0116996765,80.2221069336,47192,47202,10
13.0120201111,80.2214889526,47202,47212,10
13.0123596191,80.221496582,47212,47222,10
13.0127000809,80.2219924927,47222,47232,10
13.0130996704,80.2224273682,47232,47245,13
13.0136995316,80.2230911255,47245,47255,10
13.0141897202,80.2234573364,47255,47265,10
13.0143203735,80.2235870361,47265,47275,10
13.0147304535,80.224067688,47275,47285,10
13.0150003433,80.2244415283,47285,47295,10
13.0152702332,80.2247695923,47295,47305,10
13.0153999329,80.2248687744,47305,47315,10
13.0155801773,80.2250366211,47315,47325,10
13.0161600113,80.2252578735,47325,47335,10
13.0168104172,80.2251205444,47335,47345,10
13.0176696777,80.2248077393,47345,47356,11
13.018699646,80.2243881226,47356,47366,10
13.0193595886,80.224357605,47366,47376,10
13.0199804306,80.2246627808,47376,47386,10
13.0204801559,80.2250366211,47386,47396,10
13.0209598541,80.2253570557,47396,47406,10
13.0213499069,80.2257232666,47406,47416,10
13.0217599869,80.2259902954,47416,47426,10
13.0217504501,80.225982666,47426,47436,10
13.0218601227,80.2260437012,47436,47446,10
13.0222997665,80.2264404297,47446,47457,11
13.0229997635,80.2270278931,47457,47467,10
13.0236501694,80.2276229858,47467,47477,10
13.0242099762,80.2282028198,47477,47487,10
13.0243501663,80.2283935547,47487,47497,10
13.0246295929,80.2287826538,47497,47507,10
13.0249795914,80.229309082,47507,47517,10
13.0254602432,80.2299423218,47517,47527,10
13.0258398056,80.2305603027,47527,47537,10
13.0259895325,80.2310333252,47537,47547,10
13.02602005,80.2311706543,47547,47557,10
13.0260801315,80.2312774658,47557,47568,11
13.0264596939,80.2312011719,47568,47578,10
13.0270595551,80.2310409546,47578,47588,10
13.0276699066,80.2309036255,47588,47598,10
13.0279798508,80.2308578491,47598,47608,10
13.0283098221,80.2308273315,47608,47638,30
13.0283098221,80.2308273315,47638,47648,10
13.0285902023,80.2308578491,47648,47658,10
13.0291404724,80.2308120728,47658,47679,21
13.0291404724,80.2308120728,47679,47689,10
13.0292396545,80.2308197021,47689,47699,10
13.0293598175,80.230796814,47699,47709,10
13.0297403336,80.2307510376,47709,47719,10
13.0301504135,80.23072052,47719,47729,10
13.0304203033,80.2306976318,47729,47739,10
13.0306997299,80.2306594849,47739,47749,10
13.0310897827,80.2305984497,47749,47759,10
13.0316200256,80.2305603027,47759,47769,10
13.0322399139,80.2305221558,47769,47780,11
13.0328798294,80.2304763794,47780,47790,10
13.0334196091,80.2304611206,47790,47800,10
13.0337896347,80.2304382324,47800,47810,10
13.0341396332,80.2304000854,47810,47820,10
13.0345697403,80.2303009033,47820,47830,10
13.0349998474,80.2299575806,47830,47870,40
13.0349998474,80.2299575806,47870,47881,11
13.0349998474,80.2297897339,47881,47891,10
13.0346097946,80.2297821045,47891,47901,10
13.0342998505,80.2297363281,47901,47911,10
13.0341796875,80.2299118042,47911,47921,10
13.0341300964,80.2302322388,47921,48032,111
13.0341300964,80.2302322388,48032,48042,10
13.0341796875,80.2304611206,48042,49134,1092
13.0341796875,80.2304611206,49134,49144,10
13.0337696075,80.230430603,49144,49156,12
13.0330495834,80.2305374146,49156,49166,10
13.0323200226,80.2306213379,49166,49176,10
13.0316495895,80.2306976318,49176,49186,10
13.0312900543,80.2307128906,49186,49196,10
13.0311899185,80.23072052,49196,49206,10
13.0310497284,80.2307434082,49206,49216,10
13.03083992,80.2307662964,49216,49226,10
13.0307197571,80.2307662964,49226,49236,10
13.0305700302,80.2307891846,49236,49246,10
13.0304403305,80.2308120728,49246,49257,11
13.0302600861,80.2308120728,49257,49267,10
13.0300798416,80.2308120728,49267,49287,20
13.0300798416,80.2308120728,49287,49297,10
13.0299196243,80.2308197021,49297,49307,10
13.0296697617,80.2308425903,49307,49317,10
13.0292797089,80.2308731079,49317,49327,10
13.028719902,80.2309036255,49327,49337,10
13.0280504227,80.2309799194,49337,49347,10
13.0276899338,80.2310180664,49347,49358,11
13.027680397,80.2314224243,49358,49368,10
13.0277004242,80.2318115234,49368,49378,10
13.0278301239,80.2323913574,49378,49388,10
13.0277004242,80.2327575684,49388,49398,10
13.0270299911,80.2329483032,49398,49428,30
13.0270299911,80.2329483032,49428,49438,10
13.026889801,80.2329864502,49438,49448,10
13.0266399384,80.2330474854,49448,49458,10
13.0263299942,80.2327880859,49458,49469,11
13.026140213,80.2321777344,49469,49479,10
13.0261297226,80.2319717407,49479,49489,10
13.0260801315,80.2318267822,49489,49499,10
13.0260696411,80.2318267822,49499,49509,10
13.0259504318,80.2314376831,49509,49519,10
13.0258302689,80.2309036255,49519,49529,10
13.0255403519,80.2303009033,49529,49539,10
13.0250301361,80.2295913696,49539,49549,10
13.0247297287,80.2292327881,49549,49559,10
13.024720192,80.2292327881,49559,49570,11
13.0244903564,80.2289276123,49570,49580,10
13.0241804123,80.2285308838,49580,49590,10
13.0238199234,80.2280807495,49590,49600,10
13.0234899521,80.2277374268,49600,49610,10
13.0230798721,80.2274627686,49610,49640,30
13.0230798721,80.2274627686,49640,49650,10
13.0229597092,80.227432251,49650,49660,10
13.0226402283,80.2271499634,49660,49670,10
13.0223903656,80.2267608643,49670,49681,11
13.0218200684,80.2262420654,49681,49691,10
13.0211896896,80.2257537842,49691,49701,10
13.020359993,80.2251663208,49701,49711,10
13.0195703506,80.2246780396,49711,49721,10
13.0187196732,80.2245635986,49721,49731,10
13.0177497864,80.2249221802,49731,49741,10
13.0168600082,80.2252883911,49741,49751,10
13.0164403915,80.2254562378,49751,49761,10
13.0163202286,80.2255172729,49761,49771,10
13.015999794,80.2256469727,49771,49782,11
13.0153102875,80.2258987427,49782,49792,10
13.0143604279,80.226272583,49792,49832,40
13.0143604279,80.226272583,49832,49842,10
13.0139198303,80.2263793945,49842,49852,10
13.0132398605,80.2266616821,49852,49862,10
13.0123701096,80.2269973755,49862,49872,10
13.0114097595,80.2273712158,49872,49882,10
13.0103902817,80.2277603149,49882,49893,11
13.0096597672,80.2279205322,49893,49903,10
13.0095796585,80.2274169922,49903,49913,10
13.0098800659,80.2267608643,49913,49923,10
13.010219574,80.2259368896,49923,49933,10
13.0104904175,80.2252731323,49933,49943,10
13.0108098984,80.2245025635,49943,49953,10
13.0111103058,80.2235794067,49953,49963,10
13.0111198425,80.2231063843,49963,49973,10
13.0103197098,80.2228088379,49973,49993,20
13.0103197098,80.2228088379,49993,50003,10
13.0101804733,80.2226715088,50003,50013,10
13.0096702576,80.2223892212,50013,50023,10
13.0090999603,80.222076416,50023,50033,10
13.0085802078,80.2217788696,50033,50043,10
13.0078201294,80.2213821411,50043,50054,11
13.0068302155,80.220916748,50054,50064,10
13.0058603287,80.2205505371,50064,50074,10
13.004650116,80.2202682495,50074,50094,20
13.004650116,80.2202682495,50094,50104,10
13.0045204163,80.2202377319,50104,50114,10
13.0039396286,80.220123291,50114,50124,10
13.0031604767,80.219909668,50124,50134,10
13.0025501251,80.2195968628,50134,50144,10
13.0019397736,80.2189865112,50144,50154,10
13.0012598038,80.218421936,50154,50164,10
13.000459671,80.217918396,50164,50176,12
12.9997501373,80.2174530029,50176,50184,8
12.9990301132,80.2170715332,50184,50194,10
12.9974603653,80.2165298462,50194,50227,33
12.9974603653,80.2165298462,50227,50237,10
12.9971704483,80.2164916992,50237,50247,10
12.9964399338,80.2165603638,50247,50257,10
12.9955396652,80.216796875,50257,50267,10
12.9949502945,80.2171173096,50267,50277,10
12.9945001602,80.2174530029,50277,50287,10
12.9940500259,80.2177963257,50287,50297,10
12.994020462,80.2178115845,50297,50308,11
12.9936800003,80.2180175781,50308,50318,10
12.9930496216,80.2184524536,50318,50328,10
12.9922399521,80.219078064,50328,50338,10
12.9914903641,80.2196807861,50338,50348,10
12.9908800125,80.220123291,50348,50358,10
12.99077034,80.220199585,50358,50368,10
12.9906301498,80.2202911377,50368,50378,10
12.9901304245,80.2206573486,50378,50388,10
12.9896802902,80.2211303711,50388,50398,10
12.9892597198,80.2217025757,50398,50408,10
12.9887104034,80.2223434448,50408,50419,11
12.9879198074,80.2229690552,50419,50429,10
12.9877004623,80.2230834961,50429,50439,10
12.9875602722,80.2230834961,50439,50449,10
12.9872303009,80.2230911255,50449,50459,10
12.9868001938,80.2229995728,50459,50469,10
12.9865903854,80.2229614258,50469,50479,10
12.9861297607,80.2229919434,50479,50489,10
12.9855604172,80.2231826782,50489,50499,10
12.9851102829,80.2232818604,50499,50509,10
12.9845895767,80.2230529785,50509,50520,11
12.9840202332,80.2227020264,50520,50530,10
12.9832296371,80.2222290039,50530,50560,30
12.9832296371,80.2222290039,50560,50570,10
12.9829998016,80.2220611572,50570,50580,10
12.9825696945,80.2219314575,50580,50590,10
12.9821100235,80.2217788696,50590,50600,10
12.981710434,80.2215194702,50600,50610,10
12.981010437,80.2211914063,50610,50621,11
12.9800596237,80.2211380005,50621,50631,10
12.9792804718,80.2211914063,50631,50641,10
12.9784603119,80.2212524414,50641,50651,10
12.9776802063,80.221282959,50651,50661,10
12.9771604538,80.2213134766,50661,50671,10
12.9765195847,80.2213134766,50671,50681,10
12.975979805,80.2213516235,50681,50691,10
12.9756097794,80.2210769653,50691,50732,41
12.9756097794,80.2210769653,50732,50742,10
12.9755496979,80.2210006714,50742,50752,10
12.9755296707,80.2209777832,50752,50762,10
12.9754400253,80.220916748,50762,50772,10
12.9750003815,80.2206573486,50772,50782,10
12.9743700027,80.2204208374,50782,50792,10
12.9738101959,80.2202529907,50792,50802,10
12.9730596542,80.2199478149,50802,50812,10
12.9721899033,80.2195968628,50812,50822,10
12.9715795517,80.2193374634,50822,50832,10
12.9711704254,80.21925354,50832,50843,11
12.971159935,80.21925354,50843,50853,10
12.9710798264,80.2191696167,50853,50863,10
12.9706802368,80.21900177,50863,50873,10
12.9700899124,80.2186889648,50873,50883,10
12.9694299698,80.2184371948,50883,50893,10
12.9688301086,80.2182006836,50893,50903,10
12.9682502747,80.217956543,50903,50914,11
12.9676399231,80.2177200317,50914,50924,10
12.9669504166,80.2174530029,50924,50934,10
12.9660902023,80.2171020508,50934,50944,10
12.9652299881,80.216758728,50944,50954,10
12.9643602371,80.2164230347,50954,50965,11
12.9635696411,80.2160720825,50965,50975,10
12.9631099701,80.2158737183,50975,50985,10
12.9631004333,80.2158584595,50985,50995,10
12.9628200531,80.2157592773,50995,51005,10
12.9621696472,80.2155075073,51005,51015,10
12.9612903595,80.215133667,51015,51025,10
12.9603300095,80.2147521973,51025,51034,9
12.9595603943,80.2144470215,51034,51047,13
12.9583301544,80.2139282227,51047,51057,10
12.9574203491,80.2135925293,51057,51067,10
12.956489563,80.2132110596,51067,51077,10
12.9554004669,80.2127990723,51077,51085,8
12.9545602798,80.2124786377,51085,51097,12
12.9537801743,80.2121963501,51097,51107,10
12.9537696838,80.2121887207,51107,51117,10
12.9537696838,80.2121810913,51117,51127,10
12.9533500671,80.2119903564,51127,51137,10
12.9525403976,80.2116928101,51137,51147,10
12.9515600204,80.2113265991,51147,51158,11
12.9505901337,80.2109985352,51158,51168,10
12.9495401382,80.2105865479,51168,51178,10
12.9487104416,80.2102737427,51178,51188,10
12.9486198425,80.2102584839,51188,51198,10
12.9485397339,80.2102966309,51198,51208,10
12.9480104446,80.2100906372,51208,51218,10
12.9470701218,80.2097015381,51218,51228,10
12.9459400177,80.2092208862,51228,51238,10
12.9449501038,80.2086868286,51238,51248,10
12.9442195892,80.2084197998,51248,51259,11
12.9441900253,80.2083969116,51259,51269,10
12.9440002441,80.2083129883,51269,51279,10
12.9434404373,80.2080612183,51279,51289,10
12.9427995682,80.2074890137,51289,51299,10
12.9420900345,80.2067337036,51299,51309,10
12.9410896301,80.2060623169,51309,51329,20
12.9410896301,80.2060623169,51329,51339,10
12.9408197403,80.2059173584,51339,51349,10
12.9401798248,80.2057495117,51349,51360,11
12.9394397736,80.2055435181,51360,51370,10
12.9386901855,80.2052993774,51370,51380,10
12.9379396439,80.2051010132,51380,51390,10
12.937040329,80.2048568726,51390,51400,10
12.9360799789,80.2045822144,51400,51410,10
12.9352998734,80.2042617798,51410,51420,10
12.9344797134,80.2040100098,51420,51430,10
12.9337501526,80.203956604,51430,51450,20
12.9337501526,80.203956604,51450,51460,10
12.9335603714,80.2039337158,51460,51471,11
12.9330596924,80.2037963867,51471,51481,10
12.9324703217,80.2035598755,51481,51491,10
12.9317703247,80.2033233643,51491,51501,10
12.9310703278,80.2031021118,51501,51511,10
12.9306402206,80.2029571533,51511,51521,10
12.9301795959,80.2028808594,51521,51531,10
12.9295196533,80.202796936,51531,51582,51
12.9295196533,80.202796936,51582,51592,10
12.9294300079,80.2028198242,51592,51602,10
12.9290103912,80.2027664185,51602,51612,10
12.9285697937,80.202583313,51612,51622,10
12.9285001755,80.2019882202,51622,51632,10
12.9284601212,80.2013473511,51632,51642,10
12.9284200668,80.2004165649,51642,51652,10
12.9281702042,80.1993331909,51652,51662,10
12.9277896881,80.1985473633,51662,51672,10
12.9271097183,80.197883606,51672,51683,11
12.9262895584,80.1975784302,51683,51693,10
12.9262895584,80.197593689,51693,51703,10
12.9260101318,80.1975631714,51703,51713,10
12.9254999161,80.1975402832,51713,51723,10
12.9251203537,80.197517395,51723,51733,10
12.9243001938,80.197517395,51733,51743,10
12.9232501984,80.1974563599,51743,51753,10
12.9223499298,80.1973419189,51753,51763,10
12.9220600128,80.197303772,51763,51772,9
12.9220399857,80.197303772,51772,51784,12
12.9215297699,80.1971130371,51784,51794,10
12.9207201004,80.1968231201,51794,51804,10
12.9198503494,80.1965332031,51804,51814,10
12.9191904068,80.1961593628,51814,51824,10
12.9186897278,80.1957473755,51824,51834,10
12.9181003571,80.1951904297,51834,51844,10
12.9174003601,80.1945495605,51844,51854,10
12.9171104431,80.1942062378,51854,51864,10
12.9170598984,80.1941070557,51864,51874,10
12.9169998169,80.193687439,51874,51884,10
12.9170303345,80.1930236816,51884,51894,10
12.9170598984,80.1923904419,51894,51904,10
12.9166603088,80.1923370361,51904,51924,20
12.9166603088,80.1923370361,51924,51934,10
12.9163703918,80.1923065186,51934,51944,10
12.9155797958,80.1922683716,51944,51955,11
12.9144802094,80.1921691895,51955,51964,9
12.9135799408,80.1920623779,51964,51975,11
12.9128103256,80.191947937,51975,51986,11
12.9120597839,80.1918792725,51986,51996,10
12.9113302231,80.1918029785,51996,52006,10
12.9105596542,80.1916885376,52006,52016,10
12.9098396301,80.1915435791,52016,52026,10
12.9097099304,80.1914367676,52026,52036,10
12.9092798233,80.1911087036,52036,52045,9
12.9085903168,80.1905899048,52045,52056,11
12.9075403214,80.1897888184,52056,52066,10
12.9066801071,80.1891174316,52066,52076,10
12.9062004089,80.1887893677,52076,52086,10
12.9062004089,80.1887817383,52086,52096,10
12.9060697556,80.1886672974,52096,52108,12
12.9052696228,80.1881713867,52108,52118,10
12.9043502808,80.1875762939,52118,52128,10
12.9039802551,80.1867218018,52128,52138,10
12.9040203094,80.1855010986,52138,52146,8
12.9040002823,80.184753418,52146,52158,12
12.9032497406,80.1844329834,52158,52168,10
12.9022197723,80.1841506958,52168,52178,10
12.9011001587,80.1838302612,52178,52188,10
12.8999204636,80.1832962036,52188,52197,9
12.8987798691,80.1827316284,52197,52209,12
12.8977203369,80.1821975708,52209,52219,10
12.8972101212,80.1819610596,52219,52229,10
12.8971796036,80.1819381714,52229,52239,10
12.8970298767,80.1818466187,52239,52249,10
12.8963804245,80.1815109253,52249,52259,10
12.8953800201,80.1810302734,52259,52269,10
12.8942298889,80.1804275513,52269,52279,10
12.8934202194,80.1800765991,52279,52289,10
12.8933897018,80.1800613403,52289,52299,10
12.8932199478,80.1798934937,52299,52310,11
12.8928003311,80.1790771484,52310,52320,10
12.8922595978,80.1780471802,52320,52330,10
12.8913202286,80.1763534546,52330,52352,22
12.8913202286,80.1763534546,52352,52362,10
12.8912000656,80.1761169434,52362,52372,10
12.8908100128,80.1753921509,52372,52382,10
12.8903303146,80.1745910645,52382,52392,10
12.8898897171,80.1743927002,52392,52402,10
12.8895902634,80.1742782593,52402,52412,10
12.8893003464,80.1741104126,52412,52423,11
12.888469696,80.1736831665,52423,52433,10
12.8873796463,80.1731109619,52433,52443,10
12.8860197067,80.1724090576,52443,52453,10
12.8845701218,80.1716537476,52453,52463,10
12.8832702637,80.1709899902,52463,52473,10
12.8824396133,80.1706085205,52473,52483,10
12.881819725,80.1709899902,52483,52493,10
12.8814296722,80.1708679199,52493,52503,10
12.8809299469,80.1707077026,52503,52513,10
12.8800897598,80.1703414917,52513,52524,11
12.8798503876,80.1701965332,52524,52534,10
12.8795995712,80.1700592041,52534,52543,9
12.8788499832,80.1699829102,52543,52555,12
12.877409935,80.1703186035,52555,52565,10
12.87637043,80.1706695557,52565,52575,10
12.8759202957,80.1708221436,52575,52586,11
12.8755598068,80.1710205078,52586,52594,8
12.8749303818,80.1714401245,52594,52606,12
12.8736095428,80.1723175049,52606,52616,10
12.8724098206,80.1731109619,52616,52628,12
12.8711500168,80.1739425659,52628,52638,10
12.8699398041,80.1747665405,52638,52646,8
12.8689603806,80.175453186,52646,52658,12
12.8680801392,80.1759719849,52658,52668,10
12.8671503067,80.1758880615,52668,52678,10
12.8660297394,80.17578125,52678,52688,10
12.8652200699,80.1756896973,52688,52698,10
12.8651504517,80.1756896973,52698,52708,10
12.8645896912,80.1754074097,52708,52718,10
12.8636398315,80.1748428345,52718,52725,7
12.862830162,80.1743392944,52725,52739,14
12.8611097336,80.173538208,52739,52749,10
12.8599596024,80.1730422974,52749,52759,10
12.8588695526,80.1725921631,52759,52769,10
12.85779953,80.1724014282,52769,52779,10
12.857460022,80.1723403931,52779,52789,10
12.8571395874,80.1723022461,52789,52799,10
12.8564100266,80.1721496582,52799,52819,20
12.8564100266,80.1721496582,52819,52829,10
12.8562803268,80.1720962524,52829,52840,11
12.8559598923,80.1720199585,52840,52850,10
12.8551902771,80.1717987061,52850,52860,10
12.8541498184,80.1714782715,52860,52870,10
12.8531198502,80.1712417603,52870,52880,10
12.8521099091,80.1711196899,52880,52890,10
12.8510904312,80.1709365845,52890,52900,10
12.8507204056,80.1708984375,52900,52910,10
12.8500499725,80.1707992554,52910,52920,10
12.8489599228,80.1706085205,52920,52930,10
12.8476104736,80.1703720093,52930,52940,10
12.8461904526,80.1702270508,52940,52951,11
12.8445701599,80.1701431274,52951,52961,10
12.8429698944,80.1699676514,52961,52971,10
12.8412599564,80.1699676514,52971,52981,10
12.8403301239,80.1699371338,52981,52991,10
12.8397798538,80.1699905396,52991,53001,10
12.8388595581,80.1698532104,53001,53011,10
12.8385000229,80.1697387695,53011,53021,10
12.8382196426,80.1695327759,53021,53031,10
12.8379497528,80.1693191528,53031,53041,10
12.8377599716,80.1693191528,53041,53052,11
12.8372898102,80.1691818237,53052,53062,10
12.8370704651,80.1689224243,53062,53072,10
12.8367996216,80.1688079834,53072,53082,10
12.8362998962,80.1686477661,53082,53092,10
12.8360395432,80.1685180664,53092,53102,10
12.8358697891,80.1680297852,53102,53112,10
12.8354797363,80.1677780151,53112,53122,10
12.8347997665,80.1674880981,53122,53132,10
12.8338899612,80.1669769287,53132,53142,10
12.8335599899,80.1668167114,53142,53153,11
12.8331403732,80.1665420532,53153,53163,10
12.832280159,80.1661224365,53163,53173,10
12.8311195374,80.1657028198,53173,53183,10
12.8297195435,80.1654205322,53183,53193,10
12.8285102844,80.1652832031,53193,53203,10
12.8278598785,80.1651992798,53203,53243,40
12.8278598785,80.1651992798,53243,53253,10
12.8276395798,80.1651535034,53253,53274,21
12.8276395798,80.1651535034,53274,53284,10
12.8274898529,80.1651229858,53284,53294,10
12.8272695541,80.1650238037,53294,53324,30
12.8272695541,80.1650238037,53324,53334,10
12.8269796371,80.1648101807,53334,53344,10
12.8265800476,80.1645507813,53344,53353,9
12.8261699677,80.1642913818,53353,53365,12
12.8253097534,80.1638412476,53365,53375,10
12.8242998123,80.163269043,53375,53385,10
12.8231601715,80.1625900269,53385,53395,10
12.8217401505,80.1620178223,53395,53405,10
12.8202695847,80.1613922119,53405,53415,10
12.8189496994,80.1607971191,53415,53425,10
12.8181295395,80.1604690552,53425,53435,10
12.8178501129,80.1603927612,53435,53446,11
12.8172798157,80.1602478027,53446,53457,11
12.8164196014,80.1600570679,53457,53465,8
12.8156499863,80.1598968506,53465,53477,12
12.8145704269,80.1596984863,53477,53487,10
12.8137598038,80.159576416,53487,53497,10
12.81291008,80.1594696045,53497,53507,10
12.8116197586,80.1594619751,53507,53527,20
12.8116197586,80.1594619751,53527,53536,9
12.8114595413,80.1595001221,53536,53547,11
12.8109703064,80.1596603394,53547,53557,10
12.8105297089,80.1597518921,53557,53567,10
12.8100099564,80.1596069336,53567,53599,32
12.8100099564,80.1596069336,53599,53609,10
12.810379982,80.1596832275,53609,54577,968
12.810379982,80.1596832275,54577,54587,10
12.8105697632,80.1597137451,54587,54597,10
12.8109502792,80.1595993042,54597,54607,10
12.8114099503,80.1594314575,54607,54617,10
12.8116397858,80.1593933105,54617,54627,10
12.8119001389,80.1593093872,54627,54640,13
12.8128795624,80.1594161987,54640,54650,10
12.8137302399,80.159538269,54650,54660,10
12.8147001266,80.1596832275,54660,54670,10
12.815870285,80.1599121094,54670,54680,10
12.8167800903,80.1601104736,54680,54690,10
12.8175001144,80.1602706909,54690,54700,10
12.8179597855,80.1603927612,54700,54710,10
12.8182897568,80.1604919434,54710,54720,10
12.8188800812,80.1607284546,54720,54730,10
12.8198900223,80.1611785889,54730,54740,10
12.8211297989,80.1617202759,54740,54751,11
12.8226900101,80.1623382568,54751,54761,10
12.8241195679,80.1631011963,54761,54771,10
12.8252897263,80.1638031006,54771,54781,10
12.826259613,80.1643295288,54781,54791,10
12.8268899918,80.1647491455,54791,54801,10
12.8273200989,80.1650085449,54801,54821,20
12.8273200989,80.1650085449,54821,54831,10
12.8274497986,80.1650924683,54831,54841,10
12.8279304504,80.1651535034,54841,54882,41
12.8279304504,80.1651535034,54882,54892,10
12.8283596039,80.1652297974,54892,54902,10
12.8291301727,80.1653137207,54902,54912,10
12.8299398422,80.1654129028,54912,54922,10
12.8310899734,80.1656417847,54922,54932,10
12.8322200775,80.1660385132,54932,54942,10
12.8331899643,80.1665115356,54942,54952,10
12.8338699341,80.1669235229,54952,54963,11
12.834810257,80.1674575806,54963,54973,10
12.8355998993,80.1677703857,54973,54983,10
12.8358802795,80.1680221558,54983,54993,10
12.8360300064,80.1684799194,54993,55003,10
12.8363199234,80.1686172485,55003,55013,10
12.8367395401,80.168762207,55013,55023,10
12.8370599747,80.1688766479,55023,55033,10
12.8372497559,80.169128418,55033,55043,10
12.8377895355,80.1692886353,55043,55053,10
12.838139534,80.1693878174,55053,55064,11
12.8384399414,80.1696624756,55064,55074,10
12.8391304016,80.1698913574,55074,55084,10
12.8399896622,80.1699295044,55084,55094,10
12.8410396576,80.1699523926,55094,55104,10
12.8424501419,80.169921875,55104,55114,10
12.8440799713,80.1700897217,55114,55124,10
12.8456001282,80.1701583862,55124,55134,10
12.8469200134,80.1702423096,55134,55144,10
12.848279953,80.170463562,55144,55154,10
12.8492002487,80.1706237793,55154,55165,11
12.8503398895,80.1707992554,55165,55175,10
12.8512897491,80.1709594727,55175,55185,10
12.8521299362,80.1710968018,55185,55195,10
12.852809906,80.1712112427,55195,55205,10
12.8535995483,80.1713180542,55205,55215,10
12.8545103073,80.1715621948,55215,55225,10
12.8553800583,80.1717987061,55225,55235,10
12.8561296463,80.1720123291,55235,55245,10
12.8563499451,80.1720733643,55245,55265,20
12.8563499451,80.1720733643,55265,55276,11
12.8564300537,80.1721420288,55276,55286,10
12.8568401337,80.1722106934,55286,55296,10
12.8574399948,80.1723175049,55296,55306,10
12.8575601578,80.1723403931,55306,55316,10
12.8579301834,80.1724090576,55316,55326,10
12.8586196899,80.1725234985,55326,55336,10
12.8594999313,80.1727905273,55336,55346,10
12.8605098724,80.1732406616,55346,55356,10
12.8616600037,80.1737518311,55356,55366,10
12.8625001907,80.174118042,55366,55377,11
12.8636798859,80.1748199463,55377,55387,10
12.8648004532,80.1754989624,55387,55397,10
12.865650177,80.1757202148,55397,55407,10
12.8666095734,80.1758117676,55407,55417,10
12.8676204681,80.1759109497,55417,55427,10
12.8683395386,80.1758575439,55427,55437,10
12.8691196442,80.1753234863,55437,55447,10
12.8700704575,80.174659729,55447,55457,10
12.8712301254,80.1738204956,55457,55467,10
12.8726301193,80.1728897095,55467,55478,11
12.8740701675,80.1719512939,55478,55487,9
12.875120163,80.171257019,55487,55499,12
12.8766498566,80.1705169678,55499,55507,8
12.8776702881,80.170173645,55507,55528,21
12.879940033,80.1701812744,55528,55538,10
12.879989624,80.170211792,55538,55548,10
12.8804197311,80.1704406738,55548,55558,10
12.8812303543,80.170753479,55558,55568,10
12.8819103241,80.1709594727,55568,55577,9
12.8823900223,80.1706008911,55577,55590,13
12.8826503754,80.1706466675,55590,55600,10
12.8830795288,80.1708831787,55600,55610,10
12.883890152,80.1713027954,55610,55620,10
12.8849802017,80.1718826294,55620,55630,10
12.8862495422,80.1725387573,55630,55640,10
12.887550354,80.1731872559,55640,55650,10
12.8885297775,80.1736984253,55650,55660,10
12.8894195557,80.1741714478,55660,55670,10
12.889670372,80.1742935181,55670,55678,8
12.8898897171,80.1743927002,55678,55691,13
12.8903598785,80.1745986938,55691,55701,10
12.8906898499,80.1751174927,55701,55711,10
12.8910503387,80.17578125,55711,55721,10
12.8914804459,80.1765594482,55721,55731,10
12.8915596008,80.1766815186,55731,55741,10
12.8916702271,80.1768798828,55741,55751,10
12.8920297623,80.1775588989,55751,55761,10
12.892539978,80.1784667969,55761,55771,10
12.8930797577,80.1794433594,55771,55781,10
12.8937101364,80.1801071167,55781,55791,10
12.894080162,80.1802825928,55791,55802,11
12.8942403793,80.1803588867,55802,55812,10
12.8949403763,80.1807022095,55812,55822,10
12.8959999084,80.1812286377,55822,55832,10
12.8975601196,80.1819992065,55832,55852,20
12.8975601196,80.1819992065,55852,55862,10
12.8976202011,80.1820602417,55862,55872,10
12.8979701996,80.1822433472,55872,55882,10
12.898730278,80.1826324463,55882,55892,10
12.8997001648,80.1831283569,55892,55903,11
12.9006595612,80.1836090088,55903,55913,10
12.9016199112,80.183921814,55913,55923,10
12.9028396606,80.1842727661,55923,55933,10
12.9039297104,80.1846008301,55933,55943,10
12.9040803909,80.1853866577,55943,55953,10
12.9040203094,80.1865463257,55953,55963,10
12.9042100906,80.187461853,55963,55973,10
12.904999733,80.1879806519,55973,55983,10
12.90583992,80.1885070801,55983,55993,10
12.9065198898,80.1889266968,55993,56002,9
12.9066400528,80.1890106201,56002,56014,12
12.9068403244,80.1891784668,56014,56024,10
12.9074697495,80.1896514893,56024,56034,10
12.9083204269,80.1902999878,56034,56044,10
12.9092903137,80.1910400391,56044,56054,10
12.9101295471,80.1915969849,56054,56064,10
12.9111404419,80.1917266846,56064,56074,10
12.9120597839,80.1918334961,56074,56084,10
12.9129400253,80.1919326782,56084,56094,10
12.9138698578,80.1920394897,56094,56104,10
12.9147396088,80.1921386719,56104,56115,11
12.9157400131,80.1922073364,56115,56125,10
12.9164600372,80.1922607422,56125,56135,10
12.9170598984,80.1922073364,56135,56145,10
12.9171199799,80.1920928955,56145,56155,10
12.9171104431,80.1920776367,56155,56165,10
12.9171600342,80.1917266846,56165,56175,10
12.9172897339,80.1909637451,56175,56185,10
12.9172897339,80.1904067993,56185,56205,20
12.9172897339,80.1904067993,56205,56216,11
12.9173803329,80.1906509399,56216,56226,10
12.917309761,80.1914520264,56226,56236,10
12.9172000885,80.1924133301,56236,56246,10
12.9171304703,80.1930084229,56246,56256,10
12.9171199799,80.193069458,56256,56266,10
12.9170999527,80.1931610107,56266,56276,10
12.917090416,80.1935577393,56276,56286,10
12.9172096252,80.1941604614,56286,56296,10
12.9176597595,80.1947097778,56296,56306,10
12.9183998108,80.1953964233,56306,56316,10
12.9190597534,80.1960220337,56316,56327,11
12.9200201035,80.1965332031,56327,56337,10
12.920999527,80.1968612671,56337,56347,10
12.9219903946,80.1971893311,56347,56357,10
12.9230804443,80.1973571777,56357,56367,10
12.9240198135,80.1974563599,56367,56377,10
12.9249000549,80.1974563599,56377,56387,10
12.9252300262,80.1974487305,56387,56397,10
12.9254903793,80.1974487305,56397,56407,10
12.9260196686,80.1974716187,56407,56418,11
12.9263296127,80.197517395,56418,56428,10
12.9265499115,80.1976013184,56428,56439,11
12.9272203445,80.1979370117,56439,56448,9
12.9276599884,80.1983337402,56448,56459,11
12.9281101227,80.1991424561,56459,56469,10
12.9284000397,80.1999664307,56469,56478,9
12.9284801483,80.2008514404,56478,56489,11
12.9285202026,80.2019119263,56489,56499,10
12.9287900925,80.2026367188,56499,56509,10
12.9295196533,80.2027435303,56509,56519,10
12.9295501709,80.2027511597,56519,56529,10
12.9296703339,80.2027816772,56529,56541,12
12.9303998947,80.20287323,56541,56551,10
12.9312696457,80.2031021118,56551,56561,10
12.9322299957,80.2034072876,56561,56571,10
12.932970047,80.2036437988,56571,56581,10
12.9339799881,80.2038803101,56581,56601,20
12.9339799881,80.2038803101,56601,56611,10
12.9342899323,80.203918457,56611,56621,10
12.9347801208,80.203956604,56621,56631,10
12.935500145,80.2042388916,56631,56642,11
12.9364795685,80.2045593262,56642,56652,10
12.9373197556,80.2048110962,56652,56662,10
12.9381103516,80.2050170898,56662,56672,10
12.938659668,80.2052001953,56672,56682,10
12.9393796921,80.2054214478,56682,56692,10
12.9399900436,80.205581665,56692,56702,10
12.9401102066,80.205619812,56702,56712,10
12.9407100677,80.2058181763,56712,56722,10
12.9412498474,80.2060623169,56722,56731,9
12.9419498444,80.2065505981,56731,56743,12
12.942700386,80.2072067261,56743,56753,10
12.9428901672,80.2075119019,56753,56763,10
12.9433002472,80.2079391479,56763,56773,10
12.9439201355,80.2081985474,56773,56783,10
12.9443101883,80.2083435059,56783,56793,10
12.9443597794,80.2083587646,56793,56803,10
12.9447002411,80.2084884644,56803,56813,10
12.9453201294,80.2087173462,56813,56823,10
12.9460601807,80.2089233398,56823,56833,10
12.9469099045,80.2092437744,56833,56844,11
12.9477701187,80.2095413208,56844,56854,10
12.9484100342,80.2097015381,56854,56864,10
12.948679924,80.2098083496,56864,56874,10
12.9489803314,80.2098999023,56874,56884,10
12.9496002197,80.2101669312,56884,56894,10
12.9505395889,80.2106018066,56894,56904,10
12.9512901306,80.2109832764,56904,56914,10
12.9521102905,80.2113800049,56914,56924,10
12.9528303146,80.2116470337,56924,56934,10
12.9533004761,80.2118377686,56934,56944,10
12.9535598755,80.2119369507,56944,56955,11
12.954079628,80.2121429443,56955,56965,10
12.9549598694,80.2125167847,56965,56975,10
12.9559803009,80.2129211426,56975,56985,10
12.9568996429,80.2132797241,56985,56995,10
12.958029747,80.2137374878,56995,57005,10
12.9590597153,80.2141494751,57005,57015,10
12.9598398209,80.2144775391,57015,57025,10
12.9607601166,80.2148284912,57025,57035,10
12.9615497589,80.215133667,57035,57045,10
12.9625196457,80.2154998779,57045,57056,11
12.9631500244,80.2157592773,57056,57066,10
12.9635095596,80.2158966064,57066,57106,40
12.9635095596,80.2158966064,57106,57116,10
12.96393013,80.2160568237,57116,57126,10
12.9641399384,80.2161331177,57126,57136,10
12.9642896652,80.2162017822,57136,57146,10
12.9648704529,80.2164916992,57146,57156,10
12.9657297134,80.2168273926,57156,57167,11
12.9666595459,80.2172012329,57167,57177,10
12.9675302505,80.2175598145,57177,57187,10
12.968000412,80.2177581787,57187,57197,10
12.9686498642,80.2180175781,57197,57207,10
12.9696502686,80.2183990479,57207,57217,10
12.970700264,80.2188034058,57217,57227,10
12.9711399078,80.2189407349,57227,57237,10
12.9711799622,80.2189407349,57237,57247,10
12.9716997147,80.2191696167,57247,57257,10
12.9725799561,80.2195205688,57257,57268,11
12.9734697342,80.2199020386,57268,57278,10
12.9744796753,80.2202987671,57278,57298,20
12.9744796753,80.2202987671,57298,57308,10
12.9746198654,80.2203903198,57308,57318,10
12.9748096466,80.2204666138,57318,57328,10
12.9750795364,80.2205810547,57328,57338,10
12.9753303528,80.2206726074,57338,57348,10
12.9756097794,80.2208709717,57348,57358,10
12.9757995605,80.221031189,57358,57368,10
12.9758901596,80.2210998535,57368,57378,10
12.9761295319,80.2212219238,57378,57429,51
12.9761295319,80.2212219238,57429,57439,10
12.9764604568,80.2212677002,57439,57449,10
12.9769096375,80.2212295532,57449,57459,10
12.9773597717,80.2211990356,57459,57469,10
12.977930069,80.2211914063,57469,57479,10
12.9785203934,80.2211837769,57479,57489,10
12.979180336,80.2211380005,57489,57499,10
12.9794998169,80.2211227417,57499,57509,10
12.9796800613,80.2211227417,57509,57519,10
12.9801902771,80.2210769653,57519,57529,10
12.9808702469,80.221031189,57529,57539,10
12.9815502167,80.2213134766,57539,57549,10
12.9819898605,80.2216186523,57549,57559,10
12.9822702408,80.2217636108,57559,57569,10
12.9829597473,80.2219772339,57569,57592,23
12.9829597473,80.2219772339,57592,57602,10
12.9832696915,80.22215271,57602,57612,10
12.9837198257,80.2224502563,57612,57622,10
12.9841098785,80.2226715088,57622,57632,10
12.9844999313,80.22290802,57632,57642,10
12.9849500656,80.2231826782,57642,57652,10
12.9853696823,80.2232971191,57652,57662,10
12.9855699539,80.2231292725,57662,57672,10
12.9865102768,80.2229614258,57672,57693,21
12.9865102768,80.2229614258,57693,57703,10
12.9867801666,80.2229766846,57703,57713,10
12.9873304367,80.2230606079,57713,57723,10
12.9878997803,80.2229537964,57723,57733,10
12.9885902405,80.2223968506,57733,57743,10
12.9891195297,80.2218170166,57743,57753,10
12.9897098541,80.2210235596,57753,57763,10
12.9903497696,80.220413208,57763,57773,10
12.9904203415,80.2203674316,57773,57783,10
12.9905796051,80.2202987671,57783,57794,11
12.9912204742,80.2198181152,57794,57804,10
12.9914598465,80.2196426392,57804,57814,10
12.9917402267,80.2194366455,57814,57824,10
12.992389679,80.218963623,57824,57834,10
12.9932203293,80.2183609009,57834,57844,10
12.9938802719,80.217880249,57844,57854,10
12.9944801331,80.2174606323,57854,57864,10
12.9950199127,80.2170791626,57864,57874,10
12.9956197739,80.2167510986,57874,57884,10
12.9971399307,80.2164764404,57884,57905,21
12.9971399307,80.2164764404,57905,57915,10
12.997420311,80.216468811,57915,57925,10
12.9975700378,80.2164916992,57925,57935,10
12.9975996017,80.216506958,57935,57945,10
12.9977197647,80.2165222168,57945,57955,10
12.9982099533,80.2166366577,57955,57965,10
12.99903965,80.2170028687,57965,57975,10
12.9996500015,80.2173233032,57975,57985,10
13.0002403259,80.2176971436,57985,57996,11
13.0011100769,80.21824646,57996,58006,10
13.0018501282,80.2188415527,58006,58016,10
13.0027599335,80.2196884155,58016,58026,10
13.0038204193,80.2200393677,58026,58036,10
13.004650116,80.220199585,58036,58046,10
13.0047397614,80.2202224731,58046,58056,10
13.0053300858,80.2203979492,58056,58066,10
13.0063495636,80.2206268311,58066,58075,9
13.0074195862,80.2210922241,58075,58086,11
13.0087404251,80.221786499,58086,58096,10
13.0096797943,80.2222976685,58096,58107,11
13.010720253,80.2228164673,58107,58117,10
13.0112104416,80.2230300903,58117,58127,10
13.0113096237,80.2230529785,58127,58137,10
13.0116100311,80.2227401733,58137,58147,10
13.011879921,80.2219467163,58147,58157,10
13.0122299194,80.2215194702,58157,58167,10
13.0123796463,80.2216186523,58167,58177,10
13.0127296448,80.2220535278,58177,58187,10
13.0131797791,80.2225418091,58187,58197,10
13.0137300491,80.2231292725,58197,58208,11
13.0140800476,80.2234573364,58208,58218,10
13.0143098831,80.2237472534,58218,58228,10
13.0148000717,80.2242965698,58228,58238,10
13.0153398514,80.2249221802,58238,58248,10
13.0154600143,80.2249603271,58248,58258,10
13.0155801773,80.224937439,58258,58268,10
13.0161304474,80.2252807617,58268,58278,10
13.017080307,80.2250976563,58278,58288,10
13.0181398392,80.2246780396,58288,58298,10
13.0190200806,80.2244033813,58298,58308,10
13.0194597244,80.2244262695,58308,58319,11
13.0197095871,80.2245025635,58319,58329,10
13.0200004578,80.2247009277,58329,58339,10
13.0203800201,80.2249984741,58339,58349,10
13.0207700729,80.2253036499,58349,58359,10
13.0211400986,80.2255935669,58359,58369,10
13.0217599869,80.2260513306,58369,58389,20
13.0217599869,80.2260513306,58389,58399,10
13.0220003128,80.2262191772,58399,58409,10
13.0223398209,80.2265167236,58409,58419,10
13.0228204727,80.2269363403,58419,58429,10
13.0233697891,80.2274398804,58429,58439,10
13.0238304138,80.2278594971,58439,58450,11
13.024189949,80.2282485962,58450,58460,10
13.0246601105,80.2288665771,58460,58480,20
13.0246601105,80.2288665771,58480,58490,10
13.0248203278,80.229133606,58490,58500,10
13.025270462,80.2297210693,58500,58509,9
13.0256595612,80.2302780151,58509,58522,13
13.0259199142,80.2307815552,58522,58532,10
13.02602005,80.2311325073,58532,58542,10
13.0263299942,80.2313308716,58542,58552,10
13.0270204544,80.2311706543,58552,58560,8
13.0276002884,80.2310333252,58560,58572,12
13.028260231,80.2309112549,58572,58580,8
13.0283203125,80.2309188843,58580,58590,10
13.0289001465,80.2308807373,58590,58610,20
13.0289001465,80.2308807373,58610,58623,13
13.0293302536,80.2308197021,58623,58633,10
13.0297298431,80.2307891846,58633,58643,10
13.0300598145,80.2307662964,58643,58653,10
13.0305700302,80.2307281494,58653,58663,10
13.0310001373,80.2306976318,58663,58673,10
13.0314102173,80.2306594849,58673,58683,10
13.0320100784,80.2305984497,58683,58693,10
13.0327196121,80.2305297852,58693,58703,10
13.0333595276,80.2304763794,58703,58713,10
13.0339097977,80.230430603,58713,58754,41
13.0339097977,80.230430603,58754,58764,10
13.0341396332,80.2303924561,58764,58774,10
13.0344104767,80.2303924561,58774,58784,10
13.0346298218,80.2303314209,58784,58794,10
13.0347499847,80.2302703857,58794,58804,10
13.0348997116,80.2301635742,58804,58814,10
13.0348701477,80.2300567627,58814,58824,10
13.034529686,80.2299499512,58824,59826,1002
13.0342903137,80.2298965454,59826,59907,81
13.0342903137,80.2298965454,59907,59917,10
13.0342197418,80.2304229736,59917,59977,60
13.0342197418,80.2304229736,59977,59987,10
13.033949852,80.2304992676,59987,59998,11
13.0336103439,80.2305221558,59998,60008,10
13.0332098007,80.2305526733,60008,60018,10
13.03262043,80.2305984497,60018,60028,10
13.0320196152,80.2306671143,60028,60038,10
13.0313901901,80.23072052,60038,60048,10
13.0308599472,80.230758667,60048,60058,10
13.0306501389,80.2307662964,60058,60068,10
13.0302400589,80.2308197021,60068,60078,10
13.0297698975,80.2308578491,60078,60088,10
13.0297403336,80.2308578491,60088,60099,11
13.0294103622,80.2308807373,60099,60109,10
13.0287704468,80.2309265137,60109,60119,10
13.0279102325,80.231010437,60119,60129,10
13.0276098251,80.2311172485,60129,60139,10
13.0276699066,80.2316665649,60139,60150,11
13.0277500153,80.2321929932,60150,60160,10
13.0278596878,80.2326889038,60160,60170,10
13.0274600983,80.2328720093,60170,60180,10
13.027009964,80.2329788208,60180,60240,60
13.027009964,80.2329788208,60240,60250,10
13.0268697739,80.2330703735,60250,60261,11
13.0264997482,80.2330627441,60261,60271,10
13.026260376,80.2325515747,60271,60281,10
13.0261201859,80.2320632935,60281,60291,10
13.0259799957,80.2315673828,60291,60301,10
13.0258398056,80.2310028076,60301,60311,10
13.0254602432,80.2302322388,60311,60321,10
13.0249700546,80.2295303345,60321,60331,10
13.024600029,80.2290725708,60331,60341,10
13.0242395401,80.2285995483,60341,60351,10
13.023730278,80.2279281616,60351,60361,10
13.0231399536,80.2275314331,60361,60391,30
13.0231399536,80.2275314331,60391,60401,10
13.0229101181,80.2273483276,60401,60414,13
13.0225095749,80.2268295288,60414,60424,10
13.021900177,80.2263183594,60424,60434,10
13.0212097168,80.225730896,60434,60444,10
13.0205202103,80.225227356,60444,60454,10
13.0200004578,80.2249069214,60454,60464,10
13.0199699402,80.2248764038,60464,60474,10
13.0198497772,80.2247924805,60474,60484,10
13.0192604065,80.2245178223,60484,60494,10
13.0183296204,80.2247009277,60494,60504,10
13.0173196793,80.2251281738,60504,60514,10
13.0164899826,80.2255020142,60514,60525,11
13.0151100159,80.2260437012,60525,60545,20
13.0151100159,80.2260437012,60545,60555,10
13.014960289,80.2260971069,60555,60565,10
13.0145998001,80.2262496948,60565,60575,10
13.0145101547,80.226272583,60575,60585,10
13.0144395828,80.2262573242,60585,60595,10
13.0139799118,80.2264175415,60595,60605,10
13.013299942,80.2266311646,60605,60615,10
13.0124998093,80.2269287109,60615,60626,11
13.0115203857,80.2273101807,60626,60636,10
13.0105695724,80.2276763916,60636,60646,10
13.0098199844,80.2279510498,60646,60656,10
13.0095901489,80.2275085449,60656,60666,10
13.0098600388,80.2268371582,60666,60676,10
13.0102701187,80.2258224487,60676,60686,10
13.0107097626,80.2248306274,60686,60696,10
13.0110301971,80.2239532471,60696,60706,10
13.0111303329,80.2235565186,60706,60716,10
13.0112104416,80.2232666016,60716,60727,11
13.0106601715,80.2229003906,60727,60737,10
13.0102596283,80.2227020264,60737,60747,10
13.010020256,80.2225570679,60747,60757,10
13.0094299316,80.2222366333,60757,60767,10
13.0085897446,80.221786499,60767,60777,10
13.0076904297,80.2212982178,60777,60787,10
13.0067796707,80.2208328247,60787,60797,10
13.0061798096,80.2206420898,60797,60807,10
13.0053300858,80.220451355,60807,60814,7
13.0047397614,80.2203063965,60814,60827,13
13.0044002533,80.2202224731,60827,60838,11
13.0038604736,80.2200927734,60838,60848,10
13.0030899048,80.2198867798,60848,60858,10
13.0023202896,80.2193984985,60858,60868,10
13.0017795563,80.2188186646,60868,60878,10
13.0010995865,80.2182693481,60878,60888,10
13.0004901886,80.2178726196,60888,60898,10
12.9998502731,80.2174835205,60898,60910,12
12.9989795685,80.2169876099,60910,60920,10
12.9981098175,80.2166519165,60920,60930,10
12.9975099564,80.216583252,60930,60941,11
12.9974498749,80.2165603638,60941,60951,10
12.9974098206,80.2165298462,60951,60961,10
12.997010231,80.2165527344,60961,60971,10
12.9962797165,80.2166366577,60971,60981,10
12.9956302643,80.2167892456,60981,60991,10
12.9953098297,80.2169189453,60991,61001,10
12.9949903488,80.2171630859,61001,61011,10
12.9945802689,80.2174606323,61011,61021,10
12.9942302704,80.2177429199,61021,61031,10
12.9939899445,80.217918396,61031,61041,10
12.9934997559,80.21824646,61041,61052,11
12.9927997589,80.21875,61052,61062,10
12.9920797348,80.2193069458,61062,61072,10
12.9916296005,80.2197036743,61072,61082,10
12.9907903671,80.2202911377,61082,61111,29
12.9907903671,80.2202911377,61111,61122,11
12.9904298782,80.2205200195,61122,61132,10
12.9898099899,80.2210693359,61132,61142,10
12.9895000458,80.2213973999,61142,61154,12
12.9892301559,80.2218322754,61154,61164,10
12.9890098572,80.2221221924,61164,61174,10
12.9884500504,80.2226791382,61174,61184,10
12.9874401093,80.2231369019,61184,61204,20
12.9874401093,80.2231369019,61204,61214,10
12.9873695374,80.2231369019,61214,61224,10
12.9871397018,80.2231216431,61224,61234,10
12.9871301651,80.2231216431,61234,61244,10
12.9870004654,80.2230682373,61244,61255,11
12.9864597321,80.2229995728,61255,61265,10
12.9859800339,80.2230224609,61265,61275,10
12.9855003357,80.2232818604,61275,61285,10
12.9850301743,80.2232437134,61285,61295,10
12.984459877,80.2229309082,61295,61305,10
12.9839401245,80.2226409912,61305,61315,10
12.9832296371,80.2221832275,61315,61345,30
12.9832296371,80.2221832275,61345,61354,9
12.983039856,80.2220306396,61354,61366,12
12.9826202393,80.2218704224,61366,61376,10
12.982049942,80.2216796875,61376,61386,10
12.9813699722,80.2212219238,61386,61396,10
12.9806003571,80.2210769653,61396,61406,10
12.9797000885,80.2211685181,61406,61416,10
12.9788398743,80.2212219238,61416,61426,10
12.9780197144,80.221282959,61426,61436,10
12.9773902893,80.2212982178,61436,61446,10
12.9768104553,80.221321106,61446,61456,10
12.9766798019,80.2212982178,61456,61467,11
12.9762496948,80.2213134766,61467,61477,10
12.9760398865,80.2213363647,61477,61487,10
12.9757995605,80.2212219238,61487,61517,30
12.9757995605,80.2212219238,61517,61527,10
12.9754896164,80.2209701538,61527,61578,51
12.9754896164,80.2209701538,61578,61588,10
12.9753799438,80.2208786011,61588,61598,10
12.9749498367,80.2206420898,61598,61608,10
12.974360466,80.2203903198,61608,61618,10
12.9736995697,80.2200927734,61618,61628,10
12.9731502533,80.219871521,61628,61638,10
12.9724502563,80.2196502686,61638,61648,10
12.9716901779,80.2193832397,61648,61658,10
12.9710903168,80.2192077637,61658,61668,10
12.9710197449,80.2191925049,61668,61679,11
12.9709396362,80.2191467285,61679,61689,10
12.9704504013,80.2188720703,61689,61699,10
12.9696798325,80.2185516357,61699,61709,10
12.9687595367,80.218170166,61709,61719,10
12.9678897858,80.2178115845,61719,61729,10
12.9670200348,80.2174606323,61729,61739,10
12.9660301208,80.2170715332,61739,61749,10
12.9650001526,80.2166595459,61749,61759,10
12.964220047,80.2163467407,61759,61769,10
12.9636001587,80.2160568237,61769,61780,11
12.9630403519,80.2158279419,61780,61790,10
12.9630298615,80.2158279419,61790,61800,10
12.962770462,80.215713501,61800,61810,10
12.9621896744,80.215461731,61810,61820,10
12.9612398148,80.2151031494,61820,61830,10
12.9601097107,80.2146682739,61830,61840,10
12.9591398239,80.2142715454,61840,61850,10
12.9580402374,80.2138290405,61850,61860,10
12.9572896957,80.2135314941,61860,61870,10
12.9564304352,80.213180542,61870,61880,10
12.9553604126,80.2127838135,61880,61891,11
12.9538297653,80.2122116089,61891,61911,20
12.9538297653,80.2122116089,61911,61921,10
12.9537601471,80.2121734619,61921,61931,10
12.9532804489,80.2119598389,61931,61941,10
12.9524402618,80.2116394043,61941,61951,10
12.9513998032,80.2112808228,61951,61961,10
12.9502000809,80.2108535767,61961,61971,10
12.9486303329,80.2102508545,61971,61991,20
12.9486303329,80.2102508545,61991,62001,10
12.9484596252,80.2101974487,62001,62011,10
12.9480400085,80.2100067139,62011,62021,10
12.9472904205,80.2097015381,62021,62031,10
12.9463796616,80.2093276978,62031,62041,10
12.9454498291,80.2088928223,62041,62051,10
12.9446897507,80.2085571289,62051,62062,11
12.9444704056,80.208480835,62062,62072,10
12.9444503784,80.2084732056,62072,62082,10
12.9440202713,80.2082901001,62082,62092,10
12.9432697296,80.2079620361,62092,62102,10
12.942700386,80.2073135376,62102,62112,10
12.9420204163,80.2066574097,62112,62122,10
12.9413700104,80.2061920166,62122,62132,10
12.9412403107,80.2061233521,62132,62142,10
12.9411897659,80.2060775757,62142,62152,10
12.940779686,80.2059020996,62152,62162,10
12.9401102066,80.2057037354,62162,62172,10
12.9394702911,80.2054977417,62172,62182,10
12.938750267,80.2052688599,62182,62192,10
12.9382095337,80.2051086426,62192,62205,13
12.9374599457,80.2048873901,62205,62215,10
12.9367599487,80.2046813965,62215,62225,10
12.9360599518,80.2044906616,62225,62233,8
12.9359197617,80.2044525146,62233,62245,12
12.9353904724,80.2042388916,62245,62255,10
12.9347896576,80.2040100098,62255,62265,10
12.9338598251,80.2039489746,62265,62285,20
12.9338598251,80.2039489746,62285,62295,10
12.9337501526,80.2039413452,62295,62306,11
12.9332399368,80.2038421631,62306,62316,10
12.9325799942,80.2035598755,62316,62326,10
12.9320602417,80.20337677,62326,62336,10
12.9314098358,80.203163147,62336,62346,10
12.9307498932,80.2029571533,62346,62356,10
12.9298000336,80.2028274536,62356,62376,20
12.9298000336,80.2028274536,62376,62386,10
12.9297103882,80.2028121948,62386,62395,9
12.9292697906,80.2027664185,62395,62407,12
12.9285202026,80.2024765015,62407,62417,10
12.9284896851,80.2021026611,62417,62427,10
12.9284696579,80.2018890381,62427,62437,10
12.9284496307,80.2012710571,62437,62447,10
12.9284095764,80.2003631592,62447,62457,10
12.9281797409,80.1993789673,62457,62467,10
12.9277496338,80.1985168457,62467,62477,10
12.9269304276,80.197807312,62477,62487,10
12.9262399673,80.1975708008,62487,62497,10
12.9262104034,80.1975708008,62497,62507,10
12.9260196686,80.1975631714,62507,62518,11
12.9254798889,80.1975631714,62518,62528,10
12.9251298904,80.1975326538,62528,62538,10
12.9243297577,80.197517395,62538,62548,10
12.9235095978,80.1974868774,62548,62558,10
12.9229898453,80.1974334717,62558,62568,10
12.9222898483,80.1973571777,62568,62578,10
12.9221696854,80.1973419189,62578,62588,10
12.9220104218,80.1973114014,62588,62598,10
12.9214801788,80.1971206665,62598,62608,10
12.9209098816,80.1968994141,62608,62619,11
12.9201803207,80.196647644,62619,62629,10
12.9194602966,80.1963806152,62629,62639,10
12.9189300537,80.1959762573,62639,62649,10
12.9185600281,80.1956329346,62649,62659,10
12.9179601669,80.1950912476,62659,62669,10
12.9171304703,80.1942367554,62669,62689,20
12.9171304703,80.1942367554,62689,62699,10
12.9170198441,80.1938934326,62699,62708,9
12.9169998169,80.1934127808,62708,62720,12
12.9170598984,80.1928405762,62720,62730,10
12.9170999527,80.1924667358,62730,62740,10
12.9167299271,80.1923599243,62740,62770,30
12.9167299271,80.1923599243,62770,62780,10
12.9166402817,80.1923828125,62780,62790,10
12.9161500931,80.1923370361,62790,62800,10
12.9154500961,80.1922912598,62800,62810,10
12.9145202637,80.1922073364,62810,62820,10
12.913359642,80.1920623779,62820,62831,11
12.9118204117,80.1918792725,62831,62841,10
12.9105596542,80.1917190552,62841,62851,10
12.9097499847,80.1915206909,62851,62861,10
12.9096603394,80.1914367676,62861,62871,10
12.9096298218,80.1913986206,62871,62881,10
12.9092302322,80.1910629272,62881,62891,10
12.9084701538,80.1904907227,62891,62901,10
12.9075698853,80.1897888184,62901,62911,10
12.90666008,80.1891021729,62911,62921,10
12.9061203003,80.1887588501,62921,62932,11
12.9060897827,80.1887283325,62932,62941,9
12.9059295654,80.188621521,62941,62952,11
12.9052400589,80.1881790161,62952,62962,10
12.9043502808,80.1876068115,62962,62972,10
12.903960228,80.1868896484,62972,62982,10
12.9040002823,80.1858901978,62982,62992,10
12.9040002823,80.1848526001,62992,63002,10
12.9035100937,80.1845474243,63002,63012,10
12.9026002884,80.1842803955,63012,63022,10
12.9015102386,80.1839981079,63022,63032,10
12.900560379,80.1836471558,63032,63042,10
12.8995895386,80.1831588745,63042,63052,10
12.8986701965,80.1827011108,63052,63062,10
12.8977804184,80.1822433472,63062,63072,10
12.8973197937,80.1820297241,63072,63093,21
12.8973197937,80.1820297241,63093,63103,10
12.8971004486,80.1819076538,63103,63113,10
12.896490097,80.181602478,63113,63123,10
12.8957004547,80.1811828613,63123,63133,10
12.8949098587,80.1807785034,63133,63143,10
12.8934001923,80.1800689697,63143,63163,20
12.8934001923,80.1800689697,63163,63173,10
12.8931903839,80.1798400879,63173,63183,10
12.8927898407,80.179069519,63183,63193,10
12.8922595978,80.1780471802,63193,63203,10
12.8916501999,80.1769180298,63203,63212,9
12.8914299011,80.1765289307,63212,63223,11
12.8913602829,80.176399231,63223,63233,10
12.8910503387,80.175819397,63233,63246,13
12.8905000687,80.1747970581,63246,63256,10
12.8900003433,80.1744232178,63256,63266,10
12.8897399902,80.174331665,63266,63276,10
12.8894701004,80.1742172241,63276,63286,10
12.8889904022,80.1739578247,63286,63296,10
12.8881397247,80.1735305786,63296,63306,10
12.887140274,80.172996521,63306,63316,10
12.8861103058,80.1724700928,63316,63326,10
12.8851099014,80.1719512939,63326,63336,10
12.8839302063,80.1713485718,63336,63347,11
12.8830699921,80.1709136963,63347,63357,10
12.8824901581,80.1706237793,63357,63367,10
12.8820695877,80.1709899902,63367,63377,10
12.8815498352,80.1709289551,63377,63387,10
12.8810100555,80.170753479,63387,63397,10
12.8801603317,80.1704025269,63397,63407,10
12.8799104691,80.1702575684,63407,63417,10
12.8796596527,80.1700973511,63417,63427,10
12.8788604736,80.1699905396,63427,63437,10
12.8764200211,80.1706924438,63437,63447,10
12.8764200211,80.1706924438,63447,63455,8
12.8759202957,80.1708602905,63455,63468,13
12.8757295609,80.1709365845,63468,63489,21
12.8740596771,80.1720504761,63489,63496,7
12.8732795715,80.1725769043,63496,63509,13
12.8718500137,80.1735305786,63509,63519,10
12.8705596924,80.174407959,63519,63529,10
12.8691797256,80.1753311157,63529,63539,10
12.8683595657,80.1758804321,63539,63549,10
12.8677101135,80.1759796143,63549,63560,11
12.8670301437,80.1759109497,63560,63570,10
12.8665704727,80.1758422852,63570,63580,10
12.866350174,80.1758117676,63580,63590,10
12.8656101227,80.1757507324,63590,63600,10
12.8651599884,80.1756896973,63600,63610,10
12.8649396896,80.1756134033,63610,63620,10
12.8642396927,80.1752090454,63620,63630,10
12.8632698059,80.1745986938,63630,63640,10
12.8620901108,80.1739730835,63640,63650,10
12.8610401154,80.173538208,63650,63661,11
12.860039711,80.1730880737,63661,63671,10
12.8595600128,80.1728820801,63671,63681,10
12.8587303162,80.1725769043,63681,63691,10
12.8577899933,80.1724319458,63691,63701,10
12.8574895859,80.1723937988,63701,63711,10
12.8571195602,80.1723327637,63711,63721,10
12.8564100266,80.1721878052,63721,63751,30
12.8564100266,80.1721878052,63751,63761,10
12.8562803268,80.1721496582,63761,63772,11
12.8560495377,80.1720733643,63772,63782,10
12.8553800583,80.1718521118,63782,63792,10
12.8545799255,80.17162323,63792,63802,10
12.8535995483,80.1713485718,63802,63812,10
12.8524799347,80.1711883545,63812,63823,11
12.8511199951,80.1709823608,63823,63833,10
12.8497800827,80.170753479,63833,63843,10
12.8484802246,80.1705322266,63843,63853,10
12.847240448,80.1703186035,63853,63863,10
12.846159935,80.1702194214,63863,63874,11
12.8448696136,80.1701583862,63874,63884,10
12.8437795639,80.1700820923,63884,63894,10
12.8426799774,80.1699676514,63894,63904,10
12.8415803909,80.1699905396,63904,63914,10
12.8405199051,80.1699829102,63914,63924,10
12.839679718,80.1700210571,63924,63933,9
12.8391704559,80.1699676514,63933,63944,11
12.8385400772,80.1697769165,63944,63954,10
12.8383903503,80.1697006226,63954,63964,10
12.8380804062,80.1693878174,63964,63976,12
12.8376998901,80.169342041,63976,63986,10
12.8372602463,80.1691818237,63986,63996,10
12.8370800018,80.1689300537,63996,64006,10
12.8368196487,80.168838501,64006,64016,10
12.8364801407,80.1687393188,64016,64026,10
12.8363895416,80.1687164307,64026,64036,10
12.8361597061,80.1686325073,64036,64046,10
12.8359699249,80.1683807373,64046,64056,10
12.8358001709,80.167930603,64056,64066,10
12.8353996277,80.1677780151,64066,64077,11
12.8346796036,80.1673965454,64077,64087,10
12.8338699341,80.1669464111,64087,64097,10
12.8335399628,80.1667861938,64097,64107,10
12.8333396912,80.1666564941,64107,64117,10
12.8326797485,80.1662826538,64117,64127,10
12.831700325,80.1658782959,64127,64137,10
12.8307800293,80.1656188965,64137,64147,10
12.8296203613,80.1654205322,64147,64157,10
12.8285903931,80.1652679443,64157,64167,10
12.8275899887,80.1651687622,64167,64198,31
12.8275899887,80.1651687622,64198,64208,10
12.827460289,80.1651229858,64208,64218,10
12.8271799088,80.1649398804,64218,64228,10
12.8268604279,80.1647186279,64228,64238,10
12.8265199661,80.1644897461,64238,64248,10
12.8261699677,80.1642913818,64248,64258,10
12.8254995346,80.1639404297,64258,64268,10
12.824760437,80.1635818481,64268,64278,10
12.8240098953,80.1630630493,64278,64289,11
12.8229999542,80.1625289917,64289,64299,10
12.8218603134,80.1620635986,64299,64309,10
12.8206396103,80.1615371704,64309,64319,10
12.8195400238,80.1610794067,64319,64329,10
12.8186597824,80.1606826782,64329,64339,10
12.818110466,80.1604614258,64339,64349,10
12.8177995682,80.1603775024,64349,64359,10
12.8172702789,80.1602630615,64359,64369,10
12.8171300888,80.1602401733,64369,64379,10
12.81690979,80.1601791382,64379,64390,11
12.8163003922,80.1600494385,64390,64400,10
12.8157300949,80.1599502563,64400,64410,10
12.8150701523,80.1598129272,64410,64420,10
12.8146495819,80.1597213745,64420,64430,10
12.8138799667,80.1596298218,64430,64440,10
12.8135204315,80.1595993042,64440,64450,10
12.8134403229,80.159576416,64450,64460,10
12.8128795624,80.1594924927,64460,64470,10
12.81208992,80.1593780518,64470,64480,10
12.8116197586,80.1594772339,64480,64501,21
12.8116197586,80.1594772339,64501,64511,10
12.8113603592,80.159538269,64511,64519,8
12.8110198975,80.1596679688,64519,64532,13
12.810379982,80.1597824097,64532,64542,10
12.8100204468,80.1596298218,64542,64582,40
12.8100204468,80.1596298218,64582,64592,10
12.8104295731,80.1597290039,64592,64734,142
12.8104295731,80.1597290039,64734,64744,10
12.810500145,80.1596984863,64744,64754,10
12.810839653,80.1596603394,64754,64764,10
12.8112897873,80.1595077515,64764,64774,10
12.8116598129,80.1594161987,64774,64784,10
12.8116703033,80.1594161987,64784,64794,10
12.8120203018,80.159362793,64794,64804,10
12.812669754,80.1594161987,64804,64817,13
12.81346035,80.1595611572,64817,64827,10
12.8135299683,80.1595687866,64827,64837,10
12.8138799667,80.1596069336,64837,64847,10
12.8145999908,80.1596984863,64847,64857,10
12.8154201508,80.1598587036,64857,64867,10
12.8161001205,80.1600036621,64867,64877,10
12.8166399002,80.1601333618,64877,64928,51
12.8166399002,80.1601333618,64928,64938,10
12.8167600632,80.1601486206,64938,64948,10
12.8168697357,80.1602020264,64948,64958,10
12.8170900345,80.1602630615,64958,64968,10
12.8172397614,80.1602783203,64968,64978,10
12.817700386,80.1603927612,64978,64988,10
12.8179597855,80.1604385376,64988,64998,10
12.8182296753,80.1605224609,64998,65008,10
12.8186903,80.160697937,65008,65019,11
12.8196201324,80.1611099243,65019,65029,10
12.820690155,80.161567688,65029,65039,10
12.8217201233,80.1620025635,65039,65049,10
12.8225803375,80.162361145,65049,65059,10
12.8234901428,80.1627502441,65059,65069,10
12.8241796494,80.163192749,65069,65079,10
12.8248300552,80.1635971069,65079,65089,10
12.825460434,80.1639175415,65089,65099,10
12.8259801865,80.1641998291,65099,65109,10
12.8263998032,80.1644363403,65109,65119,10
12.8265895844,80.1645736694,65119,65130,11
12.8268098831,80.1647109985,65130,65140,10
12.8269395828,80.1647872925,65140,65150,10
12.8272600174,80.1650238037,65150,65160,10
12.827460289,80.1651229858,65160,65170,10
12.827580452,80.1651382446,65170,65180,10
12.8277797699,80.1651763916,65180,65210,30
12.8277797699,80.1651763916,65210,65220,10
12.8278503418,80.1651916504,65220,65231,11
12.8283195496,80.1652526855,65231,65241,10
12.8290395737,80.1653289795,65241,65251,10
12.8298196793,80.1654281616,65251,65261,10
12.8302898407,80.1655197144,65261,65271,10
12.8310604095,80.165687561,65271,65281,10
12.8318796158,80.1659469604,65281,65291,10
12.8327903748,80.166343689,65291,65301,10
12.8334798813,80.1667404175,65301,65311,10
12.8335399628,80.1667709351,65311,65321,10
12.8336000443,80.166809082,65321,65332,11
12.8340301514,80.1670379639,65332,65342,10
12.8346996307,80.1674194336,65342,65352,10
12.8353595734,80.1677474976,65352,65362,10
12.835729599,80.1678466797,65362,65372,10
12.835940361,80.1682662964,65372,65382,10
12.8362102509,80.1686325073,65382,65392,10
12.8364400864,80.1687011719,65392,65402,10
12.8369197845,80.1688308716,65402,65412,10
12.8371200562,80.1689682007,65412,65422,10
12.8372898102,80.1691894531,65422,65432,10
12.8378400803,80.169342041,65432,65443,11
12.8383998871,80.1696624756,65443,65473,30
12.8383998871,80.1696624756,65473,65483,10
12.8388204575,80.1698532104,65483,65493,10
12.839509964,80.1700134277,65493,65503,10
12.8402996063,80.1699676514,65503,65513,10
12.8412399292,80.1699981689,65513,65523,10
12.8421401978,80.1699829102,65523,65533,10
12.8432998657,80.1700210571,65533,65544,11
12.8448400497,80.1701812744,65544,65554,10
12.8462896347,80.1702423096,65554,65564,10
12.8477296829,80.1703796387,65564,65574,10
12.8491201401,80.1706314087,65574,65584,10
12.8505802155,80.1708679199,65584,65594,10
12.8519001007,80.1710968018,65594,65604,10
12.8532304764,80.1712799072,65604,65614,10
12.8543300629,80.1715393066,65614,65624,10
12.8550701141,80.1717605591,65624,65634,10
12.8557796478,80.1719818115,65634,65644,10
12.8562498093,80.1720962524,65644,65654,10
12.8563899994,80.1721496582,65654,65665,11
12.8564395905,80.1721725464,65665,65674,9
12.856590271,80.1722106934,65674,65685,11
12.856760025,80.1722183228,65685,65695,10
12.857170105,80.1723098755,65695,65705,10
12.8575801849,80.1723632813,65705,65715,10
12.858039856,80.1724472046,65715,65725,10
12.858830452,80.1725997925,65725,65734,9
12.8595104218,80.1728515625,65734,65747,13
12.859749794,80.172958374,65747,65757,10
12.8603096008,80.173210144,65757,65767,10
12.8611097336,80.1735610962,65767,65777,10
12.8619499207,80.1739273071,65777,65787,10
12.8628101349,80.174331665,65787,65797,10
12.8637104034,80.1748886108,65797,65807,10
12.864569664,80.1754074097,65807,65817,10
12.8652000427,80.1757202148,65817,65827,10
12.8653898239,80.175743103,65827,65837,10
12.8658504486,80.1757736206,65837,65844,7
12.8663702011,80.175819397,65844,65858,14
12.8674602509,80.1759109497,65858,65868,10
12.8681697845,80.1759414673,65868,65878,10
12.8688497543,80.1754989624,65878,65888,10
12.8696699142,80.174949646,65888,65898,10
12.8706703186,80.1742706299,65898,65908,10
12.8717098236,80.1735992432,65908,65918,10
12.8729000092,80.1728134155,65918,65928,10
12.8742103577,80.1719589233,65928,65937,9
12.8820495605,80.1710205078,65937,66005,68
12.8820495605,80.1710205078,66005,66025,20
12.8825998306,80.1706771851,66025,66037,12
12.8827400208,80.170753479,66037,66047,10
12.8833599091,80.171081543,66047,66057,10
12.8842096329,80.1715011597,66057,66068,11
12.8851900101,80.1720123291,66068,66078,10
12.8861103058,80.1725082397,66078,66088,10
12.887140274,80.1730270386,66088,66098,10
12.8874797821,80.173210144,66098,66108,10
12.8880300522,80.1734924316,66108,66118,10
12.8888101578,80.1738967896,66118,66128,10
12.8895101547,80.1742477417,66128,66138,10
12.889670372,80.174331665,66138,66148,10
12.8898601532,80.1744384766,66148,66158,10
12.8901395798,80.1744995117,66158,66169,11
12.8905096054,80.1748199463,66169,66179,10
12.8908004761,80.1753463745,66179,66189,10
12.8910799026,80.1758728027,66189,66199,10
12.8914604187,80.1765136719,66199,66209,10
12.8915996552,80.1767883301,66209,66219,10
12.891699791,80.1769714355,66219,66229,10
12.8919000626,80.1773529053,66229,66239,10
12.8922595978,80.1780090332,66239,66249,10
12.8927698135,80.1789093018,66249,66259,10
12.8933095932,80.1799087524,66259,66270,11
12.8939800262,80.1802978516,66270,66280,10
12.8940095901,80.1803131104,66280,66290,10
12.8940095901,80.1803207397,66290,66300,10
12.8944196701,80.1805267334,66300,66310,10
12.8951997757,80.1809234619,66310,66320,10
12.8959903717,80.1813201904,66320,66330,10
12.8969402313,80.1817932129,66330,66340,10
12.8976097107,80.1821212769,66340,66360,20
12.8976097107,80.1821212769,66360,66371,11
12.8979301453,80.1822891235,66371,66381,10
12.8986101151,80.1826477051,66381,66391,10
12.899430275,80.1830596924,66391,66401,10
12.9002304077,80.1834716797,66401,66410,9
12.9008398056,80.1837615967,66410,66422,12
12.9019603729,80.18409729,66422,66432,10
12.9029798508,80.1843719482,66432,66442,10
12.903840065,80.1846237183,66442,66452,10
12.9041004181,80.1851425171,66452,66462,10
12.9040699005,80.1859283447,66462,66473,11
12.9040298462,80.1868515015,66473,66483,10
12.9041595459,80.187461853,66483,66493,10
12.9047002792,80.187828064,66493,66503,10
12.9052801132,80.1882019043,66503,66513,10
12.9057598114,80.1885070801,66513,66523,10
12.9061899185,80.1887664795,66523,66533,10
12.9066896439,80.1891098022,66533,66543,10
12.9067497253,80.189163208,66543,66553,10
12.9069404602,80.1893081665,66553,66563,10
12.9073696136,80.1896286011,66563,66573,10
12.9079198837,80.1900405884,66573,66584,11
12.9085197449,80.1904983521,66584,66594,10
12.9092702866,80.191078186,66594,66604,10
12.909910202,80.1915664673,66604,66614,10
12.9102697372,80.1916809082,66614,66624,10
12.9108400345,80.1917266846,66624,66634,10
12.9115104675,80.1918106079,66634,66644,10
12.9120197296,80.1918563843,66644,66654,10
12.9120397568,80.1918563843,66654,66665,11
12.9120798111,80.1918716431,66665,66675,10
12.9124603271,80.1919174194,66675,66685,10
12.9130296707,80.1919784546,66685,66695,10
12.9136400223,80.1920471191,66695,66705,10
12.9142799377,80.1921081543,66705,66715,10
12.9148597717,80.1921615601,66715,66725,10
12.9155797958,80.1922073364,66725,66735,10
12.916390419,80.1922836304,66735,66745,10
12.9170103073,80.1922836304,66745,66765,20
12.9170103073,80.1922836304,66765,66775,10
12.917090416,80.1921691895,66775,66788,13
12.9172296524,80.1915435791,66788,66798,10
12.917309761,80.1909332275,66798,66808,10
12.9173002243,80.1905288696,66808,66818,10
12.9173002243,80.1904678345,66818,66828,10
12.9173002243,80.1904373169,66828,66838,10
12.9174203873,80.1904067993,66838,66848,10
12.9174098969,80.1906814575,66848,66858,10
12.9173603058,80.1912536621,66858,66868,10
12.9172697067,80.1919403076,66868,66878,10
12.9172000885,80.1925582886,66878,66888,10
12.9171600342,80.193107605,66888,66909,21
12.9171600342,80.193107605,66909,66919,10
12.9171600342,80.1931762695,66919,66929,10
12.9171304703,80.1934509277,66929,66939,10
12.9171695709,80.1939468384,66939,66949,10
12.9173603058,80.1944274902,66949,66959,10
12.9178304672,80.1949005127,66959,66969,10
12.9183702469,80.1954193115,66969,66979,10
12.9187602997,80.1958007813,66979,66988,9
12.9192495346,80.1962127686,66988,67000,12
12.9199895859,80.1965789795,67000,67010,10
12.9206495285,80.1968078613,67010,67020,10
12.9212398529,80.1969985962,67020,67030,10
12.9219102859,80.1972503662,67030,67040,10
12.9225797653,80.1973724365,67040,67050,10
12.9229803085,80.1974411011,67050,67060,10
12.9232997894,80.1974563599,67060,67070,10
12.9233598709,80.1974487305,67070,67080,10
12.9235696793,80.197479248,67080,67089,9
12.9240903854,80.1975097656,67089,67101,12
12.9250202179,80.1975021362,67101,67111,10
12.9253196716,80.1974868774,67111,67121,10
12.9258699417,80.1974868774,67121,67131,10
12.9264297485,80.1975784302,67131,67141,10
12.9264802933,80.1976165771,67141,67151,10
12.9269304276,80.1978302002,67151,67161,10
12.9275102615,80.1982269287,67161,67171,10
12.9279499054,80.1988677979,67171,67181,10
12.9282999039,80.1996612549,67181,67191,10
12.9284601212,80.2004928589,67191,67202,11
12.9285097122,80.2013778687,67202,67212,10
12.9285402298,80.2017364502,67212,67222,10
12.928560257,80.2020568848,67222,67232,10
12.9287204742,80.20262146,67232,67242,10
12.9294595718,80.2027587891,67242,67262,20
12.9294595718,80.2027587891,67262,67272,10
12.9298000336,80.2028274536,67272,67282,10
12.930150032,80.20287323,67282,67292,10
12.9306402206,80.2029571533,67292,67302,10
12.9311800003,80.2031097412,67302,67313,11
12.9318799973,80.203338623,67313,67323,10
12.932299614,80.2034683228,67323,67333,10
12.9326200485,80.2035827637,67333,67343,10
12.9329395294,80.2036819458,67343,67353,10
12.9331598282,80.2037811279,67353,67363,10
12.9333000183,80.2038192749,67363,67373,10
12.9335699081,80.2038726807,67373,67383,10
12.9338502884,80.2039108276,67383,67393,10
12.9341096878,80.2039413452,67393,67414,21
12.9341096878,80.2039413452,67414,67424,10
12.9343996048,80.203956604,67424,67434,10
12.9347600937,80.2040100098,67434,67444,10
12.9352197647,80.2041625977,67444,67454,10
12.9357595444,80.2044067383,67454,67464,10
12.9363899231,80.2045974731,67464,67474,10
12.9369802475,80.2047576904,67474,67484,10
12.9375696182,80.2049331665,67484,67494,10
12.9382696152,80.2051315308,67494,67504,10
12.9388504028,80.2053070068,67504,67515,11
12.9395599365,80.2055282593,67515,67525,10
12.9399700165,80.2056427002,67525,67535,10
12.9399795532,80.2056427002,67535,67545,10
12.9402198792,80.2057189941,67545,67555,10
12.9404802322,80.2058029175,67555,67565,10
12.9408102036,80.2059326172,67565,67575,10
12.9412498474,80.2061233521,67575,67585,10
12.9417800903,80.2064590454,67585,67595,10
12.9422502518,80.206817627,67595,67605,10
12.9426403046,80.2071609497,67605,67615,10
12.9429502487,80.2076187134,67615,67625,10
12.9433603287,80.2080230713,67625,67635,10
12.9438400269,80.2082214355,67635,67645,10
12.944319725,80.2083816528,67645,67655,10
12.9444103241,80.2084197998,67655,67666,11
12.9445800781,80.2084884644,67666,67675,9
12.9450998306,80.2086868286,67675,67686,11
12.9459495544,80.2089309692,67686,67696,10
12.9467601776,80.2092514038,67696,67706,10
12.947259903,80.2094116211,67706,67716,10
12.9479598999,80.209602356,67716,67726,10
12.9483098984,80.209602356,67726,67736,10
12.9486398697,80.2098007202,67736,67746,10
12.9488201141,80.2098770142,67746,67756,10
12.9489402771,80.2099609375,67756,67766,10
12.9493999481,80.2101364136,67766,67776,10
12.9500904083,80.2105026245,67776,67786,10
12.9508695602,80.2108535767,67786,67796,10
12.951499939,80.2111663818,67796,67806,10
12.9522104263,80.2115020752,67806,67816,10
12.9529895782,80.211807251,67816,67829,13
12.9535503387,80.2119903564,67829,67839,10
12.9535799026,80.2119979858,67839,67849,10
12.954000473,80.2121734619,67849,67859,10
12.9547395706,80.2124786377,67859,67869,10
12.9555797577,80.2128219604,67869,67879,10
12.9563703537,80.2131271362,67879,67889,10
12.9570999146,80.2134170532,67889,67899,10
12.9579801559,80.2137832642,67899,67909,10
12.9588603973,80.2141265869,67909,67916,7
12.9593095779,80.2142791748,67916,67930,14
12.9601097107,80.2146224976,67930,67940,10
12.9609603882,80.2149810791,67940,67950,10
12.9617996216,80.2153167725,67950,67960,10
12.9624795914,80.2155838013,67960,67970,10
12.9629898071,80.2157363892,67970,67980,10
12.9632997513,80.2158203125,67980,68000,20
12.9632997513,80.2158203125,68000,68010,10
12.9636602402,80.2159805298,68010,68020,10
12.964050293,80.2161483765,68020,68030,10
12.964099884,80.2161712646,68030,68041,11
12.9642601013,80.2162475586,68041,68051,10
12.9647502899,80.2164993286,68051,68061,10
12.9653596878,80.2167434692,68061,68071,10
12.965669632,80.2168502808,68071,68081,10
12.9658203125,80.2169113159,68081,68091,10
12.9660902023,80.2170181274,68091,68101,10
12.966629982,80.2172393799,68101,68111,10
12.9672603607,80.2174987793,68111,68121,10
12.9676399231,80.217666626,68121,68131,10
12.9679298401,80.2177886963,68131,68143,12
12.9685697556,80.2180404663,68143,68153,10
12.9693803787,80.2183532715,68153,68163,10
12.9702796936,80.218711853,68163,68173,10
12.9710597992,80.218963623,68173,68193,20
12.9710597992,80.218963623,68193,68203,10
12.9713001251,80.219078064,68203,68213,10
12.9719200134,80.2193527222,68213,68223,10
12.9726600647,80.2196502686,68223,68233,10
12.9733495712,80.2199172974,68233,68244,11
12.9739904404,80.2201766968,68244,68254,10
12.9749202728,80.2205429077,68254,68324,70
12.9749202728,80.2205429077,68324,68334,10
12.9752197266,80.220741272,68334,68344,10
12.9754400253,80.2207717896,68344,68355,11
12.9756202698,80.2208862305,68355,68365,10
12.9761896133,80.2212371826,68365,68395,30
12.9761896133,80.2212371826,68395,68405,10
12.9762401581,80.2212524414,68405,68415,10
12.9765996933,80.2212524414,68415,68425,10
12.9772195816,80.2212371826,68425,68435,10
12.9777402878,80.221206665,68435,68445,10
12.9784202576,80.2211990356,68445,68456,11
12.9789800644,80.2211685181,68456,68466,10
12.9791297913,80.2211532593,68466,68476,10
12.9792900085,80.2211227417,68476,68486,10
12.9798402786,80.2210998535,68486,68496,10
12.9806404114,80.2210388184,68496,68506,10
12.9812498093,80.2211608887,68506,68516,10
12.9816703796,80.2213897705,68516,68526,10
12.9818897247,80.2215270996,68526,68536,10
12.9821300507,80.2216415405,68536,68546,10
12.9823503494,80.2217636108,68546,68556,10
12.9829902649,80.2220306396,68556,68577,21
12.9829902649,80.2220306396,68577,68587,10
12.9830799103,80.2220687866,68587,68597,10
12.9832201004,80.2221603394,68597,68607,10
12.9833402634,80.2222213745,68607,68617,10
12.9836101532,80.2224273682,68617,68627,10
12.9840898514,80.2227096558,68627,68636,9
12.9844503403,80.2229537964,68636,68647,11
12.9848804474,80.223197937,68647,68659,12
12.9854898453,80.2232437134,68659,68669,10
12.9860200882,80.2230072021,68669,68679,10
12.9864397049,80.2229919434,68679,68699,20
12.9864397049,80.2229919434,68699,68709,10
12.9867200851,80.2229995728,68709,68790,81
12.9867200851,80.2229995728,68790,68800,10
12.9870901108,80.2230377197,68800,68810,10
12.9872703552,80.2230834961,68810,68820,10
12.9875602722,80.2230834961,68820,68830,10
12.9879703522,80.22290802,68830,68840,10
12.9884500504,80.2225112915,68840,68850,10
12.9889001846,80.222038269,68850,68860,10
12.9892501831,80.2216262817,68860,68871,11
12.9897403717,80.2209396362,68871,68881,10
12.9903001785,80.2204437256,68881,68891,10
12.9903697968,80.2203903198,68891,68901,10
12.9905900955,80.2202377319,68901,68911,10
12.991060257,80.2198791504,68911,68921,10
12.991230011,80.2197570801,68921,68931,10
12.9914197922,80.219619751,68931,68941,10
12.9917297363,80.2193984985,68941,68951,10
12.9923000336,80.2189865112,68951,68961,10
12.9929895401,80.2184829712,68961,68972,11
12.9936504364,80.2179870605,68972,68982,10
12.9942102432,80.2175674438,68982,68992,10
12.9946403503,80.2172698975,68992,69002,10
12.9946699142,80.2172470093,69002,69012,10
12.9947900772,80.2172012329,69012,69022,10
12.9952001572,80.2169189453,69022,69032,10
12.9958600998,80.2166671753,69032,69042,10
12.996629715,80.2165298462,69042,69072,30
12.996629715,80.2165298462,69072,69083,11
12.9967699051,80.2165298462,69083,69093,10
12.9971103668,80.2164993286,69093,69103,10
12.9975500107,80.216506958,69103,69123,20
12.9975500107,80.216506958,69123,69133,10
12.9979000092,80.2165603638,69133,69143,10
12.9985103607,80.2167510986,69143,69153,10
12.9991998672,80.2171096802,69153,69163,10
12.9997301102,80.2174301147,69163,69173,10
13.0002002716,80.2177276611,69173,69184,11
13.0008001328,80.2181167603,69184,69192,8
13.0012598038,80.2183990479,69192,69204,12
13.0018596649,80.2189025879,69204,69214,10
13.0021896362,80.2192687988,69214,69224,10
13.002790451,80.2197570801,69224,69234,10
13.0033798218,80.2199783325,69234,69244,10
13.0036201477,80.2200393677,69244,69254,10
13.0041799545,80.2201538086,69254,69264,10
13.0047101974,80.2202529907,69264,69274,10
13.0048904419,80.2202987671,69274,69285,11
13.0055799484,80.2204666138,69285,69295,10
13.006360054,80.2206573486,69295,69305,10
13.0071601868,80.2210006714,69305,69315,10
13.008099556,80.221496582,69315,69325,10
13.0091695786,80.2220916748,69325,69335,10
13.0100803375,80.2225875854,69335,69345,10
13.0112895966,80.2231521606,69345,69375,30
13.0112895966,80.2231521606,69375,69385,10
13.0114402771,80.2231826782,69385,69396,11
13.0116596222,80.2226409912,69396,69406,10
13.0119199753,80.2217407227,69406,69416,10
13.0122699738,80.2215118408,69416,69426,10
13.0126104355,80.2219390869,69426,69436,10
13.0130195618,80.222442627,69436,69446,10
13.0134601593,80.2229309082,69446,69456,10
13.0139102936,80.2233428955,69456,69466,10
13.0141897202,80.2235794067,69466,69476,10
13.0143604279,80.2237930298,69476,69486,10
13.0145702362,80.224029541,69486,69496,10
13.0151100159,80.2246704102,69496,69526,30
13.0151100159,80.2246704102,69526,69536,10
13.0155496597,80.2250671387,69536,69556,20
13.0155496597,80.2250671387,69556,69567,11
13.0156402588,80.2250671387,69567,69576,9
13.0158700943,80.2253036499,69576,69587,11
13.0165100098,80.2253494263,69587,69597,10
13.0171804428,80.225112915,69597,69607,10
13.0179395676,80.2248077393,69607,69617,10
13.0186700821,80.2245025635,69617,69627,10
13.0192298889,80.224357605,69627,69637,10
13.0193796158,80.2243804932,69637,69647,10
13.019490242,80.2244262695,69647,69657,10
13.0196199417,80.2244796753,69657,69667,10
13.019900322,80.2246704102,69667,69677,10
13.0203399658,80.2250213623,69677,69687,10
13.0207500458,80.2253265381,69687,69700,13
13.021229744,80.2257003784,69700,69710,10
13.0219802856,80.2262191772,69710,69730,20
13.0219802856,80.2262191772,69730,69740,10
13.0221204758,80.2263565063,69740,69747,7
13.0224103928,80.2266082764,69747,69760,13
13.0228395462,80.2269973755,69760,69770,10
13.0228900909,80.2270431519,69770,69780,10
13.0230398178,80.2271575928,69780,69790,10
13.0231704712,80.2272872925,69790,69800,10
13.0232896805,80.2274017334,69800,69811,11
13.023639679,80.2276916504,69811,69831,20
13.023639679,80.2276916504,69831,69841,10
13.0237798691,80.2278137207,69841,69851,10
13.0238599777,80.2278671265,69851,69861,10
13.0240297318,80.2280883789,69861,69871,10
13.0242300034,80.2283172607,69871,69881,10
13.0243902206,80.2285385132,69881,69891,10
13.0245504379,80.2287826538,69891,69901,10
13.024720192,80.2290420532,69901,69912,11
13.024939537,80.229347229,69912,69922,10
13.025270462,80.2297821045,69922,69932,10
13.025560379,80.2301330566,69932,69952,20
13.025560379,80.2301330566,69952,69962,10
13.0256204605,80.2301864624,69962,69972,10
13.0256996155,80.2303771973,69972,69982,10
13.0257797241,80.2305603027,69982,69992,10
13.0258998871,80.2308807373,69992,70002,10
13.0260400772,80.2313308716,70002,70013,11
13.0265598297,80.2312393188,70013,70023,10
13.0274496078,80.231010437,70023,70033,10
13.0282802582,80.2309188843,70033,70043,10
13.0284996033,80.2309112549,70043,70053,10
13.0286302567,80.2308807373,70053,70073,20
13.0286302567,80.2308807373,70073,70083,10
13.0288496017,80.2308425903,70083,70093,10
13.0291004181,80.2308502197,70093,70103,10
13.0294103622,80.2308197021,70103,70113,10
13.0295000076,80.2308120728,70113,70124,11
13.0299301147,80.2307815552,70124,70134,10
13.0300397873,80.230758667,70134,70144,10
13.0301198959,80.2307510376,70144,70154,10
13.0305595398,80.23072052,70154,70164,10
13.0310001373,80.2307128906,70164,70174,10
13.0315303802,80.2306594849,70174,70184,10
13.0320596695,80.2306137085,70184,70194,10
13.0326499939,80.2305831909,70194,70235,41
13.0326499939,80.2305831909,70235,70245,10
13.0327796936,80.2305374146,70245,70255,10
13.0329904556,80.2305221558,70255,70265,10
13.0332698822,80.2305297852,70265,70315,50
13.0332698822,80.2305297852,70315,70326,11
13.0334501266,80.230506897,70326,70336,10
13.0337295532,80.2304992676,70336,70346,10
13.0340795517,80.2304763794,70346,70356,10
13.0342998505,80.2304382324,70356,70376,20
13.0342998505,80.2304382324,70376,70386,10
13.0345001221,80.2303466797,70386,70447,61
13.0345001221,80.2303466797,70447,70457,10
13.0347003937,80.2303237915,70457,70467,10
13.0348501205,80.2302093506,70467,70477,10
13.0348501205,80.2300796509,70477,70487,10
13.0346603394,80.2299728394,70487,70497,10
13.0343799591,80.2299118042,70497,71266,769
13.0343799591,80.2299118042,71266,71276,10
13.0341901779,80.2300872803,71276,71286,10
13.0341796875,80.2301864624,71286,71397,111
13.0341796875,80.2301864624,71397,71407,10
13.0340099335,80.2305221558,71407,71417,10
13.0337696075,80.2305221558,71417,71427,10
13.0334100723,80.2305221558,71427,71437,10
13.0328502655,80.2306137085,71437,71447,10
13.0322198868,80.230682373,71447,71457,10
13.0317497253,80.23072052,71457,71467,10
13.0311603546,80.2307662964,71467,71558,91
13.0311603546,80.2307662964,71558,71568,10
13.0310201645,80.2307662964,71568,71578,10
13.0307703018,80.2307891846,71578,71588,10
13.0306196213,80.2307891846,71588,71599,11
13.0304899216,80.2308120728,71599,71608,9
13.0304002762,80.2308120728,71608,71699,91
13.0304002762,80.2308120728,71699,71711,12
13.0303001404,80.2308197021,71711,71721,10
13.0299100876,80.2308807373,71721,71741,20
13.0299100876,80.2308807373,71741,71751,10
13.0298299789,80.2308731079,71751,71761,10
13.0295495987,80.2309112549,71761,71771,10
13.0289802551,80.2309417725,71771,71781,10
13.0282897949,80.2310180664,71781,71791,10
13.0277299881,80.2310562134,71791,71802,11
13.0276098251,80.2314224243,71802,71812,10
13.0276899338,80.2319869995,71812,71822,10
13.0278100967,80.2325592041,71822,71832,10
13.0276098251,80.2328796387,71832,71842,10
13.0268602371,80.2330474854,71842,71872,30
13.0268602371,80.2330474854,71872,71882,10
13.0265798569,80.2331008911,71882,71892,10
13.026309967,80.2328414917,71892,71903,11
13.0261096954,80.2322006226,71903,71913,10
13.0260801315,80.2320404053,71913,71923,10
13.0260400772,80.2318878174,71923,71933,10
13.0260095596,80.2318191528,71933,71943,10
13.0259199142,80.2315063477,71943,71953,10
13.0256996155,80.230796814,71953,71963,10
13.025270462,80.2300415039,71963,71973,10
13.024769783,80.2293701172,71973,71993,20
13.024769783,80.2293701172,71993,72004,11
13.0246896744,80.2292709351,72004,72014,10
13.0244102478,80.2288818359,72014,72024,10
13.0240097046,80.2283172607,72024,72034,10
13.0235300064,80.2277908325,72034,72044,10
13.0231800079,80.2275772095,72044,72074,30
13.0231800079,80.2275772095,72074,72084,10
13.023059845,80.2275238037,72084,72104,20
13.023059845,80.2275238037,72104,72115,11
13.0228395462,80.2273712158,72115,72125,10
13.0226297379,80.2271881104,72125,72135,10
13.0224304199,80.2268218994,72135,72145,10
13.0220098495,80.2264328003,72145,72155,10
13.0214500427,80.2259674072,72155,72165,10
13.0208501816,80.2254867554,72165,72175,10
13.0202999115,80.225112915,72175,72185,10
13.0195999146,80.2246398926,72185,72195,10
13.0187101364,80.2245635986,72195,72204,9
13.0180797577,80.224822998,72204,72216,12
13.0170602798,80.2252502441,72216,72226,10
13.0165195465,80.225479126,72226,72236,10
13.0160703659,80.2256469727,72236,72246,10
13.0155601501,80.2258224487,72246,72256,10
13.0150699615,80.226020813,72256,72266,10
13.0144901276,80.2262420654,72266,72286,20
13.0144901276,80.2262420654,72286,72296,10
13.0144395828,80.2262496948,72296,72306,10
13.0143404007,80.226272583,72306,72317,11
13.0138397217,80.2264404297,72317,72327,10
13.0130901337,80.2267532349,72327,72337,10
13.0122995377,80.2270507813,72337,72347,10
13.0114297867,80.2274017334,72347,72357,10
13.0104703903,80.2277832031,72357,72367,10
13.0098400116,80.2280197144,72367,72377,10
13.009519577,80.2278671265,72377,72387,10
13.0094804764,80.2276535034,72387,72407,20
13.0094804764,80.2276535034,72407,72417,10
13.0095701218,80.2273864746,72417,72428,11
13.0097398758,80.2270278931,72428,72438,10
13.0099096298,80.2266693115,72438,72448,10
13.0101003647,80.2262268066,72448,72478,30
13.0101003647,80.2262268066,72478,72488,10
13.0101604462,80.2260513306,72488,72498,10
13.0102796555,80.2257385254,72498,72508,10
13.0103998184,80.2254562378,72508,72518,10
13.0104999542,80.2252197266,72518,72528,10
13.0106201172,80.2249298096,72528,72538,10
13.0107402802,80.2246932983,72538,72548,10
13.0109395981,80.2241516113,72548,72558,10
13.0110502243,80.2237930298,72558,72568,10
13.0110797882,80.2237167358,72568,72578,10
13.0111598969,80.2233963013,72578,72588,10
13.0108604431,80.2230987549,72588,72598,10
13.0104999542,80.22290802,72598,72609,11
13.0104999542,80.2229003906,72609,72619,10
13.0103702545,80.2227935791,72619,72629,10
13.0099201202,80.2225570679,72629,72639,10
13.0092697144,80.2221984863,72639,72649,10
13.0086202621,80.2218399048,72649,72659,10
13.0079097748,80.2214736938,72659,72670,11
13.0071401596,80.2210388184,72670,72680,10
13.0063400269,80.220703125,72680,72689,9
13.0055904388,80.2205505371,72689,72700,11
13.004699707,80.2203369141,72700,72720,20
13.004699707,80.2203369141,72720,72730,10
13.0044202805,80.2202606201,72730,72742,12
13.0036697388,80.2200927734,72742,72752,10
13.0029602051,80.2198791504,72752,72762,10
13.0023097992,80.2194290161,72762,72772,10
13.0017595291,80.2188262939,72772,72782,10
13.0011196136,80.2183303833,72782,72822,40
13.0011196136,80.2183303833,72822,72832,10
13.0006599426,80.2180404663,72832,72863,31
13.0006599426,80.2180404663,72863,72873,10
13.0004997253,80.2179412842,72873,72883,10
13.0003404617,80.2178268433,72883,72893,10
13.0000495911,80.2176208496,72893,72984,91
13.0000495911,80.2176208496,72984,72994,10
12.9997301102,80.2174530029,72994,73004,10
12.9997196198,80.2174377441,73004,73014,10
12.9996595383,80.2173995972,73014,73024,10
12.9995002747,80.217300415,73024,73034,10
12.9992704391,80.2171783447,73034,73043,9
12.9989795685,80.2170410156,73043,73065,22
12.9989795685,80.2170410156,73065,73075,10
12.9986600876,80.2168884277,73075,73085,10
12.9982995987,80.2167434692,73085,73095,10
12.998000145,80.2166595459,73095,73135,40
12.998000145,80.2166595459,73135,73145,10
12.997759819,80.2165985107,73145,73156,11
12.9975700378,80.216583252,73156,73166,10
12.9975595474,80.216583252,73166,73176,10
12.9974603653,80.216583252,73176,73186,10
12.9972496033,80.2165908813,73186,73216,30
12.9972496033,80.2165908813,73216,73226,10
12.9968795776,80.2166213989,73226,73236,10
12.9965200424,80.2166290283,73236,73246,10
12.9961900711,80.2167129517,73246,73257,11
12.9958696365,80.216796875,73257,73267,10
12.9956998825,80.2168579102,73267,73277,10
12.9955396652,80.2169189453,73277,73287,10
12.9954299927,80.2169265747,73287,73297,10
12.9952402115,80.2170181274,73297,73307,10
12.9951200485,80.217086792,73307,73317,10
12.9949302673,80.2172088623,73317,73327,10
12.994600296,80.2174301147,73327,73337,10
12.9941396713,80.2177734375,73337,73347,10
12.9936800003,80.2181015015,73347,73357,10
12.9929895401,80.2185897827,73357,73368,11
12.9921598434,80.2192001343,73368,73378,10
12.9917297363,80.2195587158,73378,73388,10
12.9914398193,80.2197799683,73388,73398,10
12.9909095764,80.220161438,73398,73408,10
12.9907197952,80.2202987671,73408,73418,10
12.9906396866,80.2203598022,73418,73428,10
12.9901895523,80.2207107544,73428,73438,10
12.9896297455,80.2213821411,73438,73448,10
12.9890403748,80.2220687866,73448,73458,10
12.9886798859,80.2224807739,73458,73469,11
12.9882698059,80.2228317261,73469,73479,10
12.9876203537,80.22315979,73479,73499,20
12.9876203537,80.22315979,73499,73509,10
12.9873399734,80.2231369019,73509,73520,11
12.9871196747,80.2231063843,73520,73529,9
12.9869298935,80.2230682373,73529,73540,11
12.9866104126,80.2230224609,73540,73550,10
12.9860200882,80.2230224609,73550,73560,10
12.9854698181,80.2232971191,73560,73570,10
12.9849500656,80.2232513428,73570,73580,10
12.9843597412,80.2229003906,73580,73590,10
12.9838600159,80.222618103,73590,73600,10
12.9836101532,80.2224884033,73600,73630,30
12.9836101532,80.2224884033,73630,73640,10
12.9831800461,80.2221908569,73640,73670,30
12.9831800461,80.2221908569,73670,73683,13
12.9829397202,80.2220611572,73683,73693,10
12.9828901291,80.222038269,73693,73703,10
12.9826602936,80.2219314575,73703,73713,10
12.9823703766,80.2218475342,73713,73723,10
12.9819402695,80.2216415405,73723,73733,10
12.9813995361,80.2212371826,73733,73743,10
12.9804801941,80.2210922241,73743,73753,10
12.9797201157,80.2211685181,73753,73763,10
12.9791603088,80.2212219238,73763,73773,10
12.9785404205,80.2212371826,73773,73784,11
12.977809906,80.221282959,73784,73794,10
12.9771499634,80.2212982178,73794,73804,10
12.9763698578,80.2213287354,73804,73814,10
12.9759597778,80.2213668823,73814,73824,10
12.9756803513,80.2211532593,73824,73905,81
12.9756803513,80.2211532593,73905,73915,10
12.9756097794,80.2210693359,73915,73925,10
12.9754400253,80.2209320068,73925,73935,10
12.9751396179,80.2207489014,73935,73945,10
12.9746599197,80.2205200195,73945,73955,10
12.9741401672,80.2203292847,73955,73965,10
12.9737796783,80.2201766968,73965,73975,10
12.9733104706,80.2200164795,73975,73985,10
12.9727201462,80.2197570801,73985,73996,11
12.9719200134,80.2194595337,73996,74006,10
12.971280098,80.2192306519,74006,74016,10
12.9707803726,80.2190933228,74016,74036,20
12.9707803726,80.2190933228,74036,74046,10
12.9706401825,80.21900177,74046,74056,10
12.9701700211,80.2187805176,74056,74065,9
12.9696102142,80.2185592651,74065,74076,11
12.9688596725,80.2182693481,74076,74086,10
12.9681396484,80.2179870605,74086,74097,11
12.9672803879,80.2176589966,74097,74107,10
12.9664802551,80.217338562,74107,74117,10
12.9657802582,80.2170410156,74117,74127,10
12.964969635,80.2167282104,74127,74137,10
12.9641799927,80.2163925171,74137,74147,10
12.9635400772,80.2161026001,74147,74157,10
12.962770462,80.2157897949,74157,74187,30
12.962770462,80.2157897949,74187,74198,11
12.9625902176,80.2157211304,74198,74208,10
12.9620599747,80.2155075073,74208,74218,10
12.9612598419,80.2151870728,74218,74228,10
12.9603395462,80.2148208618,74228,74238,10
12.9594402313,80.2144622803,74238,74248,10
12.958530426,80.2140884399,74248,74258,10
12.9576597214,80.2137527466,74258,74268,10
12.956990242,80.213470459,74268,74278,10
12.9561100006,80.2131271362,74278,74288,10
12.9551200867,80.2127609253,74288,74298,10
12.9543504715,80.2124481201,74298,74309,11
12.9537296295,80.2122268677,74309,74319,10
12.9537200928,80.2122192383,74319,74329,10
12.9536399841,80.2121887207,74329,74339,10
12.9531698227,80.2119827271,74339,74349,10
12.9523601532,80.2116928101,74349,74359,10
12.9513902664,80.2113265991,74359,74369,10
12.9503898621,80.2109832764,74369,74379,10
12.9492998123,80.2105484009,74379,74389,10
12.948679924,80.2103118896,74389,74399,10
12.9486303329,80.2102890015,74399,74410,11
12.9485797882,80.2102737427,74410,74420,10
12.9484195709,80.2102127075,74420,74430,10
12.9482603073,80.2101516724,74430,74440,10
12.9477596283,80.2099533081,74440,74450,10
12.9469003677,80.2096099854,74450,74460,10
12.9459104538,80.2092132568,74460,74470,10
12.9450597763,80.2087936401,74470,74480,10
12.9440803528,80.2083969116,74480,74500,20
12.9440803528,80.2083969116,74500,74510,10
12.9437503815,80.2082366943,74510,74520,10
12.9431695938,80.2079772949,74520,74531,11
12.9426498413,80.2073822021,74531,74541,10
12.9420995712,80.2068023682,74541,74551,10
12.9410295486,80.2060928345,74551,74571,20
12.9410295486,80.2060928345,74571,74581,10
12.9407196045,80.2059631348,74581,74591,10
12.9401597977,80.2057800293,74591,74600,9
12.9396696091,80.2056274414,74600,74611,11
12.9391098022,80.2054672241,74611,74623,12
12.9382200241,80.2052001953,74623,74633,10
12.9373903275,80.2049713135,74633,74641,8
12.9366502762,80.2047576904,74641,74651,10
12.9358596802,80.204536438,74651,74663,12
12.9351997375,80.2042617798,74663,74671,8
12.9347000122,80.2041015625,74671,74683,12
12.9337100983,80.2040100098,74683,74701,18
12.9337100983,80.2040100098,74701,74713,12
12.9336299896,80.2039871216,74713,74724,11
12.9333200455,80.2039337158,74724,74734,10
12.9331302643,80.2038574219,74734,74744,10
12.9328098297,80.2037124634,74744,74754,10
12.9321804047,80.2034988403,74754,74764,10
12.9313001633,80.2032089233,74764,74774,10
12.9305896759,80.2030029297,74774,74784,10
12.9299402237,80.2029037476,74784,74794,10
12.9293403625,80.2028427124,74794,74814,20
12.9293403625,80.2028427124,74814,74825,11
12.9290704727,80.202796936,74825,74835,10
12.9285297394,80.2026062012,74835,74845,10
12.928440094,80.2020568848,74845,74855,10
12.9284095764,80.2015991211,74855,74865,10
12.9283704758,80.2008209229,74865,74875,10
12.9282903671,80.1999893188,74875,74885,10
12.9281196594,80.1994628906,74885,74895,10
12.927980423,80.1990966797,74895,74905,10
12.9276399612,80.1984710693,74905,74915,10
12.9269104004,80.1978912354,74915,74925,10
12.9262304306,80.1976623535,74925,74936,11
12.9262199402,80.1976623535,74936,74946,10
12.9259395599,80.1976089478,74946,74956,10
12.925450325,80.1976089478,74956,74966,10
12.925160408,80.1975784302,74966,74976,10
12.9246101379,80.1975784302,74976,74986,10
12.9240999222,80.1975631714,74986,74996,10
12.9236097336,80.1975631714,74996,75006,10
12.9228897095,80.1974716187,75006,75016,10
12.9221496582,80.1973800659,75016,75026,10
12.9220199585,80.1973571777,75026,75037,11
12.9219903946,80.1973419189,75037,75047,10
12.9219198227,80.1973114014,75047,75057,10
12.9216003418,80.1971969604,75057,75067,10
12.9210796356,80.1970214844,75067,75077,10
12.9206199646,80.1968612671,75077,75087,10
12.9199695587,80.1966400146,75087,75097,10
12.9194202423,80.1964263916,75097,75107,10
12.9190998077,80.1961975098,75107,75117,10
12.9187297821,80.1958999634,75117,75127,10
12.9182701111,80.1954727173,75127,75138,11
12.9176197052,80.1948928833,75138,75148,10
12.9170999527,80.1943206787,75148,75168,20
12.9170999527,80.1943206787,75168,75178,10
12.9170303345,80.1941604614,75178,75188,10
12.9169797897,80.193939209,75188,75198,10
12.9169397354,80.1935577393,75198,75208,10
12.916970253,80.1931533813,75208,75218,10
12.9169998169,80.1927719116,75218,75228,10
12.9169502258,80.1924514771,75228,75239,11
12.9165802002,80.1924209595,75239,75269,30
12.9165802002,80.1924209595,75269,75279,10
12.9165201187,80.1923980713,75279,75289,10
12.916009903,80.1923599243,75289,75299,10
12.9152402878,80.1922988892,75299,75308,9
12.9144001007,80.1922302246,75308,75319,11
12.913479805,80.1921310425,75319,75329,10
12.9127998352,80.1920623779,75329,75339,10
12.9118700027,80.1919631958,75339,75350,11
12.9108495712,80.1918182373,75350,75360,10
12.9099197388,80.1916809082,75360,75370,10
12.9096298218,80.1914901733,75370,75380,10
12.9095802307,80.1914367676,75380,75390,10
12.9093503952,80.1912612915,75390,75400,10
12.9087295532,80.190788269,75400,75410,10
12.907790184,80.1900787354,75410,75420,10
12.906920433,80.1894073486,75420,75430,10
12.9060602188,80.1888122559,75430,75450,20
12.9060602188,80.1888122559,75450,75460,10
12.9060001373,80.1887588501,75460,75470,10
12.9057798386,80.1886062622,75470,75480,10
12.905090332,80.1881790161,75480,75490,10
12.9041595459,80.1875610352,75490,75500,10
12.9039201736,80.1867828369,75500,75510,10
12.903960228,80.1856384277,75510,75521,11
12.9038600922,80.1847229004,75521,75531,10
12.9032001495,80.1845092773,75531,75542,11
12.9021196365,80.184211731,75542,75551,9
12.9012098312,80.1839599609,75551,75562,11
12.9001903534,80.1835327148,75562,75572,10
12.8991003036,80.1829681396,75572,75582,10
12.8981399536,80.1824874878,75582,75592,10
12.8975696564,80.1821899414,75592,75602,10
12.8971796036,80.1820297241,75602,75621,19
12.8971796036,80.1820297241,75621,75632,11
12.8971500397,80.1819915771,75632,75642,10
12.8967504501,80.1817703247,75642,75652,10
12.8959903717,80.1813964844,75652,75664,12
12.8950195313,80.1809005737,75664,75674,10
12.8942804337,80.180519104,75674,75684,10
12.8936100006,80.1802062988,75684,75694,10
12.8933296204,80.1800765991,75694,75704,10
12.8933200836,80.1800613403,75704,75714,10
12.8930501938,80.1796417236,75714,75724,10
12.8926200867,80.1788406372,75724,75734,10
12.892080307,80.1778335571,75734,75744,10
12.8914499283,80.1767120361,75744,75765,21
12.8914499283,80.1767120361,75765,75775,10
12.8912296295,80.1763381958,75775,75785,10
12.8908195496,80.1755371094,75785,75795,10
12.8904800415,80.1748962402,75795,75805,10
12.8900098801,80.1744995117,75805,75815,10
12.8897895813,80.1744308472,75815,75825,10
12.88945961,80.1742935181,75825,75834,9
12.8823299408,80.1706619263,75834,75902,68
12.8823299408,80.1706619263,75902,75922,20
12.8813800812,80.1709365845,75922,75932,10
12.8809499741,80.1707763672,75932,75942,10
12.8802404404,80.1704788208,75942,75952,10
12.8799495697,80.1703262329,75952,75962,10
12.8797197342,80.1701965332,75962,75973,11
12.8788404465,80.1700286865,75973,75986,13
12.877409935,80.1703414917,75986,75996,10
12.8764095306,80.1706924438,75996,76006,10
12.8759098053,80.1708602905,76006,76016,10
12.8758001328,80.1709136963,76016,76026,10
12.8752298355,80.1712722778,76026,76036,10
12.8743801117,80.171836853,76036,76046,10
12.8732995987,80.1725463867,76046,76056,10
12.872130394,80.1733169556,76056,76066,10
12.8710203171,80.1740722656,76066,76077,11
12.8698301315,80.1748886108,76077,76087,10
12.8686304092,80.1756820679,76087,76097,10
12.8678197861,80.1760406494,76097,76107,10
12.8668298721,80.1759185791,76107,76117,10
12.8657398224,80.175819397,76117,76127,10
12.8652296066,80.1757583618,76127,76137,10
12.8650598526,80.1757202148,76137,76147,10
12.8644695282,80.1754226685,76147,76157,10
12.8636798859,80.1749420166,76157,76167,10
12.8628797531,80.1744384766,76167,76178,11
12.8619098663,80.1739501953,76178,76188,10
12.8610696793,80.173576355,76188,76198,10
12.8601903915,80.1732025146,76198,76208,10
12.8592996597,80.1727981567,76208,76218,10
12.8586902618,80.1726074219,76218,76228,10
12.8579301834,80.1725006104,76228,76238,10
12.8574495316,80.1724090576,76238,76248,10
12.8570804596,80.1723403931,76248,76258,10
12.8564901352,80.1722335815,76258,76268,10
12.8564796448,80.1722183228,76268,76278,10
12.8564100266,80.1722106934,76278,76289,11
12.8561601639,80.1721496582,76289,76299,10
12.8557195663,80.1719970703,76299,76309,10
12.8547401428,80.1717224121,76309,76319,10
12.853679657,80.1714172363,76319,76329,10
12.8524303436,80.1712417603,76329,76339,10
12.8510103226,80.1709976196,76339,76349,10
12.8495597839,80.170753479,76349,76359,10
12.8481702805,80.1705169678,76359,76369,10
12.846830368,80.1703033447,76369,76378,9
12.8455200195,80.1702423096,76378,76390,12
12.8437299728,80.1701202393,76390,76400,10
12.8424396515,80.1699905396,76400,76410,10
12.8414897919,80.1700210571,76410,76420,10
12.8402900696,80.1699905396,76420,76430,10
12.8393497467,80.1700210571,76430,76440,10
12.8383398056,80.169708252,76440,76450,10
12.8379802704,80.1693725586,76450,76460,10
12.8376703262,80.1693496704,76460,76470,10
12.8371896744,80.1691665649,76470,76480,10
12.837100029,80.1690673828,76480,76491,11
12.8368902206,80.1688690186,76491,76501,10
12.8366298676,80.168800354,76501,76511,10
12.8361797333,80.1686401367,76511,76521,10
12.8359298706,80.1684265137,76521,76531,10
12.8357696533,80.167930603,76531,76541,10
12.8352899551,80.1677703857,76541,76551,10
12.8348798752,80.1675796509,76551,76561,10
12.8343601227,80.1672592163,76561,76571,10
12.8336400986,80.1668701172,76571,76581,10
12.833439827,80.1667785645,76581,76591,10
12.8330202103,80.1665115356,76591,76601,10
12.8322000504,80.1661224365,76601,76611,10
12.8312997818,80.1657562256,76611,76621,10
12.8304395676,80.1655578613,76621,76631,10
12.8294401169,80.165397644,76631,76641,10
12.8285198212,80.1652908325,76641,76651,10
12.8275699615,80.1651687622,76651,76672,21
12.8275699615,80.1651687622,76672,76682,10
12.827460289,80.1651229858,76682,76692,10
12.8272199631,80.1650009155,76692,76702,10
12.8268899918,80.1647796631,76702,76712,10
12.8263597488,80.1644363403,76712,76722,10
12.8256797791,80.1640472412,76722,76732,10
12.8247699738,80.1635971069,76732,76742,10
12.823679924,80.1628799438,76742,76752,10
12.8222904205,80.1622467041,76752,76762,10
12.8207702637,80.1616287231,76762,76772,10
12.819270134,80.1609802246,76772,76782,10
12.8182401657,80.1605377197,76782,76792,10
12.8179998398,80.1604690552,76792,76805,13
12.8174495697,80.1603164673,76805,76815,10
12.8167600632,80.1601715088,76815,76825,10
12.8158397675,80.1599731445,76825,76835,10
12.8149499893,80.1597900391,76835,76845,10
12.8139896393,80.1596298218,76845,76855,10
12.813079834,80.1595306396,76855,76865,10
12.8121995926,80.1593780518,76865,76875,10
12.8115901947,80.1594696045,76875,76885,10
12.8115797043,80.1594696045,76885,76895,10
12.8114700317,80.1595001221,76895,76906,11
12.811050415,80.1596221924,76906,76916,10
12.8106298447,80.1597518921,76916,76926,10
12.8101596832,80.1597518921,76926,76936,10
12.8099899292,80.1596298218,76936,76976,40
12.8099899292,80.1596298218,76976,76986,10
12.8100299835,80.1596984863,76986,76996,10
12.8102903366,80.1597213745,76996,77027,31
12.8102903366,80.1597213745,77027,77037,10
12.8104696274,80.1596908569,77037,77047,10
12.8107700348,80.1596603394,77047,77057,10
12.8111200333,80.1595535278,77057,77067,10
12.8115797043,80.1594390869,77067,77077,10
12.8116998672,80.1594009399,77077,77087,10
12.8122301102,80.1593399048,77087,77097,10
12.8129396439,80.1594696045,77097,77107,10
12.8136100769,80.1595611572,77107,77116,9
12.814160347,80.1595993042,77116,77128,12
12.8148698807,80.1597290039,77128,77138,10
12.8155403137,80.1598815918,77138,77148,10
12.8162298203,80.1600189209,77148,77158,10
12.8168897629,80.16015625,77158,77168,10
12.8174200058,80.1602706909,77168,77178,10
12.8178100586,80.1603775024,77178,77188,10
12.8180999756,80.1604537964,77188,77198,10
12.8183202744,80.1605300903,77198,77208,10
12.8188400269,80.1607513428,77208,77219,11
12.8195495605,80.1610794067,77219,77229,10
12.8202104568,80.1613693237,77229,77239,10
12.8210096359,80.1617126465,77239,77249,10
12.8219404221,80.1620864868,77249,77259,10
12.8228702545,80.1624526978,77259,77269,10
12.8236904144,80.1628723145,77269,77279,10
12.8245401382,80.1634292603,77279,77289,10
12.8254098892,80.1639022827,77289,77299,10
12.8260498047,80.1642379761,77299,77309,10
12.8268098831,80.1647109985,77309,77767,458
12.8268098831,80.1647109985,77767,77777,10
12.8269395828,80.1647720337,77777,77787,10
12.8274202347,80.1650466919,77787,77807,20
12.8274202347,80.1650466919,77807,77817,10
12.8277101517,80.1651306152,77817,77827,10
12.8277301788,80.1651306152,77827,77837,10
12.8278503418,80.1651611328,77837,77848,11
12.8283996582,80.165222168,77848,77858,10
12.8290996552,80.1653213501,77858,77868,10
12.8298997879,80.1654281616,77868,77878,10
12.8306303024,80.1655502319,77878,77888,10
12.831199646,80.1657028198,77888,77898,10
12.831990242,80.1659622192,77898,77908,10
12.8329000473,80.1663665771,77908,77918,10
12.8335504532,80.1667633057,77918,77928,10
12.8341798782,80.1670913696,77928,77938,10
12.8348302841,80.1674728394,77938,77949,11
12.8351097107,80.1676177979,77949,77959,10
12.8356199265,80.1677780151,77959,77969,10
12.8358697891,80.1680221558,77969,77979,10
12.8359603882,80.1684112549,77979,77989,10
12.8362398148,80.1686325073,77989,77999,10
12.8364896774,80.1687088013,77999,78009,10
12.8369398117,80.1688308716,78009,78019,10
12.8371601105,80.1690368652,78019,78029,10
12.8374700546,80.1692733765,78029,78039,10
12.8376302719,80.1692962646,78039,78050,11
12.8378896713,80.1693115234,78050,78060,10
12.8381700516,80.1694488525,78060,78070,10
12.8386297226,80.1697692871,78070,78080,10
12.8394298553,80.1699676514,78080,78090,10
12.8402204514,80.1699295044,78090,78100,10
12.8412399292,80.1699676514,78100,78110,10
12.8425397873,80.1699371338,78110,78120,10
12.8439302444,80.1700820923,78120,78130,10
12.8452596664,80.1701583862,78130,78140,10
12.8465099335,80.1702194214,78140,78150,10
12.8475704193,80.1703262329,78150,78161,11
12.8486003876,80.1705322266,78161,78171,10
12.849650383,80.1707000732,78171,78181,10
12.8507003784,80.1708679199,78181,78191,10
12.8517503738,80.1710586548,78191,78201,10
12.8528795242,80.1712188721,78201,78211,10
12.8539896011,80.1714324951,78211,78221,10
12.8549203873,80.1716995239,78221,78231,10
12.8558397293,80.1719589233,78231,78241,10
12.8563203812,80.1720809937,78241,78251,10
12.8565301895,80.1721496582,78251,78262,11
12.8566904068,80.1721725464,78262,78272,10
12.8570995331,80.1722488403,78272,78282,10
12.8575696945,80.1723403931,78282,78292,10
12.8580303192,80.1724319458,78292,78302,10
12.8588199615,80.1725692749,78302,78312,10
12.859629631,80.1728668213,78312,78332,20
12.859629631,80.1728668213,78332,78342,10
12.8598003387,80.1729431152,78342,78352,10
12.8603496552,80.1731719971,78352,78363,11
12.8612499237,80.1735687256,78363,78373,10
12.862279892,80.1740188599,78373,78383,10
12.863409996,80.1746368408,78383,78393,10
12.8645095825,80.1753311157,78393,78403,10
12.8650999069,80.1756515503,78403,78413,10
12.8653202057,80.1756896973,78413,78423,10
12.8654203415,80.1756896973,78423,78433,10
12.8659200668,80.175743103,78433,78443,10
12.8665504456,80.1757965088,78443,78453,10
12.8673496246,80.1758804321,78453,78464,11
12.868229866,80.1759033203,78464,78474,10
12.8690299988,80.1753768921,78474,78484,10
12.8699703217,80.1747436523,78484,78494,10
12.8710098267,80.1740188599,78494,78504,10
12.8718795776,80.1734237671,78504,78514,10
12.8727798462,80.1728363037,78514,78525,11
12.8739099503,80.1721115112,78525,78533,8
12.8762302399,80.1707229614,78533,78545,12
12.8762302399,80.1707229614,78545,78555,10
12.8772697449,80.1703567505,78555,78566,11
12.882399559,80.1706237793,78566,78634,68
12.882399559,80.1706237793,78634,78664,30
12.8842201233,80.1714630127,78664,78673,9
12.8849697113,80.171836853,78673,78684,11
12.8858604431,80.1723022461,78684,78694,10
12.8865299225,80.1726608276,78694,78704,10
12.8874397278,80.1731262207,78704,78714,10
12.8883495331,80.1735916138,78714,78724,10
12.8891601563,80.1740188599,78724,78734,10
12.8895597458,80.1742172241,78734,78744,10
12.8897399902,80.1742935181,78744,78754,10
12.8899803162,80.1743927002,78754,78764,10
12.8903503418,80.1745681763,78764,78777,13
12.8907299042,80.1751480103,78777,78787,10
12.8911104202,80.1758728027,78787,78797,10
12.891500473,80.1765899658,78797,78807,10
12.8916501999,80.1768417358,78807,78817,10
12.8918304443,80.1771774292,78817,78827,10
12.8921899796,80.1778106689,78827,78837,10
12.8925895691,80.1785430908,78837,78847,10
12.8930101395,80.1792907715,78847,78857,10
12.8935203552,80.1800231934,78857,78867,10
12.8941402435,80.1803283691,78867,78878,11
12.8949098587,80.1807022095,78878,78888,10
12.8957099915,80.1811065674,78888,78898,10
12.8965702057,80.1815414429,78898,78908,10
12.8973398209,80.1819229126,78908,78918,10
12.8979196548,80.1822128296,78918,78928,10
12.8986797333,80.1826019287,78928,78938,10
12.8995399475,80.1830368042,78938,78948,10
12.900349617,80.1834335327,78948,78958,10
12.9009504318,80.1837234497,78958,78968,10
12.9017801285,80.1839828491,78968,78978,10
12.9027900696,80.1842727661,78978,78989,11
12.9039096832,80.1846008301,78989,78999,10
12.9041099548,80.185256958,78999,79009,10
12.9040699005,80.1862182617,79009,79019,10
12.9040498734,80.1872329712,79019,79029,10
12.9045801163,80.1876983643,79029,79039,10
12.9052200317,80.188117981,79039,79049,10
12.9059000015,80.1885528564,79049,79059,10
12.9067602158,80.1890869141,79059,79767,708
12.9067602158,80.1890869141,79767,79777,10
12.9067602158,80.1891174316,79777,79787,10
12.9069595337,80.1892929077,79787,79795,8
12.907409668,80.1896209717,79795,79805,10
12.9083299637,80.1903305054,79805,79814,9
12.9092798233,80.1910629272,79814,79828,14
12.9106998444,80.1917037964,79828,79838,10
12.911860466,80.1918411255,79838,79848,10
12.9124403,80.1918869019,79848,79858,10
12.9128398895,80.1919403076,79858,79868,10
12.9133796692,80.1920013428,79868,79878,10
12.9139995575,80.1920700073,79878,79888,10
12.9146795273,80.1921386719,79888,79898,10
12.9154100418,80.192199707,79898,79908,10
12.916179657,80.1922531128,79908,79918,10
12.9170703888,80.192237854,79918,79949,31
12.9170703888,80.192237854,79949,79959,10
12.9171199799,80.1921691895,79959,79969,10
12.9172096252,80.1918029785,79969,79979,10
12.9173202515,80.1910934448,79979,79989,10
12.9173402786,80.1903762817,79989,80009,20
12.9173402786,80.1903762817,80009,80019,10
12.9174499512,80.1903686523,80019,80030,11
12.9174098969,80.1908493042,80030,80040,10
12.9173002243,80.1917190552,80040,80050,10
12.9171304703,80.1929702759,80050,80080,30
12.9171304703,80.1929702759,80080,80090,10
12.917140007,80.1931610107,80090,80100,10
12.9171104431,80.1934814453,80100,80110,10
12.9171800613,80.1940994263,80110,80120,10
12.9176397324,80.1947021484,80120,80130,10
12.9183597565,80.1953582764,80130,80141,11
12.9190196991,80.1959762573,80141,80151,10
12.9196300507,80.1963577271,80151,80161,10
12.9203195572,80.196647644,80161,80171,10
12.9208202362,80.1968231201,80171,80181,10
12.9208602905,80.1968231201,80181,80191,10
12.9213495255,80.1969985962,80191,80201,10
12.9221897125,80.1972579956,80201,80211,10
12.9230003357,80.1973571777,80211,80221,10
12.9232301712,80.1973724365,80221,80231,10
12.9238796234,80.1974411011,80231,80242,11
12.9247303009,80.1974334717,80242,80252,10
12.9252700806,80.1974334717,80252,80262,10
12.9256496429,80.1974411011,80262,80272,10
12.9263296127,80.1975021362,80272,80282,10
12.9264001846,80.197517395,80282,80292,10
12.9265699387,80.1975784302,80292,80302,10
12.9271802902,80.1978988647,80302,80312,10
12.927740097,80.1984100342,80312,80322,10
12.9281301498,80.1991195679,80322,80331,9
12.9284095764,80.1999130249,80331,80343,12
12.9284896851,80.2010269165,80343,80353,10
12.9285402298,80.2019500732,80353,80363,10
12.928730011,80.2025985718,80363,80373,10
12.9293498993,80.2026824951,80373,80383,10
12.9293899536,80.2026901245,80383,80393,10
12.9296798706,80.2027664185,80393,80403,10
12.930270195,80.2028427124,80403,80413,10
12.9309501648,80.2030029297,80413,80423,10
12.9318199158,80.2032775879,80423,80432,9
12.9325704575,80.2035369873,80432,80444,12
12.9334001541,80.2038269043,80444,80454,10
12.9338903427,80.2038803101,80454,80464,10
12.9339799881,80.2038726807,80464,80474,10
12.9345197678,80.203918457,80474,80484,10
12.9351596832,80.2040863037,80484,80494,10
12.9360399246,80.2044372559,80494,80504,10
12.9371004105,80.2047424316,80504,80514,10
12.9382400513,80.205078125,80514,80524,10
12.9392499924,80.2053909302,80524,80535,11
12.9400997162,80.2056503296,80535,80545,10
12.9405498505,80.2057571411,80545,80555,10
12.9408102036,80.205871582,80555,80565,10
12.9414596558,80.206199646,80565,80576,11
12.9422798157,80.206817627,80576,80585,9
12.9428100586,80.207359314,80585,80595,10
12.9434995651,80.2080307007,80595,80606,11
12.9443502426,80.2083511353,80606,80616,10
12.945019722,80.2086105347,80616,80626,10
12.9460496902,80.2089920044,80626,80636,10
12.947259903,80.2094573975,80636,80646,10
12.9485397339,80.2099685669,80646,80656,10
12.9498996735,80.2105026245,80656,80668,12
12.9514102936,80.2111129761,80668,80678,10
12.9525203705,80.2115325928,80678,80688,10
12.9533996582,80.2118682861,80688,80698,10
12.9537000656,80.2119827271,80698,80708,10
12.9542398453,80.2121963501,80708,80718,10
12.955160141,80.2125778198,80718,80728,10
12.9561004639,80.2129364014,80728,80738,10
12.9571304321,80.2133407593,80738,80745,7
12.9579200745,80.2136688232,80745,80759,14
12.9592504501,80.2142105103,80759,80769,10
12.9602804184,80.214630127,80769,80779,10
12.9613304138,80.2150497437,80779,80789,10
12.9623804092,80.2154464722,80789,80799,10
12.9631996155,80.2157516479,80799,80809,10
12.9636001587,80.2159118652,80809,80819,10
12.9641599655,80.2161636353,80819,80829,10
12.9649896622,80.2165222168,80829,80839,10
12.9659204483,80.2169036865,80839,80849,10
12.9667596817,80.2172470093,80849,80860,11
12.9674396515,80.2175216675,80860,80870,10
12.9679899216,80.2177505493,80870,80880,10
12.9687204361,80.2180328369,80880,80890,10
12.9696397781,80.2184066772,80890,80900,10
12.9706497192,80.2187728882,80900,80910,10
12.9710998535,80.2189102173,80910,80920,10
12.9715204239,80.219078064,80920,80930,10
12.9723596573,80.2194366455,80930,80940,10
12.9733896255,80.2198486328,80940,80950,10
12.9744596481,80.2203063965,80950,80959,9
12.9752101898,80.2206192017,80959,80972,13
12.9757699966,80.2210006714,80972,80982,10
12.9760103226,80.2211914063,80982,80992,10
12.9761600494,80.2212371826,80992,81002,10
12.9767303467,80.2212295532,81002,81012,10
12.977519989,80.2211990356,81012,81022,10
12.978269577,80.2211608887,81022,81032,10
12.979060173,80.2211303711,81032,81042,10
12.9798603058,80.2210693359,81042,81052,10
12.9805803299,80.2210006714,81052,81062,10
12.9813203812,80.2211532593,81062,81073,11
12.9821100235,80.2216567993,81073,81083,10
12.9826498032,80.221862793,81083,81093,10
12.9827899933,80.2218933105,81093,81103,10
12.983039856,80.2220001221,81103,81113,10
12.9833803177,80.2222366333,81113,81123,10
12.9837903976,80.2225036621,81123,81133,10
12.9844102859,80.2228622437,81133,81143,10
12.9850196838,80.2231826782,81143,81153,10
12.9854898453,80.2231674194,81153,81163,10
12.9860496521,80.2229232788,81163,81174,11
12.9865198135,80.2229309082,81174,81184,10
12.9868497849,80.2229614258,81184,81194,10
12.9873104095,80.2230377197,81194,81204,10
12.9879398346,80.2228317261,81204,81214,10
12.9885396957,80.2223815918,81214,81224,10
12.9890403748,80.2218322754,81224,81234,10
12.9895000458,80.2212219238,81234,81244,10
12.9901304245,80.2205123901,81244,81254,10
12.9909095764,80.2199020386,81254,81264,10
12.9913902283,80.2195663452,81264,81274,10
12.991689682,80.2193832397,81274,81285,11
12.9923801422,80.2188720703,81285,81295,10
12.9928798676,80.2184829712,81295,81305,10
12.993519783,80.2179794312,81305,81315,10
12.9943199158,80.2174224854,81315,81325,10
12.9949703217,80.2169799805,81325,81335,10
12.9956703186,80.2166366577,81335,81345,10
12.9966096878,80.2164764404,81345,81355,10
12.9974002838,80.2164382935,81355,81365,10
12.9975404739,80.2164611816,81365,81375,10
12.9977703094,80.2164993286,81375,81385,10
12.998459816,80.2166900635,81385,81395,10
12.9993095398,80.2171173096,81395,81405,10
13.0001497269,80.2176208496,81405,81415,10
13.0009899139,80.2181777954,81415,81426,11
13.0018196106,80.2188034058,81426,81436,10
13.002289772,80.2193374634,81436,81446,10
13.0031700134,80.219871521,81446,81456,10
13.0042104721,80.2201080322,81456,81466,10
13.0047302246,80.2202224731,81466,81476,10
13.0048999786,80.2202606201,81476,81486,10
13.0055503845,80.2203903198,81486,81496,10
13.006480217,80.2206115723,81496,81506,10
13.0076704025,80.221206665,81506,81516,10
13.0089797974,80.2218933105,81516,81526,10
13.0102396011,80.2225875854,81526,81536,10
13.0113096237,80.2230682373,81536,81566,30
13.0113096237,80.2230682373,81566,81576,10
13.0116100311,80.2233200073,81576,81589,13
13.012339592,80.2237091064,81589,81599,10
13.0130500793,80.2240982056,81599,81609,10
13.0137796402,80.2244796753,81609,81619,10
13.0145998001,80.2249298096,81619,81629,10
13.0150899887,80.2251663208,81629,81639,10
13.0151195526,80.2251815796,81639,81649,10
13.0153799057,80.2253570557,81649,81669,20
13.0153799057,80.2253570557,81669,81679,10
13.0153598785,80.2256011963,81679,81689,10
13.0149698257,80.2258987427,81689,81750,61
13.0149698257,80.2258987427,81750,81760,10
13.0147399902,80.2260818481,81760,81811,51
13.0147399902,80.2260818481,81811,81821,10
13.0143699646,80.2261810303,81821,81831,10
13.0141897202,80.2261428833,81831,81841,10
13.0141601563,80.2258987427,81841,81992,151
13.0141601563,80.2258987427,81992,82002,10
13.0142002106,80.2256774902,82002,82013,11
13.0142002106,80.225402832,82013,82023,10
13.0142698288,80.2253494263,82023,82033,10
13.0144300461,80.2252578735,82033,82083,50
