13.0143995285,80.2256774902,12,18592,18580
13.0143604279,80.2256774902,18592,18773,181
13.0143203735,80.2257232666,18773,19886,1113
13.0143203735,80.2257232666,19886,19896,10
13.0142202377,80.2257537842,19896,19906,10
13.0141601563,80.2259674072,19906,19936,30
13.0141601563,80.2259674072,19936,19947,11
13.0141801834,80.2261962891,19947,19957,10
13.0141096115,80.2263183594,19957,19967,10
13.0137701035,80.2264404297,19967,19977,10
13.0132703781,80.2266235352,19977,19987,10
13.0125398636,80.2269134521,19987,19997,10
13.0116701126,80.2272567749,19997,20007,10
13.010720253,80.2276306152,20007,20017,10
13.0098695755,80.2279434204,20017,20027,10
13.009519577,80.2275619507,20027,20037,10
13.0097904205,80.2269515991,20037,20047,10
13.0101299286,80.2261886597,20047,20058,11
13.0105600357,80.225227356,20058,20068,10
13.0109500885,80.2243118286,20068,20078,10
13.0113601685,80.2233428955,20078,20088,10
13.0117502213,80.222328186,20088,20098,10
13.0120801926,80.2213592529,20098,20108,10
13.0119800568,80.2206726074,20108,20118,10
13.0115995407,80.2194290161,20118,20128,10
13.0112600327,80.2183990479,20128,20138,10
13.010890007,80.2174301147,20138,20148,10
13.0104799271,80.2164764404,20148,20159,11
13.0100803375,80.2157516479,20159,20169,10
13.0096702576,80.2149887085,20169,20179,10
13.009180069,80.2143630981,20179,20189,10
13.0087404251,80.213760376,20189,20199,10
13.0080299377,80.2132568359,20199,20270,71
13.0080299377,80.2132568359,20270,20280,10
13.0078201294,80.2130279541,20280,20290,10
13.0076799393,80.2129135132,20290,20300,10
13.0072698593,80.2127990723,20300,20309,9
13.0067300797,80.2127380371,20309,20320,11
13.0059995651,80.2129592896,20320,20330,10
13.0053901672,80.2127609253,20330,20339,9
13.0047702789,80.2123794556,20339,20349,10
13.0039396286,80.2120819092,20349,20360,11
13.003080368,80.2120819092,20360,20371,11
13.0022802353,80.2122268677,20371,20381,10
13.001660347,80.2126235962,20381,20390,9
13.0010900497,80.2130584717,20390,20401,11
13.0003700256,80.2136764526,20401,20411,10
12.9997997284,80.2142105103,20411,20421,10
12.9993495941,80.21459198,20421,20431,10
12.9990301132,80.2148666382,20431,20441,10
12.9986400604,80.2152023315,20441,20451,10
12.9980297089,80.2157287598,20451,20461,10
12.9974603653,80.2162399292,20461,20472,11
12.9970798492,80.216506958,20472,20482,10
12.9964199066,80.216583252,20482,20492,10
12.995639801,80.2167816162,20492,20502,10
12.9949197769,80.2171707153,20502,20512,10
12.9942998886,80.2176132202,20512,20522,10
12.9936304092,80.2180709839,20522,20532,10
12.9929199219,80.2185821533,20532,20541,9
12.9922504425,80.2190704346,20541,20552,11
12.9914398193,80.2196731567,20552,20561,9
12.990819931,80.2201080322,20561,20573,12
12.9899997711,80.2207870483,20573,20583,10
12.9894199371,80.2214584351,20583,20593,10
12.9889001846,80.2220993042,20593,20603,10
12.9882698059,80.2227172852,20603,20613,10
12.9875898361,80.2230834961,20613,20623,10
12.9868602753,80.2229995728,20623,20633,10
12.9861097336,80.2229614258,20633,20643,10
12.9854803085,80.2232513428,20643,20653,10
12.9848604202,80.2231292725,20653,20663,10
12.9842395782,80.2227630615,20663,20673,10
12.9836902618,80.2224578857,20673,20684,11
12.9831495285,80.2220993042,20684,20694,10
12.9828500748,80.2219161987,20694,20704,10
12.9824199677,80.2217788696,20704,20714,10
12.9818096161,80.2214508057,20714,20724,10
12.9811096191,80.2210693359,20724,20734,10
12.9802703857,80.2210617065,20734,20744,10
12.9794197083,80.2211303711,20744,20754,10
12.9786396027,80.2211914063,20754,20764,10
12.9778604507,80.2211914063,20764,20774,10
12.9770298004,80.2212524414,20774,20784,10
12.9762001038,80.2212600708,20784,20795,11
12.9755897522,80.2210235596,20795,20821,26
12.9755897522,80.2210235596,20821,20833,12
12.9753704071,80.2208023071,20833,20843,10
12.9748802185,80.2205276489,20843,20852,9
12.9742298126,80.2202682495,20852,20863,11
12.97315979,80.2198486328,20863,20872,9
12.9723100662,80.2195205688,20872,20885,13
12.9712495804,80.2191619873,20885,20895,10
12.9704198837,80.2188262939,20895,20906,11
12.9693698883,80.2184066772,20906,20917,11
12.9684400558,80.2180404663,20917,20927,10
12.9674596786,80.2176513672,20927,20937,10
12.9665498734,80.217300415,20937,20947,10
12.9655704498,80.2169036865,20947,20957,10
12.964509964,80.2164764404,20957,20967,10
12.9636201859,80.2160797119,20967,20977,10
12.9629602432,80.2157897949,20977,20986,9
12.9622898102,80.2155380249,20986,20998,12
12.9613800049,80.2151794434,20998,21008,10
12.9604196548,80.2147979736,21008,21018,10
12.9593496323,80.2143707275,21018,21028,10
12.958319664,80.2139434814,21028,21038,10
12.9573097229,80.2135391235,21038,21048,10
12.9562702179,80.2131271362,21048,21058,10
12.9552698135,80.2127380371,21058,21068,10
12.9542398453,80.2123336792,21068,21078,10
12.9532203674,80.2119293213,21078,21088,10
12.9521503448,80.2115097046,21088,21099,11
12.9510002136,80.2110595703,21099,21109,10
12.9499597549,80.2106628418,21109,21119,10
12.9490995407,80.210319519,21119,21129,10
12.948220253,80.2099685669,21129,21139,10
12.9472398758,80.2095794678,21139,21149,10
12.9461698532,80.2091598511,21149,21159,10
12.9450798035,80.208732605,21159,21169,10
12.9441604614,80.2083587646,21169,21179,10
12.9432897568,80.2079925537,21179,21189,10
12.9425897598,80.2072296143,21189,21199,10
12.9418401718,80.20652771,21199,21210,11
12.9408798218,80.2059326172,21210,21220,10
12.9401102066,80.2056808472,21220,21230,10
12.9396295547,80.2055282593,21230,21240,10
12.9390001297,80.2053375244,21240,21250,10
12.9382801056,80.205116272,21250,21260,10
12.9375495911,80.2049179077,21260,21270,10
12.9367599487,80.2046890259,21270,21280,10
12.9358596802,80.2044525146,21280,21290,10
12.9350004196,80.2040786743,21290,21300,10
12.9337100983,80.203918457,21300,21321,21
12.9337100983,80.203918457,21321,21331,10
12.9334096909,80.2038803101,21331,21341,10
12.9328603745,80.2036590576,21341,21351,10
12.9321298599,80.2034072876,21351,21361,10
12.9312801361,80.2031326294,21361,21371,10
12.9304199219,80.2029037476,21371,21381,10
12.9295597076,80.2027816772,21381,21391,10
12.9291801453,80.2027282715,21391,21401,10
12.928609848,80.2025985718,21401,21412,11
12.9284496307,80.2018432617,21412,21421,9
12.9284095764,80.2009811401,21421,21432,11
12.928319931,80.1998977661,21432,21442,10
12.928030014,80.1990585327,21442,21452,10
12.9276103973,80.1983108521,21452,21462,10
12.9268703461,80.1977615356,21462,21472,10
12.9262104034,80.1975631714,21472,21482,10
12.9260597229,80.1975479126,21482,21492,10
12.9255199432,80.197517395,21492,21502,10
12.9253997803,80.197517395,21502,21512,10
12.9250001907,80.1975097656,21512,21523,11
12.924249649,80.1975097656,21523,21533,10
12.9234304428,80.1974716187,21533,21543,10
12.9226198196,80.1973571777,21543,21553,10
12.9220504761,80.1972885132,21553,21563,10
12.9218597412,80.1972503662,21563,21573,10
12.9213399887,80.1970596313,21573,21583,10
12.920630455,80.1968002319,21583,21593,10
12.9199800491,80.1965637207,21593,21603,10
12.9192800522,80.1962432861,21603,21613,10
12.9186496735,80.1957321167,21613,21624,11
12.9179601669,80.1950912476,21624,21634,10
12.9172897339,80.1944580078,21634,21644,10
12.9169902802,80.1938095093,21644,21654,10
12.9170198441,80.1930618286,21654,21664,10
12.9171304703,80.192237854,21664,21674,10
12.9172401428,80.1915588379,21674,21684,10
12.9172697067,80.1913223267,21684,21694,10
12.9173002243,80.1912002563,21694,21704,10
12.9173803329,80.1906967163,21704,21714,10
12.9174604416,80.1899490356,21714,21725,11
12.917840004,80.1889724731,21725,21735,10
12.9185199738,80.1881484985,21735,21745,10
12.919210434,80.1873626709,21745,21755,10
12.9199399948,80.1865463257,21755,21765,10
12.9205904007,80.1856765747,21765,21775,10
12.9204101563,80.1846313477,21775,21785,10
12.9202003479,80.1837234497,21785,21795,10
12.9199895859,80.1828231812,21795,21805,10
12.9199104309,80.1824798584,21805,21815,10
12.9198904037,80.1824035645,21815,21825,10
12.9198198318,80.1820526123,21825,21836,11
12.9196596146,80.1813430786,21836,21846,10
12.9194803238,80.1804962158,21846,21856,10
12.9192399979,80.1795120239,21856,21866,10
12.9186601639,80.1786575317,21866,21876,10
12.9181699753,80.1777572632,21876,21886,10
12.9183197021,80.1766967773,21886,21896,10
12.9185600281,80.1756591797,21896,21906,10
12.9188203812,80.1745910645,21906,21916,10
12.9191102982,80.1734771729,21916,21926,10
12.9194097519,80.1723709106,21926,21937,11
12.9196996689,80.1712493896,21937,21947,10
12.9200296402,80.1701965332,21947,21957,10
12.9203195572,80.1693115234,21957,21967,10
12.9205799103,80.1684494019,21967,21977,10
12.9210300446,80.1670532227,21977,21987,10
12.9214000702,80.1659164429,21987,21997,10
12.9217500687,80.1648330688,21997,22007,10
12.9220895767,80.1637420654,22007,22017,10
12.9224300385,80.162651062,22017,22027,10
12.9227695465,80.1615829468,22027,22038,11
12.9230499268,80.1607131958,22038,22048,10
12.9232196808,80.160118103,22048,22058,10
12.9233703613,80.1592636108,22058,22068,10
12.9234600067,80.1580963135,22068,22078,10
12.9235601425,80.1568603516,22078,22088,10
12.9235897064,80.1557235718,22088,22098,10
12.9233398438,80.1547012329,22098,22108,10
12.9230804443,80.1536178589,22108,22118,10
12.9228200912,80.1525878906,22118,22128,10
12.922659874,80.1516265869,22128,22138,10
12.9226303101,80.1504974365,22138,22149,11
12.9225997925,80.1491775513,22149,22159,10
12.9225702286,80.1480636597,22159,22169,10
12.9225597382,80.1470108032,22169,22179,10
12.922539711,80.1458892822,22179,22189,10
12.9224596024,80.1447219849,22189,22199,10
12.9224300385,80.1435623169,22199,22209,10
12.922419548,80.1426773071,22209,22219,10
12.9223804474,80.1418380737,22219,22229,10
12.9223604202,80.1414108276,22229,22239,10
12.9223604202,80.1411895752,22239,22250,11
12.9223604202,80.1404800415,22250,22260,10
12.922369957,80.1395797729,22260,22270,10
12.9223899841,80.1384963989,22270,22280,10
12.9224500656,80.1373519897,22280,22290,10
12.9225101471,80.1361999512,22290,22300,10
12.922539711,80.1350784302,22300,22316,16
12.9226303101,80.1332397461,22316,22328,12
12.9226903915,80.1320037842,22328,22336,8
12.9227199554,80.1310806274,22336,22348,12
12.9227600098,80.1299591064,22348,22358,10
12.9228096008,80.1291275024,22358,22369,11
12.9228801727,80.1281280518,22369,22379,10
12.9229202271,80.1273117065,22379,22389,10
12.9229297638,80.1263427734,22389,22398,9
12.9229698181,80.1253585815,22398,22409,11
12.9230298996,80.1241989136,22409,22419,10
12.9230804443,80.1229629517,22419,22429,10
12.9231300354,80.1217727661,22429,22439,10
12.9231796265,80.1206665039,22439,22449,10
12.9231996536,80.1204986572,22449,22460,11
12.9232501984,80.1202774048,22460,22470,10
12.9232997894,80.1196517944,22470,22480,10
12.9232997894,80.1187973022,22480,22490,10
12.9234399796,80.1179122925,22490,22500,10
12.92345047,80.1170883179,22500,22629,129
12.92345047,80.1170883179,22629,22639,10
12.9234895706,80.116859436,22639,22649,10
12.9236297607,80.1168823242,22649,22659,10
12.9235496521,80.1172027588,22659,22670,11
12.9236297607,80.1176834106,22670,22680,10
12.9235496521,80.1181869507,22680,22690,10
12.923500061,80.118850708,22690,22700,10
12.9234304428,80.1195297241,22700,22710,10
12.9233398438,80.1202468872,22710,22719,9
12.9232902527,80.12084198,22719,22729,10
12.923330307,80.121421814,22729,23508,779
12.923330307,80.121421814,23508,23518,10
12.9232501984,80.1215209961,23518,23528,10
12.9232196808,80.1218795776,23528,23538,10
12.9231901169,80.1224899292,23538,23548,10
12.9231595993,80.1232376099,23548,23558,10
12.9231395721,80.1240386963,23558,23568,10
12.9231100082,80.1249084473,23568,23578,10
12.9230604172,80.1257324219,23578,23588,10
12.92304039,80.1266174316,23588,23598,10
12.9229898453,80.1275405884,23598,23609,11
12.9229402542,80.1284484863,23609,23619,10
12.9228897095,80.1292724609,23619,23629,10
12.922829628,80.1300964355,23629,23639,10
12.922829628,80.1309280396,23639,23649,10
12.922829628,80.1313400269,23649,23659,10
12.9228200912,80.1315002441,23659,23669,10
12.9228096008,80.1319885254,23669,23679,10
12.9227695465,80.1327514648,23679,23689,10
12.9227199554,80.1336669922,23689,23699,10
12.9226799011,80.1346817017,23699,23709,10
12.9226303101,80.1357421875,23709,23720,11
12.9225797653,80.1368331909,23720,23730,10
12.922539711,80.1377410889,23730,23740,10
12.9224796295,80.1386871338,23740,23750,10
12.9224500656,80.1395874023,23750,23760,10
12.9224596024,80.1406097412,23760,23770,10
12.9224700928,80.1416931152,23770,23780,10
12.9225196838,80.1427536011,23780,23790,10
12.9225597382,80.1435012817,23790,23806,16
12.9225702286,80.1435470581,23806,23818,12
12.9225702286,80.143699646,23818,23829,11
12.9225597382,80.1441192627,23829,23839,10
12.9225902557,80.1450119019,23839,23849,10
12.9226398468,80.1462173462,23849,23859,10
12.922659874,80.1472625732,23859,23869,10
12.9226503372,80.1483383179,23869,23879,10
12.9226903915,80.1494827271,23879,23889,10
12.9227199554,80.1505737305,23889,23899,10
12.9227600098,80.1516189575,23899,23909,10
12.9228897095,80.1526184082,23909,23919,10
12.9231395721,80.1536483765,23919,23930,11
12.9234199524,80.1545715332,23930,23950,20
12.9234895706,80.1549301147,23950,23962,12
12.9236698151,80.1557235718,23962,23972,10
12.9237098694,80.1564407349,23972,23982,10
12.923620224,80.1575622559,23982,23992,10
12.923500061,80.1587600708,23992,24002,10
12.9233903885,80.1598815918,24002,24012,10
12.9233102798,80.1604309082,24012,24022,10
12.9232597351,80.1606216431,24022,24033,11
12.9230499268,80.1612472534,24033,24043,10
12.9227600098,80.1620483398,24043,24053,10
12.9224500656,80.1630172729,24053,24063,10
12.9221096039,80.1640777588,24063,24073,10
12.9217596054,80.1651992798,24073,24083,10
12.9213895798,80.1663284302,24083,24093,10
12.9210195541,80.1674423218,24093,24103,10
12.9206800461,80.1684799194,24103,24113,10
12.9203901291,80.1694717407,24113,24124,11
12.9200601578,80.1705932617,24124,24135,11
12.9197797775,80.1713790894,24135,24145,10
12.9196300507,80.1719970703,24145,24155,10
12.9194297791,80.1728134155,24155,24165,10
12.9191799164,80.1737289429,24165,24175,10
12.9189195633,80.1747665405,24175,24185,10
12.9186601639,80.1758270264,24185,24195,10
12.9184398651,80.1769180298,24195,24205,10
12.9183797836,80.1781005859,24205,24215,10
12.9190196991,80.1790084839,24215,24225,10
12.919500351,80.1800231934,24225,24235,10
12.9197301865,80.1811904907,24235,24246,11
12.9200000763,80.182510376,24246,24256,10
12.9203195572,80.1840591431,24256,24276,20
12.9203195572,80.1840591431,24276,24286,10
12.9203596115,80.1843032837,24286,24296,10
12.9205198288,80.1848602295,24296,24306,10
12.9206800461,80.1853408813,24306,24316,10
12.9207000732,80.1854629517,24316,24326,10
12.9206399918,80.1859207153,24326,24336,10
12.9201698303,80.1864929199,24336,24347,11
12.9195098877,80.1872329712,24347,24357,10
12.9188995361,80.1879272461,24357,24367,10
12.9182300568,80.1886672974,24367,24377,10
12.9176797867,80.1895370483,24377,24387,10
12.9174900055,80.1904830933,24387,24397,10
12.9173898697,80.1913986206,24397,24407,10
12.91726017,80.1923675537,24407,24417,10
12.9171600342,80.1931381226,24417,24448,31
12.9171600342,80.1931381226,24448,24458,10
12.9171199799,80.1932983398,24458,24468,10
12.9171104431,80.1938095093,24468,24478,10
12.9174003601,80.1944732666,24478,24488,10
12.918009758,80.19506073,24488,24498,10
12.9186496735,80.1956176758,24498,24508,10
12.9193496704,80.1962203979,24508,24518,10
12.9201803207,80.1966094971,24518,24528,10
12.9208297729,80.1968078613,24528,24538,10
12.9209699631,80.1968536377,24538,24548,10
12.9214897156,80.1970291138,24548,24559,11
12.922369957,80.1972808838,24559,24569,10
12.9233798981,80.1974334717,24569,24579,10
12.9244098663,80.197479248,24579,24589,10
12.9252796173,80.1974716187,24589,24599,10
12.9254999161,80.197479248,24599,24609,10
12.9260797501,80.1975021362,24609,24619,10
12.9268503189,80.1977233887,24619,24629,10
12.9276103973,80.1981964111,24629,24645,16
12.928319931,80.19947052,24645,24657,12
12.9285402298,80.2005462646,24657,24668,11
12.9285802841,80.2015533447,24668,24678,10
12.9286403656,80.2024002075,24678,24687,9
12.929479599,80.2027435303,24687,24708,21
12.929479599,80.2027435303,24708,24717,9
12.9295597076,80.2027511597,24717,24728,11
12.9300003052,80.2028198242,24728,24738,10
12.930729866,80.2029495239,24738,24748,10
12.931599617,80.2032165527,24748,24759,11
12.9326696396,80.2035598755,24759,24769,10
12.9334697723,80.2038421631,24769,24779,10
12.9340000153,80.2039031982,24779,24789,10
12.934009552,80.2039031982,24789,24799,10
12.9342803955,80.2039413452,24799,24809,10
12.9348096848,80.2040100098,24809,24819,10
12.9355602264,80.2042999268,24819,24829,10
12.9364900589,80.2045898438,24829,24839,10
12.9373502731,80.2048416138,24839,24849,10
12.9383897781,80.2051315308,24849,24859,10
12.9393796921,80.2054290771,24859,24870,11
12.9401102066,80.2056427002,24870,24880,10
12.9403095245,80.2057113647,24880,24890,10
12.9409103394,80.2059020996,24890,24900,10
12.9416599274,80.2062988281,24900,24910,10
12.9424600601,80.2069396973,24910,24920,10
12.9430303574,80.2076187134,24920,24930,10
12.9438400269,80.2081604004,24930,24940,10
12.9444198608,80.2083816528,24940,24950,10
12.9446401596,80.2084579468,24950,24960,10
12.9451198578,80.2086410522,24960,24971,11
12.9459295273,80.2089385986,24971,24981,10
12.9467201233,80.2092590332,24981,24991,10
12.9474496841,80.2095413208,24991,25001,10
12.9481201172,80.2098007202,25001,25011,10
12.9488201141,80.2100830078,25011,25021,10
12.9497299194,80.2104492188,25021,25031,10
12.9507703781,80.2108612061,25031,25041,10
12.9518203735,80.2112808228,25041,25051,10
12.9528198242,80.2116699219,25051,25061,10
12.953789711,80.2120666504,25061,25072,11
12.9549198151,80.2125167847,25072,25082,10
12.9559202194,80.2129135132,25082,25092,10
12.9569301605,80.2132873535,25092,25102,10
12.9580001831,80.2137069702,25102,25112,10
12.9590396881,80.2141418457,25112,25122,10
12.9600000381,80.2145309448,25122,25132,10
12.9610204697,80.2149505615,25132,25142,10
12.962100029,80.2153701782,25142,25152,10
12.963060379,80.2157516479,25152,25162,10
12.9638204575,80.2160568237,25162,25172,10
12.964630127,80.2164077759,25172,25183,11
12.9656496048,80.2168273926,25183,25193,10
12.9665403366,80.2171707153,25193,25203,10
12.9673700333,80.2174987793,25203,25213,10
12.9680404663,80.2177886963,25213,25223,10
12.9686899185,80.2180404663,25223,25233,10
12.969619751,80.2183990479,25233,25243,10
12.9712495804,80.2190093994,25243,25263,20
12.9712495804,80.2190093994,25263,25273,10
12.9715003967,80.219078064,25273,25284,11
12.9720897675,80.219329834,25284,25294,10
12.9727497101,80.2195968628,25294,25304,10
12.973449707,80.2198562622,25304,25314,10
12.9740200043,80.2201385498,25314,25324,10
12.9747695923,80.2204437256,25324,25334,10
12.9753503799,80.2206802368,25334,25344,10
12.9755897522,80.2208023071,25344,25354,10
12.9761199951,80.2212524414,25354,25395,41
12.9761199951,80.2212524414,25395,25405,10
12.9763002396,80.2212677002,25405,25415,10
12.9767503738,80.221282959,25415,25425,10
12.9774999619,80.2212371826,25425,25435,10
12.9781904221,80.2211990356,25435,25445,10
12.9788999557,80.2211608887,25445,25455,10
12.9795799255,80.2211227417,25455,25465,10
12.980340004,80.2210464478,25465,25475,10
12.9810199738,80.2210235596,25475,25485,10
12.9816703796,80.221321106,25485,25496,11
12.982219696,80.2216796875,25496,25506,10
12.9824399948,80.2217636108,25506,25516,10
12.9828395844,80.2219161987,25516,25525,9
12.9828796387,80.2219314575,25525,25536,11
12.9829998016,80.2219696045,25536,25546,10
12.9832601547,80.22215271,25546,25556,10
12.9835796356,80.2223815918,25556,25565,9
12.9841003418,80.2226715088,25565,25575,10
12.9847402573,80.2230606079,25575,25586,11
12.9854898453,80.2232284546,25586,25597,11
12.9860696793,80.2229614258,25597,25607,10
12.986410141,80.2229614258,25607,25617,10
12.9868402481,80.2229995728,25617,25627,10
12.9874696732,80.2230911255,25627,25637,10
12.9880895615,80.2228927612,25637,25647,10
12.988650322,80.2223815918,25647,25657,10
12.9891395569,80.2218475342,25657,25667,10
12.989569664,80.2212677002,25667,25677,10
12.9901599884,80.2206192017,25677,25687,10
12.9904098511,80.2204284668,25687,25697,10
12.9907598495,80.2201538086,25697,25708,11
12.9913702011,80.2196731567,25708,25717,9
12.9918899536,80.219291687,25717,25728,11
12.9925899506,80.2187805176,25728,25738,10
12.993470192,80.218132019,25738,25748,10
12.9941997528,80.2175979614,25748,25758,10
12.9948797226,80.2171096802,25758,25768,10
12.9956302643,80.2166976929,25768,25778,10
12.9965000153,80.2165298462,25778,25788,10
12.9975595474,80.2161178589,25788,25809,21
12.9975595474,80.2161178589,25809,25819,10
12.9978599548,80.2158813477,25819,25829,10
12.9983501434,80.215461731,25829,25839,10
12.9988803864,80.2150115967,25839,25879,40
12.9988803864,80.2150115967,25879,25889,10
12.9990100861,80.214881897,25889,25899,10
12.9992303848,80.2146987915,25899,25910,11
12.9996500015,80.2143325806,25910,25920,10
13.0000495911,80.2139892578,25920,25930,10
13.0005598068,80.2135314941,25930,25940,10
13.0011196136,80.2130584717,25940,25950,10
13.0016899109,80.212638855,25950,25960,10
13.0021400452,80.212310791,25960,25970,10
13.002699852,80.2121200562,25970,25980,10
13.0031499863,80.212097168,25980,25990,10
13.003780365,80.212020874,25990,26000,10
13.0041399002,80.2120819092,26000,26010,10
13.004650116,80.212310791,26010,26026,16
13.0055999756,80.2128601074,26026,26038,12
13.006480217,80.2127532959,26038,26049,11
13.0074195862,80.2128067017,26049,26059,10
13.0076799393,80.2128982544,26059,26069,10
13.0077199936,80.2129135132,26069,26079,10
13.0079402924,80.2131271362,26079,26089,10
13.0083398819,80.2133102417,26089,26099,10
13.0088396072,80.2137908936,26099,26109,10
13.0093603134,80.2145004272,26109,26120,11
13.0099000931,80.2152481079,26120,26130,10
13.0104398727,80.215927124,26130,26140,10
13.0108098984,80.2167129517,26140,26150,10
13.0111598969,80.2175064087,26150,26160,10
13.0115003586,80.2184677124,26160,26170,10
13.0118503571,80.2195129395,26170,26180,10
13.0121603012,80.2205200195,26180,26190,10
13.0125398636,80.2214279175,26190,26200,10
13.0129995346,80.2220230103,26200,26210,10
13.0135297775,80.2226028442,26210,26220,10
13.0140304565,80.2232894897,26220,26230,10
13.0144100189,80.223739624,26230,26241,11
13.0150604248,80.2245788574,26241,26271,30
13.0150604248,80.2245788574,26271,26281,10
13.0151901245,80.2247009277,26281,26291,10
13.0153799057,80.2249298096,26291,26301,10
13.0155601501,80.2250595093,26301,26311,10
13.0157403946,80.2252120972,26311,26321,10
13.0161399841,80.2253570557,26321,26332,11
13.0168199539,80.2252197266,26332,26342,10
13.0175504684,80.2249221802,26342,26352,10
13.0183897018,80.2245864868,26352,26362,10
13.0191602707,80.2243804932,26362,26372,10
13.0195703506,80.2244720459,26372,26382,10
13.0199098587,80.224647522,26382,26392,10
13.0203104019,80.2249679565,26392,26402,10
13.0207395554,80.2252807617,26402,26412,10
13.0212202072,80.2256088257,26412,26422,10
13.0217695236,80.226020813,26422,26432,10
13.0218200684,80.22605896,26432,26443,11
13.0218496323,80.2260665894,26443,26453,10
13.0221996307,80.2263717651,26453,26463,10
13.0226202011,80.2267837524,26463,26473,10
13.0232000351,80.2273406982,26473,26483,10
13.0238304138,80.2279281616,26483,26493,10
13.0243701935,80.2285385132,26493,26513,20
13.0243701935,80.2285385132,26513,26523,10
13.0244102478,80.2285690308,26523,26533,10
13.0246801376,80.2289428711,26533,26544,11
13.0252304077,80.229637146,26544,26554,10
13.0256900787,80.2303009033,26554,26564,10
13.0259799957,80.23097229,26564,26573,9
13.0261497498,80.2313690186,26573,26583,10
13.0265598297,80.231262207,26583,26594,11
13.0273799896,80.2310562134,26594,26604,10
13.0281801224,80.2309417725,26604,26614,10
13.0290403366,80.2308578491,26614,26624,10
13.0295295715,80.2308120728,26624,26634,10
13.0301704407,80.2307510376,26634,26645,11
13.0308599472,80.2306976318,26645,26655,10
13.0315303802,80.2306518555,26655,26665,10
13.0323200226,80.2305831909,26665,26675,10
13.0335502625,80.2304992676,26675,26705,30
13.0335502625,80.2304992676,26705,26715,10
13.033829689,80.2304763794,26715,26725,10
13.034119606,80.2304611206,26725,26735,10
13.0344800949,80.2303771973,26735,26745,10
13.0347299576,80.2303085327,26745,26756,11
13.0349798203,80.2301101685,26756,26766,10
13.0346603394,80.2299499512,26766,27503,737
13.0344200134,80.2298965454,27503,27715,212
13.0344200134,80.2298965454,27715,27725,10
13.0344800949,80.2298736572,27725,27745,20
13.0343599319,80.2298583984,27745,28048,303
13.0342998505,80.2299118042,28048,28331,283
13.0342998505,80.2299118042,28331,28341,10
13.0341701508,80.2304229736,28341,28381,40
13.0341701508,80.2304229736,28381,28391,10
13.0339097977,80.2304382324,28391,28411,20
13.0339097977,80.2304382324,28411,28422,11
13.033659935,80.2304000854,28422,28432,10
13.0334796906,80.2304077148,28432,28442,10
13.0330095291,80.2304763794,28442,28452,10
13.0323200226,80.2305679321,28452,28462,10
13.0315999985,80.2306365967,28462,28472,10
13.0308599472,80.23072052,28472,28482,10
13.0301704407,80.2307815552,28482,28492,10
13.0297403336,80.2308731079,28492,28502,10
13.0294704437,80.2309036255,28502,28512,10
13.0289697647,80.2309112549,28512,28522,10
13.0282697678,80.2309494019,28522,28533,11
13.0279197693,80.2309875488,28533,28543,10
13.0276603699,80.2311019897,28543,28553,10
13.0277004242,80.2315826416,28553,28563,10
13.0277795792,80.2321166992,28563,28573,10
13.027879715,80.2326812744,28573,28583,10
13.0275201797,80.2329025269,28583,28593,10
13.026889801,80.2329788208,28593,28664,71
13.026889801,80.2329788208,28664,28674,10
13.0265798569,80.2329406738,28674,28684,10
13.0263395309,80.2328262329,28684,28694,10
13.0261697769,80.2322463989,28694,28704,10
13.0259504318,80.2313995361,28704,28713,9
13.025639534,80.2305297852,28713,28724,11
13.0249595642,80.2294921875,28724,28734,10
13.0243301392,80.2286682129,28734,28745,11
13.0238103867,80.2279586792,28745,28755,10
13.0231103897,80.227432251,28755,28785,30
13.0231103897,80.227432251,28785,28795,10
13.0228204727,80.2272415161,28795,28805,10
13.0225496292,80.2268066406,28805,28815,10
13.0220603943,80.2263565063,28815,28825,10
13.0214004517,80.2258300781,28825,28835,10
13.0206203461,80.2252426147,28835,28846,11
13.0197200775,80.2246627808,28846,28856,10
13.0187902451,80.2245101929,28856,28866,10
13.0180101395,80.2248382568,28866,28876,10
13.0171604156,80.225189209,28876,28886,10
13.016289711,80.2255401611,28886,28895,9
13.0156097412,80.225769043,28895,28906,11
13.0143995285,80.2262496948,28906,28936,30
13.0143995285,80.2262496948,28936,28946,10
13.014380455,80.2262573242,28946,28957,11
13.0139398575,80.2264328003,28957,28967,10
13.0132598877,80.2266693115,28967,28977,10
13.012430191,80.2269821167,28977,28987,10
13.0114498138,80.2273635864,28987,28997,10
13.0104198456,80.2277679443,28997,29007,10
13.0095996857,80.2278594971,29007,29017,10
13.0096702576,80.2272796631,29017,29027,10
13.0100002289,80.2265777588,29027,29037,10
13.0103902817,80.2257232666,29037,29047,10
13.0107803345,80.2248535156,29047,29058,11
13.0111303329,80.2240371704,29058,29068,10
13.0114097595,80.2233200073,29068,29078,10
13.0117301941,80.2225418091,29078,29088,10
13.0120697021,80.2215118408,29088,29098,10
13.0120401382,80.2206268311,29098,29108,10
13.0116996765,80.219619751,29108,29118,10
13.0113801956,80.2186126709,29118,29128,10
13.0110197067,80.2176513672,29128,29138,10
13.0106801987,80.2168197632,29138,29148,10
13.0102596283,80.2160797119,29148,29159,11
13.0097999573,80.2151565552,29159,29169,10
13.0092201233,80.2144012451,29169,29179,10
13.0087299347,80.213760376,29179,29189,10
13.008480072,80.2134933472,29189,29260,71
13.0082902908,80.2133789063,29260,29280,20
13.0082902908,80.2133789063,29280,29290,10
13.0080699921,80.2132720947,29290,29300,10
13.007809639,80.2130584717,29300,29310,10
13.0076503754,80.212928772,29310,29320,10
13.007349968,80.2128295898,29320,29330,10
13.0069704056,80.2127380371,29330,29340,10
13.0064496994,80.2127609253,29340,29350,10
13.0058498383,80.2130126953,29350,29360,10
13.0052404404,80.2126617432,29360,29369,9
13.0046100616,80.2122879028,29369,29381,12
13.0036401749,80.2120513916,29381,29391,10
13.002989769,80.2120666504,29391,29401,10
13.002409935,80.2121887207,29401,29411,10
13.0018396378,80.2125167847,29411,29421,10
13.0013599396,80.2128829956,29421,29431,10
13.0007400513,80.2133636475,29431,29441,10
13.0003404617,80.213760376,29441,29451,10
12.9998998642,80.2141571045,29451,29461,10
12.9996204376,80.2144393921,29461,29471,10
12.9995098114,80.2145309448,29471,29482,11
12.9991998672,80.2147903442,29482,29492,10
12.9989595413,80.2149963379,29492,29502,10
12.9985399246,80.2154006958,29502,29512,10
12.9979600906,80.2158813477,29512,29522,10
12.9975004196,80.2163085938,29522,29532,10
12.997469902,80.2163391113,29532,29542,10
12.9973297119,80.2164306641,29542,29552,10
12.9972696304,80.2165222168,29552,29562,10
12.997010231,80.2165527344,29562,29572,10
12.9965200424,80.216583252,29572,29583,11
12.9956502914,80.2168121338,29583,29593,10
12.9949398041,80.2171707153,29593,29603,10
12.9945297241,80.2174530029,29603,29613,10
12.9940500259,80.2177886963,29613,29623,10
12.993470192,80.218208313,29623,29633,10
12.9928102493,80.2186965942,29633,29643,10
12.9920396805,80.21925354,29643,29653,10
12.9914102554,80.2197036743,29653,29663,10
12.9909095764,80.2200698853,29663,29673,10
12.9907903671,80.220161438,29673,29683,10
12.9906797409,80.2202224731,29683,29694,11
12.9902601242,80.2205886841,29694,29710,16
12.9895000458,80.2214584351,29710,29722,12
12.9893198013,80.2216720581,29722,29732,10
12.9891996384,80.221786499,29732,29742,10
12.988820076,80.2222824097,29742,29752,10
12.988240242,80.2228012085,29752,29762,10
12.9877195358,80.2231292725,29762,29772,10
12.9872999191,80.2230987549,29772,29782,10
12.9872598648,80.2230911255,29782,29793,11
12.9869604111,80.2230606079,29793,29803,10
12.9864997864,80.2229919434,29803,29812,9
12.9857997894,80.2230300903,29812,29823,11
12.9854202271,80.2233276367,29823,29833,10
12.9848299026,80.2231521606,29833,29843,10
12.9843301773,80.2228469849,29843,29853,10
12.9838199615,80.2225494385,29853,29863,10
12.983300209,80.2222213745,29863,29883,20
12.983300209,80.2222213745,29883,29893,10
12.9830598831,80.2220611572,29893,29904,11
12.9827003479,80.2218704224,29904,29914,10
12.9822597504,80.2217178345,29914,29924,10
12.9816703796,80.2213821411,29924,29934,10
12.9809799194,80.2210617065,29934,29944,10
12.9801902771,80.2210998535,29944,29954,10
12.9792499542,80.2211608887,29954,29964,10
12.9783000946,80.2211990356,29964,29974,10
12.9778699875,80.2212219238,29974,29984,10
12.977350235,80.2212524414,29984,29994,10
12.9767999649,80.2212371826,29994,30005,11
12.9761695862,80.221321106,30005,30015,10
12.9759197235,80.2213134766,30015,30025,10
12.9756803513,80.2210617065,30025,30065,40
12.9756803513,80.2210617065,30065,30075,10
12.9755496979,80.2208786011,30075,30116,41
12.9755496979,80.2208786011,30116,30126,10
12.9752902985,80.2207565308,30126,30136,10
12.9748897552,80.2205810547,30136,30145,9
12.9743204117,80.2203063965,30145,30156,11
12.9736003876,80.2199707031,30156,30166,10
12.9726600647,80.219619751,30166,30176,10
12.9717597961,80.2192993164,30176,30186,10
12.9710597992,80.2191390991,30186,30196,10
12.9710302353,80.2191390991,30196,30206,10
12.9709701538,80.2191390991,30206,30217,11
12.9707098007,80.2189865112,30217,30227,10
12.9703998566,80.2188110352,30227,30237,10
12.9699602127,80.2186508179,30237,30247,10
12.9695301056,80.2184829712,30247,30257,10
12.9691400528,80.2183303833,30257,30267,10
12.9687900543,80.2182235718,30267,30277,10
12.9683599472,80.2180480957,30277,30287,10
12.9679203033,80.2178878784,30287,30297,10
12.9674701691,80.2176971436,30297,30307,10
12.9668397903,80.2174072266,30307,30317,10
12.9660396576,80.2170562744,30317,30327,10
12.9651699066,80.2167129517,30327,30338,11
12.9641895294,80.2163085938,30338,30348,10
12.9634599686,80.2159881592,30348,30358,10
12.9627799988,80.2156829834,30358,30368,10
12.9620103836,80.2154083252,30368,30378,10
12.9611196518,80.2150802612,30378,30388,10
12.9601097107,80.2146835327,30388,30398,10
12.9590597153,80.2142486572,30398,30408,10
12.9579801559,80.2138214111,30408,30418,10
12.9569301605,80.2134017944,30418,30429,11
12.9557800293,80.2129364014,30429,30439,10
12.9547100067,80.2125167847,30439,30449,10
12.9536600113,80.212097168,30449,30459,10
12.9526195526,80.2116928101,30459,30469,10
12.95154953,80.2112731934,30469,30479,10
12.9504804611,80.2108535767,30479,30489,10
12.9495296478,80.2104721069,30489,30499,10
12.9486904144,80.2101669312,30499,30509,10
12.9478702545,80.2098312378,30509,30519,10
12.9468603134,80.2093887329,30519,30530,11
12.945599556,80.2089233398,30530,30540,10
12.9442596436,80.208366394,30540,30560,20
12.9442596436,80.208366394,30560,30570,10
12.9441900253,80.2083206177,30570,30580,10
12.9438800812,80.2082138062,30580,30590,10
12.9433603287,80.2080001831,30590,30606,16
12.9426403046,80.2072067261,30606,30618,12
12.942029953,80.2066421509,30618,30626,8
12.9410200119,80.2060012817,30626,30649,23
12.9410200119,80.2060012817,30649,30659,10
12.9407196045,80.2058792114,30659,30669,10
12.940199852,80.2057037354,30669,30678,9
12.9396495819,80.2055435181,30678,30689,11
12.9387798309,80.2052612305,30689,30698,9
12.9381504059,80.2050628662,30698,30708,10
12.9374198914,80.2048568726,30708,30719,11
12.9365997314,80.2046432495,30719,30729,10
12.9357700348,80.2044219971,30729,30739,10
12.9350700378,80.2040863037,30739,30750,11
12.9337701797,80.2039337158,30750,30770,20
12.9337701797,80.2039337158,30770,30780,10
12.9335899353,80.2039413452,30780,30790,10
12.9331798553,80.2038269043,30790,30800,10
12.9326200485,80.2035903931,30800,30810,10
12.9319000244,80.203338623,30810,30820,10
12.9312000275,80.2031021118,30820,30836,16
12.9308700562,80.2029800415,30836,30848,12
12.9303798676,80.20287323,30848,30858,10
12.9297599792,80.2028121948,30858,30869,11
12.9296197891,80.202796936,30869,30879,10
12.9295196533,80.202796936,30879,30889,10
12.9291095734,80.2027206421,30889,30899,10
12.9286298752,80.2025909424,30899,30909,10
12.9285001755,80.2021331787,30909,30919,10
12.9284696579,80.2015609741,30919,30929,10
12.9284296036,80.2008895874,30929,30939,10
12.9284000397,80.2000808716,30939,30949,10
12.9281396866,80.1992492676,30949,30960,11
12.9276599884,80.198348999,30960,30970,10
12.9270496368,80.1978607178,30970,30979,9
12.926320076,80.1976089478,30979,30990,11
12.9255104065,80.1975479126,30990,31000,10
12.9252700806,80.1975402832,31000,31010,10
12.9247903824,80.1975479126,31010,31020,10
12.924079895,80.1975402832,31020,31030,10
12.9233198166,80.1975021362,31030,31040,10
12.9220304489,80.1973114014,31040,31061,21
12.9220304489,80.1973114014,31061,31071,10
12.9219198227,80.1972808838,31071,31081,10
12.9215402603,80.1971282959,31081,31091,10
12.9210996628,80.1969604492,31091,31101,10
12.9208498001,80.1968612671,31101,31111,10
12.9203395844,80.1967010498,31111,31121,10
12.9196796417,80.1964492798,31121,31131,10
12.9190502167,80.1960830688,31131,31141,10
12.9184999466,80.1955718994,31141,31151,10
12.9179201126,80.1950378418,31151,31161,10
12.9173698425,80.1945571899,31161,31172,11
12.9172496796,80.194442749,31172,31182,10
12.917090416,80.1941070557,31182,31192,10
12.9169902802,80.193572998,31192,31202,10
12.9170503616,80.1929397583,31202,31212,10
12.9171104431,80.1924591064,31212,31222,10
12.9172401428,80.1917572021,31222,31232,10
12.9173002243,80.1912918091,31232,31242,10
12.917309761,80.1912918091,31242,31252,10
12.9173498154,80.1910629272,31252,31262,10
12.9173603058,80.1905212402,31262,31273,11
12.9174995422,80.1897583008,31273,31283,10
12.9178199768,80.1890029907,31283,31293,10
12.918419838,80.1882705688,31293,31303,10
12.9189500809,80.1876983643,31303,31313,10
12.919549942,80.1870193481,31313,31323,10
12.9202098846,80.1862564087,31323,31333,10
12.9205904007,80.1853637695,31333,31343,10
12.9203596115,80.1845092773,31343,31424,81
12.9203596115,80.1845092773,31424,31434,10
12.9203100204,80.184387207,31434,31444,10
12.9202203751,80.1839828491,31444,31454,10
12.9199695587,80.1828918457,31454,31485,31
12.9199695587,80.1828918457,31485,31495,10
12.9199399948,80.1827011108,31495,31505,10
12.9198904037,80.1824569702,31505,31515,10
12.9198198318,80.1820297241,31515,31525,10
12.919670105,80.181388855,31525,31535,10
12.9195098877,80.1806182861,31535,31545,10
12.9193401337,80.1797790527,31545,31555,10
12.9189195633,80.1789932251,31555,31565,10
12.9185304642,80.1784362793,31565,31575,10
12.9181804657,80.1777496338,31575,31586,11
12.9183101654,80.1767807007,31586,31596,10
12.9183597565,80.1765670776,31596,31606,10
12.9184398651,80.1763763428,31606,31616,10
12.9185304642,80.1759567261,31616,31626,10
12.9187202454,80.1752929688,31626,31636,10
12.9188995361,80.1744995117,31636,31646,10
12.9191398621,80.173538208,31646,31656,10
12.9194297791,80.1724395752,31656,31666,10
12.9196195602,80.17162323,31666,31676,10
12.9196500778,80.1715087891,31676,31686,10
12.9197101593,80.1713562012,31686,31697,11
12.919839859,80.1709136963,31697,31706,9
12.919839859,80.1708831787,31706,31717,11
12.9198799133,80.1707611084,31717,31727,10
12.9200296402,80.1702423096,31727,31737,10
12.9202699661,80.1694488525,31737,31747,10
12.9205999374,80.1684570313,31747,31757,10
12.9209604263,80.1673583984,31757,31765,8
12.9212503433,80.1664505005,31765,31777,12
12.9216899872,80.1651000977,31777,31787,10
12.9220199585,80.1640396118,31787,31798,11
12.9223499298,80.162979126,31798,31808,10
12.9226903915,80.1619415283,31808,31818,10
12.923119545,80.1604766846,31818,31838,20
12.923119545,80.1604766846,31838,31848,10
12.9232301712,80.1601333618,31848,31858,10
12.9233398438,80.1594619751,31858,31868,10
12.9234399796,80.1585388184,31868,31878,10
12.9235401154,80.1574630737,31878,31888,10
12.9236497879,80.1563796997,31888,31898,10
12.9235401154,80.1554336548,31898,31909,11
12.9234399796,80.1551208496,31909,31919,10
12.9234399796,80.1550827026,31919,31929,10
12.9233598709,80.1547012329,31929,31939,10
12.9232196808,80.1540985107,31939,31949,10
12.9230203629,80.1533203125,31949,31959,10
12.9227199554,80.152130127,31959,31999,40
12.9227199554,80.152130127,31999,32010,11
12.9227199554,80.1519775391,32010,32020,10
12.9226903915,80.1515197754,32020,32030,10
12.9226703644,80.150718689,32030,32040,10
12.9226398468,80.1498031616,32040,32050,10
12.9225902557,80.1488494873,32050,32060,10
12.9225797653,80.1479568481,32060,32070,10
12.9225502014,80.1472015381,32070,32080,10
12.922539711,80.1468200684,32080,32090,10
12.9225301743,80.1466598511,32090,32100,10
12.922539711,80.1462097168,32100,32110,10
12.9225196838,80.1455001831,32110,32121,11
12.9224596024,80.1446228027,32121,32131,10
12.9224300385,80.1433410645,32131,32169,38
12.9224300385,80.1433410645,32169,32178,9
12.9224700928,80.143119812,32178,32189,11
12.9224500656,80.1426010132,32189,32199,10
12.9224004745,80.1419830322,32199,32209,10
12.9223804474,80.1415634155,32209,32219,10
12.922369957,80.1414108276,32219,32230,11
12.9223604202,80.14087677,32230,32240,10
12.9223604202,80.1406326294,32240,32250,10
12.9223604202,80.140586853,32250,32260,10
12.9223499298,80.1403579712,32260,32270,10
12.9223604202,80.1398696899,32270,32280,10
12.9223403931,80.1391296387,32280,32290,10
12.9224004745,80.138343811,32290,32300,10
12.9224395752,80.1375808716,32300,32310,10
12.9224901199,80.1368789673,32310,32319,9
12.9225101471,80.1362762451,32319,32331,12
12.9225301743,80.1353683472,32331,32340,9
12.9225597382,80.1346588135,32340,32351,11
12.9226198196,80.1336975098,32351,32361,10
12.9226303101,80.1329193115,32361,32371,10
12.9226398468,80.1326904297,32371,32381,10
12.9226503372,80.132522583,32381,32391,10
12.922659874,80.1321411133,32391,32401,10
12.9226799011,80.1315002441,32401,32411,10
12.9226999283,80.1312179565,32411,32421,10
12.9227104187,80.131111145,32421,32431,10
12.9227399826,80.1305999756,32431,32442,11
12.9227800369,80.1298217773,32442,32452,10
12.9228096008,80.1291809082,32452,32462,10
12.9228601456,80.1286773682,32462,32472,10
12.9228601456,80.1283035278,32472,32482,10
12.9229202271,80.1276931763,32482,32492,10
12.9229202271,80.1271209717,32492,32502,10
12.9229202271,80.1263427734,32502,32512,10
12.922949791,80.1255493164,32512,32522,10
12.9229898453,80.12474823,32522,32532,10
12.9230298996,80.1238479614,32532,32543,11
12.9230804443,80.122718811,32543,32553,10
12.9231300354,80.1216964722,32553,32563,10
12.9231796265,80.1208114624,32563,32583,20
12.9231796265,80.1208114624,32583,32593,10
12.9232597351,80.1205596924,32593,32603,10
12.9233198166,80.1198883057,32603,32613,10
12.9232997894,80.119140625,32613,32623,10
12.9233198166,80.1184768677,32623,32633,10
12.9234199524,80.1177597046,32633,32643,10
12.9234800339,80.1172027588,32643,32654,11
12.9234800339,80.1171722412,32654,32670,16
12.9234800339,80.1169815063,32670,32682,12
12.923620224,80.1168365479,32682,32692,10
12.9235801697,80.1171417236,32692,32702,10
12.923620224,80.117767334,32702,32712,10
12.923500061,80.1185379028,32712,32722,10
12.9234399796,80.1193389893,32722,32732,10
12.9233703613,80.1200790405,32732,32742,10
12.9233198166,80.1205596924,32742,32753,11
12.923330307,80.1214065552,32753,33792,1039
12.923330307,80.1214065552,33792,33802,10
12.9232397079,80.1217498779,33802,33813,11
12.9231996536,80.1222915649,33813,33822,9
12.9231700897,80.1229400635,33822,33833,11
12.9231300354,80.1238098145,33833,33843,10
12.9231004715,80.1245803833,33843,33853,10
12.9230499268,80.1253204346,33853,33863,10
12.9230003357,80.1259918213,33863,33873,10
12.9229698181,80.1267623901,33873,33883,10
12.9229803085,80.1272888184,33883,33893,10
12.9229402542,80.1276016235,33893,33903,10
12.922949791,80.1280288696,33903,33914,11
12.9229001999,80.1285400391,33914,33924,10
12.9228601456,80.12915802,33924,33934,10
12.9228200912,80.1298675537,33934,33944,10
12.9228000641,80.1306381226,33944,33954,10
12.9227895737,80.1312789917,33954,33964,10
12.9227695465,80.131439209,33964,33974,10
12.9227600098,80.1318969727,33974,33984,10
12.9227399826,80.13256073,33984,33994,10
12.9226999283,80.1333465576,33994,34004,10
12.9226503372,80.1343383789,34004,34014,10
12.9226102829,80.1349563599,34014,34025,11
12.9225997925,80.1353378296,34025,34035,10
12.9225597382,80.1360397339,34035,34045,10
12.9225196838,80.1369018555,34045,34055,10
12.9224596024,80.1378326416,34055,34065,10
12.9223899841,80.138671875,34065,34075,10
12.9223804474,80.1396331787,34075,34085,10
12.9224004745,80.1405792236,34085,34095,10
12.922419548,80.1415786743,34095,34105,10
12.9224700928,80.1427688599,34105,34136,31
12.9224700928,80.1427688599,34136,34146,10
12.9224700928,80.1428222656,34146,34156,10
12.9225196838,80.1436462402,34156,34176,20
12.9225196838,80.1436462402,34176,34186,10
12.9225301743,80.1437683105,34186,34196,10
12.9225196838,80.1439208984,34196,34204,8
12.9225101471,80.1439971924,34204,34216,12
12.922539711,80.1446609497,34216,34226,10
12.9225997925,80.1455001831,34226,34237,11
12.9226303101,80.1464767456,34237,34247,10
12.922659874,80.1473236084,34247,34256,9
12.9226503372,80.1473617554,34256,34267,11
12.922659874,80.1476211548,34267,34277,10
12.9226398468,80.1482086182,34277,34287,10
12.9226398468,80.148979187,34287,34297,10
12.9226799011,80.1499786377,34297,34307,10
12.9226999283,80.1510772705,34307,34317,10
12.9227304459,80.1520080566,34317,34327,10
12.9229001999,80.152961731,34327,34337,10
12.9233798981,80.1546783447,34337,34358,21
12.9233798981,80.1546783447,34358,34374,16
12.9234600067,80.1550216675,34374,34386,12
12.923620224,80.1557388306,34386,34396,10
12.9236698151,80.1564178467,34396,34406,10
12.9235696793,80.1575698853,34406,34416,10
12.9234800339,80.1586380005,34416,34426,10
12.9233798981,80.1597366333,34426,34436,10
12.9233102798,80.1603469849,34436,34446,10
12.9232997894,80.1603775024,34446,34457,11
12.9232597351,80.1605300903,34457,34467,10
12.923210144,80.1606674194,34467,34477,10
12.92304039,80.1611404419,34477,34487,10
12.9228096008,80.1618728638,34487,34497,10
12.9225301743,80.1627426147,34497,34507,10
12.9222202301,80.1636962891,34507,34517,10
12.9218997955,80.164680481,34517,34527,10
12.9215698242,80.1657562256,34527,34537,10
12.9212198257,80.1668395996,34537,34547,10
12.9208803177,80.1679534912,34547,34558,11
12.9204797745,80.1691207886,34558,34568,10
12.9201602936,80.170211792,34568,34578,10
12.919960022,80.1708831787,34578,34588,10
12.9199399948,80.1709518433,34588,34598,10
12.9198703766,80.1711196899,34598,34608,10
12.9196996689,80.1716079712,34608,34618,10
12.919500351,80.1724014282,34618,34628,10
12.9192895889,80.1731719971,34628,34638,10
12.9190702438,80.1740570068,34638,34648,10
12.9188203812,80.1751022339,34648,34659,11
12.9185495377,80.1761169434,34659,34669,10
12.9184303284,80.1768112183,34669,34679,10
12.918419838,80.1768493652,34679,34689,10
12.9183502197,80.1772079468,34689,34699,10
12.918299675,80.1779174805,34699,34709,10
12.9187498093,80.1786575317,34709,34719,10
12.9192800522,80.1794586182,34719,34729,10
12.9195404053,80.1804733276,34729,34739,10
12.919719696,80.181312561,34739,34749,10
12.9199695587,80.1824798584,34749,34759,10
12.9201698303,80.1833496094,34759,34770,11
12.9202404022,80.1836013794,34770,34780,10
12.9202604294,80.1837310791,34780,34790,10
12.9203701019,80.184173584,34790,34800,10
12.9205198288,80.1847991943,34800,34809,9
12.9206104279,80.1851425171,34809,34830,21
12.9206104279,80.1851425171,34830,34840,10
12.9206495285,80.1852264404,34840,34850,10
12.9207000732,80.1856231689,34850,34860,10
12.9204397202,80.186126709,34860,34870,10
12.9199304581,80.1867218018,34870,34881,11
12.9194602966,80.1872634888,34881,34891,10
12.9192895889,80.1874389648,34891,34901,10
12.9191598892,80.1875762939,34901,34911,10
12.9190797806,80.1876678467,34911,34921,10
12.9189300537,80.1878814697,34921,34931,10
12.9186296463,80.1881790161,34931,34941,10
12.9181995392,80.1886672974,34941,34951,10
12.9177598953,80.1893310547,34951,34961,10
12.9175395966,80.1901397705,34961,34969,8
12.9174804688,80.190536499,34969,34983,14
12.9173603058,80.1914672852,34983,34993,10
12.91726017,80.1922607422,34993,35003,10
12.917140007,80.1929397583,35003,35033,30
12.9171104431,80.193031311,35033,35053,20
12.9171104431,80.193031311,35053,35063,10
12.917090416,80.1932373047,35063,35083,20
12.917090416,80.1932373047,35083,35094,11
12.9171199799,80.1935806274,35094,35104,10
12.9171600342,80.193901062,35104,35114,10
12.9172697067,80.1942825317,35114,35124,10
12.9176702499,80.1947631836,35124,35134,10
12.9182300568,80.1952972412,35134,35144,10
12.9187698364,80.1958007813,35144,35154,10
12.9191703796,80.1961593628,35154,35164,10
12.9194402695,80.1963424683,35164,35174,10
12.9199104309,80.1965332031,35174,35184,10
12.9205198288,80.1967315674,35184,35195,11
12.9208498001,80.1968383789,35195,35205,10
12.9212999344,80.1969909668,35205,35215,10
12.9218997955,80.1971893311,35215,35225,10
12.9225797653,80.1973114014,35225,35235,10
12.9231595993,80.1974029541,35235,35245,10
12.9233703613,80.1974105835,35245,35255,10
12.9236001968,80.1974411011,35255,35265,10
12.9241399765,80.1974716187,35265,35275,10
12.9249095917,80.1974563599,35275,35285,10
12.925239563,80.1974487305,35285,35295,10
12.9254703522,80.1974563599,35295,35306,11
12.9260797501,80.1974868774,35306,35316,10
12.9266300201,80.1976165771,35316,35326,10
12.9271297455,80.1978683472,35326,35336,10
12.9276399612,80.1982574463,35336,35346,10
12.9280195236,80.1988677979,35346,35356,10
12.9283399582,80.1996231079,35356,35366,10
12.9284801483,80.2004928589,35366,35376,10
12.9285097122,80.2013168335,35376,35386,10
12.9285402298,80.2020874023,35386,35396,10
12.9292898178,80.2027206421,35396,35417,21
12.9292898178,80.2027206421,35417,35427,10
12.9293804169,80.2027130127,35427,35437,10
12.9296398163,80.2027511597,35437,35447,10
12.9301795959,80.2028198242,35447,35457,10
12.9307899475,80.2029266357,35457,35467,10
12.9314899445,80.2031402588,35467,35477,10
12.932220459,80.2033920288,35477,35487,10
12.9329595566,80.20362854,35487,35497,10
12.9337902069,80.2038803101,35497,35538,41
12.9337902069,80.2038803101,35538,35548,10
12.9342899323,80.2039031982,35548,35558,10
12.9348602295,80.2039794922,35558,35568,10
12.9355602264,80.2042770386,35568,35578,10
12.9363603592,80.2045288086,35578,35588,10
12.9370803833,80.2047424316,35588,35598,10
12.9377298355,80.2049179077,35598,35608,10
12.9383802414,80.2050704956,35608,35618,10
12.9389696121,80.2052612305,35618,35629,11
12.9398403168,80.2055282593,35629,35649,20
12.9398403168,80.2055282593,35649,35659,10
12.9401197433,80.2056503296,35659,35669,10
12.9406604767,80.2057876587,35669,35679,10
12.9412298203,80.2060089111,35679,35689,10
12.9417800903,80.2063674927,35689,35699,10
12.9424800873,80.2069396973,35699,35709,10
12.9427099228,80.2071990967,35709,35719,10
12.9428596497,80.2073822021,35719,35730,11
12.9432201385,80.2078475952,35730,35740,10
12.9437503815,80.2081298828,35740,35750,10
12.9442796707,80.2083206177,35750,35760,10
12.9442996979,80.2083282471,35760,35770,10
12.9443101883,80.208442688,35770,35780,10
12.9446802139,80.2085266113,35780,35790,10
12.9452199936,80.2087020874,35790,35800,10
12.9459295273,80.2089614868,35800,35810,10
12.9466199875,80.2092208862,35810,35820,10
12.9472904205,80.2094802856,35820,35830,10
12.9479799271,80.2097396851,35830,35841,11
12.9487400055,80.2100372314,35841,35851,10
12.9495801926,80.2103805542,35851,35861,10
12.9505901337,80.2107772827,35861,35871,10
12.9515104294,80.2111587524,35871,35881,10
12.952340126,80.2115097046,35881,35891,10
12.9529800415,80.2117385864,35891,35901,10
12.9535198212,80.2119827271,35901,35911,10
12.9542398453,80.2122573853,35911,35921,10
12.9550695419,80.212600708,35921,35931,10
12.9560403824,80.2129516602,35931,35941,10
12.9569702148,80.2133102417,35941,35952,11
12.9582500458,80.2138519287,35952,35961,9
12.9591598511,80.2142028809,35961,35972,11
12.9599599838,80.2145309448,35972,35982,10
12.9607801437,80.2148590088,35982,35992,10
12.9616804123,80.2152175903,35992,36002,10
12.962679863,80.2155914307,36002,36012,10
12.9633598328,80.2158584595,36012,36022,10
12.9638595581,80.2160873413,36022,36032,10
12.9642095566,80.2162017822,36032,36042,10
12.9642801285,80.216217041,36042,36053,11
12.9646596909,80.2164001465,36053,36063,10
12.9652299881,80.2166366577,36063,36073,10
12.965880394,80.2169036865,36073,36083,10
12.9665203094,80.2171630859,36083,36093,10
12.9672002792,80.2174301147,36093,36103,10
12.9678697586,80.2177124023,36103,36113,10
12.9685697556,80.2179794312,36113,36123,10
12.9694499969,80.2183074951,36123,36133,10
12.9703598022,80.2186584473,36133,36143,10
12.9710102081,80.2189025879,36143,36153,10
12.9712200165,80.218963623,36153,36164,11
12.971329689,80.2190322876,36164,36174,10
12.9717102051,80.2191696167,36174,36184,10
12.9720001221,80.2193069458,36184,36234,50
12.9720001221,80.2193069458,36234,36244,10
12.972240448,80.2194824219,36244,36254,10
12.9722499847,80.2194824219,36254,36265,11
12.9723796844,80.2195129395,36265,36275,10
12.9725799561,80.219581604,36275,36285,10
12.9728002548,80.2196426392,36285,36295,10
12.9730796814,80.2197418213,36295,36335,40
12.9730796814,80.2197418213,36335,36345,10
12.973449707,80.219833374,36345,36416,71
12.973449707,80.219833374,36416,36426,10
12.9736204147,80.219909668,36426,36436,10
12.973859787,80.2200393677,36436,36446,10
12.9742298126,80.2202377319,36446,36456,10
12.9747896194,80.2205200195,36456,36547,91
12.9747896194,80.2205200195,36547,36557,10
12.975060463,80.2205886841,36557,36567,10
12.9752597809,80.2206878662,36567,36577,10
12.9753799438,80.2207183838,36577,36588,11
12.9755601883,80.2208480835,36588,36598,10
12.9759998322,80.2212600708,36598,36628,30
12.9759998322,80.2212600708,36628,36638,10
12.9763002396,80.2212600708,36638,36648,10
12.9767398834,80.2212600708,36648,36658,10
12.9774703979,80.2212219238,36658,36668,10
12.978099823,80.2211685181,36668,36678,10
12.9788398743,80.2211380005,36678,36688,10
12.9796800613,80.2210693359,36688,36699,11
12.980629921,80.2209777832,36699,36709,10
12.9813604355,80.2211227417,36709,36719,10
12.9818296432,80.2214813232,36719,36729,10
12.9823999405,80.2217636108,36729,36739,10
12.9827804565,80.2218933105,36739,36749,10
12.9828195572,80.2219009399,36749,36759,10
12.9829397202,80.2219619751,36759,36769,10
12.9832601547,80.2221679688,36769,36779,10
12.9834098816,80.2222824097,36779,36789,10
12.9837598801,80.2224884033,36789,36800,11
12.9842596054,80.2228088379,36800,36810,10
12.9846897125,80.2230606079,36810,36820,10
12.9850997925,80.2232284546,36820,36830,10
12.9854698181,80.2232513428,36830,36840,10
12.9857501984,80.2230377197,36840,36850,10
12.9861803055,80.2229385376,36850,36860,10
12.986579895,80.2229385376,36860,36870,10
12.986989975,80.2230300903,36870,36880,10
12.9874801636,80.2230606079,36880,36890,10
12.9881296158,80.2228088379,36890,36900,10
12.9887199402,80.2222900391,36900,36911,11
12.9892501831,80.2216796875,36911,36921,10
12.9893198013,80.2216262817,36921,36931,10
12.9894895554,80.2213516235,36931,36941,10
12.9898796082,80.2208480835,36941,36951,10
12.9904298782,80.2203674316,36951,36961,10
12.9906597137,80.2201766968,36961,36971,10
12.9907302856,80.220123291,36971,36981,10
12.9910097122,80.2199172974,36981,36991,10
12.9914102554,80.219619751,36991,37001,10
12.9918203354,80.2193069458,37001,37011,10
12.9923601151,80.2188873291,37011,37022,11
12.9928302765,80.2185516357,37022,37032,10
12.9929599762,80.2184371948,37032,37042,10
12.9933795929,80.2181167603,37042,37052,10
12.9938697815,80.2177810669,37052,37068,16
12.9944801331,80.2173690796,37068,37080,12
12.9947004318,80.2172164917,37080,37090,10
12.9949598312,80.2170410156,37090,37100,10
12.9955701828,80.2167205811,37100,37110,10
12.9962396622,80.2165603638,37110,37120,10
12.9968099594,80.2164611816,37120,37132,12
12.9974803925,80.2161636353,37132,37162,30
12.9974803925,80.2161636353,37162,37172,10
12.9978504181,80.2158279419,37172,37182,10
12.9983596802,80.2154006958,37182,37192,10
12.9989500046,80.2148971558,37192,37202,10
12.9992198944,80.2146682739,37202,37212,10
12.9995698929,80.2143783569,37212,37221,9
13.0,80.214012146,37221,37233,12
13.0006303787,80.2134399414,37233,37243,10
13.0012397766,80.2129516602,37243,37253,10
13.0017995834,80.2125015259,37253,37263,10
13.0022201538,80.2122268677,37263,37273,10
13.0028400421,80.2120437622,37273,37282,9
13.0034503937,80.2120132446,37282,37293,11
13.0040597916,80.2120132446,37293,37303,10
13.0047798157,80.212348938,37303,37313,10
13.0054597855,80.2127532959,37313,37323,10
13.0061702728,80.2128219604,37323,37334,11
13.007060051,80.2127304077,37334,37344,10
13.0075998306,80.2128219604,37344,37364,20
13.0075998306,80.2128219604,37364,37374,10
13.0078697205,80.2130203247,37374,37384,10
13.007900238,80.2130584717,37384,37394,10
13.0080003738,80.2131271362,37394,37404,10
13.0084104538,80.2133102417,37404,37414,10
13.0088396072,80.2137680054,37414,37424,10
13.0093297958,80.2144393921,37424,37434,10
13.0098199844,80.2151184082,37434,37445,11
13.0103597641,80.2158203125,37445,37455,10
13.0107698441,80.2166519165,37455,37465,10
13.0110902786,80.2174377441,37465,37475,10
13.0113296509,80.2181015015,37475,37485,10
13.0117301941,80.2192611694,37485,37495,10
13.0120601654,80.2201690674,37495,37504,9
13.0122900009,80.2208709717,37504,37514,10
13.0125703812,80.221496582,37514,37525,11
13.0128202438,80.2219161987,37525,37535,10
13.0132799149,80.2223892212,37535,37546,11
13.0137395859,80.2229766846,37546,37556,10
13.013999939,80.2233581543,37556,37566,10
13.0141496658,80.2235336304,37566,37576,10
13.0143499374,80.223739624,37576,37586,10
13.0148000717,80.2242431641,37586,37596,10
13.0153398514,80.2248382568,37596,37606,10
13.0154104233,80.2249221802,37606,37616,10
13.01541996,80.224937439,37616,37626,10
13.0157003403,80.2252120972,37626,37636,10
13.0163202286,80.2253570557,37636,37646,10
13.0171298981,80.2250823975,37646,37657,11
13.0180501938,80.2247009277,37657,37667,10
13.0189399719,80.224357605,37667,37677,10
13.0194501877,80.224319458,37677,37697,20
13.0194501877,80.224319458,37697,37707,10
13.019610405,80.2244033813,37707,37717,10
13.0197601318,80.2245025635,37717,37747,30
13.0197601318,80.2245025635,37747,37758,11
13.0199604034,80.2247390747,37758,37768,10
13.0202798843,80.2249679565,37768,37778,10
13.0205402374,80.225151062,37778,37788,10
13.020819664,80.2253265381,37788,37798,10
13.0210399628,80.2255096436,37798,37808,10
13.0211896896,80.2256393433,37808,37818,10
13.0214595795,80.2258834839,37818,37848,30
13.0214595795,80.2258834839,37848,37858,10
13.0218200684,80.2260665894,37858,37869,11
13.02202034,80.2262191772,37869,37879,10
13.0220603943,80.2262496948,37879,37889,10
13.0222997665,80.2264328003,37889,37899,10
13.0224704742,80.2266235352,37899,37909,10
13.0225896835,80.2267303467,37909,37939,30
13.0225896835,80.2267303467,37939,37949,10
13.0228595734,80.2270126343,37949,37959,10
13.0229501724,80.2271118164,37959,37969,10
13.023059845,80.2272109985,37969,37980,11
13.0232400894,80.2274093628,37980,37990,10
13.0235004425,80.2276229858,37990,38000,10
13.0238895416,80.2279434204,38000,38010,10
13.0242300034,80.2282562256,38010,38040,30
13.0242300034,80.2282562256,38040,38050,10
13.0244503021,80.2285919189,38050,38060,10
13.0246200562,80.2288131714,38060,38070,10
13.0247497559,80.2289962769,38070,38081,11
13.0249204636,80.2292480469,38081,38091,10
13.0251998901,80.2295913696,38091,38101,10
13.0254602432,80.2299423218,38101,38111,10
13.0256795883,80.2302398682,38111,38121,10
13.0258398056,80.2305221558,38121,38131,10
13.0259304047,80.2307662964,38131,38141,10
13.0260000229,80.2311096191,38141,38151,10
13.0261201859,80.2313537598,38151,38161,10
13.0265102386,80.2312698364,38161,38171,10
13.0273399353,80.2310409546,38171,38181,10
13.0285301208,80.2308807373,38181,38272,91
13.0286998749,80.2308197021,38272,38292,20
13.0286998749,80.2308197021,38292,38309,17
13.0289001465,80.2308273315,38309,38321,12
13.0292196274,80.2308120728,38321,38331,10
13.0295095444,80.230796814,38331,38340,9
13.0298595428,80.2307891846,38340,38391,51
13.0301399231,80.2307891846,38391,38412,21
13.0301399231,80.2307891846,38412,38423,11
13.0303297043,80.230758667,38423,38433,10
13.030500412,80.230758667,38433,38443,10
13.0307598114,80.2307434082,38443,38453,10
13.0312700272,80.230682373,38453,38463,10
13.0319404602,80.2306213379,38463,38473,10
13.0328798294,80.2305603027,38473,38493,20
13.0328798294,80.2305603027,38493,38503,10
13.0331602097,80.2305374146,38503,38524,21
13.0331602097,80.2305374146,38524,38534,10
13.0334100723,80.2304916382,38534,38544,10
13.0338201523,80.2304763794,38544,38554,10
13.0342502594,80.2304534912,38554,38564,10
13.0347604752,80.2302703857,38564,38604,40
13.0347604752,80.2302703857,38604,38615,11
13.0349397659,80.2301177979,38615,38625,10
13.0350198746,80.2300415039,38625,38635,10
13.0350799561,80.2298583984,38635,38645,10
13.0347499847,80.2297973633,38645,38661,16
13.0341997147,80.2299499512,38661,38885,224
13.0341997147,80.2299499512,38885,38895,10
13.0341596603,80.230178833,38895,38925,30
13.0343599319,80.2302474976,38925,39117,192
13.0343599319,80.2302474976,39117,39127,10
13.0340995789,80.2304229736,39127,39137,10
13.0340099335,80.23046875,39137,39148,11
13.0337495804,80.2304382324,39148,39158,10
13.0332698822,80.2304382324,39158,39168,10
13.0326595306,80.2304992676,39168,39178,10
13.0322303772,80.2305526733,39178,39188,10
13.0316801071,80.2305908203,39188,39198,10
13.0311203003,80.2306289673,39198,39208,10
13.0306501389,80.2306594849,39208,39218,10
13.0301303864,80.2307128906,39218,39228,10
13.0296096802,80.2307815552,39228,39238,10
13.0291099548,80.2308807373,39238,39248,10
13.0284204483,80.2309265137,39248,39259,11
13.0281801224,80.2309494019,39259,39269,10
13.0278196335,80.23097229,39269,39279,10
13.0276603699,80.2312164307,39279,39289,10
13.0277395248,80.2317504883,39289,39299,10
13.0277900696,80.232208252,39299,39360,61
13.0277900696,80.232208252,39360,39370,10
13.0277700424,80.2324676514,39370,39380,10
13.0278396606,80.2326965332,39380,39390,10
13.0277204514,80.2328262329,39390,39400,10
13.0274801254,80.2328720093,39400,39410,10
13.0272197723,80.2329177856,39410,39420,10
13.0269804001,80.232963562,39420,39430,10
13.0267696381,80.2329711914,39430,39440,10
13.0264797211,80.2329788208,39440,39450,10
13.0262699127,80.2325820923,39450,39460,10
13.0260696411,80.2318496704,39460,39471,11
13.0258197784,80.2309112549,39471,39481,10
13.0253801346,80.2300796509,39481,39491,10
13.0250396729,80.2296066284,39491,39501,10
13.0247802734,80.2292785645,39501,39511,10
13.0245199203,80.2289428711,39511,39521,10
13.0241203308,80.2284393311,39521,39531,10
13.0237398148,80.2279815674,39531,39541,10
13.0233802795,80.2276306152,39541,39551,10
13.0231599808,80.2275238037,39551,39571,20
13.0231599808,80.2275238037,39571,39582,11
13.0228300095,80.2272415161,39582,39592,10
13.0225696564,80.2268218994,39592,39602,10
13.0219802856,80.2263183594,39602,39612,10
13.0212697983,80.2257537842,39612,39622,10
13.0206403732,80.2252807617,39622,39632,10
13.0199804306,80.2248535156,39632,39642,10
13.0193395615,80.2245101929,39642,39652,10
13.0185403824,80.2245788574,39652,39662,10
13.0178098679,80.224899292,39662,39672,10
13.0170497894,80.2251968384,39672,39683,11
13.0165996552,80.225402832,39683,39713,30
13.0165996552,80.225402832,39713,39723,10
13.0163402557,80.2254867554,39723,39733,10
13.0159397125,80.2256088257,39733,39743,10
13.0154695511,80.2257385254,39743,39753,10
13.0151700974,80.2258682251,39753,39763,10
13.0149803162,80.2259063721,39763,39773,10
13.0148696899,80.2259292603,39773,39783,10
13.0145597458,80.22605896,39783,39794,11
13.0141601563,80.2261581421,39794,39804,10
13.0141000748,80.2254867554,39804,39932,128
13.0141000748,80.2254867554,39932,39943,11
13.014169693,80.2253799438,39943,39953,10
13.0143404007,80.2253036499,39953,39963,10
13.0142202377,80.2257766724,39963,39973,10
13.0142002106,80.2261734009,39973,39983,10
13.0142002106,80.2261962891,39983,39993,10
13.0141601563,80.22631073,39993,40004,11
13.0136995316,80.2264404297,40004,40014,10
13.0130195618,80.2266769409,40014,40024,10
13.0122404099,80.2269821167,40024,40034,10
13.0113401413,80.2273178101,40034,40044,10
13.0103797913,80.2276992798,40044,40054,10
13.0096101761,80.2278671265,40054,40064,10
13.0096197128,80.2272720337,40064,40074,10
13.0099601746,80.2265319824,40074,40084,10
13.0103998184,80.2255706787,40084,40094,10
13.010840416,80.2246398926,40094,40104,10
13.0112600327,80.2236175537,40104,40125,21
13.0112600327,80.2236175537,40125,40135,10
13.0114402771,80.2232284546,40135,40145,10
13.0116901398,80.2225723267,40145,40155,10
13.0120296478,80.2217636108,40155,40165,10
13.0122098923,80.2211303711,40165,40175,10
13.0120096207,80.2205581665,40175,40185,10
13.011759758,80.2198867798,40185,40195,10
13.0114202499,80.2188262939,40195,40205,10
13.0110797882,80.2179412842,40205,40215,10
13.0107603073,80.2171325684,40215,40225,10
13.0104398727,80.2163772583,40225,40236,11
13.010140419,80.2158813477,40236,40246,10
13.009759903,80.2151184082,40246,40256,10
13.0093297958,80.2145614624,40256,40266,10
13.0088300705,80.2138824463,40266,40276,10
13.0083198547,80.2133789063,40276,40296,20
13.0083198547,80.2133789063,40296,40306,10
13.0081195831,80.2132568359,40306,40347,41
13.0081195831,80.2132568359,40347,40357,10
13.0077400208,80.2130126953,40357,40367,10
13.0073604584,80.2128372192,40367,40377,10
13.0067396164,80.2127609253,40377,40387,10
13.0060195923,80.2129364014,40387,40397,10
13.0054798126,80.2128295898,40397,40407,10
13.0046796799,80.2123718262,40407,40417,10
13.0037202835,80.2121124268,40417,40427,10
13.0030002594,80.2121200562,40427,40438,11
13.0025997162,80.2121429443,40438,40448,10
13.0023202896,80.2122192383,40448,40458,10
13.0018796921,80.2124404907,40458,40468,10
13.00137043,80.2128219604,40468,40478,10
13.0008497238,80.213218689,40478,40488,10
13.0003595352,80.2136535645,40488,40498,10
12.9998397827,80.2141113281,40498,40508,10
12.9995002747,80.2144165039,40508,40518,10
12.9991197586,80.2147216797,40518,40528,10
12.9987802505,80.2150421143,40528,40539,11
12.9981899261,80.2155838013,40539,40549,10
12.9975795746,80.2160873413,40549,40559,10
12.997469902,80.216178894,40559,40569,10
12.9972400665,80.2164306641,40569,40579,10
12.9967803955,80.216506958,40579,40589,10
12.9960603714,80.2166595459,40589,40599,10
12.995300293,80.2169036865,40599,40609,10
12.9947099686,80.2172927856,40609,40619,10
12.9940700531,80.2177276611,40619,40629,10
12.9933900833,80.2182235718,40629,40639,10
12.9926595688,80.2187423706,40639,40650,11
12.9917497635,80.2194213867,40650,40660,10
12.9907197952,80.2201766968,40660,40680,20
12.9907197952,80.2201766968,40680,40690,10
12.9904298782,80.2204208374,40690,40700,10
12.9900102615,80.2208175659,40700,40710,10
12.9894304276,80.2214584351,40710,40720,10
12.9890298843,80.2219467163,40720,40730,10
12.988650322,80.2223815918,40730,40746,16
12.9876098633,80.2230911255,40746,40759,13
12.9871196747,80.2230606079,40759,40769,10
12.9869403839,80.2230300903,40769,40779,10
12.9864301682,80.2229614258,40779,40789,10
12.9857597351,80.2230377197,40789,40799,10
12.9855298996,80.2232437134,40799,40809,10
12.9851903915,80.2232589722,40809,40818,9
12.984749794,80.2231216431,40818,40829,11
12.9840698242,80.2227020264,40829,40839,10
12.9835796356,80.2224197388,40839,40849,10
12.9833402634,80.2222595215,40849,40870,21
12.9833402634,80.2222595215,40870,40880,10
12.9829702377,80.2220077515,40880,40910,30
12.9829702377,80.2220077515,40910,40920,10
12.9825401306,80.2218322754,40920,40930,10
12.9820604324,80.2216567993,40930,40940,10
12.9814500809,80.2213287354,40940,40950,10
12.9806995392,80.2211074829,40950,40960,10
12.9799995422,80.2211380005,40960,40971,11
12.9791202545,80.2211685181,40971,40981,10
12.9782896042,80.2211990356,40981,40991,10
12.977640152,80.2212600708,40991,41001,10
12.9771604538,80.2212600708,41001,41011,10
12.9765195847,80.2212600708,41011,41021,10
12.9762496948,80.2212600708,41021,41031,10
12.976099968,80.2213287354,41031,41041,10
12.975979805,80.2213668823,41041,41051,10
12.9756803513,80.2211074829,41051,41071,20
12.9756803513,80.2211074829,41071,41082,11
12.9755601883,80.2210235596,41082,41092,10
12.9753904343,80.2208404541,41092,41102,10
12.9751501083,80.220703125,41102,41118,16
12.9742698669,80.2203521729,41118,41130,12
12.973449707,80.2200012207,41130,41138,8
12.9728097916,80.2197570801,41138,41150,12
12.9717302322,80.2193222046,41150,41161,11
12.9711303711,80.2191696167,41161,41171,10
12.9710998535,80.2191467285,41171,41181,10
12.9707298279,80.2189788818,41181,41191,10
12.9700899124,80.2186965942,41191,41202,11
12.9694004059,80.2184066772,41202,41212,10
12.9687299728,80.2181472778,41212,41222,10
12.9680299759,80.2178726196,41222,41232,10
12.9673099518,80.217590332,41232,41242,10
12.9664802551,80.2172622681,41242,41252,10
12.965760231,80.2169723511,41252,41262,10
12.9645700455,80.2164916992,41262,41272,10
12.9636602402,80.2161102295,41272,41282,10
12.9628601074,80.2157287598,41282,41293,11
12.9617395401,80.2152862549,41293,41303,10
12.9606399536,80.2148590088,41303,41313,10
12.9595403671,80.2144317627,41313,41323,10
12.9574699402,80.2135772705,41323,41333,10
12.9574699402,80.2135772705,41333,41343,10
12.956489563,80.213180542,41343,41353,10
12.9554700851,80.2128067017,41353,41363,10
12.9544000626,80.2123794556,41363,41373,10
12.953379631,80.2119827271,41373,41383,10
12.9523601532,80.2115783691,41383,41393,10
12.9513301849,80.2111816406,41393,41405,12
12.9501695633,80.2107315063,41405,41415,10
12.9493398666,80.2104110718,41415,41425,10
12.9486303329,80.2101364136,41425,41435,10
12.9480104446,80.2098922729,41435,41445,10
12.9473800659,80.2096099854,41445,41455,10
12.946390152,80.2092285156,41455,41465,10
12.9454298019,80.2088470459,41465,41475,10
12.944609642,80.2085113525,41475,41485,10
12.944270134,80.2083816528,41485,41495,10
12.9442501068,80.2083587646,41495,41506,11
12.9438800812,80.2082138062,41506,41516,10
12.9433298111,80.2079696655,41516,41525,9
12.9428300858,80.2075119019,41525,41536,11
12.9422998428,80.2069091797,41536,41546,10
12.9416704178,80.2063980103,41546,41556,10
12.9410896301,80.2060623169,41556,41566,10
12.9409198761,80.205947876,41566,41576,10
12.940369606,80.2057571411,41576,41586,10
12.9396295547,80.2055435181,41586,41596,10
12.9387903214,80.2052764893,41596,41606,10
12.9379796982,80.2050476074,41606,41617,11
12.9370803833,80.204788208,41617,41627,10
12.936340332,80.2045669556,41627,41637,10
12.9360599518,80.2045135498,41637,41647,10
12.9358301163,80.2044525146,41647,41657,10
12.9353399277,80.2042236328,41657,41667,10
12.9346704483,80.2040100098,41667,41677,10
12.9339799881,80.2039489746,41677,41687,10
12.9337997437,80.2039489746,41687,41697,10
12.9336395264,80.2039413452,41697,41707,10
12.9331502914,80.2038421631,41707,41717,10
12.9325399399,80.2035827637,41717,41728,11
12.9317998886,80.203338623,41728,41738,10
12.9310598373,80.2030792236,41738,41748,10
12.9303798676,80.2029037476,41748,41758,10
12.9296197891,80.2028121948,41758,41768,10
12.929479599,80.2027893066,41768,41778,10
12.9293403625,80.2027511597,41778,41788,10
12.9288196564,80.2026672363,41788,41798,10
12.9285001755,80.2022628784,41798,41808,10
12.9284801483,80.2015991211,41808,41818,10
12.9284496307,80.2009887695,41818,41829,11
12.9283800125,80.2001266479,41829,41839,10
12.9281101227,80.1992111206,41839,41849,10
12.9276599884,80.1983566284,41849,41859,10
12.9269199371,80.1977920532,41859,41869,10
12.9261198044,80.1975402832,41869,41879,10
12.9255504608,80.197517395,41879,41889,10
12.9253997803,80.197517395,41889,41899,10
12.9250402451,80.1975097656,41899,41909,10
12.9244003296,80.1975097656,41909,41919,10
12.9236297607,80.1974868774,41919,41929,10
12.922829628,80.1973724365,41929,41940,11
12.9219303131,80.1972427368,41940,41950,10
12.9213104248,80.1970367432,41950,41960,10
12.9209699631,80.1968994141,41960,41970,10
12.9206495285,80.1967926025,41970,41980,10
12.9202203751,80.1966400146,41980,41990,10
12.9195995331,80.1964035034,41990,42000,10
12.9190702438,80.1960525513,42000,42010,10
12.9188299179,80.1958618164,42010,42020,10
12.9185400009,80.1956100464,42020,42030,10
12.9182195663,80.1953201294,42030,42041,11
12.9177503586,80.1949081421,42041,42051,10
12.9173202515,80.194480896,42051,42061,10
12.917090416,80.1941680908,42061,42071,10
12.9169998169,80.1937408447,42071,42081,10
12.9170398712,80.1931533813,42081,42091,10
12.9171104431,80.1926422119,42091,42101,10
12.9171495438,80.1922988892,42101,42111,10
12.9172096252,80.1921005249,42111,42121,10
12.91726017,80.1915893555,42121,42131,10
12.9173002243,80.1913528442,42131,42141,10
12.9173297882,80.1912384033,42141,42152,11
12.9173603058,80.1911315918,42152,42162,10
12.9174003601,80.1906585693,42162,42172,10
12.9174203873,80.1901779175,42172,42182,10
12.9175901413,80.1895217896,42182,42192,10
12.9179897308,80.1887664795,42192,42202,10
12.9185695648,80.1881027222,42202,42212,10
12.9189596176,80.1876831055,42212,42222,10
12.9194297791,80.1871566772,42222,42232,10
12.9199800491,80.1865005493,42232,42242,10
12.9205598831,80.185798645,42242,42252,10
12.9204797745,80.1849365234,42252,42263,11
12.9202404022,80.1839370728,42263,42273,10
12.9200201035,80.1829833984,42273,42283,10
12.9199304581,80.1825714111,42283,42299,16
12.9198598862,80.182182312,42299,42311,12
12.9197397232,80.181640625,42311,42319,8
12.9196596146,80.1812286377,42319,42331,12
12.9194803238,80.1804199219,42331,42341,10
12.9192304611,80.1794586182,42341,42351,10
12.9187002182,80.1786804199,42351,42362,11
12.9181804657,80.1778335571,42362,42372,10
12.9182901382,80.1769104004,42372,42382,10
12.9184799194,80.1759796143,42382,42392,10
12.9187602997,80.174949646,42392,42402,10
12.9190196991,80.1738433838,42402,42412,10
12.9193201065,80.1727371216,42412,42422,10
12.9195804596,80.1717071533,42422,42432,10
12.9198999405,80.170753479,42432,42442,10
12.9202404022,80.1696395874,42442,42452,10
12.9205799103,80.168548584,42452,42462,10
12.9208498001,80.1677703857,42462,42473,11
12.9211101532,80.1669235229,42473,42483,10
12.9214296341,80.1659393311,42483,42493,10
12.9217700958,80.1648788452,42493,42503,10
12.9220895767,80.1638183594,42503,42513,10
12.9224004745,80.1628112793,42513,42523,10
12.9226198196,80.162109375,42523,42533,10
12.9228696823,80.1613464355,42533,42543,10
12.9231100082,80.1605987549,42543,42553,10
12.9232997894,80.1598434448,42553,42563,10
12.9234199524,80.1588287354,42563,42573,10
12.9235296249,80.1577606201,42573,42584,11
12.9236097336,80.1567001343,42584,42594,10
12.9236097336,80.1557388306,42594,42604,10
12.9234399796,80.1551818848,42604,42614,10
12.9234304428,80.1550827026,42614,42624,10
12.9233198166,80.1546783447,42624,42633,9
12.9231996536,80.1541671753,42633,42644,11
12.9231004715,80.1537780762,42644,42654,10
12.9230804443,80.1536178589,42654,42664,10
12.9229698181,80.1531982422,42664,42674,10
12.9226903915,80.1521530151,42674,42695,21
12.9226903915,80.1521530151,42695,42705,10
12.922659874,80.1519775391,42705,42715,10
12.9226303101,80.1516189575,42715,42725,10
12.9226303101,80.1510162354,42725,42735,10
12.9226102829,80.1501693726,42735,42745,10
12.9225997925,80.1493301392,42745,42755,10
12.9225797653,80.1484680176,42755,42765,10
12.9225797653,80.1477432251,42765,42775,10
12.9225702286,80.1473083496,42775,42785,10
12.9225502014,80.1466369629,42785,42796,11
12.9225301743,80.1456604004,42796,42806,10
12.9225196838,80.1446609497,42806,42816,10
12.9224796295,80.1436920166,42816,42826,10
12.9224596024,80.1430282593,42826,42836,10
12.9224596024,80.1425018311,42836,42846,10
12.922419548,80.1417236328,42846,42876,30
12.922419548,80.1417236328,42876,42886,10
12.9224395752,80.1414718628,42886,42897,11
12.922419548,80.1409301758,42897,42907,10
12.9224300385,80.1403503418,42907,42917,10
12.9224100113,80.1396179199,42917,42927,10
12.9224395752,80.1387863159,42927,42937,10
12.9225101471,80.1380004883,42937,42947,10
12.9225196838,80.1370315552,42947,42957,10
12.9225597382,80.1360168457,42957,42967,10
12.9225797653,80.1351394653,42967,42977,10
12.9226102829,80.1344223022,42977,42987,10
12.9226303101,80.1336364746,42987,42997,10
12.9226799011,80.1328277588,42997,43007,10
12.9226903915,80.132019043,43007,43024,17
12.9227104187,80.1313781738,43024,43036,12
12.9227399826,80.1308898926,43036,43044,8
12.9227800369,80.1304397583,43044,43056,12
12.9228096008,80.1298370361,43056,43066,10
12.9228696823,80.1290969849,43066,43076,10
12.9229297638,80.1283798218,43076,43086,10
12.9229402542,80.1277923584,43086,43095,9
12.9229402542,80.1270904541,43095,43106,11
12.922949791,80.126159668,43106,43117,11
12.9229898453,80.1252365112,43117,43127,10
12.9230203629,80.1243286133,43127,43137,10
12.9230604172,80.123298645,43137,43147,10
12.9231100082,80.122177124,43147,43157,10
12.9231700897,80.1210784912,43157,43167,10
12.9232196808,80.1205062866,43167,43187,20
12.9232196808,80.1205062866,43187,43197,10
12.9232997894,80.1203613281,43197,43207,10
12.9233198166,80.1198577881,43207,43217,10
12.9233198166,80.1190490723,43217,43228,11
12.9233198166,80.118309021,43228,43238,10
12.9234600067,80.1171112061,43238,43264,26
12.9234600067,80.1171112061,43264,43276,12
12.9234695435,80.1169204712,43276,43286,10
12.923500061,80.1168289185,43286,43296,10
12.9235801697,80.1170196533,43296,43306,10
12.9235200882,80.1173782349,43306,43316,10
12.9235801697,80.1178588867,43316,43326,10
12.9234800339,80.1184616089,43326,43337,11
12.9234104156,80.1192703247,43337,43347,10
12.923330307,80.1198883057,43347,43357,10
12.9233598709,80.1201629639,43357,43367,10
12.9232997894,80.1204833984,43367,43377,10
12.9233198166,80.1210632324,43377,44285,908
12.9233198166,80.1210632324,44285,44296,11
12.9232797623,80.1212615967,44296,44306,10
12.9232501984,80.12159729,44306,44316,10
12.923210144,80.122177124,44316,44326,10
12.9231796265,80.1229400635,44326,44336,10
12.9231595993,80.1237182617,44336,44346,10
12.923119545,80.1246032715,44346,44356,10
12.9230499268,80.1255264282,44356,44366,10
12.9230203629,80.1259384155,44366,44376,10
12.9229898453,80.1264038086,44376,44386,10
12.9229602814,80.1270904541,44386,44396,10
12.9229202271,80.1277770996,44396,44407,11
12.9228696823,80.1285171509,44407,44417,10
12.9228200912,80.1292190552,44417,44427,10
12.9227800369,80.1299209595,44427,44437,10
12.9227600098,80.1305389404,44437,44447,10
12.9227600098,80.1311416626,44447,44457,10
12.9227399826,80.1312484741,44457,44467,10
12.9227199554,80.1316604614,44467,44477,10
12.9226999283,80.1324005127,44477,44487,10
12.9226503372,80.1332473755,44487,44497,10
12.9226198196,80.1342315674,44497,44508,11
12.9225797653,80.1352005005,44508,44518,10
12.922539711,80.1361083984,44518,44527,9
12.9224996567,80.1369781494,44527,44538,11
12.9224395752,80.1380233765,44538,44548,10
12.922369957,80.1389389038,44548,44558,10
12.9223604202,80.1398773193,44558,44567,9
12.9223899841,80.1406097412,44567,44578,11
12.9224100113,80.1416015625,44578,44588,10
12.922419548,80.1425094604,44588,44598,10
12.9224796295,80.1429672241,44598,44639,41
12.9224796295,80.1429672241,44639,44649,10
12.9224596024,80.1432495117,44649,44659,10
12.9224996567,80.1436462402,44659,44669,10
12.9224996567,80.143699646,44669,44679,10
12.9224796295,80.1438903809,44679,44689,10
12.9224796295,80.1443405151,44689,44699,10
12.9224996567,80.145072937,44699,44709,10
12.9225702286,80.1460571289,44709,44720,11
12.9225997925,80.1471862793,44720,44730,10
12.9226198196,80.1473770142,44730,44740,10
12.9226102829,80.1475219727,44740,44750,10
12.9225997925,80.1479187012,44750,44760,10
12.9225797653,80.1486282349,44760,44770,10
12.9226303101,80.1495819092,44770,44780,10
12.922659874,80.1506118774,44780,44790,10
12.9227104187,80.1515274048,44790,44800,10
12.9227800369,80.1522979736,44800,44810,10
12.9230003357,80.1532516479,44810,44820,10
12.9232597351,80.1542434692,44820,44831,11
12.9233999252,80.1547012329,44831,44841,10
12.9234199524,80.154838562,44841,44851,10
12.9235200882,80.1553421021,44851,44861,10
12.9236698151,80.1561508179,44861,44871,10
12.9235897064,80.1571502686,44871,44881,10
12.923500061,80.1581726074,44881,44891,10
12.9233999252,80.1592407227,44891,44901,10
12.9232997894,80.1602783203,44901,44911,10
12.9232501984,80.1604995728,44911,44921,10
12.9231595993,80.1607284546,44921,44932,11
12.9229297638,80.1613998413,44932,44942,10
12.922659874,80.1622467041,44942,44952,10
12.9223299026,80.163192749,44952,44962,10
12.9220199585,80.1641769409,44962,44972,10
12.92166996,80.1651763916,44972,44982,10
12.9213104248,80.1663131714,44982,44992,10
12.9209403992,80.1673583984,44992,45002,10
12.9206199646,80.1684188843,45002,45012,10
12.9203100204,80.1694412231,45012,45022,10
12.919960022,80.1705780029,45022,45032,10
12.9198703766,80.1709976196,45032,45043,11
12.9198198318,80.1712188721,45043,45053,10
12.9196596146,80.1717071533,45053,45063,10
12.9194898605,80.1724700928,45063,45073,10
12.9192304611,80.1733627319,45073,45083,10
12.9189596176,80.174407959,45083,45093,10
12.9187097549,80.1755371094,45093,45103,10
12.9184303284,80.1765899658,45103,45113,10
12.9182500839,80.1775970459,45113,45123,10
12.9186897278,80.1785736084,45123,45133,10
12.9192695618,80.1794509888,45133,45143,10
12.9195404053,80.180557251,45143,45154,11
12.9197702408,80.1817169189,45154,45164,10
12.9200000763,80.1827774048,45164,45174,10
12.9202604294,80.1838912964,45174,45204,30
12.9202604294,80.1838912964,45204,45214,10
12.9203100204,80.1841430664,45214,45224,10
12.920419693,80.1846084595,45224,45234,10
12.9205999374,80.1852264404,45234,45244,10
12.9206199646,80.1853408813,45244,45255,11
12.9206600189,80.1856613159,45255,45265,10
12.9204101563,80.1861724854,45265,45275,10
12.9198799133,80.1867523193,45275,45285,10
12.9193201065,80.1873779297,45285,45295,10
12.9190301895,80.1877212524,45295,45305,10
12.9187498093,80.188041687,45305,45315,10
12.9182796478,80.1885223389,45315,45325,10
12.9177999496,80.189163208,45325,45335,10
12.9174900055,80.1899795532,45335,45345,10
12.9174003601,80.1907577515,45345,45355,10
12.9173202515,80.1915664673,45355,45366,11
12.9172096252,80.1924972534,45366,45376,10
12.9171199799,80.193069458,45376,45386,10
12.9171199799,80.1930770874,45386,45396,10
12.9170799255,80.1931610107,45396,45406,10
12.9170198441,80.1935577393,45406,45416,10
12.9171800613,80.194190979,45416,45426,10
12.9176702499,80.194770813,45426,45436,10
12.9182596207,80.1953277588,45436,45446,10
12.9188499451,80.1958770752,45446,45456,10
12.9195098877,80.1963577271,45456,45466,10
12.9202699661,80.196647644,45466,45477,11
12.9210996628,80.1969223022,45477,45493,16
12.9223804474,80.197303772,45493,45505,12
12.9231700897,80.1974029541,45505,45515,10
12.9233198166,80.1974182129,45515,45525,10
12.9237298965,80.197479248,45525,45535,10
12.9244098663,80.197479248,45535,45545,10
12.9252195358,80.1974716187,45545,45555,10
12.9255104065,80.1974563599,45555,45565,10
12.926150322,80.1975097656,45565,45576,11
12.9270000458,80.197807312,45576,45586,10
12.9276304245,80.1983032227,45586,45596,10
12.9280700684,80.1990737915,45596,45606,10
12.9284095764,80.2001037598,45606,45616,10
12.9284696579,80.2011795044,45616,45626,10
12.9285202026,80.2019500732,45626,45636,10
12.928730011,80.2025985718,45636,45646,10
12.9293899536,80.2027130127,45646,45656,10
12.9295902252,80.2027664185,45656,45666,10
12.9301395416,80.2028427124,45666,45676,10
12.9308395386,80.2029418945,45676,45687,11
12.9315099716,80.2031784058,45687,45697,10
12.9323101044,80.2034378052,45697,45707,10
12.9329500198,80.2036514282,45707,45717,10
12.9333600998,80.2038116455,45717,45727,10
12.9339504242,80.2038803101,45727,45737,10
12.9340200424,80.2039031982,45737,45747,10
12.9343700409,80.2039413452,45747,45757,10
12.9349098206,80.2040100098,45757,45767,10
12.9356002808,80.2043228149,45767,45777,10
12.9364995956,80.2045898438,45777,45788,11
12.9374303818,80.2048492432,45788,45798,10
12.9378995895,80.2049865723,45798,45808,10
12.9384403229,80.2051391602,45808,45818,10
12.939040184,80.2053222656,45818,45828,10
12.9396600723,80.2055130005,45828,45838,10
12.9399900436,80.2056121826,45838,45848,10
12.9401197433,80.2056427002,45848,45858,10
12.9406204224,80.2058029175,45858,45868,10
12.9413003922,80.2061004639,45868,45878,10
12.9418802261,80.2064819336,45878,45888,10
12.9423398972,80.2068786621,45888,45899,11
12.9428901672,80.2074813843,45899,45909,10
12.9433403015,80.2079772949,45909,45919,10
12.9440402985,80.2082672119,45919,45929,10
12.9443397522,80.208366394,45929,45939,10
12.9443998337,80.2083969116,45939,45949,10
12.9447803497,80.2085418701,45949,45965,16
12.9458398819,80.2089385986,45965,45977,12
12.9466104507,80.2092437744,45977,45985,8
12.9470100403,80.2093963623,45985,45997,12
12.9476203918,80.2096405029,45997,46008,11
12.9482803345,80.2099075317,46008,46018,10
12.9490003586,80.2101821899,46018,46028,10
12.9499797821,80.2105636597,46028,46038,10
12.9510803223,80.2109985352,46038,46048,10
12.9520597458,80.2113876343,46048,46058,10
12.9530000687,80.2117462158,46058,46068,10
12.9539299011,80.2121200562,46068,46078,10
12.9548797607,80.2125015259,46078,46088,10
12.955789566,80.212852478,46088,46098,10
12.9566402435,80.2131576538,46098,46109,11
12.9577302933,80.2136230469,46109,46119,10
12.9588098526,80.2140579224,46119,46129,10
12.9596204758,80.2143783569,46129,46139,10
12.9603395462,80.2146835327,46139,46149,10
12.9611501694,80.2150115967,46149,46159,10
12.9619703293,80.2153167725,46159,46169,10
12.9627399445,80.2156295776,46169,46179,10
12.9634799957,80.2159194946,46179,46189,10
12.9642095566,80.2162322998,46189,46199,10
12.9650297165,80.216583252,46199,46209,10
12.9659004211,80.2169189453,46209,46219,10
12.9666795731,80.2172164917,46219,46230,11
12.96737957,80.2174987793,46230,46240,10
12.9678497314,80.2176895142,46240,46250,10
12.9683599472,80.2178878784,46250,46260,10
12.9690599442,80.2181472778,46260,46270,10
12.9698696136,80.218460083,46270,46280,10
12.970700264,80.2188034058,46280,46290,10
12.9711198807,80.218963623,46290,46300,10
12.9712400436,80.21900177,46300,46310,10
12.9716701508,80.2191772461,46310,46320,10
12.9721603394,80.2193908691,46320,46331,11
12.9727296829,80.2195892334,46331,46341,10
12.9733400345,80.219833374,46341,46351,10
12.97397995,80.2201080322,46351,46361,10
12.9746999741,80.2204818726,46361,46381,20
12.9746999741,80.2204818726,46381,46391,10
12.9748802185,80.2205123901,46391,46401,10
12.9749698639,80.2205429077,46401,46411,10
12.9750900269,80.2206420898,46411,46421,10
12.9755001068,80.2208023071,46421,46442,21
12.9755001068,80.2208023071,46442,46451,9
12.9756097794,80.2209396362,46451,46462,11
12.9757604599,80.2211303711,46462,46472,10
12.9759597778,80.2212600708,46472,46482,10
12.9759702682,80.2212600708,46482,46492,10
12.9761199951,80.2212524414,46492,46502,10
12.9765396118,80.2212371826,46502,46512,10
12.9771203995,80.2212295532,46512,46522,10
12.9778795242,80.2211685181,46522,46532,10
12.9785299301,80.2211227417,46532,46543,11
12.9791297913,80.2210693359,46543,46553,10
12.9796695709,80.2210464478,46553,46563,10
12.9801998138,80.2210083008,46563,46573,10
12.9808397293,80.2209777832,46573,46583,10
12.9812402725,80.2210998535,46583,46593,10
12.9816799164,80.2213516235,46593,46603,10
12.9820203781,80.2216415405,46603,46613,10
12.9823598862,80.2217712402,46613,46623,10
12.9827899933,80.2218704224,46623,46639,16
12.9829502106,80.2219772339,46639,46652,13
12.9833202362,80.2221984863,46652,46662,10
12.9836597443,80.222442627,46662,46672,10
12.9841499329,80.2227325439,46672,46682,10
12.9845895767,80.2229766846,46682,46692,10
12.9852104187,80.2232131958,46692,46702,10
12.9857702255,80.2229385376,46702,46712,10
12.9863700867,80.2229232788,46712,46722,10
12.986700058,80.2229614258,46722,46732,10
12.9869203568,80.2229995728,46732,46742,10
12.9870996475,80.2230300903,46742,46753,11
12.9873800278,80.2230377197,46753,46763,10
12.987830162,80.2229919434,46763,46773,10
12.988360405,80.222618103,46773,46783,10
12.9889001846,80.2220993042,46783,46793,10
12.9893398285,80.2215881348,46793,46803,10
12.9896802902,80.2210922241,46803,46813,10
12.9905195236,80.2203063965,46813,46833,20
12.9905195236,80.2203063965,46833,46843,10
12.9907903671,80.2200927734,46843,46853,10
12.9912595749,80.2197418213,46853,46864,11
12.991809845,80.2193527222,46864,46874,10
12.9923095703,80.2189788818,46874,46884,10
12.9929199219,80.2185516357,46884,46894,10
12.9935598373,80.2180023193,46894,46904,10
12.9941196442,80.2176132202,46904,46914,10
12.9943799973,80.2174377441,46914,46924,10
12.9944200516,80.2174224854,46924,46934,10
12.9945898056,80.2173309326,46934,46950,16
12.9946804047,80.2172622681,46950,46962,12
12.9949302673,80.2171020508,46962,46971,9
12.9952602386,80.2168731689,46971,46983,12
12.9960298538,80.2166290283,46983,46993,10
12.9968004227,80.2164993286,46993,47002,9
12.9974899292,80.2161483765,47002,47023,21
12.9974899292,80.2161483765,47023,47033,10
12.9975996017,80.2160873413,47033,47043,10
12.9979095459,80.2157974243,47043,47053,10
12.9984102249,80.2153701782,47053,47063,10
12.99903965,80.2148208618,47063,47074,11
12.999329567,80.2145614624,47074,47084,10
12.9997797012,80.2142028809,47084,47094,10
13.000289917,80.213760376,47094,47104,10
13.0007095337,80.2133789063,47104,47114,10
13.0014400482,80.2128067017,47114,47124,10
13.0020503998,80.2123565674,47124,47134,10
13.0026197433,80.2121429443,47134,47144,10
13.0032396317,80.2120819092,47144,47154,10
13.0037899017,80.2119903564,47154,47164,10
13.0043697357,80.2121582031,47164,47174,10
13.004989624,80.2124786377,47174,47185,11
13.0058403015,80.212890625,47185,47195,10
13.0064601898,80.2127227783,47195,47205,10
13.0071601868,80.2127685547,47205,47214,9
13.0076999664,80.2128982544,47214,47235,21
13.0078401566,80.2130584717,47235,47255,20
13.0078401566,80.2130584717,47255,47265,10
13.0081195831,80.2132263184,47265,47275,10
13.0085601807,80.2134170532,47275,47286,11
13.0090303421,80.2140808105,47286,47296,10
13.0094995499,80.2147598267,47296,47306,10
13.0097503662,80.2150878906,47306,47316,10
13.0100402832,80.2154769897,47316,47326,10
13.0105199814,80.2160873413,47326,47336,10
13.0107698441,80.2167816162,47336,47346,10
13.0111303329,80.2175216675,47346,47356,10
13.0114202499,80.2183609009,47356,47366,10
13.0117397308,80.2193222046,47366,47375,9
13.0120096207,80.2201766968,47375,47386,11
13.0123901367,80.2211380005,47386,47397,11
13.0127096176,80.2218399048,47397,47407,10
13.0131397247,80.2222671509,47407,47417,10
13.0134496689,80.2226333618,47417,47427,10
13.0137395859,80.2229995728,47427,47437,10
13.013999939,80.2233581543,47437,47447,10
13.0141201019,80.2235031128,47447,47457,10
13.014380455,80.2237014771,47457,47466,9
13.0148496628,80.2243118286,47466,47478,12
13.0153198242,80.224861145,47478,47488,10
13.0153198242,80.2248687744,47488,47499,11
13.0154495239,80.2249832153,47499,47509,10
13.0157604218,80.2252578735,47509,47519,10
13.0164699554,80.2252807617,47519,47529,10
13.0172195435,80.2250137329,47529,47539,10
13.0180501938,80.2246780396,47539,47549,10
13.0189304352,80.2243499756,47549,47559,10
13.0194101334,80.224357605,47559,47569,10
13.0196199417,80.2244491577,47569,47579,10
13.0198097229,80.224571228,47579,47589,10
13.020070076,80.2247467041,47589,47599,10
13.0204601288,80.2250289917,47599,47610,11
13.0208101273,80.2253112793,47610,47620,10
13.0211896896,80.2256011963,47620,47630,10
13.0217695236,80.2260131836,47630,47640,10
13.0219497681,80.2261276245,47640,47650,10
13.0221099854,80.2262802124,47650,47660,10
13.0225200653,80.2266998291,47660,47670,10
13.0231304169,80.2272415161,47670,47680,10
13.0237703323,80.2278289795,47680,47690,10
13.0246601105,80.2288970947,47690,47710,20
13.0246601105,80.2288970947,47710,47721,11
13.0247001648,80.2289810181,47721,47731,10
13.0249500275,80.229347229,47731,47741,10
13.0254096985,80.2299423218,47741,47757,16
13.0259799957,80.2311325073,47757,47769,12
13.0263595581,80.2312774658,47769,47777,8
13.0269403458,80.2311172485,47777,47788,11
13.0277004242,80.2309570313,47788,47799,11
13.0286502838,80.2308807373,47799,47819,20
13.0286502838,80.2308807373,47819,47830,11
13.0288000107,80.2308807373,47830,47839,9
13.0291004181,80.2308578491,47839,47850,11
13.0296201706,80.2307815552,47850,47860,10
13.0300397873,80.2307434082,47860,47870,10
13.0304803848,80.2306900024,47870,47880,10
13.0306797028,80.2306900024,47880,47890,10
13.0310897827,80.2306671143,47890,47900,10
13.0315504074,80.2306137085,47900,47910,10
13.0316295624,80.2305984497,47910,47920,10
13.0319700241,80.2306289673,47920,47931,11
13.0324401855,80.2305831909,47931,47941,10
13.0330696106,80.2305221558,47941,47951,10
13.0336704254,80.2304763794,47951,47961,10
13.0341100693,80.2304382324,47961,47991,30
13.0341100693,80.2304382324,47991,48001,10
13.0342702866,80.2303390503,48001,48011,10
13.0345401764,80.2302703857,48011,48021,10
13.0347700119,80.2302322388,48021,48032,11
13.0349397659,80.2300720215,48032,48042,10
13.0349502563,80.2297897339,48042,48052,10
13.0346603394,80.2297592163,48052,48062,10
13.0342903137,80.2297286987,48062,48072,10
13.0342302322,80.2299499512,48072,48082,10
13.0341596603,80.230140686,48082,48496,414
13.0341596603,80.230140686,48496,48506,10
13.0341997147,80.2303085327,48506,48597,91
13.034119606,80.2302093506,48597,49294,697
13.034119606,80.2302093506,49294,49304,10
13.0341501236,80.2303314209,49304,49668,364
13.0341501236,80.2303314209,49668,49678,10
13.0340595245,80.2304077148,49678,49688,10
13.033829689,80.2304229736,49688,49698,10
13.0334396362,80.2304763794,49698,49708,10
13.0328798294,80.2305374146,49708,49718,10
13.0323600769,80.2305984497,49718,49728,10
13.0317001343,80.2306518555,49728,49744,16
13.0309200287,80.2307128906,49744,49757,13
13.0306396484,80.2307434082,49757,49767,10
13.0303401947,80.2307662964,49767,49777,10
13.0299301147,80.230796814,49777,49787,10
13.0296401978,80.2308578491,49787,49797,10
13.0292196274,80.2308807373,49797,49807,10
13.0287303925,80.2309036255,49807,49817,10
13.0282897949,80.2309494019,49817,49827,10
13.0279798508,80.23097229,49827,49837,10
13.0277099609,80.2310562134,49837,49848,11
13.027680397,80.2314605713,49848,49856,8
13.0277299881,80.231918335,49856,49868,12
13.0278596878,80.2326278687,49868,49878,10
13.0274896622,80.2328567505,49878,49888,10
13.0270204544,80.2329483032,49888,49908,20
13.0270204544,80.2329483032,49908,49918,10
13.0267801285,80.233001709,49918,49928,10
13.0265102386,80.2329711914,49928,49938,10
13.026309967,80.2325668335,49938,49949,11
13.0261898041,80.2321472168,49949,49958,9
13.0261001587,80.2317733765,49958,49969,11
13.0259599686,80.2313079834,49969,49979,10
13.025759697,80.2306518555,49979,49989,10
13.0253601074,80.2299728394,49989,49998,9
13.0249500275,80.2294311523,49998,50009,11
13.0246295929,80.2290420532,50009,50019,10
13.0243797302,80.228729248,50019,50029,10
13.0241699219,80.2284622192,50029,50039,10
13.0238800049,80.2280883789,50039,50050,11
13.0234899521,80.2276763916,50050,50060,10
13.023059845,80.2273788452,50060,50090,30
13.023059845,80.2273788452,50090,50100,10
13.0227298737,80.227142334,50100,50110,10
13.0225000381,80.2267837524,50110,50120,10
13.0221004486,80.2264022827,50120,50130,10
13.0215702057,80.2259597778,50130,50140,10
13.0210800171,80.2255706787,50140,50150,10
13.0206098557,80.2252426147,50150,50161,11
13.0199403763,80.224822998,50161,50181,20
13.0199403763,80.224822998,50181,50191,10
13.0198001862,80.2247619629,50191,50201,10
13.0194196701,80.2245635986,50201,50211,10
13.0186796188,80.224571228,50211,50221,10
13.0178899765,80.2248916626,50221,50231,10
13.0170001984,80.2252502441,50231,50241,10
13.016699791,80.2253875732,50241,50250,9
13.0165195465,80.225440979,50250,50261,11
13.0160303116,80.2256011963,50261,50272,11
13.0153198242,80.2258529663,50272,50282,10
13.0147304535,80.2260818481,50282,50292,10
13.0143003464,80.2262802124,50292,50302,10
13.0142803192,80.2262802124,50302,50312,10
13.014169693,80.2263031006,50312,50322,10
13.0137395859,80.2264633179,50322,50332,10
13.0130796432,80.2267074585,50332,50342,10
13.0123195648,80.2270202637,50342,50352,10
13.0114498138,80.2273406982,50352,50362,10
13.0105199814,80.2276992798,50362,50373,11
13.0096302032,80.2278671265,50373,50383,10
13.0096197128,80.2273635864,50383,50393,10
13.0099096298,80.2267227173,50393,50403,10
13.0102500916,80.225982666,50403,50413,10
13.0105600357,80.2253112793,50413,50423,10
13.0105895996,80.2252502441,50423,50433,10
13.0106201172,80.2251968384,50433,50443,10
13.0107603073,80.2248535156,50443,50453,10
13.0109996796,80.2242431641,50453,50463,10
13.0113201141,80.2234268188,50463,50473,10
13.011639595,80.2226028442,50473,50484,11
13.0119495392,80.2217407227,50484,50494,10
13.0121097565,80.2210388184,50494,50504,10
13.0118904114,80.2202987671,50504,50514,10
13.011639595,80.2194824219,50514,50524,10
13.0113801956,80.2186431885,50524,50534,10
13.0110797882,80.2177886963,50534,50544,10
13.0108203888,80.2171630859,50544,50554,10
13.0104198456,80.2162780762,50554,50564,10
13.0100698471,80.2156906128,50564,50574,10
13.0096902847,80.2149810791,50574,50585,11
13.0091695786,80.2143325806,50585,50595,10
13.0087003708,80.2136993408,50595,50605,10
13.0082597733,80.2133636475,50605,50625,20
13.0082597733,80.2133636475,50625,50635,10
13.0080499649,80.2132492065,50635,50655,20
13.0080499649,80.2132492065,50655,50665,10
13.0078802109,80.213142395,50665,50675,10
13.0077104568,80.2129821777,50675,50685,10
13.0072603226,80.2127990723,50685,50696,11
13.0065498352,80.2127304077,50696,50706,10
13.0059499741,80.2129821777,50706,50716,10
13.0052900314,80.2126922607,50716,50725,9
13.004650116,80.2123184204,50725,50736,11
13.0038404465,80.2120819092,50736,50746,10
13.0030698776,80.212059021,50746,50756,10
13.0024404526,80.2121582031,50756,50766,10
13.0018901825,80.2124633789,50766,50776,10
13.0013999939,80.2128219604,50776,50786,10
13.0009098053,80.213218689,50786,50796,10
13.0003004074,80.2137908936,50796,50807,11
12.9996299744,80.2143630981,50807,50817,10
12.9991598129,80.2147293091,50817,50827,10
12.9989099503,80.2149429321,50827,50837,10
12.9985198975,80.2153320313,50837,50847,10
12.9979200363,80.2157821655,50847,50857,10
12.9974603653,80.2161712646,50857,50867,10
12.9974498749,80.216178894,50867,50877,10
12.9973297119,80.2163009644,50877,50887,10
12.9972000122,80.2164993286,50887,50897,10
12.9968795776,80.2165527344,50897,50908,11
12.9961700439,80.2166213989,50908,50918,10
12.9954099655,80.2168502808,50918,50928,10
12.9946403503,80.2173309326,50928,50938,10
12.9939603806,80.2178421021,50938,50948,10
12.993229866,80.2183303833,50948,50958,10
12.9925498962,80.2188796997,50958,50968,10
12.9917297363,80.2194824219,50968,50978,10
12.9909601212,80.2200393677,50978,50988,10
12.9907798767,80.2201690674,50988,50998,10
12.9906797409,80.2202529907,50998,51008,10
12.9902601242,80.2205581665,51008,51019,11
12.9896802902,80.2211303711,51019,51029,10
12.9891700745,80.2218170166,51029,51039,10
12.9884901047,80.2225494385,51039,51049,10
12.9878101349,80.2230224609,51049,51059,10
12.9871397018,80.2230606079,51059,51069,10
12.986579895,80.2229690552,51069,51079,10
12.985830307,80.2229995728,51079,51089,10
12.9854698181,80.2232818604,51089,51099,10
12.9851303101,80.2232437134,51099,51109,10
12.984629631,80.2229690552,51109,51120,11
12.9841499329,80.2227172852,51120,51130,10
12.9837598801,80.2224884033,51130,51140,10
12.983590126,80.2223968506,51140,51150,10
12.9832496643,80.2221603394,51150,51170,20
12.9832496643,80.2221603394,51170,51180,10
12.9831600189,80.2220916748,51180,51190,10
12.9830102921,80.2220230103,51190,51200,10
12.9827804565,80.2219314575,51200,51210,10
12.9825401306,80.2218780518,51210,51220,10
12.9820699692,80.2216720581,51220,51231,11
12.981300354,80.2211914063,51231,51241,10
12.9804296494,80.2210769653,51241,51251,10
12.9794902802,80.2211227417,51251,51261,10
12.9784803391,80.2211380005,51261,51271,10
12.977640152,80.2211990356,51271,51281,10
12.976770401,80.2212371826,51281,51291,10
12.9763002396,80.2212219238,51291,51301,10
12.9756603241,80.2210388184,51301,51321,20
12.9756603241,80.2210388184,51321,51331,10
12.9755897522,80.2209396362,51331,51342,11
12.9751501083,80.2206268311,51342,51352,10
12.9744596481,80.2203063965,51352,51362,10
12.9737997055,80.2199783325,51362,51372,10
12.9732904434,80.2198181152,51372,51382,10
12.9725799561,80.219543457,51382,51392,10
12.9717798233,80.2192764282,51392,51402,10
12.9711198807,80.2191314697,51402,51422,20
12.9711198807,80.2191314697,51422,51432,10
12.970990181,80.2191085815,51432,51443,11
12.9708003998,80.2190093994,51443,51453,10
12.9704999924,80.2188415527,51453,51463,10
12.9699897766,80.2186203003,51463,51473,10
12.9693899155,80.2183685303,51473,51483,10
12.9687204361,80.2181015015,51483,51493,10
12.9680404663,80.2178497314,51493,51503,10
12.9673404694,80.2175827026,51503,51513,10
12.9664697647,80.2172393799,51513,51523,10
12.9655399323,80.2168731689,51523,51533,10
12.96434021,80.2163772583,51533,51543,10
12.9634399414,80.2159729004,51543,51554,11
12.9625196457,80.2155838013,51554,51564,10
12.9615602493,80.2152099609,51564,51574,10
12.9605197906,80.2147979736,51574,51584,10
12.9594898224,80.2144012451,51584,51594,10
12.9584503174,80.2139587402,51594,51604,10
12.9574298859,80.2135620117,51604,51614,10
12.9563999176,80.2131576538,51614,51624,10
12.9553499222,80.2127609253,51624,51634,10
12.9543199539,80.212348938,51634,51644,10
12.9533395767,80.2119598389,51644,51655,11
12.9521999359,80.2115097046,51655,51665,10
12.9511299133,80.2110900879,51665,51675,10
12.9500598907,80.2106781006,51675,51685,10
12.949139595,80.210319519,51685,51695,10
12.9483499527,80.2099990845,51695,51705,10
12.947520256,80.2096710205,51705,51715,10
12.946439743,80.2092437744,51715,51725,10
12.9452896118,80.2087936401,51725,51735,10
12.9443902969,80.2084274292,51735,51745,10
12.9441995621,80.2083587646,51745,51755,10
12.9441404343,80.2083282471,51755,51766,11
12.9437999725,80.208190918,51766,51776,10
12.9432096481,80.2079162598,51776,51786,10
12.942700386,80.2073364258,51786,51796,10
12.9420604706,80.2066802979,51796,51806,10
12.9412498474,80.2061233521,51806,51816,10
12.9410600662,80.2060089111,51816,51826,10
12.940870285,80.2059326172,51826,51836,10
12.9404201508,80.2057571411,51836,51846,10
12.939740181,80.2055587769,51846,51856,10
12.9390096664,80.2053375244,51856,51866,10
12.9382600784,80.2051010132,51866,51877,11
12.9374103546,80.2048492432,51877,51887,10
12.9365196228,80.2045974731,51887,51897,10
12.9356203079,80.2043533325,51897,51907,10
12.9347600937,80.2040023804,51907,51917,10
12.9338798523,80.2039337158,51917,51927,10
12.9336996078,80.2039108276,51927,51937,10
12.9334402084,80.2038726807,51937,51947,10
12.9329204559,80.2036819458,51947,51963,16
12.9317502975,80.2032623291,51963,51975,12
12.9306898117,80.2029266357,51975,51985,10
12.9298200607,80.2027893066,51985,51995,10
12.9294395447,80.2027435303,51995,52006,11
12.9293699265,80.2027206421,52006,52016,10
12.9290399551,80.2026901245,52016,52026,10
12.9285001755,80.2024688721,52026,52035,9
12.9284496307,80.2019424438,52035,52046,11
12.9284095764,80.2009429932,52046,52056,10
12.9283399582,80.1999206543,52056,52066,10
12.9279603958,80.1989135742,52066,52076,10
12.9273500443,80.198059082,52076,52087,11
12.9262800217,80.1975631714,52087,52097,10
12.9254598618,80.1975021362,52097,52107,10
12.9251804352,80.1974868774,52107,52117,10
12.9246101379,80.1974868774,52117,52127,10
12.9238395691,80.197479248,52127,52137,10
12.92304039,80.1974029541,52137,52147,10
12.9221897125,80.1972808838,52147,52157,10
12.9219398499,80.1972503662,52157,52167,10
12.9217395782,80.1971893311,52167,52177,10
12.9212799072,80.1970062256,52177,52187,10
12.9207601547,80.1968231201,52187,52198,11
12.9200201035,80.1965484619,52198,52209,11
12.919260025,80.1961975098,52209,52219,10
12.9187602997,80.1957778931,52219,52229,10
12.9182596207,80.1953125,52229,52237,8
12.9177999496,80.1949081421,52237,52249,12
12.9172401428,80.1943511963,52249,52259,10
12.9169797897,80.1937637329,52259,52269,10
12.9170198441,80.1930236816,52269,52279,10
12.9171199799,80.1923294067,52279,52289,10
12.9172201157,80.191619873,52289,52300,11
12.91726017,80.1913299561,52300,52310,10
12.9173002243,80.1912231445,52310,52320,10
12.9173402786,80.1907730103,52320,52330,10
12.9173603058,80.1903991699,52330,52340,10
12.917429924,80.189956665,52340,52350,10
12.9176301956,80.1892776489,52350,52360,10
12.9181098938,80.1885375977,52360,52370,10
12.9187297821,80.1878814697,52370,52386,16
12.9198799133,80.186630249,52386,52398,12
12.9205503464,80.1854629517,52398,52409,11
12.9203195572,80.1843338013,52409,52419,10
12.9202203751,80.1838226318,52419,52429,10
12.9199495316,80.1827087402,52429,52449,20
12.9199495316,80.1827087402,52449,52459,10
12.9198799133,80.1824188232,52459,52469,10
12.9197397232,80.1817932129,52469,52478,9
12.9195804596,80.1809997559,52478,52488,10
12.919380188,80.1800613403,52488,52499,11
12.9189300537,80.1790084839,52499,52509,10
12.9183101654,80.1781616211,52509,52520,11
12.9182500839,80.1770782471,52520,52530,10
12.9184398651,80.1761169434,52530,52540,10
12.9186897278,80.1751403809,52540,52550,10
12.9189195633,80.1742477417,52550,52559,9
12.9190998077,80.1735229492,52559,52570,11
12.9193296432,80.1727294922,52570,52580,10
12.9195203781,80.1719436646,52580,52590,10
12.9197397232,80.1711502075,52590,52600,10
12.9197902679,80.1709823608,52600,52610,10
12.9198703766,80.1707382202,52610,52621,11
12.9201097488,80.1699981689,52621,52631,10
12.9203901291,80.1691589355,52631,52641,10
12.9207000732,80.1681671143,52641,52651,10
12.9210100174,80.1671829224,52651,52661,10
12.9212598801,80.1663894653,52661,52671,10
12.9216604233,80.1651611328,52671,52681,10
12.9219799042,80.1641616821,52681,52691,10
12.9222698212,80.1631622314,52691,52701,10
12.9225997925,80.1621398926,52701,52711,10
12.9229202271,80.1611099243,52711,52721,10
12.9230203629,80.1608123779,52721,52732,11
12.9230804443,80.1606826782,52732,52742,10
12.9231996536,80.1602325439,52742,52752,10
12.923330307,80.1595077515,52752,52762,10
12.9234304428,80.1586532593,52762,52772,10
12.9235401154,80.157623291,52772,52782,10
12.9236297607,80.156578064,52782,52792,10
12.923620224,80.1557006836,52792,52802,10
12.9234104156,80.1550216675,52802,52812,10
12.9233703613,80.1548690796,52812,52822,10
12.923330307,80.1546936035,52822,52832,10
12.923210144,80.1541824341,52832,52843,11
12.9230203629,80.1533584595,52843,52853,10
12.922659874,80.1519699097,52853,52913,60
12.922659874,80.1519699097,52913,52923,10
12.9226703644,80.1518630981,52923,52933,10
12.9226398468,80.1513137817,52933,52944,11
12.9226198196,80.1503601074,52944,52954,10
12.9225997925,80.1492385864,52954,52964,10
12.9225597382,80.1480484009,52964,52974,10
12.9225301743,80.1470031738,52974,52984,10
12.9225196838,80.1466522217,52984,52994,10
12.9225196838,80.1462020874,52994,53004,10
12.9225196838,80.1454772949,53004,53014,10
12.9224796295,80.144569397,53014,53024,10
12.9224300385,80.1432723999,53024,53044,20
12.9224300385,80.1432723999,53044,53055,11
12.922419548,80.1428985596,53055,53065,10
12.922419548,80.1424865723,53065,53075,10
12.9224004745,80.1419525146,53075,53084,9
12.9223804474,80.1415176392,53084,53095,11
12.922369957,80.1413497925,53095,53105,10
12.9223604202,80.141242981,53105,53115,10
12.9223604202,80.1408004761,53115,53125,10
12.9223604202,80.1403198242,53125,53135,10
12.9223499298,80.1396102905,53135,53145,10
12.9223604202,80.1387863159,53145,53156,11
12.9224500656,80.137840271,53156,53166,10
12.9224796295,80.1368789673,53166,53176,10
12.9225301743,80.1359100342,53176,53186,10
12.9225502014,80.1348190308,53186,53196,10
12.9225997925,80.1336593628,53196,53206,10
12.9226398468,80.1326522827,53206,53216,10
12.9226703644,80.1316833496,53216,53226,10
12.9227199554,80.1306762695,53226,53236,10
12.9227600098,80.1299514771,53236,53246,10
12.9228096008,80.1292572021,53246,53256,10
12.9228601456,80.1284790039,53256,53267,11
12.9228897095,80.1276473999,53267,53277,10
12.9229202271,80.1267471313,53277,53287,10
12.9229202271,80.1257781982,53287,53297,10
12.9229402542,80.1251525879,53297,53307,10
12.9229803085,80.1243591309,53307,53317,10
12.9230098724,80.1234817505,53317,53327,10
12.9230499268,80.1225128174,53327,53337,10
12.9231100082,80.1214523315,53337,53347,10
12.9231700897,80.1205825806,53347,53367,20
12.9231700897,80.1205825806,53367,53378,11
12.9232301712,80.1203384399,53378,53388,10
12.9232902527,80.1196594238,53388,53398,10
12.9233102798,80.1187820435,53398,53408,10
12.9233798981,80.1179885864,53408,53417,9
12.92345047,80.1172637939,53417,53427,10
12.9234399796,80.1169204712,53427,53438,11
12.9235200882,80.1167907715,53438,53448,10
12.9235496521,80.1170501709,53448,53458,10
12.9236001968,80.1175994873,53458,53468,10
12.9235296249,80.1182022095,53468,53479,11
12.9234600067,80.1190567017,53479,53488,9
12.9233398438,80.1202316284,53488,53509,21
12.9233398438,80.1202316284,53509,53519,10
12.9232797623,80.1206130981,53519,53529,10
12.9232597351,80.1210021973,53529,53539,10
12.9232301712,80.121383667,53539,53559,20
12.9232301712,80.121383667,53559,53569,10
12.9232597351,80.1218338013,53569,53902,333
12.9232597351,80.1218338013,53902,53913,11
12.9231595993,80.1219406128,53913,53923,10
12.9231395721,80.122428894,53923,53933,10
12.9231100082,80.1232223511,53933,53943,10
12.9230699539,80.1241836548,53943,53953,10
12.9230098724,80.1252212524,53953,53963,10
12.9229602814,80.1261062622,53963,53973,10
12.9229297638,80.1270904541,53973,53983,10
12.9229001999,80.1279907227,53983,53993,10
12.9228401184,80.1286315918,53993,54003,10
12.9227800369,80.1292800903,54003,54014,11
12.9227399826,80.1301269531,54014,54024,10
12.922750473,80.1307907104,54024,54034,10
12.9227399826,80.1315765381,54034,54074,40
12.9227399826,80.1315765381,54074,54084,10
12.922659874,80.1318435669,54084,54094,10
12.922659874,80.1324386597,54094,54104,10
12.9226303101,80.1331481934,54104,54114,10
12.9225997925,80.1341018677,54114,54125,11
12.9225597382,80.1353530884,54125,54135,10
12.9225196838,80.1364974976,54135,54145,10
12.9224500656,80.1375427246,54145,54155,10
12.922369957,80.1385726929,54155,54165,10
12.9223299026,80.1396636963,54165,54175,10
12.9223499298,80.1407623291,54175,54185,10
12.9223804474,80.1419677734,54185,54195,10
12.9224395752,80.1429367065,54195,54205,10
12.9224500656,80.1437988281,54205,54215,10
12.9224996567,80.1448822021,54215,54225,10
12.9225597382,80.1461105347,54225,54236,11
12.9225902557,80.1473007202,54236,54246,10
12.9225902557,80.1479873657,54246,54256,10
12.9225797653,80.1488800049,54256,54266,10
12.9226398468,80.1499786377,54266,54276,10
12.9226799011,80.1510620117,54276,54286,10
12.9226999283,80.1516876221,54286,54296,10
12.9227399826,80.1521377563,54296,54306,10
12.9229097366,80.1528930664,54306,54316,10
12.9231595993,80.1538772583,54316,54326,10
12.9233999252,80.1547012329,54326,54337,11
12.9234104156,80.1548080444,54337,54347,10
12.9235095978,80.1552200317,54347,54357,10
12.9236698151,80.1560134888,54357,54367,10
12.9236097336,80.1570205688,54367,54377,10
12.923500061,80.1581115723,54377,54387,10
12.9233903885,80.1591873169,54387,54397,10
12.9232397079,80.1603469849,54397,54407,10
12.9228801727,80.1615066528,54407,54417,10
12.9225196838,80.1625976563,54417,54427,10
12.9221897125,80.1636428833,54427,54437,10
12.9218196869,80.1647567749,54437,54448,11
12.9213895798,80.1660766602,54448,54458,10
12.9210100174,80.1672821045,54458,54468,10
12.9206895828,80.1683425903,54468,54478,10
12.9203395844,80.1694335938,54478,54488,10
12.9200201035,80.170539856,54488,54498,10
12.9198799133,80.1710128784,54498,54508,10
12.9198198318,80.1710662842,54508,54518,10
12.9196996689,80.1714630127,54518,54528,10
12.9195404053,80.1721725464,54528,54538,10
12.9192800522,80.1730728149,54538,54549,11
12.9189796448,80.1742782593,54549,54559,10
12.9187297821,80.1754074097,54559,54569,10
12.9184503555,80.1765213013,54569,54579,10
12.9182500839,80.1776428223,54579,54589,10
12.9187002182,80.1786499023,54589,54599,10
12.9193401337,80.1796569824,54599,54609,10
12.9195899963,80.1808395386,54609,54619,10
12.9198198318,80.1819534302,54619,54629,10
12.9200401306,80.1829376221,54629,54639,10
12.9202299118,80.1837921143,54639,54660,21
12.9202299118,80.1837921143,54660,54670,10
12.920249939,80.1838989258,54670,54680,10
12.9203701019,80.1844024658,54680,54690,10
12.9205598831,80.1851577759,54690,54700,10
12.9206495285,80.185508728,54700,54716,16
12.9203796387,80.1861419678,54716,54728,12
12.9197101593,80.1868972778,54728,54736,8
12.9191904068,80.1874771118,54736,54748,12
12.9185199738,80.1882171631,54748,54758,10
12.9179601669,80.188873291,54758,54769,11
12.9175300598,80.1898422241,54769,54779,10
12.9174098969,80.1904830933,54779,54789,10
12.917309761,80.1912231445,54789,54799,10
12.9172096252,80.1919403076,54799,54809,10
12.9171695709,80.1923828125,54809,54819,10
12.9170799255,80.1930923462,54819,54859,40
12.9170799255,80.1930923462,54859,54869,10
12.9169902802,80.1935577393,54869,54889,20
12.917599678,80.1947021484,54889,54901,12
12.9184303284,80.1954421997,54901,54911,10
12.9190196991,80.1959609985,54911,54921,10
12.919960022,80.1965026855,54921,54931,10
12.92070961,80.196762085,54931,54941,10
12.921380043,80.1969909668,54941,54950,9
12.9219999313,80.1972198486,54950,54961,11
12.9228696823,80.1973495483,54961,54971,10
12.9237203598,80.1974563599,54971,54982,11
12.9246702194,80.1974716187,54982,54992,10
12.925160408,80.1974563599,54992,55002,10
12.9254198074,80.1974716187,55002,55012,10
12.9259500504,80.1974716187,55012,55022,10
12.9264202118,80.1975479126,55022,55032,10
12.9267196655,80.1976623535,55032,55042,10
12.9269104004,80.1977386475,55042,55052,10
12.9272499084,80.1979598999,55052,55062,10
12.927740097,80.1984634399,55062,55072,10
12.9281597137,80.1992263794,55072,55082,10
12.928440094,80.2003173828,55082,55093,11
12.9285001755,80.2015914917,55093,55103,10
12.9285802841,80.2024993896,55103,55113,10
12.9293003082,80.2027206421,55113,55123,10
12.9295196533,80.2027587891,55123,55133,10
12.9300699234,80.2028427124,55133,55143,10
12.9308795929,80.2030029297,55143,55153,10
12.9318304062,80.2032928467,55153,55163,10
12.9327402115,80.2035827637,55163,55173,10
12.933380127,80.2038269043,55173,55183,10
12.9339799881,80.2038879395,55183,55194,11
12.9341096878,80.2038879395,55194,55204,10
12.9346504211,80.2039413452,55204,55214,10
12.9353399277,80.2041931152,55214,55224,10
12.9362401962,80.2045135498,55224,55234,10
12.937210083,80.2047805786,55234,55244,10
12.9382095337,80.2050476074,55244,55254,10
12.9391403198,80.2053527832,55254,55264,10
12.9398698807,80.2055587769,55264,55274,10
12.9401102066,80.2056274414,55274,55284,10
12.9405698776,80.2057571411,55284,55294,10
12.9411201477,80.2060089111,55294,55305,11
12.9419002533,80.20652771,55305,55315,10
12.9426498413,80.2071914673,55315,55325,10
12.9433298111,80.2079620361,55325,55335,10
12.9441604614,80.2082901001,55335,55345,10
12.9442996979,80.2083435059,55345,55355,10
12.9445104599,80.2084121704,55355,55365,10
12.9450597763,80.2086105347,55365,55375,10
12.9458303452,80.2089004517,55375,55385,10
12.946680069,80.2092285156,55385,55395,10
12.9474802017,80.2095489502,55395,55405,10
12.9482402802,80.2098388672,55405,55416,11
12.949139595,80.2101974487,55416,55426,10
12.9502096176,80.2106399536,55426,55436,10
12.9513301849,80.2110824585,55436,55452,16
12.9528503418,80.2116775513,55452,55464,12
12.9539003372,80.2121124268,55464,55473,9
12.95470047,80.2124404907,55473,55483,10
12.9558696747,80.2128982544,55483,55494,11
12.9568796158,80.2132720947,55494,55504,10
12.9579601288,80.2136993408,55504,55514,10
12.9590396881,80.2141418457,55514,55525,11
12.9602499008,80.2146224976,55525,55535,10
12.9613399506,80.215057373,55535,55545,10
12.9624004364,80.2154693604,55545,55555,10
12.9633398056,80.2158432007,55555,55565,10
12.9639501572,80.2161178589,55565,55575,10
12.964509964,80.2163619995,55575,55585,10
12.9652204514,80.2166595459,55585,55595,10
12.9659099579,80.2169265747,55595,55605,10
12.9666004181,80.2171936035,55605,55615,10
12.9672603607,80.2174530029,55615,55626,11
12.9677801132,80.217666626,55626,55636,10
12.9680404663,80.2177886963,55636,55646,10
12.9686803818,80.2180328369,55646,55656,10
12.9695701599,80.2183685303,55656,55666,10
12.9704999924,80.2187423706,55666,55676,10
12.9711704254,80.2190093994,55676,55686,10
12.9720401764,80.2193374634,55686,55696,10
12.9729604721,80.2196884155,55696,55706,10
12.9737997055,80.2201004028,55706,55716,10
12.9748601913,80.2205200195,55716,55747,31
12.9748601913,80.2205200195,55747,55756,9
12.9750003815,80.2205810547,55756,55767,11
12.9753198624,80.2206802368,55767,55777,10
12.9756097794,80.2209014893,55777,55787,10
12.9756402969,80.220916748,55787,55797,10
12.9758396149,80.2211074829,55797,55807,10
12.9760398865,80.2211837769,55807,55827,20
12.9760398865,80.2211837769,55827,55838,11
12.9764099121,80.2212524414,55838,55848,10
12.9769697189,80.2212295532,55848,55857,9
12.9775400162,80.2211990356,55857,55868,11
12.9780797958,80.2211074829,55868,55878,10
12.9785900116,80.2211380005,55878,55888,10
12.9792604446,80.2211074829,55888,55898,10
12.9797897339,80.2210617065,55898,55908,10
12.9804801941,80.2210006714,55908,55918,10
12.9811096191,80.2210922241,55918,55928,10
12.9816904068,80.2213973999,55928,55938,10
12.9821596146,80.2216873169,55938,55949,11
12.9829101563,80.2219161987,55949,55969,20
12.9829101563,80.2219161987,55969,55979,10
12.9831495285,80.222076416,55979,55989,10
12.9835596085,80.222366333,55989,55999,10
12.9839696884,80.2226028442,55999,56009,10
12.9844303131,80.2228775024,56009,56019,10
12.9850502014,80.2232208252,56019,56029,10
12.9855899811,80.2230911255,56029,56039,10
12.986120224,80.2229537964,56039,56050,11
12.9866504669,80.2229766846,56050,56060,10
12.9870195389,80.2230606079,56060,56070,10
12.987449646,80.2230911255,56070,56080,10
12.9880599976,80.2228317261,56080,56090,10
12.9886598587,80.2222824097,56090,56100,10
12.9890403748,80.2217636108,56100,56110,10
12.9895000458,80.2211990356,56110,56120,10
12.990070343,80.2205810547,56120,56136,16
12.9910697937,80.2197799683,56136,56148,12
12.9916400909,80.2193832397,56148,56159,11
12.9921102524,80.2190628052,56159,56169,10
12.9927597046,80.2185974121,56169,56179,10
12.9934196472,80.2180862427,56179,56189,10
12.9939203262,80.2177505493,56189,56198,9
12.9942598343,80.2175216675,56198,56208,10
12.9946603775,80.2172393799,56208,56219,11
12.9951400757,80.2169189453,56219,56229,10
12.9956102371,80.2166976929,56229,56239,10
12.9961395264,80.2165527344,56239,56249,10
12.9966497421,80.2164764404,56249,56259,10
12.9971504211,80.2164306641,56259,56270,11
12.997469902,80.2161026001,56270,56280,10
12.9975404739,80.2160263062,56280,56290,10
12.9976396561,80.2159729004,56290,56300,10
12.9979600906,80.2156677246,56300,56310,10
12.9984302521,80.2152023315,56310,56320,10
12.99903965,80.2147064209,56320,56330,10
12.9993400574,80.2144775391,56330,56340,10
12.9998102188,80.2141113281,56340,56350,10
13.0002098083,80.2137680054,56350,56360,10
13.0008001328,80.2132263184,56360,56371,11
13.0013904572,80.2127990723,56371,56381,10
13.0018997192,80.2124404907,56381,56391,10
13.0024299622,80.2121505737,56391,56401,10
13.0031204224,80.2120819092,56401,56411,10
13.003660202,80.2120285034,56411,56421,10
13.0041599274,80.2121200562,56421,56431,10
13.0047798157,80.212387085,56431,56441,10
13.0053195953,80.2126998901,56441,56451,10
13.0059900284,80.212852478,56451,56461,10
13.0065898895,80.2127075195,56461,56472,11
13.0073404312,80.2127838135,56472,56482,10
13.0078496933,80.2130813599,56482,56502,20
13.0078496933,80.2130813599,56502,56512,10
13.008099556,80.2132263184,56512,56522,10
13.008600235,80.213508606,56522,56532,10
13.0090904236,80.2141799927,56532,56542,10
13.0095796585,80.2149200439,56542,56552,10
13.010020256,80.215461731,56552,56562,10
13.0105304718,80.2161026001,56562,56572,10
13.010840416,80.2168807983,56572,56583,11
13.0112104416,80.2176971436,56583,56593,10
13.0115699768,80.21875,56593,56603,10
13.0119400024,80.2198791504,56603,56613,10
13.0123195648,80.2210083008,56613,56623,10
13.0126399994,80.2216262817,56623,56632,9
13.0129404068,80.2220611572,56632,56643,11
13.0135803223,80.2227630615,56643,56653,10
13.0140695572,80.2234191895,56653,56663,10
13.0143604279,80.223777771,56663,56673,10
13.0146999359,80.2241821289,56673,56683,10
13.0151796341,80.2247390747,56683,56694,11
13.015540123,80.2249679565,56694,56704,10
13.0156002045,80.2249984741,56704,56714,10
13.0159397125,80.2252426147,56714,56724,10
13.0166196823,80.2252197266,56724,56734,10
13.017370224,80.224937439,56734,56744,10
13.0181503296,80.2246170044,56744,56754,10
13.0189304352,80.224357605,56754,56764,10
13.0197095871,80.2245101929,56764,56784,20
13.0197095871,80.2245101929,56784,56795,11
13.0197095871,80.2246170044,56795,56805,10
13.0200195313,80.224822998,56805,56815,10
13.0206003189,80.2251968384,56815,56825,10
13.021229744,80.2256622314,56825,56835,10
13.0219097137,80.2260971069,56835,56845,10
13.02202034,80.2261886597,56845,56854,9
13.0221300125,80.2263031006,56854,56865,11
13.0226297379,80.2267837524,56865,56875,10
13.0231895447,80.2273330688,56875,56885,10
13.023730278,80.2278213501,56885,56896,11
13.0242795944,80.2284164429,56896,56916,20
13.0242795944,80.2284164429,56916,56926,10
13.024479866,80.2286682129,56926,56936,10
13.0248298645,80.2291870117,56936,56946,10
13.0253400803,80.2298202515,56946,56956,10
13.0257701874,80.2304763794,56956,56966,10
13.0258598328,80.2306365967,56966,56976,10
13.0258903503,80.2307434082,56976,56986,10
13.0259599686,80.2310409546,56986,56996,10
13.0260896683,80.2313766479,56996,57007,11
13.0266895294,80.2312469482,57007,57017,10
13.0274896622,80.231048584,57017,57027,10
13.0282802582,80.2309417725,57027,57037,10
13.0294504166,80.2308273315,57037,57097,60
13.0294504166,80.2308273315,57097,57107,10
13.0298995972,80.2307891846,57107,57118,11
13.0305404663,80.23072052,57118,57128,10
13.0310201645,80.2306900024,57128,57138,10
13.03166008,80.2306289673,57138,57148,10
13.0323400497,80.2305908203,57148,57164,16
13.0334501266,80.2304992676,57164,57176,12
13.0342597961,80.2304382324,57176,57184,8
13.0348300934,80.2303314209,57184,57247,63
13.0348300934,80.2303314209,57247,57257,10
13.0351104736,80.2300720215,57257,57267,10
13.035030365,80.2298965454,57267,57277,10
13.0347499847,80.2298583984,57277,57287,10
13.034330368,80.2297821045,57287,57398,111
13.0341701508,80.2300872803,57398,57943,545
13.0341701508,80.2300872803,57943,57953,10
13.0340204239,80.23046875,57953,57964,11
13.033659935,80.2304763794,57964,57974,10
13.0331802368,80.230506897,57974,57984,10
13.0326795578,80.2305603027,57984,57994,10
13.0321397781,80.2306213379,57994,58004,10
13.0315504074,80.2306594849,58004,58014,10
13.0309200287,80.23072052,58014,58024,10
13.0304002762,80.2307815552,58024,58034,10
13.0298299789,80.2308273315,58034,58044,10
13.0296497345,80.2308502197,58044,58054,10
13.0294399261,80.2308578491,58054,58064,10
13.0289497375,80.2309265137,58064,58081,17
13.0280303955,80.2310028076,58081,58093,12
13.0276203156,80.2311706543,58093,58102,9
13.0276899338,80.231628418,58102,58113,11
13.0277700424,80.2322006226,58113,58123,10
13.0278596878,80.2326202393,58123,58133,10
13.0274200439,80.2328567505,58133,58141,8
13.02684021,80.232963562,58141,58184,43
13.02684021,80.232963562,58184,58194,10
13.0267496109,80.2329788208,58194,58204,10
13.0264596939,80.2329864502,58204,58214,10
13.0262298584,80.2325592041,58214,58224,10
13.0260095596,80.2317962646,58224,58234,10
13.0258102417,80.2309875488,58234,58244,10
13.0253295898,80.2300415039,58244,58254,10
13.0247001648,80.2291717529,58254,58264,10
13.0241804123,80.2284622192,58264,58274,10
13.0236902237,80.2278518677,58274,58285,11
13.023059845,80.2274169922,58285,58325,40
13.023059845,80.2274169922,58325,58335,10
13.022769928,80.2271499634,58335,58345,10
13.0225696564,80.2268218994,58345,58355,10
13.0221996307,80.2264862061,58355,58365,10
13.02161026,80.226020813,58365,58375,10
13.020939827,80.225479126,58375,58386,11
13.0200796127,80.224899292,58386,58396,10
13.0192203522,80.2244567871,58396,58406,10
13.0182199478,80.2247009277,58406,58416,10
13.017250061,80.2250976563,58416,58426,10
13.0164499283,80.2254486084,58426,58436,10
13.0159101486,80.2256393433,58436,58446,10
13.015250206,80.2258911133,58446,58456,10
13.0145902634,80.2261505127,58456,58466,10
13.0144195557,80.2262191772,58466,58476,10
13.0143604279,80.2262420654,58476,58492,16
13.0139398575,80.2263870239,58492,58504,12
13.0132398605,80.2266387939,58504,58515,11
13.0124597549,80.2269363403,58515,58524,9
13.0118703842,80.2271728516,58524,58535,11
13.0110301971,80.2275085449,58535,58545,10
13.0101900101,80.2278366089,58545,58555,10
13.009759903,80.2279815674,58555,58565,10
13.009469986,80.2277297974,58565,58575,10
13.0097303391,80.2271194458,58575,58585,10
13.0100803375,80.2263717651,58585,58595,10
13.0104398727,80.225479126,58595,58606,11
13.010840416,80.224609375,58606,58616,10
13.0111703873,80.223777771,58616,58626,10
13.0110702515,80.2230834961,58626,58646,20
13.0110702515,80.2230834961,58646,58656,10
13.010720253,80.2228622437,58656,58666,10
13.0101699829,80.2226104736,58666,58676,10
13.0094804764,80.2222366333,58676,58686,10
13.0088195801,80.2218780518,58686,58696,10
13.0081195831,80.2215194702,58696,58707,11
13.0072698593,80.2210693359,58707,58717,10
13.0066795349,80.2207107544,58717,58727,10
13.006480217,80.2203826904,58727,58737,10
13.0062799454,80.2199172974,58737,58747,10
13.0063800812,80.2194595337,58747,58757,10
13.0066404343,80.2189407349,58757,58767,10
13.0073699951,80.2185668945,58767,58777,10
13.0081195831,80.2182388306,58777,58787,10
13.0087499619,80.2177429199,58787,58797,10
13.0090799332,80.2170333862,58797,58807,10
13.0090799332,80.2162399292,58807,58818,11
13.0092000961,80.2156906128,58818,58827,9
13.0097198486,80.2155532837,58827,58838,11
13.0098800659,80.2153701782,58838,58848,10
13.0097904205,80.2151794434,58848,58858,10
13.0095300674,80.2148284912,58858,58868,10
13.0090703964,80.2142333984,58868,58877,9
13.0087404251,80.2137832642,58877,58888,11
13.0087299347,80.213760376,58888,58898,10
13.0085601807,80.2135467529,58898,58929,31
13.0085601807,80.2135467529,58929,58939,10
13.0082302094,80.2133712769,58939,59030,91
13.0082302094,80.2133712769,59030,59040,10
13.0078897476,80.2131729126,59040,59050,10
13.0077896118,80.2130432129,59050,59060,10
13.007519722,80.2128601074,59060,59070,10
13.0071001053,80.2127685547,59070,59080,10
13.0065097809,80.2127532959,59080,59090,10
13.0059299469,80.2130126953,59090,59100,10
13.0053195953,80.2127304077,59100,59110,10
13.0046796799,80.2123184204,59110,59120,10
13.0038099289,80.2120819092,59120,59131,11
13.0030403137,80.212097168,59131,59141,10
13.0024795532,80.2121582031,59141,59151,10
13.0020704269,80.2123718262,59151,59161,10
13.0016298294,80.212638855,59161,59171,10
13.0011396408,80.2130126953,59171,59181,10
13.0006399155,80.2134094238,59181,59191,10
13.0000400543,80.2139282227,59191,59201,10
12.9995603561,80.2143630981,59201,59211,10
12.9990997314,80.2147827148,59211,59221,10
12.9987897873,80.2150421143,59221,59231,10
12.9982795715,80.2154998779,59231,59242,11
12.9975996017,80.2161026001,59242,59252,10
12.9974899292,80.2161865234,59252,59262,10
12.9973897934,80.2162704468,59262,59272,10
12.9972496033,80.2164764404,59272,59282,10
12.9971103668,80.2165298462,59282,59292,10
12.9966802597,80.2165527344,59292,59302,10
12.9960699081,80.2166595459,59302,59312,10
12.9953203201,80.2169036865,59312,59322,10
12.9947900772,80.2172393799,59322,59332,10
12.9942798615,80.217590332,59332,59343,11
12.9939403534,80.2178573608,59343,59353,10
12.9934597015,80.2182006836,59353,59362,9
12.9930095673,80.2185668945,59362,59373,11
12.9922599792,80.2190933228,59373,59383,10
12.9915599823,80.2195968628,59383,59393,10
12.9909601212,80.2200012207,59393,59403,10
12.9907197952,80.220199585,59403,59413,10
12.9905996323,80.2202911377,59413,59423,10
12.990480423,80.2203979492,59423,59433,10
12.9902696609,80.2205810547,59433,59444,11
12.989859581,80.2210083008,59444,59454,10
12.9893302917,80.2216567993,59454,59464,10
12.988699913,80.222366333,59464,59474,10
12.9881401062,80.2228622437,59474,59484,10
12.9874897003,80.2231063843,59484,59494,10
12.9869403839,80.2230529785,59494,59504,10
12.9864301682,80.2229690552,59504,59514,10
12.9857196808,80.2230300903,59514,59524,10
12.9853601456,80.2233200073,59524,59534,10
12.9850301743,80.2232208252,59534,59544,10
12.9845104218,80.2229232788,59544,59555,11
12.9843597412,80.2228393555,59555,59565,10
12.9840497971,80.2226715088,59565,59575,10
12.9839401245,80.2226104736,59575,59585,10
12.9837799072,80.2225189209,59585,59595,10
12.9835500717,80.2223587036,59595,59605,10
12.9832401276,80.2221832275,59605,59615,10
12.9832296371,80.2221679688,59615,59625,10
12.9830198288,80.222038269,59625,59635,10
12.9826498032,80.221862793,59635,59645,10
12.9822101593,80.2217025757,59645,59655,10
12.9818696976,80.2214889526,59655,59666,11
12.9813499451,80.2211303711,59666,59676,10
12.9806995392,80.2210006714,59676,59686,10
12.9799203873,80.2211074829,59686,59696,10
12.9791603088,80.2211608887,59696,59706,10
12.9784202576,80.221206665,59706,59716,10
12.9777603149,80.2212295532,59716,59726,10
12.9771995544,80.2212371826,59726,59736,10
12.9766998291,80.2212524414,59736,59746,10
12.9760599136,80.2212982178,59746,59766,20
12.9760599136,80.2212982178,59766,59777,11
12.9758396149,80.2212905884,59777,59787,10
12.9756803513,80.2211380005,59787,59797,10
12.9756603241,80.2211074829,59797,59807,10
12.9756498337,80.2210769653,59807,59817,10
12.9753799438,80.2208709717,59817,59827,10
12.9750204086,80.2206802368,59827,59837,10
12.9745101929,80.220451355,59837,59847,10
12.9739999771,80.2202224731,59847,59857,10
12.9734897614,80.2199935913,59857,59867,10
12.9728603363,80.2197265625,59867,59878,11
12.9720697403,80.2194213867,59878,59888,10
12.970990181,80.2191162109,59888,59908,20
12.970990181,80.2191162109,59908,59918,10
12.9707603455,80.2189865112,59918,59928,10
12.9703798294,80.2187805176,59928,59938,10
12.9698896408,80.2185821533,59938,59948,10
12.9693002701,80.2183380127,59948,59958,10
12.968629837,80.2180786133,59958,59968,10
12.9679498672,80.2178115845,59968,59979,11
12.9671802521,80.2174911499,59979,59989,10
12.9662599564,80.2171401978,59989,59999,10
12.9652099609,80.2167129517,59999,60009,10
12.9641599655,80.2162704468,60009,60019,10
12.9633398056,80.2159118652,60019,60029,10
12.9625701904,80.2155990601,60029,60039,10
12.9617004395,80.2152633667,60039,60049,10
12.9607601166,80.2148971558,60049,60059,10
12.9598398209,80.2145309448,60059,60069,10
12.9590797424,80.2142181396,60069,60079,10
12.9582099915,80.2138824463,60079,60090,11
12.9573097229,80.2135162354,60090,60100,10
12.9565000534,80.2132034302,60100,60110,10
12.9555997849,80.2128601074,60110,60120,10
12.9547100067,80.2125167847,60120,60130,10
12.9540395737,80.2122421265,60130,60140,10
12.9533395767,80.2119674683,60140,60150,10
12.9525499344,80.2116699219,60150,60160,10
12.9516096115,80.2113037109,60160,60170,10
12.9505500793,80.2108764648,60170,60180,10
12.949549675,80.2104873657,60180,60191,11
12.9485797882,80.2100982666,60191,60201,10
12.9476900101,80.2097473145,60201,60211,10
12.946680069,80.2093582153,60211,60221,10
12.945599556,80.2089385986,60221,60231,10
12.9441900253,80.208366394,60231,60251,20
12.9441900253,80.208366394,60251,60261,10
12.9440402985,80.2083129883,60261,60271,10
12.9436597824,80.2081375122,60271,60281,10
12.9430599213,80.2078170776,60281,60291,10
12.9425802231,80.2071990967,60291,60302,11
12.9418497086,80.20652771,60302,60312,10
12.9409799576,80.2059783936,60312,60322,10
12.9401903152,80.2057037354,60322,60332,10
12.9396800995,80.2055511475,60332,60342,10
12.9390802383,80.2053604126,60342,60352,10
12.9385404587,80.2052001953,60352,60362,10
12.9383602142,80.2051391602,60362,60372,10
12.93791008,80.2050170898,60372,60382,10
12.9373598099,80.2048568726,60382,60392,10
12.9367198944,80.2046737671,60392,60403,11
12.9361200333,80.2045135498,60403,60413,10
12.9357500076,80.2043991089,60413,60423,10
12.9351902008,80.2041320801,60423,60433,10
12.9344997406,80.2039489746,60433,60443,10
12.9337902069,80.203918457,60443,60453,10
12.9336795807,80.2039108276,60453,60463,10
12.9334602356,80.2038803101,60463,60473,10
12.9331798553,80.2038192749,60473,60483,10
12.9330301285,80.2037506104,60483,60493,10
12.9326295853,80.2035675049,60493,60503,10
12.9319801331,80.2033462524,60503,60514,11
12.9312496185,80.2031097412,60514,60524,10
12.9309196472,80.2030029297,60524,60534,10
12.9305896759,80.202911377,60534,60544,10
12.9301099777,80.2028427124,60544,60554,10
12.929479599,80.2027664185,60554,60564,10
12.9293804169,80.2027587891,60564,60574,10
12.9289703369,80.2026824951,60574,60584,10
12.9285202026,80.2024993896,60584,60594,10
12.9284601212,80.2017822266,60594,60604,10
12.9284296036,80.2008590698,60604,60615,11
12.9282999039,80.1996765137,60615,60625,10
12.9278402328,80.198638916,60625,60635,10
12.927069664,80.1978683472,60635,60645,10
12.9261302948,80.197517395,60645,60655,10
12.9254398346,80.1974868774,60655,60665,10
12.9251499176,80.1974868774,60665,60675,10
12.924539566,80.1975021362,60675,60685,10
12.9237604141,80.1974868774,60685,60695,10
12.9230098724,80.1974182129,60695,60705,10
12.9223804474,80.1973419189,60705,60715,10
12.9219999313,80.1972808838,60715,60726,11
12.9217195511,80.1971893311,60726,60736,10
12.921210289,80.1970062256,60736,60746,10
12.9206399918,80.1967773438,60746,60756,10
12.9200201035,80.1965713501,60756,60766,10
12.9195804596,80.1964035034,60766,60776,10
12.9191703796,80.1961364746,60776,60786,10
12.9187898636,80.1958312988,60786,60796,10
12.9183702469,80.1954498291,60796,60806,10
12.9179601669,80.1950912476,60806,60816,10
12.9171495438,80.1942825317,60816,60837,21
12.9171495438,80.1942825317,60837,60847,10
12.9170999527,80.1942062378,60847,60857,10
12.9169902802,80.1938323975,60857,60867,10
12.9169902802,80.1932983398,60867,60877,10
12.9170598984,80.192817688,60877,60887,10
12.917090416,80.1927032471,60887,60897,10
12.9171104431,80.1925430298,60897,60913,16
12.9171895981,80.1921310425,60913,60925,12
12.9172296524,80.1919021606,60925,60933,8
12.9172801971,80.1914367676,60933,60956,23
12.9172801971,80.1914367676,60956,60966,10
12.9173202515,80.1912612915,60966,60976,10
12.9173603058,80.1908569336,60976,60986,10
12.9174003601,80.1902084351,60986,60995,9
12.9176197052,80.1893997192,60995,61006,11
12.9181604385,80.1885681152,61006,61016,10
12.9187602997,80.1879196167,61016,61025,9
12.9191398621,80.1875076294,61025,61036,11
12.9197301865,80.1868667603,61036,61047,11
12.9205598831,80.1858901978,61047,61057,10
12.9204797745,80.1848373413,61057,61067,10
12.9202899933,80.1839981079,61067,61077,10
12.9201097488,80.1831970215,61077,61087,10
12.9199695587,80.1827163696,61087,61097,10
12.9199199677,80.1825408936,61097,61107,10
12.9198904037,80.1822662354,61107,61117,10
12.9197702408,80.1817474365,61117,61127,10
12.9195995331,80.1810073853,61127,61137,10
12.9194202423,80.1800994873,61137,61148,11
12.9189395905,80.1790618896,61148,61158,10
12.9184398651,80.1783905029,61158,61168,10
12.9181900024,80.1774978638,61168,61178,10
12.9183301926,80.1766281128,61178,61188,10
12.9183597565,80.1765213013,61188,61198,10
12.9184703827,80.1760864258,61198,61208,10
12.9186697006,80.1754302979,61208,61218,10
12.9188404083,80.1746520996,61218,61228,10
12.9190702438,80.1736984253,61228,61238,10
12.9193601608,80.1726379395,61238,61248,10
12.9196100235,80.1716308594,61248,61265,17
12.9198102951,80.1709365845,61265,61277,12
12.9198598862,80.1707763672,61277,61287,10
12.9200496674,80.1701812744,61287,61297,10
12.9203195572,80.1693267822,61297,61307,10
12.9206495285,80.168296814,61307,61317,10
12.9209403992,80.1673812866,61317,61327,10
12.9213104248,80.1662368774,61327,61337,10
12.9217195511,80.1649627686,61337,61347,10
12.9220695496,80.163848877,61347,61359,12
12.922419548,80.1626968384,61359,61369,10
12.9227199554,80.1617584229,61369,61379,10
12.9230499268,80.1607437134,61379,61389,10
12.9231300354,80.1604385376,61389,61399,10
12.9231700897,80.1603317261,61399,61409,10
12.9232997894,80.1597900391,61409,61419,10
12.9233903885,80.1589431763,61419,61429,10
12.923500061,80.1579437256,61429,61439,10
12.9236001968,80.1569137573,61439,61449,10
12.9236602783,80.15599823,61449,61459,10
12.9234399796,80.1551437378,61459,61470,11
12.9233398438,80.1547775269,61470,61480,10
12.9233398438,80.1547622681,61480,61490,10
12.9232597351,80.1543807983,61490,61500,10
12.9231004715,80.1537017822,61500,61510,10
12.9228096008,80.152557373,61510,61570,60
12.9228096008,80.152557373,61570,61581,11
12.9227304459,80.1521835327,61581,61591,10
12.9226799011,80.1517791748,61591,61601,10
12.9226503372,80.1511993408,61601,61611,10
12.9226303101,80.1505432129,61611,61627,16
12.9225902557,80.1492004395,61627,61639,12
12.9225702286,80.1480712891,61639,61647,8
12.922539711,80.1473999023,61647,61659,12
12.9225196838,80.1465301514,61659,61669,10
12.9225101471,80.1455307007,61669,61679,10
12.9224596024,80.1444473267,61679,61690,11
12.9224500656,80.1436004639,61690,61700,10
12.922419548,80.1428985596,61700,61710,10
12.9224004745,80.1423721313,61710,61720,10
12.922369957,80.1419372559,61720,61729,9
12.9223804474,80.1419219971,61729,61740,11
12.922419548,80.1418228149,61740,61750,10
12.9223899841,80.1413269043,61750,61760,10
12.922369957,80.1407470703,61760,61770,10
12.9223604202,80.1403274536,61770,61780,10
12.9223604202,80.1396102905,61780,61791,11
12.9223804474,80.1388015747,61791,61801,10
12.9224395752,80.1380386353,61801,61811,10
12.9224901199,80.1371536255,61811,61821,10
12.9225301743,80.1361999512,61821,61831,10
12.9225597382,80.1351928711,61831,61841,10
12.9226102829,80.1340866089,61841,61851,10
12.9226503372,80.133140564,61851,61861,10
12.922659874,80.13256073,61861,61871,10
12.9226799011,80.1320495605,61871,61881,10
12.9227104187,80.1313705444,61881,61891,10
12.9227304459,80.1311721802,61891,61902,11
12.9227399826,80.1307067871,61902,61912,10
12.9227600098,80.130317688,61912,61922,10
12.9227800369,80.1298675537,61922,61932,10
12.9228096008,80.1293869019,61932,61941,9
12.9228496552,80.1289520264,61941,61952,11
12.9228801727,80.1285095215,61952,61962,10
12.9229097366,80.1278381348,61962,61972,10
12.9229202271,80.1270217896,61972,61982,10
12.922949791,80.1260604858,61982,61992,10
12.9230003357,80.125038147,61992,62003,11
12.92304039,80.1238937378,62003,62013,10
12.9230804443,80.1228408813,62013,62023,10
12.923119545,80.1217575073,62023,62033,10
12.9231996536,80.1206436157,62033,62083,50
12.9231996536,80.1206436157,62083,62093,10
12.9232702255,80.1204071045,62093,62103,10
12.9233102798,80.1198730469,62103,62114,11
12.9233102798,80.1190414429,62114,62124,10
12.9233503342,80.118347168,62124,62140,16
12.9234600067,80.1169433594,62140,62182,42
12.9234600067,80.1169433594,62182,62192,10
12.9235801697,80.1170272827,62192,62202,10
12.9235601425,80.1175689697,62202,62213,11
12.9235801697,80.1181030273,62213,62223,10
12.923500061,80.1188278198,62223,62232,9
12.9234104156,80.1195297241,62232,62243,11
12.9233398438,80.1202926636,62243,62253,10
12.9232797623,80.1209030151,62253,62283,30
12.9232797623,80.1209030151,62283,62293,10
12.9232702255,80.1211471558,62293,63121,828
12.9232702255,80.1211471558,63121,63131,10
12.9232196808,80.1215286255,63131,63141,10
12.9231996536,80.1219711304,63141,63151,10
12.9231595993,80.1226272583,63151,63161,10
12.923119545,80.1234130859,63161,63172,11
12.9230899811,80.1242828369,63172,63182,10
12.9230298996,80.1254501343,63182,63202,20
12.9230298996,80.1254501343,63202,63212,10
12.9230003357,80.1255187988,63212,63222,10
12.9229803085,80.1259765625,63222,63232,10
12.922949791,80.1266098022,63232,63241,9
12.9229297638,80.127281189,63241,63252,11
12.9229097366,80.1275405884,63252,63262,10
12.9229001999,80.1277236938,63262,63272,10
12.9229097366,80.1277618408,63272,63283,11
12.9229097366,80.1279296875,63283,63293,10
12.9229001999,80.1281280518,63293,63302,9
12.9228801727,80.1283187866,63302,63313,11
12.9228601456,80.1285629272,63313,63323,10
12.9228401184,80.1288604736,63323,63333,10
12.9228200912,80.12915802,63333,63342,9
12.9228096008,80.1294174194,63342,63352,10
12.9228200912,80.1296386719,63352,63373,21
12.9228200912,80.1296386719,63373,63384,11
12.9227800369,80.130027771,63384,63393,9
12.9227695465,80.1303482056,63393,63404,11
12.9227800369,80.1308364868,63404,63414,10
12.9227800369,80.1312484741,63414,63424,10
12.9227695465,80.131362915,63424,63434,10
12.922750473,80.1314315796,63434,63444,10
12.9227399826,80.1318206787,63444,63454,10
12.9227104187,80.1324310303,63454,63464,10
12.9226703644,80.133140564,63464,63474,10
12.9226303101,80.1339797974,63474,63484,10
12.9225902557,80.1348876953,63484,63495,11
12.9225597382,80.1356506348,63495,63505,10
12.9225196838,80.1364212036,63505,63515,10
12.9224796295,80.1372299194,63515,63525,10
12.9224395752,80.1380996704,63525,63535,10
12.922369957,80.1390075684,63535,63545,10
12.922369957,80.1399688721,63545,63555,10
12.9223899841,80.1404571533,63555,63565,10
12.9223899841,80.1408233643,63565,63581,16
12.922419548,80.1420211792,63581,63593,12
12.9224700928,80.142791748,63593,63643,50
12.9224700928,80.142791748,63643,63654,11
12.9224500656,80.1430130005,63654,63664,10
12.9224996567,80.1436920166,63664,63684,20
12.9224996567,80.1436920166,63684,63694,10
12.9224901199,80.1439437866,63694,63705,11
12.9225101471,80.1446304321,63705,63715,10
12.922539711,80.1454772949,63715,63725,10
12.9225702286,80.1464385986,63725,63735,10
12.9226102829,80.1473007202,63735,63744,9
12.9226198196,80.1475067139,63744,63755,11
12.9226102829,80.1479187012,63755,63765,10
12.9225797653,80.1486816406,63765,63775,10
12.9226398468,80.1495513916,63775,63785,10
12.9226703644,80.1504974365,63785,63795,10
12.9226999283,80.1511611938,63795,63806,11
12.9226999283,80.1511993408,63806,63816,10
12.9227104187,80.1514282227,63816,63826,10
12.9227304459,80.1519317627,63826,63836,10
12.9228200912,80.1525421143,63836,63846,10
12.9230003357,80.1532669067,63846,63856,10
12.9231796265,80.1539382935,63856,63866,10
12.9233598709,80.1545410156,63866,63876,10
12.9234104156,80.1547393799,63876,63886,10
12.9234304428,80.1548080444,63886,63896,10
12.9234895706,80.1550674438,63896,63906,10
12.9236097336,80.1556015015,63906,63917,11
12.9236803055,80.1564407349,63917,63927,10
12.923620224,80.1572494507,63927,63937,10
12.9235496521,80.1580734253,63937,63947,10
12.9234800339,80.1588516235,63947,63957,10
12.9233999252,80.1597366333,63957,63967,10
12.923330307,80.1603469849,63967,63977,10
12.9233198166,80.1603775024,63977,63987,10
12.9233102798,80.1604385376,63987,63997,10
12.9231500626,80.1608810425,63997,64007,10
12.9228897095,80.1616210938,64007,64017,10
12.9225997925,80.1625137329,64017,64028,11
12.9223203659,80.1634063721,64028,64038,10
12.9220504761,80.1642303467,64038,64048,10
12.9217700958,80.1650466919,64048,64058,10
12.921500206,80.1659317017,64058,64068,10
12.9211797714,80.1669006348,64068,64078,10
12.920920372,80.1678009033,64078,64088,10
12.9207201004,80.1684188843,64088,64098,10
12.9204902649,80.1691665649,64098,64108,10
12.9202203751,80.1700820923,64108,64118,10
12.9199495316,80.1709594727,64118,64129,11
12.9199199677,80.1710586548,64129,64139,10
12.9198703766,80.1711425781,64139,64149,10
12.919719696,80.1715774536,64149,64159,10
12.9195203781,80.1723175049,64159,64169,10
12.9193000793,80.1731796265,64169,64179,10
12.9190502167,80.1742019653,64179,64189,10
12.918800354,80.1753005981,64189,64199,10
12.9185199738,80.176361084,64199,64209,10
12.9183301926,80.1774520874,64209,64219,10
12.9185400009,80.1784515381,64219,64229,10
12.9191598892,80.1792984009,64229,64240,11
12.9195203781,80.1804122925,64240,64250,10
12.9197397232,80.1815109253,64250,64260,10
12.919960022,80.1825485229,64260,64270,10
12.9203100204,80.1840209961,64270,64341,71
12.9203100204,80.1840209961,64341,64351,10
12.9203796387,80.1843414307,64351,64361,10
12.9205303192,80.1849517822,64361,64371,10
12.9206695557,80.1854782104,64371,64381,10
12.9206800461,80.1855163574,64381,64391,10
12.9206600189,80.1858825684,64391,64401,10
12.9202299118,80.1864089966,64401,64411,10
12.919670105,80.1870498657,64411,64421,10
12.9190797806,80.1877212524,64421,64431,10
12.9186401367,80.1882019043,64431,64441,10
12.9181203842,80.1887817383,64441,64452,11
12.9176197052,80.1896514893,64452,64462,10
12.9174699783,80.1903076172,64462,64472,10
12.9174098969,80.1906585693,64472,64482,10
12.9173297882,80.1912612915,64482,64492,10
12.9172296524,80.1921081543,64492,64502,10
12.9171104431,80.1931762695,64502,64522,20
12.9171104431,80.1931762695,64522,64532,10
12.917090416,80.1932678223,64532,64542,10
12.9170398712,80.1935272217,64542,64553,11
12.917090416,80.1939163208,64553,64563,10
12.9170999527,80.1939926147,64563,64573,10
12.9171800613,80.1942825317,64573,64583,10
12.9175395966,80.194732666,64583,64593,10
12.9181098938,80.1952209473,64593,64603,10
12.9187498093,80.1958007813,64603,64613,10
12.9193496704,80.1962814331,64613,64623,10
12.9196395874,80.1964416504,64623,64633,10
12.9201498032,80.1966400146,64633,64649,16
12.921210289,80.1969985962,64649,64662,13
12.9222602844,80.1973190308,64662,64672,10
12.922949791,80.1974105835,64672,64682,10
12.9232501984,80.1974487305,64682,64692,10
12.9234104156,80.197479248,64692,64702,10
12.9239501953,80.197517395,64702,64712,10
12.9247598648,80.197517395,64712,64722,10
12.9252996445,80.197517395,64722,64732,10
12.9256896973,80.1975402832,64732,64742,10
12.9263496399,80.1976013184,64742,64752,10
12.9270296097,80.1978683472,64752,64762,10
12.9276304245,80.1983184814,64762,64773,11
12.9280996323,80.1991424561,64773,64783,10
12.9284095764,80.200012207,64783,64793,10
12.9284801483,80.2009963989,64793,64803,10
12.9285202026,80.201789856,64803,64813,10
12.9285202026,80.2019805908,64813,64823,10
12.928560257,80.2024612427,64823,64833,10
12.9292201996,80.2027206421,64833,64843,10
12.9294595718,80.2027587891,64843,64853,10
12.9296197891,80.2028198242,64853,64863,10
12.9301900864,80.2028808594,64863,64874,11
12.9309101105,80.2030334473,64874,64884,10
12.9316797256,80.2032775879,64884,64894,10
12.9324998856,80.2035522461,64894,64904,10
12.9331798553,80.2037887573,64904,64914,10
12.9337701797,80.2039108276,64914,64924,10
12.9338502884,80.203918457,64924,64934,10
12.9340200424,80.2039489746,64934,64944,10
12.9345302582,80.2039794922,64944,64954,10
12.935210228,80.2041625977,64954,64964,10
12.9359998703,80.2044906616,64964,64974,10
12.9368000031,80.2047195435,64974,64985,11
12.9376802444,80.2049789429,64985,64995,10
12.9383897781,80.2051773071,64995,65005,10
12.939040184,80.2053833008,65005,65015,10
12.9397296906,80.2055969238,65015,65025,10
12.9400196075,80.2056808472,65025,65035,10
12.9401702881,80.2057266235,65035,65045,10
12.9406700134,80.2058792114,65045,65055,10
12.9412698746,80.2061462402,65055,65065,10
12.94190979,80.2065811157,65065,65075,10
12.9425401688,80.2070922852,65075,65086,11
12.9430503845,80.2077484131,65086,65096,10
12.9434995651,80.2080993652,65096,65106,10
12.9440603256,80.2083206177,65106,65116,10
12.9443397522,80.2083969116,65116,65126,10
12.9446601868,80.2085418701,65126,65136,10
12.9452896118,80.208770752,65136,65146,10
12.946100235,80.2090835571,65146,65156,10
12.946969986,80.2093963623,65156,65166,10
12.9477796555,80.2097320557,65166,65176,10
12.9485797882,80.2100296021,65176,65186,10
12.9495401382,80.2104034424,65186,65197,11
12.9507703781,80.210899353,65197,65207,10
12.9517202377,80.2112808228,65207,65217,10
12.9523801804,80.2115631104,65217,65227,10
12.9528102875,80.2117080688,65227,65246,19
12.9534101486,80.2119674683,65246,65258,12
12.9538402557,80.2121505737,65258,65266,8
12.9543199539,80.2123413086,65266,65278,12
12.955280304,80.2127227783,65278,65288,10
12.9561004639,80.2130432129,65288,65298,10
12.9568901062,80.2133331299,65298,65309,11
12.957859993,80.2137298584,65309,65319,10
12.9587497711,80.2140808105,65319,65329,10
12.9594497681,80.2143630981,65329,65339,10
12.9601697922,80.2146682739,65339,65350,11
12.9605798721,80.2148284912,65350,65360,10
12.9612703323,80.2151031494,65360,65368,8
12.9618902206,80.2153396606,65368,65380,12
12.9628295898,80.215713501,65380,65390,10
12.9633197784,80.2158813477,65390,65401,11
12.9633798599,80.2159194946,65401,65411,10
12.9637002945,80.2160568237,65411,65421,10
12.9642601013,80.2163085938,65421,65431,10
12.9649896622,80.2166137695,65431,65441,10
12.9657802582,80.2169189453,65441,65451,10
12.9664802551,80.2171936035,65451,65461,10
12.9671201706,80.2174377441,65461,65471,10
12.9676399231,80.2176513672,65471,65481,10
12.9680099487,80.2177963257,65481,65491,10
12.9685602188,80.2180099487,65491,65501,10
12.9693002701,80.2183074951,65501,65512,11
12.9702596664,80.2186889648,65512,65522,10
12.9709596634,80.2189407349,65522,65532,10
12.9710798264,80.2189788818,65532,65542,10
12.971280098,80.2190628052,65542,65552,10
12.9717302322,80.2192382813,65552,65562,10
12.9722204208,80.2194595337,65562,65572,10
12.972869873,80.2197113037,65572,65582,10
12.9735403061,80.2199783325,65582,65592,10
12.9740600586,80.2202224731,65592,65623,31
12.9740600586,80.2202224731,65623,65633,10
12.9742898941,80.2204971313,65633,65643,10
12.9747400284,80.2206878662,65643,65653,10
12.9752397537,80.2208023071,65653,65764,111
12.9752397537,80.2208023071,65764,65774,10
12.9755601883,80.2208633423,65774,65784,10
12.9758195877,80.2211227417,65784,65794,10
12.9760599136,80.221321106,65794,65814,20
12.9760599136,80.221321106,65814,65825,11
12.9762401581,80.2213516235,65825,65835,10
12.9766302109,80.2213134766,65835,65845,10
12.9768199921,80.2213134766,65845,65855,10
12.9772796631,80.2212982178,65855,65865,10
12.9778003693,80.221282959,65865,65875,10
12.9783401489,80.2212600708,65875,65885,10
12.9790201187,80.2211990356,65885,65895,10
12.9795398712,80.2211837769,65895,65905,10
12.9802398682,80.2211227417,65905,65915,10
12.9809598923,80.2210922241,65915,65925,10
12.9814901352,80.221321106,65925,65936,11
12.982000351,80.2216567993,65936,65946,10
12.9824695587,80.221862793,65946,65956,10
12.9831800461,80.2221374512,65956,65976,20
12.9831800461,80.2221374512,65976,65986,10
12.9833297729,80.2222824097,65986,65996,10
12.9836702347,80.2225112915,65996,66006,10
12.9840602875,80.2227172852,66006,66016,10
12.9845304489,80.2230224609,66016,66027,11
12.9851102829,80.2232971191,66027,66037,10
12.9855203629,80.2232818604,66037,66047,10
12.98595047,80.2230606079,66047,66057,10
12.9863996506,80.2230377197,66057,66067,10
12.9865198135,80.2230377197,66067,66077,10
12.9867696762,80.2230682373,66077,66087,10
12.9871196747,80.2231063843,66087,66097,10
12.9871397018,80.2231216431,66097,66107,10
12.9873600006,80.2231292725,66107,66117,10
12.9877004623,80.2231063843,66117,66127,10
12.988120079,80.2228622437,66127,66137,10
12.9886703491,80.222366333,66137,66148,11
12.9891996384,80.2217407227,66148,66158,10
12.9895401001,80.2212905884,66158,66168,10
12.9900503159,80.2207183838,66168,66178,10
12.9905996323,80.2202911377,66178,66188,10
12.990819931,80.2201385498,66188,66198,10
12.9912996292,80.2197799683,66198,66238,40
12.9912996292,80.2197799683,66238,66249,11
12.991519928,80.219619751,66249,66259,10
12.9918899536,80.2193527222,66259,66269,10
12.9924297333,80.218963623,66269,66279,10
12.9929504395,80.2185821533,66279,66289,10
12.9934597015,80.2181930542,66289,66299,10
12.9939403534,80.2178497314,66299,66309,10
12.9945898056,80.2173919678,66309,66329,20
12.9945898056,80.2173919678,66329,66339,10
12.9948596954,80.2172088623,66339,66350,11
12.9952297211,80.2169723511,66350,66360,10
12.9956197739,80.2167892456,66360,66370,10
12.9962902069,80.2166137695,66370,66380,10
12.9970197678,80.2165222168,66380,66390,10
12.9972696304,80.2164535522,66390,66400,10
12.9975500107,80.2161636353,66400,66410,10
12.9975595474,80.2161636353,66410,66420,10
12.9977703094,80.2159805298,66420,66430,10
12.9981498718,80.2156066895,66430,66440,10
12.9987201691,80.2151184082,66440,66450,10
12.9991598129,80.2147369385,66450,66461,11
12.9995203018,80.2144622803,66461,66471,10
12.9998998642,80.2141189575,66471,66481,10
13.0002698898,80.2137832642,66481,66491,10
13.0007896423,80.2133102417,66491,66501,10
13.0011701584,80.2130203247,66501,66511,10
13.0016098022,80.2126998901,66511,66521,10
13.0021800995,80.2123336792,66521,66531,10
13.0027303696,80.2121276855,66531,66541,10
13.0034704208,80.2120895386,66541,66551,10
13.0040998459,80.212097168,66551,66562,11
13.0047197342,80.2123718262,66562,66572,10
13.0052404404,80.2126998901,66572,66582,10
13.0059099197,80.2129516602,66582,66592,10
13.006480217,80.2127532959,66592,66602,10
13.007229805,80.2128067017,66602,66662,60
13.007229805,80.2128067017,66662,66673,11
13.0075798035,80.2128829956,66673,66683,10
13.0077400208,80.2129821777,66683,66703,20
13.0077400208,80.2129821777,66703,66713,10
13.0078401566,80.2130966187,66713,66784,71
13.0078401566,80.2130966187,66784,66794,10
13.0083599091,80.2133712769,66794,66804,10
13.0086603165,80.2136306763,66804,66814,10
13.0089902878,80.2140808105,66814,66824,10
13.0094604492,80.2147293091,66824,66834,10
13.0098400116,80.2152175903,66834,66844,10
13.0101995468,80.2156982422,66844,66854,10
13.01060009,80.216293335,66854,66863,9
13.0107898712,80.2168579102,66863,66874,11
13.0111398697,80.2176208496,66874,66885,11
13.0114297867,80.2184371948,66885,66895,10
13.0116996765,80.2192764282,66895,66905,10
13.0119895935,80.2202224731,66905,66915,10
13.0122804642,80.2210617065,66915,66925,10
13.0125598907,80.2216110229,66925,66935,10
13.0127401352,80.2219619751,66935,66945,10
13.0130500793,80.2222595215,66945,66955,10
13.0133199692,80.2225036621,66955,66965,10
13.0135602951,80.2228317261,66965,66975,10
13.013879776,80.2232666016,66975,66986,11
13.0141601563,80.2236175537,66986,66996,10
13.0143098831,80.223777771,66996,67006,10
13.0145101547,80.2239227295,67006,67016,10
13.0147600174,80.224281311,67016,67026,10
13.015080452,80.2246780396,67026,67036,10
13.0155601501,80.225112915,67036,67056,20
13.0155601501,80.225112915,67056,67066,10
13.0156803131,80.2251968384,67066,67076,10
13.0160903931,80.2254104614,67076,67086,10
13.01679039,80.2252807617,67086,67097,11
13.0176200867,80.224937439,67097,67107,10
13.0184001923,80.224609375,67107,67117,10
13.0189304352,80.2243804932,67117,67125,8
13.0192699432,80.2243728638,67125,67137,12
13.0195598602,80.2244796753,67137,67147,10
13.0197896957,80.2246322632,67147,67157,10
13.0200901031,80.2248687744,67157,67167,10
13.0203800201,80.2250671387,67167,67177,10
13.0206804276,80.2252807617,67177,67187,10
13.0210199356,80.2255401611,67187,67198,11
13.0213603973,80.2258224487,67198,67208,10
13.0217895508,80.2261199951,67208,67218,10
13.0219497681,80.2262268066,67218,67228,10
13.0221595764,80.2264022827,67228,67238,10
13.0224504471,80.2266921997,67238,67248,10
13.0228595734,80.2270584106,67248,67258,10
13.0233402252,80.2274780273,67258,67268,10
13.0238599777,80.2279586792,67268,67278,10
13.0242004395,80.2283325195,67278,67299,21
13.0242004395,80.2283325195,67299,67309,10
13.0243501663,80.2285308838,67309,67318,9
13.0245599747,80.2288284302,67318,67329,11
13.0248003006,80.2291793823,67329,67339,10
13.0250597,80.2295379639,67339,67349,10
13.0253801346,80.2299423218,67349,67359,10
13.0257101059,80.23046875,67359,67369,10
13.0258703232,80.230758667,67369,67430,61
13.0258703232,80.230758667,67430,67440,10
13.0259599686,80.2310409546,67440,67450,10
13.0260400772,80.2313995361,67450,67460,10
13.0263700485,80.2313690186,67460,67476,16
13.0274600983,80.2310714722,67476,67488,12
13.0281400681,80.2310028076,67488,67498,10
13.028840065,80.2309188843,67498,67519,21
13.028840065,80.2309188843,67519,67529,10
13.0291700363,80.2309417725,67529,67539,10
13.0296001434,80.2308807373,67539,67549,10
13.029999733,80.2308425903,67549,67599,50
13.0301799774,80.2308120728,67599,67660,61
13.0301799774,80.2308120728,67660,67670,10
13.0304899216,80.2307815552,67670,67680,10
13.0309295654,80.2307434082,67680,67690,10
13.0314102173,80.2307128906,67690,67700,10
13.031920433,80.230682373,67700,67710,10
13.0321102142,80.2306594849,67710,67721,11
13.0326004028,80.2306213379,67721,67731,10
13.0331201553,80.2305831909,67731,67741,10
13.0335597992,80.2305603027,67741,67751,10
13.0338602066,80.2305526733,67751,67761,10
13.0340795517,80.2305221558,67761,67771,10
13.0347299576,80.2303619385,67771,67912,141
13.0347299576,80.2303619385,67912,67922,10
13.0349197388,80.2302932739,67922,67933,11
13.0350503922,80.230140686,67933,67943,10
13.0350599289,80.2300033569,67943,67953,10
13.0349597931,80.2298812866,67953,67963,10
13.0346403122,80.2298583984,67963,67973,10
13.0343503952,80.2298126221,67973,67983,10
13.0342102051,80.2300796509,67983,68286,303
13.0342102051,80.2300796509,68286,68296,10
13.0340995789,80.2304916382,68296,68306,10
13.0339899063,80.2305297852,68306,68316,10
13.0336399078,80.230506897,68316,68326,10
13.0332603455,80.2305374146,68326,68336,10
13.0326299667,80.2305831909,68336,68346,10
13.0320596695,80.2306671143,68346,68357,11
13.0313396454,80.23072052,68357,68367,10
13.0307798386,80.2307510376,68367,68377,10
13.030500412,80.230796814,68377,68387,10
13.0300502777,80.2308273315,68387,68397,10
13.0296602249,80.2309188843,68397,68407,10
13.0292396545,80.2309570313,68407,68417,10
13.028670311,80.2309799194,68417,68427,10
13.0281200409,80.2310333252,68427,68437,10
13.0277204514,80.2310791016,68437,68447,10
13.0276699066,80.231338501,68447,68458,11
13.0277099609,80.2318496704,68458,68468,10
13.0277900696,80.232421875,68468,68478,10
13.0278100967,80.2328796387,68478,68488,10
13.0273399353,80.232963562,68488,68498,10
13.0269002914,80.2330169678,68498,68538,40
13.0269002914,80.2330169678,68538,68548,10
13.0265598297,80.2331008911,68548,68558,10
13.0263299942,80.2328567505,68558,68569,11
13.0262203217,80.2325363159,68569,68579,10
13.026140213,80.2322769165,68579,68589,10
13.0260801315,80.2320022583,68589,68599,10
13.0259799957,80.2316589355,68599,68609,10
13.0258703232,80.2312164307,68609,68619,10
13.0257196426,80.2307128906,68619,68629,10
13.0253801346,80.2301101685,68629,68639,10
13.0249700546,80.2295608521,68639,68649,10
13.0247402191,80.2292709351,68649,68659,10
13.0245599747,80.2290420532,68659,68669,10
13.0242795944,80.2286605835,68669,68680,11
13.0238399506,80.2280807495,68680,68690,10
13.0232601166,80.2275619507,68690,68736,46
13.0232601166,80.2275619507,68736,68747,11
13.0225601196,80.2270584106,68747,68769,22
13.0225601196,80.2270584106,68769,68780,11
13.0224895477,80.2268371582,68780,68790,10
13.0224504471,80.2267608643,68790,68800,10
13.0221300125,80.2265014648,68800,68810,10
13.0216503143,80.2261123657,68810,68820,10
13.0211801529,80.2257537842,68820,68830,10
13.0207700729,80.2254180908,68830,68840,10
13.0202302933,80.2250823975,68840,68850,10
13.0198001862,80.2247772217,68850,68860,10
13.019370079,80.224571228,68860,68870,10
13.0186796188,80.2245864868,68870,68881,11
13.0183200836,80.2247314453,68881,68891,10
13.0183095932,80.2247390747,68891,68901,10
13.0180797577,80.2248382568,68901,68911,10
13.0178499222,80.224937439,68911,68921,10
13.0176200867,80.2250213623,68921,68931,10
13.0175199509,80.2250595093,68931,68941,10
13.0173797607,80.2250976563,68941,68971,30
13.0173797607,80.2250976563,68971,68981,10
13.0170001984,80.2252731323,68981,68992,11
13.0168304443,80.2253417969,68992,69002,10
13.0165996552,80.2254180908,69002,69032,30
13.0165996552,80.2254180908,69032,69042,10
13.0162296295,80.2255783081,69042,69052,10
13.0160398483,80.2256622314,69052,69062,10
13.0158901215,80.2257232666,69062,69072,10
13.0153999329,80.2258605957,69072,69082,10
13.0147199631,80.2260971069,69082,69093,11
13.0142602921,80.2263031006,69093,69103,10
13.0142498016,80.2263031006,69103,69113,10
13.0141496658,80.2262878418,69113,69123,10
13.0138196945,80.2264328003,69123,69133,10
13.0132303238,80.2266693115,69133,69143,10
13.0124797821,80.2269668579,69143,69153,10
13.0116195679,80.2273025513,69153,69163,10
13.0107002258,80.2276382446,69163,69173,10
13.0099096298,80.2279510498,69173,69183,10
13.0094604492,80.2277297974,69183,69194,11
13.0096302032,80.2273101807,69194,69204,10
13.0098400116,80.2268981934,69204,69214,10
13.010020256,80.2265167236,69214,69224,10
13.010140419,80.226272583,69224,69234,10
13.0102396011,80.22605896,69234,69254,20
13.0102396011,80.22605896,69254,69264,10
13.0103597641,80.2258224487,69264,69274,10
13.0104598999,80.2255935669,69274,69284,10
13.0105304718,80.2254714966,69284,69294,10
13.0106801987,80.2251586914,69294,69305,11
13.0108003616,80.2248687744,69305,69315,10
13.0109500885,80.2244491577,69315,69325,10
13.0111598969,80.2239074707,69325,69335,10
13.0113697052,80.2233428955,69335,69345,10
13.011639595,80.2226715088,69345,69355,10
13.0118398666,80.2220001221,69355,69365,10
13.0120897293,80.2213821411,69365,69375,10
13.0121002197,80.221031189,69375,69385,10
13.011879921,80.2204208374,69385,69395,10
13.0117502213,80.2200393677,69395,69406,11
13.011639595,80.2196578979,69406,69416,10
13.0114803314,80.2192001343,69416,69426,10
13.0113401413,80.2188034058,69426,69436,10
13.0112800598,80.2185821533,69436,69446,10
13.0111598969,80.2181625366,69446,69456,10
13.0109395981,80.2177200317,69456,69466,10
13.0107603073,80.217338562,69466,69475,9
13.0106601715,80.217048645,69475,69485,10
13.0105600357,80.2167434692,69485,69496,11
13.0103797913,80.2163314819,69496,69506,10
13.0101804733,80.2160720825,69506,69517,11
13.0100698471,80.2158432007,69517,69527,10
13.0099401474,80.2155380249,69527,69547,20
13.0099401474,80.2155380249,69547,69557,10
13.0097999573,80.2152633667,69557,69698,141
13.0097999573,80.2152633667,69698,69708,10
13.0095396042,80.2149505615,69708,69718,10
13.0094499588,80.2148284912,69718,69729,11
13.0093002319,80.2145996094,69729,69739,10
13.0092096329,80.2144927979,69739,69749,10
13.0088996887,80.2140808105,69749,69769,20
13.0088996887,80.2140808105,69769,69779,10
13.0088701248,80.2140426636,69779,69789,10
13.0087003708,80.2138214111,69789,69850,61
13.0087003708,80.2138214111,69850,69860,10
13.0083398819,80.2134780884,69860,69890,30
13.0083398819,80.2134780884,69890,69900,10
13.0081796646,80.2134017944,69900,69991,91
13.0078601837,80.213218689,69991,70042,51
13.0078601837,80.213218689,70042,70052,10
13.007519722,80.2129211426,70052,70062,10
13.0072002411,80.2128372192,70062,70072,10
13.0067901611,80.2127914429,70072,70082,10
13.0064001083,80.2127838135,70082,70092,10
13.0060396194,80.2129669189,70092,70102,10
13.0056200027,80.2129669189,70102,70111,9
13.0051298141,80.212677002,70111,70121,10
13.0044803619,80.2123718262,70121,70132,11
13.0036497116,80.2121582031,70132,70142,10
13.0030603409,80.2121200562,70142,70153,11
13.0024795532,80.2121582031,70153,70163,10
13.0020999908,80.2123184204,70163,70173,10
13.0015802383,80.212677002,70173,70183,10
13.0012702942,80.2128982544,70183,70193,10
13.0010099411,80.2130966187,70193,70203,10
13.0005302429,80.2135162354,70203,70213,10
12.9999799728,80.2140274048,70213,70223,10
12.9996004105,80.2143630981,70223,70233,10
12.9992303848,80.2146911621,70233,70243,10
12.9989595413,80.2149429321,70243,70254,11
12.9984798431,80.2153701782,70254,70264,10
12.9979200363,80.2158203125,70264,70274,10
12.9973096848,80.2163696289,70274,70365,91
12.9973096848,80.2163696289,70365,70375,10
12.9971599579,80.2165679932,70375,70385,10
12.9970502853,80.2165908813,70385,70395,10
12.9967603683,80.216583252,70395,70415,20
12.9967603683,80.216583252,70415,70425,10
12.9960603714,80.2166595459,70425,70445,20
12.9960603714,80.2166595459,70445,70456,11
12.9955396652,80.2168121338,70456,70476,20
12.9955396652,80.2168121338,70476,70486,10
12.9951400757,80.217010498,70486,70506,20
12.9951400757,80.217010498,70506,70516,10
12.9949598312,80.2171325684,70516,70526,10
12.994720459,80.217300415,70526,70536,10
12.994310379,80.2175979614,70536,70546,10
12.9939203262,80.2179031372,70546,70556,10
12.9934196472,80.2182769775,70556,70567,11
12.9927997589,80.2186965942,70567,70577,10
12.9921598434,80.2192306519,70577,70587,10
12.9915599823,80.219619751,70587,70597,10
12.9911403656,80.2198791504,70597,70607,10
12.9907398224,80.2201919556,70607,70617,10
12.9907197952,80.220199585,70617,70626,9
12.9905500412,80.2203369141,70626,70636,10
12.9902000427,80.2206115723,70636,70849,213
12.9899101257,80.2208404541,70849,70910,61
12.9897003174,80.2210998535,70910,71080,170
12.9897003174,80.2210998535,71080,71092,12
12.9893798828,80.2213897705,71092,71189,97
12.9891996384,80.2217102051,71189,71221,32
12.9891996384,80.2217102051,71221,71231,10
12.9889698029,80.2219696045,71231,71261,30
12.9889698029,80.2219696045,71261,71271,10
12.988820076,80.2221679688,71271,71352,81
12.9885902405,80.2224502563,71352,71401,49
12.9885902405,80.2224502563,71401,71413,12
12.9881696701,80.2228164673,71413,71423,10
12.9879398346,80.2229995728,71423,71433,10
12.9878997803,80.2230224609,71433,71443,10
12.987739563,80.2230987549,71443,71453,10
12.9877300262,80.2230987549,71453,71463,10
12.9874801636,80.2231369019,71463,71493,30
12.9874801636,80.2231369019,71493,71504,11
12.9873104095,80.2231216431,71504,71514,10
12.9869604111,80.2230682373,71514,71524,10
12.9865198135,80.2229995728,71524,71534,10
12.986000061,80.2229919434,71534,71542,8
12.9855604172,80.2231826782,71542,71554,12
12.9850797653,80.2232818604,71554,71564,10
12.98458004,80.2230606079,71564,71574,10
12.9842996597,80.2228927612,71574,71584,10
12.9841403961,80.2227783203,71584,71594,10
12.9839601517,80.2226867676,71594,71604,10
12.9837598801,80.2225799561,71604,71614,10
12.9834003448,80.2223434448,71614,71645,31
12.9834003448,80.2223434448,71645,71655,10
12.9832696915,80.2221984863,71655,71665,10
12.9830703735,80.2220687866,71665,71675,10
12.9827003479,80.2219467163,71675,71685,10
12.9822597504,80.2218017578,71685,71695,10
12.9817199707,80.2214431763,71695,71705,10
12.9810600281,80.2210769653,71705,71715,10
12.9803199768,80.2211380005,71715,71726,11
12.9794101715,80.2211990356,71726,71736,10
12.9786300659,80.2212371826,71736,71746,10
12.9780302048,80.2212524414,71746,71756,10
12.9776496887,80.2212524414,71756,71766,10
12.977350235,80.2212600708,71766,71776,10
12.9768800735,80.2212600708,71776,71786,10
12.9765195847,80.2212982178,71786,71796,10
12.9762296677,80.2213287354,71796,71806,10
12.9758901596,80.2213363647,71806,71816,10
12.9756298065,80.2211074829,71816,71847,31
12.9756298065,80.2211074829,71847,71857,10
12.9753904343,80.2208633423,71857,71887,30
12.9753904343,80.2208633423,71887,71897,10
12.975230217,80.2207717896,71897,71907,10
12.9750204086,80.2206802368,71907,71917,10
12.9745197296,80.220451355,71917,71927,10
12.9737997055,80.2201385498,71927,71938,11
12.9730396271,80.2198181152,71938,71948,10
12.9724197388,80.2195892334,71948,71958,10
12.9717197418,80.2193374634,71958,71968,10
12.9710998535,80.2192001343,71968,71977,9
12.9710102081,80.2191772461,71977,71988,11
12.9709300995,80.2191619873,71988,71998,10
12.9705295563,80.2189178467,71998,72008,10
12.9699001312,80.2186584473,72008,72018,10
12.9692201614,80.2183990479,72018,72028,10
12.9685401917,80.2181396484,72028,72039,11
12.9678096771,80.2178421021,72039,72049,10
12.9671001434,80.2175598145,72049,72059,10
12.9662599564,80.2172088623,72059,72069,10
12.9654598236,80.2168884277,72069,72079,10
12.9644804001,80.2164993286,72079,72089,10
12.9636497498,80.2161331177,72089,72099,10
12.9629602432,80.2158432007,72099,72109,10
12.9628400803,80.2157897949,72109,72119,10
12.9624795914,80.215637207,72119,72129,10
12.9618797302,80.2154006958,72129,72139,10
12.961139679,80.2151107788,72139,72150,11
12.9601697922,80.2147293091,72150,72160,10
12.9591598511,80.2143325806,72160,72170,10
12.9580898285,80.2138977051,72170,72180,10
12.9569997787,80.2134628296,72180,72190,10
12.9558801651,80.2130279541,72190,72200,10
12.9547796249,80.212600708,72200,72210,10
12.9539804459,80.2122802734,72210,72220,10
12.9526996613,80.2117767334,72220,72230,10
12.9516296387,80.2113571167,72230,72240,10
12.9505500793,80.2109375,72240,72251,11
12.9494600296,80.2105102539,72251,72261,10
12.9485702515,80.2101593018,72261,72271,10
12.9476604462,80.2098007202,72271,72281,10
12.9466199875,80.2093811035,72281,72291,10
12.9455499649,80.208946228,72291,72301,10
12.9446897507,80.2086105347,72301,72311,10
12.9442195892,80.2084274292,72311,72321,10
12.9441795349,80.2084197998,72321,72331,10
12.9438199997,80.2082519531,72331,72341,10
12.9432401657,80.2080001831,72341,72351,10
12.942700386,80.2074584961,72351,72362,11
12.9421100616,80.2068099976,72362,72372,10
12.9413795471,80.2062530518,72372,72382,10
12.9409799576,80.2060394287,72382,72392,10
12.9409303665,80.2060165405,72392,72402,10
12.9406995773,80.2059173584,72402,72412,10
12.9406003952,80.2058868408,72412,72422,10
12.9401903152,80.2057571411,72422,72442,20
12.9399995804,80.2057113647,72442,72483,41
12.9399995804,80.2057113647,72483,72493,10
12.939620018,80.205581665,72493,72503,10
12.9394397736,80.2055206299,72503,72513,10
12.939160347,80.2054367065,72513,72523,10
12.9386997223,80.205291748,72523,72533,10
12.9380903244,80.205116272,72533,72543,10
12.9373703003,80.2049179077,72543,72553,10
12.9365901947,80.2046890259,72553,72563,10
12.9357099533,80.2044372559,72563,72574,11
12.9348802567,80.2040786743,72574,72584,10
12.9340896606,80.2039794922,72584,72594,10
12.9337301254,80.203956604,72594,72604,10
12.9336500168,80.2039489746,72604,72614,10
12.9332304001,80.2038803101,72614,72624,10
12.9328603745,80.2037277222,72624,72634,10
12.9323301315,80.2035293579,72634,72644,10
12.9316196442,80.2032928467,72644,72654,10
12.9312696457,80.203163147,72654,72664,10
12.9310398102,80.203086853,72664,72675,11
12.9305400848,80.2029571533,72675,72685,10
12.9298696518,80.2028579712,72685,72695,10
12.9297103882,80.2028427124,72695,72705,10
12.9296703339,80.2028427124,72705,72715,10
12.9293203354,80.2027893066,72715,72725,10
12.9287395477,80.2026901245,72725,72735,10
12.9284496307,80.2023162842,72735,72745,10
12.9284296036,80.2018585205,72745,72755,10
12.9284200668,80.2013931274,72755,72765,10
12.9283895493,80.2006225586,72765,72776,11
12.9282302856,80.1995925903,72776,72786,10
12.9278898239,80.1988372803,72786,72796,10
12.9274101257,80.1981735229,72796,72806,10
12.9266004562,80.1976928711,72806,72816,10
12.9259004593,80.1975479126,72816,72826,10
12.9255599976,80.1975479126,72826,72836,10
12.925330162,80.1975479126,72836,72846,10
12.9248504639,80.1975402832,72846,72856,10
12.9241304398,80.1975402832,72856,72866,10
12.9235200882,80.197517395,72866,72876,10
12.9230899811,80.1974716187,72876,72887,11
12.922419548,80.1973800659,72887,72897,10
12.9219999313,80.1973190308,72897,72907,10
12.9219303131,80.197303772,72907,72917,10
12.9215202332,80.1971588135,72917,72927,10
12.9209403992,80.1969528198,72927,72937,10
12.920249939,80.1967086792,72937,72947,10
12.9195604324,80.1964569092,72947,72957,10
12.9189596176,80.1960601807,72957,72967,10
12.9184904099,80.195640564,72967,72977,10
12.9180002213,80.1951980591,72977,72988,11
12.9173803329,80.1946182251,72988,72998,10
12.9172000885,80.1944122314,72998,73008,10
12.9170398712,80.1941833496,73008,73018,10
12.9169597626,80.1939086914,73018,73028,10
12.9169397354,80.193649292,73028,73038,10
12.9169597626,80.193359375,73038,73048,10
12.9169998169,80.1930618286,73048,73058,10
12.9170598984,80.1927337646,73058,73068,10
12.917140007,80.1923217773,73068,73084,16
12.9172697067,80.1913986206,73084,73116,32
12.9172697067,80.1913986206,73116,73127,11
12.9173297882,80.1911087036,73127,73137,10
12.9173402786,80.1906280518,73137,73147,10
12.9173498154,80.1904296875,73147,73157,10
12.9174203873,80.1900405884,73157,73167,10
12.9176197052,80.1893920898,73167,73177,10
12.9180898666,80.188659668,73177,73186,9
12.9186296463,80.1880264282,73186,73198,12
12.9191799164,80.1874237061,73198,73208,10
12.9197702408,80.1867294312,73208,73218,10
12.9204502106,80.1859436035,73218,73228,10
12.9204702377,80.184967041,73228,73238,10
12.9202604294,80.1841506958,73238,73248,10
12.9201002121,80.1834030151,73248,73258,10
12.9199399948,80.1827926636,73258,73268,10
12.9199104309,80.1827011108,73268,73278,10
12.9198999405,80.1826171875,73278,73288,10
12.9198102951,80.1822509766,73288,73299,11
12.9197797775,80.1821670532,73299,73309,10
12.9196996689,80.1817779541,73309,73319,10
12.9195699692,80.1811676025,73319,73329,10
12.9194002151,80.1804199219,73329,73339,10
12.9192199707,80.1796112061,73339,73349,10
12.9187602997,80.1789016724,73349,73359,10
12.918510437,80.1785583496,73359,73369,10
12.9184303284,80.1784591675,73369,73379,10
12.9182100296,80.1781387329,73379,73389,10
12.9181604385,80.1774673462,73389,73399,10
12.9183101654,80.1767272949,73399,73410,11
12.9184999466,80.1758880615,73410,73420,10
12.9187297821,80.1750564575,73420,73430,10
12.9189596176,80.1741027832,73430,73440,10
12.9192199707,80.1731109619,73440,73450,10
12.9194803238,80.172203064,73450,73460,10
12.9197702408,80.1711120605,73460,73480,20
12.9197702408,80.1711120605,73480,73490,10
12.9197702408,80.171081543,73490,73500,10
12.9199104309,80.1706924438,73500,73511,11
12.9201202393,80.1699981689,73511,73521,10
12.9203195572,80.169380188,73521,73531,10
12.920539856,80.1686935425,73531,73541,10
12.9207897186,80.1679382324,73541,73551,10
12.9210796356,80.1670074463,73551,73561,10
12.9214000702,80.1660232544,73561,73571,10
12.9217395782,80.1650009155,73571,73581,10
12.9220399857,80.1640167236,73581,73591,10
12.9223299026,80.1631164551,73591,73601,10
12.9226303101,80.1621627808,73601,73612,11
12.9229602814,80.1611404419,73612,73622,10
12.9230699539,80.1607208252,73622,73632,10
12.9230899811,80.1606521606,73632,73642,10
12.9232196808,80.1602630615,73642,73652,10
12.9233398438,80.1595993042,73652,73662,10
12.9234199524,80.1587982178,73662,73672,10
12.9235200882,80.1578063965,73672,73682,10
12.9236001968,80.1568222046,73682,73692,10
12.9236497879,80.1559371948,73692,73702,10
12.9234600067,80.1552505493,73702,73712,10
12.9233903885,80.1550827026,73712,73723,11
12.9233598709,80.1549835205,73723,73733,10
12.9232597351,80.154548645,73733,73743,10
12.9230804443,80.1538772583,73743,73753,10
12.9229402542,80.1532897949,73753,73763,10
12.9227600098,80.1526031494,73763,73773,10
12.9226903915,80.1522369385,73773,73783,10
12.9226398468,80.1518630981,73783,73799,16
12.9226198196,80.1508865356,73799,73811,12
12.9225902557,80.1500320435,73811,73819,8
12.9225797653,80.149520874,73819,73832,13
12.922539711,80.1485595703,73832,73842,10
12.922539711,80.1478729248,73842,73852,10
12.9225101471,80.1473312378,73852,73862,10
12.9224996567,80.1471099854,73862,73872,10
12.9225101471,80.1470031738,73872,73881,9
12.9225196838,80.1466674805,73881,73892,11
12.9225196838,80.1459197998,73892,73902,10
12.9224596024,80.1451721191,73902,73912,10
12.9224395752,80.1443710327,73912,73922,10
12.9224100113,80.1436920166,73922,73933,11
12.9223899841,80.1433410645,73933,73943,10
12.922369957,80.1427383423,73943,73963,20
12.922369957,80.1427383423,73963,73973,10
12.922369957,80.1424102783,73973,73983,10
12.922369957,80.1418762207,73983,74003,20
12.922369957,80.1418762207,74003,74013,10
12.922369957,80.1417999268,74013,74023,10
12.9223604202,80.1412887573,74023,74033,10
12.9223604202,80.1407089233,74033,74044,11
12.9223499298,80.1404418945,74044,74054,10
12.9223403931,80.1401824951,74054,74064,10
12.9223403931,80.1399307251,74064,74074,10
12.9223299026,80.1393890381,74074,74084,10
12.922369957,80.1386184692,74084,74094,10
12.922419548,80.1379013062,74094,74104,10
12.9224500656,80.1371002197,74104,74114,10
12.9224901199,80.1362991333,74114,74124,10
12.9225196838,80.1354675293,74124,74134,10
12.922539711,80.1345825195,74134,74145,11
12.9225997925,80.1335906982,74145,74155,10
12.9226303101,80.1327896118,74155,74165,10
12.9226503372,80.1321563721,74165,74175,10
12.9226703644,80.1314163208,74175,74185,10
12.9226903915,80.1313018799,74185,74195,10
12.9227104187,80.1308822632,74195,74205,10
12.9227399826,80.1302032471,74205,74215,10
12.9227800369,80.1296081543,74215,74225,10
12.9228096008,80.1290206909,74225,74235,10
12.9228401184,80.1283416748,74235,74245,10
12.9228696823,80.1276397705,74245,74256,11
12.9228696823,80.1273574829,74256,74266,10
12.9228801727,80.1268386841,74266,74276,10
12.9229097366,80.1260681152,74276,74286,10
12.9229602814,80.1253433228,74286,74296,10
12.9229803085,80.1245498657,74296,74306,10
12.9230203629,80.1236190796,74306,74316,10
12.9230804443,80.1225204468,74316,74326,10
12.9231300354,80.1214981079,74326,74336,10
12.9231901169,80.1206130981,74336,74357,21
12.9231901169,80.1206130981,74357,74367,10
12.9232196808,80.1205062866,74367,74377,10
12.9232597351,80.1201171875,74377,74387,10
12.9232997894,80.1194992065,74387,74397,10
12.9232997894,80.1188201904,74397,74407,10
12.9233398438,80.1183013916,74407,74417,10
12.9234104156,80.1177368164,74417,74427,10
12.9234399796,80.1170578003,74427,74619,192
12.9234399796,80.1170578003,74619,74629,10
12.9235601425,80.1168899536,74629,74639,10
12.9235401154,80.1171035767,74639,74649,10
12.9234895706,80.117401123,74649,74659,10
12.9235801697,80.1177825928,74659,74670,11
12.9235095978,80.1183319092,74670,74680,10
12.9234695435,80.1189422607,74680,74690,10
12.9233903885,80.1195678711,74690,74700,10
12.9233503342,80.1200637817,74700,74710,10
12.9232997894,80.1203689575,74710,74720,10
12.9232501984,80.1206893921,74720,74729,9
12.923210144,80.1210784912,74729,74739,10
12.9232397079,80.1214599609,74739,75114,375
12.9232397079,80.1214599609,75114,75124,10
12.9231700897,80.1217422485,75124,75134,10
12.9231395721,80.1222000122,75134,75144,10
12.9231004715,80.122756958,75144,75154,10
12.9230699539,80.1233901978,75154,75164,10
12.9230499268,80.1240615845,75164,75174,10
12.9230003357,80.1247634888,75174,75184,10
12.9229698181,80.1255264282,75184,75195,11
12.9229202271,80.1262130737,75195,75205,10
12.9229097366,80.1269073486,75205,75215,10
12.9228801727,80.1274185181,75215,75225,10
12.9228601456,80.1277389526,75225,75235,10
12.9228401184,80.1282119751,75235,75245,10
12.9228096008,80.1286468506,75245,75255,10
12.9228000641,80.1292495728,75255,75265,10
12.9227800369,80.1296005249,75265,75275,10
12.9227600098,80.1299591064,75275,75285,10
12.9227304459,80.1304092407,75285,75295,10
12.9227399826,80.1310195923,75295,75306,11
12.9226999283,80.1318283081,75306,75316,10
12.9226799011,80.132598877,75316,75326,10
12.9226398468,80.1333312988,75326,75336,10
12.9225997925,80.1341629028,75336,75346,10
12.9225702286,80.1349563599,75346,75356,10
12.922539711,80.1354217529,75356,75366,10
12.9225196838,80.1360626221,75366,75376,10
12.9224796295,80.1366271973,75376,75386,10
12.9224500656,80.137260437,75386,75397,11
12.9224004745,80.1380767822,75397,75407,10
12.922369957,80.1386489868,75407,75417,10
12.9223299026,80.1391830444,75417,75427,10
12.9223403931,80.1398620605,75427,75437,10
12.9223604202,80.1404037476,75437,75447,10
12.922369957,80.1407318115,75447,75457,10
12.9223804474,80.1413879395,75457,75467,10
12.9224100113,80.1421813965,75467,75477,10
12.9224300385,80.1426925659,75477,75518,41
12.9224300385,80.1426925659,75518,75528,10
12.9224596024,80.1430206299,75528,75538,10
12.9224901199,80.1435012817,75538,75548,10
12.9224996567,80.1437683105,75548,75558,10
12.9224796295,80.1439208984,75558,75568,10
12.9224901199,80.1444091797,75568,75578,10
12.9225196838,80.1451797485,75578,75588,10
12.9225597382,80.1460266113,75588,75598,10
12.9225702286,80.1469192505,75598,75608,10
12.9225997925,80.1474304199,75608,75619,11
12.9226102829,80.1479187012,75619,75629,10
12.9225902557,80.1485671997,75629,75639,10
12.9226303101,80.1494064331,75639,75649,10
12.922659874,80.1503295898,75649,75659,10
12.9227104187,80.1515197754,75659,75679,20
12.9227104187,80.1515197754,75679,75689,10
12.9227199554,80.1516418457,75689,75699,10
12.9227304459,80.1520309448,75699,75709,10
12.9228401184,80.1526565552,75709,75720,11
12.9230203629,80.1534118652,75720,75730,10
12.9231796265,80.1540679932,75730,75740,10
12.923330307,80.1546173096,75740,75750,10
12.9233503342,80.1546936035,75750,75760,10
12.9234199524,80.1550064087,75760,75770,10
12.9235496521,80.1556091309,75770,75780,10
12.9236402512,80.1564025879,75780,75790,10
12.9235601425,80.1572418213,75790,75800,10
12.9234695435,80.1581802368,75800,75810,10
12.9233703613,80.1592330933,75810,75820,10
12.9232702255,80.1602172852,75820,75831,11
12.9230499268,80.1609725952,75831,75841,10
12.9227800369,80.1617889404,75841,75851,10
12.9225101471,80.162612915,75851,75861,10
12.9222698212,80.1633377075,75861,75871,10
12.9220695496,80.1639709473,75871,75881,10
12.9218502045,80.1645812988,75881,75891,10
12.9215898514,80.1654129028,75891,75901,10
12.9212999344,80.1663208008,75901,75911,10
12.9210195541,80.1671905518,75911,75921,10
12.9207897186,80.1679992676,75921,75932,11
12.9205102921,80.1687774658,75932,75942,10
12.9202699661,80.1695632935,75942,75952,10
12.9200401306,80.1703796387,75952,75962,10
12.9198799133,80.1710510254,75962,75972,10
12.919839859,80.1711730957,75972,75982,10
12.9197597504,80.1713790894,75982,75992,10
12.919670105,80.1716995239,75992,76002,10
12.9195203781,80.1722869873,76002,76012,10
12.9193000793,80.1730270386,76012,76022,10
12.9191102982,80.1738433838,76022,76032,10
12.9189300537,80.1746292114,76032,76043,11
12.9187402725,80.1754837036,76043,76053,10
12.9184999466,80.1762466431,76053,76063,10
12.9183397293,80.176902771,76063,76073,10
12.9182195663,80.1775817871,76073,76083,10
12.9183397293,80.1782684326,76083,76093,10
12.9187498093,80.178817749,76093,76103,10
12.9191198349,80.179359436,76103,76113,10
12.9193696976,80.1800994873,76113,76123,10
12.9195699692,80.1809997559,76123,76133,10
12.9197597504,80.1819076538,76133,76144,11
12.9199800491,80.1828918457,76144,76154,10
12.9202203751,80.1839065552,76154,76214,60
12.9202203751,80.1839065552,76214,76224,10
12.9202003479,80.1839370728,76224,76234,10
12.92029953,80.1843109131,76234,76244,10
12.9204101563,80.184753418,76244,76255,11
12.9205598831,80.1852798462,76255,76265,10
12.9205904007,80.1854095459,76265,76275,10
12.9206199646,80.1856231689,76275,76285,10
12.9205503464,80.1859817505,76285,76295,10
12.9202203751,80.1863937378,76295,76305,10
12.919839859,80.1867980957,76305,76315,10
12.9193601608,80.1873474121,76315,76325,10
12.9189500809,80.1877975464,76325,76335,10
12.9185495377,80.1882171631,76335,76345,10
12.9181804657,80.1885910034,76345,76356,11
12.9177503586,80.1891403198,76356,76366,10
12.9174900055,80.1899032593,76366,76376,10
12.9173603058,80.1906204224,76376,76386,10
12.9173002243,80.1912536621,76386,76396,10
12.9172000885,80.1919403076,76396,76406,10
12.9171304703,80.192527771,76406,76416,10
12.9170598984,80.1930007935,76416,76426,10
12.9170598984,80.1930084229,76426,76436,10
12.9170198441,80.1932983398,76436,76446,10
12.9170398712,80.1939163208,76446,76457,11
12.9173202515,80.1945266724,76457,76467,10
12.9177598953,80.1949462891,76467,76477,10
12.9183101654,80.1954269409,76477,76487,10
12.9188499451,80.195930481,76487,76497,10
12.919380188,80.1963195801,76497,76507,10
12.9200000763,80.1966171265,76507,76517,10
12.9207201004,80.1968612671,76517,76527,10
12.9213895798,80.1970825195,76527,76537,10
12.9221696854,80.1973266602,76537,76547,10
12.9229898453,80.1974411011,76547,76557,10
12.9236698151,80.1975326538,76557,76568,11
12.9244804382,80.1975402832,76568,76578,10
12.9251804352,80.197517395,76578,76588,10
12.9253997803,80.197517395,76588,76598,10
12.9258899689,80.197517395,76598,76608,10
12.9265604019,80.1976470947,76608,76618,10
12.927189827,80.1979598999,76618,76634,16
12.9279403687,80.1988677979,76634,76646,12
12.92827034,80.1996002197,76646,76654,8
12.9284200668,80.2002487183,76654,76666,12
12.9284601212,80.2012710571,76666,76677,11
12.9285001755,80.2020568848,76677,76687,10
12.9287204742,80.2026824951,76687,76695,8
12.9292602539,80.2027511597,76695,76706,11
12.9294395447,80.2027816772,76706,76717,11
12.9300498962,80.20287323,76717,76727,10
12.9306201935,80.2029571533,76727,76737,10
12.9311304092,80.203086853,76737,76747,10
12.9317998886,80.2033233643,76747,76757,10
12.9324197769,80.2035293579,76757,76767,10
12.9329795837,80.2036972046,76767,76778,11
12.9332103729,80.2037963867,76778,76788,10
12.9337100983,80.2039108276,76788,76798,10
12.9341897964,80.2039489746,76798,76808,10
12.934220314,80.2039718628,76808,76818,10
12.9346199036,80.2040100098,76818,76828,10
12.9352703094,80.2041931152,76828,76838,10
12.9360704422,80.2044906616,76838,76848,10
12.9368000031,80.2047119141,76848,76858,10
12.9375295639,80.2049102783,76858,76868,10
12.9382896423,80.2051391602,76868,76879,11
12.939040184,80.2053604126,76879,76889,10
12.9397201538,80.205581665,76889,76899,10
12.940290451,80.2057418823,76899,76909,10
12.9408197403,80.2059173584,76909,76919,10
12.9413499832,80.2061767578,76919,76929,10
12.9418401718,80.2065124512,76929,76939,10
12.9423103333,80.2069015503,76939,76949,10
12.9427404404,80.207321167,76949,76959,10
12.9431400299,80.207862854,76959,76975,16
12.9439401627,80.2082672119,76975,76988,13
12.9442901611,80.2083969116,76988,76998,10
12.9443597794,80.2084274292,76998,77006,8
12.9446401596,80.2085418701,77006,77018,12
12.9453897476,80.2088165283,77018,77028,10
12.9461803436,80.2091217041,77028,77038,10
12.9469203949,80.2094116211,77038,77047,9
12.9476604462,80.2097091675,77047,77058,11
12.9484701157,80.2100296021,77058,77068,10
12.9492301941,80.210319519,77068,77078,10
12.9500598907,80.210647583,77078,77089,11
12.9510698318,80.2110366821,77089,77099,10
12.951880455,80.2113723755,77099,77108,9
12.952630043,80.2116470337,77108,77119,11
12.95333004,80.2119216919,77119,77129,10
12.9541597366,80.2122421265,77129,77139,10
12.954990387,80.2125778198,77139,77149,10
12.9558200836,80.2128982544,77149,77159,10
12.956609726,80.2132110596,77159,77169,10
12.957400322,80.2135314941,77169,77179,10
12.9582300186,80.2138671875,77179,77189,10
12.9589996338,80.2141723633,77189,77200,11
12.9597396851,80.2144699097,77200,77210,10
12.9604597092,80.2147598267,77210,77220,10
12.9611902237,80.215057373,77220,77230,10
12.961930275,80.2153396606,77230,77240,10
12.962679863,80.2156295776,77240,77250,10
12.9633598328,80.2158889771,77250,77260,10
12.9638299942,80.2160873413,77260,77270,10
12.9641199112,80.2161865234,77270,77280,10
12.9643297195,80.216293335,77280,77290,10
12.9648399353,80.2165222168,77290,77301,11
12.9656095505,80.2168197632,77301,77311,10
12.9662799835,80.2170791626,77311,77321,10
12.9669399261,80.217338562,77321,77331,10
12.967590332,80.2176208496,77331,77341,10
12.9681901932,80.217880249,77341,77351,10
12.968870163,80.2181396484,77351,77361,10
12.9696598053,80.2184524536,77361,77371,10
12.9705495834,80.2188034058,77371,77381,10
12.971280098,80.2190704346,77381,77391,10
12.9719696045,80.2193603516,77391,77402,11
12.9727802277,80.2196731567,77402,77412,10
12.9734897614,80.2199401855,77412,77422,10
12.9741802216,80.2202529907,77422,77432,10
12.9747800827,80.2204971313,77432,77442,10
12.9750299454,80.2205963135,77442,77452,10
12.9752597809,80.2206802368,77452,77462,10
12.975520134,80.2208404541,77462,77472,10
12.9757299423,80.2210998535,77472,77482,10
12.975979805,80.2212982178,77482,77502,20
12.975979805,80.2212982178,77502,77513,11
12.9761400223,80.221282959,77513,77523,10
12.9763898849,80.2212982178,77523,77533,10
12.9769001007,80.2212905884,77533,77543,10
12.9775600433,80.2212600708,77543,77553,10
12.9781799316,80.2212371826,77553,77563,10
12.9787797928,80.2211990356,77563,77573,10
12.9793596268,80.2211608887,77573,77583,10
12.9799604416,80.2211227417,77583,77593,10
12.9805498123,80.2210388184,77593,77603,10
12.9811496735,80.2211227417,77603,77614,11
12.9816999435,80.2214431763,77614,77624,10
12.9821596146,80.2217483521,77624,77634,10
12.9829101563,80.2220001221,77634,77654,20
12.9829101563,80.2220001221,77654,77664,10
12.9831495285,80.2221603394,77664,77674,10
12.9835300446,80.2224121094,77674,77684,10
12.9840698242,80.2227172852,77684,77694,10
12.98458004,80.2230300903,77694,77704,10
12.9851799011,80.2232894897,77704,77714,10
12.9856004715,80.2230834961,77714,77725,11
12.986120224,80.2229919434,77725,77735,10
12.9866199493,80.2230224609,77735,77745,10
12.9869604111,80.2230834961,77745,77755,10
12.9874000549,80.2231216431,77755,77765,10
12.9879598618,80.2229537964,77765,77775,10
12.9884395599,80.2225723267,77775,77785,10
12.9888601303,80.2220993042,77785,77795,10
12.9892501831,80.2215881348,77795,77805,10
12.9896497726,80.2210235596,77805,77821,16
12.9904403687,80.2202835083,77821,77834,13
12.9907798767,80.2200622559,77834,77844,10
12.9911203384,80.2198181152,77844,77854,10
12.9914703369,80.2195587158,77854,77864,10
12.9918498993,80.2192764282,77864,77874,10
12.9922895432,80.218963623,77874,77882,8
12.9927597046,80.2186279297,77882,77894,12
12.9934997559,80.2180633545,77894,77904,10
12.9939002991,80.2177810669,77904,77914,10
12.9941396713,80.2176132202,77914,77924,10
12.9941797256,80.2175979614,77924,77935,11
12.9942598343,80.2175521851,77935,77945,10
12.9945297241,80.2173614502,77945,77955,10
12.9949998856,80.2170181274,77955,77965,10
12.9954204559,80.2167892456,77965,77975,10
12.9958600998,80.2166366577,77975,77985,10
12.9963598251,80.2165527344,77985,77995,10
12.9968700409,80.216506958,77995,78005,10
12.9974803925,80.2161483765,78005,78036,31
12.9974803925,80.2161483765,78036,78046,10
12.9976100922,80.2160110474,78046,78056,10
12.9978199005,80.2158432007,78056,78066,10
12.9980802536,80.2155914307,78066,78076,10
12.9985103607,80.2152481079,78076,78086,10
12.9989595413,80.2148513794,78086,78096,10
12.9991903305,80.2146530151,78096,78106,10
12.9996099472,80.2142791748,78106,78116,10
12.9999599457,80.2139816284,78116,78126,10
13.0004501343,80.2135162354,78126,78137,11
13.0010004044,80.2130813599,78137,78147,10
13.0014696121,80.2127227783,78147,78157,10
13.0019397736,80.2124023438,78157,78167,10
13.0024003983,80.2121734619,78167,78177,10
13.0029602051,80.212097168,78177,78187,10
13.0035495758,80.212059021,78187,78197,10
13.0040502548,80.2120895386,78197,78207,10
13.0046701431,80.2123718262,78207,78217,10
13.0052604675,80.2127075195,78217,78227,10
13.0059204102,80.2129516602,78227,78237,10
13.0064897537,80.2127685547,78237,78248,11
13.0072402954,80.2128219604,78248,78258,10
13.0078201294,80.2130737305,78258,78278,20
13.0078201294,80.2130737305,78278,78288,10
13.0080003738,80.2132415771,78288,78298,10
13.0081195831,80.2133102417,78298,78308,10
13.0082302094,80.2133636475,78308,78318,10
13.0085697174,80.2135772705,78318,78328,10
13.0090303421,80.2141571045,78328,78338,10
13.0094995499,80.2148284912,78338,78348,10
13.0098400116,80.2152175903,78348,78365,17
13.0104703903,80.2161407471,78365,78377,12
13.0108098984,80.2169418335,78377,78387,10
13.0110702515,80.2175064087,78387,78397,10
13.0114297867,80.2185134888,78397,78407,10
13.0117797852,80.2194137573,78407,78417,10
13.0120601654,80.2203063965,78417,78425,8
13.0122900009,80.2209396362,78425,78437,12
13.0125598907,80.2215499878,78437,78448,11
13.0129804611,80.2221221924,78448,78457,9
13.013420105,80.2226028442,78457,78468,11
13.0138902664,80.2231826782,78468,78478,10
13.0142402649,80.2236099243,78478,78488,10
13.0145597458,80.2240219116,78488,78498,10
13.0150899887,80.2246627808,78498,78508,10
13.0155601501,80.2250213623,78508,78528,20
13.0155601501,80.2250213623,78528,78538,10
13.0158500671,80.2252883911,78538,78549,11
13.0165395737,80.2253265381,78549,78558,9
13.0172395706,80.2250595093,78558,78569,11
13.0181903839,80.2246780396,78569,78579,10
13.0189800262,80.2244033813,78579,78589,10
13.0197200775,80.2245635986,78589,78599,10
13.0203504562,80.2250213623,78599,78609,10
13.0209302902,80.225440979,78609,78619,10
13.0212402344,80.2257003784,78619,78629,10
13.0218000412,80.2260818481,78629,78639,10
13.0220603943,80.2262573242,78639,78649,10
13.0222702026,80.2264480591,78649,78659,10
13.0227499008,80.226890564,78659,78670,11
13.0233802795,80.2275009155,78670,78680,10
13.0239095688,80.2279891968,78680,78690,10
13.0243701935,80.2285079956,78690,78700,10
13.0247402191,80.229057312,78700,78710,10
13.025179863,80.2296218872,78710,78720,10
13.0255699158,80.230140686,78720,78730,10
13.0258798599,80.2307510376,78730,78740,10
13.0259895325,80.2311782837,78740,78750,10
13.0260801315,80.2313537598,78750,78760,10
13.0263900757,80.2312927246,78760,78771,11
13.0271196365,80.2311172485,78771,78781,10
13.0278396606,80.23097229,78781,78791,10
13.0286302567,80.2309036255,78791,78801,10
13.0293598175,80.2308578491,78801,78811,10
13.0296802521,80.2308120728,78811,78821,10
13.0302696228,80.230758667,78821,78831,10
13.0307197571,80.23072052,78831,78841,10
13.0310697556,80.2306900024,78841,78851,10
13.0316696167,80.2306518555,78851,78861,10
13.032409668,80.2305908203,78861,78871,10
13.0331401825,80.230506897,78871,78882,11
13.0339403152,80.2304534912,78882,78892,10
13.0344104767,80.2303924561,78892,78922,30
13.0344104767,80.2303924561,78922,78932,10
13.034620285,80.2303314209,78932,78993,61
13.034620285,80.2303314209,78993,79003,10
13.0348997116,80.2302474976,79003,79013,10
13.0350999832,80.2302017212,79013,79023,10
13.0350704193,80.2303771973,79023,79033,10
13.0349197388,80.2303695679,79033,79043,10
13.0347299576,80.2303619385,79043,79053,10
13.0344800949,80.2304229736,79053,79114,61
13.0344800949,80.2304229736,79114,79124,10
13.0341796875,80.2304763794,79124,79134,10
13.0338897705,80.2304916382,79134,79144,10
13.0334196091,80.230506897,79144,79154,10
13.0328798294,80.2305374146,79154,79164,10
13.0322704315,80.2306137085,79164,79174,10
13.0316495895,80.2306671143,79174,79184,10
13.0310602188,80.23072052,79184,79195,11
13.0306301117,80.2307434082,79195,79205,10
13.0304203033,80.2307662964,79205,79215,10
13.0300798416,80.230796814,79215,79225,10
13.0297403336,80.2308273315,79225,79235,10
13.029419899,80.2308731079,79235,79245,10
13.0291595459,80.2309036255,79245,79255,10
13.0288200378,80.2309188843,79255,79265,10
13.0283002853,80.2309417725,79265,79275,10
13.0278701782,80.2310028076,79275,79285,10
13.027680397,80.2310791016,79285,79296,11
13.0276699066,80.231552124,79296,79306,10
13.0277204514,80.2320404053,79306,79316,10
13.0277996063,80.2324676514,79316,79326,10
13.0277996063,80.2328567505,79326,79336,10
13.0273504257,80.2329177856,79336,79346,10
13.0269603729,80.2329711914,79346,79356,10
13.0269203186,80.2329788208,79356,79366,10
13.0267496109,80.233001709,79366,79376,10
13.0264596939,80.233001709,79376,79386,10
13.0262699127,80.2325973511,79386,79396,10
13.0261201859,80.2320785522,79396,79407,11
13.0260295868,80.231628418,79407,79417,10
13.0259799957,80.2313537598,79417,79427,10
13.0258598328,80.2309112549,79427,79437,10
13.0256795883,80.230506897,79437,79447,10
13.025349617,80.2299880981,79447,79456,9
13.0250797272,80.2296218872,79456,79467,11
13.0247402191,80.2291793823,79467,79477,10
13.0244903564,80.2288284302,79477,79487,10
13.0242300034,80.2284698486,79487,79497,10
13.0239601135,80.2280807495,79497,79508,11
13.0235595703,80.2276916504,79508,79518,10
13.0231895447,80.2273406982,79518,79528,10
13.0228395462,80.2270202637,79528,79538,10
13.0224599838,80.2266998291,79538,79548,10
13.0220603943,80.2263412476,79548,79558,10
13.0216999054,80.2260513306,79558,79568,10
13.0213003159,80.2257537842,79568,79578,10
13.0208597183,80.2254180908,79578,79588,10
13.020359993,80.2250976563,79588,79598,10
13.0199298859,80.224822998,79598,79608,10
13.0194997787,80.2245864868,79608,79619,11
13.0190401077,80.2245101929,79619,79629,10
13.0186796188,80.2246017456,79629,79639,10
13.0183200836,80.2247619629,79639,79649,10
13.0178604126,80.224937439,79649,79659,10
13.0174198151,80.2251205444,79659,79669,10
13.0170202255,80.2252807617,79669,79679,10
13.0167398453,80.2254104614,79679,79689,10
13.0163803101,80.2255630493,79689,79699,10
13.0159902573,80.2256469727,79699,79709,10
13.0156097412,80.2257385254,79709,79720,11
13.0152797699,80.2258834839,79720,79730,10
13.0150699615,80.2259521484,79730,79740,10
13.0150203705,80.2259674072,79740,79750,10
13.0146598816,80.226020813,79750,80455,705
13.0146598816,80.226020813,80455,80465,10
13.0144395828,80.2262268066,80465,80475,10
13.0143003464,80.2262496948,80475,80485,10
13.0141801834,80.2261962891,80485,80495,10
13.0141601563,80.2258377075,80495,80727,232
13.0141601563,80.2258377075,80727,80737,10
13.0141801834,80.225479126,80737,80747,10
13.0144395828,80.225151062,80747,81384,637
13.0146102905,80.2249679565,81384,84171,2787
13.0146102905,80.2249679565,84171,84181,10
13.0146102905,80.2254486084,84181,84595,414
13.0146102905,80.2254486084,84595,84605,10
13.0147304535,80.2256393433,84605,85806,1201
