12.998290062,80.2567825317,11,11,0
12.9982204437,80.2569274902,11,414,403
12.9983100891,80.2568664551,414,666,252
12.9981498718,80.2568283081,666,747,81
12.9982299805,80.2569198608,747,4107,3360
12.998290062,80.2569503784,4107,4289,182
12.9982795715,80.2567977905,4289,4450,161
12.9982595444,80.2568817139,4450,4511,61
12.998339653,80.2567977905,4511,5187,676
12.9982995987,80.2568664551,5187,5619,432
12.9982995987,80.2568206787,5619,6073,454
12.9984102249,80.2568511963,6073,6224,151
12.9983901978,80.2568588257,6224,9846,3622
12.9983596802,80.2567825317,9846,9897,51
12.9982795715,80.2568893433,9897,12117,2220
12.9981899261,80.2571487427,12117,12197,80
12.998339653,80.2569198608,12197,17526,5329
12.998339653,80.2569198608,17526,17536,10
12.9983100891,80.2568511963,17536,18273,737
12.9983701706,80.2568817139,18273,19968,1695
12.9983100891,80.2568817139,19968,20593,625
12.9983901978,80.2568206787,20593,20674,81
12.9983901978,80.2568206787,20674,20684,10
12.9982500076,80.256439209,20684,20694,10
12.997759819,80.256362915,20694,20755,61
12.9976501465,80.2559967041,20755,20785,30
12.9976501465,80.2559967041,20785,20795,10
12.9973201752,80.2559280396,20795,20805,10
12.9970998764,80.2559204102,20805,20815,10
12.9969301224,80.2560806274,20815,20826,11
12.996919632,80.2564163208,20826,20836,10
12.9968795776,80.2568817139,20836,20846,10
12.9968204498,80.2575378418,20846,20856,10
12.9967498779,80.2581634521,20856,20866,10
12.9966802597,80.2587966919,20866,20876,10
12.9966096878,80.259437561,20876,20886,10
12.9965496063,80.2601318359,20886,20896,10
12.9964704514,80.2609100342,20896,20906,10
12.9963903427,80.2616577148,20906,20916,10
12.9963197708,80.2622070313,20916,20926,10
12.9962396622,80.2626800537,20926,20937,11
12.9961795807,80.2632598877,20937,20947,10
12.9961395264,80.2638397217,20947,20957,10
12.9960603714,80.264541626,20957,20967,10
12.9959697723,80.2653427124,20967,20977,10
12.9958600998,80.2662277222,20977,20986,9
12.9957799911,80.2670593262,20986,20997,11
12.9958400726,80.2676696777,20997,21007,10
12.9962596893,80.2677307129,21007,21017,10
12.9968204498,80.2677612305,21017,21027,10
12.9974298477,80.2675933838,21027,21037,10
12.9981298447,80.2673797607,21037,21048,11
12.9989900589,80.2671279907,21048,21058,10
12.9997596741,80.2668991089,21058,21068,10
13.0001497269,80.266418457,21068,21078,10
13.0002202988,80.2658462524,21078,21088,10
13.0003900528,80.2657699585,21088,21098,10
13.0003499985,80.2661514282,21098,21360,262
13.0003204346,80.2665100098,21360,21764,404
13.0003204346,80.2665100098,21764,21774,10
13.0003700256,80.2665405273,21774,21784,10
13.0003595352,80.2667312622,21784,21794,10
13.0001602173,80.2669219971,21794,21804,10
12.9996900558,80.2670211792,21804,21814,10
12.9990797043,80.2671585083,21814,21824,10
12.9983797073,80.267326355,21824,21835,11
12.9975700378,80.2675704956,21835,21845,10
12.9969100952,80.2677307129,21845,21855,10
12.9961299896,80.2677230835,21855,21865,10
12.9956998825,80.2675933838,21865,21875,10
12.9956903458,80.2673568726,21875,21885,10
12.9956998825,80.2672195435,21885,21895,10
12.995759964,80.2667617798,21895,21905,10
12.9958095551,80.2660903931,21905,21915,10
12.995880127,80.26537323,21915,21925,10
12.9959697723,80.2646865845,21925,21935,10
12.9960603714,80.2639770508,21935,21946,11
12.9961395264,80.2631530762,21946,21956,10
12.9961795807,80.2626419067,21956,21966,10
12.9961996078,80.262588501,21966,21976,10
12.9962396622,80.2622909546,21976,21986,10
12.9963302612,80.2617874146,21986,21996,10
12.9963903427,80.2610931396,21996,22006,10
12.9964799881,80.2602615356,22006,22016,10
12.9965600967,80.2593994141,22016,22026,10
12.9966497421,80.2584991455,22026,22036,10
12.9967403412,80.25756073,22036,22046,10
12.9968595505,80.2566375732,22046,22057,11
12.9968900681,80.2559967041,22057,22067,10
12.9969596863,80.2558898926,22067,22077,10
12.9972400665,80.2558288574,22077,22087,10
12.9975996017,80.2558670044,22087,22097,10
12.9979200363,80.2558898926,22097,22107,10
12.9984302521,80.2559585571,22107,22117,10
12.9988698959,80.2560119629,22117,22126,9
12.9988899231,80.2560195923,22126,22137,11
12.999250412,80.2560882568,22137,22147,10
12.9998703003,80.2562179565,22147,22158,11
13.0006799698,80.256401062,22158,22168,10
13.001540184,80.2565383911,22168,22178,10
13.0024003983,80.2566604614,22178,22188,10
13.0032100677,80.2568206787,22188,22198,10
13.0040903091,80.257019043,22198,22208,10
13.0049695969,80.2571792603,22208,22218,10
13.0059499741,80.2573471069,22218,22228,10
13.0064296722,80.2574005127,22228,22238,10
13.0065202713,80.2570877075,22238,22248,10
13.0065498352,80.2564620972,22248,22257,9
13.006529808,80.2557830811,22257,22267,10
13.0065498352,80.2549972534,22267,22279,12
13.006529808,80.2539672852,22279,22289,10
13.0065498352,80.253288269,22289,22299,10
13.0065498352,80.2532196045,22299,22309,10
13.006529808,80.2531280518,22309,22319,10
13.006529808,80.2528915405,22319,22329,10
13.0065803528,80.2523803711,22329,22339,10
13.0066299438,80.2520217896,22339,22349,10
13.0066404343,80.2519989014,22349,22359,10
13.0066795349,80.251663208,22359,22369,10
13.006770134,80.2510681152,22369,22379,10
13.006770134,80.2501983643,22379,22390,11
13.0067501068,80.2490463257,22390,22400,10
13.0066204071,80.247543335,22400,22430,30
13.0066204071,80.247543335,22430,22440,10
13.0066604614,80.2473220825,22440,22450,10
13.0066604614,80.2469177246,22450,22460,10
13.0065898895,80.2465591431,22460,22470,10
13.0066204071,80.246421814,22470,22480,10
13.0066299438,80.2459411621,22480,22490,10
13.0065898895,80.2451782227,22490,22501,11
13.006649971,80.2442398071,22501,22511,10
13.0066204071,80.2436294556,22511,22521,10
13.0065698624,80.2431030273,22521,22531,10
13.0065603256,80.2423171997,22531,22541,10
13.0065803528,80.2413711548,22541,22551,10
13.0066995621,80.2405014038,22551,22561,10
13.0067996979,80.2398300171,22561,22571,10
13.0069904327,80.2389602661,22571,22581,10
13.0071697235,80.2379837036,22581,22591,10
13.007349968,80.2370910645,22591,22601,10
13.0073604584,80.2368621826,22601,22612,11
13.0074100494,80.2366790771,22612,22622,10
13.0075397491,80.2362594604,22622,22632,10
13.0076999664,80.2355575562,22632,22642,10
13.0078697205,80.2347335815,22642,22652,10
13.0080699921,80.2337036133,22652,22662,10
13.0082902908,80.2325592041,22662,22672,10
13.0085201263,80.2313919067,22672,22682,10
13.0087404251,80.2302932739,22682,22692,10
13.0089597702,80.2291564941,22692,22702,10
13.0092201233,80.2280731201,22702,22712,10
13.0096597672,80.2270812988,22712,22723,11
13.0101604462,80.2259979248,22723,22733,10
13.0106697083,80.2249832153,22733,22743,10
13.0110702515,80.223991394,22743,22753,10
13.0113897324,80.2231369019,22753,22763,10
13.0116996765,80.2222900391,22763,22773,10
13.012140274,80.2214202881,22773,22783,10
13.0124397278,80.2215881348,22783,22793,10
13.0129499435,80.2222824097,22793,22803,10
13.0134496689,80.2229003906,22803,22813,10
13.0140800476,80.2236709595,22813,22823,10
13.0148000717,80.2243728638,22823,22833,10
13.01541996,80.2248687744,22833,22844,11
13.015540123,80.2250213623,22844,22854,10
13.015709877,80.225227356,22854,22864,10
13.016289711,80.2253417969,22864,22874,10
13.017080307,80.2250976563,22874,22884,10
13.0180196762,80.2247314453,22884,22894,10
13.018910408,80.2243728638,22894,22904,10
13.0193395615,80.2242965698,22904,22914,10
13.0193595886,80.2242965698,22914,22924,10
13.0195302963,80.2244262695,22924,22934,10
13.019949913,80.2247009277,22934,22945,11
13.0206203461,80.2252120972,22945,22955,10
13.0213699341,80.2257766724,22955,22965,10
13.0222396851,80.2264404297,22965,22975,10
13.0230903625,80.2272033691,22975,22985,10
13.0239200592,80.2279586792,22985,22995,10
13.0243501663,80.2284164429,22995,23005,10
13.0246496201,80.2288970947,23005,23015,10
13.0251703262,80.2295837402,23015,23025,10
13.025759697,80.23046875,23025,23035,10
13.0260400772,80.231338501,23035,23045,10
13.0266704559,80.2312164307,23045,23056,11
13.0276403427,80.2309799194,23056,23072,16
13.0284996033,80.2308807373,23072,23084,12
13.0288696289,80.2308425903,23084,23092,8
13.0293598175,80.230796814,23092,23104,12
13.0299596786,80.2307510376,23104,23112,8
13.0304403305,80.2306976318,23112,23124,12
13.0306901932,80.2304916382,23124,23134,10
13.0306301117,80.2301483154,23134,23144,10
13.0303401947,80.2293395996,23144,23154,10
13.030380249,80.2283172607,23154,23174,20
13.030380249,80.2283172607,23174,23185,11
13.0303897858,80.2280883789,23185,23195,10
13.0304403305,80.2277374268,23195,23205,10
13.0301704407,80.2274703979,23205,23215,10
13.0294904709,80.2273788452,23215,23225,10
13.0286197662,80.2272415161,23225,23234,9
13.0279798508,80.2270812988,23234,23244,10
13.0278596878,80.2268066406,23244,23255,11
13.0280103683,80.2261505127,23255,23265,10
13.0282001495,80.2253265381,23265,23276,11
13.028429985,80.2243499756,23276,23286,10
13.0286798477,80.2240066528,23286,23296,10
13.0289001465,80.2240905762,23296,23306,10
13.0292797089,80.224281311,23306,23316,10
13.0300102234,80.2242965698,23316,23326,10
13.0308303833,80.2242965698,23326,23336,10
13.0311203003,80.2241973877,23336,23346,10
13.0311498642,80.2238998413,23346,23356,10
13.0312204361,80.2233734131,23356,23366,10
13.0312995911,80.2227783203,23366,23376,10
13.0315799713,80.2221679688,23376,23387,11
13.0319900513,80.221496582,23387,23397,10
13.03221035,80.2206115723,23397,23407,10
13.0322198868,80.2199707031,23407,23417,10
13.0322303772,80.2198486328,23417,23427,10
13.0322399139,80.2197113037,23427,23437,10
13.0322303772,80.2192611694,23437,23447,10
13.0322198868,80.2186203003,23447,23457,10
13.03166008,80.2184066772,23457,23467,10
13.0314903259,80.2177276611,23467,23477,10
13.0314102173,80.2171401978,23477,23487,10
13.03125,80.2170181274,23487,23498,11
13.0308599472,80.2169799805,23498,23508,10
13.0304803848,80.2168197632,23508,23518,10
13.0304698944,80.2163619995,23518,23528,10
13.0304403305,80.2156600952,23528,23538,10
13.0303602219,80.2147598267,23538,23548,10
13.030380249,80.2144012451,23548,23558,10
13.0304698944,80.2139205933,23558,23568,10
13.0305204391,80.2136001587,23568,23578,10
13.030579567,80.2133407593,23578,23588,10
13.0306901932,80.2128601074,23588,23598,10
13.0308103561,80.212097168,23598,23609,11
13.03083992,80.2116317749,23609,23619,10
13.0309000015,80.2112121582,23619,23629,10
13.0309295654,80.2109298706,23629,23639,10
13.0310001373,80.2104263306,23639,23649,10
13.0309896469,80.2101364136,23649,23659,10
13.0307703018,80.2100372314,23659,23669,10
13.0303201675,80.2098770142,23669,23679,10
13.0300197601,80.2095413208,23679,23689,10
13.0301198959,80.209197998,23689,23699,10
13.0301198959,80.2091827393,23699,23709,10
13.0304698944,80.2090682983,23709,23720,11
13.031129837,80.2092437744,23720,23730,10
13.0315504074,80.2093887329,23730,23740,10
13.031539917,80.2093963623,23740,23750,10
13.0317201614,80.2094802856,23750,23760,10
13.0322799683,80.2095718384,23760,23770,10
13.033080101,80.2097015381,23770,23780,10
13.034040451,80.2098770142,23780,23790,10
13.0350198746,80.2099533081,23790,23800,10
13.0352602005,80.2086868286,23800,23820,20
13.0352602005,80.2086868286,23820,23831,11
13.035320282,80.2083206177,23831,23841,10
13.0354003906,80.2077636719,23841,23851,10
13.0355100632,80.2070617676,23851,23860,9
13.0356197357,80.2063369751,23860,23871,11
13.0357503891,80.2053527832,23871,23881,10
13.0359096527,80.2046508789,23881,23891,10
13.0359897614,80.2041778564,23891,23901,10
13.0361003876,80.2035064697,23901,23911,10
13.036190033,80.2027206421,23911,23921,10
13.0362796783,80.2018890381,23921,23931,10
13.0363197327,80.2016067505,23931,23941,10
13.0363502502,80.2015304565,23941,23952,11
13.0364303589,80.2011108398,23952,23962,10
13.0365200043,80.2004165649,23962,23972,10
13.0366401672,80.1995391846,23972,23982,10
13.036740303,80.1986618042,23982,23992,10
13.0368003845,80.1983795166,23992,24002,10
13.036860466,80.1981506348,24002,24012,10
13.036939621,80.1976165771,24012,24022,10
13.0370397568,80.1969680786,24022,24032,10
13.0370702744,80.1964569092,24032,24042,10
13.0370998383,80.1963272095,24042,24053,11
13.0371904373,80.1958312988,24053,24063,10
13.0373001099,80.1951980591,24063,24073,10
13.0374097824,80.1943969727,24073,24083,10
13.0375204086,80.1935806274,24083,24093,10
13.0376195908,80.1929092407,24093,24103,10
13.0379800797,80.1927566528,24103,24113,10
13.0385198593,80.1928329468,24113,24123,10
13.0387601852,80.1928634644,24123,24133,10
13.0388298035,80.1928710938,24133,24143,10
13.0391998291,80.1929397583,24143,24153,10
13.0398101807,80.1930465698,24153,24163,10
13.040599823,80.1931915283,24163,24174,11
13.0414800644,80.1933288574,24174,24184,10
13.0418100357,80.1935195923,24184,24200,16
13.0417203903,80.1945037842,24200,24212,12
13.0416097641,80.1954879761,24212,24222,10
13.0414304733,80.1960906982,24222,24232,10
13.0413198471,80.1968994141,24232,24242,10
13.041270256,80.1975402832,24242,24252,10
13.0411100388,80.1985015869,24252,24262,10
13.0410003662,80.1992111206,24262,24272,10
13.0410003662,80.1993179321,24272,24282,10
13.0409803391,80.19947052,24282,24293,11
13.0409202576,80.2001190186,24293,24304,11
13.0408000946,80.2009887695,24304,24314,10
13.0406799316,80.2018203735,24314,24324,10
13.0406303406,80.2021331787,24324,24334,10
13.0405302048,80.2026672363,24334,24344,10
13.0403995514,80.2034835815,24344,24354,10
13.0402898788,80.2043762207,24354,24364,10
13.0402698517,80.2050018311,24364,24374,10
13.0407104492,80.2051010132,24374,24384,10
13.0412998199,80.2052001953,24384,24395,11
13.0417404175,80.2052612305,24395,24405,10
13.0423402786,80.2053604126,24405,24415,10
13.0428304672,80.2058029175,24415,24425,10
13.0433301926,80.2064819336,24425,24435,10
13.0438499451,80.2071990967,24435,24445,10
13.0441198349,80.2079772949,24445,24455,10
13.0441799164,80.2088775635,24455,24465,10
13.0441904068,80.2090835571,24465,24475,10
13.0441999435,80.2092590332,24475,24485,10
13.044210434,80.2096862793,24485,24495,10
13.0442399979,80.2104415894,24495,24506,11
13.0442800522,80.211479187,24506,24516,10
13.0443201065,80.2120437622,24516,24552,36
13.0443201065,80.2120437622,24552,24564,12
13.0443401337,80.2121963501,24564,24574,10
13.0446195602,80.2122802734,24574,24584,10
13.0454397202,80.2122497559,24584,24594,10
13.0463199615,80.2122192383,24594,24604,10
13.0468301773,80.2121582031,24604,24615,11
13.0470104218,80.2121429443,24615,24624,9
13.0470895767,80.212020874,24624,24635,11
13.0470600128,80.2118530273,24635,24645,10
13.0470504761,80.2113800049,24645,24655,10
13.0470199585,80.210899353,24655,24664,9
13.0473604202,80.2108001709,24664,24675,11
13.0479898453,80.2108078003,24675,24684,9
13.048500061,80.2108306885,24684,24694,10
13.0491104126,80.2108383179,24694,24705,11
13.0496101379,80.2106781006,24705,24715,10
13.0495796204,80.2100372314,24715,24725,10
13.0494804382,80.2092819214,24725,24736,11
13.0493297577,80.2082672119,24736,24746,10
13.0488395691,80.2070770264,24746,24766,20
13.0488395691,80.2070770264,24766,24776,10
13.0489902496,80.2068023682,24776,24814,38
13.049369812,80.2068786621,24814,25330,516
13.0494499207,80.2072372437,25330,25744,414
13.0494203568,80.2069702148,25744,26299,555
13.0494203568,80.2069702148,26299,26309,10
13.0491399765,80.2070999146,26309,26319,10
13.0491399765,80.20728302,26319,26359,40
13.0491399765,80.20728302,26359,26369,10
13.0490503311,80.2074813843,26369,26379,10
13.0491399765,80.2078094482,26379,26389,10
13.0493097305,80.2083435059,26389,26405,16
13.0495700836,80.2094802856,26405,26418,13
13.0496997833,80.2105331421,26418,26428,10
13.0497999191,80.2113189697,26428,26438,10
13.0498600006,80.2117767334,26438,26478,40
13.0498600006,80.2117767334,26478,26488,10
13.0499000549,80.2119293213,26488,26498,10
13.0499000549,80.2121200562,26498,26508,10
13.0497703552,80.2122116089,26508,26519,11
13.0495595932,80.2122116089,26519,26530,11
13.0495004654,80.2121963501,26530,26540,10
13.0490999222,80.2121963501,26540,26550,10
13.0484600067,80.2122268677,26550,26560,10
13.0476703644,80.2123031616,26560,26570,10
13.0467500687,80.212348938,26570,26580,10
13.0459403992,80.212348938,26580,26590,10
13.0444898605,80.2124176025,26590,26671,81
13.0444898605,80.2124176025,26671,26681,10
13.0442695618,80.2125167847,26681,26691,10
13.0441398621,80.2122879028,26691,26701,10
13.0441398621,80.2117233276,26701,26711,10
13.0441398621,80.2109603882,26711,26721,10
13.0441102982,80.2101211548,26721,26731,10
13.044090271,80.209312439,26731,26742,11
13.0440702438,80.2089691162,26742,26752,10
13.0440998077,80.2088623047,26752,26762,10
13.044090271,80.208442688,26762,26772,10
13.043970108,80.2077407837,26772,26782,10
13.0436000824,80.2070007324,26782,26791,9
13.0431404114,80.2063369751,26791,26802,11
13.0425300598,80.2055587769,26802,26812,10
13.0417299271,80.2052612305,26812,26822,10
13.0410404205,80.2051620483,26822,26832,10
13.0408201218,80.2051467896,26832,26842,10
13.0407304764,80.2051391602,26842,26853,11
13.0402898788,80.205078125,26853,26863,10
13.0397701263,80.2049713135,26863,26873,10
13.0390195847,80.2048568726,26873,26883,10
13.038310051,80.2047805786,26883,26893,10
13.038189888,80.2044219971,26893,26903,10
13.0382404327,80.2038803101,26903,26913,10
13.0383396149,80.2030181885,26913,26923,10
13.0384597778,80.2021484375,26923,26933,10
13.0385704041,80.2015686035,26933,26943,10
13.0386600494,80.2010574341,26943,26953,10
13.038769722,80.2003707886,26953,26963,10
13.0388898849,80.1994934082,26963,26974,11
13.0389099121,80.1992034912,26974,26984,10
13.0389499664,80.1989822388,26984,26994,10
13.0389795303,80.1984176636,26994,27004,10
13.0391197205,80.1976394653,27004,27014,10
13.0392599106,80.1968612671,27014,27034,20
13.0392599106,80.1968612671,27034,27044,10
13.0393199921,80.1964874268,27044,27054,10
13.0393800735,80.1962127686,27054,27064,10
13.039440155,80.1956787109,27064,27074,10
13.0395202637,80.1949768066,27074,27085,11
13.0396604538,80.1940231323,27085,27095,10
13.0397796631,80.1932830811,27095,27113,18
13.039730072,80.193069458,27113,27125,12
13.0393199921,80.1929626465,27125,27135,10
13.0386896133,80.1928710938,27135,27155,20
13.0386896133,80.1928710938,27155,27165,10
13.0383195877,80.1928482056,27165,27175,10
13.0379400253,80.1928863525,27175,27185,10
13.0376996994,80.1931762695,27185,27196,11
13.0375795364,80.1938323975,27196,27206,10
13.0374803543,80.1945266724,27206,27216,10
13.0373497009,80.1953582764,27216,27226,10
13.0372800827,80.1958770752,27226,27236,10
13.0372600555,80.1960067749,27236,27246,10
13.0371999741,80.196182251,27246,27256,10
13.0371704102,80.1965408325,27256,27266,10
13.0370903015,80.1972122192,27266,27276,10
13.0369796753,80.1979598999,27276,27286,10
13.0368795395,80.1986236572,27286,27297,11
13.036860466,80.1986999512,27297,27307,10
13.0368204117,80.1988067627,27307,27317,10
13.0367803574,80.199180603,27317,27327,10
13.0367002487,80.199760437,27327,27337,10
13.0366201401,80.2004776001,27337,27347,10
13.036529541,80.2012176514,27347,27357,10
13.0364704132,80.2016677856,27357,27367,10
13.0364398956,80.2018127441,27367,27377,10
13.0364103317,80.2019271851,27377,27387,10
13.036359787,80.2022171021,27387,27397,10
13.0362501144,80.2029571533,27397,27428,31
13.0363798141,80.2031097412,27428,27488,60
13.0363798141,80.2031097412,27488,27498,10
13.0362195969,80.2033996582,27498,27508,10
13.0361099243,80.2038269043,27508,27518,10
13.0360498428,80.2043380737,27518,27529,11
13.035949707,80.2048873901,27529,27539,10
13.0358600616,80.2055206299,27539,27549,10
13.0358200073,80.2057571411,27549,27559,10
13.0357999802,80.205947876,27559,27569,10
13.0357198715,80.2064437866,27569,27579,10
13.0356197357,80.2071533203,27579,27589,10
13.0354700089,80.2079772949,27589,27599,10
13.0354204178,80.2083969116,27599,27609,10
13.0354204178,80.2085037231,27609,27619,10
13.0353603363,80.2089080811,27619,27628,9
13.0352802277,80.2095108032,27628,27640,12
13.0351400375,80.2104492188,27640,27650,10
13.0349597931,80.2110366821,27650,27660,10
13.0348396301,80.211769104,27660,27670,10
13.0343799591,80.212097168,27670,27680,10
13.0335998535,80.2120132446,27680,27690,10
13.0327997208,80.2119369507,27690,27700,10
13.0325698853,80.2119293213,27700,27710,10
13.0324296951,80.2118988037,27710,27720,10
13.0319700241,80.2117614746,27720,27730,10
13.0319700241,80.2110595703,27730,27740,10
13.0320596695,80.2102966309,27740,27751,11
13.0316495895,80.2101287842,27751,27761,10
13.0312204361,80.2100524902,27761,27771,10
13.0310897827,80.2102890015,27771,27781,10
13.0309896469,80.2107925415,27781,27791,10
13.0309000015,80.211151123,27791,27801,10
13.0308198929,80.2116012573,27801,27811,10
13.0306997299,80.2122573853,27811,27821,10
13.0305995941,80.2129974365,27821,27831,10
13.030500412,80.2135772705,27831,27841,10
13.0304498672,80.2139434814,27841,27851,10
13.0303497314,80.2145080566,27851,27862,11
13.0303497314,80.2148208618,27862,27872,10
13.0303602219,80.2149429321,27872,27882,10
13.0303602219,80.2153701782,27882,27892,10
13.0303602219,80.2160873413,27892,27902,10
13.0304498672,80.2168731689,27902,27912,10
13.0306901932,80.2169265747,27912,27922,10
13.03083992,80.2169494629,27922,27932,10
13.0312700272,80.2169799805,27932,27942,10
13.0314903259,80.2172088623,27942,27952,10
13.0315504074,80.2177734375,27952,27962,10
13.0317201614,80.2183685303,27962,27973,11
13.0322904587,80.2187194824,27973,27983,10
13.0322704315,80.2194213867,27983,27993,10
13.0322599411,80.2203369141,27993,28013,20
13.0322599411,80.2203369141,28013,28023,10
13.0322599411,80.2206192017,28023,28033,10
13.0321102142,80.2211608887,28033,28043,10
13.0318403244,80.2218322754,28043,28053,10
13.0316095352,80.2223205566,28053,28063,10
13.0313196182,80.22290802,28063,28073,10
13.0311803818,80.2236709595,28073,28084,11
13.0312004089,80.2238998413,28084,28094,10
13.0312204361,80.2240982056,28094,28104,10
13.0309400558,80.2243423462,28104,28114,10
13.0302696228,80.2243270874,28114,28124,10
13.0290298462,80.2242507935,28124,28144,20
13.0290298462,80.2242507935,28144,28154,10
13.0287103653,80.2240371704,28154,28164,10
13.0284795761,80.2241668701,28164,28174,10
13.0283603668,80.2248687744,28174,28184,10
13.028169632,80.2258224487,28184,28195,11
13.027970314,80.2267303467,28195,28205,10
13.0280199051,80.2269973755,28205,28215,10
13.0283203125,80.2271118164,28215,28225,10
13.0289096832,80.2272186279,28225,28235,10
13.0296401978,80.2273406982,28235,28245,10
13.030380249,80.2274627686,28245,28255,10
13.0304403305,80.2278289795,28255,28265,10
13.0304203033,80.2279968262,28265,28275,10
13.0303602219,80.2282409668,28275,28285,10
13.0303401947,80.2283401489,28285,28295,10
13.0303001404,80.2287902832,28295,28305,10
13.030380249,80.2294921875,28305,28322,17
13.0306997299,80.2305374146,28322,28334,12
13.030670166,80.2307434082,28334,28344,10
13.030380249,80.230758667,28344,28354,10
13.0298099518,80.2308425903,28354,28364,10
13.029800415,80.2308425903,28364,28374,10
13.0296096802,80.2308807373,28374,28384,10
13.0292100906,80.2309036255,28384,28394,10
13.0285301208,80.2309570313,28394,28404,10
13.0277795792,80.2310562134,28404,28414,10
13.0276699066,80.231300354,28414,28425,11
13.0277500153,80.2319030762,28425,28435,10
13.0278997421,80.2326583862,28435,28444,9
13.0275497437,80.2328872681,28444,28455,11
13.0270004272,80.2329788208,28455,28464,9
13.0267696381,80.2330169678,28464,28475,11
13.02643013,80.2329330444,28475,28485,10
13.026260376,80.2323913574,28485,28495,10
13.0260601044,80.2316513062,28495,28505,10
13.0257902145,80.2307434082,28505,28515,10
13.0252199173,80.2297973633,28515,28525,10
13.0247402191,80.2292327881,28525,28536,11
13.0244503021,80.2288589478,28536,28546,10
13.0239400864,80.2282562256,28546,28566,20
13.0239400864,80.2282562256,28566,28576,10
13.0237102509,80.2279815674,28576,28585,9
13.0233697891,80.2276306152,28585,28596,11
13.0228700638,80.2271194458,28596,28606,10
13.022310257,80.2266082764,28606,28616,10
13.0216197968,80.2260437012,28616,28626,10
13.0207996368,80.2253875732,28626,28636,10
13.0198898315,80.2247772217,28636,28647,11
13.0187597275,80.2245101929,28647,28657,10
13.0176897049,80.224937439,28657,28667,10
13.0166902542,80.2253570557,28667,28677,10
13.0160398483,80.2256317139,28677,28687,10
13.0156097412,80.2258071899,28687,28697,10
13.0150499344,80.2260131836,28697,28707,10
13.014380455,80.2262802124,28707,28717,10
13.014289856,80.2263031006,28717,28727,10
13.0141401291,80.226348877,28727,28737,10
13.0136995316,80.2265167236,28737,28747,10
13.0130500793,80.2267837524,28747,28758,11
13.0121803284,80.2271270752,28758,28768,10
13.0112600327,80.2275009155,28768,28778,10
13.0103502274,80.2278671265,28778,28788,10
13.0094995499,80.2282104492,28788,28798,10
13.0090799332,80.2289962769,28798,28808,10
13.008890152,80.2300033569,28808,28818,10
13.0087099075,80.2310562134,28818,28828,10
13.0085000992,80.2320632935,28828,28838,10
13.0082597733,80.2335891724,28838,28869,31
13.0082597733,80.2335891724,28869,28879,10
13.0081796646,80.2338562012,28879,28889,10
13.0080900192,80.2343292236,28889,28905,16
13.0078802109,80.2353897095,28905,28917,12
13.0076704025,80.2364196777,28917,28927,10
13.0074701309,80.237411499,28927,28937,10
13.0073003769,80.2382965088,28937,28947,10
13.0071201324,80.2391433716,28947,28957,10
13.006939888,80.2401428223,28957,29038,81
13.006939888,80.2401428223,29038,29048,10
13.0070199966,80.2405090332,29048,29058,10
13.0068998337,80.2409973145,29058,29068,10
13.0068702698,80.2411193848,29068,29078,10
13.0068101883,80.2413864136,29078,29088,10
13.0067796707,80.2419662476,29088,29099,11
13.0067596436,80.2428207397,29099,29109,10
13.0066995621,80.2434463501,29109,29119,10
13.0067195892,80.2438430786,29119,29129,10
13.0067195892,80.243850708,29129,29139,10
13.0067100525,80.2440185547,29139,29149,10
13.0067195892,80.2443618774,29149,29159,10
13.0067195892,80.2446975708,29159,29169,10
13.0067396164,80.245010376,29169,29179,10
13.0067396164,80.2453536987,29179,29189,10
13.0067596436,80.2458572388,29189,29199,10
13.0067501068,80.2463531494,29199,29210,11
13.006770134,80.2469177246,29210,29220,10
13.006770134,80.247543335,29220,29230,10
13.0067796707,80.248336792,29230,29240,10
13.0068998337,80.2495727539,29240,29270,30
13.0068998337,80.2495727539,29270,29280,10
13.0069103241,80.2498779297,29280,29290,10
13.0068597794,80.2504806519,29290,29300,10
13.0068397522,80.2512664795,29300,29310,10
13.0066604614,80.2521514893,29310,29321,11
13.0065803528,80.253326416,29321,29331,10
13.0066099167,80.2544937134,29331,29341,10
13.006649971,80.255027771,29341,29351,10
13.0066404343,80.2551269531,29351,29361,10
13.0066299438,80.2555465698,29361,29371,10
13.006649971,80.2562789917,29371,29381,10
13.0066995621,80.2573165894,29381,29462,81
13.0066995621,80.2573165894,29462,29472,10
13.0068597794,80.2574691772,29472,29482,10
13.0063896179,80.2575912476,29482,29492,10
13.0058097839,80.2574386597,29492,29502,10
13.0050296783,80.2572631836,29502,29512,10
13.0041799545,80.2570495605,29512,29522,10
13.0033302307,80.2568817139,29522,29532,10
13.0025196075,80.256729126,29532,29542,10
13.001660347,80.2565917969,29542,29583,41
13.001660347,80.2565917969,29583,29593,10
13.0015001297,80.2565383911,29593,29603,10
13.0009698868,80.2564620972,29603,29613,10
13.0002403259,80.2563400269,29613,29629,16
12.9989004135,80.2561035156,29629,29641,12
12.997879982,80.2559890747,29641,29649,8
12.9976396561,80.2560119629,29649,29662,13
12.9973897934,80.2559585571,29662,29681,19
12.9973897934,80.2559585571,29681,29692,11
12.9972896576,80.2559585571,29692,29702,10
12.9969797134,80.2560424805,29702,29712,10
12.9968700409,80.2570114136,29712,29732,20
12.9968700409,80.2570114136,29732,29742,10
12.9968395233,80.2573165894,29742,29753,11
12.9967603683,80.2580032349,29753,29763,10
12.9966697693,80.2588195801,29763,29774,11
12.9965600967,80.2596893311,29774,29784,10
12.996509552,80.2603378296,29784,29794,10
12.9964199066,80.2611618042,29794,29804,10
12.9962596893,80.2624969482,29804,29824,20
12.9962596893,80.2624969482,29824,29833,9
12.9962301254,80.2627410889,29833,29844,11
12.9961795807,80.2633514404,29844,29854,10
12.9961004257,80.2640991211,29854,29864,10
12.9960002899,80.2649993896,29864,29874,10
12.995880127,80.2659988403,29874,29885,11
12.995759964,80.2671890259,29885,29895,10
12.9962701797,80.2677230835,29895,29915,20
12.9962701797,80.2677230835,29915,29925,10
12.9966201782,80.2678222656,29925,29935,10
12.9971904755,80.2676925659,29935,29945,10
12.9979000092,80.2674789429,29945,29955,10
12.99862957,80.267250061,29955,29965,10
12.9994802475,80.266998291,29965,29975,10
13.0001401901,80.2664031982,29975,29996,21
13.0001401901,80.2664031982,29996,30006,10
13.0002002716,80.2661590576,30006,30016,10
13.0003595352,80.2657165527,30016,30036,20
13.0003595352,80.2657165527,30036,30046,10
13.0003499985,80.2660827637,30046,30056,10
13.0003299713,80.2662887573,30056,31358,1302
13.0003299713,80.2662887573,31358,31368,10
13.000289917,80.2668228149,31368,31378,10
12.9999704361,80.2669372559,31378,31388,10
12.9994602203,80.2670593262,31388,31398,10
12.9989099503,80.267250061,31398,31408,10
12.9982595444,80.2674407959,31408,31418,10
12.9978399277,80.267539978,31418,31428,10
12.997420311,80.2676391602,31428,31438,10
12.9966897964,80.2677764893,31438,31448,10
12.995880127,80.2677307129,31448,31458,10
12.9956998825,80.2674102783,31458,31469,11
12.9957103729,80.2673416138,31469,31479,10
12.9956998825,80.2671432495,31479,31489,10
12.9957399368,80.2666320801,31489,31499,10
12.9958295822,80.26587677,31499,31509,10
12.9959201813,80.2650604248,31509,31519,10
12.9960002899,80.2642593384,31519,31529,10
12.9961204529,80.2633895874,31529,31539,10
12.9962100983,80.2624893188,31539,31559,20
12.9962100983,80.2624893188,31559,31569,10
12.9962396622,80.2622528076,31569,31580,11
12.9962701797,80.2618103027,31580,31590,10
12.9963302612,80.2612304688,31590,31600,10
12.9964199066,80.2604980469,31600,31610,10
12.9965600967,80.2597503662,31610,31620,10
12.9966201782,80.2589492798,31620,31630,10
12.9966897964,80.258140564,31630,31640,10
12.9967603683,80.2572174072,31640,31650,10
12.9968204498,80.2562789917,31650,31691,41
12.9968204498,80.2562789917,31691,31701,10
12.9968900681,80.2559280396,31701,31711,10
12.9973201752,80.255859375,31711,31721,10
12.9980201721,80.2559280396,31721,31731,10
12.9987897873,80.2560195923,31731,31751,20
12.9987897873,80.2560195923,31751,31761,10
12.9989004135,80.2560577393,31761,31771,10
12.9990997314,80.2560882568,31771,31812,41
12.9990997314,80.2560882568,31812,31822,10
12.9994001389,80.2561187744,31822,31838,16
13.0003204346,80.2563095093,31838,31850,12
13.0012702942,80.2564697266,31850,31860,10
13.0021600723,80.2566223145,31860,31870,10
13.0030202866,80.2567825317,31870,31880,10
13.0038299561,80.2569198608,31880,31890,10
13.0046195984,80.2570571899,31890,31900,10
13.0053796768,80.2572097778,31900,31950,50
13.0053796768,80.2572097778,31950,31961,11
13.0055503845,80.2573013306,31961,31971,10
13.0059900284,80.2574081421,31971,31981,10
13.0065402985,80.2573013306,31981,31991,10
13.0065097809,80.2566833496,31991,32001,10
13.0064697266,80.255859375,32001,32011,10
13.0065402985,80.2548370361,32011,32021,10
13.0065002441,80.2537231445,32021,32032,11
13.0065097809,80.2531890869,32032,32042,10
13.0065002441,80.2531509399,32042,32052,10
13.0065002441,80.2527236938,32052,32062,10
13.0065402985,80.2521514893,32062,32072,10
13.0065603256,80.2521133423,32072,32082,10
13.006649971,80.2519378662,32082,32092,10
13.0067195892,80.2514419556,32092,32102,10
13.0067501068,80.2506637573,32102,32112,10
13.0067501068,80.2499694824,32112,32153,41
13.0067501068,80.2499694824,32153,32163,10
13.0067501068,80.24974823,32163,32173,10
13.0067396164,80.249382019,32173,32183,10
13.0067100525,80.2490081787,32183,32193,10
13.0066699982,80.2486877441,32193,32203,10
13.006649971,80.2484130859,32203,32213,10
13.0066003799,80.2479782104,32213,32395,182
13.0066003799,80.2479782104,32395,32405,10
13.0065402985,80.2477874756,32405,32415,10
13.0065803528,80.2473907471,32415,32425,10
13.0066003799,80.2464828491,32425,32445,20
13.0066003799,80.2464828491,32445,32455,10
13.0066404343,80.2461395264,32455,32465,10
13.0066099167,80.2454910278,32465,32475,10
13.0066003799,80.2449569702,32475,32485,10
13.0065803528,80.2446212769,32485,32496,11
13.0065803528,80.2442169189,32496,32506,10
13.0066099167,80.2438735962,32506,32516,10
13.0065898895,80.2434997559,32516,32526,10
13.0065603256,80.2428970337,32526,32536,10
13.0065002441,80.2421035767,32536,32546,10
13.0065202713,80.2415390015,32546,32556,10
13.0065498352,80.2413635254,32556,32566,10
13.0065603256,80.2409896851,32566,32576,10
13.0066404343,80.2405929565,32576,32586,10
13.0068101883,80.2399597168,32586,32596,10
13.0069904327,80.2390365601,32596,32607,11
13.0071897507,80.2379074097,32607,32617,10
13.0074100494,80.2366867065,32617,32637,20
13.0074100494,80.2366867065,32637,32647,10
13.007519722,80.2363586426,32647,32657,10
13.007610321,80.2358322144,32657,32667,10
13.0077199936,80.2352218628,32667,32677,10
13.0077295303,80.2351531982,32677,32687,10
13.007809639,80.2347717285,32687,32697,10
13.007900238,80.2342681885,32697,32707,10
13.008099556,80.2333602905,32707,32718,11
13.0083303452,80.2322387695,32718,32728,10
13.0085201263,80.2312011719,32728,32738,10
13.0087099075,80.2301483154,32738,32748,10
13.0089502335,80.229019165,32748,32758,10
13.0092697144,80.227897644,32758,32768,10
13.0097703934,80.2268600464,32768,32778,10
13.0102396011,80.2258987427,32778,32788,10
13.0107002258,80.2249526978,32788,32798,10
13.0111198425,80.2239379883,32798,32808,10
13.011590004,80.2229232788,32808,32818,10
13.0119104385,80.221862793,32818,32829,11
13.0123596191,80.2214202881,32829,32839,10
13.0125999451,80.2218933105,32839,32849,10
13.0129995346,80.2224197388,32849,32859,10
13.0135803223,80.2229919434,32859,32869,10
13.0140600204,80.2233963013,32869,32879,10
13.0142297745,80.2235488892,32879,32889,10
13.0143499374,80.2237091064,32889,32899,10
13.0146598816,80.2241134644,32899,32909,10
13.015250206,80.224822998,32909,32929,20
13.0155000687,80.2249832153,32929,32950,21
13.0155000687,80.2249832153,32950,32960,10
13.0157804489,80.2252120972,32960,32970,10
13.0162000656,80.2253112793,32970,32980,10
13.0168600082,80.2251663208,32980,32990,10
13.0175895691,80.224861145,32990,33000,10
13.0184402466,80.2245407104,33000,33010,10
13.0192699432,80.224281311,33010,33030,20
13.0192699432,80.224281311,33030,33040,10
13.0194196701,80.224319458,33040,33050,10
13.0196800232,80.2244873047,33050,33061,11
13.0200195313,80.2247467041,33061,33071,10
13.0203399658,80.2249984741,33071,33081,10
13.0207595825,80.2253036499,33081,33091,10
13.0211896896,80.2256622314,33091,33101,10
13.0216598511,80.2259979248,33101,33111,10
13.0221004486,80.2263183594,33111,33121,10
13.0226202011,80.2267303467,33121,33131,10
13.023059845,80.2272186279,33131,33192,61
13.023059845,80.2272186279,33192,33202,10
13.0233201981,80.2274017334,33202,33212,10
13.0234804153,80.2275695801,33212,33222,10
13.0237503052,80.2277984619,33222,33232,10
13.0239601135,80.2279968262,33232,33242,10
13.0243396759,80.2284393311,33242,33252,10
13.0244998932,80.2286834717,33252,33262,10
13.0245599747,80.2287826538,33262,33272,10
13.0246696472,80.2289505005,33272,33283,11
13.0248003006,80.2291488647,33283,33293,10
13.0250597,80.2294616699,33293,33303,10
13.0254297256,80.2298583984,33303,33313,10
13.0254402161,80.2298812866,33313,33323,10
13.0256204605,80.2301177979,33323,33333,10
13.0258398056,80.2305831909,33333,33343,10
13.0259199142,80.2310180664,33343,33353,10
13.0260696411,80.2313766479,33353,33363,10
13.0265798569,80.2312164307,33363,33373,10
13.0272798538,80.2310562134,33373,33383,10
13.0280199051,80.2309494019,33383,33393,10
13.0285596848,80.2308883667,33393,33404,11
13.0285797119,80.2308883667,33404,33414,10
13.0289201736,80.2308731079,33414,33424,10
13.0294103622,80.2308425903,33424,33454,30
13.0294103622,80.2308425903,33454,33464,10
13.0294399261,80.2308425903,33464,33474,10
13.0298404694,80.230796814,33474,33484,10
13.0304498672,80.2307434082,33484,33494,10
13.0307502747,80.2306213379,33494,33504,10
13.0307197571,80.2304611206,33504,33515,11
13.0305404663,80.2299728394,33515,33525,10
13.0302696228,80.2294006348,33525,33535,10
13.0303602219,80.2283096313,33535,33555,20
13.0303602219,80.2283096313,33555,33565,10
13.0304098129,80.2279586792,33565,33575,10
13.0304298401,80.2276077271,33575,33585,10
13.0299301147,80.2274398804,33585,33595,10
13.0293197632,80.2273101807,33595,33605,10
13.0285596848,80.2272109985,33605,33615,10
13.0280599594,80.2270812988,33615,33626,11
13.0279502869,80.2267837524,33626,33636,10
13.0280199051,80.2261962891,33636,33646,10
13.0282096863,80.2254562378,33646,33656,10
13.0284004211,80.2246170044,33656,33666,10
13.0288095474,80.2240371704,33666,33686,20
13.0288095474,80.2240371704,33686,33696,10
13.029009819,80.2241592407,33696,33706,10
13.0294103622,80.224281311,33706,33716,10
13.0300197601,80.224281311,33716,33726,10
13.0306797028,80.2242965698,33726,33737,11
13.0311803818,80.2242202759,33737,33747,10
13.0311603546,80.2239227295,33747,33757,10
13.0310401917,80.2233810425,33757,33767,10
13.0310001373,80.2233200073,33767,33777,10
13.031129837,80.2229003906,33777,33787,10
13.0314998627,80.2224197388,33787,33797,10
13.0316495895,80.222038269,33797,33807,10
13.0318403244,80.2215805054,33807,33817,10
13.031999588,80.2209091187,33817,33827,10
13.0320997238,80.2202529907,33827,33837,10
13.0321502686,80.2199478149,33837,33847,10
13.0321702957,80.2198486328,33847,33858,11
13.0322198868,80.2195281982,33858,33868,10
13.0321702957,80.2189712524,33868,33878,10
13.0318698883,80.2185134888,33878,33888,10
13.0314998627,80.2180175781,33888,33898,10
13.0314502716,80.2172470093,33898,33908,10
13.0313396454,80.217010498,33908,33918,10
13.0310001373,80.2169876099,33918,33928,10
13.0305500031,80.2168426514,33928,33938,10
13.0305299759,80.2167282104,33938,33948,10
13.0304203033,80.216506958,33948,33958,10
13.0304098129,80.2163162231,33958,33969,11
13.0303096771,80.2157974243,33969,33979,10
13.0302600861,80.215133667,33979,33989,10
13.03028965,80.214630127,33989,33999,10
13.0303497314,80.2144927979,33999,34009,10
13.030380249,80.2140808105,34009,34019,10
13.0304403305,80.2136688232,34019,34029,10
13.0304803848,80.2133865356,34029,34039,10
13.0305099487,80.2129364014,34039,34049,10
13.0305204391,80.2122268677,34049,34059,10
13.0306596756,80.2116775513,34059,34069,10
13.0307502747,80.2112197876,34069,34079,10
13.0308303833,80.2109069824,34079,34090,11
13.0308799744,80.2103424072,34090,34100,10
13.0309095383,80.2101821899,34100,34110,10
13.0307998657,80.2100372314,34110,34120,10
13.030380249,80.2098922729,34120,34136,16
13.0300703049,80.2094421387,34136,34188,52
13.0300703049,80.2094421387,34188,34199,11
13.0301704407,80.2091903687,34199,34208,9
13.0302696228,80.2090530396,34208,34219,11
13.0308904648,80.2092132568,34219,34229,10
13.0314998627,80.2093963623,34229,34239,10
13.0315303802,80.2094192505,34239,34249,10
13.0317897797,80.209487915,34249,34259,10
13.0323600769,80.209602356,34259,34269,10
13.0331602097,80.2097167969,34269,34279,10
13.0341100693,80.2098770142,34279,34289,10
13.0349702835,80.2099609375,34289,34299,10
13.0352296829,80.2090682983,34299,34320,21
13.0352296829,80.2090682983,34320,34330,10
13.0352802277,80.2088165283,34330,34340,10
13.0353002548,80.2085418701,34340,34350,10
13.0353498459,80.2081375122,34350,34360,10
13.0354204178,80.2075271606,34360,34370,10
13.0355300903,80.2067337036,34370,34380,10
13.0355901718,80.2060470581,34380,34390,10
13.0354700089,80.2058334351,34390,34400,10
13.0354604721,80.2054824829,34400,34410,10
13.0354795456,80.2054519653,34410,34421,11
13.0357303619,80.2051086426,34421,34431,10
13.0357599258,80.2046203613,34431,34441,10
13.0359296799,80.203918457,34441,34451,10
13.03606987,80.2030715942,34451,34461,10
13.036239624,80.2021026611,34461,34471,10
13.0363101959,80.2016906738,34471,34481,10
13.0363302231,80.2015609741,34481,34491,10
13.0363397598,80.2012634277,34491,34501,10
13.0363702774,80.2008132935,34501,34511,10
13.0364704132,80.2000198364,34511,34521,10
13.0366697311,80.1991577148,34521,34532,11
13.0368003845,80.1985015869,34532,34542,10
13.0368499756,80.1984329224,34542,34552,10
13.0368795395,80.198059082,34552,34562,10
13.0368795395,80.1975479126,34562,34572,10
13.0369997025,80.1968612671,34572,34582,10
13.0370702744,80.1964416504,34582,34592,10
13.0370702744,80.1963195801,34592,34602,10
13.0370998383,80.1959762573,34602,34612,10
13.0371999741,80.1953735352,34612,34622,10
13.0373497009,80.1945724487,34622,34632,10
13.0375003815,80.1936569214,34632,34642,10
13.0376195908,80.1929092407,34642,34663,21
13.0376195908,80.1929092407,34663,34673,10
13.0377998352,80.1928329468,34673,34683,10
13.0381002426,80.1927566528,34683,34693,10
13.0387096405,80.1928482056,34693,34713,20
13.0387096405,80.1928482056,34713,34723,10
13.0389604568,80.1929092407,34723,34733,10
13.0394601822,80.1929931641,34733,34743,10
13.0401802063,80.1931228638,34743,34753,10
13.0409498215,80.1932373047,34753,34764,11
13.0416603088,80.1933898926,34764,34774,10
13.0417699814,80.1937026978,34774,34784,10
13.0417699814,80.1938400269,34784,34794,10
13.0417604446,80.194152832,34794,34810,16
13.0416097641,80.1951828003,34810,34822,12
13.0414400101,80.1960983276,34822,34830,8
13.0413799286,80.1966018677,34830,34852,22
13.0413799286,80.1966018677,34852,34862,10
13.0413703918,80.1968612671,34862,34872,10
13.0413198471,80.1972427368,34872,34883,11
13.0412197113,80.1979293823,34883,34893,10
13.0410804749,80.198638916,34893,34903,10
13.0409898758,80.199180603,34903,34913,10
13.0409898758,80.1992034912,34913,34922,9
13.0409803391,80.1993789673,34922,34933,11
13.0408802032,80.1999816895,34933,34942,9
13.0408201218,80.2007293701,34942,34952,10
13.0407304764,80.2016677856,34952,34963,11
13.0406398773,80.2021408081,34963,34973,10
13.0405597687,80.2026367188,34973,34984,11
13.040430069,80.2034988403,34984,34994,10
13.0403003693,80.2042770386,34994,35004,10
13.0402498245,80.2047271729,35004,35014,10
13.0403299332,80.2049865723,35014,35024,10
13.040769577,80.2050704956,35024,35034,10
13.041270256,80.2051620483,35034,35044,10
13.0412797928,80.2051696777,35044,35054,10
13.0416402817,80.2052230835,35054,35064,10
13.0422296524,80.2052993774,35064,35074,10
13.0426597595,80.205406189,35074,35090,16
13.0430297852,80.2060317993,35090,35102,12
13.0435495377,80.2068099976,35102,35113,11
13.0440196991,80.2075576782,35113,35122,9
13.0441598892,80.2082138062,35122,35133,11
13.0441799164,80.2090606689,35133,35143,10
13.0441799164,80.2090988159,35143,35152,9
13.044210434,80.2092666626,35152,35163,11
13.0442199707,80.2095184326,35163,35174,11
13.044210434,80.2101287842,35174,35184,10
13.0442399979,80.2110671997,35184,35194,10
13.0442895889,80.2119903564,35194,35204,10
13.0443696976,80.2122268677,35204,35215,11
13.0447597504,80.2122573853,35215,35225,10
13.045419693,80.2122268677,35225,35235,10
13.0462799072,80.2121963501,35235,35245,10
13.0470304489,80.2121429443,35245,35255,10
13.04708004,80.2118225098,35255,35275,20
13.04708004,80.2118225098,35275,35285,10
13.0470504761,80.2114181519,35285,35295,10
13.0470199585,80.2109375,35295,35304,9
13.0471496582,80.2107772827,35304,35315,11
13.0476198196,80.2107925415,35315,35326,11
13.0481700897,80.2107925415,35326,35336,10
13.0487098694,80.2108230591,35336,35346,10
13.0492897034,80.2108764648,35346,35356,10
13.0497102737,80.2107925415,35356,35366,10
13.0497198105,80.2104797363,35366,35376,10
13.0496397018,80.2098770142,35376,35386,10
13.049539566,80.2091369629,35386,35396,10
13.0494298935,80.2084121704,35396,35406,10
13.0489597321,80.207359314,35406,35426,20
13.0489597321,80.207359314,35426,35437,11
13.0489597321,80.2071990967,35437,35447,10
13.0488796234,80.2069320679,35447,35457,10
13.0490198135,80.2068405151,35457,35467,10
13.0492296219,80.2068328857,35467,35477,10
13.0493402481,80.2070999146,35477,36355,878
13.0493402481,80.2070999146,36355,36365,10
13.0490398407,80.2073287964,36365,36375,10
13.0490198135,80.2074966431,36375,36385,10
13.0491504669,80.2078170776,36385,36395,10
13.0493402481,80.2083129883,36395,36405,10
13.0494699478,80.2088623047,36405,36415,10
13.0495796204,80.2094421387,36415,36425,10
13.0496702194,80.2100601196,36425,36435,10
13.0497303009,80.2106781006,36435,36445,10
13.0497598648,80.2108764648,36445,36455,10
13.049779892,80.2111434937,36455,36466,11
13.0498399734,80.2116165161,36466,36476,10
13.0498800278,80.2118988037,36476,36486,10
13.0498800278,80.2120819092,36486,36496,10
13.0496397018,80.2121505737,36496,36506,10
13.0495595932,80.2121429443,36506,36516,10
13.049200058,80.2121429443,36516,36526,10
13.0485200882,80.2121810913,36526,36536,10
13.0477399826,80.2122573853,36536,36546,10
13.0467996597,80.212310791,36546,36556,10
13.0458202362,80.2123336792,36556,36566,10
13.0446796417,80.2123565674,36566,36657,91
13.0446796417,80.2123565674,36657,36667,10
13.044500351,80.2124023438,36667,36677,10
13.0442399979,80.212059021,36677,36688,11
13.0441999435,80.2113037109,36688,36698,10
13.0441598892,80.2104568481,36698,36708,10
13.0441198349,80.2095413208,36708,36718,10
13.0441102982,80.2088928223,36718,36728,10
13.0441102982,80.2085494995,36728,36738,10
13.0440502167,80.207901001,36738,36748,10
13.0437202454,80.2071380615,36748,36758,10
13.0431900024,80.2064437866,36758,36767,9
13.0426502228,80.2057189941,36767,36778,11
13.0417995453,80.2052764893,36778,36788,10
13.0411300659,80.2052001953,36788,36799,11
13.0408802032,80.2051620483,36799,36809,10
13.0406599045,80.2051467896,36809,36820,11
13.0402803421,80.2050933838,36820,36830,10
13.0398101807,80.2050018311,36830,36840,10
13.0391197205,80.2049026489,36840,36850,10
13.0383796692,80.2048034668,36850,36860,10
13.038189888,80.2044525146,36860,36870,10
13.0382499695,80.2039108276,36870,36880,10
13.0383300781,80.2032775879,36880,36890,10
13.0383901596,80.2027587891,36890,36900,10
13.0384397507,80.2024536133,36900,36911,11
13.038479805,80.2021331787,36911,36920,9
13.0385398865,80.2018585205,36920,36931,11
13.0385799408,80.201461792,36931,36941,10
13.038649559,80.2010726929,36941,36951,10
13.0387001038,80.2007217407,36951,36961,10
13.0387496948,80.2001571655,36961,36971,10
13.0388698578,80.1994781494,36971,36981,10
13.0388898849,80.1993331909,36981,36991,10
13.0389499664,80.19896698,36991,37001,10
13.0390100479,80.1984786987,37001,37011,10
13.0391197205,80.1977767944,37011,37021,10
13.0392198563,80.1971588135,37021,37038,17
13.039270401,80.1967926025,37038,37050,12
13.0392999649,80.1964569092,37050,37060,10
13.0393600464,80.1961288452,37060,37070,10
13.0394697189,80.1953277588,37070,37080,10
13.0395498276,80.1946029663,37080,37090,10
13.0396900177,80.1935806274,37090,37100,10
13.0397500992,80.1931686401,37100,37110,10
13.0396203995,80.193031311,37110,37120,10
13.0391998291,80.1929168701,37120,37130,10
13.0388002396,80.1928482056,37130,37141,11
13.0386695862,80.1928482056,37141,37151,10
13.0383300781,80.1928024292,37151,37160,9
13.0377998352,80.1929016113,37160,37171,11
13.0375995636,80.1937484741,37171,37181,10
13.0374603271,80.1946792603,37181,37191,10
13.0372896194,80.1956176758,37191,37201,10
13.0372400284,80.1959609985,37201,37211,10
13.0371999741,80.1962280273,37211,37221,10
13.0371103287,80.1967926025,37221,37231,10
13.0369796753,80.1975631714,37231,37241,10
13.036860466,80.1983718872,37241,37252,11
13.036860466,80.1985168457,37252,37262,10
13.0368299484,80.1987533569,37262,37272,10
13.036740303,80.1992797852,37272,37282,10
13.0366401672,80.200050354,37282,37292,10
13.0365104675,80.2007980347,37292,37302,10
13.0364398956,80.2013168335,37302,37312,10
13.0364198685,80.2017364502,37312,37322,10
13.0363998413,80.2017822266,37322,37332,10
13.036359787,80.2019424438,37332,37342,10
13.0362701416,80.2024612427,37342,37352,10
13.0361604691,80.2032012939,37352,37362,10
13.0360202789,80.2042388916,37362,37383,21
13.0360202789,80.2042388916,37383,37393,10
13.0359802246,80.2045593262,37393,37403,10
13.035900116,80.2051086426,37403,37413,10
13.0357999802,80.2058334351,37413,37423,10
13.035779953,80.2059402466,37423,37433,10
13.0357198715,80.2062606812,37433,37443,10
13.0356397629,80.2068710327,37443,37453,10
13.0355396271,80.2077026367,37453,37463,10
13.0354499817,80.2083435059,37463,37473,10
13.0354404449,80.2083892822,37473,37484,11
13.0354003906,80.2085266113,37484,37494,10
13.0353097916,80.2090072632,37494,37504,10
13.0351896286,80.2097015381,37504,37514,10
13.0351800919,80.2099990845,37514,37524,10
13.0351400375,80.2100906372,37524,37534,10
13.0350704193,80.2104492188,37534,37544,10
13.0349197388,80.2108764648,37544,37554,10
13.0348396301,80.2115783691,37554,37564,10
13.0346603394,80.2121124268,37564,37574,10
13.034119606,80.2120513916,37574,37584,10
13.0333995819,80.2119827271,37584,37595,11
13.0325698853,80.2118988037,37595,37604,9
13.0324602127,80.2118911743,37604,37615,11
13.0320301056,80.2117996216,37615,37625,10
13.0319004059,80.2113189697,37625,37635,10
13.031999588,80.2105789185,37635,37645,10
13.0320997238,80.2098083496,37645,37665,20
13.0320997238,80.2098083496,37665,37675,10
13.031999588,80.2096405029,37675,37685,10
13.0315799713,80.2095413208,37685,37695,10
13.030960083,80.2093811035,37695,37706,11
13.0304098129,80.2092437744,37706,37716,10
13.0301704407,80.2092666626,37716,37726,10
13.0300798416,80.209602356,37726,37736,10
13.0300998688,80.2097473145,37736,37746,10
13.0304403305,80.2098388672,37746,37756,10
13.0308799744,80.2099609375,37756,37766,10
13.0310001373,80.2101516724,37766,37776,10
13.0309495926,80.2105331421,37776,37786,10
13.0308799744,80.2110595703,37786,37796,10
13.0308303833,80.2113800049,37796,37807,11
13.0307598114,80.2118530273,37807,37817,10
13.0306997299,80.212272644,37817,37827,10
13.0306301117,80.2127609253,37827,37838,11
13.0305404663,80.213508606,37838,37849,11
13.0304899216,80.213760376,37849,37858,9
13.0304203033,80.2142105103,37858,37869,11
13.0303497314,80.2148208618,37869,37879,10
13.030380249,80.2148971558,37879,37889,10
13.030380249,80.2153167725,37889,37899,10
13.0304002762,80.2160263062,37899,37909,10
13.0304298401,80.2164535522,37909,37919,10
13.0305204391,80.2168197632,37919,37929,10
13.0309495926,80.2168884277,37929,37940,11
13.0313796997,80.2169570923,37940,37950,10
13.0314998627,80.217376709,37950,37960,10
13.0315504074,80.2180862427,37960,37970,10
13.0319900513,80.2183914185,37970,37980,10
13.0322504044,80.2186737061,37980,37990,10
13.0322504044,80.2194137573,37990,38000,10
13.0322704315,80.2199172974,38000,38010,10
13.0322599411,80.2202529907,38010,38020,10
13.0321502686,80.2208099365,38020,38036,16
13.0319404602,80.2215805054,38036,38048,12
13.03166008,80.2221298218,38048,38059,11
13.0313997269,80.2225799561,38059,38069,10
13.0311899185,80.2233123779,38069,38079,10
13.0311603546,80.223739624,38079,38089,10
13.0311803818,80.2240066528,38089,38098,9
13.0311403275,80.224281311,38098,38109,11
13.0306301117,80.2242889404,38109,38119,10
13.0301103592,80.2242965698,38119,38129,10
13.0295696259,80.2242965698,38129,38138,9
13.0291595459,80.2242889404,38138,38148,10
13.0291404724,80.224281311,38148,38159,11
13.0287799835,80.2240905762,38159,38170,11
13.0284404755,80.224281311,38170,38180,10
13.0282897949,80.2250595093,38180,38190,10
13.0281095505,80.2258834839,38190,38200,10
13.0279598236,80.2265777588,38200,38210,10
13.0279302597,80.2269287109,38210,38220,10
13.0281801224,80.2270812988,38220,38230,10
13.0284700394,80.2271270752,38230,38240,10
13.0288496017,80.227180481,38240,38250,10
13.029419899,80.2272872925,38250,38260,10
13.0301198959,80.2273864746,38260,38270,10
13.0304803848,80.2276763916,38270,38281,11
13.0304203033,80.2278823853,38281,38291,10
13.0303497314,80.2283935547,38291,38301,10
13.0302801132,80.2291412354,38301,38311,10
13.0306797028,80.2303314209,38311,38341,30
13.0306797028,80.2303314209,38341,38351,10
13.0307397842,80.2306365967,38351,38361,10
13.0305204391,80.2307891846,38361,38371,10
13.0299797058,80.2308197021,38371,38382,11
13.0296401978,80.2308807373,38382,38393,11
13.0294704437,80.2308883667,38393,38403,10
13.0290603638,80.2309188843,38403,38413,10
13.0284004211,80.23097229,38413,38423,10
13.027759552,80.2310333252,38423,38433,10
13.027680397,80.2313537598,38433,38443,10
13.0277395248,80.2319412231,38443,38453,10
13.0278596878,80.2327575684,38453,38534,81
13.0278596878,80.2327575684,38534,38550,16
13.0274496078,80.2328872681,38550,38562,12
13.0271596909,80.2329406738,38562,38570,8
13.0269002914,80.2329788208,38570,38581,11
13.0265798569,80.2330474854,38581,38592,11
13.0262498856,80.2325973511,38592,38602,10
13.0260696411,80.2319030762,38602,38612,10
13.0259799957,80.2315292358,38612,38622,10
13.0258197784,80.2309799194,38622,38633,11
13.0254096985,80.2301177979,38633,38643,10
13.0248098373,80.2293167114,38643,38653,10
13.0244398117,80.2288818359,38653,38663,10
13.0242795944,80.2286682129,38663,38673,10
13.0240001678,80.2283401489,38673,38683,10
13.0238895416,80.2282180786,38683,38693,10
13.0238199234,80.2280883789,38693,38703,10
13.0235204697,80.2277832031,38703,38713,10
13.0231304169,80.2273864746,38713,38723,10
13.0225601196,80.2268600464,38723,38734,11
13.0217599869,80.2261581421,38734,38744,10
13.0210399628,80.2256317139,38744,38754,10
13.0203695297,80.2251586914,38754,38764,10
13.0198698044,80.2248001099,38764,38774,10
13.0198402405,80.2247772217,38774,38784,10
13.0195398331,80.2245788574,38784,38794,10
13.0188798904,80.2244796753,38794,38804,10
13.0179300308,80.2248382568,38804,38814,10
13.0169000626,80.2252731323,38814,38824,10
13.0162801743,80.2255325317,38824,38834,10
13.0156002045,80.2257766724,38834,38845,11
13.0151395798,80.2259597778,38845,38855,10
13.015080452,80.2259902954,38855,38865,10
13.0146598816,80.2261505127,38865,38875,10
13.0140304565,80.2263870239,38875,38885,10
13.013710022,80.2265472412,38885,38894,9
13.0136003494,80.2265930176,38894,38905,11
13.0130796432,80.2267608643,38905,38914,9
13.0124197006,80.2270126343,38914,38924,10
13.0115003586,80.2273788452,38924,38935,11
13.0105199814,80.2277526855,38935,38945,10
13.0097398758,80.2280731201,38945,38955,10
13.0091199875,80.2286682129,38955,38966,11
13.0089101791,80.2297821045,38966,38976,10
13.0087003708,80.2308883667,38976,38986,10
13.0085000992,80.2319793701,38986,38996,10
13.0083303452,80.2328872681,38996,39006,10
13.0082902908,80.2333984375,39006,39016,10
13.0082798004,80.2334976196,39016,39026,10
13.0082197189,80.2336730957,39026,39036,10
13.0081195831,80.2339477539,39036,39046,10
13.008020401,80.2344818115,39046,39066,20
13.008020401,80.2344818115,39066,39077,11
13.0079097748,80.2349090576,39077,39087,10
13.0078401566,80.2352294922,39087,39097,10
13.0078201294,80.2353820801,39097,39107,10
13.0078001022,80.2355575562,39107,39117,10
13.0077295303,80.2358779907,39117,39127,10
13.0076398849,80.2363586426,39127,39137,10
13.007519722,80.2369766235,39137,39147,10
13.0074396133,80.2372817993,39147,39157,10
13.0074195862,80.2374725342,39157,39167,10
13.0073604584,80.2377471924,39167,39177,10
13.0072698593,80.2382583618,39177,39188,11
13.0071401596,80.2389373779,39188,39198,10
13.0070400238,80.2395477295,39198,39238,40
13.0069999695,80.2399215698,39238,39278,40
13.0069999695,80.2399215698,39278,39288,10
13.0069904327,80.2400665283,39288,39299,11
13.0068902969,80.2406082153,39299,39309,10
13.0068502426,80.2407989502,39309,39319,10
13.0068101883,80.2410888672,39319,39329,10
13.006770134,80.2417373657,39329,39339,10
13.0067501068,80.2425994873,39339,39349,10
13.0067396164,80.2432403564,39349,39359,10
13.0067195892,80.2434616089,39359,39369,10
13.0067195892,80.2434768677,39369,39379,10
13.0067195892,80.2438735962,39379,39399,20
13.0067195892,80.2438735962,39399,39409,10
13.0066900253,80.244140625,39409,39420,11
13.0067300797,80.2445907593,39420,39436,16
13.0066995621,80.2453765869,39436,39448,12
13.0067501068,80.2461013794,39448,39456,8
13.0067195892,80.2465362549,39456,39467,11
13.0067396164,80.2472381592,39467,39478,11
13.0067396164,80.2482070923,39478,39488,10
13.0068397522,80.2491226196,39488,39498,10
13.0068798065,80.2495574951,39498,39507,9
13.0068798065,80.249710083,39507,39517,10
13.0068502426,80.2504577637,39517,39549,32
13.0068502426,80.2504577637,39549,39559,10
13.0068702698,80.2507324219,39559,39569,10
13.0068798065,80.251121521,39569,39579,10
13.0067996979,80.2515792847,39579,39589,10
13.0066299438,80.2522506714,39589,39599,10
13.0065803528,80.2531967163,39599,39609,10
13.0065803528,80.2543029785,39609,39619,10
13.0066299438,80.2550582886,39619,39629,10
13.0066204071,80.2551879883,39629,39640,11
13.0066299438,80.2555770874,39640,39650,10
13.0066404343,80.2563018799,39650,39660,10
13.0066699982,80.2570800781,39660,39720,60
13.0067996979,80.2571411133,39720,39761,41
13.0067996979,80.2571411133,39761,39771,10
13.0067796707,80.2573394775,39771,39781,10
13.0064201355,80.2575378418,39781,39791,10
13.005979538,80.2574691772,39791,39801,10
13.0055503845,80.2573928833,39801,39811,10
13.0051498413,80.2571868896,39811,39821,10
13.0045795441,80.2571411133,39821,39831,10
13.0041599274,80.2570571899,39831,39841,10
13.003950119,80.2570419312,39841,39851,10
13.0036802292,80.2570037842,39851,39912,61
13.0036802292,80.2570037842,39912,39922,10
13.0034999847,80.257019043,39922,39932,10
13.0032701492,80.2569503784,39932,39942,10
13.0029096603,80.2568817139,39942,39952,10
13.0025396347,80.2567977905,39952,39962,10
13.0020904541,80.2566986084,39962,40013,51
13.0020904541,80.2566986084,40013,40023,10
13.0020303726,80.2566833496,40023,40033,10
13.0017499924,80.256652832,40033,40043,10
13.0011901855,80.2565765381,40043,40053,10
13.0005598068,80.256477356,40053,40069,16
12.9996995926,80.2563171387,40069,40089,20
12.9996995926,80.2563171387,40089,40102,13
12.9992904663,80.2562179565,40102,40112,10
12.9988002777,80.2561264038,40112,40122,10
12.998290062,80.2560577393,40122,40132,10
12.9977197647,80.2560501099,40132,40172,40
12.9977197647,80.2560501099,40172,40182,10
12.9977397919,80.256362915,40182,40192,10
12.9979400635,80.2567214966,40192,40202,10
12.9976396561,80.2570037842,40202,40313,111
12.9976396561,80.2570037842,40313,40324,11
12.9975204468,80.2567901611,40324,40424,100
12.9975204468,80.2567901611,40424,40434,10
12.9975795746,80.2564620972,40434,40445,11
12.9976396561,80.2561721802,40445,40455,10
12.9976396561,80.2561035156,40455,40465,10
12.997590065,80.2559585571,40465,40475,10
12.997300148,80.2559585571,40475,40485,10
12.9969501495,80.2561035156,40485,40495,10
12.9968996048,80.2565002441,40495,40505,10
12.9968595505,80.2569122314,40505,40515,10
12.9967699051,80.2574310303,40515,40525,10
12.996720314,80.2580871582,40525,40535,10
12.9966697693,80.2587280273,40535,40545,10
12.9966201782,80.2592773438,40545,40556,11
12.9965496063,80.2598266602,40556,40566,10
12.9964799881,80.2604675293,40566,40576,10
12.9964103699,80.2611465454,40576,40586,10
12.9963197708,80.2617492676,40586,40596,10
12.9962596893,80.2621383667,40596,40606,10
12.996219635,80.2622375488,40606,40616,10
12.9961795807,80.2626190186,40616,40626,10
12.9961299896,80.263168335,40626,40636,10
12.9960803986,80.2637023926,40636,40646,10
12.9960203171,80.2644500732,40646,40656,10
12.9959602356,80.2651672363,40656,40667,11
12.9958200455,80.2659072876,40667,40677,10
12.9957504272,80.2668380737,40677,40687,10
12.9957895279,80.2676391602,40687,40697,10
12.9961004257,80.2677230835,40697,40707,10
12.9966001511,80.2677536011,40707,40717,10
12.9968099594,80.2677230835,40717,40727,10
12.9971399307,80.2676391602,40727,40737,10
12.9977397919,80.2674865723,40737,40747,10
12.9985399246,80.2673034668,40747,40757,10
12.999540329,80.2669906616,40757,40767,10
13.000120163,80.2665328979,40767,40784,17
13.0001296997,80.2663497925,40784,40796,12
13.0002002716,80.2657928467,40796,40806,10
13.0003900528,80.2657775879,40806,40815,9
13.0002403259,80.2663192749,40815,42027,1212
13.0002403259,80.2663192749,42027,42038,11
13.0003404617,80.266746521,42038,42048,10
13.0002002716,80.2668991089,42048,42058,10
12.9997797012,80.266998291,42058,42068,10
12.9991798401,80.2671432495,42068,42078,10
12.9985303879,80.267326355,42078,42088,10
12.9978599548,80.2674865723,42088,42098,10
12.9974098206,80.2676391602,42098,42108,10
12.9967899323,80.267791748,42108,42118,10
12.9962997437,80.2677612305,42118,42128,10
12.9956903458,80.2673416138,42128,42148,20
12.9956903458,80.2673416138,42148,42159,11
12.9957399368,80.2669525146,42159,42169,10
12.9958200455,80.2662734985,42169,42179,10
12.9959201813,80.2654266357,42179,42195,16
12.9960803986,80.2640914917,42195,42207,12
12.9961500168,80.2630996704,42207,42217,10
12.9962301254,80.2626571655,42217,42227,10
12.9962396622,80.2626113892,42227,42237,10
12.9962501526,80.2625427246,42237,42247,10
12.9962902069,80.2621994019,42247,42257,10
12.996339798,80.2617492676,42257,42267,10
12.9964199066,80.2610168457,42267,42278,11
12.9964799881,80.2603225708,42278,42288,10
12.9965000153,80.2601013184,42288,42298,10
12.9964895248,80.2595825195,42298,42308,10
12.9965801239,80.2588424683,42308,42318,10
12.9966697693,80.2579269409,42318,42328,10
12.9968299866,80.2567672729,42328,42378,50
12.9968299866,80.2567672729,42378,42389,11
12.9968299866,80.2565231323,42389,42399,10
12.9968395233,80.2561798096,42399,42409,10
12.997130394,80.255897522,42409,42419,10
12.997759819,80.255897522,42419,42429,10
12.9987897873,80.2560195923,42429,42449,20
12.9987897873,80.2560195923,42449,42459,10
12.9989204407,80.2560806274,42459,42469,10
12.9991998672,80.2561187744,42469,42489,20
12.9991998672,80.2561187744,42489,42500,11
12.9995603561,80.2562026978,42500,42510,10
13.0004301071,80.2563705444,42510,42530,20
13.0004301071,80.2563705444,42530,42540,10
13.0008602142,80.2564315796,42540,42560,20
13.0010004044,80.2565078735,42560,42590,30
13.0010004044,80.2565078735,42590,42600,10
13.0012702942,80.2565383911,42600,42611,11
13.0014801025,80.2565765381,42611,42621,10
13.0017004013,80.2566223145,42621,42631,10
13.002120018,80.2566680908,42631,42641,10
13.0024995804,80.2567214966,42641,42651,10
13.0028896332,80.2567977905,42651,42661,10
13.0033197403,80.2568817139,42661,42671,10
13.0036001205,80.256942749,42671,42681,10
13.0037298203,80.2569732666,42681,42691,10
13.0040397644,80.2570114136,42691,42721,30
13.0040397644,80.2570114136,42721,42732,11
13.0044002533,80.2570724487,42732,42742,10
13.0047903061,80.2571487427,42742,42752,10
13.0053596497,80.257232666,42752,42762,10
13.005979538,80.2573623657,42762,42782,20
13.0060901642,80.2574234009,42782,42802,20
13.0060901642,80.2574234009,42802,42818,16
13.0064001083,80.2574768066,42818,42830,12
13.0065603256,80.2571792603,42830,42841,11
13.0065603256,80.2565536499,42841,42851,10
13.006529808,80.255821228,42851,42860,9
13.0065498352,80.2553329468,42860,42872,12
13.0065402985,80.2548980713,42872,42881,9
13.0065002441,80.2543029785,42881,42893,12
13.006529808,80.2532196045,42893,42912,19
13.006529808,80.2532196045,42912,42923,11
13.0065803528,80.2528991699,42923,42933,10
13.006649971,80.2518997192,42933,43024,91
13.006649971,80.2518997192,43024,43034,10
13.006649971,80.2516174316,43034,43044,10
13.0067195892,80.2512512207,43044,43054,10
13.0067195892,80.2504119873,43054,43065,11
13.0067195892,80.2492370605,43065,43075,10
13.0066795349,80.2483596802,43075,43327,252
13.0066795349,80.2483596802,43327,43337,10
13.0066404343,80.248046875,43337,43347,10
13.0066404343,80.2474899292,43347,43357,10
13.0065803528,80.2464904785,43357,43377,20
13.0065803528,80.2464904785,43377,43387,10
13.0066204071,80.2463912964,43387,43397,10
13.0066204071,80.2459793091,43397,43408,11
13.0066204071,80.2452011108,43408,43418,10
13.0066099167,80.244682312,43418,43428,10
13.0066604614,80.2442779541,43428,43438,10
13.0066604614,80.2440032959,43438,43448,10
13.0066404343,80.2437210083,43448,43458,10
13.0065803528,80.2432479858,43458,43468,10
13.0065603256,80.2424697876,43468,43478,10
13.0065803528,80.2415466309,43478,43488,10
13.0066900253,80.2404403687,43488,43519,31
13.0066900253,80.2404403687,43519,43529,10
13.0066995621,80.2401428223,43529,43539,10
13.0068397522,80.2395172119,43539,43549,10
13.0069999695,80.2387237549,43549,43559,10
13.0071897507,80.2378234863,43559,43569,10
13.0073795319,80.2368011475,43569,43589,20
13.0073795319,80.2368011475,43589,43599,10
13.0074701309,80.236541748,43599,43609,10
13.0075998306,80.2360305786,43609,43619,10
13.0077495575,80.2354278564,43619,43629,10
13.0078897476,80.2347869873,43629,43640,11
13.0080604553,80.2339401245,43640,43649,9
13.0082302094,80.2330627441,43649,43660,11
13.0084495544,80.2319793701,43660,43670,10
13.0086898804,80.230758667,43670,43680,10
13.0088996887,80.229637146,43680,43690,10
13.0091199875,80.2285003662,43690,43700,10
13.0094804764,80.2274780273,43700,43710,10
13.0099401474,80.2264480591,43710,43720,10
13.0104799271,80.225440979,43720,43730,10
13.0108299255,80.224571228,43730,43740,10
13.01101017,80.2240829468,43740,43751,11
13.0110702515,80.2240066528,43751,43761,10
13.0111999512,80.2235336304,43761,43771,10
13.0114803314,80.2228164673,43771,43781,10
13.0119199753,80.2219009399,43781,43791,10
13.0124597549,80.2214584351,43791,43801,10
13.0127801895,80.2219467163,43801,43811,10
13.0131797791,80.2225189209,43811,43821,10
13.0138397217,80.223197937,43821,43831,10
13.0143098831,80.2235565186,43831,43841,10
13.01445961,80.2238082886,43841,43851,10
13.0149002075,80.2244033813,43851,43862,11
13.0150995255,80.224647522,43862,43872,10
13.0155601501,80.2250595093,43872,43892,20
13.0155601501,80.2250595093,43892,43902,10
13.0156297684,80.225151062,43902,43912,10
13.0159902573,80.2253417969,43912,43922,10
13.016699791,80.2252426147,43922,43932,10
13.0175800323,80.2248764038,43932,43942,10
13.0185604095,80.2244720459,43942,43952,10
13.0193004608,80.224281311,43952,43973,21
13.0193004608,80.224281311,43973,43983,10
13.019370079,80.224281311,43983,43993,10
13.0196504593,80.2244567871,43993,44003,10
13.0197401047,80.2245330811,44003,44013,10
13.0199403763,80.2246932983,44013,44023,10
13.0203504562,80.2250137329,44023,44033,10
13.0209503174,80.225440979,44033,44043,10
13.0216598511,80.2259902954,44043,44053,10
13.0223999023,80.2265930176,44053,44063,10
13.0231399536,80.2272567749,44063,44073,10
13.0237197876,80.2277984619,44073,44083,10
13.0242300034,80.2283325195,44083,44094,11
13.0245304108,80.2287826538,44094,44104,10
13.0248298645,80.2291793823,44104,44114,10
13.025179863,80.2296066284,44114,44124,10
13.0255899429,80.2301712036,44124,44134,10
13.0259304047,80.2307891846,44134,44144,10
13.0260295868,80.2309494019,44144,44160,16
13.0260000229,80.2310180664,44160,44172,12
13.0259504318,80.2312011719,44172,44180,8
13.0260896683,80.2313537598,44180,44192,12
13.0267601013,80.2312011719,44192,44202,10
13.0275297165,80.231010437,44202,44213,11
13.0285100937,80.2308807373,44213,44233,20
13.0285100937,80.2308807373,44233,44243,10
13.0288200378,80.2308502197,44243,44252,9
13.029250145,80.2308425903,44252,44283,31
13.029250145,80.2308425903,44283,44293,10
13.0295295715,80.2308273315,44293,44303,10
13.0299797058,80.2307662964,44303,44314,11
13.030579567,80.2307128906,44314,44324,10
13.030670166,80.2306594849,44324,44334,10
13.0306797028,80.2304000854,44334,44344,10
13.030579567,80.2300186157,44344,44354,10
13.0304403305,80.2296295166,44354,44364,10
13.0303497314,80.2289962769,44364,44374,10
13.0304098129,80.2284088135,44374,44384,10
13.0303897858,80.2282791138,44384,44394,10
13.0303697586,80.2281723022,44394,44404,10
13.0304403305,80.2277832031,44404,44414,10
13.0301799774,80.2275009155,44414,44424,10
13.0294799805,80.2273712158,44424,44435,11
13.0286102295,80.2272186279,44435,44445,10
13.0281095505,80.2270965576,44445,44455,10
13.0279397964,80.2269363403,44455,44465,10
13.0280199051,80.2264633179,44465,44475,10
13.0281200409,80.2258682251,44475,44485,10
13.0282697678,80.2251815796,44485,44495,10
13.0283498764,80.224571228,44495,44505,10
13.0284204483,80.2241210938,44505,44521,16
13.0287799835,80.224029541,44521,44533,12
13.0289497375,80.2241287231,44533,44541,8
13.0291500092,80.2242584229,44541,44554,13
13.0293998718,80.2242889404,44554,44564,10
13.0299596786,80.224281311,44564,44574,10
13.0306901932,80.2242965698,44574,44583,9
13.0310602188,80.2241821289,44583,44593,10
13.0311098099,80.2236785889,44593,44604,11
13.0311603546,80.2231216431,44604,44614,10
13.0311603546,80.2230377197,44614,44624,10
13.0312900543,80.2226486206,44624,44635,11
13.0315704346,80.222038269,44635,44645,10
13.0318698883,80.2213363647,44645,44656,11
13.032119751,80.2204589844,44656,44666,10
13.0321397781,80.2198486328,44666,44676,10
13.0321302414,80.2197723389,44676,44686,10
13.0320796967,80.2197036743,44686,44696,10
13.032119751,80.2193069458,44696,44706,10
13.0321397781,80.2186813354,44706,44716,10
13.0316495895,80.218460083,44716,44726,10
13.0314998627,80.2178497314,44726,44736,10
13.0314397812,80.2171707153,44736,44746,10
13.0312204361,80.217010498,44746,44756,10
13.0307197571,80.217010498,44756,44766,10
13.0304603577,80.2167129517,44766,44777,11
13.0304603577,80.2166290283,44777,44787,10
13.0304403305,80.2163391113,44787,44797,10
13.0304002762,80.2156829834,44797,44807,10
13.030380249,80.2145385742,44807,44827,20
13.030380249,80.2145385742,44827,44837,10
13.0303497314,80.2143173218,44837,44847,10
13.0304899216,80.2137832642,44847,44857,10
13.0305099487,80.2135467529,44857,44867,10
13.0305595398,80.213218689,44867,44877,10
13.0306196213,80.2127685547,44877,44888,11
13.0306301117,80.2127685547,44888,44898,10
13.0306596756,80.2123565674,44898,44908,10
13.0307397842,80.2117462158,44908,44918,10
13.0307798386,80.2114334106,44918,44928,10
13.0308303833,80.2110824585,44928,44938,10
13.0308904648,80.2106781006,44938,44948,10
13.0309495926,80.2102127075,44948,44958,10
13.0308303833,80.2100372314,44958,44968,10
13.0304603577,80.2099609375,44968,44978,10
13.0300703049,80.2096862793,44978,44988,10
13.0301399231,80.2092132568,44988,44999,11
13.0306901932,80.2091827393,44999,45009,10
13.0314302444,80.2093582153,45009,45019,10
13.031539917,80.2093963623,45019,45029,10
13.0317497253,80.2094802856,45029,45039,10
13.0323801041,80.209602356,45039,45049,10
13.0331401825,80.2097015381,45049,45059,10
13.0340595245,80.2098617554,45059,45069,10
13.0349597931,80.2099533081,45069,45079,10
13.0351600647,80.2095336914,45079,45089,10
13.0352296829,80.2088928223,45089,45099,10
13.0352497101,80.2087173462,45099,45109,10
13.0352497101,80.2086410522,45109,45120,11
13.035320282,80.2081680298,45120,45130,10
13.0354204178,80.2074203491,45130,45140,10
13.0355501175,80.2065200806,45140,45156,16
13.0354204178,80.2059631348,45156,45168,12
13.0354299545,80.2054595947,45168,45178,10
13.0354700089,80.205368042,45178,45188,10
13.0356702805,80.2052612305,45188,45198,10
13.0358104706,80.2048416138,45198,45208,10
13.035900116,80.2042007446,45208,45218,10
13.0360403061,80.2033996582,45218,45229,11
13.0361499786,80.2023620605,45229,45239,10
13.0362596512,80.2015380859,45239,45248,9
13.0362501144,80.2014770508,45248,45259,11
13.0363397598,80.2011108398,45259,45269,10
13.0364704132,80.2004928589,45269,45279,10
13.0366001129,80.1996536255,45279,45289,10
13.036740303,80.1986923218,45289,45299,10
13.0368099213,80.1983718872,45299,45309,10
13.036860466,80.1981582642,45309,45319,10
13.0369300842,80.1976089478,45319,45329,10
13.0371198654,80.1962814331,45329,45350,21
13.0371198654,80.1962814331,45350,45360,10
13.0371103287,80.1959381104,45360,45370,10
13.0372200012,80.1953430176,45370,45380,10
13.0373601913,80.1945724487,45380,45390,10
13.0375003815,80.1936264038,45390,45400,10
13.037610054,80.1929473877,45400,45409,9
13.0378904343,80.1927566528,45409,45420,11
13.0382003784,80.1927871704,45420,45430,10
13.0387401581,80.1928863525,45430,45440,10
13.0388402939,80.1928863525,45440,45450,10
13.0389995575,80.1929168701,45450,45461,11
13.039440155,80.1929931641,45461,45471,10
13.0399904251,80.193069458,45471,45481,10
13.0406503677,80.1931991577,45481,45491,10
13.0413999557,80.193321228,45491,45501,10
13.0416297913,80.1935577393,45501,45511,10
13.0416498184,80.193901062,45511,45521,10
13.0416898727,80.1939697266,45521,45531,10
13.0416297913,80.1944198608,45531,45541,10
13.0415000916,80.19506073,45541,45551,10
13.041390419,80.1957778931,45551,45561,10
13.0413999557,80.1958389282,45561,45572,11
13.0413999557,80.1960678101,45572,45582,10
13.0413198471,80.196472168,45582,45592,10
13.0413198471,80.1967163086,45592,45602,10
13.0412902832,80.1969680786,45602,45612,10
13.0411996841,80.1975326538,45612,45622,10
13.0411195755,80.1981811523,45622,45632,10
13.0410003662,80.1992874146,45632,45652,20
13.0410003662,80.1992874146,45652,45662,10
13.0409498215,80.1996383667,45662,45672,10
13.0408401489,80.200340271,45672,45683,11
13.0407400131,80.2011489868,45683,45693,10
13.0406503677,80.2018585205,45693,45703,10
13.0405597687,80.2022018433,45703,45712,9
13.0404701233,80.2027511597,45712,45723,11
13.0403604507,80.2036209106,45723,45733,10
13.0402002335,80.2045669556,45733,45743,10
13.0403604507,80.2050094604,45743,45753,10
13.0408296585,80.2050704956,45753,45763,10
13.0412502289,80.2051620483,45763,45773,10
13.0413398743,80.2051773071,45773,45782,9
13.0417404175,80.2052383423,45782,45793,11
13.0424604416,80.2053833008,45793,45804,11
13.0429897308,80.2060699463,45804,45814,10
13.0435600281,80.2068710327,45814,45824,10
13.0439996719,80.2076416016,45824,45834,10
13.0441303253,80.2084884644,45834,45844,10
13.0441598892,80.2090606689,45844,45854,10
13.0441703796,80.2090606689,45854,45864,10
13.0441999435,80.2092285156,45864,45874,10
13.0441799164,80.2096481323,45874,45884,10
13.0441904068,80.2103729248,45884,45894,10
13.0441999435,80.2113265991,45894,45905,11
13.044260025,80.2119598389,45905,45945,40
13.044260025,80.2119598389,45945,45955,10
13.044260025,80.2121963501,45955,45965,10
13.044719696,80.2122421265,45965,45975,10
13.0454702377,80.2122116089,45975,45985,10
13.046380043,80.2121734619,45985,45995,10
13.0470304489,80.2120513916,45995,46005,10
13.0470399857,80.2118988037,46005,46015,10
13.0470199585,80.2118606567,46015,46026,11
13.0469999313,80.2116622925,46026,46036,10
13.0469999313,80.2111816406,46036,46046,10
13.0470104218,80.2107391357,46046,46056,10
13.0474395752,80.2107620239,46056,46066,10
13.0481796265,80.2108001709,46066,46075,9
13.0486698151,80.2107772827,46075,46086,11
13.0491104126,80.2108001709,46086,46096,10
13.0494403839,80.2108001709,46096,46106,10
13.049659729,80.2106170654,46106,46116,10
13.0496397018,80.2100830078,46116,46126,10
13.049539566,80.2093505859,46126,46137,11
13.0494604111,80.2088165283,46137,46147,10
13.0493402481,80.2083206177,46147,46157,10
13.0491600037,80.2076797485,46157,46167,10
13.0488796234,80.2070236206,46167,46187,20
13.0488796234,80.2070236206,46187,46197,10
13.0488195419,80.2068786621,46197,46207,10
13.049030304,80.2068710327,46207,46217,10
13.0491304398,80.2071228027,46217,46601,384
13.0491304398,80.2071228027,46601,46611,10
13.0490703583,80.2073822021,46611,46621,10
13.0490598679,80.2075500488,46621,46631,10
13.0491504669,80.2079620361,46631,46641,10
13.0493402481,80.2085189819,46641,46651,10
13.0494403839,80.2089691162,46651,46661,10
13.0495300293,80.2095794678,46661,46671,10
13.0495700836,80.2102508545,46671,46681,10
13.0496797562,80.2108917236,46681,46691,10
13.0497903824,80.2116470337,46691,46732,41
13.0497903824,80.2116470337,46732,46742,10
13.0499095917,80.2117996216,46742,46752,10
13.0499200821,80.2120132446,46752,46762,10
13.0498199463,80.2121963501,46762,46772,10
13.049659729,80.2121887207,46772,46782,10
13.0495300293,80.2121582031,46782,46792,10
13.0490598679,80.2121505737,46792,46802,10
13.0483703613,80.2121963501,46802,46811,9
13.0476999283,80.2122879028,46811,46823,12
13.0464801788,80.2123336792,46823,46833,10
13.0454301834,80.2123718262,46833,46843,10
13.0448198318,80.2124023438,46843,46873,30
13.0448198318,80.2124023438,46873,46883,10
13.044719696,80.2124328613,46883,46893,10
13.0444002151,80.2123413086,46893,46903,10
13.044210434,80.2117767334,46903,46913,10
13.0441799164,80.2109527588,46913,46923,10
13.0441303253,80.2099304199,46923,46934,11
13.0441102982,80.2093811035,46934,46944,10
13.0440998077,80.2092666626,46944,46954,10
13.0441102982,80.2089614868,46954,46964,10
13.0440998077,80.2088165283,46964,46974,10
13.0440797806,80.2083435059,46974,46984,10
13.0439500809,80.207572937,46984,46994,10
13.0435304642,80.2069015503,46994,47004,10
13.0430603027,80.206199646,47004,47014,10
13.0425300598,80.205619812,47014,47024,10
13.0419902802,80.2053527832,47024,47040,16
13.0409097672,80.2051696777,47040,47053,13
13.0408296585,80.2051620483,47053,47063,10
13.0406303406,80.2051315308,47063,47073,10
13.0400600433,80.2050323486,47073,47083,10
13.039349556,80.2049179077,47083,47093,10
13.0384998322,80.2048110962,47093,47103,10
13.0381498337,80.2045974731,47103,47113,10
13.0382299423,80.2040634155,47113,47121,8
13.0382795334,80.2035217285,47121,47133,12
13.0383796692,80.2028198242,47133,47143,10
13.0384597778,80.2022476196,47143,47153,10
13.0385503769,80.2017211914,47153,47164,11
13.038599968,80.2012329102,47164,47173,9
13.0387201309,80.2006988525,47173,47184,11
13.0388002396,80.200012207,47184,47194,10
13.0388202667,80.19947052,47194,47203,9
13.038860321,80.1993103027,47203,47214,11
13.0389099121,80.1988983154,47214,47224,10
13.0390195847,80.1982574463,47224,47234,10
13.0391197205,80.1975479126,47234,47244,10
13.0391798019,80.1971511841,47244,47254,10
13.0392303467,80.1968612671,47254,47264,10
13.0392503738,80.1966400146,47264,47275,11
13.0393295288,80.1963577271,47275,47285,10
13.0393800735,80.1958389282,47285,47295,10
13.0394697189,80.19506073,47295,47305,10
13.0395698547,80.194190979,47305,47315,10
13.0397195816,80.1934967041,47315,47325,10
13.0397396088,80.1932678223,47325,47335,10
13.0396995544,80.1930999756,47335,47345,10
13.0394296646,80.1929931641,47345,47355,10
13.0390796661,80.1929092407,47355,47365,10
13.0386896133,80.1928482056,47365,47375,10
13.0386800766,80.1928482056,47375,47385,10
13.0383501053,80.1928100586,47385,47396,11
13.0377502441,80.1929092407,47396,47406,10
13.0375404358,80.1936187744,47406,47416,10
13.0374202728,80.1945419312,47416,47426,10
13.0372800827,80.1955337524,47426,47436,10
13.037229538,80.195930481,47436,47446,10
13.0371999741,80.1960372925,47446,47456,10
13.0371599197,80.1961517334,47456,47466,10
13.0370798111,80.1965408325,47466,47476,10
13.0370197296,80.197227478,47476,47486,10
13.0368900299,80.1981124878,47486,47496,10
13.0368204117,80.1986312866,47496,47507,11
13.0368003845,80.1986618042,47507,47517,10
13.036740303,80.1990127563,47517,47527,10
13.0366201401,80.1996383667,47527,47537,10
13.0365200043,80.2004470825,47537,47547,10
13.0364198685,80.2012023926,47547,47557,10
13.0363397598,80.201713562,47557,47567,10
13.0363397598,80.2017211914,47567,47577,10
13.0362796783,80.2021102905,47577,47587,10
13.0361795425,80.2026672363,47587,47597,10
13.0360803604,80.2035217285,47597,47607,10
13.0359802246,80.2043228149,47607,47618,11
13.0359296799,80.2046966553,47618,47628,10
13.0358200073,80.2053070068,47628,47638,10
13.0357398987,80.205871582,47638,47648,10
13.0357398987,80.2058868408,47648,47658,10
13.0357198715,80.2060470581,47658,47668,10
13.03565979,80.2064819336,47668,47678,10
13.0355501175,80.2072219849,47678,47688,10
13.0354404449,80.2080612183,47688,47698,10
13.0353803635,80.2083969116,47698,47718,20
13.0353803635,80.2083969116,47718,47729,11
13.0353002548,80.2088165283,47729,47739,10
13.0351896286,80.2094192505,47739,47749,10
13.0350999832,80.2101669312,47749,47759,10
13.0349302292,80.2106628418,47759,47769,10
13.0348300934,80.2112579346,47769,47779,10
13.0347099304,80.2120132446,47779,47789,10
13.0342102051,80.2120513916,47789,47799,10
13.0335798264,80.2119903564,47799,47809,10
13.0328397751,80.2119064331,47809,47819,10
13.0324497223,80.2118682861,47819,47829,10
13.0324401855,80.2118682861,47829,47839,10
13.0323696136,80.2118682861,47839,47850,11
13.0319299698,80.2116928101,47850,47860,10
13.0319404602,80.2110595703,47860,47870,10
13.0320501328,80.2104187012,47870,47880,10
13.0321102142,80.2097625732,47880,47890,10
13.0317602158,80.2095794678,47890,47900,10
13.0311203003,80.2093887329,47900,47916,16
13.0301303864,80.2092666626,47916,47928,12
13.0300302505,80.2095413208,47928,47936,8
13.029999733,80.2096633911,47936,47948,12
13.0303401947,80.2098312378,47948,47958,10
13.03083992,80.2099609375,47958,47969,11
13.030960083,80.2102432251,47969,47979,10
13.0309000015,80.2106628418,47979,47989,10
13.0308599472,80.2110519409,47989,47999,10
13.0308103561,80.2113876343,47999,48009,10
13.0307397842,80.2117462158,48009,48019,10
13.0306596756,80.2122421265,48019,48029,10
13.030579567,80.2129898071,48029,48039,10
13.030500412,80.2135314941,48039,48049,10
13.0304498672,80.2138366699,48049,48058,9
13.0303897858,80.2142868042,48058,48070,12
13.0303602219,80.2147369385,48070,48080,10
13.0303497314,80.2148590088,48080,48090,10
13.0303602219,80.2153396606,48090,48100,10
13.0303897858,80.2160568237,48100,48110,10
13.0304203033,80.216468811,48110,48120,10
13.0304899216,80.2168579102,48120,48130,10
13.0306501389,80.2168884277,48130,48140,10
13.0307798386,80.2169189453,48140,48150,10
13.0311803818,80.2169418335,48150,48160,10
13.031419754,80.2171401978,48160,48170,10
13.0314798355,80.2177429199,48170,48180,10
13.0317497253,80.2183609009,48180,48191,11
13.0321998596,80.2187271118,48191,48200,9
13.0321998596,80.2198181152,48200,48221,21
13.0321998596,80.2198181152,48221,48231,10
13.0321998596,80.2201385498,48231,48241,10
13.03221035,80.2203598022,48241,48251,10
13.0321302414,80.2206573486,48251,48261,10
13.0319795609,80.2212905884,48261,48271,10
13.0317201614,80.2219314575,48271,48281,10
13.0314502716,80.2225418091,48281,48291,10
13.0312099457,80.223197937,48291,48302,11
13.0311603546,80.2237319946,48302,48312,10
13.0311603546,80.223739624,48312,48322,10
13.0311899185,80.224067688,48322,48332,10
13.0309000015,80.2242965698,48332,48342,10
13.0302696228,80.2242889404,48342,48352,10
13.0296602249,80.224319458,48352,48362,10
13.0292396545,80.2243118286,48362,48372,10
13.0291099548,80.2242889404,48372,48382,10
13.0288200378,80.2241134644,48382,48392,10
13.0284700394,80.2240982056,48392,48402,10
13.0283203125,80.2247695923,48402,48413,11
13.0280895233,80.2258682251,48413,48423,10
13.0279397964,80.2265625,48423,48433,10
13.0279197693,80.2268829346,48433,48443,10
13.0281496048,80.2270202637,48443,48453,10
13.0283603668,80.2270584106,48453,48463,10
13.0284795761,80.2270965576,48463,48479,16
13.0292701721,80.2272415161,48479,48491,12
13.0301799774,80.2273788452,48491,48501,10
13.0303602219,80.2279968262,48501,48521,20
13.0303602219,80.2279968262,48521,48532,11
13.0303096771,80.2283782959,48532,48542,10
13.0302801132,80.2290115356,48542,48552,10
13.0304698944,80.2297210693,48552,48562,10
13.0306396484,80.2303466797,48562,48572,10
13.030670166,80.2306900024,48572,48582,10
13.0305404663,80.2307662964,48582,48592,10
13.0298595428,80.2308197021,48592,48612,20
13.0298595428,80.2308197021,48612,48622,10
13.0297403336,80.2308425903,48622,48632,10
13.0296001434,80.2308578491,48632,48643,11
13.0293998718,80.2308807373,48643,48653,10
13.0289802551,80.2309188843,48653,48662,9
13.0283899307,80.2309570313,48662,48673,11
13.0277204514,80.2310409546,48673,48682,9
13.0276498795,80.2313232422,48682,48693,11
13.027759552,80.2319717407,48693,48703,10
13.0278701782,80.2327804565,48703,48713,10
13.0272798538,80.2329483032,48713,48723,10
13.0268096924,80.2330093384,48723,48733,10
13.0265302658,80.233039856,48733,48743,10
13.0262699127,80.2326278687,48743,48753,10
13.0260696411,80.2319335938,48753,48764,11
13.0258798599,80.2310714722,48764,48774,10
13.0254201889,80.2300872803,48774,48784,10
13.0247602463,80.2292327881,48784,48794,10
13.0243501663,80.2287521362,48794,48804,10
13.023900032,80.2282104492,48804,48824,20
13.023900032,80.2282104492,48824,48834,10
13.0237598419,80.2280426025,48834,48844,10
13.0233697891,80.2276535034,48844,48854,10
13.0228300095,80.2270965576,48854,48864,10
13.0222301483,80.2265625,48864,48875,11
13.0213699341,80.2258377075,48875,48885,10
13.020529747,80.2251968384,48885,48895,10
13.0198402405,80.2247314453,48895,48915,20
13.0198402405,80.2247314453,48915,48925,10
13.0195798874,80.224609375,48925,48935,10
13.018910408,80.2244796753,48935,48945,10
13.0180301666,80.224822998,48945,48955,10
13.0170001984,80.2252426147,48955,48965,10
13.0160999298,80.2256164551,48965,48975,10
13.0152196884,80.2259292603,48975,48986,11
13.0142202377,80.2263183594,48986,49006,20
13.0142202377,80.2263183594,49006,49016,10
13.0140800476,80.2264099121,49016,49026,10
13.0135698318,80.226600647,49026,49042,16
13.0123300552,80.2270202637,49042,49054,12
13.0111703873,80.2275009155,49054,49064,10
13.0101203918,80.227897644,49064,49074,10
13.009180069,80.2284622192,49074,49084,10
13.008939743,80.2295684814,49084,49094,10
13.0087299347,80.2307128906,49094,49105,11
13.0085000992,80.2319412231,49105,49115,10
13.0082902908,80.233039856,49115,49125,10
13.0082302094,80.2336502075,49125,49135,10
13.0082197189,80.2336730957,49135,49145,10
13.0081396103,80.2339935303,49145,49155,10
13.0080404282,80.2345428467,49155,49165,10
13.0078802109,80.2353591919,49165,49175,10
13.0076599121,80.2363891602,49175,49185,10
13.0074300766,80.2375488281,49185,49195,10
13.007229805,80.2385787964,49195,49205,10
13.0070695877,80.239402771,49205,49216,11
13.0069503784,80.2399902344,49216,49226,10
13.0069103241,80.2404327393,49226,49236,10
13.0068397522,80.240852356,49236,49246,10
13.0068302155,80.2409515381,49246,49256,10
13.006770134,80.2414169312,49256,49266,10
13.0067796707,80.2422332764,49266,49276,10
13.006770134,80.2431335449,49276,49286,10
13.0067596436,80.243598938,49286,49296,10
13.0066995621,80.244102478,49296,49316,20
13.0066995621,80.244102478,49316,49327,11
13.0067100525,80.2445678711,49327,49337,10
13.0067100525,80.2450714111,49337,49347,10
13.0067300797,80.2455215454,49347,49357,10
13.0067396164,80.2461624146,49357,49367,10
13.0067501068,80.2465286255,49367,49377,10
13.0067396164,80.2468032837,49377,49387,10
13.006770134,80.2470474243,49387,49397,10
13.0067195892,80.2472686768,49397,49407,10
13.0067300797,80.2477035522,49407,49417,10
13.0067396164,80.2484817505,49417,49427,10
13.0068597794,80.2493515015,49427,49437,10
13.0068702698,80.2496109009,49437,49448,11
13.0068302155,80.2499084473,49448,49458,10
13.0068101883,80.2505111694,49458,49468,10
13.0068397522,80.2512969971,49468,49478,10
13.0066204071,80.252243042,49478,49488,10
13.0065498352,80.2533798218,49488,49498,10
13.0065698624,80.2544784546,49498,49508,10
13.0066099167,80.2547836304,49508,49518,10
13.0065898895,80.2547988892,49518,49528,10
13.0065803528,80.2551879883,49528,49538,10
13.0065898895,80.2559204102,49538,49548,10
13.0066795349,80.2572097778,49548,49579,31
13.0066795349,80.2572097778,49579,49589,10
13.0067195892,80.2573928833,49589,49599,10
13.0064601898,80.257598877,49599,49609,10
13.0060596466,80.2574768066,49609,49619,10
13.0054397583,80.2573471069,49619,49629,10
13.0049200058,80.257232666,49629,49639,10
13.0042600632,80.2571029663,49639,49649,10
13.0034704208,80.2569580078,49649,49659,10
13.0026502609,80.2567825317,49659,49670,11
13.0024595261,80.2567214966,49670,49680,10
13.0023603439,80.2567062378,49680,49689,9
13.0021896362,80.256690979,49689,49700,11
13.0019102097,80.256652832,49700,49710,10
13.0015096664,80.2566070557,49710,49720,10
13.0011396408,80.2565612793,49720,49730,10
13.000459671,80.2564697266,49730,49740,10
12.9996204376,80.2563095093,49740,49750,10
12.9987697601,80.2561264038,49750,49760,10
12.9975595474,80.2560195923,49760,49801,41
12.9975595474,80.2560195923,49801,49811,10
12.9972200394,80.2559661865,49811,49821,10
12.9969396591,80.2560272217,49821,49831,10
12.9968795776,80.2564163208,49831,49841,10
12.9968395233,80.2568588257,49841,49851,10
12.9968395233,80.2569198608,49851,49861,10
12.9968004227,80.257270813,49861,49871,10
12.9967298508,80.2579193115,49871,49881,10
12.9966402054,80.2587280273,49881,49892,11
12.9965400696,80.2595367432,49892,49902,10
12.9964799881,80.2602615356,49902,49912,10
12.9963798523,80.2611465454,49912,49922,10
12.9963302612,80.2617721558,49922,49932,10
12.9963102341,80.2619018555,49932,49942,10
12.9962396622,80.2622909546,49942,49952,10
12.996219635,80.2623977661,49952,49962,10
12.9961700439,80.2624435425,49962,49972,10
12.9961395264,80.2628936768,49972,49982,10
12.9961395264,80.2632904053,49982,49992,10
12.9960603714,80.2639083862,49992,50002,10
12.9959802628,80.2647628784,50002,50013,11
12.9958896637,80.2658615112,50013,50023,10
12.9957895279,80.2667617798,50023,50033,10
12.995759964,80.2676010132,50033,50043,10
12.9961795807,80.2677078247,50043,50053,10
12.9962596893,80.2677307129,50053,50063,10
12.9967002869,80.2677612305,50063,50073,10
12.9974298477,80.2675476074,50073,50083,10
12.9982004166,80.2673721313,50083,50093,10
12.9989004135,80.2671737671,50093,50103,10
12.9996204376,80.2669372559,50103,50113,10
13.0000801086,80.2665634155,50113,50124,11
13.000120163,80.2664031982,50124,50134,10
13.0001497269,80.2662963867,50134,50144,10
13.0001802444,80.26587677,50144,50154,10
13.0003404617,80.2657928467,50154,50164,10
13.0003204346,80.2662124634,50164,50235,71
13.0003795624,80.2664718628,50235,50547,312
13.0003700256,80.266456604,50547,50709,162
13.0003499985,80.2664413452,50709,51122,413
13.0003499985,80.2664413452,51122,51132,10
13.0003204346,80.2665100098,51132,51142,10
13.0002403259,80.2668228149,51142,51153,11
12.9995803833,80.2669906616,51153,51163,10
12.9988203049,80.2672195435,51163,51173,10
12.9982099533,80.2673721313,51173,51183,10
12.9978199005,80.2675170898,51183,51193,10
12.997300148,80.2676391602,51193,51203,10
12.9965400696,80.2677383423,51203,51213,10
12.9959602356,80.2677536011,51213,51223,10
12.9956998825,80.2673416138,51223,51243,20
12.9956998825,80.2673416138,51243,51253,10
12.9956998825,80.2672195435,51253,51264,11
12.9957304001,80.2668380737,51264,51274,10
12.9957799911,80.2662734985,51274,51284,10
12.9958696365,80.265586853,51284,51294,10
12.9959402084,80.2649078369,51294,51304,10
12.9960298538,80.2641601563,51304,51314,10
12.9961500168,80.2631530762,51314,51324,10
12.9961795807,80.2626800537,51324,51344,20
12.9961795807,80.2626800537,51344,51354,10
12.9962301254,80.2623291016,51354,51364,10
12.9962797165,80.2618637085,51364,51375,11
12.9963102341,80.2616882324,51375,51385,10
12.9963502884,80.2612991333,51385,51395,10
12.9964103699,80.2606430054,51395,51405,10
12.9965000153,80.2597503662,51405,51415,10
12.9965801239,80.2589111328,51415,51425,10
12.9966602325,80.2580413818,51425,51435,10
12.9967803955,80.2572097778,51435,51445,10
12.9968795776,80.2559967041,51445,51506,61
12.9968795776,80.2559967041,51506,51516,10
12.996919632,80.2557983398,51516,51526,10
12.9972496033,80.2557373047,51526,51536,10
12.9979095459,80.2558288574,51536,51546,10
12.9986200333,80.2559432983,51546,51566,20
12.9986200333,80.2559432983,51566,51576,10
12.9991703033,80.256111145,51576,51607,31
12.9991703033,80.256111145,51607,51617,10
12.9993200302,80.2561035156,51617,51627,10
12.9997596741,80.2561569214,51627,51637,10
13.0002403259,80.2563171387,51637,51646,9
13.0008602142,80.256401062,51646,51656,10
13.0015802383,80.2565307617,51656,51667,11
13.0024299622,80.2566680908,51667,51677,10
13.0032901764,80.2568435669,51677,51687,10
13.0040302277,80.2569885254,51687,51697,10
13.0048303604,80.2571182251,51697,51707,10
13.0054798126,80.257270813,51707,51718,11
13.006360054,80.2574768066,51718,51768,50
13.006360054,80.2574768066,51768,51778,10
13.0065898895,80.2571868896,51778,51788,10
13.0065202713,80.256729126,51788,51798,10
13.0065097809,80.2557601929,51798,51808,10
13.0065402985,80.2551498413,51808,51818,10
13.006529808,80.2545013428,51818,51829,11
13.0065402985,80.2537994385,51829,51839,10
13.006529808,80.2531967163,51839,51849,10
13.0065402985,80.2531890869,51849,51859,10
13.0065202713,80.2529296875,51859,51899,40
13.0065202713,80.2529296875,51899,51909,10
13.0065002441,80.2526779175,51909,51919,10
13.0065803528,80.252166748,51919,51929,10
13.0067396164,80.251373291,51929,51939,10
13.0067501068,80.2504577637,51939,51950,11
13.0067596436,80.2494506836,51950,51960,10
13.0067195892,80.2486724854,51960,51970,10
13.0066795349,80.2483062744,51970,52050,80
13.0066795349,80.2481231689,52050,52081,31
13.0066795349,80.2481231689,52081,52091,10
13.006649971,80.2480621338,52091,52101,10
13.0066404343,80.2476196289,52101,52111,10
13.0066299438,80.2470703125,52111,52121,10
13.0066003799,80.2467193604,52121,52131,10
13.0065603256,80.2465896606,52131,52141,10
13.0066204071,80.2462997437,52141,52151,10
13.0066099167,80.2457199097,52151,52161,10
13.0066299438,80.245010376,52161,52172,11
13.0066404343,80.2443466187,52172,52182,10
13.0066204071,80.2437591553,52182,52192,10
13.0065898895,80.2431869507,52192,52202,10
13.0065698624,80.2424697876,52202,52212,10
13.0065603256,80.241569519,52212,52222,10
13.0066604614,80.2406997681,52222,52232,10
13.0068397522,80.2397384644,52232,52242,10
13.0069904327,80.2388763428,52242,52252,10
13.0072097778,80.2377700806,52252,52262,10
13.0073604584,80.2371063232,52262,52282,20
13.0073604584,80.2371063232,52282,52293,11
13.007399559,80.2369918823,52293,52303,10
13.007399559,80.236831665,52303,52313,10
13.0074100494,80.2367630005,52313,52323,10
13.007519722,80.2363967896,52323,52333,10
13.0076398849,80.2358093262,52333,52343,10
13.0077295303,80.2352905273,52343,52353,10
13.0077495575,80.2351837158,52353,52363,10
13.0078401566,80.2347793579,52363,52373,10
13.0079698563,80.23412323,52373,52382,9
13.0081195831,80.2333297729,52382,52392,10
13.0083503723,80.2322387695,52392,52404,12
13.0086097717,80.23097229,52404,52413,9
13.0087900162,80.2300415039,52413,52424,11
13.0090303421,80.2287979126,52424,52434,10
13.0093698502,80.2277374268,52434,52444,10
13.0098199844,80.2266998291,52444,52454,10
13.010310173,80.2257003784,52454,52464,10
13.0107498169,80.2247695923,52464,52474,10
13.0111398697,80.2236404419,52474,52494,20
13.0111398697,80.2236404419,52494,52504,10
13.0111999512,80.2232284546,52504,52515,11
13.0114898682,80.2226486206,52515,52525,10
13.0118398666,80.2218704224,52525,52535,10
13.0122003555,80.2212677002,52535,52544,9
13.0123100281,80.2213287354,52544,52555,11
13.0124597549,80.2215805054,52555,52564,9
13.0127401352,80.222038269,52564,52575,11
13.0132904053,80.2226104736,52575,52585,10
13.0139799118,80.2233886719,52585,52595,10
13.0145301819,80.2240524292,52595,52605,10
13.0150699615,80.2245864868,52605,52615,10
13.0155601501,80.2249603271,52615,52625,10
13.0156297684,80.2250213623,52625,52636,11
13.0158004761,80.2252197266,52636,52646,10
13.0163402557,80.2253036499,52646,52656,10
13.0171604156,80.2250366211,52656,52666,10
13.0180997849,80.224647522,52666,52676,10
13.0193099976,80.2242584229,52676,52696,20
13.0193099976,80.2242584229,52696,52706,10
13.0194797516,80.2243728638,52706,52716,10
13.0196399689,80.2244873047,52716,52726,10
13.0200395584,80.2247467041,52726,52736,10
13.0205202103,80.225112915,52736,52747,11
13.0210599899,80.2255096436,52747,52757,10
13.0216598511,80.2259368896,52757,52767,10
13.022359848,80.2265014648,52767,52777,10
13.0230703354,80.227142334,52777,52787,10
13.0236196518,80.2276992798,52787,52797,10
13.0240297318,80.2281036377,52797,52807,10
13.0242996216,80.2284011841,52807,52837,30
13.0242996216,80.2284011841,52837,52847,10
13.0245399475,80.2286987305,52847,52858,11
13.0249595642,80.2292861938,52858,52868,10
13.0254201889,80.2298965454,52868,52878,10
13.0258197784,80.2305374146,52878,52888,10
13.026140213,80.2308425903,52888,52898,10
13.0261497498,80.2308502197,52898,52908,10
13.0260601044,80.2309188843,52908,52918,10
13.0260896683,80.2313232422,52918,52928,10
13.0264596939,80.2311935425,52928,52938,10
13.0269203186,80.2311019897,52938,52948,10
13.027680397,80.2309494019,52948,52958,10
13.0283603668,80.2308578491,52958,52968,10
13.0284404755,80.2308578491,52968,52979,11
13.0287799835,80.2308273315,52979,52989,10
13.0293502808,80.230796814,52989,53045,56
13.0293502808,80.230796814,53045,53057,12
13.0297803879,80.2307891846,53057,53065,8
13.0302095413,80.2307510376,53065,53076,11
13.0306301117,80.2306137085,53076,53088,12
13.0305204391,80.230140686,53088,53098,10
13.0302801132,80.2294692993,53098,53107,9
13.0302696228,80.2287902832,53107,53118,11
13.0303001404,80.2283096313,53118,53128,10
13.0303201675,80.2282180786,53128,53138,10
13.0303697586,80.227897644,53138,53148,10
13.0303897858,80.2276000977,53148,53158,10
13.0298595428,80.2274398804,53158,53168,10
13.0290603638,80.2273025513,53168,53178,10
13.0286397934,80.2272415161,53178,53188,10
13.0285797119,80.2272186279,53188,53199,11
13.0281295776,80.2271118164,53199,53209,10
13.0278997421,80.2268981934,53209,53219,10
13.0279798508,80.2264022827,53219,53229,10
13.0281200409,80.2256469727,53229,53239,10
13.0283002853,80.224822998,53239,53249,10
13.028429985,80.2240524292,53249,53259,10
13.0286397934,80.223991394,53259,53269,10
13.0287399292,80.2240066528,53269,53279,10
13.0290002823,80.2242279053,53279,53289,10
13.0294103622,80.2242584229,53289,53299,10
13.0301198959,80.2243118286,53299,53309,10
13.0307703018,80.2242965698,53309,53320,11
13.0309896469,80.2239532471,53320,53330,10
13.031080246,80.2233886719,53330,53340,10
13.0311203003,80.2232513428,53340,53350,10
13.0311899185,80.2229995728,53350,53360,10
13.0313997269,80.2225265503,53360,53370,10
13.0316200256,80.2219772339,53370,53380,10
13.0318899155,80.2214279175,53380,53390,10
13.0321102142,80.2206192017,53390,53400,10
13.0321598053,80.2201004028,53400,53410,10
13.0321598053,80.2198028564,53410,53420,10
13.0321702957,80.2196578979,53420,53431,11
13.0321702957,80.2193374634,53431,53441,10
13.0321702957,80.218788147,53441,53451,10
13.0317001343,80.2183990479,53451,53461,10
13.0314397812,80.2177810669,53461,53471,10
13.0313901901,80.2171020508,53471,53481,10
13.0312204361,80.2169876099,53481,53491,10
13.0308198929,80.2170028687,53491,53501,10
13.0304498672,80.2168884277,53501,53531,30
13.0304498672,80.2168884277,53531,53542,11
13.0303897858,80.2163085938,53542,53552,10
13.0303297043,80.2157516479,53552,53562,10
13.0303297043,80.2145767212,53562,53582,20
13.0303297043,80.2145767212,53582,53592,10
13.0304002762,80.2141723633,53592,53602,10
13.0304803848,80.2137069702,53602,53618,16
13.0305595398,80.2132568359,53618,53630,12
13.0306301117,80.2125167847,53630,53640,10
13.0307197571,80.2118606567,53640,53650,10
13.0307598114,80.2116317749,53650,53661,11
13.0308103561,80.2112121582,53661,53669,8
13.0308599472,80.2110214233,53669,53681,12
13.0309495926,80.2105331421,53681,53691,10
13.0309801102,80.2102432251,53691,53701,10
13.0307798386,80.210067749,53701,53711,10
13.0304298401,80.2099533081,53711,53721,10
13.0300197601,80.2098007202,53721,53731,10
13.0301103592,80.2092208862,53731,53782,51
13.0301103592,80.2092208862,53782,53792,10
13.0302095413,80.2090377808,53792,53802,10
13.0306196213,80.2090911865,53802,53812,10
13.0312995911,80.2092895508,53812,53822,10
13.0315599442,80.2094192505,53822,53832,10
13.0316200256,80.2094726563,53832,53842,10
13.0319404602,80.2095336914,53842,53852,10
13.0326099396,80.2096328735,53852,53862,10
13.0334501266,80.2097702026,53862,53872,10
13.0344295502,80.2098999023,53872,53883,11
13.0351200104,80.2096633911,53883,53893,10
13.035200119,80.2090530396,53893,53909,16
13.035200119,80.209022522,53909,53921,12
13.0351896286,80.2087402344,53921,53931,10
13.035200119,80.2087173462,53931,53941,10
13.0352602005,80.2084274292,53941,53951,10
13.0353403091,80.207901001,53951,53961,10
13.0354499817,80.2071533203,53961,53971,10
13.0355701447,80.2062988281,53971,53981,10
13.0354700089,80.2059783936,53981,53991,10
13.035490036,80.2056427002,53991,54002,11
13.0354995728,80.2055206299,54002,54012,10
13.0355501175,80.205291748,54012,54022,10
13.0357398987,80.2051620483,54022,54032,10
13.0358104706,80.2047729492,54032,54042,10
13.0359201431,80.2041015625,54042,54052,10
13.03606987,80.2032623291,54052,54071,19
13.0362596512,80.2016677856,54071,54083,12
13.0362596512,80.2016525269,54083,54091,8
13.0362796783,80.2014389038,54091,54103,12
13.0363903046,80.200881958,54103,54113,10
13.0364904404,80.2001724243,54113,54124,11
13.036649704,80.1991577148,54124,54134,10
13.036740303,80.1984100342,54134,54144,10
13.0367603302,80.1983795166,54144,54154,10
13.0368404388,80.1980667114,54154,54164,10
13.0369100571,80.1975021362,54164,54174,10
13.0370597839,80.1963577271,54174,54194,20
13.0370597839,80.1963577271,54194,54204,10
13.0371303558,80.1960372925,54204,54214,10
13.0371999741,80.1954803467,54214,54225,11
13.0373401642,80.1946182251,54225,54235,10
13.0374698639,80.1936798096,54235,54245,10
13.037610054,80.1928482056,54245,54255,10
13.0380601883,80.1927337646,54255,54265,10
13.0386295319,80.1928710938,54265,54275,10
13.0386695862,80.1928787231,54275,54285,10
13.038860321,80.1928482056,54285,54295,10
13.0393199921,80.1929397583,54295,54305,10
13.0399799347,80.193031311,54305,54315,10
13.0405502319,80.1931381226,54315,54325,10
13.041179657,80.1932601929,54325,54335,10
13.0415697098,80.1933364868,54335,54352,17
13.0417003632,80.193939209,54352,54364,12
13.0416297913,80.1946182251,54364,54374,10
13.041560173,80.1952285767,54374,54384,10
13.0415296555,80.1957778931,54384,54394,10
13.0415000916,80.1960983276,54394,54404,10
13.041390419,80.1965637207,54404,54414,10
13.0413799286,80.1965789795,54414,54424,10
13.0412797928,80.1968688965,54424,54434,10
13.0412197113,80.1974411011,54434,54444,10
13.0411396027,80.1982269287,54444,54454,10
13.0410203934,80.1989822388,54454,54465,11
13.0410203934,80.1992797852,54465,54475,10
13.0410203934,80.1993637085,54475,54485,10
13.0409498215,80.1996917725,54485,54503,18
13.0407400131,80.2009811401,54503,54515,12
13.0406103134,80.2018814087,54515,54525,10
13.0405902863,80.2021331787,54525,54535,10
13.0404996872,80.2026977539,54535,54545,10
13.0403699875,80.2036209106,54545,54555,10
13.0402002335,80.2043762207,54555,54565,10
13.0401496887,80.2049179077,54565,54576,11
13.0405797958,80.205039978,54576,54586,10
13.0410203934,80.2051010132,54586,54596,10
13.0411500931,80.2051391602,54596,54606,10
13.0415697098,80.2051925659,54606,54616,10
13.0422000885,80.2053070068,54616,54626,10
13.0426101685,80.2054672241,54626,54635,9
13.0428695679,80.205947876,54635,54646,11
13.0433702469,80.2065811157,54646,54656,10
13.0437698364,80.2071685791,54656,54666,10
13.0440196991,80.2079162598,54666,54676,10
13.0441102982,80.2086486816,54676,54687,11
13.0441198349,80.2088088989,54687,54697,10
13.0441598892,80.2091217041,54697,54707,10
13.0441398621,80.2096633911,54707,54717,10
13.0441799164,80.2104415894,54717,54727,10
13.0442199707,80.2112808228,54727,54737,10
13.0442304611,80.2120285034,54737,54757,20
13.0442304611,80.2120285034,54757,54773,16
13.0447397232,80.2122116089,54773,54785,12
13.0456104279,80.2121887207,54785,54795,10
13.0464200974,80.2121582031,54795,54806,11
13.0469198227,80.2121200562,54806,54816,10
13.0469303131,80.2121200562,54816,54826,10
13.0470504761,80.2119064331,54826,54836,10
13.0470504761,80.2118835449,54836,54846,10
13.0470600128,80.2116928101,54846,54856,10
13.0470399857,80.2113265991,54856,54866,10
13.0469999313,80.2110137939,54866,54875,9
13.0470504761,80.2108078003,54875,54885,10
13.0471897125,80.2107467651,54885,54896,11
13.0476903915,80.2107467651,54896,54906,10
13.0483198166,80.2107696533,54906,54917,11
13.0491600037,80.2107696533,54917,54927,10
13.0495595932,80.2107086182,54927,54937,10
13.0495796204,80.2101669312,54937,54946,9
13.0495195389,80.2095718384,54946,54957,11
13.0494203568,80.2089767456,54957,54967,10
13.0492095947,80.2081375122,54967,54977,10
13.0489797592,80.2074203491,54977,54987,10
13.0488004684,80.2069702148,54987,55017,30
13.0488004684,80.2069702148,55017,55028,11
13.0489797592,80.2068405151,55028,55038,10
13.0491800308,80.2069015503,55038,55048,10
13.049200058,80.2070999146,55048,55814,766
13.049200058,80.2070999146,55814,55825,11
13.0489997864,80.2074432373,55825,55835,10
13.0490999222,80.2077789307,55835,55845,10
13.0492200851,80.2080688477,55845,55855,10
13.0493097305,80.2086181641,55855,55865,10
13.0494804382,80.2089920044,55865,55875,10
13.049539566,80.2093734741,55875,55885,10
13.0496397018,80.2100219727,55885,55895,10
13.0496702194,80.2106704712,55895,55905,10
13.0497198105,80.21118927,55905,55915,10
13.0497903824,80.2116775513,55915,55956,41
13.0497903824,80.2116775513,55956,55966,10
13.0498895645,80.211807251,55966,55976,10
13.0499000549,80.2120895386,55976,55986,10
13.049539566,80.2122116089,55986,56006,20
13.049539566,80.2122116089,56006,56016,10
13.0492401123,80.2121810913,56016,56026,10
13.0486698151,80.2121963501,56026,56036,10
13.0479297638,80.2122497559,56036,56046,10
13.0470399857,80.2123031616,56046,56057,11
13.0458803177,80.212348938,56057,56067,10
13.044380188,80.2123718262,56067,56097,30
13.044380188,80.2123718262,56097,56107,10
13.0442495346,80.2121582031,56107,56117,10
13.0442199707,80.2115402222,56117,56127,10
13.0441799164,80.2107086182,56127,56137,10
13.0441398621,80.2101287842,56137,56147,10
13.0441102982,80.209487915,56147,56157,10
13.044090271,80.2091674805,56157,56168,11
13.0440797806,80.2089691162,56168,56178,10
13.0440797806,80.2086715698,56178,56188,10
13.0440397263,80.2080230713,56188,56198,10
13.0437698364,80.2072906494,56198,56208,10
13.0433101654,80.2066116333,56208,56218,10
13.0427598953,80.2058334351,56218,56228,10
13.0420598984,80.2053833008,56228,56238,10
13.0414400101,80.2052688599,56238,56248,10
13.0410003662,80.2052001953,56248,56258,10
13.0408096313,80.2051773071,56258,56268,10
13.0406198502,80.2051696777,56268,56278,10
13.0403795242,80.2051391602,56278,56289,11
13.0397701263,80.205039978,56289,56299,10
13.0390300751,80.2049102783,56299,56309,10
13.0382604599,80.2048187256,56309,56319,10
13.0381202698,80.2045822144,56319,56329,10
13.0382099152,80.2041702271,56329,56339,10
13.0382995605,80.2034988403,56339,56349,10
13.0383701324,80.2027893066,56349,56359,10
13.0384702682,80.2021789551,56359,56369,10
13.0385503769,80.2016601563,56369,56379,10
13.0386600494,80.201133728,56379,56389,10
13.0387401581,80.2006225586,56389,56400,11
13.0388498306,80.1998825073,56400,56410,10
13.0389099121,80.1992492676,56410,56420,10
13.0389604568,80.1987533569,56420,56430,10
13.0390996933,80.1979980469,56430,56440,10
13.0392198563,80.1972122192,56440,56450,10
13.0392398834,80.1968917847,56450,56460,10
13.0393199921,80.1964797974,56460,56470,10
13.0394001007,80.1959381104,56470,56480,10
13.0395097733,80.1951599121,56480,56490,10
13.0396099091,80.1942672729,56490,56500,10
13.0397596359,80.193359375,56500,56511,11
13.0397596359,80.1931915283,56511,56521,10
13.0396604538,80.1930007935,56521,56531,10
13.039270401,80.1929626465,56531,56541,10
13.038769722,80.1928710938,56541,56551,10
13.0386896133,80.1928710938,56551,56561,10
13.038359642,80.1928634644,56561,56571,10
13.0378599167,80.1929168701,56571,56581,10
13.0376195908,80.1935424805,56581,56591,10
13.0375003815,80.1944122314,56591,56601,10
13.0373401642,80.1953811646,56601,56611,10
13.0372800827,80.1959762573,56611,56627,16
13.0372104645,80.1962127686,56627,56640,13
13.0370998383,80.1968994141,56640,56650,10
13.0369997025,80.1976928711,56650,56658,8
13.0368795395,80.198387146,56658,56669,11
13.0367698669,80.1992492676,56669,56681,12
13.0366802216,80.1997909546,56681,56691,10
13.0366201401,80.2001113892,56691,56701,10
13.0365400314,80.2006912231,56701,56711,10
13.0363998413,80.2018203735,56711,56731,20
13.0363998413,80.2018203735,56731,56742,11
13.0363702774,80.2020721436,56742,56752,10
13.0362596512,80.2025604248,56752,56762,10
13.0361604691,80.2033233643,56762,56772,10
13.0360603333,80.2040634155,56772,56782,10
13.0359802246,80.204536438,56782,56792,10
13.035900116,80.2051010132,56792,56802,10
13.0358200073,80.2058029175,56802,56812,10
13.0357999802,80.2059173584,56812,56822,10
13.0357599258,80.2062072754,56822,56832,10
13.0357198715,80.2067565918,56832,56842,10
13.0356197357,80.2074279785,56842,56853,11
13.0354995728,80.208152771,56853,56863,10
13.0354604721,80.208442688,56863,56873,10
13.0354204178,80.2085800171,56873,56883,10
13.035369873,80.2089996338,56883,56893,10
13.0352802277,80.2095489502,56893,56903,10
13.0352201462,80.2100830078,56903,56913,10
13.0350599289,80.2105636597,56913,56923,10
13.0349197388,80.211151123,56923,56933,10
13.0348100662,80.2118682861,56933,56943,10
13.0343904495,80.2121200562,56943,56959,16
13.0325803757,80.2119369507,56959,56982,23
13.0325803757,80.2119369507,56982,56992,10
13.0324897766,80.2119369507,56992,57002,10
13.0320901871,80.2118682861,57002,57012,10
13.031920433,80.2115402222,57012,57022,10
13.0319795609,80.2109298706,57022,57032,10
13.0320701599,80.2102203369,57032,57042,10
13.0320396423,80.2097167969,57042,57052,10
13.031419754,80.2095336914,57052,57062,10
13.0306196213,80.2093582153,57062,57083,21
13.0306196213,80.2093582153,57083,57093,10
13.0303201675,80.2092514038,57093,57103,10
13.0300798416,80.2095413208,57103,57123,20
13.0300798416,80.2095413208,57123,57133,10
13.0300197601,80.2098083496,57133,57143,10
13.0304803848,80.2099227905,57143,57153,10
13.0309095383,80.2100372314,57153,57163,10
13.030960083,80.2102737427,57163,57173,10
13.0309200287,80.2107696533,57173,57183,10
13.0308799744,80.2111587524,57183,57194,11
13.0308303833,80.2116165161,57194,57204,10
13.0307798386,80.2119064331,57204,57214,10
13.0306997299,80.2124404907,57214,57224,10
13.0305995941,80.2131195068,57224,57234,10
13.030500412,80.2136077881,57234,57244,10
13.0304803848,80.2138519287,57244,57254,10
13.0304098129,80.2143325806,57254,57264,10
13.030380249,80.2147216797,57264,57274,10
13.0303401947,80.2149429321,57274,57284,10
13.0303001404,80.2154083252,57284,57294,10
13.0303401947,80.2156600952,57294,57305,11
13.0303697586,80.2158584595,57305,57315,10
13.0303401947,80.216217041,57315,57325,10
13.0304498672,80.2167129517,57325,57335,10
13.0306196213,80.2167892456,57335,57345,10
13.0308303833,80.2168731689,57345,57355,10
13.0312204361,80.2168502808,57355,57365,10
13.0314302444,80.2170028687,57365,57375,10
13.0314798355,80.2175827026,57375,57385,10
13.0315599442,80.2182235718,57385,57395,10
13.0322303772,80.218536377,57395,57405,10
13.0322399139,80.2191619873,57405,57416,11
13.0322399139,80.2198791504,57416,57426,10
13.0322399139,80.2204208374,57426,57436,10
13.0322399139,80.2205429077,57436,57446,10
13.0321798325,80.2207794189,57446,57456,10
13.0320501328,80.2213592529,57456,57466,10
13.0317802429,80.2219772339,57466,57476,10
13.0315103531,80.2225418091,57476,57486,10
13.0312299728,80.2232208252,57486,57496,10
13.0311603546,80.2239074707,57496,57506,10
13.0309801102,80.2243423462,57506,57516,10
13.0304803848,80.224357605,57516,57526,10
13.0296697617,80.224357605,57526,57537,11
13.0290803909,80.224281311,57537,57547,10
13.0289402008,80.2241821289,57547,57557,10
13.0287103653,80.2241210938,57557,57567,10
13.0284700394,80.2243728638,57567,57577,10
13.0283098221,80.225112915,57577,57586,9
13.0281400681,80.2258224487,57586,57597,11
13.0280103683,80.2265167236,57597,57607,10
13.0279598236,80.2269592285,57607,57617,10
13.0281896591,80.2270736694,57617,57627,10
13.0285997391,80.227142334,57627,57637,10
13.0288801193,80.2271881104,57637,57648,11
13.0295295715,80.2273101807,57648,57658,10
13.0302000046,80.2274169922,57658,57668,10
13.0304098129,80.2276916504,57668,57678,10
13.0303697586,80.2281112671,57678,57688,10
13.0303297043,80.2283630371,57688,57698,10
13.0303001404,80.2285690308,57698,57708,10
13.0302696228,80.2291717529,57708,57718,10
13.030500412,80.2298202515,57718,57728,10
13.0306501389,80.23046875,57728,57738,10
13.0305995941,80.2307815552,57738,57748,10
13.0301198959,80.2308425903,57748,57759,11
13.0297803879,80.2308807373,57759,57769,10
13.0296497345,80.2308883667,57769,57779,10
13.0292196274,80.2309417725,57779,57789,10
13.0285997391,80.2310180664,57789,57799,10
13.0278596878,80.231086731,57799,57800,1
13.0278100967,80.2311019897,57800,57801,1
13.0277795792,80.2311096191,57801,57850,49
13.0275697708,80.2329177856,57850,57860,10
13.0273599625,80.2329483032,57860,57870,10
13.0269098282,80.2330093384,57870,57943,73
13.0269098282,80.2330093384,57943,57953,10
13.0265703201,80.2330474854,57953,57963,10
13.0262699127,80.2326889038,57963,57973,10
13.0260696411,80.231918335,57973,57983,10
13.0258302689,80.2309265137,57983,57993,10
13.0252599716,80.2299423218,57993,58004,11
13.0250301361,80.229637146,58004,58014,10
13.0249595642,80.2295913696,58014,58024,10
13.0246696472,80.2292404175,58024,58034,10
13.0243597031,80.2287979126,58034,58044,10
13.0239601135,80.2283325195,58044,58054,10
13.023900032,80.2282714844,58054,58064,10
13.0236997604,80.2279968262,58064,58074,10
13.0232801437,80.2275695801,58074,58084,10
13.0226898193,80.2270202637,58084,58094,10
13.0219602585,80.2263793945,58094,58105,11
13.0212602615,80.2258224487,58105,58115,10
13.0207395554,80.2254333496,58115,58125,10
13.0198602676,80.2248382568,58125,58153,28
13.0198602676,80.2248382568,58153,58161,8
13.0198202133,80.224822998,58161,58172,11
13.0193395615,80.2245635986,58172,58182,10
13.0184803009,80.2246627808,58182,58193,11
13.0173597336,80.2251281738,58193,58203,10
13.0164699554,80.2255020142,58203,58213,10
13.0157804489,80.2257537842,58213,58224,11
13.0150203705,80.2260818481,58224,58234,10
13.0144500732,80.2263031006,58234,58244,10
13.0143899918,80.2263412476,58244,58254,10
13.0141601563,80.2264328003,58254,58264,10
13.013589859,80.2266387939,58264,58274,10
13.013130188,80.2268066406,58274,58284,10
13.0125303268,80.2270584106,58284,58294,10
13.0117197037,80.2273635864,58294,58304,10
13.0108003616,80.227722168,58304,58314,10
13.0097999573,80.2281112671,58314,58324,10
13.0091600418,80.2286682129,58324,58335,11
13.0089597702,80.2297210693,58335,58345,10
13.0087604523,80.2308578491,58345,58355,10
13.0085601807,80.2318878174,58355,58365,10
13.0083799362,80.2328109741,58365,58375,10
13.0082902908,80.2334823608,58375,58385,10
13.0082502365,80.2336502075,58385,58395,10
13.0081796646,80.2338562012,58395,58405,10
13.0080900192,80.2343063354,58405,58415,10
13.0080003738,80.2348022461,58415,58425,10
13.0079698563,80.2349472046,58425,58435,10
13.0079097748,80.2352600098,58435,58446,11
13.0077896118,80.2359771729,58446,58456,10
13.0075998306,80.2369384766,58456,58466,10
13.0073795319,80.2380065918,58466,58476,10
13.0073003769,80.2384262085,58476,58486,10
13.007229805,80.238861084,58486,58496,10
13.0069904327,80.2401199341,58496,58557,61
13.0069904327,80.2401199341,58557,58567,10
13.0069904327,80.2404632568,58567,58577,10
13.0068998337,80.240852356,58577,58587,10
13.0068101883,80.2412261963,58587,58597,10
13.0067596436,80.2419967651,58597,58607,10
13.0067501068,80.2429275513,58607,58617,10
13.0067195892,80.2437210083,58617,58627,10
13.0067195892,80.2448883057,58627,58657,30
13.0067195892,80.2448883057,58657,58668,11
13.0067195892,80.245010376,58668,58678,10
13.0067195892,80.2452392578,58678,58688,10
13.0067195892,80.2454376221,58688,58698,10
13.0067195892,80.2457427979,58698,58708,10
13.0067501068,80.246383667,58708,58718,10
13.0067796707,80.2471923828,58718,58728,10
13.0067195892,80.248046875,58728,58738,10
13.006819725,80.2490768433,58738,58748,10
13.0068902969,80.249671936,58748,58758,10
13.0068998337,80.249786377,58758,58768,10
13.0068702698,80.2502212524,58768,58778,10
13.0068702698,80.2507781982,58778,58789,11
13.0068798065,80.2509536743,58789,58809,20
13.0068798065,80.2509536743,58809,58819,10
13.006819725,80.2510299683,58819,58829,10
13.0068397522,80.2513275146,58829,58839,10
13.0067501068,80.2517929077,58839,58849,10
13.0066204071,80.2525024414,58849,58859,10
13.0066003799,80.2534484863,58859,58869,10
13.0066299438,80.2545623779,58869,58885,16
13.0066404343,80.254989624,58885,58898,13
13.0066404343,80.255279541,58898,58908,10
13.0066404343,80.2558822632,58908,58918,10
13.0066299438,80.2566299438,58918,58928,10
13.0066795349,80.2572479248,58928,58936,8
13.006529808,80.2576065063,58936,58948,12
13.0058498383,80.2574768066,58948,58957,9
13.005279541,80.2573318481,58957,58968,11
13.0047101974,80.2572021484,58968,58978,10
13.004070282,80.2570571899,58978,58988,10
13.003370285,80.256942749,58988,58998,10
13.0024595261,80.2567825317,58998,59009,11
13.0014200211,80.2566070557,59009,59019,10
13.0005598068,80.256477356,59019,59029,10
12.9994401932,80.2563018799,59029,59069,40
12.9994401932,80.2563018799,59069,59079,10
12.9992904663,80.2562789917,59079,59089,10
12.9987802505,80.2561721802,59089,59099,10
12.9980602264,80.2560577393,59099,59109,10
12.9975700378,80.2560195923,59109,59120,11
12.9974899292,80.2560195923,59120,59130,10
12.9971599579,80.2560195923,59130,59139,9
12.9969501495,80.2561264038,59139,59150,11
12.9969100952,80.2565765381,59150,59160,10
12.9968900681,80.2567901611,59160,59170,10
12.9968795776,80.256980896,59170,59180,10
12.9968004227,80.257522583,59180,59190,10
12.996720314,80.2583389282,59190,59200,10
12.996629715,80.2591934204,59200,59210,10
12.9965496063,80.2597503662,59210,59220,10
12.9965000153,80.2605895996,59220,59231,11
12.9963798523,80.2616500854,59231,59241,10
12.9962997437,80.262298584,59241,59251,10
12.9962797165,80.2624511719,59251,59261,10
12.9962596893,80.2624969482,59261,59271,10
12.9961900711,80.2629165649,59271,59281,10
12.9961595535,80.2634277344,59281,59291,10
12.9960899353,80.2641372681,59291,59301,10
12.9959802628,80.265007019,59301,59311,10
12.9958496094,80.2660980225,59311,59321,10
12.9960002899,80.2677307129,59321,59331,10
12.9960002899,80.2677307129,59331,59341,10
12.9961595535,80.2677383423,59341,59352,11
12.9962596893,80.2677536011,59352,59362,10
12.9968004227,80.2677612305,59362,59372,10
12.9975595474,80.2675323486,59372,59382,10
12.9984798431,80.2672805786,59382,59392,10
12.9994602203,80.2669830322,59392,59402,10
13.0000801086,80.2665786743,59402,59412,10
13.000120163,80.2663803101,59412,59421,9
13.000120163,80.2663421631,59421,59433,12
13.0001897812,80.2658004761,59433,59443,10
13.0003404617,80.2657470703,59443,59453,10
13.0002803802,80.2661590576,59453,60795,1342
13.0003004074,80.2663574219,60795,60826,31
13.0003004074,80.2663574219,60826,60836,10
13.0003299713,80.2665863037,60836,60846,10
13.0002698898,80.2668380737,60846,60856,10
12.9999599457,80.2669525146,60856,60866,10
12.9994401932,80.2670822144,60866,60876,10
12.9988002777,80.2672424316,60876,60886,10
12.9982404709,80.2673873901,60886,60895,9
12.9977302551,80.267539978,60895,60906,11
12.9969301224,80.2677307129,60906,60916,10
12.9963197708,80.2677764893,60916,60926,10
12.995639801,80.2675704956,60926,60947,21
12.995639801,80.2675704956,60947,60957,10
12.9956703186,80.2673797607,60957,60967,10
12.9957199097,80.2669830322,60967,60977,10
12.9957704544,80.2663497925,60977,60987,10
12.9958600998,80.2655334473,60987,60997,10
12.9959697723,80.2646026611,60997,61007,10
12.9960899353,80.263671875,61007,61017,10
12.9961500168,80.2629699707,61017,61027,10
12.9961900711,80.2626495361,61027,61037,10
12.9961795807,80.2626190186,61037,61048,11
12.996219635,80.2622528076,61048,61058,10
12.9962902069,80.2617416382,61058,61068,10
12.9963502884,80.261100769,61068,61078,10
12.9964399338,80.2604217529,61078,61088,10
12.9964799881,80.2598266602,61088,61098,10
12.9965000153,80.2596206665,61098,61108,10
12.996509552,80.2594223022,61108,61118,10
12.9965600967,80.2589874268,61118,61128,10
12.996629715,80.2582931519,61128,61138,10
12.9967298508,80.2575073242,61138,61148,10
12.9968395233,80.256362915,61148,61229,81
12.9968395233,80.256362915,61229,61239,10
12.9969501495,80.256439209,61239,61249,10
12.9969501495,80.2560195923,61249,61259,10
12.9974002838,80.2559280396,61259,61269,10
12.9979696274,80.2559585571,61269,61280,11
12.9981203079,80.2559585571,61280,61290,10
12.9983196259,80.2559967041,61290,61300,10
12.998749733,80.2560424805,61300,61320,20
12.998749733,80.2560424805,61320,61330,10
12.99903965,80.2560806274,61330,61350,20
12.99903965,80.2560806274,61350,61360,10
12.9991502762,80.256111145,61360,61370,10
12.9995002747,80.2561721802,61370,61380,10
12.9999799728,80.2562713623,61380,61391,11
13.0005903244,80.2563934326,61391,61401,10
13.0006504059,80.2563934326,61401,61411,10
13.0009498596,80.256439209,61411,61421,10
13.0013904572,80.2565231323,61421,61431,10
13.0019397736,80.2566070557,61431,61441,10
13.0025196075,80.2566986084,61441,61451,10
13.0029802322,80.2567901611,61451,61461,10
13.0033302307,80.2568664551,61461,61471,10
13.0037899017,80.256942749,61471,61487,16
13.0040998459,80.2570037842,61487,61499,12
13.004650116,80.2571182251,61499,61510,11
13.0052700043,80.2571563721,61510,61519,9
13.0056295395,80.257270813,61519,61530,11
13.0058002472,80.2573165894,61530,61570,40
13.0058002472,80.2573165894,61570,61580,10
13.0060100555,80.2573699951,61580,61590,10
13.0061798096,80.2574234009,61590,61600,10
13.0065097809,80.2573165894,61600,61611,11
13.0064496994,80.256729126,61611,61621,10
13.006480217,80.2559661865,61621,61631,10
13.0065002441,80.2551422119,61631,61641,10
13.0065002441,80.2542877197,61641,61651,10
13.006480217,80.2536468506,61651,61661,10
13.006480217,80.2532424927,61661,61671,10
13.0064601898,80.2530975342,61671,61681,10
13.0064897537,80.252571106,61681,61762,81
13.0064897537,80.252571106,61762,61772,10
13.0066204071,80.2522506714,61772,61782,10
13.006649971,80.2520294189,61782,61792,10
13.0067195892,80.251411438,61792,61802,10
13.0067396164,80.2505187988,61802,61812,10
13.0067501068,80.2493972778,61812,61822,10
13.0066404343,80.2483901978,61822,61893,71
13.0066404343,80.2483901978,61893,61903,10
13.0066404343,80.2481079102,61903,61913,10
13.0066099167,80.2476196289,61913,61923,10
13.0066204071,80.2469177246,61923,61933,10
13.0065698624,80.2465515137,61933,61943,10
13.0065803528,80.2464981079,61943,61954,11
13.0066404343,80.2461471558,61954,61964,10
13.0066099167,80.2455978394,61964,61974,10
13.0066003799,80.2450408936,61974,61984,10
13.0066299438,80.2449035645,61984,61994,10
13.0066299438,80.2445068359,61994,62004,10
13.0066099167,80.2440719604,62004,62014,10
13.0065803528,80.2436065674,62014,62024,10
13.0065402985,80.2429962158,62024,62034,10
13.006529808,80.2423477173,62034,62044,10
13.0065498352,80.241569519,62044,62054,10
13.0066795349,80.2404937744,62054,62095,41
13.0066795349,80.2404937744,62095,62105,10
13.006770134,80.2400283813,62105,62115,10
13.0069198608,80.2393417358,62115,62125,10
13.0070695877,80.2385406494,62125,62135,10
13.0072498322,80.2376708984,62135,62145,10
13.0073795319,80.2370376587,62145,62165,20
13.0073795319,80.2370376587,62165,62175,10
13.0073900223,80.2367935181,62175,62186,11
13.0074996948,80.2364425659,62186,62196,10
13.007610321,80.2359619141,62196,62206,10
13.0077295303,80.2353134155,62206,62216,10
13.0078496933,80.234703064,62216,62226,10
13.0080003738,80.2340621948,62226,62236,10
13.0081796646,80.2332382202,62236,62246,10
13.0083904266,80.2321777344,62246,62256,10
13.008600235,80.2310180664,62256,62266,10
13.0088100433,80.2299880981,62266,62276,10
13.009059906,80.2287521362,62276,62286,10
13.0094003677,80.2276687622,62286,62297,11
13.0099096298,80.2265167236,62297,62307,10
13.0103397369,80.2257537842,62307,62317,10
13.010430336,80.2255172729,62317,62327,10
13.0105800629,80.2251968384,62327,62337,10
13.0107603073,80.2247161865,62337,62347,10
13.0111999512,80.2236175537,62347,62377,30
13.0111999512,80.2236175537,62377,62387,10
13.0112695694,80.2233428955,62387,62397,10
13.0114097595,80.2230987549,62397,62408,11
13.0116701126,80.2225723267,62408,62418,10
13.0119199753,80.2218780518,62418,62428,10
13.0122995377,80.2214126587,62428,62437,9
13.0124998093,80.2217483521,62437,62448,11
13.0128898621,80.2222824097,62448,62458,10
13.0135002136,80.2229385376,62458,62468,10
13.0139799118,80.2233810425,62468,62478,10
13.0140199661,80.2234115601,62478,62488,10
13.0142202377,80.2235870361,62488,62498,10
13.0145101547,80.2238769531,62498,62508,10
13.0149202347,80.2244796753,62508,62519,11
13.0154695511,80.2249679565,62519,62529,10
13.0155096054,80.2249984741,62529,62539,10
13.0156602859,80.2251205444,62539,62549,10
13.0160799026,80.2253189087,62549,62559,10
13.0167999268,80.225189209,62559,62569,10
13.0176496506,80.224861145,62569,62579,10
13.0185804367,80.2244796753,62579,62589,10
13.0193300247,80.224319458,62589,62609,20
13.0193300247,80.224319458,62609,62619,10
13.0196304321,80.2244796753,62619,62629,10
13.0200395584,80.2248001099,62629,62640,11
13.0206804276,80.2252502441,62640,62650,10
13.021320343,80.2257537842,62650,62660,10
13.0219097137,80.2261886597,62660,62670,10
13.0225200653,80.2266693115,62670,62680,10
13.0231895447,80.2272796631,62680,62690,10
13.0237903595,80.2278366089,62690,62700,10
13.0241804123,80.2282409668,62700,62720,20
13.0241804123,80.2282409668,62720,62730,10
13.0242395401,80.2283706665,62730,62740,10
13.0243902206,80.2285690308,62740,62751,11
13.0245895386,80.2288513184,62751,62761,10
13.024720192,80.2290420532,62761,62771,10
13.0247497559,80.2290802002,62771,62781,10
13.0249004364,80.2292709351,62781,62791,10
13.0252103806,80.229637146,62791,62801,10
13.0255002975,80.2300262451,62801,62810,9
13.0257396698,80.2304000854,62810,62821,11
13.02602005,80.2310714722,62821,62882,61
13.0259199142,80.231262207,62882,62912,30
13.0259199142,80.231262207,62912,62922,10
13.0260696411,80.2314071655,62922,62932,10
13.0265798569,80.2312469482,62932,62942,10
13.0273504257,80.2310562134,62942,62952,10
13.0281400681,80.2309112549,62952,62961,9
13.0284795761,80.2309036255,62961,62973,12
13.0285596848,80.2308807373,62973,62983,10
13.0292100906,80.2308425903,62983,63114,131
13.0292100906,80.2308425903,63114,63124,10
13.0297002792,80.2308425903,63124,63134,10
13.03028965,80.2307662964,63134,63144,10
13.030670166,80.2306213379,63144,63154,10
13.0306901932,80.2304992676,63154,63164,10
13.0306196213,80.2302093506,63164,63174,10
13.0303096771,80.2294387817,63174,63184,10
13.03028965,80.2289123535,63184,63195,11
13.0303497314,80.2283782959,63195,63205,10
13.0303602219,80.2283706665,63205,63215,10
13.0303897858,80.2280807495,63215,63225,10
13.0304002762,80.2277832031,63225,63235,10
13.0303401947,80.2275390625,63235,63245,10
13.0298404694,80.227432251,63245,63255,10
13.0291500092,80.2273101807,63255,63265,10
13.0287303925,80.2272033691,63265,63275,10
13.0285196304,80.2271499634,63275,63285,10
13.0283403397,80.2271194458,63285,63295,10
13.0280199051,80.2269821167,63295,63305,10
13.0279302597,80.2266998291,63305,63316,11
13.0280103683,80.226272583,63316,63332,16
13.0282201767,80.2251968384,63332,63344,12
13.0283899307,80.2242584229,63344,63354,10
13.0286598206,80.2240219116,63354,63364,10
13.0286798477,80.224029541,63364,63374,10
13.0287599564,80.2240219116,63374,63384,10
13.028960228,80.2241668701,63384,63394,10
13.0294704437,80.2242965698,63394,63404,10
13.0302801132,80.2242965698,63404,63414,10
13.0309295654,80.2242965698,63414,63425,11
13.0311098099,80.2238693237,63425,63435,10
13.0311603546,80.2232437134,63435,63444,9
13.0311603546,80.2231521606,63444,63455,11
13.03125,80.2229232788,63455,63465,10
13.0314702988,80.2224502563,63465,63475,10
13.0317001343,80.2218704224,63475,63485,10
13.0319499969,80.2212219238,63485,63495,10
13.032119751,80.2204818726,63495,63505,10
13.0321397781,80.2199630737,63505,63515,10
13.0321702957,80.2197799683,63515,63525,10
13.03221035,80.2197113037,63525,63536,11
13.0321998596,80.2192611694,63536,63546,10
13.0321998596,80.2187194824,63546,63556,10
13.0316295624,80.2184066772,63556,63566,10
13.0314702988,80.2177734375,63566,63576,10
13.0314302444,80.2171936035,63576,63586,10
13.0313596725,80.217048645,63586,63596,10
13.0310201645,80.2169799805,63596,63606,10
13.0305204391,80.2169265747,63606,63616,10
13.0304203033,80.216758728,63616,63626,10
13.0304203033,80.2166595459,63626,63636,10
13.0304002762,80.2164916992,63636,63647,11
13.0304002762,80.2160263062,63647,63657,10
13.030380249,80.2152328491,63657,63667,10
13.030380249,80.2147064209,63667,63677,10
13.0303897858,80.2145614624,63677,63687,10
13.0304403305,80.214302063,63687,63697,10
13.030500412,80.213760376,63697,63707,10
13.0305204391,80.2135162354,63707,63717,10
13.030579567,80.2132034302,63717,63727,10
13.0306596756,80.2125778198,63727,63737,10
13.0307102203,80.2121582031,63737,63747,10
13.0307798386,80.2117385864,63747,63757,10
13.0308103561,80.2114486694,63757,63768,11
13.0308599472,80.2110595703,63768,63778,10
13.0309400558,80.2107696533,63778,63788,10
13.0310001373,80.2102279663,63788,63798,10
13.0309095383,80.2100830078,63798,63808,10
13.0306596756,80.2099761963,63808,63818,10
13.0302095413,80.2098388672,63818,63828,10
13.0301303864,80.2092819214,63828,63889,61
13.0301303864,80.2092819214,63889,63899,10
13.0301504135,80.2090682983,63899,63909,10
13.0303001404,80.209022522,63909,63919,10
13.0307798386,80.2091369629,63919,63929,10
13.0314502716,80.2092971802,63929,63939,10
13.0316696167,80.2093429565,63939,63949,10
13.031920433,80.2093887329,63949,63959,10
13.0324602127,80.2095184326,63959,63969,10
13.033200264,80.2096786499,63969,63979,10
13.0340299606,80.2098388672,63979,63990,11
13.0348396301,80.2099761963,63990,64000,10
13.0351400375,80.2096710205,64000,64010,10
13.035200119,80.2090301514,64010,64020,10
13.0352296829,80.2087783813,64020,64030,10
13.0352602005,80.2086715698,64030,64040,10
13.035320282,80.2082595825,64040,64050,10
13.0353403091,80.2077713013,64050,64060,10
13.0354499817,80.2070236206,64060,64076,16
13.0354995728,80.2060470581,64076,64088,12
13.0354995728,80.2056808472,64088,64096,8
13.0355195999,80.2055587769,64096,64109,13
13.0357303619,80.2052383423,64109,64119,10
13.0358104706,80.2048110962,64119,64129,10
13.0359096527,80.2041625977,64129,64139,10
13.0360097885,80.2033081055,64139,64148,9
13.0361299515,80.2024078369,64148,64159,11
13.0362300873,80.201789856,64159,64169,10
13.0362701416,80.201713562,64169,64179,10
13.0362997055,80.201499939,64179,64189,10
13.0363197327,80.2014007568,64189,64199,10
13.036359787,80.2010498047,64199,64209,10
13.0364599228,80.2004089355,64209,64220,11
13.0365800858,80.1994628906,64220,64230,10
13.0366802216,80.1985626221,64230,64239,9
13.0367298126,80.1984100342,64239,64250,11
13.0367898941,80.1982421875,64250,64260,10
13.0368795395,80.1977233887,64260,64270,10
13.0369701385,80.1971130371,64270,64280,10
13.0370397568,80.1964569092,64280,64290,10
13.0370502472,80.1963882446,64290,64300,10
13.0370998383,80.1962203979,64300,64310,10
13.0371599197,80.1957626343,64310,64320,10
13.0372495651,80.195022583,64320,64331,11
13.0373802185,80.1940765381,64331,64341,10
13.0375099182,80.1931762695,64341,64351,10
13.037730217,80.1928405762,64351,64361,10
13.038020134,80.1927871704,64361,64371,10
13.0384502411,80.1928634644,64371,64381,10
13.0385799408,80.1928787231,64381,64391,10
13.0386896133,80.1928863525,64391,64401,10
13.0390100479,80.1929626465,64401,64411,10
13.0393896103,80.193031311,64411,64421,10
13.0398797989,80.1930999756,64421,64431,10
13.0403995514,80.1931915283,64431,64442,11
13.0410995483,80.1933288574,64442,64452,10
13.0417404175,80.1934661865,64452,64462,10
13.0417699814,80.1938171387,64462,64472,10
13.0417804718,80.1938934326,64472,64482,10
13.0417604446,80.1942825317,64482,64492,10
13.0416498184,80.1949310303,64492,64502,10
13.0415401459,80.1956710815,64502,64512,10
13.0415096283,80.1960525513,64512,64522,10
13.0414600372,80.1964263916,64522,64532,10
13.0414104462,80.1967010498,64532,64542,10
13.041390419,80.1968078613,64542,64553,11
13.0413799286,80.1968994141,64553,64563,10
13.0413398743,80.1971206665,64563,64573,10
13.0412502289,80.1976699829,64573,64583,10
13.0411396027,80.198348999,64583,64593,10
13.0410604477,80.1990814209,64593,64603,10
13.0410404205,80.1992416382,64603,64613,10
13.041009903,80.1995391846,64613,64623,10
13.0409202576,80.2001266479,64623,64633,10
13.0408296585,80.2007293701,64633,64643,10
13.0407304764,80.2013931274,64643,64653,10
13.0406599045,80.2018508911,64653,64664,11
13.0405797958,80.2022705078,64664,64674,10
13.04047966,80.2028884888,64674,64684,10
13.0403795242,80.2036514282,64684,64694,10
13.0403203964,80.2041168213,64694,64704,10
13.0402498245,80.2044830322,64704,64714,10
13.0401802063,80.2048416138,64714,64724,10
13.0403499603,80.2050704956,64724,64734,10
13.0410299301,80.2051773071,64734,64754,20
13.0410299301,80.2051773071,64754,64764,10
13.0413303375,80.2052307129,64764,64774,10
13.0417203903,80.2052764893,64774,64785,11
13.0422496796,80.205368042,64785,64795,10
13.0427103043,80.2056503296,64795,64805,10
13.0431003571,80.2062606812,64805,64815,10
13.0436201096,80.2069778442,64815,64825,10
13.0440196991,80.2076873779,64825,64835,10
13.0441598892,80.2084503174,64835,64845,10
13.0441999435,80.2090377808,64845,64855,10
13.0441999435,80.2091064453,64855,64865,10
13.0441999435,80.2092819214,64865,64875,10
13.044210434,80.2096786499,64875,64885,10
13.0442304611,80.2104187012,64885,64895,10
13.0442495346,80.21144104,64895,64946,51
13.0442495346,80.21144104,64946,64956,10
13.0442399979,80.2115478516,64956,64966,10
13.0442800522,80.2118682861,64966,64976,10
13.0444498062,80.2122879028,64976,64986,10
13.0451602936,80.2122802734,64986,64996,10
13.0460700989,80.2122573853,64996,65007,11
13.0468301773,80.2121963501,65007,65057,50
13.0468301773,80.2121963501,65057,65067,10
13.04708004,80.2120437622,65067,65077,10
13.0470504761,80.211769104,65077,65087,10
13.0470399857,80.2116394043,65087,65097,10
13.0469903946,80.2111129761,65097,65107,10
13.047249794,80.2108383179,65107,65118,11
13.0479898453,80.2108612061,65118,65128,10
13.0485401154,80.2108612061,65128,65138,10
13.0490703583,80.2108688354,65138,65148,10
13.0492801666,80.2108688354,65148,65158,10
13.0495500565,80.2108383179,65158,65168,10
13.0495901108,80.2104034424,65168,65178,10
13.0494804382,80.2097625732,65178,65188,10
13.0494699478,80.2092895508,65188,65198,10
13.0494098663,80.2089309692,65198,65208,10
13.0492601395,80.208366394,65208,65218,10
13.049079895,80.2079086304,65218,65239,21
13.049079895,80.2079086304,65239,65249,10
13.0488004684,80.2071914673,65249,65305,56
13.0488004684,80.2071914673,65305,65317,12
13.0489301682,80.2069320679,65317,65326,9
13.0491399765,80.2069168091,65326,65337,11
13.0493202209,80.2071075439,65337,65358,21
13.0493001938,80.2072906494,65358,66175,817
13.049200058,80.2073898315,66175,66235,60
13.049200058,80.2073898315,66235,66246,11
13.0491104126,80.2078323364,66246,66256,10
13.0493001938,80.2082977295,66256,66266,10
13.0494098663,80.208770752,66266,66276,10
13.049489975,80.2089996338,66276,66286,10
13.0495796204,80.209487915,66286,66296,10
13.0496196747,80.2099609375,66296,66306,10
13.0496902466,80.2105178833,66306,66316,10
13.0497398376,80.2110519409,66316,66326,10
13.0498399734,80.2117767334,66326,66357,31
13.0498399734,80.2117767334,66357,66367,10
13.0499095917,80.2120819092,66367,66377,10
13.0498600006,80.2122421265,66377,66387,10
13.0496101379,80.2122573853,66387,66396,9
13.0495500565,80.2122497559,66396,66407,11
13.0494003296,80.2122192383,66407,66417,10
13.0489397049,80.2122421265,66417,66427,10
13.0482797623,80.212272644,66427,66437,10
13.0474996567,80.2123184204,66437,66447,10
13.0465803146,80.2123413086,66447,66457,10
13.0456600189,80.2124023438,66457,66467,10
13.0446500778,80.2124633789,66467,66620,153
13.0446500778,80.2124633789,66620,66630,10
13.0443696976,80.2125091553,66630,66640,10
13.0441999435,80.2122116089,66640,66650,10
13.0441799164,80.2115402222,66650,66660,10
13.0441703796,80.2110290527,66660,66670,10
13.0441703796,80.2108535767,66670,66680,10
13.0441303253,80.2104568481,66680,66690,10
13.044090271,80.2100601196,66690,66701,11
13.0440998077,80.209777832,66701,66711,10
13.0440397263,80.2093200684,66711,66721,10
13.0440502167,80.2090377808,66721,66731,10
13.0440597534,80.2089080811,66731,66741,10
13.0440397263,80.2084503174,66741,66751,10
13.0438995361,80.2077026367,66751,66761,10
13.0434703827,80.2069091797,66761,66771,10
13.043009758,80.2062606812,66771,66781,10
13.0428495407,80.2059707642,66781,66791,10
13.0427503586,80.2058410645,66791,66801,10
13.0424003601,80.2055282593,66801,66812,11
13.0417299271,80.2053222656,66812,66822,10
13.0408401489,80.2051773071,66822,66842,20
13.0408401489,80.2051773071,66842,66852,10
13.04047966,80.2051315308,66852,66862,10
13.0399999619,80.205078125,66862,66872,10
13.0393600464,80.2050170898,66872,66882,10
13.038769722,80.2049179077,66882,66892,10
13.0382003784,80.204788208,66892,66902,10
13.0381298065,80.2043914795,66902,66912,10
13.0382099152,80.2038497925,66912,66923,11
13.0383300781,80.2031326294,66923,66933,10
13.0383996964,80.202583313,66933,66943,10
13.0384597778,80.2020797729,66943,66953,10
13.0385398865,80.2016220093,66953,66963,10
13.0386295319,80.2011108398,66963,66973,10
13.0387201309,80.2005691528,66973,66983,10
13.0387897491,80.1999664307,66983,66993,10
13.0388698578,80.1994018555,66993,67003,10
13.0389204025,80.198928833,67003,67013,10
13.0389499664,80.1984176636,67013,67023,10
13.0390701294,80.197769165,67023,67033,10
13.0391798019,80.1971817017,67033,67044,11
13.0392103195,80.1969909668,67044,67054,10
13.0392198563,80.1968002319,67054,67064,10
13.0392503738,80.1965484619,67064,67074,10
13.0393400192,80.1961898804,67074,67084,10
13.0393800735,80.1959609985,67084,67094,10
13.0394201279,80.1955337524,67094,67104,10
13.0394697189,80.1950378418,67104,67114,10
13.0395402908,80.1944732666,67114,67130,16
13.0397500992,80.1932907104,67130,67163,33
13.0397500992,80.1932907104,67163,67173,10
13.0394001007,80.1930465698,67173,67183,10
13.0391197205,80.1930084229,67183,67193,10
13.0388097763,80.1929626465,67193,67203,10
13.0387401581,80.1929473877,67203,67213,10
13.0386104584,80.1929321289,67213,67224,11
13.0385303497,80.1929168701,67224,67234,10
13.0382204056,80.1928787231,67234,67244,10
13.0377702713,80.1929626465,67244,67254,10
13.0375900269,80.193572998,67254,67265,11
13.0374698639,80.1943969727,67265,67275,10
13.0373601913,80.1951980591,67275,67285,10
13.0372600555,80.1958770752,67285,67295,10
13.037229538,80.1960983276,67295,67305,10
13.0372104645,80.1961975098,67305,67315,10
13.0371398926,80.1965408325,67315,67325,10
13.0370702744,80.1971206665,67325,67335,10
13.0369901657,80.1977767944,67335,67345,10
13.0368900299,80.1984710693,67345,67355,10
13.0368499756,80.198677063,67355,67365,10
13.0368003845,80.1990432739,67365,67375,10
13.0366802216,80.1996536255,67375,67386,11
13.0365695953,80.2004394531,67386,67396,10
13.0364599228,80.2012405396,67396,67406,10
13.0363798141,80.2017974854,67406,67416,10
13.0362796783,80.2024688721,67416,67426,10
13.0361604691,80.2031936646,67426,67436,10
13.0360803604,80.2038879395,67436,67446,10
13.0360002518,80.204498291,67446,67456,10
13.035900116,80.2051391602,67456,67466,10
13.035779953,80.2058334351,67466,67476,10
13.0357198715,80.2063293457,67476,67487,11
13.0355997086,80.2071228027,67487,67497,10
13.0354995728,80.2080001831,67497,67507,10
13.0354499817,80.208442688,67507,67517,10
13.0354404449,80.208442688,67517,67527,10
13.0353603363,80.2087783813,67527,67537,10
13.0352802277,80.2094116211,67537,67547,10
13.0351800919,80.210067749,67547,67557,10
13.0350103378,80.2106704712,67557,67567,10
13.0348701477,80.2114028931,67567,67577,10
13.0346899033,80.2121582031,67577,67587,10
13.0341396332,80.2121124268,67587,67598,11
13.0333499908,80.2120437622,67598,67608,10
13.0326595306,80.2119827271,67608,67618,10
13.0325899124,80.2119598389,67618,67628,10
13.032500267,80.2119216919,67628,67638,10
13.0320396423,80.2118377686,67638,67648,10
13.0318899155,80.2115402222,67648,67658,10
13.0319595337,80.2109603882,67658,67668,10
13.0320596695,80.2102279663,67668,67678,10
13.0319099426,80.2096786499,67678,67688,10
13.0312795639,80.2095031738,67688,67698,10
13.0306301117,80.2093276978,67698,67708,10
13.0305995941,80.2093200684,67708,67719,11
13.0305099487,80.2092895508,67719,67729,10
13.0302495956,80.2092208862,67729,67739,10
13.0300798416,80.2094802856,67739,67749,10
13.0300598145,80.2095108032,67749,67759,10
13.0299797058,80.2096710205,67759,67769,10
13.0300798416,80.2098388672,67769,67779,10
13.0303897858,80.2099227905,67779,67789,10
13.0308504105,80.2100524902,67789,67799,10
13.0309896469,80.2101898193,67799,67809,10
13.0309801102,80.2104415894,67809,67819,10
13.0309295654,80.210899353,67819,67830,11
13.0308704376,80.2113037109,67830,67840,10
13.0308103561,80.2117233276,67840,67850,10
13.0307397842,80.2120666504,67850,67860,10
13.0307102203,80.2122192383,67860,67870,10
13.0306396484,80.2125930786,67870,67880,10
13.0305595398,80.213142395,67880,67890,10
13.0305204391,80.2136383057,67890,67900,10
13.0304403305,80.2140274048,67900,67910,10
13.0303897858,80.2145080566,67910,67920,10
13.0303697586,80.2147216797,67920,67930,10
13.0303497314,80.2149276733,67930,67941,11
13.0303401947,80.2154693604,67941,67951,10
13.0304002762,80.2160797119,67951,67961,10
13.0304498672,80.216796875,67961,67971,10
13.0307397842,80.2169723511,67971,67981,10
13.0312204361,80.2169876099,67981,67991,10
13.0314502716,80.2171401978,67991,68001,10
13.0314998627,80.2176589966,68001,68017,16
13.031920433,80.2184371948,68017,68029,12
13.0322399139,80.218536377,68029,68037,8
13.0322198868,80.2188415527,68037,68050,13
13.03221035,80.2196807861,68050,68060,10
13.0322303772,80.2202072144,68060,68070,10
13.0322303772,80.2203063965,68070,68080,10
13.03221035,80.2205505371,68080,68087,7
13.032119751,80.2208709717,68087,68101,14
13.0319004059,80.2217102051,68101,68111,10
13.0316495895,80.2221069336,68111,68121,10
13.0315999985,80.2221984863,68121,68131,10
13.0314502716,80.2224731445,68131,68141,10
13.0312595367,80.2229995728,68141,68151,10
13.0311803818,80.2235412598,68151,68161,10
13.0311603546,80.2238998413,68161,68172,11
13.0311498642,80.2240982056,68172,68195,23
13.0301198959,80.224357605,68195,68207,12
13.0294504166,80.224357605,68207,68216,9
13.0290803909,80.2243118286,68216,68227,11
13.0288200378,80.2241592407,68227,68237,10
13.0284700394,80.2241973877,68237,68246,9
13.0283403397,80.2247009277,68246,68257,11
13.0281600952,80.2256317139,68257,68267,10
13.0280399323,80.226272583,68267,68277,10
13.0279302597,80.226852417,68277,68288,11
13.0280399323,80.2270965576,68288,68298,10
13.0284004211,80.2271575928,68298,68308,10
13.0286502838,80.2272186279,68308,68318,10
13.0290803909,80.2272796631,68318,68328,10
13.0295696259,80.2273712158,68328,68338,10
13.0297403336,80.2274093628,68338,68357,19
13.0304002762,80.2277603149,68357,68369,12
13.0303897858,80.2280807495,68369,68379,10
13.030380249,80.2282180786,68379,68389,10
13.0303297043,80.2285995483,68389,68400,11
13.0303001404,80.2289428711,68400,68410,10
13.0303201675,80.2293777466,68410,68420,10
13.0304803848,80.2297973633,68420,68430,10
13.0306301117,80.2303009033,68430,68469,39
13.0306301117,80.2303009033,68469,68480,11
13.0306797028,80.2303771973,68480,68490,10
13.0306997299,80.2306518555,68490,68501,11
13.0304403305,80.2308273315,68501,68511,10
13.0299100876,80.2308731079,68511,68531,20
13.0299100876,80.2308731079,68531,68541,10
13.0296802521,80.2309112549,68541,68551,10
13.0293197632,80.23097229,68551,68561,10
13.0287599564,80.231010437,68561,68571,10
13.0280399323,80.2310180664,68571,68581,10
13.0277004242,80.2310791016,68581,68591,10
13.0276899338,80.2315368652,68591,68601,10
13.027759552,80.2321624756,68601,68611,10
13.0278396606,80.2328262329,68611,68622,11
13.0271902084,80.2329483032,68622,68632,10
13.0267696381,80.233039856,68632,68730,98
13.0267696381,80.233039856,68730,68741,11
13.0264797211,80.2330322266,68741,68751,10
13.0263004303,80.2326965332,68751,68761,10
13.0261602402,80.232131958,68761,68771,10
13.0260095596,80.231628418,68771,68781,10
13.0258398056,80.2310333252,68781,68791,10
13.0254602432,80.2302932739,68791,68801,10
13.0250597,80.2297592163,68801,68811,10
13.0248804092,80.2295303345,68811,68821,10
13.0246200562,80.2291793823,68821,68831,10
13.0243597031,80.2288208008,68831,68842,11
13.0239696503,80.2283782959,68842,68852,10
13.0239601135,80.2283782959,68852,68862,10
13.0238599777,80.2282409668,68862,68872,10
13.0235795975,80.227897644,68872,68882,10
13.0232601166,80.2275924683,68882,68892,10
13.0228595734,80.227180481,68892,68902,10
13.0223197937,80.2266998291,68902,68912,10
13.0218400955,80.2262878418,68912,68922,10
13.021320343,80.2258987427,68922,68932,10
13.0207700729,80.2254486084,68932,68942,10
13.020190239,80.2250671387,68942,68953,11
13.0193901062,80.2245407104,68953,68962,9
13.0186395645,80.2246170044,68962,68972,10
13.0181903839,80.224822998,68972,68983,11
13.0179595947,80.2249298096,68983,68993,10
13.0178203583,80.2249908447,68993,69003,10
13.0175895691,80.2250671387,69003,69013,10
13.0174198151,80.2251434326,69013,69023,10
13.01720047,80.225227356,69023,69033,10
13.0170297623,80.2253036499,69033,69043,10
13.0169401169,80.2253417969,69043,69053,10
13.016699791,80.2254486084,69053,69074,21
13.016699791,80.2254486084,69074,69084,10
13.0164403915,80.2255172729,69084,69094,10
13.0161600113,80.2256088257,69094,69104,10
13.0157003403,80.2257766724,69104,69114,10
13.0152196884,80.2259674072,69114,69124,10
13.0149698257,80.2260665894,69124,69134,10
13.0145101547,80.2262268066,69134,69144,10
13.0143499374,80.2262802124,69144,69154,10
13.0142498016,80.2263183594,69154,69164,10
13.0137996674,80.2264709473,69164,69175,11
13.0130395889,80.2267684937,69175,69185,10
13.0121803284,80.2271499634,69185,69195,10
13.0111703873,80.2275695801,69195,69205,10
13.0101099014,80.2279891968,69205,69215,10
13.0092601776,80.2284164429,69215,69225,10
13.0089902878,80.2294082642,69225,69235,10
13.008769989,80.2305603027,69235,69245,10
13.0085601807,80.2316818237,69245,69255,10
13.0083398819,80.2327575684,69255,69265,10
13.0082397461,80.233581543,69265,69296,31
13.0082397461,80.233581543,69296,69306,10
13.0082302094,80.2336730957,69306,69316,10
13.0081100464,80.2340698242,69316,69326,10
13.0079698563,80.2347412109,69326,69336,10
13.0078001022,80.2356491089,69336,69346,10
13.0075998306,80.236656189,69346,69356,10
13.0074396133,80.2375030518,69356,69366,10
13.007349968,80.237991333,69366,69376,10
13.0072498322,80.2384567261,69376,69386,10
13.0071201324,80.2391433716,69386,69427,41
13.0071201324,80.2391433716,69427,69437,10
13.0071001053,80.2392883301,69437,69457,20
13.0071001053,80.2392883301,69457,69467,10
13.007109642,80.2393722534,69467,69477,10
13.0069999695,80.2398529053,69477,69487,10
13.0068798065,80.2405319214,69487,69497,10
13.0068397522,80.240852356,69497,69507,10
13.0067596436,80.2413024902,69507,69518,11
13.0067195892,80.2421798706,69518,69528,10
13.0066995621,80.2430877686,69528,69538,10
13.0066900253,80.243637085,69538,69548,10
13.0066995621,80.2436599731,69548,69558,10
13.0067195892,80.243850708,69558,69568,10
13.0067100525,80.2440109253,69568,69578,10
13.0067100525,80.2440414429,69578,69588,10
13.0066795349,80.2443618774,69588,69598,10
13.0066699982,80.2445220947,69598,69608,10
13.0066604614,80.2445602417,69608,69618,10
13.006649971,80.2448120117,69618,69629,11
13.0066604614,80.2450637817,69629,69639,10
13.0066795349,80.2452011108,69639,69649,10
13.0066795349,80.2454071045,69649,69659,10
13.0066900253,80.2457427979,69659,69669,10
13.0066995621,80.2460021973,69669,69699,30
13.0066995621,80.2460021973,69699,69709,10
13.0067396164,80.2462692261,69709,69719,10
13.0067396164,80.24659729,69719,69729,10
13.0067396164,80.2472000122,69729,69740,11
13.0067300797,80.2480621338,69740,69750,10
13.0068397522,80.249458313,69750,69770,20
13.0068397522,80.249458313,69770,69780,10
13.0068397522,80.2498092651,69780,69790,10
13.0067996979,80.2504501343,69790,69800,10
13.0067996979,80.2512283325,69800,69851,51
13.0067996979,80.2512283325,69851,69861,10
13.0067501068,80.2516403198,69861,69871,10
13.0066299438,80.2521896362,69871,69881,10
13.0065498352,80.2528991699,69881,69891,10
13.0065498352,80.253692627,69891,69901,10
13.0065402985,80.2543563843,69901,69911,10
13.0065898895,80.2549591064,69911,69921,10
13.0065803528,80.2550506592,69921,69931,10
13.0065803528,80.2554931641,69931,69941,10
13.0065898895,80.2562332153,69941,69951,10
13.0066003799,80.2570877075,69951,70012,61
13.0066003799,80.2570877075,70012,70022,10
13.0067195892,80.2574386597,70022,70032,10
13.0063295364,80.257598877,70032,70042,10
13.0058698654,80.2574462891,70042,70052,10
13.0053396225,80.2574005127,70052,70062,10
13.0045795441,80.2572402954,70062,70079,17
13.0034399033,80.2569732666,70079,70091,12
13.002869606,80.2568588257,70091,70101,10
13.0023298264,80.2567596436,70101,70111,10
13.0019798279,80.2566986084,70111,70121,10
13.0015897751,80.256652832,70121,70171,50
13.0015897751,80.256652832,70171,70181,10
13.0013599396,80.2566375732,70181,70192,11
13.0009498596,80.2565765381,70192,70202,10
13.0003595352,80.2564620972,70202,70212,10
12.9995803833,80.2563095093,70212,70222,10
12.9988899231,80.2561721802,70222,70232,10
12.9982299805,80.2560806274,70232,70242,10
12.9976100922,80.2560119629,70242,70252,10
12.9970397949,80.2560119629,70252,70262,10
12.9968700409,80.2564468384,70262,70272,10
12.9968395233,80.2568206787,70272,70282,10
12.9968204498,80.2568664551,70282,70292,10
12.9968204498,80.2570266724,70292,70303,11
12.9967899323,80.2573623657,70303,70313,10
12.9967098236,80.2580108643,70313,70323,10
12.9966402054,80.2587509155,70323,70333,10
12.9965801239,80.2593307495,70333,70343,10
12.9965295792,80.2599029541,70343,70353,10
12.9964504242,80.2605667114,70353,70363,10
12.9963598251,80.2613677979,70363,70373,10
12.9963197708,80.2618789673,70373,70383,10
12.9962301254,80.2622680664,70383,70393,10
12.9961795807,80.2624435425,70393,70403,10
12.9961204529,80.2628097534,70403,70413,10
12.9960899353,80.263343811,70413,70424,11
12.9960203171,80.2640609741,70424,70440,16
12.9959001541,80.2654037476,70440,70452,12
12.9957895279,80.2665100098,70452,70462,10
12.9957103729,80.2672805786,70462,70471,9
12.9959497452,80.2677230835,70471,70481,10
12.9960002899,80.2677307129,70481,70492,11
12.9962797165,80.2677764893,70492,70502,10
12.9968204498,80.267791748,70502,70512,10
12.9975299835,80.267578125,70512,70522,10
12.9982500076,80.2673797607,70522,70533,11
12.9991903305,80.2671127319,70533,70543,10
13.0000200272,80.2667236328,70543,70563,20
13.0000200272,80.2667236328,70563,70573,10
13.0000896454,80.2666015625,70573,70583,10
13.0001602173,80.2661819458,70583,70593,10
13.0002403259,80.2657623291,70593,70633,40
13.0002403259,80.2657623291,70633,70644,11
13.0002498627,80.266242981,70644,71207,563
13.0002403259,80.2662200928,71207,71803,596
13.0002403259,80.2662200928,71803,71813,10
13.0003204346,80.2664489746,71813,71823,10
13.0003004074,80.2667312622,71823,71833,10
13.000169754,80.2669219971,71833,71843,10
12.9997797012,80.266998291,71843,71853,10
12.9992904663,80.2671279907,71853,71863,10
12.9987001419,80.267288208,71863,71874,11
12.9979896545,80.2674713135,71874,71884,10
12.9973297119,80.2676773071,71884,71894,10
12.9970598221,80.2677536011,71894,71904,10
12.9967498779,80.2677993774,71904,71914,10
12.996219635,80.2677993774,71914,71924,10
12.9959096909,80.267791748,71924,71934,10
12.9956197739,80.267539978,71934,71954,20
12.9956197739,80.267539978,71954,71964,10
12.9956502914,80.2672119141,71964,71974,10
12.9956998825,80.2666625977,71974,71985,11
12.9957895279,80.2658081055,71985,71995,10
12.995880127,80.2648925781,71995,72005,10
12.9960002899,80.2640914917,72005,72015,10
12.9960899353,80.2633132935,72015,72025,10
12.9961204529,80.2628631592,72025,72035,10
12.9961500168,80.2626266479,72035,72045,10
12.9961795807,80.2625274658,72045,72055,10
12.9962100983,80.2621078491,72055,72065,10
12.9962902069,80.2615585327,72065,72075,10
12.9963703156,80.2608413696,72075,72085,10
12.9964504242,80.2601699829,72085,72096,11
12.9964895248,80.2593612671,72096,72106,10
12.9965696335,80.2587127686,72106,72116,10
12.9966402054,80.2580871582,72116,72126,10
12.9967098236,80.2574462891,72126,72136,10
12.9967699051,80.257019043,72136,72146,10
12.9967899323,80.2567367554,72146,72156,10
12.9968299866,80.2562789917,72156,72217,61
12.9968299866,80.2562789917,72217,72227,10
12.9968900681,80.2560272217,72227,72237,10
12.9972600937,80.255897522,72237,72247,10
12.9978399277,80.2559432983,72247,72257,10
12.9986801147,80.2560272217,72257,72307,50
12.9986801147,80.2560272217,72307,72317,10
12.9990596771,80.2560806274,72317,72328,11
12.9996299744,80.2562026978,72328,72338,10
13.0003099442,80.2563400269,72338,72348,10
13.0010204315,80.2564468384,72348,72358,10
13.0016298294,80.2565765381,72358,72368,10
13.0022096634,80.2566375732,72368,72378,10
13.0027799606,80.2567672729,72378,72388,10
13.0033798218,80.2568893433,72388,72398,10
13.0040197372,80.2570266724,72398,72408,10
13.0047101974,80.2571411133,72408,72418,10
13.0056600571,80.2573394775,72418,72459,41
13.0056600571,80.2573394775,72459,72469,10
13.0058898926,80.2573928833,72469,72479,10
13.0062398911,80.2574310303,72479,72489,10
13.0065002441,80.2572937012,72489,72499,10
13.0064496994,80.2567596436,72499,72508,9
13.006480217,80.2560424805,72508,72518,10
13.0064697266,80.2553482056,72518,72529,11
13.006480217,80.2547836304,72529,72539,10
13.0064496994,80.2539672852,72539,72550,11
13.0064401627,80.253288269,72550,72560,10
13.0064401627,80.2531967163,72560,72570,10
13.0064401627,80.2528915405,72570,72580,10
13.0065002441,80.2521896362,72580,72620,40
13.0065002441,80.2521896362,72620,72630,10
13.0065603256,80.2520599365,72630,72640,10
13.0066299438,80.2516174316,72640,72650,10
13.0066900253,80.2510070801,72650,72661,11
13.0066699982,80.2501907349,72661,72671,10
13.0066604614,80.2493362427,72671,72681,10
13.0066099167,80.2486801147,72681,72691,10
13.0065803528,80.2483978271,72691,72701,10
13.0065603256,80.2480926514,72701,72711,10
13.0065603256,80.2476272583,72711,72721,10
13.0065803528,80.2470397949,72721,72731,10
13.0065402985,80.2467269897,72731,72741,10
13.0065202713,80.2466125488,72741,72751,10
13.0066003799,80.2462005615,72751,72761,10
13.0065603256,80.2457885742,72761,72772,11
13.0065698624,80.2455596924,72772,72782,10
13.0065603256,80.2452087402,72782,72792,10
13.0065498352,80.2449874878,72792,72802,10
13.0065603256,80.2447891235,72802,72812,10
13.0065698624,80.2445373535,72812,72822,10
13.0065803528,80.2443313599,72822,72832,10
13.0065698624,80.2440795898,72832,72842,10
13.0065698624,80.2438201904,72842,72852,10
13.0065498352,80.2435684204,72852,72862,10
13.0065402985,80.2431106567,72862,72872,10
13.0065097809,80.2424316406,72872,72882,10
13.0065498352,80.2411422729,72882,72913,31
13.0065498352,80.2411422729,72913,72923,10
13.0066003799,80.2409667969,72923,72953,30
13.0066003799,80.2409667969,72953,72963,10
13.0066404343,80.2406768799,72963,72973,10
13.0067396164,80.2402191162,72973,72983,10
13.0068798065,80.2395401001,72983,72993,10
13.0070495605,80.2385787964,72993,73004,11
13.0072603226,80.2375564575,73004,73014,10
13.0073604584,80.2368087769,73014,73024,10
13.0073795319,80.2367477417,73024,73034,10
13.0074300766,80.2366409302,73034,73044,10
13.007519722,80.2362594604,73044,73054,10
13.0076303482,80.2357177734,73054,73064,10
13.0077295303,80.2351989746,73064,73080,16
13.0079603195,80.2340927124,73080,73093,13
13.008190155,80.2328414917,73093,73103,10
13.0083799362,80.2317886353,73103,73114,11
13.0085697174,80.2306976318,73114,73124,10
13.0087795258,80.2296600342,73124,73134,10
13.0089998245,80.2286987305,73134,73144,10
13.0092601776,80.227897644,73144,73154,10
13.0096797943,80.2269973755,73154,73164,10
13.0101003647,80.2260665894,73164,73174,10
13.0104598999,80.225440979,73174,73183,9
13.0106801987,80.2249832153,73183,73195,12
13.0109100342,80.2244567871,73195,73205,10
13.0109596252,80.224319458,73205,73215,10
13.0111103058,80.2239685059,73215,73226,11
13.0113096237,80.2234420776,73226,73236,10
13.0115804672,80.2228164673,73236,73246,10
13.0118503571,80.2221069336,73246,73256,10
13.0120601654,80.2216186523,73256,73266,10
13.012339592,80.2215576172,73266,73276,10
13.0126399994,80.222038269,73276,73286,10
13.0131502151,80.222618103,73286,73296,10
13.0136804581,80.2232131958,73296,73306,10
13.0141601563,80.2238235474,73306,73316,10
13.0147199631,80.2243804932,73316,73326,10
13.015370369,80.2249298096,73326,73347,21
13.015370369,80.2249298096,73347,73357,10
13.0155897141,80.2250671387,73357,73367,10
13.0160102844,80.2253875732,73367,73377,10
13.0168104172,80.2252731323,73377,73387,10
13.0177001953,80.224861145,73387,73397,10
13.0184297562,80.2245483398,73397,73407,10
13.0191001892,80.2243118286,73407,73417,10
13.0192499161,80.2243118286,73417,73426,9
13.0193796158,80.224357605,73426,73436,10
13.0197601318,80.2245864868,73436,73448,12
13.0204601288,80.225112915,73448,73458,10
13.0208997726,80.2254180908,73458,73468,10
13.0212202072,80.225692749,73468,73478,10
13.0216999054,80.22605896,73478,73488,10
13.0220603943,80.226348877,73488,73498,10
13.0224399567,80.2266921997,73498,73508,10
13.0230102539,80.2271575928,73508,73518,10
13.0236196518,80.2277069092,73518,73528,10
13.0241203308,80.2282028198,73528,73538,10
13.0245800018,80.2288131714,73538,73548,10
13.0248403549,80.2292022705,73548,73559,11
13.0252199173,80.2296981812,73559,73568,9
13.0256004333,80.2302322388,73568,73579,11
13.0258197784,80.2306594849,73579,73589,10
13.0258903503,80.2306594849,73589,73609,20
13.0258903503,80.2306594849,73609,73619,10
13.0259895325,80.2308578491,73619,73629,10
13.0260095596,80.2311401367,73629,73639,10
13.0260000229,80.231338501,73639,73649,10
13.0264501572,80.2312774658,73649,73659,10
13.0272102356,80.2310791016,73659,73669,10
13.027970314,80.2309494019,73669,73680,11
13.0284204483,80.2308807373,73680,73690,10
13.0285902023,80.2308807373,73690,73700,10
13.0290603638,80.2308425903,73700,73750,50
13.0290603638,80.2308425903,73750,73760,10
13.0293598175,80.2308578491,73760,73770,10
13.029589653,80.2308273315,73770,73780,10
13.0301198959,80.2307434082,73780,73800,20
13.0301198959,80.2307434082,73800,73811,11
13.0304498672,80.230758667,73811,73820,9
13.030670166,80.2306594849,73820,73832,12
13.0305995941,80.2303466797,73832,73842,10
13.0304603577,80.229850769,73842,73852,10
13.0302696228,80.2293701172,73852,73862,10
13.0302600861,80.229133606,73862,73872,10
13.0302801132,80.228729248,73872,73882,10
13.0303001404,80.2285614014,73882,73894,12
13.0303297043,80.2284011841,73894,73904,10
13.0303602219,80.2280883789,73904,73914,10
13.0304002762,80.2277374268,73914,73924,10
13.0302000046,80.2274703979,73924,73934,10
13.0296602249,80.2274017334,73934,73944,10
13.0289697647,80.2273025513,73944,73954,10
13.0286397934,80.2272567749,73954,73964,10
13.0285396576,80.2272415161,73964,73974,10
13.0281801224,80.2271499634,73974,73984,10
13.0278997421,80.2269973755,73984,73994,10
13.0279397964,80.2265090942,73994,74004,10
13.0280504227,80.2258987427,74004,74015,11
13.0282201767,80.2251663208,74015,74025,10
13.0283298492,80.2246017456,74025,74035,10
13.028459549,80.2240829468,74035,74045,10
13.0286598206,80.2240371704,74045,74055,10
13.0287599564,80.224029541,74055,74065,10
13.0290899277,80.224281311,74065,74075,10
13.0296802521,80.2243118286,74075,74085,10
13.0302200317,80.2242965698,74085,74095,10
13.0308303833,80.224319458,74095,74105,10
13.031080246,80.2240600586,74105,74115,10
13.0311203003,80.223487854,74115,74126,11
13.0311403275,80.2232131958,74126,74136,10
13.0311803818,80.2229614258,74136,74146,10
13.0314598083,80.2224578857,74146,74156,10
13.0317401886,80.2218475342,74156,74166,10
13.0318899155,80.2215805054,74166,74176,10
13.0319595337,80.221206665,74176,74186,10
13.032119751,80.2206420898,74186,74196,10
13.0321502686,80.2201385498,74196,74206,10
13.0321502686,80.2200927734,74206,74216,10
13.0321502686,80.2199172974,74216,74226,10
13.0321598053,80.2198181152,74226,74237,11
13.0321702957,80.2193222046,74237,74247,10
13.032119751,80.2186584473,74247,74257,10
13.0314903259,80.2183837891,74257,74267,10
13.0313997269,80.2175979614,74267,74277,10
13.0313196182,80.217086792,74277,74287,10
13.031080246,80.2169799805,74287,74297,10
13.0306301117,80.217010498,74297,74307,10
13.0304203033,80.2167663574,74307,74327,20
13.0304203033,80.2167663574,74327,74337,10
13.0303897858,80.2164611816,74337,74348,11
13.0303602219,80.2160415649,74348,74358,10
13.0303401947,80.21534729,74358,74368,10
13.0303297043,80.2147674561,74368,74378,10
13.0303602219,80.2146224976,74378,74388,10
13.0304098129,80.2142333984,74388,74398,10
13.0304803848,80.2137374878,74398,74408,10
13.030500412,80.2135162354,74408,74418,10
13.0305204391,80.2132415771,74418,74428,10
13.0306196213,80.2126998901,74428,74438,10
13.0306997299,80.2121963501,74438,74448,10
13.030790329,80.2117004395,74448,74459,11
13.0308303833,80.2113571167,74459,74469,10
13.0308599472,80.2110900879,74469,74479,10
13.0309095383,80.2106933594,74479,74489,10
13.030960083,80.2102813721,74489,74499,10
13.0308599472,80.2101593018,74499,74509,10
13.0305595398,80.210067749,74509,74519,10
13.0301303864,80.2098999023,74519,74529,10
13.030090332,80.2093200684,74529,74580,51
13.030090332,80.2093200684,74580,74590,10
13.0302495956,80.2090911865,74590,74600,10
13.0307998657,80.2092208862,74600,74610,10
13.0314998627,80.2093734741,74610,74620,10
13.0315799713,80.2094192505,74620,74630,10
13.0318403244,80.209487915,74630,74640,10
13.0324401855,80.2095794678,74640,74650,10
13.0332202911,80.2097320557,74650,74660,10
13.0340299606,80.2098999023,74660,74670,10
13.0348396301,80.2100067139,74670,74680,10
13.0350904465,80.2097167969,74680,74691,11
13.0351295471,80.2093734741,74691,74701,10
13.0351896286,80.2089385986,74701,74711,10
13.0352096558,80.2087020874,74711,74721,10
13.0352201462,80.2085571289,74721,74731,10
13.0352897644,80.2081375122,74731,74741,10
13.0354003906,80.2074432373,74741,74751,10
13.0355300903,80.2066192627,74751,74761,10
13.0355100632,80.2061004639,74761,74771,10
13.0354404449,80.2058868408,74771,74781,10
13.035490036,80.2055282593,74781,74791,10
13.0356397629,80.2053222656,74791,74802,11
13.035779953,80.2049789429,74802,74812,10
13.0358695984,80.2043991089,74812,74822,10
13.0359802246,80.203742981,74822,74832,10
13.0361003876,80.2030029297,74832,74842,10
13.0361700058,80.2025222778,74842,74852,10
13.0362195969,80.2021713257,74852,74862,10
13.0362796783,80.2016601563,74862,74872,10
13.0362796783,80.2016067505,74872,74882,10
13.0363397598,80.2012176514,74882,74892,10
13.0364103317,80.2007827759,74892,74902,10
13.0364999771,80.2001724243,74902,74913,11
13.0366201401,80.1993408203,74913,74923,10
13.0366897583,80.1985931396,74923,74933,10
13.0367097855,80.1984481812,74933,74943,10
13.0367698669,80.1981735229,74943,74953,10
13.0368499756,80.1976699829,74953,74963,10
13.036939621,80.1970672607,74963,74973,10
13.0370197296,80.1964416504,74973,74983,10
13.03703022,80.1963882446,74983,74993,10
13.0370998383,80.1960220337,74993,75003,10
13.0371904373,80.1954727173,75003,75013,10
13.0373001099,80.1947402954,75013,75024,11
13.0374403,80.1937789917,75024,75034,10
13.037560463,80.1929626465,75034,75044,10
13.0379800797,80.1928024292,75044,75054,10
13.0387096405,80.1929016113,75054,75074,20
13.0387096405,80.1929016113,75074,75084,10
13.0390701294,80.1929702759,75084,75094,10
13.0396499634,80.193069458,75094,75104,10
13.040189743,80.1931381226,75104,75114,10
13.0408201218,80.1932373047,75114,75124,10
13.041469574,80.193359375,75124,75134,10
13.0417499542,80.193687439,75134,75145,11
13.0417299271,80.1939468384,75145,75155,10
13.0417003632,80.1942901611,75155,75165,10
13.0416402817,80.1947937012,75165,75175,10
13.0415201187,80.1954193115,75175,75185,10
13.0414495468,80.1959609985,75185,75195,10
13.0414199829,80.1961975098,75195,75205,10
13.0413503647,80.1967163086,75205,75225,20
13.0413503647,80.1967163086,75225,75235,10
13.0412797928,80.1972427368,75235,75245,10
13.041179657,80.1977996826,75245,75256,11
13.0410995483,80.1984405518,75256,75266,10
13.041009903,80.1990432739,75266,75276,10
13.0409803391,80.1992721558,75276,75286,10
13.0409097672,80.1996078491,75286,75302,16
13.0407800674,80.2005767822,75302,75314,12
13.0406398773,80.2014770508,75314,75324,10
13.0405797958,80.2019500732,75324,75334,10
13.0405101776,80.2024765015,75334,75344,10
13.0403995514,80.2032165527,75344,75354,10
13.0402803421,80.2040023804,75354,75365,11
13.040189743,80.2046432495,75365,75375,10
13.040140152,80.2049179077,75375,75385,10
13.0403900146,80.2050933838,75385,75394,9
13.0408802032,80.2051696777,75394,75405,11
13.0411396027,80.2052078247,75405,75415,10
13.0413103104,80.2052612305,75415,75425,10
13.0417900085,80.2052993774,75425,75435,10
13.0424404144,80.2054367065,75435,75445,10
13.0427598953,80.2057723999,75445,75455,10
13.0430898666,80.2063217163,75455,75465,10
13.0435199738,80.2069396973,75465,75475,10
13.0438899994,80.2075424194,75475,75486,11
13.0440702438,80.2083969116,75486,75496,10
13.044090271,80.209022522,75496,75506,10
13.0440998077,80.2091217041,75506,75516,10
13.0441102982,80.2093429565,75516,75526,10
13.0441102982,80.2093963623,75526,75536,10
13.0441102982,80.209777832,75536,75546,10
13.0441303253,80.2104492188,75546,75556,10
13.0441598892,80.2112579346,75556,75566,10
13.0443000793,80.2122573853,75566,75586,20
13.0443000793,80.2122573853,75586,75597,11
13.0445604324,80.2123184204,75597,75607,10
13.0451498032,80.2122879028,75607,75617,10
13.0458898544,80.212272644,75617,75627,10
13.0467596054,80.2122268677,75627,75637,10
13.0469999313,80.2119369507,75637,75657,20
13.0469999313,80.2119369507,75657,75667,10
13.0469703674,80.2116775513,75667,75677,10
13.0469398499,80.211227417,75677,75687,10
13.0469703674,80.2109069824,75687,75697,10
13.0473299026,80.2108535767,75697,75708,11
13.0479001999,80.2108383179,75708,75718,10
13.04845047,80.2108383179,75718,75728,10
13.0490503311,80.2108612061,75728,75738,10
13.0495300293,80.2108612061,75738,75748,10
13.0495796204,80.2106399536,75748,75758,10
13.0495195389,80.210067749,75758,75768,10
13.0494098663,80.2093429565,75768,75778,10
13.0492897034,80.2087020874,75778,75788,10
13.0490598679,80.2079696655,75788,75798,10
13.0487003326,80.2071609497,75798,75819,21
13.0487003326,80.2071609497,75819,75829,10
13.0486803055,80.2070236206,75829,75839,10
13.0488996506,80.2068710327,75839,75849,10
13.0491399765,80.2068862915,75849,75859,10
13.0491695404,80.2071990967,75859,76706,847
13.0491695404,80.2071990967,76706,76717,11
13.049200058,80.2073669434,76717,76727,10
13.0491695404,80.2073669434,76727,76737,10
13.0490503311,80.2076263428,76737,76747,10
13.0491600037,80.2080230713,76747,76757,10
13.0493297577,80.2086105347,76757,76767,10
13.0494403839,80.2091522217,76767,76777,10
13.0495595932,80.2097473145,76777,76787,10
13.0495996475,80.2104110718,76787,76797,10
13.0496702194,80.2109680176,76797,76807,10
13.0497398376,80.211517334,76807,76817,10
13.0498399734,80.212059021,76817,76828,11
13.0495195389,80.2122421265,76828,76848,20
13.0495195389,80.2122421265,76848,76858,10
13.0493202209,80.2122192383,76858,76874,16
13.0484399796,80.2122802734,76874,76886,12
13.0475797653,80.212348938,76886,76896,10
13.0468997955,80.2123794556,76896,76905,9
13.0459098816,80.2124023438,76905,76916,11
13.0449104309,80.2124176025,76916,76926,10
13.0443296432,80.2124099731,76926,76936,10
13.0443296432,80.2124176025,76936,76947,11
13.0441904068,80.2120819092,76947,76957,10
13.0441598892,80.2114181519,76957,76967,10
13.0441303253,80.2106323242,76967,76977,10
13.0440998077,80.2098464966,76977,76987,10
13.0440797806,80.2093276978,76987,76997,10
13.0440397263,80.208946228,76997,77007,10
13.0440502167,80.2088470459,77007,77017,10
13.0440397263,80.208480835,77017,77034,17
13.0437498093,80.2072982788,77034,77046,12
13.0431604385,80.2064666748,77046,77055,9
13.042719841,80.2058486938,77055,77065,10
13.0420598984,80.2053985596,77065,77077,12
13.0413999557,80.2052688599,77077,77087,10
13.0409698486,80.2052001953,77087,77097,10
13.0404500961,80.205116272,77097,77107,10
13.0399103165,80.205039978,77107,77117,10
13.0391902924,80.2049102783,77117,77127,10
13.0384998322,80.2048416138,77127,77137,10
13.0381202698,80.2045822144,77137,77147,10
13.0381603241,80.2039871216,77147,77157,10
13.0382604599,80.2033004761,77157,77168,11
13.0383501053,80.2026977539,77168,77178,10
13.0384197235,80.2022094727,77178,77187,9
13.0384397507,80.2019119263,77187,77198,11
13.0384702682,80.201751709,77198,77208,10
13.0385198593,80.2014694214,77208,77218,10
13.038599968,80.2009963989,77218,77228,10
13.0386600494,80.2004318237,77228,77237,9
13.0387401581,80.1998519897,77237,77247,10
13.0388097763,80.1991882324,77247,77258,11
13.0389099121,80.1985626221,77258,77268,10
13.0390396118,80.1978607178,77268,77279,11
13.0391397476,80.1971893311,77279,77289,10
13.0391998291,80.1969528198,77289,77299,10
13.0392503738,80.1967315674,77299,77309,10
13.0392904282,80.1963500977,77309,77319,10
13.0393600464,80.1958694458,77319,77329,10
13.039440155,80.1952514648,77329,77339,10
13.0395097733,80.1945571899,77339,77349,10
13.0396299362,80.1938171387,77349,77359,10
13.0396995544,80.1932067871,77359,77369,10
13.0395803452,80.1930770874,77369,77379,10
13.0392198563,80.1929779053,77379,77390,11
13.0387201309,80.1928482056,77390,77400,10
13.0385904312,80.1928482056,77400,77411,11
13.0381603241,80.1928024292,77411,77421,10
13.0378198624,80.1928634644,77421,77431,10
13.0375995636,80.1933364868,77431,77441,10
13.0374803543,80.1941299438,77441,77451,10
13.0373497009,80.195022583,77451,77461,10
13.0372200012,80.1957626343,77461,77471,10
13.0371904373,80.1959991455,77471,77481,10
13.0371599197,80.1961975098,77481,77491,10
13.0371103287,80.1965866089,77491,77501,10
13.03703022,80.1972427368,77501,77512,11
13.0368995667,80.1979370117,77512,77522,10
13.0368099213,80.198638916,77522,77542,20
13.0367097855,80.1994094849,77542,77554,12
13.0365800858,80.200340271,77554,77564,10
13.03647995,80.2010574341,77564,77574,10
13.0364198685,80.2015609741,77574,77584,10
13.0363903046,80.201713562,77584,77594,10
13.0363397598,80.2020874023,77594,77604,10
13.0362596512,80.2026672363,77604,77615,11
13.0361204147,80.2035217285,77615,77625,10
13.0360298157,80.2041778564,77625,77635,10
13.0359601974,80.2046432495,77635,77645,10
13.0358695984,80.2052536011,77645,77655,10
13.0357704163,80.2058486938,77655,77665,10
13.0357398987,80.2060089111,77665,77674,9
13.0356798172,80.2063522339,77674,77685,11
13.035610199,80.2069396973,77685,77695,10
13.0354995728,80.2076873779,77695,77705,10
13.0354299545,80.2082824707,77705,77715,10
13.0354099274,80.2084274292,77715,77725,10
13.0353803635,80.2085113525,77725,77736,11
13.0353097916,80.2089996338,77736,77746,10
13.0352296829,80.2095336914,77746,77756,10
13.0351896286,80.2098999023,77756,77766,10
13.0351400375,80.2101821899,77766,77776,10
13.0349597931,80.2106628418,77776,77786,10
13.0348396301,80.2114105225,77786,77796,10
13.0347795486,80.2118911743,77796,77806,10
13.034620285,80.2121276855,77806,77816,10
13.034119606,80.2120513916,77816,77826,10
13.0334997177,80.2119979858,77826,77836,10
13.0328798294,80.2119522095,77836,77847,11
13.0325403214,80.2119216919,77847,77857,10
13.0322704315,80.2118988037,77857,77867,10
13.0319099426,80.2116317749,77867,77877,10
13.0319900513,80.2109375,77877,77887,10
13.0320501328,80.2101287842,77887,77897,10
13.0318002701,80.2096176147,77897,77907,10
13.0310897827,80.2094421387,77907,77917,10
13.030500412,80.2092895508,77917,77927,10
13.0304698944,80.2092971802,77927,77937,10
13.0304002762,80.2092895508,77937,77947,10
13.0300998688,80.2092666626,77947,77958,11
13.0300703049,80.2093276978,77958,77968,10
13.029999733,80.2096405029,77968,77978,10
13.0300598145,80.2098007202,77978,77994,16
13.0305995941,80.2099609375,77994,78006,12
13.0309095383,80.2100982666,78006,78014,8
13.0309400558,80.2102890015,78014,78026,12
13.0309000015,80.2107696533,78026,78036,10
13.0308599472,80.2111282349,78036,78046,10
13.030790329,80.2115936279,78046,78056,10
13.0307502747,80.2118835449,78056,78066,10
13.030670166,80.2123718262,78066,78077,11
13.0305995941,80.2129821777,78077,78087,10
13.0305299759,80.2135391235,78087,78097,10
13.030500412,80.2137985229,78097,78107,10
13.0304298401,80.2141723633,78107,78117,10
13.0303602219,80.214630127,78117,78127,10
13.0303602219,80.2147064209,78127,78138,11
13.0303401947,80.2150802612,78138,78148,10
13.0303602219,80.2158126831,78148,78158,10
13.030380249,80.2165222168,78158,78168,10
13.0305595398,80.2169570923,78168,78179,11
13.0306396484,80.2169570923,78179,78189,10
13.0309801102,80.2169723511,78189,78199,10
13.0313196182,80.2170028687,78199,78209,10
13.0314598083,80.217300415,78209,78219,10
13.031539917,80.2179412842,78219,78229,10
13.0319595337,80.2184295654,78229,78239,10
13.0322399139,80.2188873291,78239,78249,10
13.03221035,80.2195510864,78249,78259,10
13.0322198868,80.2201385498,78259,78269,10
13.032119751,80.2207794189,78269,78285,16
13.0319900513,80.2214508057,78285,78298,13
13.0317296982,80.2219467163,78298,78308,10
13.0314397812,80.2225570679,78308,78317,9
13.0311803818,80.2232513428,78317,78328,11
13.0311603546,80.2239990234,78328,78338,10
13.0311603546,80.2241897583,78338,78348,10
13.0308303833,80.224319458,78348,78360,12
13.0299701691,80.2242965698,78360,78370,10
13.0293197632,80.2243270874,78370,78379,9
13.0290498734,80.2242965698,78379,78390,11
13.0287799835,80.2241287231,78390,78401,11
13.028429985,80.224319458,78401,78411,10
13.028260231,80.2251815796,78411,78421,10
13.0280895233,80.2260437012,78421,78430,9
13.027970314,80.2266616821,78430,78441,11
13.0279397964,80.2269821167,78441,78451,10
13.0282096863,80.2271118164,78451,78461,10
13.0287704468,80.2272186279,78461,78471,10
13.0293798447,80.2273178101,78471,78481,10
13.0300598145,80.2274169922,78481,78491,10
13.0304203033,80.2276763916,78491,78501,10
13.0303897858,80.2279891968,78501,78511,10
13.030380249,80.2280502319,78511,78522,11
13.0303401947,80.2284164429,78522,78532,10
13.0303001404,80.2290115356,78532,78542,10
13.0304203033,80.229637146,78542,78552,10
13.0306100845,80.2302703857,78552,78562,10
13.0306596756,80.2306518555,78562,78572,10
13.030670166,80.230682373,78572,78582,10
13.0305404663,80.2307891846,78582,78592,10
13.0301198959,80.230796814,78592,78602,10
13.0298595428,80.2308273315,78602,78612,10
13.0295000076,80.2308578491,78612,78628,16
13.0285196304,80.2309494019,78628,78641,13
13.0277500153,80.2310409546,78641,78651,10
13.027680397,80.2312774658,78651,78661,10
13.0277204514,80.2319335938,78661,78671,10
13.0278501511,80.2325973511,78671,78681,10
13.0275297165,80.2328720093,78681,78691,10
13.0270996094,80.232963562,78691,78711,20
13.0270996094,80.232963562,78711,78721,10
13.0269002914,80.2330322266,78721,78731,10
13.0266799927,80.2330627441,78731,78742,11
13.0263299942,80.2327575684,78742,78752,10
13.0262002945,80.2321395874,78752,78762,10
13.0260095596,80.2313537598,78762,78772,10
13.025639534,80.2305908203,78772,78782,10
13.0251302719,80.2297668457,78782,78792,10
13.0245199203,80.2289428711,78792,78802,10
13.0240097046,80.2283706665,78802,78812,10
13.0239400864,80.2282867432,78812,78822,10
13.0238704681,80.2282028198,78822,78832,10
13.0235500336,80.2278289795,78832,78842,10
13.0231800079,80.2273864746,78842,78853,11
13.0225896835,80.226890564,78853,78863,10
13.0218801498,80.2262878418,78863,78873,10
13.0211400986,80.2257003784,78873,78883,10
13.0204401016,80.2252120972,78883,78893,10
13.0196895599,80.2247009277,78893,78903,10
13.0187397003,80.224571228,78903,78913,10
13.0178003311,80.2249526978,78913,78923,10
13.0168304443,80.2253494263,78923,78933,10
13.0161600113,80.2256011963,78933,78943,10
13.0155096054,80.2258377075,78943,78953,10
13.0147399902,80.2261428833,78953,78964,11
13.014550209,80.2262191772,78964,78974,10
13.0142803192,80.22631073,78974,78984,10
13.0139703751,80.2264099121,78984,78994,10
13.0133895874,80.2266616821,78994,79004,10
13.0125904083,80.2269821167,79004,79014,10
13.011639595,80.2273406982,79014,79024,10
13.0106296539,80.2277526855,79024,79034,10
13.0096998215,80.2281417847,79034,79044,10
13.0090703964,80.228843689,79044,79054,10
13.0088500977,80.2299194336,79054,79064,10
13.008649826,80.2310409546,79064,79074,10
13.0084400177,80.232170105,79074,79085,11
13.0082597733,80.2333374023,79085,79095,10
13.0082197189,80.2336120605,79095,79105,10
13.008099556,80.2340011597,79105,79115,10
13.0079898834,80.2346420288,79115,79125,10
13.0079202652,80.2350234985,79125,79135,10
13.0078496933,80.2354125977,79135,79145,10
13.0076999664,80.2361526489,79145,79155,10
13.0075101852,80.2371292114,79155,79165,10
13.0073099136,80.2381820679,79165,79175,10
13.0071201324,80.2391662598,79175,79185,10
13.0069503784,80.2399215698,79185,79196,11
13.0069503784,80.2399291992,79196,79206,10
13.0069103241,80.2401809692,79206,79216,10
13.0068798065,80.2406616211,79216,79226,10
13.0068502426,80.2407913208,79226,79236,10
13.0067796707,80.2412490845,79236,79246,10
13.0067396164,80.2420578003,79246,79256,10
13.0066795349,80.2429962158,79256,79266,10
13.0066995621,80.2439575195,79266,79276,10
13.0066699982,80.2449798584,79276,79285,9
13.0066995621,80.2458724976,79285,79295,10
13.0067100525,80.246673584,79295,79307,12
13.0067195892,80.2470397949,79307,79317,10
13.0067195892,80.2475509644,79317,79327,10
13.0067396164,80.2483062744,79327,79337,10
13.0068302155,80.249168396,79337,79347,10
13.0068502426,80.2494812012,79347,79357,10
13.0068597794,80.2498474121,79357,79367,10
13.0068397522,80.25050354,79367,79377,10
13.0068397522,80.2512664795,79377,79387,10
13.006649971,80.2520980835,79387,79397,10
13.0065498352,80.253112793,79397,79407,10
13.0065603256,80.2540817261,79407,79418,11
13.0066204071,80.2548522949,79418,79428,10
13.0066204071,80.2548599243,79428,79438,10
13.0065803528,80.2550811768,79438,79448,10
13.0066003799,80.2556228638,79448,79458,10
13.0066099167,80.2563476563,79458,79468,10
13.006649971,80.2571487427,79468,79529,61
13.006649971,80.2571487427,79529,79539,10
13.0066900253,80.2575378418,79539,79549,10
13.0062799454,80.2575836182,79549,79559,10
13.0058202744,80.2574615479,79559,79569,10
13.00522995,80.2573394775,79569,79579,10
13.0044298172,80.2571487427,79579,79589,10
13.0035400391,80.2569580078,79589,79599,10
13.0026903152,80.2568206787,79599,79609,10
13.0019903183,80.2566833496,79609,79619,10
13.001250267,80.2565994263,79619,79629,10
13.0005903244,80.2564926147,79629,79640,11
12.9991998672,80.2562408447,79640,79660,20
12.9991998672,80.2562408447,79660,79670,10
12.9989004135,80.2561721802,79670,79680,10
12.998840332,80.2561569214,79680,79690,10
12.998550415,80.2561416626,79690,79700,10
12.9981298447,80.256072998,79700,79710,10
12.9977798462,80.2560119629,79710,79720,10
12.9975099564,80.2559890747,79720,79730,10
12.9972000122,80.2559814453,79730,79740,10
12.9969997406,80.2559890747,79740,79751,11
12.9968996048,80.2563018799,79751,79761,10
12.9968500137,80.2568817139,79761,79771,10
12.9968004227,80.2573776245,79771,79781,10
12.996720314,80.2578964233,79781,79791,10
12.9966402054,80.2586669922,79791,79801,10
12.9965000153,80.2596511841,79801,79811,10
12.9964199066,80.2607116699,79811,79821,10
12.9963302612,80.2615509033,79821,79831,10
12.9962396622,80.2620620728,79831,79841,10
12.9962100983,80.2623672485,79841,79851,10
12.9961700439,80.2626266479,79851,79862,11
12.9961204529,80.2632217407,79862,79872,10
12.9960699081,80.2638931274,79872,79882,10
12.9959802628,80.2647399902,79882,79892,10
12.9958600998,80.2656936646,79892,79902,10
12.995759964,80.266746521,79902,79912,10
12.9957103729,80.267616272,79912,79922,10
12.9961299896,80.2677078247,79922,79932,10
12.9961395264,80.2677078247,79932,79942,10
12.9963998795,80.2677536011,79942,79952,10
12.9969902039,80.2677230835,79952,79962,10
12.9978103638,80.2674636841,79962,79973,11
12.998749733,80.2671737671,79973,79983,10
13.0000696182,80.2665863037,79983,80003,20
13.0000696182,80.2665863037,80003,80013,10
13.000120163,80.2665100098,80013,80023,10
13.0001802444,80.2661819458,80023,80033,10
13.0002498627,80.2657394409,80033,80043,10
13.000289917,80.2655181885,80043,80053,10
13.0003099442,80.265411377,80053,80063,10
13.0003499985,80.265083313,80063,80073,10
13.00041008,80.2644882202,80073,80084,11
13.0005197525,80.2637176514,80084,80094,10
13.0007600784,80.2630767822,80094,80104,10
13.0008602142,80.2624893188,80104,80114,10
13.0009498596,80.2618331909,80114,80124,10
13.0010004044,80.2611465454,80124,80134,10
13.0010595322,80.2605133057,80134,80144,10
13.0010700226,80.2597808838,80144,80154,10
13.0010795593,80.2590789795,80154,80164,10
13.0010700226,80.2582931519,80164,80174,10
13.0010700226,80.2575378418,80174,80184,10
13.0010900497,80.2567596436,80184,80194,10
13.0007600784,80.2565002441,80194,80205,11
13.0000896454,80.2563781738,80205,80215,10
12.9993600845,80.2562179565,80215,80225,10
12.9990596771,80.2561721802,80225,80235,10
12.9989795685,80.2561569214,80235,80245,10
12.9987401962,80.2561264038,80245,80265,20
12.9987401962,80.2561264038,80265,80281,16
12.9980401993,80.256072998,80281,80293,12
12.9977502823,80.2560577393,80293,80301,8
12.9976902008,80.256149292,80301,80313,12
12.9978303909,80.2564163208,80313,80445,132
12.9978303909,80.2564163208,80445,80455,10
12.9979295731,80.2565231323,80455,80465,10
12.9980201721,80.2570037842,80465,80515,50
12.9980201721,80.2570037842,80515,80525,10
12.9981403351,80.2571182251,80525,80536,11
12.9983797073,80.2568817139,80536,80546,10
12.9983100891,80.2565612793,80546,84239,3693
12.998000145,80.256729126,84239,84633,394
