12.9977998734,80.2565765381,13,23506,23493
12.9981298447,80.2565765381,23506,24092,586
12.9981298447,80.2565765381,24092,24102,10
12.9979600906,80.2568969727,24102,24112,10
12.9976596832,80.257019043,24112,24122,10
12.9971199036,80.256942749,24122,27101,2979
12.9971199036,80.256942749,27101,27111,10
12.9971199036,80.256980896,27111,27121,10
12.9972200394,80.2570571899,27121,27132,11
12.9976100922,80.2566680908,27132,27142,10
12.9976501465,80.256187439,27142,27152,10
12.9976701736,80.2560806274,27152,27162,10
12.9976100922,80.2559814453,27162,27172,10
12.9973096848,80.2559814453,27172,27182,10
12.9972696304,80.2559661865,27182,27192,10
12.9972000122,80.2559585571,27192,27202,10
12.9968996048,80.2559661865,27202,27212,10
12.9964599609,80.2559280396,27212,27222,10
12.9958400726,80.2559204102,27222,27233,11
12.9951896667,80.2559509277,27233,27243,10
12.9944496155,80.2559967041,27243,27253,10
12.9936800003,80.2560501099,27253,27263,10
12.992770195,80.256111145,27263,27273,10
12.991809845,80.256111145,27273,27283,10
12.9908800125,80.2560806274,27283,27293,10
12.9901399612,80.2560577393,27293,27303,10
12.9892196655,80.2560195923,27303,27313,10
12.9883499146,80.2559280396,27313,27323,10
12.9880304337,80.2558898926,27323,27334,11
12.9879102707,80.2558670044,27334,27344,10
12.9873199463,80.2557601929,27344,27354,10
12.9861698151,80.2555389404,27354,27374,20
12.9861698151,80.2555389404,27374,27384,10
12.9860801697,80.2555236816,27384,27394,10
12.9857597351,80.2554397583,27394,27404,10
12.9850902557,80.255317688,27404,27414,10
12.9844503403,80.2551574707,27414,27424,10
12.9838600159,80.2550201416,27424,27434,10
12.9832201004,80.2548217773,27434,27445,11
12.9824495316,80.2546005249,27445,27454,9
12.982000351,80.2541122437,27454,27465,11
12.9817800522,80.253288269,27465,27475,10
12.9811496735,80.2527923584,27475,27485,10
12.9804296494,80.2527770996,27485,27495,10
12.9801502228,80.2527770996,27495,27505,10
12.9795799255,80.2527389526,27505,27515,10
12.9789495468,80.2526779175,27515,27536,21
12.9789495468,80.2526779175,27536,27546,10
12.9786596298,80.2526016235,27546,27556,10
12.9780902863,80.252243042,27556,27566,10
12.9773197174,80.2515869141,27566,27576,10
12.9761400223,80.251159668,27576,27586,10
12.974820137,80.2507781982,27586,27596,10
12.9734897614,80.2503967285,27596,27606,10
12.9725399017,80.2501831055,27606,27616,10
12.9724197388,80.2501373291,27616,27626,10
12.9718904495,80.2499694824,27626,27636,10
12.9710302353,80.2497329712,27636,27647,11
12.9698295593,80.2493209839,27647,27657,10
12.9686002731,80.2488327026,27657,27667,10
12.9674100876,80.2483596802,27667,27677,10
12.9664802551,80.2479400635,27677,27687,10
12.9657402039,80.2476425171,27687,27697,10
12.9652500153,80.247467041,27697,27707,10
12.9652299881,80.2474594116,27707,27717,10
12.9651098251,80.2474365234,27717,27727,10
12.9645700455,80.2472305298,27727,27737,10
12.9639501572,80.246963501,27737,27748,11
12.9637899399,80.246887207,27748,27758,10
12.9635801315,80.2467880249,27758,27768,10
12.9629497528,80.2464981079,27768,27778,10
12.9620504379,80.2460632324,27778,27788,10
12.960940361,80.2455291748,27788,27798,10
12.9597997665,80.2450332642,27798,27808,10
12.9593496323,80.2448577881,27808,27818,10
12.9593000412,80.2448425293,27818,27828,10
12.9588298798,80.2445983887,27828,27838,10
12.9580402374,80.2442703247,27838,27848,10
12.9573602676,80.2440032959,27848,27859,11
12.956489563,80.2436828613,27859,27879,20
12.956489563,80.2436828613,27879,27889,10
12.9563798904,80.2436523438,27889,27899,10
12.9559001923,80.2434234619,27899,27909,10
12.9551897049,80.2430877686,27909,27919,10
12.9543800354,80.2427597046,27919,27929,10
12.9534502029,80.2423782349,27929,27939,10
12.9525203705,80.2420196533,27939,27949,10
12.9518404007,80.2417678833,27949,27960,11
12.9517602921,80.2417373657,27960,27970,10
12.9516496658,80.2416915894,27970,27980,10
12.9511203766,80.2415008545,27980,27990,10
12.9502801895,80.2412185669,27990,28000,10
12.9494104385,80.2409515381,28000,28010,10
12.9488401413,80.2407302856,28010,28020,10
12.9481801987,80.2404632568,28020,28030,10
12.9474496841,80.2401809692,28030,28040,10
12.9471998215,80.2400665283,28040,28050,10
12.9470996857,80.2400436401,28050,28061,11
12.9469203949,80.2399597168,28061,28071,10
12.9466495514,80.2398529053,28071,28081,10
12.9460496902,80.2396011353,28081,28091,10
12.9452600479,80.2391815186,28091,28101,10
12.9444999695,80.2384185791,28101,28111,10
12.9436597824,80.2375183105,28111,28121,10
12.9433698654,80.2372207642,28121,28131,10
12.9432401657,80.2370681763,28131,28141,10
12.9426898956,80.2366790771,28141,28151,10
12.9417695999,80.2363586426,28151,28162,11
12.940489769,80.236038208,28162,28172,10
12.9397697449,80.2358169556,28172,28182,10
12.9397497177,80.2358093262,28182,28192,10
12.9393501282,80.2356109619,28192,28202,10
12.9386196136,80.2352523804,28202,28212,10
12.9377002716,80.2348022461,28212,28228,16
12.9359302521,80.2339401245,28228,28240,12
12.934630394,80.2333374023,28240,28248,8
12.9341897964,80.2331619263,28248,28260,12
12.9341497421,80.2331390381,28260,28271,11
12.9341201782,80.2331085205,28271,28281,10
12.9337396622,80.2329101563,28281,28291,10
12.9330396652,80.2325973511,28291,28301,10
12.9321203232,80.2322616577,28301,28311,10
12.930970192,80.2318878174,28311,28321,10
12.9296798706,80.2315292358,28321,28331,10
12.928440094,80.2312927246,28331,28341,10
12.9268798828,80.2310791016,28341,28351,10
12.9261798859,80.2310180664,28351,28362,11
12.9261703491,80.2310180664,28362,28372,10
12.9259004593,80.2309875488,28372,28382,10
12.9252700806,80.2309112549,28382,28392,10
12.9244098663,80.230796814,28392,28402,10
12.9233703613,80.2306594849,28402,28412,10
12.9221401215,80.23046875,28412,28422,10
12.920920372,80.2303009033,28422,28432,10
12.9198598862,80.2302017212,28432,28442,10
12.9191198349,80.2301330566,28442,28462,20
12.9191198349,80.2301330566,28462,28473,11
12.9186897278,80.2300262451,28473,28483,10
12.9179401398,80.229927063,28483,28493,10
12.9169397354,80.2297821045,28493,28503,10
12.9157400131,80.229598999,28503,28513,10
12.9144296646,80.2294235229,28513,28523,10
12.9134101868,80.2293319702,28523,28533,10
12.9132604599,80.2293167114,28533,28543,10
12.9130401611,80.2292861938,28543,28553,10
12.9123601913,80.2291870117,28553,28563,10
12.9113998413,80.2290420532,28563,28574,11
12.9100799561,80.2288513184,28574,28584,10
12.9087400436,80.2286071777,28584,28594,10
12.9073600769,80.2284088135,28594,28604,10
12.9063301086,80.2283325195,28604,28614,10
12.9061203003,80.2283172607,28614,28624,10
12.9060497284,80.2283172607,28624,28634,10
12.9053602219,80.2282562256,28634,28644,10
12.9043998718,80.2282028198,28644,28654,10
12.9032001495,80.2281494141,28654,28664,10
12.9020900726,80.2280807495,28664,28675,11
12.9019403458,80.2280807495,28675,28685,10
12.901889801,80.2280807495,28685,28695,10
12.9014396667,80.2280731201,28695,28705,10
12.9008102417,80.2280197144,28705,28715,10
12.9001903534,80.2279815674,28715,28725,10
12.8994197845,80.2279510498,28725,28735,10
12.8991003036,80.2279281616,28735,28745,10
12.8988599777,80.2279510498,28745,28755,10
12.898850441,80.2279510498,28755,28765,10
12.8986997604,80.2279281616,28765,28782,17
12.8974599838,80.2278137207,28782,28794,12
12.8961200714,80.2277526855,28794,28804,10
12.8948001862,80.2276992798,28804,28814,10
12.8934698105,80.2276077271,28814,28824,10
12.8931798935,80.2275772095,28824,28834,10
12.8928804398,80.2275314331,28834,28844,10
12.8921003342,80.2274475098,28844,28853,9
12.891169548,80.227432251,28853,28865,12
12.8896303177,80.2274169922,28865,28875,10
12.8885297775,80.2274169922,28875,28886,11
12.8882598877,80.2274093628,28886,28896,10
12.8876199722,80.2273406982,28896,28906,10
12.8866596222,80.2271575928,28906,28916,10
12.8855304718,80.2268676758,28916,28926,10
12.8849802017,80.2267913818,28926,28936,10
12.8848104477,80.2267837524,28936,28946,10
12.8841600418,80.2267684937,28946,28956,10
12.8831501007,80.2267684937,28956,28966,10
12.8818798065,80.2267837524,28966,28976,10
12.8804702759,80.2267990112,28976,28986,10
12.8789701462,80.2268218994,28986,28997,11
12.877409935,80.2269363403,28997,29007,10
12.8765296936,80.2269973755,29007,29017,10
12.8763904572,80.2267227173,29017,29027,10
12.8764095306,80.2265625,29027,29037,10
12.8764400482,80.2263336182,29037,29047,10
12.8765296936,80.2256317139,29047,29057,10
12.8766403198,80.2245864868,29057,29067,10
12.8768901825,80.2233428955,29067,29077,10
12.8772096634,80.2219696045,29077,29088,11
12.877579689,80.2203903198,29088,29098,10
12.8779096603,80.2189483643,29098,29108,10
12.8782300949,80.2174682617,29108,29118,10
12.8785295486,80.2159576416,29118,29128,10
12.8788604736,80.2144317627,29128,29138,10
12.8791503906,80.212890625,29138,29148,10
12.8794202805,80.21144104,29148,29158,10
12.8791599274,80.2109603882,29158,29168,10
12.8789997101,80.2109298706,29168,29178,10
12.8786802292,80.2108764648,29178,29188,10
12.8780002594,80.2107467651,29188,29199,11
12.8776102066,80.2106781006,29199,29209,10
12.8768196106,80.2105331421,29209,29219,10
12.8757801056,80.2103424072,29219,29229,10
12.8747997284,80.2101669312,29229,29239,10
12.8745603561,80.2101287842,29239,29249,10
12.8743801117,80.209777832,29249,29259,10
12.8747797012,80.2096633911,29259,29269,10
12.8746700287,80.209777832,29269,29936,667
12.8746700287,80.209777832,29936,29946,10
12.8747596741,80.2098693848,29946,29956,10
12.8747501373,80.2099075317,29956,29966,10
12.8747396469,80.2101593018,29966,29976,10
12.8749799728,80.2102203369,29976,29986,10
12.875459671,80.2103118896,29986,29996,10
12.8761396408,80.2104415894,29996,30006,10
12.8769598007,80.2106018066,30006,30016,10
12.8778400421,80.2107620239,30016,30027,11
12.8788404465,80.2109222412,30027,30037,10
12.8793096542,80.2110214233,30037,30047,10
12.8793201447,80.2110214233,30047,30057,10
12.879360199,80.2110366821,30057,30067,10
12.8795204163,80.2113571167,30067,30077,10
12.8793802261,80.212020874,30077,30087,10
12.8792104721,80.2128982544,30087,30097,10
12.8790102005,80.2139434814,30097,30107,10
12.8788003922,80.2149963379,30107,30117,10
12.8786296844,80.2158584595,30117,30128,11
12.8784799576,80.2166290283,30128,30208,80
12.8784799576,80.2166290283,30208,30218,10
12.8783998489,80.2169036865,30218,30229,11
12.8782396317,80.2176437378,30229,30239,10
12.8780603409,80.218536377,30239,30249,10
12.8778095245,80.2196426392,30249,30259,10
12.877530098,80.2208709717,30259,30269,10
12.8772296906,80.2221603394,30269,30279,10
12.8769302368,80.2235107422,30279,30289,10
12.8766899109,80.2248382568,30289,30299,10
12.8765602112,80.2259979248,30299,30309,10
12.8764801025,80.2268981934,30309,30330,21
12.8764801025,80.2268981934,30330,30340,10
12.876660347,80.2269210815,30340,30350,10
12.8772201538,80.2268829346,30350,30360,10
12.8780899048,80.2267990112,30360,30370,10
12.8791704178,80.2267303467,30370,30380,10
12.8804302216,80.2266998291,30380,30390,10
12.8817996979,80.2266921997,30390,30400,10
12.8832197189,80.2266769409,30400,30410,10
12.8852701187,80.2266693115,30410,30441,31
12.8852701187,80.2266693115,30441,30451,10
12.8854198456,80.2266693115,30451,30461,10
12.8859596252,80.2267990112,30461,30477,16
12.8873796463,80.2271575928,30477,30489,12
12.8887300491,80.2272796631,30489,30499,10
12.8897600174,80.2273101807,30499,30509,10
12.8912496567,80.2272872925,30509,30519,10
12.8936300278,80.2274398804,30519,30529,10
12.8936300278,80.2274398804,30529,30539,10
12.8941802979,80.2274932861,30539,30550,11
12.8942203522,80.2275009155,30550,30560,10
12.8946399689,80.2275314331,30560,30570,10
12.895409584,80.2275695801,30570,30580,10
12.8963899612,80.2276229858,30580,30590,10
12.8975696564,80.2276992798,30590,30600,10
12.8988599777,80.2277984619,30600,30610,10
12.9008302689,80.227897644,30610,30853,243
12.9008302689,80.227897644,30853,30863,10
12.9011297226,80.2279281616,30863,30873,10
12.9017801285,80.2279586792,30873,30883,10
12.9027004242,80.2279968262,30883,30893,10
12.9031896591,80.2279815674,30893,30913,20
12.9031896591,80.2279815674,30913,30923,10
12.903380394,80.2279815674,30923,30933,10
12.9037599564,80.2280426025,30933,30943,10
12.9039897919,80.2280426025,30943,30953,10
12.904299736,80.2280502319,30953,30964,11
12.9045801163,80.2280807495,30964,30974,10
12.9048700333,80.2280883789,30974,30984,10
12.9049797058,80.2280731201,30984,30994,10
12.90528965,80.2280807495,30994,31004,10
12.9054403305,80.2280578613,31004,31014,10
12.9055404663,80.2280578613,31014,31024,10
12.9056501389,80.2280731201,31024,31034,10
12.9057598114,80.2280807495,31034,31044,10
12.9059200287,80.2280807495,31044,31054,10
12.9062404633,80.2281036377,31054,31226,172
12.9062404633,80.2281036377,31226,31236,10
12.9065504074,80.2281570435,31236,31246,10
12.9069595337,80.2282333374,31246,31256,10
12.9072599411,80.2282409668,31256,31266,10
12.9073200226,80.2282409668,31266,31277,11
12.9077796936,80.2283325195,31277,31287,10
12.9085197449,80.2284622192,31287,31297,10
12.9094800949,80.2286300659,31297,31307,10
12.9106302261,80.2288208008,31307,31317,10
12.9118404388,80.2289962769,31317,31327,10
12.912730217,80.2291183472,31327,31337,10
12.9139404297,80.2292709351,31337,31367,30
12.9139404297,80.2292709351,31367,31378,11
12.9142999649,80.2293167114,31378,31388,10
12.9149303436,80.2294006348,31388,31398,10
12.9157800674,80.2295379639,31398,31408,10
12.9168100357,80.2296829224,31408,31418,10
12.9179801941,80.2298583984,31418,31428,10
12.9190301895,80.2299880981,31428,31438,10
12.919380188,80.2300109863,31438,31448,10
12.9195699692,80.2300262451,31448,31458,10
12.920129776,80.2301025391,31458,31468,10
12.9209403992,80.2302093506,31468,31478,10
12.9218997955,80.2303390503,31478,31489,11
12.9231500626,80.2305374146,31489,31499,10
12.9244098663,80.2307128906,31499,31509,10
12.9263801575,80.2309188843,31509,31529,20
12.9263801575,80.2309188843,31529,31539,10
12.9264202118,80.2309188843,31539,31549,10
12.9268503189,80.23097229,31549,31559,10
12.9275598526,80.2310562134,31559,31569,10
12.9284200668,80.2311935425,31569,31579,10
12.928730011,80.2312393188,31579,31590,11
12.9287595749,80.231262207,31590,31600,10
12.9291801453,80.2313308716,31600,31610,10
12.9298295975,80.2314682007,31610,31620,10
12.9306898117,80.2316894531,31620,31630,10
12.9316997528,80.2320327759,31630,31640,10
12.9328298569,80.2323989868,31640,31650,10
12.9335803986,80.2326965332,31650,31670,20
12.9335803986,80.2326965332,31670,31680,10
12.9336299896,80.232749939,31680,31690,10
12.9339599609,80.2329177856,31690,31701,11
12.934679985,80.2332305908,31701,31719,18
12.9354801178,80.2335586548,31719,31731,12
12.9356803894,80.2336578369,31731,31741,10
12.93612957,80.2338790894,31741,31750,9
12.93653965,80.2340927124,31750,31761,11
12.9366703033,80.2341308594,31761,31771,10
12.9371595383,80.2343673706,31771,31781,10
12.9378595352,80.2347183228,31781,31791,10
12.9387197495,80.2351379395,31791,31803,12
12.9392995834,80.2354202271,31803,31823,20
12.9392995834,80.2354202271,31823,31833,10
12.9395704269,80.2355804443,31833,31843,10
12.9397001266,80.2356491089,31843,31853,10
12.9400997162,80.2358169556,31853,31863,10
12.9407997131,80.2360076904,31863,31873,10
12.9416799545,80.2362213135,31873,31883,10
12.9426603317,80.2365264893,31883,31893,10
12.9435100555,80.2371368408,31893,31904,11
12.9441900253,80.2378387451,31904,31914,10
12.9449300766,80.2386627197,31914,31924,10
12.9459199905,80.2394180298,31924,31934,10
12.9472799301,80.239982605,31934,31954,20
12.9472799301,80.239982605,31954,31964,10
12.9472999573,80.239982605,31964,31974,10
12.9476995468,80.2401504517,31974,31984,10
12.9483299255,80.2404022217,31984,32055,71
12.9483299255,80.2404022217,32055,32065,10
12.948679924,80.2405166626,32065,32075,10
12.9491100311,80.2406921387,32075,32085,10
12.9493198395,80.2407913208,32085,32095,10
12.949669838,80.2408981323,32095,32105,10
12.9503002167,80.2410888672,32105,32116,11
12.9510498047,80.2413101196,32116,32136,20
12.9510498047,80.2413101196,32136,32146,10
12.951210022,80.2413787842,32146,32156,10
12.9514503479,80.2414703369,32156,32166,10
12.9516601563,80.2415390015,32166,32176,10
12.9521999359,80.2417373657,32176,32186,10
12.9529695511,80.2420272827,32186,32196,10
12.9536800385,80.2423095703,32196,32205,9
12.9541501999,80.2425003052,32205,32217,12
12.9549703598,80.2428283691,32217,32227,10
12.9556999207,80.2431030273,32227,32237,10
12.9561796188,80.2432632446,32237,32247,10
12.9562797546,80.2433013916,32247,32277,30
12.9562797546,80.2433013916,32277,32287,10
12.9566898346,80.2434616089,32287,32297,10
12.9573202133,80.2437591553,32297,32307,10
12.9581098557,80.2441177368,32307,32317,10
12.9588603973,80.2444000244,32317,32338,21
12.9588603973,80.2444000244,32338,32348,10
12.9592103958,80.2445831299,32348,32358,10
12.9598302841,80.2448730469,32358,32368,10
12.960650444,80.2452468872,32368,32378,10
12.9616298676,80.2457275391,32378,32388,10
12.9627304077,80.2462463379,32388,32398,10
12.9633998871,80.2465896606,32398,32519,121
12.9633998871,80.2465896606,32519,32530,11
12.96352005,80.2466583252,32530,32540,10
12.9639196396,80.2468490601,32540,32550,10
12.9645996094,80.2471008301,32550,32560,10
12.9654598236,80.2473983765,32560,32570,10
12.9666404724,80.2478485107,32570,32590,20
12.9666404724,80.2478485107,32590,32600,10
12.9667100906,80.2478866577,32600,32610,10
12.9670295715,80.248046875,32610,32620,10
12.9676599503,80.2483291626,32620,32630,10
12.9685401917,80.2486801147,32630,32641,11
12.96971035,80.2491607666,32641,32651,10
12.9709196091,80.2496185303,32651,32661,10
12.972240448,80.249961853,32661,32671,10
12.9735097885,80.2502975464,32671,32681,10
12.9743900299,80.2505111694,32681,32691,10
12.9744300842,80.2505187988,32691,32701,10
12.9745903015,80.250579834,32701,32711,10
12.9751796722,80.2507629395,32711,32721,10
12.9760503769,80.2510070801,32721,32731,10
12.9770803452,80.2513275146,32731,32742,11
12.9781799316,80.2521362305,32742,32752,10
12.9792404175,80.2526016235,32752,32762,10
12.9799499512,80.2524032593,32762,32782,20
12.9799499512,80.2524032593,32782,32792,10
12.9799804688,80.2521362305,32792,32802,10
12.980099678,80.2517089844,32802,32812,10
12.9803199768,80.2509613037,32812,32822,10
12.9805698395,80.2499923706,32822,32832,10
12.9807195663,80.248840332,32832,32843,11
12.9808101654,80.2476119995,32843,32852,9
12.9809303284,80.2464599609,32852,32863,11
12.9811096191,80.2449188232,32863,32873,10
12.981180191,80.2440338135,32873,32883,10
12.981180191,80.2439193726,32883,32893,10
12.9812002182,80.2437591553,32893,32923,30
12.9812002182,80.2437591553,32923,32933,10
12.981300354,80.2435913086,32933,32943,10
12.9813499451,80.243270874,32943,32954,11
12.9813604355,80.2431030273,32954,32964,10
12.9813499451,80.2429122925,32964,32974,10
12.9813604355,80.2427368164,32974,32984,10
12.9813699722,80.2422485352,32984,32994,10
12.9813604355,80.2414016724,32994,33004,10
12.9813499451,80.2404174805,33004,33014,10
12.9813203812,80.2394790649,33014,33024,10
12.9812898636,80.2388000488,33024,33034,10
12.9812803268,80.2380905151,33034,33044,10
12.9812803268,80.2378921509,33044,33055,11
12.9812602997,80.2373428345,33055,33065,10
12.9812402725,80.2364578247,33065,33075,10
12.9812097549,80.2353591919,33075,33085,10
12.9811897278,80.2347564697,33085,33095,10
12.9811897278,80.23462677,33095,33105,10
12.9812002182,80.2344970703,33105,33115,10
12.9812002182,80.2344207764,33115,33125,10
12.9812498093,80.2341995239,33125,33135,10
12.9813098907,80.2340393066,33135,33145,10
12.9814996719,80.2336196899,33145,33186,41
12.9814996719,80.2336196899,33186,33196,10
12.9815797806,80.2334823608,33196,33206,10
12.9816398621,80.2333602905,33206,33216,10
12.9817495346,80.2331008911,33216,33226,10
12.9819297791,80.2326583862,33226,33236,10
12.982000351,80.2322387695,33236,33246,10
12.9819803238,80.2317810059,33246,33256,10
12.981880188,80.2311325073,33256,33267,11
12.9815597534,80.2304229736,33267,33277,10
12.9810800552,80.2296066284,33277,33287,10
12.9807395935,80.2289962769,33287,33297,10
12.9802703857,80.2281799316,33297,33307,10
12.9796800613,80.2272033691,33307,33317,10
12.9792203903,80.2264709473,33317,33327,10
12.9787797928,80.225769043,33327,33337,10
12.9783601761,80.2250823975,33337,33347,10
12.9781398773,80.2247314453,33347,33364,17
12.9777603149,80.2242431641,33364,33376,12
12.977399826,80.2235870361,33376,33386,10
12.9771299362,80.2231521606,33386,33395,9
12.9770698547,80.2230072021,33395,33407,12
12.9770097733,80.2228317261,33407,33415,8
12.9771995544,80.2227020264,33415,33426,11
12.9773197174,80.2227020264,33426,33437,11
12.9775495529,80.2224578857,33437,33447,10
12.9775104523,80.2217178345,33447,33457,10
12.9774703979,80.2213516235,33457,33468,11
12.9778795242,80.2212371826,33468,33478,10
12.9785804749,80.2211837769,33478,33488,10
12.9794301987,80.2211227417,33488,33498,10
12.9804496765,80.2210388184,33498,33508,10
12.9814300537,80.2212219238,33508,33518,10
12.9821195602,80.2216796875,33518,33528,10
12.9826202393,80.221862793,33528,33538,10
12.9829702377,80.2219772339,33538,33548,10
12.9830503464,80.2220306396,33548,33558,10
12.9834003448,80.2222595215,33558,33568,10
12.983710289,80.2224884033,33568,33579,11
12.9843301773,80.2228469849,33579,33589,10
12.9849596024,80.2232208252,33589,33599,10
12.9855003357,80.2232437134,33599,33609,10
12.9860801697,80.2229690552,33609,33619,10
12.9865398407,80.2229690552,33619,33635,16
12.9868497849,80.2229995728,33635,33647,12
12.9871797562,80.2230606079,33647,33657,10
12.9877195358,80.2230606079,33657,33667,10
12.9883403778,80.2226486206,33667,33677,10
12.988940239,80.2220535278,33677,33688,11
12.9891796112,80.2217788696,33688,33698,10
12.9894504547,80.2214813232,33698,33708,10
12.9898900986,80.2208862305,33708,33718,10
12.9904098511,80.2203979492,33718,33728,10
12.9905004501,80.2203369141,33728,33737,9
12.9908399582,80.2200775146,33737,33748,11
12.9915399551,80.2195281982,33748,33758,10
12.9922704697,80.2189788818,33758,33768,10
12.9929304123,80.2184906006,33768,33778,10
12.9932498932,80.2182388306,33778,33789,11
12.9934196472,80.2181167603,33789,33799,10
12.993689537,80.2179107666,33799,33829,30
12.993689537,80.2179107666,33829,33839,10
12.9939603806,80.2177581787,33839,33849,10
12.9943599701,80.2174606323,33849,33879,30
12.9943599701,80.2174606323,33879,33890,11
12.9945497513,80.2173080444,33890,33900,10
12.9948396683,80.2171173096,33900,33910,10
12.9951896667,80.2168731689,33910,33920,10
12.9957304001,80.2166366577,33920,33940,20
12.9957304001,80.2166366577,33940,33956,16
12.9960603714,80.2165603638,33956,33968,12
12.9962501526,80.2165374756,33968,33976,8
12.9966001511,80.2164916992,33976,34009,33
12.9966001511,80.2164916992,34009,34019,10
12.996919632,80.2164764404,34019,34029,10
12.9975204468,80.2161483765,34029,34049,20
12.9975204468,80.2161483765,34049,34059,10
12.9977197647,80.2159729004,34059,34069,10
12.998169899,80.2155838013,34069,34079,10
12.9988298416,80.2150268555,34079,34089,10
12.9991903305,80.2147216797,34089,34100,11
12.9996204376,80.2143173218,34100,34110,10
13.0001296997,80.2138595581,34110,34120,10
13.0007400513,80.2133178711,34120,34130,10
13.0013504028,80.2128601074,34130,34140,10
13.0018901825,80.2124710083,34140,34150,10
13.0023803711,80.2121963501,34150,34160,10
13.0026197433,80.2121200562,34160,34170,10
13.0031099319,80.2120819092,34170,34180,10
13.0035600662,80.212020874,34180,34190,10
13.0036697388,80.2119293213,34190,34201,11
13.0037002563,80.2115020752,34201,34211,10
13.0036497116,80.2107391357,34211,34221,10
13.0035495758,80.2098770142,34221,34231,10
13.0036001205,80.2091827393,34231,34241,10
13.0037899017,80.2086486816,34241,34251,10
13.0044298172,80.2087936401,34251,34261,10
13.0050401688,80.2090682983,34261,34271,10
13.0055999756,80.2093200684,34271,34281,10
13.0059995651,80.2094497681,34281,34291,10
13.0062503815,80.2095336914,34291,34301,10
13.0064401627,80.209602356,34301,34312,11
13.0068902969,80.2097167969,34312,34322,10
13.0068998337,80.2097167969,34322,34332,10
13.0069999695,80.2097702026,34332,34342,10
13.007399559,80.2098693848,34342,34352,10
13.0077695847,80.2099227905,34352,34362,10
13.0078601837,80.2099380493,34362,34372,10
13.0080499649,80.2099685669,34372,34382,10
13.0081596375,80.2097396851,34382,34392,10
13.008020401,80.2090377808,34392,34402,10
13.0078697205,80.2080230713,34402,34413,11
13.0077104568,80.2068786621,34413,34423,10
13.0075702667,80.2058181763,34423,34433,10
13.0075597763,80.2047195435,34433,34443,10
13.0074796677,80.2037734985,34443,34453,10
13.0073204041,80.2029190063,34453,34462,9
13.006770134,80.2025680542,34462,34473,11
13.0066604614,80.2032089233,34473,34483,10
13.0074100494,80.2036209106,34483,34493,10
13.0083703995,80.2036972046,34493,34503,10
13.0095701218,80.2036209106,34503,34514,11
13.0109796524,80.2036514282,34514,34524,10
13.0123300552,80.2038497925,34524,34534,10
13.0133104324,80.2041015625,34534,34544,10
13.0134401321,80.2041397095,34544,34554,10
13.0136804581,80.2042617798,34554,34564,10
13.0136203766,80.2046432495,34564,34574,10
13.0135602951,80.2048492432,34574,34584,10
13.0133399963,80.2055206299,34584,34594,10
13.0130996704,80.2065200806,34594,34604,10
13.0129899979,80.2076416016,34604,34614,10
13.0128898621,80.2079772949,34614,34625,11
13.0128498077,80.2083282471,34625,34635,10
13.0128898621,80.208732605,34635,34645,10
13.0130300522,80.2093200684,34645,34655,10
13.0132198334,80.209777832,34655,34665,10
13.0131797791,80.2102432251,34665,34681,16
13.0129699707,80.2111663818,34681,34693,12
13.0127296448,80.2117004395,34693,34701,8
13.0124702454,80.2121200562,34701,34713,12
13.0121097565,80.2125778198,34713,34723,10
13.0119800568,80.2127304077,34723,34734,11
13.0115098953,80.2125091553,34734,34743,9
13.0108699799,80.2120666504,34743,34754,11
13.0101995468,80.2116012573,34754,34885,131
13.0101995468,80.2116012573,34885,34895,10
13.0095996857,80.2111663818,34895,34996,101
13.0095996857,80.2111663818,34996,35006,10
13.0091199875,80.2114028931,35006,35026,20
13.0091199875,80.2114028931,35026,35037,11
13.0091199875,80.2118225098,35037,35047,10
13.0091695786,80.2120132446,35047,35057,10
13.0092496872,80.2122573853,35057,35067,10
13.0093297958,80.2125091553,35067,35077,10
13.0094804764,80.2129364014,35077,35087,10
13.0096797943,80.2134628296,35087,35097,10
13.0099496841,80.2141036987,35097,35107,10
13.0101604462,80.2147369385,35107,35117,10
13.0102596283,80.2154388428,35117,35127,10
13.0104999542,80.2161636353,35127,35137,10
13.0108499527,80.2169189453,35137,35148,11
13.0112400055,80.2177963257,35148,35158,10
13.0115604401,80.2186584473,35158,35168,10
13.0118904114,80.2196807861,35168,35178,10
13.0121898651,80.2206115723,35178,35188,10
13.0124397278,80.2214431763,35188,35198,10
13.0127801895,80.222038269,35198,35208,10
13.0130395889,80.2224502563,35208,35218,10
13.0135002136,80.2228469849,35218,35228,10
13.0140104294,80.2234420776,35228,35238,10
13.0143299103,80.2239379883,35238,35249,11
13.015080452,80.2247695923,35249,35259,10
13.0154304504,80.225151062,35259,35269,10
13.0154800415,80.225479126,35269,35279,10
13.0154304504,80.225692749,35279,35289,10
13.0152301788,80.2258605957,35289,35299,10
13.0147399902,80.2260818481,35299,35309,10
13.0140104294,80.2263565063,35309,35319,10
13.0132303238,80.2266693115,35319,35329,10
13.0123596191,80.2270202637,35329,35339,10
13.0114402771,80.2273635864,35339,35350,11
13.0103197098,80.2277832031,35350,35360,10
13.0096597672,80.2278594971,35360,35370,10
13.0096702576,80.2272796631,35370,35380,10
13.0099802017,80.2265625,35380,35390,10
13.0103397369,80.2256622314,35390,35400,10
13.0106601715,80.2249069214,35400,35410,10
13.010840416,80.2244873047,35410,35420,10
13.0110702515,80.2238769531,35420,35430,10
13.0112400055,80.2233734131,35430,35440,10
13.0109300613,80.2229995728,35440,35450,10
13.0101995468,80.2226333618,35450,35461,11
13.0092601776,80.2221298218,35461,35470,9
13.0084104538,80.2216720581,35470,35481,11
13.0074100494,80.2211608887,35481,35491,10
13.0066099167,80.2207565308,35491,35501,10
13.0055999756,80.220489502,35501,35511,10
13.0046396255,80.2202529907,35511,35521,10
13.0038204193,80.2200469971,35521,35531,10
13.0024995804,80.2195510864,35531,35541,10
13.0017900467,80.2188034058,35541,35551,10
13.0014896393,80.218536377,35551,35562,11
13.0010204315,80.2181930542,35562,35572,10
13.0004997253,80.2178421021,35572,35582,10
12.999879837,80.2174835205,35582,35592,10
12.99903965,80.217010498,35592,35602,10
12.9980401993,80.2165985107,35602,35612,10
12.9975299835,80.2165527344,35612,35632,20
12.9975299835,80.2165527344,35632,35642,10
12.9971904755,80.2165374756,35642,35652,10
12.9965295792,80.216583252,35652,35663,11
12.9957704544,80.2168197632,35663,35673,10
12.9951696396,80.2170715332,35673,35679,6
12.9951000214,80.2171020508,35679,35694,15
12.9946603775,80.2173614502,35694,35704,10
12.9941596985,80.2177734375,35704,35714,10
12.9934902191,80.21824646,35714,35724,10
12.9927597046,80.2188034058,35724,35734,10
12.9918899536,80.2194366455,35734,35744,10
12.9912204742,80.2199172974,35744,35754,10
12.9908704758,80.2201766968,35754,35764,10
12.9907398224,80.2202606201,35764,35775,11
12.9902496338,80.2205810547,35775,35785,10
12.9896202087,80.2212905884,35785,35795,10
12.9890203476,80.2220611572,35795,35805,10
12.9882297516,80.2229003906,35805,35815,10
12.987739563,80.2231216431,35815,35825,10
12.9875802994,80.2230987549,35825,35835,10
12.987279892,80.2230834961,35835,35845,10
12.9868497849,80.2230072021,35845,35855,10
12.9861402512,80.2229614258,35855,35865,10
12.9856595993,80.2230911255,35865,35876,11
12.9853401184,80.2232437134,35876,35886,10
12.9848098755,80.2230911255,35886,35896,10
12.9843101501,80.2228317261,35896,35906,10
12.9837799072,80.2225189209,35906,35916,10
12.9833402634,80.2222366333,35916,35926,10
12.9833297729,80.2222366333,35926,35936,10
12.9831600189,80.22215271,35936,35946,10
12.9827604294,80.2219467163,35946,35956,10
12.9823999405,80.221862793,35956,35966,10
12.9819498062,80.2216033936,35966,35977,11
12.9813098907,80.2212295532,35977,35987,10
12.9806499481,80.2210998535,35987,35997,10
12.9798202515,80.2211380005,35997,36007,10
12.9792499542,80.2211608887,36007,36017,10
12.9787101746,80.2211837769,36017,36027,10
12.9779901505,80.2211914063,36027,36037,10
12.9773101807,80.2212600708,36037,36047,10
12.9766798019,80.2212982178,36047,36057,10
12.9761896133,80.2214279175,36057,36067,10
12.9764604568,80.2218780518,36067,36138,71
12.9764604568,80.2218780518,36138,36148,10
12.9764604568,80.2219619751,36148,36158,10
12.976650238,80.2223129272,36158,36168,10
12.9770202637,80.2229003906,36168,36178,10
12.9774999619,80.2236785889,36178,36189,11
12.9781303406,80.2247009277,36189,36199,10
12.9787597656,80.2257614136,36199,36209,10
12.97935009,80.2267303467,36209,36219,10
12.9798202515,80.2275085449,36219,36229,10
12.9801998138,80.2281036377,36229,36239,10
12.980389595,80.2284317017,36239,36249,10
12.9805803299,80.2287902832,36249,36259,10
12.9807195663,80.2289962769,36259,36269,10
12.9808502197,80.2292404175,36269,36279,10
12.9810695648,80.2295837402,36279,36289,10
12.9816703796,80.2304763794,36289,36309,20
12.9816703796,80.2304763794,36309,36320,11
12.9818201065,80.2307815552,36320,36330,10
12.9820203781,80.2314682007,36330,36340,10
12.9820804596,80.2321624756,36340,36370,30
12.9820804596,80.2321624756,36370,36380,10
12.982000351,80.2325973511,36380,36390,10
12.9819402695,80.2328033447,36390,36401,11
12.9818201065,80.2331085205,36401,36421,20
12.9818201065,80.2331085205,36421,36431,10
12.9817304611,80.2332992554,36431,36441,10
12.9816398621,80.2334976196,36441,36451,10
12.9816398621,80.2335128784,36451,36461,10
12.9814796448,80.2338409424,36461,36471,10
12.9813995361,80.2339935303,36471,36481,10
12.9813404083,80.234161377,36481,36491,10
12.9812602997,80.2344589233,36491,36502,11
12.9812602997,80.234916687,36502,36512,10
12.9812498093,80.2352218628,36512,36522,10
12.9812602997,80.2356033325,36522,36532,10
12.9812803268,80.2360687256,36532,36542,10
12.981300354,80.2363815308,36542,36552,10
12.9812898636,80.2365875244,36552,36562,10
12.9812898636,80.2369995117,36562,36572,10
12.981300354,80.2375411987,36572,36582,10
12.981300354,80.23802948,36582,36592,10
12.9813404083,80.2386398315,36592,36602,10
12.9813404083,80.2386703491,36602,36613,11
12.9813404083,80.2389984131,36613,36623,10
12.9813604355,80.239402771,36623,36633,10
12.9813699722,80.2396469116,36633,36643,10
12.9813699722,80.2400588989,36643,36653,10
12.9813804626,80.2407608032,36653,36663,10
12.9813899994,80.2416610718,36663,36673,10
12.9813995361,80.2421112061,36673,36683,10
12.9813995361,80.2421569824,36683,36693,10
12.9814100266,80.2424468994,36693,36703,10
12.9813995361,80.2428436279,36703,36724,21
12.9813995361,80.2428436279,36724,36734,10
12.9813995361,80.2429580688,36734,36744,10
12.9813804626,80.2434310913,36744,36754,10
12.9813098907,80.244140625,36754,36764,10
12.9811897278,80.2450637817,36764,36774,10
12.9810400009,80.2461166382,36774,36784,10
12.9809303284,80.2473602295,36784,36794,10
12.9808301926,80.2486801147,36794,36804,10
12.9806404114,80.2500610352,36804,36814,10
12.9802799225,80.2514038086,36814,36825,11
12.9800901413,80.2521820068,36825,36835,10
12.9799003601,80.2525405884,36835,36845,10
12.9798898697,80.2526016235,36845,36855,10
12.9797697067,80.2528076172,36855,36865,10
12.9793100357,80.2527618408,36865,36875,10
12.978679657,80.2526473999,36875,36891,16
12.9785203934,80.2525634766,36891,36903,12
12.9779500961,80.2521133423,36903,36913,10
12.9771995544,80.2515411377,36913,36923,10
12.9761104584,80.251159668,36923,36934,11
12.9747600555,80.2507781982,36934,36944,10
12.9734601974,80.2504196167,36944,36954,10
12.9725599289,80.250213623,36954,36964,10
12.9725399017,80.2501983643,36964,36974,10
12.9724998474,80.2501831055,36974,36984,10
12.9720602036,80.250038147,36984,36994,10
12.971280098,80.2498397827,36994,37004,10
12.9703197479,80.2495727539,37004,37014,10
12.9692001343,80.249130249,37014,37024,10
12.9679498672,80.2486572266,37024,37035,11
12.9666404724,80.2480621338,37035,37045,10
12.9656295776,80.2476196289,37045,37055,10
12.9650402069,80.2474212646,37055,37075,20
12.9650402069,80.2474212646,37075,37085,10
12.9647798538,80.2473373413,37085,37095,10
12.9639902115,80.2470321655,37095,37125,30
12.9639902115,80.2470321655,37125,37136,11
12.9636697769,80.246887207,37136,37146,10
12.9632501602,80.2466583252,37146,37156,10
12.9624795914,80.2462997437,37156,37166,10
12.9614896774,80.2457962036,37166,37176,10
12.9603395462,80.245262146,37176,37186,10
12.9594402313,80.2448883057,37186,37196,10
12.959400177,80.2448577881,37196,37212,16
12.9589395523,80.2446517944,37212,37224,12
12.9580402374,80.2442626953,37224,37234,10
12.957280159,80.2440032959,37234,37245,11
12.9565601349,80.2438201904,37245,37275,30
12.9565601349,80.2438201904,37275,37285,10
12.9563903809,80.2437362671,37285,37295,10
12.9563798904,80.2437362671,37295,37305,10
12.9562597275,80.2436904907,37305,37315,10
12.9558095932,80.2434463501,37315,37326,11
12.9549703598,80.2430114746,37326,37336,10
12.954079628,80.2426223755,37336,37347,11
12.9530000687,80.242149353,37347,37357,10
12.9519300461,80.2417602539,37357,37367,10
12.9516601563,80.2416687012,37367,37377,10
12.9515600204,80.2416381836,37377,37387,10
12.9510402679,80.2414474487,37387,37397,10
12.950220108,80.2411804199,37397,37407,10
12.9495897293,80.241027832,37407,37417,10
12.9493303299,80.2409515381,37417,37427,10
12.9491901398,80.2409133911,37427,37437,10
12.9488697052,80.2407684326,37437,37448,11
12.9481801987,80.2404708862,37448,37458,10
12.9473199844,80.2401199341,37458,37468,10
12.9471302032,80.2400512695,37468,37478,10
12.9469404221,80.239982605,37478,37488,10
12.9463596344,80.2397384644,37488,37498,10
12.9455404282,80.2393722534,37498,37508,10
12.9447002411,80.2386627197,37508,37518,10
12.9438400269,80.2377166748,37518,37528,10
12.9434204102,80.2372817993,37528,37538,10
12.9433803558,80.2372131348,37538,37548,10
12.9429998398,80.2368621826,37548,37559,11
12.9420900345,80.2364425659,37559,37569,10
12.9409599304,80.2361602783,37569,37579,10
12.9398603439,80.2358322144,37579,37589,10
12.9396896362,80.2357711792,37589,37598,9
12.9396400452,80.2357330322,37598,37609,11
12.9392404556,80.2355270386,37609,37619,10
12.9384098053,80.2351074219,37619,37629,10
12.9374198914,80.2346420288,37629,37639,10
12.9363298416,80.2341384888,37639,37649,10
12.9356803894,80.2338485718,37649,37660,11
12.9351396561,80.2335891724,37660,37670,10
12.9338502884,80.2330093384,37670,37690,20
12.9338502884,80.2330093384,37690,37700,10
12.9336204529,80.2329177856,37700,37710,10
12.9329996109,80.2326278687,37710,37720,10
12.9321203232,80.2322921753,37720,37730,10
12.931019783,80.2319564819,37730,37740,10
12.9299097061,80.2316207886,37740,37750,10
12.9292001724,80.2314605713,37750,37760,10
12.9289798737,80.2314071655,37760,37771,11
12.928319931,80.2312927246,37771,37781,10
12.9273996353,80.2311630249,37781,37791,10
12.9264202118,80.2310562134,37791,37801,10
12.9262399673,80.2310333252,37801,37817,16
12.9256401062,80.2309417725,37817,37829,12
12.9246702194,80.2308273315,37829,37837,8
12.9238595963,80.2307128906,37837,37849,12
12.922369957,80.2304992676,37849,37859,10
12.9209804535,80.2303237915,37859,37870,11
12.9195804596,80.2301635742,37870,37879,9
12.9192495346,80.2301177979,37879,37890,11
12.9190502167,80.2300796509,37890,37900,10
12.9184103012,80.2300033569,37900,37910,10
12.9174604416,80.2298812866,37910,37920,10
12.9162597656,80.2297134399,37920,37930,10
12.9149303436,80.2295074463,37930,37940,10
12.9136400223,80.2293624878,37940,37950,10
12.9133501053,80.2293319702,37950,37960,10
12.9133195877,80.2293319702,37960,37970,10
12.9128599167,80.2292480469,37970,37981,11
12.9118995667,80.2291030884,37981,37991,10
12.910779953,80.2289428711,37991,38001,10
12.9095001221,80.2287368774,38001,38011,10
12.907959938,80.2284927368,38011,38112,101
12.907959938,80.2284927368,38112,38122,10
12.907699585,80.2284622192,38122,38132,10
12.9070997238,80.2284011841,38132,38142,10
12.9067401886,80.2283782959,38142,38152,10
12.9064397812,80.2283325195,38152,38162,10
12.9057703018,80.2282562256,38162,38172,10
12.9047803879,80.2282180786,38172,38182,10
12.9037904739,80.2281570435,38182,38193,11
12.9028196335,80.2281036377,38193,38233,40
12.9028196335,80.2281036377,38233,38243,10
12.9025402069,80.2280731201,38243,38253,10
12.9018802643,80.2280426025,38253,38263,10
12.9013996124,80.2280197144,38263,38273,10
12.9010696411,80.228012085,38273,38283,10
12.9005804062,80.2279510498,38283,38294,11
12.9003400803,80.2279510498,38294,38304,10
12.8997402191,80.2279129028,38304,38324,20
12.8997402191,80.2279129028,38324,38334,10
12.8994703293,80.2279129028,38334,38344,10
12.8988103867,80.2278823853,38344,38354,10
12.8978500366,80.2278213501,38354,38364,10
12.8968496323,80.2277832031,38364,38374,10
12.8956298828,80.227722168,38374,38384,10
12.8942899704,80.2276611328,38384,38394,10
12.8931598663,80.2275619507,38394,38405,11
12.8929300308,80.2275238037,38405,38425,20
12.8929300308,80.2275238037,38425,38441,16
12.8924198151,80.2274627686,38441,38453,12
12.891500473,80.2274093628,38453,38463,10
12.8905200958,80.2274169922,38463,38470,7
12.8896903992,80.2274169922,38470,38483,13
12.8884096146,80.2274169922,38483,38493,10
12.8882398605,80.2273864746,38493,38504,11
12.8875999451,80.2273330688,38504,38514,10
12.8866596222,80.2271728516,38514,38524,10
12.8855600357,80.226890564,38524,38534,10
12.8850698471,80.2267990112,38534,38544,10
12.8849201202,80.2267837524,38544,38553,9
12.8844404221,80.2267379761,38553,38564,11
12.8836297989,80.2267227173,38564,38574,10
12.8824195862,80.2267303467,38574,38584,10
12.8813199997,80.2267379761,38584,38594,10
12.8802995682,80.2267684937,38594,38605,11
12.8788604736,80.2267837524,38605,38615,10
12.8775100708,80.226890564,38615,38625,10
12.8766899109,80.2269668579,38625,38635,10
12.8765201569,80.2269592285,38635,38645,10
12.876449585,80.2269134521,38645,38655,10
12.8763799667,80.2266616821,38655,38665,10
12.8763904572,80.2265701294,38665,38675,10
12.876449585,80.2262191772,38675,38685,10
12.8765296936,80.225402832,38685,38695,10
12.876660347,80.2242965698,38695,38712,17
12.8771896362,80.2219772339,38712,38724,12
12.8775997162,80.220199585,38724,38734,10
12.8779497147,80.2186889648,38734,38744,10
12.8782596588,80.2171936035,38744,38753,9
12.8785495758,80.2158203125,38753,38764,11
12.8788995743,80.2141189575,38764,38775,11
12.8792200089,80.2124099731,38775,38786,11
12.87940979,80.2110366821,38786,38796,10
12.8789196014,80.2108764648,38796,38806,10
12.8787899017,80.2108764648,38806,38817,11
12.8780698776,80.2107620239,38817,38827,10
12.8770999908,80.2105789185,38827,38836,9
12.8760795593,80.2104110718,38836,38847,11
12.8748197556,80.2101669312,38847,38857,10
12.8744602203,80.2101211548,38857,38866,9
12.8743896484,80.2100830078,38866,38877,11
12.8744001389,80.2096405029,38877,38887,10
12.8746700287,80.2099609375,38887,39089,202
12.8746700287,80.2099609375,39089,39099,10
12.8747596741,80.2101593018,39099,39109,10
12.8753004074,80.2102508545,39109,39119,10
12.8760700226,80.2103805542,39119,39129,10
12.8769197464,80.2105636597,39129,39140,11
12.8779401779,80.2107467651,39140,39150,10
12.8791704178,80.2109680176,39150,39180,30
12.8791704178,80.2109680176,39180,39190,10
12.8793201447,80.2110290527,39190,39200,10
12.8794898987,80.2113494873,39200,39210,10
12.8793897629,80.2118606567,39210,39220,10
12.8792800903,80.2124633789,39220,39230,10
12.8791503906,80.2131576538,39230,39241,11
12.8790197372,80.2138519287,39241,39251,10
12.8789196014,80.2143783569,39251,39261,10
12.8788003922,80.2149505615,39261,39271,10
12.8786697388,80.2155685425,39271,39281,10
12.8785295486,80.216178894,39281,39291,10
12.8784198761,80.216758728,39291,39301,10
12.878279686,80.2174835205,39301,39412,111
12.878279686,80.2174835205,39412,39422,10
12.8782596588,80.2175369263,39422,39432,10
12.8781700134,80.2179412842,39432,39442,10
12.8780202866,80.2186431885,39442,39453,11
12.8777599335,80.2196807861,39453,39463,10
12.8774900436,80.2208404541,39463,39473,10
12.8772001266,80.2220916748,39473,39483,10
12.8768997192,80.2233963013,39483,39493,10
12.876660347,80.2247695923,39493,39503,10
12.8765201569,80.2259979248,39503,39513,10
12.8764400482,80.2268295288,39513,39533,20
12.8764400482,80.2268295288,39533,39543,10
12.8766202927,80.2268981934,39543,39554,11
12.8772201538,80.2268371582,39554,39564,10
12.8781299591,80.2267608643,39564,39574,10
12.8793001175,80.2266769409,39574,39584,10
12.8806400299,80.2266769409,39584,39594,10
12.8820495605,80.2266693115,39594,39604,10
12.8835096359,80.2266464233,39604,39614,10
12.8848104477,80.2266082764,39614,39624,10
12.8850603104,80.2266082764,39624,39634,10
12.885310173,80.2266387939,39634,39644,10
12.8859901428,80.2267990112,39644,39654,10
12.8869495392,80.2270507813,39654,39665,11
12.8882799149,80.2272415161,39665,39675,10
12.8886604309,80.2272491455,39675,39685,10
12.8891000748,80.2272720337,39685,39695,10
12.8898601532,80.2272720337,39695,39705,10
12.8910598755,80.2272720337,39705,39715,10
12.8921298981,80.2272720337,39715,39725,10
12.8926401138,80.2273178101,39725,39735,10
12.8933696747,80.2274017334,39735,39745,10
12.8940896988,80.2274780273,39745,39755,10
12.8941001892,80.2274780273,39755,39765,10
12.8943004608,80.2275085449,39765,39776,11
12.8950500488,80.2275390625,39776,39786,10
12.896030426,80.2275924683,39786,39796,10
12.8972597122,80.2276611328,39796,39812,16
12.8990802765,80.2277603149,39812,39824,12
12.9003400803,80.2278213501,39824,39895,71
12.9003400803,80.2278213501,39895,39902,7
12.9004402161,80.2278594971,39902,39915,13
12.9009504318,80.2278823853,39915,39925,10
12.9013795853,80.2279205322,39925,39935,10
12.90184021,80.2279510498,39935,39945,10
12.9026899338,80.2279815674,39945,39965,20
12.9026899338,80.2279815674,39965,39975,10
12.9029397964,80.2279663086,39975,39986,11
12.9036798477,80.228012085,39986,40009,23
12.90583992,80.2281570435,40009,40031,22
12.90583992,80.2281570435,40031,40041,10
12.9059400558,80.2282180786,40041,40050,9
12.9061498642,80.2282333374,40050,40061,11
12.9066400528,80.2282485962,40061,40071,10
12.9069795609,80.2282562256,40071,40081,10
12.9076404572,80.2283401489,40081,40091,10
12.9086198807,80.2284927368,40091,40102,11
12.9099397659,80.2287063599,40102,40112,10
12.9112997055,80.2289123535,40112,40122,10
12.9125499725,80.2290878296,40122,40132,10
12.9137201309,80.2292327881,40132,40142,10
12.9140195847,80.2292633057,40142,40152,10
12.9141397476,80.2292861938,40152,40162,10
12.9147195816,80.2293701172,40162,40172,10
12.9156303406,80.2295074463,40172,40182,10
12.9167804718,80.2296676636,40182,40193,11
12.9171695709,80.2296981812,40193,40203,10
12.9177703857,80.2297897339,40203,40213,10
12.9186697006,80.2298965454,40213,40223,10
12.9193000793,80.2299804688,40223,40232,9
12.9193401337,80.2299575806,40232,40242,10
12.9198102951,80.2300186157,40242,40253,11
12.9206399918,80.2301330566,40253,40263,10
12.9218301773,80.2303009033,40263,40273,10
12.9231004715,80.2304992676,40273,40283,10
12.9244699478,80.2306976318,40283,40294,11
12.9259700775,80.2308578491,40294,40304,10
12.9263095856,80.2309036255,40304,40314,10
12.926440239,80.2309188843,40314,40324,10
12.9270296097,80.231010437,40324,40334,10
12.9278297424,80.2311096191,40334,40344,10
12.9290504456,80.2312774658,40344,40354,10
12.9302997589,80.2315826416,40354,40364,10
12.9316196442,80.2319793701,40364,40374,10
12.9329795837,80.2324295044,40374,40384,10
12.9334802628,80.2326431274,40384,40394,10
12.9336795807,80.2327575684,40394,40405,11
12.9343099594,80.2330474854,40405,40415,10
12.9351501465,80.2334365845,40415,40425,10
12.9357204437,80.2337112427,40425,40435,10
12.9358196259,80.233757019,40435,40445,10
12.936340332,80.2340087891,40445,40455,10
12.9371404648,80.2343902588,40455,40471,16
12.93887043,80.2352371216,40471,40483,12
12.9398403168,80.2356719971,40483,40493,10
12.9399299622,80.2357177734,40493,40503,10
12.9404096603,80.2358779907,40503,40513,10
12.9412202835,80.2360992432,40513,40525,12
12.9425296783,80.2364501953,40525,40533,8
12.9433803558,80.2369766235,40533,40543,10
12.9437503815,80.2373428345,40543,40555,12
12.9440002441,80.2376403809,40555,40565,10
12.9445400238,80.238243103,40565,40575,10
12.945400238,80.239112854,40575,40585,10
12.9465799332,80.2396774292,40585,40595,10
12.9471597672,80.2398986816,40595,40605,10
12.9473695755,80.2399902344,40605,40616,11
12.9480400085,80.2402801514,40616,40626,10
12.9485797882,80.2405014038,40626,40636,10
12.9490003586,80.2406692505,40636,40646,10
12.9497995377,80.2409515381,40646,40656,10
12.9506902695,80.2412261963,40656,40666,10
12.950799942,80.2412719727,40666,40676,10
12.950920105,80.241317749,40676,40686,10
12.9511899948,80.2414093018,40686,40696,10
12.9514799118,80.2415084839,40696,40706,10
12.9516601563,80.2415771484,40706,40717,11
12.9522199631,80.2417907715,40717,40727,10
12.9530696869,80.2421112061,40727,40737,10
12.9541397095,80.2425231934,40737,40747,10
12.9551401138,80.2428894043,40747,40757,10
12.9564504623,80.2433624268,40757,40777,20
12.9564504623,80.2433624268,40777,40787,10
12.9569501877,80.243560791,40787,40797,10
12.9577198029,80.2439422607,40797,40807,10
12.9584798813,80.2442474365,40807,40818,11
12.9587202072,80.2443466187,40818,40828,10
12.9589996338,80.2445220947,40828,40838,10
12.959690094,80.2448425293,40838,40848,10
12.9606199265,80.2452774048,40848,40858,10
12.9617700577,80.2458190918,40858,40868,10
12.9627199173,80.2462768555,40868,40878,10
12.9632797241,80.2465591431,40878,40888,10
12.9637699127,80.2468032837,40888,40898,10
12.9644403458,80.2470626831,40898,40908,10
12.9651498795,80.2473068237,40908,40918,10
12.9658899307,80.2475585938,40918,40929,11
12.9663295746,80.2477264404,40929,40939,10
12.9665498734,80.2478179932,40939,40949,10
12.9667196274,80.2479019165,40949,40959,10
12.9669103622,80.2479934692,40959,40969,10
12.9674396515,80.2482376099,40969,40979,10
12.9683198929,80.2486190796,40979,40989,10
12.969420433,80.2490463257,40989,40999,10
12.9706897736,80.2495498657,40999,41009,10
12.9720897675,80.2499389648,41009,41019,10
12.973449707,80.2503128052,41019,41029,10
12.9745998383,80.2506103516,41029,41040,11
12.9757604599,80.2509613037,41040,41050,10
12.9769601822,80.2512969971,41050,41059,9
12.9778203964,80.2518005371,41059,41070,11
12.9785003662,80.2523498535,41070,41080,10
12.9791402817,80.2525634766,41080,41090,10
12.9796800613,80.2525634766,41090,41100,10
12.9796895981,80.2525634766,41100,41110,10
12.9800195694,80.2523269653,41110,41120,10
12.9801797867,80.2515411377,41120,41130,10
12.9804801941,80.25050354,41130,41141,11
12.9807300568,80.2490463257,41141,41151,10
12.9808397293,80.2475891113,41151,41161,10
12.9809703827,80.2460632324,41161,41171,10
12.9811296463,80.2444763184,41171,41181,10
12.9812097549,80.2437210083,41181,41191,10
12.9813404083,80.2432174683,41191,41201,10
12.9813404083,80.2430877686,41201,41211,10
12.9813404083,80.2429504395,41211,41221,10
12.9813299179,80.2427978516,41221,41237,16
12.9813404083,80.2425994873,41237,41250,13
12.9813203812,80.2416534424,41250,41260,10
12.9813203812,80.2408218384,41260,41270,10
12.981300354,80.2398300171,41270,41280,10
12.9812803268,80.2394714355,41280,41290,10
12.9812602997,80.2389068604,41290,41300,10
12.9812402725,80.2382507324,41300,41310,10
12.9812402725,80.2380371094,41310,41340,30
12.9812402725,80.2380371094,41340,41351,11
12.9812097549,80.237739563,41351,41361,10
12.9811897278,80.2370605469,41361,41371,10
12.9811697006,80.2360916138,41371,41381,10
12.9811401367,80.2349395752,41381,41391,10
12.9813804626,80.233757019,41391,41401,10
12.9815797806,80.2333526611,41401,41410,9
12.9816398621,80.2332382202,41410,41421,11
12.9819002151,80.2326507568,41421,41431,10
12.9819402695,80.2320098877,41431,41441,10
12.9818897247,80.2313232422,41441,41451,10
12.9816102982,80.2306518555,41451,41461,10
12.9811096191,80.2298431396,41461,41472,11
12.9806804657,80.2291793823,41472,41482,10
12.980629921,80.2291030884,41482,41492,10
12.9804201126,80.228767395,41492,41502,10
12.9801597595,80.2282409668,41502,41512,10
12.9797401428,80.2275314331,41512,41522,10
12.9792699814,80.2267608643,41522,41532,10
12.9787902832,80.2259674072,41532,41542,10
12.9783096313,80.2251815796,41542,41552,10
12.9780597687,80.2247924805,41552,41563,11
12.9776697159,80.2241821289,41563,41573,10
12.9771995544,80.2234191895,41573,41583,10
12.9769001007,80.2228775024,41583,41593,10
12.9772701263,80.2227325439,41593,41613,20
12.9772701263,80.2227325439,41613,41623,10
12.9774198532,80.2227020264,41623,41633,10
12.977519989,80.2222518921,41633,41643,10
12.9774904251,80.2214431763,41643,41653,10
12.9774799347,80.2212905884,41653,41664,11
12.9779596329,80.221206665,41664,41674,10
12.9787998199,80.2211608887,41674,41684,10
12.9797000885,80.2210693359,41684,41694,10
12.9802303314,80.2210388184,41694,41704,10
12.9807596207,80.220993042,41704,41714,10
12.9812002182,80.2210617065,41714,41724,10
12.9815502167,80.2212524414,41724,41734,10
12.9817304611,80.2213821411,41734,41744,10
12.982000351,80.2215499878,41744,41754,10
12.9826698303,80.2217788696,41754,41785,31
12.9826698303,80.2217788696,41785,41795,10
12.9828901291,80.2218933105,41795,41805,10
12.982919693,80.2219009399,41805,41815,10
12.9830198288,80.2219314575,41815,41824,9
12.9832801819,80.2220993042,41824,41835,11
12.9836397171,80.2223587036,41835,41845,10
12.9841098785,80.2226409912,41845,41855,10
12.9844703674,80.222869873,41855,41865,10
12.9849395752,80.2231369019,41865,41876,11
12.9854602814,80.2232208252,41876,41885,9
12.9863595963,80.2229614258,41885,41906,21
12.9863595963,80.2229614258,41906,41916,10
12.986579895,80.2229766846,41916,41926,10
12.9868803024,80.2229995728,41926,41936,10
12.9873304367,80.2230834961,41936,41946,10
12.9878196716,80.2230224609,41946,41956,10
12.9882097244,80.2227478027,41956,41966,10
12.9886598587,80.2223434448,41966,41977,11
12.9889202118,80.222076416,41977,41987,10
12.9891901016,80.2217407227,41987,41997,10
12.9896001816,80.2212295532,41997,42007,10
12.9901599884,80.2205963135,42007,42017,10
12.9905395508,80.2202835083,42017,42027,10
12.9906797409,80.220161438,42027,42037,10
12.9910898209,80.2198486328,42037,42047,10
12.9916296005,80.2194366455,42047,42057,10
12.992099762,80.2191162109,42057,42067,10
12.9927597046,80.2186508179,42067,42077,10
12.9935598373,80.2180709839,42077,42088,11
12.9942598343,80.217590332,42088,42098,10
12.9947795868,80.2172088623,42098,42108,10
12.9953403473,80.2168579102,42108,42118,10
12.9961595535,80.2165908813,42118,42128,10
12.9969301224,80.2164764404,42128,42138,10
12.9973402023,80.2162704468,42138,42148,10
12.9975204468,80.2161026001,42148,42158,10
12.9976196289,80.2160110474,42158,42168,10
12.9980602264,80.2156219482,42168,42178,10
12.998749733,80.2150421143,42178,42189,11
12.9992399216,80.2145996094,42189,42199,10
12.9997501373,80.2141571045,42199,42209,10
13.0003204346,80.2136688232,42209,42219,10
13.0010299683,80.2130737305,42219,42229,10
13.001660347,80.212600708,42229,42239,10
13.0023097992,80.2122421265,42239,42249,10
13.0029401779,80.212097168,42249,42259,10
13.0036201477,80.2119827271,42259,42269,10
13.003660202,80.2114028931,42269,42279,10
13.003569603,80.2105178833,42279,42290,11
13.0035104752,80.2095413208,42290,42300,10
13.003660202,80.2088012695,42300,42310,10
13.0039396286,80.2086105347,42310,42320,10
13.004360199,80.2087783813,42320,42330,10
13.004650116,80.2089233398,42330,42350,20
13.004650116,80.2089233398,42350,42360,10
13.0049104691,80.2090377808,42360,42370,10
13.0052700043,80.2092132568,42370,42380,10
13.0057096481,80.2093582153,42380,42390,10
13.0060501099,80.2094726563,42390,42401,11
13.0064201355,80.2095565796,42401,42411,10
13.0065498352,80.2096176147,42411,42421,10
13.0070295334,80.2097473145,42421,42441,20
13.0070295334,80.2097473145,42441,42451,10
13.0071401596,80.2097702026,42451,42461,10
13.0072803497,80.2097930908,42461,42471,10
13.0073404312,80.2098236084,42471,42481,10
13.0076398849,80.2098693848,42481,42491,10
13.0077896118,80.2098999023,42491,42502,11
13.0080003738,80.2099533081,42502,42512,10
13.0081996918,80.2097320557,42512,42522,10
13.0080299377,80.2089614868,42522,42532,10
13.0078802109,80.207901001,42532,42542,10
13.0076799393,80.206817627,42542,42552,10
13.0075397491,80.2057723999,42552,42568,16
13.0074901581,80.2041473389,42568,42580,12
13.0073099136,80.2030029297,42580,42590,10
13.0066604614,80.2026062012,42590,42600,10
13.0066995621,80.2032775879,42600,42611,11
13.0074195862,80.2036209106,42611,42620,9
13.0082197189,80.2036972046,42620,42630,10
13.0091600418,80.2036590576,42630,42641,11
13.0101499557,80.20362854,42641,42650,9
13.0112695694,80.2036972046,42650,42660,10
13.0125799179,80.2039337158,42660,42671,11
13.013299942,80.2041320801,42671,42681,10
13.0134296417,80.2041778564,42681,42691,10
13.0136995316,80.2043762207,42691,42701,10
13.0136404037,80.2045822144,42701,42712,11
13.0135698318,80.2047424316,42712,42722,10
13.0134000778,80.205291748,42722,42732,10
13.0131597519,80.2060089111,42732,42742,10
13.0130395889,80.2067718506,42742,42752,10
13.0129804611,80.2073898315,42752,42761,9
13.0129299164,80.2077026367,42761,42772,11
13.0128803253,80.2079315186,42772,42782,10
13.0128097534,80.2082519531,42782,42792,10
13.0128602982,80.2086410522,42792,42802,10
13.0129995346,80.2092590332,42802,42812,10
13.0131998062,80.209777832,42812,42822,10
13.0130996704,80.2105026245,42822,42833,11
13.012840271,80.2112503052,42833,42843,10
13.0124597549,80.2120132446,42843,42853,10
13.0118598938,80.2127990723,42853,42873,20
13.0118598938,80.2127990723,42873,42883,10
13.011590004,80.2127304077,42883,42893,10
13.0110397339,80.2123031616,42893,42903,10
13.0101299286,80.2116317749,42903,43055,152
13.0101299286,80.2116317749,43055,43065,10
13.0099401474,80.2113571167,43065,43075,10
13.0096101761,80.21118927,43075,43590,515
13.0096101761,80.21118927,43590,43600,10
13.00922966,80.2111587524,43600,43610,10
13.009059906,80.2114715576,43610,43620,10
13.0091495514,80.2119903564,43620,43630,10
13.0093097687,80.2124862671,43630,43640,10
13.0095100403,80.2130508423,43640,43651,11
13.0097999573,80.2137985229,43651,43661,10
13.0100803375,80.2145233154,43661,43671,10
13.0101995468,80.2153015137,43671,43681,10
13.0104198456,80.2160873413,43681,43691,10
13.0107803345,80.2168884277,43691,43701,10
13.0111503601,80.2176895142,43701,43711,10
13.0115299225,80.2187271118,43711,43721,10
13.011879921,80.2198028564,43721,43731,10
13.0121898651,80.2208175659,43731,43741,10
13.0123996735,80.2214889526,43741,43758,17
13.0129804611,80.2223815918,43758,43770,12
13.013589859,80.2229995728,43770,43780,10
13.013999939,80.2234191895,43780,43790,10
13.0144395828,80.2239837646,43790,43799,9
13.0148801804,80.2245864868,43799,43804,5
13.0150699615,80.2247924805,43804,43805,1
13.0152196884,80.2249832153,43805,43864,59
13.0153198242,80.2258224487,43864,43875,11
13.0147399902,80.2260665894,43875,43885,10
13.0139398575,80.2264022827,43885,43895,10
13.0130195618,80.2267684937,43895,43905,10
13.0121202469,80.227142334,43905,43915,10
13.0111398697,80.2275085449,43915,43925,10
13.0101900101,80.2278671265,43925,43935,10
13.0095596313,80.2278900146,43935,43945,10
13.0095300674,80.2275466919,43945,43957,12
13.0098400116,80.2268829346,43957,43967,10
13.0101804733,80.2260284424,43967,43975,8
13.0104999542,80.2252731323,43975,43988,13
13.010890007,80.224281311,43988,43998,10
13.0112304688,80.2234420776,43998,44008,10
13.0109300613,80.2230682373,44008,44018,10
13.0103397369,80.2227935791,44018,44028,10
13.0102796555,80.2227401733,44028,44038,10
13.0099201202,80.2225418091,44038,44047,9
13.0094203949,80.2222671509,44047,44058,11
13.0084600449,80.2217330933,44058,44068,10
13.0074901581,80.2211990356,44068,44079,11
13.0063896179,80.2207183838,44079,44089,10
13.005279541,80.220451355,44089,44099,10
13.0045795441,80.2202911377,44099,44109,10
13.0039396286,80.2201385498,44109,44119,10
13.0029802322,80.2198562622,44119,44129,10
13.0020999908,80.2191619873,44129,44139,10
13.0014400482,80.218536377,44139,44149,10
13.0007600784,80.2180709839,44149,44159,10
12.9999799728,80.2175598145,44159,44169,10
12.9991598129,80.2171020508,44169,44179,10
12.9983997345,80.2167510986,44179,44190,11
12.9975204468,80.216583252,44190,44200,10
12.9974403381,80.216583252,44200,44210,10
12.9972600937,80.2165908813,44210,44220,10
12.9966602325,80.2166137695,44220,44230,10
12.9958000183,80.2167510986,44230,44240,10
12.9950304031,80.2171020508,44240,44250,10
12.9946203232,80.217376709,44250,44260,10
12.9941501617,80.2177200317,44260,44270,10
12.9939203262,80.2179031372,44270,44280,10
12.9934597015,80.2182388306,44280,44291,11
12.9927501678,80.2187271118,44291,44301,10
12.9920902252,80.2192611694,44301,44310,9
12.9918804169,80.2194290161,44310,44321,11
12.9916200638,80.2196273804,44321,44331,10
12.9910402298,80.2200622559,44331,44341,10
12.9908504486,80.220199585,44341,44351,10
12.9906196594,80.2203598022,44351,44361,10
12.9900598526,80.2208023071,44361,44371,10
12.9894800186,80.2213668823,44371,44381,10
12.9892396927,80.2217102051,44381,44392,11
12.9887199402,80.2222671509,44392,44402,10
12.9880504608,80.2229003906,44402,44412,10
12.9876003265,80.2230606079,44412,44422,10
12.9875097275,80.2230911255,44422,44432,10
12.9871101379,80.2230377197,44432,44442,10
12.9865598679,80.2229995728,44442,44452,10
12.9857597351,80.2230987549,44452,44462,10
12.985329628,80.2232666016,44462,44472,10
12.9846401215,80.2229766846,44472,44482,10
12.983880043,80.2225875854,44482,44492,10
12.9832296371,80.2222290039,44492,44513,21
12.9832296371,80.2222290039,44513,44523,10
12.9830303192,80.2220916748,44523,44543,20
12.9828901291,80.2219619751,44543,44573,30
12.9828901291,80.2219619751,44573,44583,10
12.9822998047,80.2218017578,44583,44593,10
12.9819803238,80.2216415405,44593,44604,11
12.9817800522,80.221496582,44604,44614,10
12.981300354,80.2212905884,44614,44624,10
12.9805898666,80.2211380005,44624,44634,10
12.979809761,80.2211532593,44634,44644,10
12.9791297913,80.2211990356,44644,44654,10
12.9786996841,80.2211914063,44654,44664,10
12.9783096313,80.221206665,44664,44674,10
12.9776601791,80.2212524414,44674,44684,10
12.9766798019,80.221282959,44684,44694,10
12.9762401581,80.2215118408,44694,44704,10
12.9764204025,80.2217788696,44704,44735,31
12.9764204025,80.2217788696,44735,44745,10
12.9764404297,80.2219390869,44745,44755,10
12.9766702652,80.2223892212,44755,44765,10
12.9769496918,80.2228393555,44765,44774,9
12.9772195816,80.2233200073,44774,44785,11
12.9777202606,80.2241287231,44785,44795,10
12.9781103134,80.2247619629,44795,44805,10
12.9784097672,80.2252807617,44805,44816,11
12.9788799286,80.2260284424,44816,44826,10
12.9793796539,80.226852417,44826,44836,10
12.9798402786,80.2276000977,44836,44846,10
12.9802703857,80.2283325195,44846,44856,10
12.9807500839,80.2291412354,44856,44866,10
12.9811601639,80.2297973633,44866,44876,10
12.9816198349,80.2304763794,44876,44886,10
12.9816503525,80.2305374146,44886,44896,10
12.9817304611,80.2306976318,44896,44906,10
12.9819297791,80.2312393188,44906,44917,11
12.982000351,80.2321166992,44917,44927,10
12.9818401337,80.2329406738,44927,44937,10
12.9815998077,80.2335205078,44937,44947,10
12.9815998077,80.2335281372,44947,44957,10
12.9814996719,80.2337417603,44957,44967,10
12.9812402725,80.2343521118,44967,44977,10
12.9812002182,80.2352523804,44977,44987,10
12.9812297821,80.2363128662,44987,44997,10
12.9812498093,80.2374801636,44997,45007,10
12.9812803268,80.2385025024,45007,45017,10
12.981300354,80.2386474609,45017,45034,17
12.9813098907,80.238822937,45034,45046,12
12.9813098907,80.2395095825,45046,45056,10
12.9813098907,80.2403030396,45056,45065,9
12.9813098907,80.2409820557,45065,45076,11
12.9813299179,80.241897583,45076,45086,10
12.9813404083,80.2423019409,45086,45096,10
12.9813299179,80.2427902222,45096,45116,20
12.9813299179,80.2427902222,45116,45126,10
12.9813404083,80.2430114746,45126,45137,11
12.9813299179,80.243598938,45137,45147,10
12.9812297821,80.2444076538,45147,45157,10
12.9811096191,80.2453765869,45157,45167,10
12.9809904099,80.2465286255,45167,45177,10
12.9808797836,80.2477798462,45177,45187,10
12.9807701111,80.2490997314,45187,45197,10
12.9805402756,80.2504501343,45197,45207,10
12.9802103043,80.2517318726,45207,45217,10
12.9799404144,80.2524185181,45217,45227,10
12.9796800613,80.2527923584,45227,45238,11
12.9785995483,80.2526168823,45238,45258,20
12.9785995483,80.2526168823,45258,45268,10
12.9785003662,80.2525482178,45268,45278,10
12.9780797958,80.252243042,45278,45288,10
12.9774303436,80.2516708374,45288,45298,10
12.9764499664,80.2512512207,45298,45308,10
12.975279808,80.2509002686,45308,45318,10
12.9740600586,80.2505569458,45318,45328,10
12.9725799561,80.2501983643,45328,45349,21
12.9725799561,80.2501983643,45349,45359,10
12.972240448,80.2501068115,45359,45369,10
12.9715795517,80.2499237061,45369,45379,10
12.9707098007,80.2496795654,45379,45389,10
12.9696598053,80.2493209839,45389,45399,10
12.9684896469,80.2488479614,45399,45409,10
12.9672698975,80.2483520508,45409,45419,10
12.9662103653,80.2478485107,45419,45429,10
12.9652795792,80.2474975586,45429,45450,21
12.9652795792,80.2474975586,45450,45460,10
12.9650802612,80.247467041,45460,45470,10
12.964509964,80.2472610474,45470,45480,10
12.9636096954,80.2468795776,45480,45510,30
12.9636096954,80.2468795776,45510,45520,10
12.9632902145,80.2466888428,45520,45530,10
12.9626197815,80.2463531494,45530,45540,10
12.9617595673,80.2459182739,45540,45551,11
12.9607200623,80.2454299927,45551,45561,10
12.9593601227,80.2448730469,45561,45581,20
12.9593601227,80.2448730469,45581,45591,10
12.9590902328,80.2447280884,45591,45601,10
12.9584903717,80.2444610596,45601,45611,10
12.9578104019,80.244178772,45611,45621,10
12.9570999146,80.2439575195,45621,45631,10
12.9566602707,80.243850708,45631,45672,41
12.9566602707,80.243850708,45672,45682,10
12.956489563,80.2437973022,45682,45712,30
12.956489563,80.2437973022,45712,45722,10
12.9561300278,80.2436599731,45722,45732,10
12.9555902481,80.243347168,45732,45742,10
12.9548301697,80.2429733276,45742,45752,10
12.9540996552,80.2426605225,45752,45763,11
12.9533700943,80.2423400879,45763,45773,10
12.9525098801,80.2420196533,45773,45783,10
12.9517202377,80.2417526245,45783,45793,10
12.9516601563,80.2417221069,45793,45803,10
12.9513597488,80.2416000366,45803,45813,10
12.9507198334,80.2413711548,45813,45823,10
12.9498195648,80.2411117554,45823,45833,10
12.9490804672,80.2408905029,45833,45843,10
12.9489498138,80.240852356,45843,45853,10
12.948679924,80.2407226563,45853,45864,11
12.9479799271,80.2404174805,45864,45874,10
12.9471702576,80.2400970459,45874,45894,20
12.9471702576,80.2400970459,45894,45904,10
12.9468202591,80.2399520874,45904,45914,10
12.9461603165,80.2396774292,45914,45924,10
12.9453601837,80.2392883301,45924,45934,10
12.9445400238,80.2384872437,45934,45944,10
12.9436702728,80.2375488281,45944,45954,10
12.94328022,80.2371368408,45954,45964,10
12.9432096481,80.2370681763,45964,45975,11
12.9426803589,80.2366790771,45975,45985,10
12.9418401718,80.2363586426,45985,45995,10
12.9407596588,80.2360992432,45995,46005,10
12.9398403168,80.2358322144,46005,46015,10
12.9397497177,80.2358016968,46015,46025,10
12.9395198822,80.2356872559,46025,46035,10
12.9388999939,80.2353973389,46035,46045,10
12.9380598068,80.2349700928,46045,46055,10
12.9370298386,80.2344665527,46055,46065,10
12.9358701706,80.2339096069,46065,46076,11
12.9345197678,80.2333068848,46076,46086,10
12.9339399338,80.2330627441,46086,46096,10
12.9338798523,80.2330322266,46096,46106,10
12.9338703156,80.2330169678,46106,46122,16
12.9331197739,80.2326812744,46122,46134,12
12.9321098328,80.2322998047,46134,46144,10
12.9312601089,80.2320098877,46144,46153,9
12.9299097061,80.2315979004,46153,46164,11
12.9285097122,80.2313308716,46164,46174,10
12.9271297455,80.2311477661,46174,46185,11
12.9262504578,80.2310562134,46185,46195,10
12.9262104034,80.2310562134,46195,46204,9
12.9259996414,80.2310409546,46204,46215,11
12.9253196716,80.2309494019,46215,46226,11
12.9244699478,80.2308502197,46226,46236,10
12.9232997894,80.2306976318,46236,46246,10
12.9220399857,80.2304992676,46246,46256,10
12.9206895828,80.2303237915,46256,46266,10
12.9195604324,80.2302017212,46266,46276,10
12.9192399979,80.2301635742,46276,46287,11
12.9189500809,80.2301177979,46287,46297,10
12.9182796478,80.2300109863,46297,46307,10
12.9173402786,80.2298736572,46307,46317,10
12.9162597656,80.2297134399,46317,46327,10
12.915019989,80.2295227051,46327,46337,10
12.9138402939,80.2293930054,46337,46347,10
12.9134502411,80.2293395996,46347,46357,10
12.9134197235,80.2293395996,46357,46367,10
12.9129896164,80.2292709351,46367,46377,10
12.9121999741,80.2291564941,46377,46387,10
12.9111700058,80.2289962769,46387,46398,11
12.9099903107,80.2288284302,46398,46407,9
12.9087095261,80.2286224365,46407,46418,11
12.9075298309,80.2284469604,46418,46438,20
12.9075298309,80.2284469604,46438,46448,10
12.907409668,80.2284011841,46448,46458,10
12.9068698883,80.2283401489,46458,46467,9
12.9062900543,80.2283096313,46467,46478,11
12.906080246,80.2282409668,46478,46488,10
12.9054603577,80.2282104492,46488,46499,11
12.9044303894,80.2281570435,46499,46509,10
12.9032897949,80.2281036377,46509,46519,10
12.9024200439,80.2280731201,46519,46529,10
12.9023399353,80.2280578613,46529,46539,10
12.9022302628,80.2280502319,46539,46549,10
12.9017295837,80.2280426025,46549,46559,10
12.9012298584,80.2280502319,46559,46569,10
12.900560379,80.2279815674,46569,46579,10
12.8998298645,80.2279434204,46579,46600,21
12.8998298645,80.2279434204,46600,46610,10
12.8997497559,80.2279129028,46610,46620,10
12.8995304108,80.2279129028,46620,46630,10
12.8994998932,80.2279129028,46630,46640,10
12.8992099762,80.2279129028,46640,46650,10
12.8985595703,80.2278671265,46650,46660,10
12.8976697922,80.2277984619,46660,46670,10
12.8965902328,80.2277679443,46670,46680,10
12.895359993,80.227722168,46680,46690,10
12.8941698074,80.2276611328,46690,46700,10
12.8933401108,80.2275924683,46700,46711,11
12.8932800293,80.2275772095,46711,46721,10
12.8930397034,80.2275390625,46721,46731,10
12.8924999237,80.2274627686,46731,46741,10
12.8921699524,80.2274398804,46741,46751,10
12.8914403915,80.227432251,46751,46761,10
12.8904399872,80.2274169922,46761,46771,10
12.8892402649,80.2274169922,46771,46781,10
12.8884401321,80.2274017334,46781,46791,10
12.888420105,80.2274017334,46791,46801,10
12.8881101608,80.2273712158,46801,46812,11
12.8873100281,80.2272720337,46812,46822,10
12.8863201141,80.2270812988,46822,46832,10
12.885219574,80.2268218994,46832,46842,10
12.8848896027,80.2267913818,46842,46852,10
12.8846597672,80.2267684937,46852,46868,16
12.8834199905,80.2267608643,46868,46880,12
12.8820295334,80.2267608643,46880,46888,8
12.8809604645,80.2267684937,46888,46899,11
12.8794403076,80.2267837524,46899,46910,11
12.8778400421,80.2268676758,46910,46921,11
12.8767595291,80.2269668579,46921,46932,11
12.876449585,80.2268829346,46932,46943,11
12.8764095306,80.2265777588,46943,46953,10
12.8764095306,80.2265396118,46953,46963,10
12.8764400482,80.2263031006,46963,46973,10
12.8765201569,80.2255783081,46973,46984,11
12.8766403198,80.224571228,46984,46994,10
12.8768997192,80.2231826782,46994,47004,10
12.8772201538,80.2217712402,47004,47014,10
12.8775701523,80.2203216553,47014,47025,11
12.8779296875,80.218711853,47025,47035,10
12.8782501221,80.2171936035,47035,47045,10
12.8785600662,80.2156600952,47045,47055,10
12.8788795471,80.2141189575,47055,47065,10
12.8791399002,80.2127532959,47065,47075,10
12.879360199,80.2116088867,47075,47085,10
12.8792800903,80.2109298706,47085,47095,10
12.8789596558,80.2108917236,47095,47105,10
12.8788995743,80.2108917236,47105,47115,10
12.8783998489,80.2108078003,47115,47125,10
12.8775100708,80.2106628418,47125,47136,11
12.8763904572,80.2104415894,47136,47146,10
12.8745698929,80.2101364136,47146,47166,20
12.8745698929,80.2101364136,47166,47176,10
12.8744497299,80.2100982666,47176,47186,10
12.8744697571,80.2096099854,47186,47196,10
12.8746204376,80.2098312378,47196,48549,1353
12.8746204376,80.2098312378,48549,48559,10
12.8746900558,80.2100601196,48559,48569,10
12.8749103546,80.2101593018,48569,48579,10
12.8754997253,80.2102737427,48579,48589,10
12.8763103485,80.2104187012,48589,48599,10
12.8771600723,80.2105865479,48599,48610,11
12.8781995773,80.2107772827,48610,48620,10
12.8790397644,80.2109527588,48620,48630,10
12.8792200089,80.2109832764,48630,48640,10
12.8793201447,80.2110366821,48640,48650,10
12.8794803619,80.2113494873,48650,48660,10
12.8793296814,80.2119979858,48660,48670,10
12.8791503906,80.2129211426,48670,48680,10
12.8789300919,80.2140579224,48680,48690,10
12.8787202835,80.2151794434,48690,48700,10
12.8784599304,80.2163619995,48700,48710,10
12.8781995773,80.217628479,48710,48721,11
12.8778800964,80.2191085815,48721,48731,10
12.8775596619,80.220489502,48731,48741,10
12.877240181,80.2219085693,48741,48751,10
12.8768997192,80.2233123779,48751,48761,10
12.876660347,80.2245788574,48761,48771,10
12.8764400482,80.2268676758,48771,48807,36
12.8764400482,80.2268676758,48807,48818,11
12.8767700195,80.2268981934,48818,48828,10
12.8774700165,80.2268295288,48828,48839,11
12.8785800934,80.2267532349,48839,48850,11
12.8799695969,80.2267227173,48850,48860,10
12.881360054,80.2267074585,48860,48870,10
12.8828201294,80.2266998291,48870,48880,10
12.8841400146,80.2266769409,48880,48890,10
12.8856697083,80.2267684937,48890,48900,10
12.8869600296,80.2270812988,48900,48910,10
12.8881597519,80.2272415161,48910,48920,10
12.8886003494,80.2272491455,48920,48931,11
12.8890600204,80.2272720337,48931,48941,10
12.8898897171,80.2272796631,48941,48951,10
12.890999794,80.2272720337,48951,48961,10
12.8922796249,80.2272872925,48961,48971,10
12.8941202164,80.2275009155,48971,48991,20
12.8941202164,80.2275009155,48991,49001,10
12.8942298889,80.2275085449,49001,49011,10
12.8947896957,80.2275466919,49011,49021,10
12.8957004547,80.2275924683,49021,49032,11
12.8969898224,80.2276687622,49032,49042,10
12.8982896805,80.2277526855,49042,49052,10
12.8993597031,80.2278137207,49052,49062,10
12.900560379,80.2278366089,49062,49092,30
12.900560379,80.2278366089,49092,49102,10
12.9008197784,80.2278900146,49102,49112,10
12.9013700485,80.2279205322,49112,49122,10
12.9020395279,80.2279586792,49122,49132,10
12.9026203156,80.2279586792,49132,49143,11
12.9026403427,80.2279663086,49143,49153,10
12.9028997421,80.2279968262,49153,49163,10
12.9035596848,80.2280426025,49163,49173,10
12.9045000076,80.2281036377,49173,49183,10
12.9055595398,80.2281494141,49183,49193,10
12.9061803818,80.2281570435,49193,49223,30
12.9061803818,80.2281570435,49223,49233,10
12.9064598083,80.2281799316,49233,49244,11
12.906920433,80.2282104492,49244,49254,10
12.9070196152,80.2282409668,49254,49264,10
12.9075403214,80.2283096313,49264,49274,10
12.9083995819,80.2284393311,49274,49284,10
12.9095001221,80.2286300659,49284,49294,10
12.9107904434,80.228843689,49294,49304,10
12.912150383,80.2290496826,49304,49314,10
12.9140300751,80.2292861938,49314,49334,20
12.9140300751,80.2292861938,49334,49345,11
12.9141798019,80.2293167114,49345,49355,10
12.9147596359,80.2294006348,49355,49365,10
12.9156198502,80.2295532227,49365,49375,10
12.9167404175,80.2297210693,49375,49385,10
12.9180002213,80.2298965454,49385,49395,10
12.9190597534,80.2300262451,49395,49405,10
12.9192304611,80.2300415039,49405,49415,10
12.9194097519,80.2300415039,49415,49431,16
12.920539856,80.230178833,49431,49443,12
12.9217996597,80.2303619385,49443,49451,8
12.9227895737,80.2304992676,49451,49464,13
12.9245100021,80.2307434082,49464,49474,10
12.9258003235,80.2309036255,49474,49484,10
12.926320076,80.2309570313,49484,49504,20
12.926320076,80.2309570313,49504,49514,10
12.9265403748,80.2309875488,49514,49524,10
12.9273004532,80.2310791016,49524,49534,10
12.9281597137,80.2312164307,49534,49544,10
12.9291696548,80.2313690186,49544,49555,11
12.9304895401,80.2316818237,49555,49565,10
12.9317903519,80.232093811,49565,49575,10
12.9336996078,80.2327575684,49575,49595,20
12.9336996078,80.2327575684,49595,49605,10
12.9339704514,80.2329101563,49605,49615,10
12.9346504211,80.2332229614,49615,49625,10
12.9354496002,80.233581543,49625,49635,10
12.9358596802,80.2337722778,49635,49645,10
12.936340332,80.2340164185,49645,49655,10
12.9371404648,80.234413147,49655,49666,11
12.938249588,80.2349395752,49666,49676,10
12.9397296906,80.2356567383,49676,49696,20
12.9397296906,80.2356567383,49696,49706,10
12.9401397705,80.2358398438,49706,49716,10
12.9409103394,80.236076355,49716,49726,10
12.9418897629,80.2362976074,49726,49736,10
12.9429798126,80.2367401123,49736,49746,10
12.9436597824,80.2373275757,49746,49756,10
12.9437398911,80.2374420166,49756,49767,11
12.9440898895,80.2378768921,49767,49777,10
12.9446697235,80.2385177612,49777,49786,9
12.9454298019,80.2392120361,49786,49797,11
12.9472198486,80.2399597168,49797,49817,20
12.9472198486,80.2399597168,49817,49827,10
12.9474000931,80.2400436401,49827,49837,10
12.9479703903,80.2402801514,49837,49847,10
12.9488096237,80.2406234741,49847,49857,10
12.949839592,80.2410202026,49857,49867,10
12.950920105,80.2413101196,49867,49878,11
12.9510803223,80.2413864136,49878,49888,10
12.9512195587,80.2414703369,49888,49898,10
12.9518003464,80.2416763306,49898,49908,10
12.952630043,80.2419967651,49908,49918,10
12.9536600113,80.242401123,49918,49928,10
12.9544696808,80.2427368164,49928,49938,10
12.9552297592,80.2430267334,49938,49948,10
12.9562797546,80.2434082031,49948,50019,71
12.9562797546,80.2434082031,50019,50029,10
12.9565496445,80.2434463501,50029,50039,10
12.9569301605,80.2436218262,50039,50049,10
12.9575195313,80.243888855,50049,50059,10
12.9583597183,80.2442474365,50059,50069,10
12.9588699341,80.2444381714,50069,50079,10
12.9589300156,80.2445220947,50079,50090,11
12.959400177,80.2447433472,50090,50100,10
12.9601602554,80.2450790405,50100,50110,10
12.961139679,80.2455215454,50110,50120,10
12.9622898102,80.24609375,50120,50130,10
12.9632997513,80.24659729,50130,50140,10
12.9639701843,80.2469024658,50140,50150,10
12.9646596909,80.2471466064,50150,50160,10
12.9653997421,80.2473831177,50160,50170,10
12.9668397903,80.2479705811,50170,50199,29
12.9668397903,80.2479705811,50199,50209,10
12.9671201706,80.2481079102,50209,50218,9
12.9677200317,80.2483978271,50218,50229,11
12.96875,80.2488327026,50229,50239,10
12.9697799683,80.2492218018,50239,50248,9
12.9710502625,80.2496795654,50248,50260,12
12.9726600647,80.2501220703,50260,50270,10
12.9737300873,80.2503967285,50270,50280,10
12.9743795395,80.2505569458,50280,50291,11
12.9745597839,80.2506027222,50291,50301,10
12.9751701355,80.2507781982,50301,50311,10
12.9760799408,80.2510375977,50311,50321,10
12.9771795273,80.251411438,50321,50331,10
12.9781999588,80.2521820068,50331,50341,10
12.9792900085,80.2525863647,50341,50351,10
12.9799203873,80.2524032593,50351,50361,10
12.9799499512,80.2523117065,50361,50371,10
12.9799804688,80.2521972656,50371,50381,10
12.9800901413,80.2517471313,50381,50391,10
12.9803304672,80.2509536743,50391,50402,11
12.9806404114,80.2497634888,50402,50412,10
12.9807701111,80.2484130859,50412,50422,10
12.980890274,80.2469482422,50422,50432,10
12.9810304642,80.2455825806,50432,50442,10
12.981180191,80.2441177368,50442,50452,10
12.9812202454,80.2436904907,50452,50462,10
12.9813404083,80.2433166504,50462,50472,10
12.9813404083,80.2428207397,50472,50482,10
12.9813404083,80.2426376343,50482,50492,10
12.9813404083,80.2419891357,50492,50503,11
12.9813404083,80.2409820557,50503,50513,10
12.9813203812,80.2400436401,50513,50523,10
12.981300354,80.2393798828,50523,50533,10
12.9812803268,80.2386474609,50533,50543,10
12.9812698364,80.2383804321,50543,50553,10
12.9812602997,80.2381591797,50553,50563,10
12.9812602997,80.2379684448,50563,50573,10
12.9812602997,80.2374725342,50573,50583,10
12.9812498093,80.2366027832,50583,50593,10
12.9812097549,80.2356185913,50593,50604,11
12.9811897278,80.2348327637,50604,50614,10
12.9812898636,80.2340621948,50614,50624,10
12.9814500809,80.2337112427,50624,50634,10
12.9816102982,80.2333908081,50634,50654,20
12.9816102982,80.2333908081,50654,50664,10
12.9817199707,80.2331466675,50664,50674,10
12.9819602966,80.2325592041,50674,50684,10
12.9819898605,80.2319107056,50684,50701,17
12.9818601608,80.2311172485,50701,50713,12
12.9815301895,80.2304000854,50713,50723,10
12.981089592,80.2296905518,50723,50733,10
12.9808998108,80.2293930054,50733,50743,10
12.9807195663,80.2291107178,50743,50753,10
12.9806404114,80.2289505005,50753,50763,10
12.9806003571,80.2288665771,50763,50773,10
12.9803800583,80.2284698486,50773,50783,10
12.9801597595,80.2280273438,50783,50793,10
12.9799804688,80.2277526855,50793,50803,10
12.9796800613,80.2272567749,50803,50814,11
12.9792604446,80.2265701294,50814,50824,10
12.9788999557,80.2259902954,50824,50834,10
12.9785604477,80.2253875732,50834,50844,10
12.9781999588,80.2248077393,50844,50854,10
12.9779596329,80.2245025635,50854,50864,10
12.9777803421,80.2242431641,50864,50874,10
12.977640152,80.2240066528,50874,50884,10
12.9773197174,80.2234420776,50884,50894,10
12.9769802094,80.2228393555,50894,50904,10
12.9772396088,80.2226715088,50904,50914,10
12.9772701263,80.2226715088,50914,50925,11
12.977519989,80.2225570679,50925,50935,10
12.9774799347,80.2220077515,50935,50945,10
12.9774599075,80.2213363647,50945,50955,10
12.9775695801,80.2211914063,50955,50965,10
12.97797966,80.221206665,50965,50975,10
12.9785203934,80.2211608887,50975,50985,10
12.9791402817,80.2211227417,50985,50995,10
12.9797801971,80.2210693359,50995,51005,10
12.9804496765,80.2209777832,51005,51015,10
12.9810400009,80.2210235596,51015,51026,11
12.9815597534,80.2213134766,51026,51036,10
12.982049942,80.2216110229,51036,51046,10
12.9826202393,80.2218017578,51046,51056,10
12.9828395844,80.2218933105,51056,51066,10
12.9829998016,80.2219467163,51066,51076,10
12.9830904007,80.2220001221,51076,51086,10
12.9832601547,80.2221298218,51086,51096,10
12.983420372,80.2222290039,51096,51106,10
12.9837598801,80.2223968506,51106,51116,10
12.9842500687,80.2227020264,51116,51127,11
12.9847602844,80.2230224609,51127,51137,10
12.9853401184,80.2232437134,51137,51147,10
12.9857797623,80.2229614258,51147,51157,10
12.9863395691,80.2229385376,51157,51167,10
12.9865598679,80.2229614258,51167,51177,10
12.9869003296,80.2230606079,51177,51187,10
12.9872503281,80.2230911255,51187,51197,10
12.9879102707,80.2229919434,51197,51207,10
12.9884996414,80.2225189209,51207,51217,10
12.9889602661,80.2220001221,51217,51227,10
12.9894199371,80.2214431763,51227,51238,11
12.989979744,80.2207183838,51238,51248,10
12.99036026,80.2204437256,51248,51258,10
12.9907398224,80.2201385498,51258,51268,10
12.9913196564,80.2196578979,51268,51278,10
12.9917097092,80.2193908691,51278,51288,10
12.992389679,80.2189178467,51288,51298,10
12.9930400848,80.2184524536,51298,51308,10
12.9935503006,80.2180862427,51308,51318,10
12.9940299988,80.2177581787,51318,51328,10
12.9944400787,80.2174682617,51328,51339,11
12.9949197769,80.2171096802,51339,51349,10
12.9954500198,80.2167892456,51349,51359,10
12.9961700439,80.2165679932,51359,51369,10
12.9967699051,80.2164993286,51369,51379,10
12.9972200394,80.2164001465,51379,51389,10
12.9975099564,80.2161102295,51389,51399,10
12.997759819,80.2159118652,51399,51409,10
12.9983100891,80.215423584,51409,51419,10
12.9989204407,80.2148895264,51419,51429,10
12.9992103577,80.2146530151,51429,51439,10
12.9996404648,80.2142791748,51439,51450,11
13.0001096725,80.2138671875,51450,51460,10
13.0006799698,80.2133407593,51460,51470,10
13.0012798309,80.2129135132,51470,51480,10
13.0018596649,80.2124786377,51480,51490,10
13.002530098,80.2121276855,51490,51500,10
13.0029296875,80.2120666504,51500,51510,10
13.0031499863,80.2120819092,51510,51520,10
13.0034198761,80.212059021,51520,51530,10
13.0036401749,80.2118835449,51530,51540,10
13.0036802292,80.2115020752,51540,51551,11
13.0036296844,80.2106323242,51551,51561,10
13.0035495758,80.2099990845,51561,51571,10
13.0035400391,80.2095413208,51571,51581,10
13.0036096573,80.2091522217,51581,51591,10
13.0037603378,80.2086868286,51591,51601,10
13.0043201447,80.208770752,51601,51611,10
13.0049800873,80.2090606689,51611,51621,10
13.0055103302,80.2092971802,51621,51631,10
13.0056800842,80.2093811035,51631,51641,10
13.005900383,80.2094802856,51641,51651,10
13.006360054,80.2096328735,51651,51672,21
13.006360054,80.2096328735,51672,51682,10
13.0067300797,80.2096786499,51682,51698,16
13.007060051,80.2097473145,51698,51710,12
13.0074596405,80.2098388672,51710,51720,10
13.0078601837,80.2098999023,51720,51728,8
13.0081195831,80.2099304199,51728,51740,12
13.0080499649,80.2093200684,51740,51750,10
13.0079402924,80.2086868286,51750,51761,11
13.0078201294,80.207862854,51761,51771,10
13.0077400208,80.2071914673,51771,51781,10
13.0076398849,80.2063522339,51781,51791,10
13.0075397491,80.2052688599,51791,51801,10
13.007519722,80.204208374,51801,51811,10
13.0074396133,80.2034225464,51811,51821,10
13.0070104599,80.2025222778,51821,51831,10
13.0065698624,80.2031021118,51831,51841,10
13.0071601868,80.2035064697,51841,51851,10
13.0080299377,80.2036972046,51851,51861,10
13.0092201233,80.2036437988,51861,51872,11
13.0106401443,80.2036209106,51872,51882,10
13.0119600296,80.2037734985,51882,51892,10
13.0131597519,80.2040405273,51892,51902,10
13.0136604309,80.2042236328,51902,51912,10
13.0136203766,80.2043914795,51912,51922,10
13.0134601593,80.2049713135,51922,51932,10
13.0132303238,80.2057418823,51932,51942,10
13.0130596161,80.2066879272,51942,51952,10
13.012960434,80.2077026367,51952,51962,10
13.0128898621,80.2082519531,51962,51972,10
13.0129203796,80.2085723877,51972,51983,11
13.0130596161,80.2091827393,51983,51993,10
13.0132398605,80.2098236084,51993,52002,9
13.0131702423,80.2104568481,52002,52013,11
13.0128602982,80.2112503052,52013,52023,10
13.0122499466,80.2122573853,52023,52033,10
13.011879921,80.2127609253,52033,52043,10
13.0114803314,80.2125473022,52043,52053,10
13.0107498169,80.2120513916,52053,52063,10
13.0101499557,80.2115707397,52063,52074,11
13.0097799301,80.2113189697,52074,52415,341
13.0097799301,80.2113189697,52415,52424,9
13.0095796585,80.2111663818,52424,52738,314
13.0095796585,80.2111663818,52738,52748,10
13.0092802048,80.2111816406,52748,52758,10
13.009180069,80.2113265991,52758,52768,10
13.0090799332,80.2114486694,52768,52778,10
13.0090398788,80.2117233276,52778,52788,10
13.0092096329,80.2123031616,52788,52798,10
13.009469986,80.2130432129,52798,52809,11
13.0098400116,80.2139205933,52809,52819,10
13.0101299286,80.2147369385,52819,52829,10
13.0102500916,80.2156066895,52829,52839,10
13.0106096268,80.216506958,52839,52849,10
13.0110502243,80.2174377441,52849,52859,10
13.0114603043,80.2185134888,52859,52869,10
13.0118999481,80.2197799683,52869,52879,10
13.0122699738,80.2209396362,52879,52895,16
13.0126800537,80.2219924927,52895,52907,12
13.0131998062,80.2224273682,52907,52918,11
13.0137901306,80.22315979,52918,52926,8
13.0142297745,80.2236709595,52926,52938,12
13.0149097443,80.2244873047,52938,52948,10
13.01541996,80.2252120972,52948,52968,20
13.01541996,80.2252120972,52968,52978,10
13.0154104233,80.2256164551,52978,52987,9
13.0149297714,80.2259674072,52987,52997,10
13.014169693,80.2262573242,52997,53008,11
13.013130188,80.2266769409,53008,53019,11
13.0120201111,80.2271499634,53019,53029,10
13.0108995438,80.2276000977,53029,53039,10
13.0098896027,80.2279510498,53039,53049,10
13.009519577,80.2275466919,53049,53059,10
13.0098199844,80.226890564,53059,53069,10
13.0101900101,80.2260437012,53069,53079,10
13.0104999542,80.2252578735,53079,53089,10
13.0105495453,80.225151062,53089,53099,10
13.01060009,80.2250518799,53099,53109,10
13.0107803345,80.2246704102,53109,53119,10
13.0110797882,80.2240371704,53119,53130,11
13.0112800598,80.2232666016,53130,53139,9
13.0108499527,80.2229995728,53139,53150,11
13.010430336,80.2228088379,53150,53160,10
13.0103397369,80.2227630615,53160,53170,10
13.0099201202,80.2225036621,53170,53180,10
13.0092096329,80.2221069336,53180,53190,10
13.0083303452,80.2216186523,53190,53200,10
13.0072898865,80.2210769653,53200,53210,10
13.0062799454,80.2206192017,53210,53220,10
13.0050897598,80.2203826904,53220,53231,11
13.0043201447,80.220199585,53231,53241,10
13.0036296844,80.2200393677,53241,53251,10
13.002699852,80.2197113037,53251,53261,10
13.0018596649,80.2189178467,53261,53271,10
13.0010700226,80.21824646,53271,53281,10
13.0002002716,80.2176971436,53281,53291,10
12.999329567,80.2171707153,53291,53301,10
12.9984197617,80.2167434692,53301,53311,10
12.9975996017,80.2165374756,53311,53321,10
12.997420311,80.2165222168,53321,53332,11
12.9971904755,80.2165222168,53332,53342,10
12.9966697693,80.2165679932,53342,53352,10
12.995929718,80.2166671753,53352,53362,10
12.9951896667,80.2169418335,53362,53372,10
12.9947500229,80.2172393799,53372,53382,10
12.9942398071,80.2176437378,53382,53392,10
12.9936599731,80.2180099487,53392,53402,10
12.9932203293,80.2182998657,53402,53412,10
12.9927301407,80.2186279297,53412,53422,10
12.9920196533,80.2191772461,53422,53432,10
12.9911403656,80.2198028564,53432,53443,11
12.9907503128,80.2201309204,53443,53453,10
12.9906597137,80.220199585,53453,53463,10
12.9902296066,80.2205276489,53463,53473,10
12.9895801544,80.2211685181,53473,53483,10
12.9888801575,80.2220611572,53483,53493,10
12.9881095886,80.2228088379,53493,53503,10
12.9875802994,80.2230987549,53503,53519,16
12.9872198105,80.2231063843,53519,53531,12
12.9865999222,80.2229995728,53531,53539,8
12.9861803055,80.2229919434,53539,53552,13
12.9854097366,80.2233200073,53552,53562,10
12.9846801758,80.2230682373,53562,53572,10
12.9839496613,80.2226409912,53572,53582,10
12.9832401276,80.2221603394,53582,53602,20
12.9832401276,80.2221603394,53602,53612,10
12.9829397202,80.2220001221,53612,53622,10
12.9823999405,80.2218475342,53622,53632,10
12.9817199707,80.2214126587,53632,53642,10
12.980890274,80.2210769653,53642,53653,11
12.9798402786,80.2211380005,53653,53671,18
12.9782304764,80.2211990356,53671,53683,12
12.9775695801,80.2212295532,53683,53693,10
12.9771003723,80.2212677002,53693,53701,8
12.9764499664,80.221282959,53701,53744,43
12.9764499664,80.221282959,53744,53755,11
12.9761695862,80.221206665,53755,53765,10
12.9762201309,80.2216796875,53765,53805,40
12.9762201309,80.2216796875,53805,53815,10
12.9764404297,80.2220611572,53815,53825,10
12.9767799377,80.222618103,53825,53835,10
12.9772396088,80.2233810425,53835,53845,10
12.9777898788,80.2242507935,53845,53855,10
12.9781198502,80.2247467041,53855,53866,11
12.9785003662,80.2253417969,53866,53876,10
12.9786901474,80.2256622314,53876,53886,10
12.9790401459,80.2262878418,53886,53896,10
12.9795198441,80.2270965576,53896,53906,10
12.980099678,80.2280502319,53906,53916,10
12.9807195663,80.2291107178,53916,53926,10
12.9813604355,80.2300872803,53926,53936,10
12.9816598892,80.2305374146,53936,53946,10
12.9816598892,80.2305908203,53946,53956,10
12.9818201065,80.2309188843,53956,53967,11
12.9819803238,80.2316665649,53967,53977,10
12.982000351,80.2322387695,53977,53987,10
12.9819002151,80.2328109741,53987,53997,10
12.9816398621,80.2334213257,53997,54007,10
12.9815998077,80.2335205078,54007,54017,10
12.9814796448,80.2337417603,54017,54027,10
12.9812202454,80.2343978882,54027,54037,10
12.9812002182,80.2353210449,54037,54047,10
12.9812402725,80.2363815308,54047,54057,10
12.9812803268,80.2375869751,54057,54068,11
12.9813203812,80.2386398315,54068,54078,10
12.9813098907,80.2387084961,54078,54088,10
12.9813203812,80.2391967773,54088,54098,10
12.9813404083,80.2400588989,54098,54108,10
12.9813499451,80.2410125732,54108,54118,10
12.9813499451,80.2421798706,54118,54128,10
12.9813604355,80.2427597046,54128,54138,10
12.9813604355,80.242767334,54138,54148,10
12.9813604355,80.2430877686,54148,54158,10
12.9813098907,80.2437820435,54158,54168,10
12.9811601639,80.2447509766,54168,54179,11
12.9809999466,80.2460784912,54179,54189,10
12.9808702469,80.2474212646,54189,54199,10
12.9807596207,80.248840332,54199,54209,10
12.9805698395,80.25025177,54209,54219,10
12.9802103043,80.2515792847,54219,54229,10
12.980050087,80.2522277832,54229,54239,10
12.979929924,80.252532959,54239,54249,10
12.9798297882,80.2527618408,54249,54259,10
12.979180336,80.2527236938,54259,54269,10
12.9785900116,80.2526016235,54269,54280,11
12.9784803391,80.2525482178,54280,54290,10
12.9779996872,80.2521820068,54290,54300,10
12.9772500992,80.2515563965,54300,54310,10
12.9760904312,80.2511672974,54310,54320,10
12.9747896194,80.2507705688,54320,54330,10
12.9734601974,80.2504119873,54330,54340,10
12.9725999832,80.250213623,54340,54350,10
12.9725103378,80.2501831055,54350,54360,10
12.9720001221,80.2500228882,54360,54370,10
12.9711999893,80.2498016357,54370,54380,10
12.9701499939,80.2494812012,54380,54391,11
12.9689598083,80.2490005493,54391,54401,10
12.9679203033,80.248588562,54401,54411,10
12.9671297073,80.2482376099,54411,54421,10
12.9661998749,80.2478027344,54421,54431,10
12.9652395248,80.2474594116,54431,54441,10
12.9650497437,80.2473907471,54441,54451,10
12.964679718,80.2472381592,54451,54461,10
12.9639501572,80.246963501,54461,54471,10
12.9633598328,80.2467269897,54471,54481,10
12.963060379,80.2465896606,54481,54492,11
12.9624996185,80.2462768555,54492,54502,10
12.9617004395,80.245880127,54502,54512,10
12.9606399536,80.2453765869,54512,54522,10
12.9596796036,80.2449493408,54522,54532,10
12.9593601227,80.2448196411,54532,54542,10
12.9590997696,80.244682312,54542,54551,9
12.9584999084,80.2444076538,54551,54562,11
12.9577102661,80.2441101074,54562,54572,10
12.956609726,80.2437515259,54572,54603,31
12.956609726,80.2437515259,54603,54613,10
12.9565000534,80.2437286377,54613,54653,40
12.9565000534,80.2437286377,54653,54663,10
12.956199646,80.243637085,54663,54673,10
12.9555797577,80.2433166504,54673,54683,10
12.9547901154,80.2429428101,54683,54693,10
12.9538202286,80.2425231934,54693,54704,11
12.9525203705,80.2419662476,54704,54714,10
12.9516296387,80.2416915894,54714,54724,10
12.9515399933,80.2416381836,54724,54734,10
12.9510297775,80.2414474487,54734,54744,10
12.9501600266,80.2411804199,54744,54754,10
12.9493598938,80.2409362793,54754,54764,10
12.948679924,80.2406768799,54764,54774,10
12.9477596283,80.2402572632,54774,54784,10
12.9471702576,80.2400283813,54784,54794,10
12.9469099045,80.2399520874,54794,54805,11
12.9465503693,80.2397994995,54805,54815,10
12.9458198547,80.2394790649,54815,54825,10
12.9449796677,80.2389373779,54825,54835,10
12.9441604614,80.2380523682,54835,54845,10
12.9433097839,80.237121582,54845,54855,10
12.9422101974,80.2364501953,54855,54865,10
12.9401597977,80.2359390259,54865,54885,20
12.9401597977,80.2359390259,54885,54895,10
12.9398899078,80.2358169556,54895,54905,10
12.9393701553,80.2356109619,54905,54916,11
12.9384403229,80.2351379395,54916,54926,10
12.9373397827,80.2345962524,54926,54936,10
12.9362001419,80.234046936,54936,54946,10
12.9351196289,80.2335586548,54946,54956,10
12.9339399338,80.2330322266,54956,54976,20
12.9339399338,80.2330322266,54976,54986,10
12.9338302612,80.2329864502,54986,54996,10
12.9334802628,80.2328262329,54996,55006,10
12.9327297211,80.2325134277,55006,55017,11
12.9316101074,80.2321166992,55017,55027,10
12.9303598404,80.2317428589,55027,55037,10
12.9292497635,80.2314300537,55037,55047,10
12.9284095764,80.2312774658,55047,55057,10
12.927359581,80.2311401367,55057,55067,10
12.9260702133,80.2309875488,55067,55077,10
12.9246997833,80.2308578491,55077,55087,10
12.9233598709,80.2306976318,55087,55097,10
12.9221897125,80.230506897,55097,55107,10
12.9212198257,80.2303619385,55107,55117,10
12.9202203751,80.2302398682,55117,55128,11
12.9188899994,80.2300567627,55128,55138,10
12.9175395966,80.2298812866,55138,55148,10
12.9160804749,80.2296905518,55148,55158,10
12.9145898819,80.2294769287,55158,55174,16
12.9134101868,80.229347229,55174,55186,12
12.9129800797,80.2292709351,55186,55194,8
12.9124002457,80.2291717529,55194,55205,11
12.9112997055,80.2289962769,55205,55216,11
12.9099197388,80.2287902832,55216,55226,10
12.9085302353,80.2285614014,55226,55237,11
12.9069900513,80.2284011841,55237,55257,20
12.9069900513,80.2284011841,55257,55266,9
12.9069299698,80.2284469604,55266,55277,11
12.9062995911,80.2283630371,55277,55286,9
12.9054899216,80.2283172607,55286,55297,11
12.9043197632,80.2282409668,55297,55307,10
12.9028396606,80.2281417847,55307,55317,10
12.9016103745,80.2280883789,55317,55327,10
12.901140213,80.2280578613,55327,55439,112
12.901140213,80.2280578613,55439,55449,10
12.9009599686,80.2280502319,55449,55459,10
12.9002895355,80.2279891968,55459,55469,10
12.8993701935,80.2279434204,55469,55489,20
12.8993701935,80.2279434204,55489,55499,10
12.8990402222,80.227897644,55499,55509,10
12.8983602524,80.2278594971,55509,55519,10
12.8973903656,80.2277984619,55519,55529,10
12.8961801529,80.2277297974,55529,55539,10
12.8949298859,80.2276916504,55539,55550,11
12.8936195374,80.2276077271,55550,55560,10
12.8933095932,80.2275695801,55560,55570,10
12.8928804398,80.2275009155,55570,55580,10
12.8920402527,80.2274169922,55580,55590,10
12.8909702301,80.2274017334,55590,55600,10
12.8896903992,80.2274017334,55600,55610,10
12.8885402679,80.2274017334,55610,55620,10
12.8884000778,80.2273864746,55620,55630,10
12.8880596161,80.2273712158,55630,55640,10
12.8872804642,80.2272567749,55640,55651,11
12.8861398697,80.2270126343,55651,55661,10
12.8851995468,80.2267990112,55661,55671,10
12.8850803375,80.2267837524,55671,55681,10
12.8849201202,80.2267379761,55681,55691,10
12.8843297958,80.2267303467,55691,55701,10
12.8833799362,80.2267379761,55701,55711,10
12.8821601868,80.2267608643,55711,55721,10
12.8807897568,80.2267608643,55721,55731,10
12.8794803619,80.2267608643,55731,55741,10
12.8782196045,80.2268218994,55741,55752,11
12.8770399094,80.2269363403,55752,55762,10
12.8764400482,80.2268981934,55762,55772,10
12.8764095306,80.2268371582,55772,55782,10
12.8763904572,80.2265777588,55782,55792,10
12.8763999939,80.2264709473,55792,55802,10
12.8764801025,80.2258682251,55802,55812,10
12.8765802383,80.224899292,55812,55822,10
12.8767700195,80.2236709595,55822,55832,10
12.8770799637,80.2222900391,55832,55842,10
12.8774204254,80.2208328247,55842,55853,11
12.8777799606,80.2192993164,55853,55863,10
12.878080368,80.2179336548,55863,55873,10
12.878370285,80.2164535522,55873,55883,10
12.8787002563,80.2149581909,55883,55893,10
12.8789796829,80.2134628296,55893,55903,10
12.8792600632,80.2119598389,55903,55913,10
12.8793497086,80.2110214233,55913,55923,10
12.8789300919,80.2108917236,55923,55933,10
12.8788700104,80.2108917236,55933,55943,10
12.8783397675,80.2108001709,55943,55953,10
12.8774595261,80.2106323242,55953,55964,11
12.8762197495,80.2104110718,55964,55974,10
12.8745098114,80.2100982666,55974,55994,20
12.8745098114,80.2100982666,55994,56004,10
12.8745002747,80.2100982666,56004,56014,10
12.8743600845,80.2098388672,56014,56024,10
12.8747196198,80.2095870972,56024,56034,10
12.8746595383,80.2099761963,56034,56206,172
12.8746595383,80.2099761963,56206,56215,9
12.874830246,80.2102279663,56215,56226,11
12.8752403259,80.2102813721,56226,56236,10
12.8758897781,80.2103881836,56236,56246,10
12.8766002655,80.2105102539,56246,56256,10
12.8774204254,80.210647583,56256,56266,10
12.8783102036,80.2108306885,56266,56277,11
12.8792104721,80.2109832764,56277,56297,20
12.8792104721,80.2109832764,56297,56307,10
12.8792800903,80.2109985352,56307,56317,10
12.8794803619,80.2112503052,56317,56327,10
12.8793697357,80.2118530273,56327,56337,10
12.8792104721,80.212677002,56337,56347,10
12.8790197372,80.2136917114,56347,56357,10
12.8788204193,80.2147598267,56357,56367,10
12.8785896301,80.2158584595,56367,56377,10
12.8783502579,80.2170181274,56377,56388,11
12.8780899048,80.2183532715,56388,56398,10
12.8778095245,80.2195968628,56398,56408,10
12.8775196075,80.2208633423,56408,56418,10
12.8772201538,80.2221679688,56418,56428,10
12.8769102097,80.2234802246,56428,56438,10
12.8766803741,80.2248001099,56438,56448,10
12.8765497208,80.2259979248,56448,56458,10
12.8764696121,80.2268981934,56458,56509,51
12.8764696121,80.2268981934,56509,56519,10
12.8765897751,80.2269821167,56519,56529,10
12.8770399094,80.2268981934,56529,56539,10
12.8778800964,80.2268218994,56539,56549,10
12.8789396286,80.2267379761,56549,56559,10
12.8802099228,80.2266769409,56559,56569,10
12.8814697266,80.2266769409,56569,56579,10
12.8827495575,80.2266769409,56579,56589,10
12.8839902878,80.2266464233,56589,56600,11
12.8850603104,80.2266082764,56600,56610,10
12.8851804733,80.2266311646,56610,56620,10
12.8854999542,80.2266769409,56620,56630,10
12.8862304688,80.2268676758,56630,56640,10
12.8872003555,80.2271118164,56640,56650,10
12.888420105,80.2272491455,56650,56660,10
12.8898000717,80.2272720337,56660,56670,10
12.8912401199,80.2272796631,56670,56680,10
12.8927001953,80.2273406982,56680,56690,10
12.8940200806,80.2274780273,56690,56701,11
12.8942499161,80.2275009155,56701,56711,10
12.8945198059,80.2275238037,56711,56721,10
12.8952503204,80.2275466919,56721,56731,10
12.8962402344,80.2276077271,56731,56741,10
12.8974599838,80.2276763916,56741,56751,10
12.8986701965,80.2277374268,56751,56761,10
12.8997898102,80.2277908325,56761,56771,10
12.9007101059,80.2277984619,56771,56791,20
12.9007101059,80.2277984619,56791,56802,11
12.9007797241,80.2278213501,56802,56812,10
12.9012002945,80.2278823853,56812,56822,10
12.9018802643,80.2279205322,56822,56832,10
12.9026203156,80.2279434204,56832,56842,10
12.9026899338,80.2279510498,56842,56852,10
12.9028301239,80.2279586792,56852,56862,10
12.903459549,80.2279891968,56862,56872,10
12.9043197632,80.2280502319,56872,56882,10
12.9054098129,80.2281112671,56882,56892,10
12.906370163,80.2281417847,56892,56902,10
12.9064798355,80.2281494141,56902,56913,11
12.9067401886,80.2281723022,56913,56923,10
12.9069299698,80.2282028198,56923,56933,10
12.9072904587,80.2282485962,56933,56943,10
12.9080600739,80.2283477783,56943,56953,10
12.9090900421,80.2285308838,56953,56963,10
12.9103097916,80.228729248,56963,56973,10
12.9116401672,80.2289276123,56973,56983,10
12.9129896164,80.2291183472,56983,56993,10
12.9139604568,80.2292480469,56993,57014,21
12.9139604568,80.2292480469,57014,57024,10
12.9143800735,80.2293167114,57024,57034,10
12.9151601791,80.2294387817,57034,57044,10
12.9161996841,80.2295837402,57044,57054,10
12.9173898697,80.2297592163,57054,57064,10
12.9184799194,80.2299118042,57064,57074,10
12.9192199707,80.2299804688,57074,57084,10
12.9192800522,80.2299804688,57084,57094,10
12.9195404053,80.2300186157,57094,57104,10
12.9202003479,80.2301101685,57104,57115,11
12.9212198257,80.2302322388,57115,57125,10
12.9223604202,80.2304077148,57125,57135,10
12.9236602783,80.2305984497,57135,57145,10
12.9250297546,80.2307662964,57145,57155,10
12.9261598587,80.2308883667,57155,57165,10
12.9263000488,80.2309036255,57165,57175,10
12.9263896942,80.2309112549,57175,57185,10
12.9269199371,80.2309799194,57185,57195,10
12.9277000427,80.2310791016,57195,57205,10
12.9285497665,80.2311935425,57205,57215,10
12.9295196533,80.2313995361,57215,57226,11
12.9308004379,80.2317428589,57226,57236,10
12.9320602417,80.2321624756,57236,57246,10
12.9332199097,80.2325592041,57246,57256,10
12.9335298538,80.2326889038,57256,57266,10
12.9336500168,80.2327575684,57266,57276,10
12.9341802597,80.2330093384,57276,57286,10
12.9350004196,80.2333679199,57286,57296,10
12.9358997345,80.2338027954,57296,57306,10
12.9369001389,80.2342910767,57306,57316,10
12.9380702972,80.2348480225,57316,57327,11
12.9392299652,80.2353973389,57327,57337,10
12.9396800995,80.2356185913,57337,57346,9
12.9397096634,80.2356414795,57346,57357,11
12.9400997162,80.235786438,57357,57367,10
12.9409799576,80.2360305786,57367,57377,10
12.9420204163,80.236289978,57377,57387,10
12.9431400299,80.2368164063,57387,57396,9
12.9440002441,80.2376785278,57396,57407,11
12.9450397491,80.2388381958,57407,57416,9
12.9461202621,80.2395324707,57416,57428,12
12.9472398758,80.2399597168,57428,57438,10
12.9472703934,80.2399673462,57438,57448,10
12.9474201202,80.2400436401,57448,57458,10
12.9479799271,80.240272522,57458,57468,10
12.9485797882,80.2404937744,57468,57488,20
12.9485797882,80.2404937744,57488,57498,10
12.9487199783,80.2405319214,57498,57508,10
12.9492397308,80.2407684326,57508,57518,10
12.9500198364,80.2410430908,57518,57528,10
12.9508695602,80.2412796021,57528,57539,11
12.9510002136,80.241317749,57539,57549,10
12.9513301849,80.2414627075,57549,57559,10
12.9520196915,80.2417221069,57559,57569,10
12.9528999329,80.2420501709,57569,57579,10
12.9539699554,80.2424926758,57579,57589,10
12.9548397064,80.2428512573,57589,57599,10
12.9555702209,80.2431411743,57599,57609,10
12.9562301636,80.2434082031,57609,57640,31
12.9562301636,80.2434082031,57640,57650,10
12.9565200806,80.2435073853,57650,57660,10
12.9570999146,80.2437286377,57660,57670,10
12.9579601288,80.2440490723,57670,57680,10
12.9588003159,80.2443771362,57680,57690,10
12.9588499069,80.2444076538,57690,57700,10
12.9589700699,80.2444915771,57700,57710,10
12.9594697952,80.2447433472,57710,57720,10
12.9602499008,80.2451019287,57720,57730,10
12.9612102509,80.2455368042,57730,57740,10
12.9623003006,80.2460632324,57740,57751,11
12.9631500244,80.2464675903,57751,57781,30
12.9631500244,80.2464675903,57781,57791,10
12.9632501602,80.2465896606,57791,57801,10
12.9636602402,80.2467803955,57801,57811,10
12.9643001556,80.2470397949,57811,57821,10
12.9649496078,80.2472763062,57821,57831,10
12.9658403397,80.2475814819,57831,57841,10
12.9668998718,80.2480163574,57841,57862,21
12.9668998718,80.2480163574,57862,57872,10
12.9671297073,80.2481613159,57872,57882,10
12.9677295685,80.2483978271,57882,57892,10
12.968580246,80.2487564087,57892,57902,10
12.9696102142,80.2491836548,57902,57912,10
12.9708003998,80.2496414185,57912,57922,10
12.9721002579,80.2499923706,57922,57932,10
12.9734296799,80.250328064,57932,57942,10
12.9743099213,80.2505111694,57942,57953,11
12.974360466,80.2505264282,57953,57963,10
12.9747800827,80.2506790161,57963,57973,10
12.975520134,80.2509002686,57973,57983,10
12.9764003754,80.2511367798,57983,57993,10
12.9772996902,80.2514801025,57993,58003,10
12.9781799316,80.2521820068,58003,58013,10
12.9799203873,80.2524795532,58013,58033,20
12.9799203873,80.2524795532,58033,58043,10
12.9799604416,80.2523498535,58043,58053,10
12.9799699783,80.2522735596,58053,58064,11
12.9800701141,80.2518081665,58064,58074,10
12.9802904129,80.251121521,58074,58084,10
12.9805603027,80.2501983643,58084,58100,16
12.9807901382,80.2482833862,58100,58112,12
12.980919838,80.2466430664,58112,58122,10
12.9810495377,80.2454833984,58122,58132,10
12.9811601639,80.2442169189,58132,58142,10
12.981180191,80.2440032959,58142,58152,10
12.9812002182,80.2437973022,58152,58162,10
12.9813203812,80.2435302734,58162,58173,11
12.9813203812,80.243019104,58173,58183,10
12.9813299179,80.2428970337,58183,58193,10
12.9813203812,80.2428817749,58193,58203,10
12.9813499451,80.2425231934,58203,58213,10
12.9813404083,80.2419815063,58213,58223,10
12.9813299179,80.2411422729,58223,58233,10
12.9813203812,80.2401275635,58233,58243,10
12.981300354,80.2392730713,58243,58253,10
12.9812698364,80.2383575439,58253,58263,10
12.9812602997,80.2379837036,58263,58274,11
12.9812498093,80.237953186,58274,58284,10
12.9812402725,80.2375183105,58284,58294,10
12.9812202454,80.2367706299,58294,58304,10
12.9812002182,80.2358016968,58304,58314,10
12.9811697006,80.2347793579,58314,58324,10
12.9813203812,80.2339782715,58324,58334,10
12.9815998077,80.2334136963,58334,58354,20
12.9815998077,80.2334136963,58354,58364,10
12.9817495346,80.2331085205,58364,58375,11
12.9819602966,80.2325515747,58375,58385,10
12.9819698334,80.2321014404,58385,58395,10
12.9819402695,80.231552124,58395,58405,10
12.9818401337,80.2311325073,58405,58414,9
12.9816799164,80.2307662964,58414,58425,11
12.9813404083,80.2302017212,58425,58435,10
12.9809598923,80.2295913696,58435,58445,10
12.9807701111,80.2292633057,58445,58455,10
12.9806404114,80.2291030884,58455,58465,10
12.9806003571,80.2290420532,58465,58476,11
12.9805002213,80.2288665771,58476,58485,9
12.9802799225,80.2284622192,58485,58496,11
12.9800701141,80.2280502319,58496,58506,10
12.9797201157,80.2274932861,58506,58516,10
12.9793796539,80.2269363403,58516,58526,10
12.9790697098,80.2264099121,58526,58536,10
12.9786701202,80.2257537842,58536,58546,10
12.978269577,80.2250823975,58546,58556,10
12.9778604507,80.2245101929,58556,58566,10
12.9777097702,80.224281311,58566,58576,10
12.977640152,80.2241592407,58576,58587,11
12.9773197174,80.2236175537,58587,58597,10
12.9769496918,80.2230072021,58597,58607,10
12.9771900177,80.2227325439,58607,58637,30
12.9771900177,80.2227325439,58637,58647,10
12.9774799347,80.2226715088,58647,58657,10
12.977519989,80.2222213745,58657,58667,10
12.9774799347,80.221496582,58667,58677,10
12.977640152,80.2212677002,58677,58688,11
12.9783096313,80.2212600708,58688,58698,10
12.979180336,80.2211914063,58698,58708,10
12.9801397324,80.2211074829,58708,58718,10
12.981010437,80.2210693359,58718,58728,10
12.9816904068,80.2214279175,58728,58738,10
12.982339859,80.2218093872,58738,58748,10
12.9829797745,80.2220077515,58748,58758,10
12.9829902649,80.2220077515,58758,58768,10
12.98320961,80.2221298218,58768,58778,10
12.9834098816,80.2222976685,58778,58789,11
12.9836101532,80.2224197388,58789,58799,10
12.9841098785,80.2227325439,58799,58809,10
12.9848203659,80.22315979,58809,58819,10
12.9854898453,80.2232666016,58819,58829,10
12.9860601425,80.2230224609,58829,58839,10
12.9865102768,80.2229995728,58839,58849,10
12.9865598679,80.2229919434,58849,58859,10
12.9867696762,80.2229995728,58859,58869,10
12.9871397018,80.2230529785,58869,58879,10
12.9877996445,80.2230224609,58879,58889,10
12.9883699417,80.2226104736,58889,58900,11
12.9889202118,80.222076416,58900,58910,10
12.9893798828,80.221496582,58910,58920,10
12.9898996353,80.2209014893,58920,58930,10
12.9903697968,80.2204666138,58930,58940,10
12.9904603958,80.2203903198,58940,58956,16
12.99077034,80.220123291,58956,58968,12
12.9914503098,80.2195968628,58968,58976,8
12.9919996262,80.2192001343,58976,58988,12
12.9928998947,80.2185592651,58988,58998,10
12.9938201904,80.2179031372,58998,59009,11
12.9946403503,80.2173080444,59009,59019,10
12.9953203201,80.2168579102,59019,59029,10
12.996049881,80.2166290283,59029,59039,10
12.9966497421,80.2165222168,59039,59049,10
12.9972801208,80.2163467407,59049,59059,10
12.9974803925,80.2161483765,59059,59069,10
12.9975204468,80.2161102295,59069,59079,10
12.997759819,80.2158966064,59079,59089,10
12.998290062,80.2154693604,59089,59099,10
12.9989595413,80.2149124146,59099,59110,11
12.9993200302,80.2145996094,59110,59120,10
12.9998197556,80.2141723633,59120,59130,10
13.0003900528,80.2136611938,59130,59140,10
13.0010795593,80.2130813599,59140,59150,10
13.0017795563,80.2125396729,59150,59160,10
13.0022201538,80.212272644,59160,59170,10
13.0028095245,80.2121200562,59170,59180,10
13.0033197403,80.2120513916,59180,59190,10
13.0034999847,80.212020874,59190,59200,10
13.0036497116,80.2118988037,59200,59211,11
13.003660202,80.2113723755,59211,59221,10
13.0036001205,80.2107086182,59221,59231,10
13.0035104752,80.2099380493,59231,59241,10
13.0035896301,80.2090606689,59241,59251,10
13.0041599274,80.2086868286,59251,59261,10
13.0050802231,80.2091217041,59261,59271,10
13.0058803558,80.2094421387,59271,59281,10
13.0067501068,80.2097167969,59281,59301,20
13.0067501068,80.2097167969,59301,59312,11
13.006939888,80.209777832,59312,59322,10
13.0075998306,80.2098999023,59322,59332,10
13.0081996918,80.2099227905,59332,59342,10
13.0080404282,80.2091598511,59342,59352,10
13.0078697205,80.2081069946,59352,59362,10
13.0076999664,80.2070999146,59362,59372,10
13.0075597763,80.2061767578,59372,59382,10
13.0074901581,80.2051010132,59382,59392,10
13.0074596405,80.2040176392,59392,59402,10
13.0073003769,80.2030334473,59402,59412,10
13.0067596436,80.2025299072,59412,59423,11
13.0066003799,80.2031784058,59423,59433,10
13.0071201324,80.2035064697,59433,59443,10
13.0079698563,80.2037124634,59443,59453,10
13.0091400146,80.203666687,59453,59463,10
13.0103797913,80.2036437988,59463,59473,10
13.0117197037,80.2037734985,59473,59483,10
13.0129699707,80.2040405273,59483,59493,10
13.0136604309,80.2043533325,59493,59503,10
13.0136699677,80.2046203613,59503,59513,10
13.0136299133,80.2046585083,59513,59524,11
13.0134496689,80.2051925659,59524,59534,10
13.0131702423,80.2060623169,59534,59544,10
13.0130300522,80.2071609497,59544,59554,10
13.0129404068,80.2077865601,59554,59564,10
13.0128898621,80.2083435059,59564,59574,10
13.0129003525,80.2086410522,59574,59584,10
13.0130195618,80.2092514038,59584,59594,10
13.0132198334,80.2097015381,59594,59604,10
13.0131797791,80.2102966309,59604,59614,10
13.0129804611,80.2111206055,59614,59624,10
13.0126304626,80.2117996216,59624,59635,11
13.0122003555,80.2124710083,59635,59645,10
13.0119495392,80.2127838135,59645,59655,10
13.0116996765,80.2127914429,59655,59665,10
13.011179924,80.2124023438,59665,59675,10
13.0106201172,80.2119903564,59675,59685,10
13.0101604462,80.2116394043,59685,59705,20
13.0101604462,80.2116394043,59705,59715,10
13.0101003647,80.2115936279,59715,59725,10
13.0098800659,80.2114181519,59725,60483,758
13.0095596313,80.2112197876,60483,60765,282
13.0095596313,80.2112197876,60765,60775,10
13.0092401505,80.2111816406,60775,60786,11
13.009059906,80.21144104,60786,60806,20
13.009059906,80.21144104,60806,60816,10
13.0090703964,80.2118301392,60816,60826,10
13.0092601776,80.2123565674,60826,60836,10
13.0094995499,80.2130584717,60836,60846,10
13.0097999573,80.2138366699,60846,60856,10
13.0101203918,80.2146224976,60856,60866,10
13.0102396011,80.2154464722,60866,60876,10
13.0104999542,80.2162475586,60876,60887,11
13.0109195709,80.2171325684,60887,60897,10
13.0112800598,80.2179412842,60897,60907,10
13.011590004,80.218788147,60907,60917,10
13.0119400024,80.2198410034,60917,60927,10
13.012260437,80.2208175659,60927,60937,10
13.0123701096,80.2213592529,60937,60947,10
13.0126800537,80.2218780518,60947,60957,10
13.0132102966,80.2225418091,60957,60967,10
13.0137395859,80.2231674194,60967,60983,16
13.0142803192,80.2238693237,60983,60996,13
13.0148296356,80.2245330811,60996,61006,10
13.0152797699,80.2250213623,61006,61025,19
13.0152797699,80.2250213623,61025,61036,11
13.0153999329,80.2251968384,61036,61046,10
13.0154399872,80.2256774902,61046,61055,9
13.0150995255,80.2259674072,61055,61066,11
13.0142097473,80.2262802124,61066,61076,10
13.0133199692,80.2266311646,61076,61086,10
13.0122900009,80.2270202637,61086,61097,11
13.011059761,80.2275238037,61097,61107,10
13.0099401474,80.2279510498,61107,61117,10
13.0095100403,80.2275924683,61117,61127,10
13.0098304749,80.2269134521,61127,61137,10
13.0101995468,80.2260513306,61137,61147,10
13.0105199814,80.2252807617,61147,61157,10
13.0108003616,80.2245407104,61157,61167,10
13.0111103058,80.2238006592,61167,61177,10
13.0112495422,80.2232437134,61177,61187,10
13.0107097626,80.2229385376,61187,61198,11
13.0103397369,80.2227630615,61198,61208,10
13.0102996826,80.2227096558,61208,61218,10
13.0098896027,80.2224807739,61218,61228,10
13.0092201233,80.2220993042,61228,61238,10
13.0083904266,80.2216491699,61238,61248,10
13.0074396133,80.2211380005,61248,61258,10
13.0064201355,80.2206573486,61258,61268,10
13.0053701401,80.2204284668,61268,61278,10
13.0046300888,80.2202529907,61278,61287,9
13.0044803619,80.2202224731,61287,61298,11
13.0040397644,80.2201080322,61298,61309,11
13.0032300949,80.2199172974,61309,61319,10
13.002409935,80.2194900513,61319,61329,10
13.0017995834,80.2188415527,61329,61339,10
13.0011501312,80.2183303833,61339,61349,10
13.000579834,80.2179412842,61349,61359,10
12.9999704361,80.2175369263,61359,61369,10
12.9991903305,80.2171020508,61369,61379,10
12.9983797073,80.2166976929,61379,61389,10
12.9975204468,80.2165298462,61389,61415,26
12.9975204468,80.2165298462,61415,61428,13
12.9972400665,80.2165298462,61428,61438,10
12.9967603683,80.2165374756,61438,61448,10
12.9958600998,80.2167205811,61448,61458,10
12.9955501556,80.2168121338,61458,61466,8
12.9953403473,80.2169036865,61466,61478,12
12.9949398041,80.2171707153,61478,61488,10
12.9943504333,80.2175827026,61488,61498,10
12.9939603806,80.2178573608,61498,61508,10
12.9933700562,80.2182769775,61508,61519,11
12.9927101135,80.2187728882,61519,61528,9
12.9921197891,80.2192077637,61528,61539,11
12.9914302826,80.2197113037,61539,61549,10
12.9909696579,80.2200393677,61549,61559,10
12.9908599854,80.220123291,61559,61569,10
12.9908103943,80.220161438,61569,61579,10
12.990530014,80.2203826904,61579,61589,10
12.9900197983,80.2207870483,61589,61599,10
12.9894800186,80.2214508057,61599,61609,10
12.9889202118,80.2221374512,61609,61620,11
12.9881496429,80.2228775024,61620,61630,10
12.9876298904,80.2231292725,61630,61650,20
12.9876298904,80.2231292725,61650,61660,10
12.9875297546,80.2231369019,61660,61670,10
12.9871997833,80.2230987549,61670,61680,10
12.9870996475,80.2230987549,61680,61690,10
12.9868202209,80.2230300903,61690,61700,10
12.9865503311,80.2229995728,61700,61721,21
12.9865503311,80.2229995728,61721,61731,10
12.9863700867,80.2229995728,61731,61741,10
12.9858598709,80.2230300903,61741,61751,10
12.9854898453,80.2233123779,61751,61761,10
12.9851398468,80.2232818604,61761,61771,10
12.9845600128,80.2230224609,61771,61781,10
12.9839401245,80.2226409912,61781,61791,10
12.9835596085,80.2224197388,61791,61801,10
12.9832000732,80.2221679688,61801,61821,20
12.9832000732,80.2221679688,61821,61832,11
12.9830503464,80.2220535278,61832,61842,10
12.9827003479,80.2218933105,61842,61852,10
12.9826698303,80.2218780518,61852,61862,10
12.9825496674,80.2218399048,61862,61872,10
12.9821300507,80.2216796875,61872,61882,10
12.9815196991,80.2212600708,61882,61892,10
12.9810400009,80.221031189,61892,61902,10
12.980629921,80.2210235596,61902,61912,10
12.9799098969,80.2210922241,61912,61922,10
12.9790201187,80.2211608887,61922,61933,11
12.9781198502,80.2212219238,61933,61943,10
12.9776096344,80.2212295532,61943,61953,10
12.9767503738,80.2212600708,61953,61963,10
12.9762201309,80.2213134766,61963,61973,10
12.9764003754,80.2218399048,61973,62003,30
12.9764003754,80.2218399048,62003,62013,10
12.9764099121,80.2219161987,62013,62023,10
12.9766197205,80.2223129272,62023,62033,10
12.976940155,80.2228012085,62033,62044,11
12.9771900177,80.2231826782,62044,62054,10
12.9776000977,80.2238616943,62054,62070,16
12.9784002304,80.2251586914,62070,62082,12
12.9790201187,80.2261581421,62082,62092,10
12.9794197083,80.2268295288,62092,62101,9
12.9796495438,80.2272186279,62101,62112,11
12.9801301956,80.2279968262,62112,62122,10
12.9805698395,80.2287597656,62122,62132,10
12.9809799194,80.2294616699,62132,62143,11
12.9816799164,80.2305221558,62143,62162,19
12.9816799164,80.2305221558,62162,62173,11
12.9817800522,80.2306976318,62173,62183,10
12.9820203781,80.2313537598,62183,62193,10
12.9820604324,80.232093811,62193,62203,10
12.9820604324,80.2324066162,62203,62213,10
12.982000351,80.2327880859,62213,62223,10
12.9817399979,80.2333602905,62223,62233,10
12.9816503525,80.233543396,62233,62243,10
12.9816102982,80.2335968018,62243,62254,11
12.9813404083,80.2341537476,62254,62264,10
12.9812202454,80.2350082397,62264,62274,10
12.9812602997,80.236076355,62274,62284,10
12.9812803268,80.237197876,62284,62294,10
12.9813203812,80.2379302979,62294,62304,10
12.9813404083,80.2384414673,62304,62314,10
12.9813404083,80.2386322021,62314,62324,10
12.9813404083,80.2388000488,62324,62334,10
12.9813499451,80.2391586304,62334,62344,10
12.9813699722,80.2397689819,62344,62355,11
12.9813899994,80.2406311035,62355,62365,10
12.9813995361,80.2415008545,62365,62375,10
12.9813995361,80.2421417236,62375,62385,10
12.9814195633,80.2426376343,62385,62405,20
12.9814195633,80.2426376343,62405,62415,10
12.9814100266,80.2428131104,62415,62425,10
12.9814195633,80.243270874,62425,62435,10
12.9813804626,80.2437210083,62435,62445,10
12.9812698364,80.2444992065,62445,62456,11
12.9811401367,80.2455596924,62456,62466,10
12.981010437,80.2466888428,62466,62476,10
12.9809103012,80.2478637695,62476,62486,10
12.980799675,80.2490463257,62486,62496,10
12.9806203842,80.2501907349,62496,62506,10
12.9803304672,80.2512893677,62506,62516,10
12.980099678,80.252166748,62516,62526,10
12.9799604416,80.2526321411,62526,62587,61
12.9799604416,80.2526321411,62587,62597,10
12.9799203873,80.2527236938,62597,62607,10
12.9796495438,80.2528381348,62607,62623,16
12.978679657,80.2526931763,62623,62635,12
12.9785995483,80.2526397705,62635,62643,8
12.9782896042,80.2524490356,62643,62655,12
12.9775104523,80.2517623901,62655,62666,11
12.976360321,80.2512435913,62666,62673,7
12.9754695892,80.2509613037,62673,62687,14
12.9737701416,80.25050354,62687,62697,10
12.9727296829,80.2502593994,62697,62707,10
12.9725799561,80.2502212524,62707,62717,10
12.972240448,80.2501220703,62717,62727,10
12.9715003967,80.2499237061,62727,62737,10
12.9705200195,80.2496337891,62737,62747,10
12.9693403244,80.2491836548,62747,62757,10
12.9680900574,80.2486724854,62757,62781,24
12.9666900635,80.2480316162,62781,62793,12
12.9661397934,80.2477798462,62793,62803,10
12.9651498795,80.247428894,62803,62823,20
12.9651498795,80.247428894,62823,62832,9
12.9648599625,80.2473373413,62832,62843,11
12.9640398026,80.2470397949,62843,62853,10
12.9632501602,80.246673584,62853,62863,10
12.962269783,80.2461624146,62863,62874,11
12.9611597061,80.2456130981,62874,62884,10
12.9603204727,80.2452316284,62884,62894,10
12.9596004486,80.2449417114,62894,62904,10
12.9593601227,80.2448425293,62904,62913,9
12.9591999054,80.244758606,62913,62924,11
12.9585399628,80.2444610596,62924,62934,10
12.9577102661,80.2441177368,62934,62944,10
12.9570102692,80.2439117432,62944,62953,9
12.9567403793,80.2438583374,62953,62985,32
12.9566001892,80.243812561,62985,63015,30
12.9566001892,80.243812561,63015,63025,10
12.956489563,80.2437667847,63025,63035,10
12.9563798904,80.2437286377,63035,63045,10
12.9562997818,80.2436981201,63045,63055,10
12.955909729,80.2434997559,63055,63065,10
12.9552097321,80.2431106567,63065,63075,10
12.9543399811,80.2427215576,63075,63086,11
12.9535198212,80.2423706055,63086,63096,10
12.9526195526,80.2420196533,63096,63106,10
12.9519195557,80.2417831421,63106,63116,10
12.951880455,80.2417602539,63116,63126,10
12.9515600204,80.2416534424,63126,63136,10
12.9508304596,80.2414016724,63136,63146,10
12.949930191,80.2411270142,63146,63156,10
12.9494104385,80.2409667969,63156,63166,10
12.9488697052,80.2407836914,63166,63176,10
12.9480895996,80.2404403687,63176,63186,10
12.9474201202,80.2401733398,63186,63197,11
12.9474000931,80.2401580811,63197,63207,10
12.9471302032,80.2400436401,63207,63217,10
12.9467201233,80.2398529053,63217,63227,10
12.9460000992,80.2395401001,63227,63237,10
12.945110321,80.2390518188,63237,63247,10
12.9442396164,80.2381591797,63247,63257,10
12.9433898926,80.2372894287,63257,63267,10
12.9432296753,80.2371063232,63267,63277,10
12.9429798126,80.2368774414,63277,63287,10
12.94231987,80.2365188599,63287,63298,11
12.9412002563,80.2361984253,63298,63308,10
12.9401397705,80.2359085083,63308,63318,10
12.9390201569,80.2354278564,63318,63328,10
12.9378004074,80.2348098755,63328,63338,10
12.9364995956,80.2341766357,63338,63347,9
12.9353504181,80.2336425781,63347,63358,11
12.9341697693,80.2331390381,63358,63368,10
12.933839798,80.233001709,63368,63378,10
12.9337100983,80.2329177856,63378,63388,10
12.9331102371,80.2326583862,63388,63398,10
12.9322004318,80.2323226929,63398,63409,11
12.9309597015,80.2318878174,63409,63419,10
12.9296703339,80.231552124,63419,63429,10
12.9286403656,80.231338501,63429,63439,10
12.9274301529,80.2311401367,63439,63449,10
12.9263095856,80.2310409546,63449,63459,10
12.9260702133,80.2310180664,63459,63469,10
12.9257202148,80.2309799194,63469,63479,10
12.9249801636,80.2308883667,63479,63489,10
12.9239797592,80.2307662964,63489,63500,11
12.9225997925,80.2305603027,63500,63510,10
12.9211902618,80.2303466797,63510,63520,10
12.9198102951,80.2301864624,63520,63530,10
12.9191198349,80.2301101685,63530,63540,10
12.9189100266,80.2300796509,63540,63550,10
12.9182195663,80.2299880981,63550,63560,10
12.9172096252,80.229850769,63560,63570,10
12.9159603119,80.2296829224,63570,63580,10
12.9146003723,80.2294921875,63580,63590,10
12.9136104584,80.2293701172,63590,63600,10
12.9135303497,80.2293624878,63600,63611,11
12.9131298065,80.229309082,63611,63621,10
12.9123802185,80.2291870117,63621,63631,10
12.9116096497,80.229057312,63631,63641,10
12.9107999802,80.2289428711,63641,63651,10
12.9097204208,80.228767395,63651,63661,10
12.9084396362,80.2285690308,63661,63671,10
12.9071502686,80.2283935547,63671,63712,41
12.9071502686,80.2283935547,63712,63722,10
12.9069595337,80.2283401489,63722,63738,16
12.9057598114,80.2282485962,63738,63750,12
12.9044399261,80.2282028198,63750,63760,10
12.9031400681,80.2281036377,63760,63770,10
12.9020500183,80.2280502319,63770,63780,10
12.9012098312,80.2280502319,63780,63840,60
12.9012098312,80.2280502319,63840,63851,11
12.9011497498,80.2281036377,63851,63861,10
12.9007501602,80.2280578613,63861,63871,10
12.9000902176,80.228012085,63871,63881,10
12.899479866,80.2279815674,63881,63901,20
12.899479866,80.2279815674,63901,63911,10
12.8993196487,80.2279510498,63911,63932,21
12.8993196487,80.2279510498,63932,63942,10
12.8989200592,80.2279205322,63942,63952,10
12.8982095718,80.2278671265,63952,63962,10
12.8972597122,80.2278137207,63962,63972,10
12.896109581,80.2277603149,63972,63982,10
12.8948698044,80.2276992798,63982,63992,10
12.8932600021,80.2275924683,63992,64012,20
12.8932600021,80.2275924683,64012,64023,11
12.892950058,80.2275390625,64023,64033,10
12.8926496506,80.2274932861,64033,64043,10
12.892539978,80.2274780273,64043,64053,10
12.8920001984,80.2274398804,64053,64063,10
12.8911399841,80.2274169922,64063,64073,10
12.8900604248,80.2274169922,64073,64083,10
12.8889303207,80.2274169922,64083,64093,10
12.8885297775,80.2274169922,64093,64103,10
12.8884000778,80.2274093628,64103,64113,10
12.8878202438,80.2273635864,64113,64123,10
12.8869400024,80.2272186279,64123,64134,11
12.885720253,80.2269210815,64134,64144,10
12.8849201202,80.2267837524,64144,64154,10
12.8848495483,80.2267837524,64154,64164,10
12.8846197128,80.2267608643,64164,64174,10
12.8839502335,80.2267608643,64174,64184,10
12.8829603195,80.2267608643,64184,64194,10
12.8817396164,80.2267684937,64194,64204,10
12.8803701401,80.2267837524,64204,64214,10
12.8789100647,80.2268066406,64214,64224,10
12.8774404526,80.2269134521,64224,64235,11
12.8765802383,80.2269897461,64235,64245,10
12.8764095306,80.226852417,64245,64295,50
12.8764095306,80.226852417,64295,64311,16
12.8764896393,80.2260131836,64311,64323,12
12.8765897751,80.2249832153,64323,64331,8
12.8767004013,80.2241287231,64331,64344,13
12.8770704269,80.2224884033,64344,64354,10
12.8773803711,80.2211990356,64354,64364,10
12.8776798248,80.219871521,64364,64374,10
12.8779602051,80.2186279297,64374,64384,10
12.8782501221,80.2172164917,64384,64393,9
12.8785200119,80.2159118652,64393,64404,11
12.8788499832,80.2143783569,64404,64414,10
12.879119873,80.2129516602,64414,64424,10
12.879360199,80.2116394043,64424,64433,9
12.8791904449,80.2109832764,64433,64455,22
12.8791904449,80.2109832764,64455,64465,10
12.8790502548,80.2109985352,64465,64475,10
12.8784999847,80.2108764648,64475,64485,10
12.8776903152,80.2107086182,64485,64495,10
12.876999855,80.2105865479,64495,64505,10
12.8758497238,80.210357666,64505,64515,10
12.8746595383,80.2101516724,64515,64535,20
12.8746595383,80.2101516724,64535,64546,11
12.8746099472,80.2101364136,64546,64556,10
12.8744897842,80.2101135254,64556,64566,10
12.874420166,80.2097091675,64566,64576,10
12.8747501373,80.2096786499,64576,64586,10
12.8746700287,80.2100219727,64586,65353,767
12.8746700287,80.2100219727,65353,65363,10
12.874710083,80.2101821899,65363,65374,11
12.8749198914,80.2102203369,65374,65384,10
12.8750400543,80.2102432251,65384,65394,10
12.8752202988,80.2102813721,65394,65404,10
12.8757600784,80.2104034424,65404,65414,10
12.8764295578,80.2105178833,65414,65424,10
12.8771600723,80.2106628418,65424,65434,10
12.8778400421,80.2107925415,65434,65444,10
12.8786802292,80.2109375,65444,65454,10
12.8791999817,80.2110366821,65454,65464,10
12.8792896271,80.2110671997,65464,65474,10
12.8793401718,80.2110900879,65474,65485,11
12.8794698715,80.2115020752,65485,65495,10
12.8793201447,80.2121887207,65495,65505,10
12.8791704178,80.2130203247,65505,65515,10
12.8789796829,80.2139816284,65515,65525,10
12.878780365,80.215057373,65525,65535,10
12.8785200119,80.216217041,65535,65545,10
12.878279686,80.2174682617,65545,65555,10
12.8780002594,80.2187805176,65555,65565,10
12.877699852,80.2201385498,65565,65575,10
12.8773698807,80.2215270996,65575,65586,11
12.876999855,80.2230911255,65586,65596,10
12.8767204285,80.2244873047,65596,65606,10
12.8765802383,80.2258605957,65606,65616,10
12.8764801025,80.2269210815,65616,65656,40
12.8764801025,80.2269210815,65656,65666,10
12.8766899109,80.2269592285,65666,65676,10
12.8772497177,80.2269210815,65676,65687,11
12.8782501221,80.2268371582,65687,65697,10
12.879360199,80.2267684937,65697,65707,10
12.8806600571,80.2267532349,65707,65717,10
12.8820400238,80.2267303467,65717,65727,10
12.8833799362,80.2267227173,65727,65737,10
12.8843603134,80.2266998291,65737,65747,10
12.8847198486,80.2266921997,65747,65757,10
12.8850002289,80.2266769409,65757,65767,10
12.8850498199,80.2266769409,65767,65777,10
12.8851203918,80.2266998291,65777,65788,11
12.8852300644,80.2267303467,65788,65798,10
12.8857803345,80.226852417,65798,65808,10
12.886639595,80.2270812988,65808,65818,10
12.887720108,80.2272720337,65818,65828,10
12.8885402679,80.2273101807,65828,65838,10
12.8886995316,80.2273178101,65838,65848,10
12.8893003464,80.2273330688,65848,65858,10
12.8901901245,80.2273330688,65858,65868,10
12.8912401199,80.2273406982,65868,65878,10
12.8922195435,80.2273483276,65878,65888,10
12.8932199478,80.2274475098,65888,65899,11
12.8940200806,80.2275314331,65899,65909,10
12.8940296173,80.2275390625,65909,65919,10
12.8943996429,80.2275772095,65919,65929,10
12.8951301575,80.2276229858,65929,65939,10
12.8961200714,80.2276611328,65939,65949,10
12.8972997665,80.227722168,65949,65959,10
12.8985004425,80.2277908325,65959,65969,10
12.8995199203,80.2278671265,65969,65979,10
12.9000501633,80.2278594971,65979,66000,21
12.9001502991,80.2278594971,66000,66097,97
12.9001502991,80.2278594971,66097,66109,12
12.9003095627,80.2279129028,66109,66119,10
12.9006204605,80.2279281616,66119,66129,10
12.9010095596,80.2279510498,66129,66139,10
12.9014501572,80.2279663086,66139,66148,9
12.9020700455,80.2279815674,66148,66159,11
12.9027204514,80.2280197144,66159,66169,10
12.9027500153,80.2280197144,66169,66179,10
12.9027795792,80.2280197144,66179,66189,10
12.9029502869,80.228012085,66189,66199,10
12.9032201767,80.228012085,66199,66210,11
12.9035902023,80.2280578613,66210,66220,10
12.9043197632,80.2281112671,66220,66230,10
12.9053001404,80.2281570435,66230,66240,10
12.9062204361,80.2282180786,66240,66250,10
12.9066896439,80.2282409668,66250,66260,10
12.9067497253,80.2282409668,66260,66270,10
12.9068698883,80.2282562256,66270,66280,10
12.9071798325,80.228302002,66280,66290,10
12.9078798294,80.2284088135,66290,66300,10
12.9088497162,80.2285766602,66300,66311,11
12.9101104736,80.2287979126,66311,66321,10
12.9113502502,80.2289886475,66321,66331,10
12.9124898911,80.2291412354,66331,66341,10
12.9131698608,80.2292175293,66341,66351,10
12.9133300781,80.2292404175,66351,66361,10
12.9133701324,80.2292480469,66361,66371,10
12.9136896133,80.2292785645,66371,66381,10
12.9137096405,80.2292785645,66381,66391,10
12.9137601852,80.2293014526,66391,66401,10
12.9139204025,80.2293167114,66401,66412,11
12.9139604568,80.2293167114,66412,66422,10
12.9143695831,80.2293701172,66422,66432,10
12.9150495529,80.2294769287,66432,66442,10
12.9159297943,80.2296066284,66442,66452,10
12.9169397354,80.2297515869,66452,66462,10
12.9179401398,80.229888916,66462,66472,10
12.9191904068,80.2300491333,66472,66492,20
12.9191904068,80.2300491333,66492,66502,10
12.9195604324,80.2301101685,66502,66512,10
12.9201498032,80.230178833,66512,66523,11
12.920999527,80.2302932739,66523,66533,10
12.9219198227,80.2304229736,66533,66543,10
12.9228496552,80.2305603027,66543,66553,10
12.9237604141,80.2306900024,66553,66563,10
12.9247503281,80.2308120728,66563,66573,10
12.9257602692,80.2309188843,66573,66589,16
12.9263496399,80.2309799194,66589,66601,12
12.9265804291,80.231010437,66601,66609,8
12.9270200729,80.2310714722,66609,66621,12
12.9279603958,80.2311782837,66621,66631,10
12.9286203384,80.231262207,66631,66645,14
12.9293203354,80.2313995361,66645,66655,10
12.929980278,80.231552124,66655,66665,10
12.9308300018,80.2317810059,66665,66675,10
12.931810379,80.2321014404,66675,66685,10
12.9327802658,80.232421875,66685,66695,10
12.9336004257,80.2327575684,66695,66715,20
12.9336004257,80.2327575684,66715,66741,26
12.9346504211,80.2332611084,66741,66753,12
12.9352197647,80.2334976196,66753,66773,20
12.9352197647,80.2334976196,66773,66782,9
12.9354295731,80.2335891724,66782,66793,11
12.9358997345,80.2338104248,66793,66803,10
12.9365196228,80.2341003418,66803,66813,10
12.9372797012,80.2344818115,66813,66823,10
12.9381303787,80.23487854,66823,66834,11
12.9389600754,80.2352905273,66834,66844,10
12.9393796921,80.2354888916,66844,66854,10
12.9394798279,80.2355499268,66854,66864,10
12.9395799637,80.2356109619,66864,66874,10
12.9400396347,80.2358093262,66874,66884,10
12.9406995773,80.2360076904,66884,66894,10
12.9416503906,80.2362518311,66894,66904,10
12.9425802231,80.2365264893,66904,66914,10
12.9433202744,80.2369918823,66914,66924,10
12.9436397552,80.2372970581,66924,66935,11
12.9440803528,80.23777771,66935,66945,10
12.9446802139,80.2384414673,66945,66955,10
12.9453401566,80.2391204834,66955,66965,10
12.9460897446,80.2395401001,66965,66975,10
12.9467697144,80.2397994995,66975,66985,10
12.9470300674,80.2398986816,66985,66995,10
12.9470701218,80.2399215698,66995,67005,10
12.9471702576,80.2399673462,67005,67015,10
12.9473800659,80.2400588989,67015,67025,10
12.9479503632,80.2402877808,67025,67036,11
12.9483995438,80.2404632568,67036,67136,100
12.9483995438,80.2404632568,67136,67147,11
12.9487199783,80.240562439,67147,67157,10
12.9491996765,80.2407608032,67157,67167,10
12.9495401382,80.2409133911,67167,67177,10
12.9501399994,80.2410888672,67177,67187,10
12.9508304596,80.2413024902,67187,67207,20
12.9508304596,80.2413024902,67207,67217,10
12.9511499405,80.2414398193,67217,67227,10
12.9516096115,80.2416000366,67227,67237,10
12.9521799088,80.2418136597,67237,67248,11
12.9531002045,80.2421569824,67248,67258,10
12.9538202286,80.2424621582,67258,67268,10
12.9545001984,80.2427368164,67268,67278,10
12.9552402496,80.2430267334,67278,67294,16
12.9563102722,80.2434234619,67294,67306,12
12.9563598633,80.2434387207,67306,67316,10
12.9565496445,80.2435073853,67316,67326,10
12.9571399689,80.2437667847,67326,67336,10
12.9580602646,80.244140625,67336,67346,10
12.9587898254,80.244430542,67346,67356,10
12.958820343,80.2444381714,67356,67367,11
12.9589796066,80.2445220947,67367,67377,10
12.9594497681,80.244758606,67377,67387,10
12.9603099823,80.2451477051,67387,67397,10
12.9612102509,80.2455673218,67397,67406,9
12.9621696472,80.2460479736,67406,67417,11
12.9632301331,80.2465667725,67417,67427,10
12.9638795853,80.2468719482,67427,67437,10
12.9645500183,80.2471313477,67437,67447,10
12.9652299881,80.2473831177,67447,67458,11
12.9666204453,80.2478713989,67458,67498,40
12.9666204453,80.2478713989,67498,67508,10
12.9667901993,80.2479782104,67508,67518,10
12.9672498703,80.2482070923,67518,67528,10
12.9679498672,80.2484970093,67528,67538,10
12.9687595367,80.2488327026,67538,67548,10
12.9696502686,80.2491836548,67548,67559,11
12.9705896378,80.2495422363,67559,67569,10
12.9714899063,80.2498092651,67569,67579,10
12.972410202,80.2500610352,67579,67589,10
12.9733295441,80.2503204346,67589,67599,10
12.9743900299,80.250579834,67599,67619,20
12.9743900299,80.250579834,67619,67629,10
12.9744501114,80.250579834,67629,67639,10
12.9748802185,80.2507019043,67639,67649,10
12.975569725,80.2509078979,67649,67660,11
12.9764995575,80.2511901855,67660,67670,10
12.977399826,80.2515563965,67670,67680,10
12.9781303406,80.2521362305,67680,67690,10
12.9785604477,80.2524032593,67690,67760,70
12.9785604477,80.2524032593,67760,67771,11
12.9785995483,80.252456665,67771,67781,10
12.9787797928,80.2525405884,67781,67791,10
12.9790697098,80.2526168823,67791,67861,70
12.9790697098,80.2526168823,67861,67872,11
12.9791698456,80.2526168823,67872,67882,10
12.979470253,80.2526168823,67882,67892,10
12.9798803329,80.2525405884,67892,67902,10
12.9799604416,80.252166748,67902,67912,10
12.9799699783,80.2521514893,67912,67922,10
12.9800100327,80.2519302368,67922,67932,10
12.9801797867,80.2514724731,67932,67942,10
12.980389595,80.2507705688,67942,67952,10
12.9805898666,80.2499084473,67952,67962,10
12.9807195663,80.248916626,67962,67972,10
12.980799675,80.2478637695,67972,67983,11
12.9808998108,80.2466812134,67983,67993,10
12.9810199738,80.2455825806,67993,68003,10
12.9811401367,80.2444610596,68003,68013,10
12.9812498093,80.2436981201,68013,68043,30
12.9812498093,80.2436981201,68043,68053,10
12.9813203812,80.2434616089,68053,68063,10
12.981300354,80.243019104,68063,68124,61
12.981300354,80.243019104,68124,68134,10
12.9813499451,80.2426300049,68134,68144,10
12.9813499451,80.242401123,68144,68154,10
12.9813203812,80.241897583,68154,68164,10
12.9813203812,80.2413024902,68164,68174,10
12.9813098907,80.2408599854,68174,68185,11
12.981300354,80.2404174805,68185,68195,10
12.981300354,80.2402496338,68195,68205,10
12.981300354,80.2402191162,68205,68215,10
12.981300354,80.2399673462,68215,68225,10
12.981300354,80.2398376465,68225,68235,10
12.981300354,80.239616394,68235,68245,10
12.9812803268,80.2390975952,68245,68255,10
12.9812602997,80.2384262085,68255,68265,10
12.9812402725,80.2379608154,68265,68286,21
12.9812402725,80.2379608154,68286,68296,10
12.9812097549,80.2376480103,68296,68306,10
12.9811897278,80.2370986938,68306,68316,10
12.9811897278,80.236366272,68316,68326,10
12.9811601639,80.2355575562,68326,68336,10
12.9811401367,80.2348632813,68336,68346,10
12.9811897278,80.2343215942,68346,68356,10
12.9815797806,80.2333984375,68356,68376,20
12.9815797806,80.2333984375,68376,68386,10
12.9816398621,80.2333068848,68386,68397,11
12.9818201065,80.2329177856,68397,68407,10
12.9819602966,80.2324829102,68407,68417,10
12.9819803238,80.2323226929,68417,68427,10
12.9819402695,80.232093811,68427,68443,16
12.9819002151,80.2314987183,68443,68455,12
12.9817895889,80.231048584,68455,68463,8
12.9816598892,80.2307510376,68463,68475,12
12.9812803268,80.2301330566,68475,68485,10
12.9809904099,80.2296676636,68485,68495,10
12.9808502197,80.2294387817,68495,68506,11
12.9806995392,80.2292327881,68506,68516,10
12.9805803299,80.2290420532,68516,68546,30
12.9805803299,80.2290420532,68546,68556,10
12.9804496765,80.2288208008,68556,68566,10
12.9802799225,80.228553772,68566,68576,10
12.9801597595,80.2282104492,68576,68586,10
12.9798898697,80.2277603149,68586,68597,11
12.9794797897,80.2270889282,68597,68607,10
12.9790802002,80.2264328003,68607,68617,10
12.9787101746,80.2258224487,68617,68627,10
12.9783201218,80.2251968384,68627,68637,10
12.9780797958,80.2248001099,68637,68647,10
12.9778900146,80.2245864868,68647,68657,10
12.9776697159,80.2242202759,68657,68667,10
12.977399826,80.2237930298,68667,68677,10
12.9771099091,80.2232971191,68677,68687,10
12.9769001007,80.22290802,68687,68697,10
12.9771795273,80.2227401733,68697,68736,39
12.9771795273,80.2227401733,68736,68746,10
12.9772796631,80.2227325439,68746,68755,9
12.9775104523,80.2226409912,68755,68766,11
12.9774999619,80.2222213745,68766,68776,10
12.9774398804,80.2217102051,68776,68786,10
12.9774303436,80.2213287354,68786,68796,10
12.9777603149,80.221282959,68796,68807,11
12.9783496857,80.2212295532,68807,68817,10
12.9790000916,80.2211685181,68817,68827,10
12.9797401428,80.2211227417,68827,68837,10
12.9804496765,80.2210693359,68837,68847,10
12.981089592,80.2210998535,68847,68857,10
12.9816503525,80.2214202881,68857,68867,10
12.9821901321,80.2217788696,68867,68877,10
12.9826498032,80.2219009399,68877,68887,10
12.9829998016,80.222038269,68887,68907,20
12.9829998016,80.222038269,68907,68918,11
12.9831104279,80.2221298218,68918,68928,10
12.9833498001,80.2222824097,68928,68937,9
12.9833803177,80.2223129272,68937,68948,11
12.9834604263,80.2223968506,68948,68958,10
12.9836997986,80.2225570679,68958,68968,10
12.9840803146,80.2227630615,68968,68978,10
12.9845399857,80.2230377197,68978,68988,10
12.9851503372,80.2233428955,68988,68998,10
12.98554039,80.2232589722,68998,69008,10
12.98595047,80.2230682373,69008,69019,11
12.9864301682,80.2230377197,69019,69029,10
12.9864702225,80.2230377197,69029,69039,10
12.986530304,80.2230606079,69039,69049,10
12.986749649,80.2230682373,69049,69059,10
12.9870004654,80.2230987549,69059,69069,10
12.9871501923,80.2231063843,69069,69079,10
12.9874601364,80.2231369019,69079,69089,10
12.9877500534,80.2230987549,69089,69099,10
12.9881801605,80.2228088379,69099,69109,10
12.9884700775,80.2225494385,69109,69120,11
12.9889202118,80.2220611572,69120,69130,10
12.9893398285,80.2215194702,69130,69140,10
12.9903802872,80.220451355,69140,69178,38
12.9903802872,80.220451355,69178,69187,9
12.9906702042,80.2202301025,69187,69198,11
12.991230011,80.2198028564,69198,69208,10
12.9915800095,80.2195205688,69208,69218,10
12.9920797348,80.2191619873,69218,69229,11
12.9928398132,80.2186126709,69229,69239,10
12.9935398102,80.2180862427,69239,69248,9
12.9941196442,80.2176818848,69248,69259,11
12.9946203232,80.2173080444,69259,69269,10
12.9947795868,80.2172012329,69269,69279,10
12.9949302673,80.2171020508,69279,69289,10
12.9953804016,80.2168426514,69289,69299,10
12.9961299896,80.2166290283,69299,69309,10
12.9968795776,80.2165298462,69309,69319,10
12.9975795746,80.2160873413,69319,69340,21
12.9975795746,80.2160873413,69340,69350,10
12.9976902008,80.2160110474,69350,69360,10
12.9979801178,80.2157592773,69360,69370,10
12.9984502792,80.2153396606,69370,69380,10
12.9989795685,80.2148895264,69380,69390,10
12.9991998672,80.2146835327,69390,69400,10
12.99958992,80.2143478394,69400,69409,9
12.9999599457,80.2140274048,69409,69420,11
13.0004701614,80.2135620117,69420,69431,11
13.0009803772,80.2131271362,69431,69441,10
13.0012197495,80.2129516602,69441,69451,10
13.0016403198,80.2126617432,69451,69461,10
13.0021600723,80.2123413086,69461,69471,10
13.0027303696,80.2121582031,69471,69481,10
13.0031995773,80.2121200562,69481,69491,10
13.0036001205,80.2120132446,69491,69511,20
13.0036001205,80.2120132446,69511,69521,10
13.003660202,80.2117767334,69521,69531,10
13.0036401749,80.2112731934,69531,69542,11
13.0035600662,80.2105484009,69542,69552,10
13.003490448,80.2098312378,69552,69562,10
13.0035896301,80.2090835571,69562,69572,10
13.0040102005,80.2086791992,69572,69582,10
13.0047197342,80.2089996338,69582,69592,10
13.0053501129,80.2092971802,69592,69602,10
13.0059204102,80.2095108032,69602,69612,10
13.0061903,80.209602356,69612,69622,10
13.0064897537,80.2097167969,69622,69632,10
13.0071401596,80.2098464966,69632,69683,51
13.0071401596,80.2098464966,69683,69693,10
13.0073699951,80.2099227905,69693,69703,10
13.0076704025,80.2099914551,69703,69713,10
13.0079698563,80.2100372314,69713,69723,10
13.0079803467,80.2100372314,69723,69733,10
13.0080604553,80.2100372314,69733,69744,11
13.0081300735,80.2097167969,69744,69754,10
13.0079803467,80.2089996338,69754,69764,10
13.0078296661,80.2080688477,69764,69774,10
13.0077199936,80.2072525024,69774,69784,10
13.0075798035,80.206413269,69784,69794,10
13.0075101852,80.2053985596,69794,69804,10
13.0075101852,80.2043991089,69804,69814,10
13.007399559,80.2034988403,69814,69824,10
13.0071697235,80.2027130127,69824,69834,10
13.0065202713,80.2028198242,69834,69844,10
13.0067996979,80.2034378052,69844,69855,11
13.0074996948,80.2037277222,69855,69865,10
13.0082597733,80.2038116455,69865,69875,10
13.0093603134,80.2037277222,69875,69885,10
13.0105800629,80.2037124634,69885,69895,10
13.0116300583,80.2037963867,69895,69904,9
13.0122699738,80.203918457,69904,69915,11
13.0125999451,80.2040023804,69915,69925,10
13.0128803253,80.2040634155,69925,69976,51
13.0128803253,80.2040634155,69976,69986,10
13.0136203766,80.2043380737,69986,70087,101
13.0136203766,80.2043380737,70087,70097,10
13.0136203766,80.2045669556,70097,70107,10
13.0135402679,80.2047576904,70107,70117,10
13.0134401321,80.205039978,70117,70127,10
13.0130395889,80.2064666748,70127,70137,10
13.0130395889,80.2064666748,70137,70147,10
13.012960434,80.2072982788,70147,70157,10
13.0128803253,80.2079391479,70157,70168,11
13.0128602982,80.2085418701,70168,70178,10
13.0129098892,80.2089080811,70178,70188,10
13.0130300522,80.209487915,70188,70198,10
13.0131797791,80.2099380493,70198,70210,12
13.0130796432,80.2106628418,70210,70219,9
13.0128803253,80.2112197876,70219,70229,10
13.0125703812,80.211807251,70229,70240,11
13.0122203827,80.212348938,70240,70250,10
13.0119400024,80.2127532959,70250,70260,10
13.0117197037,80.212852478,70260,70271,11
13.0111198425,80.2124176025,70271,70392,121
13.0111198425,80.2124176025,70392,70402,10
13.0106801987,80.2121505737,70402,70483,81
13.0106801987,80.2121505737,70483,70493,10
13.0104198456,80.2118988037,70493,70533,40
13.0104198456,80.2118988037,70533,70543,10
13.010140419,80.2116699219,70543,70563,20
13.010140419,80.2116699219,70563,70573,10
13.0098600388,80.2114562988,70573,70594,21
13.0098600388,80.2114562988,70594,70604,10
13.00963974,80.2113037109,70604,70685,81
13.0094203949,80.2111434937,70685,70806,121
13.0094203949,80.2111434937,70806,70816,10
13.0090904236,80.2113189697,70816,70826,10
13.0089597702,80.2115783691,70826,70836,10
13.0090799332,80.2119979858,70836,70846,10
13.0092601776,80.2125778198,70846,70856,10
13.009469986,80.213142395,70856,70866,10
13.0097198486,80.2137832642,70866,70876,10
13.0100002289,80.2144470215,70876,70887,11
13.0101604462,80.2152786255,70887,70897,10
13.0103502274,80.2160186768,70897,70907,10
13.0107002258,80.2167892456,70907,70917,10
13.0110902786,80.2175979614,70917,70927,10
13.0114603043,80.2185974121,70927,70937,10
13.0118103027,80.2196502686,70937,70947,10
13.0121202469,80.2206420898,70947,70957,10
13.0123195648,80.2213821411,70957,70967,10
13.0123796463,80.2215881348,70967,70977,10
13.0127000809,80.2220001221,70977,70987,10
13.0131902695,80.2226028442,70987,70998,11
13.0138196945,80.2233276367,70998,71008,10
13.0142402649,80.2238464355,71008,71018,10
13.0146503448,80.2243804932,71018,71028,10
13.0151500702,80.224937439,71028,71038,10
13.0153102875,80.225151062,71038,71048,10
13.0153903961,80.225479126,71048,71058,10
13.0149898529,80.2259902954,71058,71078,20
13.0149898529,80.2259902954,71078,71088,10
13.0146198273,80.2261505127,71088,71099,11
13.0139303207,80.2264099121,71099,71109,10
13.0131597519,80.2267074585,71109,71119,10
13.0122804642,80.2270584106,71119,71135,16
13.0108499527,80.2276229858,71135,71147,12
13.0099802017,80.2279586792,71147,71157,10
13.0096101761,80.2280197144,71157,71167,10
13.0094003677,80.2277908325,71167,71177,10
13.0094604492,80.2275924683,71177,71187,10
13.0096197128,80.2272796631,71187,71197,10
13.0097503662,80.2269821167,71197,71208,11
13.0099096298,80.2266387939,71208,71219,11
13.0099897385,80.2264633179,71219,71229,10
13.0101099014,80.2262115479,71229,71269,40
13.0101099014,80.2262115479,71269,71279,10
13.0102701187,80.2258224487,71279,71289,10
13.0104398727,80.2254333496,71289,71299,10
13.0105495453,80.225189209,71299,71310,11
13.0106697083,80.2249221802,71310,71320,10
13.0107097626,80.2247619629,71320,71330,10
13.0108003616,80.2245483398,71330,71340,10
13.0109395981,80.2241287231,71340,71350,10
13.0110797882,80.2237701416,71350,71360,10
13.0111999512,80.2234420776,71360,71370,10
13.0110397339,80.2230987549,71370,71380,10
13.0106401443,80.2228927612,71380,71390,10
13.0103597641,80.2227706909,71390,71400,10
13.010310173,80.2227630615,71400,71411,11
13.0099201202,80.2225494385,71411,71421,10
13.0093202591,80.2222213745,71421,71431,10
13.0085897446,80.2218093872,71431,71441,10
13.007900238,80.2214279175,71441,71450,9
13.0071001053,80.2210083008,71450,71461,11
13.0062799454,80.2206573486,71461,71471,10
13.0052404404,80.2204437256,71471,71481,10
13.0045995712,80.2202987671,71481,71491,10
13.0045604706,80.2202911377,71491,71501,10
13.0043201447,80.2202072144,71501,71511,10
13.003780365,80.2200927734,71511,71522,11
13.0030097961,80.2198867798,71522,71532,10
13.0023097992,80.2194671631,71532,71542,10
13.0018501282,80.2189865112,71542,71552,10
13.0013799667,80.2185516357,71552,71562,10
13.0008497238,80.2181777954,71562,71572,10
13.0004396439,80.2179031372,71572,71582,10
12.9999399185,80.2175827026,71582,71592,10
12.9997301102,80.2174606323,71592,71602,10
12.9992799759,80.2171936035,71602,71612,10
12.9989099503,80.2170333862,71612,71623,11
12.9987096786,80.2169265747,71623,71633,10
12.9985704422,80.2168731689,71633,71643,10
12.9984798431,80.2168197632,71643,71653,10
12.9982995987,80.2167434692,71653,71663,10
12.9981498718,80.2166976929,71663,71693,30
12.9978399277,80.2166366577,71693,71713,20
12.9978399277,80.2166366577,71713,71724,11
12.9977502823,80.2166137695,71724,71734,10
12.9975795746,80.2165985107,71734,71764,30
12.9975795746,80.2165985107,71764,71774,10
12.997300148,80.216583252,71774,71784,10
12.9971199036,80.2165985107,71784,71794,10
12.9969301224,80.2165985107,71794,71804,10
12.996720314,80.2166213989,71804,71814,10
12.996509552,80.2166290283,71814,71824,10
12.9962797165,80.2166671753,71824,71845,21
12.9962797165,80.2166671753,71845,71855,10
12.9960899353,80.2166976929,71855,71865,10
12.9958400726,80.2167434692,71865,71875,10
12.9955997467,80.2168121338,71875,71885,10
12.9954204559,80.2168807983,71885,71895,10
12.9952402115,80.2169723511,71895,71905,10
12.995010376,80.2171096802,71905,71915,10
12.9949302673,80.2171707153,71915,71925,10
12.9947500229,80.2172775269,71925,71936,11
12.9942598343,80.2176437378,71936,71946,10
12.9936599731,80.2180633545,71946,71956,10
12.9929504395,80.2185821533,71956,71966,10
12.9922399521,80.2191009521,71966,71976,10
12.9915800095,80.2195968628,71976,71986,10
12.9907398224,80.2202224731,71986,72006,20
12.9907398224,80.2202224731,72006,72016,10
12.9904298782,80.2204666138,72016,72026,10
12.9899902344,80.2208633423,72026,72037,11
12.9895601273,80.2213134766,72037,72087,50
12.9895601273,80.2213134766,72087,72097,10
12.9893398285,80.2215270996,72097,72107,10
12.9892101288,80.2217330933,72107,72117,10
12.9889202118,80.222076416,72117,72127,10
12.9885797501,80.2224502563,72127,72138,11
12.9878997803,80.2230300903,72138,72158,20
12.9878997803,80.2230300903,72158,72168,10
12.9876203537,80.2231369019,72168,72178,10
12.987449646,80.2231369019,72178,72188,10
12.987279892,80.2231292725,72188,72198,10
12.9871101379,80.2231063843,72198,72208,10
12.9869604111,80.2230911255,72208,72218,10
12.9865903854,80.2230300903,72218,72228,10
12.9859895706,80.2230300903,72228,72238,10
12.9854602814,80.2232818604,72238,72249,11
12.9849100113,80.2232284546,72249,72259,10
12.9844799042,80.2229995728,72259,72269,10
12.9840602875,80.2227401733,72269,72279,10
12.9836797714,80.2225189209,72279,72299,20
12.9836797714,80.2225189209,72299,72309,10
12.983590126,80.2224807739,72309,72319,10
12.9834299088,80.222366333,72319,72329,10
12.9833297729,80.2222976685,72329,72339,10
12.9832401276,80.2222366333,72339,72350,11
12.9832000732,80.2221832275,72350,72360,10
12.9829597473,80.2220535278,72360,72370,10
12.982919693,80.222038269,72370,72380,10
12.9826602936,80.2219161987,72380,72390,10
12.982339859,80.2218322754,72390,72400,10
12.9819297791,80.2216110229,72400,72410,10
12.9815502167,80.221321106,72410,72420,10
12.9811496735,80.2211532593,72420,72430,10
12.9804801941,80.2211380005,72430,72440,10
12.9797801971,80.2211837769,72440,72451,11
12.9787597656,80.2212371826,72451,72461,10
12.9778900146,80.221282959,72461,72471,10
12.977399826,80.2212905884,72471,72481,10
12.9767599106,80.2212982178,72481,72501,20
12.9767599106,80.2212982178,72501,72511,10
12.9766302109,80.2212905884,72511,72521,10
12.9764795303,80.2212982178,72521,72531,10
12.9761695862,80.2213287354,72531,72541,10
12.9763298035,80.2218399048,72541,72562,21
12.9763298035,80.2218399048,72562,72572,10
12.976360321,80.222038269,72572,72582,10
12.9765501022,80.222366333,72582,72592,10
12.9769096375,80.2228927612,72592,72602,10
12.9773397446,80.2235794067,72602,72612,10
12.9777402878,80.2242202759,72612,72622,10
12.9780397415,80.2246398926,72622,72632,10
12.9783201218,80.2251205444,72632,72642,10
12.9785299301,80.2254486084,72642,72652,10
12.9785804749,80.2255172729,72652,72663,11
12.9788503647,80.225982666,72663,72673,10
12.9792404175,80.2266311646,72673,72683,10
12.9796304703,80.2272796631,72683,72693,10
12.9799499512,80.2277908325,72693,72703,10
12.980219841,80.2282409668,72703,72713,10
12.980509758,80.228729248,72713,72723,10
12.9808397293,80.2292785645,72723,72733,10
12.9811601639,80.2298126221,72733,72743,10
12.9815196991,80.2303619385,72743,72753,10
12.9816503525,80.2305297852,72753,72764,11
12.9817399979,80.2306976318,72764,72774,10
12.9819202423,80.2311706543,72774,72784,10
12.9820098877,80.2316589355,72784,72794,10
12.9820203781,80.2320709229,72794,72804,10
12.9820299149,80.2322921753,72804,72814,10
12.9819698334,80.2325973511,72814,72824,10
12.9819402695,80.2326965332,72824,72834,10
12.9819002151,80.2328567505,72834,72844,10
12.9818096161,80.2330780029,72844,72854,10
12.9818000793,80.2331008911,72854,72864,10
12.9817199707,80.2332611084,72864,72875,11
12.981710434,80.233291626,72875,72885,10
12.9816598892,80.2333831787,72885,72895,10
12.9815101624,80.233757019,72895,72905,10
12.981300354,80.2341690063,72905,72915,10
12.9812002182,80.2346572876,72915,72925,10
12.9811897278,80.2353591919,72925,72935,10
12.9812002182,80.2360916138,72935,72945,10
12.9812202454,80.2369003296,72945,72955,10
12.9812498093,80.23777771,72955,72965,10
12.9812698364,80.2382888794,72965,72976,11
12.9812698364,80.2383270264,72976,72986,10
12.9812803268,80.2385406494,72986,73016,30
12.9812803268,80.2385406494,73016,73026,10
12.9812803268,80.2386474609,73026,73036,10
12.981300354,80.239112854,73036,73046,10
12.981300354,80.2395401001,73046,73056,10
12.9813203812,80.2399520874,73056,73066,10
12.9813404083,80.2406082153,73066,73077,11
12.9813404083,80.2415618896,73077,73087,10
12.9813404083,80.2422180176,73087,73097,10
12.9813604355,80.242401123,73097,73107,10
12.9813604355,80.2424621582,73107,73117,10
12.9813699722,80.2426376343,73117,73127,10
12.9813604355,80.2428588867,73127,73143,16
12.9813098907,80.2437591553,73143,73155,12
12.9811601639,80.2448730469,73155,73165,10
12.9810199738,80.2459793091,73165,73175,10
12.9808797836,80.247253418,73175,73186,11
12.9807596207,80.2487411499,73186,73196,10
12.9805898666,80.2500762939,73196,73205,9
12.9803199768,80.2511291504,73205,73216,11
12.9801197052,80.2519073486,73216,73226,10
12.980050087,80.252166748,73226,73235,9
12.9798898697,80.2524795532,73235,73247,12
12.9797801971,80.2527999878,73247,73257,10
12.9793901443,80.2528076172,73257,73266,9
12.9788599014,80.2527389526,73266,73277,11
12.978679657,80.2526779175,73277,73288,11
12.9785003662,80.2525787354,73288,73298,10
12.9779996872,80.2522125244,73298,73308,10
12.9773702621,80.251663208,73308,73318,10
12.9764604568,80.2512969971,73318,73328,10
12.9753599167,80.2509765625,73328,73338,10
12.9741401672,80.2506332397,73338,73348,10
12.9729795456,80.2503204346,73348,73358,10
12.9725399017,80.2502288818,73358,73368,10
12.9724597931,80.2501983643,73368,73378,10
12.9719696045,80.2500610352,73378,73389,11
12.9710798264,80.2498016357,73389,73399,10
12.9700803757,80.2494812012,73399,73409,10
12.9689502716,80.2490234375,73409,73419,10
12.9679803848,80.2486190796,73419,73429,10
12.9674797058,80.2484283447,73429,73439,10
12.9671201706,80.2482833862,73439,73449,10
12.9667196274,80.2480773926,73449,73459,10
12.9661598206,80.2478179932,73459,73469,10
12.965880394,80.2477111816,73469,73479,10
12.9657802582,80.2476577759,73479,73489,10
12.9651699066,80.2474517822,73489,73510,21
12.9651699066,80.2474517822,73510,73520,10
12.9649200439,80.2473602295,73520,73530,10
12.9645395279,80.2472381592,73530,73540,10
12.9643497467,80.247177124,73540,73550,10
12.9639501572,80.2470169067,73550,73590,40
12.9639501572,80.2470169067,73590,73601,11
12.9638395309,80.2469787598,73601,73611,10
12.9635000229,80.2468338013,73611,73621,10
12.9629001617,80.2464981079,73621,73631,10
12.962220192,80.2461471558,73631,73641,10
12.9614601135,80.2457809448,73641,73651,10
12.9605503082,80.2453384399,73651,73661,10
12.9596595764,80.2449569702,73661,73671,10
12.9593696594,80.2448501587,73671,73681,10
12.9593400955,80.2448272705,73681,73691,10
12.9591197968,80.244720459,73691,73702,11
12.9586000443,80.2444763184,73702,73712,10
12.9579801559,80.2442321777,73712,73722,10
12.9573297501,80.2439804077,73722,73732,10
12.9567403793,80.2437820435,73732,73742,10
12.9564800262,80.2436904907,73742,73813,71
12.9564800262,80.2436904907,73813,73823,10
12.9562397003,80.2436599731,73823,73833,10
12.9557800293,80.2434387207,73833,73843,10
12.9551000595,80.2430801392,73843,73853,10
12.9543199539,80.2427368164,73853,73863,10
12.9535598755,80.2424087524,73863,73873,10
12.9526700974,80.2420425415,73873,73883,10
12.9518995285,80.2417984009,73883,73893,10
12.9517202377,80.2417373657,73893,73903,10
12.9516601563,80.2417221069,73903,73914,11
12.9511604309,80.2415390015,73914,73924,10
12.9504003525,80.2412796021,73924,73934,10
12.9494400024,80.2409973145,73934,73944,10
12.9484300613,80.2405776978,73944,73954,10
12.9475402832,80.2402420044,73954,73964,10
12.94713974,80.2400817871,73964,73974,10
12.9470996857,80.2400588989,73974,73984,10
12.9469604492,80.239982605,73984,73994,10
12.9464597702,80.2397613525,73994,74004,10
12.9457101822,80.239440918,74004,74015,11
12.944849968,80.2387924194,74015,74025,10
12.9440498352,80.2379379272,74025,74035,10
12.9433803558,80.2372589111,74035,74045,10
12.9432497025,80.2371368408,74045,74055,10
12.9430503845,80.2369537354,74055,74065,10
12.9424695969,80.2365875244,74065,74075,10
12.9416303635,80.2363433838,74075,74085,10
12.9409399033,80.2361602783,74085,74095,10
12.9402799606,80.236000061,74095,74105,10
12.9398002625,80.2358627319,74105,74116,11
12.9397802353,80.2358398438,74116,74126,10
12.9397201538,80.2358169556,74126,74136,10
12.9392795563,80.2356185913,74136,74146,10
12.9385595322,80.2352523804,74146,74156,10
12.9376897812,80.2348175049,74156,74166,10
12.9366703033,80.2343215942,74166,74176,10
12.9356203079,80.233833313,74176,74186,10
12.9345703125,80.2333374023,74186,74196,10
12.9339704514,80.2331008911,74196,74206,10
12.9339504242,80.2330932617,74206,74216,10
12.9338302612,80.233039856,74216,74227,11
12.9333000183,80.2327804565,74227,74237,10
12.9325399399,80.232460022,74237,74247,10
12.9317798615,80.232208252,74247,74257,10
12.9304199219,80.2317581177,74257,74267,10
12.9291801453,80.2314682007,74267,74277,10
12.9278402328,80.2312393188,74277,74287,10
12.9267396927,80.2311172485,74287,74297,10
12.9262304306,80.2310791016,74297,74307,10
12.9262104034,80.2310714722,74307,74317,10
12.9259796143,80.2310409546,74317,74328,11
12.9253101349,80.2309570313,74328,74338,10
12.9244604111,80.2308731079,74338,74348,10
12.9234695435,80.23072052,74348,74358,10
12.9222898483,80.2305374146,74358,74368,10
12.9210300446,80.2303771973,74368,74378,10
12.9199199677,80.2302398682,74378,74388,10
12.9191598892,80.2301712036,74388,74398,10
12.9191198349,80.2301712036,74398,74408,10
12.9188404083,80.2301177979,74408,74418,10
12.9181995392,80.2300415039,74418,74429,11
12.9171895981,80.2298965454,74429,74439,10
12.9160900116,80.2297515869,74439,74449,10
12.9149398804,80.2295913696,74449,74459,10
12.913860321,80.2294311523,74459,74469,10
12.913310051,80.2293930054,74469,74479,10
12.9132995605,80.2293930054,74479,74489,10
12.9131402969,80.2293701172,74489,74499,10
12.9127197266,80.2292861938,74499,74509,10
12.9119701385,80.2291793823,74509,74519,10
12.9110097885,80.2290420532,74519,74530,11
12.9097499847,80.228843689,74530,74540,10
12.9085197449,80.2286224365,74540,74550,10
12.9072904587,80.2284393311,74550,74560,10
12.9064102173,80.2283630371,74560,74570,10
12.9063301086,80.2283630371,74570,74580,10
12.9061803818,80.2283477783,74580,74590,10
12.9054298401,80.2282867432,74590,74600,10
12.9044904709,80.2282333374,74600,74610,10
12.9034004211,80.2281799316,74610,74620,10
12.9026002884,80.2281494141,74620,74630,10
12.902179718,80.2281265259,74630,74641,11
12.9018497467,80.2281112671,74641,74651,10
12.9014701843,80.2281036377,74651,74661,10
12.9011602402,80.2281036377,74661,74671,10
12.9006996155,80.2280502319,74671,74681,10
12.9001903534,80.2280426025,74681,74691,10
12.8994903564,80.2279891968,74691,74727,36
12.8994903564,80.2279891968,74727,74740,13
12.899430275,80.2279815674,74740,74750,10
12.8990297318,80.2279510498,74750,74760,10
12.8983201981,80.227897644,74760,74770,10
12.897480011,80.2278518677,74770,74780,10
12.8966798782,80.2278137207,74780,74790,10
12.8958301544,80.2277832031,74790,74801,11
12.8949804306,80.2277374268,74801,74811,10
12.894109726,80.2276916504,74811,74821,10
12.8933696747,80.2276611328,74821,74831,10
12.8931398392,80.2276306152,74831,74842,11
12.8930101395,80.2276077271,74842,74852,10
12.8924999237,80.2275390625,74852,74862,10
12.8919696808,80.2275009155,74862,74872,10
12.8911600113,80.2274780273,74872,74882,10
12.8901596069,80.2274780273,74882,74892,10
12.8891296387,80.2274780273,74892,74902,10
12.8883895874,80.2274703979,74902,74912,10
12.888299942,80.2274627686,74912,74922,10
12.8881797791,80.2274627686,74922,74932,10
12.8876199722,80.2273864746,74932,74942,10
12.8867797852,80.2272567749,74942,74953,11
12.8856201172,80.2269515991,74953,74963,10
12.8848304749,80.2268295288,74963,74983,20
12.8848304749,80.2268295288,74983,74993,10
12.8845300674,80.2268218994,74993,75003,10
12.8838100433,80.2268218994,75003,75013,10
12.8828296661,80.2268218994,75013,75023,10
12.8816995621,80.2268295288,75023,75033,10
12.8805599213,80.2268295288,75033,75043,10
12.8793802261,80.2268295288,75043,75054,11
12.878080368,80.2268981934,75054,75064,10
12.876999855,80.2269897461,75064,75074,10
12.8764200211,80.2269897461,75074,75084,10
12.8763599396,80.2265777588,75084,75104,20
12.8763599396,80.2265777588,75104,75114,10
12.8763999939,80.2264022827,75114,75130,16
12.8764600754,80.2258300781,75130,75142,12
12.8765602112,80.2248687744,75142,75151,9
12.8766899109,80.2239685059,75151,75163,12
12.8770399094,80.2225036621,75163,75173,10
12.8773498535,80.2211608887,75173,75182,9
12.8776302338,80.2199478149,75182,75193,11
12.8779602051,80.21849823,75193,75203,10
12.8782100677,80.2172775269,75203,75213,10
12.8784599304,80.2160491943,75213,75223,10
12.8787498474,80.2146987915,75223,75233,10
12.8789997101,80.2133789063,75233,75243,10
12.8792104721,80.2122192383,75243,75253,10
12.8792104721,80.2110290527,75253,75274,21
12.8792104721,80.2110290527,75274,75284,10
12.8791303635,80.2110214233,75284,75294,10
12.8787603378,80.2109375,75294,75304,10
12.8782300949,80.2108612061,75304,75313,9
12.8776502609,80.2107467651,75313,75323,10
12.8768997192,80.210609436,75323,75333,10
12.8764095306,80.2105178833,75333,75344,11
12.8757600784,80.2104034424,75344,75354,10
12.8745603561,80.2101821899,75354,75395,41
12.8745603561,80.2101821899,75395,75405,10
12.8743400574,80.2101135254,75405,75415,10
12.874329567,80.2098007202,75415,75425,10
12.8746595383,80.2096633911,75425,75435,10
12.8746595383,80.2100524902,75435,76657,1222
12.8746595383,80.2100524902,76657,76667,10
12.8746700287,80.2102584839,76667,76677,10
12.8749599457,80.2102966309,76677,76687,10
12.8753795624,80.2103729248,76687,76697,10
12.8758296967,80.2104415894,76697,76707,10
12.8762903214,80.2105178833,76707,76718,11
12.8769598007,80.210647583,76718,76728,10
12.8776197433,80.2107772827,76728,76738,10
12.8782901764,80.2108917236,76738,76748,10
12.8790597916,80.2110290527,76748,76766,18
12.8790597916,80.2110290527,76766,76778,12
12.8793697357,80.2111587524,76778,76788,10
12.8793802261,80.2116317749,76788,76798,10
12.8792200089,80.2124328613,76798,76808,10
12.8790302277,80.2134170532,76808,76818,10
12.8788299561,80.2144775391,76818,76829,11
12.8785800934,80.2156829834,76829,76839,10
12.8783502579,80.2167816162,76839,76849,10
12.8781204224,80.217918396,76849,76859,10
12.8778600693,80.2191314697,76859,76869,10
12.8775596619,80.2203903198,76869,76879,10
12.8772602081,80.2216567993,76879,76889,10
12.8769702911,80.2229537964,76889,76899,10
12.8766899109,80.2241973877,76899,76909,10
12.8765296936,80.225479126,76909,76919,10
12.8763799667,80.2267990112,76919,76950,31
12.8763799667,80.2267990112,76950,76960,10
12.8764896393,80.2269973755,76960,76970,10
12.8768901825,80.2269363403,76970,76980,10
12.8776597977,80.2268600464,76980,76990,10
12.8786897659,80.2267837524,76990,77000,10
12.8798999786,80.2267227173,77000,77010,10
12.8811702728,80.2267074585,77010,77020,10
12.8824300766,80.2266921997,77020,77031,11
12.8837604523,80.2266693115,77031,77041,10
12.8847103119,80.2266387939,77041,77051,10
12.8853597641,80.2267303467,77051,77061,10
12.8862600327,80.2269592285,77061,77071,10
12.8873596191,80.2272033691,77071,77081,10
12.8886003494,80.2273330688,77081,77091,10
12.8899097443,80.2273406982,77091,77101,10
12.8912601471,80.2273406982,77101,77111,10
12.8923196793,80.2273406982,77111,77121,10
12.8933601379,80.2274627686,77121,77131,10
12.8944797516,80.2276000977,77131,77141,10
12.8956403732,80.2276382446,77141,77152,11
12.897069931,80.2276916504,77152,77162,10
12.8982896805,80.2277526855,77162,77172,10
12.8993902206,80.2278137207,77172,77182,10
12.9002103806,80.2278213501,77182,77192,10
12.9005403519,80.2278213501,77192,77344,152
12.9005403519,80.2278213501,77344,77354,10
12.9009103775,80.227897644,77354,77364,10
12.9015197754,80.2279586792,77364,77374,10
12.9023399353,80.2279815674,77374,77384,10
12.9025697708,80.2279891968,77384,77394,10
12.9030103683,80.2280197144,77394,77404,10
12.9034204483,80.2280426025,77404,77414,10
12.9035196304,80.2280426025,77414,77475,61
12.9035196304,80.2280426025,77475,77485,10
12.9036102295,80.2280426025,77485,77495,10
12.9041004181,80.2280578613,77495,77515,20
12.9041004181,80.2280578613,77515,77525,10
12.9041595459,80.2280578613,77525,77535,10
12.9045600891,80.2280807495,77535,77545,10
12.904709816,80.2280883789,77545,77606,61
12.904709816,80.2280883789,77606,77616,10
12.9050197601,80.2281036377,77616,77626,10
12.9053001404,80.2281188965,77626,77636,10
12.9055595398,80.2281417847,77636,77646,10
12.90583992,80.2281570435,77646,77657,11
12.9059400558,80.2281570435,77657,77667,10
12.9061002731,80.2281723022,77667,77707,40
12.9061002731,80.2281723022,77707,77717,10
12.9061603546,80.2281723022,77717,77727,10
12.9064998627,80.228187561,77727,77737,10
12.9067497253,80.2282028198,77737,77747,10
12.9069004059,80.2282180786,77747,77758,11
12.9075202942,80.2283096313,77758,77768,10
12.9084396362,80.2284469604,77768,77778,10
12.9096298218,80.2286529541,77778,77788,10
12.9108800888,80.2288589478,77788,77798,10
12.9121103287,80.2290420532,77798,77808,10
12.9131603241,80.2291717529,77808,77818,10
12.9138498306,80.2292709351,77818,77828,10
12.9139604568,80.2292785645,77828,77838,10
12.9144201279,80.229347229,77838,77848,10
12.9152402878,80.2294921875,77848,77858,10
12.9163103104,80.229637146,77858,77869,11
12.9176197052,80.2298202515,77869,77879,10
12.9188699722,80.2299804688,77879,77889,10
12.9192800522,80.2300109863,77889,77899,10
12.9195804596,80.2300491333,77899,77909,10
12.92029953,80.230140686,77909,77919,10
12.9212999344,80.2302703857,77919,77929,10
12.9225196838,80.23046875,77929,77939,10
12.9238796234,80.230682373,77939,77949,10
12.9252996445,80.2308425903,77949,77959,10
12.926659584,80.2310028076,77959,77970,11
12.9281702042,80.2312011719,77970,77980,10
12.9287004471,80.2312698364,77980,77990,10
12.9288196564,80.231300354,77990,78000,10
12.9293403625,80.2313995361,78000,78010,10
12.9301795959,80.2315979004,78010,78020,10
12.9312496185,80.231918335,78020,78030,10
12.9324398041,80.2323074341,78030,78040,10
12.9333600998,80.2326583862,78040,78050,10
12.9335403442,80.2327423096,78050,78060,10
12.9336500168,80.2327880859,78060,78070,10
12.9336795807,80.2328109741,78070,78081,11
12.9341402054,80.2330093384,78081,78091,10
12.9348897934,80.2333526611,78091,78101,10
12.935549736,80.2336502075,78101,78111,10
12.9357795715,80.233757019,78111,78121,10
12.9363698959,80.2340393066,78121,78131,10
12.9372196198,80.2344589233,78131,78140,9
12.9381904602,80.2349319458,78140,78151,11
12.9393701553,80.2355194092,78151,78161,10
12.9396600723,80.2356567383,78161,78171,10
12.9399700165,80.2357788086,78171,78182,11
12.940779686,80.2360076904,78182,78192,10
12.9417800903,80.2362594604,78192,78202,10
12.9429302216,80.2367019653,78202,78212,10
12.943570137,80.2372207642,78212,78222,10
12.9437198639,80.2373886108,78222,78232,10
12.9441900253,80.2378997803,78232,78242,10
12.944849968,80.2386474609,78242,78252,10
12.9457902908,80.239402771,78252,78262,10
12.9468698502,80.2398300171,78262,78272,10
12.9470996857,80.2399215698,78272,78283,11
12.9475498199,80.2401199341,78283,78293,10
12.9481801987,80.2403793335,78293,78303,10
12.9485397339,80.2405166626,78303,78313,10
12.9491996765,80.2407836914,78313,78323,10
12.9500703812,80.2410583496,78323,78333,10
12.9508399963,80.2412872314,78333,78343,10
12.9509897232,80.2413330078,78343,78353,10
12.9512996674,80.2414398193,78353,78363,10
12.9519901276,80.2416763306,78363,78373,10
12.9527797699,80.2419662476,78373,78384,11
12.9536399841,80.2423019409,78384,78394,10
12.9543399811,80.2425765991,78394,78403,9
12.9549398422,80.2428283691,78403,78414,11
12.9556798935,80.2430877686,78414,78424,10
12.9562797546,80.2433166504,78424,78444,20
12.9562797546,80.2433166504,78444,78454,10
12.956319809,80.2433395386,78454,78464,10
12.9566802979,80.2434768677,78464,78474,10
12.9573898315,80.2438201904,78474,78485,11
12.9583702087,80.2442321777,78485,78495,10
12.958820343,80.2444381714,78495,78505,10
12.958990097,80.2445220947,78505,78515,10
12.9595804214,80.2447891235,78515,78525,10
12.9604301453,80.2451705933,78525,78535,10
12.9614601135,80.2456588745,78535,78545,10
12.9624996185,80.2461700439,78545,78555,10
12.9633197784,80.2465362549,78555,78596,41
12.9633197784,80.2465362549,78596,78606,10
12.9635896683,80.2467193604,78606,78616,10
12.9641799927,80.2469406128,78616,78626,10
12.9650201797,80.2472381592,78626,78636,10
12.966050148,80.2476119995,78636,78652,16
12.9665298462,80.2477874756,78652,78664,12
12.9667196274,80.2478866577,78664,78672,8
12.9671497345,80.2481231689,78672,78684,12
12.9680595398,80.2485122681,78684,78695,11
12.9690799713,80.248916626,78695,78704,9
12.97012043,80.2493362427,78704,78715,11
12.9715299606,80.249786377,78715,78724,9
12.972700119,80.2500915527,78724,78735,11
12.9741601944,80.2504577637,78735,78745,10
12.975520134,80.2508621216,78745,78756,11
12.9769296646,80.2512664795,78756,78766,10
12.9781103134,80.2520599365,78766,78776,10
12.9792098999,80.2525787354,78776,78786,10
12.9799699783,80.2523193359,78786,78807,21
12.9799699783,80.2523193359,78807,78817,10
12.9799900055,80.2521133423,78817,78827,10
12.9801301956,80.251663208,78827,78837,10
12.9803600311,80.2509307861,78837,78847,10
12.9806003571,80.2499694824,78847,78857,10
12.9807500839,80.248878479,78857,78873,16
12.980890274,80.2470169067,78873,78885,12
12.9810400009,80.2455673218,78885,78893,8
12.9811401367,80.2446212769,78893,78906,13
12.9812002182,80.243812561,78906,78916,10
12.9813098907,80.2435684204,78916,78926,10
12.9813299179,80.2431030273,78926,78946,20
12.9813299179,80.2431030273,78946,78956,10
12.9813699722,80.2429428101,78956,78966,10
12.9813899994,80.24269104,78966,78976,10
12.9813899994,80.2421875,78976,78986,10
12.9813804626,80.2413787842,78986,78996,10
12.9813604355,80.2404403687,78996,79007,11
12.9813299179,80.2393722534,79007,79017,10
12.981300354,80.23828125,79017,79037,20
12.981300354,80.23828125,79037,79047,10
12.9812898636,80.2380371094,79047,79057,10
12.9812898636,80.2379837036,79057,79067,10
12.9812803268,80.2377700806,79067,79077,10
12.9812803268,80.2372207642,79077,79087,10
12.9812602997,80.2363586426,79087,79097,10
12.9812202454,80.2353286743,79097,79108,11
12.981300354,80.2341308594,79108,79118,10
12.9816102982,80.2333984375,79118,79138,20
12.9816102982,80.2333984375,79138,79148,10
12.9817199707,80.2331771851,79148,79158,10
12.9818201065,80.232963562,79158,79168,10
12.9819297791,80.2326965332,79168,79178,10
12.9820098877,80.232421875,79178,79188,10
12.9819898605,80.2320709229,79188,79198,10
12.9819803238,80.2315826416,79198,79208,10
12.981880188,80.2311172485,79208,79219,11
12.9816904068,80.2306671143,79219,79229,10
12.9813804626,80.230140686,79229,79239,10
12.9810800552,80.2296676636,79239,79249,10
12.9809303284,80.2294082642,79249,79259,10
12.980919838,80.2294006348,79259,79269,10
12.9808197021,80.2292327881,79269,79279,10
12.9806699753,80.2289962769,79279,79289,10
12.9804000854,80.2285385132,79289,79299,10
12.9801797867,80.2280807495,79299,79309,10
12.9799404144,80.2276687622,79309,79320,11
12.97976017,80.2273712158,79320,79330,10
12.9793996811,80.2267684937,79330,79340,10
12.9789304733,80.2259902954,79340,79350,10
12.9784498215,80.2251968384,79350,79360,10
12.9781999588,80.2247924805,79360,79370,10
12.9780302048,80.2245635986,79370,79380,10
12.977809906,80.2242431641,79380,79390,10
12.9777898788,80.2242202759,79390,79400,10
12.9776000977,80.2238769531,79400,79410,10
12.977350235,80.2234725952,79410,79421,11
12.9771795273,80.2231903076,79421,79431,10
12.9770402908,80.2229537964,79431,79441,10
12.9770097733,80.2228622437,79441,79451,10
12.9770498276,80.2227630615,79451,79461,10
12.9772596359,80.2226715088,79461,79471,10
12.9772996902,80.2226715088,79471,79481,10
12.9775400162,80.2225875854,79481,79491,10
12.9775295258,80.2222824097,79491,79501,10
12.977519989,80.2219772339,79501,79511,10
12.9774703979,80.2213973999,79511,79521,10
12.9774703979,80.2212600708,79521,79532,11
12.9778900146,80.2211990356,79532,79542,10
12.9785299301,80.2211608887,79542,79552,10
12.9792604446,80.2211074829,79552,79562,10
12.9801301956,80.2210388184,79562,79572,10
12.9810400009,80.2210235596,79572,79582,10
12.9817399979,80.2213973999,79582,79592,10
12.9823904037,80.2217712402,79592,79602,10
12.9829902649,80.2219924927,79602,79612,10
12.9830303192,80.2220077515,79612,79622,10
12.9833498001,80.2222290039,79622,79633,11
12.9837799072,80.2225265503,79633,79643,10
12.9843997955,80.2228775024,79643,79653,10
12.9850196838,80.2232208252,79653,79663,10
12.9854803085,80.2232437134,79663,79679,16
12.9863500595,80.2229690552,79679,79691,12
12.9865999222,80.2229690552,79691,79699,8
12.9869699478,80.2230224609,79699,79711,12
12.9877595901,80.2230224609,79711,79721,10
12.9884700775,80.2225189209,79721,79731,10
12.9889202118,80.2220077515,79731,79742,11
12.9893798828,80.2214279175,79742,79750,8
12.989780426,80.220916748,79750,79761,11
12.9904003143,80.2203292847,79761,79772,11
12.9905195236,80.2202682495,79772,79781,9
12.9907798767,80.2200698853,79781,79792,11
12.9912900925,80.2196578979,79792,79802,10
12.9916000366,80.2194137573,79802,79812,10
12.9921398163,80.2190170288,79812,79822,10
12.9928798676,80.218536377,79822,79832,10
12.9936599731,80.2179718018,79832,79843,11
12.9943599701,80.2174682617,79843,79853,10
12.9947595596,80.2171478271,79853,79863,10
12.9949903488,80.2169876099,79863,79873,10
12.9951601028,80.2168884277,79873,79883,10
12.9955301285,80.2167205811,79883,79893,10
12.9961395264,80.216583252,79893,79903,10
12.9967403412,80.2164993286,79903,79913,10
12.9971704483,80.2164382935,79913,79923,10
12.997420311,80.216178894,79923,79933,10
12.9974803925,80.2161178589,79933,79944,11
12.9976196289,80.2159881592,79944,79954,10
12.998049736,80.2156219482,79954,79964,10
12.9986000061,80.2151184082,79964,79974,10
12.9990901947,80.2147293091,79974,79984,10
12.9993600845,80.2144775391,79984,79994,10
12.9998598099,80.2140579224,79994,80004,10
13.0003004074,80.2136688232,80004,80014,10
13.0010404587,80.2130432129,80014,80024,10
13.0017004013,80.2125473022,80024,80034,10
13.0024299622,80.2121276855,80034,80045,11
13.0032300949,80.2120437622,80045,80055,10
13.0036497116,80.2119064331,80055,80065,10
13.0037002563,80.2117233276,80065,80075,10
13.0036802292,80.2111434937,80075,80085,10
13.0035800934,80.2103500366,80085,80095,10
13.0035295486,80.2095184326,80095,80105,10
13.0037002563,80.2087631226,80105,80115,10
13.0045900345,80.2088775635,80115,80125,10
13.0055799484,80.2093200684,80125,80135,10
13.0067996979,80.2096862793,80135,80186,51
13.0067996979,80.2096862793,80186,80196,10
13.0069799423,80.2097320557,80196,80206,10
13.0074396133,80.2098464966,80206,80216,10
13.0078802109,80.2099227905,80216,80226,10
13.0081501007,80.2098999023,80226,80236,10
13.0080699921,80.2094497681,80236,80246,10
13.0079402924,80.2087783813,80246,80257,11
13.0078401566,80.2078781128,80257,80267,10
13.0076503754,80.2069091797,80267,80277,10
13.007519722,80.2057418823,80277,80287,10
13.0075302124,80.2048187256,80287,80297,10
13.0075101852,80.2040710449,80297,80307,10
13.0073604584,80.2032012939,80307,80317,10
13.0069599152,80.2025375366,80317,80327,10
13.0065097809,80.2030715942,80327,80337,10
13.0071001053,80.2035217285,80337,80347,10
13.0079202652,80.2036895752,80347,80358,11
13.0084104538,80.2030792236,80358,80368,10
13.0076198578,80.2029724121,80368,80378,10
13.0075902939,80.2040100098,80378,80388,10
13.0075998306,80.2051391602,80388,80398,10
13.0077295303,80.2063369751,80398,80408,10
13.0078697205,80.2074584961,80408,80418,10
13.0079803467,80.2082824707,80418,80428,10
13.0081396103,80.2091598511,80428,80438,10
13.0084400177,80.2102127075,80438,80448,10
13.0086402893,80.2107315063,80448,80459,11
13.0087604523,80.2110290527,80459,80469,10
13.0088796616,80.2113876343,80469,80479,10
13.009180069,80.2121963501,80479,80489,10
13.009469986,80.2130203247,80489,80499,10
13.0097904205,80.2138671875,80499,80509,10
13.0101099014,80.2146835327,80509,80519,10
13.0102100372,80.2154312134,80519,80529,10
13.0104398727,80.2161865234,80529,80539,10
13.0107603073,80.2168807983,80539,80549,10
13.0111703873,80.2177200317,80549,80560,11
13.0116300583,80.2190322876,80560,80570,10
13.0121002197,80.2204666138,80570,80579,9
13.0123796463,80.2214813232,80579,80590,11
13.0130300522,80.2223815918,80590,80600,10
13.0139598846,80.2234420776,80600,80610,10
13.0145998001,80.2242202759,80610,80620,10
13.0152397156,80.2250137329,80620,80630,10
13.0154495239,80.2253799438,80630,80640,10
13.0151500702,80.2259216309,80640,80650,10
13.0143003464,80.2262573242,80650,80660,10
13.0131797791,80.2266998291,80660,80671,11
13.0119800568,80.2271575928,80671,80681,10
13.0110397339,80.2275466919,80681,80691,10
13.0101203918,80.2279281616,80691,80701,10
13.0093097687,80.2283096313,80701,80711,10
13.0089902878,80.2292404175,80711,80721,10
13.008769989,80.2304763794,80721,80731,10
13.0085296631,80.2317123413,80731,80741,10
13.0083398819,80.2327270508,80741,80751,10
13.0081701279,80.2335891724,80751,80761,10
13.0080604553,80.23412323,80761,80772,11
13.0078601837,80.2351608276,80772,80782,10
13.0076398849,80.2362976074,80782,80792,10
13.0073795319,80.237487793,80792,80802,10
13.0071401596,80.2387008667,80802,80812,10
13.0069103241,80.2398834229,80812,80822,10
13.0067100525,80.2409667969,80822,80832,10
13.0066299438,80.2419891357,80832,80842,10
13.0066404343,80.2430877686,80842,80852,10
13.0066404343,80.2442169189,80852,80862,10
13.0066604614,80.2452392578,80862,80872,10
13.0066795349,80.2462768555,80872,80883,11
13.0067396164,80.2471008301,80883,80893,10
13.0066995621,80.2478027344,80893,80903,10
13.0067100525,80.2488174438,80903,80919,16
13.0067796707,80.25050354,80919,80931,12
13.0067501068,80.251411438,80931,80940,9
13.0066003799,80.2521286011,80940,80951,11
13.0065002441,80.2529983521,80951,80961,10
13.0065002441,80.2537536621,80961,80971,10
13.0065402985,80.2545700073,80971,80982,11
13.0065498352,80.2553863525,80982,80992,10
13.0065603256,80.2561035156,80992,81001,9
13.0065603256,80.2566986084,81001,81012,11
13.0066404343,80.2573165894,81012,81023,11
13.0062599182,80.2575378418,81023,81032,9
13.00578022,80.2574234009,81032,81043,11
13.0051498413,80.257270813,81043,81053,10
13.0046596527,80.2571716309,81053,81063,10
13.0041599274,80.2570571899,81063,81073,10
13.0037899017,80.2570037842,81073,81084,11
13.0034399033,80.2569198608,81084,81094,10
13.0031700134,80.2568817139,81094,81104,10
13.0028600693,80.2568206787,81104,81113,9
13.0024795532,80.2567367554,81113,81124,11
13.001999855,80.256652832,81124,81134,10
13.00137043,80.2565612793,81134,81144,10
13.0007896423,80.2564620972,81144,81154,10
13.0004701614,80.2564163208,81154,81164,10
12.9999599457,80.2563171387,81164,81174,10
12.9996299744,80.2562789917,81174,81184,10
12.9993200302,80.2562332153,81184,81195,11
12.9987297058,80.2561035156,81195,81205,10
12.998459816,80.2560806274,81205,81215,10
12.9980096817,80.2559967041,81215,81225,10
12.9976596832,80.2560806274,81225,81241,16
12.9976501465,80.2565765381,81241,81456,215
12.9976501465,80.2565765381,81456,81466,10
12.9975700378,80.256980896,81466,81476,10
