12.9975404739,80.2567520142,14,1003,989
12.9975795746,80.2569885254,1003,1205,202
12.997420311,80.256942749,1205,6242,5037
12.9975099564,80.257019043,6242,6807,565
12.9976396561,80.2570800781,6807,7846,1039
12.9975700378,80.2569580078,7846,8300,454
12.9976596832,80.2571334839,8300,8543,243
12.9976596832,80.2571334839,8543,8553,10
12.9975996017,80.256980896,8553,8825,272
12.9975996017,80.256980896,8825,8835,10
12.9976396561,80.2570495605,8835,13338,4503
12.9976301193,80.2569198608,13338,13751,413
12.9975996017,80.2570571899,13751,17731,3980
12.9976997375,80.2569732666,17731,17882,151
12.9976196289,80.2570037842,17882,19649,1767
12.9976196289,80.2570037842,19649,19659,10
12.9974002838,80.2571029663,19659,19679,20
12.9974002838,80.2571029663,19679,19689,10
12.9972295761,80.2570571899,19689,20065,376
12.9972295761,80.2570571899,20065,20075,10
12.9971504211,80.257019043,20075,20196,121
12.997179985,80.2569580078,20196,20347,151
12.997179985,80.2569580078,20347,20357,10
12.9970598221,80.2571334839,20357,20862,505
12.9970397949,80.2570114136,20862,21185,323
12.9970502853,80.256980896,21185,21286,101
12.9973096848,80.2568817139,21286,21437,151
12.9973096848,80.2568817139,21437,21447,10
12.9970703125,80.2570495605,21447,24576,3129
12.9970703125,80.2570495605,24576,24586,10
12.9971199036,80.2568893433,24586,24647,61
12.9970598221,80.2570571899,24647,24697,50
12.9970598221,80.2570571899,24697,24707,10
12.9973297119,80.2570571899,24707,24717,10
12.9976100922,80.256942749,24717,24778,61
12.9976100922,80.256942749,24778,24788,10
12.9976196289,80.2568435669,24788,24798,10
12.9976902008,80.2566070557,24798,24808,10
12.9977502823,80.2563476563,24808,24828,20
12.9977502823,80.2563476563,24828,24839,11
12.9978199005,80.2562789917,24839,24869,30
12.9978199005,80.2562789917,24869,24879,10
12.9978199005,80.2562179565,24879,24889,10
12.997759819,80.2561035156,24889,24899,10
12.9976596832,80.2559814453,24899,24909,10
12.9973201752,80.2559509277,24909,24929,20
12.9973201752,80.2559509277,24929,24939,10
12.9970397949,80.2559204102,24939,24950,11
12.9968996048,80.2564697266,24950,24960,10
12.9968595505,80.2571792603,24960,24970,10
12.9967403412,80.2580108643,24970,24980,10
12.9966402054,80.2586517334,24980,24990,10
12.9965600967,80.259437561,24990,25000,10
12.9964704514,80.2602005005,25000,25010,10
12.996430397,80.2607498169,25010,25020,10
12.9963998795,80.2612380981,25020,25030,10
12.9962997437,80.26171875,25030,25040,10
12.9962396622,80.2622299194,25040,25051,11
12.9961795807,80.2627182007,25051,25061,10
12.9961204529,80.2634277344,25061,25071,10
12.9960603714,80.2642822266,25071,25081,10
12.9960203171,80.2648010254,25081,25091,10
12.9959402084,80.2654800415,25091,25101,10
12.9958200455,80.2664031982,25101,25111,10
12.9957399368,80.2673873901,25111,25121,10
12.9961099625,80.2676773071,25121,25131,10
12.996919632,80.2677383423,25131,25141,10
12.9978704453,80.2674865723,25141,25151,10
12.9988203049,80.2672271729,25151,25162,11
12.9998197556,80.2669067383,25162,25172,10
13.0001497269,80.2665176392,25172,25192,20
13.0001497269,80.2665176392,25192,25202,10
13.0002098083,80.2663192749,25202,25212,10
13.0002202988,80.265838623,25212,25222,10
13.0003404617,80.2657394409,25222,25232,10
13.0003499985,80.2658462524,25232,25242,10
13.0003795624,80.2660675049,25242,25384,142
13.0003404617,80.2664718628,25384,25424,40
13.0003404617,80.2664718628,25424,25434,10
13.0003795624,80.2666168213,25434,25444,10
13.0002698898,80.2668228149,25444,25454,10
12.9998903275,80.266960144,25454,25464,10
12.9994401932,80.2670898438,25464,25474,10
12.9988002777,80.2672424316,25474,25485,11
12.9981298447,80.2674179077,25485,25495,10
12.9974403381,80.2676391602,25495,25505,10
12.9965600967,80.2677688599,25505,25515,10
12.9959001541,80.2677230835,25515,25525,10
12.9957103729,80.2674179077,25525,25535,10
12.9957304001,80.2673187256,25535,25545,10
12.9957399368,80.267250061,25545,25555,10
12.9957799911,80.2668228149,25555,25565,10
12.9958295822,80.266166687,25565,25575,10
12.9958896637,80.2654800415,25575,25585,10
12.9959897995,80.2647781372,25585,25596,11
12.9960603714,80.2640686035,25596,25606,10
12.9961299896,80.2633895874,25606,25616,10
12.9961700439,80.2629013062,25616,25626,10
12.9962396622,80.2625274658,25626,25636,10
12.9962701797,80.2623214722,25636,25646,10
12.996339798,80.2618408203,25646,25656,10
12.9963998795,80.2611465454,25656,25666,10
12.9965000153,80.2603378296,25666,25676,10
12.9965600967,80.259552002,25676,25686,10
12.9966402054,80.2588806152,25686,25696,10
12.9966802597,80.2580566406,25696,25707,11
12.9968099594,80.2571563721,25707,25717,10
12.9968900681,80.256401062,25717,25727,10
12.996919632,80.2559585571,25727,25737,10
12.997209549,80.2558288574,25737,25747,10
12.9977302551,80.2558898926,25747,25757,10
12.9988603592,80.2560424805,25757,25787,30
12.9988603592,80.2560424805,25787,25797,10
12.9991397858,80.2560882568,25797,25807,10
12.9992103577,80.2560882568,25807,25818,11
12.999540329,80.2561569214,25818,25828,10
13.0001802444,80.2562789917,25828,25838,10
13.0010204315,80.256439209,25838,25848,10
13.0019798279,80.2565765381,25848,25858,10
13.0028400421,80.2567367554,25858,25867,9
13.0037097931,80.2568969727,25867,25878,11
13.0047397614,80.2571105957,25878,25888,10
13.0059299469,80.2573394775,25888,25898,10
13.0065803528,80.2572937012,25898,25908,10
13.0065202713,80.2565002441,25908,25918,10
13.0065603256,80.2555618286,25918,25929,11
13.006649971,80.2547607422,25929,25939,10
13.0066099167,80.25390625,25939,25948,9
13.0066099167,80.2531967163,25948,25959,11
13.0065898895,80.2530822754,25959,25969,10
13.0065698624,80.2528762817,25969,25979,10
13.0066299438,80.2523574829,25979,25989,10
13.0067195892,80.2517776489,25989,26009,20
13.0067195892,80.2517776489,26009,26019,10
13.0067596436,80.2516784668,26019,26030,11
13.006819725,80.2511367798,26030,26040,10
13.0068302155,80.2502365112,26040,26050,10
13.006819725,80.2495880127,26050,26060,10
13.0068302155,80.2493362427,26060,26070,10
13.0067501068,80.2486572266,26070,26080,10
13.0066699982,80.2476882935,26080,26151,71
13.0066699982,80.2476882935,26151,26161,10
13.0066699982,80.2474594116,26161,26171,10
13.0066299438,80.2466583252,26171,26201,30
13.0066299438,80.2466583252,26201,26211,10
13.0066699982,80.2464065552,26211,26221,10
13.0066699982,80.2457809448,26221,26231,10
13.0066404343,80.2448730469,26231,26241,10
13.0066404343,80.2438964844,26241,26252,11
13.0066299438,80.2429733276,26252,26262,10
13.0066204071,80.2418518066,26262,26272,10
13.0066204071,80.2414627075,26272,26282,10
13.0066604614,80.2410736084,26282,26292,10
13.0067195892,80.2404632568,26292,26301,9
13.006819725,80.2400131226,26301,26312,11
13.0069904327,80.2391891479,26312,26322,10
13.007229805,80.2380218506,26322,26332,10
13.0074195862,80.2369766235,26332,26342,10
13.0074701309,80.2367630005,26342,26353,11
13.0075798035,80.2363891602,26353,26363,10
13.0077295303,80.2357177734,26363,26373,10
13.0079097748,80.2348632813,26373,26383,10
13.0081195831,80.2338104248,26383,26393,10
13.0083904266,80.2324981689,26393,26403,10
13.008649826,80.2312164307,26403,26413,10
13.0089197159,80.2298583984,26413,26423,10
13.0092000961,80.2285308838,26423,26433,10
13.0096502304,80.2272567749,26433,26443,10
13.010219574,80.226020813,26443,26453,10
13.0107498169,80.2249069214,26453,26464,11
13.0112400055,80.2237701416,26464,26474,10
13.0115995407,80.2229003906,26474,26483,9
13.011879921,80.2220230103,26483,26494,11
13.0123796463,80.2214279175,26494,26504,10
13.012720108,80.2220077515,26504,26514,10
13.013299942,80.2227096558,26514,26524,10
13.0139398575,80.2234420776,26524,26534,10
13.0144996643,80.2239532471,26534,26544,10
13.0150403976,80.2245483398,26544,26554,10
13.0155496597,80.2249603271,26554,26575,21
13.0155496597,80.2249603271,26575,26585,10
13.0156698227,80.2250595093,26585,26595,10
13.015999794,80.2252883911,26595,26605,10
13.0165901184,80.2252807617,26605,26615,10
13.0172100067,80.2250366211,26615,26625,10
13.0178699493,80.2247924805,26625,26641,16
13.0188398361,80.2244110107,26641,26653,12
13.0193395615,80.2243270874,26653,26663,10
13.0193500519,80.2243270874,26663,26673,10
13.0196399689,80.2244796753,26673,26683,10
13.0200500488,80.2247619629,26683,26694,11
13.0207195282,80.2252578735,26694,26704,10
13.0213403702,80.2257003784,26704,26714,10
13.0218601227,80.2260818481,26714,26724,10
13.0223999023,80.2265625,26724,26734,10
13.0230703354,80.2271270752,26734,26744,10
13.0238103867,80.2278213501,26744,26754,10
13.0242996216,80.2283401489,26754,26764,10
13.0245800018,80.2287597656,26764,26774,10
13.0249595642,80.229309082,26774,26784,10
13.0253000259,80.2296981812,26784,26795,11
13.0254096985,80.229850769,26795,26805,10
13.0256595612,80.2303237915,26805,26815,10
13.0259504318,80.2310180664,26815,26825,10
13.0262804031,80.231300354,26825,26835,10
13.0270299911,80.2311325073,26835,26845,10
13.0279598236,80.2309494019,26845,26855,10
13.0285997391,80.2309112549,26855,26865,10
13.028670311,80.2309188843,26865,26875,10
13.0292396545,80.2309036255,26875,26895,20
13.0292396545,80.2309036255,26895,26906,11
13.0293998718,80.2308425903,26906,26916,10
13.0297002792,80.2308273315,26916,26926,10
13.0303001404,80.2307815552,26926,26936,10
13.0307302475,80.2306518555,26936,26946,10
13.0306797028,80.2302627563,26946,26956,10
13.0304803848,80.2296524048,26956,26966,10
13.0303297043,80.229133606,26966,26976,10
13.0304203033,80.2282791138,26976,26996,20
13.0304203033,80.2282791138,26996,27007,11
13.0304498672,80.227897644,27007,27017,10
13.0304498672,80.2275390625,27017,27027,10
13.0298595428,80.2273864746,27027,27037,10
13.0290002823,80.2272567749,27037,27047,10
13.0287303925,80.2272033691,27047,27058,11
13.028459549,80.2271194458,27058,27068,10
13.0279397964,80.2269821167,27068,27078,10
13.0279798508,80.2265625,27078,27088,10
13.0281295776,80.2258911133,27088,27098,10
13.0282897949,80.2250976563,27098,27108,10
13.0284900665,80.2242507935,27108,27119,11
13.028840065,80.2240524292,27119,27129,10
13.0288801193,80.224067688,27129,27139,10
13.028960228,80.2241363525,27139,27149,10
13.0293397903,80.2242965698,27149,27159,10
13.0300397873,80.2242965698,27159,27169,10
13.0308504105,80.2242889404,27169,27179,10
13.0311403275,80.2240524292,27179,27189,10
13.0312204361,80.223197937,27189,27209,20
13.0312204361,80.223197937,27209,27219,10
13.0312995911,80.2229995728,27219,27230,11
13.0314998627,80.2224884033,27230,27240,10
13.0317497253,80.2219467163,27240,27250,10
13.0320301056,80.2212371826,27250,27260,10
13.0322198868,80.220413208,27260,27269,9
13.0322303772,80.2198562622,27269,27280,11
13.0322399139,80.2198181152,27280,27290,10
13.0322704315,80.2195968628,27290,27300,10
13.0322704315,80.2190322876,27300,27310,10
13.0320596695,80.2184829712,27310,27320,10
13.0315303802,80.218208313,27320,27331,11
13.0315103531,80.217338562,27331,27341,10
13.0314302444,80.217048645,27341,27351,10
13.0311098099,80.2169570923,27351,27361,10
13.0306396484,80.2169570923,27361,27371,10
13.0304803848,80.2167205811,27371,27381,10
13.0304603577,80.216583252,27381,27391,10
13.0304403305,80.2160797119,27391,27401,10
13.0304098129,80.2154083252,27401,27411,10
13.0304098129,80.2149505615,27411,27421,10
13.0303897858,80.2146682739,27421,27431,10
13.0304098129,80.2145385742,27431,27442,11
13.0304498672,80.2143096924,27442,27452,10
13.0305099487,80.2138366699,27452,27462,10
13.030579567,80.2135162354,27462,27472,10
13.0306196213,80.2130889893,27472,27482,10
13.0307397842,80.2123336792,27482,27492,10
13.0308303833,80.2116928101,27492,27502,10
13.0309000015,80.2112579346,27502,27512,10
13.0309696198,80.2109603882,27512,27522,10
13.0310001373,80.210609436,27522,27532,10
13.0310401917,80.2101287842,27532,27542,10
13.0307798386,80.2100219727,27542,27553,11
13.0302295685,80.2098388672,27553,27563,10
13.0300302505,80.2096481323,27563,27573,10
13.0301799774,80.2092208862,27573,27653,80
13.0301799774,80.2092208862,27653,27663,10
13.0301704407,80.2091369629,27663,27674,11
13.0306301117,80.2091217041,27674,27684,10
13.031370163,80.2093200684,27684,27694,10
13.0315599442,80.2093887329,27694,27704,10
13.0317401886,80.2094497681,27704,27714,10
13.0323400497,80.2096176147,27714,27724,10
13.033200264,80.2097396851,27724,27734,10
13.0342102051,80.2099075317,27734,27744,10
13.0349702835,80.2099609375,27744,27754,10
13.0351800919,80.2096862793,27754,27765,11
13.0353002548,80.208732605,27765,27785,20
13.0353002548,80.208732605,27785,27795,10
13.0353403091,80.208366394,27795,27805,10
13.0354299545,80.2076721191,27805,27815,10
13.0355596542,80.2068328857,27815,27825,10
13.0356397629,80.2061004639,27825,27835,10
13.0355195999,80.2058563232,27835,27845,10
13.0355596542,80.2054672241,27845,27855,10
13.0355596542,80.2054367065,27855,27865,10
13.0356798172,80.2052383423,27865,27876,11
13.0358695984,80.2049179077,27876,27886,10
13.0359601974,80.2042617798,27886,27896,10
13.03606987,80.2034835815,27896,27906,10
13.0362195969,80.2025680542,27906,27916,10
13.0363302231,80.2018203735,27916,27926,10
13.0363702774,80.2016220093,27926,27936,10
13.0363702774,80.2015533447,27936,27946,10
13.03647995,80.200920105,27946,27954,8
13.0365800858,80.2002410889,27954,27966,12
13.0367603302,80.1990203857,27966,27976,10
13.0368499756,80.1984024048,27976,27987,11
13.0368204117,80.198387146,27987,27997,10
13.0368900299,80.1979675293,27997,28007,10
13.0370101929,80.1972885132,28007,28017,10
13.0371398926,80.196472168,28017,28027,10
13.0371599197,80.1962890625,28027,28037,10
13.0372400284,80.1959762573,28037,28047,10
13.037320137,80.1953735352,28047,28057,10
13.0374498367,80.1944580078,28057,28067,10
13.0375995636,80.1934280396,28067,28077,10
13.0378503799,80.192779541,28077,28087,10
13.038310051,80.192779541,28087,28098,11
13.0386400223,80.1928405762,28098,28108,10
13.0387802124,80.1928482056,28108,28118,10
13.0389404297,80.1928710938,28118,28128,10
13.0392999649,80.1929321289,28128,28138,10
13.0399398804,80.1930770874,28138,28148,10
13.0406599045,80.1931991577,28148,28158,10
13.041469574,80.1933364868,28158,28168,10
13.0417900085,80.1934127808,28168,28178,10
13.0417804718,80.1938476563,28178,28188,10
13.0417699814,80.1939697266,28188,28199,11
13.0416698456,80.1945571899,28199,28209,10
13.041560173,80.1953735352,28209,28219,10
13.0414400101,80.1961212158,28219,28229,10
13.0413799286,80.1967468262,28229,28239,10
13.041390419,80.1968536377,28239,28249,10
13.0412998199,80.197303772,28249,28259,10
13.041179657,80.1980667114,28259,28269,10
13.0410404205,80.1989364624,28269,28279,10
13.0410003662,80.1992797852,28279,28289,10
13.0409698486,80.1994934082,28289,28299,10
13.04088974,80.2001113892,28299,28310,11
13.0407495499,80.2010879517,28310,28320,10
13.0406503677,80.2018508911,28320,28330,10
13.0406303406,80.2020187378,28330,28340,10
13.0405502319,80.2024307251,28340,28350,10
13.040430069,80.2031936646,28350,28360,10
13.0403203964,80.2040100098,28360,28370,10
13.0402297974,80.2045974731,28370,28380,10
13.0401802063,80.2049865723,28380,28390,10
13.0405902863,80.2051086426,28390,28400,10
13.041179657,80.2051773071,28400,28410,10
13.0412502289,80.2052230835,28410,28421,11
13.0417699814,80.2052993774,28421,28431,10
13.0424804688,80.2054290771,28431,28441,10
13.0427999496,80.2057189941,28441,28451,10
13.0432395935,80.2063369751,28451,28461,10
13.0437498093,80.2070465088,28461,28477,16
13.0441598892,80.2082901001,28477,28489,12
13.0441904068,80.2089996338,28489,28497,8
13.0441598892,80.2090301514,28497,28509,12
13.0441703796,80.2095108032,28509,28519,10
13.0442199707,80.2102966309,28519,28530,11
13.044260025,80.2112731934,28530,28540,10
13.0443401337,80.2121429443,28540,28550,10
13.0444097519,80.2122573853,28550,28560,10
13.0449695587,80.2122573853,28560,28570,10
13.0458297729,80.2122268677,28570,28580,10
13.0467700958,80.2121963501,28580,28590,10
13.0471000671,80.2120513916,28590,28610,20
13.0471000671,80.2120513916,28610,28620,10
13.04708004,80.2114715576,28620,28630,10
13.04708004,80.2108383179,28630,28641,11
13.0476703644,80.2107772827,28641,28651,10
13.0483198166,80.2108383179,28651,28661,10
13.0491695404,80.2108535767,28661,28671,10
13.0496501923,80.2108535767,28671,28681,10
13.0497102737,80.2106704712,28681,28691,10
13.0496301651,80.2100906372,28691,28701,10
13.0495195389,80.2093887329,28701,28711,10
13.0493898392,80.2086334229,28711,28721,10
13.0491104126,80.2078094482,28721,28731,10
13.0488996506,80.2072067261,28731,28762,31
13.0488996506,80.2072067261,28762,28772,10
13.0488700867,80.2069015503,28772,28782,10
13.0490598679,80.2069091797,28782,29095,313
13.0490598679,80.2069091797,29095,29105,10
13.0493001938,80.2070999146,29105,29196,91
13.0493001938,80.2070999146,29196,29206,10
13.0490999222,80.206993103,29206,29216,10
13.0491199493,80.2071762085,29216,29236,20
13.0491199493,80.2071762085,29236,29246,10
13.0490398407,80.2073135376,29246,29256,10
13.0490503311,80.2075424194,29256,29266,10
13.0491800308,80.2079772949,29266,29276,10
13.0493602753,80.2086029053,29276,29286,10
13.0494804382,80.2092971802,29286,29297,11
13.0496301651,80.2101898193,29297,29307,10
13.0497398376,80.2110214233,29307,29317,10
13.0498695374,80.2117614746,29317,29377,60
13.0498695374,80.2117614746,29377,29387,10
13.0499000549,80.2119598389,29387,29397,10
13.0498304367,80.2121429443,29397,29408,11
13.049539566,80.2121582031,29408,29418,10
13.0494604111,80.2121582031,29418,29428,10
13.0493202209,80.2121810913,29428,29438,10
13.0487604141,80.2121810913,29438,29448,10
13.0479402542,80.2122268677,29448,29458,10
13.0468902588,80.2123031616,29458,29468,10
13.0456399918,80.2123413086,29468,29478,10
13.0445299149,80.2123718262,29478,29549,71
13.0445299149,80.2123718262,29549,29559,10
13.0443696976,80.2123413086,29559,29569,10
13.044210434,80.2119979858,29569,29579,10
13.044210434,80.2113189697,29579,29589,10
13.0441799164,80.2103805542,29589,29599,10
13.0440998077,80.2089233398,29599,29620,21
13.0440998077,80.2089233398,29620,29630,10
13.0440797806,80.2088165283,29630,29640,10
13.044090271,80.2082214355,29640,29650,10
13.0440702438,80.2079696655,29650,29660,10
13.0438995361,80.2074584961,29660,29670,10
13.043419838,80.2067489624,29670,29680,10
13.0428199768,80.2059173584,29680,29690,10
13.0420598984,80.205368042,29690,29700,10
13.0414199829,80.2052764893,29700,29710,10
13.0409898758,80.2052001953,29710,29720,10
13.0407800674,80.2051315308,29720,29731,11
13.0406599045,80.205078125,29731,29741,10
13.0401697159,80.2050323486,29741,29751,10
13.0396203995,80.2049636841,29751,29761,10
13.0389099121,80.2048492432,29761,29771,10
13.0382499695,80.2047576904,29771,29781,10
13.0381498337,80.204498291,29781,29791,10
13.0382404327,80.2039337158,29791,29801,10
13.0383501053,80.2032623291,29801,29811,10
13.0384302139,80.2026977539,29811,29821,10
13.0384702682,80.2024917603,29821,29831,10
13.0385198593,80.2020874023,29831,29842,11
13.0385398865,80.2018280029,29842,29852,10
13.0385799408,80.2015762329,29852,29862,10
13.0386295319,80.2013168335,29862,29872,10
13.0387001038,80.2007980347,29872,29882,10
13.0388298035,80.2000274658,29882,29892,10
13.0389204025,80.1992797852,29892,29902,10
13.0389204025,80.19921875,29902,29912,10
13.0389995575,80.1988296509,29912,29922,10
13.0390901566,80.1981735229,29922,29932,10
13.0392198563,80.1974105835,29932,29942,10
13.0393104553,80.1968688965,29942,29953,11
13.0393104553,80.1968612671,29953,29963,10
13.039349556,80.1966934204,29963,29973,10
13.0393800735,80.1963577271,29973,29983,10
13.039440155,80.1958694458,29983,29993,10
13.0395202637,80.1951217651,29993,30009,16
13.0397796631,80.1932067871,30009,30051,42
13.0397796631,80.1932067871,30051,30062,11
13.0396699905,80.1930007935,30062,30072,10
13.0392999649,80.1929626465,30072,30082,10
13.0386695862,80.1928787231,30082,30112,30
13.0386695862,80.1928787231,30112,30121,9
13.0383396149,80.192817688,30121,30131,10
13.0379400253,80.1928634644,30131,30142,11
13.0376701355,80.1931915283,30142,30152,10
13.0375900269,80.1937713623,30152,30162,10
13.0375003815,80.1943817139,30162,30173,11
13.0374097824,80.19506073,30173,30183,10
13.0373096466,80.1956100464,30183,30193,10
13.0372400284,80.1959915161,30193,30223,30
13.0372400284,80.1959915161,30223,30233,10
13.0371999741,80.1961975098,30233,30243,10
13.0371599197,80.1964569092,30243,30253,10
13.0370798111,80.1969223022,30253,30263,10
13.03703022,80.1974029541,30263,30274,11
13.0369596481,80.1977996826,30274,30284,10
13.0369100571,80.1982498169,30284,30294,10
13.0368404388,80.1986618042,30294,30324,30
13.0368404388,80.1986618042,30324,30334,10
13.0367898941,80.1987533569,30334,30344,10
13.036740303,80.1990966797,30344,30354,10
13.0366802216,80.1996078491,30354,30370,16
13.0365400314,80.2004394531,30370,30382,12
13.0364303589,80.2011566162,30382,30393,11
13.0363998413,80.2013778687,30393,30403,10
13.0363903046,80.2015228271,30403,30413,10
13.0363302231,80.2020568848,30413,30432,19
13.0363302231,80.2020568848,30432,30444,12
13.0362701416,80.2023162842,30444,30454,10
13.036239624,80.2025985718,30454,30464,10
13.0361995697,80.2029418945,30464,30474,10
13.0361299515,80.2033996582,30474,30484,10
13.03606987,80.2037734985,30484,30494,10
13.0360403061,80.2040405273,30494,30505,11
13.0360002518,80.2043914795,30505,30515,10
13.035949707,80.2046966553,30515,30648,133
13.035949707,80.2046966553,30648,30658,10
13.0359601974,80.2049026489,30658,30668,10
13.035900116,80.2051925659,30668,30678,10
13.0358400345,80.2056121826,30678,30688,10
13.0357398987,80.2061004639,30688,30698,10
13.0357303619,80.2062530518,30698,30708,10
13.0356798172,80.2065811157,30708,30718,10
13.0355997086,80.2070999146,30718,30729,11
13.0355195999,80.2078323364,30729,30739,10
13.0354003906,80.2083816528,30739,30749,10
13.0353803635,80.208656311,30749,30769,20
13.0353803635,80.208656311,30769,30779,10
13.0353498459,80.2087783813,30779,30789,10
13.0353298187,80.2090606689,30789,30799,10
13.0352602005,80.2094802856,30799,30809,10
13.0351896286,80.2099685669,30809,30820,11
13.0350799561,80.2105331421,30820,30830,10
13.0349397659,80.2110671997,30830,30840,10
13.0348300934,80.2117233276,30840,30850,10
13.0346803665,80.2121429443,30850,30860,10
13.0343503952,80.2120819092,30860,30870,10
13.0339803696,80.2120437622,30870,30880,10
13.0334196091,80.2119827271,30880,30890,10
13.0327997208,80.2118988037,30890,30900,10
13.032409668,80.2118606567,30900,30941,41
13.032409668,80.2118606567,30941,30951,10
13.0321102142,80.211769104,30951,30961,10
13.0319004059,80.2115020752,30961,30971,10
13.031999588,80.2109603882,30971,30981,10
13.0321102142,80.2102508545,30981,30991,10
13.0320997238,80.2096862793,30991,31001,10
13.0315999985,80.2095794678,31001,31011,10
13.0309295654,80.2093276978,31011,31021,10
13.0305099487,80.2092285156,31021,31052,31
13.0305099487,80.2092285156,31052,31062,10
13.0302200317,80.2092437744,31062,31072,10
13.0301103592,80.2093582153,31072,31082,10
13.0300502777,80.2096633911,31082,31092,10
13.0300397873,80.2096786499,31092,31102,10
13.0300302505,80.209777832,31102,31112,10
13.0303001404,80.2098388672,31112,31122,10
13.0308198929,80.2099914551,31122,31132,10
13.0310001373,80.2101516724,31132,31142,10
13.0310001373,80.2104187012,31142,31153,11
13.0308904648,80.2110214233,31153,31163,10
13.0308799744,80.2112503052,31163,31173,10
13.0309000015,80.2114562988,31173,31183,10
13.03083992,80.2118606567,31183,31193,10
13.03083992,80.2120513916,31193,31203,10
13.0307703018,80.2133331299,31203,31213,10
13.0306301117,80.2137069702,31213,31223,10
13.0305204391,80.2140274048,31223,31234,11
13.0305204391,80.2142562866,31234,31243,9
13.0304203033,80.2150192261,31243,31254,11
13.0304403305,80.2151489258,31254,31334,80
13.0304403305,80.2151489258,31334,31345,11
13.03166008,80.217338562,31345,31355,10
13.0317802429,80.2176513672,31355,31365,10
13.0329198837,80.2190704346,31365,31718,353
13.0329198837,80.2190704346,31718,31728,10
13.028719902,80.2270965576,31728,31738,10
13.0286903381,80.2271575928,31738,31748,10
13.0286798477,80.2270584106,31748,31758,10
13.0285301208,80.2266769409,31758,32039,281
13.0285301208,80.2266769409,32039,32049,10
13.0278997421,80.232421875,32049,32059,10
13.0279302597,80.2327575684,32059,32069,10
13.0277204514,80.2328567505,32069,32079,10
13.0273399353,80.2328872681,32079,32089,10
13.0270395279,80.2329177856,32089,32099,10
13.0265102386,80.2329025269,32099,33220,1121
13.0265102386,80.2329025269,33220,33229,9
13.0068101883,80.2573776245,33229,33260,31
13.0068101883,80.2573776245,33260,33270,10
13.0067195892,80.2575683594,33270,33280,10
13.0062198639,80.2575683594,33280,33290,10
13.0055103302,80.2573623657,33290,33300,10
13.0046100616,80.2571105957,33300,33310,10
13.0039196014,80.2569732666,33310,33320,10
13.0032596588,80.2567977905,33320,33330,10
13.0027103424,80.256729126,33330,33340,10
13.0022497177,80.2566833496,33340,33381,41
13.0022497177,80.2566833496,33381,33391,10
13.0022001266,80.2565994263,33391,33401,10
13.0018396378,80.2565994263,33401,33411,10
13.0012102127,80.2565383911,33411,33421,10
13.0005998611,80.2564697266,33421,33431,10
13.0000200272,80.2563781738,33431,33441,10
12.9999904633,80.256362915,33441,33451,10
12.9997797012,80.2562408447,33451,33462,11
12.9991598129,80.2561187744,33462,33472,10
12.9984197617,80.2559967041,33472,33482,10
12.997879982,80.2559204102,33482,33492,10
12.9975404739,80.2559127808,33492,33502,10
12.9971103668,80.2559204102,33502,33512,10
12.9969701767,80.2562866211,33512,33522,10
12.9969396591,80.2569885254,33522,33543,21
12.9969396591,80.2571029663,33543,33613,70
12.9969396591,80.2571029663,33613,33623,10
12.9963197708,80.262588501,33623,33633,10
12.9961795807,80.2626495361,33633,33643,10
12.9962501526,80.2630615234,33643,33653,10
12.9961500168,80.2639694214,33653,33663,10
12.9959402084,80.265083313,33663,33684,21
12.9959201813,80.2650375366,33684,33704,20
12.9959201813,80.2650375366,33704,33714,10
12.9958200455,80.2677230835,33714,33724,10
12.9961996078,80.2677993774,33724,33734,10
12.9962396622,80.2677764893,33734,33744,10
12.9966897964,80.2678375244,33744,33754,10
12.9973897934,80.2676315308,33754,33764,10
12.9982595444,80.2673568726,33764,33774,10
12.9993000031,80.2670593262,33774,33785,11
13.0000896454,80.2666473389,33785,33805,20
13.0000896454,80.2666473389,33805,33815,10
13.0001602173,80.266418457,33815,33825,10
13.0002202988,80.2659683228,33825,33835,10
13.0002603531,80.2657012939,33835,33845,10
13.0003795624,80.2659606934,33845,34723,878
13.0002803802,80.2661819458,34723,34784,61
13.0002803802,80.2661819458,34784,34794,10
13.0003700256,80.2660675049,34794,35238,444
13.0003700256,80.2660675049,35238,35248,10
13.0003499985,80.2661437988,35248,35460,212
13.0003499985,80.2661590576,35460,35561,101
13.0003499985,80.2661590576,35561,35571,10
13.0003499985,80.2662582397,35571,35631,60
13.0003499985,80.2662582397,35631,35641,10
13.0001602173,80.2663803101,35641,35651,10
13.0002002716,80.26612854,35651,35662,11
13.0002603531,80.2656784058,35662,35672,10
13.0003404617,80.2651596069,35672,35682,10
13.0004501343,80.2643966675,35682,35692,10
13.0005502701,80.263671875,35692,35702,10
13.0007696152,80.263092041,35702,35712,10
13.0008096695,80.2629394531,35712,35722,10
13.0008401871,80.2627487183,35722,35732,10
13.0009298325,80.2621002197,35732,35742,10
13.0010204315,80.261100769,35742,35752,10
13.0010595322,80.2601776123,35752,35762,10
13.0010900497,80.2592163086,35762,35773,11
13.0011196136,80.2583084106,35773,35783,10
13.0011100769,80.2573699951,35783,35793,10
13.001159668,80.2567596436,35793,35803,10
13.0009298325,80.2564926147,35803,35813,10
13.0002603531,80.2563934326,35813,35823,10
12.9997196198,80.2562484741,35823,35833,10
12.9992399216,80.2561264038,35833,35853,20
12.9992399216,80.2561264038,35853,35863,10
12.998840332,80.2560806274,35863,35873,10
12.9980897903,80.2559890747,35873,35884,11
12.9977197647,80.2560882568,35884,35894,10
12.9977397919,80.2562637329,35894,35904,10
12.9977197647,80.256401062,35904,35914,10
12.997590065,80.2567901611,35914,35924,10
12.9976100922,80.2571716309,35924,36055,131
12.9975700378,80.2571716309,36055,36106,51
12.9975099564,80.2571411133,36106,36530,424
12.9976396561,80.2573928833,36530,36550,20
12.9976301193,80.2573471069,36550,36600,50
12.9976301193,80.2573471069,36600,36610,10
12.9975299835,80.2573013306,36610,36650,40
12.9975299835,80.2573013306,36650,36661,11
12.9975700378,80.2572402954,36661,36671,10
12.9975996017,80.2570571899,36671,36681,10
12.9976100922,80.257270813,36681,36691,10
12.9975595474,80.2572631836,36691,36701,10
12.997590065,80.2573013306,36701,36761,60
12.997590065,80.2573013306,36761,36772,11
12.9975595474,80.2572097778,36772,36782,10
12.9973802567,80.2571182251,36782,36792,10
12.9976396561,80.2571563721,36792,36802,10
12.9975004196,80.2569122314,36802,36812,10
12.9976596832,80.2567214966,36812,36923,111
12.9976596832,80.2567214966,36923,36933,10
12.9977197647,80.2562484741,36933,37044,111
12.9977197647,80.2562484741,37044,37054,10
12.9977998734,80.2562103271,37054,37064,10
12.9977502823,80.2559967041,37064,37074,10
12.9972600937,80.2559432983,37074,37084,10
12.996919632,80.2562103271,37084,37094,10
12.9968395233,80.2567367554,37094,37105,11
12.9968204498,80.2570877075,37105,37115,10
12.9967899323,80.2574005127,37115,37125,10
12.9967002869,80.2581176758,37125,37135,10
12.9965801239,80.2590408325,37135,37145,10
12.996509552,80.2597579956,37145,37155,10
12.9964599609,80.2602310181,37155,37165,10
12.9963998795,80.2607879639,37165,37175,10
12.9962902069,80.2616729736,37175,37185,10
12.9959402084,80.2630691528,37185,37286,101
12.9959402084,80.2630691528,37286,37295,9
13.0002002716,80.2654800415,37295,37307,12
13.0005102158,80.2654418945,37307,37347,40
13.0005102158,80.2654418945,37347,37357,10
13.0002298355,80.2663421631,37357,37448,91
13.0002298355,80.2663421631,37448,37458,10
13.0002498627,80.2665176392,37458,37468,10
13.0002403259,80.2666931152,37468,37478,10
12.9999704361,80.2668991089,37478,37488,10
12.9992599487,80.2670822144,37488,37498,10
12.9985599518,80.2672729492,37498,37508,10
12.9980697632,80.2673416138,37508,37518,10
12.997590065,80.2675323486,37518,37528,10
12.9968996048,80.2677536011,37528,37538,10
12.9961299896,80.2677764893,37538,37549,11
12.9956502914,80.2675933838,37549,37559,10
12.9957199097,80.2673187256,37559,37569,10
12.9957304001,80.267326355,37569,37579,10
12.995759964,80.2669372559,37579,37589,10
12.9958295822,80.2662734985,37589,37599,10
12.9959697723,80.2652816772,37599,37615,16
12.9961204529,80.2639389038,37615,37627,12
12.9961900711,80.2630996704,37627,37637,10
12.9962501526,80.2626419067,37637,37647,10
12.9962596893,80.2625732422,37647,37658,11
12.9963102341,80.2624435425,37658,37668,10
12.9963302612,80.2621078491,37668,37678,10
12.9963598251,80.261932373,37678,37688,10
12.9964199066,80.2613601685,37688,37698,10
12.996509552,80.2604675293,37698,37708,10
12.9965600967,80.2597198486,37708,37717,9
12.9966096878,80.2592773438,37717,37727,10
12.9966201782,80.2589874268,37727,37738,11
12.9967002869,80.2582397461,37738,37748,10
12.9968299866,80.2573623657,37748,37758,10
12.9968795776,80.2564926147,37758,37769,11
12.9969396591,80.2560272217,37769,37778,9
12.9971704483,80.2558288574,37778,37789,11
12.997879982,80.2558898926,37789,37799,10
12.9988603592,80.2559967041,37799,37819,20
12.9988603592,80.2559967041,37819,37829,10
12.9989404678,80.2559814453,37829,37839,10
12.9992599487,80.2560577393,37839,37849,10
12.9997596741,80.2562026978,37849,37859,10
13.0003099442,80.2563171387,37859,37869,10
13.0007295609,80.2563476563,37869,37880,11
13.0006799698,80.2564086914,37880,37890,10
13.0011796951,80.256439209,37890,37900,10
13.0014200211,80.256477356,37900,37910,10
13.0016803741,80.2565612793,37910,37920,10
13.0022497177,80.2566604614,37920,37929,9
13.002699852,80.2567367554,37929,37940,11
13.0032501221,80.2568283081,37940,37950,10
13.0038404465,80.2569274902,37950,37960,10
13.0042600632,80.2570266724,37960,37970,10
13.0045204163,80.2570571899,37970,37981,11
13.0045795441,80.2570571899,37981,37991,10
13.0046796799,80.2570724487,37991,38001,10
13.0049495697,80.2572097778,38001,38011,10
13.00522995,80.2571792603,38011,38021,10
13.0054597855,80.2572174072,38021,38031,10
13.0056495667,80.2572937012,38031,38041,10
13.0059499741,80.2573394775,38041,38051,10
13.0064496994,80.2574310303,38051,38102,51
13.0064496994,80.2574310303,38102,38112,10
13.0065498352,80.2573165894,38112,38122,10
13.0065002441,80.2567977905,38122,38132,10
13.0064897537,80.2559814453,38132,38142,10
13.0065202713,80.2551116943,38142,38152,10
13.006529808,80.25440979,38152,38162,10
13.006529808,80.2538604736,38162,38172,10
13.0065202713,80.2533798218,38172,38182,10
13.0065202713,80.2531204224,38182,38192,10
13.0065202713,80.2528686523,38192,38202,10
13.0065803528,80.2521133423,38202,38233,31
13.0065803528,80.2521133423,38233,38243,10
13.0066204071,80.2520294189,38243,38253,10
13.0066995621,80.2515335083,38253,38263,10
13.0067501068,80.2507171631,38263,38273,10
13.0067300797,80.2498779297,38273,38282,9
13.0067396164,80.2495193481,38282,38293,11
13.0067195892,80.2491073608,38293,38303,10
13.0066699982,80.248626709,38303,38313,10
13.0066299438,80.2480621338,38313,38424,111
13.0066299438,80.2480621338,38424,38435,11
13.0066299438,80.2475585938,38435,38445,10
13.0066404343,80.2470321655,38445,38455,10
13.0065698624,80.2466278076,38455,38465,10
13.0065698624,80.2466201782,38465,38475,10
13.0066003799,80.2464599609,38475,38485,10
13.0066299438,80.2460784912,38485,38495,10
13.0066404343,80.2454376221,38495,38505,10
13.0066404343,80.2446212769,38505,38515,10
13.0066204071,80.2438964844,38515,38525,10
13.0065898895,80.2432403564,38525,38535,10
13.0065803528,80.24243927,38535,38546,11
13.0065698624,80.241607666,38546,38556,10
13.0065698624,80.2415237427,38556,38566,10
13.0065698624,80.2412719727,38566,38576,10
13.0066404343,80.2408218384,38576,38586,10
13.0066995621,80.2404403687,38586,38596,10
13.0067396164,80.2403182983,38596,38606,10
13.0067996979,80.239982605,38606,38616,10
13.006939888,80.2392730713,38616,38626,10
13.0071401596,80.2383575439,38626,38636,10
13.0073404312,80.2375030518,38636,38646,10
13.0074195862,80.2367172241,38646,38657,11
13.0074396133,80.2366104126,38657,38667,10
13.0075597763,80.2363433838,38667,38677,10
13.0076904297,80.2357788086,38677,38687,10
13.0078601837,80.2349777222,38687,38697,10
13.0080404282,80.2340316772,38697,38707,10
13.0082702637,80.2328567505,38707,38717,10
13.0085201263,80.2315826416,38717,38727,10
13.0087604523,80.2304077148,38727,38737,10
13.0090198517,80.2291107178,38737,38747,10
13.0093803406,80.2278213501,38747,38758,11
13.0100002289,80.2265167236,38758,38768,10
13.0104904175,80.2254867554,38768,38778,10
13.010840416,80.2248001099,38778,38788,10
13.0109901428,80.2244262695,38788,38798,10
13.0110397339,80.2242965698,38798,38808,10
13.011059761,80.2241287231,38808,38818,10
13.0112600327,80.2237091064,38818,38828,10
13.0114603043,80.2232208252,38828,38838,10
13.0117301941,80.2224807739,38838,38848,10
13.0120897293,80.2216796875,38848,38858,10
13.0124397278,80.2216567993,38858,38868,10
13.0128002167,80.2221832275,38868,38879,11
13.0133895874,80.2227935791,38879,38889,10
13.0139398575,80.2233886719,38889,38899,10
13.0142297745,80.2238235474,38899,38909,10
13.0147600174,80.2243728638,38909,38919,10
13.015250206,80.2247924805,38919,38929,10
13.0152797699,80.2248001099,38929,38939,10
13.01541996,80.2249298096,38939,38949,10
13.0155000687,80.2249984741,38949,38959,10
13.0155897141,80.2250595093,38959,38969,10
13.0157203674,80.225151062,38969,38980,11
13.0162601471,80.2253417969,38980,38990,10
13.0171098709,80.225112915,38990,39000,10
13.0179004669,80.2247695923,39000,39010,10
13.0185804367,80.2244796753,39010,39020,10
13.0192899704,80.224281311,39020,39040,20
13.0192899704,80.224281311,39040,39050,10
13.0194597244,80.224357605,39050,39060,10
13.0195903778,80.2244415283,39060,39070,10
13.0197601318,80.2245407104,39070,39080,10
13.0198097229,80.2245788574,39080,39096,16
13.0198602676,80.2246398926,39096,39109,13
13.0202798843,80.2249069214,39109,39119,10
13.0204801559,80.2250289917,39119,39129,10
13.0207901001,80.2252426147,39129,39138,9
13.0209197998,80.2253265381,39138,39151,13
13.0210199356,80.2253875732,39151,39161,10
13.0211200714,80.2255020142,39161,39171,10
13.0215301514,80.2258224487,39171,39180,9
13.0217504501,80.225982666,39180,39191,11
13.0218801498,80.2260818481,39191,39202,11
13.0220298767,80.2261810303,39202,39232,30
13.0220298767,80.2261810303,39232,39242,10
13.0223197937,80.2264785767,39242,39262,20
13.0223197937,80.2264785767,39262,39272,10
13.0225095749,80.2266616821,39272,39282,10
13.0227804184,80.226890564,39282,39292,10
13.023059845,80.2271194458,39292,39313,21
13.023229599,80.2272872925,39313,39343,30
13.023229599,80.2272872925,39343,39353,10
13.023440361,80.2275085449,39353,39363,10
13.0236997604,80.2276916504,39363,39373,10
13.0238704681,80.2278366089,39373,39383,10
13.0242004395,80.2281799316,39383,39403,20
13.0243196487,80.2282791138,39403,39424,21
13.0243196487,80.2282791138,39424,39434,10
13.0243797302,80.2284011841,39434,39444,10
13.0245895386,80.2287368774,39444,39454,10
13.0248098373,80.2290802002,39454,39464,10
13.0250902176,80.2294311523,39464,39474,10
13.0254201889,80.229850769,39474,39484,10
13.0256004333,80.2301330566,39484,39494,10
13.0257501602,80.2303771973,39494,39504,10
13.0258197784,80.2305603027,39504,39514,10
13.0258903503,80.2307434082,39514,39524,10
13.0259799957,80.2309799194,39524,39535,11
13.0261802673,80.2313079834,39535,39545,10
13.0267496109,80.2312011719,39545,39555,10
13.0276298523,80.2310180664,39555,39565,10
13.0285997391,80.2308578491,39565,39585,20
13.0285997391,80.2308578491,39585,39594,9
13.0287399292,80.2309112549,39594,39605,11
13.0292196274,80.2308425903,39605,39635,30
13.0292196274,80.2308425903,39635,39646,11
13.0292901993,80.2307662964,39646,39656,10
13.0297002792,80.2307510376,39656,39666,10
13.0303897858,80.230682373,39666,39686,20
13.0303897858,80.230682373,39686,39696,10
13.0306100845,80.230682373,39696,39706,10
13.0307197571,80.2305984497,39706,39716,10
13.0306596756,80.2302703857,39716,39726,10
13.0305500031,80.229850769,39726,39736,10
13.030380249,80.2294921875,39736,39746,10
13.0303096771,80.2288665771,39746,39757,11
13.0303297043,80.2284011841,39757,39767,10
13.0303401947,80.2283401489,39767,39777,10
13.0303697586,80.2282409668,39777,39787,10
13.0304002762,80.2278594971,39787,39797,10
13.0303697586,80.2275009155,39797,39807,10
13.0297603607,80.2273864746,39807,39817,10
13.0289001465,80.2272186279,39817,39827,10
13.0284204483,80.2271499634,39827,39837,10
13.0279502869,80.2270431519,39837,39847,10
13.0279197693,80.2266235352,39847,39857,10
13.0280704498,80.2259597778,39857,39868,11
13.0282402039,80.2250213623,39868,39878,10
13.0284204483,80.2241821289,39878,39887,9
13.0287799835,80.2239990234,39887,39898,11
13.0288095474,80.2240066528,39898,39908,10
13.028960228,80.2241821289,39908,39918,10
13.029419899,80.2242965698,39918,39928,10
13.0301799774,80.224319458,39928,39938,10
13.0309801102,80.2242889404,39938,39948,10
13.031129837,80.2239303589,39948,39958,10
13.0311498642,80.2234420776,39958,39968,10
13.0311803818,80.2232208252,39968,39979,11
13.0312204361,80.2231216431,39979,39989,10
13.0313100815,80.2227325439,39989,39999,10
13.0316400528,80.2221832275,39999,40008,9
13.0319404602,80.2215881348,40008,40019,11
13.0321397781,80.2208099365,40019,40029,10
13.0321998596,80.2200088501,40029,40039,10
13.03221035,80.2197570801,40039,40049,10
13.0322198868,80.2195205688,40049,40059,10
13.0322198868,80.2189178467,40059,40069,10
13.0318803787,80.2184829712,40069,40079,10
13.0314702988,80.2180175781,40079,40090,11
13.0313997269,80.2171401978,40090,40100,10
13.0312404633,80.2169723511,40100,40110,10
13.0307798386,80.2169418335,40110,40120,10
13.0304203033,80.2166976929,40120,40130,10
13.0304098129,80.2164916992,40130,40140,10
13.0304002762,80.2159423828,40140,40150,10
13.0303497314,80.215171814,40150,40160,10
13.0303297043,80.2147674561,40160,40170,10
13.030380249,80.2145385742,40170,40180,10
13.0304203033,80.2143783569,40180,40190,10
13.0304803848,80.2138519287,40190,40201,11
13.0305299759,80.2135162354,40201,40211,10
13.0305900574,80.2130126953,40211,40220,9
13.030670166,80.2122879028,40220,40231,11
13.0307998657,80.2116622925,40231,40241,10
13.0308599472,80.2111587524,40241,40251,10
13.0309200287,80.2108306885,40251,40261,10
13.0309295654,80.2102508545,40261,40271,10
13.0311603546,80.2094268799,40271,40998,727
13.0311603546,80.2094268799,40998,41008,10
13.0413999557,80.1973495483,41008,41018,10
13.0412502289,80.1975479126,41018,41028,10
13.0411396027,80.1980133057,41028,41038,10
13.0410604477,80.198638916,41038,41048,10
13.0410203934,80.1993179321,41048,41058,10
13.041009903,80.1994400024,41058,41068,10
13.0409097672,80.1999435425,41068,41078,10
13.0408000946,80.2006988525,41078,41089,11
13.0406799316,80.2016830444,41089,41099,10
13.040599823,80.2019424438,41099,41109,10
13.0405597687,80.2023391724,41109,41125,16
13.0404996872,80.202911377,41125,41137,12
13.0403995514,80.2035598755,41137,41145,8
13.0402803421,80.2042617798,41145,41157,12
13.0402402878,80.2049484253,41157,41167,10
13.0405797958,80.2050094604,41167,41177,10
13.0411500931,80.2050933838,41177,41187,10
13.0413103104,80.2051773071,41187,41198,11
13.04185009,80.2052612305,41198,41208,10
13.042550087,80.205406189,41208,41218,10
13.0429601669,80.2059783936,41218,41228,10
13.043510437,80.2067337036,41228,41238,10
13.0439596176,80.2074203491,41238,41258,20
13.0441598892,80.2086029053,41258,41270,12
13.0441904068,80.2089767456,41270,41278,8
13.0441799164,80.2091674805,41278,41290,12
13.0441799164,80.2096862793,41290,41300,10
13.0442199707,80.2104721069,41300,41311,11
13.044260025,80.2115631104,41311,41321,10
13.0443201065,80.2120437622,41321,41331,10
13.0444202423,80.2121963501,41331,41341,10
13.0448799133,80.2122116089,41341,41351,10
13.0456600189,80.2122268677,41351,41361,10
13.0464801788,80.2122421265,41361,41371,10
13.0468597412,80.2122421265,41371,41411,40
13.0468597412,80.2122421265,41411,41422,11
13.0470504761,80.2118988037,41422,41432,10
13.0470199585,80.211479187,41432,41442,10
13.0469799042,80.2109298706,41442,41452,10
13.047369957,80.2108078003,41452,41462,10
13.047949791,80.2107620239,41462,41472,10
13.0484399796,80.2107696533,41472,41482,10
13.0490903854,80.2107315063,41482,41492,10
13.0495595932,80.2107391357,41492,41502,10
13.0496702194,80.2104797363,41502,41512,10
13.0495796204,80.2098236084,41512,41522,10
13.0495004654,80.2094116211,41522,41533,11
13.0495195389,80.2091827393,41533,41544,11
13.0494804382,80.2088088989,41544,41554,10
13.0493097305,80.2082824707,41554,41564,10
13.0490703583,80.2076797485,41564,41574,10
13.0488796234,80.2071990967,41574,41584,10
13.0490703583,80.2068786621,41584,41766,182
13.0490198135,80.2072601318,41766,41846,80
13.0490198135,80.2072601318,41846,41857,11
13.049030304,80.2073822021,41857,41877,20
13.049030304,80.2073822021,41877,41887,10
13.0490398407,80.2076416016,41887,41897,10
13.0492200851,80.208190918,41897,41907,10
13.0494098663,80.2088470459,41907,41917,10
13.0495595932,80.2096862793,41917,41927,10
13.0496797562,80.2105178833,41927,41937,10
13.0497102737,80.2108383179,41937,41947,10
13.0497503281,80.2112121582,41947,41957,10
13.0498199463,80.211479187,41957,41968,11
13.0498800278,80.2119598389,41968,41978,10
13.0497503281,80.2121200562,41978,41988,10
13.0495195389,80.2121200562,41988,41997,9
13.0491104126,80.2121582031,41997,42008,11
13.048500061,80.2121963501,42008,42018,10
13.047659874,80.2122573853,42018,42028,10
13.0467700958,80.2123413086,42028,42038,10
13.0459098816,80.2124023438,42038,42048,10
13.0455303192,80.2124176025,42048,42058,10
13.0453901291,80.2124023438,42058,42068,10
13.0450401306,80.2124023438,42068,42078,10
13.044549942,80.2124404907,42078,42188,110
13.044549942,80.2124404907,42188,42197,9
13.0443096161,80.2121276855,42197,42208,11
13.0442399979,80.2113800049,42208,42218,10
13.0442199707,80.2104721069,42218,42228,10
13.0441398621,80.2095794678,42228,42239,11
13.0441102982,80.2089309692,42239,42259,20
13.0441102982,80.2089309692,42259,42269,10
13.0440797806,80.2088165283,42269,42279,10
13.0440702438,80.2083129883,42279,42289,10
13.0438203812,80.2074279785,42289,42299,10
13.043299675,80.2065582275,42299,42310,11
13.0426502228,80.205619812,42310,42320,10
13.0417604446,80.2050018311,42320,42330,10
13.0409402847,80.204460144,42330,42340,10
13.040719986,80.205116272,42340,42350,10
13.0406303406,80.2050628662,42350,42421,71
13.0406303406,80.2050628662,42421,42431,10
13.0387601852,80.2025909424,42431,42502,71
13.0387601852,80.2025909424,42502,42518,16
13.0389099121,80.1991500854,42518,42530,12
13.039059639,80.1984634399,42530,42540,10
13.0391397476,80.1978378296,42540,42548,8
13.039270401,80.1970825195,42548,42560,12
13.039270401,80.1969070435,42560,42570,10
13.0392799377,80.1966629028,42570,42580,10
13.0393800735,80.1962890625,42580,42590,10
13.039440155,80.1957778931,42590,42600,10
13.0396003723,80.1950378418,42600,42610,10
13.039730072,80.1940689087,42610,42620,10
13.0397901535,80.1932983398,42620,42630,10
13.0397796631,80.1932067871,42630,42641,11
13.039730072,80.193069458,42641,42651,10
13.0395097733,80.1930007935,42651,42660,9
13.0390100479,80.1929397583,42660,42671,11
13.0387001038,80.1929092407,42671,42680,9
13.0386199951,80.1929092407,42680,42691,11
13.0382795334,80.1928482056,42691,42701,10
13.0376596451,80.1930236816,42701,42711,10
13.0375299454,80.1938018799,42711,42721,10
13.0374202728,80.1946563721,42721,42731,10
13.0372800827,80.1955413818,42731,42742,11
13.0372200012,80.1959991455,42742,42752,10
13.0371599197,80.1962127686,42752,42762,10
13.0369997025,80.1967391968,42762,42772,10
13.036860466,80.1975402832,42772,42782,10
13.0367698669,80.198638916,42782,42802,20
13.0367698669,80.198638916,42802,42812,10
13.0367002487,80.1989593506,42812,42822,10
13.0366401672,80.1996078491,42822,42832,10
13.03647995,80.2005004883,42832,42842,10
13.0363302231,80.2013092041,42842,42851,9
13.0362997055,80.2017364502,42851,42863,12
13.0362796783,80.2017974854,42863,42873,10
13.0362997055,80.2018890381,42873,42883,10
13.0361795425,80.2023696899,42883,42893,10
13.03606987,80.2030715942,42893,42903,10
13.0359897614,80.2038192749,42903,42913,10
13.0359601974,80.2043914795,42913,42923,10
13.0358600616,80.2049407959,42923,42933,10
13.0357398987,80.2056884766,42933,42943,10
13.0356798172,80.2061080933,42943,42954,11
13.0355701447,80.206817627,42954,42964,10
13.0354404449,80.2076797485,42964,42974,10
13.0354099274,80.2080612183,42974,42984,10
13.035369873,80.2083435059,42984,42994,10
13.0353603363,80.2083435059,42994,43004,10
13.0352497101,80.2087783813,43004,43014,10
13.0351495743,80.2095336914,43014,43024,10
13.0350503922,80.2101974487,43024,43034,10
13.0348901749,80.2108535767,43034,43044,10
13.034740448,80.2116012573,43044,43054,10
13.0347099304,80.2117996216,43054,43064,10
13.0347204208,80.2118835449,43064,43075,11
13.0346298218,80.2121200562,43075,43085,10
13.0341901779,80.2121200562,43085,43095,10
13.0337400436,80.2120819092,43095,43105,10
13.0329399109,80.2119827271,43105,43115,10
13.0326499939,80.2119674683,43115,43125,10
13.0325803757,80.2119369507,43125,43135,10
13.0321798325,80.2118682861,43135,43145,10
13.0319299698,80.2113800049,43145,43155,10
13.0320901871,80.2105178833,43155,43165,10
13.0320501328,80.2097320557,43165,43174,9
13.0314598083,80.209487915,43174,43186,12
13.0305404663,80.2092437744,43186,43196,10
13.030500412,80.209197998,43196,43206,10
13.0301799774,80.2092514038,43206,43216,10
13.0300197601,80.2096405029,43216,43226,10
13.0299901962,80.2098007202,43226,43236,10
13.0304298401,80.2099304199,43236,43246,10
13.0309200287,80.2100524902,43246,43256,10
13.0310001373,80.2101669312,43256,43266,10
13.0308303833,80.2104415894,43266,43276,10
13.0308504105,80.2110671997,43276,43287,11
13.0307598114,80.2116165161,43287,43297,10
13.0306797028,80.2119369507,43297,43307,10
13.030500412,80.2127914429,43307,43317,10
13.0304698944,80.2135696411,43317,43327,10
13.0303897858,80.2138824463,43327,43337,10
13.0303001404,80.2141799927,43337,43347,10
13.03028965,80.2153930664,43347,43418,71
13.03028965,80.2153930664,43418,43428,10
13.0315999985,80.2177581787,43428,43438,10
13.0316400528,80.2184371948,43438,43448,10
13.0322599411,80.2185592651,43448,43458,10
13.0322303772,80.2191390991,43458,43468,10
13.0321998596,80.219619751,43468,43478,10
13.032119751,80.2201004028,43478,43488,10
13.032119751,80.2203674316,43488,43498,10
13.032119751,80.2204971313,43498,43508,10
13.0320301056,80.2210464478,43508,43519,11
13.0317401886,80.2218780518,43519,43529,10
13.0314397812,80.2224807739,43529,43539,10
13.0311803818,80.2230377197,43539,43549,10
13.0311098099,80.223739624,43549,43559,10
13.0310497284,80.224319458,43559,43569,10
13.0305299759,80.2243728638,43569,43579,10
13.0299100876,80.2243881226,43579,43589,10
13.029299736,80.224357605,43589,43599,10
13.0291204453,80.224281311,43599,43609,10
13.0289297104,80.2240982056,43609,43619,10
13.0285396576,80.2242736816,43619,43629,10
13.0282697678,80.2249984741,43629,43646,17
13.027970314,80.2261962891,43646,43658,12
13.0278100967,80.2269363403,43658,43668,10
13.0277204514,80.2273483276,43668,43688,20
13.0277204514,80.2273483276,43688,43698,10
13.0296297073,80.2273483276,43698,43704,6
13.030090332,80.2274169922,43704,43707,3
13.0303001404,80.2274475098,43707,43753,46
13.0302696228,80.2290496826,43753,43763,10
13.0303897858,80.2295684814,43763,43773,10
13.0304698944,80.2297897339,43773,43783,10
13.0305900574,80.2300796509,43783,43793,10
13.0306196213,80.2301864624,43793,43803,10
13.0306396484,80.230430603,43803,43813,10
13.0306301117,80.2306976318,43813,43823,10
13.0304403305,80.2307662964,43823,43833,10
13.0302095413,80.2308197021,43833,43844,11
13.0300703049,80.2308502197,43844,43855,11
13.029800415,80.2308578491,43855,43865,10
13.0294599533,80.2309036255,43865,43875,10
13.0287599564,80.2310028076,43875,43885,10
13.028169632,80.2310562134,43885,43895,10
13.0278596878,80.2310333252,43895,43905,10
13.0276403427,80.2312011719,43905,43915,10
13.0276002884,80.2316207886,43915,43925,10
13.0276603699,80.2320785522,43925,43935,10
13.0277204514,80.2325820923,43935,43945,10
13.0272302628,80.2328262329,43945,43996,51
13.0272302628,80.2328262329,43996,44006,10
13.0271100998,80.2329483032,44006,44016,10
13.0270595551,80.232963562,44016,44026,10
13.0266103745,80.232963562,44026,44036,10
13.0263395309,80.2325592041,44036,44046,10
13.026140213,80.2317733765,44046,44056,10
13.0258302689,80.2308197021,44056,44067,11
13.0252504349,80.2298812866,44067,44077,10
13.0249204636,80.2294387817,44077,44087,10
13.0248003006,80.2293014526,44087,44097,10
13.0245895386,80.2290496826,44097,44107,10
13.0242395401,80.2285995483,44107,44117,10
13.0238399506,80.2281112671,44117,44127,10
13.0238399506,80.2281036377,44127,44137,10
13.0236997604,80.2279891968,44137,44147,10
13.0232696533,80.2275619507,44147,44157,10
13.0226602554,80.2270431519,44157,44167,10
13.0220403671,80.2264175415,44167,44177,10
13.0212802887,80.2258071899,44177,44188,11
13.0204801559,80.2251815796,44188,44198,10
13.0199403763,80.2248382568,44198,44207,9
13.0196304321,80.224647522,44207,44218,11
13.0188598633,80.2245101929,44218,44228,10
13.0177602768,80.224937439,44228,44238,10
13.0167198181,80.2253570557,44238,44248,10
13.0160303116,80.2256317139,44248,44258,10
13.0151796341,80.2259292603,44258,44268,10
13.0143404007,80.2262802124,44268,44278,10
13.0141201019,80.2263793945,44278,44288,10
13.0139799118,80.2264099121,44288,44299,11
13.013420105,80.2266311646,44299,44309,10
13.0126399994,80.2269592285,44309,44319,10
13.011639595,80.2273406982,44319,44329,10
13.0104703903,80.2277832031,44329,44339,10
13.0093698502,80.2282485962,44339,44349,10
13.0089797974,80.2292175293,44349,44359,10
13.0087099075,80.2304763794,44359,44369,10
13.0084600449,80.2316589355,44369,44379,10
13.0082702637,80.2328262329,44379,44389,10
13.0081396103,80.2336196899,44389,44399,10
13.0081396103,80.2336502075,44399,44410,11
13.0080299377,80.2340087891,44410,44420,10
13.007900238,80.234703064,44420,44430,10
13.0076999664,80.2356185913,44430,44440,10
13.0074996948,80.2367706299,44440,44450,10
13.007349968,80.2374572754,44450,44460,10
13.007349968,80.2375030518,44460,44470,10
13.0073299408,80.2376480103,44470,44480,10
13.0072498322,80.2380065918,44480,44490,10
13.0072202682,80.2383422852,44490,44500,10
13.007109642,80.2387695313,44500,44510,10
13.0069999695,80.2392425537,44510,44561,51
13.0069999695,80.2392425537,44561,44571,10
13.0070295334,80.2396087646,44571,44581,10
13.0068798065,80.2401733398,44581,44591,10
13.0068101883,80.2406921387,44591,44601,10
13.0067501068,80.2408676147,44601,44611,10
13.0066795349,80.2414474487,44611,44621,10
13.0066699982,80.2421035767,44621,44631,10
13.0066604614,80.2423400879,44631,44642,11
13.0066299438,80.2426986694,44642,44652,10
13.0066003799,80.2430419922,44652,44672,20
13.0066003799,80.2430419922,44672,44682,10
13.0066099167,80.2433624268,44682,44692,10
13.0065898895,80.2437820435,44692,44702,10
13.0065498352,80.2442474365,44702,44712,10
13.0065202713,80.2448196411,44712,44722,10
13.0065603256,80.2449798584,44722,44732,10
13.0066003799,80.2452926636,44732,44743,11
13.0066299438,80.2458114624,44743,44753,10
13.0066404343,80.2463531494,44753,44763,10
13.0066404343,80.2469787598,44763,44773,10
13.0066404343,80.247756958,44773,44783,10
13.0066900253,80.2487030029,44783,44793,10
13.0067996979,80.2495193481,44793,44803,10
13.0068101883,80.2495574951,44803,44813,10
13.0068101883,80.2497177124,44813,44823,10
13.0067396164,80.2502670288,44823,44833,10
13.0067796707,80.2510910034,44833,44844,11
13.0065898895,80.2520217896,44844,44854,10
13.0065097809,80.2531585693,44854,44864,10
13.0065498352,80.2543106079,44864,44874,10
13.0065898895,80.2547683716,44874,44884,10
13.0065698624,80.2548294067,44884,44894,10
13.0064601898,80.2550811768,44894,44904,10
13.0064897537,80.2557983398,44904,44914,10
13.0065698624,80.2567825317,44914,44945,31
13.0065698624,80.2567825317,44945,44955,10
13.006529808,80.257019043,44955,44965,10
13.0066404343,80.2574005127,44965,44975,10
13.0063400269,80.2575073242,44975,44985,10
13.0062303543,80.2574768066,44985,44996,11
13.0058698654,80.2574462891,44996,45017,21
13.0058698654,80.2574462891,45017,45027,10
13.0056295395,80.2573394775,45027,45047,20
13.0056295395,80.2573394775,45047,45057,10
13.005279541,80.2572097778,45057,45068,11
13.0049800873,80.2572174072,45068,45078,10
13.0045204163,80.2571716309,45078,45189,111
13.0045204163,80.2571716309,45189,45199,10
13.0040998459,80.2569885254,45199,45209,10
13.0038900375,80.2570114136,45209,45219,10
13.0035495758,80.256942749,45219,45229,10
13.0034399033,80.2569198608,45229,45239,10
13.0031995773,80.2568588257,45239,45279,40
13.0031604767,80.2568664551,45279,45300,21
13.0031604767,80.2568664551,45300,45310,10
13.0026197433,80.256729126,45310,45330,20
13.0026197433,80.256729126,45330,45340,10
13.0018396378,80.2565612793,45340,45411,71
13.0018396378,80.2565612793,45411,45421,10
13.0013399124,80.2565765381,45421,45431,10
13.0006504059,80.2564620972,45431,45441,10
13.0002202988,80.2563705444,45441,45451,10
13.0001401901,80.2563934326,45451,45461,10
12.9996004105,80.2562637329,45461,45471,10
12.9992399216,80.2561798096,45471,45481,10
12.9986400604,80.256072998,45481,45491,10
12.9980201721,80.2559967041,45491,45501,10
12.9976797104,80.2559890747,45501,45512,11
12.9975204468,80.2559967041,45512,45522,10
12.9972801208,80.2559814453,45522,45532,10
12.9969701767,80.2561721802,45532,45542,10
12.9968004227,80.256690979,45542,45552,10
12.9968004227,80.2569885254,45552,45562,10
12.9968099594,80.2571334839,45562,45572,10
12.9967403412,80.257598877,45572,45582,10
12.9966201782,80.2583389282,45582,45592,10
12.9965400696,80.2590179443,45592,45602,10
12.9963798523,80.2595825195,45602,45612,10
12.9962997437,80.2603683472,45612,45623,11
12.9962396622,80.2614593506,45623,45633,10
12.9960699081,80.2624206543,45633,45653,20
12.9960699081,80.2624206543,45653,45663,10
12.9960803986,80.2626190186,45663,45673,10
12.9959001541,80.2631378174,45673,45683,10
12.9958896637,80.2639389038,45683,45693,10
12.9958600998,80.2648620605,45693,45703,10
12.9957304001,80.2652816772,45703,45713,10
12.9955997467,80.2658615112,45713,45724,11
12.9955701828,80.2668380737,45724,45734,10
12.9955997467,80.2675704956,45734,45744,10
12.9959802628,80.2676620483,45744,45754,10
12.9960899353,80.2676773071,45754,45764,10
12.9962596893,80.2677001953,45764,45774,10
12.9968795776,80.2675933838,45774,45784,10
12.9977998734,80.2673797607,45784,45794,10
12.9987201691,80.2671203613,45794,45804,10
12.9994697571,80.2669219971,45804,45814,10
13.0000495911,80.2666168213,45814,45841,27
13.0000495911,80.2666168213,45841,45853,12
13.0000801086,80.2662200928,45853,45863,10
13.0002002716,80.2657470703,45863,45873,10
13.0003099442,80.2658920288,45873,46014,141
13.0003299713,80.266166687,46014,46176,162
13.0003299713,80.266166687,46176,46186,10
13.0002803802,80.2661590576,46186,46286,100
13.0002698898,80.2661895752,46286,46438,152
13.0003795624,80.2662124634,46438,46519,81
13.0003795624,80.2662124634,46519,46529,10
13.0002498627,80.2663574219,46529,46539,10
13.0002202988,80.2666625977,46539,46549,10
13.0000600815,80.2668304443,46549,46559,10
12.9995803833,80.2669830322,46559,46569,10
12.9988203049,80.2671966553,46569,46579,10
12.9980401993,80.2674026489,46579,46589,10
12.9976797104,80.267539978,46589,46599,10
12.9970998764,80.2677001953,46599,46609,10
12.9964704514,80.2677764893,46609,46620,11
12.9959096909,80.2677764893,46620,46630,10
12.9956798553,80.2676620483,46630,46640,10
12.9956598282,80.2674102783,46640,46650,10
12.9956798553,80.2671966553,46650,46660,10
12.9957399368,80.2667007446,46660,46670,10
12.9958200455,80.2659606934,46670,46680,10
12.9959001541,80.2651367188,46680,46690,10
12.9959602356,80.264541626,46690,46700,10
12.9960603714,80.2638626099,46700,46710,10
12.9961204529,80.2632293701,46710,46720,10
12.9961500168,80.2627868652,46720,46730,10
12.9961500168,80.2627410889,46730,46741,11
12.9961395264,80.2625427246,46741,46751,10
12.9961996078,80.2620620728,46751,46761,10
12.9962797165,80.261390686,46761,46771,10
12.9963903427,80.2607192993,46771,46781,10
12.9964199066,80.2601013184,46781,46791,10
12.9964103699,80.2595672607,46791,46801,10
12.9965000153,80.2593765259,46801,46811,10
12.9965200424,80.2588424683,46811,46821,10
12.9966096878,80.2580184937,46821,46831,10
12.9967298508,80.2569732666,46831,46852,21
12.9967298508,80.2569732666,46852,46862,10
12.9967699051,80.2568588257,46862,46872,10
12.9967603683,80.2563323975,46872,46882,10
12.9969797134,80.2558364868,46882,46892,10
12.997590065,80.2558822632,46892,46902,10
12.9987001419,80.2560119629,46902,46922,20
12.9987001419,80.2560119629,46922,46932,10
12.9990701675,80.2560806274,46932,46952,20
12.9990701675,80.2560806274,46952,46963,11
12.9991998672,80.2560806274,46963,46973,10
12.999540329,80.2561416626,46973,46983,10
13.0002098083,80.2562637329,46983,46993,10
13.0010099411,80.2564315796,46993,47023,30
13.0010099411,80.2564315796,47023,47033,10
13.0013103485,80.2565002441,47033,47043,10
13.0016899109,80.2565765381,47043,47053,10
13.0021800995,80.2566299438,47053,47063,10
13.0027999878,80.2567596436,47063,47074,11
13.0034103394,80.2568664551,47074,47084,10
13.0040998459,80.2569885254,47084,47094,10
13.0048398972,80.2571411133,47094,47104,10
13.0056295395,80.2572174072,47104,47114,10
13.0062599182,80.2573318481,47114,47124,10
13.0064697266,80.2574234009,47124,47140,16
13.0065202713,80.2568435669,47140,47152,12
13.0064401627,80.2562026978,47152,47161,9
13.0064401627,80.2559967041,47161,47172,11
13.0064401627,80.2557678223,47172,47183,11
13.0064401627,80.2554473877,47183,47193,10
13.0064601898,80.2550506592,47193,47203,10
13.0064697266,80.2543563843,47203,47213,10
13.0064496994,80.2538604736,47213,47223,10
13.0064601898,80.2533721924,47223,47243,20
13.0064601898,80.2533721924,47243,47253,10
13.0064601898,80.2530822754,47253,47263,10
13.0064897537,80.2525405884,47263,47273,10
13.0066003799,80.2518997192,47273,47283,10
13.0067195892,80.2513198853,47283,47294,11
13.0067396164,80.250617981,47294,47304,10
13.0067300797,80.2498779297,47304,47314,10
13.0067195892,80.2490997314,47314,47324,10
13.0066795349,80.248588562,47324,47334,10
13.006649971,80.2485275269,47334,47344,10
13.006649971,80.2484207153,47344,47354,10
13.0066404343,80.2482681274,47354,47415,61
13.0066404343,80.2482681274,47415,47425,10
13.0066003799,80.2480010986,47425,47435,10
13.0066003799,80.2473678589,47435,47445,10
13.0065698624,80.2466506958,47445,47455,10
13.0065698624,80.2465591431,47455,47465,10
13.0065698624,80.246421814,47465,47475,10
13.0066099167,80.2459793091,47475,47485,10
13.0066404343,80.2454071045,47485,47495,10
13.0066604614,80.2449035645,47495,47506,11
13.0066204071,80.244468689,47506,47516,10
13.0066003799,80.243927002,47516,47526,10
13.0065498352,80.2433929443,47526,47536,10
13.0066003799,80.2426071167,47536,47546,10
13.0065898895,80.2417373657,47546,47556,10
13.0066003799,80.241569519,47556,47566,10
13.0066204071,80.2413406372,47566,47576,10
13.0066604614,80.2408905029,47576,47586,10
13.0067501068,80.2404403687,47586,47596,10
13.0068798065,80.2397918701,47596,47606,10
13.0070400238,80.2389984131,47606,47617,11
13.0072002411,80.238067627,47617,47627,10
13.0073900223,80.2372436523,47627,47637,10
13.0074195862,80.2369003296,47637,47647,10
13.0074300766,80.2368774414,47647,47657,10
13.0074796677,80.2366790771,47657,47667,10
13.007610321,80.2361831665,47667,47677,10
13.0077295303,80.235458374,47677,47687,10
13.0078201294,80.2351608276,47687,47697,10
13.0078897476,80.2348937988,47697,47707,10
13.0079898834,80.2341766357,47707,47718,11
13.0082302094,80.2330474854,47718,47728,10
13.0084896088,80.2318191528,47728,47738,10
13.0087003708,80.2306976318,47738,47748,10
13.0089197159,80.2294616699,47748,47758,10
13.0092000961,80.2282409668,47758,47768,10
13.0096302032,80.227180481,47768,47778,10
13.0101003647,80.2261581421,47778,47788,10
13.0105199814,80.2252426147,47788,47798,10
13.0108299255,80.2245483398,47798,47808,10
13.0111303329,80.2238235474,47808,47818,10
13.0113801956,80.2230300903,47818,47828,10
13.0116701126,80.2222137451,47828,47839,11
13.012140274,80.2214431763,47839,47849,10
13.0125198364,80.2217025757,47849,47859,10
13.0129995346,80.2223434448,47859,47869,10
13.0136404037,80.2229995728,47869,47879,10
13.0141201019,80.2236175537,47879,47889,10
13.014289856,80.2240219116,47889,47905,16
13.0153503418,80.2248916626,47905,47917,12
13.0154695511,80.2249526978,47917,47925,8
13.0155601501,80.2250137329,47925,47937,12
13.0159397125,80.2253036499,47937,47947,10
13.0166196823,80.2252731323,47947,47958,11
13.0174999237,80.224937439,47958,47968,10
13.0183601379,80.2245788574,47968,47977,9
13.018989563,80.224319458,47977,47988,11
13.0193796158,80.2242965698,47988,47998,10
13.0194501877,80.224319458,47998,48007,9
13.0195198059,80.2243804932,48007,48017,10
13.0196304321,80.2244567871,48017,48028,11
13.0199403763,80.2246932983,48028,48037,9
13.0204000473,80.2250289917,48037,48048,11
13.0209102631,80.2253875732,48048,48059,11
13.0214195251,80.2258071899,48059,48069,10
13.0219602585,80.2262115479,48069,48079,10
13.0225095749,80.2267074585,48079,48089,10
13.0231399536,80.2272567749,48089,48099,10
13.0236701965,80.227722168,48099,48109,10
13.0241699219,80.228187561,48109,48119,10
13.0243597031,80.2283782959,48119,48129,10
13.024600029,80.2287826538,48129,48139,10
13.0249996185,80.2293701172,48139,48149,10
13.0255298615,80.2300567627,48149,48159,10
13.0259504318,80.2308883667,48159,48176,17
13.0264902115,80.2312164307,48176,48188,12
13.0273704529,80.2309799194,48188,48197,9
13.0280799866,80.2309494019,48197,48208,11
13.0284996033,80.2308883667,48208,48218,10
13.0285701752,80.2308502197,48218,48228,10
13.0289897919,80.2308502197,48228,48236,8
13.029129982,80.2308578491,48236,48250,14
13.0293598175,80.2308502197,48250,48260,10
13.0297603607,80.2307815552,48260,48270,10
13.0303401947,80.2307128906,48270,48280,10
13.0306596756,80.2306137085,48280,48291,11
13.0306396484,80.2302703857,48291,48301,10
13.0305204391,80.2297515869,48301,48311,10
13.0303401947,80.2290496826,48311,48321,10
13.0303697586,80.2283782959,48321,48344,23
13.0304298401,80.2277297974,48344,48356,12
13.0302400589,80.2274627686,48356,48366,10
13.0295696259,80.2273712158,48366,48376,10
13.0287904739,80.2272567749,48376,48386,10
13.028380394,80.2271575928,48386,48396,10
13.0279998779,80.2270278931,48396,48406,10
13.0279302597,80.2266235352,48406,48417,11
13.0280399323,80.2259216309,48417,48427,10
13.0282001495,80.225227356,48427,48437,10
13.0283603668,80.224571228,48437,48447,10
13.0284900665,80.2240066528,48447,48457,10
13.0287799835,80.2240066528,48457,48467,10
13.028840065,80.2240600586,48467,48475,8
13.0290203094,80.2241973877,48475,48486,11
13.0296001434,80.2242507935,48486,48498,12
13.0304298401,80.2242584229,48498,48508,10
13.0310001373,80.2242584229,48508,48518,10
13.0311002731,80.2237701416,48518,48528,10
13.0311803818,80.2232208252,48528,48538,10
13.0311899185,80.2231826782,48538,48548,10
13.03125,80.2228317261,48548,48558,10
13.031539917,80.222328186,48558,48568,10
13.0318603516,80.2217102051,48568,48578,10
13.0321102142,80.2209396362,48578,48599,21
13.0322303772,80.2197799683,48599,48612,13
13.0322904587,80.2196121216,48612,48622,10
13.0322303772,80.2191162109,48622,48632,10
13.0321998596,80.2185897827,48632,48642,10
13.0315799713,80.2183303833,48642,48651,9
13.0314903259,80.2176208496,48651,48661,10
13.031419754,80.2171096802,48661,48672,11
13.0311899185,80.2170028687,48672,48682,10
13.0307197571,80.2170028687,48682,48692,10
13.0305099487,80.2167816162,48692,48702,10
13.0305595398,80.2166671753,48702,48712,10
13.030500412,80.2163391113,48712,48722,10
13.0304203033,80.2158508301,48722,48733,11
13.0303201675,80.2150192261,48733,48743,10
13.0303602219,80.2145385742,48743,48753,10
13.030380249,80.2145080566,48753,48763,10
13.0304498672,80.2142410278,48763,48773,10
13.0305404663,80.2137680054,48773,48783,10
13.0305700302,80.2135467529,48783,48793,10
13.0305595398,80.2134094238,48793,48803,10
13.0306596756,80.2129135132,48803,48813,10
13.0307197571,80.2122802734,48813,48823,10
13.03083992,80.2116622925,48823,48834,11
13.0308904648,80.2111968994,48834,48844,10
13.0309200287,80.2109603882,48844,48854,10
13.0309495926,80.2104415894,48854,48864,10
13.0309495926,80.2101135254,48864,48874,10
13.0308103561,80.2100067139,48874,48890,16
13.0307598114,80.2099761963,48890,48902,12
13.029589653,80.2094192505,48902,48912,10
13.0301198959,80.2092132568,48912,48932,20
13.0301198959,80.2092132568,48932,48943,11
13.030380249,80.2090530396,48943,48953,10
13.0315103531,80.2093811035,48953,48973,20
13.0315103531,80.2093811035,48973,48983,10
13.0320796967,80.2095336914,48983,48993,10
13.032910347,80.2096710205,48993,49003,10
13.0338897705,80.2098388672,49003,49013,10
13.034819603,80.2099761963,49013,49023,10
13.0351495743,80.209602356,49023,49041,18
13.0352296829,80.2087783813,49041,49053,12
13.0352602005,80.2087402344,49053,49064,11
13.035320282,80.2086334229,49064,49074,10
13.0354003906,80.2079772949,49074,49084,10
13.0354604721,80.2071762085,49084,49094,10
13.0355997086,80.2063217163,49094,49103,9
13.0355195999,80.2059402466,49103,49114,11
13.0353803635,80.2054595947,49114,49124,10
13.0352602005,80.2052612305,49124,49134,10
13.0356702805,80.205329895,49134,49164,30
13.0356702805,80.205329895,49164,49175,11
13.0360498428,80.2035369873,49175,49185,10
13.0362796783,80.2026977539,49185,49195,10
13.0363101959,80.2018432617,49195,49205,10
13.036359787,80.2016601563,49205,49215,10
13.0363903046,80.2016220093,49215,49225,10
13.0364103317,80.2014923096,49225,49235,10
13.0364398956,80.2007980347,49235,49245,10
13.0364999771,80.2000808716,49245,49255,10
13.036649704,80.1990966797,49255,49265,10
13.0368499756,80.1984100342,49265,49276,11
13.0367498398,80.1985626221,49276,49286,10
13.0368003845,80.1983337402,49286,49296,10
13.0368404388,80.198059082,49296,49306,10
13.0369195938,80.1972198486,49306,49316,10
13.0370798111,80.1963577271,49316,49336,20
13.0370798111,80.1963577271,49336,49346,10
13.0371198654,80.1957778931,49346,49356,10
13.0371999741,80.1952590942,49356,49367,11
13.037229538,80.1949996948,49367,49376,9
13.0375299454,80.1932830811,49376,49387,11
13.0376701355,80.1924667358,49387,49397,10
13.0377702713,80.1919326782,49397,49407,10
13.0388097763,80.1928634644,49407,49417,10
13.039059639,80.1928482056,49417,49427,10
13.0393104553,80.1929397583,49427,49437,10
13.0397195816,80.1932525635,49437,49457,20
13.0397195816,80.1932525635,49457,49467,10
13.0396299362,80.193359375,49467,49477,10
13.0396203995,80.1938018799,49477,49493,16
13.0394897461,80.1949234009,49493,49505,12
13.0393695831,80.1958465576,49505,49516,11
13.0393104553,80.1961975098,49516,49526,10
13.0392904282,80.1964187622,49526,49536,10
13.0393104553,80.1965179443,49536,49546,10
13.0391998291,80.1968536377,49546,49555,9
13.039059639,80.1974487305,49555,49566,11
13.0389003754,80.1984176636,49566,49576,10
13.0388898849,80.1989974976,49576,49586,10
13.0388698578,80.1993408203,49586,49596,10
13.0387296677,80.2002563477,49596,49607,11
13.0385704041,80.2009506226,49607,49617,10
13.0385503769,80.2014694214,49617,49627,10
13.0385103226,80.2015991211,49627,49637,10
13.0387802124,80.201713562,49637,49647,10
13.0393600464,80.2018280029,49647,49657,10
13.0402002335,80.2019729614,49657,49667,10
13.0405197144,80.2020568848,49667,49677,10
13.04047966,80.2022781372,49677,49687,10
13.0404701233,80.2029037476,49687,49697,10
13.040309906,80.2037582397,49697,49707,10
13.040189743,80.2043685913,49707,49717,10
13.0401601791,80.2045974731,49717,49728,11
13.0401296616,80.2048873901,49728,49738,10
13.0404596329,80.2050170898,49738,49748,10
13.0409402847,80.2051010132,49748,49758,10
13.0411500931,80.2051391602,49758,49768,10
13.0413198471,80.2052078247,49768,49778,10
13.0415697098,80.2052383423,49778,49788,10
13.0420799255,80.2053222656,49788,49798,10
13.0426397324,80.205581665,49798,49808,10
13.0430898666,80.206161499,49808,49818,10
13.0435600281,80.2067565918,49818,49828,10
13.0437803268,80.2071075439,49828,49839,11
13.0441198349,80.2078170776,49839,49849,10
13.0441703796,80.2088775635,49849,49869,20
13.0441703796,80.2088775635,49869,49879,10
13.0441904068,80.2093276978,49879,49889,10
13.0441799164,80.2099990845,49889,49899,10
13.0442304611,80.2108001709,49899,49909,10
13.0442800522,80.2119293213,49909,50000,91
13.0442800522,80.2119293213,50000,50010,10
13.0444002151,80.2122879028,50010,50020,10
13.0450401306,80.2122497559,50020,50030,10
13.0459098816,80.2122192383,50030,50040,10
13.0470104218,80.2121200562,50040,50061,21
13.0470600128,80.2118377686,50061,50081,20
13.0470600128,80.2118377686,50081,50091,10
13.0470695496,80.2116088867,50091,50101,10
13.0470399857,80.2112121582,50101,50111,10
13.0470399857,80.2108383179,50111,50121,10
13.0473203659,80.2107696533,50121,50131,10
13.0480003357,80.2108306885,50131,50141,10
13.0485696793,80.2108230591,50141,50151,10
13.0491600037,80.2108306885,50151,50162,11
13.0495595932,80.2108535767,50162,50171,9
13.0495700836,80.2108535767,50171,50182,11
13.0496501923,80.2103500366,50182,50192,10
13.0495700836,80.2096328735,50192,50202,10
13.0495195389,80.2089767456,50202,50212,10
13.0493497849,80.2084732056,50212,50222,10
13.0491399765,80.2078170776,50222,50232,10
13.0488595963,80.2069015503,50232,50252,20
13.0489501953,80.2067184448,50252,50283,31
13.0492296219,80.2068710327,50283,50333,50
13.0489301682,80.2072906494,50333,50363,30
13.0492401123,80.2071914673,50363,50414,51
13.0492401123,80.2071914673,50414,50424,10
13.0491399765,80.2072372437,50424,50434,10
13.0491199493,80.2072296143,50434,50444,10
13.0490198135,80.20728302,50444,50454,10
13.0490703583,80.2075271606,50454,50464,10
13.0492401123,80.2079620361,50464,50474,10
13.0494298935,80.2086868286,50474,50484,10
13.0495195389,80.2095031738,50484,50495,11
13.0496702194,80.2105789185,50495,50505,10
13.0498304367,80.2116622925,50505,50575,70
13.0498304367,80.2116622925,50575,50585,10
13.0498695374,80.211769104,50585,50596,11
13.0498600006,80.2120819092,50596,50606,10
13.0494804382,80.2121429443,50606,50615,9
13.049369812,80.2121429443,50615,50626,11
13.0487003326,80.2121582031,50626,50636,10
13.0477895737,80.2122421265,50636,50646,10
13.0466403961,80.2123184204,50646,50656,10
13.0454797745,80.2123413086,50656,50666,10
13.0444402695,80.212348938,50666,50767,101
13.0444402695,80.212348938,50767,50777,10
13.0442495346,80.2120819092,50777,50787,10
13.0441999435,80.2113723755,50787,50797,10
13.0441503525,80.2104187012,50797,50807,10
13.0441198349,80.2095413208,50807,50818,11
13.0440797806,80.2089309692,50818,50828,10
13.0440797806,80.2087478638,50828,50838,10
13.0440797806,80.2080688477,50838,50848,10
13.0437602997,80.2071762085,50848,50858,10
13.0433197021,80.20652771,50858,50868,10
13.0427398682,80.2057189941,50868,50878,10
13.0419902802,80.2052993774,50878,50888,10
13.0410995483,80.2051696777,50888,50898,10
13.0408201218,80.2051467896,50898,50908,10
13.0404195786,80.205116272,50908,50918,10
13.0397396088,80.2050170898,50918,50928,10
13.0389604568,80.2048797607,50928,50939,11
13.0382003784,80.2047576904,50939,50949,10
13.0381498337,80.204536438,50949,50959,10
13.0382299423,80.2039108276,50959,50969,10
13.0383195877,80.2032699585,50969,50979,10
13.0384302139,80.2026062012,50979,50989,10
13.0385398865,80.2019577026,50989,50999,10
13.0385599136,80.2018585205,50999,51009,10
13.038599968,80.2015991211,51009,51019,10
13.0386600494,80.2010726929,51019,51029,10
13.0387096405,80.200630188,51029,51040,11
13.0388202667,80.1999130249,51040,51050,10
13.0389499664,80.1991500854,51050,51060,10
13.0389604568,80.1988983154,51060,51070,10
13.0390195847,80.1986618042,51070,51080,10
13.0391101837,80.1979904175,51080,51090,10
13.0391998291,80.1973419189,51090,51100,10
13.0392198563,80.1969909668,51100,51110,10
13.0392198563,80.1967926025,51110,51120,10
13.0391902924,80.1965179443,51120,51130,10
13.0392103195,80.1960372925,51130,51140,10
13.0394096375,80.1952590942,51140,51151,11
13.0395898819,80.1942520142,51151,51161,10
13.0397596359,80.1933898926,51161,51171,10
13.0397596359,80.1932220459,51171,51181,10
13.0397195816,80.193069458,51181,51191,10
13.0394496918,80.1930084229,51191,51201,10
13.038860321,80.1929168701,51201,51211,10
13.0387001038,80.1928863525,51211,51221,10
13.0383501053,80.1928100586,51221,51231,10
13.0380802155,80.1927871704,51231,51241,10
13.0376300812,80.1930389404,51241,51251,10
13.0374898911,80.1938934326,51251,51261,10
13.0373802185,80.1948318481,51261,51272,11
13.0372600555,80.1957397461,51272,51282,10
13.0372400284,80.1959991455,51282,51292,10
13.037150383,80.1962203979,51292,51302,10
13.0370397568,80.1969223022,51302,51312,10
13.0369195938,80.1978225708,51312,51321,9
13.0368204117,80.1984786987,51321,51332,11
13.0367202759,80.19896698,51332,51342,10
13.0366697311,80.1990737915,51342,51352,10
13.0366001129,80.19972229,51352,51362,10
13.03647995,80.2005386353,51362,51373,11
13.0363397598,80.2013473511,51373,51383,10
13.0363101959,80.2016830444,51383,51393,10
13.0362596512,80.2018508911,51393,51403,10
13.0361795425,80.2024993896,51403,51413,10
13.0361003876,80.2031402588,51413,51423,10
13.0360403061,80.2037963867,51423,51433,10
13.0359897614,80.2042617798,51433,51443,10
13.0359401703,80.2045288086,51443,51453,10
13.0358600616,80.2051773071,51453,51463,10
13.0357503891,80.2058410645,51463,51473,10
13.0357303619,80.2059173584,51473,51484,11
13.035610199,80.2065124512,51484,51494,10
13.0355100632,80.2073669434,51494,51504,10
13.0353803635,80.2083587646,51504,51524,20
13.0353803635,80.2083587646,51524,51534,10
13.035320282,80.2087402344,51534,51544,10
13.035200119,80.2094116211,51544,51554,10
13.0350799561,80.2099761963,51554,51564,10
13.0350103378,80.2103729248,51564,51574,10
13.0348396301,80.2110977173,51574,51584,10
13.0346698761,80.2119903564,51584,51595,11
13.0339403152,80.2120285034,51595,51605,10
13.0329999924,80.2119216919,51605,51615,10
13.0325202942,80.2118911743,51615,51625,10
13.0324602127,80.2118835449,51625,51635,10
13.0320100784,80.2117767334,51635,51645,10
13.0319795609,80.211151123,51645,51655,10
13.0321102142,80.2102508545,51655,51665,10
13.0319700241,80.2096710205,51665,51675,10
13.0313596725,80.2094116211,51675,51685,10
13.0307502747,80.2092590332,51685,51695,10
13.0303602219,80.2091522217,51695,51705,10
13.0301103592,80.2093887329,51705,51726,21
13.0301103592,80.2093887329,51726,51736,10
13.0300197601,80.2095870972,51736,51746,10
13.0302000046,80.209777832,51746,51756,10
13.0307102203,80.2099685669,51756,51766,10
13.0309495926,80.2100830078,51766,51776,10
13.0309400558,80.2103500366,51776,51786,10
13.0308704376,80.2108764648,51786,51795,9
13.0307703018,80.2116470337,51795,51958,163
13.0307703018,80.2116470337,51958,51968,10
13.0318202972,80.2185134888,51968,51978,10
13.0322904587,80.2185287476,51978,51988,10
13.0321397781,80.2192001343,51988,51998,10
13.0321798325,80.2198181152,51998,52008,10
13.0322198868,80.2202377319,52008,52018,10
13.0322303772,80.2202529907,52018,52028,10
13.0321798325,80.2204666138,52028,52039,11
13.0320396423,80.2211380005,52039,52049,10
13.0317802429,80.2218322754,52049,52059,10
13.0315103531,80.2223510742,52059,52069,10
13.0312700272,80.2228164673,52069,52079,10
13.0311698914,80.2232971191,52079,52089,10
13.0311603546,80.2238311768,52089,52099,10
13.0313596725,80.2241668701,52099,52130,31
13.0313596725,80.2241668701,52130,52139,9
13.029540062,80.2243423462,52139,52149,10
13.029009819,80.2241897583,52149,52160,11
13.0289297104,80.2241897583,52160,52170,10
13.028670311,80.2240982056,52170,52180,10
13.028380394,80.2243423462,52180,52190,10
13.0282297134,80.2250366211,52190,52200,10
13.0280399323,80.2258987427,52200,52210,10
13.0278997421,80.2265701294,52210,52220,10
13.0278902054,80.2268981934,52220,52230,10
13.0283098221,80.2270431519,52230,52240,10
13.0285596848,80.2270584106,52240,52250,10
13.028840065,80.2271499634,52250,52261,11
13.0294799805,80.2272567749,52261,52271,10
13.0301198959,80.2274017334,52271,52281,10
13.0304098129,80.2276535034,52281,52291,10
13.03028965,80.2281799316,52291,52311,20
13.03028965,80.2281799316,52311,52321,10
13.0302295685,80.2282180786,52321,52331,10
13.0304603577,80.2297286987,52331,52341,10
13.0306797028,80.2306518555,52341,52371,30
13.0306797028,80.2306518555,52371,52382,11
13.0306301117,80.2307434082,52382,52392,10
13.029709816,80.230796814,52392,52412,20
13.029709816,80.230796814,52412,52422,10
13.0294399261,80.2308578491,52422,52432,10
13.0287904739,80.2309036255,52432,52442,10
13.0279903412,80.2309799194,52442,52452,10
13.0276498795,80.2312088013,52452,52462,10
13.0277099609,80.2318496704,52462,52473,11
13.0278396606,80.232673645,52473,52483,10
13.0274000168,80.2329025269,52483,52493,10
13.0268802643,80.233001709,52493,52543,50
13.0268802643,80.233001709,52543,52553,10
13.0265798569,80.2329711914,52553,52563,10
13.0263299942,80.2326889038,52563,52573,10
13.0262403488,80.2322769165,52573,52584,11
13.0262403488,80.2322463989,52584,52594,10
13.0262098312,80.2321929932,52594,52604,10
13.0261001587,80.2318572998,52604,52614,10
13.0259103775,80.231338501,52614,52624,10
13.0256900787,80.2301864624,52624,52634,10
13.0248804092,80.2292480469,52634,52644,10
13.0243997574,80.2286834717,52644,52654,10
13.0239496231,80.228187561,52654,52664,10
13.0234498978,80.2275772095,52664,52685,21
13.0230798721,80.2273330688,52685,52745,60
13.0230798721,80.2273330688,52745,52755,10
13.0176401138,80.2249221802,52755,52765,10
13.0166501999,80.2253417969,52765,52775,10
13.016169548,80.2255172729,52775,52785,10
13.0155696869,80.225730896,52785,52795,10
13.0142803192,80.2262573242,52795,52822,27
13.0142803192,80.2262573242,52822,52834,12
13.0140104294,80.2263412476,52834,52844,10
13.0135402679,80.2265396118,52844,52854,10
13.0124998093,80.2269668579,52854,52864,10
13.0114402771,80.2273635864,52864,52874,10
13.0103597641,80.2277526855,52874,52884,10
13.0093002319,80.228187561,52884,52894,10
13.0089197159,80.2292175293,52894,52904,10
13.008769989,80.230506897,52904,52913,9
13.0086202621,80.2314529419,52913,52924,11
13.0083703995,80.2327270508,52924,52935,11
13.0081996918,80.2337036133,52935,52945,10
13.008190155,80.2337417603,52945,52956,11
13.0080900192,80.2340774536,52956,52966,10
13.0079603195,80.2347793579,52966,52976,10
13.0077896118,80.2357330322,52976,52986,10
13.0075397491,80.2369003296,52986,52996,10
13.0073204041,80.2380371094,52996,53006,10
13.0072002411,80.2387008667,53006,53016,10
13.0070199966,80.2396469116,53016,53067,51
13.0070199966,80.2396469116,53067,53077,10
13.0069599152,80.2400588989,53077,53087,10
13.0068302155,80.2405776978,53087,53097,10
13.0068101883,80.2409133911,53097,53107,10
13.006819725,80.2409133911,53107,53117,10
13.0067501068,80.2414779663,53117,53127,10
13.0067195892,80.2423400879,53127,53138,11
13.0066604614,80.2431716919,53138,53148,10
13.0066404343,80.2439193726,53148,53158,10
13.0066604614,80.244720459,53158,53167,9
13.0066699982,80.2454223633,53167,53178,11
13.0066900253,80.2458572388,53178,53188,10
13.0066900253,80.2460327148,53188,53198,10
13.0067195892,80.2462768555,53198,53208,10
13.0067396164,80.2467193604,53208,53218,10
13.0066995621,80.2474212646,53218,53228,10
13.0067396164,80.2483520508,53228,53238,10
13.0068397522,80.249168396,53238,53249,11
13.0068502426,80.249206543,53249,53259,10
13.0068101883,80.2492980957,53259,53269,10
13.0067996979,80.2497634888,53269,53279,10
13.0067996979,80.2505111694,53279,53289,10
13.006819725,80.2510681152,53289,53329,40
13.006819725,80.2510681152,53329,53339,10
13.0068101883,80.2512588501,53339,53349,10
13.0067501068,80.251739502,53349,53359,10
13.0066099167,80.2525405884,53359,53370,11
13.0065898895,80.2535705566,53370,53380,10
13.0066299438,80.2545013428,53380,53390,10
13.0065803528,80.2549285889,53390,53400,10
13.0065803528,80.2549362183,53400,53410,10
13.0065698624,80.2550201416,53410,53420,10
13.0066003799,80.2555999756,53420,53430,10
13.0066204071,80.2568969727,53430,53501,71
13.0066204071,80.2568969727,53501,53511,10
13.0066204071,80.2571792603,53511,53521,10
13.0062999725,80.2574386597,53521,53531,10
13.0060596466,80.2574310303,53531,53541,10
13.0056200027,80.2574234009,53541,53551,10
13.0049200058,80.2572631836,53551,53561,10
13.0040903091,80.2570800781,53561,53571,10
13.0033597946,80.2569198608,53571,53581,10
13.0026197433,80.2567825317,53581,53591,10
13.001999855,80.2566833496,53591,53602,11
13.001540184,80.2566070557,53602,53612,10
13.0007896423,80.2565002441,53612,53622,10
13.0001401901,80.2563781738,53622,53638,16
13.0001001358,80.256362915,53638,53650,12
12.999540329,80.2562484741,53650,53680,30
12.999540329,80.2562484741,53680,53690,10
12.9991798401,80.2561569214,53690,53700,10
12.9984397888,80.2560882568,53700,53711,11
12.9977197647,80.2559890747,53711,53721,10
12.997420311,80.2559585571,53721,53731,10
12.9968700409,80.2559280396,53731,53741,10
12.9968900681,80.2565002441,53741,53752,11
12.9968595505,80.2568283081,53752,53762,10
12.9968395233,80.2572174072,53762,53772,10
12.9967603683,80.2578582764,53772,53782,10
12.9966697693,80.2585830688,53782,53792,10
12.9965696335,80.2593307495,53792,53802,10
12.9964799881,80.2600479126,53802,53813,11
12.9963998795,80.2610168457,53813,53823,10
12.9962902069,80.261932373,53823,53843,20
12.9962902069,80.261932373,53843,53853,10
12.996219635,80.2622909546,53853,53863,10
12.9961700439,80.2626190186,53863,53873,10
12.9961099625,80.2631378174,53873,53883,10
12.9960403442,80.2639465332,53883,53893,10
12.995929718,80.2648010254,53893,53903,10
12.9958200455,80.2657165527,53903,53914,11
12.9957304001,80.2667922974,53914,53924,10
12.9956598282,80.2675170898,53924,53934,10
12.995929718,80.2676010132,53934,53944,10
12.9959602356,80.2676010132,53944,53954,10
12.996049881,80.2676696777,53954,53964,10
12.9964599609,80.2677230835,53964,53974,10
12.9972696304,80.2676467896,53974,53984,10
12.9980297089,80.2674407959,53984,53994,10
12.9987802505,80.2672119141,53994,54004,10
12.9994401932,80.2669906616,54004,54014,10
13.0000095367,80.2666702271,54014,54035,21
13.0000095367,80.2666702271,54035,54045,10
13.0000696182,80.2666091919,54045,54055,10
13.0001602173,80.2663421631,54055,54065,10
13.0002202988,80.2658920288,54065,54075,10
13.0002498627,80.2657089233,54075,54085,10
13.0003004074,80.2657394409,54085,54095,10
13.0002603531,80.2660217285,54095,54116,21
13.0002698898,80.2660598755,54116,55617,1501
13.0002698898,80.2660598755,55617,55627,10
13.0080404282,80.2345962524,55627,55637,10
13.0082197189,80.2333374023,55637,55647,10
13.0081701279,80.2316970825,55647,55657,10
13.0087003708,80.2305831909,55657,55667,10
13.0088596344,80.229598999,55667,55677,10
13.0090799332,80.2284469604,55677,55688,11
13.009349823,80.2277374268,55688,55698,10
13.0096902847,80.2270202637,55698,55708,10
13.0100803375,80.2261734009,55708,55718,10
13.0104999542,80.2253799438,55718,55728,10
13.0109500885,80.2244567871,55728,55738,10
13.0112895966,80.2235031128,55738,55748,10
13.0116996765,80.2224884033,55748,55758,10
13.0120801926,80.2216796875,55758,55768,10
13.0123596191,80.2215499878,55768,55778,10
13.012550354,80.2218170166,55778,55789,11
13.0129098892,80.2222976685,55789,55799,10
13.0135602951,80.2229766846,55799,55809,10
13.0140895844,80.2236480713,55809,55819,10
13.0145902634,80.2241134644,55819,55829,10
13.015130043,80.2247390747,55829,55839,10
13.0155000687,80.224937439,55839,55859,20
13.0155000687,80.224937439,55859,55869,10
13.0157299042,80.2251586914,55869,55879,10
13.0162000656,80.2252807617,55879,55889,10
13.0169897079,80.2250518799,55889,55900,11
13.0180397034,80.2246627808,55900,55910,10
13.0193195343,80.2242584229,55910,55940,30
13.0193195343,80.2242584229,55940,55950,10
13.019370079,80.2243728638,55950,55960,10
13.0195703506,80.2244873047,55960,55970,10
13.0200195313,80.2247924805,55970,55980,10
13.0206098557,80.2251586914,55980,55990,10
13.0212602615,80.2256317139,55990,56000,10
13.0219097137,80.2261505127,56000,56011,11
13.0226402283,80.2268676758,56011,56021,10
13.0234098434,80.2276229858,56021,56031,10
13.0239801407,80.2281265259,56031,56041,10
13.0241298676,80.2283096313,56041,56051,10
13.0243997574,80.2286224365,56051,56061,10
13.0247001648,80.2289962769,56061,56071,10
13.0250997543,80.2294921875,56071,56081,10
13.0258598328,80.23072052,56081,56118,37
13.0258598328,80.23072052,56118,56129,11
13.0258102417,80.2308120728,56129,56140,11
13.0258903503,80.2311782837,56140,56150,10
13.0262804031,80.2312011719,56150,56160,10
13.0270004272,80.2310180664,56160,56170,10
13.0278301239,80.2308425903,56170,56180,10
13.0284204483,80.2308120728,56180,56190,10
13.0284700394,80.2308120728,56190,56200,10
13.0291404724,80.2308273315,56200,56241,41
13.0291404724,80.2308273315,56241,56251,10
13.029299736,80.2307891846,56251,56261,10
13.029709816,80.230758667,56261,56271,10
13.0302200317,80.23072052,56271,56281,10
13.0305404663,80.2306976318,56281,56291,10
13.0305995941,80.2304382324,56291,56301,10
13.0305500031,80.2299423218,56301,56311,10
13.0303297043,80.2292785645,56311,56321,10
13.0303897858,80.2286224365,56321,56331,10
13.0304498672,80.2283401489,56331,56341,10
13.0304899216,80.228187561,56341,56352,11
13.0305204391,80.2277297974,56352,56362,10
13.0303096771,80.2275085449,56362,56372,10
13.0297002792,80.2274017334,56372,56382,10
13.0290002823,80.2272567749,56382,56392,10
13.028550148,80.2271728516,56392,56402,10
13.0283603668,80.2271728516,56402,56412,10
13.027879715,80.2270278931,56412,56422,10
13.0278596878,80.2267379761,56422,56432,10
13.0280303955,80.2261199951,56432,56442,10
13.0282297134,80.2253875732,56442,56452,10
13.0284004211,80.2245178223,56452,56463,11
13.0286197662,80.224067688,56463,56472,9
13.0287103653,80.2240524292,56472,56483,11
13.0287103653,80.2240829468,56483,56493,10
13.029009819,80.2242431641,56493,56503,10
13.0294103622,80.2242584229,56503,56513,10
13.0299196243,80.2242279053,56513,56523,10
13.0304203033,80.2242584229,56523,56533,10
13.0308599472,80.2242507935,56533,56543,10
13.0310897827,80.2240066528,56543,56553,10
13.0312204361,80.2231826782,56553,56574,21
13.0312204361,80.2231826782,56574,56584,10
13.03125,80.2230682373,56584,56594,10
13.0313997269,80.2227020264,56594,56604,10
13.03166008,80.2222900391,56604,56614,10
13.0319795609,80.2216873169,56614,56624,10
13.0322303772,80.2209320068,56624,56634,10
13.0322303772,80.2202529907,56634,56644,10
13.0322799683,80.2197799683,56644,56674,30
13.0322799683,80.2197799683,56674,56685,11
13.0322399139,80.2193374634,56685,56695,10
13.0322904587,80.2186813354,56695,56705,10
13.0318498611,80.2184677124,56705,56715,10
13.0315198898,80.2181167603,56715,56725,10
13.0314598083,80.2174224854,56725,56735,10
13.0313196182,80.2171096802,56735,56745,10
13.0310201645,80.217048645,56745,56755,10
13.0304603577,80.2169494629,56755,56765,10
13.030380249,80.2166519165,56765,56776,11
13.0303697586,80.2166519165,56776,56785,9
13.0303401947,80.2165679932,56785,56796,11
13.0300703049,80.2161331177,56796,56806,10
13.0301799774,80.2158737183,56806,56816,10
13.0301904678,80.2155532837,56816,56826,10
13.0303297043,80.2150726318,56826,56836,10
13.0303602219,80.2145080566,56836,56856,20
13.0303602219,80.2145080566,56856,56866,10
13.0304298401,80.2144622803,56866,56876,10
13.0304803848,80.2140197754,56876,56886,10
13.030579567,80.2135925293,56886,56897,11
13.0306501389,80.213142395,56897,56907,10
13.0307102203,80.2126998901,56907,56917,10
13.0307502747,80.2120666504,56917,56927,10
13.0308303833,80.2115783691,56927,56937,10
13.0308904648,80.2111434937,56937,56947,10
13.0308904648,80.2105331421,56947,57591,644
13.0308904648,80.2105331421,57591,57601,10
13.0398797989,80.1934814453,57601,57611,10
13.0400896072,80.1930389404,57611,57621,10
13.0404596329,80.1937866211,57621,57631,10
13.0412902832,80.193359375,57631,57641,10
13.0416202545,80.1931915283,57641,57672,31
13.0416202545,80.1931915283,57672,57681,9
13.0413703918,80.1950378418,57681,57692,11
13.0414400101,80.195640564,57692,57702,10
13.0414199829,80.1960830688,57702,57712,10
13.0412902832,80.1965866089,57712,57722,10
13.0412502289,80.1969223022,57722,57732,10
13.0412302017,80.197052002,57732,57742,10
13.0409202576,80.1974029541,57742,57752,10
13.0412302017,80.1980514526,57752,57762,10
13.041009903,80.198928833,57762,57772,10
13.0409002304,80.199432373,57772,57783,11
13.0408802032,80.1995162964,57783,57792,9
13.0408401489,80.1998596191,57792,57803,11
13.0407600403,80.2003707886,57803,57813,10
13.0407400131,80.2006988525,57813,57823,10
13.0406398773,80.2012481689,57823,57833,10
13.0405702591,80.2019271851,57833,57843,10
13.0405197144,80.2022781372,57843,57859,16
13.0403795242,80.2034683228,57859,57871,12
13.0402402878,80.204460144,57871,57882,11
13.0401802063,80.2048187256,57882,57891,9
13.0402002335,80.2049865723,57891,57902,11
13.0409002304,80.2051696777,57902,57912,10
13.041469574,80.2052536011,57912,57922,10
13.0417499542,80.205291748,57922,57932,10
13.0415296555,80.2053222656,57932,57942,10
13.0422096252,80.205406189,57942,57952,10
13.0427398682,80.2057189941,57952,57962,10
13.0431203842,80.2062911987,57962,57972,10
13.0435495377,80.2068481445,57972,57982,10
13.0439195633,80.2074966431,57982,57992,10
13.0441303253,80.2082824707,57992,58008,16
13.0443296432,80.2091903687,58008,58021,13
13.0448999405,80.2097167969,58021,58051,30
13.0448999405,80.2097167969,58051,58061,10
13.0442399979,80.2110671997,58061,58071,10
13.0442495346,80.2118606567,58071,58081,10
13.0442800522,80.2121200562,58081,58091,10
13.0443401337,80.2122497559,58091,58101,10
13.0444402695,80.212677002,58101,58122,21
13.0444402695,80.212677002,58122,58132,10
13.0456895828,80.2120819092,58132,58142,10
13.0476198196,80.2120895386,58142,58172,30
13.0476198196,80.2120895386,58172,58182,10
13.0469799042,80.2112884521,58182,58192,10
13.0470104218,80.2108535767,58192,58202,10
13.0473804474,80.2108001709,58202,58212,10
13.0479698181,80.2108306885,58212,58222,10
13.0486001968,80.2108230591,58222,58233,11
13.0493497849,80.2108230591,58233,58243,10
13.0496301651,80.2108306885,58243,58259,16
13.0493497849,80.2095489502,58259,58281,22
13.0493497849,80.2095489502,58281,58290,9
13.049249649,80.2092208862,58290,58301,11
13.0491399765,80.2086791992,58301,58311,10
13.0489397049,80.207862854,58311,58321,10
13.048789978,80.207069397,58321,58352,31
13.048789978,80.207069397,58352,58362,10
13.0488395691,80.2067184448,58362,58372,10
13.0490999222,80.2067718506,58372,58402,30
13.0490999222,80.2067718506,58402,58412,10
13.0490999222,80.2068099976,58412,58422,10
13.049249649,80.2068405151,58422,58432,10
13.0492696762,80.2070007324,58432,58523,91
13.0493402481,80.20728302,58523,58553,30
13.0492601395,80.2070770264,58553,58594,41
13.0492897034,80.20703125,58594,58735,141
13.0493402481,80.2069015503,58735,58786,51
13.0493402481,80.2069015503,58786,58796,10
13.0493297577,80.2070922852,58796,58806,10
13.0492296219,80.2073364258,58806,58846,40
13.0492296219,80.2073364258,58846,58856,10
13.0490503311,80.2076416016,58856,58866,10
13.0491895676,80.2080383301,58866,58876,10
13.0493497849,80.2085571289,58876,58886,10
13.0494499207,80.2090377808,58886,58897,11
13.0495500565,80.2098083496,58897,58907,10
13.0496702194,80.2106323242,58907,58917,10
13.049779892,80.2113418579,58917,58927,10
13.0498399734,80.211730957,58927,58967,40
13.0498399734,80.211730957,58967,58977,10
13.0498600006,80.2118682861,58977,58987,10
13.0498600006,80.2118835449,58987,58997,10
13.0498695374,80.2120895386,58997,59008,11
13.0498695374,80.2121124268,59008,59018,10
13.0496501923,80.2122268677,59018,59048,30
13.0496501923,80.2122268677,59048,59058,10
13.0495004654,80.2121810913,59058,59068,10
13.0494699478,80.2121734619,59068,59078,10
13.0491600037,80.2121963501,59078,59088,10
13.0487604141,80.2122421265,59088,59098,10
13.0483198166,80.2123031616,59098,59108,10
13.0476799011,80.2123794556,59108,59119,11
13.0467500687,80.2124023438,59119,59129,10
13.045800209,80.2124099731,59129,59139,10
13.0451002121,80.2125015259,59139,59179,40
13.0451002121,80.2125015259,59179,59189,10
13.0448799133,80.2124633789,59189,59199,10
13.0445203781,80.2124633789,59199,59215,16
13.0441598892,80.2123336792,59215,59248,33
13.0441598892,80.2123336792,59248,59258,10
13.0441398621,80.212097168,59258,59268,10
13.0441703796,80.2115783691,59268,59278,10
13.0441799164,80.2107162476,59278,59288,10
13.0441598892,80.2098617554,59288,59298,10
13.0441102982,80.2088317871,59298,59318,20
13.0441102982,80.2088317871,59318,59328,10
13.0441102982,80.208732605,59328,59339,11
13.0440998077,80.2082519531,59339,59349,10
13.0439195633,80.2074890137,59349,59359,10
13.0434503555,80.2068023682,59359,59369,10
13.0429096222,80.2060775757,59369,59379,10
13.0424098969,80.2055587769,59379,59389,10
13.041680336,80.2052993774,59389,59398,9
13.041009903,80.2051696777,59398,59410,12
13.0406999588,80.2051391602,59410,59420,10
13.0406103134,80.2051391602,59420,59430,10
13.0401697159,80.2050704956,59430,59440,10
13.0395402908,80.2049713135,59440,59451,11
13.0388803482,80.204826355,59451,59461,10
13.0382204056,80.2047195435,59461,59471,10
13.0380802155,80.2045822144,59471,59482,11
13.0381603241,80.204208374,59482,59492,10
13.0382795334,80.2035369873,59492,59502,10
13.0383996964,80.2028198242,59502,59512,10
13.0384502411,80.2025299072,59512,59522,10
13.0384902954,80.2022094727,59522,59532,10
13.0385303497,80.2019195557,59532,59542,10
13.0385704041,80.2016677856,59542,59553,11
13.0386400223,80.2011413574,59553,59563,10
13.0387401581,80.2005386353,59563,59573,10
13.0387897491,80.2000808716,59573,59583,10
13.0389099121,80.1992034912,59583,59603,20
13.0389099121,80.1992034912,59603,59613,10
13.0389795303,80.1987228394,59613,59629,16
13.0391597748,80.1976928711,59629,59641,12
13.0392599106,80.1969223022,59641,59651,10
13.0392799377,80.1968917847,59651,59661,10
13.0392999649,80.1966629028,59661,59672,11
13.0393600464,80.1961975098,59672,59682,10
13.0394296646,80.1956863403,59682,59692,10
13.0395402908,80.1948928833,59692,59702,10
13.0396404266,80.1940765381,59702,59712,10
13.0397596359,80.1932296753,59712,59731,19
13.0397596359,80.1932296753,59731,59742,11
13.0397796631,80.1931304932,59742,59752,10
13.0394802094,80.1930389404,59752,59762,10
13.0386400223,80.1928863525,59762,59803,41
13.0386400223,80.1928863525,59803,59813,10
13.0384197235,80.192817688,59813,59823,10
13.0379896164,80.192817688,59823,59833,10
13.0376195908,80.1929779053,59833,59843,10
13.0375099182,80.1936798096,59843,59853,10
13.0374097824,80.1945724487,59853,59863,10
13.0372896194,80.1954269409,59863,59873,10
13.0371999741,80.1959991455,59873,59894,21
13.0371999741,80.1959991455,59894,59904,10
13.037150383,80.1961593628,59904,59914,10
13.0370798111,80.1966781616,59914,59924,10
13.0369701385,80.197479248,59924,59940,16
13.0368204117,80.1987380981,59940,59952,12
13.0368099213,80.198890686,59952,59960,8
13.0367803574,80.1990585327,59960,59972,12
13.0366802216,80.1996994019,59972,59982,10
13.0365400314,80.2004394531,59982,59992,10
13.0364398956,80.2011032104,59992,60003,11
13.0363798141,80.2017974854,60003,60023,20
13.0363798141,80.2017974854,60023,60033,10
13.036359787,80.2018890381,60033,60042,9
13.0362796783,80.2024230957,60042,60053,11
13.0361700058,80.2031707764,60053,60063,10
13.0360403061,80.2039413452,60063,60073,10
13.035949707,80.204498291,60073,60083,10
13.0358695984,80.205078125,60083,60093,10
13.0357599258,80.2058105469,60093,60104,11
13.0357398987,80.2058868408,60104,60114,10
13.0356798172,80.2061233521,60114,60124,10
13.0356302261,80.2066497803,60124,60134,10
13.035490036,80.2075119019,60134,60144,10
13.0354204178,80.2081604004,60144,60154,10
13.0354003906,80.2084884644,60154,60164,10
13.0353899002,80.2085037231,60164,60174,10
13.0353097916,80.2087478638,60174,60184,10
13.0352201462,80.2093429565,60184,60194,10
13.0350999832,80.2100601196,60194,60204,10
13.0350103378,80.2106018066,60204,60214,10
13.0348796844,80.2109985352,60214,60225,11
13.0347700119,80.2116775513,60225,60235,10
13.0347204208,80.2120437622,60235,60245,10
13.0345201492,80.2121734619,60245,60255,10
13.0339202881,80.2120513916,60255,60265,10
13.0330896378,80.2119598389,60265,60275,10
13.0325298309,80.2119293213,60275,60285,10
13.0324802399,80.2119216919,60285,60295,10
13.0322599411,80.2118682861,60295,60305,10
13.0318899155,80.2117233276,60305,60315,10
13.0318698883,80.2114334106,60315,60326,11
13.0319795609,80.2106781006,60326,60336,10
13.0321102142,80.2098388672,60336,60346,10
13.0317802429,80.2094802856,60346,60356,10
13.0311403275,80.2091598511,60356,60366,10
13.0304002762,80.2091598511,60366,60376,10
13.0301504135,80.2091903687,60376,60385,9
13.0300703049,80.2095108032,60385,60395,10
13.0300502777,80.2095489502,60395,60406,11
13.029999733,80.209602356,60406,60416,10
13.0301399231,80.2098999023,60416,60426,10
13.0307197571,80.2100067139,60426,60437,11
13.0309896469,80.2101821899,60437,60447,10
13.030960083,80.2104568481,60447,60457,10
13.0308704376,80.2110366821,60457,60467,10
13.0308198929,80.2113876343,60467,60477,10
13.0307397842,80.2117767334,60477,60487,10
13.0306596756,80.2122421265,60487,60497,10
13.0305500031,80.2129211426,60497,60507,10
13.0304899216,80.2135925293,60507,60517,10
13.0304298401,80.2138824463,60517,60527,10
13.0303497314,80.2143096924,60527,60537,10
13.0302801132,80.2147979736,60537,60548,11
13.0303001404,80.2153396606,60548,60558,10
13.0303001404,80.2153701782,60558,60568,10
13.0303401947,80.2156906128,60568,60578,10
13.0303897858,80.2161712646,60578,60588,10
13.0304403305,80.2167510986,60588,60598,10
13.0305099487,80.2169723511,60598,60608,10
13.0307197571,80.2169876099,60608,60618,10
13.03083992,80.2170028687,60618,60628,10
13.0313196182,80.2170028687,60628,60638,10
13.0314798355,80.2172927856,60638,60648,10
13.031539917,80.2179870605,60648,60659,11
13.0319099426,80.2185134888,60659,60669,10
13.0324401855,80.2184677124,60669,60679,10
13.0328998566,80.2183609009,60679,60689,10
13.0322599411,80.2192993164,60689,60699,10
13.0322599411,80.2200164795,60699,60709,10
13.0323600769,80.2204589844,60709,60719,10
13.032409668,80.2206115723,60719,60729,10
13.0322303772,80.2206420898,60729,60739,10
13.0322704315,80.2211608887,60739,60749,10
13.0317802429,80.2219390869,60749,60759,10
13.0316696167,80.2222595215,60759,60770,11
13.0311698914,80.2228164673,60770,60780,10
13.031080246,80.223487854,60780,60790,10
13.0311403275,80.2244110107,60790,60840,50
13.0311403275,80.2244110107,60840,60850,10
13.0294303894,80.2241287231,60850,60861,11
13.0285997391,80.2241516113,60861,60881,20
13.0285997391,80.2241516113,60881,60891,10
13.0282297134,80.2248535156,60891,60907,16
13.0280303955,80.2262496948,60907,60919,12
13.0279197693,80.2269363403,60919,60929,10
13.0278596878,80.2272033691,60929,60939,10
13.0277996063,80.2274398804,60939,60949,10
13.0286502838,80.2271728516,60949,60959,10
13.0287599564,80.2271499634,60959,60969,10
13.0295200348,80.2285385132,60969,60978,9
13.0293502808,80.2274627686,60978,60989,11
13.0300998688,80.2274932861,60989,61000,11
13.0304403305,80.2276763916,61000,61010,10
13.030380249,80.2280273438,61010,61020,10
13.0303401947,80.2284011841,61020,61030,10
13.0303602219,80.2283401489,61030,61040,10
13.0302495956,80.228843689,61040,61050,10
13.03028965,80.2294769287,61050,61060,10
13.030579567,80.2301177979,61060,61070,10
13.030670166,80.2305526733,61070,61080,10
13.0306596756,80.2307434082,61080,61090,10
13.0304403305,80.230796814,61090,61101,11
13.0297603607,80.2308425903,61101,61151,50
13.0297603607,80.2308425903,61151,61161,10
13.0291996002,80.2308578491,61161,61171,10
13.0284795761,80.2309265137,61171,61181,10
13.0278196335,80.2309799194,61181,61191,10
13.0276098251,80.2311706543,61191,61201,10
13.0276699066,80.2317123413,61201,61212,11
13.0277795792,80.2323379517,61212,61222,10
13.0277795792,80.2328414917,61222,61232,10
13.0272397995,80.2329025269,61232,61242,10
13.0267801285,80.2329788208,61242,61333,91
13.0267801285,80.2329788208,61333,61343,10
13.026599884,80.2329711914,61343,61353,10
13.0263595581,80.2328033447,61353,61363,10
13.0262899399,80.2325210571,61363,61373,10
13.0262403488,80.2323226929,61373,61382,9
13.0261697769,80.2320785522,61382,61393,11
13.0260400772,80.2316665649,61393,61403,10
13.0258798599,80.2309494019,61403,61412,9
13.0255298615,80.2302627563,61412,61423,11
13.0251903534,80.2297897339,61423,61434,11
13.0250301361,80.2295532227,61434,61444,10
13.0248699188,80.2293167114,61444,61454,10
13.024720192,80.229133606,61454,61464,10
13.0246200562,80.2289733887,61464,61474,10
13.0243196487,80.2285919189,61474,61484,10
13.0239801407,80.2282104492,61484,61504,20
13.0239801407,80.2282104492,61504,61514,10
13.0237798691,80.2279510498,61514,61524,10
13.0233697891,80.2275390625,61524,61534,10
13.0227403641,80.2269668579,61534,61545,11
13.0219497681,80.2262802124,61545,61555,10
13.0212697983,80.225692749,61555,61565,10
13.0206403732,80.2252426147,61565,61575,10
13.0200195313,80.2248306274,61575,61585,10
13.0192699432,80.2244796753,61585,61595,10
13.0182199478,80.2247085571,61595,61605,10
13.0172595978,80.2251205444,61605,61615,10
13.0166101456,80.2254104614,61615,61625,10
13.0162801743,80.2255401611,61625,61635,10
13.0157699585,80.2257080078,61635,61645,10
13.0151500702,80.2259597778,61645,61656,11
13.0150003433,80.2260284424,61656,61666,10
13.0149497986,80.2260437012,61666,61676,10
13.0142402649,80.2262878418,61676,61696,20
13.0142402649,80.2262878418,61696,61706,10
13.0138902664,80.2264099121,61706,61716,10
13.0132198334,80.2266616821,61716,61726,10
13.0123796463,80.2269821167,61726,61736,10
13.0114803314,80.2273330688,61736,61746,10
13.0105600357,80.2276992798,61746,61756,10
13.0097198486,80.2280426025,61756,61767,11
13.0091199875,80.2286376953,61767,61777,10
13.0089502335,80.2296066284,61777,61787,10
13.0087299347,80.230682373,61787,61797,10
13.0085401535,80.2317810059,61797,61807,10
13.0083198547,80.2329101563,61807,61816,9
13.0081996918,80.2336730957,61816,61827,11
13.0081701279,80.2337417603,61827,61837,10
13.0081100464,80.2339019775,61837,61847,10
13.008020401,80.2343902588,61847,61857,10
13.0079097748,80.2348937988,61857,61867,10
13.007809639,80.2353897095,61867,61878,11
13.0076503754,80.2361373901,61878,61888,10
13.0074901581,80.2369613647,61888,61898,10
13.0072803497,80.2379226685,61898,61908,10
13.0071401596,80.2387619019,61908,61918,10
13.0070295334,80.2395172119,61918,61928,10
13.0069103241,80.2401733398,61928,61938,10
13.0068798065,80.2406692505,61938,61948,10
13.0068397522,80.2407608032,61948,61958,10
13.0068302155,80.2407531738,61958,61968,10
13.0067396164,80.2411880493,61968,61979,11
13.0066795349,80.2420120239,61979,61989,10
13.0066699982,80.2428207397,61989,61999,10
13.0066099167,80.2434082031,61999,62009,10
13.0066204071,80.2439498901,62009,62019,10
13.0066204071,80.2443237305,62019,62029,10
13.0066299438,80.2447662354,62029,62039,10
13.006649971,80.2452011108,62039,62049,10
13.006649971,80.2454910278,62049,62059,10
13.0066604614,80.2457962036,62059,62069,10
13.0066795349,80.2462997437,62069,62079,10
13.0066995621,80.246673584,62079,62090,11
13.0066995621,80.2469787598,62090,62100,10
13.0067100525,80.2473602295,62100,62110,10
13.0066699982,80.2479782104,62110,62120,10
13.0066604614,80.2487411499,62120,62130,10
13.0067796707,80.2494506836,62130,62150,20
13.0067796707,80.2494506836,62150,62160,10
13.0067901611,80.249710083,62160,62201,41
13.0067901611,80.249710083,62201,62211,10
13.0067901611,80.2499008179,62211,62251,40
13.0067901611,80.2499008179,62251,62261,10
13.0067596436,80.2502365112,62261,62271,10
13.0067596436,80.2503585815,62271,62281,10
13.0067596436,80.2504501343,62281,62291,10
13.0067596436,80.25050354,62291,62301,10
13.006770134,80.250617981,62301,62312,11
13.0067596436,80.2507019043,62312,62322,10
13.006770134,80.2511062622,62322,62389,67
13.006770134,80.2511062622,62389,62400,11
13.0067300797,80.2514801025,62400,62410,10
13.0066900253,80.2518615723,62410,62421,11
13.0065002441,80.2526702881,62421,62431,10
13.0064601898,80.2536468506,62431,62441,10
13.0065402985,80.2549591064,62441,62481,40
13.0065402985,80.2549591064,62481,62491,10
13.0065202713,80.2552871704,62491,62501,10
13.0065603256,80.2571487427,62501,62584,83
13.0065603256,80.2571487427,62584,62593,9
13.0065803528,80.2572174072,62593,62604,11
13.0066099167,80.2575836182,62604,62614,10
13.0061397552,80.2575378418,62614,62624,10
13.0054197311,80.2574081421,62624,62634,10
13.0048303604,80.2572097778,62634,62645,11
13.0039997101,80.2570571899,62645,62655,10
13.0032300949,80.2568664551,62655,62665,10
13.0024299622,80.2567062378,62665,62675,10
13.0016002655,80.2565536499,62675,62685,10
13.0008401871,80.256439209,62685,62695,10
13.0002803802,80.256362915,62695,62715,20
13.0002803802,80.256362915,62715,62725,10
13.0000600815,80.2563171387,62725,62735,10
12.999540329,80.2562408447,62735,62756,21
12.999540329,80.2562408447,62756,62766,10
12.9994802475,80.2562179565,62766,62776,10
12.9990901947,80.2561264038,62776,62786,10
12.9983301163,80.2559814453,62786,62796,10
12.9976196289,80.2559280396,62796,62806,10
12.9971904755,80.2559204102,62806,62826,20
12.9971904755,80.2559204102,62826,62836,10
12.9969396591,80.2559814453,62836,62846,10
12.9968395233,80.2564163208,62846,62856,10
12.9968004227,80.2570495605,62856,62887,31
12.9968004227,80.2570495605,62887,62897,10
12.9968204498,80.2573318481,62897,62907,10
12.9967699051,80.2577590942,62907,62917,10
12.9966697693,80.2583694458,62917,62927,10
12.9966001511,80.2588424683,62927,62937,10
12.9965400696,80.2594299316,62937,62947,10
12.9964799881,80.2597808838,62947,62957,10
12.9964399338,80.2601394653,62957,62968,11
12.9963998795,80.2607727051,62968,62978,10
12.9963197708,80.2614974976,62978,62988,10
12.9961900711,80.2624588013,62988,63010,22
12.9961900711,80.2624588013,63010,63020,10
12.9961500168,80.2627563477,63020,63029,9
12.9960899353,80.2632522583,63029,63040,11
12.9960403442,80.263999939,63040,63050,10
12.9959602356,80.2647628784,63050,63060,10
12.995880127,80.2655410767,63060,63070,10
12.995880127,80.2656173706,63070,63081,11
12.9958200455,80.2660980225,63081,63091,10
12.9957399368,80.2668075562,63091,63101,10
12.9956798553,80.2675018311,63101,63111,10
12.9961700439,80.2677230835,63111,63141,30
12.9961700439,80.2677230835,63141,63151,10
12.9963102341,80.267791748,63151,63161,10
12.9968099594,80.2677993774,63161,63177,16
12.9981203079,80.2674026489,63177,63190,13
12.9993896484,80.2670593262,63190,63200,10
12.9999904633,80.2667388916,63200,63219,19
12.9999904633,80.2667388916,63219,63230,11
13.000169754,80.2662963867,63230,63240,10
13.0002403259,80.2657623291,63240,63250,10
13.0003700256,80.2657775879,63250,63260,10
13.0003004074,80.2664031982,63260,63724,464
13.0003004074,80.2664031982,63724,63735,11
13.0002498627,80.266708374,63735,63745,10
13.0001096725,80.2668762207,63745,63755,10
12.9997396469,80.266960144,63755,63765,10
12.9990596771,80.2671585083,63765,63775,10
12.9984197617,80.2673187256,63775,63785,10
12.998049736,80.2674331665,63785,63795,10
12.9974002838,80.2676010132,63795,63805,10
12.9965400696,80.2677536011,63805,63815,10
12.9958200455,80.2677230835,63815,63825,10
12.9957199097,80.2676315308,63825,63835,10
12.9957103729,80.2673721313,63835,63846,11
12.9957304001,80.2672805786,63846,63856,10
12.9957895279,80.2668609619,63856,63866,10
12.9958400726,80.2661209106,63866,63876,10
12.9959402084,80.2652282715,63876,63886,10
12.9960203171,80.2645797729,63886,63896,10
12.9961004257,80.2639083862,63896,63906,10
12.9961595535,80.2632293701,63906,63916,10
12.9962501526,80.2626037598,63916,63936,20
12.9962501526,80.2626037598,63936,63946,10
12.9963102341,80.2625198364,63946,63957,11
12.9963598251,80.262046814,63957,63967,10
12.9963998795,80.2615814209,63967,63977,10
12.9964504242,80.260887146,63977,63987,10
12.9965000153,80.2602996826,63987,63997,10
12.9965496063,80.2598571777,63997,64007,10
12.9966001511,80.2593765259,64007,64017,10
12.9966602325,80.2588806152,64017,64027,10
12.9967098236,80.2582321167,64027,64037,10
12.9967699051,80.2574081421,64037,64047,10
12.9968500137,80.2569122314,64047,64057,10
12.9969596863,80.2561187744,64057,64148,91
12.9969596863,80.2561187744,64148,64158,10
12.9970903397,80.255821228,64158,64168,10
12.9976596832,80.2558822632,64168,64179,11
12.9982995987,80.2559509277,64179,64188,9
12.9986600876,80.2559814453,64188,64209,21
12.9986600876,80.2559814453,64209,64219,10
12.9987897873,80.2560119629,64219,64229,10
12.9990100861,80.2560424805,64229,64239,10
12.9993896484,80.256111145,64239,64249,10
12.999879837,80.2562408447,64249,64259,10
13.0002698898,80.2562866211,64259,64269,10
13.0006198883,80.2563705444,64269,64280,11
13.0011100769,80.256439209,64280,64290,10
13.0012102127,80.256439209,64290,64300,10
13.0014400482,80.2564926147,64300,64310,10
13.0018501282,80.2565536499,64310,64320,10
13.0023202896,80.2566299438,64320,64330,10
13.0025901794,80.2566680908,64330,64340,10
13.0028495789,80.2567214966,64340,64350,10
13.0032501221,80.2568206787,64350,64360,10
13.0037097931,80.2568969727,64360,64370,10
13.0042200089,80.2570114136,64370,64380,10
13.0046596527,80.2571029663,64380,64391,11
13.0052404404,80.2572402954,64391,64401,10
13.0057497025,80.2573394775,64401,64411,10
13.0063695908,80.2574005127,64411,64421,10
13.006480217,80.2569580078,64421,64431,10
13.0065097809,80.2564163208,64431,64441,10
13.0065097809,80.255897522,64441,64451,10
13.0065202713,80.2553710938,64451,64461,10
13.0065002441,80.254447937,64461,64491,30
13.006529808,80.2540969849,64491,64532,41
13.0067195892,80.25415802,64532,64552,20
13.0067195892,80.25415802,64552,64562,10
13.0066699982,80.2538986206,64562,64572,10
13.0066604614,80.2536468506,64572,64582,10
13.0066604614,80.2535629272,64582,64592,10
13.006649971,80.2533721924,64592,64602,10
13.0066299438,80.2529907227,64602,64613,11
13.0066299438,80.2523498535,64613,64713,100
13.0066299438,80.2523498535,64713,64724,11
13.0066795349,80.2518768311,64724,64734,10
13.0067596436,80.2512435913,64734,64744,10
13.006819725,80.2504882813,64744,64754,10
13.0068101883,80.2498321533,64754,64824,70
13.0068101883,80.2498321533,64824,64835,11
13.0067396164,80.2498626709,64835,64845,10
13.0067396164,80.2494735718,64845,64855,10
13.0067195892,80.2490692139,64855,64865,10
13.0066795349,80.2486114502,64865,64875,10
13.0066204071,80.2482299805,64875,64966,91
13.0066204071,80.2482299805,64966,64976,10
13.0066003799,80.2480621338,64976,64986,10
13.0066099167,80.247756958,64986,64996,10
13.0066299438,80.2470092773,64996,65016,20
13.0066299438,80.2470092773,65016,65026,10
13.0066299438,80.2468185425,65026,65036,10
13.0065898895,80.2466583252,65036,65047,11
13.0066204071,80.2464370728,65047,65067,20
13.0066204071,80.2464370728,65067,65077,10
13.0066404343,80.2460632324,65077,65097,20
13.0066404343,80.2460632324,65097,65107,10
13.0066604614,80.2458114624,65107,65117,10
13.0066699982,80.2456207275,65117,65127,10
13.0066699982,80.2454071045,65127,65137,10
13.0066604614,80.2452697754,65137,65147,10
13.006649971,80.245010376,65147,65158,11
13.0066404343,80.2448425293,65158,65168,10
13.0066795349,80.244758606,65168,65178,10
13.0066900253,80.2445068359,65178,65188,10
13.0067100525,80.2442626953,65188,65198,10
13.0066604614,80.2438430786,65198,65208,10
13.006649971,80.2434234619,65208,65218,10
13.0066099167,80.2428436279,65218,65228,10
13.0065698624,80.2416381836,65228,65248,20
13.0065803528,80.2415390015,65248,65289,41
13.0065803528,80.2415390015,65289,65299,10
13.0066204071,80.2410507202,65299,65319,20
13.0066204071,80.2410507202,65319,65329,10
13.0066699982,80.2406997681,65329,65339,10
13.0066699982,80.2406234741,65339,65349,10
13.0066795349,80.2404174805,65349,65359,10
13.006770134,80.2401199341,65359,65369,10
13.0069503784,80.2393493652,65369,65380,11
13.0071496964,80.238319397,65380,65390,10
13.0072898865,80.2376022339,65390,65400,10
13.0073699951,80.2369918823,65400,65410,10
13.0074195862,80.2367477417,65410,65420,10
13.0074596405,80.2366790771,65420,65430,10
13.0075702667,80.2363204956,65430,65440,10
13.0076704025,80.235786438,65440,65450,10
13.0077800751,80.2352218628,65450,65460,10
13.0078897476,80.2344970703,65460,65470,10
13.008020401,80.2339096069,65470,65480,10
13.0082197189,80.2328796387,65480,65491,11
13.0084495544,80.2316818237,65491,65501,10
13.0086803436,80.2306518555,65501,65511,10
13.008890152,80.2296829224,65511,65521,10
13.009059906,80.2287826538,65521,65531,10
13.0092897415,80.2279815674,65531,65541,10
13.0096101761,80.2272109985,65541,65551,10
13.0099802017,80.2264099121,65551,65561,10
13.0102996826,80.2256774902,65561,65571,10
13.01060009,80.2250900269,65571,65581,10
13.0109796524,80.2242126465,65581,65602,21
13.0109796524,80.2242126465,65602,65612,10
13.0110998154,80.2238693237,65612,65622,10
13.0112304688,80.2234420776,65622,65632,10
13.0114803314,80.2228164673,65632,65642,10
13.011759758,80.2220230103,65642,65652,10
13.0120000839,80.2215576172,65652,65662,10
13.0122900009,80.2215499878,65662,65672,10
13.0126600266,80.222076416,65672,65682,10
13.0130996704,80.2227172852,65682,65692,10
13.0136098862,80.2232589722,65692,65703,11
13.0141000748,80.2237930298,65703,65713,10
13.0143899918,80.2242736816,65713,65723,10
13.0148096085,80.2247161865,65723,65733,10
13.0151500702,80.2249221802,65733,65743,10
13.0153799057,80.2249832153,65743,65773,30
13.0153799057,80.2249832153,65773,65783,10
13.0156698227,80.225151062,65783,65793,10
13.0162401199,80.2253417969,65793,65803,10
13.0170297623,80.225112915,65803,65814,11
13.0179595947,80.2247314453,65814,65824,10
13.0188703537,80.224357605,65824,65834,10
13.0193195343,80.2242736816,65834,65844,10
13.0193195343,80.224281311,65844,65854,10
13.0193500519,80.224357605,65854,65864,10
13.0195102692,80.2244110107,65864,65874,10
13.0195598602,80.2244262695,65874,65884,10
13.019780159,80.2245483398,65884,65894,10
13.0201501846,80.224822998,65894,65904,10
13.02064991,80.2251815796,65904,65914,10
13.0211496353,80.2255172729,65914,65925,11
13.0217103958,80.2259597778,65925,65935,10
13.0222997665,80.2265319824,65935,65945,10
13.0229701996,80.2271118164,65945,65955,10
13.0236597061,80.2277984619,65955,65965,10
13.0242700577,80.2285003662,65965,65995,30
13.0242700577,80.2285003662,65995,66005,10
13.0244598389,80.2287826538,66005,66015,10
13.0248003006,80.2292404175,66015,66025,10
13.0252103806,80.2297515869,66025,66036,11
13.0256500244,80.2303924561,66036,66046,10
13.0257997513,80.2306213379,66046,66056,10
13.0258998871,80.2308425903,66056,66066,10
13.0259799957,80.2310791016,66066,66076,10
13.0260601044,80.2313690186,66076,66086,10
13.0264196396,80.2312927246,66086,66096,10
13.0271100998,80.2311172485,66096,66106,10
13.0278100967,80.2309265137,66106,66116,10
13.0283403397,80.2308425903,66116,66126,10
13.0283603668,80.2308502197,66126,66137,11
13.0288200378,80.2307815552,66137,66147,10
13.0291204453,80.2307662964,66147,66207,60
13.0291204453,80.2307662964,66207,66217,10
13.0294599533,80.2307815552,66217,66227,10
13.0299596786,80.2307281494,66227,66237,10
13.0303602219,80.2306976318,66237,66268,31
13.0303602219,80.2306976318,66268,66278,10
13.0305995941,80.2307128906,66278,66288,10
13.0306596756,80.2306137085,66288,66298,10
13.0306596756,80.23046875,66298,66308,10
13.0305700302,80.2300796509,66308,66318,10
13.0303096771,80.2293167114,66318,66328,10
13.0303602219,80.2284011841,66328,66348,20
13.0303602219,80.2284011841,66348,66359,11
13.0304002762,80.2281723022,66359,66369,10
13.0304498672,80.2277679443,66369,66379,10
13.0303001404,80.2275009155,66379,66389,10
13.0296602249,80.2274093628,66389,66399,10
13.0289697647,80.2272796631,66399,66409,10
13.028719902,80.2272033691,66409,66419,10
13.0285797119,80.2271575928,66419,66429,10
13.0281896591,80.2270965576,66429,66439,10
13.0279798508,80.2269668579,66439,66449,10
13.0279397964,80.2266235352,66449,66459,10
13.0280103683,80.2262115479,66459,66470,11
13.0281000137,80.2256469727,66470,66480,10
13.028260231,80.2248001099,66480,66490,10
13.0284404755,80.2241134644,66490,66500,10
13.0287399292,80.2239532471,66500,66510,10
13.0287799835,80.2239532471,66510,66520,10
13.0289897919,80.2241287231,66520,66530,10
13.0293703079,80.2242507935,66530,66540,10
13.0298595428,80.2242431641,66540,66550,10
13.0304002762,80.2242507935,66550,66560,10
13.0309200287,80.2242507935,66560,66570,10
13.0311203003,80.224029541,66570,66581,11
13.0311498642,80.2235870361,66581,66591,10
13.0311899185,80.2230987549,66591,66601,10
13.0312204361,80.2230377197,66601,66612,11
13.0312595367,80.22265625,66612,66622,10
13.0314798355,80.2222671509,66622,66633,11
13.0318098068,80.2216262817,66633,66643,10
13.0320196152,80.2209625244,66643,66653,10
13.0321702957,80.220199585,66653,66663,10
13.0321798325,80.2197265625,66663,66673,10
13.0322198868,80.2196502686,66673,66684,11
13.0322399139,80.2195587158,66684,66694,10
13.0322399139,80.2190475464,66694,66704,10
13.0321702957,80.21849823,66704,66714,10
13.0316295624,80.2184066772,66714,66724,10
13.0314903259,80.2178497314,66724,66734,10
13.0313997269,80.2171096802,66734,66744,10
13.0313196182,80.2170181274,66744,66754,10
13.0310096741,80.2169723511,66754,66764,10
13.0305700302,80.2169113159,66764,66774,10
13.0304498672,80.2167282104,66774,66784,10
13.0304403305,80.2166595459,66784,66795,11
13.0304002762,80.2163619995,66795,66805,10
13.0303697586,80.2159118652,66805,66815,10
13.0303897858,80.2152786255,66815,66825,10
13.0303602219,80.2144622803,66825,66845,20
13.0303602219,80.2144622803,66845,66855,10
13.0303897858,80.2143783569,66855,66865,10
13.0304603577,80.2138366699,66865,66875,10
13.0305099487,80.2136001587,66875,66885,10
13.0305500031,80.2132720947,66885,66895,10
13.0306396484,80.2127380371,66895,66906,11
13.0307502747,80.2120895386,66906,66916,10
13.0307998657,80.2117614746,66916,66926,10
13.0308504105,80.2113571167,66926,66936,10
13.0308904648,80.2110595703,66936,66946,10
13.0309801102,80.2105865479,66946,66956,10
13.0310001373,80.2102127075,66956,66966,10
13.0308504105,80.210067749,66966,66976,10
13.0304803848,80.2098999023,66976,66986,10
13.030090332,80.2097702026,66986,66996,10
13.0300998688,80.2093811035,66996,67047,51
13.0300998688,80.2093811035,67047,67057,10
13.0302696228,80.2090988159,67057,67067,10
13.0306901932,80.2090377808,67067,67077,10
13.0313301086,80.2092590332,67077,67087,10
13.0314903259,80.2093429565,67087,67097,10
13.0315999985,80.2092437744,67097,67107,10
13.0320501328,80.2091827393,67107,67117,10
13.0328903198,80.2094192505,67117,67128,11
13.0337400436,80.2097091675,67128,67137,9
13.0344400406,80.2098693848,67137,67148,11
13.0350704193,80.209777832,67148,67158,10
13.0351295471,80.2092285156,67158,67168,10
13.0352096558,80.2088623047,67168,67188,20
13.0352096558,80.2088623047,67188,67198,10
13.0352802277,80.2085189819,67198,67208,10
13.0353298187,80.2079925537,67208,67218,10
13.0354404449,80.2072677612,67218,67229,11
13.0355501175,80.2065811157,67229,67239,10
13.0355997086,80.2060928345,67239,67249,10
13.0354795456,80.2059631348,67249,67259,10
13.0355195999,80.2056274414,67259,67269,10
13.0355396271,80.2055587769,67269,67279,10
13.0355396271,80.2054977417,67279,67289,10
13.0355501175,80.2054290771,67289,67299,10
13.0357303619,80.2052764893,67299,67309,10
13.0357999802,80.2050018311,67309,67319,10
13.0358104706,80.2047424316,67319,67329,10
13.0358600616,80.2043685913,67329,67340,11
13.0359201431,80.2040176392,67340,67350,10
13.0360202789,80.203453064,67350,67360,10
13.0361099243,80.2028198242,67360,67370,10
13.0361795425,80.2023391724,67370,67380,10
13.0362701416,80.2015228271,67380,67400,20
13.0362701416,80.2015228271,67400,67410,10
13.0363302231,80.2011795044,67410,67420,10
13.0363998413,80.2008209229,67420,67430,10
13.0364999771,80.2002487183,67430,67440,10
13.0366401672,80.1993637085,67440,67451,11
13.0367603302,80.1985168457,67451,67467,16
13.0367803574,80.1983718872,67467,67479,12
13.0368299484,80.1978302002,67479,67487,8
13.0368995667,80.1973724365,67487,67498,11
13.0369997025,80.1967697144,67498,67509,11
13.0370502472,80.1963729858,67509,67519,10
13.0370998383,80.1962814331,67519,67529,10
13.037150383,80.1958389282,67529,67539,10
13.0372600555,80.1951065063,67539,67549,10
13.0373802185,80.194229126,67549,67560,11
13.0375204086,80.1932525635,67560,67570,10
13.0375995636,80.1929016113,67570,67580,10
13.0376195908,80.1928787231,67580,67590,10
13.0378398895,80.1927566528,67590,67600,10
13.0381202698,80.192779541,67600,67620,20
13.0381202698,80.192779541,67620,67630,10
13.0381698608,80.1928024292,67630,67640,10
13.0385198593,80.192817688,67640,67650,10
13.0387401581,80.1928710938,67650,67660,10
13.0389995575,80.1929092407,67660,67671,11
13.0394201279,80.1929702759,67671,67681,10
13.0398902893,80.1930618286,67681,67691,10
13.0403995514,80.193107605,67691,67701,10
13.0408802032,80.1931762695,67701,67711,10
13.0413703918,80.1932373047,67711,67721,10
13.0417098999,80.1933670044,67721,67731,10
13.0417604446,80.1936264038,67731,67741,10
13.0417299271,80.1939926147,67741,67751,10
13.0417098999,80.1940536499,67751,67761,10
13.0416603088,80.1944885254,67761,67771,10
13.0415697098,80.1951293945,67771,67782,11
13.0414896011,80.1957473755,67782,67792,10
13.0414199829,80.1962280273,67792,67802,10
13.0413303375,80.196647644,67802,67822,20
13.0413303375,80.196647644,67822,67832,10
13.0413198471,80.1970214844,67832,67842,10
13.0412597656,80.1974487305,67842,67852,10
13.0411996841,80.1979598999,67852,67862,10
13.0411500931,80.198348999,67862,67872,10
13.0410699844,80.1988372803,67872,67882,10
13.0410203934,80.1992034912,67882,67893,11
13.0410003662,80.1993484497,67893,67903,10
13.0409202576,80.199760437,67903,67913,10
13.0408296585,80.2003173828,67913,67923,10
13.0407600403,80.200881958,67923,67933,10
13.0406703949,80.2014770508,67933,67943,10
13.040599823,80.2019729614,67943,67953,10
13.0405397415,80.2024078369,67953,67963,10
13.0404396057,80.2029800415,67963,67973,10
13.0403699875,80.2035522461,67973,67983,10
13.0402898788,80.2040710449,67983,67993,10
13.040189743,80.2045593262,67993,68004,11
13.040140152,80.2049179077,68004,68014,10
13.0402898788,80.2050628662,68014,68024,10
13.0407400131,80.2051315308,68024,68034,10
13.0411596298,80.2052230835,68034,68044,10
13.0412197113,80.2052383423,68044,68054,10
13.0416402817,80.205291748,68054,68064,10
13.0421800613,80.205368042,68064,68074,10
13.0426597595,80.205619812,68074,68084,10
13.043009758,80.206237793,68084,68094,10
13.0435400009,80.2069015503,68094,68105,11
13.0439901352,80.2077178955,68105,68115,10
13.0441102982,80.2082901001,68115,68125,10
13.0441398621,80.2088012695,68125,68155,30
13.0441398621,80.2088012695,68155,68165,10
13.0441398621,80.2088928223,68165,68175,10
13.0441398621,80.2090377808,68175,68185,10
13.0441398621,80.2092285156,68185,68195,10
13.0441398621,80.209602356,68195,68205,10
13.0441703796,80.2103118896,68205,68216,11
13.044210434,80.2110366821,68216,68226,10
13.0442304611,80.2117767334,68226,68236,10
13.0442800522,80.2120819092,68236,68256,20
13.044260025,80.2123336792,68256,68296,40
13.0441904068,80.2120819092,68296,68337,41
13.0441904068,80.2120819092,68337,68347,10
13.0442895889,80.2122879028,68347,68357,10
13.0444297791,80.2122802734,68357,68367,10
13.0450496674,80.2122573853,68367,68377,10
13.0459098816,80.2122573853,68377,68387,10
13.0467300415,80.2122421265,68387,68397,10
13.0474395752,80.2122116089,68397,68407,10
13.0467796326,80.2122116089,68407,68428,21
13.0467796326,80.2122116089,68428,68438,10
13.0467700958,80.2121124268,68438,68448,10
13.046790123,80.2121963501,68448,68458,10
13.0468902588,80.2121582031,68458,68478,20
13.0468902588,80.2121582031,68478,68488,10
13.0470399857,80.2119903564,68488,68498,10
13.0470104218,80.2118225098,68498,68508,10
13.046959877,80.2117004395,68508,68518,10
13.0469799042,80.2112197876,68518,68528,10
13.0469903946,80.2108764648,68528,68538,10
13.0472202301,80.2107696533,68538,68549,11
13.0477600098,80.2107162476,68549,68559,10
13.0482797623,80.2107696533,68559,68569,10
13.0487003326,80.2107772827,68569,68579,10
13.0490999222,80.2108078003,68579,68589,10
13.0494298935,80.2107925415,68589,68599,10
13.0496196747,80.2108306885,68599,68609,10
13.049659729,80.210647583,68609,68619,10
13.0495796204,80.2100830078,68619,68629,10
13.0494699478,80.2095336914,68629,68639,10
13.0494203568,80.2090377808,68639,68650,11
13.0492401123,80.2082901001,68650,68660,10
13.0489797592,80.2074966431,68660,68670,10
13.0488700867,80.2071228027,68670,68700,30
13.0488700867,80.2071228027,68700,68710,10
13.0490503311,80.2069015503,68710,68740,30
13.0490503311,80.2069015503,68740,68750,10
13.0493097305,80.2069091797,68750,68761,11
13.0492801666,80.2071609497,68761,68932,171
13.0492801666,80.2071609497,68932,68942,10
13.0494403839,80.2074813843,68942,69023,81
13.0492401123,80.2073364258,69023,69154,131
13.0492401123,80.2073364258,69154,69164,10
13.0493297577,80.2072906494,69164,69175,11
13.0493297577,80.2073135376,69175,69386,211
13.0493297577,80.2073135376,69386,69396,10
13.0492200851,80.2073364258,69396,69447,51
13.0492200851,80.2073364258,69447,69457,10
13.0492601395,80.2071762085,69457,69487,30
13.0492296219,80.2073135376,69487,69740,253
13.0492296219,80.2073135376,69740,69750,10
13.0492801666,80.2072906494,69750,69760,10
13.0493001938,80.2073135376,69760,69810,50
13.0493202209,80.20728302,69810,69972,162
13.0493202209,80.20728302,69972,69982,10
13.0494403839,80.2073364258,69982,70002,20
13.0494203568,80.2073364258,70002,70164,162
13.0494203568,80.2073364258,70164,70173,9
13.0492401123,80.2071609497,70173,70194,21
13.0492296219,80.2070922852,70194,70214,20
13.0492296219,80.2070922852,70214,70224,10
13.0492601395,80.207359314,70224,70234,10
13.0491600037,80.2073822021,70234,70264,30
13.0491600037,80.2073822021,70264,70274,10
13.0489797592,80.2073516846,70274,70284,10
13.0489702225,80.2074966431,70284,70295,11
13.049079895,80.2077636719,70295,70305,10
13.0491695404,80.2080612183,70305,70315,10
13.0492296219,80.2083435059,70315,70325,10
13.0492801666,80.2085037231,70325,70335,10
13.0493497849,80.2086410522,70335,70345,10
13.0493898392,80.2088012695,70345,70355,10
13.0494403839,80.2090072632,70355,70365,10
13.0494699478,80.2092437744,70365,70375,10
13.0494804382,80.2096176147,70375,70385,10
13.049539566,80.2099990845,70385,70395,10
13.0495996475,80.2103271484,70395,70406,11
13.0496301651,80.2105865479,70406,70416,10
13.0496902466,80.2107772827,70416,70426,10
13.0497303009,80.2109680176,70426,70436,10
13.0497303009,80.2112197876,70436,70466,30
13.0497303009,80.2112197876,70466,70476,10
13.0496902466,80.2110824585,70476,70486,10
13.0496997833,80.2110977173,70486,70496,10
13.0497303009,80.2112121582,70496,70507,11
13.0497903824,80.211517334,70507,70517,10
13.0498504639,80.211807251,70517,70527,10
13.0498695374,80.2120895386,70527,70537,10
13.0496797562,80.2122497559,70537,70547,10
13.0493097305,80.2122421265,70547,70557,10
13.0493001938,80.2122192383,70557,70567,10
13.0491199493,80.2121582031,70567,70577,10
13.0486297607,80.2121582031,70577,70586,9
13.0480804443,80.2122116089,70586,70597,11
13.047129631,80.2123031616,70597,70607,10
13.0461397171,80.2123413086,70607,70618,11
13.0453300476,80.212387085,70618,70638,20
13.0453300476,80.212387085,70638,70648,10
13.0449800491,80.2124404907,70648,70658,10
13.0444297791,80.2124862671,70658,70678,20
13.0444297791,80.2124862671,70678,70688,10
13.0443296432,80.2126464844,70688,70829,141
13.0443296432,80.2126464844,70829,70840,11
13.0443496704,80.2125167847,70840,70850,10
13.0441598892,80.212310791,70850,70860,10
13.0442304611,80.2117996216,70860,70870,10
13.0441799164,80.2112808228,70870,70890,20
13.0441799164,80.2112808228,70890,70900,10
13.0441999435,80.2108688354,70900,70930,30
13.0441999435,80.2108688354,70930,70940,10
13.0441503525,80.2102813721,70940,70951,11
13.0441303253,80.2099227905,70951,70961,10
13.0441102982,80.2096328735,70961,70971,10
13.044090271,80.2092208862,70971,70981,10
13.0440597534,80.2086486816,70981,70991,10
13.0440397263,80.2080764771,70991,71001,10
13.0438995361,80.2075500488,71001,71017,16
13.0435400009,80.2069396973,71017,71029,12
13.0431995392,80.2064285278,71029,71039,10
13.0429601669,80.2060470581,71039,71049,10
13.0427999496,80.2057495117,71049,71060,11
13.042550087,80.2055587769,71060,71070,10
13.0420598984,80.2053375244,71070,71079,9
13.0417098999,80.205291748,71079,71090,11
13.0417003632,80.205291748,71090,71099,9
13.0414199829,80.2052612305,71099,71110,11
13.0407896042,80.2051315308,71110,71129,19
13.0407896042,80.2051315308,71129,71140,11
13.0407495499,80.2051620483,71140,71150,10
13.0403795242,80.2051010132,71150,71160,10
13.0399599075,80.2050170898,71160,71171,11
13.039440155,80.2049179077,71171,71181,10
13.0389299393,80.2048416138,71181,71191,10
13.0383796692,80.2047805786,71191,71201,10
13.0381002426,80.2046127319,71201,71211,10
13.0381402969,80.2042617798,71211,71221,10
13.0382404327,80.2036437988,71221,71231,10
13.0383501053,80.2029266357,71231,71241,10
13.0384397507,80.2023468018,71241,71251,10
13.0385103226,80.2019424438,71251,71261,10
13.0385303497,80.2017822266,71261,71272,11
13.0385904312,80.2014083862,71272,71282,10
13.0386800766,80.2007904053,71282,71292,10
13.0387096405,80.200302124,71292,71302,10
13.0388097763,80.1996765137,71302,71312,10
13.0388803482,80.1993103027,71312,71322,10
13.0389404297,80.1989822388,71322,71332,10
13.0390195847,80.1983413696,71332,71348,16
13.0392398834,80.1971511841,71348,71360,12
13.0392398834,80.1969680786,71360,71370,10
13.0392599106,80.1965332031,71370,71380,10
13.0393199921,80.1960906982,71380,71391,11
13.039440155,80.1952972412,71391,71401,10
13.0395498276,80.1946029663,71401,71410,9
13.0396499634,80.1938400269,71410,71421,11
13.0397596359,80.1932907104,71421,71441,20
13.0397596359,80.1932907104,71441,71451,10
13.0394001007,80.1930007935,71451,71461,10
13.0386199951,80.1928787231,71461,71481,20
13.0386199951,80.1928787231,71481,71492,11
13.0382099152,80.1928329468,71492,71502,10
13.0378704071,80.1928405762,71502,71512,10
13.0376195908,80.1931610107,71512,71522,10
13.0374898911,80.1939315796,71522,71532,10
13.0373601913,80.1948471069,71532,71542,10
13.0372400284,80.1956787109,71542,71552,10
13.0371999741,80.1960678101,71552,71562,10
13.0371999741,80.1960983276,71562,71572,10
13.0371303558,80.1962585449,71572,71582,10
13.0370397568,80.1966934204,71582,71592,10
13.036939621,80.1973495483,71592,71602,10
13.0368700027,80.1979827881,71602,71613,11
13.0368003845,80.1985168457,71613,71623,10
13.0368099213,80.1985321045,71623,71633,10
13.0367803574,80.1987380981,71633,71643,10
13.0366601944,80.1993408203,71643,71653,10
13.0365400314,80.2001876831,71653,71663,10
13.0363702774,80.2013168335,71663,71693,30
13.0363702774,80.2013168335,71693,71703,10
13.0363702774,80.2015609741,71703,71714,11
13.0363302231,80.2018127441,71714,71724,10
13.0362501144,80.2022399902,71724,71734,10
13.0361700058,80.2026901245,71734,71744,10
13.0361003876,80.2033309937,71744,71754,10
13.0359802246,80.2039413452,71754,71764,10
13.0359401703,80.2043304443,71764,71774,10
13.0359201431,80.2044830322,71774,71784,10
13.0358600616,80.2049102783,71784,71794,10
13.035779953,80.2054901123,71794,71804,10
13.0357198715,80.205947876,71804,71815,11
13.0356998444,80.2060928345,71815,71825,10
13.0356197357,80.2066192627,71825,71835,10
13.0354995728,80.2074127197,71835,71845,10
13.0354003906,80.2081298828,71845,71855,10
13.0353803635,80.2083892822,71855,71864,9
13.035369873,80.2084121704,71864,71875,11
13.0352697372,80.2089233398,71875,71885,10
13.0351896286,80.2095184326,71885,71895,10
13.0351104736,80.2100830078,71895,71905,10
13.0350704193,80.2104187012,71905,71915,10
13.0349502563,80.2106628418,71915,71926,11
13.0348501205,80.211151123,71926,71936,10
13.034740448,80.2116928101,71936,71946,10
13.0346899033,80.2119293213,71946,71956,10
13.0346403122,80.2120895386,71956,71966,10
13.0343103409,80.2121124268,71966,71976,10
13.0338001251,80.2120132446,71976,71986,10
13.0332202911,80.2119216919,71986,71996,10
13.0324296951,80.2118682861,71996,72016,20
13.0324296951,80.2118682861,72016,72026,10
13.0320796967,80.2118606567,72026,72037,11
13.0318403244,80.2117004395,72037,72047,10
13.0318803787,80.2113723755,72047,72057,10
13.0319700241,80.2107925415,72057,72067,10
13.0320596695,80.2101364136,72067,72077,10
13.0319595337,80.2097167969,72077,72087,10
13.0314302444,80.2095489502,72087,72096,9
13.0307502747,80.2093811035,72096,72107,11
13.0302000046,80.2092514038,72107,72117,10
13.0300998688,80.2092895508,72117,72127,10
13.029999733,80.2095794678,72127,72137,10
13.0299596786,80.2097091675,72137,72148,11
13.0300998688,80.2098770142,72148,72158,10
13.0305500031,80.2099380493,72158,72168,10
13.0308704376,80.210067749,72168,72178,10
13.0309400558,80.2102203369,72178,72188,10
13.0309095383,80.2105789185,72188,72198,10
13.0308599472,80.2110671997,72198,72208,10
13.030790329,80.21144104,72208,72218,10
13.0307397842,80.2117919922,72218,72228,10
13.0306797028,80.2120513916,72228,72238,10
13.0306196213,80.2125320435,72238,72248,10
13.0305099487,80.2131576538,72248,72259,11
13.0304498672,80.2136306763,72259,72269,10
13.0303602219,80.2141189575,72269,72773,504
13.0306301117,80.2279586792,72773,72824,51
13.0306301117,80.2279586792,72824,72834,10
13.0301504135,80.2291030884,72834,72844,10
13.0302495956,80.2293624878,72844,72854,10
13.0304002762,80.2296600342,72854,72864,10
13.030579567,80.2303390503,72864,72874,10
13.0305995941,80.2306976318,72874,72884,10
13.0305299759,80.2308578491,72884,72894,10
13.0303001404,80.2308273315,72894,72904,10
13.0298595428,80.230796814,72904,72915,11
13.0297298431,80.2308425903,72915,72925,10
13.029540062,80.2308578491,72925,72935,10
13.0291004181,80.2308807373,72935,72945,10
13.0283098221,80.2308197021,72945,74245,1300
13.0283098221,80.2308197021,74245,74255,10
13.0005302429,80.256439209,74255,74265,10
13.000120163,80.2563095093,74265,74275,10
12.9997501373,80.2562789917,74275,74285,10
12.9996099472,80.2564163208,74285,74295,10
12.9993200302,80.2562866211,74295,74305,10
12.9988899231,80.2561187744,74305,74315,10
12.9983997345,80.2560577393,74315,74326,11
12.9980401993,80.2561035156,74326,74336,10
12.9975595474,80.2560195923,74336,74346,10
12.9975099564,80.2559509277,74346,74356,10
12.9971399307,80.2559509277,74356,74366,10
12.9972000122,80.2559432983,74366,74376,10
12.9972400665,80.2559432983,74376,74386,10
12.9971599579,80.2558898926,74386,74396,10
12.9972000122,80.2557830811,74396,74406,10
12.9969902039,80.2559967041,74406,74416,10
12.9968395233,80.2563171387,74416,74426,10
12.9967699051,80.2568206787,74426,74437,11
12.9965000153,80.2573165894,74437,74447,10
12.9961795807,80.2577972412,74447,74457,10
12.9966402054,80.2576217651,74457,74467,10
12.9963998795,80.2585983276,74467,74477,10
12.9966096878,80.2585220337,74477,74487,10
12.9966402054,80.2588500977,74487,74497,10
12.9965801239,80.2593383789,74497,74507,10
12.996509552,80.2599105835,74507,74518,11
12.9964799881,80.2605361938,74518,74527,9
12.9963798523,80.2609481812,74527,74538,11
12.9964895248,80.2608413696,74538,74548,10
12.9961795807,80.26146698,74548,74558,10
12.9962596893,80.2621078491,74558,74568,10
12.9962902069,80.2623519897,74568,74578,10
12.9962997437,80.2624206543,74578,74588,10
12.9961900711,80.2628707886,74588,74598,10
12.9961395264,80.263381958,74598,74608,10
12.9960699081,80.2640914917,74608,74618,10
12.9960203171,80.2646408081,74618,74628,10
12.9959697723,80.2651062012,74628,74638,10
12.995929718,80.2653808594,74638,74649,11
12.9958600998,80.2660369873,74649,74659,10
12.9957895279,80.2668380737,74659,74669,10
12.9957199097,80.2674865723,74669,74679,10
12.9960403442,80.2677536011,74679,74699,20
12.9960403442,80.2677536011,74699,74709,10
12.996339798,80.2677612305,74709,74719,10
12.9968595505,80.2677612305,74719,74729,10
12.9975299835,80.2676010132,74729,74739,10
12.9981803894,80.2674179077,74739,74749,10
12.9989004135,80.2672195435,74749,74760,11
12.9999103546,80.2668762207,74760,74780,20
12.9999103546,80.2668762207,74780,74790,10
13.0000200272,80.2667236328,74790,74800,10
13.000169754,80.2663803101,74800,74810,10
13.0002403259,80.2658691406,74810,74820,10
13.0003204346,80.2657394409,74820,74830,10
13.0003595352,80.2659378052,74830,74840,10
13.0003204346,80.266418457,74840,74860,20
13.0003204346,80.266418457,74860,74871,11
13.0002498627,80.2664871216,74871,74881,10
13.0002603531,80.2667694092,74881,74891,10
13.0000896454,80.2668914795,74891,74901,10
12.9996595383,80.2669906616,74901,74911,10
12.9990797043,80.2671508789,74911,74921,10
12.9985599518,80.2673110962,74921,74931,10
12.9981002808,80.2674407959,74931,74941,10
12.9975004196,80.2676010132,74941,74951,10
12.9968595505,80.267791748,74951,74961,10
12.9963302612,80.2677383423,74961,74971,10
12.9958295822,80.2677230835,74971,74982,11
12.9956598282,80.2675170898,74982,74992,10
12.9956798553,80.2674026489,74992,75002,10
12.9956598282,80.2673034668,75002,75012,10
12.9957199097,80.2667694092,75012,75022,10
12.9958200455,80.2659072876,75022,75032,10
12.9959201813,80.2650222778,75032,75042,10
12.9959697723,80.2645263672,75042,75052,10
12.9960403442,80.2638092041,75052,75062,10
12.9961099625,80.263130188,75062,75072,10
12.9961795807,80.2626495361,75072,75083,11
12.9961996078,80.2625427246,75083,75093,10
12.9962396622,80.2621078491,75093,75103,10
12.9962997437,80.2617263794,75103,75113,10
12.9963502884,80.2611236572,75113,75123,10
12.9964199066,80.2604904175,75123,75133,10
12.9964799881,80.2597808838,75133,75143,10
12.9965295792,80.2591629028,75143,75153,10
12.9966001511,80.2585067749,75153,75163,10
12.9966802597,80.2577819824,75163,75173,10
12.9967403412,80.2572479248,75173,75183,10
12.9967803955,80.2568664551,75183,75194,11
12.9968395233,80.2561416626,75194,75305,111
12.9968395233,80.2561416626,75305,75315,10
12.9968900681,80.2559967041,75315,75325,10
12.9971704483,80.2559280396,75325,75335,10
12.9976100922,80.2559509277,75335,75345,10
12.9978904724,80.2559585571,75345,75355,10
12.998339653,80.2559890747,75355,75365,10
12.9987897873,80.2560501099,75365,75375,10
12.9988098145,80.256072998,75375,75385,10
12.9990301132,80.2560806274,75385,75395,10
12.9990501404,80.2562103271,75395,75426,31
12.9990501404,80.2562103271,75426,75436,10
12.999250412,80.2561798096,75436,75446,10
12.9996700287,80.2562789917,75446,75456,10
13.0002698898,80.256362915,75456,75466,10
13.0009098053,80.2564468384,75466,75476,10
13.0013399124,80.2565383911,75476,75486,10
13.0015802383,80.2565689087,75486,75496,10
13.0017700195,80.2566070557,75496,75506,10
13.001999855,80.2565994263,75506,75517,11
13.0023202896,80.256690979,75517,75527,10
13.0024700165,80.256729126,75527,75537,10
13.0025997162,80.2567367554,75537,75547,10
13.0027704239,80.2567596436,75547,75557,10
13.0029296875,80.2568435669,75557,75567,10
13.0030002594,80.2567825317,75567,75577,10
13.0032100677,80.2568588257,75577,75587,10
13.0033998489,80.2569198608,75587,75597,10
13.0036697388,80.2569732666,75597,75607,10
13.0039300919,80.2570266724,75607,75623,16
13.0043001175,80.2570571899,75623,75636,13
13.0048303604,80.2572097778,75636,75646,10
13.0054397583,80.2572402954,75646,75654,8
13.005900383,80.2573394775,75654,75666,12
13.0060396194,80.2573776245,75666,75676,10
13.0064296722,80.2573699951,75676,75686,10
13.0064401627,80.2568969727,75686,75696,10
13.006480217,80.2560577393,75696,75704,8
13.0064601898,80.2554626465,75704,75716,12
13.006480217,80.2546463013,75716,75726,10
13.0064296722,80.2540206909,75726,75735,9
13.0063800812,80.2533798218,75735,75747,12
13.0063800812,80.2532196045,75747,75757,10
13.0064296722,80.252822876,75757,75767,10
13.0065202713,80.2523803711,75767,75777,10
13.0065803528,80.2519683838,75777,75797,20
13.0065803528,80.2519683838,75797,75807,10
13.0066900253,80.2518692017,75807,75838,31
13.0066900253,80.2518692017,75838,75847,9
13.0066404343,80.251663208,75847,75858,11
13.0066995621,80.250869751,75858,75868,10
13.0067300797,80.249961853,75868,75878,10
13.0067596436,80.2497711182,75878,75894,16
13.0066099167,80.248840332,75894,75906,12
13.0065898895,80.2478485107,75906,75916,10
13.0066604614,80.2473220825,75916,75926,10
13.0065603256,80.2466506958,75926,75936,10
13.0065498352,80.2466125488,75936,75946,10
13.0065898895,80.2462310791,75946,75956,10
13.0065603256,80.2454833984,75956,75967,11
13.006529808,80.2445297241,75967,75977,10
13.0066795349,80.2438278198,75977,75987,10
13.0067195892,80.2429962158,75987,75997,10
13.0067100525,80.2419586182,75997,76007,10
13.006529808,80.2410812378,76007,76017,10
13.0066404343,80.2402420044,76017,76027,10
13.0068397522,80.2391967773,76027,76037,10
13.0070800781,80.2381820679,76037,76047,10
13.0072402954,80.2375717163,76047,76057,10
13.0073204041,80.2369766235,76057,76068,11
13.0073604584,80.2367324829,76068,76078,10
13.0074596405,80.2364501953,76078,76088,10
13.0075998306,80.2358322144,76088,76098,10
13.0077199936,80.2351837158,76098,76108,10
13.0078802109,80.2343826294,76108,76118,10
13.008099556,80.2333297729,76118,76128,10
13.0083503723,80.2321472168,76128,76138,10
13.0086097717,80.2308502197,76138,76147,9
13.0088300705,80.2297515869,76147,76158,11
13.009059906,80.2285079956,76158,76168,10
13.0094099045,80.2275238037,76168,76179,11
13.0099496841,80.2263717651,76179,76189,10
13.0103597641,80.2255706787,76189,76199,10
13.0106801987,80.224861145,76199,76209,10
13.0109100342,80.2242584229,76209,76219,10
13.0111598969,80.2236480713,76219,76229,10
13.0114402771,80.2230606079,76229,76239,10
13.0116701126,80.2223129272,76239,76249,10
13.0121002197,80.2216262817,76249,76259,10
13.012430191,80.2217407227,76259,76269,10
13.0127096176,80.222328186,76269,76279,10
13.0132102966,80.2228469849,76279,76290,11
13.0139303207,80.2237014771,76290,76300,10
13.0144395828,80.224357605,76300,76310,10
13.0149297714,80.2247619629,76310,76320,10
13.0152597427,80.224937439,76320,76330,10
13.0152597427,80.2249298096,76330,76340,10
13.0153598785,80.2249069214,76340,76350,10
13.0154304504,80.2250213623,76350,76360,10
13.0158195496,80.2253036499,76360,76370,10
13.0165901184,80.2253112793,76370,76380,10
13.0175695419,80.2249298096,76380,76390,10
13.0191497803,80.224319458,76390,76411,21
13.0191497803,80.224319458,76411,76421,10
13.0196304321,80.2245178223,76421,76441,20
13.0196304321,80.2245178223,76441,76451,10
13.0198602676,80.2246932983,76451,76461,10
13.0203504562,80.2250976563,76461,76471,10
13.0210599899,80.2256088257,76471,76481,10
13.0219097137,80.2262573242,76481,76491,10
13.0227804184,80.2270431519,76491,76501,10
13.0235900879,80.2277984619,76501,76512,11
13.0241298676,80.2284469604,76512,76522,10
13.0242595673,80.2286376953,76522,76532,10
13.0246095657,80.2291412354,76532,76542,10
13.0251197815,80.2297821045,76542,76552,10
13.0254402161,80.2302703857,76552,76562,10
13.0254898071,80.2303466797,76562,76572,10
13.0256204605,80.2305831909,76572,76582,10
13.025759697,80.2308731079,76582,76592,10
13.0258398056,80.2311477661,76592,76602,10
13.0259504318,80.2314300537,76602,76613,11
13.0266103745,80.2312316895,76613,76623,10
13.0274000168,80.2310333252,76623,76633,10
13.0284700394,80.2309036255,76633,76653,20
13.0284700394,80.2309036255,76653,76663,10
13.0285902023,80.2308807373,76663,76673,10
13.0293197632,80.230796814,76673,76693,20
13.0293197632,80.230796814,76693,76703,10
13.0296401978,80.2307815552,76703,76713,10
13.0302400589,80.2307434082,76713,76724,11
13.0306501389,80.2306213379,76724,76734,10
13.0305995941,80.2305221558,76734,76744,10
13.0305099487,80.230140686,76744,76754,10
13.0302696228,80.2294616699,76754,76764,10
13.0301799774,80.2287979126,76764,76774,10
13.0302095413,80.2283096313,76774,76794,20
13.0302095413,80.2283096313,76794,76804,10
13.0302400589,80.228012085,76804,76814,10
13.0302696228,80.2276382446,76814,76824,10
13.0300397873,80.2274398804,76824,76835,11
13.0293502808,80.2273178101,76835,76845,10
13.0286102295,80.2271881104,76845,76855,10
13.0279998779,80.2270812988,76855,76865,10
13.0277795792,80.2267532349,76865,76875,10
13.0278997421,80.2262268066,76875,76885,10
13.0280199051,80.2256469727,76885,76895,10
13.0282201767,80.2248382568,76895,76905,10
13.028429985,80.2241592407,76905,76915,10
13.028719902,80.2240219116,76915,76935,20
13.028719902,80.2240219116,76935,76946,11
13.0289697647,80.2242202759,76946,76956,10
13.029419899,80.2242965698,76956,76966,10
13.0299901962,80.2242965698,76966,76976,10
13.0305099487,80.2243118286,76976,76992,16
13.031129837,80.2242279053,76992,77004,12
13.031129837,80.2237472534,77004,77012,8
13.0311603546,80.2232437134,77012,77024,12
13.0311698914,80.2231369019,77024,77034,10
13.0311899185,80.2230377197,77034,77044,10
13.0312995911,80.2226486206,77044,77055,11
13.0315799713,80.2221298218,77055,77065,10
13.0318202972,80.2216567993,77065,77075,10
13.0320396423,80.2209014893,77075,77085,10
13.0321397781,80.2202224731,77085,77096,11
13.0321397781,80.2197723389,77096,77106,10
13.0321302414,80.2197113037,77106,77116,10
13.0321702957,80.2195587158,77116,77126,10
13.0321598053,80.2192306519,77126,77136,10
13.0321397781,80.2186965942,77136,77146,10
13.0317602158,80.2184524536,77146,77157,11
13.0314702988,80.2180328369,77157,77167,10
13.0314397812,80.217338562,77167,77177,10
13.0313596725,80.2170410156,77177,77187,10
13.0310401917,80.2169570923,77187,77197,10
13.030579567,80.2169265747,77197,77207,10
13.0304203033,80.2166519165,77207,77217,10
13.030380249,80.216506958,77217,77227,10
13.0303401947,80.2160568237,77227,77237,10
13.0303096771,80.2153701782,77237,77247,10
13.0302696228,80.2147674561,77247,77257,10
13.0303001404,80.2144927979,77257,77268,11
13.0303096771,80.2144165039,77268,77278,10
13.0303897858,80.2139663696,77278,77288,10
13.0304498672,80.2136077881,77288,77298,10
13.0305099487,80.2132720947,77298,77307,9
13.030579567,80.2127380371,77307,77318,11
13.0306901932,80.2120819092,77318,77328,10
13.0308303833,80.2111968994,77328,77338,10
13.0308303833,80.2111968994,77338,77349,11
13.0308799744,80.2108535767,77349,77844,495
13.0308799744,80.2108535767,77844,77854,10
13.0374298096,80.1950683594,77854,77864,10
13.0374002457,80.1945495605,77864,77874,10
13.0375995636,80.193107605,77874,77884,10
13.0376596451,80.1926803589,77884,77894,10
13.0378198624,80.1922912598,77894,77936,42
13.0378198624,80.1922912598,77936,77946,10
13.0400400162,80.1926498413,77946,77956,10
13.0408096313,80.1931381226,77956,77966,10
13.0416202545,80.1932830811,77966,78168,202
13.0416202545,80.1932830811,78168,78178,10
13.0402097702,80.2030029297,78178,78188,10
13.0401802063,80.2040863037,78188,78570,382
13.0401802063,80.2040863037,78570,78580,10
13.0470304489,80.2107772827,78580,78590,10
13.047419548,80.2107467651,78590,78600,10
13.0478801727,80.2107772827,78600,78610,10
13.0483503342,80.2108078003,78610,78620,10
13.0488004684,80.2108230591,78620,78630,10
13.0492095947,80.2108230591,78630,78640,10
13.049539566,80.2108306885,78640,78650,10
13.0496997833,80.2107162476,78650,78660,10
13.0496702194,80.2105636597,78660,78670,10
13.0496397018,80.2101211548,78670,78680,10
13.0496101379,80.2096099854,78680,78691,11
13.0495996475,80.2090911865,78691,78701,10
13.0495004654,80.2085723877,78701,78711,10
13.0493001938,80.2080535889,78711,78721,10
13.0490503311,80.2074584961,78721,78731,10
13.0489196777,80.207069397,78731,78741,10
13.048910141,80.2068786621,78741,78751,10
13.0490999222,80.2068786621,78751,78761,10
13.049079895,80.2071609497,78761,78872,111
13.049079895,80.2071609497,78872,78882,10
13.0491199493,80.2071075439,78882,78902,20
13.0491199493,80.2071075439,78902,78913,11
13.0490398407,80.2074737549,78913,78923,10
13.0491199493,80.207862854,78923,78933,10
13.0492897034,80.2085037231,78933,78943,10
13.0494003296,80.2091217041,78943,78953,10
13.0494804382,80.2098083496,78953,78963,10
13.0495796204,80.210319519,78963,78973,10
13.0495996475,80.2105407715,78973,78983,10
13.0496501923,80.2108688354,78983,78993,10
13.0497398376,80.2113571167,78993,79002,9
13.0498504639,80.2118377686,79002,79064,62
13.0498504639,80.2118377686,79064,79074,10
13.0499200821,80.2120132446,79074,79084,10
13.0498399734,80.2122268677,79084,79094,10
13.0495195389,80.2122268677,79094,79104,10
13.0494604111,80.2122192383,79104,79114,10
13.0490999222,80.2122497559,79114,79125,11
13.0482997894,80.2122879028,79125,79135,10
13.0473299026,80.2124023438,79135,79145,10
13.0463600159,80.2124023438,79145,79155,10
13.0453195572,80.2124099731,79155,79165,10
13.0443696976,80.2124404907,79165,79185,20
13.0443696976,80.2124404907,79185,79195,10
13.044260025,80.212310791,79195,79205,10
13.0442495346,80.2120513916,79205,79215,10
13.044210434,80.2114028931,79215,79225,10
13.0441799164,80.2105636597,79225,79236,11
13.0441598892,80.2097625732,79236,79246,10
13.0441198349,80.2093887329,79246,79256,10
13.0441102982,80.2090682983,79256,79266,10
13.044090271,80.2088317871,79266,79276,10
13.0440797806,80.2083435059,79276,79286,10
13.0439996719,80.2076873779,79286,79296,10
13.0436201096,80.2069396973,79296,79306,10
13.0430498123,80.2061386108,79306,79316,10
13.0425796509,80.2055664063,79316,79326,10
13.041970253,80.205291748,79326,79336,10
13.0412101746,80.2052001953,79336,79347,11
13.0404596329,80.205078125,79347,79357,10
13.0398101807,80.2049713135,79357,79367,10
13.0391597748,80.2048492432,79367,79377,10
13.0384702682,80.2047576904,79377,79387,10
13.0381002426,80.2045898438,79387,79397,10
13.0381803513,80.2041168213,79397,79407,10
13.038310051,80.2033996582,79407,79417,10
13.0384302139,80.2026901245,79417,79427,10
13.0385198593,80.2020874023,79427,79437,10
13.038599968,80.2015228271,79437,79448,11
13.0386896133,80.2009277344,79448,79458,10
13.038769722,80.2003173828,79458,79468,10
13.0388498306,80.1997299194,79468,79478,10
13.0389299393,80.1990737915,79478,79488,10
13.0390396118,80.1984176636,79488,79498,10
13.0391597748,80.1976623535,79498,79508,10
13.0392599106,80.1969985962,79508,79517,9
13.0392799377,80.1965484619,79517,79528,11
13.0393800735,80.1959381104,79528,79538,10
13.0394697189,80.1952667236,79538,79548,10
13.0396404266,80.1944732666,79548,79559,11
13.0396900177,80.1935806274,79559,79569,10
13.0397396088,80.1931762695,79569,79579,10
13.0396995544,80.1930389404,79579,79589,10
13.0393600464,80.1929702759,79589,79599,10
13.0390100479,80.1929626465,79599,79609,10
13.0386400223,80.1928787231,79609,79619,10
13.0384197235,80.1928329468,79619,79629,10
13.0379600525,80.1928329468,79629,79639,10
13.0375995636,80.1931762695,79639,79649,10
13.0374698639,80.1940383911,79649,79659,10
13.0373001099,80.195098877,79659,79670,11
13.0371904373,80.1958694458,79670,79680,10
13.037150383,80.1960830688,79680,79690,10
13.0371398926,80.1962432861,79690,79700,10
13.0370502472,80.1967773438,79700,79710,10
13.0369195938,80.197517395,79710,79720,10
13.0368003845,80.1982727051,79720,79730,10
13.036740303,80.1987533569,79730,79740,10
13.036649704,80.1989898682,79740,79750,10
13.0365495682,80.1996765137,79750,79760,10
13.0364398956,80.2004318237,79760,79771,11
13.0363101959,80.2012634277,79771,79781,10
13.0362796783,80.2017288208,79781,79791,10
13.0362300873,80.2017974854,79791,79801,10
13.0361404419,80.2023468018,79801,79811,10
13.0360803604,80.2031097412,79811,79821,10
13.0359601974,80.2038879395,79821,79831,10
13.0358896255,80.2044296265,79831,79841,10
13.0358104706,80.2049789429,79841,79851,10
13.0356903076,80.2058181763,79851,79861,10
13.0356397629,80.2061920166,79861,79871,10
13.0355901718,80.2065505981,79871,79881,10
13.0354995728,80.2072982788,79881,79892,11
13.0354099274,80.2081985474,79892,79902,10
13.035369873,80.2084274292,79902,79912,10
13.0353002548,80.2086410522,79912,79922,10
13.0351896286,80.2092819214,79922,79938,16
13.0350599289,80.210319519,79938,79950,12
13.0349998474,80.2104797363,79950,79958,8
13.0348796844,80.2106399536,79958,79970,12
13.0347795486,80.2113494873,79970,79980,10
13.0346002579,80.212097168,79980,79990,10
13.0340299606,80.2120437622,79990,80001,11
13.0332803726,80.2119827271,80001,80011,10
13.0329999924,80.2119903564,80011,80021,10
13.0328102112,80.2119979858,80021,80031,10
13.032500267,80.2119293213,80031,80041,10
13.0322799683,80.2117996216,80041,80051,10
13.0319404602,80.2116928101,80051,80061,10
13.0319900513,80.2111816406,80061,80071,10
13.0320596695,80.2103805542,80071,80081,10
13.0320501328,80.2096633911,80081,80091,10
13.0314502716,80.2095031738,80091,80102,11
13.030579567,80.2093276978,80102,80111,9
13.0302095413,80.2091903687,80111,80122,11
13.0300798416,80.2093963623,80122,80132,10
13.0300598145,80.2094192505,80132,80142,10
13.0299596786,80.2094497681,80142,80152,10
13.0299797058,80.2097473145,80152,80162,10
13.030380249,80.2098464966,80162,80172,10
13.0308198929,80.2099914551,80172,80182,10
13.030960083,80.2101211548,80182,80192,10
13.0309200287,80.2104568481,80192,80202,10
13.03083992,80.2109527588,80202,80213,11
13.0307598114,80.2112579346,80213,80223,10
13.0306901932,80.2116317749,80223,80233,10
13.0306301117,80.2119522095,80233,80243,10
13.0305404663,80.2123718262,80243,80253,10
13.0304603577,80.2128677368,80253,80263,10
13.030380249,80.2134170532,80263,80273,10
13.0303401947,80.2136993408,80273,80283,10
13.0302696228,80.2141799927,80283,80293,10
13.0302400589,80.2146606445,80293,80303,10
13.0302495956,80.2147064209,80303,80313,10
13.0302400589,80.2148895264,80313,80324,11
13.0302696228,80.2155609131,80324,80334,10
13.0303201675,80.2162322998,80334,80344,10
13.0303897858,80.2168121338,80344,80354,10
13.0307502747,80.2169189453,80354,80364,10
13.0309000015,80.2169570923,80364,80374,10
13.0312795639,80.2170181274,80374,80390,16
13.0314502716,80.2176132202,80390,80402,12
13.03166008,80.2183837891,80402,80410,8
13.0320997238,80.2184524536,80410,80422,12
13.0321502686,80.2186584473,80422,80433,11
13.0320997238,80.21925354,80433,80442,9
13.0320901871,80.2198410034,80442,80453,11
13.032119751,80.2202835083,80453,80463,10
13.0320701599,80.2204208374,80463,80472,9
13.0319404602,80.2209396362,80472,80483,11
13.0317802429,80.2216415405,80483,80493,10
13.0314998627,80.2221908569,80493,80503,10
13.0312099457,80.2227020264,80503,80513,10
13.0310697556,80.2232589722,80513,80523,10
13.0310201645,80.2237625122,80523,80534,11
13.0310602188,80.2239303589,80534,80544,10
13.0310401917,80.224281311,80544,80554,10
13.0306596756,80.2242965698,80554,80564,10
13.0300302505,80.2243118286,80564,80574,10
13.029419899,80.224319458,80574,80584,10
13.0289897919,80.2242584229,80584,80594,10
13.0289297104,80.2242126465,80594,80604,10
13.0286798477,80.2241134644,80604,80614,10
13.028380394,80.2243270874,80614,80624,10
13.028169632,80.2251281738,80624,80634,10
13.0279903412,80.2260284424,80634,80645,11
13.0278596878,80.2266693115,80645,80655,10
13.0278902054,80.2269134521,80655,80665,10
13.0283098221,80.2271194458,80665,80675,10
13.0289802551,80.2272491455,80675,80685,10
13.0297403336,80.2273864746,80685,80695,10
13.030380249,80.2275314331,80695,80705,10
13.030380249,80.2277984619,80705,80715,10
13.0303401947,80.2281799316,80715,80725,10
13.0302696228,80.2284088135,80725,80735,10
13.0302200317,80.2290802002,80735,80745,10
13.0304899216,80.2298736572,80745,80761,16
13.0306396484,80.2305984497,80761,80774,13
13.0305404663,80.23072052,80774,80784,10
13.0302400589,80.2307662964,80784,80792,8
13.029800415,80.2308197021,80792,80804,12
13.0296802521,80.230796814,80804,80814,10
13.0293598175,80.2308578491,80814,80824,10
13.0287904739,80.2309036255,80824,80834,10
13.028260231,80.2309494019,80834,80844,10
13.0277996063,80.2309799194,80844,80854,10
13.0276203156,80.2312011719,80854,80865,11
13.0276403427,80.231628418,80865,80875,10
13.0277395248,80.2322692871,80875,80885,10
13.0277700424,80.2327728271,80885,80895,10
13.0272903442,80.2329330444,80895,80905,10
13.0268802643,80.2330093384,80905,80915,10
13.0267000198,80.2330474854,80915,80945,30
13.0267000198,80.2330474854,80945,80955,10
13.0265197754,80.233039856,80955,80965,10
13.0263004303,80.2326278687,80965,80976,11
13.0260601044,80.2317962646,80976,80986,10
13.0257997513,80.2308197021,80986,80996,10
13.025179863,80.2297210693,80996,81006,10
13.0245599747,80.2289123535,81006,81016,10
13.0241298676,80.2284164429,81016,81026,10
13.0239896774,80.2282714844,81026,81036,10
13.023900032,80.2280578613,81036,81046,10
13.0235700607,80.2276992798,81046,81056,10
13.0229701996,80.2271194458,81056,81066,10
13.0221796036,80.2264022827,81066,81076,10
13.0212802887,80.2257003784,81076,81087,11
13.0203800201,80.2250976563,81087,81097,10
13.0197200775,80.2246704102,81097,81107,10
13.0193195343,80.2245483398,81107,81117,10
13.0187597275,80.2245483398,81117,81127,10
13.0178203583,80.224899292,81127,81137,10
13.0167598724,80.2253189087,81137,81147,10
13.0160303116,80.2256011963,81147,81157,10
13.0152101517,80.2259216309,81157,81167,10
13.0146799088,80.2261428833,81167,81177,10
13.0142002106,80.2263412476,81177,81187,10
13.0139598846,80.2264099121,81187,81198,11
13.0131998062,80.2266921997,81198,81208,10
13.0122003555,80.2270736694,81208,81218,10
13.0111398697,80.2275238037,81218,81228,10
13.0100097656,80.2279586792,81228,81238,10
13.0090799332,80.2285385132,81238,81248,10
13.0088796616,80.2296524048,81248,81258,10
13.0086402893,80.2309875488,81258,81268,10
13.0083799362,80.232383728,81268,81278,10
13.0081796646,80.233543396,81278,81288,10
13.0079498291,80.234588623,81288,81298,10
13.0076799393,80.2358932495,81298,81309,11
13.0074195862,80.2371826172,81309,81319,10
13.0072402954,80.2382125854,81319,81329,10
13.0069503784,80.2397994995,81329,81399,70
13.0069503784,80.2397994995,81399,81410,11
13.0069303513,80.240196228,81410,81420,10
13.0068397522,80.2408599854,81420,81430,10
13.0067195892,80.2418670654,81430,81440,10
13.0066699982,80.2429275513,81440,81450,10
13.006649971,80.2436065674,81450,81460,10
13.0066204071,80.2439575195,81460,81470,10
13.0066299438,80.2448120117,81470,81480,10
13.0066604614,80.2457122803,81480,81490,10
13.0067195892,80.2470626831,81490,81500,10
13.0067195892,80.2480316162,81500,81510,10
13.006770134,80.2489929199,81510,81521,11
13.0067796707,80.2495498657,81521,81531,10
13.0067796707,80.2499389648,81531,81541,10
13.0068101883,80.2506790161,81541,81551,10
13.0067796707,80.2513504028,81551,81561,10
13.0065803528,80.2521209717,81561,81571,10
13.0065097809,80.253036499,81571,81581,10
13.0065402985,80.2541122437,81581,81591,10
13.0065898895,80.2550964355,81591,81601,10
13.0066003799,80.2562484741,81601,81611,10
13.0066604614,80.2571563721,81611,81702,91
13.0066604614,80.2571563721,81702,81712,10
13.0066995621,80.2573165894,81712,81722,10
13.0063199997,80.2575073242,81722,81732,10
13.0057001114,80.2574005127,81732,81743,11
13.0049695969,80.257270813,81743,81753,10
13.0043697357,80.2571487427,81753,81763,10
13.0037202835,80.256980896,81763,81773,10
13.0031604767,80.2568817139,81773,81783,10
13.0026903152,80.2567825317,81783,81793,10
13.0021295547,80.2566986084,81793,81803,10
13.0013999939,80.2565689087,81803,81813,10
13.0005197525,80.256439209,81813,81823,10
12.9996299744,80.2562866211,81823,81833,10
12.9991998672,80.2561798096,81833,81843,10
12.9990596771,80.256149292,81843,81854,11
12.9987297058,80.2561035156,81854,81864,10
12.998339653,80.2560195923,81864,81874,10
12.9978504181,80.2558898926,81874,81900,26
12.9978504181,80.2558898926,81900,81912,12
12.9975500107,80.2559204102,81912,81920,8
12.9972295761,80.2559509277,81920,81932,12
12.9968900681,80.256149292,81932,81942,10
12.9968395233,80.256690979,81942,81952,10
12.9968500137,80.2568817139,81952,81963,11
12.9967899323,80.25756073,81963,81973,10
12.9966802597,80.2584991455,81973,81982,9
12.9965696335,80.2594223022,81982,81993,11
12.9964895248,80.2600326538,81993,82003,10
12.9964199066,80.2607498169,82003,82012,9
12.9963598251,80.2613372803,82012,82023,11
12.9963102341,80.2618179321,82023,82033,10
12.9962396622,80.2621765137,82033,82043,10
12.9962100983,80.2624435425,82043,82053,10
12.9961795807,80.2626190186,82053,82064,11
12.9961299896,80.2632293701,82064,82074,10
12.9961500168,80.2636795044,82074,82084,10
12.9960203171,80.2642822266,82084,82094,10
12.9960403442,80.2654037476,82094,82185,91
12.9960403442,80.2654037476,82185,82195,10
13.0008001328,80.2665710449,82195,83627,1432
13.0008001328,80.2665710449,83627,83637,10
12.9997997284,80.266960144,83637,83647,10
12.9990501404,80.2671585083,83647,83657,10
12.9981002808,80.2673873901,83657,83667,10
12.9972200394,80.2676620483,83667,83678,11
12.9965600967,80.2678222656,83678,83688,10
12.995639801,80.2677307129,83688,83698,10
12.9957199097,80.2672271729,83698,83707,9
12.9957895279,80.2665710449,83707,83718,11
12.9959001541,80.2653579712,83718,83728,10
12.9960603714,80.2641220093,83728,83738,10
12.9961795807,80.2629776001,83738,83748,10
12.9962797165,80.2621994019,83748,83758,10
12.9963703156,80.26146698,83758,83768,10
12.9964704514,80.2608032227,83768,83778,10
12.9965801239,80.259262085,83778,83788,10
12.9967002869,80.2579803467,83788,83798,10
12.9968395233,80.2570037842,83798,83809,11
12.9968795776,80.2563934326,83809,83819,10
12.9968900681,80.2559814453,83819,83829,10
12.9972200394,80.2558822632,83829,83839,10
12.9976596832,80.2559280396,83839,83849,10
12.9976902008,80.256111145,83849,83859,10
12.9976797104,80.2564163208,83859,83990,131
12.9976797104,80.2564163208,83990,84000,10
12.9978599548,80.2564926147,84000,84010,10
12.9979200363,80.2567062378,84010,84020,10
12.9978704453,80.257019043,84020,84121,101
12.9978704453,80.257019043,84121,84132,11
12.9978599548,80.2571182251,84132,84505,373
