13.0506296158,80.2065200806,11,6537,6526
13.0506296158,80.2065200806,6537,6547,10
13.0506801605,80.2063827515,6547,6557,10
13.0510597229,80.2063522339,6557,7556,999
13.0510797501,80.2063674927,7556,7839,283
13.0511903763,80.2064208984,7839,9049,1210
13.0511798859,80.2063980103,9049,10189,1140
13.0512199402,80.2063522339,10189,14789,4600
13.0511798859,80.2062683105,14789,15253,464
13.0512104034,80.2064666748,15253,15748,495
13.0511798859,80.2062835693,15748,16131,383
13.0512304306,80.2063827515,16131,18312,2181
13.0511798859,80.2063369751,18312,18705,393
13.0512599945,80.2063293457,18705,18988,283
13.0511798859,80.2064208984,18988,19240,252
13.051199913,80.2063598633,19240,19411,171
13.0511798859,80.2063827515,19411,19502,91
13.0511703491,80.2063827515,19502,19845,343
13.0511903763,80.2063903809,19845,20188,343
13.0511903763,80.2063674927,20188,20935,747
13.0511798859,80.2063903809,20935,21187,252
13.0513000488,80.2064208984,21187,21429,242
13.0510797501,80.2064208984,21429,22216,787
13.0511598587,80.2063369751,22216,22770,554
13.0511598587,80.2063369751,22770,22781,11
13.050860405,80.206451416,22781,22791,10
13.0507698059,80.2067565918,22791,22801,10
13.050359726,80.2069015503,22801,22811,10
13.0499601364,80.2068862915,22811,22857,46
13.0499601364,80.2068862915,22857,22867,10
13.0495500565,80.2069168091,22867,22900,33
13.0495500565,80.2069168091,22900,22910,10
13.0492401123,80.2069396973,22910,22920,10
13.0491199493,80.2070388794,22920,22930,10
13.0491104126,80.20728302,22930,22940,10
13.0490999222,80.207572937,22940,22950,10
13.0492296219,80.2080001831,22950,22960,10
13.0494003296,80.2087402344,22960,22970,10
13.0495500565,80.2095031738,22970,22980,10
13.0496702194,80.2102890015,22980,22990,10
13.0497903824,80.2111968994,22990,23000,10
13.0498695374,80.2115478516,23000,23010,10
13.0498695374,80.2115783691,23010,23021,11
13.0499000549,80.2118911743,23021,23031,10
13.0502996445,80.2119827271,23031,23041,10
13.0509700775,80.212020874,23041,23051,10
13.0519304276,80.2119903564,23051,23061,10
13.052980423,80.2117614746,23061,23071,10
13.0543298721,80.2114334106,23071,23091,20
13.0543298721,80.2114334106,23091,23101,10
13.0546798706,80.2114028931,23101,23111,10
13.0553197861,80.2114028931,23111,23121,10
13.0561800003,80.2114181519,23121,23132,11
13.0572595596,80.2114334106,23132,23142,10
13.0583000183,80.2114562988,23142,23152,10
13.0592899323,80.2114868164,23152,23162,10
13.0603399277,80.2115402222,23162,23172,10
13.0611896515,80.2115707397,23172,23182,10
13.062040329,80.2116165161,23182,23192,10
13.0629901886,80.2115783691,23192,23202,10
13.0639095306,80.211517334,23202,23212,10
13.0647096634,80.2113037109,23212,23222,10
13.065870285,80.2105102539,23222,23232,10
13.0667200089,80.209777832,23232,23242,10
13.067440033,80.2087402344,23242,23253,11
13.0679998398,80.2078399658,23253,23263,10
13.068479538,80.2070922852,23263,23273,10
13.0688495636,80.2065505981,23273,23283,10
13.0690002441,80.2062988281,23283,23303,20
13.0690002441,80.2062988281,23303,23313,10
13.0691204071,80.2061233521,23313,23323,10
13.0693798065,80.2057495117,23323,23353,30
13.0693798065,80.2057495117,23353,23364,11
13.0695295334,80.2055282593,23364,23374,10
13.0695295334,80.2055206299,23374,23384,10
13.0696401596,80.2052993774,23384,23394,10
13.0697202682,80.2050170898,23394,23407,13
13.0693902969,80.2048568726,23407,23417,10
13.0691900253,80.2051773071,23417,23427,10
13.0689897537,80.2054290771,23427,23437,10
13.0685997009,80.2054519653,23437,23447,10
13.0682601929,80.2054595947,23447,23488,41
13.0682601929,80.2054595947,23488,23498,10
13.0680503845,80.205406189,23498,23699,201
13.0680503845,80.205406189,23699,23710,11
13.067990303,80.205078125,23710,23720,10
13.0680103302,80.205039978,23720,23730,10
13.0682201385,80.2049636841,23730,23740,10
13.0685901642,80.2048187256,23740,23750,10
13.068860054,80.2047195435,23750,23760,10
13.0688800812,80.2047119141,23760,23770,10
13.0689401627,80.2046966553,23770,23780,10
13.0690803528,80.2046966553,23780,23790,10
13.0694704056,80.2047729492,23790,23841,51
13.0694704056,80.2047729492,23841,23851,10
13.0696001053,80.204788208,23851,23861,10
13.0698404312,80.2050018311,23861,23871,10
13.0696001053,80.2055435181,23871,23881,10
13.0691699982,80.2062530518,23881,23891,10
13.0686502457,80.2070922852,23891,23901,10
13.0680799484,80.2079696655,23901,23910,9
13.0675296783,80.2088317871,23910,23921,11
13.0667600632,80.2098999023,23921,23931,10
13.0659103394,80.2106170654,23931,23942,11
13.0652303696,80.2111968994,23942,23952,10
13.0651597977,80.2112503052,23952,23962,10
13.0647497177,80.21144104,23962,23972,10
13.064160347,80.2116622925,23972,23982,10
13.0638303757,80.2117385864,23982,23992,10
13.0633401871,80.2117462158,23992,24002,10
13.0625896454,80.211807251,24002,24012,10
13.0618400574,80.2118377686,24012,24022,10
13.0609703064,80.2117919922,24022,24031,9
13.0600795746,80.2117385864,24031,24042,11
13.059009552,80.2116775513,24042,24052,10
13.0582704544,80.2116470337,24052,24063,11
13.0575799942,80.2116088867,24063,24073,10
13.0567703247,80.2116317749,24073,24083,10
13.055850029,80.2116088867,24083,24093,10
13.0550003052,80.2115936279,24093,24103,10
13.0541801453,80.2116699219,24103,24113,10
13.05327034,80.2118606567,24113,24123,10
13.0524196625,80.2121200562,24123,24133,10
13.0516796112,80.2121963501,24133,24143,10
13.0511198044,80.2121734619,24143,24153,10
13.050909996,80.2122192383,24153,24163,10
13.0504102707,80.2122421265,24163,24174,11
13.0496397018,80.2122497559,24174,24214,40
13.0496397018,80.2122497559,24214,24224,10
13.0490999222,80.2122192383,24224,24234,10
13.0489501953,80.2122268677,24234,24244,10
13.0487604141,80.2122268677,24244,24253,9
13.0485401154,80.2122268677,24253,24264,11
13.0482501984,80.2122573853,24264,24274,10
13.0477800369,80.2122879028,24274,24284,10
13.0471000671,80.2123413086,24284,24295,11
13.0461597443,80.2123718262,24295,24305,10
13.0454101563,80.2124023438,24305,24315,10
13.0445804596,80.2124404907,24315,24325,10
13.0440702438,80.2124404907,24325,24335,10
13.0434799194,80.2124176025,24335,24344,9
13.0427999496,80.2124099731,24344,24355,11
13.041970253,80.2124404907,24355,24365,10
13.0409297943,80.2124481201,24365,24375,10
13.0398902893,80.2124404907,24375,24385,10
13.0389099121,80.2124404907,24385,24395,10
13.0378599167,80.2123794556,24395,24446,51
13.0378599167,80.2123794556,24446,24456,10
13.0376195908,80.2123184204,24456,24466,10
13.0370998383,80.2123413086,24466,24476,10
13.036359787,80.2123336792,24476,24486,10
13.0354795456,80.2123031616,24486,24496,10
13.0342597961,80.2121429443,24496,24516,20
13.0342597961,80.2121429443,24516,24527,11
13.0339403152,80.2120819092,24527,24537,10
13.0333595276,80.2119522095,24537,24547,10
13.0325403214,80.211807251,24547,24557,10
13.0320100784,80.2113800049,24557,24567,10
13.0320501328,80.2106628418,24567,24577,10
13.032119751,80.2098236084,24577,24587,10
13.0315799713,80.2095336914,24587,24597,10
13.0307598114,80.2092971802,24597,24607,10
13.0297203064,80.2090072632,24607,24648,41
13.0297203064,80.2090072632,24648,24658,10
13.0296297073,80.2089691162,24658,24668,10
13.0293397903,80.2088775635,24668,24678,10
13.0287504196,80.2087173462,24678,24688,10
13.0279998779,80.2085037231,24688,24698,10
13.027299881,80.2081222534,24698,24708,10
13.0264997482,80.2076416016,24708,24718,10
13.0256204605,80.2071609497,24718,24728,10
13.0246400833,80.2069702148,24728,24738,10
13.0242004395,80.2069015503,24738,24748,10
13.0239601135,80.2068481445,24748,24759,11
13.0233297348,80.2067184448,24759,24769,10
13.0225696564,80.2065811157,24769,24779,10
13.0216598511,80.2064971924,24779,24789,10
13.0206003189,80.206489563,24789,24799,10
13.0195198059,80.2064666748,24799,24809,10
13.0189800262,80.2063598633,24809,24819,10
13.0188598633,80.2063064575,24819,24829,10
13.0186595917,80.2062606812,24829,24839,10
13.0182199478,80.2060928345,24839,24849,10
13.0175695419,80.2058410645,24849,24859,10
13.0169401169,80.2055892944,24859,24869,10
13.0163402557,80.2053909302,24869,24880,11
13.0153102875,80.2050018311,24880,24890,10
13.01445961,80.2046890259,24890,24900,10
13.0143003464,80.2045974731,24900,24910,10
13.0139102936,80.2044372559,24910,24920,10
13.0136404037,80.2045211792,24920,24930,10
13.0135097504,80.2049102783,24930,24940,10
13.0132799149,80.2055435181,24940,24950,10
13.0130596161,80.2063064575,24950,24960,10
13.0129804611,80.2072372437,24960,24970,10
13.0129203796,80.2077484131,24970,24981,11
13.0128898621,80.2082366943,24981,24991,10
13.0129003525,80.2085418701,24991,25001,10
13.0129699707,80.2090072632,25001,25011,10
13.0131998062,80.2096328735,25011,25021,10
13.0131797791,80.2102966309,25021,25031,10
13.0129804611,80.2110366821,25031,25041,10
13.0125999451,80.2117614746,25041,25051,10
13.0122098923,80.2124023438,25051,25061,10
13.0119400024,80.2127609253,25061,25071,10
13.011759758,80.2127685547,25071,25081,10
13.0113601685,80.2125015259,25081,25091,10
13.0108203888,80.212097168,25091,25102,11
13.0100603104,80.2115097046,25102,25182,80
13.0100603104,80.2115097046,25182,25192,10
13.0097904205,80.2112503052,25192,25233,41
13.0097904205,80.2112503052,25233,25243,10
13.0094404221,80.2110519409,25243,25253,10
13.0093097687,80.2111282349,25253,25263,10
13.0091199875,80.2113723755,25263,25273,10
13.0090904236,80.2117614746,25273,25283,10
13.0092697144,80.2123413086,25283,25293,10
13.0094995499,80.2130126953,25293,25303,10
13.009759903,80.2136688232,25303,25313,10
13.0100297928,80.21434021,25313,25323,10
13.0101699829,80.2150115967,25323,25334,11
13.0103597641,80.2159118652,25334,25344,10
13.0107498169,80.216796875,25344,25354,10
13.011179924,80.2177429199,25354,25364,10
13.0115804672,80.2188034058,25364,25374,10
13.0119199753,80.2198486328,25374,25384,10
13.012260437,80.2209014893,25384,25394,10
13.0126199722,80.2217636108,25394,25404,10
13.0132198334,80.2225265503,25404,25414,10
13.0139198303,80.2233428955,25414,25424,10
13.0145998001,80.2240829468,25424,25434,10
13.0151596069,80.2247390747,25434,25444,10
13.0154695511,80.225479126,25444,25455,11
13.0149002075,80.2259902954,25455,25465,10
13.0141201019,80.2262878418,25465,25475,10
13.0133304596,80.2266235352,25475,25485,10
13.0124597549,80.2269821167,25485,25495,10
13.0115203857,80.2273483276,25495,25505,10
13.0104999542,80.2277374268,25505,25515,10
13.00963974,80.2278823853,25515,25525,10
13.0097103119,80.2271881104,25525,25535,10
13.0100402832,80.2264328003,25535,25545,10
13.0103998184,80.2255477905,25545,25555,10
13.0108003616,80.2246398926,25555,25566,11
13.0111598969,80.2236785889,25566,25576,10
13.0111999512,80.2231521606,25576,25586,10
13.0106601715,80.2228775024,25586,25596,10
13.010020256,80.2225265503,25596,25606,10
13.0092897415,80.2221374512,25606,25616,10
13.0084896088,80.2216873169,25616,25626,10
13.0075998306,80.221206665,25626,25636,10
13.0068101883,80.2208023071,25636,25646,10
13.0058803558,80.2205200195,25646,25656,10
13.0048799515,80.2202987671,25656,25666,10
13.0038499832,80.2200622559,25666,25676,10
13.0028095245,80.2197036743,25676,25695,19
13.0013599396,80.218421936,25695,25707,12
13.0003795624,80.2177886963,25707,25717,10
12.9995298386,80.2172775269,25717,25727,10
12.9986095428,80.2168121338,25727,25737,10
12.9977798462,80.2165679932,25737,25747,10
12.9974403381,80.2165374756,25747,25757,10
12.9974298477,80.2165374756,25757,25767,10
12.9973201752,80.2165222168,25767,25777,10
12.9969997406,80.2165527344,25777,25787,10
12.9964399338,80.2165985107,25787,25797,10
12.9957304001,80.2167816162,25797,25808,11
12.9948701859,80.2172622681,25808,25818,10
12.99421978,80.2177505493,25818,25828,10
12.9937000275,80.2180862427,25828,25838,10
12.9931001663,80.2185134888,25838,25848,10
12.9924297333,80.2189865112,25848,25858,10
12.9917201996,80.2195129395,25858,25868,10
12.9911699295,80.2195510864,25868,25878,10
12.9911003113,80.2195205688,25878,25888,10
12.9910001755,80.2194519043,25888,25898,10
12.9905500412,80.2192687988,25898,25908,10
12.9898900986,80.2190475464,25908,25918,10
12.9891300201,80.2187728882,25918,25929,11
12.9882097244,80.2184906006,25929,25938,9
12.9875297546,80.2183609009,25938,25950,12
12.9871196747,80.2183303833,25950,25960,10
12.9870500565,80.2183227539,25960,25970,10
12.9866399765,80.218208313,25970,25980,10
12.986000061,80.2180328369,25980,25990,10
12.9850702286,80.2179336548,25990,26000,10
12.9841899872,80.2179718018,26000,26010,10
12.9838199615,80.2179794312,26010,26020,10
12.9837198257,80.2179794312,26020,26030,10
12.9832601547,80.2179718018,26030,26044,14
12.9822597504,80.2179794312,26044,26054,10
12.9813899994,80.2180862427,26054,26064,10
12.9804801941,80.2183685303,26064,26074,10
12.9796495438,80.2186965942,26074,26084,10
12.9789495468,80.218963623,26084,26094,10
12.9783802032,80.2192001343,26094,26104,10
12.9777097702,80.2194824219,26104,26114,10
12.9768896103,80.2198181152,26114,26124,10
12.9760398865,80.2201919556,26124,26134,10
12.9755897522,80.220451355,26134,26144,10
12.975520134,80.2208175659,26144,26154,10
12.9758300781,80.2211074829,26154,26165,11
12.9763402939,80.2217636108,26165,26185,20
12.9763402939,80.2217636108,26185,26195,10
12.9763002396,80.2218780518,26195,26205,10
12.9764995575,80.2222518921,26205,26215,10
12.9768800735,80.2228012085,26215,26225,10
12.9773197174,80.2234725952,26225,26235,10
12.9778003693,80.2242279053,26235,26245,10
12.9780902863,80.2246780396,26245,26255,10
12.9784002304,80.2251663208,26255,26265,10
12.9787902832,80.2257995605,26265,26276,11
12.9792900085,80.2266311646,26276,26287,11
12.9798698425,80.2275695801,26287,26297,10
12.980389595,80.2284317017,26297,26307,10
12.9808197021,80.2291412354,26307,26317,10
12.9812297821,80.2297973633,26317,26327,10
12.9816598892,80.2304229736,26327,26337,10
12.9817399979,80.2305526733,26337,26347,10
12.9818496704,80.2308273315,26347,26357,10
12.982000351,80.2313613892,26357,26370,13
12.982049942,80.2322463989,26370,26380,10
12.9818201065,80.2331008911,26380,26390,10
12.981590271,80.2335891724,26390,26400,10
12.9815196991,80.2336807251,26400,26411,11
12.981300354,80.2341995239,26411,26421,10
12.9812202454,80.2349700928,26421,26431,10
12.9812402725,80.2359008789,26431,26440,9
12.9812602997,80.2367630005,26440,26451,11
12.9812898636,80.2377166748,26451,26461,10
12.9813203812,80.2383422852,26461,26470,9
12.9813299179,80.2387466431,26470,26481,11
12.9813299179,80.2390136719,26481,26489,8
12.9813404083,80.2394485474,26489,26501,12
12.9813604355,80.2402877808,26501,26511,10
12.9813699722,80.2410888672,26511,26522,11
12.9813699722,80.2421188354,26522,26531,9
12.9813804626,80.242767334,26531,26542,11
12.9813899994,80.2428283691,26542,26552,10
12.9813804626,80.2428512573,26552,26561,9
12.9813699722,80.2431182861,26561,26572,11
12.9813299179,80.2438583374,26572,26582,10
12.9812498093,80.2445602417,26582,26592,10
12.9811296463,80.2455596924,26592,26602,10
12.981010437,80.2465286255,26602,26613,11
12.9809103012,80.2476425171,26613,26623,10
12.9808502197,80.248588562,26623,26634,11
12.9806804657,80.2498779297,26634,26643,9
12.9804496765,80.250869751,26643,26654,11
12.9801998138,80.2519378662,26654,26663,9
12.9801301956,80.252243042,26663,26674,11
12.9801101685,80.2523269653,26674,26685,11
12.9802398682,80.2525634766,26685,26695,10
12.980509758,80.2526168823,26695,26704,9
12.9809503555,80.2526092529,26704,26715,11
12.981710434,80.2525863647,26715,26725,10
12.9825801849,80.252571106,26725,26735,10
12.983499527,80.2524719238,26735,26746,11
12.9845104218,80.2522125244,26746,26756,10
12.9853801727,80.2519836426,26756,26766,10
12.986240387,80.2517623901,26766,26776,10
12.9869203568,80.2515716553,26776,26826,50
12.9869203568,80.2515716553,26826,26836,10
12.9870195389,80.2515182495,26836,26846,10
12.9873399734,80.2514419556,26846,26857,11
12.9877595901,80.2513504028,26857,26866,9
12.9879598618,80.2516403198,26866,26877,11
12.9880504608,80.252166748,26877,26887,10
12.9879999161,80.2528915405,26887,26897,10
12.9879198074,80.2536392212,26897,26907,10
12.987859726,80.2544937134,26907,26917,10
12.9877700806,80.2553863525,26917,26927,10
12.9877195358,80.2559585571,26927,26937,10
12.9876804352,80.2561264038,26937,26947,10
12.987660408,80.2562179565,26947,26957,10
12.9876203537,80.2564620972,26957,26968,11
12.9875802994,80.256980896,26968,26978,10
12.9875297546,80.2576828003,26978,26988,10
12.9874801636,80.2584762573,26988,26998,10
12.9874296188,80.2590179443,26998,27008,10
12.9873800278,80.2593612671,27008,27059,51
12.9873800278,80.2593612671,27059,27069,10
12.9870595932,80.2595825195,27069,27372,303
12.9868202209,80.2596893311,27372,27564,192
12.9867696762,80.2596282959,27564,28300,736
12.9867696762,80.2596282959,28300,28310,10
12.9867296219,80.2596282959,28310,28583,273
12.9867296219,80.2596282959,28583,28593,10
12.9866304398,80.259437561,28593,28603,10
12.986579895,80.2592010498,28603,28613,10
12.986749649,80.2590332031,28613,28623,10
12.9871501923,80.2591018677,28623,28653,30
12.9871501923,80.2591018677,28653,28663,10
12.9873504639,80.2591171265,28663,28673,10
12.9874095917,80.2588577271,28673,28684,11
12.9874000549,80.2587509155,28684,28694,10
12.9874095917,80.2584533691,28694,28704,10
12.9874401093,80.2580108643,28704,28714,10
12.9874897003,80.2573928833,28714,28724,10
12.9875402451,80.2566986084,28724,28734,10
12.987569809,80.2561416626,28734,28744,10
12.9876298904,80.2557830811,28744,28754,10
12.9877099991,80.2551727295,28754,28764,10
12.9877300262,80.2548828125,28764,28774,10
12.9877500534,80.254737854,28774,28784,10
12.9877901077,80.2542724609,28784,28794,10
12.9878396988,80.2536087036,28794,28804,10
12.9879102707,80.2527770996,28804,28815,11
12.987859726,80.2519226074,28815,28831,16
12.9877300262,80.2516479492,28831,28843,12
12.9872999191,80.251663208,28843,28853,10
12.9871101379,80.2516937256,28853,28862,9
12.9868202209,80.2517776489,28862,28873,11
12.9863700867,80.2518997192,28873,28883,10
12.9857597351,80.2519989014,28883,28892,9
12.9851198196,80.2521591187,28892,28903,11
12.9839601517,80.2524795532,28903,28913,10
12.9828996658,80.2526779175,28913,28924,11
12.9816198349,80.2527236938,28924,28934,10
12.9806604385,80.252746582,28934,28944,10
12.9802503586,80.2527618408,28944,28984,40
12.9802503586,80.2527618408,28984,28994,10
12.9801998138,80.2528076172,28994,29004,10
12.9799900055,80.2527999878,29004,29014,10
12.9798803329,80.2524185181,29014,29024,10
12.9799003601,80.2523193359,29024,29034,10
12.9799404144,80.2521591187,29034,29045,11
12.9800901413,80.2516784668,29045,29055,10
12.9802999496,80.2510223389,29055,29065,10
12.9805202484,80.2501907349,29065,29075,10
12.9806995392,80.2491989136,29075,29085,10
12.9807796478,80.2480697632,29085,29095,10
12.9808797836,80.246887207,29095,29105,10
12.981010437,80.2456283569,29105,29115,10
12.9811601639,80.2440185547,29115,29156,41
12.9811601639,80.2440185547,29156,29166,10
12.9812602997,80.2436828613,29166,29176,10
12.9813499451,80.2433166504,29176,29186,10
12.9813699722,80.2428131104,29186,29196,10
12.9813699722,80.242767334,29196,29206,10
12.9813804626,80.242401123,29206,29216,10
12.9813699722,80.2417526245,29216,29226,10
12.9813699722,80.2409362793,29226,29236,10
12.9813499451,80.240020752,29236,29246,10
12.9813203812,80.2391281128,29246,29256,10
12.9812898636,80.2381896973,29256,29266,10
12.9812803268,80.2378997803,29266,29277,11
12.9812698364,80.2378005981,29277,29287,10
12.9812602997,80.2373886108,29287,29297,10
12.9812402725,80.2367172241,29297,29307,10
12.9812097549,80.2359085083,29307,29317,10
12.9811897278,80.234992981,29317,29327,10
12.9812898636,80.2340927124,29327,29337,10
12.9816102982,80.2333984375,29337,29357,20
12.9816102982,80.2333984375,29357,29367,10
12.9817495346,80.2331085205,29367,29377,10
12.9819402695,80.2326278687,29377,29387,10
12.9819898605,80.2321472168,29387,29404,17
12.9819202423,80.231300354,29404,29416,12
12.981590271,80.2305221558,29416,29426,10
12.9812002182,80.2298736572,29426,29435,9
12.9808998108,80.2294006348,29435,29446,11
12.9806900024,80.2290878296,29446,29456,10
12.9806499481,80.2290267944,29456,29466,10
12.9805202484,80.2287979126,29466,29476,10
12.9803199768,80.2283630371,29476,29486,10
12.9800701141,80.2279205322,29486,29496,10
12.9796895981,80.2273025513,29496,29506,10
12.9792604446,80.2265930176,29506,29517,11
12.9787998199,80.2258224487,29517,29527,10
12.9783201218,80.2250213623,29527,29536,9
12.9779396057,80.2245025635,29536,29547,11
12.9776601791,80.2240524292,29547,29557,10
12.9772701263,80.2233886719,29557,29567,10
12.9768695831,80.2227401733,29567,29577,10
12.9764499664,80.2220611572,29577,29587,10
12.9761199951,80.221572876,29587,29597,10
12.9757795334,80.2211685181,29597,29607,10
12.9754695892,80.2208786011,29607,29617,10
12.9754104614,80.2206878662,29617,29628,11
12.9755001068,80.2204818726,29628,29638,10
12.9755601883,80.220413208,29638,29648,10
12.9757499695,80.2202835083,29648,29658,10
12.9759597778,80.220161438,29658,29668,10
12.9762802124,80.2200012207,29668,29678,10
12.9768295288,80.2197418213,29678,29688,10
12.977519989,80.2194671631,29688,29698,10
12.9783000946,80.2191619873,29698,29708,10
12.9787597656,80.2189788818,29708,29718,10
12.9793395996,80.2187576294,29718,29728,10
12.9800300598,80.2184829712,29728,29738,10
12.9807596207,80.218208313,29738,29749,11
12.9817199707,80.2179107666,29749,29759,10
12.9824104309,80.2178573608,29759,29769,10
12.9825601578,80.2178726196,29769,29779,10
12.9830598831,80.2178726196,29779,29789,10
12.9836902618,80.217880249,29789,29799,10
12.9837398529,80.217880249,29799,29809,10
12.9838895798,80.217880249,29809,29819,10
12.9841995239,80.2178573608,29819,29829,10
12.9846200943,80.2178573608,29829,29845,16
12.9857397079,80.2179031372,29845,29857,12
12.9866800308,80.2181167603,29857,29868,11
12.9873695374,80.2182388306,29868,29878,10
12.9874095917,80.21824646,29878,29888,10
12.9875402451,80.2182769775,29888,29898,10
12.9880199432,80.2183990479,29898,29908,10
12.9887104034,80.2185668945,29908,29918,10
12.9895095825,80.2188262939,29918,29927,9
12.9903402328,80.2190933228,29927,29937,10
12.991350174,80.2193984985,29937,29948,11
12.9920797348,80.2191619873,29948,29958,10
12.9926900864,80.2187194824,29958,29968,10
12.9933395386,80.2182388306,29968,29979,11
12.9938201904,80.2178878784,29979,29999,20
12.9938201904,80.2178878784,29999,30009,10
12.9941797256,80.2176208496,30009,30019,10
12.9944496155,80.2174224854,30019,30029,10
12.9946098328,80.2173233032,30029,30039,10
12.9946804047,80.2172622681,30039,30049,10
12.9949703217,80.2170562744,30049,30059,10
12.9954204559,80.2167816162,30059,30069,10
12.9960002899,80.216583252,30069,30079,10
12.996720314,80.2164916992,30079,30090,11
12.9973402023,80.2162704468,30090,30100,10
12.9974803925,80.2161483765,30100,30110,10
12.9975404739,80.2161331177,30110,30120,10
12.9978199005,80.2158966064,30120,30130,10
12.9982795715,80.2154769897,30130,30140,10
12.9988498688,80.2149734497,30140,30150,10
12.9991798401,80.2146682739,30150,30160,10
12.9994897842,80.2144088745,30160,30170,10
12.9999303818,80.2140274048,30170,30180,10
13.0003995895,80.2136230469,30180,30190,10
13.0010404587,80.2130584717,30190,30200,10
13.0017204285,80.212562561,30200,30211,11
13.0025596619,80.2121124268,30211,30221,10
13.0032196045,80.2120437622,30221,30231,10
13.0036401749,80.2119064331,30231,30241,10
13.0037002563,80.2117919922,30241,30251,10
13.0037002563,80.2113113403,30251,30261,10
13.0036401749,80.2106704712,30261,30271,10
13.003569603,80.2100219727,30271,30281,10
13.0035800934,80.2093200684,30281,30291,10
13.0038700104,80.2086486816,30291,30301,10
13.0047597885,80.2089614868,30301,30311,10
13.0057201385,80.2093811035,30311,30321,10
13.0065002441,80.2096481323,30321,30332,11
13.0074396133,80.2098388672,30332,30352,20
13.0074396133,80.2098388672,30352,30362,10
13.007519722,80.2098999023,30362,30372,10
13.0078401566,80.2099685669,30372,30382,10
13.0081100464,80.2100219727,30382,30392,10
13.0081396103,80.2096405029,30392,30402,10
13.0080003738,80.2089920044,30402,30412,10
13.0078802109,80.208190918,30412,30422,10
13.0077495575,80.207359314,30422,30432,10
13.0076198578,80.2065505981,30432,30443,11
13.0075302124,80.2055511475,30443,30453,10
13.0075302124,80.2048110962,30453,30463,10
13.0075101852,80.2041320801,30463,30473,10
13.0074100494,80.2033615112,30473,30483,10
13.0070695877,80.2025604248,30483,30493,10
13.0065402985,80.2029037476,30493,30503,10
13.0068998337,80.2034072876,30503,30513,10
13.0075597763,80.2036590576,30513,30523,10
13.0083703995,80.2036972046,30523,30533,10
13.0093698502,80.2036514282,30533,30543,10
13.0104904175,80.20362854,30543,30553,10
13.0116596222,80.2037277222,30553,30570,17
13.0132102966,80.2040481567,30570,30582,12
13.0137996674,80.204208374,30582,30592,10
13.014169693,80.2043380737,30592,30601,9
13.0148696899,80.2045593262,30601,30612,11
13.0150604248,80.2046585083,30612,30622,10
13.0151195526,80.2046966553,30622,30632,10
13.0155200958,80.2048034668,30632,30642,10
13.0160999298,80.205039978,30642,30652,10
13.01679039,80.2052001953,30652,30662,10
13.0174503326,80.2053833008,30662,30672,10
13.0177497864,80.2055282593,30672,30683,11
13.0181598663,80.2056884766,30683,30693,10
13.0187196732,80.2058792114,30693,30703,10
13.0187501907,80.2058868408,30703,30713,10
13.0188999176,80.2059707642,30713,30723,10
13.0193901062,80.206161499,30723,30733,10
13.0201196671,80.2062835693,30733,30743,10
13.0209503174,80.2063064575,30743,30753,10
13.0217199326,80.2063369751,30753,30763,10
13.0224895477,80.2063980103,30763,30773,10
13.0233602524,80.2065505981,30773,30783,10
13.0242595673,80.2066726685,30783,30794,11
13.0245399475,80.2067337036,30794,30804,10
13.0249004364,80.2068405151,30804,30814,10
13.0255899429,80.2070617676,30814,30824,10
13.0263299942,80.2074584961,30824,30834,10
13.027130127,80.2079391479,30834,30844,10
13.0280303955,80.208442688,30844,30854,10
13.0290498734,80.2087173462,30854,30864,10
13.0300798416,80.2089996338,30864,30874,10
13.0310201645,80.2092514038,30874,30884,10
13.03166008,80.2093887329,30884,30894,10
13.0316896439,80.2093963623,30894,30904,10
13.0319595337,80.2094573975,30904,30915,11
13.0325403214,80.209602356,30915,30925,10
13.0332603455,80.2097320557,30925,30935,10
13.0340795517,80.2099227905,30935,30945,10
13.0349302292,80.2100982666,30945,30955,10
13.0350704193,80.2103881836,30955,30971,16
13.0349998474,80.2108383179,30971,30983,12
13.035030365,80.2112808228,30983,30991,8
13.0350198746,80.2113037109,30991,31003,12
13.0349702835,80.2114562988,31003,31013,10
13.0349397659,80.2118682861,31013,31023,10
13.0349702835,80.212097168,31023,31034,11
13.0354404449,80.2122268677,31034,31044,10
13.0360898972,80.2122573853,31044,31054,10
13.0368299484,80.2122879028,31054,31064,10
13.0373697281,80.2122802734,31064,31074,10
13.0380401611,80.2122573853,31074,31084,10
13.0388402939,80.2122421265,31084,31094,10
13.0397500992,80.2122497559,31094,31104,10
13.0407896042,80.2122573853,31104,31114,10
13.0418796539,80.2122573853,31114,31124,10
13.0429401398,80.2122879028,31124,31134,10
13.0437602997,80.2122802734,31134,31185,51
13.0437602997,80.2122802734,31185,31195,10
13.0437803268,80.2123031616,31195,31205,10
13.0440196991,80.2123031616,31205,31215,10
13.0444297791,80.2123031616,31215,31225,10
13.0450401306,80.2123031616,31225,31235,10
13.045800209,80.2122879028,31235,31245,10
13.0465602875,80.2122573853,31245,31255,10
13.047419548,80.2121810913,31255,31266,11
13.0480899811,80.2120819092,31266,31276,10
13.0481100082,80.2120819092,31276,31286,10
13.0481500626,80.212059021,31286,31296,10
13.0485296249,80.2120437622,31296,31306,10
13.0486803055,80.2120285034,31306,31316,10
13.0491199493,80.2119903564,31316,31326,10
13.0496702194,80.2119293213,31326,31346,20
13.0496702194,80.2119293213,31346,31356,10
13.0498104095,80.2119903564,31356,31366,10
13.0500001907,80.2119674683,31366,31377,11
13.050160408,80.2119903564,31377,31387,10
13.0506496429,80.212020874,31387,31397,10
13.0511903763,80.212059021,31397,31407,10
13.0520401001,80.2120437622,31407,31417,10
13.0528402328,80.2118606567,31417,31427,10
13.0537500381,80.2116088867,31427,31437,10
13.0546598434,80.2114334106,31437,31447,10
13.0556602478,80.211479187,31447,31457,10
13.0566902161,80.211479187,31457,31467,10
13.0573301315,80.21144104,31467,31477,10
13.0576200485,80.2114181519,31477,31487,10
13.0577001572,80.2114028931,31487,31498,11
13.0581197739,80.2114105225,31498,31508,10
13.0587396622,80.2114562988,31508,31518,10
13.0594301224,80.211517334,31518,31528,10
13.060259819,80.2115631104,31528,31544,16
13.0615997314,80.2116317749,31544,31556,12
13.0624599457,80.2115783691,31556,31566,10
13.0628404617,80.2115631104,31566,31576,10
13.06291008,80.2115631104,31576,31586,10
13.0632400513,80.2115402222,31586,31594,8
13.0633096695,80.2115325928,31594,31606,12
13.0637702942,80.2115020752,31606,31617,11
13.0643997192,80.2114181519,31617,31627,10
13.0650596619,80.2110824585,31627,31637,10
13.0657501221,80.2105636597,31637,31646,9
13.0663700104,80.2100524902,31646,31658,12
13.0670995712,80.2092437744,31658,31667,9
13.06731987,80.2088775635,31667,31678,11
13.0674600601,80.2086486816,31678,31688,10
13.0677700043,80.2081832886,31688,31698,10
13.0681600571,80.2075119019,31698,31708,10
13.0686798096,80.2067184448,31708,31718,10
13.0692396164,80.2058410645,31718,31728,10
13.0696601868,80.2051010132,31728,31739,11
13.0695495605,80.2048034668,31739,31749,10
13.0692501068,80.2050323486,31749,31759,10
13.0690097809,80.2053833008,31759,31769,10
13.0687303543,80.205291748,31769,31789,20
13.0687303543,80.205291748,31789,31799,10
13.0682697296,80.2051773071,31799,32051,252
13.0682697296,80.2051773071,32051,32061,10
13.0681800842,80.2049179077,32061,32122,61
13.0681800842,80.2049179077,32122,32132,10
13.0683603287,80.2049865723,32132,32142,10
13.0686597824,80.2048721313,32142,32152,10
13.0689601898,80.2047576904,32152,32162,10
13.0691795349,80.204750061,32162,32172,10
13.0692396164,80.2047729492,32172,32182,10
13.0694103241,80.204788208,32182,32192,10
13.0696401596,80.2048416138,32192,32203,11
13.0698699951,80.205078125,32203,32213,10
13.0696401596,80.2055130005,32213,32223,10
13.0692796707,80.2061004639,32223,32233,10
13.0688400269,80.2067718506,32233,32243,10
13.0683603287,80.2075424194,32243,32253,10
13.0678596497,80.2083587646,32253,32263,10
13.0673999786,80.2091522217,32263,32273,10
13.0670204163,80.2097473145,32273,32283,10
13.0661401749,80.2105178833,32283,32293,10
13.0654401779,80.2110900879,32293,32314,21
13.0654401779,80.2110900879,32314,32324,10
13.0652399063,80.2112503052,32324,32354,30
13.0652399063,80.2112503052,32354,32364,10
13.0648403168,80.2113723755,32364,32374,10
13.0643796921,80.2115478516,32374,32384,10
13.0638504028,80.2117233276,32384,32445,61
13.0638504028,80.2117233276,32445,32455,10
13.06346035,80.2117233276,32455,32465,10
13.0629196167,80.2117614746,32465,32475,10
13.0622701645,80.2117614746,32475,32485,10
13.06153965,80.2116775513,32485,32495,10
13.060669899,80.211730957,32495,32505,10
13.0594501495,80.2117004395,32505,32515,10
13.0584802628,80.2116699219,32515,32525,10
13.0577402115,80.2116622925,32525,32535,10
13.0576295853,80.2116775513,32535,32546,11
13.0572299957,80.2116394043,32546,32556,10
13.0567102432,80.2116317749,32556,32566,10
13.056019783,80.2116088867,32566,32576,10
13.0552597046,80.2115783691,32576,32586,10
13.0544395447,80.2115707397,32586,32596,10
13.0536499023,80.211730957,32596,32606,10
13.05286026,80.2119903564,32606,32616,10
13.0522499084,80.212097168,32616,32626,10
13.0518703461,80.2121734619,32626,32636,10
13.0514001846,80.2122116089,32636,32646,10
13.0508403778,80.2121810913,32646,32677,31
13.0508403778,80.2121810913,32677,32687,10
13.0503797531,80.2122497559,32687,32697,10
13.049659729,80.2121887207,32697,32727,30
13.049659729,80.2121887207,32727,32737,10
13.0492897034,80.2121276855,32737,32747,10
13.0488901138,80.2121734619,32747,32757,10
13.0484199524,80.2122116089,32757,32767,10
13.0477895737,80.2122497559,32767,32778,11
13.0469503403,80.2123031616,32778,32788,10
13.0461196899,80.212348938,32788,32798,10
13.04570961,80.2123794556,32798,32818,20
13.04570961,80.2123794556,32818,32828,10
13.0455999374,80.2124481201,32828,32838,10
13.04529953,80.2124404907,32838,32848,10
13.0449895859,80.2124633789,32848,32858,10
13.0445804596,80.2124404907,32858,32868,10
13.043970108,80.2124023438,32868,32884,16
13.0430002213,80.2123794556,32884,32896,12
13.0422801971,80.2123413086,32896,32907,11
13.041469574,80.212348938,32907,32916,9
13.040719986,80.2123336792,32916,32926,10
13.039850235,80.2123718262,32926,32937,11
13.0389499664,80.2123794556,32937,32947,10
13.0382099152,80.2124099731,32947,32955,8
13.037610054,80.2123718262,32955,33038,83
13.037610054,80.2123718262,33038,33048,10
13.0374403,80.2122497559,33048,33058,10
13.0371398926,80.212272644,33058,33068,10
13.0365600586,80.2122802734,33068,33078,10
13.0358600616,80.2123031616,33078,33087,9
13.0351600647,80.212272644,33087,33098,11
13.0346002579,80.2121887207,33098,33108,10
13.0341997147,80.2121200562,33108,33118,10
13.0341796875,80.2121200562,33118,33129,11
13.034040451,80.2121200562,33129,33139,10
13.033780098,80.2120437622,33139,33149,10
13.0333299637,80.2119827271,33149,33159,10
13.0326700211,80.2118835449,33159,33169,10
13.0320301056,80.2116622925,33169,33179,10
13.0320501328,80.2110977173,33179,33189,10
13.0320796967,80.2104034424,33189,33198,9
13.0321302414,80.2098770142,33198,33209,11
13.0318698883,80.2096405029,33209,33219,10
13.0314397812,80.2095184326,33219,33229,10
13.03125,80.2094573975,33229,33239,10
13.0310001373,80.2094192505,33239,33280,41
13.0310001373,80.2094192505,33280,33290,10
13.0307998657,80.2094421387,33290,33300,10
13.0304298401,80.2092971802,33300,33310,10
13.0300998688,80.2091827393,33310,33320,10
13.0295801163,80.2089996338,33320,33340,20
13.0295801163,80.2089996338,33340,33350,10
13.0293102264,80.2088928223,33350,33361,11
13.028719902,80.2087173462,33361,33371,10
13.0280199051,80.2085189819,33371,33381,10
13.0273799896,80.2081832886,33381,33391,10
13.0266895294,80.2077789307,33391,33401,10
13.0259304047,80.207321167,33401,33411,10
13.0250701904,80.2070770264,33411,33421,10
13.0244503021,80.2069702148,33421,33431,10
13.0242204666,80.2069091797,33431,33441,10
13.0241298676,80.2069168091,33441,33451,10
13.0237998962,80.2068405151,33451,33461,10
13.0233097076,80.2067108154,33461,33471,10
13.0228004456,80.2065734863,33471,33482,11
13.0225000381,80.20652771,33482,33492,10
13.0222902298,80.206489563,33492,33502,10
13.0219602585,80.2064437866,33502,33518,16
13.0218601227,80.206451416,33518,33530,12
13.0214004517,80.206489563,33530,33538,8
13.0209197998,80.2065124512,33538,33550,12
13.0200099945,80.2065124512,33550,33560,10
13.0192804337,80.2064208984,33560,33590,30
13.0192804337,80.2064208984,33590,33600,10
13.018699646,80.206237793,33600,33621,21
13.018699646,80.206237793,33621,33631,10
13.0185604095,80.2061462402,33631,33641,10
13.0182104111,80.2060623169,33641,33671,30
13.0182104111,80.2060623169,33671,33681,10
13.0178499222,80.2059020996,33681,33691,10
13.0175104141,80.2057571411,33691,33701,10
13.017250061,80.205619812,33701,33711,10
13.0169296265,80.2054901123,33711,33722,11
13.0162000656,80.2052383423,33722,33732,10
13.0154600143,80.2050323486,33732,33742,10
13.0147199631,80.2048110962,33742,33752,10
13.0145101547,80.2046890259,33752,33768,16
13.0141000748,80.2045593262,33768,33788,20
13.0141000748,80.2045593262,33788,33800,12
13.013879776,80.2044830322,33800,33810,10
13.0136604309,80.2045593262,33810,33820,10
13.0135402679,80.2049102783,33820,33830,10
13.0133495331,80.2054595947,33830,33841,11
13.0131101608,80.2062072754,33841,33851,10
13.0130195618,80.2070083618,33851,33861,10
13.0129499435,80.207611084,33861,33871,10
13.0128803253,80.2078933716,33871,33881,10
13.0128297806,80.2083282471,33881,33891,10
13.0128498077,80.2086791992,33891,33901,10
13.0129203796,80.2091217041,33901,33911,10
13.0131597519,80.2096176147,33911,33921,10
13.0131702423,80.2101211548,33921,33931,10
13.0130395889,80.2108688354,33931,33941,10
13.0126895905,80.2116012573,33941,33952,11
13.0122203827,80.2123565674,33952,33962,10
13.0119104385,80.2127609253,33962,33972,10
13.0117101669,80.2127532959,33972,33982,10
13.0114202499,80.2124862671,33982,33992,10
13.0109195709,80.2121276855,33992,34002,10
13.0105199814,80.2117996216,34002,34022,20
13.0105199814,80.2117996216,34022,34032,10
13.010310173,80.2116317749,34032,34042,10
13.0101003647,80.2114562988,34042,34083,41
13.0101003647,80.2114562988,34083,34093,10
13.0098199844,80.2112579346,34093,34133,40
13.0098199844,80.2112579346,34133,34143,10
13.009469986,80.2110671997,34143,34216,73
13.009180069,80.2113418579,34216,34236,20
13.009180069,80.2113418579,34236,34246,10
13.0090503693,80.211517334,34246,34276,30
13.0090503693,80.211517334,34276,34286,10
13.0090999603,80.2118835449,34286,34296,10
13.0091896057,80.2121124268,34296,34307,11
13.0092601776,80.2123794556,34307,34317,10
13.0094003677,80.2127685547,34317,34327,10
13.0095396042,80.2132034302,34327,34337,10
13.0097198486,80.2136535645,34337,34347,10
13.0099096298,80.2141113281,34347,34357,10
13.0101003647,80.2145767212,34357,34367,10
13.0102100372,80.2152023315,34367,34377,10
13.0103702545,80.2159194946,34377,34387,10
13.0106801987,80.2166213989,34387,34397,10
13.01101017,80.2173309326,34397,34413,16
13.0115098953,80.2186965942,34413,34426,13
13.0119199753,80.2198867798,34426,34436,10
13.0122299194,80.2208175659,34436,34446,10
13.0124101639,80.2215423584,34446,34456,10
13.0127000809,80.2220611572,34456,34466,10
13.0130195618,80.2225723267,34466,34475,9
13.0135202408,80.2229232788,34475,34487,12
13.0141496658,80.2236022949,34487,34497,10
13.0143604279,80.224067688,34497,34507,10
13.0149497986,80.224571228,34507,34517,10
13.0153799057,80.2250366211,34517,34548,31
13.0153799057,80.2250366211,34548,34558,10
13.0155496597,80.2252197266,34558,34568,10
13.0155696869,80.2254180908,34568,34578,10
13.0153999329,80.2257614136,34578,34588,10
13.0149002075,80.225982666,34588,34598,10
13.0142402649,80.2262496948,34598,34608,10
13.0135202408,80.2265319824,34608,34618,10
13.0127296448,80.2268600464,34618,34628,10
13.0118904114,80.2271728516,34628,34638,10
13.01101017,80.2275085449,34638,34649,11
13.0100402832,80.2278518677,34649,34659,10
13.009519577,80.2275466919,34659,34669,10
13.0097398758,80.2270507813,34669,34679,10
13.010020256,80.2264175415,34679,34689,10
13.0102996826,80.2257232666,34689,34699,10
13.0105304718,80.2251205444,34699,34719,20
13.0105304718,80.2251205444,34719,34729,10
13.0107097626,80.2247924805,34729,34739,10
13.010890007,80.2242889404,34739,34749,10
13.0111103058,80.2236709595,34749,34759,10
13.0112104416,80.2233963013,34759,34770,11
13.0112600327,80.223197937,34770,34780,10
13.0111303329,80.2230606079,34780,34789,9
13.0107898712,80.2229385376,34789,34800,11
13.010219574,80.2226715088,34800,34810,10
13.0095996857,80.2223129272,34810,34820,10
13.0089597702,80.2219696045,34820,34830,10
13.0083398819,80.2216186523,34830,34840,10
13.0076198578,80.2212524414,34840,34850,10
13.0068597794,80.2208480835,34850,34860,10
13.0059995651,80.2205581665,34860,34870,10
13.0050401688,80.2203292847,34870,34880,10
13.0041103363,80.2201004028,34880,34891,11
13.0031204224,80.2198486328,34891,34901,10
13.0023097992,80.2192764282,34901,34911,10
13.0017404556,80.2186965942,34911,34921,10
13.0010204315,80.2181777954,34921,34931,10
13.0002098083,80.2176513672,34931,34941,10
12.9995098114,80.2172317505,34941,34951,10
12.9983997345,80.2166824341,34951,34961,10
12.9974298477,80.2165298462,34961,34981,20
12.9974298477,80.2165298462,34981,34991,10
12.997179985,80.216506958,34991,35002,11
12.996629715,80.2165374756,35002,35012,10
12.9959802628,80.2166366577,35012,35022,10
12.9953699112,80.2168579102,35022,35032,10
12.9949197769,80.2171707153,35032,35042,10
12.9944400787,80.2174987793,35042,35052,10
12.9939002991,80.2179336548,35052,35062,10
12.9934196472,80.2182693481,35062,35072,10
12.9932003021,80.2183837891,35072,35082,10
12.9928302765,80.2186203003,35082,35092,10
12.9923095703,80.219039917,35092,35102,10
12.9917097092,80.2194976807,35102,35112,10
12.9911203384,80.2194595337,35112,35123,11
12.9910001755,80.2194213867,35123,35133,10
12.9907598495,80.2193222046,35133,35143,10
12.9902801514,80.2191390991,35143,35153,10
12.9896602631,80.2189102173,35153,35163,10
12.988940239,80.2186431885,35163,35173,10
12.9880895615,80.2184371948,35173,35183,10
12.9872999191,80.2183227539,35183,35193,10
12.9869098663,80.21824646,35193,35203,10
12.9868402481,80.2182312012,35203,35213,10
12.9864902496,80.2181167603,35213,35223,10
12.9858798981,80.2179794312,35223,35234,11
12.9849596024,80.2179412842,35234,35244,10
12.9839696884,80.2180023193,35244,35264,20
12.9839696884,80.2180023193,35264,35274,10
12.9838495255,80.2180099487,35274,35284,10
12.983420372,80.2180328369,35284,35294,10
12.9827899933,80.2180099487,35294,35304,10
12.9820404053,80.2180099487,35304,35314,10
12.981180191,80.2181777954,35314,35324,10
12.9802799225,80.2184677124,35324,35334,10
12.9795999527,80.2187728882,35334,35344,10
12.9788599014,80.2190475464,35344,35355,11
12.9783401489,80.21925354,35355,35365,10
12.977689743,80.2195205688,35365,35375,10
12.976940155,80.2198181152,35375,35385,10
12.9759197235,80.2202835083,35385,35476,91
12.9757299423,80.220161438,35476,35506,30
12.9757299423,80.220161438,35506,35516,10
12.9756202698,80.2202224731,35516,35526,10
12.9754695892,80.2204971313,35526,35536,10
12.9757204056,80.2209625244,35536,35546,10
12.9761400223,80.2214889526,35546,35587,41
12.9761400223,80.2214889526,35587,35597,10
12.976269722,80.2216720581,35597,35607,10
12.9763803482,80.2218780518,35607,35617,10
12.9764795303,80.2221298218,35617,35627,10
12.9767198563,80.2224884033,35627,35637,10
12.9770803452,80.2230377197,35637,35647,10
12.9774799347,80.2236862183,35647,35657,10
12.9779100418,80.2243728638,35657,35667,10
12.9783601761,80.225112915,35667,35677,10
12.9788398743,80.2258682251,35677,35687,10
12.9792995453,80.2266387939,35687,35697,10
12.9797697067,80.2274017334,35697,35708,11
12.9803199768,80.2282791138,35708,35718,10
12.9807796478,80.2290802002,35718,35728,10
12.981180191,80.2297286987,35728,35738,10
12.9816999435,80.2304763794,35738,35758,20
12.9816999435,80.2304763794,35758,35768,10
12.9818201065,80.2307662964,35768,35778,10
12.9819602966,80.2312393188,35778,35788,10
12.9820299149,80.2318878174,35788,35796,8
12.9820098877,80.2323608398,35796,35809,13
12.9816198349,80.2335510254,35809,35830,21
12.9816198349,80.2335510254,35830,35840,10
12.9814996719,80.2338027954,35840,35850,10
12.9813604355,80.2340393066,35850,35860,10
12.9812898636,80.2342529297,35860,35870,10
12.9812297821,80.234588623,35870,35880,10
12.9812202454,80.2351379395,35880,35890,10
12.9812498093,80.2358779907,35890,35900,10
12.9812803268,80.2367630005,35900,35910,10
12.9813098907,80.2376403809,35910,35920,10
12.9813299179,80.2382507324,35920,35930,10
12.9813404083,80.238571167,35930,35941,11
12.9813404083,80.2386016846,35941,35951,10
12.9813404083,80.2388687134,35951,36021,70
12.9813404083,80.2388687134,36021,36031,10
12.9813404083,80.2392730713,36031,36041,10
12.9813404083,80.2394180298,36041,36052,11
12.9813404083,80.239692688,36052,36062,10
12.9813604355,80.2399902344,36062,36072,10
12.9813699722,80.2404403687,36072,36082,10
12.9813804626,80.2409591675,36082,36092,10
12.9813804626,80.2416000366,36092,36102,10
12.9813804626,80.2422027588,36102,36112,10
12.9813804626,80.242767334,36112,36132,20
12.9813804626,80.242767334,36132,36142,10
12.9814100266,80.2429199219,36142,36152,10
12.9813899994,80.2433624268,36152,36162,10
12.981300354,80.2439575195,36162,36173,11
12.9812498093,80.2443237305,36173,36183,10
12.9812498093,80.2444000244,36183,36193,10
12.9812097549,80.2447814941,36193,36203,10
12.9811401367,80.2453384399,36203,36213,10
12.9810400009,80.2460327148,36213,36223,10
12.9809598923,80.2468185425,36223,36233,10
12.9808797836,80.2477035522,36233,36243,10
12.9808101654,80.2486801147,36243,36253,10
12.9806995392,80.2497406006,36253,36263,10
12.9804496765,80.250831604,36263,36273,10
12.9801197052,80.2522583008,36273,36344,71
12.9801197052,80.2522583008,36344,36354,10
12.9800796509,80.2523574829,36354,36364,10
12.980219841,80.252571106,36364,36374,10
12.9806804657,80.2526397705,36374,36384,10
12.9813604355,80.2526321411,36384,36394,10
12.9819898605,80.2526321411,36394,36465,71
12.9819898605,80.2526321411,36465,36475,10
12.9820995331,80.2525863647,36475,36485,10
12.9824895859,80.2525787354,36485,36495,10
12.9829797745,80.2525634766,36495,36505,10
12.9836101532,80.252456665,36505,36515,10
12.9842500687,80.2522888184,36515,36526,11
12.9848098755,80.2521362305,36526,36536,10
12.9853401184,80.2519989014,36536,36546,10
12.9860296249,80.2518234253,36546,36889,343
12.9860296249,80.2518234253,36889,36899,10
12.9863796234,80.251701355,36899,36909,10
12.9866304398,80.2516479492,36909,36919,10
12.9871301651,80.2515182495,36919,36929,10
12.9875497818,80.2514038086,36929,36938,9
12.9878396988,80.251411438,36938,36949,11
12.9880199432,80.2518310547,36949,36959,10
12.9880504608,80.2520294189,36959,36969,10
12.9880399704,80.2523803711,36969,36979,10
12.9879798889,80.2530975342,36979,36990,11
12.9878902435,80.2540130615,36990,37000,10
12.987859726,80.2544174194,37000,37010,10
12.987859726,80.2544326782,37010,37020,10
12.987830162,80.2546081543,37020,37030,10
12.9877796173,80.2549819946,37030,37040,10
12.9877500534,80.2553100586,37040,37050,10
12.9877099991,80.2557525635,37050,37060,10
12.9876203537,80.2563476563,37060,37070,10
12.9875602722,80.2570724487,37070,37080,10
12.9875202179,80.2577514648,37080,37090,10
12.9874601364,80.2584991455,37090,37100,10
12.9872903824,80.2593994141,37100,37131,31
12.9871997833,80.2595367432,37131,37151,20
12.9871997833,80.2595367432,37151,37161,10
12.9870195389,80.2596130371,37161,37171,10
12.986749649,80.2595367432,37171,37181,10
12.986700058,80.2592391968,37181,38151,970
12.986700058,80.2592391968,38151,38162,11
12.9867601395,80.2590026855,38162,38172,10
12.9869604111,80.2589569092,38172,38192,20
12.987159729,80.2590408325,38192,38232,40
12.987159729,80.2590408325,38232,38242,10
12.987279892,80.2590789795,38242,38252,10
12.9873695374,80.2588577271,38252,38262,10
12.9874000549,80.2584762573,38262,38272,10
12.9874401093,80.2580795288,38272,38283,11
12.9874601364,80.2572479248,38283,38313,30
12.9874601364,80.2572479248,38313,38323,10
12.9874696732,80.2570800781,38323,38333,10
12.9875202179,80.2567596436,38333,38343,10
12.9875402451,80.2562484741,38343,38353,10
12.9876098633,80.2557067871,38353,38369,16
12.9877099991,80.2548904419,38369,38381,12
12.9877195358,80.2547531128,38381,38389,8
12.987739563,80.2543869019,38389,38402,13
12.987830162,80.2535018921,38402,38412,10
12.9879102707,80.2526397705,38412,38422,10
12.987859726,80.2519378662,38422,38432,10
12.9878396988,80.2518615723,38432,38441,9
12.9876804352,80.2516174316,38441,38462,21
12.9875802994,80.2516098022,38462,38482,20
12.9875802994,80.2516098022,38482,38492,10
12.9872303009,80.2516174316,38492,38502,10
12.9865999222,80.2517471313,38502,38512,10
12.9858102798,80.2519378662,38512,38523,11
12.9847097397,80.2522277832,38523,38533,10
12.9835796356,80.252532959,38533,38543,10
12.9823598862,80.2526626587,38543,38553,10
12.9811201096,80.2527008057,38553,38563,10
12.9799995422,80.2527618408,38563,38603,40
12.9799995422,80.2527618408,38603,38613,10
12.9798297882,80.2526779175,38613,38623,10
12.9798603058,80.2523193359,38623,38634,11
12.9798898697,80.252243042,38634,38644,10
12.9799604416,80.251953125,38644,38654,10
12.9801502228,80.2514419556,38654,38664,10
12.9803695679,80.2506866455,38664,38674,10
12.9806003571,80.2497711182,38674,38684,10
12.9807195663,80.2486801147,38684,38694,10
12.9808301926,80.2474822998,38694,38704,10
12.9809503555,80.2462234497,38704,38714,10
12.9810800552,80.2450408936,38714,38724,10
12.9811697006,80.2438201904,38724,38734,10
12.9813098907,80.2435302734,38734,38744,10
12.9813499451,80.2427368164,38744,38765,21
12.9813499451,80.2427368164,38765,38775,10
12.9813604355,80.2424926758,38775,38785,10
12.9813499451,80.2419433594,38785,38795,10
12.9813404083,80.2411575317,38795,38805,10
12.9813404083,80.2402496338,38805,38815,10
12.9813203812,80.2396469116,38815,38825,10
12.981300354,80.2390823364,38825,38835,10
12.9812803268,80.2383499146,38835,38845,10
12.9812803268,80.23802948,38845,38855,10
12.9812698364,80.2378692627,38855,38866,11
12.9812602997,80.2376403809,38866,38876,10
12.9812498093,80.2370910645,38876,38886,10
12.9812202454,80.2363128662,38886,38896,10
12.9812002182,80.2354278564,38896,38906,10
12.9811897278,80.2344894409,38906,38916,10
12.9815998077,80.2333984375,38916,38936,20
12.9815998077,80.2333984375,38936,38946,10
12.9816398621,80.2333068848,38946,38956,10
12.9818096161,80.2329406738,38956,38966,10
12.9819602966,80.2324829102,38966,38976,10
12.9819698334,80.232093811,38976,38987,11
12.9819402695,80.2314605713,38987,38997,10
12.9818201065,80.2310180664,38997,39007,10
12.9814796448,80.2303771973,39007,39017,10
12.9810495377,80.2296905518,39017,39027,10
12.9808301926,80.2293319702,39027,39037,10
12.9806499481,80.2290725708,39037,39057,20
12.9806499481,80.2290725708,39057,39067,10
12.9805002213,80.2288284302,39067,39077,10
12.9803304672,80.2285385132,39077,39087,10
12.9802598953,80.2283782959,39087,39097,10
12.9801101685,80.2280731201,39097,39108,11
12.9798297882,80.2275772095,39108,39118,10
12.9795398712,80.2271194458,39118,39128,10
12.9792804718,80.2266769409,39128,39138,10
12.978969574,80.2261581421,39138,39148,10
12.9785804749,80.2255172729,39148,39158,10
12.9781999588,80.224861145,39158,39168,10
12.9778795242,80.2244415283,39168,39178,10
12.9777202606,80.2241821289,39178,39188,10
12.9776096344,80.2239990234,39188,39198,10
12.9773302078,80.2235412598,39198,39208,10
12.9769802094,80.2229385376,39208,39218,10
12.976650238,80.2223968506,39218,39229,11
12.9762401581,80.2217636108,39229,39239,10
12.9757604599,80.2211608887,39239,39259,20
12.9757604599,80.2211608887,39259,39269,10
12.9756202698,80.2210388184,39269,39279,10
12.9753904343,80.2208404541,39279,39319,40
12.9753904343,80.2208404541,39319,39329,10
12.9752998352,80.2207107544,39329,39340,11
12.9755296707,80.2204208374,39340,39350,10
12.9759502411,80.220161438,39350,39360,10
12.9765901566,80.2198867798,39360,39370,10
12.9773597717,80.219581604,39370,39380,10
12.978219986,80.2192077637,39380,39390,10
12.9787597656,80.2190170288,39390,39400,10
12.9794101715,80.21875,39400,39410,10
12.980099678,80.218460083,39410,39420,10
12.9808597565,80.2181930542,39420,39430,10
12.9817399979,80.2179412842,39430,39440,10
12.9826498032,80.217880249,39440,39450,10
12.9837799072,80.2178573608,39450,39471,21
12.9837799072,80.2178573608,39471,39481,10
12.9840402603,80.217918396,39481,39497,16
12.9850101471,80.2179031372,39497,39509,12
12.9859800339,80.2179794312,39509,39519,10
12.9866600037,80.2181396484,39519,39529,10
12.9872503281,80.2182235718,39529,39539,10
12.9872903824,80.2182312012,39539,39549,10
12.9875402451,80.2182922363,39549,39559,10
12.9881095886,80.2184066772,39559,39569,10
12.988820076,80.2185821533,39569,39581,12
12.9898195267,80.2189178467,39581,39591,10
12.990819931,80.2192306519,39591,39601,10
12.9916000366,80.2194213867,39601,39611,10
12.991979599,80.2192230225,39611,39621,10
12.9925098419,80.2188034058,39621,39631,10
12.9931697845,80.2183227539,39631,39641,10
12.9939603806,80.2177734375,39641,39651,10
12.9946699142,80.2172393799,39651,39661,10
12.9952802658,80.2168426514,39661,39671,10
12.9960203171,80.2165985107,39671,39681,10
12.9968395233,80.216468811,39681,39691,10
12.9973297119,80.2162780762,39691,39702,11
12.9975099564,80.2160873413,39702,39712,10
12.9975795746,80.2160110474,39712,39722,10
12.9978704453,80.2157516479,39722,39732,10
12.998339653,80.2153396606,39732,39742,10
12.9989099503,80.21484375,39742,39752,10
12.9991798401,80.2146224976,39752,39762,10
12.9995603561,80.2143173218,39762,39771,9
12.9999704361,80.2139816284,39771,39782,11
13.0005397797,80.2134933472,39782,39792,10
13.0010795593,80.2130126953,39792,39802,10
13.0017795563,80.2124786377,39802,39813,11
13.0025396347,80.212097168,39813,39823,10
13.0031404495,80.2120285034,39823,39833,10
13.0036096573,80.2119064331,39833,39843,10
13.0036296844,80.2118835449,39843,39853,10
13.0036697388,80.2115325928,39853,39863,10
13.0036401749,80.2109375,39863,39873,10
13.0035495758,80.210319519,39873,39883,10
13.003490448,80.2096710205,39883,39893,10
13.0036096573,80.2089691162,39893,39903,10
13.0041599274,80.2086715698,39903,39913,10
13.0050096512,80.2090530396,39913,39923,10
13.0058603287,80.2093887329,39923,39934,11
13.0064897537,80.2095794678,39934,39944,10
13.0073795319,80.2097930908,39944,39964,20
13.0073795319,80.2097930908,39964,39974,10
13.0075998306,80.2098770142,39974,39984,10
13.0079698563,80.2099685669,39984,39994,10
13.0081701279,80.2099685669,39994,40004,10
13.0081195831,80.2095718384,40004,40014,10
13.0079803467,80.2089309692,40014,40024,10
13.0078496933,80.2081298828,40024,40034,10
13.0076999664,80.2072525024,40034,40044,10
13.0075502396,80.2062606812,40044,40055,11
13.0074796677,80.2051620483,40055,40065,10
13.0074901581,80.2043075562,40065,40075,10
13.0074100494,80.2035217285,40075,40085,10
13.0071697235,80.2026367188,40085,40095,10
13.0065498352,80.2027664185,40095,40105,10
13.0068101883,80.2033233643,40105,40115,10
13.0074596405,80.2036132813,40115,40125,10
13.0082597733,80.2036819458,40125,40135,10
13.0092496872,80.2036209106,40135,40145,10
13.0103902817,80.2035903931,40145,40155,10
13.0115499496,80.2036819458,40155,40166,11
13.0127401352,80.2039108276,40166,40176,10
13.0136499405,80.2041778564,40176,40186,10
13.014840126,80.2045288086,40186,40206,20
13.014840126,80.2045288086,40206,40216,10
13.0151500702,80.2046432495,40216,40226,10
13.0156402588,80.2048416138,40226,40236,10
13.0163497925,80.2051086426,40236,40246,10
13.0170698166,80.2052536011,40246,40256,10
13.0178403854,80.2055587769,40256,40266,10
13.0184202194,80.2058181763,40266,40276,10
13.0186500549,80.2059173584,40276,40292,16
13.0188703537,80.2059783936,40292,40305,13
13.0191802979,80.2060775757,40305,40315,10
13.0196399689,80.2062072754,40315,40325,10
13.0205202103,80.2062835693,40325,40333,8
13.0212097168,80.2062988281,40333,40344,11
13.0221204758,80.2063369751,40344,40356,12
13.0231199265,80.2064971924,40356,40365,9
13.023850441,80.2066192627,40365,40376,11
13.0247602463,80.2068405151,40376,40386,10
13.025349617,80.2069473267,40386,40396,10
13.0255203247,80.2070465088,40396,40407,11
13.0260400772,80.20728302,40407,40416,9
13.0265703201,80.2075881958,40416,40427,11
13.0273504257,80.2080383301,40427,40437,10
13.0280895233,80.2084274292,40437,40447,10
13.0288600922,80.2086410522,40447,40457,10
13.0296096802,80.2088165283,40457,40467,10
13.0301799774,80.2089691162,40467,40487,20
13.0301799774,80.2089691162,40487,40497,10
13.0303297043,80.2090301514,40497,40507,10
13.0307302475,80.2091522217,40507,40517,10
13.0313501358,80.209312439,40517,40528,11
13.0315799713,80.2093582153,40528,40538,10
13.031920433,80.2094497681,40538,40548,10
13.0325298309,80.2095870972,40548,40558,10
13.0333204269,80.2097473145,40558,40574,16
13.0346603394,80.2100372314,40574,40586,12
13.0350904465,80.2104415894,40586,40596,10
13.0350198746,80.2108383179,40596,40606,10
13.0350198746,80.2112808228,40606,40626,20
13.0350198746,80.2112808228,40626,40636,10
13.0350103378,80.2113418579,40636,40647,11
13.0349597931,80.2115097046,40647,40657,10
13.0348997116,80.211769104,40657,40666,9
13.0348796844,80.2119979858,40666,40677,11
13.0350103378,80.2121582031,40677,40687,10
13.0354795456,80.2122268677,40687,40697,10
13.0361003876,80.2122497559,40697,40707,10
13.0362596512,80.2122802734,40707,40717,10
13.0363302231,80.2123031616,40717,40727,10
13.0365400314,80.212310791,40727,40737,10
13.0368995667,80.2123184204,40737,40747,10
13.0374898911,80.212310791,40747,40758,11
13.0383300781,80.2122879028,40758,40768,10
13.0392398834,80.2122573853,40768,40778,10
13.0401096344,80.2122573853,40778,40788,10
13.041179657,80.212272644,40788,40798,10
13.0422897339,80.2122802734,40798,40808,10
13.0432901382,80.212272644,40808,40818,10
13.0440797806,80.2122573853,40818,40828,10
13.044670105,80.2122573853,40828,40838,10
13.0453796387,80.2122497559,40838,40848,10
13.0461196899,80.2122268677,40848,40858,10
13.0468597412,80.2121963501,40858,40868,10
13.0479898453,80.2120819092,40868,40889,21
13.0479898453,80.2120819092,40889,40899,10
13.0482797623,80.2120895386,40899,40909,10
13.0485200882,80.2120513916,40909,40919,10
13.0488395691,80.2120437622,40919,40929,10
13.0492696762,80.212020874,40929,40949,20
13.0492696762,80.212020874,40949,40959,10
13.0497303009,80.2119979858,40959,41010,51
13.0497303009,80.2119979858,41010,41020,10
13.0500802994,80.2119522095,41020,41030,10
13.0505599976,80.2119827271,41030,41040,10
13.0510101318,80.2120132446,41040,41050,10
13.0519199371,80.2120132446,41050,41060,10
13.05286026,80.2118225098,41060,41070,10
13.0538797379,80.2115707397,41070,41080,10
13.0547504425,80.2114486694,41080,41090,10
13.0557403564,80.2115020752,41090,41100,10
13.0567998886,80.2115097046,41100,41111,11
13.0574598312,80.21144104,41111,41121,10
13.057510376,80.21144104,41121,41131,10
13.0577497482,80.2114181519,41131,41141,10
13.0583200455,80.2114562988,41141,41151,10
13.0590496063,80.2115020752,41151,41161,10
13.0598897934,80.2115936279,41161,41171,10
13.0608901978,80.2116317749,41171,41181,10
13.0619001389,80.2117004395,41181,41197,16
13.0630598068,80.2115631104,41197,41209,12
13.0631399155,80.2115097046,41209,41219,10
13.0635204315,80.2115097046,41219,41230,11
13.0641698837,80.211479187,41230,41240,10
13.0648002625,80.2112579346,41240,41250,10
13.0655202866,80.2108078003,41250,41260,10
13.0662097931,80.2102127075,41260,41270,10
13.0669002533,80.2095184326,41270,41280,10
13.0672397614,80.2088623047,41280,41290,10
13.0676202774,80.2082519531,41290,41300,10
13.068110466,80.2074890137,41300,41310,10
13.0686903,80.2066192627,41310,41320,10
13.0692596436,80.2057571411,41320,41330,10
13.0695896149,80.2051773071,41330,41340,10
13.0696201324,80.2049026489,41340,41351,11
13.0693702698,80.2048110962,41351,41367,16
13.0686597824,80.2053375244,41367,41409,42
13.0686597824,80.2053375244,41409,41419,10
13.0683898926,80.2053985596,41419,41429,10
13.0679597855,80.205329895,41429,41459,30
13.0679597855,80.205329895,41459,41470,11
13.0679197311,80.2051696777,41470,41591,121
13.0679197311,80.2051696777,41591,41601,10
13.0682001114,80.2049636841,41601,41611,10
13.0683403015,80.2049713135,41611,41621,10
13.0686197281,80.204826355,41621,41631,10
13.0688800812,80.2047576904,41631,41641,10
13.0692996979,80.204750061,41641,41651,10
13.0695800781,80.2047805786,41651,41661,10
13.0698299408,80.2050018311,41661,41671,10
13.0696001053,80.2055435181,41671,41681,10
13.0691604614,80.2062225342,41681,41691,10
13.0686197281,80.2070465088,41691,41702,11
13.067990303,80.2080535889,41702,41712,10
13.0674200058,80.2089767456,41712,41722,10
13.066860199,80.2098083496,41722,41732,10
13.0660896301,80.2105026245,41732,41742,10
13.0651597977,80.211151123,41742,41752,10
13.0641803741,80.2116394043,41752,41762,10
13.0637598038,80.2117462158,41762,41772,10
13.0634202957,80.2117462158,41772,41782,10
13.0627498627,80.211769104,41782,41792,10
13.061920166,80.2117996216,41792,41802,10
13.0607995987,80.211730957,41802,41813,11
13.0595302582,80.2116622925,41813,41823,10
13.0586700439,80.2116317749,41823,41833,10
13.0581102371,80.2116088867,41833,41849,16
13.0576896667,80.2116012573,41849,41861,12
13.0571899414,80.2115707397,41861,41871,10
13.0566501617,80.2115631104,41871,41881,10
13.055729866,80.2115631104,41881,41891,10
13.0546503067,80.211517334,41891,41901,10
13.0539102554,80.2116622925,41901,41911,10
13.0530796051,80.2118988037,41911,41921,10
13.0522603989,80.2121200562,41921,41931,10
13.0515699387,80.2121582031,41931,41942,11
13.0506000519,80.2121200562,41942,41981,39
13.0506000519,80.2121200562,41981,41992,11
13.0501699448,80.2120437622,41992,42002,10
13.0497703552,80.212059021,42002,42021,19
13.0497703552,80.212059021,42021,42031,10
13.0495004654,80.212059021,42031,42042,11
13.049200058,80.212097168,42042,42053,11
13.0486698151,80.2121276855,42053,42063,10
13.0481500626,80.2121734619,42063,42073,10
13.0474100113,80.2122421265,42073,42083,10
13.0464801788,80.2122879028,42083,42093,10
13.0455303192,80.2123413086,42093,42103,10
13.0450000763,80.2123794556,42103,42184,81
13.0450000763,80.2123794556,42184,42200,16
13.0448703766,80.2124023438,42200,42212,12
13.0444402695,80.2123794556,42212,42222,10
13.044090271,80.2123718262,42222,42232,10
13.0435600281,80.2123794556,42232,42242,10
13.042840004,80.2123794556,42242,42252,10
13.0419101715,80.212387085,42252,42262,10
13.040719986,80.212348938,42262,42272,10
13.0396003723,80.2123794556,42272,42282,10
13.0384597778,80.2123718262,42282,42294,12
13.0374002457,80.2123413086,42294,42303,9
13.0368795395,80.212310791,42303,42314,11
13.0361795425,80.2123031616,42314,42324,10
13.0353803635,80.2123031616,42324,42344,20
13.0353803635,80.2123031616,42344,42354,10
13.0352497101,80.212310791,42354,42364,10
13.0348796844,80.2122497559,42364,42374,10
13.0343399048,80.2121582031,42374,42415,41
13.0343399048,80.2121582031,42415,42425,10
13.033949852,80.2120437622,42425,42435,10
13.0333995819,80.2119293213,42435,42445,10
13.0326595306,80.2118225098,42445,42455,10
13.0319795609,80.2116394043,42455,42465,10
13.0320196152,80.2110366821,42465,42475,10
13.0321397781,80.2102432251,42475,42485,10
13.0320901871,80.2097320557,42485,42495,10
13.0318899155,80.2096633911,42495,42505,10
13.0313596725,80.2095108032,42505,42515,10
13.0306596756,80.209312439,42515,42526,11
13.030090332,80.2091369629,42526,42536,10
13.029589653,80.2089233398,42536,42556,20
13.029589653,80.2089233398,42556,42566,10
13.0291595459,80.2087783813,42566,42582,16
13.0280103683,80.2084579468,42582,42594,12
13.0271396637,80.2080001831,42594,42602,8
13.0265398026,80.2076797485,42602,42614,12
13.025759697,80.2072219849,42614,42624,10
13.0247402191,80.2069702148,42624,42634,10
13.0240097046,80.206817627,42634,42641,7
13.0238199234,80.2067871094,42641,42655,14
13.0233402252,80.2066726685,42655,42665,10
13.0226802826,80.2065200806,42665,42675,10
13.0223197937,80.206451416,42675,42685,10
13.0221595764,80.206451416,42685,42695,10
13.0217504501,80.2064285278,42695,42705,10
13.0211200714,80.206413269,42705,42715,10
13.0204401016,80.2064285278,42715,42725,10
13.0199804306,80.206451416,42725,42748,23
13.0195302963,80.206413269,42748,42760,12
13.0191602707,80.2063369751,42760,42781,21
13.0191602707,80.2063369751,42781,42791,10
13.0190200806,80.2063217163,42791,42801,10
13.0188398361,80.2062606812,42801,42811,10
13.0187196732,80.2062225342,42811,42821,10
13.0185604095,80.2061767578,42821,42831,10
13.0185203552,80.2061462402,42831,42841,10
13.0183200836,80.2060165405,42841,42861,20
13.0183200836,80.2060165405,42861,42871,10
13.0181503296,80.2059326172,42871,42882,11
13.0179004669,80.2058563232,42882,42892,10
13.0175895691,80.2057495117,42892,42901,9
13.0172996521,80.2056427002,42901,42912,11
13.016960144,80.2054672241,42912,42922,10
13.016289711,80.205291748,42922,42931,9
13.0155696869,80.2050628662,42931,42941,10
13.0150403976,80.2049331665,42941,42952,11
13.0145196915,80.2047805786,42952,42982,30
13.0145196915,80.2047805786,42982,42993,11
13.0141401291,80.2045974731,42993,43023,30
13.0141401291,80.2045974731,43023,43033,10
13.0138101578,80.204460144,43033,43043,10
13.0135803223,80.2046127319,43043,43053,10
13.013420105,80.205116272,43053,43063,10
13.0132303238,80.2057800293,43063,43073,10
13.0130395889,80.2065811157,43073,43083,10
13.012960434,80.2073898315,43083,43093,10
13.0129003525,80.2079620361,43093,43103,10
13.0128602982,80.2084732056,43103,43114,11
13.0129003525,80.2089004517,43114,43124,10
13.0130701065,80.2095184326,43124,43134,10
13.0131597519,80.2101821899,43134,43144,10
13.0130195618,80.2109909058,43144,43154,10
13.0125904083,80.211769104,43154,43164,10
13.0121202469,80.2125015259,43164,43174,10
13.0118703842,80.2127990723,43174,43184,10
13.0115499496,80.2126464844,43184,43194,10
13.0110797882,80.2122879028,43194,43204,10
13.0104999542,80.2118606567,43204,43214,10
13.0095996857,80.2112121582,43214,43315,101
13.0095996857,80.2112121582,43315,43325,10
13.009180069,80.2113189697,43325,43335,10
13.0090398788,80.2116165161,43335,43346,11
13.0091495514,80.2119979858,43346,43356,10
13.0092601776,80.2124023438,43356,43366,10
13.0094404221,80.2128601074,43366,43376,10
13.0095901489,80.2132797241,43376,43386,10
13.009759903,80.2137374878,43386,43396,10
13.0099496841,80.2142028809,43396,43406,10
13.010140419,80.2147903442,43406,43416,10
13.0102396011,80.2155609131,43416,43426,10
13.0105400085,80.2163085938,43426,43436,10
13.0108604431,80.2170410156,43436,43446,10
13.0111999512,80.2177810669,43446,43457,11
13.0115203857,80.2186965942,43457,43467,10
13.0118303299,80.2196807861,43467,43477,10
13.0121603012,80.2206726074,43477,43493,16
13.0124797821,80.2216262817,43493,43505,12
13.0129804611,80.222328186,43505,43515,10
13.013420105,80.2228012085,43515,43525,10
13.0141000748,80.2235488892,43525,43535,10
13.0145998001,80.2241363525,43535,43545,10
13.015080452,80.2247390747,43545,43555,10
13.0154600143,80.2253417969,43555,43565,10
13.0154104233,80.2257385254,43565,43575,10
13.0152397156,80.2258911133,43575,43586,11
13.015080452,80.2259674072,43586,43595,9
13.014670372,80.2261199951,43595,43606,11
13.0139598846,80.2263870239,43606,43616,10
13.0131797791,80.2266769409,43616,43626,10
13.0122995377,80.2270278931,43626,43636,10
13.0113897324,80.2274169922,43636,43646,10
13.0103502274,80.2278137207,43646,43656,10
13.0095396042,80.2278518677,43656,43666,10
13.0096302032,80.2272720337,43666,43676,10
13.0099496841,80.2265777588,43676,43686,10
13.0102796555,80.225730896,43686,43696,10
13.010720253,80.224822998,43696,43706,10
13.0110397339,80.2240600586,43706,43717,11
13.0111703873,80.2235183716,43717,43727,10
13.0112400055,80.2232666016,43727,43737,10
13.010840416,80.2230377197,43737,43747,10
13.0102396011,80.2227172852,43747,43757,10
13.0095596313,80.2223434448,43757,43767,10
13.0087900162,80.2219161987,43767,43777,10
13.0079803467,80.2214813232,43777,43787,10
13.007109642,80.2210083008,43787,43796,9
13.0062103271,80.2206497192,43796,43808,12
13.0049295425,80.2203369141,43808,43818,10
13.0039701462,80.2201004028,43818,43827,9
13.0032396317,80.219909668,43827,43838,11
13.002289772,80.2193069458,43838,43848,10
13.0016002655,80.2185974121,43848,43858,10
13.0008001328,80.2180633545,43858,43868,10
13.0001602173,80.2176513672,43868,43878,10
12.9993896484,80.2172012329,43878,43888,10
12.9984798431,80.216758728,43888,43898,10
12.9975004196,80.2165527344,43898,43918,20
12.9975004196,80.2165527344,43918,43928,10
12.9971599579,80.2165527344,43928,43939,11
12.9964799881,80.2165985107,43939,43949,10
12.9956998825,80.2167816162,43949,43959,10
12.994890213,80.2171936035,43959,43969,10
12.9941797256,80.2177124023,43969,43979,10
12.9934597015,80.218208313,43979,43989,10
12.992650032,80.2187805176,43989,43999,10
12.9918899536,80.219329834,43999,44009,10
12.9913396835,80.219581604,44009,44019,10
12.9910497665,80.2194824219,44019,44029,10
12.9909801483,80.2194213867,44029,44039,10
12.9905500412,80.2192764282,44039,44049,10
12.9899196625,80.2190628052,44049,44060,11
12.9891004562,80.2187728882,44060,44070,10
12.988240242,80.2185211182,44070,44080,10
12.9874401093,80.2183380127,44080,44090,10
12.9868803024,80.21824646,44090,44100,10
12.9868497849,80.2182388306,44100,44110,10
12.9865102768,80.2181472778,44110,44120,10
12.9858598709,80.2179794312,44120,44130,10
12.9849300385,80.2179412842,44130,44140,10
12.9840898514,80.2179794312,44140,44150,10
12.9839696884,80.2179794312,44150,44160,10
12.9838399887,80.2179489136,44160,44170,10
12.9833698273,80.217956543,44170,44181,11
12.9826097488,80.2179718018,44181,44191,10
12.9819002151,80.2179794312,44191,44201,10
12.9810800552,80.2181625366,44201,44211,10
12.9802703857,80.2184524536,44211,44221,10
12.9796495438,80.2186965942,44221,44231,10
12.9789199829,80.2189865112,44231,44241,10
12.9783201218,80.2192230225,44241,44251,10
12.9776096344,80.2195205688,44251,44261,10
12.9767999649,80.2198867798,44261,44271,10
12.9764699936,80.2200393677,44271,44281,10
12.9764003754,80.2200775146,44281,44292,11
12.9761295319,80.2201690674,44292,44342,50
12.9757604599,80.2203063965,44342,44402,60
12.9757604599,80.2203063965,44402,44413,11
12.9755001068,80.2205505371,44413,44423,10
12.975689888,80.2209472656,44423,44433,10
12.9760303497,80.2213363647,44433,44443,10
12.9762401581,80.2216873169,44443,44463,20
12.9762401581,80.2216873169,44463,44473,10
12.9762601852,80.2218322754,44473,44483,10
12.9764299393,80.22215271,44483,44493,10
12.9767198563,80.2226028442,44493,44503,10
12.9770698547,80.2231063843,44503,44513,10
12.9774703979,80.2237319946,44513,44523,10
12.9778404236,80.224319458,44523,44533,10
12.978099823,80.2247085571,44533,44544,11
12.9784603119,80.2252807617,44544,44554,10
12.9788503647,80.2259216309,44554,44564,10
12.9792499542,80.2266082764,44564,44574,10
12.9796104431,80.2272033691,44574,44584,10
12.9799995422,80.2278366089,44584,44594,10
12.9803600311,80.2284317017,44594,44604,10
12.9805202484,80.2287063599,44604,44614,10
12.9806404114,80.2289428711,44614,44624,10
12.980799675,80.2291793823,44624,44634,10
12.9810199738,80.2295379639,44634,44644,10
12.9813604355,80.2300720215,44644,44655,11
12.9816598892,80.2305221558,44655,44665,10
12.981710434,80.2305908203,44665,44675,10
12.9818696976,80.2309494019,44675,44685,10
12.9820203781,80.2315292358,44685,44695,10
12.9820404053,80.2320175171,44695,44705,10
12.9820404053,80.2322692871,44705,44715,10
12.9819402695,80.2327194214,44715,44725,10
12.9816904068,80.2333374023,44725,44735,10
12.9815998077,80.2335586548,44735,44745,10
12.9815196991,80.2337036133,44745,44755,10
12.9812898636,80.2341537476,44755,44766,11
12.9811897278,80.2349395752,44766,44776,10
12.9812202454,80.2358169556,44776,44786,10
12.9812498093,80.2367630005,44786,44796,10
12.9812803268,80.2376174927,44796,44806,10
12.981300354,80.2384262085,44806,44816,10
12.9813098907,80.2387237549,44816,44826,10
12.9812898636,80.2387695313,44826,44836,10
12.9812898636,80.2391433716,44836,44846,10
12.9812898636,80.2397079468,44846,44856,10
12.9813098907,80.2404403687,44856,44866,10
12.9813299179,80.2412567139,44866,44877,11
12.9813404083,80.2421417236,44877,44887,10
12.9813203812,80.2428436279,44887,44907,20
12.9813203812,80.2428436279,44907,44917,10
12.9813299179,80.2431716919,44917,44927,10
12.981300354,80.2437515259,44927,44937,10
12.9812097549,80.2444992065,44937,44947,10
12.9811000824,80.2453918457,44947,44957,10
12.981010437,80.2462997437,44957,44966,9
12.980919838,80.2471008301,44966,44977,11
12.9808197021,80.2481231689,44977,44987,10
12.9807395935,80.2491378784,44987,44998,11
12.9805603027,80.25025177,44998,45008,10
12.9803104401,80.2511978149,45008,45018,10
12.9801301956,80.251953125,45018,45028,10
12.9800796509,80.2522201538,45028,45038,10
12.9800796509,80.252243042,45038,45048,10
12.9800901413,80.2523193359,45048,45058,10
12.9802999496,80.2526168823,45058,45078,20
12.9802999496,80.2526168823,45078,45088,10
12.9806098938,80.2526321411,45088,45098,10
12.981089592,80.2526168823,45098,45108,10
12.9818096161,80.2526016235,45108,45119,11
12.9826803207,80.2525634766,45119,45129,10
12.983590126,80.2524414063,45129,45139,10
12.9844799042,80.2521972656,45139,45149,10
12.9856395721,80.2518615723,45149,45189,40
12.9856395721,80.2518615723,45189,45199,10
12.9858798981,80.2518386841,45199,45209,10
12.986120224,80.2517623901,45209,45226,17
12.9868803024,80.2515716553,45226,45238,12
12.9874095917,80.251411438,45238,45248,10
12.9877796173,80.2513580322,45248,45257,9
12.9879798889,80.2516708374,45257,45268,11
12.9880199432,80.2518768311,45268,45278,10
12.9880599976,80.2522277832,45278,45288,10
12.9879999161,80.2528076172,45288,45297,9
12.9879198074,80.2535476685,45297,45306,9
12.9877996445,80.2545166016,45306,45360,54
12.9877996445,80.2545166016,45360,45370,10
12.9877300262,80.2548828125,45370,45380,10
12.9876203537,80.2552566528,45380,45390,10
12.9875602722,80.2557067871,45390,45400,10
12.9875097275,80.2562332153,45400,45410,10
12.9875001907,80.256690979,45410,45420,10
12.9874601364,80.2569122314,45420,45430,10
12.9874000549,80.2572479248,45430,45440,10
12.9873695374,80.2577896118,45440,45450,10
12.9873199463,80.2583618164,45450,45460,10
12.987279892,80.2587814331,45460,45471,11
12.9872598648,80.2588195801,45471,45481,10
12.9872102737,80.2589416504,45481,45491,10
12.9871397018,80.2595367432,45491,45511,20
12.9871397018,80.2595367432,45511,45521,10
12.9869699478,80.2596130371,45521,45579,58
12.9869699478,80.2596130371,45579,45589,10
12.9866600037,80.2594070435,45589,46840,1251
12.9865903854,80.2591171265,46840,47536,696
12.9865903854,80.2591171265,47536,47546,10
12.9869804382,80.2590408325,47546,47597,51
12.9869804382,80.2590408325,47597,47607,10
12.9873399734,80.2589416504,47607,47617,10
12.9873600006,80.2586135864,47617,47627,10
12.9873695374,80.2582168579,47627,47637,10
12.9873895645,80.2579116821,47637,47647,10
12.9874296188,80.2574234009,47647,47657,10
12.9874801636,80.2567596436,47657,47667,10
12.9875402451,80.2560424805,47667,47677,10
12.987660408,80.2554779053,47677,47687,10
12.9876899719,80.2548980713,47687,47697,10
12.9877004623,80.2548294067,47697,47707,10
12.987739563,80.2546615601,47707,47718,11
12.9877796173,80.254119873,47718,47728,10
12.9878396988,80.2534103394,47728,47738,10
12.9879102707,80.2525787354,47738,47748,10
12.987830162,80.2518386841,47748,47764,16
12.987739563,80.2516403198,47764,47776,12
12.9873600006,80.2516098022,47776,47784,8
12.9870004654,80.2516326904,47784,47796,12
12.986289978,80.2518081665,47796,47806,10
12.9855604172,80.251991272,47806,47816,10
12.9846696854,80.252243042,47816,47827,11
12.9835300446,80.252532959,47827,47837,10
12.9824695587,80.2526626587,47837,47847,10
12.9814300537,80.2527008057,47847,47857,10
12.9805202484,80.2527389526,47857,47867,10
12.9801101685,80.2527618408,47867,47877,10
12.9798698425,80.2522506714,47877,47908,31
12.9798698425,80.2522506714,47908,47916,8
12.9799098969,80.2520599365,47916,47928,12
12.9800596237,80.251663208,47928,47938,10
12.9802398682,80.2511062622,47938,47949,11
12.9804601669,80.250289917,47949,47959,10
12.9806499481,80.2494277954,47959,47967,8
12.9806995392,80.2486495972,47967,47979,12
12.9808101654,80.2474136353,47979,47989,10
12.9808998108,80.2463378906,47989,47999,10
12.9810199738,80.245262146,47999,48009,10
12.9811201096,80.2443084717,48009,48019,10
12.9812002182,80.2436676025,48019,48028,9
12.9813203812,80.2434082031,48028,48039,11
12.9813404083,80.2428817749,48039,48049,10
12.9813404083,80.2427520752,48049,48058,9
12.9813203812,80.242729187,48058,48069,11
12.9813098907,80.2423629761,48069,48080,11
12.9813098907,80.2417221069,48080,48090,10
12.9813098907,80.2409973145,48090,48100,10
12.981300354,80.2402191162,48100,48110,10
12.9812898636,80.2395629883,48110,48120,10
12.9812803268,80.239151001,48120,48130,10
12.9812602997,80.2385025024,48130,48140,10
12.9812402725,80.2379226685,48140,48150,10
12.9812402725,80.2378997803,48150,48160,10
12.9812402725,80.2378005981,48160,48171,11
12.9812202454,80.2373275757,48171,48180,9
12.9812097549,80.2367401123,48180,48191,11
12.981180191,80.2359008789,48191,48201,10
12.9811601639,80.2350769043,48201,48211,10
12.9812002182,80.2342300415,48211,48221,10
12.9816198349,80.2332611084,48221,48241,20
12.9816198349,80.2332611084,48241,48251,10
12.9817495346,80.2330093384,48251,48261,10
12.9819097519,80.2325973511,48261,48271,10
12.9819698334,80.2321090698,48271,48281,10
12.9819402695,80.2315368652,48281,48292,11
12.9817800522,80.2308883667,48292,48302,10
12.9814300537,80.2302627563,48302,48312,10
12.981010437,80.2295837402,48312,48322,10
12.9807500839,80.2291793823,48322,48332,10
12.9805698395,80.2289199829,48332,48362,30
12.9805698395,80.2289199829,48362,48372,10
12.9803304672,80.2285308838,48372,48382,10
12.9801597595,80.2281265259,48382,48392,10
12.9798603058,80.2276229858,48392,48402,10
12.9794597626,80.2269821167,48402,48413,11
12.978969574,80.2261734009,48413,48423,10
12.9785203934,80.2254333496,48423,48433,10
12.9781599045,80.2248306274,48433,48443,10
12.977930069,80.2245407104,48443,48453,10
12.9777297974,80.2242584229,48453,48463,10
12.9777202606,80.2242507935,48463,48473,10
12.9775800705,80.2239608765,48473,48483,10
12.9773302078,80.2235412598,48483,48493,10
12.9769897461,80.2229614258,48493,48503,10
12.9766397476,80.2223968506,48503,48513,10
12.976269722,80.2218093872,48513,48529,16
12.9760103226,80.2214126587,48529,48541,12
12.9756402969,80.2210388184,48541,48562,21
12.9756402969,80.2210388184,48562,48572,10
12.975399971,80.2207794189,48572,48580,8
12.9753599167,80.2205505371,48580,48594,14
12.9756698608,80.2202377319,48594,48604,10
12.9761199951,80.2200164795,48604,48614,10
12.9767198563,80.2197723389,48614,48624,10
12.977399826,80.2194976807,48624,48634,10
12.9781303406,80.2191772461,48634,48644,10
12.9786100388,80.2190475464,48644,48655,11
12.9791402817,80.2188415527,48655,48665,10
12.9796895981,80.2186126709,48665,48688,23
12.9809703827,80.218132019,48688,48700,12
12.9818496704,80.2178878784,48700,48710,10
12.982460022,80.2178573608,48710,48720,10
12.9831495285,80.2178497314,48720,48730,10
12.9837598801,80.2178497314,48730,48740,10
12.9837999344,80.2178497314,48740,48750,10
12.9839897156,80.2178878784,48750,48760,10
12.9843997955,80.2178726196,48760,48771,11
12.9850997925,80.2178497314,48771,48780,9
12.9857397079,80.217880249,48780,48791,11
12.986579895,80.2180786133,48791,48800,9
12.9873504639,80.2182235718,48800,48822,22
12.9873504639,80.2182235718,48822,48832,10
12.9874296188,80.2182388306,48832,48842,10
12.9878501892,80.2183380127,48842,48852,10
12.9884796143,80.2184829712,48852,48862,10
12.9891901016,80.218711853,48862,48872,10
12.9900398254,80.2190093994,48872,48882,10
12.9910097122,80.2192764282,48882,48893,11
12.9920101166,80.2191772461,48893,48903,10
12.9928398132,80.2185821533,48903,48913,10
12.9936599731,80.2179794312,48913,48923,10
12.9942798615,80.2175369263,48923,48933,10
12.9947004318,80.2172164917,48933,48943,10
12.995059967,80.2169799805,48943,48953,10
12.9955396652,80.2167282104,48953,48963,10
12.9961004257,80.2165908813,48963,48973,10
12.9965896606,80.2165222168,48973,48983,10
12.9970903397,80.2164611816,48983,48993,10
12.9974403381,80.216178894,48993,49003,10
12.997590065,80.2160491943,49003,49014,11
12.9976902008,80.2159576416,49014,49024,10
12.9979801178,80.215713501,49024,49034,10
12.9984302521,80.2153167725,49034,49044,10
12.9989995956,80.2148284912,49044,49054,10
12.9992399216,80.214630127,49054,49064,10
12.9996004105,80.2143096924,49064,49074,10
12.9999599457,80.2139892578,49074,49084,10
13.0003795624,80.2136077881,49084,49094,10
13.0008401871,80.2132034302,49094,49104,10
13.0012197495,80.2129211426,49104,49114,10
13.0017204285,80.2125320435,49114,49124,10
13.0022497177,80.2122268677,49124,49135,11
13.0029201508,80.2120819092,49135,49145,10
13.0035400391,80.212020874,49145,49155,10
13.0036096573,80.2119522095,49155,49165,10
13.0036802292,80.2116394043,49165,49175,10
13.0036697388,80.2110595703,49175,49185,10
13.0035800934,80.2103729248,49185,49195,10
13.0034999847,80.2096710205,49195,49205,10
13.0036296844,80.208946228,49205,49215,10
13.004240036,80.2087020874,49215,49225,10
13.0051002502,80.2090911865,49225,49235,10
13.0059995651,80.2094268799,49235,49245,10
13.0067596436,80.2096786499,49245,49256,11
13.0073404312,80.2098312378,49256,49276,20
13.0073404312,80.2098312378,49276,49286,10
13.0077600479,80.2099075317,49286,49296,10
13.0081501007,80.2099380493,49296,49306,10
13.0080604553,80.2093887329,49306,49316,10
13.0079498291,80.2086181641,49316,49326,10
13.0078001022,80.2077102661,49326,49336,10
13.0076503754,80.2067565918,49336,49346,10
13.007519722,80.2057418823,49346,49356,10
13.0075101852,80.2048416138,49356,49367,11
13.0074796677,80.2040786743,49367,49377,10
13.0073404312,80.2031936646,49377,49387,10
13.0068902969,80.2025299072,49387,49397,10
13.006529808,80.2030410767,49397,49407,10
13.0069799423,80.203453064,49407,49417,10
13.0076503754,80.2036819458,49417,49427,10
13.008480072,80.2036819458,49427,49437,10
13.0094299316,80.2036132813,49437,49447,10
13.0104904175,80.2035827637,49447,49457,10
13.0116500854,80.2036972046,49457,49467,10
13.0128002167,80.203918457,49467,49477,10
13.0137500763,80.2042007446,49477,49488,11
13.0145797729,80.2044372559,49488,49498,10
13.0150604248,80.2046279907,49498,49508,10
13.015080452,80.2046203613,49508,49518,10
13.0152797699,80.2047195435,49518,49528,10
13.0158395767,80.2049179077,49528,49538,10
13.0164699554,80.2051773071,49538,49548,10
13.0170402527,80.2052764893,49548,49558,10
13.0177202225,80.2055969238,49558,49568,10
13.0183601379,80.2058334351,49568,49578,10
13.0187597275,80.2059631348,49578,49588,10
13.0188102722,80.2059783936,49588,49599,11
13.019200325,80.2061233521,49599,49609,10
13.0197896957,80.206237793,49609,49619,10
13.0205097198,80.2062835693,49619,49629,10
13.0213499069,80.2062988281,49629,49639,10
13.0221300125,80.2063674927,49639,49649,10
13.0228996277,80.2065963745,49649,49659,10
13.0236997604,80.2066574097,49659,49669,10
13.0242795944,80.2067337036,49669,49679,10
13.0243701935,80.2067337036,49679,49689,10
13.0247602463,80.206817627,49689,49699,10
13.0254201889,80.206993103,49699,49709,10
13.0261602402,80.2073287964,49709,49720,11
13.0270500183,80.2078475952,49720,49730,10
13.0279197693,80.2083511353,49730,49740,10
13.0288095474,80.2086334229,49740,49750,10
13.0298204422,80.2089004517,49750,49770,20
13.0298204422,80.2089004517,49770,49780,10
13.0301704407,80.2089920044,49780,49790,10
13.0307598114,80.2091598511,49790,49800,10
13.0314502716,80.2093429565,49800,49810,10
13.0316200256,80.2093887329,49810,49820,10
13.0319004059,80.2095108032,49820,49836,16
13.032910347,80.2096862793,49836,49849,13
13.0339803696,80.2098922729,49849,49859,10
13.0345802307,80.2100219727,49859,49869,10
13.0350103378,80.2101974487,49869,49877,8
13.0349998474,80.2106628418,49877,49889,12
13.0350103378,80.2113113403,49889,49899,10
13.0349998474,80.2113571167,49899,49909,10
13.0349798203,80.2114334106,49909,49919,10
13.0349502563,80.2117919922,49919,49929,10
13.0349197388,80.2119598389,49929,49939,10
13.0351600647,80.2121734619,49939,49949,10
13.0356998444,80.2122421265,49949,49959,10
13.0362997055,80.2123031616,49959,49970,11
13.0368099213,80.2123184204,49970,49980,10
13.0369901657,80.2123031616,49980,49990,10
13.0371599197,80.2123031616,49990,50000,10
13.0371904373,80.2123031616,50000,50010,10
13.0374202728,80.2123184204,50010,50020,10
13.0379295349,80.2123031616,50020,50030,10
13.0386600494,80.2122802734,50030,50040,10
13.0395097733,80.212272644,50040,50050,10
13.0404396057,80.2123031616,50050,50060,10
13.0415401459,80.212310791,50060,50069,9
13.0425195694,80.2122802734,50069,50081,12
13.0438098907,80.2123031616,50081,50091,10
13.0447301865,80.2122879028,50091,50101,10
13.0454998016,80.2122573853,50101,50111,10
13.0463399887,80.2122421265,50111,50121,10
13.0472202301,80.2121887207,50121,50131,10
13.0480604172,80.2120895386,50131,50141,10
13.0485401154,80.2120513916,50141,50151,10
13.0486001968,80.212059021,50151,50161,10
13.0489597321,80.2120437622,50161,50171,10
13.0495595932,80.212020874,50171,50181,10
13.0502004623,80.212020874,50181,50192,11
13.0508899689,80.2122116089,50192,50202,10
13.051779747,80.2121276855,50202,50211,9
13.0526304245,80.2118988037,50211,50222,11
13.0535802841,80.2116622925,50222,50232,10
13.0542602539,80.211479187,50232,50252,20
13.0542602539,80.211479187,50252,50262,10
13.0543804169,80.2114334106,50262,50272,10
13.054599762,80.2114028931,50272,50282,10
13.0550899506,80.2114486694,50282,50292,10
13.0558996201,80.2114715576,50292,50302,10
13.0568199158,80.2114562988,50302,50313,11
13.0576095581,80.21144104,50313,50323,10
13.0576200485,80.2114334106,50323,50333,10
13.0579595566,80.21144104,50333,50343,10
13.0585403442,80.2114868164,50343,50353,10
13.0592403412,80.2115402222,50353,50363,10
13.0600204468,80.2115707397,50363,50373,10
13.060959816,80.2116088867,50373,50383,10
13.0618896484,80.2116165161,50383,50393,10
13.0628404617,80.2115707397,50393,50403,10
13.0631504059,80.2115402222,50403,50413,10
13.0633201599,80.2115631104,50413,50423,10
13.0638198853,80.2115402222,50423,50434,11
13.0645599365,80.2113723755,50434,50443,9
13.0651903152,80.2109985352,50443,50454,11
13.0659399033,80.2104110718,50454,50464,10
13.0666399002,80.2098007202,50464,50474,10
13.0671195984,80.2091674805,50474,50484,10
13.0673503876,80.208732605,50484,50494,10
13.0676603317,80.2082214355,50494,50504,10
13.067990303,80.2077026367,50504,50514,10
13.0685396194,80.2068634033,50514,50524,10
13.0690202713,80.2061386108,50524,50534,10
13.0694103241,80.2054977417,50534,50545,11
13.069609642,80.2048568726,50545,50555,10
13.0692796707,80.2050018311,50555,50565,10
13.068980217,80.2053833008,50565,50575,10
13.0687198639,80.2052612305,50575,50585,10
13.0685195923,80.2051696777,50585,51513,928
13.0681295395,80.205116272,51513,51603,90
13.0681295395,80.205116272,51603,51614,11
13.0682401657,80.2049179077,51614,51684,70
13.0682401657,80.2049179077,51684,51694,10
13.0684404373,80.2049331665,51694,51704,10
13.0686597824,80.2048416138,51704,51775,71
13.0686597824,80.2048416138,51775,51785,10
13.0690402985,80.2047271729,51785,51795,10
13.0692996979,80.204750061,51795,51805,10
13.0697402954,80.2048721313,51805,51825,20
13.0697402954,80.2048721313,51825,51835,10
13.0697898865,80.2049179077,51835,51846,11
13.0698604584,80.2050933838,51846,51856,10
13.0696201324,80.2054901123,51856,51866,10
13.0692396164,80.2060775757,51866,51876,10
13.0687904358,80.2068023682,51876,51886,10
13.06828022,80.2076263428,51886,51896,10
13.0677700043,80.2084274292,51896,51906,10
13.0673999786,80.2089385986,51906,51916,10
13.0669803619,80.2095794678,51916,51926,10
13.0663604736,80.2101821899,51926,51936,10
13.0656604767,80.2107772827,51936,51946,10
13.0650997162,80.2112579346,51946,51956,10
13.0650196075,80.2113189697,51956,51967,11
13.064740181,80.2115325928,51967,51977,10
13.064160347,80.2116928101,51977,51987,10
13.0637397766,80.2117385864,51987,51997,10
13.0632095337,80.2117462158,51997,52007,10
13.062620163,80.2117462158,52007,52017,10
13.0619802475,80.2117462158,52017,52027,10
13.0611896515,80.2117004395,52027,52037,10
13.0602998734,80.2116622925,52037,52047,10
13.0593500137,80.2116165161,52047,52057,10
13.0584802628,80.2116012573,52057,52067,10
13.05768013,80.2115783691,52067,52077,10
13.0575199127,80.2115936279,52077,52088,11
13.0571498871,80.2115936279,52088,52098,10
13.0565900803,80.2115783691,52098,52108,10
13.055850029,80.2115707397,52108,52118,10
13.0550498962,80.211517334,52118,52128,10
13.0544395447,80.2115402222,52128,52137,9
13.0539102554,80.2116622925,52137,52148,11
13.0531702042,80.2118225098,52148,52158,10
13.0525398254,80.212020874,52158,52168,10
13.0519504547,80.2121810913,52168,52178,10
13.051440239,80.2121734619,52178,52188,10
13.0508003235,80.2121124268,52188,52198,10
13.0502300262,80.2120895386,52198,52210,12
13.0497598648,80.2121429443,52210,52220,10
13.0495595932,80.2121429443,52220,52230,10
13.0494699478,80.2121276855,52230,52240,10
13.0490503311,80.2121124268,52240,52250,10
13.0484304428,80.2121505737,52250,52260,10
13.0476799011,80.2122192383,52260,52270,10
13.0469198227,80.2122573853,52270,52280,10
13.046090126,80.2123031616,52280,52290,10
13.0456600189,80.2123184204,52290,52300,10
13.0454397202,80.2123336792,52300,52310,10
13.045009613,80.212348938,52310,52321,11
13.0446195602,80.2124023438,52321,52331,10
13.0439996719,80.212387085,52331,52341,10
13.0432100296,80.2123794556,52341,52351,10
13.0424098969,80.2123718262,52351,52361,10
13.0417804718,80.2123718262,52361,52371,10
13.0410900116,80.2123565674,52371,52381,10
13.0400695801,80.2123565674,52381,52391,10
13.0390996933,80.2123794556,52391,52401,10
13.0378198624,80.2123794556,52401,52473,72
13.0378198624,80.2123794556,52473,52483,10
13.0376996994,80.2123718262,52483,52493,10
13.0372400284,80.212348938,52493,52503,10
13.0364904404,80.2123184204,52503,52513,10
13.0356702805,80.2123031616,52513,52523,10
13.0350399017,80.2122497559,52523,52533,10
13.0346603394,80.2121734619,52533,52543,10
13.034330368,80.2121200562,52543,52554,11
13.034330368,80.2121276855,52554,52564,10
13.0341596603,80.212097168,52564,52574,10
13.0339202881,80.2120513916,52574,52584,10
13.0334596634,80.2119522095,52584,52594,10
13.0327796936,80.211807251,52594,52604,10
13.0320596695,80.2116775513,52604,52620,16
13.0320396423,80.2105636597,52620,52632,12
13.0320997238,80.2097625732,52632,52640,8
13.0317497253,80.2096099854,52640,52652,12
13.0309400558,80.2093734741,52652,52662,10
13.0305099487,80.2092590332,52662,52672,10
13.0301198959,80.2091217041,52672,52683,11
13.0296602249,80.2089767456,52683,52693,10
13.0296401978,80.2089691162,52693,52702,9
13.0295495987,80.208946228,52702,52712,10
13.0291099548,80.2088088989,52712,52723,11
13.0283203125,80.2085876465,52723,52733,10
13.0275697708,80.2082824707,52733,52743,10
13.0268001556,80.2078170776,52743,52753,10
13.0259399414,80.2073135376,52753,52763,10
13.024939537,80.2070617676,52763,52773,10
13.0240402222,80.2068481445,52773,52783,10
13.0231304169,80.2066421509,52783,52794,11
13.0219898224,80.2064666748,52794,52804,10
13.0209798813,80.206451416,52804,52814,10
13.0198802948,80.2064437866,52814,52824,10
13.0190601349,80.2063293457,52824,52834,10
13.0190000534,80.2063064575,52834,52844,10
13.0187101364,80.2061920166,52844,52854,10
13.0181798935,80.2060089111,52854,52864,10
13.0175504684,80.2057876587,52864,52874,10
13.016960144,80.2055587769,52874,52884,10
13.0162200928,80.2052612305,52884,52894,10
13.0154600143,80.2050170898,52894,52904,10
13.0144796371,80.2046890259,52904,52915,11
13.0142402649,80.2045974731,52915,52925,10
13.0141096115,80.2045822144,52925,52935,10
13.0137395859,80.2044296265,52935,52945,10
13.0135602951,80.2045898438,52945,52955,10
13.0133895874,80.2050933838,52955,52965,10
13.0131902695,80.2057723999,52965,52975,10
13.0130395889,80.2065963745,52975,52985,10
13.0129699707,80.2072906494,52985,52995,10
13.0129203796,80.2076873779,52995,53005,10
13.0128602982,80.2080078125,53005,53015,10
13.0128602982,80.2083969116,53015,53025,10
13.0129098892,80.2087020874,53025,53036,11
13.0130195618,80.2092437744,53036,53046,10
13.0131702423,80.2097396851,53046,53055,9
13.0131196976,80.2102813721,53055,53066,11
13.0130596161,80.2106781006,53066,53076,10
13.0129003525,80.2110671997,53076,53086,10
13.0125904083,80.2116470337,53086,53096,10
13.012169838,80.2123184204,53096,53106,10
13.011879921,80.2127380371,53106,53116,10
13.0116195679,80.2126617432,53116,53126,10
13.0111904144,80.2123413086,53126,53136,10
13.0106496811,80.2119369507,53136,53147,11
13.010020256,80.21144104,53147,53157,10
13.0096302032,80.211151123,53157,53247,90
13.0096302032,80.211151123,53247,53257,10
13.0091400146,80.2112808228,53257,53268,11
13.0090398788,80.2116622925,53268,53278,10
13.0092096329,80.2121963501,53278,53288,10
13.0094299316,80.2128601074,53288,53304,16
13.0098199844,80.2138519287,53304,53316,12
13.0101099014,80.214630127,53316,53326,10
13.0101900101,80.2152404785,53326,53335,9
13.0104398727,80.2161026001,53335,53345,10
13.0108003616,80.2169113159,53345,53356,11
13.0111999512,80.2178268433,53356,53368,12
13.0116300583,80.2190475464,53368,53379,11
13.0120201111,80.2202377319,53379,53390,11
13.0123195648,80.2213134766,53390,53400,10
13.012720108,80.2220535278,53400,53410,10
13.0132598877,80.2225570679,53410,53420,10
13.0139503479,80.2233200073,53420,53430,10
13.0144395828,80.2238998413,53430,53439,9
13.0149202347,80.2245407104,53439,53450,11
13.0153999329,80.2252502441,53450,53460,10
13.0151195526,80.2258300781,53460,53470,10
13.0144395828,80.2260971069,53470,53480,10
13.0137195587,80.2264099121,53480,53490,10
13.0129003525,80.2267532349,53490,53500,10
13.012169838,80.2270584106,53500,53511,11
13.0113801956,80.2273406982,53511,53521,10
13.0105495453,80.2276611328,53521,53531,10
13.0096797943,80.2278823853,53531,53541,10
13.00963974,80.2272720337,53541,53551,10
13.0099802017,80.2265396118,53551,53561,10
13.0103902817,80.2257080078,53561,53571,10
13.0107498169,80.2248916626,53571,53581,10
13.0110397339,80.2241973877,53581,53591,10
13.0112600327,80.2235031128,53591,53601,10
13.0110797882,80.2230834961,53601,53611,10
13.010430336,80.2227630615,53611,53622,11
13.0096702576,80.2223205566,53622,53632,10
13.0090303421,80.2220001221,53632,53642,10
13.008480072,80.2216720581,53642,53652,10
13.0078001022,80.221321106,53652,53662,10
13.0070104599,80.2208862305,53662,53672,10
13.0061397552,80.2205581665,53672,53682,10
13.0052099228,80.2203598022,53682,53692,10
13.0044603348,80.2201690674,53692,53702,10
13.0034198761,80.2199478149,53702,53712,10
13.0025196075,80.2195587158,53712,53721,9
13.0018596649,80.2188720703,53721,53731,10
13.0010795593,80.21824646,53731,53743,12
13.0000801086,80.2176208496,53743,53753,10
12.9991197586,80.2170715332,53753,53763,10
12.9981002808,80.2166290283,53763,53773,10
12.9975004196,80.2165527344,53773,53783,10
12.9974803925,80.2165527344,53783,53793,10
12.997209549,80.2165374756,53793,53803,10
12.9968500137,80.2165603638,53803,53813,10
12.9963302612,80.2166366577,53813,53823,10
12.99559021,80.2168197632,53823,53833,10
12.9948997498,80.2171783447,53833,53843,10
12.9943399429,80.2175827026,53843,53853,10
12.9938697815,80.2179412842,53853,53864,11
12.993229866,80.2183837891,53864,53874,10
12.9925804138,80.2188568115,53874,53884,10
12.9918498993,80.2193984985,53884,53894,10
12.9912595749,80.2195663452,53894,53904,10
12.9909496307,80.2194366455,53904,53914,10
12.9908704758,80.2193984985,53914,53924,10
12.9904499054,80.2192306519,53924,53934,10
12.9898195267,80.2190170288,53934,53944,10
12.9890499115,80.2187194824,53944,53954,10
12.9880895615,80.2184371948,53954,53964,10
12.9872303009,80.2183074951,53964,53974,10
12.9866695404,80.2181625366,53974,53985,11
12.9858398438,80.217956543,53985,53995,10
12.9848003387,80.217918396,53995,54005,10
12.984000206,80.217956543,54005,54015,10
12.9839000702,80.2179794312,54015,54025,10
12.9835395813,80.2179718018,54025,54035,10
12.9829101563,80.2179718018,54035,54045,10
12.9821500778,80.2179718018,54045,54055,10
12.9812402725,80.2181015015,54055,54065,10
12.9802398682,80.2184371948,54065,54075,10
12.9793701172,80.2187805176,54075,54085,10
12.9786996841,80.2190322876,54085,54096,11
12.9780302048,80.2192764282,54096,54106,10
12.9772500992,80.219581604,54106,54116,10
12.9763298035,80.2199783325,54116,54126,10
12.975569725,80.2204284668,54126,54176,50
12.975569725,80.2204284668,54176,54186,10
12.9755001068,80.2204437256,54186,54196,10
12.9755096436,80.2207794189,54196,54206,10
12.9759397507,80.2212219238,54206,54217,11
12.9762401581,80.2216415405,54217,54227,10
12.9762401581,80.2216491699,54227,54237,10
12.9763202667,80.2218017578,54237,54247,10
12.9765195847,80.2221908569,54247,54257,10
12.9768800735,80.2227401733,54257,54267,10
12.9772996902,80.2233963013,54267,54277,10
12.9777898788,80.2241821289,54277,54287,10
12.9782600403,80.2249679565,54287,54297,10
12.978509903,80.2253112793,54297,54307,10
12.9785804749,80.2254104614,54307,54317,10
12.9787998199,80.2258224487,54317,54327,10
12.9791603088,80.2264099121,54327,54338,11
12.9795799255,80.2271118164,54338,54348,10
12.9799900055,80.2277832031,54348,54358,10
12.980389595,80.2285079956,54358,54368,10
12.9807701111,80.2291183472,54368,54378,10
12.9811201096,80.2296981812,54378,54388,10
12.9815196991,80.2303009033,54388,54398,10
12.9816102982,80.2304229736,54398,54408,10
12.9816303253,80.23046875,54408,54418,10
12.9817800522,80.2308273315,54418,54428,10
12.9819402695,80.2313995361,54428,54438,10
12.9819602966,80.2321014404,54438,54449,11
12.9818000793,80.2329788208,54449,54459,10
12.9815597534,80.2335205078,54459,54479,20
12.9815597534,80.2335205078,54479,54489,10
12.9815196991,80.2335968018,54489,54499,10
12.9812602997,80.2341537476,54499,54509,10
12.981180191,80.234916687,54509,54519,10
12.9811897278,80.2358779907,54519,54529,10
12.9812202454,80.2369232178,54529,54539,10
12.9812498093,80.2379608154,54539,54549,10
12.9812898636,80.238609314,54549,54559,10
12.9812898636,80.2386398315,54559,54570,11
12.9812803268,80.2390289307,54570,54580,10
12.981300354,80.2396469116,54580,54590,10
12.9813098907,80.2404174805,54590,54600,10
12.9813299179,80.241317749,54600,54610,10
12.9813404083,80.2421112061,54610,54620,10
12.9813604355,80.2425613403,54620,54630,10
12.9813499451,80.2426681519,54630,54640,10
12.9813404083,80.242767334,54640,54650,10
12.9813299179,80.2432098389,54650,54660,10
12.981300354,80.2437820435,54660,54670,10
12.9812202454,80.244468689,54670,54680,10
12.9811201096,80.245300293,54680,54691,11
12.9809999466,80.2463684082,54691,54701,10
12.9808998108,80.2473983765,54701,54711,10
12.9808197021,80.2484817505,54711,54721,10
12.9807195663,80.2495574951,54721,54731,10
12.9805002213,80.2506027222,54731,54741,10
12.980219841,80.2516479492,54741,54750,9
12.980099678,80.2522125244,54750,54761,11
12.980099678,80.252281189,54761,54771,10
12.9801197052,80.252456665,54771,54781,10
12.9804496765,80.2526397705,54781,54791,10
12.981089592,80.2526321411,54791,54802,11
12.9819898605,80.2526092529,54802,54812,10
12.9829702377,80.2525405884,54812,54822,10
12.9840097427,80.2523269653,54822,54832,10
12.9850997925,80.2520370483,54832,54842,10
12.9860801697,80.2517700195,54842,54852,10
12.9870500565,80.2514801025,54852,54892,40
12.9870500565,80.2514801025,54892,54902,10
12.9870901108,80.2514572144,54902,54912,10
12.9872999191,80.2514038086,54912,54923,11
12.987739563,80.2513198853,54923,54933,10
12.9879302979,80.251663208,54933,54943,10
12.9880199432,80.2521514893,54943,54953,10
12.987950325,80.2529678345,54953,54963,10
12.9878702164,80.2538604736,54963,54973,10
12.9877901077,80.2547531128,54973,54983,10
12.9877796173,80.2550201416,54983,54993,10
12.9877195358,80.2552032471,54993,55003,10
12.9876499176,80.2556381226,55003,55013,10
12.9875802994,80.256111145,55013,55023,10
12.9875297546,80.2567977905,55023,55033,10
12.9874601364,80.2575302124,55033,55044,11
12.9874000549,80.258392334,55044,55054,10
12.9873104095,80.2590637207,55054,55064,10
12.987159729,80.2595596313,55064,55124,60
12.987159729,80.2595596313,55124,55134,10
12.9866399765,80.2595367432,55134,55144,10
12.9866695404,80.2590408325,55144,56103,959
12.9866695404,80.2590408325,56103,56113,10
12.9869699478,80.2591171265,56113,56173,60
12.9869699478,80.2591171265,56173,56183,10
12.9873304367,80.2590637207,56183,56193,10
12.9873800278,80.2588424683,56193,56214,21
12.9873800278,80.2588424683,56214,56224,10
12.9873800278,80.2586135864,56224,56234,10
12.9874401093,80.2581863403,56234,56244,10
12.9874897003,80.2576980591,56244,56254,10
12.9875402451,80.2570266724,56254,56264,10
12.9876098633,80.2562332153,56264,56274,10
12.9877099991,80.2555465698,56274,56284,10
12.9877500534,80.2549667358,56284,56294,10
12.9877700806,80.2548828125,56294,56304,10
12.9878101349,80.2544708252,56304,56314,10
12.9878702164,80.2538375854,56314,56324,10
12.9879198074,80.2530670166,56324,56335,11
12.9878396988,80.2518692017,56335,56375,40
12.9878396988,80.2518692017,56375,56385,10
12.9876203537,80.2516098022,56385,56395,10
12.9872903824,80.251663208,56395,56405,10
12.9871397018,80.251663208,56405,56415,10
12.986700058,80.2517700195,56415,56425,10
12.9863700867,80.2518386841,56425,56435,10
12.986000061,80.2519073486,56435,56446,11
12.9854803085,80.2520599365,56446,56456,10
12.9847698212,80.2522583008,56456,56466,10
12.9839401245,80.2524795532,56466,56476,10
12.9829797745,80.2526626587,56476,56486,10
12.9819402695,80.2527084351,56486,56496,10
12.9808797836,80.2527313232,56496,56505,9
12.9803495407,80.2527389526,56505,56516,11
12.9801301956,80.2527618408,56516,56525,9
12.9799098969,80.2527236938,56525,56536,11
12.9798698425,80.2523803711,56536,56556,20
12.9798698425,80.2523803711,56556,56567,11
12.9799203873,80.2521972656,56567,56577,10
12.9799499512,80.2520599365,56577,56587,10
12.9800596237,80.2517623901,56587,56597,10
12.9802398682,80.2512435913,56597,56607,10
12.9804496765,80.2505187988,56607,56617,10
12.9806404114,80.2496566772,56617,56627,10
12.9807395935,80.2487030029,56627,56637,10
12.980799675,80.2478637695,56637,56647,10
12.9808597565,80.2470092773,56647,56657,10
12.9809598923,80.2460174561,56657,56667,10
12.9810400009,80.2451477051,56667,56677,10
12.9811000824,80.244758606,56677,56698,21
12.9811000824,80.244758606,56698,56714,16
12.9811096191,80.244682312,56714,56726,12
12.9811296463,80.2444076538,56726,56766,40
12.9811296463,80.2444076538,56766,56776,10
12.9811601639,80.2438964844,56776,56795,19
12.9811601639,80.2438964844,56795,56807,12
12.9812402725,80.2436828613,56807,56817,10
12.9813203812,80.2434387207,56817,56827,10
12.9813404083,80.2429733276,56827,56837,10
12.9813499451,80.2428436279,56837,56847,10
12.9813404083,80.2427825928,56847,56857,10
12.9813404083,80.2426605225,56857,56867,10
12.9813404083,80.2423019409,56867,56877,10
12.9813404083,80.2416915894,56877,56887,10
12.9813404083,80.2409210205,56887,56897,10
12.9813098907,80.2400588989,56897,56907,10
12.9812898636,80.2392730713,56907,56918,11
12.9812402725,80.2379302979,56918,56938,20
12.9812402725,80.2379302979,56938,56948,10
12.9812202454,80.2376708984,56948,56958,10
12.9812097549,80.237159729,56958,56968,10
12.9811897278,80.2364196777,56968,56978,10
12.9811697006,80.2355728149,56978,56988,10
12.9811496735,80.2346420288,56988,56998,10
12.9814100266,80.2337036133,56998,57008,10
12.9816102982,80.2332687378,57008,57018,10
12.9816799164,80.2331466675,57018,57028,10
12.9818496704,80.2327728271,57028,57039,11
12.9819602966,80.2322006226,57039,57049,10
12.9819297791,80.2316131592,57049,57059,10
12.9818696976,80.2311935425,57059,57069,10
12.9816198349,80.2305908203,57069,57079,10
12.9812097549,80.229927063,57079,57089,10
12.9809103012,80.2294311523,57089,57099,10
12.9806995392,80.2291107178,57099,57109,10
12.980629921,80.2289810181,57109,57119,10
12.9805803299,80.2288894653,57119,57129,10
12.980340004,80.2285003662,57129,57139,10
12.980099678,80.2279891968,57139,57150,11
12.9796600342,80.2272796631,57150,57160,10
12.9792699814,80.2266387939,57160,57170,10
12.978969574,80.2261428833,57170,57180,10
12.9786195755,80.2255477905,57180,57190,10
12.9783000946,80.2250289917,57190,57200,10
12.978099823,80.2247009277,57200,57210,10
12.9778404236,80.2243804932,57210,57220,10
12.9775600433,80.2239227295,57220,57230,10
12.9773101807,80.2235107422,57230,57240,10
12.9772396088,80.2233810425,57240,57250,10
12.9771404266,80.2232208252,57250,57260,10
12.9770202637,80.2229995728,57260,57271,11
12.9768104553,80.2226409912,57271,57281,10
12.9764795303,80.2221298218,57281,57291,10
12.9761400223,80.2216415405,57291,57301,10
12.9757699966,80.2212219238,57301,57321,20
12.9757699966,80.2212219238,57321,57331,10
12.9756498337,80.2211074829,57331,57341,10
12.9756402969,80.2211074829,57341,57351,10
12.9754695892,80.2209320068,57351,57381,30
12.9754695892,80.2209320068,57381,57392,11
12.9752998352,80.2205963135,57392,57412,20
12.9752998352,80.2205963135,57412,57422,10
12.9755897522,80.2203521729,57422,57432,10
12.9760303497,80.2201309204,57432,57442,10
12.9766397476,80.2198486328,57442,57452,10
12.9772195816,80.219619751,57452,57462,10
12.9781398773,80.2192382813,57462,57472,10
12.9786500931,80.2190322876,57472,57482,10
12.9792604446,80.2187805176,57482,57492,10
12.9799699783,80.21849823,57492,57503,11
12.9808101654,80.2182006836,57503,57512,9
12.9815502167,80.2179718018,57512,57523,11
12.9822702408,80.2179031372,57523,57533,10
12.9829397202,80.2178878784,57533,57543,10
12.9836397171,80.2178573608,57543,57553,10
12.9837503433,80.2178573608,57553,57563,10
12.9840097427,80.217880249,57563,57573,10
12.9844398499,80.2178573608,57573,57583,10
12.9851102829,80.2178421021,57583,57593,10
12.9859104156,80.2179336548,57593,57603,10
12.986749649,80.2181396484,57603,57613,10
12.9873399734,80.218208313,57613,57624,11
12.9874601364,80.2182388306,57624,57634,10
12.9876499176,80.2182998657,57634,57644,10
12.988120079,80.2183990479,57644,57654,10
12.9887895584,80.2185821533,57654,57664,10
12.9895801544,80.2188415527,57664,57674,10
12.9905099869,80.2191467285,57674,57684,10
12.9914503098,80.2194137573,57684,57694,10
12.9920301437,80.2192001343,57694,57704,10
12.9925603867,80.2188262939,57704,57714,10
12.993519783,80.2181167603,57714,57724,10
12.994310379,80.2175292969,57724,57734,10
12.9949302673,80.2170715332,57734,57745,11
12.9953804016,80.2168426514,57745,57755,10
12.9959697723,80.2166366577,57755,57765,10
12.9966096878,80.2165603638,57765,57775,10
12.9972600937,80.2163314819,57775,57785,10
12.9974899292,80.2161026001,57785,57795,10
12.9975004196,80.2160873413,57795,57805,10
12.9976902008,80.2159881592,57805,57815,10
12.9981603622,80.2155380249,57815,57825,10
12.9987096786,80.215057373,57825,57835,10
12.999130249,80.2147064209,57835,57845,10
12.999420166,80.2144622803,57845,57856,11
12.9999103546,80.2140426636,57856,57866,10
13.00041008,80.2135696411,57866,57876,10
13.0010004044,80.2130889893,57876,57886,10
13.0015897751,80.212638855,57886,57896,10
13.0019702911,80.2124023438,57896,57906,10
13.0024003983,80.2121810913,57906,57916,10
13.0030097961,80.2120895386,57916,57926,10
13.003490448,80.212020874,57926,57936,10
13.0036001205,80.2119369507,57936,57946,10
13.0036697388,80.2117767334,57946,57956,10
13.0036802292,80.2113571167,57956,57966,10
13.0036201477,80.2107620239,57966,57977,11
13.0035295486,80.2099990845,57977,57987,10
13.003569603,80.2092666626,57987,57997,10
13.0038795471,80.2086410522,57997,58007,10
13.0046195984,80.2089080811,58007,58017,10
13.0054597855,80.2092666626,58017,58027,10
13.0061998367,80.2095413208,58027,58047,20
13.0066404343,80.2097015381,58047,58059,12
13.0072202682,80.2098083496,58059,58069,10
13.0072803497,80.2098388672,58069,58079,10
13.0073795319,80.2098617554,58079,58089,10
13.007519722,80.2098617554,58089,58100,11
13.0077400208,80.2098922729,58100,58110,10
13.0081501007,80.2098693848,58110,58119,9
13.0080404282,80.2093429565,58119,58130,11
13.0079097748,80.2085037231,58130,58140,10
13.0078201294,80.2077484131,58140,58148,8
13.0077199936,80.2071380615,58148,58160,12
13.0075502396,80.2060394287,58160,58170,10
13.007519722,80.2052383423,58170,58179,9
13.007519722,80.2044830322,58179,58190,11
13.0074396133,80.2037277222,58190,58200,10
13.0072898865,80.202911377,58200,58210,10
13.0066795349,80.2026367188,58210,58221,11
13.0066699982,80.2032623291,58221,58231,10
13.0072698593,80.2035903931,58231,58241,10
13.0080404282,80.2037124634,58241,58251,10
13.0089998245,80.2036590576,58251,58261,10
13.0100803375,80.2035903931,58261,58271,10
13.0112600327,80.2036590576,58271,58281,10
13.0123996735,80.2038421631,58281,58291,10
13.0133399963,80.2040863037,58291,58301,10
13.0142097473,80.2043991089,58301,58311,10
13.0149097443,80.2046203613,58311,58321,10
13.014960289,80.2046203613,58321,58332,11
13.0152301788,80.2046966553,58332,58342,10
13.0158100128,80.2049026489,58342,58352,10
13.0163803101,80.2052383423,58352,58362,10
13.0169401169,80.2052688599,58362,58372,10
13.0176401138,80.2055435181,58372,58382,10
13.0183897018,80.2058181763,58382,58392,10
13.0187101364,80.2059173584,58392,58402,10
13.0188302994,80.2059936523,58402,58412,10
13.0191802979,80.2061233521,58412,58422,10
13.0198602676,80.2062835693,58422,58432,10
13.0207004547,80.2063293457,58432,58442,10
13.0215997696,80.2063293457,58442,58453,11
13.0225801468,80.2063980103,58453,58463,10
13.0234899521,80.2065505981,58463,58473,10
13.0242300034,80.2066726685,58473,58482,9
13.0243196487,80.2066802979,58482,58493,11
13.0246601105,80.2068023682,58493,58503,10
13.0253400803,80.2070083618,58503,58513,10
13.0261602402,80.2073974609,58513,58523,10
13.0270004272,80.2078781128,58523,58533,10
13.0278701782,80.2083816528,58533,58543,10
13.0287704468,80.208656311,58543,58553,10
13.0295095444,80.2088394165,58553,58564,11
13.0301904678,80.2089996338,58564,58574,10
13.0308103561,80.2091903687,58574,58584,10
13.0315704346,80.2093887329,58584,58604,20
13.0315704346,80.2093887329,58604,58614,10
13.0317001343,80.2094192505,58614,58624,10
13.0320796967,80.209487915,58624,58634,10
13.0327596664,80.2096405029,58634,58644,10
13.0334997177,80.2098388672,58644,58654,10
13.0342102051,80.2099609375,58654,58664,10
13.0349302292,80.2101364136,58664,58674,10
13.0350399017,80.2106628418,58674,58685,11
13.0350399017,80.2113494873,58685,58705,20
13.0350399017,80.2113494873,58705,58715,10
13.0349597931,80.2116012573,58715,58725,10
13.0349502563,80.2118377686,58725,58735,10
13.0349197388,80.2120819092,58735,58745,10
13.0352201462,80.2122192383,58745,58755,10
13.0357999802,80.2122268677,58755,58765,10
13.0364398956,80.212272644,58765,58775,10
13.0369195938,80.2123031616,58775,58785,10
13.0374002457,80.2123184204,58785,58795,10
13.0381002426,80.2123184204,58795,58806,11
13.0390501022,80.212310791,58806,58816,10
13.0400295258,80.2123184204,58816,58826,10
13.0411195755,80.2122802734,58826,58836,10
13.0421695709,80.2122879028,58836,58846,10
13.0436601639,80.2122573853,58846,58906,60
13.0436601639,80.2122573853,58906,58916,10
13.0437803268,80.2122116089,58916,58927,11
13.0441598892,80.2122268677,58927,58937,10
13.0444602966,80.2122421265,58937,58947,10
13.0449104309,80.2122421265,58947,58957,10
13.045539856,80.212272644,58957,58967,10
13.0461902618,80.2122268677,58967,58977,10
13.046790123,80.2121963501,58977,58987,10
13.0474395752,80.2121429443,58987,58997,10
13.04804039,80.2120666504,58997,59007,10
13.048119545,80.2120666504,59007,59016,9
13.0481796265,80.2120895386,59016,59027,11
13.048500061,80.2120666504,59027,59038,11
13.0490398407,80.2119903564,59038,59048,10
13.0495195389,80.2119598389,59048,59058,10
13.0497303009,80.2119369507,59058,59068,10
13.0499801636,80.2119598389,59068,59078,10
13.0503196716,80.2120132446,59078,59088,10
13.0506801605,80.2120513916,59088,59098,10
13.0513401031,80.2120666504,59098,59108,10
13.0520601273,80.2119903564,59108,59118,10
13.0527601242,80.2118301392,59118,59128,10
13.0538797379,80.211517334,59128,59148,20
13.0538797379,80.211517334,59148,59159,11
13.0544500351,80.2114028931,59159,59179,20
13.0544500351,80.2114028931,59179,59189,10
13.0544996262,80.2113494873,59189,59199,10
13.0548496246,80.2114028931,59199,59209,10
13.0554800034,80.2114334106,59209,59219,10
13.0563201904,80.21144104,59219,59229,10
13.0571298599,80.2114334106,59229,59239,10
13.0575504303,80.21144104,59239,59249,10
13.0575799942,80.2114028931,59249,59259,10
13.0579996109,80.21144104,59259,59269,10
13.0586299896,80.211479187,59269,59280,11
13.0592603683,80.2115097046,59280,59290,10
13.0599403381,80.2115707397,59290,59300,10
13.0607595444,80.2115936279,59300,59310,10
13.0614204407,80.2116012573,59310,59320,10
13.061920166,80.2115783691,59320,59330,10
13.0625696182,80.2116394043,59330,59340,10
13.0631198883,80.2115325928,59340,59361,21
13.0631198883,80.2115325928,59361,59371,10
13.0633096695,80.2115097046,59371,59381,10
13.0636701584,80.2115097046,59381,59392,11
13.0642900467,80.2114028931,59392,59402,10
13.0649404526,80.2110977173,59402,59412,10
13.0656003952,80.2106018066,59412,59422,10
13.0662202835,80.2100372314,59422,59431,9
13.0668497086,80.2095108032,59431,59442,11
13.0672101974,80.2089385986,59442,59452,10
13.0675802231,80.2083206177,59452,59462,10
13.0679998398,80.2076568604,59462,59471,9
13.068400383,80.207069397,59471,59481,10
13.0687999725,80.2064437866,59481,59492,11
13.0692195892,80.2057876587,59492,59502,10
13.0695104599,80.2052993774,59502,59513,11
13.0696697235,80.2049179077,59513,59523,10
13.0693101883,80.2048416138,59523,59533,10
13.0690202713,80.2052383423,59533,59553,20
13.0690202713,80.2052383423,59553,59563,10
13.0689496994,80.2053375244,59563,59573,10
13.0686998367,80.2052688599,59573,59583,10
13.068479538,80.2051925659,59583,60178,595
13.068479538,80.2051925659,60178,60188,10
13.0680198669,80.205116272,60188,60390,202
13.0680198669,80.205116272,60390,60400,10
13.0683298111,80.2049865723,60400,60410,10
13.068479538,80.2049179077,60410,60420,10
13.0687599182,80.2048416138,60420,60430,10
13.0689601898,80.2047805786,60430,60440,10
13.0689697266,80.2047805786,60440,60451,11
13.0692195892,80.204750061,60451,60461,10
13.069560051,80.2048110962,60461,60481,20
13.069560051,80.2048110962,60481,60491,10
13.0698604584,80.2050094604,60491,60501,10
13.0697002411,80.2054595947,60501,60511,10
13.0693502426,80.2060394287,60511,60521,10
13.0689601898,80.2066421509,60521,60531,10
13.0684404373,80.2074584961,60531,60541,10
13.0679597855,80.2082366943,60541,60551,10
13.0676202774,80.2088317871,60551,60562,11
13.067199707,80.2095413208,60562,60572,10
13.0666399002,80.2101898193,60572,60582,10
13.0659103394,80.2108001709,60582,60592,10
13.0650997162,80.2114181519,60592,60612,20
13.0650997162,80.2114181519,60612,60622,10
13.0649595261,80.2114715576,60622,60632,10
13.0645399094,80.2116394043,60632,60642,10
13.0638799667,80.2117996216,60642,60662,20
13.0638799667,80.2117996216,60662,60672,10
13.0638198853,80.211769104,60672,60683,11
13.0634498596,80.2117614746,60683,60693,10
13.0628299713,80.211807251,60693,60703,10
13.0621004105,80.2118606567,60703,60713,10
13.0612201691,80.2117767334,60713,60723,10
13.0602397919,80.2117614746,60723,60733,10
13.0592002869,80.2117385864,60733,60743,10
13.0582895279,80.2117233276,60743,60753,10
13.0576295853,80.2117004395,60753,60763,10
13.0575304031,80.2116928101,60763,60773,10
13.0572795868,80.2116775513,60773,60783,10
13.0567703247,80.2116622925,60783,60793,10
13.0560798645,80.2116470337,60793,60803,10
13.055270195,80.2116622925,60803,60814,11
13.0543498993,80.2116775513,60814,60824,10
13.0536603928,80.2118377686,60824,60834,10
13.0529499054,80.2120132446,60834,60844,10
13.0522499084,80.2121963501,60844,60854,10
13.0516004562,80.2123336792,60854,60864,10
13.0511302948,80.2122802734,60864,60874,10
13.0507802963,80.2121963501,60874,60884,10
13.0501403809,80.2122192383,60884,60894,10
13.0498600006,80.2122116089,60894,60904,10
13.0494804382,80.2122573853,60904,60925,21
13.0494804382,80.2122573853,60925,60941,16
13.0492095947,80.2122802734,60941,60953,12
13.0486602783,80.2122879028,60953,60963,10
13.0480699539,80.212348938,60963,60973,10
13.0473499298,80.2124023438,60973,60983,10
13.046500206,80.2124404907,60983,60993,10
13.0455904007,80.2124710083,60993,61003,10
13.0449800491,80.2125015259,61003,61013,10
13.0445098877,80.2125091553,61013,61023,10
13.043970108,80.2125015259,61023,61032,9
13.0431203842,80.2124633789,61032,61045,13
13.0421199799,80.2124710083,61045,61055,10
13.0413303375,80.2124862671,61055,61065,10
13.0403795242,80.2124786377,61065,61075,10
13.0393400192,80.2124786377,61075,61085,10
13.0383396149,80.2124633789,61085,61095,10
13.037560463,80.2124710083,61095,61170,75
13.037560463,80.2124710083,61170,61181,11
13.037320137,80.2124404907,61181,61191,10
13.0368204117,80.2124023438,61191,61201,10
13.0361404419,80.2124023438,61201,61211,10
13.0354299545,80.2123718262,61211,61221,10
13.0349998474,80.2123184204,61221,61229,8
13.0349702835,80.2123184204,61229,61241,12
13.0349197388,80.2123031616,61241,61251,10
13.0345897675,80.2122268677,61251,61261,10
13.034119606,80.2121582031,61261,61282,21
13.034119606,80.2121582031,61282,61292,10
13.0338897705,80.2121200562,61292,61301,9
13.0334701538,80.212020874,61301,61312,11
13.0328798294,80.2119293213,61312,61322,10
13.032119751,80.2118225098,61322,61332,10
13.0318698883,80.2115020752,61332,61342,10
13.0319499969,80.2109909058,61342,61352,10
13.0320396423,80.2104415894,61352,61362,10
13.0321102142,80.2098999023,61362,61372,10
13.0320100784,80.2096786499,61372,61382,10
13.0316200256,80.209602356,61382,61393,11
13.0309000015,80.2093963623,61393,61413,20
13.0309000015,80.2093963623,61413,61423,10
13.0306301117,80.2093276978,61423,61433,10
13.0302000046,80.2091903687,61433,61443,10
13.0298995972,80.2090988159,61443,61453,10
13.0296602249,80.2090377808,61453,61463,10
13.0296401978,80.2090301514,61463,61473,10
13.0295600891,80.2090072632,61473,61483,10
13.029250145,80.2088928223,61483,61493,10
13.0286397934,80.208732605,61493,61504,11
13.0278701782,80.2084884644,61504,61514,10
13.0272197723,80.2081375122,61514,61524,10
13.0265102386,80.2077178955,61524,61534,10
13.0257902145,80.20728302,61534,61544,10
13.0249595642,80.2070617676,61544,61554,10
13.0244102478,80.2069473267,61554,61564,10
13.0242500305,80.2069168091,61564,61574,10
13.0241699219,80.2069168091,61574,61584,10
13.0239200592,80.2068634033,61584,61594,10
13.0234899521,80.2067337036,61594,61604,10
13.0228500366,80.2066192627,61604,61614,10
13.0220403671,80.2064819336,61614,61625,11
13.0211200714,80.206489563,61625,61635,10
13.0202302933,80.2065124512,61635,61645,10
13.0193004608,80.2064285278,61645,61685,40
13.0193004608,80.2064285278,61685,61695,10
13.0191402435,80.2063598633,61695,61705,10
13.0190000534,80.2063064575,61705,61715,10
13.0186595917,80.206161499,61715,61725,10
13.0180101395,80.205947876,61725,61735,10
13.0174798965,80.2057571411,61735,61746,11
13.0169200897,80.2055664063,61746,61756,10
13.0161399841,80.2053985596,61756,61766,10
13.015370369,80.2051086426,61766,61776,10
13.0142002106,80.2046585083,61776,61796,20
13.0142002106,80.2046585083,61796,61806,10
13.0140104294,80.2045593262,61806,61816,10
13.0136995316,80.204460144,61816,61826,10
13.0135602951,80.2046508789,61826,61836,10
13.0134801865,80.2048721313,61836,61846,10
13.0133304596,80.2053604126,61846,61857,11
13.0131101608,80.2061233521,61857,61867,10
13.0130195618,80.2068862915,61867,61877,10
13.0129499435,80.2075881958,61877,61887,10
13.0128803253,80.2079925537,61887,61897,10
13.0128898621,80.208480835,61897,61907,10
13.0129098892,80.2088012695,61907,61917,10
13.013010025,80.2093200684,61917,61927,10
13.0132303238,80.2098770142,61927,61936,9
13.0131502151,80.2104415894,61936,61946,10
13.0129299164,80.2112197876,61946,61957,11
13.0124597549,80.212020874,61957,61967,10
13.0119800568,80.2127075195,61967,61978,11
13.0116796494,80.2127990723,61978,61988,10
13.0113697052,80.2125396729,61988,61998,10
13.0108604431,80.2121734619,61998,62008,10
13.0099802017,80.2114868164,62008,62068,60
13.0099802017,80.2114868164,62068,62078,10
13.0095100403,80.2110977173,62078,62109,31
13.0095100403,80.2110977173,62109,62119,10
13.0093402863,80.2110977173,62119,62129,10
13.0092096329,80.2112579346,62129,62139,10
13.0090198517,80.2115707397,62139,62149,10
13.0091295242,80.2120513916,62149,62159,10
13.0093402863,80.212677002,62159,62169,10
13.0095901489,80.2133102417,62169,62179,10
13.0098600388,80.2139663696,62179,62189,10
13.0101203918,80.2146224976,62189,62199,10
13.0102396011,80.2154006958,62199,62210,11
13.0105495453,80.2163162231,62210,62220,10
13.0109500885,80.2171936035,62220,62230,10
13.0113201141,80.2181091309,62230,62240,10
13.0116596222,80.2190704346,62240,62250,10
13.0119800568,80.2200698853,62250,62260,10
13.012260437,80.2209091187,62260,62270,10
13.0125398636,80.2217330933,62270,62280,10
13.0129804611,80.2223205566,62280,62290,10
13.0134601593,80.222869873,62290,62300,10
13.0139904022,80.2234802246,62300,62310,10
13.0144500732,80.224067688,62310,62320,10
13.0149898529,80.2247009277,62320,62330,10
13.0154304504,80.2253036499,62330,62341,11
13.0153102875,80.2258300781,62341,62351,10
13.0148496628,80.226020813,62351,62361,10
13.0142202377,80.2262496948,62361,62371,10
13.0135402679,80.2265090942,62371,62381,10
13.0127696991,80.2268218994,62381,62391,10
13.0119304657,80.2271499634,62391,62401,10
13.0110301971,80.2275238037,62401,62411,10
13.0101203918,80.227897644,62411,62421,10
13.0094900131,80.2276382446,62421,62431,10
13.0097703934,80.2269973755,62431,62441,10
13.0101003647,80.2262573242,62441,62452,11
13.0104598999,80.2253875732,62452,62462,10
13.0106897354,80.2249069214,62462,62472,10
13.010840416,80.2245178223,62472,62482,10
13.0109701157,80.2241210938,62482,62492,10
13.0110702515,80.2238311768,62492,62502,10
13.011179924,80.2234725952,62502,62512,10
13.011179924,80.2231903076,62512,62522,10
13.0107498169,80.2229385376,62522,62532,10
13.0101203918,80.222618103,62532,62542,10
13.0094604492,80.2222366333,62542,62552,10
13.0087299347,80.2218170166,62552,62563,11
13.0078802109,80.2213592529,62563,62573,10
13.007060051,80.2209091187,62573,62583,10
13.0061197281,80.2205886841,62583,62593,10
13.0051698685,80.2203903198,62593,62603,10
13.0043401718,80.220161438,62603,62612,9
13.0035104752,80.2199783325,62612,62623,11
13.0025396347,80.2195892334,62623,62633,10
13.0018701553,80.2189025879,62633,62642,9
13.0012302399,80.2183914185,62642,62652,10
13.0004901886,80.217880249,62652,62663,11
12.9996700287,80.217338562,62663,62673,10
12.9989204407,80.2169418335,62673,62683,10
12.9981403351,80.2166137695,62683,62694,11
12.9974899292,80.2165222168,62694,62724,30
12.9974899292,80.2165222168,62724,62734,10
12.9972896576,80.2165298462,62734,62744,10
12.9968900681,80.2165374756,62744,62754,10
12.9963302612,80.2165985107,62754,62764,10
12.9956998825,80.216758728,62764,62774,10
12.9954795837,80.2168426514,62774,62784,10
12.9951095581,80.217048645,62784,62794,10
12.9948596954,80.2172164917,62794,62805,11
12.9944000244,80.2175369263,62805,62815,10
12.9939098358,80.2179031372,62815,62825,10
12.9933395386,80.2182998657,62825,62835,10
12.9927597046,80.2187194824,62835,62845,10
12.9920902252,80.2192077637,62845,62855,10
12.9916496277,80.219543457,62855,62865,10
12.9914398193,80.2196121216,62865,62875,10
12.9910402298,80.2194366455,62875,62885,10
12.9910001755,80.2194366455,62885,62895,10
12.9906797409,80.219329834,62895,62905,10
12.9901599884,80.2191314697,62905,62916,11
12.9893903732,80.2188796997,62916,62926,10
12.9876804352,80.218421936,62926,62936,10
12.9876804352,80.218421936,62936,62946,10
12.986989975,80.2183074951,62946,62956,10
12.9868402481,80.2182922363,62956,62966,10
12.9865598679,80.2181930542,62966,62976,10
12.9860200882,80.2180480957,62976,62986,10
12.9852304459,80.2179718018,62986,62996,10
12.984000206,80.2180023193,62996,63018,22
12.984000206,80.2180023193,63018,63028,10
12.9836597443,80.2180175781,63028,63038,10
12.9830904007,80.2180175781,63038,63049,11
12.9822797775,80.2180099487,63049,63059,10
12.9813899994,80.2181167603,63059,63069,10
12.9804496765,80.218421936,63069,63079,10
12.9796199799,80.2187423706,63079,63087,8
12.9790697098,80.2189483643,63087,63099,12
12.9783802032,80.2192230225,63099,63109,10
12.9777202606,80.2194976807,63109,63119,10
12.9769096375,80.2198410034,63119,63129,10
12.9761400223,80.2202072144,63129,63139,10
12.9757795334,80.2203598022,63139,63150,11
12.9756002426,80.2204818726,63150,63160,10
12.975520134,80.2207183838,63160,63170,10
12.9757204056,80.2210083008,63170,63180,10
12.9760398865,80.2213821411,63180,63190,10
12.9763097763,80.221786499,63190,63220,30
12.9763097763,80.221786499,63220,63230,10
12.9764204025,80.2219772339,63230,63240,10
12.9766798019,80.2223968506,63240,63250,10
12.9769897461,80.22290802,63250,63260,10
12.9773597717,80.2235107422,63260,63271,11
12.9778003693,80.2241973877,63271,63281,10
12.9781103134,80.2246932983,63281,63291,10
12.9783000946,80.2250137329,63291,63301,10
12.9785995483,80.2254867554,63301,63311,10
12.978969574,80.2261123657,63311,63321,10
12.9792995453,80.226600647,63321,63331,10
12.9795598984,80.2270965576,63331,63341,10
12.9799404144,80.2276992798,63341,63351,10
12.9802799225,80.2282714844,63351,63361,10
12.9806203842,80.2288665771,63361,63371,10
12.980890274,80.2293395996,63371,63381,10
12.9812002182,80.2298431396,63381,63392,11
12.9816198349,80.2304611206,63392,63402,10
12.981710434,80.2305831909,63402,63412,10
12.9817895889,80.2307434082,63412,63422,10
12.9819402695,80.2311706543,63422,63432,10
12.982049942,80.2317962646,63432,63442,10
12.9820604324,80.2323989868,63442,63452,10
12.9819402695,80.2328720093,63452,63462,10
12.9818096161,80.2332000732,63462,63472,10
12.9816904068,80.2334213257,63472,63482,10
12.9816303253,80.2335662842,63482,63492,10
12.9814300537,80.2339630127,63492,63513,21
12.9814300537,80.2339630127,63513,63523,10
12.9813098907,80.2341918945,63523,63533,10
12.9812297821,80.2347488403,63533,63543,10
12.9812498093,80.2355270386,63543,63553,10
12.9812803268,80.2363967896,63553,63563,10
12.981300354,80.2373504639,63563,63573,10
12.9813499451,80.2387237549,63573,63593,20
12.9813499451,80.2387237549,63593,63603,10
12.9813604355,80.2389068604,63603,63614,11
12.9813604355,80.2394790649,63614,63624,10
12.9813899994,80.240196228,63624,63634,10
12.9813995361,80.2410202026,63634,63644,10
12.9814100266,80.2418899536,63644,63654,10
12.9814195633,80.2425231934,63654,63664,10
12.9814195633,80.2428207397,63664,63674,10
12.9814100266,80.2428512573,63674,63684,10
12.9813995361,80.2432022095,63684,63694,10
12.9813995361,80.2433776855,63694,63704,10
12.9813699722,80.2437362671,63704,63714,10
12.9812803268,80.2443084717,63714,63724,10
12.981180191,80.2450332642,63724,63735,11
12.9810600281,80.2459793091,63735,63745,10
12.9809503555,80.2469787598,63745,63755,10
12.9808597565,80.2480697632,63755,63765,10
12.9807796478,80.249168396,63765,63775,10
12.9806203842,80.2501831055,63775,63785,10
12.9803600311,80.2512283325,63785,63795,10
12.9801702499,80.2520294189,63795,63805,10
12.9801197052,80.252281189,63805,63815,10
12.9801101685,80.2523193359,63815,63825,10
12.9801797867,80.2525482178,63825,63835,10
12.9805402756,80.2526702881,63835,63845,10
12.981180191,80.2526626587,63845,63856,11
12.9820604324,80.2526397705,63856,63866,10
12.9829797745,80.2526016235,63866,63876,10
12.9837799072,80.2524414063,63876,64087,211
12.9837799072,80.2524414063,64087,64097,10
12.9839096069,80.2524032593,64097,64107,10
12.9842395782,80.2523117065,64107,64117,10
12.9847803116,80.2521591187,64117,64127,10
12.9854001999,80.251991272,64127,64137,10
12.9858598709,80.2518463135,64137,64147,10
12.9863595963,80.2517318726,64147,64157,10
12.9870100021,80.2515792847,64157,64167,10
12.9875402451,80.2514266968,64167,64177,10
12.9879198074,80.2515182495,64177,64187,10
12.9879798889,80.2518463135,64187,64197,10
12.9880504608,80.2521514893,64197,64208,11
12.9880599976,80.2523498535,64208,64218,10
12.9879903793,80.2529602051,64218,64228,10
12.9879102707,80.2538070679,64228,64238,10
12.987830162,80.2546768188,64238,64248,10
12.9878196716,80.2552108765,64248,64329,81
12.9878196716,80.2552108765,64329,64339,10
12.9876499176,80.2555236816,64339,64349,10
12.9876203537,80.2558898926,64349,64359,10
12.9875402451,80.2564315796,64359,64369,10
12.9875097275,80.2570571899,64369,64379,10
12.9874601364,80.2578125,64379,64389,10
12.9874095917,80.2586135864,64389,64399,10
12.9873695374,80.2590484619,64399,64409,10
12.9872598648,80.2594833374,64409,64429,20
12.9872598648,80.2594833374,64429,64440,11
12.9872198105,80.2596206665,64440,64450,10
12.9871797562,80.2596511841,64450,64460,10
12.9869098663,80.2596588135,64460,64470,10
12.9866304398,80.2595672607,64470,64480,10
12.9866199493,80.2592163086,64480,65448,968
12.9866304398,80.2590789795,65448,65600,152
12.9866304398,80.2590789795,65600,65610,10
12.9866600037,80.2590179443,65610,65620,10
12.9869203568,80.2590789795,65620,65680,60
12.9869203568,80.2590789795,65680,65690,10
12.9872903824,80.2591323853,65690,65700,10
12.9873504639,80.2589187622,65700,65711,11
12.9873600006,80.2587738037,65711,65721,10
12.9873695374,80.2584915161,65721,65751,30
12.9873695374,80.2584915161,65751,65761,10
12.9873695374,80.2583236694,65761,65771,10
12.9874000549,80.2578964233,65771,65781,10
12.9874601364,80.2572479248,65781,65791,10
12.9875297546,80.2564697266,65791,65801,10
12.9875602722,80.2558364868,65801,65811,10
12.9876804352,80.2549285889,65811,65832,21
12.9876804352,80.2549285889,65832,65842,10
12.9877195358,80.2546463013,65842,65852,10
12.9877796173,80.2541427612,65852,65862,10
12.987830162,80.2534332275,65862,65872,10
12.9878797531,80.2525024414,65872,66020,148
12.9878797531,80.2525024414,66020,66030,10
12.9878702164,80.2523803711,66030,66041,11
12.9878501892,80.2520904541,66041,66051,10
12.9877500534,80.2516784668,66051,66072,21
12.9877500534,80.2516784668,66072,66082,10
12.9874601364,80.2516098022,66082,66092,10
12.9870004654,80.2516784668,66092,66102,10
12.9863796234,80.2518386841,66102,66112,10
12.9856004715,80.2519989014,66112,66122,10
12.984749794,80.2522277832,66122,66132,10
12.9839000702,80.2524719238,66132,66142,10
12.9829797745,80.2526626587,66142,66152,10
12.9819602966,80.2527084351,66152,66168,16
12.9799900055,80.2527694702,66168,66231,63
12.9799900055,80.2527694702,66231,66241,10
12.9798698425,80.2527084351,66241,66251,10
12.9798603058,80.2522583008,66251,66281,30
12.9798603058,80.2522583008,66281,66291,10
12.9799203873,80.2519378662,66291,66302,11
12.9800796509,80.2514801025,66302,66312,10
12.9802799225,80.2508621216,66312,66322,10
12.9804897308,80.2501296997,66322,66332,10
12.9806404114,80.2492675781,66332,66342,10
12.9807195663,80.2483825684,66342,66352,10
12.9807901382,80.2474136353,66352,66362,10
12.980890274,80.2463989258,66362,66372,10
12.981010437,80.2453765869,66372,66382,10
12.9811296463,80.2444000244,66382,66392,10
12.9811601639,80.2437515259,66392,66402,10
12.9812898636,80.2435302734,66402,66413,11
12.981300354,80.2431335449,66413,66423,10
12.9813098907,80.2428283691,66423,66433,10
12.9813098907,80.2428207397,66433,66443,10
12.9813203812,80.2425918579,66443,66453,10
12.9813203812,80.2421112061,66453,66463,10
12.9813098907,80.2414169312,66463,66473,10
12.981300354,80.2406692505,66473,66483,10
12.9812898636,80.239982605,66483,66493,10
12.9812698364,80.2395172119,66493,66503,10
12.9812602997,80.2389907837,66503,66513,10
12.9812402725,80.2384109497,66513,66523,10
12.9812297821,80.2381362915,66523,66534,11
12.9812297821,80.2380371094,66534,66544,10
12.9812097549,80.237953186,66544,66554,10
12.9812002182,80.2375411987,66554,66564,10
12.9811897278,80.2369308472,66564,66574,10
12.9811697006,80.2362670898,66574,66584,10
12.9811601639,80.2362136841,66584,66600,16
12.9811496735,80.2355804443,66600,66612,12
12.9811296463,80.2347869873,66612,66622,10
12.9812498093,80.2340316772,66622,66633,11
12.9815502167,80.2333602905,66633,66644,11
12.9815998077,80.233291626,66644,66654,10
12.9817399979,80.2330093384,66654,66664,10
12.9819002151,80.2326126099,66664,66674,10
12.9819297791,80.2321395874,66674,66684,10
12.9819202423,80.2316970825,66684,66693,9
12.9819002151,80.231338501,66693,66704,11
12.9817304611,80.2308731079,66704,66714,10
12.9814395905,80.2303695679,66714,66724,10
12.9811201096,80.2298583984,66724,66734,10
12.980919838,80.2295074463,66734,66744,10
12.9807796478,80.2293014526,66744,66754,10
12.9807195663,80.2292404175,66754,66765,11
12.9806604385,80.2291412354,66765,66775,10
12.9805498123,80.2289428711,66775,66785,10
12.9803199768,80.2285232544,66785,66795,10
12.9800796509,80.2280197144,66795,66805,10
12.9797201157,80.2274169922,66805,66815,10
12.9793996811,80.226890564,66815,66825,10
12.9792203903,80.2266082764,66825,66835,10
12.9789495468,80.2261505127,66835,66845,10
12.9786100388,80.2256011963,66845,66855,10
12.9784603119,80.2253265381,66855,66865,10
12.9784002304,80.2252426147,66865,66875,10
12.9783496857,80.2251586914,66875,66886,11
12.9781904221,80.2248916626,66886,66896,10
12.9780101776,80.2246627808,66896,66906,10
12.9778795242,80.2244796753,66906,66916,10
12.9777097702,80.2241897583,66916,66926,10
12.9774904251,80.2238235474,66926,66936,10
12.9772396088,80.2234115601,66936,66946,10
12.9771203995,80.223197937,66946,66956,10
12.9770402908,80.2230377197,66956,66966,10
12.9768896103,80.2228012085,66966,66976,10
12.9766798019,80.2224578857,66976,66986,10
12.9764604568,80.2220993042,66986,66997,11
12.976360321,80.2219619751,66997,67007,10
12.9762601852,80.2218017578,67007,67017,10
12.9761295319,80.2216033936,67017,67027,10
12.9760799408,80.2215194702,67027,67037,10
12.9758796692,80.2212371826,67037,67077,40
12.9758796692,80.2212371826,67077,67087,10
12.9756498337,80.2210769653,67087,67118,31
12.9756498337,80.2210769653,67118,67134,16
12.9753398895,80.2208023071,67134,67146,12
12.975399971,80.2205810547,67146,67155,9
12.9755601883,80.2204284668,67155,67166,11
12.9758396149,80.2202606201,67166,67176,10
12.9763202667,80.2200469971,67176,67186,10
12.9769296646,80.2197875977,67186,67196,10
12.9774799347,80.219581604,67196,67206,10
12.9781799316,80.2192764282,67206,67216,10
12.9785699844,80.2191390991,67216,67226,10
12.9789304733,80.2190170288,67226,67237,11
12.9795398712,80.2187805176,67237,67247,10
12.9801502228,80.2185211182,67247,67257,10
12.9808597565,80.2182693481,67257,67267,10
12.9816303253,80.2180175781,67267,67277,10
12.982219696,80.2179336548,67277,67287,10
12.9824199677,80.217918396,67287,67297,10
12.9828596115,80.217918396,67297,67307,10
12.9837999344,80.217918396,67307,67327,20
12.9837999344,80.217918396,67327,67337,10
12.9839601517,80.217956543,67337,67348,11
12.9844398499,80.2179489136,67348,67358,10
12.9850702286,80.2179412842,67358,67368,10
12.9858198166,80.2179870605,67368,67378,10
12.9866104126,80.2181625366,67378,67388,10
12.9872398376,80.2182693481,67388,67398,10
12.9873895645,80.2182922363,67398,67408,10
12.9874200821,80.2183074951,67408,67418,10
12.9877796173,80.2184066772,67418,67428,10
12.9883403778,80.218536377,67428,67438,10
12.9890203476,80.2187271118,67438,67448,10
12.9897699356,80.2189865112,67448,67458,10
12.9906301498,80.2192611694,67458,67469,11
12.9915399551,80.2194976807,67469,67479,10
12.9917697906,80.2194290161,67479,67489,10
12.992099762,80.2191772461,67489,67499,10
12.9925899506,80.2188186646,67499,67509,10
12.9931201935,80.2184295654,67509,67519,10
12.9936599731,80.2180404663,67519,67529,10
12.994099617,80.2177276611,67529,67539,10
12.9945297241,80.2174224854,67539,67549,10
12.9949197769,80.2171401978,67549,67559,10
12.9954595566,80.2168273926,67559,67569,10
12.9960603714,80.2166595459,67569,67579,10
12.9966001511,80.2165679932,67579,67590,11
12.9971504211,80.216506958,67590,67620,30
12.9971504211,80.216506958,67620,67630,10
12.997420311,80.2162780762,67630,67640,10
12.9976396561,80.2160568237,67640,67650,10
12.9979801178,80.2157592773,67650,67660,10
12.9984197617,80.2153778076,67660,67670,10
12.9988803864,80.2149963379,67670,67680,10
12.9991102219,80.2148208618,67680,67690,10
12.9992799759,80.2146911621,67690,67701,11
12.9996700287,80.2143478394,67701,67711,10
13.0000400543,80.214012146,67711,67721,10
13.0004901886,80.2135925293,67721,67731,10
13.0010099411,80.2131500244,67731,67741,10
13.0015201569,80.2127685547,67741,67751,10
13.0020599365,80.2124023438,67751,67761,10
13.0025997162,80.2121582031,67761,67771,10
13.0028896332,80.2121276855,67771,67781,10
13.0036001205,80.2119827271,67781,67801,20
13.0036001205,80.2119827271,67801,67812,11
13.003660202,80.2115707397,67812,67822,10
13.0036201477,80.2109832764,67822,67832,10
13.0035600662,80.2104263306,67832,67842,10
13.0034999847,80.2098999023,67842,67852,10
13.0035200119,80.2094116211,67852,67862,10
13.003660202,80.2088165283,67862,67872,10
13.0042295456,80.2087631226,67872,67882,10
13.004940033,80.2090911865,67882,67892,10
13.0057201385,80.2094192505,67892,67902,10
13.0064201355,80.2096633911,67902,67912,10
13.0070495605,80.2098236084,67912,67922,10
13.0073604584,80.2098770142,67922,67932,10
13.0073699951,80.2098770142,67932,67949,17
13.0074396133,80.2099075317,67949,67961,12
13.0078802109,80.2099990845,67961,67971,10
13.0081501007,80.2099990845,67971,67981,10
13.0080699921,80.2095031738,67981,67991,10
13.0079498291,80.2088470459,67991,68001,10
13.0078296661,80.2081069946,68001,68011,10
13.0076704025,80.2071609497,68011,68020,9
13.0075597763,80.2064208984,68020,68031,11
13.0074796677,80.2055130005,68031,68042,11
13.0074701309,80.2047805786,68042,68053,11
13.0074396133,80.2040786743,68053,68063,10
13.007349968,80.20337677,68063,68072,9
13.0072002411,80.2027587891,68072,68082,10
13.0066404343,80.2026672363,68082,68093,11
13.0066204071,80.2032470703,68093,68103,10
13.0072498322,80.2036209106,68103,68113,10
13.0079402924,80.203742981,68113,68123,10
13.0087995529,80.2036972046,68123,68133,10
13.0097999573,80.2036514282,68133,68143,10
13.0109100342,80.2036819458,68143,68152,9
13.011879921,80.2037963867,68152,68162,10
13.012550354,80.2039031982,68162,68204,42
13.012550354,80.2039031982,68204,68214,10
13.0129499435,80.203918457,68214,68224,10
13.0132598877,80.2040176392,68224,68234,10
13.013589859,80.2041625977,68234,68244,10
13.0139598846,80.2042999268,68244,68254,10
13.0143499374,80.2044296265,68254,68274,20
13.0143499374,80.2044296265,68274,68285,11
13.0147104263,80.2045288086,68285,68295,10
13.0149297714,80.2046279907,68295,68305,10
13.0150098801,80.2046585083,68305,68315,10
13.015080452,80.2046737671,68315,68325,10
13.0153198242,80.2048034668,68325,68345,20
13.0153198242,80.2048034668,68345,68355,10
13.0155801773,80.2048873901,68355,68365,10
13.0157604218,80.2049179077,68365,68375,10
13.015999794,80.2049865723,68375,68466,91
13.015999794,80.2049865723,68466,68476,10
13.0164499283,80.2051086426,68476,68485,9
13.0166702271,80.205116272,68485,68496,11
13.0169401169,80.2051010132,68496,68506,10
13.0173397064,80.205368042,68506,68517,11
13.0173902512,80.205406189,68517,68527,10
13.0177497864,80.2056274414,68527,68537,10
13.0182104111,80.2058105469,68537,68547,10
13.0186700821,80.2059783936,68547,68557,10
13.018699646,80.2059936523,68557,68567,10
13.0187501907,80.2060317993,68567,68577,10
13.0190896988,80.206161499,68577,68587,10
13.0196199417,80.2062988281,68587,68597,10
13.0203104019,80.2063598633,68597,68607,10
13.0210695267,80.2063598633,68607,68617,10
13.0215396881,80.2063217163,68617,68627,10
13.0215797424,80.2063064575,68627,68638,11
13.0219202042,80.2063293457,68638,68648,10
13.0223197937,80.2063674927,68648,68658,10
13.0230102539,80.2065200806,68658,68668,10
13.023730278,80.2066192627,68668,68678,10
13.0242004395,80.2066879272,68678,68708,30
13.0242004395,80.2066879272,68708,68718,10
13.0244903564,80.2067718506,68718,68728,10
13.0249996185,80.2069168091,68728,68738,10
13.0256500244,80.2071533203,68738,68749,11
13.0263795853,80.2075424194,68749,68759,10
13.0270595551,80.2079391479,68759,68769,10
13.0273704529,80.2081298828,68769,68779,10
13.0275297165,80.2082290649,68779,68789,10
13.0279798508,80.2084732056,68789,68798,9
13.028380394,80.2086029053,68798,68809,11
13.0287599564,80.2086868286,68809,68819,10
13.029009819,80.2087173462,68819,68829,10
13.0293798447,80.2088012695,68829,68849,20
13.0293798447,80.2088012695,68849,68859,10
13.0296297073,80.2088623047,68859,68870,11
13.0299701691,80.2089691162,68870,68880,10
13.0303001404,80.2090606689,68880,68890,10
13.030790329,80.2092132568,68890,68900,10
13.0316200256,80.2094192505,68900,68920,20
13.0316200256,80.2094192505,68920,68930,10
13.0317401886,80.2095031738,68930,68940,10
13.0320596695,80.209602356,68940,68950,10
13.0325698853,80.2096633911,68950,68960,10
13.0331802368,80.209777832,68960,68970,10
13.033780098,80.2098999023,68970,68981,11
13.0343904495,80.2100219727,68981,68991,10
13.0349702835,80.2101974487,68991,69001,10
13.0349798203,80.2107009888,69001,69011,10
13.0350103378,80.2113494873,69011,69041,30
13.0350103378,80.2113494873,69041,69051,10
13.0349798203,80.2115402222,69051,69061,10
13.0349502563,80.2116775513,69061,69071,10
13.0349197388,80.2119293213,69071,69081,10
13.0349597931,80.2121887207,69081,69091,10
13.0354404449,80.2123031616,69091,69102,11
13.0361099243,80.2123336792,69102,69112,10
13.0366001129,80.212348938,69112,69122,10
13.0368404388,80.2123718262,69122,69132,10
13.0371799469,80.2123413086,69132,69142,10
13.037730217,80.2123794556,69142,69152,10
13.0383996964,80.2123565674,69152,69162,10
13.0391798019,80.2123184204,69162,69172,10
13.0400495529,80.2123031616,69172,69182,10
13.0410203934,80.2122879028,69182,69192,10
13.0419902802,80.2123031616,69192,69202,10
13.0429496765,80.2123184204,69202,69213,11
13.0434904099,80.2123184204,69213,69233,20
13.0434904099,80.2123184204,69233,69243,10
13.0435695648,80.2123031616,69243,69253,10
13.0438699722,80.2123184204,69253,69263,10
13.0441904068,80.2123184204,69263,69273,10
13.0446796417,80.2123184204,69273,69283,10
13.0453100204,80.2123031616,69283,69293,10
13.0459003448,80.2123031616,69293,69303,10
13.0461797714,80.212272644,69303,69313,10
13.0464200974,80.2122497559,69313,69323,10
13.0468301773,80.2122268677,69323,69333,10
13.0473098755,80.2121963501,69333,69344,11
13.047949791,80.2121429443,69344,69354,10
13.0484800339,80.2120819092,69354,69374,20
13.0484800339,80.2120819092,69374,69384,10
13.0485095978,80.2120819092,69384,69394,10
13.0488395691,80.2120437622,69394,69404,10
13.0493402481,80.2120132446,69404,69414,10
13.0497198105,80.2119827271,69414,69424,10
13.0497903824,80.2119598389,69424,69434,10
13.0500602722,80.2119369507,69434,69445,11
13.0504102707,80.2119674683,69445,69455,10
13.0508699417,80.212097168,69455,69465,10
13.0515003204,80.2121200562,69465,69474,9
13.0521602631,80.212020874,69474,69485,11
13.0529098511,80.2118377686,69485,69495,10
13.053730011,80.2116012573,69495,69505,10
13.0544900894,80.2114334106,69505,69515,10
13.0552997589,80.2114715576,69515,69525,10
13.0562095642,80.2115097046,69525,69535,10
13.057100296,80.2114868164,69535,69545,10
13.0575704575,80.2114486694,69545,69555,10
13.0575799942,80.2114486694,69555,69566,11
13.0578603745,80.2114715576,69566,69576,10
13.0584001541,80.2114715576,69576,69586,10
13.0591001511,80.2115020752,69586,69596,10
13.0598297119,80.2115631104,69596,69606,10
13.0606298447,80.2115936279,69606,69616,10
13.0614595413,80.2116317749,69616,69626,10
13.0623598099,80.2116088867,69626,69636,10
13.0631999969,80.2115402222,69636,69656,20
13.0631999969,80.2115402222,69656,69666,10
13.0633296967,80.2115402222,69666,69677,11
13.0636796951,80.2115402222,69677,69687,10
13.0642004013,80.211479187,69687,69697,10
13.064789772,80.2112426758,69697,69707,10
13.0654401779,80.2108078003,69707,69717,10
13.0660800934,80.2102584839,69717,69727,10
13.066740036,80.2096786499,69727,69737,10
13.0672397614,80.2089080811,69737,69747,10
13.06772995,80.2081375122,69747,69757,10
13.0681400299,80.2074966431,69757,69767,10
13.0687198639,80.2066421509,69767,69777,10
13.0690803528,80.2060928345,69777,69787,10
13.0691404343,80.2059936523,69787,69798,11
13.0692100525,80.2058792114,69798,69808,10
13.0693397522,80.2055587769,69808,69818,10
13.0695199966,80.2052307129,69818,69868,50
13.0695199966,80.2052307129,69868,69878,10
13.0696201324,80.205078125,69878,69888,10
13.0694904327,80.2048797607,69888,69898,10
13.069149971,80.2050323486,69898,69908,10
13.0688896179,80.2053833008,69908,69919,11
13.0686302185,80.2053222656,69919,69929,10
13.0680599213,80.2053222656,69929,70635,706
13.0680599213,80.2053222656,70635,70645,10
13.0679302216,80.205039978,70645,70736,91
13.0679302216,80.205039978,70736,70746,10
13.0681800842,80.2049865723,70746,70756,10
13.0683403015,80.2049865723,70756,70766,10
13.0686302185,80.2048721313,70766,70776,10
13.0689496994,80.2047729492,70776,70786,10
13.069319725,80.2048034668,70786,70796,10
13.0697002411,80.2049179077,70796,70857,61
13.0697002411,80.2049179077,70857,70867,10
13.0698404312,80.2050704956,70867,70877,10
13.0697898865,80.2053222656,70877,70887,10
13.0694999695,80.2057418823,70887,70897,10
13.0691204071,80.2063293457,70897,70907,10
13.0687704086,80.2068710327,70907,70917,10
13.068189621,80.2077865601,70917,70927,10
13.0677204132,80.2085571289,70927,70937,10
13.0672397614,80.2092437744,70937,70947,10
13.066740036,80.2099380493,70947,70958,11
13.0659704208,80.210609436,70958,70968,10
13.0653095245,80.2111587524,70968,70978,10
13.0649995804,80.2113876343,70978,70988,10
13.0649995804,80.2114028931,70988,70998,10
13.0648202896,80.2114715576,70998,71008,10
13.0643501282,80.2116470337,71008,71018,10
13.0638198853,80.2117919922,71018,71058,40
13.0638198853,80.2117919922,71058,71068,10
13.0636997223,80.2118225098,71068,71079,11
13.0632095337,80.2118606567,71079,71089,10
13.0625600815,80.2118835449,71089,71099,10
13.0619297028,80.2118835449,71099,71109,10
13.0611600876,80.2117919922,71109,71119,10
13.060259819,80.2117614746,71119,71129,10
13.0593595505,80.2117385864,71129,71139,10
13.0585603714,80.2117080688,71139,71149,10
13.0578804016,80.2116928101,71149,71159,10
13.0575199127,80.2117004395,71159,71169,10
13.0574302673,80.2117004395,71169,71179,10
13.0570497513,80.2116928101,71179,71190,11
13.056429863,80.2116699219,71190,71200,10
13.0557098389,80.2116622925,71200,71210,10
13.0549497604,80.2116394043,71210,71220,10
13.054599762,80.2116165161,71220,71230,10
13.054479599,80.2116394043,71230,71240,10
13.0540304184,80.211730957,71240,71250,10
13.0533800125,80.2118988037,71250,71260,10
13.0526599884,80.212097168,71260,71270,10
13.0518798828,80.2122879028,71270,71280,10
13.0510501862,80.212272644,71280,71290,10
13.0503396988,80.2122802734,71290,71300,10
13.0495004654,80.2122802734,71300,71327,27
13.0495004654,80.2122802734,71327,71339,12
13.0493602753,80.2122421265,71339,71349,10
13.0490598679,80.2122116089,71349,71359,10
13.0483598709,80.2122573853,71359,71369,10
13.0477695465,80.2123184204,71369,71378,9
13.0469198227,80.2123794556,71378,71389,11
13.045920372,80.2124404907,71389,71399,10
13.0450201035,80.2124786377,71399,71409,10
13.0443096161,80.2125091553,71409,71419,10
13.0439395905,80.2124710083,71419,71430,11
13.0432796478,80.2124404907,71430,71440,10
13.0425195694,80.2124481201,71440,71450,10
13.0416498184,80.2124633789,71450,71460,10
13.040719986,80.2124710083,71460,71470,10
13.0396699905,80.2124786377,71470,71480,10
13.0387096405,80.2124786377,71480,71490,10
13.0376996994,80.2124786377,71490,71500,10
13.0368003845,80.2124023438,71500,71510,10
13.0359802246,80.2124099731,71510,71520,10
13.0357999802,80.2124404907,71520,71530,10
13.0354995728,80.2124176025,71530,71541,11
13.0350399017,80.2123413086,71541,71551,10
13.0347700119,80.212310791,71551,71561,10
13.0345201492,80.2122573853,71561,71571,10
13.0344600677,80.2122497559,71571,71581,10
13.0342197418,80.2122116089,71581,71611,30
13.0342197418,80.2122116089,71611,71621,10
13.0339298248,80.2121276855,71621,71631,10
13.0335102081,80.212059021,71631,71641,10
13.0328998566,80.2119293213,71641,71651,10
13.0322704315,80.2118377686,71651,71662,11
13.031920433,80.2114868164,71662,71672,10
13.031999588,80.2109985352,71672,71682,10
13.0320196152,80.2106018066,71682,71692,10
13.0320701599,80.2100219727,71692,71702,10
13.0319004059,80.2096481323,71702,71712,10
13.031419754,80.2095184326,71712,71722,10
13.0307598114,80.2093887329,71722,71732,10
13.030380249,80.2092895508,71732,71742,10
13.0303697586,80.2092819214,71742,71752,10
13.0302400589,80.2092590332,71752,71762,10
13.0298900604,80.2091369629,71762,71772,10
13.0295495987,80.2090377808,71772,71783,11
13.029540062,80.2090301514,71783,71793,10
13.0293598175,80.2089309692,71793,71803,10
13.0288600922,80.2088165283,71803,71813,10
13.0281600952,80.2086410522,71813,71823,10
13.0275297165,80.2083587646,71823,71833,10
13.0269098282,80.2080001831,71833,71843,10
13.0262098312,80.2075805664,71843,71853,10
13.02546978,80.2071914673,71853,71863,10
13.0246896744,80.2070465088,71863,71873,10
13.0242099762,80.2069702148,71873,71883,10
13.0242004395,80.2069702148,71883,71894,11
13.0238599777,80.2068862915,71894,71904,10
13.0234298706,80.2067718506,71904,71914,10
13.0227899551,80.2066421509,71914,71924,10
13.0221099854,80.2065429688,71924,71934,10
13.0216999054,80.2065200806,71934,71944,10
13.0213899612,80.2065200806,71944,71954,10
13.0207996368,80.2065429688,71954,71964,10
13.0200796127,80.20652771,71964,71974,10
13.0193004608,80.2064666748,71974,71984,10
13.018989563,80.2063827515,71984,72000,16
13.0188503265,80.2063217163,72000,72013,13
13.0177698135,80.2059173584,72013,72031,18
13.0177698135,80.2059173584,72031,72043,12
13.0176200867,80.2058792114,72043,72053,10
13.0174303055,80.2058105469,72053,72063,10
13.0170402527,80.2056427002,72063,72073,10
13.0164499283,80.205406189,72073,72083,10
13.015709877,80.2051696777,72083,72093,10
13.0149002075,80.2049102783,72093,72103,10
13.0142402649,80.2046813965,72103,72114,11
13.0141496658,80.2046737671,72114,72125,11
13.0137996674,80.2045211792,72125,72135,10
13.0135297775,80.2046432495,72135,72145,10
13.0133800507,80.2051391602,72145,72155,10
13.0131998062,80.2057037354,72155,72165,10
13.0129995346,80.2063980103,72165,72174,9
13.0129499435,80.2070617676,72174,72185,11
13.0128803253,80.2077178955,72185,72195,10
13.012840271,80.2081680298,72195,72205,10
13.012840271,80.2085723877,72205,72215,10
13.0128898621,80.2089004517,72215,72225,10
13.012960434,80.2093887329,72225,72234,9
13.0131502151,80.2098388672,72234,72246,12
13.0130596161,80.2105636597,72246,72256,10
13.0128602982,80.2112197876,72256,72266,10
13.0124797821,80.2118911743,72266,72276,10
13.0121002197,80.2124786377,72276,72286,10
13.0117902756,80.2128295898,72286,72296,10
13.0115499496,80.2127304077,72296,72306,10
13.0111703873,80.2124481201,72306,72316,10
13.0107002258,80.2120819092,72316,72326,10
13.0103397369,80.2118301392,72326,72336,10
13.0101003647,80.2116317749,72336,72407,71
13.0101003647,80.2116317749,72407,72417,10
13.0097799301,80.2113876343,72417,72427,10
13.0096302032,80.2112426758,72427,72437,10
13.0094499588,80.2111206055,72437,72478,41
13.0094499588,80.2111206055,72478,72488,10
13.009180069,80.2112731934,72488,72498,10
13.0090103149,80.2115020752,72498,72508,10
13.0089902878,80.2117614746,72508,72518,10
13.0091400146,80.2122116089,72518,72528,10
13.0093297958,80.2127609253,72528,72538,10
13.0094900131,80.2131881714,72538,72548,10
13.00963974,80.2135772705,72548,72558,10
13.0098199844,80.2140197754,72558,72568,10
13.0099897385,80.2144165039,72568,72578,10
13.0101203918,80.2150192261,72578,72588,10
13.010219574,80.2156906128,72588,72599,11
13.0105400085,80.2164306641,72599,72609,10
13.0108604431,80.2171325684,72609,72619,10
13.011179924,80.2178268433,72619,72629,10
13.0114603043,80.2185821533,72629,72639,10
13.0117301941,80.2193603516,72639,72649,10
13.0119800568,80.2201538086,72649,72659,10
13.0122203827,80.220916748,72659,72669,10
13.0123796463,80.221572876,72669,72678,9
13.0126600266,80.2219924927,72678,72688,10
13.0130701065,80.2225112915,72688,72699,11
13.0136203766,80.2231063843,72699,72709,10
13.0141000748,80.2237167358,72709,72720,11
13.0146999359,80.2244491577,72720,72730,10
13.0152397156,80.2250595093,72730,72740,10
13.0153903961,80.2256317139,72740,72750,10
13.0150098801,80.2259597778,72750,72760,10
13.0148801804,80.2259979248,72760,72770,10
13.0146903992,80.2260818481,72770,72780,10
13.0142803192,80.2262268066,72780,72790,10
13.0137395859,80.2264404297,72790,72800,10
13.0131196976,80.2266769409,72800,72810,10
13.0124998093,80.2269287109,72810,72820,10
13.0118398666,80.2271881104,72820,72831,11
13.0110301971,80.2275085449,72831,72841,10
13.0102596283,80.2278137207,72841,72851,10
13.00963974,80.2279205322,72851,72861,10
13.0095596313,80.2274627686,72861,72871,10
13.0098199844,80.2268829346,72871,72881,10
13.0101203918,80.2262268066,72881,72891,10
13.0103702545,80.225692749,72891,72901,10
13.0104999542,80.225402832,72901,72911,10
13.0106401443,80.2250518799,72911,72921,10
13.0108098984,80.2246704102,72921,72931,10
13.0109996796,80.2241363525,72931,72942,11
13.0112400055,80.2234725952,72942,72952,10
13.011179924,80.22315979,72952,72962,10
13.0108098984,80.2229766846,72962,72972,10
13.0103797913,80.2227478027,72972,72982,10
13.0098800659,80.2224731445,72982,72992,10
13.0092496872,80.2221603394,72992,73002,10
13.0086202621,80.2218093872,73002,73012,10
13.0079803467,80.2214584351,73012,73022,10
13.0072603226,80.2210998535,73022,73032,10
13.0065097809,80.2207336426,73032,73042,10
13.0056200027,80.2205429077,73042,73052,10
13.0047798157,80.2203521729,73052,73063,11
13.0040102005,80.2201766968,73063,73073,10
13.0032100677,80.2199935913,73073,73083,10
13.0024900436,80.2196426392,73083,73092,9
13.002240181,80.2193832397,73092,73103,11
13.0020999908,80.2192382813,73103,73113,10
13.0018596649,80.2189712524,73113,73123,10
13.0016803741,80.2188034058,73123,73133,10
13.0016698837,80.2187805176,73133,73143,10
13.0014696121,80.2186431885,73143,73153,10
13.0012598038,80.2184906006,73153,73163,10
13.0010499954,80.2183303833,73163,73174,11
13.0007400513,80.2180862427,73174,73184,10
13.0006198883,80.2180328369,73184,73194,10
13.0004396439,80.2179031372,73194,73204,10
13.0002202988,80.2177581787,73204,73214,10
13.000120163,80.2176971436,73214,73224,10
12.9999303818,80.2175827026,73224,73234,10
12.9995098114,80.2173309326,73234,73274,40
12.9995098114,80.2173309326,73274,73284,10
12.9987897873,80.2169723511,73284,73325,41
12.9987897873,80.2169723511,73325,73335,10
12.9985599518,80.2168884277,73335,73345,10
12.9982995987,80.216758728,73345,73355,10
12.9979400635,80.2166671753,73355,73385,30
12.9979400635,80.2166671753,73385,73395,10
12.9976501465,80.2166213989,73395,73446,51
12.9976501465,80.2166213989,73446,73456,10
12.9973497391,80.2165985107,73456,73466,10
12.997130394,80.2165985107,73466,73476,10
12.9969797134,80.2165985107,73476,73486,10
12.9967098236,80.2166213989,73486,73496,10
12.9963703156,80.2166595459,73496,73506,10
12.9961004257,80.2167434692,73506,73517,11
12.9957304001,80.2168426514,73517,73527,10
12.9955596924,80.2168884277,73527,73537,10
12.9953804016,80.2169570923,73537,73547,10
12.99518013,80.2170715332,73547,73557,10
12.9949302673,80.2172164917,73557,73567,10
12.9945602417,80.2174682617,73567,73577,10
12.9941997528,80.2177276611,73577,73587,10
12.9938697815,80.2179794312,73587,73597,10
12.9934396744,80.2182693481,73597,73607,10
12.992939949,80.2186279297,73607,73617,10
12.9924097061,80.2190322876,73617,73627,10
12.9918804169,80.2194137573,73627,73637,10
12.9915103912,80.2196426392,73637,73648,11
12.9910297394,80.2195281982,73648,73658,10
12.9909296036,80.2194976807,73658,73674,16
12.9904403687,80.2192993164,73674,73686,12
12.989780426,80.2190475464,73686,73696,10
12.989279747,80.2188796997,73696,73705,9
12.9885702133,80.2186508179,73705,73716,11
12.9877195358,80.218460083,73716,73726,10
12.9869604111,80.2183380127,73726,73736,10
12.9868001938,80.2183227539,73736,73746,10
12.9866895676,80.2182769775,73746,73757,11
12.9862699509,80.2181625366,73757,73767,10
12.9856004715,80.2180099487,73767,73777,10
12.9847803116,80.2180023193,73777,73787,10
12.9839496613,80.2180328369,73787,73807,20
12.9839496613,80.2180328369,73807,73816,9
12.9839000702,80.2180404663,73816,73827,11
12.9834699631,80.2180175781,73827,73837,10
12.982919693,80.2180175781,73837,73847,10
12.9821500778,80.2180099487,73847,73857,10
12.9813699722,80.2181091309,73857,73867,10
12.9806804657,80.2183303833,73867,73878,11
12.9799804688,80.2185974121,73878,73888,10
12.9793901443,80.2188415527,73888,73898,10
12.978770256,80.219078064,73898,73908,10
12.9781999588,80.2193069458,73908,73918,10
12.977519989,80.2195968628,73918,73928,10
12.9767398834,80.2199325562,73928,73938,10
12.9759502411,80.2202987671,73938,73948,10
12.9755401611,80.2205963135,73948,74029,81
12.9755401611,80.2205963135,74029,74039,10
12.9754600525,80.2208633423,74039,74049,10
12.9757404327,80.2211532593,74049,74059,10
12.9758300781,80.221206665,74059,74069,10
12.9759902954,80.2213821411,74069,74079,10
12.9761199951,80.2215805054,74079,74089,10
12.976269722,80.2217483521,74089,74120,31
12.976269722,80.2217483521,74120,74130,10
12.9763298035,80.2220611572,74130,74140,10
12.9765300751,80.222366333,74140,74150,10
12.9768400192,80.2228164673,74150,74160,10
12.9771995544,80.2233810425,74160,74170,10
12.9776096344,80.2240066528,74170,74180,10
12.9780197144,80.2246398926,74180,74190,10
12.9783802032,80.225227356,74190,74200,10
12.9787302017,80.2257995605,74200,74210,10
12.9791202545,80.2264175415,74210,74220,10
12.9795103073,80.2270584106,74220,74231,11
12.9799699783,80.2277908325,74231,74241,10
12.9803800583,80.2285003662,74241,74257,16
12.980890274,80.2294006348,74257,74269,12
12.9812202454,80.2299118042,74269,74279,10
12.9814996719,80.2303390503,74279,74289,10
12.9816799164,80.2306213379,74289,74299,10
12.9816999435,80.2306594849,74299,74308,9
12.9817895889,80.2308807373,74308,74319,11
12.9819698334,80.2314529419,74319,74329,10
12.9820203781,80.2320709229,74329,74340,11
12.9819602966,80.2326965332,74340,74350,10
12.9818000793,80.2331314087,74350,74360,10
12.981710434,80.2333374023,74360,74370,10
12.9816198349,80.2335510254,74370,74380,10
12.9815797806,80.2336196899,74380,74390,10
12.9815597534,80.2336502075,74390,74400,10
12.9813995361,80.2339782715,74400,74410,10
12.9812602997,80.2342834473,74410,74420,10
12.9812202454,80.2344284058,74420,74430,10
12.981180191,80.2347793579,74430,74440,10
12.9811897278,80.2353591919,74440,74450,10
12.9812202454,80.2360610962,74450,74461,11
12.9812402725,80.2369308472,74461,74471,10
12.9812602997,80.2377319336,74471,74481,10
12.981300354,80.2387466431,74481,74501,20
12.981300354,80.2387466431,74501,74511,10
12.981300354,80.2389831543,74511,74521,10
12.9813203812,80.2394790649,74521,74531,10
12.9813299179,80.2399368286,74531,74541,10
12.9813499451,80.2405471802,74541,74551,10
12.9813699722,80.2412414551,74551,74561,10
12.9813604355,80.2419204712,74561,74572,11
12.9813804626,80.2424926758,74572,74582,10
12.9813804626,80.2428817749,74582,74592,10
12.9813699722,80.2429428101,74592,74602,10
12.9813699722,80.2429733276,74602,74612,10
12.9813499451,80.2432937622,74612,74622,10
12.9813299179,80.2437820435,74622,74632,10
12.9812297821,80.2444534302,74632,74642,10
12.9811201096,80.2452468872,74642,74652,10
12.981010437,80.2461166382,74652,74662,10
12.980919838,80.2470626831,74662,74678,16
12.9807796478,80.2485809326,74678,74690,12
12.9806995392,80.2495727539,74690,74701,11
12.9806003571,80.2501220703,74701,74711,10
12.980389595,80.2509918213,74711,74721,10
12.9801797867,80.2517700195,74721,74731,10
12.9800596237,80.2523269653,74731,74761,30
12.9800596237,80.2523269653,74761,74771,10
12.980050087,80.2524414063,74771,74781,10
12.9801702499,80.2526321411,74781,74791,10
12.9806003571,80.2527236938,74791,74801,10
12.9812803268,80.2526931763,74801,74812,11
12.9821796417,80.2526779175,74812,74830,18
12.9838695526,80.252456665,74830,74842,12
12.9849300385,80.2521591187,74842,74852,10
12.9856595993,80.2519607544,74852,74862,10
12.9865503311,80.251739502,74862,74872,10
12.9871501923,80.2515335083,74872,74993,121
12.9871501923,80.2515335083,74993,75003,10
12.9872398376,80.2515182495,75003,75013,10
12.9875202179,80.2514419556,75013,75023,10
12.987859726,80.2515487671,75023,75033,10
12.9879598618,80.2520217896,75033,75044,11
12.987950325,80.2527999878,75044,75054,10
12.987859726,80.2537002563,75054,75064,10
12.9877796173,80.2544631958,75064,75074,10
12.9876899719,80.2554779053,75074,75255,181
12.9876899719,80.2554779053,75255,75266,11
12.9876298904,80.2558135986,75266,75276,10
12.9875802994,80.2560577393,75276,75286,10
12.9875202179,80.2564926147,75286,75296,10
12.9874801636,80.257019043,75296,75306,10
12.9874200821,80.2576522827,75306,75316,10
12.9873800278,80.2583694458,75316,75326,10
12.9873199463,80.2590179443,75326,75336,10
12.9872198105,80.2593765259,75336,75346,10
12.9871997833,80.2596206665,75346,75387,41
12.9871997833,80.2596206665,75387,75397,10
12.9869403839,80.2596511841,75397,75407,10
12.9867200851,80.2596282959,75407,75417,10
12.9865398407,80.2594985962,75417,75427,10
12.9865598679,80.2593078613,75427,75437,10
12.9866199493,80.259147644,75437,75447,10
12.9868497849,80.2591705322,75447,75578,131
12.9868497849,80.2591705322,75578,75588,10
12.9872102737,80.2591629028,75588,75598,10
12.987279892,80.2591400146,75598,75608,10
12.9873304367,80.2589035034,75608,75619,11
12.9873600006,80.2583999634,75619,75629,10
12.9873895645,80.2579803467,75629,75639,10
12.9874296188,80.2575302124,75639,75649,10
12.9874696732,80.2569503784,75649,75659,10
12.9875297546,80.2562103271,75659,75760,101
12.9875297546,80.2562103271,75760,75770,10
12.9874801636,80.2560424805,75770,75780,10
12.9875402451,80.2558288574,75780,75790,10
12.9876203537,80.2554702759,75790,75800,10
12.9876403809,80.2550964355,75800,75810,10
12.9876499176,80.2549819946,75810,75820,10
12.9876804352,80.2545166016,75820,75830,10
12.9877500534,80.2538604736,75830,75840,10
12.9878196716,80.2530517578,75840,75851,11
12.9878396988,80.2521209717,75851,75861,10
12.987739563,80.2517471313,75861,75871,10
12.9877300262,80.2517166138,75871,75881,10
12.987449646,80.2516326904,75881,75897,16
12.9865999222,80.2517929077,75897,75909,12
12.9856901169,80.2520065308,75909,75919,10
12.9847602844,80.252281189,75919,75929,10
12.9837503433,80.2525405884,75929,75939,10
12.9827098846,80.2527236938,75939,75949,10
12.9816303253,80.252746582,75949,75959,10
12.9806098938,80.2527770996,75959,75970,11
12.9800300598,80.2528076172,75970,75990,20
12.9800300598,80.2528076172,75990,76000,10
12.979809761,80.2527236938,76000,76010,10
12.9798603058,80.2521286011,76010,76040,30
12.9798603058,80.2521286011,76040,76050,10
12.9799499512,80.2518692017,76050,76060,10
12.9801397324,80.2513580322,76060,76070,10
12.980340004,80.2506408691,76070,76081,11
12.9805698395,80.2496795654,76081,76091,10
12.9806804657,80.2486801147,76091,76101,10
12.9807596207,80.2476425171,76101,76111,10
12.9808597565,80.2465286255,76111,76121,10
12.9809904099,80.2453536987,76121,76131,10
12.9811201096,80.2442398071,76131,76141,10
12.981180191,80.2437133789,76141,76151,10
12.9812602997,80.2433624268,76151,76161,10
12.9812803268,80.243019104,76161,76177,16
12.9812898636,80.2428588867,76177,76189,12
12.981300354,80.2427597046,76189,76198,9
12.981300354,80.2424468994,76198,76210,12
12.981300354,80.2418136597,76210,76220,10
12.981300354,80.2411193848,76220,76230,10
12.981300354,80.2405471802,76230,76240,10
12.9812803268,80.2398910522,76240,76250,10
12.9812602997,80.2395095825,76250,76260,10
12.9812602997,80.2393035889,76260,76270,10
12.9812402725,80.2387008667,76270,76280,10
12.9812202454,80.2381286621,76280,76290,10
12.9812202454,80.2380065918,76290,76301,11
12.9812202454,80.2376708984,76301,76312,11
12.9812002182,80.2370300293,76312,76322,10
12.981180191,80.2362594604,76322,76332,10
12.9811496735,80.2353820801,76332,76342,10
12.9811401367,80.2345275879,76342,76352,10
12.9814100266,80.2337036133,76352,76361,9
12.9815196991,80.2334823608,76361,76372,11
12.9815597534,80.2333984375,76372,76382,10
12.9817399979,80.233039856,76382,76392,10
12.9819002151,80.2325820923,76392,76402,10
12.9819402695,80.232208252,76402,76412,10
12.9819297791,80.2318115234,76412,76422,10
12.9819002151,80.2314376831,76422,76433,11
12.9818000793,80.2310028076,76433,76443,10
12.9814996719,80.2304382324,76443,76453,10
12.981089592,80.2297897339,76453,76463,10
12.9806900024,80.2291564941,76463,76483,20
12.9806900024,80.2291564941,76483,76493,10
12.9805603027,80.2289123535,76493,76503,10
12.9803104401,80.2284622192,76503,76513,10
12.9800300598,80.2279510498,76513,76523,10
12.9796600342,80.2273635864,76523,76533,10
12.9793395996,80.2268218994,76533,76543,10
12.9790000916,80.226272583,76543,76554,11
12.9786300659,80.2256317139,76554,76564,10
12.9783201218,80.2250976563,76564,76574,10
12.9781503677,80.2248382568,76574,76584,10
12.9780302048,80.224647522,76584,76594,10
12.977930069,80.2245483398,76594,76604,10
12.9777898788,80.2243423462,76604,76614,10
12.9776601791,80.2240982056,76614,76624,10
12.9775896072,80.2239074707,76624,76634,10
12.9775400162,80.223777771,76634,76644,10
12.9774703979,80.2236862183,76644,76654,10
12.9772396088,80.2234191895,76654,76695,41
12.9772396088,80.2234191895,76695,76705,10
12.9770498276,80.2230834961,76705,76715,10
12.9768400192,80.2227783203,76715,76735,20
12.9768400192,80.2227783203,76735,76745,10
12.9766998291,80.2225799561,76745,76755,10
12.9764995575,80.2222366333,76755,76775,20
12.9764995575,80.2222366333,76775,76786,11
12.9763498306,80.2220306396,76786,76796,10
12.9761600494,80.2217483521,76796,76856,60
12.9761600494,80.2217483521,76856,76866,10
12.9761104584,80.2214508057,76866,76876,10
12.9758996964,80.2212524414,76876,76886,10
12.9757900238,80.2211837769,76886,76897,11
12.9756202698,80.2210464478,76897,76917,20
12.9756202698,80.2210464478,76917,76927,10
12.9753704071,80.2207565308,76927,76937,10
12.9754104614,80.2205200195,76937,76947,10
12.9756698608,80.2202911377,76947,76957,10
12.9761800766,80.2200393677,76957,76967,10
12.9768199921,80.2197570801,76967,76977,10
12.9775600433,80.2194595337,76977,76987,10
12.9783296585,80.2191467285,76987,76997,10
12.9787797928,80.2189788818,76997,77008,11
12.9794197083,80.2187194824,77008,77018,10
12.9799804688,80.21849823,77018,77028,10
12.9805698395,80.2182693481,77028,77038,10
12.9812202454,80.2180633545,77038,77048,10
12.9819602966,80.2179031372,77048,77058,10
12.982460022,80.2179031372,77058,77068,10
12.9829797745,80.2178878784,77068,77078,10
12.9836397171,80.217880249,77078,77088,10
12.9838199615,80.217880249,77088,77098,10
12.9840803146,80.217880249,77098,77108,10
12.984629631,80.217880249,77108,77118,10
12.9853096008,80.217880249,77118,77129,11
12.9861402512,80.2180175781,77129,77139,10
12.9868402481,80.2181777954,77139,77149,10
12.9872903824,80.2182617188,77149,77159,10
12.9872999191,80.2182617188,77159,77169,10
12.9874897003,80.2183303833,77169,77179,10
12.9878902435,80.2183990479,77179,77189,10
12.9883298874,80.2185287476,77189,77199,10
12.9889602661,80.2187194824,77199,77209,10
12.9897003174,80.2189788818,77209,77219,10
12.9905700684,80.2192611694,77219,77229,10
12.9914798737,80.2194976807,77229,77239,10
12.9921998978,80.2190704346,77239,77249,10
12.9929599762,80.2185211182,77249,77260,11
12.9937896729,80.2179107666,77260,77270,10
12.9944295883,80.2174301147,77270,77280,10
12.9948301315,80.2171325684,77280,77290,10
12.9952201843,80.2168884277,77290,77300,10
12.9957895279,80.2166671753,77300,77310,10
12.9964799881,80.2165527344,77310,77320,10
12.997130394,80.2164611816,77320,77330,10
12.9974803925,80.2161178589,77330,77340,10
12.9975500107,80.2160568237,77340,77350,10
12.997759819,80.2158889771,77350,77360,10
12.9981403351,80.2155609131,77360,77371,11
12.9986000061,80.215133667,77371,77387,16
12.9991903305,80.2146377563,77387,77399,12
12.9996299744,80.2142486572,77399,77409,10
12.9999303818,80.2139892578,77409,77419,10
13.00041008,80.2135467529,77419,77429,10
13.0010404587,80.2130203247,77429,77438,9
13.0015602112,80.212638855,77438,77449,11
13.0022802353,80.2121963501,77449,77459,10
13.0030097961,80.2120819092,77459,77469,10
13.0035600662,80.2119827271,77469,77480,11
13.0036497116,80.2115631104,77480,77490,10
13.0036401749,80.2109375,77490,77500,10
13.0035495758,80.2103118896,77500,77510,10
13.003490448,80.2096786499,77510,77520,10
13.0035600662,80.2091598511,77520,77530,10
13.0039701462,80.2086181641,77530,77540,10
13.004650116,80.2089309692,77540,77550,10
13.0054101944,80.2092666626,77550,77560,10
13.006070137,80.2095336914,77560,77570,10
13.0063295364,80.2096176147,77570,77580,10
13.0066003799,80.2097167969,77580,77590,10
13.006939888,80.2098236084,77590,77601,11
13.007229805,80.2098693848,77601,77651,50
13.007229805,80.2098693848,77651,77661,10
13.0077896118,80.2099914551,77661,77671,10
13.0081300735,80.2099609375,77671,77681,10
13.0080299377,80.2094268799,77681,77691,10
13.0079097748,80.2086868286,77691,77701,10
13.0077896118,80.2078323364,77701,77712,11
13.0076198578,80.206817627,77712,77722,10
13.0074796677,80.2058563232,77722,77732,10
13.0074396133,80.2050018311,77732,77742,10
13.0074396133,80.2043228149,77742,77752,10
13.007399559,80.2037124634,77752,77762,10
13.0072698593,80.2029800415,77762,77772,10
13.0068798065,80.2025604248,77772,77782,10
13.0065097809,80.2029037476,77782,77792,10
13.0067300797,80.203338623,77792,77802,10
13.0071401596,80.2035598755,77802,77812,10
13.0076799393,80.2037124634,77812,77822,10
13.0083904266,80.2037200928,77822,77833,11
13.009349823,80.2036590576,77833,77843,10
13.0103502274,80.20362854,77843,77853,10
13.0113801956,80.2037200928,77853,77863,10
13.0123596191,80.2038803101,77863,77873,10
13.0131196976,80.2040634155,77873,77883,10
13.0134601593,80.2041625977,77883,77893,10
13.0135402679,80.2041473389,77893,77903,10
13.0138702393,80.2042388916,77903,77913,10
13.0144195557,80.2044525146,77913,77923,10
13.0149202347,80.2046203613,77923,77933,10
13.0149402618,80.2046203613,77933,77944,11
13.0150203705,80.2046203613,77944,77954,10
13.0153598785,80.2047424316,77954,77964,10
13.0158004761,80.2049484253,77964,77974,10
13.0161104202,80.2050704956,77974,77984,10
13.0163297653,80.2051315308,77984,77994,10
13.0166397095,80.2051696777,77994,78004,10
13.0168199539,80.2052612305,78004,78014,10
13.0170297623,80.2053985596,78014,78024,10
13.0175695419,80.2056121826,78024,78034,10
13.0180997849,80.2057723999,78034,78044,10
13.0186595917,80.2059402466,78044,78054,10
13.0186700821,80.2059402466,78054,78065,11
13.0189304352,80.2060394287,78065,78075,10
13.019490242,80.2061920166,78075,78085,10
13.0201997757,80.2062606812,78085,78095,10
13.0210399628,80.2062835693,78095,78105,10
13.0216398239,80.2063293457,78105,78115,10
13.0222597122,80.2063369751,78115,78125,10
13.022939682,80.2064666748,78125,78135,10
13.0236902237,80.2065811157,78135,78145,10
13.0241203308,80.2066268921,78145,78155,10
13.0242300034,80.2066726685,78155,78165,10
13.0245895386,80.2067718506,78165,78176,11
13.0252399445,80.2069473267,78176,78186,10
13.0259399414,80.2072677612,78186,78196,10
13.0265302658,80.2076034546,78196,78206,10
13.0273199081,80.2080688477,78206,78216,10
13.0280799866,80.2084732056,78216,78226,10
13.0289001465,80.2086868286,78226,78236,10
13.029709816,80.2089004517,78236,78246,10
13.030500412,80.2091217041,78246,78256,10
13.0311899185,80.2092971802,78256,78266,10
13.0314598083,80.2093582153,78266,78276,10
13.0315799713,80.2094192505,78276,78286,10
13.0319595337,80.2095413208,78286,78297,11
13.03262043,80.2096633911,78297,78307,10
13.0333404541,80.209777832,78307,78317,10
13.0341701508,80.2099609375,78317,78327,10
13.0349197388,80.2101593018,78327,78337,10
13.0349702835,80.2107086182,78337,78347,10
13.0349903107,80.2110977173,78347,78357,10
13.0349903107,80.2111206055,78357,78367,10
13.0349798203,80.2113189697,78367,78377,10
13.0348901749,80.2117919922,78377,78387,10
13.0350799561,80.2122192383,78387,78403,16
13.0361700058,80.2123031616,78403,78416,13
13.0371398926,80.2123031616,78416,78426,10
13.0377702713,80.2123184204,78426,78435,9
13.0387401581,80.2123031616,78435,78446,11
13.0397701263,80.2122879028,78446,78456,10
13.0406599045,80.2123031616,78456,78466,10
13.0417098999,80.2122879028,78466,78476,10
13.0426502228,80.2123031616,78476,78486,10
13.0439100266,80.2123031616,78486,78547,61
13.0439100266,80.2123031616,78547,78557,10
13.0441503525,80.2122802734,78557,78567,10
13.0446100235,80.2122802734,78567,78577,10
13.0452299118,80.2122497559,78577,78587,10
13.0459899902,80.2122192383,78587,78597,10
13.0468597412,80.2121963501,78597,78607,10
13.0478801727,80.212097168,78607,78617,10
13.0488595963,80.2119979858,78617,78627,10
13.0495595932,80.2119369507,78627,78638,11
13.049659729,80.2119369507,78638,78648,10
13.0497598648,80.2119522095,78648,78658,10
13.0500802994,80.2119522095,78658,78668,10
13.0505199432,80.2119827271,78668,78678,10
13.0509395599,80.2120437622,78678,78694,16
13.0521001816,80.2119979858,78694,78706,12
13.0530900955,80.211769104,78706,78716,10
13.0544099808,80.2114181519,78716,78736,20
13.0544099808,80.2114181519,78736,78746,10
13.0546798706,80.2114028931,78746,78756,10
13.0552101135,80.2114028931,78756,78767,11
13.0560703278,80.2114181519,78767,78777,10
13.0569601059,80.2114181519,78777,78787,10
13.0575895309,80.2113876343,78787,78797,10
13.0576400757,80.2113800049,78797,78807,10
13.0580501556,80.2114028931,78807,78817,10
13.0587396622,80.2114181519,78817,78835,18
13.0602397919,80.2115325928,78835,78847,12
13.0614595413,80.2116012573,78847,78855,8
13.0621995926,80.2116165161,78855,78867,12
13.0629997253,80.2115631104,78867,78877,10
13.0631799698,80.2115707397,78877,78888,11
13.0634803772,80.2116012573,78888,78898,10
13.0638904572,80.2115402222,78898,78908,10
13.0645103455,80.2113418579,78908,78918,10
13.0652103424,80.2109603882,78918,78928,10
13.0659399033,80.2103881836,78928,78938,10
13.0667104721,80.2097320557,78938,78948,10
13.06731987,80.2089080811,78948,78958,10
13.0677900314,80.2081604004,78958,78968,10
13.0684204102,80.2071914673,78968,78978,10
13.0689401627,80.2063522339,78978,78988,10
13.0693397522,80.2057113647,78988,78999,11
13.0695495605,80.2052764893,78999,79009,10
13.0696401596,80.205078125,79009,79019,10
13.0696601868,80.2048721313,79019,79029,10
13.0693597794,80.2048416138,79029,79039,10
13.0690202713,80.2052536011,79039,79069,30
13.0690202713,80.2052536011,79069,79079,10
13.0689296722,80.2053527832,79079,79089,10
13.0685796738,80.2054595947,79089,79099,10
13.0680103302,80.205291748,79099,79241,142
13.0680103302,80.205291748,79241,79251,10
13.0681695938,80.2050094604,79251,79261,10
13.0684995651,80.2048721313,79261,79271,10
13.0688495636,80.204750061,79271,79281,10
13.0691795349,80.2046966553,79281,79291,10
13.0692195892,80.2047195435,79291,79301,10
13.0694103241,80.204750061,79301,79311,10
13.0696802139,80.2048187256,79311,79342,31
13.0696802139,80.2048187256,79342,79352,10
13.0698099136,80.2049179077,79352,79362,10
13.0697202682,80.2053604126,79362,79372,10
13.0693101883,80.2059783936,79372,79382,10
13.068860054,80.2066879272,79382,79392,10
13.0683898926,80.2074279785,79392,79402,10
13.0678796768,80.2082519531,79402,79412,10
13.0673904419,80.2089996338,79412,79422,10
13.0668201447,80.2098236084,79422,79431,9
13.0661401749,80.2104263306,79431,79441,10
13.0653600693,80.2110824585,79441,79453,12
13.0642900467,80.2116394043,79453,79463,10
13.0637598038,80.2117614746,79463,79503,40
13.0637598038,80.2117614746,79503,79513,10
13.0634803772,80.2117385864,79513,79523,10
13.0629997253,80.2117919922,79523,79533,10
13.0623703003,80.211807251,79533,79543,10
13.061630249,80.2117385864,79543,79553,10
13.0607204437,80.211769104,79553,79563,10
13.0597696304,80.2117614746,79563,79574,11
13.0587596893,80.211730957,79574,79584,10
13.0579204559,80.2116928101,79584,79594,10
13.0569801331,80.2116775513,79594,79604,10
13.055970192,80.2116622925,79604,79614,10
13.0550298691,80.2116775513,79614,79623,9
13.0546598434,80.2116622925,79623,79634,11
13.0545597076,80.2116394043,79634,79644,10
13.0542097092,80.2116928101,79644,79654,10
13.053560257,80.2118377686,79654,79664,10
13.0527601242,80.2120285034,79664,79674,10
13.0520496368,80.2122192383,79674,79685,11
13.0511302948,80.2122879028,79685,79695,10
13.0504999161,80.2122268677,79695,79705,10
13.0502796173,80.2122192383,79705,79715,10
13.0502004623,80.2122421265,79715,79725,10
13.0498104095,80.2122192383,79725,79735,10
13.0492296219,80.2122497559,79735,79745,10
13.048500061,80.2122802734,79745,79755,10
13.047659874,80.212348938,79755,79765,10
13.0467100143,80.2124023438,79765,79775,10
13.0458297729,80.2124404907,79775,79785,10
13.044839859,80.2125015259,79785,79795,10
13.0444002151,80.2123794556,79795,79805,10
13.0447998047,80.2123031616,79805,79816,11
13.0455598831,80.2122573853,79816,79826,10
13.0464200974,80.2122192383,79826,79836,10
13.0470600128,80.2121429443,79836,79846,10
13.0470895767,80.2120666504,79846,79856,10
13.0470695496,80.2117614746,79856,79866,10
13.0470504761,80.2112579346,79866,79876,10
13.0470504761,80.2108383179,79876,79886,10
13.0474700928,80.2107696533,79886,79896,10
13.0481004715,80.2107925415,79896,79906,10
13.0488195419,80.2108001709,79906,79917,11
13.0493297577,80.2108383179,79917,79927,10
13.0496301651,80.2107391357,79927,79937,10
13.0496101379,80.2102813721,79937,79947,10
13.049539566,80.2096405029,79947,79957,10
13.0494403839,80.208946228,79957,79967,10
13.0492696762,80.2082366943,79967,79977,10
13.0490198135,80.2074966431,79977,79987,10
13.0488300323,80.2069320679,79987,79997,10
13.0489501953,80.2067871094,79997,80007,10
13.0492801666,80.2067871094,80007,80027,20
13.0494699478,80.2068786621,80027,80048,21
13.0494699478,80.2068786621,80048,80058,10
13.0498504639,80.2068786621,80058,80068,10
13.0503797531,80.2068405151,80068,80278,210
13.0503797531,80.2068405151,80278,80287,9
13.0506000519,80.2068786621,80287,80297,10
13.0509395599,80.2070083618,80297,80469,172
13.0509395599,80.2070083618,80469,80479,10
13.0510101318,80.2069778442,80479,80489,10
13.0510101318,80.207069397,80489,80500,11
13.0507898331,80.2072219849,80500,80510,10
13.0505895615,80.2069778442,80510,80520,10
13.0502300262,80.2068023682,80520,80812,292
13.050160408,80.20703125,80812,83606,2794
13.0501098633,80.2068099976,83606,83798,192
13.050069809,80.2071533203,83798,83969,171
13.050069809,80.2071533203,83969,83979,10
13.0501298904,80.206817627,83979,83990,11
13.0499801636,80.2071228027,83990,84111,121
13.0500297546,80.20677948,84111,84191,80
13.0501003265,80.2071228027,84191,84292,101
13.0501298904,80.2068405151,84292,84928,636
13.0501298904,80.2068405151,84928,84938,10
13.0501203537,80.207069397,84938,85624,686
