13.0766000748,80.2123184204,16,16,0
13.0769500732,80.2113265991,16,27,11
13.0771102905,80.2101135254,27,37,10
13.0771398544,80.2094573975,37,47,10
13.0771398544,80.2093276978,47,57,10
13.0770998001,80.2088775635,57,67,10
13.0770597458,80.2081298828,67,76,9
13.0770397186,80.2073516846,76,87,11
13.0769195557,80.2063064575,87,97,10
13.0767002106,80.2051467896,97,107,10
13.0764904022,80.203956604,107,117,10
13.0763196945,80.2034683228,117,127,10
13.0762996674,80.203338623,127,138,11
13.0761804581,80.2027511597,138,148,10
13.0761499405,80.2019805908,148,158,10
13.0761899948,80.201171875,158,168,10
13.0761604309,80.2002563477,168,178,10
13.0754203796,80.2000198364,178,188,10
13.073969841,80.2001800537,188,208,20
13.073969841,80.2001800537,208,218,10
13.0737800598,80.2003479004,218,228,10
13.0734100342,80.2007980347,228,239,11
13.0727901459,80.2015304565,239,249,10
13.072259903,80.2021789551,249,259,10
13.0721197128,80.2023391724,259,269,10
13.0720596313,80.2023773193,269,279,10
13.0717201233,80.2026901245,279,289,10
13.0712404251,80.2032623291,289,299,10
13.0706596375,80.2039337158,299,309,10
13.0700397491,80.2047424316,309,319,10
13.0697002411,80.205039978,319,329,10
13.069560051,80.2049179077,329,339,10
13.0692796707,80.2048416138,339,350,11
13.0689296722,80.205078125,350,390,40
13.0689296722,80.205078125,390,400,10
13.0687599182,80.2052612305,400,410,10
13.06828022,80.2054367065,410,426,16
13.0679597855,80.2053833008,426,438,12
13.0678901672,80.2051467896,438,751,313
13.0678901672,80.2051467896,751,761,10
13.0682096481,80.2049713135,761,792,31
13.0682096481,80.2049713135,792,802,10
13.0683403015,80.2049407959,802,812,10
13.0684700012,80.2049026489,812,822,10
13.0685997009,80.2048492432,822,832,10
13.0687303543,80.2048034668,832,842,10
13.0689001083,80.2047576904,842,852,10
13.0692396164,80.2047805786,852,882,30
13.0692396164,80.2047805786,882,893,11
13.0696401596,80.2048187256,893,973,80
13.0696401596,80.2048187256,973,983,10
13.0699796677,80.2047424316,983,993,10
13.0702600479,80.2043609619,993,1004,11
13.0708904266,80.2035980225,1004,1014,10
13.0716400146,80.2027206421,1014,1024,10
13.072259903,80.2019882202,1024,1034,10
13.0729799271,80.201171875,1034,1044,10
13.0737495422,80.2002792358,1044,1054,10
13.0744400024,80.1995010376,1054,1064,10
13.0752000809,80.1990814209,1064,1074,10
13.0760402679,80.1989974976,1074,1084,10
13.0766496658,80.1987075806,1084,1094,10
13.0764198303,80.198097229,1094,1104,10
13.0759296417,80.1983108521,1104,1115,11
13.0761098862,80.1991577148,1115,1125,10
13.0763101578,80.2001495361,1125,1135,10
13.0762996674,80.2014083862,1135,1145,10
13.0762901306,80.2027816772,1145,1155,10
13.0765695572,80.2040405273,1155,1165,10
13.0766601563,80.2043914795,1165,1175,10
13.0767202377,80.2047119141,1175,1185,10
13.0768404007,80.2054290771,1185,1195,10
13.0769996643,80.2064285278,1195,1205,10
13.0771102905,80.2075881958,1205,1216,11
13.0771799088,80.2088928223,1216,1226,10
13.0771903992,80.2102813721,1226,1236,10
13.0771598816,80.2106323242,1236,1246,10
13.0770998001,80.2109527588,1246,1256,10
13.0770101547,80.2116088867,1256,1266,10
13.0767402649,80.2122879028,1266,1276,10
13.0762395859,80.2130432129,1276,1286,10
13.0759401321,80.2134933472,1286,1296,10
13.0755701065,80.2142181396,1296,1306,10
13.0753097534,80.215133667,1306,1316,10
13.0751495361,80.2163314819,1316,1327,11
13.0750703812,80.2172012329,1327,1337,10
13.0750398636,80.2173461914,1337,1347,10
13.0749597549,80.2179412842,1347,1357,10
13.0748195648,80.2187194824,1357,1367,10
13.074640274,80.219619751,1367,1377,10
13.0745000839,80.2204971313,1377,1387,10
13.0744800568,80.2209472656,1387,1397,10
13.0744695663,80.2210388184,1397,1407,10
13.0744199753,80.221321106,1407,1417,10
13.0743398666,80.2219085693,1417,1427,10
13.0742301941,80.2227401733,1427,1438,11
13.0741195679,80.2236785889,1438,1448,10
13.0740699768,80.223777771,1448,1464,16
13.0739898682,80.2242202759,1464,1476,12
13.0739603043,80.2250366211,1476,1486,10
13.0739002228,80.2257614136,1486,1496,10
13.0739202499,80.2268981934,1496,1506,10
13.0740003586,80.2280197144,1506,1515,9
13.0741100311,80.2288894653,1515,1526,11
13.0744695663,80.2301101685,1526,1536,10
13.0748596191,80.2310562134,1536,1547,11
13.0750598907,80.2318725586,1547,1557,10
13.0751895905,80.2323684692,1557,1567,10
13.0753297806,80.2328033447,1567,1577,10
13.0754995346,80.2333908081,1577,1587,10
13.0757598877,80.2340621948,1587,1597,10
13.0760097504,80.2348480225,1597,1607,10
13.0761995316,80.2358398438,1607,1617,10
13.0763502121,80.2368392944,1617,1627,10
13.0765399933,80.2376708984,1627,1637,10
13.0767202377,80.2384414673,1637,1648,11
13.07695961,80.239402771,1648,1658,10
13.0771102905,80.2402496338,1658,1668,10
13.0773601532,80.2410430908,1668,1678,10
13.0775098801,80.2418670654,1678,1688,10
13.0776996613,80.24269104,1688,1698,10
13.0778198242,80.2435531616,1698,1708,10
13.0778999329,80.2442169189,1708,1718,10
13.07791996,80.2448425293,1718,1728,10
13.07791996,80.2448425293,1728,1738,10
13.0779304504,80.2457504272,1738,1748,10
13.0780897141,80.2468185425,1748,1759,11
13.0783195496,80.2479095459,1759,1769,10
13.078499794,80.2486572266,1769,1779,10
13.078619957,80.2493362427,1779,1789,10
13.0787801743,80.2500991821,1789,1800,11
13.0788202286,80.2510681152,1800,1811,11
13.0788202286,80.251991272,1811,1822,11
13.0787801743,80.2531204224,1822,1832,10
13.0788497925,80.2541732788,1832,1842,10
13.0789804459,80.255027771,1842,1852,10
13.0790395737,80.2561035156,1852,1864,12
13.0791702271,80.2574081421,1864,1873,9
13.0792798996,80.2583999634,1873,1884,11
13.0794296265,80.2596282959,1884,1894,10
13.0797100067,80.2610321045,1894,1904,10
13.0801200867,80.262260437,1904,1914,10
13.080329895,80.263130188,1914,1924,10
13.0803899765,80.2633285522,1924,1934,10
13.0805101395,80.2638473511,1934,1944,10
13.0806703568,80.2647628784,1944,1954,10
13.0807304382,80.2658615112,1954,1964,10
13.0807104111,80.2670516968,1964,1975,11
13.0806999207,80.2677383423,1975,1985,10
13.0806798935,80.2679977417,1985,1995,10
13.0807104111,80.2686462402,1995,2005,10
13.0807504654,80.2695922852,2005,2015,10
13.0808200836,80.2706832886,2015,2025,10
13.0811595917,80.2713623047,2025,2035,10
13.0814599991,80.2721786499,2035,2045,10
13.0814304352,80.2731399536,2045,2055,10
13.0815200806,80.2741165161,2055,2064,9
13.081609726,80.2747421265,2064,2074,10
13.0817499161,80.2752914429,2074,2086,12
13.0819597244,80.2756271362,2086,2106,20
13.0819597244,80.2756271362,2106,2116,10
13.081990242,80.2758407593,2116,2126,10
13.0818395615,80.2760696411,2126,2136,10
13.0818300247,80.2765197754,2136,2146,10
13.0818796158,80.2771377563,2146,2156,10
13.0820398331,80.2780990601,2156,2166,10
13.0821199417,80.2791213989,2166,2176,10
13.0822296143,80.2802886963,2176,2186,10
13.0823202133,80.2814788818,2186,2197,11
13.0828800201,80.2821578979,2197,2207,10
13.083820343,80.2827529907,2207,2217,10
13.0846004486,80.2832870483,2217,2227,10
13.0848903656,80.2835769653,2227,2237,10
13.0851697922,80.2838821411,2237,2247,10
13.0855102539,80.2836380005,2247,2257,10
13.0859899521,80.2836074829,2257,2267,10
13.0863704681,80.2837295532,2267,2277,10
13.0868501663,80.283821106,2277,2287,10
13.0874795914,80.2837905884,2287,2297,10
13.0878400803,80.2837295532,2297,2550,253
13.0878400803,80.2837295532,2550,2560,10
13.0881099701,80.2836227417,2560,2580,20
13.0881099701,80.2836227417,2580,2590,10
13.0882101059,80.2834014893,2590,2600,10
13.088259697,80.2828674316,2600,2610,10
13.088259697,80.282119751,2610,2620,10
13.0878696442,80.2814865112,2620,2631,11
13.0869102478,80.2811965942,2631,2641,10
13.0859298706,80.2808990479,2641,2651,10
13.0856304169,80.2802276611,2651,2661,10
13.0851898193,80.2794418335,2661,2671,10
13.0841798782,80.2792205811,2671,2681,10
13.0833396912,80.2789993286,2681,2691,10
13.0825099945,80.2786483765,2691,2701,10
13.0822000504,80.2785110474,2701,2717,16
13.081990242,80.2780075073,2717,2729,12
13.0818796158,80.2771224976,2729,2740,11
13.0815296173,80.2751998901,2740,2760,20
13.0815296173,80.2751998901,2760,2770,10
13.0815401077,80.275100708,2770,2780,10
13.0815401077,80.2749099731,2780,2790,10
13.0814800262,80.2744827271,2790,2800,10
13.0814304352,80.2738876343,2800,2810,10
13.0813999176,80.2735900879,2810,2840,30
13.0813999176,80.2735900879,2840,2850,10
13.0813903809,80.2734909058,2850,2861,11
13.0813598633,80.2732086182,2861,2871,10
13.0814504623,80.2728118896,2871,2881,10
13.0814504623,80.2722473145,2881,2891,10
13.0812597275,80.2714996338,2891,2901,10
13.0809497833,80.2711868286,2901,2911,10
13.0808095932,80.2708816528,2911,2921,10
13.0807600021,80.2704086304,2921,2931,10
13.0807800293,80.2696380615,2931,2941,10
13.0807600021,80.2686767578,2941,2952,11
13.0807304382,80.2675323486,2952,2962,10
13.0807504654,80.2666168213,2962,2972,10
13.080739975,80.26587677,2972,2982,10
13.0806798935,80.2651519775,2982,2992,10
13.0805397034,80.2643890381,2992,3002,10
13.0803098679,80.2634963989,3002,3012,10
13.0801696777,80.2628707886,3012,3022,10
13.080160141,80.262840271,3022,3032,10
13.0801801682,80.2627105713,3032,3042,10
13.0801296234,80.2622299194,3042,3052,10
13.0799102783,80.2614517212,3052,3063,11
13.0796403885,80.2604980469,3063,3073,10
13.0794401169,80.2595825195,3073,3083,10
13.07929039,80.2587814331,3083,3093,10
13.0792303085,80.2578811646,3093,3103,10
13.0791702271,80.2568511963,3103,3113,10
13.079079628,80.2559967041,3113,3123,10
13.0789699554,80.2551269531,3123,3133,10
13.0789403915,80.2547607422,3133,3143,10
13.0789299011,80.2545394897,3143,3153,10
13.0788803101,80.2540664673,3153,3164,11
13.0787801743,80.2532501221,3164,3174,10
13.0788097382,80.2524032593,3174,3184,10
13.0788097382,80.2518463135,3184,3194,10
13.0787200928,80.2516403198,3194,3204,10
13.0786104202,80.2512893677,3204,3214,10
13.0785598755,80.2506408691,3214,3224,10
13.078789711,80.25,3224,3234,10
13.0786600113,80.2492828369,3234,3244,10
13.0784902573,80.2486877441,3244,3254,10
13.0784597397,80.2485580444,3254,3264,10
13.0783996582,80.2481002808,3264,3275,11
13.0782403946,80.2472763062,3275,3285,10
13.0780801773,80.2463226318,3285,3295,10
13.0780200958,80.2454528809,3295,3305,10
13.0778398514,80.2441864014,3305,3315,10
13.0778102875,80.243270874,3315,3325,10
13.0776596069,80.2422714233,3325,3335,10
13.077460289,80.2413787842,3335,3346,11
13.0772399902,80.2407226563,3346,3356,10
13.0771503448,80.2401885986,3356,3366,10
13.0771503448,80.2400894165,3366,3376,10
13.0770998001,80.2397384644,3376,3387,11
13.0769300461,80.2391204834,3387,3397,10
13.0767002106,80.2383422852,3397,3407,10
13.0765399933,80.2375564575,3407,3417,10
13.0763301849,80.2367019653,3417,3427,10
13.0761604309,80.2357177734,3427,3437,10
13.0759801865,80.2348632813,3437,3447,10
13.0756797791,80.2339324951,3447,3457,10
13.0753498077,80.2329177856,3457,3467,10
13.0750904083,80.2319488525,3467,3477,10
13.0749702454,80.2311630249,3477,3488,11
13.0746202469,80.2303009033,3488,3498,10
13.074379921,80.229598999,3498,3508,10
13.0742397308,80.2289123535,3508,3518,10
13.074090004,80.2280578613,3518,3528,10
13.0740203857,80.2271118164,3528,3538,10
13.0739297867,80.2261276245,3538,3548,10
13.0739803314,80.2251205444,3548,3558,10
13.0740003586,80.224937439,3558,3568,10
13.0740203857,80.2245864868,3568,3578,10
13.0740804672,80.2238922119,3578,3588,10
13.0741796494,80.2229614258,3588,3599,11
13.0742702484,80.221862793,3599,3609,10
13.074379921,80.2208862305,3609,3619,10
13.0744895935,80.2201690674,3619,3629,10
13.0745897293,80.2197036743,3629,3639,10
13.0745897293,80.2196273804,3639,3649,10
13.0746898651,80.2192611694,3649,3659,10
13.0748195648,80.2185897827,3659,3669,10
13.0749197006,80.2179107666,3669,3679,10
13.0750398636,80.2171096802,3679,3689,10
13.0750703812,80.2164306641,3689,3699,10
13.0750999451,80.2163467407,3699,3710,11
13.0751695633,80.2159576416,3710,3720,10
13.0752897263,80.2152633667,3720,3730,10
13.075510025,80.2144012451,3730,3740,10
13.0759296417,80.2134399414,3740,3750,10
13.0761003494,80.213142395,3750,3760,10
13.0762701035,80.212928772,3760,3770,10
13.0766201019,80.2124176025,3770,3780,10
13.07695961,80.2117385864,3780,3790,10
13.0770597458,80.2109985352,3790,3800,10
13.0771102905,80.2105865479,3800,3810,10
13.0771303177,80.2103729248,3810,3821,11
13.0772399902,80.2096328735,3821,3831,10
13.0771903992,80.2086791992,3831,3841,10
13.0771198273,80.2075119019,3841,3851,10
13.0770101547,80.2063217163,3851,3861,10
13.0767803192,80.2051010132,3861,3870,9
13.0765895844,80.2040481567,3870,3881,11
13.0763196945,80.2029418945,3881,3891,10
13.076210022,80.2017974854,3891,3901,10
13.0762996674,80.2009429932,3901,3911,10
13.076210022,80.2001800537,3911,3921,10
13.0754404068,80.200012207,3921,3932,11
13.0744199753,80.1998977661,3932,3942,10
13.0737304688,80.2004165649,3942,3952,10
13.07310009,80.2011413574,3952,3962,10
13.0724201202,80.2019729614,3962,3972,10
13.0718803406,80.2026062012,3972,3982,10
13.071149826,80.2033691406,3982,3992,10
13.0704898834,80.2041397095,3992,4002,10
13.0698795319,80.205039978,4002,4051,49
13.0698795319,80.205039978,4051,4061,10
13.0696601868,80.2049407959,4061,4071,10
13.0694704056,80.2048416138,4071,4081,10
13.0691900253,80.2048797607,4081,4090,9
13.0689697266,80.205039978,4090,4101,11
13.068810463,80.2052536011,4101,4111,10
13.0684499741,80.2054824829,4111,4121,10
13.0680198669,80.205406189,4121,4475,354
13.0680198669,80.2050628662,4475,5282,807
13.0680198669,80.2050628662,5282,5292,10
13.068189621,80.2050018311,5292,5302,10
13.0684499741,80.2049179077,5302,5322,20
13.0684499741,80.2049179077,5322,5333,11
13.0687198639,80.2048034668,5333,5343,10
13.0688400269,80.2047576904,5343,5352,9
13.0690402985,80.2047195435,5352,5363,11
13.0690698624,80.2047195435,5363,5373,10
13.0693798065,80.204750061,5373,5393,20
13.0693798065,80.204750061,5393,5403,10
13.0695400238,80.204788208,5403,5423,20
13.0695400238,80.204788208,5423,5434,11
13.0699100494,80.204826355,5434,5444,10
13.0700998306,80.2045974731,5444,5454,10
13.0703601837,80.2042388916,5454,5464,10
13.0707597733,80.2037506104,5464,5474,10
13.0713100433,80.2031097412,5474,5484,10
13.0719203949,80.2024002075,5484,5494,10
13.0723600388,80.2018966675,5494,5504,10
13.0726804733,80.2015304565,5504,5514,10
13.0731496811,80.2009963989,5514,5524,10
13.0736999512,80.2003326416,5524,5534,10
13.0741901398,80.1997299194,5534,5545,11
13.0747900009,80.1992034912,5545,5555,10
13.0755395889,80.1990432739,5555,5565,10
13.076259613,80.1990127563,5565,5575,10
13.0766801834,80.1986465454,5575,5585,10
13.0764503479,80.1980895996,5585,5595,10
13.0759601593,80.1982803345,5595,5605,10
13.0760803223,80.1990203857,5605,5614,9
13.0762796402,80.1998596191,5614,5625,11
13.0763597488,80.2010879517,5625,5635,10
13.0762300491,80.202293396,5635,5645,10
13.0764198303,80.2031326294,5645,5656,11
13.0767002106,80.2043228149,5656,5666,10
13.0768995285,80.2054367065,5666,5676,10
13.0770597458,80.2067871094,5676,5686,10
13.0771303177,80.2081298828,5686,5696,10
13.077249527,80.2093582153,5696,5706,10
13.0771398544,80.2105102539,5706,5716,10
13.0769796371,80.2117004395,5716,5726,10
13.0764799118,80.212600708,5726,5736,10
13.0759000778,80.2135772705,5736,5746,10
13.0753602982,80.2145385742,5746,5755,9
13.0751895905,80.215461731,5755,5767,12
13.0751399994,80.2167129517,5767,5777,10
13.0751104355,80.2172012329,5777,5787,10
13.0750904083,80.2173233032,5787,5797,10
13.0749702454,80.2179031372,5797,5807,10
13.074839592,80.2187194824,5807,5817,10
13.0746603012,80.2196121216,5817,5827,10
13.0745096207,80.2203903198,5827,5837,10
13.0744199753,80.2205963135,5837,5847,10
13.0743703842,80.2209014893,5847,5888,41
13.0743703842,80.2209014893,5888,5898,10
13.0743703842,80.2211608887,5898,5908,10
13.074259758,80.2217025757,5908,5918,10
13.0741796494,80.2226333618,5918,5928,10
13.0740499496,80.2238006592,5928,5938,10
13.073969841,80.2249221802,5938,5948,10
13.0738801956,80.2260665894,5948,5958,10
13.0739297867,80.2271118164,5958,5968,10
13.0739803314,80.2278671265,5968,5979,11
13.0741100311,80.2288513184,5979,5989,10
13.0743503571,80.2296981812,5989,5999,10
13.0747404099,80.2305603027,5999,6009,10
13.0750398636,80.2313232422,6009,6019,10
13.0751495361,80.2320404053,6019,6029,10
13.0753202438,80.2326202393,6029,6039,10
13.0755796432,80.2335510254,6039,6049,10
13.0757703781,80.2339401245,6049,6059,10
13.075799942,80.2339935303,6059,6068,9
13.0758600235,80.2340316772,6068,6079,11
13.075920105,80.2344207764,6079,6090,11
13.0760803223,80.2350769043,6090,6100,10
13.0762395859,80.2359085083,6100,6110,10
13.0763702393,80.2367782593,6110,6120,10
13.0765800476,80.2376785278,6120,6130,10
13.0767498016,80.2385635376,6130,6140,10
13.0769996643,80.2395019531,6140,6150,10
13.0772304535,80.2403869629,6150,6160,10
13.0774002075,80.2410888672,6160,6170,10
13.0776100159,80.2421417236,6170,6180,10
13.077750206,80.2430114746,6180,6191,11
13.077870369,80.2439575195,6191,6201,10
13.0779304504,80.2448196411,6201,6211,10
13.0779895782,80.24584198,6211,6221,10
13.0781602859,80.2469787598,6221,6231,10
13.0783901215,80.248008728,6231,6241,10
13.0785598755,80.2487335205,6241,6251,10
13.0785903931,80.2488632202,6251,6261,10
13.078669548,80.2493515015,6261,6271,10
13.078789711,80.2499694824,6271,6281,10
13.0788297653,80.2507781982,6281,6291,10
13.0788602829,80.2515792847,6291,6302,11
13.0788297653,80.2526092529,6302,6312,10
13.0788297653,80.2536621094,6312,6322,10
13.0789604187,80.2548370361,6322,6332,10
13.0790300369,80.2559280396,6332,6342,10
13.0791501999,80.2570419312,6342,6352,10
13.07929039,80.2582168579,6352,6362,10
13.0794200897,80.2593307495,6362,6372,10
13.0796203613,80.2605209351,6372,6382,10
13.0800104141,80.2617416382,6382,6392,10
13.0802898407,80.2629165649,6392,6402,10
13.0805501938,80.2641372681,6402,6413,11
13.0807600021,80.2654495239,6413,6423,10
13.080739975,80.2666702271,6423,6433,10
13.0807199478,80.267829895,6433,6443,10
13.0807304382,80.2688903809,6443,6453,10
13.080739975,80.2698364258,6453,6463,10
13.080789566,80.2706298828,6463,6473,10
13.0809602737,80.2711105347,6473,6483,10
13.0813302994,80.2715835571,6483,6493,10
13.081489563,80.2723083496,6493,6503,10
13.0814304352,80.2730407715,6503,6513,10
13.081489563,80.2738113403,6513,6524,11
13.0815896988,80.2746124268,6524,6534,10
13.0817203522,80.2751083374,6534,6544,10
13.0818996429,80.275352478,6544,6554,10
13.0819702148,80.2755203247,6554,6564,10
13.0819797516,80.2755203247,6564,6574,10
13.0820198059,80.2757797241,6574,6590,16
13.0818395615,80.2762680054,6590,6602,12
13.0819597244,80.2770690918,6602,6612,10
13.0820503235,80.2780685425,6612,6622,10
13.0821199417,80.2790374756,6622,6633,11
13.0822401047,80.2802963257,6633,6643,10
13.0822896957,80.2813568115,6643,6653,10
13.082400322,80.2818069458,6653,6663,10
13.0831403732,80.2822723389,6663,6673,10
13.0839099884,80.2827529907,6673,6683,10
13.0848703384,80.2835235596,6683,6693,10
13.0853996277,80.2837600708,6693,6702,9
13.0856800079,80.2835998535,6702,6713,11
13.0862998962,80.2836380005,6713,6723,10
13.0867395401,80.2837982178,6723,6733,10
13.0873403549,80.2837524414,6733,6744,11
13.0879802704,80.2837524414,6744,6895,151
13.088060379,80.283996582,6895,7016,121
13.0881004333,80.2838134766,7016,7400,384
13.0881004333,80.2838134766,7400,7410,10
13.088259697,80.2835617065,7410,7420,10
13.0882902145,80.2833023071,7420,7430,10
13.0883102417,80.2828979492,7430,7440,10
13.0882902145,80.2823791504,7440,7450,10
13.0881795883,80.281867981,7450,7460,10
13.0878095627,80.281463623,7460,7470,10
13.0872602463,80.2812805176,7470,7480,10
13.0866298676,80.2810897827,7480,7490,10
13.0859804153,80.2809066772,7490,7501,11
13.0856800079,80.2804794312,7501,7511,10
13.0855398178,80.2799224854,7511,7521,10
13.0851402283,80.2794265747,7521,7531,10
13.08452034,80.2792816162,7531,7541,10
13.0838298798,80.2791671753,7541,7551,10
13.0831899643,80.2789230347,7551,7561,10
13.0825395584,80.2786178589,7561,7571,10
13.082159996,80.2784194946,7571,7581,10
13.0820198059,80.2781600952,7581,7591,10
13.0819396973,80.2776870728,7591,7601,10
13.0818004608,80.2768630981,7601,7612,11
13.0817203522,80.2764129639,7612,7622,10
13.0816202164,80.2758789063,7622,7632,10
13.0815296173,80.2752304077,7632,7672,40
13.0815296173,80.2752304077,7672,7682,10
13.0815401077,80.2751464844,7682,7692,10
13.0815296173,80.274848938,7692,7702,10
13.0814800262,80.2744216919,7702,7713,11
13.0814199448,80.2738571167,7713,7723,10
13.0813503265,80.2734375,7723,7753,30
13.0813503265,80.2734375,7753,7763,10
13.0813398361,80.2733078003,7763,7773,10
13.0813398361,80.2729873657,7773,7783,10
13.0814599991,80.2725524902,7783,7793,10
13.0813398361,80.2719497681,7793,7803,10
13.0810804367,80.2713470459,7803,7813,10
13.0808095932,80.2708892822,7813,7824,11
13.0807199478,80.270111084,7824,7834,10
13.0807199478,80.2692184448,7834,7844,10
13.0806798935,80.2682037354,7844,7854,10
13.0806598663,80.2670822144,7854,7864,10
13.0806903839,80.2659072876,7864,7874,10
13.080619812,80.2648925781,7874,7884,10
13.0804395676,80.2640228271,7884,7894,10
13.0801401138,80.262802124,7894,7904,10
13.0800600052,80.2621231079,7904,7914,10
13.0797395706,80.2611694336,7914,7924,10
13.0794897079,80.2601776123,7924,7935,11
13.07929039,80.2587890625,7935,7945,10
13.0791597366,80.2576293945,7945,7955,10
13.0790596008,80.2565307617,7955,7965,10
13.0789403915,80.2555084229,7965,7975,10
13.0788402557,80.2545318604,7975,7985,10
13.0787200928,80.2535324097,7985,7995,10
13.0787401199,80.2525100708,7995,8005,10
13.078669548,80.251663208,8005,8015,10
13.0785703659,80.2512664795,8015,8025,10
13.0785102844,80.2506484985,8025,8035,10
13.0787496567,80.2500534058,8035,8046,11
13.0786399841,80.2492599487,8046,8056,10
13.0784502029,80.248588562,8056,8066,10
13.0783004761,80.2478179932,8066,8076,10
13.0780897141,80.2468338013,8076,8086,10
13.0779304504,80.2456665039,8086,8096,10
13.0778198242,80.2445373535,8096,8106,10
13.0778102875,80.243598938,8106,8116,10
13.0776901245,80.2426300049,8116,8126,10
13.0775003433,80.2417526245,8126,8136,10
13.0772600174,80.2409133911,8136,8146,10
13.0771799088,80.2406463623,8146,8157,11
13.0771303177,80.2403717041,8157,8167,10
13.0770196915,80.2398605347,8167,8177,10
13.0768404007,80.2390975952,8177,8187,10
13.0766401291,80.23828125,8187,8197,10
13.0764503479,80.2375106812,8197,8207,10
13.0763301849,80.2369766235,8207,8217,10
13.0762195587,80.2364807129,8217,8227,10
13.0761203766,80.2357025146,8227,8237,10
13.0759401321,80.2348937988,8237,8247,10
13.0756597519,80.2340774536,8247,8258,11
13.0754003525,80.2332229614,8258,8268,10
13.0751304626,80.2323532104,8268,8278,10
13.0749797821,80.231552124,8278,8288,10
13.074760437,80.2308502197,8288,8298,10
13.0744800568,80.2301025391,8298,8308,10
13.0742502213,80.2293624878,8308,8318,10
13.0741195679,80.2285766602,8318,8328,10
13.0740098953,80.2278137207,8328,8338,10
13.0739402771,80.2269973755,8338,8348,10
13.0738601685,80.2261581421,8348,8358,10
13.0739097595,80.2253265381,8358,8369,11
13.0740003586,80.2244415283,8369,8379,10
13.0740804672,80.2236328125,8379,8389,10
13.0741596222,80.2228012085,8389,8399,10
13.0742197037,80.2220077515,8399,8409,10
13.0742902756,80.2212295532,8409,8419,10
13.0743904114,80.2204437256,8419,8429,10
13.0745401382,80.2197570801,8429,8439,10
13.0747203827,80.2189788818,8439,8449,10
13.0748500824,80.2181930542,8449,8459,10
13.0749197006,80.2174377441,8459,8469,10
13.0750303268,80.216796875,8469,8480,11
13.0751104355,80.2161483765,8480,8490,10
13.0752296448,80.2154312134,8490,8500,10
13.0754003525,80.2145767212,8500,8510,10
13.0757198334,80.2137527466,8510,8520,10
13.0761203766,80.2130737305,8520,8530,10
13.076499939,80.2124786377,8530,8540,10
13.076880455,80.2118835449,8540,8550,10
13.0770196915,80.21118927,8550,8560,10
13.0771198273,80.2103271484,8560,8570,10
13.0771903992,80.2093734741,8570,8581,11
13.0770902634,80.2082977295,8581,8591,10
13.0770702362,80.207321167,8591,8601,10
13.0769796371,80.2064285278,8601,8611,10
13.0768003464,80.2054519653,8611,8621,10
13.0766201019,80.2044296265,8621,8631,10
13.0763597488,80.2033920288,8631,8641,10
13.0761604309,80.2023010254,8641,8651,10
13.076210022,80.2012710571,8651,8661,10
13.0762701035,80.2004623413,8661,8671,10
13.0758199692,80.2000274658,8671,8681,10
13.0751104355,80.1999282837,8681,8691,10
13.0743198395,80.1999206543,8691,8702,11
13.0737600327,80.2004013062,8702,8718,16
13.0729904175,80.2013397217,8718,8730,12
13.0723600388,80.2021179199,8730,8740,10
13.0717697144,80.2027206421,8740,8750,10
13.0710802078,80.2034606934,8750,8760,10
13.0705795288,80.2040405273,8760,8770,10
13.0699300766,80.2049331665,8770,8780,10
13.0697002411,80.2049865723,8780,8790,10
13.0693502426,80.204826355,8790,8800,10
13.0689401627,80.2050323486,8800,8811,11
13.0684299469,80.2054595947,8811,8821,10
13.0680198669,80.2052383423,8821,9347,526
13.0679502487,80.2050628662,9347,9760,413
13.0680398941,80.2049331665,9760,9922,162
13.0684204102,80.2049179077,9922,9962,40
13.0687799454,80.2047729492,9962,9993,31
13.0690002441,80.2047195435,9993,10043,50
13.0690002441,80.2047195435,10043,10053,10
13.0692300797,80.2047424316,10053,10063,10
13.0695104599,80.2047729492,10063,10073,10
13.0697603226,80.2048110962,10073,10083,10
13.070019722,80.2047195435,10083,10093,10
13.0703401566,80.2042388916,10093,10104,11
13.0709104538,80.2035598755,10104,10114,10
13.071559906,80.2027816772,10114,10124,10
13.0723600388,80.2019195557,10124,10134,10
13.0731601715,80.2009811401,10134,10144,10
13.0740098953,80.1999664307,10144,10154,10
13.0746898651,80.1992721558,10154,10164,10
13.0749998093,80.1991195679,10164,10174,10
13.0754899979,80.1990203857,10174,10184,10
13.0763397217,80.1989593506,10184,10194,10
13.0766401291,80.1984710693,10194,10204,10
13.0762395859,80.1979980469,10204,10215,11
13.0759801865,80.1985626221,10215,10225,10
13.0761604309,80.1993103027,10225,10234,9
13.0763301849,80.2001571655,10234,10245,11
13.0763196945,80.2013931274,10245,10255,10
13.0762500763,80.2025299072,10255,10265,10
13.0764598846,80.2035293579,10265,10275,10
13.076669693,80.204498291,10275,10285,10
13.076880455,80.2057418823,10285,10295,10
13.0770597458,80.2068481445,10295,10305,10
13.0771102905,80.2079162598,10305,10316,11
13.0772104263,80.2091674805,10316,10326,10
13.077170372,80.2102584839,10326,10336,10
13.0771598816,80.210647583,10336,10346,10
13.0771198273,80.2109222412,10346,10356,10
13.0770397186,80.211479187,10356,10366,10
13.0768699646,80.2121124268,10366,10376,10
13.0764303207,80.2127380371,10376,10386,10
13.0759801865,80.2134017944,10386,10396,10
13.0754995346,80.2144088745,10396,10406,10
13.0752601624,80.2152481079,10406,10416,10
13.0751495361,80.2163467407,10416,10427,11
13.0750999451,80.2171173096,10427,10437,10
13.0750904083,80.2172012329,10437,10447,10
13.0750198364,80.217590332,10447,10457,10
13.0749197006,80.2181930542,10457,10467,10
13.0747699738,80.2190170288,10467,10477,10
13.0746002197,80.2199020386,10477,10487,10
13.0744800568,80.2207794189,10487,10497,10
13.0744800568,80.2209701538,10497,10507,10
13.0744104385,80.2212219238,10507,10517,10
13.0743198395,80.2217712402,10517,10527,10
13.0742301941,80.2225036621,10527,10538,11
13.0741500854,80.2234725952,10538,10548,10
13.074090004,80.2237625122,10548,10558,10
13.0740604401,80.2238693237,10558,10568,10
13.0740203857,80.2242889404,10568,10578,10
13.0739898682,80.224899292,10578,10588,10
13.0739202499,80.225692749,10588,10598,10
13.0739002228,80.2265014648,10598,10608,10
13.0739297867,80.2273635864,10608,10618,10
13.0740299225,80.228187561,10618,10628,10
13.0741195679,80.2289810181,10628,10638,10
13.0743598938,80.2297668457,10638,10649,11
13.0746898651,80.2305603027,10649,10659,10
13.0749597549,80.2312927246,10659,10669,10
13.0750904083,80.2320404053,10669,10679,10
13.0753002167,80.232711792,10679,10689,10
13.0754995346,80.2333984375,10689,10699,10
13.0757303238,80.2339782715,10699,10709,10
13.0759096146,80.2342529297,10709,10719,10
13.0759000778,80.2343215942,10719,10729,10
13.0759601593,80.2346420288,10729,10739,10
13.0760402679,80.2351379395,10739,10750,11
13.0761995316,80.2358093262,10750,10760,10
13.0762901306,80.2364425659,10760,10770,10
13.0764102936,80.2370986938,10770,10780,10
13.0765600204,80.2376708984,10780,10790,10
13.0766401291,80.2380218506,10790,10800,10
13.0767002106,80.2383422852,10800,10810,10
13.0768203735,80.238861084,10810,10820,10
13.0769500732,80.2394180298,10820,10830,10
13.0770797729,80.2399597168,10830,10840,10
13.0772895813,80.240737915,10840,10850,10
13.0774402618,80.2413787842,10850,10861,11
13.0775995255,80.2421188354,10861,10871,10
13.0777196884,80.2427902222,10871,10881,10
13.0778102875,80.2434616089,10881,10891,10
13.0778598785,80.2441329956,10891,10901,10
13.0778999329,80.244758606,10901,10911,10
13.0779495239,80.2455215454,10911,10921,10
13.0780000687,80.2463378906,10921,10931,10
13.0781402588,80.2470397949,10931,10941,10
13.0781698227,80.2471466064,10941,10951,10
13.0782299042,80.2473373413,10951,10961,10
13.0783395767,80.2478485107,10961,10972,11
13.0784597397,80.2484970093,10972,10982,10
13.0785598755,80.2489089966,10982,10992,10
13.0787000656,80.249671936,10992,11002,10
13.0788097382,80.2504425049,11002,11012,10
13.0788297653,80.2509689331,11012,11022,10
13.0788402557,80.2515411377,11022,11032,10
13.0788202286,80.2522277832,11032,11042,10
13.0788002014,80.2530822754,11042,11052,10
13.0788202286,80.2537078857,11052,11062,10
13.0788002014,80.2537765503,11062,11072,10
13.0788297653,80.2540588379,11072,11083,11
13.0789003372,80.2546615601,11083,11093,10
13.0790100098,80.2555084229,11093,11103,10
13.079079628,80.2565994263,11103,11113,10
13.0792102814,80.2575912476,11113,11123,10
13.0793199539,80.2585601807,11123,11132,9
13.0794095993,80.2593765259,11132,11143,11
13.0795602798,80.2603225708,11143,11153,10
13.0798797607,80.2613983154,11153,11163,10
13.0801000595,80.2622070313,11163,11173,10
13.0802402496,80.2627105713,11173,11184,11
13.080280304,80.2628707886,11184,11194,10
13.0803804398,80.2632598877,11194,11204,10
13.0805196762,80.2638320923,11204,11214,10
13.0806703568,80.2646408081,11214,11224,10
13.0807504654,80.265411377,11224,11234,10
13.0807600021,80.266242981,11234,11244,10
13.0807304382,80.267250061,11244,11254,10
13.080739975,80.268119812,11254,11264,10
13.0807504654,80.2682037354,11264,11274,10
13.0807600021,80.2685317993,11274,11284,10
13.0807600021,80.26902771,11284,11295,11
13.0807600021,80.2696762085,11295,11305,10
13.0807695389,80.2703399658,11305,11315,10
13.0809001923,80.2709579468,11315,11325,10
13.0812397003,80.2713775635,11325,11335,10
13.0814199448,80.2719573975,11335,11345,10
13.081489563,80.2722473145,11345,11355,10
13.081489563,80.2724380493,11355,11365,10
13.0815000534,80.2726364136,11365,11375,10
13.0814304352,80.2730102539,11375,11385,10
13.081489563,80.2735366821,11385,11395,10
13.0815496445,80.2741088867,11395,11406,11
13.0816202164,80.2746200562,11406,11416,10
13.081700325,80.275062561,11416,11426,10
13.0818996429,80.2753219604,11426,11436,10
13.0819797516,80.2755203247,11436,11476,40
13.0819797516,80.2755203247,11476,11486,10
13.081990242,80.2756576538,11486,11496,10
13.0819702148,80.2758331299,11496,11506,10
13.0818595886,80.2759933472,11506,11517,11
13.0818300247,80.2762832642,11517,11527,10
13.0818901062,80.2768630981,11527,11537,10
13.0819797516,80.2776794434,11537,11547,10
13.0820999146,80.2784118652,11547,11557,10
13.082110405,80.2789916992,11557,11567,10
13.0821895599,80.2797470093,11567,11576,9
13.0822601318,80.2804107666,11576,11587,11
13.0823202133,80.2812194824,11587,11597,10
13.0824403763,80.2818374634,11597,11607,10
13.0830698013,80.2822036743,11607,11618,11
13.0836801529,80.2826004028,11618,11628,10
13.0841999054,80.2829284668,11628,11638,10
13.0847301483,80.2833404541,11638,11648,10
13.0850801468,80.2837905884,11648,11658,10
13.0853395462,80.283782959,11658,11668,10
13.0855197906,80.2835998535,11668,11678,10
13.0858697891,80.2835769653,11678,11688,10
13.0862398148,80.2835693359,11688,11698,10
13.0865297318,80.2837524414,11698,11708,10
13.0869102478,80.2837524414,11708,11718,10
13.0873203278,80.283706665,11718,11729,11
13.0878896713,80.2836685181,11729,12344,615
13.0878896713,80.2836685181,12344,12354,10
13.088060379,80.2836227417,12354,12364,10
13.0882101059,80.2835083008,12364,12375,11
13.0883398056,80.2833328247,12375,12385,10
13.088350296,80.2829971313,12385,12395,10
13.0883598328,80.2824325562,12395,12405,10
13.0881996155,80.2817993164,12405,12415,10
13.0876703262,80.2813873291,12415,12425,10
13.0869598389,80.2811584473,12425,12435,10
13.086139679,80.2809295654,12435,12445,10
13.0857000351,80.2804107666,12445,12455,10
13.0854597092,80.2796173096,12455,12465,10
13.0846796036,80.2792892456,12465,12475,10
13.0839500427,80.2791671753,12475,12486,11
13.0836896896,80.2791137695,12486,12496,10
13.0832700729,80.2789382935,12496,12506,10
13.0827598572,80.278717041,12506,12516,10
13.0820398331,80.278213501,12516,12526,10
13.0820398331,80.278213501,12526,12536,10
13.0819797516,80.277671814,12536,12546,10
13.0818901062,80.2769927979,12546,12556,10
13.0817499161,80.2762527466,12556,12566,10
13.0816297531,80.2757263184,12566,12576,10
13.0815896988,80.2754974365,12576,12586,10
13.0815696716,80.2751998901,12586,12618,32
13.0815696716,80.2751998901,12618,12628,10
13.0815601349,80.2749862671,12628,12638,10
13.0815696716,80.2748184204,12638,12648,10
13.0815296173,80.2744064331,12648,12658,10
13.0814599991,80.2738571167,12658,12668,10
13.0814199448,80.2734603882,12668,12729,61
13.0814199448,80.2734603882,12729,12739,10
13.0814199448,80.2733612061,12739,12749,10
13.0813798904,80.2730178833,12749,12759,10
13.081489563,80.2725372314,12759,12769,10
13.0813703537,80.2719192505,12769,12779,10
13.0811395645,80.2713623047,12779,12789,10
13.080909729,80.2710800171,12789,12799,10
13.0807800293,80.2707138062,12799,12810,11
13.0807600021,80.270072937,12810,12820,10
13.0808000565,80.269317627,12820,12830,10
13.0808200836,80.2684173584,12830,12840,10
13.080739975,80.2674026489,12840,12850,10
13.0807199478,80.2663421631,12850,12860,10
13.0807104111,80.2652816772,12860,12870,10
13.080499649,80.2642822266,12870,12880,10
13.080160141,80.2627868652,12880,12900,20
13.080160141,80.2627868652,12900,12910,10
13.0801696777,80.2624969482,12910,12921,11
13.0800199509,80.2617797852,12921,12931,10
13.0797100067,80.2609634399,12931,12941,10
13.0795001984,80.2598419189,12941,12951,10
13.0792999268,80.2586517334,12951,12961,10
13.079199791,80.2574996948,12961,12971,10
13.0790901184,80.2565383911,12971,12981,10
13.0790300369,80.2556533813,12981,12991,10
13.0789804459,80.2545776367,12991,13001,10
13.078789711,80.2535324097,13001,13011,10
13.0788002014,80.2531967163,13011,13021,10
13.078789711,80.2529067993,13021,13032,11
13.0788202286,80.2522583008,13032,13049,17
13.0787000656,80.2516479492,13049,13061,12
13.0786399841,80.2511291504,13061,13069,8
13.0785799026,80.250579834,13069,13081,12
13.078789711,80.249961853,13081,13090,9
13.0786800385,80.2493515015,13090,13099,9
13.0785703659,80.248840332,13099,13111,12
13.078379631,80.2480010986,13111,13121,10
13.0782403946,80.2472000122,13121,13131,10
13.0781097412,80.246711731,13131,13141,10
13.0780601501,80.2459793091,13141,13152,11
13.0779399872,80.2451629639,13152,13162,10
13.077870369,80.244430542,13162,13172,10
13.0778903961,80.243850708,13172,13182,10
13.0778198242,80.2432403564,13182,13192,10
13.0777301788,80.2425994873,13192,13202,10
13.0775699615,80.241859436,13202,13212,10
13.0773696899,80.2411880493,13212,13222,10
13.0771999359,80.2405929565,13222,13232,10
13.0770597458,80.2401733398,13232,13243,11
13.0770702362,80.2400970459,13243,13253,10
13.0770797729,80.2398605347,13253,13263,10
13.077050209,80.2394790649,13263,13273,10
13.0768404007,80.2387619019,13273,13283,10
13.0766296387,80.2379608154,13283,13293,10
13.0765199661,80.2374572754,13293,13303,10
13.0764799118,80.2373504639,13303,13313,10
13.0763902664,80.2368164063,13313,13323,10
13.0762500763,80.2360687256,13323,13333,10
13.0761003494,80.2351989746,13333,13343,10
13.0758695602,80.2343521118,13343,13354,11
13.0755596161,80.2334365845,13354,13364,10
13.0753097534,80.2326965332,13364,13374,10
13.0751199722,80.2319793701,13374,13384,10
13.0750102997,80.2313995361,13384,13394,10
13.074760437,80.2306594849,13394,13404,10
13.0747203827,80.2304763794,13404,13414,10
13.0747299194,80.2303924561,13414,13424,10
13.0745897293,80.2300033569,13424,13434,10
13.074379921,80.2293167114,13434,13444,10
13.0742397308,80.228553772,13444,13454,10
13.0741796494,80.2277526855,13454,13465,11
13.0740604401,80.2268829346,13465,13475,10
13.0739803314,80.2259902954,13475,13484,9
13.0740299225,80.2253112793,13484,13495,11
13.0740404129,80.2251205444,13495,13505,10
13.0740203857,80.2249832153,13505,13515,10
13.0740499496,80.2245178223,13515,13525,10
13.0741195679,80.2238006592,13525,13535,10
13.0742197037,80.2228164673,13535,13545,10
13.0742797852,80.2219390869,13545,13555,10
13.0743198395,80.2212295532,13555,13565,10
13.0744104385,80.2205276489,13565,13575,10
13.0744800568,80.2203521729,13575,13586,11
13.074549675,80.2199783325,13586,13596,10
13.0746002197,80.2196578979,13596,13606,10
13.074669838,80.2193984985,13606,13616,10
13.0747804642,80.2189025879,13616,13626,10
13.0748796463,80.2181777954,13626,13635,9
13.0749702454,80.2174606323,13635,13645,10
13.075050354,80.2166976929,13645,13656,11
13.0751199722,80.2162628174,13656,13666,10
13.075220108,80.2156219482,13666,13677,11
13.0754003525,80.2147674561,13677,13687,10
13.0756998062,80.2139282227,13687,13697,10
13.0762395859,80.2129592896,13697,13707,10
13.0768404007,80.2120285034,13707,13717,10
13.0770797729,80.2109527588,13717,13727,10
13.0771903992,80.2099761963,13727,13737,10
13.0772399902,80.2097625732,13737,13747,10
13.077249527,80.2094421387,13747,13757,10
13.0772199631,80.2088928223,13757,13767,10
13.0771303177,80.2079315186,13767,13783,16
13.0770101547,80.206413269,13783,13796,13
13.0767803192,80.2051086426,13796,13806,10
13.0766201019,80.2042236328,13806,13816,10
13.0764198303,80.2033920288,13816,13826,10
13.076259613,80.2024612427,13826,13836,10
13.0762395859,80.2015228271,13836,13846,10
13.0763101578,80.200843811,13846,13856,10
13.0761499405,80.2001266479,13856,13866,10
13.0754995346,80.1999969482,13866,13876,10
13.0745897293,80.1998519897,13876,13886,10
13.0741596222,80.2000579834,13886,13897,11
13.0739898682,80.2001571655,13897,13907,10
13.0736999512,80.2005310059,13907,13917,10
13.0733203888,80.2010192871,13917,13927,10
13.0728702545,80.2015762329,13927,13937,10
13.0723800659,80.2021484375,13937,13947,10
13.0721702576,80.2023620605,13947,13957,10
13.0720796585,80.2024765015,13957,13967,10
13.0717601776,80.2028274536,13967,13977,10
13.0713396072,80.2032394409,13977,13987,10
13.0708799362,80.2037734985,13987,13997,10
13.0702800751,80.2045135498,13997,14008,11
13.0699300766,80.2050170898,14008,14028,20
13.0699300766,80.2050170898,14028,14038,10
13.0697498322,80.2050018311,14038,14048,10
13.0695400238,80.2048721313,14048,14058,10
13.069319725,80.2048721313,14058,14074,16
13.0690202713,80.2050323486,14074,14086,12
13.0686903,80.2054367065,14086,14094,8
13.0683898926,80.2054595947,14094,14106,12
13.067990303,80.2053375244,14106,14127,21
13.067990303,80.2053375244,14127,14137,10
13.0680398941,80.2051391602,14137,14712,575
13.0680398941,80.2051391602,14712,14722,10
13.0683803558,80.2049484253,14722,14732,10
13.0684995651,80.2049331665,14732,14752,20
13.0684995651,80.2049331665,14752,14763,11
13.068860054,80.2048416138,14763,14793,30
13.068860054,80.2048416138,14793,14803,10
13.0692996979,80.2048034668,14803,14813,10
13.0696401596,80.2048416138,14813,14833,20
13.0698204041,80.2048797607,14833,14853,20
13.0698204041,80.2048797607,14853,14863,10
13.0700597763,80.204750061,14863,14874,11
13.0703496933,80.2043075562,14874,14884,10
13.0707798004,80.2037887573,14884,14894,10
13.0712099075,80.2032623291,14894,14904,10
13.0713796616,80.2030487061,14904,14914,10
13.0716695786,80.2026977539,14914,14924,10
13.0720701218,80.2022476196,14924,14934,10
13.072520256,80.2017593384,14934,14944,10
13.0731801987,80.2010192871,14944,14954,10
13.0738601685,80.2002029419,14954,14964,10
13.0745601654,80.1994094849,14964,14995,31
13.0745601654,80.1994094849,14995,15005,10
13.0746002197,80.1993484497,15005,15015,10
13.0749397278,80.1991577148,15015,15025,10
13.0754804611,80.1990737915,15025,15035,10
13.0761804581,80.1989822388,15035,15045,10
13.076669693,80.1986236572,15045,15055,10
13.0764398575,80.198059082,15055,15065,10
13.0759801865,80.1982421875,15065,15081,16
13.0761299133,80.1991729736,15081,15094,13
13.076379776,80.2002563477,15094,15104,10
13.0763397217,80.2013626099,15104,15114,10
13.0762796402,80.2024765015,15114,15124,10
13.0764303207,80.2032318115,15124,15134,10
13.0766401291,80.2041778564,15134,15154,20
13.0766401291,80.2041778564,15154,15164,10
13.0766601563,80.2042999268,15164,15174,10
13.0767202377,80.2046585083,15174,15184,10
13.0768404007,80.2053070068,15184,15195,11
13.0769901276,80.2062835693,15195,15205,10
13.0770902634,80.2071609497,15205,15214,9
13.0771303177,80.2080001831,15214,15225,11
13.0772199631,80.2092590332,15225,15235,10
13.0772199631,80.2101669312,15235,15245,10
13.0771598816,80.2107620239,15245,15255,10
13.0770397186,80.2114562988,15255,15265,10
13.0768003464,80.2122268677,15265,15275,10
13.0762395859,80.2130126953,15275,15285,10
13.075799942,80.213722229,15285,15295,10
13.0754995346,80.2144622803,15295,15306,11
13.0752601624,80.2153930664,15306,15316,10
13.0751399994,80.2162399292,15316,15326,10
13.0750904083,80.2170333862,15326,15336,10
13.0750904083,80.2170791626,15336,15346,10
13.0750904083,80.2171783447,15346,15356,10
13.0750198364,80.2176895142,15356,15366,10
13.0748901367,80.2184829712,15366,15376,10
13.0747098923,80.2193908691,15376,15386,10
13.0745401382,80.2203521729,15386,15396,10
13.0744800568,80.2208862305,15396,15407,11
13.0744695663,80.2209091187,15407,15417,10
13.0744400024,80.221031189,15417,15427,10
13.0743999481,80.2214736938,15427,15437,10
13.0743103027,80.2221832275,15437,15447,10
13.0742101669,80.2230911255,15447,15457,10
13.0740699768,80.2240524292,15457,15466,9
13.0740098953,80.224899292,15466,15477,11
13.0739097595,80.2259674072,15477,15487,10
13.0739402771,80.2268600464,15487,15497,10
13.0739202499,80.2269515991,15497,15507,10
13.0739002228,80.2270965576,15507,15518,11
13.0739498138,80.2275238037,15518,15528,10
13.0740203857,80.2279891968,15528,15538,10
13.074090004,80.2285079956,15538,15548,10
13.0741796494,80.2291030884,15548,15558,10
13.0744400024,80.2299423218,15558,15568,10
13.074760437,80.2305984497,15568,15578,10
13.074839592,80.23072052,15578,15588,10
13.0748796463,80.230796814,15588,15598,10
13.0749797821,80.2311935425,15598,15608,10
13.0750904083,80.2317581177,15608,15619,11
13.0752801895,80.2325592041,15619,15629,10
13.0754995346,80.2333374023,15629,15639,10
13.0757598877,80.2339935303,15639,15649,10
13.0759296417,80.2342910767,15649,15659,10
13.0759601593,80.2345504761,15659,15669,10
13.0760602951,80.2351837158,15669,15679,10
13.0762395859,80.2360534668,15679,15689,10
13.0763998032,80.2370834351,15689,15699,10
13.0766096115,80.237991333,15699,15709,10
13.0768404007,80.2388916016,15709,15719,10
13.0769300461,80.2392501831,15719,15730,11
13.0769195557,80.2393493652,15730,15740,10
13.0769796371,80.2396011353,15740,15750,10
13.0771503448,80.240196228,15750,15760,10
13.0774002075,80.2412261963,15760,15770,10
13.077630043,80.2421035767,15770,15780,10
13.0777797699,80.243057251,15780,15790,10
13.0778799057,80.2439575195,15790,15800,10
13.0779304504,80.244682312,15800,15810,10
13.0780000687,80.2454986572,15810,15820,10
13.0780897141,80.2466430664,15820,15830,10
13.0782299042,80.2471923828,15830,15841,11
13.0782804489,80.2473373413,15841,15851,10
13.0783996582,80.2479400635,15851,15861,10
13.0785799026,80.2487792969,15861,15871,10
13.078789711,80.2498321533,15871,15881,10
13.0788497925,80.2507400513,15881,15891,10
13.0788698196,80.251701355,15891,15900,9
13.0788202286,80.2527389526,15900,15910,10
13.0788497925,80.2539978027,15910,15921,11
13.079000473,80.2550735474,15921,15931,10
13.0790901184,80.2563323975,15931,15941,10
13.0792503357,80.2576980591,15941,15952,11
13.0794095993,80.2591629028,15952,15962,10
13.0796003342,80.2604904175,15962,15972,10
13.0800199509,80.2617492676,15972,15982,10
13.0802402496,80.262840271,15982,15992,10
13.0803604126,80.2631835938,15992,16002,10
13.0803604126,80.2632522583,16002,16012,10
13.0804595947,80.2637023926,16012,16022,10
13.0806398392,80.2645187378,16022,16032,10
13.0807695389,80.2655334473,16032,16042,10
13.0807504654,80.266746521,16042,16053,11
13.0807199478,80.268119812,16053,16063,10
13.0807504654,80.2693481445,16063,16073,10
13.0807800293,80.2702331543,16073,16083,10
13.0808801651,80.2709197998,16083,16093,10
13.0811595917,80.2713012695,16093,16103,10
13.0813903809,80.2718582153,16103,16113,10
13.0815401077,80.2725982666,16113,16123,10
13.0814304352,80.2733535767,16123,16133,10
13.0815200806,80.2741622925,16133,16143,10
13.0816497803,80.2748718262,16143,16153,10
13.0816698074,80.2749404907,16153,16164,11
13.0817699432,80.2752304077,16164,16184,20
13.0817699432,80.2752304077,16184,16193,9
13.0819702148,80.2754974365,16193,16357,164
13.0819702148,80.2754974365,16357,16367,10
13.0819997787,80.2755889893,16367,16378,11
13.0820198059,80.2757873535,16378,16428,50
13.0820198059,80.2757873535,16428,16438,10
13.0817899704,80.2760696411,16438,16448,10
13.0817804337,80.2761764526,16448,16458,10
13.0818395615,80.2766036987,16458,16468,10
13.0818796158,80.2773513794,16468,16478,10
13.0820102692,80.2782669067,16478,16489,11
13.0820903778,80.2786636353,16489,16499,10
13.082110405,80.2793121338,16499,16509,10
13.0822200775,80.2801971436,16509,16519,10
13.0823297501,80.2812194824,16519,16529,10
13.0823698044,80.2816619873,16529,16538,9
13.0826101303,80.2818984985,16538,16549,11
13.0833101273,80.2823104858,16549,16559,10
13.0840396881,80.2827987671,16559,16569,10
13.0847196579,80.2833404541,16569,16579,10
13.0851402283,80.2837600708,16579,16589,10
13.0852899551,80.2838363647,16589,16600,11
13.0855197906,80.2835693359,16600,16610,10
13.0859804153,80.2835617065,16610,16620,10
13.0864095688,80.2837219238,16620,16630,10
13.0869998932,80.2837677002,16630,16640,10
13.0879201889,80.2837219238,16640,16923,283
13.0879201889,80.2837219238,16923,16933,10
13.0882997513,80.2835693359,16933,16953,20
13.0882997513,80.2835693359,16953,16963,10
13.0883798599,80.2834091187,16963,16973,10
13.088350296,80.2830886841,16973,16983,10
13.088350296,80.2827377319,16983,16993,10
13.0883102417,80.2822418213,16993,17003,10
13.088060379,80.2816085815,17003,17013,10
13.0873003006,80.2813110352,17013,17023,10
13.0863599777,80.281036377,17023,17034,11
13.0857095718,80.2805404663,17034,17044,10
13.0854902267,80.2797470093,17044,17054,10
13.0847501755,80.279296875,17054,17064,10
13.0838403702,80.2791671753,17064,17074,10
13.0830202103,80.2788391113,17074,17084,10
13.0822496414,80.278503418,17084,17100,16
13.082110405,80.2783889771,17100,17112,12
13.0819597244,80.2777481079,17112,17123,11
13.0817899704,80.2766799927,17123,17193,70
13.0817899704,80.2766799927,17193,17203,10
13.0816602707,80.2764434814,17203,17223,20
13.0816602707,80.2764434814,17223,17233,10
13.0816802979,80.2759933472,17233,17305,72
13.0816802979,80.2759933472,17305,17315,10
13.0816297531,80.2755966187,17315,17356,41
13.0816297531,80.2755966187,17356,17366,10
13.0815200806,80.2752685547,17366,17376,10
13.0811004639,80.2751998901,17376,17386,10
13.0805196762,80.2752685547,17386,17396,10
13.0797901154,80.275352478,17396,17406,10
13.0791196823,80.2752380371,17406,17416,10
13.0783996582,80.2753982544,17416,17426,10
13.0780696869,80.2761535645,17426,17436,10
13.0773200989,80.276260376,17436,17446,10
13.076499939,80.2763214111,17446,17456,10
13.0760202408,80.2763824463,17456,17467,11
13.0757198334,80.2763824463,17467,17477,10
13.0751199722,80.2763977051,17477,17487,10
13.0743503571,80.2764434814,17487,17497,10
13.0740804672,80.27684021,17497,17507,10
13.0745601654,80.2773132324,17507,17517,10
13.0748195648,80.2776184082,17517,17527,10
13.0745401382,80.2774505615,17527,17537,10
13.0740203857,80.2769088745,17537,17547,10
13.0732803345,80.2761688232,17547,17557,10
13.0725097656,80.2752990723,17557,17567,10
13.0718002319,80.2745819092,17567,17578,11
13.0708398819,80.2741775513,17578,17588,10
13.0706996918,80.2740783691,17588,17598,10
13.0705299377,80.2737884521,17598,17608,10
13.0702896118,80.2733917236,17608,17618,10
13.0698900223,80.2729187012,17618,17628,10
13.069439888,80.2724533081,17628,17638,10
13.0690202713,80.2720489502,17638,17648,10
13.0685100555,80.2719116211,17648,17658,10
13.0681800842,80.2715301514,17658,17668,10
13.067700386,80.2709274292,17668,17679,11
13.0670204163,80.2702178955,17679,17689,10
13.0665302277,80.2695236206,17689,17699,10
13.0664100647,80.268737793,17699,17709,10
13.0660495758,80.2680664063,17709,17719,10
13.0654401779,80.2676467896,17719,17729,10
13.0651798248,80.2676010132,17729,17739,10
13.0649995804,80.267578125,17739,17749,10
13.0646400452,80.2675170898,17749,17759,10
13.0641698837,80.2674407959,17759,17769,10
13.0636100769,80.2673416138,17769,17779,10
13.0629997253,80.2672424316,17779,17790,11
13.0624599457,80.2668228149,17790,17800,10
13.0619897842,80.266242981,17800,17810,10
13.0614995956,80.2656326294,17810,17820,10
13.0608997345,80.2651901245,17820,17830,10
13.0602197647,80.2655029297,17830,17840,10
13.059419632,80.2655487061,17840,17850,10
13.058719635,80.2654495239,17850,17860,10
13.0579900742,80.2652511597,17860,17870,10
13.0572395325,80.2649002075,17870,17880,10
13.0570697784,80.2647781372,17880,17890,10
13.0566196442,80.2646102905,17890,17901,11
13.0558795929,80.2645263672,17901,17911,10
13.0551996231,80.2644500732,17911,17921,10
13.0545301437,80.2643280029,17921,17931,10
13.0539102554,80.2640991211,17931,17941,10
13.0533704758,80.263923645,17941,17951,10
13.0526399612,80.2638397217,17951,17961,10
13.0519800186,80.2639007568,17961,17971,10
13.0513601303,80.2640609741,17971,17981,10
13.050740242,80.2641601563,17981,17991,10
13.0499897003,80.2640991211,17991,18002,11
13.0492401123,80.2642822266,18002,18012,10
13.0489597321,80.2649612427,18012,18022,10
13.0486602783,80.2654190063,18022,18032,10
13.0481500626,80.2658996582,18032,18042,10
13.0475797653,80.2662811279,18042,18052,10
13.0470104218,80.2663421631,18052,18062,10
13.0469303131,80.2663421631,18062,18072,10
13.0466003418,80.2663726807,18072,18082,10
13.0461101532,80.2664794922,18082,18092,10
13.0454902649,80.2666320801,18092,18102,10
13.0448799133,80.2667312622,18102,18113,11
13.0441999435,80.267036438,18113,18123,10
13.0435400009,80.2674331665,18123,18133,10
13.0429201126,80.2678375244,18133,18143,10
13.0423402786,80.2681427002,18143,18153,10
13.0416402817,80.2682418823,18153,18163,10
13.0411996841,80.2682495117,18163,18173,10
13.0410995483,80.2682113647,18173,18183,10
13.040719986,80.268119812,18183,18193,10
13.0403299332,80.2679901123,18193,18203,10
13.039850235,80.2678527832,18203,18213,10
13.0394201279,80.2677307129,18213,18224,11
13.0387001038,80.267616272,18224,18234,10
13.0380897522,80.2676467896,18234,18244,10
13.0376796722,80.2676391602,18244,18254,10
13.0375900269,80.2676467896,18254,18264,10
13.0373401642,80.2676315308,18264,18274,10
13.0369195938,80.2676467896,18274,18284,10
13.0363998413,80.2677612305,18284,18294,10
13.035900116,80.2678527832,18294,18304,10
13.0354604721,80.2678909302,18304,18314,10
13.0348300934,80.2679672241,18314,18325,11
13.0343198776,80.2680130005,18325,18335,10
13.0342998505,80.2680130005,18335,18345,10
13.0340204239,80.2679595947,18345,18355,10
13.0334396362,80.2678604126,18355,18365,10
13.0327196121,80.2676696777,18365,18375,10
13.0321598053,80.2672729492,18375,18385,10
13.0312700272,80.2669219971,18385,18395,10
13.0305404663,80.2667694092,18395,18405,10
13.0300798416,80.2667007446,18405,18415,10
13.0295696259,80.2666091919,18415,18425,10
13.0290403366,80.2664108276,18425,18436,11
13.0284204483,80.2662811279,18436,18446,10
13.0278501511,80.2661590576,18446,18456,10
13.0272397995,80.2660903931,18456,18466,10
13.0267496109,80.2660598755,18466,18506,40
13.0267496109,80.2660598755,18506,18516,10
13.0265903473,80.2660293579,18516,18526,10
13.0263595581,80.2659912109,18526,18587,61
13.0263595581,80.2659912109,18587,18597,10
13.026049614,80.266242981,18597,18627,30
13.026049614,80.266242981,18627,18637,10
13.0261802673,80.2663803101,18637,18647,10
13.0264501572,80.2661819458,18647,22291,3644
13.0264501572,80.2661819458,22291,22301,10
13.0261001587,80.2662887573,22301,22321,20
13.0261001587,80.2662887573,22321,22331,10
13.0261001587,80.2662277222,22331,22342,11
13.0261697769,80.2659378052,22342,22352,10
13.0257701874,80.2656707764,22352,22362,10
13.0253095627,80.2653579712,22362,22372,10
13.025270462,80.2653427124,22372,22382,10
13.0250396729,80.2651367188,22382,22391,9
13.0246696472,80.2648925781,22391,22401,10
13.0241298676,80.2644729614,22401,22412,11
13.023440361,80.2640991211,22412,22422,10
13.0226898193,80.2636795044,22422,22432,10
13.0220403671,80.263381958,22432,22442,10
13.0217199326,80.2632217407,22442,22453,11
13.0209302902,80.2630310059,22453,22463,10
13.0200901031,80.2629776001,22463,22473,10
13.0193395615,80.2629165649,22473,22483,10
13.0189599991,80.2627105713,22483,22493,10
13.0188703537,80.2620773315,22493,22503,10
13.0187196732,80.2614135742,22503,22513,10
13.0180797577,80.2609100342,22513,22523,10
13.0173597336,80.2603988647,22523,22533,10
13.0165596008,80.2599029541,22533,22543,10
13.0160999298,80.2596588135,22543,22553,10
13.0157003403,80.2595062256,22553,22564,11
13.0149698257,80.2593383789,22564,22574,10
13.0141000748,80.2592926025,22574,22584,10
13.0131101608,80.2592391968,22584,22594,10
13.0120401382,80.2592086792,22594,22604,10
13.0109901428,80.2591934204,22604,22614,10
13.0101299286,80.259262085,22614,22624,10
13.0099496841,80.2592315674,22624,22634,10
13.0094203949,80.2591781616,22634,22644,10
13.0088195801,80.2592086792,22644,22654,10
13.008480072,80.2591934204,22654,22664,10
13.0077695847,80.2593078613,22664,22674,10
13.0073204041,80.2590408325,22674,22685,11
13.0070800781,80.2584533691,22685,22695,10
13.006819725,80.2580413818,22695,22705,10
13.006480217,80.2576293945,22705,22725,20
13.006480217,80.2576293945,22725,22735,10
13.0063800812,80.2574005127,22735,22745,10
13.0064401627,80.2569122314,22745,22755,10
13.006480217,80.2561035156,22755,22765,10
13.006529808,80.2554931641,22765,22775,10
13.0065402985,80.255279541,22775,22786,11
13.0065402985,80.2545166016,22786,22796,10
13.0065498352,80.2535629272,22796,22806,10
13.0066299438,80.2532424927,22806,22816,10
13.006770134,80.2531280518,22816,22826,10
13.0066604614,80.2527923584,22826,22836,10
13.0066099167,80.2518615723,22836,22884,48
13.0066099167,80.2518615723,22884,22895,11
13.0066995621,80.2515029907,22895,22905,10
13.0067796707,80.2506790161,22905,22914,9
13.006770134,80.2498397827,22914,22922,8
13.0067796707,80.2496795654,22922,22936,14
13.006770134,80.2491073608,22936,22946,10
13.0066795349,80.2482833862,22946,22956,10
13.0066404343,80.2476425171,22956,22966,10
13.0066404343,80.2469787598,22966,22976,10
13.0065603256,80.2466201782,22976,22986,10
13.0065803528,80.2465591431,22986,22996,10
13.006649971,80.2462463379,22996,23007,11
13.006649971,80.2454223633,23007,23030,23
13.0066299438,80.2431869507,23030,23042,12
13.0066299438,80.2418670654,23042,23052,10
13.0067100525,80.2407989502,23052,23060,8
13.0068397522,80.239982605,23060,23072,12
13.0071001053,80.2386779785,23072,23081,9
13.0073003769,80.2377090454,23081,23092,11
13.0074100494,80.2369689941,23092,23102,10
13.0074100494,80.2369232178,23102,23113,11
13.0074396133,80.2367630005,23113,23123,10
13.007610321,80.2361831665,23123,23133,10
13.007809639,80.2351608276,23133,23143,10
13.0080499649,80.2340011597,23143,23153,10
13.0083303452,80.2326278687,23153,23163,10
13.0086402893,80.231010437,23163,23172,9
13.0089302063,80.2295532227,23172,23183,11
13.0093698502,80.2277679443,23183,23192,9
13.0100297928,80.2262878418,23192,23203,11
13.0107803345,80.2247772217,23203,23213,10
13.0112800598,80.2235870361,23213,23224,11
13.0117397308,80.2223205566,23224,23234,10
13.0121297836,80.2215805054,23234,23244,10
13.0125303268,80.2218093872,23244,23254,10
13.0130596161,80.2224884033,23254,23264,10
13.013759613,80.2232666016,23264,23274,10
13.0145597458,80.2240982056,23274,23284,10
13.0151195526,80.2246932983,23284,23294,10
13.0155096054,80.2249908447,23294,23304,10
13.0156002045,80.2250976563,23304,23314,10
13.0161104202,80.2253723145,23314,23325,11
13.0170001984,80.2251586914,23325,23335,10
13.0179901123,80.2247619629,23335,23345,10
13.0190296173,80.2244110107,23345,23355,10
13.0199403763,80.2247009277,23355,23365,10
13.0207395554,80.2253036499,23365,23375,10
13.021229744,80.2256698608,23375,23385,10
13.0217199326,80.2259979248,23385,23395,10
13.0218896866,80.2261199951,23395,23406,11
13.0222702026,80.2264404297,23406,23416,10
13.0225296021,80.2266616821,23416,23426,10
13.023059845,80.227142334,23426,23437,11
13.0236597061,80.227722168,23437,23447,10
13.0242795944,80.2284317017,23447,23457,10
13.0248699188,80.2292175293,23457,23467,10
13.0255699158,80.230140686,23467,23477,10
13.0259895325,80.231010437,23477,23487,10
13.0262002945,80.2313079834,23487,23497,10
13.0269403458,80.2311096191,23497,23507,10
13.027759552,80.2309494019,23507,23517,10
13.0283203125,80.2309036255,23517,23527,10
13.0284700394,80.2308807373,23527,23537,10
13.0289497375,80.2308425903,23537,23548,11
13.029589653,80.2307815552,23548,23558,10
13.0304203033,80.23072052,23558,23575,17
13.0320100784,80.2305908203,23575,23587,12
13.0330400467,80.2305221558,23587,23597,10
13.0335102081,80.2304763794,23597,23607,10
13.0339403152,80.230430603,23607,23617,10
13.0343599319,80.2303695679,23617,23637,20
13.0343599319,80.2303695679,23637,23647,10
13.034819603,80.2302398682,23647,23668,21
13.034819603,80.2302398682,23668,23678,10
13.0349702835,80.2300872803,23678,23688,10
13.0343999863,80.2299423218,23688,24586,898
13.0342197418,80.2303237915,24586,24606,20
13.0342197418,80.2303237915,24606,24616,10
13.0340900421,80.2304229736,24616,24627,11
13.0336904526,80.2304382324,24627,24637,10
13.0335102081,80.2304534912,24637,24647,10
13.0330495834,80.230506897,24647,24657,10
13.0323400497,80.2305831909,24657,24667,10
13.0316200256,80.2306594849,24667,24677,10
13.0308599472,80.2307128906,24677,24687,10
13.0302000046,80.2307815552,24687,24697,10
13.029800415,80.2308273315,24697,24707,10
13.0293903351,80.2308731079,24707,24717,10
13.0287399292,80.2309188843,24717,24727,10
13.0280704498,80.2309799194,24727,24743,16
13.0277299881,80.231300354,24743,24756,13
13.0278100967,80.2319869995,24756,24766,10
13.0278997421,80.2325210571,24766,24776,10
13.0277004242,80.2328109741,24776,24786,10
13.02684021,80.2330093384,24786,24857,71
13.02684021,80.2330093384,24857,24867,10
13.0263395309,80.2326431274,24867,24877,10
13.0260896683,80.2317276001,24877,24887,10
13.0257797241,80.2306137085,24887,24897,10
13.0250301361,80.2294616699,24897,24907,10
13.0246601105,80.2290267944,24907,24917,10
13.024600029,80.2289733887,24917,24927,10
13.0243597031,80.2286682129,24927,24937,10
13.0240097046,80.2282791138,24937,24947,10
13.0236997604,80.227897644,24947,24958,11
13.0230998993,80.2273178101,24958,24968,10
13.0223302841,80.2266235352,24968,24978,10
13.0213899612,80.2258377075,24978,24988,10
13.0205202103,80.2251663208,24988,24998,10
13.0201301575,80.224899292,24998,25008,10
13.0200796127,80.2248382568,25008,25018,10
13.0197000504,80.2245864868,25018,25028,10
13.0189695358,80.2244415283,25028,25038,10
13.0184497833,80.224609375,25038,25048,10
13.0178098679,80.2248764038,25048,25058,10
13.0169000626,80.2252578735,25058,25069,11
13.0161504745,80.2255630493,25069,25079,10
13.0156402588,80.2257385254,25079,25089,10
13.014960289,80.2260284424,25089,25099,10
13.014380455,80.226272583,25099,25109,10
13.0143699646,80.226272583,25109,25119,10
13.0141201019,80.2263793945,25119,25129,10
13.0134496689,80.2266311646,25129,25139,10
13.0125303268,80.2269668579,25139,25149,10
13.011469841,80.2273864746,25149,25159,10
13.0103998184,80.2278213501,25159,25169,10
13.0093803406,80.2282791138,25169,25180,11
13.0089998245,80.2294311523,25180,25190,10
13.008769989,80.2306518555,25190,25200,10
13.008480072,80.2319564819,25200,25210,10
13.0082597733,80.233253479,25210,25220,10
13.0082397461,80.2335662842,25220,25228,8
13.0081596375,80.2337722778,25228,25240,12
13.0079803467,80.23462677,25240,25250,10
13.0077695847,80.2356491089,25250,25260,10
13.0074996948,80.2370300293,25260,25270,10
13.0072402954,80.2385482788,25270,25281,11
13.0069503784,80.2399215698,25281,25291,10
13.0069198608,80.2401504517,25291,25301,10
13.0069799423,80.2401809692,25301,25311,10
13.0068597794,80.2406997681,25311,25321,10
13.006819725,80.2408599854,25321,25331,10
13.0067596436,80.2414703369,25331,25341,10
13.0067396164,80.2424926758,25341,25351,10
13.0066795349,80.2436828613,25351,25361,10
13.006649971,80.2450485229,25361,25371,10
13.0066900253,80.2461700439,25371,25381,10
13.0067396164,80.2471389771,25381,25392,11
13.0067396164,80.2483215332,25392,25402,10
13.0068502426,80.2493286133,25402,25412,10
13.0068702698,80.2495422363,25412,25422,10
13.0068702698,80.2498703003,25422,25432,10
13.0068397522,80.250541687,25432,25442,10
13.0068502426,80.2514038086,25442,25462,20
13.0068502426,80.2514038086,25462,25472,10
13.0067300797,80.2517929077,25472,25482,10
13.0065898895,80.2524337769,25482,25492,10
13.0065603256,80.2532272339,25492,25503,11
13.0066003799,80.2544021606,25503,25513,10
13.0066204071,80.2554779053,25513,25523,10
13.006649971,80.2566604614,25523,25533,10
13.006819725,80.2575912476,25533,25543,10
13.0073299408,80.2583999634,25543,25553,10
13.0076799393,80.2586135864,25553,25563,10
13.0078296661,80.2586975098,25563,25573,10
13.0084295273,80.2589416504,25573,25583,10
13.0094003677,80.2590789795,25583,25593,10
13.0107603073,80.2590866089,25593,25603,10
13.0124397278,80.2591400146,25603,25614,11
13.0145301819,80.2592163086,25614,25624,10
13.0159301758,80.2593994141,25624,25634,10
13.0164403915,80.2596664429,25634,25644,10
13.0165500641,80.2597579956,25644,25654,10
13.0169897079,80.2600784302,25654,25664,10
13.0176801682,80.2605667114,25664,25674,10
13.0185003281,80.2611236572,25674,25684,10
13.0191602707,80.2616424561,25684,25694,10
13.019780159,80.2622375488,25694,25704,10
13.0203800201,80.2627105713,25704,25715,11
13.0212402344,80.2629928589,25715,25725,10
13.0219297409,80.2632675171,25725,25735,10
13.0222101212,80.2634124756,25735,25745,10
13.0227403641,80.2636795044,25745,25755,10
13.0228996277,80.2638092041,25755,25765,10
13.023150444,80.2639923096,25765,25775,10
13.023730278,80.264289856,25775,25786,11
13.0244903564,80.2647628784,25786,25796,10
13.0251398087,80.2652282715,25796,25806,10
13.0257902145,80.2656402588,25806,25816,10
13.0261096954,80.2658004761,25816,25827,11
13.0262403488,80.2658233643,25827,25837,10
13.0263395309,80.2654724121,25837,25847,10
13.0264101028,80.2649536133,25847,25857,10
13.0265302658,80.2642364502,25857,25867,10
13.0266199112,80.2635803223,25867,25877,10
13.0269498825,80.2634506226,25877,25887,10
13.0275201797,80.2635574341,25887,25897,10
13.0280799866,80.263710022,25897,25907,10
13.0282697678,80.2637710571,25907,25917,10
13.028670311,80.2638931274,25917,25927,10
13.0290899277,80.2640075684,25927,25938,11
13.0292797089,80.2643814087,25938,25948,10
13.0293102264,80.265083313,25948,25958,10
13.0292596817,80.2658233643,25958,25974,16
13.0292301178,80.2663726807,25974,25986,12
13.02987957,80.2665863037,25986,25994,8
13.0305099487,80.266708374,25994,26006,12
13.0313901901,80.2669830322,26006,26016,10
13.0323600769,80.2673721313,26016,26026,10
13.0330696106,80.2677383423,26026,26035,9
13.0332803726,80.267791748,26035,26047,12
13.0336904526,80.2678985596,26047,26057,10
13.0344400406,80.2680130005,26057,26068,11
13.0345897675,80.2680587769,26068,26077,9
13.0344295502,80.268081665,26077,26088,11
13.0344200134,80.2680587769,26088,26098,10
13.0340003967,80.2679367065,26098,26108,10
13.0334196091,80.2678604126,26108,26865,757
13.0334196091,80.2678604126,26865,26875,10
13.0330600739,80.2677307129,26875,26885,10
13.0328502655,80.2677001953,26885,26895,10
13.03262043,80.267539978,26895,26905,10
13.0323295593,80.2673797607,26905,26916,11
13.0316801071,80.2670822144,26916,26926,10
13.0311803818,80.2668685913,26926,26936,10
13.0307598114,80.2667770386,26936,26945,9
13.0301904678,80.266746521,26945,26957,12
13.0298595428,80.2666473389,26957,26967,10
13.0296201706,80.2666168213,26967,26977,10
13.0292196274,80.2664871216,26977,26987,10
13.028670311,80.2663574219,26987,26997,10
13.0279397964,80.2662277222,26997,27007,10
13.0271196365,80.2661209106,27007,27017,10
13.0263204575,80.2659835815,27017,27028,11
13.025850296,80.2657623291,27028,27038,10
13.025560379,80.2655181885,27038,27048,10
13.0253295898,80.26537323,27048,27058,10
13.0253295898,80.2653579712,27058,27068,10
13.0250997543,80.2651519775,27068,27078,10
13.0246295929,80.2648010254,27078,27088,10
13.0239400864,80.2643508911,27088,27098,10
13.0231304169,80.2639312744,27098,27108,10
13.0221004486,80.2634277344,27108,27129,21
13.0221004486,80.2634277344,27129,27139,10
13.0217199326,80.2632369995,27139,27149,10
13.0211200714,80.2630615234,27149,27159,10
13.0204401016,80.2630462646,27159,27169,10
13.020070076,80.2630386353,27169,27179,10
13.0195598602,80.2629776001,27179,27189,10
13.0190200806,80.262840271,27189,27199,10
13.0189199448,80.2621688843,27199,27209,10
13.0188503265,80.2617416382,27209,27219,10
13.0187702179,80.2613983154,27219,27229,10
13.0184402466,80.2611465454,27229,27240,11
13.0178899765,80.2608032227,27240,27250,10
13.0172700882,80.2603683472,27250,27260,10
13.0165395737,80.2599182129,27260,27270,10
13.0160503387,80.2596664429,27270,27280,10
13.0159702301,80.2596206665,27280,27290,10
13.0155296326,80.2594680786,27290,27300,10
13.0148096085,80.2593536377,27300,27310,10
13.0140104294,80.2593002319,27310,27320,10
13.0130500793,80.2592468262,27320,27330,10
13.0119600296,80.2592010498,27330,27340,10
13.0109500885,80.2591781616,27340,27350,10
13.0101099014,80.2592468262,27350,27361,11
13.0100097656,80.2592697144,27361,27371,10
13.0096502304,80.2592468262,27371,27381,10
13.0091295242,80.2592163086,27381,27391,10
13.0087900162,80.2592086792,27391,27401,10
13.0083503723,80.2591934204,27401,27411,10
13.0077400208,80.2593612671,27411,27421,10
13.0072898865,80.2590179443,27421,27431,10
13.0071802139,80.2587585449,27431,27441,10
13.007109642,80.2585601807,27441,27452,11
13.0068597794,80.258102417,27452,27462,10
13.0065402985,80.2577896118,27462,27482,20
13.0065097809,80.2576065063,27482,27522,40
13.0065097809,80.2576065063,27522,27532,10
13.0065202713,80.2574462891,27532,27542,10
13.0065202713,80.2571029663,27542,27552,10
13.0064897537,80.2565231323,27552,27563,11
13.0065202713,80.2555618286,27563,27573,10
13.0065498352,80.2546234131,27573,27583,10
13.0065402985,80.2531890869,27583,27603,20
13.0065402985,80.2531890869,27603,27613,10
13.0065402985,80.2527770996,27613,27623,10
13.0066604614,80.2519302368,27623,27633,10
13.0067796707,80.2510223389,27633,27643,10
13.0067596436,80.249961853,27643,27653,10
13.0067195892,80.248878479,27653,27734,81
13.0067195892,80.248878479,27734,27744,10
13.006649971,80.248588562,27744,27754,10
13.0066404343,80.2482528687,27754,27764,10
13.0066404343,80.2478179932,27764,27774,10
13.0066604614,80.2471084595,27774,27785,11
13.0066003799,80.2465667725,27785,27795,10
13.0066099167,80.2465362549,27795,27805,10
13.006649971,80.2460632324,27805,27815,10
13.0066604614,80.2451705933,27815,27825,10
13.0066299438,80.2445907593,27825,27835,10
13.0066604614,80.244178772,27835,27845,10
13.0066404343,80.2436599731,27845,27855,10
13.0066404343,80.2431411743,27855,27865,10
13.0066003799,80.2423477173,27865,27875,10
13.0065803528,80.2417526245,27875,27886,11
13.0066099167,80.2416992188,27886,27896,10
13.0066299438,80.2412490845,27896,27906,10
13.0067195892,80.2404022217,27906,27936,30
13.0067195892,80.2404022217,27936,27946,10
13.0068101883,80.2399597168,27946,27956,10
13.0069599152,80.2392272949,27956,27966,10
13.0071296692,80.2383804321,27966,27976,10
13.0073299408,80.2374725342,27976,27986,10
13.007399559,80.2369308472,27986,27997,11
13.0074300766,80.2368011475,27997,28007,10
13.0075502396,80.236366272,28007,28017,10
13.0076904297,80.2357330322,28017,28027,10
13.0077896118,80.2352218628,28027,28037,10
13.007900238,80.2347564697,28037,28047,10
13.0080299377,80.2340698242,28047,28057,10
13.0082302094,80.233039856,28057,28067,10
13.0084400177,80.2319564819,28067,28077,10
13.0086603165,80.2307891846,28077,28087,10
13.0088596344,80.2296295166,28087,28097,10
13.0091295242,80.2284088135,28097,28108,11
13.0096797943,80.227142334,28108,28118,10
13.0101900101,80.22605896,28118,28128,10
13.0106401443,80.2251968384,28128,28144,16
13.011300087,80.2236022949,28144,28156,12
13.0117397308,80.2223968506,28156,28165,9
13.0120601654,80.2216186523,28165,28175,10
13.0124597549,80.2216720581,28175,28185,10
13.0129995346,80.2222824097,28185,28196,11
13.0136804581,80.2230300903,28196,28206,10
13.0142698288,80.2235183716,28206,28217,11
13.0147199631,80.2241821289,28217,28226,9
13.0152101517,80.2247161865,28226,28237,11
13.0153102875,80.224822998,28237,28247,10
13.0157003403,80.225151062,28247,28256,9
13.0163202286,80.2253417969,28256,28267,11
13.0171499252,80.225112915,28267,28277,10
13.0182504654,80.2246627808,28277,28287,10
13.0194301605,80.2244110107,28287,28297,10
13.0203399658,80.2249603271,28297,28307,10
13.021030426,80.2254333496,28307,28317,10
13.0219097137,80.2260818481,28317,28338,21
13.0219097137,80.2260818481,28338,28348,10
13.0221595764,80.2262496948,28348,28358,10
13.0226802826,80.2267074585,28358,28368,10
13.0233201981,80.2273101807,28368,28378,10
13.0239896774,80.2279815674,28378,28388,10
13.0245504379,80.2287063599,28388,28398,10
13.0250797272,80.2294464111,28398,28408,10
13.0256299973,80.2301864624,28408,28418,10
13.0258998871,80.2306594849,28418,28429,11
13.0259799957,80.2309799194,28429,28439,10
13.0260801315,80.2313537598,28439,28449,10
13.0266599655,80.2312469482,28449,28459,10
13.0275402069,80.2310333252,28459,28469,10
13.0283298492,80.2309494019,28469,28479,10
13.0287399292,80.2308883667,28479,28489,10
13.0290203094,80.2308578491,28489,28499,10
13.0294103622,80.2308425903,28499,28509,10
13.0298995972,80.2307891846,28509,28519,10
13.0306196213,80.2307128906,28519,28529,10
13.031419754,80.2306594849,28529,28540,11
13.0323600769,80.2305679321,28540,28550,10
13.0330400467,80.2305221558,28550,28560,10
13.0343799591,80.2304000854,28560,28610,50
13.0343799591,80.2304000854,28610,28620,10
13.0346097946,80.2303771973,28620,28630,10
13.034819603,80.2300491333,28630,28669,39
13.034740448,80.2300033569,28669,28830,161
13.0346097946,80.2300491333,28830,29264,434
13.0346097946,80.2300491333,29264,29274,10
13.0343399048,80.2300415039,29274,29870,596
13.0342903137,80.2299880981,29870,29981,111
13.0342903137,80.2299880981,29981,29991,10
13.0341796875,80.2302627563,29991,30031,40
13.0341796875,80.2302627563,30031,30041,10
13.0340595245,80.230430603,30041,30051,10
13.0335597992,80.2304534912,30051,30061,10
13.033490181,80.2304382324,30061,30072,11
13.0333900452,80.2304229736,30072,30082,10
13.0329198837,80.2304992676,30082,30092,10
13.0321502686,80.2305908203,30092,30102,10
13.0313596725,80.2306365967,30102,30112,10
13.0306196213,80.23072052,30112,30122,10
13.0300798416,80.2308425903,30122,30132,10
13.029709816,80.2309799194,30132,30142,10
13.0292797089,80.2311935425,30142,30445,303
13.0292797089,80.2311935425,30445,30455,10
13.0238895416,80.2281799316,30455,30465,10
13.0238304138,80.2282409668,30465,30486,21
13.0225601196,80.2268676758,30486,30516,30
13.0225601196,80.2268676758,30516,30526,10
13.0198001862,80.2245635986,30526,30536,10
13.0187597275,80.2243728638,30536,30546,10
13.0175895691,80.2250213623,30546,30556,10
13.0166196823,80.2255783081,30556,30566,10
13.0161895752,80.2257232666,30566,30576,10
13.0155897141,80.2258911133,30576,30586,10
13.0147104263,80.2261505127,30586,30596,10
13.0140895844,80.226348877,30596,30627,31
13.0140895844,80.226348877,30627,30637,10
13.0138998032,80.2264404297,30637,30647,10
13.0134000778,80.2266387939,30647,30657,10
13.0127096176,80.2268981934,30657,30667,10
13.0119400024,80.2272109985,30667,30677,10
13.0110301971,80.2275772095,30677,30703,26
13.0110301971,80.2275772095,30703,30716,13
13.01101017,80.2275466919,30716,30726,10
13.0111103058,80.2276916504,30726,30735,9
13.0109100342,80.2276611328,30735,30745,10
13.0104103088,80.2278366089,30745,30756,11
13.0096597672,80.2281188965,30756,30766,10
13.0091104507,80.2286911011,30766,30776,10
13.0088996887,80.2293319702,30776,30786,10
13.0088796616,80.2303390503,30786,30796,10
13.0086898804,80.2317428589,30796,30806,10
13.0083599091,80.2328033447,30806,30816,10
13.0081195831,80.2336196899,30816,30827,11
13.0082998276,80.2332305908,30827,30847,20
13.0082998276,80.2332305908,30847,30857,10
13.0082502365,80.2334976196,30857,30867,10
13.0081796646,80.2337875366,30867,30877,10
13.0080900192,80.2342681885,30877,30887,10
13.0079803467,80.2346115112,30887,30897,10
13.0078601837,80.2352600098,30897,30907,10
13.0077695847,80.2358398438,30907,30917,10
13.0075998306,80.2366333008,30917,30927,10
13.0074501038,80.2373962402,30927,30937,10
13.0072898865,80.2381820679,30937,30948,11
13.0071601868,80.2389373779,30948,30958,10
13.0069704056,80.2396697998,30958,30968,10
13.0069198608,80.2400436401,30968,30978,10
13.0069198608,80.2400588989,30978,30988,10
13.0069303513,80.2403411865,30988,30998,10
13.0067996979,80.2409515381,30998,31028,30
13.0067996979,80.2409515381,31028,31044,16
13.0067100525,80.2417602539,31044,31057,13
13.0067501068,80.2429885864,31057,31067,10
13.0067100525,80.2435531616,31067,31075,8
13.0066604614,80.2440032959,31075,31087,12
13.0068101883,80.2449188232,31087,31097,10
13.0067396164,80.2454910278,31097,31107,10
13.0068101883,80.2456130981,31107,31117,10
13.0067596436,80.2456665039,31117,31127,10
13.0067796707,80.2457199097,31127,31137,10
13.0066795349,80.245880127,31137,31146,9
13.0067596436,80.2458572388,31146,31158,12
13.0067501068,80.2461776733,31158,31168,10
13.0067396164,80.2466506958,31168,31178,10
13.0066604614,80.2470703125,31178,31511,333
13.0066604614,80.2470703125,31511,31521,10
13.0125398636,80.2591094971,31521,31531,10
13.0136299133,80.259147644,31531,31541,10
13.0146999359,80.2592086792,31541,31551,10
13.0157003403,80.2593078613,31551,31561,10
13.0162296295,80.2595367432,31561,31581,20
13.0162296295,80.2595367432,31581,31591,10
13.0162096024,80.2595901489,31591,31602,11
13.0164403915,80.2596817017,31602,31612,10
13.0167598724,80.2599182129,31612,31622,10
13.0173101425,80.2602310181,31622,31632,10
13.0180196762,80.2605361938,31632,31642,10
13.0187597275,80.2607574463,31642,31652,10
13.0196695328,80.2622299194,31652,31995,343
13.0196695328,80.2622299194,31995,32005,10
13.0278396606,80.2635803223,32005,32015,10
13.0284700394,80.2638015747,32015,32026,11
13.0289897919,80.2640304565,32026,32036,10
13.0293998718,80.2640762329,32036,32185,149
13.0319499969,80.2672424316,32185,32213,28
13.0319499969,80.2672424316,32213,32224,11
13.0336999893,80.2678604126,32224,32236,12
13.0336503983,80.2678833008,32236,32276,40
13.0346002579,80.2680282593,32276,32296,20
13.0346002579,80.2680282593,32296,32306,10
13.0345001221,80.2681427002,32306,32316,10
13.0342702866,80.2679977417,32316,32326,10
13.0339403152,80.2681427002,32326,32336,10
13.0334997177,80.2678909302,32336,32346,10
13.0332698822,80.2678833008,32346,32357,11
13.033200264,80.2678527832,32357,32367,10
13.0331802368,80.2677612305,32367,32387,20
13.0331697464,80.2677612305,32387,32518,131
13.0331697464,80.2677612305,32518,32528,10
13.0332298279,80.2676010132,32528,32649,121
13.0332298279,80.2676010132,32649,32659,10
13.0331897736,80.2676925659,32659,33204,545
13.0331897736,80.2676925659,33204,33214,10
13.0330295563,80.2676925659,33214,33224,10
13.0329999924,80.2676773071,33224,33234,10
13.0328598022,80.2676773071,33234,33245,11
13.0325803757,80.2675170898,33245,33255,10
13.0321702957,80.2672576904,33255,33265,10
13.0315504074,80.2669906616,33265,33275,10
13.0308904648,80.2668228149,33275,33285,10
13.0304098129,80.2667388916,33285,33295,10
13.0297899246,80.2666397095,33295,33315,20
13.0297899246,80.2666397095,33315,33325,10
13.0295295715,80.2665786743,33325,33335,10
13.029250145,80.2664794922,33335,33345,10
13.0288896561,80.2663879395,33345,33356,11
13.0283899307,80.2663269043,33356,33366,10
13.0278596878,80.2661972046,33366,33376,10
13.0272197723,80.26612854,33376,33386,10
13.0264596939,80.2659988403,33386,33396,10
13.0260601044,80.2657318115,33396,33406,10
13.025560379,80.2657394409,33406,33416,10
13.025349617,80.2655487061,33416,33426,10
13.0252504349,80.2655181885,33426,33649,223
13.0252504349,80.2655181885,33649,33658,9
13.0163297653,80.2597198486,33658,33669,11
13.0160703659,80.2596206665,33669,33709,40
13.0160703659,80.2596206665,33709,33719,10
13.0130996704,80.2591705322,33719,33729,10
13.0117397308,80.2592926025,33729,33739,10
13.0112895966,80.2593307495,33739,33749,10
13.0099601746,80.2592773438,33749,33769,20
13.0099601746,80.2592773438,33769,33779,10
13.0097303391,80.2590408325,33779,33790,11
13.0090799332,80.2592315674,33790,33800,10
13.008769989,80.259262085,33800,33810,10
13.0085496902,80.2592315674,33810,33820,10
13.0078296661,80.2593536377,33820,33830,10
13.0073299408,80.2594985962,33830,33840,10
13.0072202682,80.2586288452,33840,33860,20
13.0072202682,80.2586288452,33860,33870,10
13.0069503784,80.2580795288,33870,33880,10
13.0066404343,80.2576599121,33880,33901,21
13.0065603256,80.2576293945,33901,33971,70
13.0065603256,80.2576293945,33971,33981,10
13.0066795349,80.2574920654,33981,33992,11
13.006310463,80.2573013306,33992,34002,10
13.0059700012,80.2569122314,34002,34012,10
13.0065498352,80.2557983398,34012,34022,10
13.0066299438,80.2549591064,34022,34032,10
13.0065603256,80.2539825439,34032,34041,9
13.0066204071,80.2531967163,34041,34062,21
13.0066204071,80.2531967163,34062,34072,10
13.0065498352,80.2529602051,34072,34082,10
13.0065402985,80.2524871826,34082,34092,10
13.0066299438,80.2519378662,34092,34183,91
13.0066299438,80.2519378662,34183,34193,10
13.0067100525,80.2517776489,34193,34205,12
13.0067996979,80.2510986328,34205,34215,10
13.0067396164,80.2502822876,34215,34225,10
13.0067195892,80.2496337891,34225,34236,11
13.0067901611,80.2494888306,34236,34245,9
13.0067796707,80.2490615845,34245,34256,11
13.0066795349,80.2484817505,34256,34266,10
13.0066604614,80.2484130859,34266,34276,10
13.0065698624,80.2483596802,34276,34306,30
13.0065698624,80.2483596802,34306,34316,10
13.0067100525,80.2481994629,34316,34327,11
13.0068998337,80.2478485107,34327,34337,10
13.0067501068,80.2483825684,34337,34347,10
13.0067396164,80.2481002808,34347,34357,10
13.0065498352,80.2474975586,34357,34367,10
13.0065698624,80.2469787598,34367,34377,10
13.0066099167,80.2466430664,34377,34397,20
13.0066099167,80.2466430664,34397,34407,10
13.0066099167,80.2465362549,34407,34417,10
13.0066299438,80.246131897,34417,34428,11
13.0066204071,80.245300293,34428,34438,10
13.0065097809,80.244682312,34438,34448,10
13.006480217,80.244392395,34448,34458,10
13.0065002441,80.2442169189,34458,34468,10
13.0065803528,80.243888855,34468,34478,10
13.0065202713,80.243637085,34478,34488,10
13.0063800812,80.2434768677,34488,34508,20
13.0063800812,80.2434768677,34508,34518,10
13.0065402985,80.2420272827,34518,34528,10
13.0066900253,80.2416915894,34528,34538,10
13.0066699982,80.2413787842,34538,34548,10
13.0065498352,80.2407608032,34548,34559,11
13.0066604614,80.2404708862,34559,34569,10
13.006770134,80.2400512695,34569,34579,10
13.0066995621,80.2394485474,34579,34589,10
13.0069599152,80.2382583618,34589,34599,10
13.0073604584,80.2372817993,34599,34609,10
13.0073404312,80.2366485596,34609,34619,10
13.0073204041,80.236579895,34619,34629,10
13.0075597763,80.2363967896,34629,34640,11
13.0076198578,80.2358093262,34640,34649,9
13.0078201294,80.2349014282,34649,34660,11
13.0080699921,80.2338027954,34660,34670,10
13.0081596375,80.2326507568,34670,34680,10
13.008600235,80.2311935425,34680,34690,10
13.0088796616,80.2297897339,34690,34700,10
13.0091199875,80.2285919189,34700,34710,10
13.0094499588,80.2276229858,34710,34720,10
13.0097799301,80.2268295288,34720,34730,10
13.0102596283,80.2258911133,34730,34740,10
13.0105304718,80.2252426147,34740,34750,10
13.0107498169,80.2246932983,34750,34760,10
13.0111598969,80.2239990234,34760,34801,41
13.0111598969,80.2239990234,34801,34811,10
13.0112400055,80.2236709595,34811,34821,10
13.0114297867,80.22315979,34821,34831,10
13.0116596222,80.2225723267,34831,34841,10
13.0117197037,80.2219314575,34841,34851,10
13.0123300552,80.221496582,34851,34861,10
13.0126800537,80.2218933105,34861,34871,10
13.0132398605,80.2226104736,34871,34882,11
13.0142002106,80.2235336304,34882,34902,20
13.0142002106,80.2235336304,34902,34912,10
13.0145902634,80.223739624,34912,34922,10
13.0152301788,80.2239379883,34922,34932,10
13.0155601501,80.2249298096,34932,34942,10
13.0157499313,80.2251586914,34942,34952,10
13.0158100128,80.225151062,34952,34962,10
13.0160198212,80.2253417969,34962,34972,10
13.0166902542,80.2250671387,34972,34982,10
13.0178203583,80.2247390747,34982,35003,21
13.0178203583,80.2247390747,35003,35013,10
13.0181999207,80.2246780396,35013,35023,10
13.0184803009,80.2245407104,35023,35033,10
13.0187902451,80.2243881226,35033,35043,10
13.0190200806,80.2242889404,35043,35053,10
13.019200325,80.224281311,35053,35074,21
13.0193595886,80.2243728638,35074,35104,30
13.0193595886,80.2243728638,35104,35114,10
13.0198202133,80.2245483398,35114,35124,10
13.02023983,80.2249832153,35124,35134,10
13.0204401016,80.2250671387,35134,35144,10
13.0207099915,80.2253112793,35144,35154,10
13.0209197998,80.2253417969,35154,35164,10
13.0207395554,80.2250213623,35164,35174,10
13.0206403732,80.224822998,35174,35184,10
13.0209197998,80.225227356,35184,35195,11
13.020819664,80.2275695801,35195,35376,181
13.020819664,80.2275695801,35376,35386,10
13.0227804184,80.2276229858,35386,35396,10
13.0231304169,80.2273712158,35396,35406,10
13.0233802795,80.2274780273,35406,35416,10
13.0235500336,80.2276306152,35416,35427,11
13.0237102509,80.2277374268,35427,35437,10
13.0237798691,80.2277603149,35437,35447,10
13.0239496231,80.227897644,35447,35457,10
13.0242996216,80.2283172607,35457,35467,10
13.0245304108,80.2286682129,35467,35477,10
13.0247497559,80.2289428711,35477,35497,20
13.0247497559,80.2289428711,35497,35507,10
13.0248003006,80.2289810181,35507,35517,10
13.0249500275,80.2292175293,35517,35527,10
13.0252399445,80.229637146,35527,35538,11
13.0255699158,80.2300567627,35538,35558,20
13.0255699158,80.2300567627,35558,35568,10
13.0255699158,80.2302322388,35568,35578,10
13.0259304047,80.2308578491,35578,35588,10
13.0259199142,80.2311477661,35588,35604,16
13.0266704559,80.2312164307,35604,35616,12
13.027759552,80.2309417725,35616,35627,11
13.0292901993,80.2306289673,35627,35889,262
13.0292901993,80.2306289673,35889,35899,10
13.0342798233,80.2300567627,35899,36171,272
13.0342798233,80.2300567627,36171,36181,10
13.0341901779,80.2303009033,36181,36192,11
13.0341796875,80.2303009033,36192,36202,10
13.0339002609,80.2304382324,36202,36212,10
13.0333404541,80.2304992676,36212,36222,10
13.0326795578,80.2305374146,36222,36292,70
13.0326795578,80.2305374146,36292,36303,11
13.0304403305,80.2307434082,36303,36313,10
13.029589653,80.2307281494,36313,36373,60
13.029589653,80.2307281494,36373,36383,10
13.0275802612,80.2309188843,36383,36393,10
13.0276603699,80.2315826416,36393,36403,10
13.0277700424,80.232170105,36403,36414,11
13.0278902054,80.2328109741,36414,36514,100
13.0278902054,80.2328109741,36514,36525,11
13.0276603699,80.2328567505,36525,36535,10
13.0274400711,80.2328872681,36535,36545,10
13.0271997452,80.2329406738,36545,36555,10
13.0269498825,80.2329406738,36555,36565,10
13.0266304016,80.2329864502,36565,36575,10
13.0263004303,80.2325134277,36575,36585,10
13.0260400772,80.2320022583,36585,36595,10
13.0258598328,80.2316513062,36595,36606,11
13.0252399445,80.2298965454,36606,36615,9
13.0245704651,80.2291030884,36615,36636,21
13.0245704651,80.2291030884,36636,36646,10
13.0240402222,80.2283706665,36646,36666,20
13.0240402222,80.2283706665,36666,36676,10
13.0240001678,80.228302002,36676,36686,10
13.0237998962,80.2280197144,36686,36696,10
13.0235099792,80.2277832031,36696,36705,9
13.023229599,80.2274398804,36705,36716,11
13.0222396851,80.2269210815,36716,36726,10
13.0213003159,80.2257919312,36726,36737,11
13.0204200745,80.2251586914,36737,36747,10
13.0195903778,80.2246017456,36747,36757,10
13.0184202194,80.224609375,36757,36767,10
13.0172300339,80.2250900269,36767,36777,10
13.0165395737,80.2253875732,36777,36787,10
13.0162696838,80.2255325317,36787,36797,10
13.0156097412,80.2257232666,36797,36807,10
13.0149803162,80.225982666,36807,36817,10
13.014960289,80.2259902954,36817,36827,10
13.0148496628,80.2260513306,36827,36837,10
13.0141096115,80.2263565063,36837,36858,21
13.0141096115,80.2263565063,36858,36868,10
13.0139398575,80.2264328003,36868,36878,10
13.0136299133,80.2265472412,36878,36888,10
13.0132703781,80.2266693115,36888,36898,10
13.0129995346,80.2267913818,36898,36908,10
13.0126199722,80.2269515991,36908,36928,20
13.0126199722,80.2269515991,36928,36938,10
13.012260437,80.2270431519,36938,36948,10
13.0118999481,80.2272262573,36948,36958,10
13.0115404129,80.2273635864,36958,36969,11
13.0113096237,80.227432251,36969,36979,10
13.0108299255,80.2276000977,36979,36989,10
13.010219574,80.2278366089,36989,36999,10
13.0096797943,80.2280807495,36999,37009,10
13.0091600418,80.2285995483,37009,37019,10
13.0089597702,80.2295227051,37019,37029,10
13.0087604523,80.2304611206,37029,37039,10
13.0086297989,80.2311935425,37039,37049,10
13.0085601807,80.2316970825,37049,37059,10
13.008480072,80.2320709229,37059,37069,10
13.0084199905,80.2324371338,37069,37080,11
13.0084104538,80.2325897217,37080,37090,10
13.0083198547,80.2328720093,37090,37100,10
13.0082702637,80.2334899902,37100,37150,50
13.0082702637,80.2334899902,37150,37160,10
13.0081300735,80.2337265015,37160,37171,11
13.0082101822,80.2339401245,37171,37180,9
13.0082597733,80.234046936,37180,37191,11
13.0078001022,80.2352218628,37191,37201,10
13.0077295303,80.2359924316,37201,37211,10
13.0075798035,80.2367095947,37211,37221,10
13.0074501038,80.2373123169,37221,37231,10
13.0073099136,80.2379989624,37231,37241,10
13.0072603226,80.2386398315,37241,37281,40
13.0072603226,80.2386398315,37281,37291,10
13.0070896149,80.2390823364,37291,37302,11
13.0069999695,80.239616394,37302,37312,10
13.006939888,80.240196228,37312,37322,10
13.0068998337,80.240562439,37322,37332,10
13.0068397522,80.2408218384,37332,37348,16
13.0067396164,80.2414169312,37348,37360,12
13.0067596436,80.2422180176,37360,37368,8
13.0068101883,80.2422637939,37368,37378,10
13.0067501068,80.2422790527,37378,37390,12
13.0066795349,80.24243927,37390,37400,10
13.006649971,80.2427368164,37400,37411,11
13.0066299438,80.2433624268,37411,37451,40
13.0066299438,80.2433624268,37451,37461,10
13.0066099167,80.2437362671,37461,37471,10
13.0066404343,80.2440032959,37471,37501,30
13.0066404343,80.2440032959,37501,37512,11
13.006649971,80.2443771362,37512,37522,10
13.0066699982,80.244430542,37522,37532,10
13.0068101883,80.2445373535,37532,37542,10
13.0066795349,80.2443389893,37542,37552,10
13.0066604614,80.2445678711,37552,37562,10
13.0066995621,80.2449035645,37562,37572,10
13.0066900253,80.245262146,37572,37582,10
13.0067195892,80.2457962036,37582,37592,10
13.0068397522,80.2462768555,37592,37602,10
13.0068397522,80.2462234497,37602,37612,10
13.006770134,80.2473983765,37612,37623,11
13.0068702698,80.2486190796,37623,37653,30
13.0067996979,80.2496337891,37653,37673,20
13.0067996979,80.2496337891,37673,37683,10
13.0068101883,80.2511520386,37683,37693,10
13.0068702698,80.2509002686,37693,37703,10
13.0068798065,80.2510986328,37703,37714,11
13.0071001053,80.2510910034,37714,37724,10
13.0068702698,80.251121521,37724,37734,10
13.0068702698,80.251121521,37734,37744,10
13.0068101883,80.2513427734,37744,37754,10
13.0066900253,80.2518386841,37754,37764,10
13.0065603256,80.2524414063,37764,37774,10
13.0064496994,80.2530212402,37774,37784,10
13.0064897537,80.2536773682,37784,37794,10
13.0065402985,80.2544937134,37794,37806,12
13.0065698624,80.2558364868,37806,37816,10
13.0066404343,80.2568969727,37816,37825,9
13.0067300797,80.2573165894,37825,37908,83
13.0067300797,80.2573165894,37908,37918,10
13.0068101883,80.25730896,37918,37928,10
13.0067901611,80.2573318481,37928,37938,10
13.0068702698,80.2575302124,37938,37948,10
13.0071697235,80.2581634521,37948,37959,11
13.0077600479,80.2586593628,37959,37979,20
13.0077600479,80.2586593628,37979,37989,10
13.0082101822,80.2588577271,37989,37999,10
13.0089302063,80.2590484619,37999,38009,10
13.0098304749,80.2590637207,38009,38019,10
13.0110301971,80.2590713501,38019,38029,10
13.0123996735,80.2591400146,38029,38039,10
13.0140304565,80.2592010498,38039,38049,10
13.0156002045,80.2592926025,38049,38059,10
13.0163097382,80.2595367432,38059,38070,11
13.0164699554,80.2596817017,38070,38080,10
13.0165300369,80.2597427368,38080,38090,10
13.0169696808,80.2600708008,38090,38100,10
13.0176801682,80.2605514526,38100,38110,10
13.0183200836,80.2610092163,38110,38120,10
13.018819809,80.261390686,38120,38130,10
13.0191898346,80.261680603,38130,38140,10
13.019370079,80.2618026733,38140,38150,10
13.0195598602,80.2620010376,38150,38160,10
13.0199298859,80.2623672485,38160,38170,10
13.0201597214,80.2625808716,38170,38181,11
13.0202302933,80.2626037598,38181,38197,16
13.0209999084,80.2628936768,38197,38209,12
13.0218496323,80.2632064819,38209,38219,10
13.0221395493,80.263343811,38219,38229,10
13.0224895477,80.2635574341,38229,38239,10
13.0229902267,80.2638168335,38239,38249,10
13.0230798721,80.2638778687,38249,38258,9
13.0234804153,80.2641067505,38258,38269,11
13.0240001678,80.2644119263,38269,38279,10
13.0242395401,80.2645263672,38279,38290,11
13.0247898102,80.2649383545,38290,38300,10
13.0251598358,80.2651977539,38300,38309,9
13.0252895355,80.2652893066,38309,38318,9
13.0257301331,80.265586853,38318,38330,12
13.026309967,80.2657318115,38330,38340,10
13.0263900757,80.2651596069,38340,38350,10
13.02643013,80.264503479,38350,38360,10
13.0265398026,80.2639465332,38360,38370,10
13.0265398026,80.2639389038,38370,38380,10
13.0265798569,80.2635879517,38380,38390,10
13.0266504288,80.2633590698,38390,38401,11
13.027009964,80.2634277344,38401,38411,10
13.0276002884,80.2634963989,38411,38421,10
13.0282201767,80.2637023926,38421,38431,10
13.028840065,80.2638397217,38431,38441,10
13.0292396545,80.263999939,38441,38451,10
13.0293502808,80.2641525269,38451,38461,10
13.0293397903,80.2643890381,38461,38471,10
13.0293302536,80.2649230957,38471,38481,10
13.0293197632,80.2655105591,38481,38491,10
13.0292701721,80.2659835815,38491,38502,11
13.0292797089,80.2660980225,38502,38512,10
13.0292196274,80.2663803101,38512,38522,10
13.0294103622,80.2665100098,38522,38532,10
13.0297803879,80.2665710449,38532,38542,10
13.030380249,80.2666931152,38542,38552,10
13.0311603546,80.2668380737,38552,38562,10
13.0317201614,80.266998291,38562,38572,10
13.0320501328,80.2671432495,38572,38582,10
13.0323495865,80.2673034668,38582,38592,10
13.0326795578,80.2675094604,38592,38603,11
13.0334300995,80.2677764893,38603,38633,30
13.0334300995,80.2677764893,38633,38643,10
13.0335302353,80.2678604126,38643,38653,10
13.0338497162,80.2678985596,38653,38663,10
13.034239769,80.2679672241,38663,38673,10
13.0345697403,80.2679977417,38673,38693,20
13.0345697403,80.2679977417,38693,38703,10
13.0344200134,80.2682266235,38703,38719,16
13.0340900421,80.2679595947,38719,38732,13
13.0334501266,80.2678604126,38732,38782,50
13.0334501266,80.2678604126,38782,38792,10
13.0332803726,80.2677764893,38792,38802,10
13.0331802368,80.267616272,38802,38811,9
13.0331296921,80.2676086426,38811,38833,22
13.0331497192,80.2676696777,38833,38863,30
13.0331497192,80.2676696777,38863,38873,10
13.0332603455,80.2678375244,38873,38883,10
13.0332202911,80.2677230835,38883,39045,162
13.0332202911,80.2677230835,39045,39055,10
13.0332298279,80.2676010132,39055,39075,20
13.0332603455,80.2676086426,39075,39589,514
13.0332603455,80.2676086426,39589,39599,10
13.0324897766,80.2675323486,39599,39610,11
13.0320997238,80.2673416138,39610,39620,10
13.0316400528,80.2670822144,39620,39630,10
13.0308103561,80.2667388916,39630,39650,20
13.0308103561,80.2667388916,39650,39660,10
13.0294599533,80.2667999268,39660,39670,10
13.0292196274,80.2666015625,39670,39680,10
13.029129982,80.2664794922,39680,39690,10
13.0289001465,80.2662963867,39690,39700,10
13.0282697678,80.2661209106,39700,39710,10
13.0274095535,80.2660903931,39710,39721,11
13.0266895294,80.2660598755,39721,39731,10
13.0260801315,80.2659072876,39731,39740,9
13.0257101059,80.2656936646,39740,39751,11
13.0253000259,80.2654190063,39751,39761,10
13.0252504349,80.2653503418,39761,39771,10
13.0251502991,80.2652435303,39771,39781,10
13.0248403549,80.2649078369,39781,39791,10
13.0242900848,80.2646102905,39791,39801,10
13.0236797333,80.2642593384,39801,39811,10
13.0230798721,80.2639007568,39811,39821,10
13.0224199295,80.2635498047,39821,39832,11
13.0221099854,80.263458252,39832,39842,10
13.0220899582,80.2634506226,39842,39852,10
13.0218400955,80.2632980347,39852,39862,10
13.021109581,80.2631225586,39862,39872,10
13.020359993,80.2630462646,39872,39882,10
13.0197200775,80.2629623413,39882,39892,10
13.0190696716,80.2629013062,39892,39902,10
13.0188903809,80.2624130249,39902,39912,10
13.0187501907,80.2615509033,39912,39922,10
13.0183696747,80.2611236572,39922,39933,11
13.0176401138,80.2606277466,39933,39943,10
13.0168304443,80.2600784302,39943,39953,10
13.0161600113,80.2597427368,39953,39963,10
13.0161104202,80.2597198486,39963,39973,10
13.0159702301,80.2596206665,39973,39983,10
13.0153503418,80.2593994141,39983,39993,10
13.014380455,80.2593078613,39993,40003,10
13.0132703781,80.259262085,40003,40013,10
13.0122003555,80.2592391968,40013,40023,10
13.0113201141,80.2591781616,40023,40033,10
13.0104103088,80.2592163086,40033,40043,10
13.0098695755,80.2592086792,40043,40054,11
13.0097703934,80.2592086792,40054,40064,10
13.0094404221,80.2592163086,40064,40074,10
13.008890152,80.2592468262,40074,40084,10
13.008649826,80.2592315674,40084,40094,10
13.0081996918,80.2591934204,40094,40104,10
13.0077199936,80.2593536377,40104,40114,10
13.0072097778,80.2587890625,40114,40144,30
13.0072097778,80.2587890625,40144,40154,10
13.0071001053,80.2584609985,40154,40165,11
13.0069303513,80.2582778931,40165,40175,10
13.0065202713,80.2576599121,40175,40264,89
13.0065002441,80.257598877,40264,40354,90
13.0065002441,80.257598877,40354,40364,10
13.0064401627,80.2549591064,40364,40375,11
13.0064601898,80.2542800903,40375,40385,10
13.0065202713,80.2534713745,40385,40395,10
13.006480217,80.2531204224,40395,40405,10
13.006480217,80.2530899048,40405,40415,10
13.0064697266,80.2526473999,40415,40445,30
13.0064697266,80.2526473999,40445,40455,10
13.0065097809,80.2524795532,40455,40465,10
13.0066299438,80.2518615723,40465,40475,10
13.0067396164,80.2508773804,40475,40485,10
13.0067501068,80.2498168945,40485,40536,51
13.0067501068,80.2498168945,40536,40546,10
13.0067195892,80.2497787476,40546,40556,10
13.0067300797,80.249671936,40556,40566,10
13.0066995621,80.2490005493,40566,40617,51
13.0066995621,80.2490005493,40617,40627,10
13.0062599182,80.2487335205,40627,40637,10
13.0040302277,80.2476806641,40637,40688,51
13.0065202713,80.2485580444,40688,40708,20
13.0065202713,80.2485580444,40708,40718,10
13.0066204071,80.2473373413,40718,40728,10
13.0066003799,80.2464599609,40728,40748,20
13.0066003799,80.2464599609,40748,40758,10
13.0066204071,80.2461395264,40758,40768,10
13.0066404343,80.2453689575,40768,40778,10
13.0066299438,80.2445907593,40778,40788,10
13.0066099167,80.2439193726,40788,40798,10
13.0065898895,80.2432479858,40798,40809,11
13.0065803528,80.2423400879,40809,40818,9
13.0065603256,80.2416763306,40818,40829,11
13.0065698624,80.2416610718,40829,40839,10
13.0065803528,80.2415237427,40839,40849,10
13.0066099167,80.2412109375,40849,40859,10
13.0066003799,80.2403793335,40859,40869,10
13.0067996979,80.2397994995,40869,40879,10
13.0069999695,80.2389068604,40879,40889,10
13.0072002411,80.237953186,40889,40899,10
13.0073795319,80.2370910645,40899,40909,10
13.0074100494,80.2368392944,40909,40919,10
13.0074300766,80.2367706299,40919,40930,11
13.0076198578,80.2361602783,40930,40940,10
13.0077695847,80.2353591919,40940,40950,10
13.0078001022,80.235168457,40950,40960,10
13.0079097748,80.2346115112,40960,40970,10
13.0080499649,80.2337875366,40970,40980,10
13.008310318,80.2325668335,40980,40990,10
13.008600235,80.2311096191,40990,41000,10
13.0088596344,80.2296829224,41000,41010,10
13.0091695786,80.2282409668,41010,41020,10
13.0096902847,80.2270584106,41020,41030,10
13.0103397369,80.2257766724,41030,41041,11
13.0106601715,80.2251434326,41041,41051,10
13.0107698441,80.2249298096,41051,41061,10
13.0109796524,80.2243804932,41061,41071,10
13.011179924,80.2238998413,41071,41081,10
13.0112304688,80.2237930298,41081,41091,10
13.0114202499,80.2232818604,41091,41100,9
13.0117101669,80.2226486206,41100,41111,11
13.0120401382,80.2217102051,41111,41121,10
13.0123195648,80.2214813232,41121,41131,10
13.0125799179,80.2217330933,41131,41141,10
13.0130596161,80.2219619751,41141,41152,11
13.0138397217,80.2230377197,41152,41162,10
13.0142402649,80.2233810425,41162,41172,10
13.0145397186,80.2237701416,41172,41182,10
13.0150098801,80.2244415283,41182,41192,10
13.0154399872,80.2248382568,41192,41202,10
13.0154495239,80.224861145,41202,41212,10
13.0155801773,80.2249984741,41212,41222,10
13.0160598755,80.2253036499,41222,41232,10
13.0168504715,80.2251815796,41232,41242,10
13.0177497864,80.2248001099,41242,41253,11
13.0183296204,80.2245788574,41253,41263,10
13.0183401108,80.2245788574,41263,41273,10
13.0187196732,80.2244262695,41273,41283,10
13.0193996429,80.2242965698,41283,41292,9
13.0195703506,80.2244567871,41292,41303,11
13.019780159,80.2245635986,41303,41313,10
13.0201396942,80.224822998,41313,41323,10
13.0208997726,80.2253799438,41323,41333,10
13.0208997726,80.2253799438,41333,41343,10
13.021320343,80.2257232666,41343,41353,10
13.0219802856,80.2261962891,41353,41374,21
13.0219802856,80.2261962891,41374,41384,10
13.0222396851,80.2264099121,41384,41395,11
13.0227403641,80.2268600464,41395,41405,10
13.0231800079,80.2272415161,41405,41417,12
13.0236101151,80.2276611328,41417,41426,9
13.0239696503,80.2280197144,41426,41437,11
13.0243301392,80.2284011841,41437,41446,9
13.0244998932,80.2286529541,41446,41456,10
13.0246496201,80.2288589478,41456,41467,11
13.0248003006,80.2291107178,41467,41477,10
13.0250501633,80.2294235229,41477,41488,11
13.0255002975,80.2300033569,41488,41498,10
13.0258598328,80.2306518555,41498,41508,10
13.0259399414,80.2311325073,41508,41528,20
13.0259399414,80.2311325073,41528,41538,10
13.0259199142,80.2312393188,41538,41548,10
13.0260000229,80.2311096191,41548,41579,31
13.0260000229,80.2311096191,41579,41589,10
13.0258903503,80.2311019897,41589,41599,10
13.0258998871,80.2310791016,41599,41609,10
13.0256700516,80.2311019897,41609,41619,10
13.0253896713,80.2311477661,41619,41629,10
13.0253601074,80.2311477661,41629,41639,10
13.0283603668,80.23097229,41639,41649,10
13.0285797119,80.2309036255,41649,41659,10
13.0287399292,80.2308731079,41659,41669,10
13.0291795731,80.230796814,41669,41679,10
13.0297002792,80.2307815552,41679,41689,10
13.0303602219,80.23072052,41689,41700,11
13.03083992,80.230682373,41700,41710,10
13.0314302444,80.2306289673,41710,41720,10
13.0320701599,80.2305984497,41720,41730,10
13.0327100754,80.2305603027,41730,41740,10
13.0334701538,80.2305221558,41740,41750,10
13.0338802338,80.2304763794,41750,41760,10
13.0342102051,80.2304382324,41760,41770,10
13.0343999863,80.2304229736,41770,41780,10
13.0346603394,80.2303619385,41780,41821,41
13.0346603394,80.2303619385,41821,41831,10
13.0348596573,80.2302627563,41831,41841,10
13.0347003937,80.2301101685,41841,41881,40
13.0347003937,80.2301101685,41881,41891,10
13.0346002579,80.229598999,41891,41912,21
13.0346002579,80.229598999,41912,41922,10
13.034529686,80.2299575806,41922,41992,70
13.0345802307,80.2299804688,41992,42426,434
13.0345802307,80.2299804688,42426,42435,9
13.0341396332,80.2304992676,42435,42456,21
13.0341396332,80.2304992676,42456,42465,9
13.0340595245,80.2304077148,42465,42477,12
13.0339002609,80.2304077148,42477,42487,10
13.0336399078,80.2304382324,42487,42497,10
13.0334997177,80.2304534912,42497,42507,10
13.0330400467,80.2305526733,42507,42517,10
13.0324401855,80.2306289673,42517,42527,10
13.0320796967,80.2306594849,42527,42537,10
13.0314998627,80.2306976318,42537,42547,10
13.0308103561,80.2307434082,42547,42557,10
13.0299196243,80.2308197021,42557,42577,20
13.0299196243,80.2308197021,42577,42588,11
13.0296201706,80.2308502197,42588,42604,16
13.0286798477,80.2309799194,42604,42616,12
13.0277996063,80.2310562134,42616,42625,9
13.027680397,80.2313613892,42625,42636,11
13.0277500153,80.2320175171,42636,42646,10
13.0278196335,80.2324905396,42646,42656,10
13.0277500153,80.2328262329,42656,42666,10
13.0274200439,80.2328872681,42666,42676,10
13.0274095535,80.2328872681,42676,42685,9
13.0272397995,80.2329177856,42685,42697,12
13.0269498825,80.2329483032,42697,42707,10
13.0266199112,80.2329711914,42707,42717,10
13.026309967,80.2325286865,42717,42727,10
13.0261201859,80.2317886353,42727,42737,10
13.0258998871,80.2309417725,42737,42747,10
13.0253896713,80.2300415039,42747,42757,10
13.0249004364,80.2294235229,42757,42767,10
13.0247402191,80.2292098999,42767,42777,10
13.0244398117,80.2288284302,42777,42787,10
13.0240898132,80.2283782959,42787,42808,21
13.0240898132,80.2283782959,42808,42818,10
13.024020195,80.2282409668,42818,42828,10
13.023639679,80.2278289795,42828,42838,10
13.0232601166,80.2274398804,42838,42848,10
13.0227899551,80.2269973755,42848,42858,10
13.02202034,80.226348877,42858,42867,9
13.0213403702,80.2257995605,42867,42878,11
13.0204496384,80.2251586914,42878,42887,9
13.0198602676,80.2247390747,42887,42929,42
13.0198602676,80.2247390747,42929,42939,10
13.0194301605,80.2245101929,42939,42949,10
13.0185203552,80.2246322632,42949,42959,10
13.0173597336,80.2250900269,42959,42969,10
13.0164499283,80.225479126,42969,42979,10
13.0157299042,80.2257080078,42979,42989,10
13.0148696899,80.2260513306,42989,42999,10
13.0141401291,80.2263717651,42999,43019,20
13.0141401291,80.2263717651,43019,43030,11
13.0139904022,80.2264099121,43030,43040,10
13.013469696,80.2266082764,43040,43050,10
13.0126800537,80.2269210815,43050,43060,10
13.0116901398,80.2273025513,43060,43070,10
13.0104703903,80.2277679443,43070,43080,10
13.0093898773,80.2282409668,43080,43090,10
13.0090103149,80.2291793823,43090,43100,10
13.0087299347,80.2304992676,43100,43110,10
13.0084600449,80.2318878174,43110,43120,10
13.0082502365,80.2330780029,43120,43131,11
13.0081796646,80.2336578369,43131,43141,10
13.008190155,80.2336578369,43141,43151,10
13.0080795288,80.2339401245,43151,43161,10
13.0079202652,80.2347183228,43161,43171,10
13.0077199936,80.2357177734,43171,43181,10
13.0075397491,80.2367172241,43181,43191,10
13.0073604584,80.2376022339,43191,43201,10
13.0072002411,80.2384796143,43201,43211,10
13.0070695877,80.2390365601,43211,43221,10
13.0069904327,80.239402771,43221,43231,10
13.0069198608,80.2399673462,43231,43252,21
13.0069198608,80.2399673462,43252,43262,10
13.0068798065,80.2402496338,43262,43272,10
13.0067901611,80.2407836914,43272,43292,20
13.0067901611,80.2407836914,43292,43302,10
13.0067501068,80.2409973145,43302,43312,10
13.0066900253,80.2416763306,43312,43322,10
13.0066900253,80.2426605225,43322,43332,10
13.0066699982,80.2432785034,43332,43342,10
13.0066404343,80.243598938,43342,43353,11
13.0066204071,80.2440719604,43353,43363,10
13.0066299438,80.2443008423,43363,43373,10
13.0066699982,80.2444076538,43373,43383,10
13.0066404343,80.2447433472,43383,43393,10
13.006649971,80.2450714111,43393,43403,10
13.0066699982,80.2457122803,43403,43431,28
13.0066699982,80.2457122803,43431,43441,10
13.0066995621,80.2461395264,43441,43451,10
13.0066995621,80.2466506958,43451,43461,10
13.0066900253,80.2473831177,43461,43472,11
13.0066995621,80.2482681274,43472,43482,10
13.0067796707,80.2490386963,43482,43492,10
13.0068597794,80.2496032715,43492,43512,20
13.0068597794,80.2496032715,43512,43522,10
13.0068302155,80.250038147,43522,43532,10
13.0068101883,80.2507781982,43532,43542,10
13.0067300797,80.2516098022,43542,43552,10
13.0065498352,80.2525787354,43552,43562,10
13.0065402985,80.253578186,43562,43573,11
13.0065698624,80.2548904419,43573,43583,10
13.0065803528,80.2559204102,43583,43593,10
13.0065803528,80.2570495605,43593,43633,40
13.0065803528,80.2570495605,43633,43643,10
13.0065803528,80.2570877075,43643,43653,10
13.0066099167,80.2574005127,43653,43663,10
13.0067100525,80.257598877,43663,43673,10
13.0069599152,80.2580184937,43673,43683,10
13.0077199936,80.2586669922,43683,43704,21
13.0077199936,80.2586669922,43704,43720,16
13.0086202621,80.2589569092,43720,43732,12
13.009469986,80.2590408325,43732,43742,10
13.0103597641,80.2590484619,43742,43750,8
13.0115299225,80.2590789795,43750,43762,12
13.0131998062,80.2591400146,43762,43772,10
13.0148000717,80.2592010498,43772,43782,10
13.0159797668,80.2594223022,43782,43793,11
13.0164804459,80.259727478,43793,43803,10
13.016500473,80.2597503662,43803,43814,11
13.0165300369,80.2598114014,43814,43824,10
13.0169696808,80.2601470947,43824,43834,10
13.0176200867,80.2605895996,43834,43844,10
13.0183801651,80.2610931396,43844,43854,10
13.0189695358,80.2615432739,43854,43864,10
13.0194597244,80.261932373,43864,43874,10
13.0199699402,80.2624664307,43874,43884,10
13.0201997757,80.2626190186,43884,43894,10
13.0202999115,80.2626876831,43894,43905,11
13.0207996368,80.2628707886,43905,43915,10
13.0214996338,80.2630996704,43915,43925,10
13.0219497681,80.2632980347,43925,43935,10
13.0221595764,80.2633590698,43935,43945,10
13.0226297379,80.2635574341,43945,43955,10
13.0228500366,80.263671875,43955,43965,10
13.0231103897,80.2638397217,43965,43975,10
13.0236797333,80.2641983032,43975,43985,10
13.0244197845,80.2646713257,43985,43995,10
13.0250902176,80.2651596069,43995,44005,10
13.0255498886,80.2655410767,44005,44016,11
13.0259504318,80.2657775879,44016,44026,10
13.0261898041,80.2658615112,44026,44036,10
13.0263996124,80.2656402588,44036,44046,10
13.0264596939,80.2649383545,44046,44056,10
13.0264596939,80.2641601563,44056,44076,20
13.0264596939,80.2641601563,44076,44086,10
13.0264997482,80.2636795044,44086,44096,10
13.0267801285,80.2635574341,44096,44106,10
13.0274400711,80.2635726929,44106,44116,10
13.0281295776,80.2637405396,44116,44126,10
13.0288295746,80.2639465332,44126,44137,11
13.0293598175,80.2641296387,44137,44147,10
13.029299736,80.2643966675,44147,44157,10
13.0292301178,80.2647705078,44157,44167,10
13.0291795731,80.265296936,44167,44177,10
13.0291700363,80.2659683228,44177,44187,10
13.0291500092,80.2661209106,44187,44196,9
13.0291004181,80.2662734985,44196,44207,11
13.0292100906,80.2664794922,44207,44217,10
13.0297002792,80.2665863037,44217,44227,10
13.0305900574,80.2667312622,44227,44318,91
13.0305900574,80.2667312622,44318,44328,10
13.0311002731,80.2668762207,44328,44349,21
13.0311002731,80.2668762207,44349,44359,10
13.031370163,80.2669525146,44359,44369,10
13.0314702988,80.2669830322,44369,44379,10
13.0316095352,80.2670516968,44379,44389,10
13.031920433,80.2671813965,44389,44399,10
13.0323600769,80.2673721313,44399,44439,40
13.0323600769,80.2673721313,44439,44449,10
13.0326700211,80.267539978,44449,44460,11
13.032910347,80.2677078247,44460,44470,10
13.0333995819,80.267791748,44470,44490,20
13.0333995819,80.267791748,44490,44500,10
13.0336904526,80.2678833008,44500,44510,10
13.034040451,80.2679595947,44510,44520,10
13.0343999863,80.2679977417,44520,44611,91
13.0343999863,80.2679977417,44611,44621,10
13.0344104767,80.2680587769,44621,44641,20
13.0344104767,80.2680587769,44641,44651,10
13.0341596603,80.2679367065,44651,44661,10
13.0340204239,80.2679290771,44661,44672,11
13.0338201523,80.267906189,44672,44682,10
13.0335798264,80.2678833008,44682,45231,549
13.0335798264,80.2678833008,45231,45241,10
13.0331897736,80.2677688599,45241,45251,10
13.0328998566,80.2677307129,45251,45261,10
13.0328502655,80.2677230835,45261,45271,10
13.0326099396,80.2676391602,45271,45281,10
13.0324802399,80.2675018311,45281,45291,10
13.0321302414,80.2673187256,45291,45301,10
13.0317201614,80.2671508789,45301,45311,10
13.0309896469,80.2669830322,45311,45322,11
13.0303096771,80.2667236328,45322,45332,10
13.0297203064,80.2664794922,45332,45352,20
13.0297203064,80.2664794922,45352,45361,9
13.0293798447,80.2665634155,45361,45372,11
13.029129982,80.2664871216,45372,45382,10
13.028840065,80.2664108276,45382,45392,10
13.0283298492,80.2662887573,45392,45402,10
13.0276603699,80.2661819458,45402,45412,10
13.0269002914,80.2660598755,45412,45422,10
13.0261898041,80.2659225464,45422,45432,10
13.0256700516,80.2656097412,45432,45443,11
13.0252103806,80.2653198242,45443,45453,10
13.0253400803,80.2653884888,45453,45473,20
13.0253400803,80.2653884888,45473,45483,10
13.0250196457,80.2651290894,45483,45493,10
13.0248203278,80.265007019,45493,45503,10
13.0244598389,80.264793396,45503,45513,10
13.0238895416,80.2643966675,45513,45523,10
13.0232000351,80.2640762329,45523,45533,10
13.0225696564,80.2637405396,45533,45543,10
13.0221204758,80.2635498047,45543,45564,21
13.0221204758,80.2635498047,45564,45574,10
13.0218200684,80.2632598877,45574,45584,10
13.0213298798,80.2630996704,45584,45594,10
13.0206203461,80.2630386353,45594,45604,10
13.0200500488,80.2630233765,45604,45614,10
13.0194997787,80.2629699707,45614,45624,10
13.0190095901,80.2628326416,45624,45634,10
13.0188798904,80.2621688843,45634,45651,17
13.0185899734,80.2612075806,45651,45662,11
13.0178804398,80.2607421875,45662,45673,11
13.0169095993,80.2600326538,45673,45683,10
13.0156698227,80.2590484619,45683,45703,20
13.0156698227,80.2590484619,45703,45713,10
13.0158996582,80.2595825195,45713,45723,10
13.0154399872,80.259437561,45723,45733,10
13.0147304535,80.2593002319,45733,45743,10
13.0137901306,80.2592697144,45743,45753,10
13.0129203796,80.259262085,45753,45763,10
13.0119895935,80.2591400146,45763,45774,11
13.0109395981,80.2593231201,45774,45784,10
13.0101003647,80.2592086792,45784,45794,10
13.0101099014,80.2591400146,45794,45804,10
13.0098199844,80.2590866089,45804,45814,10
13.0091600418,80.2590789795,45814,45824,10
13.0088396072,80.2591171265,45824,45834,10
13.0084600449,80.2591323853,45834,45844,10
13.0078201294,80.2593231201,45844,45854,10
13.0072402954,80.2588195801,45854,45874,20
13.0072402954,80.2588195801,45874,45885,11
13.0071296692,80.2585601807,45885,45895,10
13.0069904327,80.2583618164,45895,45905,10
13.0066204071,80.2578125,45905,45935,30
13.0066204071,80.2578125,45935,45945,10
13.0062904358,80.2577133179,45945,45955,10
13.0063800812,80.2572402954,45955,45965,10
13.0064401627,80.2568511963,45965,45976,11
13.0071201324,80.2562484741,45976,46296,320
13.0066404343,80.2488021851,46296,46529,233
13.0066404343,80.2488021851,46529,46539,10
13.007349968,80.2373123169,46539,46549,10
13.0073204041,80.2369232178,46549,46559,10
13.0074596405,80.2367324829,46559,46569,10
13.007610321,80.236541748,46569,46579,10
13.0075302124,80.2364578247,46579,46589,10
13.0076398849,80.2359390259,46589,46599,10
13.0077104568,80.2355575562,46599,46609,10
13.0077800751,80.2341079712,46609,46619,10
13.0082397461,80.2328414917,46619,46629,10
13.008480072,80.2315673828,46629,46639,10
13.0087003708,80.2303771973,46639,46650,11
13.0089197159,80.2291793823,46650,46660,10
13.0091400146,80.2280502319,46660,46670,10
13.0095396042,80.2272186279,46670,46680,10
13.0100603104,80.2262878418,46680,46690,10
13.0105800629,80.2253036499,46690,46700,10
13.010840416,80.2245178223,46700,46710,10
13.0111598969,80.2237014771,46710,46730,20
13.0111598969,80.2237014771,46730,46746,16
13.0114202499,80.2229614258,46746,46758,12
13.0116996765,80.2219467163,46758,46769,11
13.0122299194,80.2214584351,46769,46779,10
13.0124702454,80.2218475342,46779,46789,10
13.0129804611,80.2224273682,46789,46799,10
13.013469696,80.2229309082,46799,46809,10
13.0139198303,80.2233200073,46809,46819,10
13.0141601563,80.223449707,46819,46828,9
13.0142402649,80.2235794067,46828,46839,11
13.0148096085,80.2241287231,46839,46849,10
13.0156698227,80.2250595093,46849,46868,19
13.0156698227,80.2250595093,46868,46880,12
13.0160102844,80.2252731323,46880,46889,9
13.0165901184,80.2252426147,46889,46900,11
13.0173597336,80.2249526978,46900,46910,10
13.0184001923,80.2245483398,46910,46919,9
13.0195302963,80.2244033813,46919,46940,21
13.0195302963,80.2244033813,46940,46950,10
13.0198497772,80.2246398926,46950,46960,10
13.0202798843,80.2249526978,46960,46970,10
13.0208301544,80.2253417969,46970,46980,10
13.0213804245,80.2257537842,46980,46991,11
13.0220098495,80.2261810303,46991,47011,20
13.0220098495,80.2261810303,47011,47021,10
13.0222101212,80.2263183594,47021,47031,10
13.0222597122,80.2263717651,47031,47047,16
13.0225601196,80.2266082764,47047,47059,12
13.0231304169,80.2271270752,47059,47069,10
13.0236997604,80.2276763916,47069,47079,10
13.0239601135,80.2278823853,47079,47089,10
13.0242500305,80.2282104492,47089,47100,11
13.0245599747,80.2286529541,47100,47110,10
13.0248403549,80.2291030884,47110,47120,10
13.0252199173,80.229598999,47120,47129,9
13.025560379,80.2300872803,47129,47140,11
13.0258302689,80.2306518555,47140,47160,20
13.0258302689,80.2306518555,47160,47169,9
13.0259199142,80.2308120728,47169,47179,10
13.0259504318,80.2310714722,47179,47190,11
13.0260801315,80.2312393188,47190,47200,10
13.0266799927,80.2311325073,47200,47211,11
13.0274896622,80.2309799194,47211,47221,10
13.0285100937,80.2308807373,47221,47241,20
13.0285100937,80.2308807373,47241,47251,10
13.0287904739,80.2308273315,47251,47261,10
13.0291700363,80.230758667,47261,47281,20
13.0291700363,80.230758667,47281,47291,10
13.0294904709,80.2307434082,47291,47301,10
13.0300598145,80.2306976318,47301,47311,10
13.0306596756,80.230682373,47311,47322,11
13.0310201645,80.2306518555,47322,47332,10
13.0315198898,80.2306137085,47332,47342,10
13.0319900513,80.2305603027,47342,47352,10
13.0326099396,80.2305374146,47352,47361,9
13.0333204269,80.2304763794,47361,47372,11
13.0340299606,80.2304534912,47372,47382,10
13.0341997147,80.2304000854,47382,47392,10
13.0346403122,80.2302703857,47392,47433,41
13.0346403122,80.2302703857,47433,47443,10
13.0347700119,80.2302703857,47443,47453,10
13.0349998474,80.2300491333,47453,47463,10
13.0349502563,80.2298278809,47463,47473,10
13.0348396301,80.2298202515,47473,47483,10
13.0344400406,80.2297592163,47483,47574,91
13.0341901779,80.2300415039,47574,47634,60
13.0341901779,80.2300415039,47634,47645,11
13.0340595245,80.2304077148,47645,47655,10
13.0337295532,80.23046875,47655,47665,10
13.0332403183,80.2305297852,47665,47675,10
13.0326099396,80.2305908203,47675,47685,10
13.0319795609,80.2306289673,47685,47695,10
13.0314397812,80.2306900024,47695,47705,10
13.0309200287,80.2307281494,47705,47715,10
13.0307502747,80.2307434082,47715,47725,10
13.030380249,80.230758667,47725,47735,10
13.0298900604,80.230796814,47735,47745,10
13.0297803879,80.2308120728,47745,47755,10
13.0296802521,80.2308273315,47755,47766,11
13.0294103622,80.2308731079,47766,47776,10
13.029009819,80.2308807373,47776,47792,16
13.0280599594,80.23097229,47792,47804,12
13.0276298523,80.2311401367,47804,47814,10
13.0276298523,80.231552124,47814,47824,10
13.0276899338,80.2319412231,47824,47834,10
13.0277900696,80.2324523926,47834,47844,10
13.0276403427,80.2328033447,47844,47854,10
13.0271596909,80.2329025269,47854,47864,10
13.0269403458,80.2329406738,47864,47875,11
13.0267000198,80.2329788208,47875,47886,11
13.0263996124,80.2328796387,47886,47895,9
13.026260376,80.2325286865,47895,47906,11
13.0261898041,80.2321166992,47906,47916,10
13.0261898041,80.2319030762,47916,47926,10
13.0261201859,80.2317199707,47926,47956,30
13.0261201859,80.2317199707,47956,47966,10
13.0259799957,80.2313995361,47966,47977,11
13.0257997513,80.2308120728,47977,47987,10
13.025560379,80.2301025391,47987,47997,10
13.0248298645,80.2295227051,47997,48007,10
13.0244197845,80.228843689,48007,48017,10
13.0239200592,80.2282409668,48017,48037,20
13.0239200592,80.2282409668,48037,48047,10
13.0237398148,80.2279815674,48047,48057,10
13.0233201981,80.2275466919,48057,48067,10
13.0230998993,80.2273178101,48067,48077,10
13.0226898193,80.2269287109,48077,48087,10
13.0221204758,80.2264175415,48087,48098,11
13.021320343,80.2257995605,48098,48108,10
13.0205802917,80.2252731323,48108,48124,16
13.0196504593,80.2246627808,48124,48136,12
13.0184698105,80.2246780396,48136,48146,10
13.0176897049,80.2249832153,48146,48154,8
13.016960144,80.2252731323,48154,48165,11
13.0166196823,80.2254104614,48165,48176,11
13.0162601471,80.2255172729,48176,48186,10
13.0158500671,80.2256469727,48186,48196,10
13.0153102875,80.2258377075,48196,48207,11
13.0148601532,80.2260284424,48207,48217,10
13.0143899918,80.2262115479,48217,48247,30
13.0143899918,80.2262115479,48247,48257,10
13.013999939,80.2263565063,48257,48267,10
13.0132703781,80.2266235352,48267,48277,10
13.0124902725,80.2269287109,48277,48287,10
13.0115804672,80.2273101807,48287,48297,10
13.0106096268,80.2276992798,48297,48308,11
13.0094604492,80.2281570435,48308,48318,10
13.0090799332,80.2288894653,48318,48328,10
13.0088596344,80.2299118042,48328,48338,10
13.008600235,80.2310562134,48338,48348,10
13.0084104538,80.2321395874,48348,48358,10
13.0082197189,80.2334899902,48358,48378,20
13.0082197189,80.2334899902,48378,48388,10
13.008099556,80.2337722778,48388,48398,10
13.0079803467,80.2345428467,48398,48408,10
13.0077400208,80.2357025146,48408,48425,17
13.0072803497,80.2381362915,48425,48437,12
13.0070495605,80.2394180298,48437,48447,10
13.0069303513,80.2400588989,48447,48457,10
13.0068798065,80.2405929565,48457,48467,10
13.0068702698,80.2405929565,48467,48477,10
13.0068397522,80.2407836914,48477,48487,10
13.0067396164,80.2414627075,48487,48497,10
13.0066995621,80.2422180176,48497,48507,10
13.0066604614,80.2429733276,48507,48517,10
13.0066204071,80.2438964844,48517,48538,21
13.0066204071,80.2438964844,48538,48548,10
13.0066204071,80.2443084717,48548,48558,10
13.0066003799,80.2447128296,48558,48568,10
13.0066204071,80.2451477051,48568,48578,10
13.0066699982,80.2457199097,48578,48588,10
13.0067100525,80.2463607788,48588,48598,10
13.0067195892,80.2466430664,48598,48608,10
13.0067195892,80.2468566895,48608,48618,10
13.0066900253,80.2473220825,48618,48628,10
13.0066900253,80.2479019165,48628,48639,11
13.0067396164,80.2487030029,48639,48649,10
13.0068302155,80.2496337891,48649,48668,19
13.0068302155,80.2496337891,48668,48679,11
13.0067996979,80.249671936,48679,48689,10
13.0067596436,80.2501220703,48689,48699,10
13.0067796707,80.2507400513,48699,48709,10
13.0068101883,80.251159668,48709,48719,10
13.0067195892,80.2516479492,48719,48729,10
13.0066404343,80.2519989014,48729,48739,10
13.0065603256,80.2524795532,48739,48750,11
13.0065402985,80.2531967163,48750,48760,10
13.0065402985,80.2538223267,48760,48770,10
13.0065803528,80.2545013428,48770,48780,10
13.0065698624,80.2549972534,48780,48790,10
13.0066099167,80.2557296753,48790,48800,10
13.0066204071,80.2565765381,48800,48810,10
13.006649971,80.257019043,48810,48861,51
13.006649971,80.257019043,48861,48871,10
13.0066699982,80.2573394775,48871,48881,10
13.0068798065,80.2578430176,48881,48891,10
13.0072402954,80.2583999634,48891,48901,10
13.0077400208,80.2586593628,48901,48921,20
13.0077400208,80.2586593628,48921,48931,10
13.008020401,80.2587966919,48931,48941,10
13.0085000992,80.2590026855,48941,48951,10
13.0089998245,80.2590408325,48951,48961,10
13.0099201202,80.2590408325,48961,48972,11
13.0111103058,80.2590332031,48972,48982,10
13.0124397278,80.2591171265,48982,48992,10
13.01404953,80.2592086792,48992,49002,10
13.0153303146,80.2592697144,49002,49012,10
13.0161104202,80.2594528198,49012,49022,10
13.0165700912,80.2597885132,49022,49042,20
13.0165700912,80.2597885132,49042,49052,10
13.0166101456,80.2598495483,49052,49062,10
13.0168895721,80.2600479126,49062,49072,10
13.0174398422,80.2604217529,49072,49083,11
13.0181903839,80.2609329224,49083,49093,10
13.0187397003,80.2613372803,49093,49103,10
13.0191602707,80.2617034912,49103,49113,10
13.0194301605,80.2619400024,49113,49123,10
13.0197896957,80.2622909546,49123,49133,10
13.0202302933,80.2626495361,49133,49143,10
13.0202503204,80.2626571655,49143,49153,10
13.0205898285,80.262802124,49153,49163,10
13.0211601257,80.2629699707,49163,49173,10
13.0218000412,80.2632217407,49173,49183,10
13.0221204758,80.263381958,49183,49194,11
13.0223302841,80.2635192871,49194,49204,10
13.0229501724,80.2638473511,49204,49224,20
13.0229501724,80.2638473511,49224,49234,10
13.0231399536,80.2639770508,49234,49244,10
13.0235795975,80.2642364502,49244,49254,10
13.0241203308,80.2645187378,49254,49264,10
13.0246496201,80.2648696899,49264,49274,10
13.0251903534,80.2652435303,49274,49290,16
13.0258903503,80.2657165527,49290,49302,12
13.0263004303,80.2657775879,49302,49313,11
13.0263500214,80.2655029297,49313,49323,10
13.0263900757,80.2652511597,49323,49333,10
13.0264101028,80.2648925781,49333,49343,10
13.0264797211,80.2644424438,49343,49353,10
13.0265798569,80.2638778687,49353,49373,20
13.0265798569,80.2638778687,49373,49382,9
13.0266304016,80.2636032104,49382,49392,10
13.026720047,80.2633972168,49392,49403,11
13.0270700455,80.2634506226,49403,49414,11
13.0276403427,80.2635498047,49414,49424,10
13.0281000137,80.2636871338,49424,49434,10
13.0282001495,80.2637329102,49434,49444,10
13.0285196304,80.2638473511,49444,49454,10
13.0289096832,80.2639923096,49454,49464,10
13.0291795731,80.2640762329,49464,49474,10
13.0292396545,80.2643508911,49474,49484,10
13.029299736,80.2647476196,49484,49494,10
13.0293102264,80.2651977539,49494,49504,10
13.0292797089,80.2657012939,49504,49514,10
13.029250145,80.2661437988,49514,49525,11
13.0292396545,80.2662277222,49525,49535,10
13.0292100906,80.2663879395,49535,49545,10
13.0293703079,80.2665405273,49545,49561,16
13.0297603607,80.2666091919,49561,49573,12
13.0299701691,80.2666625977,49573,49583,10
13.0302095413,80.2667007446,49583,49593,10
13.0306797028,80.2667999268,49593,49603,10
13.0313796997,80.2669219971,49603,49611,8
13.0319700241,80.2670211792,49611,49624,13
13.0324897766,80.2674484253,49624,49633,9
13.0326900482,80.2675476074,49633,49654,21
13.0326900482,80.2675476074,49654,49664,10
13.0328397751,80.2676391602,49664,49716,52
13.0328397751,80.2676391602,49716,49728,12
13.0333003998,80.2677383423,49728,49738,10
13.0335903168,80.2678222656,49738,49749,11
13.0338201523,80.2678833008,49749,49759,10
13.0340299606,80.267906189,49759,49768,9
13.0344696045,80.2680511475,49768,49789,21
13.0344696045,80.2680511475,49789,49799,10
13.0345897675,80.2679367065,49799,49961,162
13.0345897675,80.2679367065,49961,49971,10
13.0344600677,80.268119812,49971,49981,10
13.034239769,80.2679977417,49981,49991,10
13.0338497162,80.2679367065,49991,50001,10
13.0335998535,80.2678985596,50001,50011,10
13.033249855,80.2678222656,50011,50021,10
13.0327796936,80.2677230835,50021,50031,10
13.0327396393,80.2676925659,50031,50041,10
13.0325803757,80.267578125,50041,50051,10
13.0323095322,80.2674102783,50051,50061,10
13.0317401886,80.2671585083,50061,50072,11
13.0310697556,80.2669067383,50072,50081,9
13.0305204391,80.2667999268,50081,50092,11
13.0298900604,80.266708374,50092,50102,10
13.0294704437,80.2666168213,50102,50112,10
13.0291795731,80.2665100098,50112,50122,10
13.0289096832,80.2664413452,50122,50132,10
13.0283603668,80.2663192749,50132,50142,10
13.0277299881,80.266166687,50142,50152,10
13.0270996094,80.2660903931,50152,50162,10
13.0268297195,80.2658004761,50162,50183,21
13.0268297195,80.2658004761,50183,50193,10
13.0267095566,80.2655715942,50193,50576,383
13.0267095566,80.2655715942,50576,50586,10
13.0265102386,80.2654418945,50586,50596,10
13.026720047,80.2655029297,50596,53048,2452
13.026720047,80.2655029297,53048,53059,11
13.0266704559,80.2654724121,53059,53069,10
13.0264501572,80.2654418945,53069,53089,20
13.0264501572,80.2654418945,53089,53099,10
13.0263900757,80.2651824951,53099,53109,10
13.0263900757,80.2650680542,53109,53119,10
13.0264196396,80.2646789551,53119,53129,10
13.0265398026,80.2639923096,53129,53139,10
13.0266304016,80.2634124756,53139,53149,10
13.0269298553,80.2634506226,53149,53159,10
13.0273103714,80.2635879517,53159,53170,11
13.0279598236,80.2637634277,53170,53180,10
13.0285100937,80.2638931274,53180,53190,10
13.0289096832,80.2640228271,53190,53200,10
13.0292100906,80.2640762329,53200,53210,10
13.029250145,80.264251709,53210,53220,10
13.0292701721,80.2646331787,53220,53230,10
13.0292797089,80.2651290894,53230,53240,10
13.0292596817,80.2656173706,53240,53250,10
13.0291595459,80.2661895752,53250,53260,10
13.029009819,80.2662963867,53260,53270,10
13.0286502838,80.2663269043,53270,53281,11
13.0282096863,80.2662811279,53281,53291,10
13.0276098251,80.2661819458,53291,53301,10
13.0269804001,80.2661209106,53301,53311,10
13.0264997482,80.2660293579,53311,53321,10
13.0263996124,80.2660064697,53321,53331,10
13.0260696411,80.2658920288,53331,53341,10
13.0252399445,80.2653198242,53341,53361,20
13.0252399445,80.2653198242,53361,53371,10
13.0250797272,80.2651596069,53371,53381,10
13.0247402191,80.2648696899,53381,53392,11
13.024140358,80.2644271851,53392,53402,10
13.0235500336,80.2641296387,53402,54205,803
13.0066699982,80.2475509644,54205,54277,72
13.0066699982,80.2475509644,54277,54287,10
13.0067100525,80.2471618652,54287,54297,10
13.0066404343,80.2466201782,54297,54308,11
13.0066404343,80.2465133667,54308,54318,10
13.0066699982,80.2462005615,54318,54328,10
13.0066604614,80.2455673218,54328,54338,10
13.0066604614,80.2449798584,54338,54348,10
13.0066795349,80.2445220947,54348,54358,10
13.0066604614,80.2439193726,54358,54368,10
13.0066404343,80.243309021,54368,54378,10
13.0066099167,80.2426223755,54378,54387,9
13.0065803528,80.2418670654,54387,54398,11
13.0065803528,80.2416915894,54398,54408,10
13.0065603256,80.241569519,54408,54419,11
13.0066604614,80.2410430908,54419,54429,10
13.0068397522,80.240272522,54429,54439,10
13.0069904327,80.2393112183,54439,54449,10
13.0072002411,80.238243103,54449,54459,10
13.0074100494,80.2372436523,54459,54469,10
13.0074100494,80.2369766235,54469,54479,10
13.0074195862,80.2369308472,54479,54489,10
13.0075101852,80.2365570068,54489,54499,10
13.0076704025,80.2358779907,54499,54509,10
13.0078401566,80.2350006104,54509,54519,10
13.0080404282,80.2340087891,54519,54530,11
13.0082798004,80.2328414917,54530,54540,10
13.0085000992,80.2316970825,54540,54550,10
13.0087099075,80.2305908203,54550,54560,10
13.0089197159,80.2295074463,54560,54570,10
13.0091295242,80.2285308838,54570,54580,10
13.0093698502,80.2277984619,54580,54590,10
13.0096998215,80.2270278931,54590,54600,10
13.0100698471,80.2262268066,54600,54610,10
13.0104503632,80.2254867554,54610,54620,10
13.0107603073,80.2248001099,54620,54630,10
13.011059761,80.2241287231,54630,54641,11
13.011179924,80.2236175537,54641,54651,10
13.011179924,80.2236022949,54651,54661,10
13.0112400055,80.2231063843,54661,54671,10
13.0115604401,80.2226028442,54671,54681,10
13.011879921,80.2217102051,54681,54691,10
13.0123195648,80.2216186523,54691,54701,10
13.0126104355,80.2219161987,54701,54711,10
13.0131502151,80.2225570679,54711,54721,10
13.0138101578,80.2232666016,54721,54731,10
13.0143299103,80.2238311768,54731,54741,10
13.0149297714,80.2244873047,54741,54752,11
13.0152196884,80.2247695923,54752,54762,10
13.0153198242,80.2248535156,54762,54772,10
13.0154600143,80.224937439,54772,54782,10
13.015540123,80.2250137329,54782,54792,10
13.0158195496,80.2252502441,54792,54802,10
13.0163803101,80.2253036499,54802,54812,10
13.0170898438,80.2250518799,54812,54822,10
13.0179004669,80.2247314453,54822,54838,16
13.019109726,80.2243270874,54838,54850,12
13.0196695328,80.2244796753,54850,54860,10
13.0199804306,80.2247161865,54860,54870,10
13.0203199387,80.2249908447,54870,54881,11
13.020819664,80.2253265381,54881,54892,11
13.0213298798,80.225692749,54892,54902,10
13.0217399597,80.225982666,54902,54921,19
13.0217399597,80.225982666,54921,54931,10
13.0219802856,80.2262268066,54931,54942,11
13.0225400925,80.2267074585,54942,54951,9
13.0230398178,80.2271728516,54951,54963,12
13.023639679,80.2277374268,54963,54973,10
13.0242395401,80.2284164429,54973,54993,20
13.0242395401,80.2284164429,54993,55003,10
13.0243501663,80.2285919189,55003,55013,10
13.0246200562,80.2289810181,55013,55022,9
13.0249500275,80.2294235229,55022,55032,10
13.0254001617,80.2300186157,55032,55043,11
13.0257902145,80.2307662964,55043,55053,10
13.0259399414,80.2312393188,55053,55063,10
13.0263595581,80.2311706543,55063,55073,10
13.0270700455,80.2310409546,55073,55084,11
13.0277996063,80.2309494019,55084,55094,10
13.0282897949,80.2308731079,55094,55104,10
13.0284004211,80.2308502197,55104,55114,10
13.0291004181,80.2307662964,55114,55173,59
13.0291004181,80.2307662964,55173,55183,10
13.0292797089,80.2306976318,55183,55193,10
13.0296497345,80.2306900024,55193,55204,11
13.0302696228,80.2306594849,55204,55214,10
13.030790329,80.2306213379,55214,55224,10
13.03125,80.2306137085,55224,55234,10
13.0319499969,80.2305603027,55234,55244,10
13.0327396393,80.2305221558,55244,55254,10
13.0334701538,80.230506897,55254,55264,10
13.034070015,80.230506897,55264,55274,10
13.0346097946,80.2304534912,55274,55284,10
13.034910202,80.2303390503,55284,55305,21
13.034910202,80.2303390503,55305,55315,10
13.0350799561,80.2301635742,55315,55325,10
13.0351200104,80.229927063,55325,55335,10
13.0348997116,80.2298736572,55335,55345,10
13.034529686,80.2298202515,55345,55355,10
13.034239769,80.229888916,55355,55557,202
13.034239769,80.229888916,55557,55567,10
13.0341901779,80.2302474976,55567,55577,10
13.0341901779,80.2303009033,55577,55587,10
13.0339603424,80.23046875,55587,55597,10
13.0336799622,80.2305297852,55597,55607,10
13.0334997177,80.2305374146,55607,55617,10
13.0333099365,80.2305221558,55617,55627,10
13.0328702927,80.2305984497,55627,55638,11
13.0321598053,80.2306365967,55638,55648,10
13.031419754,80.2307128906,55648,55658,10
13.0307798386,80.2307662964,55658,55668,10
13.0302400589,80.2308120728,55668,55678,10
13.029800415,80.2308120728,55678,55688,10
13.0297803879,80.2308197021,55688,55698,10
13.0296802521,80.2308273315,55698,55708,10
13.0291996002,80.2308807373,55708,55718,10
13.0284900665,80.2309036255,55718,55728,10
13.0278396606,80.23097229,55728,55738,10
13.0276098251,80.2310791016,55738,55749,11
13.0276298523,80.2315673828,55749,55759,10
13.027680397,80.2320404053,55759,55769,10
13.0277795792,80.2325363159,55769,55785,16
13.0272798538,80.2328796387,55785,55797,12
13.0272502899,80.2328796387,55797,55807,10
13.0270996094,80.2329330444,55807,55817,10
13.027009964,80.2329483032,55817,55826,9
13.0267496109,80.2330093384,55826,55837,11
13.0263299942,80.2327270508,55837,55847,10
13.026260376,80.2323608398,55847,55856,9
13.0261602402,80.2320327759,55856,55868,12
13.0260801315,80.2317428589,55868,55878,10
13.0260095596,80.2314834595,55878,55888,10
13.0257902145,80.2307815552,55888,55897,9
13.0254001617,80.2300796509,55897,55908,11
13.0249700546,80.2295074463,55908,55918,10
13.0247297287,80.2292175293,55918,55928,10
13.0244998932,80.2288970947,55928,55938,10
13.0240602493,80.2283935547,55938,55979,41
13.0240602493,80.2283935547,55979,55989,10
13.0239896774,80.228302002,55989,55999,10
13.0237598419,80.2279968262,55999,56009,10
13.0234699249,80.2276916504,56009,56018,9
13.0232696533,80.2274475098,56018,56029,11
13.0227804184,80.2269821167,56029,56039,10
13.0222101212,80.2264785767,56039,56049,10
13.0215597153,80.2259521484,56049,56059,10
13.0209999084,80.225479126,56059,56069,10
13.0206203461,80.2252197266,56069,56080,11
13.0205802917,80.2251968384,56080,56090,10
13.0202798843,80.2249984741,56090,56100,10
13.0197401047,80.2246170044,56100,56110,10
13.0188903809,80.2244262695,56110,56120,10
13.0179796219,80.2247695923,56120,56130,10
13.0171804428,80.2251205444,56130,56140,10
13.0165996552,80.2253799438,56140,56150,10
13.0161895752,80.2255630493,56150,56160,10
13.0155897141,80.2257614136,56160,56170,10
13.0151996613,80.2259597778,56170,56180,10
13.0151700974,80.2259674072,56180,56190,10
13.014960289,80.2260513306,56190,56207,17
13.0144100189,80.2262420654,56207,56239,32
13.0144100189,80.2262420654,56239,56248,9
13.0141897202,80.2262878418,56248,56259,11
13.0136604309,80.2265014648,56259,56269,10
13.0129804611,80.2267837524,56269,56279,10
13.0120697021,80.2271499634,56279,56289,10
13.0110702515,80.2275390625,56289,56300,11
13.0100498199,80.2279586792,56300,56310,10
13.0092401505,80.2283706665,56310,56320,10
13.0089998245,80.2292022705,56320,56330,10
13.0087900162,80.2302322388,56330,56340,10
13.0085897446,80.2312393188,56340,56350,10
13.0083999634,80.2322921753,56350,56360,10
13.0082197189,80.2335891724,56360,56380,20
13.0082197189,80.2335891724,56380,56390,10
13.0081501007,80.2338485718,56390,56400,10
13.0080404282,80.2343826294,56400,56410,10
13.0078802109,80.2351608276,56410,56421,11
13.0076704025,80.2361679077,56421,56431,10
13.0074701309,80.2372131348,56431,56447,16
13.0072097778,80.2385787964,56447,56459,12
13.0070400238,80.2395324707,56459,56478,19
13.0070400238,80.2395324707,56478,56489,11
13.0069599152,80.2401275635,56489,56570,81
13.0069599152,80.2401275635,56570,56580,10
13.0069704056,80.2403717041,56580,56590,10
13.0069599152,80.2406234741,56590,56600,10
13.0068902969,80.2407913208,56600,56610,10
13.0068101883,80.2411575317,56610,56620,10
13.0067396164,80.2418365479,56620,56631,11
13.0067195892,80.2427520752,56631,56641,10
13.0066900253,80.2435836792,56641,56651,10
13.0066699982,80.244430542,56651,56661,10
13.0066404343,80.2452468872,56661,56671,10
13.0066404343,80.2459716797,56671,56681,10
13.0066795349,80.2464065552,56681,56691,10
13.0066900253,80.2467422485,56691,56701,10
13.0066900253,80.2474136353,56701,56711,10
13.0067100525,80.2482681274,56711,56721,10
13.0067901611,80.2490310669,56721,56732,11
13.0068502426,80.2495803833,56732,56742,10
13.0068597794,80.2496109009,56742,56752,10
13.0068502426,80.2500228882,56752,56762,10
13.0068302155,80.2509078979,56762,56792,30
13.0068302155,80.2509078979,56792,56802,10
13.0067396164,80.2514190674,56802,56812,10
13.0066099167,80.2520828247,56812,56822,10
13.0065402985,80.2528610229,56822,56832,10
13.0065498352,80.2537078857,56832,56842,10
13.0066003799,80.2547302246,56842,56853,11
13.0066099167,80.2558288574,56853,56863,10
13.0066995621,80.2573394775,56863,56974,111
13.0066995621,80.2573394775,56974,56984,10
13.006770134,80.2575531006,56984,56994,10
13.0070295334,80.2579727173,56994,57004,10
13.0074300766,80.2584915161,57004,57014,10
13.0076999664,80.2586669922,57014,57024,10
13.0077896118,80.2587280273,57024,57034,10
13.0081701279,80.2588577271,57034,57044,10
13.008649826,80.2590484619,57044,57054,10
13.0090999603,80.2590713501,57054,57064,10
13.0099401474,80.2590789795,57064,57074,10
13.0109300613,80.2590637207,57074,57085,11
13.0121603012,80.2590789795,57085,57095,10
13.0133304596,80.2591400146,57095,57105,10
13.0144796371,80.2591781616,57105,57115,10
13.0155296326,80.2592926025,57115,57125,10
13.0162801743,80.2596282959,57125,57145,20
13.0162801743,80.2596282959,57145,57155,10
13.0164003372,80.259803772,57155,57165,10
13.0167398453,80.2600479126,57165,57175,10
13.0172195435,80.2603378296,57175,57186,11
13.0179004669,80.2608032227,57186,57196,10
13.0185604095,80.2612533569,57196,57206,10
13.0191402435,80.26171875,57206,57216,10
13.019659996,80.2621994019,57216,57226,10
13.0202302933,80.2626876831,57226,57236,10
13.0202598572,80.2627105713,57236,57246,10
13.0205402374,80.262802124,57246,57256,10
13.0211200714,80.2629776001,57256,57266,10
13.021780014,80.2632217407,57266,57276,10
13.0220899582,80.2633590698,57276,57286,10
13.0225095749,80.263633728,57286,57297,11
13.0230102539,80.2639007568,57297,57307,10
13.0231304169,80.2639770508,57307,57317,10
13.0235500336,80.2641372681,57317,57327,10
13.0242099762,80.2644729614,57327,57337,10
13.0248003006,80.2649230957,57337,57347,10
13.0252399445,80.265296936,57347,57356,9
13.0255002975,80.2655029297,57356,57366,10
13.0258302689,80.2657318115,57366,57377,11
13.0261497498,80.26587677,57377,57387,10
13.026309967,80.2657699585,57387,57397,10
13.0263595581,80.2653427124,57397,57408,11
13.0263996124,80.264793396,57408,57418,10
13.0264902115,80.2642364502,57418,57428,10
13.0265102386,80.2641601563,57428,57438,10
13.0265398026,80.2639770508,57438,57448,10
13.0265598297,80.2636795044,57448,57458,10
13.0266895294,80.2634277344,57458,57468,10
13.027130127,80.2634811401,57468,57478,10
13.0276498795,80.2636032104,57478,57488,10
13.0282297134,80.2637786865,57488,57498,10
13.0282497406,80.2637863159,57498,57509,11
13.0286102295,80.2638778687,57509,57519,10
13.0291204453,80.2640762329,57519,57529,10
13.0293302536,80.2643203735,57529,57539,10
13.029299736,80.2647781372,57539,57549,10
13.0292901993,80.2652893066,57549,57559,10
13.0292797089,80.2656478882,57559,57569,10
13.029250145,80.2659378052,57569,57579,10
13.0292797089,80.2660369873,57579,57589,10
13.0292100906,80.2663116455,57589,57599,10
13.0292797089,80.2665405273,57599,57609,10
13.0296602249,80.2666015625,57609,57620,11
13.0300598145,80.2666320801,57620,57630,10
13.030380249,80.2666702271,57630,57640,10
13.0309000015,80.2668304443,57640,57650,10
13.0314502716,80.2669906616,57650,57660,10
13.0319595337,80.2670974731,57660,57670,10
13.0325803757,80.267539978,57670,57680,10
13.0328397751,80.2676773071,57680,57710,30
13.0328397751,80.2676773071,57710,57720,10
13.0330600739,80.2677764893,57720,57781,61
13.0334396362,80.2678070068,57781,57831,50
13.0334396362,80.2678070068,57831,57842,11
13.0338802338,80.267906189,57842,57852,10
13.0346002579,80.2679824829,57852,57922,70
13.0346002579,80.2679824829,57922,57932,10
13.0344295502,80.268119812,57932,57973,41
13.0344295502,80.268119812,57973,57983,10
13.0341501236,80.2679672241,57983,58064,81
13.0337600708,80.2678833008,58064,58084,20
13.0337600708,80.2678833008,58084,58094,10
13.0333299637,80.2677612305,58094,58245,151
13.0333299637,80.2677612305,58245,58256,11
13.0329904556,80.2677612305,58256,58276,20
13.0329904556,80.2677612305,58276,58286,10
13.032699585,80.2677230835,58286,58296,10
13.0325202942,80.2675933838,58296,58306,10
13.0323400497,80.2675323486,58306,58316,10
13.0321998596,80.2674636841,58316,58326,10
13.0317602158,80.267250061,58326,58336,10
13.0312795639,80.2670211792,58336,58346,10
13.0307502747,80.2669296265,58346,58356,10
13.0300502777,80.2667236328,58356,58366,10
13.029800415,80.2666625977,58366,58376,10
13.0297899246,80.2666625977,58376,58387,11
13.0295600891,80.2666320801,58387,58397,10
13.0292701721,80.2665710449,58397,58407,10
13.0292396545,80.2665863037,58407,58417,10
13.0289402008,80.2664489746,58417,58427,10
13.0284004211,80.2663192749,58427,58437,10
13.0279598236,80.2662734985,58437,58447,10
13.027589798,80.2662506104,58447,58457,10
13.0263996124,80.2659988403,58457,58498,41
13.0263996124,80.2659988403,58498,58508,10
13.026260376,80.2660064697,58508,58518,10
13.02602005,80.2658615112,58518,58528,10
13.0252399445,80.2653427124,58528,58548,20
13.0252399445,80.2653427124,58548,58558,10
13.0249700546,80.26512146,58558,58568,10
13.0244998932,80.2647628784,58568,58578,10
13.0239496231,80.2643814087,58578,58588,10
13.0233697891,80.263999939,58588,58599,11
13.0225496292,80.2635803223,58599,58609,10
13.0220804214,80.2633895874,58609,58619,10
13.0220804214,80.263381958,58619,58629,10
13.021900177,80.2632675171,58629,58639,10
13.0214004517,80.2630691528,58639,58649,10
13.0206298828,80.2630233765,58649,58659,10
13.0199298859,80.2630233765,58659,58669,10
13.0192604065,80.2629470825,58669,58679,10
13.0189304352,80.2626419067,58679,58689,10
13.018819809,80.2618637085,58689,58699,10
13.0184803009,80.2612075806,58699,58709,10
13.017829895,80.2607269287,58709,58719,10
13.0171098709,80.2602615356,58719,58730,11
13.0160198212,80.2596588135,58730,58750,20
13.0160198212,80.2596588135,58750,58760,10
13.0159597397,80.2596282959,58760,58770,10
13.0155000687,80.2594604492,58770,58780,10
13.0147895813,80.2593307495,58780,58790,10
13.0139799118,80.2593002319,58790,58800,10
13.0129899979,80.259262085,58800,58810,10
13.0120201111,80.2592391968,58810,58821,11
13.0109996796,80.2592391968,58821,58831,10
13.010140419,80.2592697144,58831,58841,10
13.0098104477,80.2592697144,58841,58851,10
13.0097398758,80.2593002319,58851,58861,10
13.0092697144,80.2592391968,58861,58871,10
13.0087795258,80.2592468262,58871,58881,10
13.0084199905,80.2591781616,58881,58891,10
13.0079402924,80.2594528198,58891,58901,10
13.0071601868,80.2587203979,58901,58921,20
13.0071601868,80.2587203979,58921,58932,11
13.0070800781,80.2584381104,58932,58942,10
13.0069799423,80.2580184937,58942,58952,10
13.0065498352,80.2576065063,58952,59022,70
13.0065498352,80.2576065063,59022,59032,10
13.0065698624,80.2573623657,59032,59043,11
13.0065002441,80.2569580078,59043,59053,10
13.0064201355,80.2565765381,59053,59063,10
13.0064401627,80.2559432983,59063,59073,10
13.0064601898,80.2552871704,59073,59082,9
13.0064897537,80.2546005249,59082,59092,10
13.0064601898,80.2537612915,59092,59103,11
13.006480217,80.2531509399,59103,59113,10
13.006480217,80.2531280518,59113,59123,10
13.006480217,80.2528381348,59123,59133,10
13.006480217,80.2524719238,59133,59144,11
13.0065202713,80.2521972656,59144,59204,60
13.0065202713,80.2521972656,59204,59214,10
13.0066404343,80.2519073486,59214,59224,10
13.0067195892,80.2514419556,59224,59234,10
13.0067396164,80.2508010864,59234,59244,10
13.0066995621,80.2499008179,59244,59255,11
13.0067300797,80.2495803833,59255,59265,10
13.006649971,80.2494888306,59265,59275,10
13.0066604614,80.2492675781,59275,59285,10
13.006649971,80.2487716675,59285,59295,10
13.0066404343,80.248588562,59295,59305,10
13.0074300766,80.2483291626,59305,59315,10
13.0082798004,80.2479171753,59315,59325,10
13.0066299438,80.2479171753,59325,59335,10
13.0066299438,80.2479171753,59335,59345,10
13.0066204071,80.2472610474,59345,59356,11
13.0065603256,80.246711731,59356,59366,10
13.0065402985,80.2465896606,59366,59376,10
13.0065803528,80.2465515137,59376,59386,10
13.0066204071,80.2462310791,59386,59396,10
13.0065698624,80.2455062866,59396,59407,11
13.0065097809,80.2449035645,59407,59417,10
13.0065498352,80.244682312,59417,59427,10
13.0064601898,80.2445373535,59427,59437,10
13.0065498352,80.2440795898,59437,59446,9
13.0069103241,80.2438430786,59446,59458,12
13.0075101852,80.2433624268,59458,59478,20
13.0066003799,80.2416992188,59478,59508,30
13.0066003799,80.2416992188,59508,59518,10
13.0066795349,80.2408905029,59518,59528,10
13.0066099167,80.2408370972,59528,59538,10
13.0066995621,80.2406082153,59538,59548,10
13.0066699982,80.2405700684,59548,59559,11
13.0066604614,80.240562439,59559,59568,9
13.0068302155,80.2398529053,59568,59578,10
13.0068902969,80.2387466431,59578,59599,21
13.0068902969,80.2387466431,59599,59609,10
13.0074596405,80.2367172241,59609,59619,10
13.0074701309,80.2367324829,59619,59629,10
13.0075798035,80.2363815308,59629,59639,10
13.0077495575,80.2354431152,59639,59649,10
13.0079498291,80.2342681885,59649,59659,10
13.0081300735,80.2332611084,59659,59670,11
13.0083198547,80.2321166992,59670,59679,9
13.0085000992,80.2311935425,59679,59690,11
13.0088996887,80.2296829224,59690,59699,9
13.0090999603,80.2286834717,59699,59710,11
13.0094604492,80.2275695801,59710,59720,10
13.0099201202,80.2265167236,59720,59730,10
13.0102796555,80.2254867554,59730,59740,10
13.0107097626,80.2249908447,59740,59750,10
13.0108499527,80.2247085571,59750,59760,10
13.0110998154,80.2241134644,59760,59770,10
13.0113096237,80.2233734131,59770,59780,10
13.0113697052,80.2232894897,59780,59821,41
13.0113697052,80.2232894897,59821,59831,10
13.0115499496,80.2229614258,59831,59841,10
13.011759758,80.2222213745,59841,59851,10
13.0121603012,80.2211685181,59851,59861,10
13.0125703812,80.2199172974,59861,59871,10
13.0128002167,80.2223434448,59871,59881,10
13.0131397247,80.2222976685,59881,59891,10
13.013759613,80.2221832275,59891,59912,21
13.013759613,80.2247619629,59912,59952,40
13.013759613,80.2247619629,59952,59968,16
13.0160799026,80.2253570557,59968,59980,12
13.0169401169,80.2252426147,59980,59990,10
13.0176401138,80.2249679565,59990,60001,11
13.0187196732,80.2245483398,60001,60011,10
13.0195798874,80.2244567871,60011,60019,8
13.0201797485,80.2244491577,60019,60031,12
13.0195903778,80.2242965698,60031,60041,10
13.0193796158,80.2242431641,60041,60050,9
13.0193395615,80.2242279053,60050,60061,11
13.0204401016,80.2251281738,60061,60071,10
13.0216999054,80.2258911133,60071,60101,30
13.0216999054,80.2258911133,60101,60111,10
13.0221796036,80.226348877,60111,60121,10
13.0225095749,80.2266693115,60121,60132,11
13.0230197906,80.2270584106,60132,60142,10
13.0234804153,80.2273788452,60142,60152,10
13.0244598389,80.2279663086,60152,60172,20
13.0248098373,80.229133606,60172,60223,51
13.0248098373,80.229133606,60223,60232,9
13.0264396667,80.2303009033,60232,60242,10
13.0260095596,80.2310791016,60242,60253,11
13.0262699127,80.2313079834,60253,60263,10
13.0269804001,80.2311630249,60263,60273,10
13.0276699066,80.23097229,60273,60283,10
13.0284996033,80.2306594849,60283,60314,31
13.0284996033,80.2306594849,60314,60323,9
13.0289201736,80.2300109863,60323,60333,10
13.0294103622,80.2308807373,60333,60343,10
13.0297203064,80.2308273315,60343,60354,11
13.0301303864,80.2307815552,60354,60364,10
13.0303001404,80.2307891846,60364,60374,10
13.0305700302,80.2307891846,60374,60384,10
13.0306901932,80.2307434082,60384,60394,10
13.0311002731,80.2306976318,60394,60404,10
13.0318202972,80.2306900024,60404,60414,10
13.0322599411,80.2306594849,60414,60424,10
13.0326700211,80.2306518555,60424,60434,10
13.0338201523,80.2304534912,60434,60454,20
13.0338201523,80.2304534912,60454,60465,11
13.0340595245,80.2304382324,60465,60475,10
13.0343399048,80.230430603,60475,60505,30
13.0343399048,80.230430603,60505,60521,16
13.0347499847,80.2303466797,60521,60533,12
13.0349903107,80.2301330566,60533,60541,8
13.0350704193,80.2299499512,60541,60553,12
13.0348501205,80.2298431396,60553,60563,10
13.0345802307,80.2297973633,60563,60574,11
13.0343399048,80.2296524048,60574,60594,20
13.0343503952,80.2296829224,60594,60613,19
13.0343503952,80.2296829224,60613,60624,11
13.0341796875,80.2298126221,60624,60686,62
13.0341796875,80.2298126221,60686,60696,10
13.0342597961,80.23021698,60696,60797,101
13.0342597961,80.23021698,60797,60807,10
13.0342702866,80.2303619385,60807,60817,10
13.034239769,80.2303314209,60817,60827,10
13.0342302322,80.2303085327,60827,60847,20
13.0342302322,80.2303085327,60847,60857,10
13.0341796875,80.2303390503,60857,60867,10
13.0342502594,80.2304000854,60867,60877,10
13.0342102051,80.2303390503,60877,60938,61
13.0342903137,80.2304000854,60938,60979,41
13.0342903137,80.2304000854,60979,60988,9
13.0341701508,80.2302322388,60988,61009,21
13.0341701508,80.2302322388,61009,61019,10
13.0340595245,80.2300720215,61019,61029,10
13.0341596603,80.2302703857,61029,61099,70
13.0342998505,80.2303314209,61099,61120,21
13.0342998505,80.2303314209,61120,61130,10
13.034239769,80.2303009033,61130,61170,40
13.0342302322,80.2303009033,61170,61311,141
13.0342302322,80.2303009033,61311,61321,10
13.0341701508,80.2301330566,61321,61634,313
13.0342502594,80.2303771973,61634,61735,101
13.0342502594,80.2303771973,61735,61745,10
13.0341501236,80.2301483154,61745,61765,20
13.0340995789,80.2302322388,61765,61786,21
13.0340995789,80.2302322388,61786,61796,10
13.0342998505,80.2303619385,61796,61806,10
13.0341796875,80.2300796509,61806,61826,20
13.0342197418,80.2299423218,61826,61867,41
13.0342197418,80.2299423218,61867,61876,9
13.0328197479,80.2305984497,61876,61887,11
13.0325698853,80.2306594849,61887,61897,10
13.0320596695,80.2305984497,61897,61907,10
13.0314102173,80.2306900024,61907,61917,10
13.0307998657,80.2308425903,61917,61927,10
13.0304498672,80.2309875488,61927,61937,10
13.0300703049,80.2307662964,61937,61947,10
13.0297899246,80.2308273315,61947,61957,10
13.029800415,80.2308273315,61957,61967,10
13.0295495987,80.2308578491,61967,61977,10
13.0291099548,80.2309494019,61977,61988,11
13.0285902023,80.2310409546,61988,61998,10
13.0276699066,80.2310562134,61998,62008,10
13.0276498795,80.2314605713,62008,62018,10
13.0277004242,80.2319793701,62018,62028,10
13.0277996063,80.2325286865,62028,62038,10
13.0276603699,80.2328414917,62038,62048,10
13.0271701813,80.2329330444,62048,62058,10
13.0268602371,80.2329406738,62058,62068,10
13.0268001556,80.232963562,62068,62169,101
13.0268001556,80.232963562,62169,62179,10
13.0265903473,80.2330169678,62179,62189,10
13.0263500214,80.2327194214,62189,62199,10
13.0262699127,80.2324371338,62199,62210,11
13.0261802673,80.2321395874,62210,62220,10
13.0260601044,80.2316894531,62220,62230,10
13.0259199142,80.2311477661,62230,62240,10
13.0256900787,80.2305297852,62240,62250,10
13.0254201889,80.2301330566,62250,62260,10
13.0251903534,80.2298431396,62260,62270,10
13.0250797272,80.229637146,62270,62311,41
13.0250797272,80.229637146,62311,62321,10
13.0248498917,80.2293624878,62321,62331,10
13.0246095657,80.2290496826,62331,62341,10
13.0242795944,80.2286300659,62341,62351,10
13.0240402222,80.2283782959,62351,62371,20
13.0240402222,80.2283782959,62371,62381,10
13.0239295959,80.2282409668,62381,62391,10
13.0237598419,80.2279586792,62391,62401,10
13.0233097076,80.2275314331,62401,62411,10
13.0228900909,80.2271499634,62411,62422,11
13.0225696564,80.2268295288,62422,62432,10
13.0221996307,80.2265014648,62432,62442,10
13.0218896866,80.2262496948,62442,62452,10
13.021320343,80.2257995605,62452,62462,10
13.0207300186,80.225402832,62462,62472,10
13.0203399658,80.2250976563,62472,62482,10
13.0200595856,80.2247467041,62482,62492,10
13.0194501877,80.2244873047,62492,62502,10
13.0186700821,80.2244873047,62502,62512,10
13.0178804398,80.2248535156,62512,62522,10
13.0170202255,80.2252731323,62522,62532,10
13.016500473,80.2254562378,62532,62543,11
13.0161104202,80.2255706787,62543,62553,10
13.0155601501,80.2257614136,62553,62563,10
13.0149803162,80.225982666,62563,62573,10
13.0144796371,80.2261886597,62573,62583,10
13.0142297745,80.22631073,62583,62603,20
13.0142297745,80.22631073,62603,62613,10
13.0140895844,80.2264022827,62613,62623,10
13.0140399933,80.2264328003,62623,62633,10
13.0137395859,80.2265396118,62633,62644,11
13.0133600235,80.2266235352,62644,62654,10
13.0127401352,80.2268371582,62654,62664,10
13.0119400024,80.227180481,62664,62674,10
13.0110397339,80.2275619507,62674,62684,10
13.0100803375,80.2279129028,62684,62694,10
13.0092897415,80.2283172607,62694,62704,10
13.0090103149,80.2291030884,62704,62714,10
13.0088195801,80.2301101685,62714,62724,10
13.0085897446,80.2311935425,62724,62734,10
13.0084104538,80.2322006226,62734,62744,10
13.0082597733,80.2330474854,62744,62755,11
13.0081501007,80.2336502075,62755,62775,20
13.0081501007,80.2336502075,62775,62785,10
13.0080900192,80.2338485718,62785,62795,10
13.008020401,80.2342987061,62795,62805,10
13.0079803467,80.2345123291,62805,62815,10
13.0078802109,80.234992981,62815,62825,10
13.0077199936,80.2356491089,62825,62835,10
13.0075798035,80.2364273071,62835,62845,10
13.0074100494,80.2373275757,62845,62855,10
13.0072698593,80.2381362915,62855,62866,11
13.0072002411,80.2386169434,62866,62876,10
13.0071001053,80.2391586304,62876,62886,10
13.0069599152,80.2399368286,62886,62916,30
13.0069599152,80.2399368286,62916,62926,10
13.0068702698,80.2405471802,62926,62936,10
13.0068597794,80.2406692505,62936,62956,20
13.0068597794,80.2406692505,62956,62966,10
13.0067996979,80.2409896851,62966,62976,10
13.0067501068,80.2414627075,62976,62987,11
13.0067100525,80.2422027588,62987,62997,10
13.0066900253,80.2430496216,62997,63008,11
13.006649971,80.2438583374,63008,63018,10
13.006649971,80.2444229126,63018,63028,10
13.0066404343,80.2448196411,63028,63038,10
13.006649971,80.2451019287,63038,63048,10
13.0066604614,80.2451324463,63048,63058,10
13.0066604614,80.2453613281,63058,63068,10
13.0066604614,80.2458267212,63068,63078,10
13.0066900253,80.246421814,63078,63089,11
13.0066900253,80.2472991943,63089,63099,10
13.0066900253,80.2480773926,63099,63109,10
13.0068397522,80.2492523193,63109,63149,40
13.0068397522,80.2492523193,63149,63159,10
13.0068502426,80.2494430542,63159,63169,10
13.0068397522,80.2499084473,63169,63179,10
13.0067796707,80.2503509521,63179,63210,31
13.0067796707,80.250541687,63210,63240,30
13.0067796707,80.250541687,63240,63250,10
13.0067796707,80.2509307861,63250,63260,10
13.0067901611,80.2512893677,63260,63270,10
13.0066900253,80.2517166138,63270,63280,10
13.0066099167,80.252243042,63280,63290,10
13.0065498352,80.253112793,63290,63301,11
13.006529808,80.2540512085,63301,63311,10
13.0065498352,80.2545394897,63311,63321,10
13.0065603256,80.2548904419,63321,63331,10
13.0066099167,80.255531311,63331,63341,10
13.0066099167,80.2563018799,63341,63351,10
13.0066299438,80.2567596436,63351,63361,10
13.0066299438,80.2567977905,63361,63371,10
13.0066204071,80.2568588257,63371,63381,10
13.0066299438,80.2571411133,63381,63391,10
13.0067796707,80.2577133179,63391,63401,10
13.0072002411,80.258392334,63401,63411,10
13.0076599121,80.2586593628,63411,63422,11
13.0077295303,80.2586669922,63422,63432,10
13.0080795288,80.2588577271,63432,63442,10
13.0085697174,80.2590637207,63442,63452,10
13.0092401505,80.2590484619,63452,63462,10
13.0100402832,80.2590637207,63462,63472,10
13.010890007,80.2590637207,63472,63482,10
13.0117397308,80.2590789795,63482,63492,10
13.0127000809,80.2591323853,63492,63502,10
13.0137996674,80.2591781616,63502,63512,10
13.014840126,80.2592163086,63512,63522,10
13.0158195496,80.2593917847,63522,63533,11
13.0164804459,80.2597503662,63533,63553,20
13.0164804459,80.2597503662,63553,63563,10
13.016579628,80.2598495483,63563,63573,10
13.0168800354,80.2600784302,63573,63583,10
13.0174398422,80.2604827881,63583,63593,10
13.018119812,80.2609481812,63593,63603,10
13.018699646,80.2613601685,63603,63613,10
13.0190200806,80.2616271973,63613,63623,10
13.0194196701,80.2619400024,63623,63634,11
13.0198402405,80.2623519897,63634,63644,10
13.02023983,80.2626800537,63644,63654,10
13.0202798843,80.2627105713,63654,63664,10
13.0206003189,80.262840271,63664,63674,10
13.0212402344,80.2630462646,63674,63684,10
13.0219097137,80.2633132935,63684,63694,10
13.0222196579,80.263458252,63694,63704,10
13.0226097107,80.2637023926,63704,63714,10
13.0230197906,80.2639389038,63714,63724,10
13.0230398178,80.263961792,63724,63734,10
13.0233097076,80.2641296387,63734,63745,11
13.0238199234,80.2643890381,63745,63755,10
13.0243501663,80.2646713257,63755,63765,10
13.0248203278,80.2650527954,63765,63775,10
13.0253000259,80.2654190063,63775,63785,10
13.0262899399,80.2659378052,63785,63805,20
13.0262899399,80.2659378052,63805,63815,10
13.0263395309,80.2659072876,63815,63825,10
13.026309967,80.2658691406,63825,63836,11
13.0264196396,80.2656784058,63836,63866,30
13.0264196396,80.2656784058,63866,63876,10
13.0264596939,80.2634811401,63876,63886,10
13.0263204575,80.2635269165,63886,63896,10
13.0265398026,80.263458252,63896,63906,10
13.0270500183,80.2634429932,63906,63916,10
13.0274801254,80.2634963989,63916,63926,10
13.0280504227,80.2637023926,63926,63942,16
13.0284099579,80.2638168335,63942,63955,13
13.028840065,80.2638778687,63955,63965,10
13.0290203094,80.2639312744,63965,63975,10
13.0293102264,80.2640991211,63975,63985,10
13.029299736,80.2644805908,63985,63995,10
13.0293197632,80.2650299072,63995,64005,10
13.0293302536,80.2655792236,64005,64015,10
13.0292797089,80.2659301758,64015,64025,10
13.0292396545,80.2660064697,64025,64035,10
13.0291996002,80.2663497925,64035,64045,10
13.0293397903,80.2665100098,64045,64055,10
13.0297203064,80.2666091919,64055,64065,10
13.0302495956,80.2667388916,64065,64076,11
13.0308198929,80.2668380737,64076,64086,10
13.031370163,80.2669906616,64086,64096,10
13.0317802429,80.2671585083,64096,64106,10
13.0321798325,80.2673034668,64106,64116,10
13.0323600769,80.2674713135,64116,64126,10
13.03221035,80.2676696777,64126,64136,10
13.0324401855,80.2675628662,64136,64147,11
13.032500267,80.266960144,64147,64187,40
13.032500267,80.266960144,64187,64197,10
13.0334596634,80.267868042,64197,64207,10
13.0335702896,80.2678527832,64207,64217,10
13.0337600708,80.2678604126,64217,65151,934
13.0337600708,80.2678604126,65151,65162,11
13.0189304352,80.2627868652,65162,65172,10
13.0189199448,80.2626037598,65172,65182,10
13.0188598633,80.2621765137,65182,65192,10
13.018819809,80.2619781494,65192,65202,10
13.0188703537,80.2618865967,65202,65212,10
13.0190496445,80.2617111206,65212,65249,37
13.0186595917,80.2612991333,65249,65271,22
13.018529892,80.2612533569,65271,65311,40
13.018529892,80.2612533569,65311,65320,9
13.0171298981,80.2602462769,65320,65330,10
13.0167398453,80.2600021362,65330,65341,11
13.0160999298,80.2596893311,65341,65372,31
13.0159597397,80.2596282959,65372,65402,30
13.0159597397,80.2596282959,65402,65412,10
13.0129299164,80.2594223022,65412,65422,10
13.0120401382,80.2593688965,65422,65432,10
13.0114603043,80.259803772,65432,65442,10
13.010840416,80.2601699829,65442,65452,10
13.0099201202,80.259262085,65452,65462,10
13.0099000931,80.2592773438,65462,65472,10
13.0098104477,80.2591934204,65472,65483,11
13.0092601776,80.2592315674,65483,65493,10
13.0088396072,80.2592010498,65493,65503,10
13.0085000992,80.2591781616,65503,65513,10
13.008099556,80.2590103149,65513,65523,10
13.007610321,80.2591629028,65523,65533,10
13.007399559,80.2587127686,65533,65563,30
13.0071296692,80.2587738037,65563,65662,99
13.0071296692,80.2587738037,65662,65672,10
13.0064201355,80.2551879883,65672,65682,10
13.0066299438,80.2548904419,65682,65693,11
13.0068302155,80.2544326782,65693,65713,20
13.0064296722,80.2531280518,65713,65733,20
13.0064401627,80.2531585693,65733,65794,61
13.0064401627,80.2531585693,65794,65803,9
13.0066299438,80.2519226074,65803,65814,11
13.0065803528,80.2519073486,65814,65844,30
13.0065803528,80.2519073486,65844,65854,10
13.006770134,80.2495574951,65854,65864,10
13.006770134,80.2494812012,65864,65945,81
13.006770134,80.2494812012,65945,65955,10
13.0067195892,80.2485733032,65955,65985,30
13.0066900253,80.2485198975,65985,66026,41
13.0066604614,80.2483596802,66026,66207,181
13.0066099167,80.2478637695,66207,66227,20
13.0065803528,80.2480010986,66227,66248,21
13.0065803528,80.2480010986,66248,66258,10
13.0066604614,80.2469024658,66258,66268,10
13.0065803528,80.2480621338,66268,66278,10
13.0065698624,80.2481231689,66278,66288,10
13.0066003799,80.2482299805,66288,66359,71
13.0066003799,80.2482299805,66359,66369,10
13.0066900253,80.2468032837,66369,66379,10
13.0065803528,80.2472229004,66379,66389,10
13.0065603256,80.2472991943,66389,66399,10
13.0065202713,80.2478027344,66399,66409,10
13.0065603256,80.2478713989,66409,66419,10
13.0066003799,80.2478713989,66419,66652,233
13.0066003799,80.2478713989,66652,66661,9
13.0066099167,80.2476425171,66661,66671,10
13.0066299438,80.2476196289,66671,66681,10
13.0067195892,80.2476196289,66681,66702,21
13.0068101883,80.2476196289,66702,66863,161
13.0068101883,80.2476196289,66863,66873,10
13.006480217,80.2464599609,66873,66883,10
13.006480217,80.246307373,66883,66893,10
13.0062999725,80.2464065552,66893,67267,374
13.0062999725,80.2464065552,67267,67277,10
13.0064897537,80.2416610718,67277,67287,10
13.006360054,80.2414016724,67287,67297,10
13.0060396194,80.2409591675,67297,67307,10
13.0066795349,80.2401733398,67307,67318,11
13.0065803528,80.2402877808,67318,67348,30
13.0065803528,80.2402877808,67348,67358,10
13.007229805,80.2380218506,67358,67368,10
13.0071697235,80.2369995117,67368,67378,10
13.0073299408,80.2369918823,67378,67388,10
13.007349968,80.2367706299,67388,67398,10
13.0073795319,80.2366104126,67398,67409,11
13.0073900223,80.236579895,67409,67419,10
13.0074596405,80.2365722656,67419,67449,30
13.0074596405,80.2365722656,67449,67459,10
13.0077400208,80.2351608276,67459,67469,10
13.0078802109,80.2346801758,67469,67479,10
13.0078697205,80.2342681885,67479,67488,9
13.008190155,80.2332229614,67488,67499,11
13.0083999634,80.2323989868,67499,67509,10
13.0086803436,80.2313537598,67509,67518,9
13.0088596344,80.2302627563,67518,67529,11
13.0087203979,80.2294235229,67529,67539,10
13.0091600418,80.2282333374,67539,67550,11
13.0095701218,80.2273406982,67550,67560,10
13.0098896027,80.2265167236,67560,67570,10
13.0103397369,80.2257995605,67570,67580,10
13.0107603073,80.2249679565,67580,67600,20
13.0107603073,80.2249679565,67600,67610,10
13.0108804703,80.2247772217,67610,67620,10
13.0110397339,80.2241668701,67620,67630,10
13.0112304688,80.2234725952,67630,67640,10
13.0112495422,80.2233200073,67640,67650,10
13.0114898682,80.223197937,67650,67661,11
13.0116701126,80.2224884033,67661,67671,10
13.0119800568,80.2217788696,67671,67681,10
13.0122900009,80.2215499878,67681,67691,10
13.0125303268,80.2220001221,67691,67701,10
13.0129699707,80.2226409912,67701,67711,10
13.0134296417,80.2229614258,67711,67721,10
13.0139799118,80.2235565186,67721,67731,10
13.0141401291,80.2239227295,67731,67741,10
13.0142402649,80.224281311,67741,67762,21
13.0142402649,80.224281311,67762,67772,10
13.0155801773,80.2250137329,67772,67812,40
13.0155801773,80.2250137329,67812,67822,10
13.0156097412,80.2251586914,67822,67838,16
13.0168504715,80.2251815796,67838,67850,12
13.0175895691,80.224937439,67850,67860,10
13.019109726,80.2241821289,67860,67889,29
13.019109726,80.2241821289,67889,67901,12
13.0205202103,80.2251663208,67901,67911,10
13.0211200714,80.2255172729,67911,67921,10
13.021490097,80.22605896,67921,67931,10
13.0215997696,80.2262191772,67931,67941,10
13.0218296051,80.2260665894,67941,67951,10
13.0218601227,80.226020813,67951,67961,10
13.0218095779,80.2261810303,67961,67972,11
13.02202034,80.2263412476,67972,67983,11
13.0223903656,80.2268218994,67983,67993,10
13.0231895447,80.2273406982,67993,68003,10
13.0235595703,80.2277526855,68003,68013,10
13.0237398148,80.2278213501,68013,68023,10
13.0239801407,80.2280731201,68023,68033,10
13.0240402222,80.2280502319,68033,68043,10
13.0241003036,80.2279586792,68043,68053,10
13.0244903564,80.2285614014,68053,68213,160
13.0244903564,80.2285614014,68213,68223,10
13.026140213,80.2313995361,68223,68234,11
13.026599884,80.2313079834,68234,68244,10
13.0272197723,80.2311935425,68244,68295,51
13.0272197723,80.2311935425,68295,68304,9
13.0285100937,80.2309188843,68304,68315,11
13.0284700394,80.2311172485,68315,68486,171
13.0333995819,80.2306289673,68486,68537,51
13.0333995819,80.2306289673,68537,68547,10
13.0348997116,80.230178833,68547,68567,20
13.0348997116,80.2302780151,68567,68587,20
13.0348997116,80.2302780151,68587,68597,10
13.0347700119,80.2304992676,68597,68648,51
13.0342998505,80.2300033569,68648,68668,20
13.0342998505,80.2300033569,68668,68678,10
13.0343599319,80.2301101685,68678,68708,30
13.0343599319,80.2301101685,68708,68718,10
13.0342502594,80.2298126221,68718,68739,21
13.0342502594,80.2298126221,68739,68749,10
13.0343103409,80.229888916,68749,68900,151
13.0343103409,80.229888916,68900,68910,10
13.0343198776,80.2299499512,68910,69182,272
13.0343198776,80.2299499512,69182,69193,11
13.034119606,80.2302474976,69193,69243,50
13.034119606,80.2302474976,69243,69253,10
13.0339698792,80.2305297852,69253,69263,10
13.0338497162,80.2304992676,69263,69273,10
13.0337200165,80.2304382324,69273,69283,10
13.0334997177,80.230506897,69283,69294,11
13.0333995819,80.2306289673,69294,69304,10
13.033370018,80.2308578491,69304,69314,10
13.0328702927,80.2307434082,69314,69324,10
13.0317401886,80.230682373,69324,69496,172
13.0317401886,80.230682373,69496,69505,9
13.0307798386,80.2307662964,69505,69516,11
13.0304698944,80.2308273315,69516,69526,10
13.0301599503,80.2308502197,69526,69536,10
13.0299901962,80.2309188843,69536,69546,10
13.0297403336,80.2308731079,69546,69566,20
13.029709816,80.2306976318,69566,69596,30
13.029709816,80.2306976318,69596,69606,10
13.0274000168,80.2310562134,69606,69617,11
13.0273704529,80.2316818237,69617,69647,30
13.0269899368,80.2334823608,69647,69869,222
13.0269899368,80.2334823608,69869,69879,10
13.0210199356,80.2258987427,69879,69889,10
13.0204200745,80.225479126,69889,69899,10
13.0197896957,80.2248382568,69899,69909,10
13.0190200806,80.2245635986,69909,69919,10
13.0182304382,80.2247009277,69919,69929,10
13.0174503326,80.2250976563,69929,69940,11
13.0168304443,80.2254180908,69940,69950,10
13.0166196823,80.2255325317,69950,69960,10
13.0163898468,80.2255172729,69960,69970,10
13.0161399841,80.2256011963,69970,69980,10
13.0156803131,80.2257614136,69980,69990,10
13.015250206,80.225982666,69990,70000,10
13.0150299072,80.2261886597,70000,70010,10
13.0149698257,80.2262115479,70010,70020,10
13.0147199631,80.2261734009,70020,70030,10
13.0144701004,80.2262573242,70030,70050,20
13.0144701004,80.2262573242,70050,70061,11
13.014380455,80.226348877,70061,70071,10
13.0142602921,80.2263717651,70071,70081,10
13.0141897202,80.2263717651,70081,70091,10
13.013759613,80.2265319824,70091,70101,10
13.0131597519,80.2267532349,70101,70111,10
13.0124702454,80.2270278931,70111,70121,10
13.0117902756,80.2273101807,70121,70131,10
13.0109300613,80.2275619507,70131,70141,10
13.0101804733,80.2278823853,70141,70151,10
13.009519577,80.2281417847,70151,70162,11
13.0090799332,80.2287216187,70162,70172,10
13.0089101791,80.2294235229,70172,70182,10
13.0087795258,80.2304229736,70182,70192,10
13.0085897446,80.231338501,70192,70202,10
13.0084400177,80.2321624756,70202,70212,10
13.008310318,80.2329177856,70212,70222,10
13.0082798004,80.2333602905,70222,70241,19
13.0082798004,80.2333602905,70241,70252,11
13.0081996918,80.2334594727,70252,70262,10
13.0081501007,80.2338027954,70262,70273,11
13.008099556,80.2339782715,70273,70283,10
13.0080099106,80.2342605591,70283,70293,10
13.0079202652,80.2346496582,70293,70303,10
13.0078697205,80.2346878052,70303,70313,10
13.0078601837,80.2348709106,70313,70323,10
13.0078401566,80.2351837158,70323,70333,10
13.0077695847,80.2355575562,70333,70343,10
13.0077600479,80.235710144,70343,70354,11
13.0077400208,80.2358169556,70354,70363,9
13.0077199936,80.236000061,70363,70374,11
13.0076599121,80.2362289429,70374,70384,10
13.007610321,80.2365112305,70384,70394,10
13.0075302124,80.2368774414,70394,70404,10
13.0074396133,80.2372283936,70404,70414,10
13.0074100494,80.2374572754,70414,70424,10
13.0073204041,80.2376480103,70424,70434,10
13.0072202682,80.2378463745,70434,70444,10
13.007349968,80.2375564575,70444,70454,10
13.0074996948,80.2375106812,70454,70465,11
13.0077800751,80.2377624512,70465,70474,9
13.0072002411,80.2383804321,70474,70485,11
13.0071201324,80.2389068604,70485,70495,10
13.0070800781,80.2390823364,70495,70505,10
13.0070800781,80.2390136719,70505,70515,10
13.0073900223,80.2389602661,70515,70566,51
13.0073900223,80.2389602661,70566,70575,9
13.007109642,80.2393035889,70575,70646,71
13.007109642,80.2393035889,70646,70656,10
13.0070400238,80.2390213013,70656,70666,10
13.0067300797,80.2393875122,70666,70676,10
13.0065002441,80.2385482788,70676,70687,11
13.0073404312,80.2388534546,70687,70696,9
13.0072498322,80.2392425537,70696,70707,11
13.0071401596,80.2392730713,70707,70717,10
13.0071601868,80.2389984131,70717,70727,10
13.0072803497,80.2387924194,70727,70777,50
13.0072803497,80.2387924194,70777,70787,10
13.0067996979,80.2408981323,70787,70797,10
13.0067796707,80.2412490845,70797,70807,10
13.0067501068,80.2418365479,70807,70818,11
13.0068101883,80.2425765991,70818,70828,10
13.0068798065,80.243309021,70828,70838,10
13.0067396164,80.2434463501,70838,70848,10
13.0063695908,80.2434768677,70848,70858,10
13.0066604614,80.2445831299,70858,70868,10
13.0066995621,80.244758606,70868,70878,10
13.0066604614,80.2446136475,70878,70888,10
13.0066699982,80.2447280884,70888,70898,10
13.0066604614,80.2451400757,70898,70908,10
13.0066604614,80.2455596924,70908,70918,10
13.0066795349,80.2461776733,70918,70929,11
13.0066900253,80.2469482422,70929,70939,10
13.0066995621,80.2476425171,70939,70949,10
13.0066900253,80.248298645,70949,70959,10
13.0067596436,80.248916626,70959,70969,10
13.0068101883,80.249168396,70969,70979,10
13.0068597794,80.2493133545,70979,70989,10
13.0068502426,80.2493972778,70989,71010,21
13.0068502426,80.2493972778,71010,71019,9
13.0068597794,80.249458313,71019,71030,11
13.0068798065,80.249961853,71030,71040,10
13.0068101883,80.250541687,71040,71050,10
13.0067596436,80.250869751,71050,71060,10
13.0066099167,80.2512588501,71060,71090,30
13.0066099167,80.2512588501,71090,71100,10
13.0066099167,80.2529983521,71100,71110,10
13.0065498352,80.2537918091,71110,71120,10
13.0065803528,80.2544326782,71120,71130,10
13.0065698624,80.2545471191,71130,71141,11
13.0065202713,80.254737854,71141,71151,10
13.0065402985,80.2551727295,71151,71161,10
13.0066003799,80.2557220459,71161,71171,10
13.0066204071,80.2565994263,71171,71181,10
13.006770134,80.2573776245,71181,71209,28
13.006770134,80.2573776245,71209,71217,8
13.0066995621,80.2573928833,71217,71290,73
13.0066995621,80.2573928833,71290,71300,10
13.0068798065,80.2577896118,71300,71310,10
13.0071697235,80.2582168579,71310,71320,10
13.0077104568,80.2586212158,71320,71350,30
13.0077104568,80.2586212158,71350,71361,11
13.0079698563,80.2587280273,71361,71371,10
13.0084600449,80.2588195801,71371,71381,10
13.0089998245,80.2589263916,71381,71391,10
13.0095596313,80.2589797974,71391,71401,10
13.0102500916,80.2590789795,71401,71411,10
13.0109395981,80.2591705322,71411,71421,10
13.0119695663,80.2593307495,71421,71431,10
13.0129299164,80.2591018677,71431,71442,11
13.0142002106,80.2591629028,71442,71472,30
13.0163002014,80.2598800659,71472,71492,20
13.0163002014,80.2598800659,71492,71502,10
13.0166902542,80.2596435547,71502,71512,10
13.0169801712,80.2591781616,71512,71522,10
13.017660141,80.2605819702,71522,71532,10
13.0182504654,80.2609710693,71532,71542,10
13.0186395645,80.2611694336,71542,71552,10
13.0187997818,80.2613220215,71552,71563,11
13.0197200775,80.2621765137,71563,71573,10
13.0202903748,80.262802124,71573,71593,20
13.0202903748,80.262802124,71593,71603,10
13.0204000473,80.2627487183,71603,71613,10
13.0205497742,80.2626419067,71613,71623,10
13.0218296051,80.2633514404,71623,71633,10
13.0221595764,80.2634429932,71633,71643,10
13.0224199295,80.2635421753,71643,71653,10
13.022359848,80.2635421753,71653,71663,10
13.0226602554,80.2636795044,71663,71673,10
13.0229902267,80.2638626099,71673,71684,11
13.023059845,80.263923645,71684,71694,10
13.0233697891,80.2640762329,71694,71704,10
13.0238704681,80.2643814087,71704,71714,10
13.0243997574,80.2647476196,71714,71724,10
13.0248699188,80.2650909424,71724,71734,10
13.0252199173,80.2655181885,71734,71744,10
13.0261602402,80.2660217285,71744,71764,20
13.0261602402,80.2660217285,71764,71775,11
13.0263395309,80.2649612427,71775,71785,10
13.0262699127,80.2646179199,71785,71795,10
13.0265598297,80.2638702393,71795,71805,10
13.0265398026,80.2639007568,71805,71815,10
13.0265798569,80.2638092041,71815,71825,10
13.0266504288,80.263671875,71825,71835,10
13.0270700455,80.2634124756,71835,71845,10
13.0275297165,80.2634124756,71845,71855,10
13.0277500153,80.2634124756,71855,71865,10
13.0282001495,80.2638626099,71865,71875,10
13.0282001495,80.2638473511,71875,71885,10
13.0283498764,80.2639083862,71885,71901,16
13.0284500122,80.263961792,71901,71914,13
13.0292301178,80.264503479,71914,71924,10
13.0293502808,80.2645874023,71924,71932,8
13.0294103622,80.2650222778,71932,71944,12
13.0291795731,80.2660369873,71944,71985,41
13.0291795731,80.2660369873,71985,71994,9
13.0287799835,80.2667999268,71994,72005,11
13.028260231,80.2668228149,72005,72015,10
13.0306901932,80.2666397095,72015,72025,10
13.0311698914,80.2666320801,72025,72035,10
13.0318498611,80.2670593262,72035,72045,10
13.0322904587,80.2670135498,72045,72055,10
13.0323696136,80.266998291,72055,72065,10
13.0329704285,80.2677993774,72065,72075,10
13.0333099365,80.267829895,72075,72105,30
13.0333099365,80.267829895,72105,72115,10
13.0334701538,80.2677536011,72115,72126,11
13.033780098,80.267829895,72126,72136,10
13.0339603424,80.267868042,72136,72146,10
13.034239769,80.2679367065,72146,72156,10
13.0343999863,80.2679595947,72156,72166,10
13.0345401764,80.2679672241,72166,72176,10
13.0344495773,80.268157959,72176,72186,10
13.0343799591,80.2683029175,72186,72196,10
13.0344495773,80.2681808472,72196,72207,11
13.0345802307,80.2679672241,72207,72590,383
13.0345802307,80.2679672241,72590,72600,10
13.0332298279,80.2675018311,72600,72610,10
13.0332202911,80.2674484253,72610,72751,141
13.0332298279,80.2676696777,72751,72802,51
13.0332298279,80.2676696777,72802,72812,10
13.0331802368,80.2675094604,72812,72822,10
13.033200264,80.2676467896,72822,72863,41
13.033200264,80.2676620483,72863,72984,121
13.033200264,80.2676620483,72984,72994,10
13.0331602097,80.2677612305,72994,73104,110
13.0331602097,80.2677612305,73104,73115,11
13.0329399109,80.2677001953,73115,73125,10
13.0327596664,80.2676773071,73125,73135,10
13.0326900482,80.2676773071,73135,73145,10
13.0325298309,80.2675476074,73145,73155,10
13.0322198868,80.2673721313,73155,73165,10
13.0318603516,80.2671966553,73165,73175,10
13.0315599442,80.2670516968,73175,73185,10
13.031080246,80.2668991089,73185,73195,10
13.0307102203,80.2667388916,73195,73206,11
13.0303897858,80.2666015625,73206,73447,241
13.0217399597,80.2637481689,73447,73467,20
13.0217399597,80.2637481689,73467,73477,10
13.0219297409,80.2633972168,73477,73487,10
13.0217895508,80.2632675171,73487,73497,10
13.0211801529,80.2630615234,73497,73507,10
13.0204200745,80.2630081177,73507,73517,10
13.0199203491,80.2631835938,73517,73527,10
13.019659996,80.2629165649,73527,73538,11
13.0190000534,80.262840271,73538,73548,10
13.0188703537,80.262298584,73548,73558,10
13.0188102722,80.2615127563,73558,73568,10
13.0187797546,80.2608413696,73568,73578,10
13.0180997849,80.261100769,73578,73588,10
13.0172996521,80.2603683472,73588,73598,10
13.0165996552,80.2599029541,73598,73608,10
13.0160703659,80.2596435547,73608,73618,10
13.0160303116,80.2595977783,73618,73628,10
13.0156898499,80.2594833374,73628,73638,10
13.0150299072,80.2592926025,73638,73649,11
13.014169693,80.2593002319,73649,73665,16
13.0126199722,80.259262085,73665,73677,12
13.0113401413,80.2592697144,73677,73687,10
13.0107498169,80.2592391968,73687,73697,10
13.0099802017,80.2592926025,73697,73706,9
13.0098695755,80.2592773438,73706,73716,10
13.0097799301,80.2592926025,73716,73727,11
13.0094203949,80.2592163086,73727,73737,10
13.0088996887,80.2592391968,73737,73747,10
13.0085496902,80.2592391968,73747,73758,11
13.0078802109,80.2592926025,73758,73768,10
13.007399559,80.259262085,73768,73778,10
13.0071897507,80.2588424683,73778,73788,10
13.0072402954,80.2588195801,73788,73798,10
13.0072002411,80.2586669922,73798,73808,10
13.0071296692,80.2585067749,73808,73818,10
13.0066995621,80.2578582764,73818,73838,20
13.0066995621,80.2578582764,73838,73849,11
13.0064601898,80.2572631836,73849,73909,60
13.0066099167,80.2533416748,73909,74020,111
13.0066099167,80.2533416748,74020,74030,10
13.0066099167,80.2503433228,74030,74040,10
13.0067195892,80.2498016357,74040,74050,10
13.0067195892,80.2497406006,74050,74060,10
13.0066404343,80.2496032715,74060,74070,10
13.0065803528,80.2489471436,74070,74081,11
13.0066699982,80.248298645,74081,74091,10
13.0067300797,80.2479782104,74091,74101,10
13.0070199966,80.2484817505,74101,74111,10
13.0062599182,80.2480163574,74111,74121,10
13.0064697266,80.2479019165,74121,74131,10
13.0066099167,80.2468338013,74131,74151,20
13.0066204071,80.2467422485,74151,74282,131
13.0066204071,80.2467422485,74282,74293,11
13.0065698624,80.2403564453,74293,74302,9
13.0065002441,80.2403793335,74302,74333,31
13.0065002441,80.2403793335,74333,74343,10
13.0067996979,80.239982605,74343,74353,10
13.006939888,80.2393417358,74353,74363,10
13.0067901611,80.2386169434,74363,74374,11
13.0066795349,80.2381362915,74374,74383,9
13.0072498322,80.237159729,74383,74393,10
13.0073900223,80.2368164063,74393,74414,21
13.007399559,80.2366714478,74414,74464,50
13.007399559,80.2366714478,74464,74474,10
13.0083799362,80.2298583984,74474,74485,11
13.009059906,80.2289810181,74485,74494,9
13.0092697144,80.2280731201,74494,74504,10
13.0097198486,80.227180481,74504,74515,11
13.0101900101,80.2261581421,74515,74525,10
13.0106401443,80.2252426147,74525,74535,10
13.0112400055,80.2240829468,74535,74555,20
13.0112400055,80.2240829468,74555,74565,10
13.0114498138,80.223197937,74565,74575,10
13.0119895935,80.2226715088,74575,74585,10
13.0120000839,80.2218017578,74585,74596,11
13.0123300552,80.2213516235,74596,74606,10
13.0127696991,80.2210464478,74606,74616,10
13.0129499435,80.2224884033,74616,74626,10
13.0134296417,80.2228469849,74626,74636,10
13.0141401291,80.2240219116,74636,74666,30
13.015250206,80.2247085571,74666,75512,846
13.015250206,80.2247085571,75512,75522,10
13.034330368,80.2301101685,75522,75804,282
13.0342597961,80.230140686,75804,76521,717
13.0341596603,80.2301177979,76521,77228,707
13.0340995789,80.2304382324,77228,77248,20
13.0340995789,80.2304382324,77248,77258,10
13.0342702866,80.2305908203,77258,77268,10
13.0340995789,80.2305984497,77268,77278,10
13.0339603424,80.2308578491,77278,77319,41
13.0339603424,80.2308578491,77319,77328,9
13.0320997238,80.2306594849,77328,77339,11
13.0320997238,80.2306594849,77339,77349,10
13.0315599442,80.230682373,77349,77359,10
13.0310001373,80.2307281494,77359,77369,10
13.0306596756,80.2307662964,77369,77379,10
13.0302000046,80.230796814,77379,77389,10
13.0298099518,80.2308502197,77389,77399,10
13.029800415,80.2308502197,77399,77410,11
13.0294799805,80.2308807373,77410,77420,10
13.028840065,80.2309188843,77420,77430,10
13.0280799866,80.231010437,77430,77440,10
13.0276699066,80.2310714722,77440,77450,10
13.0276498795,80.2315063477,77450,77461,11
13.0277299881,80.2320785522,77461,77471,10
13.0278196335,80.2325897217,77471,77481,10
13.0276403427,80.2328186035,77481,77491,10
13.0271997452,80.2329177856,77491,77501,10
13.0269498825,80.232963562,77501,77511,10
13.02684021,80.2329788208,77511,77521,10
13.0265197754,80.2330169678,77521,77531,10
13.0263299942,80.2326431274,77531,77541,10
13.0262098312,80.232093811,77541,77551,10
13.0260601044,80.2313995361,77551,77562,11
13.025759697,80.2304992676,77562,77572,10
13.0252199173,80.2297286987,77572,77582,10
13.0247602463,80.2291717529,77582,77592,10
13.0241603851,80.2284927368,77592,77611,19
13.0241603851,80.2284927368,77611,77622,11
13.0240097046,80.228302002,77622,77632,10
13.0237503052,80.2279663086,77632,77642,10
13.023639679,80.2278594971,77642,77652,10
13.0235300064,80.2277984619,77652,77662,10
13.0233001709,80.2275695801,77662,77673,11
13.0231399536,80.2273788452,77673,77683,10
13.0227403641,80.2270202637,77683,77693,10
13.0223398209,80.2266693115,77693,77703,10
13.0218696594,80.226272583,77703,77713,10
13.0212802887,80.2257919312,77713,77723,10
13.0206899643,80.2253799438,77723,77733,10
13.020190239,80.2250213623,77733,77743,10
13.0198497772,80.2247772217,77743,77753,10
13.0195198059,80.2246322632,77753,77763,10
13.0189304352,80.2245178223,77763,77773,10
13.0182800293,80.2247314453,77773,77784,11
13.0174999237,80.2250366211,77784,77794,10
13.0167798996,80.2253417969,77794,77804,10
13.0162296295,80.2255477905,77804,77814,10
13.0157299042,80.2257232666,77814,77824,10
13.0153102875,80.2258834839,77824,77834,10
13.0148000717,80.2260971069,77834,77844,10
13.01445961,80.2262191772,77844,77882,38
13.01445961,80.2262191772,77882,77893,11
13.0142602921,80.2262802124,77893,77903,10
13.0136098862,80.2265396118,77903,77913,10
13.0129098892,80.2267990112,77913,77923,10
13.012169838,80.2270965576,77923,77933,10
13.0113401413,80.227432251,77933,77943,10
13.0104904175,80.2277679443,77943,77953,10
13.0097103119,80.2280807495,77953,77963,10
13.0091104507,80.2285995483,77963,77974,11
13.0088701248,80.2296676636,77974,77984,10
13.0086402893,80.2307815552,77984,77995,11
13.0084400177,80.231918335,77995,78005,10
13.0082702637,80.2329177856,78005,78015,10
13.008190155,80.2335586548,78015,78025,10
13.0081501007,80.2337188721,78025,78035,10
13.0080099106,80.2342071533,78035,78045,10
13.0078802109,80.2350997925,78045,78055,10
13.0076503754,80.2360992432,78055,78065,10
13.0074300766,80.2372436523,78065,78075,10
13.0072402954,80.23828125,78075,78085,10
13.0070896149,80.2390975952,78085,78095,10
13.0069503784,80.240020752,78095,78166,71
13.0069503784,80.240020752,78166,78176,10
13.0070695877,80.2401275635,78176,78186,10
13.0071897507,80.2403488159,78186,78247,61
13.0071897507,80.2403488159,78247,78256,9
13.0066900253,80.2466125488,78256,78267,11
13.0067796707,80.2473373413,78267,78277,10
13.0067501068,80.2480926514,78277,78287,10
13.0067996979,80.2488708496,78287,78297,10
13.0069103241,80.249420166,78297,78307,10
13.006939888,80.2496337891,78307,78317,10
13.0069503784,80.2497787476,78317,78328,11
13.0069799423,80.2504577637,78328,78338,10
13.0069599152,80.2511901855,78338,78348,10
13.0067996979,80.2519073486,78348,78358,10
13.0066404343,80.2527618408,78358,78368,10
13.0066404343,80.2536087036,78368,78378,10
13.0066604614,80.2545089722,78378,78388,10
13.0066900253,80.2551727295,78388,78398,10
13.0066900253,80.2554702759,78398,78408,10
13.0066995621,80.2555999756,78408,78418,10
13.0066299438,80.2559814453,78418,78429,11
13.0066003799,80.2567367554,78429,78439,10
13.0066099167,80.2572097778,78439,78469,30
13.0067501068,80.2571868896,78469,78903,434
13.0067501068,80.2571868896,78903,78913,10
13.0261602402,80.2658615112,78913,78923,10
13.0262804031,80.2656173706,78923,78933,10
13.0264101028,80.26512146,78933,78942,9
13.0264997482,80.2646026611,78942,78954,12
13.0263395309,80.2637176514,78954,79337,383
13.0263395309,80.2637176514,79337,79347,10
13.0345697403,80.2684631348,79347,79357,10
13.0343799591,80.268081665,79357,79367,10
13.0340995789,80.2679977417,79367,79377,10
13.0336704254,80.2678985596,79377,79387,10
13.0331001282,80.2677993774,79387,79397,10
13.0326404572,80.2676010132,79397,79407,10
13.032409668,80.2674407959,79407,79418,11
13.0319099426,80.2671966553,79418,79428,10
13.0313901901,80.266960144,79428,79438,10
13.0308303833,80.2668075562,79438,79448,10
13.0301599503,80.2666778564,79448,79458,10
13.0295600891,80.2665863037,79458,79468,10
13.0291204453,80.2664413452,79468,79478,10
13.028670311,80.2663574219,79478,79487,9
13.0282402039,80.2662811279,79487,79497,10
13.0276403427,80.266166687,79497,79508,11
13.0268096924,80.2660903931,79508,79841,333
13.0265703201,80.2659683228,79841,80144,303
13.0266799927,80.2660827637,80144,80911,767
13.0266799927,80.2660827637,80911,80921,10
13.0265703201,80.2659988403,80921,80931,10
13.0263795853,80.2659988403,80931,80942,11
13.0260400772,80.2663116455,80942,80972,30
13.0261602402,80.266418457,80972,81042,70
13.0261602402,80.266418457,81042,81053,11
13.0263395309,80.2664108276,81053,81143,90
13.0263595581,80.2663879395,81143,81224,81
13.0263595581,80.2663879395,81224,81234,10
13.0264797211,80.2662200928,81234,81285,51
13.0263500214,80.2663803101,81285,81476,191
13.0263500214,80.2663803101,81476,81487,11
13.0261497498,80.2663192749,81487,81537,50
13.0261497498,80.2663192749,81537,81547,10
13.0261297226,80.2660369873,81547,81557,10
13.026260376,80.2658004761,81557,81567,10
13.0263004303,80.2655792236,81567,81577,10
13.0263500214,80.2651062012,81577,81587,10
13.0263900757,80.2647018433,81587,81604,17
13.0263795853,80.2645721436,81604,81616,12
13.0263395309,80.2643127441,81616,81626,10
13.026049614,80.2638397217,81626,81636,10
13.02602005,80.2638473511,81636,81645,9
13.0261898041,80.2640686035,81645,81666,21
13.0261898041,80.2640686035,81666,81676,10
13.0264501572,80.2645263672,81676,81686,10
13.02643013,80.264541626,81686,81696,10
13.0264701843,80.2648391724,81696,81707,11
13.0265598297,80.2652511597,81707,81717,10
13.0262899399,80.264213562,81717,81727,10
13.0264501572,80.2646408081,81727,81737,10
13.0266504288,80.2650985718,81737,81747,10
13.0264396667,80.2644577026,81747,81757,10
13.0264101028,80.2644577026,81757,81767,10
13.0264196396,80.2644424438,81767,81777,10
13.0263996124,80.264541626,81777,81787,10
13.0263795853,80.2649383545,81787,81808,21
13.0263795853,80.2649383545,81808,81818,10
13.0262804031,80.2640914917,81818,81828,10
13.0263299942,80.2645187378,81828,81838,10
13.0263395309,80.2644577026,81838,81848,10
13.0264196396,80.2641677856,81848,81868,20
13.0265703201,80.2642822266,81868,82532,664
13.0265703201,80.2642822266,82532,82542,10
13.0523996353,80.2637405396,82542,82552,10
13.05286026,80.2638168335,82552,82562,10
13.0535097122,80.2638702393,82562,82572,10
13.054019928,80.2640228271,82572,82583,11
13.0545797348,80.2641677856,82583,82592,9
13.0546798706,80.2642593384,82592,82603,11
13.0550899506,80.2643203735,82603,82624,21
13.0550899506,80.2643203735,82624,82634,10
13.0574703217,80.2649612427,82634,82643,9
13.0580396652,80.2652130127,82643,82654,11
13.0593099594,80.2655410767,82654,83593,939
13.0593099594,80.2655410767,83593,83603,10
13.0877399445,80.2838363647,83603,83744,141
13.0877399445,80.2838363647,83744,83754,10
13.0878601074,80.283706665,83754,83764,10
13.0880804062,80.2836074829,83764,83775,11
13.0881900787,80.2835388184,83775,83785,10
13.0882997513,80.2834777832,83785,83795,10
13.0883197784,80.282951355,83795,83805,10
13.0882997513,80.2823486328,83805,83815,10
13.0881900787,80.281867981,83815,83825,10
13.0877504349,80.2813796997,83825,83835,10
13.0870199203,80.2811813354,83835,83845,10
13.0862197876,80.2809524536,83845,83855,10
13.0857000351,80.280670166,83855,83865,10
13.0855903625,80.2801513672,83865,83875,10
13.0853796005,80.279586792,83875,83885,10
13.0847597122,80.2793121338,83885,83896,11
13.083990097,80.2791671753,83896,83906,10
13.0831804276,80.2789382935,83906,83916,10
13.0823202133,80.2785873413,83916,83926,10
13.0819702148,80.2783432007,83926,83936,10
13.0818996429,80.2779998779,83936,83946,10
13.0818395615,80.2772369385,83946,83956,10
13.0818395615,80.2771606445,83956,83966,10
13.0818300247,80.2768783569,83966,83976,10
13.0818004608,80.2766418457,83976,83987,11
13.081609726,80.275680542,83987,84247,260
13.081609726,80.275680542,84247,84256,9
13.0815496445,80.2753601074,84256,84267,11
13.0815296173,80.2753067017,84267,84277,10
13.0814599991,80.2752075195,84277,84288,11
13.0810604095,80.275177002,84288,84298,10
13.0805997849,80.2752380371,84298,84308,10
13.0801000595,80.2753219604,84308,84319,11
13.0794200897,80.2752609253,84319,84329,10
13.078619957,80.2751693726,84329,84338,9
13.0782203674,80.2757034302,84338,84349,11
13.0778102875,80.2761993408,84349,84359,10
13.0769195557,80.2762374878,84359,84369,10
13.0760602951,80.2763137817,84369,84379,10
13.0758304596,80.2763214111,84379,84389,10
13.0756998062,80.2763519287,84389,84399,10
13.0751800537,80.2763519287,84399,84409,10
13.0744600296,80.2764282227,84409,84419,10
13.0736999512,80.2764892578,84419,84430,11
13.0732898712,80.2762832642,84430,84440,10
13.0731697083,80.2760009766,84440,84450,10
13.072810173,80.2755966187,84450,84460,10
13.0723104477,80.275062561,84460,84470,10
13.071680069,80.2744979858,84470,84480,10
13.0710601807,80.2741775513,84480,84490,10
13.0707302094,80.2740402222,84490,84500,10
13.0707197189,80.2740402222,84500,84510,10
13.0705900192,80.2739028931,84510,84520,10
13.070400238,80.2735519409,84520,84530,10
13.0699901581,80.2730331421,84530,84547,17
13.0690498352,80.2720413208,84547,84559,12
13.068189621,80.2716217041,84559,84569,10
13.0680303574,80.2713623047,84569,84579,10
13.0679702759,80.2711715698,84579,84589,10
13.0675697327,80.2706298828,84589,84598,9
13.067199707,80.2702484131,84598,84610,12
13.0670700073,80.2701416016,84610,84620,10
13.066740036,80.2697677612,84620,84630,10
13.0664997101,80.2692565918,84630,84641,11
13.0663795471,80.2684402466,84641,84651,10
13.0660104752,80.267906189,84651,84661,10
13.0652999878,80.267578125,84661,84681,20
13.0652999878,80.267578125,84681,84691,10
13.0649700165,80.2675628662,84691,84701,10
13.0643596649,80.2674636841,84701,84711,10
13.0635995865,80.2673187256,84711,84721,10
13.0628099442,80.2671813965,84721,84731,10
13.0622596741,80.2666397095,84731,84741,10
13.0617303848,80.2659606934,84741,84752,11
13.0611400604,80.2652206421,84752,84762,10
13.0606203079,80.2652511597,84762,84772,10
13.0602197647,80.2654266357,84772,84782,10
13.0596904755,80.2655410767,84782,84792,10
13.0589504242,80.2654495239,84792,84802,10
13.0581598282,80.2652816772,84802,84812,10
13.0573301315,80.2649078369,84812,84822,10
13.0571098328,80.2647781372,84822,84832,10
13.056810379,80.2646179199,84832,84842,10
13.056139946,80.2644729614,84842,84853,11
13.0551900864,80.2643508911,84853,84863,10
13.0544700623,80.2642593384,84863,84873,10
13.0543699265,80.264213562,84873,84883,10
13.0539197922,80.2640380859,84883,84893,10
13.0533599854,80.2638092041,84893,84903,10
13.0525598526,80.2637405396,84903,84913,10
13.0518398285,80.2638168335,84913,84923,10
13.0516796112,80.2638702393,84923,84933,10
13.0514802933,80.263923645,84933,84943,10
13.0508899689,80.2640686035,84943,84953,10
13.0501098633,80.2640304565,84953,84964,11
13.049249649,80.2641220093,84964,84974,10
13.0488595963,80.2649383545,84974,84984,10
13.0481796265,80.2658233643,84984,84994,10
13.0475597382,80.2662887573,84994,85004,10
13.0469799042,80.2662963867,85004,85014,10
13.0468997955,80.2662963867,85014,85024,10
13.0466299057,80.2662734985,85024,85034,10
13.0459699631,80.2664489746,85034,85044,10
13.0451698303,80.2666091919,85044,85054,10
13.0443096161,80.2668991089,85054,85064,10
13.0434799194,80.2674636841,85064,85075,11
13.0425796509,80.2681427002,85075,85085,10
13.0417900085,80.2682418823,85085,85095,10
13.0411396027,80.2682037354,85095,85105,10
13.0410699844,80.2681427002,85105,85115,10
13.0406398773,80.2680282593,85115,85125,10
13.0399799347,80.2678070068,85125,85135,10
13.0392398834,80.2676086426,85135,85145,10
13.0384998322,80.2675704956,85145,85155,10
13.0377397537,80.267616272,85155,85165,10
13.037560463,80.2676391602,85165,85175,10
13.0371198654,80.2676086426,85175,85186,11
13.0364704132,80.2677383423,85186,85196,10
13.0357198715,80.2678375244,85196,85206,10
13.0349702835,80.2679367065,85206,85216,10
13.0343704224,80.2679977417,85216,85226,10
13.0341596603,80.2679901123,85226,85236,10
13.0339603424,80.2679367065,85236,85246,10
13.0335502625,80.2678527832,85246,85256,10
13.0333995819,80.2678527832,85256,85266,10
13.0328598022,80.2677307129,85266,85276,10
13.0324001312,80.2674179077,85276,85286,10
13.0317497253,80.2670822144,85286,85297,11
13.0309495926,80.2667236328,85297,85307,10
13.0301799774,80.2666015625,85307,85323,16
13.029589653,80.2665710449,85323,85335,12
13.0292396545,80.2665100098,85335,85345,10
13.0288896561,80.2662963867,85345,85355,10
13.0281600952,80.266166687,85355,85365,10
13.0272598267,80.2660903931,85365,85375,10
13.0267601013,80.2660293579,85375,85385,10
13.0265302658,80.2660217285,85385,85395,10
13.0264902115,80.2660064697,85395,85406,11
13.026140213,80.2658920288,85406,85415,9
13.0258197784,80.265663147,85415,85426,11
13.0253896713,80.2653808594,85426,85436,10
13.0253200531,80.2653503418,85436,85446,10
13.0251302719,80.2651824951,85446,85456,10
13.0248203278,80.2649002075,85456,85466,10
13.0243701935,80.2645492554,85466,85476,10
13.0236597061,80.2641677856,85476,85486,10
13.0229597092,80.2637786865,85486,85496,10
13.0222101212,80.2633895874,85496,85507,11
13.0220298767,80.2632980347,85507,85517,10
13.0217199326,80.2631530762,85517,85527,10
13.0210800171,80.2630004883,85527,85537,10
13.0204801559,80.2629623413,85537,85547,10
13.0200996399,80.2629699707,85547,85557,10
13.0195302963,80.2629165649,85557,85567,10
13.0190696716,80.2629165649,85567,85577,10
13.0188798904,80.2624664307,85577,85587,10
13.0187597275,80.2616729736,85587,85597,10
13.0184297562,80.261138916,85597,85607,10
13.0177602768,80.2606811523,85607,85617,10
13.0169200897,80.2601394653,85617,85628,11
13.0160903931,80.2596893311,85628,85638,10
13.0159502029,80.2596282959,85638,85648,10
13.0155801773,80.2594909668,85648,85658,10
13.0148897171,80.2593307495,85658,85668,10
13.0141000748,80.2592773438,85668,85678,10
13.0131502151,80.2592391968,85678,85688,10
13.0120296478,80.2591781616,85688,85698,10
13.0108804703,80.2591781616,85698,85708,10
13.0098695755,80.2592163086,85708,85719,11
13.0089502335,80.2591934204,85719,85729,10
13.008649826,80.2592163086,85729,85739,10
13.008190155,80.2592315674,85739,85749,10
13.007519722,80.2593917847,85749,85759,10
13.0071296692,80.2587432861,85759,85769,10
13.0067596436,80.2579879761,85769,85779,10
13.0067195892,80.2578125,85779,85789,10
13.0064401627,80.2574996948,85789,85799,10
13.0057001114,80.2573699951,85799,85809,10
13.005490303,80.2573471069,85809,85819,10
13.0051603317,80.2571792603,85819,85830,11
13.0045204163,80.2571182251,85830,85840,10
13.0038700104,80.2569732666,85840,85850,10
13.0032501221,80.2568664551,85850,85860,10
13.0027103424,80.2567825317,85860,85870,10
13.001999855,80.2566833496,85870,85880,10
13.0012598038,80.2565536499,85880,85890,10
13.0004997253,80.2564468384,85890,85900,10
12.9996595383,80.2563095093,85900,85910,10
12.9988803864,80.256149292,85910,85920,10
12.9982795715,80.2560577393,85920,85930,10
12.9981403351,80.2560119629,85930,85941,11
12.9980697632,80.2559814453,85941,85951,10
12.9977197647,80.2559432983,85951,85961,10
12.9975500107,80.2559127808,85961,85977,16
12.9971399307,80.2558898926,85977,85989,12
12.9967603683,80.2558898926,85989,85999,10
12.9961700439,80.2558898926,85999,86008,9
12.9954595566,80.2558898926,86008,86018,10
12.9947004318,80.2559204102,86018,86029,11
12.9937400818,80.2560119629,86029,86039,10
12.9926900864,80.256072998,86039,86050,11
12.9914102554,80.2560272217,86050,86060,10
12.9904603958,80.2559967041,86060,86070,10
12.9895401001,80.2559585571,86070,86080,10
12.9884595871,80.2558822632,86080,86090,10
12.9879598618,80.2557983398,86090,86100,10
12.987950325,80.2557983398,86100,86110,10
12.9877700806,80.2557983398,86110,86120,10
12.9875898361,80.2561569214,86120,86130,10
12.9875402451,80.2567977905,86130,86140,10
12.9874801636,80.2576599121,86140,86150,10
12.9874095917,80.2583618164,86150,86161,11
12.9873399734,80.2589187622,86161,86201,40
12.9873399734,80.2589187622,86201,86211,10
12.9871702194,80.2590637207,86211,86241,30
12.9871702194,80.2590637207,86241,86251,10
12.9873504639,80.258682251,86251,86292,41
12.9873504639,80.258682251,86292,86302,10
12.9874000549,80.2585296631,86302,86312,10
12.9874000549,80.2582321167,86312,86322,10
12.9874401093,80.2577667236,86322,86332,10
12.9874801636,80.2570266724,86332,86342,10
12.9875602722,80.2561264038,86342,86352,10
12.9877500534,80.2557525635,86352,86362,10
12.9880895615,80.2557907104,86362,86373,11
12.9883403778,80.2558288574,86373,86383,10
