12.9975500107,80.2572097778,20,3159,3139
12.9974498749,80.2571334839,3159,3220,61
12.997590065,80.2572631836,3220,6066,2846
12.9973201752,80.2570419312,6066,6339,273
12.9973201752,80.2570419312,6339,6349,10
12.997010231,80.2569580078,6349,8882,2533
12.9969596863,80.2569122314,8882,8993,111
12.9969701767,80.2569274902,8993,9568,575
12.997010231,80.2569885254,9568,9711,143
12.996919632,80.2570877075,9711,13576,3865
12.9972400665,80.2570266724,13576,14465,889
12.9972400665,80.2570266724,14465,14475,10
12.997209549,80.2570495605,14475,14525,50
12.997209549,80.2570495605,14525,14535,10
12.9973897934,80.2571029663,14535,14545,10
12.9977998734,80.2571182251,14545,14556,11
12.9983196259,80.2568817139,14556,14576,20
12.9983196259,80.2568817139,14576,14586,10
12.9983100891,80.2565917969,14586,14596,10
12.9981298447,80.2564163208,14596,14606,10
12.998000145,80.2565383911,14606,14616,10
12.998000145,80.2571105957,14616,16625,2009
12.9979801178,80.2573471069,16625,17927,1302
12.9979801178,80.257270813,17927,19017,1090
12.9980697632,80.2573623657,19017,19855,838
12.998000145,80.2573318481,19855,20551,696
12.998000145,80.2573318481,20551,20561,10
12.9980096817,80.2571182251,20561,20570,9
12.998000145,80.2567367554,20570,20582,12
12.9977998734,80.2562637329,20582,20693,111
12.9977998734,80.2562637329,20693,20703,10
12.9975500107,80.2559585571,20703,20713,10
12.9971599579,80.2559280396,20713,20723,10
12.9967699051,80.2559204102,20723,20733,10
12.9962701797,80.2559127808,20733,20743,10
12.9956798553,80.2558898926,20743,20753,10
12.9951000214,80.2559204102,20753,20763,10
12.9943304062,80.2559661865,20763,20773,10
12.9934101105,80.2560424805,20773,20783,10
12.9922399521,80.2560806274,20783,20793,10
12.9911403656,80.2560501099,20793,20804,11
12.9899997711,80.2560272217,20804,20814,10
12.9890203476,80.2559661865,20814,20824,10
12.9879703522,80.2558517456,20824,20834,10
12.9873304367,80.2557373047,20834,20844,10
12.9864501953,80.2555770874,20844,20854,10
12.9853401184,80.255317688,20854,20864,10
12.9841499329,80.2550201416,20864,20874,10
12.9830303192,80.2547225952,20874,20884,10
12.9821500778,80.2542877197,20884,20894,10
12.9817895889,80.2532730103,20894,20905,11
12.9811401367,80.2527770996,20905,20915,10
12.9803600311,80.252746582,20915,20925,10
12.9795999527,80.2526931763,20925,20935,10
12.978890419,80.2526016235,20935,20945,10
12.9786901474,80.2525787354,20945,20955,10
12.9784803391,80.2524795532,20955,20965,10
12.9779195786,80.2520294189,20965,20975,10
12.9770498276,80.251411438,20975,20985,10
12.9757995605,80.2510375977,20985,20995,10
12.9744901657,80.2506713867,20995,21005,10
12.9733295441,80.2503509521,21005,21016,11
12.9721899033,80.250038147,21016,21026,10
12.9709796906,80.2497024536,21026,21036,10
12.9697399139,80.2492675781,21036,21046,10
12.9685201645,80.2487716675,21046,21056,10
12.9672899246,80.248260498,21056,21066,10
12.9662504196,80.247756958,21066,21076,10
12.9652900696,80.2473983765,21076,21086,10
12.9651403427,80.2473526001,21086,21096,10
12.9649000168,80.2472610474,21096,21106,10
12.9642601013,80.2470321655,21106,21117,11
12.9633598328,80.246673584,21117,21127,10
12.9623003006,80.246131897,21127,21137,10
12.961139679,80.2455596924,21137,21147,10
12.9600601196,80.2450637817,21147,21157,10
12.9592895508,80.2446975708,21157,21167,10
12.9588003159,80.2444763184,21167,21177,10
12.9580497742,80.2441635132,21177,21187,10
12.9572496414,80.243850708,21187,21197,10
12.956489563,80.2435684204,21197,21207,10
12.9561300278,80.2434234619,21207,21217,10
12.9553804398,80.2430877686,21217,21228,11
12.9542703629,80.2426300049,21228,21238,10
12.9532203674,80.2422027588,21238,21248,10
12.952050209,80.2417602539,21248,21258,10
12.9508304596,80.2413330078,21258,21268,10
12.949640274,80.2409667969,21268,21278,10
12.9485397339,80.2405700684,21278,21288,10
12.9474601746,80.2401199341,21288,21298,10
12.9463996887,80.2396774292,21298,21308,10
12.9453802109,80.2391967773,21308,21317,9
12.9446001053,80.2384796143,21317,21329,12
12.9436798096,80.2374725342,21329,21339,10
12.9428300858,80.2367019653,21339,21349,10
12.9415197372,80.2362670898,21349,21359,10
12.9402599335,80.2359390259,21359,21369,10
12.9399404526,80.2358169556,21369,21379,10
12.9395599365,80.2356414795,21379,21389,10
12.9387598038,80.2352371216,21389,21399,10
12.9377698898,80.2347564697,21399,21409,10
12.9366197586,80.2341995239,21409,21419,10
12.9354400635,80.2336502075,21419,21429,10
12.9341802597,80.2330780029,21429,21440,11
12.9333600998,80.2327423096,21440,21450,10
12.9329900742,80.2325897217,21450,21460,10
12.9322004318,80.2322921753,21460,21470,10
12.9311304092,80.2319412231,21470,21480,10
12.9299497604,80.231590271,21480,21490,10
12.9287595749,80.2313308716,21490,21500,10
12.9275102615,80.2311630249,21500,21510,10
12.9263296127,80.2310180664,21510,21520,10
12.9252099991,80.2308807373,21520,21530,10
12.9239196777,80.2307281494,21530,21541,11
12.922369957,80.2305221558,21541,21551,10
12.9209699631,80.2303237915,21551,21561,10
12.9195899963,80.230140686,21561,21571,10
12.9182300568,80.2299499512,21571,21581,10
12.9168796539,80.2297821045,21581,21591,10
12.915599823,80.2295913696,21591,21601,10
12.914349556,80.2294082642,21601,21611,10
12.9133701324,80.229309082,21611,21621,10
12.9131698608,80.2292633057,21621,21631,10
12.9125204086,80.229133606,21631,21641,10
12.9114904404,80.2289886475,21641,21652,11
12.9101200104,80.2287979126,21652,21662,10
12.9088602066,80.2285919189,21662,21672,10
12.90762043,80.2284088135,21672,21682,10
12.9066696167,80.2282791138,21682,21692,10
12.9058504105,80.2282028198,21692,21702,10
12.904709816,80.2281417847,21702,21712,10
12.9034404755,80.2280807495,21712,21722,10
12.9021196365,80.228012085,21722,21732,10
12.9011602402,80.2279663086,21732,21742,10
12.9002304077,80.2279205322,21742,21752,10
12.8996295929,80.2278518677,21752,21763,11
12.899479866,80.2278366089,21763,21773,10
12.8989496231,80.2278137207,21773,21783,10
12.8980998993,80.2277679443,21783,21793,10
12.8970098495,80.2277069092,21793,21803,10
12.8957004547,80.2276535034,21803,21813,10
12.8943395615,80.2275924683,21813,21823,10
12.8929901123,80.2274475098,21823,21833,10
12.8917398453,80.2273635864,21833,21843,10
12.8904399872,80.2273712158,21843,21852,9
12.8892002106,80.2273712158,21852,21864,12
12.8875102997,80.2272491455,21864,21874,10
12.886179924,80.2269668579,21874,21884,10
12.8848800659,80.2267227173,21884,21894,10
12.8835601807,80.2267227173,21894,21904,10
12.882349968,80.2267379761,21904,21914,10
12.8809995651,80.2267608643,21914,21924,10
12.8795900345,80.2267684937,21924,21934,10
12.8782300949,80.2268371582,21934,21944,10
12.8769598007,80.2269363403,21944,21954,10
12.8764696121,80.2269897461,21954,21963,9
12.8763999939,80.2269973755,21963,21975,12
12.8757295609,80.2269821167,21975,21985,10
12.8748397827,80.2268981934,21985,21995,10
12.8736696243,80.2267379761,21995,22005,10
12.8723697662,80.2266921997,22005,22015,10
12.8709497452,80.2266387939,22015,22025,10
12.8694896698,80.2264862061,22025,22035,10
12.8679895401,80.2264022827,22035,22045,10
12.8664798737,80.2265396118,22045,22055,10
12.8649597168,80.2265777588,22055,22064,9
12.8635797501,80.2265319824,22064,22076,12
12.861869812,80.2265701294,22076,22086,10
12.8605899811,80.2265625,22086,22096,10
12.8593196869,80.2263793945,22096,22106,10
12.858710289,80.2263031006,22106,22116,10
12.8582201004,80.2262878418,22116,22126,10
12.8573598862,80.22631073,22126,22136,10
12.8562602997,80.2264175415,22136,22146,10
12.8549404144,80.2265625,22146,22156,10
12.8534898758,80.2267074585,22156,22166,10
12.8519697189,80.2266921997,22166,22176,10
12.8504600525,80.2266235352,22176,22187,11
12.8489303589,80.2265777588,22187,22197,10
12.8475704193,80.2265930176,22197,22207,10
12.8461704254,80.2266082764,22207,22217,10
12.8454399109,80.2266235352,22217,22227,10
12.8452396393,80.2266311646,22227,22237,10
12.8450403214,80.2266387939,22237,22247,10
12.8444595337,80.2266769409,22247,22257,10
12.8436203003,80.2267608643,22257,22267,10
12.8425397873,80.2269515991,22267,22277,10
12.8413496017,80.2272415161,22277,22288,11
12.8403301239,80.2275466919,22288,22298,10
12.8398799896,80.2276306152,22298,22388,90
12.8398799896,80.2276306152,22388,22399,11
12.8393201828,80.2277984619,22399,22409,10
12.838549614,80.228012085,22409,22419,10
12.8375196457,80.2282333374,22419,22429,10
12.8362398148,80.2284164429,22429,22439,10
12.8348798752,80.2286300659,22439,22449,10
12.8335103989,80.2288818359,22449,22459,10
12.8324298859,80.2291107178,22459,22469,10
12.8323202133,80.229133606,22469,22479,10
12.8320198059,80.2292022705,22479,22489,10
12.8313102722,80.2293701172,22489,22498,9
12.8303899765,80.2296905518,22498,22510,12
12.8290300369,80.2302474976,22510,22520,10
12.8277997971,80.2309417725,22520,22530,10
12.8265399933,80.2313537598,22530,22540,10
12.8251304626,80.2314224243,22540,22550,10
12.823679924,80.2311325073,22550,22560,10
12.8222198486,80.230682373,22560,22570,10
12.8209400177,80.23046875,22570,22580,10
12.819609642,80.2304992676,22580,22590,10
12.8182601929,80.2302017212,22590,22600,10
12.81690979,80.2296218872,22600,22611,11
12.8152704239,80.2293319702,22611,22621,10
12.8137598038,80.2290420532,22621,22631,10
12.8122997284,80.228553772,22631,22641,10
12.8108301163,80.228012085,22641,22651,10
12.8093900681,80.2273712158,22651,22661,10
12.808139801,80.2264099121,22661,22671,10
12.8069896698,80.2254333496,22671,22681,10
12.806139946,80.2246398926,22681,22691,10
12.8053503036,80.2240982056,22691,22701,10
12.8050003052,80.2240219116,22701,22711,10
12.8044300079,80.2239303589,22711,22722,11
12.8039302826,80.2238922119,22722,22732,10
12.8031101227,80.2238235474,22732,22742,10
12.8019800186,80.2236709595,22742,22752,10
12.8006696701,80.2235412598,22752,22762,10
12.7992801666,80.2234191895,22762,22772,10
12.7978801727,80.2232666016,22772,22782,10
12.7965803146,80.2230529785,22782,22792,10
12.7958898544,80.2229385376,22792,22802,10
12.7955799103,80.2229003906,22802,22812,10
12.794839859,80.2227630615,22812,22823,11
12.7936201096,80.2225723267,22823,22833,10
12.792309761,80.2223587036,22833,22843,10
12.7909603119,80.2220230103,22843,22853,10
12.7896203995,80.2216567993,22853,22863,10
12.7883901596,80.2211914063,22863,22873,10
12.7873001099,80.2207717896,22873,22883,10
12.7866001129,80.2204971313,22883,22893,10
12.7864103317,80.2204208374,22893,22913,20
12.7864103317,80.2204208374,22913,22923,10
12.7862997055,80.2203521729,22923,22934,11
12.7857599258,80.220123291,22934,22944,10
12.7848997116,80.2197036743,22944,22954,10
12.7839298248,80.2191772461,22954,22964,10
12.7827501297,80.218536377,22964,22974,10
12.7814502716,80.2178268433,22974,22984,10
12.7801198959,80.2171096802,22984,22994,10
12.7787799835,80.2163925171,22994,23004,10
12.7773799896,80.2157363892,23004,23014,10
12.7759199142,80.2151412964,23014,23024,10
12.7744398117,80.2145385742,23024,23034,10
12.7729701996,80.2139587402,23034,23045,11
12.7713804245,80.2133712769,23045,23055,10
12.7707300186,80.2130813599,23055,23065,10
12.7709102631,80.2126312256,23065,23075,10
12.7710599899,80.211807251,23075,23085,10
12.7715301514,80.2107925415,23085,23095,10
12.7721395493,80.2095870972,23095,23105,10
12.7725601196,80.2082290649,23105,23115,10
12.7728300095,80.2072601318,23115,23125,10
12.7730703354,80.2064208984,23125,23134,9
12.7731199265,80.2062606812,23134,23146,12
12.7733001709,80.2054901123,23146,23156,10
12.7734603882,80.2044830322,23156,23166,10
12.7736501694,80.2031936646,23166,23176,10
12.7738399506,80.2019119263,23176,23186,10
12.7739295959,80.2009506226,23186,23196,10
12.7740001678,80.1999435425,23196,23206,10
12.7741203308,80.1987380981,23206,23216,10
12.7741804123,80.1973571777,23216,23226,10
12.7742595673,80.1959228516,23226,23236,10
12.7744903564,80.194480896,23236,23246,10
12.7747097015,80.1935806274,23246,23257,11
12.7748298645,80.1932373047,23257,23267,10
12.7753000259,80.1925811768,23267,23277,10
12.7753295898,80.1918563843,23277,23287,10
12.7751302719,80.1910705566,23287,23297,10
12.7744197845,80.1901779175,23297,23307,10
12.7733201981,80.1894607544,23307,23317,10
12.7719898224,80.1889419556,23317,23327,10
12.7710800171,80.1883163452,23327,23337,10
12.7709598541,80.1872634888,23337,23347,10
12.770819664,80.1862411499,23347,23358,11
12.7707395554,80.1849822998,23358,23367,9
12.770359993,80.1846084595,23367,23378,11
12.7695703506,80.1843490601,23378,23388,10
12.7689304352,80.1840133667,23388,23398,10
12.7685003281,80.18359375,23398,23408,10
12.767950058,80.1833267212,23408,23418,10
12.7673597336,80.1831207275,23418,23428,10
12.7667398453,80.1828384399,23428,23438,10
12.7660303116,80.1826477051,23438,23448,10
12.7656698227,80.1826171875,23448,23457,9
12.7652597427,80.1825637817,23457,23469,12
12.7645397186,80.182472229,23469,23479,10
12.7639799118,80.1823806763,23479,23489,10
12.7635402679,80.1824874878,23489,23499,10
12.7633600235,80.183052063,23499,23509,10
12.7632398605,80.1834487915,23509,23519,10
12.7631902695,80.18359375,23519,23529,10
12.7630500793,80.1840209961,23529,23539,10
12.7630701065,80.184387207,23539,23549,10
12.7630395889,80.1847610474,23549,23559,10
12.7628498077,80.1850128174,23559,23570,11
12.7624797821,80.1849517822,23570,23580,10
12.7620201111,80.1849365234,23580,23590,10
12.7615404129,80.1848526001,23590,23600,10
12.7615098953,80.1848220825,23600,23670,70
12.7615098953,80.1848220825,23670,23681,11
12.7615499496,80.1848373413,23681,23691,10
12.7618398666,80.1849136353,23691,23701,10
12.7622900009,80.1849365234,23701,23711,10
12.7627801895,80.1850128174,23711,23721,10
12.7630395889,80.1847000122,23721,23731,10
12.7630395889,80.1843032837,23731,23741,10
12.7630395889,80.1839523315,23741,23751,10
12.7631998062,80.1835021973,23751,23761,10
12.7632198334,80.1834716797,23761,23771,10
12.7632904053,80.1831665039,23771,23781,10
12.7634401321,80.1826324463,23781,23792,11
12.7639303207,80.1825027466,23792,23802,10
12.7647600174,80.1825790405,23802,23812,10
12.7657403946,80.1826782227,23812,23822,10
12.7665596008,80.1828308105,23822,23832,10
12.7674303055,80.1831970215,23832,23842,10
12.7680997849,80.1834182739,23842,23852,10
12.7686004639,80.1837387085,23852,23862,10
12.7690496445,80.1841201782,23862,23872,10
12.7692804337,80.1842498779,23872,23882,10
12.7697000504,80.1844329834,23882,23893,11
12.7704401016,80.1846466064,23893,23903,10
12.7707700729,80.1849975586,23903,23913,10
12.7708101273,80.185836792,23913,23923,10
12.7709102631,80.1867980957,23923,23933,10
12.7710399628,80.1878967285,23933,23943,10
12.7712402344,80.1886825562,23943,23953,10
12.7719497681,80.1889724731,23953,23963,10
12.7728996277,80.1893234253,23963,23973,10
12.7740697861,80.1897888184,23973,23983,10
12.7749700546,80.1908111572,23983,23993,10
12.775349617,80.1919708252,23993,24004,11
12.7751903534,80.1928024292,24004,24014,10
12.7747402191,80.1936187744,24014,24024,10
12.7746801376,80.1938171387,24024,24034,10
12.7746295929,80.1939620972,24034,24044,10
12.7745199203,80.1944732666,24044,24054,10
12.7743196487,80.1953582764,24054,24064,10
12.7742300034,80.1965026855,24064,24074,10
12.7742204666,80.1970214844,24074,24084,10
12.7742004395,80.1973190308,24084,24094,10
12.7741804123,80.1979064941,24094,24105,11
12.7741203308,80.1989212036,24105,24115,10
12.774020195,80.200088501,24115,24125,10
12.7739400864,80.2010879517,24125,24135,10
12.7739095688,80.2012329102,24135,24145,10
12.773900032,80.2014312744,24145,24155,10
12.773850441,80.2021026611,24155,24165,10
12.7737197876,80.2030563354,24165,24175,10
12.7735099792,80.2042236328,24175,24185,10
12.7733402252,80.2053527832,24185,24195,10
12.7731199265,80.2062988281,24195,24204,9
12.7730398178,80.2065811157,24204,24216,12
12.7728595734,80.2072067261,24216,24226,10
12.772600174,80.2081298828,24226,24236,10
12.7722797394,80.209312439,24236,24246,10
12.7716903687,80.2105789185,24246,24256,10
12.7711801529,80.2116088867,24256,24266,10
12.770939827,80.2126693726,24266,24276,10
12.7708396912,80.213142395,24276,24286,10
12.770939827,80.213218689,24286,24296,10
12.7714700699,80.2133789063,24296,24306,10
12.7722902298,80.2136611938,24306,24317,11
12.7734498978,80.2141036987,24317,24327,10
12.7747001648,80.2145996094,24327,24337,10
12.7760400772,80.2151489258,24337,24347,10
12.7774200439,80.2157211304,24347,24357,10
12.7788095474,80.2163619995,24357,24367,10
12.7801799774,80.217086792,24367,24377,10
12.7815599442,80.2178497314,24377,24387,10
12.782959938,80.2186126709,24387,24397,10
12.7841596603,80.2192993164,24397,24407,10
12.7852802277,80.2198867798,24407,24418,11
12.7863798141,80.2203979492,24418,24468,50
12.7863798141,80.2203979492,24468,24478,10
12.7866601944,80.2205276489,24478,24488,10
12.7871799469,80.2207870483,24488,24498,10
12.7880802155,80.2211227417,24498,24508,10
12.7891101837,80.2214813232,24508,24518,10
12.7900495529,80.2217788696,24518,24529,11
12.7912502289,80.2220611572,24529,24539,10
12.7925300598,80.222366333,24539,24549,10
12.7939996719,80.2225875854,24549,24559,10
12.7953796387,80.2228088379,24559,24569,10
12.7963600159,80.2229537964,24569,24579,10
12.7964601517,80.2229690552,24579,24589,10
12.7965602875,80.2229995728,24589,24599,10
12.7971401215,80.2230987549,24599,24609,10
12.7980003357,80.2232513428,24609,24619,10
12.7989902496,80.2233581543,24619,24629,10
12.8002004623,80.223487854,24629,24640,11
12.8015804291,80.2235870361,24640,24660,20
12.8015804291,80.2235870361,24660,24670,10
12.8020296097,80.2236633301,24670,24680,10
12.8027496338,80.2237472534,24680,24690,10
12.8037004471,80.2238464355,24690,24700,10
12.8048200607,80.2239532471,24700,24710,10
12.8055400848,80.2241134644,24710,24720,10
12.805680275,80.2241821289,24720,24729,9
12.8060903549,80.2245101929,24729,24741,12
12.8069095612,80.2252502441,24741,24751,10
12.807800293,80.2260437012,24751,24761,10
12.8088302612,80.2269134521,24761,24771,10
12.8100500107,80.2276382446,24771,24781,10
12.8114204407,80.2282028198,24781,24791,10
12.8128404617,80.228729248,24791,24801,10
12.8142595291,80.2291564941,24801,24811,10
12.815779686,80.2293930054,24811,24821,10
12.8172702789,80.2296905518,24821,24831,10
12.8185396194,80.2302627563,24831,24841,10
12.8196001053,80.2304611206,24841,24852,11
12.8198404312,80.2304534912,24852,24862,10
12.820019722,80.2304382324,24862,24872,10
12.8206300735,80.2304077148,24872,24882,10
12.821559906,80.2304534912,24882,24892,10
12.8227396011,80.23072052,24892,24902,10
12.8240699768,80.2311019897,24902,24912,10
12.8254995346,80.231338501,24912,24922,10
12.8269796371,80.2312011719,24922,24932,10
12.8283500671,80.2305221558,24932,24942,10
12.8296604156,80.2298965454,24942,24953,11
12.8310604095,80.2293930054,24953,24973,20
12.8310604095,80.2293930054,24973,24983,10
12.831410408,80.2293395996,24983,24993,10
12.8320503235,80.229133606,24993,25003,10
12.8329696655,80.2289581299,25003,25013,10
12.8340797424,80.2287368774,25013,25023,10
12.8353996277,80.2285003662,25023,25033,10
12.836810112,80.2282791138,25033,25043,10
12.8381004333,80.2280578613,25043,25053,10
12.8390798569,80.2278137207,25053,25064,11
12.8394699097,80.2276916504,25064,25074,10
12.839679718,80.2276382446,25074,25084,10
12.8403396606,80.2274703979,25084,25094,10
12.8412399292,80.2272186279,25094,25104,10
12.8423900604,80.2269668579,25104,25114,10
12.8436899185,80.2267379761,25114,25124,10
12.8450202942,80.2266082764,25124,25134,10
12.8454198837,80.2265701294,25134,25144,10
12.8454799652,80.2265777588,25144,25154,10
12.845870018,80.2265701294,25154,25165,11
12.8465299606,80.2265472412,25165,25175,10
12.8474302292,80.2265625,25175,25185,10
12.8485403061,80.2265701294,25185,25195,10
12.8496704102,80.2265396118,25195,25205,10
12.850060463,80.2265319824,25205,25215,10
12.8503198624,80.2265319824,25215,25225,10
12.8510103226,80.2265472412,25225,25235,10
12.8519096375,80.2266082764,25235,25245,10
12.8531198502,80.2266616821,25245,25255,10
12.8544797897,80.2265319824,25255,25265,10
12.855919838,80.2263793945,25265,25276,11
12.8575696945,80.2262115479,25276,25286,10
12.8589000702,80.2262573242,25286,25296,10
12.8601903915,80.2264328003,25296,25306,10
12.860830307,80.2264862061,25306,25316,10
12.8608398438,80.2265014648,25316,25326,10
12.8612203598,80.2265167236,25326,25336,10
12.8619804382,80.2265014648,25336,25346,10
12.8629598618,80.2264633179,25346,25356,10
12.8641004562,80.2264862061,25356,25366,10
12.8655004501,80.2265396118,25366,25375,9
12.8668498993,80.2264633179,25375,25387,12
12.8687095642,80.226348877,25387,25397,10
12.8702497482,80.2265167236,25397,25407,10
12.8717002869,80.2266082764,25407,25417,10
12.8727798462,80.2266235352,25417,25427,10
12.8729295731,80.2266387939,25427,25437,10
12.8730897903,80.2266693115,25437,25447,10
12.8737001419,80.2266921997,25447,25457,10
12.87458992,80.2267837524,25457,25467,10
12.8756599426,80.226890564,25467,25477,10
12.876660347,80.2268829346,25477,25508,31
12.876660347,80.2268829346,25508,25518,10
12.8769302368,80.2268981934,25518,25528,10
12.8775596619,80.2268295288,25528,25538,10
12.8785200119,80.2267379761,25538,25548,10
12.8796901703,80.2266769409,25548,25558,10
12.8810195923,80.2266616821,25558,25568,10
12.8824300766,80.2266387939,25568,25578,10
12.8837900162,80.2266387939,25578,25589,11
12.8849496841,80.2266235352,25589,25599,10
12.885140419,80.2266311646,25599,25609,10
12.8852396011,80.2266387939,25609,25619,10
12.8857698441,80.2267532349,25619,25629,10
12.8865804672,80.2269821167,25629,25639,10
12.8876199722,80.2272033691,25639,25649,10
12.8888502121,80.2273025513,25649,25659,10
12.8902196884,80.2273025513,25659,25669,10
12.8916597366,80.2272872925,25669,25679,10
12.892950058,80.2273864746,25679,25689,10
12.8943004608,80.2275466919,25689,25700,11
12.8958797455,80.2276306152,25700,25710,10
12.8973903656,80.2276992798,25710,25720,10
12.8988800049,80.2277984619,25720,25730,10
12.9000597,80.2278594971,25730,25740,10
12.9008798599,80.2279205322,25740,25750,10
12.9013204575,80.2279510498,25750,25760,10
12.9018297195,80.2279586792,25760,25770,10
12.9028997421,80.2279968262,25770,25790,20
12.9028997421,80.2279968262,25790,25800,10
12.9031400681,80.2280197144,25800,25811,11
12.9038896561,80.2280502319,25811,25821,10
12.904800415,80.2281188965,25821,25831,10
12.9057502747,80.2281570435,25831,25841,10
12.9061698914,80.2281723022,25841,25851,10
12.9063396454,80.2281570435,25851,25891,40
12.9063396454,80.2281570435,25891,25900,9
12.9064798355,80.2281723022,25900,25912,12
12.9068603516,80.2282409668,25912,25922,10
12.9075603485,80.2282867432,25922,25932,10
12.907699585,80.228302002,25932,25942,10
12.9081802368,80.2284011841,25942,25952,10
12.909070015,80.2285385132,25952,25962,10
12.9102296829,80.2287368774,25962,25972,10
12.9115600586,80.2289505005,25972,25982,10
12.9129400253,80.2291488647,25982,25992,10
12.9139404297,80.2292861938,25992,26002,10
12.9140396118,80.229309082,26002,26012,10
12.9144296646,80.2293701172,26012,26023,11
12.9153203964,80.2294998169,26023,26033,10
12.9164304733,80.2296829224,26033,26043,10
12.9177303314,80.2298583984,26043,26053,10
12.919090271,80.2300415039,26053,26063,10
12.9205303192,80.23021698,26063,26073,10
12.9220104218,80.2304000854,26073,26083,10
12.9234600067,80.2306289673,26083,26093,10
12.9248600006,80.2307891846,26093,26103,10
12.9259901047,80.2309036255,26103,26113,10
12.926320076,80.2309417725,26113,26124,11
12.9266300201,80.2309875488,26124,26134,10
12.9273395538,80.2310714722,26134,26144,10
12.9282598495,80.2311706543,26144,26154,10
12.929019928,80.2312774658,26154,26164,10
12.9297704697,80.2314529419,26164,26174,10
12.9307498932,80.2317428589,26174,26184,10
12.9319295883,80.2321395874,26184,26194,10
12.933139801,80.2325286865,26194,26204,10
12.9337100983,80.2327728271,26204,26214,10
12.9338903427,80.2328720093,26214,26224,10
12.9344596863,80.2331085205,26224,26235,11
12.9352798462,80.2334823608,26235,26245,10
12.936249733,80.2339172363,26245,26255,10
12.9373598099,80.2344436646,26255,26265,10
12.9385900497,80.2350692749,26265,26275,10
12.9395799637,80.2355575562,26275,26285,10
12.939740181,80.2356414795,26285,26295,10
12.9399204254,80.2357177734,26295,26305,10
12.940489769,80.2359085083,26305,26315,10
12.9413204193,80.2361297607,26315,26325,10
12.9423599243,80.2364120483,26325,26336,11
12.9435100555,80.2371292114,26336,26346,10
12.9444198608,80.2381210327,26346,26356,10
12.9452495575,80.2389984131,26356,26366,10
12.9462203979,80.2395477295,26366,26376,10
12.9470300674,80.2398834229,26376,26386,10
12.947259903,80.2399597168,26386,26396,10
12.9475097656,80.2400588989,26396,26406,10
12.9480695724,80.2402877808,26406,26416,10
12.9483995438,80.2404174805,26416,26426,10
12.9487104416,80.2405471802,26426,26435,9
12.9491796494,80.2407226563,26435,26447,12
12.9499702454,80.2409667969,26447,26457,10
12.9506702423,80.2411804199,26457,26467,10
12.9509401321,80.2412872314,26467,26477,10
12.9511003494,80.2413406372,26477,26487,10
12.9515895844,80.2415237427,26487,26497,10
12.9523200989,80.2417907715,26497,26507,10
12.9531803131,80.2421112061,26507,26517,10
12.9538097382,80.2423782349,26517,26527,10
12.9544401169,80.2426528931,26527,26537,10
12.955039978,80.2428512573,26537,26547,10
12.9557104111,80.2431182861,26547,26558,11
12.9563503265,80.2433929443,26558,26568,10
12.956489563,80.2434463501,26568,26578,10
12.9570398331,80.2436828613,26578,26588,10
12.9578104019,80.2440185547,26588,26598,10
12.9585599899,80.2443084717,26598,26608,10
12.958820343,80.2444076538,26608,26618,10
12.9589099884,80.2444381714,26618,26628,10
12.9593696594,80.244682312,26628,26638,10
12.9601097107,80.2450180054,26638,26647,9
12.9609804153,80.2453994751,26647,26659,12
12.9623098373,80.2460479736,26659,26669,10
12.9633102417,80.2465515137,26669,26699,30
12.9633102417,80.2465515137,26699,26709,10
12.963470459,80.2466583252,26709,26719,10
12.9639701843,80.2468566895,26719,26729,10
12.9647197723,80.2471389771,26729,26739,10
12.9656200409,80.2474517822,26739,26749,10
12.9664201736,80.2477416992,26749,26760,11
12.9664697647,80.247756958,26760,26770,10
12.9666900635,80.2479019165,26770,26780,10
12.9672498703,80.2481765747,26780,26790,10
12.9680995941,80.2485275269,26790,26800,10
12.9691495895,80.2489395142,26800,26810,10
12.9703798294,80.249420166,26810,26820,10
12.9716100693,80.2497787476,26820,26830,10
12.972869873,80.2501296997,26830,26840,10
12.9740896225,80.2504730225,26840,26850,10
12.9753503799,80.250831604,26850,26860,10
12.9766397476,80.2512130737,26860,26871,11
12.9777803421,80.2518005371,26871,26881,10
12.9784297943,80.2522583008,26881,26891,10
12.9785203934,80.2523193359,26891,26901,10
12.978969574,80.2525100708,26901,26911,10
12.9796495438,80.2526397705,26911,26921,10
12.9799900055,80.2527084351,26921,26931,10
12.9806699753,80.2526931763,26931,26941,10
12.9816198349,80.2526397705,26941,26951,10
12.9827003479,80.252571106,26951,26961,10
12.9837303162,80.2524414063,26961,26971,10
12.984749794,80.252166748,26971,26982,11
12.9857301712,80.2518997192,26982,26992,10
12.9866399765,80.2516708374,26992,27002,10
12.9875202179,80.2514038086,27002,27012,10
12.9878997803,80.2515182495,27012,27022,10
12.9880304337,80.2521209717,27022,27032,10
12.987950325,80.2530288696,27032,27042,10
12.9878902435,80.2538909912,27042,27052,10
12.9877996445,80.2547912598,27052,27062,10
12.987739563,80.2555465698,27062,27072,10
12.9878997803,80.2557678223,27072,27083,11
12.9884700775,80.255859375,27083,27093,10
12.9886398315,80.2558822632,27093,27103,10
12.988699913,80.2559204102,27103,27113,10
12.9891004562,80.2559509277,27113,27123,10
12.9898300171,80.2560424805,27123,27133,10
12.9906196594,80.2560195923,27133,27143,10
12.9912204742,80.2560577393,27143,27153,10
12.9919996262,80.2560806274,27153,27163,10
12.9930801392,80.2560119629,27163,27173,10
12.9940795898,80.2559585571,27173,27183,10
12.9949798584,80.2558898926,27183,27194,11
12.9960002899,80.2558822632,27194,27204,10
12.9964599609,80.2558898926,27204,27214,10
12.9968204498,80.2558898926,27214,27224,10
12.9971399307,80.2558898926,27224,27234,10
12.9976596832,80.2559204102,27234,27244,10
12.9989204407,80.2560882568,27244,27264,20
12.9989204407,80.2560882568,27264,27274,10
12.9989900589,80.2561416626,27274,27284,10
12.9991903305,80.2561187744,27284,27295,11
12.9994497299,80.256149292,27295,27305,10
12.9998903275,80.2562408447,27305,27315,10
13.0007095337,80.2564086914,27315,27325,10
13.0013999939,80.2565307617,27325,27335,10
13.0019197464,80.2566299438,27335,27345,10
13.002289772,80.2566986084,27345,27355,10
13.0027999878,80.2567901611,27355,27365,10
13.0033502579,80.2568664551,27365,27375,10
13.0040102005,80.256980896,27375,27385,10
13.0046195984,80.2571105957,27385,27395,10
13.0052499771,80.257232666,27395,27406,11
13.0060796738,80.2573776245,27406,27436,30
13.0060796738,80.2573776245,27436,27446,10
13.0062398911,80.2574310303,27446,27456,10
13.0064601898,80.2574768066,27456,27466,10
13.0065698624,80.2570724487,27466,27476,10
13.006529808,80.256149292,27476,27486,10
13.0065603256,80.2551803589,27486,27495,9
13.006529808,80.2545089722,27495,27507,12
13.0065603256,80.2535095215,27507,27517,10
13.0065603256,80.2528076172,27517,27527,10
13.0066900253,80.2525634766,27527,27537,10
13.0067100525,80.2532272339,27537,28112,575
13.006480217,80.2534790039,28112,28203,91
13.0066795349,80.2533035278,28203,28344,141
13.0065898895,80.2534103394,28344,29031,687
13.0064201355,80.2533798218,29031,29172,141
13.0066404343,80.2533493042,29172,29243,71
13.0066404343,80.2533493042,29243,29253,10
13.0066699982,80.2534713745,29253,29263,10
13.0066604614,80.2538223267,29263,29273,10
13.006649971,80.2543029785,29273,29283,10
13.0066299438,80.2545623779,29283,29293,10
13.0066299438,80.2550964355,29293,29303,10
13.0066299438,80.2558364868,29303,29313,10
13.0066204071,80.2565231323,29313,29323,10
13.0066404343,80.2568130493,29323,29332,9
13.0066699982,80.2569122314,29332,29344,12
13.0067300797,80.2573165894,29344,29354,10
13.006480217,80.2575836182,29354,29364,10
13.0059995651,80.2574310303,29364,29374,10
13.0054702759,80.2572479248,29374,29384,10
13.0047502518,80.2571182251,29384,29394,10
13.0040397644,80.2570037842,29394,29404,10
13.0033397675,80.2568588257,29404,29414,10
13.0025901794,80.2567214966,29414,29424,10
13.0021696091,80.2566375732,29424,29444,20
13.0021696091,80.2566375732,29444,29455,11
13.0018796921,80.2566223145,29455,29465,10
13.0012903214,80.2565307617,29465,29475,10
13.0005702972,80.2564620972,29475,29485,10
13.0000600815,80.2563018799,29485,29495,10
12.9998998642,80.2562637329,29495,29505,10
12.9997196198,80.2562179565,29505,29515,10
12.999329567,80.2561798096,29515,29525,10
12.9987401962,80.2560806274,29525,29545,20
12.9987401962,80.2560806274,29545,29555,10
12.9984502792,80.2560424805,29555,29566,11
12.9980697632,80.2559814453,29566,29576,10
12.9975404739,80.2559814453,29576,29586,10
12.9970998764,80.2559585571,29586,29596,10
12.9966001511,80.2559127808,29596,29606,10
12.9960899353,80.2558898926,29606,29616,10
12.9956903458,80.2559127808,29616,29626,10
12.9952201843,80.2558670044,29626,29636,10
12.994600296,80.2559127808,29636,29646,10
12.9939403534,80.2560195923,29646,29656,10
12.9931001663,80.256111145,29656,29667,11
12.9919996262,80.2561187744,29667,29677,10
12.9909801483,80.256072998,29677,29687,10
12.9904003143,80.2560272217,29687,29697,10
12.9897899628,80.2559890747,29697,29707,10
12.9890003204,80.2559509277,29707,29717,10
12.9884195328,80.2559432983,29717,29747,30
12.9884195328,80.2559432983,29747,29757,10
12.9880199432,80.2558135986,29757,29767,10
12.9875602722,80.2557601929,29767,29778,11
12.9869298935,80.2556686401,29778,29788,10
12.9863004684,80.2555465698,29788,29798,10
12.986120224,80.2555236816,29798,29808,10
12.9860296249,80.2554931641,29808,29818,10
12.9857301712,80.2554702759,29818,29828,10
12.9852304459,80.2553024292,29828,29838,10
12.9846401215,80.2551422119,29838,29848,10
12.9840602875,80.2550201416,29848,29858,10
12.9833297729,80.2548217773,29858,29868,10
12.9827003479,80.2546386719,29868,29877,9
12.9821901321,80.2543029785,29877,29889,12
12.9818601608,80.2535095215,29889,29899,10
12.9816303253,80.2528915405,29899,29909,10
12.9811401367,80.2528076172,29909,29919,10
12.9808101654,80.2527999878,29919,29939,20
12.9808101654,80.2527999878,29939,29949,10
12.9804897308,80.2528076172,29949,29959,10
12.9800195694,80.2527618408,29959,29969,10
12.9793100357,80.2526779175,29969,29978,9
12.978679657,80.2525787354,29978,29990,12
12.9785404205,80.2525177002,29990,30000,10
12.9783401489,80.2523803711,30000,30010,10
12.9778499603,80.2519607544,30010,30020,10
12.9771003723,80.2514266968,30020,30030,10
12.9760198593,80.251083374,30030,30040,10
12.974820137,80.2507171631,30040,30050,10
12.9736204147,80.2503967285,30050,30060,10
12.9723796844,80.2500610352,30060,30070,10
12.9710502625,80.249710083,30070,30080,10
12.9696702957,80.2492294312,30080,30090,10
12.9683103561,80.2486572266,30090,30101,11
12.9669599533,80.2481002808,30101,30111,10
12.9662303925,80.2477722168,30111,30121,10
12.965089798,80.2473602295,30121,30141,20
12.965089798,80.2473602295,30141,30151,10
12.9648103714,80.2472763062,30151,30161,10
12.9643001556,80.2470932007,30161,30171,10
12.9638900757,80.2469329834,30171,30181,10
12.9634199142,80.246711731,30181,30191,10
12.9626998901,80.246383667,30191,30202,11
12.9617204666,80.245880127,30202,30212,10
12.9608297348,80.2454376221,30212,30222,10
12.9600801468,80.2450866699,30222,30232,10
12.959400177,80.244758606,30232,30242,10
12.9585599899,80.2443771362,30242,30252,10
12.957859993,80.244140625,30252,30262,10
12.9576797485,80.244102478,30262,30272,10
12.9572696686,80.2439422607,30272,30282,10
12.9566698074,80.2436599731,30282,30333,51
12.956489563,80.2436599731,30333,30353,20
12.956489563,80.2436599731,30353,30363,10
12.9563102722,80.2435836792,30363,30373,10
12.9558200836,80.2433395386,30373,30383,10
12.9551095963,80.243019104,30383,30393,10
12.9542303085,80.2426376343,30393,30403,10
12.9532699585,80.2422485352,30403,30413,10
12.9518604279,80.2417526245,30413,30434,21
12.9518604279,80.2417526245,30434,30444,10
12.9515695572,80.2416610718,30444,30454,10
12.9509601593,80.2414398193,30454,30464,10
12.9501399994,80.2411804199,30464,30474,10
12.9495201111,80.2409820557,30474,30484,10
12.9494895935,80.2409667969,30484,30494,10
12.9493598938,80.2409286499,30494,30503,9
12.9490499496,80.2408065796,30503,30514,11
12.9483699799,80.2405166626,30514,30524,10
12.9475898743,80.240196228,30524,30535,11
12.9469604492,80.2399597168,30535,30545,10
12.9462795258,80.2396697998,30545,30555,10
12.9430999756,80.2369537354,30555,30595,40
12.9430999756,80.2369537354,30595,30615,20
12.9413404465,80.2362518311,30615,30625,10
12.9404096603,80.2360305786,30625,30634,9
12.9398698807,80.2358627319,30634,30666,32
12.9398698807,80.2358627319,30666,30676,10
12.9395503998,80.2356796265,30676,30686,10
12.938949585,80.2353897095,30686,30696,10
12.9381904602,80.2350082397,30696,30706,10
12.9373197556,80.2345809937,30706,30716,10
12.9363803864,80.2341308594,30716,30726,10
12.9355697632,80.233757019,30726,30736,10
12.9346399307,80.2333374023,30736,30747,11
12.933930397,80.2330474854,30747,30777,30
12.933930397,80.2330474854,30777,30787,10
12.9336299896,80.2329330444,30787,30797,10
12.9332304001,80.2327270508,30797,30807,10
12.9326896667,80.2324981689,30807,30817,10
12.9319496155,80.2322387695,30817,30827,10
12.9310598373,80.2319412231,30827,30837,10
12.9300603867,80.2316513062,30837,30847,10
12.9291296005,80.2314224243,30847,30858,11
12.9280500412,80.2312164307,30858,30868,10
12.9269104004,80.2311019897,30868,30878,10
12.9260101318,80.2309799194,30878,30888,10
12.9251003265,80.2308883667,30888,30898,10
12.9240999222,80.2307662964,30898,30908,10
12.92304039,80.2306518555,30908,30918,10
12.9219198227,80.23046875,30918,30928,10
12.9207296371,80.2303085327,30928,30937,9
12.9196796417,80.2301712036,30937,30948,11
12.918510437,80.2300109863,30948,30959,11
12.9173803329,80.2298736572,30959,30969,10
12.9166698456,80.2297515869,30969,30979,10
12.9157800674,80.2296295166,30979,30989,10
12.9148597717,80.2295227051,30989,30999,10
12.913860321,80.2293395996,30999,31009,10
12.9133996964,80.2293014526,31009,31039,30
12.9133996964,80.2293014526,31039,31049,10
12.9132900238,80.2292633057,31049,31059,10
12.9129295349,80.2292175293,31059,31070,11
12.912229538,80.2291488647,31070,31080,10
12.9113998413,80.229019165,31080,31090,10
12.9104795456,80.2288894653,31090,31100,10
12.909620285,80.2287521362,31100,31110,10
12.909119606,80.2286834717,31110,31120,10
12.9089002609,80.2286376953,31120,31130,10
12.9084196091,80.228553772,31130,31140,10
12.9077596664,80.2284088135,31140,31150,10
12.9070701599,80.2283325195,31150,31160,10
12.9064998627,80.2282791138,31160,31170,10
12.905670166,80.2282180786,31170,31181,11
12.9045495987,80.2281494141,31181,31191,10
12.9035997391,80.2281112671,31191,31201,10
12.902680397,80.2281036377,31201,31261,60
12.902680397,80.2281036377,31261,31271,10
12.9026098251,80.2281036377,31271,31282,11
12.9021997452,80.2280807495,31282,31292,10
12.9017696381,80.2280502319,31292,31302,10
12.9013900757,80.2280273438,31302,31312,10
12.90102005,80.2279510498,31312,31322,10
12.9004602432,80.227897644,31322,31332,10
12.8996496201,80.2278900146,31332,31342,10
12.8990402222,80.2278671265,31342,31352,10
12.8987197876,80.2278823853,31352,31372,20
12.8987197876,80.2278823853,31372,31382,10
12.8985300064,80.2278823853,31382,31393,11
12.8983097076,80.2278366089,31393,31403,10
12.8980503082,80.2278366089,31403,31413,10
12.8977403641,80.2278137207,31413,31423,10
12.8972702026,80.2277679443,31423,31433,10
12.8967399597,80.2277374268,31433,31443,10
12.8960504532,80.2277069092,31443,31453,10
12.8953104019,80.2276687622,31453,31463,10
12.894610405,80.2276382446,31463,31473,10
12.8941001892,80.2275924683,31473,31483,10
12.8937501907,80.2275695801,31483,31493,10
12.8934602737,80.2275390625,31493,31594,101
12.8934602737,80.2275390625,31594,31603,9
12.8933401108,80.2275238037,31603,31615,12
12.8929004669,80.2274475098,31615,31625,10
12.8925504684,80.2274093628,31625,31635,10
12.8919801712,80.2273635864,31635,31645,10
12.8912000656,80.2273635864,31645,31655,10
12.8902702332,80.2273635864,31655,31665,10
12.8892498016,80.2273635864,31665,31675,10
12.8882904053,80.2273330688,31675,31685,10
12.8872699738,80.2272033691,31685,31695,10
12.8862495422,80.2269821167,31695,31705,10
12.8854799271,80.2267913818,31705,31715,10
12.8848400116,80.2267074585,31715,31726,11
12.884059906,80.2267074585,31726,31736,10
12.8831796646,80.2267227173,31736,31746,10
12.8821496964,80.2267379761,31746,31756,10
12.8810300827,80.2267532349,31756,31766,10
12.8798599243,80.2267608643,31766,31776,10
12.878660202,80.2268066406,31776,31786,10
12.8777999878,80.2268981934,31786,31796,10
12.8775196075,80.2269287109,31796,31806,10
12.8774995804,80.2269287109,31806,31816,10
12.8773899078,80.2269287109,31816,31827,11
12.8768997192,80.2269821167,31827,31847,20
12.8768997192,80.2269821167,31847,31857,10
12.8766098022,80.2269897461,31857,31867,10
12.8761501312,80.2270126343,31867,31877,10
12.875459671,80.2269668579,31877,31887,10
12.8746404648,80.2268600464,31887,31897,10
12.8736696243,80.2267379761,31897,31906,9
12.8728704453,80.2266998291,31906,31917,11
12.8722801208,80.2267303467,31917,31927,10
12.8721599579,80.2267227173,31927,31938,11
12.872130394,80.2267303467,31938,31948,10
12.8718004227,80.2267227173,31948,31958,10
12.8712301254,80.2266769409,31958,31968,10
12.870470047,80.2266311646,31968,31978,10
12.8696203232,80.2265319824,31978,31988,10
12.8686599731,80.2264175415,31988,31998,10
12.8676996231,80.2264480591,31998,32008,10
12.8669996262,80.2265014648,32008,32018,10
12.8662900925,80.2265625,32018,32028,10
12.865530014,80.2266235352,32028,32037,9
12.8647003174,80.2265930176,32037,32049,12
12.8634796143,80.2265472412,32049,32059,10
12.8623800278,80.2265777588,32059,32069,10
12.8613395691,80.2266311646,32069,32079,10
12.8605298996,80.2265930176,32079,32089,10
12.8604402542,80.2265777588,32089,32099,10
12.8603000641,80.2265625,32099,32109,10
12.8597803116,80.2264785767,32109,32118,9
12.85916996,80.2263870239,32118,32129,11
12.8584804535,80.2263031006,32129,32139,10
12.8577299118,80.2262802124,32139,32149,10
12.8568897247,80.226348877,32149,32160,11
12.8558301926,80.2264480591,32160,32170,10
12.8547401428,80.2265777588,32170,32180,10
12.8535995483,80.2266998291,32180,32190,10
12.8524103165,80.2266998291,32190,32200,10
12.8512401581,80.2266464233,32200,32210,10
12.8501996994,80.2266235352,32210,32240,30
12.8501996994,80.2266235352,32240,32249,9
12.8499202728,80.226600647,32249,32261,12
12.8492298126,80.2266082764,32261,32271,10
12.8484296799,80.226600647,32271,32281,10
12.847700119,80.2265930176,32281,32291,10
12.8476295471,80.2266235352,32291,32301,10
12.8472700119,80.2266235352,32301,32311,10
12.8469200134,80.2266235352,32311,32341,30
12.8469200134,80.2266235352,32341,32351,10
12.8466100693,80.2266387939,32351,32361,10
12.8464899063,80.2266311646,32361,32372,11
12.8461799622,80.2266235352,32372,32412,40
12.8461799622,80.2266235352,32412,32422,10
12.845990181,80.2266235352,32422,32432,10
12.8457202911,80.226600647,32432,32442,10
12.8452997208,80.2266082764,32442,32452,10
12.8447303772,80.2266387939,32452,32493,41
12.8447303772,80.2266387939,32493,32503,10
12.8443603516,80.2266616821,32503,32513,10
12.8437595367,80.2267379761,32513,32523,10
12.8430995941,80.2268676758,32523,32533,10
12.8421297073,80.2269973755,32533,32543,10
12.841170311,80.2273025513,32543,32553,10
12.8406000137,80.2275085449,32553,32604,51
12.8403301239,80.2276229858,32604,32644,40
12.8399496078,80.2277374268,32644,32674,30
12.8399496078,80.2277374268,32674,32684,10
12.8397102356,80.2278213501,32684,32695,11
12.8391399384,80.2279129028,32695,32705,10
12.8383703232,80.2280807495,32705,32715,10
12.8374500275,80.2282409668,32715,32725,10
12.8363304138,80.2284317017,32725,32735,10
12.8350801468,80.2286224365,32735,32745,10
12.8337497711,80.2288284302,32745,32755,10
12.8322896957,80.2291412354,32755,32795,40
12.8322896957,80.2291412354,32795,32806,11
12.8322095871,80.2291793823,32806,32816,10
12.8320198059,80.2292175293,32816,32826,10
12.8317604065,80.2292175293,32826,32836,10
12.8312301636,80.2293930054,32836,32846,10
12.8305702209,80.2296066284,32846,32856,10
12.830160141,80.2297897339,32856,32866,10
12.829990387,80.2298583984,32866,32875,9
12.8295602798,80.2300415039,32875,32886,11
12.8287601471,80.2304077148,32886,32896,10
12.8278903961,80.2309112549,32896,32906,10
12.8268499374,80.231338501,32906,32917,11
12.825460434,80.2314300537,32917,32927,10
12.8242397308,80.231262207,32927,32937,10
12.8229999542,80.2309036255,32937,32947,10
12.8217201233,80.2305374146,32947,32957,10
12.8206396103,80.2304611206,32957,32967,10
12.8195295334,80.2304992676,32967,32977,10
12.8188800812,80.2304763794,32977,32987,10
12.8187704086,80.2304382324,32987,32997,10
12.8183202744,80.2301864624,32997,33007,10
12.8175697327,80.2298431396,33007,33017,10
12.8165903091,80.2295074463,33017,33028,11
12.8152503967,80.229309082,33028,33038,10
12.8139400482,80.2290725708,33038,33048,10
12.8126602173,80.2286682129,33048,33058,10
12.8113203049,80.2281723022,33058,33068,10
12.8100004196,80.2276382446,33068,33078,10
12.8088302612,80.2269515991,33078,33088,10
12.8077201843,80.2260284424,33088,33098,10
12.8066902161,80.225151062,33098,33108,10
12.8058300018,80.2243804932,33108,33118,10
12.8049898148,80.2240066528,33118,33129,11
12.8047800064,80.2239685059,33129,33139,10
12.8044500351,80.2239074707,33139,33149,10
12.8037900925,80.2238769531,33149,33159,10
12.8028802872,80.223777771,33159,33169,10
12.8018302917,80.2236328125,33169,33179,10
12.8008403778,80.2235717773,33179,33199,20
12.8008403778,80.2235717773,33199,33209,10
12.8005504608,80.2235565186,33209,33219,10
12.7998695374,80.2235336304,33219,33229,10
12.7990102768,80.2234115601,33229,33240,11
12.7976703644,80.2232284546,33240,33250,10
12.7964801788,80.2230377197,33250,33260,10
12.7959699631,80.2229690552,33260,33270,10
12.7959604263,80.2229690552,33270,33280,10
12.7955303192,80.2228775024,33280,33290,10
12.7947998047,80.2227478027,33290,33300,10
12.7938299179,80.2225875854,33300,33310,10
12.7926502228,80.2224197388,33310,33320,10
12.7914104462,80.2221298218,33320,33330,10
12.7902202606,80.2218170166,33330,33340,10
12.7895402908,80.2216415405,33340,33351,11
12.7890996933,80.2214279175,33351,33361,10
12.788479805,80.2211914063,33361,33371,10
12.7877902985,80.220916748,33371,33381,10
12.7871904373,80.220703125,33381,33391,10
12.7868099213,80.2205734253,33391,33401,10
12.78647995,80.220451355,33401,33421,20
12.78647995,80.220451355,33421,33431,10
12.7863702774,80.2203903198,33431,33441,10
12.7861499786,80.2202911377,33441,33452,11
12.7858695984,80.220161438,33452,33462,10
12.785320282,80.2199020386,33462,33472,10
12.7849397659,80.2197494507,33472,34097,625
12.7849397659,80.2197494507,34097,34108,11
12.7848100662,80.2197036743,34108,34118,10
12.7844104767,80.2194671631,34118,34128,10
12.7836904526,80.2190628052,34128,34138,10
12.782699585,80.2185134888,34138,34148,10
12.7814998627,80.2178497314,34148,34158,10
12.7802295685,80.2171630859,34158,34168,10
12.7790002823,80.2164916992,34168,34178,10
12.7776899338,80.2158584595,34178,34188,10
12.7762804031,80.2152709961,34188,34198,10
12.7748298645,80.2146911621,34198,34207,9
12.7735099792,80.2141571045,34207,34219,12
12.7717695236,80.2135009766,34219,34229,10
12.7707796097,80.2131500244,34229,34239,10
12.7708501816,80.2128372192,34239,34249,10
12.7709197998,80.212600708,34249,34259,10
12.7709598541,80.2119369507,34259,34269,10
12.7713603973,80.2109909058,34269,34279,10
12.7719697952,80.2098617554,34279,34289,10
12.7724304199,80.2085723877,34289,34298,9
12.772769928,80.2074203491,34298,34309,11
12.7731704712,80.2060699463,34309,34319,10
12.7733802795,80.2050018311,34319,34330,11
12.7735204697,80.203666687,34330,34340,10
12.7737798691,80.2025909424,34340,34350,10
12.7738704681,80.2015075684,34350,34360,10
12.773900032,80.2011184692,34360,34370,10
12.7739200592,80.2010192871,34370,34380,10
12.7739696503,80.2004623413,34380,34390,10
12.7740402222,80.1995773315,34390,34400,10
12.774140358,80.1984481812,34400,34410,10
12.7741804123,80.1972808838,34410,34420,10
12.7742300034,80.1967926025,34420,34431,11
12.7742395401,80.1966171265,34431,34441,10
12.7742700577,80.1959381104,34441,34451,10
12.7743797302,80.1949996948,34451,34461,10
12.774600029,80.1939086914,34461,34471,10
12.7747097015,80.1935882568,34471,34481,10
12.7748498917,80.1931381226,34481,34491,10
12.7753295898,80.1924591064,34491,34501,10
12.7753095627,80.1918716431,34501,34510,9
12.775179863,80.1912689209,34510,34521,11
12.7745895386,80.1903610229,34521,34531,10
12.7736101151,80.1895370483,34531,34542,11
12.7721300125,80.1890029907,34542,34552,10
12.771109581,80.1884384155,34552,34562,10
12.7709503174,80.1872177124,34562,34572,10
12.7707901001,80.1859664917,34572,34582,10
12.7707099915,80.1848373413,34582,34592,10
12.7703695297,80.1846084595,34592,34602,10
12.7702302933,80.1845703125,34602,34612,10
12.7696399689,80.184387207,34612,34622,10
12.7690095901,80.1840591431,34622,34632,10
12.7685699463,80.1836776733,34632,34642,10
12.7680797577,80.1833877563,34642,34653,11
12.7672595978,80.1830825806,34653,34663,10
12.7663602829,80.1827087402,34663,34673,10
12.7656602859,80.1826171875,34673,34683,10
12.7649097443,80.182510376,34683,34693,10
12.7636499405,80.1823501587,34693,34774,81
12.7636499405,80.1823501587,34774,34784,10
12.7634601593,80.1823425293,34784,34794,10
12.7633495331,80.1827926636,34794,34804,10
12.7631702423,80.1834716797,34804,34814,10
12.7630195618,80.1839828491,34814,34824,10
12.7630500793,80.1844482422,34824,34834,10
12.7629098892,80.1849899292,34834,34844,10
12.7624702454,80.1849212646,34844,34853,9
12.7618999481,80.1849136353,34853,34865,12
12.7615499496,80.184753418,34865,34905,40
12.7615499496,80.184753418,34905,34915,10
12.7615499496,80.1848526001,34915,34925,10
12.7618598938,80.1849212646,34925,35248,323
12.7618598938,80.1849212646,35248,35258,10
12.7619800568,80.1849517822,35258,35268,10
12.7623195648,80.1849365234,35268,35278,10
12.7625999451,80.1849594116,35278,35287,9
12.7628698349,80.1849899292,35287,35299,12
12.7630195618,80.1846694946,35299,35309,10
12.7630300522,80.1843795776,35309,35319,10
12.763010025,80.1841201782,35319,35329,10
12.7630500793,80.1838607788,35329,35339,10
12.763130188,80.1835708618,35339,35349,10
12.7631397247,80.1835403442,35349,35359,10
12.7631998062,80.1834182739,35359,35369,10
12.7632703781,80.1830978394,35369,35379,10
12.7633895874,80.1826629639,35379,35389,10
12.7637195587,80.1824417114,35389,35399,10
12.7643098831,80.1825027466,35399,35410,11
12.7649698257,80.1825637817,35410,35420,10
12.7656097412,80.1826171875,35420,35430,10
12.7662000656,80.1827011108,35430,35440,10
12.7667703629,80.1828765869,35440,35450,10
12.7673797607,80.1831512451,35450,35460,10
12.7679195404,80.18334198,35460,35470,10
12.7684402466,80.1835784912,35470,35479,9
12.7687797546,80.1839065552,35479,35490,11
12.7691698074,80.184211731,35490,35510,20
12.7691698074,80.184211731,35510,35521,11
12.7692899704,80.1842727661,35521,35531,10
12.7695999146,80.1844024658,35531,35541,10
12.7700395584,80.1845474243,35541,35551,10
12.7705602646,80.1846923828,35551,35561,10
12.7707500458,80.1851577759,35561,35571,10
12.7707796097,80.1858596802,35571,35581,10
12.7708702087,80.1865692139,35581,35591,10
12.770939827,80.1870269775,35591,35600,9
12.7709598541,80.187210083,35600,35611,11
12.7710103989,80.1877593994,35611,35622,11
12.7712202072,80.1886520386,35622,35632,10
12.7720899582,80.1890182495,35632,35642,10
12.7731800079,80.189453125,35642,35652,10
12.7742595673,80.1900024414,35652,35662,10
12.7750701904,80.1909408569,35662,35670,8
12.7753400803,80.19190979,35670,35683,13
12.7750701904,80.1929397583,35683,35693,10
12.7749204636,80.1931228638,35693,35703,10
12.7747497559,80.1935424805,35703,35713,10
12.7746696472,80.1937866211,35713,35722,9
12.7746295929,80.193939209,35722,35734,12
12.7744598389,80.1947021484,35734,35744,10
12.7742795944,80.1955490112,35744,35754,10
12.7742300034,80.1963424683,35754,35764,10
12.7742204666,80.1970672607,35764,35774,10
12.774189949,80.1978225708,35774,35784,10
12.774140358,80.198677063,35784,35794,10
12.7740402222,80.1996994019,35794,35804,10
12.7739200592,80.2011566162,35804,35824,20
12.7739200592,80.2011566162,35824,35835,11
12.7739095688,80.2013778687,35835,35845,10
12.7738599777,80.2019882202,35845,35855,10
12.7737798691,80.2027816772,35855,35865,10
12.7735595703,80.2037811279,35865,35875,10
12.7734203339,80.2050018311,35875,35885,10
12.7731704712,80.206161499,35885,35895,10
12.7728500366,80.2072296143,35895,35905,10
12.7725801468,80.2082824707,35905,35915,10
12.7722501755,80.2092895508,35915,35925,10
12.7718496323,80.2102279663,35925,35934,9
12.7714796066,80.2109298706,35934,35946,12
12.7710504532,80.2118606567,35946,35956,10
12.7709302902,80.212638855,35956,35966,10
12.7708501816,80.2130737305,35966,35976,10
12.770939827,80.2131271362,35976,35986,10
12.771109581,80.2132034302,35986,35996,10
12.7715101242,80.2133407593,35996,36006,10
12.7721204758,80.2135620117,36006,36016,10
12.7729101181,80.2138366699,36016,36026,10
12.7738199234,80.2142028809,36026,36036,10
12.7748003006,80.2145767212,36036,36046,10
12.7758398056,80.2150115967,36046,36057,11
12.7770795822,80.2155227661,36057,36067,10
12.7782802582,80.2160263062,36067,36077,10
12.7793302536,80.2165985107,36077,36087,10
12.7803401947,80.2171478271,36087,36097,10
12.7813501358,80.2176818848,36097,36107,10
12.78221035,80.2181625366,36107,36117,10
12.7830400467,80.2186126709,36117,36127,10
12.783829689,80.2190628052,36127,36137,10
12.7844200134,80.2193984985,36137,36147,10
12.7849197388,80.2196807861,36147,36157,10
12.785369873,80.2199172974,36157,36168,11
12.7857704163,80.220123291,36168,36178,10
12.786239624,80.2202987671,36178,36228,50
12.786450386,80.2204284668,36228,36248,20
12.786450386,80.2204284668,36248,36258,10
12.7867202759,80.2205429077,36258,36268,10
12.7870197296,80.2206420898,36268,36279,11
12.7877397537,80.2208709717,36279,36289,10
12.7883796692,80.2211074829,36289,36299,10
12.7890501022,80.2213516235,36299,36309,10
12.7896299362,80.2215805054,36309,36319,10
12.7903995514,80.2218093872,36319,36329,10
12.7915096283,80.222076416,36329,36339,10
12.7928104401,80.222366333,36339,36349,10
12.7941503525,80.2225570679,36349,36359,10
12.79529953,80.2227630615,36359,36368,9
12.7960300446,80.2229003906,36368,36380,12
12.7966299057,80.2230300903,36380,36390,10
12.7974996567,80.2231903076,36390,36400,10
12.7985897064,80.2233200073,36400,36410,10
12.7996196747,80.2233963013,36410,36420,10
12.8008403778,80.2235107422,36420,36430,10
12.8020200729,80.2236328125,36430,36440,10
12.8029003143,80.223739624,36440,36450,10
12.803609848,80.2238235474,36450,36460,10
12.8043603897,80.2238693237,36460,36470,10
12.8050603867,80.2239837646,36470,36480,10
12.8056297302,80.2241592407,36480,36491,11
12.8062400818,80.2246398926,36491,36501,10
12.8070898056,80.225402832,36501,36511,10
12.8081302643,80.2262878418,36511,36521,10
12.809220314,80.2271728516,36521,36531,10
12.8104400635,80.2277679443,36531,36541,10
12.8117599487,80.228302002,36541,36551,10
12.812959671,80.228729248,36551,36561,10
12.8141298294,80.2291030884,36561,36571,10
12.8154697418,80.2293167114,36571,36581,10
12.8168897629,80.2295608521,36581,36591,10
12.8179998398,80.2300109863,36591,36602,11
12.8191604614,80.2304534912,36602,36612,10
12.8198604584,80.230430603,36612,36622,10
12.8204402924,80.2304077148,36622,36632,10
12.8214502335,80.230430603,36632,36642,10
12.8226804733,80.23072052,36642,36652,10
12.8240604401,80.2311019897,36652,36662,10
12.8254003525,80.231338501,36662,36672,10
12.8267297745,80.231262207,36672,36682,10
12.8278503418,80.2308197021,36682,36692,10
12.8288698196,80.2302627563,36692,36703,11
12.8299198151,80.2297973633,36703,36713,10
12.8308000565,80.2294311523,36713,36723,10
12.8310699463,80.2293319702,36723,36733,10
12.8313302994,80.2292327881,36733,36743,10
12.8316001892,80.2291564941,36743,36753,10
12.8318099976,80.2291183472,36753,36763,10
12.8324098587,80.2289886475,36763,36773,10
12.8333301544,80.2288208008,36773,36783,10
12.83452034,80.2285995483,36783,36793,10
12.8358697891,80.2284011841,36793,36802,9
12.8371200562,80.2282104492,36802,36814,12
12.838640213,80.227897644,36814,36824,10
12.8391799927,80.2277374268,36824,36874,50
12.8391799927,80.2277374268,36874,36884,10
12.839679718,80.2276535034,36884,36894,10
12.8403301239,80.2274627686,36894,36904,10
12.8412399292,80.2272109985,36904,36913,9
12.8422403336,80.2269592285,36913,36925,12
12.8436098099,80.2267227173,36925,36935,10
12.84471035,80.2265930176,36935,36945,10
12.8453998566,80.2265167236,36945,36955,10
12.845410347,80.2265167236,36955,36965,10
12.8455600739,80.2265319824,36965,36975,10
12.8458995819,80.2265167236,36975,36985,10
12.8462295532,80.2265090942,36985,36995,10
12.8470401764,80.2265014648,36995,37005,10
12.8480100632,80.2265167236,37005,37015,10
12.8491201401,80.2265167236,37015,37025,10
12.8503904343,80.2265014648,37025,37036,11
12.8518695831,80.2265777588,37036,37046,10
12.8531198502,80.2266387939,37046,37056,10
12.8544597626,80.2265090942,37056,37066,10
12.855890274,80.226348877,37066,37076,10
12.857339859,80.2261962891,37076,37086,10
12.858590126,80.2261886597,37086,37096,10
12.859919548,80.2263870239,37096,37106,10
12.8613300323,80.2265090942,37106,37116,10
12.8626699448,80.2264709473,37116,37126,10
12.8638000488,80.2264709473,37126,37137,11
12.8652496338,80.2265319824,37137,37147,10
12.8667402267,80.2264480591,37147,37157,10
12.8682804108,80.22631073,37157,37167,10
12.8698101044,80.2264404297,37167,37177,10
12.8713502884,80.2265777588,37177,37187,10
12.8726596832,80.2266082764,37187,37197,10
12.8739595413,80.2266769409,37197,37207,10
12.8753900528,80.226852417,37207,37217,10
12.8763904572,80.2268676758,37217,37227,10
12.8767700195,80.2268371582,37227,37236,9
12.8768196106,80.2268295288,37236,37248,12
12.8774299622,80.2267990112,37248,37258,10
12.8782997131,80.2267303467,37258,37268,10
12.8794698715,80.2266769409,37268,37278,10
12.8808097839,80.2266616821,37278,37288,10
12.882229805,80.2266464233,37288,37298,10
12.8836402893,80.2266311646,37298,37308,10
12.8848800659,80.2266082764,37308,37318,10
12.885219574,80.2266387939,37318,37328,10
12.8855495453,80.2266998291,37328,37338,10
12.8862600327,80.2268829346,37338,37348,10
12.8872499466,80.2271194458,37348,37359,11
12.8885202408,80.2272720337,37359,37369,10
12.8893604279,80.2272720337,37369,37379,10
12.8900604248,80.2272720337,37379,37389,10
12.8910102844,80.2272720337,37389,37399,10
12.8921899796,80.2273025513,37399,37409,10
12.8933601379,80.2274093628,37409,37419,10
12.8946895599,80.2275466919,37419,37429,10
12.8960800171,80.2276077271,37429,37439,10
12.8972797394,80.2276687622,37439,37449,10
12.8985700607,80.227722168,37449,37458,9
12.899479866,80.2277679443,37458,37470,12
12.9001398087,80.2277526855,37470,37480,10
12.9004898071,80.2277908325,37480,37510,30
12.9004898071,80.2277908325,37510,37520,10
12.9007501602,80.2277984619,37520,37530,10
12.90102005,80.2278594971,37530,37540,10
12.9014396667,80.2279205322,37540,37550,10
12.902130127,80.2279510498,37550,37560,10
12.902759552,80.2279510498,37560,37571,11
12.9028396606,80.2279510498,37571,37581,10
12.9030199051,80.2279815674,37581,37591,10
12.903670311,80.228012085,37591,37601,10
12.9043798447,80.2280502319,37601,37611,10
12.9047603607,80.2281036377,37611,37651,40
12.9047603607,80.2281036377,37651,37661,10
12.9051504135,80.2281188965,37661,37671,10
12.9054002762,80.2281265259,37671,37682,11
12.9057302475,80.2281570435,37682,37692,10
12.9060602188,80.2281494141,37692,37702,10
12.9063196182,80.2281265259,37702,37712,10
12.90666008,80.2281570435,37712,37722,10
12.9069099426,80.2282104492,37722,37732,10
12.9072198868,80.2282714844,37732,37742,10
12.907959938,80.2283630371,37742,37751,9
12.9087696075,80.2284927368,37751,37762,11
12.9100103378,80.2286834717,37762,37772,10
12.9112501144,80.2288589478,37772,37782,10
12.9125099182,80.2290496826,37782,37793,11
12.9137401581,80.2292175293,37793,37803,10
12.9139795303,80.2292480469,37803,37813,10
12.914150238,80.2292785645,37813,37823,10
12.9146900177,80.2293624878,37823,37833,10
12.9155702591,80.2294769287,37833,37843,10
12.9166002274,80.229637146,37843,37853,10
12.9178104401,80.2297897339,37853,37863,10
12.9191799164,80.2300033569,37863,37873,10
12.9205598831,80.2301635742,37873,37883,10
12.9219398499,80.2303390503,37883,37894,11
12.9233198166,80.2305603027,37894,37904,10
12.9245796204,80.2306976318,37904,37914,10
12.925740242,80.2308578491,37914,37924,10
12.9263896942,80.2309188843,37924,37934,10
12.9264497757,80.2309188843,37934,37944,10
12.9269399643,80.2309799194,37944,37954,10
12.927740097,80.2310791016,37954,37964,10
12.9286203384,80.2312011719,37964,37974,10
12.9293298721,80.2313232422,37974,37984,10
12.9302101135,80.2315292358,37984,37993,9
12.931139946,80.231842041,37993,38005,12
12.932299614,80.2322311401,38005,38015,10
12.9336700439,80.2327423096,38015,38035,20
12.9336700439,80.2327423096,38035,38045,10
12.9340000153,80.2329025269,38045,38055,10
12.9347200394,80.2332077026,38055,38065,10
12.9355897903,80.2336425781,38065,38075,10
12.93653965,80.2340774536,38075,38085,10
12.9374103546,80.2345428467,38085,38095,10
12.9383001328,80.2349472046,38095,38104,9
12.9390897751,80.2353363037,38104,38116,12
12.9397201538,80.2356109619,38116,38126,10
12.9398002625,80.2356414795,38126,38136,10
12.9401903152,80.2358093262,38136,38146,10
12.9408397675,80.236000061,38146,38156,10
12.9416503906,80.2361984253,38156,38166,10
12.9426698685,80.2365188599,38166,38176,10
12.9436302185,80.2373199463,38176,38186,10
12.944560051,80.2383422852,38186,38196,10
12.9454803467,80.2391967773,38196,38206,10
12.9464797974,80.2396469116,38206,38217,11
12.9473104477,80.2399597168,38217,38237,20
12.9473104477,80.2399597168,38237,38247,10
12.9475803375,80.2400817871,38247,38257,10
12.9481201172,80.2402877808,38257,38267,10
12.9487800598,80.2405471802,38267,38277,10
12.949259758,80.240737915,38277,38287,10
12.949930191,80.2409515381,38287,38297,10
12.9503698349,80.2410964966,38297,38307,10
12.9508399963,80.2412796021,38307,38317,10
12.9511899948,80.2413787842,38317,38328,11
12.9514904022,80.2414779663,38328,38338,10
12.9519300461,80.2416381836,38338,38348,10
12.9526195526,80.2418899536,38348,38358,10
12.9533901215,80.2421875,38358,38368,10
12.953909874,80.2424087524,38368,38378,10
12.9544696808,80.2426223755,38378,38388,10
12.9550695419,80.2428436279,38388,38398,10
12.9557199478,80.2431182861,38398,38408,10
12.9559803009,80.2431869507,38408,38418,10
12.9561500549,80.2432403564,38418,38428,10
12.9562797546,80.2432937622,38428,38439,11
12.956489563,80.2433624268,38439,38449,10
12.9570999146,80.243637085,38449,38459,10
12.9579401016,80.2440338135,38459,38469,10
12.9587202072,80.2444000244,38469,38479,10
12.9588899612,80.244468689,38479,38489,10
12.9591903687,80.2446289063,38489,38499,10
12.9598302841,80.2449188232,38499,38509,10
12.9607000351,80.2453079224,38509,38519,10
12.9617595673,80.2458190918,38519,38529,10
12.962679863,80.2462692261,38529,38540,11
12.9630203247,80.2464523315,38540,38550,10
12.9632196426,80.2465591431,38550,38560,10
12.9636898041,80.2467803955,38560,38570,10
12.9644804001,80.2470397949,38570,38580,10
12.9653501511,80.2472915649,38580,38590,10
12.9663000107,80.247718811,38590,38620,30
12.9663000107,80.247718811,38620,38630,10
12.9666500092,80.2478637695,38630,38639,9
12.9671697617,80.2481002808,38639,38651,12
12.9681196213,80.2484970093,38651,38661,10
12.9690198898,80.2488937378,38661,38671,10
12.9698696136,80.2492294312,38671,38681,10
12.9709796906,80.2496414185,38681,38691,10
12.9722795486,80.25,38691,38701,10
12.9735803604,80.2503509521,38701,38711,10
12.9747400284,80.2506866455,38711,38721,10
12.9760103226,80.2510299683,38721,38731,10
12.9772500992,80.2514266968,38731,38741,10
12.9782495499,80.252166748,38741,38751,10
12.9785604477,80.2523574829,38751,38762,11
12.9787797928,80.2524719238,38762,38772,10
12.9794797897,80.252571106,38772,38792,20
12.9794797897,80.252571106,38792,38802,10
12.9796199799,80.2525863647,38802,38812,10
12.9800100327,80.2526092529,38812,38822,10
12.9805202484,80.2526092529,38822,38832,10
12.9811401367,80.2526016235,38832,38842,10
12.9819402695,80.2525787354,38842,38903,61
12.9819402695,80.2525787354,38903,38913,10
12.9820404053,80.2526092529,38913,38943,30
12.9820404053,80.2526092529,38943,38953,10
12.9821796417,80.252571106,38953,38963,10
12.98279953,80.2525482178,38963,38974,11
12.9834003448,80.252456665,38974,38984,10
12.9838399887,80.2523498535,38984,38994,10
12.9842500687,80.2522277832,38994,39004,10
12.9847898483,80.2520980835,39004,39054,50
12.9847898483,80.2520980835,39054,39064,10
12.9851799011,80.2519989014,39064,39186,122
12.9851799011,80.2519989014,39186,39196,10
12.9853000641,80.251991272,39196,39206,10
12.9855604172,80.2518920898,39206,39216,10
12.9856996536,80.2518463135,39216,39226,10
12.9861001968,80.2517623901,39226,39236,10
12.9865398407,80.251663208,39236,39246,10
12.9869298935,80.2515411377,39246,39256,10
12.9874200821,80.2514038086,39256,39266,10
12.9878501892,80.2514190674,39266,39276,10
12.9879703522,80.2518005371,39276,39286,10
12.9880199432,80.2521286011,39286,39297,11
12.9879999161,80.2525024414,39297,39307,10
12.9879198074,80.2533035278,39307,39317,10
12.987859726,80.2540283203,39317,39327,10
12.987830162,80.2544174194,39327,39337,10
12.9878196716,80.254737854,39337,39418,81
12.9878196716,80.254737854,39418,39428,10
12.987739563,80.2549819946,39428,39438,10
12.9877195358,80.2553863525,39438,39448,10
12.9877195358,80.2557220459,39448,39458,10
12.9880304337,80.2557601929,39458,39468,10
12.9885702133,80.2557983398,39468,39478,10
12.9886598587,80.2558288574,39478,39488,10
12.9888896942,80.2558898926,39488,39498,10
12.9893398285,80.2558288574,39498,39507,9
12.9901504517,80.2558898926,39507,39519,12
12.990819931,80.2559509277,39519,39529,10
12.9913396835,80.2559509277,39529,39539,10
12.9924201965,80.2559585571,39539,39549,10
12.9936304092,80.2559280396,39549,39559,10
12.9942598343,80.255897522,39559,39569,10
12.9948396683,80.2558288574,39569,39579,10
12.9953298569,80.2557907104,39579,39589,10
12.9957304001,80.255821228,39589,39599,10
12.9960603714,80.2558364868,39599,39609,10
12.9965400696,80.2557601929,39609,39660,51
12.9965400696,80.2557601929,39660,39670,10
12.9967699051,80.255859375,39670,39680,10
12.9974498749,80.2558517456,39680,39710,30
12.9974498749,80.2558517456,39710,39720,10
12.9977197647,80.2559890747,39720,39731,11
12.9976997375,80.2560424805,39731,39741,10
12.997710228,80.2563400269,39741,39751,10
12.9977397919,80.2568283081,39751,39761,10
12.9974899292,80.256942749,39761,39781,20
12.9975595474,80.2568206787,39781,39892,111
12.9975996017,80.2566680908,39892,39922,30
12.9975996017,80.2566680908,39922,39932,10
12.9976596832,80.2562179565,39932,39963,31
12.9976596832,80.2562179565,39963,39973,10
12.9977197647,80.2560195923,39973,39983,10
12.9977502823,80.2559661865,39983,39993,10
12.9979200363,80.255859375,39993,40003,10
12.9983901978,80.2558517456,40003,40013,10
12.9987802505,80.2559585571,40013,40023,10
12.9989900589,80.2560195923,40023,40033,10
12.9994297028,80.2561035156,40033,40043,10
12.9998397827,80.2562103271,40043,40054,11
13.0003099442,80.2562637329,40054,40064,10
13.0008497238,80.256362915,40064,40074,10
13.0012598038,80.2564468384,40074,40084,10
13.0014696121,80.2565231323,40084,40094,10
13.0017404556,80.2565689087,40094,40104,10
13.0021095276,80.2565917969,40104,40134,30
13.0021095276,80.2565917969,40134,40144,10
13.0022802353,80.2566223145,40144,40154,10
13.0024595261,80.2566299438,40154,40165,11
13.002579689,80.2566680908,40165,40175,10
13.0026502609,80.2566986084,40175,40185,10
13.0029001236,80.256729126,40185,40195,10
13.0031604767,80.2567596436,40195,40205,10
13.0039100647,80.2568893433,40205,40255,50
13.0039100647,80.2568893433,40255,40265,10
13.0042896271,80.2570571899,40265,40276,11
13.0045499802,80.2570495605,40276,40286,10
13.0049104691,80.2570800781,40286,40296,10
13.005979538,80.2572631836,40296,40336,40
13.005979538,80.2572631836,40336,40346,10
13.0060396194,80.2574768066,40346,40387,41
13.0060396194,80.2574768066,40387,40397,10
13.006310463,80.25756073,40397,40407,10
13.0065097809,80.2571563721,40407,40417,10
13.0064897537,80.2563171387,40417,40427,10
13.0065002441,80.2553863525,40427,40437,10
13.0065402985,80.2546234131,40437,40447,10
13.0065202713,80.2537994385,40447,40457,10
13.006480217,80.2531280518,40457,40467,10
13.0065002441,80.2528686523,40467,40477,10
13.0065498352,80.2526016235,40477,40488,11
13.0067195892,80.2527770996,40488,40498,10
13.0066900253,80.2532501221,40498,40881,383
13.006649971,80.2533798218,40881,41275,394
13.006649971,80.2533798218,41275,41285,10
13.0066404343,80.2538375854,41285,41295,10
13.0066699982,80.2542800903,41295,41305,10
13.0066204071,80.2546920776,41305,41315,10
13.0066795349,80.2552337646,41315,41325,10
13.0068798065,80.255859375,41325,41335,10
13.0070199966,80.256477356,41335,41345,10
13.006649971,80.2567901611,41345,41355,10
13.0060901642,80.2568206787,41355,41366,11
13.0053596497,80.256980896,41366,41376,10
13.0044803619,80.2570266724,41376,41386,10
13.003780365,80.2569885254,41386,41396,10
13.002820015,80.2568130493,41396,41426,30
13.002820015,80.2568130493,41426,41436,10
13.0026397705,80.2567825317,41436,41446,10
13.0023298264,80.2567214966,41446,41456,10
13.0020704269,80.2566604614,41456,41466,10
13.0014600754,80.2565994263,41466,41537,71
13.0014600754,80.2565994263,41537,41547,10
13.0012397766,80.2565536499,41547,41557,10
13.0009498596,80.256439209,41557,41567,10
13.0001897812,80.2563400269,41567,41578,11
12.9991397858,80.2562026978,41578,41588,10
12.9985704422,80.2561035156,41588,41608,20
12.9985704422,80.2561035156,41608,41618,10
12.9983901978,80.2559890747,41618,41628,10
12.9980802536,80.2559432983,41628,41638,10
12.997759819,80.2559204102,41638,41648,10
12.9973602295,80.2559280396,41648,41668,20
12.9973602295,80.2559280396,41668,41678,10
12.9968204498,80.2558670044,41678,41689,11
12.9963598251,80.2558898926,41689,41699,10
12.995929718,80.255859375,41699,41709,10
12.9954996109,80.2559585571,41709,41719,10
12.9951496124,80.255897522,41719,41729,10
12.994799614,80.2558670044,41729,41739,10
12.9945802689,80.255897522,41739,41749,10
12.994389534,80.2559509277,41749,41759,10
12.9938497543,80.2560272217,41759,41769,10
12.9929504395,80.2561035156,41769,41779,10
12.9919099808,80.256111145,41779,41789,10
12.9911403656,80.2560577393,41789,41800,11
12.9903802872,80.2560272217,41800,41810,10
12.9895896912,80.2559890747,41810,41820,10
12.9886798859,80.2559127808,41820,41830,10
12.9881496429,80.255859375,41830,41880,50
12.9881496429,80.255859375,41880,41890,10
12.9877996445,80.2558135986,41890,41921,31
12.9877996445,80.2558135986,41921,41931,10
12.9874801636,80.2557525635,41931,41941,10
12.9870796204,80.2556991577,41941,41951,10
12.9862003326,80.2555465698,41951,41971,20
12.9862003326,80.2555465698,41971,41981,10
12.9859800339,80.2555389404,41981,41991,10
12.9857397079,80.2554092407,41991,42001,10
12.9851198196,80.2552490234,42001,42012,11
12.9842500687,80.2550506592,42012,42022,10
12.9832696915,80.2547836304,42022,42032,10
12.9822301865,80.2543334961,42032,42042,10
12.9818696976,80.2533874512,42042,42052,10
12.9813499451,80.2528076172,42052,42062,10
12.9806699753,80.2527923584,42062,42072,10
12.9801902771,80.2527618408,42072,42082,10
12.9796199799,80.2527008057,42082,42092,10
12.9789199829,80.2526168823,42092,42102,10
12.9786100388,80.2525634766,42102,42112,10
12.9784402847,80.252456665,42112,42123,11
12.9778795242,80.2519989014,42123,42133,10
12.9771499634,80.2514419556,42133,42143,10
12.9760398865,80.251083374,42143,42153,10
12.9749097824,80.2507476807,42153,42163,10
12.9739303589,80.2504806519,42163,42173,10
12.9728899002,80.2502288818,42173,42183,10
12.9716300964,80.2498779297,42183,42193,10
12.9705600739,80.2496032715,42193,42203,10
12.9694004059,80.2491836548,42203,42213,10
12.9682998657,80.2487869263,42213,42223,10
12.9672698975,80.248336792,42223,42234,11
12.9663696289,80.2479019165,42234,42244,10
12.9655799866,80.2475814819,42244,42254,10
12.9651498795,80.2474136353,42254,42264,10
12.9650402069,80.2473373413,42264,42274,10
12.9646596909,80.2471923828,42274,42284,10
12.9644298553,80.2470932007,42284,42294,10
12.9640798569,80.2469863892,42294,42304,10
12.9634895325,80.2467880249,42304,42314,10
12.962679863,80.2463607788,42314,42324,10
12.9617595673,80.2459335327,42324,42334,10
12.9607200623,80.2454071045,42334,42345,11
12.9597301483,80.245010376,42345,42355,10
12.9593896866,80.2448806763,42355,42365,10
12.9591197968,80.2447509766,42365,42375,10
12.9585103989,80.2444534302,42375,42385,10
12.9578199387,80.2441711426,42385,42395,10
12.9570503235,80.2438964844,42395,42405,10
12.956609726,80.2438201904,42405,42466,61
12.956609726,80.2438201904,42466,42476,10
12.9564504623,80.2437362671,42476,42486,10
12.9562597275,80.2436828613,42486,42496,10
12.9556903839,80.243347168,42496,42506,10
12.9548797607,80.2429733276,42506,42516,10
12.953909874,80.2425384521,42516,42526,10
12.952870369,80.2421035767,42526,42536,10
12.9519195557,80.2417907715,42536,42546,10
12.9517297745,80.2417221069,42546,42557,11
12.9514703751,80.2416381836,42557,42567,10
12.9508104324,80.2414398193,42567,42577,10
12.9500198364,80.2411575317,42577,42587,10
12.9490995407,80.2408676147,42587,42597,10
12.9483203888,80.2405319214,42597,42607,10
12.9477396011,80.2403030396,42607,42617,10
12.9472398758,80.2400436401,42617,42627,10
12.9470396042,80.2400131226,42627,42637,10
12.9467802048,80.239906311,42637,42647,10
12.946149826,80.2396316528,42647,42657,10
12.9453201294,80.2392196655,42657,42668,11
12.9443902969,80.2382965088,42668,42678,10
12.9434900284,80.2373504639,42678,42688,10
12.9425201416,80.236579895,42688,42698,10
12.9412498474,80.2361907959,42698,42708,10
12.940079689,80.2358779907,42708,42718,10
12.9399204254,80.2358169556,42718,42728,10
12.9395103455,80.2356414795,42728,42738,10
12.9387397766,80.2352981567,42738,42748,10
12.9377698898,80.2348403931,42748,42758,10
12.9366703033,80.2343063354,42758,42768,10
12.9360799789,80.2340393066,42768,42779,11
12.9358997345,80.2339706421,42779,42789,10
12.9354496002,80.2337799072,42789,42799,10
12.9347000122,80.2334289551,42799,42809,10
12.9338998795,80.2330627441,42809,42819,10
12.9338502884,80.233039856,42819,42829,10
12.9334897995,80.2328262329,42829,42839,10
12.9327497482,80.2325668335,42839,42849,10
12.9317502975,80.232208252,42849,42859,10
12.9305200577,80.2317962646,42859,42869,10
12.9293804169,80.2314910889,42869,42878,9
12.9287395477,80.2313613892,42878,42890,12
12.9278202057,80.2312164307,42890,42900,10
12.9267902374,80.2310791016,42900,42909,9
12.9261703491,80.2310333252,42909,42920,11
12.9261703491,80.2310409546,42920,42930,10
12.9258899689,80.2310180664,42930,42940,10
12.9252004623,80.2309265137,42940,42950,10
12.9243001938,80.230796814,42950,42960,10
12.9231595993,80.2306365967,42960,42970,10
12.9218397141,80.230430603,42970,42980,10
12.9203996658,80.2302322388,42980,42991,11
12.9187602997,80.2300186157,42991,43001,10
12.9174203873,80.2298431396,43001,43011,10
12.9162902832,80.2296981812,43011,43021,10
12.9150495529,80.2295532227,43021,43031,10
12.9138803482,80.2293930054,43031,43041,10
12.9129104614,80.2292480469,43041,43051,10
12.9117002487,80.2290267944,43051,43061,10
12.9103498459,80.2288284302,43061,43071,10
12.9090099335,80.2286224365,43071,43081,10
12.9083204269,80.228553772,43081,43091,10
12.9080896378,80.2285766602,43091,43102,11
12.9078598022,80.2285308838,43102,43112,10
12.9074697495,80.2285079956,43112,43121,9
12.9069004059,80.2284164429,43121,43132,11
12.9063100815,80.2283096313,43132,43142,10
12.9055595398,80.2282180786,43142,43152,10
12.904589653,80.2281799316,43152,43162,10
12.9036302567,80.2281265259,43162,43172,10
12.9026699066,80.2280883789,43172,43182,10
12.9021196365,80.2280731201,43182,43192,10
12.9018697739,80.2280197144,43192,43202,10
12.9015398026,80.2279586792,43202,43223,21
12.9015398026,80.2279586792,43223,43233,10
12.9011898041,80.2278366089,43233,43243,10
12.9007997513,80.2278823853,43243,43253,10
12.9005203247,80.2279205322,43253,43263,10
12.9001703262,80.2279205322,43263,43273,10
12.8999996185,80.2279205322,43273,43283,10
12.8998403549,80.2279281616,43283,43293,10
12.8996496201,80.2279434204,43293,43303,10
12.8994102478,80.2279205322,43303,43312,9
12.8992595673,80.227897644,43312,43324,12
12.8985004425,80.2278518677,43324,43334,10
12.8975696564,80.2277984619,43334,43344,10
12.8964099884,80.2277297974,43344,43354,10
12.8950901031,80.2276916504,43354,43364,10
12.8937997818,80.2275924683,43364,43374,10
12.8927097321,80.2274398804,43374,43384,10
12.8925304413,80.2274093628,43384,43394,10
12.8924398422,80.2273864746,43394,43404,10
12.8923597336,80.2273788452,43404,43414,10
12.891960144,80.2273788452,43414,43425,11
12.8909797668,80.2273788452,43425,43435,10
12.8898200989,80.2273864746,43435,43445,10
12.8885002136,80.2273788452,43445,43455,10
12.8870897293,80.2272033691,43455,43465,10
12.8857002258,80.2268600464,43465,43475,10
12.88463974,80.2267379761,43475,43485,10
12.883480072,80.2267379761,43485,43495,10
12.8821697235,80.2267303467,43495,43505,10
12.8809900284,80.2267303467,43505,43515,10
12.8800001144,80.2267532349,43515,43524,9
12.8790197372,80.2267684937,43524,43536,12
12.8778896332,80.2268371582,43536,43546,10
12.8769903183,80.2268981934,43546,43556,10
12.8765897751,80.2269821167,43556,43566,10
12.876540184,80.2269821167,43566,43576,10
12.8760995865,80.2269897461,43576,43586,10
12.8753004074,80.2269592285,43586,43596,10
12.8742399216,80.2268295288,43596,43606,10
12.8731498718,80.2267074585,43606,43616,10
12.872130394,80.2266998291,43616,43626,10
12.8718395233,80.2266998291,43626,43636,10
12.8714504242,80.2266693115,43636,43647,11
12.87059021,80.2266311646,43647,43657,10
12.8695297241,80.2265319824,43657,43667,10
12.8682699203,80.2264022827,43667,43677,10
12.8668899536,80.2264862061,43677,43687,10
12.8654499054,80.2266082764,43687,43697,10
12.86398983,80.2265701294,43697,43707,10
12.8625202179,80.2265625,43707,43717,10
12.8612804413,80.226600647,43717,43727,10
12.8611001968,80.2265930176,43727,43737,10
12.8609695435,80.226600647,43737,43746,9
12.8604297638,80.2265472412,43746,43758,12
12.8592996597,80.2263793945,43758,43768,10
12.8580799103,80.226272583,43768,43778,10
12.8567304611,80.2263565063,43778,43788,10
12.8552999496,80.2265396118,43788,43798,10
12.8537998199,80.2266998291,43798,43808,10
12.8522596359,80.2267227173,43808,43818,10
12.8507003784,80.2266387939,43818,43828,10
12.8491897583,80.226600647,43828,43838,10
12.8484201431,80.226600647,43838,43848,10
12.8480796814,80.2265930176,43848,43858,10
12.8472995758,80.226600647,43858,43869,11
12.8458795547,80.2265930176,43869,43889,20
12.8458795547,80.2265930176,43889,43899,10
12.8454999924,80.2265777588,43899,43909,10
12.8451595306,80.2266235352,43909,43919,10
12.8446302414,80.2266235352,43919,43929,10
12.8437795639,80.2266616821,43929,43939,10
12.8427295685,80.2268829346,43939,43949,10
12.8415403366,80.2270812988,43949,43959,10
12.8404502869,80.2274398804,43959,43970,11
12.8398199081,80.2276382446,43970,43980,10
12.839799881,80.2276611328,43980,43990,10
12.839679718,80.2278137207,43990,44010,20
12.839679718,80.2278137207,44010,44020,10
12.8394603729,80.2278366089,44020,44030,10
12.8388204575,80.2279663086,44030,44040,10
12.8379201889,80.2282028198,44040,44050,10
12.8366804123,80.2283935547,44050,44060,10
12.8353500366,80.2285766602,44060,44070,10
12.8340196609,80.2287902832,44070,44081,11
12.8325901031,80.2290496826,44081,44091,10
12.8318395615,80.2292404175,44091,44101,10
12.8317499161,80.2292480469,44101,44111,10
12.8313102722,80.2293701172,44111,44121,10
12.8304195404,80.2296295166,44121,44131,10
12.8292999268,80.2300491333,44131,44141,10
12.8281402588,80.230682373,44141,44151,10
12.8268203735,80.231262207,44151,44161,10
12.8253202438,80.2313766479,44161,44171,10
12.8238897324,80.2311630249,44171,44181,10
12.8224802017,80.2307281494,44181,44192,11
12.8210201263,80.2304534912,44192,44202,10
12.8198404312,80.2304763794,44202,44212,10
12.8185997009,80.2303466797,44212,44222,10
12.8175802231,80.2298965454,44222,44232,10
12.8167600632,80.2296066284,44232,44242,10
12.8156204224,80.2294006348,44242,44252,10
12.8142900467,80.2291793823,44252,44262,10
12.8128995895,80.228767395,44262,44272,10
12.8115100861,80.2282867432,44272,44282,10
12.8101596832,80.227722168,44282,44292,10
12.8088903427,80.2270202637,44292,44303,11
12.8076000214,80.2259597778,44303,44313,10
12.8067598343,80.2251968384,44313,44323,10
12.8061800003,80.2246780396,44323,44333,10
12.8055801392,80.2241973877,44333,44343,10
12.804980278,80.224029541,44343,44353,10
12.8046302795,80.2239608765,44353,44363,10
12.8039102554,80.2238922119,44363,44373,10
12.8030195236,80.2238006592,44373,44383,10
12.802189827,80.2236862183,44383,44393,10
12.8012695313,80.2235870361,44393,44403,10
12.8002996445,80.2235031128,44403,44414,11
12.7989301682,80.2233963013,44414,44424,10
12.7975101471,80.2232208252,44424,44434,10
12.7962903976,80.2229995728,44434,44444,10
12.7957801819,80.2229309082,44444,44454,10
12.79570961,80.2229232788,44454,44464,10
12.7952003479,80.2228088379,44464,44474,10
12.7943401337,80.2226791382,44474,44484,10
12.7931995392,80.2225112915,44484,44494,10
12.7919197083,80.2222518921,44494,44504,10
12.7909698486,80.2220001221,44504,44515,11
12.7900800705,80.2217788696,44515,44525,10
12.789560318,80.2216262817,44525,44535,10
12.7890996933,80.2214736938,44535,44545,10
12.788359642,80.2211837769,44545,44555,10
12.7875900269,80.2209014893,44555,44565,10
12.7871198654,80.220703125,44565,44575,10
12.7869195938,80.2206192017,44575,44605,30
12.7869195938,80.2206192017,44605,44615,10
12.7864904404,80.2204589844,44615,44636,21
12.7864904404,80.2204589844,44636,44646,10
12.7863998413,80.2203903198,44646,44656,10
12.7862701416,80.2203598022,44656,44666,10
12.7858800888,80.2202301025,44666,44676,10
12.7852897644,80.2199172974,44676,44686,10
12.7846899033,80.2196121216,44686,44706,20
12.7846899033,80.2196121216,44706,44716,10
12.7843599319,80.2194137573,44716,44726,10
12.7838697433,80.2191390991,44726,44737,11
12.7831096649,80.218711853,44737,44747,10
12.7821998596,80.2182006836,44747,44757,10
12.781080246,80.2175979614,44757,44767,10
12.7798404694,80.2169265747,44767,44777,10
12.7785596848,80.2162628174,44777,44787,10
12.777179718,80.2156524658,44787,44797,10
12.7757301331,80.2150497437,44797,44807,10
12.7742700577,80.2144622803,44807,44817,10
12.7728700638,80.2139129639,44817,44827,10
12.7716197968,80.2134628296,44827,44837,10
12.7707996368,80.2131576538,44837,44848,11
12.770819664,80.2128829956,44848,44858,10
12.7708997726,80.2127227783,44858,44868,10
12.7709598541,80.2126235962,44868,44878,10
12.7709999084,80.2120819092,44878,44888,10
12.7713098526,80.2112426758,44888,44898,10
12.7718000412,80.2103118896,44898,44908,10
12.7722797394,80.2091903687,44908,44918,10
12.772600174,80.2080383301,44918,44928,10
12.7728996277,80.2069778442,44928,44937,9
12.7730798721,80.2063827515,44937,44948,11
12.7730998993,80.2063827515,44948,44959,11
12.7732496262,80.205871582,44959,44969,10
12.7734098434,80.2050476074,44969,44979,10
12.7735300064,80.2039794922,44979,44989,10
12.7737503052,80.2028503418,44989,44999,10
12.7738704681,80.2016296387,44999,45009,10
12.7739400864,80.2007522583,45009,45019,10
12.7739496231,80.200630188,45019,45029,10
12.7739696503,80.2002410889,45029,45039,10
12.7740402222,80.1994628906,45039,45049,10
12.774140358,80.198387146,45049,45060,11
12.774189949,80.1971588135,45060,45070,10
12.7742395401,80.1960296631,45070,45080,10
12.7744102478,80.1948394775,45080,45090,10
12.774600029,80.193862915,45090,45100,10
12.7746496201,80.1937484741,45100,45110,10
12.7747001648,80.193611145,45110,45120,10
12.7748804092,80.1930923462,45120,45130,10
12.7753601074,80.1923904419,45130,45140,10
12.7752799988,80.1917877197,45140,45150,10
12.7750997543,80.1910629272,45150,45160,10
12.774600029,80.1903686523,45160,45171,11
12.773730278,80.1895599365,45171,45181,10
12.7726097107,80.1891326904,45181,45191,10
12.7714500427,80.1887130737,45191,45201,10
12.7709999084,80.1878128052,45201,45211,10
12.7708902359,80.1868515015,45211,45221,10
12.7708597183,80.1866607666,45221,45231,10
12.7707901001,80.1861572266,45231,45241,10
12.7707700729,80.1853866577,45241,45251,10
12.7705898285,80.184677124,45251,45261,10
12.7699604034,80.1845016479,45261,45271,10
12.7692604065,80.1842269897,45271,45282,11
12.7688302994,80.1839294434,45282,45292,10
12.7683801651,80.1835098267,45292,45302,10
12.7677001953,80.1832504272,45302,45312,10
12.7669696808,80.1829833984,45312,45322,10
12.7662000656,80.1826934814,45322,45332,10
12.7656898499,80.1826171875,45332,45342,10
12.7650604248,80.1825485229,45342,45352,10
12.7643604279,80.1824569702,45352,45362,10
12.7638502121,80.1823577881,45362,45372,10
12.7634801865,80.1826019287,45372,45382,10
12.7631797791,80.1834487915,45382,45403,21
12.7631797791,80.1834487915,45403,45413,10
12.7630901337,80.1837463379,45413,45423,10
12.7629899979,80.1840591431,45423,45433,10
12.7630195618,80.1843490601,45433,45443,10
12.7629699707,80.184753418,45443,45453,10
12.7627601624,80.1849899292,45453,45463,10
12.7623901367,80.1849136353,45463,45473,10
12.7619800568,80.1849136353,45473,45483,10
12.761590004,80.1848678589,45483,45493,10
12.7615203857,80.184677124,45493,45504,11
12.7615003586,80.1848068237,45504,45514,10
12.7617902756,80.1848907471,45514,45968,454
12.7617902756,80.1848907471,45968,45978,10
12.7621297836,80.1849517822,45978,45988,10
12.7624597549,80.184928894,45988,45998,10
12.7627801895,80.184967041,45998,46008,10
12.7629995346,80.184753418,46008,46018,10
12.7630395889,80.184387207,46018,46028,10
12.763010025,80.1840896606,46028,46038,10
12.7630901337,80.1837387085,46038,46049,11
12.7632102966,80.1833724976,46049,46059,10
12.7633199692,80.1829833984,46059,46069,10
12.7634096146,80.1825790405,46069,46079,10
12.7637901306,80.1824493408,46079,46089,10
12.7643003464,80.1825027466,46089,46099,10
12.7648801804,80.1825637817,46099,46109,10
12.7655200958,80.1826095581,46109,46119,10
12.7661104202,80.1827011108,46119,46129,10
12.7667198181,80.1828765869,46129,46139,10
12.7673597336,80.1831588745,46139,46148,9
12.767950058,80.1833572388,46148,46160,12
12.7686195374,80.1837615967,46160,46170,10
12.7690696716,80.1841506958,46170,46180,10
12.769610405,80.184387207,46180,46190,10
12.770190239,80.1845779419,46190,46200,10
12.7706098557,80.1846923828,46200,46210,10
12.7707004547,80.1848983765,46210,46220,10
12.7707595825,80.1855316162,46220,46230,10
12.770819664,80.1863327026,46230,46240,10
12.7709197998,80.1870727539,46240,46250,10
12.770939827,80.1871871948,46250,46260,10
12.7709903717,80.1876907349,46260,46271,11
12.7711400986,80.188583374,46271,46281,10
12.7718095779,80.188911438,46281,46291,10
12.7726297379,80.1891784668,46291,46301,10
12.7735300064,80.1895523071,46301,46311,10
12.7743396759,80.1901168823,46311,46321,10
12.7750501633,80.1909713745,46321,46331,10
12.7753801346,80.1922073364,46331,46382,51
12.7753801346,80.1922073364,46382,46392,10
12.7754096985,80.1923294067,46392,46402,10
12.775179863,80.1927871704,46402,46412,10
12.7747898102,80.193397522,46412,46422,10
12.7746696472,80.1937866211,46422,46432,10
12.7746601105,80.1938171387,46432,46442,10
12.7745704651,80.1941833496,46442,46452,10
12.7744398117,80.1948165894,46452,46483,31
12.7744398117,80.1948165894,46483,46493,10
12.7744102478,80.1949691772,46493,46503,10
12.7742900848,80.1955108643,46503,46513,10
12.7742395401,80.1959686279,46513,46533,20
12.7742395401,80.1959686279,46533,46543,10
12.7742500305,80.1960983276,46543,46553,10
12.7742204666,80.1965713501,46553,46563,10
12.774189949,80.1972427368,46563,46573,10
12.7741699219,80.1981430054,46573,46583,10
12.7740602493,80.1992874146,46583,46594,11
12.7739295959,80.2007598877,46594,46604,10
12.7738199234,80.2020721436,46604,46614,10
12.7736101151,80.2033691406,46614,46624,10
12.7733802795,80.2050018311,46624,46644,20
12.7733802795,80.2050018311,46644,46654,10
12.7733898163,80.205078125,46654,46664,10
12.7732801437,80.2055969238,46664,46674,10
12.7730903625,80.2063674927,46674,46684,10
12.7730302811,80.2065505981,46684,46694,10
12.7728700638,80.2070617676,46694,46705,11
12.7726802826,80.2077484131,46705,46715,10
12.772480011,80.208442688,46715,46725,10
12.7722196579,80.2093429565,46725,46735,10
12.7718296051,80.2102890015,46735,46745,10
12.7714004517,80.2110900879,46745,46755,10
12.771109581,80.2117996216,46755,46765,10
12.7709197998,80.2123184204,46765,46775,10
12.7707700729,80.2130508423,46775,46804,29
12.7707700729,80.2130508423,46804,46816,12
12.7708501816,80.2131195068,46816,46826,10
12.7712097168,80.2132720947,46826,46836,10
12.7718896866,80.213508606,46836,46846,10
12.7727499008,80.2138214111,46846,46856,10
12.7737703323,80.2142333984,46856,46866,10
12.7749204636,80.2146987915,46866,46876,10
12.7761802673,80.2152099609,46876,46886,10
12.7775201797,80.2157592773,46886,46896,10
12.778840065,80.2163772583,46896,46905,9
12.7799797058,80.2169799805,46905,46916,11
12.781370163,80.2177276611,46916,46927,11
12.7827796936,80.2185134888,46927,46937,10
12.7838697433,80.2191314697,46937,46947,10
12.7847003937,80.2195892334,46947,46957,10
12.785490036,80.2200012207,46957,46967,10
12.7862300873,80.2202987671,46967,46997,30
12.7862300873,80.2202987671,46997,47007,10
12.7863998413,80.2204284668,47007,47017,10
12.7867603302,80.2205505371,47017,47028,11
12.787150383,80.2206802368,47028,47038,10
12.7878398895,80.220916748,47038,47048,10
12.7886400223,80.2212371826,47048,47058,10
12.7895002365,80.221572876,47058,47068,10
12.7897901535,80.2216567993,47068,47078,10
12.7903995514,80.2218170166,47078,47088,10
12.7912998199,80.2220535278,47088,47098,10
12.79226017,80.2222595215,47098,47108,10
12.7934799194,80.2224807739,47108,47118,10
12.7948799133,80.2227020264,47118,47128,10
12.7960596085,80.22290802,47128,47139,11
12.7962999344,80.2229537964,47139,47149,10
12.7966299057,80.2230224609,47149,47159,10
12.7973203659,80.2231521606,47159,47169,10
12.7982196808,80.2232818604,47169,47179,10
12.7992801666,80.2233734131,47179,47189,10
12.8004999161,80.2234802246,47189,47199,10
12.8013401031,80.2235794067,47199,47209,10
12.8014698029,80.2236175537,47209,47219,10
12.8015604019,80.2236404419,47219,47229,10
12.8020200729,80.2236785889,47229,47238,9
12.8026399612,80.2237472534,47238,47250,12
12.8035497665,80.2238388062,47250,47260,10
12.8043498993,80.2238998413,47260,47270,10
12.805439949,80.2240905762,47270,47290,20
12.805439949,80.2240905762,47290,47300,10
12.8056297302,80.2241897583,47300,47310,10
12.805970192,80.2244567871,47310,47320,10
12.8066101074,80.2250289917,47320,47330,10
12.8074903488,80.2257919312,47330,47340,10
12.8084897995,80.2266387939,47340,47350,10
12.8096399307,80.2274627686,47350,47361,11
12.8110303879,80.2280731201,47361,47371,10
12.8117704391,80.2283172607,47371,47381,10
12.8126602173,80.2286376953,47381,47391,10
12.8137702942,80.2290115356,47391,47401,10
12.8150501251,80.2292785645,47401,47411,10
12.8164701462,80.2294769287,47411,47421,10
12.8178396225,80.2299499512,47421,47431,10
12.8190803528,80.2304611206,47431,47441,10
12.8198404312,80.2304382324,47441,47451,10
12.820019722,80.230430603,47451,47462,11
12.8208303452,80.2304077148,47462,47472,10
12.8218603134,80.2305221558,47472,47482,10
12.82310009,80.2308883667,47482,47492,10
12.8244600296,80.2312393188,47492,47502,10
12.8259296417,80.231338501,47502,47512,10
12.8273801804,80.2310714722,47512,47522,10
12.8287000656,80.2303390503,47522,47532,10
12.8300800323,80.2297515869,47532,47542,10
12.8310003281,80.2294006348,47542,47552,10
12.8310499191,80.2294006348,47552,47562,10
12.8312196732,80.2293701172,47562,47573,11
12.8315095901,80.2292327881,47573,47583,10
12.8315200806,80.2292175293,47583,47593,10
12.8318195343,80.2291183472,47593,47603,10
12.8324699402,80.2289886475,47603,47613,10
12.8333597183,80.2288208008,47613,47623,10
12.83452034,80.2286224365,47623,47633,10
12.8358201981,80.2284088135,47633,47643,10
12.8372297287,80.2282028198,47643,47653,10
12.838549614,80.2279434204,47653,47663,10
12.8392095566,80.2276992798,47663,47673,10
12.839509964,80.2275772095,47673,47684,11
12.8399801254,80.2275009155,47684,47694,10
12.8407497406,80.2273330688,47694,47704,10
12.8417301178,80.2270812988,47704,47714,10
12.8429603577,80.2268676758,47714,47724,10
12.8442802429,80.2266921997,47724,47734,10
12.8452796936,80.2265625,47734,47744,10
12.8453397751,80.2265472412,47744,47754,10
12.8455600739,80.2265625,47754,47764,10
12.8458995819,80.2265625,47764,47774,10
12.8461799622,80.2265396118,47774,47784,10
12.846739769,80.2265319824,47784,47795,11
12.8476896286,80.2265167236,47795,47805,10
12.8487901688,80.2265090942,47805,47815,10
12.8498497009,80.2264709473,47815,47825,10
12.8500404358,80.2264785767,47825,47835,10
12.8504400253,80.2265014648,47835,47845,10
12.8511800766,80.2265396118,47845,47855,10
12.8521499634,80.2266082764,47855,47865,10
12.8532304764,80.2266082764,47865,47875,10
12.8545303345,80.2265014648,47875,47885,10
12.8559103012,80.2263412476,47885,47896,11
12.8574199677,80.2261810303,47896,47906,10
12.8586702347,80.2261886597,47906,47916,10
12.8599500656,80.2263717651,47916,47926,10
12.8612604141,80.2265014648,47926,47936,10
12.8626499176,80.2264785767,47936,47946,10
12.8641004562,80.2265014648,47946,47956,10
12.8654403687,80.2265396118,47956,47966,10
12.8664102554,80.2264785767,47966,47976,10
12.8673095703,80.2264099121,47976,47986,10
12.8684997559,80.2263412476,47986,47996,10
12.8698301315,80.2264862061,47996,48007,11
12.8712301254,80.226600647,48007,48017,10
12.8723802567,80.2266235352,48017,48027,10
12.8729000092,80.2266082764,48027,48037,10
12.8730602264,80.2266235352,48037,48047,10
12.8737001419,80.2266387939,48047,48057,10
12.8745803833,80.2267532349,48057,48067,10
12.8757095337,80.2268676758,48067,48077,10
12.8765201569,80.2268676758,48077,48087,10
12.8766202927,80.2268676758,48087,48097,10
12.8768100739,80.226852417,48097,48107,10
12.8774204254,80.2268066406,48107,48118,11
12.8784103394,80.2267379761,48118,48128,10
12.8795604706,80.2266921997,48128,48138,10
12.8808097839,80.2266769409,48138,48148,10
12.8821401596,80.2266693115,48148,48158,10
12.8835096359,80.2266616821,48158,48168,10
12.8847198486,80.2266311646,48168,48178,10
12.8851995468,80.2266464233,48178,48188,10
12.8854598999,80.2266921997,48188,48198,10
12.886059761,80.226852417,48198,48208,10
12.8868904114,80.2270584106,48208,48219,11
12.888010025,80.2272415161,48219,48229,10
12.8891401291,80.2272872925,48229,48239,10
12.8903198242,80.2272872925,48239,48249,10
12.8915901184,80.2273025513,48249,48259,10
12.8924398422,80.2273406982,48259,48269,10
12.8930301666,80.2274093628,48269,48279,10
12.8937902451,80.2275085449,48279,48289,10
12.8947401047,80.2275695801,48289,48299,10
12.8956604004,80.2276077271,48299,48309,10
12.8965702057,80.2276306152,48309,48319,10
12.897600174,80.2276916504,48319,48330,11
12.8989696503,80.2277679443,48330,48340,10
12.9005298615,80.2277908325,48340,48441,101
12.9005298615,80.2277908325,48441,48451,10
12.9008197784,80.2278213501,48451,48461,10
12.9013004303,80.227897644,48461,48471,10
12.9019498825,80.227897644,48471,48481,10
12.9025602341,80.2279434204,48481,48491,10
12.9026498795,80.2279510498,48491,48501,10
12.9031000137,80.2279815674,48501,48511,10
12.9038295746,80.228012085,48511,48521,10
12.9046401978,80.2280578613,48521,48531,10
12.9054002762,80.2281036377,48531,48540,9
12.9060201645,80.2281417847,48540,48552,12
12.9061098099,80.2281417847,48552,48562,10
12.9062795639,80.2281494141,48562,48572,10
12.9066400528,80.2281799316,48572,48582,10
12.9072704315,80.2282562256,48582,48592,10
12.9081602097,80.2284011841,48592,48602,10
12.9093103409,80.2285766602,48602,48612,10
12.9104700089,80.2287826538,48612,48622,10
12.9115400314,80.2289199829,48622,48632,10
12.9125404358,80.2290802002,48632,48642,10
12.9134101868,80.2292175293,48642,48652,10
12.9139299393,80.2292785645,48652,48663,11
12.9141101837,80.2293167114,48663,48673,10
12.9146604538,80.2293777466,48673,48683,10
12.9153699875,80.2294998169,48683,48693,10
12.9162797928,80.2296218872,48693,48703,10
12.9170103073,80.2297134399,48703,48713,10
12.9178304672,80.2298431396,48713,48723,10
12.918800354,80.2299499512,48723,48733,10
12.9198102951,80.2300567627,48733,48743,10
12.9208803177,80.230178833,48743,48753,10
12.9221000671,80.2303466797,48753,48764,11
12.9233198166,80.2305603027,48764,48774,10
12.9245901108,80.2307128906,48774,48784,10
12.9255695343,80.2308731079,48784,48794,10
12.9262695313,80.2309265137,48794,48804,10
12.9264202118,80.2309417725,48804,48814,10
12.9269104004,80.231010437,48814,48824,10
12.9277000427,80.231086731,48824,48834,10
12.9285898209,80.2312088013,48834,48844,10
12.9293899536,80.2313690186,48844,48854,10
12.930150032,80.2315368652,48854,48864,10
12.9310598373,80.2317581177,48864,48875,11
12.9320898056,80.2321090698,48875,48885,10
12.9330596924,80.2324676514,48885,48895,10
12.9336204529,80.2327194214,48895,48905,10
12.933719635,80.2327728271,48905,48915,10
12.934129715,80.2329788208,48915,48925,10
12.9348497391,80.2332992554,48925,48935,10
12.9354600906,80.233581543,48935,48945,10
12.9361000061,80.2338790894,48945,48955,10
12.9368495941,80.2342376709,48955,48965,10
12.9377603531,80.2346572876,48965,48974,9
12.9385099411,80.2350387573,48974,48986,12
12.9393701553,80.2354888916,48986,48996,10
12.9396095276,80.2356033325,48996,49006,10
12.9398603439,80.235710144,49006,49016,10
12.9406204224,80.2359466553,49016,49026,10
12.9415798187,80.2361907959,49026,49036,10
12.9427099228,80.2365264893,49036,49046,10
12.9436302185,80.2372970581,49046,49056,10
12.9443798065,80.2381286621,49056,49066,10
12.9452800751,80.2390670776,49066,49076,10
12.9464597702,80.2396392822,49076,49087,11
12.9471797943,80.2399215698,49087,49097,10
12.9472398758,80.2399520874,49097,49107,10
12.9476499557,80.2401199341,49107,49117,10
12.9483804703,80.2404174805,49117,49127,10
12.9491195679,80.2407226563,49127,49137,10
12.949760437,80.2409591675,49137,49147,10
12.9505395889,80.2412490845,49147,49157,10
12.9513502121,80.2414703369,49157,49167,10
12.9517002106,80.241569519,49167,49177,10
12.9522895813,80.2417984009,49177,49187,10
12.9530096054,80.2420730591,49187,49198,11
12.9539203644,80.2424468994,49198,49208,10
12.9546203613,80.242729187,49208,49218,10
12.9553203583,80.2429885864,49218,49228,10
12.9562797546,80.2433700562,49228,49258,30
12.9563503265,80.2434082031,49258,49278,20
12.9563503265,80.2434082031,49278,49288,10
12.9569396973,80.2436218262,49288,49298,10
12.9575395584,80.2438583374,49298,49309,11
12.9581804276,80.244140625,49309,49319,10
12.9589004517,80.244430542,49319,49329,10
12.9589796066,80.2444610596,49329,49339,10
12.9590396881,80.2444992065,49339,49349,10
12.9593696594,80.2446517944,49349,49359,10
12.9599103928,80.2449111938,49359,49369,10
12.9607200623,80.2452926636,49369,49379,10
12.9617395401,80.2457809448,49379,49389,10
12.9625797272,80.2462005615,49389,49399,10
12.9629001617,80.2463607788,49399,49410,11
12.9633703232,80.2465896606,49410,49420,10
12.9639196396,80.2468490601,49420,49430,10
12.964630127,80.2471084595,49430,49440,10
12.9654197693,80.2473831177,49440,49450,10
12.9661302567,80.2476577759,49450,49460,10
12.9666004181,80.2478179932,49460,49470,10
12.9666595459,80.2478485107,49470,49480,10
12.9669504166,80.2479782104,49480,49490,10
12.9670495987,80.2480392456,49490,49500,10
12.9670600891,80.2480392456,49500,49510,10
12.967209816,80.2481307983,49510,49521,11
12.9677295685,80.2483596802,49521,49531,10
12.9684000015,80.2486190796,49531,49541,10
12.9692296982,80.2489624023,49541,49550,9
12.9701499939,80.2493362427,49550,49561,11
12.9714403152,80.2497406006,49561,49571,10
12.9728002548,80.2500686646,49571,49581,10
12.9740800858,80.2504501343,49581,49591,10
12.9753398895,80.2508087158,49591,49601,10
12.9765796661,80.2511672974,49601,49611,10
12.9776601791,80.2516784668,49611,49621,10
12.9784002304,80.2522583008,49621,49632,11
12.9784803391,80.2522964478,49632,49642,10
12.9788398743,80.252456665,49642,49652,10
12.97935009,80.2525787354,49652,49672,20
12.97935009,80.2525787354,49672,49682,10
12.9794902802,80.2525863647,49682,49692,10
12.9800100327,80.2526473999,49692,49702,10
12.980890274,80.2526321411,49702,49712,10
12.9819803238,80.2525863647,49712,49722,10
12.9831695557,80.2525177002,49722,49733,11
12.984459877,80.2522277832,49733,49743,10
12.9855203629,80.2519378662,49743,49753,10
12.986000061,80.2518081665,49753,49763,10
12.9861803055,80.251739502,49763,49773,10
12.9864797592,80.251701355,49773,49813,40
12.9864797592,80.251701355,49813,49823,10
12.9867095947,80.2516937256,49823,49833,10
12.987159729,80.2515563965,49833,49844,11
12.9875802994,80.2514419556,49844,49854,10
12.9878902435,80.251663208,49854,49864,10
12.9879798889,80.2521286011,49864,49874,10
12.9879598618,80.2527618408,49874,49884,10
12.9879102707,80.2532501221,49884,49894,10
12.9878396988,80.2539367676,49894,49904,10
12.9877595901,80.2548370361,49904,49914,10
12.9877195358,80.2555770874,49914,49944,30
12.9877195358,80.2555770874,49944,49955,11
12.9877099991,80.2557678223,49955,49965,10
12.9879598618,80.2558364868,49965,49975,10
12.9884195328,80.255897522,49975,49985,10
12.9885797501,80.2558898926,49985,49995,10
12.9890499115,80.2559432983,49995,50005,10
12.9897203445,80.2560882568,50005,50015,10
12.9905500412,80.2560882568,50015,50025,10
12.9913702011,80.2561416626,50025,50035,10
12.9925603867,80.2560424805,50035,50045,10
12.9934902191,80.2559967041,50045,50056,11
12.9941396713,80.2559661865,50056,50066,10
12.9946699142,80.2559432983,50066,50076,10
12.995349884,80.2559280396,50076,50086,10
12.9964399338,80.2558822632,50086,50106,20
12.9964399338,80.2558822632,50106,50116,10
12.9965696335,80.2558822632,50116,50126,10
12.9968595505,80.255897522,50126,50136,10
12.9973602295,80.2559127808,50136,50167,31
12.9973602295,80.2559127808,50167,50177,10
12.9975204468,80.2559661865,50177,50197,20
12.9975204468,80.2559661865,50197,50207,10
12.9976797104,80.2560424805,50207,50217,10
12.9976902008,80.2561416626,50217,50227,10
12.9976701736,80.2564468384,50227,50237,10
12.997420311,80.2568511963,50237,50540,303
12.9972200394,80.2568206787,50540,50712,172
12.9971504211,80.256690979,50712,51196,484
12.9971504211,80.256690979,51196,51206,10
12.9976196289,80.2563400269,51206,51923,717
12.9979696274,80.2562332153,51923,51973,50
12.9979696274,80.2562332153,51973,51983,10
12.9978599548,80.2560882568,51983,51993,10
12.9979095459,80.2559280396,51993,52003,10
12.998049736,80.2559432983,52003,52012,9
12.9982795715,80.2559509277,52012,52023,11
12.9988203049,80.2560577393,52023,52034,11
12.9994602203,80.2561569214,52034,52044,10
12.9999198914,80.2562789917,52044,52054,10
13.0000696182,80.2563171387,52054,52064,10
13.0003595352,80.2563934326,52064,52074,10
13.0008001328,80.2564926147,52074,52084,10
13.0012702942,80.2565078735,52084,52094,10
13.0016202927,80.2565765381,52094,52104,10
13.0020904541,80.256652832,52104,52114,10
13.0025396347,80.2567367554,52114,52124,10
13.0031003952,80.2568283081,52124,52135,11
13.0037002563,80.2569732666,52135,52145,10
13.0042695999,80.2570800781,52145,52155,10
13.0048398972,80.2571334839,52155,52165,10
13.0052499771,80.2572174072,52165,52175,10
13.0059900284,80.2573699951,52175,52235,60
13.0059900284,80.2573699951,52235,52246,11
13.0062599182,80.2574234009,52246,52256,10
13.0064897537,80.2573394775,52256,52266,10
13.0064496994,80.2567977905,52266,52276,10
13.0064496994,80.2562103271,52276,52286,10
13.0065097809,80.2553863525,52286,52296,10
13.0065402985,80.2546691895,52296,52306,10
13.0065402985,80.2537765503,52306,52316,10
13.0065698624,80.2528686523,52316,52326,10
13.0066003799,80.2525863647,52326,52336,10
13.0066995621,80.2526168823,52336,52346,10
13.0066404343,80.2533035278,52346,52456,110
13.0066404343,80.2533035278,52456,52468,12
13.0065803528,80.253616333,52468,52478,10
13.0065803528,80.2540130615,52478,52488,10
13.0065803528,80.2542877197,52488,52498,10
13.0065698624,80.2548294067,52498,52508,10
13.0065498352,80.2556381226,52508,52518,10
13.0066404343,80.2572784424,52518,52619,101
13.0066404343,80.2572784424,52619,52629,10
13.0067300797,80.2574310303,52629,52639,10
13.0063695908,80.2574691772,52639,52649,10
13.0060300827,80.2573776245,52649,52659,10
13.0054798126,80.25730896,52659,52669,10
13.004989624,80.2572097778,52669,52680,11
13.0043897629,80.2570877075,52680,52690,10
13.003660202,80.2569198608,52690,52700,10
13.0031204224,80.2568206787,52700,52710,10
13.0027198792,80.2567367554,52710,52720,10
13.0021600723,80.256652832,52720,52730,10
13.0013904572,80.2565383911,52730,52791,61
13.0013904572,80.2565383911,52791,52801,10
13.0012903214,80.2564926147,52801,52811,10
13.0009202957,80.256439209,52811,52821,10
13.0002098083,80.2563400269,52821,52831,10
12.9996500015,80.2562179565,52831,52841,10
12.9994096756,80.2561569214,52841,52851,10
12.9988803864,80.2560577393,52851,52861,10
12.9984703064,80.2560119629,52861,52871,10
12.998459816,80.2560119629,52871,52881,10
12.998339653,80.2559967041,52881,52891,10
12.9982299805,80.2559967041,52891,52902,11
12.9979600906,80.2559814453,52902,52912,10
12.9974603653,80.2559204102,52912,52922,10
12.9968900681,80.2558822632,52922,52932,10
12.9963798523,80.2558670044,52932,52942,10
12.995639801,80.2558898926,52942,52952,10
12.9950304031,80.2559204102,52952,52962,10
12.9942502975,80.2559509277,52962,52972,10
12.9933099747,80.2560119629,52972,52982,10
12.9922800064,80.2560424805,52982,52992,10
12.9914798737,80.2560119629,52992,53001,9
12.9909696579,80.2560119629,53001,53013,12
12.9902896881,80.2559967041,53013,53023,10
12.9900999069,80.2560119629,53023,53033,10
12.9900598526,80.2560119629,53033,53043,10
12.9897899628,80.2559890747,53043,53053,10
12.9895496368,80.2559814453,53053,53063,10
12.9891500473,80.2559204102,53063,53073,10
12.9888000488,80.2559280396,53073,53083,10
12.9887695313,80.2559204102,53083,53093,10
12.988530159,80.2558822632,53093,53124,31
12.988530159,80.2558822632,53124,53134,10
12.9880895615,80.2558288574,53134,53154,20
12.9880895615,80.2558288574,53154,53164,10
12.9877195358,80.2557983398,53164,53174,10
12.9873199463,80.2556991577,53174,53184,10
12.9862604141,80.2555007935,53184,53214,30
12.9862604141,80.2555007935,53214,53225,11
12.9859800339,80.2554702759,53225,53235,10
12.9856300354,80.2554397583,53235,53245,10
12.9851398468,80.2553405762,53245,53255,10
12.9847402573,80.255241394,53255,53265,10
12.984290123,80.2551498413,53265,53275,10
12.9836797714,80.2549591064,53275,53285,10
12.9830999374,80.2547836304,53285,53295,10
12.9824895859,80.2545776367,53295,53305,10
12.9821500778,80.2543487549,53305,53315,10
12.9819402695,80.2539215088,53315,53325,10
12.981760025,80.2531509399,53325,53336,11
12.9812097549,80.2527999878,53336,53346,10
12.980629921,80.2527923584,53346,53356,10
12.9801597595,80.2527618408,53356,53366,10
12.9799003601,80.2527313232,53366,53376,10
12.9794397354,80.2526473999,53376,53386,10
12.9787101746,80.2525634766,53386,53396,10
12.9785604477,80.2525177002,53396,53406,10
12.9781599045,80.2522735596,53406,53416,10
12.9774999619,80.2516784668,53416,53426,10
12.9764604568,80.2511978149,53426,53436,10
12.9752702713,80.2508468628,53436,53447,11
12.9738903046,80.2504425049,53447,53457,10
12.9726400375,80.2501068115,53457,53467,10
12.9712696075,80.2497406006,53467,53477,10
12.9698696136,80.2493133545,53477,53487,10
12.968460083,80.2487487793,53487,53497,10
12.9670495987,80.2481613159,53497,53507,10
12.9657497406,80.2475662231,53507,53517,10
12.9649896622,80.2473220825,53517,53527,10
12.9647798538,80.2472381592,53527,53537,10
12.9641704559,80.2470169067,53537,53547,10
12.9636602402,80.2468414307,53547,53558,11
12.9633998871,80.2466964722,53558,53568,10
12.9628095627,80.246383667,53568,53578,10
12.9619197845,80.2459411621,53578,53588,10
12.9607896805,80.2453918457,53588,53598,10
12.9595603943,80.2448272705,53598,53608,10
12.9584903717,80.2443389893,53608,53618,10
12.9575595856,80.2439727783,53618,53628,10
12.9568099976,80.2438430786,53628,53638,10
12.956700325,80.2437820435,53638,53648,10
12.956489563,80.2437210083,53648,53669,21
12.956489563,80.2437210083,53669,53679,10
12.956319809,80.2436828613,53679,53689,10
12.9559001923,80.2434616089,53689,53699,10
12.955160141,80.2430725098,53699,53709,10
12.9542703629,80.2426605225,53709,53719,10
12.9534196854,80.2422866821,53719,53729,10
12.9526596069,80.2419662476,53729,53739,10
12.9519500732,80.2416992188,53739,53749,10
12.9516401291,80.241607666,53749,53759,10
12.9513998032,80.2415084839,53759,53770,11
12.9507303238,80.2412719727,53770,53780,10
12.9495897293,80.2409362793,53780,53800,20
12.9495897293,80.2409362793,53800,53810,10
12.9494400024,80.2408828735,53810,53820,10
12.9489097595,80.2406997681,53820,53830,10
12.9480695724,80.2403564453,53830,53840,10
12.9470901489,80.2399520874,53840,53850,10
12.9467802048,80.2398681641,53850,53860,10
12.9462995529,80.2396774292,53860,53870,10
12.9455404282,80.2393188477,53870,53881,11
12.9446401596,80.23853302,53881,53891,10
12.9437599182,80.2375335693,53891,53901,10
12.942700386,80.2366333008,53901,53911,10
12.9413204193,80.2361831665,53911,53921,10
12.9400901794,80.2358703613,53921,53931,10
12.939740181,80.2357177734,53931,53941,10
12.9394197464,80.2355575562,53941,53951,10
12.9387302399,80.235206604,53951,53961,10
12.9378204346,80.2347412109,53961,53971,10
12.9366903305,80.2342071533,53971,53982,11
12.9353399277,80.2335891724,53982,53992,10
12.9341201782,80.2330474854,53992,54002,10
12.9338302612,80.2329177856,54002,54012,10
12.9337997437,80.2328872681,54012,54022,10
12.9334001541,80.2326965332,54022,54032,10
12.9326696396,80.2323989868,54032,54042,10
12.9316902161,80.2320709229,54042,54052,10
12.9304704666,80.2316818237,54052,54062,10
12.9292802811,80.2313766479,54062,54072,10
12.9286699295,80.2312469482,54072,54082,10
12.9278202057,80.2311172485,54082,54093,11
12.9265604019,80.2309799194,54093,54103,10
12.9252195358,80.2308197021,54103,54113,10
12.923910141,80.2306594849,54113,54123,10
12.9225902557,80.2304763794,54123,54133,10
12.9211997986,80.2302780151,54133,54143,10
12.9198799133,80.2301177979,54143,54153,10
12.9184703827,80.229927063,54153,54163,10
12.9170799255,80.2297515869,54163,54173,10
12.9156599045,80.2295532227,54173,54183,10
12.914270401,80.2293395996,54183,54193,10
12.9132900238,80.2292633057,54193,54204,11
12.9132404327,80.2292633057,54204,54214,10
12.9127902985,80.2291793823,54214,54224,10
12.911939621,80.229019165,54224,54234,10
12.9108695984,80.2288589478,54234,54244,10
12.9096002579,80.2286605835,54244,54254,10
12.9082202911,80.2284393311,54254,54264,10
12.9067802429,80.2282791138,54264,54315,51
12.9067802429,80.2282791138,54315,54325,10
12.9066095352,80.2282867432,54325,54335,10
12.90625,80.2282409668,54335,54345,10
12.9055995941,80.2282028198,54345,54355,10
12.9046497345,80.2281570435,54355,54365,10
12.903550148,80.2281112671,54365,54375,10
12.9024095535,80.2280807495,54375,54385,10
12.901599884,80.2280273438,54385,54395,10
12.9011602402,80.228012085,54395,54405,10
12.9009399414,80.2279663086,54405,54414,9
12.9004001617,80.2279129028,54414,54426,12
12.8992900848,80.2278671265,54426,54446,20
12.8992900848,80.2278671265,54446,54456,10
12.8992395401,80.227897644,54456,54466,10
12.8987503052,80.2278366089,54466,54476,10
12.8979501724,80.2277908325,54476,54486,10
12.8969402313,80.2277297974,54486,54496,10
12.8957195282,80.2276611328,54496,54506,10
12.894490242,80.2276077271,54506,54516,10
12.893409729,80.2275314331,54516,54527,11
12.892080307,80.2273864746,54527,54537,10
12.8907699585,80.2273788452,54537,54547,10
12.8893499374,80.2273788452,54547,54557,10
12.8878698349,80.2273101807,54557,54567,10
12.8863801956,80.2270431519,54567,54577,10
12.8851299286,80.2267608643,54577,54587,10
12.8847703934,80.2267379761,54587,54597,10
12.8844604492,80.2267303467,54597,54607,10
12.8837404251,80.2267303467,54607,54617,10
12.8827695847,80.2267379761,54617,54627,10
12.8815402985,80.2267303467,54627,54638,11
12.8800401688,80.2267532349,54638,54648,10
12.8785800934,80.2267913818,54648,54658,10
12.8773097992,80.2269134521,54658,54668,10
12.8765201569,80.2269897461,54668,54678,10
12.8764400482,80.2269973755,54678,54688,10
12.876250267,80.2270126343,54688,54698,10
12.8756504059,80.2269973755,54698,54708,10
12.8748102188,80.2268981934,54708,54718,10
12.8736896515,80.2267684937,54718,54728,10
12.8726396561,80.2267227173,54728,54738,10
12.871430397,80.2266616821,54738,54749,11
12.8699302673,80.2265396118,54749,54759,10
12.8684997559,80.2263793945,54759,54769,10
12.8670797348,80.2264709473,54769,54779,10
12.8656597137,80.2265777588,54779,54789,10
12.8643198013,80.2265396118,54789,54799,10
12.8629398346,80.2265014648,54799,54809,10
12.8615198135,80.2265777588,54809,54819,10
12.8606700897,80.226600647,54819,54829,10
12.8606004715,80.226600647,54829,54839,10
12.8601398468,80.2265319824,54839,54848,9
12.8594303131,80.2264175415,54848,54860,12
12.8581695557,80.226272583,54860,54870,10
12.8569202423,80.2263336182,54870,54880,10
12.8555603027,80.2264709473,54880,54890,10
12.8541202545,80.2266235352,54890,54900,10
12.8526296616,80.2267074585,54900,54910,10
12.8512401581,80.2266464233,54910,54920,10
12.8504199982,80.2266082764,54920,54930,10
12.8503704071,80.2266082764,54930,54940,10
12.8499202728,80.226600647,54940,54950,10
12.8491001129,80.2265777588,54950,54960,10
12.847990036,80.2265777588,54960,54971,11
12.846619606,80.2265777588,54971,54981,10
12.8456697464,80.2265777588,54981,54991,10
12.8450899124,80.2266235352,54991,55001,10
12.8450803757,80.2266235352,55001,55011,10
12.8449001312,80.2266235352,55011,55021,10
12.8443098068,80.2266311646,55021,55031,10
12.8434200287,80.2266616821,55031,55041,10
12.8423595428,80.2267990112,55041,55051,10
12.8409996033,80.227142334,55051,55062,11
12.8400001526,80.2275009155,55062,55072,10
12.8396196365,80.2276763916,55072,55082,10
12.8394002914,80.2277679443,55082,55092,10
12.8387498856,80.2279586792,55092,55102,10
12.8378400803,80.2281799316,55102,55112,10
12.8366603851,80.2283782959,55112,55122,10
12.8353204727,80.2285919189,55122,55132,10
12.833990097,80.2288131714,55132,55142,10
12.8328695297,80.229019165,55142,55152,10
12.8323097229,80.2291488647,55152,55162,10
12.8322496414,80.2291564941,55162,55172,10
12.8317298889,80.2292785645,55172,55183,11
12.8308095932,80.2295532227,55183,55193,10
12.8297195435,80.229927063,55193,55203,10
12.8286504745,80.2303924561,55203,55213,10
12.8275203705,80.2310333252,55213,55223,10
12.8263196945,80.231338501,55223,55233,10
12.8250102997,80.2313995361,55233,55243,10
12.8238096237,80.2311630249,55243,55253,10
12.8225498199,80.2307662964,55253,55263,10
12.8211803436,80.2304763794,55263,55273,10
12.8198003769,80.2304916382,55273,55283,10
12.818860054,80.2304916382,55283,55294,11
12.8187599182,80.23046875,55294,55304,10
12.8182401657,80.2302093506,55304,55314,10
12.8174200058,80.2298126221,55314,55324,10
12.8162899017,80.2294769287,55324,55334,10
12.8149700165,80.2292861938,55334,55344,10
12.8135700226,80.2289886475,55344,55354,10
12.8122301102,80.2285385132,55354,55364,10
12.8108997345,80.2280502319,55364,55374,10
12.809679985,80.2275238037,55374,55384,10
12.8086595535,80.2268829346,55384,55394,10
12.8076496124,80.22605896,55394,55405,11
12.8066396713,80.2251281738,55405,55415,10
12.8057203293,80.2243270874,55415,55425,10
12.8047504425,80.2239608765,55425,55455,30
12.8047504425,80.2239608765,55455,55465,10
12.8043403625,80.2239227295,55465,55475,10
12.8035402298,80.2238464355,55475,55485,10
12.8026695251,80.2237472534,55485,55495,10
12.8016500473,80.2236404419,55495,55506,11
12.8008098602,80.2235794067,55506,55516,10
12.8007001877,80.2235488892,55516,55526,10
12.8001298904,80.2235031128,55526,55536,10
12.7993097305,80.223449707,55536,55546,10
12.7981996536,80.2232284546,55546,55556,10
12.7968997955,80.2230377197,55556,55566,10
12.7958803177,80.2228927612,55566,55576,10
12.7957801819,80.2228775024,55576,55586,10
12.7955198288,80.2228622437,55586,55596,10
12.7947998047,80.2227325439,55596,55606,10
12.7938203812,80.2225799561,55606,55617,11
12.7924995422,80.222366333,55617,55627,10
12.7912597656,80.2220916748,55627,55637,10
12.7899999619,80.2217712402,55637,55647,10
12.7891902924,80.221496582,55647,55657,10
12.7884302139,80.2211990356,55657,55667,10
12.7877902985,80.220916748,55667,55677,10
12.7874097824,80.2207794189,55677,55687,10
12.7863397598,80.2203826904,55687,55707,20
12.7863397598,80.2203826904,55707,55717,10
12.7860603333,80.2202529907,55717,55728,11
12.7853498459,80.2199172974,55728,55738,10
12.784740448,80.219619751,55738,55748,10
12.7846603394,80.2195892334,55748,55756,8
12.7844495773,80.2194824219,55756,55768,12
12.7836303711,80.2190170288,55768,55778,10
12.7826700211,80.2184906006,55778,55788,10
12.7815799713,80.2178878784,55788,55798,10
12.7804203033,80.2172622681,55798,55808,10
12.7794103622,80.2167663574,55808,55818,10
12.7784996033,80.2162704468,55818,55828,10
12.7773103714,80.2157287598,55828,55839,11
12.7758302689,80.2151184082,55839,55849,10
12.774430275,80.2145614624,55849,55859,10
12.7730398178,80.2140197754,55859,55869,10
12.7716903687,80.2135009766,55869,55879,10
12.7707595825,80.2131576538,55879,55889,10
12.7707004547,80.2130966187,55889,55899,10
12.7707796097,80.2129364014,55899,55909,10
12.7709102631,80.2127304077,55909,55919,10
12.771030426,80.2121124268,55919,55929,10
12.7713403702,80.21118927,55929,55940,11
12.7718896866,80.2101135254,55940,55950,10
12.7723398209,80.2089385986,55950,55960,10
12.7726802826,80.2076721191,55960,55970,10
12.773059845,80.2063369751,55970,55990,20
12.773059845,80.2063369751,55990,56000,10
12.7731800079,80.2059020996,56000,56010,10
12.773349762,80.2050628662,56010,56020,10
12.7734699249,80.2039413452,56020,56030,10
12.7737197876,80.2026977539,56030,56041,11
12.7738399506,80.2014923096,56041,56051,10
12.7738800049,80.2009811401,56051,56061,10
12.773900032,80.2007217407,56061,56071,10
12.7739696503,80.1999969482,56071,56081,10
12.7740602493,80.1990127563,56081,56091,10
12.7741603851,80.1978378296,56091,56101,10
12.7742004395,80.196762085,56101,56111,10
12.7742700577,80.1955566406,56111,56121,10
12.7744703293,80.194442749,56121,56131,10
12.7746095657,80.1937866211,56131,56141,10
12.7746200562,80.1937484741,56141,56151,10
12.7747497559,80.1933364868,56151,56162,11
12.775179863,80.1926574707,56162,56172,10
12.7752799988,80.1917724609,56172,56182,10
12.7749099731,80.1907196045,56182,56192,10
12.774140358,80.1898803711,56192,56202,10
12.7730102539,80.1893463135,56202,56212,10
12.7719297409,80.188911438,56212,56222,10
12.7710695267,80.1883087158,56222,56232,10
12.7707700729,80.1859436035,56232,56242,10
12.7707700729,80.1859436035,56242,56252,10
12.7706899643,80.1848220825,56252,56261,9
12.7702798843,80.1845703125,56261,56281,20
12.7691297531,80.184173584,56281,56291,10
12.7690095901,80.1840896606,56291,56301,10
12.7686195374,80.1837081909,56301,56311,10
12.768119812,80.183380127,56311,56321,10
12.7673997879,80.1831436157,56321,56331,10
12.766579628,80.1827774048,56331,56341,10
12.76583004,80.1826324463,56341,56351,10
12.7653398514,80.1825790405,56351,56361,10
12.7645196915,80.1824798584,56361,56371,10
12.7637901306,80.1823730469,56371,56382,11
12.7633800507,80.1827774048,56382,56392,10
12.7631998062,80.1834106445,56392,56402,10
12.7630996704,80.1837005615,56402,56412,10
12.7629995346,80.184173584,56412,56422,10
12.7630195618,80.1846084595,56422,56432,10
12.7628297806,80.1850128174,56432,56442,10
12.7623996735,80.184928894,56442,56452,10
12.7618703842,80.184928894,56452,56462,10
12.7614803314,80.1848297119,56462,56472,10
12.7612400055,80.1848373413,56472,56483,11
12.7613801956,80.1848907471,56483,57159,676
12.7613801956,80.1848907471,57159,57169,10
12.7615003586,80.1849136353,57169,57179,10
12.7617902756,80.1849594116,57179,57189,10
12.7621603012,80.184967041,57189,57199,10
12.7626399994,80.1849975586,57199,57209,10
12.762960434,80.1847610474,57209,57219,10
12.7629899979,80.1842803955,57219,57229,10
12.7630395889,80.1838531494,57229,57239,10
12.7631797791,80.1834564209,57239,57250,11
12.7631797791,80.1834411621,57250,57260,10
12.7633304596,80.1829910278,57260,57270,10
12.7635602951,80.1824493408,57270,57280,10
12.7642202377,80.182510376,57280,57290,10
12.7651195526,80.1826019287,57290,57300,10
12.7660102844,80.1827163696,57300,57310,10
12.7667999268,80.1829376221,57310,57320,10
12.7676496506,80.1832885742,57320,57330,10
12.7684202194,80.18359375,57330,57340,10
12.7688999176,80.1840286255,57340,57350,10
12.769200325,80.1842422485,57350,57361,11
12.769370079,80.1843185425,57361,57371,10
12.7699699402,80.1845626831,57371,57381,10
12.7706403732,80.1847229004,57381,57391,10
12.7707300186,80.184967041,57391,57401,10
12.7707796097,80.1856536865,57401,57411,10
12.7708501816,80.1865005493,57411,57421,10
12.7709302902,80.1870803833,57421,57431,10
12.7709302902,80.1871032715,57431,57441,10
12.7709598541,80.1874694824,57441,57451,10
12.7710695267,80.1882019043,57451,57461,10
12.7715797424,80.1888427734,57461,57472,11
12.7726802826,80.1892166138,57472,57482,10
12.7736501694,80.1896209717,57482,57492,10
12.7745800018,80.1903915405,57492,57502,10
12.7752504349,80.1914901733,57502,57512,10
12.7753696442,80.192527771,57512,57522,10
12.7746496201,80.1938400269,57522,57542,20
12.7746496201,80.1938400269,57542,57552,10
12.7745704651,80.1941680908,57552,57562,10
12.7744398117,80.1947937012,57562,57572,10
12.7743301392,80.1952819824,57572,57583,11
12.7742395401,80.1961669922,57583,57593,10
12.7741804123,80.1972808838,57593,57603,10
12.774140358,80.1984786987,57603,57613,10
12.7740097046,80.1997680664,57613,57623,10
12.773900032,80.2009811401,57623,57633,10
12.7738103867,80.2021789551,57633,57643,10
12.7735996246,80.2034225464,57643,57653,10
12.7734203339,80.2047195435,57653,57663,10
12.7732400894,80.2058029175,57663,57673,10
12.7730703354,80.2064285278,57673,57684,11
12.7730703354,80.2064437866,57684,57694,10
12.7730398178,80.20652771,57694,57704,10
12.7728700638,80.207069397,57704,57714,10
12.7726297379,80.2079315186,57714,57724,10
12.7723398209,80.2090530396,57724,57734,10
12.7718601227,80.2102737427,57734,57744,10
12.7713098526,80.2113189697,57744,57754,10
12.7710504532,80.2120895386,57754,57764,10
12.7708597183,80.2129211426,57764,57773,9
12.7708501816,80.2131576538,57773,57784,11
12.770939827,80.2132263184,57784,57795,11
12.7715101242,80.2134170532,57795,57805,10
12.772310257,80.2136993408,57805,57815,10
12.7731599808,80.2140274048,57815,57825,10
12.7742004395,80.2144317627,57825,57835,10
12.7754096985,80.2149200439,57835,57845,10
12.7767095566,80.2154464722,57845,57855,10
12.7780504227,80.2160110474,57855,57865,10
12.7793598175,80.2166671753,57865,57875,10
12.780579567,80.217338562,57875,57885,10
12.7818698883,80.2180328369,57885,57895,10
12.7831401825,80.2187271118,57895,57906,11
12.7840795517,80.2192382813,57906,57946,40
12.7840795517,80.2192382813,57946,57956,10
12.7841701508,80.2193069458,57956,57966,10
12.7845201492,80.2195205688,57966,57986,20
12.7846498489,80.219619751,57986,58006,20
12.7847700119,80.2196731567,58006,58057,51
12.7847700119,80.2196731567,58057,58067,10
12.7849397659,80.2197723389,58067,58077,10
12.7852697372,80.2199172974,58077,58087,10
12.7854404449,80.2200088501,58087,58097,10
12.7855596542,80.2200775146,58097,58106,9
12.7857303619,80.220161438,58106,58138,32
12.7857303619,80.220161438,58138,58148,10
12.7858600616,80.2202377319,58148,58158,10
12.7861499786,80.2203369141,58158,58178,20
12.7861499786,80.2203369141,58178,58188,10
12.7862195969,80.2203826904,58188,58198,10
12.7866201401,80.2205429077,58198,58208,10
12.7871599197,80.220741272,58208,58218,10
12.7876596451,80.2209320068,58218,58229,11
12.7883796692,80.2211990356,58229,58239,10
12.7892398834,80.2215423584,58239,58249,10
12.7898797989,80.2217636108,58249,58259,10
12.7906703949,80.2219772339,58259,58269,10
12.7917900085,80.2222824097,58269,58279,10
12.7928199768,80.2225189209,58279,58289,10
12.7941198349,80.22265625,58289,58299,10
12.7953100204,80.2228393555,58299,58309,10
12.7959699631,80.2229385376,58309,58318,9
12.7962503433,80.2229614258,58318,58330,12
12.7962903976,80.2229690552,58330,58340,10
12.7965297699,80.2230224609,58340,58350,10
12.7971601486,80.2231521606,58350,58360,10
12.7980003357,80.2232666016,58360,58370,10
12.799079895,80.2233886719,58370,58380,10
12.8002595901,80.2235031128,58380,58390,10
12.801320076,80.2236022949,58390,58400,10
12.8023300171,80.2237091064,58400,58410,10
12.802980423,80.2238082886,58410,58420,10
12.8032197952,80.2238311768,58420,58430,10
12.8038396835,80.2238769531,58430,58440,10
12.8046998978,80.2239837646,58440,58451,11
12.8055095673,80.2241897583,58451,58461,10
12.8060398102,80.2245483398,58461,58471,10
12.8063001633,80.2247695923,58471,58481,10
12.80671978,80.2251434326,58481,58491,10
12.8074197769,80.2257537842,58491,58501,10
12.8083400726,80.2265319824,58501,58511,10
12.8093500137,80.2273178101,58511,58521,10
12.8103399277,80.2277679443,58521,58531,10
12.8114004135,80.2282028198,58531,58541,10
12.8126602173,80.2286682129,58541,58550,9
12.8138904572,80.2290802002,58550,58562,12
12.8155202866,80.2293777466,58562,58572,10
12.8168201447,80.2295608521,58572,58582,10
12.8177604675,80.229850769,58582,58592,10
12.8178701401,80.2299194336,58592,58602,10
12.8182897568,80.2301483154,58602,58612,10
12.8190603256,80.2304763794,58612,58622,10
12.8197603226,80.2304763794,58622,58632,10
12.8199300766,80.23046875,58632,58642,10
12.8205795288,80.2304534912,58642,58652,10
12.8215303421,80.2304763794,58652,58663,11
12.8227796555,80.2308120728,58663,58673,10
12.8239402771,80.2311401367,58673,58683,10
12.8250703812,80.2313995361,58683,58693,10
12.8261995316,80.2313690186,58693,58703,10
12.827249527,80.2312316895,58703,58713,10
12.8281803131,80.2306900024,58713,58723,10
12.8290395737,80.230178833,58723,58733,10
12.8298902512,80.2298202515,58733,58743,10
12.8306303024,80.2295608521,58743,58753,10
12.8310804367,80.2294006348,58753,58764,11
12.8311595917,80.2294006348,58764,58774,10
12.831609726,80.2292175293,58774,58814,40
12.831609726,80.2292175293,58814,58824,10
12.8319301605,80.229133606,58824,58834,10
12.8326501846,80.2289962769,58834,58844,10
12.8336696625,80.2288208008,58844,58854,10
12.8349103928,80.2286224365,58854,58865,11
12.8364295959,80.2283782959,58865,58874,9
12.8376998901,80.2281570435,58874,58885,11
12.8388996124,80.2278823853,58885,58895,10
12.8392801285,80.2277679443,58895,58925,30
12.8392801285,80.2277679443,58925,58935,10
12.8396196365,80.2276916504,58935,58945,10
12.8403196335,80.2275085449,58945,58955,10
12.8412504196,80.2272720337,58955,58965,10
12.8424396515,80.2269897461,58965,58975,10
12.8437700272,80.2268066406,58975,58986,11
12.8449296951,80.2266464233,58986,58996,10
12.845580101,80.226600647,58996,59006,10
12.8456497192,80.226600647,59006,59016,10
12.8461103439,80.2265625,59016,59026,10
12.8469495773,80.2265701294,59026,59036,10
12.8480596542,80.2265625,59036,59046,10
12.8493099213,80.2265777588,59046,59056,10
12.8500204086,80.2265472412,59056,59066,10
12.850110054,80.2265319824,59066,59076,10
12.8506402969,80.2265319824,59076,59085,9
12.8514499664,80.2265777588,59085,59097,12
12.8528003693,80.2266616821,59097,59107,10
12.8541402817,80.2265930176,59107,59117,10
12.8555603027,80.2264404297,59117,59127,10
12.8569602966,80.2262878418,59127,59137,10
12.8581495285,80.2262191772,59137,59147,10
12.8591995239,80.2263183594,59147,59157,10
12.8604698181,80.2265472412,59157,59167,10
12.8616800308,80.2265625,59167,59177,10
12.8630895615,80.2265014648,59177,59187,10
12.864569664,80.2265472412,59187,59196,9
12.865940094,80.2265472412,59196,59208,12
12.8676204681,80.2264175415,59208,59218,10
12.8690299988,80.2264175415,59218,59228,10
12.8702497482,80.2265701294,59228,59238,10
12.8713998795,80.2266616821,59238,59248,10
12.872420311,80.2266616821,59248,59258,10
12.873290062,80.2266769409,59258,59268,10
12.8744297028,80.2267990112,59268,59278,10
12.8756399155,80.2269287109,59278,59287,9
12.8763599396,80.2269134521,59287,59298,11
12.8767995834,80.2269210815,59298,59308,10
12.8774404526,80.226852417,59308,59319,11
12.8785200119,80.2267684937,59319,59329,10
12.8797597885,80.2267303467,59329,59339,10
12.8811397552,80.2267303467,59339,59349,10
12.8825702667,80.2267227173,59349,59359,10
12.8838500977,80.2266921997,59359,59400,41
12.8851499557,80.2266464233,59400,59411,11
12.8853302002,80.2266693115,59411,59422,11
12.8859901428,80.2268295288,59422,59432,10
12.8868503571,80.2270736694,59432,59442,10
12.8878803253,80.2272491455,59442,59452,10
12.8890104294,80.2273406982,59452,59462,10
12.8902597427,80.2273330688,59462,59472,10
12.8915700912,80.2273406982,59472,59482,10
12.8927202225,80.2273864746,59482,59492,10
12.8936300278,80.2275085449,59492,59502,10
12.8946399689,80.2276077271,59502,59512,10
12.8958501816,80.2276611328,59512,59522,10
12.8971500397,80.2277069092,59522,59533,11
12.8985204697,80.2277679443,59533,59543,10
12.8995704651,80.2278518677,59543,59553,10
12.9002504349,80.2277832031,59553,59603,50
12.9002504349,80.2277832031,59603,59612,9
12.9005899429,80.2279129028,59612,59623,11
12.9006500244,80.227897644,59623,59633,10
12.9009599686,80.2279205322,59633,59644,11
12.9012498856,80.2279663086,59644,59654,10
12.9015302658,80.2279891968,59654,59664,10
12.9021396637,80.228012085,59664,59674,10
12.9027099609,80.2280273438,59674,59684,10
12.9027204514,80.2280273438,59684,59694,10
12.9031000137,80.2280731201,59694,59704,10
12.903840065,80.2281188965,59704,59714,10
12.9045200348,80.2281723022,59714,59724,10
12.9047498703,80.228187561,59724,59745,21
12.9047498703,80.228187561,59745,59755,10
12.9050302505,80.228187561,59755,59765,10
12.9054203033,80.228187561,59765,59775,10
12.9054498672,80.228187561,59775,59785,10
12.9056396484,80.2282180786,59785,59795,10
12.90583992,80.2282485962,59795,59805,10
12.906129837,80.2282562256,59805,59866,61
12.906129837,80.2282562256,59866,59876,10
12.9064598083,80.2282485962,59876,59886,10
12.9066696167,80.2282562256,59886,59896,10
12.9071397781,80.2282791138,59896,59906,10
12.9079799652,80.2283935547,59906,59916,10
12.909119606,80.2285766602,59916,59926,10
12.9104204178,80.2287979126,59926,59936,10
12.9117498398,80.2290115356,59936,59946,10
12.9128599167,80.2291717529,59946,59955,9
12.913769722,80.2292709351,59955,59967,12
12.9139795303,80.2293014526,59967,59977,10
12.914349556,80.229347229,59977,59987,10
12.9150295258,80.2294311523,59987,59997,10
12.9160203934,80.2295837402,59997,60007,10
12.9172401428,80.2297210693,60007,60017,10
12.9185400009,80.229927063,60017,60027,10
12.9196395874,80.2300720215,60027,60037,10
12.9208803177,80.2302398682,60037,60047,10
12.9221000671,80.2304077148,60047,60057,10
12.9231595993,80.2305908203,60057,60068,11
12.9239501953,80.23072052,60068,60078,10
12.9248199463,80.2308425903,60078,60088,10
12.9257202148,80.2309494019,60088,60098,10
12.9259700775,80.2309265137,60098,60108,10
12.9262199402,80.23097229,60108,60118,10
12.9267301559,80.2310180664,60118,60128,10
12.9275197983,80.2311172485,60128,60138,10
12.9283504486,80.2312088013,60138,60158,20
12.9283504486,80.2312088013,60158,60168,10
12.928609848,80.2312698364,60168,60179,11
12.9288902283,80.2313308716,60179,60189,10
12.9295101166,80.2314300537,60189,60199,10
12.9303598404,80.2316436768,60199,60209,10
12.931429863,80.2319564819,60209,60219,10
12.9325799942,80.2323226929,60219,60229,10
12.9335699081,80.2327194214,60229,60239,10
12.9337396622,80.2328109741,60239,60249,10
12.9337797165,80.2327804565,60249,60259,10
12.9343299866,80.233039856,60259,60269,10
12.9350204468,80.2333831787,60269,60280,11
12.9355602264,80.2336730957,60280,60290,10
12.9357500076,80.2337799072,60290,60300,10
12.9362802505,80.2340164185,60300,60310,10
12.937040329,80.2343826294,60310,60320,10
12.9380397797,80.2348403931,60320,60330,10
12.9390897751,80.2353515625,60330,60340,10
12.9396800995,80.2356491089,60340,60350,10
12.9398403168,80.2356872559,60350,60360,10
12.9404802322,80.2359313965,60360,60370,10
12.9413604736,80.2361679077,60370,60380,10
12.942440033,80.2364730835,60380,60391,11
12.943479538,80.2371520996,60391,60401,10
12.9441900253,80.237953186,60401,60411,10
12.9449796677,80.238822937,60411,60421,10
12.9459295273,80.2394866943,60421,60431,10
12.9468803406,80.2398910522,60431,60441,10
12.9474802017,80.2401123047,60441,60451,10
12.9476900101,80.2401733398,60451,60461,10
12.9481697083,80.2403717041,60461,60471,10
12.9487199783,80.240562439,60471,60481,10
12.9492301941,80.2407608032,60481,60491,10
12.9497003555,80.2409515381,60491,60502,11
12.9505500793,80.2412185669,60502,60512,10
12.9511499405,80.2414169312,60512,60532,20
12.9511499405,80.2414169312,60532,60542,10
12.9513597488,80.2415008545,60542,60552,10
12.9518899918,80.2416763306,60552,60562,10
12.9525098801,80.2418823242,60562,60572,10
12.9531402588,80.242149353,60572,60582,10
12.9538698196,80.2424697876,60582,60592,10
12.9547395706,80.2427825928,60592,60602,10
12.9555797577,80.2430877686,60602,60613,11
12.9562501907,80.2432937622,60613,60623,10
12.9565000534,80.2434082031,60623,60633,10
12.9570102692,80.2436523438,60633,60643,10
12.9576997757,80.2439804077,60643,60653,10
12.958319664,80.2442398071,60653,60663,10
12.9587202072,80.2444229126,60663,60683,20
12.9587202072,80.2444229126,60683,60693,10
12.9590501785,80.2446212769,60693,60703,10
12.9596700668,80.2449035645,60703,60714,11
12.9605998993,80.2453079224,60714,60724,10
12.9616804123,80.2458190918,60724,60734,10
12.9628000259,80.2463302612,60734,60744,10
12.9631500244,80.2464981079,60744,60784,40
12.9631500244,80.2464981079,60784,60794,10
12.9634199142,80.2466278076,60794,60804,10
12.9638395309,80.2468032837,60804,60815,11
12.9645900726,80.2471084595,60815,60825,10
12.965259552,80.2473526001,60825,60835,10
12.965929985,80.2475891113,60835,60845,10
12.966509819,80.247833252,60845,60855,10
12.9669599533,80.2480316162,60855,60865,10
12.9670495987,80.2480926514,60865,60875,10
12.9674396515,80.2482681274,60875,60885,10
12.9680204391,80.2485198975,60885,60895,10
12.9687595367,80.248840332,60895,60905,10
12.9695596695,80.2491531372,60905,60915,10
12.970459938,80.2495193481,60915,60925,10
12.9715795517,80.2498779297,60925,60936,11
12.9729099274,80.2502212524,60936,60946,10
12.9740200043,80.2505111694,60946,60956,10
12.9751501083,80.250831604,60956,60966,10
12.9763402939,80.2511672974,60966,60976,10
12.9773302078,80.2515182495,60976,60986,10
12.9780302048,80.2520599365,60986,60996,10
12.9785699844,80.2523880005,60996,61006,10
12.9786701202,80.2524414063,61006,61016,10
12.9788799286,80.2525177002,61016,61026,10
12.9792804718,80.2525863647,61026,61035,9
12.9793100357,80.2526016235,61035,61047,12
12.9793596268,80.2526016235,61047,61057,10
12.9798402786,80.2526473999,61057,61067,10
12.9804801941,80.2526626587,61067,61077,10
12.9812402725,80.2526473999,61077,61087,10
12.982170105,80.2526321411,61087,61097,10
12.9831800461,80.2525634766,61097,61107,10
12.98416996,80.2523574829,61107,61117,10
12.9849996567,80.2521362305,61117,61127,10
12.9853696823,80.2519989014,61127,61208,81
12.9853696823,80.2519989014,61208,61218,10
12.9855499268,80.251953125,61218,61228,10
12.9860496521,80.2518386841,61228,61237,9
12.9865503311,80.2517166138,61237,61249,12
12.987159729,80.2515487671,61249,61259,10
12.9875802994,80.2514266968,61259,61269,10
12.9879198074,80.2515029907,61269,61279,10
12.9879903793,80.2518692017,61279,61289,10
12.9880199432,80.2520904541,61289,61299,10
12.9880199432,80.2525634766,61299,61309,10
12.987950325,80.2532272339,61309,61319,10
12.9879398346,80.2533493042,61319,61329,10
12.9879398346,80.2534103394,61329,61339,10
12.9878797531,80.2539520264,61339,61349,10
12.987830162,80.2545928955,61349,61360,11
12.9877796173,80.2551727295,61360,61370,10
12.9877099991,80.2555770874,61370,61380,10
12.9877901077,80.255859375,61380,61390,10
12.9882698059,80.2558822632,61390,61400,10
12.9887895584,80.2559204102,61400,61420,20
12.9887895584,80.2559204102,61420,61430,10
12.9891395569,80.2559432983,61430,61440,10
12.9896802902,80.2559509277,61440,61450,10
12.9902896881,80.2559661865,61450,61461,11
12.9907598495,80.2559661865,61461,61471,10
12.9913902283,80.2560119629,61471,61481,10
12.9922599792,80.256072998,61481,61491,10
12.9931497574,80.2560424805,61491,61501,10
12.9938802719,80.2559585571,61501,61511,10
12.9942398071,80.2559509277,61511,61521,10
12.994799614,80.2558898926,61521,61570,49
12.994799614,80.2558898926,61570,61582,12
12.9950895309,80.2559432983,61582,61592,10
12.9952898026,80.2559204102,61592,61602,10
12.9956598282,80.2558288574,61602,61612,10
12.9965200424,80.2558288574,61612,61672,60
12.9965200424,80.2558288574,61672,61683,11
12.996919632,80.255821228,61683,61693,10
12.9971904755,80.255821228,61693,61703,10
12.9977903366,80.255897522,61703,61713,10
12.998339653,80.2559509277,61713,61723,10
12.9988698959,80.2560577393,61723,61743,20
12.9988698959,80.2560577393,61743,61753,10
12.9991598129,80.2561721802,61753,61763,10
12.9996299744,80.2562637329,61763,61773,10
13.000120163,80.2563476563,61773,61784,11
13.0007200241,80.256439209,61784,61793,9
13.0012998581,80.2565231323,61793,61804,11
13.0017795563,80.2565917969,61804,61814,10
13.0022802353,80.2566680908,61814,61824,10
13.0026102066,80.2567520142,61824,61834,10
13.0029001236,80.2567977905,61834,61844,10
13.0032396317,80.2568588257,61844,61854,10
13.0035600662,80.2569198608,61854,61864,10
13.0038604736,80.256980896,61864,61874,10
13.0041599274,80.2570266724,61874,61884,10
13.0044002533,80.2570800781,61884,61894,10
13.0049600601,80.2571182251,61894,61955,61
13.0049600601,80.2571182251,61955,61965,10
13.0054502487,80.2572402954,61965,61975,10
13.0058403015,80.2573471069,61975,61985,10
13.0063896179,80.2574234009,61985,61995,10
13.0065097809,80.2570037842,61995,62006,11
13.0065002441,80.2562179565,62006,62016,10
13.0065002441,80.2555084229,62016,62026,10
13.0065402985,80.2547683716,62026,62036,10
13.0065498352,80.2538299561,62036,62046,10
13.0065402985,80.2529678345,62046,62056,10
13.0065803528,80.2526626587,62056,62066,10
13.0066795349,80.2526168823,62066,62076,10
13.0066404343,80.2532196045,62076,63186,1110
13.0065898895,80.2534408569,63186,63540,354
13.0065898895,80.2534408569,63540,63550,10
13.0066699982,80.2535171509,63550,63560,10
13.0066795349,80.2537689209,63560,63570,10
13.0066795349,80.253868103,63570,63580,10
13.0066604614,80.2541275024,63580,63590,10
13.0066404343,80.2544326782,63590,63600,10
13.0066099167,80.2547988892,63600,63610,10
13.0066099167,80.2552490234,63610,63619,9
13.0065803528,80.2559814453,63619,63631,12
13.0066604614,80.2574386597,63631,63762,131
13.0066604614,80.2574386597,63762,63772,10
13.0065603256,80.2577819824,63772,63782,10
13.0061397552,80.2576828003,63782,63792,10
13.0054302216,80.2574081421,63792,63802,10
13.004529953,80.2571487427,63802,63812,10
13.0037498474,80.256980896,63812,63822,10
13.0030002594,80.2567672729,63822,63852,30
13.0030002594,80.2567672729,63852,63863,11
13.0029201508,80.2567901611,63863,63873,10
13.0025596619,80.256729126,63873,63883,10
13.0021095276,80.2566680908,63883,63893,10
13.00137043,80.2565765381,63893,63974,81
13.00137043,80.2565765381,63974,63984,10
13.0009202957,80.2564926147,63984,63994,10
13.0002698898,80.2563705444,63994,64004,10
12.9996099472,80.2562179565,64004,64014,10
12.9986095428,80.256072998,64014,64034,20
12.9986095428,80.256072998,64034,64044,10
12.9983997345,80.2560424805,64044,64054,10
12.998169899,80.2559814453,64054,64064,10
12.9977703094,80.2559432983,64064,64075,11
12.9973697662,80.2559509277,64075,64085,10
12.9969797134,80.2559204102,64085,64095,10
12.996629715,80.255897522,64095,64105,10
12.9961395264,80.2558822632,64105,64115,10
12.9956102371,80.2559127808,64115,64125,10
12.9950504303,80.2558898926,64125,64135,10
12.9944896698,80.2559661865,64135,64145,10
12.9939899445,80.2560272217,64145,64155,10
12.993180275,80.2560882568,64155,64165,10
12.9920701981,80.2561035156,64165,64176,11
12.9909200668,80.2560424805,64176,64186,10
12.9902496338,80.2560577393,64186,64196,10
12.9900798798,80.256072998,64196,64206,10
12.9896602631,80.2560272217,64206,64216,10
12.9888095856,80.2559432983,64216,64236,20
12.9888095856,80.2559432983,64236,64246,10
12.9887304306,80.2559204102,64246,64256,10
12.9883499146,80.2558822632,64256,64266,10
12.987859726,80.255821228,64266,64387,121
12.987859726,80.255821228,64387,64398,11
12.9876899719,80.2558135986,64398,64408,10
12.987159729,80.2556991577,64408,64418,10
12.9863595963,80.255569458,64418,64428,10
12.9861001968,80.2555236816,64428,64438,10
12.9859895706,80.2555007935,64438,64448,10
12.9858198166,80.2555084229,64448,64458,10
12.9853696823,80.2553863525,64458,64468,10
12.9845895767,80.2551116943,64468,64478,10
12.9839401245,80.2549667358,64478,64488,10
12.9833498001,80.2548294067,64488,64498,10
12.9828500748,80.2547531128,64498,64509,11
12.9821996689,80.2543182373,64509,64519,10
12.9818897247,80.2536468506,64519,64529,10
12.9816904068,80.2529830933,64529,64539,10
12.9810199738,80.2527999878,64539,64549,10
12.9803695679,80.252822876,64549,64559,10
12.9800100327,80.2528076172,64559,64569,10
12.9794101715,80.2526931763,64569,64579,10
12.978679657,80.2526016235,64579,64589,10
12.9786100388,80.252571106,64589,64600,11
12.9782495499,80.2523574829,64600,64610,10
12.9776697159,80.2518463135,64610,64620,10
12.9769296646,80.2513885498,64620,64630,10
12.9759101868,80.2510681152,64630,64640,10
12.9748802185,80.2507705688,64640,64650,10
12.973690033,80.2504425049,64650,64660,10
12.9725103378,80.2501296997,64660,64670,10
12.9714202881,80.2498321533,64670,64680,10
12.9706697464,80.2496566772,64680,64690,10
12.9698600769,80.2493515015,64690,64700,10
12.968870163,80.2489471436,64700,64710,10
12.9679098129,80.2485198975,64710,64721,11
12.9670600891,80.2481613159,64721,64731,10
12.9664697647,80.2478713989,64731,64741,10
12.9657402039,80.2475585938,64741,64751,10
12.9653501511,80.2473983765,64751,64771,20
12.9653501511,80.2473983765,64771,64781,10
12.9651403427,80.2472915649,64781,64791,10
12.9645795822,80.2471008301,64791,64800,9
12.9639101028,80.246887207,64800,64832,32
12.9639101028,80.246887207,64832,64842,10
12.9636001587,80.2468338013,64842,64852,10
12.9630699158,80.2465515137,64852,64862,10
12.9623203278,80.2461929321,64862,64872,10
12.9614095688,80.2457504272,64872,64882,10
12.9605798721,80.2453613281,64882,64892,10
12.9600400925,80.2451019287,64892,64902,10
12.9595804214,80.2449111938,64902,64912,10
12.9594097137,80.2448425293,64912,64923,11
12.9591398239,80.2447128296,64923,64933,10
12.9585599899,80.2444381714,64933,64943,10
12.9579601288,80.2442092896,64943,64953,10
12.9574699402,80.2440109253,64953,64963,10
12.9568195343,80.243850708,64963,64973,10
12.9563999176,80.2437210083,64973,64983,10
12.9561004639,80.2435836792,64983,64993,10
12.9554395676,80.2432022095,64993,65003,10
12.9545898438,80.2427978516,65003,65013,10
12.953789711,80.2424621582,65013,65023,10
12.952870369,80.2420883179,65023,65034,11
12.9519996643,80.2417678833,65034,65044,10
12.9518499374,80.2417221069,65044,65054,10
12.9516401291,80.2416687012,65054,65064,10
12.9510402679,80.2414398193,65064,65074,10
12.9502401352,80.2411804199,65074,65084,10
12.9492702484,80.2408676147,65084,65104,20
12.9492702484,80.2408676147,65104,65114,10
12.9492101669,80.2408370972,65114,65124,10
12.9487600327,80.2406768799,65124,65135,11
12.9479198456,80.2403335571,65135,65145,10
12.9471597672,80.2400436401,65145,65155,10
12.9470596313,80.2399978638,65155,65165,10
12.9468803406,80.2399291992,65165,65175,10
12.9466199875,80.2397994995,65175,65185,10
12.9459695816,80.2395172119,65185,65195,10
12.9451599121,80.2390594482,65195,65205,10
12.9443597794,80.2382202148,65205,65215,10
12.9434604645,80.2373123169,65215,65225,10
12.94231987,80.2365188599,65225,65235,10
12.9409198761,80.2361373901,65235,65245,10
12.9399299622,80.2358627319,65245,65256,11
12.939740181,80.2358016968,65256,65266,10
12.939499855,80.2356796265,65266,65276,10
12.9389696121,80.2354125977,65276,65286,10
12.9382295609,80.2350311279,65286,65296,10
12.9372901917,80.2345809937,65296,65306,10
12.9363098145,80.2341079712,65306,65316,10
12.9359397888,80.2339401245,65316,65326,10
12.9357700348,80.2338562012,65326,65336,10
12.935210228,80.2335891724,65336,65346,10
12.9343795776,80.2332229614,65346,65357,11
12.933930397,80.2330169678,65357,65367,10
12.9338502884,80.2330093384,65367,65377,10
12.9333600998,80.2327728271,65377,65387,10
12.9325895309,80.232460022,65387,65397,10
12.9316501617,80.2321166992,65397,65407,10
12.9305095673,80.2317504883,65407,65417,10
12.9295101166,80.2314910889,65417,65427,10
12.9291095734,80.2313995361,65427,65437,10
12.9289302826,80.2313690186,65437,65447,10
12.9283504486,80.231262207,65447,65458,11
12.9273700714,80.2311325073,65458,65468,10
12.9262800217,80.2310028076,65468,65478,10
12.9252004623,80.2309036255,65478,65488,10
12.9239702225,80.2307434082,65488,65498,10
12.9226398468,80.2305603027,65498,65508,10
12.9212999344,80.2303466797,65508,65518,10
12.9199695587,80.2302017212,65518,65528,10
12.918680191,80.2300033569,65528,65538,10
12.9173898697,80.2298278809,65538,65548,10
12.9161596298,80.2296829224,65548,65558,10
12.914850235,80.2294998169,65558,65569,11
12.9138898849,80.2293319702,65569,65579,10
12.913359642,80.2292785645,65579,65589,10
12.9131603241,80.2292861938,65589,65599,10
12.9130897522,80.2292861938,65599,65609,10
12.912610054,80.2292175293,65609,65619,10
12.9118499756,80.2290725708,65619,65629,10
12.9108800888,80.2289276123,65629,65639,10
12.9097604752,80.2287521362,65639,65649,10
12.9085798264,80.2285614014,65649,65659,10
12.9073095322,80.2284164429,65659,65871,212
12.9073095322,80.2284164429,65871,65881,10
12.9071798325,80.2284164429,65881,65892,11
12.9067401886,80.2283935547,65892,65902,10
12.9061698914,80.2282867432,65902,65912,10
12.9053602219,80.2282485962,65912,65922,10
12.9043798447,80.2281799316,65922,65932,10
12.9033899307,80.2281265259,65932,65942,10
12.9022798538,80.2280807495,65942,65952,10
12.9015703201,80.2280578613,65952,65982,30
12.9015703201,80.2280578613,65982,65992,10
12.9013700485,80.2281036377,65992,66003,11
12.9008302689,80.2280426025,66003,66013,10
12.9003400803,80.2279815674,66013,66023,10
12.899889946,80.2279434204,66023,66033,10
12.8995800018,80.2279434204,66033,66053,20
12.8995800018,80.2279434204,66053,66063,10
12.8993797302,80.2279129028,66063,66073,10
12.8989601135,80.2278823853,66073,66083,10
12.8981704712,80.2278137207,66083,66093,10
12.8971996307,80.2277603149,66093,66104,11
12.8958997726,80.2276916504,66104,66114,10
12.8945999146,80.2276306152,66114,66124,10
12.8933200836,80.2275466919,66124,66134,10
12.8927497864,80.2275009155,66134,66154,20
12.8927497864,80.2275009155,66154,66164,10
12.8926095963,80.2274780273,66164,66174,10
12.8921604156,80.2274398804,66174,66184,10
12.8913602829,80.2274093628,66184,66194,10
12.8903198242,80.2274017334,66194,66204,10
12.8891496658,80.2274017334,66204,66214,10
12.8881196976,80.2273635864,66214,66225,11
12.8869695663,80.2272109985,66225,66235,10
12.8858499527,80.2269363403,66235,66245,10
12.8849000931,80.2267837524,66245,66265,20
12.8849000931,80.2267837524,66265,66275,10
12.88463974,80.2267379761,66275,66285,10
12.8839702606,80.2267379761,66285,66295,10
12.883020401,80.2267532349,66295,66305,10
12.8818101883,80.2267608643,66305,66315,10
12.8805999756,80.2267684937,66315,66326,11
12.8793497086,80.2267913818,66326,66336,10
12.8781700134,80.2268600464,66336,66346,10
12.8770799637,80.2269668579,66346,66356,10
12.8764600754,80.2270202637,66356,66366,10
12.876449585,80.2270278931,66366,66376,10
12.8761701584,80.2270278931,66376,66386,10
12.8754796982,80.2269973755,66386,66396,10
12.8745298386,80.226890564,66396,66406,10
12.8733797073,80.2267684937,66406,66416,10
12.8725404739,80.2267608643,66416,66427,11
12.8724498749,80.2267608643,66427,66437,10
12.8722696304,80.2267608643,66437,66447,10
12.8716497421,80.2267379761,66447,66457,10
12.870759964,80.2266998291,66457,66467,10
12.8696098328,80.2265930176,66467,66477,10
12.8683004379,80.2264633179,66477,66487,10
12.8669099808,80.2265396118,66487,66497,10
12.8654899597,80.2266311646,66497,66507,10
12.8640499115,80.2265930176,66507,66517,10
12.8625898361,80.2265777588,66517,66527,10
12.8610401154,80.2266616821,66527,66538,11
12.8610401154,80.2266616821,66538,66548,10
12.8606996536,80.2266387939,66548,66557,9
12.8600502014,80.2265472412,66557,66568,11
12.8589801788,80.2263870239,66568,66578,10
12.8578195572,80.22631073,66578,66588,10
12.8564996719,80.2264175415,66588,66598,10
12.8550796509,80.2265625,66598,66608,10
12.8536100388,80.2267074585,66608,66618,10
12.8520803452,80.2267532349,66618,66627,9
12.8507795334,80.2266921997,66627,66639,12
12.8498601913,80.2266616821,66639,66649,10
12.8496198654,80.2266464233,66649,66659,10
12.8489198685,80.2266464233,66659,66669,10
12.8479299545,80.2266464233,66669,66679,10
12.8466901779,80.2266616821,66679,66689,10
12.8456897736,80.2266464233,66689,66699,10
12.845410347,80.2266616821,66699,66709,10
12.8453397751,80.2266311646,66709,66719,10
12.8449401855,80.2266693115,66719,66729,10
12.8441400528,80.2266998291,66729,66738,9
12.8432302475,80.2267990112,66738,66750,12
12.841799736,80.2271575928,66750,66760,10
12.8404998779,80.2275238037,66760,66770,10
12.8398303986,80.2276763916,66770,66780,10
12.8395996094,80.2277526855,66780,66790,10
12.8390703201,80.2279129028,66790,66800,10
12.8383102417,80.2280883789,66800,66810,10
12.8374500275,80.2282714844,66810,66820,10
12.8365001678,80.2284088135,66820,66830,10
12.8354597092,80.2285919189,66830,66840,10
12.8341999054,80.2287826538,66840,66849,9
12.8331003189,80.2289810181,66849,66861,12
12.8322000504,80.2291870117,66861,66881,20
12.8322000504,80.2291870117,66881,66891,10
12.8319101334,80.2292098999,66891,66911,20
12.8319101334,80.2292098999,66911,66921,10
12.8317403793,80.2292709351,66921,66931,10
12.8312397003,80.2294006348,66931,66941,10
12.8305702209,80.2296524048,66941,66951,10
12.8296804428,80.2300033569,66951,66962,11
12.8285398483,80.2305297852,66962,66972,10
12.8275203705,80.2311019897,66972,66982,10
12.8265199661,80.2313919067,66982,66992,10
12.8254003525,80.2314834595,66992,67002,10
12.8244304657,80.2313766479,67002,67012,10
12.8234596252,80.2311019897,67012,67022,10
12.822520256,80.230796814,67022,67032,10
12.8215799332,80.2305526733,67032,67042,10
12.8206396103,80.230506897,67042,67052,10
12.8197097778,80.2305526733,67052,67062,10
12.818860054,80.2305374146,67062,67073,11
12.818810463,80.2305297852,67073,67083,10
12.8184900284,80.2303771973,67083,67093,10
12.8177900314,80.2300186157,67093,67103,10
12.8168096542,80.229637146,67103,67113,10
12.8156099319,80.2294311523,67113,67123,10
12.8144702911,80.2292709351,67123,67133,10
12.8133096695,80.2289810181,67133,67143,10
12.8120603561,80.2285308838,67143,67153,10
12.8108997345,80.2281036377,67153,67163,10
12.8097696304,80.2276000977,67163,67174,11
12.8087501526,80.2269821167,67174,67184,10
12.8079004288,80.2262496948,67184,67194,10
12.8070497513,80.2255172729,67194,67204,10
12.8064603806,80.2249908447,67204,67214,10
12.8058595657,80.2244720459,67214,67224,10
12.8053798676,80.2241363525,67224,67244,20
12.8053798676,80.2241363525,67244,67254,10
12.8051204681,80.2240829468,67254,67264,10
12.8048295975,80.2240219116,67264,67274,10
12.804479599,80.223991394,67274,67285,11
12.8038702011,80.2239379883,67285,67295,10
12.8031597137,80.2238769531,67295,67305,10
12.8023099899,80.2237701416,67305,67315,10
12.8013601303,80.2236709595,67315,67325,10
12.8003797531,80.2235794067,67325,67335,10
12.7991800308,80.2234802246,67335,67345,10
12.7980098724,80.2232818604,67345,67355,10
12.7970199585,80.2231369019,67355,67365,10
12.7962598801,80.2230300903,67365,67375,10
12.7959899902,80.2229995728,67375,67384,9
12.7958202362,80.2229766846,67384,67396,12
12.795129776,80.222869873,67396,67406,10
12.7942399979,80.2227325439,67406,67416,10
12.7932395935,80.2225799561,67416,67426,10
12.7922801971,80.2224121094,67426,67436,10
12.7912902832,80.2221679688,67436,67446,10
12.7903404236,80.2219314575,67446,67456,10
12.7896699905,80.2217483521,67456,67466,10
12.7894001007,80.2216491699,67466,67476,10
12.7890501022,80.221496582,67476,67486,10
12.7885799408,80.2213287354,67486,67497,11
12.7879896164,80.2210998535,67497,67547,50
12.7879896164,80.2210998535,67547,67557,10
12.7875795364,80.2209701538,67557,67567,10
12.7874498367,80.220916748,67567,67577,10
12.7872200012,80.2208023071,67577,67587,10
12.7869701385,80.2207107544,67587,67618,31
12.7869701385,80.2207107544,67618,67628,10
12.7865896225,80.2205810547,67628,67638,10
12.7865495682,80.2205734253,67638,67648,10
12.7864198685,80.2204818726,67648,67658,10
12.7861604691,80.2203826904,67658,67668,10
12.7858400345,80.2202682495,67668,67678,10
12.7854604721,80.2200622559,67678,67688,10
12.7850999832,80.2198867798,67688,67819,131
12.7850999832,80.2198867798,67819,67830,11
12.784620285,80.2196426392,67830,67870,40
12.784620285,80.2196426392,67870,67880,10
12.7845401764,80.2196502686,67880,67890,10
12.784040451,80.2193374634,67890,67900,10
12.7833995819,80.2189788818,67900,67910,10
12.7825899124,80.2185287476,67910,67920,10
12.7815504074,80.2179489136,67920,67931,11
12.7804498672,80.2173461914,67931,67941,10
12.7793703079,80.2167663574,67941,67951,10
12.7782897949,80.2162017822,67951,67961,10
12.777179718,80.215713501,67961,67971,10
12.7759799957,80.2152328491,67971,67981,10
12.7746896744,80.2146987915,67981,67991,10
12.7733802795,80.2141799927,67991,68001,10
12.7725095749,80.2138366699,68001,68011,10
12.7715797424,80.213508606,68011,68021,10
12.7708396912,80.2132492065,68021,68030,9
12.7707395554,80.213180542,68030,68042,12
12.7708396912,80.2129364014,68042,68052,10
12.7708797455,80.2128677368,68052,68062,10
12.7709503174,80.2124176025,68062,68072,10
12.7711496353,80.2116165161,68072,68082,10
12.7715902328,80.2107086182,68082,68092,10
12.7721204758,80.2096633911,68092,68102,10
12.7724199295,80.208732605,68102,68112,10
12.7725696564,80.2080917358,68112,68122,10
12.7726202011,80.2079772949,68122,68132,10
12.7726898193,80.2077178955,68132,68143,11
12.7728500366,80.2071228027,68143,68153,10
12.7730503082,80.2064285278,68153,68163,10
12.7730998993,80.2062911987,68163,68173,10
12.7732400894,80.2057876587,68173,68183,10
12.7733802795,80.2050094604,68183,68193,10
12.7735004425,80.204208374,68193,68203,10
12.7735996246,80.2034301758,68203,68213,10
12.7738103867,80.2024307251,68213,68223,10
12.7738800049,80.2013473511,68223,68233,10
12.7739095688,80.2011108398,68233,68243,10
12.7739295959,80.2009735107,68243,68254,11
12.7739801407,80.2003097534,68254,68264,10
12.7740402222,80.19947052,68264,68274,10
12.774140358,80.198387146,68274,68284,10
12.7741699219,80.1973800659,68284,68294,10
12.7742300034,80.1963119507,68294,68304,10
12.7742996216,80.1953201294,68304,68314,10
12.774479866,80.1945266724,68314,68324,10
12.7746601105,80.1937637329,68324,68344,20
12.7746601105,80.1937637329,68344,68355,11
12.7746601105,80.1937408447,68355,68365,10
12.7747497559,80.1934280396,68365,68375,10
12.7750902176,80.1928634644,68375,68385,10
12.775349617,80.1922988892,68385,68395,10
12.7752599716,80.1917190552,68395,68405,10
12.7750301361,80.1909790039,68405,68415,10
12.7744197845,80.190246582,68415,68425,10
12.7734804153,80.1895370483,68425,68435,10
12.7722597122,80.1890563965,68435,68445,10
12.7712097168,80.188659668,68445,68455,10
12.7709598541,80.1877593994,68455,68466,11
12.7708597183,80.1867218018,68466,68476,10
12.7708396912,80.1865997314,68476,68486,10
12.7707595825,80.1861190796,68486,68496,10
12.7707500458,80.185333252,68496,68506,10
12.7705602646,80.1847000122,68506,68516,10
12.7704401016,80.1846694946,68516,68526,10
12.7702999115,80.1846389771,68526,68536,10
12.7698802948,80.1845321655,68536,68546,10
12.7693500519,80.1843185425,68546,68556,10
12.7692298889,80.1842727661,68556,68566,10
12.7691602707,80.1842575073,68566,68577,11
12.7688302994,80.1840286255,68577,68587,10
12.7684698105,80.1836624146,68587,68597,10
12.7679595947,80.1833877563,68597,68607,10
12.76720047,80.1831283569,68607,68617,10
12.7664203644,80.1827926636,68617,68627,10
12.7657299042,80.1826782227,68627,68637,10
12.7652101517,80.1826019287,68637,68647,10
12.7646102905,80.1825180054,68647,68657,10
12.76404953,80.1824417114,68657,68666,9
12.7636899948,80.1823806763,68666,68678,12
12.7634296417,80.1826934814,68678,68688,10
12.763299942,80.1831512451,68688,68698,10
12.7631998062,80.1835327148,68698,68708,10
12.7631797791,80.1836166382,68708,68718,10
12.7630596161,80.1839370728,68718,68728,10
12.7630195618,80.1842193604,68728,68738,10
12.7630500793,80.1845169067,68738,68748,10
12.7629899979,80.184928894,68748,68758,10
12.7627096176,80.1850280762,68758,68768,10
12.7623596191,80.1849975586,68768,68777,9
12.7620897293,80.1850128174,68777,68789,12
12.7618398666,80.1849594116,68789,68799,10
12.7615699768,80.1849212646,68799,68809,10
12.7615003586,80.1847229004,68809,70111,1302
12.7615003586,80.1847229004,70111,70121,10
12.7617101669,80.1849822998,70121,70131,10
12.7617702484,80.1849822998,70131,70141,10
12.7619695663,80.1849975586,70141,70151,10
12.7623701096,80.1849975586,70151,70161,10
12.7627096176,80.185043335,70161,70171,10
12.7629804611,80.184967041,70171,70181,10
12.7630395889,80.1846694946,70181,70192,11
12.763010025,80.1842880249,70192,70202,10
12.7630195618,80.1839828491,70202,70212,10
12.763130188,80.1836624146,70212,70222,10
12.7632398605,80.1833114624,70222,70232,10
12.7633800507,80.1828384399,70232,70242,10
12.7635297775,80.1824569702,70242,70252,10
12.7639703751,80.1824798584,70252,70262,10
12.7644996643,80.1825485229,70262,70272,10
12.7650699615,80.1826324463,70272,70282,10
12.7656202316,80.1827011108,70282,70293,11
12.7662096024,80.1827697754,70293,70303,10
12.7667798996,80.1829528809,70303,70313,10
12.7672996521,80.1831893921,70313,70323,10
12.7678203583,80.1833724976,70323,70333,10
12.7683601379,80.18359375,70333,70343,10
12.768699646,80.183921814,70343,70353,10
12.7690496445,80.184211731,70353,70363,10
12.7691698074,80.1843032837,70363,70373,10
12.7694702148,80.1844100952,70373,70383,10
12.7698802948,80.1845779419,70383,70393,10
12.7703695297,80.1847000122,70393,70404,11
12.7705602646,80.1847610474,70404,70414,10
12.7706298828,80.1847763062,70414,70424,10
12.7707300186,80.1850585938,70424,70434,10
12.7707796097,80.1855926514,70434,70444,10
12.7708101273,80.1863632202,70444,70454,10
12.7708902359,80.186920166,70454,70464,10
12.7709302902,80.187171936,70464,70474,10
12.7709903717,80.1878204346,70474,70484,10
12.7711400986,80.1886062622,70484,70493,9
12.7717199326,80.188911438,70493,70505,12
12.7728300095,80.1893386841,70505,70515,10
12.7739601135,80.189781189,70515,70525,10
12.7748003006,80.1906585693,70525,70535,10
12.7752504349,80.1915817261,70535,70545,10
12.7753696442,80.1923217773,70545,70555,10
12.7751502991,80.1928482056,70555,70565,10
12.774769783,80.1934432983,70565,70575,10
12.7746295929,80.1938781738,70575,70585,10
12.7745199203,80.1942596436,70585,70595,10
12.7744102478,80.1948394775,70595,70604,9
12.7742300034,80.1959533691,70604,70626,22
12.7742300034,80.1959533691,70626,70636,10
12.7742004395,80.1963424683,70636,70646,10
12.7741699219,80.1971206665,70646,70656,10
12.7741298676,80.1981582642,70656,70666,10
12.7740602493,80.1990509033,70666,70676,10
12.7739896774,80.1996307373,70676,70686,10
12.7739200592,80.2004776001,70686,70696,10
12.7738304138,80.2016220093,70696,70706,10
12.7736997604,80.2029266357,70706,70717,11
12.773440361,80.2043914795,70717,70727,10
12.7732801437,80.2055435181,70727,70737,10
12.7729997635,80.2065887451,70737,70747,10
12.7727203369,80.2075576782,70747,70757,10
12.7725000381,80.2083587646,70757,70767,10
12.772190094,80.2094726563,70767,70777,10
12.7716302872,80.2106399536,70777,70787,10
12.7711801529,80.2115707397,70787,70797,10
12.7709798813,80.2124176025,70797,70807,10
12.7708301544,80.2130203247,70807,70817,10
12.7708301544,80.2131881714,70817,70828,11
12.7713098526,80.2133789063,70828,70838,10
12.7721004486,80.2136611938,70838,70848,10
12.7730998993,80.2140197754,70848,70858,10
12.7742500305,80.2144775391,70858,70868,10
12.7755203247,80.2149887085,70868,70878,10
12.77684021,80.2155303955,70878,70888,10
12.7782001495,80.2161026001,70888,70898,10
12.7795295715,80.216796875,70898,70908,10
12.7808704376,80.2175216675,70908,70918,10
12.7821502686,80.2182235718,70918,70929,11
12.7833003998,80.2188491821,70929,70939,10
12.7841501236,80.2193603516,70939,70949,10
12.784740448,80.2196884155,70949,70959,10
12.7851600647,80.2198867798,70959,70989,30
12.7851600647,80.2198867798,70989,70999,10
12.7853002548,80.2199935913,70999,71009,10
12.7854499817,80.2200927734,71009,71029,20
12.7854499817,80.2200927734,71029,71040,11
12.7855596542,80.2201385498,71040,71050,10
12.7857303619,80.2202224731,71050,71080,30
12.7857303619,80.2202224731,71080,71090,10
12.7862901688,80.2204666138,71090,71110,20
12.7862901688,80.2204666138,71110,71120,10
12.786450386,80.2205276489,71120,71130,10
12.7869300842,80.2207107544,71130,71140,10
12.7874498367,80.2209014893,71140,71151,11
12.7881402969,80.2211608887,71151,71161,10
12.7887401581,80.2213973999,71161,71171,10
12.7893199921,80.2215881348,71171,71181,10
12.7898597717,80.221786499,71181,71191,10
12.7905797958,80.2219696045,71191,71201,10
12.7915496826,80.2221984863,71201,71211,10
12.7925901413,80.2224502563,71211,71221,10
12.7936897278,80.2226104736,71221,71231,10
12.7947797775,80.2227630615,71231,71241,10
12.7958402634,80.2229385376,71241,71252,11
12.79708004,80.2231826782,71252,71262,10
12.7983398438,80.2233581543,71262,71272,10
12.7996397018,80.2234573364,71272,71282,10
12.8007602692,80.2235717773,71282,71292,10
12.8015499115,80.2236175537,71292,71302,10
12.8017396927,80.2236633301,71302,71312,10
12.8023996353,80.223739624,71312,71322,10
12.8031301498,80.2238388062,71322,71332,10
12.8039302826,80.2239227295,71332,71342,10
12.8047399521,80.223991394,71342,71352,10
12.8054599762,80.2241592407,71352,71363,11
12.8056297302,80.2242507935,71363,71373,10
12.8060503006,80.2245788574,71373,71383,10
12.8066797256,80.2251434326,71383,71393,10
12.8074102402,80.2257766724,71393,71403,10
12.8081998825,80.2264328003,71403,71413,10
12.8090896606,80.2271575928,71413,71423,10
12.8100595474,80.2277069092,71423,71433,10
12.8111000061,80.2281417847,71433,71443,10
12.8122701645,80.2285614014,71443,71453,10
12.8135004044,80.2289810181,71453,71463,10
12.8148002625,80.2293014526,71463,71474,11
12.8163404465,80.2295227051,71474,71484,10
12.8176603317,80.229927063,71484,71494,10
12.8186597824,80.2303924561,71494,71504,10
12.8196201324,80.2305297852,71504,71514,10
12.8207798004,80.2304992676,71514,71524,10
12.82213974,80.2306594849,71524,71534,10
12.8235397339,80.2310562134,71534,71544,10
12.824839592,80.2313766479,71544,71554,10
12.8260202408,80.2313919067,71554,71564,10
12.8271503448,80.2312164307,71564,71575,11
12.8282299042,80.2306594849,71575,71585,10
12.8291797638,80.2301483154,71585,71595,10
12.8301200867,80.2297821045,71595,71605,10
12.8307304382,80.2295074463,71605,71625,20
12.8307304382,80.2295074463,71625,71635,10
12.8308000565,80.2294921875,71635,71645,10
12.8310403824,80.2294235229,71645,71756,111
12.8310403824,80.2294235229,71756,71766,10
12.8312397003,80.2293395996,71766,71776,10
12.8315601349,80.2292175293,71776,71817,41
12.8315601349,80.2292175293,71817,71827,10
12.831700325,80.2291793823,71827,71837,10
12.8321199417,80.2291030884,71837,71847,10
12.8328199387,80.2289810181,71847,71857,10
12.8336400986,80.2288284302,71857,71867,10
12.8345403671,80.2286682129,71867,71877,10
12.8355703354,80.2285079956,71877,71887,10
12.836640358,80.2283477783,71887,71898,11
12.8378601074,80.2281417847,71898,71908,10
12.8387403488,80.2279510498,71908,71918,10
12.8392496109,80.2277679443,71918,71958,40
12.8392496109,80.2277679443,71958,71968,10
12.8395004272,80.2276611328,71968,71978,10
12.839969635,80.2275695801,71978,71988,10
12.840669632,80.2274169922,71988,71998,10
12.8415002823,80.2271881104,71998,72009,11
12.8425102234,80.2269515991,72009,72019,10
12.8434896469,80.2267837524,72019,72029,10
12.8443803787,80.2266464233,72029,72039,10
12.8452196121,80.2265777588,72039,72049,10
12.8454399109,80.2265625,72049,72059,10
12.8457403183,80.2265625,72059,72079,20
12.8457403183,80.2265625,72079,72089,10
12.8461503983,80.2265701294,72089,72099,10
12.8469295502,80.2265701294,72099,72110,11
12.8480195999,80.2265777588,72110,72120,10
12.8491897583,80.2265777588,72120,72130,10
12.8503599167,80.2265777588,72130,72140,10
12.8516101837,80.2266311646,72140,72150,10
12.8527898788,80.2266921997,72150,72160,10
12.853969574,80.2266235352,72160,72170,10
12.855099678,80.2265014648,72170,72180,10
12.8561697006,80.2263870239,72180,72190,10
12.8572101593,80.2262802124,72190,72200,10
12.8578395844,80.2262420654,72200,72209,9
12.8580703735,80.2262268066,72209,72221,12
12.8583498001,80.2262420654,72221,72231,10
12.858880043,80.2263031006,72231,72241,10
12.8597097397,80.2264328003,72241,72251,10
12.8606300354,80.2265319824,72251,72261,10
12.8608703613,80.2265625,72261,72271,10
12.8613395691,80.2265701294,72271,72281,10
12.8621397018,80.2265396118,72281,72291,10
12.8631000519,80.2265014648,72291,72301,10
12.8642702103,80.2265396118,72301,72310,9
12.8654203415,80.2265777588,72310,72322,12
12.8664302826,80.2265090942,72322,72332,10
12.8671398163,80.2264633179,72332,72342,10
12.8681201935,80.2263717651,72342,72352,10
12.8692998886,80.2264480591,72352,72362,10
12.8705596924,80.2265777588,72362,72372,10
12.8716897964,80.2266616821,72372,72382,10
12.872759819,80.2266769409,72382,72392,10
12.8739700317,80.2267532349,72392,72401,9
12.8797597885,80.2267303467,72401,72471,70
12.8836803436,80.2266921997,72471,72501,30
12.8836803436,80.2266921997,72501,72531,30
12.8852396011,80.2266998291,72531,72542,11
12.8857402802,80.2267990112,72542,72552,10
12.8865098953,80.2269973755,72552,72562,10
12.8874597549,80.2272186279,72562,72572,10
12.8885698318,80.2273406982,72572,72582,10
12.8898296356,80.2273406982,72582,72592,10
12.8910903931,80.2273483276,72592,72602,10
12.8921804428,80.2273635864,72602,72612,10
12.8929595947,80.227432251,72612,72622,10
12.893699646,80.2275238037,72622,72632,10
12.8945999146,80.2276077271,72632,72643,11
12.8958797455,80.2276611328,72643,72653,10
12.8971996307,80.2277069092,72653,72663,10
12.8983898163,80.2277908325,72663,72673,10
12.8991804123,80.2278289795,72673,72683,10
12.8997001648,80.2278594971,72683,72693,10
12.9001598358,80.2278823853,72693,72703,10
12.9005203247,80.227897644,72703,72713,10
12.9008197784,80.2278900146,72713,72723,10
12.9010801315,80.2279434204,72723,72733,10
12.9014797211,80.2279663086,72733,72743,10
12.9019098282,80.2279815674,72743,72754,11
12.9022102356,80.228012085,72754,72764,10
12.9025297165,80.2280426025,72764,72774,10
12.9028396606,80.2280502319,72774,72784,10
12.9028596878,80.2280502319,72784,72794,10
12.9028997421,80.2280502319,72794,72804,10
12.903380394,80.2280807495,72804,72814,10
12.9041795731,80.2281188965,72814,72824,10
12.90487957,80.2281417847,72824,72834,10
12.9052095413,80.2281417847,72834,72844,10
12.9052295685,80.2281417847,72844,72855,11
12.9056196213,80.2281723022,72855,72865,10
12.9059095383,80.2281799316,72865,72875,10
12.9062204361,80.2282028198,72875,72885,10
12.9064302444,80.2282180786,72885,72895,10
12.9066400528,80.2282409668,72895,72905,10
12.9069499969,80.2282791138,72905,72915,10
12.9073095322,80.2283477783,72915,72925,10
12.9079303741,80.2284317017,72925,72935,10
12.9088497162,80.2286071777,72935,72945,10
12.9100103378,80.2288131714,72945,72955,10
12.9111995697,80.2289886475,72955,72966,11
12.9124498367,80.2291717529,72966,72976,10
12.913769722,80.2292861938,72976,72996,20
12.913769722,80.2292861938,72996,73006,10
12.913860321,80.2293014526,73006,73016,10
12.9140996933,80.2293624878,73016,73026,10
12.9146499634,80.2294311523,73026,73036,10
12.9155197144,80.2295532227,73036,73046,10
12.9166498184,80.2297210693,73046,73056,10
12.9177799225,80.2298736572,73056,73066,10
12.9189300537,80.2300262451,73066,73077,11
12.9199304581,80.2301712036,73077,73087,10
12.9211196899,80.2303237915,73087,73097,10
12.9224395752,80.230506897,73097,73107,10
12.923740387,80.2307128906,73107,73117,10
12.9250602722,80.2308807373,73117,73127,10
12.926199913,80.2310180664,73127,73137,10
12.9272003174,80.2311325073,73137,73147,10
12.9281997681,80.231262207,73147,73157,10
12.9291200638,80.2314224243,73157,73167,10
12.9300899506,80.2316436768,73167,73178,11
12.9311599731,80.2319412231,73178,73188,10
12.9320402145,80.2322311401,73188,73198,10
12.9330301285,80.2325897217,73198,73208,10
12.933719635,80.2328796387,73208,73218,10
12.9338703156,80.2329177856,73218,73228,10
12.9342403412,80.2331008911,73228,73238,10
12.9349002838,80.2333984375,73238,73248,10
12.9356002808,80.2337265015,73248,73258,10
12.9364404678,80.23412323,73258,73268,10
12.9372596741,80.2345123291,73268,73278,10
12.9380903244,80.234916687,73278,73289,11
12.9388599396,80.2353210449,73289,73299,10
12.9392700195,80.2355422974,73299,73309,10
12.9396495819,80.235710144,73309,73319,10
12.9398097992,80.235748291,73319,73329,10
12.9401903152,80.2359008789,73329,73339,10
12.9409303665,80.2360992432,73339,73349,10
12.9419202805,80.2363510132,73349,73359,10
12.9429302216,80.2367477417,73359,73369,10
12.9437799454,80.2375411987,73369,73379,10
12.9446897507,80.2385482788,73379,73389,10
12.9457101822,80.2394104004,73389,73400,11
12.9468698502,80.2398910522,73400,73410,10
12.9470500946,80.2399597168,73410,73420,10
12.9474496841,80.2401275635,73420,73430,10
12.9479598999,80.2403335571,73430,73440,10
12.9481601715,80.2404022217,73440,73450,10
12.9484100342,80.2405166626,73450,73460,10
12.9489002228,80.2406997681,73460,73470,10
12.9492397308,80.2408370972,73470,73480,10
12.9498500824,80.2410507202,73480,73490,10
12.9506196976,80.2412872314,73490,73501,11
12.9508600235,80.2413711548,73501,73511,10
12.9512996674,80.2415390015,73511,73521,10
12.9515600204,80.2416305542,73521,73531,10
12.9517002106,80.2416610718,73531,73541,10
12.9521999359,80.2418365479,73541,73551,10
12.9529695511,80.2421417236,73551,73561,10
12.953669548,80.2424087524,73561,73571,10
12.95429039,80.2426605225,73571,73581,10
12.954990387,80.2429275513,73581,73591,10
12.9557504654,80.2431869507,73591,73601,10
12.9563903809,80.2433700562,73601,73612,11
12.9570999146,80.2437286377,73612,73622,10
12.9579696655,80.2441329956,73622,73632,10
12.9587202072,80.244430542,73632,73642,10
12.9589099884,80.2445068359,73642,73652,10
12.9590196609,80.2445678711,73652,73662,10
12.9593601227,80.2447433472,73662,73672,10
12.9599103928,80.2449874878,73672,73682,10
12.960559845,80.2452926636,73682,73692,10
12.9612598419,80.2456207275,73692,73702,10
12.961979866,80.2459793091,73702,73713,11
12.9626502991,80.2462997437,73713,73723,10
12.9631004333,80.2465286255,73723,73743,20
12.9631004333,80.2465286255,73743,73753,10
12.9632501602,80.2466278076,73753,73763,10
12.9635696411,80.2467880249,73763,73773,10
12.9640903473,80.2469787598,73773,73782,9
12.9647197723,80.2472076416,73782,73793,11
12.965669632,80.247543335,73793,73803,10
12.9664402008,80.2478408813,73803,73813,10
12.9667797089,80.2479782104,73813,73824,11
12.9667901993,80.2479934692,73824,73834,10
12.9669799805,80.2481002808,73834,73844,10
12.9674797058,80.2483291626,73844,73854,10
12.9682998657,80.2486572266,73854,73864,10
12.969209671,80.2490234375,73864,73874,10
12.9701404572,80.2493896484,73874,73884,10
12.971159935,80.2497329712,73884,73894,10
12.972240448,80.2500076294,73894,73904,10
12.9731502533,80.2502593994,73904,73914,10
12.97397995,80.2504882813,73914,73925,11
12.9751300812,80.2508163452,73925,73935,10
12.9762201309,80.2511367798,73935,73945,10
12.9772901535,80.2515029907,73945,73955,10
12.9781198502,80.2521286011,73955,73965,10
12.9785203934,80.2523880005,73965,73975,10
12.9786195755,80.252456665,73975,73985,10
12.9791402817,80.2526626587,73985,73995,10
12.9796800613,80.2527084351,73995,74036,41
12.9796800613,80.2527084351,74036,74046,10
12.980050087,80.2527236938,74046,74056,10
12.9807500839,80.2527008057,74056,74066,10
12.981710434,80.2526779175,74066,74076,10
12.9829397202,80.2526397705,74076,74086,10
12.9842596054,80.2523574829,74086,74096,10
12.9854602814,80.2520370483,74096,74106,10
12.9859104156,80.2519378662,74106,74248,142
12.9859104156,80.2519378662,74248,74258,10
12.9863195419,80.2516937256,74258,74268,10
12.9870901108,80.2515335083,74268,74278,10
12.987660408,80.2513885498,74278,74288,10
12.9879198074,80.2516708374,74288,74298,10
12.9879798889,80.2521591187,74298,74308,10
12.9879598618,80.252822876,74308,74318,10
12.9878797531,80.2537307739,74318,74328,10
12.987830162,80.2544784546,74328,74338,10
12.9877996445,80.2550582886,74338,74347,9
12.9877595901,80.2554779053,74347,74429,82
12.987660408,80.2555465698,74429,74510,81
12.987660408,80.2555465698,74510,74520,10
12.9876699448,80.2558135986,74520,74530,10
12.9878501892,80.255897522,74530,74540,10
12.9882602692,80.2559204102,74540,74550,10
12.9887599945,80.2559661865,74550,74560,10
12.98939991,80.2560195923,74560,74571,11
12.9900398254,80.2560195923,74571,74581,10
12.9904203415,80.2560119629,74581,74591,10
12.9908103943,80.2560424805,74591,74601,10
12.991230011,80.2560424805,74601,74611,10
12.9918498993,80.2560577393,74611,74621,10
12.9927396774,80.2560882568,74621,74631,10
12.9934396744,80.2559890747,74631,74641,10
12.9941196442,80.2559585571,74641,74651,10
12.99477005,80.2559204102,74651,74661,10
12.9953899384,80.255897522,74661,74671,10
12.9958400726,80.2559127808,74671,74682,11
12.9958496094,80.2559127808,74682,74692,10
12.995929718,80.2559280396,74692,74702,10
12.9962501526,80.2559204102,74702,74712,10
12.9964704514,80.2559204102,74712,74722,10
12.9967002869,80.2558898926,74722,74732,10
12.9970197678,80.255897522,74732,74742,10
12.997469902,80.2559204102,74742,74793,51
12.997469902,80.2559204102,74793,74803,10
12.9976701736,80.2561187744,74803,74813,10
12.997879982,80.2565078735,74813,75075,262
12.997879982,80.2565078735,75075,75085,10
12.9982299805,80.2566375732,75085,75166,81
12.9979801178,80.2565231323,75166,75508,342
12.9979801178,80.2565231323,75508,75519,11
12.9980201721,80.2566604614,75519,75529,10
12.9981298447,80.256942749,75529,77538,2009
12.9984798431,80.256942749,77538,77992,454
