12.9870195389,80.2591629028,15,1389,1374
12.9868402481,80.259147644,1389,2631,1242
12.9870100021,80.2590866089,2631,3298,667
12.9868602753,80.2590179443,3298,4996,1698
12.9870300293,80.2592163086,4996,6524,1528
12.9869699478,80.2590408325,6524,6887,363
12.987039566,80.2592391968,6887,8484,1597
12.9869804382,80.2590637207,8484,8817,333
12.9869804382,80.2590332031,8817,17135,8318
12.9870004654,80.2590408325,17135,17550,415
12.9872198105,80.2591171265,17550,17641,91
12.9872198105,80.2591171265,17641,17651,10
12.9874000549,80.2586593628,17651,17661,10
12.9874095917,80.2584381104,17661,17671,10
12.9874401093,80.2581481934,17671,17681,10
12.9874601364,80.2577362061,17681,17691,10
12.9874897003,80.2572097778,17691,17701,10
12.9875402451,80.2566070557,17701,17711,10
12.987569809,80.2559967041,17711,17721,10
12.987660408,80.2555465698,17721,17732,11
12.9877300262,80.2549362183,17732,17742,10
12.9877901077,80.2543411255,17742,17752,10
12.9878396988,80.2536773682,17752,17762,10
12.9879102707,80.2529983521,17762,17772,10
12.9879598618,80.2523498535,17772,17782,10
12.9878702164,80.2518615723,17782,17792,10
12.9878196716,80.251739502,17792,17802,10
12.987739563,80.2516403198,17802,17812,10
12.9874296188,80.2516098022,17812,17822,10
12.9869804382,80.251663208,17822,17833,11
12.9863595963,80.2518310547,17833,17843,10
12.9857597351,80.2519836426,17843,17853,10
12.9852104187,80.2521133423,17853,17863,10
12.9846096039,80.252281189,17863,17873,10
12.9838600159,80.2524795532,17873,17883,10
12.9830999374,80.2526321411,17883,17893,10
12.9823198318,80.2526779175,17893,17903,10
12.9815196991,80.2526931763,17903,17913,10
12.9807500839,80.2527236938,17913,17924,11
12.9800300598,80.2527084351,17924,17934,10
12.9798898697,80.2523498535,17934,18014,80
12.9798898697,80.2523498535,18014,18025,11
12.9799499512,80.2520904541,18025,18035,10
12.9800701141,80.2517623901,18035,18045,10
12.9802103043,80.2513122559,18045,18055,10
12.9803800583,80.2508010864,18055,18065,10
12.9805002213,80.2502593994,18065,18075,10
12.980629921,80.2496566772,18075,18085,10
12.9806995392,80.2491378784,18085,18095,10
12.9807500839,80.2483291626,18095,18105,10
12.9808101654,80.2477111816,18105,18116,11
12.980890274,80.2468566895,18116,18126,10
12.9809703827,80.2461166382,18126,18136,10
12.9810600281,80.2453308105,18136,18146,10
12.9811496735,80.2445602417,18146,18156,10
12.9812202454,80.2438583374,18156,18166,10
12.9813604355,80.2435836792,18166,18176,10
12.9813699722,80.2432632446,18176,18186,10
12.9813804626,80.2428512573,18186,18227,41
12.9813804626,80.2428512573,18227,18237,10
12.9813699722,80.2427215576,18237,18247,10
12.9813995361,80.2424163818,18247,18257,10
12.9813699722,80.2420120239,18257,18267,10
12.9813699722,80.2414779663,18267,18277,10
12.9813699722,80.2408828735,18277,18287,10
12.9813699722,80.2402420044,18287,18297,10
12.9813499451,80.2395324707,18297,18307,10
12.9813203812,80.238822937,18307,18318,11
12.9812803268,80.2379302979,18318,18348,30
12.9812803268,80.2379302979,18348,18358,10
12.981300354,80.2378005981,18358,18368,10
12.981300354,80.237701416,18368,18378,10
12.9812698364,80.2373733521,18378,18388,10
12.9812602997,80.2368392944,18388,18398,10
12.9812402725,80.2361602783,18398,18409,11
12.9812097549,80.2353820801,18409,18418,9
12.9811897278,80.234703064,18418,18428,10
12.9813404083,80.2339477539,18428,18439,11
12.9816198349,80.2333831787,18439,18449,10
12.9816398621,80.2333297729,18449,18459,10
12.9816999435,80.2332382202,18459,18469,10
12.9818601608,80.2329101563,18469,18479,10
12.982000351,80.2324523926,18479,18489,10
12.982049942,80.2320327759,18489,18499,10
12.982000351,80.2313537598,18499,18510,11
12.9817695618,80.23072052,18510,18520,10
12.9815101624,80.2303619385,18520,18530,10
12.9812097549,80.2298583984,18530,18540,10
12.9809598923,80.2294921875,18540,18550,10
12.9808197021,80.2292633057,18550,18560,10
12.9806995392,80.2290802002,18560,18570,10
12.9806804657,80.229057312,18570,18580,10
12.9806404114,80.2289733887,18580,18590,10
12.9805002213,80.2287063599,18590,18601,11
12.9803104401,80.2283096313,18601,18611,10
12.9800796509,80.2279205322,18611,18621,10
12.97976017,80.2273864746,18621,18631,10
12.9794101715,80.2268218994,18631,18641,10
12.9790296555,80.2261810303,18641,18651,10
12.9786396027,80.2255630493,18651,18661,10
12.9782495499,80.224899292,18661,18671,10
12.9778900146,80.2244186401,18671,18681,10
12.9778203964,80.2243118286,18681,18691,10
12.9776802063,80.2240600586,18691,18702,11
12.9773702621,80.2235412598,18702,18712,10
12.9770402908,80.2229919434,18712,18722,10
12.9768104553,80.2226104736,18722,18732,10
12.9765100479,80.2221221924,18732,18742,10
12.9761695862,80.2216186523,18742,18758,16
12.9755802155,80.2209396362,18758,18770,12
12.9755001068,80.2207489014,18770,18778,8
12.9756498337,80.2207565308,18778,18790,12
12.9759101868,80.220993042,18790,18862,72
12.9759101868,80.220993042,18862,18871,9
12.976149559,80.2211532593,18871,18882,11
12.9765396118,80.2211990356,18882,18893,11
12.9772195816,80.2211990356,18893,18903,10
12.9779500961,80.2211914063,18903,18913,10
12.9787597656,80.2211380005,18913,18923,10
12.979640007,80.2210922241,18923,18933,10
12.9805297852,80.220993042,18933,18943,10
12.9813804626,80.2211608887,18943,18953,10
12.9821195602,80.2216567993,18953,18963,10
12.9828395844,80.2219085693,18963,18973,10
12.9830303192,80.2220001221,18973,18983,10
12.9830999374,80.222038269,18983,18994,11
12.9834299088,80.2222595215,18994,19004,10
12.9839296341,80.2225723267,19004,19014,10
12.9845199585,80.2229309082,19014,19024,10
12.9851903915,80.2232666016,19024,19034,10
12.9856700897,80.2230987549,19034,19044,10
12.9862804413,80.2229614258,19044,19060,16
12.9864902496,80.2229614258,19060,19072,12
12.9867296219,80.2229766846,19072,19080,8
12.9870595932,80.2230377197,19080,19093,13
12.987830162,80.2230300903,19093,19103,10
12.9884195328,80.2226028442,19103,19113,10
12.9889602661,80.222076416,19113,19123,10
12.9895296097,80.2213668823,19123,19133,10
12.9901800156,80.2206497192,19133,19143,10
12.9905099869,80.2203598022,19143,19152,9
12.9905195236,80.2203369141,19152,19162,10
12.9907302856,80.220161438,19162,19173,11
12.9911699295,80.219833374,19173,19184,11
12.9916095734,80.2194900513,19184,19194,10
12.9921598434,80.219078064,19194,19204,10
12.9928197861,80.2186203003,19204,19214,10
12.9934997559,80.2181091309,19214,19224,10
12.9941301346,80.217666626,19224,19234,10
12.9947500229,80.2172164917,19234,19244,10
12.9953203201,80.2168426514,19244,19254,10
12.995929718,80.2166290283,19254,19264,10
12.9966802597,80.216506958,19264,19275,11
12.9972000122,80.2164230347,19275,19285,10
12.9974603653,80.2161636353,19285,19325,40
12.9974603653,80.2161636353,19325,19335,10
12.9976701736,80.2159729004,19335,19345,10
12.9979696274,80.2157287598,19345,19355,10
12.9983997345,80.2153778076,19355,19365,10
12.9988698959,80.2149734497,19365,19376,11
12.9991903305,80.2146911621,19376,19386,10
12.99958992,80.21434021,19386,19396,10
12.9999904633,80.2139892578,19396,19406,10
13.0003995895,80.2136077881,19406,19416,10
13.0012197495,80.2129516602,19416,19426,10
13.0020198822,80.2123718262,19426,19436,10
13.0027198792,80.2121124268,19436,19446,10
13.0033998489,80.2120437622,19446,19456,10
13.004070282,80.2120285034,19456,19466,10
13.0042104721,80.2121124268,19466,19477,11
13.0046300888,80.2122879028,19477,19487,10
13.0051803589,80.2126235962,19487,19497,10
13.0058498383,80.2129516602,19497,19507,10
13.0066003799,80.2127380371,19507,19517,10
13.007900238,80.2130966187,19517,19547,30
13.007900238,80.2130966187,19547,19557,10
13.008020401,80.2132034302,19557,19568,11
13.0085296631,80.2134170532,19568,19578,10
13.0090398788,80.2140808105,19578,19588,10
13.0095500946,80.2148132324,19588,19598,10
13.0100402832,80.2154388428,19598,19608,10
13.0106601715,80.216178894,19608,19618,10
13.0109500885,80.2170791626,19618,19628,10
13.0113601685,80.2180175781,19628,19638,10
13.0117502213,80.219078064,19638,19648,10
13.0121097565,80.2201309204,19648,19657,9
13.0122499466,80.2205200195,19657,19669,12
13.0122900009,80.2207717896,19669,19679,10
13.0123796463,80.2213134766,19679,19689,10
13.0126695633,80.2218399048,19689,19699,10
13.0131597519,80.2224578857,19699,19709,10
13.0137500763,80.2231216431,19709,19719,10
13.0142602921,80.2237625122,19719,19729,10
13.0146999359,80.2243804932,19729,19739,10
13.015540123,80.2249832153,19739,19760,21
13.015540123,80.2249832153,19760,19770,10
13.0156898499,80.2251434326,19770,19780,10
13.0161304474,80.2253189087,19780,19789,9
13.0167798996,80.2252120972,19789,19810,21
13.0185403824,80.2245101929,19810,19820,10
13.0194597244,80.2244033813,19820,19830,10
13.0202598572,80.2248764038,19830,19840,10
13.0210199356,80.2254333496,19840,19850,10
13.0217399597,80.2259597778,19850,19861,11
13.0220899582,80.2262115479,19861,19871,10
13.0221204758,80.2262496948,19871,19881,10
13.0223999023,80.2265014648,19881,19891,10
13.0228700638,80.2269210815,19891,19901,10
13.0234203339,80.2274475098,19901,19911,10
13.0240802765,80.2281112671,19911,19921,10
13.0246496201,80.2288818359,19921,19931,10
13.0252103806,80.2296066284,19931,19941,10
13.0257396698,80.2304229736,19941,19957,16
13.0262002945,80.2313690186,19957,19970,13
13.0268697739,80.2311706543,19970,19980,10
13.0275402069,80.2310180664,19980,19990,10
13.0282697678,80.2309188843,19990,20000,10
13.0290403366,80.2308425903,20000,20010,10
13.0294599533,80.230796814,20010,20020,10
13.0301303864,80.2307434082,20020,20030,10
13.0308904648,80.2306976318,20030,20040,10
13.0315704346,80.2306518555,20040,20051,11
13.0324602127,80.2305908203,20051,20061,10
13.0332298279,80.2305297852,20061,20070,9
13.0337400436,80.2304916382,20070,20081,11
13.0343198776,80.2304077148,20081,20101,20
13.0343198776,80.2304077148,20101,20111,10
13.0343904495,80.2304000854,20111,20121,10
13.0347299576,80.2303085327,20121,20131,10
13.0350704193,80.2302398682,20131,20141,10
13.0349397659,80.2304077148,20141,20152,11
13.0345897675,80.2303619385,20152,20162,10
13.0341596603,80.23046875,20162,20182,20
13.0341596603,80.23046875,20182,20192,10
13.0340003967,80.2304763794,20192,20202,10
13.0336399078,80.2304992676,20202,20212,10
13.0331697464,80.2305374146,20212,20222,10
13.0328502655,80.2305603027,20222,22455,2233
13.0328502655,80.2305603027,22455,22466,11
13.032699585,80.2305297852,22466,22476,10
13.0324602127,80.2305526733,22476,22486,10
13.0321397781,80.2305908203,22486,22496,10
13.0316696167,80.2306289673,22496,22506,10
13.0310297012,80.2306900024,22506,22516,10
13.0305404663,80.2307434082,22516,22526,10
13.0300102234,80.230796814,22526,22536,10
13.029800415,80.2308273315,22536,22546,10
13.0296497345,80.2308425903,22546,22556,10
13.0292196274,80.2308807373,22556,22567,11
13.0285701752,80.2309417725,22567,22577,10
13.0279197693,80.2310028076,22577,22587,10
13.0276603699,80.2311172485,22587,22597,10
13.0277204514,80.2315826416,22597,22607,10
13.0277299881,80.231880188,22607,22617,10
13.0278100967,80.2323303223,22617,22627,10
13.0278701782,80.2327804565,22627,22637,10
13.0274000168,80.2329025269,22637,22647,10
13.0269298553,80.2329864502,22647,22658,11
13.0266199112,80.2330093384,22658,22668,10
13.0263500214,80.2327575684,22668,22678,10
13.0261602402,80.232131958,22678,22688,10
13.025970459,80.2313613892,22688,22704,16
13.0254001617,80.2300186157,22704,22716,12
13.0247297287,80.2291564941,22716,22724,8
13.0243396759,80.2286682129,22724,22736,12
13.0238199234,80.2279891968,22736,22746,10
13.0233402252,80.2275466919,22746,22756,10
13.0230503082,80.2274169922,22756,22767,11
13.0228595734,80.2272796631,22767,22774,7
13.0226402283,80.2271118164,22774,22787,13
13.0224199295,80.2267303467,22787,22797,10
13.0219802856,80.2263565063,22797,22807,10
13.0214300156,80.2259216309,22807,22817,10
13.0208597183,80.2255020142,22817,22827,10
13.020409584,80.2251815796,22827,22837,10
13.0199699402,80.2248764038,22837,22847,10
13.0193500519,80.2245483398,22847,22858,11
13.0184698105,80.2246627808,22858,22881,23
13.0169000626,80.2253112793,22881,22913,32
13.0169000626,80.2253112793,22913,22923,10
13.0166101456,80.225402832,22923,22933,10
13.0164403915,80.2253799438,22933,22943,10
13.0161399841,80.2254562378,22943,22954,11
13.0157003403,80.225730896,22954,22964,10
13.0150203705,80.2259979248,22964,22974,10
13.0145101547,80.2261962891,22974,22984,10
13.0142803192,80.2262878418,22984,22994,10
13.013879776,80.2264404297,22994,23004,10
13.0132598877,80.2266693115,23004,23014,10
13.0124902725,80.2269592285,23014,23024,10
13.0116195679,80.2272796631,23024,23034,10
13.0107297897,80.2276306152,23034,23045,11
13.0097999573,80.2279281616,23045,23055,10
13.0096197128,80.2273788452,23055,23065,10
13.0099496841,80.2266464233,23065,23075,10
13.0102996826,80.2258682251,23075,23085,10
13.0106496811,80.2250518799,23085,23095,10
13.0109796524,80.2241973877,23095,23104,9
13.011300087,80.2234191895,23104,23115,11
13.0116596222,80.2224884033,23115,23124,9
13.0120000839,80.2217407227,23124,23135,11
13.0121603012,80.2212982178,23135,23146,11
13.0121002197,80.2207717896,23146,23156,10
13.0118703842,80.2200393677,23156,23166,10
13.0115995407,80.2192306519,23166,23176,10
13.0112895966,80.2183914185,23176,23186,10
13.0109701157,80.2175521851,23186,23196,10
13.0106801987,80.2168426514,23196,23206,10
13.0101604462,80.2159118652,23206,23216,10
13.0097703934,80.2151184082,23216,23226,10
13.0093097687,80.2145004272,23226,23237,11
13.0087604523,80.213760376,23237,23247,10
13.0080404282,80.2132568359,23247,23277,30
13.0079402924,80.2131881714,23277,23307,30
13.0079402924,80.2131881714,23307,23317,10
13.0076799393,80.2129669189,23317,23327,10
13.0072202682,80.2128067017,23327,23338,11
13.0065202713,80.2127609253,23338,23348,10
13.0058603287,80.2129898071,23348,23358,10
13.0051298141,80.2125930786,23358,23368,10
13.0043697357,80.2121887207,23368,23378,10
13.0037002563,80.211479187,23378,23398,20
13.0037002563,80.211479187,23398,23408,10
13.0036897659,80.2112808228,23408,23418,10
13.0036497116,80.2108078003,23418,23428,10
13.003569603,80.2101593018,23428,23439,11
13.0035200119,80.2094573975,23439,23449,10
13.0033197403,80.2092819214,23449,23459,10
13.0029602051,80.2090682983,23459,23469,10
13.0024003983,80.2087631226,23469,23479,10
13.0017299652,80.2083969116,23479,23489,10
13.0010004044,80.2080230713,23489,23499,10
13.0004796982,80.2078094482,23499,23509,10
12.9998397827,80.2077102661,23509,23519,10
12.9992599487,80.2076034546,23519,23530,11
12.9984197617,80.2074584961,23530,23550,20
12.9984197617,80.2074584961,23550,23560,10
12.9983701706,80.2076873779,23560,23570,10
12.9983100891,80.2080993652,23570,23580,10
12.9982404709,80.2086791992,23580,23590,10
12.9981403351,80.2091522217,23590,23600,10
12.9978504181,80.2093963623,23600,23610,10
12.9974803925,80.2102203369,23610,23631,21
12.9974803925,80.2102203369,23631,23641,10
12.9973497391,80.2104797363,23641,23651,10
12.9970903397,80.2104415894,23651,23722,71
12.9970903397,80.2104415894,23722,23732,10
12.9967803955,80.2103729248,23732,23742,10
12.9963197708,80.210319519,23742,23752,10
12.9958496094,80.2102813721,23752,23762,10
12.9953203201,80.2102279663,23762,23772,10
12.9948396683,80.2101898193,23772,23782,10
12.9944400787,80.2101593018,23782,23792,10
12.993929863,80.2101135254,23792,23802,10
12.9937696457,80.2100906372,23802,23812,10
12.9936304092,80.2101974487,23812,23823,11
12.993519783,80.2106170654,23823,23833,10
12.9933700562,80.2112197876,23833,23843,10
12.9931697845,80.2119903564,23843,23853,10
12.9930095673,80.2127380371,23853,23863,10
12.9928398132,80.2130279541,23863,23873,10
12.9924001694,80.2129135132,23873,23883,10
12.9918403625,80.2127609253,23883,23893,10
12.9916696548,80.2127075195,23893,23903,10
12.9913597107,80.2127380371,23903,23914,11
12.9912004471,80.2133712769,23914,23924,10
12.9910202026,80.2140579224,23924,23934,10
12.9906196594,80.2146835327,23934,23944,10
12.9898700714,80.21484375,23944,23954,10
12.9892902374,80.2146987915,23954,23964,10
12.9892396927,80.2147598267,23964,23974,10
12.98898983,80.2150802612,23974,23984,10
12.988650322,80.2156066895,23984,23994,10
12.9882001877,80.216217041,23994,24005,11
12.9878797531,80.2170028687,24005,24015,10
12.9876298904,80.2177200317,24015,24025,10
12.9875402451,80.2180786133,24025,24035,10
12.9875001907,80.21824646,24035,24045,10
12.9873199463,80.2184066772,24045,24055,10
12.9870901108,80.2183380127,24055,24065,10
12.9868803024,80.2182693481,24065,24075,10
12.9863004684,80.218132019,24075,24085,10
12.9854001999,80.2179718018,24085,24095,10
12.9844398499,80.2179794312,24095,24105,10
12.9840402603,80.2179794312,24105,24116,11
12.9837999344,80.2179718018,24116,24126,10
12.9831800461,80.217956543,24126,24136,10
12.9824199677,80.2179412842,24136,24146,10
12.9815597534,80.2180023193,24146,24156,10
12.9807195663,80.21824646,24156,24166,10
12.9799203873,80.218536377,24166,24176,10
12.9791498184,80.2188796997,24176,24186,10
12.9786996841,80.2190628052,24186,24196,10
12.9780597687,80.2193222046,24196,24213,17
12.9765996933,80.2199401855,24213,24225,12
12.975689888,80.2203979492,24225,24235,10
12.9755802155,80.220703125,24235,24245,10
12.9759197235,80.2210464478,24245,24701,456
12.9759197235,80.2210464478,24701,24711,10
12.976099968,80.2213973999,24711,24721,10
12.9763202667,80.2217330933,24721,24731,10
12.9766597748,80.2222595215,24731,24740,9
12.976940155,80.2226867676,24740,24751,11
12.9773902893,80.2227096558,24751,24761,10
12.9775400162,80.2223587036,24761,24771,10
12.9775400162,80.2220077515,24771,24781,10
12.9774503708,80.221282959,24781,24802,21
12.9774503708,80.221282959,24802,24812,10
12.9772901535,80.2212295532,24812,24822,10
12.9768896103,80.2212371826,24822,24832,10
12.9760599136,80.2212905884,24832,24852,20
12.9760599136,80.2212905884,24852,24862,10
12.9758701324,80.2212219238,24862,24903,41
12.9757003784,80.2210083008,24903,24943,40
12.9757003784,80.2210083008,24943,24953,10
12.975520134,80.2208099365,24953,24963,10
12.9754104614,80.2206420898,24963,24973,10
12.975520134,80.2204208374,24973,24984,11
12.9757699966,80.2202072144,24984,24994,10
12.9761295319,80.2200317383,24994,25004,10
12.9766998291,80.2197723389,25004,25014,10
12.9773597717,80.2194976807,25014,25024,10
12.9780902863,80.2192001343,25024,25034,10
12.9785900116,80.21900177,25034,25044,10
12.9791603088,80.2188034058,25044,25054,10
12.9799098969,80.2185134888,25054,25064,10
12.9806995392,80.2182006836,25064,25075,11
12.9816303253,80.2179031372,25075,25085,10
12.9825201035,80.2178268433,25085,25095,10
12.9834098816,80.2178192139,25095,25105,10
12.9839401245,80.2178192139,25105,25115,10
12.9843702316,80.2178192139,25115,25125,10
12.9850196838,80.2178192139,25125,25135,10
12.9858102798,80.2179107666,25135,25145,10
12.986700058,80.2181167603,25145,25155,10
12.9873504639,80.2181930542,25155,25176,21
12.9873504639,80.2181930542,25176,25186,10
12.9874801636,80.2181472778,25186,25196,10
12.9876098633,80.2177505493,25196,25206,10
12.987830162,80.2171401978,25206,25216,10
12.9880199432,80.2165985107,25216,25226,10
12.9884796143,80.2158432007,25226,25236,10
12.9888095856,80.2153320313,25236,25246,10
12.9891796112,80.2147827148,25246,25256,10
12.9893398285,80.2146835327,25256,25267,11
12.9896802902,80.2147827148,25267,25277,10
12.9902000427,80.2148590088,25277,25286,9
12.9906797409,80.2145462036,25286,25297,11
12.9910202026,80.2139816284,25297,25307,10
12.9910497665,80.2138519287,25307,25317,10
12.9911203384,80.2136688232,25317,25327,10
12.9912395477,80.2131576538,25327,25337,10
12.9915399551,80.2126617432,25337,25357,20
12.9915399551,80.2126617432,25357,25368,11
12.9916801453,80.212677002,25368,25378,10
12.9918699265,80.2127532959,25378,25388,10
12.9922704697,80.212852478,25388,25398,10
12.9929304123,80.2128677368,25398,25448,50
12.9929304123,80.2128677368,25448,25458,10
12.9929800034,80.2127609253,25458,25469,11
12.993060112,80.2124786377,25469,25479,10
12.9931898117,80.2120132446,25479,25489,10
12.9933700562,80.2112884521,25489,25499,10
12.9935598373,80.2105407715,25499,25509,10
12.9938201904,80.2101135254,25509,25529,20
12.9938201904,80.2101135254,25529,25539,10
12.9939203262,80.2101211548,25539,25549,10
12.9941902161,80.2101364136,25549,25560,11
12.9943504333,80.2101593018,25560,25570,10
12.994799614,80.2102127075,25570,25580,10
12.9952001572,80.2102508545,25580,25590,10
12.9955797195,80.2102813721,25590,25600,10
12.9960899353,80.2103424072,25600,25610,10
12.9968299866,80.2104187012,25610,25620,10
12.9972200394,80.2104721069,25620,25630,10
12.9973602295,80.2104263306,25630,25640,10
12.9975204468,80.2100219727,25640,25650,10
12.9977998734,80.2094726563,25650,25661,11
12.9981803894,80.2089080811,25661,25671,10
12.9982500076,80.2082595825,25671,25681,10
12.9983797073,80.2076187134,25681,25691,10
12.9984197617,80.2073898315,25691,25701,10
12.9986200333,80.2073898315,25701,25711,10
12.9990100861,80.2074966431,25711,25721,10
12.9994802475,80.2076034546,25721,25731,10
13.000169754,80.2077484131,25731,25741,10
13.0008296967,80.2079391479,25741,25752,11
13.0016403198,80.2083511353,25752,25762,10
13.0025396347,80.2088165283,25762,25772,10
13.0034198761,80.2092819214,25772,25782,10
13.0035800934,80.2098236084,25782,25802,20
13.0035800934,80.2098236084,25802,25812,10
13.0036001205,80.2099761963,25812,25822,10
13.0037002563,80.2103729248,25822,25832,10
13.0037698746,80.2110900879,25832,25842,10
13.0038404465,80.2118606567,25842,25853,11
13.0041503906,80.2120437622,25853,25863,10
13.0044698715,80.2121810913,25863,25873,10
13.0050001144,80.2124786377,25873,25883,10
13.0057401657,80.2128982544,25883,25893,10
13.0062398911,80.2127685547,25893,25903,10
13.0067901611,80.2127075195,25903,25913,10
13.007900238,80.2130889893,25913,25944,31
13.007900238,80.2130889893,25944,25954,10
13.0079603195,80.213142395,25954,25964,10
13.0083503723,80.2133407593,25964,25974,10
13.0088500977,80.2138366699,25974,25984,10
13.0094003677,80.2145996094,25984,25994,10
13.0098600388,80.2151870728,25994,26004,10
13.0103797913,80.2158432007,26004,26014,10
13.0108098984,80.2167434692,26014,26024,10
13.0112199783,80.2176589966,26024,26034,10
13.0115499496,80.2185974121,26034,26045,11
13.0120000839,80.2199630737,26045,26055,10
13.0122299194,80.2205429077,26055,26065,10
13.0122900009,80.2206726074,26065,26075,10
13.0124702454,80.2211685181,26075,26085,10
13.0128002167,80.2217407227,26085,26094,9
13.0132703781,80.2223205566,26094,26105,11
13.0137996674,80.2229690552,26105,26115,10
13.0143003464,80.2236480713,26115,26125,10
13.0146903992,80.2240982056,26125,26135,10
13.0155200958,80.2249221802,26135,26156,21
13.0155200958,80.2249221802,26156,26166,10
13.0156297684,80.2250213623,26166,26176,10
13.0159597397,80.2252731323,26176,26186,10
13.0165500641,80.2252731323,26186,26196,10
13.0172796249,80.2249908447,26196,26206,10
13.0180997849,80.2246627808,26206,26216,10
13.0189304352,80.224357605,26216,26226,10
13.0197601318,80.2245407104,26226,26257,31
13.0197601318,80.2245407104,26257,26267,10
13.0200500488,80.2247695923,26267,26277,10
13.0205402374,80.2251281738,26277,26287,10
13.0211601257,80.2255783081,26287,26297,10
13.0218000412,80.2260284424,26297,26307,10
13.0220003128,80.2261581421,26307,26317,10
13.0221004486,80.226272583,26317,26327,10
13.0224199295,80.2265472412,26327,26338,11
13.0229797363,80.2270278931,26338,26348,10
13.0235204697,80.2275390625,26348,26358,10
13.0239896774,80.2279663086,26358,26368,10
13.0242795944,80.2283477783,26368,26377,9
13.024600029,80.2287826538,26377,26388,11
13.0250196457,80.2293777466,26388,26398,10
13.0255203247,80.2300262451,26398,26408,10
13.0258998871,80.2306976318,26408,26418,10
13.0259599686,80.2309112549,26418,26429,11
13.0260000229,80.2310409546,26429,26439,10
13.0260295868,80.2312469482,26439,26449,10
13.0263004303,80.2313079834,26449,26459,10
13.0268697739,80.2311325073,26459,26469,10
13.0275001526,80.2309799194,26469,26479,10
13.0280799866,80.2309036255,26479,26489,10
13.0284900665,80.2308425903,26489,26498,9
13.0286502838,80.2308273315,26498,26510,12
13.0290803909,80.2308197021,26510,26520,10
13.0294303894,80.230796814,26520,26531,11
13.0294599533,80.2307891846,26531,26541,10
13.0299100876,80.2307662964,26541,26551,10
13.0305700302,80.23072052,26551,26561,10
13.0311002731,80.2306671143,26561,26571,10
13.0318002701,80.2306289673,26571,26581,10
13.0326099396,80.2305603027,26581,26591,10
13.0335197449,80.2304992676,26591,26601,10
13.0342702866,80.230430603,26601,26611,10
13.0349597931,80.2301483154,26611,26632,21
13.0349597931,80.2301483154,26632,26642,10
13.0350904465,80.2299423218,26642,26652,10
13.0349597931,80.2298278809,26652,26662,10
13.0347499847,80.2298126221,26662,26672,10
13.0344104767,80.2297592163,26672,26682,10
13.0342798233,80.2297973633,26682,26692,10
13.0341901779,80.2302398682,26692,26743,51
13.0342502594,80.2304229736,26743,27541,798
13.0342502594,80.2304229736,27541,27551,10
13.034239769,80.2303390503,27551,27561,10
13.0342302322,80.2304077148,27561,27571,10
13.034040451,80.2304229736,27571,27581,10
13.0336704254,80.2304000854,27581,27592,11
13.0334701538,80.2303771973,27592,27601,9
13.0331602097,80.2304382324,27601,27612,11
13.0326595306,80.230506897,27612,27622,10
13.0320596695,80.2305908203,27622,27632,10
13.0313596725,80.230682373,27632,27642,10
13.0307703018,80.2307434082,27642,27651,9
13.0302600861,80.230796814,27651,27661,10
13.0298204422,80.2308425903,27661,27672,11
13.0296001434,80.2308502197,27672,27683,11
13.0290899277,80.2309036255,27683,27694,11
13.028380394,80.2309570313,27694,27704,10
13.0277996063,80.2310180664,27704,27714,10
13.0277204514,80.231338501,27714,27724,10
13.0277500153,80.2317733765,27724,27734,10
13.0278196335,80.2322463989,27734,27744,10
13.0279102325,80.2326812744,27744,27754,10
13.0274801254,80.2328720093,27754,27764,10
13.026889801,80.2329788208,27764,27825,61
13.026889801,80.2329788208,27825,27835,10
13.0264596939,80.2330093384,27835,27845,10
13.026260376,80.2325210571,27845,27855,10
13.0260696411,80.2318191528,27855,27865,10
13.0258102417,80.2308807373,27865,27876,11
13.0252103806,80.2298126221,27876,27886,10
13.0245895386,80.2289962769,27886,27895,9
13.0241498947,80.2284698486,27895,27906,11
13.0236902237,80.2279205322,27906,27916,10
13.0233402252,80.2276000977,27916,27925,9
13.0231599808,80.2275390625,27925,27936,11
13.0230503082,80.2274398804,27936,27946,10
13.0228796005,80.2273025513,27946,27956,10
13.0226202011,80.2269210815,27956,27966,10
13.0221099854,80.2264480591,27966,27976,10
13.0215196609,80.225982666,27976,27987,11
13.0208597183,80.225440979,27987,27997,10
13.020070076,80.2249069214,27997,28007,10
13.0192203522,80.2245330811,28007,28017,10
13.018239975,80.2247619629,28017,28027,10
13.0173397064,80.2251205444,28027,28037,10
13.016409874,80.2254867554,28037,28047,10
13.0157203674,80.2257232666,28047,28057,10
13.0150203705,80.226020813,28057,28068,11
13.0145902634,80.2262115479,28068,28078,10
13.01445961,80.2262496948,28078,28088,10
13.0141201019,80.226348877,28088,28098,10
13.0134496689,80.2266082764,28098,28108,10
13.0126600266,80.2269134521,28108,28118,10
13.0118303299,80.2272262573,28118,28128,10
13.0109300613,80.2275924683,28128,28138,10
13.0100698471,80.2279129028,28138,28148,10
13.009519577,80.2276611328,28148,28158,10
13.0097999573,80.2269592285,28158,28169,11
13.0101995468,80.2260818481,28169,28179,10
13.0105495453,80.2252426147,28179,28189,10
13.0108299255,80.2245483398,28189,28199,10
13.0111703873,80.2237930298,28199,28209,10
13.0113096237,80.2233276367,28209,28218,9
13.0113801956,80.2231369019,28218,28229,11
13.0116195679,80.2225875854,28229,28239,10
13.0118703842,80.221862793,28239,28249,10
13.0120897293,80.2211380005,28249,28260,11
13.0119199753,80.2204284668,28260,28270,10
13.0116500854,80.2195587158,28270,28280,10
13.0113401413,80.2186126709,28280,28290,10
13.0109996796,80.217666626,28290,28300,10
13.0106897354,80.2169189453,28300,28310,10
13.0101995468,80.216003418,28310,28320,10
13.0098199844,80.2152099609,28320,28330,10
13.0093202591,80.2145309448,28330,28340,10
13.0088701248,80.2138824463,28340,28350,10
13.008190155,80.2133407593,28350,28381,31
13.0080499649,80.2132797241,28381,28421,40
13.0080499649,80.2132797241,28421,28431,10
13.0078201294,80.2130889893,28431,28441,10
13.0075397491,80.2129135132,28441,28452,11
13.0070495605,80.2127838135,28452,28462,10
13.0064096451,80.2127990723,28462,28472,10
13.00578022,80.2129898071,28472,28482,10
13.0050897598,80.212600708,28482,28492,10
13.0043201447,80.2122192383,28492,28502,10
13.0037403107,80.2119827271,28502,28512,10
13.0037002563,80.2116165161,28512,28522,10
13.0036401749,80.2110290527,28522,28532,10
13.003569603,80.2104110718,28532,28542,10
13.0035400391,80.2097930908,28542,28553,11
13.0034103394,80.2092971802,28553,28563,10
13.0029802322,80.2090911865,28563,28573,10
13.0023403168,80.2087631226,28573,28583,10
13.0016698837,80.2084121704,28583,28593,10
13.0009403229,80.2080383301,28593,28603,10
13.000579834,80.2078781128,28603,28613,10
13.0003204346,80.2078170776,28613,28623,10
12.9999198914,80.2077026367,28623,28633,10
12.9994001389,80.207572937,28633,28643,10
12.9991397858,80.2075271606,28643,28654,11
12.9989404678,80.2074966431,28654,28664,10
12.99862957,80.2074432373,28664,28694,30
12.99862957,80.2074432373,28694,28704,10
12.9983501434,80.2078781128,28704,28714,10
12.9982795715,80.2083282471,28714,28724,10
12.9982004166,80.2088928223,28724,28734,10
12.9980401993,80.2092437744,28734,28745,11
12.9977302551,80.2097320557,28745,28755,10
12.9974498749,80.210319519,28755,28765,10
12.9972496033,80.2104873657,28765,28775,10
12.9968595505,80.2104187012,28775,28785,10
12.996339798,80.210357666,28785,28795,10
12.9958600998,80.2103118896,28795,28805,10
12.9953603745,80.2102737427,28805,28815,10
12.9951696396,80.2102508545,28815,28825,10
12.9950799942,80.2102279663,28825,28835,10
12.9948196411,80.2102127075,28835,28846,11
12.9944696426,80.2101593018,28846,28856,10
12.9938697815,80.2101211548,28856,28876,20
12.9938697815,80.2101211548,28876,28886,10
12.9937601089,80.2101364136,28886,28896,10
12.9935998917,80.2102890015,28896,28906,10
12.993519783,80.2106933594,28906,28916,10
12.9933795929,80.2112121582,28916,28926,10
12.9932003021,80.2119598389,28926,28936,10
12.9930295944,80.212677002,28936,28947,11
12.9928798676,80.2130203247,28947,28957,10
12.9927396774,80.2129821777,28957,28967,10
12.9923801422,80.2128829956,28967,28977,10
12.9915504456,80.2126922607,28977,29017,40
12.9915504456,80.2126922607,29017,29028,11
12.9913196564,80.2127227783,29028,29038,10
12.9913196564,80.2127075195,29038,29048,10
12.9912796021,80.2127380371,29048,29058,10
12.9912004471,80.2130966187,29058,29068,10
12.9910402298,80.2136993408,29068,29078,10
12.990819931,80.2144012451,29078,29088,10
12.9901895523,80.2148895264,29088,29098,10
12.989279747,80.2146835327,29098,29118,20
12.989279747,80.2146835327,29118,29129,11
12.9891300201,80.2148208618,29129,29139,10
12.9888601303,80.2152481079,29139,29149,10
12.9884595871,80.2158432007,29149,29159,10
12.9881000519,80.2164001465,29159,29169,10
12.987859726,80.2170028687,29169,29179,10
12.9876203537,80.2177505493,29179,29189,10
12.987449646,80.2182693481,29189,29199,10
12.9874000549,80.2183837891,29199,29209,10
12.9871196747,80.2183837891,29209,29219,10
12.9871101379,80.2183837891,29219,29229,10
12.9869499207,80.2183532715,29229,29240,11
12.9863901138,80.2181777954,29240,29250,10
12.9856004715,80.2180023193,29250,29260,10
12.9846696854,80.2179794312,29260,29270,10
12.9840602875,80.2180099487,29270,29280,10
12.9840297699,80.2180023193,29280,29290,10
12.9837503433,80.2179870605,29290,29300,10
12.9831495285,80.2179794312,29300,29310,10
12.982339859,80.2179794312,29310,29320,10
12.9813995361,80.2180862427,29320,29331,11
12.9804296494,80.2183990479,29331,29341,10
12.9796600342,80.2186965942,29341,29351,10
12.9789400101,80.2189865112,29351,29361,10
12.9785003662,80.2191619873,29361,29377,16
12.9771900177,80.2197036743,29377,29389,12
12.9760799408,80.2202072144,29389,29397,8
12.9757699966,80.2203598022,29397,29440,43
12.9757699966,80.2203598022,29440,29450,10
12.9756202698,80.2205123901,29450,29460,10
12.9759197235,80.2210693359,29460,30248,788
12.9759197235,80.2210693359,30248,30258,10
12.9760599136,80.2213363647,30258,30268,10
12.9762401581,80.2217102051,30268,30278,10
12.9766197205,80.2223434448,30278,30289,11
12.9771499634,80.2227478027,30289,30299,10
12.9775104523,80.2224731445,30299,30309,10
12.9774999619,80.2222137451,30309,30319,10
12.9774799347,80.2218322754,30319,30329,10
12.9774303436,80.2213287354,30329,30339,10
12.9771404266,80.2212677002,30339,30349,10
12.976650238,80.2212982178,30349,30359,10
12.9763803482,80.2213134766,30359,30369,10
12.976099968,80.2213516235,30369,30379,10
12.9757404327,80.2211074829,30379,30389,10
12.9754400253,80.2208328247,30389,30400,11
12.9754295349,80.2205810547,30400,30410,10
12.975520134,80.2204589844,30410,30420,10
12.9757003784,80.2202987671,30420,30430,10
12.9760704041,80.2201004028,30430,30440,10
12.9767303467,80.2197799683,30440,30450,10
12.9775896072,80.2194290161,30450,30460,10
12.9784402847,80.2190704346,30460,30470,10
12.9788799286,80.2188568115,30470,30480,10
12.9794998169,80.2186203003,30480,30491,11
12.9801998138,80.2183380127,30491,30501,10
12.980890274,80.2180862427,30501,30511,10
12.9815797806,80.217880249,30511,30521,10
12.9823503494,80.2178268433,30521,30531,10
12.9823503494,80.2178268433,30531,30541,10
12.9825296402,80.2178421021,30541,30551,10
12.9830799103,80.2178421021,30551,30561,10
12.9836597443,80.2178268433,30561,30571,10
12.9837398529,80.2178421021,30571,30581,10
12.983830452,80.2178421021,30581,30592,11
12.9842100143,80.2178421021,30592,30602,10
12.9847803116,80.2178268433,30602,30612,10
12.985619545,80.2178573608,30612,30622,10
12.9865102768,80.2180633545,30622,30632,10
12.9871797562,80.2181930542,30632,30642,10
12.9873695374,80.2182235718,30642,30652,10
12.987449646,80.2182235718,30652,30662,10
12.9875202179,80.2181015015,30662,30672,10
12.9876203537,80.2177734375,30672,30682,10
12.9877700806,80.2173080444,30682,30693,11
12.9880199432,80.2166213989,30693,30703,10
12.988360405,80.216003418,30703,30713,10
12.9887800217,80.2153930664,30713,30723,10
12.9891901016,80.2147903442,30723,30733,10
12.9893903732,80.2146835327,30733,30743,10
12.9898004532,80.2147979736,30743,30753,10
12.9903402328,80.2147979736,30753,30763,10
12.9908504486,80.2143783569,30763,30774,11
12.9910697937,80.2137527466,30774,30784,10
12.9911499023,80.2134170532,30784,30794,10
12.9912204742,80.2131118774,30794,30804,10
12.991350174,80.2126998901,30804,30814,10
12.9915599823,80.212677002,30814,30844,30
12.9915599823,80.212677002,30844,30854,10
12.9918498993,80.2127304077,30854,30870,16
12.992890358,80.2130203247,30870,30913,43
12.9929599762,80.2128601074,30913,30933,20
12.9929599762,80.2128601074,30933,30943,10
12.9929895401,80.2126693726,30943,30953,10
12.9930801392,80.2122497559,30953,30963,10
12.9931898117,80.2118377686,30963,30974,11
12.9933595657,80.2111434937,30974,30984,10
12.993519783,80.2105026245,30984,30994,10
12.9936103821,80.2101669312,30994,31004,10
12.9938402176,80.2101135254,31004,31034,30
12.9938402176,80.2101135254,31034,31044,10
12.9941101074,80.2100982666,31044,31054,10
12.9944295883,80.2101364136,31054,31064,10
12.9948396683,80.2101821899,31064,31075,11
12.9952697754,80.2102203369,31075,31085,10
12.9954900742,80.2102432251,31085,31095,10
12.995880127,80.2102890015,31095,31105,10
12.9963502884,80.2103424072,31105,31115,10
12.9967899323,80.2104110718,31115,31125,10
12.9971904755,80.2104721069,31125,31154,29
12.9971904755,80.2104721069,31154,31166,12
12.9973802567,80.2102966309,31166,31176,10
12.9973897934,80.2102890015,31176,31186,10
12.9975099564,80.2099990845,31186,31196,10
12.9977302551,80.2095108032,31196,31206,10
12.9980897903,80.2090682983,31206,31216,10
12.9981603622,80.2087097168,31216,31226,10
12.9982404709,80.2081832886,31226,31236,10
12.998339653,80.2076416016,31236,31246,10
12.9983701706,80.2074508667,31246,31256,10
12.998550415,80.2074203491,31256,31277,21
12.998550415,80.2074203491,31277,31287,10
12.9988203049,80.2074813843,31287,31297,10
12.9992599487,80.2075576782,31297,31307,10
12.999879837,80.2076873779,31307,31317,10
13.0004901886,80.2077865601,31317,31327,10
13.0010299683,80.2080230713,31327,31337,10
13.0016403198,80.2083282471,31337,31347,10
13.0023097992,80.2086791992,31347,31357,10
13.002989769,80.2090606689,31357,31368,11
13.0035200119,80.2093963623,31368,31378,10
13.0035200119,80.2097320557,31378,31388,10
13.0036001205,80.2101287842,31388,31398,10
13.0037002563,80.2107009888,31398,31408,10
13.003780365,80.2113723755,31408,31418,10
13.0040102005,80.2120132446,31418,31499,81
13.0040102005,80.2120132446,31499,31509,10
13.0042800903,80.2121429443,31509,31519,10
13.0046396255,80.2123184204,31519,31529,10
13.0050601959,80.2125396729,31529,31539,10
13.005689621,80.2128829956,31539,31549,10
13.0063800812,80.2127380371,31549,31560,11
13.0074300766,80.2127914429,31560,31590,30
13.0074300766,80.2127914429,31590,31600,10
13.0076799393,80.2128829956,31600,31610,10
13.0078496933,80.2130126953,31610,31681,71
13.0078496933,80.2130126953,31681,31691,10
13.0080404282,80.2132034302,31691,31701,10
13.0084600449,80.2133789063,31701,31711,10
13.008769989,80.2136993408,31711,31721,10
13.0091896057,80.2142562866,31721,31737,16
13.0099000931,80.2152175903,31737,31749,12
13.0105400085,80.2160186768,31749,31760,11
13.0108098984,80.2167434692,31760,31770,10
13.0111904144,80.2176437378,31770,31780,10
13.0115203857,80.2185668945,31780,31790,10
13.0118398666,80.2195587158,31790,31800,10
13.0122098923,80.220703125,31800,31820,20
13.0122098923,80.220703125,31820,31830,10
13.0122995377,80.2210006714,31830,31840,10
13.0124197006,80.2213363647,31840,31850,10
13.0125398636,80.2215194702,31850,31861,11
13.0129299164,80.2219314575,31861,31871,10
13.0132703781,80.2222595215,31871,31881,10
13.0136604309,80.2228088379,31881,31891,10
13.0140695572,80.2233734131,31891,31901,10
13.0142803192,80.2236404419,31901,31911,10
13.0145101547,80.2239379883,31911,31921,10
13.0149097443,80.2244491577,31921,31931,10
13.0152196884,80.2248001099,31931,31941,10
13.0155296326,80.2250289917,31941,31962,21
13.0155296326,80.2250289917,31962,31972,10
13.0156898499,80.2252197266,31972,31982,10
13.016119957,80.2253570557,31982,31992,10
13.0168199539,80.225227356,31992,32002,10
13.0176200867,80.2249069214,32002,32012,10
13.0185098648,80.224571228,32012,32022,10
13.0193004608,80.2243728638,32022,32032,10
13.019659996,80.2245025635,32032,32043,11
13.0200004578,80.2247390747,32043,32053,10
13.0204896927,80.2250900269,32053,32063,10
13.0209102631,80.2253875732,32063,32073,10
13.0213804245,80.2257766724,32073,32083,10
13.0219802856,80.2261810303,32083,32113,30
13.0219802856,80.2261810303,32113,32123,10
13.0222902298,80.2264404297,32123,32133,10
13.0227003098,80.2268066406,32133,32144,11
13.0233001709,80.2273483276,32144,32154,10
13.0238399506,80.2278213501,32154,32164,10
13.0240497589,80.2280197144,32164,32174,10
13.0241804123,80.2281494141,32174,32184,10
13.0244503021,80.2285003662,32184,32194,10
13.0247001648,80.2288970947,32194,32204,10
13.0247898102,80.229057312,32204,32214,10
13.0249700546,80.2293014526,32214,32224,10
13.025349617,80.2297821045,32224,32235,11
13.0257797241,80.2304763794,32235,32245,10
13.0259799957,80.2310180664,32245,32275,30
13.0259799957,80.2310180664,32275,32285,10
13.0260000229,80.2311172485,32285,32295,10
13.0260696411,80.2313995361,32295,32305,10
13.0265703201,80.2312393188,32305,32315,10
13.0273704529,80.2310409546,32315,32325,10
13.0285396576,80.2308807373,32325,32346,21
13.0285396576,80.2308807373,32346,32356,10
13.0286502838,80.2308731079,32356,32366,10
13.0290002823,80.2308273315,32366,32386,20
13.0290002823,80.2308273315,32386,32396,10
13.0292196274,80.230796814,32396,32406,10
13.029589653,80.2307662964,32406,32416,10
13.0301103592,80.2307128906,32416,32426,10
13.0304603577,80.2306900024,32426,32436,10
13.03083992,80.230682373,32436,32447,11
13.0315599442,80.2306213379,32447,32457,10
13.0323095322,80.2305603027,32457,32467,10
13.0330400467,80.230506897,32467,32477,10
13.0336704254,80.2304534912,32477,32487,10
13.034239769,80.2303924561,32487,32496,9
13.0347995758,80.23021698,32496,32578,82
13.0347995758,80.23021698,32578,32588,10
13.0351400375,80.2299575806,32588,32598,10
13.0350704193,80.2298431396,32598,32608,10
13.0346403122,80.2298202515,32608,32618,10
13.0342998505,80.2298583984,32618,32628,10
13.0343103409,80.2300720215,32628,32639,11
13.0342597961,80.2302627563,32639,32871,232
13.0342597961,80.2302627563,32871,32881,10
13.0341796875,80.23046875,32881,32891,10
13.0340595245,80.2304763794,32891,32901,10
13.0340204239,80.2304611206,32901,32911,10
13.033780098,80.230430603,32911,32921,10
13.0335197449,80.2304534912,32921,32932,11
13.0334997177,80.2304611206,32932,32942,10
13.0333003998,80.2304763794,32942,32952,10
13.0329198837,80.2304992676,32952,32962,10
13.032409668,80.2305526733,32962,32972,10
13.0318002701,80.2306213379,32972,32982,10
13.03125,80.2306671143,32982,32992,10
13.0309000015,80.2306976318,32992,33033,41
13.0309000015,80.2306976318,33033,33043,10
13.0305500031,80.2307281494,33043,33053,10
13.0300798416,80.2307815552,33053,33063,10
13.0298900604,80.2308120728,33063,33073,10
13.0297403336,80.2308425903,33073,33083,10
13.0293598175,80.2308807373,33083,33093,10
13.028670311,80.2309188843,33093,33103,10
13.0278596878,80.2310333252,33103,33113,10
13.0276699066,80.2311325073,33113,33124,11
13.0277204514,80.2315826416,33124,33134,10
13.0277204514,80.2316665649,33134,33144,10
13.0277395248,80.2317962646,33144,33154,10
13.0277996063,80.2321395874,33154,33164,10
13.0278501511,80.2324676514,33164,33174,10
13.027879715,80.2328262329,33174,33275,101
13.027879715,80.2328262329,33275,33285,10
13.0276603699,80.2329177856,33285,33295,10
13.0274000168,80.2329406738,33295,33305,10
13.0270004272,80.2329788208,33305,33366,61
13.0270004272,80.2329788208,33366,33376,10
13.0267095566,80.2329788208,33376,33386,10
13.0263996124,80.2328414917,33386,33396,10
13.0262203217,80.2322998047,33396,33406,10
13.0260801315,80.2317733765,33406,33417,11
13.0259504318,80.2311401367,33417,33427,10
13.0256299973,80.2303390503,33427,33437,10
13.0249204636,80.2294311523,33437,33477,40
13.0249204636,80.2294311523,33477,33487,10
13.0248298645,80.2292633057,33487,33497,10
13.0245895386,80.2289810181,33497,33508,11
13.0244598389,80.2288284302,33508,33518,10
13.0242300034,80.228553772,33518,33528,10
13.0237598419,80.2279891968,33528,33538,10
13.0230302811,80.2274169922,33538,33568,30
13.0230302811,80.2274169922,33568,33578,10
13.0229196548,80.2273712158,33578,33588,10
13.0226802826,80.2270812988,33588,33598,10
13.0226402283,80.2270126343,33598,33609,11
13.0225896835,80.226890564,33609,33619,10
13.0223798752,80.2266693115,33619,33629,10
13.0218400955,80.2262420654,33629,33639,10
13.0211601257,80.2257003784,33639,33649,10
13.0204801559,80.2252197266,33649,33659,10
13.0198402405,80.2248001099,33659,33669,10
13.0189399719,80.2245483398,33669,33679,10
13.0179100037,80.2249221802,33679,33689,10
13.0170202255,80.2253036499,33689,33700,11
13.0165395737,80.2254867554,33700,33710,10
13.0162200928,80.2256011963,33710,33720,10
13.0156698227,80.2257614136,33720,33730,10
13.014960289,80.2260665894,33730,33740,10
13.0144701004,80.2262573242,33740,33750,10
13.0144300461,80.226272583,33750,33760,10
13.0143404007,80.2262802124,33760,33770,10
13.0142698288,80.2263031006,33770,33780,10
13.0141897202,80.2263183594,33780,33790,10
13.0137395859,80.2264785767,33790,33800,10
13.0129699707,80.2267608643,33800,33811,11
13.0119600296,80.2271575928,33811,33827,16
13.0103702545,80.2277832031,33827,33839,12
13.0095396042,80.2276535034,33839,33849,10
13.0097503662,80.2271194458,33849,33858,9
13.0100803375,80.2263565063,33858,33869,11
13.0104799271,80.225402832,33869,33876,7
13.0106801987,80.2249221802,33876,33889,13
13.0109500885,80.2242736816,33889,33900,11
13.0112800598,80.2234802246,33900,33910,10
13.011590004,80.2227020264,33910,33920,10
13.011759758,80.2220230103,33920,33930,10
13.0119104385,80.2216186523,33930,33940,10
13.012049675,80.2212982178,33940,33950,10
13.0121002197,80.2208404541,33950,33960,10
13.0118904114,80.2201080322,33960,33983,23
13.0116195679,80.2194213867,33983,33995,12
13.0114297867,80.2187271118,33995,34006,11
13.0112199783,80.2181396484,34006,34016,10
13.0108003616,80.2170562744,34016,34025,9
13.0104598999,80.2163772583,34025,34036,11
13.0100498199,80.2156600952,34036,34046,10
13.0097198486,80.2150726318,34046,34056,10
13.0093097687,80.2145080566,34056,34066,10
13.0088796616,80.2139205933,34066,34076,10
13.0085697174,80.2135772705,34076,34086,10
13.0082702637,80.2133789063,34086,34167,81
13.0079498291,80.2131881714,34167,34187,20
13.0079498291,80.2131881714,34187,34198,11
13.0078201294,80.2130889893,34198,34208,10
13.0075397491,80.2129135132,34208,34218,10
13.0072603226,80.2128219604,34218,34228,10
13.0069503784,80.2127609253,34228,34238,10
13.0063800812,80.2127990723,34238,34248,10
13.0057201385,80.2129516602,34248,34257,9
13.0050802231,80.2125778198,34257,34269,12
13.0040502548,80.2121200562,34269,34279,10
13.0037403107,80.2118225098,34279,34289,10
13.0037002563,80.2112121582,34289,34300,11
13.003569603,80.2103805542,34300,34310,10
13.0035495758,80.2099380493,34310,34320,10
13.0035200119,80.2093963623,34320,34330,10
13.0031003952,80.2091598511,34330,34340,10
13.0023202896,80.208732605,34340,34350,10
13.0015096664,80.2082824707,34350,34360,10
13.0007801056,80.2079162598,34360,34370,10
13.0001602173,80.2077407837,34370,34380,10
12.9997997284,80.2076873779,34380,34391,11
12.9993000031,80.207572937,34391,34401,10
12.9988098145,80.2074737549,34401,34411,10
12.9984798431,80.2074203491,34411,34421,10
12.9984397888,80.2075119019,34421,34431,10
12.9983901978,80.2078018188,34431,34441,10
12.998290062,80.2084274292,34441,34451,10
12.9982500076,80.2085800171,34451,34461,10
12.9982004166,80.2088012695,34461,34471,10
12.998049736,80.2092208862,34471,34482,11
12.9978504181,80.209487915,34482,34492,10
12.9976902008,80.2099990845,34492,34502,10
12.9973897934,80.2104873657,34502,34512,10
12.9972801208,80.2104721069,34512,34522,10
12.9971599579,80.2104492188,34522,34532,10
12.9967403412,80.2104034424,34532,34542,10
12.996219635,80.2103500366,34542,34552,10
12.9959001541,80.210319519,34552,34562,10
12.9954996109,80.2102813721,34562,34572,10
12.9951200485,80.2102508545,34572,34582,10
12.9945898056,80.2101898193,34582,34593,11
12.9941902161,80.2101593018,34593,34603,10
12.9938898087,80.2101516724,34603,34613,10
12.9937801361,80.2101364136,34613,34623,10
12.993639946,80.2102584839,34623,34633,10
12.993519783,80.2106781006,34633,34643,10
12.993350029,80.211479187,34643,34653,10
12.9932699203,80.2118988037,34653,34663,10
12.9930696487,80.212638855,34663,34673,10
12.9928598404,80.2129592896,34673,34684,11
12.9923200607,80.2128372192,34684,34694,10
12.9917402267,80.2126998901,34694,34724,30
12.9917402267,80.2126998901,34724,34734,10
12.9915399551,80.2126617432,34734,34744,10
12.9913196564,80.2128372192,34744,34754,10
12.9911603928,80.2134628296,34754,34764,10
12.9909801483,80.2141494751,34764,34774,10
12.9905004501,80.2147293091,34774,34785,11
12.9893102646,80.2147064209,34785,34805,20
12.9893102646,80.2147064209,34805,34815,10
12.9891195297,80.2148895264,34815,34825,10
12.9887800217,80.2153930664,34825,34835,10
12.9883003235,80.2160797119,34835,34845,10
12.9879398346,80.2168273926,34845,34855,10
12.9876699448,80.2176589966,34855,34865,10
12.9875097275,80.2181930542,34865,34876,11
12.9874696732,80.2182998657,34876,34886,10
12.9873695374,80.2183990479,34886,34896,10
12.987159729,80.2183532715,34896,34906,10
12.9870004654,80.2182998657,34906,34916,10
12.9864597321,80.2181472778,34916,34926,10
12.9855203629,80.2179412842,34926,34936,10
12.9839897156,80.2179794312,34936,34956,20
12.9839897156,80.2179794312,34956,34967,11
12.983590126,80.2179870605,34967,34977,10
12.9828996658,80.2179870605,34977,34986,9
12.9821100235,80.2180023193,34986,34997,11
12.9811296463,80.2181777954,34997,35007,10
12.980389595,80.2184295654,35007,35017,10
12.9798498154,80.2186737061,35017,35027,10
12.9793596268,80.2188720703,35027,35037,10
12.9788398743,80.2190628052,35037,35047,10
12.9783096313,80.219291687,35047,35057,10
12.9774999619,80.219619751,35057,35068,11
12.9765195847,80.2200012207,35068,35078,10
12.9761896133,80.2201766968,35078,35219,141
12.9761896133,80.2201766968,35219,35229,10
12.9757499695,80.2203826904,35229,35239,10
12.975569725,80.2206268311,35239,35249,10
12.9757699966,80.2209091187,35249,35827,578
12.9757699966,80.2209091187,35827,35837,10
12.9759902954,80.2211914063,35837,35847,10
12.9760599136,80.2213592529,35847,35858,11
12.9763002396,80.2217712402,35858,35868,10
12.976650238,80.2223205566,35868,35878,10
12.9769697189,80.2227630615,35878,35888,10
12.9773597717,80.2227096558,35888,35898,10
12.977519989,80.2224197388,35898,35908,10
12.9774999619,80.2219467163,35908,35918,10
12.9774904251,80.2214126587,35918,35928,10
12.9773702621,80.2212600708,35928,35938,10
12.9768896103,80.221282959,35938,35948,10
12.9760799408,80.2213134766,35948,36007,59
12.9760799408,80.2213134766,36007,36017,10
12.9757003784,80.2211227417,36017,36037,20
12.9757003784,80.2211227417,36037,36048,11
12.9754695892,80.2209091187,36048,36058,10
12.9753799438,80.2208404541,36058,36069,11
12.975279808,80.2206878662,36069,36079,10
12.9754199982,80.2205734253,36079,36089,10
12.975520134,80.2204589844,36089,36099,10
12.9758396149,80.2202224731,36099,36109,10
12.9765396118,80.2198791504,36109,36119,10
12.9774398804,80.2194976807,36119,36129,10
12.9784202576,80.2191009521,36129,36140,11
12.9790697098,80.2188568115,36140,36150,10
12.9798803329,80.2185287476,36150,36159,9
12.9806900024,80.218208313,36159,36170,11
12.9818696976,80.2178573608,36170,36180,10
12.982339859,80.2178115845,36180,36190,10
12.9827299118,80.2178192139,36190,36200,10
12.9834804535,80.2178115845,36200,36210,10
12.9838199615,80.2178268433,36210,36220,10
12.9839401245,80.2178497314,36220,36230,10
12.9844303131,80.2178497314,36230,36241,11
12.9853801727,80.2178497314,36241,36251,10
12.9864196777,80.2180404663,36251,36261,10
12.9872598648,80.2181777954,36261,36271,10
12.9874095917,80.2181930542,36271,36281,10
12.9875097275,80.2180633545,36281,36291,10
12.9876899719,80.2175292969,36291,36301,10
12.9879703522,80.2167205811,36301,36310,9
12.9883403778,80.216003418,36310,36321,11
12.9888601303,80.2152175903,36321,36332,11
12.989279747,80.2146606445,36332,36342,10
12.9894304276,80.2146911621,36342,36352,10
12.9898996353,80.2148208618,36352,36362,10
12.9906101227,80.2146072388,36362,36372,10
12.9909896851,80.2139434814,36372,36382,10
12.9911603928,80.2132873535,36382,36392,10
12.9913597107,80.212638855,36392,36402,10
12.9916400909,80.2126617432,36402,36422,20
12.9916400909,80.2126617432,36422,36433,11
12.9917802811,80.2126998901,36433,36443,10
12.9922800064,80.2128295898,36443,36453,10
12.9928197861,80.2129898071,36453,36463,10
12.9929504395,80.2128677368,36463,36473,10
12.9930095673,80.2125930786,36473,36483,10
12.9931297302,80.2120513916,36483,36493,10
12.9933204651,80.2112808228,36493,36503,10
12.993470192,80.2107009888,36503,36513,10
12.9935598373,80.2103424072,36513,36523,10
12.993689537,80.2100601196,36523,36554,31
12.993689537,80.2100601196,36554,36564,10
12.9939603806,80.210067749,36564,36574,10
12.9943199158,80.2101211548,36574,36584,10
12.9943304062,80.2101211548,36584,36594,10
12.9946298599,80.2101593018,36594,36604,10
12.9948997498,80.2101898193,36604,36614,10
12.9952898026,80.2102203369,36614,36625,11
12.9958000183,80.2102737427,36625,36635,10
12.9963998795,80.2103271484,36635,36645,10
12.9967603683,80.2103881836,36645,36655,10
12.9970998764,80.2104415894,36655,36665,10
12.997209549,80.2104721069,36665,36675,10
12.9973497391,80.2103424072,36675,36685,10
12.9975299835,80.2099304199,36685,36695,10
12.9978704453,80.2093200684,36695,36705,10
12.9981403351,80.2088470459,36705,36715,10
12.9982500076,80.2081069946,36715,36726,11
12.998339653,80.2075424194,36726,36736,10
12.9983797073,80.2074127197,36736,36752,16
12.9985599518,80.2074127197,36752,36764,12
12.9986400604,80.2074203491,36764,36774,10
12.9989900589,80.2074966431,36774,36784,10
12.9995203018,80.2075881958,36784,36793,9
12.9999904633,80.2076873779,36793,36804,11
13.0007400513,80.2078704834,36804,36814,10
13.0014200211,80.2082138062,36814,36825,11
13.0023498535,80.2086791992,36825,36834,9
13.0031700134,80.2091217041,36834,36845,11
13.0034999847,80.2095336914,36845,36855,10
13.0035896301,80.2098388672,36855,36865,10
13.003660202,80.2102508545,36865,36875,10
13.0037403107,80.2109222412,36875,36885,10
13.0037899017,80.2117080688,36885,36895,10
13.0039901733,80.2119522095,36895,36905,10
13.0040903091,80.2120132446,36905,36915,10
13.0044898987,80.2121734619,36915,36926,11
13.0050897598,80.2125167847,36926,36936,10
13.0058698654,80.2128829956,36936,36946,10
13.0066404343,80.212677002,36946,36956,10
13.0078601837,80.2130126953,36956,37037,81
13.0078601837,80.2130126953,37037,37047,10
13.008020401,80.2131500244,37047,37057,10
13.0083599091,80.2132873535,37057,37067,10
13.0087795258,80.2137069702,37067,37077,10
13.0090799332,80.2141036987,37077,37087,10
13.0094995499,80.2146911621,37087,37096,9
13.0098400116,80.2151184082,37096,37106,10
13.0102300644,80.2156600952,37106,37118,12
13.010720253,80.2164230347,37118,37128,10
13.0109500885,80.2170715332,37128,37138,10
13.0113096237,80.2179412842,37138,37147,9
13.0116596222,80.2188186646,37147,37158,11
13.0120401382,80.2199401855,37158,37168,10
13.0122299194,80.2204818726,37168,37178,10
13.012260437,80.2205734253,37178,37188,10
13.0124101639,80.2210235596,37188,37198,10
13.0127096176,80.2216186523,37198,37208,10
13.0130596161,80.2220077515,37208,37219,11
13.0132703781,80.2222366333,37219,37229,10
13.0134000778,80.2223968506,37229,37239,10
13.013589859,80.2226791382,37239,37249,10
13.013999939,80.2231903076,37249,37259,10
13.0144195557,80.223739624,37259,37269,10
13.0149698257,80.2244033813,37269,37279,10
13.0156002045,80.2249832153,37279,37299,20
13.0156002045,80.2249832153,37299,37310,11
13.015709877,80.2251281738,37310,37320,10
13.0161104202,80.2253265381,37320,37330,10
13.0167598724,80.2252120972,37330,37340,10
13.0174703598,80.2249221802,37340,37350,10
13.0179395676,80.2247009277,37350,37360,10
13.0182104111,80.2245864868,37360,37370,10
13.0183496475,80.2245330811,37370,37380,10
13.0186300278,80.2244110107,37380,37390,10
13.0189800262,80.224281311,37390,37400,10
13.0192203522,80.2242431641,37400,37431,31
13.0192203522,80.2242431641,37431,37441,10
13.0195598602,80.2243423462,37441,37451,10
13.0197000504,80.2244415283,37451,37461,10
13.0199298859,80.2246398926,37461,37471,10
13.0202198029,80.2248535156,37471,37481,10
13.0203800201,80.2249679565,37481,37491,10
13.0206604004,80.2251586914,37491,37501,10
13.0209703445,80.2253799438,37501,37512,11
13.0212602615,80.2256393433,37512,37522,10
13.0215501785,80.2258605957,37522,37532,10
13.0217103958,80.2259292603,37532,37542,10
13.0218801498,80.2260513306,37542,37562,20
13.0218801498,80.2260513306,37562,37572,10
13.0220403671,80.2261734009,37572,37582,10
13.0220899582,80.2261962891,37582,37592,10
13.0222997665,80.2263717651,37592,37602,10
13.0223903656,80.2264633179,37602,37613,11
13.0225801468,80.2266616821,37613,37653,40
13.0225801468,80.2266616821,37653,37663,10
13.0227403641,80.226852417,37663,37673,10
13.0228996277,80.2270126343,37673,37683,10
13.0230302811,80.2271499634,37683,37693,10
13.0232095718,80.2273406982,37693,37703,10
13.0234498978,80.2275466919,37703,37714,11
13.023730278,80.2277908325,37714,37724,10
13.0240497589,80.2280883789,37724,37764,40
13.0240497589,80.2280883789,37764,37774,10
13.024189949,80.2282333374,37774,37784,10
13.0244703293,80.2285919189,37784,37794,10
13.0246696472,80.2288894653,37794,37806,12
13.0248403549,80.2291412354,37806,37816,10
13.0251398087,80.2295074463,37816,37826,10
13.0253000259,80.2296600342,37826,37836,10
13.0254201889,80.2298126221,37836,37846,10
13.0255804062,80.2300491333,37846,37856,10
13.0257396698,80.2303237915,37856,37866,10
13.0258998871,80.2306594849,37866,37876,10
13.0259399414,80.230796814,37876,37886,10
13.02602005,80.2311630249,37886,37897,11
13.0263996124,80.2312393188,37897,37907,10
13.027179718,80.2310409546,37907,37917,10
13.0279302597,80.2309188843,37917,37927,10
13.0284204483,80.2308578491,37927,37937,10
13.028429985,80.2308502197,37937,37947,10
13.0285997391,80.2308578491,37947,37957,10
13.0289201736,80.2308425903,37957,37967,10
13.0296802521,80.230758667,37967,38018,51
13.0296802521,80.230758667,38018,38028,10
13.0298299789,80.23072052,38028,38038,10
13.0299797058,80.23072052,38038,38048,10
13.0301799774,80.2306976318,38048,38058,10
13.0305404663,80.230682373,38058,38068,10
13.0310201645,80.2306594849,38068,38078,10
13.0314102173,80.2306289673,38078,38088,10
13.0316095352,80.2306289673,38088,38098,10
13.031999588,80.2306137085,38098,38109,11
13.0327396393,80.2305603027,38109,38119,10
13.033370018,80.2304992676,38119,38129,10
13.0339002609,80.2304763794,38129,38139,10
13.0343799591,80.2304534912,38139,38149,10
13.0347499847,80.2303009033,38149,38159,10
13.0349998474,80.2298431396,38159,38190,31
13.0349998474,80.2298431396,38190,38200,10
13.0348300934,80.2297897339,38200,38210,10
13.0342798233,80.2297821045,38210,38288,78
13.0342798233,80.2297821045,38288,38298,10
13.0342197418,80.2301635742,38298,38410,112
13.0342197418,80.2301635742,38410,38420,10
13.0340795517,80.2304382324,38420,38430,10
13.0338201523,80.230430603,38430,38440,10
13.033490181,80.2304534912,38440,38450,10
13.0330696106,80.2304763794,38450,38460,10
13.0326595306,80.2305297852,38460,38470,10
13.0321798325,80.2305908203,38470,38480,10
13.0316696167,80.2306365967,38480,38490,10
13.0312795639,80.230682373,38490,38551,61
13.0312795639,80.230682373,38551,38561,10
13.0309696198,80.2306594849,38561,38571,10
13.0307302475,80.2306976318,38571,38588,17
13.0298595428,80.2308197021,38588,38610,22
13.0298595428,80.2308197021,38610,38620,10
13.029589653,80.2308731079,38620,38630,10
13.0291099548,80.2309036255,38630,38640,10
13.0285396576,80.2309494019,38640,38650,10
13.0279598236,80.2310028076,38650,38660,10
13.0276699066,80.2310562134,38660,38670,10
13.027680397,80.2314987183,38670,38681,11
13.0277395248,80.2319335938,38681,38691,10
13.0277996063,80.2323303223,38691,38701,10
13.0275201797,80.2328491211,38701,38721,20
13.0275201797,80.2328491211,38721,38731,10
13.0272502899,80.2329177856,38731,38741,10
13.0269804001,80.232963562,38741,38751,10
13.0267696381,80.233001709,38751,38761,10
13.0263900757,80.2328796387,38761,38771,10
13.0261497498,80.2322311401,38771,38782,11
13.0259504318,80.2313995361,38782,38792,10
13.025639534,80.2305297852,38792,38802,10
13.0251197815,80.2297210693,38802,38812,10
13.0246696472,80.2291717529,38812,38822,10
13.0244503021,80.2288665771,38822,38832,10
13.0241699219,80.228477478,38832,38842,10
13.0237598419,80.2279815674,38842,38852,10
13.0233602524,80.2276000977,38852,38862,10
13.0230102539,80.2274169922,38862,38883,21
13.0230102539,80.2274169922,38883,38893,10
13.0228900909,80.2273788452,38893,38903,10
13.0227603912,80.2272262573,38903,38913,10
13.0225801468,80.2269287109,38913,38923,10
13.0225000381,80.2268066406,38923,38939,16
13.0220003128,80.2263717651,38939,38951,12
13.0214395523,80.2259368896,38951,38959,8
13.0209999084,80.2256088257,38959,38971,12
13.0203199387,80.225151062,38971,38982,11
13.019900322,80.2248535156,38982,38992,10
13.0197601318,80.2247695923,38992,39002,10
13.0192298889,80.2245635986,39002,39012,10
13.0185499191,80.2246170044,39012,39022,10
13.0178098679,80.2249221802,39022,39032,10
13.017080307,80.2252197266,39032,39041,9
13.016500473,80.2254562378,39041,39053,12
13.0161895752,80.2255783081,39053,39063,10
13.0157699585,80.2257080078,39063,39074,11
13.0153503418,80.2258834839,39074,39085,11
13.0149898529,80.2260284424,39085,39095,10
13.0144796371,80.2262268066,39095,39115,20
13.0144796371,80.2262268066,39115,39125,10
13.0143203735,80.2262496948,39125,39135,10
13.0140399933,80.2263565063,39135,39145,10
13.013420105,80.2265625,39145,39155,10
13.0127096176,80.2268295288,39155,39165,10
13.011879921,80.2271575928,39165,39176,11
13.010840416,80.2275619507,39176,39186,10
13.0099401474,80.2278900146,39186,39196,10
13.0094604492,80.2276763916,39196,39206,10
13.0096797943,80.2271575928,39206,39216,10
13.0100002289,80.2265014648,39216,39226,10
13.0103197098,80.2257919312,39226,39236,10
13.0106401443,80.2250595093,39236,39246,10
13.0109395981,80.2243423462,39246,39256,10
13.0112695694,80.2235488892,39256,39266,10
13.0115699768,80.2228164673,39266,39276,10
13.0117998123,80.2221298218,39276,39287,11
13.0119800568,80.2216491699,39287,39297,10
13.0120697021,80.2213973999,39297,39307,10
13.0121297836,80.2210769653,39307,39317,10
13.0120000839,80.2206573486,39317,39327,10
13.0117998123,80.2200698853,39327,39337,10
13.011590004,80.2194519043,39337,39347,10
13.0113401413,80.2187805176,39347,39357,10
13.0111398697,80.2182235718,39357,39367,10
13.011059761,80.217956543,39367,39378,11
13.0109596252,80.2176895142,39378,39387,9
13.0108604431,80.2174606323,39387,39398,11
13.010840416,80.217338562,39398,39408,10
13.0107803345,80.2171096802,39408,39418,10
13.010720253,80.2169189453,39418,39428,10
13.0105495453,80.2165603638,39428,39438,10
13.0102300644,80.2160415649,39438,39448,10
13.0098896027,80.2153167725,39448,39458,10
13.0094995499,80.2147674561,39458,39469,11
13.0089998245,80.2141189575,39469,39479,10
13.0085201263,80.2135162354,39479,39489,10
13.0080299377,80.2132492065,39489,39570,81
13.0080299377,80.2132492065,39570,39580,10
13.0077695847,80.2130432129,39580,39590,10
13.0074300766,80.2128601074,39590,39600,10
13.0069198608,80.2127685547,39600,39610,10
13.0063800812,80.2127838135,39610,39620,10
13.0057497025,80.2129592896,39620,39630,10
13.0050296783,80.212562561,39630,39640,10
13.0045995712,80.2123184204,39640,39650,10
13.003950119,80.2121124268,39650,39660,10
13.0036897659,80.2117614746,39660,39671,11
13.003660202,80.2113418579,39671,39681,10
13.0035896301,80.210647583,39681,39691,10
13.0035104752,80.2100982666,39691,39701,10
13.0034704208,80.2095489502,39701,39711,10
13.0034198761,80.2093582153,39711,39721,10
13.0030202866,80.2091217041,39721,39731,10
13.0023603439,80.2087631226,39731,39741,10
13.0016298294,80.208366394,39741,39751,10
13.0009202957,80.2080307007,39751,39762,11
13.0004901886,80.2078170776,39762,39772,10
13.0001802444,80.2078094482,39772,39782,10
12.9997301102,80.2077178955,39782,39792,10
12.9993400574,80.2076187134,39792,39802,10
12.9990997314,80.2075881958,39802,39812,10
12.9987401962,80.2074966431,39812,39822,10
12.9983901978,80.2074966431,39822,39832,10
12.9983901978,80.2075576782,39832,39842,10
12.9984102249,80.2076797485,39842,39852,10
12.9983100891,80.2081298828,39852,39863,11
12.9982004166,80.2088165283,39863,39873,10
12.9980201721,80.2092437744,39873,39883,10
12.9977903366,80.2095718384,39883,39893,10
12.9975595474,80.2100830078,39893,39903,10
12.9973802567,80.2104415894,39903,39913,10
12.9971904755,80.2104492188,39913,39923,10
12.9970598221,80.2104568481,39923,39933,10
12.9967098236,80.2104187012,39933,39943,10
12.9962596893,80.2103805542,39943,39953,10
12.9959402084,80.2103424072,39953,39964,11
12.9952802658,80.2102737427,39964,39974,10
12.9949302673,80.2102279663,39974,39984,10
12.9945602417,80.2101974487,39984,39994,10
12.9937801361,80.2101364136,39994,40034,40
12.9937801361,80.2101364136,40034,40044,10
12.9935998917,80.2102203369,40044,40065,21
12.9935998917,80.2102203369,40065,40075,10
12.9935398102,80.2103729248,40075,40085,10
12.9935302734,80.2105178833,40085,40095,10
12.993519783,80.2107009888,40095,40115,20
12.993519783,80.2107009888,40115,40125,10
12.9934597015,80.2109375,40125,40135,10
12.9933395386,80.2114562988,40135,40145,10
12.9931201935,80.2122879028,40145,40156,11
12.9929103851,80.2129974365,40156,40166,10
12.992600441,80.2129669189,40166,40176,10
12.9919996262,80.2127990723,40176,40186,10
12.9916095734,80.2127075195,40186,40196,10
12.9915304184,80.2126998901,40196,40206,10
12.9912996292,80.2129364014,40206,40216,10
12.9911003113,80.2136535645,40216,40226,10
12.9909000397,80.214302063,40226,40236,10
12.990240097,80.2148666382,40236,40246,10
12.9894304276,80.2147216797,40246,40263,17
12.9888401031,80.2152862549,40263,40275,12
12.9882497787,80.2161102295,40275,40285,10
12.987859726,80.2169876099,40285,40295,10
12.9876499176,80.2176437378,40295,40305,10
12.987449646,80.2181777954,40305,40315,10
12.9874000549,80.2183227539,40315,40325,10
12.9870796204,80.2183380127,40325,40335,10
12.9870500565,80.2183303833,40335,40345,10
12.9866695404,80.2182006836,40345,40355,10
12.9859600067,80.2180099487,40355,40365,10
12.9849500656,80.217956543,40365,40376,11
12.9843301773,80.2180099487,40376,40386,10
12.9840803146,80.2180175781,40386,40396,10
12.9839401245,80.2180404663,40396,40406,10
12.9834699631,80.2180404663,40406,40416,10
12.9827299118,80.2180404663,40416,40426,10
12.982170105,80.2180633545,40426,40436,10
12.9814395905,80.2181091309,40436,40447,11
12.9804201126,80.2184295654,40447,40457,10
12.9795598984,80.2187805176,40457,40466,9
12.9788599014,80.2190628052,40466,40478,12
12.9783401489,80.2192687988,40478,40488,10
12.977399826,80.2196578979,40488,40498,10
12.9763298035,80.2200927734,40498,40508,10
12.9755802155,80.2204971313,40508,40518,10
12.9757795334,80.2210083008,40518,40932,414
12.9757795334,80.2210083008,40932,40943,11
12.975859642,80.2211608887,40943,40993,50
12.975859642,80.2211608887,40993,41003,10
12.9760799408,80.2215270996,41003,41013,10
12.9764204025,80.2220306396,41013,41023,10
12.9767999649,80.2225799561,41023,41033,10
12.9769802094,80.2227630615,41033,41044,11
12.9771404266,80.2227478027,41044,41054,10
12.9774703979,80.2226333618,41054,41064,10
12.9774999619,80.2221984863,41064,41074,10
12.9774799347,80.2217025757,41074,41084,10
12.9774703979,80.2213973999,41084,41100,16
12.9770002365,80.2212982178,41100,41112,12
12.9763202667,80.2213134766,41112,41120,8
12.9760704041,80.2213821411,41120,41132,12
12.9759502411,80.2213668823,41132,41143,11
12.9757204056,80.2211685181,41143,41153,10
12.9753303528,80.2208633423,41153,41163,10
12.9753103256,80.2206802368,41163,41173,10
12.9755001068,80.2205123901,41173,41183,10
12.9757604599,80.2203216553,41183,41193,10
12.9763498306,80.2200317383,41193,41203,10
12.9771003723,80.2196884155,41203,41213,10
12.9779100418,80.2193374634,41213,41223,10
12.9785404205,80.219078064,41223,41234,11
12.9791898727,80.2188568115,41234,41244,10
12.9799604416,80.2185211182,41244,41254,10
12.9807500839,80.2182312012,41254,41264,10
12.9816503525,80.217956543,41264,41274,10
12.9824800491,80.2179031372,41274,41284,10
12.9832401276,80.217880249,41284,41294,10
12.9836797714,80.2178421021,41294,41304,10
12.9837198257,80.2178421021,41304,41314,10
12.983830452,80.2178573608,41314,41324,10
12.9852199554,80.217880249,41324,41335,11
12.9852199554,80.217880249,41335,41345,10
12.9862098694,80.2180404663,41345,41355,10
12.9870996475,80.2182235718,41355,41365,10
12.9873104095,80.2182312012,41365,41375,10
12.9874296188,80.2182006836,41375,41385,10
12.9875802994,80.2177581787,41385,41395,10
12.9878501892,80.2170028687,41395,41406,11
12.9882898331,80.2160568237,41406,41416,10
12.9887399673,80.2154083252,41416,41426,10
12.989159584,80.2147674561,41426,41437,11
12.9892196655,80.2146987915,41437,41447,10
12.9895095825,80.2146911621,41447,41457,10
12.9900197983,80.2147674561,41457,41467,10
12.990650177,80.2144775391,41467,41477,10
12.9909801483,80.2138900757,41477,41487,10
12.9911699295,80.2132110596,41487,41497,10
12.9913702011,80.212638855,41497,41507,10
12.9916296005,80.2126617432,41507,41528,21
12.9916296005,80.2126617432,41528,41538,10
12.9919996262,80.2127609253,41538,41548,10
12.9925804138,80.2129135132,41548,41558,10
12.9928998947,80.2129516602,41558,41568,10
12.9929304123,80.2128677368,41568,41578,10
12.9930295944,80.2125091553,41578,41588,10
12.9931402206,80.2121124268,41588,41598,10
12.9932203293,80.211769104,41598,41608,10
12.9933700562,80.2112121582,41608,41618,10
12.9934902191,80.2107620239,41618,41629,11
12.993519783,80.2106399536,41629,41639,10
12.9935598373,80.2104415894,41639,41649,10
12.9935998917,80.2101821899,41649,41689,40
12.9935998917,80.2101821899,41689,41699,10
12.9938097,80.210067749,41699,41709,10
12.9938802719,80.2100830078,41709,41719,10
12.9941596985,80.2101135254,41719,41730,11
12.9942798615,80.2101135254,41730,41740,10
12.9945001602,80.2101287842,41740,41750,10
12.9948596954,80.2101669312,41750,41760,10
12.99518013,80.2102127075,41760,41770,10
12.9954795837,80.2102279663,41770,41780,10
12.9959001541,80.2102432251,41780,41790,10
12.9963998795,80.210319519,41790,41800,10
12.9969501495,80.2103805542,41800,41810,10
12.9969797134,80.2103881836,41810,41820,10
12.9972295761,80.2104797363,41820,41831,11
12.9973602295,80.2102890015,41831,41841,10
12.9975404739,80.2098999023,41841,41851,10
12.9977197647,80.2095489502,41851,41861,10
12.9981002808,80.2090530396,41861,41871,10
12.9982004166,80.2084579468,41871,41881,10
12.998339653,80.2077789307,41881,41891,10
12.9983797073,80.2074966431,41891,41901,10
12.998550415,80.2074508667,41901,41932,31
12.998550415,80.2074508667,41932,41942,10
12.9988203049,80.2074737549,41942,41952,10
12.999250412,80.2075424194,41952,41962,10
12.9997701645,80.2076416016,41962,41972,10
13.0003700256,80.2077484131,41972,41982,10
13.0007600784,80.2078933716,41982,41992,10
13.0014095306,80.2082138062,41992,42002,10
13.0022296906,80.2086181641,42002,42012,10
13.0031604767,80.2091217041,42012,42023,11
13.0034999847,80.2097015381,42023,42033,10
13.0036096573,80.2101593018,42033,42043,10
13.0037202835,80.2108230591,42043,42053,10
13.003780365,80.2116394043,42053,42063,10
13.0039796829,80.2119598389,42063,42073,10
13.004070282,80.212020874,42073,42083,10
13.0044403076,80.2121734619,42083,42093,10
13.0049800873,80.2124176025,42093,42103,10
13.0057401657,80.212852478,42103,42113,10
13.0064601898,80.2127075195,42113,42124,11
13.0073604584,80.2127914429,42124,42134,10
13.0078401566,80.2130203247,42134,42150,16
13.0078601837,80.2130432129,42150,42162,12
13.0079603195,80.2131576538,42162,42172,10
13.008310318,80.2133026123,42172,42182,10
13.0088596344,80.2138595581,42182,42191,9
13.0093898773,80.2145767212,42191,42202,11
13.0098695755,80.2152099609,42202,42212,10
13.0103797913,80.2158737183,42212,42223,11
13.0107898712,80.2168121338,42223,42233,10
13.011179924,80.2177276611,42233,42243,10
13.0115604401,80.21875,42243,42253,10
13.0119600296,80.219833374,42253,42263,10
13.0122299194,80.2205963135,42263,42273,10
13.0124702454,80.2212905884,42273,42282,9
13.0128498077,80.2218170166,42282,42292,10
13.0132598877,80.2223815918,42292,42303,11
13.0137300491,80.2229537964,42303,42313,10
13.0139503479,80.2233200073,42313,42324,11
13.0142297745,80.2237472534,42324,42334,10
13.0147800446,80.2244262695,42334,42344,10
13.0151796341,80.2247619629,42344,42354,10
13.0152997971,80.2248535156,42354,42364,10
13.0155000687,80.2249984741,42364,42374,10
13.0155096054,80.2249984741,42374,42384,10
13.0156002045,80.2250518799,42384,42394,10
13.0160303116,80.2253036499,42394,42404,10
13.0167798996,80.2251968384,42404,42415,11
13.0177698135,80.2248001099,42415,42425,10
13.0187397003,80.2244110107,42425,42435,10
13.0195503235,80.2244262695,42435,42445,10
13.0199098587,80.2246398926,42445,42455,10
13.0203695297,80.2250137329,42455,42465,10
13.0209302902,80.2254104614,42465,42475,10
13.0214099884,80.2258224487,42475,42485,10
13.0218400955,80.2260971069,42485,42495,10
13.021900177,80.2261428833,42495,42505,10
13.0219497681,80.2261810303,42505,42516,11
13.0222301483,80.2264099121,42516,42526,10
13.022310257,80.2264785767,42526,42536,10
13.022480011,80.2266387939,42536,42546,10
13.0227603912,80.2269134521,42546,42556,10
13.0232000351,80.2273178101,42556,42566,10
13.0236997604,80.2277832031,42566,42576,10
13.0241804123,80.2282485962,42576,42586,10
13.0242700577,80.2283477783,42586,42596,10
13.0243396759,80.2284393311,42596,42606,10
13.0245304108,80.228729248,42606,42617,11
13.0249204636,80.2292785645,42617,42627,10
13.0254001617,80.2298965454,42627,42637,10
13.0258197784,80.2306594849,42637,42647,10
13.0259895325,80.2311630249,42647,42657,10
13.0259799957,80.231262207,42657,42667,10
13.0261201859,80.2313537598,42667,42677,10
13.026599884,80.2312393188,42677,42687,10
13.0272197723,80.231086731,42687,42697,10
13.0276699066,80.2309799194,42697,42708,11
13.0283203125,80.2308578491,42708,42728,20
13.0283203125,80.2308578491,42728,42738,10
13.0286197662,80.2308731079,42738,42748,10
13.0293598175,80.230796814,42748,42798,50
13.0293598175,80.230796814,42798,42809,11
13.0297403336,80.2307815552,42809,42819,10
13.0304002762,80.23072052,42819,42839,20
13.0304002762,80.23072052,42839,42849,10
13.0306301117,80.2307128906,42849,42859,10
13.0312099457,80.2306671143,42859,42869,10
13.031920433,80.2305984497,42869,42879,10
13.0326404572,80.2305297852,42879,42889,10
13.0333795547,80.2304992676,42889,42900,11
13.0341701508,80.230430603,42900,42910,10
13.0345802307,80.2303390503,42910,42920,10
13.0349597931,80.230140686,42920,42970,50
13.0349597931,80.230140686,42970,42980,10
13.035030365,80.2299118042,42980,42990,10
13.034740448,80.2298736572,42990,43001,11
13.0343704224,80.2298583984,43001,43011,10
13.0342702866,80.2301635742,43011,43516,505
13.0342702866,80.2301635742,43516,43526,10
13.0341300964,80.2305221558,43526,43546,20
13.0341300964,80.2305221558,43546,43556,10
13.0340499878,80.2304229736,43556,43566,10
13.0337295532,80.2304382324,43566,43576,10
13.0333099365,80.23046875,43576,43587,11
13.0325603485,80.2305603027,43587,43597,10
13.0315799713,80.2306594849,43597,43667,70
13.0315799713,80.2306594849,43667,43677,10
13.0313596725,80.2306289673,43677,43688,11
13.0310201645,80.230682373,43688,43698,10
13.0306301117,80.23072052,43698,43708,10
13.0300598145,80.2308197021,43708,43738,30
13.0300598145,80.2308197021,43738,43748,10
13.029709816,80.2309036255,43748,43758,10
13.0291500092,80.2309494019,43758,43768,10
13.0284004211,80.2310180664,43768,43778,10
13.0278396606,80.2310562134,43778,43789,11
13.0276498795,80.2313232422,43789,43799,10
13.0276899338,80.2317962646,43799,43809,10
13.027759552,80.2322692871,43809,43819,10
13.0277996063,80.2328186035,43819,43829,10
13.0270595551,80.2329177856,43829,43849,20
13.0270595551,80.2329177856,43849,43859,10
13.026720047,80.2329711914,43859,43869,10
13.0263500214,80.2325286865,43869,43879,10
13.0261001587,80.2316665649,43879,43896,17
13.0253696442,80.2300033569,43896,43908,12
13.0248403549,80.2293395996,43908,43927,19
13.0248403549,80.2293395996,43927,43938,11
13.0246400833,80.2291030884,43938,43949,11
13.0242595673,80.2285995483,43949,43960,11
13.0237102509,80.2279586792,43960,43970,10
13.0234298706,80.2276611328,43970,43981,11
13.0232496262,80.2275466919,43981,43990,9
13.0230197906,80.2273788452,43990,44010,20
13.0230197906,80.2273788452,44010,44021,11
13.0227003098,80.2272033691,44021,44031,10
13.0223798752,80.2267074585,44031,44041,10
13.0217695236,80.2262191772,44041,44051,10
13.0210895538,80.2256698608,44051,44061,10
13.0204200745,80.2251968384,44061,44071,10
13.019900322,80.2248535156,44071,44082,11
13.0198202133,80.2247924805,44082,44092,10
13.0197296143,80.2247161865,44092,44102,10
13.0192804337,80.2245407104,44102,44112,10
13.0184803009,80.2246780396,44112,44122,10
13.0177001953,80.2249908447,44122,44131,9
13.0165700912,80.2254180908,44131,44142,11
13.015709877,80.2257080078,44142,44152,10
13.014749527,80.2260971069,44152,44162,10
13.0143003464,80.2262878418,44162,44172,10
13.0142803192,80.2263031006,44172,44183,11
13.0141401291,80.2263565063,44183,44193,10
13.0136003494,80.2265472412,44193,44203,10
13.0127801895,80.2268371582,44203,44213,10
13.011759758,80.2272186279,44213,44223,10
13.0107002258,80.2276306152,44223,44233,10
13.0097103119,80.227897644,44233,44243,10
13.0095901489,80.2273635864,44243,44253,10
13.0098600388,80.2267379761,44253,44263,10
13.0101900101,80.2259521484,44263,44274,11
13.01060009,80.2249984741,44274,44284,10
13.0109195709,80.2241592407,44284,44294,10
13.0112895966,80.2232971191,44294,44304,10
13.0116500854,80.222442627,44304,44314,10
13.0119199753,80.2217407227,44314,44324,10
13.0121002197,80.2214508057,44324,44334,10
13.0121898651,80.2212371826,44334,44344,10
13.0120801926,80.2206497192,44344,44354,10
13.0118103027,80.2198486328,44354,44364,10
13.0115804672,80.2191772461,44364,44375,11
13.011349678,80.2184829712,44375,44385,10
13.0110397339,80.2177200317,44385,44395,10
13.0107097626,80.2169418335,44395,44404,9
13.0104598999,80.2164230347,44404,44415,11
13.0100803375,80.2157516479,44415,44425,10
13.0098495483,80.2152633667,44425,44435,10
13.0096502304,80.2150115967,44435,44445,10
13.0092802048,80.2144775391,44445,44455,10
13.0087995529,80.2138214111,44455,44465,10
13.008480072,80.2135009766,44465,44476,11
13.0082597733,80.2133789063,44476,44496,20
13.0080299377,80.2132720947,44496,44516,20
13.0080299377,80.2132720947,44516,44526,10
13.0078897476,80.2131881714,44526,44536,10
13.0076398849,80.2129669189,44536,44546,10
13.0071296692,80.2128067017,44546,44556,10
13.0064296722,80.2127838135,44556,44566,10
13.00578022,80.2129974365,44566,44577,11
13.0050096512,80.2125701904,44577,44587,10
13.0043401718,80.2122421265,44587,44597,10
13.0037202835,80.212097168,44597,44607,10
13.0033102036,80.212097168,44607,44617,10
13.002699852,80.2121200562,44617,44627,10
13.0021800995,80.2122879028,44627,44637,10
13.0016498566,80.2126922607,44637,44647,10
13.0013303757,80.2128982544,44647,44657,10
13.0009403229,80.2132034302,44657,44668,11
13.0002698898,80.2137832642,44668,44678,10
12.9997501373,80.2142410278,44678,44688,10
12.9992799759,80.2146606445,44688,44698,10
12.9989795685,80.214881897,44698,44708,10
12.9984397888,80.2153015137,44708,44718,10
12.997759819,80.2158813477,44718,44728,10
12.9974298477,80.2162094116,44728,44738,10
12.997420311,80.2162475586,44738,44748,10
12.9972696304,80.2164535522,44748,44758,10
12.9968795776,80.2165374756,44758,44769,11
12.9963998795,80.2165985107,44769,44779,10
12.9958600998,80.2167282104,44779,44789,10
12.99518013,80.2170028687,44789,44799,10
12.9948596954,80.2172012329,44799,44809,10
12.9944295883,80.2175369263,44809,44819,10
12.9940595627,80.2178421021,44819,44829,10
12.9935398102,80.2182006836,44829,44839,10
12.9928998947,80.2186279297,44839,44849,10
12.9922399521,80.2191085815,44849,44859,10
12.9916400909,80.2195281982,44859,44870,11
12.9910202026,80.2200088501,44870,44880,10
12.9907798767,80.2201919556,44880,44890,10
12.9905500412,80.2203598022,44890,44900,10
12.9899997711,80.2207870483,44900,44910,10
12.9894104004,80.2214508057,44910,44920,10
12.988940239,80.2220993042,44920,44930,10
12.9881801605,80.2227706909,44930,44940,10
12.9877099991,80.2230529785,44940,44950,10
12.9876203537,80.2230834961,44950,44961,11
12.9874801636,80.2230987549,44961,44971,10
12.9872903824,80.2230834961,44971,44981,10
12.9869403839,80.2230300903,44981,44991,10
12.9868202209,80.2230072021,44991,45001,10
12.9864997864,80.2229766846,45001,45011,10
12.9858598709,80.2230224609,45011,45021,10
12.9854402542,80.2232894897,45021,45031,10
12.9850196838,80.2231903076,45031,45041,10
12.9842996597,80.2228088379,45041,45051,10
12.9837398529,80.2225189209,45051,45062,11
12.9832696915,80.2222824097,45062,45072,10
12.9832201004,80.2222366333,45072,45082,10
12.9830999374,80.2221298218,45082,45092,10
12.9827299118,80.2219619751,45092,45102,10
12.9821195602,80.2217407227,45102,45112,10
12.9817800522,80.2214584351,45112,45122,10
12.9810600281,80.2212219238,45122,45132,10
12.9805603027,80.2211837769,45132,45142,10
12.9798297882,80.2211685181,45142,45152,10
12.979180336,80.2211990356,45152,45163,11
12.9782600403,80.2212219238,45163,45173,10
12.9774599075,80.2212600708,45173,45183,10
12.9766998291,80.2212905884,45183,45193,10
12.9762201309,80.2213363647,45193,45203,10
12.9763498306,80.2217025757,45203,45233,30
12.9763498306,80.2217025757,45233,45243,10
12.9764003754,80.2219085693,45243,45253,10
12.9766197205,80.222328186,45253,45264,11
12.9770698547,80.2230529785,45264,45274,10
12.9775695801,80.2238311768,45274,45284,10
12.9779596329,80.2244415283,45284,45294,10
12.9782400131,80.2249069214,45294,45304,10
12.9785804749,80.2254180908,45304,45320,16
12.9787502289,80.2257003784,45320,45332,12
12.9792003632,80.2264480591,45332,45340,8
12.9795799255,80.2270812988,45340,45352,12
12.9799995422,80.2277832031,45352,45363,11
12.9805402756,80.2287063599,45363,45373,10
12.980890274,80.2292785645,45373,45383,10
12.9812803268,80.2298965454,45383,45393,10
12.9816598892,80.2304763794,45393,45403,10
12.9816799164,80.2304992676,45403,45413,10
12.9818496704,80.2309036255,45413,45422,9
12.9819898605,80.2314529419,45422,45433,11
12.9820203781,80.2324295044,45433,45444,11
12.9816102982,80.233543396,45444,45465,21
12.9816102982,80.233543396,45465,45474,9
12.981470108,80.2338180542,45474,45485,11
12.9812202454,80.2345428467,45485,45495,10
12.9812402725,80.2354507446,45495,45505,10
12.9812602997,80.2365112305,45505,45515,10
12.9812803268,80.2375411987,45515,45525,10
12.981300354,80.2384033203,45525,45535,10
12.981300354,80.2386703491,45535,45545,10
12.9813098907,80.2387619019,45545,45556,11
12.9813098907,80.2393264771,45556,45566,10
12.9813299179,80.2398300171,45566,45576,10
12.9813404083,80.2405014038,45576,45586,10
12.9813499451,80.2414016724,45586,45596,10
12.9813604355,80.2426681519,45596,45622,26
12.9813604355,80.2426681519,45622,45634,12
12.9813499451,80.2428970337,45634,45642,8
12.9813604355,80.2432403564,45642,45655,13
12.9812498093,80.2442398071,45655,45665,10
12.9811201096,80.2452774048,45665,45675,10
12.9809999466,80.2464904785,45675,45685,10
12.9808797836,80.2478179932,45685,45695,10
12.9807701111,80.2492218018,45695,45705,10
12.9805402756,80.2503814697,45705,45715,10
12.9802398682,80.2516098022,45715,45725,10
12.9801101685,80.2522125244,45725,45735,10
12.9801197052,80.2522125244,45735,45745,10
12.9801197052,80.2523880005,45745,45756,11
12.980389595,80.2526702881,45756,45766,10
12.9811601639,80.2526626587,45766,45775,9
12.9820804596,80.2526168823,45775,45786,11
12.9833402634,80.2525177002,45786,45796,10
12.9848098755,80.2521362305,45796,45806,10
12.9859695435,80.2518234253,45806,45816,10
12.9862604141,80.2517166138,45816,45826,10
12.9863395691,80.2516937256,45826,45836,10
12.9869699478,80.2515106201,45836,45968,132
12.9869699478,80.2515106201,45968,45978,10
12.9872903824,80.251411438,45978,45988,10
12.9876499176,80.2513427734,45988,45998,10
12.9879198074,80.2516098022,45998,46008,10
12.9880199432,80.2520523071,46008,46018,10
12.9880304337,80.2522735596,46018,46028,10
12.9879703522,80.2528533936,46028,46038,10
12.9878902435,80.253692627,46038,46049,11
12.9877796173,80.2546310425,46049,46059,10
12.9877500534,80.2547988892,46059,46069,10
12.9877099991,80.2550888062,46069,46079,10
12.9876804352,80.2555084229,46079,46089,10
12.9875802994,80.2560501099,46089,46099,10
12.9875602722,80.2565612793,46099,46109,10
12.9874801636,80.2570571899,46109,46119,10
12.9873800278,80.2577667236,46119,46129,10
12.9873199463,80.2585296631,46129,46150,21
12.9872598648,80.2585601807,46150,46170,20
12.9872598648,80.2585601807,46170,46180,10
12.9872198105,80.2585372925,46180,46190,10
12.9869003296,80.2585525513,46190,46453,263
12.9869003296,80.2585525513,46453,46463,10
12.9868202209,80.2588577271,46463,46473,10
12.9869003296,80.2592010498,46473,48544,2071
12.9869003296,80.2592010498,48544,48554,10
12.9873104095,80.2588577271,48554,48564,10
12.9873600006,80.2584228516,48564,48574,10
12.9873600006,80.2580413818,48574,48584,10
12.9874200821,80.2573394775,48584,48594,10
12.9875001907,80.2560424805,48594,48696,102
12.9875001907,80.2560424805,48696,48707,11
12.9875602722,80.2557830811,48707,48717,10
12.987660408,80.2552871704,48717,48727,10
12.9876804352,80.2549209595,48727,48737,10
12.9876804352,80.254699707,48737,48747,10
12.9877500534,80.2540206909,48747,48757,10
12.9878501892,80.2530212402,48757,48767,10
12.9878396988,80.251953125,48767,48777,10
12.9877195358,80.2516403198,48777,48787,10
12.9875001907,80.2516021729,48787,48798,11
12.986700058,80.2517166138,48798,48808,10
12.9856796265,80.2519683838,48808,48818,10
12.9844198227,80.2523193359,48818,48828,10
12.983039856,80.2526321411,48828,48838,10
12.9815998077,80.2526931763,48838,48848,10
12.9805002213,80.2527389526,48848,48858,10
12.9802103043,80.2527694702,48858,48868,10
12.9800395966,80.2527770996,48868,48878,10
12.9799203873,80.2527236938,48878,48888,10
12.9798698425,80.2523193359,48888,48909,21
12.9798698425,80.2523193359,48909,48919,10
12.9799604416,80.2520675659,48919,48929,10
12.9801502228,80.2515029907,48929,48939,10
12.9804000854,80.2506484985,48939,48949,10
12.9806604385,80.2495193481,48949,48959,10
12.9807596207,80.2484588623,48959,48969,10
12.980890274,80.2468490601,48969,48979,10
12.981010437,80.2454833984,48979,48989,10
12.9811296463,80.244392395,48989,49000,11
12.9811601639,80.2438735962,49000,49010,10
12.9812202454,80.2437286377,49010,49020,10
12.9813098907,80.243522644,49020,49030,10
12.9813404083,80.2428512573,49030,49050,20
12.9813404083,80.2428512573,49050,49060,10
12.9813404083,80.2426605225,49060,49070,10
12.9813098907,80.2421264648,49070,49080,10
12.9813203812,80.2413024902,49080,49090,10
12.9813098907,80.2404632568,49090,49101,11
12.981300354,80.2400817871,49101,49111,10
12.981300354,80.2399597168,49111,49121,10
12.9812898636,80.2395935059,49121,49131,10
12.9812698364,80.2390136719,49131,49141,10
12.9812602997,80.2383880615,49141,49151,10
12.9812402725,80.2379684448,49151,49161,10
12.9812297821,80.2379608154,49161,49171,10
12.9812297821,80.2375869751,49171,49181,10
12.9812202454,80.2368621826,49181,49191,10
12.9811897278,80.2358627319,49191,49202,11
12.9811601639,80.2346725464,49202,49212,10
12.9813404083,80.2339401245,49212,49222,10
12.9816198349,80.2333831787,49222,49242,20
12.9816198349,80.2333831787,49242,49258,16
12.9818601608,80.2328720093,49258,49270,12
12.982000351,80.2322235107,49270,49278,8
12.9819898605,80.231842041,49278,49290,12
12.9818601608,80.2311325073,49290,49301,11
12.9815797806,80.2305374146,49301,49311,10
12.9811601639,80.2298431396,49311,49320,9
12.9809503555,80.2294998169,49320,49331,11
12.9806003571,80.2289581299,49331,49351,20
12.9806003571,80.2289581299,49351,49361,10
12.9804897308,80.228729248,49361,49371,10
12.9802598953,80.2282867432,49371,49381,10
12.9799499512,80.2277679443,49381,49392,11
12.9794197083,80.226890564,49392,49402,10
12.9788103104,80.2258605957,49402,49412,10
12.9783401489,80.2250823975,49412,49422,10
12.97797966,80.2245864868,49422,49432,10
12.9777402878,80.224281311,49432,49442,10
12.9775400162,80.2238769531,49442,49452,10
12.9771499634,80.2232284546,49452,49462,10
12.9769201279,80.2228393555,49462,49472,10
12.9767599106,80.2225799561,49472,49482,10
12.9764900208,80.2221374512,49482,49493,11
12.9761400223,80.2216110229,49493,49503,10
12.9759597778,80.2213821411,49503,49513,10
12.9755802155,80.2210235596,49513,49533,20
12.9755802155,80.2210235596,49533,49543,10
12.9753799438,80.2208099365,49543,49553,10
12.9754495621,80.2205200195,49553,49569,16
12.9761295319,80.2200927734,49569,49581,12
12.977060318,80.2196578979,49581,49592,11
12.9776000977,80.2194137573,49592,49601,9
12.9776601791,80.2193603516,49601,49612,11
12.9781999588,80.2191619873,49612,49622,10
12.978679657,80.2189865112,49622,49632,10
12.9793395996,80.2187576294,49632,49642,10
12.9801101685,80.2184524536,49642,49652,10
12.9810800552,80.2181015015,49652,49662,10
12.9821195602,80.2178573608,49662,49671,9
12.9827003479,80.2178497314,49671,49682,11
12.9835700989,80.2178421021,49682,49694,12
12.9843902588,80.2178115845,49694,49704,10
12.9845895767,80.2177963257,49704,49714,10
12.9849996567,80.2177886963,49714,49724,10
12.985830307,80.2178573608,49724,49734,10
12.986700058,80.2180786133,49734,49744,10
12.9872903824,80.218170166,49744,49754,10
12.9874000549,80.218170166,49754,49764,10
12.9874801636,80.2180328369,49764,49774,10
12.9876403809,80.2175827026,49774,49785,11
12.9878902435,80.2168197632,49785,49795,10
12.9883003235,80.216003418,49795,49805,10
12.988940239,80.2150497437,49805,49815,10
12.9893798828,80.2146835327,49815,49825,10
12.9900598526,80.21484375,49825,49835,10
12.9907503128,80.2144317627,49835,49845,10
12.991060257,80.2136611938,49845,49855,10
12.9911403656,80.2133102417,49855,49865,10
12.9912996292,80.2127380371,49865,49875,10
12.9916000366,80.2126617432,49875,49886,11
12.9916095734,80.2126617432,49886,49896,10
12.991689682,80.212677002,49896,49906,10
12.9921503067,80.2127990723,49906,49916,10
12.9928302765,80.2130126953,49916,49926,10
12.9929704666,80.2126464844,49926,49936,10
12.9931697845,80.2118988037,49936,49946,10
12.9933395386,80.2111968994,49946,49956,10
12.9934501648,80.2106628418,49956,49966,10
12.9935598373,80.2101669312,49966,49976,10
12.9937000275,80.2100830078,49976,49987,11
12.9937696457,80.2100906372,49987,49997,10
12.9938402176,80.2101211548,49997,50007,10
12.9942398071,80.2101593018,50007,50017,10
12.9948396683,80.2102203369,50017,50027,10
12.9953298569,80.2102508545,50027,50037,10
12.9957199097,80.2102813721,50037,50047,10
12.9961795807,80.2103271484,50047,50063,16
12.996720314,80.2104110718,50063,50075,12
12.9971599579,80.2104797363,50075,50086,11
12.9973402023,80.2102813721,50086,50096,10
12.9975996017,80.2096862793,50096,50106,10
12.9976902008,80.2095184326,50106,50116,10
12.9980201721,80.2091598511,50116,50126,10
12.9981603622,80.2086334229,50126,50136,10
12.9982595444,80.2080383301,50136,50146,10
12.9983301163,80.207649231,50146,50156,10
12.9983997345,80.2074127197,50156,50166,10
12.9985198975,80.2074127197,50166,50176,10
12.9986801147,80.2074584961,50176,50187,11
12.9991998672,80.2075576782,50187,50197,10
12.9998598099,80.2076721191,50197,50207,10
13.0006198883,80.207862854,50207,50217,10
13.0016098022,80.2083435059,50217,50227,10
13.0027399063,80.2089080811,50227,50237,10
13.0034799576,80.2093200684,50237,50247,10
13.0035400391,80.2097702026,50247,50257,10
13.0036497116,80.2102584839,50257,50267,10
13.0037403107,80.2111206055,50267,50278,11
13.0038204193,80.2118682861,50278,50288,10
13.0045204163,80.2122268677,50288,50298,10
13.0053195953,80.2126998901,50298,50308,10
13.0061903,80.2127990723,50308,50318,10
13.0070800781,80.2127609253,50318,50328,10
13.0076303482,80.2128677368,50328,50338,10
13.0078496933,80.2130737305,50338,50348,10
13.0078601837,80.2130737305,50348,50358,10
13.0079698563,80.2131500244,50358,50368,10
13.0084199905,80.2133483887,50368,50379,11
13.0090103149,80.2140579224,50379,50389,10
13.0095100403,80.2147598267,50389,50399,10
13.0096998215,80.2150192261,50399,50409,10
13.0100498199,80.2154998779,50409,50418,9
13.0105600357,80.2161102295,50418,50429,11
13.0108995438,80.2170562744,50429,50439,10
13.011300087,80.2179794312,50439,50449,10
13.0116796494,80.2190170288,50449,50459,10
13.0120201111,80.2200393677,50459,50469,10
13.0122098923,80.2205505371,50469,50480,11
13.0122203827,80.2205734253,50480,50490,10
13.0123796463,80.2209396362,50490,50500,10
13.0125598907,80.2213897705,50500,50510,10
13.0126199722,80.221496582,50510,50520,10
13.0127601624,80.2217483521,50520,50530,10
13.0130395889,80.2221832275,50530,50540,10
13.0134000778,80.2226028442,50540,50550,10
13.013879776,80.22315979,50550,50560,10
13.0140695572,80.2234268188,50560,50571,11
13.0143499374,80.223777771,50571,50581,10
13.014840126,80.2243728638,50581,50591,10
13.0155200958,80.2249984741,50591,50611,20
13.0155200958,80.2249984741,50611,50621,10
13.0156202316,80.2249984741,50621,50631,10
13.0157003403,80.2251205444,50631,50641,10
13.0161399841,80.2253265381,50641,50651,10
13.0169696808,80.2251281738,50651,50661,10
13.0180301666,80.2247085571,50661,50672,11
13.0197401047,80.2245788574,50672,50692,20
13.0197401047,80.2245788574,50692,50702,10
13.0198202133,80.2246627808,50702,50712,10
13.0202198029,80.2249603271,50712,50722,10
13.0208501816,80.2254104614,50722,50732,10
13.0216398239,80.2259597778,50732,50742,10
13.0219402313,80.2261734009,50742,50752,10
13.0220098495,80.2262191772,50752,50762,10
13.0223302841,80.2265014648,50762,50778,16
13.0228996277,80.2270431519,50778,50791,13
13.0236101151,80.2276992798,50791,50801,10
13.0240802765,80.2281723022,50801,50811,10
13.0245895386,80.2288208008,50811,50821,10
13.0251903534,80.229598999,50821,50831,10
13.0255002975,80.2300033569,50831,50841,10
13.0257797241,80.2304611206,50841,50861,20
13.0257797241,80.2304611206,50861,50871,10
13.0258798599,80.2307662964,50871,50882,11
13.0259799957,80.2311706543,50882,50902,20
13.0259799957,80.2311706543,50902,50922,20
13.0264902115,80.2312469482,50922,50934,12
13.0273799896,80.2310180664,50934,50944,10
13.0279598236,80.2309494019,50944,50954,10
13.0283298492,80.2308883667,50954,50964,10
13.0283403397,80.2308883667,50964,50975,11
13.0287799835,80.2308425903,50975,50985,10
13.0289697647,80.2308425903,50985,50994,9
13.0291595459,80.2308425903,50994,51015,21
13.0291595459,80.2308425903,51015,51025,10
13.0292596817,80.2308197021,51025,51034,9
13.0295000076,80.230796814,51034,51045,11
13.0301504135,80.2307434082,51045,51055,10
13.0307998657,80.230682373,51055,51066,11
13.0313796997,80.2306671143,51066,51076,10
13.0321397781,80.2305984497,51076,51086,10
13.0328903198,80.2305297852,51086,51096,10
13.0333595276,80.2304992676,51096,51106,10
13.0336704254,80.2304763794,51106,51116,10
13.0340099335,80.2304916382,51116,51156,40
13.0340099335,80.2304916382,51156,51167,11
13.0341901779,80.230430603,51167,51177,10
13.034330368,80.2304000854,51177,51187,10
13.0343799591,80.2303771973,51187,51197,10
13.0346899033,80.2302703857,51197,51227,30
13.0346899033,80.2302703857,51227,51237,10
13.0349597931,80.2301330566,51237,51247,10
13.0350704193,80.2299499512,51247,51257,10
13.0348796844,80.2298126221,51257,51308,51
13.0348796844,80.2298126221,51308,51318,10
13.0344600677,80.2298126221,51318,51647,329
13.0341997147,80.2301025391,51647,51913,266
13.0341997147,80.2301025391,51913,51923,10
13.0342197418,80.2303466797,51923,51933,10
13.0341396332,80.2304382324,51933,51943,10
13.0335502625,80.2304534912,51943,51954,11
13.0325202942,80.2305297852,51954,51964,10
13.0314598083,80.2306289673,51964,51974,10
13.030960083,80.230682373,51974,51984,10
13.0308704376,80.230682373,51984,51994,10
13.030579567,80.2306976318,51994,52003,9
13.0301704407,80.2307510376,52003,52014,11
13.0297203064,80.230796814,52014,52024,10
13.0296201706,80.230796814,52024,52034,10
13.0291595459,80.2308578491,52034,52044,10
13.0283899307,80.2309494019,52044,52055,11
13.0276603699,80.2311019897,52055,52065,10
13.0277004242,80.2316970825,52065,52075,10
13.0278396606,80.2324523926,52075,52085,10
13.0275802612,80.2328033447,52085,52095,10
13.0269203186,80.232963562,52095,52105,10
13.0265703201,80.2330093384,52105,52115,10
13.026260376,80.232460022,52115,52125,10
13.0261201859,80.2319412231,52125,52135,10
13.0260601044,80.2316818237,52135,52145,10
13.0260295868,80.2315216064,52145,52155,10
13.0259599686,80.2312393188,52155,52166,11
13.0256795883,80.2304382324,52166,52176,10
13.0250902176,80.2295837402,52176,52186,10
13.0247001648,80.229133606,52186,52196,10
13.024600029,80.229019165,52196,52206,10
13.024310112,80.2286224365,52206,52216,10
13.0238199234,80.2279891968,52216,52226,10
13.0230903625,80.2274475098,52226,52327,101
13.0230903625,80.2274475098,52327,52337,10
13.0227403641,80.2272567749,52337,52348,11
13.022480011,80.2267913818,52348,52358,10
13.021900177,80.2262573242,52358,52368,10
13.021109581,80.2256317139,52368,52378,10
13.0204200745,80.2251815796,52378,52388,10
13.0200996399,80.2249908447,52388,52398,10
13.0200004578,80.2249221802,52398,52408,10
13.0196304321,80.2246704102,52408,52418,10
13.018989563,80.2245101929,52418,52428,10
13.0183095932,80.2247161865,52428,52439,11
13.0175800323,80.2250213623,52439,52449,10
13.0169095993,80.2252883911,52449,52459,10
13.016500473,80.2254486084,52459,52469,10
13.0160799026,80.2256011963,52469,52479,10
13.0155601501,80.2257614136,52479,52489,10
13.0149402618,80.2259979248,52489,52499,10
13.014380455,80.2262420654,52499,52509,10
13.0143098831,80.226272583,52509,52519,10
13.0142097473,80.2263183594,52519,52529,10
13.0136899948,80.2265090942,52529,52540,11
13.0127897263,80.2268600464,52540,52550,10
13.0117301941,80.2272491455,52550,52560,10
13.0105199814,80.2277069092,52560,52570,10
13.0095596313,80.2277984619,52570,52580,10
13.0097303391,80.2271194458,52580,52590,10
13.0101203918,80.226272583,52590,52600,10
13.0104999542,80.2253570557,52600,52610,10
13.0108003616,80.224647522,52610,52620,10
13.0110998154,80.2238998413,52620,52630,10
13.0113697052,80.2231369019,52630,52641,11
13.0117101669,80.2222518921,52641,52651,10
13.0119400024,80.2216567993,52651,52661,10
13.0120096207,80.2213897705,52661,52671,10
13.0121002197,80.2212219238,52671,52687,16
13.0119199753,80.2202606201,52687,52699,12
13.0115499496,80.2190933228,52699,52708,9
13.0112695694,80.2182617188,52708,52719,11
13.0108804703,80.2172927856,52719,52729,10
13.0105800629,80.2165985107,52729,52740,11
13.010140419,80.2158813477,52740,52750,10
13.00963974,80.2149734497,52750,52760,10
13.0090303421,80.2141571045,52760,52770,10
13.0085496902,80.2135772705,52770,52790,20
13.0085496902,80.2135772705,52790,52800,10
13.0082998276,80.2134017944,52800,52819,19
13.0082998276,80.2134017944,52819,52831,12
13.008099556,80.2132873535,52831,52841,10
13.0080003738,80.2132415771,52841,52851,10
13.0077896118,80.2130584717,52851,52861,10
13.0073699951,80.2128219604,52861,52871,10
13.0066900253,80.2127380371,52871,52881,10
13.005979538,80.2129592896,52881,52891,10
13.0053901672,80.2127838135,52891,52901,10
13.0046796799,80.2123413086,52901,52911,10
13.0038499832,80.2120513916,52911,52921,10
13.0036697388,80.2116394043,52921,52932,11
13.0036201477,80.2109680176,52932,52942,10
13.0035200119,80.2103118896,52942,52952,10
13.0034704208,80.2097015381,52952,52962,10
13.0033197403,80.2092971802,52962,52971,9
13.0030202866,80.2090911865,52971,52982,11
13.0026903152,80.2089080811,52982,52992,10
13.0019302368,80.2085037231,52992,53002,10
13.0011997223,80.2081069946,53002,53012,10
13.0006399155,80.2078399658,53012,53022,10
13.0001497269,80.2077484131,53022,53033,11
12.9995002747,80.207649231,53033,53043,10
12.9989500046,80.2075576782,53043,53053,10
12.9984302521,80.2074508667,53053,53063,10
12.9983701706,80.207572937,53063,53073,10
12.9982995987,80.2079391479,53073,53083,10
12.9981403351,80.2088317871,53083,53102,19
12.9981403351,80.2088317871,53102,53113,11
12.9980602264,80.2090835571,53113,53123,10
12.9976196289,80.2097930908,53123,53164,41
12.9976196289,80.2097930908,53164,53174,10
12.9974002838,80.2102737427,53174,53184,10
12.997179985,80.2104034424,53184,53194,10
12.9970397949,80.2104263306,53194,53204,10
12.9969501495,80.2104415894,53204,53214,10
12.9965896606,80.2104187012,53214,53225,11
12.9960203171,80.210357666,53225,53235,10
12.9954996109,80.210319519,53235,53245,10
12.9950895309,80.210319519,53245,53255,10
12.9948997498,80.2102890015,53255,53265,10
12.9946804047,80.2102432251,53265,53275,10
12.99421978,80.2102203369,53275,53285,10
12.993689537,80.2101669312,53285,53295,10
12.993639946,80.2102432251,53295,53305,10
12.9935903549,80.2102508545,53305,53315,10
12.9934797287,80.2105102539,53315,53326,11
12.9933595657,80.2110137939,53326,53336,10
12.9932403564,80.2114868164,53336,53346,10
12.9930400848,80.2123413086,53346,53356,10
12.9927797318,80.2129592896,53356,53366,10
12.9922199249,80.2128372192,53366,53376,10
12.9915399551,80.2126693726,53376,53386,10
12.9914703369,80.2126464844,53386,53396,10
12.9912900925,80.2127609253,53396,53406,10
12.9911403656,80.2133407593,53406,53416,10
12.9909696579,80.2140274048,53416,53427,11
12.9906702042,80.2145690918,53427,53437,10
12.9900197983,80.2148666382,53437,53447,10
12.9893198013,80.2147064209,53447,53457,10
12.9890604019,80.2149581909,53457,53467,10
12.9886703491,80.2155303955,53467,53477,10
12.9881401062,80.2162704468,53477,53487,10
12.9877700806,80.2172012329,53487,53497,10
12.9874897003,80.2180404663,53497,53507,10
12.9873695374,80.2183609009,53507,53517,10
12.9869604111,80.2183074951,53517,53528,11
12.9867801666,80.21824646,53528,53538,10
12.9861898422,80.2180786133,53538,53548,10
12.9851799011,80.2179412842,53548,53558,10
12.9841499329,80.2179794312,53558,53568,10
12.9839696884,80.2179794312,53568,53578,10
12.9836196899,80.2179718018,53578,53588,10
12.9831600189,80.217956543,53588,53598,10
12.9826602936,80.217956543,53598,53608,10
12.9820404053,80.217956543,53608,53619,11
12.9812698364,80.2180786133,53619,53629,10
12.9805698395,80.2182998657,53629,53639,10
12.9799404144,80.2185211182,53639,53649,10
12.97935009,80.2187576294,53649,53659,10
12.9787998199,80.2189865112,53659,53669,10
12.9784002304,80.2191772461,53669,53679,10
12.9777402878,80.2194290161,53679,53689,10
12.9767799377,80.2198028564,53689,53699,10
12.975810051,80.2202224731,53699,53709,10
12.9755496979,80.2205276489,53709,53720,11
12.9756498337,80.2207870483,53720,54970,1250
12.9756498337,80.2207870483,54970,54980,10
12.9758701324,80.2212219238,54980,54990,10
12.9762802124,80.2218322754,54990,55001,11
12.9766798019,80.2224273682,55001,55011,10
12.9768600464,80.2226715088,55011,55021,10
12.9770898819,80.2226715088,55021,55031,10
12.9774503708,80.2226028442,55031,55041,10
12.9774703979,80.2222290039,55041,55051,10
12.9774703979,80.2217712402,55051,55061,10
12.9774398804,80.2213897705,55061,55071,10
12.9773597717,80.2212371826,55071,55081,10
12.9772100449,80.2212600708,55081,55091,10
12.9765996933,80.2212600708,55091,55102,11
12.975979805,80.2213134766,55102,55112,10
12.9759702682,80.2213134766,55112,55122,10
12.9757299423,80.2211303711,55122,55132,10
12.975569725,80.2209625244,55132,55142,10
12.9754695892,80.2208786011,55142,55152,10
12.9753303528,80.2205810547,55152,55162,10
12.9754800797,80.2204284668,55162,55172,10
12.9758300781,80.2201385498,55172,55182,10
12.9765996933,80.2197723389,55182,55193,11
12.9777698517,80.2192687988,55193,55203,10
12.9784803391,80.2189712524,55203,55213,10
12.9791498184,80.2187423706,55213,55223,10
12.979809761,80.2185134888,55223,55233,10
12.980050087,80.2183990479,55233,55243,10
12.9806098938,80.2181930542,55243,55259,16
12.9820804596,80.2178192139,55259,55271,12
12.9826202393,80.2178115845,55271,55279,8
12.9832296371,80.2178115845,55279,55290,11
12.9837198257,80.2177963257,55290,55302,12
12.984000206,80.2177963257,55302,55312,10
12.9846401215,80.2177963257,55312,55322,10
12.9855499268,80.2178192139,55322,55332,10
12.9865598679,80.2180633545,55332,55342,10
12.9873104095,80.218170166,55342,55352,10
12.9873199463,80.2181777954,55352,55362,10
12.9874095917,80.218170166,55362,55372,10
12.9875402451,80.2177810669,55372,55382,10
12.9877996445,80.2170410156,55382,55393,11
12.9882698059,80.2160263062,55393,55403,10
12.9889097214,80.2150802612,55403,55413,10
12.9892702103,80.214630127,55413,55430,17
12.9901199341,80.2148284912,55430,55442,12
12.9908599854,80.2142715454,55442,55452,10
12.9910497665,80.213722229,55452,55462,10
12.9912004471,80.2131500244,55462,55472,10
12.9915800095,80.2126693726,55472,55493,21
12.9915800095,80.2126693726,55493,55503,10
12.9916696548,80.212677002,55503,55513,10
12.991979599,80.2127685547,55513,55523,10
12.9926300049,80.2129516602,55523,55533,10
12.9928798676,80.2129135132,55533,55543,10
12.9929599762,80.2126922607,55543,55553,10
12.9930496216,80.2124404907,55553,55563,10
12.9932203293,80.2117614746,55563,55573,10
12.9934301376,80.2108306885,55573,55584,11
12.9935903549,80.2102813721,55584,55594,10
12.9937801361,80.2100982666,55594,55604,10
12.9938802719,80.2101135254,55604,55614,10
12.9942798615,80.2101364136,55614,55624,10
12.9948501587,80.2101898193,55624,55634,10
12.9954795837,80.2102279663,55634,55644,10
12.9960899353,80.2102890015,55644,55654,10
12.9966602325,80.2103424072,55654,55664,10
12.9971103668,80.2104187012,55664,55674,10
12.9971103668,80.2104110718,55674,55685,11
12.9972696304,80.2104187012,55685,55695,10
12.9973802567,80.2101669312,55695,55705,10
12.9975700378,80.2097167969,55705,55715,10
12.9980697632,80.2089920044,55715,55735,20
12.9980697632,80.2089920044,55735,55745,10
12.9981203079,80.2089004517,55745,55755,10
12.9981498718,80.2085418701,55755,55765,10
12.9982404709,80.2081222534,55765,55775,10
12.998339653,80.2076416016,55775,55786,11
12.9984302521,80.2073669434,55786,55796,10
12.9985599518,80.2073974609,55796,55806,10
12.9988698959,80.2074584961,55806,55814,8
12.9990701675,80.2074966431,55814,55825,11
12.9996299744,80.207611084,55825,55836,11
13.0003900528,80.2077407837,55836,55848,12
13.0010404587,80.2080383301,55848,55858,10
13.001999855,80.2085189819,55858,55868,10
13.0030403137,80.2090682983,55868,55879,11
13.0034599304,80.2095718384,55879,55889,10
13.0035600662,80.2099304199,55889,55899,10
13.0036697388,80.210609436,55899,55909,10
13.0037298203,80.2112579346,55909,55919,10
13.0037298203,80.2116622925,55919,55929,10
13.0041799545,80.2120819092,55929,55939,10
13.0049200058,80.2124099731,55939,55949,10
13.0058403015,80.2128372192,55949,55959,10
13.0068798065,80.212677002,55959,55969,10
13.0076799393,80.2128601074,55969,55980,11
13.0078697205,80.2130584717,55980,55990,10
13.0078697205,80.2130737305,55990,56000,10
13.0082397461,80.2132797241,56000,56010,10
13.0087499619,80.2136993408,56010,56020,10
13.0093402863,80.2145004272,56020,56030,10
13.0097198486,80.2150497437,56030,56040,10
13.0101995468,80.2157287598,56040,56050,10
13.010720253,80.2166213989,56050,56060,10
13.0110998154,80.2175216675,56060,56070,10
13.0114097595,80.2183837891,56070,56081,11
13.0118398666,80.2195281982,56081,56091,10
13.0121603012,80.220451355,56091,56100,9
13.0121803284,80.2204971313,56100,56111,11
13.0122404099,80.2205810547,56111,56121,10
13.012430191,80.2211303711,56121,56131,10
13.0127401352,80.2216796875,56131,56141,10
13.0131998062,80.2222366333,56141,56151,10
13.013710022,80.22290802,56151,56161,10
13.0142402649,80.2235565186,56161,56172,11
13.0146398544,80.2240371704,56172,56182,10
13.0153903961,80.2248001099,56182,56202,20
13.0153903961,80.2248001099,56202,56212,10
13.0156602859,80.2250518799,56212,56222,10
13.0162000656,80.2252578735,56222,56232,10
13.0168399811,80.2251281738,56232,56241,9
13.0176200867,80.2248382568,56241,56252,11
13.0188102722,80.2243881226,56252,56261,9
13.0194501877,80.224357605,56261,56273,12
13.0195503235,80.2243881226,56273,56283,10
13.0197496414,80.2245101929,56283,56293,10
13.0201101303,80.2248001099,56293,56303,10
13.02064991,80.2251968384,56303,56313,10
13.0212402344,80.2256469727,56313,56323,10
13.0218400955,80.2260513306,56323,56333,10
13.0219097137,80.2260894775,56333,56343,10
13.0220804214,80.2262420654,56343,56353,10
13.0225801468,80.2266769409,56353,56363,10
13.0232400894,80.2273025513,56363,56374,11
13.0239601135,80.2279663086,56374,56384,10
13.0245199203,80.2286529541,56384,56394,10
13.0248298645,80.2291183472,56394,56404,10
13.0250797272,80.2294464111,56404,56414,10
13.0255298615,80.2300491333,56414,56424,10
13.025850296,80.2305984497,56424,56434,10
13.0259504318,80.2309036255,56434,56444,10
13.0261001587,80.2312774658,56444,56454,10
13.026720047,80.2311630249,56454,56464,10
13.0275201797,80.2309417725,56464,56475,11
13.0282497406,80.2308502197,56475,56485,10
13.0284004211,80.2308425903,56485,56495,10
13.0285396576,80.2308120728,56495,56505,10
13.0293703079,80.2307662964,56505,56545,40
13.0293703079,80.2307662964,56545,56555,10
13.0295801163,80.2307815552,56555,56565,10
13.0300302505,80.2307510376,56565,56576,11
13.0306596756,80.2306976318,56576,56592,16
13.0309000015,80.230682373,56592,56604,12
13.0313196182,80.2306594849,56604,56614,10
13.0318603516,80.2305984497,56614,56624,10
13.032790184,80.2305221558,56624,56634,10
13.0337696075,80.2304916382,56634,56644,10
13.0343904495,80.2304000854,56644,56716,72
13.0343904495,80.2304000854,56716,56726,10
13.0348796844,80.2302017212,56726,56736,10
13.0349998474,80.2300567627,56736,56746,10
13.0349197388,80.2298278809,56746,56756,10
13.0342197418,80.2298431396,56756,56827,71
13.0342102051,80.2300491333,56827,57140,313
13.0342102051,80.2300491333,57140,57150,10
13.0341997147,80.2304000854,57150,57161,11
13.0339698792,80.23046875,57161,57171,10
13.0336904526,80.2305221558,57171,57181,10
13.0335102081,80.2305297852,57181,57191,10
13.0330600739,80.2305831909,57191,57201,10
13.032500267,80.2306213379,57201,57211,10
13.0317602158,80.2306900024,57211,57221,10
13.0309095383,80.2307815552,57221,57241,20
13.0309095383,80.2307815552,57241,57252,11
13.0306396484,80.2307815552,57252,57262,10
13.0298500061,80.2308807373,57262,57292,30
13.0298500061,80.2308807373,57292,57302,10
13.0297298431,80.2308731079,57302,57312,10
13.029419899,80.2309188843,57312,57322,10
13.0289802551,80.23097229,57322,57332,10
13.0282297134,80.231048584,57332,57341,9
13.0276899338,80.2311096191,57341,57353,12
13.0277004242,80.2316589355,57353,57363,10
13.0278301239,80.232383728,57363,57373,10
13.027759552,80.2328491211,57373,57383,10
13.0268201828,80.233001709,57383,57454,71
13.0268201828,80.233001709,57454,57464,10
13.0266399384,80.233039856,57464,57474,10
13.0263595581,80.2328720093,57474,57484,10
13.026140213,80.2322311401,57484,57494,10
13.02602005,80.2317428589,57494,57504,10
13.0258998871,80.2312393188,57504,57514,10
13.0256099701,80.2304534912,57514,57524,10
13.0251302719,80.2297210693,57524,57534,10
13.0247898102,80.229309082,57534,57545,11
13.0244503021,80.2288589478,57545,57555,10
13.0242595673,80.2285766602,57555,57565,10
13.0238704681,80.2281036377,57565,57575,10
13.0233402252,80.2275924683,57575,57585,10
13.0229797363,80.2273712158,57585,57605,20
13.0229797363,80.2273712158,57605,57615,10
13.0226697922,80.2271194458,57615,57625,10
13.0222196579,80.2265625,57625,57635,10
13.0214500427,80.2259368896,57635,57646,11
13.0207004547,80.2253723145,57646,57656,10
13.0202903748,80.2251205444,57656,57666,10
13.0198097229,80.2247924805,57666,57676,10
13.019109726,80.2245025635,57676,57686,10
13.0183095932,80.2247009277,57686,57696,10
13.0173301697,80.2250976563,57696,57706,10
13.0166797638,80.2253799438,57706,57716,10
13.016289711,80.2255401611,57716,57726,10
13.0157003403,80.2257614136,57726,57736,10
13.0151596069,80.2259674072,57736,57747,11
13.0150499344,80.226020813,57747,57757,10
13.0147800446,80.2261123657,57757,57766,9
13.0143203735,80.226272583,57766,57777,11
13.0140600204,80.2264175415,57777,57787,10
13.0139904022,80.2264480591,57787,57797,10
13.0135402679,80.2266082764,57797,57807,10
13.0127897263,80.226890564,57807,57817,10
13.0118999481,80.2272491455,57817,57827,10
13.0108203888,80.2276611328,57827,57838,11
13.0097398758,80.2279891968,57838,57848,10
13.00963974,80.2274169922,57848,57857,9
13.0099401474,80.2267379761,57857,57868,11
13.0103998184,80.225730896,57868,57878,10
13.0106601715,80.2251434326,57878,57888,10
13.0108203888,80.2247009277,57888,57898,10
13.0110797882,80.2239990234,57898,57908,10
13.0113697052,80.2232589722,57908,57918,10
13.0117301941,80.2223129272,57918,57928,10
13.0120000839,80.2216186523,57928,57939,11
13.0121002197,80.2213287354,57939,57949,10
13.0121498108,80.2210769653,57949,57959,10
13.0119600296,80.2204818726,57959,57969,10
13.0116500854,80.219543457,57969,57979,10
13.011300087,80.2185287476,57979,57989,10
13.0109701157,80.2175827026,57989,57999,10
13.0105800629,80.2167816162,57999,58009,10
13.0102796555,80.2162017822,58009,58019,10
13.0098400116,80.2153015137,58019,58029,10
13.0094604492,80.2147674561,58029,58040,11
13.0090103149,80.2141494751,58040,58050,10
13.0084896088,80.2135391235,58050,58080,30
13.0084896088,80.2135391235,58080,58090,10
13.0083904266,80.2134780884,58090,58100,10
13.0081396103,80.2133407593,58100,58110,10
13.0079202652,80.2132263184,58110,58120,10
13.0078802109,80.2132034302,58120,58130,10
13.007610321,80.2129669189,58130,58140,10
13.0069599152,80.2128067017,58140,58151,11
13.0060901642,80.2129364014,58151,58161,10
13.0054101944,80.2128295898,58161,58171,10
13.0046901703,80.2123794556,58171,58181,10
13.0038795471,80.2121124268,58181,58191,10
13.0036897659,80.2117767334,58191,58201,10
13.0036296844,80.2110671997,58201,58211,10
13.0034999847,80.2100830078,58211,58221,10
13.0034799576,80.2093887329,58221,58232,11
13.0031995773,80.2092285156,58232,58242,10
13.0025396347,80.2088699341,58242,58252,10
13.0016298294,80.2083969116,58252,58262,10
13.0006103516,80.2078933716,58262,58272,10
12.9997997284,80.2077407837,58272,58282,10
12.999420166,80.2076416016,58282,58292,10
12.9989700317,80.2075576782,58292,58302,10
12.9985198975,80.2074432373,58302,58312,10
12.9983797073,80.207572937,58312,58322,10
12.9983797073,80.2076034546,58322,58333,11
12.9983596802,80.2077484131,58333,58343,10
12.9982500076,80.2083129883,58343,58353,10
12.9981603622,80.2089767456,58353,58363,10
12.9978103638,80.209487915,58363,58373,10
12.9974803925,80.2101974487,58373,58383,10
12.9972696304,80.2105178833,58383,58393,10
12.9971904755,80.2104873657,58393,58403,10
12.9969701767,80.2104568481,58403,58419,16
12.9965000153,80.2104034424,58419,58432,13
12.996049881,80.210357666,58432,58442,10
12.9955101013,80.2103118896,58442,58452,10
12.9950799942,80.2102584839,58452,58462,10
12.9945201874,80.2102127075,58462,58472,10
12.9936304092,80.2102584839,58472,58492,20
12.9936304092,80.2102584839,58492,58502,10
12.9936199188,80.2102966309,58502,58513,11
12.9934997559,80.2107162476,58513,58524,11
12.9933004379,80.2115478516,58524,58534,10
12.9930400848,80.212562561,58534,58544,10
12.9928598404,80.2130737305,58544,58554,10
12.9927196503,80.2130279541,58554,58564,10
12.9923000336,80.2129135132,58564,58574,10
12.9916400909,80.2127304077,58574,58584,10
12.9914903641,80.212677002,58584,58594,10
12.9913396835,80.2127990723,58594,58604,10
12.9911699295,80.2133865356,58604,58614,10
12.9909696579,80.2141876221,58614,58625,11
12.9904403687,80.2148284912,58625,58635,10
12.9895200729,80.2147827148,58635,58645,10
12.9891195297,80.2148971558,58645,58655,10
12.988699913,80.2155303955,58655,58665,10
12.9881401062,80.2163085938,58665,58675,10
12.9877500534,80.217300415,58675,58685,10
12.9875001907,80.2181015015,58685,58695,10
12.9874801636,80.2181396484,58695,58705,10
12.9874696732,80.218170166,58705,58715,10
12.9874095917,80.2183227539,58715,58726,11
12.9873800278,80.2183914185,58726,58736,10
12.9870195389,80.2182998657,58736,58746,10
12.9862003326,80.2180862427,58746,58756,10
12.9850797653,80.2179489136,58756,58766,10
12.9841995239,80.2180023193,58766,58776,10
12.9840202332,80.2180099487,58776,58786,10
12.9837398529,80.2180023193,58786,58796,10
12.9829702377,80.2179870605,58796,58806,10
12.9818696976,80.2180023193,58806,58816,10
12.9806098938,80.2183380127,58816,58827,11
12.9797096252,80.2186813354,58827,58836,9
12.9789304733,80.2190170288,58836,58847,11
12.9782800674,80.2192764282,58847,58857,10
12.9773902893,80.2196426392,58857,58867,10
12.9762296677,80.220123291,58867,58877,10
12.975520134,80.2206802368,58877,58978,101
12.975520134,80.2206802368,58978,58988,10
12.975689888,80.2210006714,58988,59039,51
12.975689888,80.2210006714,59039,59049,10
12.975859642,80.2212295532,59049,59059,10
12.9759502411,80.2214584351,59059,59130,71
12.9759502411,80.2214584351,59130,59140,10
12.9756202698,80.2211608887,59140,59958,818
12.9755401611,80.2210464478,59958,60482,524
12.9755401611,80.2210464478,60482,60493,11
12.9752998352,80.2208023071,60493,60563,70
12.9752998352,80.2208023071,60563,60573,10
12.9756002426,80.2203598022,60573,60584,11
12.976269722,80.2200164795,60584,60594,10
12.9771795273,80.219619751,60594,60604,10
12.9782600403,80.2191696167,60604,60614,10
12.9788303375,80.2189483643,60614,60624,10
12.979640007,80.2186431885,60624,60634,10
12.980509758,80.2182922363,60634,60644,10
12.9816102982,80.2179489136,60644,60654,10
12.982460022,80.217880249,60654,60664,10
12.9833402634,80.2178726196,60664,60674,10
12.9837799072,80.2178573608,60674,60685,11
12.9838399887,80.2178573608,60685,60695,10
12.9842500687,80.2178573608,60695,60705,10
12.9850502014,80.2178573608,60705,60715,10
12.9861001968,80.2180023193,60715,60725,10
12.9873504639,80.2182388306,60725,60745,20
12.9873504639,80.2182388306,60745,60755,10
12.9875297546,80.2180480957,60755,60765,10
12.9877500534,80.2173461914,60765,60775,10
12.9880304337,80.2165603638,60775,60786,11
12.9884700775,80.2158203125,60786,60796,10
12.9889602661,80.2151031494,60796,60806,10
12.989279747,80.2146835327,60806,60816,10
12.9896202087,80.2147674561,60816,60826,10
12.9902200699,80.214881897,60826,60836,10
12.9908704758,80.2143478394,60836,60846,10
12.9911298752,80.2134628296,60846,60856,10
12.9913597107,80.212677002,60856,60866,10
12.9915895462,80.2126922607,60866,60877,11
12.9917802811,80.2127609253,60877,60887,10
12.9924097061,80.2129364014,60887,60897,10
12.9929199219,80.2129211426,60897,60917,20
12.9929199219,80.2129211426,60917,60927,10
12.9930000305,80.2126312256,60927,60937,10
12.9931602478,80.2120437622,60937,60947,10
12.9933595657,80.2111816406,60947,60957,10
12.9935503006,80.2104568481,60957,60967,10
12.9938097,80.2101364136,60967,60998,31
12.9938097,80.2101364136,60998,61008,10
12.9939098358,80.2100982666,61008,61018,10
12.9943799973,80.2101593018,61018,61028,10
12.9949598312,80.2102432251,61028,61038,10
12.9954795837,80.2102890015,61038,61048,10
12.9959602356,80.2103424072,61048,61058,10
12.9964799881,80.2104110718,61058,61068,10
12.997130394,80.2104873657,61068,61079,11
12.9973897934,80.2103271484,61079,61089,10
12.9976196289,80.2098007202,61089,61099,10
12.9980096817,80.2092437744,61099,61109,10
12.998169899,80.2087020874,61109,61119,10
12.9982995987,80.2079467773,61119,61129,10
12.998550415,80.2074508667,61129,61149,20
12.998550415,80.2074508667,61149,61159,10
12.9988002777,80.2075195313,61159,61169,10
12.999250412,80.2076034546,61169,61180,11
12.9999103546,80.2077636719,61180,61190,10
13.0006904602,80.2079162598,61190,61200,10
13.0014095306,80.2082824707,61200,61210,10
13.0023803711,80.2087783813,61210,61220,10
13.0033197403,80.2092819214,61220,61230,10
13.0035200119,80.209487915,61230,61240,10
13.0035400391,80.2098083496,61240,61250,10
13.0036001205,80.2099914551,61250,61260,10
13.0036697388,80.2103881836,61260,61270,10
13.0037403107,80.2110595703,61270,61281,11
13.0038003922,80.2117996216,61281,61297,16
13.0047197342,80.212348938,61297,61309,12
13.0057401657,80.212928772,61309,61317,8
13.0064296722,80.2127609253,61317,61329,12
13.0073900223,80.2128219604,61329,61339,10
13.007900238,80.2131195068,61339,61349,10
13.0079202652,80.2131271362,61349,61359,10
13.0080003738,80.2132034302,61359,61370,11
13.0085601807,80.2134475708,61370,61380,10
13.0090904236,80.2141799927,61380,61389,9
13.0095996857,80.2149124146,61389,61400,11
13.010020256,80.2154464722,61400,61410,10
13.0105400085,80.2160873413,61410,61420,10
13.0108699799,80.2169799805,61420,61430,10
13.0112895966,80.2179794312,61430,61440,10
13.0116796494,80.2190628052,61440,61450,10
13.012049675,80.2201538086,61450,61460,10
13.0122003555,80.2205429077,61460,61471,11
13.0122995377,80.2207794189,61471,61481,10
13.012550354,80.2214126587,61481,61491,10
13.0130701065,80.222038269,61491,61500,9
13.0135202408,80.2225799561,61500,61511,11
13.0139598846,80.22315979,61511,61521,10
13.0144300461,80.2237319946,61521,61531,10
13.0148496628,80.2242431641,61531,61541,10
13.0152397156,80.2247619629,61541,61551,10
13.0154304504,80.224899292,61551,61561,10
13.015540123,80.2249679565,61561,61572,11
13.0157003403,80.2251663208,61572,61582,10
13.0161399841,80.2253494263,61582,61592,10
13.016960144,80.2251815796,61592,61602,10
13.0180101395,80.2247695923,61602,61612,10
13.0190095901,80.2244033813,61612,61622,10
13.0193996429,80.2244186401,61622,61632,10
13.0195503235,80.2244567871,61632,61641,9
13.0197896957,80.2245788574,61641,61651,10
13.0201196671,80.2248077393,61651,61663,12
13.0206604004,80.2252120972,61663,61673,10
13.0212402344,80.2256469727,61673,61683,10
13.0218296051,80.22605896,61683,61693,10
13.0219097137,80.2261199951,61693,61703,10
13.0220403671,80.2262420654,61703,61713,10
13.0225000381,80.2266387939,61713,61764,51
13.0225000381,80.2266387939,61764,61774,10
13.0227499008,80.2268676758,61774,61784,10
13.0229196548,80.2270202637,61784,61794,10
13.0230503082,80.227142334,61794,61804,10
13.0231704712,80.2272796631,61804,61814,10
13.023349762,80.2274475098,61814,61824,10
13.0236797333,80.2276992798,61824,61854,30
13.0236797333,80.2276992798,61854,61865,11
13.0239095688,80.2279205322,61865,61875,10
13.0242004395,80.2282409668,61875,61885,10
13.0244398117,80.2285385132,61885,61895,10
13.0246095657,80.2288131714,61895,61905,10
13.024720192,80.2289810181,61905,61914,9
13.0248498917,80.2291717529,61914,61925,11
13.0251502991,80.2295379639,61925,61935,10
13.0254602432,80.2299499512,61935,61945,10
13.0256996155,80.2302932739,61945,61956,11
13.0259103775,80.2307128906,61956,62036,80
13.0259103775,80.2307128906,62036,62046,10
13.0259504318,80.2309265137,62046,62057,11
13.02602005,80.2313079834,62057,62067,10
13.0264196396,80.2313079834,62067,62077,10
13.0268697739,80.2311706543,62077,62087,10
13.0271196365,80.2311019897,62087,62097,10
13.0273895264,80.2310180664,62097,62107,10
13.0275201797,80.2309875488,62107,62117,10
13.0277795792,80.2309799194,62117,62158,41
13.0280303955,80.23097229,62158,62299,141
13.0280303955,80.23097229,62299,62309,10
13.0285100937,80.2309036255,62309,62319,10
13.0289697647,80.2308425903,62319,62420,101
13.0289697647,80.2308425903,62420,62430,10
13.029299736,80.230796814,62430,62440,10
13.0294704437,80.230796814,62440,62451,11
13.0301799774,80.2307434082,62451,62461,10
13.0307302475,80.2306976318,62461,62471,10
13.0312004089,80.2306594849,62471,62481,10
13.031920433,80.2306137085,62481,62491,10
13.032910347,80.2305374146,62491,62501,10
13.0337495804,80.2304763794,62501,62511,10
13.0340299606,80.230430603,62511,62521,10
13.0343198776,80.2304077148,62521,62531,10
13.0345602036,80.2303619385,62531,62541,10
13.0350103378,80.2301025391,62541,62572,31
13.0350103378,80.2301025391,62572,62582,10
13.0350399017,80.2300033569,62582,62592,10
13.0350198746,80.2298126221,62592,62602,10
13.0342798233,80.2297210693,62602,62653,51
13.0342102051,80.2300720215,62653,63270,617
13.0342102051,80.2300720215,63270,63280,10
13.0342102051,80.2301635742,63280,63290,10
13.0341997147,80.2303466797,63290,63391,101
13.0341997147,80.2303466797,63391,63401,10
13.0340099335,80.2305297852,63401,63411,10
13.0336704254,80.2304992676,63411,63421,10
13.0333499908,80.230506897,63421,63432,11
13.0325603485,80.2305603027,63432,63442,10
13.0319099426,80.2306518555,63442,63452,10
13.03125,80.2306900024,63452,63462,10
13.0309000015,80.23072052,63462,63472,10
13.0306901932,80.230758667,63472,63482,10
13.0303602219,80.2307891846,63482,63492,10
13.0301399231,80.2308273315,63492,63502,10
13.02987957,80.2308578491,63502,63512,10
13.0295801163,80.2309036255,63512,63523,11
13.0289096832,80.2309494019,63523,63533,10
13.028169632,80.2310180664,63533,63543,10
13.0277299881,80.2310791016,63543,63553,10
13.0276699066,80.2314300537,63553,63563,10
13.0277500153,80.231880188,63563,63573,10
13.0278100967,80.2322998047,63573,63583,10
13.0278997421,80.2327194214,63583,63593,10
13.027299881,80.232963562,63593,63624,31
13.027299881,80.232963562,63624,63634,10
13.0269498825,80.2330093384,63634,63644,10
13.0267095566,80.2330169678,63644,63654,10
13.0264196396,80.2329864502,63654,63664,10
13.0262699127,80.2326278687,63664,63674,10
13.0261201859,80.2321166992,63674,63684,10
13.0260095596,80.2317276001,63684,63694,10
13.0259304047,80.2313613892,63694,63704,10
13.0256900787,80.2306289673,63704,63714,10
13.0251598358,80.2297897339,63714,63725,11
13.0245599747,80.2289962769,63725,63735,10
13.0241098404,80.2284011841,63735,63745,10
13.0235795975,80.2278137207,63745,63755,10
13.0232496262,80.2275695801,63755,63765,10
13.0230398178,80.2273635864,63765,63791,26
13.0230398178,80.2273635864,63791,63803,12
13.0227403641,80.2271575928,63803,63813,10
13.0225095749,80.2267913818,63813,63823,10
13.0220003128,80.226348877,63823,63834,11
13.0213003159,80.2257995605,63834,63844,10
13.0208597183,80.2255020142,63844,63854,10
13.0207195282,80.2254180908,63854,63864,10
13.0204696655,80.2252426147,63864,63873,9
13.0200500488,80.2249603271,63873,63883,10
13.0196304321,80.2246627808,63883,63894,11
13.0189504623,80.2245101929,63894,63904,10
13.0182199478,80.2247695923,63904,63914,10
13.0172996521,80.225151062,63914,63925,11
13.0166597366,80.2254333496,63925,63935,10
13.0164203644,80.2255172729,63935,63945,10
13.0160198212,80.2256622314,63945,63955,10
13.01541996,80.2258834839,63955,63965,10
13.0147199631,80.2261581421,63965,63975,10
13.0136804581,80.2265777588,63975,63995,20
13.0136804581,80.2265777588,63995,64005,10
13.0133104324,80.2266998291,64005,64016,11
13.0125904083,80.2269668579,64016,64026,10
13.0117197037,80.2272872925,64026,64036,10
13.0106897354,80.2276992798,64036,64046,10
13.0099697113,80.2279663086,64046,64056,10
13.0094995499,80.2278366089,64056,64066,10
13.0095796585,80.2274475098,64066,64076,10
13.0098400116,80.2268600464,64076,64086,10
13.010140419,80.2262573242,64086,64096,10
13.0102596283,80.2260131836,64096,64106,10
13.010430336,80.2256164551,64106,64117,11
13.0105895996,80.2252426147,64117,64127,10
13.0107698441,80.224861145,64127,64137,10
13.0110197067,80.2242431641,64137,64147,10
13.0113201141,80.2235565186,64147,64157,10
13.0115995407,80.2228088379,64157,64166,9
13.0118999481,80.2219161987,64166,64177,11
13.0121202469,80.2211380005,64177,64187,10
13.0119304657,80.2204437256,64187,64197,10
13.011639595,80.2195510864,64197,64208,11
13.0113201141,80.218536377,64208,64218,10
13.0109701157,80.2175598145,64218,64228,10
13.0105695724,80.2166900635,64228,64238,10
13.0102396011,80.2161178589,64238,64248,10
13.0099401474,80.2154464722,64248,64258,10
13.0095396042,80.2148971558,64258,64268,10
13.0090799332,80.2142562866,64268,64278,10
13.0085401535,80.2135772705,64278,64329,51
13.0085401535,80.2135772705,64329,64339,10
13.0082397461,80.2133712769,64339,64349,10
13.0078601837,80.2131576538,64349,64379,30
13.0078601837,80.2131576538,64379,64389,10
13.0076999664,80.2129974365,64389,64399,10
13.0072097778,80.2128219604,64399,64410,11
13.0064401627,80.2127838135,64410,64420,10
13.005689621,80.2129669189,64420,64430,10
13.0048999786,80.2124862671,64430,64440,10
13.0042800903,80.2121963501,64440,64450,10
13.0037698746,80.2120437622,64450,64460,10
13.0036697388,80.211730957,64460,64490,30
13.0036697388,80.211730957,64490,64501,11
13.0036401749,80.2113723755,64501,64511,10
13.003569603,80.2106933594,64511,64521,10
13.0035200119,80.2098922729,64521,64531,10
13.0034103394,80.2093276978,64531,64541,10
13.002820015,80.209022522,64541,64551,10
13.0020399094,80.2086029053,64551,64561,10
13.0012197495,80.2081832886,64561,64571,10
13.0003404617,80.2078094482,64571,64581,10
12.9994897842,80.207649231,64581,64591,10
12.9990797043,80.2075576782,64591,64602,11
12.9987802505,80.2074890137,64602,64612,10
12.9984502792,80.2074432373,64612,64622,10
12.9983797073,80.2075881958,64622,64642,20
12.9983797073,80.2075881958,64642,64652,10
12.998339653,80.2079772949,64652,64662,10
12.9982404709,80.2085571289,64662,64672,10
12.9982204437,80.2087173462,64672,64682,10
12.9982099533,80.2088165283,64682,64693,11
12.9981403351,80.2091217041,64693,64703,10
12.9978103638,80.2094802856,64703,64713,10
12.9976196289,80.2099227905,64713,64723,10
12.9972200394,80.2105331421,64723,64743,20
12.9972200394,80.2105331421,64743,64753,10
12.9968204498,80.2104721069,64753,64763,10
12.9962997437,80.2104034424,64763,64773,10
12.9957103729,80.2103424072,64773,64783,10
12.9950399399,80.2102584839,64783,64794,11
12.9943599701,80.2101898193,64794,64804,10
12.9939899445,80.2101516724,64804,64814,10
12.9936199188,80.2102813721,64814,64844,30
12.9936199188,80.2102813721,64844,64854,10
12.9935102463,80.2106399536,64854,64864,10
12.993350029,80.2113189697,64864,64874,10
12.9931201935,80.212272644,64874,64885,11
12.9929199219,80.2130432129,64885,64895,10
12.9928302765,80.2130737305,64895,64905,10
12.992389679,80.2129516602,64905,64915,10
12.991519928,80.2127075195,64915,64935,20
12.991519928,80.2127075195,64935,64945,10
12.9914102554,80.212677002,64945,64955,10
12.9912595749,80.2130584717,64955,64965,10
12.9911804199,80.2133178711,64965,64975,10
12.9911403656,80.213470459,64975,64986,11
12.9909696579,80.2141418457,64986,64996,10
12.9904298782,80.2147979736,64996,65006,10
12.9895801544,80.2147903442,65006,65016,10
12.9891700745,80.21484375,65016,65026,10
12.9888401031,80.2153091431,65026,65036,10
12.9884595871,80.2158584595,65036,65046,10
12.9881601334,80.2163162231,65046,65056,10
12.987830162,80.2170791626,65056,65066,10
12.9875602722,80.217918396,65066,65076,10
12.9874095917,80.2183990479,65076,65087,11
12.9869604111,80.2183532715,65087,65097,10
12.9869098663,80.2183380127,65097,65107,10
12.9868402481,80.2182998657,65107,65117,10
12.9863996506,80.218170166,65117,65127,10
12.9855604172,80.2180023193,65127,65137,10
12.9846200943,80.2179870605,65137,65147,10
12.9839801788,80.2180099487,65147,65157,10
12.9839496613,80.2180175781,65157,65167,10
12.9838895798,80.2180404663,65167,65177,10
12.9833402634,80.2180175781,65177,65188,11
12.9824199677,80.2180099487,65188,65198,10
12.9815502167,80.2180633545,65198,65208,10
12.9808397293,80.2182693481,65208,65218,10
12.9803304672,80.2184524536,65218,65228,10
12.9799098969,80.2186203003,65228,65238,10
12.9794101715,80.2188186646,65238,65248,10
12.9788303375,80.2190628052,65248,65258,10
12.9781198502,80.2193374634,65258,65268,10
12.9771203995,80.2197570801,65268,65279,11
12.9760799408,80.2202072144,65279,65289,10
12.9755802155,80.2205810547,65289,65339,50
12.975689888,80.2209396362,65339,65774,435
12.975689888,80.2209396362,65774,65784,10
12.9759197235,80.2211685181,65784,65794,10
12.9762096405,80.2216415405,65794,65804,10
12.9766101837,80.2222671509,65804,65814,10
12.9769697189,80.2227935791,65814,65824,10
12.9771995544,80.2227630615,65824,65834,10
12.9775400162,80.2226028442,65834,65844,10
12.9774799347,80.2218704224,65844,65854,10
12.9773902893,80.221321106,65854,65865,11
12.976849556,80.221321106,65865,65875,10
12.9765100479,80.221282959,65875,65885,10
12.9760198593,80.2212982178,65885,65925,40
12.9760198593,80.2212982178,65925,65935,10
12.9757995605,80.2212295532,65935,65945,10
12.9756002426,80.221031189,65945,65966,21
12.9756002426,80.221031189,65966,65976,10
12.9755401611,80.2209625244,65976,65986,10
12.9754199982,80.2208709717,65986,66046,60
12.9754199982,80.2208709717,66046,66057,11
12.9753103256,80.2206878662,66057,66067,10
12.9754800797,80.2204589844,66067,66077,10
12.9758996964,80.2201919556,66077,66087,10
12.9766798019,80.2198486328,66087,66097,10
12.9777097702,80.2194290161,66097,66107,10
12.9785003662,80.2191009521,66107,66117,10
12.9791498184,80.2188568115,66117,66127,10
12.9795799255,80.2186813354,66127,66178,51
12.9795799255,80.2186813354,66178,66188,10
12.9798402786,80.2185897827,66188,66198,10
12.9801101685,80.2184677124,66198,66208,10
12.9806604385,80.2182769775,66208,66218,10
12.9814395905,80.2180175781,66218,66228,10
12.9820899963,80.2179107666,66228,66238,10
12.9824495316,80.2179031372,66238,66249,11
12.9837303162,80.2179031372,66249,66269,20
12.9837303162,80.2179031372,66269,66279,10
12.9839200974,80.2179412842,66279,66289,10
12.98458004,80.2179412842,66289,66299,10
12.9855699539,80.2179489136,66299,66309,10
12.9866895676,80.2181777954,66309,66319,10
12.9872999191,80.2182617188,66319,66339,20
12.9872999191,80.2182617188,66339,66350,11
12.9875297546,80.2179489136,66350,66360,10
12.9877700806,80.2172927856,66360,66369,9
12.9879703522,80.2166900635,66369,66380,11
12.9884796143,80.2158126831,66380,66390,10
12.9888601303,80.2152481079,66390,66400,10
12.9891996384,80.2147674561,66400,66410,10
12.9894199371,80.2147369385,66410,66420,10
12.989979744,80.2148971558,66420,66430,10
12.9906902313,80.2145996094,66430,66440,10
12.9910202026,80.2139282227,66440,66451,11
12.991109848,80.2135391235,66451,66461,10
12.9912500381,80.2129821777,66461,66471,10
12.9915103912,80.212677002,66471,66481,10
12.9915895462,80.2126998901,66481,66491,10
12.9916601181,80.2127075195,66491,66501,10
12.991689682,80.2127304077,66501,66511,10
12.9920797348,80.2128372192,66511,66521,10
12.9927597046,80.2130432129,66521,66531,10
12.9929304123,80.2128372192,66531,66542,11
12.9931297302,80.2121200562,66542,66552,10
12.9931898117,80.2118377686,66552,66562,10
12.9932899475,80.2114181519,66562,66572,10
12.9934396744,80.2108764648,66572,66582,10
12.9935398102,80.2105178833,66582,66592,10
12.993639946,80.2101287842,66592,66602,10
12.9937801361,80.2101364136,66602,66612,10
12.9939098358,80.2101593018,66612,66622,10
12.9943799973,80.2101974487,66622,66632,10
12.9945802689,80.2102279663,66632,66643,11
12.9950504303,80.2102813721,66643,66653,10
12.9955997467,80.210319519,66653,66663,10
12.9958400726,80.2103500366,66663,66673,10
12.9962396622,80.2104034424,66673,66683,10
12.996720314,80.2104568481,66683,66693,10
12.9971399307,80.2105331421,66693,66703,10
12.997209549,80.2105407715,66703,66713,10
12.9973201752,80.2105331421,66713,66723,10
12.9973697662,80.2104110718,66723,66734,11
12.9975595474,80.2099761963,66734,66744,10
12.9977798462,80.2094192505,66744,66754,10
12.9980697632,80.2090988159,66754,66764,10
12.9981403351,80.2086105347,66764,66774,10
12.9982204437,80.2082290649,66774,66784,10
12.9983701706,80.2074584961,66784,66804,20
12.9985399246,80.2074508667,66804,66824,20
12.9985399246,80.2074508667,66824,66835,11
12.9988498688,80.2075195313,66835,66865,30
12.9988498688,80.2075195313,66865,66875,10
12.99903965,80.2075881958,66875,66885,10
12.9994497299,80.2076568604,66885,66895,10
12.9996404648,80.2077026367,66895,66905,10
12.9999303818,80.2077636719,66905,66915,10
13.0004796982,80.207862854,66915,66925,10
13.0010995865,80.2081375122,66925,66936,11
13.0016002655,80.2083969116,66936,66945,9
13.0021295547,80.2086486816,66945,66956,11
13.0027999878,80.2090301514,66956,66966,10
13.0034303665,80.2093582153,66966,66976,10
13.0034799576,80.209602356,66976,66986,10
13.0035400391,80.2098999023,66986,66996,10
13.0036296844,80.2104187012,66996,67006,10
13.0037202835,80.2111587524,67006,67016,10
13.0037899017,80.2119216919,67016,67027,11
13.0044803619,80.2122879028,67027,67037,10
13.0048904419,80.2125015259,67037,67047,10
13.0054197311,80.2128219604,67047,67057,10
13.0060796738,80.2129135132,67057,67067,10
13.0066900253,80.2127914429,67067,67077,10
13.0072803497,80.2128601074,67077,67087,10
13.0077295303,80.2130203247,67087,67158,71
13.0077295303,80.2130203247,67158,67168,10
13.0080299377,80.2132415771,67168,67178,10
13.0081501007,80.2133026123,67178,67188,10
13.0084104538,80.2134170532,67188,67198,10
13.0087995529,80.2138824463,67198,67208,10
13.009349823,80.2146072388,67208,67219,11
13.0096998215,80.2151184082,67219,67229,10
13.0100803375,80.2155990601,67229,67239,10
13.0106201172,80.216293335,67239,67249,10
13.0108604431,80.2169799805,67249,67259,10
13.0111904144,80.2177124023,67259,67269,10
13.0114898682,80.2185134888,67269,67279,10
13.0118198395,80.2194595337,67279,67289,10
13.012140274,80.220451355,67289,67299,10
13.0122804642,80.2207870483,67299,67309,10
13.0124797821,80.2213668823,67309,67320,11
13.0128803253,80.2219619751,67320,67330,10
13.0132303238,80.2223815918,67330,67340,10
13.0135698318,80.2228088379,67340,67350,10
13.0139703751,80.2232894897,67350,67360,10
13.0141897202,80.2235565186,67360,67370,10
13.0144300461,80.2238693237,67370,67380,10
13.014840126,80.2243881226,67380,67390,10
13.0151700974,80.2247695923,67390,67400,10
13.0153999329,80.2249603271,67400,67421,21
13.0153999329,80.2249603271,67421,67431,10
13.0156002045,80.2251205444,67431,67441,10
13.0159196854,80.225402832,67441,67451,10
13.016500473,80.2253875732,67451,67461,10
13.01720047,80.225112915,67461,67471,10
13.0180902481,80.2247390747,67471,67481,10
13.0188398361,80.2244415283,67481,67491,10
13.0194597244,80.2244415283,67491,67500,9
13.0196895599,80.2245330811,67500,67512,12
13.0197095871,80.2245483398,67512,67522,10
13.019780159,80.2246170044,67522,67532,10
13.0201196671,80.2248916626,67532,67542,10
13.0207004547,80.2253112793,67542,67552,10
13.0213403702,80.2258071899,67552,67562,10
13.0219402313,80.2262191772,67562,67572,10
13.0219602585,80.2262420654,67572,67582,10
13.0221996307,80.2264633179,67582,67592,10
13.0226802826,80.2268600464,67592,67602,10
13.023229599,80.2273635864,67602,67613,11
13.0234804153,80.2275924683,67613,67623,10
13.0236196518,80.227722168,67623,67633,10
13.0238704681,80.2279129028,67633,67643,10
13.0240497589,80.2281036377,67643,67653,10
13.0241498947,80.2282180786,67653,67663,10
13.0242595673,80.2283630371,67663,67673,10
13.0244398117,80.2286224365,67673,67683,10
13.0246801376,80.2289581299,67683,67714,31
13.0246801376,80.2289581299,67714,67724,10
13.0248203278,80.2291793823,67724,67734,10
13.0252599716,80.2297363281,67734,67744,10
13.0258302689,80.2305984497,67744,67784,40
13.0258302689,80.2305984497,67784,67800,16
13.0258903503,80.2307662964,67800,67813,13
13.0260095596,80.2312316895,67813,67822,9
13.0262699127,80.2313995361,67822,67833,11
13.0270595551,80.2311782837,67833,67844,11
13.0280103683,80.231010437,67844,67854,10
13.0284996033,80.2309265137,67854,67864,10
13.0285902023,80.2309494019,67864,67874,10
13.0290203094,80.2309036255,67874,67884,10
13.0293397903,80.2308578491,67884,67894,10
13.03028965,80.2307815552,67894,67935,41
13.03028965,80.2307815552,67935,67945,10
13.0305404663,80.2307815552,67945,67955,10
13.0308599472,80.230758667,67955,67965,10
13.0312995911,80.2307128906,67965,67975,10
13.0319900513,80.2306594849,67975,67985,10
13.0323400497,80.2306289673,67985,67996,11
13.0325803757,80.2306137085,67996,68006,10
13.0328702927,80.2305908203,68006,68015,9
13.0331001282,80.2305679321,68015,68026,11
13.0333595276,80.2305603027,68026,68036,10
13.0335798264,80.2305374146,68036,68046,10
13.0338497162,80.2305297852,68046,68056,10
13.0341396332,80.2305221558,68056,68066,10
13.0345802307,80.2304229736,68066,68076,10
13.0349998474,80.230140686,68076,68097,21
13.0349998474,80.230140686,68097,68107,10
13.0350904465,80.2300720215,68107,68117,10
13.0350399017,80.229888916,68117,68127,10
13.0345096588,80.2298202515,68127,68299,172
13.0345096588,80.2298202515,68299,68309,10
13.0341796875,80.2299728394,68309,68400,91
13.0341796875,80.2299728394,68400,68410,10
13.0341796875,80.2303314209,68410,68420,10
13.0341796875,80.2303390503,68420,68430,10
13.0341701508,80.2304382324,68430,68440,10
13.0341396332,80.2304763794,68440,68450,10
13.0338897705,80.230506897,68450,68460,10
13.0336198807,80.2305297852,68460,68470,10
13.0333003998,80.2305374146,68470,68481,11
13.0327196121,80.2305908203,68481,68491,10
13.0321798325,80.2306518555,68491,68501,10
13.0316801071,80.2306900024,68501,68511,10
13.0314397812,80.23072052,68511,68561,50
13.0314397812,80.23072052,68561,68571,10
13.03125,80.2307815552,68571,68582,11
13.0309200287,80.2307891846,68582,68592,10
13.0306396484,80.2307891846,68592,68602,10
13.0303001404,80.2308197021,68602,68612,10
13.0297803879,80.2308731079,68612,68622,10
13.0296802521,80.2308807373,68622,68632,10
13.0294599533,80.2308883667,68632,68642,10
13.0288896561,80.2309265137,68642,68652,10
13.0280799866,80.2310028076,68652,68662,10
13.0276203156,80.2311019897,68662,68672,10
13.0276699066,80.231628418,68672,68683,11
13.0277700424,80.2322463989,68683,68693,10
13.0278701782,80.2327880859,68693,68703,10
13.0273799896,80.2329177856,68703,68743,40
13.0273799896,80.2329177856,68743,68759,16
13.0270395279,80.2330322266,68759,68771,12
13.0267496109,80.2330780029,68771,68782,11
13.02643013,80.232963562,68782,68791,9
13.0262403488,80.2324905396,68791,68805,14
13.0259895325,80.2317276001,68805,68815,10
13.025850296,80.2311935425,68815,68825,10
13.0255002975,80.2303619385,68825,68835,10
13.0250797272,80.2297592163,68835,68845,10
13.0248804092,80.2295227051,68845,68855,10
13.0246601105,80.2292480469,68855,68865,10
13.0244503021,80.2289581299,68865,68876,11
13.0241298676,80.2284927368,68876,68899,23
13.0232095718,80.2276000977,68899,68911,12
13.0231895447,80.2276000977,68911,68921,10
13.0230197906,80.2274703979,68921,68931,10
13.0227203369,80.2272186279,68931,68941,10
13.022600174,80.226890564,68941,68951,10
13.0221796036,80.2265319824,68951,68961,10
13.0215301514,80.2260284424,68961,68972,11
13.0207996368,80.2254714966,68972,68982,10
13.0201196671,80.2250595093,68982,68992,10
13.0199203491,80.2249069214,68992,69002,10
13.0197296143,80.2247695923,69002,69011,9
13.0193395615,80.224609375,69011,69021,10
13.0186395645,80.2246170044,69021,69032,11
13.0178699493,80.2249526978,69032,69042,10
13.0175895691,80.2250671387,69042,69052,10
13.0174198151,80.225151062,69052,69062,10
13.0172195435,80.225227356,69062,69073,11
13.0171298981,80.2252731323,69073,69083,10
13.0170001984,80.2253112793,69083,69093,10
13.0168399811,80.2253723145,69093,69103,10
13.0166702271,80.2254333496,69103,69112,9
13.0164804459,80.2254867554,69112,69123,11
13.0162200928,80.2255783081,69123,69133,10
13.0156803131,80.225769043,69133,69143,10
13.0150604248,80.226020813,69143,69153,10
13.0146903992,80.2261734009,69153,69164,11
13.0145797729,80.2261962891,69164,69174,10
13.0141096115,80.226348877,69174,69184,10
13.0133895874,80.2266082764,69184,69194,10
13.0124101639,80.2269821167,69194,69204,10
13.0113201141,80.2274169922,69204,69214,10
13.0105304718,80.2277297974,69214,69224,10
13.0097999573,80.2279815674,69224,69234,10
13.0094499588,80.2276916504,69234,69244,10
13.0096101761,80.2273712158,69244,69254,10
13.0097999573,80.2269210815,69254,69265,11
13.0099496841,80.2266387939,69265,69275,10
13.0100402832,80.2264709473,69275,69285,10
13.0101995468,80.2261199951,69285,69295,10
13.0102796555,80.2259521484,69295,69305,10
13.0104103088,80.2256622314,69305,69315,10
13.0104999542,80.2254486084,69315,69325,10
13.0105895996,80.2252502441,69325,69335,10
13.0107803345,80.2247924805,69335,69345,10
13.0110197067,80.2241210938,69345,69356,11
13.0113096237,80.2233428955,69356,69365,9
13.0115995407,80.222618103,69365,69376,11
13.0119104385,80.2216415405,69376,69386,10
13.0120801926,80.2212295532,69386,69396,10
13.0120000839,80.2208099365,69396,69406,10
13.0118398666,80.2203216553,69406,69416,10
13.0116996765,80.2199172974,69416,69426,10
13.0115003586,80.2194290161,69426,69436,10
13.0114002228,80.2190704346,69436,69446,10
13.0113201141,80.2188186646,69446,69457,11
13.0112400055,80.2185516357,69457,69467,10
13.0110702515,80.2180862427,69467,69477,10
13.010890007,80.2176589966,69477,69487,10
13.0107002258,80.2172317505,69487,69497,10
13.0105800629,80.2169189453,69497,69507,10
13.0104103088,80.2164916992,69507,69517,10
13.0101699829,80.2161178589,69517,69527,10
13.0099802017,80.2156677246,69527,69547,20
13.0099802017,80.2156677246,69547,69558,11
13.0098400116,80.2153701782,69558,69638,80
13.0097198486,80.2151412964,69638,69709,71
13.0097198486,80.2151412964,69709,69719,10
13.0095396042,80.2149810791,69719,69729,10
13.0093898773,80.2147521973,69729,69739,10
13.0092802048,80.2146072388,69739,69750,11
13.0089702606,80.2142028809,69750,69770,20
13.0089702606,80.2142028809,69770,69780,10
13.0089502335,80.2141799927,69780,69790,10
13.0088300705,80.2140197754,69790,69800,10
13.0087604523,80.2139434814,69800,69810,10
13.0086698532,80.2138214111,69810,69851,41
13.0086698532,80.2138214111,69851,69861,10
13.0084104538,80.2135391235,69861,69891,30
13.0084104538,80.2135391235,69891,69901,10
13.0082798004,80.2134475708,69901,70002,101
13.0082798004,80.2134475708,70002,70012,10
13.0079402924,80.2132720947,70012,70043,31
13.0079402924,80.2132720947,70043,70053,10
13.0076799393,80.2130432129,70053,70063,10
13.0074300766,80.2129211426,70063,70073,10
13.007060051,80.2128372192,70073,70083,10
13.0066099167,80.2127990723,70083,70092,9
13.0062904358,80.2128295898,70092,70103,11
13.0058898926,80.2130203247,70103,70113,10
13.0053195953,80.2127685547,70113,70123,10
13.0048303604,80.2125015259,70123,70134,11
13.0043296814,80.212272644,70134,70144,10
13.0037202835,80.2120285034,70144,70154,10
13.0036296844,80.2115631104,70154,70174,20
13.0036296844,80.2115631104,70174,70184,10
13.0036096573,80.2112197876,70184,70194,10
13.0035400391,80.2106170654,70194,70204,10
13.0034799576,80.2100524902,70204,70214,10
13.0034704208,80.2095413208,70214,70224,10
13.0032100677,80.2092819214,70224,70235,11
13.0024995804,80.2089004517,70235,70245,10
13.0019598007,80.2086181641,70245,70255,10
13.001660347,80.208480835,70255,70265,10
13.0012302399,80.2082595825,70265,70275,10
13.0006904602,80.2079925537,70275,70285,10
13.0001096725,80.2078323364,70285,70295,10
12.9995298386,80.2077026367,70295,70305,10
12.9990901947,80.2076034546,70305,70315,10
12.9987297058,80.2075271606,70315,70326,11
12.998339653,80.2076034546,70326,70346,20
12.998339653,80.2076034546,70346,70356,10
12.9982595444,80.2079467773,70356,70366,10
12.9981803894,80.2085189819,70366,70376,10
12.9981298447,80.2089691162,70376,70386,10
12.9979295731,80.2093200684,70386,70396,10
12.9976596832,80.2097320557,70396,70406,10
12.9974403381,80.2102584839,70406,70416,10
12.9972600937,80.2105407715,70416,70427,11
12.9971704483,80.2105178833,70427,70437,10
12.9970397949,80.2105178833,70437,70447,10
12.996720314,80.2104568481,70447,70457,10
12.9962701797,80.2104110718,70457,70467,10
12.9958200455,80.2103500366,70467,70477,10
12.9953403473,80.210319519,70477,70487,10
12.9950704575,80.2102890015,70487,70497,10
12.9946804047,80.2102432251,70497,70507,10
12.9943399429,80.2102203369,70507,70518,11
12.994020462,80.2101669312,70518,70528,10
12.9938697815,80.2101669312,70528,70538,10
12.9935703278,80.210319519,70538,70558,20
12.9935703278,80.210319519,70558,70568,10
12.9934797287,80.2105712891,70568,70578,10
12.9933700562,80.2110900879,70578,70588,10
12.9932098389,80.2117462158,70588,70598,10
12.9930801392,80.212348938,70598,70608,10
12.9929599762,80.2128601074,70608,70619,11
12.9928503036,80.2130813599,70619,70629,10
12.9926996231,80.2130508423,70629,70639,10
12.9921998978,80.2129135132,70639,70649,10
12.9915599823,80.2127380371,70649,70659,10
12.9914903641,80.2127227783,70659,70669,10
12.9912796021,80.2127838135,70669,70679,10
12.9911203384,80.2134094238,70679,70689,10
12.9909601212,80.2140579224,70689,70699,10
12.990530014,80.2147293091,70699,70709,10
12.9897603989,80.2148666382,70709,70719,10
12.9892396927,80.2147216797,70719,70730,11
12.988940239,80.2151031494,70730,70740,10
12.9885797501,80.2156677246,70740,70750,10
12.9881801605,80.2162094116,70750,70760,10
12.987859726,80.2169723511,70760,70770,10
12.9875602722,80.2178192139,70770,70780,10
12.9874000549,80.2183074951,70780,70790,10
12.987279892,80.2184371948,70790,70800,10
12.986869812,80.2183532715,70800,70811,11
12.986700058,80.2182922363,70811,70821,10
12.9860801697,80.2181167603,70821,70831,10
12.9850502014,80.2180023193,70831,70841,10
12.9841299057,80.2180328369,70841,70851,10
12.9839801788,80.2180404663,70851,70861,10
12.9835300446,80.2180328369,70861,70871,10
12.9826698303,80.2180404663,70871,70881,10
12.9817199707,80.2180404663,70881,70891,10
12.9807796478,80.2182998657,70891,70901,10
12.9800195694,80.2185821533,70901,70912,11
12.9792003632,80.2189178467,70912,70922,10
12.9786596298,80.2191390991,70922,70932,10
12.9778995514,80.2194519043,70932,70942,10
12.9770803452,80.2198104858,70942,70952,10
12.9765796661,80.2200622559,70952,71033,81
12.9762296677,80.2202224731,71033,71174,141
12.9762296677,80.2202224731,71174,71184,10
12.9758701324,80.2203369141,71184,71195,11
12.9756803513,80.2203979492,71195,71205,10
12.9755401611,80.2205963135,71205,71356,151
12.9755401611,80.2205963135,71356,71366,10
12.975520134,80.2208404541,71366,71376,10
12.9757604599,80.221031189,71376,71669,293
12.9757604599,80.221031189,71669,71680,11
12.975979805,80.221321106,71680,71690,10
12.9763402939,80.2219161987,71690,71700,10
12.9767599106,80.2225799561,71700,71710,10
12.9769897461,80.2228164673,71710,71720,10
12.9774904251,80.2227172852,71720,71730,10
12.9774799347,80.2221832275,71730,71740,10
12.9774398804,80.2214736938,71740,71750,10
12.9774103165,80.2213287354,71750,71760,10
12.9772100449,80.221282959,71760,71770,10
12.9766197205,80.2213134766,71770,71781,11
12.9761896133,80.2213363647,71781,71791,10
12.9759597778,80.2213821411,71791,71801,10
12.9757795334,80.2212600708,71801,71811,10
12.9756603241,80.2211685181,71811,71821,10
12.9754600525,80.2210083008,71821,71831,10
12.9753799438,80.2209014893,71831,71841,10
12.9752902985,80.2207870483,71841,71851,10
12.9753398895,80.2205963135,71851,71861,10
12.9755897522,80.2203521729,71861,71872,11
12.9762001038,80.2200393677,71872,71882,10
12.9770698547,80.2196731567,71882,71892,10
12.9781103134,80.2192382813,71892,71902,10
12.9787502289,80.2189788818,71902,71912,10
12.9795303345,80.2186737061,71912,71922,10
12.9800300598,80.2184829712,71922,71932,10
12.9806804657,80.2182312012,71932,71942,10
12.9816198349,80.2179412842,71942,71952,10
12.9824104309,80.217880249,71952,71962,10
12.9831800461,80.2179031372,71962,71973,11
12.9838399887,80.2178573608,71973,71989,16
12.9840297699,80.2178573608,71989,72001,12
12.9848098755,80.2178878784,72001,72011,10
12.9858102798,80.2179489136,72011,72021,10
12.9873800278,80.21824646,72021,72041,20
12.9873800278,80.21824646,72041,72051,10
12.9875297546,80.2179031372,72051,72061,10
12.9877500534,80.2172470093,72061,72072,11
12.9881401062,80.2162322998,72072,72082,10
12.9886598587,80.2154998779,72082,72092,10
12.9890604019,80.2148895264,72092,72102,10
12.9892597198,80.2146682739,72102,72112,10
12.9894695282,80.2147369385,72112,72121,9
12.9898195267,80.21484375,72121,72132,11
12.99036026,80.2147598267,72132,72142,10
12.9908599854,80.2142333984,72142,72152,10
12.9910802841,80.2134475708,72152,72162,10
12.991230011,80.2128677368,72162,72173,11
12.9914102554,80.2126617432,72173,72183,10
12.9914999008,80.2126922607,72183,72193,10
12.9916000366,80.2127304077,72193,72203,10
12.9921102524,80.2128677368,72203,72213,10
12.992770195,80.2130584717,72213,72223,10
12.9928798676,80.2129135132,72223,72233,10
12.9930400848,80.2123184204,72233,72243,10
12.9931697845,80.2117385864,72243,72253,10
12.9933099747,80.211227417,72253,72264,11
12.993470192,80.2105636597,72264,72274,10
12.993639946,80.2101135254,72274,72284,10
12.9937200546,80.2101135254,72284,72294,10
12.9939203262,80.2101364136,72294,72304,10
12.9942998886,80.2101898193,72304,72314,10
12.994600296,80.2102127075,72314,72324,10
12.9949998856,80.2102508545,72324,72334,10
12.9953203201,80.2102813721,72334,72344,10
12.9957895279,80.210319519,72344,72354,10
12.9962596893,80.2103500366,72354,72365,11
12.9967803955,80.2104263306,72365,72375,10
12.9969596863,80.2104492188,72375,72385,10
12.9972200394,80.2104873657,72385,72395,10
12.9972801208,80.2104415894,72395,72405,10
12.9974803925,80.2100067139,72405,72415,10
12.9976501465,80.209602356,72415,72425,10
12.9978599548,80.2092971802,72425,72435,10
12.998049736,80.2090911865,72435,72445,10
12.9981002808,80.2089004517,72445,72455,10
12.9981203079,80.208732605,72455,72466,11
12.9981403351,80.2085571289,72466,72476,10
12.9982204437,80.2081298828,72476,72486,10
12.9983701706,80.2074890137,72486,72536,50
12.9983701706,80.2074890137,72536,72546,10
12.9986600876,80.2074813843,72546,72557,11
12.9989299774,80.2075500488,72557,72567,10
12.9991998672,80.2076034546,72567,72577,10
12.9996500015,80.2077026367,72577,72587,10
13.0003299713,80.2078094482,72587,72597,10
13.00096035,80.2080612183,72597,72607,10
13.0017900467,80.208480835,72607,72617,10
13.0028095245,80.209022522,72617,72627,10
13.0034103394,80.2093429565,72627,72637,10
13.0034704208,80.2094497681,72637,72648,11
13.0034599304,80.2095031738,72648,72658,10
13.0034198761,80.209602356,72658,72668,10
13.003490448,80.2098770142,72668,72678,10
13.0035800934,80.2104568481,72678,72688,10
13.0036897659,80.2112426758,72688,72698,10
13.0037202835,80.2118225098,72698,72708,10
13.0043897629,80.2122573853,72708,72718,10
13.0051403046,80.2126464844,72718,72728,10
13.005979538,80.2129516602,72728,72738,10
13.0066995621,80.2127685547,72738,72749,11
13.0073604584,80.2128372192,72749,72759,10
13.0077896118,80.2130584717,72759,72779,20
13.0077896118,80.2130584717,72779,72789,10
13.0079402924,80.2132034302,72789,72799,10
13.0081396103,80.2132873535,72799,72809,10
13.0083799362,80.2133865356,72809,72819,10
13.008649826,80.2136535645,72819,72829,10
13.0089998245,80.2141418457,72829,72840,11
13.0093803406,80.2146530151,72840,72850,10
13.0095701218,80.2149581909,72850,72860,10
13.0099201202,80.2153701782,72860,72870,10
13.0103998184,80.2159576416,72870,72880,10
13.0107097626,80.2165679932,72880,72890,10
13.0109395981,80.2172775269,72890,72900,10
13.0113697052,80.2183685303,72900,72909,9
13.0117998123,80.2196807861,72909,72920,11
13.0123300552,80.2211074829,72920,72930,10
13.0129203796,80.2219696045,72930,72941,11
13.0136404037,80.2228927612,72941,72951,10
13.0140600204,80.2234191895,72951,72961,10
13.0143203735,80.2237625122,72961,72971,10
13.0146799088,80.2241821289,72971,72981,10
13.0151195526,80.2247467041,72981,72991,10
13.015250206,80.2248535156,72991,73001,10
13.0153198242,80.2249221802,73001,73011,10
13.015709877,80.225227356,73011,73021,10
13.0165300369,80.2253112793,73021,73031,10
13.0175600052,80.2249526978,73031,73042,11
13.0188503265,80.2244567871,73042,73052,10
13.0198097229,80.2246627808,73052,73062,10
13.0204200745,80.2250900269,73062,73072,10
13.0209598541,80.225479126,73072,73082,10
13.0214195251,80.2258300781,73082,73092,10
13.0216999054,80.2260513306,73092,73102,10
13.0220403671,80.2263183594,73102,73112,10
13.0227203369,80.2269210815,73112,73122,10
13.0234298706,80.2275466919,73122,73133,11
13.023900032,80.2279815674,73133,73143,10
13.0241298676,80.2282485962,73143,73153,10
13.0243396759,80.2285079956,73153,73163,10
13.0245399475,80.2287826538,73163,73193,30
13.0245399475,80.2287826538,73193,73203,10
13.0246801376,80.229019165,73203,73213,10
13.0249595642,80.2294006348,73213,73223,10
13.0253896713,80.2299499512,73223,73234,11
13.0258598328,80.2307662964,73234,73244,10
13.0259504318,80.2311325073,73244,73254,10
13.0260295868,80.2313766479,73254,73264,10
13.0265398026,80.2312393188,73264,73274,10
13.0274000168,80.2310409546,73274,73284,10
13.0279903412,80.23097229,73284,73294,10
13.0280895233,80.2309570313,73294,73304,10
13.0282096863,80.2309875488,73304,73321,17
13.0284996033,80.2309494019,73321,73333,12
13.0286102295,80.2309494019,73333,73343,10
13.0288095474,80.2309112549,73343,73351,8
13.0293798447,80.2308120728,73351,73424,73
13.0293798447,80.2308120728,73424,73435,11
13.0298995972,80.2307662964,73435,73445,10
13.0303096771,80.2307434082,73445,73455,10
13.0307302475,80.2307128906,73455,73465,10
13.0312404633,80.2306594849,73465,73475,10
13.0317296982,80.2306289673,73475,73485,10
13.0321397781,80.2306137085,73485,73495,10
13.0327396393,80.2305603027,73495,73505,10
13.0333995819,80.2305221558,73505,73515,10
13.0339202881,80.2304382324,73515,73536,21
13.0339202881,80.2304382324,73536,73546,10
13.0345201492,80.2303771973,73546,73566,20
13.0345201492,80.2303771973,73566,73576,10
13.0347099304,80.2303085327,73576,73586,10
13.0349702835,80.230140686,73586,73596,10
13.0350503922,80.2299728394,73596,73606,10
13.0350503922,80.229927063,73606,73617,11
13.0349597931,80.229850769,73617,73627,10
13.0347003937,80.2298202515,73627,73637,10
13.0342597961,80.2297973633,73637,73830,193
13.0341796875,80.2301635742,73830,73900,70
13.0341796875,80.2301635742,73900,73911,11
13.034119606,80.2305603027,73911,73921,10
13.0339803696,80.2305221558,73921,73931,10
13.033539772,80.2305221558,73931,73941,10
13.0329999924,80.2305603027,73941,73951,10
13.0325098038,80.2306137085,73951,73961,10
13.0320196152,80.2306671143,73961,73971,10
13.0316200256,80.2306976318,73971,74001,30
13.0316200256,80.2306976318,74001,74012,11
13.0313796997,80.2305984497,74012,74022,10
13.0313100815,80.2306137085,74022,74032,10
13.0310602188,80.2306671143,74032,74042,10
13.03083992,80.2307281494,74042,74052,10
13.0306301117,80.2307434082,74052,74062,10
13.0304298401,80.2307815552,74062,74072,10
13.0300998688,80.2308197021,74072,74082,10
13.02987957,80.2308731079,74082,74092,10
13.0298299789,80.2308807373,74092,74102,10
13.0295295715,80.2309265137,74102,74113,11
13.0288000107,80.231010437,74113,74122,9
13.0280504227,80.2311019897,74122,74133,11
13.027680397,80.2311630249,74133,74143,10
13.0276699066,80.2316665649,74143,74153,10
13.0277500153,80.2322998047,74153,74163,10
13.0278396606,80.2328109741,74163,74173,10
13.0273199081,80.2329177856,74173,74183,10
13.0270004272,80.233001709,74183,74193,10
13.0266599655,80.2330474854,74193,74204,11
13.0262498856,80.2326507568,74204,74214,10
13.0260095596,80.2317428589,74214,74224,10
13.0256996155,80.2306976318,74224,74234,10
13.0249900818,80.2295913696,74234,74244,10
13.0243902206,80.2287902832,74244,74254,10
13.023900032,80.2281417847,74254,74264,10
13.0231895447,80.2276000977,74264,74294,30
13.0231895447,80.2276000977,74294,74305,11
13.0229196548,80.2274627686,74305,74315,10
13.0227098465,80.227142334,74315,74331,16
13.0221395493,80.2265396118,74331,74343,12
13.0212097168,80.2258224487,74343,74353,10
13.0204601288,80.2253036499,74353,74362,9
13.0198402405,80.224899292,74362,74373,11
13.0194301605,80.2246398926,74373,74383,10
13.0184698105,80.2247009277,74383,74393,10
13.0173997879,80.2251281738,74393,74404,11
13.0164203644,80.2255172729,74404,74414,10
13.0157299042,80.2257537842,74414,74424,10
13.0150203705,80.2260437012,74424,74433,9
13.0142002106,80.2263183594,74433,74444,11
13.0137701035,80.2265396118,74444,74454,10
13.013469696,80.2266464233,74454,74463,9
13.0128297806,80.226890564,74463,74474,11
13.0118103027,80.2272720337,74474,74484,10
13.0106601715,80.2277069092,74484,74494,10
13.0096902847,80.2280197144,74494,74505,11
13.0095996857,80.2273864746,74505,74515,10
13.0100002289,80.2265625,74515,74525,10
13.0104398727,80.2255401611,74525,74535,10
13.010840416,80.2246170044,74535,74545,10
13.0111198425,80.2239227295,74545,74555,10
13.0112400055,80.2235870361,74555,74565,10
13.0115203857,80.2229003906,74565,74575,10
13.0118503571,80.2219924927,74575,74585,10
13.0120201111,80.2214813232,74585,74596,11
13.0121002197,80.2211837769,74596,74606,10
13.0119600296,80.2205886841,74606,74616,10
13.0116796494,80.2196578979,74616,74626,10
13.0113601685,80.2186889648,74626,74636,10
13.0111198425,80.2182998657,74636,74646,10
13.0110797882,80.2182388306,74646,74656,10
13.0110301971,80.2181091309,74656,74672,16
13.0110197067,80.2180633545,74672,74684,12
13.0108995438,80.2177886963,74684,74695,11
13.0108203888,80.2175979614,74695,74705,10
13.0107698441,80.2174377441,74705,74714,9
13.0107002258,80.2172164917,74714,74725,11
13.01060009,80.2169189453,74725,74735,10
13.0105199814,80.2166824341,74735,74744,9
13.0103597641,80.2163772583,74744,74755,11
13.0099496841,80.2156219482,74755,74765,10
13.0095596313,80.2149581909,74765,74775,10
13.0091400146,80.2144012451,74775,74786,11
13.0085802078,80.2136764526,74786,74816,30
13.0084104538,80.2135696411,74816,74836,20
13.0084104538,80.2135696411,74836,74846,10
13.0082397461,80.2134475708,74846,74856,10
13.0082302094,80.2134399414,74856,74866,10
13.0080404282,80.2133331299,74866,74897,31
13.0080404282,80.2133331299,74897,74907,10
13.0078401566,80.2132034302,74907,74917,10
13.0078001022,80.213180542,74917,74927,10
13.0076704025,80.2130432129,74927,74937,10
13.0074996948,80.2129821777,74937,74947,10
13.0072498322,80.2129135132,74947,74957,10
13.0067195892,80.2128601074,74957,74966,9
13.0060501099,80.2130584717,74966,74978,12
13.0050802231,80.212677002,74978,74988,10
13.004119873,80.2122116089,74988,74998,10
13.0037403107,80.212059021,74998,75008,10
13.003660202,80.2119827271,75008,75018,10
13.0036001205,80.2116012573,75018,75028,10
13.0035600662,80.2110824585,75028,75038,10
13.0034704208,80.2103729248,75038,75048,10
13.0034503937,80.209777832,75048,75058,10
13.0033102036,80.2093582153,75058,75075,17
13.0022602081,80.2087783813,75075,75087,12
13.0012798309,80.2082595825,75087,75097,10
13.0006303787,80.2079162598,75097,75107,10
13.0000801086,80.2078170776,75107,75117,10
12.9995698929,80.2077102661,75117,75126,9
12.9993000031,80.207649231,75126,75137,11
12.9989404678,80.2076034546,75137,75147,10
12.9985103607,80.2074813843,75147,75157,10
12.9983501434,80.207649231,75157,75167,10
12.9983501434,80.2077026367,75167,75178,11
12.9982500076,80.2082214355,75178,75188,10
12.9981603622,80.2087020874,75188,75198,10
12.9981203079,80.2090377808,75198,75208,10
12.9980297089,80.2092437744,75208,75218,10
12.9977397919,80.2095718384,75218,75228,10
12.9974498749,80.2101898193,75228,75238,10
12.9971399307,80.2105026245,75238,75258,20
12.9969396591,80.2105026245,75258,75299,41
12.9969396591,80.2105026245,75299,75309,10
12.9962301254,80.2104187012,75309,75319,10
12.9956998825,80.2103805542,75319,75329,10
12.9954204559,80.2103500366,75329,75339,10
12.9951696396,80.210319519,75339,75349,10
12.9947299957,80.2102813721,75349,75359,10
12.9942502975,80.2102279663,75359,75369,10
12.9937200546,80.2101898193,75369,75380,11
12.9935903549,80.2103118896,75380,75390,10
12.9935798645,80.210319519,75390,75400,10
12.9934597015,80.2107696533,75400,75420,20
12.9934597015,80.2107696533,75420,75430,10
12.9933204651,80.2112579346,75430,75440,10
12.9931201935,80.2120437622,75440,75450,10
12.9929199219,80.212890625,75450,75461,11
12.9926996231,80.2130889893,75461,75471,10
12.9921598434,80.212890625,75471,75481,10
12.9914398193,80.2127227783,75481,75491,10
12.9913797379,80.2127075195,75491,75501,10
12.9912004471,80.2129898071,75501,75511,10
12.9910402298,80.2136383057,75511,75521,10
12.9909200668,80.2141723633,75521,75531,10
12.990480423,80.2147674561,75531,75541,10
12.9897003174,80.2148666382,75541,75551,10
12.989159584,80.2147979736,75551,75562,11
12.9888000488,80.2153167725,75562,75572,10
12.9884195328,80.2158813477,75572,75582,10
12.9880399704,80.2164535522,75582,75592,10
12.987859726,80.2169036865,75592,75602,10
12.9876203537,80.2176132202,75602,75612,10
12.9874296188,80.2181625366,75612,75622,10
12.9873695374,80.2183380127,75622,75632,10
12.9871101379,80.2183990479,75632,75642,10
12.9868602753,80.2183609009,75642,75653,11
12.9865198135,80.2182617188,75653,75663,10
12.9857797623,80.2180786133,75663,75673,10
12.9847898483,80.2180175781,75673,75683,10
12.9839496613,80.2180633545,75683,75703,20
12.9839496613,80.2180633545,75703,75713,10
12.9836397171,80.2180709839,75713,75723,10
12.9828796387,80.2180404663,75723,75733,10
12.9822397232,80.2180633545,75733,75743,10
12.9814796448,80.2181091309,75743,75754,11
12.980509758,80.218421936,75754,75764,10
12.9797801971,80.2186889648,75764,75774,10
12.9790000916,80.2190170288,75774,75784,10
12.9784698486,80.2192306519,75784,75794,10
12.9776496887,80.219581604,75794,75804,10
12.9764795303,80.2201385498,75804,75824,20
12.9761800766,80.2202529907,75824,75986,162
12.9761800766,80.2202529907,75986,75996,10
12.9757499695,80.2203598022,75996,76006,10
12.9755296707,80.2205200195,76006,76016,10
12.975810051,80.2212371826,76016,76107,91
12.975810051,80.2212371826,76107,76117,10
12.9759902954,80.2214813232,76117,76127,10
12.9763498306,80.2219772339,76127,76158,31
12.9763498306,80.2219772339,76158,76168,10
12.976360321,80.2220230103,76168,76178,10
12.9765501022,80.2223815918,76178,76188,10
12.9769897461,80.2230606079,76188,76198,10
12.9775400162,80.2239532471,76198,76208,10
12.9780101776,80.2246627808,76208,76218,10
12.9783496857,80.2252197266,76218,76228,10
12.9787797928,80.2259216309,76228,76239,11
12.9791698456,80.2265701294,76239,76249,10
12.9795303345,80.2271575928,76249,76259,10
12.9798603058,80.2276916504,76259,76269,10
12.9802103043,80.2282714844,76269,76279,10
12.9805603027,80.2288894653,76279,76289,10
12.9807395935,80.2292098999,76289,76299,10
12.9810199738,80.2296676636,76299,76309,10
12.9816598892,80.2306289673,76309,76330,21
12.9816598892,80.2306289673,76330,76340,10
12.9818096161,80.2309799194,76340,76350,10
12.9819698334,80.2316818237,76350,76360,10
12.9819498062,80.2325363159,76360,76370,10
12.9816799164,80.2333602905,76370,76380,10
12.9815397263,80.2336502075,76380,76390,10
12.981470108,80.233757019,76390,76400,10
12.9812297821,80.2342987061,76400,76410,10
12.9811496735,80.2351226807,76410,76420,10
12.9811897278,80.2362823486,76420,76431,11
12.9812097549,80.2375030518,76431,76441,10
12.9812602997,80.2387390137,76441,76461,20
12.9812602997,80.2387390137,76461,76471,10
12.9812698364,80.2390823364,76471,76481,10
12.9812803268,80.239616394,76481,76491,10
12.9812898636,80.2398300171,76491,76501,10
12.9812898636,80.2404327393,76501,76511,10
12.981300354,80.2413406372,76511,76522,11
12.9813299179,80.2424697876,76522,76532,10
12.9813098907,80.2430801392,76532,76542,10
12.9813203812,80.2431030273,76542,76552,10
12.9813299179,80.2432174683,76552,76562,10
12.9812898636,80.2438430786,76562,76572,10
12.9811401367,80.2447814941,76572,76582,10
12.9809904099,80.2460021973,76582,76592,10
12.9808597565,80.2473602295,76592,76602,10
12.9807596207,80.2486572266,76602,76612,10
12.9805402756,80.2502593994,76612,76623,11
12.9801797867,80.2517471313,76623,76633,10
12.9800596237,80.2522735596,76633,76643,10
12.980050087,80.252281189,76643,76653,10
12.9801902771,80.2526321411,76653,76663,10
12.9809503555,80.2526702881,76663,76673,10
12.9820404053,80.2526397705,76673,76683,10
12.9833498001,80.252532959,76683,76693,10
12.9847402573,80.252166748,76693,76703,10
12.9859399796,80.2518386841,76703,76713,10
12.9863004684,80.251739502,76713,76724,11
12.9873199463,80.2514419556,76724,76815,91
12.9873199463,80.2514419556,76815,76825,10
12.9875497818,80.2514038086,76825,76835,10
12.9878797531,80.2516021729,76835,76845,10
12.9879598618,80.2521286011,76845,76855,10
12.9879102707,80.253036499,76855,76865,10
12.9877901077,80.2542419434,76865,76875,10
12.9876699448,80.2553863525,76875,76996,121
12.9876699448,80.2553863525,76996,77006,10
12.9875602722,80.2556762695,77006,77017,11
12.9875497818,80.2560424805,77017,77027,10
12.9875001907,80.2565994263,77027,77037,10
12.9874401093,80.2573165894,77037,77047,10
12.9874000549,80.2582092285,77047,77057,10
12.9873304367,80.2590103149,77057,77067,10
12.9871501923,80.2596435547,77067,77138,71
12.9871501923,80.2596435547,77138,77148,10
12.9867601395,80.2595672607,77148,77158,10
12.9867696762,80.2593231201,77158,79100,1942
12.9867801666,80.2589874268,79100,79595,495
12.9868898392,80.2591781616,79595,82527,2932
12.9867801666,80.2588729858,82527,83699,1172
12.9868402481,80.2590637207,83699,85711,2012
