13.0747699738,80.2754898071,12,22320,22308
13.0747699738,80.2754898071,22320,22330,10
13.0747804642,80.2755126953,22330,22369,39
13.0747804642,80.2755126953,22369,22381,12
13.0748996735,80.2752838135,22381,22391,10
13.0751304626,80.275062561,22391,22401,10
13.0753602982,80.2749710083,22401,22411,10
13.0755701065,80.274887085,22411,22421,10
13.0756196976,80.2748794556,22421,22431,10
13.0756998062,80.2749023438,22431,22441,10
13.0758399963,80.2751312256,22441,22451,10
13.075920105,80.2754516602,22451,22461,10
13.0758895874,80.2756881714,22461,22482,21
13.0760202408,80.2758026123,22482,22552,70
13.0760202408,80.2758026123,22552,22562,10
13.0759601593,80.2761306763,22562,22572,10
13.0760297775,80.2762680054,22572,22583,11
13.0764398575,80.2762680054,22583,22593,10
13.077170372,80.276222229,22593,22603,10
13.0779800415,80.2761611938,22603,22613,10
13.0782699585,80.2756500244,22613,22623,10
13.0785903931,80.2751922607,22623,22633,10
13.0791702271,80.2751922607,22633,22643,10
13.0798997879,80.2752990723,22643,22653,10
13.0806703568,80.2752380371,22653,22663,10
13.0812997818,80.2751693726,22663,22673,10
13.0818099976,80.2752227783,22673,22684,11
13.0819997787,80.2754211426,22684,22694,10
13.0820302963,80.2755889893,22694,22704,10
13.0820503235,80.2758483887,22704,22714,10
13.0818901062,80.2760696411,22714,22724,10
13.0818901062,80.2765274048,22724,22734,10
13.0819396973,80.2773284912,22734,22744,10
13.0820703506,80.2783508301,22744,22754,10
13.0822696686,80.2804107666,22754,22764,10
13.0822696686,80.2804107666,22764,22774,10
13.0823497772,80.2813415527,22774,22783,9
13.0825004578,80.2818374634,22783,22825,42
13.0852499008,80.2838363647,22825,22834,9
13.0855503082,80.2836074829,22834,22845,11
13.0859899521,80.2835617065,22845,22855,10
13.0863399506,80.2836380005,22855,22865,10
13.0866498947,80.2838592529,22865,22875,10
13.0868797302,80.2839279175,22875,22885,10
13.0874204636,80.2838973999,22885,22956,71
13.0874204636,80.2838973999,22956,22966,10
13.0878295898,80.2838821411,22966,22997,31
13.0878295898,80.2838821411,22997,23007,10
13.0881500244,80.283821106,23007,23098,91
13.0881500244,80.283821106,23098,23108,10
13.0882501602,80.283531189,23108,23118,10
13.0883197784,80.2832489014,23118,23128,10
13.0882997513,80.282699585,23128,23138,10
13.0882396698,80.2820510864,23138,23148,10
13.0880804062,80.281463623,23148,23158,10
13.0885295868,80.2815628052,23158,23168,10
13.088470459,80.2821502686,23168,23178,10
13.0883703232,80.2826919556,23178,23188,10
13.0883598328,80.2829666138,23188,23199,11
13.0883598328,80.2830734253,23199,23209,10
13.0883598328,80.2833328247,23209,23219,10
13.0883598328,80.2834014893,23219,23229,10
13.0883903503,80.2835388184,23229,23239,10
13.0883798599,80.2840194702,23239,23249,10
13.0884504318,80.2847518921,23249,23259,10
13.0884895325,80.2853469849,23259,23269,10
13.0885400772,80.2859268188,23269,23279,10
13.0885801315,80.2864303589,23279,23289,10
13.0885696411,80.286857605,23289,23300,11
13.0886001587,80.287437439,23300,23310,10
13.0886297226,80.2877807617,23310,23320,10
13.0886802673,80.2884216309,23320,23330,10
13.0887002945,80.2886962891,23330,23339,9
13.0887498856,80.2891769409,23339,23350,11
13.0887699127,80.289390564,23350,23360,10
13.0887699127,80.2898178101,23360,23370,10
13.0887403488,80.2904205322,23370,23380,10
13.0881795883,80.2901992798,23380,23390,10
13.0873699188,80.2898101807,23390,23401,11
13.0862798691,80.2894363403,23401,23411,10
13.0851297379,80.2891693115,23411,23421,10
13.0841197968,80.2891693115,23421,23431,10
13.0832395554,80.2892074585,23431,23441,10
13.0822601318,80.2888717651,23441,23451,10
13.0811300278,80.2884597778,23451,23461,10
13.0799102783,80.2881622314,23461,23471,10
13.0786600113,80.2877426147,23471,23481,10
13.077340126,80.2873764038,23481,23491,10
13.0761299133,80.2870788574,23491,23502,11
13.0750999451,80.2866592407,23502,23512,10
13.0743103027,80.2861709595,23512,23522,10
13.0735397339,80.2860107422,23522,23532,10
13.0727596283,80.2855987549,23532,23542,10
13.0718402863,80.2852706909,23542,23552,10
13.0706796646,80.2849731445,23552,23562,10
13.0694198608,80.2846679688,23562,23572,10
13.0681800842,80.2843780518,23572,23582,10
13.06690979,80.2841567993,23582,23592,10
13.0656700134,80.2838821411,23592,23602,10
13.0644903183,80.2835998535,23602,23613,11
13.0632896423,80.2833099365,23613,23623,10
13.0625896454,80.2831497192,23623,23633,10
13.0624504089,80.2830963135,23633,23643,10
13.0619697571,80.2830123901,23643,23653,10
13.0611600876,80.2828292847,23653,23663,10
13.0601301193,80.2826004028,23663,23673,10
13.0589599609,80.2823562622,23673,23683,10
13.0579500198,80.2821578979,23683,23693,10
13.0572299957,80.2820129395,23693,23703,10
13.0567998886,80.2819213867,23703,23714,11
13.0566701889,80.2818908691,23714,23724,10
13.0561199188,80.2817611694,23724,23734,10
13.0552597046,80.281578064,23734,23744,10
13.0542097092,80.2813720703,23744,23754,10
13.0530796051,80.2811813354,23754,23764,10
13.0520000458,80.2810211182,23764,23774,10
13.0509395599,80.2808609009,23774,23784,10
13.0498104095,80.280670166,23784,23794,10
13.0485601425,80.2804718018,23794,23804,10
13.0474996567,80.2803573608,23804,23815,11
13.0464696884,80.2802276611,23815,23825,10
13.0457296371,80.2801513672,23825,23835,10
13.0456199646,80.2801437378,23835,23845,10
13.0451202393,80.2800674438,23845,23855,10
13.0443401337,80.2799682617,23855,23865,10
13.0436296463,80.2798614502,23865,23875,10
13.0434503555,80.2798309326,23875,23885,10
13.0429201126,80.2796936035,23885,23895,10
13.0420799255,80.279510498,23895,23905,10
13.0411300659,80.2793426514,23905,23916,11
13.0401000977,80.2790985107,23916,23926,10
13.0391998291,80.2788925171,23926,23936,10
13.0390300751,80.2788391113,23936,23946,10
13.0386295319,80.2786865234,23946,23956,10
13.0379199982,80.2784576416,23956,23966,10
13.0374498367,80.2783432007,23966,23976,10
13.0368499756,80.2781524658,23976,23986,10
13.0360403061,80.2779006958,23986,23996,10
13.0350904465,80.2777175903,23996,24006,10
13.0341501236,80.2775192261,24006,24017,11
13.033370018,80.2774276733,24017,24027,10
13.0326700211,80.2775268555,24027,24037,10
13.0318603516,80.2775802612,24037,24047,10
13.0310697556,80.277381897,24047,24057,10
13.0304803848,80.2770080566,24057,24067,10
13.0297403336,80.2767105103,24067,24077,10
13.0288600922,80.2764816284,24077,24087,10
13.0279798508,80.2761383057,24087,24097,10
13.0270900726,80.2757568359,24097,24107,10
13.0262804031,80.2753829956,24107,24118,11
13.0259399414,80.2752304077,24118,24128,10
13.0257797241,80.2751464844,24128,24138,10
13.0253400803,80.2749404907,24138,24148,10
13.0250597,80.2748184204,24148,24158,10
13.0245704651,80.274559021,24158,24168,10
13.0241298676,80.2740707397,24168,24178,10
13.0237598419,80.2735671997,24178,24188,10
13.0232896805,80.2729415894,24188,24198,10
13.0227098465,80.2721633911,24198,24208,10
13.022069931,80.2713394165,24208,24219,11
13.0214500427,80.2705383301,24219,24229,10
13.020939827,80.2699432373,24229,24239,10
13.0208301544,80.2698364258,24239,24249,10
13.0205202103,80.2694320679,24249,24259,10
13.0200004578,80.2687683105,24259,24269,10
13.0193500519,80.2679824829,24269,24279,10
13.0187597275,80.2671737671,24279,24289,10
13.0186300278,80.2663116455,24289,24299,10
13.0186595917,80.2657623291,24299,24309,10
13.0188703537,80.2649993896,24309,24319,10
13.0190601349,80.2641983032,24319,24330,11
13.0190000534,80.2635498047,24330,24340,10
13.0189304352,80.2630767822,24340,24350,10
13.0188503265,80.2623214722,24350,24360,10
13.0187597275,80.2616119385,24360,24370,10
13.0184803009,80.2611618042,24370,24380,10
13.0181398392,80.2609329224,24380,24390,10
13.017660141,80.2606277466,24390,24400,10
13.016960144,80.2601470947,24400,24410,10
13.0162000656,80.2597198486,24410,24419,9
13.0154600143,80.259437561,24419,24431,12
13.0143203735,80.2593078613,24431,24441,10
13.013299942,80.259262085,24441,24451,10
13.0122804642,80.2592163086,24451,24461,10
13.0113296509,80.2591934204,24461,24471,10
13.0102796555,80.2592163086,24471,24481,10
13.0091199875,80.2591934204,24481,24491,10
13.0086803436,80.2592086792,24491,24501,10
13.0081596375,80.2592010498,24501,24511,10
13.0075101852,80.2593612671,24511,24520,9
13.007229805,80.2588729858,24520,24532,12
13.0071802139,80.2587280273,24532,24542,10
13.0070199966,80.2583770752,24542,24552,10
13.0066795349,80.2578582764,24552,24562,10
13.0058698654,80.2574920654,24562,24572,10
13.004989624,80.257232666,24572,24582,10
13.0041103363,80.257019043,24582,24592,10
13.0032901764,80.2568588257,24592,24602,10
13.0024900436,80.2566986084,24602,24612,10
13.0014600754,80.2565307617,24612,24643,31
13.0014600754,80.2565307617,24643,24653,10
13.0012702942,80.2564697266,24653,24663,10
13.0007600784,80.256401062,24663,24673,10
13.0,80.2562789917,24673,24683,10
12.9992599487,80.2561721802,24683,24693,10
12.9986801147,80.2560806274,24693,24703,10
12.9986495972,80.256072998,24703,24713,10
12.9985904694,80.2560195923,24713,24722,9
12.9981298447,80.2559661865,24722,24734,12
12.9971504211,80.255897522,24734,24744,10
12.9966697693,80.2558670044,24744,24754,10
12.9959402084,80.2558822632,24754,24764,10
12.9950704575,80.255897522,24764,24774,10
12.9942598343,80.2559280396,24774,24784,10
12.9933795929,80.2560119629,24784,24794,10
12.9923295975,80.2560577393,24794,24804,10
12.9912395477,80.2560195923,24804,24814,10
12.9904899597,80.2559967041,24814,24824,10
12.9898796082,80.2559967041,24824,24835,11
12.9890604019,80.2559585571,24835,24845,10
12.9884700775,80.2558898926,24845,24865,20
12.9884700775,80.2558898926,24865,24875,10
12.9884300232,80.2558364868,24875,24885,10
12.9880895615,80.2557983398,24885,24895,10
12.987569809,80.2557373047,24895,24905,10
12.9868602753,80.2556304932,24905,24915,10
12.9861097336,80.2555084229,24915,24924,9
12.986000061,80.2554931641,24924,24936,12
12.98554039,80.2554092407,24936,24946,10
12.9847803116,80.255241394,24946,24956,10
12.9839096069,80.2550125122,24956,24966,10
12.9831104279,80.2547836304,24966,24976,10
12.9824104309,80.2545776367,24976,24986,10
12.9819402695,80.2539215088,24986,24996,10
12.9817199707,80.2530593872,24996,25006,10
12.9809598923,80.2528076172,25006,25016,10
12.9801797867,80.2527770996,25016,25026,10
12.9793395996,80.2527084351,25026,25036,10
12.978679657,80.2526092529,25036,25047,11
12.9785499573,80.2525405884,25047,25057,10
12.9780197144,80.2521591187,25057,25067,10
12.9772796631,80.2515335083,25067,25077,10
12.9761295319,80.2511062622,25077,25087,10
12.9748497009,80.2507476807,25087,25097,10
12.9735403061,80.2503890991,25097,25107,10
12.9722299576,80.250038147,25107,25117,10
12.9710197449,80.249710083,25117,25127,10
12.9699296951,80.2493362427,25127,25137,10
12.9687404633,80.2488632202,25137,25148,11
12.9675397873,80.2483673096,25148,25158,10
12.9669704437,80.2481079102,25158,25168,10
12.9668397903,80.2480392456,25168,25178,10
12.9665699005,80.2479019165,25178,25188,10
12.9662704468,80.2477798462,25188,25198,10
12.9657497406,80.2475662231,25198,25208,10
12.9655895233,80.2474975586,25208,25218,10
12.9651298523,80.2473526001,25218,25228,10
12.96434021,80.2470703125,25228,25238,10
12.9638595581,80.246887207,25238,25259,21
12.9638595581,80.246887207,25259,25269,10
12.9637498856,80.2468414307,25269,25279,10
12.9633398056,80.2466583252,25279,25289,10
12.9627599716,80.246383667,25289,25299,10
12.9620704651,80.2460403442,25299,25309,10
12.9613199234,80.2456817627,25309,25319,10
12.960559845,80.2453231812,25319,25329,10
12.9598798752,80.245010376,25329,25339,10
12.9594898224,80.2448577881,25339,25350,11
12.959230423,80.2447280884,25350,25360,10
12.9588098526,80.2445220947,25360,25370,10
12.9584999084,80.2443771362,25370,25380,10
12.9583902359,80.2443313599,25380,25390,10
12.9580001831,80.2441864014,25390,25400,10
12.9573602676,80.2439575195,25400,25410,10
12.9564800262,80.2436904907,25410,25440,30
12.9564800262,80.2436904907,25440,25451,11
12.9561004639,80.2435379028,25451,25461,10
12.9554395676,80.2431793213,25461,25471,10
12.9545898438,80.2427978516,25471,25481,10
12.9536895752,80.2424163818,25481,25491,10
12.952750206,80.2420196533,25491,25501,10
12.9519996643,80.2417526245,25501,25511,10
12.9516401291,80.2416610718,25511,25521,10
12.9514904022,80.2416000366,25521,25531,10
12.9510097504,80.2414321899,25531,25541,10
12.950460434,80.2412719727,25541,25552,11
12.9498500824,80.2410888672,25552,25562,10
12.9494304657,80.2409591675,25562,25572,10
12.9493398666,80.2409362793,25572,25582,10
12.9491901398,80.2408599854,25582,25592,10
12.9487895966,80.2406768799,25592,25602,10
12.9480199814,80.2403717041,25602,25612,10
12.9472703934,80.2400894165,25612,25622,10
12.94713974,80.2400283813,25622,25632,10
12.9465999603,80.2398071289,25632,25641,9
12.9459600449,80.2395324707,25641,25653,12
12.9451198578,80.2390518188,25653,25663,10
12.9444503784,80.2383499146,25663,25673,10
12.9437904358,80.2376327515,25673,25683,10
12.9430999756,80.2369613647,25683,25693,10
12.9421796799,80.2364807129,25693,25703,10
12.941160202,80.2362136841,25703,25713,10
12.9403295517,80.2359771729,25713,25723,10
12.9397296906,80.2358016968,25723,25733,10
12.939620018,80.2357635498,25733,25743,10
12.9391002655,80.2355117798,25743,25754,11
12.938249588,80.2350692749,25754,25764,10
12.9375400543,80.2347183228,25764,25774,10
12.9366798401,80.2343063354,25774,25784,10
12.9358997345,80.2339477539,25784,25794,10
12.9357004166,80.2339782715,25794,25804,10
12.9356098175,80.23412323,25804,25814,10
12.935379982,80.2347564697,25814,25824,10
12.9351596832,80.2353820801,25824,25834,10
12.9349803925,80.2354278564,25834,25844,10
12.9345598221,80.2352600098,25844,25854,10
12.9341201782,80.2350769043,25854,25865,11
12.9338703156,80.2350311279,25865,25875,10
12.9337501526,80.2354736328,25875,25885,10
12.9336204529,80.2359313965,25885,25895,10
12.933549881,80.2361907959,25895,25905,10
12.9331502914,80.2361297607,25905,25915,10
12.932970047,80.236289978,25915,25925,10
12.9327497482,80.2372817993,25925,25945,20
12.9327497482,80.2372817993,25945,25955,10
12.9327001572,80.2373504639,25955,25966,11
12.932510376,80.2378005981,25966,25976,10
12.9322595596,80.2383728027,25976,25986,10
12.9321203232,80.2386627197,25986,25996,10
12.9320602417,80.2387619019,25996,26006,10
12.9313297272,80.2385864258,26006,26026,20
12.9313297272,80.2385864258,26026,26036,10
12.9312496185,80.2385635376,26036,26046,10
12.9309797287,80.2384567261,26046,26055,9
12.9305095673,80.2382965088,26055,26067,12
12.9298095703,80.23802948,26067,26077,10
12.9295396805,80.2381896973,26077,26087,10
12.9294500351,80.2385177612,26087,26097,10
12.9293804169,80.238822937,26097,26107,10
12.9293203354,80.2390213013,26107,26117,10
12.929309845,80.2390289307,26117,26127,10
12.9289999008,80.2389984131,26127,26137,10
12.9285001755,80.2388916016,26137,26157,20
12.9285001755,80.2388916016,26157,26168,11
12.9282999039,80.2388305664,26168,26178,10
12.9281597137,80.2387924194,26178,26188,10
12.9279098511,80.2387313843,26188,26198,10
12.9274597168,80.238609314,26198,26208,10
12.9268598557,80.2384719849,26208,26218,10
12.9261598587,80.23828125,26218,26228,10
12.925620079,80.2381362915,26228,26238,10
12.9252901077,80.2380523682,26238,26248,10
12.9248600006,80.2380905151,26248,26258,10
12.9251899719,80.2383270264,26258,26269,11
12.9255800247,80.238319397,26269,26279,10
12.9256095886,80.238319397,26279,26289,10
12.9257097244,80.23828125,26289,26299,10
12.9259300232,80.2381973267,26299,26309,10
12.9263896942,80.2383422852,26309,26319,10
12.9265804291,80.2383880615,26319,26329,10
12.9270801544,80.2385025024,26329,26339,10
12.9276504517,80.2386398315,26339,26349,10
12.9281797409,80.2387771606,26349,26400,51
12.9281797409,80.2387771606,26400,26410,10
12.9282398224,80.2388000488,26410,26420,10
12.9285802841,80.2388916016,26420,26430,10
12.9289398193,80.2389831543,26430,26440,10
12.9291801453,80.2390518188,26440,26450,10
12.9293804169,80.2389068604,26450,26460,10
12.9294996262,80.2384872437,26460,26471,11
12.9296197891,80.238067627,26471,26481,10
12.9300203323,80.2380828857,26481,26491,10
12.9306497574,80.238319397,26491,26501,10
12.931139946,80.2384872437,26501,26521,20
12.931139946,80.2384872437,26521,26531,10
12.9313097,80.2385787964,26531,26541,10
12.9315900803,80.2386703491,26541,26551,10
12.9320602417,80.2387695313,26551,26561,10
12.9323196411,80.2382965088,26561,26582,21
12.9323196411,80.2382965088,26582,26592,10
12.9324502945,80.2379226685,26592,26602,10
12.9326601028,80.2373809814,26602,26612,10
12.9327602386,80.2370910645,26612,26622,10
12.9329299927,80.2366027832,26622,26632,10
12.9330101013,80.2361526489,26632,26642,10
12.9335298538,80.2362289429,26642,26672,30
12.9335298538,80.2362289429,26672,26683,11
12.9335899353,80.2360610962,26683,26693,10
12.9336395264,80.2358627319,26693,26703,10
12.9337797165,80.2354125977,26703,26713,10
12.9338998795,80.2350082397,26713,26723,10
12.9339504242,80.2350006104,26723,26733,10
12.9342699051,80.2351379395,26733,26743,10
12.9348096848,80.2353820801,26743,26753,10
12.9350700378,80.2354812622,26753,26763,10
12.9351196289,80.235458374,26763,26773,10
12.9351902008,80.2352676392,26773,26784,11
12.9353103638,80.2349090576,26784,26794,10
12.935379982,80.2347412109,26794,26804,10
12.9354295731,80.2346725464,26804,26814,10
12.9356002808,80.2342224121,26814,26824,10
12.9358196259,80.233833313,26824,26834,10
12.9361801147,80.2339019775,26834,26844,10
12.9368000031,80.2342071533,26844,26854,10
12.9376096725,80.234588623,26854,26864,10
12.9385995865,80.2350769043,26864,26874,10
12.939450264,80.2355117798,26874,26885,11
12.9397296906,80.2356491089,26885,26895,10
12.9398097992,80.235710144,26895,26905,10
12.9403095245,80.2358779907,26905,26915,10
12.9411096573,80.2360916138,26915,26925,10
12.9420795441,80.2363204956,26925,26935,10
12.9431295395,80.2367935181,26935,26945,10
12.9439296722,80.2375564575,26945,26955,10
12.9446001053,80.238319397,26955,26965,10
12.945400238,80.239112854,26965,26975,10
12.9463996887,80.2396011353,26975,26986,11
12.9472398758,80.2399520874,26986,26996,10
12.9473695755,80.2399978638,26996,27006,10
12.9476900101,80.2401504517,27006,27016,10
12.9482898712,80.2403869629,27016,27026,10
12.9487304688,80.2405471802,27026,27036,10
12.9487695694,80.240562439,27036,27046,10
12.9488601685,80.2405776978,27046,27056,10
12.9492301941,80.2407302856,27056,27066,10
12.949549675,80.2408676147,27066,27076,10
12.9501495361,80.2410507202,27076,27086,10
12.9508399963,80.2412414551,27086,27097,11
12.9510803223,80.241317749,27097,27107,10
12.9513101578,80.2414093018,27107,27117,10
12.9518404007,80.2416000366,27117,27127,10
12.9525003433,80.2418365479,27127,27137,10
12.9528398514,80.2419662476,27137,27147,10
12.9534196854,80.2422027588,27147,27157,10
12.9541397095,80.2424926758,27157,27167,10
12.9548797607,80.2427902222,27167,27177,10
12.9555702209,80.2430801392,27177,27187,10
12.956199646,80.2433776855,27187,27198,11
12.9563999176,80.2434616089,27198,27208,10
12.9568300247,80.2436294556,27208,27218,10
12.9575796127,80.243927002,27218,27228,10
12.9581804276,80.2441635132,27228,27238,10
12.9586696625,80.2443618774,27238,27248,10
12.9589195251,80.2444381714,27248,27258,10
12.9590301514,80.2445297241,27258,27268,10
12.9595003128,80.2447433472,27268,27278,10
12.9602298737,80.2450790405,27278,27287,9
12.9610300064,80.2454528809,27287,27299,12
12.9622602463,80.2460403442,27299,27309,10
12.963060379,80.246421814,27309,27319,10
12.9636602402,80.246711731,27319,27329,10
12.9644098282,80.2470016479,27329,27339,10
12.9652700424,80.2473068237,27339,27349,10
12.9663896561,80.2477111816,27349,27369,20
12.9663896561,80.2477111816,27369,27379,10
12.9665603638,80.2478027344,27379,27389,10
12.9667396545,80.2478866577,27389,27400,11
12.9673299789,80.2481994629,27400,27410,10
12.9681396484,80.2485275269,27410,27420,10
12.96916008,80.2489395142,27420,27430,10
12.9702596664,80.2493591309,27430,27440,10
12.9713602066,80.2497406006,27440,27450,10
12.9725599289,80.2500610352,27450,27460,10
12.9737997055,80.2503890991,27460,27470,10
12.975060463,80.2507400513,27470,27480,10
12.9763698578,80.251121521,27480,27490,10
12.9775896072,80.2516098022,27490,27501,11
12.9784603119,80.2522735596,27501,27511,10
12.9785995483,80.2523574829,27511,27521,10
12.9786996841,80.2524337769,27521,27531,10
12.979180336,80.2525863647,27531,27541,10
12.97935009,80.2526168823,27541,27551,10
12.9794197083,80.2526397705,27551,27561,10
12.9798603058,80.2526626587,27561,27571,10
12.9804401398,80.2526626587,27571,27581,10
12.981089592,80.2526397705,27581,27591,10
12.9819097519,80.2526168823,27591,27602,11
12.9827604294,80.2525863647,27602,27612,10
12.9836902618,80.2524490356,27612,27622,10
12.9846401215,80.2521896362,27622,27632,10
12.9855003357,80.2519378662,27632,27642,10
12.9862203598,80.251739502,27642,27652,10
12.9868097305,80.2515869141,27652,27662,10
12.9877300262,80.2513427734,27662,27773,111
12.9877300262,80.2513427734,27773,27783,10
12.9879198074,80.2515335083,27783,27793,10
12.9880399704,80.2521133423,27793,27803,10
12.9880199432,80.2527389526,27803,27814,11
12.9879198074,80.2537994385,27814,27824,10
12.9878196716,80.2548904419,27824,27834,10
12.9877700806,80.2555999756,27834,27844,10
12.9877700806,80.2557220459,27844,27854,10
12.9879598618,80.255859375,27854,27864,10
12.9883203506,80.2558822632,27864,27874,10
12.9886598587,80.255897522,27874,27884,10
12.9886703491,80.255897522,27884,27894,10
12.9888801575,80.2559280396,27894,27903,9
12.9892702103,80.2559585571,27903,27915,12
12.9900102615,80.2559967041,27915,27925,10
12.9905796051,80.2559814453,27925,27935,10
12.9912595749,80.2560195923,27935,27945,10
12.9921598434,80.2560577393,27945,27955,10
12.9932203293,80.2560195923,27955,27965,10
12.99421978,80.2559661865,27965,27975,10
12.9952001572,80.2558898926,27975,27985,10
12.9961099625,80.255859375,27985,27995,10
12.9968595505,80.255859375,27995,28005,10
12.9972200394,80.2558670044,28005,28016,11
12.9977703094,80.255897522,28016,28026,10
12.9983196259,80.2559509277,28026,28036,10
12.9988298416,80.2559967041,28036,28056,20
12.9989700317,80.2560501099,28056,28086,30
12.9989700317,80.2560501099,28086,28096,10
12.999130249,80.256072998,28096,28106,10
12.9993896484,80.256111145,28106,28117,11
12.9998197556,80.2562332153,28117,28127,10
13.0003499985,80.2563400269,28127,28137,10
13.001159668,80.2564697266,28137,28147,10
13.001950264,80.2566070557,28147,28157,10
13.0027399063,80.2567367554,28157,28167,10
13.0035495758,80.2568969727,28167,28177,10
13.0043201447,80.2570419312,28177,28187,10
13.0050001144,80.2571716309,28187,28197,10
13.0054197311,80.2572402954,28197,28207,10
13.0058803558,80.2573623657,28207,28218,11
13.0064601898,80.2574615479,28218,28228,10
13.0068798065,80.2577514648,28228,28238,10
13.0072603226,80.2583465576,28238,28248,10
13.0077695847,80.258682251,28248,28258,10
13.0086097717,80.2589874268,28258,28278,20
13.0086097717,80.2589874268,28278,28288,10
13.0087499619,80.2590789795,28288,28298,10
13.0092401505,80.2591018677,28298,28308,10
13.0100097656,80.2591018677,28308,28319,11
13.0111103058,80.2590789795,28319,28329,10
13.012260437,80.2590789795,28329,28339,10
13.0135202408,80.2591400146,28339,28349,10
13.0148496628,80.2591934204,28349,28359,10
13.015999794,80.2594223022,28359,28369,10
13.0165100098,80.2597122192,28369,28379,10
13.0165300369,80.2597198486,28379,28389,10
13.0165996552,80.259803772,28389,28399,10
13.0168199539,80.2599487305,28399,28409,10
13.0172796249,80.2602615356,28409,28420,11
13.0179300308,80.2607192993,28420,28430,10
13.0185098648,80.2611312866,28430,28440,10
13.0190296173,80.2615585327,28440,28450,10
13.0194997787,80.262008667,28450,28460,10
13.0200004578,80.2625198364,28460,28470,10
13.0203895569,80.2629165649,28470,28480,10
13.0200300217,80.2630310059,28480,28490,10
13.0194301605,80.2629928589,28490,28500,10
13.0190401077,80.2630767822,28500,28510,10
13.0191297531,80.2637023926,28510,28519,9
13.0191602707,80.2639694214,28519,28531,12
13.0191402435,80.2645111084,28531,28541,10
13.0189399719,80.2651290894,28541,28551,10
13.018819809,80.2655487061,28551,28561,10
13.0187101364,80.2662124634,28561,28571,10
13.0187902451,80.2669525146,28571,28581,10
13.0190401077,80.2675018311,28581,28591,10
13.0195999146,80.2681808472,28591,28601,10
13.0203304291,80.2690811157,28601,28611,10
13.0208301544,80.2696914673,28611,28620,9
13.0211696625,80.2700805664,28620,28632,12
13.0215301514,80.2704925537,28632,28642,10
13.0216598511,80.2706604004,28642,28652,10
13.0220298767,80.2711334229,28652,28662,10
13.0225200653,80.2717895508,28662,28672,10
13.0230998993,80.2725906372,28672,28682,10
13.0236597061,80.2733535767,28682,28692,10
13.0240898132,80.27394104,28692,28702,10
13.0245599747,80.2744979858,28702,28712,10
13.0251903534,80.2748184204,28712,28722,10
13.0254497528,80.2749176025,28722,28733,11
13.0256204605,80.2750091553,28733,28743,10
13.0260095596,80.2751922607,28743,28753,10
13.0262203217,80.2752990723,28753,28763,10
13.0267496109,80.2755279541,28763,28773,10
13.0272703171,80.2757873535,28773,28783,10
13.0276899338,80.2760009766,28783,28793,10
13.0282001495,80.2761993408,28793,28803,10
13.0287599564,80.2764205933,28803,28813,10
13.029129982,80.2765731812,28813,28823,10
13.0294904709,80.2766571045,28823,28833,10
13.0297899246,80.2767333984,28833,28844,11
13.0300598145,80.276802063,28844,28854,10
13.0304603577,80.2769775391,28854,28864,10
13.0310602188,80.27734375,28864,28874,10
13.0318002701,80.2775878906,28874,28884,10
13.0321798325,80.277557373,28884,28894,10
13.0325603485,80.2775192261,28894,28914,20
13.0325603485,80.2775192261,28914,28924,10
13.0327997208,80.2774734497,28924,28934,10
13.0333003998,80.2774124146,28934,28945,11
13.033829689,80.2774124146,28945,28955,10
13.0344200134,80.2775497437,28955,28965,10
13.0349798203,80.277671814,28965,28975,10
13.0354995728,80.2777633667,28975,28985,10
13.0361604691,80.2779006958,28985,28995,10
13.0368995667,80.278137207,28995,29005,10
13.0375299454,80.2783508301,29005,29015,10
13.038359642,80.2785568237,29015,29025,10
13.0389499664,80.2787017822,29025,29035,10
13.0389795303,80.2787094116,29035,29046,11
13.0391998291,80.2788162231,29046,29056,10
13.0396995544,80.278968811,29056,29066,10
13.0405197144,80.2791824341,29066,29076,10
13.0414495468,80.2793884277,29076,29086,10
13.0424699783,80.2795333862,29086,29096,10
13.0429496765,80.2795715332,29096,29106,10
13.0430898666,80.2795333862,29106,29116,10
13.0433397293,80.2795715332,29116,29126,10
13.0439100266,80.2797927856,29126,29136,10
13.0447998047,80.2799606323,29136,29147,11
13.0457201004,80.2800827026,29147,29157,10
13.0457801819,80.280090332,29157,29167,10
13.0461301804,80.2801437378,29167,29177,10
13.0468502045,80.2802429199,29177,29187,10
13.0477895737,80.280380249,29187,29197,10
13.0488901138,80.2805480957,29197,29207,10
13.0500402451,80.2807235718,29207,29217,10
13.051199913,80.2809066772,29217,29227,10
13.0524501801,80.2810974121,29227,29237,10
13.0537004471,80.2812805176,29237,29248,11
13.0550699234,80.2815475464,29248,29258,10
13.0561304092,80.2817382813,29258,29268,10
13.0565500259,80.2818222046,29268,29278,10
13.0566101074,80.2818374634,29278,29288,10
13.0570802689,80.2819290161,29288,29298,10
13.057510376,80.2820281982,29298,29308,10
13.0580101013,80.2821273804,29308,29317,9
13.0587301254,80.2822799683,29317,29328,11
13.0595598221,80.2824401855,29328,29338,10
13.0602798462,80.2825775146,29338,29348,10
13.0609798431,80.2827301025,29348,29359,11
13.0617904663,80.2828979492,29359,29369,10
13.0626897812,80.2831115723,29369,29379,10
13.063170433,80.2832107544,29379,29389,10
13.0633201599,80.2832565308,29389,29399,10
13.0639295578,80.2834320068,29399,29409,10
13.0648202896,80.2836227417,29409,29419,10
13.065990448,80.2838821411,29419,29429,10
13.0672597885,80.2841567993,29429,29439,10
13.0679597855,80.284286499,29439,29448,9
13.0686597824,80.2844390869,29448,29460,12
13.0699195862,80.2847366333,29460,29470,10
13.071149826,80.2850494385,29470,29480,10
13.0724201202,80.2853317261,29480,29490,10
13.0735998154,80.2853927612,29490,29500,10
13.0743303299,80.2860336304,29500,29510,10
13.0752096176,80.2866210938,29510,29520,10
13.0762395859,80.2870864868,29520,29530,10
13.0773696899,80.2873687744,29530,29540,10
13.0784397125,80.287651062,29540,29549,9
13.0792102814,80.2879180908,29549,29561,12
13.0802202225,80.2881622314,29561,29571,10
13.0809297562,80.2883377075,29571,29581,10
13.0811796188,80.2884216309,29581,29591,10
13.0817699432,80.2886276245,29591,29601,10
13.0825395584,80.2889404297,29601,29611,10
13.0833301544,80.2891921997,29611,29621,10
13.0840396881,80.2891769409,29621,29631,10
13.0850000381,80.2891464233,29631,29641,10
13.0860500336,80.289352417,29641,29651,10
13.0870704651,80.2896270752,29651,29662,11
13.0878400803,80.2899398804,29662,29672,10
13.0883998871,80.2901306152,29672,29682,10
13.0888204575,80.2901687622,29682,29692,10
13.0888500214,80.2903137207,29692,29702,10
13.0884199142,80.2902908325,29702,29712,10
13.0876998901,80.2899932861,29712,29722,10
13.0868501663,80.2897186279,29722,29732,10
13.0860004425,80.2895202637,29732,29742,10
13.0855503082,80.2890777588,29742,29752,10
13.0851898193,80.2883377075,29752,29763,11
13.0851602554,80.2871627808,29763,29773,10
13.0852499008,80.285987854,29773,29783,10
13.0853500366,80.2849731445,29783,29793,10
13.085269928,80.2842712402,29793,29803,10
13.0853700638,80.2839202881,29803,29813,10
13.0854501724,80.2836990356,29813,29823,10
13.0856304169,80.2835388184,29823,29833,10
13.0859203339,80.2835464478,29833,29843,10
13.0862102509,80.2835617065,29843,29853,10
13.0865001678,80.2837524414,29853,29863,10
13.0868701935,80.2839431763,29863,29874,11
13.0873003006,80.2839279175,29874,29884,10
13.0876703262,80.2839431763,29884,29995,111
13.088060379,80.2839508057,29995,30368,373
13.088060379,80.2839508057,30368,30389,21
13.0879001617,80.2841186523,30389,30530,141
13.0879001617,80.2837905884,30530,31075,545
13.0879001617,80.2837905884,31075,31085,10
13.0881099701,80.2838134766,31085,31095,10
13.088139534,80.2836532593,31095,31106,11
13.0882797241,80.2833862305,31106,31116,10
13.0882797241,80.282951355,31116,31126,10
13.0882797241,80.2824478149,31126,31136,10
13.0882396698,80.2820510864,31136,31146,10
13.0880699158,80.2816009521,31146,31156,10
13.0882501602,80.2814407349,31156,31166,10
13.0885696411,80.2817306519,31166,31176,10
13.0884599686,80.2823562622,31176,31186,10
13.0883598328,80.2829971313,31186,31196,10
13.0883703232,80.2835617065,31196,31207,11
13.0883998871,80.2843093872,31207,31217,10
13.0884304047,80.2852020264,31217,31247,30
13.0884304047,80.2852020264,31247,31257,10
13.0884399414,80.2853393555,31257,31267,10
13.0884895325,80.2857818604,31267,31277,10
13.0885095596,80.2863006592,31277,31287,10
13.08852005,80.2865982056,31287,31297,10
13.0885601044,80.2871170044,31297,31308,11
13.0885896683,80.2875518799,31308,31318,10
13.088640213,80.2879562378,31318,31328,10
13.0886898041,80.288520813,31328,31338,10
13.0887203217,80.288772583,31338,31348,10
13.0888204575,80.2894287109,31348,31368,20
13.0888204575,80.2894287109,31368,31378,10
13.0888500214,80.2898101807,31378,31388,10
13.088809967,80.2903671265,31388,31398,10
13.088470459,80.2903594971,31398,31408,10
13.0878095627,80.2900466919,31408,31419,11
13.0869398117,80.2896728516,31419,31429,10
13.0858697891,80.2893600464,31429,31439,10
13.0847702026,80.2891998291,31439,31449,10
13.0838499069,80.2892303467,31449,31459,10
13.0830602646,80.2892532349,31459,31469,10
13.0821800232,80.2888793945,31469,31479,10
13.0811195374,80.288482666,31479,31489,10
13.0802097321,80.2882232666,31489,31499,10
13.0800104141,80.288192749,31499,31509,10
13.0796003342,80.2881469727,31509,31520,11
13.0788097382,80.2878417969,31520,31530,10
13.0779104233,80.2875595093,31530,31540,10
13.0768995285,80.2872772217,31540,31550,10
13.0758304596,80.2870025635,31550,31560,10
13.0748901367,80.2864990234,31560,31570,10
13.0741701126,80.2861404419,31570,31580,10
13.0734996796,80.2860031128,31580,31590,10
13.0727300644,80.2856216431,31590,31600,10
13.0717697144,80.2852783203,31600,31610,10
13.0706100464,80.2849731445,31610,31621,11
13.0692996979,80.2846603394,31621,31631,10
13.0682497025,80.2844161987,31631,31641,10
13.0672397614,80.2842636108,31641,31651,10
13.0660896301,80.2839889526,31651,31661,10
13.064909935,80.283706665,31661,31671,10
13.0639801025,80.283493042,31671,31681,10
13.0630598068,80.2832565308,31681,31691,10
13.0625095367,80.2831268311,31691,31701,10
13.0625,80.2831268311,31701,31711,10
13.0622301102,80.2830734253,31711,31721,10
13.061630249,80.2829284668,31721,31732,11
13.0607204437,80.2827377319,31732,31742,10
13.0597200394,80.2825317383,31742,31752,10
13.0586900711,80.2823181152,31752,31762,10
13.057849884,80.2821426392,31762,31772,10
13.0576295853,80.2820968628,31772,31782,10
13.0574197769,80.2820663452,31782,31792,10
13.0569295883,80.2819595337,31792,31802,10
13.0567798615,80.2819290161,31802,31812,10
13.05671978,80.2819137573,31812,31822,10
13.0563001633,80.2818222046,31822,31833,11
13.0554704666,80.2816467285,31833,31843,10
13.0545101166,80.2814483643,31843,31853,10
13.0534200668,80.2812576294,31853,31863,10
13.0523300171,80.2810821533,31863,31873,10
13.051320076,80.2809371948,31873,31883,10
13.0505599976,80.2808380127,31883,31893,10
13.0500001907,80.28074646,31893,31903,10
13.0492296219,80.2806472778,31903,31913,10
13.0483598709,80.2805328369,31913,31923,10
13.0473499298,80.280380249,31923,31934,11
13.0456800461,80.2801589966,31934,31954,20
13.0456800461,80.2801589966,31954,31964,10
13.0453996658,80.280128479,31964,31974,10
13.0447597504,80.2800369263,31974,31984,10
13.0439596176,80.2799224854,31984,31994,10
13.043129921,80.2797622681,31994,32004,10
13.0421199799,80.2795562744,32004,32014,10
13.0409297943,80.2793197632,32014,32024,10
13.0398101807,80.2790603638,32024,32035,11
13.0391597748,80.2788772583,32035,32045,10
13.0390901566,80.2788619995,32045,32055,10
13.0389299393,80.2788085938,32055,32065,10
13.0385198593,80.278678894,32065,32075,10
13.0379800797,80.2785186768,32075,32085,10
13.0374498367,80.2783737183,32085,32095,10
13.0369701385,80.2782211304,32095,32105,10
13.0363903046,80.2779769897,32105,32115,10
13.0358400345,80.2778396606,32115,32125,10
13.0352802277,80.2776870728,32125,32136,11
13.0346403122,80.2776031494,32136,32146,10
13.0339403152,80.2774200439,32146,32186,40
13.0339403152,80.2774200439,32186,32196,10
13.0338497162,80.2773971558,32196,32206,10
13.0335302353,80.2773666382,32206,32216,10
13.0331201553,80.2774810791,32216,32226,10
13.0326099396,80.2775192261,32226,32236,10
13.0320396423,80.2775497437,32236,32247,11
13.0314302444,80.2775802612,32247,32257,10
13.0313196182,80.2775421143,32257,32267,10
13.0311803818,80.2774505615,32267,32277,10
13.0310001373,80.2773132324,32277,32287,10
13.030500412,80.2770309448,32287,32297,10
13.0297498703,80.2767105103,32297,32307,10
13.0290298462,80.276550293,32307,32317,10
13.028380394,80.2763137817,32317,32327,10
13.0276298523,80.2760009766,32327,32337,10
13.02684021,80.275642395,32337,32348,11
13.0262403488,80.2753677368,32348,32358,10
13.025970459,80.2752609253,32358,32368,10
13.0259504318,80.2752532959,32368,32378,10
13.0256996155,80.275138855,32378,32388,10
13.0251998901,80.2749099731,32388,32398,10
13.0246400833,80.2746276855,32398,32408,10
13.0245599747,80.2745666504,32408,32418,10
13.0244197845,80.2744598389,32418,32428,10
13.024140358,80.2741317749,32428,32438,10
13.0237197876,80.2735290527,32438,32449,11
13.0231800079,80.2727966309,32449,32459,10
13.0226202011,80.2720565796,32459,32469,10
13.0214796066,80.2706069946,32469,32479,10
13.0214796066,80.2706069946,32479,32489,10
13.0210599899,80.2700881958,32489,32498,9
13.0209503174,80.2699584961,32498,32509,11
13.0208301544,80.269859314,32509,32519,10
13.0204496384,80.2693634033,32519,32529,10
13.019949913,80.2686767578,32529,32539,10
13.0193796158,80.2679595947,32539,32550,11
13.0190095901,80.267539978,32550,32560,10
13.0187301636,80.266998291,32560,32570,10
13.0186300278,80.2661895752,32570,32580,10
13.0187196732,80.2655410767,32580,32590,10
13.0189800262,80.2646636963,32590,32600,10
13.0190401077,80.2638320923,32600,32610,10
13.018989563,80.263458252,32610,32620,10
13.018910408,80.2630081177,32620,32630,10
13.0188999176,80.262878418,32630,32640,10
13.0188503265,80.2623519897,32640,32651,11
13.0187301636,80.26171875,32651,32661,10
13.0184803009,80.2612228394,32661,32671,10
13.017999649,80.260887146,32671,32681,10
13.017490387,80.260559082,32681,32691,10
13.0169095993,80.2601394653,32691,32701,10
13.0162496567,80.2597732544,32701,32711,10
13.0160598755,80.2596817017,32711,32721,10
13.0156297684,80.2594985962,32721,32731,10
13.0149402618,80.2593383789,32731,32741,10
13.0141401291,80.2592926025,32741,32751,10
13.0132303238,80.2592468262,32751,32762,11
13.0120801926,80.2592010498,32762,32772,10
13.0112600327,80.2591781616,32772,32782,10
13.0105495453,80.2592086792,32782,32792,10
13.0097398758,80.2592010498,32792,32802,10
13.0090198517,80.2592086792,32802,32812,10
13.0087203979,80.2592163086,32812,32822,10
13.0081996918,80.2592163086,32822,32832,10
13.0076303482,80.2593688965,32832,32842,10
13.0073204041,80.2590103149,32842,32851,9
13.0072002411,80.2587738037,32851,32863,12
13.0070695877,80.2585296631,32863,32873,10
13.0067796707,80.2579803467,32873,32883,10
13.0061903,80.25756073,32883,32893,10
13.0055103302,80.2573699951,32893,32903,10
13.0048398972,80.2571868896,32903,32913,10
13.0041999817,80.2570419312,32913,32923,10
13.003569603,80.2569274902,32923,32933,10
13.002699852,80.2567672729,32933,32953,20
13.002699852,80.2567672729,32953,32964,11
13.0024404526,80.2567214966,32964,32974,10
13.0020503998,80.256652832,32974,32984,10
13.001540184,80.2565917969,32984,32994,10
13.0008802414,80.2564926147,32994,33004,10
13.0001296997,80.256362915,33004,33014,10
12.999710083,80.2563323975,33014,33034,20
12.999710083,80.2563323975,33034,33044,10
12.9993801117,80.256187439,33044,33053,9
12.9988698959,80.2561187744,33053,33065,12
12.9986495972,80.2561035156,33065,33075,10
12.998339653,80.2560272217,33075,33085,10
12.9978904724,80.2559585571,33085,33095,10
12.9972496033,80.2559204102,33095,33105,10
12.9968996048,80.2559432983,33105,33115,10
12.9964895248,80.2559432983,33115,33125,10
12.9959897995,80.2558898926,33125,33135,10
12.9955301285,80.255897522,33135,33145,10
12.9949197769,80.2559204102,33145,33155,10
12.9942798615,80.2559661865,33155,33166,11
12.9935398102,80.2560272217,33166,33176,10
12.9925899506,80.2560806274,33176,33186,10
12.9916095734,80.2560806274,33186,33196,10
12.9910697937,80.256072998,33196,33206,10
12.9905195236,80.2560272217,33206,33226,20
12.9905195236,80.2560272217,33226,33236,10
12.9903402328,80.2560119629,33236,33246,10
12.9899597168,80.2560195923,33246,33256,10
12.9895200729,80.2559890747,33256,33267,11
12.9888000488,80.2559509277,33267,33357,90
12.9888000488,80.2559509277,33357,33367,10
12.9886198044,80.2559967041,33367,33378,11
12.9882802963,80.2559280396,33378,33388,10
12.9879198074,80.2558822632,33388,33398,10
12.9875497818,80.255821228,33398,33408,10
12.9872398376,80.2557373047,33408,33418,10
12.987039566,80.2556991577,33418,33428,10
12.9868898392,80.2556762695,33428,33438,10
12.9866399765,80.2556381226,33438,33448,10
12.9863996506,80.2556228638,33448,33529,81
12.9863996506,80.2556228638,33529,33539,10
12.9862804413,80.255569458,33539,33549,10
12.9860401154,80.2555236816,33549,33559,10
12.9857301712,80.2554397583,33559,33569,10
12.9853696823,80.2553405762,33569,33580,11
12.984919548,80.255241394,33580,33590,10
12.9845104218,80.2551116943,33590,33600,10
12.9840497971,80.2550201416,33600,33610,10
12.9838104248,80.2549362183,33610,33620,10
12.9836502075,80.2548904419,33620,33630,10
12.983420372,80.2548522949,33630,33640,10
12.9828996658,80.2546920776,33640,33650,10
12.9822397232,80.25440979,33650,33660,10
12.9819002151,80.2536773682,33660,33670,10
12.9816303253,80.2528762817,33670,33679,9
12.9808301926,80.2527694702,33679,33691,12
12.9798803329,80.252746582,33691,33701,10
12.979180336,80.2526702881,33701,33711,10
12.9784202576,80.2524185181,33711,33721,10
12.9775800705,80.2517166138,33721,33731,10
12.9764099121,80.2511978149,33731,33741,10
12.9751796722,80.2508392334,33741,33751,10
12.9743099213,80.2506027222,33751,33761,10
12.9739198685,80.2504882813,33761,33771,10
12.9734697342,80.2503662109,33771,33781,10
12.9726495743,80.2501525879,33781,33792,11
12.9714899063,80.2498626709,33792,33802,10
12.9702796936,80.2494812012,33802,33812,10
12.969039917,80.2489929199,33812,33822,10
12.9678001404,80.2485198975,33822,33832,10
12.9667301178,80.248046875,33832,33842,10
12.9657402039,80.2476272583,33842,33852,10
12.9650497437,80.2474136353,33852,33862,10
12.9650497437,80.2474212646,33862,33872,10
12.9650001526,80.2474212646,33872,33882,10
12.9645004272,80.2472000122,33882,33893,11
12.9636898041,80.2468795776,33893,33903,10
12.9628200531,80.2464370728,33903,33913,10
12.9617300034,80.2459030151,33913,33923,10
12.9606103897,80.2453765869,33923,33933,10
12.9597501755,80.2450332642,33933,33943,10
12.9595298767,80.2449035645,33943,33953,10
12.9592695236,80.2447814941,33953,33963,10
12.9591197968,80.2446899414,33963,33973,10
12.9585103989,80.244430542,33973,33982,9
12.957859993,80.2441864014,33982,33994,12
12.9568796158,80.243850708,33994,34004,10
12.9563703537,80.2436676025,34004,34014,10
12.9558897018,80.2434234619,34014,34024,10
12.9551801682,80.243057251,34024,34034,10
12.9543600082,80.2427062988,34034,34044,10
12.953669548,80.242401123,34044,34054,10
12.9528903961,80.2421035767,34054,34064,10
12.9520196915,80.2417831421,34064,34074,10
12.9514598846,80.241607666,34074,34084,10
12.951089859,80.2414779663,34084,34094,10
12.950340271,80.2412261963,34094,34105,11
12.9492902756,80.2409133911,34105,34115,10
12.9486999512,80.2406768799,34115,34125,10
12.9479703903,80.2403793335,34125,34135,10
12.9473600388,80.2401275635,34135,34145,10
12.9471502304,80.2400588989,34145,34154,9
12.9469499588,80.239982605,34154,34165,11
12.9462203979,80.2396774292,34165,34175,10
12.9453802109,80.2393035889,34175,34185,10
12.9445896149,80.2385406494,34185,34195,10
12.9438800812,80.2377090454,34195,34206,11
12.9430303574,80.236869812,34206,34216,10
12.9420003891,80.2363967896,34216,34226,10
12.9409999847,80.2361602783,34226,34236,10
12.9402503967,80.2359619141,34236,34246,10
12.9398403168,80.2358093262,34246,34256,10
12.9398202896,80.2358016968,34256,34266,10
12.9395799637,80.2356872559,34266,34276,10
12.9389400482,80.2353973389,34276,34286,10
12.9381999969,80.2350082397,34286,34296,10
12.937330246,80.2345809937,34296,34307,11
12.936340332,80.23412323,34307,34317,10
12.9357700348,80.2339401245,34317,34327,10
12.9357500076,80.2339630127,34327,34337,10
12.9356002808,80.2342834473,34337,34347,10
12.9353904724,80.2349395752,34347,34357,10
12.9352197647,80.2353591919,34357,34367,10
12.9350404739,80.2354431152,34367,34377,10
12.9347295761,80.2352981567,34377,34387,10
12.9342603683,80.2351074219,34387,34396,9
12.9339399338,80.2350311279,34396,34408,12
12.9337396622,80.2355728149,34408,34418,10
12.9336004257,80.2361068726,34418,34428,10
12.9333696365,80.2361907959,34428,34448,20
12.9333696365,80.2361907959,34448,34458,10
12.9331197739,80.2361373901,34458,34468,10
12.9330501556,80.2361373901,34468,34478,10
12.9329996109,80.2362365723,34478,34488,10
12.932970047,80.2365188599,34488,34498,10
12.9328403473,80.2370910645,34498,34509,11
12.9327297211,80.2373886108,34509,34519,10
12.932510376,80.2379302979,34519,34529,10
12.9323101044,80.2384567261,34529,34539,10
12.9321403503,80.2387008667,34539,34549,10
12.9315900803,80.2386474609,34549,34559,10
12.9312601089,80.2385635376,34559,34569,10
12.930970192,80.2384567261,34569,34579,10
12.9303998947,80.2382583618,34579,34589,10
12.9298095703,80.23802948,34589,34599,10
12.9295597076,80.2381820679,34599,34609,10
12.9294595718,80.2385406494,34609,34620,11
12.9293403625,80.2389678955,34620,34630,10
12.9290800095,80.2389984131,34630,34640,10
12.9285898209,80.2388916016,34640,34650,10
12.928560257,80.2388763428,34650,34660,10
12.9284000397,80.2388534546,34660,34670,10
12.9280395508,80.2387390137,34670,34680,10
12.9275302887,80.2386169434,34680,34690,10
12.9269800186,80.2384872437,34690,34700,10
12.9266796112,80.2384185791,34700,34710,10
12.9260797501,80.2382736206,34710,34721,11
12.9255399704,80.2381286621,34721,34731,10
12.925239563,80.2380523682,34731,34741,10
12.9248800278,80.2381362915,34741,34751,10
12.925160408,80.238319397,34751,35387,636
12.925160408,80.238319397,35387,35397,10
12.9253997803,80.2383422852,35397,35407,10
12.9257698059,80.238243103,35407,35528,121
12.9257698059,80.238243103,35528,35538,10
12.925909996,80.2381973267,35538,35549,11
12.9264698029,80.2383422852,35549,35559,10
12.9271202087,80.2385025024,35559,35569,10
12.9276695251,80.2386322021,35569,35579,10
12.928150177,80.2387466431,35579,35599,20
12.928150177,80.2387466431,35599,35609,10
12.9282999039,80.2388000488,35609,35619,10
12.9285898209,80.2388763428,35619,35629,10
12.9287595749,80.2389221191,35629,35638,9
12.9290599823,80.2389907837,35638,35650,12
12.9293298721,80.2389297485,35650,35660,10
12.9293498993,80.2388381958,35660,35670,10
12.9294595718,80.2384490967,35670,35680,10
12.9295902252,80.23802948,35680,35690,10
12.9299001694,80.2380065918,35690,35700,10
12.9303598404,80.2381896973,35700,35710,10
12.9310798645,80.2384567261,35710,35730,20
12.9310798645,80.2384567261,35730,35740,10
12.9311704636,80.2385101318,35740,35751,11
12.9314403534,80.238609314,35751,35761,10
12.9318599701,80.2387313843,35761,35771,10
12.9322004318,80.2385864258,35771,35781,10
12.9323196411,80.2382736206,35781,35791,10
12.932510376,80.23777771,35791,35801,10
12.9327096939,80.2372589111,35801,35811,10
12.9328203201,80.2369766235,35811,35821,10
12.9329395294,80.2366333008,35821,35831,10
12.932970047,80.236289978,35831,35841,10
12.9330701828,80.2360916138,35841,35851,10
12.9333696365,80.2361602783,35851,35862,11
12.9336004257,80.2360916138,35862,35872,10
12.9336996078,80.2356109619,35872,35892,20
12.9336996078,80.2356109619,35892,35902,10
12.9337596893,80.2354431152,35902,35912,10
12.9338798523,80.2350082397,35912,35922,10
12.9342403412,80.2350921631,35922,35932,10
12.9346904755,80.2352828979,35932,35942,10
12.9348602295,80.2353515625,35942,35952,10
12.9350500107,80.2354507446,35952,35963,11
12.9351701736,80.2352600098,35963,35973,10
12.9353199005,80.23487854,35973,35983,10
12.935549736,80.2343292236,35983,35993,10
12.9357500076,80.2338409424,35993,36013,20
12.9357500076,80.2338409424,36013,36023,10
12.9359502792,80.2337265015,36023,36033,10
12.9364004135,80.2339630127,36033,36043,10
12.9371004105,80.2342987061,36043,36053,10
12.9378595352,80.2346801758,36053,36064,11
12.9388799667,80.2351913452,36064,36074,10
12.9395904541,80.2355422974,36074,36084,10
12.9397001266,80.2356033325,36084,36094,10
12.9398202896,80.2356414795,36094,36104,10
12.9402599335,80.2358169556,36104,36114,10
12.9409999847,80.2360229492,36114,36124,10
12.941860199,80.2362289429,36124,36134,10
12.94272995,80.2365188599,36134,36144,10
12.9434299469,80.2370376587,36144,36154,10
12.943980217,80.2376480103,36154,36164,10
12.9446401596,80.2384033203,36164,36175,11
12.9455795288,80.2392501831,36175,36185,10
12.9465503693,80.2396621704,36185,36195,10
12.9473800659,80.239982605,36195,36306,111
12.9473800659,80.239982605,36306,36316,10
12.9475002289,80.2400283813,36316,36326,10
12.9478597641,80.2401885986,36326,36336,10
12.948220253,80.2403488159,36336,36346,10
12.9485301971,80.2404632568,36346,36356,10
12.9489202499,80.2406082153,36356,36365,9
12.9493999481,80.2408065796,36365,36377,12
12.9501800537,80.241027832,36377,36387,10
12.9505195618,80.2411270142,36387,36397,10
12.9506597519,80.2411880493,36397,36407,10
12.950799942,80.2412261963,36407,36417,10
12.9511404037,80.2413635254,36417,36427,10
12.9516401291,80.2415313721,36427,36437,10
12.9522800446,80.2417602539,36437,36447,10
12.9530496597,80.2420501709,36447,36457,10
12.9536600113,80.2422866821,36457,36477,20
12.9536600113,80.2422866821,36477,36488,11
12.9539203644,80.2423934937,36488,36498,10
12.954460144,80.2425994873,36498,36508,10
12.955039978,80.2428283691,36508,36518,10
12.9556303024,80.2430267334,36518,36528,10
12.9558200836,80.2430877686,36528,36538,10
12.9559898376,80.2431488037,36538,36599,61
12.9559898376,80.2431488037,36599,36609,10
12.956319809,80.2433013916,36609,36619,10
12.956580162,80.2434005737,36619,36629,10
12.9572401047,80.2436981201,36629,36639,10
12.9579401016,80.2440109253,36639,36649,10
12.9585399628,80.2442779541,36649,36669,20
12.9585399628,80.2442779541,36669,36679,10
12.9587402344,80.2444229126,36679,36690,11
12.9590797424,80.2445907593,36690,36700,10
12.9594898224,80.2447662354,36700,36710,10
12.960149765,80.2450790405,36710,36720,10
12.9609899521,80.2454528809,36720,36730,10
12.9619102478,80.2458877563,36730,36740,10
12.962849617,80.2463531494,36740,36791,51
12.962849617,80.2463531494,36791,36801,10
12.9629802704,80.2464599609,36801,36811,10
12.9632396698,80.2465896606,36811,36821,10
12.963470459,80.246711731,36821,36831,10
12.9637699127,80.2468338013,36831,36841,10
12.96434021,80.2470169067,36841,36851,10
12.9651002884,80.2472686768,36851,36861,10
12.9658203125,80.2474899292,36861,36871,10
12.9659795761,80.2475509644,36871,36881,10
12.9660997391,80.2476119995,36881,36891,10
12.9663000107,80.2476882935,36891,36902,11
12.9666404724,80.2478485107,36902,36922,20
12.9666404724,80.2478485107,36922,36932,10
12.9667901993,80.2479095459,36932,36942,10
12.9671297073,80.2480773926,36942,36952,10
12.9677600861,80.2483596802,36952,36962,10
12.9683704376,80.2485961914,36962,36972,10
12.9691400528,80.2489089966,36972,36982,10
12.9700899124,80.2492980957,36982,36992,10
12.9711503983,80.2496795654,36992,37003,11
12.9724397659,80.2500305176,37003,37013,10
12.9734802246,80.2503128052,37013,37023,10
12.9743499756,80.250541687,37023,37033,10
12.9753398895,80.2508163452,37033,37043,10
12.9764204025,80.251121521,37043,37053,10
12.977399826,80.2514801025,37053,37063,10
12.9781799316,80.2520828247,37063,37073,10
12.9785499573,80.2523193359,37073,37083,10
12.978679657,80.2523880005,37083,37093,10
12.9792404175,80.2525482178,37093,37104,11
12.9798498154,80.2525863647,37104,37154,50
12.9798498154,80.2525863647,37154,37164,10
12.9800701141,80.2526321411,37164,37174,10
12.9805297852,80.2526168823,37174,37184,10
12.9812202454,80.2525863647,37184,37194,10
12.9820899963,80.2525634766,37194,37204,10
12.9831495285,80.2524795532,37204,37215,11
12.9842996597,80.2521972656,37215,37538,323
12.9842996597,80.2521972656,37538,37548,10
12.9843502045,80.2521972656,37548,37558,10
12.9846897125,80.2520980835,37558,37568,10
12.9852800369,80.251953125,37568,37780,212
12.9852800369,80.251953125,37780,37790,10
12.9854001999,80.2518692017,37790,37800,10
12.9857301712,80.2517929077,37800,37810,10
12.9861001968,80.251701355,37810,37820,10
12.9866104126,80.2515869141,37820,37831,11
12.9872398376,80.251411438,37831,37841,10
12.987660408,80.2513198853,37841,37851,10
12.9878902435,80.2514801025,37851,37861,10
12.9879598618,80.2517471313,37861,37871,10
12.9880304337,80.252166748,37871,37881,10
12.9879798889,80.2527618408,37881,37891,10
12.9878997803,80.2535476685,37891,37901,10
12.9878101349,80.2544631958,37901,37911,10
12.987739563,80.2557067871,37911,37962,51
12.987739563,80.2557067871,37962,37972,10
12.987859726,80.2558135986,37972,37982,10
12.9880199432,80.2558364868,37982,37992,10
12.9882698059,80.2558670044,37992,38002,10
12.9887399673,80.2558898926,38002,38022,20
12.9887399673,80.2558898926,38022,38031,9
12.9888896942,80.255897522,38031,38043,12
12.9895095825,80.2559509277,38043,38053,10
12.9901199341,80.2560195923,38053,38063,10
12.9904899597,80.2559890747,38063,38073,10
12.9910697937,80.2559967041,38073,38083,10
12.991900444,80.2560195923,38083,38093,10
12.9928798676,80.2559967041,38093,38103,10
12.9935998917,80.2559509277,38103,38113,10
12.9941997528,80.2559509277,38113,38123,10
12.9950399399,80.2558822632,38123,38133,10
12.9957504272,80.2558822632,38133,38144,11
12.9962100983,80.2558822632,38144,38154,10
12.9965400696,80.2558517456,38154,38194,40
12.9965400696,80.2558517456,38194,38204,10
12.9966802597,80.2557907104,38204,38214,10
12.9969396591,80.2557983398,38214,38224,10
12.9972696304,80.255821228,38224,38233,9
12.9976797104,80.2558822632,38233,38244,11
12.9983301163,80.255897522,38244,38255,11
12.9990100861,80.2559967041,38255,38295,40
12.9990100861,80.2559967041,38295,38305,10
12.999250412,80.2560272217,38305,38315,10
12.9996500015,80.2561264038,38315,38325,10
13.000169754,80.2562637329,38325,38335,10
13.000670433,80.2563705444,38335,38345,10
13.0010099411,80.2564315796,38345,38356,11
13.001449585,80.2565002441,38356,38366,10
13.0018196106,80.2565917969,38366,38376,10
13.0022802353,80.2566375732,38376,38386,10
13.0026597977,80.2566986084,38386,38396,10
13.003279686,80.2568206787,38396,38406,10
13.0040903091,80.256980896,38406,38416,10
13.0047397614,80.2571105957,38416,38426,10
13.0053901672,80.2572021484,38426,38436,10
13.005689621,80.25730896,38436,38477,41
13.005689621,80.25730896,38477,38487,10
13.0059604645,80.2573699951,38487,38497,10
13.0062103271,80.2574005127,38497,38507,10
13.0065698624,80.2574768066,38507,38517,10
13.0068798065,80.2578811646,38517,38527,10
13.007229805,80.2583389282,38527,38537,10
13.0078601837,80.2587127686,38537,38546,9
13.0084295273,80.2588882446,38546,38558,12
13.0085401535,80.2589416504,38558,38568,10
13.0086097717,80.2589874268,38568,38578,10
13.0090198517,80.2590484619,38578,38588,10
13.0097503662,80.2590408325,38588,38598,10
13.01060009,80.2590484619,38598,38608,10
13.0115499496,80.2590332031,38608,38618,10
13.0125703812,80.2590637207,38618,38628,10
13.0137395859,80.2591094971,38628,38638,10
13.0148801804,80.259147644,38638,38648,10
13.0157604218,80.2592926025,38648,38657,9
13.0161895752,80.2594604492,38657,38669,12
13.0163002014,80.259552002,38669,38679,10
13.0163497925,80.2596206665,38679,38689,10
13.0166797638,80.2598800659,38689,38699,10
13.0171499252,80.2601699829,38699,38709,10
13.0177297592,80.2605514526,38709,38719,10
13.0182504654,80.2609176636,38719,38729,10
13.0188503265,80.2613830566,38729,38739,10
13.0194501877,80.2619018555,38739,38749,10
13.0200300217,80.262512207,38749,38759,10
13.0203399658,80.2629470825,38759,38770,11
13.0199298859,80.2629928589,38770,38780,10
13.0193500519,80.2629470825,38780,38790,10
13.0190000534,80.2631225586,38790,38800,10
13.019109726,80.2638397217,38800,38810,10
13.0190095901,80.2647476196,38810,38820,10
13.0188398361,80.2653579712,38820,38830,10
13.018699646,80.2659072876,38830,38840,10
13.0187501907,80.266746521,38840,38850,10
13.0191001892,80.2675476074,38850,38859,9
13.0196399689,80.2682189941,38859,38871,12
13.020359993,80.2691268921,38871,38881,10
13.0208797455,80.2697219849,38881,38891,10
13.0214004517,80.2703170776,38891,38901,10
13.0215301514,80.2704772949,38901,38911,10
13.0217695236,80.2708129883,38911,38921,10
13.0221796036,80.2713394165,38921,38931,10
13.0226898193,80.2720031738,38931,38941,10
13.0232400894,80.2727432251,38941,38951,10
13.0237503052,80.2734298706,38951,38972,21
13.0237503052,80.2734298706,38972,38982,10
13.0238103867,80.2734680176,38982,38992,10
13.0240402222,80.2737731934,38992,39002,10
13.0242996216,80.2741470337,39002,39012,10
13.0247001648,80.2745666504,39012,39022,10
13.0252199173,80.274810791,39022,39032,10
13.0253801346,80.2748794556,39032,39042,10
13.0254201889,80.2749176025,39042,39052,10
13.0256996155,80.2750473022,39052,39062,10
13.0260400772,80.2751922607,39062,39071,9
13.0264196396,80.2753677368,39071,39083,12
13.0269699097,80.2756195068,39083,39093,10
13.0274600983,80.2758636475,39093,39103,10
13.0280303955,80.2760772705,39103,39113,10
13.0285596848,80.2763137817,39113,39123,10
13.0289697647,80.2764511108,39123,39133,10
13.0294799805,80.2766036987,39133,39143,10
13.029999733,80.2767410278,39143,39153,10
13.0306100845,80.2770385742,39153,39163,10
13.0313396454,80.2774581909,39163,39173,10
13.0320396423,80.2775115967,39173,39184,11
13.03221035,80.2774810791,39184,39194,10
13.0327501297,80.2774429321,39194,39214,20
13.0327501297,80.2774429321,39214,39224,10
13.0328502655,80.2774887085,39224,39234,10
13.0332698822,80.2773971558,39234,39244,10
13.0337095261,80.2773666382,39244,39254,10
13.0343599319,80.2775421143,39254,39264,10
13.0350704193,80.2776565552,39264,39274,10
13.0356903076,80.2777709961,39274,39284,10
13.036359787,80.2778930664,39284,39295,11
13.036939621,80.2781066895,39295,39305,10
13.0374403,80.2782821655,39305,39315,10
13.0382003784,80.2784805298,39315,39325,10
13.0388402939,80.2786483765,39325,39335,10
13.0389499664,80.2787017822,39335,39345,10
13.039270401,80.2788085938,39345,39355,10
13.0399103165,80.2789916992,39355,39365,10
13.0407800674,80.2792205811,39365,39375,10
13.0417499542,80.2793884277,39375,39385,10
13.0426797867,80.2795028687,39385,39396,11
13.0434398651,80.2796325684,39396,39406,10
13.0440597534,80.279800415,39406,39416,10
13.0446195602,80.2798919678,39416,39426,10
13.0453500748,80.2799987793,39426,39436,10
13.045630455,80.2800369263,39436,39446,10
13.0457000732,80.2800369263,39446,39456,10
13.0461397171,80.2801208496,39456,39466,10
13.0468797684,80.2802276611,39466,39476,10
13.0478200912,80.280380249,39476,39485,9
13.0486297607,80.2805023193,39485,39497,12
13.0497198105,80.2806472778,39497,39507,10
13.0505104065,80.2807617188,39507,39517,10
13.0509901047,80.2808303833,39517,39527,10
13.0515203476,80.2809066772,39527,39537,10
13.0522499084,80.2810211182,39537,39547,10
13.0530595779,80.2811431885,39547,39557,10
13.0541200638,80.2813415527,39557,39567,10
13.0552797318,80.2815628052,39567,39577,10
13.0563802719,80.28175354,39577,39608,31
13.0563802719,80.28175354,39608,39618,10
13.056520462,80.281791687,39618,39628,10
13.0569696426,80.281867981,39628,39638,10
13.0572299957,80.2819213867,39638,39648,10
13.0577402115,80.2820205688,39648,39658,10
13.0585098267,80.2821807861,39658,39668,10
13.0593395233,80.282371521,39668,39678,10
13.0602998734,80.2825622559,39678,39688,10
13.0612897873,80.2827606201,39688,39698,10
13.0622901917,80.2829818726,39698,39709,11
13.0630102158,80.2831192017,39709,39729,20
13.0630102158,80.2831192017,39729,39739,10
13.0633497238,80.2832565308,39739,39749,10
13.0639896393,80.2834091187,39749,39810,61
13.0639896393,80.2834091187,39810,39820,10
13.0642700195,80.2834777832,39820,39830,10
13.0649595261,80.2836303711,39830,39840,10
13.0659303665,80.2838363647,39840,39850,10
13.0671100616,80.2841033936,39850,39860,10
13.0682001114,80.2842788696,39860,39870,10
13.0691299438,80.2845001221,39870,39880,10
13.0701398849,80.2847595215,39880,39890,10
13.0712604523,80.2850494385,39890,39900,10
13.0724201202,80.2853393555,39900,39911,11
13.073390007,80.2853317261,39911,39921,10
13.0740203857,80.28565979,39921,39931,10
13.074669838,80.2862625122,39931,39941,10
13.0755796432,80.286819458,39941,39951,10
13.0767202377,80.2871780396,39951,39961,10
13.0778799057,80.2874908447,39961,39971,10
13.0789604187,80.2877807617,39971,39981,10
13.0798397064,80.2880630493,39981,39991,10
13.0805597305,80.2882080078,39991,40001,10
13.0808296204,80.2882614136,40001,40012,11
13.0808401108,80.2882614136,40012,40022,10
13.0811901093,80.2884063721,40022,40032,10
13.0818996429,80.2886505127,40032,40042,10
13.0826997757,80.2889862061,40042,40052,10
13.0835199356,80.2891464233,40052,40062,10
13.0843400955,80.2891235352,40062,40072,10
13.0853996277,80.2891769409,40072,40082,10
13.0865402222,80.2894897461,40082,40092,10
13.0874500275,80.2897796631,40092,40102,10
13.0881595612,80.2900695801,40102,40113,11
13.0887203217,80.2901306152,40113,40123,10
13.0887498856,80.2901306152,40123,40133,10
13.0888500214,80.2903137207,40133,40143,10
13.0885896683,80.290397644,40143,40153,10
13.0881595612,80.2901916504,40153,40163,10
13.0875797272,80.2899627686,40163,40173,10
13.0868196487,80.2897262573,40173,40183,10
13.0862998962,80.2895812988,40183,40193,10
13.0857801437,80.2894515991,40193,40203,10
13.0854501724,80.2889404297,40203,40213,10
13.0851402283,80.2881393433,40213,40224,11
13.0851202011,80.2872161865,40224,40234,10
13.0852003098,80.2863388062,40234,40244,10
13.085269928,80.2855072021,40244,40254,10
13.0853204727,80.2846603394,40254,40262,8
13.0857896805,80.283531189,40262,40333,71
13.0857896805,80.283531189,40333,40353,20
13.0864896774,80.2837219238,40353,40363,10
13.0869197845,80.2839202881,40363,40373,10
13.0873203278,80.2839126587,40373,40383,10
13.0876703262,80.2839431763,40383,40393,10
13.0878801346,80.2839279175,40393,40403,10
13.0881204605,80.283782959,40403,41120,717
13.0882101059,80.2837219238,41120,41161,41
13.0882101059,80.2837219238,41161,41171,10
13.0880899429,80.2839431763,41171,41262,91
13.0880899429,80.2839431763,41262,41272,10
13.0881996155,80.2835769653,41272,41282,10
13.0882902145,80.2835083008,41282,41292,10
13.0882902145,80.283241272,41292,41302,10
13.0882902145,80.2828063965,41302,41312,10
13.0882701874,80.2824630737,41312,41322,10
13.0882396698,80.2822418213,41322,41332,10
13.0881595612,80.2819366455,41332,41342,10
13.088060379,80.2814865112,41342,41352,10
13.0883197784,80.2814788818,41352,41362,10
13.0885696411,80.2816772461,41362,41373,11
13.0885000229,80.2821273804,41373,41383,10
13.0884199142,80.2825469971,41383,41393,10
13.0883798599,80.2831192017,41393,41403,10
13.0883903503,80.2836303711,41403,41413,10
13.0883903503,80.2839431763,41413,41423,10
13.0884199142,80.2844467163,41423,41433,10
13.0884504318,80.2849502563,41433,41494,61
13.0884504318,80.2849502563,41494,41504,10
13.0884103775,80.2850418091,41504,41514,10
13.0884399414,80.2853622437,41514,41524,10
13.0884599686,80.2856903076,41524,41534,10
13.0884895325,80.2860794067,41534,41544,10
13.08852005,80.2864608765,41544,41554,10
13.088549614,80.286819458,41554,41564,10
13.0885801315,80.2873382568,41564,41575,11
13.0886001587,80.2875518799,41575,41585,10
13.0886297226,80.2879486084,41585,41595,10
13.0886898041,80.288482666,41595,41605,10
13.0887098312,80.2887115479,41605,41615,10
13.0887804031,80.2892227173,41615,41625,10
13.0888004303,80.2893829346,41625,41635,10
13.0888299942,80.2896499634,41635,41645,10
13.0888500214,80.2900695801,41645,41655,10
13.0888299942,80.2903366089,41655,41665,10
13.0885696411,80.2903900146,41665,41675,10
13.0880804062,80.2901611328,41675,41686,11
13.087389946,80.2898406982,41686,41696,10
13.0865802765,80.2895507813,41696,41706,10
13.0854997635,80.2892913818,41706,41716,10
13.0844898224,80.2891693115,41716,41726,10
13.0836296082,80.2891921997,41726,41736,10
13.0828399658,80.2891464233,41736,41746,10
13.0819597244,80.288772583,41746,41756,10
13.0810003281,80.2884597778,41756,41766,10
13.0803403854,80.288269043,41766,41776,10
13.080280304,80.2882614136,41776,41787,11
13.0801401138,80.2882080078,41787,41797,10
13.0799598694,80.288192749,41797,41807,10
13.0794200897,80.2880935669,41807,41817,10
13.0787601471,80.2878036499,41817,41827,10
13.0779695511,80.2875671387,41827,41837,10
13.0771503448,80.2873535156,41837,41847,10
13.0761499405,80.2871017456,41847,41857,10
13.0750703812,80.2866134644,41857,41867,10
13.0740003586,80.2861099243,41867,41877,10
13.0729904175,80.2857971191,41877,41887,10
13.071969986,80.2853317261,41887,41898,11
13.0706501007,80.2849884033,41898,41908,10
13.0694198608,80.2846984863,41908,41918,10
13.0683202744,80.2844390869,41918,41928,10
13.0678501129,80.2843704224,41928,41948,20
13.0678501129,80.2843704224,41948,41958,10
13.0675601959,80.2843399048,41958,41968,10
13.0668697357,80.2842025757,41968,41978,10
13.0659704208,80.2839889526,41978,41987,9
13.0651702881,80.2837982178,41987,41999,12
13.0641098022,80.2835388184,41999,42009,10
13.063249588,80.2833099365,42009,42019,10
13.0625896454,80.2831573486,42019,42029,10
13.0625095367,80.2831420898,42029,42039,10
13.0624198914,80.2830963135,42039,42049,10
13.061920166,80.2829971313,42049,42059,10
13.0611495972,80.2828521729,42059,42069,10
13.0604200363,80.282699585,42069,42079,10
13.0597000122,80.2825469971,42079,42089,10
13.0587596893,80.2823486328,42089,42100,11
13.0578699112,80.2821731567,42100,42110,10
13.0574102402,80.282081604,42110,42120,10
13.0569000244,80.2819671631,42120,42130,10
13.0567102432,80.2819366455,42130,42140,10
13.0566902161,80.2819290161,42140,42150,10
13.0563001633,80.2818527222,42150,42160,10
13.0556402206,80.2817001343,42160,42170,10
13.0548601151,80.2815475464,42170,42180,10
13.0540103912,80.2813720703,42180,42190,10
13.0530195236,80.281211853,42190,42201,11
13.0520200729,80.2810592651,42201,42211,10
13.0511598587,80.2809371948,42211,42221,10
13.050359726,80.2808074951,42221,42231,10
13.0494499207,80.2806777954,42231,42241,10
13.0485200882,80.2805404663,42241,42251,10
13.0475997925,80.2804031372,42251,42261,10
13.0466403961,80.2802734375,42261,42271,10
13.0457897186,80.2801589966,42271,42281,10
13.0456495285,80.2801513672,42281,42291,10
13.0452604294,80.280090332,42291,42301,10
13.0445604324,80.2799987793,42301,42312,11
13.0439195633,80.2798995972,42312,42322,10
13.0435304642,80.279838562,42322,42332,10
13.0429601669,80.2797088623,42332,42342,10
13.0420799255,80.2795410156,42342,42352,10
13.0410203934,80.2793426514,42352,42362,10
13.040019989,80.2790985107,42362,42372,10
13.0392103195,80.2789077759,42372,42382,10
13.0390300751,80.2788619995,42382,42392,10
13.038649559,80.2787322998,42392,42402,10
13.0380001068,80.2785110474,42402,42413,11
13.0373802185,80.2783279419,42413,42423,10
13.0368700027,80.2781829834,42423,42433,10
13.0363302231,80.2779693604,42433,42443,10
13.0358800888,80.27784729,42443,42453,10
13.0356798172,80.2777786255,42453,42463,10
13.0354700089,80.2777786255,42463,42473,10
13.0351800919,80.2777099609,42473,42483,10
13.0350704193,80.277671814,42483,42493,10
13.0347995758,80.2776489258,42493,42503,10
13.0345096588,80.2775878906,42503,42514,11
13.0339698792,80.2774505615,42514,42524,10
13.0335597992,80.2773971558,42524,42534,10
13.0333595276,80.2774505615,42534,42544,10
13.0330495834,80.2775115967,42544,42554,10
13.0325403214,80.2775268555,42554,42574,20
13.0325403214,80.2775268555,42574,42584,10
13.0321998596,80.277557373,42584,42594,10
13.0318698883,80.2776031494,42594,42604,10
13.0310001373,80.2773590088,42604,42625,21
13.0310001373,80.2773590088,42625,42635,10
13.0309400558,80.2773208618,42635,42645,10
13.0305595398,80.2771224976,42645,42655,10
13.0300302505,80.2768936157,42655,42665,10
13.0293197632,80.2766799927,42665,42675,10
13.0286598206,80.2764892578,42675,42685,10
13.0278596878,80.2761535645,42685,42695,10
13.0272598267,80.2758789063,42695,42705,10
13.0265703201,80.2755584717,42705,42715,10
13.0259799957,80.2752914429,42715,42726,11
13.0259399414,80.2752685547,42726,42736,10
13.0255804062,80.275100708,42736,42746,10
13.024939537,80.2748031616,42746,42756,10
13.0243997574,80.2745132446,42756,42766,10
13.0240802765,80.2741165161,42766,42776,10
13.0237598419,80.2736663818,42776,42786,10
13.0233001709,80.2730331421,42786,42796,10
13.0227804184,80.2723007202,42796,42806,10
13.022190094,80.2715377808,42806,42816,10
13.02161026,80.2707824707,42816,42827,11
13.0210399628,80.270111084,42827,42837,10
13.0208597183,80.2699203491,42837,42847,10
13.0207004547,80.2697372437,42847,42857,10
13.0204000473,80.2693405151,42857,42867,10
13.0199403763,80.2688064575,42867,42877,10
13.0194702148,80.2681884766,42877,42887,10
13.0189800262,80.2676010132,42887,42897,10
13.0186901093,80.2668762207,42897,42907,10
13.0186195374,80.2660827637,42907,42917,10
13.0187501907,80.2654266357,42917,42928,11
13.0190000534,80.2646102905,42928,42938,10
13.0190401077,80.2638473511,42938,42948,10
13.0190095901,80.2634887695,42948,42958,10
13.0189304352,80.2630081177,42958,42968,10
13.0188398361,80.2622070313,42968,42978,10
13.0186901093,80.2613677979,42978,42988,10
13.0180501938,80.2609405518,42988,42998,10
13.0175199509,80.2605667114,42998,43008,10
13.0171804428,80.2603302002,43008,43018,10
13.016699791,80.260017395,43018,43028,10
13.0161104202,80.259727478,43028,43039,11
13.0160102844,80.2596817017,43039,43049,10
13.0156497955,80.2595367432,43049,43059,10
13.0150299072,80.2593765259,43059,43069,10
13.0142698288,80.2593231201,43069,43079,10
13.0133895874,80.2592773438,43079,43089,10
13.0124397278,80.2592391968,43089,43099,10
13.0116300583,80.2592086792,43099,43109,10
13.0109195709,80.2591934204,43109,43119,10
13.0101804733,80.2592391968,43119,43129,10
13.0093803406,80.2592163086,43129,43140,11
13.0089101791,80.2592086792,43140,43150,10
13.0087099075,80.2592086792,43150,43160,10
13.0082597733,80.2591781616,43160,43170,10
13.0076398849,80.2593612671,43170,43180,10
13.0071897507,80.2587280273,43180,43210,30
13.0071897507,80.2587280273,43210,43220,10
13.0070695877,80.2585525513,43220,43229,9
13.0069599152,80.258392334,43229,43241,12
13.0068302155,80.2581329346,43241,43251,10
13.0066604614,80.2578582764,43251,43271,20
13.0066604614,80.2578582764,43271,43281,10
13.0064401627,80.2575836182,43281,43291,10
13.0061197281,80.2574462891,43291,43301,10
13.0054197311,80.2573165894,43301,43311,10
13.00522995,80.2571792603,43311,43321,10
13.0047702789,80.2571563721,43321,43382,61
13.0047702789,80.2571563721,43382,43392,10
13.004360199,80.2571487427,43392,43432,40
13.0039596558,80.2570266724,43432,43503,71
13.0039596558,80.2570266724,43503,43513,10
13.0035800934,80.256980896,43513,43523,10
13.0034399033,80.2569122314,43523,43533,10
13.0032701492,80.2568511963,43533,43543,10
13.0030899048,80.2568206787,43543,43554,11
13.0030498505,80.2568206787,43554,43564,10
13.0028095245,80.2567901611,43564,43624,60
13.0028095245,80.2567901611,43624,43634,10
13.0022602081,80.2566680908,43634,43644,10
13.0017595291,80.2566223145,43644,43654,10
13.0009803772,80.2565231323,43654,43665,11
13.000120163,80.2564086914,43665,43675,10
12.999540329,80.2562866211,43675,43705,30
12.999540329,80.2562866211,43705,43715,10
12.9991703033,80.2562179565,43715,43725,10
12.99862957,80.2561264038,43725,43735,10
12.9984998703,80.2561035156,43735,43745,10
12.9983901978,80.2560272217,43745,43755,10
12.9980401993,80.2559509277,43755,43766,11
12.9973697662,80.2559204102,43766,43776,10
12.9968595505,80.2559204102,43776,43786,10
12.9964895248,80.2559204102,43786,43796,10
12.9961700439,80.2559204102,43796,43806,10
12.9959402084,80.2559127808,43806,43816,10
12.9956502914,80.2559432983,43816,43826,10
12.9952497482,80.2559661865,43826,43836,10
12.9946899414,80.2559509277,43836,43846,10
12.9941701889,80.2560195923,43846,43856,10
12.9935398102,80.2560806274,43856,43867,11
12.9926700592,80.2561264038,43867,43877,10
12.9919204712,80.2561187744,43877,43887,10
12.991230011,80.2560806274,43887,43897,10
12.9905395508,80.2560501099,43897,43907,10
12.9897499084,80.2560501099,43907,43917,10
12.988820076,80.2559585571,43917,43927,10
12.9878196716,80.2558364868,43927,43937,10
12.9871301651,80.2557067871,43937,43947,10
12.9864597321,80.255607605,43947,43957,10
12.9861698151,80.255569458,43957,43966,9
12.9861402512,80.2555618286,43966,43978,12
12.9860496521,80.255531311,43978,43988,10
12.9856700897,80.2554321289,43988,43998,10
12.9849500656,80.255279541,43998,44008,10
12.984000206,80.2550582886,44008,44018,10
12.9832401276,80.2548370361,44018,44028,10
12.9826202393,80.2546768188,44028,44038,10
12.9821300507,80.2543411255,44038,44048,10
12.9819898605,80.2540206909,44048,44058,10
12.981880188,80.2536468506,44058,44068,10
12.9817495346,80.2531433105,44068,44079,11
12.9811897278,80.2528076172,44079,44089,10
12.9804096222,80.2528076172,44089,44099,10
12.9797296524,80.2527618408,44099,44109,10
12.9789600372,80.2526702881,44109,44119,10
12.9785995483,80.2525863647,44119,44129,10
12.9783697128,80.252456665,44129,44139,10
12.9778699875,80.2520294189,44139,44149,10
12.9771099091,80.2514419556,44149,44159,10
12.975979805,80.2510681152,44159,44169,10
12.9747495651,80.2507171631,44169,44180,11
12.9733695984,80.2503433228,44180,44190,10
12.9720802307,80.2500228882,44190,44200,10
12.9707698822,80.249671936,44200,44210,10
12.9694595337,80.2491989136,44210,44220,10
12.9681596756,80.2486572266,44220,44230,10
12.9670095444,80.2481689453,44230,44240,10
12.9661502838,80.2477722168,44240,44250,10
12.965259552,80.2474365234,44250,44260,10
12.964969635,80.2473602295,44260,44270,10
12.9648599625,80.2472991943,44270,44280,10
12.9645595551,80.2471923828,44280,44291,11
12.9640197754,80.2469787598,44291,44311,20
12.9640197754,80.2469787598,44311,44321,10
12.9639501572,80.246963501,44321,44331,10
12.9635696411,80.2468032837,44331,44341,10
12.9629201889,80.2464904785,44341,44351,10
12.9621896744,80.24609375,44351,44361,10
12.9613599777,80.2456970215,44361,44371,10
12.9605102539,80.245300293,44371,44381,10
12.9598503113,80.245010376,44381,44392,11
12.959400177,80.2448272705,44392,44402,10
12.9593095779,80.2447967529,44402,44412,10
12.9588003159,80.2445678711,44412,44422,10
12.9581403732,80.2442703247,44422,44432,10
12.9576702118,80.2441101074,44432,44442,10
12.9573602676,80.2440185547,44442,44452,10
12.9572696686,80.2440032959,44452,44462,10
12.957110405,80.2439498901,44462,44472,10
12.9568996429,80.243888855,44472,44543,71
12.9565296173,80.243812561,44543,44573,30
12.9565296173,80.243812561,44573,44583,10
12.9562702179,80.2436904907,44583,44593,10
12.9557600021,80.2434005737,44593,44604,11
12.9549303055,80.2429733276,44604,44614,10
12.9541196823,80.2426223755,44614,44624,10
12.9532003403,80.2422485352,44624,44634,10
12.9516401291,80.2416763306,44634,44654,20
12.9516401291,80.2416763306,44654,44664,10
12.9513101578,80.241569519,44664,44674,10
12.950630188,80.2413330078,44674,44684,10
12.9501199722,80.2411880493,44684,44694,10
12.9494104385,80.2409667969,44694,44705,11
12.94851017,80.2406082153,44705,44715,10
12.947719574,80.2402801514,44715,44725,10
12.9472999573,80.2401123047,44725,44735,10
12.9471597672,80.2400588989,44735,44745,10
12.9469499588,80.2399673462,44745,44755,10
12.9463396072,80.2397079468,44755,44765,10
12.9455604553,80.2393722534,44765,44775,10
12.9447498322,80.2386703491,44775,44785,10
12.9439096451,80.2377624512,44785,44795,10
12.9430704117,80.2368927002,44795,44805,10
12.9418897629,80.2363510132,44805,44816,11
12.9405097961,80.2360229492,44816,44826,10
12.9398202896,80.2358322144,44826,44836,10
12.9398097992,80.2358169556,44836,44846,10
12.9397497177,80.2358016968,44846,44856,10
12.9392499924,80.2355804443,44856,44866,10
12.9384899139,80.235206604,44866,44876,10
12.9375400543,80.2347412109,44876,44886,10
12.9364700317,80.2342376709,44886,44896,10
12.9358901978,80.2339706421,44896,44906,10
12.9358701706,80.2339706421,44906,44917,11
12.9356899261,80.2340164185,44917,44927,10
12.9356298447,80.2340927124,44927,44937,10
12.9354295731,80.2345581055,44937,44947,10
12.9351997375,80.2352905273,44947,44957,10
12.9350404739,80.2354888916,44957,44967,10
12.9347295761,80.2353591919,44967,44977,10
12.9341497421,80.2351074219,44977,44987,10
12.9338598251,80.2350997925,44987,44997,10
12.9337596893,80.2354202271,44997,45007,10
12.9336299896,80.2358398438,45007,45018,11
12.9331998825,80.2361526489,45018,45038,20
12.9331998825,80.2361526489,45038,45048,10
12.9329996109,80.2361221313,45048,45058,10
12.9329204559,80.2364807129,45058,45068,10
12.9327802658,80.2370223999,45068,45078,10
12.9326896667,80.2372436523,45078,45088,10
12.9325895309,80.2374572754,45088,45098,10
12.9323596954,80.238067627,45098,45108,10
12.9321899414,80.2385025024,45108,45118,10
12.9319601059,80.2387466431,45118,45129,11
12.9312601089,80.2385635376,45129,45179,50
12.9312601089,80.2385635376,45179,45189,10
12.9309597015,80.2384567261,45189,45199,10
12.9304304123,80.2382736206,45199,45209,10
12.9297895432,80.2380371094,45209,45218,9
12.9295301437,80.2381591797,45218,45230,12
12.929400444,80.238609314,45230,45240,10
12.9292697906,80.2389907837,45240,45250,10
12.9289302826,80.2389831543,45250,45260,10
12.9284496307,80.2388687134,45260,45300,40
12.9284496307,80.2388687134,45300,45310,10
12.9284296036,80.238861084,45310,45320,10
12.928030014,80.2387619019,45320,45330,10
12.9273796082,80.238609314,45330,45341,11
12.9266004562,80.2384033203,45341,45351,10
12.9258899689,80.2382125854,45351,45361,10
12.9254302979,80.2382583618,45361,45421,60
12.9254302979,80.2382583618,45421,45430,9
12.9253997803,80.2383270264,45430,45442,12
12.9250297546,80.2384872437,45442,45452,10
12.9250898361,80.238243103,45452,45492,40
12.9250898361,80.238243103,45492,45502,10
12.925239563,80.2381973267,45502,45512,10
12.9256401062,80.238243103,45512,45654,142
12.9256401062,80.238243103,45654,45664,10
12.9258203506,80.2381973267,45664,45674,10
12.9262399673,80.2382736206,45674,45684,10
12.9269304276,80.2384567261,45684,45694,10
12.9276895523,80.2386169434,45694,45704,10
12.9282302856,80.2387619019,45704,45734,30
12.9282302856,80.2387619019,45734,45744,10
12.9285001755,80.2388305664,45744,45755,11
12.9290304184,80.2389526367,45755,45765,10
12.9292802811,80.2389602661,45765,45775,10
12.9293603897,80.2387466431,45775,45785,10
12.9295101166,80.2382507324,45785,45795,10
12.9296598434,80.2379608154,45795,45805,10
12.9301595688,80.2381210327,45805,45815,10
12.9308595657,80.2383575439,45815,45825,10
12.9311304092,80.2384567261,45825,45835,10
12.9311800003,80.2384796143,45835,45845,10
12.9314699173,80.238571167,45845,45855,10
12.9319896698,80.2387313843,45855,45866,11
12.9322395325,80.2384185791,45866,45876,10
12.9323596954,80.2380828857,45876,45886,10
12.9326000214,80.2375335693,45886,45896,10
12.9327096939,80.2371673584,45896,45906,10
12.9328603745,80.2367782593,45906,45916,10
12.9329500198,80.2361984253,45916,45926,10
12.9331598282,80.2361068726,45926,45936,10
12.9335002899,80.2361907959,45936,45946,10
12.9336299896,80.2358322144,45946,45956,10
12.9337997437,80.2352218628,45956,45967,11
12.9339895248,80.234992981,45967,45977,10
12.9343500137,80.2351608276,45977,45987,10
12.9346103668,80.2352828979,45987,45997,10
12.9347000122,80.2353210449,45997,46007,10
12.9349498749,80.2354125977,46007,46017,10
12.9351196289,80.2352600098,46017,46027,10
12.9352903366,80.2348480225,46027,46037,10
12.9357404709,80.2338562012,46037,46078,41
12.9357404709,80.2338562012,46078,46088,10
12.935790062,80.2338409424,46088,46098,10
12.9360303879,80.2337875366,46098,46108,10
12.9365196228,80.2340164185,46108,46118,10
12.9372196198,80.2343597412,46118,46128,10
12.9380598068,80.2347869873,46128,46138,10
12.9390497208,80.2352905273,46138,46148,10
12.939789772,80.2356491089,46148,46158,10
12.9399499893,80.2357330322,46158,46168,10
12.9405097961,80.2359085083,46168,46179,11
12.9413700104,80.2361373901,46179,46189,10
12.9423303604,80.2363815308,46189,46199,10
12.9433097839,80.2369537354,46199,46209,10
12.944149971,80.2378387451,46209,46219,10
12.9450302124,80.2387924194,46219,46229,10
12.9460802078,80.2394866943,46229,46239,10
12.9469900131,80.2398681641,46239,46249,10
12.9472503662,80.2399597168,46249,46259,10
12.9474201202,80.2400436401,46259,46269,10
12.9479598999,80.240272522,46269,46280,11
12.9485797882,80.2405395508,46280,46290,10
12.9492101669,80.2407836914,46290,46300,10
12.9499597549,80.2410202026,46300,46310,10
12.9507398605,80.2412414551,46310,46320,10
12.9510803223,80.2413406372,46320,46330,10
12.9513397217,80.2414321899,46330,46340,10
12.95195961,80.2416610718,46340,46350,10
12.9527196884,80.2419586182,46350,46360,10
12.953499794,80.2422714233,46360,46370,10
12.9540996552,80.2425079346,46370,46381,11
12.9548196793,80.2428131104,46381,46391,10
12.9554300308,80.2430419922,46391,46401,10
12.9560403824,80.2431793213,46401,46411,10
12.9563598633,80.2432785034,46411,46421,10
12.9563703537,80.2432937622,46421,46431,10
12.9568300247,80.2434997559,46431,46441,10
12.9575195313,80.243850708,46441,46451,10
12.9582796097,80.2442016602,46451,46461,10
12.9589099884,80.2444610596,46461,46471,10
12.9590301514,80.2445526123,46471,46481,10
12.9595098495,80.2447662354,46481,46492,11
12.960269928,80.2451171875,46492,46502,10
12.9611196518,80.2454986572,46502,46512,10
12.962100029,80.2459793091,46512,46522,10
12.9630002975,80.2464294434,46522,46532,10
12.963640213,80.2467498779,46532,46542,10
12.9642295837,80.2469787598,46542,46552,10
12.9648704529,80.2472076416,46552,46562,10
12.9655799866,80.2474365234,46562,46572,10
12.9662303925,80.2477035522,46572,46582,10
12.9667301178,80.2478866577,46582,46593,11
12.9669504166,80.248008728,46593,46603,10
12.9673595428,80.248260498,46603,46613,10
12.9680995941,80.2485733032,46613,46623,10
12.969039917,80.2489395142,46623,46633,10
12.9701404572,80.2493667603,46633,46643,10
12.9713001251,80.2497634888,46643,46653,10
12.9723997116,80.250038147,46653,46663,10
12.9734401703,80.2503128052,46663,46673,10
12.9742898941,80.250541687,46673,46683,10
12.9752397537,80.2508087158,46683,46694,11
12.9762802124,80.2510986328,46694,46704,10
12.9771995544,80.251411438,46704,46714,10
12.9780197144,80.2520065308,46714,46724,10
12.978509903,80.2523269653,46724,46734,10
12.9786500931,80.2524032593,46734,46744,10
12.9791097641,80.2525634766,46744,46754,10
12.9795303345,80.2525863647,46754,46784,30
12.9795303345,80.2525863647,46784,46793,9
12.9795598984,80.2525787354,46793,46805,12
12.9800100327,80.2526168823,46805,46815,10
12.9805803299,80.2526092529,46815,46825,10
12.9813699722,80.2525787354,46825,46835,10
12.9823598862,80.2525634766,46835,46845,10
12.9834604263,80.2524490356,46845,46855,10
12.9845199585,80.2521820068,46855,46865,10
12.9852800369,80.2519683838,46865,46875,10
12.9858598709,80.2517776489,46875,46885,10
12.9860801697,80.2516937256,46885,46926,41
12.9860801697,80.2516937256,46926,46936,10
12.9864196777,80.2515792847,46936,46946,10
12.9864997864,80.2515563965,46946,46956,10
12.986749649,80.2515106201,46956,46966,10
12.9871797562,80.2514038086,46966,46976,10
12.9876203537,80.2512969971,46976,46986,10
12.9878902435,80.2514266968,46986,46995,9
12.9879398346,80.2516784668,46995,47006,11
12.9880199432,80.2520294189,47006,47017,11
12.9879798889,80.2526397705,47017,47027,10
12.9879102707,80.2534637451,47027,47037,10
12.987830162,80.2543411255,47037,47047,10
12.9877500534,80.2548675537,47047,47168,121
12.9877500534,80.2548675537,47168,47178,10
12.9876403809,80.2550430298,47178,47188,10
12.9876098633,80.2553100586,47188,47198,10
12.9876298904,80.2556533813,47198,47208,10
12.9880895615,80.255821228,47208,47219,11
12.9886598587,80.255859375,47219,47229,10
12.9887304306,80.2558822632,47229,47239,10
12.9889802933,80.255897522,47239,47249,10
12.9895801544,80.2559585571,47249,47259,10
12.9904098511,80.2559890747,47259,47269,10
12.9911298752,80.2560119629,47269,47279,10
12.9920396805,80.2560195923,47279,47289,10
12.9930400848,80.2559814453,47289,47299,10
12.9937801361,80.2559204102,47299,47309,10
12.9942598343,80.255897522,47309,47319,10
12.9948101044,80.2558364868,47319,47330,11
12.9956998825,80.2558288574,47330,47340,10
12.9964399338,80.255821228,47340,47350,10
12.9969902039,80.2558135986,47350,47360,10
12.9974002838,80.2557983398,47360,47370,10
12.997710228,80.2558288574,47370,47380,10
12.9980602264,80.255859375,47380,47390,10
12.9985303879,80.2559509277,47390,47400,10
12.9988698959,80.2559967041,47400,47441,41
12.9988698959,80.2559967041,47441,47451,10
12.9991102219,80.2560577393,47451,47461,10
12.999540329,80.2561264038,47461,47471,10
13.0000896454,80.2562408447,47471,47481,10
13.0005197525,80.2563400269,47481,47491,10
13.0007896423,80.2563934326,47491,47501,10
13.001159668,80.2564697266,47501,47511,10
13.0015697479,80.2565612793,47511,47521,10
13.0018796921,80.2566070557,47521,47532,11
13.0024595261,80.2566833496,47532,47542,10
13.0030202866,80.2567901611,47542,47552,10
13.0036697388,80.2569122314,47552,47562,10
13.0043296814,80.2570419312,47562,47572,10
13.0049295425,80.2571563721,47572,47582,10
13.0055999756,80.2572937012,47582,47592,10
13.0058498383,80.2573165894,47592,47602,10
13.0059099197,80.2573165894,47602,47612,10
13.0062799454,80.2574005127,47612,47622,10
13.0067596436,80.2576828003,47622,47633,11
13.0071697235,80.2583312988,47633,47643,10
13.0078001022,80.2586975098,47643,47653,10
13.008480072,80.2589416504,47653,47663,10
13.0085601807,80.2589797974,47663,47673,10
13.0088796616,80.2590637207,47673,47683,10
13.0095100403,80.2590408325,47683,47693,10
13.0103397369,80.2590484619,47693,47703,10
13.011300087,80.2590332031,47703,47713,10
13.0123500824,80.2590484619,47713,47723,10
13.0135097504,80.2591094971,47723,47733,10
13.0146398544,80.259147644,47733,47744,11
13.0156803131,80.2592773438,47744,47754,10
13.0162601471,80.2595214844,47754,47764,10
13.0165195465,80.2597198486,47764,47794,30
13.0165195465,80.2597198486,47794,47804,10
13.0166797638,80.2599563599,47804,47814,10
13.0171003342,80.2602310181,47814,47824,10
13.0177001953,80.2606277466,47824,47833,9
13.0183897018,80.2610931396,47833,47845,12
13.0190601349,80.2616271973,47845,47855,10
13.0195503235,80.2620697021,47855,47865,10
13.0200796127,80.2626113892,47865,47875,10
13.0203199387,80.2629470825,47875,47885,10
13.0199098587,80.2629928589,47885,47895,10
13.0193395615,80.2629699707,47895,47905,10
13.0190000534,80.2630767822,47905,47915,10
13.019080162,80.2636566162,47915,47925,10
13.0191402435,80.2640991211,47925,47935,10
13.0191001892,80.2644500732,47935,47946,11
13.0189399719,80.265007019,47946,47956,10
13.0188102722,80.2654571533,47956,47966,10
13.0186901093,80.2660980225,47966,47976,10
13.0187501907,80.2669372559,47976,47986,10
13.0191898346,80.2677078247,47986,47996,10
13.0195798874,80.2682266235,47996,48006,10
13.0200996399,80.2688827515,48006,48016,10
13.0205402374,80.2693786621,48016,48026,10
13.020819664,80.2697067261,48026,48036,10
13.0212697983,80.2702407837,48036,48045,9
13.021490097,80.2704620361,48045,48057,12
13.021730423,80.2707519531,48057,48067,10
13.0221500397,80.2713088989,48067,48076,9
13.0226097107,80.2719192505,48076,48087,11
13.0232400894,80.2727737427,48087,48097,10
13.0237703323,80.2734985352,48097,48147,50
13.0237703323,80.2734985352,48147,48158,11
13.0240001678,80.2738189697,48158,48168,10
13.024430275,80.2743835449,48168,48178,10
13.0250597,80.2747573853,48178,48188,10
13.0254001617,80.274887085,48188,48198,10
13.0254096985,80.274887085,48198,48208,10
13.0255498886,80.2749481201,48208,48218,10
13.0257997513,80.275062561,48218,48228,10
13.0261802673,80.2752685547,48228,48238,10
13.0265598297,80.2754364014,48238,48248,10
13.0271396637,80.2757034302,48248,48259,11
13.0278196335,80.2760162354,48259,48269,10
13.0281896591,80.2761688232,48269,48279,10
13.0283403397,80.2762298584,48279,48390,111
13.0287103653,80.2763519287,48390,48551,161
13.0287103653,80.2763519287,48551,48561,10
13.0287904739,80.2763977051,48561,48632,71
13.0291004181,80.276550293,48632,48814,182
13.0291004181,80.276550293,48814,48824,10
13.0294504166,80.2766265869,48824,48834,10
13.0296201706,80.2766799927,48834,48884,50
13.0296201706,80.2766799927,48884,48895,11
13.0300102234,80.2767868042,48895,48915,20
13.0300102234,80.2767868042,48915,48925,10
13.0303201675,80.2769317627,48925,48935,10
13.030380249,80.2769470215,48935,48945,10
13.0306301117,80.2770767212,48945,48996,51
13.030960083,80.2772827148,48996,49016,20
13.030960083,80.2772827148,49016,49026,10
13.0311803818,80.2774200439,49026,49036,10
13.0313301086,80.2775115967,49036,49046,10
13.0315704346,80.2775726318,49046,49056,10
13.0318698883,80.2775802612,49056,49066,10
13.0325202942,80.2775192261,49066,49086,20
13.0325202942,80.2775192261,49086,49096,10
13.032910347,80.2774963379,49096,49107,11
13.0335998535,80.2773513794,49107,49117,10
13.0343198776,80.2775421143,49117,49127,10
13.0350503922,80.2776794434,49127,49137,10
13.0357103348,80.2777786255,49137,49147,10
13.0365104675,80.2779388428,49147,49157,10
13.0371198654,80.2781982422,49157,49167,10
13.0377101898,80.2783584595,49167,49177,10
13.0384101868,80.2785415649,49177,49187,10
13.0388498306,80.2786483765,49187,49197,10
13.0388498306,80.2786636353,49197,49208,11
13.0389995575,80.2787475586,49208,49218,10
13.0394001007,80.2788696289,49218,49228,10
13.0399999619,80.2790527344,49228,49238,10
13.0408401489,80.279258728,49238,49248,10
13.0417995453,80.2794113159,49248,49258,10
13.0426902771,80.2795028687,49258,49268,10
13.0429801941,80.2795028687,49268,49278,10
13.043129921,80.2795181274,49278,49288,10
13.0436201096,80.2796783447,49288,49298,10
13.0442495346,80.279838562,49298,49309,11
13.0449895859,80.2799606323,49309,49319,10
13.0455703735,80.2800292969,49319,49329,10
13.0456600189,80.2800369263,49329,49339,10
13.0456695557,80.2800521851,49339,49349,10
13.046090126,80.2801132202,49349,49359,10
13.0466899872,80.2801971436,49359,49369,10
13.0474996567,80.2803192139,49369,49379,10
13.0484199524,80.2804412842,49379,49389,10
13.0492095947,80.2805786133,49389,49399,10
13.0498600006,80.2806625366,49399,49409,10
13.0502500534,80.2807006836,49409,49420,11
13.0508699417,80.2807998657,49420,49430,10
13.0516700745,80.2809524536,49430,49440,10
13.0525398254,80.2810821533,49440,49450,10
13.0534696579,80.2812194824,49450,49460,10
13.054400444,80.2813873291,49460,49470,10
13.0552797318,80.2815628052,49470,49480,10
13.0560398102,80.2817001343,49480,49490,10
13.0562696457,80.2817306519,49490,49500,10
13.0564804077,80.2817687988,49500,49509,9
13.0569000244,80.2818527222,49509,49521,12
13.0569896698,80.281867981,49521,49531,10
13.0571699142,80.2818984985,49531,49541,10
13.0577201843,80.2820129395,49541,49551,10
13.0584602356,80.2821731567,49551,49561,10
13.0591802597,80.2823104858,49561,49571,10
13.0600404739,80.2825012207,49571,49581,10
13.0609397888,80.282699585,49581,49591,10
13.0618600845,80.2829208374,49591,49601,10
13.0626802444,80.2830810547,49601,49611,10
13.0629997253,80.2831497192,49611,49622,11
13.0630598068,80.2831878662,49622,49632,10
13.0635099411,80.2832794189,49632,49642,10
13.0639400482,80.2834014893,49642,49652,10
13.0645503998,80.2835083008,49652,49662,10
13.0652799606,80.2836608887,49662,49672,10
13.0661697388,80.2838821411,49672,49682,10
13.0670499802,80.2840499878,49682,49692,10
13.067440033,80.2841415405,49692,49702,10
13.0678901672,80.2842025757,49702,49712,10
13.0684995651,80.2843475342,49712,49723,11
13.0693101883,80.2845535278,49723,49733,10
13.0702600479,80.2847671509,49733,49743,10
13.0713300705,80.2850265503,49743,49753,10
13.0724096298,80.2852630615,49753,49763,10
13.0735502243,80.2853164673,49763,49773,10
13.074259758,80.2859573364,49773,49783,10
13.0751399994,80.286567688,49783,49793,10
13.0762395859,80.287071228,49793,49802,9
13.0773601532,80.2873382568,49802,49813,11
13.0786504745,80.2876663208,49813,49824,11
13.0796899796,80.2880401611,49824,49834,10
13.0804395676,80.2881622314,49834,49844,10
13.0805196762,80.288192749,49844,49854,10
13.0808200836,80.2882919312,49854,49864,10
13.0813703537,80.2884521484,49864,49874,10
13.0820999146,80.2887115479,49874,49884,10
13.0828504562,80.2890625,49884,49894,10
13.0835895538,80.2891693115,49894,49904,10
13.0844202042,80.2891464233,49904,49914,10
13.085559845,80.2892379761,49914,49923,9
13.0866203308,80.2894668579,49923,49935,12
13.0877399445,80.2898788452,49935,49945,10
13.0886802673,80.2901306152,49945,50015,70
13.0886802673,80.2901306152,50015,50025,10
13.0888900757,80.2902069092,50025,50036,11
13.0886201859,80.2903594971,50036,50046,10
13.0881004333,80.2901077271,50046,50056,10
13.0874500275,80.2898712158,50056,50066,10
13.0867795944,80.289680481,50066,50076,10
13.0859298706,80.2894897461,50076,50086,10
13.0851697922,80.2882385254,50086,50096,10
13.0851697922,80.2882385254,50096,50106,10
13.0851402283,80.2871398926,50106,50115,9
13.0861902237,80.2835464478,50115,50185,70
13.0861902237,80.2835464478,50185,50205,20
13.0869398117,80.2836914063,50205,50215,10
13.0876102448,80.2836914063,50215,50256,41
13.0876102448,80.2836914063,50256,50266,10
13.0879001617,80.2836837769,50266,50276,10
13.088139534,80.2835998535,50276,50296,20
13.088139534,80.2835998535,50296,50306,10
13.0883197784,80.2833862305,50306,50316,10
13.0882997513,80.2831192017,50316,50326,10
13.0882997513,80.2827301025,50326,50336,10
13.0882797241,80.2824020386,50336,50347,11
13.0882196426,80.2820587158,50347,50357,10
13.0881004333,80.2816619873,50357,50367,10
13.0877399445,80.2813796997,50367,50377,10
13.0872602463,80.2812728882,50377,50387,10
13.0866003036,80.2810821533,50387,50397,10
13.0860004425,80.280921936,50397,50407,10
13.0857400894,80.2807006836,50407,50417,10
13.0856103897,80.2802200317,50417,50427,10
13.0854301453,80.2796630859,50427,50437,10
13.0848798752,80.2793121338,50437,50446,9
13.0843200684,80.2792282104,50446,50458,12
13.0835199356,80.2790679932,50458,50468,10
13.0827903748,80.2787628174,50468,50488,20
13.0827903748,80.2787628174,50488,50498,10
13.0825796127,80.278678894,50498,50508,10
13.0822095871,80.2785263062,50508,50518,10
13.081990242,80.2783584595,50518,50528,10
13.0819702148,80.2780609131,50528,50538,10
13.0819196701,80.2777023315,50538,50547,9
13.0818300247,80.2771835327,50547,50559,12
13.0816602707,80.2761535645,50559,50569,10
13.0815296173,80.2755508423,50569,50579,10
13.0814504623,80.2752685547,50579,50589,10
13.0811395645,80.275177002,50589,50599,10
13.0806102753,80.2752609253,50599,50609,10
13.0798501968,80.2753372192,50609,50619,10
13.0794401169,80.2753067017,50619,50629,10
13.0788297653,80.275177002,50629,50639,10
13.0782499313,80.2756271362,50639,50649,10
13.0778102875,80.2762298584,50649,50660,11
13.0767698288,80.2762908936,50660,50670,10
13.0759897232,80.2763214111,50670,50680,10
13.0759000778,80.2762908936,50680,50690,10
13.0758800507,80.2761077881,50690,50700,10
13.0758600235,80.2758636475,50700,50710,10
13.0759000778,80.275642395,50710,50720,10
13.0759000778,80.275062561,50720,50730,10
13.0760402679,80.2748031616,50730,51003,273
13.0760402679,80.2748031616,51003,51013,10
13.0758495331,80.2746505737,51013,51023,10
13.0758600235,80.2749176025,51023,51033,10
13.0760402679,80.2754821777,51033,51043,10
13.0759897232,80.2757720947,51043,52053,1010
13.0759897232,80.2757720947,52053,52063,10
13.075920105,80.2760772705,52063,52093,30
13.075920105,80.2760772705,52093,52103,10
13.0759801865,80.2762069702,52103,52113,10
13.076499939,80.276222229,52113,52123,10
13.0773000717,80.2761764526,52123,52134,11
13.0781602859,80.2759399414,52134,52144,10
13.0784702301,80.2752380371,52144,52154,10
13.0792198181,80.2751922607,52154,52164,10
13.0798501968,80.2752914429,52164,52174,10
13.0806903839,80.2752227783,52174,52184,10
13.0812196732,80.275177002,52184,52214,30
13.0812196732,80.275177002,52214,52224,10
13.0815095901,80.2751617432,52224,52235,11
13.0816802979,80.2754516602,52235,52245,10
13.0818004608,80.2761306763,52245,52255,10
13.0819196701,80.2770080566,52255,52265,10
13.0819997787,80.2776565552,52265,52275,10
13.082110405,80.2781829834,52275,52285,10
13.082159996,80.278717041,52285,52295,10
13.0822000504,80.2792663574,52295,52305,10
13.0822496414,80.2799530029,52305,52315,10
13.0823297501,80.2807693481,52315,52324,9
13.0823802948,80.2813262939,52324,52336,12
13.0824403763,80.2817611694,52336,52346,10
13.0829801559,80.2821121216,52346,52356,10
13.0837402344,80.2825775146,52356,52366,10
13.0844297409,80.2830429077,52366,52376,10
13.0849599838,80.2835769653,52376,52386,10
13.0851697922,80.2838134766,52386,52396,10
13.0854301453,80.2836532593,52396,52406,10
13.0859003067,80.2835388184,52406,52416,10
13.0862503052,80.2835769653,52416,52426,10
13.0864696503,80.2837524414,52426,52436,10
13.0867099762,80.2839126587,52436,52447,11
13.0870704651,80.2839431763,52447,52457,10
13.0873203278,80.2839431763,52457,52467,10
13.0877399445,80.2839431763,52467,52517,50
13.088060379,80.2839202881,52517,52679,162
13.088060379,80.2839202881,52679,52689,10
13.0881595612,80.2837982178,52689,52748,59
13.0881795883,80.2835769653,52748,52820,72
13.0881795883,80.2835769653,52820,52830,10
13.0882797241,80.2829284668,52830,52850,20
13.0882797241,80.2829284668,52850,52861,11
13.0882997513,80.2826309204,52861,52871,10
13.0882902145,80.2824172974,52871,52881,10
13.088259697,80.2821731567,52881,52891,10
13.088139534,80.2817611694,52891,52901,10
13.0881099701,80.2814712524,52901,52911,10
13.0884199142,80.28150177,52911,52921,10
13.0885295868,80.28175354,52921,52931,10
13.0885000229,80.2819824219,52931,52941,10
13.0884799957,80.282119751,52941,52951,10
13.0884504318,80.2823028564,52951,52960,9
13.0884399414,80.282371521,52960,52972,12
13.0883798599,80.2828063965,52972,52992,20
13.0883798599,80.2828063965,52992,53002,10
13.0883598328,80.2829589844,53002,53012,10
13.0883398056,80.2830810547,53012,53022,10
13.088350296,80.2834396362,53022,53032,10
13.0883302689,80.2835998535,53032,53042,10
13.0883302689,80.283706665,53042,53052,10
13.0883703232,80.2841873169,53052,53062,10
13.0884103775,80.2847137451,53062,53073,11
13.0884399414,80.2850036621,53073,53083,10
13.0884504318,80.28540802,53083,53093,10
13.0884799957,80.285697937,53093,53103,10
13.0884799957,80.2860870361,53103,53113,10
13.0885095596,80.2863388062,53113,53123,10
13.0885095596,80.286567688,53123,53133,10
13.0885400772,80.2868728638,53133,53143,10
13.0885696411,80.2872314453,53143,53153,10
13.0885801315,80.287399292,53153,53163,10
13.0886001587,80.2875671387,53163,53174,11
13.088640213,80.2880630493,53174,53184,10
13.0886697769,80.288482666,53184,53194,10
13.0887002945,80.2887191772,53194,53204,10
13.0887403488,80.2891311646,53204,53214,10
13.0887403488,80.2891769409,53214,53224,10
13.0887203217,80.2893981934,53224,53234,10
13.088760376,80.2898712158,53234,53244,10
13.088760376,80.2903213501,53244,53254,10
13.0884799957,80.2903366089,53254,53264,10
13.0880298615,80.2901000977,53264,53274,10
13.0875196457,80.2898635864,53274,53285,11
13.0867700577,80.2895736694,53285,53295,10
13.0858097076,80.2893066406,53295,53305,10
13.0849399567,80.2891693115,53305,53315,10
13.0840997696,80.2892227173,53315,53325,10
13.0833396912,80.2892303467,53325,53335,10
13.0825099945,80.2890090942,53335,53345,10
13.0815296173,80.2886199951,53345,53355,10
13.0806703568,80.2883605957,53355,53365,10
13.0801401138,80.288230896,53365,53375,10
13.0801095963,80.2882232666,53375,53386,11
13.0798301697,80.2881774902,53386,53396,10
13.079199791,80.2880172729,53396,53406,10
13.078379631,80.287689209,53406,53416,10
13.0773000717,80.287399292,53416,53426,10
13.0761404037,80.2871017456,53426,53436,10
13.0751895905,80.2866821289,53436,53446,10
13.0743303299,80.2861480713,53446,53456,10
13.0733995438,80.285987854,53456,53466,10
13.072429657,80.2854614258,53466,53476,10
13.0712404251,80.2851333618,53476,53487,11
13.0698404312,80.2848129272,53487,53497,10
13.068570137,80.2845077515,53497,53507,10
13.0680704117,80.2844085693,53507,53517,10
13.067990303,80.2843780518,53517,53527,10
13.067489624,80.2843399048,53527,53537,10
13.0666799545,80.2841873169,53537,53547,10
13.0656499863,80.2839508057,53547,53557,10
13.0645999908,80.2836914063,53557,53567,10
13.0637302399,80.2834625244,53567,53577,10
13.0625696182,80.2831573486,53577,53608,31
13.0625696182,80.2831573486,53608,53618,10
13.0621700287,80.2830581665,53618,53628,10
13.0614700317,80.2828979492,53628,53638,10
13.0606098175,80.2827224731,53638,53648,10
13.0596103668,80.2825088501,53648,53658,10
13.0585603714,80.2823028564,53658,53668,10
13.0577297211,80.2821502686,53668,53678,10
13.057009697,80.2820129395,53678,53688,10
13.0567798615,80.2819595337,53688,53699,11
13.056599617,80.2819213867,53699,53709,10
13.0559997559,80.281791687,53709,53719,10
13.0552196503,80.2816390991,53719,53729,10
13.0543203354,80.281463623,53729,53739,10
13.0533599854,80.2812805176,53739,53749,10
13.0524597168,80.2811431885,53749,53759,10
13.0515403748,80.28099823,53759,53769,10
13.0506496429,80.2808609009,53769,53779,10
13.0497398376,80.2807388306,53779,53788,9
13.0487604141,80.2806015015,53788,53800,12
13.047419548,80.280380249,53800,53810,10
13.0457000732,80.2801818848,53810,53830,20
13.0457000732,80.2801818848,53830,53840,10
13.0455598831,80.2801513672,53840,53850,10
13.0449895859,80.2800674438,53850,53860,10
13.0441799164,80.2799606323,53860,53870,10
13.0432195663,80.279800415,53870,53880,10
13.0420703888,80.2795562744,53880,53890,10
13.0408601761,80.2793426514,53890,53901,11
13.0398101807,80.279083252,53901,53911,10
13.0391998291,80.2789001465,53911,53921,10
13.0390796661,80.2788696289,53921,53931,10
13.0389995575,80.2788314819,53931,53941,10
13.0385799408,80.278678894,53941,53951,10
13.0379199982,80.2784729004,53951,53961,10
13.0372200012,80.2782897949,53961,53971,10
13.0364904404,80.2780227661,53971,53981,10
13.0358600616,80.2778930664,53981,53991,10
13.0352802277,80.2777709961,53991,54000,9
13.0347900391,80.2777023315,54000,54012,12
13.0341796875,80.277557373,54012,54022,10
13.0340595245,80.2775192261,54022,54032,10
13.0337896347,80.2774276733,54032,54042,10
13.0333404541,80.2774581909,54042,54052,10
13.0328702927,80.2775192261,54052,54062,10
13.0324296951,80.2775497437,54062,54072,10
13.0318698883,80.2776184082,54072,54082,10
13.0312595367,80.2775115967,54082,54092,10
13.0309200287,80.2772674561,54092,54102,10
13.0309095383,80.2772674561,54102,54113,11
13.030670166,80.2771072388,54113,54123,10
13.0300397873,80.2768173218,54123,54133,10
13.0291700363,80.276550293,54133,54143,10
13.0282897949,80.2762298584,54143,54153,10
13.0274095535,80.2758712769,54153,54163,10
13.0264596939,80.2754516602,54163,54173,10
13.0259103775,80.2752075195,54173,54183,10
13.0258302689,80.2751617432,54183,54193,10
13.0254001617,80.2749633789,54193,54203,10
13.0246696472,80.2746276855,54203,54213,10
13.0240297318,80.273979187,54213,54224,11
13.0234203339,80.2731399536,54224,54234,10
13.0227403641,80.2722320557,54234,54244,10
13.0219697952,80.271232605,54244,54253,9
13.0208396912,80.2698669434,54253,54274,21
13.0208396912,80.2698669434,54274,54284,10
13.0206003189,80.269569397,54284,54294,10
13.0202999115,80.2691726685,54294,54304,10
13.0198297501,80.2685775757,54304,54314,10
13.0193004608,80.2679214478,54314,54325,11
13.0187702179,80.2672271729,54325,54335,10
13.0186195374,80.2664794922,54335,54345,10
13.0186300278,80.265838623,54345,54355,10
13.0188102722,80.2651672363,54355,54365,10
13.0190200806,80.2643814087,54365,54375,10
13.018989563,80.2636108398,54375,54385,10
13.0189399719,80.2632369995,54385,54395,10
13.018910408,80.2630386353,54395,54405,10
13.0188703537,80.2628173828,54405,54415,10
13.0188102722,80.2622070313,54415,54426,11
13.0186700821,80.2613983154,54426,54436,10
13.0181703568,80.2609710693,54436,54446,10
13.0174798965,80.2605133057,54446,54456,10
13.0167999268,80.2600708008,54456,54466,10
13.0160799026,80.2596893311,54466,54476,10
13.0160198212,80.2596664429,54476,54486,10
13.0157899857,80.2595596313,54486,54496,10
13.0152397156,80.2593917847,54496,54506,10
13.0145597458,80.2593078613,54506,54516,10
13.0137500763,80.2592773438,54516,54527,11
13.0126800537,80.2592391968,54527,54537,10
13.0116596222,80.2592086792,54537,54547,10
13.0107402802,80.2592163086,54547,54557,10
13.0098600388,80.2592315674,54557,54567,10
13.0091295242,80.2592315674,54567,54577,10
13.0087900162,80.2592391968,54577,54587,10
13.0085000992,80.2592391968,54587,54597,10
13.0078802109,80.2593688965,54597,54607,10
13.0073795319,80.2592010498,54607,54617,10
13.0071697235,80.2587203979,54617,54627,10
13.0071201324,80.2585601807,54627,54638,11
13.0068597794,80.258102417,54638,54648,10
13.0066099167,80.2576980591,54648,54658,10
13.0059995651,80.2574386597,54658,54668,10
13.0052204132,80.257270813,54668,54678,10
13.0045099258,80.2571334839,54678,54688,10
13.0039396286,80.2570114136,54688,54698,10
13.0033998489,80.2568969727,54698,54708,10
13.0029201508,80.2568206787,54708,54718,10
13.0026102066,80.2567520142,54718,54779,61
13.0026102066,80.2567520142,54779,54789,10
13.0022697449,80.2566680908,54789,54799,10
13.0020704269,80.256652832,54799,54809,10
13.0018901825,80.2566299438,54809,54819,10
13.0013599396,80.2565612793,54819,54829,10
13.0006399155,80.2564468384,54829,54840,11
13.0000801086,80.256362915,54840,54850,10
12.9996995926,80.2562866211,54850,54860,10
12.999329567,80.2562103271,54860,54870,10
12.9987401962,80.256111145,54870,54890,20
12.9987401962,80.256111145,54890,54900,10
12.9986801147,80.2560806274,54900,54910,10
12.998459816,80.2560501099,54910,54920,10
12.9979400635,80.2559814453,54920,54930,10
12.9976301193,80.2559585571,54930,54940,10
12.9975204468,80.2559509277,54940,54951,11
12.9972600937,80.2559432983,54951,54961,10
12.9970703125,80.2559204102,54961,54971,10
12.9968595505,80.2559127808,54971,54981,10
12.9966802597,80.2559127808,54981,54991,10
12.9963598251,80.2559127808,54991,55001,10
12.995759964,80.2559127808,55001,55011,10
12.9953403473,80.2559204102,55011,55021,10
12.9949598312,80.2559280396,55021,55031,10
12.9944295883,80.2559814453,55031,55041,10
12.9939002991,80.2560195923,55041,55052,11
12.9930400848,80.2560806274,55052,55062,10
12.9921102524,80.256111145,55062,55072,10
12.9912204742,80.2560806274,55072,55082,10
12.9906997681,80.2560806274,55082,55092,10
12.990530014,80.2560501099,55092,55102,10
12.9902000427,80.2560119629,55102,55112,10
12.9898996353,80.2560272217,55112,55122,10
12.989569664,80.2560272217,55122,55132,10
12.9890203476,80.2559890747,55132,55142,10
12.988530159,80.2559280396,55142,55151,9
12.9881000519,80.255859375,55151,55284,133
12.9881000519,80.255859375,55284,55294,10
12.9878702164,80.2558135986,55294,55304,10
12.9874601364,80.2557373047,55304,55314,10
12.986989975,80.2556610107,55314,55324,10
12.9864597321,80.255569458,55324,55334,10
12.9861698151,80.2555236816,55334,55344,10
12.9860801697,80.2555007935,55344,55354,10
12.98595047,80.2554779053,55354,55365,11
12.9859399796,80.2554779053,55365,55375,10
12.9857301712,80.2554397583,55375,55385,10
12.9851398468,80.2552871704,55385,55395,10
12.9844799042,80.2551193237,55395,55405,10
12.984000206,80.2549972534,55405,55415,10
12.9833602905,80.2548294067,55415,55425,10
12.9827804565,80.2546691895,55425,55435,10
12.9821300507,80.2543487549,55435,55445,10
12.9818401337,80.2536468506,55445,55455,10
12.981590271,80.2529067993,55455,55464,9
12.980890274,80.2527923584,55464,55476,12
12.9800596237,80.2528305054,55476,55486,10
12.9798603058,80.252822876,55486,55496,10
12.9793796539,80.2527236938,55496,55506,10
12.9787597656,80.2526473999,55506,55516,10
12.9787302017,80.2526397705,55516,55526,10
12.9784803391,80.2525024414,55526,55536,10
12.9779596329,80.2520904541,55536,55546,10
12.9772996902,80.2515411377,55546,55556,10
12.9764003754,80.2511901855,55556,55566,10
12.9753904343,80.2509002686,55566,55577,11
12.9742698669,80.250579834,55577,55587,10
12.9732398987,80.2502975464,55587,55597,10
12.9721498489,80.2500076294,55597,55607,10
12.9710798264,80.2497329712,55607,55617,10
12.9699897766,80.2493667603,55617,55627,10
12.9688796997,80.248916626,55627,55637,10
12.9677000046,80.2484512329,55637,55647,10
12.9666996002,80.2479934692,55647,55657,10
12.9658699036,80.2476272583,55657,55667,10
12.9651699066,80.2474136353,55667,55678,11
12.964969635,80.2473526001,55678,55688,10
12.9648895264,80.2473220825,55688,55698,10
12.9644603729,80.2471313477,55698,55708,10
12.9640703201,80.246963501,55708,55718,10
12.9639501572,80.2469177246,55718,55728,10
12.9635696411,80.2468032837,55728,55738,10
12.9629402161,80.2464675903,55738,55748,10
12.9621200562,80.2460784912,55748,55758,10
12.9611902237,80.2456207275,55758,55768,10
12.9603300095,80.2452163696,55768,55778,10
12.9596204758,80.2449188232,55778,55789,11
12.9593896866,80.2448196411,55789,55799,10
12.9591703415,80.2447128296,55799,55809,10
12.9587602615,80.2444992065,55809,55819,10
12.9582004547,80.2442779541,55819,55829,10
12.9576101303,80.2440414429,55829,55839,10
12.9568595886,80.2438201904,55839,55849,10
12.9563503265,80.2436523438,55849,55869,20
12.9563503265,80.2436523438,55869,55879,10
12.956029892,80.2435379028,55879,55890,11
12.9553403854,80.2431716919,55890,55900,10
12.9545602798,80.2428283691,55900,55910,10
12.9537601471,80.242477417,55910,55920,10
12.9529895782,80.2421722412,55920,55930,10
12.9516897202,80.2416992188,55930,55950,20
12.9516897202,80.2416992188,55950,55960,10
12.9516496658,80.2416763306,55960,55970,10
12.9511699677,80.2415237427,55970,55980,10
12.9503602982,80.2412414551,55980,55991,11
12.9494304657,80.2409667969,55991,56001,10
12.9492301941,80.2408905029,56001,56011,10
12.9490203857,80.2408065796,56011,56021,10
12.9484796524,80.2405776978,56021,56031,10
12.9477500916,80.2402877808,56031,56041,10
12.9470100403,80.2400131226,56041,56051,10
12.9469499588,80.2399673462,56051,56061,10
12.9465503693,80.2398071289,56061,56071,10
12.9458703995,80.2395095825,56071,56081,10
12.9450702667,80.2390213013,56081,56090,9
12.9443502426,80.2382583618,56090,56102,12
12.9433202744,80.237121582,56102,56112,10
12.942199707,80.2364273071,56112,56122,10
12.940870285,80.2360916138,56122,56132,10
12.9397697449,80.2357788086,56132,56142,10
12.9391098022,80.2355194092,56142,56152,10
12.9390802383,80.2355117798,56152,56162,10
12.9388103485,80.2353363037,56162,56172,10
12.9381999969,80.2350234985,56172,56182,10
12.9373598099,80.2346115112,56182,56192,10
12.9363498688,80.23412323,56192,56203,11
12.935669899,80.2339401245,56203,56213,10
12.9356203079,80.2340774536,56213,56223,10
12.9355401993,80.2343292236,56223,56233,10
12.9352998734,80.2349624634,56233,56243,10
12.9351396561,80.2354125977,56243,56253,10
12.9348602295,80.2353820801,56253,56263,10
12.9341402054,80.2350769043,56263,56304,41
12.9341402054,80.2350769043,56304,56314,10
12.9338598251,80.2350311279,56314,56324,10
12.9336996078,80.2356033325,56324,56334,10
12.9335899353,80.2359771729,56334,56344,10
12.9333400726,80.2361679077,56344,56354,10
12.9329795837,80.2361373901,56354,56364,10
12.9329500198,80.2361907959,56364,56374,10
12.9329204559,80.2364578247,56374,56384,10
12.932849884,80.2368927002,56384,56394,10
12.9326896667,80.2373275757,56394,56404,10
12.932510376,80.2377929688,56404,56415,11
12.9322500229,80.2384719849,56415,56425,10
12.9320802689,80.2387390137,56425,56435,10
12.9312601089,80.238571167,56435,56455,20
12.9312601089,80.238571167,56455,56465,10
12.9311704636,80.2385177612,56465,56475,10
12.9308099747,80.2383880615,56475,56485,10
12.9301395416,80.2381362915,56485,56495,10
12.9295396805,80.2380218506,56495,56505,10
12.9294595718,80.2383422852,56505,56516,11
12.9292898178,80.2389068604,56516,56526,10
12.9291801453,80.2390365601,56526,56536,10
12.9284095764,80.238861084,56536,56576,40
12.9284095764,80.238861084,56576,56586,10
12.9281101227,80.2387695313,56586,56596,10
12.9275503159,80.2386398315,56596,56605,9
12.9269800186,80.2385025024,56605,56617,12
12.9261798859,80.2382888794,56617,56627,10
12.9255895615,80.2381515503,56627,56637,10
12.9255199432,80.2381286621,56637,56647,10
12.925450325,80.2381668091,56647,56657,10
12.9256896973,80.2383117676,56657,56667,10
12.9260702133,80.2382583618,56667,56677,10
12.9268598557,80.2384490967,56677,56687,10
12.9277095795,80.2386474609,56687,56697,10
12.9281597137,80.2387466431,56697,56707,10
12.9282903671,80.2387771606,56707,56717,10
12.9283800125,80.2388076782,56717,56728,11
12.9284896851,80.2388305664,56728,56738,10
12.9288101196,80.2389221191,56738,56748,10
12.9292697906,80.2390213013,56748,56758,10
12.9293899536,80.2387695313,56758,56768,10
12.9295301437,80.238243103,56768,56778,10
12.9296798706,80.2379837036,56778,56788,10
12.9302101135,80.2381515503,56788,56798,10
12.930850029,80.2383804321,56798,56808,10
12.9312896729,80.2385177612,56808,56818,10
12.9315299988,80.2386016846,56818,56829,11
12.9318704605,80.2387084961,56829,56839,10
12.9321899414,80.2385482788,56839,56849,10
12.93227005,80.2383422852,56849,56859,10
12.9324598312,80.2378311157,56859,56869,10
12.9326896667,80.2372436523,56869,56879,10
12.9328098297,80.2368927002,56879,56889,10
12.9329299927,80.2363128662,56889,56899,10
12.9331197739,80.2361221313,56899,56909,10
12.9334802628,80.2361984253,56909,56919,10
12.9336395264,80.2357406616,56919,56930,11
12.9337501526,80.2352981567,56930,56940,10
12.9339199066,80.2350082397,56940,56950,10
12.9343395233,80.2351608276,56950,56960,10
12.9348497391,80.2353820801,56960,56970,10
12.9350595474,80.2354278564,56970,56980,10
12.9351701736,80.2352218628,56980,56990,10
12.9353704453,80.234703064,56990,57000,10
12.9356899261,80.2338409424,57000,57051,51
12.9356899261,80.2338409424,57051,57061,10
12.9356803894,80.2337493896,57061,57071,10
12.9361095428,80.2338562012,57071,57081,10
12.9368801117,80.2342376709,57081,57091,10
12.9379196167,80.2347564697,57091,57101,10
12.9391002655,80.2353515625,57101,57111,10
12.9401702881,80.2358169556,57111,57121,10
12.9413795471,80.2361526489,57121,57131,10
12.9437999725,80.237487793,57131,57142,11
12.9437999725,80.237487793,57142,57152,10
12.9446601868,80.2384262085,57152,57160,8
12.9510202408,80.241317749,57160,57230,70
12.9510202408,80.241317749,57230,57249,19
12.9517498016,80.2416000366,57249,57261,12
12.9526996613,80.2419586182,57261,57271,10
12.9537296295,80.2423706055,57271,57281,10
12.9547300339,80.242767334,57281,57291,10
12.9553699493,80.2430114746,57291,57301,10
12.9562902451,80.2434234619,57301,57352,51
12.9562902451,80.2434234619,57352,57362,10
12.9565296173,80.2434921265,57362,57372,10
12.9571800232,80.2437286377,57372,57382,10
12.9579296112,80.2440185547,57382,57392,10
12.9587202072,80.2443084717,57392,57412,20
12.9587202072,80.2443084717,57412,57422,10
12.9589395523,80.2444381714,57422,57432,10
12.9591503143,80.2445831299,57432,57442,10
12.9593496323,80.2446975708,57442,57453,11
12.959980011,80.245010376,57453,57463,10
12.9608697891,80.2453994751,57463,57473,10
12.9619598389,80.2459411621,57473,57483,10
12.9632902145,80.2465896606,57483,57533,50
12.9632902145,80.2465896606,57533,57543,10
12.9633703232,80.2466506958,57543,57552,9
12.963809967,80.2468490601,57552,57564,12
12.9647798538,80.2471923828,57564,57574,10
12.9657802582,80.2475204468,57574,57584,10
12.9666996002,80.2478790283,57584,57594,10
12.9669504166,80.2480010986,57594,57604,10
12.9670801163,80.2480773926,57604,57614,10
12.9676704407,80.248336792,57614,57624,10
12.9685497284,80.2487030029,57624,57634,10
12.9696397781,80.2491607666,57634,57644,10
12.9708204269,80.2496109009,57644,57653,9
12.9719495773,80.2499313354,57653,57665,12
12.9732999802,80.2502822876,57665,57675,10
12.9743499756,80.2505493164,57675,57685,10
12.9755001068,80.2508926392,57685,57695,10
12.9766597748,80.2512283325,57695,57705,10
12.9777297974,80.2517700195,57705,57715,10
12.9784603119,80.2523117065,57715,57725,10
12.9786195755,80.2524185181,57725,57735,10
12.9792003632,80.2525863647,57735,57745,10
12.9796104431,80.2526168823,57745,57786,41
12.9796104431,80.2526168823,57786,57796,10
12.9798297882,80.2526016235,57796,57806,10
12.9804496765,80.2526168823,57806,57816,10
12.9812803268,80.2526016235,57816,57826,10
12.982219696,80.252571106,57826,57836,10
12.9830303192,80.2525177002,57836,57846,10
12.9834604263,80.2524490356,57846,57917,71
12.9834604263,80.2524490356,57917,57927,10
12.9838495255,80.2523727417,57927,57937,10
12.984459877,80.2521972656,57937,57947,10
12.9852600098,80.251991272,57947,57957,10
12.9857597351,80.2518692017,57957,57978,21
12.9857597351,80.2518692017,57978,57988,10
12.9860601425,80.2518005371,57988,57998,10
12.9866600037,80.2516784668,57998,58159,161
12.9866600037,80.2516784668,58159,58169,10
12.9869003296,80.2516021729,58169,58180,11
12.9872102737,80.2515106201,58180,58190,10
12.9875202179,80.2514266968,58190,58200,10
12.9877700806,80.251411438,58200,58210,10
12.9879598618,80.2518768311,58210,58220,10
12.9879999161,80.252532959,58220,58230,10
12.9879302979,80.2533035278,58230,58240,10
12.9878902435,80.2538299561,58240,58250,10
12.9878196716,80.2546691895,58250,58260,10
12.9877796173,80.2551422119,58260,58270,10
12.9877700806,80.255569458,58270,58280,10
12.987859726,80.2558288574,58280,58291,11
12.9882898331,80.2558898926,58291,58301,10
12.9883403778,80.2558898926,58301,58311,10
12.9885597229,80.2558898926,58311,58321,10
12.9886798859,80.255897522,58321,58331,10
12.9891395569,80.2559585571,58331,58341,10
12.9898099899,80.2560119629,58341,58351,10
12.9904003143,80.2559814453,58351,58361,10
12.9908704758,80.2560119629,58361,58371,10
12.9915599823,80.2560501099,58371,58381,10
12.9923696518,80.2560577393,58381,58392,11
12.9933595657,80.2559661865,58392,58402,10
12.9941997528,80.2559204102,58402,58412,10
12.9951000214,80.2558822632,58412,58422,10
12.9959402084,80.2558898926,58422,58442,20
12.9959402084,80.2558898926,58442,58452,10
12.9960203171,80.2558898926,58452,58462,10
12.9963998795,80.255897522,58462,58472,10
12.9967002869,80.2558822632,58472,58482,10
12.9970197678,80.255897522,58482,58493,11
12.9976100922,80.2559127808,58493,58503,10
12.9982404709,80.2559204102,58503,58513,10
12.9987001419,80.2559661865,58513,58523,10
12.9988698959,80.2560424805,58523,58553,30
12.9988698959,80.2560424805,58553,58563,10
12.9991598129,80.256111145,58563,58573,10
12.9995698929,80.2562026978,58573,58583,10
13.0,80.2563018799,58583,58593,10
13.000459671,80.2563934326,58593,58604,11
13.0008602142,80.2564468384,58604,58644,40
13.0008602142,80.2564468384,58644,58654,10
13.0011396408,80.2565231323,58654,58664,10
13.0013999939,80.2565765381,58664,58674,10
13.0015296936,80.2566070557,58674,58684,10
13.0017499924,80.2566375732,58684,58694,10
13.0022096634,80.256690979,58694,58705,11
13.0028600693,80.2568130493,58705,58715,10
13.0034599304,80.2569274902,58715,58725,10
13.0040798187,80.2570571899,58725,58735,10
13.0046796799,80.2571563721,58735,58745,10
13.0053501129,80.2572937012,58745,58755,10
13.0063495636,80.2574768066,58755,58816,61
13.0063495636,80.2574768066,58816,58826,10
13.0065202713,80.2575683594,58826,58836,10
13.0068597794,80.257850647,58836,58846,10
13.0071697235,80.2583999634,58846,58856,10
13.0077104568,80.2587966919,58856,58866,10
13.0082902908,80.258972168,58866,58876,10
13.0084896088,80.2590332031,58876,58886,10
13.0086202621,80.2590789795,58886,58896,10
13.0090999603,80.2591400146,58896,58906,10
13.0099496841,80.2591400146,58906,58917,11
13.0109596252,80.2591171265,58917,58927,10
13.0117397308,80.2591171265,58927,58937,10
13.0126399994,80.259147644,58937,58947,10
13.0137901306,80.2591934204,58947,58957,10
13.0150003433,80.2592391968,58957,58967,10
13.0158996582,80.2594070435,58967,58977,10
13.0163002014,80.2596130371,58977,58987,10
13.0163097382,80.2596130371,58987,58997,10
13.0164403915,80.2597198486,58997,59007,10
13.0168304443,80.2600326538,59007,59018,11
13.017490387,80.2604675293,59018,59028,10
13.0181303024,80.2609176636,59028,59038,10
13.0187597275,80.2613525391,59038,59048,10
13.0192298889,80.261756897,59048,59058,10
13.0197401047,80.2622909546,59058,59068,10
13.0202798843,80.2627716064,59068,59078,10
13.0202198029,80.2630462646,59078,59088,10
13.0196695328,80.2630004883,59088,59098,10
13.0190896988,80.2629776001,59098,59108,10
13.0190401077,80.2634429932,59108,59119,11
13.0191402435,80.2640304565,59119,59129,10
13.0191497803,80.264213562,59129,59139,10
13.0190296173,80.2647705078,59139,59149,10
13.0188703537,80.26537323,59149,59159,10
13.0187196732,80.265953064,59159,59169,10
13.0187702179,80.2668380737,59169,59179,10
13.0192499161,80.2677764893,59179,59189,10
13.0200004578,80.2687072754,59189,59199,10
13.0207996368,80.2696990967,59199,59209,10
13.0214595795,80.2704696655,59209,59219,10
13.0215196609,80.2705307007,59219,59230,11
13.0215396881,80.2705764771,59230,59240,10
13.0218496323,80.2709732056,59240,59250,10
13.022359848,80.2716293335,59250,59260,10
13.0230102539,80.2724685669,59260,59270,10
13.0236997604,80.2734298706,59270,59280,10
13.0242795944,80.2742233276,59280,59290,10
13.0249004364,80.2747573853,59290,59300,10
13.0253896713,80.2749176025,59300,59310,10
13.0254497528,80.2749404907,59310,59320,10
13.025639534,80.2750473022,59320,59331,11
13.0261898041,80.2753295898,59331,59341,10
13.02684021,80.2756271362,59341,59351,10
13.0275201797,80.2759475708,59351,59361,10
13.0282096863,80.276260376,59361,59371,10
13.0289096832,80.2765426636,59371,59381,10
13.0296096802,80.2767333984,59381,59391,10
13.0301198959,80.2769012451,59391,59401,10
13.0302696228,80.2769622803,59401,59411,10
13.0304698944,80.2770385742,59411,59421,10
13.0306396484,80.2771224976,59421,59432,11
13.0308599472,80.2772521973,59432,59442,10
13.0311498642,80.2774429321,59442,59462,20
13.0311498642,80.2774429321,59462,59472,10
13.0313796997,80.277557373,59472,59482,10
13.0314397812,80.2775802612,59482,59492,10
13.031539917,80.2776184082,59492,59502,10
13.0317802429,80.2776184082,59502,59543,41
13.0317802429,80.2776184082,59543,59553,10
13.0320596695,80.2776184082,59553,59563,10
13.0321397781,80.277633667,59563,59573,10
13.0322999954,80.2776031494,59573,59583,10
13.0327196121,80.2775421143,59583,59603,20
13.0327196121,80.2775421143,59603,59613,10
13.0329704285,80.2775115967,59613,59623,10
13.0333595276,80.2774200439,59623,59633,10
13.0340795517,80.2774810791,59633,59664,31
13.0340795517,80.2774810791,59664,59674,10
13.0342597961,80.2775802612,59674,59684,10
13.0343103409,80.2776031494,59684,59694,10
13.0345697403,80.2776489258,59694,59704,10
13.0349903107,80.2777099609,59704,59714,10
13.035490036,80.2778091431,59714,59724,10
13.0358104706,80.2778701782,59724,59734,10
13.0362901688,80.277961731,59734,59745,11
13.0370502472,80.2782363892,59745,59755,10
13.0378799438,80.2784576416,59755,59765,10
13.0389299393,80.2787399292,59765,59785,20
13.0389299393,80.2787399292,59785,59795,10
13.0390996933,80.2788314819,59795,59805,10
13.0394802094,80.2789611816,59805,59815,10
13.0402202606,80.2791824341,59815,59825,10
13.0411596298,80.2794036865,59825,59835,10
13.0421600342,80.2795410156,59835,59846,11
13.0429801941,80.2796020508,59846,59856,10
13.0432195663,80.2796325684,59856,59866,10
13.0437097549,80.279800415,59866,59876,10
13.0444698334,80.2799606323,59876,59886,10
13.0452899933,80.2800674438,59886,59896,10
13.0457696915,80.280128479,59896,59906,10
13.0458803177,80.2801437378,59906,59916,10
13.0464000702,80.2802200317,59916,59926,10
13.0471801758,80.2803421021,59926,59936,10
13.0480604172,80.2804718018,59936,59946,10
13.0501003265,80.2807617188,59946,59957,11
13.0501003265,80.2807617188,59957,59967,10
13.0509996414,80.2808990479,59967,59976,9
13.0518503189,80.2810211182,59976,59995,19
13.0536203384,80.2813034058,59995,60005,10
13.0545301437,80.281463623,60005,60015,10
13.0550203323,80.2815628052,60015,60025,10
13.0555095673,80.2816390991,60025,60035,10
13.0561199188,80.2817611694,60035,60045,10
13.0563297272,80.2817993164,60045,60056,11
13.056429863,80.2818069458,60056,60066,10
13.0572395325,80.2819824219,60066,60096,30
13.0572395325,80.2819824219,60096,60106,10
13.0575304031,80.2820510864,60106,60116,10
13.0581102371,80.2821884155,60116,60126,10
13.0589199066,80.282371521,60126,60136,10
13.0606803894,80.2827224731,60136,60145,9
13.0606803894,80.2827224731,60145,60157,12
13.0616397858,80.2829208374,60157,60166,9
13.0630302429,80.2832107544,60166,60200,34
13.0630302429,80.2832107544,60200,60210,10
13.0633296967,80.2833023071,60210,60220,10
13.0639696121,80.2834472656,60220,60230,10
13.0647697449,80.2836380005,60230,60240,10
13.0657901764,80.2838668823,60240,60249,9
13.0668201447,80.2841186523,60249,60261,12
13.068110466,80.2843322754,60261,60271,10
13.0689897537,80.2845306396,60271,60281,10
13.0699195862,80.2847595215,60281,60291,10
13.0709199905,80.2850189209,60291,60301,10
13.0719099045,80.2852630615,60301,60311,10
13.0727996826,80.2853012085,60311,60321,10
13.0733203888,80.2852630615,60321,60331,10
13.073390007,80.2853088379,60331,60341,10
13.0740499496,80.2857589722,60341,60361,20
13.0740499496,80.2857589722,60361,60372,11
13.0741996765,80.2859725952,60372,60382,10
13.0745801926,80.286277771,60382,60392,10
13.0752096176,80.2866592407,60392,60402,10
13.0759601593,80.2870483398,60402,60412,10
13.0769100189,80.2873077393,60412,60422,10
13.077870369,80.2875595093,60422,60432,10
13.0787696838,80.2878036499,60432,60442,10
13.0796604156,80.2881164551,60442,60452,10
13.0808601379,80.2883682251,60452,60473,21
13.0808601379,80.2883682251,60473,60483,10
13.0809602737,80.2884216309,60483,60493,10
13.081410408,80.2885665894,60493,60503,10
13.0820903778,80.2888031006,60503,60513,10
13.082859993,80.2891311646,60513,60523,10
13.0836496353,80.2892303467,60523,60533,10
13.0843896866,80.2891998291,60533,60543,10
13.0852499008,80.2892227173,60543,60553,10
13.0862998962,80.2894668579,60553,60563,10
13.0872497559,80.2897415161,60563,60574,11
13.0881795883,80.2901229858,60574,60584,10
13.0888299942,80.2902526855,60584,60624,40
13.0888004303,80.2902297974,60624,60644,20
13.0888004303,80.2902297974,60644,60654,10
13.0888299942,80.2903366089,60654,60664,10
13.08852005,80.2903671265,60664,60675,11
13.0879402161,80.2900772095,60675,60685,10
13.0872297287,80.2898330688,60685,60695,10
13.086520195,80.2896194458,60695,60705,10
13.0858697891,80.2894668579,60705,60715,10
13.0855398178,80.2890777588,60715,60725,10
13.0852003098,80.2883987427,60725,60735,10
13.085100174,80.2875976563,60735,60745,10
13.0851697922,80.2867279053,60745,60755,10
13.0852499008,80.2858505249,60755,60765,10
13.0853395462,80.2849807739,60765,60775,10
13.0852603912,80.2843399048,60775,60786,11
13.0852298737,80.2840576172,60786,60796,10
13.0854301453,80.2836837769,60796,60806,10
13.0856199265,80.2835464478,60806,60816,10
13.0860004425,80.2835464478,60816,60826,10
13.0862798691,80.2835922241,60826,60836,10
13.0865602493,80.2837982178,60836,60846,10
13.0868501663,80.2839736938,60846,60856,10
13.0872001648,80.2839584351,60856,60866,10
13.0878000259,80.2839508057,60866,61028,162
13.0880203247,80.2839813232,61028,61099,71
13.0880203247,80.2839813232,61099,61109,10
13.0881099701,80.2836380005,61109,61119,10
13.0882196426,80.283493042,61119,61129,10
13.0882902145,80.2833099365,61129,61139,10
13.0882902145,80.2829589844,61139,61149,10
13.0882997513,80.282699585,61149,61159,10
13.0882997513,80.2826766968,61159,61169,10
13.0882902145,80.2823867798,61169,61179,10
13.0882301331,80.2821121216,61179,61189,10
13.0881004333,80.2816925049,61189,61200,11
13.0881299973,80.2814102173,61200,61210,10
13.0883197784,80.281463623,61210,61220,10
13.0885295868,80.2815170288,61220,61230,10
13.0885601044,80.2818374634,61230,61240,10
13.0884599686,80.2822875977,61240,61250,10
13.0883703232,80.2827606201,61250,61260,10
13.088350296,80.2831573486,61260,61270,10
13.0883598328,80.2836685181,61270,61291,21
13.0883598328,80.2836685181,61291,61301,10
13.0883598328,80.2839126587,61301,61311,10
13.0883998871,80.2845535278,61311,61321,10
13.0884399414,80.2852935791,61321,61331,10
13.0884895325,80.285697937,61331,61341,10
13.0885000229,80.2860794067,61341,61351,10
13.0885095596,80.2863311768,61351,61361,10
13.0885095596,80.2865524292,61361,61371,10
13.0885400772,80.2869491577,61371,61381,10
13.0885801315,80.2873916626,61381,61391,10
13.0886001587,80.2875671387,61391,61401,10
13.088640213,80.2879714966,61401,61412,11
13.0886898041,80.2884902954,61412,61422,10
13.0887203217,80.2887191772,61422,61432,10
13.0887699127,80.2891769409,61432,61442,10
13.0887804031,80.2892379761,61442,61452,10
13.0887899399,80.2894363403,61452,61462,10
13.0888204575,80.2900085449,61462,61492,30
13.0888204575,80.2900085449,61492,61502,10
13.0888204575,80.2900772095,61502,61513,11
13.088809967,80.2902908325,61513,61523,10
13.0886602402,80.2904815674,61523,61533,10
13.088259697,80.2902374268,61533,61543,10
13.0875902176,80.2899169922,61543,61553,10
13.0868701935,80.289642334,61553,61563,10
13.0859603882,80.2893676758,61563,61573,10
13.0850801468,80.2892227173,61573,61583,10
13.0842399597,80.2892379761,61583,61593,10
13.0834703445,80.2892608643,61593,61602,9
13.0827302933,80.2891616821,61602,61614,12
13.0816497803,80.2886962891,61614,61624,10
13.0807800293,80.2884292603,61624,61634,10
13.0801401138,80.2882385254,61634,61644,10
13.0800104141,80.288230896,61644,61654,10
13.0799598694,80.2882080078,61654,61664,10
13.0795001984,80.2881317139,61664,61674,10
13.0787601471,80.2878417969,61674,61684,10
13.0777997971,80.2875518799,61684,61694,10
13.0766296387,80.2872390747,61694,61703,9
13.0755300522,80.2868881226,61703,61715,12
13.0741996765,80.2861404419,61715,61725,10
13.0732898712,80.2859268188,61725,61735,10
13.0725803375,80.2855377197,61735,61745,10
13.0716400146,80.2852325439,61745,61755,10
13.0705795288,80.2849578857,61755,61765,10
13.0695896149,80.2847290039,61765,61775,10
13.0687103271,80.2845230103,61775,61785,10
13.0681295395,80.2844009399,61785,61795,10
13.0675802231,80.2843399048,61795,61805,10
13.066740036,80.2841567993,61805,61816,11
13.0655698776,80.2838897705,61816,61826,10
13.0646600723,80.2836914063,61826,61846,20
13.0646600723,80.2836914063,61846,61856,10
13.0644903183,80.2836532593,61856,61866,10
13.0640802383,80.2835464478,61866,61876,10
13.0635499954,80.2834014893,61876,61886,10
13.0630102158,80.2832565308,61886,61896,10
13.0626096725,80.2831726074,61896,61927,31
13.0626096725,80.2831726074,61927,61937,10
13.0623197556,80.2830810547,61937,61947,10
13.0617103577,80.282951355,61947,61957,10
13.0608797073,80.2827682495,61957,61967,10
13.0598402023,80.2825469971,61967,61977,10
13.0587797165,80.2823486328,61977,61987,10
13.0582895279,80.2822570801,61987,61997,10
13.0581302643,80.2822265625,61997,62007,10
13.0579500198,80.2822036743,62007,62017,10
13.0576400757,80.2821426392,62017,62028,11
13.0569896698,80.2819976807,62028,62038,10
13.0566701889,80.2819366455,62038,62048,10
13.0566396713,80.2819366455,62048,62058,10
13.0562095642,80.2818527222,62058,62068,10
13.0555696487,80.2817077637,62068,62078,10
13.0548496246,80.2815628052,62078,62088,10
13.0540895462,80.2814102173,62088,62098,10
13.0531997681,80.28125,62098,62108,10
13.0521602631,80.2810974121,62108,62118,10
13.0512199402,80.2809524536,62118,62129,11
13.0509300232,80.2809066772,62129,62139,10
13.0504598618,80.2808380127,62139,62149,10
13.0496797562,80.2807235718,62149,62159,10
13.0486602783,80.2805786133,62159,62169,10
13.0474596024,80.2804107666,62169,62179,10
13.0462799072,80.2802734375,62179,62189,10
13.0456895828,80.2801971436,62189,62199,10
13.0455703735,80.2801818848,62199,62209,10
13.0450401306,80.2801132202,62209,62219,10
13.044260025,80.2799987793,62219,62230,11
13.0436897278,80.2799072266,62230,62240,10
13.043680191,80.2798995972,62240,62250,10
13.0435600281,80.279876709,62250,62260,10
13.0430498123,80.2797698975,62260,62270,10
13.0422401428,80.2796020508,62270,62280,10
13.0412502289,80.2794189453,62280,62290,10
13.0403699875,80.2792282104,62290,62300,10
13.0396604538,80.2790298462,62300,62310,10
13.0393896103,80.2789230347,62310,62320,10
13.0389900208,80.2788619995,62320,62341,21
13.0389900208,80.2788619995,62341,62351,10
13.0387897491,80.2788009644,62351,62361,10
13.0383195877,80.2786407471,62361,62371,10
13.0376300812,80.278427124,62371,62381,10
13.0369796753,80.2782287598,62381,62391,10
13.0363101959,80.2779922485,62391,62401,10
13.0355396271,80.2778167725,62401,62411,10
13.034740448,80.277671814,62411,62421,10
13.0339603424,80.2774734497,62421,62431,10
13.0333795547,80.2774505615,62431,62442,11
13.0332298279,80.2774963379,62442,62452,10
13.0329303741,80.2775192261,62452,62462,10
13.0324802399,80.2775268555,62462,62472,10
13.0320100784,80.2775802612,62472,62482,10
13.031419754,80.2776107788,62482,62502,20
13.031419754,80.2776107788,62502,62512,10
13.0309696198,80.2772979736,62512,62532,20
13.0309696198,80.2772979736,62532,62543,11
13.0308198929,80.2772064209,62543,62553,10
13.0303297043,80.2769393921,62553,62563,10
13.0297698975,80.2767333984,62563,62573,10
13.0290002823,80.2765426636,62573,62583,10
13.0290002823,80.2765426636,62583,62593,10
13.0285596848,80.2763519287,62593,62603,10
13.0278902054,80.2761001587,62603,62621,18
13.0264701843,80.2754974365,62621,62631,10
13.0259103775,80.2752532959,62631,62652,21
13.0259103775,80.2752532959,62652,62662,10
13.0255804062,80.2750778198,62662,62672,10
13.0249595642,80.2748031616,62672,62682,10
13.0243396759,80.2743911743,62682,62692,10
13.0240097046,80.273979187,62692,62702,10
13.0237598419,80.2736282349,62702,62712,10
13.0235004425,80.2732772827,62712,62722,10
13.0231199265,80.2727737427,62722,62732,10
13.0226097107,80.2720794678,62732,62741,9
13.0220804214,80.2714004517,62741,62753,12
13.0214595795,80.2706069946,62753,62763,10
13.0208597183,80.2699508667,62763,62783,20
13.0207500458,80.26978302,62783,62803,20
13.0207500458,80.26978302,62803,62813,10
13.0206203461,80.2695999146,62813,62823,10
13.0202798843,80.2691574097,62823,62833,10
13.0197496414,80.2685089111,62833,62843,10
13.0191297531,80.2677383423,62843,62854,11
13.018699646,80.2670593262,62854,62864,10
13.0186004639,80.266242981,62864,62874,10
13.0186595917,80.2657623291,62874,62884,10
13.0188598633,80.2650375366,62884,62894,10
13.0190601349,80.2641525269,62894,62904,10
13.018989563,80.2635269165,62904,62914,10
13.0188999176,80.2630996704,62914,62924,10
13.0188903809,80.2629928589,62924,62934,10
13.0188703537,80.2626876831,62934,62944,10
13.0187997818,80.262046814,62944,62955,11
13.0186595917,80.261390686,62955,62965,10
13.0181903839,80.2610397339,62965,62975,10
13.0175199509,80.2605819702,62975,62985,10
13.0167798996,80.2600784302,62985,62995,10
13.0160999298,80.259727478,62995,63005,10
13.0160198212,80.2596893311,63005,63015,10
13.0159702301,80.2596664429,63015,63025,10
13.0155601501,80.2595062256,63025,63035,10
13.0148696899,80.2593612671,63035,63044,9
13.0141496658,80.2593231201,63044,63056,12
13.0129098892,80.2592773438,63056,63066,10
13.011759758,80.2592391968,63066,63076,10
13.0107603073,80.2592391968,63076,63086,10
13.0097503662,80.259262085,63086,63096,10
13.0089998245,80.2592391968,63096,63106,10
13.0087299347,80.259262085,63106,63116,10
13.0083503723,80.2592391968,63116,63126,10
13.0077600479,80.2593612671,63126,63136,10
13.007349968,80.2592391968,63136,63146,10
13.0071897507,80.2587585449,63146,63187,41
13.0071897507,80.2587585449,63187,63197,10
13.0071697235,80.2586364746,63197,63207,10
13.006939888,80.2582626343,63207,63217,10
13.0066099167,80.2577667236,63217,63227,10
13.0060396194,80.2574996948,63227,63237,10
13.005399704,80.2573165894,63237,63247,10
13.0048904419,80.2571792603,63247,63257,10
13.0043096542,80.2571029663,63257,63268,11
13.0035295486,80.2569503784,63268,63278,10
13.0028295517,80.2568283081,63278,63288,10
13.0020599365,80.2566833496,63288,63298,10
13.0013198853,80.2565994263,63298,63369,71
13.0013198853,80.2565994263,63369,63379,10
13.0009899139,80.2565765381,63379,63389,10
13.0004997253,80.2564926147,63389,63399,10
12.9996500015,80.2563476563,63399,63429,30
12.9996500015,80.2563476563,63429,63439,10
12.999420166,80.2562789917,63439,63449,10
12.9989299774,80.2561569214,63449,63458,9
12.9985303879,80.2561264038,63458,63470,12
12.9983901978,80.2561035156,63470,63480,10
12.998290062,80.256072998,63480,63490,10
12.9980602264,80.2560272217,63490,63500,10
12.9976797104,80.2559585571,63500,63510,10
12.9975500107,80.2559585571,63510,63520,10
12.9974498749,80.2559585571,63520,63530,10
12.9973297119,80.2559509277,63530,63540,10
12.9970302582,80.2559280396,63540,63550,10
12.9967002869,80.2558898926,63550,63560,10
12.996219635,80.2558822632,63560,63571,11
12.9956598282,80.2558898926,63571,63581,10
12.9951601028,80.2559127808,63581,63591,10
12.9946603775,80.2559509277,63591,63601,10
12.9941797256,80.2559967041,63601,63611,10
12.9934902191,80.2560501099,63611,63621,10
12.9926300049,80.256111145,63621,63631,10
12.9918403625,80.2561035156,63631,63641,10
12.9914102554,80.256072998,63641,63651,10
12.9911899567,80.2560577393,63651,63661,10
12.9908399582,80.2560501099,63661,63671,10
12.9905595779,80.2560424805,63671,63682,11
12.9900503159,80.2560272217,63682,63692,10
12.9895296097,80.2560119629,63692,63702,10
12.9890203476,80.2559967041,63702,63712,10
12.9886198044,80.2559585571,63712,63742,30
12.9884901047,80.2559509277,63742,63883,141
12.9884901047,80.2559509277,63883,63894,11
12.9882202148,80.2559204102,63894,63904,10
12.9877595901,80.255859375,63904,63914,10
12.987279892,80.2557678223,63914,63924,10
12.9867401123,80.2556610107,63924,63934,10
12.9861898422,80.2555618286,63934,63974,40
12.9861898422,80.2555618286,63974,63984,10
12.9858903885,80.2554931641,63984,63995,11
12.9853801727,80.2553863525,63995,64005,10
12.9847202301,80.255241394,64005,64015,10
12.9840803146,80.2550506592,64015,64025,10
12.9834403992,80.2548522949,64025,64035,10
12.9829397202,80.2547225952,64035,64045,10
12.9823799133,80.2545166016,64045,64055,10
12.9820404053,80.2541732788,64055,64065,10
12.9818496704,80.253616333,64065,64075,10
12.9816303253,80.2529373169,64075,64085,10
12.9811697006,80.252822876,64085,64096,11
12.9811096191,80.252822876,64096,64106,10
12.9808998108,80.2528076172,64106,64116,10
12.9806995392,80.252822876,64116,64126,10
12.9803800583,80.2528076172,64126,64146,20
12.9803800583,80.2528076172,64146,64156,10
12.9800796509,80.2527999878,64156,64166,10
12.9797201157,80.2527389526,64166,64176,10
12.9792203903,80.2527008057,64176,64186,10
12.9787502289,80.2526473999,64186,64207,21
12.9787502289,80.2526473999,64207,64217,10
12.9785995483,80.2526092529,64217,64227,10
12.9781198502,80.2522888184,64227,64237,10
12.9774999619,80.2517318726,64237,64247,10
12.9765501022,80.2512664795,64247,64257,10
12.9754695892,80.2509689331,64257,64267,10
12.9743499756,80.2506484985,64267,64277,10
12.9732398987,80.2503433228,64277,64287,10
12.9721698761,80.2500762939,64287,64298,11
12.971039772,80.2497711182,64298,64308,10
12.9700098038,80.249420166,64308,64318,10
12.9689903259,80.2490081787,64318,64328,10
12.9679603577,80.2486190796,64328,64338,10
12.967040062,80.2482299805,64338,64348,10
12.9664297104,80.2479324341,64348,64358,10
12.965669632,80.2476119995,64358,64368,10
12.9650001526,80.2473983765,64368,64388,20
12.9650001526,80.2473983765,64388,64398,10
12.9649600983,80.2473983765,64398,64409,11
12.9645500183,80.247253418,64409,64419,10
12.9642295837,80.2471237183,64419,64429,10
12.9638299942,80.246963501,64429,64479,50
12.9638299942,80.246963501,64479,64489,10
12.9637298584,80.2469406128,64489,64498,9
12.9633998871,80.2467803955,64498,64510,12
12.9626102448,80.2463607788,64510,64520,10
12.9617595673,80.2459182739,64520,64530,10
12.9607200623,80.2454223633,64530,64540,10
12.9598398209,80.2450180054,64540,64550,10
12.9595003128,80.2448883057,64550,64560,10
12.9594802856,80.2448806763,64560,64570,10
12.9594297409,80.2448196411,64570,64580,10
12.9590501785,80.2446289063,64580,64590,10
12.9583797455,80.2443466187,64590,64600,10
12.9577703476,80.2441101074,64600,64611,11
12.956990242,80.2438735962,64611,64621,10
12.9564599991,80.2437210083,64621,64631,10
12.9562397003,80.2436599731,64631,64641,10
12.9557199478,80.2433929443,64641,64651,10
12.9551296234,80.2430877686,64651,64661,10
12.9545097351,80.2428131104,64661,64671,10
12.953909874,80.2425689697,64671,64681,10
12.9531803131,80.2422637939,64681,64691,10
12.9523696899,80.2419509888,64691,64701,10
12.9518899918,80.2417984009,64701,64722,21
12.9518899918,80.2417984009,64722,64732,10
12.9518203735,80.2417907715,64732,64742,10
12.9513902664,80.2416610718,64742,64752,10
12.950750351,80.2414169312,64752,64762,10
12.9499998093,80.2411880493,64762,64772,10
12.9492702484,80.2409591675,64772,64782,10
12.948679924,80.2407073975,64782,64792,10
12.947930336,80.2403869629,64792,64802,10
12.9470596313,80.2400436401,64802,64823,21
12.9470596313,80.2400436401,64823,64833,10
12.9470300674,80.2400131226,64833,64843,10
12.9466695786,80.2398605347,64843,64853,10
12.9460697174,80.2396087646,64853,64863,10
12.9453601837,80.2392578125,64863,64873,10
12.9447097778,80.2386703491,64873,64883,10
12.9440498352,80.2379837036,64883,64893,10
12.9434700012,80.2373504639,64893,64903,10
12.9428300858,80.2367630005,64903,64913,10
12.94190979,80.2363967896,64913,64924,11
12.9408397675,80.2361602783,64924,64934,10
12.9399700165,80.2359008789,64934,64944,10
12.9389200211,80.235458374,64944,64964,20
12.9389200211,80.235458374,64964,64974,10
12.9386701584,80.2352981567,64974,64984,10
12.9381198883,80.2350234985,64984,64994,10
12.9373998642,80.2346572876,64994,65004,10
12.9366197586,80.2342910767,65004,65014,10
12.9359703064,80.2339782715,65014,65025,11
12.9356498718,80.2340011597,65025,65035,10
12.9356498718,80.2340087891,65035,65045,10
12.9356498718,80.2341003418,65045,65055,10
12.9356098175,80.2342224121,65055,65065,10
12.9354295731,80.2347106934,65065,65075,10
12.935210228,80.2353363037,65075,65105,30
12.935210228,80.2353363037,65105,65115,10
12.9350004196,80.2354812622,65115,65126,11
12.9346199036,80.2353210449,65126,65136,10
12.9341602325,80.2351226807,65136,65146,10
12.9338598251,80.2350997925,65146,65156,10
12.9337501526,80.2355422974,65156,65166,10
12.9336700439,80.235786438,65166,65176,10
12.9332504272,80.2362136841,65176,65196,20
12.9332504272,80.2362136841,65196,65206,10
12.9330797195,80.2361602783,65206,65216,10
12.9329595566,80.236366272,65216,65225,9
12.9328899384,80.2368011475,65225,65237,12
12.9327096939,80.2373275757,65237,65247,10
12.9326095581,80.2376403809,65247,65257,10
12.9323797226,80.2381362915,65257,65267,10
12.932220459,80.2385406494,65267,65277,10
12.932009697,80.2387924194,65277,65287,10
12.9312601089,80.2386016846,65287,65317,30
12.9312601089,80.2386016846,65317,65326,9
12.9312200546,80.2385635376,65326,65338,12
12.9307498932,80.2383880615,65338,65348,10
12.9300699234,80.2381591797,65348,65358,10
12.9295902252,80.2380523682,65358,65368,10
12.9294996262,80.2383270264,65368,65378,10
12.9293603897,80.2388305664,65378,65388,10
12.9292402267,80.2390670776,65388,65398,10
12.9289798737,80.2390289307,65398,65408,10
12.9284601212,80.238899231,65408,65469,61
12.9284601212,80.238899231,65469,65479,10
12.9281396866,80.2388000488,65479,65489,10
12.9275503159,80.2386703491,65489,65499,10
12.9269399643,80.23853302,65499,65509,10
12.9263296127,80.2383804321,65509,65519,10
12.9256496429,80.2382202148,65519,65529,10
12.9257698059,80.2382965088,65529,65590,61
12.9257698059,80.2382965088,65590,65600,10
12.9261798859,80.238319397,65600,65610,10
12.9267702103,80.2384719849,65610,65620,10
12.9271402359,80.2385482788,65620,65630,10
12.9275503159,80.2386627197,65630,65640,10
12.9280004501,80.2387771606,65640,65651,11
12.9282302856,80.2388305664,65651,65661,10
12.928319931,80.238861084,65661,65671,10
12.928730011,80.2389602661,65671,65681,10
12.9288597107,80.2389907837,65681,65691,10
12.9292297363,80.2390899658,65691,65701,10
12.9293804169,80.238822937,65701,65711,10
12.9295301437,80.2382888794,65711,65721,10
12.9296598434,80.23802948,65721,65731,10
12.9301900864,80.2381896973,65731,65740,9
12.931189537,80.2385482788,65740,65762,22
12.931189537,80.2385482788,65762,65772,10
12.9313097,80.2386016846,65772,65782,10
12.9316196442,80.2387084961,65782,65792,10
12.9320497513,80.2388000488,65792,65802,10
12.9322299957,80.2385482788,65802,65812,10
12.9323396683,80.238243103,65812,65822,10
12.9325199127,80.237739563,65822,65832,10
12.9327001572,80.2372970581,65832,65842,10
12.9327898026,80.2370300293,65842,65853,11
12.9329204559,80.2365264893,65853,65863,10
12.9329595566,80.2363204956,65863,65873,10
12.9330797195,80.2361679077,65873,65883,10
12.9331903458,80.2361907959,65883,65893,10
12.9334201813,80.2362594604,65893,65903,10
12.9336004257,80.236076355,65903,65913,10
12.9336795807,80.235748291,65913,65923,10
12.9336900711,80.2356567383,65923,65933,10
12.9337997437,80.2352371216,65933,65943,10
12.9340600967,80.2350997925,65943,65954,11
12.9345502853,80.2353210449,65954,65964,10
12.9349498749,80.2354812622,65964,65974,10
12.9351196289,80.235496521,65974,65984,10
12.9351797104,80.2352523804,65984,66055,71
12.9351797104,80.2352523804,66055,66065,10
12.9352197647,80.2351837158,66065,66075,10
12.9353599548,80.2348327637,66075,66085,10
12.9355897903,80.2342300415,66085,66095,10
12.9357204437,80.2339401245,66095,66105,10
12.9357595444,80.2338867188,66105,66115,10
12.9360303879,80.2338485718,66115,66125,10
12.9365901947,80.2341537476,66125,66135,10
12.9373502731,80.2345199585,66135,66145,10
12.938249588,80.2349472046,66145,66155,10
12.9395103455,80.2355804443,66155,66186,31
12.9395103455,80.2355804443,66186,66196,10
12.9395904541,80.2356262207,66196,66206,10
12.9400196075,80.2358169556,66206,66216,10
12.9406795502,80.2360076904,66216,66226,10
12.9414701462,80.2362136841,66226,66236,10
12.942440033,80.2364730835,66236,66246,10
12.94328022,80.2369537354,66246,66255,9
12.9439001083,80.2376022339,66255,66267,12
12.9447898865,80.2385787964,66267,66277,10
12.9456396103,80.2393188477,66277,66287,10
12.9465904236,80.2397384644,66287,66297,10
12.9474697113,80.2400970459,66297,66307,10
12.9480495453,80.2403182983,66307,66317,10
12.9481601715,80.2403717041,66317,66327,10
12.9485502243,80.2405319214,66327,66337,10
12.9491500854,80.2407684326,66337,66347,10
12.9497699738,80.2409896851,66347,66357,10
12.9504499435,80.2411880493,66357,66368,11
12.9510002136,80.2413787842,66368,66388,20
12.9510002136,80.2413787842,66388,66398,10
12.9512300491,80.2414932251,66398,66408,10
12.9518203735,80.2416915894,66408,66418,10
12.9525604248,80.2419586182,66418,66428,10
12.95333004,80.2422637939,66428,66438,10
12.9540901184,80.2425613403,66438,66448,10
12.9547700882,80.2428283691,66448,66458,10
12.955329895,80.2430419922,66458,66469,11
12.9560804367,80.2433319092,66469,66479,10
12.9563903809,80.2434616089,66479,66489,10
12.9567203522,80.243598938,66489,66499,10
12.9573497772,80.2438583374,66499,66509,10
12.9580898285,80.244178772,66509,66519,10
12.9589500427,80.2445068359,66519,66539,20
12.9589500427,80.2445068359,66539,66549,10
12.9591798782,80.2446365356,66549,66558,9
12.9596500397,80.2448806763,66558,66569,11
12.960439682,80.2452392578,66569,66580,11
12.961400032,80.2456817627,66580,66590,10
12.9623699188,80.2461624146,66590,66600,10
12.9632396698,80.2465591431,66600,66660,60
12.9632396698,80.2465591431,66660,66670,10
12.9634399414,80.2466812134,66670,66681,11
12.9638004303,80.2468490601,66681,66691,10
12.9643697739,80.2470626831,66691,66701,10
12.9650802612,80.2473220825,66701,66711,10
12.9658203125,80.2475814819,66711,66721,10
12.9663600922,80.2477798462,66721,66731,10
12.9665803909,80.2478637695,66731,66751,20
12.9665803909,80.2478637695,66751,66761,10
12.9667797089,80.2479934692,66761,66771,10
12.9672498703,80.2482376099,66771,66782,11
12.968079567,80.2485961914,66782,66792,10
12.968919754,80.2489395142,66792,66802,10
12.9697999954,80.2492980957,66802,66812,10
12.9708900452,80.2496871948,66812,66822,10
12.9720096588,80.2499923706,66822,66832,10
12.9729795456,80.2502365112,66832,66842,10
12.9737701416,80.2504425049,66842,66852,10
12.9744901657,80.250617981,66852,66862,10
12.9752702713,80.250831604,66862,66953,91
12.9752702713,80.250831604,66953,66963,10
12.9752902985,80.2508010864,66963,66973,10
12.975689888,80.2509307861,66973,66984,11
12.9764404297,80.251159668,66984,66994,10
12.9770898819,80.2514038086,66994,67004,10
12.9777803421,80.2518234253,67004,67014,10
12.9785604477,80.2523880005,67014,67064,50
12.9785604477,80.2523880005,67064,67074,10
12.9786500931,80.2524414063,67074,67084,10
12.978969574,80.252571106,67084,67095,11
12.9795598984,80.2526321411,67095,67256,161
12.9795598984,80.2526321411,67256,67266,10
12.9798698425,80.2526702881,67266,67276,10
12.9803104401,80.2526779175,67276,67286,10
12.9807395935,80.2526473999,67286,67297,11
12.9813699722,80.2526397705,67297,67307,10
12.9818496704,80.2526321411,67307,67317,10
12.9821996689,80.2526168823,67317,67519,202
12.9821996689,80.2526168823,67519,67529,10
12.9826202393,80.2526321411,67529,67539,10
12.9828996658,80.2526016235,67539,67549,10
12.9832296371,80.2525634766,67549,67559,10
12.9838399887,80.2524032593,67559,67741,182
12.9838399887,80.2524032593,67741,67751,10
12.9839696884,80.2523498535,67751,67761,10
12.984290123,80.2522583008,67761,67771,10
12.9847297668,80.2521362305,67771,67781,10
12.9852600098,80.251991272,67781,67791,10
12.9856595993,80.2518920898,67791,67801,10
12.9860801697,80.2517700195,67801,67810,9
12.9866199493,80.2516403198,67810,67822,12
12.9871797562,80.2514877319,67822,67832,10
12.9875001907,80.2514038086,67832,67842,10
12.9878196716,80.2514419556,67842,67852,10
12.9878902435,80.2517623901,67852,67862,10
12.9879999161,80.2523269653,67862,67872,10
12.9879198074,80.2532424927,67872,67882,10
12.9878702164,80.2538909912,67882,67892,10
12.9878396988,80.2542495728,67892,67902,10
12.9877996445,80.2547531128,67902,67912,10
12.9877595901,80.2551498413,67912,67923,11
12.9877099991,80.2555923462,67923,67933,10
12.9877195358,80.2557983398,67933,67943,10
12.9880800247,80.2558822632,67943,67973,30
12.9880800247,80.2558822632,67973,67983,10
12.9883499146,80.2559585571,67983,67993,10
12.9884300232,80.2559585571,67993,68003,10
12.9886398315,80.2559661865,68003,68012,9
12.9889297485,80.2559890747,68012,68024,12
12.9893798828,80.2560272217,68024,68034,10
12.9899997711,80.2560806274,68034,68044,10
12.9905395508,80.256072998,68044,68054,10
12.9911804199,80.2561035156,68054,68064,10
12.9919595718,80.2561264038,68064,68074,10
12.9928302765,80.2561035156,68074,68084,10
12.9935998917,80.2560501099,68084,68094,10
12.9942903519,80.2560119629,68094,68104,10
12.9954204559,80.2559585571,68104,68125,21
12.9954204559,80.2559585571,68125,68135,10
12.9954900742,80.2559432983,68135,68145,10
12.9956903458,80.2559585571,68145,68155,10
12.9961204529,80.2559585571,68155,68165,10
12.9967699051,80.2559204102,68165,68225,60
12.9967699051,80.2559204102,68225,68236,11
12.9968795776,80.2558898926,68236,68246,10
12.9972000122,80.255897522,68246,68256,10
12.9976797104,80.2559509277,68256,68266,10
12.998339653,80.2560195923,68266,68276,10
12.9988203049,80.2560806274,68276,68286,10
12.9990301132,80.256111145,68286,68296,10
12.9990997314,80.2561264038,68296,68306,10
12.9995498657,80.2562179565,68306,68316,10
13.0000295639,80.2563171387,68316,68326,10
13.0006198883,80.256439209,68326,68337,11
13.0010900497,80.2565231323,68337,68347,10
13.00137043,80.2565765381,68347,68357,10
13.0016899109,80.256652832,68357,68367,10
13.0019397736,80.256690979,68367,68377,10
13.0021095276,80.2567062378,68377,68387,10
13.0022096634,80.2567214966,68387,68397,10
13.0024700165,80.2567596436,68397,68407,10
13.0027399063,80.2568206787,68407,68417,10
13.0030603409,80.2568817139,68417,68427,10
13.0034399033,80.2569503784,68427,68438,11
13.0038299561,80.2570266724,68438,68448,10
13.0040798187,80.2570877075,68448,68458,10
13.0043697357,80.2571411133,68458,68468,10
13.00481987,80.2572174072,68468,68478,10
13.0054197311,80.2573165894,68478,68549,71
13.0054197311,80.2573165894,68549,68559,10
13.0058403015,80.2574005127,68559,68569,10
13.0064096451,80.257522583,68569,68579,10
13.006819725,80.2577896118,68579,68589,10
13.0071601868,80.2583389282,68589,68599,10
13.0077800751,80.2587814331,68599,68609,10
13.0080299377,80.2588577271,68609,68619,10
13.0080795288,80.2588729858,68619,68628,9
13.0083999634,80.2589797974,68628,68640,12
13.0085296631,80.2590408325,68640,68650,10
13.0087203979,80.2591171265,68650,68660,10
13.0090999603,80.2591400146,68660,68670,10
13.0096998215,80.2591323853,68670,68680,10
13.0104703903,80.2591400146,68680,68690,10
13.0111103058,80.2591171265,68690,68700,10
13.0119104385,80.2591094971,68700,68710,10
13.0128002167,80.259147644,68710,68720,10
13.0137996674,80.2592010498,68720,68730,10
13.0148200989,80.2592315674,68730,68741,11
13.0157203674,80.2593688965,68741,68751,10
13.0163898468,80.2597427368,68751,68791,40
13.0163898468,80.2597427368,68791,68801,10
13.0164899826,80.2598571777,68801,68811,10
13.0166597366,80.2599868774,68811,68821,10
13.016960144,80.2602005005,68821,68831,10
13.0174703598,80.2605361938,68831,68841,10
13.0180196762,80.2609100342,68841,68852,11
13.0181999207,80.2610626221,68852,68862,10
13.0183897018,80.2612304688,68862,68872,10
13.0187101364,80.261428833,68872,68882,10
13.018989563,80.2616577148,68882,68892,10
13.0193796158,80.2619781494,68892,68902,10
13.0198097229,80.2624130249,68902,68912,10
13.0202999115,80.262840271,68912,68922,10
13.0203199387,80.2630462646,68922,68932,10
13.0200395584,80.2630691528,68932,68942,10
13.0195198059,80.2630233765,68942,68953,11
13.0190496445,80.2630081177,68953,68963,10
13.0190095901,80.2634811401,68963,68973,10
13.0190896988,80.264289856,68973,68983,10
13.0188703537,80.2651672363,68983,68993,10
13.0187501907,80.2656021118,68993,69003,10
13.0186500549,80.266242981,69003,69013,10
13.0187597275,80.2670669556,69013,69023,10
13.0192203522,80.2678527832,69023,69033,10
13.0198602676,80.2686233521,69033,69043,10
13.0205202103,80.2694320679,69043,69054,11
13.0210399628,80.2700576782,69054,69064,10
13.0214395523,80.2704925537,69064,69074,10
13.0214700699,80.2705383301,69074,69084,10
13.0215797424,80.270690918,69084,69094,10
13.0219297409,80.2711486816,69094,69104,10
13.0224103928,80.2717819214,69104,69114,10
13.0229597092,80.2725219727,69114,69124,10
13.0235900879,80.2733764648,69124,69134,10
13.0240802765,80.2740478516,69134,69144,10
13.0244703293,80.2745437622,69144,69155,11
13.024720192,80.2747268677,69155,69165,10
13.0249004364,80.274810791,69165,69175,10
13.0252895355,80.2749404907,69175,69195,20
13.0252895355,80.2749404907,69195,69205,10
13.0254898071,80.2750701904,69205,69215,10
13.0259304047,80.2752838135,69215,69225,10
13.0264701843,80.2755126953,69225,69234,9
13.0270299911,80.2757492065,69234,69245,11
13.0277204514,80.2760925293,69245,69255,10
13.0283498764,80.2763519287,69255,69266,11
13.0288000107,80.2765197754,69266,69276,10
13.0293598175,80.2767028809,69276,69286,10
13.0296497345,80.2767562866,69286,69296,10
13.0298404694,80.2767791748,69296,69306,10
13.0302200317,80.2769470215,69306,69316,10
13.030579567,80.2771224976,69316,69325,9
13.0309200287,80.27734375,69325,69336,11
13.0314397812,80.2776184082,69336,69346,10
13.0319004059,80.2776489258,69346,69356,10
13.0321903229,80.2776184082,69356,69367,11
13.0325603485,80.2775726318,69367,69377,10
13.0326404572,80.2775497437,69377,69387,10
13.0332202911,80.2774810791,69387,69417,30
13.0332202911,80.2774810791,69417,69427,10
13.033539772,80.2773895264,69427,69437,10
13.0341796875,80.2775268555,69437,69446,9
13.0349197388,80.2776870728,69446,69457,11
13.0355997086,80.2778320313,69457,69467,10
13.0363302231,80.2779769897,69467,69478,11
13.0370903015,80.2782592773,69478,69488,10
13.0377902985,80.2784576416,69488,69498,10
13.0384902954,80.2786483765,69498,69508,10
13.0389099121,80.2787475586,69508,69518,10
13.0389404297,80.2787704468,69518,69528,10
13.0392198563,80.2788772583,69528,69538,10
13.0397796631,80.2790527344,69538,69548,10
13.0405597687,80.279258728,69548,69558,10
13.0413999557,80.2794265747,69558,69569,11
13.0424499512,80.2795791626,69569,69579,10
13.0431003571,80.2796173096,69579,69639,60
13.0431003571,80.2796173096,69639,69649,10
13.0434503555,80.2797012329,69649,69658,9
13.0440502167,80.279876709,69658,69670,12
13.0451602936,80.2800521851,69670,69680,10
13.0456895828,80.280128479,69680,69690,10
13.0458297729,80.2801437378,69690,69700,10
13.0464200974,80.2802276611,69700,69710,10
13.0472803116,80.2803573608,69710,69720,10
13.0482501984,80.2805099487,69720,69730,10
13.0492200851,80.2806625366,69730,69740,10
13.0501203537,80.2807769775,69740,69750,10
13.0510101318,80.280921936,69750,69760,10
13.0520801544,80.2810897827,69760,69770,10
13.0531797409,80.2812728882,69770,69781,11
13.0543899536,80.281463623,69781,69791,10
13.0553703308,80.2816467285,69791,69801,10
13.0559396744,80.28175354,69801,69811,10
13.0562000275,80.2817993164,69811,69821,10
13.0563898087,80.2818374634,69821,69831,10
13.056429863,80.2818527222,69831,69841,10
13.056520462,80.281867981,69841,69851,10
13.0566596985,80.2818984985,69851,69861,10
13.0567398071,80.2819137573,69861,69872,11
13.0570602417,80.2819824219,69872,69882,10
13.0574102402,80.282043457,69882,69902,20
13.0574102402,80.282043457,69902,69912,10
13.0574398041,80.2820587158,69912,69922,10
13.0578603745,80.2821426392,69922,69932,10
13.0586099625,80.2823028564,69932,69942,10
13.0593500137,80.2824630737,69942,69952,10
13.0601100922,80.2826080322,69952,69962,10
13.0609302521,80.2827911377,69962,69972,10
13.0619001389,80.2829971313,69972,69983,11
13.0631504059,80.2832717896,69983,70033,50
13.0631504059,80.2832717896,70033,70043,10
13.0635204315,80.2833709717,70043,70053,10
13.063750267,80.2834320068,70053,70063,10
13.0638103485,80.2834472656,70063,70073,10
13.0641899109,80.283531189,70073,70084,11
13.064909935,80.2836837769,70084,70094,10
13.0657501221,80.2838668823,70094,70104,10
13.0666599274,80.284072876,70104,70114,10
13.0675201416,80.2842407227,70114,70123,9
13.0682296753,80.2843704224,70123,70134,11
13.0691404343,80.2845916748,70134,70144,10
13.0699901581,80.2847976685,70144,70154,10
13.0708799362,80.2850265503,70154,70164,10
13.0718097687,80.2852478027,70164,70174,10
13.0727100372,80.2853393555,70174,70183,9
13.0732803345,80.2852630615,70183,70195,12
13.0733203888,80.2852630615,70195,70205,10
13.0735301971,80.2852935791,70205,70215,10
13.0738801956,80.2855377197,70215,70225,10
13.0742702484,80.2860717773,70225,70235,10
13.0748596191,80.2864837646,70235,70245,10
13.075220108,80.2867202759,70245,70255,10
13.0756196976,80.2869110107,70255,70265,10
13.076259613,80.2871170044,70265,70275,10
13.0770902634,80.2873535156,70275,70285,10
13.0781602859,80.2876205444,70285,70296,11
13.0792398453,80.2879867554,70296,70306,10
13.0800504684,80.2881622314,70306,70316,10
13.0805196762,80.2882995605,70316,70326,10
13.0810899734,80.2884674072,70326,70336,10
13.0817403793,80.2886962891,70336,70346,10
13.0822696686,80.2888793945,70346,70356,10
13.0828800201,80.2891693115,70356,70366,10
13.0835800171,80.2892379761,70366,70376,10
13.0843000412,80.2892227173,70376,70385,9
13.0850296021,80.2891998291,70385,70397,12
13.0859498978,80.2893981934,70397,70407,10
13.0866498947,80.2895736694,70407,70417,10
13.0873804092,80.2898101807,70417,70427,10
13.0879898071,80.2900772095,70427,70437,10
13.0887498856,80.2902069092,70437,70528,91
13.0887498856,80.2902069092,70528,70538,10
13.0887002945,80.2904663086,70538,70548,10
13.0883302689,80.2903213501,70548,70558,10
13.0878601074,80.2901077271,70558,70568,10
13.0872001648,80.2898788452,70568,70578,10
13.0866498947,80.2897186279,70578,70588,10
13.0860004425,80.2895584106,70588,70598,10
13.0855102539,80.2891235352,70598,70609,11
13.0851297379,80.2883071899,70609,70619,10
13.0850696564,80.2875518799,70619,70629,10
13.0851402283,80.2866592407,70629,70639,10
13.0852298737,80.2857589722,70639,70649,10
13.0853004456,80.2848892212,70649,70659,10
13.0851802826,80.2841796875,70659,70679,20
13.0851802826,80.2841796875,70679,70689,10
13.0852499008,80.2840499878,70689,70699,10
13.0853700638,80.2837982178,70699,70710,11
13.0854902267,80.2835769653,70710,70720,10
13.0859298706,80.2835769653,70720,70730,10
13.086230278,80.2835998535,70730,70740,10
13.0863599777,80.2837677002,70740,70750,10
13.0866699219,80.2839431763,70750,70760,10
13.0869903564,80.2839736938,70760,70770,10
13.0873098373,80.2839584351,70770,70780,10
13.0876398087,80.2839736938,70780,70790,10
13.0878896713,80.2840194702,70790,70800,10
13.0880899429,80.2838973999,70800,71659,859
13.0880899429,80.2838973999,71659,71669,10
13.088060379,80.2837905884,71669,71679,10
13.088139534,80.2835998535,71679,71689,10
13.0882501602,80.2834396362,71689,71699,10
13.0882396698,80.2831420898,71699,71709,10
13.0882501602,80.2826690674,71709,71719,10
13.0882101059,80.2822113037,71719,71729,10
13.0881204605,80.2818603516,71729,71740,11
13.0880002975,80.2814788818,71740,71760,20
13.0880002975,80.2814788818,71760,71770,10
13.0882196426,80.2814483643,71770,71780,10
13.0884599686,80.2815093994,71780,71790,10
13.0885000229,80.2818374634,71790,71800,10
13.0884103775,80.2822418213,71800,71820,20
13.0884103775,80.2822418213,71820,71829,9
13.0883703232,80.2824401855,71829,71841,12
13.0883197784,80.282699585,71841,71851,10
13.0882797241,80.2830810547,71851,71861,10
13.0882797241,80.2834320068,71861,71871,10
13.0883197784,80.283782959,71871,71881,10
13.0883398056,80.2841796875,71881,71891,10
13.0883998871,80.284942627,71891,71940,49
13.0883998871,80.284942627,71940,71952,12
13.0883798599,80.2850875854,71952,71962,10
13.0884103775,80.28540802,71962,71972,10
13.0884504318,80.2858200073,71972,71982,10
13.0884599686,80.2863082886,71982,71992,10
13.088470459,80.2865829468,71992,72002,10
13.0885095596,80.287109375,72002,72012,10
13.0885400772,80.2874984741,72012,72022,10
13.0885801315,80.2878417969,72022,72032,10
13.0886297226,80.2884216309,72032,72042,10
13.0886602402,80.2886886597,72042,72053,11
13.0887498856,80.2893981934,72053,72073,20
13.0887498856,80.2893981934,72073,72083,10
13.0887804031,80.2898178101,72083,72093,10
13.088760376,80.2902908325,72093,72103,10
13.0885801315,80.2904968262,72103,72113,10
13.0881004333,80.2902374268,72113,72123,10
13.087439537,80.2899093628,72123,72133,10
13.086640358,80.2895965576,72133,72143,10
13.0856103897,80.289352417,72143,72154,11
13.0845403671,80.2892608643,72154,72164,10
13.0837097168,80.2892684937,72164,72174,10
13.082909584,80.2892608643,72174,72184,10
13.0821895599,80.2889404297,72184,72194,10
13.0815296173,80.2887115479,72194,72204,10
13.0808000565,80.2884902954,72204,72214,10
13.0801095963,80.2882919312,72214,72224,10
13.0800104141,80.288269043,72224,72234,10
13.0796203613,80.2882003784,72234,72243,9
13.0789699554,80.2879867554,72243,72255,12
13.0778303146,80.287612915,72255,72265,10
13.0766601563,80.2872924805,72265,72275,10
13.0754899979,80.2869186401,72275,72285,10
13.0746603012,80.2864379883,72285,72295,10
13.0740995407,80.2861633301,72295,72305,10
13.0739402771,80.2861099243,72305,72315,10
13.0733699799,80.2860107422,72315,72325,10
13.0726299286,80.2856216431,72325,72335,10
13.071680069,80.2853012085,72335,72344,9
13.0706596375,80.2850418091,72344,72356,12
13.0691699982,80.2846908569,72356,72366,10
13.0677900314,80.2843780518,72366,72386,20
13.0677900314,80.2843780518,72386,72396,10
13.0674295425,80.2843399048,72396,72406,10
13.0666999817,80.2841796875,72406,72416,10
13.0657701492,80.2839736938,72416,72426,10
13.0648899078,80.283782959,72426,72436,10
13.0643796921,80.2836685181,72436,72446,10
13.0643501282,80.2836608887,72446,72456,10
13.0641403198,80.2836074829,72456,72467,11
13.0635900497,80.2834625244,72467,72477,10
13.0630598068,80.2833175659,72477,72487,10
13.062379837,80.2831726074,72487,72507,20
13.062379837,80.2831726074,72507,72517,10
13.0620498657,80.2830810547,72517,72527,10
13.0614595413,80.2829284668,72527,72537,10
13.0607204437,80.2827835083,72537,72547,10
13.0598602295,80.2826080322,72547,72557,10
13.0589399338,80.2824325562,72557,72568,11
13.0579299927,80.2822265625,72568,72578,10
13.05671978,80.2819824219,72578,72608,30
13.05671978,80.2819824219,72608,72618,10
13.0566101074,80.2819595337,72618,72628,10
13.0563001633,80.2818984985,72628,72638,10
13.0556898117,80.2817611694,72638,72648,10
13.0548801422,80.2816085815,72648,72658,10
13.0539598465,80.2814331055,72658,72669,11
13.0528898239,80.2812423706,72669,72679,10
13.0519695282,80.2810974121,72679,72689,10
13.0511102676,80.2809829712,72689,72699,10
13.0503196716,80.2808609009,72699,72709,10
13.0494499207,80.2807388306,72709,72719,10
13.04845047,80.2805862427,72719,72729,10
13.0473403931,80.280418396,72729,72739,10
13.0462903976,80.2802886963,72739,72749,10
13.0456895828,80.2802200317,72749,72759,10
13.0455999374,80.2801971436,72759,72770,11
13.0450496674,80.280128479,72770,72780,10
13.0443000793,80.2800292969,72780,72790,10
13.0438699722,80.2799606323,72790,72800,10
13.0435600281,80.2799072266,72800,72810,10
13.043009758,80.2797927856,72810,72820,10
13.0422096252,80.2796096802,72820,72830,10
13.0413799286,80.2794570923,72830,72840,10
13.040599823,80.2793121338,72840,72850,10
13.0398197174,80.2791290283,72850,72861,11
13.039150238,80.2789535522,72861,72871,10
13.0390901566,80.2789306641,72871,72881,10
13.0390195847,80.2789001465,72881,72891,10
13.0387401581,80.2788009644,72891,72901,10
13.0382995605,80.2786483765,72901,72911,10
13.0377397537,80.2784881592,72911,72921,10
13.0372600555,80.2783432007,72921,72931,10
13.0366601944,80.2781219482,72931,72941,10
13.0360097885,80.2779388428,72941,72951,10
13.0354499817,80.2778091431,72951,72961,10
13.0347995758,80.2777023315,72961,72970,9
13.0342502594,80.2775726318,72970,72982,12
13.0339002609,80.2774734497,72982,72992,10
13.0335998535,80.2774124146,72992,73002,10
13.0331296921,80.2775115967,73002,73012,10
13.0327396393,80.2775421143,73012,73022,10
13.0323600769,80.2775726318,73022,73032,10
13.0319595337,80.2776107788,73032,73042,10
13.0313997269,80.277633667,73042,73052,10
13.0310697556,80.2774429321,73052,73062,10
13.0310001373,80.2773971558,73062,73072,10
13.0308198929,80.2772903442,73072,73083,11
13.0307397842,80.2772521973,73083,73093,10
13.0303201675,80.2770080566,73093,73103,10
13.0297203064,80.2767715454,73103,73113,10
13.0291204453,80.2766113281,73113,73123,10
13.0285396576,80.2764129639,73123,73133,10
13.0279302597,80.2761535645,73133,73143,10
13.0272502899,80.2758636475,73143,73153,10
13.0265197754,80.2755584717,73153,73163,10
13.0260400772,80.2753295898,73163,73173,10
13.02602005,80.2753219604,73173,73184,11
13.0258197784,80.2752380371,73184,73194,10
13.02546978,80.2750778198,73194,73204,10
13.024889946,80.2748184204,73204,73214,10
13.0244197845,80.2745437622,73214,73234,20
13.0244197845,80.2745437622,73234,73244,10
13.0243301392,80.2744369507,73244,73254,10
13.0241003036,80.2741317749,73254,73264,10
13.0238704681,80.2738189697,73264,73275,11
13.0235099792,80.2733535767,73275,73285,10
13.0230302811,80.2726974487,73285,73295,10
13.022480011,80.2719802856,73295,73305,10
13.0219402313,80.271270752,73305,73315,10
13.0214004517,80.2705993652,73315,73325,10
13.0209102631,80.2700119019,73325,73335,10
13.020819664,80.2699127197,73335,73345,10
13.0206804276,80.26978302,73345,73355,10
13.020359993,80.2693328857,73355,73365,10
13.0198698044,80.2687225342,73365,73376,11
13.0192804337,80.2679824829,73376,73386,10
13.0187702179,80.267326355,73386,73396,10
13.0186100006,80.2666320801,73396,73406,10
13.0185899734,80.2659912109,73406,73416,10
13.0187196732,80.265411377,73416,73426,10
13.0189399719,80.2646713257,73426,73436,10
13.018989563,80.2638626099,73436,73446,10
13.0189504623,80.263458252,73446,73456,10
13.0188903809,80.2629394531,73456,73466,10
13.0188102722,80.2623214722,73466,73476,10
13.018699646,80.2616729736,73476,73487,11
13.0183296204,80.261177063,73487,73497,10
13.0178203583,80.2608032227,73497,73507,10
13.0172901154,80.2604522705,73507,73517,10
13.0166597366,80.2600479126,73517,73527,10
13.016119957,80.2597579956,73527,73547,20
13.016119957,80.2597579956,73547,73557,10
13.01583004,80.2595977783,73557,73567,10
13.015250206,80.2594299316,73567,73577,10
13.0144996643,80.2593536377,73577,73587,10
13.0136404037,80.2593231201,73587,73598,11
13.0125904083,80.2592926025,73598,73608,10
13.0116596222,80.259262085,73608,73618,10
13.0108499527,80.2592468262,73618,73628,10
13.0101003647,80.2592697144,73628,73638,10
13.0093297958,80.2592773438,73638,73648,10
13.008769989,80.2592773438,73648,73658,10
13.0085496902,80.2592697144,73658,73668,10
13.0080099106,80.2593002319,73668,73678,10
13.0074300766,80.2593917847,73678,73687,9
13.0072002411,80.2589416504,73687,73699,12
13.0071496964,80.2587966919,73699,73709,10
13.0070896149,80.2586212158,73709,73719,10
13.0068302155,80.2581863403,73719,73729,10
13.0065097809,80.2577590942,73729,73739,10
13.0061903,80.257598877,73739,73749,10
13.0058097839,80.2574691772,73749,73757,8
13.0054502487,80.2574005127,73757,73769,12
13.0048799515,80.257232666,73769,73779,10
13.0043897629,80.2571334839,73779,73790,11
13.0037899017,80.2570037842,73790,73800,10
13.0031795502,80.2568969727,73800,73810,10
13.002699852,80.2568206787,73810,73820,10
13.0026197433,80.2567977905,73820,73830,10
13.0023002625,80.2567367554,73830,73840,10
13.0020103455,80.2567062378,73840,73850,10
13.0012903214,80.2566070557,73850,73921,71
13.0012903214,80.2566070557,73921,73931,10
13.0011701584,80.2566299438,73931,73941,10
13.0007295609,80.2565612793,73941,73951,10
13.0000295639,80.256439209,73951,73961,10
12.9995002747,80.2563476563,73961,73981,20
12.9995002747,80.2563476563,73981,73990,9
12.9993200302,80.2563018799,73990,74001,11
12.9985103607,80.2561569214,74001,74022,21
12.9985103607,80.2561569214,74022,74032,10
12.9984102249,80.256111145,74032,74042,10
12.9980602264,80.2560577393,74042,74052,10
12.9975204468,80.2560119629,74052,74062,10
12.9969797134,80.2559890747,74062,74072,10
12.9966096878,80.2559661865,74072,74082,10
12.9960403442,80.2559661865,74082,74092,10
12.9954996109,80.2559814453,74092,74102,10
12.9949903488,80.2559814453,74102,74113,11
12.9944896698,80.2560119629,74113,74123,10
12.994099617,80.2560577393,74123,74133,10
12.9934902191,80.2561035156,74133,74143,10
12.9926795959,80.2561416626,74143,74153,10
12.9918298721,80.2561416626,74153,74163,10
12.9911699295,80.256111145,74163,74173,10
12.9907598495,80.2561035156,74173,74183,10
12.9904603958,80.2561035156,74183,74193,10
12.989979744,80.2560882568,74193,74203,10
12.9894695282,80.2560577393,74203,74214,11
12.9888801575,80.2560119629,74214,74254,40
12.9888801575,80.2560119629,74254,74264,10
12.9886302948,80.2559967041,74264,74325,61
12.9886302948,80.2559967041,74325,74335,10
12.9884796143,80.2559967041,74335,74345,10
12.9882001877,80.2559585571,74345,74355,10
12.9877996445,80.2559127808,74355,74365,10
12.9873504639,80.255821228,74365,74375,10
12.9868497849,80.2557296753,74375,74385,10
12.9865503311,80.2556915283,74385,74395,10
12.9860897064,80.255569458,74395,74416,21
12.9860897064,80.255569458,74416,74426,10
12.986000061,80.2555389404,74426,74436,10
12.9857301712,80.2554702759,74436,74446,10
12.9851999283,80.2553710938,74446,74456,10
12.984749794,80.2552566528,74456,74466,10
12.9843301773,80.2551422119,74466,74476,10
12.9838695526,80.2550430298,74476,74486,10
12.9836101532,80.2549667358,74486,74496,10
12.9833297729,80.2548980713,74496,74506,10
12.9828596115,80.2547836304,74506,74516,10
12.9822998047,80.2545928955,74516,74527,11
12.9819202423,80.2540206909,74527,74537,10
12.9817399979,80.2533187866,74537,74547,10
12.9813404083,80.2528610229,74547,74557,10
12.9807195663,80.2528533936,74557,74567,10
12.980050087,80.2528305054,74567,74577,10
12.9792900085,80.2527389526,74577,74587,10
12.9786300659,80.2526473999,74587,74597,10
12.9785003662,80.2526016235,74597,74607,10
12.9782896042,80.252456665,74607,74617,10
12.9777803421,80.2520294189,74617,74628,11
12.976940155,80.2514419556,74628,74638,10
12.9758796692,80.2511062622,74638,74648,10
12.9746999741,80.2507781982,74648,74658,10
12.9735403061,80.2504577637,74658,74668,10
12.9724903107,80.2501907349,74668,74678,10
12.9715099335,80.2499313354,74678,74688,10
12.9707803726,80.2497406006,74688,74698,10
12.9700202942,80.2494812012,74698,74708,10
12.96916008,80.2491378784,74708,74718,10
12.9682598114,80.2487869263,74718,74729,11
12.9675197601,80.2484893799,74729,74739,10
12.9670801163,80.2482910156,74739,74749,10
12.9668598175,80.2481689453,74749,74759,10
12.9665699005,80.2480316162,74759,74769,10
12.9660902023,80.247833252,74769,74779,10
12.9654903412,80.2475967407,74779,74789,10
12.9652204514,80.2474975586,74789,74799,10
12.9651498795,80.2474822998,74799,74809,10
12.9647598267,80.2473220825,74809,74819,10
12.9641895294,80.2471389771,74819,74830,11
12.9636001587,80.2469100952,74830,74840,10
12.96296978,80.2465667725,74840,74850,10
12.9621095657,80.2461624146,74850,74860,10
12.9610996246,80.2456588745,74860,74870,10
12.9597997665,80.2451019287,74870,74890,20
12.9597997665,80.2451019287,74890,74900,10
12.9597902298,80.2450866699,74900,74910,10
12.9593896866,80.2448883057,74910,74920,10
12.958729744,80.2445907593,74920,74931,11
12.9579296112,80.2442779541,74931,74941,10
12.9572896957,80.2440185547,74941,74951,10
12.9565401077,80.2436599731,74951,74991,40
12.9565401077,80.2436599731,74991,75001,10
12.9559602737,80.2434310913,75001,75011,10
12.9552402496,80.2431411743,75011,75020,9
12.9545698166,80.2428588867,75020,75031,11
12.9538402557,80.2425689697,75031,75042,11
12.9530296326,80.2422485352,75042,75052,10
12.9522199631,80.2419586182,75052,75062,10
12.9517202377,80.2417984009,75062,75072,10
12.9517002106,80.2417831421,75072,75082,10
12.9515199661,80.2417221069,75082,75092,10
12.9509897232,80.2415313721,75092,75102,10
12.9502401352,80.2412796021,75102,75112,10
12.9497804642,80.2411575317,75112,75123,11
12.9496297836,80.2411270142,75123,75133,10
12.949259758,80.2410202026,75133,75143,10
12.9487600327,80.2408065796,75143,75153,10
12.9480495453,80.2404937744,75153,75163,10
12.947019577,80.2400894165,75163,75193,30
12.947019577,80.2400894165,75193,75203,10
12.946849823,80.2399673462,75203,75213,10
12.9463796616,80.2397613525,75213,75223,10
12.9456501007,80.2394485474,75223,75233,10
12.9449596405,80.2389678955,75233,75244,11
12.9442195892,80.2381820679,75244,75254,10
12.9434404373,80.2373580933,75254,75264,10
12.942489624,80.2366333008,75264,75274,10
12.9412498474,80.2362594604,75274,75284,10
12.9405899048,80.2361373901,75284,75294,10
12.9405498505,80.2361373901,75294,75304,10
12.9401102066,80.236000061,75304,75314,10
12.9394302368,80.2357177734,75314,75324,10
12.9385499954,80.2352828979,75324,75334,10
12.9374799728,80.2347488403,75334,75345,11
12.9363203049,80.2342071533,75345,75355,10
12.9357500076,80.2339782715,75355,75365,10
12.9355201721,80.2342834473,75365,75375,10
12.935259819,80.234992981,75375,75385,10
12.9351196289,80.2354202271,75385,75395,10
12.934969902,80.2355422974,75395,75405,10
12.9346399307,80.2353973389,75405,75415,10
12.9341096878,80.235168457,75415,75425,10
12.9338197708,80.2351074219,75425,75435,10
12.9336700439,80.2356033325,75435,75446,11
12.9335403442,80.2360992432,75446,75456,10
12.9334096909,80.236289978,75456,75466,10
12.9332103729,80.2362365723,75466,75476,10
12.9330301285,80.2361907959,75476,75486,10
12.9329099655,80.2363815308,75486,75496,10
12.932800293,80.236907959,75496,75506,10
12.93268013,80.2372817993,75506,75516,10
12.9325704575,80.2375869751,75516,75526,10
12.9323596954,80.2380828857,75526,75535,9
12.9322795868,80.238319397,75535,75547,12
12.9321498871,80.2386169434,75547,75557,10
12.9318399429,80.2388305664,75557,75567,10
12.9312000275,80.2386322021,75567,75587,20
12.9312000275,80.2386322021,75587,75597,10
12.9311199188,80.238609314,75597,75607,10
12.930729866,80.2384719849,75607,75617,10
12.9300699234,80.2382278442,75617,75627,10
12.9295597076,80.238067627,75627,75637,10
12.9294500351,80.238319397,75637,75648,11
12.9293203354,80.2388000488,75648,75658,10
12.929189682,80.2390823364,75658,75668,10
12.9284801483,80.2389526367,75668,75698,30
12.9284801483,80.2389526367,75698,75708,10
12.9282398224,80.2388916016,75708,75718,10
12.9277496338,80.2387695313,75718,75728,10
12.9271697998,80.2386322021,75728,75738,10
12.9264497757,80.2384490967,75738,75748,10
12.9256496429,80.238243103,75748,75769,21
12.9256496429,80.238243103,75769,75779,10
12.9256296158,80.2382278442,75779,75789,10
12.925359726,80.238243103,75789,75799,10
12.9255599976,80.2384109497,75799,75809,10
12.9258899689,80.23828125,75809,75819,10
12.9264802933,80.2384567261,75819,75829,10
12.9271001816,80.2386016846,75829,75839,10
12.9275503159,80.2387008667,75839,75849,10
12.9278402328,80.2387695313,75849,75860,11
12.9283599854,80.238899231,75860,75870,10
12.928850174,80.2390289307,75870,75880,10
12.9292497635,80.2390518188,75880,75890,10
12.9293298721,80.2387619019,75890,75900,10
12.9294500351,80.2383499146,75900,75910,10
12.9295797348,80.23802948,75910,75920,10
12.9300298691,80.2381591797,75920,75930,10
12.9305696487,80.2383499146,75930,75940,10
12.9310703278,80.2385406494,75940,75950,10
12.9313201904,80.2386169434,75950,75961,11
12.9315595627,80.2387237549,75961,75971,10
12.9319696426,80.2388076782,75971,75981,10
12.9320802689,80.2387313843,75981,75991,10
12.9321699142,80.2385177612,75991,76001,10
12.9322595596,80.2382507324,76001,76011,10
12.9324302673,80.2378234863,76011,76021,10
12.9326000214,80.2374191284,76021,76031,10
12.9327001572,80.2371368408,76031,76040,9
12.9328403473,80.2367095947,76040,76052,12
12.9329099655,80.2362976074,76052,76062,10
12.9330301285,80.2361373901,76062,76072,10
12.9333295822,80.2362289429,76072,76082,10
12.9335203171,80.2361068726,76082,76092,10
12.9336395264,80.2356567383,76092,76102,10
12.9337701797,80.235168457,76102,76112,10
12.9342699051,80.2351837158,76112,76132,20
12.9342699051,80.2351837158,76132,76142,10
12.9346599579,80.2353591919,76142,76152,10
12.9349803925,80.2354888916,76152,76163,11
12.9351196289,80.2353515625,76163,76173,10
12.9352502823,80.2349777222,76173,76183,10
12.9354696274,80.234413147,76183,76193,10
12.9357004166,80.2339477539,76193,76233,40
12.9357004166,80.2339477539,76233,76243,10
12.9357299805,80.2338867188,76243,76253,10
12.9358701706,80.233833313,76253,76264,11
12.9363803864,80.2340774536,76264,76274,10
12.937210083,80.2344665527,76274,76284,10
12.9383001328,80.2350082397,76284,76294,10
12.9393701553,80.2355575562,76294,76304,10
12.9404296875,80.2359771729,76304,76314,10
12.941619873,80.2362976074,76314,76324,10
12.942779541,80.2366867065,76324,76334,10
12.9437398911,80.2375183105,76334,76344,10
12.9446601868,80.2385406494,76344,76354,10
12.9456501007,80.239402771,76354,76364,10
12.946680069,80.2398223877,76364,76375,11
12.9474601746,80.2401275635,76375,76385,10
12.9481697083,80.2404327393,76385,76395,10
12.9487400055,80.2406311035,76395,76435,40
12.9487400055,80.2406311035,76435,76445,10
12.9488296509,80.2406768799,76445,76455,10
12.9492902756,80.2408676147,76455,76464,9
12.9499797821,80.2410964966,76464,76476,12
12.9509897232,80.2413711548,76476,76486,10
12.9516601563,80.241607666,76486,76496,10
12.9525403976,80.2419509888,76496,76506,10
12.9535503387,80.2423629761,76506,76516,10
12.9544801712,80.2427368164,76516,76526,10
12.9551801682,80.243019104,76526,76536,10
12.9559402466,80.243347168,76536,76546,10
12.9563398361,80.2434997559,76546,76556,10
12.9568004608,80.2436904907,76556,76566,10
12.9575300217,80.2439804077,76566,76577,11
12.9583101273,80.2443008423,76577,76587,10
12.9588298798,80.2444763184,76587,76597,10
12.9588403702,80.2444763184,76597,76607,10
12.9590501785,80.2445831299,76607,76617,10
12.9591398239,80.2446289063,76617,76627,10
12.9595804214,80.2448272705,76627,76637,10
12.9603004456,80.2451705933,76637,76647,10
12.9611701965,80.2455673218,76647,76657,10
12.9620800018,80.2460174561,76657,76667,10
12.9629602432,80.2464599609,76667,76677,10
12.9633798599,80.2466430664,76677,76738,61
12.9633798599,80.2466430664,76738,76748,10
12.9636096954,80.2467727661,76748,76758,10
12.9641199112,80.2469711304,76758,76768,10
12.9649000168,80.2472610474,76768,76777,9
12.965760231,80.2475509644,76777,76789,12
12.9665002823,80.2478408813,76789,76799,10
12.9665298462,80.2478485107,76799,76809,10
12.9669103622,80.2480621338,76809,76819,10
12.9675798416,80.2483596802,76819,76829,10
12.9683799744,80.2486877441,76829,76839,10
12.9692296982,80.2490615845,76839,76849,10
12.9702301025,80.2494506836,76849,76859,10
12.9714202881,80.2498168945,76859,76869,10
12.9726600647,80.2501220703,76869,76879,10
12.9737195969,80.2504119873,76879,76890,11
12.9749002457,80.2507400513,76890,76900,10
12.9761104584,80.251083374,76900,76910,10
12.9772796631,80.2514877319,76910,76920,10
12.9781703949,80.2521591187,76920,76930,10
12.9786100388,80.2524185181,76930,76940,10
12.9790201187,80.2525634766,76940,76950,10
12.9797201157,80.2526397705,76950,76960,10
12.9804000854,80.2526397705,76960,76969,9
12.9809799194,80.2526321411,76969,76981,12
12.9818096161,80.2526092529,76981,76991,10
12.9825801849,80.2525787354,76991,77001,10
12.9833898544,80.2524871826,77001,77011,10
12.9841995239,80.252281189,77011,77021,10
12.9849395752,80.2520675659,77021,77031,10
12.9856100082,80.2518920898,77031,77071,40
12.9856100082,80.2518920898,77071,77081,10
12.9858703613,80.2518234253,77081,77092,11
12.9862098694,80.2517318726,77092,77102,10
12.9866695404,80.2516174316,77102,77112,10
12.9875001907,80.2513809204,77112,77243,131
12.9875001907,80.2513809204,77243,77253,10
12.9877901077,80.251449585,77253,77263,10
12.987950325,80.2519073486,77263,77273,10
12.9879703522,80.2525482178,77273,77283,10
12.9878902435,80.2533798218,77283,77294,11
12.9877996445,80.2544403076,77294,77304,10
12.9877300262,80.2553024292,77304,77314,10
12.9877195358,80.2556915283,77314,77324,10
12.9877099991,80.2557067871,77324,77334,10
12.9878101349,80.2559127808,77334,77344,10
12.9882698059,80.2559432983,77344,77354,10
12.9885702133,80.2559432983,77354,77364,10
12.9886398315,80.2559280396,77364,77374,10
12.989109993,80.2559814453,77374,77384,10
12.9897699356,80.2560119629,77384,77395,11
12.9904603958,80.2559890747,77395,77405,10
12.991109848,80.2560424805,77405,77415,10
12.9919099808,80.2560501099,77415,77425,10
12.9927396774,80.2560424805,77425,77435,10
12.9934997559,80.2559890747,77435,77445,10
12.9941797256,80.2559585571,77445,77455,10
12.9945898056,80.2559204102,77455,77465,10
12.9952096939,80.2558822632,77465,77475,10
12.995880127,80.2558670044,77475,77485,10
12.996219635,80.2558670044,77485,77516,31
12.996219635,80.2558670044,77516,77526,10
12.9962797165,80.2558288574,77526,77536,10
12.9965200424,80.2558288574,77536,77546,10
12.9967803955,80.2558364868,77546,77556,10
12.9970197678,80.2558517456,77556,77566,10
12.9973297119,80.2558822632,77566,77576,10
12.9974498749,80.255897522,77576,77586,10
12.9977502823,80.2559204102,77586,77595,9
12.9982004166,80.2559814453,77595,77607,12
12.9988002777,80.2560424805,77607,77617,10
12.9988298416,80.2560501099,77617,77627,10
12.9990997314,80.2560806274,77627,77657,30
12.9990997314,80.2560806274,77657,77667,10
12.9994602203,80.2561569214,77667,77677,10
13.0,80.2562713623,77677,77687,10
13.0007801056,80.256439209,77687,77697,10
13.0014600754,80.2565536499,77697,77708,11
13.0022296906,80.2566680908,77708,77718,10
13.0028295517,80.2567825317,77718,77728,10
13.0036296844,80.2569274902,77728,77738,10
13.0044803619,80.2570877075,77738,77748,10
13.0053796768,80.257270813,77748,77758,10
13.0064201355,80.2574615479,77758,77829,71
13.0064201355,80.2574615479,77829,77839,10
13.0065603256,80.257522583,77839,77849,10
13.0068597794,80.2579421997,77849,77859,10
13.0073099136,80.2585220337,77859,77869,10
13.0080299377,80.2588577271,77869,77879,10
13.0085201263,80.2590179443,77879,77889,10
13.0087203979,80.2590789795,77889,77899,10
13.0093002319,80.2590866089,77899,77909,10
13.0101804733,80.2591018677,77909,77920,11
13.0113801956,80.2590866089,77920,77930,10
13.0126104355,80.2591094971,77930,77940,10
13.013879776,80.2591629028,77940,77950,10
13.0150699615,80.2592086792,77950,77960,10
13.0159902573,80.2594604492,77960,77970,10
13.0163297653,80.2596511841,77970,77980,10
13.0163698196,80.2597122192,77980,77990,10
13.016500473,80.2598266602,77990,78000,10
13.0168600082,80.2600708008,78000,78011,11
13.0174798965,80.2604675293,78011,78021,10
13.0180597305,80.2608795166,78021,78031,10
13.0185403824,80.2612304688,78031,78041,10
13.0189695358,80.2615966797,78041,78051,10
13.0194301605,80.2619628906,78051,78061,10
13.0199098587,80.2624588013,78061,78071,10
13.0203199387,80.2629089355,78071,78081,10
13.0198497772,80.2630081177,78081,78091,10
13.0191802979,80.2629776001,78091,78101,10
13.018989563,80.2632369995,78101,78112,11
13.019080162,80.2640380859,78112,78122,10
13.0189199448,80.2649307251,78122,78132,10
13.0187797546,80.2654418945,78132,78142,10
13.0186500549,80.2660522461,78142,78152,10
13.0187101364,80.2669219971,78152,78162,10
13.0192298889,80.2678527832,78162,78172,10
13.0199604034,80.2687606812,78172,78182,10
13.0207004547,80.2696609497,78182,78192,10
13.0213098526,80.2704086304,78192,78202,10
13.0218296051,80.2710723877,78202,78212,10
13.0224704742,80.2718963623,78212,78223,11
13.0232496262,80.2729415894,78223,78233,10
13.0239095688,80.2738265991,78233,78243,10
13.0244398117,80.2745132446,78243,78253,10
13.024889946,80.274772644,78253,78263,10
13.0252599716,80.2749176025,78263,78273,10
13.025349617,80.2749481201,78273,78283,10
13.0257101059,80.275100708,78283,78293,10
13.0261802673,80.2753295898,78293,78303,10
13.0267095566,80.2755508423,78303,78313,10
13.0273399353,80.2758331299,78313,78323,10
13.0279302597,80.2760925293,78323,78334,11
13.028550148,80.2763595581,78334,78344,10
13.0291700363,80.2765808105,78344,78354,10
13.0298204422,80.2767333984,78354,78364,10
13.0300197601,80.2768173218,78364,78374,10
13.0304098129,80.2769927979,78374,78384,10
13.0309495926,80.2772903442,78384,78394,10
13.0315999985,80.2775802612,78394,78404,10
13.0327701569,80.2774963379,78404,78425,21
13.0327701569,80.2774963379,78425,78435,10
13.0331001282,80.2774581909,78435,78445,10
13.0335597992,80.2773666382,78445,78455,10
13.0339899063,80.2774581909,78455,78465,10
13.0345602036,80.2776031494,78465,78475,10
13.035200119,80.2776870728,78475,78485,10
13.0356798172,80.2777862549,78485,78495,10
13.0362901688,80.2779006958,78495,78505,10
13.0369596481,80.2781600952,78505,78515,10
13.0375699997,80.2783508301,78515,78526,11
13.0383796692,80.2785797119,78526,78536,10
13.0388898849,80.2787094116,78536,78546,10
13.0389795303,80.2787475586,78546,78556,10
13.0392904282,80.2788619995,78556,78566,10
13.0398302078,80.2789993286,78566,78576,10
13.0399904251,80.2790374756,78576,78586,10
13.0405197144,80.2791900635,78586,78596,10
13.0412597656,80.2793502808,78596,78606,10
13.0421600342,80.2794799805,78606,78616,10
13.0430698395,80.279548645,78616,78667,51
13.0430698395,80.279548645,78667,78677,10
13.0431804657,80.2795562744,78677,78687,10
13.0436000824,80.2797317505,78687,78697,10
13.0442800522,80.279876709,78697,78707,10
13.0451002121,80.2799987793,78707,78717,10
13.0456199646,80.2800827026,78717,78727,10
13.0456895828,80.2800827026,78727,78738,11
13.0461702347,80.2801513672,78738,78748,10
13.0467700958,80.2802429199,78748,78758,10
13.0475502014,80.2803726196,78758,78768,10
13.0484199524,80.2804870605,78768,78778,10
13.0492601395,80.2806167603,78778,78788,10
13.0498695374,80.2807388306,78788,78798,10
13.0504302979,80.2807769775,78798,78808,10
13.0509300232,80.2808532715,78808,78818,10
13.0516500473,80.2809677124,78818,78828,10
13.0524196625,80.2810821533,78828,78839,11
13.0533704758,80.2812423706,78839,78849,10
13.0542297363,80.2813796997,78849,78859,10
13.0550298691,80.2815322876,78859,78869,10
13.055729866,80.2816619873,78869,78879,10
13.0561504364,80.2817382813,78879,78889,10
13.056429863,80.281791687,78889,78899,10
13.0565500259,80.2818222046,78899,78909,10
13.057009697,80.2819137573,78909,78919,10
13.0571203232,80.2819290161,78919,78929,10
13.0574798584,80.2820129395,78929,78939,10
13.05809021,80.2821426392,78939,78950,11
13.0589704514,80.2823181152,78950,78960,10
13.0598897934,80.2825088501,78960,78970,10
13.0608797073,80.2827224731,78970,78980,10
13.0619001389,80.2829284668,78980,78990,10
13.0627698898,80.2831268311,78990,79000,10
13.0636301041,80.2833175659,79000,79010,10
13.0644197464,80.2834701538,79010,79020,10
13.0651102066,80.2836380005,79020,79030,10
13.0661001205,80.2838592529,79030,79041,11
13.0672702789,80.2841186523,79041,79051,10
13.0677404404,80.2842102051,79051,79061,10
13.0683002472,80.2843170166,79061,79071,10
13.069149971,80.2845230103,79071,79081,10
13.0702199936,80.2847900391,79081,79091,10
13.071439743,80.2851028442,79091,79101,10
13.072719574,80.2853088379,79101,79111,10
13.0734100342,80.2852706909,79111,79121,10
13.0738697052,80.2854766846,79121,79131,10
13.0740203857,80.2857131958,79131,79142,11
13.0740995407,80.2858428955,79142,79152,10
13.0745000839,80.2862014771,79152,79162,10
13.0751800537,80.2866363525,79162,79172,10
13.0759401321,80.2869873047,79172,79182,10
13.0769300461,80.2872619629,79182,79192,10
13.0780801773,80.2875595093,79192,79202,10
13.079199791,80.2879333496,79202,79212,10
13.0802402496,80.288192749,79212,79222,10
13.0810203552,80.2883987427,79222,79232,10
13.0819396973,80.2887268066,79232,79243,11
13.0828504562,80.2891082764,79243,79253,10
13.0837402344,80.2891998291,79253,79263,10
13.0847101212,80.2891616821,79263,79273,10
13.085940361,80.2892990112,79273,79283,10
13.0871095657,80.289642334,79283,79293,10
13.0879898071,80.2900009155,79293,79303,10
13.0887498856,80.2901382446,79303,79333,30
13.0887498856,80.2901382446,79333,79343,10
13.0888500214,80.2903366089,79343,79354,11
13.0886297226,80.290397644,79354,79364,10
13.0881299973,80.2901535034,79364,79374,10
13.0875101089,80.2899017334,79374,79384,10
13.086930275,80.2897491455,79384,79394,10
13.0864095688,80.2896118164,79394,79404,10
13.0859899521,80.2895126343,79404,79414,10
13.0855998993,80.2891769409,79414,79424,10
13.0852298737,80.288482666,79424,79434,10
13.0851097107,80.287651062,79434,79444,10
13.0851697922,80.2867965698,79444,79455,11
13.0852499008,80.2858428955,79455,79465,10
13.0853204727,80.2848815918,79465,79475,10
13.0852499008,80.2841567993,79475,79485,10
13.0854196548,80.2837677002,79485,79495,10
13.0854797363,80.2836074829,79495,79505,10
13.0857601166,80.283531189,79505,79515,10
13.0861501694,80.2835388184,79515,79525,10
13.0864801407,80.2837524414,79525,79535,10
13.0868997574,80.2839508057,79535,79544,9
13.0873203278,80.2839279175,79544,79556,12
13.087849617,80.2839431763,79556,79566,10
13.0881099701,80.283821106,79566,79586,20
13.0881099701,80.283821106,79586,79596,10
13.0881700516,80.2835617065,79596,79606,10
13.0881900787,80.2835388184,79606,79616,10
13.0882997513,80.2832107544,79616,79626,10
13.0882902145,80.2827301025,79626,79636,10
13.0882701874,80.2823028564,79636,79646,10
13.0881595612,80.2818222046,79646,79657,11
13.0876398087,80.2813796997,79657,79667,10
13.0869703293,80.2811965942,79667,79677,10
13.0862703323,80.2810134888,79677,79687,10
13.0857496262,80.2807617188,79687,79697,10
13.0855903625,80.2801589966,79697,79707,10
13.0853004456,80.2795333862,79707,79717,10
13.0846204758,80.2792816162,79717,79727,10
13.0838603973,80.2791671753,79727,79737,10
13.0830602646,80.2788772583,79737,79747,10
13.0822401047,80.2786026001,79747,79788,41
13.0822401047,80.2786026001,79788,79798,10
13.0821199417,80.2785491943,79798,79808,10
13.0819301605,80.2781982422,79808,79818,10
13.081870079,80.2775726318,79818,79828,10
13.0817899704,80.2768173218,79828,79838,10
13.0816602707,80.2760467529,79838,79848,10
13.0815200806,80.2754211426,79848,79858,10
13.0811595917,80.2752075195,79858,79869,11
13.0806398392,80.2752685547,79869,79879,10
13.0800199509,80.275352478,79879,79889,10
13.0792999268,80.2752990723,79889,79899,10
13.0786399841,80.2752380371,79899,79909,10
13.0782299042,80.2757720947,79909,79919,10
13.0778198242,80.2762527466,79919,79929,10
13.0770797729,80.2762832642,79929,79939,10
13.0764303207,80.2763214111,79939,79949,10
13.075969696,80.2763366699,79949,79959,10
13.0759096146,80.2763214111,79959,79970,11
13.0758695602,80.2761688232,79970,79980,10
13.0758800507,80.2761001587,79980,79990,10
13.0758895874,80.2757110596,79990,80020,30
13.0758895874,80.2757110596,80020,80030,10
13.0759496689,80.2753295898,80030,80040,10
13.0758695602,80.2750473022,80040,80050,10
13.0755395889,80.2750091553,80050,80818,768
13.0755395889,80.2750091553,80818,80828,10
13.0757904053,80.2750167847,80828,80838,10
13.0758199692,80.2750015259,80838,80848,10
13.0758895874,80.2751235962,80848,80858,10
13.0756101608,80.2752380371,80858,84554,3696
13.0756101608,80.2752380371,84554,84564,10
13.0755300522,80.2751693726,84564,85220,656
13.0757904053,80.2751083374,85220,85301,81
13.0757904053,80.2751083374,85301,85311,10
13.0758399963,80.2751922607,85311,85321,10
13.0758104324,80.2753982544,85321,85341,20
13.0758104324,80.2753982544,85341,85351,10
