13.0762395859,80.2758483887,13,3867,3854
13.0762395859,80.2758483887,3867,3877,10
13.0761995316,80.2758102417,3877,3887,10
13.0760698318,80.2757797241,3887,3897,10
13.0760402679,80.2758331299,3897,3907,10
13.076210022,80.2758407593,3907,14638,10731
13.0761899948,80.2758407593,14638,18170,3532
13.0761899948,80.2758407593,18170,18180,10
13.0761003494,80.2758407593,18180,18190,10
13.0759401321,80.2760467529,18190,18210,20
13.0759401321,80.2760467529,18210,18220,10
13.076210022,80.276260376,18220,18230,10
13.0769796371,80.276222229,18230,18240,10
13.0778799057,80.2761688232,18240,18251,11
13.0784196854,80.2753067017,18251,18261,10
13.0795001984,80.2752380371,18261,18271,10
13.0806398392,80.2751998901,18271,18281,10
13.0813903809,80.2751235962,18281,18291,10
13.0814800262,80.2751235962,18291,18301,10
13.0816602707,80.275138855,18301,18311,10
13.081990242,80.2752532959,18311,18321,10
13.0820703506,80.2754364014,18321,18534,213
13.0820703506,80.2754364014,18534,18544,10
13.0821304321,80.2758178711,18544,18554,10
13.0820903778,80.2759017944,18554,18564,10
13.0819597244,80.275970459,18564,18574,10
13.0818595886,80.2761764526,18574,18584,10
13.0819501877,80.2768325806,18584,18594,10
13.0822000504,80.2783203125,18594,18614,20
13.0822000504,80.2783203125,18614,18625,11
13.0821695328,80.2783508301,18625,18635,10
13.081990242,80.2782592773,18635,18645,10
13.0819101334,80.2776870728,18645,18654,9
13.0818004608,80.2770614624,18654,18665,11
13.0817499161,80.2767181396,18665,18675,10
13.0816602707,80.2761611938,18675,18685,10
13.0815496445,80.2755584717,18685,18747,62
13.0815496445,80.2755584717,18747,18757,10
13.0811901093,80.2752227783,18757,18767,10
13.080619812,80.2752838135,18767,18777,10
13.0797996521,80.2753601074,18777,18787,10
13.079000473,80.2752227783,18787,18797,10
13.0782604218,80.275718689,18797,18808,11
13.077630043,80.2762374878,18808,18818,10
13.0766496658,80.2763214111,18818,18828,10
13.0760498047,80.2763824463,18828,18838,10
13.0758399963,80.2763671875,18838,18848,10
13.0752696991,80.2763595581,18848,18858,10
13.0744104385,80.2764205933,18858,18868,10
13.0741195679,80.2768630981,18868,18878,10
13.0746803284,80.2773971558,18878,18888,10
13.0747995377,80.2776412964,18888,18899,11
13.0746297836,80.277557373,18899,18909,10
13.0742397308,80.2771224976,18909,18919,10
13.0735702515,80.2764434814,18919,18929,10
13.0728197098,80.2755889893,18929,18939,10
13.0719995499,80.2747421265,18939,18949,10
13.0710096359,80.2742614746,18949,18959,10
13.0706501007,80.2740097046,18959,18969,10
13.0705099106,80.2737731934,18969,18979,10
13.0701198578,80.2731781006,18979,18989,10
13.0694503784,80.2724380493,18989,19000,11
13.0685300827,80.2719116211,19000,19010,10
13.0680103302,80.2712936401,19010,19020,10
13.0675201416,80.2705688477,19020,19030,10
13.0667600632,80.26978302,19030,19040,10
13.0664100647,80.2686920166,19040,19050,10
13.0660600662,80.2680587769,19050,19060,10
13.065320015,80.267616272,19060,19070,10
13.0649499893,80.2675476074,19070,19080,10
13.0641899109,80.2674179077,19080,19091,11
13.0630302429,80.2672119141,19091,19101,10
13.0622301102,80.2665328979,19101,19111,10
13.0614995956,80.2656021118,19111,19121,10
13.0607500076,80.2652435303,19121,19131,10
13.0599002838,80.2655563354,19131,19141,10
13.0588502884,80.2654418945,19141,19151,10
13.0581197739,80.265007019,19151,19161,10
13.0579900742,80.2641067505,19161,19171,10
13.0578403473,80.2629623413,19171,19181,10
13.05768013,80.2617874146,19181,19198,17
13.0570697784,80.2594528198,19198,19210,12
13.056520462,80.2573318481,19210,19230,20
13.056520462,80.2573318481,19230,19240,10
13.0564899445,80.2572937012,19240,19250,10
13.0563402176,80.2566680908,19250,19260,10
13.0558300018,80.2558288574,19260,19270,10
13.0550804138,80.2547836304,19270,19281,11
13.0540504456,80.25340271,19281,19291,10
13.0530996323,80.2520675659,19291,19299,8
13.052359581,80.2510910034,19299,19311,12
13.0511598587,80.2501296997,19311,19321,10
13.0497198105,80.2498168945,19321,19331,10
13.0484600067,80.2496185303,19331,19341,10
13.0477304459,80.2490692139,19341,19351,10
13.0470104218,80.248626709,19351,19361,10
13.0469303131,80.2486114502,19361,19372,11
13.0463495255,80.2485580444,19372,19382,10
13.0454397202,80.2482833862,19382,19392,10
13.0442495346,80.248008728,19392,19402,10
13.0429401398,80.247756958,19402,19412,10
13.0416297913,80.247467041,19412,19422,10
13.0402202606,80.2471618652,19422,19432,10
13.0390195847,80.2469482422,19432,19442,10
13.0378398895,80.2467193604,19442,19452,10
13.0365600586,80.2464599609,19452,19469,17
13.0352096558,80.2461166382,19469,19481,12
13.0351295471,80.2460174561,19481,19491,10
13.0347499847,80.24559021,19491,19500,9
13.0342798233,80.2449874878,19500,19514,14
13.0330896378,80.2434997559,19514,19524,10
13.03221035,80.2423019409,19524,19534,10
13.0315799713,80.2410964966,19534,19544,10
13.0310602188,80.239982605,19544,19555,11
13.0304203033,80.2387313843,19555,19565,10
13.0296401978,80.2373809814,19565,19575,10
13.0286798477,80.2363815308,19575,19585,10
13.0284204483,80.236076355,19585,19608,23
13.0272502899,80.2342834473,19608,19620,12
13.0264196396,80.2328491211,19620,19630,10
13.0260000229,80.2315826416,19630,19640,10
13.0255403519,80.2302932739,19640,19651,11
13.0246400833,80.2290496826,19651,19661,10
13.0239295959,80.2281799316,19661,19671,10
13.0233802795,80.2276229858,19671,19680,9
13.0233602524,80.2275695801,19680,19691,11
13.0231199265,80.2273025513,19691,19701,10
13.0226802826,80.2269134521,19701,19711,10
13.0217895508,80.2261428833,19711,19721,10
13.020819664,80.2253799438,19721,19731,10
13.0198602676,80.2247390747,19731,19742,11
13.0183601379,80.2246932983,19742,19752,10
13.0170698166,80.2252120972,19752,19762,10
13.0163002014,80.2253875732,19762,19771,9
13.0158395767,80.2256622314,19771,19782,11
13.0149698257,80.226020813,19782,19792,10
13.0143203735,80.2262802124,19792,19802,10
13.014169693,80.2263336182,19802,19812,10
13.0136404037,80.2265319824,19812,19822,10
13.0128002167,80.226852417,19822,19833,11
13.0117101669,80.2273025513,19833,19843,10
13.0108098984,80.2276916504,19843,19853,10
13.0098695755,80.2280807495,19853,19863,10
13.0092000961,80.2285995483,19863,19873,10
13.0090198517,80.2296066284,19873,19883,10
13.0087795258,80.230796814,19883,19893,10
13.0085296631,80.2319717407,19893,19903,10
13.008310318,80.2332000732,19903,19913,10
13.0082302094,80.2336578369,19913,19923,10
13.0081596375,80.2339401245,19923,19934,11
13.008020401,80.2347183228,19934,19944,10
13.0077695847,80.2358627319,19944,19954,10
13.007519722,80.2370986938,19954,19964,10
13.0072498322,80.2385787964,19964,19974,10
13.0069904327,80.2397994995,19974,19984,10
13.006819725,80.2407226563,19984,19994,10
13.0067396164,80.2419204712,19994,20004,10
13.0067100525,80.2432327271,20004,20014,10
13.0067195892,80.2444381714,20014,20025,11
13.0067195892,80.2458724976,20025,20035,10
13.0067501068,80.2470474243,20035,20045,10
13.0064001083,80.2473983765,20045,20055,10
13.0062999725,80.2473983765,20055,20065,10
13.0057601929,80.2473831177,20065,20075,10
13.0048503876,80.2473983765,20075,20085,10
13.0037002563,80.247543335,20085,20095,10
13.0024404526,80.247756958,20095,20105,10
13.0011396408,80.2480621338,20105,20116,11
12.9996099472,80.2484512329,20116,20126,10
12.9981603622,80.2488098145,20126,20136,10
12.9968004227,80.2491378784,20136,20146,10
12.9951896667,80.2495803833,20146,20156,10
12.9937696457,80.2499465942,20156,20166,10
12.9923200607,80.2502975464,20166,20175,9
12.9909801483,80.250617981,20175,20185,10
12.9894800186,80.2510070801,20185,20196,11
12.9880895615,80.251373291,20196,20206,10
12.9874601364,80.2515411377,20206,20217,11
12.9865398407,80.2517929077,20217,20227,10
12.9853000641,80.2520980835,20227,20237,10
12.9840602875,80.2524414063,20237,20247,10
12.9826898575,80.2526702881,20247,20257,10
12.9812698364,80.2527236938,20257,20267,10
12.9801502228,80.2527770996,20267,20277,10
12.9791002274,80.2527008057,20277,20287,10
12.9781398773,80.252281189,20287,20298,11
12.9769697189,80.251411438,20298,20308,10
12.9755601883,80.2509765625,20308,20318,10
12.974149704,80.250579834,20318,20328,10
12.9729499817,80.2502822876,20328,20338,10
12.9715204239,80.2498779297,20338,20348,10
12.9701499939,80.249458313,20348,20358,10
12.9687204361,80.2489013672,20358,20368,10
12.9673404694,80.2483291626,20368,20378,10
12.9662599564,80.2478179932,20378,20389,11
12.9649600983,80.2473602295,20389,20409,20
12.9649600983,80.2473602295,20409,20419,10
12.964630127,80.2472076416,20419,20429,10
12.9638700485,80.2469329834,20429,20439,10
12.9629001617,80.2464599609,20439,20449,10
12.9618501663,80.2459487915,20449,20459,10
12.9606599808,80.2454223633,20459,20469,10
12.9596595764,80.2449417114,20469,20479,10
12.9593400955,80.2447967529,20479,20490,11
12.9592199326,80.244720459,20490,20500,10
12.9586296082,80.2444381714,20500,20510,10
12.9578399658,80.2441329956,20510,20520,10
12.9570102692,80.243888855,20520,20530,10
12.9564199448,80.2437210083,20530,20540,10
12.9562997818,80.2436599731,20540,20550,10
12.9560403824,80.243560791,20550,20560,10
12.9553804398,80.2431793213,20560,20570,10
12.9544095993,80.2427368164,20570,20581,11
12.9531602859,80.2422180176,20581,20591,10
12.9520196915,80.2418136597,20591,20601,10
12.9516201019,80.2416763306,20601,20611,10
12.9513301849,80.241569519,20611,20621,10
12.9505701065,80.2413101196,20621,20631,10
12.9494695663,80.2409820557,20631,20641,10
12.9482002258,80.2404708862,20641,20651,10
12.9471502304,80.2400436401,20651,20661,10
12.946849823,80.2399368286,20661,20672,11
12.946559906,80.2397689819,20672,20682,10
12.945810318,80.239440918,20682,20692,10
12.944849968,80.2387695313,20692,20702,10
12.9439001083,80.2377319336,20702,20712,10
12.9428300858,80.2367401123,20712,20722,10
12.9413995743,80.2362365723,20722,20732,10
12.9401302338,80.2359237671,20732,20742,10
12.9388799667,80.2353591919,20742,20752,10
12.937620163,80.2347183228,20752,20763,11
12.9361896515,80.2340774536,20763,20773,10
12.9349403381,80.2334976196,20773,20783,10
12.9339895248,80.2330474854,20783,20793,10
12.9339103699,80.2330093384,20793,20803,10
12.9335699081,80.2328491211,20803,20813,10
12.9327697754,80.2325134277,20813,20823,10
12.9316301346,80.2321166992,20823,20833,10
12.9302101135,80.2316589355,20833,20843,10
12.9289598465,80.2313919067,20843,20853,10
12.9274997711,80.2311630249,20853,20864,11
12.9262399673,80.2310409546,20864,20874,10
12.9261102676,80.2310333252,20874,20884,10
12.9257001877,80.2309799194,20884,20894,10
12.9248895645,80.2308731079,20894,20904,10
12.9238004684,80.2307434082,20904,20914,10
12.9225196838,80.2305603027,20914,20924,10
12.9212598801,80.2303771973,20924,20934,10
12.9197702408,80.230178833,20934,20944,10
12.9181995392,80.2299804688,20944,20955,11
12.9166297913,80.2297592163,20955,20965,10
12.9151802063,80.2295608521,20965,20975,10
12.9138298035,80.2293777466,20975,20985,10
12.9132003784,80.2293167114,20985,20995,10
12.9131698608,80.229309082,20995,21005,10
12.9126796722,80.2292098999,21005,21015,10
12.9117298126,80.2290802002,21015,21025,10
12.9104404449,80.2288970947,21025,21035,10
12.9089803696,80.2286605835,21035,21046,11
12.9074201584,80.2284164429,21046,21056,10
12.9063901901,80.228302002,21056,21066,10
12.9060497284,80.2283172607,21066,21076,10
12.9057397842,80.2282562256,21076,21086,10
12.9049396515,80.228187561,21086,21096,10
12.9039497375,80.2281417847,21096,21106,10
12.9027795792,80.2280807495,21106,21116,10
12.9016399384,80.228012085,21116,21126,10
12.9007701874,80.2279663086,21126,21137,11
12.8996696472,80.2279205322,21137,21147,10
12.8992595673,80.2279129028,21147,21157,10
12.8991498947,80.2278900146,21157,21167,10
12.8985595703,80.2278366089,21167,21177,10
12.8976097107,80.2277908325,21177,21187,10
12.8963699341,80.2277374268,21187,21197,10
12.8949699402,80.2276992798,21197,21207,10
12.8938398361,80.2276229858,21207,21217,10
12.8926000595,80.2274627686,21217,21234,17
12.8899497986,80.2274093628,21234,21246,12
12.8883104324,80.2273712158,21246,21256,10
12.8870096207,80.2272109985,21256,21266,10
12.8858098984,80.2269134521,21266,21276,10
12.8847999573,80.2267532349,21276,21286,10
12.8835000992,80.2267303467,21286,21296,10
12.8824195862,80.2267379761,21296,21306,10
12.881070137,80.2267532349,21306,21316,10
12.8796100616,80.2267684937,21316,21327,11
12.8781204224,80.226852417,21327,21337,10
12.8772001266,80.2269363403,21337,21347,10
12.8765802383,80.2270126343,21347,21357,10
12.8763999939,80.2270584106,21357,21367,10
12.8762397766,80.2270584106,21367,21377,10
12.8755102158,80.2269973755,21377,21387,10
12.8743801117,80.2268600464,21387,21397,10
12.8731098175,80.2267608643,21397,21407,10
12.8726997375,80.2267684937,21407,21418,11
12.8723802567,80.2267379761,21418,21434,16
12.8709001541,80.2266693115,21434,21446,12
12.8692102432,80.2265014648,21446,21456,10
12.8675899506,80.2264709473,21456,21466,10
12.8659200668,80.2266235352,21466,21476,10
12.8644104004,80.2266082764,21476,21486,10
12.8627796173,80.2265777588,21486,21495,9
12.8614797592,80.2266464233,21495,21506,11
12.8608598709,80.2266387939,21506,21517,11
12.8606796265,80.2266235352,21517,21528,11
12.859919548,80.2265090942,21528,21538,10
12.8589200974,80.2263565063,21538,21548,10
12.8576602936,80.2262878418,21548,21558,10
12.8561897278,80.2264328003,21558,21568,10
12.8547000885,80.2265777588,21568,21578,10
12.8531999588,80.2267379761,21578,21588,10
12.8516197205,80.2266921997,21588,21598,10
12.8499803543,80.2266311646,21598,21609,11
12.8481903076,80.2266235352,21609,21619,10
12.8467102051,80.2266387939,21619,21629,10
12.8456897736,80.2266311646,21629,21639,10
12.8452796936,80.2266693115,21639,21649,10
12.8452596664,80.2266693115,21649,21659,10
12.8447504044,80.2266769409,21659,21675,16
12.8429698944,80.2268981934,21675,21687,12
12.8414697647,80.2272567749,21687,21698,11
12.8400201797,80.2276306152,21698,21769,71
12.8400201797,80.2276306152,21769,21779,10
12.8396396637,80.227722168,21779,21790,11
12.8391199112,80.2278671265,21790,21800,10
12.8381795883,80.2281265259,21800,21810,10
12.8368797302,80.2283782959,21810,21819,9
12.8355503082,80.2285690308,21819,21830,11
12.8337497711,80.2288818359,21830,21840,10
12.8325901031,80.2291183472,21840,21850,10
12.8322896957,80.2291717529,21850,21860,10
12.8317604065,80.2292709351,21860,21870,10
12.8308200836,80.2295608521,21870,21880,10
12.8295698166,80.2300186157,21880,21891,11
12.8280696869,80.230758667,21891,21901,10
12.8266401291,80.2313690186,21901,21911,10
12.8250398636,80.2314376831,21911,21921,10
12.8235397339,80.2311172485,21921,21931,10
12.8221797943,80.230682373,21931,21941,10
12.8205900192,80.2304916382,21941,21951,10
12.8191795349,80.2305221558,21951,21961,10
12.8188800812,80.2305221558,21961,21971,10
12.8184995651,80.2303314209,21971,21982,11
12.8175601959,80.2298812866,21982,21992,10
12.8163795471,80.2295227051,21992,22002,10
12.8150396347,80.2293167114,22002,22012,10
12.8136997223,80.2290420532,22012,22022,10
12.8123703003,80.2285995483,22022,22032,10
12.8110399246,80.2281036377,22032,22042,10
12.8097200394,80.2275390625,22042,22052,10
12.8085899353,80.2267990112,22052,22062,10
12.8075399399,80.2259216309,22062,22073,11
12.8066701889,80.225151062,22073,22083,10
12.8059597015,80.2245178223,22083,22099,16
12.8049697876,80.2240219116,22099,22121,22
12.8049697876,80.2240219116,22121,22131,10
12.8049602509,80.2240219116,22131,22140,9
12.8045902252,80.2239608765,22140,22151,11
12.8035898209,80.2238693237,22151,22161,10
12.8024396896,80.223739624,22161,22172,11
12.8012304306,80.2236404419,22172,22182,10
12.8008499146,80.2236022949,22182,22192,10
12.7999401093,80.2235336304,22192,22202,10
12.7986898422,80.2233963013,22202,22212,10
12.7972698212,80.2231903076,22212,22222,10
12.7961101532,80.2229995728,22222,22232,10
12.7958803177,80.2229614258,22232,22242,10
12.7954301834,80.2228775024,22242,22252,10
12.7945203781,80.2227172852,22252,22263,11
12.7931604385,80.2225036621,22263,22273,10
12.791680336,80.2222137451,22273,22283,10
12.7902002335,80.2218399048,22283,22293,10
12.7893800735,80.2215805054,22293,22303,10
12.7884597778,80.2212371826,22303,22313,10
12.7875795364,80.2208862305,22313,22323,10
12.786649704,80.2205429077,22323,22343,20
12.786649704,80.2205429077,22343,22354,11
12.7863197327,80.2203826904,22354,22364,10
12.7856998444,80.2201309204,22364,22374,10
12.7847900391,80.2196807861,22374,22384,10
12.7838401794,80.2191390991,22384,22394,10
12.7829904556,80.2186813354,22394,22404,10
12.7819099426,80.2180862427,22404,22414,10
12.780579567,80.2173614502,22414,22424,10
12.7790803909,80.2165603638,22424,22434,10
12.7775001526,80.2157974243,22434,22445,11
12.7757797241,80.2151031494,22445,22455,10
12.7741699219,80.2144393921,22455,22465,10
12.7725696564,80.2138214111,22465,22475,10
12.7711200714,80.2133102417,22475,22485,10
12.7705202103,80.2130966187,22485,22495,10
12.7699203491,80.212890625,22495,22505,10
12.7691402435,80.2126083374,22505,22515,10
12.7675695419,80.212020874,22515,22525,10
12.7660102844,80.2114486694,22525,22536,11
12.7641897202,80.2107772827,22536,22546,10
12.7626600266,80.2101974487,22546,22556,10
12.7611703873,80.2095565796,22556,22566,10
12.7596702576,80.208770752,22566,22576,10
12.7581501007,80.2079391479,22576,22586,10
12.7566299438,80.2070999146,22586,22596,10
12.7551002502,80.2062530518,22596,22606,10
12.7535495758,80.205406189,22606,22616,10
12.751999855,80.2045898438,22616,22626,10
12.7505102158,80.2038192749,22626,22637,11
12.7489795685,80.2030334473,22637,22647,10
12.7474403381,80.2022399902,22647,22657,10
12.7458896637,80.2014465332,22657,22667,10
12.7444200516,80.2005004883,22667,22677,10
12.7434301376,80.1994400024,22677,22687,10
12.743180275,80.1991577148,22687,22697,10
12.7427997589,80.1986999512,22697,22707,10
12.7422199249,80.1980209351,22707,22717,10
12.741900444,80.1976165771,22717,22728,11
12.7418498993,80.197517395,22728,22738,10
12.7414798737,80.1969833374,22738,22748,10
12.7408399582,80.1960678101,22748,22758,10
12.7399997711,80.1948928833,22758,22768,10
12.7390499115,80.193572998,22768,22778,10
12.7379999161,80.1922836304,22778,22788,10
12.7368402481,80.1911392212,22788,22798,10
12.7357997894,80.1901092529,22798,22808,10
12.7344799042,80.1895599365,22808,22819,11
12.7328395844,80.1893920898,22819,22829,10
12.7316799164,80.1891708374,22829,22839,10
12.730629921,80.1890563965,22839,22849,10
12.7296800613,80.1889724731,22849,22859,10
12.7286596298,80.1888580322,22859,22869,10
12.7276296616,80.1885375977,22869,22879,10
12.7264995575,80.1882781982,22879,22889,10
12.7253704071,80.188079834,22889,22899,10
12.7243404388,80.1878814697,22899,22910,11
12.7231903076,80.1875762939,22910,22920,10
12.7224798203,80.1874008179,22920,23000,80
12.7224798203,80.1874008179,23000,23011,11
12.7222604752,80.1875534058,23011,23021,10
12.7220602036,80.1876373291,23021,23941,920
12.7220602036,80.1876373291,23941,23951,10
12.7222995758,80.1875610352,23951,23961,10
12.7224597931,80.1874389648,23961,23971,10
12.7230901718,80.1875915527,23971,23981,10
12.7241001129,80.1878433228,23981,23991,10
12.7250204086,80.1880264282,23991,24001,10
12.7258501053,80.1881637573,24001,24012,11
12.7264995575,80.1882629395,24012,24022,10
12.7274303436,80.1884765625,24022,24032,10
12.7286100388,80.1888198853,24032,24042,10
12.7294502258,80.1889572144,24042,24052,10
12.7296895981,80.1889572144,24052,24062,10
12.730099678,80.1890029907,24062,24072,10
12.7309398651,80.1891021729,24072,24082,10
12.7320995331,80.1892471313,24082,24092,10
12.7333097458,80.1894226074,24092,24102,10
12.7346801758,80.1895523071,24102,24113,11
12.7360200882,80.1901931763,24113,24123,10
12.7363500595,80.1905136108,24123,24133,10
12.7367095947,80.1909179688,24133,24143,10
12.7374401093,80.19165802,24143,24153,10
12.7384195328,80.1926422119,24153,24163,10
12.7393798828,80.193901062,24163,24173,10
12.7403001785,80.1951675415,24173,24183,10
12.7412204742,80.1964263916,24183,24193,10
12.7419996262,80.1975326538,24193,24204,11
12.7430095673,80.1987533569,24204,24214,10
12.7440795898,80.1999969482,24214,24224,10
12.7452602386,80.2010498047,24224,24234,10
12.7467002869,80.2018280029,24234,24244,10
12.7482099533,80.2025985718,24244,24254,10
12.7497396469,80.20337677,24254,24264,10
12.7509803772,80.2039794922,24264,24274,10
12.7520198822,80.2045211792,24274,24284,10
12.7533597946,80.2052230835,24284,24295,11
12.7549600601,80.2060928345,24295,24305,10
12.7564697266,80.2069168091,24305,24315,10
12.7580003738,80.2077713013,24315,24325,10
12.7594604492,80.2085800171,24325,24335,10
12.7606897354,80.2092666626,24335,24345,10
12.7621603012,80.2099533081,24345,24355,10
12.7636995316,80.2105331421,24355,24371,16
12.7661104202,80.2114105225,24371,24383,12
12.7676801682,80.2119827271,24383,24394,11
12.7697401047,80.2127227783,24394,24404,10
12.7709798813,80.2131576538,24404,24414,10
12.7711801529,80.2132415771,24414,24424,10
12.7718801498,80.2135009766,24424,24434,10
12.7728996277,80.2138824463,24434,24444,10
12.7742595673,80.2144165039,24444,24454,10
12.7758102417,80.2150421143,24454,24464,10
12.7774496078,80.215713501,24464,24474,10
12.7790603638,80.216468811,24474,24485,11
12.7807397842,80.2173690796,24485,24495,10
12.7822504044,80.2182006836,24495,24505,10
12.7836399078,80.2189712524,24505,24524,19
12.7862501144,80.2203292847,24524,24566,42
12.7862501144,80.2203292847,24566,24577,11
12.7864599228,80.2203979492,24577,24587,10
12.786939621,80.2205963135,24587,24597,10
12.7876195908,80.2208633423,24597,24606,9
12.7882995605,80.2211074829,24606,24618,12
12.7896203995,80.2216186523,24618,24628,10
12.7905597687,80.2218704224,24628,24638,10
12.7918195724,80.2221984863,24638,24648,10
12.7932796478,80.2224807739,24648,24658,10
12.7946796417,80.2227020264,24658,24669,11
12.7957601547,80.2228775024,24669,24679,10
12.796330452,80.2229614258,24679,24689,10
12.7965898514,80.2230300903,24689,24699,10
12.7972202301,80.2231521606,24699,24709,10
12.7980499268,80.2232818604,24709,24719,10
12.7990198135,80.2233428955,24719,24729,10
12.8003101349,80.2234725952,24729,24739,10
12.8015899658,80.2236022949,24739,24755,16
12.8034200668,80.2238311768,24755,24768,13
12.8046703339,80.2239379883,24768,24778,10
12.8055000305,80.2241134644,24778,24787,9
12.8055896759,80.2241516113,24787,24798,11
12.805850029,80.2243423462,24798,24808,10
12.8063898087,80.2248077393,24808,24818,10
12.8072099686,80.2255401611,24818,24828,10
12.8082895279,80.2264633179,24828,24838,10
12.8094997406,80.2273712158,24838,24849,11
12.8111600876,80.2281036377,24849,24860,11
12.8128795624,80.2286911011,24860,24870,10
12.8144102097,80.2291717529,24870,24880,10
12.8159599304,80.2294082642,24880,24890,10
12.8174295425,80.2297363281,24890,24900,10
12.8183603287,80.230178833,24900,24910,10
12.8194599152,80.23046875,24910,24920,10
12.819899559,80.2304382324,24920,24930,10
12.8203496933,80.230430603,24930,24940,10
12.8212995529,80.230430603,24940,24951,11
12.822640419,80.2307128906,24951,24961,10
12.8240499496,80.2311019897,24961,24971,10
12.8254003525,80.2313537598,24971,24981,10
12.8269195557,80.2312393188,24981,24991,10
12.8283195496,80.2305679321,24991,25001,10
12.8297300339,80.229888916,25001,25011,10
12.8309001923,80.2294311523,25011,25021,10
12.8311004639,80.2293395996,25021,25031,10
12.8312702179,80.2292785645,25031,25042,11
12.831870079,80.2291183472,25042,25052,10
12.8327598572,80.2289581299,25052,25062,10
12.8339595795,80.2287368774,25062,25072,10
12.8353500366,80.2285079956,25072,25082,10
12.8367900848,80.2282714844,25082,25092,10
12.8381700516,80.2280197144,25092,25102,10
12.8391399384,80.2277603149,25102,25112,10
12.8395004272,80.2276611328,25112,25143,31
12.8395004272,80.2276611328,25143,25153,10
12.8396596909,80.2275238037,25153,25163,10
12.8400402069,80.2274703979,25163,25173,10
12.840880394,80.2272796631,25173,25183,10
12.8420495987,80.2269821167,25183,25193,10
12.8434400558,80.2267227173,25193,25203,10
12.8448495865,80.2265472412,25203,25213,10
12.8454799652,80.2265090942,25213,25224,11
12.8455200195,80.2265167236,25224,25234,10
12.8460197449,80.2265396118,25234,25244,10
12.8469800949,80.2265319824,25244,25254,10
12.8482198715,80.2265319824,25254,25264,10
12.8495397568,80.2265014648,25264,25274,10
12.8509502411,80.2265396118,25274,25284,10
12.8524799347,80.2266082764,25284,25294,10
12.8541097641,80.2265472412,25294,25304,10
12.8557395935,80.2263717651,25304,25314,10
12.8572797775,80.2262191772,25314,25325,11
12.858710289,80.2261962891,25325,25335,10
12.860039711,80.2263870239,25335,25345,10
12.8608598709,80.2264862061,25345,25355,10
12.8610200882,80.2265090942,25355,25365,10
12.8616104126,80.2265167236,25365,25375,10
12.8626203537,80.2264709473,25375,25385,10
12.863940239,80.2264785767,25385,25395,10
12.8654298782,80.2265319824,25395,25405,10
12.866900444,80.2264404297,25405,25416,11
12.868470192,80.2263183594,25416,25426,10
12.8699903488,80.2264785767,25426,25436,10
12.8714799881,80.226600647,25436,25446,10
12.8726501465,80.2266082764,25446,25456,10
12.8728504181,80.2266082764,25456,25466,10
12.8728904724,80.2266235352,25466,25476,10
12.8733501434,80.2266387939,25476,25486,10
12.8742303848,80.2267227173,25486,25496,10
12.8754501343,80.2268676758,25496,25507,11
12.8764801025,80.2268829346,25507,25517,10
12.876540184,80.2268829346,25517,25527,10
12.8766202927,80.2268829346,25527,25537,10
12.8771095276,80.226852417,25537,25547,10
12.8780498505,80.2267837524,25547,25557,10
12.8793296814,80.2267227173,25557,25567,10
12.8808898926,80.2267074585,25567,25577,10
12.8824701309,80.2266769409,25577,25593,16
12.8847198486,80.2266387939,25593,25606,13
12.8850603104,80.2266311646,25606,25616,10
12.8852100372,80.2266616821,25616,25625,9
12.8857603073,80.2267837524,25625,25636,11
12.8868398666,80.2270736694,25636,25646,10
12.8879699707,80.2272567749,25646,25654,8
12.8891296387,80.2273025513,25654,25666,12
12.8910398483,80.2273025513,25666,25678,12
12.8925504684,80.2273483276,25678,25689,11
12.8939304352,80.2275314331,25689,25698,9
12.8951597214,80.2276000977,25698,25709,11
12.8965797424,80.2276611328,25709,25719,10
12.8981199265,80.2277374268,25719,25729,10
12.899430275,80.2278137207,25729,25739,10
12.9006004333,80.2278900146,25739,25749,10
12.9011602402,80.2279205322,25749,25759,10
12.901599884,80.2279510498,25759,25769,10
12.9027500153,80.2279586792,25769,25790,21
12.9027500153,80.2279586792,25790,25800,10
12.9028501511,80.2279815674,25800,25810,10
12.9034099579,80.2280197144,25810,25820,10
12.9043197632,80.2280731201,25820,25830,10
12.9053602219,80.2281265259,25830,25840,10
12.9061403275,80.2281417847,25840,25889,49
12.9061403275,80.2281417847,25889,25899,10
12.9062795639,80.2281494141,25899,25908,9
12.9063396454,80.2281494141,25908,25919,11
12.9064998627,80.2281494141,25919,25929,10
12.9069004059,80.2282104492,25929,25939,10
12.9077100754,80.2283401489,25939,25949,10
12.9086799622,80.2285079956,25949,25959,10
12.9094696045,80.2286376953,25959,25970,11
12.9111204147,80.2288970947,25970,25980,10
12.9124698639,80.2290725708,25980,25989,9
12.9138202667,80.2292327881,25989,26009,20
12.9138202667,80.2292327881,26009,26020,11
12.9143104553,80.2293167114,26020,26030,10
12.9152698517,80.2294387817,26030,26040,10
12.9165201187,80.2296218872,26040,26050,10
12.9179697037,80.2298126221,26050,26061,11
12.9196100235,80.2300567627,26061,26071,10
12.9211597443,80.2302627563,26071,26081,10
12.9226999283,80.2304916382,26081,26091,10
12.9242200851,80.2306976318,26091,26101,10
12.9255895615,80.2308578491,26101,26111,10
12.9269399643,80.2310333252,26111,26121,10
12.928440094,80.2312164307,26121,26131,10
12.9299297333,80.2314987183,26131,26141,10
12.9314804077,80.2319564819,26141,26152,11
12.9336795807,80.2327423096,26152,26172,20
12.9336795807,80.2327423096,26172,26182,10
12.9339504242,80.2328872681,26182,26192,10
12.934709549,80.2332305908,26192,26202,10
12.9356899261,80.2336807251,26202,26212,10
12.9366598129,80.234161377,26212,26222,10
12.9375495911,80.2345809937,26222,26232,10
12.9386301041,80.2350997925,26232,26243,11
12.9395904541,80.2355728149,26243,26253,10
12.9396295547,80.2355804443,26253,26263,10
12.9398202896,80.2357177734,26263,26273,10
12.9404201508,80.2359313965,26273,26283,10
12.9414100647,80.2361831665,26283,26293,10
12.9426498413,80.236541748,26293,26303,10
12.9437103271,80.2373809814,26303,26312,9
12.9446001053,80.2383575439,26312,26323,11
12.9458398819,80.239402771,26323,26333,10
12.9470300674,80.2398681641,26333,26344,11
12.9473600388,80.239982605,26344,26354,10
12.9474601746,80.2400283813,26354,26364,10
12.9480199814,80.240272522,26364,26374,10
12.9488201141,80.2405776978,26374,26404,30
12.9488201141,80.2405776978,26404,26414,10
12.948969841,80.2406311035,26414,26424,10
12.9495601654,80.2408599854,26424,26435,11
12.9505796432,80.2411804199,26435,26445,10
12.9511098862,80.241317749,26445,26455,10
12.9512701035,80.2414016724,26455,26465,10
12.9515199661,80.2414932251,26465,26475,10
12.9521503448,80.2417221069,26475,26485,10
12.9530801773,80.2420806885,26485,26495,10
12.9538803101,80.242401123,26495,26505,10
12.9549503326,80.2428283691,26505,26515,10
12.9557304382,80.2431182861,26515,26526,11
12.9564304352,80.2434234619,26526,26536,10
12.9568004608,80.2435836792,26536,26546,10
12.9576101303,80.243927002,26546,26556,10
12.9585599899,80.2442932129,26556,26566,10
12.95911026,80.2444763184,26566,26576,10
12.9590997696,80.2444076538,26576,26586,10
12.9599103928,80.2448883057,26586,26596,10
12.9608697891,80.2453384399,26596,26606,10
12.9621095657,80.2459411621,26606,26617,11
12.963549614,80.2466583252,26617,26627,10
12.9649200439,80.247177124,26627,26637,10
12.9667901993,80.2478790283,26637,26657,20
12.9667901993,80.2478790283,26657,26667,10
12.9670095444,80.248008728,26667,26677,10
12.9676303864,80.2483062744,26677,26687,10
12.9685697556,80.2487030029,26687,26697,10
12.9697799683,80.249168396,26697,26708,11
12.9712896347,80.249710083,26708,26718,10
12.9727096558,80.2500915527,26718,26728,10
12.9740104675,80.2504196167,26728,26738,10
12.9752502441,80.2507705688,26738,26748,10
12.9764995575,80.251121521,26748,26758,10
12.9775400162,80.2515487671,26758,26768,10
12.978509903,80.2522964478,26768,26788,20
12.978509903,80.2522964478,26788,26798,10
12.9788599014,80.2524795532,26798,26809,11
12.9797296524,80.2526168823,26809,26819,10
12.9806604385,80.2526321411,26819,26829,10
12.9816503525,80.2526168823,26829,26839,10
12.9827203751,80.252571106,26839,26849,10
12.9838695526,80.2523880005,26849,26859,10
12.9850597382,80.2520675659,26859,26869,10
12.986120224,80.2518005371,26869,26879,10
12.9869699478,80.2515716553,26879,26889,10
12.9874696732,80.2513885498,26889,26960,71
12.9874696732,80.2513885498,26960,26970,10
12.9876499176,80.251373291,26970,26980,10
12.9881000519,80.2512817383,26980,26991,11
12.9889202118,80.2510528564,26991,27001,10
12.9895200729,80.250869751,27001,27011,10
12.989569664,80.2508621216,27011,27021,10
12.9900398254,80.2507629395,27021,27031,10
12.9908895493,80.2505569458,27031,27041,10
12.9919996262,80.250289917,27041,27051,10
12.993180275,80.25,27051,27061,10
12.9947099686,80.2496032715,27061,27071,10
12.9959897995,80.2492675781,27071,27082,11
12.996720314,80.2490463257,27082,27092,10
12.9968395233,80.2490310669,27092,27102,10
12.9973897934,80.2489089966,27102,27112,10
12.9982204437,80.2487106323,27112,27122,10
12.9993600845,80.2484436035,27122,27132,10
13.0007095337,80.2481002808,27132,27142,10
13.002120018,80.247756958,27142,27152,10
13.0033597946,80.2475280762,27152,27162,10
13.0046396255,80.2473373413,27162,27173,11
13.0058603287,80.2470779419,27173,27183,10
13.0065002441,80.2464828491,27183,27203,20
13.0065002441,80.2464828491,27203,27213,10
13.0065603256,80.2462921143,27213,27223,10
13.0066204071,80.2456436157,27223,27233,10
13.0066404343,80.2447128296,27233,27243,10
13.0066204071,80.243598938,27243,27253,10
13.0066099167,80.2425918579,27253,27264,11
13.0066204071,80.2414779663,27264,27274,10
13.0066795349,80.2406921387,27274,27284,10
13.0067195892,80.2404785156,27284,27294,10
13.0068101883,80.2401123047,27294,27304,10
13.0069799423,80.2393798828,27304,27313,9
13.0071601868,80.2383728027,27313,27323,10
13.0073604584,80.2373809814,27323,27334,11
13.0074100494,80.2368621826,27334,27344,10
13.0074501038,80.236656189,27344,27354,10
13.0075597763,80.2362518311,27354,27364,10
13.0077400208,80.235458374,27364,27375,11
13.0079603195,80.2344207764,27375,27385,10
13.0081596375,80.2334213257,27385,27395,10
13.0083599091,80.2323913574,27395,27405,10
13.0085601807,80.2312698364,27405,27415,10
13.008769989,80.230140686,27415,27425,10
13.0089702606,80.2292404175,27425,27435,10
13.0092401505,80.2280502319,27435,27445,10
13.009759903,80.2268829346,27445,27456,11
13.0103397369,80.2256622314,27456,27466,10
13.010840416,80.2246170044,27466,27476,10
13.0111703873,80.2238693237,27476,27486,10
13.0112400055,80.2236480713,27486,27496,10
13.0113401413,80.2234573364,27496,27506,10
13.0115804672,80.2229232788,27506,27516,10
13.0118598938,80.2221069336,27516,27526,10
13.0122203827,80.2214584351,27526,27536,10
13.0124597549,80.2216567993,27536,27547,11
13.0129699707,80.2223205566,27547,27557,10
13.013589859,80.2230224609,27557,27567,10
13.0141401291,80.2236633301,27567,27576,9
13.0145597458,80.2240371704,27576,27587,11
13.0150699615,80.2246170044,27587,27597,10
13.01541996,80.224899292,27597,27607,10
13.0154800415,80.2249526978,27607,27617,10
13.0155696869,80.2250213623,27617,27627,10
13.0161104202,80.2253036499,27627,27637,10
13.0168399811,80.225189209,27637,27648,11
13.0177402496,80.2248306274,27648,27658,10
13.0187301636,80.2244415283,27658,27668,10
13.0196199417,80.2244567871,27668,27678,10
13.0204896927,80.2250595093,27678,27688,10
13.0213499069,80.225692749,27688,27698,10
13.021900177,80.2261123657,27698,27708,10
13.022359848,80.2264785767,27708,27718,10
13.0225496292,80.2266235352,27718,27729,11
13.0226602554,80.2267303467,27729,27739,10
13.0232200623,80.2272415161,27739,27749,10
13.0238895416,80.227897644,27749,27759,10
13.024430275,80.2285308838,27759,27769,10
13.0248804092,80.2292175293,27769,27779,10
13.0255203247,80.2300872803,27779,27789,10
13.0258798599,80.2306976318,27789,27799,10
13.0260295868,80.2312164307,27799,27809,10
13.0262403488,80.231918335,27809,27820,11
13.0266103745,80.2329864502,27820,27830,10
13.0272102356,80.2339630127,27830,27840,10
13.0277700424,80.2349777222,27840,27850,10
13.0284404755,80.2358779907,27850,27860,10
13.0291595459,80.236656189,27860,27870,10
13.0294904709,80.2370223999,27870,27879,9
13.0295696259,80.2371520996,27879,27890,11
13.0300102234,80.2378692627,27890,27900,10
13.0306196213,80.2388916016,27900,27910,10
13.0310401917,80.2395095825,27910,27921,11
13.0313196182,80.2399978638,27921,27931,10
13.0314598083,80.2406997681,27931,27941,10
13.0318202972,80.2415008545,27941,27951,10
13.0322999954,80.2422866821,27951,27961,10
13.0329799652,80.2431716919,27961,27971,10
13.0336399078,80.2440109253,27971,27981,10
13.0341396332,80.2447433472,27981,27991,10
13.034620285,80.2453384399,27991,28001,10
13.0355901718,80.2460632324,28001,28030,29
13.0355901718,80.2460632324,28030,28040,10
13.0359201431,80.2462387085,28040,28050,10
13.0366601944,80.2464599609,28050,28060,10
13.0374097824,80.2464675903,28060,28070,10
13.0379600525,80.2465286255,28070,28080,10
13.0388097763,80.2467727661,28080,28089,9
13.0396604538,80.2469711304,28089,28101,12
13.0406999588,80.2471694946,28101,28111,10
13.0416097641,80.2473526001,28111,28121,10
13.042550087,80.2475967407,28121,28131,10
13.0432500839,80.2478485107,28131,28141,10
13.0439996719,80.247833252,28141,28151,10
13.0445804596,80.2479629517,28151,28161,10
13.0451698303,80.2482070923,28161,28171,10
13.0458602905,80.2484817505,28171,28181,10
13.04666996,80.2484893799,28181,28192,11
13.0468902588,80.2484893799,28192,28202,10
13.0474004745,80.248626709,28202,28212,10
13.0480003357,80.249168396,28212,28222,10
13.0486097336,80.2496032715,28222,28232,10
13.0491600037,80.249710083,28232,28242,10
13.0495901108,80.2498168945,28242,28252,10
13.0504999161,80.2499771118,28252,28262,10
13.0515298843,80.250289917,28262,28272,10
13.0524196625,80.2511062622,28272,28283,11
13.053319931,80.2522964478,28283,28293,10
13.0540895462,80.2533721924,28293,28303,10
13.0549201965,80.254447937,28303,28313,10
13.0554800034,80.2552032471,28313,28323,10
13.056019783,80.2559204102,28323,28333,10
13.0562200546,80.2561569214,28333,28343,10
13.0565004349,80.256477356,28343,28353,10
13.0571203232,80.2570266724,28353,28363,10
13.0577697754,80.2576217651,28363,28374,11
13.0584001541,80.2583618164,28374,28384,10
13.058930397,80.2590332031,28384,28394,10
13.0592899323,80.2596817017,28394,28404,10
13.0598297119,80.2602081299,28404,28414,10
13.0603904724,80.2608032227,28414,28424,10
13.0606203079,80.2610702515,28424,28434,10
13.0606203079,80.2611236572,28434,28444,10
13.0609397888,80.2615509033,28444,28454,10
13.0618600845,80.2626876831,28454,28475,21
13.0618600845,80.2626876831,28475,28485,10
13.0621299744,80.2630233765,28485,28495,10
13.0626497269,80.2636489868,28495,28505,10
13.0632200241,80.2643432617,28505,28515,10
13.0636796951,80.2650680542,28515,28525,10
13.0640697479,80.2656402588,28525,28535,10
13.0645303726,80.266166687,28535,28545,10
13.0649995804,80.2667617798,28545,28555,10
13.0655899048,80.2671966553,28555,28566,11
13.0656499863,80.2672576904,28566,28576,10
13.0658597946,80.2676391602,28576,28586,10
13.066450119,80.2683029175,28586,28596,10
13.0671796799,80.2687835693,28596,28606,10
13.0680198669,80.2693023682,28606,28616,10
13.0682601929,80.2697296143,28616,28626,10
13.068189621,80.2705383301,28626,28636,10
13.0682201385,80.2713699341,28636,28646,10
13.0690002441,80.2719497681,28646,28657,11
13.069849968,80.2727584839,28657,28667,10
13.0705499649,80.2735900879,28667,28677,10
13.0712795258,80.2742004395,28677,28687,10
13.0722398758,80.2748031616,28687,28697,10
13.0729398727,80.2755432129,28697,28707,10
13.0734596252,80.2761001587,28707,28717,10
13.0741100311,80.2763290405,28717,28727,10
13.0749702454,80.2763214111,28727,28743,16
13.0762996674,80.2762832642,28743,28756,13
13.0775499344,80.2761993408,28756,28766,10
13.0782299042,80.2758026123,28766,28776,10
13.0787401199,80.2751312256,28776,28786,10
13.0795898438,80.2752685547,28786,28796,10
13.0802602768,80.2752532959,28796,28806,10
13.0805397034,80.2752227783,28806,28816,10
13.0806398392,80.2752075195,28816,28826,10
13.0810604095,80.275177002,28826,28836,10
13.0814199448,80.2751464844,28836,28847,11
13.0818996429,80.2752380371,28847,28857,10
13.0820503235,80.275352478,28857,28867,10
13.082110405,80.2757415771,28867,30151,1284
13.082110405,80.2757415771,30151,30161,10
13.081870079,80.2760391235,30161,30171,10
13.0818500519,80.2762374878,30171,30181,10
13.0818901062,80.2766799927,30181,30191,10
13.0819396973,80.2772369385,30191,30201,10
13.0820398331,80.2778167725,30201,30211,10
13.082159996,80.2782287598,30211,30232,21
13.082159996,80.2782287598,30232,30242,10
13.0820703506,80.2784118652,30242,30252,10
13.0819301605,80.2780838013,30252,30262,10
13.081870079,80.2774963379,30262,30272,10
13.0818395615,80.2772674561,30272,30282,10
13.0817804337,80.2766876221,30282,30292,10
13.0816602707,80.2761077881,30292,30312,20
13.0816602707,80.2761077881,30312,30321,9
13.0816202164,80.276008606,30321,30333,12
13.0816202164,80.2759933472,30333,30343,10
13.081609726,80.2758712769,30343,30353,10
13.0815601349,80.2754821777,30353,30363,10
13.0814399719,80.2752685547,30363,30373,10
13.0809602737,80.2752685547,30373,30383,10
13.0802297592,80.2753372192,30383,30393,10
13.0794095993,80.2752990723,30393,30403,10
13.078499794,80.2752990723,30403,30413,10
13.0781002045,80.2761383057,30413,30424,11
13.0771198273,80.2762832642,30424,30434,10
13.0763597488,80.2763519287,30434,30444,10
13.0755195618,80.2763671875,30444,30454,10
13.0746097565,80.2764282227,30454,30464,10
13.0740203857,80.2764892578,30464,30484,20
13.0740203857,80.2764892578,30484,30494,10
13.0737400055,80.2765197754,30494,30504,10
13.0731697083,80.2761688232,30504,30525,21
13.0731697083,80.2761688232,30525,30534,9
13.0729799271,80.2759170532,30534,30545,11
13.072640419,80.2754898071,30545,30555,10
13.0719995499,80.2748031616,30555,30585,30
13.0719995499,80.2748031616,30585,30595,10
13.0717401505,80.2746429443,30595,30605,10
13.071100235,80.2745132446,30605,30616,11
13.0708398819,80.2743606567,30616,30626,10
13.070810318,80.2743225098,30626,30636,10
13.0706300735,80.2740707397,30636,30646,10
13.0704402924,80.2735824585,30646,30656,10
13.0700397491,80.2730789185,30656,30666,10
13.0694198608,80.2724075317,30666,30676,10
13.0687503815,80.2719497681,30676,30686,10
13.0682001114,80.2715530396,30686,30696,10
13.0678596497,80.2710800171,30696,30707,11
13.0672702789,80.2704696655,30707,30717,10
13.0666503906,80.2698822021,30717,30727,10
13.0664596558,80.2691879272,30727,30737,10
13.0663795471,80.2685012817,30737,30747,10
13.0659704208,80.2680282593,30747,30757,10
13.0654697418,80.2677078247,30757,30767,10
13.0650100708,80.267616272,30767,30777,10
13.0649795532,80.267616272,30777,30787,10
13.0645799637,80.2675323486,30787,30798,11
13.0636901855,80.2673721313,30798,30808,10
13.0627698898,80.2671890259,30808,30818,10
13.0621404648,80.2664489746,30818,30828,10
13.0615596771,80.2657089233,30828,30838,10
13.0609798431,80.2652206421,30838,30848,10
13.0605096817,80.2654724121,30848,30858,10
13.0604400635,80.2655029297,30858,30868,10
13.0600099564,80.2656173706,30868,30878,10
13.0591802597,80.2655334473,30878,30889,11
13.0584402084,80.2653427124,30889,30899,10
13.0580997467,80.2648696899,30899,30909,10
13.0579595566,80.2640228271,30909,30919,10
13.0578298569,80.2630996704,30919,30929,10
13.0577201843,80.2621307373,30929,30945,16
13.0573396683,80.2604217529,30945,30957,12
13.0569295883,80.2590637207,30957,30967,10
13.0566596985,80.2580413818,30967,30977,10
13.056520462,80.2573928833,30977,30998,21
13.056520462,80.2573928833,30998,31008,10
13.0565099716,80.257270813,31008,31016,8
13.0564403534,80.2570495605,31016,31029,13
13.056189537,80.2563705444,31029,31039,10
13.055850029,80.2558822632,31039,31049,10
13.0553703308,80.2552185059,31049,31059,10
13.0548000336,80.2544021606,31059,31069,10
13.0541601181,80.2535629272,31069,31080,11
13.0537996292,80.2530670166,31080,31090,10
13.0535898209,80.2527618408,31090,31100,10
13.053150177,80.2521591187,31100,31110,10
13.0526304245,80.2514724731,31110,31120,10
13.0520801544,80.2507476807,31120,31130,10
13.0512104034,80.2501525879,31130,31140,10
13.0503396988,80.2499389648,31140,31150,10
13.0496702194,80.2498168945,31150,31160,10
13.0489797592,80.2497711182,31160,31171,11
13.0486497879,80.249710083,31171,31181,10
13.0483398438,80.2495574951,31181,31191,10
13.0476999283,80.2490310669,31191,31201,10
13.0470895767,80.2486495972,31201,31211,10
13.0469903946,80.2486419678,31211,31221,10
13.0468301773,80.2486419678,31221,31231,10
13.0462799072,80.248588562,31231,31241,10
13.045539856,80.248336792,31241,31251,10
13.0449104309,80.2481765747,31251,31262,11
13.0440702438,80.2480163574,31262,31272,10
13.043510437,80.2479171753,31272,31282,10
13.0427799225,80.2478027344,31282,31292,10
13.0420198441,80.2475662231,31292,31302,10
13.0411996841,80.2473678589,31302,31312,10
13.0404596329,80.2472610474,31312,31322,10
13.0402498245,80.2472381592,31322,31332,10
13.0401802063,80.2472229004,31332,31342,10
13.0396900177,80.2471313477,31342,31352,10
13.0391597748,80.2470016479,31352,31363,11
13.0385904312,80.2468490601,31363,31373,10
13.0381202698,80.2468032837,31373,31383,10
13.0374498367,80.246673584,31383,31393,10
13.036860466,80.2465591431,31393,31409,16
13.0361003876,80.2463378906,31409,31421,12
13.0354299545,80.2461929321,31421,31441,20
13.0354299545,80.2461929321,31441,31451,10
13.0351600647,80.2460327148,31451,31462,11
13.0348300934,80.2456970215,31462,31472,10
13.0343503952,80.2451095581,31472,31482,10
13.0337200165,80.2443389893,31482,31491,9
13.0330495834,80.2435379028,31491,31502,11
13.0323095322,80.2424926758,31502,31512,10
13.0319004059,80.241859436,31512,31522,10
13.0316095352,80.2412185669,31522,31532,10
13.0315599442,80.2411422729,31532,31543,11
13.031539917,80.2410583496,31543,31553,10
13.0313501358,80.2406768799,31553,31563,10
13.0310602188,80.2399902344,31563,31573,10
13.0306501389,80.239151001,31573,31583,10
13.0300998688,80.2381668091,31583,31593,10
13.029540062,80.2372894287,31593,31603,10
13.0292396545,80.2369384766,31603,31613,10
13.0291996002,80.2369003296,31613,31623,10
13.0288696289,80.2365570068,31623,31633,10
13.0282897949,80.2359008789,31633,31644,11
13.0276002884,80.2348937988,31644,31654,10
13.0269403458,80.2337417603,31654,31663,9
13.0265197754,80.2330932617,31663,31674,11
13.0262403488,80.2324523926,31674,31684,10
13.0261602402,80.2320785522,31684,31694,10
13.0260295868,80.2316207886,31694,31704,10
13.0258197784,80.2309570313,31704,31714,10
13.0254201889,80.230140686,31714,31724,10
13.0247097015,80.2292175293,31724,31765,41
13.0247097015,80.2292175293,31765,31775,10
13.0244703293,80.2288665771,31775,31785,10
13.0241203308,80.2284469604,31785,31795,10
13.0237598419,80.228012085,31795,31805,10
13.0236902237,80.2279434204,31805,31815,10
13.0236196518,80.2278823853,31815,31826,11
13.0233402252,80.2275924683,31826,31836,10
13.0229501724,80.2272033691,31836,31846,10
13.0223197937,80.2266387939,31846,31857,11
13.0215196609,80.2259674072,31857,31867,10
13.0208396912,80.2254333496,31867,31877,10
13.0202903748,80.2250366211,31877,31887,10
13.0196800232,80.2246170044,31887,31897,10
13.0186700821,80.2245025635,31897,31907,10
13.0178403854,80.2248916626,31907,31918,11
13.0168600082,80.2253112793,31918,31928,10
13.0164403915,80.2255096436,31928,31938,10
13.0160303116,80.2256164551,31938,31948,10
13.0153398514,80.2258834839,31948,31958,10
13.0142803192,80.2263031006,31958,31978,20
13.0142803192,80.2263031006,31978,31988,10
13.0142602921,80.2263183594,31988,31998,10
13.0139198303,80.2264404297,31998,32009,11
13.0132598877,80.2266769409,32009,32019,10
13.0124502182,80.2269973755,32019,32029,10
13.0115003586,80.2273712158,32029,32039,10
13.0105199814,80.2277832031,32039,32049,10
13.0095300674,80.2282028198,32049,32059,10
13.0090904236,80.2289199829,32059,32069,10
13.0088996887,80.2300186157,32069,32079,10
13.0087499619,80.2308883667,32079,32089,10
13.0085897446,80.2316818237,32089,32130,41
13.0085897446,80.2316818237,32130,32140,10
13.0085201263,80.2320480347,32140,32150,10
13.0084400177,80.232421875,32150,32160,10
13.0082902908,80.2333679199,32160,32180,20
13.0082902908,80.2333679199,32180,32190,10
13.008190155,80.2337188721,32190,32201,11
13.0080699921,80.2342605591,32201,32211,10
13.0080299377,80.2344970703,32211,32221,10
13.0079803467,80.2348022461,32221,32231,10
13.0078697205,80.2352905273,32231,32241,10
13.0077400208,80.2359771729,32241,32251,10
13.0075798035,80.2368392944,32251,32261,10
13.0074300766,80.2375869751,32261,32271,10
13.0073699951,80.2378768921,32271,32281,10
13.007349968,80.2379837036,32281,32292,11
13.0072603226,80.2384185791,32292,32302,10
13.0071601868,80.2390213013,32302,32312,10
13.0069599152,80.2400588989,32312,32443,131
13.0069599152,80.2400588989,32443,32453,10
13.0069303513,80.2404174805,32453,32463,10
13.0068502426,80.2407913208,32463,32473,10
13.0067796707,80.2414093018,32473,32484,11
13.0067596436,80.2423324585,32484,32494,10
13.0067300797,80.2433013916,32494,32554,60
13.0067300797,80.2433013916,32554,32564,10
13.0067100525,80.2437820435,32564,32575,11
13.0067100525,80.2440490723,32575,32585,10
13.0067100525,80.2443695068,32585,32595,10
13.0067100525,80.2446670532,32595,32605,10
13.0067100525,80.244972229,32605,32615,10
13.0066995621,80.2453536987,32615,32625,10
13.0067195892,80.2457809448,32625,32635,10
13.0067300797,80.2464523315,32635,32645,10
13.0066995621,80.2472610474,32645,32666,21
13.0066995621,80.2472610474,32666,32676,10
13.006649971,80.2473907471,32676,32686,10
13.0062704086,80.2473983765,32686,32696,10
13.0058403015,80.247428894,32696,32706,10
13.00578022,80.2474212646,32706,32716,10
13.0056295395,80.247428894,32716,32726,10
13.0052700043,80.2473831177,32726,32736,10
13.0045995712,80.247428894,32736,32746,10
13.0037002563,80.2475509644,32746,32757,11
13.0025396347,80.247756958,32757,32767,10
13.0017004013,80.2479629517,32767,32777,10
13.0006504059,80.2482299805,32777,32787,10
12.9994602203,80.2485275269,32787,32797,10
12.9984102249,80.2488174438,32797,32807,10
12.9982500076,80.2488632202,32807,32817,10
12.9982404709,80.2488632202,32817,32827,10
12.9978199005,80.2489471436,32827,32837,10
12.997010231,80.2491226196,32837,32847,10
12.9959497452,80.2493972778,32847,32858,11
12.9945201874,80.2497787476,32858,32868,10
12.993060112,80.2501373291,32868,32878,10
12.9916400909,80.2504882813,32878,32888,10
12.990819931,80.2507171631,32888,32898,10
12.9907999039,80.2507171631,32898,32908,10
12.990650177,80.2507476807,32908,32918,10
12.9903097153,80.2508392334,32918,33040,122
12.9903097153,80.2508392334,33040,33050,10
12.9899902344,80.2509002686,33050,33060,10
12.9895801544,80.2509994507,33060,33070,10
12.9892196655,80.2510910034,33070,33080,10
12.988940239,80.251159668,33080,33090,10
12.9885702133,80.2512664795,33090,33100,10
12.9880800247,80.2514190674,33100,33110,10
12.9876098633,80.2515106201,33110,33120,10
12.987279892,80.2515792847,33120,33131,11
12.9870595932,80.2516403198,33131,33141,10
12.9864797592,80.2517776489,33141,33151,10
12.9861001968,80.2518692017,33151,33161,10
12.9854001999,80.2520523071,33161,33171,10
12.984459877,80.2522964478,33171,33181,10
12.9833202362,80.2525787354,33181,33191,10
12.9820299149,80.2526779175,33191,33201,10
12.9810199738,80.2527236938,33201,33211,10
12.980509758,80.2527313232,33211,33272,61
12.980509758,80.2527313232,33272,33282,10
12.9800901413,80.2527389526,33282,33292,10
12.9795703888,80.2526779175,33292,33302,10
12.9787797928,80.2526016235,33302,33312,10
12.9785404205,80.252532959,33312,33323,11
12.9783802032,80.2524185181,33323,33333,10
12.9778995514,80.2520217896,33333,33343,10
12.9771604538,80.2514419556,33343,33353,10
12.9760799408,80.251083374,33353,33363,10
12.9748601913,80.2507400513,33363,33373,10
12.9736995697,80.2504272461,33373,33383,10
12.9725198746,80.2501068115,33383,33393,10
12.971280098,80.249786377,33393,33403,10
12.970000267,80.2493591309,33403,33414,11
12.9686403275,80.2488327026,33414,33424,10
12.967499733,80.2483825684,33424,33434,10
12.9667396545,80.248008728,33434,33444,10
12.9662399292,80.2478027344,33444,33454,10
12.9655199051,80.2475204468,33454,33464,10
12.964969635,80.2473526001,33464,33474,10
12.9649600983,80.2473526001,33474,33484,10
12.9649295807,80.2473297119,33484,33494,10
12.9645395279,80.2471694946,33494,33505,11
12.9638900757,80.246887207,33505,33515,10
12.9638004303,80.2468566895,33515,33525,10
12.9636201859,80.2467880249,33525,33535,10
12.9631204605,80.2465286255,33535,33545,10
12.9622802734,80.2461395264,33545,33555,10
12.961230278,80.2456283569,33555,33565,10
12.9601202011,80.2451095581,33565,33575,10
12.9595003128,80.2448730469,33575,33585,10
12.9594898224,80.2448730469,33585,33596,11
12.9593801498,80.2447967529,33596,33606,10
12.9588603973,80.2445602417,33606,33616,10
12.9581203461,80.2442474365,33616,33626,10
12.9574899673,80.2440109253,33626,33636,10
12.9566497803,80.2437133789,33636,33656,20
12.9565000534,80.2436523438,33656,33686,30
12.9565000534,80.2436523438,33686,33697,11
12.9562397003,80.2435531616,33697,33707,10
12.9555797577,80.2432174683,33707,33717,10
12.9546899796,80.2428207397,33717,33727,10
12.9537200928,80.2424163818,33727,33737,10
12.9526996613,80.2420120239,33737,33747,10
12.9519395828,80.2417526245,33747,33757,10
12.9516801834,80.2416687012,33757,33767,10
12.9516000748,80.2416381836,33767,33777,10
12.9511404037,80.2414474487,33777,33788,11
12.9502801895,80.2411575317,33788,33798,10
12.9494695663,80.2409210205,33798,33808,10
12.9490003586,80.2407836914,33808,33818,10
12.948340416,80.2405014038,33818,33828,10
12.9480495453,80.2403717041,33828,33838,10
12.9477701187,80.2402496338,33838,33848,10
12.9473800659,80.2400894165,33848,33858,10
12.9470396042,80.2400131226,33858,33868,10
12.9469203949,80.2399673462,33868,33879,11
12.9467096329,80.2398910522,33879,33889,10
12.9460096359,80.239616394,33889,33899,10
12.945309639,80.2391586304,33899,33909,10
12.9444503784,80.238319397,33909,33919,10
12.9435997009,80.2373886108,33919,33929,10
12.9426202774,80.236618042,33929,33939,10
12.9413499832,80.2362213135,33939,33949,10
12.9404201508,80.236000061,33949,33959,10
12.9399499893,80.2358322144,33959,33968,9
12.9396800995,80.2357406616,33968,33980,12
12.9396696091,80.235710144,33980,33990,10
12.9394102097,80.2355194092,33990,34000,10
12.938659668,80.2351989746,34000,34010,10
12.9378995895,80.2348098755,34010,34020,10
12.9369802475,80.2343826294,34020,34030,10
12.9358997345,80.2340011597,34030,34040,10
12.9358797073,80.2339019775,34040,34050,10
12.9353504181,80.2336120605,34050,34060,10
12.9338703156,80.2329864502,34060,34101,41
12.9338703156,80.2329864502,34101,34111,10
12.9336795807,80.2328720093,34111,34127,16
12.9325895309,80.232421875,34127,34139,12
12.9312896729,80.2320022583,34139,34149,10
12.930270195,80.2316818237,34149,34159,10
12.9289999008,80.2313690186,34159,34170,11
12.9279899597,80.2312011719,34170,34180,10
12.9268798828,80.2310714722,34180,34189,9
12.9261798859,80.231010437,34189,34200,11
12.9260196686,80.231010437,34200,34210,10
12.9256696701,80.2309494019,34210,34220,10
12.9249897003,80.2308578491,34220,34229,9
12.9241304398,80.230758667,34229,34239,10
12.9230003357,80.2305984497,34239,34250,11
12.9217500687,80.2304229736,34250,34261,11
12.920419693,80.2302474976,34261,34271,10
12.9192399979,80.2300796509,34271,34281,10
12.9180698395,80.2299194336,34281,34291,10
12.9172496796,80.2298126221,34291,34301,10
12.9167203903,80.2297363281,34301,34311,10
12.9158401489,80.2296066284,34311,34321,10
12.9147195816,80.2294616699,34321,34331,10
12.9137496948,80.2293701172,34331,34341,10
12.9132604599,80.229309082,34341,34362,21
12.9132604599,80.229309082,34362,34372,10
12.9129896164,80.2292175293,34372,34382,10
12.9122896194,80.2291107178,34382,34392,10
12.9112701416,80.2289810181,34392,34402,10
12.9100198746,80.2287902832,34402,34412,10
12.9086399078,80.2285614014,34412,34422,10
12.9072303772,80.2283706665,34422,34614,192
12.9072303772,80.2283706665,34614,34624,10
12.9070501328,80.2283477783,34624,34635,11
12.9064102173,80.2282791138,34635,34645,10
12.9055204391,80.2282028198,34645,34655,10
12.904419899,80.2281494141,34655,34665,10
12.9033002853,80.2281036377,34665,34675,10
12.9021701813,80.2280502319,34675,34705,30
12.9021701813,80.2280502319,34705,34715,10
12.9018297195,80.228012085,34715,34726,11
12.9013795853,80.2280426025,34726,34736,10
12.90102005,80.2279815674,34736,34746,10
12.9007997513,80.2279815674,34746,34756,10
12.9005498886,80.2279586792,34756,34766,10
12.9003000259,80.2279205322,34766,34776,10
12.8999204636,80.2279586792,34776,34786,10
12.8992395401,80.2279205322,34786,34796,10
12.8988599777,80.2279205322,34796,34837,41
12.8988599777,80.2279205322,34837,34847,10
12.8987197876,80.2278900146,34847,34857,10
12.8981895447,80.2278289795,34857,34867,10
12.8973398209,80.2277679443,34867,34877,10
12.8962202072,80.227722168,34877,34887,10
12.8950395584,80.2276611328,34887,34897,10
12.8939304352,80.2276000977,34897,34907,10
12.8934001923,80.2275619507,34907,34918,11
12.893119812,80.2275238037,34918,34928,10
12.892829895,80.2274780273,34928,34938,10
12.8926296234,80.2274627686,34938,34948,10
12.8922700882,80.2274169922,34948,34958,10
12.8915195465,80.2273788452,34958,34974,16
12.8896799088,80.2273635864,34974,34986,12
12.8883399963,80.2273406982,34986,34996,10
12.8870801926,80.227180481,34996,35006,10
12.8858203888,80.2268981934,35006,35017,11
12.8852596283,80.2267990112,35017,35026,9
12.8850803375,80.2266998291,35026,35047,21
12.8850803375,80.2266998291,35047,35058,11
12.8829698563,80.2267532349,35058,35068,10
12.8816299438,80.2267303467,35068,35078,10
12.88022995,80.2267532349,35078,35088,10
12.8787298203,80.2267913818,35088,35099,11
12.8774003983,80.2269134521,35099,35109,10
12.8769397736,80.2270202637,35109,35129,20
12.8768596649,80.2270126343,35129,35149,20
12.8768596649,80.2270126343,35149,35159,10
12.8770799637,80.2272567749,35159,35169,10
12.8756904602,80.2269515991,35169,35179,10
12.8747596741,80.226852417,35179,35190,11
12.8735904694,80.2267303467,35190,35200,10
12.8728199005,80.2267227173,35200,35210,10
12.8726902008,80.2267303467,35210,35220,10
12.8722600937,80.2267227173,35220,35230,10
12.8714199066,80.2266693115,35230,35240,10
12.8702802658,80.226600647,35240,35250,10
12.8688898087,80.2264099121,35250,35260,10
12.8672895432,80.2264404297,35260,35270,10
12.8658103943,80.2265777588,35270,35280,10
12.8641500473,80.2265396118,35280,35291,11
12.8623895645,80.2265472412,35291,35301,10
12.8612003326,80.2266235352,35301,35321,20
12.8612003326,80.2266235352,35321,35331,10
12.8610401154,80.2266235352,35331,35341,10
12.8607597351,80.2265777588,35341,35351,10
12.8601198196,80.2264709473,35351,35361,10
12.8592395782,80.2263565063,35361,35371,10
12.858590126,80.2263031006,35371,35382,11
12.8576002121,80.2262802124,35382,35392,10
12.8564195633,80.2263793945,35392,35402,10
12.8550300598,80.2265319824,35402,35412,10
12.853509903,80.2266769409,35412,35422,10
12.8519096375,80.2266616821,35422,35432,10
12.8502702713,80.2266387939,35432,35996,564
12.8502702713,80.2266387939,35996,36006,10
12.8500204086,80.2265930176,36006,36016,10
12.8493900299,80.2265777588,36016,36026,10
12.8486995697,80.2265777588,36026,36037,11
12.847820282,80.2265777588,36037,36047,10
12.8469800949,80.2266235352,36047,36057,10
12.8463497162,80.2266235352,36057,36067,10
12.8463001251,80.2266235352,36067,36077,10
12.8461704254,80.2266082764,36077,36087,10
12.8459596634,80.2266082764,36087,36117,30
12.8459596634,80.2266082764,36117,36128,11
12.8458499908,80.2265167236,36128,36138,10
12.8459396362,80.2264709473,36138,36148,10
12.8463697433,80.2265014648,36148,36158,10
12.8470897675,80.2265090942,36158,36168,10
12.8478298187,80.2265014648,36168,36178,10
12.8485603333,80.2265014648,36178,36188,10
12.8494596481,80.2265014648,36188,36198,10
12.8503503799,80.2265014648,36198,36208,10
12.8513498306,80.2265396118,36208,36219,11
12.8524703979,80.2265777588,36219,36229,10
12.8534202576,80.2265472412,36229,36239,10
12.8542499542,80.2264633179,36239,36249,10
12.8548297882,80.2264022827,36249,36552,303
12.8548297882,80.2264022827,36552,36562,10
12.8550195694,80.2263793945,36562,36572,10
12.8556404114,80.2263183594,36572,36582,10
12.8564395905,80.2262496948,36582,36593,11
12.8574199677,80.2261505127,36593,36603,10
12.8583698273,80.2261581421,36603,36613,10
12.8593902588,80.226272583,36613,36623,10
12.8607797623,80.2264633179,36623,36643,20
12.8607797623,80.2264633179,36643,36653,10
12.8608798981,80.2264633179,36653,36663,10
12.8613395691,80.2264709473,36663,36673,10
12.8621501923,80.2264633179,36673,36683,10
12.863240242,80.2264175415,36683,36694,11
12.8645000458,80.2264633179,36694,36704,10
12.8656597137,80.2264862061,36704,36714,10
12.8668203354,80.2264175415,36714,36724,10
12.8679199219,80.22631073,36724,36734,10
12.8689804077,80.2263336182,36734,36744,10
12.8700504303,80.2264633179,36744,36754,10
12.8711395264,80.2265472412,36754,36764,10
12.8721399307,80.2265701294,36764,36774,10
12.8731298447,80.2265777588,36774,36785,11
12.8742799759,80.2266693115,36785,36795,10
12.8753099442,80.2267990112,36795,36805,10
12.8761796951,80.2268371582,36805,36845,40
12.8761796951,80.2268371582,36845,36855,10
12.8764400482,80.2268295288,36855,36865,10
12.876999855,80.2267990112,36865,36876,11
12.8779497147,80.2267303467,36876,36886,10
12.878950119,80.2266616821,36886,36896,10
12.8799800873,80.2266311646,36896,36906,10
12.8810796738,80.2266311646,36906,36916,10
12.8821601868,80.2266311646,36916,36926,10
12.8832397461,80.2266311646,36926,36936,10
12.8842802048,80.2266235352,36936,36946,10
12.8852796555,80.2266387939,36946,36956,10
12.8862895966,80.2268676758,36956,36966,10
12.8873996735,80.2271194458,36966,36977,11
12.8886299133,80.2272491455,36977,36987,10
12.8897695541,80.2272567749,36987,36997,10
12.8909196854,80.2272567749,36997,37007,10
12.8919200897,80.2272491455,37007,37017,10
12.8927297592,80.2273101807,37017,37027,10
12.8935604095,80.2274398804,37027,37037,10
12.8945102692,80.2275390625,37037,37047,10
12.8955698013,80.2275772095,37047,37057,10
12.8966903687,80.2276229858,37057,37068,11
12.8979597092,80.2276916504,37068,37078,10
12.8990001678,80.2277526855,37078,37088,10
12.9003801346,80.2278366089,37088,37229,141
12.9003801346,80.2278366089,37229,37239,10
12.9007196426,80.2278823853,37239,37250,11
12.9008903503,80.2278900146,37250,37260,10
12.9010000229,80.2278900146,37260,37270,10
12.9012298584,80.227897644,37270,37280,10
12.9017295837,80.2279205322,37280,37290,10
12.9023895264,80.2279586792,37290,37300,10
12.9027795792,80.2279663086,37300,37310,10
12.9033603668,80.2279968262,37310,37320,10
12.9037704468,80.2280197144,37320,37330,10
12.9039802551,80.2280273438,37330,37340,10
12.904250145,80.2280502319,37340,37351,11
12.9048900604,80.2280807495,37351,37381,30
12.9048900604,80.2280807495,37381,37397,16
12.9052400589,80.2281112671,37397,37409,12
12.9055595398,80.2281265259,37409,37419,10
12.9059000015,80.2281570435,37419,37429,10
12.9060697556,80.2281723022,37429,37439,10
12.9064598083,80.2281570435,37439,37450,11
12.906920433,80.2282333374,37450,37460,10
12.9076499939,80.2283172607,37460,37470,10
12.9084796906,80.2284622192,37470,37480,10
12.9094600677,80.2286224365,37480,37490,10
12.9104995728,80.2287826538,37490,37500,10
12.911649704,80.2289505005,37500,37510,10
12.912730217,80.2291030884,37510,37520,10
12.9135303497,80.2292175293,37520,37530,10
12.9140195847,80.2292785645,37530,37549,19
12.915599823,80.2294616699,37549,37561,12
12.9167900085,80.2296600342,37561,37571,10
12.9175596237,80.2297668457,37571,37581,10
12.9183702469,80.2298812866,37581,37591,10
12.9194002151,80.2300186157,37591,37601,10
12.9203596115,80.230140686,37601,37611,10
12.9214401245,80.2302703857,37611,37621,10
12.9225597382,80.2304382324,37621,37632,11
12.9238500595,80.2306213379,37632,37642,10
12.9250202179,80.230758667,37642,37652,10
12.9259996414,80.2308502197,37652,37662,10
12.9262104034,80.2308807373,37662,37672,10
12.9264001846,80.2309417725,37672,37682,10
12.9271602631,80.2310180664,37682,37691,9
12.9278802872,80.2311019897,37691,37702,11
12.9287004471,80.2312316895,37702,37712,10
12.9292402267,80.231338501,37712,37723,11
12.9312000275,80.2318572998,37723,37733,10
12.9312000275,80.2318572998,37733,37743,10
12.9322595596,80.2321777344,37743,37753,10
12.9334096909,80.2326202393,37753,37773,20
12.9334096909,80.2326202393,37773,37783,10
12.933549881,80.2326965332,37783,37793,10
12.9337100983,80.2328033447,37793,37805,12
12.9342403412,80.2330627441,37805,37817,12
12.9351396561,80.2334594727,37817,37827,10
12.9357700348,80.2337417603,37827,37837,10
12.9364995956,80.2341003418,37837,37847,10
12.9375,80.2345428467,37847,37857,10
12.9385595322,80.2350692749,37857,37866,9
12.9393796921,80.2354812622,37866,37876,10
12.9396600723,80.2356109619,37876,37887,11
12.9397497177,80.2356567383,37887,37896,9
12.9400196075,80.2357788086,37896,37908,12
12.9408998489,80.2360229492,37908,37918,10
12.94190979,80.2362670898,37918,37928,10
12.9429798126,80.2367095947,37928,37938,10
12.9438199997,80.237487793,37938,37948,10
12.9446001053,80.2383270264,37948,37958,10
12.9454402924,80.2391662598,37958,37968,10
12.9464597702,80.2396621704,37968,37978,10
12.9474601746,80.2400588989,37978,37988,10
12.9481697083,80.2403488159,37988,38019,31
12.9481697083,80.2403488159,38019,38029,10
12.9484901428,80.2404937744,38029,38045,16
12.949259758,80.2407836914,38045,38057,12
12.950050354,80.2410202026,38057,38067,10
12.9506702423,80.2411804199,38067,38077,10
12.9506902695,80.2411880493,38077,38087,10
12.9510602951,80.2413406372,38087,38097,10
12.9515304565,80.2415008545,38097,38108,11
12.9525003433,80.2418670654,38108,38118,10
12.953379631,80.2422027588,38118,38128,10
12.9542303085,80.2425537109,38128,38138,10
12.9549503326,80.2428283691,38138,38148,10
12.9558095932,80.2431488037,38148,38208,60
12.9558095932,80.2431488037,38208,38219,11
12.9561796188,80.2433624268,38219,38259,40
12.9561796188,80.2433624268,38259,38269,10
12.9568004608,80.243598938,38269,38279,10
12.9575595856,80.2439193726,38279,38290,11
12.9583702087,80.2442626953,38290,38300,10
12.9590396881,80.2444992065,38300,38310,10
12.9598903656,80.2448883057,38310,38320,10
12.9608898163,80.2453384399,38320,38330,10
12.9618997574,80.24584198,38330,38340,10
12.9627504349,80.2462768555,38340,38350,10
12.9631299973,80.2464981079,38350,38360,10
12.963470459,80.2466430664,38360,38370,10
12.9640598297,80.2468795776,38370,38381,11
12.9648799896,80.247177124,38381,38397,16
12.9662599564,80.2476882935,38397,38409,12
12.9672002792,80.2481384277,38409,38419,10
12.9681596756,80.2485427856,38419,38429,10
12.9691896439,80.2489013672,38429,38439,10
12.9702596664,80.2493591309,38439,38449,10
12.9713897705,80.2497406006,38449,38459,10
12.9725704193,80.250038147,38459,38470,11
12.9737901688,80.2503662109,38470,38480,10
12.9749298096,80.2506866455,38480,38490,10
12.9760398865,80.2510223389,38490,38500,10
12.9770498276,80.2513198853,38500,38510,10
12.9779396057,80.2518997192,38510,38520,10
12.9787397385,80.2524185181,38520,38530,10
12.97935009,80.2525405884,38530,38550,20
12.97935009,80.2525405884,38550,38560,10
12.9795303345,80.2525482178,38560,38571,11
12.9799995422,80.2526016235,38571,38581,10
12.9806604385,80.2525863647,38581,38591,10
12.9814395905,80.2525787354,38591,38621,30
12.9814395905,80.2525787354,38621,38631,10
12.9819202423,80.2525634766,38631,38641,10
12.9826402664,80.2525405884,38641,38651,10
12.9832496643,80.2524795532,38651,38662,11
12.9836597443,80.2523803711,38662,38894,232
12.9836597443,80.2523803711,38894,38904,10
12.984000206,80.2522888184,38904,38914,10
12.9843397141,80.2521972656,38914,38924,10
12.9846897125,80.2521209717,38924,38934,10
12.9850997925,80.2520065308,38934,38945,11
12.9855899811,80.2518768311,38945,38955,10
12.9859800339,80.2517623901,38955,38965,10
12.9863700867,80.2516784668,38965,38975,10
12.9865999222,80.2516098022,38975,38985,10
12.9869499207,80.2515182495,38985,38995,10
12.987279892,80.251411438,38995,39147,152
12.987279892,80.251411438,39147,39157,10
12.9874401093,80.2513427734,39157,39167,10
12.9878797531,80.2512588501,39167,39177,10
12.988699913,80.2510681152,39177,39187,10
12.9897403717,80.2508163452,39187,39197,10
12.9908599854,80.2505264282,39197,39207,10
12.991979599,80.25025177,39207,39218,11
12.9932098389,80.2499465942,39218,39228,10
12.9943599701,80.2496566772,39228,39238,10
12.9955196381,80.2493591309,39238,39248,10
12.9967298508,80.2490463257,39248,39258,10
12.9979400635,80.2487487793,39258,39268,10
12.9991598129,80.2484436035,39268,39278,10
13.0004396439,80.2481307983,39278,39288,10
13.0016899109,80.2478179932,39288,39298,10
13.0028600693,80.2475585938,39298,39308,10
13.0040397644,80.2473831177,39308,39319,11
13.0053396225,80.247177124,39319,39329,10
13.0062704086,80.2468109131,39329,39339,10
13.0065803528,80.2460632324,39339,39349,10
13.0066204071,80.2453613281,39349,39359,10
13.0066099167,80.2446899414,39359,39369,10
13.0066003799,80.2440795898,39369,39379,10
13.0065898895,80.2434387207,39379,39389,10
13.0065603256,80.2427368164,39389,39399,10
13.0065202713,80.2421112061,39399,39420,21
13.0065202713,80.2421112061,39420,39430,10
13.006529808,80.2417831421,39430,39440,10
13.0065603256,80.2413635254,39440,39450,10
13.0066099167,80.2409210205,39450,39460,10
13.0067195892,80.2403717041,39460,39470,10
13.0068798065,80.2397003174,39470,39480,10
13.0070295334,80.2388916016,39480,39490,10
13.0071802139,80.2380828857,39490,39501,11
13.0073404312,80.2374572754,39501,39511,10
13.0074796677,80.2367706299,39511,39521,10
13.0076198578,80.236076355,39521,39531,10
13.0077295303,80.2354125977,39531,39541,10
13.0078496933,80.2348022461,39541,39551,10
13.0080003738,80.2340316772,39551,39561,10
13.0081501007,80.2332305908,39561,39571,10
13.0083303452,80.232421875,39571,39581,10
13.0085201263,80.2315216064,39581,39592,11
13.0087404251,80.2303466797,39592,39602,10
13.0089597702,80.2292480469,39602,39612,10
13.009180069,80.2282562256,39612,39622,10
13.0094995499,80.2274475098,39622,39632,10
13.0098896027,80.2266082764,39632,39642,10
13.0102796555,80.2258300781,39642,39652,10
13.0107097626,80.2249526978,39652,39662,10
13.0111103058,80.223991394,39662,39672,10
13.0114097595,80.2233200073,39672,39683,11
13.0117397308,80.2234191895,39683,39693,10
13.012140274,80.2236175537,39693,39703,10
13.0126199722,80.2238998413,39703,39713,10
13.0133800507,80.2242889404,39713,39723,10
13.0142002106,80.2247085571,39723,39733,10
13.0149097443,80.2250900269,39733,39743,10
13.0153102875,80.2253189087,39743,39753,10
13.0153503418,80.2254867554,39753,39763,10
13.0151195526,80.2257919312,39763,39773,10
13.0150699615,80.2258224487,39773,39784,11
13.0146903992,80.226020813,39784,39794,10
13.0143499374,80.2261505127,39794,39810,16
13.0142002106,80.2259902954,39810,39822,12
13.0147895813,80.2255096436,39822,40106,284
13.0147895813,80.2255096436,40106,40116,10
13.0146903992,80.2255783081,40116,40126,10
13.0145797729,80.225730896,40126,40136,10
13.0142402649,80.225982666,40136,40146,10
13.0142097473,80.2261581421,40146,40157,11
13.013879776,80.2263565063,40157,40167,10
13.0132703781,80.2265930176,40167,40177,10
13.0125198364,80.226890564,40177,40187,10
13.011639595,80.2272415161,40187,40197,10
13.0107402802,80.2275924683,40197,40207,10
13.0099096298,80.2279129028,40207,40217,10
13.0095396042,80.2275238037,40217,40227,10
13.0098600388,80.2268981934,40227,40237,10
13.0101995468,80.2261276245,40237,40248,11
13.0105800629,80.2253112793,40248,40258,10
13.0106496811,80.2251586914,40258,40268,10
13.0107297897,80.2249908447,40268,40278,10
13.0109300613,80.2245178223,40278,40288,10
13.0112400055,80.223739624,40288,40298,10
13.0114603043,80.2233581543,40298,40308,10
13.0118598938,80.2235031128,40308,40318,10
13.0124902725,80.2237930298,40318,40328,10
13.0134401321,80.224281311,40328,40338,10
13.0142803192,80.2247314453,40338,40349,11
13.0149002075,80.2250595093,40349,40359,10
13.0150003433,80.2251205444,40359,40369,10
13.0152797699,80.2252807617,40369,40379,10
13.0156097412,80.2252731323,40379,40389,10
13.0162296295,80.2253036499,40389,40399,10
13.01679039,80.2251815796,40399,40409,10
13.0174999237,80.2249069214,40409,40419,10
13.0183000565,80.2245864868,40419,40430,11
13.0195598602,80.2244415283,40430,40460,30
13.0195598602,80.2244415283,40460,40470,10
13.0197696686,80.2245788574,40470,40480,10
13.0201396942,80.224861145,40480,40490,10
13.0207796097,80.2253417969,40490,40500,10
13.0215597153,80.2259292603,40500,40510,10
13.0224599838,80.2265472412,40510,40531,21
13.0224599838,80.2265472412,40531,40541,10
13.0228700638,80.2269287109,40541,40551,10
13.0234203339,80.2274780273,40551,40561,10
13.0238800049,80.2278823853,40561,40571,10
13.0243597031,80.2284317017,40571,40601,30
13.0243597031,80.2284317017,40601,40611,10
13.0244598389,80.2285919189,40611,40622,11
13.024720192,80.2289962769,40622,40632,10
13.024939537,80.229309082,40632,40642,10
13.0252399445,80.2296905518,40642,40652,10
13.025639534,80.23021698,40652,40662,10
13.0257997513,80.23046875,40662,40672,10
13.0258903503,80.230682373,40672,40682,10
13.0260000229,80.2310333252,40682,40692,10
13.0261001587,80.2314605713,40692,40702,10
13.0262203217,80.2319412231,40702,40713,11
13.0263204575,80.2323226929,40713,40723,10
13.0265903473,80.2329406738,40723,40733,10
13.0269098282,80.2334823608,40733,40743,10
13.0273895264,80.2342834473,40743,40753,10
13.0278997421,80.2352294922,40753,40763,10
13.0284204483,80.2358932495,40763,40779,16
13.0290403366,80.2365570068,40779,40791,12
13.0294399261,80.2370223999,40791,40801,10
13.0296802521,80.2373275757,40801,40821,20
13.0296802521,80.2373275757,40821,40832,11
13.0297803879,80.237449646,40832,40842,10
13.0299797058,80.2378005981,40842,40852,10
13.03028965,80.238319397,40852,40862,10
13.0305099487,80.2386703491,40862,40872,10
13.0305500031,80.2387619019,40872,40882,10
13.0306196213,80.2388534546,40882,40892,10
13.0307197571,80.2389984131,40892,40903,11
13.0309495926,80.2394638062,40903,40913,10
13.0311698914,80.2398376465,40913,40923,10
13.0312404633,80.2399368286,40923,40933,10
13.0314102173,80.2402420044,40933,40943,10
13.0314502716,80.240737915,40943,40953,10
13.0315999985,80.2410430908,40953,40963,10
13.0318603516,80.2415771484,40963,40973,10
13.03221035,80.2422027588,40973,40983,10
13.0326795578,80.2427597046,40983,40994,11
13.0333003998,80.243637085,40994,41004,10
13.033829689,80.2444000244,41004,41014,10
13.0342597961,80.245010376,41014,41024,10
13.034740448,80.2455825806,41024,41034,10
13.0351600647,80.2459793091,41034,41044,10
13.0352401733,80.2460479736,41044,41054,10
13.0356502533,80.2461776733,41054,41064,10
13.0362796783,80.2464828491,41064,41074,10
13.0370903015,80.24659729,41074,41085,11
13.0377197266,80.2465133667,41085,41095,10
13.0383996964,80.2466583252,41095,41104,9
13.0390396118,80.2468338013,41104,41115,11
13.0395498276,80.246963501,41115,41125,10
13.0402202606,80.2470932007,41125,41135,10
13.0409898758,80.2472610474,41135,41145,10
13.0417699814,80.2473831177,41145,41155,10
13.0420198441,80.2474365234,41155,41165,10
13.0425395966,80.2475967407,41165,41175,10
13.0430698395,80.2477722168,41175,41186,11
13.0438404083,80.247833252,41186,41196,10
13.0444297791,80.2478713989,41196,41206,10
13.0450000763,80.2480773926,41206,41216,10
13.0455799103,80.2483215332,41216,41226,10
13.0463895798,80.2484817505,41226,41242,16
13.0470895767,80.2484207153,41242,41254,12
13.0471496582,80.2484436035,41254,41264,10
13.0474004745,80.2485961914,41264,41275,11
13.0474100113,80.2486495972,41275,41285,10
13.047659874,80.2488708496,41285,41295,10
13.0479698181,80.249206543,41295,41305,10
13.0483903885,80.2496032715,41305,41315,10
13.0489597321,80.249710083,41315,41325,10
13.0498399734,80.2498397827,41325,41335,10
13.0507602692,80.250038147,41335,41345,10
13.0516004562,80.2503204346,41345,41355,10
13.0522403717,80.2509002686,41355,41365,10
13.0527296066,80.2515563965,41365,41376,11
13.0533504486,80.2523727417,41376,41386,10
13.0537900925,80.2529907227,41386,41397,11
13.0541000366,80.2534332275,41397,41408,11
13.0543403625,80.2537384033,41408,41418,10
13.0544900894,80.2539367676,41418,41427,9
13.0546302795,80.254119873,41427,41438,11
13.0548000336,80.2543563843,41438,41448,10
13.0550298691,80.2546615601,41448,41458,10
13.0552997589,80.2550201416,41458,41468,10
13.0555000305,80.2552871704,41468,41479,11
13.0558004379,80.2557220459,41479,41489,10
13.0559997559,80.2559890747,41489,41499,10
13.0561800003,80.2562332153,41499,41509,10
13.0564203262,80.2565383911,41509,41519,10
13.0569000244,80.2569732666,41519,41529,10
13.057559967,80.2574615479,41529,41539,10
13.0578403473,80.2576980591,41539,41549,10
13.0580301285,80.2579727173,41549,41560,11
13.0581598282,80.2581481934,41560,41570,10
13.0583000183,80.2583770752,41570,41580,10
13.0586795807,80.2588577271,41580,41590,10
13.0590400696,80.2592926025,41590,41600,10
13.0592403412,80.2597427368,41600,41610,10
13.0597200394,80.2601699829,41610,41620,10
13.0601396561,80.260597229,41620,41630,10
13.0605201721,80.2609710693,41630,41640,10
13.0606203079,80.261100769,41640,41651,11
13.0607404709,80.2612762451,41651,41661,10
13.0610599518,80.261756897,41661,41671,10
13.0615596771,80.2622375488,41671,41681,10
13.0620002747,80.2628631592,41681,41691,10
13.0625200272,80.2635116577,41691,41701,10
13.0629501343,80.2640304565,41701,41711,10
13.0633001328,80.2644577026,41711,41721,10
13.063659668,80.2649993896,41721,41731,10
13.0636997223,80.2650604248,41731,41742,11
13.0638103485,80.2652282715,41742,41752,10
13.0638904572,80.26537323,41752,41762,10
13.064040184,80.2656097412,41762,41772,10
13.064450264,80.2660217285,41772,41782,10
13.0646495819,80.2663269043,41782,41792,10
13.0648097992,80.2665176392,41792,41802,10
13.0650396347,80.2668380737,41802,41812,10
13.0655403137,80.2671890259,41812,41822,10
13.0656604767,80.2673721313,41822,41832,10
13.0659399033,80.2677764893,41832,41843,11
13.0664596558,80.2683486938,41843,41853,10
13.0667800903,80.2685317993,41853,41863,10
13.0672903061,80.2688369751,41863,41873,10
13.0678796768,80.2692108154,41873,41889,16
13.068110466,80.2693405151,41889,41901,12
13.0682497025,80.2696990967,41901,41911,10
13.0681600571,80.2706222534,41911,41932,21
13.0681600571,80.2706222534,41932,41942,10
13.0681295395,80.2708206177,41942,41951,9
13.068110466,80.2712020874,41951,41962,11
13.0684604645,80.2717514038,41962,41972,10
13.0689401627,80.2719497681,41972,41982,10
13.069319725,80.2722167969,41982,41992,10
13.0697402954,80.2726821899,41992,42002,10
13.070110321,80.273109436,42002,42012,10
13.070400238,80.2734985352,42012,42023,11
13.070599556,80.2738418579,42023,42033,10
13.0708799362,80.2741317749,42033,42043,10
13.0716495514,80.2743988037,42043,42053,10
13.0721998215,80.2748794556,42053,42063,10
13.0727300644,80.2754364014,42063,42073,10
13.073340416,80.2760696411,42073,42083,10
13.0738897324,80.2763519287,42083,42093,10
13.0746898651,80.2762908936,42093,42103,10
13.0755596161,80.2762680054,42103,42114,11
13.0758399963,80.276222229,42114,42124,10
13.0759401321,80.2759017944,42124,42134,10
13.0757904053,80.2755279541,42134,45584,3450
13.0757904053,80.2755279541,45584,45594,10
13.0759096146,80.2752304077,45594,45604,10
13.0760297775,80.2747192383,45604,45806,202
13.0760297775,80.2747192383,45806,45816,10
13.0758399963,80.2746963501,45816,45826,10
13.0758104324,80.2750015259,45826,45836,10
13.0757398605,80.275177002,45836,46180,344
13.0757398605,80.275177002,46180,46190,10
13.0756998062,80.2752380371,46190,46200,10
13.0757799149,80.2752609253,46200,46210,10
13.0758600235,80.2754974365,46210,46220,10
13.0758600235,80.2755203247,46220,46230,10
13.0758800507,80.2757415771,46230,46463,233
13.0758800507,80.2757415771,46463,46473,10
13.0759401321,80.2761993408,46473,46483,10
13.0762996674,80.2762374878,46483,46493,10
13.0770998001,80.2761917114,46493,46503,10
13.0779895782,80.2761306763,46503,46513,10
13.0782003403,80.2757568359,46513,46524,11
13.078619957,80.275138855,46524,46534,10
13.0795297623,80.2752380371,46534,46544,10
13.0803403854,80.2752380371,46544,46554,10
13.0813102722,80.2751083374,46554,46574,20
13.0813102722,80.2751083374,46574,46584,10
13.0814304352,80.275100708,46584,46594,10
13.0818099976,80.2751998901,46594,46604,10
13.0819301605,80.2752914429,46604,46615,11
13.0819997787,80.2756576538,46615,46665,50
13.0819997787,80.2756576538,46665,46675,10
13.0818796158,80.2759475708,46675,46685,10
13.0818195343,80.2762832642,46685,46695,10
13.0818395615,80.2768783569,46695,46705,10
13.0818996429,80.2776412964,46705,46716,11
13.0822601318,80.2779388428,46716,46726,10
13.0828800201,80.2779998779,46726,46736,10
13.0832004547,80.2780380249,46736,46746,10
13.0832996368,80.2780990601,46746,46756,10
13.0834302902,80.2785110474,46756,46766,10
13.0834703445,80.2788925171,46766,46776,10
13.0829896927,80.278793335,46776,46786,10
13.0825300217,80.2786178589,46786,46807,21
13.0825300217,80.2786178589,46807,46817,10
13.0821399689,80.2784194946,46817,46827,10
13.0819501877,80.2780227661,46827,46837,10
13.0818901062,80.2774429321,46837,46847,10
13.0817699432,80.2769165039,46847,46857,10
13.0817604065,80.2768478394,46857,46867,10
13.0816698074,80.2762680054,46867,46877,10
13.0815200806,80.275718689,46877,46887,10
13.0815095901,80.2756576538,46887,46898,11
13.0815000534,80.2755203247,46898,46908,10
13.081489563,80.2754592896,46908,46918,10
13.0814199448,80.2752304077,46918,46928,10
13.080909729,80.2752532959,46928,46938,10
13.0804004669,80.2753067017,46938,46948,10
13.0797796249,80.2753829956,46948,46958,10
13.0789604187,80.2752075195,46958,46968,10
13.0782699585,80.275680542,46968,46978,10
13.0777196884,80.276222229,46978,46989,11
13.0765800476,80.2762908936,46989,46999,10
13.0758800507,80.2763519287,46999,47009,10
13.0757198334,80.2763519287,47009,47019,10
13.0750799179,80.2763595581,47019,47029,10
13.0743303299,80.2763977051,47029,47039,10
13.0740203857,80.2764434814,47039,47049,10
13.0738897324,80.2764587402,47049,47059,10
13.073390007,80.2762985229,47059,47069,10
13.0728397369,80.2756576538,47069,47085,16
13.0719203949,80.2747116089,47085,47098,13
13.0711297989,80.2744827271,47098,47108,10
13.070980072,80.2744827271,47108,47118,10
13.0708999634,80.2743911743,47118,47128,10
13.0708904266,80.2743835449,47128,47138,10
13.0708198547,80.2742996216,47138,47148,10
13.070599556,80.2740020752,47148,47158,10
13.0703897476,80.2735290527,47158,47168,10
13.0698795319,80.2729187012,47168,47179,11
13.0691795349,80.2721786499,47179,47189,10
13.068570137,80.2719116211,47189,47249,60
13.068570137,80.2719116211,47249,47259,10
13.068400383,80.2717971802,47259,47269,10
13.0680704117,80.2713623047,47269,47280,11
13.06772995,80.2708435059,47280,47289,9
13.0670700073,80.2702484131,47289,47301,12
13.0664901733,80.2693328857,47301,47310,9
13.0664596558,80.2686309814,47310,47321,11
13.0661001205,80.2680892944,47321,47331,10
13.0655403137,80.2676925659,47331,47341,10
13.065369606,80.2676696777,47341,47351,10
13.0652198792,80.2676696777,47351,47361,10
13.064740181,80.2675628662,47361,47372,11
13.0644102097,80.2675170898,47372,47382,10
13.064209938,80.2674865723,47382,47392,10
13.063750267,80.2673721313,47392,47402,10
13.0632801056,80.2673110962,47402,47412,10
13.0629701614,80.267250061,47412,47422,10
13.062620163,80.2670288086,47422,47438,16
13.0621004105,80.266418457,47438,47450,12
13.0615997314,80.2658004761,47450,47460,10
13.0612897873,80.2654418945,47460,47471,11
13.0605602264,80.265411377,47471,47491,20
13.0605602264,80.265411377,47491,47501,10
13.0601797104,80.2655563354,47501,47511,10
13.0598297119,80.2656021118,47511,47521,10
13.0594701767,80.2656021118,47521,47530,9
13.0592899323,80.2655410767,47530,47541,11
13.059009552,80.2654037476,47541,47551,10
13.0587997437,80.2654876709,47551,47561,10
13.0583400726,80.26537323,47561,47571,10
13.0580501556,80.2648086548,47571,47582,11
13.0579500198,80.2640609741,47582,47592,10
13.0578603745,80.2633590698,47592,47602,10
13.0577898026,80.2627105713,47602,47612,10
13.0577297211,80.2621917725,47612,47622,10
13.0575704575,80.2615966797,47622,47632,10
13.0574798584,80.2611618042,47632,47642,10
13.0574102402,80.2609024048,47642,47653,11
13.0572500229,80.2603988647,47653,47663,10
13.0570602417,80.2597503662,47663,47673,10
13.056889534,80.2591018677,47673,47683,10
13.0566997528,80.2583389282,47683,47693,10
13.0565004349,80.2574462891,47693,47713,20
13.0565004349,80.2574462891,47713,47723,10
13.0564699173,80.2573165894,47723,47733,10
13.0564002991,80.2570266724,47733,47744,11
13.0562400818,80.2564620972,47744,47754,10
13.0559301376,80.2559814453,47754,47764,10
13.0554504395,80.2553100586,47764,47774,10
13.054889679,80.2545394897,47774,47784,10
13.0543203354,80.2537994385,47784,47793,9
13.0539102554,80.2532577515,47793,47804,11
13.0533304214,80.252456665,47804,47814,10
13.0527896881,80.251739502,47814,47824,10
13.0523300171,80.251121521,47824,47834,10
13.0518398285,80.2505493164,47834,47845,11
13.0510196686,80.2501220703,47845,47855,10
13.0500402451,80.2499008179,47855,47865,10
13.0490102768,80.249786377,47865,47875,10
13.048500061,80.2496566772,47875,47885,10
13.0480699539,80.2493972778,47885,47895,10
13.0474700928,80.2488632202,47895,47905,10
13.0470104218,80.2486572266,47905,47915,10
13.0468797684,80.248626709,47915,47925,10
13.0464696884,80.248588562,47925,47936,11
13.0455799103,80.2484130859,47936,47946,10
13.0449199677,80.2481689453,47946,47956,10
13.0443000793,80.2480621338,47956,47966,10
13.0438995361,80.2480010986,47966,47976,10
13.0435304642,80.2479019165,47976,47986,10
13.0431404114,80.2478179932,47986,47996,10
13.0422401428,80.2476577759,47996,48057,61
13.0422401428,80.2476577759,48057,48067,10
13.0420103073,80.247543335,48067,48077,10
13.0417604446,80.2474899292,48077,48087,10
13.0411396027,80.2473526001,48087,48097,10
13.0402402878,80.2472229004,48097,48107,10
13.0396299362,80.2470932007,48107,48128,21
13.0396299362,80.2470932007,48128,48138,10
13.0391302109,80.246963501,48138,48148,10
13.0383396149,80.2467498779,48148,48158,10
13.0375795364,80.2466430664,48158,48168,10
13.036860466,80.2465209961,48168,48178,10
13.0363798141,80.246421814,48178,48188,10
13.0359802246,80.2463684082,48188,48198,10
13.0359296799,80.2463607788,48198,48214,16
13.0354204178,80.2461624146,48214,48227,13
13.0353803635,80.2461471558,48227,48237,10
13.0353298187,80.2461624146,48237,48247,10
13.0350198746,80.2459182739,48247,48257,10
13.0345401764,80.2453918457,48257,48267,10
13.0339603424,80.2446975708,48267,48276,9
13.0333499908,80.2438964844,48276,48285,9
13.0323696136,80.2425994873,48285,48348,63
13.0323696136,80.2425994873,48348,48358,10
13.0322599411,80.2424468994,48358,48368,10
13.0321397781,80.2423019409,48368,48378,10
13.0320196152,80.2421112061,48378,48388,10
13.0318403244,80.2416992188,48388,48398,10
13.0315504074,80.2410736084,48398,48489,91
13.0315504074,80.2410736084,48489,48500,11
13.0313596725,80.2406234741,48500,48510,10
13.0311803818,80.2402496338,48510,48520,10
13.0309801102,80.2397384644,48520,48530,10
13.0305500031,80.2389297485,48530,48540,10
13.0300102234,80.2379837036,48540,48550,10
13.0295000076,80.2372283936,48550,48560,10
13.0289201736,80.2366104126,48560,48570,10
13.028260231,80.2358779907,48570,48580,10
13.0276203156,80.2349624634,48580,48590,10
13.0269498825,80.2337799072,48590,48601,11
13.0265703201,80.2331619263,48601,48621,20
13.0265703201,80.2331619263,48621,48631,10
13.0264501572,80.2329406738,48631,48641,10
13.0262002945,80.2322769165,48641,48651,10
13.0260400772,80.2316665649,48651,48661,10
13.0259895325,80.2314987183,48661,48677,16
13.0255403519,80.2303009033,48677,48689,12
13.0248804092,80.2293701172,48689,48700,11
13.0242395401,80.2285690308,48700,48709,9
13.0239896774,80.228302002,48709,48720,11
13.0239496231,80.2282714844,48720,48730,10
13.0237798691,80.2280578613,48730,48740,10
13.0234003067,80.2276916504,48740,48781,41
13.0234003067,80.2276916504,48781,48791,10
13.0232200623,80.2274780273,48791,48801,10
13.0229902267,80.2272796631,48801,48811,10
13.0224504471,80.2267990112,48811,48821,10
13.0217199326,80.2261810303,48821,48831,10
13.0209598541,80.2255783081,48831,48841,10
13.0203399658,80.2251434326,48841,48851,10
13.0197296143,80.2247161865,48851,48861,10
13.0188302994,80.2245407104,48861,48871,10
13.0178499222,80.224899292,48871,48882,11
13.0168600082,80.2253036499,48882,48892,10
13.016409874,80.2255020142,48892,48902,10
13.0161104202,80.2256011963,48902,48912,10
13.0154800415,80.2257766724,48912,48922,10
13.0148200989,80.2260818481,48922,48932,10
13.0143098831,80.226272583,48932,48942,10
13.0142602921,80.2262802124,48942,48952,10
13.0139503479,80.2264099121,48952,48962,10
13.013250351,80.2266464233,48962,48973,11
13.0122804642,80.2270431519,48973,48983,10
13.0113697052,80.2273864746,48983,48993,10
13.0105400085,80.2277374268,48993,49003,10
13.0095796585,80.2281494141,49003,49013,10
13.0090799332,80.2289199829,49013,49023,10
13.0088701248,80.2300186157,49023,49033,10
13.0086202621,80.2312469482,49033,49043,10
13.0083799362,80.2325134277,49043,49053,10
13.0082302094,80.2335510254,49053,49063,10
13.008190155,80.2337188721,49063,49074,11
13.0081195831,80.2339401245,49074,49084,10
13.008020401,80.2345428467,49084,49094,10
13.0078401566,80.2354812622,49094,49104,10
13.007610321,80.2365875244,49104,49114,10
13.007399559,80.2377166748,49114,49124,10
13.007229805,80.2387466431,49124,49134,10
13.0070400238,80.239692688,49134,49144,10
13.0069599152,80.2400970459,49144,49195,51
13.0069599152,80.2400970459,49195,49205,10
13.0069303513,80.2402420044,49205,49215,10
13.0068397522,80.2407989502,49215,49231,16
13.0067396164,80.2423782349,49231,49243,12
13.0067501068,80.2431106567,49243,49253,10
13.0067396164,80.2433013916,49253,49264,11
13.0067300797,80.2436676025,49264,49274,10
13.0067195892,80.2441711426,49274,49284,10
13.0067100525,80.244682312,49284,49294,10
13.0067100525,80.2446899414,49294,49303,9
13.0067100525,80.2448883057,49303,49314,11
13.0067300797,80.2453079224,49314,49323,9
13.0067596436,80.2457733154,49323,49333,10
13.0067796707,80.2464370728,49333,49344,11
13.0067396164,80.2473220825,49344,49375,31
13.0067396164,80.2473220825,49375,49385,10
13.0066299438,80.2473983765,49385,49395,10
13.0060796738,80.2474212646,49395,49415,20
13.0060796738,80.2474212646,49415,49425,10
13.0059299469,80.2474212646,49425,49435,10
13.0054302216,80.2473526001,49435,49446,11
13.004529953,80.2473983765,49446,49456,10
13.0035200119,80.2475280762,49456,49466,10
13.0026502609,80.2476806641,49466,49475,9
13.0020704269,80.2478103638,49475,49486,11
13.0012798309,80.2480316162,49486,49496,10
13.000120163,80.2483215332,49496,49506,10
12.9988899231,80.248626709,49506,49516,10
12.9977302551,80.248916626,49516,49526,10
12.9965496063,80.2491989136,49526,49537,11
12.9951696396,80.2495803833,49537,49547,10
12.9938602448,80.2499237061,49547,49557,10
12.9925203323,80.2502365112,49557,49567,10
12.9911003113,80.2506408691,49567,49597,30
12.9911003113,80.2506408691,49597,49607,10
12.9908895493,80.2507019043,49607,49617,10
12.9903402328,80.2508392334,49617,49627,10
12.9898004532,80.2509689331,49627,49718,91
12.9898004532,80.2509689331,49718,49729,11
12.9897298813,80.2509536743,49729,49739,10
12.9892702103,80.2510986328,49739,49749,10
12.9888801575,80.2512283325,49749,49759,10
12.9882698059,80.2513885498,49759,49769,10
12.9875202179,80.2515563965,49769,49779,10
12.9870595932,80.2516937256,49779,49789,10
12.9865598679,80.2518234253,49789,49799,10
12.9858198166,80.2519683838,49799,49809,10
12.9848003387,80.2522277832,49809,49819,10
12.9835996628,80.2525634766,49819,49830,11
12.9822702408,80.2527008057,49830,49840,10
12.9811000824,80.2527236938,49840,49850,10
12.9804201126,80.2527236938,49850,49860,10
12.9802904129,80.2527236938,49860,49870,10
12.9802103043,80.2527084351,49870,49880,10
12.9799995422,80.2527008057,49880,49890,10
12.9794597626,80.2526779175,49890,49900,10
12.9786300659,80.2525787354,49900,49910,10
12.9785003662,80.2525100708,49910,49921,11
12.9779901505,80.2521362305,49921,49931,10
12.9772796631,80.2515487671,49931,49941,10
12.9761695862,80.2511825562,49941,49951,10
12.9748802185,80.2508010864,49951,49961,10
12.9737195969,80.2504577637,49961,49971,10
12.9727296829,80.2502212524,49971,49981,10
12.9716501236,80.2499237061,49981,49991,10
12.9704904556,80.2495727539,49991,50001,10
12.9692001343,80.2490692139,50001,50012,11
12.9677295685,80.2485427856,50012,50022,10
12.9666795731,80.248046875,50022,50032,10
12.9658098221,80.2476425171,50032,50042,10
12.9650001526,80.2473907471,50042,50052,10
12.9649400711,80.2473602295,50052,50062,10
12.964799881,80.2472763062,50062,50072,10
12.9642801285,80.2470474243,50072,50088,16
12.9637899399,80.2468719482,50088,50100,12
12.963139534,80.2465591431,50100,50111,11
12.9621400833,80.2460784912,50111,50121,10
12.9610099792,80.2455291748,50121,50131,10
12.9598197937,80.2449798584,50131,50140,9
12.9593400955,80.2448120117,50140,50151,11
12.959280014,80.2447814941,50151,50161,10
12.9588003159,80.2445373535,50161,50171,10
12.958029747,80.2442169189,50171,50181,10
12.9573202133,80.2439575195,50181,50191,10
12.9566802979,80.2438201904,50191,50202,11
12.9565200806,80.2437591553,50202,50232,30
12.9565200806,80.2437591553,50232,50242,10
12.9563398361,80.2437362671,50242,50252,10
12.9558601379,80.2434768677,50252,50262,10
12.9549999237,80.2430267334,50262,50272,10
12.9538698196,80.2425384521,50272,50282,10
12.9526796341,80.2420425415,50282,50293,11
12.9518699646,80.2417678833,50293,50303,10
12.9516801834,80.2416992188,50303,50313,10
12.9514904022,80.2416229248,50313,50323,10
12.9508199692,80.2413787842,50323,50333,10
12.9498596191,80.2410736084,50333,50343,10
12.9490604401,80.2407989502,50343,50353,10
12.9482698441,80.2404785156,50353,50363,10
12.9469299316,80.2399597168,50363,50383,20
12.9469299316,80.2399597168,50383,50394,11
12.9466400146,80.2398529053,50394,50404,10
12.9458799362,80.2395095825,50404,50414,10
12.9449195862,80.2388305664,50414,50424,10
12.9439296722,80.2377624512,50424,50434,10
12.9428300858,80.2367172241,50434,50444,10
12.9413099289,80.2361907959,50444,50454,10
12.940030098,80.2358779907,50454,50464,10
12.939789772,80.2358016968,50464,50474,10
12.9396600723,80.2357406616,50474,50485,11
12.9388999939,80.2353897095,50485,50495,10
12.9378004074,80.2348175049,50495,50505,10
12.9367303848,80.2342834473,50505,50515,10
12.9359197617,80.2338790894,50515,50525,10
12.935839653,80.2338485718,50525,50535,10
12.9353904724,80.2336502075,50535,50545,10
12.9339399338,80.2330322266,50545,50565,20
12.9339399338,80.2330322266,50565,50576,11
12.9334402084,80.2327804565,50576,50586,10
12.9324998856,80.2323989868,50586,50596,10
12.9312896729,80.2319793701,50596,50606,10
12.9299297333,80.2315597534,50606,50616,10
12.9290399551,80.2313613892,50616,50626,10
12.9286403656,80.231300354,50626,50636,10
12.9277696609,80.2311630249,50636,50646,10
12.9265298843,80.231010437,50646,50656,10
12.9250802994,80.2308425903,50656,50667,11
12.9232997894,80.2306213379,50667,50677,10
12.9216098785,80.2303619385,50677,50687,10
12.9201002121,80.2301635742,50687,50697,10
12.9188699722,80.2300186157,50697,50707,10
12.9176998138,80.2298736572,50707,50717,10
12.9162597656,80.2296676636,50717,50727,10
12.9147596359,80.2294387817,50727,50737,10
12.9137001038,80.2293167114,50737,50747,10
12.9134597778,80.2293167114,50747,50757,10
12.913189888,80.2292633057,50757,50768,11
12.9123001099,80.2291107178,50768,50778,10
12.9111003876,80.2289276123,50778,50788,10
12.9097604752,80.2287368774,50788,50798,10
12.9084796906,80.2285308838,50798,50808,10
12.9074697495,80.2283477783,50808,50818,10
12.9068098068,80.2282867432,50818,50828,10
12.9061899185,80.2282333374,50828,50837,9
12.9054403305,80.2282180786,50837,50848,11
12.9042596817,80.2281494141,50848,50859,11
12.9031000137,80.2280807495,50859,50869,10
12.9019699097,80.2280273438,50869,50879,10
12.9012098312,80.2279891968,50879,50929,50
12.9012098312,80.2279891968,50929,50939,10
12.9011602402,80.2279510498,50939,50949,10
12.9007797241,80.227897644,50949,50960,11
12.9000501633,80.2278671265,50960,50970,10
12.8992500305,80.2278518677,50970,50980,10
12.8987598419,80.2278900146,50980,50990,10
12.8980398178,80.2277984619,50990,51000,10
12.8969202042,80.2277374268,51000,51010,10
12.8955001831,80.2276687622,51010,51020,10
12.8940095901,80.2276000977,51020,51030,10
12.8928203583,80.2274627686,51030,51040,10
12.8922901154,80.2274017334,51040,51051,11
12.8913202286,80.2273712158,51051,51061,10
12.8900604248,80.2273712158,51061,51071,10
12.8886098862,80.2273635864,51071,51081,10
12.8870801926,80.2271881104,51081,51091,10
12.8855199814,80.2267990112,51091,51101,10
12.8841695786,80.2265777588,51101,51111,10
12.882399559,80.2267227173,51111,51121,10
12.8807497025,80.2267379761,51121,51131,10
12.8790502548,80.2267684937,51131,51142,11
12.8773698807,80.2268981934,51142,51152,10
12.8764200211,80.2270202637,51152,51162,10
12.8762702942,80.2270202637,51162,51172,10
12.8760995865,80.2270126343,51172,51182,10
12.8753795624,80.2269668579,51182,51192,10
12.8742704391,80.2268295288,51192,51202,10
12.8731002808,80.2267227173,51202,51212,10
12.8725004196,80.2267303467,51212,51222,10
12.8717603683,80.2266998291,51222,51233,11
12.8704595566,80.2266235352,51233,51243,10
12.8689498901,80.2264633179,51243,51253,10
12.8672704697,80.2264709473,51253,51263,10
12.8655500412,80.2266235352,51263,51273,10
12.8638296127,80.2265701294,51273,51283,10
12.8621397018,80.2265777588,51283,51293,10
12.8610200882,80.2266235352,51293,51303,10
12.8608703613,80.226600647,51303,51313,10
12.8603000641,80.2265396118,51313,51323,10
12.8593196869,80.2264022827,51323,51334,11
12.8580102921,80.2262573242,51334,51344,10
12.8564996719,80.2263565063,51344,51354,10
12.8548603058,80.2265167236,51354,51363,9
12.8533802032,80.2266693115,51363,51374,11
12.8514900208,80.2266387939,51374,51384,10
12.8497400284,80.2265930176,51384,51394,10
12.8481798172,80.2265930176,51394,51404,10
12.8466501236,80.2266082764,51404,51414,10
12.8455200195,80.2266311646,51414,51425,11
12.8453998566,80.2266387939,51425,51435,10
12.8452501297,80.2266464233,51435,51445,10
12.8447303772,80.2266998291,51445,51455,10
12.8437204361,80.2267608643,51455,51465,10
12.8425703049,80.2269515991,51465,51475,10
12.8411998749,80.2272720337,51475,51485,10
12.840180397,80.2275619507,51485,51495,10
12.8396997452,80.2276992798,51495,51505,10
12.8391895294,80.2278594971,51505,51515,10
12.838259697,80.2280883789,51515,51526,11
12.8369197845,80.2283401489,51526,51536,10
12.8356304169,80.2285385132,51536,51546,10
12.8343296051,80.2287368774,51546,51556,10
12.8331003189,80.2289810181,51556,51566,10
12.8324804306,80.2291183472,51566,51576,10
12.8324699402,80.2291183472,51576,51586,10
12.8320302963,80.2292022705,51586,51596,10
12.8313703537,80.2293395996,51596,51607,11
12.8302001953,80.2297668457,51607,51617,10
12.8288402557,80.2303085327,51617,51627,10
12.8274402618,80.2310791016,51627,51637,10
12.825920105,80.2313995361,51637,51647,10
12.8243503571,80.231338501,51647,51657,10
12.8228597641,80.2309188843,51657,51667,10
12.8212900162,80.2304992676,51667,51677,10
12.8198604584,80.2304992676,51677,51687,10
12.8189001083,80.2305221558,51687,51697,10
12.8188199997,80.2304763794,51697,51708,11
12.8182497025,80.2302093506,51708,51718,10
12.8175401688,80.2298736572,51718,51728,10
12.8165397644,80.2295379639,51728,51738,10
12.8152198792,80.2293395996,51738,51748,10
12.8138999939,80.2290802002,51748,51758,10
12.8127098083,80.2286987305,51758,51768,10
12.8114004135,80.2282180786,51768,51778,10
12.8101196289,80.2276992798,51778,51788,10
12.8089799881,80.2270965576,51788,51799,11
12.8077802658,80.2261199951,51799,51809,10
12.8069400787,80.2253875732,51809,51819,10
12.8063297272,80.2248687744,51819,51829,10
12.805560112,80.2242202759,51829,51839,10
12.8049201965,80.2240066528,51839,51849,10
12.8048696518,80.2239990234,51849,51859,10
12.8043699265,80.2239379883,51859,51869,10
12.8035497665,80.2238769531,51869,51879,10
12.8025503159,80.2237625122,51879,51889,10
12.8014698029,80.2236404419,51889,51900,11
12.8009996414,80.2236022949,51900,51910,10
12.8007497787,80.2235717773,51910,51920,10
12.7999897003,80.223487854,51920,51930,10
12.7988901138,80.2233963013,51930,51940,10
12.7975196838,80.2231674194,51940,51950,10
12.7961797714,80.2229614258,51950,51960,10
12.7947902679,80.2227172852,51960,51970,10
12.7934398651,80.2225265503,51970,51980,10
12.7921695709,80.2223205566,51980,51991,11
12.7909803391,80.2220230103,51991,52001,10
12.7899198532,80.2217407227,52001,52011,10
12.7890996933,80.2214736938,52011,52021,10
12.7883300781,80.2211608887,52021,52031,10
12.7878398895,80.2209777832,52031,52041,10
12.7874803543,80.2208709717,52041,52051,10
12.7872600555,80.2208023071,52051,52061,10
12.7866601944,80.2205734253,52061,52082,21
12.7866601944,80.2205734253,52082,52092,10
12.7865495682,80.2204971313,52092,52102,10
12.7862195969,80.2204437256,52102,52112,10
12.7862100601,80.2209014893,52112,52142,30
12.7862100601,80.2209014893,52142,52152,10
12.7862300873,80.2216491699,52152,52183,31
12.7862997055,80.2218399048,52183,53022,839
12.7862997055,80.2218399048,53022,53032,10
12.7862596512,80.2216110229,53032,53042,10
12.7862195969,80.2213363647,53042,53052,10
12.7861995697,80.2210617065,53052,53062,10
12.7861795425,80.2206268311,53062,53072,10
12.7862195969,80.2203369141,53072,53102,30
12.7862195969,80.2203369141,53102,53113,11
12.7865800858,80.2204589844,53113,53123,10
12.7871198654,80.2206573486,53123,53133,10
12.7878103256,80.2209014893,53133,53143,10
12.7886800766,80.2212371826,53143,53153,10
12.7895498276,80.221572876,53153,53163,10
12.7901096344,80.2217407227,53163,53173,10
12.7910900116,80.2219772339,53173,53183,10
12.7923402786,80.2222824097,53183,53193,10
12.793419838,80.2224578857,53193,53204,11
12.7946796417,80.2226486206,53204,53214,10
12.7957201004,80.2228393555,53214,53224,10
12.796380043,80.2229309082,53224,53234,10
12.7965602875,80.2229766846,53234,53244,10
12.7972602844,80.2231292725,53244,53254,10
12.798330307,80.2232818604,53254,53264,10
12.7996397018,80.2233810425,53264,53274,10
12.8010196686,80.2235183716,53274,53284,10
12.8023004532,80.2236480713,53284,53294,10
12.8031797409,80.223777771,53294,53305,11
12.8041496277,80.2238616943,53305,53315,10
12.8049097061,80.2239532471,53315,53325,10
12.8055200577,80.2241134644,53325,53335,10
12.8056297302,80.2241592407,53335,53345,10
12.806019783,80.2244720459,53345,53355,10
12.8066902161,80.2250595093,53355,53365,10
12.807559967,80.2258071899,53365,53375,10
12.8086500168,80.2267532349,53375,53385,10
12.8099403381,80.2275619507,53385,53396,11
12.8113298416,80.2281188965,53396,53406,10
12.8125200272,80.2285308838,53406,53416,10
12.8138303757,80.2289886475,53416,53426,10
12.8151702881,80.2292633057,53426,53436,10
12.8163995743,80.2294387817,53436,53446,10
12.8176498413,80.2298278809,53446,53456,10
12.8188495636,80.2303619385,53456,53466,10
12.8197898865,80.2304382324,53466,53476,10
12.8208799362,80.2304000854,53476,53487,11
12.8224697113,80.2306671143,53487,53497,10
12.8240098953,80.231086731,53497,53507,10
12.8253898621,80.231338501,53507,53517,10
12.8268899918,80.2312316895,53517,53527,10
12.8281497955,80.2306213379,53527,53537,10
12.8293199539,80.2299880981,53537,53547,10
12.8304300308,80.2295379639,53547,53557,10
12.8310499191,80.2292861938,53557,53567,10
12.8313798904,80.2292022705,53567,53578,11
12.8316802979,80.229133606,53578,53588,10
12.8324403763,80.2289810181,53588,53598,10
12.8335695267,80.2287826538,53598,53608,10
12.8349199295,80.2285385132,53608,53618,10
12.8363199234,80.2283401489,53618,53628,10
12.8376502991,80.2281265259,53628,53638,10
12.8388395309,80.2278518677,53638,53648,10
12.8392896652,80.2276916504,53648,53658,10
12.8394699097,80.2275695801,53658,53668,10
12.8394804001,80.2275695801,53668,53679,11
12.8398704529,80.2275314331,53679,53689,10
12.8406095505,80.2273635864,53689,53699,10
12.8416404724,80.2270965576,53699,53709,10
12.8427000046,80.2268829346,53709,53725,16
12.8444299698,80.226600647,53725,53737,12
12.8453798294,80.2265167236,53737,53747,10
12.8453903198,80.2265167236,53747,53757,10
12.8455295563,80.2265167236,53757,53767,10
12.8461198807,80.2265167236,53767,53778,11
12.8472299576,80.2265014648,53778,53788,10
12.8485803604,80.2265167236,53788,53798,10
12.8501195908,80.2265014648,53798,53808,10
12.8517398834,80.2265625,53808,53819,11
12.8534402847,80.2266082764,53819,53829,10
12.8553199768,80.2264328003,53829,53839,10
12.8570203781,80.2262496948,53839,53849,10
12.8585700989,80.2261810303,53849,53859,10
12.8607797623,80.2264709473,53859,53880,21
12.8607797623,80.2264709473,53880,53890,10
12.8610897064,80.2265167236,53890,53900,10
12.8618898392,80.2264785767,53900,53910,10
12.8630800247,80.2264404297,53910,53920,10
12.8645095825,80.2265014648,53920,53930,10
12.8659095764,80.2265167236,53930,53940,10
12.8672599792,80.2264022827,53940,53950,10
12.868639946,80.2263412476,53950,53961,11
12.87018013,80.2265014648,53961,53971,10
12.8713302612,80.226600647,53971,53981,10
12.8726902008,80.2265777588,53981,54010,29
12.8726902008,80.2265777588,54010,54020,10
12.8731298447,80.2266082764,54020,54031,11
12.8740797043,80.2266769409,54031,54041,10
12.8752698898,80.2268218994,54041,54052,11
12.8762998581,80.226852417,54052,54062,10
12.8766098022,80.2268295288,54062,54072,10
12.8767299652,80.2268371582,54072,54082,10
12.8772497177,80.2268066406,54082,54092,10
12.8782596588,80.2267379761,54092,54102,10
12.879529953,80.2266769409,54102,54112,10
12.8809995651,80.2266616821,54112,54122,10
12.8824796677,80.2266464233,54122,54132,10
12.8838996887,80.2266387939,54132,54142,10
12.8849201202,80.2266235352,54142,54153,11
12.885140419,80.2266235352,54153,54163,10
12.8853797913,80.2266693115,54163,54173,10
12.8860197067,80.2268066406,54173,54183,10
12.8869495392,80.2270507813,54183,54193,10
12.8880300522,80.2272415161,54193,54203,10
12.8891201019,80.2272796631,54203,54213,10
12.8904895782,80.2272720337,54213,54223,10
12.8919200897,80.2272720337,54223,54233,10
12.8931903839,80.2274169922,54233,54244,11
12.8945798874,80.2275466919,54244,54254,10
12.8958997726,80.2276000977,54254,54264,10
12.8972301483,80.2276687622,54264,54274,10
12.8985395432,80.2277526855,54274,54284,10
12.8999300003,80.2278213501,54284,54314,30
12.8999300003,80.2278213501,54314,54324,10
12.899939537,80.2278289795,54324,54335,11
12.9004402161,80.2278518677,54335,54345,10
12.9010400772,80.2278823853,54345,54355,10
12.9016599655,80.227897644,54355,54365,10
12.9021596909,80.2279205322,54365,54375,10
12.9027500153,80.2279281616,54375,54385,10
12.9028902054,80.2279281616,54385,54395,10
12.9029197693,80.2279281616,54395,54405,10
12.9033603668,80.2279510498,54405,54415,10
12.9041700363,80.2280197144,54415,54425,10
12.9050397873,80.2280731201,54425,54436,11
12.9055995941,80.2280807495,54436,54456,20
12.9055995941,80.2280807495,54456,54466,10
12.9056997299,80.2280883789,54466,54476,10
12.9060297012,80.2280807495,54476,54486,10
12.9062795639,80.2280883789,54486,54496,10
12.9066200256,80.2281494141,54496,54506,10
12.9069900513,80.2282028198,54506,54516,10
12.9074001312,80.2282562256,54516,54527,11
12.9083299637,80.2284088135,54527,54537,10
12.9094800949,80.2286071777,54537,54547,10
12.9108104706,80.228843689,54547,54557,10
12.9120798111,80.2290420532,54557,54567,10
12.9132699966,80.2291793823,54567,54577,10
12.9139204025,80.2292404175,54577,54587,10
12.9139995575,80.2292480469,54587,54597,10
12.9144802094,80.2293167114,54597,54607,10
12.9153995514,80.2294616699,54607,54618,11
12.9167404175,80.2296218872,54618,54628,10
12.9181995392,80.2298431396,54628,54638,10
12.919839859,80.2300567627,54638,54648,10
12.9215097427,80.2302703857,54648,54658,10
12.923119545,80.2305297852,54658,54668,10
12.9246702194,80.2307281494,54668,54678,10
12.9259195328,80.2308502197,54678,54688,10
12.9261903763,80.2308578491,54688,54698,10
12.9266395569,80.2309188843,54698,54709,11
12.9276103973,80.231048584,54709,54719,10
12.9285497665,80.2311935425,54719,54729,10
12.9294395447,80.2313690186,54729,54739,10
12.9304800034,80.231628418,54739,54749,10
12.9316701889,80.2319869995,54749,54759,10
12.9327602386,80.2323532104,54759,54769,10
12.9334497452,80.2326202393,54769,54779,10
12.9336004257,80.2326889038,54779,54789,10
12.9341802597,80.2329483032,54789,54799,10
12.9350004196,80.2332992554,54799,54810,11
12.9360904694,80.2338180542,54810,54820,10
12.9372596741,80.234336853,54820,54830,10
12.9384403229,80.2349319458,54830,54840,10
12.9393501282,80.2353973389,54840,54850,10
12.9395503998,80.2355117798,54850,54860,10
12.9396800995,80.2355804443,54860,54870,10
12.9397802353,80.2356185913,54870,54880,10
12.9402399063,80.235786438,54880,54890,10
12.9410600662,80.2360229492,54890,54901,11
12.9422998428,80.2363586426,54901,54911,10
12.9434499741,80.2370986938,54911,54921,10
12.9444999695,80.2382583618,54921,54931,10
12.9456596375,80.2392883301,54931,54941,10
12.9468297958,80.2397766113,54941,54951,10
12.9471797943,80.239906311,54951,54961,10
12.9472799301,80.2399520874,54961,54971,10
12.9477901459,80.2401580811,54971,54981,10
12.9483804703,80.2403793335,54981,54992,11
12.9488401413,80.240562439,54992,55002,10
12.9493398666,80.2407608032,55002,55012,10
12.9499998093,80.2409667969,55012,55022,10
12.9507198334,80.2411880493,55022,55032,10
12.9508600235,80.2412414551,55032,55042,10
12.9513597488,80.2414474487,55042,55052,10
12.9518995285,80.2416534424,55052,55062,10
12.9527301788,80.2419509888,55062,55072,10
12.953669548,80.2423171997,55072,55083,11
12.9545402527,80.2426834106,55083,55093,10
12.9552097321,80.2429504395,55093,55103,10
12.9557199478,80.2431716919,55103,55113,10
12.9557800293,80.2431793213,55113,55123,10
12.9559297562,80.2432479858,55123,55143,20
12.9560403824,80.2433013916,55143,55214,71
12.9560403824,80.2433013916,55214,55224,10
12.9564199448,80.2434463501,55224,55234,10
12.9570703506,80.2437133789,55234,55244,10
12.9576997757,80.2439422607,55244,55254,10
12.9577198029,80.2439422607,55254,55264,10
12.9578199387,80.2439575195,55264,55275,11
12.9582796097,80.2441635132,55275,55285,10
12.9588699341,80.2443618774,55285,55295,10
12.9591398239,80.2444992065,55295,55305,10
12.9594898224,80.244758606,55305,55315,10
12.9602098465,80.2450790405,55315,55325,10
12.9612102509,80.2455368042,55325,55335,10
12.9622097015,80.2460403442,55335,55345,10
12.9629898071,80.246421814,55345,55376,31
12.9629898071,80.246421814,55376,55386,10
12.9631795883,80.2464599609,55386,55396,10
12.9637002945,80.246711731,55396,55406,10
12.9644203186,80.2469787598,55406,55416,10
12.9653701782,80.2473297119,55416,55426,10
12.9667797089,80.2478790283,55426,55446,20
12.9667797089,80.2478790283,55446,55457,11
12.9669599533,80.2480010986,55457,55467,10
12.9673995972,80.2482223511,55467,55477,10
12.9682502747,80.2485580444,55477,55487,10
12.9693202972,80.2489395142,55487,55497,10
12.9704303741,80.2493972778,55497,55507,10
12.9716596603,80.2497634888,55507,55517,10
12.9727697372,80.2501068115,55517,55527,10
12.9737997055,80.2503814697,55527,55537,10
12.9750003815,80.2507095337,55537,55548,11
12.9763698578,80.2511062622,55548,55558,10
12.9774999619,80.2515563965,55558,55568,10
12.9782104492,80.2521286011,55568,55578,10
12.9785404205,80.2523422241,55578,55588,10
12.9786596298,80.2524032593,55588,55598,10
12.9795799255,80.2525787354,55598,55669,71
12.9795799255,80.2525787354,55669,55679,10
12.9797897339,80.2526016235,55679,55689,10
12.980340004,80.2526168823,55689,55699,10
12.9811697006,80.2526016235,55699,55709,10
12.9821901321,80.2525787354,55709,55719,10
12.9831695557,80.2525100708,55719,55729,10
12.984120369,80.2522964478,55729,55740,11
12.9852800369,80.251953125,55740,55800,60
12.9852800369,80.251953125,55800,55810,10
12.9855203629,80.2518463135,55810,55820,10
12.9857196808,80.2518081665,55820,55831,11
12.9860401154,80.2517166138,55831,55841,10
12.9863500595,80.251663208,55841,55851,10
12.9867095947,80.2515563965,55851,55881,30
12.9867801666,80.2515487671,55881,55962,81
12.9867801666,80.2515487671,55962,55972,10
12.9869203568,80.2515335083,55972,55982,10
12.9871196747,80.2514724731,55982,55992,10
12.9874897003,80.251373291,55992,56002,10
12.9880199432,80.2512435913,56002,56012,10
12.9894895554,80.2508392334,56012,56033,21
12.9894895554,80.2508392334,56033,56043,10
12.989569664,80.2508392334,56043,56053,10
12.9900398254,80.2507476807,56053,56063,10
12.9908800125,80.2505264282,56063,56073,10
12.9919595718,80.2502593994,56073,56082,9
12.9931201935,80.2499694824,56082,56093,11
12.9946098328,80.2496032715,56093,56103,10
12.9966096878,80.2490692139,56103,56134,31
12.9966096878,80.2490692139,56134,56144,10
12.9966802597,80.2490768433,56144,56154,10
12.9970998764,80.2489929199,56154,56164,10
12.9978704453,80.2488098145,56164,56174,10
12.9989099503,80.2485427856,56174,56184,10
13.0001802444,80.2482223511,56184,56194,10
13.0015802383,80.2478637695,56194,56205,11
13.0029497147,80.2475814819,56205,56215,10
13.0042896271,80.2473602295,56215,56225,10
13.0054998398,80.2471694946,56225,56235,10
13.0062799454,80.2468109131,56235,56245,10
13.0065202713,80.2463531494,56245,56265,20
13.0065202713,80.2463531494,56265,56275,10
13.0065603256,80.2460174561,56275,56285,10
13.0065803528,80.245300293,56285,56295,10
13.0066003799,80.244468689,56295,56306,11
13.0066003799,80.2438430786,56306,56316,10
13.0065603256,80.2431030273,56316,56326,10
13.0066003799,80.2424697876,56326,56342,16
13.0066299438,80.2412414551,56342,56354,12
13.0067596436,80.2404632568,56354,56364,10
13.0068702698,80.2398910522,56364,56374,10
13.0070104599,80.2391662598,56374,56384,10
13.0071401596,80.2384796143,56384,56395,11
13.0072402954,80.2377624512,56395,56405,10
13.0073795319,80.2367782593,56405,56425,20
13.0073795319,80.2367782593,56425,56435,10
13.0075101852,80.2363586426,56435,56445,10
13.0076599121,80.2356109619,56445,56455,10
13.0078496933,80.2347183228,56455,56465,10
13.008020401,80.2338790894,56465,56475,10
13.0082502365,80.2328186035,56475,56485,10
13.0085096359,80.2314910889,56485,56496,11
13.008769989,80.2300872803,56496,56506,10
13.0089998245,80.2288284302,56506,56516,10
13.0093202591,80.2276992798,56516,56526,10
13.0098695755,80.2265472412,56526,56536,10
13.0103397369,80.2256317139,56536,56546,10
13.0105695724,80.2251663208,56546,56556,10
13.0108299255,80.2246398926,56556,56566,10
13.0111103058,80.2239837646,56566,56577,11
13.0113697052,80.2232666016,56577,56597,20
13.0113697052,80.2232666016,56597,56607,10
13.0114603043,80.2231216431,56607,56617,10
13.0116996765,80.2225036621,56617,56627,10
13.0120897293,80.2216033936,56627,56637,10
13.0124702454,80.2216873169,56637,56647,10
13.0128297806,80.2221908569,56647,56657,10
13.0134401321,80.2229003906,56657,56667,10
13.0140800476,80.2236404419,56667,56678,11
13.0148200989,80.2244262695,56678,56688,10
13.0154495239,80.2249221802,56688,56708,20
13.0154495239,80.2249221802,56708,56724,16
13.015709877,80.2251434326,56724,56736,12
13.016579628,80.2252426147,56736,56746,10
13.0176000595,80.2248687744,56746,56756,10
13.0186595917,80.2244720459,56756,56766,10
13.0197601318,80.2245330811,56766,56786,20
13.0197601318,80.2245330811,56786,56797,11
13.0199403763,80.2246704102,56797,56807,10
13.0203800201,80.2250213623,56807,56817,10
13.0211601257,80.2256317139,56817,56826,9
13.0219202042,80.2261810303,56826,56837,11
13.0222797394,80.2264633179,56837,56847,10
13.0223197937,80.2264785767,56847,56858,11
13.0226697922,80.2267913818,56858,56868,10
13.0232200623,80.2272796631,56868,56878,10
13.0237998962,80.2278671265,56878,56888,10
13.0244102478,80.2285766602,56888,56898,10
13.0249099731,80.2292633057,56898,56908,10
13.0255498886,80.230140686,56908,56918,10
13.025970459,80.2309112549,56918,56959,41
13.025970459,80.2309112549,56959,56969,10
13.025970459,80.2309875488,56969,56979,10
13.0260400772,80.2313690186,56979,56989,10
13.026260376,80.2320709229,56989,56999,10
13.0264701843,80.232673645,56999,57029,30
13.0264701843,80.232673645,57029,57039,10
13.0264797211,80.2327194214,57039,57050,11
13.0266895294,80.2331237793,57050,57060,10
13.0269699097,80.2336196899,57060,57070,10
13.0274400711,80.2343902588,57070,57080,10
13.0278701782,80.2351989746,57080,57090,10
13.0285196304,80.2360610962,57090,57100,10
13.0293397903,80.2369384766,57100,57110,10
13.0298995972,80.2375564575,57110,57120,10
13.0300102234,80.23777771,57120,57130,10
13.0303602219,80.2384033203,57130,57141,11
13.0308198929,80.2391815186,57141,57151,10
13.0309801102,80.239402771,57151,57161,10
13.0310001373,80.2394332886,57161,57171,10
13.0310602188,80.2395019531,57171,57181,10
13.0310697556,80.2395172119,57181,57191,10
13.0311203003,80.2396697998,57191,57201,10
13.0312204361,80.239906311,57201,57211,10
13.031419754,80.240272522,57211,57221,10
13.0315198898,80.2408905029,57221,57232,11
13.0318098068,80.2415084839,57232,57242,10
13.0321798325,80.2421875,57242,57252,10
13.0327396393,80.2428665161,57252,57262,10
13.0332899094,80.243598938,57262,57272,10
13.0336704254,80.2440795898,57272,57282,10
13.034119606,80.2446899414,57282,57292,10
13.0346097946,80.2453231812,57292,57302,10
13.0351400375,80.2458877563,57302,57312,10
13.0357303619,80.2460784912,57312,57322,10
13.035779953,80.2461166382,57322,57333,11
13.0361604691,80.2463531494,57333,57343,10
13.0369195938,80.2464981079,57343,57353,10
13.0375204086,80.246421814,57353,57363,10
13.0388498306,80.2467803955,57363,57434,71
13.0388498306,80.2467803955,57434,57444,10
13.0389604568,80.2468185425,57444,57454,10
13.0394096375,80.2469177246,57454,57464,10
13.0398397446,80.2470321655,57464,57474,10
13.0405302048,80.2471618652,57474,57484,10
13.0414896011,80.2473373413,57484,57494,10
13.0420398712,80.2474594116,57494,57504,10
13.0424900055,80.2476119995,57504,57515,11
13.0430698395,80.247833252,57515,57525,10
13.0437202454,80.2478866577,57525,57535,10
13.044260025,80.2478866577,57535,57545,10
13.0449304581,80.2480773926,57545,57555,10
13.0455904007,80.2483901978,57555,57565,10
13.046959877,80.2484512329,57565,57595,30
13.046959877,80.2484512329,57595,57605,10
13.0472602844,80.2485275269,57605,57616,11
13.0477695465,80.2489776611,57616,57626,10
13.0483198166,80.24949646,57626,57636,10
13.0489902496,80.2496871948,57636,57646,10
13.0497303009,80.2498016357,57646,57656,10
13.0506000519,80.2499694824,57656,57666,10
13.0514602661,80.250213623,57666,57676,10
13.0522603989,80.2509307861,57676,57686,10
13.053030014,80.251953125,57686,57696,10
13.0537004471,80.2528533936,57696,57707,11
13.0542802811,80.2536621094,57707,57717,10
13.0545301437,80.2539978027,57717,57727,10
13.054690361,80.2542114258,57727,57737,10
13.0548400879,80.2544021606,57737,57747,10
13.0550203323,80.2546234131,57747,57757,10
13.055270195,80.2549591064,57757,57767,10
13.0554504395,80.2552108765,57767,57777,10
13.0557003021,80.2555618286,57777,57787,10
13.0559597015,80.2559280396,57787,57797,10
13.0562000275,80.2562484741,57797,57808,11
13.0564498901,80.2565612793,57808,57818,10
13.0569801331,80.2570800781,57818,57828,10
13.0576696396,80.257598877,57828,57838,10
13.0580396652,80.2580108643,57838,57848,10
13.0584697723,80.2585372925,57848,57858,10
13.0589103699,80.2590713501,57858,57868,10
13.0592603683,80.2596969604,57868,57878,10
13.0597000122,80.2601318359,57878,57889,11
13.0601196289,80.2605285645,57889,57899,10
13.0604496002,80.2609024048,57899,57909,10
13.060549736,80.2610168457,57909,57919,10
13.0605897903,80.261100769,57919,57929,10
13.0609102249,80.2615203857,57929,57939,10
13.0614404678,80.2621231079,57939,57949,10
13.0618896484,80.2627410889,57949,57959,10
13.0624904633,80.2634963989,57959,57969,10
13.0630903244,80.2641906738,57969,57979,10
13.0635995865,80.2649230957,57979,57990,11
13.0638399124,80.2653198242,57990,58000,10
13.0639600754,80.2655410767,58000,58010,10
13.0642499924,80.2659072876,58010,58020,10
13.0646400452,80.2663803101,58020,58030,10
13.0648498535,80.2666397095,58030,58040,10
13.0650997162,80.2669296265,58040,58050,10
13.065580368,80.2672424316,58050,58060,10
13.0656404495,80.2673187256,58060,58070,10
13.0658798218,80.2676773071,58070,58081,11
13.0663795471,80.2682571411,58081,58090,9
13.0665397644,80.2683563232,58090,58101,11
13.0666399002,80.2684173584,58101,58111,10
13.0670404434,80.2686691284,58111,58121,10
13.067700386,80.2690811157,58121,58131,10
13.0682001114,80.2694473267,58131,58141,10
13.0682096481,80.2699966431,58141,58151,10
13.0681600571,80.2703323364,58151,58161,10
13.0681600571,80.2705383301,58161,58172,11
13.0681295395,80.2709274292,58172,58182,10
13.068189621,80.2714385986,58182,58192,10
13.0686502457,80.2718734741,58192,58202,10
13.0690202713,80.2720108032,58202,58212,10
13.0694503784,80.2724075317,58212,58222,10
13.0697898865,80.2727584839,58222,58232,10
13.0701398849,80.2731628418,58232,58242,10
13.0704603195,80.2735595703,58242,58252,10
13.0706100464,80.2738113403,58252,58263,11
13.0708198547,80.274017334,58263,58273,10
13.0708999634,80.2741012573,58273,58283,10
13.0713701248,80.2742919922,58283,58293,10
13.0719003677,80.274597168,58293,58303,10
13.0724401474,80.2751617432,58303,58313,10
13.0730600357,80.2758178711,58313,58323,10
13.0735902786,80.2763366699,58323,58333,10
13.0740203857,80.2763900757,58333,58349,16
13.0749702454,80.2763366699,58349,58362,13
13.0758199692,80.2762908936,58362,58372,10
13.0767498016,80.2762527466,58372,58382,10
13.0777101517,80.2761764526,58382,58392,10
13.0782203674,80.275718689,58392,58400,8
13.078499794,80.2752075195,58400,58412,12
13.0793104172,80.2751998901,58412,58422,10
13.0799798965,80.2752685547,58422,58432,10
13.0805997849,80.2752075195,58432,58493,61
13.0805997849,80.2752075195,58493,58503,10
13.081029892,80.275177002,58503,58513,10
13.0813999176,80.2751617432,58513,58523,10
13.0818195343,80.2752304077,58523,58533,10
13.0818996429,80.2753601074,58533,58544,11
13.0819702148,80.2757034302,58544,58594,50
13.0819702148,80.2757034302,58594,58604,10
13.0819597244,80.2758026123,58604,58948,344
13.0819597244,80.2758026123,58948,58958,10
13.0819797516,80.2758712769,58958,58968,10
13.0818395615,80.2760467529,58968,58978,10
13.081870079,80.2765197754,58978,58988,10
13.0819997787,80.2774810791,58988,58998,10
13.0821800232,80.2783203125,58998,59009,11
13.0820198059,80.2783584595,59009,59019,10
13.0819196701,80.2779006958,59019,59029,10
13.0818395615,80.2772674561,59029,59039,10
13.0818395615,80.2771911621,59039,59049,10
13.0818595886,80.27709198,59049,59065,16
13.0817499161,80.2765426636,59065,59077,12
13.0815200806,80.2755966187,59077,59097,20
13.0815200806,80.2755966187,59097,59108,11
13.0814599991,80.2753372192,59108,59118,10
13.0812797546,80.2752304077,59118,59128,10
13.0807504654,80.2752990723,59128,59138,10
13.0799303055,80.275390625,59138,59148,10
13.0789403915,80.2752304077,59148,59158,10
13.0782403946,80.2757415771,59158,59168,10
13.0777101517,80.2762527466,59168,59178,10
13.0763902664,80.2763290405,59178,59188,10
13.0751399994,80.2763824463,59188,59199,11
13.0741596222,80.2764129639,59199,59209,10
13.0741100311,80.2764205933,59209,59219,10
13.0738801956,80.2764587402,59219,59229,10
13.0734100342,80.2763366699,59229,59239,10
13.0728397369,80.2756729126,59239,59249,10
13.0720396042,80.2748565674,59249,59269,20
13.0720396042,80.2748565674,59269,59279,10
13.0717897415,80.2746582031,59279,59290,11
13.0711402893,80.2745132446,59290,59300,10
13.0707702637,80.2742996216,59300,59310,10
13.0707597733,80.2742919922,59310,59320,10
13.0706195831,80.2741088867,59320,59330,10
13.0704097748,80.2735977173,59330,59340,10
13.0699195862,80.2730636597,59340,59350,10
13.0693502426,80.2724609375,59350,59360,10
13.0689001083,80.2720489502,59360,59401,41
13.0689001083,80.2720489502,59401,59411,10
13.0688695908,80.2720565796,59411,59421,10
13.0684995651,80.2720184326,59421,59431,10
13.0681800842,80.271697998,59431,59441,10
13.0679197311,80.2712631226,59441,59451,10
13.067700386,80.2708435059,59451,59461,10
13.0668897629,80.2700881958,59461,59472,11
13.0664100647,80.2690887451,59472,59482,10
13.0662403107,80.2683563232,59482,59492,10
13.0656700134,80.2677688599,59492,59502,10
13.0651798248,80.2676391602,59502,59512,10
13.0651597977,80.2676391602,59512,59522,10
13.0648202896,80.2675628662,59522,59532,10
13.0641403198,80.2674331665,59532,59542,10
13.0633802414,80.2673034668,59542,59552,10
13.0628595352,80.2671966553,59552,59562,10
13.0625400543,80.2669525146,59562,59573,11
13.06208992,80.2664031982,59573,59583,10
13.0615701675,80.2657623291,59583,59593,10
13.0611600876,80.265296936,59593,59603,10
13.0606298447,80.26537323,59603,59613,10
13.060500145,80.2654571533,59613,59623,10
13.0603399277,80.2655487061,59623,59633,10
13.0597496033,80.2656402588,59633,59643,10
13.0595998764,80.2656173706,59643,59653,10
13.0593004227,80.2655487061,59653,59664,11
13.0590496063,80.2654876709,59664,59674,10
13.0585403442,80.2654571533,59674,59684,10
13.0581102371,80.26512146,59684,59694,10
13.0579595566,80.2643814087,59694,59704,10
13.0578403473,80.2636032104,59704,59714,10
13.0577802658,80.2628936768,59714,59724,10
13.0577497482,80.2626724243,59724,59734,10
13.05768013,80.2621002197,59734,59744,10
13.0575504303,80.2614974976,59744,59755,11
13.0573997498,80.2608337402,59755,59765,10
13.0572099686,80.2601623535,59765,59775,10
13.0569601059,80.2593307495,59775,59785,10
13.0567502975,80.2586669922,59785,59795,10
13.056599617,80.2580184937,59795,59805,10
13.0565004349,80.2574691772,59805,59815,10
13.0564899445,80.2574386597,59815,59825,10
13.0564498901,80.2573394775,59825,59835,10
13.0563697815,80.2568435669,59835,59846,11
13.0560903549,80.2562179565,59846,59856,10
13.0556297302,80.2555770874,59856,59866,10
13.0551595688,80.2549209595,59866,59876,10
13.0548496246,80.2544937134,59876,59886,10
13.0544996262,80.2540512085,59886,59896,10
13.0541200638,80.2535705566,59896,59906,10
13.0538797379,80.2532501221,59906,59916,10
13.0534696579,80.2526626587,59916,59926,10
13.0529603958,80.2519683838,59926,59937,11
13.0524396896,80.2512664795,59937,59947,10
13.0518598557,80.250579834,59947,59957,10
13.0513601303,80.2502365112,59957,59967,10
13.0507698059,80.2500610352,59967,59977,10
13.0499401093,80.2498931885,59977,59987,10
13.0489797592,80.2497787476,59987,59997,10
13.0483703613,80.2496032715,59997,60007,10
13.0478496552,80.2492218018,60007,60017,10
13.0469198227,80.2486572266,60017,60038,21
13.0469198227,80.2486572266,60038,60048,10
13.0466804504,80.2486419678,60048,60058,10
13.0461397171,80.2485580444,60058,60068,10
13.0454797745,80.248336792,60068,60078,10
13.0448703766,80.2481536865,60078,60088,10
13.0440502167,80.248008728,60088,60098,10
13.0432701111,80.2478790283,60098,60108,10
13.0424098969,80.2476882935,60108,60118,10
13.0417299271,80.2475280762,60118,60129,11
13.0408802032,80.2473373413,60129,60139,10
13.0402097702,80.2472000122,60139,60149,10
13.0399599075,80.2471313477,60149,60159,10
13.0394601822,80.2470397949,60159,60168,9
13.0388498306,80.2469100952,60168,60179,11
13.0384597778,80.2467498779,60179,60189,10
13.0383501053,80.2467269897,60189,60199,10
13.0381202698,80.2467193604,60199,60209,10
13.0377998352,80.2466812134,60209,60220,11
13.0374403,80.2466201782,60220,60230,10
13.0370798111,80.2465591431,60230,60240,10
13.0363702774,80.2463378906,60240,60270,30
13.0363702774,80.2463378906,60270,60286,16
13.0352296829,80.2461090088,60286,60308,22
13.0352296829,80.2461090088,60308,60319,11
13.0350799561,80.2460632324,60319,60329,10
13.0347995758,80.2457199097,60329,60339,10
13.0345802307,80.2453918457,60339,60349,10
13.034119606,80.2448501587,60349,60359,10
13.0335302353,80.244140625,60359,60369,10
13.0328798294,80.2433319092,60369,60379,10
13.0325098038,80.2428512573,60379,60389,10
13.0323801041,80.2426681519,60389,60399,10
13.0323696136,80.2426528931,60399,60410,11
13.0322704315,80.242477417,60410,60501,91
13.0322704315,80.242477417,60501,60511,10
13.0321397781,80.2423171997,60511,60521,10
13.0319900513,80.2421417236,60521,60531,10
13.0318403244,80.2417526245,60531,60541,10
13.0315198898,80.2410888672,60541,60632,91
13.0315198898,80.2410888672,60632,60642,10
13.0314598083,80.2408599854,60642,60652,10
13.0311603546,80.2402420044,60652,60662,10
13.030790329,80.2393798828,60662,60672,10
13.0302696228,80.2384262085,60672,60682,10
13.0297498703,80.2375335693,60682,60693,11
13.0290203094,80.2367019653,60693,60703,10
13.0282402039,80.2358474731,60703,60713,10
13.0275001526,80.2347717285,60713,60723,10
13.0267696381,80.2335586548,60723,60743,20
13.0267696381,80.2335586548,60743,60753,10
13.0267601013,80.2335281372,60753,60763,10
13.0265398026,80.2331695557,60763,60773,10
13.026260376,80.2325973511,60773,60784,11
13.0262203217,80.232460022,60784,60794,10
13.0261297226,80.2321395874,60794,60804,10
13.0259799957,80.2315063477,60804,60814,10
13.0257101059,80.2306518555,60814,60824,10
13.0251598358,80.2297973633,60824,60840,16
13.024600029,80.2290725708,60840,60852,12
13.0242795944,80.2286529541,60852,60862,10
13.0240001678,80.2283172607,60862,60873,11
13.0235004425,80.2277603149,60873,60894,21
13.0235004425,80.2277603149,60894,60904,10
13.0234498978,80.2276992798,60904,60914,10
13.0232400894,80.2274780273,60914,60923,9
13.0227499008,80.2270278931,60923,60934,11
13.0221300125,80.2264480591,60934,60944,10
13.0214700699,80.2259368896,60944,60954,10
13.0207700729,80.225402832,60954,60964,10
13.019900322,80.2247772217,60964,60985,21
13.019900322,80.2247772217,60985,60995,10
13.0198602676,80.2247390747,60995,61005,10
13.0193996429,80.2245330811,61005,61015,10
13.0183801651,80.2246780396,61015,61025,10
13.0171604156,80.2252120972,61025,61035,10
13.0160598755,80.2256088257,61035,61045,10
13.0150003433,80.2260131836,61045,61055,10
13.0142498016,80.2263183594,61055,61072,17
13.0140695572,80.2263870239,61072,61084,12
13.0134401321,80.2266235352,61084,61094,10
13.012550354,80.2269515991,61094,61104,10
13.0114202499,80.2273788452,61104,61114,10
13.0103397369,80.2278289795,61114,61124,10
13.0094299316,80.2282104492,61124,61133,9
13.0091199875,80.2286834717,61133,61144,11
13.0088996887,80.2297515869,61144,61154,10
13.0087099075,80.23072052,61154,61165,11
13.0085401535,80.2316589355,61165,61174,9
13.0084104538,80.2323684692,61174,61185,11
13.0083198547,80.2329711914,61185,61195,10
13.0082597733,80.2335205078,61195,61205,10
13.0082397461,80.233581543,61205,61215,10
13.0082397461,80.2336273193,61215,61225,10
13.0081501007,80.2339172363,61225,61235,10
13.0081100464,80.2341308594,61235,61245,10
13.0079898834,80.2347717285,61245,61256,11
13.007809639,80.2356185913,61256,61266,10
13.0076398849,80.2365112305,61266,61276,10
13.0074501038,80.2374420166,61276,61286,10
13.0073099136,80.238243103,61286,61296,10
13.0071601868,80.2389907837,61296,61306,10
13.0069999695,80.2398376465,61306,61387,81
13.0069999695,80.2398376465,61387,61397,10
13.0069599152,80.2400512695,61397,61407,10
13.0068798065,80.2405395508,61407,61417,10
13.0067901611,80.2412414551,61417,61427,10
13.006770134,80.2420730591,61427,61437,10
13.0067396164,80.2429122925,61437,61448,11
13.0067195892,80.2438278198,61448,61478,30
13.0067195892,80.2438278198,61478,61488,10
13.0066995621,80.2440567017,61488,61498,10
13.0066900253,80.2444992065,61498,61508,10
13.0066995621,80.2450408936,61508,61518,10
13.0067100525,80.2453765869,61518,61534,16
13.0067396164,80.2461471558,61534,61547,13
13.0067501068,80.2469863892,61547,61557,10
13.0064096451,80.2473373413,61557,61567,10
13.0062599182,80.2473602295,61567,61577,10
13.0060195923,80.2473373413,61577,61585,8
13.0054597855,80.2473373413,61585,61597,12
13.0042104721,80.2474365234,61597,61607,10
13.0030202866,80.2476425171,61607,61617,10
13.002409935,80.247756958,61617,61628,11
13.001660347,80.2479476929,61628,61638,10
13.0006399155,80.2481994629,61638,61648,10
12.999329567,80.2485198975,61648,61658,10
12.9979801178,80.2488708496,61658,61668,10
12.9966001511,80.2492218018,61668,61677,9
12.9953203201,80.2495574951,61677,61688,11
12.9939203262,80.2499389648,61688,61698,10
12.9923496246,80.2502975464,61698,61708,10
12.9914102554,80.250541687,61708,61718,10
12.9910097122,80.2506790161,61718,61729,11
12.9909801483,80.2506790161,61729,61739,10
12.9905500412,80.2507705688,61739,61749,10
12.989689827,80.2509765625,61749,61759,10
12.9887599945,80.2511978149,61759,61870,111
12.9887599945,80.2511978149,61870,61880,10
12.9884395599,80.2513427734,61880,61890,10
12.987950325,80.2514572144,61890,61900,10
12.9874801636,80.2515411377,61900,61911,11
12.9871301651,80.2516174316,61911,61921,10
12.9863595963,80.2518310547,61921,61931,10
12.985329628,80.2520675659,61931,61941,10
12.9843397141,80.2523269653,61941,61951,10
12.9833402634,80.2525787354,61951,61961,10
12.9823904037,80.2526702881,61961,61971,10
12.9812602997,80.2526931763,61971,61981,10
12.980389595,80.2527389526,61981,61991,10
12.980219841,80.2527618408,61991,62002,11
12.9800300598,80.252746582,62002,62012,10
12.979929924,80.2527618408,62012,62022,10
12.9793701172,80.2527084351,62022,62032,10
12.9786701202,80.2526321411,62032,62042,10
12.9785404205,80.2525634766,62042,62052,10
12.9781398773,80.2522735596,62052,62062,10
12.9774303436,80.2516326904,62062,62072,10
12.9762296677,80.2511367798,62072,62082,10
12.9747800827,80.2507400513,62082,62092,10
12.973400116,80.2503585815,62092,62103,11
12.9719696045,80.2499771118,62103,62113,10
12.9706497192,80.2496337891,62113,62123,10
12.9693403244,80.249130249,62123,62133,10
12.9680204391,80.2485961914,62133,62143,10
12.966799736,80.248046875,62143,62153,10
12.9657201767,80.2475891113,62153,62163,10
12.9650001526,80.2473831177,62163,62173,10
12.9649801254,80.2473831177,62173,62183,10
12.9648599625,80.2473220825,62183,62194,11
12.9642295837,80.2470703125,62194,62210,16
12.9636001587,80.2468185425,62210,62222,12
12.9627895355,80.2464065552,62222,62232,10
12.9617795944,80.2459182739,62232,62242,10
12.9606800079,80.2453918457,62242,62252,10
12.9597597122,80.245010376,62252,62262,10
12.9595899582,80.2449417114,62262,62272,10
12.9592599869,80.2447509766,62272,62282,10
12.9584798813,80.2443771362,62282,62293,11
12.9575796127,80.2440185547,62293,62303,10
12.9569396973,80.2437591553,62303,62313,10
12.9568195343,80.2436981201,62313,62323,10
12.9566898346,80.243637085,62323,62334,11
12.9566001892,80.2436218262,62334,62395,61
12.9566001892,80.2436218262,62395,62405,10
12.9563798904,80.2435531616,62405,62415,10
12.9558200836,80.2433166504,62415,62425,10
12.954870224,80.2429580688,62425,62435,10
12.9538602829,80.2425308228,62435,62445,10
12.9528503418,80.2421188354,62445,62455,10
12.9517097473,80.2417297363,62455,62476,21
12.9517097473,80.2417297363,62476,62486,10
12.9514799118,80.2416534424,62486,62496,10
12.9508199692,80.2414169312,62496,62506,10
12.9498701096,80.2411117554,62506,62516,10
12.9492998123,80.2409210205,62516,62526,10
12.948800087,80.2407226563,62526,62536,10
12.9480495453,80.2404098511,62536,62546,10
12.9472398758,80.2400817871,62546,62556,10
12.9467201233,80.2399368286,62556,62567,11
12.9465799332,80.2398300171,62567,62577,10
12.9460401535,80.2394714355,62577,62587,10
12.9451999664,80.2390594482,62587,62597,10
12.944319725,80.2381668091,62597,62607,10
12.943479538,80.2372589111,62607,62617,10
12.9426803589,80.2366409302,62617,62627,10
12.9413795471,80.2362289429,62627,62637,10
12.940079689,80.2359237671,62637,62647,10
12.9396696091,80.235786438,62647,62658,11
12.9395198822,80.2357177734,62658,62668,10
12.9388904572,80.2352600098,62668,62678,10
12.9379396439,80.2348403931,62678,62688,10
12.9368095398,80.234336853,62688,62698,10
12.9359903336,80.2339172363,62698,62708,10
12.9354696274,80.2337036133,62708,62718,10
12.9338903427,80.2330322266,62718,62746,28
12.9338903427,80.2330322266,62746,62757,11
12.9336204529,80.2328567505,62757,62767,10
12.9329004288,80.2325515747,62767,62777,10
12.931889534,80.2322006226,62777,62787,10
12.9307203293,80.2318496704,62787,62796,9
12.9297895432,80.2315826416,62796,62807,11
12.9284095764,80.231300354,62807,62817,10
12.9272403717,80.2311630249,62817,62827,10
12.926199913,80.2310409546,62827,62837,10
12.9258298874,80.2310409546,62837,62848,11
12.9256296158,80.231010437,62848,62858,10
12.9249401093,80.2309188843,62858,62868,10
12.9239397049,80.230796814,62868,62878,10
12.9227199554,80.2306289673,62878,62888,10
12.9213600159,80.2304229736,62888,62898,10
12.9200296402,80.2302398682,62898,62908,10
12.9188404083,80.2300796509,62908,62918,10
12.9177999496,80.2299575806,62918,62928,10
12.9167604446,80.2297973633,62928,62938,10
12.9156198502,80.2296295166,62938,62949,11
12.9144296646,80.2294464111,62949,62959,10
12.9133996964,80.2293624878,62959,62979,20
12.9133996964,80.2293624878,62979,62989,10
12.9132404327,80.2293167114,62989,62999,10
12.9126501083,80.2292175293,62999,63011,12
12.91147995,80.2290496826,63011,63021,10
12.9103403091,80.2288894653,63021,63031,10
12.9088001251,80.2286376953,63031,63042,11
12.9071102142,80.2284393311,63042,63112,70
12.9071102142,80.2284393311,63112,63122,10
12.9069299698,80.2284164429,63122,63133,11
12.9063596725,80.2283477783,63133,63143,10
12.9055900574,80.2282562256,63143,63153,10
12.904589653,80.2282028198,63153,63163,10
12.9033298492,80.2281417847,63163,63173,10
12.9020900726,80.2280578613,63173,63183,10
12.9014196396,80.2280502319,63183,63213,30
12.9014196396,80.2280502319,63213,63224,11
12.9013500214,80.2280578613,63224,63234,10
12.9009199142,80.2280197144,63234,63244,10
12.9001598358,80.2279434204,63244,63254,10
12.8995103836,80.2279129028,63254,63264,10
12.8989896774,80.2279434204,63264,63274,10
12.8989601135,80.2279510498,63274,63284,10
12.8984603882,80.227897644,63284,63294,10
12.8975896835,80.2278289795,63294,63304,10
12.8964099884,80.2277679443,63304,63314,10
12.8950595856,80.2276992798,63314,63325,11
12.8935699463,80.2275924683,63325,63335,10
12.8926897049,80.2274780273,63335,63345,10
12.8920402527,80.2274169922,63345,63355,10
12.8910903931,80.2273864746,63355,63365,10
12.8899097443,80.2273864746,63365,63375,10
12.8888301849,80.2274093628,63375,63385,10
12.8878002167,80.2273330688,63385,63395,10
12.886639595,80.227142334,63395,63405,10
12.8855400085,80.2268829346,63405,63416,11
12.8845500946,80.2267913818,63416,63426,10
12.8844900131,80.2267990112,63426,63436,10
12.8840398788,80.2269821167,63436,63446,10
12.8828897476,80.2267608643,63446,63456,10
12.8815803528,80.2267608643,63456,63466,10
12.8801603317,80.2267608643,63466,63476,10
12.8787498474,80.2268218994,63476,63486,10
12.8773698807,80.2269210815,63486,63496,10
12.8767900467,80.2270278931,63496,63507,11
12.87637043,80.2270431519,63507,63517,10
12.8762798309,80.2270584106,63517,63527,10
12.8758897781,80.2270431519,63527,63537,10
12.8751096725,80.2269821167,63537,63547,10
12.8739995956,80.2268371582,63547,63557,10
12.8728103638,80.2267608643,63557,63567,10
12.8716497421,80.2267074585,63567,63577,10
12.8702096939,80.2266235352,63577,63587,10
12.868639946,80.2264404297,63587,63598,11
12.8669300079,80.2265396118,63598,63608,10
12.8654603958,80.2266464233,63608,63618,10
12.8640403748,80.226600647,63618,63628,10
12.8628196716,80.2265930176,63628,63638,10
12.8616695404,80.2266464233,63638,63648,10
12.8609800339,80.2266387939,63648,63658,10
12.8604698181,80.2265777588,63658,63668,10
12.8595695496,80.2264633179,63668,63685,17
12.8573598862,80.2263336182,63685,63697,12
12.8555202484,80.2265014648,63697,63707,10
12.8540401459,80.2266464233,63707,63717,10
12.852640152,80.2267532349,63717,63727,10
12.8514204025,80.2266998291,63727,63737,10
12.8501596451,80.2266387939,63737,63747,10
12.8487596512,80.2266235352,63747,63756,9
12.8471899033,80.2266464233,63756,63766,10
12.8459196091,80.2266616821,63766,63777,11
12.8451900482,80.2266616821,63777,63798,21
12.8451900482,80.2266616821,63798,63808,10
12.8448696136,80.2269210815,63808,63818,10
12.8439502716,80.2268295288,63818,63828,10
12.8427801132,80.2269821167,63828,63838,10
12.8414201736,80.2273178101,63838,63848,10
12.8402996063,80.2276229858,63848,63858,10
12.8398704529,80.2278137207,63858,63868,10
12.839679718,80.2278823853,63868,63885,17
12.8386096954,80.2280807495,63885,63897,12
12.8372602463,80.2283401489,63897,63907,10
12.8359899521,80.2285232544,63907,63917,10
12.8349399567,80.2286682129,63917,63926,9
12.8339195251,80.2288513184,63926,63937,11
12.8326101303,80.229133606,63937,63947,10
12.8322896957,80.2292022705,63947,63957,10
12.8322601318,80.2291870117,63957,63966,9
12.8318300247,80.2292633057,63966,63978,12
12.8308200836,80.2295684814,63978,63988,10
12.8298902512,80.2299194336,63988,63998,10
12.8286895752,80.2304382324,63998,64008,10
12.8273801804,80.2311477661,64008,64018,10
12.8263597488,80.2314224243,64018,64028,10
12.8252401352,80.2314834595,64028,64038,10
12.8240299225,80.2312774658,64038,64048,10
12.8226995468,80.2308578491,64048,64058,10
12.8213996887,80.2305374146,64058,64069,11
12.8199996948,80.2305526733,64069,64079,10
12.8190002441,80.2305603027,64079,64089,10
12.8189096451,80.2305526733,64089,64099,10
12.8187599182,80.2304916382,64099,64109,10
12.8182001114,80.23021698,64109,64119,10
12.8173503876,80.2298278809,64119,64129,10
12.8162002563,80.2295227051,64129,64139,10
12.8149003983,80.2293319702,64139,64149,10
12.8135795593,80.2290420532,64149,64160,11
12.8121595383,80.2285614014,64160,64170,10
12.8109197617,80.2281036377,64170,64180,10
12.8097496033,80.2276000977,64180,64190,10
12.808719635,80.2269515991,64190,64200,10
12.8077402115,80.2261199951,64200,64210,10
12.8069095612,80.2254104614,64210,64220,10
12.8062200546,80.2248001099,64220,64230,10
12.8054895401,80.2242202759,64230,64240,10
12.8049497604,80.224067688,64240,64251,11
12.804889679,80.2240524292,64251,64261,10
12.8044395447,80.2239837646,64261,64271,10
12.8036899567,80.2239303589,64271,64281,10
12.8027000427,80.2238235474,64281,64291,10
12.8014602661,80.2236785889,64291,64301,10
12.8009195328,80.2236480713,64301,64311,10
12.8006896973,80.2236175537,64311,64321,10
12.7999696732,80.2235488892,64321,64331,10
12.7989501953,80.2234802246,64331,64341,10
12.7976503372,80.2233123779,64341,64352,11
12.796210289,80.2230606079,64352,64362,10
12.7958498001,80.2229995728,64362,64372,10
12.7957696915,80.2229766846,64372,64382,10
12.7951698303,80.2228622437,64382,64392,10
12.7942399979,80.2227172852,64392,64401,9
12.7933597565,80.2225875854,64401,64412,11
12.7921104431,80.2223205566,64412,64422,10
12.7908802032,80.2220306396,64422,64432,10
12.7897996902,80.2217636108,64432,64443,11
12.7889604568,80.2214736938,64443,64453,10
12.7882299423,80.2211685181,64453,64463,10
12.7878704071,80.2210464478,64463,64483,20
12.7878704071,80.2210464478,64483,64493,10
12.787560463,80.220916748,64493,64503,10
12.7871799469,80.2208404541,64503,64523,20
12.7871799469,80.2208404541,64523,64534,11
12.7871799469,80.2208099365,64534,64544,10
12.7865400314,80.2205810547,64544,64564,20
12.7865400314,80.2205810547,64564,64574,10
12.786359787,80.220489502,64574,64584,10
12.7860498428,80.2203521729,64584,64594,10
12.7855901718,80.2201385498,64594,64604,10
12.7849502563,80.2198181152,64604,64614,10
12.7846403122,80.2196807861,64614,64625,11
12.7845697403,80.2196426392,64625,64635,10
12.7842302322,80.2194290161,64635,64645,10
12.7834596634,80.2189865112,64645,64655,10
12.7823600769,80.2183837891,64655,64665,10
12.7810001373,80.2176437378,64665,64675,10
12.779540062,80.2168426514,64675,64685,10
12.7780399323,80.2160720825,64685,64695,10
12.7765302658,80.2154388428,64695,64705,10
12.7749595642,80.2147979736,64705,64716,11
12.7732801437,80.2141265869,64716,64726,10
12.7719497681,80.2136306763,64726,64736,10
12.770819664,80.2132492065,64736,64746,10
12.7706203461,80.2131881714,64746,64756,10
12.7702102661,80.2130432129,64756,64766,10
12.7693195343,80.2127075195,64766,64776,10
12.7680997849,80.2122497559,64776,64786,10
12.7666797638,80.2117385864,64786,64796,10
12.7651796341,80.2111968994,64796,64807,11
12.7634801865,80.2105712891,64807,64817,10
12.7620296478,80.2099990845,64817,64827,10
12.7606897354,80.2093582153,64827,64837,10
12.7594604492,80.2087020874,64837,64847,10
12.7581396103,80.2079696655,64847,64857,10
12.7571001053,80.2074127197,64857,64867,10
12.7560195923,80.2068023682,64867,64877,10
12.7547998428,80.2061309814,64877,64887,10
12.753569603,80.2054595947,64887,64897,10
12.7522497177,80.2047805786,64897,64908,11
12.7513799667,80.2043380737,64908,64918,10
12.7513103485,80.2042999268,64918,64928,10
12.7508497238,80.2040634155,64928,64938,10
12.7499904633,80.2036132813,64938,64948,10
12.7488098145,80.2030029297,64948,64958,10
12.747469902,80.2023010254,64958,64968,10
12.746049881,80.2016067505,64968,64978,10
12.7446298599,80.2007217407,64978,64988,10
12.743470192,80.19947052,64988,64999,11
12.7423200607,80.1981506348,64999,65009,10
12.7417201996,80.1974105835,65009,65019,10
12.7417097092,80.1974029541,65019,65029,10
12.7414302826,80.1969909668,65029,65039,10
12.7408599854,80.1961898804,65039,65049,10
12.7401895523,80.1952209473,65049,65059,10
12.7394399643,80.1942214966,65059,65069,10
12.7386798859,80.1931991577,65069,65079,10
12.7377700806,80.1921310425,65079,65090,11
12.7367200851,80.191078186,65090,65100,10
12.7360296249,80.1904296875,65100,65110,10
12.7358798981,80.1902770996,65110,65120,10
12.7353496552,80.1898803711,65120,65130,10
12.7346496582,80.1896514893,65130,65140,10
12.7336196899,80.1895599365,65140,65150,10
12.7324495316,80.1893768311,65150,65160,10
12.7313699722,80.1891784668,65160,65170,10
12.7306604385,80.1891403198,65170,65181,11
12.7304801941,80.1891174316,65181,65191,10
12.7304401398,80.1891326904,65191,65201,10
12.7301301956,80.1890792847,65201,65211,10
12.7298603058,80.1890487671,65211,65221,10
12.729470253,80.1890335083,65221,65231,10
12.7293701172,80.1890335083,65231,65241,10
12.728890419,80.1889801025,65241,65251,10
12.7282600403,80.1887969971,65251,65261,10
12.7273902893,80.1885375977,65261,65271,10
12.7263803482,80.1883087158,65271,65282,11
12.725110054,80.1880874634,65282,65312,30
12.725110054,80.1880874634,65312,65322,10
12.7247200012,80.1880264282,65322,65332,10
12.7243204117,80.1879425049,65332,65342,10
12.7239303589,80.1878204346,65342,65352,10
12.7234601974,80.1876907349,65352,65363,11
12.7230796814,80.1875915527,65363,65373,10
12.7225599289,80.187461853,65373,65383,10
12.7224998474,80.1874465942,65383,65393,10
12.7222995758,80.1875762939,65393,65412,19
12.7222995758,80.1875762939,65412,65423,11
12.7222795486,80.1877365112,65423,65433,10
12.7220401764,80.1877822876,65433,65443,10
12.7220001221,80.1879882813,65443,65453,10
12.7221403122,80.1878585815,65453,66141,688
12.7221403122,80.1878585815,66141,66151,10
12.7221603394,80.1877593994,66151,66161,10
12.7222795486,80.1875305176,66161,66171,10
12.7223300934,80.1874923706,66171,66181,10
12.7224903107,80.1874694824,66181,66191,10
12.7228002548,80.1875534058,66191,66202,11
12.7231998444,80.1876525879,66202,66212,10
12.7233695984,80.1876907349,66212,66222,10
12.7237901688,80.1877975464,66222,66232,10
12.7242002487,80.1878967285,66232,66242,10
12.7245702744,80.1879806519,66242,66252,10
12.7248001099,80.1880187988,66252,66262,10
12.7251300812,80.188079834,66262,66272,10
12.7257404327,80.1881866455,66272,66282,10
12.7264204025,80.1883087158,66282,66293,11
12.7270298004,80.1884384155,66293,66303,10
12.727809906,80.1886367798,66303,66313,10
12.7288303375,80.1889572144,66313,66323,10
12.7295703888,80.1890182495,66323,66333,10
12.7298202515,80.1890182495,66333,66343,10
12.7302598953,80.1890869141,66343,66353,10
12.7308397293,80.189163208,66353,66363,10
12.7313098907,80.1891937256,66363,66373,10
12.7321901321,80.1893386841,66373,66384,11
12.733300209,80.1894989014,66384,66394,10
12.7345504761,80.1895980835,66394,66404,10
12.7357501984,80.1900482178,66404,66414,10
12.7366800308,80.1909713745,66414,66424,10
12.7378196716,80.1921005249,66424,66434,10
12.73898983,80.1934432983,66434,66444,10
12.7400102615,80.1948471069,66444,66454,10
12.7409801483,80.1961975098,66454,66464,10
12.7417602539,80.1972885132,66464,66475,11
12.7426395416,80.1984329224,66475,66485,10
12.7436304092,80.1995773315,66485,66495,10
12.7446403503,80.2006835938,66495,66505,10
12.7459897995,80.2015228271,66505,66515,10
12.7474498749,80.2022628784,66515,66525,10
12.7502803802,80.2036895752,66525,66535,10
12.7502803802,80.2036895752,66535,66545,10
12.751449585,80.2042999268,66545,66555,10
12.7527198792,80.2049636841,66555,66565,10
12.7540597916,80.2056808472,66565,66576,11
12.7554397583,80.2064437866,66576,66586,10
12.7567396164,80.2071609497,66586,66596,10
12.7581396103,80.2079086304,66596,66607,11
12.7596197128,80.2087173462,66607,66616,9
12.7608203888,80.2093582153,66616,66627,11
12.7626399994,80.2101898193,66627,66637,10
12.763879776,80.2106781006,66637,66647,10
12.7655000687,80.2112579346,66647,66657,10
12.7670001984,80.211807251,66657,66668,11
12.7686595917,80.2124099731,66668,66678,10
12.7701101303,80.2129516602,66678,66688,10
12.7710504532,80.2132492065,66688,66698,10
12.7712697983,80.2133178711,66698,66708,10
12.7719297409,80.2135620117,66708,66718,10
12.7729797363,80.2139434814,66718,66728,10
12.7742099762,80.2144622803,66728,66738,10
12.7756299973,80.2150421143,66738,66748,10
12.7771396637,80.2156600952,66748,66759,11
12.7788200378,80.2164230347,66759,66769,10
12.7800397873,80.2170562744,66769,66779,10
12.7810897827,80.217628479,66779,66789,10
12.7821598053,80.2182235718,66789,66805,16
12.7835597992,80.2189865112,66805,66817,12
12.7844200134,80.2194900513,66817,66827,10
12.7846899033,80.2196426392,66827,66836,9
12.7851896286,80.219871521,66836,66847,11
12.7856903076,80.2201766968,66847,66868,21
12.7858400345,80.2202529907,66868,66898,30
12.7858400345,80.2202529907,66898,66908,10
12.7861099243,80.2203674316,66908,66918,10
12.7865800858,80.2205505371,66918,66938,20
12.7865800858,80.2205505371,66938,66949,11
12.7868003845,80.2206497192,66949,66959,10
12.7872200012,80.2208023071,66959,66969,10
12.7877197266,80.2209777832,66969,66979,10
12.788359642,80.2212219238,66979,66989,10
12.7891597748,80.2215194702,66989,66999,10
12.789560318,80.2216415405,66999,67009,10
12.7898101807,80.2217407227,67009,67019,10
12.7902002335,80.221862793,67019,67029,10
12.7908496857,80.2220230103,67029,67040,11
12.7919797897,80.2222900391,67040,67050,10
12.7932395935,80.2225418091,67050,67060,10
12.794549942,80.2227325439,67060,67070,10
12.7957696915,80.2229385376,67070,67080,10
12.7963695526,80.2230224609,67080,67090,10
12.7964401245,80.2230377197,67090,67100,10
12.7969398499,80.2231521606,67100,67110,10
12.7978200912,80.2233123779,67110,67120,10
12.7989797592,80.2234191895,67120,67131,11
12.8004798889,80.2235565186,67131,67141,10
12.801440239,80.2236404419,67141,67151,10
12.8015804291,80.2236480713,67151,67161,10
12.8021802902,80.2237014771,67161,67171,10
12.802740097,80.223777771,67171,67181,10
12.8029203415,80.2238082886,67181,67191,10
12.8035802841,80.2238998413,67191,67201,10
12.8044395447,80.2239608765,67201,67211,10
12.8051795959,80.2240982056,67211,67222,11
12.8055295944,80.2242126465,67222,67232,10
12.8056602478,80.224281311,67232,67242,10
12.8060903549,80.2246322632,67242,67252,10
12.8068399429,80.2253036499,67252,67262,10
12.8076496124,80.2259902954,67262,67272,10
12.8086500168,80.2268371582,67272,67282,10
12.8098096848,80.2276000977,67282,67292,10
12.8111200333,80.2281570435,67292,67302,10
12.8124504089,80.2286300659,67302,67313,11
12.8137998581,80.2290802002,67313,67323,10
12.8149299622,80.2293167114,67323,67333,10
12.8161096573,80.2294998169,67333,67343,10
12.8171596527,80.2297210693,67343,67353,10
12.8180704117,80.2301177979,67353,67363,10
12.8187799454,80.2304382324,67363,67373,10
12.819439888,80.2305221558,67373,67383,10
12.8196897507,80.230506897,67383,67393,10
12.8198795319,80.2305221558,67393,67403,10
12.8206195831,80.2304992676,67403,67414,11
12.8218698502,80.2305984497,67414,67424,10
12.8230695724,80.2309494019,67424,67434,10
12.8243103027,80.2312698364,67434,67444,10
12.8255300522,80.2314300537,67444,67454,10
12.8266401291,80.2313537598,67454,67464,10
12.8275003433,80.2310714722,67464,67474,10
12.8282604218,80.2306518555,67474,67484,10
12.8289203644,80.2302932739,67484,67495,11
12.8297300339,80.2299499512,67495,67505,10
12.830739975,80.2295379639,67505,67525,20
12.830739975,80.2295379639,67525,67535,10
12.830789566,80.2295227051,67535,67545,10
12.8310403824,80.2294616699,67545,67585,40
12.8310403824,80.2294616699,67585,67596,11
12.8311595917,80.2294006348,67596,67606,10
12.8313598633,80.229347229,67606,67616,10
12.831870079,80.2291870117,67616,67626,10
12.8320503235,80.229133606,67626,67636,10
12.832110405,80.2291183472,67636,67646,10
12.8325796127,80.2290420532,67646,67656,10
12.8327798843,80.2289810181,67656,67666,10
12.8330602646,80.2289276123,67666,67676,10
12.8336696625,80.2288513184,67676,67687,11
12.8346395493,80.2286834717,67687,67697,10
12.8357400894,80.2285079956,67697,67707,10
12.8370304108,80.2283401489,67707,67717,10
12.8382701874,80.2281036377,67717,67727,10
12.8389396667,80.2279510498,67727,67737,10
12.8392496109,80.227897644,67737,67747,10
12.8394699097,80.2278366089,67747,67778,31
12.8394699097,80.2278366089,67778,67788,10
12.8400201797,80.2276229858,67788,67798,10
12.8408098221,80.2273788452,67798,67808,10
12.8418798447,80.2270965576,67808,67818,10
12.8431396484,80.226852417,67818,67828,10
12.8442497253,80.2266998291,67828,67838,10
12.8444004059,80.2266387939,67838,67848,10
12.8447599411,80.226600647,67848,67879,31
12.8447599411,80.226600647,67879,67889,10
12.8449401855,80.2266235352,67889,67899,10
12.8450498581,80.2266235352,67899,67909,10
12.8453102112,80.2266387939,67909,67929,20
12.8453102112,80.2266387939,67929,67939,10
12.8454198837,80.2266387939,67939,67949,10
12.8458003998,80.2266387939,67949,67960,11
12.8464002609,80.2266311646,67960,67969,9
12.8472299576,80.2266235352,67969,67980,11
12.8484802246,80.2266387939,67980,67990,10
12.8496198654,80.2266387939,67990,68000,10
12.8506402969,80.2266387939,68000,68010,10
12.8518199921,80.2266921997,68010,68020,10
12.8531303406,80.2267303467,68020,68030,10
12.8544101715,80.2266235352,68030,68040,10
12.8557701111,80.2264633179,68040,68051,11
12.8566904068,80.2263565063,68051,68061,10
12.8570203781,80.2262878418,68061,68071,10
12.8572397232,80.2262573242,68071,68081,10
12.8574104309,80.2262420654,68081,68091,10
12.8575201035,80.2262420654,68091,68101,10
12.8576898575,80.2262268066,68101,68111,10
12.85779953,80.2262268066,68111,68121,10
12.8579597473,80.2262268066,68121,68131,10
12.8581399918,80.2262268066,68131,68142,11
12.8583803177,80.226272583,68142,68152,10
12.8589200974,80.2263183594,68152,68162,10
12.8598499298,80.2264404297,68162,68172,10
12.860710144,80.2265472412,68172,68182,10
12.8607597351,80.2265472412,68182,68192,10
12.8610897064,80.2265777588,68192,68202,10
12.8618803024,80.2265701294,68202,68212,10
12.8629703522,80.2265167236,68212,68222,10
12.8643198013,80.2265625,68222,68232,10
12.8656301498,80.2265930176,68232,68243,11
12.8665704727,80.2265396118,68243,68253,10
12.8671798706,80.2264709473,68253,68263,10
12.8680496216,80.2263870239,68263,68273,10
12.8692398071,80.2264785767,68273,68283,10
12.8706502914,80.2266311646,68283,68293,10
12.8719701767,80.2266769409,68293,68303,10
12.8727502823,80.2266769409,68303,68313,10
12.8729801178,80.2266921997,68313,68323,10
12.8736600876,80.2267379761,68323,68334,11
12.8747797012,80.2268676758,68334,68344,10
12.8758802414,80.2269592285,68344,68354,10
12.876449585,80.2269515991,68354,68364,10
12.8766498566,80.2269363403,68364,68374,10
12.8767795563,80.2269287109,68374,68384,10
12.8773298264,80.2268981934,68384,68394,10
12.8782997131,80.2268295288,68394,68404,10
12.8795404434,80.2267837524,68404,68414,10
12.8808803558,80.2267608643,68414,68425,11
12.8823003769,80.2267379761,68425,68435,10
12.8835496902,80.2267227173,68435,68445,10
12.8842802048,80.2266998291,68445,68455,10
12.8844804764,80.2266769409,68455,68465,10
12.88463974,80.2266693115,68465,68475,10
12.8847904205,80.2266693115,68475,68485,10
12.8850603104,80.2266998291,68485,68495,10
12.8851604462,80.2267074585,68495,68505,10
12.8854398727,80.2267837524,68505,68516,11
12.8861999512,80.2269592285,68516,68526,10
12.8871803284,80.2271881104,68526,68536,10
12.888299942,80.2273406982,68536,68546,10
12.8896598816,80.2273483276,68546,68556,10
12.891169548,80.2273406982,68556,68566,10
12.8922195435,80.2273483276,68566,68647,81
12.8922195435,80.2273483276,68647,68657,10
12.8925600052,80.2274093628,68657,68667,10
12.8933601379,80.2275085449,68667,68677,10
12.8943595886,80.2276077271,68677,68687,10
12.8955802917,80.2276611328,68687,68698,11
12.8970098495,80.227722168,68698,68708,10
12.8981800079,80.2277832031,68708,68718,10
12.8990602493,80.2278213501,68718,68728,10
12.8996896744,80.2278671265,68728,68738,10
12.9001903534,80.2278900146,68738,68748,10
12.9005699158,80.2279129028,68748,68758,10
12.9010601044,80.2279586792,68758,68768,10
12.901599884,80.2279815674,68768,68778,10
12.9022502899,80.2279891968,68778,68794,16
12.9027004242,80.2280197144,68794,68807,13
12.9029798508,80.2280197144,68807,68817,10
12.903459549,80.2280578613,68817,68825,8
12.9035596848,80.2280731201,68825,68837,12
12.9039201736,80.2281036377,68837,68847,10
12.9044399261,80.2281417847,68847,68857,10
12.9050703049,80.2281570435,68857,68867,10
12.9053401947,80.2281799316,68867,68876,9
12.9056901932,80.2282180786,68876,68888,12
12.9059400558,80.2282104492,68888,68898,10
12.9062700272,80.2282409668,68898,68908,10
12.9067497253,80.2283172607,68908,68918,10
12.9072799683,80.2283782959,68918,68928,10
12.9082098007,80.2285232544,68928,68938,10
12.9094295502,80.2286987305,68938,68948,10
12.9105796814,80.2288894653,68948,68958,10
12.9115800858,80.2290267944,68958,68968,10
12.9125204086,80.2291412354,68968,68979,11
12.913359642,80.2292327881,68979,69028,49
12.913359642,80.2292327881,69028,69039,11
12.9134597778,80.2292480469,69039,69049,10
12.9135398865,80.2292633057,69049,69059,10
12.9135704041,80.2292785645,69059,69070,11
12.9137201309,80.2293014526,69070,69080,10
12.9142103195,80.2293930054,69080,69090,10
12.9150400162,80.2295379639,69090,69100,10
12.9161100388,80.2296829224,69100,69110,10
12.9171495438,80.2298126221,69110,69120,10
12.9181499481,80.2299423218,69120,69130,10
12.9187498093,80.2300415039,69130,69140,10
12.9191799164,80.2300872803,69140,69150,10
12.9198799133,80.230178833,69150,69160,10
12.920800209,80.2302780151,69160,69171,11
12.9220399857,80.2304382324,69171,69181,10
12.9232797623,80.2306365967,69181,69191,10
12.9244804382,80.230796814,69191,69201,10
12.9255104065,80.2309417725,69201,69211,10
12.9262399673,80.2310180664,69211,69221,10
12.9264802933,80.2310180664,69221,69231,10
12.9267597198,80.2310409546,69231,69241,10
12.927479744,80.2311325073,69241,69251,10
12.9284095764,80.2312469482,69251,69262,11
12.9287004471,80.2312774658,69262,69272,10
12.9287395477,80.2312927246,69272,69282,10
12.9292001724,80.2313995361,69282,69292,10
12.9299697876,80.2315597534,69292,69302,10
12.9309396744,80.231880188,69302,69312,10
12.9321403503,80.2322616577,69312,69322,10
12.9331998825,80.2326431274,69322,69332,10
12.9335603714,80.2327804565,69332,69342,10
12.9336595535,80.2328262329,69342,69353,11
12.9342498779,80.2331008911,69353,69363,10
12.9351396561,80.2335128784,69363,69373,10
12.9357004166,80.2338027954,69373,69383,10
12.9357099533,80.2338104248,69383,69393,10
12.9359903336,80.2339477539,69393,69403,10
12.9367103577,80.2342834473,69403,69413,10
12.9377202988,80.2347488403,69413,69423,10
12.9389200211,80.2353591919,69423,69433,10
12.9396095276,80.2356796265,69433,69444,11
12.9398298264,80.2357788086,69444,69454,10
12.9404401779,80.236000061,69454,69464,10
12.9413900375,80.2362518311,69464,69474,10
12.9424800873,80.2365570068,69474,69484,10
12.943400383,80.2371673584,69484,69494,10
12.9441299438,80.2379379272,69494,69504,10
12.9451799393,80.2390365601,69504,69514,10
12.9463796616,80.2397003174,69514,69524,10
12.9470500946,80.239982605,69524,69535,11
12.9472999573,80.2400588989,69535,69545,10
12.9474401474,80.2401123047,69545,69555,10
12.9480199814,80.2403564453,69555,69565,10
12.9485397339,80.240562439,69565,69575,10
12.9485797882,80.2405776978,69575,69585,10
12.9489402771,80.240737915,69585,69595,10
12.9494104385,80.2409286499,69595,69605,10
12.9501199722,80.2411499023,69605,69615,10
12.9507303238,80.2413406372,69615,69626,11
12.9508895874,80.2413711548,69626,69636,10
12.9511203766,80.2414169312,69636,69646,10
12.9511299133,80.2414321899,69646,69656,10
12.9514799118,80.241569519,69656,69666,10
12.9521303177,80.2418365479,69666,69676,10
12.9529600143,80.242149353,69676,69686,10
12.9537296295,80.2424621582,69686,69696,10
12.9542503357,80.2426605225,69696,69706,10
12.9549999237,80.2429504395,69706,69723,17
12.9563798904,80.2433776855,69723,69735,12
12.9571399689,80.2437362671,69735,69745,10
12.9580402374,80.2441482544,69745,69755,10
12.9583797455,80.2443084717,69755,69765,10
12.9585599899,80.2444076538,69765,69775,10
12.9588003159,80.2445220947,69775,69785,10
12.9591398239,80.2446212769,69785,69795,10
12.95952034,80.2448120117,69795,69805,10
12.9602499008,80.2451400757,69805,69816,11
12.9613599777,80.2456665039,69816,69826,10
12.9624900818,80.2462310791,69826,69836,10
12.9632797241,80.2465896606,69836,69896,60
12.9632797241,80.2465896606,69896,69907,11
12.9633903503,80.2466430664,69907,69917,10
12.9637699127,80.2468490601,69917,69927,10
12.9644002914,80.2470779419,69927,69937,10
12.9652204514,80.2473678589,69937,69947,10
12.9664802551,80.247833252,69947,69977,30
12.9664802551,80.247833252,69977,69987,10
12.966799736,80.2480010986,69987,69998,11
12.9669399261,80.2480697632,69998,70008,10
12.9672603607,80.2482376099,70008,70018,10
12.9680404663,80.248588562,70018,70028,10
12.9688997269,80.2489395142,70028,70038,10
12.969909668,80.2493209839,70038,70048,10
12.9709396362,80.2497024536,70048,70058,10
12.9721498489,80.2500228882,70058,70068,10
12.9733495712,80.2503433228,70068,70078,10
12.9743204117,80.2506027222,70078,70089,11
12.9754800797,80.2509307861,70089,70099,10
12.9764699936,80.2512207031,70099,70109,10
12.9774103165,80.2515869141,70109,70118,9
12.9780302048,80.2520599365,70118,70129,11
12.9781398773,80.2521514893,70129,70139,10
12.978269577,80.2522583008,70139,70149,10
12.9785203934,80.2524185181,70149,70159,10
12.9790897369,80.2526397705,70159,70243,84
12.9790897369,80.2526397705,70243,70253,10
12.9794998169,80.2526779175,70253,70284,31
12.9794998169,80.2526779175,70284,70294,10
12.9795999527,80.2526931763,70294,70304,10
12.9802103043,80.2527313232,70304,70314,10
12.9812297821,80.2527008057,70314,70324,10
12.9824695587,80.2526473999,70324,70334,10
12.9836597443,80.2524795532,70334,70344,10
12.9842500687,80.2522964478,70344,70688,344
12.9842500687,80.2522964478,70688,70698,10
12.9843301773,80.2522583008,70698,70708,10
12.9846696854,80.2521896362,70708,70718,10
12.9852304459,80.2520294189,70718,70728,10
12.9856996536,80.2519226074,70728,70739,11
12.9861803055,80.2517776489,70739,70749,10
12.9864997864,80.251701355,70749,70759,10
12.9867601395,80.2516326904,70759,70769,10
12.9870796204,80.2515411377,70769,70779,10
12.9874401093,80.2514190674,70779,70789,10
12.9879102707,80.2513275146,70789,70799,10
12.9887800217,80.2511062622,70799,70809,10
12.9893398285,80.2509384155,70809,70819,10
12.9893903732,80.2509384155,70819,70830,11
12.9896602631,80.2508926392,70830,70840,10
12.9904003143,80.2507095337,70840,70850,10
12.9914798737,80.2504425049,70850,70866,16
12.9937400818,80.2498779297,70866,70878,12
12.9955196381,80.249458313,70878,70888,10
12.9969396591,80.2490768433,70888,70898,10
12.9982500076,80.2487564087,70898,70908,10
12.9994802475,80.2484588623,70908,70916,8
13.0003595352,80.2482376099,70916,70927,11
13.0014801025,80.2479476929,70927,70939,12
13.0023603439,80.247718811,70939,70949,10
13.0032300949,80.2475585938,70949,70959,10
13.0042800903,80.247428894,70959,70969,10
13.0051898956,80.2472763062,70969,70979,10
13.005900383,80.2470932007,70979,70988,9
13.0064001083,80.2466430664,70988,71009,21
13.0064001083,80.2466430664,71009,71020,11
13.0065002441,80.2464065552,71020,71030,10
13.006529808,80.2459793091,71030,71040,10
13.006529808,80.2457199097,71040,71049,9
13.0065402985,80.2456207275,71049,71060,11
13.0065402985,80.2454223633,71060,71070,10
13.0065402985,80.2451629639,71070,71079,9
13.0065402985,80.2449417114,71079,71089,10
13.006529808,80.2446289063,71089,71100,11
13.0065402985,80.244430542,71100,71111,11
13.0065498352,80.2442321777,71111,71121,10
13.0065498352,80.2439422607,71121,71131,10
13.0065698624,80.2436218262,71131,71141,10
13.0065603256,80.2431411743,71141,71151,10
13.0065803528,80.2426223755,71151,71161,10
13.0065803528,80.2419281006,71161,71171,10
13.0066099167,80.2412719727,71171,71181,10
13.0066404343,80.2409515381,71181,71191,10
13.0067195892,80.2405319214,71191,71202,11
13.0067796707,80.2402191162,71202,71212,10
13.0068397522,80.239982605,71212,71222,10
13.0068597794,80.2398529053,71222,71232,10
13.0068798065,80.2397613525,71232,71242,10
13.0069303513,80.2394790649,71242,71252,10
13.0069599152,80.2393035889,71252,71262,10
13.0069599152,80.2392807007,71262,71272,10
13.0069799423,80.2392120361,71272,71282,10
13.007060051,80.2387924194,71282,71293,11
13.0071201324,80.2383804321,71293,71303,10
13.0071897507,80.2378997803,71303,71313,10
13.0073003769,80.2372817993,71313,71323,10
13.0073299408,80.2368927002,71323,71343,20
13.0073299408,80.2368927002,71343,71353,10
13.0074396133,80.2365188599,71353,71363,10
13.007610321,80.235786438,71363,71373,10
13.0077896118,80.23487854,71373,71383,10
13.0080003738,80.2339324951,71383,71394,11
13.0082397461,80.2326889038,71394,71404,10
13.0084600449,80.2315979004,71404,71414,10
13.0085897446,80.2307128906,71414,71424,10
13.0087203979,80.2301177979,71424,71434,10
13.0088100433,80.2297210693,71434,71464,30
13.0088100433,80.2297210693,71464,71475,11
13.0088500977,80.2294387817,71475,71485,10
13.008890152,80.2290878296,71485,71495,10
13.0089597702,80.2287063599,71495,71505,10
13.0090103149,80.2285232544,71505,71515,10
13.0090799332,80.228187561,71515,71525,10
13.0092201233,80.2277984619,71525,71535,10
13.0093698502,80.2274703979,71535,71545,10
13.009469986,80.2273178101,71545,71555,10
13.0095796585,80.2271118164,71555,71565,10
13.0096502304,80.2269515991,71565,71576,11
13.0097398758,80.2267837524,71576,71586,10
13.0098400116,80.2265625,71586,71596,10
13.0099096298,80.2263793945,71596,71606,10
13.0099201202,80.2263717651,71606,71616,10
13.0100097656,80.2261886597,71616,71626,10
13.0101299286,80.2259597778,71626,71636,10
13.0102396011,80.2258224487,71636,71646,10
13.0104103088,80.2254867554,71646,71656,10
13.0105895996,80.225151062,71656,71667,11
13.0108003616,80.2246704102,71667,71677,10
13.0110197067,80.2241134644,71677,71687,10
13.0112199783,80.2236175537,71687,71697,10
13.0115003586,80.2229766846,71697,71707,10
13.0118598938,80.2219696045,71707,71717,10
13.0122900009,80.2215423584,71717,71727,10
13.0125303268,80.2218780518,71727,71737,10
13.0130796432,80.2225189209,71737,71747,10
13.0134801865,80.2229614258,71747,71758,11
13.0140695572,80.2236709595,71758,71768,10
13.0146303177,80.2243270874,71768,71778,10
13.0151596069,80.2248764038,71778,71788,10
13.0154895782,80.2250213623,71788,71808,20
13.0154895782,80.2250213623,71808,71818,10
13.0156202316,80.225151062,71818,71828,10
13.0162801743,80.2253570557,71828,71838,10
13.0172796249,80.2250289917,71838,71849,11
13.0184297562,80.2245788574,71849,71859,10
13.0192203522,80.2244186401,71859,71875,16
13.0199298859,80.2247314453,71875,71887,12
13.0205202103,80.2251586914,71887,71897,10
13.0210199356,80.2255172729,71897,71905,8
13.0213403702,80.2257614136,71905,71917,12
13.02161026,80.2259521484,71917,71926,9
13.021900177,80.2261886597,71926,71937,11
13.022359848,80.2265777588,71937,71948,11
13.0225400925,80.2267303467,71948,71958,10
13.0229301453,80.2270889282,71958,71968,10
13.0234899521,80.2276229858,71968,71978,10
13.0241098404,80.2283172607,71978,71998,20
13.0241098404,80.2283172607,71998,72008,10
13.0242900848,80.2285308838,72008,72031,23
13.0249099731,80.2293930054,72031,72044,13
13.0255002975,80.2302017212,72044,72054,10
13.0259799957,80.2313690186,72054,72104,50
13.0259799957,80.2313690186,72104,72114,10
13.0260601044,80.2316818237,72114,72124,10
13.0264902115,80.2329788208,72124,72154,30
13.0264902115,80.2329788208,72154,72165,11
13.0266895294,80.2333526611,72165,72176,11
13.0271396637,80.2341079712,72176,72186,10
13.0278396606,80.2353515625,72186,72196,10
13.0288801193,80.2365722656,72196,72206,10
13.0296001434,80.2372894287,72206,72216,10
13.0296201706,80.2373504639,72216,72227,11
13.0299596786,80.2378768921,72227,72237,10
13.0304803848,80.2387619019,72237,72247,10
13.0310602188,80.2397384644,72247,72356,109
13.0310602188,80.2397384644,72356,72365,9
13.0311002731,80.2398681641,72365,72376,11
13.0313901901,80.2403869629,72376,72386,10
13.0315303802,80.2410583496,72386,72396,10
13.0318603516,80.2417678833,72396,72407,11
13.032409668,80.2425308228,72407,72417,10
13.0330600739,80.2434005737,72417,72426,9
13.0336503983,80.2442016602,72426,72437,11
13.0342502594,80.245010376,72437,72447,10
13.0350503922,80.2459182739,72447,72457,10
13.0356903076,80.2461395264,72457,72467,10
13.0357398987,80.2461700439,72467,72477,10
13.0361099243,80.2463378906,72477,72487,10
13.0369100571,80.2465209961,72487,72497,10
13.0375900269,80.2464599609,72497,72508,11
13.0387201309,80.2468109131,72508,72578,70
13.0387201309,80.2468109131,72578,72588,10
13.039059639,80.2469177246,72588,72599,11
13.0395002365,80.2470016479,72599,72609,10
13.0399999619,80.2470779419,72609,72619,10
13.0406999588,80.2472229004,72619,72629,10
13.0415296555,80.2473373413,72629,72639,10
13.0421495438,80.2474975586,72639,72649,10
13.0425395966,80.2476577759,72649,72659,10
13.0431003571,80.2478408813,72659,72669,10
13.0437602997,80.2478637695,72669,72679,10
13.0443401337,80.2478866577,72679,72690,11
13.044960022,80.2481384277,72690,72700,10
13.0454502106,80.2483215332,72700,72710,10
13.045999527,80.2485122681,72710,72721,11
13.0465898514,80.2484893799,72721,72731,10
13.0467100143,80.2484588623,72731,72741,10
13.0469102859,80.2484817505,72741,72751,10
13.0473499298,80.2486724854,72751,72761,10
13.0478696823,80.249168396,72761,72771,10
13.0483703613,80.2496337891,72771,72782,11
13.0488796234,80.2497177124,72782,72792,10
13.0496501923,80.2498397827,72792,72802,10
13.050620079,80.250038147,72802,72812,10
13.05148983,80.2503204346,72812,72822,10
13.0521001816,80.2508163452,72822,72832,10
13.0525999069,80.2514724731,72832,72842,10
13.053150177,80.2521896362,72842,72852,10
13.0535402298,80.2527236938,72852,72862,10
13.0539903641,80.2533569336,72862,72873,11
13.0545902252,80.2541275024,72873,72883,10
13.0550899506,80.2547836304,72883,72893,10
13.055560112,80.2554397583,72893,72903,10
13.0559597015,80.2559967041,72903,72913,10
13.0562801361,80.256401062,72913,72923,10
13.0566701889,80.2567901611,72923,72933,10
13.0572299957,80.2572631836,72933,72943,10
13.0578298569,80.257850647,72943,72953,10
13.0583000183,80.258430481,72953,72964,11
13.0588302612,80.2590789795,72964,72974,10
13.059220314,80.259803772,72974,72984,10
13.0597400665,80.2602310181,72984,72994,10
13.0601396561,80.2606811523,72994,73004,10
13.0604095459,80.2609176636,73004,73014,10
13.0605096817,80.2610397339,73014,73024,10
13.0606002808,80.2612228394,73024,73034,10
13.0609998703,80.2617416382,73034,73044,10
13.0613803864,80.2621231079,73044,73054,10
13.0615596771,80.2623214722,73054,73065,11
13.0620002747,80.2629470825,73065,73075,10
13.0625495911,80.2636413574,73075,73085,10
13.0627698898,80.2638931274,73085,73095,10
13.0630502701,80.2642669678,73095,73105,10
13.0632801056,80.2646026611,73105,73115,10
13.0637302399,80.2652664185,73115,73125,10
13.0641498566,80.2658615112,73125,73135,10
13.0646600723,80.266456604,73135,73145,10
13.0649595261,80.2668380737,73145,73156,11
13.065489769,80.2671890259,73156,73166,10
13.0656995773,80.2674636841,73166,73176,10
13.0658597946,80.2677001953,73176,73186,10
13.0660600662,80.2679595947,73186,73196,10
13.066160202,80.268081665,73196,73206,10
13.0663499832,80.2682876587,73206,73216,10
13.0665597916,80.268409729,73216,73226,10
13.0667800903,80.2685470581,73226,73236,10
13.0673799515,80.2689285278,73236,73247,11
13.068110466,80.2694015503,73247,73256,9
13.0681800842,80.2697677612,73256,73265,9
13.0681295395,80.2704162598,73265,73277,12
13.0680799484,80.2709274292,73277,73287,10
13.0679998398,80.2711029053,73287,73297,10
13.0682497025,80.2715682983,73297,73307,10
13.0688199997,80.2719573975,73307,73317,10
13.0692796707,80.272277832,73317,73327,10
13.0698795319,80.2729187012,73327,73338,11
13.0703601837,80.2734832764,73338,73348,10
13.0706996918,80.27394104,73348,73358,10
13.0708799362,80.2740631104,73358,73368,10
13.071269989,80.2741928101,73368,73418,50
13.071269989,80.2741928101,73418,73429,11
13.0713596344,80.2742385864,73429,73439,10
13.07172966,80.2744369507,73439,73449,10
13.0721597672,80.2748718262,73449,73459,10
13.0726995468,80.2754669189,73459,73469,10
13.0733299255,80.2761306763,73469,73479,10
13.0738401413,80.2764129639,73479,73489,10
13.0746297836,80.2763824463,73489,73499,10
13.0755996704,80.2763366699,73499,73509,10
13.0763196945,80.2763214111,73509,73519,10
13.0769195557,80.2762832642,73519,73530,11
13.0775203705,80.2762374878,73530,73540,10
13.0781297684,80.2759780884,73540,73550,10
13.0784502029,80.2752838135,73550,73560,10
13.0791301727,80.2752380371,73560,73641,81
13.0791301727,80.2752380371,73641,73651,10
13.0793199539,80.2753295898,73651,73661,10
13.0795402527,80.2753677368,73661,73671,10
13.0801496506,80.275352478,73671,73762,91
13.0801496506,80.275352478,73762,73772,10
13.0803003311,80.2753372192,73772,73782,10
13.0806703568,80.2752990723,73782,73792,10
13.0811395645,80.2752075195,73792,73883,91
13.0811395645,80.2752075195,73883,73894,11
13.081489563,80.275177002,73894,73904,10
13.0817604065,80.2752990723,73904,73920,16
13.0819196701,80.2758026123,73920,73952,32
13.0819196701,80.2758026123,73952,73962,10
13.0818595886,80.2760314941,73962,73972,10
13.0818004608,80.2763214111,73972,73982,10
13.0818796158,80.2770767212,73982,73993,11
13.0820798874,80.2779922485,73993,74003,10
13.0825300217,80.2780532837,74003,74013,10
13.0830402374,80.2780914307,74013,74024,11
13.083319664,80.2781982422,74024,74034,10
13.0834703445,80.2786712646,74034,74044,10
13.0835103989,80.2789764404,74044,74054,10
13.0830497742,80.2789001465,74054,74064,10
13.0822896957,80.2785873413,74064,74074,10
13.0819597244,80.2783813477,74074,74085,11
13.0818996429,80.2778778076,74085,74095,10
13.0818195343,80.2772216797,74095,74105,10
13.0817499161,80.2766418457,74105,74115,10
13.081580162,80.2759780884,74115,74125,10
13.0814695358,80.275642395,74125,74135,10
13.0813999176,80.2753677368,74135,74145,10
13.0810804367,80.2753219604,74145,74155,10
13.0804300308,80.2753829956,74155,74165,10
13.0796298981,80.2754364014,74165,74176,11
13.0787696838,80.2752685547,74176,74186,10
13.0782299042,80.2757034302,74186,74196,10
13.0778398514,80.2763137817,74196,74206,10
13.0770101547,80.2763519287,74206,74216,10
13.0761995316,80.2763977051,74216,74226,10
13.0758695602,80.2763595581,74226,74236,10
13.0761404037,80.2759017944,74236,74742,506
13.0761404037,80.2759017944,74742,74752,10
13.0759897232,80.275718689,74752,74762,10
13.0758695602,80.2752838135,74762,74772,10
13.0756196976,80.2749710083,74772,74782,10
13.0752601624,80.2750091553,74782,74792,10
13.0750303268,80.2751312256,74792,74802,10
13.0747299194,80.2752685547,74802,74812,10
13.0749597549,80.2752990723,74812,74823,11
