12.9967002869,80.1913604736,17,4962,4945
12.9968299866,80.1912765503,4962,5214,252
12.9968395233,80.1913604736,5214,5467,253
12.9967603683,80.1913375854,5467,6011,544
12.9968395233,80.1913223267,6011,9039,3028
12.9966602325,80.1914291382,9039,9503,464
12.9966602325,80.1914291382,9503,9513,10
12.9968204498,80.1913223267,9513,19685,10172
12.9967403412,80.1914520264,19685,20422,737
12.9968500137,80.1913986206,20422,20503,81
12.9968500137,80.1913986206,20503,20513,10
12.9968996048,80.1912536621,20513,20644,131
12.9968500137,80.1913909912,20644,20896,252
12.9968500137,80.1913070679,20896,23298,2402
12.9968500137,80.1913070679,23298,23308,10
12.9966602325,80.1915130615,23308,23490,182
12.9968795776,80.1912918091,23490,24519,1029
12.9968795776,80.1912918091,24519,24529,10
12.9965295792,80.1913909912,24529,24539,10
12.996509552,80.1913986206,24539,24550,11
12.9963197708,80.1912765503,24550,24560,10
12.9962100983,80.1909637451,24560,24570,10
12.9960403442,80.1903762817,24570,24580,10
12.9958896637,80.189743042,24580,24590,10
12.9958896637,80.1896514893,24590,24600,10
12.9959001541,80.1895294189,24600,24610,10
12.9960803986,80.1892623901,24610,24620,10
12.9964504242,80.1896209717,24620,24630,10
12.9970197678,80.1902770996,24630,24640,10
12.9977197647,80.1911468506,24640,24651,11
12.9985599518,80.1922302246,24651,24661,10
12.9993801117,80.1932525635,24661,24671,10
13.0002002716,80.1943435669,24671,24681,10
13.0010299683,80.1954193115,24681,24691,10
13.0017004013,80.1962280273,24691,24701,10
13.002120018,80.197303772,24701,24711,10
13.0019598007,80.1983566284,24711,24721,10
13.0018396378,80.1995773315,24721,24731,10
13.0024900436,80.2005310059,24731,24741,10
13.0036001205,80.2007827759,24741,24751,10
13.0037298203,80.2008285522,24751,24762,11
13.0038499832,80.200881958,24762,24772,10
13.0043201447,80.2010574341,24772,24782,10
13.0051298141,80.2014312744,24782,24792,10
13.0058803558,80.2022476196,24792,24802,10
13.0064601898,80.2031478882,24802,24812,10
13.0070495605,80.2035827637,24812,24822,10
13.0077800751,80.2037734985,24822,24832,10
13.0088396072,80.2037200928,24832,24842,10
13.0102300644,80.20362854,24842,24852,10
13.011639595,80.2037277222,24852,24862,10
13.0129699707,80.2039718628,24862,24873,11
13.013999939,80.2042999268,24873,24883,10
13.0150299072,80.2046813965,24883,24893,10
13.0162200928,80.2051696777,24893,24903,10
13.0170001984,80.205291748,24903,24913,10
13.0175695419,80.2055435181,24913,24923,10
13.0177898407,80.2056274414,24923,24933,10
13.0184202194,80.2058792114,24933,24943,10
13.019370079,80.2061920166,24943,24953,10
13.0206003189,80.2062988281,24953,24963,10
13.0219097137,80.2063217163,24963,24973,10
13.0232000351,80.2065505981,24973,24984,11
13.0244703293,80.2068023682,24984,24994,10
13.0256299973,80.2070770264,24994,25004,10
13.0267496109,80.2077026367,25004,25014,10
13.0279397964,80.2083892822,25014,25024,10
13.0290699005,80.2087020874,25024,25034,10
13.0298204422,80.2088775635,25034,25044,10
13.0299596786,80.2089080811,25044,25054,10
13.029999733,80.2088928223,25054,25064,10
13.0303401947,80.2090072632,25064,25074,10
13.0309400558,80.2091903687,25074,25084,10
13.0315103531,80.2093734741,25084,25095,11
13.0318002701,80.2094573975,25095,25105,10
13.0325403214,80.2096328735,25105,25115,10
13.0333900452,80.2097930908,25115,25125,10
13.0343599319,80.2100219727,25125,25135,10
13.0349397659,80.2101364136,25135,25145,10
13.0350399017,80.2104110718,25145,25155,10
13.0349397659,80.2107315063,25155,25165,10
13.0349502563,80.211151123,25165,25175,10
13.0349798203,80.2112731934,25175,25185,10
13.034910202,80.2116012573,25185,25195,10
13.0349197388,80.212097168,25195,25206,11
13.0355901718,80.2122573853,25206,25216,10
13.036529541,80.2122573853,25216,25226,10
13.0370998383,80.2122421265,25226,25236,10
13.0374298096,80.2122421265,25236,25246,10
13.0382204056,80.2122573853,25246,25256,10
13.0392904282,80.2122497559,25256,25266,10
13.0405197144,80.2122421265,25266,25276,10
13.0418195724,80.2122268677,25276,25286,10
13.0431604385,80.2122192383,25286,25296,10
13.044260025,80.2122268677,25296,25307,11
13.0453195572,80.2122192383,25307,25317,10
13.0462999344,80.2122192383,25317,25327,10
13.0472402573,80.2121963501,25327,25337,10
13.0481100082,80.2120895386,25337,25347,10
13.0485296249,80.2120513916,25347,25357,10
13.0488595963,80.2120437622,25357,25367,10
13.0495700836,80.2119293213,25367,25377,10
13.0499601364,80.2119369507,25377,25387,10
13.0503196716,80.2119522095,25387,25397,10
13.0509004593,80.2119674683,25397,25407,10
13.0517396927,80.2119903564,25407,25418,11
13.0527801514,80.2117996216,25418,25428,10
13.053850174,80.2115097046,25428,25438,10
13.0548095703,80.2113571167,25438,25448,10
13.0559597015,80.2113876343,25448,25458,10
13.057100296,80.2114181519,25458,25468,10
13.0581798553,80.2114486694,25468,25478,10
13.0591201782,80.2115020752,25478,25488,10
13.0602302551,80.2115707397,25488,25498,10
13.0612697601,80.2115936279,25498,25508,10
13.061920166,80.2116394043,25508,25518,10
13.0627803802,80.2116165161,25518,25529,11
13.0635404587,80.211479187,25529,25539,10
13.0639801025,80.2114715576,25539,25549,10
13.0646896362,80.2112503052,25549,25559,10
13.065489769,80.2107391357,25559,25569,10
13.0663995743,80.2099761963,25569,25579,10
13.0672302246,80.2090377808,25579,25589,10
13.0678901672,80.2080001831,25589,25599,10
13.0686101913,80.2068786621,25599,25609,10
13.0691995621,80.2059326172,25609,25619,10
13.0694704056,80.2054519653,25619,25629,10
13.0697698593,80.2050323486,25629,25650,21
13.0697698593,80.2050323486,25650,25660,10
13.0696697235,80.2048873901,25660,25670,10
13.0693798065,80.2048416138,25670,25680,10
13.0690402985,80.2052688599,25680,25690,10
13.0687599182,80.2050170898,25690,25739,49
13.0687599182,80.2050170898,25739,25751,12
13.0688495636,80.204788208,25751,25761,10
13.0689601898,80.2047576904,25761,25771,10
13.0690898895,80.2047424316,25771,25781,10
13.0692195892,80.2047271729,25781,25791,10
13.0695495605,80.2047805786,25791,25801,10
13.0697898865,80.2048492432,25801,25811,10
13.0700397491,80.2047729492,25811,25821,10
13.0703496933,80.2043075562,25821,25831,10
13.0708503723,80.2036819458,25831,25841,10
13.07172966,80.202583313,25841,25862,21
13.07172966,80.202583313,25862,25872,10
13.0718297958,80.2024536133,25872,25882,10
13.0719995499,80.2022705078,25882,25892,10
13.0721597672,80.2021026611,25892,25902,10
13.0723304749,80.2019500732,25902,25912,10
13.0725803375,80.2016372681,25912,25922,10
13.0728902817,80.2012634277,25922,25932,10
13.0731697083,80.2009735107,25932,25942,10
13.0735197067,80.2005615234,25942,25952,10
13.0739002228,80.2001266479,25952,25963,11
13.0742702484,80.1996994019,25963,25973,10
13.074549675,80.1994171143,25973,25983,10
13.0751600266,80.1991195679,25983,25993,10
13.0760097504,80.1990585327,25993,26003,10
13.0769796371,80.1989898682,26003,26013,10
13.0780200958,80.1988601685,26013,26023,10
13.079000473,80.1987380981,26023,26033,10
13.0797700882,80.198677063,26033,26043,10
13.0805997849,80.1986083984,26043,26053,10
13.0813598633,80.1985702515,26053,26063,10
13.0822601318,80.1985015869,26063,26074,11
13.0830698013,80.1984710693,26074,26084,10
13.0835695267,80.1984710693,26084,26094,10
13.0842103958,80.1984710693,26094,26104,10
13.0848798752,80.1984786987,26104,26114,10
13.0851402283,80.1984634399,26114,26124,10
13.0855197906,80.1984405518,26124,26134,10
13.0857696533,80.1984024048,26134,26144,10
13.0863103867,80.1983566284,26144,26154,10
13.0869598389,80.1984100342,26154,26164,10
13.0870895386,80.1981582642,26164,26174,10
13.0871295929,80.1979675293,26174,26185,11
13.0872097015,80.1976470947,26185,26195,10
13.0872297287,80.1969833374,26195,26205,10
13.0872497559,80.1960830688,26205,26215,10
13.087269783,80.1950836182,26215,26225,10
13.0873003006,80.1939468384,26225,26235,10
13.0873203278,80.1930770874,26235,26245,10
13.0873498917,80.1927185059,26245,26255,10
13.0874099731,80.1921768188,26255,26265,10
13.0874996185,80.1913833618,26265,26275,10
13.0876197815,80.1903991699,26275,26285,10
13.0877199173,80.1894226074,26285,26296,11
13.0877199173,80.1889724731,26296,26306,10
13.0877399445,80.1889038086,26306,26316,10
13.0877599716,80.1884994507,26316,26326,10
13.0877799988,80.1879806519,26326,26336,10
13.0878295898,80.187171936,26336,26346,10
13.0878801346,80.1861801147,26346,26356,10
13.0879402161,80.1851119995,26356,26366,10
13.0879898071,80.1838912964,26366,26376,10
13.0880403519,80.1826477051,26376,26386,10
13.0880899429,80.1817016602,26386,26397,11
13.0881099701,80.1804580688,26397,26407,10
13.0880804062,80.1796722412,26407,26427,20
13.0880804062,80.1796722412,26427,26437,10
13.0881204605,80.1794281006,26437,26447,10
13.0881099701,80.1789016724,26447,26457,10
13.0881204605,80.1782302856,26457,26467,10
13.0881500244,80.1773376465,26467,26477,10
13.0882196426,80.176399231,26477,26487,10
13.0882997513,80.1752929688,26487,26497,10
13.0883798599,80.1744384766,26497,26508,11
13.0884599686,80.1734695435,26508,26518,10
13.0885400772,80.1724777222,26518,26528,10
13.0885400772,80.1718673706,26528,26538,10
13.0885400772,80.1718063354,26538,26548,10
13.0885601044,80.1714019775,26548,26558,10
13.0886096954,80.1707229614,26558,26568,10
13.088640213,80.169921875,26568,26578,10
13.0886602402,80.1697311401,26578,26588,10
13.0887002945,80.1696014404,26588,26598,10
13.0890703201,80.1695327759,26598,26608,10
13.0897598267,80.169593811,26608,26619,11
13.0907897949,80.1696395874,26619,26629,10
13.091919899,80.1697006226,26629,26639,10
13.0931196213,80.1697769165,26639,26649,10
13.0942802429,80.1698608398,26649,26659,10
13.0947904587,80.169883728,26659,26669,10
13.0951099396,80.1698913574,26669,26679,10
13.0956602097,80.169921875,26679,26689,10
13.096449852,80.169960022,26689,26699,10
13.0974397659,80.1700210571,26699,26709,10
13.0984802246,80.1700668335,26709,26720,11
13.0996398926,80.1700973511,26720,26740,20
13.0996398926,80.1700973511,26740,26750,10
13.0997200012,80.1700286865,26750,26760,10
13.0997200012,80.1697463989,26760,26800,40
13.0997200012,80.1697463989,26800,26810,10
13.0993795395,80.1696624756,26810,26820,10
13.0989303589,80.1697235107,26820,27951,1131
13.0989303589,80.1697235107,27951,27961,10
13.0988397598,80.1697769165,27961,27971,10
13.098690033,80.1699371338,27971,28031,60
13.098690033,80.1699371338,28031,28042,11
13.0985803604,80.1698074341,28042,28052,10
13.0988302231,80.169631958,28052,28062,10
13.0991296768,80.1695785522,28062,28072,10
13.0993299484,80.1696166992,28072,28082,10
13.0994100571,80.1697769165,28082,28092,10
13.099360466,80.1699981689,28092,28153,61
13.099360466,80.1699981689,28153,28163,10
13.099029541,80.1702194214,28163,28173,10
13.0984897614,80.1701583862,28173,28183,10
13.0977897644,80.1701431274,28183,28193,10
13.0968599319,80.1700668335,28193,28203,10
13.0958995819,80.1700210571,28203,28213,10
13.0950803757,80.1699829102,28213,28223,10
13.0947399139,80.169960022,28223,28233,10
13.0944004059,80.1698913574,28233,28243,10
13.0938596725,80.1698303223,28243,28254,11
13.0929603577,80.1697769165,28254,28264,10
13.0918598175,80.1697387695,28264,28274,10
13.090880394,80.1696777344,28274,28284,10
13.089799881,80.1696166992,28284,28294,10
13.0888795853,80.169593811,28294,28304,10
13.0887002945,80.1700210571,28304,28314,10
13.0886602402,80.1707687378,28314,28324,10
13.088640213,80.1716537476,28324,28334,10
13.0886201859,80.1719436646,28334,28344,10
13.0886001587,80.1721496582,28344,28354,10
13.088549614,80.1726303101,28354,28365,11
13.0885095596,80.1735076904,28365,28375,10
13.0884599686,80.1744689941,28375,28385,10
13.0884103775,80.1751327515,28385,28395,10
13.0883703232,80.1758117676,28395,28405,10
13.0883102417,80.1767196655,28405,28415,10
13.0882701874,80.1775665283,28415,28425,10
13.0882797241,80.1784210205,28425,28435,10
13.0882797241,80.1785583496,28435,28445,10
13.0882396698,80.1787719727,28445,28455,10
13.0882797241,80.1794433594,28455,28496,41
13.0882797241,80.1794433594,28496,28506,10
13.088259697,80.1798095703,28506,28516,10
13.0882196426,80.1804428101,28516,28526,10
13.0881795883,80.1812515259,28526,28536,10
13.0881795883,80.1819763184,28536,28546,10
13.0881700516,80.182220459,28546,28556,10
13.0881299973,80.1827392578,28556,28566,10
13.0881004333,80.1835021973,28566,28576,10
13.0880498886,80.184463501,28576,28587,11
13.0880403519,80.1849822998,28587,28597,10
13.0880203247,80.1851730347,28597,28607,10
13.0879802704,80.1857528687,28607,28617,10
13.0879497528,80.1865768433,28617,28627,10
13.0879402161,80.1873626709,28627,28637,10
13.0879402161,80.1879425049,28637,28677,40
13.0879402161,80.1879425049,28677,28686,9
13.0879402161,80.1881790161,28686,28698,12
13.0878801346,80.1889190674,28698,28708,10
13.0878000259,80.1899185181,28708,28728,20
13.0878000259,80.1899185181,28728,28738,10
13.0877504349,80.1903076172,28738,28748,10
13.0876598358,80.1910095215,28748,28758,10
13.0875597,80.1917572021,28758,28768,10
13.0875396729,80.19190979,28768,28778,10
13.0874996185,80.1921081543,28778,28788,10
13.0874300003,80.1925201416,28788,28798,10
13.0873804092,80.1929397583,28798,28809,11
13.0873699188,80.1937332153,28809,28819,10
13.0873498917,80.1945800781,28819,28829,10
13.0873403549,80.1953430176,28829,28839,10
13.0873298645,80.1960830688,28839,28849,10
13.0873003006,80.1969833374,28849,28859,10
13.0872602463,80.1975479126,28859,28869,10
13.087269783,80.1977233887,28869,28879,10
13.0873003006,80.197883606,28879,28889,10
13.087389946,80.1983337402,28889,28899,10
13.0875396729,80.1984405518,28899,28909,10
13.0878601074,80.1984405518,28909,28920,11
13.0884799957,80.1984024048,28920,28930,10
13.0890398026,80.1984405518,28930,28940,10
13.0895595551,80.1984634399,28940,28950,10
13.0900802612,80.1984863281,28950,28960,10
13.090760231,80.1985626221,28960,28970,10
13.0916204453,80.1986236572,28970,28980,10
13.0926504135,80.198638916,28980,28990,10
13.0930204391,80.1987686157,28990,29000,10
13.0929698944,80.1992874146,29000,29010,10
13.0928897858,80.2004623413,29010,29031,21
13.0928897858,80.2004623413,29031,29041,10
13.0929002762,80.2005767822,29041,29051,10
13.0926303864,80.2006225586,29051,29061,10
13.092040062,80.2005691528,29061,29071,10
13.0912399292,80.2005615234,29071,29081,10
13.0904798508,80.2005233765,29081,29091,10
13.0895900726,80.2005004883,29091,29101,10
13.0886497498,80.2004776001,29101,29111,10
13.0876598358,80.2004776001,29111,29121,10
13.086979866,80.2004318237,29121,29132,11
13.0861701965,80.2004089355,29132,29142,10
13.0855102539,80.200378418,29142,29152,10
13.0853300095,80.2002868652,29152,29162,10
13.0852899551,80.1999969482,29162,29172,10
13.0853099823,80.1994781494,29172,29182,10
13.0853004456,80.1988601685,29182,29192,10
13.0851602554,80.1987075806,29192,29202,10
13.0847997665,80.1987304688,29202,29212,10
13.0842895508,80.1987380981,29212,29222,10
13.08411026,80.1987075806,29222,29232,10
13.0837097168,80.1987075806,29232,29243,11
13.082859993,80.1986465454,29243,29253,10
13.0820198059,80.1986618042,29253,29263,10
13.0814599991,80.1986465454,29263,29273,10
13.0809202194,80.1986618042,29273,29283,10
13.0802497864,80.1987304688,29283,29293,10
13.0794696808,80.1987991333,29293,29303,10
13.0787296295,80.1988601685,29303,29313,10
13.0778503418,80.1989593506,29313,29323,10
13.0768203735,80.1990814209,29323,29333,10
13.0759801865,80.199180603,29333,29343,10
13.0751495361,80.1993637085,29343,29354,11
13.0743598938,80.1998291016,29354,29364,10
13.0740003586,80.2001724243,29364,29374,10
13.0737695694,80.2004776001,29374,29384,10
13.073679924,80.2005767822,29384,29394,10
13.0736398697,80.2006607056,29394,29404,10
13.0734996796,80.2008285522,29404,29414,10
13.07310009,80.2012863159,29414,29424,10
13.0725803375,80.2018814087,29424,29434,10
13.07213974,80.2023696899,29434,29444,10
13.0715799332,80.2029724121,29444,29454,10
13.0709199905,80.2037277222,29454,29465,11
13.0702295303,80.2045669556,29465,29475,10
13.0699596405,80.2049713135,29475,29485,10
13.0696802139,80.2049636841,29485,29495,10
13.0692996979,80.2049179077,29495,29505,10
13.0690603256,80.2052688599,29505,29515,10
13.068400383,80.2054977417,29515,29545,30
13.068400383,80.2054977417,29545,29555,10
13.0681600571,80.2054290771,29555,29565,10
13.0679702759,80.2051620483,29565,29586,21
13.0679702759,80.2051620483,29586,29596,10
13.0681400299,80.2050094604,29596,29606,10
13.0685396194,80.2049102783,29606,29616,10
13.0690698624,80.2047271729,29616,29626,10
13.0696697235,80.2048034668,29626,29656,30
13.0696697235,80.2048034668,29656,29666,10
13.0698604584,80.2051391602,29666,29676,10
13.0694999695,80.2057037354,29676,29687,11
13.0690002441,80.2064971924,29687,29697,10
13.0684604645,80.2073669434,29697,29707,10
13.0678300858,80.2083511353,29707,29717,10
13.0671596527,80.2093963623,29717,29727,10
13.0663499832,80.2102432251,29727,29737,10
13.065580368,80.2108764648,29737,29747,10
13.065199852,80.2112121582,29747,29757,10
13.0648002625,80.21144104,29757,29767,10
13.0640802383,80.2116699219,29767,29777,10
13.0634002686,80.211730957,29777,29787,10
13.0625600815,80.2117614746,29787,29798,11
13.0616998672,80.2116165161,29798,29808,10
13.0603399277,80.2117080688,29808,29817,9
13.0594301224,80.2116470337,29817,29828,11
13.0585803986,80.2116165161,29828,29838,10
13.0578298569,80.2116012573,29838,29848,10
13.0569295883,80.2115936279,29848,29858,10
13.0558996201,80.2115783691,29858,29868,10
13.0547304153,80.2115783691,29868,29878,10
13.0536003113,80.2117919922,29878,29888,10
13.0527296066,80.212020874,29888,29899,11
13.0520801544,80.2121887207,29899,29909,10
13.0515003204,80.2122421265,29909,29919,10
13.0510501862,80.2123413086,29919,29929,10
13.0507698059,80.2122573853,29929,29939,10
13.0502195358,80.2121734619,29939,29949,10
13.0498399734,80.2121887207,29949,29959,10
13.0498199463,80.2121887207,29959,29969,10
13.0496902466,80.2121505737,29969,29979,10
13.0493097305,80.2121505737,29979,29989,10
13.049030304,80.2121505737,29989,29999,10
13.0486602783,80.2121887207,29999,30010,11
13.0482997894,80.2121887207,30010,30020,10
13.0476503372,80.2122497559,30020,30030,10
13.0467996597,80.212310791,30030,30040,10
13.0457897186,80.212348938,30040,30050,10
13.0453996658,80.2124099731,30050,30060,10
13.0450401306,80.2124404907,30060,30070,10
13.0445699692,80.2124481201,30070,30080,10
13.0440301895,80.2124328613,30080,30090,10
13.0432300568,80.2124099731,30090,30100,10
13.042550087,80.2124023438,30100,30110,10
13.0418300629,80.2125396729,30110,30121,11
13.0406799316,80.2124710083,30121,30131,10
13.0397500992,80.2124328613,30131,30141,10
13.0388698578,80.2124710083,30141,30151,10
13.0382404327,80.2124099731,30151,30161,10
13.0375404358,80.212387085,30161,30171,10
13.0368900299,80.2123718262,30171,30181,10
13.0360803604,80.2123413086,30181,30191,10
13.0356397629,80.2123184204,30191,30201,10
13.0356197357,80.2123336792,30201,30211,10
13.0354099274,80.2123184204,30211,30221,10
13.0350999832,80.2123031616,30221,30252,31
13.0350999832,80.2123031616,30252,30262,10
13.0345802307,80.2121734619,30262,30282,20
13.0345802307,80.2121734619,30282,30292,10
13.0343198776,80.2121734619,30292,30302,10
13.034040451,80.2121276855,30302,30312,10
13.0340299606,80.2121276855,30312,30322,10
13.0337295532,80.2120819092,30322,30332,10
13.0333404541,80.2119827271,30332,30343,11
13.0326004028,80.2118988037,30343,30353,10
13.0319595337,80.2117004395,30353,30363,10
13.0319795609,80.2110824585,30363,30373,10
13.0320501328,80.2102813721,30373,30383,10
13.0320796967,80.2097167969,30383,30393,10
13.0316801071,80.2095336914,30393,30403,10
13.0304498672,80.2092437744,30403,30443,40
13.0304498672,80.2092437744,30443,30454,11
13.0302801132,80.2091903687,30454,30464,10
13.0298900604,80.209022522,30464,30474,10
13.0296201706,80.208946228,30474,30484,10
13.0295095444,80.208946228,30484,30494,10
13.0292301178,80.2089080811,30494,30504,10
13.0286302567,80.208732605,30504,30514,10
13.0277996063,80.2084197998,30514,30524,10
13.0269804001,80.2079162598,30524,30534,10
13.0260696411,80.2073974609,30534,30544,10
13.0251197815,80.2070999146,30544,30554,10
13.0245800018,80.20703125,30554,30565,11
13.0243196487,80.206993103,30565,30575,10
13.0241098404,80.2069473267,30575,30585,10
13.0235300064,80.206741333,30585,30595,10
13.0227603912,80.2066192627,30595,30605,10
13.0221099854,80.20652771,30605,30615,10
13.0214500427,80.2064590454,30615,30625,10
13.0206003189,80.2064590454,30625,30635,10
13.0196304321,80.2063903809,30635,30645,10
13.019080162,80.2063598633,30645,30655,10
13.0189304352,80.2062835693,30655,30665,10
13.0185003281,80.206161499,30665,30676,11
13.0181598663,80.2060623169,30676,30686,10
13.0179004669,80.2059631348,30686,30696,10
13.0178604126,80.2059326172,30696,30706,10
13.017660141,80.2058334351,30706,30716,10
13.0174198151,80.2057113647,30716,30726,10
13.0170497894,80.2056121826,30726,30736,10
13.016169548,80.2053070068,30736,30746,10
13.0152997971,80.2049865723,30746,30756,10
13.0143098831,80.2046279907,30756,30766,10
13.013710022,80.2044296265,30766,30777,11
13.0136003494,80.2046508789,30777,30787,10
13.0135402679,80.2048187256,30787,30797,10
13.013420105,80.2052536011,30797,30807,10
13.0132102966,80.2059631348,30807,30817,10
13.0130500793,80.2069091797,30817,30827,10
13.012960434,80.2077102661,30827,30837,10
13.0128898621,80.2084579468,30837,30847,10
13.0129003525,80.2088012695,30847,30857,10
13.013010025,80.2093963623,30857,30867,10
13.0132102966,80.2098922729,30867,30877,10
13.013130188,80.2106323242,30877,30888,11
13.0127601624,80.2115097046,30888,30898,10
13.0123996735,80.2121429443,30898,30908,10
13.0119800568,80.2127609253,30908,30918,10
13.0117998123,80.2128219604,30918,30928,10
13.0115203857,80.2126083374,30928,30938,10
13.0106401443,80.2119598389,30938,30958,20
13.0106401443,80.2119598389,30958,30968,10
13.0102701187,80.2116622925,30968,30988,20
13.0102701187,80.2116622925,30988,30999,11
13.0100297928,80.2114562988,30999,31009,10
13.0097999573,80.2113113403,31009,31079,70
13.009519577,80.2110977173,31079,31130,51
13.009519577,80.2110977173,31130,31140,10
13.0091400146,80.2114105225,31140,31150,10
13.0090398788,80.2116165161,31150,31160,10
13.0090999603,80.2119598389,31160,31170,10
13.009180069,80.2122192383,31170,31180,10
13.0092897415,80.2125778198,31180,31190,10
13.0094604492,80.2130508423,31190,31200,10
13.00963974,80.2135696411,31200,31209,9
13.0098896027,80.2141265869,31209,31221,12
13.010140419,80.2150115967,31221,31231,10
13.010310173,80.2158584595,31231,31241,10
13.0106697083,80.2166671753,31241,31251,10
13.0110397339,80.2174377441,31251,31261,10
13.0113401413,80.2183074951,31261,31271,10
13.0115804672,80.2190933228,31271,31281,10
13.0119104385,80.2200393677,31281,31291,10
13.0122098923,80.2210235596,31291,31301,10
13.0124502182,80.2216796875,31301,31311,10
13.012840271,80.2222213745,31311,31321,10
13.0134096146,80.2227935791,31321,31332,11
13.013999939,80.2234802246,31332,31342,10
13.0144500732,80.2240371704,31342,31352,10
13.0150604248,80.2247314453,31352,31362,10
13.015370369,80.225151062,31362,31372,10
13.015370369,80.2251586914,31372,31382,10
13.0154304504,80.2255172729,31382,31392,10
13.0151796341,80.2258834839,31392,31402,10
13.0146198273,80.2261581421,31402,31412,10
13.0139198303,80.2264099121,31412,31422,10
13.0131101608,80.2267074585,31422,31431,9
13.012260437,80.2270202637,31431,31443,12
13.0112800598,80.2273635864,31443,31453,10
13.0103597641,80.2277832031,31453,31463,10
13.0095996857,80.227897644,31463,31473,10
13.0096197128,80.2274017334,31473,31483,10
13.0099000931,80.2267990112,31483,31493,10
13.0101995468,80.22605896,31493,31503,10
13.0104904175,80.2253265381,31503,31513,10
13.0106697083,80.224937439,31513,31523,10
13.0108699799,80.2244720459,31523,31533,10
13.0111703873,80.2237167358,31533,31543,10
13.0112495422,80.223197937,31543,31554,11
13.0106697083,80.2229232788,31554,31564,10
13.0099601746,80.2224807739,31564,31574,10
13.0091695786,80.2220230103,31574,31584,10
13.0082998276,80.221496582,31584,31594,10
13.0072803497,80.2210235596,31594,31604,10
13.0064601898,80.2206420898,31604,31614,10
13.0054502487,80.220489502,31614,31624,10
13.0046701431,80.2202606201,31624,31634,10
13.0039701462,80.220161438,31634,31644,10
13.0032701492,80.2200698853,31644,31654,10
13.0024595261,80.2194824219,31654,31665,11
13.0018100739,80.2188034058,31665,31675,10
13.0012903214,80.2183685303,31675,31685,10
13.000749588,80.2180023193,31685,31695,10
13.000289917,80.2176589966,31695,31705,10
12.9996995926,80.217300415,31705,31715,10
12.9989795685,80.2169189453,31715,31725,10
12.9980897903,80.2165908813,31725,31735,10
12.997469902,80.2165298462,31735,31745,10
12.9974498749,80.2165298462,31745,31755,10
12.997209549,80.2165527344,31755,31766,11
12.9966602325,80.2166900635,31766,31776,10
12.9959602356,80.2168884277,31776,31786,10
12.9951496124,80.2171707153,31786,31796,10
12.9945201874,80.2175216675,31796,31806,10
12.9938402176,80.217956543,31806,31816,10
12.9931001663,80.2184829712,31816,31826,10
12.9923601151,80.219039917,31826,31836,10
12.9916496277,80.2195281982,31836,31846,10
12.9911203384,80.2194824219,31846,31856,10
12.9909095764,80.2193984985,31856,31866,10
12.9908103943,80.2193374634,31866,31877,11
12.9903202057,80.2192001343,31877,31887,10
12.9896097183,80.2189407349,31887,31897,10
12.9887104034,80.2186203003,31897,31907,10
12.9877500534,80.2183990479,31907,31917,10
12.9874000549,80.2183914185,31917,31927,10
12.9870100021,80.2183227539,31927,31937,10
12.9869499207,80.2182922363,31937,31947,10
12.9867296219,80.2182006836,31947,31957,10
12.9863395691,80.2181015015,31957,31967,10
12.9855604172,80.2179489136,31967,31977,10
12.9846401215,80.2179489136,31977,31988,11
12.9840698242,80.2180480957,31988,31998,10
12.9839696884,80.2179794312,31998,32008,10
12.9835500717,80.217956543,32008,32018,10
12.9828395844,80.2179794312,32018,32028,10
12.9820804596,80.2179718018,32028,32038,10
12.9811201096,80.2181625366,32038,32048,10
12.9801902771,80.218460083,32048,32058,10
12.9795303345,80.2187423706,32058,32068,10
12.9788303375,80.2190322876,32068,32078,10
12.9781503677,80.219291687,32078,32088,10
12.9773197174,80.2196807861,32088,32099,11
12.976269722,80.2201080322,32099,32109,10
12.9757404327,80.2204208374,32109,32149,40
12.9757404327,80.2204208374,32149,32159,10
12.9754800797,80.2207183838,32159,32189,30
12.9757900238,80.2209777832,32189,32411,222
12.9758996964,80.2209472656,32411,32684,273
12.9760303497,80.2211074829,32684,32795,111
12.9760303497,80.2211074829,32795,32805,10
12.9763498306,80.221282959,32805,32815,10
12.9766702652,80.2212905884,32815,32825,10
12.9771499634,80.2212905884,32825,32835,10
12.9775400162,80.2212600708,32835,32845,10
12.97797966,80.2212524414,32845,32855,10
12.9785900116,80.2211837769,32855,32866,11
12.9793100357,80.2211303711,32866,32876,10
12.9799900055,80.2210769653,32876,32886,10
12.9807395935,80.2210083008,32886,32896,10
12.9813899994,80.2211685181,32896,32906,10
12.9820203781,80.2215881348,32906,32926,20
12.9820203781,80.2215881348,32926,32936,10
12.9824895859,80.2217788696,32936,32946,10
12.9828796387,80.2219161987,32946,32965,19
12.9828796387,80.2219161987,32965,32976,11
12.98320961,80.2220993042,32976,32987,11
12.983590126,80.2223587036,32987,32997,10
12.9839296341,80.2225723267,32997,33007,10
12.9843196869,80.2228012085,33007,33017,10
12.9848203659,80.2230987549,33017,33027,10
12.9852800369,80.2232589722,33027,33037,10
12.9856395721,80.2230834961,33037,33047,10
12.9863100052,80.2229766846,33047,33057,10
12.986749649,80.2229766846,33057,33067,10
12.9869203568,80.2230072021,33067,33077,10
12.9872398376,80.2230529785,33077,33088,11
12.9878501892,80.2230072021,33088,33098,10
12.9884700775,80.2225418091,33098,33108,10
12.9890403748,80.2219390869,33108,33118,10
12.9896802902,80.2211380005,33118,33128,10
12.9904699326,80.2203903198,33128,33138,10
12.9911699295,80.2198181152,33138,33148,10
12.9916601181,80.2194824219,33148,33158,10
12.9921798706,80.219078064,33158,33168,10
12.9928998947,80.2185668945,33168,33178,10
12.9933099747,80.2182312012,33178,33188,10
12.9934597015,80.2181091309,33188,33199,11
12.9936599731,80.2179489136,33199,33239,40
12.9936599731,80.2179489136,33239,33249,10
12.9941196442,80.2176589966,33249,33279,30
12.9941196442,80.2176589966,33279,33289,10
12.9942903519,80.2175292969,33289,33299,10
12.9944696426,80.2174072266,33299,33310,11
12.9947595596,80.2171936035,33310,33330,20
12.9947595596,80.2171936035,33330,33340,10
12.995059967,80.217010498,33340,33350,10
12.9955196381,80.2167510986,33350,33360,10
12.9961595535,80.2165603638,33360,33390,30
12.9961595535,80.2165603638,33390,33400,10
12.9964704514,80.2165374756,33400,33410,10
12.9968500137,80.2164916992,33410,33421,11
12.9972600937,80.2164306641,33421,33431,10
12.9974603653,80.2161865234,33431,33441,10
12.9975004196,80.2161636353,33441,33451,10
12.9976797104,80.2160110474,33451,33461,10
12.9979696274,80.2157516479,33461,33471,10
12.9984302521,80.2153625488,33471,33481,10
12.9990100861,80.2148590088,33481,33491,10
12.9992799759,80.214630127,33491,33500,9
12.9996404648,80.2143325806,33500,33511,11
13.0000495911,80.2139587402,33511,33521,10
13.0004701614,80.2135620117,33521,33532,11
13.0011196136,80.2130432129,33532,33542,10
13.0016899109,80.2126235962,33542,33552,10
13.002289772,80.2122497559,33552,33562,10
13.0029497147,80.2120895386,33562,33572,10
13.0035400391,80.2120437622,33572,33582,10
13.0037202835,80.2117996216,33582,33592,10
13.0037403107,80.2114868164,33592,33602,10
13.0036897659,80.2111129761,33602,33612,10
13.0036296844,80.2106399536,33612,33622,10
13.0035600662,80.2100372314,33622,33632,10
13.003569603,80.2093505859,33632,33643,11
13.0038604736,80.208656311,33643,33653,10
13.0045900345,80.2089004517,33653,33663,10
13.0053100586,80.2092208862,33663,33673,10
13.0057697296,80.2093963623,33673,33683,10
13.0060796738,80.2094802856,33683,33693,10
13.0062503815,80.2095413208,33693,33703,10
13.0067300797,80.2096862793,33703,33713,10
13.0071201324,80.2097702026,33713,33723,10
13.0071296692,80.2097702026,33723,33733,10
13.0074996948,80.2098617554,33733,33754,21
13.0074996948,80.2098617554,33754,33764,10
13.0077495575,80.2099227905,33764,33774,10
13.0080699921,80.2099761963,33774,33784,10
13.008190155,80.2099075317,33784,33794,10
13.0081100464,80.2095031738,33794,33804,10
13.0079698563,80.2087631226,33804,33814,10
13.0078201294,80.2078094482,33814,33824,10
13.0076704025,80.2067184448,33824,33834,10
13.0074701309,80.2055892944,33834,33843,9
13.0075101852,80.2046585083,33843,33855,12
13.007399559,80.2035675049,33855,33865,10
13.0071601868,80.2026596069,33865,33875,10
13.0065603256,80.2028274536,33875,33885,10
13.0068302155,80.2033920288,33885,33895,10
13.0074996948,80.2036590576,33895,33905,10
13.0083904266,80.2037200928,33905,33915,10
13.0095396042,80.20362854,33915,33925,10
13.0108003616,80.2036209106,33925,33935,10
13.0119495392,80.2037734985,33935,33945,10
13.0129899979,80.2039794922,33945,33955,10
13.0136804581,80.2042007446,33955,33966,11
13.0144996643,80.2045211792,33966,33976,10
13.0154495239,80.2048492432,33976,33986,10
13.0161800385,80.2050704956,33986,33996,10
13.0163297653,80.2051315308,33996,34006,10
13.0165300369,80.2051010132,34006,34016,10
13.0168800354,80.205291748,34016,34046,30
13.0168800354,80.205291748,34046,34056,10
13.0177001953,80.205581665,34056,34066,10
13.0183095932,80.2058334351,34066,34077,11
13.0188503265,80.2060012817,34077,34087,10
13.0188903809,80.2060089111,34087,34097,10
13.0191602707,80.2061080933,34097,34107,10
13.0197601318,80.2062835693,34107,34117,10
13.0205602646,80.2062988281,34117,34127,10
13.0214796066,80.2063064575,34127,34137,10
13.0223798752,80.2063827515,34137,34147,10
13.0232601166,80.2065582275,34147,34157,10
13.0237798691,80.2066116333,34157,34167,10
13.0242204666,80.2066421509,34167,34177,10
13.0243597031,80.2066879272,34177,34188,11
13.0247097015,80.20677948,34188,34198,10
13.025349617,80.2069473267,34198,34208,10
13.0261898041,80.207359314,34208,34218,10
13.0270395279,80.207862854,34218,34228,10
13.0279903412,80.2084197998,34228,34238,10
13.0289497375,80.2086868286,34238,34248,10
13.0294504166,80.2088012695,34248,34258,10
13.0297603607,80.2088928223,34258,34268,10
13.0303001404,80.2090377808,34268,34278,10
13.0310297012,80.2092590332,34278,34288,10
13.0315198898,80.2093811035,34288,34299,11
13.031539917,80.2093887329,34299,34309,10
13.0318803787,80.2095184326,34309,34319,10
13.0325202942,80.2096405029,34319,34329,10
13.0333204269,80.209777832,34329,34339,10
13.0341396332,80.2099761963,34339,34349,10
13.0349502563,80.2101593018,34349,34359,10
13.0350103378,80.2105865479,34359,34369,10
13.0349998474,80.2112884521,34369,34389,20
13.0349998474,80.2112884521,34389,34399,10
13.0349597931,80.2118988037,34399,34440,41
13.0349597931,80.2118988037,34440,34450,10
13.0351295471,80.2121887207,34450,34460,10
13.0355501175,80.2122421265,34460,34470,10
13.0361795425,80.2122497559,34470,34480,10
13.0367698669,80.2122802734,34480,34510,30
13.0367698669,80.2122802734,34510,34521,11
13.0370597839,80.2122192383,34521,34531,10
13.0373601913,80.2122268677,34531,34541,10
13.0379199982,80.2122573853,34541,34551,10
13.0387201309,80.2122573853,34551,34561,10
13.0396099091,80.212272644,34561,34571,10
13.0406503677,80.2123031616,34571,34581,10
13.0417995453,80.2123031616,34581,34590,9
13.0428104401,80.2122497559,34590,34601,11
13.0434503555,80.2122421265,34601,34611,10
13.0439195633,80.2122497559,34611,34621,10
13.0443201065,80.2122116089,34621,34632,11
13.0449800491,80.2122116089,34632,34642,10
13.0457601547,80.2121963501,34642,34652,10
13.0464696884,80.2121734619,34652,34662,10
13.0471897125,80.2121429443,34662,34672,10
13.0477695465,80.2120819092,34672,34682,10
13.0483999252,80.212020874,34682,34702,20
13.0483999252,80.212020874,34702,34712,10
13.0485801697,80.2120666504,34712,34722,10
13.049079895,80.2120132446,34722,34732,10
13.0493803024,80.2119827271,34732,34743,11
13.0495796204,80.2119598389,34743,34753,10
13.0497703552,80.2119522095,34753,34763,10
13.0500202179,80.2119293213,34763,34773,10
13.0503196716,80.2119522095,34773,34783,10
13.0507497787,80.2119979858,34783,34793,10
13.0512399673,80.2120132446,34793,34803,10
13.0520296097,80.2119369507,34803,34813,10
13.0528202057,80.2118225098,34813,34823,10
13.0537204742,80.2116394043,34823,34833,10
13.0544996262,80.2114181519,34833,34864,31
13.0544996262,80.2114181519,34864,34874,10
13.0549898148,80.2114028931,34874,34884,10
13.0556297302,80.2114334106,34884,34894,10
13.0564603806,80.2114105225,34894,34904,10
13.0574197769,80.2114334106,34904,34914,10
13.0577201843,80.2114334106,34914,34924,10
13.0579004288,80.2114181519,34924,34934,10
13.058429718,80.21144104,34934,34944,10
13.0591897964,80.2114715576,34944,34954,10
13.0600404739,80.2115020752,34954,34965,11
13.0612401962,80.2115631104,34965,34975,10
13.0622301102,80.211730957,34975,34985,10
13.0630903244,80.2115783691,34985,34995,10
13.0632600784,80.2115631104,34995,35005,10
13.0636396408,80.2115097046,35005,35066,61
13.0636396408,80.2115097046,35066,35076,10
13.0637397766,80.211479187,35076,35086,10
13.0641403198,80.2114486694,35086,35096,10
13.0647802353,80.2112197876,35096,35106,10
13.0654401779,80.2107162476,35106,35116,10
13.0660495758,80.2101974487,35116,35126,10
13.0666904449,80.2095718384,35126,35136,10
13.0673704147,80.2086791992,35136,35146,10
13.0679798126,80.2077713013,35146,35156,10
13.0686101913,80.20677948,35156,35166,10
13.0691900253,80.205871582,35166,35176,10
13.0694799423,80.2052993774,35176,35187,11
13.0696401596,80.2049179077,35187,35197,10
13.0693101883,80.2049331665,35197,35207,10
13.0690097809,80.2053604126,35207,35217,10
13.0687103271,80.2049026489,35217,35257,40
13.0687103271,80.2049026489,35257,35267,10
13.0687799454,80.204826355,35267,35278,11
13.0690803528,80.2047119141,35278,35288,10
13.069560051,80.204750061,35288,35328,40
13.069560051,80.204750061,35328,35338,10
13.0697202682,80.204788208,35338,35348,10
13.0700302124,80.2046585083,35348,35358,10
13.070400238,80.2041625977,35358,35368,10
13.070980072,80.2034835815,35368,35378,10
13.0716295242,80.2026824951,35378,35389,11
13.0718898773,80.2023468018,35389,35399,10
13.0720901489,80.2021179199,35399,35409,10
13.0723495483,80.2018737793,35409,35419,10
13.0726699829,80.2014770508,35419,35429,10
13.0729799271,80.2011032104,35429,35449,20
13.0729799271,80.2011032104,35449,35459,10
13.0731296539,80.2009506226,35459,35469,10
13.073340416,80.2007598877,35469,35479,10
13.0736103058,80.2004013062,35479,35489,10
13.0739297867,80.1999893188,35489,35499,10
13.0741996765,80.1996612549,35499,35510,11
13.0744304657,80.1994476318,35510,35520,10
13.0744800568,80.1994018555,35520,35530,10
13.0747203827,80.1992263794,35530,35540,10
13.0752801895,80.1990585327,35540,35550,10
13.0760202408,80.1990127563,35550,35560,10
13.0768899918,80.1989898682,35560,35570,10
13.0776395798,80.1989135742,35570,35580,10
13.0785198212,80.1987915039,35580,35590,10
13.0792398453,80.1986999512,35590,35600,10
13.0799198151,80.1986618042,35600,35610,10
13.0805902481,80.1985931396,35610,35621,11
13.081199646,80.1985702515,35621,35631,10
13.0817298889,80.1985473633,35631,35641,10
13.0823297501,80.1984481812,35641,35681,40
13.0826997757,80.1984405518,35681,35701,20
13.0826997757,80.1984405518,35701,35710,9
13.0829601288,80.1984786987,35710,35721,11
13.0833702087,80.1984634399,35721,35732,11
13.0835504532,80.1984786987,35732,35742,10
13.083729744,80.1984786987,35742,35752,10
13.0839700699,80.1984634399,35752,35762,10
13.0842695236,80.1984405518,35762,35772,10
13.0845499039,80.1984634399,35772,35782,10
13.0849304199,80.1984481812,35782,35792,10
13.0851602554,80.1984405518,35792,35802,10
13.0853996277,80.1984405518,35802,35812,10
13.0857400894,80.1984481812,35812,35822,10
13.0863599777,80.1984481812,35822,35833,11
13.0869197845,80.1984481812,35833,35843,10
13.0870895386,80.1982574463,35843,35853,10
13.0871496201,80.1979217529,35853,35863,10
13.0871801376,80.1978988647,35863,35873,10
13.0872402191,80.1976623535,35873,35883,10
13.0872297287,80.1970367432,35883,35893,10
13.0872402191,80.1961975098,35893,35903,10
13.0872497559,80.1954116821,35903,35913,10
13.0872602463,80.1945571899,35913,35923,10
13.087269783,80.1935272217,35923,35933,10
13.0872898102,80.1927719116,35933,35943,10
13.0873603821,80.1922912598,35943,35954,11
13.0874595642,80.1915130615,35954,35964,10
13.0875902176,80.1905975342,35964,35974,10
13.087679863,80.189781189,35974,35984,10
13.0876998901,80.1894073486,35984,35994,10
13.0876998901,80.189239502,35994,36004,10
13.0877399445,80.1891479492,36004,36014,10
13.087770462,80.1886825562,36014,36024,10
13.0878095627,80.1880493164,36024,36034,10
13.0878095627,80.1874008179,36034,36044,10
13.0878295898,80.1866073608,36044,36054,10
13.0878696442,80.1858978271,36054,36065,11
13.0879001617,80.1856536865,36065,36075,10
13.0879297256,80.1854171753,36075,36085,10
13.0879497528,80.1848068237,36085,36095,10
13.0879602432,80.1839904785,36095,36105,10
13.0879802704,80.1831512451,36105,36115,10
13.0880098343,80.182472229,36115,36125,10
13.0880403519,80.1820831299,36125,36134,9
13.0880804062,80.1815185547,36134,36145,11
13.0880403519,80.1806335449,36145,36155,10
13.088060379,80.1797637939,36155,36216,61
13.088060379,80.1797637939,36216,36226,10
13.0881595612,80.1795196533,36226,36236,10
13.0881795883,80.1792678833,36236,36246,10
13.088139534,80.178817749,36246,36256,10
13.088139534,80.1787185669,36256,36266,10
13.0881700516,80.1784133911,36266,36276,10
13.0881500244,80.1777801514,36276,36287,11
13.0881299973,80.1771774292,36287,36297,10
13.0881996155,80.176612854,36297,36307,10
13.088259697,80.1757888794,36307,36317,10
13.0883302689,80.1748504639,36317,36327,10
13.0884103775,80.1740493774,36327,36337,10
13.088470459,80.1731109619,36337,36347,10
13.0885095596,80.1722335815,36347,36357,10
13.08852005,80.1719207764,36357,36367,10
13.0885400772,80.1717834473,36367,36377,10
13.0885896683,80.1713027954,36377,36388,11
13.0886201859,80.1704711914,36388,36398,10
13.0886497498,80.1701889038,36398,36408,10
13.0886697769,80.1699981689,36408,36418,10
13.0888004303,80.1695327759,36418,36428,10
13.0893497467,80.1695632935,36428,36438,10
13.0901603699,80.1696090698,36438,36448,10
13.0910396576,80.1696624756,36448,36458,10
13.0918998718,80.169708252,36458,36468,10
13.0927600861,80.1697692871,36468,36478,10
13.0937404633,80.1698074341,36478,36488,10
13.0946598053,80.1698226929,36488,36499,11
13.0949802399,80.1698379517,36499,36509,10
13.0952997208,80.169883728,36509,36519,10
13.0959796906,80.1699295044,36519,36529,10
13.0968704224,80.1699676514,36529,36539,10
13.0978899002,80.1700134277,36539,36549,10
13.0988397598,80.1700668335,36549,36559,10
13.0994796753,80.1700668335,36559,36579,20
13.0994796753,80.1700668335,36579,36588,9
13.0995798111,80.1700668335,36588,36599,11
13.0997104645,80.169883728,36599,36610,11
13.0995597839,80.1696624756,36610,36620,10
13.0993995667,80.1699066162,36620,36821,201
13.0993499756,80.1702804565,36821,37033,212
13.0993499756,80.1702804565,37033,37043,10
13.0992097855,80.1701965332,37043,37054,11
13.0986995697,80.1701583862,37054,37064,10
13.0979995728,80.1701278687,37064,37074,10
13.0971899033,80.1700134277,37074,37084,10
13.0962896347,80.1700210571,37084,37094,10
13.0953798294,80.1698684692,37094,37104,10
13.0949401855,80.1698379517,37104,37114,10
13.094619751,80.1698608398,37114,37124,10
13.0941896439,80.1697769165,37124,37134,10
13.0935096741,80.1697235107,37134,37144,10
13.0925798416,80.1697387695,37144,37154,10
13.0917301178,80.1697006226,37154,37165,11
13.0912303925,80.169670105,37165,37175,10
13.0905399323,80.169670105,37175,37185,10
13.0896501541,80.1695785522,37185,37195,10
13.0889501572,80.1695632935,37195,37225,30
13.0889501572,80.1695632935,37225,37235,10
13.0887098312,80.1697235107,37235,37245,10
13.0886802673,80.1700286865,37245,37255,10
13.0886497498,80.1706924438,37255,37266,11
13.0886201859,80.1716308594,37266,37276,10
13.0886096954,80.1718978882,37276,37286,10
13.0885696411,80.172088623,37286,37296,10
13.08852005,80.1725006104,37296,37306,10
13.0884799957,80.1731796265,37306,37316,10
13.0884304047,80.1739807129,37316,37326,10
13.0884103775,80.1746292114,37326,37336,10
13.0883798599,80.1750869751,37336,37345,9
13.0883398056,80.1756896973,37345,37356,11
13.0882902145,80.1765823364,37356,37366,10
13.0882396698,80.1770935059,37366,37376,10
13.0882396698,80.1775131226,37376,37387,11
13.0882501602,80.1784591675,37387,37417,30
13.0882501602,80.1784591675,37417,37427,10
13.0881996155,80.1787567139,37427,37437,10
13.0882396698,80.1791381836,37437,37447,10
13.0882396698,80.1793289185,37447,37457,10
13.0882301331,80.1796722412,37457,37467,10
13.0881795883,80.1802215576,37467,37477,10
13.0881700516,80.1809234619,37477,37487,10
13.0881595612,80.1812362671,37487,37498,11
13.0881500244,80.1814804077,37498,37508,10
13.0881500244,80.1814880371,37508,37518,10
13.0881204605,80.1817474365,37518,37528,10
13.0881099701,80.181968689,37528,37538,10
13.0881099701,80.1821975708,37538,37548,10
13.0880899429,80.1824035645,37548,37558,10
13.0880899429,80.1828689575,37558,37568,10
13.0880498886,80.1837005615,37568,37578,10
13.0880203247,80.1846694946,37578,37588,10
13.0879802704,80.1852874756,37588,37599,11
13.0879497528,80.1859970093,37599,37609,10
13.0879297256,80.1867294312,37609,37619,10
13.0879001617,80.1876068115,37619,37629,10
13.0878696442,80.188583374,37629,37639,10
13.0878095627,80.1894607544,37639,37649,10
13.087770462,80.1899108887,37649,37659,10
13.087770462,80.1899185181,37659,37669,10
13.087770462,80.1900482178,37669,37679,10
13.0876998901,80.1904678345,37679,37689,10
13.0875597,80.1912384033,37689,37699,10
13.0873804092,80.1925201416,37699,37730,31
13.0873804092,80.1925201416,37730,37739,9
13.0873298645,80.1926269531,37739,37750,11
13.0873098373,80.1931915283,37750,37760,10
13.0873003006,80.1940002441,37760,37770,10
13.0872898102,80.1948928833,37770,37780,10
13.087269783,80.1955184937,37780,37790,10
13.0872402191,80.1963424683,37790,37800,10
13.0872497559,80.1972808838,37800,37810,10
13.0872602463,80.1977233887,37810,37820,10
13.0872402191,80.1978378296,37820,37831,11
13.0873003006,80.1982727051,37831,37841,10
13.0874795914,80.1984634399,37841,37851,10
13.087849617,80.1984786987,37851,37861,10
13.0884199142,80.1984100342,37861,37871,10
13.0889797211,80.1984176636,37871,37881,10
13.0896196365,80.1984405518,37881,37891,10
13.0904102325,80.1985015869,37891,37901,10
13.091170311,80.1985626221,37901,37911,10
13.0917596817,80.1986083984,37911,37921,10
13.0925798416,80.1986236572,37921,37932,11
13.093000412,80.1987533569,37932,37942,10
13.0929603577,80.1991882324,37942,37952,10
13.0929498672,80.2002563477,37952,37992,40
13.0929498672,80.2002563477,37992,38002,10
13.0928201675,80.200592041,38002,38011,9
13.0925703049,80.2005767822,38011,38022,11
13.0919303894,80.2005462646,38022,38033,11
13.0913095474,80.2005462646,38033,38042,9
13.0910196304,80.2005310059,38042,38053,11
13.0904798508,80.2005081177,38053,38063,10
13.089799881,80.2004928589,38063,38073,10
13.08893013,80.2004394531,38073,38083,10
13.08796978,80.2004165649,38083,38093,10
13.0872097015,80.2004089355,38093,38103,10
13.0865697861,80.200378418,38103,38113,10
13.085849762,80.2003326416,38113,38123,10
13.0854997635,80.2003326416,38123,38133,10
13.0852899551,80.2002716064,38133,38143,10
13.0852899551,80.1999969482,38143,38154,11
13.0853204727,80.1993331909,38154,38164,10
13.0852403641,80.1987380981,38164,38174,10
13.0850000381,80.1986999512,38174,38184,10
13.0845298767,80.1986694336,38184,38194,10
13.0842599869,80.1986312866,38194,38204,10
13.08411026,80.198600769,38204,38214,10
13.0833396912,80.1986236572,38214,38244,30
13.0833396912,80.1986236572,38244,38254,10
13.0831203461,80.1986694336,38254,38265,11
13.0826396942,80.1986465454,38265,38275,10
13.0821399689,80.1986618042,38275,38285,10
13.081700325,80.1986618042,38285,38295,10
13.0811195374,80.198638916,38295,38305,10
13.0803699493,80.1986999512,38305,38315,10
13.0794801712,80.1987609863,38315,38325,10
13.0786104202,80.1988601685,38325,38335,10
13.0777902603,80.1989593506,38335,38345,10
13.0769195557,80.1990737915,38345,38355,10
13.0761995316,80.1991577148,38355,38365,10
13.0755195618,80.1992492676,38365,38376,11
13.0747203827,80.1995162964,38376,38386,10
13.073679924,80.2005004883,38386,38406,20
13.073679924,80.2005004883,38406,38416,10
13.0735197067,80.2006988525,38416,38426,10
13.0731401443,80.2011566162,38426,38436,10
13.0726604462,80.201713562,38436,38446,10
13.072520256,80.2018737793,38446,38456,10
13.0724496841,80.2019500732,38456,38466,10
13.0721502304,80.2022476196,38466,38476,10
13.0716600418,80.2027816772,38476,38487,11
13.0710296631,80.2035293579,38487,38497,10
13.0703496933,80.2043685913,38497,38507,10
13.0699396133,80.2049102783,38507,38517,10
13.0696401596,80.2048797607,38517,38527,10
13.0692195892,80.2049636841,38527,38537,10
13.0688295364,80.2053833008,38537,38547,10
13.0679702759,80.2053527832,38547,38587,40
13.0679702759,80.2053527832,38587,38598,11
13.067990303,80.2051010132,38598,38608,10
13.0683403015,80.2049331665,38608,38618,10
13.0687599182,80.204750061,38618,38628,10
13.069319725,80.2047195435,38628,38638,10
13.0696601868,80.204788208,38638,38678,40
13.0696601868,80.204788208,38678,38688,10
13.0696802139,80.2049026489,38688,38697,9
13.0698404312,80.2051467896,38697,38709,12
13.0694704056,80.2057266235,38709,38719,10
13.0690202713,80.2064437866,38719,38729,10
13.0684900284,80.20728302,38729,38739,10
13.0678901672,80.2082214355,38739,38749,10
13.0672998428,80.2091217041,38749,38759,10
13.0666303635,80.2099761963,38759,38769,10
13.065779686,80.2107009888,38769,38779,10
13.0652399063,80.2111587524,38779,38789,10
13.0650901794,80.2112197876,38789,38799,10
13.0647001266,80.2114181519,38799,38809,10
13.064160347,80.2116394043,38809,38820,11
13.0640897751,80.2116699219,38820,38830,10
13.0637598038,80.2116775513,38830,38840,10
13.063249588,80.2117080688,38840,38850,10
13.0625696182,80.2117462158,38850,38860,10
13.0619001389,80.2117385864,38860,38870,10
13.0610103607,80.2117004395,38870,38880,10
13.0600299835,80.2116622925,38880,38890,10
13.0589704514,80.2116012573,38890,38900,10
13.0581903458,80.2115936279,38900,38910,10
13.0577697754,80.2116012573,38910,38921,11
13.05768013,80.2116012573,38921,38931,10
13.0574903488,80.2116088867,38931,38941,10
13.0569601059,80.2115936279,38941,38951,10
13.0562000275,80.2115631104,38951,38961,10
13.055270195,80.2115325928,38961,38971,10
13.0542898178,80.2115631104,38971,38981,10
13.0533504486,80.2117996216,38981,38991,10
13.0526800156,80.2119979858,38991,39001,10
13.0522298813,80.2121200562,39001,39011,10
13.0519399643,80.2121887207,39011,39021,10
13.0514602661,80.2121963501,39021,39031,10
13.0512104034,80.2122192383,39031,39041,10
13.0503196716,80.2121582031,39041,39072,31
13.050069809,80.2121582031,39072,39092,20
13.050069809,80.2121582031,39092,39102,10
13.0498895645,80.2121276855,39102,39112,10
13.0496196747,80.2121505737,39112,39122,10
13.0495996475,80.2121505737,39122,39132,10
13.0493202209,80.2121505737,39132,39142,10
13.0488796234,80.2121582031,39142,39153,11
13.0483598709,80.2121963501,39153,39163,10
13.0478000641,80.2122802734,39163,39173,10
13.0469999313,80.2123336792,39173,39183,10
13.0459804535,80.2123565674,39183,39193,10
13.0452699661,80.2124099731,39193,39203,10
13.0450201035,80.2124099731,39203,39213,10
13.0446395874,80.2124176025,39213,39223,10
13.0441198349,80.212387085,39223,39233,10
13.0436096191,80.212387085,39233,39243,10
13.0429801941,80.2123794556,39243,39254,11
13.0420503616,80.2123794556,39254,39264,10
13.0410404205,80.2124481201,39264,39274,10
13.0398302078,80.2124023438,39274,39284,10
13.0386199951,80.2124023438,39284,39294,10
13.0378503799,80.2124099731,39294,39304,10
13.037229538,80.2124099731,39304,39314,10
13.0366601944,80.2123794556,39314,39324,10
13.035949707,80.2123718262,39324,39334,10
13.0353403091,80.2123565674,39334,39344,10
13.0349197388,80.2123031616,39344,39364,20
13.0349197388,80.2123031616,39364,39375,11
13.0347995758,80.2122573853,39375,39385,10
13.0341300964,80.2121429443,39385,39405,20
13.0341300964,80.2121429443,39405,39415,10
13.033949852,80.2120819092,39415,39425,10
13.0335798264,80.212020874,39425,39435,10
13.0329704285,80.2119216919,39435,39445,10
13.0323200226,80.211769104,39445,39455,10
13.0319499969,80.2115020752,39455,39465,10
13.0320196152,80.2109298706,39465,39475,10
13.0320901871,80.2101821899,39475,39486,11
13.0318803787,80.2096328735,39486,39496,10
13.0311698914,80.2094192505,39496,39506,10
13.0306797028,80.2092971802,39506,39516,10
13.030670166,80.2092971802,39516,39526,10
13.0304203033,80.2092208862,39526,39536,10
13.0299701691,80.2090911865,39536,39546,10
13.0296297073,80.2089920044,39546,39556,10
13.0295600891,80.2089691162,39556,39566,10
13.029299736,80.2088699341,39566,39576,10
13.0285902023,80.2087097168,39576,39587,11
13.0276603699,80.2083816528,39587,39597,10
13.0268297195,80.2078933716,39597,39607,10
13.0260400772,80.2074127197,39607,39617,10
13.0251598358,80.2070617676,39617,39627,10
13.0243196487,80.2069168091,39627,39637,10
13.0241498947,80.2069015503,39637,39647,10
13.0237903595,80.2067871094,39647,39657,10
13.0231103897,80.2066497803,39657,39667,10
13.0227804184,80.2065963745,39667,39677,10
13.022480011,80.20652771,39677,39687,10
13.0222101212,80.206489563,39687,39698,11
13.0217895508,80.2064590454,39698,39708,10
13.0211601257,80.2064819336,39708,39718,10
13.0202198029,80.2064590454,39718,39728,10
13.0193300247,80.2064208984,39728,39738,10
13.0192098618,80.2063827515,39738,39748,10
13.0191001892,80.2062683105,39748,39758,10
13.0186004639,80.2061233521,39758,39768,10
13.0179195404,80.2059173584,39768,39778,10
13.0175800323,80.2058029175,39778,39788,10
13.0171403885,80.2055892944,39788,39797,9
13.0165596008,80.2053222656,39797,39808,11
13.0157003403,80.205078125,39808,39819,11
13.0147600174,80.2047119141,39819,39829,10
13.0142202377,80.2045898438,39829,39839,10
13.0136899948,80.2044067383,39839,39849,10
13.0135602951,80.2045669556,39849,39859,10
13.0134496689,80.2049713135,39859,39869,10
13.0132598877,80.2055892944,39869,39879,10
13.0130796432,80.2064437866,39879,39889,10
13.0129804611,80.2073287964,39889,39899,10
13.0129203796,80.2080764771,39899,39909,10
13.0128803253,80.2086181641,39909,39919,10
13.013010025,80.2090835571,39919,39930,11
13.0131902695,80.2097015381,39930,39940,10
13.0131397247,80.2104034424,39940,39950,10
13.0129003525,80.2111663818,39950,39960,10
13.0126104355,80.2117614746,39960,39970,10
13.0122804642,80.2123336792,39970,39980,10
13.0120601654,80.2126235962,39980,39990,10
13.0118503571,80.2127380371,39990,40000,10
13.0115299225,80.212600708,40000,40010,10
13.0110301971,80.2122497559,40010,40020,10
13.0107603073,80.2120132446,40020,40031,11
13.0102500916,80.2116394043,40031,40041,10
13.0095901489,80.2111434937,40041,40212,171
13.0095901489,80.2111434937,40212,40222,10
13.0092697144,80.2111663818,40222,40232,10
13.0091104507,80.2113876343,40232,40241,9
13.0090398788,80.2117233276,40241,40253,12
13.0092401505,80.2125091553,40253,40263,10
13.0095396042,80.2133026123,40263,40273,10
13.0099000931,80.2141036987,40273,40283,10
13.0101604462,80.2149810791,40283,40293,10
13.0103902817,80.2160186768,40293,40303,10
13.0108804703,80.2170562744,40303,40313,10
13.0113296509,80.2180404663,40313,40323,10
13.0117502213,80.2191390991,40323,40333,10
13.0120897293,80.2202529907,40333,40343,10
13.0122995377,80.2210464478,40343,40353,10
13.0123901367,80.2213821411,40353,40364,11
13.012720108,80.2218780518,40364,40374,10
13.0133104324,80.222442627,40374,40384,10
13.0138902664,80.2231674194,40384,40394,10
13.0142202377,80.2235870361,40394,40404,10
13.014960289,80.2246170044,40404,40424,20
13.014960289,80.2246170044,40424,40434,10
13.0153598785,80.2251434326,40434,40444,10
13.015370369,80.2255401611,40444,40454,10
13.0151996613,80.2257995605,40454,40465,11
13.0149497986,80.2259292603,40465,40475,10
13.0143604279,80.2261505127,40475,40485,10
13.0135698318,80.2264404297,40485,40495,10
13.0129499435,80.2266616821,40495,40505,10
13.0124597549,80.2268676758,40505,40515,10
13.0117502213,80.227180481,40515,40525,10
13.0108995438,80.2275314331,40525,40535,10
13.0102596283,80.2277908325,40535,40545,10
13.0099897385,80.2279129028,40545,40555,10
13.00963974,80.2279510498,40555,40565,10
13.0094900131,80.2278213501,40565,40575,10
13.009519577,80.2275619507,40575,40586,11
13.0097503662,80.2270736694,40586,40596,10
13.0100803375,80.2263793945,40596,40606,10
13.0103797913,80.2257080078,40606,40616,10
13.0104799271,80.2254867554,40616,40626,10
13.01060009,80.2251663208,40626,40636,10
13.0106296539,80.2250900269,40636,40646,10
13.0106601715,80.2249298096,40646,40656,10
13.0107603073,80.2247009277,40656,40666,10
13.0109395981,80.2242507935,40666,40676,10
13.0111598969,80.2236785889,40676,40686,10
13.0112800598,80.2233581543,40686,40697,11
13.0111999512,80.2231826782,40697,40707,10
13.010840416,80.2229919434,40707,40717,10
13.010310173,80.2227172852,40717,40727,10
13.0096702576,80.2223815918,40727,40737,10
13.0092201233,80.2221374512,40737,40747,10
13.0087900162,80.2218933105,40747,40757,10
13.0082101822,80.221572876,40757,40767,10
13.0074396133,80.2211685181,40767,40777,10
13.0067100525,80.2207794189,40777,40787,10
13.0058002472,80.2205505371,40787,40797,10
13.0051202774,80.2203903198,40797,40808,11
13.0043802261,80.2202072144,40808,40818,10
13.0035600662,80.2200164795,40818,40828,10
13.002820015,80.2197799683,40828,40838,10
13.0021495819,80.2192077637,40838,40848,10
13.0016298294,80.2186813354,40848,40858,10
13.0011396408,80.2183227539,40858,40868,10
13.0006599426,80.2180023193,40868,40878,10
13.0000200272,80.2175979614,40878,40888,10
12.999329567,80.2171707153,40888,40898,10
12.9986896515,80.2168426514,40898,40908,10
12.9979600906,80.216583252,40908,40919,11
12.9974603653,80.2165374756,40919,40929,10
12.9973201752,80.2165527344,40929,40939,10
12.9968595505,80.2165679932,40939,40949,10
12.9961996078,80.2166366577,40949,40959,10
12.9952898026,80.2169189453,40959,40969,10
12.994600296,80.2173919678,40969,40979,10
12.9939603806,80.2178573608,40979,40989,10
12.9932203293,80.2183914185,40989,40999,10
12.9924201965,80.2189788818,40999,41009,10
12.9917697906,80.2194366455,41009,41019,10
12.9916601181,80.2194900513,41019,41030,11
12.9914102554,80.2195510864,41030,41040,10
12.9908304214,80.2193222046,41040,41050,10
12.9899101257,80.219039917,41050,41060,10
12.988820076,80.2186508179,41060,41070,10
12.9877700806,80.218421936,41070,41080,10
12.9870500565,80.2182922363,41080,41090,10
12.9869003296,80.21824646,41090,41100,10
12.9864301682,80.2181167603,41100,41110,10
12.9855499268,80.2179718018,41110,41120,10
12.98458004,80.2179794312,41120,41129,9
12.984459877,80.2179794312,41129,41141,12
12.9837999344,80.2179489136,41141,41151,10
12.9829101563,80.2179412842,41151,41161,10
12.9818096161,80.2180023193,41161,41171,10
12.9805698395,80.2183303833,41171,41181,10
12.9797201157,80.2186813354,41181,41191,10
12.9790296555,80.2189483643,41191,41201,10
12.97838974,80.2191772461,41201,41211,10
12.9775695801,80.2195281982,41211,41221,10
12.9765796661,80.2199707031,41221,41231,10
12.9757604599,80.2203292847,41231,41241,10
12.9755401611,80.2206878662,41241,41262,21
12.9758396149,80.2209320068,41262,41332,70
12.9760799408,80.2211532593,41332,41928,596
12.9760799408,80.2211532593,41928,41938,10
12.9764699936,80.2212600708,41938,41948,10
12.9768695831,80.2212600708,41948,41958,10
12.9774503708,80.2212600708,41958,41968,10
12.97797966,80.2211990356,41968,41978,10
12.9785499573,80.2211608887,41978,41988,10
12.9792203903,80.2211227417,41988,41998,10
12.9798402786,80.2210998535,41998,42007,9
12.9804296494,80.221031189,42007,42018,11
12.9811897278,80.2210617065,42018,42029,11
12.9817304611,80.2213363647,42029,42049,20
12.9817304611,80.2213363647,42049,42059,10
12.9820604324,80.2215423584,42059,42069,10
12.9823303223,80.2216415405,42069,42079,10
12.982629776,80.2217102051,42079,42089,10
12.9829101563,80.2218475342,42089,42119,30
12.9832801819,80.2220916748,42119,42139,20
12.9832801819,80.2220916748,42139,42150,11
12.9835996628,80.2223129272,42150,42160,10
12.9839296341,80.2224884033,42160,42170,10
12.9843997955,80.2227020264,42170,42180,10
12.9849500656,80.2228927612,42180,42190,10
12.9853696823,80.2229309082,42190,42200,10
12.9858798981,80.2228164673,42200,42210,10
12.986410141,80.2228393555,42210,42219,9
12.9864196777,80.2228469849,42219,42230,11
12.9867801666,80.22290802,42230,42240,10
12.9871101379,80.2229919434,42240,42251,11
12.9876499176,80.2230072021,42251,42261,10
12.9881801605,80.2227401733,42261,42271,10
12.9885702133,80.2224121094,42271,42281,10
12.9888696671,80.2220916748,42281,42291,10
12.989159584,80.2217178345,42291,42301,10
12.9895401001,80.2212295532,42301,42311,10
12.9900598526,80.2206420898,42311,42321,10
12.9905099869,80.2203216553,42321,42331,10
12.9908304214,80.2200698853,42331,42341,10
12.9912395477,80.2197418213,42341,42352,11
12.9916696548,80.2194900513,42352,42362,10
12.9919500351,80.2192764282,42362,42372,10
12.9924001694,80.2189025879,42372,42382,10
12.9928998947,80.2185287476,42382,42392,10
12.9934501648,80.2181167603,42392,42402,10
12.9939203262,80.2177963257,42402,42412,10
12.9942903519,80.2175598145,42412,42422,10
12.9946498871,80.2172698975,42422,42432,10
12.995059967,80.2169876099,42432,42442,10
12.9956302643,80.2167205811,42442,42452,10
12.9963703156,80.2165374756,42452,42462,10
12.9968395233,80.2164764404,42462,42472,10
12.9970798492,80.2164535522,42472,42483,11
12.9973897934,80.2161712646,42483,42493,10
12.9975500107,80.2160415649,42493,42503,10
12.9978504181,80.2157516479,42503,42513,10
12.9983100891,80.2153015137,42513,42523,10
12.9988603592,80.2148666382,42523,42533,10
12.9991502762,80.2146530151,42533,42543,10
12.9995603561,80.2142791748,42543,42553,10
13.0,80.2139282227,42553,42563,10
13.0005197525,80.2134628296,42563,42573,10
13.0008296967,80.2131729126,42573,42583,10
13.0012397766,80.2128067017,42583,42594,11
13.0018701553,80.2123718262,42594,42604,10
13.0024003983,80.2121124268,42604,42614,10
13.003080368,80.2120285034,42614,42624,10
13.0036201477,80.2118988037,42624,42634,10
13.0036802292,80.2114868164,42634,42644,10
13.003660202,80.2108383179,42644,42654,10
13.0035896301,80.2102203369,42654,42664,10
13.0035495758,80.2095565796,42664,42674,10
13.0037002563,80.2088470459,42674,42683,9
13.0042200089,80.2087173462,42683,42695,12
13.0050201416,80.2090835571,42695,42705,10
13.0053596497,80.2092514038,42705,42715,10
13.0055704117,80.2093276978,42715,42725,10
13.0055904388,80.2093429565,42725,42735,10
13.0059204102,80.2094497681,42735,42745,10
13.0062398911,80.2095718384,42745,42755,10
13.0067901611,80.2097167969,42755,42765,10
13.0072603226,80.2097625732,42765,42775,10
13.0072698593,80.209777832,42775,42785,10
13.0075502396,80.2098617554,42785,42795,10
13.0080003738,80.2099609375,42795,42805,10
13.0081796646,80.209777832,42805,42816,11
13.0080795288,80.2092437744,42816,42826,10
13.0079402924,80.2085037231,42826,42836,10
13.0078201294,80.207649231,42836,42846,10
13.0076599121,80.2068634033,42846,42856,10
13.0075597763,80.2059173584,42856,42866,10
13.0075101852,80.2050476074,42866,42876,10
13.007519722,80.2042770386,42876,42886,10
13.0074596405,80.2035827637,42886,42896,10
13.0072498322,80.2026977539,42896,42907,11
13.0065803528,80.2027435303,42907,42917,10
13.0067501068,80.2033233643,42917,42927,10
13.0074396133,80.2036437988,42927,42937,10
13.0083398819,80.2037200928,42937,42947,10
13.009519577,80.2036437988,42947,42957,10
13.0108699799,80.2036590576,42957,42967,10
13.0122404099,80.2038269043,42967,42977,10
13.0132703781,80.2040634155,42977,42987,10
13.0141096115,80.2043609619,42987,42997,10
13.0150604248,80.2046966553,42997,43007,10
13.016119957,80.2050704956,43007,43018,11
13.01679039,80.2050628662,43018,43028,10
13.0173101425,80.2054519653,43028,43038,10
13.0177602768,80.205657959,43038,43048,10
13.0183401108,80.205871582,43048,43058,10
13.0186300278,80.205947876,43058,43068,10
13.0189304352,80.2060623169,43068,43078,10
13.0195302963,80.2062301636,43078,43088,10
13.0203399658,80.2062988281,43088,43098,10
13.0212097168,80.2063217163,43098,43108,10
13.0220003128,80.2063369751,43108,43118,10
13.0228796005,80.2065505981,43118,43129,11
13.0239095688,80.2066421509,43129,43139,10
13.0242700577,80.206703186,43139,43149,10
13.0244598389,80.206741333,43149,43159,10
13.0249700546,80.2069015503,43159,43169,10
13.0257997513,80.2071762085,43169,43179,10
13.0266799927,80.2076721191,43179,43189,10
13.0276203156,80.2082290649,43189,43199,10
13.0285396576,80.2086105347,43199,43209,10
13.0292901993,80.2088012695,43209,43219,10
13.0298404694,80.2089614868,43219,43229,10
13.0302600861,80.2090682983,43229,43239,10
13.0308198929,80.2092285156,43239,43250,11
13.0315799713,80.2093811035,43250,43260,10
13.0316696167,80.2093963623,43260,43270,10
13.0317802429,80.2094573975,43270,43280,10
13.0321903229,80.2095794678,43280,43290,10
13.0328397751,80.2096786499,43290,43300,10
13.0337400436,80.2098770142,43300,43310,10
13.034740448,80.2100830078,43310,43320,10
13.0349903107,80.2104263306,43320,43330,10
13.0349998474,80.2109832764,43330,43340,10
13.0350399017,80.2112579346,43340,43350,10
13.0349998474,80.2114486694,43350,43361,11
13.0348997116,80.2119827271,43361,43371,10
13.0351800919,80.2121887207,43371,43381,10
13.0358800888,80.2122421265,43381,43391,10
13.0364599228,80.2122879028,43391,43401,10
13.0367002487,80.2123031616,43401,43411,10
13.0367898941,80.2122802734,43411,43421,10
13.0370597839,80.2122879028,43421,43431,10
13.0375499725,80.2122879028,43431,43441,10
13.0382995605,80.2123031616,43441,43450,9
13.0390796661,80.2122802734,43450,43461,11
13.0399904251,80.2122497559,43461,43472,11
13.041179657,80.212272644,43472,43482,10
13.0423002243,80.2123031616,43482,43492,10
13.0434904099,80.2122879028,43492,43502,10
13.0440702438,80.2122573853,43502,43542,40
13.0442895889,80.2121963501,43542,43603,61
13.0442895889,80.2121963501,43603,43613,10
13.044500351,80.2121963501,43613,43623,10
13.0451097488,80.2121963501,43623,43633,10
13.0459899902,80.2121887207,43633,43643,10
13.0470304489,80.2121582031,43643,43653,10
13.0481300354,80.212059021,43653,43663,10
13.0485095978,80.2120437622,43663,43673,10
13.0485897064,80.2119903564,43673,43683,10
13.0488004684,80.2119903564,43683,43694,11
13.0494804382,80.2119598389,43694,43704,10
13.0500402451,80.2119369507,43704,43714,10
13.0505304337,80.2120132446,43714,43723,9
13.0512199402,80.2120513916,43723,43734,11
13.0523300171,80.2119216919,43734,43744,10
13.0530595779,80.211769104,43744,43754,10
13.0539302826,80.2115402222,43754,43764,10
13.0548496246,80.2114486694,43764,43774,10
13.0558996201,80.2115020752,43774,43784,10
13.0567798615,80.211479187,43784,43795,11
13.0577898026,80.2114562988,43795,43805,10
13.0585002899,80.2114715576,43805,43815,10
13.0592899323,80.211517334,43815,43825,10
13.0601902008,80.2115631104,43825,43835,10
13.0611400604,80.2116012573,43835,43845,10
13.0620603561,80.2116317749,43845,43855,10
13.0630502701,80.2115478516,43855,43865,10
13.0634298325,80.2115020752,43865,43884,19
13.0634298325,80.2115020752,43884,43895,11
13.0637798309,80.2114715576,43895,43905,10
13.0642995834,80.2114028931,43905,43916,11
13.0650501251,80.2110214233,43916,43926,10
13.0658397675,80.2104721069,43926,43936,10
13.0665397644,80.2098770142,43936,43946,10
13.0672197342,80.2090377808,43946,43956,10
13.0678300858,80.2080383301,43956,43966,10
13.0685300827,80.2069320679,43966,43976,10
13.069149971,80.2059326172,43976,43986,10
13.0695495605,80.2052612305,43986,43996,10
13.0696401596,80.205078125,43996,44006,10
13.0697002411,80.2050323486,44006,44016,10
13.0695800781,80.2048492432,44016,44027,11
13.069149971,80.2050476074,44027,44037,10
13.068860054,80.2052383423,44037,44047,10
13.0688495636,80.2048416138,44047,44077,30
13.0688495636,80.2048416138,44077,44087,10
13.0689296722,80.2047271729,44087,44097,10
13.0690803528,80.2046966553,44097,44107,10
13.0693998337,80.2047424316,44107,44117,10
13.0696697235,80.2048110962,44117,44127,10
13.0700101852,80.2047576904,44127,44138,11
13.0703601837,80.2042770386,44138,44148,10
13.0707702637,80.2037200928,44148,44158,10
13.0713500977,80.2030487061,44158,44168,10
13.0720996857,80.2022323608,44168,44238,70
13.0720996857,80.2022323608,44238,44249,11
13.0722904205,80.202041626,44249,44259,10
13.0726099014,80.2016677856,44259,44269,10
13.0730400085,80.2011413574,44269,44279,10
13.0734701157,80.2006835938,44279,44289,10
13.0739402771,80.2001113892,44289,44299,10
13.0744199753,80.1995162964,44299,44309,10
13.0745296478,80.1994094849,44309,44319,10
13.0748195648,80.1992111206,44319,44329,10
13.0753002167,80.1990737915,44329,44339,10
13.0760002136,80.1990280151,44339,44350,11
13.0769395828,80.1989822388,44350,44360,10
13.0776700974,80.1988983154,44360,44370,10
13.0785799026,80.1987686157,44370,44380,10
13.0795602798,80.1986923218,44380,44390,10
13.0805997849,80.1985931396,44390,44400,10
13.081609726,80.1985626221,44400,44410,10
13.0825300217,80.1984786987,44410,44420,10
13.0831699371,80.1984710693,44420,44430,10
13.0838699341,80.1984786987,44430,44440,10
13.0845499039,80.1985015869,44440,44450,10
13.0851202011,80.1984786987,44450,44481,31
13.0851202011,80.1984786987,44481,44491,10
13.0855998993,80.1984100342,44491,44501,10
13.0858898163,80.1983795166,44501,44511,10
13.0864200592,80.1983795166,44511,44521,10
13.0870599747,80.198387146,44521,44541,20
13.0870599747,80.198387146,44541,44551,10
13.0872097015,80.1981735229,44551,44561,10
13.087220192,80.1975631714,44561,44570,9
13.0872602463,80.1969223022,44570,44582,12
13.0873003006,80.1958312988,44582,44592,10
13.0873003006,80.1951217651,44592,44602,10
13.0873003006,80.194229126,44602,44612,10
13.0873403549,80.1931610107,44612,44622,10
13.0874004364,80.1922836304,44622,44632,10
13.0875196457,80.1912689209,44632,44642,10
13.0876598358,80.1901168823,44642,44652,10
13.0877399445,80.1891021729,44652,44662,10
13.0877799988,80.188583374,44662,44683,21
13.0877799988,80.188583374,44683,44693,10
13.0878200531,80.1884384155,44693,44703,10
13.0878295898,80.1881027222,44703,44713,10
13.0878400803,80.187538147,44713,44723,10
13.0878696442,80.1867599487,44723,44733,10
13.0879201889,80.1859664917,44733,44743,10
13.0879297256,80.1853866577,44743,44753,10
13.0879802704,80.1847229004,44753,44763,10
13.0879898071,80.1838302612,44763,44773,10
13.0880498886,80.1828765869,44773,44783,10
13.0880899429,80.182182312,44783,44792,9
13.0881204605,80.1815185547,44792,44804,12
13.0881500244,80.1804885864,44804,44814,10
13.0881595612,80.1798324585,44814,44824,10
13.0881700516,80.1795501709,44824,44834,10
13.0881700516,80.1792831421,44834,44844,10
13.0881795883,80.1791610718,44844,44854,10
13.0881795883,80.1787414551,44854,44864,10
13.0881996155,80.1780395508,44864,44874,10
13.0881900787,80.1773605347,44874,44883,9
13.0882101059,80.1768722534,44883,44894,11
13.0882501602,80.1761016846,44894,44904,10
13.0883102417,80.1751785278,44904,44914,10
13.0883703232,80.1745529175,44914,44925,11
13.0884399414,80.1740722656,44925,44935,10
13.088470459,80.1734008789,44935,44945,10
13.0884895325,80.1727905273,44945,44954,9
13.0885095596,80.1723175049,44954,44965,11
13.0885295868,80.1719894409,44965,44975,10
13.0885601044,80.1717681885,44975,44985,10
13.0885801315,80.1713485718,44985,45036,51
13.0885801315,80.1713485718,45036,45046,10
13.088640213,80.1709213257,45046,45066,20
13.088640213,80.1709213257,45066,45076,10
13.0886802673,80.1707305908,45076,45086,10
13.0886802673,80.1702575684,45086,45147,61
13.0886802673,80.1702575684,45147,45157,10
13.0886602402,80.1700210571,45157,45167,10
13.0887298584,80.1695632935,45167,45177,10
13.0891599655,80.1695632935,45177,45187,10
13.0898895264,80.1696014404,45187,45197,10
13.0907697678,80.1696395874,45197,45207,10
13.0917596817,80.1696929932,45207,45217,10
13.0926904678,80.1697692871,45217,45226,9
13.0936002731,80.1698226929,45226,45237,11
13.0945501328,80.169883728,45237,45248,11
13.0949602127,80.169921875,45248,45258,10
13.0954799652,80.1699523926,45258,45268,10
13.0962495804,80.169960022,45268,45278,10
13.097240448,80.1700134277,45278,45288,10
13.09815979,80.1700668335,45288,45298,10
13.0994596481,80.1701202393,45298,45328,30
13.0994596481,80.1701202393,45328,45338,10
13.0996303558,80.1701431274,45338,45349,11
13.0997400284,80.1699066162,45349,45359,10
13.0995998383,80.1697235107,45359,45369,10
13.0993299484,80.169631958,45369,45379,10
13.0991697311,80.1696014404,45379,45389,10
13.09897995,80.1695022583,45389,45399,10
13.0987596512,80.1692504883,45399,46923,1524
13.0987596512,80.1692504883,46923,46933,10
13.0988998413,80.169380188,46933,46943,10
13.0990200043,80.1694869995,46943,46953,10
13.0992002487,80.1695632935,46953,46963,10
13.0993499756,80.1696395874,46963,46973,10
13.099360466,80.1697692871,46973,46983,10
13.0993299484,80.1700134277,46983,47498,515
13.0993299484,80.1700134277,47498,47508,10
13.0989103317,80.1701965332,47508,47518,10
13.0984296799,80.1701812744,47518,47528,10
13.097700119,80.1701278687,47528,47538,10
13.0967998505,80.1700515747,47538,47548,10
13.0958595276,80.1700134277,47548,47558,10
13.0949802399,80.169960022,47558,47567,9
13.0946702957,80.1698989868,47567,47578,11
13.0943098068,80.1698226929,47578,47589,11
13.0938196182,80.1697769165,47589,47599,10
13.0933599472,80.1698226929,47599,47609,10
13.0927400589,80.1697692871,47609,47619,10
13.0919103622,80.1697692871,47619,47629,10
13.0908899307,80.1696777344,47629,47639,10
13.0900201797,80.1696166992,47639,47649,10
13.0891895294,80.1695709229,47649,47659,10
13.0888900757,80.1695632935,47659,47669,10
13.0886802673,80.1698303223,47669,47679,10
13.0886201859,80.1704177856,47679,47688,9
13.0885696411,80.1711273193,47688,47700,12
13.0885295868,80.1721496582,47700,47710,10
13.0884799957,80.1730117798,47710,47720,10
13.0884304047,80.1737976074,47720,47730,10
13.0883903503,80.174621582,47730,47740,10
13.0883398056,80.1753768921,47740,47750,10
13.0882902145,80.1762695313,47750,47760,10
13.0882797241,80.1768798828,47760,47770,10
13.0882797241,80.1770629883,47770,47780,10
13.0882396698,80.1774902344,47780,47790,10
13.0882101059,80.178527832,47790,47831,41
13.0882101059,80.178527832,47831,47841,10
13.0882101059,80.1787185669,47841,47851,10
13.0882196426,80.1790390015,47851,47861,10
13.0881996155,80.1795196533,47861,47871,10
13.0881500244,80.1801376343,47871,47881,10
13.0881204605,80.1808929443,47881,47891,10
13.0880899429,80.1816329956,47891,47901,10
13.0880699158,80.1821365356,47901,47922,21
13.0880699158,80.1821365356,47922,47932,10
13.0881500244,80.1822128296,47932,47942,10
13.0881004333,80.1826400757,47942,47952,10
13.0880203247,80.18334198,47952,47962,10
13.0879802704,80.1843185425,47962,47972,10
13.0879497528,80.1853485107,47972,47982,10
13.0879201889,80.186340332,47982,47992,10
13.0878601074,80.1873168945,47992,48002,10
13.0878601074,80.1880187988,48002,48012,10
13.0878000259,80.1888580322,48012,48023,11
13.0877599716,80.1895828247,48023,48033,10
13.0877504349,80.1896820068,48033,48043,10
13.0877504349,80.1897735596,48043,48053,10
13.0876703262,80.1902313232,48053,48063,10
13.0875701904,80.1908493042,48063,48073,10
13.0874795914,80.1915283203,48073,48083,10
13.0874204636,80.1921310425,48083,48093,10
13.0874004364,80.1922988892,48093,48103,10
13.0873403549,80.1926803589,48103,48113,10
13.0873203278,80.1932601929,48113,48123,10
13.0872898102,80.1940765381,48123,48133,10
13.0872802734,80.1948013306,48133,48144,11
13.087269783,80.1953887939,48144,48154,10
13.0872602463,80.1959075928,48154,48164,10
13.0872297287,80.1966781616,48164,48174,10
13.0872297287,80.1974487305,48174,48184,10
13.0872297287,80.1977005005,48184,48194,10
13.0872497559,80.1977996826,48194,48204,10
13.0873003006,80.1981887817,48204,48214,10
13.0874004364,80.198387146,48214,48224,10
13.087770462,80.1984024048,48224,48234,10
13.0883598328,80.1983795166,48234,48245,11
13.0892095566,80.1984100342,48245,48255,10
13.0898599625,80.1984405518,48255,48265,10
13.0906000137,80.1985092163,48265,48275,10
13.0914201736,80.1985702515,48275,48285,10
13.0921802521,80.198638916,48285,48295,10
13.0929203033,80.1986694336,48295,48305,10
13.0929603577,80.1990280151,48305,48315,10
13.0929002762,80.1997375488,48315,48325,10
13.092880249,80.2004623413,48325,48335,10
13.0926599503,80.2006225586,48335,48345,10
13.0921497345,80.2006072998,48345,48355,10
13.0913696289,80.2005691528,48355,48366,11
13.0904598236,80.2005386353,48366,48376,10
13.0894899368,80.2005004883,48376,48386,10
13.0885801315,80.2004318237,48386,48396,10
13.0875997543,80.2004318237,48396,48406,10
13.0871200562,80.2004165649,48406,48416,10
13.0866003036,80.2004013062,48416,48426,10
13.0859003067,80.2003631592,48426,48436,10
13.0854997635,80.200340271,48436,48446,10
13.0853204727,80.2002487183,48446,48456,10
13.0853099823,80.1998977661,48456,48467,11
13.0853204727,80.1991577148,48467,48477,10
13.085149765,80.1986999512,48477,48487,10
13.0847597122,80.1986923218,48487,48497,10
13.084280014,80.1986999512,48497,48507,10
13.0842695236,80.1986999512,48507,48517,10
13.0839595795,80.198677063,48517,48527,10
13.0834798813,80.1986923218,48527,48537,10
13.0833396912,80.1987075806,48537,48547,10
13.0830202103,80.1986618042,48547,48557,10
13.0824203491,80.1986465454,48557,48567,10
13.0818901062,80.1986694336,48567,48577,10
13.0812597275,80.198638916,48577,48588,11
13.0805196762,80.198677063,48588,48598,10
13.0797300339,80.1987380981,48598,48608,10
13.0789699554,80.1988067627,48608,48618,10
13.0782003403,80.1988983154,48618,48628,10
13.0773000717,80.1990203857,48628,48638,10
13.0766000748,80.1990966797,48638,48648,10
13.075920105,80.1991729736,48648,48658,10
13.0750799179,80.1993637085,48658,48668,10
13.074259758,80.1998291016,48668,48678,10
13.0738601685,80.2002563477,48678,48688,10
13.0736703873,80.2004928589,48688,48699,11
13.0736103058,80.2005691528,48699,48709,10
13.0733098984,80.2009429932,48709,48719,10
13.0727996826,80.2014694214,48719,48729,10
13.0723400116,80.2020263672,48729,48739,10
13.071969986,80.2024230957,48739,48749,10
13.071439743,80.2030105591,48749,48759,10
13.0707998276,80.2037887573,48759,48769,10
13.0701303482,80.2046127319,48769,48779,10
13.069899559,80.2049713135,48779,48789,10
13.0696201324,80.2049026489,48789,48800,11
13.0691995621,80.2049484253,48800,48810,10
13.0689001083,80.2053375244,48810,48820,10
13.068479538,80.2054519653,48820,48830,10
13.067990303,80.2053527832,48830,48850,20
13.067990303,80.2053527832,48850,48860,10
13.0680503845,80.2050704956,48860,48870,10
13.0682601929,80.2049789429,48870,48880,10
13.0686101913,80.2047805786,48880,48890,10
13.0691299438,80.2046890259,48890,48900,10
13.0695695877,80.2047576904,48900,48910,10
13.0696601868,80.2047805786,48910,48921,11
13.0697803497,80.2048568726,48921,48931,10
13.0698604584,80.2051467896,48931,48941,10
13.0695199966,80.205657959,48941,48951,10
13.0690603256,80.2063827515,48951,48961,10
13.0685100555,80.20728302,48961,48971,10
13.0678596497,80.2082214355,48971,48981,10
13.067440033,80.2089004517,48981,48991,10
13.066860199,80.2097320557,48991,49001,10
13.0659503937,80.2105178833,49001,49011,10
13.0649795532,80.2112579346,49011,49021,10
13.063949585,80.2116165161,49021,49032,11
13.063750267,80.2116394043,49032,49042,10
13.0635700226,80.2116775513,49042,49052,10
13.0629701614,80.2117080688,49052,49062,10
13.0621099472,80.211730957,49062,49072,10
13.0610904694,80.2117004395,49072,49082,10
13.0600099564,80.2116699219,49082,49092,10
13.0590295792,80.2116394043,49092,49102,10
13.058549881,80.2116317749,49102,49112,10
13.0582399368,80.2116394043,49112,49122,10
13.0578804016,80.2116088867,49122,49132,10
13.0572299957,80.2116012573,49132,49143,11
13.0563201904,80.2115783691,49143,49153,10
13.0552997589,80.2115478516,49153,49163,10
13.0545597076,80.2115707397,49163,49183,20
13.0545597076,80.2115707397,49183,49193,10
13.0543298721,80.2116012573,49193,49203,10
13.0537204742,80.2117233276,49203,49213,10
13.0529298782,80.2119293213,49213,49223,10
13.0521202087,80.2121429443,49223,49233,10
13.0512104034,80.2121810913,49233,49244,11
13.0500602722,80.2121582031,49244,49284,40
13.0500602722,80.2121582031,49284,49294,10
13.0499801636,80.2121429443,49294,49304,10
13.0495796204,80.2121734619,49304,49324,20
13.0495796204,80.2121734619,49324,49334,10
13.0492897034,80.2121887207,49334,49344,10
13.0486297607,80.2121963501,49344,49354,10
13.0477600098,80.212272644,49354,49365,11
13.0465497971,80.2123336792,49365,49375,10
13.0454502106,80.2124023438,49375,49385,10
13.044719696,80.2124404907,49385,49425,40
13.044719696,80.2124404907,49425,49435,10
13.0444297791,80.2124176025,49435,49445,10
13.0438604355,80.2124328613,49445,49455,10
13.043009758,80.2124099731,49455,49465,10
13.0423698425,80.2123718262,49465,49476,11
13.041560173,80.2123794556,49476,49486,10
13.0405702591,80.2123565674,49486,49496,10
13.0394601822,80.2123794556,49496,49506,10
13.0383996964,80.2124328613,49506,49516,10
13.0373601913,80.2124328613,49516,49526,10
13.0364398956,80.2123718262,49526,49536,10
13.03565979,80.2123718262,49536,49546,10
13.0353899002,80.2124023438,49546,49556,10
13.0352401733,80.2124023438,49556,49566,10
13.0348901749,80.2123336792,49566,49577,11
13.0342903137,80.2121582031,49577,49607,30
13.0342903137,80.2121582031,49607,49617,10
13.0340204239,80.2120895386,49617,49627,10
13.0337495804,80.2120437622,49627,49637,10
13.0332298279,80.2119293213,49637,49647,10
13.0324897766,80.2118301392,49647,49657,10
13.0319900513,80.2114334106,49657,49667,10
13.0320301056,80.2106628418,49667,49677,10
13.032119751,80.2098388672,49677,49688,11
13.0318002701,80.2095718384,49688,49698,10
13.0311203003,80.2093734741,49698,49708,10
13.0303096771,80.2091293335,49708,49718,10
13.0296697617,80.208946228,49718,49728,10
13.0290803909,80.2087478638,49728,49738,10
13.0282297134,80.2085189819,49738,49748,10
13.0273199081,80.2080993652,49748,49758,10
13.0263299942,80.2075195313,49758,49768,10
13.0252799988,80.2070770264,49768,49778,10
13.0244598389,80.2069473267,49778,49788,10
13.0242500305,80.2068862915,49788,49799,11
13.0240402222,80.2068405151,49799,49809,10
13.023440361,80.2066802979,49809,49819,10
13.0226402283,80.2065200806,49819,49829,10
13.021900177,80.2064437866,49829,49839,10
13.0216703415,80.206451416,49839,49849,10
13.0214300156,80.206451416,49849,49859,10
13.0207700729,80.2064590454,49859,49869,10
13.0198802948,80.2064666748,49869,49879,10
13.018989563,80.2062835693,49879,49899,20
13.018989563,80.2062835693,49899,49909,10
13.0188102722,80.206161499,49909,49920,11
13.0182304382,80.2059783936,49920,49930,10
13.017829895,80.2058486938,49930,49940,10
13.0175695419,80.2057495117,49940,49950,10
13.0171403885,80.2055664063,49950,49960,10
13.01679039,80.2053909302,49960,49970,10
13.0162296295,80.2052001953,49970,49980,10
13.0154895782,80.2049407959,49980,49990,10
13.0145397186,80.2046432495,49990,50000,10
13.0137996674,80.2043914795,50000,50010,10
13.0136003494,80.2044906616,50010,50020,10
13.0134601593,80.2049636841,50020,50031,11
13.0132198334,80.2057418823,50031,50041,10
13.0130395889,80.2066574097,50041,50051,10
13.0129804611,80.2074584961,50051,50061,10
13.0128898621,80.2080230713,50061,50071,10
13.0129098892,80.208480835,50071,50081,10
13.0129098892,80.2088928223,50081,50091,10
13.0130701065,80.2094192505,50091,50101,10
13.0131397247,80.2099227905,50101,50111,10
13.0131101608,80.2104873657,50111,50120,9
13.0129203796,80.211151123,50120,50131,11
13.0125999451,80.2118225098,50131,50142,11
13.0121498108,80.2124786377,50142,50152,10
13.0118999481,80.2127838135,50152,50162,10
13.0118198395,80.2127914429,50162,50172,10
13.0115499496,80.2126312256,50172,50182,10
13.0111598969,80.2123031616,50182,50192,10
13.01060009,80.2118835449,50192,50202,10
13.0098199844,80.2113037109,50202,50222,20
13.009519577,80.2110595703,50222,50242,20
13.009519577,80.2110595703,50242,50253,11
13.0093402863,80.2109832764,50253,50263,10
13.0092201233,80.2111663818,50263,50273,10
13.0090799332,80.2114486694,50273,50283,10
13.0091199875,80.2118377686,50283,50293,10
13.0093002319,80.2124633789,50293,50303,10
13.0095396042,80.2131576538,50303,50313,10
13.0098199844,80.2138366699,50313,50323,10
13.0101003647,80.2145767212,50323,50333,10
13.0102300644,80.2155075073,50333,50343,10
13.0106201172,80.2164993286,50343,50352,9
13.0109901428,80.2173309326,50352,50364,12
13.0114297867,80.2184371948,50364,50374,10
13.011759758,80.2194290161,50374,50384,10
13.0120601654,80.2204437256,50384,50394,10
13.0122995377,80.2211990356,50394,50404,10
13.0124998093,80.2218017578,50404,50414,10
13.0128898621,80.2222976685,50414,50424,10
13.013420105,80.2228088379,50424,50434,10
13.0139398575,80.2234191895,50434,50444,10
13.0145101547,80.224029541,50444,50454,10
13.0150499344,80.2247009277,50454,50464,10
13.0154104233,80.2252807617,50464,50475,11
13.0152196884,80.2257995605,50475,50485,10
13.0147695541,80.2260131836,50485,50495,10
13.0142202377,80.2262191772,50495,50505,10
13.0134296417,80.2265396118,50505,50515,10
13.0125398636,80.2268981934,50515,50525,10
13.0115995407,80.2272796631,50525,50535,10
13.0105495453,80.227722168,50535,50545,10
13.0097904205,80.2279434204,50545,50555,10
13.0094995499,80.2275466919,50555,50565,10
13.0097198486,80.2270965576,50565,50575,10
13.0100097656,80.2264862061,50575,50586,11
13.0102796555,80.2258300781,50586,50596,10
13.0105895996,80.2250976563,50596,50606,10
13.0108203888,80.224609375,50606,50616,10
13.0110197067,80.2239990234,50616,50626,10
13.0112495422,80.2234115601,50626,50636,10
13.0112600327,80.2233810425,50636,50646,10
13.0111398697,80.2230987549,50646,50656,10
13.0105695724,80.2228088379,50656,50666,10
13.0098104477,80.2223968506,50666,50676,10
13.0089702606,80.2219467163,50676,50686,10
13.0081596375,80.2215270996,50686,50697,11
13.0071401596,80.220993042,50697,50707,10
13.0061397552,80.2205810547,50707,50717,10
13.0051202774,80.2203598022,50717,50727,10
13.0042200089,80.2201690674,50727,50737,10
13.0033502579,80.2199630737,50737,50747,10
13.0024204254,80.2194976807,50747,50757,10
13.0018596649,80.2189331055,50757,50767,10
13.0012397766,80.2183914185,50767,50777,10
13.0004701614,80.2178726196,50777,50787,10
12.9996700287,80.2173995972,50787,50797,10
12.9987001419,80.2168884277,50797,50808,11
12.997590065,80.2165679932,50808,50818,10
12.9974098206,80.2165527344,50818,50828,10
12.997209549,80.2165298462,50828,50838,10
12.9967298508,80.2165679932,50838,50848,10
12.9960803986,80.2166824341,50848,50858,10
12.9953899384,80.2168884277,50858,50868,10
12.9947099686,80.217300415,50868,50878,10
12.9941196442,80.2177505493,50878,50888,10
12.993639946,80.2180862427,50888,50898,10
12.9929504395,80.2185516357,50898,50908,10
12.9921798706,80.2191314697,50908,50919,11
12.9915895462,80.219581604,50919,50929,10
12.9913301468,80.219581604,50929,50939,10
12.9912004471,80.2195205688,50939,50949,10
12.9910001755,80.2194137573,50949,50959,10
12.9904603958,80.2192306519,50959,50969,10
12.9896697998,80.2189483643,50969,50979,10
12.9888296127,80.2186431885,50979,50989,10
12.9878902435,80.2183990479,50989,50999,10
12.9870996475,80.2182693481,50999,51010,11
12.9861602783,80.2180328369,51010,51020,10
12.9851799011,80.217918396,51020,51030,10
12.9841804504,80.2179489136,51030,51040,10
12.9840202332,80.2179489136,51040,51050,10
12.9839096069,80.217956543,51050,51060,10
12.9835300446,80.2179794312,51060,51070,10
12.98279953,80.2179718018,51070,51080,10
12.9818401337,80.2179870605,51080,51090,10
12.9807701111,80.2182617188,51090,51100,10
12.9800701141,80.2185211182,51100,51110,10
12.9796199799,80.2186889648,51110,51120,10
12.9790697098,80.2189178467,51120,51130,10
12.9785995483,80.2191467285,51130,51141,11
12.977809906,80.2194595337,51141,51151,10
12.9769496918,80.2198104858,51151,51161,10
12.9760904312,80.2202224731,51161,51171,10
12.9755802155,80.2205200195,51171,51221,50
12.9755802155,80.2205200195,51221,51231,10
12.9755401611,80.2208633423,51231,51302,71
12.975859642,80.2210388184,51302,51332,30
12.975859642,80.2210388184,51332,51342,10
12.9759597778,80.2211837769,51342,51353,11
12.9762001038,80.2212295532,51353,51363,10
12.9764795303,80.2212524414,51363,51373,10
12.9769496918,80.2212677002,51373,51383,10
12.9774799347,80.2212219238,51383,51393,10
12.9780502319,80.2211990356,51393,51403,10
12.9787302017,80.2211685181,51403,51413,10
12.9793901443,80.2211227417,51413,51423,10
12.9800796509,80.2210617065,51423,51433,10
12.9807195663,80.2210006714,51433,51443,10
12.9813299179,80.2211685181,51443,51453,10
12.9818496704,80.2214813232,51453,51462,9
12.9821796417,80.2218093872,51462,51474,12
12.9825897217,80.2219467163,51474,51484,10
12.9828395844,80.2220230103,51484,51494,10
12.9831199646,80.2221832275,51494,51504,10
12.9835100174,80.2224273682,51504,51514,10
12.9840698242,80.2227706909,51514,51524,10
12.984629631,80.2230606079,51524,51534,10
12.9851102829,80.2232208252,51534,51544,10
12.9854698181,80.223197937,51544,51554,10
12.9862203598,80.2229537964,51554,51574,20
12.9862203598,80.2229537964,51574,51585,11
12.9865102768,80.2230072021,51585,51595,10
12.986749649,80.2230377197,51595,51605,10
12.9870100021,80.2230682373,51605,51615,10
12.9873199463,80.2230911255,51615,51625,10
12.9877195358,80.2230606079,51625,51635,10
12.9882898331,80.2226409912,51635,51645,10
12.9888000488,80.2220993042,51645,51655,10
12.9892501831,80.2216033936,51655,51665,10
12.9896697998,80.220993042,51665,51675,10
12.9902200699,80.2205123901,51675,51685,10
12.9906797409,80.2201385498,51685,51696,11
12.9912204742,80.2197418213,51696,51706,10
12.9918804169,80.2193222046,51706,51716,10
12.9925203323,80.2188262939,51716,51726,10
12.9931297302,80.2184371948,51726,51736,10
12.9937095642,80.2179794312,51736,51746,10
12.99421978,80.2175979614,51746,51756,10
12.9948301315,80.2171325684,51756,51766,10
12.9954795837,80.2167510986,51766,51776,10
12.9961395264,80.216583252,51776,51786,10
12.9968099594,80.216506958,51786,51795,9
12.997209549,80.2164230347,51795,51807,12
12.9974298477,80.2162017822,51807,51817,10
12.9976797104,80.2159881592,51817,51827,10
12.998049736,80.2156219482,51827,51837,10
12.9985704422,80.2151565552,51837,51847,10
12.9990596771,80.2147598267,51847,51857,10
12.9992904663,80.2145614624,51857,51867,10
12.9997196198,80.2142028809,51867,51877,10
13.0000801086,80.2139282227,51877,51887,10
13.0004701614,80.2135467529,51887,51897,10
13.000869751,80.213180542,51897,51908,11
13.0012302399,80.2128372192,51908,51918,10
13.001709938,80.2125396729,51918,51928,10
13.0020999908,80.2123336792,51928,51938,10
13.0026798248,80.2121124268,51938,51948,10
13.0034198761,80.212059021,51948,51958,10
13.0036697388,80.2119216919,51958,51968,10
13.0037002563,80.2116928101,51968,51978,10
13.0036802292,80.21118927,51978,51988,10
13.0036096573,80.2105178833,51988,51998,10
13.0035200119,80.2098007202,51998,52008,10
13.0036096573,80.2090911865,52008,52018,10
13.0039300919,80.2086105347,52018,52029,11
13.0047101974,80.2089385986,52029,52039,10
13.0055398941,80.2092895508,52039,52049,10
13.0062103271,80.2095336914,52049,52059,10
13.006770134,80.2097167969,52059,52069,10
13.0073299408,80.2098236084,52069,52079,10
13.0079402924,80.2099304199,52079,52089,10
13.0081396103,80.2098464966,52089,52099,10
13.0080499649,80.2093734741,52099,52109,10
13.0079402924,80.2086410522,52109,52119,10
13.0078001022,80.2077178955,52119,52129,10
13.0076503754,80.2068481445,52129,52140,11
13.0075502396,80.2060394287,52140,52150,10
13.007349968,80.2053375244,52150,52160,10
13.0070199966,80.2046127319,52160,52170,10
13.0066299438,80.2039031982,52170,52180,10
13.0060901642,80.2031478882,52180,52190,10
13.0057001114,80.2025299072,52190,52200,10
13.0052499771,80.2017593384,52200,52210,10
13.0044002533,80.2011871338,52210,52220,10
13.0033903122,80.2008666992,52220,52230,10
13.0023002625,80.2004623413,52230,52241,11
13.0017204285,80.1996688843,52241,52251,10
13.0017499924,80.1987533569,52251,52261,10
13.0018796921,80.1977920532,52261,52271,10
13.0018596649,80.1968002319,52271,52281,10
13.0012998581,80.1959762573,52281,52291,10
13.0005397797,80.1949768066,52291,52301,10
12.9997596741,80.193977356,52301,52311,10
12.9990997314,80.1931991577,52311,52321,10
12.998550415,80.192527771,52321,52330,9
12.9982004166,80.1922836304,52330,52341,11
12.9978103638,80.1926422119,52341,52351,10
12.9973297119,80.193031311,52351,52362,11
12.9969797134,80.1932983398,52362,52372,10
12.9967899323,80.1933898926,52372,52382,10
12.9967098236,80.1931686401,52382,52392,10
12.9966697693,80.192741394,52392,52402,10
12.9965200424,80.1921081543,52402,52412,10
12.9963798523,80.1914596558,52412,52452,40
12.9963798523,80.1914596558,52452,52462,10
12.996629715,80.1912765503,52462,52473,11
12.9967899323,80.1908721924,52473,52594,121
12.9967899323,80.1908721924,52594,52604,10
12.9970598221,80.1908187866,52604,52614,10
12.9970598221,80.1910476685,52614,52624,10
12.9969100952,80.1911773682,52624,54067,1443
12.9969100952,80.1911773682,54067,54077,10
12.9964895248,80.1914291382,54077,54148,71
12.9964895248,80.1914291382,54148,54158,10
12.9962100983,80.1911087036,54158,54168,10
12.9960803986,80.1905593872,54168,54178,10
12.9959096909,80.1899490356,54178,54188,10
12.995880127,80.1895370483,54188,54218,30
12.995880127,80.1895370483,54218,54228,10
12.9958896637,80.1894226074,54228,54238,10
12.9960803986,80.1892700195,54238,54248,10
12.9963502884,80.1895828247,54248,54259,11
12.9968795776,80.1901702881,54259,54269,10
12.9973897934,80.1908035278,54269,54279,10
12.9979295731,80.1914825439,54279,54289,10
12.9985303879,80.1922225952,54289,54299,10
12.9990797043,80.1928710938,54299,54309,10
12.99958992,80.1934967041,54309,54319,10
13.0001497269,80.1942596436,54319,54329,10
13.0005598068,80.1948623657,54329,54339,10
13.0010700226,80.1955032349,54339,54349,10
13.0016002655,80.1961593628,54349,54359,10
13.0020103455,80.1969299316,54359,54370,11
13.0019598007,80.1979064941,54370,54380,10
13.001830101,80.1987686157,54380,54390,10
13.0017900467,80.1995620728,54390,54400,10
13.0021896362,80.2002868652,54400,54410,10
13.0029096603,80.2006530762,54410,54420,10
13.0036497116,80.2007827759,54420,54440,20
13.0036497116,80.2007827759,54440,54450,10
13.003950119,80.2008666992,54450,54460,10
13.0044498444,80.2010269165,54460,54470,10
13.0051002502,80.2013473511,54470,54481,11
13.0057697296,80.2020874023,54481,54491,10
13.0062103271,80.2028884888,54491,54501,10
13.0068597794,80.2034606934,54501,54511,10
13.0076904297,80.2037277222,54511,54521,10
13.0085802078,80.2036972046,54521,54531,10
13.0096101761,80.20362854,54531,54541,10
13.0107297897,80.2036209106,54541,54551,10
13.0119199753,80.2037506104,54551,54561,10
13.0129995346,80.2039794922,54561,54571,10
13.0135498047,80.2041625977,54571,54580,9
13.0139198303,80.2043075562,54580,54592,12
13.014749527,80.2045593262,54592,54602,10
13.0155296326,80.2048416138,54602,54612,10
13.0159397125,80.2051467896,54612,54622,10
13.0163803101,80.2051315308,54622,54632,10
13.0170001984,80.2053985596,54632,54642,10
13.0182199478,80.2058792114,54642,54652,10
13.0185804367,80.2059783936,54652,54662,10
13.0188102722,80.2060394287,54662,54672,10
13.0193500519,80.2061767578,54672,54682,10
13.0200996399,80.2062835693,54682,54692,10
13.0208797455,80.2062911987,54692,54703,11
13.0218000412,80.2063369751,54703,54713,10
13.0225696564,80.2064590454,54713,54723,10
13.023229599,80.2065811157,54723,54733,10
13.0237598419,80.2066192627,54733,54743,10
13.0242900848,80.2067184448,54743,54753,10
13.0250301361,80.2069168091,54753,54763,10
13.0258998871,80.2072372437,54763,54773,10
13.0267601013,80.2077178955,54773,54783,10
13.0275497437,80.2081832886,54783,54793,10
13.0284204483,80.2085418701,54793,54804,11
13.0293397903,80.2087631226,54804,54814,10
13.0296802521,80.2088928223,54814,54824,10
13.029999733,80.2089691162,54824,54834,10
13.0306596756,80.2091522217,54834,54844,10
13.0312700272,80.209312439,54844,54854,10
13.0313997269,80.2093811035,54854,54864,10
13.0314702988,80.2094421387,54864,54874,10
13.031999588,80.2095336914,54874,54884,10
13.0327997208,80.2096633911,54884,54894,10
13.0336799622,80.2098617554,54894,54904,10
13.0345697403,80.2100372314,54904,54915,11
13.0349597931,80.2104034424,54915,54925,10
13.0349502563,80.2110137939,54925,54935,10
13.0349397659,80.2112426758,54935,54945,10
13.0349197388,80.2114486694,54945,54955,10
13.0348796844,80.2117919922,54955,54965,10
13.0349397659,80.2121124268,54965,54975,10
13.0352897644,80.2122192383,54975,54985,10
13.0358896255,80.2122421265,54985,54995,10
13.0365800858,80.2122268677,54995,55005,10
13.0371599197,80.2121963501,55005,55015,10
13.038020134,80.2122421265,55015,55024,9
13.0389499664,80.2122573853,55024,55036,12
13.0401296616,80.2123031616,55036,55046,10
13.0413303375,80.2125091553,55046,55056,10
13.0423698425,80.2129135132,55056,55066,10
13.0436496735,80.2124786377,55066,55096,30
13.0438995361,80.2122268677,55096,55147,51
13.0438995361,80.2122268677,55147,55157,10
13.0440502167,80.2121963501,55157,55167,10
13.0444202423,80.2122268677,55167,55177,10
13.0451202393,80.2122421265,55177,55187,10
13.045920372,80.2122192383,55187,55197,10
13.0468597412,80.2121887207,55197,55207,10
13.0477104187,80.212097168,55207,55217,10
13.0483999252,80.2120132446,55217,55226,9
13.0485095978,80.2119903564,55226,55237,11
13.0488500595,80.2119827271,55237,55247,10
13.0496702194,80.2119216919,55247,55288,41
13.0496702194,80.2119216919,55288,55298,10
13.0499897003,80.2119827271,55298,55308,10
13.050330162,80.2119903564,55308,55318,10
13.0507497787,80.2120132446,55318,55328,10
13.0514001846,80.2119369507,55328,55338,10
13.0524997711,80.2117996216,55338,55349,11
13.0537099838,80.2116165161,55349,55358,9
13.0545902252,80.2114562988,55358,55369,11
13.0557804108,80.2114028931,55369,55379,10
13.0569095612,80.2114028931,55379,55389,10
13.0575399399,80.2113876343,55389,55399,10
13.0576095581,80.2113800049,55399,55409,10
13.0580196381,80.2114105225,55409,55419,10
13.0587596893,80.21144104,55419,55429,10
13.0596103668,80.211479187,55429,55439,10
13.0605297089,80.2115402222,55439,55449,10
13.0614595413,80.2116012573,55449,55460,11
13.0625,80.2116317749,55460,55469,9
13.0631599426,80.2115402222,55469,55480,11
13.0633602142,80.211517334,55480,55490,10
13.0637302399,80.2115097046,55490,55500,10
13.064330101,80.2114105225,55500,55510,10
13.0650901794,80.2110519409,55510,55520,10
13.0657396317,80.2105636597,55520,55530,10
13.0664596558,80.2099914551,55530,55540,10
13.0671300888,80.2093963623,55540,55550,10
13.0673103333,80.2089691162,55550,55560,10
13.0675802231,80.2085037231,55560,55570,10
13.067990303,80.2078170776,55570,55581,11
13.0684995651,80.2070083618,55581,55591,10
13.0688896179,80.2063903809,55591,55601,10
13.0692996979,80.2057113647,55601,55611,10
13.0695400238,80.2052764893,55611,55621,10
13.0695495605,80.2052078247,55621,55631,10
13.0695896149,80.2048721313,55631,55641,10
13.0692501068,80.2049713135,55641,55651,10
13.068980217,80.205368042,55651,55661,10
13.0689001083,80.2053985596,55661,55671,10
13.0687999725,80.205368042,55671,55682,11
13.0686903,80.2049484253,55682,55702,20
13.0686903,80.2049484253,55702,55712,10
13.0687103271,80.2048721313,55712,55722,10
13.0690202713,80.2047195435,55722,55752,30
13.0693597794,80.2047195435,55752,55813,61
13.0693597794,80.2047195435,55813,55823,10
13.0696601868,80.2048110962,55823,55833,10
13.0699996948,80.2046737671,55833,55843,10
13.0705099106,80.2040710449,55843,55853,10
13.0711803436,80.2032623291,55853,55863,10
13.0718002319,80.2025680542,55863,55883,20
13.0718002319,80.2025680542,55883,55892,9
13.0720500946,80.2023391724,55892,55903,11
13.0723495483,80.2019424438,55903,55913,10
13.0727500916,80.2014465332,55913,55924,11
13.0732803345,80.200843811,55924,55934,10
13.0737104416,80.2004013062,55934,55944,10
13.0741701126,80.1998519897,55944,55954,10
13.0746297836,80.1993637085,55954,55964,10
13.0754003525,80.1990737915,55964,55974,10
13.0763902664,80.1990432739,55974,55984,10
13.0773696899,80.198928833,55984,55994,10
13.0782699585,80.1988067627,55994,56004,10
13.0788402557,80.1987304688,56004,56014,10
13.0793104172,80.1986923218,56014,56025,11
13.0799598694,80.198638916,56025,56035,10
13.0805101395,80.1985778809,56035,56045,10
13.0811700821,80.1985168457,56045,56055,10
13.0819101334,80.1985168457,56055,56065,10
13.0827302933,80.1984405518,56065,56095,30
13.0827302933,80.1984405518,56095,56105,10
13.0830898285,80.1984634399,56105,56115,10
13.0836200714,80.1984176636,56115,56126,11
13.084230423,80.1984176636,56126,56136,10
13.0846099854,80.1984176636,56136,56146,10
13.085100174,80.1984176636,56146,56156,10
13.0853395462,80.1983795166,56156,56166,10
13.0854902267,80.1983795166,56166,56176,10
13.0858001709,80.1983718872,56176,56186,10
13.0862703323,80.1983795166,56186,56196,10
13.0867204666,80.1984100342,56196,56206,10
13.086979866,80.1984024048,56206,56216,10
13.0870800018,80.1981582642,56216,56226,10
13.0871295929,80.1980361938,56226,56235,9
13.0871896744,80.1977081299,56235,56247,12
13.0872297287,80.1969299316,56247,56257,10
13.0872402191,80.1961364746,56257,56267,10
13.0872602463,80.1953125,56267,56277,10
13.087269783,80.1943817139,56277,56287,10
13.0872898102,80.1933822632,56287,56297,10
13.0873603821,80.1924819946,56297,56307,10
13.0874795914,80.1915664673,56307,56317,10
13.0876102448,80.1905136108,56317,56327,10
13.0877199173,80.1897201538,56327,56336,9
13.0877103806,80.1892318726,56336,56347,11
13.0877304077,80.1891098022,56347,56358,11
13.087770462,80.1887588501,56358,56388,30
13.087770462,80.1887588501,56388,56398,10
13.0877895355,80.1883773804,56398,56408,10
13.0878200531,80.1878662109,56408,56418,10
13.0878295898,80.187286377,56418,56428,10
13.087849617,80.1866378784,56428,56438,10
13.0879096985,80.1856994629,56438,56458,20
13.0879096985,80.1856994629,56458,56469,11
13.0879402161,80.1853866577,56469,56479,10
13.0879802704,80.184753418,56479,56489,10
13.0880002975,80.1840209961,56489,56499,10
13.0880203247,80.1831512451,56499,56509,10
13.0880498886,80.1824264526,56509,56519,10
13.0880699158,80.1819000244,56519,56529,10
13.0881004333,80.1811599731,56529,56539,10
13.0881004333,80.1804275513,56539,56549,10
13.0880804062,80.1798934937,56549,56559,10
13.0880804062,80.1798629761,56559,56569,10
13.0880899429,80.1796798706,56569,56580,11
13.0881099701,80.1791992188,56580,56590,10
13.0881099701,80.1791534424,56590,56600,10
13.0881299973,80.1788406372,56600,56610,10
13.0881500244,80.1782836914,56610,56620,10
13.0881595612,80.1775817871,56620,56630,10
13.0881795883,80.1768417358,56630,56640,10
13.0882396698,80.1759414673,56640,56650,10
13.0882997513,80.174949646,56650,56660,10
13.0883903503,80.174079895,56660,56670,10
13.0884504318,80.1732788086,56670,56680,10
13.088470459,80.1728210449,56680,56691,11
13.0885000229,80.1722106934,56691,56701,10
13.08852005,80.1721115112,56701,56711,10
13.088549614,80.1716308594,56711,56721,10
13.0885896683,80.170791626,56721,56731,10
13.0886297226,80.1697463989,56731,56792,61
13.0886297226,80.1697463989,56792,56802,10
13.0886602402,80.1696777344,56802,56812,10
13.0890102386,80.1695480347,56812,56822,10
13.0896396637,80.1695709229,56822,56832,10
13.0903902054,80.169593811,56832,56842,10
13.0910596848,80.1696395874,56842,56852,10
13.0915803909,80.169670105,56852,56862,10
13.0922498703,80.1697235107,56862,56872,10
13.0930995941,80.1697616577,56872,56882,10
13.093919754,80.1697692871,56882,56892,10
13.0946102142,80.1698074341,56892,56903,11
13.0949201584,80.1698532104,56903,56913,10
13.0953598022,80.1698913574,56913,56923,10
13.096159935,80.1699371338,56923,56933,10
13.0971498489,80.1700134277,56933,56943,10
13.0981397629,80.1700820923,56943,56953,10
13.0991201401,80.1701278687,56953,56963,10
13.099650383,80.1699905396,56963,56983,20
13.099650383,80.1699905396,56983,56993,10
13.0996599197,80.1698226929,56993,57002,9
13.0994997025,80.1697235107,57002,57013,11
13.0993700027,80.1697769165,57013,58265,1252
13.0993700027,80.1701202393,58265,58436,171
13.0993700027,80.1701202393,58436,58446,10
13.0991096497,80.170249939,58446,58456,10
13.0984201431,80.1701812744,58456,58467,11
13.0975904465,80.1701278687,58467,58477,10
13.0967102051,80.1700668335,58477,58487,10
13.0957202911,80.1699981689,58487,58497,10
13.0949296951,80.1699676514,58497,58507,10
13.0947599411,80.1699523926,58507,58517,10
13.0945196152,80.169921875,58517,58527,10
13.0942401886,80.1698989868,58527,58537,10
13.093580246,80.1698684692,58537,58547,10
13.0928096771,80.1698303223,58547,58557,10
13.0919904709,80.1697769165,58557,58567,10
13.0909996033,80.169708252,58567,58578,11
13.0898399353,80.1696395874,58578,58588,10
13.0890398026,80.1695785522,58588,58598,10
13.0886898041,80.1697998047,58598,58608,10
13.0886898041,80.1700820923,58608,58618,10
13.0886898041,80.1705322266,58618,58628,10
13.0886201859,80.1711578369,58628,58638,10
13.0886001587,80.1718826294,58638,58648,10
13.0886001587,80.1719436646,58648,58658,10
13.088549614,80.172416687,58658,58668,10
13.0885000229,80.1732406616,58668,58679,11
13.0884895325,80.1739196777,58679,58689,10
13.0884799957,80.1739425659,58689,58699,10
13.0884895325,80.174118042,58699,58709,10
13.0884504318,80.1744308472,58709,58719,10
13.0884103775,80.1748580933,58719,58729,10
13.0883703232,80.1754608154,58729,58739,10
13.0883102417,80.1762619019,58739,58749,10
13.0882997513,80.1768875122,58749,58759,10
13.0882797241,80.1770706177,58759,58769,10
13.0882797241,80.1775894165,58769,58779,10
13.088259697,80.178352356,58779,58789,10
13.0882701874,80.1787033081,58789,58800,11
13.0882902145,80.1794815063,58800,58820,20
13.0882902145,80.1794815063,58820,58830,10
13.0882501602,80.1799926758,58830,58840,10
13.0881900787,80.180809021,58840,58850,10
13.088139534,80.1818466187,58850,58860,10
13.0881004333,80.1830215454,58860,58870,10
13.0880403519,80.1841964722,58870,58880,10
13.0880203247,80.1850891113,58880,58890,10
13.0880298615,80.185256958,58890,58899,9
13.0880002975,80.1853408813,58899,58911,12
13.0879802704,80.1859512329,58911,58921,10
13.08796978,80.1867675781,58921,58931,10
13.0879297256,80.1875915527,58931,58941,10
13.0879402161,80.1882705688,58941,58951,10
13.0878896713,80.1891784668,58951,58961,10
13.0878400803,80.1897964478,58961,58971,10
13.0878200531,80.1898193359,58971,58981,10
13.087770462,80.190071106,58981,58991,10
13.0876998901,80.1906967163,58991,59001,10
13.0876197815,80.1914825439,59001,59012,11
13.0875301361,80.1921234131,59012,59020,8
13.0874795914,80.1924285889,59020,59032,12
13.087439537,80.1927719116,59032,59042,10
13.087389946,80.1932830811,59042,59052,10
13.0873699188,80.1940002441,59052,59062,10
13.0873498917,80.19480896,59062,59072,10
13.0873298645,80.1955566406,59072,59082,10
13.0873003006,80.1962966919,59082,59092,10
13.0872802734,80.197227478,59092,59102,10
13.0872802734,80.1975479126,59102,59112,10
13.0872402191,80.1978378296,59112,59122,10
13.0872497559,80.1982498169,59122,59133,11
13.0873603821,80.1984863281,59133,59143,10
13.0875501633,80.1985397339,59143,59153,10
13.0879898071,80.1985321045,59153,59163,10
13.0885095596,80.198387146,59163,59173,10
13.0890197754,80.1984634399,59173,59183,10
13.0894899368,80.1984863281,59183,59193,10
13.0900802612,80.1985626221,59193,59203,10
13.0908403397,80.198638916,59203,59213,10
13.0915699005,80.1986923218,59213,59223,10
13.0922899246,80.1986923218,59223,59233,10
13.092880249,80.1987304688,59233,59242,9
13.0929603577,80.1990890503,59242,59254,12
13.0929803848,80.1997909546,59254,59264,10
13.0929698944,80.2002182007,59264,59274,10
13.0929603577,80.2003707886,59274,59284,10
13.0929203033,80.2006225586,59284,59294,10
13.0926103592,80.2006225586,59294,59304,10
13.0919704437,80.200592041,59304,59314,10
13.0911598206,80.200592041,59314,59324,10
13.0902204514,80.2005691528,59324,59334,10
13.0894498825,80.2005615234,59334,59345,11
13.0886497498,80.2005233765,59345,59355,10
13.0877895355,80.2004776001,59355,59365,10
13.0871200562,80.2004394531,59365,59375,10
13.0865898132,80.2004089355,59375,59385,10
13.0860900879,80.2003936768,59385,59395,10
13.0857200623,80.200378418,59395,59415,20
13.0857200623,80.200378418,59415,59425,10
13.0853796005,80.2003479004,59425,59435,10
13.0853204727,80.2001190186,59435,59445,10
13.0853099823,80.1996231079,59445,59455,10
13.0853099823,80.1989364624,59455,59465,10
13.084980011,80.1987228394,59465,59476,11
13.0844402313,80.1987075806,59476,59486,10
13.0843000412,80.1986618042,59486,59496,10
13.0841598511,80.1986694336,59496,59506,10
13.0839300156,80.1986694336,59506,59516,10
13.0829801559,80.198638916,59516,59587,71
13.0829801559,80.198638916,59587,59597,10
13.082909584,80.1986236572,59597,59607,10
13.0824203491,80.1986083984,59607,59617,10
13.081580162,80.198638916,59617,59627,10
13.0806703568,80.1986694336,59627,59637,10
13.0796403885,80.1987762451,59637,59647,10
13.0785999298,80.1988677979,59647,59657,10
13.0775899887,80.1989974976,59657,59667,10
13.0765695572,80.1991271973,59667,59678,11
13.0754098892,80.1992874146,59678,59687,9
13.0745401382,80.1996688843,59687,59698,11
13.0738801956,80.2002868652,59698,59708,10
13.0736398697,80.2005996704,59708,59718,10
13.0735502243,80.2007064819,59718,59728,10
13.0731296539,80.2012176514,59728,59738,10
13.0726804733,80.2017669678,59738,59748,10
13.0721998215,80.2022781372,59748,59758,10
13.0715503693,80.2030029297,59758,59768,10
13.0708198547,80.2038497925,59768,59778,10
13.0699100494,80.2050476074,59778,59839,61
13.0699100494,80.2050476074,59839,59849,10
13.0697803497,80.2051010132,59849,59859,10
13.069439888,80.2048797607,59859,59869,10
13.0691604614,80.2052612305,59869,59879,10
13.0687198639,80.2054672241,59879,59889,10
13.0679302216,80.2052307129,59889,59910,21
13.0679302216,80.2052307129,59910,59920,10
13.0679998398,80.2051391602,59920,59930,10
13.0682497025,80.2050018311,59930,59940,10
13.0684299469,80.2049484253,59940,59950,10
13.0686302185,80.2048873901,59950,59960,10
13.0686597824,80.2048797607,59960,59970,10
13.0690002441,80.2047729492,59970,59980,10
13.0697498322,80.2049179077,59980,60041,61
13.0697498322,80.2049179077,60041,60051,10
13.0698699951,80.2051315308,60051,60061,10
13.0695800781,80.205619812,60061,60071,10
13.0691099167,80.2063674927,60071,60081,10
13.0685300827,80.2072906494,60081,60091,10
13.067990303,80.2081604004,60091,60101,10
13.0674695969,80.2089691162,60101,60111,10
13.0669002533,80.209777832,60111,60122,11
13.0660800934,80.2105102539,60122,60132,10
13.0653400421,80.211151123,60132,60142,10
13.0650196075,80.2113800049,60142,60152,10
13.0649299622,80.2114334106,60152,60162,10
13.0645303726,80.2115783691,60162,60172,10
13.0641698837,80.2116775513,60172,60182,10
13.0638303757,80.2117462158,60182,60192,10
13.0631999969,80.2117919922,60192,60202,10
13.0625600815,80.2118225098,60202,60212,10
13.0621995926,80.2117767334,60212,60222,10
13.0615501404,80.2117080688,60222,60233,11
13.0604801178,80.2117462158,60233,60243,10
13.0595598221,80.2117080688,60243,60253,10
13.0587997437,80.2116775513,60253,60263,10
13.0584897995,80.2116928101,60263,60273,10
13.0580101013,80.2117004395,60273,60283,10
13.0575504303,80.2116699219,60283,60293,10
13.0574102402,80.2116622925,60293,60303,10
13.0568399429,80.2116394043,60303,60313,10
13.0560998917,80.2116012573,60313,60323,10
13.0548801422,80.2116012573,60323,60344,21
13.0548801422,80.2116012573,60344,60354,10
13.0546102524,80.2115631104,60354,60364,10
13.0539598465,80.2116775513,60364,60374,10
13.0532999039,80.2118606567,60374,60384,10
13.0525598526,80.2120819092,60384,60394,10
13.0518598557,80.2122573853,60394,60404,10
13.0511598587,80.2122421265,60404,60414,10
13.0503196716,80.2121887207,60414,60455,41
13.0503196716,80.2121887207,60455,60465,10
13.0501499176,80.2122421265,60465,60475,10
13.0495004654,80.2122116089,60475,60495,20
13.0495004654,80.2122116089,60495,60505,10
13.0492601395,80.2121963501,60505,60515,10
13.0488100052,80.2122421265,60515,60525,10
13.0484104156,80.2122573853,60525,60535,10
13.0477304459,80.2123413086,60535,60545,10
13.0468702316,80.2123718262,60545,60555,10
13.0458498001,80.2124023438,60555,60566,11
13.0445604324,80.2124099731,60566,60576,10
13.0433702469,80.212387085,60576,60586,10
13.0423698425,80.212387085,60586,60596,10
13.0415296555,80.2123794556,60596,60606,10
13.0405502319,80.2124328613,60606,60616,10
13.0396699905,80.2124404907,60616,60626,10
13.0388498306,80.2124328613,60626,60636,10
13.0376501083,80.212310791,60636,60717,81
13.0376501083,80.212310791,60717,60727,10
13.0375003815,80.2121963501,60727,60737,10
13.0370702744,80.2122268677,60737,60747,10
13.0362997055,80.2122573853,60747,60757,10
13.0352697372,80.2122573853,60757,60767,10
13.0340995789,80.2121505737,60767,60788,21
13.0340995789,80.2121505737,60788,60798,10
13.0338096619,80.212097168,60798,60808,10
13.0330696106,80.2119216919,60808,60818,10
13.0321302414,80.2117233276,60818,60828,10
13.0320501328,80.2109985352,60828,60838,10
13.0321102142,80.2100601196,60838,60848,10
13.0317201614,80.2095870972,60848,60858,10
13.0308904648,80.2093429565,60858,60868,10
13.0300102234,80.2090835571,60868,60878,10
13.0295200348,80.2089309692,60878,60888,10
13.0292301178,80.2088317871,60888,60898,10
13.0284900665,80.2086334229,60898,60909,11
13.0274801254,80.2082214355,60909,60919,10
13.0265102386,80.207649231,60919,60929,10
13.0253896713,80.2070999146,60929,60939,10
13.0244598389,80.2069396973,60939,60949,10
13.0239095688,80.206817627,60949,60959,10
13.0232696533,80.2066879272,60959,60969,10
13.0226202011,80.2066116333,60969,60979,10
13.021780014,80.20652771,60979,60989,10
13.0207796097,80.206489563,60989,60999,10
13.0192298889,80.2063980103,60999,61020,21
13.0192298889,80.2063980103,61020,61030,10
13.019109726,80.2063293457,61030,61040,10
13.0186395645,80.2061386108,61040,61050,10
13.0179195404,80.205909729,61050,61060,10
13.0171298981,80.2056427002,61060,61070,10
13.0162496567,80.205329895,61070,61080,10
13.0152301788,80.2049636841,61080,61090,10
13.0141801834,80.2045669556,61090,61100,10
13.0136404037,80.2044372559,61100,61110,10
13.0135097504,80.204788208,61110,61121,11
13.0132904053,80.2055206299,61121,61131,10
13.0130596161,80.2063827515,61131,61141,10
13.013010025,80.2072219849,61141,61151,10
13.0129404068,80.2077713013,61151,61161,10
13.0129098892,80.2081604004,61161,61171,10
13.0128898621,80.2086105347,61171,61181,10
13.0129404068,80.2090377808,61181,61191,10
13.0131196976,80.2096405029,61191,61201,10
13.0131797791,80.2101287842,61201,61211,10
13.0130796432,80.2108230591,61211,61221,10
13.0127296448,80.2115097046,61221,61231,10
13.0123596191,80.2121582031,61231,61242,11
13.0119600296,80.2127227783,61242,61252,10
13.0117502213,80.2128067017,61252,61262,10
13.0114002228,80.212562561,61262,61272,10
13.0107803345,80.2120895386,61272,61282,10
13.0099096298,80.2114334106,61282,61353,71
13.0099096298,80.2114334106,61353,61363,10
13.0096101761,80.211227417,61363,61373,10
13.0094995499,80.2110977173,61373,61393,20
13.0094995499,80.2110977173,61393,61403,10
13.0092201233,80.2112426758,61403,61413,10
13.0089998245,80.2115783691,61413,61423,10
13.0090999603,80.2120132446,61423,61433,10
13.0093297958,80.2126617432,61433,61443,10
13.0095996857,80.2133407593,61443,61454,11
13.0099201202,80.2140884399,61454,61464,10
13.0101499557,80.2147979736,61464,61474,10
13.0102596283,80.2156219482,61474,61484,10
13.0105600357,80.2163619995,61484,61494,10
13.0108995438,80.217086792,61494,61504,10
13.0112600327,80.2179336548,61504,61514,10
13.0115804672,80.2188186646,61514,61524,10
13.011879921,80.2197418213,61524,61534,10
13.0121603012,80.2206192017,61534,61544,10
13.0123596191,80.221321106,61544,61554,10
13.0125398636,80.221786499,61554,61565,11
13.0128498077,80.2222366333,61565,61575,10
13.0132102966,80.2225723267,61575,61585,10
13.0135803223,80.2229690552,61585,61595,10
13.0140104294,80.2235107422,61595,61605,10
13.0143604279,80.2239990234,61605,61615,10
13.0148801804,80.2245864868,61615,61625,10
13.0153398514,80.2251663208,61625,61635,10
13.0153503418,80.2257919312,61635,61645,10
13.0150098801,80.2259979248,61645,61666,21
13.0150098801,80.2259979248,61666,61676,10
13.0146303177,80.2261581421,61676,61686,10
13.0139398575,80.2264175415,61686,61696,10
13.013130188,80.2267227173,61696,61706,10
13.0122900009,80.2270507813,61706,61716,10
13.011300087,80.2274398804,61716,61726,10
13.0103197098,80.2278137207,61726,61736,10
13.0096197128,80.2278594971,61736,61746,10
13.0096101761,80.2273788452,61746,61756,10
13.0099201202,80.2267227173,61756,61766,10
13.0102701187,80.2259368896,61766,61777,11
13.0105695724,80.2250976563,61777,61787,10
13.0108003616,80.224571228,61787,61797,10
13.0109395981,80.2241592407,61797,61807,10
13.011059761,80.2238998413,61807,61817,10
13.0111904144,80.2235412598,61817,61827,10
13.0112600327,80.2233200073,61827,61837,10
13.0110301971,80.2230834961,61837,61847,10
13.0105304718,80.2228317261,61847,61857,10
13.0100402832,80.2225570679,61857,61867,10
13.0094900131,80.2222671509,61867,61877,10
13.0087499619,80.2218704224,61877,61887,10
13.007900238,80.2214202881,61887,61898,11
13.006939888,80.2209014893,61898,61908,10
13.0060195923,80.2205963135,61908,61918,10
13.0048999786,80.2203369141,61918,61928,10
13.0038795471,80.2201004028,61928,61938,10
13.0029001236,80.2197875977,61938,61948,10
13.0021696091,80.2192306519,61948,61958,10
13.0017204285,80.2187423706,61958,61968,10
13.0010795593,80.2182388306,61968,61978,10
13.0004301071,80.2178115845,61978,61988,10
12.9997196198,80.2173614502,61988,61999,11
12.9988803864,80.2169265747,61999,62009,10
12.9980201721,80.2166137695,62009,62019,10
12.9974298477,80.2165374756,62019,62029,10
12.9973802567,80.2164916992,62029,62039,10
12.9969797134,80.2164993286,62039,62049,10
12.9963502884,80.2165985107,62049,62059,10
12.9955596924,80.2168121338,62059,62069,10
12.9950704575,80.217086792,62069,62079,10
12.9947500229,80.2173080444,62079,62089,10
12.9942703247,80.2176513672,62089,62098,9
12.9939098358,80.2179107666,62098,62109,11
12.9933099747,80.2183380127,62109,62120,11
12.9926300049,80.2188262939,62120,62130,10
12.9918899536,80.219367981,62130,62140,10
12.9913597107,80.2195968628,62140,62150,10
12.9910297394,80.2194671631,62150,62160,10
12.9909496307,80.2194290161,62160,62170,10
12.9904298782,80.2192230225,62170,62180,10
12.9896297455,80.2189483643,62180,62190,10
12.9886398315,80.2185974121,62190,62200,10
12.9869403839,80.2182693481,62200,62231,31
12.9869403839,80.2182693481,62231,62241,10
12.9866104126,80.2181777954,62241,62251,10
12.9859800339,80.2180023193,62251,62261,10
12.9850196838,80.217918396,62261,62271,10
12.9840097427,80.2179870605,62271,62291,20
12.9840097427,80.2179870605,62291,62301,10
12.9836196899,80.2179794312,62301,62311,10
12.9828901291,80.2179794312,62311,62321,10
12.9821796417,80.2179718018,62321,62331,10
12.9813499451,80.2180786133,62331,62342,11
12.9804296494,80.2183914185,62342,62352,10
12.9796800613,80.2186965942,62352,62362,10
12.9789304733,80.2190093994,62362,62372,10
12.9783802032,80.2192382813,62372,62382,10
12.977640152,80.2195510864,62382,62392,10
12.9766702652,80.2199630737,62392,62402,10
12.9755802155,80.2205123901,62402,62503,101
12.9755802155,80.2205123901,62503,62513,10
12.9755601883,80.2208175659,62513,62523,10
12.9757003784,80.2209091187,62523,62533,10
12.9759998322,80.2211532593,62533,63250,717
12.9759998322,80.2211532593,63250,63260,10
12.9763402939,80.2212677002,63260,63270,10
12.976559639,80.221282959,63270,63280,10
12.9770202637,80.2212600708,63280,63290,10
12.9775800705,80.2211227417,63290,63300,10
12.9781904221,80.221031189,63300,63310,10
12.97935009,80.2210464478,63310,63321,11
12.9803304672,80.2209777832,63321,63331,10
12.9811000824,80.2210388184,63331,63341,10
12.9814395905,80.2212219238,63341,63351,10
12.9817695618,80.2214279175,63351,63361,10
12.9821395874,80.2216567993,63361,63371,10
12.9825000763,80.221786499,63371,63381,10
12.9828500748,80.2218933105,63381,63391,10
12.9829902649,80.2219772339,63391,63401,10
12.9831495285,80.222076416,63401,63411,10
12.9834403992,80.2222595215,63411,63421,10
12.983590126,80.2223587036,63421,63432,11
12.9840297699,80.2226409912,63432,63442,10
12.9844703674,80.2229003906,63442,63452,10
12.9848804474,80.2231292725,63452,63462,10
12.9853200912,80.2232666016,63462,63472,10
12.9856796265,80.2230224609,63472,63482,10
12.9862298965,80.2229309082,63482,63492,10
12.9864797592,80.2229385376,63492,63502,10
12.9866504669,80.2229690552,63502,63512,10
12.9871196747,80.2230529785,63512,63522,10
12.987739563,80.2229919434,63522,63532,10
12.9883403778,80.2226104736,63532,63543,11
12.9887895584,80.22215271,63543,63553,10
12.9890203476,80.2218322754,63553,63563,10
12.9894304276,80.2213668823,63563,63573,10
12.9898996353,80.220703125,63573,63583,10
12.9904003143,80.220413208,63583,63593,10
12.9904203415,80.220413208,63593,63603,10
12.9907302856,80.2201766968,63603,63613,10
12.9910898209,80.2198486328,63613,63623,10
12.9916400909,80.2194824219,63623,63633,10
12.9921398163,80.2191162109,63633,63642,9
12.9926595688,80.2187423706,63642,63654,12
12.9932804108,80.21824646,63654,63664,10
12.9938802719,80.2178726196,63664,63674,10
12.9943599701,80.2174606323,63674,63684,10
12.9946203232,80.2173080444,63684,63694,10
12.9949197769,80.2171096802,63694,63704,10
12.9953899384,80.2168121338,63704,63714,10
12.9959897995,80.2165985107,63714,63724,10
12.9966497421,80.2164764404,63724,63734,10
12.9973697662,80.2162017822,63734,63754,20
12.9973697662,80.2162017822,63754,63765,11
12.9976100922,80.2160110474,63765,63775,10
12.9979200363,80.2157363892,63775,63785,10
12.9983596802,80.2153167725,63785,63795,10
12.9989595413,80.21484375,63795,63805,10
12.9992399216,80.2146377563,63805,63815,10
12.9996004105,80.2143173218,63815,63825,10
13.0000400543,80.2139587402,63825,63835,10
13.0005702972,80.2135467529,63835,63845,10
13.0010204315,80.2131271362,63845,63855,10
13.0014896393,80.2127532959,63855,63864,9
13.0019903183,80.2124023438,63864,63876,12
13.0027599335,80.2121200562,63876,63886,10
13.0036201477,80.2119598389,63886,63906,20
13.0036201477,80.2119598389,63906,63916,10
13.0036802292,80.2117233276,63916,63926,10
13.0036697388,80.211227417,63926,63936,10
13.0035800934,80.2105178833,63936,63946,10
13.0034999847,80.2098693848,63946,63956,10
13.0035600662,80.2092590332,63956,63966,10
13.0038499832,80.2086715698,63966,63976,10
13.0046195984,80.2089385986,63976,63987,11
13.0055999756,80.2093505859,63987,63997,10
13.0061702728,80.2095489502,63997,64007,10
13.0065002441,80.2096405029,64007,64017,10
13.006939888,80.209777832,64017,64027,10
13.0073795319,80.2098312378,64027,64047,20
13.0073795319,80.2098312378,64047,64057,10
13.0075502396,80.2098693848,64057,64067,10
13.0077896118,80.2099380493,64067,64077,10
13.0079898834,80.2099685669,64077,64087,10
13.0081796646,80.2098312378,64087,64098,11
13.0080404282,80.2092895508,64098,64108,10
13.0079298019,80.2086410522,64108,64118,10
13.0077896118,80.2078704834,64118,64128,10
13.0076704025,80.2071304321,64128,64138,10
13.0075702667,80.2063293457,64138,64148,10
13.0074901581,80.2054824829,64148,64158,10
13.0074996948,80.2047195435,64158,64168,10
13.0074596405,80.2040100098,64168,64178,10
13.0073099136,80.2031478882,64178,64188,10
13.006819725,80.20262146,64188,64198,10
13.0065498352,80.2031326294,64198,64209,11
13.0070295334,80.2035217285,64209,64219,10
13.007610321,80.2037200928,64219,64229,10
13.0083999634,80.203742981,64229,64239,10
13.0093603134,80.2036819458,64239,64249,10
13.0104598999,80.2036590576,64249,64259,10
13.0116500854,80.2037582397,64259,64269,10
13.0128202438,80.2039794922,64269,64279,10
13.0134897232,80.2041778564,64279,64289,10
13.01404953,80.2043991089,64289,64299,10
13.0148200989,80.2046585083,64299,64309,10
13.0155496597,80.2048873901,64309,64320,11
13.016119957,80.205116272,64320,64330,10
13.016289711,80.2052307129,64330,64340,10
13.0164899826,80.2052383423,64340,64350,10
13.0167999268,80.2052536011,64350,64360,10
13.0173397064,80.2055282593,64360,64370,10
13.0181999207,80.2057800293,64370,64380,10
13.0186395645,80.2059173584,64380,64390,10
13.0186500549,80.2059173584,64390,64400,10
13.0187397003,80.205947876,64400,64409,9
13.019080162,80.2061233521,64409,64420,11
13.0198802948,80.2062911987,64420,64431,11
13.0209503174,80.2063293457,64431,64441,10
13.0218296051,80.2063369751,64441,64451,10
13.0226602554,80.2064208984,64451,64461,10
13.0235700607,80.2065811157,64461,64471,10
13.0241003036,80.2066421509,64471,64481,10
13.0242500305,80.2066726685,64481,64491,10
13.0244197845,80.206703186,64491,64501,10
13.0249595642,80.2068634033,64501,64511,10
13.0257196426,80.2071609497,64511,64521,10
13.0265197754,80.2076034546,64521,64532,11
13.0274095535,80.2081222534,64532,64542,10
13.0282096863,80.2085189819,64542,64552,10
13.0288896561,80.2087020874,64552,64562,10
13.0292396545,80.208770752,64562,64572,10
13.0292596817,80.2087783813,64572,64582,10
13.0294504166,80.208770752,64582,64592,10
13.0298595428,80.2089004517,64592,64602,10
13.0303401947,80.2090377808,64602,64612,10
13.0306396484,80.2091598511,64612,64622,10
13.0311098099,80.2092895508,64622,64632,10
13.0315904617,80.2093887329,64632,64653,21
13.0315904617,80.2093887329,64653,64663,10
13.0318002701,80.2093811035,64663,64673,10
13.0323495865,80.2095031738,64673,64683,10
13.032959938,80.2096328735,64683,64693,10
13.0336503983,80.2098083496,64693,64703,10
13.0343198776,80.2099533081,64703,64713,10
13.0348997116,80.2101135254,64713,64723,10
13.035030365,80.2104797363,64723,64733,10
13.0349903107,80.2113494873,64733,64754,21
13.0349903107,80.2113494873,64754,64764,10
13.0349502563,80.211479187,64764,64774,10
13.0348901749,80.2117919922,64774,64784,10
13.0348701477,80.2121429443,64784,64794,10
13.0351400375,80.212310791,64794,64804,10
13.03565979,80.2123413086,64804,64814,10
13.0363397598,80.2123336792,64814,64824,10
13.0368099213,80.2123031616,64824,64834,10
13.0371198654,80.212272644,64834,64854,20
13.0371198654,80.212272644,64854,64865,11
13.0374603271,80.212310791,64865,64875,10
13.0379695892,80.2123031616,64875,64885,10
13.0387296677,80.2122802734,64885,64895,10
13.0391798019,80.2121810913,64895,64905,10
13.0395498276,80.2120819092,64905,64915,10
13.0399503708,80.2119369507,64915,64925,10
13.0405302048,80.2118377686,64925,64935,10
13.0410299301,80.2117767334,64935,64945,10
13.041560173,80.2118530273,64945,64955,10
13.0420198441,80.2119293213,64955,64965,10
13.0425395966,80.212020874,64965,64976,11
13.043510437,80.2121963501,64976,64996,20
13.0438203812,80.2122802734,64996,65056,60
13.0438203812,80.2122802734,65056,65066,10
13.0438899994,80.2123184204,65066,65076,10
13.0441398621,80.2123031616,65076,65087,11
13.0447397232,80.212310791,65087,65097,10
13.0454597473,80.2123031616,65097,65107,10
13.0462503433,80.2122802734,65107,65117,10
13.0471000671,80.2122421265,65117,65127,10
13.047750473,80.2121429443,65127,65137,10
13.0483903885,80.212059021,65137,65177,40
13.0483903885,80.212059021,65177,65187,10
13.0487003326,80.2120132446,65187,65198,11
13.0494499207,80.2119522095,65198,65208,10
13.0498104095,80.2119293213,65208,65288,80
13.0498104095,80.2119293213,65288,65298,10
13.0499601364,80.2119064331,65298,65309,11
13.0502595901,80.2119369507,65309,65319,10
13.0507202148,80.212020874,65319,65329,10
13.0511598587,80.2119903564,65329,65339,10
13.0518903732,80.2118835449,65339,65349,10
13.0528202057,80.2117080688,65349,65359,10
13.0543298721,80.21144104,65359,65379,20
13.0543298721,80.21144104,65379,65389,10
13.0546503067,80.2114181519,65389,65399,10
13.055150032,80.21144104,65399,65409,10
13.0559997559,80.2114486694,65409,65420,11
13.0572900772,80.2114334106,65420,65440,20
13.0572900772,80.2114334106,65440,65450,10
13.0576200485,80.2114486694,65450,65460,10
13.0582504272,80.2114715576,65460,65470,10
13.0589704514,80.2114868164,65470,65480,10
13.0598897934,80.2115478516,65480,65490,10
13.0608701706,80.2116012573,65490,65500,10
13.0616502762,80.2116699219,65500,65510,10
13.0624103546,80.2116088867,65510,65520,10
13.0630302429,80.2115783691,65520,65531,11
13.0631103516,80.2115783691,65531,65541,10
13.0634803772,80.2115402222,65541,65551,10
13.0641098022,80.2114715576,65551,65561,10
13.0648603439,80.21118927,65561,65571,10
13.0656204224,80.210647583,65571,65581,10
13.0663299561,80.2100830078,65581,65591,10
13.0668897629,80.209487915,65591,65601,10
13.0671195984,80.2090988159,65601,65611,10
13.0673599243,80.2087097168,65611,65621,10
13.0676898956,80.2081985474,65621,65631,10
13.0681600571,80.2074890137,65631,65642,11
13.0687198639,80.2066421509,65642,65652,10
13.0691604614,80.2059402466,65652,65662,10
13.0693702698,80.2055969238,65662,65672,10
13.0694599152,80.2054367065,65672,65682,10
13.0695695877,80.2052612305,65682,65692,10
13.0695695877,80.2048721313,65692,65702,10
13.0692195892,80.2051391602,65702,65712,10
13.0689001083,80.2053909302,65712,65722,10
13.0687503815,80.2049407959,65722,65763,41
13.0687503815,80.2049407959,65763,65773,10
13.0689201355,80.2047729492,65773,65783,10
13.0691604614,80.2047576904,65783,65823,40
13.0691604614,80.2047576904,65823,65833,10
13.069560051,80.2048187256,65833,65843,10
13.0698404312,80.2048568726,65843,65854,11
13.0701999664,80.2045211792,65854,65864,10
13.0706701279,80.2039108276,65864,65874,10
13.0712995529,80.2031478882,65874,65884,10
13.072019577,80.2023391724,65884,65924,40
13.072019577,80.2023391724,65924,65934,10
13.072259903,80.2020568848,65934,65944,10
13.0726003647,80.2016601563,65944,65954,10
13.0731201172,80.2010498047,65954,65965,11
13.0737600327,80.2002792358,65965,65975,10
13.0745296478,80.1993865967,65975,65995,20
13.0745296478,80.1993865967,65995,66005,10
13.0748701096,80.199180603,66005,66015,10
13.0755596161,80.1990737915,66015,66025,10
13.0764598846,80.1990432739,66025,66035,10
13.0776100159,80.1989593506,66035,66045,10
13.0787296295,80.1988220215,66045,66055,10
13.0795898438,80.1987304688,66055,66065,10
13.0803804398,80.1986465454,66065,66076,11
13.0811300278,80.1986083984,66076,66086,10
13.0814599991,80.1986236572,66086,66126,40
13.0814599991,80.1986236572,66126,66136,10
13.0818004608,80.198600769,66136,66146,10
13.0819597244,80.198600769,66146,66156,10
13.082400322,80.1985473633,66156,66207,51
13.082400322,80.1985473633,66207,66217,10
13.0827598572,80.1985397339,66217,66227,10
13.0831699371,80.1985626221,66227,66267,40
13.0831699371,80.1985626221,66267,66277,10
13.0836296082,80.1984863281,66277,66298,21
13.0836296082,80.1984863281,66298,66308,10
13.0838499069,80.1984786987,66308,66318,10
13.0840597153,80.1984863281,66318,66328,10
13.0842399597,80.1984863281,66328,66338,10
13.0844402313,80.1984863281,66338,66348,10
13.0846204758,80.1985015869,66348,66358,10
13.0849103928,80.1984634399,66358,66378,20
13.0849103928,80.1984634399,66378,66388,10
13.0852499008,80.1984634399,66388,66398,10
13.0856103897,80.1984329224,66398,66409,11
13.0859899521,80.1983566284,66409,66419,10
13.0864295959,80.1984786987,66419,66429,10
13.0866603851,80.1985015869,66429,66439,10
13.086930275,80.1984863281,66439,66449,10
13.0870704651,80.1983032227,66449,66459,10
13.0870895386,80.1980133057,66459,66469,10
13.087100029,80.1979522705,66469,66479,10
13.0871400833,80.1978225708,66479,66489,10
13.0871801376,80.1974029541,66489,66499,10
13.0872097015,80.1968307495,66499,66509,10
13.0872402191,80.1960678101,66509,66520,11
13.0872602463,80.1952590942,66520,66530,10
13.0872602463,80.1944274902,66530,66540,10
13.0872802734,80.1935501099,66540,66550,10
13.0872497559,80.1931991577,66550,66600,50
13.0872497559,80.1931991577,66600,66610,10
13.0872297287,80.1929473877,66610,66620,10
13.0872802734,80.1926574707,66620,66631,11
13.0873403549,80.1922225952,66631,66641,10
13.0874099731,80.1917190552,66641,66651,10
13.0874900818,80.1911392212,66651,66661,10
13.0875797272,80.1904220581,66661,66671,10
13.0876903534,80.1896591187,66671,66681,10
13.0876903534,80.1890563965,66681,66701,20
13.0876903534,80.1890563965,66701,66711,10
13.0877199173,80.1886520386,66711,66721,10
13.0877599716,80.1880264282,66721,66731,10
13.0878095627,80.1874771118,66731,66742,11
13.0878200531,80.186882019,66742,66752,10
13.0878200531,80.1862716675,66752,66762,10
13.0878400803,80.1858825684,66762,66772,10
13.0878601074,80.1855926514,66772,66782,10
13.0878896713,80.1850280762,66782,66792,10
13.0879096985,80.1844863892,66792,66802,10
13.0879297256,80.1838684082,66802,66812,10
13.0879402161,80.1831893921,66812,66822,10
13.0879602432,80.1825790405,66822,66832,10
13.0879802704,80.182182312,66832,66842,10
13.0880098343,80.1815567017,66842,66852,10
13.0880098343,80.1809082031,66852,66863,11
13.0880203247,80.1798782349,66863,66903,40
13.0880203247,80.1798782349,66903,66913,10
13.0880699158,80.1795883179,66913,66923,10
13.0880804062,80.1790313721,66923,66943,20
13.0880804062,80.1790313721,66943,66953,10
13.0881099701,80.1786499023,66953,66964,11
13.0881299973,80.1779632568,66964,66974,10
13.088139534,80.1772994995,66974,66984,10
13.0881996155,80.1765975952,66984,66994,10
13.0882501602,80.17578125,66994,67004,10
13.0882797241,80.1750869751,67004,67014,10
13.0883197784,80.174697876,67014,67024,10
13.0883798599,80.1741867065,67024,67034,10
13.0884304047,80.1735992432,67034,67044,10
13.0884599686,80.1730270386,67044,67054,10
13.0885000229,80.1720123291,67054,67075,21
13.0885000229,80.1720123291,67075,67085,10
13.0885400772,80.1715774536,67085,67095,10
13.0885896683,80.1708679199,67095,67105,10
13.0886297226,80.1702194214,67105,67115,10
13.0886096954,80.1698684692,67115,67196,81
13.0886096954,80.1698684692,67196,67206,10
13.0886001587,80.1697387695,67206,67216,10
13.0887699127,80.1695404053,67216,67226,10
13.0891799927,80.169593811,67226,67236,10
13.0895996094,80.1696472168,67236,67246,10
13.090180397,80.1696624756,67246,67256,10
13.0909700394,80.1697235107,67256,67266,10
13.0916795731,80.1697463989,67266,67276,10
13.0925197601,80.1697998047,67276,67287,11
13.0933103561,80.1697998047,67287,67297,10
13.0940103531,80.1697921753,67297,67307,10
13.0945100784,80.1698074341,67307,67317,10
13.0945396423,80.1698226929,67317,67327,10
13.0949201584,80.1699295044,67327,67337,10
13.0954399109,80.1699371338,67337,67347,10
13.0962696075,80.1699829102,67347,67357,10
13.0972604752,80.1700592041,67357,67367,10
13.0980195999,80.1700973511,67367,67377,10
13.0988502502,80.1701583862,67377,67387,10
13.0991802216,80.170173645,67387,67398,11
13.0992202759,80.1701812744,67398,67408,10
13.0995101929,80.1701507568,67408,67418,10
13.0996398926,80.1700134277,67418,67428,10
13.099650383,80.1697769165,67428,67458,30
13.099650383,80.1697769165,67458,67468,10
13.0994997025,80.1697235107,67468,67478,10
13.0993795395,80.1698989868,67478,67922,444
13.099360466,80.1702194214,67922,68366,444
13.099360466,80.1702194214,68366,68376,10
13.0992603302,80.1702804565,68376,68386,10
13.0988998413,80.170249939,68386,68397,11
13.0981702805,80.1701583862,68397,68407,10
13.0974798203,80.1701431274,68407,68417,10
13.096739769,80.1700973511,68417,68427,10
13.0959796906,80.1700515747,68427,68437,10
13.0953102112,80.1699981689,68437,68447,10
13.0951004028,80.1699981689,68447,68457,10
13.0947799683,80.1699829102,68457,68467,10
13.0945701599,80.169960022,68467,68477,10
13.0942401886,80.169921875,68477,68487,10
13.0937900543,80.1698608398,68487,68496,9
13.0932502747,80.1698379517,68496,68508,12
13.0924901962,80.1697921753,68508,68518,10
13.0917596817,80.1697311401,68518,68528,10
13.0913000107,80.169708252,68528,68538,10
13.0907497406,80.1697006226,68538,68548,10
13.0900802612,80.1696624756,68548,68558,10
13.0892896652,80.1696090698,68558,68568,10
13.0888204575,80.1696090698,68568,68588,20
13.0888204575,80.1696090698,68588,68598,10
13.0886602402,80.1699371338,68598,68609,11
13.088640213,80.1704864502,68609,68619,10
13.0886096954,80.1710281372,68619,68629,10
13.0885896683,80.1718521118,68629,68659,30
13.0885896683,80.1718521118,68659,68669,10
13.0885400772,80.1723175049,68669,68679,10
13.0885095596,80.1728210449,68679,68689,10
13.0884895325,80.173500061,68689,68942,253
13.0884895325,80.173500061,68942,68952,10
13.0883903503,80.1736984253,68952,68962,10
13.0883998871,80.1742782593,68962,68972,10
13.0883703232,80.1748886108,68972,68982,10
13.0883398056,80.175567627,68982,68992,10
13.0882797241,80.1764602661,68992,69002,10
13.0882396698,80.1771087646,69002,69012,10
13.0882396698,80.1773910522,69012,69022,10
13.0882396698,80.1780166626,69022,69032,10
13.088259697,80.1785888672,69032,69042,10
13.0882396698,80.1786880493,69042,69053,11
13.0882396698,80.1795196533,69053,69113,60
13.0882396698,80.1795196533,69113,69123,10
13.0881795883,80.1798095703,69123,69133,10
13.0881700516,80.1804580688,69133,69143,10
13.0881500244,80.1813430786,69143,69152,9
13.0881099701,80.182258606,69152,69164,12
13.0880498886,80.183631897,69164,69174,10
13.0880098343,80.1847381592,69174,69184,10
13.08796978,80.1855697632,69184,69194,10
13.0879402161,80.186340332,69194,69204,10
13.0879001617,80.1870727539,69204,69214,10
13.0878896713,80.187789917,69214,69224,10
13.087849617,80.1884689331,69224,69234,10
13.0878200531,80.1891326904,69234,69244,10
13.0878000259,80.1896591187,69244,69264,20
13.0878000259,80.1896591187,69264,69275,11
13.0877799988,80.1898498535,69275,69285,10
13.0877399445,80.1900405884,69285,69305,20
13.0877399445,80.1900405884,69305,69315,10
13.087679863,80.1902236938,69315,69325,10
13.0876398087,80.1905136108,69325,69335,10
13.0876197815,80.1906967163,69335,69406,71
13.0876197815,80.1906967163,69406,69416,10
13.0875797272,80.1910018921,69416,69426,10
13.0875396729,80.191192627,69426,69436,10
13.0874996185,80.1914596558,69436,69497,61
13.0874996185,80.1914596558,69497,69507,10
13.0874500275,80.1919326782,69507,69517,10
13.0874099731,80.192199707,69517,69527,10
13.0873699188,80.1924285889,69527,69597,70
13.0873699188,80.1924285889,69597,69608,11
13.0873298645,80.1925888062,69608,69618,10
13.0873098373,80.192779541,69618,69628,10
13.0873003006,80.1933135986,69628,69638,10
13.0872802734,80.1941070557,69638,69648,10
13.087269783,80.1950073242,69648,69658,10
13.0872602463,80.1959075928,69658,69668,10
13.0872402191,80.1968383789,69668,69678,10
13.0872001648,80.1975402832,69678,69688,10
13.0872602463,80.1980133057,69688,69698,10
13.0872602463,80.1981582642,69698,69708,10
13.0873203278,80.1984176636,69708,69719,11
13.0875196457,80.1985168457,69719,69729,10
13.0880002975,80.1984863281,69729,69739,10
13.0886001587,80.1984634399,69739,69749,10
13.0892801285,80.1984710693,69749,69759,10
13.0901403427,80.1985168457,69759,69769,10
13.0911502838,80.198600769,69769,69779,10
13.092089653,80.1986923218,69779,69789,10
13.0928001404,80.1986923218,69789,69799,10
13.0929603577,80.1989822388,69799,69808,9
13.0929203033,80.1995773315,69808,69819,11
13.092880249,80.2004089355,69819,69830,11
13.0927400589,80.2006607056,69830,69840,10
13.092209816,80.2006225586,69840,69850,10
13.0915603638,80.200592041,69850,69860,10
13.0909099579,80.2005615234,69860,69870,10
13.0902700424,80.2005233765,69870,69880,10
13.0896196365,80.2005081177,69880,69890,10
13.0890302658,80.2004928589,69890,69900,10
13.088350296,80.2004470825,69900,69910,10
13.0876502991,80.2004470825,69910,69920,10
13.087100029,80.2004165649,69920,69931,11
13.0866003036,80.2004089355,69931,69941,10
13.0859498978,80.2004013062,69941,69951,10
13.0855798721,80.200378418,69951,69961,10
13.0854902267,80.2003707886,69961,69971,10
13.0852899551,80.2002716064,69971,69981,10
13.0852804184,80.1998977661,69981,69991,10
13.0853204727,80.199508667,69991,70001,10
13.0853395462,80.1991424561,70001,70042,41
13.0853395462,80.1991424561,70042,70052,10
13.0853500366,80.1987075806,70052,70082,30
13.0853500366,80.1987075806,70082,70092,10
13.0849399567,80.1987915039,70092,70122,30
13.0849399567,80.1987915039,70122,70132,10
13.0847396851,80.1987533569,70132,70142,10
13.0844898224,80.1987533569,70142,70153,11
13.0842504501,80.1987609863,70153,70163,10
13.0842399597,80.1987609863,70163,70173,10
13.0840597153,80.1987380981,70173,70183,10
13.0837097168,80.1987304688,70183,70233,50
13.0837097168,80.1987304688,70233,70243,10
13.0834999084,80.1986999512,70243,70253,10
13.0832099915,80.1986999512,70253,70264,11
13.0829696655,80.1986999512,70264,70274,10
13.0826997757,80.1986694336,70274,70284,10
13.0823202133,80.1986694336,70284,70294,10
13.0820302963,80.1986923218,70294,70304,10
13.081700325,80.1986999512,70304,70314,10
13.0813503265,80.1986923218,70314,70324,10
13.0808601379,80.1986999512,70324,70334,10
13.0801897049,80.1987762451,70334,70344,10
13.0794696808,80.1988372803,70344,70354,10
13.0788002014,80.1988830566,70354,70364,10
13.078209877,80.1989517212,70364,70375,11
13.0774402618,80.1990585327,70375,70385,10
13.0767097473,80.1991424561,70385,70395,10
13.075920105,80.1992416382,70395,70405,10
13.0750303268,80.199432373,70405,70415,10
13.0743103027,80.199836731,70415,70425,10
13.0738601685,80.2002410889,70425,70435,10
13.0737304688,80.2004013062,70435,70445,10
13.0736598969,80.2005081177,70445,70455,10
13.0736103058,80.2005462646,70455,70465,10
13.0733003616,80.2009429932,70465,70475,10
13.0727701187,80.2015609741,70475,70486,11
13.072259903,80.2021789551,70486,70496,10
13.071680069,80.2027816772,70496,70506,10
13.0710401535,80.2035369873,70506,70516,10
13.0703697205,80.2043685913,70516,70526,10
13.0699996948,80.2049636841,70526,70536,10
13.0699596405,80.205039978,70536,70546,10
13.0698699951,80.205078125,70546,70556,10
13.0696201324,80.2049865723,70556,70566,10
13.0693397522,80.2048873901,70566,70576,10
13.0690097809,80.205291748,70576,70586,10
13.0687599182,80.2054367065,70586,70597,11
13.0682096481,80.2054824829,70597,70607,10
13.067899704,80.2052764893,70607,70637,30
13.067899704,80.2052764893,70637,70647,10
13.0679197311,80.2051696777,70647,70657,10
13.0682296753,80.2049865723,70657,70667,10
13.0686397552,80.2048416138,70667,70677,10
13.0691699982,80.2047576904,70677,70687,10
13.069560051,80.204826355,70687,70697,10
13.0697803497,80.2049865723,70697,70708,11
13.0696496964,80.2054595947,70708,70718,10
13.0692300797,80.2061004639,70718,70728,10
13.0687398911,80.2068786621,70728,70737,9
13.0682401657,80.2076797485,70737,70748,11
13.0676403046,80.2086181641,70748,70758,10
13.0670499802,80.2095184326,70758,70768,10
13.0662899017,80.2102813721,70768,70778,10
13.065199852,80.2112197876,70778,70798,20
13.065199852,80.2112197876,70798,70809,11
13.0649003983,80.2114028931,70809,70819,10
13.0643596649,80.2116088867,70819,70829,10
13.0636901855,80.2117614746,70829,70839,10
13.0629796982,80.2117996216,70839,70849,10
13.0622997284,80.2117462158,70849,70859,10
13.0617198944,80.2117080688,70859,70869,10
13.0608501434,80.2117080688,70869,70879,10
13.0599803925,80.2116928101,70879,70889,10
13.0590896606,80.2116622925,70889,70899,10
13.0585603714,80.2116470337,70899,70909,10
13.0580396652,80.2116622925,70909,70920,11
13.0577497482,80.2116775513,70920,70930,10
13.0576496124,80.2116928101,70930,70940,10
13.0571603775,80.2116928101,70940,70950,10
13.0563898087,80.2116622925,70950,70960,10
13.0554895401,80.2116165161,70960,70970,10
13.0546197891,80.2116088867,70970,70980,10
13.0537996292,80.2117080688,70980,70990,10
13.0530500412,80.2118988037,70990,71000,10
13.0524196625,80.212097168,71000,71010,10
13.0518198013,80.2122268677,71010,71020,10
13.051199913,80.2122573853,71020,71031,11
13.0508098602,80.212272644,71031,71041,10
13.0502099991,80.2122192383,71041,71051,10
13.0498304367,80.2121734619,71051,71061,10
13.0494804382,80.2121963501,71061,71071,10
13.0492401123,80.2122421265,71071,71081,10
13.049200058,80.2122497559,71081,71091,10
13.049030304,80.2122421265,71091,71101,10
13.0485200882,80.2122497559,71101,71111,10
13.047829628,80.2123031616,71111,71121,10
13.0469503403,80.2123565674,71121,71131,10
13.0460500717,80.2123794556,71131,71142,11
13.0450496674,80.2124710083,71142,71212,70
13.0450496674,80.2124710083,71212,71222,10
13.0447397232,80.2124710083,71222,71232,10
13.0442199707,80.2124404907,71232,71242,10
13.0434398651,80.2124404907,71242,71253,11
13.0425596237,80.2124176025,71253,71263,10
13.0419197083,80.2124633789,71263,71273,10
13.0410995483,80.2124633789,71273,71283,10
13.0401802063,80.2124633789,71283,71293,10
13.0392799377,80.2124633789,71293,71303,10
13.038359642,80.2124633789,71303,71313,10
13.0375204086,80.2124176025,71313,71323,10
13.0368003845,80.2123794556,71323,71333,10
13.0359296799,80.2123565674,71333,71343,10
13.035369873,80.2123184204,71343,71353,10
13.0349397659,80.2123031616,71353,71364,11
13.0344800949,80.2122192383,71364,71394,30
13.0344800949,80.2122192383,71394,71404,10
13.0342798233,80.2121887207,71404,71414,10
13.0337295532,80.2120819092,71414,71424,10
13.0328998566,80.2119293213,71424,71434,10
13.0320901871,80.2117614746,71434,71444,10
13.031999588,80.2110671997,71444,71454,10
13.0320596695,80.2102813721,71454,71464,10
13.0320100784,80.2097167969,71464,71475,11
13.0313901901,80.2095336914,71475,71485,10
13.0309801102,80.2094268799,71485,71495,10
13.0305595398,80.2092895508,71495,71505,10
13.0301799774,80.209197998,71505,71515,10
13.0300502777,80.2091598511,71515,71525,10
13.0297899246,80.2090835571,71525,71535,10
13.029709816,80.2090682983,71535,71545,10
13.029589653,80.2090301514,71545,71555,10
13.0293798447,80.208946228,71555,71565,10
13.0289201736,80.2088394165,71565,71576,11
13.0280799866,80.2085723877,71576,71586,10
13.0273199081,80.2081985474,71586,71596,10
13.0265102386,80.2077178955,71596,71606,10
13.0256900787,80.2072525024,71606,71616,10
13.0248603821,80.2070388794,71616,71626,10
13.0247001648,80.2070083618,71626,71636,10
13.0245399475,80.2070007324,71636,71646,10
13.0242595673,80.2069473267,71646,71656,10
13.024140358,80.2069168091,71656,71666,10
13.0239400864,80.2068634033,71666,71676,10
13.0233697891,80.2067184448,71676,71687,11
13.0224103928,80.2065505981,71687,71697,10
13.0214195251,80.206489563,71697,71707,10
13.020359993,80.2064819336,71707,71717,10
13.0191001892,80.2063903809,71717,71737,20
13.0191001892,80.2063903809,71737,71747,10
13.0186595917,80.206237793,71747,71757,10
13.0180702209,80.2060623169,71757,71767,10
13.0176801682,80.205909729,71767,71777,10
13.0173797607,80.2057571411,71777,71787,10
13.0169401169,80.2055282593,71787,71798,11
13.0162296295,80.2053604126,71798,71808,10
13.0156202316,80.2051010132,71808,71818,10
13.0148000717,80.2048187256,71818,71828,10
13.0141601563,80.2046127319,71828,71838,10
13.0139398575,80.204536438,71838,71848,10
13.0136203766,80.204460144,71848,71858,10
13.0135097504,80.2047119141,71858,71868,10
13.0133399963,80.2052612305,71868,71878,10
13.0131196976,80.2059783936,71878,71888,10
13.0129899979,80.2068023682,71888,71898,10
13.0129203796,80.2075805664,71898,71909,11
13.012840271,80.2082824707,71909,71919,10
13.012840271,80.2086181641,71919,71929,10
13.0128803253,80.2090606689,71929,71939,10
13.0131101608,80.2096328735,71939,71949,10
13.013130188,80.2102432251,71949,71959,10
13.0129804611,80.2109832764,71959,71969,10
13.0126600266,80.2116394043,71969,71979,10
13.012339592,80.2121505737,71979,71989,10
13.0120000839,80.2126464844,71989,71999,10
13.0118503571,80.212852478,71999,72009,10
13.0115804672,80.2127532959,72009,72020,11
13.0111303329,80.2124099731,72020,72030,10
13.0105800629,80.2119903564,72030,72070,40
13.0105800629,80.2119903564,72070,72080,10
13.0101995468,80.2116394043,72080,72120,40
13.0101995468,80.2116394043,72120,72131,11
13.0098400116,80.2113800049,72131,72141,10
13.0094003677,80.2111129761,72141,72181,40
13.0094003677,80.2111129761,72181,72191,10
13.0092000961,80.211227417,72191,72201,10
13.0090503693,80.21144104,72201,72211,10
13.009059906,80.2118606567,72211,72221,10
13.0092601776,80.2124786377,72221,72231,10
13.0094995499,80.2131500244,72231,72242,11
13.0097703934,80.2138519287,72242,72252,10
13.0100402832,80.2145080566,72252,72262,10
13.010140419,80.215171814,72262,72272,10
13.010310173,80.2159576416,72272,72282,10
13.0107297897,80.2168884277,72282,72292,10
13.011179924,80.2178726196,72292,72302,10
13.0115098953,80.2189025879,72302,72312,10
13.0118598938,80.2199783325,72312,72322,10
13.0121297836,80.220916748,72322,72332,10
13.012339592,80.2214813232,72332,72342,10
13.0124797821,80.221786499,72342,72353,11
13.0128898621,80.2222824097,72353,72363,10
13.0133304596,80.2227478027,72363,72373,10
13.0136995316,80.223197937,72373,72383,10
13.0140104294,80.2235794067,72383,72393,10
13.0142803192,80.2239379883,72393,72403,10
13.0148000717,80.2245178223,72403,72413,10
13.0150403976,80.2247390747,72413,72423,10
13.0152997971,80.2250823975,72423,72433,10
13.0153903961,80.2255630493,72433,72443,10
13.0151700974,80.2258911133,72443,72454,11
13.0147199631,80.2260513306,72454,72464,10
13.0141096115,80.2262878418,72464,72474,10
13.0134496689,80.2265472412,72474,72484,10
13.0127296448,80.226852417,72484,72494,10
13.0119695663,80.2271728516,72494,72504,10
13.0111103058,80.2275085449,72504,72514,10
13.0102701187,80.2278366089,72514,72524,10
13.0096197128,80.2279586792,72524,72534,10
13.0095100403,80.2275314331,72534,72544,10
13.0097198486,80.2270812988,72544,72554,10
13.0098800659,80.2267074585,72554,72565,11
13.0101003647,80.2262191772,72565,72595,30
13.0101003647,80.2262191772,72595,72605,10
13.0101699829,80.2260437012,72605,72615,10
13.0102996826,80.2257537842,72615,72625,10
13.0104103088,80.2255096436,72625,72635,10
13.0104999542,80.2253036499,72635,72645,10
13.0105800629,80.2250976563,72645,72655,10
13.0106601715,80.224899292,72655,72665,10
13.0108098984,80.2245025635,72665,72676,11
13.0110998154,80.2237625122,72676,72686,10
13.0111904144,80.223197937,72686,72696,10
13.0107698441,80.2229690552,72696,72706,10
13.0101099014,80.2226333618,72706,72716,10
13.0093698502,80.2222137451,72716,72726,10
13.0084695816,80.2217407227,72726,72736,10
13.0075902939,80.2212677002,72736,72746,10
13.0069704056,80.2209091187,72746,72756,10
13.0061903,80.2206420898,72756,72766,10
13.0053300858,80.2204208374,72766,72776,10
13.0045003891,80.2202377319,72776,72787,11
13.0035800934,80.2200393677,72787,72797,10
13.0029401779,80.2198486328,72797,72807,10
13.002289772,80.2193984985,72807,72817,10
13.0018997192,80.2189788818,72817,72827,10
13.0015096664,80.2186279297,72827,72877,50
13.0015096664,80.2186279297,72877,72887,10
13.0010499954,80.2182922363,72887,72908,21
13.0010499954,80.2182922363,72908,72918,10
13.0005998611,80.2179870605,72918,72978,60
13.0005998611,80.2179870605,72978,72988,10
13.0002498627,80.2177886963,72988,73029,41
13.0002498627,80.2177886963,73029,73039,10
12.9999399185,80.217590332,73039,73049,10
12.9997596741,80.2174835205,73049,73059,10
12.9995603561,80.217338562,73059,73079,20
12.9995603561,80.217338562,73079,73089,10
12.9991998672,80.2171630859,73089,73099,10
12.9988203049,80.2169876099,73099,73109,10
12.9984703064,80.2168273926,73109,73130,21
12.9984703064,80.2168273926,73130,73140,10
12.998339653,80.2167434692,73140,73150,10
12.9980897903,80.2166824341,73150,73160,10
12.9978599548,80.2166290283,73160,73180,20
12.9978599548,80.2166290283,73180,73190,10
12.9976997375,80.2166290283,73190,73221,31
12.9976997375,80.2166290283,73221,73231,10
12.9974403381,80.2165908813,73231,73241,10
12.997209549,80.2165908813,73241,73251,10
12.9970197678,80.2166213989,73251,73261,10
12.9967803955,80.2166290283,73261,73271,10
12.9966001511,80.2166519165,73271,73281,10
12.9964895248,80.2166519165,73281,73291,10
12.9961700439,80.2167205811,73291,73301,10
12.995759964,80.2168121338,73301,73321,20
12.995759964,80.2168121338,73321,73332,11
12.9953804016,80.2169036865,73332,73342,10
12.995059967,80.217086792,73342,73362,20
12.995059967,80.217086792,73362,73372,10
12.9947500229,80.2173080444,73372,73382,10
12.9944400787,80.2175521851,73382,73392,10
12.9940099716,80.217880249,73392,73402,10
12.9934997559,80.21824646,73402,73412,10
12.9929199219,80.2186737061,73412,73422,10
12.9923400879,80.2191009521,73422,73432,10
12.9914703369,80.2196807861,73432,73453,21
12.9914703369,80.2196807861,73453,73463,10
12.991230011,80.219619751,73463,73473,10
12.9906997681,80.2194213867,73473,73483,10
12.9899597168,80.2191467285,73483,73493,10
12.989159584,80.2188491821,73493,73503,10
12.9883203506,80.2185821533,73503,73513,10
12.9875802994,80.2184524536,73513,73523,10
12.9872303009,80.2183990479,73523,73533,10
12.9869604111,80.2183532715,73533,73543,10
12.9866399765,80.2182617188,73543,73554,11
12.986000061,80.2180786133,73554,73564,10
12.9851503372,80.2179718018,73564,73574,10
12.9844398499,80.2180099487,73574,73584,10
12.984000206,80.2180328369,73584,73594,10
12.9839601517,80.2180328369,73594,73604,10
12.9835996628,80.2180404663,73604,73614,10
12.9830102921,80.2180404663,73614,73624,10
12.9823198318,80.2180404663,73624,73634,10
12.9815702438,80.2180786133,73634,73644,10
12.9809503555,80.2182617188,73644,73654,10
12.9803104401,80.2184906006,73654,73665,11
12.9796104431,80.2187805176,73665,73675,10
12.9789600372,80.2190322876,73675,73685,10
12.9785003662,80.2192306519,73685,73695,10
12.9778699875,80.2194900513,73695,73705,10
12.9771299362,80.2198028564,73705,73715,10
12.9764204025,80.220123291,73715,73725,10
12.9758396149,80.2203979492,73725,73836,111
12.9758396149,80.2203979492,73836,73846,10
12.9755897522,80.2204589844,73846,73856,10
12.9754800797,80.2208023071,73856,73875,19
12.9757995605,80.2209625244,73875,73957,82
12.9760103226,80.2210998535,73957,74209,252
12.9760704041,80.2211685181,74209,74280,71
12.9760303497,80.2211074829,74280,74613,333
12.9762096405,80.2212982178,74613,74633,20
12.9762096405,80.2212982178,74633,74643,10
12.9766902924,80.2212600708,74643,74654,11
12.9771499634,80.221282959,74654,74664,10
12.977640152,80.2212600708,74664,74674,10
12.9781799316,80.2212371826,74674,74684,10
12.9788703918,80.2211914063,74684,74694,10
12.9794797897,80.2211532593,74694,74704,10
12.9801702499,80.2210998535,74704,74714,10
12.9808797836,80.2210617065,74714,74724,10
12.981300354,80.2211914063,74724,74734,10
12.9815597534,80.2213516235,74734,74744,10
12.9819297791,80.2216110229,74744,74754,10
12.9823799133,80.2218170166,74754,74775,21
12.9823799133,80.2218170166,74775,74785,10
12.9827203751,80.2219390869,74785,74815,30
12.9827203751,80.2219390869,74815,74825,10
12.9831895828,80.2221679688,74825,74845,20
12.9831895828,80.2221679688,74845,74855,10
12.9833803177,80.222328186,74855,74865,10
12.983590126,80.2224731445,74865,74876,11
12.983880043,80.222618103,74876,74886,10
12.9841098785,80.2227630615,74886,74896,10
12.9844198227,80.2229690552,74896,74906,10
12.9848403931,80.223197937,74906,74916,10
12.985329628,80.2233428955,74916,74926,10
12.9855804443,80.2231369019,74926,74936,10
12.9859895706,80.2230224609,74936,74946,10
12.986410141,80.2230224609,74946,74956,10
12.9864597321,80.2230072021,74956,74966,10
12.9867095947,80.2230300903,74966,74976,10
12.9870901108,80.2230834961,74976,74997,21
12.9870901108,80.2230834961,74997,75007,10
12.9876804352,80.2230834961,75007,75017,10
12.9881401062,80.2227935791,75017,75027,10
12.9886102676,80.2223587036,75027,75037,10
12.9889602661,80.2219924927,75037,75047,10
12.9893703461,80.2214813232,75047,75057,10
12.989780426,80.2209396362,75057,75067,10
12.9902496338,80.2205276489,75067,75077,10
12.9905004501,80.2203063965,75077,75086,9
12.9906101227,80.2202301025,75086,75098,12
12.9908895493,80.2200622559,75098,75108,10
12.9910898209,80.2198791504,75108,75118,10
12.9913797379,80.2196807861,75118,75128,10
12.9917297363,80.2194290161,75128,75138,10
12.9922399521,80.219039917,75138,75148,10
12.992939949,80.2185516357,75148,75158,10
12.9935998917,80.2180786133,75158,75168,10
12.9940299988,80.2177276611,75168,75178,10
12.9946899414,80.2172622681,75178,75197,19
12.9946899414,80.2172622681,75197,75209,12
12.9949998856,80.2170410156,75209,75219,10
12.9954299927,80.2168273926,75219,75229,10
12.9960002899,80.2166671753,75229,75239,10
12.9966201782,80.2165679932,75239,75249,10
12.9969701767,80.2165374756,75249,75259,10
12.9971199036,80.2165222168,75259,75269,10
12.9972801208,80.2163314819,75269,75279,10
12.9974403381,80.2161865234,75279,75289,10
12.9976701736,80.216003418,75289,75298,9
12.9980096817,80.2156829834,75298,75309,11
12.9985399246,80.2152175903,75309,75320,11
12.9990196228,80.2147903442,75320,75330,10
12.999329567,80.2145614624,75330,75339,9
12.9997301102,80.2142410278,75339,75350,11
13.0001096725,80.2138824463,75350,75360,10
13.0005302429,80.2135162354,75360,75370,10
13.0008401871,80.2132415771,75370,75380,10
13.0008497238,80.213218689,75380,75390,10
13.0011796951,80.2129974365,75390,75400,10
13.0016298294,80.2126617432,75400,75410,10
13.0022096634,80.212310791,75410,75421,11
13.0028600693,80.2121429443,75421,75431,10
13.0035400391,80.212059021,75431,75441,10
13.003660202,80.2118988037,75441,75451,10
13.0036201477,80.2116012573,75451,75461,10
13.003569603,80.2109375,75461,75471,10
13.003490448,80.2102966309,75471,75481,10
13.0034399033,80.2096786499,75481,75491,10
13.0035600662,80.2090377808,75491,75501,10
13.0039196014,80.2087020874,75501,75511,10
13.0045003891,80.2089385986,75511,75520,9
13.0051298141,80.2092208862,75520,75532,12
13.0059700012,80.2095489502,75532,75542,10
13.0065202713,80.2097167969,75542,75552,10
13.0069999695,80.2098236084,75552,75562,10
13.0073003769,80.2098693848,75562,75582,20
13.0073003769,80.2098693848,75582,75592,10
13.0075302124,80.2099380493,75592,75602,10
13.0078802109,80.2100219727,75602,75612,10
13.0081300735,80.2098693848,75612,75622,10
13.0079498291,80.2092895508,75622,75632,10
13.0078296661,80.2085037231,75632,75643,11
13.0076799393,80.2076187134,75643,75653,10
13.0075798035,80.2069015503,75653,75663,10
13.0074796677,80.206199646,75663,75673,10
13.0074100494,80.2054519653,75673,75683,10
13.0074300766,80.2048110962,75683,75693,10
13.0074100494,80.2042312622,75693,75703,10
13.0073099136,80.2035293579,75703,75713,10
13.0070896149,80.2027435303,75713,75723,10
13.0065002441,80.2028427124,75723,75733,10
13.0066699982,80.20337677,75733,75743,10
13.0071897507,80.2036437988,75743,75754,11
13.007900238,80.2037734985,75754,75764,10
13.008600235,80.203742981,75764,75774,10
13.009469986,80.203666687,75774,75784,10
13.0104198456,80.2036514282,75784,75794,10
13.0114097595,80.2037277222,75794,75804,10
13.0124998093,80.2039108276,75804,75814,10
13.0134897232,80.2042236328,75814,75824,10
13.0142402649,80.204498291,75824,75834,10
13.0151700974,80.2048187256,75834,75844,10
13.0161895752,80.2051696777,75844,75854,10
13.017080307,80.2052993774,75854,75865,11
13.0176696777,80.2056732178,75865,75875,10
13.0181102753,80.2057876587,75875,75885,10
13.0186395645,80.2059326172,75885,75895,10
13.0187101364,80.2059707642,75895,75905,10
13.0191497803,80.2061386108,75905,75915,10
13.0198602676,80.2062988281,75915,75925,10
13.0207595825,80.2063369751,75925,75935,10
13.0216197968,80.2063827515,75935,75945,10
13.0224504471,80.206451416,75945,75955,10
13.0233402252,80.2066116333,75955,75964,9
13.0240497589,80.2067184448,75964,75976,12
13.0249204636,80.2069168091,75976,75986,10
13.0259504318,80.2073287964,75986,75996,10
13.0268802643,80.2078781128,75996,76006,10
13.0277795792,80.2083969116,76006,76016,10
13.0286397934,80.2086868286,76016,76026,10
13.0294303894,80.2088623047,76026,76036,10
13.0298099518,80.2089614868,76036,76046,10
13.0299596786,80.2090072632,76046,76056,10
13.030380249,80.2091217041,76056,76066,10
13.0309696198,80.2092819214,76066,76077,11
13.0314798355,80.2093887329,76077,76087,10
13.0316295624,80.2093887329,76087,76097,10
13.0320596695,80.2095336914,76097,76107,10
13.0327796936,80.2096786499,76107,76117,10
13.0334100723,80.2098312378,76117,76127,10
13.034070015,80.2099761963,76127,76137,10
13.0347299576,80.2101211548,76137,76147,10
13.0349798203,80.210357666,76147,76157,10
13.0349397659,80.2108764648,76157,76167,10
13.0349597931,80.2111282349,76167,76177,10
13.0349798203,80.2112808228,76177,76188,11
13.0349397659,80.211517334,76188,76198,10
13.0349302292,80.2115707397,76198,76208,10
13.0348997116,80.2117767334,76208,76218,10
13.0348701477,80.212020874,76218,76228,10
13.0350103378,80.2122421265,76228,76238,10
13.0354995728,80.2123031616,76238,76248,10
13.0361700058,80.212310791,76248,76258,10
13.0368499756,80.2123336792,76258,76268,10
13.037150383,80.2123184204,76268,76278,10
13.0375900269,80.2123184204,76278,76288,10
13.0382795334,80.2123184204,76288,76299,11
13.0392599106,80.2123184204,76299,76309,10
13.0402402878,80.2123031616,76309,76319,10
13.0413799286,80.2123031616,76319,76328,9
13.0424804688,80.2123031616,76328,76339,11
13.0441198349,80.2123031616,76339,76440,101
13.0441198349,80.2123031616,76440,76450,10
13.0442895889,80.2123031616,76450,76460,10
13.0448198318,80.2123031616,76460,76470,10
13.0455999374,80.2122802734,76470,76480,10
13.0464296341,80.2122573853,76480,76490,10
13.0473899841,80.2121963501,76490,76500,10
13.0483198166,80.2120819092,76500,76509,9
13.0485095978,80.212059021,76509,76521,12
13.0488395691,80.2120513916,76521,76531,10
13.0494804382,80.2119979858,76531,76541,10
13.0498600006,80.2119674683,76541,76551,10
13.0500297546,80.2119827271,76551,76561,10
13.050450325,80.2119979858,76561,76571,10
13.050860405,80.2120437622,76571,76581,10
13.0514698029,80.212097168,76581,76591,10
13.0522603989,80.2119903564,76591,76601,10
13.0531597137,80.2117614746,76601,76611,10
13.0540399551,80.2115478516,76611,76620,9
13.0541400909,80.2115402222,76620,76632,12
13.0544204712,80.2114868164,76632,76642,10
13.055100441,80.2114715576,76642,76652,10
13.0560703278,80.211479187,76652,76662,10
13.057100296,80.2114486694,76662,76672,10
13.057559967,80.21144104,76672,76682,10
13.0578899384,80.2114334106,76682,76692,10
13.0585899353,80.2114562988,76692,76702,10
13.0594301224,80.2115325928,76702,76712,10
13.060379982,80.2115936279,76712,76722,10
13.0613203049,80.2116470337,76722,76733,11
13.0620298386,80.2116775513,76733,76743,10
13.0628099442,80.2116012573,76743,76753,10
13.0633897781,80.2115478516,76753,76763,10
13.0635499954,80.2115097046,76763,76773,10
13.0637598038,80.211517334,76773,76783,10
13.0643396378,80.2114105225,76783,76793,10
13.0650596619,80.2110671997,76793,76803,10
13.0658597946,80.2104187012,76803,76813,10
13.0666799545,80.2097396851,76813,76823,10
13.0671701431,80.2089920044,76823,76833,10
13.0672903061,80.2087402344,76833,76843,10
13.0675497055,80.2083206177,76843,76854,11
13.0680198669,80.2076187134,76854,76864,10
13.0684604645,80.2069625854,76864,76874,10
13.0689496994,80.206199646,76874,76884,10
13.0693798065,80.2054595947,76884,76894,10
13.0695896149,80.2050018311,76894,76904,10
13.0693902969,80.204826355,76904,76914,10
13.0691404343,80.2051620483,76914,76924,10
13.0689201355,80.2054367065,76924,76934,10
13.0687503815,80.2053070068,76934,76944,10
13.0686903,80.2050170898,76944,76975,31
13.0686903,80.2050170898,76975,76985,10
13.0686903,80.2049102783,76985,76995,10
13.0689201355,80.2046966553,76995,77005,10
13.0694198608,80.2047576904,77005,77025,20
13.0694198608,80.2047576904,77025,77035,10
13.0698003769,80.2048492432,77035,77045,10
13.0699996948,80.2047271729,77045,77055,10
13.0702400208,80.2043762207,77055,77066,11
13.0706796646,80.2038116455,77066,77076,10
13.0711803436,80.2032318115,77076,77086,10
13.0717897415,80.2024993896,77086,77096,10
13.0721998215,80.202003479,77096,77106,10
13.0726499557,80.2014923096,77106,77116,10
13.0731601715,80.200920105,77116,77126,10
13.0736598969,80.2003326416,77126,77136,10
13.0742702484,80.1996078491,77136,77156,20
13.0742702484,80.1996078491,77156,77166,10
13.0745401382,80.1994171143,77166,77177,11
13.0752496719,80.1991195679,77177,77187,10
13.0760402679,80.1990814209,77187,77197,10
13.076880455,80.1990203857,77197,77207,10
13.0776901245,80.198928833,77207,77217,10
13.0785503387,80.1988220215,77217,77227,10
13.079369545,80.1987380981,77227,77237,10
13.080160141,80.1986618042,77237,77247,10
13.0808897018,80.198600769,77247,77257,10
13.0816001892,80.1985931396,77257,77267,10
13.0824403763,80.1985092163,77267,77277,10
13.0831804276,80.1985015869,77277,77288,11
13.0839195251,80.1984786987,77288,77298,10
13.0845603943,80.1985015869,77298,77308,10
13.0849704742,80.1984863281,77308,77318,10
13.0851697922,80.1984710693,77318,77328,10
13.085439682,80.1984710693,77328,77338,10
13.0857000351,80.1984405518,77338,77348,10
13.0860500336,80.1984405518,77348,77358,10
13.0865697861,80.1984329224,77358,77368,10
13.0868797302,80.1984405518,77368,77378,10
13.0870103836,80.1983108521,77378,77388,10
13.0870304108,80.198059082,77388,77399,11
13.0870599747,80.1980133057,77399,77409,10
13.0871295929,80.1975479126,77409,77419,10
13.0871601105,80.196762085,77419,77429,10
13.0871801376,80.1957397461,77429,77439,10
13.0872297287,80.1946334839,77439,77449,10
13.0872402191,80.1929397583,77449,77499,50
13.0872402191,80.1929397583,77499,77510,11
13.0873498917,80.1925964355,77510,77520,10
13.0873804092,80.1919631958,77520,77530,10
13.087439537,80.1910705566,77530,77540,10
13.0875597,80.1899795532,77540,77550,10
13.0875902176,80.1891021729,77550,77560,10
13.0876197815,80.1890106201,77560,77570,10
13.087679863,80.1885910034,77570,77580,10
13.0877199173,80.1878662109,77580,77590,10
13.0877895355,80.1871185303,77590,77600,10
13.0878400803,80.186340332,77600,77611,11
13.0878601074,80.1856613159,77611,77621,10
13.0878696442,80.1853866577,77621,77631,10
13.0879497528,80.1848678589,77631,77641,10
13.0879497528,80.1841506958,77641,77651,10
13.0879402161,80.1832580566,77651,77661,10
13.0879497528,80.1823577881,77661,77671,10
13.0879802704,80.1815490723,77671,77681,10
13.08796978,80.1805725098,77681,77691,10
13.0879602432,80.1797714233,77691,77701,10
13.0880002975,80.1796569824,77701,77710,9
13.0880403519,80.1794128418,77710,77722,12
13.0880203247,80.1789169312,77722,77732,10
13.0880498886,80.1787490845,77732,77742,10
13.0880498886,80.1781692505,77742,77752,10
13.0880699158,80.1773834229,77752,77762,10
13.088139534,80.1767120361,77762,77772,10
13.0881900787,80.1758117676,77772,77782,10
13.0881795883,80.1748275757,77782,77792,10
13.0882701874,80.173866272,77792,77802,10
13.0883998871,80.1727600098,77802,77812,10
13.0884895325,80.1719436646,77812,77821,9
13.0885095596,80.1718521118,77821,77833,12
13.08852005,80.1714324951,77833,77843,10
13.0885896683,80.1710586548,77843,77853,10
13.0885696411,80.1706924438,77853,77863,10
13.0886001587,80.1702194214,77863,77923,60
13.0886001587,80.1702194214,77923,77933,10
13.0886201859,80.1697692871,77933,77944,11
13.0888395309,80.1695098877,77944,77954,10
13.0893697739,80.1695480347,77954,77964,10
13.0900497437,80.1696166992,77964,77974,10
13.0909004211,80.1696624756,77974,77984,10
13.0916996002,80.169708252,77984,77994,10
13.0924301147,80.1697616577,77994,78004,10
13.0932798386,80.1698226929,78004,78014,10
13.0940799713,80.169883728,78014,78024,10
13.0946903229,80.1698913574,78024,78034,10
13.0947704315,80.1698913574,78034,78043,9
13.0949401855,80.169921875,78043,78055,12
13.0952701569,80.1699676514,78055,78065,10
13.0959701538,80.1699905396,78065,78075,10
13.0967998505,80.1700210571,78075,78085,10
13.0975999832,80.1700592041,78085,78095,10
13.0983104706,80.1700897217,78095,78105,10
13.0992298126,80.1701507568,78105,78135,30
13.0993900299,80.1701431274,78135,78236,101
13.0993900299,80.1701431274,78236,78246,10
13.0989198685,80.1702423096,78246,78418,172
13.0989198685,80.1702423096,78418,78428,10
13.0985298157,80.1701965332,78428,78438,10
13.0979499817,80.1701583862,78438,78448,10
13.0972795486,80.1700973511,78448,78458,10
13.0964097977,80.1700592041,78458,78468,10
13.0954198837,80.1699981689,78468,78478,10
13.0948200226,80.1699523926,78478,78488,10
13.0946102142,80.1699523926,78488,78499,11
13.0942802429,80.1698913574,78499,78509,10
13.0936098099,80.1698608398,78509,78519,10
13.0927801132,80.1697998047,78519,78529,10
13.091799736,80.1697463989,78529,78539,10
13.0907001495,80.1696929932,78539,78549,10
13.0895900726,80.169631958,78549,78559,10
13.0887699127,80.1696090698,78559,78569,10
13.0886602402,80.1699066162,78569,78579,10
13.0886201859,80.1705474854,78579,78589,10
13.0885696411,80.1714477539,78589,78600,11
13.0885696411,80.171913147,78600,78610,10
13.0885696411,80.1720275879,78610,78620,10
13.0885400772,80.1725921631,78620,78630,10
13.0884799957,80.1734008789,78630,78640,10
13.0884304047,80.1743087769,78640,78650,10
13.0883703232,80.1753768921,78650,78660,10
13.0882997513,80.1764984131,78660,78670,10
13.0882701874,80.1771621704,78670,78680,10
13.088259697,80.1775970459,78680,78690,10
13.0882301331,80.1782073975,78690,78700,10
13.0882396698,80.1786575317,78700,78711,11
13.088259697,80.1788101196,78711,78721,10
13.0882301331,80.1793136597,78721,78731,10
13.0881900787,80.1801528931,78731,78741,10
13.0881700516,80.1810836792,78741,78751,10
13.0881299973,80.1820602417,78751,78761,10
13.0880804062,80.1830673218,78761,78771,10
13.0880203247,80.1842422485,78771,78781,10
13.0880002975,80.1852035522,78781,78791,10
13.0879602432,80.1860198975,78791,78801,10
13.0879001617,80.1869888306,78801,78811,10
13.0878801346,80.18800354,78811,78822,11
13.0878295898,80.1890335083,78822,78832,10
13.0877799988,80.189781189,78832,78842,10
13.087770462,80.1897888184,78842,78852,10
13.0877304077,80.1900787354,78852,78862,10
13.0876302719,80.1907119751,78862,78872,10
13.0874900818,80.1915588379,78872,78882,10
13.0874004364,80.1923675537,78882,78892,10
13.0873699188,80.1925888062,78892,78902,10
13.0873699188,80.1926879883,78902,78912,10
13.0873498917,80.1931610107,78912,78922,10
13.0873298645,80.193939209,78922,78933,11
13.0873098373,80.1949768066,78933,78943,10
13.0872898102,80.1959915161,78943,78953,10
13.0872602463,80.1971588135,78953,78963,10
13.087269783,80.1980819702,78963,78973,10
13.0875301361,80.1984634399,78973,78983,10
13.0881004333,80.1984481812,78983,78993,10
13.0888004303,80.1984329224,78993,79003,10
13.0895395279,80.1984710693,79003,79013,10
13.0904302597,80.1985321045,79013,79023,10
13.0914802551,80.1985778809,79023,79032,9
13.0923595428,80.1986465454,79032,79044,12
13.0930099487,80.1988983154,79044,79054,10
13.0929403305,80.1996231079,79054,79064,10
13.0929002762,80.2004776001,79064,79074,10
13.0927600861,80.200668335,79074,79084,10
13.0922403336,80.200630188,79084,79094,10
13.0915298462,80.2005996704,79094,79104,10
13.0907001495,80.2005767822,79104,79114,10
13.0898399353,80.2005462646,79114,79124,10
13.0889501572,80.2005004883,79124,79134,10
13.0879402161,80.2004394531,79134,79145,11
13.0870199203,80.2004394531,79145,79155,10
13.0863704681,80.2004394531,79155,79165,10
13.0856399536,80.2004318237,79165,79175,10
13.0853004456,80.2003326416,79175,79185,10
13.0852603912,80.1999893188,79185,79195,10
13.0852603912,80.1994476318,79195,79205,10
13.0852499008,80.1987991333,79205,79215,10
13.0850296021,80.1986999512,79215,79224,9
13.0846004486,80.1986923218,79224,79235,11
13.0841197968,80.1987075806,79235,79245,10
13.0836400986,80.1987075806,79245,79256,11
13.08314991,80.198677063,79256,79296,40
13.08314991,80.198677063,79296,79306,10
13.0828504562,80.1986999512,79306,79316,10
13.0824203491,80.198677063,79316,79326,10
13.0819501877,80.198677063,79326,79336,10
13.0813598633,80.198677063,79336,79346,10
13.0807304382,80.1986694336,79346,79356,10
13.079990387,80.1987380981,79356,79367,11
13.0791101456,80.1988372803,79367,79377,10
13.0782003403,80.1989517212,79377,79387,10
13.0772199631,80.1990585327,79387,79397,10
13.0763301849,80.1991729736,79397,79407,10
13.0753498077,80.1993103027,79407,79417,10
13.0745000839,80.1996917725,79417,79427,10
13.0738801956,80.2002716064,79427,79437,10
13.0733299255,80.200920105,79437,79447,10
13.0726900101,80.2016830444,79447,79457,10
13.0722198486,80.2022476196,79457,79466,9
13.0717201233,80.2027816772,79466,79478,12
13.0708999634,80.2037200928,79478,79488,10
13.0701904297,80.2046203613,79488,79498,10
13.0698699951,80.2050704956,79498,79508,10
13.0698604584,80.205078125,79508,79518,10
13.0697402954,80.205039978,79518,79528,10
13.0694503784,80.2048797607,79528,79538,10
13.0691995621,80.2051620483,79538,79548,10
13.0687799454,80.2054595947,79548,79558,10
13.0682697296,80.2054824829,79558,79568,10
13.0680103302,80.2052383423,79568,79589,21
13.0680103302,80.2052383423,79589,79599,10
13.0681400299,80.205039978,79599,79609,10
13.0685596466,80.2049026489,79609,79619,10
13.0689401627,80.2047424316,79619,79629,10
13.0692396164,80.2047195435,79629,79639,10
13.0693902969,80.204750061,79639,79649,10
13.0695400238,80.2047805786,79649,79659,10
13.0697402954,80.2048721313,79659,79669,10
13.069849968,80.2050323486,79669,79678,9
13.0697002411,80.2053375244,79678,79689,11
13.0692996979,80.2059707642,79689,79700,11
13.0687599182,80.2068481445,79700,79710,10
13.0682697296,80.2076873779,79710,79720,10
13.067779541,80.208480835,79720,79730,10
13.0672502518,80.2092971802,79730,79740,10
13.0666799545,80.2099761963,79740,79750,10
13.0659799576,80.2105636597,79750,79760,10
13.0652599335,80.2111282349,79760,79770,10
13.0650501251,80.2114181519,79770,79780,10
13.0647001266,80.2115325928,79780,79790,10
13.0642299652,80.2116775513,79790,79800,10
13.0636997223,80.2117462158,79800,79811,11
13.0630197525,80.2117614746,79811,79821,10
13.0624399185,80.211807251,79821,79831,10
13.0617399216,80.2116165161,79831,79841,10
13.0607995987,80.2117233276,79841,79851,10
13.0598497391,80.2117004395,79851,79861,10
13.0590000153,80.2116928101,79861,79871,10
13.0583200455,80.2116775513,79871,79881,10
13.0579996109,80.2116622925,79881,79891,10
13.0576696396,80.2116088867,79891,79901,10
13.0569896698,80.2115783691,79901,79911,10
13.0560598373,80.2115478516,79911,79922,11
13.0548801422,80.2115631104,79922,79932,10
13.0540399551,80.2116699219,79932,79942,10
13.0532197952,80.2118835449,79942,79952,10
13.0525398254,80.212059021,79952,79962,10
13.0519399643,80.2122116089,79962,79972,10
13.051320076,80.2122497559,79972,79982,10
13.0508403778,80.212310791,79982,79992,10
13.0501699448,80.2123031616,79992,80002,10
13.0498600006,80.2122116089,80002,80012,10
13.0498504639,80.2122116089,80012,80023,11
13.0496397018,80.2121810913,80023,80033,10
13.0494499207,80.2121734619,80033,80043,10
13.0492897034,80.2121810913,80043,80053,10
13.0487003326,80.2122116089,80053,80063,10
13.0478496552,80.2122802734,80063,80073,10
13.0467700958,80.2123413086,80073,80083,10
13.0454702377,80.2123794556,80083,80093,10
13.044500351,80.2124099731,80093,80144,51
13.044500351,80.2124099731,80144,80154,10
13.0440998077,80.2124099731,80154,80164,10
13.0434703827,80.2124099731,80164,80174,10
13.0426502228,80.212387085,80174,80184,10
13.0416402817,80.2124328613,80184,80194,10
13.0404901505,80.2124404907,80194,80204,10
13.0393199921,80.2124404907,80204,80214,10
13.0382604599,80.2123794556,80214,80224,10
13.0376596451,80.2123718262,80224,80233,9
13.0375795364,80.212348938,80233,80245,12
13.0371904373,80.2123718262,80245,80255,10
13.0366601944,80.2123413086,80255,80265,10
13.0361003876,80.212348938,80265,80275,10
13.0354204178,80.212348938,80275,80285,10
13.0349502563,80.2123184204,80285,80295,10
13.034529686,80.2122192383,80295,80315,20
13.034529686,80.2122192383,80315,80325,10
13.0342903137,80.2121429443,80325,80335,10
13.0337295532,80.2119903564,80335,80345,10
13.0329704285,80.2118682861,80345,80356,11
13.032119751,80.211730957,80356,80366,10
13.0319700241,80.2111587524,80366,80376,10
13.0320501328,80.2105865479,80376,80386,10
13.0320997238,80.2101287842,80386,80396,10
13.0320701599,80.2097167969,80396,80406,10
13.0315504074,80.2095718384,80406,80416,10
13.0304698944,80.2092285156,80416,80446,30
13.0304698944,80.2092285156,80446,80456,10
13.0302801132,80.2091598511,80456,80467,11
13.029800415,80.2089996338,80467,80477,10
13.0293703079,80.2088775635,80477,80487,10
13.0287103653,80.2087173462,80487,80497,10
13.0278596878,80.2084503174,80497,80507,10
13.0270004272,80.2079696655,80507,80517,10
13.0261001587,80.2074203491,80517,80527,10
13.0250701904,80.2070388794,80527,80537,10
13.0242099762,80.2069091797,80537,80547,10
13.024020195,80.2068481445,80547,80557,10
13.0235004425,80.2067108154,80557,80566,9
13.0228996277,80.2065963745,80566,80578,12
13.0219898224,80.206451416,80578,80588,10
13.0212602615,80.206451416,80588,80598,10
13.0203800201,80.206451416,80598,80608,10
13.0194196701,80.2063980103,80608,80618,10
13.0189304352,80.2063217163,80618,80628,10
13.0188102722,80.2062911987,80628,80638,10
13.0183401108,80.2061080933,80638,80648,10
13.0177097321,80.2058563232,80648,80658,10
13.0171003342,80.2056121826,80658,80668,10
13.0163097382,80.2053985596,80668,80679,11
13.0152397156,80.2049636841,80679,80689,10
13.0142002106,80.2045822144,80689,80699,10
13.0136499405,80.2044372559,80699,80709,10
13.0135402679,80.2046737671,80709,80719,10
13.0133399963,80.2053070068,80719,80729,10
13.0131397247,80.2060012817,80729,80739,10
13.0130195618,80.2066879272,80739,80749,10
13.0129098892,80.2075424194,80749,80759,10
13.0128498077,80.2082824707,80759,80769,10
13.0129003525,80.2086715698,80769,80778,9
13.0129899979,80.2091293335,80778,80790,12
13.0131597519,80.2097015381,80790,80800,10
13.0130996704,80.2102432251,80800,80810,10
13.012960434,80.2109680176,80810,80820,10
13.0126104355,80.211730957,80820,80830,10
13.0122299194,80.2123718262,80830,80840,10
13.0119400024,80.2127838135,80840,80850,10
13.0117397308,80.2127914429,80850,80860,10
13.0114002228,80.2125396729,80860,80870,10
13.0107698441,80.2120895386,80870,80880,10
13.0103197098,80.2117462158,80880,80889,9
13.0096597672,80.2112426758,80889,80941,52
13.0096597672,80.2112426758,80941,80951,10
13.0093803406,80.2109680176,80951,80961,10
13.0092697144,80.2110214233,80961,80971,10
13.0092201233,80.2111282349,80971,80981,10
13.0091104507,80.2113265991,80981,80991,10
13.0090303421,80.2115936279,80991,81001,10
13.0091400146,80.2120132446,81001,81012,11
13.009349823,80.212677002,81012,81022,10
13.0095796585,80.2132873535,81022,81032,10
13.0098400116,80.2139434814,81032,81042,10
13.0100898743,80.2146377563,81042,81052,10
13.0101995468,80.2153778076,81052,81062,10
13.0104598999,80.216178894,81062,81072,10
13.0108203888,80.2169570923,81072,81082,10
13.0111999512,80.2177963257,81082,81092,10
13.0115604401,80.2188796997,81092,81102,10
13.0119495392,80.2200698853,81102,81112,10
13.0122804642,80.2211608887,81112,81123,11
13.0127401352,80.222076416,81123,81133,10
13.0134000778,80.2227783203,81133,81143,10
13.013999939,80.223449707,81143,81153,10
13.0144901276,80.2240371704,81153,81163,10
13.0149402618,80.224571228,81163,81173,10
13.0152702332,80.2249526978,81173,81183,10
13.0154104233,80.2255096436,81183,81193,10
13.0150403976,80.2259597778,81193,81203,10
13.0143003464,80.2262191772,81203,81213,10
13.0134000778,80.2265701294,81213,81223,10
13.0123596191,80.2269363403,81223,81234,11
13.0110902786,80.2274627686,81234,81244,10
13.0100002289,80.2278671265,81244,81254,10
13.009519577,80.2275238037,81254,81264,10
13.0098695755,80.2268066406,81264,81274,10
13.0102796555,80.2259292603,81274,81284,10
13.0106496811,80.2250518799,81284,81294,10
13.0109796524,80.2240829468,81294,81304,10
13.0112495422,80.2232666016,81304,81314,10
13.0108804703,80.2229537964,81314,81324,10
13.010219574,80.2226333618,81324,81335,11
13.0093402863,80.22215271,81335,81345,10
13.0084495544,80.2216796875,81345,81355,10
13.0074701309,80.2211532593,81355,81365,10
13.0066003799,80.2206878662,81365,81375,10
13.0055799484,80.2204818726,81375,81385,10
13.0045795441,80.2202377319,81385,81395,10
13.0035800934,80.2200088501,81395,81405,10
13.0027599335,80.2197570801,81405,81415,10
13.0021495819,80.2192687988,81415,81425,10
13.0016498566,80.2187423706,81425,81435,10
13.0011100769,80.2182998657,81435,81446,11
13.0005302429,80.2179031372,81446,81456,10
12.9998397827,80.2174682617,81456,81466,10
12.9990501404,80.217048645,81466,81476,10
12.9982204437,80.2166595459,81476,81486,10
12.9975404739,80.2165374756,81486,81496,10
12.9975204468,80.2165222168,81496,81506,10
12.9974298477,80.2165222168,81506,81516,10
12.9970798492,80.216506958,81516,81526,10
12.9964799881,80.2165603638,81526,81536,10
12.9956598282,80.2167205811,81536,81546,10
12.9949398041,80.217086792,81546,81557,11
12.9943799973,80.2174987793,81557,81567,10
12.9938097,80.217956543,81567,81577,10
12.9931297302,80.2184371948,81577,81587,10
12.9923400879,80.2190170288,81587,81597,10
12.9916095734,80.2195663452,81597,81607,10
12.9911403656,80.2195129395,81607,81617,10
12.9910402298,80.2194595337,81617,81627,10
12.9905395508,80.2192687988,81627,81637,10
12.9897499084,80.2189865112,81637,81647,10
12.9887895584,80.2186508179,81647,81657,10
12.9876499176,80.2183990479,81657,81668,11
12.9870700836,80.2182922363,81668,81678,10
12.9869604111,80.21824646,81678,81688,10
12.9864797592,80.218132019,81688,81698,10
12.9857196808,80.217956543,81698,81708,10
12.9847698212,80.217918396,81708,81718,10
12.9840803146,80.217956543,81718,81728,10
12.9839801788,80.2179489136,81728,81738,10
12.9837398529,80.217918396,81738,81748,10
12.9831495285,80.2179489136,81748,81758,10
12.9823102951,80.2179336548,81758,81767,9
12.9814596176,80.2180175781,81767,81779,12
12.9804096222,80.2183609009,81779,81789,10
12.9796800613,80.2186584473,81789,81799,10
12.9789304733,80.2189483643,81799,81809,10
12.9783802032,80.2191467285,81809,81819,10
12.9776096344,80.2194595337,81819,81829,10
12.976650238,80.2198867798,81829,81839,10
12.9757299423,80.2202987671,81839,81849,10
12.975520134,80.2204666138,81849,81859,10
12.9755401611,80.2207565308,81859,81869,10
12.9757795334,80.2209014893,81869,82102,233
12.9760303497,80.2210388184,82102,82213,111
12.9760303497,80.2210388184,82213,82223,10
12.9759502411,80.2208862305,82223,84009,1786
12.9759502411,80.2208862305,84009,84019,10
12.9762296677,80.2212295532,84019,84039,20
12.9762296677,80.2212295532,84039,84049,10
12.9765996933,80.2212371826,84049,84059,10
12.9770698547,80.2212295532,84059,84070,11
12.9776601791,80.2211608887,84070,84080,10
12.9781999588,80.2210922241,84080,84090,10
12.9788303375,80.2211227417,84090,84100,10
12.9794397354,80.2210769653,84100,84110,10
12.9800300598,80.2210388184,84110,84120,10
12.9806203842,80.2209777832,84120,84130,10
12.9811296463,80.221031189,84130,84140,10
12.9816398621,80.221321106,84140,84150,10
12.9821100235,80.2216110229,84150,84160,10
12.9826097488,80.2217712402,84160,84170,10
12.9830102921,80.2219314575,84170,84181,11
12.983300209,80.2220993042,84181,84191,10
12.9836301804,80.2223815918,84191,84201,10
12.9840602875,80.2226028442,84201,84211,10
12.9844903946,80.222869873,84211,84221,10
12.9850101471,80.2231369019,84221,84231,10
12.9854402542,80.22315979,84231,84241,10
12.9858102798,80.2229309082,84241,84251,10
12.9862699509,80.222869873,84251,84261,10
12.9867801666,80.2229309082,84261,84271,10
12.9872903824,80.2230224609,84271,84281,10
12.9878902435,80.2229003906,84281,84292,11
12.9884300232,80.2225036621,84292,84302,10
12.9888496399,80.222038269,84302,84312,10
12.9893398285,80.2215805054,84312,84322,10
12.9897403717,80.2209396362,84322,84332,10
12.9902496338,80.2204971313,84332,84342,10
12.9907503128,80.2201309204,84342,84352,10
12.9912900925,80.2196807861,84352,84362,10
12.9917802811,80.219329834,84362,84372,10
12.9922800064,80.2189483643,84372,84382,10
12.9927902222,80.2185287476,84382,84392,10
12.9933795929,80.2181167603,84392,84403,11
12.9940099716,80.2176818848,84403,84413,10
12.9945201874,80.2173309326,84413,84423,10
12.995010376,80.2170028687,84423,84433,10
12.9955997467,80.2166671753,84433,84443,10
12.996219635,80.2165527344,84443,84453,10
12.9968700409,80.2164611816,84453,84463,10
12.9972696304,80.2162399292,84463,84473,10
12.9973402023,80.216178894,84473,84483,10
12.9976902008,80.2159118652,84483,84493,10
12.9981403351,80.2155838013,84493,84503,10
12.99862957,80.2151794434,84503,84514,11
12.9990901947,80.2146987915,84514,84524,10
12.9994497299,80.2144622803,84524,84534,10
12.9998998642,80.2140426636,84534,84544,10
13.0003404617,80.2136001587,84544,84554,10
13.0007896423,80.2132873535,84554,84564,10
13.0012197495,80.2128601074,84564,84574,10
13.0018196106,80.2124481201,84574,84584,10
13.0023698807,80.2121429443,84584,84594,10
13.0027704239,80.212020874,84594,84604,10
13.0031204224,80.2119369507,84604,84614,10
13.003490448,80.2119216919,84614,84625,11
13.0035800934,80.2116012573,84625,84635,10
13.0035896301,80.2111434937,84635,84645,10
13.0035600662,80.2105026245,84645,84655,10
13.0034799576,80.2098083496,84655,84665,10
13.003569603,80.2091674805,84665,84675,10
13.0038099289,80.2086181641,84675,84685,10
13.0044698715,80.2088165283,84685,84695,10
13.0051898956,80.2091293335,84695,84705,10
13.0059900284,80.2094421387,84705,84715,10
13.0066995621,80.2096405029,84715,84726,11
13.0075101852,80.2098007202,84726,84746,20
13.0075101852,80.2098007202,84746,84756,10
13.0078897476,80.2099075317,84756,84766,10
13.0081396103,80.2098236084,84766,84776,10
13.008020401,80.2092819214,84776,84786,10
13.0078897476,80.2086105347,84786,84796,10
13.0077600479,80.2078018188,84796,84806,10
13.0076799393,80.2069625854,84806,84816,10
13.007519722,80.2061004639,84816,84826,10
13.0072803497,80.2055130005,84826,84837,11
13.0069599152,80.2046737671,84837,84847,10
13.0065603256,80.2039718628,84847,85240,393
13.0065603256,80.2039718628,85240,85250,10
13.0063695908,80.2036819458,85250,85260,10
13.0061597824,80.2033309937,85260,85270,10
13.0059099197,80.2029571533,85270,85281,11
13.005689621,80.2025375366,85281,85291,10
13.0055303574,80.2021484375,85291,85301,10
13.0051202774,80.2016983032,85301,85311,10
13.0046396255,80.2013397217,85311,85321,10
13.0041704178,80.2011184692,85321,85331,10
13.0036401749,80.2009735107,85331,85341,10
13.0030498505,80.2007904053,85341,85351,10
13.0024003983,80.2005310059,85351,85361,10
13.0018901825,80.2000579834,85361,85371,10
13.0016498566,80.1994400024,85371,85381,10
13.0017204285,80.1986999512,85381,85392,11
13.0018396378,80.1978912354,85392,85402,10
13.0018796921,80.1971817017,85402,85412,10
13.0016803741,80.1965026855,85412,85422,10
13.0013399124,80.1960372925,85422,85432,10
13.0010795593,80.1956710815,85432,85442,10
13.0006198883,80.195098877,85442,85452,10
13.0000696182,80.1944198608,85452,85462,10
12.9995298386,80.1937408447,85462,85472,10
12.9990301132,80.1931533813,85472,85482,10
12.9985103607,80.1924819946,85482,85492,10
12.9980897903,80.1923828125,85492,85503,11
12.9975099564,80.1928787231,85503,85513,10
12.9970197678,80.1932373047,85513,85523,10
12.9968299866,80.1931762695,85523,85533,10
12.9966897964,80.192817688,85533,85543,10
12.9965896606,80.1923904419,85543,85553,10
12.9964103699,80.1918716431,85553,85604,51
12.9964103699,80.1918716431,85604,85614,10
12.9963197708,80.1916275024,85614,85624,10
12.9965696335,80.1913375854,85624,86037,413
12.9968299866,80.191116333,86037,86249,212
12.9968299866,80.191116333,86249,86259,10
12.9967899323,80.1910705566,86259,86270,11
12.9970197678,80.1909637451,86270,86280,10
