13.0265598297,80.2655715942,17,309,292
13.026599884,80.2657318115,309,481,172
13.0265398026,80.2656936646,481,542,61
13.0263996124,80.2657394409,542,572,30
13.0265302658,80.2657318115,572,4610,4038
13.0264997482,80.2655715942,4610,4781,171
13.026550293,80.2655792236,4781,6174,1393
13.0265903473,80.2656707764,6174,6770,596
13.0266199112,80.265586853,6770,10919,4149
13.0266199112,80.2656402588,10919,11131,212
13.0264797211,80.2655563354,11131,17066,5935
13.0267095566,80.2656173706,17066,17258,192
13.0266199112,80.265586853,17258,17521,263
13.0266599655,80.2656097412,17521,17571,50
13.0265703201,80.2655334473,17571,18994,1423
13.026550293,80.2655563354,18994,19055,61
13.0263595581,80.2653884888,19055,19075,20
13.0263595581,80.2653884888,19075,19085,10
13.0263595581,80.2651901245,19085,19095,10
13.0264396667,80.2645797729,19095,19105,10
13.0265398026,80.2639770508,19105,19115,10
13.0265798569,80.2635879517,19115,19126,11
13.0267801285,80.2633895874,19126,19136,10
13.0273103714,80.2634887695,19136,19146,10
13.0278902054,80.2636795044,19146,19156,10
13.0286397934,80.2638702393,19156,19166,10
13.0291404724,80.263999939,19166,19176,10
13.0293502808,80.2642593384,19176,19186,10
13.0293397903,80.2648010254,19186,19196,10
13.0293397903,80.2654724121,19196,19206,10
13.0292797089,80.2662277222,19206,19216,10
13.0293703079,80.2665328979,19216,19227,11
13.0299797058,80.2666397095,19227,19237,10
13.0307102203,80.2667388916,19237,19247,10
13.0314998627,80.2669830322,19247,19257,10
13.0323600769,80.2673416138,19257,19267,10
13.0330400467,80.2677001953,19267,19277,10
13.0337896347,80.2678833008,19277,19287,10
13.0344400406,80.2679824829,19287,19297,10
13.0345897675,80.2679824829,19297,19307,10
13.0346002579,80.2681274414,19307,19317,10
13.0343904495,80.2680587769,19317,19327,10
13.0339899063,80.2679672241,19327,19338,11
13.0335702896,80.2678985596,19338,19368,30
13.0335702896,80.2678985596,19368,19378,10
13.0333404541,80.2678222656,19378,19388,10
13.032959938,80.2677536011,19388,19398,10
13.0326099396,80.2675704956,19398,19408,10
13.0322704315,80.2673492432,19408,19418,10
13.0317001343,80.2670822144,19418,19428,10
13.0311803818,80.2669067383,19428,19439,11
13.0305595398,80.2667770386,19439,19449,10
13.0299501419,80.2666702271,19449,19459,10
13.0293598175,80.2666015625,19459,19469,10
13.0290298462,80.2664337158,19469,19479,10
13.0284004211,80.2662963867,19479,19489,10
13.0277900696,80.2662124634,19489,19499,10
13.0271396637,80.2661209106,19499,19509,10
13.0266799927,80.2660598755,19509,19519,10
13.0264396667,80.2660064697,19519,19529,10
13.02602005,80.265838623,19529,19540,11
13.0254402161,80.2654571533,19540,19550,10
13.0252599716,80.2653579712,19550,19560,10
13.0252199173,80.2653274536,19560,19570,10
13.0249900818,80.2651367188,19570,19580,10
13.0245704651,80.2648010254,19580,19590,10
13.0238599777,80.2643508911,19590,19600,10
13.0231399536,80.263961792,19600,19610,10
13.022359848,80.2635574341,19610,19620,10
13.0219402313,80.263343811,19620,19630,10
13.0213899612,80.2630996704,19630,19640,10
13.0205402374,80.2630233765,19640,19651,11
13.0197401047,80.2629623413,19651,19661,10
13.0191602707,80.2629165649,19661,19671,10
13.0188999176,80.2626419067,19671,19681,10
13.0188102722,80.2619934082,19681,19691,10
13.0187196732,80.2614517212,19691,19701,10
13.0182600021,80.2610397339,19701,19711,10
13.0177402496,80.2607116699,19711,19721,10
13.0171098709,80.2602920532,19721,19731,10
13.016409874,80.2598724365,19731,19741,10
13.0160799026,80.2597122192,19741,19751,10
13.0160703659,80.2596969604,19751,19762,11
13.0158996582,80.2596206665,19762,19772,10
13.0153102875,80.2594299316,19772,19782,10
13.0145702362,80.2593231201,19782,19792,10
13.0136098862,80.2592926025,19792,19802,10
13.0123701096,80.2592391968,19802,19812,10
13.0111999512,80.2592086792,19812,19822,10
13.0102701187,80.2592391968,19822,19832,10
13.0093002319,80.2592315674,19832,19842,10
13.0087499619,80.2592163086,19842,19852,10
13.0083599091,80.2592315674,19852,19863,11
13.0075397491,80.2594223022,19863,19873,10
13.0072002411,80.2588500977,19873,19883,10
13.0069999695,80.2583999634,19883,19893,10
13.0066699982,80.2578430176,19893,19903,10
13.0065002441,80.2576293945,19903,19913,10
13.006480217,80.2571868896,19913,19923,10
13.006480217,80.2563171387,19923,19933,10
13.0065002441,80.2551727295,19933,19943,10
13.0065002441,80.2540664673,19943,19953,10
13.0065002441,80.2532424927,19953,19963,10
13.0065097809,80.2531433105,19963,19974,11
13.0065097809,80.2527694702,19974,19984,10
13.0065898895,80.2520980835,19984,19994,10
13.0067300797,80.2514038086,19994,20004,10
13.0066900253,80.2507324219,20004,20014,10
13.0066995621,80.2497634888,20014,20024,10
13.0066795349,80.2488174438,20024,20034,10
13.0066204071,80.2479782104,20034,20044,10
13.0066299438,80.2475128174,20044,20054,10
13.0066404343,80.2470016479,20054,20064,10
13.0065498352,80.2466278076,20064,20075,11
13.0065603256,80.2465286255,20075,20085,10
13.0066404343,80.2461700439,20085,20095,10
13.0066204071,80.2454299927,20095,20105,10
13.0066204071,80.2446365356,20105,20115,10
13.0066099167,80.2438201904,20115,20125,10
13.0065698624,80.2430419922,20125,20135,10
13.0065402985,80.2422027588,20135,20145,10
13.0065803528,80.2412414551,20145,20155,10
13.0066699982,80.2405319214,20155,20165,10
13.006819725,80.2398071289,20165,20175,10
13.0069799423,80.2390899658,20175,20186,11
13.0071697235,80.2380905151,20186,20196,10
13.0073699951,80.2371673584,20196,20206,10
13.007399559,80.2368087769,20206,20216,10
13.0074596405,80.2365875244,20216,20226,10
13.0076198578,80.2359771729,20226,20236,10
13.0078201294,80.2350692749,20236,20246,10
13.0080404282,80.2340011597,20246,20256,10
13.0082597733,80.2329025269,20256,20266,10
13.008480072,80.2317581177,20266,20276,10
13.0087099075,80.2305908203,20276,20287,11
13.0089702606,80.2292785645,20287,20297,10
13.0092401505,80.2280807495,20297,20307,10
13.0097103119,80.2270507813,20307,20317,10
13.010219574,80.2259292603,20317,20327,10
13.0107698441,80.2248077393,20327,20337,10
13.0112104416,80.2237930298,20337,20347,10
13.0115804672,80.2227935791,20347,20357,10
13.0119800568,80.2217330933,20357,20367,10
13.0123596191,80.2214126587,20367,20377,10
13.0127000809,80.2219085693,20377,20387,10
13.013250351,80.2225570679,20387,20398,11
13.0138301849,80.2232589722,20398,20408,10
13.0142097473,80.2236785889,20408,20418,10
13.0145597458,80.2241973877,20418,20428,10
13.0150203705,80.2246398926,20428,20438,10
13.0154304504,80.2249298096,20438,20448,10
13.0155200958,80.2249984741,20448,20458,10
13.0158100128,80.2252426147,20458,20468,10
13.0165596008,80.2252807617,20468,20478,10
13.0175600052,80.2249069214,20478,20488,10
13.0187101364,80.2244491577,20488,20499,11
13.0198497772,80.2246170044,20499,20509,10
13.0207901001,80.2252883911,20509,20519,10
13.0216798782,80.2259292603,20519,20529,10
13.0220403671,80.2261962891,20529,20539,10
13.0221700668,80.2263336182,20539,20549,10
13.0226602554,80.2267684937,20549,20559,10
13.0232896805,80.2273406982,20559,20569,10
13.0239801407,80.2279968262,20569,20579,10
13.0243701935,80.2285079956,20579,20589,10
13.0244503021,80.2286224365,20589,20599,10
13.0248203278,80.229133606,20599,20610,11
13.02546978,80.2299804688,20610,20620,10
13.0259103775,80.2307662964,20620,20630,10
13.026140213,80.2313613892,20630,20640,10
13.0266599655,80.2312316895,20640,20650,10
13.0274095535,80.2310333252,20650,20660,10
13.0281095505,80.2309570313,20660,20670,10
13.0288200378,80.2309036255,20670,20680,10
13.0293598175,80.2308578491,20680,20690,10
13.0299100876,80.2308120728,20690,20700,10
13.0305595398,80.2307434082,20700,20710,10
13.030579567,80.2307434082,20710,20721,11
13.0309400558,80.2306976318,20721,20731,10
13.0315103531,80.2306594849,20731,20741,10
13.0322704315,80.2305908203,20741,20751,10
13.0330896378,80.2305221558,20751,20761,10
13.0336704254,80.2304992676,20761,20771,10
13.034070015,80.2304534912,20771,20811,40
13.034070015,80.2304534912,20811,20822,11
13.0344295502,80.2303924561,20822,20832,10
13.0346403122,80.2303314209,20832,20842,10
13.0349397659,80.23021698,20842,20852,10
13.0350904465,80.2303009033,20852,20862,10
13.0348796844,80.2303619385,20862,20872,10
13.0345096588,80.2303924561,20872,20882,10
13.0341501236,80.230430603,20882,20892,10
13.033829689,80.2304382324,20892,20902,10
13.0336399078,80.2304382324,20902,20912,10
13.0331802368,80.2304992676,20912,21397,485
13.0329999924,80.2304611206,21397,21982,585
13.0329999924,80.2304611206,21982,21993,11
13.0327997208,80.2304763794,21993,22003,10
13.0324401855,80.2305297852,22003,22013,10
13.0319299698,80.2305984497,22013,22023,10
13.0313100815,80.2306594849,22023,22033,10
13.0307397842,80.23072052,22033,22043,10
13.0301504135,80.2307662964,22043,22053,10
13.0298099518,80.2308425903,22053,22063,10
13.029800415,80.2308425903,22063,22073,10
13.0293798447,80.2309112549,22073,22093,20
13.0293798447,80.2309112549,22093,22104,11
13.0290699005,80.2309036255,22104,22114,10
13.0285797119,80.2309417725,22114,22124,10
13.0280599594,80.2309799194,22124,22134,10
13.0276899338,80.2310562134,22134,22144,10
13.0276699066,80.2313995361,22144,22154,10
13.0277204514,80.2319030762,22154,22164,10
13.0277900696,80.2322998047,22164,22174,10
13.0278701782,80.2327423096,22174,22184,10
13.0274200439,80.2328720093,22184,22194,10
13.0269002914,80.2329788208,22194,22235,41
13.0266599655,80.233001709,22235,22255,20
13.0266599655,80.233001709,22255,22265,10
13.0263595581,80.2330093384,22265,22275,10
13.0261697769,80.2324829102,22275,22285,10
13.0260095596,80.2316970825,22285,22295,10
13.025850296,80.2309417725,22295,22305,10
13.0254096985,80.2300415039,22305,22316,11
13.0246801376,80.2291030884,22316,22326,10
13.0242204666,80.2285232544,22326,22336,10
13.0239896774,80.2283172607,22336,22346,10
13.0239601135,80.228302002,22346,22356,10
13.0237598419,80.2279968262,22356,22366,10
13.023440361,80.2276763916,22366,22376,10
13.023150444,80.2274093628,22376,22386,10
13.0227804184,80.2270812988,22386,22396,10
13.022359848,80.2266693115,22396,22406,10
13.021900177,80.2262573242,22406,22417,11
13.0214395523,80.2258987427,22417,22427,10
13.0207595825,80.2253799438,22427,22437,10
13.0199899673,80.2248764038,22437,22447,10
13.0192499161,80.2245178223,22447,22457,10
13.0183401108,80.2247009277,22457,22467,10
13.0174598694,80.2250595093,22467,22477,10
13.0167999268,80.2253265381,22477,22487,10
13.0165395737,80.225402832,22487,22497,10
13.0163898468,80.2253799438,22497,22507,10
13.0161104202,80.2254486084,22507,22517,10
13.0157604218,80.2257003784,22517,22528,11
13.0150604248,80.2260131836,22528,22538,10
13.0144796371,80.2262420654,22538,22548,10
13.0143203735,80.2263031006,22548,22558,10
13.0140800476,80.2263870239,22558,22568,10
13.0135498047,80.226600647,22568,22578,10
13.0128498077,80.2268676758,22578,22588,10
13.0120897293,80.2271575928,22588,22598,10
13.0112104416,80.2275238037,22598,22608,10
13.0103702545,80.2278594971,22608,22618,10
13.0095300674,80.2282028198,22618,22629,11
13.0090904236,80.2289810181,22629,22639,10
13.0088996887,80.2298965454,22639,22649,10
13.0087003708,80.2309799194,22649,22659,10
13.0085000992,80.2320709229,22659,22669,10
13.0083198547,80.2331085205,22669,22679,10
13.0082902908,80.2335128784,22679,22689,10
13.0081796646,80.2338027954,22689,22699,10
13.0080604553,80.2344207764,22699,22709,10
13.0078897476,80.2352218628,22709,22719,10
13.0076999664,80.2362518311,22719,22729,10
13.0074796677,80.2373733521,22729,22740,11
13.0072698593,80.2384567261,22740,22750,10
13.0071201324,80.2391433716,22750,22760,10
13.007060051,80.2395172119,22760,22770,10
13.007060051,80.2395629883,22770,22780,10
13.0070199966,80.2397613525,22780,22790,10
13.0069503784,80.2402877808,22790,22800,10
13.0068998337,80.2407989502,22800,22810,10
13.0067796707,80.2412719727,22810,22820,10
13.0067501068,80.2420578003,22820,22830,10
13.0067300797,80.2428970337,22830,22840,10
13.0066900253,80.2437667847,22840,22851,11
13.0067100525,80.2447662354,22851,22861,10
13.0067195892,80.2456817627,22861,22871,10
13.0067501068,80.2465591431,22871,22881,10
13.006770134,80.2473526001,22881,22891,10
13.0067796707,80.2482070923,22891,22901,10
13.0068302155,80.2489776611,22901,22911,10
13.0068902969,80.2495422363,22911,22921,10
13.0068998337,80.2496490479,22921,22931,10
13.0068702698,80.2500686646,22931,22941,10
13.0068597794,80.2506408691,22941,22952,11
13.0068597794,80.2508163452,22952,22962,10
13.0068798065,80.2512588501,22962,22972,10
13.0067596436,80.2518615723,22972,22982,10
13.0066299438,80.2526779175,22982,22992,10
13.0066099167,80.2535934448,22992,23002,10
13.0066204071,80.2544784546,23002,23012,10
13.0066204071,80.2553787231,23012,23022,10
13.0066404343,80.2562179565,23022,23032,10
13.0066299438,80.2568206787,23032,23042,10
13.006649971,80.2571334839,23042,23052,10
13.0067596436,80.2575378418,23052,23063,11
13.007109642,80.2581710815,23063,23073,10
13.007610321,80.2585525513,23073,23083,10
13.0077400208,80.2586288452,23083,23093,10
13.0081596375,80.2588424683,23093,23103,10
13.0088596344,80.2590408325,23103,23113,10
13.0096302032,80.2590637207,23113,23123,10
13.0105695724,80.2590789795,23123,23133,10
13.0116996765,80.2590637207,23133,23143,10
13.0127897263,80.2591018677,23143,23153,10
13.0138998032,80.259147644,23153,23164,11
13.0150203705,80.2591934204,23164,23174,10
13.0159101486,80.2593994141,23174,23184,10
13.0163297653,80.2596206665,23184,23194,10
13.0164604187,80.2597198486,23194,23204,10
13.016500473,80.2597579956,23204,23214,10
13.0168104172,80.2600097656,23214,23224,10
13.0173997879,80.2603912354,23224,23234,10
13.0180997849,80.2608566284,23234,23244,10
13.0187501907,80.2613220215,23244,23254,10
13.0193099976,80.2618103027,23254,23264,10
13.0198898315,80.2623901367,23264,23275,11
13.0206098557,80.2628097534,23275,23285,10
13.0214595795,80.2630767822,23285,23295,10
13.0220403671,80.263343811,23295,23305,10
13.0223703384,80.2635192871,23305,23315,10
13.0229902267,80.2637863159,23315,23325,10
13.023150444,80.263923645,23325,23335,10
13.0236501694,80.2642364502,23335,23345,10
13.0243301392,80.2646484375,23345,23355,10
13.024939537,80.2651367188,23355,23365,10
13.0256299973,80.2656021118,23365,23376,11
13.026260376,80.26587677,23376,23386,10
13.0263395309,80.2655563354,23386,23396,10
13.0263996124,80.265007019,23396,23406,10
13.0264701843,80.2642593384,23406,23416,10
13.0265798569,80.2637023926,23416,23426,10
13.0267801285,80.2633972168,23426,23436,10
13.0272102356,80.2635192871,23436,23446,10
13.0276899338,80.263671875,23446,23456,10
13.0282297134,80.2637863159,23456,23466,10
13.028260231,80.2637863159,23466,23476,10
13.0286903381,80.2639083862,23476,23487,11
13.0291996002,80.2640533447,23487,23497,10
13.0292596817,80.2643966675,23497,23507,10
13.0293102264,80.2650222778,23507,23517,10
13.0293397903,80.2657928467,23517,23527,10
13.0292797089,80.2660903931,23527,23537,10
13.0292701721,80.2664413452,23537,23547,10
13.0296001434,80.2665481567,23547,23557,10
13.0301399231,80.2666320801,23557,23567,10
13.0310001373,80.2667770386,23567,23577,10
13.0317401886,80.2670593262,23577,23587,10
13.03221035,80.2672576904,23587,23598,11
13.0325698853,80.2674865723,23598,23608,10
13.0331602097,80.2677536011,23608,23618,10
13.0338096619,80.2678833008,23618,23638,20
13.0338096619,80.2678833008,23638,23648,10
13.0340299606,80.2679367065,23648,23658,10
13.0345201492,80.2679901123,23658,23709,51
13.0345201492,80.2679901123,23709,23719,10
13.0341796875,80.2680130005,23719,23729,10
13.0337400436,80.2679367065,23729,23739,10
13.0334396362,80.2678985596,23739,24829,1090
13.0334396362,80.2678985596,24829,24839,10
13.033200264,80.2678375244,24839,24849,10
13.0330600739,80.267791748,24849,24859,10
13.0327100754,80.2676925659,24859,24870,11
13.0323696136,80.2674407959,24870,24880,10
13.0318002701,80.2671813965,24880,24890,10
13.0311203003,80.2669219971,24890,24900,10
13.030380249,80.2667694092,24900,24910,10
13.0298995972,80.2666625977,24910,24920,10
13.0297203064,80.2666397095,24920,24930,10
13.0295000076,80.2666091919,24930,24940,10
13.0291795731,80.2665023804,24940,24950,10
13.0285902023,80.2663574219,24950,24960,10
13.0278701782,80.2661895752,24960,24970,10
13.0268096924,80.2660598755,24970,25001,31
13.0268096924,80.2660598755,25001,25011,10
13.0264396667,80.265953064,25011,25021,10
13.0260095596,80.2657928467,25021,25031,10
13.0254001617,80.265411377,25031,25041,10
13.0252103806,80.2652893066,25041,25051,10
13.0250902176,80.2652206421,25051,25061,10
13.0248003006,80.2650375366,25061,25071,10
13.0243396759,80.2646713257,25071,25082,11
13.0235395432,80.2641830444,25082,25092,10
13.0227899551,80.2637329102,25092,25102,10
13.0221996307,80.263458252,25102,25112,10
13.0221004486,80.2633972168,25112,25122,10
13.0217599869,80.2632369995,25122,25132,10
13.0209903717,80.2630615234,25132,25142,10
13.0200996399,80.2630081177,25142,25152,10
13.019370079,80.2629394531,25152,25162,10
13.0189800262,80.262840271,25162,25172,10
13.0188703537,80.2621536255,25172,25182,10
13.0187101364,80.2613830566,25182,25193,11
13.018119812,80.2609710693,25193,25203,10
13.0173397064,80.2604293823,25203,25213,10
13.0165100098,80.2599105835,25213,25223,10
13.0160999298,80.2596969604,25223,25233,10
13.015999794,80.2596435547,25233,25243,10
13.0155601501,80.2594833374,25243,25253,10
13.0147800446,80.2593383789,25253,25263,10
13.0137996674,80.2593002319,25263,25273,10
13.0126304626,80.2592697144,25273,25283,10
13.0115098953,80.2592163086,25283,25294,11
13.0103998184,80.259262085,25294,25304,10
13.0099601746,80.259262085,25304,25314,10
13.0096302032,80.2592086792,25314,25324,10
13.0089797974,80.2591400146,25324,25334,10
13.0086297989,80.2591629028,25334,25344,10
13.008020401,80.2592163086,25344,25354,10
13.0074300766,80.2592163086,25354,25364,10
13.0072097778,80.2587738037,25364,25374,10
13.0070800781,80.2584991455,25374,25384,10
13.0068101883,80.2580566406,25384,25394,10
13.0065002441,80.2576293945,25394,25455,61
13.0065002441,80.2574081421,25455,25495,40
13.0065002441,80.2574081421,25495,25505,10
13.0064897537,80.2571105957,25505,25516,11
13.0064897537,80.256477356,25516,25526,10
13.0065202713,80.2556762695,25526,25536,10
13.0065498352,80.2548675537,25536,25545,9
13.0065402985,80.2538833618,25545,25556,11
13.0065402985,80.2532119751,25556,25566,10
13.0065402985,80.2530670166,25566,25576,10
13.0065603256,80.2525634766,25576,25586,10
13.0066099167,80.2522888184,25586,25596,10
13.0066204071,80.2521820068,25596,25606,10
13.0066900253,80.2518005371,25606,25617,11
13.0067901611,80.2511062622,25617,25627,10
13.0068101883,80.2502365112,25627,25637,10
13.0067996979,80.2493667603,25637,25647,10
13.0067396164,80.2488174438,25647,25717,70
13.0067396164,80.2488174438,25717,25728,11
13.0066604614,80.2484893799,25728,25738,10
13.0066204071,80.2479171753,25738,25748,10
13.0066299438,80.2473602295,25748,25758,10
13.0066299438,80.2468490601,25758,25768,10
13.0065803528,80.2465209961,25768,25778,10
13.0066099167,80.2464523315,25778,25788,10
13.0066404343,80.2459793091,25788,25798,10
13.0066404343,80.2451934814,25798,25808,10
13.0066404343,80.2444076538,25808,25818,10
13.0066299438,80.2436676025,25818,25828,10
13.0066099167,80.2429962158,25828,25839,11
13.0065498352,80.2421264648,25839,25849,10
13.0065498352,80.2417221069,25849,25859,10
13.0065698624,80.2415771484,25859,25869,10
13.0066299438,80.2409820557,25869,25879,10
13.0067796707,80.2402801514,25879,25889,10
13.0069103241,80.2394866943,25889,25899,10
13.0070495605,80.2387619019,25899,25909,10
13.0072002411,80.238067627,25909,25919,10
13.007349968,80.2373809814,25919,25929,10
13.007399559,80.2369232178,25929,25940,11
13.0074195862,80.2367935181,25940,25950,10
13.0075397491,80.2365036011,25950,25960,10
13.0076799393,80.2358627319,25960,25970,10
13.0078697205,80.2349777222,25970,25980,10
13.008020401,80.2341079712,25980,25989,9
13.0081796646,80.2332229614,25989,26000,11
13.0084295273,80.2320327759,26000,26010,10
13.0087003708,80.2306518555,26010,26020,10
13.0089702606,80.229309082,26020,26030,10
13.0093002319,80.2279434204,26030,26040,10
13.0098304749,80.2267608643,26040,26051,11
13.0102996826,80.2257919312,26051,26061,10
13.0106697083,80.2250518799,26061,26071,10
13.0109596252,80.2243499756,26071,26081,10
13.0113201141,80.2234725952,26081,26091,10
13.011639595,80.2225570679,26091,26101,10
13.0119800568,80.2215194702,26101,26111,10
13.0123901367,80.2215499878,26111,26121,10
13.0126895905,80.2220001221,26121,26131,10
13.0131797791,80.2225723267,26131,26141,10
13.0138702393,80.2232513428,26141,26152,11
13.0143995285,80.2238769531,26152,26162,10
13.0149803162,80.2244873047,26162,26172,10
13.0151796341,80.2247619629,26172,26182,10
13.0154304504,80.2249526978,26182,26192,10
13.0155000687,80.2249908447,26192,26202,10
13.0157699585,80.2252197266,26202,26212,10
13.0165100098,80.2252807617,26212,26222,10
13.017490387,80.2249298096,26222,26232,10
13.0185499191,80.2245101929,26232,26242,10
13.0194301605,80.2243728638,26242,26252,10
13.0196800232,80.2244796753,26252,26263,11
13.0197696686,80.224571228,26263,26273,10
13.0200796127,80.2248077393,26273,26283,10
13.0206203461,80.2251586914,26283,26293,10
13.0211400986,80.2255477905,26293,26303,10
13.0216798782,80.2259521484,26303,26313,10
13.0218801498,80.2260971069,26313,26323,10
13.0221204758,80.22631073,26323,26333,10
13.0224504471,80.2265777588,26333,26343,10
13.0229597092,80.2270431519,26343,26353,10
13.0234298706,80.2274475098,26353,26363,10
13.0238800049,80.2278823853,26363,26374,11
13.0242500305,80.2283401489,26374,26384,10
13.0246496201,80.2288589478,26384,26394,10
13.0250597,80.2294082642,26394,26404,10
13.0255403519,80.2300491333,26404,26414,10
13.0259504318,80.2308425903,26414,26434,20
13.0259504318,80.2308425903,26434,26444,10
13.0260095596,80.2311401367,26444,26454,10
13.026140213,80.2313232422,26454,26464,10
13.0267400742,80.2311706543,26464,26475,11
13.0275297165,80.2309799194,26475,26485,10
13.0281801224,80.2308807373,26485,26495,10
13.028380394,80.2308578491,26495,26505,10
13.0284996033,80.2308807373,26505,26515,10
13.0290203094,80.2308502197,26515,26525,10
13.029419899,80.2308273315,26525,26555,30
13.029419899,80.2308273315,26555,26565,10
13.0296297073,80.2308425903,26565,26575,10
13.0301799774,80.2307815552,26575,26586,11
13.0310001373,80.23072052,26586,26596,10
13.0315904617,80.2306594849,26596,26606,10
13.0324201584,80.2305908203,26606,26616,10
13.0333595276,80.2305221558,26616,26626,10
13.0341997147,80.2304382324,26626,26646,20
13.0341997147,80.2304382324,26646,26656,10
13.0345001221,80.2303924561,26656,26666,10
13.0346803665,80.2303466797,26666,26676,10
13.0349798203,80.230178833,26676,26687,11
13.0351200104,80.229927063,26687,26697,10
13.034819603,80.2298202515,26697,26707,10
13.0343599319,80.2297592163,26707,26717,10
13.0343198776,80.2297592163,26717,26727,10
13.0341997147,80.2300872803,26727,27635,908
13.0342502594,80.23021698,27635,27716,81
13.0342502594,80.23021698,27716,27726,10
13.0341997147,80.23021698,27726,27847,121
13.0342102051,80.23046875,27847,27958,111
13.0342102051,80.23046875,27958,27969,11
13.0339002609,80.2304992676,27969,27979,10
13.0335702896,80.2304611206,27979,27989,10
13.0334501266,80.2304534912,27989,27999,10
13.0328397751,80.2305221558,27999,28009,10
13.0320196152,80.2305908203,28009,28019,10
13.0312099457,80.230682373,28019,28029,10
13.03083992,80.23072052,28029,28039,10
13.0305404663,80.2307434082,28039,28049,10
13.029999733,80.2307815552,28049,28059,10
13.0299196243,80.2307815552,28059,28069,10
13.0297803879,80.2308120728,28069,28080,11
13.0293302536,80.2308425903,28080,28090,10
13.028670311,80.2309036255,28090,28100,10
13.0280103683,80.2310180664,28100,28110,10
13.0277395248,80.2310409546,28110,28120,10
13.0276899338,80.2313613892,28120,28130,10
13.0277395248,80.2317276001,28130,28140,10
13.0277900696,80.232093811,28140,28150,10
13.0278396606,80.2323913574,28150,28160,10
13.0278902054,80.232749939,28160,28170,10
13.0274801254,80.2328567505,28170,28181,11
13.0270996094,80.2329711914,28181,28191,10
13.0270700455,80.2329711914,28191,28201,10
13.0269002914,80.2329788208,28201,28211,10
13.026599884,80.2330093384,28211,28221,10
13.0263204575,80.2325973511,28221,28231,10
13.0260801315,80.2317581177,28231,28241,10
13.0257301331,80.2306594849,28241,28251,10
13.0250597,80.2296295166,28251,28261,10
13.0246601105,80.2291412354,28261,28271,10
13.0246400833,80.2291183472,28271,28281,10
13.0245103836,80.2289581299,28281,28292,11
13.0239696503,80.2283172607,28292,28312,20
13.0239696503,80.2283172607,28312,28322,10
13.0238704681,80.2281799316,28322,28332,10
13.0235900879,80.2278518677,28332,28342,10
13.0231800079,80.2274169922,28342,28352,10
13.0226402283,80.2269134521,28352,28362,10
13.0219802856,80.2263183594,28362,28372,10
13.0213003159,80.2257919312,28372,28382,10
13.0206899643,80.2253112793,28382,28393,11
13.0199804306,80.2248535156,28393,28403,10
13.0192403793,80.2244873047,28403,28413,10
13.0184001923,80.2246627808,28413,28423,10
13.0176401138,80.2249832153,28423,28433,10
13.0169200897,80.2252883911,28433,28443,10
13.0164899826,80.225479126,28443,28453,10
13.0161304474,80.2256011963,28453,28463,10
13.0155496597,80.2257919312,28463,28473,10
13.014840126,80.2260894775,28473,28483,10
13.0142803192,80.2263183594,28483,28493,10
13.0142002106,80.2263717651,28493,28504,11
13.0141096115,80.2264175415,28504,28514,10
13.0136404037,80.2265930176,28514,28524,10
13.012840271,80.2268676758,28524,28534,10
13.0118904114,80.2272567749,28534,28544,10
13.0109596252,80.2276306152,28544,28554,10
13.0099000931,80.2280578613,28554,28564,10
13.009180069,80.2285614014,28564,28574,10
13.0090198517,80.2294311523,28574,28584,10
13.0088500977,80.2302474976,28584,28594,10
13.0087299347,80.2311019897,28594,28604,10
13.008480072,80.2321777344,28604,28615,11
13.0083198547,80.2333831787,28615,28625,10
13.0082702637,80.2336273193,28625,28635,10
13.0082502365,80.2336883545,28635,28645,10
13.0081501007,80.2340316772,28645,28655,10
13.0080299377,80.2347183228,28655,28665,10
13.0078201294,80.2356491089,28665,28675,10
13.0075998306,80.2367706299,28675,28685,10
13.0073795319,80.2379074097,28685,28695,10
13.007229805,80.238822937,28695,28705,10
13.0071201324,80.2393035889,28705,28716,11
13.0069904327,80.2399291992,28716,28726,10
13.0069198608,80.2404403687,28726,28736,10
13.0068702698,80.240852356,28736,28746,10
13.0068597794,80.2409591675,28746,28756,10
13.0068101883,80.2414093018,28756,28766,10
13.0067796707,80.2421875,28766,28776,10
13.0067596436,80.2428512573,28776,28796,20
13.0067596436,80.2428512573,28796,28806,10
13.0067100525,80.2431335449,28806,28827,21
13.0067100525,80.2431335449,28827,28837,10
13.0067195892,80.2432785034,28837,28847,10
13.0067195892,80.243598938,28847,28857,10
13.0066995621,80.244102478,28857,28867,10
13.0067195892,80.2445602417,28867,28877,10
13.0067195892,80.2450408936,28877,28887,10
13.0067501068,80.245552063,28887,28897,10
13.0067596436,80.2458190918,28897,28907,10
13.0067596436,80.2460632324,28907,28917,10
13.006770134,80.246307373,28917,28927,10
13.0067796707,80.2465286255,28927,28938,11
13.0067796707,80.2471008301,28938,28948,10
13.0067596436,80.2479400635,28948,28958,10
13.0068998337,80.2496032715,28958,28978,20
13.0068998337,80.2496032715,28978,28988,10
13.0068998337,80.249961853,28988,28998,10
13.0068702698,80.2506790161,28998,29008,10
13.0068397522,80.251449585,29008,29059,51
13.0068397522,80.251449585,29059,29069,10
13.0067396164,80.2515792847,29069,29079,10
13.006649971,80.2521209717,29079,29089,10
13.0065803528,80.2529220581,29089,29099,10
13.0065803528,80.2537612915,29099,29109,10
13.0066099167,80.2545166016,29109,29119,10
13.0066299438,80.2552185059,29119,29129,10
13.006649971,80.2560119629,29129,29139,10
13.0066404343,80.2566604614,29139,29150,11
13.0066900253,80.2570419312,29150,29160,10
13.0066699982,80.2573394775,29160,29170,10
13.0068397522,80.2578582764,29170,29180,10
13.0077199936,80.2586898804,29180,29210,30
13.0077199936,80.2586898804,29210,29220,10
13.0078496933,80.2587280273,29220,29230,10
13.0082197189,80.2588729858,29230,29240,10
13.0087299347,80.2590408325,29240,29250,10
13.009180069,80.2590866089,29250,29261,11
13.0099496841,80.2591094971,29261,29271,10
13.0107498169,80.2591171265,29271,29281,10
13.0115804672,80.2590789795,29281,29291,10
13.0123796463,80.2591094971,29291,29301,10
13.013250351,80.2591400146,29301,29311,10
13.0141000748,80.2591629028,29311,29321,10
13.0148897171,80.2592010498,29321,29331,10
13.0156602859,80.2592926025,29331,29341,10
13.0165300369,80.2597503662,29341,29362,21
13.0165300369,80.2597503662,29362,29372,10
13.0165596008,80.2597885132,29372,29382,10
13.0168504715,80.2600097656,29382,29392,10
13.0173902512,80.2603683472,29392,29402,10
13.0179796219,80.2607574463,29402,29412,10
13.0185403824,80.2611694336,29412,29422,10
13.0190095901,80.2615585327,29422,29432,10
13.0194301605,80.2618789673,29432,29442,10
13.0198097229,80.262298584,29442,29452,10
13.0202302933,80.2626495361,29452,29462,10
13.0202703476,80.2626724243,29462,29473,11
13.0205898285,80.2628173828,29473,29483,10
13.021229744,80.2630081177,29483,29493,10
13.0219402313,80.2632980347,29493,29503,10
13.0222501755,80.2634735107,29503,29513,10
13.0227804184,80.2637405396,29513,29523,10
13.0230102539,80.2639007568,29523,29533,10
13.0231304169,80.2639770508,29533,29543,10
13.0235595703,80.2641983032,29543,29553,10
13.0242700577,80.2645874023,29553,29563,10
13.0248003006,80.2649993896,29563,29573,10
13.025179863,80.2652587891,29573,29584,11
13.0257396698,80.2656326294,29584,29594,10
13.0262899399,80.2658691406,29594,29604,10
13.0263900757,80.2653427124,29604,29614,10
13.0264501572,80.2646713257,29614,29624,10
13.0264997482,80.2640609741,29624,29634,10
13.0265197754,80.2639923096,29634,29644,10
13.0266199112,80.2638626099,29644,29654,10
13.0266399384,80.2634811401,29654,29664,10
13.0269498825,80.2634506226,29664,29674,10
13.027469635,80.2635421753,29674,29685,11
13.0281200409,80.2637405396,29685,29695,10
13.0286903381,80.2638778687,29695,29705,10
13.0292196274,80.2640533447,29705,29715,10
13.0293102264,80.2643890381,29715,29725,10
13.0293102264,80.2649612427,29725,29735,10
13.0292797089,80.265586853,29735,29745,10
13.0292701721,80.2659835815,29745,29755,10
13.0292301178,80.2660675049,29755,29765,10
13.0291900635,80.2664489746,29765,29775,10
13.029419899,80.2665710449,29775,29785,10
13.0299797058,80.2666625977,29785,29796,11
13.0308198929,80.2667770386,29796,29806,10
13.0316400528,80.267036438,29806,29816,10
13.03221035,80.2673187256,29816,29826,10
13.0326595306,80.2676010132,29826,29836,10
13.0336399078,80.2678909302,29836,29866,30
13.0336399078,80.2678909302,29866,29876,10
13.0339803696,80.2679977417,29876,29886,10
13.0345201492,80.2680130005,29886,29957,71
13.0345201492,80.2680130005,29957,29967,10
13.0341596603,80.2680282593,29967,29977,10
13.0335302353,80.267906189,29977,30250,273
13.0332603455,80.2677688599,30250,30351,101
13.0332298279,80.267868042,30351,30442,91
13.0332298279,80.267868042,30442,30452,10
13.0330200195,80.267791748,30452,30462,10
13.03262043,80.2676391602,30462,30472,10
13.0323600769,80.2674636841,30472,30482,10
13.031999588,80.2672424316,30482,30492,10
13.0314598083,80.2670135498,30492,30502,10
13.03083992,80.2668304443,30502,30512,10
13.0303401947,80.2667694092,30512,30522,10
13.0298299789,80.266708374,30522,30532,10
13.0297899246,80.2667007446,30532,30543,11
13.029419899,80.2666702271,30543,30553,10
13.0290403366,80.266456604,30553,30563,10
13.0283002853,80.2662963867,30563,30572,9
13.0275602341,80.2661132813,30572,30583,11
13.0269002914,80.2660598755,30583,30593,10
13.0266399384,80.2660598755,30593,30603,10
13.0262403488,80.2659835815,30603,30613,10
13.0257997513,80.2657165527,30613,30623,10
13.0254297256,80.2654800415,30623,30633,10
13.0252895355,80.2653884888,30633,30643,10
13.0252199173,80.2653274536,30643,30654,11
13.0248498917,80.2649993896,30654,30664,10
13.0243501663,80.2646789551,30664,30674,10
13.0239696503,80.2644424438,30674,30684,10
13.0233802795,80.2641372681,30684,30694,10
13.0221595764,80.2634887695,30694,30714,20
13.0221595764,80.2634887695,30714,30724,10
13.0219802856,80.263381958,30724,30734,10
13.0215797424,80.2631912231,30734,30744,10
13.0207996368,80.2630615234,30744,30754,10
13.020190239,80.2630386353,30754,30765,11
13.0194396973,80.2629776001,30765,30775,10
13.0189599991,80.2628479004,30775,30785,10
13.0188703537,80.2621994019,30785,30795,10
13.0187797546,80.2615127563,30795,30805,10
13.018529892,80.2612304688,30805,30815,10
13.0182199478,80.2610321045,30815,30825,10
13.017660141,80.2606582642,30825,30835,10
13.0170297623,80.2602310181,30835,30845,10
13.0167503357,80.2600479126,30845,30855,10
13.016119957,80.2597198486,30855,30876,21
13.016119957,80.2597198486,30876,30886,10
13.0157699585,80.2595596313,30886,30896,10
13.0150995255,80.2593917847,30896,30906,10
13.0143299103,80.2593383789,30906,30916,10
13.0134496689,80.2593078613,30916,30926,10
13.0125598907,80.2592773438,30926,30936,10
13.0116796494,80.2592468262,30936,30946,10
13.0108604431,80.2592391968,30946,30956,10
13.0101003647,80.2592926025,30956,30966,10
13.0099000931,80.2592926025,30966,30977,11
13.009519577,80.2592773438,30977,31037,60
13.0091495514,80.259262085,31037,31077,40
13.0087604523,80.2592086792,31077,31108,31
13.0087604523,80.2592086792,31108,31118,10
13.0084400177,80.2591934204,31118,31128,10
13.0079603195,80.2592391968,31128,31138,10
13.0074701309,80.2592697144,31138,31148,10
13.0072202682,80.2587814331,31148,31158,10
13.0071897507,80.258682251,31158,31168,10
13.0071001053,80.2584915161,31168,31178,10
13.0066604614,80.2577972412,31178,31209,31
13.0066604614,80.2577972412,31209,31219,10
13.0065002441,80.2577133179,31219,31229,10
13.0064296722,80.2572174072,31229,31239,10
13.0064296722,80.2565536499,31239,31249,10
13.0064601898,80.2557373047,31249,31259,10
13.0065202713,80.2551803589,31259,31269,10
13.0065097809,80.2543334961,31269,31279,10
13.006480217,80.2534484863,31279,31289,10
13.006480217,80.2531967163,31289,31300,11
13.0065097809,80.2530517578,31300,31310,10
13.0065803528,80.2521972656,31310,31360,50
13.0065803528,80.2521972656,31360,31370,10
13.0066003799,80.2518615723,31370,31380,10
13.0066995621,80.2512893677,31380,31390,10
13.0067195892,80.2510986328,31390,31400,10
13.0067396164,80.2508010864,31400,31411,11
13.0067396164,80.2501831055,31411,31421,10
13.0067195892,80.2496871948,31421,31431,10
13.0067195892,80.2495422363,31431,31441,10
13.0066995621,80.2490234375,31441,31451,10
13.0066604614,80.2484817505,31451,31673,222
13.0066604614,80.2484817505,31673,31683,10
13.0066099167,80.2481994629,31683,31693,10
13.0065898895,80.2479095459,31693,31703,10
13.0066204071,80.2475128174,31703,31713,10
13.0066299438,80.2471313477,31713,31723,10
13.0066299438,80.2469024658,31723,31734,11
13.0065803528,80.2465286255,31734,31764,30
13.0065803528,80.2465286255,31764,31774,10
13.0066699982,80.2463531494,31774,31784,10
13.006649971,80.2458496094,31784,31794,10
13.0066404343,80.2451629639,31794,31804,10
13.0066299438,80.2445220947,31804,31814,10
13.0066204071,80.2441101074,31814,31824,10
13.0066003799,80.2437210083,31824,31835,11
13.0066003799,80.2434310913,31835,31845,10
13.0065603256,80.2427978516,31845,31855,10
13.0065402985,80.2416687012,31855,31875,20
13.0065402985,80.2416687012,31875,31885,10
13.0065603256,80.2415084839,31885,31895,10
13.0066099167,80.2410430908,31895,31905,10
13.0066204071,80.2409362793,31905,31915,10
13.006649971,80.2407226563,31915,31925,10
13.0066995621,80.240447998,31925,31935,10
13.0067796707,80.2400970459,31935,31946,11
13.0069599152,80.2392578125,31946,31956,10
13.0071401596,80.238319397,31956,31966,10
13.0073795319,80.2371520996,31966,31986,20
13.0073795319,80.2371520996,31986,31996,10
13.0073900223,80.236869812,31996,32006,10
13.007399559,80.2368011475,32006,32016,10
13.0075502396,80.2363586426,32016,32026,10
13.0076904297,80.2356491089,32026,32036,10
13.0078401566,80.2349319458,32036,32046,10
13.008020401,80.2340621948,32046,32057,11
13.0082397461,80.233001709,32057,32067,10
13.0084400177,80.2320404053,32067,32077,10
13.0086402893,80.2310333252,32077,32087,10
13.0088300705,80.2300567627,32087,32097,10
13.0090303421,80.2290725708,32097,32107,10
13.0092496872,80.2281036377,32107,32117,10
13.0096502304,80.2272109985,32117,32127,10
13.0100898743,80.2262268066,32127,32137,10
13.0106601715,80.2250518799,32137,32157,20
13.0106601715,80.2250518799,32157,32168,11
13.0108299255,80.224647522,32168,32178,10
13.0111103058,80.224029541,32178,32188,10
13.011300087,80.2235870361,32188,32198,10
13.0115098953,80.2230606079,32198,32208,10
13.0117702484,80.2223587036,32208,32218,10
13.0120401382,80.221572876,32218,32227,9
13.0122995377,80.2214202881,32227,32238,11
13.0126304626,80.2219085693,32238,32248,10
13.0131797791,80.2225570679,32248,32258,10
13.0136404037,80.2230224609,32258,32269,11
13.0140895844,80.2234191895,32269,32279,10
13.0142498016,80.2236328125,32279,32289,10
13.014670372,80.2240829468,32289,32299,10
13.0155000687,80.2249984741,32299,32319,20
13.0155000687,80.2249984741,32319,32329,10
13.015709877,80.225227356,32329,32339,10
13.0163002014,80.2253723145,32339,32349,10
13.0171604156,80.2250976563,32349,32359,10
13.017999649,80.2247619629,32359,32369,10
13.0187101364,80.2244796753,32369,32380,11
13.0191497803,80.224357605,32380,32390,10
13.0194396973,80.2244033813,32390,32400,10
13.0197296143,80.2245407104,32400,32410,10
13.0199899673,80.2247314453,32410,32420,10
13.0204801559,80.2250976563,32420,32430,10
13.0207901001,80.2253494263,32430,32440,10
13.0211200714,80.2256088257,32440,32450,10
13.0219497681,80.2261810303,32450,32470,20
13.0219497681,80.2261810303,32470,32480,10
13.0221996307,80.2264099121,32480,32491,11
13.0227098465,80.226852417,32491,32501,10
13.0230998993,80.2272109985,32501,32511,10
13.0233001709,80.2273864746,32511,32521,10
13.023639679,80.2276992798,32521,32531,10
13.024140358,80.2282028198,32531,32561,30
13.024140358,80.2282028198,32561,32571,10
13.0242099762,80.2283172607,32571,32581,10
13.0243701935,80.2285308838,32581,32592,11
13.0245304108,80.2287521362,32592,32602,10
13.0245895386,80.2288131714,32602,32612,10
13.0246696472,80.2289199829,32612,32622,10
13.024889946,80.2292480469,32622,32632,10
13.025270462,80.2297363281,32632,32642,10
13.0255899429,80.2301712036,32642,32652,10
13.0257797241,80.2304763794,32652,32692,40
13.0257797241,80.2304763794,32692,32703,11
13.0260000229,80.23072052,32703,32713,10
13.02602005,80.2309036255,32713,32723,10
13.0260400772,80.2311172485,32723,32733,10
13.0260896683,80.2313766479,32733,32743,10
13.0266504288,80.2312393188,32743,32753,10
13.027469635,80.2310180664,32753,32763,10
13.0282497406,80.2309188843,32763,32773,10
13.0284500122,80.2309036255,32773,32783,10
13.0285396576,80.2309036255,32783,32793,10
13.0292196274,80.2308578491,32793,32854,61
13.0292196274,80.2308578491,32854,32864,10
13.0293197632,80.2308807373,32864,32874,10
13.029589653,80.2308425903,32874,32884,10
13.0300998688,80.2307815552,32884,32894,10
13.0305404663,80.2307434082,32894,32925,31
13.0305404663,80.2307434082,32925,32935,10
13.0307102203,80.23072052,32935,32945,10
13.0311002731,80.2306976318,32945,32955,10
13.03166008,80.2306594849,32955,32965,10
13.0324296951,80.2305908203,32965,32975,10
13.0332403183,80.2305297852,32975,32985,10
13.0339202881,80.23046875,32985,32995,10
13.0342597961,80.2304229736,32995,33005,10
13.0345201492,80.2303924561,33005,33015,10
13.034910202,80.2302474976,33015,33066,51
13.034910202,80.2302474976,33066,33076,10
13.0352497101,80.2300186157,33076,33086,10
13.0352497101,80.2298812866,33086,33096,10
13.0350799561,80.2297973633,33096,33106,10
13.0346002579,80.2297363281,33106,33147,41
13.0346002579,80.2297363281,33147,33157,10
13.0343399048,80.2297821045,33157,33167,10
13.034239769,80.2298965454,33167,33298,131
13.034239769,80.2303009033,33298,33379,81
13.034239769,80.2303009033,33379,33389,10
13.0341997147,80.2303924561,33389,33399,10
13.0340995789,80.230430603,33399,33409,10
13.0338897705,80.2304229736,33409,33419,10
13.0335798264,80.2304763794,33419,33439,20
13.0335798264,80.2304763794,33439,33449,10
13.0333404541,80.2305603027,33449,33460,11
13.0326900482,80.2305984497,33460,33470,10
13.0321102142,80.2306671143,33470,33480,10
13.03166008,80.2306594849,33480,33490,10
13.031080246,80.2307128906,33490,33500,10
13.0310001373,80.2307128906,33500,33510,10
13.0306596756,80.230758667,33510,33520,10
13.0302801132,80.2307891846,33520,33530,10
13.0301704407,80.230796814,33530,33540,10
13.02987957,80.2308273315,33540,33550,10
13.0298404694,80.2308273315,33550,33561,11
13.0296897888,80.2308578491,33561,33571,10
13.0292396545,80.2308807373,33571,33581,10
13.0285100937,80.23097229,33581,33591,10
13.0277395248,80.2310714722,33591,33601,10
13.0276699066,80.2312774658,33601,33611,10
13.0277004242,80.2317733765,33611,33621,10
13.0277700424,80.2322387695,33621,33631,10
13.027879715,80.232711792,33631,33641,10
13.0275297165,80.2328414917,33641,33651,10
13.0272197723,80.2329406738,33651,33702,51
13.0269804001,80.233039856,33702,33783,81
13.0269804001,80.233039856,33783,33793,10
13.0270004272,80.2329788208,33793,33803,10
13.0267801285,80.233001709,33803,33813,10
13.0264997482,80.233001709,33813,33823,10
13.026309967,80.2325668335,33823,33833,10
13.0262002945,80.2320632935,33833,33843,10
13.0261001587,80.2315292358,33843,33853,10
13.0259199142,80.2308578491,33853,33863,10
13.0253801346,80.2300033569,33863,33884,21
13.0253801346,80.2300033569,33884,33894,10
13.025179863,80.2297363281,33894,33904,10
13.0249004364,80.229347229,33904,33914,10
13.0246601105,80.2290496826,33914,33924,10
13.0244998932,80.2288589478,33924,33934,10
13.0243997574,80.228729248,33934,33944,10
13.0242300034,80.2285003662,33944,33954,10
13.0240097046,80.2282180786,33954,33974,20
13.0240097046,80.2282180786,33974,33984,10
13.0239896774,80.2281494141,33984,33995,11
13.0237703323,80.2279205322,33995,34005,10
13.0233697891,80.2275238037,34005,34015,10
13.0230798721,80.2272109985,34015,34025,10
13.0225896835,80.2267532349,34025,34035,10
13.0219202042,80.2262191772,34035,34045,10
13.0212602615,80.225692749,34045,34055,10
13.0206203461,80.2252502441,34055,34065,10
13.0201396942,80.224937439,34065,34075,10
13.0197601318,80.2247009277,34075,34085,10
13.0191402435,80.2245178223,34085,34095,10
13.0183696747,80.2247085571,34095,34106,11
13.0174999237,80.2250595093,34106,34116,10
13.0168304443,80.2253417969,34116,34126,10
13.0163698196,80.2255096436,34126,34136,10
13.0159101486,80.2256774902,34136,34146,10
13.0152301788,80.2259368896,34146,34156,10
13.0144100189,80.2262878418,34156,34196,40
13.0144100189,80.2262878418,34196,34206,10
13.0143098831,80.226348877,34206,34217,11
13.0137901306,80.2265396118,34217,34226,9
13.0132198334,80.2267608643,34226,34237,11
13.012430191,80.2270812988,34237,34247,10
13.0118598938,80.2273025513,34247,34257,10
13.0113897324,80.2275009155,34257,34338,81
13.0113897324,80.2275009155,34338,34348,10
13.0112104416,80.2275619507,34348,34358,10
13.0109100342,80.2276611328,34358,34368,10
13.0103397369,80.2278823853,34368,34378,10
13.00963974,80.2281799316,34378,34388,10
13.0092096329,80.2286987305,34388,34398,10
13.0090503693,80.2294998169,34398,34408,10
13.0088596344,80.2304000854,34408,34418,10
13.0086803436,80.231338501,34418,34428,10
13.008480072,80.2323226929,34428,34439,11
13.0082998276,80.233543396,34439,34479,40
13.0082998276,80.233543396,34479,34489,10
13.0081501007,80.2340164185,34489,34529,40
13.0081501007,80.2340164185,34529,34540,11
13.0080900192,80.2342376709,34540,34550,10
13.0080299377,80.2346115112,34550,34560,10
13.008020401,80.2347106934,34560,34570,10
13.0079402924,80.2351531982,34570,34600,30
13.0079402924,80.2351531982,34600,34610,10
13.0078897476,80.2353210449,34610,34620,10
13.0078001022,80.2357406616,34620,34630,10
13.0076904297,80.2362823486,34630,34640,10
13.0075902939,80.2368164063,34640,34651,11
13.0074300766,80.2376174927,34651,34701,50
13.0074300766,80.2376174927,34701,34711,10
13.007399559,80.2378311157,34711,34721,10
13.0073404312,80.2381362915,34721,34731,10
13.0072803497,80.2384872437,34731,34741,10
13.0072002411,80.238861084,34741,34751,10
13.007060051,80.2395019531,34751,34772,21
13.007060051,80.2395019531,34772,34782,10
13.0069999695,80.2397079468,34782,34792,10
13.0069103241,80.2405700684,34792,34822,30
13.0069103241,80.2405700684,34822,34832,10
13.0068702698,80.2407989502,34832,34842,10
13.0067901611,80.2412567139,34842,34852,10
13.0067300797,80.2420578003,34852,34863,11
13.0067195892,80.2428436279,34863,34873,10
13.0067300797,80.2433624268,34873,34893,20
13.0067300797,80.2433624268,34893,34903,10
13.0066900253,80.2438201904,34903,34943,40
13.0066900253,80.2438201904,34943,34953,10
13.0066900253,80.2442169189,34953,34963,10
13.0066795349,80.2443695068,34963,34974,11
13.0066900253,80.2445526123,34974,34984,10
13.0066995621,80.2450180054,34984,34994,10
13.0067596436,80.2456283569,34994,35004,10
13.0067996979,80.246307373,35004,35014,10
13.0067996979,80.2467498779,35014,35024,10
13.0067796707,80.2473831177,35024,35034,10
13.0067796707,80.2481765747,35034,35044,10
13.0068998337,80.2493209839,35044,35064,20
13.0068998337,80.2493209839,35064,35075,11
13.0069599152,80.249458313,35075,35085,10
13.0069303513,80.2498626709,35085,35095,10
13.0068902969,80.2505722046,35095,35105,10
13.0068998337,80.2510299683,35105,35115,10
13.0068502426,80.2514266968,35115,35125,10
13.0067396164,80.2520980835,35125,35135,10
13.0066604614,80.2528915405,35135,35145,10
13.0066404343,80.2538299561,35145,35155,10
13.006649971,80.2547683716,35155,35165,10
13.006649971,80.2557830811,35165,35175,10
13.0066795349,80.256980896,35175,35256,81
13.0066795349,80.256980896,35256,35266,10
13.0066795349,80.2571487427,35266,35276,10
13.0067596436,80.2575302124,35276,35286,10
13.0070295334,80.2580566406,35286,35297,11
13.0077600479,80.258682251,35297,35317,20
13.0077600479,80.258682251,35317,35327,10
13.0080604553,80.2588195801,35327,35337,10
13.0086803436,80.2590332031,35337,35347,10
13.0093097687,80.2590408325,35347,35357,10
13.0101299286,80.2590408325,35357,35367,10
13.0110197067,80.2590408325,35367,35377,10
13.0120401382,80.2590484619,35377,35387,10
13.0131502151,80.2591018677,35387,35397,10
13.014289856,80.2591171265,35397,35408,11
13.0153999329,80.2591934204,35408,35418,10
13.0162496567,80.2595367432,35418,35438,20
13.0162496567,80.2595367432,35438,35448,10
13.0163602829,80.2596511841,35448,35458,10
13.0165700912,80.2598419189,35458,35468,10
13.0168104172,80.2600402832,35468,35478,10
13.01720047,80.2602920532,35478,35488,10
13.0175199509,80.2605133057,35488,35498,10
13.017829895,80.2606964111,35498,35508,10
13.0182600021,80.2610092163,35508,35519,11
13.0188798904,80.2614974976,35519,35529,10
13.0193395615,80.2618865967,35529,35539,10
13.0196895599,80.2622299194,35539,35549,10
13.0201797485,80.2626113892,35549,35559,10
13.0202503204,80.2626495361,35559,35569,10
13.0205402374,80.2627868652,35569,35579,10
13.0211296082,80.2629928589,35579,35589,10
13.0218496323,80.2632598877,35589,35599,10
13.0222101212,80.2634124756,35599,35609,10
13.0229597092,80.2638397217,35609,35640,31
13.0229597092,80.2638397217,35640,35650,10
13.0232000351,80.263999939,35650,35660,10
13.0236196518,80.264251709,35660,35670,10
13.0243196487,80.2646484375,35670,35680,10
13.0248699188,80.2650604248,35680,35689,9
13.0252799988,80.2652893066,35689,35700,11
13.0256595612,80.2655410767,35700,35710,10
13.0260095596,80.2657394409,35710,35720,10
13.0260601044,80.2657623291,35720,35731,11
13.0261802673,80.2658233643,35731,35741,10
13.0263299942,80.2655792236,35741,35751,10
13.0263795853,80.265083313,35751,35761,10
13.0265197754,80.2640686035,35761,35791,30
13.0265197754,80.2640686035,35791,35817,26
13.0268602371,80.2633895874,35817,35827,10
13.0274000168,80.2634811401,35827,35837,10
13.0279102325,80.2636413574,35837,35848,11
13.0282297134,80.2637176514,35848,35858,10
13.0284404755,80.2638015747,35858,35868,10
13.0289402008,80.2639312744,35868,35878,10
13.0293197632,80.2641906738,35878,35888,10
13.0293197632,80.2645721436,35888,35898,10
13.0293302536,80.2652130127,35898,35908,10
13.029299736,80.2657928467,35908,35918,10
13.0292797089,80.2659378052,35918,35928,10
13.0292396545,80.2662506104,35928,35938,10
13.0293903351,80.2664413452,35938,35949,11
13.0298595428,80.2665405273,35949,35959,10
13.0303897858,80.2666320801,35959,35969,10
13.0311002731,80.2668075562,35969,35979,10
13.0317602158,80.2670669556,35979,35989,10
13.0324602127,80.2673873901,35989,35999,10
13.0328102112,80.2676467896,35999,36009,10
13.0333404541,80.2677764893,36009,36019,10
13.0337400436,80.2678604126,36019,36060,41
13.0337400436,80.2678604126,36060,36070,10
13.0341501236,80.2679672241,36070,36080,10
13.0345602036,80.2679977417,36080,36130,50
13.0344800949,80.2680892944,36130,36171,41
13.0344800949,80.2680892944,36171,36181,10
13.0341596603,80.2680130005,36181,36191,10
13.0339202881,80.2679595947,36191,36201,10
13.0334196091,80.2678833008,36201,36231,30
13.0334196091,80.2678833008,36231,36241,10
13.0332098007,80.2678222656,36241,36251,10
13.0330600739,80.2677764893,36251,36261,10
13.0327997208,80.2677230835,36261,36282,21
13.0327997208,80.2677230835,36282,36292,10
13.03262043,80.2675628662,36292,36302,10
13.0325202942,80.2675018311,36302,36312,10
13.0322999954,80.2673873901,36312,36322,10
13.0317697525,80.2671127319,36322,36332,10
13.0310001373,80.2668228149,36332,36342,10
13.0303401947,80.2667007446,36342,36352,10
13.0299396515,80.2666015625,36352,36362,10
13.0298404694,80.2666091919,36362,36372,10
13.029709816,80.2666168213,36372,36383,11
13.0294399261,80.2665481567,36383,36393,10
13.0292596817,80.2664794922,36393,36403,10
13.0288200378,80.2663726807,36403,36413,10
13.0281600952,80.2662277222,36413,36423,10
13.0274600983,80.2661132813,36423,36433,10
13.0266599655,80.2659988403,36433,36443,10
13.0262498856,80.2658996582,36443,36453,10
13.0257501602,80.2656326294,36453,36463,10
13.0253601074,80.2654037476,36463,36473,10
13.0252599716,80.2653427124,36473,36483,10
13.0251502991,80.2652893066,36483,36494,11
13.0249300003,80.2651062012,36494,36504,10
13.0245895386,80.2648620605,36504,36514,10
13.0240402222,80.2644500732,36514,36524,10
13.0234298706,80.2640914917,36524,36534,10
13.0227003098,80.2636795044,36534,36544,10
13.0221700668,80.263458252,36544,36554,10
13.0221004486,80.2633972168,36554,36564,10
13.0218400955,80.2632675171,36564,36574,10
13.0211601257,80.2630767822,36574,36584,10
13.020359993,80.2630386353,36584,36594,10
13.019780159,80.2629776001,36594,36605,11
13.019109726,80.2629013062,36605,36615,10
13.0189199448,80.2624435425,36615,36625,10
13.0187902451,80.2616882324,36625,36635,10
13.0185098648,80.261177063,36635,36645,10
13.017999649,80.2608566284,36645,36655,10
13.0173997879,80.2604522705,36655,36665,10
13.0167503357,80.260017395,36665,36675,10
13.0160598755,80.2596817017,36675,36685,10
13.0160102844,80.2596282959,36685,36695,10
13.0155897141,80.2594680786,36695,36705,10
13.0148296356,80.2593231201,36705,36716,11
13.0138301849,80.259262085,36716,36726,10
13.0127401352,80.2592391968,36726,36736,10
13.0117797852,80.2592010498,36736,36746,10
13.0109100342,80.2591934204,36746,36756,10
13.0100803375,80.2592315674,36756,36766,10
13.0098199844,80.2592163086,36766,36776,10
13.0094995499,80.2591934204,36776,36786,10
13.0088996887,80.2591629028,36786,36796,10
13.0085201263,80.2591400146,36796,36806,10
13.0078802109,80.2592697144,36806,36817,11
13.0074195862,80.2591781616,36817,36827,10
13.0072402954,80.2587814331,36827,36837,10
13.0071601868,80.2586364746,36837,36847,10
13.0069303513,80.2582702637,36847,36857,10
13.0066299438,80.2578201294,36857,36897,40
13.0066299438,80.2578201294,36897,36907,10
13.0065002441,80.2574920654,36907,36917,10
13.0065002441,80.2570571899,36917,36928,11
13.0064697266,80.2563400269,36928,36938,10
13.0064897537,80.2556762695,36938,36948,10
13.0065202713,80.2550811768,36948,36958,10
13.0065202713,80.2543487549,36958,36968,10
13.0065202713,80.253868103,36968,36978,10
13.0065202713,80.2534866333,36978,36988,10
13.0065097809,80.2531967163,36988,36998,10
13.006480217,80.2531509399,36998,37008,10
13.0064897537,80.252822876,37008,37018,10
13.0065402985,80.2521896362,37018,37059,41
13.0065402985,80.2521896362,37059,37069,10
13.0065603256,80.2520980835,37069,37079,10
13.0066404343,80.251701355,37079,37089,10
13.0067300797,80.2509536743,37089,37099,10
13.0067195892,80.2500762939,37099,37240,141
13.0067195892,80.2500762939,37240,37251,11
13.0067100525,80.2498626709,37251,37261,10
13.0066995621,80.249420166,37261,37271,10
13.0066900253,80.2492904663,37271,37281,10
13.0066795349,80.2488479614,37281,37290,9
13.0066604614,80.2486877441,37290,37301,11
13.0066604614,80.2486114502,37301,37311,10
13.006649971,80.2484436035,37311,37362,51
13.006649971,80.2484436035,37362,37372,10
13.0066404343,80.2481613159,37372,37382,10
13.0066404343,80.2478713989,37382,37392,10
13.006649971,80.2474136353,37392,37402,10
13.0065603256,80.2466506958,37402,37432,30
13.0065603256,80.2466506958,37432,37442,10
13.0066404343,80.246307373,37442,37452,10
13.0066099167,80.2457885742,37452,37462,10
13.0066099167,80.2455062866,37462,37473,11
13.0065898895,80.2452774048,37473,37483,10
13.0065803528,80.2451095581,37483,37493,10
13.0065803528,80.2449035645,37493,37503,10
13.0066099167,80.2448120117,37503,37513,10
13.0066299438,80.2446365356,37513,37523,10
13.0066604614,80.2444000244,37523,37533,10
13.006649971,80.2440032959,37533,37543,10
13.0066099167,80.2433776855,37543,37553,10
13.0065803528,80.242767334,37553,37563,10
13.0065603256,80.2419891357,37563,37574,11
13.0065603256,80.2414703369,37574,37584,10
13.0065803528,80.241317749,37584,37594,10
13.0065803528,80.2410812378,37594,37604,10
13.0066099167,80.2408905029,37604,37614,10
13.0066604614,80.2406616211,37614,37624,10
13.0067195892,80.2403106689,37624,37634,10
13.0068702698,80.2396621704,37634,37643,9
13.0070400238,80.2388305664,37643,37654,11
13.0071897507,80.2379684448,37654,37664,10
13.0073699951,80.2369995117,37664,37674,10
13.0073699951,80.2369308472,37674,37685,11
13.0073795319,80.2368011475,37685,37695,10
13.007519722,80.236328125,37695,37705,10
13.007610321,80.2358932495,37705,37715,10
13.0076999664,80.235458374,37715,37725,10
13.0078001022,80.2349777222,37725,37735,10
13.0079298019,80.234336853,37735,37745,10
13.0081100464,80.2334899902,37745,37755,10
13.008310318,80.232460022,37755,37765,10
13.0085201263,80.2313690186,37765,37775,10
13.0087404251,80.2302780151,37775,37785,10
13.008939743,80.2293624878,37785,37796,11
13.0091199875,80.2284622192,37796,37806,10
13.0094003677,80.2276992798,37806,37816,10
13.0097703934,80.2268829346,37816,37825,9
13.0100402832,80.22631073,37825,37836,11
13.0104503632,80.2255630493,37836,37846,10
13.0106201172,80.2251815796,37846,37857,11
13.0108203888,80.2247467041,37857,37867,10
13.0111503601,80.2239379883,37867,37877,10
13.0114803314,80.2230682373,37877,37887,10
13.011879921,80.2219772339,37887,37898,11
13.0122404099,80.2213516235,37898,37908,10
13.0125303268,80.2217025757,37908,37918,10
13.0130195618,80.2222976685,37918,37928,10
13.0136003494,80.2229537964,37928,37938,10
13.0140600204,80.2233581543,37938,37948,10
13.0142803192,80.2236480713,37948,37958,10
13.0147600174,80.2241592407,37958,37968,10
13.015540123,80.2249526978,37968,37988,20
13.015540123,80.2249526978,37988,37998,10
13.0158395767,80.2252426147,37998,38009,11
13.016579628,80.2252883911,38009,38019,10
13.017539978,80.2249221802,38019,38029,10
13.0185098648,80.2245330811,38029,38039,10
13.0191698074,80.224357605,38039,38049,10
13.0195999146,80.2244567871,38049,38069,20
13.0195999146,80.2244567871,38069,38079,10
13.0197696686,80.2245407104,38079,38089,10
13.0202102661,80.224861145,38089,38099,10
13.0205698013,80.2250900269,38099,38109,10
13.0208797455,80.2253036499,38109,38120,11
13.0210399628,80.2254180908,38120,38130,10
13.0211801529,80.2255783081,38130,38140,10
13.0212202072,80.2256393433,38140,38150,10
13.0213499069,80.2258071899,38150,38160,10
13.0219697952,80.2261886597,38160,38180,20
13.0219697952,80.2261886597,38180,38190,10
13.0221395493,80.2262802124,38190,38200,10
13.0223302841,80.2264175415,38200,38210,10
13.0224199295,80.2265014648,38210,38221,11
13.0226097107,80.2266616821,38221,38231,10
13.0228204727,80.2268600464,38231,38241,10
13.0229701996,80.2270507813,38241,38251,10
13.023150444,80.2272186279,38251,38261,10
13.0233402252,80.2273788452,38261,38271,10
13.0235004425,80.2275238037,38271,38281,10
13.0235996246,80.2275924683,38281,38291,10
13.0238399506,80.2278137207,38291,38301,10
13.0241498947,80.2281188965,38301,38352,51
13.0241498947,80.2281188965,38352,38362,10
13.0243597031,80.2284469604,38362,38372,10
13.0245199203,80.2286682129,38372,38382,10
13.0246295929,80.2288131714,38382,38392,10
13.0246896744,80.2288970947,38392,38402,10
13.0248298645,80.2291107178,38402,38412,10
13.0249595642,80.2292785645,38412,38422,10
13.0253200531,80.2297210693,38422,38432,10
13.0256795883,80.2302093506,38432,38443,11
13.0258302689,80.2304916382,38443,38453,10
13.0259399414,80.2307434082,38453,38463,10
13.0260095596,80.2309494019,38463,38473,10
13.0261297226,80.231300354,38473,38483,10
13.0266599655,80.2312011719,38483,38493,10
13.0274801254,80.2309875488,38493,38503,10
13.028169632,80.2309112549,38503,38512,9
13.0285596848,80.2308578491,38512,38523,11
13.0286502838,80.2308578491,38523,38533,10
13.0291595459,80.2308578491,38533,38584,51
13.0291595459,80.2308578491,38584,38594,10
13.0294303894,80.2308807373,38594,38604,10
13.0299100876,80.2307891846,38604,38624,20
13.0299100876,80.2307891846,38624,38634,10
13.0301198959,80.2307281494,38634,38644,10
13.030579567,80.2307128906,38644,38725,81
13.030579567,80.2307128906,38725,38735,10
13.0310001373,80.230682373,38735,38745,10
13.0317201614,80.2306289673,38745,38755,10
13.0324697495,80.2305679321,38755,38765,10
13.0331802368,80.230506897,38765,38776,11
13.0340499878,80.230430603,38776,38806,30
13.0340499878,80.230430603,38806,38816,10
13.0340995789,80.2304382324,38816,38826,10
13.0343599319,80.2304077148,38826,38836,10
13.0347604752,80.2302932739,38836,38856,20
13.0347604752,80.2302932739,38856,38866,10
13.0348596573,80.2300415039,38866,38877,11
13.0345401764,80.2300033569,38877,39603,726
13.0342102051,80.2300720215,39603,39745,142
13.0342102051,80.2300720215,39745,39755,10
13.0337696075,80.2304382324,39755,39765,10
13.0333900452,80.23046875,39765,39775,10
13.0331201553,80.2304763794,39775,39785,10
13.032500267,80.2305831909,39785,39795,10
13.0318698883,80.2306365967,39795,39805,10
13.0313196182,80.2306671143,39805,39815,10
13.0308103561,80.2307434082,39815,39825,10
13.0299196243,80.2308120728,39825,39845,20
13.0299196243,80.2308120728,39845,39856,11
13.0295600891,80.2308807373,39856,39866,10
13.0289001465,80.2309494019,39866,39876,10
13.0281200409,80.231010437,39876,39886,10
13.0277204514,80.2310180664,39886,39896,10
13.0276603699,80.2313308716,39896,39906,10
13.0277099609,80.2317428589,39906,39916,10
13.0277795792,80.2322235107,39916,39926,10
13.0276899338,80.2327880859,39926,39967,41
13.0276899338,80.2327880859,39967,39977,10
13.0275602341,80.2327880859,39977,39987,10
13.0274400711,80.2328262329,39987,39997,10
13.0272197723,80.2328796387,39997,40007,10
13.0269603729,80.232963562,40007,40017,10
13.0267095566,80.2329864502,40017,40027,10
13.0263395309,80.2328109741,40027,40037,10
13.0261096954,80.2321014404,40037,40047,10
13.0258998871,80.231300354,40047,40057,10
13.0255403519,80.2303466797,40057,40068,11
13.0248003006,80.2292861938,40068,40078,10
13.0239601135,80.2282791138,40078,40098,20
13.0239601135,80.2282791138,40098,40108,10
13.0237703323,80.2280426025,40108,40118,10
13.0233898163,80.2276535034,40118,40128,10
13.0231895447,80.2274017334,40128,40138,10
13.0227203369,80.2269668579,40138,40148,10
13.0220403671,80.2263793945,40148,40158,10
13.0212497711,80.2257537842,40158,40168,10
13.0204801559,80.225189209,40168,40179,11
13.0195798874,80.2245864868,40179,40189,10
13.018529892,80.2245864868,40189,40199,10
13.0176200867,80.2249832153,40199,40209,10
13.0170001984,80.2252731323,40209,40229,20
13.0170001984,80.2252731323,40229,40239,10
13.01679039,80.2253570557,40239,40259,20
13.01679039,80.2253570557,40259,40269,10
13.0164804459,80.2254714966,40269,40279,10
13.0162401199,80.2255401611,40279,40290,11
13.0156297684,80.225730896,40290,40300,10
13.0151796341,80.2259292603,40300,40310,10
13.0150899887,80.2259902954,40310,40320,10
13.0146303177,80.2261581421,40320,40330,10
13.0142002106,80.2263336182,40330,40340,10
13.0142002106,80.2263412476,40340,40350,10
13.0141401291,80.2263717651,40350,40360,10
13.0137996674,80.2264862061,40360,40370,10
13.0131902695,80.2266998291,40370,40380,10
13.0123901367,80.2270202637,40380,40390,10
13.0114498138,80.2273864746,40390,40401,11
13.0104198456,80.2278137207,40401,40411,10
13.0097799301,80.2280731201,40411,40421,10
13.0092401505,80.2284088135,40421,40431,10
13.0090799332,80.229133606,40431,40441,10
13.0089702606,80.2297973633,40441,40451,10
13.0088300705,80.2303771973,40451,40461,10
13.0087203979,80.2309799194,40461,40471,10
13.0085401535,80.231842041,40471,40481,10
13.0083398819,80.2327880859,40481,40491,10
13.0082597733,80.233543396,40491,40501,10
13.0082397461,80.2335968018,40501,40512,11
13.0081796646,80.2336883545,40512,40522,10
13.008099556,80.234046936,40522,40532,10
13.0079498291,80.2347793579,40532,40542,10
13.0077695847,80.2357635498,40542,40552,10
13.0075302124,80.2369766235,40552,40562,10
13.0073003769,80.2381286621,40562,40572,10
13.0071401596,80.2391204834,40572,40582,10
13.0069799423,80.2401275635,40582,40633,51
13.0069799423,80.2401275635,40633,40643,10
13.0069198608,80.2405700684,40643,40653,10
13.0068798065,80.2408370972,40653,40663,10
13.0068397522,80.2410507202,40663,40673,10
13.006770134,80.2417373657,40673,40683,10
13.0067796707,80.2426223755,40683,40693,10
13.0067195892,80.2433929443,40693,40703,10
13.0067195892,80.2438201904,40703,40713,10
13.0067396164,80.2442092896,40713,40723,10
13.0067396164,80.2445831299,40723,40734,11
13.0067300797,80.2447128296,40734,40744,10
13.0067195892,80.2449417114,40744,40754,10
13.0067300797,80.2453994751,40754,40774,20
13.0067300797,80.2453994751,40774,40784,10
13.0067501068,80.2458496094,40784,40794,10
13.0067596436,80.2464294434,40794,40804,10
13.0067100525,80.2474212646,40804,40814,10
13.0067501068,80.2484130859,40814,40824,10
13.0068702698,80.2493591309,40824,40835,11
13.0068798065,80.2496490479,40835,40845,10
13.0068597794,80.2497406006,40845,40855,10
13.0068397522,80.2502365112,40855,40865,10
13.0068397522,80.2509078979,40865,40875,10
13.0067996979,80.2514724731,40875,40885,10
13.0066204071,80.2521209717,40885,40895,10
13.0065498352,80.2528991699,40895,40905,10
13.0065498352,80.2535476685,40905,40915,10
13.0065698624,80.2543334961,40915,40925,10
13.0066099167,80.2551116943,40925,40935,10
13.0066299438,80.2561035156,40935,40946,11
13.006649971,80.256980896,40946,40956,10
13.0068597794,80.2577972412,40956,40966,10
13.007229805,80.2583312988,40966,40976,10
13.0077295303,80.2585830688,40976,40986,10
13.0077600479,80.2585983276,40986,40996,10
13.0079402924,80.2586975098,40996,41006,10
13.0084695816,80.2589263916,41006,41016,10
13.0092201233,80.2590332031,41016,41026,10
13.0102500916,80.2590637207,41026,41036,10
13.0114603043,80.2590332031,41036,41046,10
13.0126800537,80.2590789795,41046,41057,11
13.0140695572,80.2591400146,41057,41067,10
13.0152397156,80.2592010498,41067,41077,10
13.0161800385,80.2594833374,41077,41087,10
13.0163898468,80.2596206665,41087,41097,10
13.0165195465,80.2597198486,41097,41107,10
13.0169200897,80.2599716187,41107,41117,10
13.0175800323,80.2604293823,41117,41127,10
13.018239975,80.2609100342,41127,41137,10
13.0188999176,80.2613983154,41137,41147,10
13.0193796158,80.2618026733,41147,41157,10
13.0196800232,80.2621231079,41157,41168,11
13.0201501846,80.2625579834,41168,41178,10
13.0203695297,80.2627029419,41178,41188,10
13.0210103989,80.2629165649,41188,41198,10
13.0218000412,80.2631988525,41198,41208,10
13.0221300125,80.2633666992,41208,41218,10
13.0225296021,80.2635803223,41218,41228,10
13.0229301453,80.2637863159,41228,41238,10
13.0230398178,80.2638397217,41238,41248,10
13.0234498978,80.2639694214,41248,41258,10
13.0241603851,80.2644424438,41258,41268,10
13.0247297287,80.2648696899,41268,41279,11
13.0253400803,80.2652816772,41279,41289,10
13.0257797241,80.265586853,41289,41299,10
13.0259504318,80.2657318115,41299,41309,10
13.0261802673,80.265838623,41309,41319,10
13.026309967,80.2654418945,41319,41329,10
13.0263500214,80.2650299072,41329,41339,10
13.02643013,80.2645721436,41339,41349,10
13.0265102386,80.2639465332,41349,41359,10
13.0265102386,80.2638931274,41359,41369,10
13.0265703201,80.2636566162,41369,41380,11
13.0266399384,80.263420105,41380,41390,10
13.0270595551,80.2634277344,41390,41400,10
13.0275497437,80.2635192871,41400,41410,10
13.0281295776,80.2636871338,41410,41420,10
13.0282802582,80.2637329102,41420,41430,10
13.0285596848,80.2638168335,41430,41440,10
13.0288801193,80.2638702393,41440,41450,10
13.0292196274,80.263999939,41450,41460,10
13.0292701721,80.2643890381,41460,41470,10
13.0292701721,80.2647399902,41470,41481,11
13.0293197632,80.26512146,41481,41491,10
13.029299736,80.2653808594,41491,41501,10
13.0292797089,80.2658615112,41501,41511,10
13.0292797089,80.2659225464,41511,41521,10
13.0292301178,80.2662582397,41521,41531,10
13.0292196274,80.2662811279,41531,41541,10
13.0293397903,80.2664871216,41541,41551,10
13.0296096802,80.2665176392,41551,41561,10
13.0300102234,80.2665176392,41561,41571,10
13.0304403305,80.2666168213,41571,41581,10
13.0309801102,80.2667312622,41581,41591,10
13.0316400528,80.266960144,41591,41602,11
13.0322704315,80.267250061,41602,41612,10
13.0325202942,80.2673721313,41612,41622,10
13.0327997208,80.267578125,41622,41632,10
13.0330600739,80.2676696777,41632,41642,10
13.0331401825,80.2676925659,41642,41652,10
13.0334100723,80.2677230835,41652,41682,30
13.0334100723,80.2677230835,41682,41692,10
13.0336303711,80.267868042,41692,41702,10
13.0340099335,80.267906189,41702,41713,11
13.0345201492,80.2679901123,41713,41743,30
13.0345201492,80.2679901123,41743,41753,10
13.0345201492,80.2681732178,41753,41763,10
13.0344400406,80.268119812,41763,41773,10
13.0340299606,80.2679901123,41773,41783,10
13.0335597992,80.2679367065,41783,42217,434
13.0335597992,80.2679367065,42217,42227,10
13.0332298279,80.2678375244,42227,42237,10
13.0328903198,80.2677612305,42237,42278,41
13.0328903198,80.2677612305,42278,42288,10
13.0327596664,80.2677230835,42288,42298,10
13.0327396393,80.2677001953,42298,42308,10
13.0325803757,80.2675476074,42308,42318,10
13.032119751,80.267326355,42318,42328,10
13.0314998627,80.2670593262,42328,42338,10
13.0309000015,80.2668762207,42338,42348,10
13.0301599503,80.2667694092,42348,42359,11
13.0298299789,80.2667236328,42359,42369,10
13.0295495987,80.2666091919,42369,42379,10
13.029299736,80.2665405273,42379,42389,10
13.0291204453,80.2664413452,42389,42399,10
13.0283298492,80.2662963867,42399,42429,30
13.0283298492,80.2662963867,42429,42439,10
13.0276603699,80.2661819458,42439,42449,10
13.0270595551,80.2660980225,42449,42459,10
13.0263795853,80.2659988403,42459,42470,11
13.0256795883,80.265663147,42470,42480,10
13.0253400803,80.2654266357,42480,42490,10
13.0253095627,80.2654190063,42490,42500,10
13.0250997543,80.2651901245,42500,42510,10
13.0248003006,80.2649307251,42510,42520,10
13.0243196487,80.2645874023,42520,42530,10
13.0239896774,80.2643966675,42530,42540,10
13.023639679,80.2642669678,42540,42550,10
13.0233001709,80.2640304565,42550,42560,10
13.0226697922,80.2636795044,42560,42570,10
13.0222301483,80.2634963989,42570,42581,11
13.02202034,80.263381958,42581,42591,10
13.0216598511,80.2631912231,42591,42601,10
13.0208396912,80.2630462646,42601,42611,10
13.0199203491,80.2629928589,42611,42621,10
13.019200325,80.2629318237,42621,42631,10
13.0189199448,80.2626800537,42631,42641,10
13.0188398361,80.2619934082,42641,42651,10
13.0187397003,80.2614974976,42651,42661,10
13.0186300278,80.2613220215,42661,42671,10
13.0184402466,80.261177063,42671,42682,11
13.0180997849,80.2610092163,42682,42692,10
13.017490387,80.2605819702,42692,42702,10
13.016119957,80.2597579956,42702,42732,30
13.016119957,80.2597579956,42732,42742,10
13.0158596039,80.2596282959,42742,42752,10
13.0152397156,80.2594223022,42752,42762,10
13.0146799088,80.2593307495,42762,42772,10
13.0144100189,80.2593231201,42772,42782,10
13.013710022,80.2592926025,42782,42793,11
13.0126600266,80.2592468262,42793,42803,10
13.0115299225,80.2592010498,42803,42813,10
13.0104799271,80.2592315674,42813,42823,10
13.0098600388,80.2592391968,42823,42833,10
13.0096998215,80.2592391968,42833,42843,10
13.0093002319,80.2592163086,42843,42853,10
13.0091495514,80.2592315674,42853,42863,10
13.008890152,80.2592086792,42863,42873,10
13.0086603165,80.2591781616,42873,42883,10
13.008190155,80.2591400146,42883,42893,10
13.0075101852,80.2592773438,42893,42904,11
13.0072202682,80.2588272095,42904,42914,10
13.0071802139,80.2587585449,42914,42924,10
13.0070495605,80.2585220337,42924,42934,10
13.0069198608,80.2582473755,42934,42944,10
13.0067100525,80.2578735352,42944,43035,91
13.0067100525,80.2578735352,43035,43045,10
13.006529808,80.2576904297,43045,43055,10
13.0062799454,80.2574005127,43055,43065,10
13.0063695908,80.2568893433,43065,43075,10
13.0064001083,80.2565002441,43075,43085,10
13.0064201355,80.2558670044,43085,43095,10
13.006480217,80.2553710938,43095,43105,10
13.0065402985,80.2550201416,43105,43115,10
13.0065202713,80.2542800903,43115,43126,11
13.0065498352,80.2533493042,43126,43136,10
13.0065698624,80.2532424927,43136,43146,10
13.0066003799,80.2530517578,43146,43196,50
13.0066003799,80.2530517578,43196,43206,10
13.0066299438,80.252822876,43206,43216,10
13.0065603256,80.2525024414,43216,43226,10
13.0066699982,80.2518234253,43226,43237,11
13.0067596436,80.250579834,43237,43307,70
13.0067501068,80.250213623,43307,43378,71
13.0067501068,80.250213623,43378,43388,10
13.0067796707,80.2498779297,43388,43398,10
13.0068101883,80.2496414185,43398,43408,10
13.0068302155,80.2493591309,43408,43418,10
13.0067796707,80.248916626,43418,43428,10
13.0066995621,80.2485961914,43428,43509,81
13.0066995621,80.2485961914,43509,43519,10
13.0066900253,80.2482376099,43519,43529,10
13.0066795349,80.2479171753,43529,43539,10
13.0066604614,80.2473983765,43539,43549,10
13.0066795349,80.2469329834,43549,43560,11
13.0065603256,80.2466506958,43560,43570,10
13.0065898895,80.2465591431,43570,43580,10
13.0066404343,80.2463378906,43580,43590,10
13.0066099167,80.2457199097,43590,43600,10
13.0065898895,80.2451095581,43600,43610,10
13.0065898895,80.2446289063,43610,43620,10
13.0066099167,80.2442932129,43620,43630,10
13.0066299438,80.2437515259,43630,43640,10
13.0065898895,80.2429962158,43640,43650,10
13.0065698624,80.2420272827,43650,43660,10
13.0065698624,80.2416915894,43660,43671,11
13.0065898895,80.2413864136,43671,43681,10
13.0066900253,80.2409210205,43681,43691,10
13.0067596436,80.2402801514,43691,43701,10
13.0068702698,80.239440918,43701,43711,10
13.007060051,80.2385787964,43711,43721,10
13.007229805,80.2378234863,43721,43731,10
13.0073604584,80.237159729,43731,43741,10
13.0073699951,80.2369613647,43741,43751,10
13.0073795319,80.2368164063,43751,43761,10
13.0074596405,80.2365722656,43761,43772,11
13.0075798035,80.2360687256,43772,43782,10
13.0077295303,80.2354507446,43782,43792,10
13.0077896118,80.2351837158,43792,43802,10
13.0078697205,80.2347412109,43802,43812,10
13.0080299377,80.2339706421,43812,43822,10
13.0082597733,80.2329177856,43822,43832,10
13.0085000992,80.2316970825,43832,43842,10
13.0087404251,80.2303390503,43842,43852,10
13.0090198517,80.2289428711,43852,43862,10
13.0094003677,80.2276611328,43862,43872,10
13.0099201202,80.2265014648,43872,43883,11
13.0104398727,80.2255477905,43883,43893,10
13.0106401443,80.2251434326,43893,43903,10
13.0108098984,80.2247772217,43903,43913,10
13.0110502243,80.2240371704,43913,43923,10
13.0111703873,80.2235717773,43923,43933,10
13.0111503601,80.2235565186,43933,43943,10
13.0111198425,80.2233963013,43943,43953,10
13.0113601685,80.2229537964,43953,43963,10
13.011759758,80.2221984863,43963,43973,10
13.0122804642,80.2214584351,43973,44004,31
13.0122804642,80.2214584351,44004,44014,10
13.0125904083,80.2217712402,44014,44024,10
13.0129699707,80.2223587036,44024,44034,10
13.0136299133,80.2230834961,44034,44044,10
13.0141000748,80.2235031128,44044,44054,10
13.014380455,80.2238006592,44054,44064,10
13.0147800446,80.2242965698,44064,44074,10
13.015130043,80.2246780396,44074,44084,10
13.015540123,80.2250213623,44084,44105,21
13.015540123,80.2250213623,44105,44115,10
13.0157499313,80.2252426147,44115,44125,10
13.0161399841,80.2253723145,44125,44135,10
13.0167198181,80.2252578735,44135,44145,10
13.0174598694,80.2249603271,44145,44155,10
13.0182600021,80.2246170044,44155,44165,10
13.018910408,80.2243804932,44165,44175,10
13.0194597244,80.2244033813,44175,44185,10
13.0198497772,80.2245864868,44185,44195,10
13.0202903748,80.2249221802,44195,44205,10
13.020819664,80.2253112793,44205,44216,11
13.0214300156,80.2258224487,44216,44226,10
13.0219202042,80.2261505127,44226,44246,20
13.0219202042,80.2261505127,44246,44256,10
13.022190094,80.2263183594,44256,44266,10
13.0226898193,80.2267913818,44266,44276,10
13.0233097076,80.2273483276,44276,44286,10
13.0238304138,80.2278594971,44286,44296,10
13.0241603851,80.2281799316,44296,44306,10
13.0243301392,80.2283782959,44306,44316,10
13.0246496201,80.2288894653,44316,44327,11
13.0250501633,80.2294311523,44327,44337,10
13.0255203247,80.2300262451,44337,44347,10
13.0257902145,80.2305221558,44347,44357,10
13.0259504318,80.2309799194,44357,44367,10
13.02602005,80.2313232422,44367,44377,10
13.0264396667,80.2312698364,44377,44387,10
13.0272798538,80.2310791016,44387,44397,10
13.0283403397,80.2309494019,44397,44417,20
13.0283403397,80.2309494019,44417,44428,11
13.0287599564,80.2309188843,44428,44438,10
13.0292301178,80.2308807373,44438,44488,50
13.0292301178,80.2308807373,44488,44498,10
13.0293903351,80.2308502197,44498,44508,10
13.029709816,80.2307815552,44508,44518,10
13.0298595428,80.230796814,44518,44528,10
13.0301704407,80.230758667,44528,44539,11
13.030579567,80.2307281494,44539,44549,10
13.0310096741,80.230682373,44549,44559,10
13.0314598083,80.2306518555,44559,44569,10
13.0321903229,80.2305908203,44569,44579,10
13.0328197479,80.2305374146,44579,44589,10
13.0334300995,80.230506897,44589,44599,10
13.0335903168,80.2305221558,44599,44609,10
13.0339899063,80.2304763794,44609,44619,10
13.0343799591,80.2304534912,44619,44629,10
13.0347700119,80.2303009033,44629,44670,41
13.0347700119,80.2303009033,44670,44680,10
13.0350704193,80.230178833,44680,44690,10
13.0351495743,80.2300262451,44690,44700,10
13.0351295471,80.2299423218,44700,44710,10
13.0349702835,80.2298736572,44710,44720,10
13.0348796844,80.2298583984,44720,44730,10
13.0343599319,80.2297668457,44730,44750,20
13.0342502594,80.2299728394,44750,44831,81
13.0342502594,80.2299728394,44831,44841,10
13.0342197418,80.230140686,44841,44861,20
13.0341796875,80.2303085327,44861,44962,101
13.0341796875,80.2303085327,44962,44973,11
13.0340595245,80.2304611206,44973,44983,10
13.0337400436,80.2304611206,44983,44993,10
13.0336303711,80.2304763794,44993,45003,10
13.0333404541,80.2304916382,45003,45013,10
13.032910347,80.2305297852,45013,45023,10
13.0321397781,80.2306213379,45023,45033,10
13.0313796997,80.230682373,45033,45043,10
13.0309095383,80.2307281494,45043,45053,10
13.0308904648,80.2307434082,45053,45063,10
13.0306997299,80.2307662964,45063,45073,10
13.0304899216,80.2307662964,45073,45084,11
13.0298204422,80.2308273315,45084,45114,30
13.0298204422,80.2308273315,45114,45124,10
13.0295801163,80.2308883667,45124,45134,10
13.0291700363,80.2308883667,45134,45144,10
13.0286598206,80.2308731079,45144,45154,10
13.028169632,80.2309036255,45154,45164,10
13.0277004242,80.2310028076,45164,45174,10
13.0276699066,80.2314987183,45174,45184,10
13.0277204514,80.2320327759,45184,45195,11
13.0278501511,80.2325897217,45195,45205,10
13.0272502899,80.2329025269,45205,45235,30
13.0272502899,80.2329025269,45235,45245,10
13.0269203186,80.233001709,45245,45255,10
13.0266399384,80.2330322266,45255,45265,10
13.0263500214,80.2328033447,45265,45275,10
13.0262002945,80.2321777344,45275,45285,10
13.026140213,80.2317276001,45285,45295,10
13.026140213,80.2316894531,45295,45306,11
13.0260400772,80.2312774658,45306,45316,10
13.0257797241,80.2305831909,45316,45326,10
13.0253000259,80.229850769,45326,45336,10
13.0247402191,80.2291564941,45336,45346,10
13.0243797302,80.2286911011,45346,45356,10
13.0240402222,80.2283325195,45356,45366,10
13.024020195,80.2283096313,45366,45376,10
13.0238800049,80.2281112671,45376,45386,10
13.0236301422,80.2278366089,45386,45396,10
13.0233097076,80.2275085449,45396,45407,11
13.0229797363,80.227180481,45407,45417,10
13.0228595734,80.2270889282,45417,45427,10
13.0226802826,80.2269515991,45427,45437,10
13.0225801468,80.226852417,45437,45447,10
13.0223999023,80.2266769409,45447,45457,10
13.0219402313,80.2263031006,45457,45467,10
13.0212697983,80.2257995605,45467,45477,10
13.0205402374,80.2252731323,45477,45487,10
13.019900322,80.2248382568,45487,45497,10
13.0192098618,80.2245330811,45497,45507,10
13.0183200836,80.2247314453,45507,45518,11
13.0173397064,80.2251281738,45518,45528,10
13.016699791,80.2253799438,45528,45538,10
13.0163002014,80.2255096436,45538,45548,10
13.0157604218,80.225692749,45548,45558,10
13.0151700974,80.2259368896,45558,45568,10
13.0145597458,80.2261810303,45568,45588,20
13.0145597458,80.2261810303,45588,45598,10
13.0144701004,80.226272583,45598,45608,10
13.0140304565,80.2264328003,45608,45618,10
13.0133399963,80.2266769409,45618,45629,11
13.0124597549,80.2269897461,45629,45639,10
13.011590004,80.2273406982,45639,45649,10
13.0106697083,80.2277069092,45649,45659,10
13.0095996857,80.2281494141,45659,45669,10
13.0090999603,80.2288513184,45669,45679,10
13.0088596344,80.2299499512,45679,45689,10
13.008649826,80.2311096191,45689,45699,10
13.0084295273,80.2322998047,45699,45709,10
13.0082597733,80.2333602905,45709,45719,10
13.0082197189,80.2336273193,45719,45729,10
13.0081501007,80.2337799072,45729,45740,11
13.0080299377,80.2342987061,45740,45750,10
13.0078802109,80.2350463867,45750,45760,10
13.0076999664,80.2359771729,45760,45770,10
13.0074996948,80.2368927002,45770,45780,10
13.0073299408,80.2378005981,45780,45790,10
13.0071897507,80.2385482788,45790,45800,10
13.0070495605,80.2391815186,45800,45810,10
13.0069599152,80.2396469116,45810,45820,10
13.0068397522,80.2402267456,45820,45830,10
13.006819725,80.240562439,45830,45840,10
13.0068101883,80.2406463623,45840,45851,11
13.0068101883,80.240737915,45851,45861,10
13.0067195892,80.2411804199,45861,45871,10
13.0066795349,80.2419586182,45871,45881,10
13.0066699982,80.2426071167,45881,45891,10
13.0066795349,80.2427368164,45891,45901,10
13.0066604614,80.2429580688,45901,45911,10
13.0066204071,80.2431869507,45911,45921,10
13.0066299438,80.2433929443,45921,45931,10
13.0066099167,80.2436523438,45931,45941,10
13.0065898895,80.2440719604,45941,45952,11
13.0065898895,80.2446517944,45952,45962,10
13.0066204071,80.2450637817,45962,45972,10
13.0066404343,80.2451400757,45972,45982,10
13.0066699982,80.2453308105,45982,45992,10
13.0066604614,80.24559021,45992,46002,10
13.0066604614,80.2456207275,46002,46012,10
13.0066795349,80.245880127,46012,46022,10
13.0066795349,80.2462310791,46022,46032,10
13.0066795349,80.2466964722,46032,46042,10
13.0066995621,80.2473983765,46042,46052,10
13.0067100525,80.2482070923,46052,46063,11
13.006819725,80.249168396,46063,46073,10
13.0068597794,80.2495574951,46073,46083,10
13.0068502426,80.2495880127,46083,46093,10
13.0067796707,80.25,46093,46103,10
13.0067796707,80.2506790161,46103,46143,40
13.0067796707,80.2506790161,46143,46153,10
13.0067501068,80.2508392334,46153,46163,10
13.0067195892,80.2511825562,46163,46174,11
13.0066099167,80.2518463135,46174,46184,10
13.0065097809,80.2526626587,46184,46194,10
13.0065402985,80.2535476685,46194,46204,10
13.0065803528,80.2543411255,46204,46214,10
13.0066003799,80.2548828125,46214,46224,10
13.0065803528,80.2555770874,46224,46234,10
13.0065698624,80.2562332153,46234,46244,10
13.0065698624,80.2565994263,46244,46254,10
13.0065803528,80.2566375732,46254,46264,10
13.0065898895,80.2568511963,46264,46274,10
13.0066604614,80.2572784424,46274,46285,11
13.0069198608,80.2579421997,46285,46295,10
13.0076799393,80.2586135864,46295,46315,20
13.0076799393,80.2586135864,46315,46325,10
13.0078897476,80.2587432861,46325,46335,10
13.008310318,80.2588882446,46335,46345,10
13.0088300705,80.2590103149,46345,46355,10
13.0094900131,80.2590179443,46355,46365,10
13.0103998184,80.2590332031,46365,46375,10
13.0114803314,80.2590103149,46375,46385,10
13.012550354,80.2590484619,46385,46396,11
13.0138998032,80.2591094971,46396,46406,10
13.0150699615,80.2591400146,46406,46416,10
13.0163803101,80.2596435547,46416,46446,30
13.0163803101,80.2596435547,46446,46456,10
13.0164403915,80.2597503662,46456,46466,10
13.016699791,80.2599411011,46466,46476,10
13.0171699524,80.2602615356,46476,46486,10
13.0178098679,80.2607116699,46486,46497,11
13.0185604095,80.2612304688,46497,46507,10
13.0190200806,80.2616500854,46507,46517,10
13.0193395615,80.2618865967,46517,46527,10
13.0195503235,80.2620773315,46527,46537,10
13.0195999146,80.2621307373,46537,46547,10
13.0197496414,80.2622528076,46547,46557,10
13.0201797485,80.2626113892,46557,46577,20
13.0201797485,80.2626113892,46577,46587,10
13.0202302933,80.2626495361,46587,46597,10
13.0205602646,80.262802124,46597,46608,11
13.0212802887,80.2630233765,46608,46618,10
13.0218801498,80.2632522583,46618,46628,10
13.0223398209,80.2634735107,46628,46668,40
13.0223398209,80.2634735107,46668,46678,10
13.0226802826,80.2636795044,46678,46688,10
13.0230102539,80.2638626099,46688,46698,10
13.0230798721,80.263923645,46698,46708,10
13.0234699249,80.2641296387,46708,46719,11
13.0241298676,80.264503479,46719,46729,10
13.0245704651,80.2648162842,46729,46739,10
13.0248003006,80.2649765015,46739,46749,10
13.0251102448,80.2652435303,46749,46759,10
13.025560379,80.2655181885,46759,46769,10
13.0258998871,80.2657318115,46769,46779,10
13.0262203217,80.2658691406,46779,46809,30
13.0262203217,80.2658691406,46809,46819,10
13.0263004303,80.2657470703,46819,46830,11
13.0263204575,80.2652511597,46830,46840,10
13.0263500214,80.2648925781,46840,46850,10
13.0265102386,80.2638931274,46850,46870,20
13.0265102386,80.2638931274,46870,46880,10
13.0265798569,80.2636413574,46880,46890,10
13.0266504288,80.2633666992,46890,46900,10
13.0270004272,80.2633972168,46900,46910,10
13.0274400711,80.2635116577,46910,46920,10
13.0283002853,80.2637710571,46920,46941,21
13.0283002853,80.2637710571,46941,46951,10
13.0287399292,80.2639007568,46951,46961,10
13.0291700363,80.2640304565,46961,46971,10
13.0291595459,80.2643280029,46971,46981,10
13.0291996002,80.2651519775,46981,47042,61
13.0291996002,80.2651519775,47042,47052,10
13.0292701721,80.2655105591,47052,47062,10
13.0292596817,80.2655334473,47062,47072,10
13.0292196274,80.2658233643,47072,47082,10
13.0292196274,80.2658309937,47082,47092,10
13.0292196274,80.2660064697,47092,47102,10
13.0291900635,80.2662124634,47102,47112,10
13.0292301178,80.2664489746,47112,47122,10
13.029540062,80.2665405273,47122,47132,10
13.0299396515,80.2666168213,47132,47153,21
13.0299396515,80.2666168213,47153,47163,10
13.0305404663,80.2667236328,47163,47173,10
13.0310001373,80.2668380737,47173,47183,10
13.0316295624,80.2670288086,47183,47193,10
13.0321397781,80.2672424316,47193,47203,10
13.0325603485,80.2674865723,47203,47213,10
13.0329198837,80.2676925659,47213,47223,10
13.0333595276,80.2677612305,47223,47294,71
13.0337295532,80.2678833008,47294,47314,20
13.0337295532,80.2678833008,47314,47324,10
13.034040451,80.2679290771,47324,47334,10
13.0344400406,80.2679824829,47334,47445,111
13.0342998505,80.2680435181,47445,47465,20
13.0342998505,80.2680435181,47465,47476,11
13.034070015,80.2679824829,47476,47486,10
13.0337696075,80.2679290771,47486,47496,10
13.0333595276,80.2678375244,47496,47506,10
13.0329704285,80.2677536011,47506,47516,10
13.0326595306,80.2676315308,47516,47526,10
13.0325498581,80.2675170898,47526,47536,10
13.0320396423,80.2673187256,47536,47546,10
13.0314798355,80.2670593262,47546,47556,10
13.030960083,80.2668685913,47556,47566,10
13.0308303833,80.2668380737,47566,47576,10
13.0305299759,80.2667770386,47576,47616,40
13.0305299759,80.2667770386,47616,47627,11
13.0300798416,80.2666931152,47627,47637,10
13.0297203064,80.2666168213,47637,47667,30
13.0297203064,80.2666168213,47667,47677,10
13.0293998718,80.2666015625,47677,47687,10
13.0291795731,80.2665100098,47687,47698,11
13.0288496017,80.266418457,47698,47708,10
13.0282802582,80.2662811279,47708,47718,10
13.027759552,80.2661819458,47718,47728,10
13.0272502899,80.2660675049,47728,47738,10
13.0268697739,80.2660217285,47738,47748,10
13.0268201828,80.26587677,47748,47758,10
13.0267496109,80.265663147,47758,48625,867
13.0266599655,80.2655563354,48625,49171,546
13.0266799927,80.265586853,49171,49282,111
13.0266599655,80.2654724121,49282,49565,283
13.0265798569,80.2655410767,49565,49646,81
13.026599884,80.2655181885,49646,50120,474
13.0266599655,80.2656021118,50120,51079,959
13.0265598297,80.2654190063,51079,51139,60
13.0265598297,80.2654190063,51139,51149,10
13.0264997482,80.2653427124,51149,51159,10
13.0263595581,80.2652816772,51159,51170,11
13.0263395309,80.2649993896,51170,51180,10
13.0264396667,80.2643966675,51180,51190,10
13.026550293,80.2636795044,51190,51200,10
13.0267000198,80.2633590698,51200,51210,10
13.0270204544,80.2634735107,51210,51220,10
13.0271902084,80.2635116577,51220,51230,10
13.0275802612,80.2636566162,51230,51240,10
13.028169632,80.2637710571,51240,51250,10
13.0284204483,80.2638626099,51250,51260,10
13.0287103653,80.2639770508,51260,51271,11
13.0291595459,80.2640914917,51271,51281,10
13.0292596817,80.2642593384,51281,51291,10
13.0293197632,80.2646789551,51291,51301,10
13.029299736,80.2652816772,51301,51311,10
13.0292797089,80.2657012939,51311,51321,10
13.029250145,80.2660217285,51321,51331,10
13.0291795731,80.2663421631,51331,51341,10
13.0287504196,80.2662963867,51341,51351,10
13.0279598236,80.2661972046,51351,51361,10
13.0270595551,80.2661437988,51361,51371,10
13.0265102386,80.2660598755,51371,51382,11
13.0260400772,80.2658691406,51382,51392,10
13.0255002975,80.2655029297,51392,51402,10
13.0250501633,80.2652130127,51402,51412,10
13.0245399475,80.2648010254,51412,51422,10
13.0240001678,80.2643966675,51422,51432,10
13.0234203339,80.2641067505,51432,51442,10
13.0228004456,80.2637405396,51442,51452,10
13.0224504471,80.2635192871,51452,51462,10
13.0221004486,80.263343811,51462,51472,10
13.0216999054,80.263168335,51472,51482,10
13.0208997726,80.2630004883,51482,51493,11
13.0201396942,80.2630004883,51493,51503,10
13.0194797516,80.2629394531,51503,51513,10
13.0190200806,80.2628707886,51513,51523,10
13.0188503265,80.2621536255,51523,51533,10
13.0186595917,80.2612915039,51533,51543,10
13.0179100037,80.2607803345,51543,51553,10
13.0170602798,80.2602310181,51553,51563,10
13.0163202286,80.2597885132,51563,51573,10
13.0160503387,80.2596588135,51573,51583,10
13.0159702301,80.2596282959,51583,51594,11
13.0153999329,80.259437561,51594,51604,10
13.0145702362,80.2593078613,51604,51614,10
13.0136404037,80.2592697144,51614,51624,10
13.0126495361,80.2592468262,51624,51634,10
13.011639595,80.2592086792,51634,51644,10
13.0105695724,80.2591781616,51644,51654,10
13.0096797943,80.2591629028,51654,51664,10
13.0088500977,80.259147644,51664,51674,10
13.0080003738,80.2590408325,51674,51684,10
13.0071697235,80.2584991455,51684,51694,10
13.0066204071,80.2576065063,51694,51705,11
13.0065002441,80.2563705444,51705,51715,10
13.0065002441,80.2550811768,51715,51725,10
13.006480217,80.2539520264,51725,51735,10
13.006480217,80.2532730103,51735,51745,10
13.0064897537,80.2531814575,51745,51755,10
13.0064897537,80.2529373169,51755,51765,10
13.0065002441,80.2527389526,51765,51775,10
13.0065603256,80.2524032593,51775,51785,10
13.0066404343,80.2518234253,51785,51866,81
13.0066404343,80.2518234253,51866,51876,10
13.0066900253,80.2515029907,51876,51886,10
13.006770134,80.2509689331,51886,51896,10
13.0067596436,80.2500305176,51896,51906,10
13.0067596436,80.2495269775,51906,51917,11
13.006770134,80.2492218018,51917,51927,10
13.0067100525,80.2484817505,51927,51937,10
13.0066604614,80.2474212646,51937,52068,131
13.0066604614,80.2474212646,52068,52078,10
13.0065402985,80.2471313477,52078,52088,10
13.0065002441,80.2464599609,52088,52108,20
13.0065002441,80.2464599609,52108,52118,10
13.0066003799,80.2462081909,52118,52129,11
13.0065803528,80.2454223633,52129,52139,10
13.0065803528,80.2445602417,52139,52149,10
13.0065603256,80.2437515259,52149,52159,10
13.0065498352,80.2429428101,52159,52169,10
13.0065097809,80.2419967651,52169,52179,10
13.0065097809,80.2415771484,52179,52189,10
13.0065402985,80.2413711548,52189,52199,10
13.0066604614,80.2407989502,52199,52209,10
13.0067596436,80.2402114868,52209,52219,10
13.0068998337,80.2395629883,52219,52229,10
13.0070104599,80.2387924194,52229,52239,10
13.0071802139,80.2379608154,52239,52250,11
13.0073604584,80.2369003296,52250,52280,30
13.0073604584,80.2369003296,52280,52290,10
13.0074396133,80.2365570068,52290,52300,10
13.0075998306,80.2359695435,52300,52310,10
13.0077800751,80.2350997925,52310,52320,10
13.0079698563,80.2340774536,52320,52330,10
13.0082197189,80.2328491211,52330,52340,10
13.0084695816,80.231552124,52340,52351,11
13.0087499619,80.230140686,52351,52361,10
13.0089998245,80.2288513184,52361,52371,10
13.0093297958,80.2277832031,52371,52381,10
13.0099096298,80.2265167236,52381,52391,10
13.0104799271,80.2253799438,52391,52401,10
13.0109500885,80.2243499756,52401,52411,10
13.0112695694,80.2235794067,52411,52421,10
13.0114297867,80.2228775024,52421,52431,10
13.0117397308,80.2221832275,52431,52441,10
13.0121097565,80.2214126587,52441,52451,10
13.0123996735,80.2216033936,52451,52462,11
13.0129098892,80.2221984863,52462,52472,10
13.0135097504,80.2227706909,52472,52482,10
13.0141601563,80.2235717773,52482,52492,10
13.0145998001,80.2241897583,52492,52502,10
13.015130043,80.2247924805,52502,52512,10
13.01541996,80.2249221802,52512,52522,10
13.0155200958,80.2250213623,52522,52532,10
13.0158395767,80.2252807617,52532,52542,10
13.016579628,80.2252807617,52542,52552,10
13.0174598694,80.2249526978,52552,52562,10
13.0183696747,80.2245788574,52562,52573,11
13.019370079,80.2244033813,52573,52583,10
13.0196199417,80.2245330811,52583,52593,10
13.0197000504,80.2245864868,52593,52603,10
13.0200004578,80.224822998,52603,52613,10
13.0205898285,80.2251968384,52613,52623,10
13.0212001801,80.2256622314,52623,52633,10
13.0218000412,80.2260971069,52633,52663,30
13.0218000412,80.2260971069,52663,52674,11
13.0220098495,80.2261962891,52674,52684,10
13.022359848,80.2265090942,52684,52694,10
13.0228204727,80.2269287109,52694,52704,10
13.0234098434,80.2274780273,52704,52714,10
13.0238704681,80.2278823853,52714,52724,10
13.0243701935,80.2285003662,52724,52734,10
13.0249204636,80.2292861938,52734,52744,10
13.0255804062,80.2301483154,52744,52754,10
13.0258102417,80.2305297852,52754,52764,10
13.0259504318,80.2308425903,52764,52774,10
13.0259799957,80.2310714722,52774,52784,10
13.0261297226,80.231262207,52784,52795,11
13.02684021,80.2310791016,52795,52805,10
13.0277004242,80.2309188843,52805,52815,10
13.0284004211,80.2308807373,52815,52835,20
13.0284004211,80.2308807373,52835,52845,10
13.0287799835,80.2308425903,52845,52855,10
13.0292196274,80.230796814,52855,52865,10
13.0296201706,80.2307434082,52865,52875,10
13.0301399231,80.2306976318,52875,52885,10
13.0306196213,80.2306671143,52885,52896,11
13.0311603546,80.2306213379,52896,52906,10
13.0317602158,80.2305908203,52906,52916,10
13.032500267,80.2305221558,52916,52926,10
13.0332803726,80.2304763794,52926,52936,10
13.0336999893,80.2304382324,52936,52946,10
13.0338497162,80.2304611206,52946,52956,10
13.0341100693,80.2304611206,52956,52966,10
13.0345697403,80.2303466797,52966,52996,30
13.0345697403,80.2303466797,52996,53007,11
13.0348796844,80.2302322388,53007,53017,10
13.0349798203,80.2300567627,53017,53027,10
13.0350503922,80.2298812866,53027,53037,10
13.034819603,80.2297668457,53037,53047,10
13.0343198776,80.2297897339,53047,53128,81
13.0343198776,80.2297897339,53128,53138,10
13.0341501236,80.230140686,53138,53148,10
13.0341596603,80.2303085327,53148,53299,151
13.0341596603,80.2303085327,53299,53309,10
13.0341796875,80.2305526733,53309,53319,10
13.0339403152,80.2305603027,53319,53330,11
13.0334997177,80.2305221558,53330,53340,10
13.0329799652,80.2305603027,53340,53350,10
13.0322504044,80.2306137085,53350,53360,10
13.0314397812,80.230682373,53360,53370,10
13.0308599472,80.2307510376,53370,53380,10
13.0303497314,80.2307815552,53380,53390,10
13.0301799774,80.230796814,53390,53400,10
13.0299396515,80.2308273315,53400,53410,10
13.0298995972,80.2308273315,53410,53420,10
13.0297603607,80.2308425903,53420,53430,10
13.0294103622,80.2308731079,53430,53441,11
13.0287904739,80.2309265137,53441,53451,10
13.0280399323,80.2310028076,53451,53461,10
13.0276403427,80.2311019897,53461,53471,10
13.0276699066,80.231552124,53471,53481,10
13.0277204514,80.2319564819,53481,53491,10
13.0278100967,80.2325286865,53491,53501,10
13.0275096893,80.2328491211,53501,53511,10
13.0271596909,80.2329330444,53511,53521,10
13.027009964,80.2329788208,53521,53531,10
13.0267601013,80.233001709,53531,53541,10
13.0264396667,80.2329711914,53541,53552,11
13.0262498856,80.2324371338,53552,53562,10
13.0261497498,80.2318725586,53562,53572,10
13.0259895325,80.2312927246,53572,53582,10
13.025759697,80.2305831909,53582,53592,10
13.0251998901,80.2297210693,53592,53602,10
13.0245800018,80.2289581299,53602,53612,10
13.0241003036,80.2284164429,53612,53622,10
13.0240497589,80.2283782959,53622,53632,10
13.0239200592,80.2281570435,53632,53642,10
13.0235996246,80.2277526855,53642,53653,11
13.023059845,80.2272109985,53653,53663,10
13.022480011,80.2266921997,53663,53673,10
13.0217199326,80.2260665894,53673,53683,10
13.0211200714,80.2256088257,53683,53693,10
13.0205202103,80.2251815796,53693,53703,10
13.0199604034,80.2248001099,53703,53713,10
13.0192499161,80.2244491577,53713,53723,10
13.0185203552,80.2245635986,53723,53733,10
13.0177097321,80.224937439,53733,53743,10
13.0167198181,80.2253417969,53743,53753,10
13.0160503387,80.2256011963,53753,53764,11
13.0152997971,80.2258682251,53764,53774,10
13.014670372,80.2260971069,53774,53784,10
13.0142297745,80.2263183594,53784,53794,10
13.0141897202,80.226348877,53794,53804,10
13.0138902664,80.2264633179,53804,53814,10
13.0132198334,80.2266998291,53814,53824,10
13.0123500824,80.2270507813,53824,53834,10
13.0113401413,80.2274475098,53834,53844,10
13.0102796555,80.2278823853,53844,53854,10
13.0093603134,80.2283172607,53854,53865,11
13.0089998245,80.2293395996,53865,53875,10
13.0087900162,80.2304534912,53875,53885,10
13.0085802078,80.231552124,53885,53895,10
13.0083503723,80.2325592041,53895,53905,10
13.0082597733,80.2333374023,53905,53915,10
13.0081796646,80.2337036133,53915,53925,10
13.008099556,80.2339019775,53925,53935,10
13.0079898834,80.2344512939,53935,53945,10
13.0078401566,80.2352828979,53945,53955,10
13.0076398849,80.2363204956,53955,53965,10
13.007399559,80.2375183105,53965,53976,11
13.0071697235,80.2388305664,53976,53986,10
13.0068902969,80.2400817871,53986,54036,50
13.0068902969,80.2400817871,54036,54046,10
13.0069103241,80.2400588989,54046,54056,10
13.0068397522,80.2405395508,54056,54066,10
13.0067396164,80.2412414551,54066,54076,10
13.0067195892,80.2422409058,54076,54086,10
13.0066900253,80.2432403564,54086,54097,11
13.006649971,80.244102478,54097,54107,10
13.0066204071,80.245010376,54107,54117,10
13.0066604614,80.2459793091,54117,54127,10
13.0066795349,80.246673584,54127,54137,10
13.0066995621,80.2472610474,54137,54147,10
13.0066900253,80.2480697632,54147,54157,10
13.0067796707,80.2490234375,54157,54167,10
13.006819725,80.2495803833,54167,54177,10
13.0068302155,80.2495803833,54177,54187,10
13.0068502426,80.2497711182,54187,54198,11
13.0068101883,80.2503585815,54198,54208,10
13.0067996979,80.2512893677,54208,54228,20
13.0067996979,80.2512893677,54228,54238,10
13.0067501068,80.2515792847,54238,54248,10
13.0066204071,80.2522277832,54248,54258,10
13.0065402985,80.2530670166,54258,54268,10
13.0065402985,80.2538223267,54268,54278,10
13.0065803528,80.254737854,54278,54288,10
13.0065698624,80.2555923462,54288,54299,11
13.0066404343,80.2571182251,54299,54359,60
13.0066404343,80.2571182251,54359,54369,10
13.0067195892,80.2574615479,54369,54379,10
13.0070104599,80.2580032349,54379,54389,10
13.0076799393,80.2585830688,54389,54409,20
13.0076799393,80.2585830688,54409,54420,11
13.0078001022,80.258682251,54420,54430,10
13.0082902908,80.2588806152,54430,54440,10
13.0091495514,80.2590179443,54440,54450,10
13.0102396011,80.2590484619,54450,54460,10
13.0114097595,80.2590332031,54460,54470,10
13.0126695633,80.2590789795,54470,54480,10
13.01404953,80.2591400146,54480,54490,10
13.015370369,80.2592010498,54490,54500,10
13.0162801743,80.2595596313,54500,54510,10
13.0164003372,80.2596588135,54510,54520,10
13.0165100098,80.2597808838,54520,54531,11
13.0170001984,80.2602005005,54531,54541,10
13.0177497864,80.2606582642,54541,54551,10
13.0185003281,80.2611694336,54551,54561,10
13.0191802979,80.2617034912,54561,54571,10
13.0202198029,80.2625808716,54571,54591,20
13.0202198029,80.2625808716,54591,54601,10
13.0205602646,80.2627410889,54601,54611,10
13.021229744,80.2629699707,54611,54621,10
13.0218601227,80.2632369995,54621,54632,11
13.0222196579,80.2634277344,54632,54642,10
13.0227804184,80.2637405396,54642,54652,10
13.022939682,80.2638320923,54652,54662,10
13.0232200623,80.263961792,54662,54672,10
13.023730278,80.2643203735,54672,54682,10
13.024479866,80.2647781372,54682,54692,10
13.0249595642,80.2651367188,54692,54702,10
13.0253801346,80.2654037476,54702,54712,10
13.0257396698,80.2656402588,54712,54722,10
13.0262804031,80.2653884888,54722,54743,21
13.0262804031,80.2653884888,54743,54753,10
13.0263900757,80.2651367188,54753,54763,10
13.0264596939,80.2644729614,54763,54773,10
13.0264997482,80.2639694214,54773,54783,10
13.0265398026,80.2637710571,54783,54793,10
13.0267496109,80.263381958,54793,54803,10
13.0272703171,80.2634429932,54803,54813,10
13.0279798508,80.2636413574,54813,54823,10
13.0282001495,80.2637329102,54823,54833,10
13.0285596848,80.2638320923,54833,54843,10
13.0289697647,80.263999939,54843,54854,11
13.0290403366,80.2640762329,54854,54864,10
13.0291795731,80.2643127441,54864,54874,10
13.0291700363,80.264831543,54874,54884,10
13.0291700363,80.2655410767,54884,54894,10
13.0291595459,80.2662277222,54894,54904,10
13.0293798447,80.2664794922,54904,54914,10
13.0298595428,80.2665863037,54914,54924,10
13.030579567,80.2666931152,54924,54934,10
13.0313396454,80.2669525146,54934,54944,10
13.0316801071,80.2671127319,54944,54955,11
13.0321798325,80.2673416138,54955,54965,10
13.0325298309,80.267539978,54965,54975,10
13.0325803757,80.2675704956,54975,54985,10
13.0331802368,80.2677001953,54985,55045,60
13.0331802368,80.2677001953,55045,55055,10
13.0335597992,80.2678604126,55055,55066,11
13.0336503983,80.267906189,55066,55076,10
13.0337495804,80.2679290771,55076,55086,10
13.0340795517,80.2679901123,55086,55096,10
13.0344295502,80.2679977417,55096,55197,101
13.0344295502,80.2679977417,55197,55207,10
13.0343904495,80.268081665,55207,55217,10
13.0340299606,80.2679977417,55217,55227,10
13.0337200165,80.2679290771,55227,55237,10
13.0335197449,80.2679290771,55237,55247,10
13.0333299637,80.2678604126,55247,55984,737
13.0333299637,80.2678604126,55984,55994,10
13.0330200195,80.2677230835,55994,56004,10
13.0328302383,80.2677230835,56004,56014,10
13.032699585,80.2676773071,56014,56024,10
13.0326595306,80.2676696777,56024,56034,10
13.0323200226,80.2674407959,56034,56045,11
13.0316400528,80.2671279907,56045,56055,10
13.0312004089,80.266960144,56055,56065,10
13.0309000015,80.2668533325,56065,56095,30
13.0309000015,80.2668533325,56095,56105,10
13.0304803848,80.2667770386,56105,56156,51
13.0304803848,80.2667770386,56156,56166,10
13.030090332,80.2667236328,56166,56176,10
13.0299596786,80.2667007446,56176,56216,40
13.0299596786,80.2667007446,56216,56226,10
13.0295600891,80.2666320801,56226,56257,31
13.0295600891,80.2666320801,56257,56267,10
13.0292396545,80.2665634155,56267,56277,10
13.0291595459,80.2664871216,56277,56287,10
13.0290403366,80.266418457,56287,56297,10
13.0286302567,80.2663574219,56297,56307,10
13.0280199051,80.2662506104,56307,56317,10
13.0277395248,80.2662200928,56317,56326,9
13.0274200439,80.2661819458,56326,56337,11
13.027009964,80.2660980225,56337,56347,10
13.0268602371,80.2660980225,56347,56357,10
13.0266399384,80.2660675049,56357,56368,11
13.0262699127,80.2659835815,56368,56378,10
13.0258598328,80.2657623291,56378,56388,10
13.0252103806,80.2653198242,56388,56408,20
13.0252103806,80.2653198242,56408,56418,10
13.0250196457,80.2651901245,56418,56428,10
13.0247001648,80.2649612427,56428,56438,10
13.0240402222,80.2644577026,56438,56448,10
13.0233802795,80.2640991211,56448,56458,10
13.0226297379,80.263671875,56458,56469,11
13.0221204758,80.2634429932,56469,56489,20
13.0221204758,80.2634429932,56489,56499,10
13.0219802856,80.2633972168,56499,56509,10
13.0216798782,80.2632522583,56509,56519,10
13.0209798813,80.2630691528,56519,56529,10
13.0202798843,80.2630386353,56529,56539,10
13.0196399689,80.2630004883,56539,56549,10
13.0190200806,80.2629089355,56549,56559,10
13.0188598633,80.2622833252,56559,56569,10
13.0186901093,80.2614135742,56569,56580,11
13.0183601379,80.2610778809,56580,56590,10
13.017999649,80.2608413696,56590,56600,10
13.0173997879,80.2604675293,56600,56610,10
13.0166501999,80.2599868774,56610,56620,10
13.0160503387,80.2596817017,56620,56640,20
13.0160503387,80.2596817017,56640,56650,10
13.0157604218,80.2595367432,56650,56660,10
13.0151901245,80.2593765259,56660,56670,10
13.0144395828,80.2593231201,56670,56680,10
13.0135698318,80.2592926025,56680,56691,11
13.0125198364,80.2592468262,56691,56701,10
13.0117301941,80.2592163086,56701,56711,10
13.0109300613,80.2592086792,56711,56721,10
13.0101203918,80.259262085,56721,56731,10
13.0098104477,80.259262085,56731,56741,10
13.0097198486,80.2592391968,56741,56751,10
13.0093097687,80.2592163086,56751,56761,10
13.0087900162,80.2592163086,56761,56771,10
13.0084400177,80.2592391968,56771,56781,10
13.0078296661,80.2593994141,56781,56791,10
13.0071802139,80.2587203979,56791,56812,21
13.0071802139,80.2587203979,56812,56822,10
13.0069303513,80.2582778931,56822,56832,10
13.0065498352,80.2575912476,56832,56933,101
13.0065498352,80.2575912476,56933,56943,10
13.0064096451,80.2573394775,56943,56953,10
13.0064001083,80.257270813,56953,56963,10
13.0064296722,80.2569198608,56963,56973,10
13.0064496994,80.2564620972,56973,56983,10
13.0064496994,80.2559509277,56983,56993,10
13.0064897537,80.2551422119,56993,57003,10
13.006480217,80.2539901733,57003,57034,31
13.006480217,80.2539901733,57034,57044,10
13.0065202713,80.2537078857,57044,57054,10
13.0065402985,80.2535018921,57054,57064,10
13.0065402985,80.2532501221,57064,57074,10
13.006529808,80.2530975342,57074,57084,10
13.006529808,80.2529525757,57084,57145,61
13.006529808,80.2529525757,57145,57155,10
13.0065202713,80.2527618408,57155,57165,10
13.006529808,80.2525787354,57165,57175,10
13.0066204071,80.2519836426,57175,57185,10
13.006770134,80.2512207031,57185,57195,10
13.006770134,80.2504425049,57195,57205,10
13.0067501068,80.2499084473,57205,57215,10
13.0067596436,80.2497406006,57215,57226,11
13.0067596436,80.2495574951,57226,57236,10
13.0067300797,80.2490768433,57236,57256,20
13.0067300797,80.2490768433,57256,57266,10
13.0066795349,80.248916626,57266,57296,30
13.0066795349,80.248916626,57296,57306,10
13.0066604614,80.2488174438,57306,57316,10
13.0066099167,80.2483978271,57316,57326,10
13.0065803528,80.2474975586,57326,57417,91
13.0065803528,80.2474975586,57417,57427,10
13.0066204071,80.2471618652,57427,57437,10
13.0065402985,80.2466201782,57437,57448,11
13.0065803528,80.2464828491,57448,57458,10
13.0066299438,80.2460784912,57458,57468,10
13.0066099167,80.2454910278,57468,57478,10
13.0065803528,80.2449417114,57478,57488,10
13.0066299438,80.2444992065,57488,57498,10
13.0066299438,80.2442703247,57498,57508,10
13.0066099167,80.243812561,57508,57518,10
13.0065803528,80.2432098389,57518,57528,10
13.0065402985,80.2424087524,57528,57538,10
13.0065402985,80.2416687012,57538,57549,11
13.0065498352,80.2414474487,57549,57559,10
13.0066003799,80.2409210205,57559,57589,30
13.0066003799,80.2409210205,57589,57599,10
13.0066699982,80.2406005859,57599,57609,10
13.0067501068,80.2402267456,57609,57619,10
13.0068998337,80.2395019531,57619,57629,10
13.0070800781,80.2385406494,57629,57639,10
13.0072698593,80.237663269,57639,57649,10
13.0073795319,80.2369766235,57649,57660,11
13.0073795319,80.2369613647,57660,57670,10
13.0074195862,80.2367401123,57670,57680,10
13.0074596405,80.2366104126,57680,57690,10
13.0075798035,80.2361221313,57690,57700,10
13.0077495575,80.2353363037,57700,57710,10
13.0079603195,80.2343902588,57710,57720,10
13.0082101822,80.2331924438,57720,57730,10
13.0084495544,80.2319488525,57730,57740,10
13.008649826,80.2308502197,57740,57750,10
13.0088500977,80.2298583984,57750,57760,10
13.009059906,80.2287979126,57760,57771,11
13.0094099045,80.2277069092,57771,57781,10
13.0098896027,80.2266311646,57781,57791,10
13.0103797913,80.2256164551,57791,57801,10
13.0107498169,80.224899292,57801,57811,10
13.011059761,80.2241363525,57811,57821,10
13.0112600327,80.2236099243,57821,57841,20
13.0112600327,80.2236099243,57841,57851,10
13.0113296509,80.2232971191,57851,57861,10
13.0115995407,80.2227172852,57861,57871,10
13.0119600296,80.2218780518,57871,57882,11
13.0123596191,80.2216491699,57882,57892,10
13.0127601624,80.2221603394,57892,57902,10
13.0133800507,80.2228317261,57902,57912,10
13.0139799118,80.223487854,57912,57922,10
13.0142297745,80.2237472534,57922,57932,10
13.0147600174,80.2242584229,57932,57942,10
13.0150899887,80.224609375,57942,57952,10
13.0150995255,80.2246170044,57952,57962,10
13.0153999329,80.2248764038,57962,57972,10
13.0155200958,80.2249832153,57972,57982,10
13.0156202316,80.2249984741,57982,57993,11
13.0157804489,80.225189209,57993,58003,10
13.0163002014,80.2252807617,58003,58013,10
13.0171203613,80.2250671387,58013,58023,10
13.0180797577,80.2247009277,58023,58033,10
13.0194396973,80.2243499756,58033,58053,20
13.0194396973,80.2243499756,58053,58063,10
13.0196304321,80.2244796753,58063,58073,10
13.0198202133,80.2246170044,58073,58083,10
13.0201997757,80.224899292,58083,58094,11
13.020819664,80.2253417969,58094,58104,10
13.0214004517,80.2257766724,58104,58114,10
13.0217895508,80.2260894775,58114,58124,10
13.0218000412,80.2260894775,58124,58134,10
13.021900177,80.2261199951,58134,58144,10
13.0222301483,80.2264022827,58144,58154,10
13.0228700638,80.2269592285,58154,58164,10
13.0235595703,80.2276306152,58164,58174,10
13.0242004395,80.2282867432,58174,58194,20
13.0242004395,80.2282867432,58194,58205,11
13.024310112,80.2284393311,58205,58215,10
13.0245800018,80.2288284302,58215,58225,10
13.0249004364,80.2292785645,58225,58235,10
13.0253696442,80.229888916,58235,58245,10
13.0258302689,80.2306137085,58245,58255,10
13.0260400772,80.2311706543,58255,58265,10
13.026260376,80.2313766479,58265,58275,10
13.0269603729,80.2312164307,58275,58285,10
13.0277500153,80.2310028076,58285,58295,10
13.0284099579,80.2309036255,58295,58305,10
13.028459549,80.2309036255,58305,58316,11
13.0287599564,80.2308883667,58316,58326,10
13.0293903351,80.2308425903,58326,58366,40
13.0293903351,80.2308425903,58366,58376,10
13.0297403336,80.230796814,58376,58386,10
13.0303001404,80.230758667,58386,58396,10
13.0308198929,80.2307510376,58396,58406,10
13.0313997269,80.230682373,58406,58416,10
13.0321702957,80.2305984497,58416,58427,11
13.0330600739,80.2305297852,58427,58437,10
13.0337200165,80.2305221558,58437,58447,10
13.0340204239,80.2304916382,58447,58477,30
13.0340204239,80.2304916382,58477,58487,10
13.0341701508,80.2304382324,58487,58497,10
13.0346603394,80.2303771973,58497,58507,10
13.0348701477,80.2301330566,58507,58517,10
13.0346298218,80.230140686,58517,58528,11
13.0343103409,80.2301712036,58528,59012,484
13.0343103409,80.2301712036,59012,59022,10
13.0341701508,80.2302017212,59022,59032,10
13.034119606,80.2304000854,59032,59042,10
13.0338897705,80.2304916382,59042,59052,10
13.0335102081,80.2304992676,59052,59062,10
13.033490181,80.2304992676,59062,59073,11
13.0331401825,80.2305221558,59073,59083,10
13.0324401855,80.2305908203,59083,59093,10
13.0315704346,80.230682373,59093,59103,10
13.0310096741,80.2307281494,59103,59123,20
13.0310096741,80.2307281494,59123,59133,10
13.0308303833,80.2307662964,59133,59143,10
13.0306997299,80.2307662964,59143,59153,10
13.0304498672,80.2307891846,59153,59163,10
13.0301799774,80.2308197021,59163,59173,10
13.0300397873,80.230796814,59173,59184,11
13.02987957,80.2308273315,59184,59194,10
13.0297603607,80.2308425903,59194,59224,30
13.0297603607,80.2308425903,59224,59234,10
13.0293397903,80.2308807373,59234,59244,10
13.0287303925,80.2309494019,59244,59254,10
13.0279798508,80.231048584,59254,59264,10
13.0276203156,80.2311172485,59264,59274,10
13.027680397,80.2316436768,59274,59285,11
13.0277795792,80.2322311401,59285,59295,10
13.0274896622,80.2328567505,59295,59315,20
13.0274896622,80.2328567505,59315,59325,10
13.0271997452,80.2329177856,59325,59335,10
13.0268802643,80.2329788208,59335,59345,10
13.0265302658,80.2330169678,59345,59355,10
13.0262403488,80.2324829102,59355,59365,10
13.0260000229,80.2315597534,59365,59375,10
13.0257101059,80.2306365967,59375,59385,10
13.0252199173,80.2298202515,59385,59396,11
13.0247497559,80.2292327881,59396,59406,10
13.0244197845,80.2288284302,59406,59416,10
13.0241203308,80.2284927368,59416,59426,10
13.0240297318,80.2284011841,59426,59436,10
13.0239896774,80.2283401489,59436,59446,10
13.0239896774,80.2283096313,59446,59456,10
13.0236997604,80.2279663086,59456,59466,10
13.0232400894,80.2275085449,59466,59476,10
13.0226097107,80.2269592285,59476,59486,10
13.0220804214,80.2264633179,59486,59497,11
13.0213804245,80.2258911133,59497,59507,10
13.0205602646,80.2252807617,59507,59517,10
13.0200195313,80.2248916626,59517,59527,10
13.019900322,80.2248001099,59527,59537,10
13.0194597244,80.2245407104,59537,59547,10
13.018699646,80.2245330811,59547,59557,10
13.0179004669,80.2248382568,59557,59567,10
13.0170602798,80.2251663208,59567,59577,10
13.0163402557,80.2254562378,59577,59587,10
13.0155801773,80.2257232666,59587,59597,10
13.0144195557,80.2262268066,59597,59638,41
13.0144195557,80.2262268066,59638,59648,10
13.014169693,80.2263412476,59648,59658,10
13.0135803223,80.2265396118,59658,59668,10
13.0127897263,80.2268371582,59668,59678,10
13.0117902756,80.2272415161,59678,59688,10
13.0106496811,80.2276763916,59688,59698,10
13.0094900131,80.2281723022,59698,59709,11
13.0090198517,80.2291107178,59709,59719,10
13.0088100433,80.2302474976,59719,59729,10
13.0085802078,80.2314987183,59729,59739,10
13.0083799362,80.2326431274,59739,59749,10
13.0082702637,80.2335128784,59749,59759,10
13.0082502365,80.2335968018,59759,59769,10
13.0082197189,80.2336730957,59769,59779,10
13.0081300735,80.2340011597,59779,59789,10
13.0080900192,80.2342910767,59789,59799,10
13.0079603195,80.2349014282,59799,59809,10
13.0077800751,80.2357635498,59809,59819,10
13.0075798035,80.2367935181,59819,59830,11
13.0073404312,80.2379837036,59830,59840,10
13.0071697235,80.2389373779,59840,59850,10
13.0069799423,80.2400131226,59850,59880,30
13.0069799423,80.2400131226,59880,59890,10
13.0069799423,80.2403106689,59890,59900,10
13.006939888,80.2407073975,59900,59910,10
13.0069303513,80.2407226563,59910,59920,10
13.0068902969,80.2407836914,59920,59930,10
13.006819725,80.2411193848,59930,59941,11
13.0067596436,80.2417984009,59941,59951,10
13.0067501068,80.2425003052,59951,59961,10
13.0067195892,80.2433166504,59961,59971,10
13.0067396164,80.2441635132,59971,59981,10
13.0067300797,80.2450637817,59981,59991,10
13.0067396164,80.2459106445,59991,60001,10
13.0067596436,80.2465286255,60001,60011,10
13.0067796707,80.2472763062,60011,60021,10
13.0067596436,80.2481918335,60021,60031,10
13.006819725,80.2490234375,60031,60042,11
13.0068998337,80.2495422363,60042,60052,10
13.0068902969,80.2495574951,60052,60062,10
13.0068798065,80.249671936,60062,60072,10
13.0068597794,80.2501373291,60072,60082,10
13.0068397522,80.2508392334,60082,60092,10
13.0068702698,80.2512969971,60092,60102,10
13.0067596436,80.251701355,60102,60112,10
13.0066003799,80.2523880005,60112,60122,10
13.0065402985,80.2532196045,60122,60132,10
13.0065498352,80.2540893555,60132,60142,10
13.0066003799,80.2549591064,60142,60152,10
13.0066099167,80.2558288574,60152,60163,11
13.0066900253,80.2570800781,60163,60243,80
13.0067195892,80.2572631836,60243,60264,21
13.0067195892,80.2572631836,60264,60274,10
13.0066795349,80.2574081421,60274,60284,10
13.0068302155,80.2578887939,60284,60294,10
13.0072498322,80.2584915161,60294,60304,10
13.0077199936,80.2587127686,60304,60314,10
13.0077295303,80.2587203979,60314,60324,10
13.0080604553,80.2588806152,60324,60334,10
13.0086402893,80.2590789795,60334,60344,10
13.0091199875,80.2591171265,60344,60354,10
13.0098400116,80.2591171265,60354,60364,10
13.0107297897,80.2591094971,60364,60375,11
13.0117797852,80.2590789795,60375,60385,10
13.0128698349,80.2591171265,60385,60395,10
13.0140600204,80.2591629028,60395,60405,10
13.0152196884,80.2592086792,60405,60415,10
13.0163402557,80.2596130371,60415,60435,20
13.0163402557,80.2596130371,60435,60445,10
13.0164604187,80.259727478,60445,60455,10
13.0165700912,80.2598266602,60455,60465,10
13.0170001984,80.2601165771,60465,60476,11
13.0177602768,80.2606430054,60476,60486,10
13.0183200836,80.2610397339,60486,60496,10
13.0188302994,80.2614212036,60496,60506,10
13.019109726,80.2616729736,60506,60516,10
13.0194396973,80.26197052,60516,60526,10
13.0199203491,80.2624588013,60526,60536,10
13.02023983,80.2627105713,60536,60546,10
13.0202798843,80.2627410889,60546,60556,10
13.0206203461,80.2628707886,60556,60566,10
13.0212497711,80.2630691528,60566,60577,11
13.0219602585,80.2633514404,60577,60586,9
13.0222101212,80.2634735107,60586,60597,11
13.0227003098,80.263710022,60597,60607,10
13.0230398178,80.2638778687,60607,60617,10
13.0231103897,80.2639312744,60617,60627,10
13.0234603882,80.2641296387,60627,60637,10
13.0240297318,80.2644424438,60637,60647,10
13.024600029,80.2648468018,60647,60657,10
13.0251598358,80.2652587891,60657,60667,10
13.0257301331,80.2656402588,60667,60677,10
13.0260601044,80.2658233643,60677,60687,10
13.026140213,80.2658462524,60687,60698,11
13.0263004303,80.2658004761,60698,60708,10
13.0263299942,80.2653121948,60708,60718,10
13.0264196396,80.2646179199,60718,60728,10
13.0264797211,80.2639770508,60728,60738,10
13.0264997482,80.2639312744,60738,60748,10
13.0265197754,80.2637329102,60748,60758,10
13.0266399384,80.2633972168,60758,60768,10
13.0270500183,80.2634811401,60768,60778,10
13.0272302628,80.2635421753,60778,60788,10
13.0275402069,80.2636108398,60788,60798,10
13.0280799866,80.2637710571,60798,60809,11
13.0283002853,80.2638168335,60809,60819,10
13.0285100937,80.2638778687,60819,60829,10
13.0289096832,80.2639694214,60829,60839,10
13.029299736,80.2641525269,60839,60849,10
13.0293397903,80.2644805908,60849,60859,10
13.0293197632,80.2648162842,60859,60869,10
13.0293197632,80.2651901245,60869,60879,10
13.0293302536,80.2654266357,60879,60889,10
13.0293197632,80.2657318115,60889,60899,10
13.029299736,80.2660598755,60899,60910,11
13.0292301178,80.2663421631,60910,60930,20
13.0292301178,80.2663421631,60930,60940,10
13.0293598175,80.2666015625,60940,60950,10
13.0297698975,80.2666397095,60950,60960,10
13.0305404663,80.2667388916,60960,60970,10
13.0312700272,80.266960144,60970,60980,10
13.0317401886,80.2671203613,60980,60990,10
13.0321102142,80.2672576904,60990,61031,41
13.0323801041,80.2674026489,61031,61101,70
13.0327196121,80.2676086426,61101,61132,31
13.0328903198,80.2677536011,61132,61162,30
13.0328903198,80.2677536011,61162,61172,10
13.033249855,80.2677993774,61172,61182,10
13.0333003998,80.2678070068,61182,61192,10
13.0334997177,80.2678833008,61192,61202,10
13.0337600708,80.2679214478,61202,61232,30
13.0337600708,80.2679214478,61232,61243,11
13.0338697433,80.2679595947,61243,61253,10
13.0341796875,80.2679977417,61253,61263,10
13.0345802307,80.268081665,61263,61283,20
13.0345802307,80.268081665,61283,61293,10
13.0344600677,80.2681884766,61293,61354,61
13.034119606,80.2679977417,61354,61404,50
13.034119606,80.2679977417,61404,61414,10
13.0336799622,80.2678985596,61414,61424,10
13.0334300995,80.2678604126,61424,61989,565
13.0334300995,80.2678604126,61989,62000,11
13.0330896378,80.2677230835,62000,62010,10
13.0326404572,80.2675704956,62010,62030,20
13.0326404572,80.2675704956,62030,62040,10
13.0324802399,80.2674484253,62040,62050,10
13.0322904587,80.2673416138,62050,62060,10
13.0319299698,80.2671813965,62060,62070,10
13.0315599442,80.2670135498,62070,62080,10
13.0310697556,80.2668762207,62080,62090,10
13.029800415,80.2666625977,62090,62111,21
13.029800415,80.2666625977,62111,62121,10
13.0295495987,80.2666168213,62121,62131,10
13.0293102264,80.2665634155,62131,62141,10
13.029299736,80.2665634155,62141,62151,10
13.0289802551,80.2663879395,62151,62161,10
13.028380394,80.2662811279,62161,62171,10
13.0276098251,80.2661972046,62171,62181,10
13.0269203186,80.2661132813,62181,62191,10
13.0265398026,80.2660217285,62191,62201,10
13.0265302658,80.2660217285,62201,62212,11
13.026260376,80.2659606934,62212,62222,10
13.0259504318,80.2658004761,62222,62232,10
13.0253295898,80.2654037476,62232,62252,20
13.0253295898,80.2654037476,62252,62262,10
13.0252304077,80.2653121948,62262,62272,10
13.0249795914,80.2651062012,62272,62282,10
13.0245895386,80.2648086548,62282,62292,10
13.023900032,80.2643508911,62292,62302,10
13.0231895447,80.2639694214,62302,62313,11
13.0223798752,80.2635421753,62313,62353,40
13.0223798752,80.2635421753,62353,62363,10
13.0221004486,80.263420105,62363,62373,10
13.0218601227,80.2632675171,62373,62383,10
13.0212802887,80.263092041,62383,62393,10
13.0205001831,80.2630386353,62393,62403,10
13.0198602676,80.2630081177,62403,62413,10
13.0192403793,80.2629318237,62413,62424,11
13.0189199448,80.2626190186,62424,62434,10
13.0188102722,80.2618713379,62434,62444,10
13.0185604095,80.2612686157,62444,62454,10
13.0180196762,80.2609100342,62454,62464,10
13.0173997879,80.2604904175,62464,62474,10
13.0167503357,80.260093689,62474,62484,10
13.0160703659,80.2597198486,62484,62514,30
13.0160703659,80.2597198486,62514,62524,10
13.015879631,80.2596206665,62524,62535,11
13.01541996,80.2594680786,62535,62545,10
13.014960289,80.2593612671,62545,62555,10
13.0144901276,80.2593536377,62555,62565,10
13.0139799118,80.2593536377,62565,62575,10
13.0134496689,80.2593307495,62575,62585,10
13.0128803253,80.2593307495,62585,62595,10
13.0122699738,80.2593078613,62595,62605,10
13.0116500854,80.2592926025,62605,62615,10
13.0110397339,80.259262085,62615,62625,10
13.0102996826,80.2593002319,62625,62635,10
13.009929657,80.2593231201,62635,62646,11
13.0097999573,80.2593002319,62646,62656,10
13.0093698502,80.2592697144,62656,62666,10
13.0088596344,80.2592391968,62666,62676,10
13.0085697174,80.2592391968,62676,62686,10
13.0080299377,80.2592926025,62686,62696,10
13.0074300766,80.2593231201,62696,62706,10
13.0072202682,80.2588119507,62706,62726,20
13.0072202682,80.2588119507,62726,62736,10
13.0071201324,80.2586212158,62736,62747,11
13.0068597794,80.2581710815,62747,62757,10
13.0065202713,80.2576293945,62757,62918,161
13.0065202713,80.2576293945,62918,62928,10
13.006480217,80.257270813,62928,62938,10
13.0065202713,80.2568969727,62938,62949,11
13.0065202713,80.2561798096,62949,62959,10
13.0065402985,80.2556991577,62959,62969,10
13.0065402985,80.254989624,62969,62999,30
13.0065402985,80.254989624,62999,63009,10
13.0065097809,80.254737854,63009,63019,10
13.0065097809,80.2545166016,63019,63029,10
13.006529808,80.2543716431,63029,63039,10
13.006529808,80.2543487549,63039,63049,10
13.0065402985,80.2540664673,63049,63059,10
13.0065498352,80.2536621094,63059,63130,71
13.0065498352,80.2536621094,63130,63140,10
13.0065202713,80.2533035278,63140,63150,10
13.0065402985,80.2530212402,63150,63160,10
13.0065603256,80.2524185181,63160,63282,122
13.0065603256,80.2524185181,63282,63292,10
13.0065803528,80.2521820068,63292,63302,10
13.0066795349,80.251701355,63302,63312,10
13.0067501068,80.2508621216,63312,63322,10
13.0067396164,80.2499313354,63322,63332,10
13.0067300797,80.2496032715,63332,63342,10
13.0067501068,80.2495193481,63342,63352,10
13.0067300797,80.2490386963,63352,63362,10
13.0066604614,80.2483901978,63362,63372,10
13.0066404343,80.2479400635,63372,63483,111
13.0066404343,80.2479400635,63483,63493,10
13.0066604614,80.2476425171,63493,63504,11
13.0066604614,80.2470703125,63504,63514,10
13.0065698624,80.2466888428,63514,63524,10
13.0065603256,80.2466430664,63524,63534,10
13.0066099167,80.2464675903,63534,63544,10
13.0066099167,80.2459030151,63544,63554,10
13.0065898895,80.2451782227,63554,63564,10
13.0066003799,80.2447509766,63564,63574,10
13.0066299438,80.2443618774,63574,63584,10
13.0066299438,80.2440185547,63584,63594,10
13.0066204071,80.2436904907,63594,63604,10
13.0066099167,80.2435684204,63604,63615,11
13.0065803528,80.2429962158,63615,63625,10
13.0065603256,80.2421798706,63625,63635,10
13.0065603256,80.2416687012,63635,63645,10
13.0065498352,80.2416610718,63645,63655,10
13.0065803528,80.2412261963,63655,63665,10
13.0066404343,80.240737915,63665,63675,10
13.0067100525,80.2403717041,63675,63685,10
13.0068397522,80.2397918701,63685,63695,10
13.0069999695,80.2388763428,63695,63705,10
13.0071897507,80.2380218506,63705,63716,11
13.0073404312,80.2373962402,63716,63726,10
13.0074100494,80.2368087769,63726,63746,20
13.0074100494,80.2368087769,63746,63756,10
13.0074996948,80.2365493774,63756,63766,10
13.007610321,80.2360916138,63766,63776,10
13.0077600479,80.2353591919,63776,63786,10
13.0079202652,80.2345199585,63786,63796,10
13.0081195831,80.2334671021,63796,63806,10
13.0083904266,80.2322387695,63806,63816,10
13.0086202621,80.2310333252,63816,63827,11
13.0088500977,80.2297592163,63827,63837,10
13.0090198517,80.228843689,63837,63847,10
13.0092000961,80.2281188965,63847,63857,10
13.0095596313,80.2273178101,63857,63867,10
13.0100002289,80.226348877,63867,63877,10
13.010310173,80.2257232666,63877,63887,10
13.0105199814,80.2252807617,63887,63897,10
13.0107297897,80.2248687744,63897,63907,10
13.0109596252,80.2243499756,63907,63917,10
13.0112104416,80.2237701416,63917,63927,10
13.0114603043,80.2230682373,63927,63938,11
13.0118398666,80.2220077515,63938,63948,10
13.0122699738,80.2214813232,63948,63957,9
13.0125999451,80.2219085693,63957,63968,11
13.0132102966,80.2226104736,63968,63978,10
13.0138702393,80.2233581543,63978,63988,10
13.0144300461,80.2240371704,63988,63998,10
13.0150499344,80.2246627808,63998,64008,10
13.0156002045,80.2250976563,64008,64028,20
13.0156002045,80.2250976563,64028,64038,10
13.015879631,80.2253417969,64038,64049,11
13.0166301727,80.2253036499,64049,64059,10
13.0175199509,80.2249526978,64059,64069,10
13.0185003281,80.2245483398,64069,64079,10
13.0193595886,80.2243881226,64079,64089,10
13.0195999146,80.2244567871,64089,64099,10
13.0197000504,80.2245178223,64099,64109,10
13.0200004578,80.2247467041,64109,64119,10
13.020409584,80.2250671387,64119,64129,10
13.0209598541,80.2254562378,64129,64140,11
13.0215702057,80.2258911133,64140,64150,10
13.02202034,80.2261962891,64150,64170,20
13.02202034,80.2261962891,64170,64180,10
13.022480011,80.2266616821,64180,64200,20
13.022480011,80.2266616821,64200,64210,10
13.0226202011,80.2267684937,64210,64220,10
13.0230102539,80.2271575928,64220,64230,10
13.0235204697,80.2276535034,64230,64240,10
13.0243501663,80.2284927368,64240,64271,31
13.0243501663,80.2284927368,64271,64281,10
13.0245199203,80.2287216187,64281,64291,10
13.0248298645,80.2291793823,64291,64301,10
13.025270462,80.2297210693,64301,64311,10
13.0255899429,80.230140686,64311,64321,10
13.025639534,80.23021698,64321,64331,10
13.0258102417,80.2305679321,64331,64341,10
13.0260000229,80.2311630249,64341,64351,10
13.0261802673,80.2313766479,64351,64362,11
13.0268297195,80.2312164307,64362,64372,10
13.0276098251,80.2310409546,64372,64382,10
13.0284996033,80.2309188843,64382,64402,20
13.0284996033,80.2309188843,64402,64412,10
13.0286998749,80.2309036255,64412,64422,10
13.0288801193,80.2308807373,64422,64432,10
13.0291204453,80.2308807373,64432,64442,10
13.0295000076,80.2308578491,64442,64452,10
13.0298995972,80.2308197021,64452,64483,31
13.0298995972,80.2308197021,64483,64493,10
13.0304603577,80.2307434082,64493,64503,10
13.0307798386,80.23072052,64503,64513,10
13.0311002731,80.2306976318,64513,64523,10
13.031539917,80.230682373,64523,64533,10
13.0319099426,80.2306365967,64533,64543,10
13.0324401855,80.2306213379,64543,64553,10
13.0331401825,80.2305603027,64553,64634,81
13.0331401825,80.2305603027,64634,64644,10
13.0334300995,80.2305984497,64644,64654,10
13.0337095261,80.2305831909,64654,64664,10
13.0337200165,80.2305831909,64664,64674,10
13.033829689,80.2305297852,64674,64685,11
13.0341997147,80.2304992676,64685,64695,10
13.0344696045,80.2304382324,64695,64705,10
13.034740448,80.2303390503,64705,64715,10
13.0348596573,80.2302703857,64715,64725,10
13.0346298218,80.2301177979,64725,64907,182
13.0342702866,80.2301177979,64907,65310,403
13.0342702866,80.2301177979,65310,65320,10
13.0341796875,80.2304229736,65320,65331,11
13.0341396332,80.2304992676,65331,65341,10
13.0338602066,80.2304992676,65341,65351,10
13.033539772,80.2305297852,65351,65361,10
13.0334196091,80.2305603027,65361,65371,10
13.0329704285,80.2305831909,65371,65381,10
13.0323400497,80.2306518555,65381,65391,10
13.0313796997,80.2307510376,65391,65462,71
13.0313796997,80.2307510376,65462,65472,10
13.0312299728,80.230758667,65472,65482,10
13.0309896469,80.230758667,65482,65492,10
13.0307197571,80.2307815552,65492,65502,10
13.0306301117,80.2307891846,65502,65512,10
13.0300102234,80.2308578491,65512,65553,41
13.0300102234,80.2308578491,65553,65563,10
13.0297803879,80.2309112549,65563,65573,10
13.0295000076,80.2309188843,65573,65583,10
13.0289201736,80.2309494019,65583,65593,10
13.0281801224,80.2309875488,65593,65603,10
13.027759552,80.2310333252,65603,65613,10
13.0276699066,80.231338501,65613,65623,10
13.0277204514,80.2317962646,65623,65633,10
13.0277795792,80.2322692871,65633,65643,10
13.027879715,80.2327728271,65643,65654,11
13.0270204544,80.232963562,65654,65765,111
13.0270204544,80.232963562,65765,65775,10
13.0268096924,80.233001709,65775,65785,10
13.0264797211,80.2330093384,65785,65795,10
13.026309967,80.2325973511,65795,65805,10
13.0263004303,80.2325668335,65805,65815,10
13.0263004303,80.2323608398,65815,65825,10
13.0261697769,80.2320022583,65825,65835,10
13.0260400772,80.2314910889,65835,65845,10
13.0258398056,80.230796814,65845,65855,10
13.0253400803,80.2299499512,65855,65865,10
13.0246496201,80.229133606,65865,65896,31
13.0246496201,80.229133606,65896,65906,10
13.0244598389,80.2289123535,65906,65916,10
13.0239801407,80.2283401489,65916,65936,20
13.0239801407,80.2283401489,65936,65946,10
13.0238399506,80.2281265259,65946,65956,10
13.0236501694,80.2279205322,65956,65966,10
13.0232601166,80.2275314331,65966,65977,11
13.0226202011,80.2269363403,65977,65987,10
13.0219202042,80.2263336182,65987,65997,10
13.0212097168,80.2257614136,65997,66007,10
13.0205402374,80.2252426147,66007,66017,10
13.0198802948,80.2248001099,66017,66027,10
13.0190200806,80.2244873047,66027,66037,10
13.0180902481,80.2248077393,66037,66047,10
13.0171804428,80.225189209,66047,66057,10
13.0165395737,80.2254486084,66057,66067,10
13.0161399841,80.2255783081,66067,66077,10
13.0156297684,80.225769043,66077,66088,11
13.0150403976,80.2260437012,66088,66098,10
13.0145196915,80.2262420654,66098,66108,10
13.0141401291,80.2264175415,66108,66118,10
13.0138902664,80.2265472412,66118,66148,30
13.0138902664,80.2265472412,66148,66158,10
13.0134601593,80.2266769409,66158,66168,10
13.0128202438,80.226890564,66168,66178,10
13.0120000839,80.2272109985,66178,66188,10
13.0111198425,80.2275772095,66188,66199,11
13.0101499557,80.2279586792,66199,66209,10
13.0093297958,80.2283401489,66209,66219,10
13.0090303421,80.2291412354,66219,66229,10
13.0088500977,80.2301177979,66229,66239,10
13.0086603165,80.2311325073,66239,66249,10
13.008480072,80.2321166992,66249,66259,10
13.0082998276,80.233039856,66259,66269,10
13.0082397461,80.2336578369,66269,66279,10
13.0082397461,80.2336807251,66279,66289,10
13.0082101822,80.2337188721,66289,66300,11
13.0080900192,80.2341003418,66300,66310,10
13.0079698563,80.2346878052,66310,66320,10
13.0078296661,80.2354507446,66320,66330,10
13.0076799393,80.2362518311,66330,66340,10
13.0075302124,80.2370376587,66340,66350,10
13.0073795319,80.2378005981,66350,66360,10
13.007229805,80.2385864258,66360,66370,10
13.0070800781,80.239440918,66370,66380,10
13.0069198608,80.2402191162,66380,66390,10
13.0068502426,80.2408218384,66390,66400,10
13.0068597794,80.2408370972,66400,66411,11
13.0068101883,80.2410125732,66411,66421,10
13.0067396164,80.241607666,66421,66431,10
13.0067195892,80.242477417,66431,66441,10
13.0066995621,80.2434997559,66441,66451,10
13.0066995621,80.2445983887,66451,66461,10
13.0067195892,80.2457427979,66461,66471,10
13.0067396164,80.2469787598,66471,66481,10
13.0067195892,80.2478408813,66481,66491,10
13.0067796707,80.2487411499,66491,66501,10
13.0068902969,80.2497024536,66501,66532,31
13.0068902969,80.2497024536,66532,66542,10
13.0068998337,80.2500076294,66542,66552,10
13.0068798065,80.2506408691,66552,66562,10
13.0068702698,80.2513427734,66562,66592,30
13.0068702698,80.2513427734,66592,66602,10
13.0067796707,80.2515792847,66602,66612,10
13.0066699982,80.2520065308,66612,66623,11
13.0065498352,80.252822876,66623,66633,10
13.0065498352,80.2537231445,66633,66643,10
13.0066003799,80.2546615601,66643,66653,10
13.0066204071,80.2555618286,66653,66663,10
13.0066404343,80.2564315796,66663,66673,10
13.0066699982,80.2569122314,66673,66683,10
13.0066900253,80.257232666,66683,66693,10
13.0068101883,80.2577667236,66693,66703,10
13.0072002411,80.2583770752,66703,66713,10
13.0077600479,80.2587127686,66713,66734,21
13.0077600479,80.2587127686,66734,66744,10
13.007900238,80.2587966919,66744,66754,10
13.0083503723,80.2589569092,66754,66764,10
13.008939743,80.2591171265,66764,66774,10
13.0096302032,80.2591094971,66774,66784,10
13.0104103088,80.2591094971,66784,66794,10
13.0111398697,80.2590866089,66794,66804,10
13.0117902756,80.2590789795,66804,66814,10
13.012260437,80.2591171265,66814,66824,10
13.0128202438,80.2591400146,66824,66834,10
13.0136098862,80.2591781616,66834,66845,11
13.0145797729,80.2592163086,66845,66855,10
13.0154895782,80.2593002319,66855,66865,10
13.016409874,80.2597503662,66865,66895,30
13.016409874,80.2597503662,66895,66905,10
13.016500473,80.2598419189,66905,66915,10
13.0168504715,80.2601013184,66915,66925,10
13.0173301697,80.2604064941,66925,66935,10
13.0177898407,80.2607116699,66935,66946,11
13.0181303024,80.2609405518,66946,66956,10
13.0183801651,80.2611465454,66956,66966,10
13.0187196732,80.2613677979,66966,66976,10
13.0188903809,80.2615203857,66976,66986,10
13.0192098618,80.2618026733,66986,66996,10
13.0195999146,80.2621765137,66996,67006,10
13.0202302933,80.2627105713,67006,67036,30
13.0202302933,80.2627105713,67036,67046,10
13.0203800201,80.262802124,67046,67057,11
13.0208797455,80.2629623413,67057,67067,10
13.0215301514,80.2631607056,67067,67077,10
13.0220003128,80.263381958,67077,67087,10
13.0222797394,80.2635116577,67087,67097,10
13.0227003098,80.2637405396,67097,67106,9
13.0229902267,80.2639007568,67106,67117,11
13.0229997635,80.2639007568,67117,67127,10
13.0230998993,80.2639694214,67127,67137,10
13.0234098434,80.2641677856,67137,67147,10
13.0239095688,80.2644424438,67147,67157,10
13.0243396759,80.2646789551,67157,67168,11
13.0248804092,80.2650985718,67168,67178,10
13.0254402161,80.2654800415,67178,67188,10
13.0260095596,80.265838623,67188,67198,10
13.0263204575,80.2658233643,67198,67208,10
13.0263395309,80.2652511597,67208,67218,10
13.0264196396,80.2645111084,67218,67228,10
13.0264797211,80.2639465332,67228,67248,20
13.0264797211,80.2639465332,67248,67258,10
13.0265302658,80.263633728,67258,67269,11
13.0266599655,80.2634277344,67269,67279,10
13.0270900726,80.2635421753,67279,67289,10
13.0275802612,80.2636566162,67289,67299,10
13.0281896591,80.2638092041,67299,67309,10
13.028260231,80.2638168335,67309,67319,10
13.0285196304,80.2639007568,67319,67329,10
13.0290403366,80.2640228271,67329,67339,10
13.0292797089,80.2643585205,67339,67349,10
13.0292797089,80.2649230957,67349,67359,10
13.0292701721,80.2657928467,67359,67380,21
13.0292701721,80.2657928467,67380,67390,10
13.0292301178,80.2661209106,67390,67400,10
13.0291996002,80.2665405273,67400,67410,10
13.0295000076,80.2666320801,67410,67420,10
13.0299100876,80.2666778564,67420,67430,10
13.0305299759,80.2667694092,67430,67439,9
13.0310401917,80.2668762207,67439,67450,11
13.0315504074,80.2670898438,67450,67460,10
13.0321102142,80.2673416138,67460,67470,10
13.0325098038,80.2674865723,67470,67480,10
13.0328197479,80.2677307129,67480,67521,41
13.0328197479,80.2677307129,67521,67531,10
13.0330400467,80.2677612305,67531,67622,91
13.0330400467,80.2677612305,67622,67632,10
13.0333995819,80.2678909302,67632,67662,30
13.0336503983,80.2679290771,67662,67692,30
13.0336503983,80.2679290771,67692,67703,11
13.0339002609,80.2679824829,67703,67723,20
13.0339002609,80.2679824829,67723,67733,10
13.0344295502,80.2680587769,67733,67783,50
13.0344295502,80.2680587769,67783,67793,10
13.0343999863,80.2681503296,67793,67854,61
13.034040451,80.2680282593,67854,67904,50
13.034040451,80.2680282593,67904,67915,11
13.0335102081,80.2679367065,67915,68217,302
13.0335102081,80.2679367065,68217,68227,10
13.0331296921,80.2678222656,68227,68238,11
13.0328998566,80.2677993774,68238,68248,10
13.0327796936,80.2677612305,68248,68258,10
13.0326595306,80.2676391602,68258,68268,10
13.0325202942,80.2675628662,68268,68278,10
13.0323801041,80.2674865723,68278,68288,10
13.031999588,80.2673187256,68288,68298,10
13.0316095352,80.2671432495,68298,68308,10
13.0310897827,80.266960144,68308,68318,10
13.030500412,80.2668304443,68318,68328,10
13.0299196243,80.2667236328,68328,68369,41
13.0299196243,80.2667236328,68369,68379,10
13.0293798447,80.2666320801,68379,68409,30
13.0293798447,80.2666320801,68409,68419,10
13.029009819,80.266456604,68419,68429,10
13.0288801193,80.266418457,68429,68460,31
13.0288801193,80.266418457,68460,68470,10
13.0284204483,80.2663574219,68470,68480,10
13.0280799866,80.2662963867,68480,68490,10
13.0277395248,80.266242981,68490,68500,10
13.0271596909,80.2661590576,68500,68510,10
13.0263595581,80.2660217285,68510,68551,41
13.0263595581,80.2660217285,68551,68561,10
13.026140213,80.2659835815,68561,68571,10
13.0257797241,80.2657775879,68571,68581,10
13.0252504349,80.265411377,68581,68611,30
13.0252504349,80.265411377,68611,68621,10
13.0249795914,80.2651596069,68621,68631,10
13.0247001648,80.2649612427,68631,68641,10
13.0241603851,80.2645797729,68641,68651,10
13.0235395432,80.2642364502,68651,68661,10
13.0229597092,80.2639083862,68661,68672,11
13.0221595764,80.2635421753,68672,68692,20
13.0221595764,80.2635421753,68692,68702,10
13.0219802856,80.2634124756,68702,68712,10
13.0216197968,80.2632522583,68712,68722,10
13.0209102631,80.2630996704,68722,68732,10
13.0202598572,80.2630691528,68732,68742,10
13.0197496414,80.2630004883,68742,68752,10
13.0191698074,80.2629394531,68752,68762,10
13.0189199448,80.2627410889,68762,68773,11
13.0188302994,80.262008667,68773,68783,10
13.0186595917,80.2613830566,68783,68793,10
13.0183601379,80.261138916,68793,68803,10
13.0179004669,80.260848999,68803,68813,10
13.0173501968,80.2604904175,68813,68823,10
13.0167398453,80.2601013184,68823,68833,10
13.0161504745,80.259803772,68833,68843,10
13.0160303116,80.2597427368,68843,68853,10
13.0160102844,80.2597198486,68853,68863,10
13.0156803131,80.2595825195,68863,68873,10
13.0150699615,80.2594223022,68873,68884,11
13.0142402649,80.2593612671,68884,68894,10
13.0134401321,80.2593307495,68894,68904,10
13.0126399994,80.2593002319,68904,68914,10
13.0118398666,80.2592697144,68914,68924,10
13.0110301971,80.2592468262,68924,68934,10
13.0101995468,80.2593002319,68934,68944,10
13.0094099045,80.2592697144,68944,68954,10
13.008769989,80.2592315674,68954,68964,10
13.0085201263,80.2592315674,68964,68974,10
13.0080404282,80.259262085,68974,68984,10
13.0074396133,80.2593612671,68984,68995,11
13.0071201324,80.2588195801,68995,69005,10
13.0070800781,80.2587280273,69005,69015,10
13.0069704056,80.258430481,69015,69025,10
13.0065803528,80.2577590942,69025,69116,91
13.0065803528,80.2577590942,69116,69126,10
13.0063896179,80.2574081421,69126,69136,10
13.0063800812,80.256942749,69136,69146,10
13.0064001083,80.2563400269,69146,69156,10
13.0064296722,80.2556533813,69156,69166,10
13.0064401627,80.2551803589,69166,69176,10
13.0064601898,80.2545776367,69176,69186,10
13.0064401627,80.2538909912,69186,69196,10
13.0064401627,80.2535629272,69196,69308,112
13.0064401627,80.2535629272,69308,69318,10
13.0064897537,80.2530136108,69318,69368,50
13.0064897537,80.2530136108,69368,69378,10
13.0065097809,80.2527084351,69378,69388,10
13.0065698624,80.2521820068,69388,69479,91
13.0065698624,80.2521820068,69479,69489,10
13.0065803528,80.2520370483,69489,69499,10
13.0066604614,80.2515563965,69499,69530,31
13.0066604614,80.2515563965,69530,69540,10
13.0066900253,80.2512969971,69540,69550,10
13.0066995621,80.250831604,69550,69560,10
13.0066995621,80.2501068115,69560,69580,20
13.0066995621,80.2501068115,69580,69590,10
13.0067195892,80.2497711182,69590,69620,30
13.0067195892,80.2497711182,69620,69631,11
13.0067195892,80.2493972778,69631,69641,10
13.0066795349,80.2490234375,69641,69651,10
13.0066404343,80.2485961914,69651,69661,10
13.0066099167,80.248298645,69661,69671,10
13.0066003799,80.2481307983,69671,69681,10
13.0066099167,80.248046875,69681,69691,10
13.0066099167,80.2478408813,69691,69762,71
13.0065803528,80.2478027344,69762,69792,30
13.0065803528,80.2478027344,69792,69802,10
13.0065803528,80.2474975586,69802,69812,10
13.0066003799,80.2471389771,69812,69822,10
13.006529808,80.246711731,69822,69842,20
13.0065202713,80.2465896606,69842,69933,91
13.0065698624,80.2462005615,69933,69974,41
13.0065698624,80.2462005615,69974,69984,10
13.0065698624,80.2459182739,69984,69994,10
13.0065803528,80.2457122803,69994,70004,10
13.0065898895,80.2455062866,70004,70014,10
13.0066003799,80.2452774048,70014,70024,10
13.0066099167,80.2450790405,70024,70034,10
13.0066003799,80.2449188232,70034,70044,10
13.0065803528,80.2447433472,70044,70054,10
13.0066003799,80.2445831299,70054,70065,11
13.0066204071,80.2442169189,70065,70075,10
13.0066003799,80.2438430786,70075,70085,10
13.0065803528,80.2434463501,70085,70095,10
13.0065402985,80.2429122925,70095,70105,10
13.0065202713,80.2421035767,70105,70115,10
13.0065202713,80.2414321899,70115,70166,51
13.0065202713,80.2414321899,70166,70176,10
13.0065202713,80.2410964966,70176,70186,10
13.0065498352,80.2408218384,70186,70196,10
13.0066099167,80.2404632568,70196,70206,10
13.0067796707,80.2399215698,70206,70216,10
13.006939888,80.2391433716,70216,70226,10
13.0071001053,80.2380981445,70226,70236,10
13.0072498322,80.2375030518,70236,70246,10
13.0073099136,80.237121582,70246,70256,10
13.0073604584,80.2367019653,70256,70277,21
13.0073604584,80.2367019653,70277,70287,10
13.0074796677,80.236366272,70287,70297,10
13.0075902939,80.2358093262,70297,70307,10
13.0076799393,80.2353973389,70307,70317,10
13.0077400208,80.2351226807,70317,70327,10
13.0078401566,80.2346496582,70327,70337,10
13.0079803467,80.2339172363,70337,70347,10
13.0081796646,80.2329330444,70347,70357,10
13.0084400177,80.2317581177,70357,70367,10
13.0086803436,80.2304992676,70367,70377,10
13.008890152,80.2294235229,70377,70388,11
13.009059906,80.2283935547,70388,70398,10
13.009180069,80.2279891968,70398,70408,10
13.0092201233,80.2279129028,70408,70418,10
13.0093202591,80.2276992798,70418,70428,10
13.0094404221,80.2274627686,70428,70438,10
13.0095596313,80.2272186279,70438,70458,20
13.0095596313,80.2272186279,70458,70468,10
13.00963974,80.2270126343,70468,70478,10
13.0096597672,80.2269592285,70478,70488,10
13.0097398758,80.2267913818,70488,70499,11
13.0098199844,80.2266235352,70499,70509,10
13.0098600388,80.2265396118,70509,70519,10
13.0099496841,80.2263412476,70519,70529,10
13.0100498199,80.2261199951,70529,70539,10
13.010140419,80.2259216309,70539,70549,10
13.0102996826,80.2255935669,70549,70579,30
13.0102996826,80.2255935669,70579,70589,10
13.0103902817,80.2254486084,70589,70600,11
13.0105304718,80.2251586914,70600,70610,10
13.0106401443,80.2249526978,70610,70620,10
13.0107297897,80.2247009277,70620,70630,10
13.0110197067,80.2240905762,70630,70640,10
13.0114097595,80.2231216431,70640,70650,10
13.0118198395,80.2220077515,70650,70660,10
13.0122404099,80.2214584351,70660,70670,10
13.0124998093,80.2217636108,70670,70680,10
13.0128898621,80.2222900391,70680,70690,10
13.0134000778,80.2228622437,70690,70701,11
13.0139303207,80.2233581543,70701,70711,10
13.0141496658,80.2235565186,70711,70721,10
13.0143699646,80.2238922119,70721,70731,10
13.0146999359,80.2242584229,70731,70741,10
13.0150203705,80.2246170044,70741,70751,10
13.0154304504,80.2250137329,70751,70771,20
13.0154304504,80.2250137329,70771,70781,10
13.0156698227,80.2252197266,70781,70791,10
13.0163002014,80.2253799438,70791,70801,10
13.0171098709,80.2251205444,70801,70811,10
13.0180597305,80.2247390747,70811,70822,11
13.0190095901,80.2244186401,70822,70832,10
13.0196199417,80.2245178223,70832,70842,10
13.0200996399,80.2248687744,70842,70852,10
13.0206804276,80.2252731323,70852,70862,10
13.021109581,80.2256011963,70862,70872,10
13.0217199326,80.2260437012,70872,70892,20
13.0217199326,80.2260437012,70892,70902,10
13.0220098495,80.2263183594,70902,70912,10
13.0225696564,80.2268218994,70912,70923,11
13.0233802795,80.2275314331,70923,70933,10
13.0242300034,80.2283096313,70933,70973,40
13.0242300034,80.2283096313,70973,70983,10
13.0243701935,80.2285232544,70983,70993,10
13.0246200562,80.2289428711,70993,71003,10
13.0249595642,80.2294082642,71003,71013,10
13.0253801346,80.2299499512,71013,71023,10
13.0257396698,80.2304992676,71023,71034,11
13.0258798599,80.2307815552,71034,71044,10
13.0259304047,80.2309570313,71044,71054,10
13.0259799957,80.2312774658,71054,71064,10
13.0262002945,80.2313232422,71064,71074,10
13.0267295837,80.2312011719,71074,71084,10
13.0272798538,80.2310791016,71084,71114,30
13.0272798538,80.2310791016,71114,71124,10
13.0275001526,80.2310180664,71124,71135,11
13.0278301239,80.231010437,71135,71145,10
13.0281095505,80.2309875488,71145,71195,50
13.0281095505,80.2309875488,71195,71205,10
13.0284795761,80.2309417725,71205,71215,10
13.0288200378,80.2308807373,71215,71246,31
13.0288200378,80.2308807373,71246,71256,10
13.0292301178,80.2308425903,71256,71266,10
13.0295200348,80.2307891846,71266,71276,10
13.0300703049,80.2307434082,71276,71286,10
13.0302801132,80.23072052,71286,71296,10
13.0304803848,80.2307128906,71296,71306,10
13.0309200287,80.2306976318,71306,71316,10
13.0314302444,80.230682373,71316,71326,10
13.0319404602,80.2306594849,71326,71336,10
13.032500267,80.2305984497,71336,71347,11
13.0337095261,80.2304916382,71347,71437,90
13.0337095261,80.2304916382,71437,71447,10
13.0340995789,80.2304077148,71447,71458,11
13.0343503952,80.2304000854,71458,71468,10
13.0346498489,80.2303390503,71468,71478,10
13.0348796844,80.2302398682,71478,71488,10
13.0348997116,80.2301330566,71488,71498,10
13.0345201492,80.2301025391,71498,71710,212
13.0341997147,80.2301635742,71710,71962,252
13.0341997147,80.2301635742,71962,71972,10
13.034119606,80.2302703857,71972,71992,20
13.034119606,80.2302703857,71992,72003,11
13.0340299606,80.2305297852,72003,72013,10
13.0338201523,80.2304992676,72013,72023,10
13.0335302353,80.230506897,72023,72033,10
13.0334100723,80.2304992676,72033,72043,10
13.0329999924,80.2305526733,72043,72053,10
13.0325698853,80.2305908203,72053,72063,10
13.0320196152,80.2306518555,72063,72073,10
13.0315504074,80.2306900024,72073,72083,10
13.0309801102,80.2307662964,72083,72184,101
13.0309801102,80.2307662964,72184,72194,10
13.0307598114,80.2307891846,72194,72204,10
13.0304803848,80.230796814,72204,72215,11
13.0299797058,80.2308425903,72215,72225,10
13.0297298431,80.2308807373,72225,72235,10
13.0296096802,80.2308807373,72235,72245,10
13.0291795731,80.2309188843,72245,72255,10
13.0284700394,80.2309875488,72255,72265,10
13.0277795792,80.2310562134,72265,72275,10
13.0276002884,80.2312393188,72275,72285,10
13.0276603699,80.2317733765,72285,72295,10
13.0277204514,80.2322769165,72295,72305,10
13.0277395248,80.2328567505,72305,72316,11
13.0268201828,80.233001709,72316,72346,30
13.0268201828,80.233001709,72346,72356,10
13.0265598297,80.2330932617,72356,72366,10
13.0262899399,80.2328033447,72366,72376,10
13.0261497498,80.2322463989,72376,72386,10
13.0261001587,80.2320480347,72386,72396,10
13.0260400772,80.2319107056,72396,72406,10
13.0260000229,80.2317810059,72406,72416,10
13.0259103775,80.2313766479,72416,72427,11
13.0256099701,80.2305526733,72427,72437,10
13.0250797272,80.2297592163,72437,72447,10
13.0247602463,80.2293930054,72447,72457,10
13.0246095657,80.2292022705,72457,72467,10
13.0242900848,80.2287368774,72467,72477,10
13.0239601135,80.2283706665,72477,72487,10
13.0239496231,80.2283630371,72487,72497,10
13.0237998962,80.2281570435,72497,72507,10
13.0233697891,80.227722168,72507,72517,10
13.0227603912,80.2270889282,72517,72527,10
13.0220003128,80.2264328003,72527,72538,11
13.0211601257,80.2257385254,72538,72548,10
13.0204401016,80.2252120972,72548,72558,10
13.0199604034,80.2248764038,72558,72568,10
13.0197000504,80.2247085571,72568,72578,10
13.0190401077,80.2244873047,72578,72588,10
13.0181102753,80.2247619629,72588,72598,10
13.0170602798,80.2251968384,72598,72608,10
13.0160903931,80.2255935669,72608,72618,10
13.0152997971,80.2258682251,72618,72628,10
13.0143299103,80.22631073,72628,72649,21
13.0143299103,80.22631073,72649,72659,10
13.0139598846,80.2264404297,72659,72669,10
13.0132799149,80.2266921997,72669,72679,10
13.0123901367,80.2270278931,72679,72689,10
13.0113801956,80.2274398804,72689,72699,10
13.0103302002,80.2278594971,72699,72709,10
13.0093097687,80.2283172607,72709,72719,10
13.0089502335,80.2292785645,72719,72729,10
13.0087203979,80.2304992676,72729,72739,10
13.0085000992,80.2316970825,72739,72750,11
13.0082798004,80.2328491211,72750,72760,10
13.0082101822,80.2335891724,72760,72769,9
13.0081996918,80.2336425781,72769,72780,11
13.0081396103,80.233757019,72780,72790,10
13.0080404282,80.2341995239,72790,72800,10
13.0079097748,80.2349319458,72800,72810,10
13.0077199936,80.2358779907,72810,72820,10
13.0075302124,80.2368774414,72820,72830,10
13.0073204041,80.2379074097,72830,72840,10
13.0071496964,80.238861084,72840,72850,10
13.0069704056,80.2398071289,72850,72901,51
13.0069704056,80.2398071289,72901,72911,10
13.0069599152,80.239982605,72911,72921,10
13.0068998337,80.2404022217,72921,72931,10
13.0068702698,80.2406616211,72931,72941,10
13.0068302155,80.2408599854,72941,72951,10
13.006770134,80.2410507202,72951,72962,11
13.0067195892,80.2417678833,72962,72972,10
13.0066995621,80.242729187,72972,72982,10
13.0066900253,80.2433013916,72982,73002,20
13.0066900253,80.2433013916,73002,73012,10
13.0066699982,80.2437210083,73012,73022,10
13.0066795349,80.2443237305,73022,73032,10
13.0066795349,80.2449035645,73032,73042,10
13.0066900253,80.2454605103,73042,73052,10
13.0067100525,80.2460327148,73052,73062,10
13.0067300797,80.2466964722,73062,73073,11
13.0067195892,80.2476119995,73073,73083,10
13.0067195892,80.2484664917,73083,73093,10
13.0067996979,80.249168396,73093,73103,10
13.006819725,80.2494888306,73103,73113,10
13.006819725,80.2495498657,73113,73123,10
13.0068302155,80.2497024536,73123,73133,10
13.0068101883,80.2499389648,73133,73143,10
13.0067901611,80.2503890991,73143,73153,10
13.0068101883,80.2509613037,73153,73163,10
13.0068101883,80.2513198853,73163,73173,10
13.0066995621,80.2518005371,73173,73184,11
13.0065402985,80.2526779175,73184,73194,10
13.0065202713,80.2536773682,73194,73204,10
13.0065498352,80.2546768188,73204,73214,10
13.0065603256,80.2557220459,73214,73224,10
13.0065803528,80.2566833496,73224,73234,10
13.0066795349,80.2575073242,73234,73244,10
13.0069999695,80.2582015991,73244,73254,10
13.0075302124,80.2586135864,73254,73264,10
13.0077199936,80.2587127686,73264,73274,10
13.0077896118,80.2587432861,73274,73285,11
13.0082101822,80.2589263916,73285,73295,10
13.0089197159,80.2591018677,73295,73305,10
13.0098199844,80.2591171265,73305,73315,10
13.0109796524,80.2591171265,73315,73325,10
13.0122499466,80.2591323853,73325,73335,10
13.0136299133,80.2591781616,73335,73345,10
13.0150003433,80.2592391968,73345,73355,10
13.0164203644,80.2597427368,73355,73375,20
13.0164203644,80.2597427368,73375,73385,10
13.0166501999,80.2599716187,73385,73396,11
13.0172996521,80.2603988647,73396,73406,10
13.0180397034,80.2609176636,73406,73416,10
13.018699646,80.2613830566,73416,73426,10
13.0190896988,80.2617034912,73426,73436,10
13.0193996429,80.26197052,73436,73445,9
13.0196800232,80.2622833252,73445,73456,11
13.0201396942,80.2626495361,73456,73466,10
13.0203104019,80.2627716064,73466,73476,10
13.0208396912,80.2629394531,73476,73486,10
13.0215597153,80.2631835938,73486,73496,10
13.0220003128,80.263381958,73496,73507,11
13.0222597122,80.2635269165,73507,73517,10
13.0223999023,80.2636032104,73517,73527,10
13.0228595734,80.2638626099,73527,73537,10
13.0229597092,80.2639312744,73537,73547,10
13.0232496262,80.2640914917,73547,73557,10
13.0238103867,80.2643966675,73557,73567,10
13.0244102478,80.2647781372,73567,73577,10
13.0249004364,80.2651367188,73577,73587,10
13.0253601074,80.2654571533,73587,73598,11
13.0260400772,80.2658691406,73598,73618,20
13.0260400772,80.2658691406,73618,73628,10
13.026260376,80.26587677,73628,73638,10
13.026309967,80.2655029297,73638,73648,10
13.0263395309,80.2650985718,73648,73658,10
13.0264396667,80.2645187378,73658,73668,10
13.0264797211,80.2639770508,73668,73678,10
13.0264902115,80.263961792,73678,73688,10
13.0265102386,80.2638015747,73688,73698,10
13.0265398026,80.2636108398,73698,73709,11
13.026720047,80.2634429932,73709,73719,10
13.0271997452,80.2635498047,73719,73729,10
13.0278997421,80.263710022,73729,73739,10
13.0284700394,80.2638397217,73739,73749,10
13.0290803909,80.2640228271,73749,73759,10
13.0292701721,80.264251709,73759,73769,10
13.0292797089,80.2647628784,73769,73779,10
13.0293102264,80.2653121948,73779,73789,10
13.0292596817,80.2657775879,73789,73799,10
13.0292396545,80.2660064697,73799,73809,10
13.0291996002,80.2661972046,73809,73819,10
13.0291795731,80.2665176392,73819,73830,11
13.0295095444,80.2666015625,73830,73839,9
13.0299596786,80.2666625977,73839,73850,11
13.0303297043,80.2667236328,73850,73860,10
13.0307598114,80.2667770386,73860,73870,10
13.0312404633,80.2669372559,73870,73880,10
13.0318403244,80.2671737671,73880,73890,10
13.0323295593,80.2674026489,73890,73900,10
13.0327100754,80.2676925659,73900,73910,10
13.0331401825,80.2677764893,73910,73931,21
13.0331401825,80.2677764893,73931,73941,10
13.0336198807,80.2678833008,73941,73951,10
13.0344200134,80.2679977417,73951,73991,40
13.0344200134,80.2679977417,73991,74001,10
13.0345001221,80.2682113647,74001,74011,10
13.0343399048,80.2681121826,74011,74021,10
13.0339698792,80.2680282593,74021,74031,10
13.0337600708,80.2679977417,74031,74042,11
13.0334596634,80.2679595947,74042,74566,524
13.0333404541,80.2678985596,74566,75101,535
13.0333404541,80.2678985596,75101,75112,11
13.033080101,80.2678604126,75112,75122,10
13.0326299667,80.2677383423,75122,75132,10
13.0323400497,80.2674636841,75132,75142,10
13.0317802429,80.267250061,75142,75152,10
13.0310602188,80.2670288086,75152,75162,10
13.0302696228,80.2668991089,75162,75171,9
13.0297203064,80.2667617798,75171,75192,21
13.0297203064,80.2667617798,75192,75202,10
13.0293302536,80.2666625977,75202,75213,11
13.0289096832,80.266456604,75213,75223,10
13.0283403397,80.2663803101,75223,75233,10
13.0277996063,80.2662963867,75233,75243,10
13.027130127,80.2662200928,75243,75253,10
13.0264997482,80.2661514282,75253,75263,10
13.0260000229,80.2659378052,75263,75303,40
13.0260000229,80.2659378052,75303,75314,11
13.0256996155,80.2656936646,75314,75324,10
13.0253400803,80.2654800415,75324,75354,30
13.0253400803,80.2654800415,75354,75364,10
13.0251598358,80.2653884888,75364,75374,10
13.0249204636,80.2651977539,75374,75384,10
13.0246200562,80.2649307251,75384,75394,10
13.0241804123,80.2646408081,75394,75404,10
13.0236797333,80.2643585205,75404,75414,10
13.0232200623,80.2640991211,75414,75425,11
13.0227403641,80.2638320923,75425,75435,10
13.0221204758,80.2635574341,75435,75475,40
13.0221204758,80.2635574341,75475,75485,10
13.0218296051,80.2633972168,75485,75495,10
13.0214500427,80.2632522583,75495,75505,10
13.0208597183,80.2631607056,75505,75515,10
13.0203199387,80.2631530762,75515,75525,10
13.0200595856,80.263130188,75525,75536,11
13.0195198059,80.2630462646,75536,75546,10
13.0190200806,80.2629776001,75546,75556,10
13.0188703537,80.2625732422,75556,75566,10
13.0187702179,80.2618408203,75566,75576,10
13.0185604095,80.2613677979,75576,75586,10
13.0183401108,80.2612228394,75586,75596,10
13.0181703568,80.2611236572,75596,75606,10
13.0178804398,80.2609176636,75606,75616,10
13.0173797607,80.2605895996,75616,75626,10
13.0168399811,80.2602310181,75626,75636,10
13.0161504745,80.2598419189,75636,75647,11
13.015999794,80.2597808838,75647,75657,10
13.015879631,80.2597198486,75657,75667,10
13.0154104233,80.2595367432,75667,75677,10
13.0146799088,80.2593994141,75677,75687,10
13.0139102936,80.2593688965,75687,75697,10
13.0129699707,80.2593383789,75697,75707,10
13.0119800568,80.2593078613,75707,75717,10
13.0111503601,80.2592773438,75717,75727,10
13.0102701187,80.2593231201,75727,75737,10
13.0094995499,80.2593231201,75737,75748,11
13.0088500977,80.2593307495,75748,75758,10
13.008600235,80.2593002319,75758,75768,10
13.0080604553,80.2592697144,75768,75778,10
13.0074300766,80.2593536377,75778,75788,10
13.0071401596,80.2588119507,75788,75798,10
13.007109642,80.2587585449,75798,75808,10
13.007109642,80.2587127686,75808,75818,10
13.0068798065,80.2583236694,75818,75828,10
13.0064401627,80.2576980591,75828,75879,51
13.0064401627,80.2576980591,75879,75889,10
13.0062999725,80.2572097778,75889,75899,10
13.006360054,80.2565078735,75899,75909,10
13.0064001083,80.2555007935,75909,75919,10
13.0064496994,80.2545471191,75919,75929,10
13.0064401627,80.2535400391,75929,75939,10
13.0064296722,80.2532272339,75939,75949,10
13.0064401627,80.2529067993,75949,75960,11
13.0065202713,80.2521362305,75960,76020,60
13.0065202713,80.2521362305,76020,76030,10
13.0065402985,80.2519989014,76030,76040,10
13.0066604614,80.2514190674,76040,76050,10
13.0066900253,80.2505111694,76050,76060,10
13.0067100525,80.2498168945,76060,76071,11
13.0066900253,80.2491073608,76071,76081,10
13.0066204071,80.2481765747,76081,76091,10
13.0066003799,80.2473068237,76091,76101,10
13.006529808,80.2467498779,76101,76121,20
13.006529808,80.2467498779,76121,76131,10
13.0065603256,80.2464981079,76131,76141,10
13.0066003799,80.245880127,76141,76151,10
13.0066003799,80.2449874878,76151,76161,10
13.0066003799,80.2439193726,76161,76171,10
13.0065498352,80.2429199219,76171,76182,11
13.0065002441,80.2418365479,76182,76192,10
13.0065002441,80.2415924072,76192,76202,10
13.0065498352,80.2412033081,76202,76212,10
13.0066404343,80.2404937744,76212,76222,10
13.0066604614,80.2403411865,76222,76232,10
13.0067300797,80.239982605,76232,76242,10
13.0068597794,80.2392196655,76242,76252,10
13.0070695877,80.2382507324,76252,76262,10
13.0073003769,80.2372589111,76262,76272,10
13.0073404312,80.2368011475,76272,76283,11
13.0073604584,80.2367324829,76283,76293,10
13.0074796677,80.2363586426,76293,76303,10
13.0076198578,80.2356796265,76303,76313,10
13.0078001022,80.2348022461,76313,76323,10
13.0080299377,80.2336883545,76323,76333,10
13.0082998276,80.2323379517,76333,76343,10
13.0085897446,80.2308883667,76343,76353,10
13.0088596344,80.2295379639,76353,76363,10
13.0090904236,80.2284164429,76363,76373,10
13.0095100403,80.2273635864,76373,76383,10
13.0099802017,80.2262878418,76383,76394,11
13.0104799271,80.225227356,76394,76404,10
13.0108804703,80.224357605,76404,76414,10
13.0112199783,80.2235183716,76414,76424,10
13.0115699768,80.2227096558,76424,76434,10
13.0118999481,80.2218017578,76434,76444,10
13.0122499466,80.2214279175,76444,76454,10
13.0123596191,80.2216033936,76454,76464,10
13.012720108,80.22215271,76464,76474,10
13.013299942,80.2227783203,76474,76484,10
13.0139598846,80.2235565186,76484,76494,10
13.0144796371,80.2241897583,76494,76505,11
13.0150403976,80.2248001099,76505,76515,10
13.0154399872,80.2250518799,76515,76525,10
13.0154695511,80.2250976563,76525,76535,10
13.0156097412,80.2252578735,76535,76545,10
13.016169548,80.2253875732,76545,76555,10
13.0170297623,80.2251281738,76555,76565,10
13.0180397034,80.2247161865,76565,76575,10
13.0190095901,80.2244110107,76575,76585,10
13.0196199417,80.2245788574,76585,76595,10
13.0200004578,80.2248382568,76595,76605,10
13.0206098557,80.2252807617,76605,76616,11
13.0213899612,80.2258071899,76616,76626,10
13.0218896866,80.2261734009,76626,76656,30
13.0218896866,80.2261734009,76656,76666,10
13.0219802856,80.2262802124,76666,76676,10
13.0223798752,80.2266387939,76676,76686,10
13.0229797363,80.2272033691,76686,76696,10
13.0236701965,80.2278594971,76696,76706,10
13.0242004395,80.2284011841,76706,76716,10
13.0245399475,80.2288665771,76716,76727,11
13.0249700546,80.2294692993,76727,76737,10
13.0254402161,80.2300796509,76737,76747,10
13.0258197784,80.230758667,76747,76757,10
13.0259895325,80.2313308716,76757,76767,10
13.0262203217,80.2313613892,76767,76777,10
13.0267601013,80.2312164307,76777,76787,10
13.0274000168,80.2310409546,76787,76797,10
13.0284500122,80.2309188843,76797,76828,31
13.0284500122,80.2309188843,76828,76838,10
13.0288000107,80.2308578491,76838,76848,10
13.0293197632,80.2308197021,76848,76858,10
13.0297498703,80.2307891846,76858,76868,10
13.0303602219,80.2307434082,76868,76878,10
13.0306396484,80.23072052,76878,76888,10
13.031080246,80.230682373,76888,76898,10
13.0317401886,80.2306365967,76898,76908,10
13.0324802399,80.2305831909,76908,76918,10
13.0332202911,80.230506897,76918,76929,11
13.0338497162,80.2304534912,76929,76959,30
13.0338497162,80.2304534912,76959,76969,10
13.033949852,80.2303695679,76969,76979,10
13.0343399048,80.2303466797,76979,76989,10
13.0346899033,80.2302780151,76989,76999,10
13.0349197388,80.2301177979,76999,77009,10
13.0349998474,80.2298202515,77009,77019,10
13.0345401764,80.2297973633,77019,77029,10
13.034239769,80.2297668457,77029,77040,11
13.0341997147,80.229927063,77040,77050,10
13.0341596603,80.2301635742,77050,77181,131
13.0341596603,80.2301635742,77181,77191,10
13.034070015,80.2305297852,77191,77201,10
13.0336904526,80.2304916382,77201,77211,10
13.0334596634,80.2305221558,77211,77221,10
13.033080101,80.2305526733,77221,77231,10
13.032409668,80.2305984497,77231,77241,10
13.0316095352,80.230682373,77241,77252,11
13.0308303833,80.2307510376,77252,77262,10
13.0304698944,80.2307891846,77262,77272,10
13.0300397873,80.2308273315,77272,77282,10
13.0298099518,80.2308425903,77282,77292,10
13.0294399261,80.2308731079,77292,77302,10
13.0287904739,80.2309417725,77302,77312,10
13.0281496048,80.2310028076,77312,77322,10
13.0277004242,80.2310562134,77322,77332,10
13.0276403427,80.2314834595,77332,77342,10
13.0277004242,80.2319793701,77342,77352,10
13.0278396606,80.2325820923,77352,77363,11
13.0274400711,80.2328872681,77363,77373,10
13.0269699097,80.2329406738,77373,77383,10
13.0269098282,80.2329406738,77383,77393,10
13.0265703201,80.233039856,77393,77403,10
13.0262699127,80.2325973511,77403,77413,10
13.0261898041,80.2321624756,77413,77423,10
13.0261096954,80.231880188,77423,77433,10
13.0259599686,80.2312774658,77433,77443,10
13.0256004333,80.2303619385,77443,77453,10
13.0248003006,80.2293624878,77453,77474,21
13.0248003006,80.2293624878,77474,77484,10
13.0247097015,80.2292633057,77484,77494,10
13.0244598389,80.2289276123,77494,77504,10
13.0240602493,80.2284622192,77504,77514,10
13.0240402222,80.2284393311,77514,77524,10
13.0238199234,80.2281265259,77524,77534,10
13.0233402252,80.2276306152,77534,77544,10
13.0228099823,80.2270812988,77544,77554,10
13.022069931,80.2264099121,77554,77564,10
13.0213003159,80.2258071899,77564,77574,10
13.0207004547,80.2253494263,77574,77585,11
13.0201196671,80.2249679565,77585,77595,10
13.0199804306,80.2248687744,77595,77605,10
13.0198898315,80.224822998,77605,77615,10
13.019610405,80.2246398926,77615,77625,10
13.0188598633,80.2245178223,77625,77635,10
13.0178203583,80.2249221802,77635,77645,10
13.0167999268,80.2253494263,77645,77655,10
13.0161895752,80.2255706787,77655,77665,10
13.0156202316,80.2257614136,77665,77675,10
13.0149698257,80.22605896,77675,77685,10
13.014840126,80.2261276245,77685,77696,11
13.0145397186,80.2262268066,77696,77706,10
13.0142803192,80.2263183594,77706,77716,10
13.0141897202,80.226348877,77716,77726,10
13.0140695572,80.2263793945,77726,77736,10
13.0135402679,80.2265930176,77736,77746,10
13.0126600266,80.2269287109,77746,77756,10
13.011639595,80.2273330688,77756,77766,10
13.01060009,80.2277526855,77766,77776,10
13.0095396042,80.2281723022,77776,77787,11
13.0089797974,80.2290802002,77787,77797,10
13.0087404251,80.2303390503,77797,77807,10
13.008480072,80.2317504883,77807,77817,10
13.0082502365,80.2331008911,77817,77827,10
13.0081996918,80.233543396,77827,77837,10
13.0080900192,80.23387146,77837,77847,10
13.0079097748,80.234703064,77847,77857,10
13.0077199936,80.235710144,77857,77867,10
13.0074901581,80.236907959,77867,77877,10
13.0072603226,80.2380981445,77877,77887,10
13.0070896149,80.2391204834,77887,77897,10
13.0068998337,80.2402420044,77897,77908,11
13.006819725,80.2406997681,77908,77918,10
13.0067501068,80.2409667969,77918,77928,10
13.0066900253,80.2417526245,77928,77937,9
13.0066795349,80.2427062988,77937,77948,11
13.0066099167,80.2438583374,77948,77957,9
13.0066204071,80.2448425293,77957,77968,11
13.0066699982,80.2459411621,77968,77978,10
13.0066995621,80.2467193604,77978,77988,10
13.0066995621,80.2474899292,77988,77999,11
13.0067195892,80.2485580444,77999,78009,10
13.0067796707,80.2493667603,78009,78019,10
13.006819725,80.2500991821,78019,78029,10
13.0068302155,80.2502822876,78029,78039,10
13.006819725,80.2509384155,78039,78049,10
13.006770134,80.2515106201,78049,78089,40
13.006770134,80.2515106201,78089,78099,10
13.0066604614,80.2518310547,78099,78110,11
13.0065402985,80.2526626587,78110,78120,10
13.0065498352,80.2537689209,78120,78130,10
13.0066003799,80.254989624,78130,78140,10
13.0066099167,80.2562179565,78140,78150,10
13.0067100525,80.2573623657,78150,78221,71
13.0067100525,80.2573623657,78221,78231,10
13.0066900253,80.2575683594,78231,78241,10
13.0068702698,80.2580108643,78241,78251,10
13.0073795319,80.2586212158,78251,78261,10
13.0080299377,80.2589035034,78261,78271,10
13.008190155,80.2589416504,78271,78281,10
13.0085697174,80.2590713501,78281,78291,10
13.0093297958,80.2591400146,78291,78301,10
13.0103902817,80.2591400146,78301,78311,10
13.0115699768,80.2590866089,78311,78321,10
13.0128297806,80.2591323853,78321,78332,11
13.0142002106,80.2591934204,78332,78342,10
13.0153598785,80.259262085,78342,78352,10
13.0162200928,80.2595825195,78352,78362,10
13.0164003372,80.2597198486,78362,78372,10
13.0166501999,80.2599411011,78372,78382,10
13.0171899796,80.2602996826,78382,78392,10
13.0179195404,80.2608032227,78392,78402,10
13.0186595917,80.2613220215,78402,78412,10
13.0193395615,80.2618865967,78412,78422,10
13.019949913,80.2624893188,78422,78432,10
13.0202903748,80.2627182007,78432,78443,11
13.0203695297,80.2627563477,78443,78453,10
13.0208501816,80.2629165649,78453,78463,10
13.0215301514,80.2631378174,78463,78473,10
13.0220098495,80.2633590698,78473,78483,10
13.022359848,80.2635269165,78483,78493,10
13.0229597092,80.2638397217,78493,78503,10
13.0235900879,80.264213562,78503,78513,10
13.0242795944,80.2646026611,78513,78523,10
13.0247602463,80.265007019,78523,78533,10
13.0252399445,80.26537323,78533,78543,10
13.025759697,80.2656936646,78543,78554,11
13.026140213,80.2658996582,78554,78564,10
13.0263299942,80.2658309937,78564,85922,7358
13.0263299942,80.2658309937,85922,85932,10
13.0262899399,80.2655181885,85932,85943,11
13.0263299942,80.2650985718,85943,85953,10
13.0264196396,80.2644424438,85953,85963,10
13.0265102386,80.2638778687,85963,85973,10
13.0264997482,80.2638168335,85973,85983,10
13.0265102386,80.2636032104,85983,85993,10
13.0263395309,80.2633209229,85993,86044,51
13.0263395309,80.2633209229,86044,86054,10
13.0265197754,80.2636184692,86054,86064,10
13.0264701843,80.264213562,86064,86074,10
13.0264196396,80.2646789551,86074,86084,10
13.0263299942,80.2652587891,86084,86094,10
13.0262804031,80.2657775879,86094,86104,10
13.0261802673,80.2660217285,86104,86114,10
13.0262002945,80.266418457,86114,86296,182
