12.9866199493,80.2586669922,13,3080,3067
12.9864397049,80.2585983276,3080,3313,233
12.9865598679,80.2585830688,3313,5600,2287
12.9865999222,80.2585220337,5600,5822,222
12.9867601395,80.2586135864,5822,5843,21
12.9867601395,80.2586135864,5843,5853,10
12.986700058,80.2586898804,5853,5863,10
12.9865598679,80.2587966919,5863,6723,860
12.9865598679,80.2587966919,6723,6733,10
12.9866800308,80.2587738037,6733,6743,10
12.986700058,80.2589416504,6743,6754,11
12.9865999222,80.2591400146,6754,6764,10
12.9865999222,80.2596206665,6764,12980,6216
12.986700058,80.2598800659,12980,14761,1781
12.9866199493,80.2596206665,14761,17311,2550
12.9866199493,80.2596206665,17311,17321,10
12.9867601395,80.2596206665,17321,18880,1559
12.9867601395,80.2596206665,18880,18890,10
12.9868602753,80.2596282959,18890,18991,101
12.9869298935,80.2595596313,18991,21309,2318
12.9869298935,80.2595596313,21309,21319,10
12.9870195389,80.2595672607,21319,21329,10
12.987279892,80.2595672607,21329,21339,10
12.9873199463,80.2594680786,21339,21350,11
12.9873399734,80.2592163086,21350,21360,10
12.9873600006,80.2589797974,21360,21370,10
12.9874000549,80.2587585449,21370,21380,10
12.9874200821,80.2585220337,21380,21390,10
12.9874401093,80.2583084106,21390,21400,10
12.9874601364,80.2581100464,21400,21410,10
12.9874696732,80.2579879761,21410,21420,10
12.9875001907,80.2577896118,21420,21430,10
12.9875097275,80.2573394775,21430,21441,11
12.9875402451,80.2570266724,21441,21937,496
12.9876899719,80.2570266724,21937,22250,313
12.9876899719,80.2570266724,22250,22260,10
12.9876499176,80.2567062378,22260,22270,10
12.9877004623,80.256149292,22270,22281,11
12.9877099991,80.2558364868,22281,22291,10
12.9877099991,80.2557525635,22291,22301,10
12.9877500534,80.2553405762,22301,22311,10
12.9878196716,80.2545166016,22311,22321,10
12.9879102707,80.2535018921,22321,22331,10
12.9879798889,80.2525024414,22331,22340,9
12.9879102707,80.2519073486,22340,22351,11
12.9877901077,80.2516403198,22351,22362,11
12.9877099991,80.2516098022,22362,22372,10
12.9875802994,80.2515792847,22372,22382,10
12.9873695374,80.2515869141,22382,22392,10
12.9869804382,80.2516326904,22392,22402,10
12.9865198135,80.2517471313,22402,22412,10
12.9858198166,80.2519226074,22412,22422,10
12.9850196838,80.2521362305,22422,22432,10
12.9841403961,80.2523803711,22432,22443,11
12.9831895828,80.2525863647,22443,22453,10
12.9822101593,80.2526473999,22453,22463,10
12.9810400009,80.2526702881,22463,22473,10
12.9802999496,80.2527084351,22473,22483,10
12.9795799255,80.2526779175,22483,22493,10
12.9787597656,80.2525787354,22493,22503,10
12.9784898758,80.2524795532,22503,22513,10
12.9779701233,80.2520599365,22513,22523,10
12.9771795273,80.2514572144,22523,22534,11
12.9760599136,80.2510910034,22534,22544,10
12.9750204086,80.2507781982,22544,22554,10
12.9740200043,80.25050354,22554,22564,10
12.9729795456,80.2502212524,22564,22574,10
12.9719400406,80.2499389648,22574,22584,10
12.9708995819,80.2496490479,22584,22594,10
12.9698600769,80.2492828369,22594,22604,10
12.96875,80.248840332,22604,22615,11
12.9675502777,80.248336792,22615,22625,10
12.9667196274,80.2479629517,22625,22635,10
12.9660396576,80.2476730347,22635,22645,10
12.9654397964,80.247428894,22645,22655,10
12.9650602341,80.2473068237,22655,22665,10
12.964630127,80.2471389771,22665,22675,10
12.9639701843,80.2469024658,22675,22685,10
12.9632797241,80.24659729,22685,22696,11
12.9624500275,80.2461776733,22696,22706,10
12.9616603851,80.2457809448,22706,22716,10
12.9607896805,80.2453689575,22716,22726,10
12.9600000381,80.245010376,22726,22736,10
12.959280014,80.2447128296,22736,22746,10
12.9586496353,80.2444000244,22746,22756,10
12.9581403732,80.244178772,22756,22766,10
12.9575500488,80.2439804077,22766,22776,10
12.9568901062,80.2437667847,22776,22787,11
12.9563598633,80.2435836792,22787,22797,10
12.9559297562,80.2433929443,22797,22807,10
12.9552202225,80.243019104,22807,22817,10
12.9544401169,80.2426986694,22817,22827,10
12.9537801743,80.2424163818,22827,22837,10
12.9526700974,80.2419586182,22837,22847,10
12.951880455,80.2416915894,22847,22857,10
12.9517002106,80.2416305542,22857,22868,11
12.9515895844,80.2415771484,22868,22878,10
12.9511003494,80.2414093018,22878,22888,10
12.9503498077,80.2411575317,22888,22898,10
12.9495201111,80.2409133911,22898,22908,10
12.9489803314,80.240737915,22908,22918,10
12.9488601685,80.2406997681,22918,22928,10
12.948390007,80.2405090332,22928,22938,10
12.9476203918,80.240196228,22938,22948,10
12.9471101761,80.2399902344,22948,22959,11
12.9468603134,80.2398834229,22959,22969,10
12.9460601807,80.2395172119,22969,22979,10
12.9449501038,80.2388000488,22979,22989,10
12.9439496994,80.2377319336,22989,22999,10
12.9430704117,80.2368164063,22999,23009,10
12.9417896271,80.2362976074,23009,23019,10
12.9404802322,80.2359695435,23019,23029,10
12.939740181,80.2357406616,23029,23040,11
12.9394903183,80.2356033325,23040,23050,10
12.9387998581,80.2352523804,23050,23060,10
12.9378595352,80.2347793579,23060,23070,10
12.9367904663,80.2342605591,23070,23080,10
12.9358596802,80.2338027954,23080,23090,10
12.9349603653,80.2334213257,23090,23100,10
12.9341497421,80.2330932617,23100,23110,10
12.9338998795,80.2329788208,23110,23121,11
12.9338302612,80.2329406738,23121,23131,10
12.9333896637,80.2327194214,23131,23141,10
12.9326095581,80.2323989868,23141,23151,10
12.9315700531,80.2320327759,23151,23161,10
12.9304304123,80.2316665649,23161,23171,10
12.9292402267,80.2313766479,23171,23181,10
12.927980423,80.2311706543,23181,23191,10
12.9267501831,80.231010437,23191,23201,10
12.9260501862,80.2309570313,23201,23212,11
12.9258899689,80.2309417725,23212,23222,10
12.9254102707,80.2308578491,23222,23232,10
12.9245996475,80.230758667,23232,23242,10
12.9235401154,80.2306213379,23242,23252,10
12.9223604202,80.23046875,23252,23262,10
12.9210500717,80.2302780151,23262,23272,10
12.9197301865,80.2301177979,23272,23282,10
12.9184503555,80.2299499512,23282,23293,11
12.9170703888,80.2297592163,23293,23303,10
12.9158401489,80.2295684814,23303,23313,10
12.9146604538,80.2293701172,23313,23323,10
12.9125003815,80.229057312,23323,23333,10
12.9125003815,80.229057312,23333,23343,10
12.9111404419,80.2288665771,23343,23353,10
12.9096298218,80.2286605835,23353,23363,10
12.9080200195,80.2284088135,23363,23374,11
12.9069004059,80.2282791138,23374,23384,10
12.9067602158,80.2282562256,23384,23396,12
12.9063196182,80.2282028198,23396,23406,10
12.9052400589,80.2281417847,23406,23416,10
12.9038801193,80.2280578613,23416,23426,10
12.9024600983,80.2279968262,23426,23436,10
12.9013996124,80.2279586792,23436,23445,9
12.9006299973,80.227897644,23445,23456,11
12.899600029,80.2278594971,23456,23477,21
12.899600029,80.2278594971,23477,23487,10
12.8991298676,80.2277984619,23487,23497,10
12.8981800079,80.227722168,23497,23507,10
12.8968801498,80.2276611328,23507,23517,10
12.895409584,80.2276000977,23517,23527,10
12.8938302994,80.2275390625,23527,23537,10
12.8921899796,80.2273406982,23537,23548,11
12.8903503418,80.2273330688,23548,23558,10
12.888759613,80.2273178101,23558,23568,10
12.8872203827,80.227180481,23568,23578,10
12.8857803345,80.2268371582,23578,23588,10
12.8849201202,80.2267227173,23588,23598,10
12.8848896027,80.2267227173,23598,23608,10
12.8843097687,80.2266998291,23608,23618,10
12.8832597733,80.2266998291,23618,23629,11
12.8817501068,80.2266998291,23629,23639,10
12.8804197311,80.2267227173,23639,23649,10
12.8790397644,80.2267532349,23649,23659,10
12.8776302338,80.226852417,23659,23669,10
12.8766098022,80.2269363403,23669,23679,10
12.8764200211,80.2269592285,23679,23689,10
12.876250267,80.2269592285,23689,23699,10
12.8755397797,80.2269363403,23699,23709,10
12.8743495941,80.2267990112,23709,23720,11
12.8729600906,80.2266769409,23720,23730,10
12.8726997375,80.2266769409,23730,23740,10
12.8722600937,80.2266616821,23740,23750,10
12.8712596893,80.2266235352,23750,23760,10
12.8698797226,80.2265090942,23760,23770,10
12.8682603836,80.2263565063,23770,23780,10
12.8667402267,80.2264862061,23780,23790,10
12.8654003143,80.2265701294,23790,23801,11
12.8636102676,80.2265014648,23801,23811,10
12.8620901108,80.2265396118,23811,23821,10
12.8610897064,80.2265777588,23821,23831,10
12.8609399796,80.2265625,23831,23841,10
12.8604602814,80.2265090942,23841,23851,10
12.8594703674,80.2263717651,23851,23861,10
12.8581199646,80.2262268066,23861,23871,10
12.8565196991,80.2263336182,23871,23881,10
12.8548603058,80.2265090942,23881,23892,11
12.8531398773,80.2266769409,23892,23902,10
12.8516397476,80.2266235352,23902,23912,10
12.8503398895,80.226600647,23912,23922,10
12.8500699997,80.2265701294,23922,23932,10
12.8494997025,80.2265625,23932,23942,10
12.8484601974,80.2265625,23942,23952,10
12.8471002579,80.2265625,23952,23962,10
12.8459100723,80.2265777588,23962,23973,11
12.8455295563,80.2265701294,23973,23983,10
12.8452796936,80.2265625,23983,23993,10
12.8445796967,80.2266082764,23993,24003,10
12.8435697556,80.2267227173,24003,24013,10
12.842300415,80.2269592285,24013,24023,10
12.841050148,80.2272796631,24023,24033,10
12.8402500153,80.2275314331,24033,24043,10
12.8399000168,80.2276992798,24043,24054,11
12.8397397995,80.2277679443,24054,24064,10
12.8396596909,80.2277832031,24064,24074,10
12.839220047,80.2278823853,24074,24084,10
12.8383903503,80.2280578613,24084,24094,10
12.8373003006,80.2282714844,24094,24104,10
12.835940361,80.2284622192,24104,24114,10
12.8344202042,80.2287063599,24114,24124,10
12.8330497742,80.2289810181,24124,24134,10
12.8323297501,80.2291412354,24134,24145,11
12.832280159,80.2291412354,24145,24155,10
12.8318395615,80.2292098999,24155,24165,10
12.8309602737,80.2294616699,24165,24175,10
12.8297796249,80.2298965454,24175,24185,10
12.8283996582,80.2305221558,24185,24195,10
12.8270101547,80.2312393188,24195,24205,10
12.8255901337,80.2313766479,24205,24215,10
12.824259758,80.231262207,24215,24226,11
12.8227396011,80.230796814,24226,24236,10
12.8214197159,80.23046875,24236,24246,10
12.8201198578,80.2304611206,24246,24256,10
12.8190603256,80.2304916382,24256,24266,10
12.8189001083,80.2304763794,24266,24276,10
12.818570137,80.2303314209,24276,24286,10
12.8178300858,80.2299575806,24286,24296,10
12.8167800903,80.2295379639,24296,24307,11
12.815320015,80.229309082,24307,24317,10
12.8139600754,80.2290725708,24317,24327,10
12.8126096725,80.2286376953,24327,24337,10
12.8112201691,80.2281417847,24337,24347,10
12.8098297119,80.2275619507,24347,24357,10
12.8086700439,80.2268295288,24357,24367,10
12.8076295853,80.2259521484,24367,24377,10
12.8068599701,80.2252883911,24377,24387,10
12.8065395355,80.2249984741,24387,24398,11
12.8062400818,80.2247161865,24398,24408,10
12.8057403564,80.224281311,24408,24418,10
12.8051595688,80.224029541,24418,24428,10
12.8049402237,80.2239837646,24428,24438,10
12.8046102524,80.2238998413,24438,24448,10
12.8039999008,80.2238464355,24448,24458,10
12.8031997681,80.223777771,24458,24468,10
12.8022003174,80.2236480713,24468,24479,11
12.8009500504,80.2235336304,24479,24489,10
12.7996196747,80.2234115601,24489,24499,10
12.7983198166,80.2232818604,24499,24509,10
12.7969999313,80.2230911255,24509,24519,10
12.7960300446,80.2229309082,24519,24529,10
12.7958803177,80.2229003906,24529,24539,10
12.7953596115,80.2227935791,24539,24549,10
12.7944898605,80.2226409912,24549,24559,10
12.7934398651,80.2224884033,24559,24570,11
12.7922000885,80.2222824097,24570,24580,10
12.7912197113,80.222038269,24580,24590,10
12.7902698517,80.2218017578,24590,24600,10
12.7895002365,80.2215805054,24600,24610,10
12.7888402939,80.2213287354,24610,24620,10
12.7881603241,80.2210617065,24620,24630,10
12.7874803543,80.2208099365,24630,24639,9
12.7869997025,80.2206192017,24639,24661,22
12.7869997025,80.2206192017,24661,24671,10
12.7867603302,80.2205200195,24671,24681,10
12.7864198685,80.2203826904,24681,24701,20
12.7864198685,80.2203826904,24701,24711,10
12.7862195969,80.2203216553,24711,24721,10
12.7861795425,80.2204971313,24721,24732,11
12.7861700058,80.2207870483,24732,24742,10
12.7862195969,80.2210235596,24742,24752,10
12.7861995697,80.2212677002,24752,24762,10
12.786239624,80.2214813232,24762,24772,10
12.7862596512,80.2218322754,24772,24812,40
12.7862596512,80.2218322754,24812,24823,11
12.7862796783,80.2222518921,24823,24833,10
12.7862300873,80.2225799561,24833,26735,1902
12.7862195969,80.2224197388,26735,26857,122
12.7862195969,80.2224197388,26857,26867,10
12.7862195969,80.2225265503,26867,28051,1184
12.7862195969,80.2225265503,28051,28061,10
12.7863101959,80.2224273682,28061,28071,10
12.7862997055,80.2218399048,28071,28102,31
12.7862997055,80.2218399048,28102,28112,10
12.7862997055,80.2216873169,28112,28122,10
12.7862701416,80.2214813232,28122,28132,10
12.786239624,80.2212982178,28132,28142,10
12.786239624,80.2210235596,28142,28152,10
12.786239624,80.220741272,28152,28163,11
12.786239624,80.2203521729,28163,28193,30
12.786239624,80.2203521729,28193,28203,10
12.7864904404,80.2203826904,28203,28233,30
12.7864904404,80.2203826904,28233,28243,10
12.7867202759,80.2205429077,28243,28254,11
12.7870903015,80.220703125,28254,28264,10
12.7875204086,80.2208709717,28264,28274,10
12.788069725,80.2210769653,28274,28284,10
12.7887001038,80.2213287354,28284,28294,10
12.7893600464,80.2215805054,28294,28304,10
12.7899303436,80.2217712402,28304,28314,10
12.790599823,80.2219390869,28314,28324,10
12.7914896011,80.22215271,28324,28335,11
12.7926101685,80.2224197388,28335,28345,10
12.7936201096,80.2225723267,28345,28355,10
12.7946195602,80.2227172852,28355,28365,10
12.7955799103,80.222869873,28365,28375,10
12.7963104248,80.2229690552,28375,28385,10
12.7963895798,80.2229919434,28385,28395,10
12.7967195511,80.2230377197,28395,28405,10
12.7973899841,80.2231826782,28405,28415,10
12.7983703613,80.2232971191,28415,28426,11
12.7993803024,80.2234191895,28426,28436,10
12.8004903793,80.2235183716,28436,28446,10
12.8013095856,80.2235794067,28446,28456,10
12.8013696671,80.2236022949,28456,28466,10
12.8017101288,80.2236709595,28466,28476,10
12.8023700714,80.223739624,28476,28486,10
12.8031597137,80.2238464355,28486,28496,10
12.8040599823,80.2239227295,28496,28507,11
12.804980278,80.2240066528,28507,28517,10
12.805560112,80.2241668701,28517,28527,10
12.8055801392,80.2241821289,28527,28537,10
12.8058395386,80.2243728638,28537,28547,10
12.8064603806,80.2249069214,28547,28557,10
12.8073797226,80.2257003784,28557,28567,10
12.8085002899,80.2266387939,28567,28577,10
12.809800148,80.2275695801,28577,28588,11
12.8115196228,80.2282791138,28588,28598,10
12.8130903244,80.2288284302,28598,28608,10
12.8145799637,80.2292480469,28608,28618,10
12.8162298203,80.2294921875,28618,28628,10
12.8177900314,80.2299499512,28628,28638,10
12.819029808,80.2304992676,28638,28648,10
12.819729805,80.2304916382,28648,28658,10
12.8198604584,80.2304916382,28658,28668,10
12.8202896118,80.2304763794,28668,28679,11
12.8212203979,80.2304916382,28679,28689,10
12.8223495483,80.2306900024,28689,28699,10
12.8236999512,80.2311019897,28699,28709,10
12.8249702454,80.2313919067,28709,28719,10
12.826259613,80.2313537598,28719,28729,10
12.8275499344,80.231048584,28729,28739,10
12.8283195496,80.2305908203,28739,28748,9
12.8284597397,80.2305297852,28748,28759,11
12.8290596008,80.2302398682,28759,28770,11
12.8299503326,80.2298583984,28770,28780,10
12.8311595917,80.2293624878,28780,28800,20
12.8311595917,80.2293624878,28800,28810,10
12.8314199448,80.2292785645,28810,28820,10
12.8316602707,80.2292022705,28820,28861,41
12.8316602707,80.2292022705,28861,28871,10
12.8318395615,80.2291488647,28871,28881,10
12.8325195313,80.229019165,28881,28891,10
12.8336296082,80.2288208008,28891,28901,10
12.8349199295,80.2285919189,28901,28911,10
12.8363304138,80.2283706665,28911,28921,10
12.8378095627,80.2281265259,28921,28932,11
12.8388595581,80.2278671265,28932,29073,141
12.8392095566,80.2277984619,29073,29174,101
12.8392095566,80.2277984619,29174,29185,11
12.8395500183,80.2277069092,29185,29195,10
12.8395595551,80.227722168,29195,29205,10
12.8397197723,80.2276382446,29205,29215,10
12.8404197693,80.2274627686,29215,29225,10
12.8415002823,80.227180481,29225,29235,10
12.8428201675,80.2268829346,29235,29245,10
12.8442001343,80.2266693115,29245,29255,10
12.8454999924,80.2265472412,29255,29276,21
12.8454999924,80.2265472412,29276,29286,10
12.8456201553,80.2265472412,29286,29296,10
12.8460302353,80.2265472412,29296,29306,10
12.8467903137,80.2265396118,29306,29316,10
12.8477602005,80.2265472412,29316,29326,10
12.8488502502,80.2265396118,29326,29336,10
12.8498601913,80.2265167236,29336,29346,10
12.8501701355,80.2265167236,29346,29357,11
12.8504695892,80.2265396118,29357,29367,10
12.851099968,80.2265777588,29367,29377,10
12.8520202637,80.2266235352,29377,29387,10
12.8531198502,80.2266769409,29387,29397,10
12.8543796539,80.2265777588,29397,29407,10
12.8557701111,80.2264328003,29407,29417,10
12.8572702408,80.2262802124,29417,29427,10
12.858710289,80.2262573242,29427,29437,10
12.8607597351,80.2265319824,29437,29458,21
12.8607597351,80.2265319824,29458,29468,10
12.8610601425,80.2265777588,29468,29478,10
12.8616800308,80.2265777588,29478,29488,10
12.8626499176,80.2265396118,29488,29498,10
12.8637895584,80.2265167236,29498,29508,10
12.8651504517,80.2265701294,29508,29518,10
12.8666801453,80.2265167236,29518,29529,11
12.8684597015,80.2263793945,29529,29539,10
12.8699798584,80.2265396118,29539,29549,10
12.8714504242,80.2266387939,29549,29559,10
12.8725404739,80.2266387939,29559,29569,10
12.8726701736,80.2266387939,29569,29579,10
12.8728599548,80.2266464233,29579,29589,10
12.8731002808,80.2266616821,29589,29599,10
12.873749733,80.2267303467,29599,29609,10
12.8748197556,80.2268600464,29609,29620,11
12.8759803772,80.2269363403,29620,29630,10
12.8768997192,80.2268829346,29630,29650,20
12.8768997192,80.2268829346,29650,29660,10
12.8774299622,80.226852417,29660,29670,10
12.8783397675,80.2267913818,29670,29680,10
12.8795204163,80.2267227173,29680,29690,10
12.8809204102,80.2267074585,29690,29701,11
12.8826599121,80.2266998291,29701,29711,10
12.8841295242,80.2266693115,29711,29721,10
12.885430336,80.2267074585,29721,29741,20
12.885430336,80.2267074585,29741,29751,10
12.8856801987,80.2267837524,29751,29761,10
12.886349678,80.2269592285,29761,29771,10
12.8872499466,80.2271728516,29771,29782,11
12.888299942,80.2273178101,29782,29792,10
12.8894996643,80.2273330688,29792,29802,10
12.8908500671,80.2273406982,29802,29812,10
12.8924198151,80.2273635864,29812,29852,40
12.8924198151,80.2273635864,29852,29862,10
12.8927097321,80.2273864746,29862,29873,11
12.8935098648,80.2274932861,29873,29883,10
12.8945999146,80.2276229858,29883,29893,10
12.8959197998,80.2276687622,29893,29903,10
12.8974103928,80.2277297974,29903,29913,10
12.8986997604,80.2277832031,29913,29923,10
12.8996801376,80.2278289795,29923,29933,10
12.9002504349,80.2278518677,29933,29964,31
12.9002504349,80.2278518677,29964,29974,10
12.9004201889,80.2278671265,29974,29984,10
12.9007797241,80.2278900146,29984,29994,10
12.9011201859,80.2279281616,29994,30004,10
12.9015903473,80.2279510498,30004,30014,10
12.902589798,80.2279815674,30014,30035,21
12.902589798,80.2279815674,30035,30045,10
12.9026403427,80.2279968262,30045,30055,10
12.9030103683,80.2280426025,30055,30065,10
12.9036102295,80.2280578613,30065,30075,10
12.9042100906,80.2281036377,30075,30085,10
12.9048204422,80.2281265259,30085,30095,10
12.9049596786,80.2281417847,30095,30156,61
12.9049596786,80.2281417847,30156,30166,10
12.9052696228,80.2282180786,30166,30176,10
12.9054803848,80.2282104492,30176,30186,10
12.9057502747,80.228187561,30186,30196,10
12.9061203003,80.2282180786,30196,30277,81
12.9061203003,80.2282180786,30277,30287,10
12.9062995911,80.2282180786,30287,30298,11
12.9067001343,80.2282485962,30298,30308,10
12.9070100784,80.2282791138,30308,30318,10
12.9075899124,80.2283477783,30318,30328,10
12.9085502625,80.2285079956,30328,30338,10
12.9097003937,80.2287063599,30338,30348,10
12.9110603333,80.2289123535,30348,30358,10
12.9122896194,80.2290802002,30358,30368,10
12.9132995605,80.2292175293,30368,30379,11
12.9143400192,80.2293319702,30379,30419,40
12.9143400192,80.2293319702,30419,30429,10
12.9146900177,80.2294311523,30429,30439,10
12.9153404236,80.2295379639,30439,30449,10
12.9163799286,80.2296905518,30449,30460,11
12.9175596237,80.2298583984,30460,30470,10
12.9187202454,80.2300033569,30470,30480,10
12.9198503494,80.230140686,30480,30490,10
12.9210395813,80.2302932739,30490,30500,10
12.922369957,80.23046875,30500,30510,10
12.923740387,80.2306594849,30510,30520,10
12.9250297546,80.2308197021,30520,30530,10
12.926659584,80.2309875488,30530,30551,21
12.926659584,80.2309875488,30551,30561,10
12.9269104004,80.2310333252,30561,30571,10
12.9275197983,80.2311172485,30571,30581,10
12.928440094,80.2312393188,30581,30591,10
12.9294996262,80.2314300537,30591,30601,10
12.9306898117,80.2317276001,30601,30611,10
12.9318599701,80.2321014404,30611,30621,10
12.9329204559,80.232460022,30621,30632,11
12.9337396622,80.2328414917,30632,30642,10
12.9343795776,80.2330780029,30642,30652,10
12.9343996048,80.2330932617,30652,30662,10
12.9344797134,80.2331314087,30662,30672,10
12.934920311,80.2333374023,30672,30682,10
12.9354696274,80.2335968018,30682,30692,10
12.9360399246,80.2338790894,30692,30702,10
12.9368495941,80.2342987061,30702,30712,10
12.9378995895,80.2348022461,30712,30723,11
12.9391403198,80.2354125977,30723,30733,10
12.9400396347,80.235786438,30733,30763,30
12.9400396347,80.235786438,30763,30773,10
12.9401597977,80.2358627319,30773,30783,10
12.9403400421,80.2359390259,30783,30793,10
12.9407901764,80.2360687256,30793,30804,11
12.9416399002,80.2362670898,30804,30814,10
12.9426298141,80.236579895,30814,30824,10
12.9434900284,80.237197876,30824,30834,10
12.9441795349,80.237953186,30834,30844,10
12.9450101852,80.2388534546,30844,30854,10
12.9460201263,80.2395172119,30854,30864,10
12.9471998215,80.239982605,30864,30895,31
12.9471998215,80.239982605,30895,30905,10
12.9472303391,80.2399597168,30905,30915,10
12.9476003647,80.2401199341,30915,30925,10
12.9481601715,80.2403488159,30925,30935,10
12.9484701157,80.2404785156,30935,30945,10
12.9485998154,80.2405319214,30945,30955,10
12.9490098953,80.2407073975,30955,30965,10
12.9495697021,80.2409210205,30965,30976,11
12.9503602982,80.2411499023,30976,30986,10
12.9510498047,80.2413635254,30986,31006,20
12.9510498047,80.2413635254,31006,31016,10
12.9511203766,80.2414169312,31016,31026,10
12.9514799118,80.2415771484,31026,31036,10
12.9520797729,80.2417907715,31036,31046,10
12.9529600143,80.2421112061,31046,31057,11
12.9538402557,80.2424621582,31057,31067,10
12.9545202255,80.2427215576,31067,31077,10
12.955160141,80.2429504395,31077,31087,10
12.9558801651,80.2432403564,31087,31097,10
12.9562702179,80.2434005737,31097,31158,61
12.9562702179,80.2434005737,31158,31168,10
12.956489563,80.2434921265,31168,31178,10
12.9569797516,80.2436981201,31178,31188,10
12.9576702118,80.2439880371,31188,31198,10
12.958439827,80.2443237305,31198,31208,10
12.9589700699,80.2444992065,31208,31229,21
12.9589700699,80.2444992065,31229,31239,10
12.9589996338,80.2445297241,31239,31249,10
12.9593601227,80.2446975708,31249,31259,10
12.9598999023,80.2449493408,31259,31269,10
12.9606895447,80.2453079224,31269,31279,10
12.961640358,80.2457504272,31279,31289,10
12.9625797272,80.2462234497,31289,31299,10
12.9633798599,80.2466201782,31299,31310,11
12.9638395309,80.2468338013,31310,31320,10
12.9644403458,80.2470474243,31320,31330,10
12.9652500153,80.2473373413,31330,31340,10
12.9659996033,80.2476119995,31340,31350,10
12.966219902,80.2476882935,31350,31360,10
12.9663496017,80.2477416992,31360,31370,10
12.9666004181,80.2478637695,31370,31401,31
12.9666004181,80.2478637695,31401,31411,10
12.9668102264,80.2480010986,31411,31421,10
12.9673099518,80.2482528687,31421,31431,10
12.9680995941,80.248588562,31431,31441,10
12.96916008,80.2490234375,31441,31451,10
12.970410347,80.2495117188,31451,31461,10
12.9717798233,80.2499084473,31461,31471,10
12.973110199,80.25025177,31471,31482,11
12.9745197296,80.2506408691,31482,31492,10
12.9758396149,80.2510223389,31492,31502,10
12.977060318,80.251373291,31502,31512,10
12.9780502319,80.2520294189,31512,31522,10
12.9786195755,80.2524032593,31522,31542,20
12.9786195755,80.2524032593,31542,31552,10
12.9787597656,80.2524795532,31552,31563,11
12.9791002274,80.2525787354,31563,31573,10
12.9794902802,80.2526168823,31573,31583,10
12.9799804688,80.2526702881,31583,31593,10
12.9805803299,80.2526702881,31593,31603,10
12.9813499451,80.2526473999,31603,31613,10
12.9822597504,80.2526321411,31613,31623,10
12.9832000732,80.2525634766,31623,31633,10
12.9836502075,80.252456665,31633,31724,91
12.9836502075,80.252456665,31724,31735,11
12.9839696884,80.2523498535,31735,31745,10
12.9845104218,80.2522201538,31745,31755,10
12.985159874,80.2520370483,31755,31765,10
12.9858598709,80.2518386841,31765,31775,10
12.9863300323,80.2517318726,31775,31785,10
12.986749649,80.2516403198,31785,31795,10
12.9872303009,80.2514877319,31795,31805,10
12.9876899719,80.251373291,31805,31816,11
12.9882001877,80.2512435913,31816,31826,10
12.988940239,80.2510604858,31826,31836,10
12.989569664,80.250869751,31836,31846,10
12.9896001816,80.2508621216,31846,31856,10
12.9897203445,80.250831604,31856,31866,10
12.9902095795,80.2507171631,31866,31876,10
12.9909896851,80.250541687,31876,31886,10
12.991979599,80.2502975464,31886,31896,10
12.9931297302,80.2500228882,31896,31907,11
12.9944601059,80.2496871948,31907,31917,10
12.9955797195,80.2494125366,31917,31927,10
12.9964704514,80.249130249,31927,31937,10
12.9966201782,80.2490921021,31937,31947,10
12.9968004227,80.2490463257,31947,31957,10
12.9974298477,80.248916626,31957,31967,10
12.9983997345,80.2486877441,31967,31977,10
12.9996004105,80.2483978271,31977,31988,11
13.0010204315,80.2480621338,31988,31998,10
13.0021400452,80.2477874756,31998,32008,10
13.0031204224,80.2475814819,32008,32018,10
13.004240036,80.2474136353,32018,32028,10
13.0053300858,80.2472381592,32028,32038,10
13.0061197281,80.2469787598,32038,32048,10
13.0065202713,80.2464828491,32048,32058,10
13.0065402985,80.2464370728,32058,32069,11
13.0065498352,80.2463302612,32069,32079,10
13.0066003799,80.2458724976,32079,32089,10
13.0066099167,80.2451171875,32089,32099,10
13.0066299438,80.2443313599,32099,32109,10
13.006649971,80.2436904907,32109,32119,10
13.0066099167,80.2431716919,32119,32129,10
13.0065803528,80.2424621582,32129,32139,10
13.0065603256,80.2416229248,32139,32149,10
13.0066099167,80.2409362793,32149,32160,11
13.0067396164,80.2404174805,32160,32210,50
13.0067396164,80.2404174805,32210,32220,10
13.0068101883,80.2402496338,32220,32230,10
13.0069303513,80.2398376465,32230,32241,11
13.0071001053,80.2387237549,32241,32251,10
13.0072402954,80.2379837036,32251,32261,10
13.0073604584,80.2373962402,32261,32271,10
13.0074300766,80.2367706299,32271,32281,10
13.0074596405,80.2366790771,32281,32291,10
13.0075502396,80.2363891602,32291,32301,10
13.0076799393,80.2358093262,32301,32311,10
13.0077495575,80.2353973389,32311,32321,10
13.0078601837,80.23487854,32321,32332,11
13.0080299377,80.2342071533,32332,32342,10
13.0081796646,80.2333984375,32342,32352,10
13.0083503723,80.2325210571,32352,32362,10
13.0085601807,80.2313995361,32362,32372,10
13.0087900162,80.2303390503,32372,32382,10
13.0089702606,80.2295227051,32382,32392,10
13.009180069,80.2284088135,32392,32402,10
13.0095100403,80.2275695801,32402,32413,11
13.009929657,80.2266311646,32413,32423,10
13.010310173,80.2258834839,32423,32433,10
13.0106601715,80.2251586914,32433,32443,10
13.0109300613,80.2245025635,32443,32453,10
13.0112800598,80.2237472534,32453,32463,10
13.0115604401,80.2232971191,32463,32473,10
13.0120201111,80.2235565186,32473,32483,10
13.0126895905,80.2239379883,32483,32493,10
13.0136098862,80.2244186401,32493,32504,11
13.014289856,80.2247924805,32504,32544,40
13.014289856,80.2247924805,32544,32554,10
13.0143899918,80.2248687744,32554,32564,10
13.0146999359,80.2250366211,32564,32676,112
13.0149803162,80.2252578735,32676,32807,131
13.0149803162,80.2252578735,32807,32817,10
13.0152997971,80.2253112793,32817,32827,10
13.0155601501,80.2253417969,32827,32838,11
13.0159597397,80.2253417969,32838,32848,10
13.0164899826,80.2253570557,32848,32858,10
13.0170898438,80.2251434326,32858,32868,10
13.0177202225,80.2248764038,32868,32878,10
13.0183401108,80.2246322632,32878,32888,10
13.0189399719,80.2244110107,32888,32898,10
13.0195598602,80.2244491577,32898,32908,10
13.0203399658,80.224937439,32908,32929,21
13.0203399658,80.224937439,32929,32939,10
13.020409584,80.2250595093,32939,32949,10
13.0207395554,80.2253112793,32949,32959,10
13.0211296082,80.2256088257,32959,32969,10
13.0215902328,80.2259674072,32969,32979,10
13.0222797394,80.2265167236,32979,32989,10
13.0229797363,80.2271194458,32989,32999,10
13.0235395432,80.2276229858,32999,33010,11
13.0238599777,80.2278594971,33010,33030,20
13.0238599777,80.2278594971,33030,33040,10
13.0240402222,80.2280578613,33040,33060,20
13.0242300034,80.2283096313,33060,33101,41
13.0242300034,80.2283096313,33101,33111,10
13.0243396759,80.2285003662,33111,33121,10
13.0244503021,80.2286224365,33121,33131,10
13.0242795944,80.2286376953,33131,33141,10
13.0240402222,80.2283401489,33141,33151,10
13.0237798691,80.2279815674,33151,33161,10
13.0235099792,80.2277374268,33161,33657,496
13.0235099792,80.2277374268,33657,33667,10
13.0233602524,80.2274780273,33667,33677,10
13.0231599808,80.2272491455,33677,33688,11
13.0227298737,80.226852417,33688,33698,10
13.0221300125,80.226348877,33698,33708,10
13.0214996338,80.2258605957,33708,33718,10
13.0209102631,80.2253723145,33718,33728,10
13.0204601288,80.2250823975,33728,33738,10
13.0199804306,80.2247467041,33738,33748,10
13.0192604065,80.2244491577,33748,33758,10
13.0183601379,80.2246627808,33758,33769,11
13.0174798965,80.2250213623,33769,33779,10
13.0168800354,80.2252731323,33779,33789,10
13.0166196823,80.2253875732,33789,33799,10
13.0164403915,80.225479126,33799,33809,10
13.0160598755,80.2256011963,33809,33819,10
13.0155200958,80.2257766724,33819,33829,10
13.0149497986,80.226020813,33829,33839,10
13.0144195557,80.2262268066,33839,33870,31
13.0144195557,80.2262268066,33870,33880,10
13.0141296387,80.2263031006,33880,33890,10
13.0136404037,80.2265014648,33890,33900,10
13.0129404068,80.2267608643,33900,33910,10
13.0121097565,80.2270965576,33910,33920,10
13.0112400055,80.2274398804,33920,33930,10
13.0102701187,80.2278289795,33930,33941,11
13.0093402863,80.2282562256,33941,33951,10
13.009059906,80.2290115356,33951,33961,10
13.0087795258,80.2304534912,33961,34022,61
13.0087099075,80.2305297852,34022,34052,30
13.0087099075,80.2305297852,34052,34062,10
13.0087604523,80.2307128906,34062,34072,10
13.0087203979,80.2310791016,34072,34082,10
13.0085802078,80.2317886353,34082,34092,10
13.0084104538,80.2326126099,34092,34103,11
13.0082702637,80.2333831787,34103,34123,20
13.0082302094,80.2335662842,34123,34163,40
13.0082302094,80.2335662842,34163,34173,10
13.0081396103,80.2340011597,34173,34183,10
13.008020401,80.2345809937,34183,34196,13
13.0078001022,80.2355575562,34196,34246,50
13.0078001022,80.2355575562,34246,34256,10
13.0077400208,80.2359390259,34256,34266,10
13.0076904297,80.2361831665,34266,34277,11
13.0076599121,80.2362594604,34277,34287,10
13.007610321,80.236541748,34287,34297,10
13.0075502396,80.2368392944,34297,34307,10
13.0074701309,80.2371902466,34307,34317,10
13.0073699951,80.2376403809,34317,34327,10
13.0073003769,80.2380599976,34327,34337,10
13.0072002411,80.2386169434,34337,34378,41
13.0071697235,80.2389831543,34378,34499,121
13.0071697235,80.2389831543,34499,34509,10
13.0071697235,80.2393264771,34509,34519,10
13.0070695877,80.239616394,34519,34530,11
13.0069303513,80.2403488159,34530,34540,10
13.0068902969,80.2406082153,34540,34550,10
13.0068702698,80.2406768799,34550,34560,10
13.0068101883,80.2409362793,34560,34570,10
13.0067501068,80.2414627075,34570,34580,10
13.0067501068,80.2420883179,34580,34590,10
13.0067396164,80.2425994873,34590,34610,20
13.0067195892,80.2430877686,34610,34631,21
13.0067300797,80.2436523438,34631,34661,30
13.0067300797,80.2436523438,34661,34671,10
13.0067300797,80.2443466187,34671,34681,10
13.0066900253,80.2449188232,34681,34691,10
13.0067300797,80.2452087402,34691,34702,11
13.0067996979,80.2456970215,34702,34712,10
13.0067996979,80.2459411621,34712,34722,10
13.006819725,80.246307373,34722,34732,10
13.0067996979,80.2468719482,34732,34742,10
13.0060195923,80.2472991943,34742,34762,20
13.0060195923,80.2472991943,34762,34772,10
13.005689621,80.2472763062,34772,34783,11
13.0048704147,80.2473220825,34783,34793,10
13.0037603378,80.247467041,34793,34803,10
13.0025901794,80.2476806641,34803,34813,10
13.0015497208,80.2479476929,34813,34823,10
13.0003004074,80.248260498,34823,34833,10
12.9990301132,80.2486190796,34833,34843,10
12.9982700348,80.248840332,34843,34853,10
12.9982500076,80.248840332,34853,34863,10
12.9981203079,80.2488632202,34863,34874,11
12.9975700378,80.2489929199,34874,34884,10
12.9967002869,80.2491912842,34884,34894,10
12.9956102371,80.2494812012,34894,34904,10
12.9942598343,80.2498397827,34904,34914,10
12.9927797318,80.2501983643,34914,34924,10
12.9917297363,80.2504730225,34924,34934,10
12.9911499023,80.2506408691,34934,34955,21
12.9910202026,80.2506408691,34955,35086,131
12.9910202026,80.2506408691,35086,35096,10
12.9909000397,80.2506408691,35096,35106,10
12.9906396866,80.2506790161,35106,35116,10
12.9901399612,80.2508087158,35116,35127,11
12.9898300171,80.2509078979,35127,35137,10
12.9894504547,80.2510223389,35137,35147,10
12.989159584,80.2511062622,35147,35157,10
12.9888896942,80.2511825562,35157,35167,10
12.9884195328,80.2512969971,35167,35177,10
12.9879598618,80.2514190674,35177,35187,10
12.9874801636,80.2515335083,35187,35197,10
12.9868803024,80.2517166138,35197,35208,11
12.9861001968,80.2518997192,35208,35218,10
12.9852199554,80.2521133423,35218,35228,10
12.9843902588,80.2523269653,35228,35238,10
12.9835700989,80.2525405884,35238,35248,10
12.982629776,80.2526702881,35248,35258,10
12.9821100235,80.2527084351,35258,35268,10
12.9820995331,80.2527008057,35268,35278,10
12.981880188,80.2527084351,35278,35288,10
12.9818601608,80.2527084351,35288,35299,11
12.981760025,80.2526931763,35299,35309,10
12.9815797806,80.2526931763,35309,35319,10
12.9812602997,80.2527084351,35319,35329,10
12.9809598923,80.2527313232,35329,35410,81
12.9809598923,80.2527313232,35410,35420,10
12.9805698395,80.2527389526,35420,35430,10
12.980389595,80.2527770996,35430,35440,10
12.980099678,80.2527770996,35440,35450,10
12.9798402786,80.2527389526,35450,35460,10
12.9793395996,80.2526397705,35460,35471,11
12.9785699844,80.2525024414,35471,35491,20
12.9785699844,80.2525024414,35491,35501,10
12.9781904221,80.2521896362,35501,35511,10
12.9774599075,80.2515563965,35511,35521,10
12.9762897491,80.251083374,35521,35531,10
12.9748601913,80.2506790161,35531,35541,10
12.9732398987,80.2502365112,35541,35552,11
12.9717102051,80.2498474121,35552,35562,10
12.9704704285,80.2494812012,35562,35572,10
12.9691896439,80.2490005493,35572,35582,10
12.9678897858,80.2484817505,35582,35592,10
12.9672403336,80.2481918335,35592,35602,10
12.9666595459,80.2479019165,35602,35612,10
12.9660997391,80.2476425171,35612,35622,10
12.9653701782,80.2473983765,35622,35664,42
12.9653701782,80.2473983765,35664,35674,10
12.9651699066,80.2473068237,35674,35684,10
12.9649200439,80.2472076416,35684,35694,10
12.964799881,80.2471618652,35694,35704,10
12.9645996094,80.2470779419,35704,35714,10
12.9643201828,80.2469787598,35714,35725,11
12.9639596939,80.2468414307,35725,35735,10
12.9637403488,80.2467422485,35735,35745,10
12.9633998871,80.2465591431,35745,35755,10
12.9626398087,80.2461700439,35755,35765,10
12.9615402222,80.2456512451,35765,35775,10
12.9603099823,80.2450790405,35775,35785,10
12.959569931,80.2447891235,35785,35795,10
12.9595499039,80.2447891235,35795,35806,11
12.9594402313,80.2447280884,35806,35816,10
12.9590196609,80.2444992065,35816,35826,10
12.9581899643,80.244140625,35826,35836,10
12.9574899673,80.243888855,35836,35846,10
12.9566898346,80.2436523438,35846,35937,91
12.9566898346,80.2436523438,35937,35947,10
12.9561300278,80.2434921265,35947,35957,10
12.9554796219,80.2431182861,35957,35967,10
12.954870224,80.2428436279,35967,35978,11
12.9541301727,80.2425537109,35978,35988,10
12.9535303116,80.2423019409,35988,35998,10
12.9527196884,80.2419662476,35998,36008,10
12.9517097473,80.2416305542,36008,36028,20
12.9517097473,80.2416305542,36028,36038,10
12.951499939,80.2414703369,36038,36048,10
12.9509096146,80.2412872314,36048,36058,10
12.9499797821,80.2410202026,36058,36069,11
12.9491701126,80.2407836914,36069,36079,10
12.9484901428,80.2404937744,36079,36089,10
12.9470796585,80.2399291992,36089,36119,30
12.9470796585,80.2399291992,36119,36129,10
12.94672966,80.2397689819,36129,36139,10
12.9460496902,80.2394714355,36139,36150,11
12.9451599121,80.2389373779,36150,36160,10
12.944319725,80.2380371094,36160,36170,10
12.9434900284,80.2371520996,36170,36180,10
12.9425096512,80.2364501953,36180,36190,10
12.9415302277,80.2361679077,36190,36200,10
12.9409399033,80.236038208,36200,36210,10
12.9406604767,80.2359924316,36210,36220,10
12.9405202866,80.2359695435,36220,36231,11
12.9402103424,80.2358932495,36231,36241,10
12.9397802353,80.2357635498,36241,36251,10
12.9396800995,80.2357025146,36251,36261,10
12.9395799637,80.2356185913,36261,36271,10
12.9391202927,80.2353668213,36271,36281,10
12.9383602142,80.2349777222,36281,36291,10
12.9374799728,80.2345428467,36291,36301,10
12.9365701675,80.23412323,36301,36311,10
12.9358301163,80.2337722778,36311,36322,11
12.9349298477,80.2333679199,36322,36332,10
12.9340000153,80.2329483032,36332,36352,20
12.9340000153,80.2329483032,36352,36362,10
12.9338903427,80.2328872681,36362,36372,10
12.9334402084,80.2326583862,36372,36382,10
12.9326200485,80.2323379517,36382,36392,10
12.9315500259,80.2319717407,36392,36403,11
12.9301795959,80.2315673828,36403,36413,10
12.9295597076,80.2314529419,36413,36423,10
12.9292201996,80.2314224243,36423,36433,10
12.9286403656,80.2312774658,36433,36443,10
12.9277000427,80.2311325073,36443,36453,10
12.9260997772,80.2309799194,36453,36473,20
12.9260997772,80.2309799194,36473,36483,10
12.9256296158,80.2309036255,36483,36494,11
12.9247903824,80.230796814,36494,36504,10
12.9237098694,80.2306594849,36504,36514,10
12.9223804474,80.2304534912,36514,36524,10
12.9208498001,80.2302398682,36524,36534,10
12.9194402695,80.2300720215,36534,36544,10
12.9182796478,80.229927063,36544,36554,10
12.9169101715,80.2297286987,36554,36564,10
12.915430069,80.2295303345,36564,36575,11
12.9139795303,80.2293167114,36575,36584,9
12.9131202698,80.2292175293,36584,36615,31
12.9131202698,80.2292175293,36615,36625,10
12.9130001068,80.229133606,36625,36635,10
12.9124803543,80.229057312,36635,36645,10
12.9116096497,80.2289581299,36645,36656,11
12.9103403091,80.2287826538,36656,36666,10
12.9093399048,80.2286605835,36666,36676,10
12.908829689,80.2285995483,36676,36757,81
12.908829689,80.2285995483,36757,36767,10
12.908490181,80.2285308838,36767,36777,10
12.907910347,80.2284393311,36777,36787,10
12.9074296951,80.2284011841,36787,36797,10
12.906999588,80.2283477783,36797,36807,10
12.906539917,80.2282791138,36807,36817,10
12.9061698914,80.2282409668,36817,36828,11
12.9061403275,80.2282180786,36828,36838,10
12.9056997299,80.2281799316,36838,36848,10
12.9049196243,80.2281570435,36848,36858,10
12.9041996002,80.2281265259,36858,36868,10
12.9035196304,80.2281036377,36868,36878,10
12.9028501511,80.2280731201,36878,36888,10
12.9021501541,80.2280197144,36888,36898,10
12.901599884,80.2279815674,36898,36908,10
12.9011001587,80.2279586792,36908,36919,11
12.9007301331,80.2279205322,36919,36929,10
12.9002399445,80.227897644,36929,36939,10
12.8994398117,80.2278671265,36939,36979,40
12.8994398117,80.2278671265,36979,36989,10
12.8993797302,80.2279205322,36989,37000,11
12.8990497589,80.2278594971,37000,37010,10
12.8984298706,80.2278213501,37010,37020,10
12.8975496292,80.2277679443,37020,37030,10
12.8964300156,80.227722168,37030,37040,10
12.8952598572,80.2276535034,37040,37050,10
12.8941898346,80.2275924683,37050,37060,10
12.8934803009,80.2275390625,37060,37070,10
12.892950058,80.2274703979,37070,37081,11
12.8926000595,80.2274398804,37081,37091,10
12.8925800323,80.2274398804,37091,37101,10
12.8922796249,80.2273864746,37101,37111,10
12.8915996552,80.2273635864,37111,37121,10
12.8905801773,80.2273483276,37121,37131,10
12.889380455,80.2273406982,37131,37141,10
12.8879899979,80.2272796631,37141,37151,10
12.8865499496,80.2270584106,37151,37161,10
12.8857002258,80.226852417,37161,37172,11
12.8851099014,80.2267608643,37172,37192,20
12.8851099014,80.2267608643,37192,37202,10
12.8848600388,80.2267074585,37202,37212,10
12.884180069,80.2266998291,37212,37222,10
12.8831300735,80.2266921997,37222,37232,10
12.8819103241,80.2266998291,37232,37242,10
12.8807001114,80.2266998291,37242,37253,11
12.8792800903,80.2267303467,37253,37263,10
12.878080368,80.2268295288,37263,37273,10
12.877289772,80.2269134521,37273,37283,10
12.876999855,80.2269363403,37283,37293,10
12.8768100739,80.2269592285,37293,37303,10
12.8763399124,80.2269668579,37303,37313,10
12.8763103485,80.2269821167,37313,37323,10
12.8761796951,80.2269821167,37323,37333,10
12.8755502701,80.2269363403,37333,37344,11
12.874540329,80.2268295288,37344,37354,10
12.8736000061,80.2267303467,37354,37364,10
12.8729496002,80.2267227173,37364,37374,10
12.8729095459,80.2267227173,37374,37384,10
12.8727397919,80.2267074585,37384,37394,10
12.8721504211,80.2266921997,37394,37404,10
12.8711700439,80.2266311646,37404,37414,10
12.8700199127,80.2265319824,37414,37425,11
12.8687801361,80.2263870239,37425,37435,10
12.8675603867,80.2264022827,37435,37445,10
12.8662099838,80.2265625,37445,37455,10
12.8648300171,80.2265930176,37455,37465,10
12.8637399673,80.2265319824,37465,37475,10
12.8624897003,80.2265014648,37475,37485,10
12.8612003326,80.226600647,37485,37505,20
12.8612003326,80.226600647,37505,37516,11
12.8611097336,80.2265777588,37516,37526,10
12.8605699539,80.2265396118,37526,37536,10
12.8598899841,80.2264633179,37536,37546,10
12.8594503403,80.2264099121,37546,37556,10
12.8592596054,80.2263793945,37556,37566,10
12.8590803146,80.226348877,37566,37576,10
12.8588895798,80.22631073,37576,37586,10
12.8583898544,80.2262573242,37586,37597,11
12.8575201035,80.2262573242,37597,37607,10
12.8565196991,80.2263565063,37607,37617,10
12.8555603027,80.2264709473,37617,37627,10
12.8545103073,80.2265777588,37627,37637,10
12.8532600403,80.2266998291,37637,37647,10
12.8519601822,80.2266616821,37647,37657,10
12.8507900238,80.226600647,37657,37667,10
12.8500900269,80.2265472412,37667,37688,21
12.8500900269,80.2265472412,37688,37698,10
12.849729538,80.2265319824,37698,37708,10
12.8489599228,80.2265319824,37708,37718,10
12.8479995728,80.2265396118,37718,37728,10
12.8470096588,80.2265472412,37728,37738,10
12.8460998535,80.2265625,37738,37769,31
12.8460998535,80.2265625,37769,37779,10
12.8458795547,80.2265472412,37779,37789,10
12.8452997208,80.226600647,37789,37809,20
12.8452997208,80.226600647,37809,37819,10
12.8451004028,80.226600647,37819,37829,10
12.844619751,80.2266387939,37829,37839,10
12.8438596725,80.2267074585,37839,37850,11
12.8428697586,80.2267990112,37850,37860,10
12.8422498703,80.2269210815,37860,37870,10
12.8420295715,80.2270202637,37870,37890,20
12.8420295715,80.2270202637,37890,37900,10
12.8416500092,80.2271194458,37900,37951,51
12.8416500092,80.2271194458,37951,37961,10
12.8413496017,80.2272109985,37961,38001,40
12.8413496017,80.2272109985,38001,38011,10
12.8409795761,80.2273406982,38011,38062,51
12.8409795761,80.2273406982,38062,38072,10
12.8404197693,80.2274932861,38072,38173,101
12.8404197693,80.2274932861,38173,38183,10
12.8399000168,80.2276382446,38183,38214,31
12.8399000168,80.2276382446,38214,38224,10
12.8397302628,80.2276916504,38224,38234,10
12.8393001556,80.2278137207,38234,38244,10
12.8384199142,80.2280578613,38244,38254,10
12.8372001648,80.2283096313,38254,38264,10
12.8357896805,80.228477478,38264,38275,11
12.8342895508,80.2287063599,38275,38285,10
12.8331298828,80.2289199829,38285,38295,10
12.8323802948,80.2290420532,38295,38305,10
12.8323497772,80.2290496826,38305,38315,10
12.8320798874,80.2291183472,38315,38325,10
12.8317403793,80.2291564941,38325,38335,10
12.8315401077,80.2287368774,38335,38396,61
12.8315401077,80.2287368774,38396,38406,10
12.8315296173,80.2284622192,38406,38416,10
12.8314199448,80.2279281616,38416,38426,10
12.8312702179,80.2272109985,38426,38436,10
12.8310804367,80.2264328003,38436,38447,11
12.8310604095,80.225227356,38447,38457,10
12.8310699463,80.2247619629,38457,38467,10
12.8310804367,80.2247619629,38467,38477,10
12.8311004639,80.2246170044,38477,38487,10
12.8311004639,80.2240524292,38487,38497,10
12.8311004639,80.223449707,38497,38507,10
12.8311004639,80.2228622437,38507,38517,10
12.8311004639,80.2222671509,38517,38527,10
12.8311100006,80.2219696045,38527,38538,11
12.8311300278,80.2210998535,38538,38548,10
12.8311195374,80.2201766968,38548,38558,10
12.8311100006,80.2196807861,38558,38568,10
12.8308801651,80.2194213867,38568,38577,9
12.8300504684,80.2194366455,38577,38588,11
12.8288698196,80.2194595337,38588,38598,10
12.8278999329,80.2194671631,38598,38608,10
12.8274698257,80.2194824219,38608,38659,51
12.8274698257,80.2194824219,38659,38669,10
12.8271799088,80.2194595337,38669,38679,10
12.8264703751,80.2194595337,38679,38689,10
12.8260402679,80.2194595337,38689,38699,10
12.8258800507,80.2194671631,38699,38710,11
12.8258399963,80.2194671631,38710,38720,10
12.8253097534,80.2194366455,38720,38730,10
12.8241996765,80.2194290161,38730,38740,10
12.8231201172,80.2194213867,38740,38750,10
12.8227996826,80.2194137573,38750,38760,10
12.8226499557,80.2190475464,38760,38770,10
12.8226604462,80.218536377,38770,38780,10
12.8226604462,80.2174682617,38780,38791,11
12.8226604462,80.2164001465,38791,38801,10
12.8226900101,80.2160263062,38801,38811,10
12.8229503632,80.2159576416,38811,38821,10
12.8232498169,80.2159805298,38821,38831,10
12.8239297867,80.2159805298,38831,38841,10
12.8244199753,80.2159729004,38841,39003,162
12.8245296478,80.2160263062,39003,39560,557
12.8244104385,80.216003418,39560,39691,131
12.8244104385,80.216003418,39691,39701,10
12.8246603012,80.216003418,39701,39711,10
12.8250598907,80.2160186768,39711,39721,10
12.8254804611,80.2160186768,39721,39732,11
12.8257904053,80.2160415649,39732,39742,10
12.8259000778,80.2162780762,39742,39752,10
12.8258895874,80.2168807983,39752,39762,10
12.8258895874,80.2177734375,39762,39772,10
12.8258600235,80.2186965942,39772,39782,10
12.8258600235,80.2192764282,39782,39792,10
12.8260402679,80.2194137573,39792,39802,10
12.8265600204,80.2194137573,39802,39813,11
12.8271198273,80.2194366455,39813,39823,10
12.827460289,80.2194213867,39823,39843,20
12.827460289,80.2194213867,39843,39853,10
12.8276395798,80.2194290161,39853,39863,10
12.8282299042,80.2194290161,39863,39873,10
12.8292303085,80.2194366455,39873,39883,10
12.8302297592,80.2194366455,39883,39893,10
12.8308496475,80.2194519043,39893,39904,11
12.8311500549,80.2199172974,39904,39914,10
12.8311195374,80.2210998535,39914,39924,10
12.8311300278,80.2220001221,39924,39934,10
12.8311395645,80.222328186,39934,39944,10
12.8311395645,80.2230987549,39944,39954,10
12.8311395645,80.2240829468,39954,39964,10
12.8311300278,80.2246398926,39964,39974,10
12.8311195374,80.2251281738,39974,39985,11
12.8311004639,80.2261428833,39985,39995,10
12.8312702179,80.2271499634,39995,40005,10
12.8315000534,80.2281112671,40005,40015,10
12.8316898346,80.2288894653,40015,40055,40
12.8316898346,80.2288894653,40055,40065,10
12.8317298889,80.2291030884,40065,40076,11
12.8322496414,80.2290420532,40076,40086,10
12.8332004547,80.2288665771,40086,40096,10
12.83452034,80.2286529541,40096,40106,10
12.8361101151,80.2284164429,40106,40116,10
12.8376398087,80.228187561,40116,40126,10
12.8388395309,80.227897644,40126,40136,10
12.8393297195,80.2276763916,40136,40146,10
12.8396997452,80.2275390625,40146,40157,11
12.8404302597,80.2274398804,40157,40167,10
12.8414897919,80.227180481,40167,40177,10
12.8426599503,80.2269134521,40177,40187,10
12.843919754,80.2267227173,40187,40197,10
12.8450098038,80.2266235352,40197,40207,10
12.8453598022,80.2266235352,40207,40227,20
12.8453598022,80.2266235352,40227,40237,10
12.8456201553,80.226600647,40237,40248,11
12.8459701538,80.2266082764,40248,40258,10
12.8468599319,80.2265777588,40258,40268,10
12.8480195999,80.226600647,40268,40278,10
12.8492097855,80.2265930176,40278,40288,10
12.8506402969,80.2265930176,40288,40298,10
12.8522500992,80.2266616821,40298,40308,10
12.8539400101,80.2266311646,40308,40318,10
12.8555698395,80.2264480591,40318,40329,11
12.8572397232,80.226272583,40329,40339,10
12.8582201004,80.2262191772,40339,40349,10
12.8590698242,80.226272583,40349,40359,10
12.8606700897,80.2264862061,40359,40379,20
12.8606700897,80.2264862061,40379,40389,10
12.8611497879,80.2265319824,40389,40399,10
12.8621301651,80.2265167236,40399,40410,11
12.8636198044,80.2264862061,40410,40420,10
12.8650798798,80.2265472412,40420,40430,10
12.8664798737,80.2265014648,40430,40440,10
12.8677597046,80.2264099121,40440,40450,10
12.8688097,80.2263870239,40450,40460,10
12.8698797226,80.2265167236,40460,40470,10
12.8712301254,80.2266235352,40470,40480,10
12.872420311,80.2266235352,40480,40490,10
12.8727302551,80.2266311646,40490,40501,11
12.8732404709,80.2266616821,40501,40511,10
12.8741998672,80.2267379761,40511,40521,10
12.8753004074,80.226890564,40521,40531,10
12.875869751,80.2269363403,40531,40561,30
12.8760995865,80.2269515991,40561,40582,21
12.8760995865,80.2269515991,40582,40592,10
12.8763198853,80.2269592285,40592,40602,10
12.876660347,80.2269363403,40602,40612,10
12.877530098,80.2268676758,40612,40622,10
12.8786497116,80.2267837524,40622,40632,10
12.8798503876,80.2267379761,40632,40642,10
12.8813295364,80.2267227173,40642,40652,10
12.8828601837,80.2266998291,40652,40662,10
12.8843297958,80.2266769409,40662,40673,11
12.8852500916,80.2266693115,40673,40683,10
12.8854703903,80.2266998291,40683,40693,10
12.886300087,80.2269134521,40693,40703,10
12.8875904083,80.2271881104,40703,40713,10
12.8892202377,80.2273025513,40713,40723,10
12.8904104233,80.2273025513,40723,40733,10
12.8920698166,80.2272872925,40733,40743,10
12.8930397034,80.2273864746,40743,40754,11
12.8940095901,80.2275238037,40754,40764,10
12.8947601318,80.2275924683,40764,40774,10
12.8956604004,80.2276382446,40774,40784,10
12.8969802856,80.2276763916,40784,40794,10
12.8982200623,80.2277526855,40794,40804,10
12.8992900848,80.2278289795,40804,40814,10
12.9001197815,80.2278594971,40814,40824,10
12.9007797241,80.227897644,40824,40834,10
12.9013595581,80.2279586792,40834,40845,11
12.9020299911,80.2279815674,40845,40855,10
12.9026203156,80.2279968262,40855,40875,20
12.9026203156,80.2279968262,40875,40885,10
12.9028100967,80.2280273438,40885,40895,10
12.9034900665,80.2280578613,40895,40905,10
12.9044303894,80.2281265259,40905,40915,10
12.9054603577,80.228187561,40915,40926,11
12.9069795609,80.2282562256,40926,40946,20
12.9069795609,80.2282562256,40946,40956,10
12.9074201584,80.2283096313,40956,40966,10
12.9084300995,80.2284927368,40966,40976,10
12.9098596573,80.2287216187,40976,40986,10
12.9113998413,80.2289733887,40986,40996,10
12.9127998352,80.2291564941,40996,41006,10
12.9136800766,80.2292633057,41006,41017,11
12.9140195847,80.229309082,41017,41027,10
12.9143104553,80.2293624878,41027,41037,10
12.9151697159,80.2294998169,41037,41047,10
12.9164199829,80.2296981812,41047,41057,10
12.9179201126,80.2299118042,41057,41067,10
12.9191398621,80.2300720215,41067,41077,10
12.9203195572,80.2302093506,41077,41087,10
12.9216804504,80.2303771973,41087,41098,11
12.923119545,80.2305984497,41098,41108,10
12.9245004654,80.2307815552,41108,41118,10
12.9256296158,80.2309265137,41118,41128,10
12.9269800186,80.2311019897,41128,41138,10
12.9282999039,80.2312469482,41138,41148,10
12.9294996262,80.2314605713,41148,41158,10
12.9307098389,80.2317428589,41158,41168,10
12.9318504333,80.2321014404,41168,41178,10
12.9336500168,80.2327575684,41178,41199,21
12.9336500168,80.2327575684,41199,41209,10
12.9340896606,80.232963562,41209,41219,10
12.9349403381,80.2333602905,41219,41229,10
12.9354000092,80.2335891724,41229,41239,10
12.9354400635,80.2336196899,41239,41249,10
12.9357995987,80.2338027954,41249,41259,10
12.9365997314,80.2341690063,41259,41270,11
12.9377698898,80.2347106934,41270,41280,10
12.9387903214,80.2352218628,41280,41290,10
12.9395503998,80.2356033325,41290,41300,10
12.9398498535,80.2357177734,41300,41310,10
12.940489769,80.2359695435,41310,41320,10
12.9413003922,80.2361984253,41320,41330,10
12.9422798157,80.2364501953,41330,41340,10
12.9433202744,80.2370376587,41340,41350,10
12.9442796707,80.2380599976,41350,41361,11
12.9454298019,80.2391891479,41361,41371,10
12.9466295242,80.2397537231,41371,41381,10
12.9472999573,80.2400131226,41381,41391,10
12.9474496841,80.2400588989,41391,41401,10
12.9479598999,80.240272522,41401,41411,10
12.9486398697,80.2405319214,41411,41502,91
12.9486398697,80.2405319214,41502,41512,10
12.9488601685,80.2407073975,41512,41523,11
12.9493598938,80.2408981323,41523,41533,10
12.9501800537,80.2411499023,41533,41543,10
12.9508800507,80.2413406372,41543,41553,10
12.9510202408,80.2414169312,41553,41563,10
12.9515600204,80.2416229248,41563,41573,10
12.9523601532,80.2419128418,41573,41583,10
12.9532403946,80.2422637939,41583,41593,10
12.9539699554,80.2425384521,41593,41603,10
12.954750061,80.2428512573,41603,41614,11
12.9554300308,80.2430801392,41614,41624,10
12.9560899734,80.2433013916,41624,41634,10
12.9563598633,80.2433776855,41634,41644,10
12.9565601349,80.2434463501,41644,41654,10
12.9572296143,80.2437820435,41654,41664,10
12.9577798843,80.2440185547,41664,41674,10
12.9582901001,80.2442321777,41674,41684,10
12.9587202072,80.244430542,41684,41695,11
12.9589500427,80.2445831299,41695,41705,10
12.9594402313,80.2448272705,41705,41715,10
12.9603900909,80.245262146,41715,41725,10
12.961689949,80.2458724976,41725,41735,10
12.9627799988,80.246383667,41735,41745,10
12.9635801315,80.2467803955,41745,41755,10
12.9643201828,80.2470626831,41755,41765,10
12.9652204514,80.2473526001,41765,41775,10
12.9660596848,80.2476501465,41775,41786,11
12.9667196274,80.2479400635,41786,41806,20
12.9667196274,80.2479400635,41806,41816,10
12.9668502808,80.248008728,41816,41826,10
12.9674196243,80.248260498,41826,41836,10
12.968580246,80.2487716675,41836,41846,10
12.9699296951,80.2493133545,41846,41856,10
12.971449852,80.2498168945,41856,41867,11
12.9729099274,80.250213623,41867,41877,10
12.9738903046,80.2504806519,41877,41887,10
12.9750003815,80.2507781982,41887,41897,10
12.9762802124,80.2511520386,41897,41907,10
12.9774303436,80.2515792847,41907,41917,10
12.9782400131,80.2521820068,41917,41927,10
12.9785404205,80.2523727417,41927,41937,10
12.9788799286,80.252532959,41937,41947,10
12.9796495438,80.2526779175,41947,41958,11
12.9805402756,80.2527008057,41958,41968,10
12.9812297821,80.2526702881,41968,41978,10
12.9821100235,80.2526321411,41978,41988,10
12.9835796356,80.2524490356,41988,42059,71
12.9835796356,80.2524490356,42059,42069,10
12.983710289,80.2524337769,42069,42119,50
12.983710289,80.2524337769,42119,42130,11
12.9839200974,80.2523574829,42130,42140,10
12.984459877,80.2522277832,42140,42150,10
12.9851503372,80.2520599365,42150,42160,10
12.9857196808,80.2518997192,42160,42170,10
12.9863395691,80.251739502,42170,42180,10
12.9869403839,80.2515869141,42180,42190,10
12.9874696732,80.2514266968,42190,42200,10
12.9879903793,80.2513122559,42200,42211,11
12.9890003204,80.2510528564,42211,42221,10
12.9895296097,80.2509002686,42221,42231,10
12.9897003174,80.2508773804,42231,42241,10
12.99036026,80.2507400513,42241,42251,10
12.9913797379,80.2505187988,42251,42261,10
12.9926795959,80.2501983643,42261,42271,10
12.9941797256,80.2498016357,42271,42281,10
12.9952697754,80.2495269775,42281,42292,11
12.9964399338,80.249206543,42292,42302,10
12.9967403412,80.249130249,42302,42312,10
12.9973602295,80.2489776611,42312,42322,10
12.9983301163,80.2487564087,42322,42332,10
12.9995002747,80.2484512329,42332,42342,10
13.000749588,80.2481384277,42342,42352,10
13.0017499924,80.2478790283,42352,42362,10
13.0023603439,80.2477264404,42362,42372,10
13.0032596588,80.2475662231,42372,42383,11
13.0045604706,80.2473831177,42383,42393,10
13.0056400299,80.247177124,42393,42403,10
13.0063400269,80.2468490601,42403,42413,10
13.0065202713,80.2464981079,42413,42423,10
13.0065898895,80.246307373,42423,42433,10
13.0066204071,80.2459182739,42433,42443,10
13.0066204071,80.2455215454,42443,42453,10
13.0066003799,80.2452163696,42453,42464,11
13.0066003799,80.2447967529,42464,42484,20
13.0066003799,80.2447967529,42484,42494,10
13.0066204071,80.2444992065,42494,42504,10
13.0065898895,80.2442016602,42504,42514,10
13.0065898895,80.2440032959,42514,42524,10
13.0065898895,80.2436065674,42524,42534,10
13.0066099167,80.2430725098,42534,42544,10
13.0066204071,80.2424926758,42544,42555,11
13.0066099167,80.241569519,42555,42565,10
13.006649971,80.2409973145,42565,42575,10
13.006649971,80.2408218384,42575,42585,10
13.0066995621,80.2405014038,42585,42595,10
13.0068597794,80.2398376465,42595,42605,10
13.0069904327,80.2390365601,42605,42615,10
13.0071697235,80.2381896973,42615,42625,10
13.0073299408,80.2374801636,42625,42636,11
13.0074100494,80.2369003296,42636,42646,10
13.0074195862,80.2369003296,42646,42656,10
13.0074396133,80.2368011475,42656,42666,10
13.0075998306,80.236328125,42666,42676,10
13.0077600479,80.2355804443,42676,42686,10
13.007900238,80.2349014282,42686,42696,10
13.0080900192,80.2338790894,42696,42706,10
13.0082998276,80.2327804565,42706,42716,10
13.0085401535,80.2314910889,42716,42727,11
13.0087995529,80.2301635742,42727,42737,10
13.0090303421,80.2291030884,42737,42747,10
13.0092802048,80.2280197144,42747,42757,10
13.009759903,80.2269821167,42757,42767,10
13.010219574,80.2259979248,42767,42777,10
13.0104799271,80.2254486084,42777,42787,10
13.0106201172,80.2250900269,42787,42797,10
13.0109195709,80.2244873047,42797,42808,11
13.0111103058,80.223991394,42808,42818,10
13.0112400055,80.2235794067,42818,42828,10
13.0114603043,80.2234191895,42828,42838,10
13.0120000839,80.2236022949,42838,42848,10
13.0126399994,80.2238998413,42848,42858,10
13.0133399963,80.2242584229,42858,42868,10
13.0139303207,80.2245788574,42868,42878,10
13.014840126,80.2249984741,42878,42949,71
13.014840126,80.2249984741,42949,42959,10
13.0151596069,80.2252426147,42959,43040,81
13.0151596069,80.2252426147,43040,43050,10
13.0154895782,80.2253570557,43050,43061,11
13.0159797668,80.2253417969,43061,43071,10
13.0166797638,80.2253036499,43071,43081,10
13.0174503326,80.2249832153,43081,43091,10
13.0182695389,80.2246627808,43091,43101,10
13.0190896988,80.2243804932,43101,43111,10
13.0195903778,80.2244491577,43111,43142,31
13.0195903778,80.2244491577,43142,43152,10
13.0197000504,80.2245635986,43152,43162,10
13.0200996399,80.224861145,43162,43172,10
13.0206899643,80.2252807617,43172,43182,10
13.0209598541,80.2254867554,43182,43192,10
13.0213003159,80.2258071899,43192,43202,10
13.0218696594,80.2262268066,43202,43212,10
13.0226097107,80.2268295288,43212,43222,10
13.0232400894,80.2274017334,43222,43233,11
13.0238399506,80.2279205322,43233,43243,10
13.0242795944,80.2284011841,43243,43263,20
13.0242795944,80.2284011841,43263,43273,10
13.0243997574,80.2285690308,43273,43405,132
13.0243997574,80.2285690308,43405,43415,10
13.0242204666,80.2286529541,43415,43425,10
13.024020195,80.2284088135,43425,43435,10
13.0237903595,80.2280807495,43435,43445,10
13.0235500336,80.2278213501,43445,43789,344
13.0234298706,80.2274703979,43789,43921,132
13.0234298706,80.2274703979,43921,43931,10
13.0232400894,80.2274398804,43931,43941,10
13.0229997635,80.2271728516,43941,43951,10
13.0224704742,80.2266998291,43951,43961,10
13.0218400955,80.2261734009,43961,43971,10
13.0213899612,80.2258377075,43971,43981,10
13.0209197998,80.2254486084,43981,43992,11
13.0202503204,80.2249832153,43992,44002,10
13.0195398331,80.2245330811,44002,44012,10
13.0186195374,80.2245407104,44012,44022,10
13.0176496506,80.224937439,44022,44032,10
13.0167798996,80.2253036499,44032,44042,10
13.0162200928,80.2255096436,44042,44052,10
13.0156698227,80.225692749,44052,44062,10
13.0151500702,80.2258987427,44062,44072,10
13.0147304535,80.22605896,44072,44083,11
13.0142803192,80.2262420654,44083,44093,10
13.0142698288,80.2262420654,44093,44103,10
13.0141801834,80.2262573242,44103,44113,10
13.0137500763,80.2264175415,44113,44123,10
13.0130901337,80.2266998291,44123,44133,10
13.0123195648,80.2269668579,44133,44143,10
13.0115804672,80.2272872925,44143,44153,10
13.0108003616,80.2276229858,44153,44164,11
13.0098495483,80.2279968262,44164,44174,10
13.0091400146,80.228477478,44174,44184,10
13.0089597702,80.2293624878,44184,44194,10
13.0087604523,80.2303924561,44194,44204,10
13.0085697174,80.2313766479,44204,44214,10
13.0084600449,80.2321014404,44214,44244,30
13.0084600449,80.2321014404,44244,44255,11
13.0083799362,80.2322387695,44255,44265,10
13.0082998276,80.2326812744,44265,44275,10
13.0082197189,80.2334213257,44275,44305,30
13.0082197189,80.2334213257,44305,44315,10
13.0081596375,80.233581543,44315,44325,10
13.0080604553,80.2339172363,44325,44336,11
13.0079498291,80.2345962524,44336,44346,10
13.0077896118,80.2353897095,44346,44356,10
13.007610321,80.2362213135,44356,44366,10
13.0074596405,80.2370986938,44366,44376,10
13.0073404312,80.2377090454,44376,44386,10
13.0072498322,80.2381286621,44386,44396,10
13.0071697235,80.2385025024,44396,44437,41
13.0071697235,80.2385025024,44437,44447,10
13.0071296692,80.2387924194,44447,44457,10
13.0070495605,80.2391815186,44457,44467,10
13.0069103241,80.2399902344,44467,44548,81
13.0069103241,80.2399902344,44548,44558,10
13.0068302155,80.2402267456,44558,44568,10
13.006819725,80.2405166626,44568,44578,10
13.0067596436,80.2408599854,44578,44589,11
13.006770134,80.2408828735,44589,44599,10
13.0067501068,80.241027832,44599,44609,10
13.0066995621,80.2413406372,44609,44619,10
13.0067195892,80.242149353,44619,44629,10
13.0067100525,80.2424163818,44629,44639,10
13.0066900253,80.2426986694,44639,44649,10
13.0066699982,80.2430725098,44649,44680,31
13.0066699982,80.2430725098,44680,44690,10
13.0066003799,80.243812561,44690,44700,10
13.0065803528,80.2442321777,44700,44710,10
13.0065698624,80.2448120117,44710,44720,10
13.0066003799,80.2450866699,44720,44730,10
13.0066299438,80.2453536987,44730,44740,10
13.0066604614,80.2457199097,44740,44750,10
13.0066604614,80.2461776733,44750,44761,11
13.0066900253,80.2468185425,44761,44771,10
13.0064096451,80.2472381592,44771,44781,10
13.0055999756,80.2473068237,44781,44801,20
13.0055999756,80.2473068237,44801,44811,10
13.005399704,80.2472763062,44811,44821,10
13.0049800873,80.2472763062,44821,44831,10
13.0043897629,80.2473297119,44831,44842,11
13.0035400391,80.247467041,44842,44852,10
13.0027999878,80.2476119995,44852,44862,10
13.0023298264,80.2477416992,44862,44872,10
13.0017004013,80.2479171753,44872,44882,10
13.0009403229,80.2481307983,44882,44892,10
13.0001001358,80.248336792,44892,44902,10
12.9992399216,80.248550415,44902,44912,10
12.998290062,80.2488098145,44912,44933,21
12.998290062,80.2488098145,44933,44943,10
12.9982004166,80.2488327026,44943,44953,10
12.9977302551,80.2489318848,44953,44963,10
12.9969396591,80.2490997314,44963,44973,10
12.9959096909,80.2493515015,44973,44983,10
12.99477005,80.2496490479,44983,44993,10
12.9937400818,80.2499389648,44993,45003,10
12.9927196503,80.2501831055,45003,45014,11
12.9917898178,80.2504425049,45014,45023,9
12.9911603928,80.2506027222,45023,45044,21
12.9911603928,80.2506027222,45044,45054,10
12.9905996323,80.2507171631,45054,45095,41
12.9905996323,80.2507171631,45095,45105,10
12.9905195236,80.2507629395,45105,45115,10
12.9899396896,80.2508392334,45115,45125,10
12.9891700745,80.2510528564,45125,45135,10
12.9882802963,80.2512817383,45135,45317,182
12.9882802963,80.2512817383,45317,45327,10
12.9880800247,80.251373291,45327,45337,10
12.9877004623,80.2514724731,45337,45347,10
12.9870996475,80.2516403198,45347,45358,11
12.9863595963,80.2518310547,45358,45368,10
12.9855699539,80.2520217896,45368,45378,10
12.984629631,80.2522735596,45378,45388,10
12.9837303162,80.2525024414,45388,45398,10
12.9828596115,80.2526473999,45398,45408,10
12.9819602966,80.2526702881,45408,45418,10
12.9810600281,80.2526931763,45418,45428,10
12.980389595,80.2527389526,45428,45439,11
12.9798402786,80.2527084351,45439,45449,10
12.9793100357,80.2526397705,45449,45459,10
12.9785995483,80.2525482178,45459,45479,20
12.9785995483,80.2525482178,45479,45489,10
12.9783096313,80.2523803711,45489,45499,10
12.9777097702,80.2518386841,45499,45509,10
12.9767198563,80.2512664795,45509,45519,10
12.9754199982,80.2508773804,45519,45530,11
12.9740104675,80.2504882813,45530,45540,10
12.9727096558,80.2501373291,45540,45550,10
12.9715003967,80.2498168945,45550,45560,10
12.9703197479,80.2494735718,45560,45570,10
12.9691400528,80.2490005493,45570,45580,10
12.9680595398,80.2485580444,45580,45590,10
12.9671897888,80.2481918335,45590,45600,10
12.9666595459,80.2479171753,45600,45611,11
12.9659996033,80.2476501465,45611,45621,10
12.9652500153,80.2473983765,45621,45631,10
12.9650096893,80.2473220825,45631,45641,10
12.9649295807,80.2472686768,45641,45651,10
12.9644002914,80.2470779419,45651,45661,10
12.9639797211,80.2469329834,45661,45671,10
12.9638204575,80.2468566895,45671,45681,10
12.9633998871,80.2466506958,45681,45692,11
12.9625797272,80.2462310791,45692,45702,10
12.9616699219,80.2457809448,45702,45712,10
12.9607696533,80.2453384399,45712,45722,10
12.960100174,80.2450408936,45722,45732,10
12.9596099854,80.2448730469,45732,45742,10
12.9596004486,80.2448730469,45742,45752,10
12.9594602585,80.2447662354,45752,45762,10
12.9591503143,80.2446136475,45762,45772,10
12.9586400986,80.244392395,45772,45783,11
12.9580001831,80.244140625,45783,45793,10
12.9574604034,80.2439575195,45793,45803,10
12.9568395615,80.2437820435,45803,45934,131
12.9564800262,80.2436523438,45934,45965,31
12.9564800262,80.2436523438,45965,45975,10
12.9562397003,80.243598938,45975,45985,10
12.9556703568,80.2433013916,45985,45995,10
12.9551401138,80.243019104,45995,46005,10
12.9545202255,80.2427368164,46005,46015,10
12.953789711,80.2424316406,46015,46025,10
12.9529399872,80.2420730591,46025,46036,11
12.9516296387,80.241607666,46036,46056,20
12.9516296387,80.241607666,46056,46066,10
12.9512395859,80.2414398193,46066,46076,10
12.9505500793,80.2412185669,46076,46086,10
12.9496002197,80.2409515381,46086,46096,10
12.9487400055,80.2406616211,46096,46106,10
12.9478397369,80.2402801514,46106,46117,11
12.9470396042,80.239982605,46117,46137,20
12.9470396042,80.239982605,46137,46147,10
12.9469003677,80.2399215698,46147,46157,10
12.9464101791,80.2397003174,46157,46167,10
12.9456396103,80.2393417358,46167,46177,10
12.944729805,80.238571167,46177,46187,10
12.9438199997,80.2375793457,46187,46197,10
12.9428396225,80.2366790771,46197,46208,11
12.941280365,80.2361602783,46208,46218,10
12.940079689,80.2358627319,46218,46228,10
12.9396295547,80.2357025146,46228,46238,10
12.9395999908,80.2356491089,46238,46248,10
12.9392204285,80.2354507446,46248,46258,10
12.9384298325,80.2350387573,46258,46268,10
12.9373998642,80.2345428467,46268,46278,10
12.9363899231,80.2341003418,46278,46289,11
12.9354801178,80.2336578369,46289,46299,10
12.9345798492,80.2332611084,46299,46309,10
12.9339199066,80.2329864502,46309,46319,10
12.9339103699,80.2329788208,46319,46329,10
12.9337902069,80.2329177856,46329,46339,10
12.9333000183,80.2326889038,46339,46349,10
12.9324998856,80.2323608398,46349,46359,10
12.9314804077,80.2320022583,46359,46369,10
12.9302196503,80.2316131592,46369,46380,11
12.9291200638,80.2313766479,46380,46390,10
12.9288797379,80.2313537598,46390,46400,10
12.9286603928,80.2313079834,46400,46410,10
12.9279899597,80.2312011719,46410,46420,10
12.9270000458,80.2310714722,46420,46430,10
12.926150322,80.2309875488,46430,46440,10
12.9260196686,80.2309799194,46440,46450,10
12.925740242,80.2309494019,46450,46461,11
12.9249200821,80.2308425903,46461,46471,10
12.9238195419,80.2307128906,46471,46481,10
12.9224700928,80.2304916382,46481,46491,10
12.9208698273,80.2302627563,46491,46501,10
12.9192304611,80.2300567627,46501,46511,10
12.9178600311,80.2298812866,46511,46521,10
12.9169301987,80.2297592163,46521,46531,10
12.9158401489,80.2296066284,46531,46541,10
12.9145498276,80.2294235229,46541,46552,11
12.913599968,80.2293014526,46552,46562,10
12.9132699966,80.2292709351,46562,46572,10
12.9132404327,80.2292709351,46572,46582,10
12.9128303528,80.2291717529,46582,46592,10
12.9122200012,80.2290725708,46592,46602,10
12.911239624,80.2289505005,46602,46612,10
12.9099903107,80.228767395,46612,46622,10
12.9086904526,80.2285614014,46622,46633,11
12.9076404572,80.2284011841,46633,46643,10
12.9070596695,80.2283325195,46643,46653,10
12.9066295624,80.2282791138,46653,46663,10
12.9060201645,80.2282333374,46663,46683,20
12.9060201645,80.2282333374,46683,46693,10
12.905579567,80.2281494141,46693,46703,10
12.9047403336,80.2280807495,46703,46713,10
12.9037704468,80.2280426025,46713,46724,11
12.902759552,80.2280197144,46724,46734,10
12.9021997452,80.2279815674,46734,46744,10
12.9017801285,80.2279281616,46744,46754,10
12.9012899399,80.2279205322,46754,46764,10
12.9007997513,80.2278900146,46764,46774,10
12.9003200531,80.2278366089,46774,46784,10
12.8996696472,80.2278594971,46784,46825,41
12.8996696472,80.2278594971,46825,46835,10
12.8993997574,80.2278518677,46835,46845,10
12.8987197876,80.2277984619,46845,46855,10
12.8976898193,80.2277526855,46855,46865,10
12.8964700699,80.227722168,46865,46875,10
12.8950996399,80.2276535034,46875,46885,10
12.8937902451,80.2275466919,46885,46896,11
12.8927001953,80.2274398804,46896,46906,10
12.8923902512,80.2274169922,46906,46916,10
12.8919801712,80.2273864746,46916,46926,10
12.8911800385,80.2273483276,46926,46936,10
12.8900403976,80.2273635864,46936,46946,10
12.8886995316,80.2273788452,46946,46956,10
12.8874397278,80.2272796631,46956,46966,10
12.8862800598,80.2270202637,46966,46977,11
12.8850698471,80.2267608643,46977,46987,10
12.8845996857,80.2267379761,46987,46997,10
12.8839197159,80.2267227173,46997,47007,10
12.8828802109,80.2267074585,47007,47017,10
12.8815698624,80.2267303467,47017,47027,10
12.8801002502,80.2267379761,47027,47037,10
12.8786096573,80.2267990112,47037,47047,10
12.8772802353,80.2269210815,47047,47057,10
12.8766298294,80.2269821167,47057,47068,11
12.8765897751,80.2269821167,47068,47078,10
12.876159668,80.2269973755,47078,47088,10
12.8753499985,80.2269515991,47088,47098,10
12.8742704391,80.2268218994,47098,47108,10
12.8732299805,80.2267303467,47108,47118,10
12.8726100922,80.2267303467,47118,47128,10
12.8725404739,80.2267303467,47128,47138,10
12.8720197678,80.2267227173,47138,47149,11
12.8709802628,80.2266616821,47149,47159,10
12.8698101044,80.2265625,47159,47169,10
12.8684501648,80.2264099121,47169,47179,10
12.8671998978,80.2264785767,47179,47189,10
12.8662900925,80.2265701294,47189,47199,10
12.8652000427,80.2266235352,47199,47209,10
12.8639297485,80.2265625,47209,47219,10
12.8626203537,80.2265625,47219,47229,10
12.8614301682,80.2266311646,47229,47240,11
12.8610601425,80.2266235352,47240,47250,10
12.8606996536,80.2265777588,47250,47260,10
12.8599395752,80.2264709473,47260,47270,10
12.8590297699,80.2263412476,47270,47280,10
12.8580904007,80.2262573242,47280,47290,10
12.8568696976,80.2263336182,47290,47300,10
12.8554296494,80.2264785767,47300,47310,10
12.8537797928,80.2266464233,47310,47321,11
12.8521003723,80.2266921997,47321,47331,10
12.8507995605,80.2266387939,47331,47341,10
12.8500995636,80.2266235352,47341,47351,10
12.8500900269,80.2266082764,47351,47361,10
12.8496704102,80.2265777588,47361,47371,10
12.848859787,80.2265930176,47371,47381,10
12.8477096558,80.2265930176,47381,47391,10
12.8465299606,80.2266082764,47391,47401,10
12.8457603455,80.2266235352,47401,47412,11
12.8456497192,80.226600647,47412,47422,10
12.8452997208,80.2265701294,47422,47432,10
12.8446302414,80.2266082764,47432,47442,10
12.8436498642,80.2266921997,47442,47452,10
12.8423995972,80.2269287109,47452,47462,10
12.8409996033,80.2272720337,47462,47472,10
12.8397598267,80.2276229858,47472,47523,51
12.8397598267,80.2276229858,47523,47533,10
12.8390903473,80.2278289795,47533,47543,10
12.8381595612,80.2280578613,47543,47553,10
12.8369102478,80.2282867432,47553,47563,10
12.8353900909,80.2285385132,47563,47573,10
12.8338003159,80.2288131714,47573,47584,11
12.8323802948,80.2290878296,47584,47604,20
12.8323802948,80.2290878296,47604,47614,10
12.8322000504,80.2290878296,47614,47624,10
12.8317499161,80.2291870117,47624,47634,10
12.8315896988,80.2292327881,47634,47644,10
12.8309497833,80.2294235229,47644,47654,10
12.8299198151,80.2297973633,47654,47665,11
12.8286104202,80.2303695679,47665,47675,10
12.8273200989,80.2311096191,47675,47685,10
12.8261098862,80.2313995361,47685,47695,10
12.8258199692,80.2314071655,47695,47705,10
12.8253602982,80.2314224243,47705,47715,10
12.8244600296,80.231338501,47715,47725,10
12.8231897354,80.23097229,47725,47735,10
12.821680069,80.2305526733,47735,47745,10
12.8204202652,80.23046875,47745,47756,11
12.8196802139,80.2304992676,47756,47766,10
12.8188896179,80.2304916382,47766,47776,10
12.8188400269,80.23046875,47776,47786,10
12.8183803558,80.2302398682,47786,47796,10
12.8174600601,80.2297973633,47796,47806,10
12.8162002563,80.2294387817,47806,47816,10
12.814740181,80.2292327881,47816,47826,10
12.8132801056,80.2288665771,47826,47837,11
12.8115997314,80.2282791138,47837,47847,10
12.8101596832,80.2276992798,47847,47857,10
12.8087997437,80.2269287109,47857,47867,10
12.8076200485,80.2259368896,47867,47877,10
12.8067998886,80.2252197266,47877,47887,10
12.8060903549,80.2245788574,47887,47897,10
12.8053598404,80.2240829468,47897,47907,10
12.8048601151,80.2239532471,47907,47917,10
12.8048601151,80.2239379883,47917,47928,11
12.8045597076,80.2238922119,47928,47938,10
12.8039398193,80.2238464355,47938,47948,10
12.8030996323,80.223777771,47948,47958,10
12.8020896912,80.2236480713,47958,47967,9
12.800860405,80.2235717773,47967,48009,42
12.800860405,80.2235717773,48009,48019,10
12.8005800247,80.2235031128,48019,48029,10
12.7999897003,80.223449707,48029,48039,10
12.7992696762,80.2233963013,48039,48049,10
12.7986001968,80.2232818604,48049,48059,10
12.79804039,80.2232513428,48059,48079,20
12.79804039,80.2232513428,48079,48089,10
12.7979402542,80.2231826782,48089,48100,11
12.7974596024,80.2231216431,48100,48110,10
12.7967100143,80.2229766846,48110,48120,10
12.7959003448,80.222869873,48120,48140,20
12.7959003448,80.222869873,48140,48150,10
12.7956800461,80.2228012085,48150,48160,10
12.7950201035,80.2227020264,48160,48170,10
12.7939901352,80.2225494385,48170,48181,11
12.7925901413,80.2223434448,48181,48191,10
12.7913599014,80.2220611572,48191,48201,10
12.7902803421,80.2217788696,48201,48211,10
12.7896795273,80.2216186523,48211,48221,10
12.7891597748,80.2214431763,48221,48231,10
12.7885398865,80.221206665,48231,48241,10
12.7881603241,80.2210693359,48241,48251,10
12.7877998352,80.220916748,48251,48261,10
12.7870502472,80.2206573486,48261,48322,61
12.7870502472,80.2206573486,48322,48332,10
12.7868204117,80.2205429077,48332,48342,10
12.7865400314,80.2204284668,48342,48353,11
12.7862501144,80.2203369141,48353,48363,10
12.7861700058,80.2204971313,48363,48383,20
12.7861700058,80.2204971313,48383,48393,10
12.7861604691,80.2207336426,48393,48403,10
12.7861700058,80.2210006714,48403,48413,10
12.7861795425,80.2213973999,48413,48423,10
12.786239624,80.2218933105,48423,49112,689
12.786239624,80.2218933105,49112,49122,10
12.7862195969,80.2214584351,49122,49142,20
12.7862195969,80.2214584351,49142,49152,10
12.7861995697,80.2210464478,49152,49203,51
12.7861404419,80.2207183838,49203,49243,40
12.7861404419,80.2207183838,49243,49253,10
12.7861404419,80.2204437256,49253,49263,10
12.786239624,80.2202911377,49263,49273,10
12.7865495682,80.2204208374,49273,49294,21
12.7865495682,80.2204208374,49294,49304,10
12.7867803574,80.2205734253,49304,49314,10
12.7873096466,80.2207565308,49314,49324,10
12.7878904343,80.2209625244,49324,49334,10
12.7885398865,80.2212219238,49334,49344,10
12.7892799377,80.221496582,49344,49354,10
12.7897195816,80.2216567993,49354,49364,10
12.7904701233,80.2218475342,49364,49375,11
12.7917203903,80.2221603394,49375,49385,10
12.7930698395,80.222442627,49385,49395,10
12.7943601608,80.2226333618,49395,49405,10
12.7954397202,80.2228088379,49405,49415,10
12.7964801788,80.2229919434,49415,49435,20
12.7964801788,80.2229919434,49435,49445,10
12.7966299057,80.2230224609,49445,49456,11
12.7973403931,80.2231521606,49456,49466,10
12.7982902527,80.2232971191,49466,49476,10
12.7994403839,80.2234191895,49476,49486,10
12.8006601334,80.2235336304,49486,49496,10
12.80148983,80.2236022949,49496,49506,10
12.8015003204,80.2236022949,49506,49516,10
12.8018398285,80.2236633301,49516,49526,10
12.8025503159,80.2237472534,49526,49536,10
12.803440094,80.2238616943,49536,49547,11
12.8043899536,80.2239227295,49547,49557,10
12.8052597046,80.224067688,49557,49567,10
12.805560112,80.2241592407,49567,49577,10
12.8055801392,80.2241821289,49577,49587,10
12.8059501648,80.2244491577,49587,49597,10
12.806599617,80.2250213623,49597,49607,10
12.8074302673,80.2257537842,49607,49617,10
12.8083896637,80.2265625,49617,49628,11
12.8096599579,80.2274780273,49628,49638,10
12.8110904694,80.2280807495,49638,49648,10
12.8125696182,80.2286224365,49648,49658,10
12.8140201569,80.2290802002,49658,49668,10
12.815489769,80.2293395996,49668,49678,10
12.8170604706,80.2296218872,49678,49688,10
12.8184404373,80.2302322388,49688,49698,10
12.8196001053,80.2304534912,49698,49708,10
12.8198099136,80.2304382324,49708,49719,11
12.8201503754,80.2304382324,49719,49729,10
12.8210000992,80.230430603,49729,49739,10
12.8221702576,80.2306137085,49739,49749,10
12.8234901428,80.231010437,49749,49759,10
12.8248500824,80.2313232422,49759,49769,10
12.8260803223,80.2313232422,49769,49789,20
12.8260803223,80.2313232422,49789,49800,11
12.8261499405,80.2313232422,49800,49810,10
12.8263902664,80.231300354,49810,49820,10
12.8268299103,80.2312393188,49820,49830,10
12.8275995255,80.2309494019,49830,49840,10
12.8285303116,80.2304077148,49840,49850,10
12.8295402527,80.2299575806,49850,49860,10
12.8310699463,80.2293395996,49860,49880,20
12.8310699463,80.2293395996,49880,49891,11
12.831199646,80.2293167114,49891,49901,10
12.8314504623,80.2292404175,49901,49911,10
12.831700325,80.2291564941,49911,49921,10
12.8322496414,80.2290420532,49921,49931,10
12.8332195282,80.2288818359,49931,49941,10
12.8344602585,80.2286682129,49941,49951,10
12.835729599,80.2284698486,49951,49961,10
12.8370399475,80.2282791138,49961,49972,11
12.8383102417,80.2280197144,49972,49982,10
12.839050293,80.2278137207,49982,49992,10
12.8395004272,80.2276229858,49992,50002,10
12.8396196365,80.2275924683,50002,50012,10
12.8400297165,80.2275085449,50012,50022,10
12.8407897949,80.2273330688,50022,50032,10
12.8418302536,80.2270584106,50032,50042,10
12.8430299759,80.2268218994,50042,50052,10
12.8443803787,80.2266387939,50052,50063,11
12.845410347,80.2265625,50063,50083,20
12.845410347,80.2265625,50083,50093,10
12.8456001282,80.2265625,50093,50103,10
12.8462600708,80.2265625,50103,50113,10
12.8470401764,80.2265396118,50113,50123,10
12.8481798172,80.2265396118,50123,50133,10
12.8494501114,80.2265319824,50133,50144,11
12.8501300812,80.2265167236,50144,50154,10
12.8504104614,80.2265319824,50154,50164,10
12.8512096405,80.2265701294,50164,50174,10
12.8523197174,80.2266464233,50174,50184,10
12.8534402847,80.2266387939,50184,50194,10
12.8547000885,80.2265319824,50194,50204,10
12.8561000824,80.2263870239,50204,50214,10
12.8574895859,80.2262191772,50214,50224,10
12.8586902618,80.2262420654,50224,50235,11
12.8598604202,80.2263870239,50235,50245,10
12.860710144,80.2265014648,50245,50255,10
12.8607997894,80.2265090942,50255,50265,10
12.8610095978,80.2265167236,50265,50275,10
12.8615398407,80.2265396118,50275,50285,10
12.8621501923,80.2265014648,50285,50660,375
12.8621501923,80.2265014648,50660,50670,10
12.8621997833,80.2264633179,50670,50680,10
12.8625297546,80.2264404297,50680,50690,10
12.863120079,80.2264328003,50690,50700,10
12.8641395569,80.2264633179,50700,50710,10
12.8654003143,80.2265167236,50710,50720,10
12.8667201996,80.2264633179,50720,50730,10
12.8681001663,80.2263412476,50730,50741,11
12.8695402145,80.2264404297,50741,50751,10
12.870639801,80.2265625,50751,50761,10
12.8716497421,80.2266082764,50761,50771,10
12.8723402023,80.226600647,50771,50781,10
12.8726596832,80.2266082764,50781,50791,10
12.8728399277,80.2266235352,50791,50801,10
12.8735599518,80.2266616821,50801,50811,10
12.87458992,80.2267684937,50811,50822,11
12.8763999939,80.226890564,50822,50852,30
12.8763999939,80.226890564,50852,50862,10
12.876540184,80.226890564,50862,50872,10
12.8770904541,80.2268600464,50872,50882,10
12.8781099319,80.2267913818,50882,50892,10
12.8794603348,80.2267227173,50892,50902,10
12.8808898926,80.2267227173,50902,50913,11
12.8823099136,80.2266998291,50913,50923,10
12.8836202621,80.2266769409,50923,50933,10
12.8847999573,80.2266616821,50933,50943,10
12.8852996826,80.2266693115,50943,50953,10
12.8853998184,80.2266998291,50953,50963,10
12.8859596252,80.2268371582,50963,50973,10
12.8869400024,80.2270889282,50973,50983,10
12.8881397247,80.2272796631,50983,50994,11
12.8895301819,80.2273406982,50994,51004,10
12.8908996582,80.2273330688,51004,51014,10
12.8921699524,80.2273635864,51014,51024,10
12.8930997849,80.2274398804,51024,51034,10
12.8941402435,80.2275695801,51034,51044,10
12.8952999115,80.2276306152,51044,51054,10
12.8963298798,80.2276611328,51054,51064,10
12.8970403671,80.2276535034,51064,51074,10
12.8971395493,80.2276535034,51074,51085,11
12.8978204727,80.2277069092,51085,51095,10
12.8988399506,80.2277832031,51095,51105,10
12.8998203278,80.2278213501,51105,51115,10
12.9004802704,80.2278366089,51115,51125,10
12.9005002975,80.2278518677,51125,51135,10
12.900759697,80.2278823853,51135,51145,10
12.9012203217,80.227897644,51145,51155,10
12.9020204544,80.2279586792,51155,51166,11
12.9025297165,80.2279891968,51166,51176,10
12.9027500153,80.2279815674,51176,51186,10
12.902879715,80.2279891968,51186,51196,10
12.9034004211,80.2280273438,51196,51206,10
12.9041595459,80.2280807495,51206,51216,10
12.9050998688,80.2281265259,51216,51226,10
12.9059000015,80.2281570435,51226,51236,10
12.9064903259,80.228187561,51236,51246,10
12.9066095352,80.2282104492,51246,51257,11
12.9068803787,80.2282485962,51257,51267,10
12.9070396423,80.2282791138,51267,51277,10
12.9077396393,80.2284011841,51277,51287,10
12.9088001251,80.2285919189,51287,51297,10
12.9102201462,80.2288208008,51297,51307,10
12.9118204117,80.2290420532,51307,51317,10
12.9130401611,80.2291870117,51317,51327,10
12.9137296677,80.2292633057,51327,51338,11
12.9139499664,80.2293014526,51338,51348,10
12.9147195816,80.2294082642,51348,51358,10
12.9157600403,80.2295837402,51358,51368,10
12.9168300629,80.2297286987,51368,51378,10
12.9179096222,80.2298812866,51378,51388,10
12.9189300537,80.2300186157,51388,51398,10
12.9201002121,80.2301712036,51398,51408,10
12.921500206,80.2303390503,51408,51418,10
12.9228401184,80.2305526733,51418,51429,11
12.924369812,80.2307281494,51429,51439,10
12.9253396988,80.2309036255,51439,51449,10
12.9261598587,80.2309875488,51449,51459,10
12.9265003204,80.231048584,51459,51469,10
12.9272499084,80.2311401367,51469,51479,10
12.9282302856,80.2312469482,51479,51489,10
12.9292402267,80.2314300537,51489,51499,10
12.9304800034,80.2317276001,51499,51510,11
12.9316902161,80.232093811,51510,51520,10
12.9326400757,80.232383728,51520,51530,10
12.9333400726,80.2326507568,51530,51540,10
12.9337301254,80.2328186035,51540,51550,10
12.9341897964,80.2330322266,51550,51560,10
12.934800148,80.2333221436,51560,51570,10
12.9353704453,80.2335586548,51570,51580,10
12.9357099533,80.2337188721,51580,51591,11
12.9364404678,80.2340621948,51591,51601,10
12.9372196198,80.2344284058,51601,51611,10
12.9381799698,80.2349014282,51611,51621,10
12.9391002655,80.2353515625,51621,51631,10
12.9396095276,80.2355880737,51631,51641,10
12.9397697449,80.2356567383,51641,51651,10
12.9403295517,80.2358779907,51651,51661,10
12.9412002563,80.2361221313,51661,51671,10
12.9422502518,80.2363967896,51671,51682,11
12.9433097839,80.2369918823,51682,51692,10
12.9441003799,80.2378234863,51692,51702,10
12.9449300766,80.2387237549,51702,51712,10
12.9459600449,80.239440918,51712,51722,10
12.9468603134,80.2397766113,51722,51732,10
12.9472398758,80.2399368286,51732,51742,10
12.9474201202,80.240020752,51742,51752,10
12.94810009,80.2403106689,51752,51763,11
12.9491796494,80.240737915,51763,51773,10
12.9502296448,80.2410888672,51773,51783,10
12.9507598877,80.2412490845,51783,51793,10
12.9509601593,80.2413482666,51793,51803,10
12.9516401291,80.2416000366,51803,51813,10
12.952460289,80.241897583,51813,51823,10
12.9532899857,80.2421875,51823,51832,9
12.953619957,80.2423171997,51832,51864,32
12.953619957,80.2423171997,51864,51874,10
12.9538898468,80.2423629761,51874,51884,10
12.9545097351,80.2426223755,51884,51894,10
12.9550895691,80.2428436279,51894,51904,10
12.9557199478,80.2430725098,51904,51914,10
12.9563398361,80.2433166504,51914,51924,10
12.9563703537,80.2433319092,51924,51935,11
12.9566698074,80.2434463501,51935,51945,10
12.9573602676,80.2437667847,51945,51955,10
12.9580001831,80.2440719604,51955,51965,10
12.9586696625,80.2443389893,51965,51985,20
12.9586696625,80.2443389893,51985,51995,10
12.9590196609,80.2445297241,51995,52005,10
12.9596300125,80.2448272705,52005,52015,10
12.960650444,80.245300293,52015,52026,11
12.9619598389,80.2459106445,52026,52036,10
12.9628896713,80.2463607788,52036,52046,10
12.96352005,80.246673584,52046,52056,10
12.9642295837,80.246963501,52056,52066,10
12.9650802612,80.2472686768,52066,52076,10
12.9659004211,80.2475662231,52076,52086,10
12.9665803909,80.2478179932,52086,52096,10
12.9666595459,80.2478637695,52096,52107,11
12.9670000076,80.2481002808,52107,52117,10
12.9677801132,80.2483978271,52117,52127,10
12.9690198898,80.248840332,52127,52137,10
12.9704303741,80.2493972778,52137,52147,10
12.9718198776,80.2498321533,52147,52157,10
12.9730701447,80.2501831055,52157,52167,10
12.9741096497,80.2504730225,52167,52177,10
12.9753198624,80.2508087158,52177,52188,11
12.9766302109,80.2511825562,52188,52199,11
12.9775600433,80.2515869141,52199,52209,10
12.9783802032,80.2522277832,52209,52219,10
12.9785499573,80.2523422241,52219,52229,10
12.9786596298,80.2524032593,52229,52239,10
12.9791402817,80.2525634766,52239,52248,9
12.9796199799,80.2526092529,52248,52290,42
12.9796199799,80.2526092529,52290,52300,10
12.9799003601,80.2526168823,52300,52310,10
12.9805698395,80.2526321411,52310,52320,10
12.9813699722,80.2526168823,52320,52330,10
12.9822301865,80.2525863647,52330,52340,10
12.9832201004,80.252532959,52340,52350,10
12.98416996,80.2523117065,52350,52361,11
12.985250473,80.2519989014,52361,52371,10
12.9861803055,80.2517700195,52371,52381,10
12.9871702194,80.2515106201,52381,52391,10
12.9877796173,80.2513809204,52391,52401,10
12.9879703522,80.2517623901,52401,52411,10
12.9879703522,80.2517929077,52411,52421,10
12.9879999161,80.252243042,52421,52431,10
12.9879102707,80.2531585693,52431,52441,10
12.9878196716,80.2542572021,52441,52452,11
12.9877700806,80.2548675537,52452,52462,10
12.987739563,80.2550811768,52462,52472,10
12.9877004623,80.2554473877,52472,52482,10
12.9876098633,80.2559814453,52482,52492,10
12.9875802994,80.2563781738,52492,52502,10
12.9875898361,80.2566070557,52502,52512,10
12.9875001907,80.2572479248,52512,52522,10
12.9874401093,80.2580718994,52522,52533,11
12.9871997833,80.2584915161,52533,52563,30
12.9871997833,80.2584915161,52563,52573,10
12.9868497849,80.2585220337,52573,53200,627
12.9865198135,80.2583770752,53200,54971,1771
12.9867200851,80.2587280273,54971,56064,1093
12.9867200851,80.2587280273,56064,56075,11
12.9866895676,80.258972168,56075,56085,10
12.9867801666,80.2591018677,56085,56095,10
12.9870195389,80.2591094971,56095,56105,10
12.987039566,80.2591094971,56105,56115,10
12.9872398376,80.2591094971,56115,56125,10
12.9873104095,80.2589416504,56125,56135,10
12.9873695374,80.258682251,56135,56145,10
12.9874200821,80.2583236694,56145,56156,11
12.9874601364,80.2578582764,56156,56166,10
12.9875097275,80.2573394775,56166,56196,30
12.9875097275,80.2573394775,56196,56206,10
12.987569809,80.2570037842,56206,56216,10
12.9876003265,80.2567520142,56216,56226,10
12.9876298904,80.2562866211,56226,56236,10
12.9876499176,80.2557983398,56236,56247,11
12.9877595901,80.2551116943,56247,56257,10
12.987830162,80.2543029785,56257,56267,10
12.9878797531,80.2535629272,56267,56277,10
12.9879398346,80.252822876,56277,56287,10
12.9879703522,80.2523117065,56287,56297,10
12.9877996445,80.2515869141,56297,56469,172
12.9877996445,80.2515869141,56469,56479,10
12.9877700806,80.2515106201,56479,56489,10
12.9878902435,80.2512588501,56489,56500,11
12.9885101318,80.251083374,56500,56510,10
12.9892301559,80.2509231567,56510,56520,10
12.9900398254,80.2507781982,56520,56530,10
12.9907999039,80.250617981,56530,56540,10
12.9920396805,80.250328064,56540,56550,10
12.9931898117,80.2500610352,56550,56560,10
12.9943799973,80.2497406006,56560,56570,10
12.9955101013,80.2494430542,56570,56581,11
12.9965801239,80.2491836548,56581,56591,10
12.9967899323,80.249168396,56591,56601,10
12.997300148,80.2490310669,56601,56611,10
12.9981803894,80.2488174438,56611,56621,10
12.9993200302,80.2485198975,56621,56631,10
13.000670433,80.2481765747,56631,56641,10
13.0019798279,80.247833252,56641,56651,10
13.0030097961,80.2476119995,56651,56661,10
13.0039596558,80.2474594116,56661,56672,11
13.0050697327,80.2473526001,56672,56682,10
13.0058698654,80.2471389771,56682,56692,10
13.0064096451,80.2467575073,56692,56702,10
13.0066003799,80.2462005615,56702,56712,10
13.0066404343,80.2455062866,56712,56722,10
13.0066404343,80.2448806763,56722,56732,10
13.0066795349,80.2444000244,56732,56742,10
13.0066795349,80.2440338135,56742,56753,11
13.0066404343,80.2434997559,56753,56763,10
13.0066299438,80.2429199219,56763,56773,10
13.0066003799,80.2421188354,56773,56783,10
13.0066099167,80.2414093018,56783,56793,10
13.0066404343,80.241027832,56793,56803,10
13.0066604614,80.2407608032,56803,56813,10
13.0066995621,80.2405395508,56813,56823,10
13.0067501068,80.2401809692,56823,56834,11
13.0068998337,80.2395401001,56834,56844,10
13.0070495605,80.2387771606,56844,56854,10
13.007229805,80.2379379272,56854,56864,10
13.007349968,80.2373428345,56864,56874,10
13.0073795319,80.237159729,56874,56884,10
13.0073900223,80.2370529175,56884,56894,10
13.0074100494,80.2367630005,56894,56904,10
13.007519722,80.236366272,56904,56914,10
13.0076198578,80.2358398438,56914,56925,11
13.0077295303,80.2353591919,56925,56935,10
13.0078401566,80.2347412109,56935,56945,10
13.0080099106,80.2339401245,56945,56955,10
13.0081796646,80.2330932617,56955,56965,10
13.0083503723,80.2321929932,56965,56975,10
13.0085201263,80.2313079834,56975,56985,10
13.0087099075,80.2303237915,56985,56995,10
13.008890152,80.2294387817,56995,57006,11
13.0091104507,80.2283477783,57006,57016,10
13.0093803406,80.2276382446,57016,57026,10
13.0097799301,80.2267837524,57026,57036,10
13.0102396011,80.2258377075,57036,57046,10
13.0106697083,80.2249832153,57046,57056,10
13.0110301971,80.2241516113,57056,57066,10
13.011349678,80.2234268188,57066,57076,10
13.011590004,80.2233505249,57076,57086,10
13.0120697021,80.2235336304,57086,57097,11
13.0126304626,80.2238693237,57097,57107,10
13.0134601593,80.2243270874,57107,57117,10
13.0141401291,80.2247314453,57117,57127,10
13.0146398544,80.2249679565,57127,57137,10
13.0149803162,80.2251205444,57137,57167,30
13.0149803162,80.2251205444,57167,57178,11
13.0152997971,80.2253723145,57178,57188,10
13.0156402588,80.2253799438,57188,57198,10
13.016119957,80.2254562378,57198,57208,10
13.0167198181,80.2253265381,57208,57218,10
13.017370224,80.2250595093,57218,57228,10
13.0181303024,80.2247619629,57228,57238,10
13.0188798904,80.2244873047,57238,57248,10
13.0196304321,80.2245635986,57248,57259,11
13.0201597214,80.2249069214,57259,57269,10
13.0204601288,80.225151062,57269,57279,10
13.0208501816,80.2254333496,57279,57289,10
13.0211896896,80.225730896,57289,57299,10
13.0215597153,80.2259979248,57299,57309,10
13.0220804214,80.2263793945,57309,57319,10
13.0225801468,80.2267990112,57319,57329,10
13.023059845,80.2272262573,57329,57339,10
13.0235004425,80.2276229858,57339,57350,11
13.0239200592,80.2279891968,57350,57360,10
13.0242996216,80.2283782959,57360,57380,20
13.0242996216,80.2283782959,57380,57390,10
13.024430275,80.2285919189,57390,57461,71
13.024430275,80.2285919189,57461,57471,10
13.0243701935,80.2286529541,57471,57491,20
13.0243701935,80.2286529541,57491,57501,10
13.024020195,80.2283935547,57501,57512,11
13.0237798691,80.2280578613,57512,57522,10
13.0235500336,80.2278213501,57522,57562,40
13.0233402252,80.2276687622,57562,57967,405
13.0233402252,80.2276687622,57967,57977,10
13.0232400894,80.2274627686,57977,57987,10
13.023059845,80.2272567749,57987,57997,10
13.0225801468,80.2268371582,57997,58007,10
13.0220003128,80.2263336182,58007,58018,11
13.0212802887,80.2257614136,58018,58028,10
13.0207300186,80.2253494263,58028,58038,10
13.0200004578,80.2249069214,58038,58058,20
13.0200004578,80.2249069214,58058,58068,10
13.0196504593,80.2246627808,58068,58078,10
13.0187997818,80.2245025635,58078,58088,10
13.0178499222,80.224861145,58088,58099,11
13.0168895721,80.2252578735,58099,58109,10
13.0162601471,80.2255172729,58109,58119,10
13.0156402588,80.2257385254,58119,58129,10
13.0150003433,80.2259979248,58129,58139,10
13.0144500732,80.2262115479,58139,58149,10
13.0143203735,80.2262573242,58149,58159,10
13.0142498016,80.22631073,58159,58169,10
13.0137395859,80.2264862061,58169,58179,10
13.0130500793,80.2267379761,58179,58190,11
13.012140274,80.2270889282,58190,58200,10
13.0114202499,80.2273864746,58200,58210,10
13.0106801987,80.2276687622,58210,58220,10
13.0099000931,80.2279968262,58220,58230,10
13.0092201233,80.2284317017,58230,58240,10
13.0090103149,80.229309082,58240,58250,10
13.0088100433,80.2302627563,58250,58260,10
13.0086297989,80.231262207,58260,58271,11
13.0083999634,80.2323608398,58271,58281,10
13.0082597733,80.2332305908,58281,58291,10
13.0081996918,80.2336196899,58291,58301,10
13.0081796646,80.2337188721,58301,58311,10
13.0080604553,80.2341308594,58311,58321,10
13.0079603195,80.2345962524,58321,58331,10
13.0078897476,80.2348937988,58331,58341,10
13.0078401566,80.2351913452,58341,58352,11
13.0077199936,80.2358627319,58352,58362,10
13.0075302124,80.2368087769,58362,58372,10
13.0073404312,80.2377929688,58372,58382,10
13.0071897507,80.2385482788,58382,58392,10
13.0071296692,80.239112854,58392,58402,10
13.0069599152,80.2400665283,58402,58443,41
13.0069599152,80.2400665283,58443,58453,10
13.0069303513,80.2403717041,58453,58463,10
13.0068502426,80.2407913208,58463,58473,10
13.0067796707,80.2409210205,58473,58483,10
13.0067501068,80.2415313721,58483,58493,10
13.0067300797,80.2424087524,58493,58503,10
13.0067396164,80.2431793213,58503,58513,10
13.006770134,80.243888855,58513,58524,11
13.0067501068,80.2448501587,58524,58534,10
13.0067596436,80.24559021,58534,58544,10
13.0067996979,80.2463302612,58544,58554,10
13.006770134,80.2468566895,58554,58615,61
13.006770134,80.2468566895,58615,58625,10
13.0066795349,80.2470397949,58625,58635,10
13.0066604614,80.2473068237,58635,58645,10
13.0063800812,80.2474365234,58645,58675,30
13.0063800812,80.2474365234,58675,58685,10
13.0058498383,80.2473602295,58685,58706,21
13.0058498383,80.2473602295,58706,58716,10
13.0054397583,80.2473526001,58716,58726,10
13.0047798157,80.2473678589,58726,58736,10
13.0038995743,80.247467041,58736,58746,10
13.0030603409,80.2475967407,58746,58756,10
13.002579689,80.2476806641,58756,58766,10
13.0021295547,80.2477874756,58766,58777,11
13.0013103485,80.2480010986,58777,58787,10
13.0003595352,80.2482528687,58787,58797,10
12.9993495941,80.2484970093,58797,58807,10
12.9985103607,80.2487411499,58807,58817,10
12.9982595444,80.2488098145,58817,58827,10
12.9980602264,80.2488479614,58827,58837,10
12.9973802567,80.2489929199,58837,58847,10
12.9964399338,80.2492218018,58847,58857,10
12.9952802658,80.2495269775,58857,58868,11
12.9938201904,80.2499237061,58868,58878,10
12.9924602509,80.2502365112,58878,58888,10
12.9914102554,80.250541687,58888,58898,10
12.9910497665,80.2506408691,58898,58908,10
12.9908399582,80.2506790161,58908,58918,10
12.9904298782,80.2507781982,58918,58959,41
12.9904298782,80.2507781982,58959,58969,10
12.9900999069,80.2508392334,58969,58979,10
12.989569664,80.2509765625,58979,58989,10
12.9888601303,80.251159668,58989,58999,10
12.9883403778,80.2512969971,58999,59242,243
12.9883403778,80.2512969971,59242,59252,10
12.9880599976,80.251373291,59252,59262,10
12.9877300262,80.2514419556,59262,59272,10
12.9871702194,80.2515869141,59272,59283,11
12.986410141,80.2518005371,59283,59293,10
12.9856004715,80.251991272,59293,59303,10
12.9846897125,80.2522277832,59303,59313,10
12.9837198257,80.2525024414,59313,59323,10
12.9827804565,80.2526473999,59323,59333,10
12.9818096161,80.2526779175,59333,59343,10
12.980919838,80.2527236938,59343,59353,10
12.9804000854,80.2527694702,59353,59363,10
12.9801502228,80.2528076172,59363,59384,21
12.9801502228,80.2528076172,59384,59394,10
12.9798898697,80.252746582,59394,59404,10
12.9794397354,80.2526931763,59404,59414,10
12.9789400101,80.2526321411,59414,59424,10
12.9785604477,80.2525405884,59424,59434,10
12.9784698486,80.2525024414,59434,59444,10
12.9780502319,80.252166748,59444,59455,11
12.9772500992,80.2515106201,59455,59465,10
12.976360321,80.251159668,59465,59475,10
12.975520134,80.2509002686,59475,59485,10
12.9746398926,80.2506637573,59485,59495,10
12.9738197327,80.2504425049,59495,59505,10
12.9729003906,80.2501831055,59505,59515,10
12.9719400406,80.2499389648,59515,59525,10
12.970990181,80.2496795654,59525,59536,11
12.9700603485,80.2493667603,59536,59546,10
12.969039917,80.2489471436,59546,59556,10
12.9679899216,80.2485275269,59556,59566,10
12.967089653,80.2481613159,59566,59576,10
12.9664001465,80.247833252,59576,59586,10
12.965669632,80.247543335,59586,59596,10
12.965180397,80.2473907471,59596,59606,10
12.9651603699,80.2473831177,59606,59616,10
12.9647397995,80.2472381592,59616,59627,11
12.9639797211,80.2469482422,59627,59637,10
12.963640213,80.2468185425,59637,59667,30
12.963640213,80.2468185425,59667,59677,10
12.9636201859,80.2468414307,59677,59687,10
12.9632701874,80.2466583252,59687,59697,10
12.9626197815,80.2463302612,59697,59708,11
12.9614095688,80.2457199097,59708,59718,10
12.960149765,80.2451324463,59718,59728,10
12.959400177,80.2448272705,59728,59738,10
12.9593095779,80.2447814941,59738,59748,10
12.9587802887,80.2445297241,59748,59758,10
12.9580698013,80.2442321777,59758,59768,10
12.9574804306,80.2440185547,59768,59778,10
12.9565095901,80.2437362671,59778,59859,81
12.9565095901,80.2437362671,59859,59869,10
12.9561395645,80.2436828613,59869,59880,11
12.9554395676,80.2432632446,59880,59890,10
12.954580307,80.2428283691,59890,59900,10
12.953619957,80.2424087524,59900,59910,10
12.9524402618,80.2419433594,59910,59920,10
12.9516601563,80.2416915894,59920,59930,10
12.9515600204,80.2416534424,59930,59940,10
12.9510803223,80.2414703369,59940,59950,10
12.9502696991,80.2412033081,59950,59961,11
12.9493999481,80.2409286499,59961,59971,10
12.9485502243,80.2405776978,59971,59981,10
12.9474802017,80.2401275635,59981,59991,10
12.9468002319,80.2398910522,59991,60001,10
12.9466695786,80.2398529053,60001,60011,10
12.9464998245,80.2397689819,60011,60021,10
12.9459104538,80.2394790649,60021,60031,10
12.945019722,80.238899231,60031,60042,11
12.9439601898,80.2377700806,60042,60052,10
12.9430103302,80.2368087769,60052,60062,10
12.9415998459,80.2362518311,60062,60072,10
12.9402303696,80.2359085083,60072,60082,10
12.9390096664,80.2353820801,60082,60092,10
12.937789917,80.2347793579,60092,60102,10
12.9365997314,80.2342224121,60102,60112,10
12.9358596802,80.2339096069,60112,60122,10
12.9357204437,80.2338409424,60122,60133,11
12.9350500107,80.2335128784,60133,60143,10
12.9341802597,80.2331390381,60143,60153,10
12.9338998795,80.233001709,60153,60163,10
12.9337902069,80.2329406738,60163,60173,10
12.9331598282,80.2326202393,60173,60183,10
12.9321298599,80.2322235107,60183,60193,10
12.9308004379,80.2317962646,60193,60203,10
12.9296503067,80.2315216064,60203,60214,11
12.928850174,80.2313690186,60214,60224,10
12.9288396835,80.2313690186,60224,60234,10
12.9287395477,80.231338501,60234,60244,10
12.9280996323,80.2312164307,60244,60254,10
12.9270095825,80.2311019897,60254,60264,10
12.9260396957,80.231010437,60264,60274,10
12.9259195328,80.2309875488,60274,60284,10
12.9254102707,80.2309188843,60284,60294,10
12.924489975,80.2307815552,60294,60305,11
12.9233198166,80.2306213379,60305,60315,10
12.9221897125,80.2304382324,60315,60325,10
12.9211397171,80.2303009033,60325,60335,10
12.9202098846,80.2301712036,60335,60345,10
12.9192199707,80.2300491333,60345,60355,10
12.9181804657,80.2299118042,60355,60365,10
12.9170303345,80.2297592163,60365,60375,10
12.9159603119,80.229598999,60375,60386,11
12.9146299362,80.2294311523,60386,60396,10
12.9137296677,80.229309082,60396,60406,10
12.9134101868,80.2292785645,60406,60416,10
12.9132995605,80.2292480469,60416,60426,10
12.912779808,80.2291793823,60426,60436,10
12.9119100571,80.229057312,60436,60446,10
12.9108695984,80.2288970947,60446,60456,10
12.9096698761,80.2287063599,60456,60467,11
12.9084596634,80.2285232544,60467,60477,10
12.9075202942,80.2283782959,60477,60487,10
12.906999588,80.2283172607,60487,60558,71
12.906999588,80.2283172607,60558,60568,10
12.9067802429,80.2282562256,60568,60578,10
12.9063100815,80.2282333374,60578,60588,10
12.9054498672,80.2281723022,60588,60598,10
12.9044103622,80.2281188965,60598,60608,10
12.9033203125,80.2280807495,60608,60618,10
12.9021396637,80.2280197144,60618,60628,10
12.9012098312,80.2279968262,60628,60679,51
12.9012098312,80.2279968262,60679,60689,10
12.9009599686,80.228012085,60689,60699,10
12.9004297256,80.2279586792,60699,60709,10
12.8993196487,80.2278900146,60709,60740,31
12.8993196487,80.2278900146,60740,60750,10
12.8988599777,80.2278137207,60750,60760,10
12.8979196548,80.2277603149,60760,60770,10
12.8966302872,80.2276916504,60770,60780,10
12.8950500488,80.2276229858,60780,60790,10
12.8936004639,80.2275390625,60790,60800,10
12.8924999237,80.2273864746,60800,60811,11
12.8913202286,80.2273406982,60811,60821,10
12.8899002075,80.2273483276,60821,60831,10
12.8885097504,80.2273406982,60831,60841,10
12.8872499466,80.2272033691,60841,60851,10
12.8860797882,80.2269592285,60851,60861,10
12.8852796555,80.2267684937,60861,60871,10
12.8845796585,80.2266921997,60871,60881,10
12.8836402893,80.2266921997,60881,60892,11
12.8821001053,80.2266998291,60892,60902,10
12.8805599213,80.2267227173,60902,60912,10
12.8789701462,80.2267608643,60912,60922,10
12.8774404526,80.226890564,60922,60932,10
12.8764200211,80.2269973755,60932,60942,10
12.8763103485,80.2269973755,60942,60952,10
12.8758296967,80.2269897461,60952,60962,10
12.8748502731,80.2268829346,60962,60972,10
12.873459816,80.2267227173,60972,60983,11
12.8725204468,80.2266769409,60983,60993,10
12.871629715,80.2266387939,60993,61003,10
12.8704996109,80.2265930176,61003,61013,10
12.86921978,80.2264709473,61013,61023,10
12.8678798676,80.2263793945,61023,61033,10
12.8663396835,80.2265396118,61033,61043,10
12.8646697998,80.2265625,61043,61053,10
12.8629798889,80.2265319824,61053,61064,11
12.8614397049,80.2266082764,61064,61074,10
12.8609895706,80.2266082764,61074,61084,10
12.8604097366,80.2265396118,61084,61094,10
12.8594102859,80.2264022827,61094,61104,10
12.8580999374,80.2262268066,61104,61114,10
12.8565502167,80.2263183594,61114,61124,10
12.8548898697,80.2265014648,61124,61134,10
12.8533201218,80.2266693115,61134,61144,10
12.851940155,80.2266616821,61144,61155,11
12.8506498337,80.2266235352,61155,61165,10
12.8502101898,80.226600647,61165,61175,10
12.8498401642,80.2265777588,61175,61185,10
12.849029541,80.2265625,61185,61195,10
12.8478498459,80.2265777588,61195,61205,10
12.8466596603,80.2265777588,61205,61215,10
12.8459796906,80.2266082764,61215,61225,10
12.8455400467,80.2266082764,61225,61236,11
12.8455095291,80.2266082764,61236,61246,10
12.8450899124,80.226600647,61246,61256,10
12.844329834,80.2266464233,61256,61266,10
12.8434200287,80.2267608643,61266,61276,10
12.8424396515,80.2269592285,61276,61286,10
12.841340065,80.2272262573,61286,61296,10
12.8403701782,80.2275009155,61296,61306,10
12.8399000168,80.2276229858,61306,61317,11
12.8395595551,80.2277374268,61317,61327,10
12.8391304016,80.2278518677,61327,61337,10
12.8383398056,80.2280578613,61337,61347,10
12.8372297287,80.2282867432,61347,61357,10
12.8359603882,80.228477478,61357,61367,10
12.8346004486,80.2286834717,61367,61377,10
12.8333997726,80.2288818359,61377,61387,10
12.8325004578,80.2290420532,61387,61397,10
12.8318099976,80.2291870117,61397,61468,71
12.8318099976,80.2291870117,61468,61478,10
12.831580162,80.229019165,61478,61489,11
12.8315095901,80.2287216187,61489,61499,10
12.831489563,80.2286529541,61499,61509,10
12.8314599991,80.2283401489,61509,61519,10
12.8313102722,80.2275924683,61519,61529,10
12.8310699463,80.2262802124,61529,61539,10
12.8310604095,80.2253570557,61539,61549,10
12.8310699463,80.2247085571,61549,61559,10
12.8310804367,80.2240829468,61559,61569,10
12.8310804367,80.2230224609,61569,61580,11
12.8310699463,80.222366333,61580,61590,10
12.8310804367,80.2220535278,61590,61600,10
12.8310899734,80.2213973999,61600,61610,10
12.8311004639,80.2207107544,61610,61620,10
12.8311004639,80.2200012207,61620,61630,10
12.8310699463,80.2196502686,61630,61640,10
12.8305597305,80.2194595337,61640,61650,10
12.8295497894,80.2194595337,61650,61661,11
12.8283004761,80.2194595337,61661,61671,10
12.8276596069,80.2194595337,61671,61681,10
12.8274898529,80.2194671631,61681,61691,10
12.8273496628,80.2194595337,61691,61701,10
12.8267097473,80.2194366455,61701,61711,10
12.8261003494,80.2194366455,61711,61721,10
12.8259401321,80.2194137573,61721,61731,10
12.8258600235,80.2192001343,61731,61742,11
12.8258600235,80.2189712524,61742,61752,10
12.8258600235,80.2182998657,61752,61762,10
12.8258800507,80.2171783447,61762,61772,10
12.8258495331,80.216178894,61772,61782,10
12.8255796432,80.2160186768,61782,61792,10
12.8250799179,80.2160110474,61792,61802,10
12.8247299194,80.2159881592,61802,62764,962
12.8247299194,80.2159881592,62764,62774,10
12.8246202469,80.2160263062,62774,62784,10
12.8244600296,80.2160186768,62784,62794,10
12.824139595,80.2160263062,62794,62804,10
12.8236398697,80.216003418,62804,62814,10
12.8230400085,80.216003418,62814,62823,9
12.8228702545,80.216003418,62823,62835,12
12.8227100372,80.2163619995,62835,62845,10
12.8227100372,80.2169036865,62845,62855,10
12.8226995468,80.2173461914,62855,62865,10
12.8226900101,80.2176589966,62865,62875,10
12.8226900101,80.2183685303,62875,62885,10
12.8226804733,80.2192230225,62885,62956,71
12.8226804733,80.2192230225,62956,62966,10
12.8230199814,80.2194671631,62966,62976,10
12.8237695694,80.2194671631,62976,62986,10
12.8246803284,80.2194671631,62986,62996,10
12.8252696991,80.2194900513,62996,63057,61
12.8252696991,80.2194900513,63057,63067,10
12.8257198334,80.2195663452,63067,63077,10
12.8260602951,80.2195587158,63077,63088,11
12.8263902664,80.2195205688,63088,63098,10
12.826669693,80.2195205688,63098,63108,10
12.8272304535,80.2195205688,63108,63199,91
12.8272304535,80.2195205688,63199,63209,10
12.8277797699,80.2194976807,63209,63219,10
12.8281497955,80.2194900513,63219,63229,10
12.8288402557,80.2194976807,63229,63239,10
12.8296699524,80.2194976807,63239,63249,10
12.8304595947,80.2195129395,63249,63260,11
12.8309202194,80.2195281982,63260,63270,10
12.8311901093,80.2198181152,63270,63280,10
12.8312397003,80.2206115723,63280,63421,141
12.8311300278,80.2205429077,63421,63452,31
12.8311300278,80.2205429077,63452,63462,10
12.8310804367,80.2208023071,63462,63472,10
12.8310804367,80.2213516235,63472,63482,10
12.8310899734,80.2219314575,63482,63492,10
12.8311004639,80.2221603394,63492,63502,10
12.8311004639,80.2223815918,63502,63513,11
12.8311100006,80.2229690552,63513,63523,10
12.8311100006,80.2236785889,63523,63533,10
12.8311100006,80.2243804932,63533,63543,10
12.8311100006,80.2246704102,63543,63553,10
12.8310899734,80.2250900269,63553,63563,10
12.8310899734,80.2257232666,63563,63573,10
12.8311300278,80.2264709473,63573,63583,10
12.8313102722,80.2272872925,63583,63594,11
12.8315095901,80.2281723022,63594,63604,10
12.8317098618,80.2290725708,63604,63654,50
12.8317098618,80.2290725708,63654,63664,10
12.8322401047,80.2290725708,63664,63674,10
12.8330698013,80.2289276123,63674,63685,11
12.8342199326,80.2287368774,63685,63695,10
12.8353900909,80.2285614014,63695,63705,10
12.8366603851,80.2283782959,63705,63715,10
12.8378000259,80.228187561,63715,63725,10
12.8386297226,80.2279663086,63725,63735,10
12.8390703201,80.2278823853,63735,63745,10
12.8390798569,80.2278823853,63745,63755,10
12.8392000198,80.2278518677,63755,63826,71
12.8392000198,80.2278518677,63826,63836,10
12.8396100998,80.2277832031,63836,63846,10
12.8400602341,80.2276535034,63846,63857,11
12.8408002853,80.2274398804,63857,63867,10
12.8416004181,80.2272186279,63867,63877,10
12.842499733,80.2270126343,63877,63887,10
12.8434295654,80.2268295288,63887,63897,10
12.8443899155,80.2266998291,63897,63907,10
12.8453798294,80.226600647,63907,63927,20
12.8453798294,80.226600647,63927,63938,11
12.845459938,80.226600647,63938,63948,10
12.8458003998,80.226600647,63948,63958,10
12.846540451,80.2266082764,63958,63968,10
12.8476896286,80.2265777588,63968,63978,10
12.8488998413,80.2265930176,63978,63988,10
12.8497600555,80.2265777588,63988,63998,10
12.8501396179,80.2265625,63998,64008,10
12.8501701355,80.2265701294,64008,64019,11
12.8505601883,80.2265777588,64019,64029,10
12.8512496948,80.2266235352,64029,64039,10
12.8520298004,80.2266616821,64039,64049,10
12.8528404236,80.2267074585,64049,64059,10
12.8538999557,80.2266464233,64059,64069,10
12.8551597595,80.2265090942,64069,64079,10
12.8562602997,80.2263793945,64079,64089,10
12.8572397232,80.2262802124,64089,64099,10
12.8577804565,80.2262420654,64099,64110,11
12.858039856,80.2262420654,64110,64120,10
12.8583202362,80.2262573242,64120,64130,10
12.8587999344,80.2262878418,64130,64140,10
12.8595104218,80.2263870239,64140,64150,10
12.8602304459,80.2264862061,64150,64160,10
12.8607397079,80.2265396118,64160,64170,10
12.8608798981,80.2265625,64170,64180,10
12.8613796234,80.2265777588,64180,64191,11
12.8624401093,80.2265396118,64191,64201,10
12.8636798859,80.2265167236,64201,64211,10
12.8650197983,80.2265777588,64211,64221,10
12.8663101196,80.2265625,64221,64231,10
12.8676795959,80.2264404297,64231,64241,10
12.8688497543,80.2264328003,64241,64251,10
12.8700399399,80.2265396118,64251,64261,10
12.8711700439,80.2266387939,64261,64271,10
12.8722696304,80.2266464233,64271,64282,11
12.8729200363,80.2266616821,64282,64292,10
12.8729400635,80.2266616821,64292,64302,10
12.8730401993,80.2266693115,64302,64312,10
12.8735799789,80.2266998291,64312,64322,10
12.8743896484,80.2267990112,64322,64332,10
12.8751497269,80.2268829346,64332,64342,10
12.875459671,80.2269134521,64342,64352,10
12.875579834,80.2269210815,64352,64363,11
12.875869751,80.2269592285,64363,64373,10
12.8762102127,80.2269515991,64373,64433,60
12.8762102127,80.2269515991,64433,64444,11
12.8763599396,80.2269363403,64444,64454,10
12.8766498566,80.2269210815,64454,64464,10
12.8767995834,80.2269134521,64464,64474,10
12.8770904541,80.2268981934,64474,64484,10
12.8778400421,80.226852417,64484,64494,10
12.8788604736,80.2267837524,64494,64504,10
12.879940033,80.2267379761,64504,64514,10
12.8811502457,80.2267303467,64514,64524,10
12.8823404312,80.2267227173,64524,64535,11
12.8834199905,80.2267227173,64535,64545,10
12.8842802048,80.2266998291,64545,64555,10
12.8849897385,80.2267227173,64555,64565,10
12.8854503632,80.2267608643,64565,64575,10
12.8855495453,80.2267837524,64575,64585,10
12.8861103058,80.2269363403,64585,64595,10
12.8871002197,80.227180481,64595,64605,10
12.8883695602,80.2273406982,64605,64616,11
12.8900003433,80.2273635864,64616,64626,10
12.8913602829,80.2273483276,64626,64636,10
12.892080307,80.2273406982,64636,64666,30
12.892080307,80.2273406982,64666,64676,10
12.8924398422,80.2273788452,64676,64686,10
12.8931398392,80.2274627686,64686,64697,11
12.8941001892,80.2275924683,64697,64707,10
12.8950996399,80.2276611328,64707,64717,10
12.8962697983,80.227722168,64717,64727,10
12.8974599838,80.2277832031,64727,64737,10
12.8987102509,80.2278594971,64737,64747,10
12.8999700546,80.2279281616,64747,64777,30
12.8999700546,80.2279281616,64777,64788,11
12.9000797272,80.2279586792,64788,64798,10
12.9004201889,80.2279815674,64798,64808,10
12.9008102417,80.2279891968,64808,64818,10
12.9011096954,80.228012085,64818,64828,10
12.9014196396,80.2280426025,64828,64838,10
12.9019403458,80.2280578613,64838,64848,10
12.9031095505,80.2280502319,64848,64869,21
12.9031095505,80.2280502319,64869,64879,10
12.9033498764,80.2280578613,64879,64889,10
12.9040603638,80.2281417847,64889,64899,10
12.9050502777,80.228187561,64899,64909,10
12.90583992,80.2282333374,64909,64919,10
12.9062099457,80.2282485962,64919,65000,81
12.9062099457,80.2282485962,65000,65010,10
12.9063796997,80.2282485962,65010,65020,10
12.906829834,80.2282867432,65020,65030,10
12.9069795609,80.2283096313,65030,65041,11
12.9073495865,80.2283706665,65041,65051,10
12.9080400467,80.2284698486,65051,65061,10
12.9089202881,80.2286224365,65061,65071,10
12.9099302292,80.2287979126,65071,65081,10
12.9111003876,80.2289810181,65081,65091,10
12.9122600555,80.2291488647,65091,65101,10
12.9139204025,80.2293319702,65101,65122,21
12.9139204025,80.2293319702,65122,65132,10
12.9140701294,80.2293701172,65132,65142,10
12.9146499634,80.2294616699,65142,65152,10
12.9156703949,80.2296218872,65152,65162,10
12.9169101715,80.2297973633,65162,65172,10
12.9177598953,80.2299118042,65172,65182,10
12.918800354,80.2300491333,65182,65192,10
12.9200601578,80.23021698,65192,65202,10
12.9213895798,80.2303924561,65202,65213,11
12.9228200912,80.2305984497,65213,65223,10
12.9241199493,80.2307662964,65223,65233,10
12.9253702164,80.2309036255,65233,65243,10
12.926199913,80.2309799194,65243,65253,10
12.9262304306,80.2310028076,65253,65263,10
12.9266500473,80.2310714722,65263,65273,10
12.9273500443,80.2311630249,65273,65283,10
12.9281997681,80.231262207,65283,65294,11
12.9289503098,80.2313919067,65294,65304,10
12.9296998978,80.2315368652,65304,65314,10
12.9305896759,80.2317581177,65314,65324,10
12.9315004349,80.2320480347,65324,65334,10
12.9324703217,80.2323608398,65334,65344,10
12.9333600998,80.2326965332,65344,65354,10
12.9336395264,80.2328262329,65354,65364,10
12.9336900711,80.2328567505,65364,65375,11
12.9340801239,80.2330474854,65375,65385,10
12.9346704483,80.2333068848,65385,65395,10
12.9352998734,80.2335891724,65395,65405,10
12.9355297089,80.2336883545,65405,65415,10
12.9356899261,80.233757019,65415,65425,10
12.9363203049,80.2340621948,65425,65435,10
12.9372196198,80.2344818115,65435,65445,10
12.9378900528,80.2348098755,65445,65455,10
12.9386196136,80.2351608276,65455,65466,11
12.9392204285,80.235458374,65466,65476,10
12.9396696091,80.2356872559,65476,65496,20
12.9396696091,80.2356872559,65496,65506,10
12.9399204254,80.2358016968,65506,65516,10
12.9403896332,80.2359771729,65516,65526,10
12.9410600662,80.2361526489,65526,65536,10
12.9418401718,80.2363433838,65536,65547,11
12.9427900314,80.2366867065,65547,65557,10
12.9434995651,80.2372589111,65557,65567,10
12.9441604614,80.2379608154,65567,65577,10
12.9448604584,80.2387390137,65577,65587,10
12.9456396103,80.2393875122,65587,65597,10
12.9464702606,80.2397079468,65597,65607,10
12.94713974,80.239982605,65607,65617,10
12.9472904205,80.2400436401,65617,65628,11
12.9473600388,80.2400588989,65628,65638,10
12.9477300644,80.2402191162,65638,65648,10
12.9484901428,80.2405395508,65648,65678,30
12.9484901428,80.2405395508,65678,65688,10
12.9484996796,80.2405471802,65688,65698,10
12.9487400055,80.2406616211,65698,65708,10
12.9491701126,80.2408370972,65708,65719,11
12.9497404099,80.241027832,65719,65729,10
12.9505901337,80.2412719727,65729,65739,10
12.9511203766,80.2414321899,65739,65749,10
12.9511203766,80.2414398193,65749,65759,10
12.951210022,80.2414779663,65759,65769,10
12.9516897202,80.2416763306,65769,65779,10
12.952580452,80.2420120239,65779,65789,10
12.9535198212,80.2423629761,65789,65800,11
12.9542398453,80.2426528931,65800,65810,10
12.9548797607,80.2428970337,65810,65820,10
12.9554300308,80.2430877686,65820,65830,10
12.9561195374,80.2433395386,65830,65840,10
12.956319809,80.2434234619,65840,65850,10
12.9563398361,80.2434234619,65850,65860,10
12.956609726,80.2435073853,65860,65870,10
12.9573402405,80.243850708,65870,65881,11
12.9581203461,80.2442016602,65881,65891,10
12.9589996338,80.2445526123,65891,65911,20
12.9589996338,80.2445526123,65911,65921,10
12.9593000412,80.2447128296,65921,65931,10
12.9599304199,80.2450027466,65931,65941,10
12.9607095718,80.2453613281,65941,65951,10
12.9615297318,80.2457504272,65951,65961,10
12.9622802734,80.2461090088,65961,65972,11
12.9629602432,80.2464599609,65972,65982,10
12.9633598328,80.2466888428,65982,65992,10
12.9637804031,80.246887207,65992,66002,10
12.9644098282,80.2471084595,66002,66012,10
12.965089798,80.2473526001,66012,66022,10
12.9658002853,80.2475891113,66022,66032,10
12.9664001465,80.247833252,66032,66063,31
12.9664001465,80.247833252,66063,66073,10
12.9665403366,80.2479019165,66073,66083,10
12.9670000076,80.2481536865,66083,66093,10
12.9678602219,80.2485427856,66093,66103,10
12.9689998627,80.2490081787,66103,66113,10
12.9702100754,80.2494888306,66113,66123,10
12.9713096619,80.2498474121,66123,66134,11
12.9724903107,80.2501373291,66134,66144,10
12.9735202789,80.2504196167,66144,66154,10
12.9743900299,80.2506408691,66154,66164,10
12.9753398895,80.2509078979,66164,66174,10
12.9764099121,80.2512207031,66174,66184,10
12.977399826,80.2515869141,66184,66194,10
12.9785499573,80.2524185181,66194,66214,20
12.9785499573,80.2524185181,66214,66225,11
12.9786596298,80.2524795532,66225,66235,10
12.9790096283,80.2526168823,66235,66245,10
12.9794597626,80.2526626587,66245,66295,50
12.9794597626,80.2526626587,66295,66306,11
12.979640007,80.2526931763,66306,66316,10
12.9801301956,80.2527313232,66316,66326,10
12.980890274,80.2527084351,66326,66336,10
12.9818000793,80.2526779175,66336,66346,10
12.9827299118,80.2526397705,66346,66356,10
12.9835300446,80.2525405884,66356,66366,10
12.9839897156,80.2524185181,66366,66569,203
12.9839897156,80.2524185181,66569,66579,10
12.9841299057,80.2523498535,66579,66589,10
12.98458004,80.252243042,66589,66864,275
12.98458004,80.252243042,66864,66874,10
12.9847698212,80.2521896362,66874,66884,10
12.9851303101,80.2520904541,66884,66895,11
12.9857702255,80.2519226074,66895,67087,192
12.9857702255,80.2519226074,67087,67097,10
12.9859895706,80.2518310547,67097,67107,10
12.9865102768,80.2517166138,67107,67117,10
12.9869403839,80.2516021729,67117,67127,10
12.9872903824,80.2515029907,67127,67137,10
12.9875602722,80.2514190674,67137,67148,11
12.9882001877,80.2512893677,67148,67158,10
12.9890699387,80.251083374,67158,67168,10
12.9895000458,80.2509613037,67168,67198,30
12.9895000458,80.2509613037,67198,67208,10
12.9895896912,80.2509384155,67208,67218,10
12.9899702072,80.2508621216,67218,67228,10
12.9906797409,80.2506790161,67228,67239,11
12.9915504456,80.2504577637,67239,67249,10
12.992389679,80.25025177,67249,67259,10
12.9933099747,80.2500305176,67259,67269,10
12.9942502975,80.249786377,67269,67279,10
12.9949302673,80.2496337891,67279,67289,10
12.9959001541,80.249382019,67289,67299,10
12.9965896606,80.2491607666,67299,67309,10
12.9967098236,80.2491378784,67309,67320,11
12.9968795776,80.249130249,67320,67330,10
12.997300148,80.2490310669,67330,67340,10
12.9979600906,80.2488708496,67340,67350,10
12.9988098145,80.2486419678,67350,67360,10
12.9997501373,80.2484207153,67360,67370,10
13.0007095337,80.2481765747,67370,67380,10
13.0015897751,80.2479629517,67380,67390,10
13.0021800995,80.2478103638,67390,67401,11
13.002869606,80.2476730347,67401,67411,10
13.0037002563,80.2475280762,67411,67421,10
13.0045795441,80.2473983765,67421,67431,10
13.0055904388,80.247177124,67431,67471,40
13.0055904388,80.247177124,67471,67481,10
13.0058002472,80.2471466064,67481,67522,41
13.0061702728,80.246963501,67522,67562,40
13.0064096451,80.2466430664,67562,67583,21
13.0064096451,80.2466430664,67583,67593,10
13.006529808,80.246421814,67593,67603,10
13.0065803528,80.2461929321,67603,67613,10
13.0066099167,80.245880127,67613,67633,20
13.0066099167,80.245880127,67633,67643,10
13.0066003799,80.2455062866,67643,67654,11
13.0066003799,80.2452774048,67654,67664,10
13.0066204071,80.2451019287,67664,67674,10
13.0066099167,80.2448196411,67674,67684,10
13.0066204071,80.2447128296,67684,67694,10
13.006649971,80.2444992065,67694,67704,10
13.006649971,80.2442626953,67704,67714,10
13.0066299438,80.2440032959,67714,67724,10
13.0066204071,80.2437133789,67724,67734,10
13.0065803528,80.243347168,67734,67745,11
13.0065803528,80.2427597046,67745,67755,10
13.0065603256,80.2420425415,67755,67765,10
13.0065603256,80.2417068481,67765,67795,30
13.0065603256,80.2417068481,67795,67805,10
13.0066003799,80.2414169312,67805,67815,10
13.0066299438,80.2410430908,67815,67826,11
13.0066795349,80.2405319214,67826,67836,10
13.0068502426,80.2397384644,67836,67846,10
13.0070495605,80.2387237549,67846,67856,10
13.0072202682,80.23802948,67856,67866,10
13.0073204041,80.2375793457,67866,67876,10
13.0074100494,80.2369918823,67876,67907,31
13.0074195862,80.236831665,67907,67927,20
13.0074195862,80.236831665,67927,67937,10
13.0074796677,80.2366790771,67937,67947,10
13.0075502396,80.2364273071,67947,67957,10
13.0076398849,80.2359924316,67957,67967,10
13.0077896118,80.2353210449,67967,67977,10
13.0079498291,80.2345809937,67977,67986,9
13.0081300735,80.2336730957,67986,67998,12
13.0083599091,80.2324981689,67998,68008,10
13.0085496902,80.2315292358,68008,68018,10
13.0087404251,80.2305908203,68018,68028,10
13.0089197159,80.2297821045,68028,68038,10
13.009059906,80.2290802002,68038,68048,10
13.0091600418,80.2285308838,68048,68058,10
13.0093002319,80.2280578613,68058,68068,10
13.0095701218,80.2274398804,68068,68079,11
13.009929657,80.2266387939,68079,68089,10
13.0102396011,80.226020813,68089,68099,10
13.0104999542,80.2254867554,68099,68109,10
13.0107402802,80.2249908447,68109,68119,10
13.0109300613,80.2244567871,68119,68129,10
13.011179924,80.2238693237,68129,68139,10
13.011300087,80.2235031128,68139,68149,10
13.0115404129,80.223487854,68149,68160,11
13.0120201111,80.2237091064,68160,68170,10
13.0125799179,80.2239837646,68170,68180,10
13.0132703781,80.224319458,68180,68190,10
13.0138902664,80.2246627808,68190,68200,10
13.01445961,80.2249679565,68200,68210,10
13.0149097443,80.2251968384,68210,68220,10
13.0151796341,80.2253723145,68220,68230,10
13.0156402588,80.2253570557,68230,68240,10
13.0158100128,80.2253723145,68240,68251,11
13.0161399841,80.225402832,68251,68261,10
13.0163602829,80.2253723145,68261,68271,10
13.0163698196,80.2253723145,68271,68281,10
13.016579628,80.2253265381,68281,68291,10
13.0170001984,80.2251663208,68291,68301,10
13.0176296234,80.2249221802,68301,68311,10
13.0183200836,80.224647522,68311,68321,10
13.0189599991,80.2244262695,68321,68332,11
13.0196695328,80.2245407104,68332,68382,50
13.0196695328,80.2245407104,68382,68392,10
13.0199604034,80.2248764038,68392,68402,10
13.02023983,80.2250823975,68402,68412,10
13.0206298828,80.2253417969,68412,68423,11
13.0210800171,80.2256622314,68423,68433,10
13.0214595795,80.2259597778,68433,68443,10
13.0219402313,80.2263183594,68443,68453,10
13.0224399567,80.2267379761,68453,68463,10
13.0229797363,80.2272109985,68463,68473,10
13.0235004425,80.2276763916,68473,68483,10
13.023900032,80.2280197144,68483,68493,10
13.0241298676,80.2282028198,68493,68504,11
13.024310112,80.2284393311,68504,68585,81
13.024310112,80.2284393311,68585,68595,10
13.024189949,80.2286224365,68595,68605,10
13.0239696503,80.2283477783,68605,68615,10
13.0238103867,80.2281417847,68615,68625,10
13.0236797333,80.2279968262,68625,68635,10
13.023440361,80.2278137207,68635,68797,162
13.0235595703,80.2276306152,68797,68999,202
13.0235595703,80.2276306152,68999,69010,11
13.0233097076,80.2275695801,69010,69020,10
13.0231304169,80.2273788452,69020,69030,10
13.0228595734,80.227142334,69030,69040,10
13.0226602554,80.2269592285,69040,69050,10
13.0224504471,80.2267837524,69050,69060,10
13.0220899582,80.2264633179,69060,69070,10
13.0216999054,80.2261428833,69070,69080,10
13.0212497711,80.2257995605,69080,69091,11
13.0207595825,80.2254104614,69091,69101,10
13.0203800201,80.2251586914,69101,69111,10
13.0201702118,80.2250213623,69111,69121,10
13.0198202133,80.2247772217,69121,69131,10
13.0193500519,80.2245330811,69131,69141,10
13.0186395645,80.2245635986,69141,69151,10
13.0179595947,80.2248382568,69151,69161,10
13.0174703598,80.2250595093,69161,69171,10
13.0172901154,80.2251434326,69171,69182,11
13.0170297623,80.2252426147,69182,69232,50
13.0170297623,80.2252426147,69232,69242,10
13.0165596008,80.2254180908,69242,69252,10
13.0164003372,80.2254867554,69252,69263,11
13.0160799026,80.2256011963,69263,69273,10
13.0156602859,80.2257537842,69273,69283,10
13.0150604248,80.225982666,69283,69293,10
13.0145998001,80.2261505127,69293,69303,10
13.0142402649,80.2262878418,69303,69323,20
13.0142402649,80.2262878418,69323,69333,10
13.0140399933,80.2263565063,69333,69344,11
13.013469696,80.2265777588,69344,69354,10
13.0127601624,80.226852417,69354,69364,10
13.0120096207,80.227142334,69364,69374,10
13.0111598969,80.2274932861,69374,69384,10
13.0103302002,80.2278213501,69384,69394,10
13.0096101761,80.2281188965,69394,69404,10
13.0090904236,80.2285614014,69404,69414,10
13.0089702606,80.2293167114,69414,69424,10
13.0088596344,80.2300262451,69424,69435,11
13.0087299347,80.2307662964,69435,69445,10
13.0086202621,80.2315292358,69445,69455,10
13.0084600449,80.2323226929,69455,69465,10
13.0082798004,80.2333374023,69465,69505,40
13.0082798004,80.2333374023,69505,69516,11
13.0081796646,80.2334823608,69516,69526,10
13.008099556,80.2338790894,69526,69536,10
13.0079698563,80.2345123291,69536,69546,10
13.0079202652,80.2347717285,69546,69556,10
13.0078601837,80.2350463867,69556,69566,10
13.0077495575,80.2355804443,69566,69576,10
13.0075902939,80.2364120483,69576,69586,10
13.0074300766,80.2372283936,69586,69597,11
13.0073099136,80.23777771,69597,69607,10
13.0072603226,80.2379379272,69607,69617,10
13.0072498322,80.237991333,69617,69627,10
13.0071897507,80.2382583618,69627,69637,10
13.0071201324,80.2386779785,69637,69647,10
13.0070199966,80.2391662598,69647,69657,10
13.006939888,80.2395935059,69657,69667,10
13.0068798065,80.2399368286,69667,69677,10
13.0067901611,80.2403793335,69677,69688,11
13.0066699982,80.2410202026,69688,69698,10
13.0066204071,80.2415618896,69698,69708,10
13.0066099167,80.2422409058,69708,69718,10
13.0066299438,80.2428970337,69718,69728,10
13.0066404343,80.2433319092,69728,69769,41
13.0066404343,80.2433319092,69769,69779,10
13.0066099167,80.2435302734,69779,69789,10
13.0066299438,80.243888855,69789,69799,10
13.0066204071,80.2439575195,69799,69809,10
13.0065898895,80.2441177368,69809,69819,10
13.0066204071,80.2445831299,69819,69829,10
13.0066204071,80.2450180054,69829,69839,10
13.006649971,80.2454605103,69839,69850,11
13.0066900253,80.24609375,69850,69890,40
13.0066900253,80.24609375,69890,69900,10
13.0066995621,80.2465133667,69900,69910,10
13.0067100525,80.2469863892,69910,69920,10
13.0066204071,80.2473907471,69920,69930,10
13.0059404373,80.2474212646,69930,69951,21
13.0059404373,80.2474212646,69951,69961,10
13.0058898926,80.2473983765,69961,69971,10
13.0054502487,80.2473831177,69971,69981,10
13.0045795441,80.2474136353,69981,69991,10
13.0036096573,80.2475509644,69991,70001,10
13.0027599335,80.2476882935,70001,70011,10
13.0022602081,80.2478103638,70011,70022,11
13.001449585,80.248008728,70022,70032,10
13.0005502701,80.2482376099,70032,70042,10
12.9994897842,80.2485122681,70042,70052,10
12.9984998703,80.2487869263,70052,70062,10
12.9981002808,80.2488937378,70062,70072,10
12.9977998734,80.2489471436,70072,70082,10
12.9973897934,80.2490310669,70082,70092,10
12.9966402054,80.2491912842,70092,70102,10
12.9956302643,80.2494430542,70102,70113,11
12.9942102432,80.2498397827,70113,70123,10
12.9928398132,80.2501907349,70123,70133,10
12.9909696579,80.2506866455,70133,70153,20
12.9909696579,80.2506866455,70153,70163,10
12.9906396866,80.2507476807,70163,70173,10
12.9898900986,80.2509536743,70173,70416,243
12.9898900986,80.2509536743,70416,70426,10
12.9896602631,80.2509384155,70426,70436,10
12.9893503189,80.2510299683,70436,70447,11
12.9890403748,80.251121521,70447,70457,10
12.9888601303,80.251159668,70457,70467,10
12.9886598587,80.2512283325,70467,70477,10
12.988240242,80.2513427734,70477,70487,10
12.9878797531,80.2514419556,70487,70497,10
12.9875602722,80.2515182495,70497,70507,10
12.9872102737,80.2516174316,70507,70517,10
12.9867601395,80.2517623901,70517,70528,11
12.9861803055,80.2519073486,70528,70538,10
12.9854803085,80.2520828247,70538,70548,10
12.9845695496,80.2523117065,70548,70558,10
12.9836797714,80.2525405884,70558,70568,10
12.9827899933,80.2526931763,70568,70578,10
12.9818601608,80.2527313232,70578,70588,10
12.981010437,80.252746582,70588,70598,10
12.9801902771,80.2528610229,70598,70639,41
12.9801902771,80.2528610229,70639,70649,10
12.9798803329,80.2527618408,70649,70659,10
12.9795103073,80.2527236938,70659,70669,10
12.9789896011,80.2526626587,70669,70679,10
12.9786195755,80.2526016235,70679,70689,10
12.9785299301,80.2525787354,70689,70700,11
12.9784202576,80.2525177002,70700,70710,10
12.9780597687,80.2522735596,70710,70720,10
12.9776802063,80.2518997192,70720,70730,10
12.9770202637,80.2514419556,70730,70740,10
12.9760198593,80.2511062622,70740,70750,10
12.9750003815,80.2508163452,70750,70760,10
12.9741401672,80.2505722046,70760,70770,10
12.9733600616,80.2503433228,70770,70781,11
12.9723796844,80.2500991821,70781,70791,10
12.9714002609,80.2498321533,70791,70801,10
12.970580101,80.2496032715,70801,70811,10
12.9697303772,80.2492828369,70811,70821,10
12.9687700272,80.2488937378,70821,70831,10
12.9679203033,80.2485427856,70831,70841,10
12.9671602249,80.2482299805,70841,70851,10
12.9665203094,80.2479324341,70851,70861,10
12.9658298492,80.2476425171,70861,70872,11
12.9650201797,80.2473907471,70872,70892,20
12.9650201797,80.2473907471,70892,70902,10
12.9647397995,80.2472763062,70902,70912,10
12.9642000198,80.2470703125,70912,70973,61
12.9642000198,80.2470703125,70973,70983,10
12.9637002945,80.2468795776,70983,70993,10
12.9631996155,80.2466201782,70993,71003,10
12.9624500275,80.2462615967,71003,71013,10
12.9616003036,80.2458496094,71013,71023,10
12.9607801437,80.2454681396,71023,71034,11
12.9600296021,80.2451171875,71034,71044,10
12.9593801498,80.2448577881,71044,71054,10
12.9592599869,80.2447967529,71054,71064,10
12.9592103958,80.2447662354,71064,71074,10
12.9589395523,80.2446365356,71074,71084,10
12.9583997726,80.2444000244,71084,71094,10
12.957909584,80.2442092896,71094,71104,10
12.9573802948,80.2440185547,71104,71114,10
12.9568595886,80.2438964844,71114,71125,11
12.956580162,80.2438201904,71125,71195,70
12.956580162,80.2438201904,71195,71206,11
12.9560804367,80.2436218262,71206,71216,10
12.9555501938,80.2433013916,71216,71226,10
12.9549198151,80.242980957,71226,71236,10
12.9542598724,80.2427062988,71236,71246,10
12.9539403915,80.2425765991,71246,71256,10
12.9535503387,80.242401123,71256,71266,10
12.9528303146,80.2421112061,71266,71276,10
12.9519996643,80.2417907715,71276,71287,11
12.95154953,80.2416610718,71287,71297,10
12.9514703751,80.2416305542,71297,71307,10
12.9510602951,80.2414779663,71307,71317,10
12.9504404068,80.2412796021,71317,71327,10
12.9498901367,80.2411270142,71327,71337,10
12.9496603012,80.2410507202,71337,71347,10
12.9492301941,80.2409210205,71347,71357,10
12.9487304688,80.2407302856,71357,71367,10
12.9478998184,80.2403793335,71367,71378,11
12.9472398758,80.2401199341,71378,71388,10
12.9471597672,80.2400894165,71388,71398,10
12.9470596313,80.2400436401,71398,71408,10
12.9465198517,80.2398071289,71408,71418,10
12.9457597733,80.2394866943,71418,71428,10
12.9450502396,80.2390136719,71428,71438,10
12.9443302155,80.2382507324,71438,71448,10
12.9435501099,80.2373962402,71448,71459,11
12.9426803589,80.236656189,71459,71469,10
12.9415998459,80.2362976074,71469,71479,10
12.9405202866,80.2360534668,71479,71489,10
12.9397602081,80.2358322144,71489,71499,10
12.939620018,80.2357788086,71499,71509,10
12.9394598007,80.2356796265,71509,71519,10
12.9389400482,80.2354202271,71519,71529,10
12.9381303787,80.2350082397,71529,71540,11
12.9371700287,80.2345428467,71540,71550,10
12.9363603592,80.234161377,71550,71560,10
12.9357700348,80.2338562012,71560,71570,10
12.9351396561,80.233581543,71570,71580,10
12.9344396591,80.2332611084,71580,71590,10
12.9338998795,80.2330474854,71590,71600,10
12.9338903427,80.233039856,71600,71610,10
12.9338598251,80.2330093384,71610,71620,10
12.9335298538,80.2328262329,71620,71631,11
12.9327898026,80.2325134277,71631,71641,10
12.931889534,80.2321929932,71641,71651,10
12.9309301376,80.231880188,71651,71661,10
12.9299497604,80.2315979004,71661,71671,10
12.9290895462,80.2314071655,71671,71681,10
12.9285697937,80.2313079834,71681,71691,10
12.9275903702,80.2311935425,71691,71701,10
12.9266004562,80.231086731,71701,71712,11
12.9260597229,80.2310409546,71712,71722,10
12.9258899689,80.231010437,71722,71732,10
12.9252195358,80.2309188843,71732,71742,10
12.9243202209,80.2308120728,71742,71752,10
12.9232597351,80.2306594849,71752,71762,10
12.9219198227,80.2304534912,71762,71772,10
12.920630455,80.2302780151,71772,71782,10
12.9194202423,80.2301330566,71782,71793,11
12.9181404114,80.2299728394,71793,71803,10
12.9171199799,80.2298278809,71803,71813,10
12.9160203934,80.2296829224,71813,71823,10
12.9149303436,80.2295303345,71823,71833,10
12.9140100479,80.2294235229,71833,71843,10
12.9132995605,80.2293624878,71843,71863,20
12.9132995605,80.2293624878,71863,71873,10
12.9129495621,80.2292709351,71873,71884,11
12.9120998383,80.2291412354,71884,71894,10
12.9110002518,80.2289810181,71894,71904,10
12.9098501205,80.2287979126,71904,71914,10
12.908829689,80.2286529541,71914,71924,10
12.9082899094,80.2285690308,71924,71934,10
12.9081802368,80.2285614014,71934,71944,10
12.9079504013,80.2285232544,71944,71954,10
12.9076700211,80.2284469604,71954,71965,11
12.9070301056,80.2283935547,71965,71975,10
12.9065599442,80.2283401489,71975,71985,10
12.9061498642,80.2283172607,71985,71995,10
12.9061098099,80.228302002,71995,72005,10
12.9056797028,80.2282562256,72005,72015,10
12.9049797058,80.2282180786,72015,72025,10
12.9041595459,80.2281723022,72025,72035,10
12.9033603668,80.2281265259,72035,72045,10
12.9024896622,80.2280807495,72045,72056,11
12.901550293,80.2280426025,72056,72066,10
12.90102005,80.2280273438,72066,72076,10
12.9007902145,80.228012085,72076,72086,10
12.9005804062,80.2279815674,72086,72096,10
12.9000597,80.2279815674,72096,72126,30
12.9000597,80.2279815674,72126,72137,11
12.8999795914,80.2279663086,72137,72147,10
12.8997001648,80.2279586792,72147,72157,10
12.899600029,80.2279586792,72157,72167,10
12.8994598389,80.2279281616,72167,72177,10
12.8990697861,80.2278823853,72177,72187,10
12.8983402252,80.2278366089,72187,72197,10
12.8972597122,80.2277679443,72197,72207,10
12.8959102631,80.227722168,72207,72218,11
12.8944301605,80.2276535034,72218,72228,10
12.893409729,80.2275466919,72228,72238,10
12.892780304,80.2274780273,72238,72248,10
12.8924999237,80.2274475098,72248,72309,61
12.8924999237,80.2274475098,72309,72319,10
12.8922100067,80.2274169922,72319,72329,10
12.891409874,80.2274017334,72329,72339,10
12.890250206,80.2274017334,72339,72349,10
12.888999939,80.2274093628,72349,72359,10
12.8877801895,80.2273406982,72359,72369,10
12.8865499496,80.2271270752,72369,72379,10
12.8847703934,80.2267990112,72379,72400,21
12.8847703934,80.2267990112,72400,72410,10
12.8845500946,80.2267837524,72410,72420,10
12.8838796616,80.2267837524,72420,72430,10
12.8828001022,80.2267608643,72430,72440,10
12.8815698624,80.2267684937,72440,72450,10
12.8801698685,80.2268066406,72450,72460,10
12.8788299561,80.2268371582,72460,72471,11
12.8777303696,80.2269210815,72471,72481,10
12.8766899109,80.2270126343,72481,72491,10
12.8763303757,80.2270431519,72491,72501,10
12.8762903214,80.2270431519,72501,72511,10
12.8758602142,80.2270278931,72511,72521,10
12.8749704361,80.2269515991,72521,72531,10
12.873840332,80.2268066406,72531,72541,10
12.8729600906,80.2267608643,72541,72551,10
12.8725996017,80.2267684937,72551,72562,11
12.872179985,80.2267608643,72562,72572,10
12.8713598251,80.2267303467,72572,72582,10
12.8702001572,80.2266464233,72582,72592,10
12.8687696457,80.2264862061,72592,72602,10
12.8672504425,80.2265319824,72602,72612,10
12.8657102585,80.2266464233,72612,72622,10
12.8640699387,80.2266082764,72622,72632,10
12.8625802994,80.226600647,72632,72643,11
12.8609104156,80.2266616821,72643,72885,242
12.8609104156,80.2266616821,72885,72896,11
12.8608503342,80.2266464233,72896,72906,10
12.8605003357,80.2266082764,72906,72916,10
12.8599500656,80.2265396118,72916,72926,10
12.8592996597,80.2264404297,72926,72936,10
12.8585996628,80.226348877,72936,72946,10
12.857749939,80.22631073,72946,72956,10
12.8566799164,80.2264022827,72956,72966,10
12.8554096222,80.2265319824,72966,72977,11
12.8539495468,80.2266769409,72977,72987,10
12.8527002335,80.2267608643,72987,72997,10
12.8515195847,80.2267074585,72997,73007,10
12.8504800797,80.2266693115,73007,73017,10
12.8500900269,80.2266616821,73017,73027,10
12.8498697281,80.2266387939,73027,73037,10
12.8492202759,80.2266387939,73037,73047,10
12.8481903076,80.2266082764,73047,73057,10
12.8469800949,80.2266311646,73057,73068,11
12.8460102081,80.2266464233,73068,73078,10
12.8454399109,80.2266464233,73078,73098,20
12.8454399109,80.2266464233,73098,73108,10
12.8452596664,80.2266693115,73108,73230,122
12.8452596664,80.2266693115,73230,73240,10
12.8451099396,80.2266616821,73240,73250,10
12.8447904587,80.2266693115,73250,73260,10
12.8442401886,80.2266998291,73260,73270,10
12.843460083,80.2267990112,73270,73280,10
12.8426303864,80.2269592285,73280,73290,10
12.8416404724,80.227180481,73290,73300,10
12.8406801224,80.2274398804,73300,73310,10
12.8401403427,80.2275772095,73310,73321,11
12.839679718,80.227722168,73321,73331,10
12.8394403458,80.2277984619,73331,73341,10
12.8388795853,80.2279510498,73341,73351,10
12.8380699158,80.2281417847,73351,73361,10
12.8370895386,80.2283172607,73361,73371,10
12.8359603882,80.2285003662,73371,73381,10
12.8348197937,80.2286605835,73381,73391,10
12.8337001801,80.2288589478,73391,73402,11
12.8326997757,80.2290420532,73402,73412,10
12.8320703506,80.2291564941,73412,73421,9
12.8317699432,80.2292327881,73421,73584,163
12.8317699432,80.2292327881,73584,73594,10
12.8315696716,80.2291793823,73594,73604,10
12.831489563,80.2289505005,73604,73614,10
12.831489563,80.2289123535,73614,73624,10
12.8314399719,80.2285919189,73624,73634,10
12.831319809,80.2279205322,73634,73644,10
12.8311595917,80.2271194458,73644,73655,11
12.8310203552,80.2261123657,73655,73665,10
12.8310203552,80.2251815796,73665,73675,10
12.8310098648,80.2247619629,73675,73685,10
12.831029892,80.2242507935,73685,73695,10
12.8310403824,80.2233810425,73695,73705,10
12.8310499191,80.2224578857,73705,73715,10
12.8310499191,80.2221603394,73715,73725,10
12.8310604095,80.221496582,73725,73735,10
12.8310699463,80.2205810547,73735,73746,11
12.8310699463,80.2198104858,73746,73756,10
12.8308601379,80.2195205688,73756,73766,10
12.8301296234,80.2195281982,73766,73776,10
12.82929039,80.2195205688,73776,73786,10
12.8284797668,80.2195205688,73786,73796,10
12.8277902603,80.2195129395,73796,73806,10
12.8275604248,80.2194976807,73806,73816,10
12.8273696899,80.2194976807,73816,73827,11
12.8271303177,80.2194976807,73827,73837,10
12.8269996643,80.2195129395,73837,73847,10
12.8266401291,80.2194976807,73847,73857,10
12.8261203766,80.2194900513,73857,73867,10
12.8258800507,80.2194213867,73867,73877,10
12.8258199692,80.2192306519,73877,73887,10
12.8258199692,80.2191162109,73887,73897,10
12.8258399963,80.2186279297,73897,73908,11
12.8258600235,80.2174606323,73908,73918,10
12.8258600235,80.2163619995,73918,73928,10
12.8256998062,80.2160568237,73928,73938,10
12.8253602982,80.2160491943,73938,73948,10
12.824760437,80.2160568237,73948,74292,344
12.824760437,80.2160568237,74292,74302,10
12.8245401382,80.2160720825,74302,74312,10
12.8245000839,80.2160720825,74312,74322,10
12.8243103027,80.2160568237,74322,74333,11
12.8236503601,80.2160491943,74333,74343,10
12.8229799271,80.2160568237,74343,74353,10
12.822810173,80.2160491943,74353,74363,10
12.822640419,80.2163391113,74363,74373,10
12.8226499557,80.2169876099,74373,74383,10
12.822640419,80.2177124023,74383,74393,10
12.8226299286,80.21849823,74393,74403,10
12.822640419,80.2193374634,74403,74434,31
12.822640419,80.2193374634,74434,74444,10
12.8227300644,80.2194595337,74444,74454,10
12.8232002258,80.2194824219,74454,74464,10
12.8239898682,80.2194900513,74464,74474,10
12.8247404099,80.2194824219,74474,74484,10
12.8252296448,80.2194366455,74484,74495,11
12.8252696991,80.2194366455,74495,74505,10
12.8253898621,80.2194595337,74505,74515,10
12.8257598877,80.2194671631,74515,74525,10
12.8263998032,80.2194824219,74525,74535,10
12.8269395828,80.2194595337,74535,74586,51
12.8273096085,80.2194900513,74586,74697,111
12.8273096085,80.2194900513,74697,74707,10
12.8276500702,80.219543457,74707,74717,10
12.8279495239,80.219543457,74717,74727,10
12.8284702301,80.2195510864,74727,74737,10
12.8292198181,80.2195587158,74737,74748,11
12.8300504684,80.2195587158,74748,74758,10
12.8307504654,80.2195587158,74758,74768,10
12.8310003281,80.219619751,74768,74778,10
12.8311195374,80.2202224731,74778,74788,10
12.8311004639,80.2212295532,74788,74798,10
12.8311004639,80.2221221924,74798,74808,10
12.8310899734,80.2223892212,74808,74818,10
12.8310804367,80.2230224609,74818,74828,10
12.8310699463,80.2237930298,74828,74839,11
12.8310699463,80.224609375,74839,74849,10
12.8310699463,80.224937439,74849,74859,10
12.8310604095,80.2257232666,74859,74869,10
12.8311300278,80.2268066406,74869,74879,10
12.8313903809,80.2279815674,74879,74889,10
12.8316001892,80.228843689,74889,74940,51
12.8316001892,80.228843689,74940,74950,10
12.8316297531,80.229019165,74950,74960,10
12.8316402435,80.2290725708,74960,74970,10
12.8317403793,80.2292175293,74970,74980,10
12.8318500519,80.2292175293,74980,74990,10
12.8323497772,80.2291030884,74990,75000,10
12.8332595825,80.2289428711,75000,75011,11
12.8345603943,80.2287216187,75011,75021,10
12.8357601166,80.2285308838,75021,75031,10
12.8369503021,80.2283477783,75031,75041,10
12.8378200531,80.2281799316,75041,75051,10
12.8381996155,80.2281036377,75051,75071,20
12.8383798599,80.2280807495,75071,75092,21
12.8386096954,80.2280197144,75092,75142,50
12.8389902115,80.2278900146,75142,75173,31
12.8389902115,80.2278900146,75173,75183,10
12.8394002914,80.227722168,75183,75243,60
12.8394002914,80.227722168,75243,75254,11
12.8395500183,80.2276229858,75254,75264,10
12.8398799896,80.2276077271,75264,75274,10
12.8404197693,80.2275085449,75274,75284,10
12.841170311,80.2273178101,75284,75294,10
12.8420495987,80.2270889282,75294,75304,10
12.8430204391,80.2269210815,75304,75314,10
12.8438997269,80.2267684937,75314,75324,10
12.8446102142,80.2266921997,75324,75334,10
12.8453502655,80.2266387939,75334,75365,31
12.8453502655,80.2266387939,75365,75375,10
12.8453998566,80.2266387939,75375,75385,10
12.8457098007,80.2266387939,75385,75395,10
12.8462400436,80.2266311646,75395,75405,10
12.8469600677,80.2266311646,75405,75415,10
12.8477697372,80.2266235352,75415,75426,11
12.8486604691,80.2266235352,75426,75436,10
12.8494300842,80.2266082764,75436,75446,10
12.8497800827,80.2266082764,75446,75466,20
12.8497800827,80.2266082764,75466,75476,10
12.8500299454,80.2266082764,75476,75486,10
12.8504695892,80.2266235352,75486,75496,10
12.8510303497,80.2266464233,75496,75507,11
12.8517503738,80.2266769409,75507,75517,10
12.852399826,80.2267227173,75517,75527,10
12.8530397415,80.2267303467,75527,75537,10
12.8537902832,80.2266693115,75537,75547,10
12.8545303345,80.2265930176,75547,75557,10
12.8552303314,80.2265090942,75557,75567,10
12.8559103012,80.2264404297,75567,75577,10
12.8565797806,80.2263793945,75577,75587,10
12.8572902679,80.2263031006,75587,75598,11
12.8581600189,80.2262802124,75598,75608,10
12.8591098785,80.2263565063,75608,75618,10
12.8607597351,80.2265930176,75618,75638,20
12.8607597351,80.2265930176,75638,75648,10
12.8609695435,80.2266235352,75648,75658,10
12.8614997864,80.2266235352,75658,75668,10
12.8623895645,80.2265777588,75668,75679,11
12.8635797501,80.2265701294,75679,75689,10
12.8645401001,80.226600647,75689,75699,10
12.8652200699,80.2266235352,75699,75709,10
12.8655595779,80.2266235352,75709,75790,81
12.8655595779,80.2266235352,75790,75800,10
12.8657798767,80.2266235352,75800,75810,10
12.865940094,80.2266082764,75810,75820,10
12.8661298752,80.226600647,75820,75830,10
12.8663101196,80.2265777588,75830,75840,10
12.8665399551,80.2265701294,75840,75851,11
12.8668203354,80.2265625,75851,75861,10
12.8669595718,80.2265396118,75861,75871,10
12.8672800064,80.2265090942,75871,75881,10
12.8678703308,80.2264404297,75881,75891,10
12.8683395386,80.2264328003,75891,75901,10
12.8687295914,80.2264480591,75901,75911,10
12.8694801331,80.2265319824,75911,75921,10
12.8704099655,80.2266311646,75921,75932,11
12.871430397,80.2266998291,75932,75942,10
12.8722600937,80.2267074585,75942,75952,10
12.8727798462,80.2267227173,75952,75962,10
12.8728399277,80.2267227173,75962,75972,10
12.8732404709,80.2267379761,75972,75982,10
12.8740596771,80.2267990112,75982,75992,10
12.8750600815,80.2269210815,75992,76002,10
12.8758296967,80.2269668579,76002,76013,11
12.876159668,80.2269515991,76013,76023,10
12.87637043,80.2269592285,76023,76033,10
12.8767499924,80.2269363403,76033,76053,20
12.8767499924,80.2269363403,76053,76063,10
12.8771600723,80.2269210815,76063,76073,10
12.8779001236,80.2268600464,76073,76083,10
12.8788299561,80.2267990112,76083,76093,10
12.8799800873,80.2267608643,76093,76104,11
12.8813199997,80.2267532349,76104,76114,10
12.8824596405,80.2267608643,76114,76124,10
12.8835401535,80.2267379761,76124,76134,10
12.884469986,80.2267227173,76134,76144,10
12.8850603104,80.2267303467,76144,76154,10
12.8851804733,80.2267379761,76154,76164,10
12.8852396011,80.2267608643,76164,76174,10
12.8855800629,80.2268295288,76174,76185,11
12.8863401413,80.2270278931,76185,76195,10
12.887140274,80.2272262573,76195,76205,10
12.8881196976,80.2273635864,76205,76215,10
12.8892402649,80.2274017334,76215,76225,10
12.8904399872,80.2274017334,76225,76235,10
12.8915596008,80.2273788452,76235,76245,10
12.8924102783,80.2274093628,76245,76255,10
12.893289566,80.2275085449,76255,76266,11
12.8944997787,80.2276229858,76266,76276,10
12.8957996368,80.2276992798,76276,76286,10
12.8972997665,80.2277603149,76286,76296,10
12.8986997604,80.2278366089,76296,76306,10
12.8996601105,80.2278823853,76306,76316,10
12.9003801346,80.2279281616,76316,76326,10
12.9009399414,80.2279586792,76326,76336,10
12.9013795853,80.2279891968,76336,76346,10
12.90184021,80.2279968262,76346,76357,11
12.9023303986,80.2280273438,76357,76387,30
12.9023303986,80.2280273438,76387,76397,10
12.9026498795,80.2280883789,76397,76407,10
12.9032402039,80.2281112671,76407,76417,10
12.9036798477,80.2281265259,76417,76427,10
12.9038200378,80.2281417847,76427,76438,11
12.9044799805,80.228187561,76438,76458,20
12.9044799805,80.228187561,76458,76468,10
12.9049501419,80.2282333374,76468,76539,71
12.9049501419,80.2282333374,76539,76549,10
12.905090332,80.2282714844,76549,76559,10
12.9053297043,80.2282791138,76559,76569,10
12.9056301117,80.2282791138,76569,76579,10
12.90583992,80.2282867432,76579,76589,10
12.9060401917,80.228302002,76589,76599,10
12.9063596725,80.2282714844,76599,76680,81
12.9063596725,80.2282714844,76680,76691,11
12.9066696167,80.2282791138,76691,76701,10
12.907119751,80.2283172607,76701,76711,10
12.907959938,80.2284622192,76711,76721,10
12.9091596603,80.2286834717,76721,76731,10
12.9104604721,80.2288894653,76731,76741,10
12.9118404388,80.2290802002,76741,76751,10
12.9129600525,80.2292175293,76751,76761,10
12.9138202667,80.2293167114,76761,76772,11
12.9140396118,80.2293395996,76772,76782,10
12.9141597748,80.2293624878,76782,76792,10
12.9147396088,80.2294464111,76792,76802,10
12.9157400131,80.229598999,76802,76812,10
12.9169797897,80.2297821045,76812,76822,10
12.9183998108,80.2299804688,76822,76832,10
12.9196796417,80.2301635742,76832,76842,10
12.9211301804,80.2303390503,76842,76852,10
12.9225702286,80.2305374146,76852,76863,11
12.9240102768,80.2307434082,76863,76873,10
12.9251203537,80.2308807373,76873,76883,10
12.9261198044,80.2309799194,76883,76893,10
12.9264602661,80.231010437,76893,76903,10
12.9267396927,80.2310409546,76903,76913,10
12.9274396896,80.2311172485,76913,76923,10
12.9282903671,80.2312393188,76923,76933,10
12.9287204742,80.2313079834,76933,76944,11
12.929019928,80.2313690186,76944,76954,10
12.9298295975,80.2315597534,76954,76964,10
12.9309101105,80.2318572998,76964,76974,10
12.9319496155,80.2322006226,76974,76984,10
12.9329500198,80.2325286865,76984,76994,10
12.9336099625,80.2328033447,76994,77004,10
12.9337100983,80.2328414917,77004,77014,10
12.9338102341,80.2329101563,77014,77024,10
12.9344396591,80.2332000732,77024,77035,11
12.9352998734,80.2335968018,77035,77045,10
12.9361095428,80.2339706421,77045,77055,10
12.9371204376,80.2344589233,77055,77065,10
12.9383802414,80.2350692749,77065,77075,10
12.9393701553,80.2355575562,77075,77085,10
12.9396295547,80.2356796265,77085,77095,10
12.9396800995,80.2357025146,77095,77105,10
12.9401903152,80.2359008789,77105,77116,11
12.9411201477,80.2361602783,77116,77126,10
12.9422798157,80.2364807129,77126,77136,10
12.9433698654,80.237159729,77136,77146,10
12.9442796707,80.2381591797,77146,77156,10
12.9451704025,80.2390899658,77156,77166,10
12.9462003708,80.2396697998,77166,77176,10
12.94713974,80.2400131226,77176,77186,10
12.9472303391,80.2400436401,77186,77197,11
12.9474496841,80.2401275635,77197,77207,10
12.9479999542,80.2403488159,77207,77217,10
12.9484996796,80.2405471802,77217,77227,10
12.9486398697,80.2406082153,77227,77237,10
12.9487199783,80.2406387329,77237,77247,10
12.9491996765,80.2408370972,77247,77257,10
12.9500303268,80.2410964966,77257,77267,10
12.9509000778,80.2413635254,77267,77277,10
12.9509601593,80.2413787842,77277,77288,11
12.9513502121,80.2415313721,77288,77298,10
12.9520101547,80.2417831421,77298,77308,10
12.9528799057,80.2421112061,77308,77318,10
12.9537000656,80.24243927,77318,77328,10
12.955039978,80.2429504395,77328,77338,10
12.955039978,80.2429504395,77338,77348,10
12.9558897018,80.2432632446,77348,77358,10
12.9563798904,80.2434387207,77358,77369,11
12.9569597244,80.2436904907,77369,77379,10
12.9577903748,80.2440719604,77379,77389,10
12.9585399628,80.2443695068,77389,77399,10
12.9589004517,80.2445297241,77399,77409,10
12.9590101242,80.2445831299,77409,77419,10
12.9596595764,80.2448883057,77419,77427,8
12.9605998993,80.2453308105,77427,77439,12
12.9619998932,80.2460021973,77439,77449,10
12.9629802704,80.2464599609,77449,77460,11
12.9631595612,80.2465362549,77460,77470,10
12.9632997513,80.2466430664,77470,77480,10
12.9638299942,80.2469100952,77480,77490,10
12.9645795822,80.247177124,77490,77500,10
12.9655799866,80.2475204468,77500,77510,10
12.9663600922,80.2478103638,77510,77520,10
12.9664402008,80.2478408813,77520,77530,10
12.9665899277,80.2479095459,77530,77541,11
12.9672803879,80.248260498,77541,77551,10
12.9683799744,80.2487335205,77551,77561,10
12.9695100784,80.2491989136,77561,77571,10
12.9704999924,80.2495803833,77571,77581,10
12.9720401764,80.2500076294,77581,77591,10
12.9733200073,80.2503433228,77591,77601,10
12.9744997025,80.2506637573,77601,77611,10
12.9758901596,80.2510604858,77611,77622,11
12.9773101807,80.2515411377,77622,77632,10
12.9785499573,80.2524414063,77632,77652,20
12.9785499573,80.2524414063,77652,77662,10
12.9787998199,80.2525634766,77662,77672,10
12.9793395996,80.2526626587,77672,77682,10
12.9798202515,80.2527008057,77682,77692,10
12.9804897308,80.2527008057,77692,77702,10
12.9812498093,80.2526779175,77702,77713,11
12.9822998047,80.2526626587,77713,77723,10
12.9833202362,80.2525787354,77723,77733,10
12.9843797684,80.2522964478,77733,77743,10
12.9851799011,80.2520904541,77743,77753,10
12.9858102798,80.2519073486,77753,77763,10
12.986120224,80.2518234253,77763,77773,10
12.9862203598,80.2517929077,77773,77783,10
12.9863700867,80.2517471313,77783,77794,11
12.9865198135,80.2517318726,77794,77814,20
12.9865198135,80.2517318726,77814,77824,10
12.9866399765,80.2516937256,77824,77834,10
12.9870595932,80.2515563965,77834,77844,10
12.9875402451,80.2514266968,77844,77945,101
12.9875402451,80.2514266968,77945,77955,10
12.9877195358,80.251411438,77955,77966,11
12.9879398346,80.251739502,77966,77976,10
12.9880199432,80.252166748,77976,77986,10
12.9880199432,80.2524795532,77986,77996,10
12.987950325,80.2530593872,77996,78006,10
12.9878797531,80.2537918091,78006,78016,10
12.9877996445,80.2545471191,78016,78026,10
12.9877195358,80.2552566528,78026,78036,10
12.9877004623,80.2555999756,78036,78128,92
12.9877004623,80.2555999756,78128,78138,10
12.9876804352,80.2556228638,78138,78148,10
12.9876098633,80.2559814453,78148,78158,10
12.9875097275,80.2566604614,78158,78168,10
12.9874401093,80.2571792603,78168,78178,10
12.9874000549,80.2578582764,78178,78188,10
12.9873504639,80.2584609985,78188,78198,10
12.9872999191,80.2589797974,78198,78208,10
12.9871997833,80.2593688965,78208,78229,21
12.9871997833,80.2593688965,78229,78239,10
12.9872503281,80.2595062256,78239,78259,20
12.9872503281,80.2595062256,78259,78269,10
12.9869403839,80.2594604492,78269,85699,7430
12.9870300293,80.2591781616,85699,85941,242
12.9869203568,80.2592773438,85941,86245,304
