12.9866800308,80.2590789795,16,107,91
12.9868898392,80.2591400146,107,1419,1312
12.9867401123,80.258972168,1419,2915,1496
12.9870004654,80.2591018677,2915,3915,1000
12.9868402481,80.2590408325,3915,6277,2362
12.9869203568,80.2590179443,6277,10226,3949
12.9868297577,80.2590408325,10226,11206,980
12.9869298935,80.2590026855,11206,13023,1817
12.9868497849,80.2590179443,13023,14316,1293
12.9869403839,80.2591094971,14316,15427,1111
12.9868402481,80.2590789795,15427,15649,222
12.9868402481,80.258972168,15649,16519,870
12.9868402481,80.258972168,16519,16529,10
12.9869098663,80.2589874268,16529,17065,536
12.9869098663,80.2589874268,17065,17075,10
12.9867200851,80.2590026855,17075,18821,1746
12.9867897034,80.2591629028,18821,18852,31
12.9871702194,80.2591705322,18852,18892,40
12.9871702194,80.2591705322,18892,18902,10
12.9874000549,80.2588272095,18902,18912,10
12.9874296188,80.2583999634,18912,18922,10
12.9874601364,80.2578887939,18922,18933,11
12.9874897003,80.2574081421,18933,18943,10
12.9875497818,80.2567214966,18943,18953,10
12.9876003265,80.2560195923,18953,18963,10
12.9877195358,80.2554397583,18963,18973,10
12.9877595901,80.2549591064,18973,18983,10
12.9878101349,80.2542190552,18983,18993,10
12.987859726,80.2534332275,18993,19003,10
12.9879398346,80.2525634766,19003,19013,10
12.9878902435,80.2518234253,19013,19023,10
12.9877004623,80.2515716553,19023,19033,10
12.9877004623,80.2515563965,19033,19044,11
12.9873304367,80.2515792847,19044,19054,10
12.9866695404,80.2517166138,19054,19064,10
12.9858598709,80.2519378662,19064,19074,10
12.9849004745,80.2521972656,19074,19084,10
12.9838399887,80.2524871826,19084,19094,10
12.9827299118,80.2526779175,19094,19104,10
12.9816198349,80.2527084351,19104,19114,10
12.9806499481,80.2527389526,19114,19124,10
12.9798402786,80.2527389526,19124,19134,10
12.9788398743,80.2526473999,19134,19145,11
12.9786100388,80.2525787354,19145,19155,10
12.9782800674,80.2523803711,19155,19165,10
12.9777002335,80.2518768311,19165,19175,10
12.9768695831,80.2513275146,19175,19185,10
12.975810051,80.2510070801,19185,19195,10
12.974729538,80.2506866455,19195,19205,10
12.9736204147,80.2503890991,19205,19215,10
12.9725103378,80.2500762939,19215,19225,10
12.9714002609,80.249786377,19225,19234,9
12.9703702927,80.2494812012,19234,19245,11
12.9693403244,80.2490692139,19245,19256,11
12.9678497314,80.2484588623,19256,19266,10
12.9667901993,80.2479782104,19266,19276,10
12.9658298492,80.2475814819,19276,19286,10
12.965089798,80.2473373413,19286,19296,10
12.9650402069,80.2472991943,19296,19306,10
12.9645996094,80.2471084595,19306,19316,10
12.9638395309,80.2468414307,19316,19326,10
12.9629602432,80.2464294434,19326,19336,10
12.9619703293,80.2459487915,19336,19346,10
12.9609003067,80.2454376221,19346,19357,11
12.9597597122,80.2449188232,19357,19367,10
12.9593696594,80.2447662354,19367,19377,10
12.9590902328,80.2446212769,19377,19387,10
12.9584197998,80.2443389893,19387,19397,10
12.9577598572,80.2440795898,19397,19407,10
12.9570398331,80.2438278198,19407,19417,10
12.9563703537,80.243598938,19417,19427,10
12.9560403824,80.2434692383,19427,19437,10
12.9554004669,80.2431335449,19437,19447,10
12.9545297623,80.2427520752,19447,19457,10
12.9535903931,80.2423400879,19457,19468,11
12.9525003433,80.2419128418,19468,19478,10
12.9516897202,80.2416381836,19478,19488,10
12.9514703751,80.2415390015,19488,19498,10
12.9507904053,80.2413024902,19498,19508,10
12.9498596191,80.2410202026,19508,19518,10
12.9490003586,80.2407073975,19518,19528,10
12.9489803314,80.2401580811,19528,19538,10
12.9491701126,80.2394104004,19538,19548,10
12.9492301941,80.2391967773,19548,19558,10
12.949379921,80.2386474609,19558,19569,11
12.9495401382,80.2377090454,19569,19579,10
12.949669838,80.2367401123,19579,19589,10
12.9497900009,80.2360076904,19589,19599,10
12.9498195648,80.2358398438,19599,19609,10
12.9498300552,80.2358093262,19609,19619,10
12.9498701096,80.2356185913,19619,19629,10
12.9499397278,80.2350769043,19629,19639,10
12.9500102997,80.2342910767,19639,19649,10
12.9500303268,80.2339172363,19649,19659,10
12.9500303268,80.2336196899,19659,19669,10
12.9499998093,80.2328109741,19669,19680,11
12.9499197006,80.2318191528,19680,19690,10
12.949839592,80.230758667,19690,19700,10
12.949760437,80.229637146,19700,19710,10
12.9497003555,80.228477478,19710,19720,10
12.9495801926,80.2263412476,19720,19730,10
12.9495801926,80.2263412476,19730,19740,10
12.9495201111,80.2251968384,19740,19750,10
12.9494600296,80.2240219116,19750,19760,10
12.9493999481,80.2228469849,19760,19770,10
12.9493398666,80.2216415405,19770,19781,11
12.9492101669,80.2203063965,19781,19791,10
12.9490804672,80.2190628052,19791,19811,20
12.9488296509,80.2165298462,19811,19821,10
12.9486999512,80.2152404785,19821,19831,10
12.9485998154,80.2142028809,19831,19840,9
12.9484596252,80.2128295898,19840,19851,11
12.9483995438,80.211479187,19851,19861,10
12.948390007,80.2103424072,19861,19871,10
12.9484195709,80.2093582153,19871,19882,11
12.9484901428,80.2087173462,19882,19892,10
12.9485301971,80.2082901001,19892,19902,10
12.9486198425,80.2074737549,19902,19912,10
12.9486999512,80.2064437866,19912,19922,10
12.9487104416,80.2053222656,19922,19932,10
12.948679924,80.2041168213,19932,19942,10
12.9486303329,80.203163147,19942,19952,10
12.9485797882,80.2016906738,19952,19962,10
12.9485397339,80.2004699707,19962,19972,10
12.9484996796,80.1993179321,19972,19982,10
12.9484596252,80.1988983154,19982,19993,11
12.9484596252,80.1984405518,19993,20003,10
12.9484701157,80.1976470947,20003,20013,10
12.9484796524,80.1966629028,20013,20023,10
12.9484996796,80.1956787109,20023,20033,10
12.9484996796,80.1954727173,20033,20043,10
12.94851017,80.1949310303,20043,20053,10
12.9485301971,80.1940612793,20053,20063,10
12.9485702515,80.1929626465,20063,20073,10
12.9486103058,80.1917266846,20073,20083,10
12.948679924,80.1905517578,20083,20094,11
12.9487600327,80.189453125,20094,20104,10
12.9488601685,80.1884002686,20104,20114,10
12.9489402771,80.1875,20114,20123,9
12.9490604401,80.1861877441,20123,20134,11
12.949090004,80.1849975586,20134,20144,10
12.9491901398,80.1839981079,20144,20154,10
12.9491996765,80.183883667,20154,20164,10
12.9492797852,80.1834564209,20164,20174,10
12.9494199753,80.1826324463,20174,20184,10
12.9495897293,80.1816177368,20184,20194,10
12.9497203827,80.1809768677,20194,20205,11
12.9498500824,80.1803207397,20205,20215,10
12.9500303268,80.1794586182,20215,20225,10
12.9502801895,80.1784286499,20225,20235,10
12.9505596161,80.1773834229,20235,20245,10
12.9508399963,80.1763000488,20245,20255,10
12.9510698318,80.175201416,20255,20265,10
12.9512996674,80.174118042,20265,20275,10
12.9515304565,80.1729812622,20275,20285,10
12.9517402649,80.1717987061,20285,20295,10
12.9519701004,80.1706085205,20295,20306,11
12.9521903992,80.1693191528,20306,20316,10
12.9524097443,80.168182373,20316,20326,10
12.9527196884,80.1670303345,20326,20336,10
12.9530000687,80.1658706665,20336,20346,10
12.9532604218,80.1647033691,20346,20356,10
12.9535198212,80.163520813,20356,20366,10
12.9537296295,80.1625595093,20366,20376,10
12.9540395737,80.1611099243,20376,20386,10
12.9542703629,80.1598968506,20386,20396,10
12.9544801712,80.158782959,20396,20406,10
12.95470047,80.1577606201,20406,20417,11
12.9549503326,80.1565628052,20417,20427,10
12.9551897049,80.155418396,20427,20437,10
12.9554395676,80.154258728,20437,20447,10
12.9557600021,80.1531295776,20447,20457,10
12.9562797546,80.1521606445,20457,20467,10
12.9571199417,80.1513977051,20467,20477,10
12.958029747,80.150680542,20477,20487,10
12.9587602615,80.1500701904,20487,20497,10
12.9588699341,80.1500015259,20497,20507,10
12.9593095779,80.1496276855,20507,20518,11
12.9596204758,80.1488189697,20518,20528,10
12.9597997665,80.1479797363,20528,20538,10
12.9599895477,80.147102356,20538,20548,10
12.9601802826,80.1462020874,20548,20558,10
12.9603004456,80.1455688477,20558,20568,10
12.9603500366,80.1452026367,20568,20579,11
12.9608697891,80.1454162598,20579,20588,9
12.9616498947,80.1458587646,20588,20599,11
12.9626998901,80.1464309692,20599,20609,10
12.9635696411,80.1469497681,20609,20620,11
12.9644804001,80.1475524902,20620,20630,10
12.9653701782,80.1480484009,20630,20640,10
12.9662904739,80.1485366821,20640,20650,10
12.9672298431,80.1489868164,20650,20660,10
12.9674596786,80.1491012573,20660,20670,10
12.9675703049,80.1491394043,20670,20680,10
12.9680204391,80.1493606567,20680,20690,10
12.9683103561,80.1494903564,20690,20700,10
12.9684095383,80.1495437622,20700,20710,10
12.9687795639,80.1497421265,20710,20720,10
12.9694595337,80.150062561,20720,20731,11
12.9704399109,80.1505432129,20731,20741,10
12.9713802338,80.1509628296,20741,20751,10
12.9721403122,80.1513214111,20751,20761,10
12.9727602005,80.1520690918,20761,20771,10
12.973400116,80.1530075073,20771,20791,20
12.973400116,80.1530075073,20791,20801,10
12.9733600616,80.1531295776,20801,20811,10
12.9731798172,80.1530609131,20811,20821,10
12.9728803635,80.1525802612,20821,20832,11
12.9723997116,80.1518783569,20832,20842,10
12.9717998505,80.1513137817,20842,20852,10
12.9711103439,80.1509399414,20852,20862,10
12.9704198837,80.1506195068,20862,20872,10
12.9697303772,80.1502990723,20872,20882,10
12.9693603516,80.1501922607,20882,20932,50
12.9691696167,80.1499176025,20932,21145,213
12.9692802429,80.1496810913,21145,21256,111
12.9692802429,80.1496810913,21256,21266,10
12.9689397812,80.1497497559,21266,21276,10
12.9688396454,80.1497421265,21276,21286,10
12.9685697556,80.1496582031,21286,21296,10
12.9681797028,80.1494979858,21296,21306,10
12.9679803848,80.1494293213,21306,21316,10
12.9674396515,80.1491928101,21316,21346,30
12.9674396515,80.1491928101,21346,21357,11
12.9670600891,80.149017334,21357,21367,10
12.9665603638,80.1487808228,21367,21377,10
12.966050148,80.1485290527,21377,21387,10
12.9653997421,80.1481704712,21387,21397,10
12.9646501541,80.1477584839,21397,21407,10
12.9637804031,80.1473007202,21407,21417,10
12.9629201889,80.1469421387,21417,21427,10
12.9621601105,80.1465072632,21427,21437,10
12.9614095688,80.1461181641,21437,21447,10
12.9606895447,80.1457290649,21447,21458,11
12.9602499008,80.1458206177,21458,21468,10
12.960100174,80.1465301514,21468,21478,10
12.9599399567,80.1473770142,21478,21488,10
12.9597396851,80.1483535767,21488,21498,10
12.95952034,80.1493682861,21498,21508,10
12.9589195251,80.1501235962,21508,21518,10
12.9585695267,80.1504211426,21518,21528,10
12.9582595825,80.150680542,21528,21538,10
12.957690239,80.1511383057,21538,21548,10
12.9569797516,80.1517181396,21548,21558,10
12.9562301636,80.1524200439,21558,21569,11
12.9557199478,80.1534118652,21569,21579,10
12.9554395676,80.1544036865,21579,21589,10
12.9552297592,80.1554412842,21589,21599,10
12.9550104141,80.156539917,21599,21609,10
12.9547796249,80.1576919556,21609,21619,10
12.9545497894,80.1588287354,21619,21629,10
12.9543104172,80.1599197388,21629,21639,10
12.954079628,80.1610412598,21639,21649,10
12.9538402557,80.1621627808,21649,21659,10
12.9535999298,80.1633300781,21659,21670,11
12.9533195496,80.1646499634,21670,21680,10
12.9530601501,80.1658401489,21680,21690,10
12.9527797699,80.1670074463,21690,21700,10
12.952460289,80.168182373,21700,21710,10
12.9522199631,80.169380188,21710,21720,10
12.9519996643,80.1706008911,21720,21730,10
12.9517803192,80.1718215942,21730,21740,10
12.9515695572,80.1730422974,21740,21750,10
12.9513702393,80.1740875244,21750,21760,10
12.9512395859,80.1747589111,21760,21770,10
12.951210022,80.174911499,21770,21781,11
12.9510803223,80.1755828857,21781,21791,10
12.9508695602,80.1764297485,21791,21801,10
12.9506101608,80.1773910522,21801,21811,10
12.9503498077,80.1784210205,21811,21821,10
12.9500799179,80.1794967651,21821,21831,10
12.9498796463,80.1805725098,21831,21841,10
12.9497203827,80.1814193726,21841,21851,10
12.949640274,80.1819000244,21851,21861,10
12.9495000839,80.1827316284,21861,21871,10
12.9493598938,80.1836700439,21871,21882,11
12.9493198395,80.1838912964,21882,21892,10
12.949259758,80.1842803955,21892,21902,10
12.9492301941,80.1850204468,21902,21912,10
12.9491996765,80.1854629517,21912,21922,10
12.9491500854,80.1861572266,21922,21932,10
12.9490804672,80.1870193481,21932,21942,10
12.9489898682,80.1878890991,21942,21952,10
12.9489002228,80.1888427734,21952,21962,10
12.9487800598,80.1898803711,21962,21972,10
12.9486904144,80.1910324097,21972,21982,10
12.9486303329,80.192199707,21982,21993,11
12.9486103058,80.1934509277,21993,22003,10
12.9485797882,80.1946182251,22003,22013,10
12.9486103058,80.1954498291,22013,22023,10
12.9485998154,80.1956176758,22023,22033,10
12.948559761,80.1961364746,22033,22043,10
12.9485397339,80.1969223022,22043,22053,10
12.9485397339,80.1978988647,22053,22063,10
12.9485797882,80.1988677979,22063,22073,10
12.9486103058,80.1995620728,22073,22083,10
12.9486103058,80.1996383667,22083,22094,11
12.9486303329,80.2003326416,22094,22104,10
12.9486398697,80.2012405396,22104,22114,10
12.9486703873,80.2022399902,22114,22124,10
12.9486999512,80.2032318115,22124,22134,10
12.9487199783,80.2041015625,22134,22144,10
12.9487600327,80.2054824829,22144,22154,10
12.9487495422,80.2066421509,22154,22164,10
12.9486904144,80.2077636719,22164,22174,10
12.9485998154,80.2088317871,22174,22184,10
12.9485797882,80.2092590332,22184,22195,11
12.9485902786,80.2092590332,22195,22205,10
12.9485797882,80.2095489502,22205,22215,10
12.9486103058,80.2100601196,22215,22225,10
12.9485197067,80.2107009888,22225,22235,10
12.9484996796,80.2115478516,22235,22245,10
12.9485301971,80.2125778198,22245,22255,10
12.9486103058,80.2136535645,22255,22265,10
12.9487104416,80.2147598267,22265,22275,10
12.9488201141,80.2158813477,22275,22285,10
12.9489297867,80.2170181274,22285,22295,10
12.9490404129,80.2181777954,22295,22306,11
12.9491596222,80.2194519043,22306,22316,10
12.9492797852,80.2206115723,22316,22326,10
12.9493904114,80.2217788696,22326,22336,10
12.9494600296,80.2229690552,22336,22346,10
12.9495096207,80.2241210938,22346,22356,10
12.9495601654,80.2252731323,22356,22366,10
12.9496202469,80.2264022827,22366,22376,10
12.949669838,80.2272872925,22376,22386,10
12.9497404099,80.2286529541,22386,22396,10
12.9497995377,80.2297897339,22396,22407,11
12.9498901367,80.2310714722,22407,22417,10
12.9499902725,80.2321624756,22417,22427,10
12.950050354,80.2328796387,22427,22437,10
12.950050354,80.2330169678,22437,22447,10
12.9500904083,80.2336120605,22447,22457,10
12.9500799179,80.2344589233,22457,22467,10
12.9499998093,80.2352523804,22467,22477,10
12.9499702454,80.2358322144,22477,22487,10
12.9499502182,80.236038208,22487,22497,10
12.9498195648,80.2366409302,22497,22507,10
12.9496898651,80.2374420166,22507,22518,11
12.949549675,80.2383804321,22518,22528,10
12.9493703842,80.2393417358,22528,22538,10
12.9491796494,80.240272522,22538,22548,10
12.9491596222,80.240447998,22548,22558,10
12.9492797852,80.2407684326,22558,22568,10
12.9498500824,80.2409820557,22568,22578,10
12.9506196976,80.2412185669,22578,22588,10
12.9509601593,80.241317749,22588,22598,10
12.9514598846,80.2415237427,22598,22608,10
12.9521799088,80.2417984009,22608,22619,11
12.9531602859,80.2421722412,22619,22629,10
12.9539604187,80.2425079346,22629,22639,10
12.9546699524,80.242767334,22639,22649,10
12.9553604126,80.2430267334,22649,22659,10
12.9561195374,80.2433776855,22659,22669,10
12.9564399719,80.243560791,22669,22679,10
12.9569797516,80.2437515259,22679,22689,10
12.9578199387,80.2440490723,22689,22699,10
12.9586601257,80.244392395,22699,22709,10
12.9589004517,80.2444763184,22709,22719,10
12.9590797424,80.2445602417,22719,22730,11
12.9596796036,80.2448577881,22730,22740,10
12.9604597092,80.2452316284,22740,22750,10
12.9613800049,80.2456512451,22750,22760,10
12.9623203278,80.2461090088,22760,22770,10
12.9631795883,80.2465362549,22770,22780,10
12.9638299942,80.2468490601,22780,22790,10
12.964679718,80.2471694946,22790,22800,10
12.9656600952,80.2474975586,22800,22810,10
12.9665403366,80.247833252,22810,22820,10
12.9666795731,80.2479019165,22820,22831,11
12.9668102264,80.2479705811,22831,22841,10
12.9672298431,80.2481918335,22841,22851,10
12.9679899216,80.2485198975,22851,22861,10
12.9689397812,80.248878479,22861,22871,10
12.969909668,80.2492675781,22871,22881,10
12.9709396362,80.2496414185,22881,22891,10
12.9720201492,80.2499389648,22891,22901,10
12.9730997086,80.2502212524,22901,22911,10
12.9741802216,80.25050354,22911,22921,10
12.9752902985,80.250831604,22921,22931,10
12.9765100479,80.2511825562,22931,22942,11
12.9775400162,80.2516021729,22942,22951,9
12.9782896042,80.2521972656,22951,22962,11
12.9791603088,80.2525863647,22962,22972,10
12.9800195694,80.2526626587,22972,22982,10
12.9809103012,80.2526626587,22982,22992,10
12.9819498062,80.2526626587,22992,23002,10
12.9830598831,80.2526016235,23002,23012,10
12.9841499329,80.2523727417,23012,23022,10
12.9852199554,80.2520828247,23022,23032,10
12.9861497879,80.2518310547,23032,23043,11
12.9869003296,80.2516021729,23043,23053,10
12.9873800278,80.2514724731,23053,23073,20
12.9873800278,80.2514724731,23073,23083,10
12.9877595901,80.2513809204,23083,23093,10
12.9879703522,80.2516403198,23093,23103,10
12.9880504608,80.2522125244,23103,23113,10
12.9879798889,80.253036499,23113,23123,10
12.9879102707,80.2539672852,23123,23133,10
12.9878396988,80.2548522949,23133,23144,11
12.9877595901,80.255531311,23144,23204,60
12.9877595901,80.255531311,23204,23214,10
12.9877099991,80.2557601929,23214,23224,10
12.9876403809,80.2561187744,23224,23234,10
12.9876203537,80.256652832,23234,23244,10
12.9875402451,80.2573623657,23244,23255,11
12.9874801636,80.2580795288,23255,23265,10
12.9874296188,80.2587127686,23265,23275,10
12.9872999191,80.2592391968,23275,23366,91
12.9873104095,80.2596282959,23366,23406,40
12.9868898392,80.2595596313,23406,23468,62
12.9868898392,80.2595596313,23468,23479,11
12.9869403839,80.2592468262,23479,25003,1524
12.9869403839,80.2592468262,25003,25013,10
12.9872999191,80.2590866089,25013,25024,11
12.9873800278,80.2588500977,25024,25034,10
12.9874095917,80.2584609985,25034,25044,10
12.9874200821,80.2580413818,25044,25054,10
12.987449646,80.2577209473,25054,25064,10
12.9874696732,80.2571716309,25064,25074,10
12.9875402451,80.2565002441,25074,25084,10
12.9876003265,80.2558670044,25084,25094,10
12.9877004623,80.2554321289,25094,25104,10
12.9877195358,80.2549209595,25104,25114,10
12.9877195358,80.2548217773,25114,25125,11
12.9877500534,80.2542800903,25125,25135,10
12.9878101349,80.2535400391,25135,25145,10
12.9878797531,80.2527008057,25145,25155,10
12.987859726,80.2519226074,25155,25165,10
12.987739563,80.2516403198,25165,25175,10
12.9876499176,80.2515792847,25175,25185,10
12.9871797562,80.2516098022,25185,25195,10
12.9865598679,80.2517623901,25195,25205,10
12.9857997894,80.2519226074,25205,25215,10
12.9848003387,80.2521820068,25215,25226,11
12.9835100174,80.252532959,25226,25236,10
12.9821796417,80.2526702881,25236,25246,10
12.9808502197,80.2527084351,25246,25256,10
12.9800701141,80.2527236938,25256,25266,10
12.9796600342,80.2527008057,25266,25276,10
12.9789400101,80.2526626587,25276,25286,10
12.9785995483,80.252571106,25286,25296,10
12.9784803391,80.2525024414,25296,25306,10
12.9780197144,80.2521362305,25306,25316,10
12.9773702621,80.2515792847,25316,25326,10
12.9764499664,80.2511978149,25326,25337,11
12.9752397537,80.2508392334,25337,25347,10
12.9741401672,80.250541687,25347,25357,10
12.9732503891,80.2502822876,25357,25367,10
12.9722604752,80.2500076294,25367,25377,10
12.9712095261,80.2497177124,25377,25387,10
12.9701404572,80.249382019,25387,25397,10
12.9691400528,80.2489776611,25397,25407,10
12.9681301117,80.2485809326,25407,25417,10
12.9671401978,80.2481613159,25417,25427,10
12.9662103653,80.2477264404,25427,25438,11
12.9652395248,80.2473831177,25438,25448,10
12.9651403427,80.2473526001,25448,25458,10
12.9648504257,80.2472610474,25458,25468,10
12.964220047,80.2470169067,25468,25478,10
12.963640213,80.2468032837,25478,25488,10
12.9633903503,80.2466812134,25488,25498,10
12.9626598358,80.2463226318,25498,25508,10
12.9618196487,80.2458877563,25508,25518,10
12.9609098434,80.2454528809,25518,25528,10
12.9599399567,80.245010376,25528,25538,10
12.9593801498,80.2447814941,25538,25549,11
12.9593400955,80.2447280884,25549,25559,10
12.9589500427,80.2445373535,25559,25569,10
12.9582700729,80.2442398071,25569,25579,10
12.9576597214,80.2440109253,25579,25589,10
12.9568901062,80.2437973022,25589,25599,10
12.9563999176,80.2436523438,25599,25609,10
12.9562797546,80.2436065674,25609,25619,10
12.9558401108,80.2433776855,25619,25629,10
12.9551000595,80.2429962158,25629,25639,10
12.954199791,80.2426071167,25639,25650,11
12.9531097412,80.2421569824,25650,25660,10
12.9520702362,80.2417678833,25660,25670,10
12.9517002106,80.2416610718,25670,25680,10
12.9516096115,80.2416229248,25680,25690,10
12.9514303207,80.2415466309,25690,25700,10
12.9510202408,80.2413787842,25700,25710,10
12.9502897263,80.2411422729,25710,25720,10
12.9491796494,80.2407989502,25720,25750,30
12.9491796494,80.2407989502,25750,25761,11
12.9489603043,80.2406692505,25761,25771,10
12.9489803314,80.2402114868,25771,25781,10
12.949139595,80.2394866943,25781,25791,10
12.9491701126,80.2393264771,25791,25801,10
12.9492702484,80.2390289307,25801,25811,10
12.9494304657,80.2383728027,25811,25821,10
12.9495601654,80.2375183105,25821,25831,10
12.9496898651,80.2366333008,25831,25841,10
12.9497995377,80.2359619141,25841,25882,41
12.9497995377,80.2359619141,25882,25892,10
12.949839592,80.2358398438,25892,25902,10
12.9498996735,80.2352828979,25902,25912,10
12.9499902725,80.2344970703,25912,25922,10
12.9499998093,80.233833313,25922,25932,10
12.9499998093,80.233757019,25932,25942,10
12.9499998093,80.2332687378,25942,25952,10
12.9499597549,80.2324676514,25952,25963,11
12.9498596191,80.2313919067,25963,25973,10
12.9497699738,80.2303466797,25973,25983,10
12.9497203827,80.2291793823,25983,25993,10
12.9496498108,80.2279586792,25993,26003,10
12.9495897293,80.2266769409,26003,26013,10
12.9495296478,80.2254333496,26013,26023,10
12.9494695663,80.224281311,26023,26033,10
12.9494104385,80.2230377197,26033,26043,10
12.9493398666,80.2217407227,26043,26053,10
12.9492397308,80.2205810547,26053,26063,10
12.9490995407,80.2191619873,26063,26074,11
12.9489603043,80.2177200317,26074,26084,10
12.9488201141,80.2164001465,26084,26094,10
12.9486999512,80.2151184082,26094,26104,10
12.9485797882,80.2138671875,26104,26114,10
12.9484701157,80.2126312256,26114,26124,10
12.9484195709,80.2113800049,26124,26134,10
12.9483995438,80.2103729248,26134,26144,10
12.9483699799,80.2099227905,26144,26154,10
12.9484996796,80.2092514038,26154,26163,9
12.9485397339,80.2086868286,26163,26175,12
12.9485397339,80.2086791992,26175,26185,10
12.9485902786,80.2085723877,26185,26195,10
12.9486103058,80.2081069946,26195,26205,10
12.948679924,80.2073974609,26205,26215,10
12.9487304688,80.2065505981,26215,26225,10
12.9487400055,80.2055892944,26225,26235,10
12.9486999512,80.204460144,26235,26245,10
12.9486598969,80.2032470703,26245,26255,10
12.9486103058,80.2020111084,26255,26264,9
12.9485797882,80.2008590698,26264,26275,11
12.9485397339,80.1997070313,26275,26286,11
12.9484796524,80.1988677979,26286,26296,10
12.9484796524,80.1988067627,26296,26306,10
12.9484701157,80.1984634399,26306,26316,10
12.9484701157,80.1979980469,26316,26326,10
12.9484796524,80.1972732544,26326,26336,10
12.9484901428,80.1963577271,26336,26346,10
12.9484901428,80.1957168579,26346,26356,10
12.9484901428,80.1955184937,26356,26366,10
12.9484996796,80.1953430176,26366,26376,10
12.9484996796,80.1947402954,26376,26387,11
12.9485197067,80.1938323975,26387,26397,10
12.948559761,80.1929168701,26397,26407,10
12.9485998154,80.1918792725,26407,26417,10
12.9486598969,80.1907577515,26417,26427,10
12.9487400055,80.1896362305,26427,26437,10
12.9488601685,80.1885299683,26437,26447,10
12.948969841,80.1873168945,26447,26457,10
12.9490404129,80.1863479614,26457,26467,10
12.9490003586,80.185546875,26467,26477,10
12.9490499496,80.1849517822,26477,26487,10
12.9491996765,80.1837615967,26487,26508,21
12.9491996765,80.1837615967,26508,26518,10
12.9492301941,80.1835174561,26518,26528,10
12.9493398666,80.1828765869,26528,26538,10
12.9495096207,80.1819610596,26538,26548,10
12.9496002197,80.1814804077,26548,26558,10
12.9496498108,80.1811294556,26558,26568,10
12.949760437,80.1806030273,26568,26578,10
12.9499197006,80.1798019409,26578,26588,10
12.9501495361,80.178817749,26588,26599,11
12.9504804611,80.1776123047,26599,26609,10
12.9507703781,80.1764678955,26609,26619,10
12.9510202408,80.1753311157,26619,26629,10
12.951210022,80.1743087769,26629,26639,10
12.9512300491,80.1741790771,26639,26649,10
12.9512996674,80.1738586426,26649,26659,10
12.9514398575,80.1732025146,26659,26669,10
12.9516000748,80.1723175049,26669,26679,10
12.9517498016,80.1714096069,26679,26689,10
12.9517602921,80.1713180542,26689,26698,9
12.9518299103,80.1709976196,26698,26710,12
12.9519996643,80.1701202393,26710,26720,10
12.952170372,80.1691513062,26720,26730,10
12.9524097443,80.1680297852,26730,26740,10
12.9527301788,80.1668319702,26740,26750,10
12.9530296326,80.1655807495,26750,26760,10
12.9533100128,80.1642913818,26760,26770,10
12.9535999298,80.1629486084,26770,26780,10
12.9538898468,80.1615982056,26780,26790,10
12.9541597366,80.1602783203,26790,26800,10
12.9543800354,80.1590881348,26800,26811,11
12.9544897079,80.1585083008,26811,26821,10
12.9545202255,80.1584014893,26821,26831,10
12.9546298981,80.1578674316,26831,26841,10
12.9547996521,80.157081604,26841,26851,10
12.9549999237,80.1561279297,26851,26861,10
12.9552202225,80.1550674438,26861,26871,10
12.9554901123,80.1539230347,26871,26881,10
12.9558496475,80.1527786255,26881,26891,10
12.9565200806,80.1518783569,26891,26901,10
12.9574403763,80.1511230469,26901,26912,11
12.9587497711,80.150062561,26912,26932,20
12.9587497711,80.150062561,26932,26942,10
12.9588603973,80.1499710083,26942,26952,10
12.9592895508,80.1496429443,26952,26962,10
12.9596004486,80.1489486694,26962,26972,10
12.9597702026,80.1481399536,26972,26982,10
12.9599399567,80.1473007202,26982,26994,12
12.9601297379,80.1464614868,26994,27004,10
12.960269928,80.1455383301,27004,27014,10
12.9599199295,80.1452636719,27014,27025,11
12.9590902328,80.1448287964,27025,27035,10
12.9582195282,80.144317627,27035,27044,9
12.9574699402,80.1438903809,27044,27055,11
12.9565896988,80.1434173584,27055,27065,10
12.9556798935,80.1429367065,27065,27073,8
12.955280304,80.1427230835,27073,27085,12
12.955039978,80.1426010132,27085,27095,10
12.9548397064,80.1425018311,27095,27105,10
12.9545297623,80.1423416138,27105,27115,10
12.9540100098,80.1420669556,27115,27136,21
12.9540100098,80.1420669556,27136,27146,10
12.953669548,80.1418380737,27146,27156,10
12.9533100128,80.1416397095,27156,27166,10
12.9530296326,80.1414794922,27166,27196,30
12.9530296326,80.1414794922,27196,27206,10
12.952870369,80.1413421631,27206,27216,10
12.9525203705,80.1410827637,27216,27227,11
12.9517202377,80.1405563354,27227,27247,20
12.9517202377,80.1405563354,27247,27257,10
12.951669693,80.1405410767,27257,27267,10
12.9513702393,80.1402816772,27267,27277,10
12.9509000778,80.1399383545,27277,27287,10
12.9506998062,80.1398162842,27287,27297,10
12.950630188,80.1397628784,27297,27307,10
12.950340271,80.1395111084,27307,27317,10
12.9498796463,80.1390762329,27317,27327,10
12.9493198395,80.1386108398,27327,27338,11
12.948559761,80.1380004883,27338,27348,10
12.9479398727,80.1375808716,27348,27358,10
12.947520256,80.1372909546,27358,27368,10
12.9472198486,80.1370773315,27368,27378,10
12.946969986,80.1368865967,27378,27388,10
12.9466104507,80.1365890503,27388,27398,10
12.9460601807,80.136100769,27398,27408,10
12.9452896118,80.1355209351,27408,27418,10
12.9444198608,80.1348571777,27418,27428,10
12.943570137,80.1341781616,27428,27439,11
12.9428195953,80.1334686279,27439,27449,10
12.9422597885,80.1329193115,27449,27459,10
12.941740036,80.1323776245,27459,27469,10
12.9411697388,80.1317672729,27469,27479,10
12.940489769,80.1310806274,27479,27489,10
12.9397697449,80.1303634644,27489,27499,10
12.9390897751,80.1297531128,27499,27509,10
12.9385004044,80.1292572021,27509,27519,10
12.9380502701,80.1288986206,27519,27529,10
12.9375896454,80.1285629272,27529,27560,31
12.9375896454,80.1285629272,27560,27570,10
12.9374799728,80.1284637451,27570,27580,10
12.9373397827,80.1283187866,27580,27590,10
12.9372396469,80.1281967163,27590,27600,10
12.9371404648,80.1280975342,27600,27610,10
12.9369497299,80.1279525757,27610,27620,10
12.936920166,80.1278915405,27620,27630,10
12.9366102219,80.1276397705,27630,27640,10
12.93612957,80.1272506714,27640,27671,31
12.93612957,80.1272506714,27671,27681,10
12.9360103607,80.1270980835,27681,27691,10
12.9356203079,80.1267471313,27691,27701,10
12.9350099564,80.1262207031,27701,27711,10
12.9342403412,80.1254882813,27711,27721,10
12.9333896637,80.1246566772,27721,27731,10
12.9325199127,80.1237792969,27731,27741,10
12.9316902161,80.1229934692,27741,27752,11
12.9311800003,80.1224594116,27752,27762,10
12.9307804108,80.1220626831,27762,27772,10
12.9301900864,80.1214828491,27772,27782,10
12.9295701981,80.1208496094,27782,27792,10
12.928850174,80.1201171875,27792,27802,10
12.9281396866,80.1194076538,27802,27812,10
12.9275999069,80.1188812256,27812,27822,10
12.927280426,80.1185684204,27822,27863,41
12.927280426,80.1185684204,27863,27873,10
12.9271001816,80.1183013916,27873,27883,10
12.926779747,80.1179962158,27883,27893,10
12.92648983,80.1177215576,27893,27903,10
12.9261198044,80.11743927,27903,27923,20
12.9261198044,80.11743927,27923,27933,10
12.9260501862,80.1173934937,27933,27943,10
12.9257001877,80.1171112061,27943,27953,10
12.9252099991,80.1166305542,27953,27964,11
12.9245796204,80.1159896851,27964,27974,10
12.9242601395,80.1156921387,27974,27984,10
12.9240398407,80.1154708862,27984,27994,10
12.9239597321,80.1150970459,27994,28004,10
12.9241800308,80.1150817871,28004,28014,10
12.9245700836,80.1154937744,28014,28024,10
12.9250802994,80.1159973145,28024,28034,10
12.925740242,80.1166534424,28034,28044,10
12.9262504578,80.1173171997,28044,28054,10
12.9267997742,80.1178436279,28054,28367,313
12.9271202087,80.117980957,28367,28458,91
12.9271202087,80.117980957,28458,28468,10
12.9273395538,80.1183166504,28468,28478,10
12.9275398254,80.1186065674,28478,28489,11
12.9280195236,80.1191101074,28489,28499,10
12.9284296036,80.1195220947,28499,28509,10
12.9287395477,80.1198196411,28509,28519,10
12.9289703369,80.1200027466,28519,28529,10
12.9293298721,80.1203079224,28529,28660,131
12.9293298721,80.1203079224,28660,28670,10
12.9293804169,80.1204833984,28670,28680,10
12.9296302795,80.1207199097,28680,28690,10
12.9300699234,80.1211395264,28690,28701,11
12.9306497574,80.1217269897,28701,28711,10
12.9312200546,80.1222991943,28711,28721,10
12.9315004349,80.1225585938,28721,28731,10
12.9315004349,80.1225662231,28731,28741,10
12.9315395355,80.1225967407,28741,28751,10
12.9317598343,80.122833252,28751,28761,10
12.932220459,80.1232910156,28761,28771,10
12.9327602386,80.1238098145,28771,28781,10
12.9330997467,80.124130249,28781,28791,10
12.9331998825,80.1242370605,28791,28802,11
12.9334602356,80.1245193481,28802,28812,10
12.9338798523,80.124961853,28812,28822,10
12.934419632,80.1254882813,28822,28832,10
12.9349899292,80.1260223389,28832,28842,10
12.9354896545,80.1264190674,28842,28852,10
12.9356002808,80.1264877319,28852,28862,10
12.9356899261,80.1265487671,28862,28872,10
12.9357500076,80.1265869141,28872,28882,10
12.9358701706,80.126663208,28882,28892,10
12.9359197617,80.1267166138,28892,28902,10
12.9360799789,80.1269683838,28902,28913,11
12.9365701675,80.1273880005,28913,28923,10
12.9368600845,80.127281189,28923,28933,10
12.9371700287,80.1268615723,28933,28943,10
12.9376001358,80.1270828247,28943,28953,10
12.9376802444,80.1274795532,28953,28963,10
12.9375896454,80.1276473999,28963,28973,10
12.9375200272,80.1277618408,28973,28983,10
12.9374904633,80.1277770996,28983,28993,10
12.9373998642,80.1279220581,28993,29003,10
12.9374399185,80.128112793,29003,29014,11
12.9378004074,80.12840271,29014,29024,10
12.9381303787,80.1287231445,29024,29034,10
12.9385900497,80.12915802,29034,29044,10
12.9392595291,80.129737854,29044,29054,10
12.9400701523,80.1304702759,29054,29064,10
12.9409799576,80.131401062,29064,29074,10
12.941860199,80.1323165894,29074,29084,10
12.9424800873,80.1329803467,29084,29094,10
12.9430799484,80.1336517334,29094,29104,10
12.9437704086,80.1343307495,29104,29114,10
12.944560051,80.134979248,29114,29125,11
12.9455299377,80.1357421875,29125,29135,10
12.9464797974,80.1364822388,29135,29145,10
12.9474601746,80.1371612549,29145,29155,10
12.9482803345,80.1377563477,29155,29165,10
12.9491901398,80.1384124756,29165,29175,10
12.9500303268,80.1390609741,29175,29185,10
12.9504699707,80.1393814087,29185,29195,10
12.9510498047,80.1397399902,29195,29226,31
12.9510498047,80.1397399902,29226,29236,10
12.9511098862,80.1397628784,29236,29246,10
12.9512996674,80.1398925781,29246,29256,10
12.951379776,80.1399536133,29256,29266,10
12.9514198303,80.1399765015,29266,29276,10
12.9518604279,80.1403121948,29276,29286,10
12.9520998001,80.1406936646,29286,29296,10
12.9525203705,80.1410522461,29296,29306,10
12.9532003403,80.1415100098,29306,29316,10
12.954000473,80.141960144,29316,29327,11
12.9549798965,80.1424636841,29327,29337,10
12.9557199478,80.1428375244,29337,29347,10
12.9562101364,80.1430892944,29347,29357,10
12.9568595886,80.1434326172,29357,29367,10
12.9576196671,80.1438293457,29367,29377,10
12.9584102631,80.1442184448,29377,29387,10
12.9591999054,80.1446228027,29387,29397,10
12.9598999023,80.1449890137,29397,29407,10
12.9603595734,80.1452331543,29407,29417,10
12.9606103897,80.1454315186,29417,29427,10
12.9603500366,80.1458587646,29427,29438,11
12.9601802826,80.1466369629,29438,29448,10
12.9600496292,80.1472396851,29448,29458,10
12.959859848,80.1480636597,29458,29468,10
12.9596395493,80.1491317749,29468,29478,10
12.9591598511,80.1499710083,29478,29488,10
12.9586200714,80.150428772,29488,29498,10
12.9586000443,80.1504364014,29498,29508,10
12.9584703445,80.1505279541,29508,29518,10
12.9580602646,80.1508636475,29518,29528,10
12.9574804306,80.1513214111,29528,29539,11
12.9567203522,80.1519165039,29539,29549,10
12.9561004639,80.1525878906,29549,29559,10
12.9557199478,80.1534729004,29559,29569,10
12.9554595947,80.1543807983,29569,29579,10
12.9552497864,80.1554031372,29579,29589,10
12.9550199509,80.1564712524,29589,29599,10
12.9547996521,80.1575393677,29599,29609,10
12.9546003342,80.1585464478,29609,29619,10
12.9545402527,80.1588363647,29619,29629,10
12.9545297623,80.1588973999,29629,29639,10
12.9544401169,80.159362793,29639,29650,11
12.9544095993,80.1595687866,29650,29660,10
12.9543504715,80.1598129272,29660,29670,10
12.9542102814,80.1604309082,29670,29680,10
12.9540300369,80.1612701416,29680,29690,10
12.9538297653,80.1622161865,29690,29700,10
12.9536104202,80.163230896,29700,29710,10
12.9533700943,80.1643371582,29710,29720,10
12.9531097412,80.1655197144,29720,29730,10
12.9528398514,80.1667404175,29730,29740,10
12.9525098801,80.167930603,29740,29751,11
12.9522199631,80.1692810059,29751,29761,10
12.952050209,80.1704101563,29761,29771,10
12.9520196915,80.1706695557,29771,29781,10
12.9519796371,80.1709365845,29781,29791,10
12.951880455,80.1714477539,29791,29800,9
12.9516897202,80.1724395752,29800,29811,11
12.9514799118,80.1736373901,29811,29821,10
12.9512996674,80.1745910645,29821,29831,10
12.9512500763,80.1748199463,29831,29841,10
12.9511899948,80.1750411987,29841,29851,10
12.9510402679,80.1757202148,29851,29862,11
12.950799942,80.1766967773,29862,29872,10
12.9505195618,80.1777114868,29872,29882,10
12.9502401352,80.1787872314,29882,29892,10
12.9499597549,80.179901123,29892,29902,10
12.9497900009,80.1809310913,29902,29912,10
12.949669838,80.1816635132,29912,29922,10
12.9495296478,80.182472229,29922,29932,10
12.9493703842,80.1834793091,29932,29942,10
12.9492998123,80.1840209961,29942,29963,21
12.9492998123,80.1840209961,29963,29973,10
12.9492702484,80.1842880249,29973,29983,10
12.9492502213,80.1848831177,29983,29993,10
12.9492397308,80.1851730347,29993,30064,71
12.9492397308,80.1851730347,30064,30074,10
12.9492397308,80.1854400635,30074,30084,10
12.9491596222,80.1860733032,30084,30094,10
12.9491195679,80.1867980957,30094,30104,10
12.9490404129,80.1875,30104,30114,10
12.9489498138,80.1883163452,30114,30124,10
12.9488697052,80.189239502,30124,30134,10
12.9487600327,80.1902770996,30134,30144,10
12.948679924,80.1912689209,30144,30153,9
12.9486303329,80.1924209595,30153,30164,11
12.9486103058,80.1934204102,30164,30175,11
12.9485797882,80.1947631836,30175,30185,10
12.9485998154,80.1952896118,30185,30195,10
12.9485998154,80.1952972412,30195,30205,10
12.9485797882,80.195602417,30205,30215,10
12.948559761,80.1962890625,30215,30225,10
12.9485397339,80.1971664429,30225,30235,10
12.9485502243,80.198059082,30235,30245,10
12.948559761,80.1986618042,30245,30255,10
12.9485998154,80.19921875,30255,30265,10
12.9485998154,80.1993026733,30265,30276,11
12.9485902786,80.1994628906,30276,30286,10
12.9486103058,80.1999969482,30286,30296,10
12.9486303329,80.2007980347,30296,30306,10
12.9486398697,80.2016830444,30306,30316,10
12.9486703873,80.20262146,30316,30326,10
12.9486999512,80.2031173706,30326,30336,10
12.9486999512,80.2031707764,30336,30346,10
12.9486999512,80.2035522461,30346,30356,10
12.9487199783,80.2041168213,30356,30366,10
12.9487400055,80.2047271729,30366,30376,10
12.9487600327,80.2054214478,30376,30387,11
12.9487600327,80.2062835693,30387,30397,10
12.9486999512,80.2071762085,30397,30407,10
12.9486398697,80.2081222534,30407,30417,10
12.9485502243,80.2093505859,30417,30447,30
12.9485502243,80.2093505859,30447,30457,10
12.9484996796,80.2096176147,30457,30467,10
12.9484996796,80.2099609375,30467,30477,10
12.9484395981,80.2103881836,30477,30488,11
12.9484395981,80.2111816406,30488,30498,10
12.9484596252,80.212097168,30498,30508,10
12.9485301971,80.2131576538,30508,30518,10
12.9486398697,80.2142486572,30518,30528,10
12.9487400055,80.2153701782,30528,30538,10
12.9488601685,80.2165222168,30538,30548,10
12.9489803314,80.217666626,30548,30558,10
12.9490995407,80.2188262939,30558,30568,10
12.9492197037,80.2200164795,30568,30578,10
12.9493398666,80.2212219238,30578,30588,10
12.9494199753,80.2224197388,30588,30599,11
12.9494895935,80.2237625122,30599,30609,10
12.9495401382,80.2249526978,30609,30619,10
12.9496002197,80.2261428833,30619,30629,10
12.9496603012,80.2273101807,30629,30639,10
12.9497098923,80.2282562256,30639,30649,10
12.9497900009,80.2295532227,30649,30659,10
12.9498300552,80.2299728394,30659,30669,10
12.9498300552,80.2299804688,30669,30679,10
12.949839592,80.2301101685,30679,30689,10
12.9498500824,80.230178833,30689,30700,11
12.9498596191,80.2303466797,30700,30710,10
12.9498701096,80.2305221558,30710,30740,30
12.9498701096,80.2305221558,30740,30750,10
12.9498901367,80.2306594849,30750,30760,10
12.9498996735,80.2307891846,30760,30770,10
12.9499197006,80.2309494019,30770,30780,10
12.9499197006,80.2311019897,30780,30801,21
12.9499197006,80.2311019897,30801,30811,10
12.9499397278,80.2312164307,30811,30821,10
12.9499397278,80.2313537598,30821,30831,10
12.9499597549,80.2314987183,30831,30841,10
12.9499597549,80.2317428589,30841,30871,30
12.9499597549,80.2317428589,30871,30881,10
12.9499902725,80.2321166992,30881,30901,20
12.9499902725,80.2321166992,30901,30912,11
12.9500198364,80.232421875,30912,30922,10
12.9500303268,80.2326202393,30922,30952,30
12.9500303268,80.2326202393,30952,30962,10
12.9500598907,80.233001709,30962,30982,20
12.9500598907,80.233001709,30982,30992,10
12.9500999451,80.2331619263,30992,31002,10
12.9500999451,80.233253479,31002,31013,11
12.9500999451,80.2334594727,31013,31033,20
12.9501600266,80.2336196899,31033,31053,20
12.9501895905,80.2338180542,31053,31154,101
12.9501895905,80.2338180542,31154,31164,10
12.9502000809,80.2341995239,31164,31174,10
12.9501800537,80.2343215942,31174,31184,10
12.9501495361,80.2345962524,31184,31245,61
12.9501495361,80.2345962524,31245,31255,10
12.9500999451,80.2348709106,31255,31265,10
12.9500799179,80.2350692749,31265,31346,81
12.9500799179,80.2350692749,31346,31356,10
12.9500198364,80.2353973389,31356,31416,60
12.9499998093,80.2355728149,31416,31477,61
12.9499998093,80.2355728149,31477,31487,10
12.9499197006,80.2360610962,31487,31497,10
12.9497804642,80.2366333008,31497,31507,10
12.9496603012,80.2374191284,31507,31517,10
12.9495897293,80.2379989624,31517,31527,10
12.9495096207,80.2385101318,31527,31537,10
12.9493598938,80.2393188477,31537,31548,11
12.9491100311,80.2404937744,31548,31568,20
12.9491100311,80.2404937744,31568,31578,10
12.9491100311,80.240562439,31578,31588,10
12.9492197037,80.2407913208,31588,31598,10
12.9494600296,80.2409133911,31598,31608,10
12.9501104355,80.2410888672,31608,31618,10
12.9511299133,80.2413864136,31618,31638,20
12.9511299133,80.2413864136,31638,31649,11
12.9512395859,80.2414169312,31649,31659,10
12.9516601563,80.2415618896,31659,31669,10
12.9522600174,80.2417907715,31669,31679,10
12.9530000687,80.2420578003,31679,31689,10
12.9538002014,80.2423706055,31689,31699,10
12.9543199539,80.2425765991,31699,31709,10
12.9549598694,80.2428817749,31709,31719,10
12.9560003281,80.2432098389,31719,31750,31
12.9560003281,80.2432098389,31750,31760,10
12.9561195374,80.2433166504,31760,31770,10
12.9562997818,80.2433776855,31770,31800,30
12.9562997818,80.2433776855,31800,31810,10
12.9565696716,80.2434768677,31810,31820,10
12.9571800232,80.2437286377,31820,31830,10
12.9577903748,80.2439727783,31830,31840,10
12.9589500427,80.2444534302,31840,31871,31
12.9589500427,80.2444534302,31871,31881,10
12.9591999054,80.2445602417,31881,31891,10
12.9592895508,80.2446212769,31891,31901,10
12.9596004486,80.2447967529,31901,31911,10
12.9602098465,80.2450866699,31911,31921,10
12.9610500336,80.2454681396,31921,31931,10
12.9619998932,80.2459411621,31931,31941,10
12.9629898071,80.2464370728,31941,31951,10
12.9636096954,80.2467575073,31951,31962,11
12.9642801285,80.2470092773,31962,31972,10
12.9651203156,80.2473220825,31972,31982,10
12.9659700394,80.2476196289,31982,31992,10
12.966629982,80.2478637695,31992,32042,50
12.966629982,80.2478637695,32042,32052,10
12.9669303894,80.248008728,32052,32062,10
12.9673995972,80.248260498,32062,32073,11
12.9682197571,80.2486190796,32073,32083,10
12.9690799713,80.2489700317,32083,32093,10
12.9700098038,80.2493515015,32093,32103,10
12.9709701538,80.2496871948,32103,32113,10
12.9719600677,80.249961853,32113,32123,10
12.9729204178,80.250213623,32123,32133,10
12.9738702774,80.2504577637,32133,32143,10
12.9747695923,80.2506790161,32143,32153,10
12.9754104614,80.2508468628,32153,32163,10
12.9757099152,80.2509307861,32163,32214,51
12.9757099152,80.2509307861,32214,32224,10
12.9758300781,80.2509078979,32224,32234,10
12.976149559,80.2510223389,32234,32244,10
12.9767599106,80.2511978149,32244,32254,10
12.9774999619,80.2515411377,32254,32264,10
12.9786396027,80.2523880005,32264,32285,21
12.9786396027,80.2523880005,32285,32295,10
12.9787797928,80.2524490356,32295,32305,10
12.979180336,80.252571106,32305,32315,10
12.9796104431,80.2526168823,32315,32325,10
12.9801902771,80.2526473999,32325,32335,10
12.980799675,80.2526397705,32335,32345,10
12.9815397263,80.2526321411,32345,32355,10
12.9824399948,80.2526016235,32355,32365,10
12.9834699631,80.2525177002,32365,32375,10
12.9844999313,80.252243042,32375,32386,11
12.98554039,80.2519378662,32386,32638,252
12.98554039,80.2519378662,32638,32648,10
12.9858198166,80.2518386841,32648,32658,10
12.9862804413,80.251739502,32658,32668,10
12.9868402481,80.2516174316,32668,32678,10
12.9874601364,80.2514266968,32678,32688,10
12.9878797531,80.251411438,32688,32699,11
12.9880895615,80.2521972656,32699,32719,20
12.9880895615,80.2521972656,32719,32729,10
12.9880304337,80.2526473999,32729,32739,10
12.9879398346,80.2535018921,32739,32749,10
12.9878501892,80.2543869019,32749,32759,10
12.987739563,80.2557296753,32759,32900,141
12.987739563,80.2557296753,32900,32911,11
12.987660408,80.2560501099,32911,32921,10
12.9876003265,80.2565917969,32921,32931,10
12.9874801636,80.2572402954,32931,32941,10
12.9875001907,80.2579498291,32941,32951,10
12.9874401093,80.2586135864,32951,32961,10
12.9872198105,80.2595825195,32961,33001,40
12.9872198105,80.2595825195,33001,33011,10
12.9870595932,80.2596206665,33011,33022,11
12.986749649,80.2595291138,33022,33032,10
12.9866104126,80.2592163086,33032,33042,10
12.9867401123,80.2590484619,33042,33062,20
12.9867401123,80.2590484619,33062,33072,10
12.9868001938,80.2590103149,33072,33082,10
12.9868097305,80.2587814331,33082,33092,10
12.9870595932,80.2584609985,33092,33143,51
12.9868001938,80.2586212158,33143,33304,161
12.9868001938,80.2586212158,33304,33314,10
12.9866695404,80.2589416504,33314,34862,1548
12.9870195389,80.2591400146,34862,34913,51
12.9870195389,80.2591400146,34913,34923,10
12.9873800278,80.2588500977,34923,34933,10
12.9874000549,80.2586364746,34933,34943,10
12.9874200821,80.2584075928,34943,34953,10
12.9874095917,80.2579421997,34953,34963,10
12.9874095917,80.257270813,34963,34973,10
12.9875097275,80.2563171387,34973,35135,162
12.9875097275,80.2563171387,35135,35145,10
12.9875602722,80.2557296753,35145,35155,10
12.9876804352,80.255279541,35155,35165,10
12.9877004623,80.2549591064,35165,35175,10
12.9877195358,80.2548370361,35175,35185,10
12.987739563,80.25440979,35185,35196,11
12.9877796173,80.2536392212,35196,35549,353
12.9877796173,80.2536392212,35549,35559,10
12.9879102707,80.2533798218,35559,35569,10
12.9878997803,80.2529983521,35569,35579,10
12.9878997803,80.2525405884,35579,35589,10
12.9879102707,80.2521820068,35589,35599,10
12.9878501892,80.251739502,35599,35610,11
12.9876499176,80.2516174316,35610,35620,10
12.9875602722,80.2516021729,35620,35630,10
12.9870595932,80.2516326904,35630,35640,10
12.9863100052,80.2518081665,35640,35650,10
12.9853696823,80.2520523071,35650,35660,10
12.9847002029,80.252281189,35660,35670,10
12.9843101501,80.2523727417,35670,35680,10
12.9839401245,80.252456665,35680,35690,10
12.983590126,80.2525405884,35690,35700,10
12.9832000732,80.2526397705,35700,35710,10
12.9827699661,80.2526779175,35710,35721,11
12.9820604324,80.2526779175,35721,35731,10
12.9812602997,80.2526931763,35731,35741,10
12.9807500839,80.2526779175,35741,35751,10
12.9806003571,80.2526931763,35751,35761,10
12.9804897308,80.2527084351,35761,35771,10
12.9802703857,80.2527236938,35771,35781,10
12.9799804688,80.2526931763,35781,35791,10
12.979640007,80.2526779175,35791,35801,10
12.9792804718,80.2526397705,35801,35811,10
12.978969574,80.2526168823,35811,35822,11
12.9786596298,80.2525634766,35822,35832,10
12.9784202576,80.2524490356,35832,35842,10
12.9778604507,80.2519836426,35842,35852,10
12.9771299362,80.2514190674,35852,35862,10
12.9761400223,80.251083374,35862,35872,10
12.9750900269,80.2507781982,35872,35882,10
12.9740200043,80.2504806519,35882,35892,10
12.9729099274,80.2501907349,35892,35902,10
12.9717597961,80.2498931885,35902,35912,10
12.9705896378,80.2495574951,35912,35923,11
12.9693403244,80.2490997314,35923,35933,10
12.9681901932,80.2486801147,35933,35943,10
12.967040062,80.2481689453,35943,35953,10
12.9661798477,80.2477798462,35953,35963,10
12.9653100967,80.2474594116,35963,35983,20
12.9653100967,80.2474594116,35983,35993,10
12.9650802612,80.2474212646,35993,36003,10
12.9645996094,80.2472381592,36003,36013,10
12.9638700485,80.2469482422,36013,36023,10
12.9631795883,80.24659729,36023,36034,11
12.962220192,80.2461090088,36034,36044,10
12.9612598419,80.2456283569,36044,36054,10
12.9603395462,80.2452087402,36054,36064,10
12.9597597122,80.244972229,36064,36074,10
12.9596204758,80.2449111938,36074,36084,10
12.9595003128,80.2448425293,36084,36094,10
12.9592103958,80.2447280884,36094,36104,10
12.9586400986,80.2444610596,36104,36114,10
12.9580602646,80.2442169189,36114,36124,10
12.9572601318,80.2439422607,36124,36155,31
12.9572601318,80.2439422607,36155,36165,10
12.9569597244,80.2438430786,36165,36175,10
12.9566202164,80.2437515259,36175,36225,50
12.9566202164,80.2437515259,36225,36235,10
12.9559698105,80.2434768677,36235,36246,11
12.9552402496,80.2431182861,36246,36256,10
12.9543895721,80.2427368164,36256,36266,10
12.9534702301,80.2423400879,36266,36276,10
12.9525499344,80.2419815063,36276,36286,10
12.9521198273,80.2418289185,36286,36296,10
12.9520101547,80.2417678833,36296,36306,10
12.9517402649,80.2416610718,36306,36326,20
12.9517402649,80.2416610718,36326,36336,10
12.9514303207,80.2415084839,36336,36347,11
12.9507904053,80.2412719727,36347,36357,10
12.9499702454,80.2410430908,36357,36367,10
12.9493999481,80.240852356,36367,36508,141
12.9493999481,80.240852356,36508,36518,10
12.949259758,80.2408599854,36518,36528,10
12.9489603043,80.2406921387,36528,36538,10
12.9490203857,80.2401733398,36538,36548,10
12.9492101669,80.2392807007,36548,36579,31
12.9492101669,80.2392807007,36579,36589,10
12.9492301941,80.2390823364,36589,36599,10
12.9493398666,80.238609314,36599,36609,10
12.9494800568,80.2378997803,36609,36619,10
12.949549675,80.2372207642,36619,36791,172
12.949640274,80.236869812,36791,36962,171
12.949640274,80.236869812,36962,36972,10
12.9496803284,80.2365036011,36972,37114,142
12.9497299194,80.2361221313,37114,37235,121
12.9497299194,80.2361221313,37235,37245,10
12.949760437,80.2356414795,37245,37255,10
12.9498901367,80.2350387573,37255,37265,10
12.9499998093,80.2338027954,37265,37296,31
12.9499998093,80.2338027954,37296,37306,10
12.9500198364,80.2333984375,37306,37316,10
12.9499998093,80.2327270508,37316,37326,10
12.9498596191,80.2309036255,37326,37336,10
12.9498596191,80.2309036255,37336,37346,10
12.9497900009,80.2298965454,37346,37356,10
12.9497299194,80.228767395,37356,37366,10
12.949669838,80.2275772095,37366,37376,10
12.9496097565,80.2263336182,37376,37386,10
12.949549675,80.2250823975,37386,37399,13
12.9494895935,80.2238235474,37399,37410,11
12.9493999481,80.222038269,37410,37420,10
12.9492998123,80.2207489014,37420,37437,17
12.9490995407,80.2187805176,37437,37448,11
12.9489297867,80.2170562744,37448,37458,10
12.9488096237,80.2158584595,37458,37468,10
12.948679924,80.2145385742,37468,37478,10
12.9485397339,80.2130813599,37478,37488,10
12.9484596252,80.211769104,37488,37498,10
12.9484300613,80.2105636597,37498,37509,11
12.9484195709,80.2097625732,37509,37519,10
12.9485397339,80.2086105347,37519,37559,40
12.9485397339,80.2086105347,37559,37569,10
12.9485702515,80.2084579468,37569,37579,10
12.9486198425,80.2077865601,37579,37589,10
12.9486999512,80.2069778442,37589,37599,10
12.9487400055,80.2060394287,37599,37610,11
12.9487304688,80.2048568726,37610,37620,10
12.948679924,80.203742981,37620,37630,10
12.9486398697,80.2032394409,37630,37640,10
12.9486303329,80.2030792236,37640,37650,10
12.9486198425,80.2024993896,37650,37660,10
12.9486103058,80.2016372681,37660,37670,10
12.9485797882,80.2005767822,37670,37680,10
12.9485301971,80.1994400024,37680,37690,10
12.9484901428,80.1988296509,37690,37700,10
12.9484901428,80.1988067627,37700,37710,10
12.9484796524,80.1983795166,37710,37721,11
12.9484796524,80.1976089478,37721,37731,10
12.9485197067,80.1968002319,37731,37741,10
12.9485197067,80.1959762573,37741,37751,10
12.9484996796,80.195602417,37751,37761,10
12.9485197067,80.1955566406,37761,37771,10
12.9485397339,80.1951217651,37771,37781,10
12.9485301971,80.1943664551,37781,37791,10
12.948559761,80.1934509277,37791,37801,10
12.9485998154,80.1923980713,37801,37811,10
12.9486303329,80.1913299561,37811,37822,11
12.9486999512,80.1901397705,37822,37832,10
12.9487895966,80.1892089844,37832,37842,10
12.9488897324,80.1881790161,37842,37852,10
12.9489898682,80.1870193481,37852,37862,10
12.9489898682,80.1854782104,37862,37902,40
12.9489898682,80.1854782104,37902,37912,10
12.9490003586,80.1853179932,37912,37922,10
12.949090004,80.1848907471,37922,37933,11
12.9491596222,80.1842193604,37933,37943,10
12.9492101669,80.1838378906,37943,37953,10
12.949259758,80.1835632324,37953,37963,10
12.9493703842,80.1828918457,37963,37973,10
12.9495000839,80.1821517944,37973,37983,10
12.9495601654,80.1817626953,37983,37993,10
12.9495897293,80.1816101074,37993,38003,10
12.949640274,80.1813583374,38003,38013,10
12.949669838,80.1811294556,38013,38023,10
12.9497699738,80.1807022095,38023,38034,11
12.9499397278,80.1798324585,38034,38044,10
12.9501695633,80.178817749,38044,38054,10
12.9504699707,80.177696228,38054,38064,10
12.9507598877,80.1765594482,38064,38074,10
12.9510202408,80.175453186,38074,38084,10
12.9512195587,80.1743469238,38084,38094,10
12.9514799118,80.1732330322,38094,38104,10
12.9517002106,80.1720199585,38104,38114,10
12.9518098831,80.1712875366,38114,38124,10
12.9518604279,80.1710205078,38124,38135,11
12.9520196915,80.1701812744,38135,38145,10
12.9521903992,80.1692276001,38145,38155,10
12.9524202347,80.1681137085,38155,38165,10
12.9527301788,80.1669387817,38165,38175,10
12.9529695511,80.1659622192,38175,38185,10
12.9533004761,80.1643981934,38185,38195,10
12.9535999298,80.1630935669,38195,38205,10
12.9538698196,80.1617965698,38205,38215,10
12.9541301727,80.1605377197,38215,38225,10
12.9544000626,80.1591186523,38225,38246,21
12.9544000626,80.1591186523,38246,38256,10
12.954460144,80.1588287354,38256,38266,10
12.9545698166,80.1582565308,38266,38276,10
12.9547395706,80.1574630737,38276,38286,10
12.9549503326,80.1565093994,38286,38296,10
12.9551696777,80.155456543,38296,38306,10
12.9553899765,80.1544570923,38306,38316,10
12.955619812,80.1535263062,38316,38326,10
12.9559698105,80.1525726318,38326,38336,10
12.9565896988,80.151802063,38336,38347,11
12.9574604034,80.1511001587,38347,38357,10
12.9581298828,80.1505584717,38357,38367,10
12.9587697983,80.1500396729,38367,38377,10
12.9588298798,80.1499862671,38377,38387,10
12.9590597153,80.1498336792,38387,38397,10
12.9594697952,80.1493377686,38397,38407,10
12.9596700668,80.1485595703,38407,38417,10
12.9598398209,80.1477508545,38417,38427,10
12.9600200653,80.1469116211,38427,38437,10
12.9602298737,80.1459579468,38437,38447,10
12.9602804184,80.1455001831,38447,38458,11
12.9603996277,80.1451568604,38458,38468,10
12.960729599,80.1453399658,38468,38478,10
12.9614095688,80.1457138062,38478,38488,10
12.9623804092,80.1462173462,38488,38498,10
12.9633703232,80.1467437744,38498,38508,10
12.9640798569,80.1472930908,38508,38518,10
12.9648199081,80.1477279663,38518,38528,10
12.9658203125,80.1482620239,38528,38538,10
12.9666404724,80.148651123,38538,38548,10
12.9672203064,80.14894104,38548,38559,11
12.9677095413,80.1491928101,38559,38569,10
12.9682197571,80.1494216919,38569,38599,30
12.9682197571,80.1494216919,38599,38609,10
12.9683303833,80.1494598389,38609,38619,10
12.9686203003,80.1495895386,38619,38629,10
12.9689598083,80.1497268677,38629,38659,30
12.9689598083,80.1497268677,38659,38670,11
12.9689502716,80.149848938,38670,38922,252
12.9689502716,80.149848938,38922,38932,10
12.9691200256,80.149887085,38932,38942,10
12.9694595337,80.1500701904,38942,38952,10
12.9700098038,80.1503372192,38952,38962,10
12.970749855,80.150680542,38962,38971,9
12.9714298248,80.1509780884,38971,38983,12
12.971619606,80.1510696411,38983,38993,10
12.9718103409,80.1511764526,38993,39003,10
12.9722700119,80.1514434814,39003,39013,10
12.9726896286,80.1520080566,39013,39023,10
12.9731197357,80.1526031494,39023,39033,10
12.9733495712,80.1529312134,39033,39043,10
12.9733800888,80.1529922485,39043,39053,10
12.9733695984,80.1530532837,39053,39063,10
12.9732704163,80.1531219482,39063,39073,10
12.9730300903,80.1527786255,39073,39084,11
12.9725999832,80.1521377563,39084,39094,10
12.9720802307,80.1514892578,39094,39104,10
12.9713401794,80.1510467529,39104,39114,10
12.9705200195,80.1506729126,39114,39124,10
12.9694004059,80.1502380371,39124,39164,40
12.9694004059,80.1502380371,39164,39174,10
12.9693899155,80.1501235962,39174,39275,101
12.9693899155,80.1501235962,39275,39285,10
12.9690799713,80.149848938,39285,39296,11
12.9687900543,80.1497573853,39296,39306,10
12.9686098099,80.1496963501,39306,39316,10
12.9682798386,80.1495819092,39316,39326,10
12.9682197571,80.149559021,39326,39336,10
12.9679899216,80.1494598389,39336,39346,10
12.9675998688,80.149307251,39346,39356,10
12.9671497345,80.1490707397,39356,39366,10
12.9666500092,80.1488113403,39366,39376,10
12.9661197662,80.1485519409,39376,39386,10
12.9657297134,80.1483535767,39386,39397,11
12.9655199051,80.1482162476,39397,39407,10
12.9649896622,80.1479263306,39407,39417,10
12.9643802643,80.1475982666,39417,39427,10
12.9636096954,80.1472015381,39427,39437,10
12.9628896713,80.1468963623,39437,39447,10
12.9621896744,80.1465301514,39447,39457,10
12.9616098404,80.1462173462,39457,39467,10
12.9608097076,80.1457901001,39467,39477,10
12.9603996277,80.1456298828,39477,39487,10
12.9602298737,80.1458892822,39487,39497,10
12.960100174,80.1466522217,39497,39508,11
12.9600095749,80.1471328735,39508,39548,40
12.9600095749,80.1471328735,39548,39558,10
12.9599599838,80.1473236084,39558,39568,10
12.9598197937,80.1479568481,39568,39578,10
12.9596300125,80.1488265991,39578,39588,10
12.959280014,80.1497268677,39588,39598,10
12.9586400986,80.1503219604,39598,39609,11
12.9585695267,80.1503677368,39609,39619,10
12.9584302902,80.1504821777,39619,39629,10
12.9580001831,80.1508178711,39629,39639,10
12.9574098587,80.1513137817,39639,39649,10
12.9566698074,80.1519088745,39649,39659,10
12.9559803009,80.1527023315,39659,39669,10
12.9555997849,80.1537399292,39669,39679,10
12.9553203583,80.1548461914,39679,39689,10
12.9550800323,80.1559829712,39689,39699,10
12.9548597336,80.1570663452,39699,39709,10
12.9546403885,80.1580123901,39709,39720,11
12.9545202255,80.1586074829,39720,39730,10
12.9544095993,80.1591796875,39730,39740,10
12.9543199539,80.159576416,39740,39750,10
12.9542999268,80.1596908569,39750,39760,10
12.9542102814,80.1602020264,39760,39770,10
12.9540596008,80.1608810425,39770,39780,10
12.9538803101,80.1616363525,39780,39790,10
12.9536800385,80.1625595093,39790,39800,10
12.9534597397,80.1636199951,39800,39810,10
12.9532203674,80.1647720337,39810,39821,11
12.9529399872,80.1660690308,39821,39831,10
12.952630043,80.1672821045,39831,39841,10
12.9523000717,80.1684875488,39841,39851,10
12.9520702362,80.1697311401,39851,39861,10
12.9519300461,80.1707382202,39861,39871,10
12.9518995285,80.1708831787,39871,39881,10
12.9518003464,80.1714324951,39881,39891,10
12.9516296387,80.1722793579,39891,39901,10
12.9514503479,80.1732711792,39901,39911,10
12.951259613,80.1742019653,39911,39921,10
12.9511699677,80.1747207642,39921,39932,11
12.9511404037,80.1748886108,39932,39942,10
12.9510097504,80.1754837036,39942,39952,10
12.9508399963,80.1762619019,39952,39962,10
12.9505996704,80.1771469116,39962,39972,10
12.9503498077,80.1781005859,39972,39982,10
12.9500799179,80.1791229248,39982,39992,10
12.9498596191,80.1800994873,39992,40002,10
12.9497804642,80.1806869507,40002,40012,10
12.9496498108,80.1813201904,40012,40022,10
12.9495296478,80.1820220947,40022,40033,11
12.9493503571,80.1830215454,40033,40043,10
12.9492397308,80.1838302612,40043,40053,10
12.9492301941,80.183883667,40053,40063,10
12.9492101669,80.1840667725,40063,40073,10
12.9491996765,80.184463501,40073,40083,10
12.9492101669,80.1850967407,40083,40103,20
12.9492101669,80.1850967407,40103,40113,10
12.9491596222,80.1854095459,40113,40123,10
12.949090004,80.1859893799,40123,40133,10
12.9490003586,80.1868362427,40133,40144,11
12.9489297867,80.1876373291,40144,40154,10
12.9488601685,80.1884384155,40154,40164,10
12.9487895966,80.1893615723,40164,40174,10
12.9486904144,80.1903991699,40174,40184,10
12.9486103058,80.1915206909,40184,40194,10
12.9485702515,80.1926803589,40194,40204,10
12.948559761,80.1938171387,40204,40214,10
12.948559761,80.1954193115,40214,40234,20
12.948559761,80.1954193115,40234,40245,11
12.9485502243,80.1958007813,40245,40255,10
12.94851017,80.1964416504,40255,40265,10
12.9484796524,80.1972198486,40265,40275,10
12.9484701157,80.1981277466,40275,40285,10
12.9485197067,80.1989135742,40285,40295,10
12.9485502243,80.1995162964,40295,40305,10
12.9485502243,80.1995925903,40305,40315,10
12.948559761,80.2000808716,40315,40325,10
12.9485797882,80.200843811,40325,40335,10
12.9486103058,80.2017288208,40335,40346,11
12.9486598969,80.2027893066,40346,40356,10
12.9486703873,80.2032318115,40356,40366,10
12.9486703873,80.2034988403,40366,40376,10
12.9486999512,80.2041473389,40376,40386,10
12.9487304688,80.2049865723,40386,40396,10
12.9487400055,80.205909729,40396,40406,10
12.9487104416,80.2068405151,40406,40416,10
12.9486503601,80.2077102661,40416,40426,10
12.948559761,80.2086791992,40426,40436,10
12.9485301971,80.2092971802,40436,40446,10
12.9485301971,80.209312439,40446,40457,11
12.9485797882,80.2093811035,40457,40467,10
12.948559761,80.209777832,40467,40477,10
12.9485197067,80.2101593018,40477,40487,10
12.9484796524,80.2104797363,40487,40497,10
12.9484701157,80.211151123,40497,40507,10
12.9484796524,80.2119979858,40507,40517,10
12.9485197067,80.2129516602,40517,40527,10
12.9486103058,80.2139663696,40527,40537,10
12.9486999512,80.2150115967,40537,40547,10
12.948800087,80.2160568237,40547,40558,11
12.9489297867,80.2172470093,40558,40568,10
12.9490499496,80.2183532715,40568,40578,10
12.9491596222,80.2194824219,40578,40588,10
12.9492702484,80.2206420898,40588,40598,10
12.9493598938,80.2217407227,40598,40608,10
12.9494199753,80.2227630615,40608,40618,10
12.9494800568,80.2238311768,40618,40628,10
12.9495296478,80.224937439,40628,40638,10
12.9495801926,80.2259979248,40638,40648,10
12.949640274,80.2270584106,40648,40658,10
12.9497003555,80.2282028198,40658,40669,11
12.9497699738,80.2295303345,40669,40679,10
12.9498500824,80.2307815552,40679,40689,10
12.9499502182,80.2320098877,40689,40699,10
12.9500398636,80.2329483032,40699,40709,10
12.950050354,80.2330474854,40709,40719,10
12.9500598907,80.2331085205,40719,40729,10
12.9500904083,80.2336120605,40729,40739,10
12.9500799179,80.2343826294,40739,40749,10
12.9500303268,80.2348098755,40749,40759,10
12.9499502182,80.2352828979,40759,40800,41
12.9498996735,80.2356567383,40800,40860,60
12.9498996735,80.2356567383,40860,40870,10
12.9498796463,80.2360687256,40870,40881,11
12.9497995377,80.236656189,40881,40891,10
12.949669838,80.2374725342,40891,40901,10
12.9496097565,80.2378692627,40901,40911,10
12.9495601654,80.2381591797,40911,40921,10
12.9494495392,80.2387771606,40921,40931,10
12.9492397308,80.2396392822,40931,40941,10
12.9490699768,80.2405090332,40941,40951,10
12.9490604401,80.2406082153,40951,40961,10
12.9490699768,80.2407073975,40961,40971,10
12.9494800568,80.2409286499,40971,40982,11
12.9503097534,80.2411575317,40982,40992,10
12.9510402679,80.2413787842,40992,41002,10
12.9510602951,80.2413864136,41002,41012,10
12.9513597488,80.2415008545,41012,41022,10
12.9519500732,80.2417221069,41022,41032,10
12.9526796341,80.2419586182,41032,41042,10
12.9533500671,80.2422180176,41042,41052,10
12.954369545,80.2426376343,41052,41062,10
12.9551296234,80.2429428101,41062,41072,10
12.9559803009,80.2431869507,41072,41082,10
12.9564800262,80.2433624268,41082,41093,11
12.9569997787,80.243598938,41093,41103,10
12.957690239,80.2439422607,41103,41113,10
12.9583797455,80.2442321777,41113,41123,10
12.9589395523,80.2444763184,41123,41143,20
12.9589395523,80.2444763184,41143,41153,10
12.9593095779,80.2447128296,41153,41163,10
12.9599704742,80.245010376,41163,41173,10
12.9607801437,80.2453689575,41173,41183,10
12.9617099762,80.2457962036,41183,41194,11
12.9626102448,80.2462387085,41194,41204,10
12.963139534,80.2464981079,41204,41214,10
12.9636001587,80.246711731,41214,41224,10
12.964220047,80.2469482422,41224,41234,10
12.9647798538,80.2471389771,41234,41244,10
12.9655504227,80.2473983765,41244,41254,10
12.9666004181,80.247833252,41254,41274,20
12.9666004181,80.247833252,41274,41284,10
12.9667797089,80.2479400635,41284,41295,11
12.9667901993,80.2479400635,41295,41305,10
12.9668397903,80.2479782104,41305,41315,10
12.9671401978,80.2481231689,41315,41325,10
12.9685697556,80.2487106323,41325,41335,10
12.9685697556,80.2487106323,41335,41345,10
12.9693698883,80.2490310669,41345,41355,10
12.9702100754,80.2493286133,41355,41365,10
12.9711999893,80.2496795654,41365,41375,10
12.9722204208,80.2499771118,41375,41385,10
12.9732398987,80.25025177,41385,41396,11
12.9742498398,80.250541687,41396,41407,11
12.975520134,80.2509002686,41407,41417,10
12.9764499664,80.2511367798,41417,41427,10
12.9768800735,80.2512588501,41427,41437,10
12.9772996902,80.251411438,41437,41446,9
12.977930069,80.2518768311,41446,41457,11
12.9784898758,80.2522888184,41457,41466,9
12.9785003662,80.2522964478,41466,41477,11
12.978770256,80.2524490356,41477,41487,10
12.9797096252,80.2526016235,41487,41538,51
12.9797096252,80.2526016235,41538,41548,10
12.9800300598,80.2527313232,41548,41558,10
12.9805603027,80.2527236938,41558,41568,10
12.9812402725,80.2526931763,41568,41578,10
12.9821100235,80.2526626587,41578,41588,10
12.9830999374,80.2525863647,41588,41598,10
12.984459877,80.2522506714,41598,41780,182
12.984459877,80.2522506714,41780,41790,10
12.98458004,80.2522277832,41790,41800,10
12.9850101471,80.2521133423,41800,41810,10
12.9856500626,80.2519378662,41810,41821,11
12.9863300323,80.2517318726,41821,41831,10
12.9869203568,80.2515792847,41831,41841,10
12.9872102737,80.2515029907,41841,41851,10
12.9876499176,80.2513809204,41851,41861,10
12.9879598618,80.2515563965,41861,41871,10
12.987950325,80.2516784668,41871,41881,10
12.9879798889,80.2519378662,41881,41891,10
12.9879703522,80.2525787354,41891,41901,10
12.9879102707,80.2533569336,41901,41911,10
12.9878196716,80.2542037964,41911,41921,10
12.987660408,80.2556686401,41921,42103,182
12.987660408,80.2556686401,42103,42113,10
12.9876098633,80.2559204102,42113,42123,10
12.9875001907,80.2563781738,42123,42134,11
12.9874696732,80.2571563721,42134,42144,10
12.9874000549,80.2579879761,42144,42154,10
12.9873304367,80.2588806152,42154,42164,10
12.9872303009,80.2593994141,42164,42194,30
12.9872303009,80.2593994141,42194,42204,10
12.9871501923,80.2597579956,42204,42214,10
12.9870195389,80.2597427368,42214,42224,10
12.9868097305,80.2596588135,42224,42234,10
12.9868297577,80.2593765259,42234,43527,1293
12.9868297577,80.2593765259,43527,43537,10
12.987039566,80.2591171265,43537,43547,10
12.9871702194,80.2591171265,43547,43557,10
12.9872903824,80.2590408325,43557,43567,10
12.9873504639,80.2589035034,43567,43577,10
12.9873800278,80.2585601807,43577,43588,11
12.9873800278,80.2585067749,43588,43598,10
12.9873895645,80.2582778931,43598,43608,10
12.9874200821,80.2581100464,43608,43618,10
12.987449646,80.2579193115,43618,43628,10
12.9875001907,80.2574234009,43628,43638,10
12.9875898361,80.2567901611,43638,43648,10
12.9876098633,80.2562026978,43648,43658,10
12.9876098633,80.2559127808,43658,43729,71
12.9876098633,80.2559127808,43729,43739,10
12.9877099991,80.2554626465,43739,43749,10
12.9877500534,80.2548980713,43749,43759,10
12.9877796173,80.2546691895,43759,43769,10
12.9878702164,80.2540435791,43769,43779,10
12.987950325,80.2531204224,43779,43789,10
12.9879598618,80.252166748,43789,43800,11
12.9878396988,80.2517471313,43800,43810,10
12.9877996445,80.2516098022,43810,43820,10
12.9874095917,80.2515792847,43820,43830,10
12.9870996475,80.2516098022,43830,43840,10
12.986579895,80.2517623901,43840,43850,10
12.9858598709,80.2519302368,43850,43860,10
12.9851799011,80.2521133423,43860,43870,10
12.9840698242,80.2524185181,43870,43880,10
12.9831104279,80.2526397705,43880,43890,10
12.9820899963,80.2527084351,43890,43900,10
12.9810600281,80.2527389526,43900,43911,11
12.9801101685,80.252746582,43911,43921,10
12.9794197083,80.2526931763,43921,43931,10
12.978679657,80.2525863647,43931,43941,10
12.9785804749,80.2525634766,43941,43951,10
12.9782400131,80.2523574829,43951,43961,10
12.9777297974,80.2518997192,43961,43971,10
12.9769496918,80.251411438,43971,43981,10
12.9759597778,80.251121521,43981,43991,10
12.9749202728,80.2508087158,43991,44001,10
12.973859787,80.2505187988,44001,44012,11
12.972700119,80.2502365112,44012,44022,10
12.971619606,80.249961853,44022,44032,10
12.9704999924,80.2496795654,44032,44042,10
12.969420433,80.2492980957,44042,44052,10
12.9683103561,80.2489013672,44052,44062,10
12.967300415,80.2484283447,44062,44072,10
12.9665002823,80.2480010986,44072,44082,10
12.9658203125,80.2477035522,44082,44092,10
12.9651098251,80.2474594116,44092,44102,10
12.9649600983,80.2473983765,44102,44112,10
12.9644002914,80.2471923828,44112,44123,11
12.9636497498,80.246887207,44123,44133,10
12.9629096985,80.2465209961,44133,44143,10
12.9620304108,80.2460708618,44143,44153,10
12.9610795975,80.2456207275,44153,44163,10
12.9595603943,80.2449417114,44163,44183,20
12.9595603943,80.2449417114,44183,44193,10
12.9593095779,80.2448120117,44193,44203,10
12.9588098526,80.2445831299,44203,44213,10
12.9580802917,80.2442703247,44213,44224,11
12.9571199417,80.2439498901,44224,44244,20
12.956990242,80.2439193726,44244,44284,40
12.956990242,80.2439193726,44284,44294,10
12.9568996429,80.2438812256,44294,44314,20
12.9567298889,80.2438430786,44314,44335,21
12.9565496445,80.2437896729,44335,44355,20
12.9565496445,80.2437896729,44355,44365,10
12.9563999176,80.2437210083,44365,44375,10
12.9561700821,80.2436218262,44375,44385,10
12.955619812,80.2433013916,44385,44395,10
12.9548597336,80.2429275513,44395,44405,10
12.954079628,80.2425994873,44405,44415,10
12.9533004761,80.2422790527,44415,44425,10
12.9524202347,80.2419433594,44425,44436,11
12.95195961,80.2417831421,44436,44446,10
12.9516897202,80.2416763306,44446,44456,10
12.9516801834,80.2416610718,44456,44466,10
12.9513397217,80.2415237427,44466,44476,10
12.9506397247,80.2413024902,44476,44486,10
12.949760437,80.241027832,44486,44496,10
12.9491996765,80.2408599854,44496,44537,41
12.9491996765,80.2408599854,44537,44547,10
12.9490604401,80.2408676147,44547,44557,10
12.9488801956,80.2405319214,44557,44567,10
12.9490203857,80.2398300171,44567,44577,10
12.949139595,80.2393569946,44577,44587,10
12.9491701126,80.2393112183,44587,44597,10
12.9492301941,80.2391281128,44597,44607,10
12.9493198395,80.2388000488,44607,44617,10
12.9494600296,80.2380981445,44617,44627,10
12.9495601654,80.2374267578,44627,44637,10
12.9497804642,80.2360076904,44637,44678,41
12.9497804642,80.2360076904,44678,44688,10
12.9498300552,80.2358322144,44688,44698,10
12.949930191,80.2351913452,44698,44708,10
12.9500198364,80.2338180542,44708,44728,20
12.9500198364,80.2338180542,44728,44738,10
12.9499998093,80.2337722778,44738,44749,11
12.9499702454,80.2335281372,44749,44759,10
12.9499397278,80.2330780029,44759,44769,10
12.9498796463,80.2322692871,44769,44779,10
12.9497995377,80.2313232422,44779,44789,10
12.9497404099,80.2303085327,44789,44799,10
12.9496603012,80.2292022705,44799,44809,10
12.9495897293,80.2280273438,44809,44819,10
12.9495401382,80.2268066406,44819,44829,10
12.9494695663,80.2255630493,44829,44839,10
12.9494104385,80.2242584229,44839,44849,10
12.9493598938,80.2229537964,44849,44860,11
12.9492902756,80.2215194702,44860,44870,10
12.9491701126,80.2202377319,44870,44880,10
12.9490404129,80.2189483643,44880,44890,10
12.9489097595,80.2176513672,44890,44900,10
12.9487800598,80.2163314819,44900,44910,10
12.9486503601,80.2149963379,44910,44920,10
12.9485197067,80.2136688232,44920,44930,10
12.9484100342,80.2123413086,44930,44940,10
12.9483699799,80.2110366821,44940,44950,10
12.9483604431,80.2101287842,44950,44961,11
12.9484701157,80.2092971802,44961,44971,10
12.9485397339,80.2086486816,44971,44981,10
12.9485397339,80.2086410522,44981,44991,10
12.9486103058,80.2083511353,44991,45001,10
12.9486598969,80.2077178955,45001,45011,10
12.9487304688,80.2068786621,45011,45021,10
12.9487600327,80.205909729,45021,45031,10
12.9487400055,80.204826355,45031,45041,10
12.9486398697,80.203742981,45041,45051,10
12.9485998154,80.2026062012,45051,45062,11
12.948559761,80.2013015747,45062,45072,10
12.9485197067,80.2000732422,45072,45082,10
12.9484701157,80.1990890503,45082,45092,10
12.9484395981,80.1982269287,45092,45102,10
12.9484996796,80.1972122192,45102,45112,10
12.9485197067,80.1960678101,45112,45122,10
12.9485397339,80.1951370239,45122,45132,10
12.9485397339,80.1941223145,45132,45142,10
12.9485702515,80.1929702759,45142,45152,10
12.9486103058,80.1917572021,45152,45162,10
12.9486703873,80.190536499,45162,45173,11
12.9487600327,80.1893997192,45173,45183,10
12.9488201141,80.1887893677,45183,45193,10
12.9488897324,80.1879501343,45193,45203,10
12.9489803314,80.186920166,45203,45213,10
12.9490098953,80.185798645,45213,45223,10
12.9489898682,80.1852493286,45223,45233,10
12.9490499496,80.1847610474,45233,45243,10
12.9491195679,80.1841506958,45243,45253,10
12.9491596222,80.1839370728,45253,45263,10
12.9491796494,80.1838226318,45263,45274,11
12.9492797852,80.1832122803,45274,45284,10
12.9494199753,80.1824035645,45284,45294,10
12.9496002197,80.1814575195,45294,45304,10
12.949669838,80.1809997559,45304,45314,10
12.9497804642,80.1804122925,45314,45324,10
12.9499597549,80.1795501709,45324,45334,10
12.950220108,80.1785202026,45334,45344,10
12.9505195618,80.1773910522,45344,45354,10
12.9508199692,80.1762313843,45354,45364,10
12.9510602951,80.1750564575,45364,45374,10
12.9511995316,80.1742935181,45374,45385,11
12.9512395859,80.1741409302,45385,45395,10
12.9513702393,80.173538208,45395,45405,10
12.9515399933,80.1726989746,45405,45415,10
12.9517097473,80.1717376709,45415,45425,10
12.9518899918,80.1707229614,45425,45435,10
12.9520702362,80.1697769165,45435,45445,10
12.9522399902,80.1687774658,45445,45455,10
12.9524803162,80.1677322388,45455,45465,10
12.9527597427,80.1666564941,45465,45475,10
12.9530200958,80.1655578613,45475,45486,11
12.9532899857,80.1643295288,45486,45496,10
12.9535398483,80.1631622314,45496,45506,10
12.953789711,80.1619567871,45506,45516,10
12.9540395737,80.1607818604,45516,45526,10
12.9542798996,80.1596221924,45526,45536,10
12.9544401169,80.1586990356,45536,45546,10
12.9545001984,80.1584091187,45546,45556,10
12.9546003342,80.1579284668,45556,45566,10
12.9547700882,80.1571578979,45566,45576,10
12.9549598694,80.1562194824,45576,45587,11
12.9552202225,80.155090332,45587,45597,10
12.9554700851,80.1539764404,45597,45607,10
12.9558095932,80.1528778076,45607,45617,10
12.956489563,80.1519012451,45617,45627,10
12.9574298859,80.1511383057,45627,45637,10
12.9583301544,80.150390625,45637,45647,10
12.9587497711,80.1500320435,45647,45657,10
12.9589395523,80.1499023438,45657,45667,10
12.9591999054,80.1497192383,45667,45677,10
12.9595298767,80.1491775513,45677,45687,10
12.959690094,80.1483764648,45687,45698,11
12.9598798752,80.1474685669,45698,45708,10
12.9600696564,80.1465606689,45708,45718,10
12.9602403641,80.1457366943,45718,45728,10
12.9602804184,80.1455383301,45728,45738,10
12.9600200653,80.1453323364,45738,45748,10
12.9593896866,80.1450119019,45748,45758,10
12.9585399628,80.14453125,45758,45768,10
12.9577503204,80.1440811157,45768,45778,10
12.9563102722,80.1433334351,45778,45799,21
12.9563102722,80.1433334351,45799,45809,10
12.9561700821,80.1432723999,45809,45819,10
12.9558401108,80.1431121826,45819,45829,10
12.9552001953,80.1427307129,45829,45839,10
12.9545202255,80.1423568726,45839,45849,10
12.9537601471,80.1419372559,45849,45859,10
12.9530496597,80.1415634155,45859,45869,10
12.9526195526,80.1412582397,45869,45879,10
12.9517803192,80.140663147,45879,45899,20
12.9517803192,80.140663147,45899,45910,11
12.9515800476,80.1405029297,45910,45920,10
12.9511003494,80.1400985718,45920,45930,10
12.9506797791,80.1397476196,45930,45940,10
12.9505996704,80.1396865845,45940,45950,10
12.9502897263,80.1394424438,45950,45960,10
12.9497203827,80.1389770508,45960,45970,10
12.9489898682,80.1383514404,45970,45980,10
12.9481201172,80.1377182007,45980,45990,10
12.9473400116,80.1371688843,45990,46000,10
12.9465398788,80.1365585327,46000,46011,11
12.9455299377,80.1357803345,46011,46021,10
12.9446001053,80.1350784302,46021,46031,10
12.9437103271,80.1343688965,46031,46041,10
12.9428701401,80.1335983276,46041,46051,10
12.9421596527,80.1328582764,46051,46061,10
12.9413995743,80.1320495605,46061,46071,10
12.9405899048,80.1312179565,46071,46081,10
12.9397802353,80.1303482056,46081,46091,10
12.9389200211,80.1296005249,46091,46101,10
12.9380998611,80.1289367676,46101,46111,10
12.9376602173,80.128578186,46111,46122,11
12.9375600815,80.1285018921,46122,46132,10
12.9372501373,80.1282272339,46132,46142,10
12.9369802475,80.1279602051,46142,46162,20
12.9369802475,80.1279602051,46162,46172,10
12.9368000031,80.127822876,46172,46182,10
12.9364004135,80.1274719238,46182,46192,10
12.935839653,80.1269683838,46192,46202,10
12.9351997375,80.1263809204,46202,46212,10
12.9344902039,80.1257095337,46212,46223,11
12.9335203171,80.1247634888,46223,46233,10
12.9327297211,80.1239624023,46233,46243,10
12.9320802689,80.1233596802,46243,46253,10
12.9319400787,80.1232299805,46253,46263,10
12.9318599701,80.1231613159,46263,46273,10
12.9315395355,80.1228179932,46273,46283,10
12.9310703278,80.1223220825,46283,46293,10
12.9305095673,80.1217803955,46293,46303,10
12.9299001694,80.1211700439,46303,46313,10
12.9292497635,80.1204910278,46313,46324,11
12.9284801483,80.1197128296,46324,46334,10
12.9279203415,80.119140625,46334,46344,10
12.9276199341,80.1188430786,46344,46354,10
12.9274301529,80.1186599731,46354,46364,10
12.9273996353,80.118637085,46364,46374,10
12.9273099899,80.1185836792,46374,46384,10
12.927189827,80.1184616089,46384,46394,10
12.9270095825,80.118270874,46394,46404,10
12.9267501831,80.118019104,46404,46414,10
12.9264698029,80.117729187,46414,46424,10
12.9261302948,80.1174621582,46424,46445,21
12.9261302948,80.1174621582,46445,46455,10
12.9257898331,80.1172027588,46455,46465,10
12.925330162,80.1167602539,46465,46475,10
12.9248104095,80.1162185669,46475,46485,10
12.9243602753,80.1157608032,46485,46495,10
12.9241800308,80.1155776978,46495,46505,10
12.9239597321,80.1153488159,46505,46515,10
12.9239797592,80.1150665283,46515,46525,10
12.924200058,80.1150665283,46525,46536,11
12.9245796204,80.1155014038,46536,46546,10
12.9250602722,80.1159973145,46546,46556,10
12.9256296158,80.1165771484,46556,46566,10
12.9261198044,80.1171569824,46566,46576,10
12.9263000488,80.1174163818,46576,46586,10
12.9263696671,80.1175308228,46586,46596,10
12.9264698029,80.1176376343,46596,46606,10
12.92689991,80.1179428101,46606,46909,303
12.92689991,80.1179428101,46909,46919,10
12.9272203445,80.1181411743,46919,46970,51
12.9272203445,80.1181411743,46970,46980,10
12.927280426,80.1183624268,46980,46990,10
12.927479744,80.118598938,46990,47000,10
12.9278497696,80.1189880371,47000,47010,10
12.9283103943,80.1194534302,47010,47020,10
12.9287900925,80.1198806763,47020,47091,71
12.9287900925,80.1198806763,47091,47101,10
12.9289503098,80.1200332642,47101,47111,10
12.9291696548,80.1202697754,47111,47121,10
12.9293804169,80.1204833984,47121,47131,10
12.9296302795,80.1207122803,47131,47141,10
12.929980278,80.1210479736,47141,47151,10
12.9304599762,80.1215362549,47151,47161,10
12.9309997559,80.1220932007,47161,47172,11
12.9313297272,80.1224365234,47172,47182,10
12.9314603806,80.1225814819,47182,47192,10
12.9316501617,80.1228027344,47192,47202,10
12.9320201874,80.1231918335,47202,47212,10
12.9325704575,80.1237411499,47212,47222,10
12.9331998825,80.1243362427,47222,47232,10
12.9338598251,80.1250076294,47232,47242,10
12.9345598221,80.1256637573,47242,47252,10
12.9351797104,80.1261978149,47252,47262,10
12.9357404709,80.1266098022,47262,47273,11
12.9358301163,80.1266708374,47273,47283,10
12.9359197617,80.1267623901,47283,47293,10
12.9361495972,80.1270217896,47293,47303,10
12.9363603592,80.1272201538,47303,47313,10
12.9365997314,80.1273880005,47313,47323,10
12.9368200302,80.1271972656,47323,47333,10
12.9371404648,80.1268386841,47333,47343,10
12.9376096725,80.1270980835,47343,47353,10
12.9376897812,80.1273422241,47353,47363,10
12.937620163,80.1274795532,47363,47373,10
12.9375896454,80.1275405884,47373,47384,11
12.9375801086,80.1276168823,47384,47394,10
12.9374103546,80.1278991699,47394,47404,10
12.9373998642,80.1280899048,47404,47414,10
12.9376602173,80.1282806396,47414,47424,10
12.9381198883,80.1287384033,47424,47434,10
12.938750267,80.1293182373,47434,47444,10
12.9395103455,80.1299819946,47444,47454,10
12.9400596619,80.1304931641,47454,47464,10
12.9409399033,80.131401062,47464,47474,10
12.9418401718,80.1323623657,47474,47485,11
12.9425697327,80.1331710815,47485,47495,10
12.9433002472,80.1339263916,47495,47505,10
12.9440803528,80.1345977783,47505,47515,10
12.9448699951,80.1352462769,47515,47525,10
12.9457397461,80.1359176636,47525,47535,10
12.9466400146,80.1366271973,47535,47545,10
12.9474401474,80.1371612549,47545,47555,10
12.9483003616,80.1377716064,47555,47565,10
12.9491796494,80.138420105,47565,47575,10
12.950050354,80.1390991211,47575,47585,10
12.9511804581,80.1398162842,47585,47626,41
12.9511804581,80.1398162842,47626,47636,10
12.9513397217,80.1399383545,47636,47646,10
12.9514198303,80.1399993896,47646,47656,10
12.9516201019,80.1402130127,47656,47666,10
12.9519195557,80.1406021118,47666,47676,10
12.9523200989,80.1409378052,47676,47686,10
12.9524698257,80.1410293579,47686,47697,11
12.9525995255,80.1411209106,47697,47707,10
12.9530000687,80.1414108276,47707,47717,10
12.9536104202,80.141746521,47717,47727,10
12.9544000626,80.1421585083,47727,47737,10
12.9552202225,80.1425704956,47737,47747,10
12.9558401108,80.1428833008,47747,47757,10
12.9559001923,80.142906189,47757,47767,10
12.9561300278,80.1430435181,47767,47777,10
12.956580162,80.1432876587,47777,47787,10
12.957159996,80.1435928345,47787,47798,11
12.9578504562,80.143951416,47798,47808,10
12.9585399628,80.1442565918,47808,47818,10
12.9593400955,80.1446762085,47818,47828,10
12.9601202011,80.1451034546,47828,47838,10
12.9605503082,80.1453323364,47838,47848,10
12.9603700638,80.1457214355,47848,47858,10
12.9602098465,80.1462478638,47858,47868,10
12.9600400925,80.1470184326,47868,47878,10
12.9598503113,80.1479492188,47878,47888,10
12.9596300125,80.1489868164,47888,47898,10
12.9593601227,80.1496887207,47898,47909,11
12.9586200714,80.150390625,47909,47919,10
12.9585895538,80.1504135132,47919,47929,10
12.9582700729,80.1506500244,47929,47939,10
12.9576997757,80.1511001587,47939,47949,10
12.956990242,80.1516799927,47949,47959,10
12.9562397003,80.1523590088,47959,47969,10
12.9557304382,80.1532974243,47969,47979,10
12.9554195404,80.1544036865,47979,47989,10
12.9551696777,80.1555480957,47989,47999,10
12.9549198151,80.1567230225,47999,48010,11
12.9546804428,80.1579284668,48010,48020,10
12.9543800354,80.159538269,48020,48039,19
12.9543800354,80.159538269,48039,48050,11
12.9542999268,80.1599273682,48050,48060,10
12.9541397095,80.1606369019,48060,48070,10
12.9539499283,80.1615371704,48070,48080,10
12.9537296295,80.1625518799,48080,48090,10
12.953499794,80.1636581421,48090,48100,10
12.9532403946,80.1648101807,48100,48110,10
12.9529800415,80.1660003662,48110,48121,11
12.9526395798,80.1673431396,48121,48131,10
12.9523200989,80.1685409546,48131,48141,10
12.9521198273,80.1697463989,48141,48151,10
12.9519796371,80.1706924438,48151,48160,9
12.9519500732,80.1708602905,48160,48171,11
12.9518299103,80.1715698242,48171,48181,10
12.9516601563,80.1725006104,48181,48191,10
12.9514503479,80.1735687256,48191,48201,10
12.951210022,80.1746368408,48201,48211,10
12.9509801865,80.1757507324,48211,48222,11
12.9506902695,80.1769866943,48222,48232,10
12.9503898621,80.1781463623,48232,48242,10
12.9500904083,80.1793289185,48242,48252,10
12.9498596191,80.1804733276,48252,48262,10
12.9496603012,80.1815109253,48262,48272,10
12.9494800568,80.182510376,48272,48282,10
12.9493103027,80.1835632324,48282,48292,10
12.9492902756,80.1838378906,48292,48302,10
12.9492397308,80.1839981079,48302,48312,10
12.9491901398,80.1846618652,48312,48322,10
12.9491996765,80.1851119995,48322,48333,11
12.9491500854,80.185508728,48333,48343,10
12.9490804672,80.1861724854,48343,48353,10
12.9490203857,80.18699646,48353,48363,10
12.9489402771,80.1879196167,48363,48373,10
12.9488697052,80.1887588501,48373,48383,10
12.9487800598,80.1896362305,48383,48393,10
12.9486703873,80.1907577515,48393,48403,10
12.9486103058,80.1919708252,48403,48413,10
12.9485797882,80.1930999756,48413,48423,10
12.948559761,80.1941070557,48423,48434,11
12.948559761,80.1951904297,48434,48444,10
12.948559761,80.1954803467,48444,48454,10
12.9485397339,80.1959686279,48454,48464,10
12.9485197067,80.1968383789,48464,48474,10
12.9484996796,80.1979064941,48474,48484,10
12.9485397339,80.19896698,48484,48494,10
12.9485702515,80.1995010376,48494,48504,10
12.9485702515,80.1995773315,48504,48514,10
12.9485797882,80.2001190186,48514,48524,10
12.9486398697,80.2019195557,48524,48534,10
12.9486398697,80.2019195557,48534,48545,11
12.9486703873,80.2030410767,48545,48555,10
12.9486904144,80.2041320801,48555,48565,10
12.9487304688,80.2052612305,48565,48575,10
12.9487304688,80.2063674927,48575,48585,10
12.948679924,80.2073669434,48585,48596,11
12.9485902786,80.2083969116,48596,48606,10
12.948559761,80.2092132568,48606,48616,10
12.9485502243,80.2092590332,48616,48626,10
12.9485397339,80.2093582153,48626,48636,10
12.9484996796,80.2096862793,48636,48647,11
12.9484195709,80.2101211548,48647,48657,10
12.948390007,80.2108306885,48657,48667,10
12.9484100342,80.2117462158,48667,48677,10
12.9484701157,80.2127838135,48677,48687,10
12.9485797882,80.2138824463,48687,48697,10
12.9486999512,80.2150726318,48697,48707,10
12.9488096237,80.2162780762,48707,48717,10
12.9489002228,80.2172012329,48717,48727,10
12.9490499496,80.2185592651,48727,48737,10
12.9491701126,80.2197799683,48737,48747,10
12.9492998123,80.2210464478,48747,48758,11
12.9494104385,80.2225036621,48758,48768,10
12.9494800568,80.2238464355,48768,48778,10
12.9495401382,80.2252197266,48778,48788,10
12.9496097565,80.2265701294,48788,48798,10
12.9496803284,80.2278900146,48798,48809,11
12.9497404099,80.2290420532,48809,48819,10
12.9498500824,80.2304916382,48819,48829,10
12.9499397278,80.2317123413,48829,48839,10
12.9500303268,80.2327880859,48839,48849,10
12.9500303268,80.2329864502,48849,48860,11
12.9500303268,80.2331390381,48860,48870,10
12.9500598907,80.2337265015,48870,48880,10
12.9500398636,80.2345199585,48880,48890,10
12.9499397278,80.2357025146,48890,48961,71
12.9499397278,80.2357025146,48961,48971,10
12.9498996735,80.2360229492,48971,48981,10
12.9498100281,80.2365722656,48981,48991,10
12.9496803284,80.2373428345,48991,49001,10
12.9495401382,80.2382125854,49001,49011,10
12.9493598938,80.2391662598,49011,49021,10
12.9491596222,80.2401275635,49021,49031,10
12.9491100311,80.2405395508,49031,49041,10
12.949139595,80.2406921387,49041,49051,10
12.9495401382,80.2409210205,49051,49061,10
12.9502696991,80.2411270142,49061,49072,11
12.9512395859,80.2414398193,49072,49082,10
12.9521598816,80.2417831421,49082,49092,10
12.9531402588,80.2421722412,49092,49102,10
12.9541797638,80.2425765991,49102,49112,10
12.9551000595,80.2429199219,49112,49122,10
12.9558601379,80.2432174683,49122,49132,10
12.9560499191,80.2433395386,49132,49193,61
12.9560499191,80.2433395386,49193,49203,10
12.9563999176,80.2434768677,49203,49213,10
12.9567499161,80.2436218262,49213,49223,10
12.9574298859,80.243888855,49223,49233,10
12.9582395554,80.2442321777,49233,49243,10
12.9589099884,80.2444610596,49243,49253,10
12.9589300156,80.2444610596,49253,49263,10
12.959230423,80.2446212769,49263,49273,10
12.9598197937,80.2449111938,49273,49284,11
12.9606895447,80.2453079224,49284,49294,10
12.961640358,80.2457580566,49294,49304,10
12.9626302719,80.2462615967,49304,49314,10
12.9634199142,80.2466506958,49314,49374,60
12.9634199142,80.2466506958,49374,49385,11
12.9635400772,80.2467422485,49385,49395,10
12.9639501572,80.2469329834,49395,49405,10
12.9646396637,80.2471923828,49405,49415,10
12.9655199051,80.2474517822,49415,49425,10
12.9664697647,80.2478103638,49425,49435,10
12.9669599533,80.2480010986,49435,49445,10
12.9669599533,80.248008728,49445,49455,10
12.9670095444,80.248046875,49455,49465,10
12.9673099518,80.2482528687,49465,49475,10
12.9679298401,80.2484970093,49475,49486,11
12.9688301086,80.2488327026,49486,49496,10
12.9697904587,80.249206543,49496,49506,10
12.9708404541,80.2496109009,49506,49516,10
12.9718399048,80.2498626709,49516,49526,10
12.972869873,80.2501525879,49526,49536,10
12.9737701416,80.2503814697,49536,49546,10
12.9746704102,80.250617981,49546,49556,10
12.975689888,80.2509078979,49556,49566,10
12.9767303467,80.2512130737,49566,49576,10
12.9777002335,80.251701355,49576,49586,10
12.9784898758,80.2522964478,49586,49597,11
12.9785804749,80.2523574829,49597,49607,10
12.978679657,80.2524108887,49607,49617,10
12.9791603088,80.2526016235,49617,49627,10
12.9797801971,80.2526168823,49627,49657,30
12.9797801971,80.2526168823,49657,49667,10
12.9798002243,80.2526473999,49667,49677,10
12.9802598953,80.2526473999,49677,49687,10
12.9810695648,80.2526321411,49687,49698,11
12.9822597504,80.2525863647,49698,49708,10
12.9836196899,80.252456665,49708,49718,10
12.9849100113,80.2520980835,49718,49728,10
12.9860696793,80.2517929077,49728,49738,10
12.9868898392,80.2515563965,49738,49809,71
12.9868898392,80.2515563965,49809,49819,10
12.9871397018,80.251449585,49819,49829,10
12.9875297546,80.2513427734,49829,49839,10
12.9877901077,80.2513198853,49839,49849,10
12.9879798889,80.2517318726,49849,49859,10
12.9880304337,80.252243042,49859,49869,10
12.987950325,80.2531280518,49869,49879,10
12.9879102707,80.2535324097,49879,49889,10
12.987830162,80.2542266846,49889,49899,10
12.9877901077,80.2550811768,49899,49910,11
12.9876899719,80.2559280396,49910,49920,10
12.9876403809,80.2562026978,49920,49930,10
12.9875602722,80.2566375732,49930,49940,10
12.9875202179,80.2571182251,49940,49950,10
12.9874897003,80.2578277588,49950,49960,10
12.9874401093,80.2585678101,49960,49970,10
12.9872598648,80.2594528198,49970,50010,40
12.9872398376,80.2596969604,50010,50061,51
12.9868602753,80.2596282959,50061,50283,222
12.9868602753,80.2596282959,50283,50293,10
12.9864797592,80.2595596313,50293,50838,545
12.9864797592,80.2595596313,50838,50849,11
12.9865398407,80.2592697144,50849,50859,10
12.9866600037,80.2590637207,50859,50919,60
12.9866600037,80.2590637207,50919,50929,10
12.9870195389,80.2591400146,50929,50939,10
12.9872598648,80.2591171265,50939,50960,21
12.9872598648,80.2591171265,50960,50970,10
12.9873504639,80.2588806152,50970,50980,10
12.9873800278,80.2586364746,50980,50990,10
12.9874095917,80.2582702637,50990,51000,10
12.9874200821,80.2581710815,51000,51010,10
12.9874401093,80.2576980591,51010,51020,10
12.9874801636,80.2570037842,51020,51030,10
12.9875001907,80.2562789917,51030,51040,10
12.9875202179,80.2561569214,51040,51050,10
12.9875297546,80.2559967041,51050,51091,41
12.9875297546,80.2559967041,51091,51101,10
12.9876003265,80.255859375,51101,51111,10
12.987739563,80.255317688,51111,51121,10
12.9877500534,80.2548675537,51121,51131,10
12.9877796173,80.2545013428,51131,51141,10
12.987859726,80.2535934448,51141,51151,10
12.9879398346,80.2524490356,51151,51161,10
12.9877996445,80.251701355,51161,51172,11
12.9876203537,80.2516021729,51172,51182,10
12.987159729,80.2516174316,51182,51192,10
12.9867401123,80.2517166138,51192,51202,10
12.9861698151,80.2518386841,51202,51212,10
12.985619545,80.2519836426,51212,51222,10
12.984629631,80.2522583008,51222,51232,10
12.9834403992,80.2525634766,51232,51242,10
12.9820203781,80.2526626587,51242,51252,10
12.980629921,80.2527236938,51252,51262,10
12.9801101685,80.2527618408,51262,51273,11
12.9797401428,80.2527084351,51273,51283,10
12.97935009,80.2526702881,51283,51293,10
12.9788398743,80.2525863647,51293,51303,10
12.9782600403,80.2523498535,51303,51313,10
12.9774303436,80.2516403198,51313,51323,10
12.9761800766,80.251121521,51323,51333,10
12.9748401642,80.2507400513,51333,51343,10
12.9735202789,80.2503662109,51343,51353,10
12.972240448,80.2500305176,51353,51363,10
12.9708003998,80.2496490479,51363,51374,11
12.9691696167,80.2490386963,51374,51384,10
12.9677801132,80.248550415,51384,51394,10
12.9668798447,80.2481307983,51394,51404,10
12.9663095474,80.2478485107,51404,51414,10
12.9654598236,80.2475204468,51414,51424,10
12.9650096893,80.2473678589,51424,51434,10
12.9646902084,80.2472381592,51434,51444,10
12.9639101028,80.2469482422,51444,51454,10
12.9631004333,80.2465591431,51454,51464,10
12.9619998932,80.2459869385,51464,51474,10
12.9608602524,80.2454299927,51474,51485,11
12.9600696564,80.2450866699,51485,51495,10
12.9596004486,80.2449035645,51495,51505,10
12.9593000412,80.2447662354,51505,51515,10
12.9590797424,80.2446670532,51515,51525,10
12.9584302902,80.2443771362,51525,51535,10
12.9577302933,80.2440872192,51535,51545,10
12.9569797516,80.2438735962,51545,51555,10
12.9564800262,80.2437362671,51555,51565,10
12.9564599991,80.2437362671,51565,51575,10
12.9563999176,80.2437133789,51575,51586,11
12.9562397003,80.2436523438,51586,51596,10
12.9556398392,80.2433013916,51596,51606,10
12.95470047,80.2428436279,51606,51616,10
12.9537496567,80.24243927,51616,51626,10
12.952630043,80.2419891357,51626,51636,10
12.9516496658,80.2416610718,51636,51646,10
12.9514904022,80.2415924072,51646,51656,10
12.9509296417,80.2413635254,51656,51666,10
12.9499197006,80.2410507202,51666,51676,10
12.949139595,80.240852356,51676,51697,21
12.949139595,80.240852356,51697,51707,10
12.9489097595,80.240737915,51707,51717,10
12.9489297867,80.2402801514,51717,51727,10
12.9490995407,80.2395019531,51727,51737,10
12.9491596222,80.2392730713,51737,51747,10
12.9493503571,80.2386779785,51747,51757,10
12.9494800568,80.2379302979,51757,51767,10
12.9495897293,80.2371826172,51767,51777,10
12.9497299194,80.2360610962,51777,51808,31
12.9497299194,80.2360610962,51808,51818,10
12.9497804642,80.2357406616,51818,51828,10
12.9499197006,80.2350006104,51828,51838,10
12.9499998093,80.2342376709,51838,51848,10
12.9499797821,80.2338562012,51848,51858,10
12.9499797821,80.2336502075,51858,51868,10
12.9499597549,80.2329101563,51868,51878,10
12.9498796463,80.2317810059,51878,51888,10
12.9498100281,80.2306976318,51888,51899,11
12.9497003555,80.2290878296,51899,51909,10
12.9496202469,80.2274398804,51909,51919,10
12.9495296478,80.2257385254,51919,51930,11
12.9494695663,80.2242202759,51930,51940,10
12.9493598938,80.2221984863,51940,51950,10
12.9492197037,80.220451355,51950,51960,10
12.9490499496,80.2186813354,51960,51970,10
12.9488601685,80.2169036865,51970,51980,10
12.9486904144,80.2152023315,51980,51990,10
12.9485301971,80.2137527466,51990,52000,10
12.9483995438,80.2122879028,52000,52011,11
12.9483604431,80.2109909058,52011,52021,10
12.948340416,80.2102584839,52021,52031,10
12.9483499527,80.2099075317,52031,52041,10
12.9484395981,80.2093734741,52041,52051,10
12.9485197067,80.2088928223,52051,52061,10
12.9485397339,80.2088623047,52061,52071,10
12.9485702515,80.208770752,52071,52081,10
12.9485998154,80.2083511353,52081,52091,10
12.9486398697,80.207611084,52091,52101,10
12.9486999512,80.20652771,52101,52112,11
12.9487104416,80.2052001953,52112,52122,10
12.9486904144,80.2041473389,52122,52132,10
12.9486598969,80.2029190063,52132,52142,10
12.9486103058,80.2015762329,52142,52152,10
12.948559761,80.200302124,52152,52162,10
12.9485197067,80.1993103027,52162,52172,10
12.9485197067,80.1986618042,52172,52182,10
12.9484901428,80.1976699829,52182,52192,10
12.94851017,80.1963424683,52192,52202,10
12.9484996796,80.1954727173,52202,52213,11
12.9484901428,80.1954421997,52213,52223,10
12.9484901428,80.1951065063,52223,52233,10
12.9484996796,80.194229126,52233,52243,10
12.9485502243,80.193031311,52243,52253,10
12.9485998154,80.1915817261,52253,52263,10
12.948679924,80.1901626587,52263,52273,10
12.9487800598,80.1891174316,52273,52283,10
12.9488801956,80.188079834,52283,52293,10
12.9489898682,80.1869812012,52293,52303,10
12.948969841,80.1852798462,52303,52374,71
12.948969841,80.1852798462,52374,52384,10
12.9490003586,80.1852874756,52384,52394,10
12.9490699768,80.1848602295,52394,52404,10
12.949139595,80.1842193604,52404,52414,10
12.9491796494,80.1838226318,52414,52425,11
12.9491996765,80.1837005615,52425,52435,10
12.9493103027,80.18309021,52435,52445,10
12.9494800568,80.1821212769,52445,52455,10
12.9495697021,80.1816101074,52455,52465,10
12.9496202469,80.181388855,52465,52475,10
12.949669838,80.1811218262,52475,52485,10
12.9497804642,80.1804580688,52485,52495,10
12.9499702454,80.1794891357,52495,52505,10
12.9502096176,80.1785202026,52505,52515,10
12.9505395889,80.1772613525,52515,52525,10
12.9509000778,80.1758880615,52525,52536,11
12.9511604309,80.1745223999,52536,52546,10
12.9512395859,80.174156189,52546,52556,10
12.951379776,80.1735305786,52556,52566,10
12.9515800476,80.1725006104,52566,52576,10
12.9517602921,80.1714401245,52576,52586,10
12.9517698288,80.1713562012,52586,52596,10
12.9518203735,80.1710968018,52596,52606,10
12.95195961,80.1702575684,52606,52616,10
12.9521598816,80.1691970825,52616,52626,10
12.9523696899,80.1680831909,52626,52637,11
12.9527797699,80.1665725708,52637,52647,10
12.9531402588,80.1650009155,52647,52660,13
12.953499794,80.1633987427,52660,52670,10
12.9539499283,80.1613006592,52670,52680,10
12.9542398453,80.1598892212,52680,52690,10
12.9544401169,80.158821106,52690,52700,10
12.9544897079,80.158493042,52700,52710,10
12.954580307,80.1580963135,52710,52720,10
12.9547796249,80.1572036743,52720,52730,10
12.955039978,80.15599823,52730,52741,11
12.9553899765,80.1544265747,52741,52751,10
12.9557800293,80.1529388428,52751,52760,9
12.956700325,80.1517333984,52760,52771,11
12.9577302933,80.1509017944,52771,52781,10
12.9583797455,80.1503601074,52781,52791,10
12.9588403702,80.1499786377,52791,52801,10
12.9590501785,80.1498413086,52801,52811,10
12.9594402313,80.1493988037,52811,52821,10
12.9596700668,80.1484985352,52821,52831,10
12.9598798752,80.1475219727,52831,52841,10
12.960100174,80.1464385986,52841,52852,11
12.960269928,80.1455383301,52852,52862,10
12.960269928,80.1452178955,52862,52871,9
12.960729599,80.1453170776,52871,52882,11
12.9615602493,80.1457901001,52882,52892,10
12.9626598358,80.1463775635,52892,52902,10
12.9636802673,80.1470031738,52902,52912,10
12.9644098282,80.1475219727,52912,52922,10
12.9656400681,80.1482009888,52922,52931,9
12.9663200378,80.1485595703,52931,52942,11
12.9666595459,80.1487121582,52942,52953,11
12.9667901993,80.1487731934,52953,52963,10
12.9671401978,80.1489334106,52963,52973,10
12.9674797058,80.1491088867,52973,52983,10
12.9680995941,80.1493911743,52983,53033,50
12.9680995941,80.1493911743,53033,53043,10
12.9682798386,80.149520874,53043,53054,11
12.9690303802,80.1498718262,53054,53064,10
12.9700098038,80.1503601074,53064,53074,10
12.9712400436,80.1509170532,53074,53084,10
12.9718599319,80.1511917114,53084,53094,10
12.9718799591,80.1511993408,53094,53104,10
12.9720802307,80.1513137817,53104,53114,10
12.9725503922,80.1518478394,53114,53124,10
12.9732198715,80.1527633667,53124,53154,30
12.9733295441,80.152923584,53154,53195,41
12.9733295441,80.152923584,53195,53205,10
12.9734201431,80.1530990601,53205,53215,10
12.9734201431,80.1531219482,53215,53225,10
12.9732198715,80.153137207,53225,53235,10
12.9728603363,80.1525421143,53235,53245,10
12.9722700119,80.1517028809,53245,53255,10
12.9712400436,80.151008606,53255,53266,11
12.9700098038,80.1504135132,53266,53276,10
12.9693202972,80.1501083374,53276,53296,20
12.9693202972,80.1501083374,53296,53306,10
12.96916008,80.1499099731,53306,53316,10
12.9686899185,80.1496810913,53316,53326,10
12.9674797058,80.1491317749,53326,53366,40
12.9674797058,80.1491317749,53366,53377,11
12.9673204422,80.1491012573,53377,53387,10
12.9668598175,80.1488265991,53387,53397,10
12.9662303925,80.1485366821,53397,53407,10
12.9655199051,80.1481628418,53407,53417,10
12.9646501541,80.1476669312,53417,53427,10
12.9637403488,80.1472015381,53427,53437,10
12.9630203247,80.1468963623,53437,53447,10
12.9623298645,80.1465301514,53447,53457,10
12.9614601135,80.1460418701,53457,53467,10
12.960559845,80.1455917358,53467,53478,11
12.9601898193,80.1458282471,53478,53488,10
12.9600000381,80.1468200684,53488,53498,10
12.9597597122,80.1479568481,53498,53508,10
12.9595098495,80.1492080688,53508,53518,10
12.9588899612,80.1500778198,53518,53528,10
12.958530426,80.1503829956,53528,53538,10
12.95814991,80.1506881714,53538,53548,10
12.9573602676,80.1513137817,53548,53558,10
12.9563999176,80.1521072388,53558,53568,10
12.9557800293,80.1531066895,53568,53579,11
12.9554004669,80.154586792,53579,53589,10
12.9550600052,80.1561813354,53589,53599,10
12.954750061,80.1576080322,53599,53609,10
12.9545297623,80.1587600708,53609,53629,20
12.9545297623,80.1587600708,53629,53639,10
12.9545297623,80.1587982178,53639,53649,10
12.9544401169,80.1592330933,53649,53659,10
12.9542999268,80.1599502563,53659,53669,10
12.9541501999,80.1606521606,53669,53679,10
12.9539403915,80.1616363525,53679,53690,11
12.9535903931,80.1631698608,53690,53700,10
12.9532699585,80.1646575928,53700,53710,10
12.9529600143,80.1660385132,53710,53720,10
12.9526195526,80.1674423218,53720,53730,10
12.9522800446,80.1688537598,53730,53740,10
12.9520797729,80.1700897217,53740,53750,10
12.9519996643,80.1705780029,53750,53760,10
12.9519100189,80.1710662842,53760,53770,10
12.9517097473,80.1721420288,53770,53780,10
12.9514598846,80.1734695435,53780,53791,11
12.9511995316,80.1747207642,53791,53801,10
12.9509000778,80.1760864258,53801,53811,10
12.9505195618,80.1775970459,53811,53821,10
12.9501399994,80.1790771484,53821,53831,10
12.9498701096,80.1804733276,53831,53841,10
12.9497098923,80.1813583374,53841,53851,10
12.9495801926,80.1820297241,53851,53861,10
12.9493999481,80.1830825806,53861,53871,10
12.9492998123,80.183883667,53871,53881,10
12.9492797852,80.1840133667,53881,53891,10
12.9491996765,80.184753418,53891,53902,11
12.9490995407,80.1860122681,53902,53912,10
12.9490098953,80.1871185303,53912,53922,10
12.9489202499,80.1882019043,53922,53932,10
12.9488601685,80.1890487671,53932,53942,10
12.9487600327,80.1899185181,53942,53952,10
12.9486703873,80.1910629272,53952,53962,10
12.9486198425,80.1919784546,53962,53972,10
12.9485998154,80.1932830811,53972,53982,10
12.948559761,80.1943817139,53982,53992,10
12.9485702515,80.1954193115,53992,54003,11
12.948559761,80.1965789795,54003,54013,10
12.9485301971,80.1976928711,54013,54023,10
12.9485502243,80.1987075806,54023,54033,10
12.9485902786,80.1995162964,54033,54043,10
12.9486198425,80.2004928589,54043,54053,10
12.9486598969,80.2016601563,54053,54063,10
12.9486999512,80.2028121948,54063,54073,10
12.9487104416,80.2038879395,54073,54083,10
12.9487600327,80.2051391602,54083,54093,10
12.9487400055,80.206451416,54093,54103,10
12.9486999512,80.2076263428,54103,54114,11
12.9485902786,80.2089385986,54114,54124,10
12.9485797882,80.2092590332,54124,54134,10
12.9485197067,80.2096405029,54134,54144,10
12.9484596252,80.2104415894,54144,54154,10
12.9484395981,80.2116165161,54154,54164,10
12.9484996796,80.2129592896,54164,54174,10
12.9486703873,80.2147216797,54174,54184,10
12.9488296509,80.2163391113,54184,54194,10
12.9489803314,80.2177734375,54194,54204,10
12.949139595,80.219078064,54204,54215,11
12.9493103027,80.220741272,54215,54225,10
12.9494104385,80.2223129272,54225,54235,10
12.9494800568,80.2237472534,54235,54245,10
12.9495601654,80.2253112793,54245,54255,10
12.9496202469,80.2265930176,54255,54265,10
12.9497299194,80.2285232544,54265,54275,10
12.9498195648,80.2301177979,54275,54285,10
12.9499197006,80.2316131592,54285,54295,10
12.9500198364,80.2327423096,54295,54305,10
12.9500398636,80.2329483032,54305,54315,10
12.9500703812,80.2334899902,54315,54326,11
12.9500303268,80.2345809937,54326,54336,10
12.9499597549,80.2355194092,54336,54346,10
12.9499101639,80.2359390259,54346,54356,10
12.9498195648,80.2364196777,54356,54366,10
12.9496898651,80.2372436523,54366,54376,10
12.9496002197,80.2378387451,54376,54386,10
12.9496002197,80.2378463745,54386,54396,10
12.9495897293,80.23802948,54396,54406,10
12.9494800568,80.2387313843,54406,54416,10
12.949259758,80.2397384644,54416,54427,11
12.9491195679,80.2406082153,54427,54437,10
12.9491796494,80.2407608032,54437,54447,10
12.9497203827,80.2409591675,54447,54457,10
12.9507398605,80.2412567139,54457,54467,10
12.9511003494,80.2413482666,54467,54477,10
12.951379776,80.2414321899,54477,54487,10
12.9521503448,80.2417221069,54487,54497,10
12.9530200958,80.2420730591,54497,54507,10
12.9538402557,80.2423706055,54507,54517,10
12.954580307,80.2426681519,54517,54528,11
12.9554595947,80.2429962158,54528,54538,10
12.9561500549,80.2432403564,54538,54578,40
12.9561500549,80.2432403564,54578,54588,10
12.9565696716,80.2434082031,54588,54598,10
12.9573698044,80.2437973022,54598,54608,10
12.9584703445,80.2442779541,54608,54618,10
12.9595804214,80.2447814941,54618,54628,10
12.9607601166,80.2453079224,54628,54639,11
12.9620599747,80.2459487915,54639,54649,10
12.9628095627,80.2463302612,54649,54679,30
12.9628095627,80.2463302612,54679,54689,10
12.9632997513,80.2465133667,54689,54699,10
12.9638900757,80.2467880249,54699,54709,10
12.9646596909,80.2470779419,54709,54719,10
12.9654102325,80.2473373413,54719,54729,10
12.9661302567,80.2475814819,54729,54740,11
12.9664201736,80.2477035522,54740,54750,10
12.966509819,80.2477874756,54750,54760,10
12.9668998718,80.248008728,54760,54770,10
12.9677400589,80.2483901978,54770,54780,10
12.9689798355,80.248878479,54780,54790,10
12.9701499939,80.2493362427,54790,54800,10
12.9712896347,80.2497024536,54800,54810,10
12.9723596573,80.25,54810,54820,10
12.9734802246,80.2502822876,54820,54830,10
12.9747695923,80.250617981,54830,54840,10
12.9762201309,80.2510375977,54840,54851,11
12.9775495529,80.2515869141,54851,54861,10
12.9783401489,80.252243042,54861,54871,10
12.9786195755,80.2523880005,54871,54881,10
12.9793796539,80.252571106,54881,54921,40
12.9793796539,80.252571106,54921,54931,10
12.9796600342,80.252571106,54931,54941,10
12.9801702499,80.2526016235,54941,54952,11
12.9809398651,80.252571106,54952,54962,10
12.9817800522,80.2525634766,54962,54972,10
12.9826002121,80.2525405884,54972,54982,10
12.9836301804,80.2524108887,54982,54992,10
12.9846601486,80.2521514893,54992,55002,10
12.98554039,80.2518997192,55002,55012,10
12.9860897064,80.2517318726,55012,55022,10
12.9864597321,80.2516403198,55022,55032,10
12.9868402481,80.2515563965,55032,55113,81
12.9868402481,80.2515563965,55113,55123,10
12.9871397018,80.2515029907,55123,55133,10
12.9875898361,80.251373291,55133,55143,10
12.987859726,80.2514801025,55143,55153,10
12.9879798889,80.2520828247,55153,55164,11
12.9879198074,80.2530212402,55164,55174,10
12.987830162,80.2540664673,55174,55184,10
12.9877195358,80.2550964355,55184,55234,50
12.9877195358,80.2550964355,55234,55244,10
12.9876203537,80.2552185059,55244,55254,10
12.9876098633,80.2556304932,55254,55265,11
12.9875402451,80.2562789917,55265,55275,10
12.9874801636,80.2569580078,55275,55285,10
12.9874000549,80.257850647,55285,55295,10
12.9873199463,80.2587890625,55295,55305,10
12.9872198105,80.2593994141,55305,55335,30
12.9872198105,80.2593994141,55335,55345,10
12.9871702194,80.2596664429,55345,55355,10
12.987159729,80.2596664429,55355,55365,10
12.9868202209,80.2595825195,55365,55376,11
12.9866399765,80.2592010498,55376,55386,10
12.9869604111,80.2591171265,55386,55658,272
12.9869604111,80.2591171265,55658,55668,10
12.9872999191,80.2590866089,55668,55678,10
12.9873600006,80.2588424683,55678,55689,11
12.9874000549,80.2583694458,55689,55699,10
12.987449646,80.2579574585,55699,55709,10
12.9875097275,80.2573013306,55709,55719,10
12.9875602722,80.256111145,55719,55872,153
12.9875602722,80.256111145,55872,55882,10
12.9875602722,80.2558288574,55882,55893,11
12.9876899719,80.2551574707,55893,55903,10
12.9877099991,80.2549209595,55903,55913,10
12.9877195358,80.2547988892,55913,55922,9
12.9877901077,80.2541732788,55922,55933,11
12.9878902435,80.2529602051,55933,55943,10
12.9877004623,80.2516479492,55943,55973,30
12.9877004623,80.2516479492,55973,55983,10
12.9875602722,80.2516403198,55983,55993,10
12.9871101379,80.2516403198,55993,56004,11
12.9863195419,80.2518234253,56004,56014,10
12.9853801727,80.2520523071,56014,56024,10
12.9844799042,80.2523193359,56024,56034,10
12.9834699631,80.2525863647,56034,56044,10
12.9823999405,80.2527084351,56044,56054,10
12.9812097549,80.2527236938,56054,56064,10
12.9801597595,80.2527923584,56064,56074,10
12.9796104431,80.2527389526,56074,56084,10
12.9788303375,80.2526626587,56084,56094,10
12.9785804749,80.2525863647,56094,56105,11
12.9782400131,80.2523574829,56105,56115,10
12.9775600433,80.2517623901,56115,56125,10
12.9765901566,80.2512893677,56125,56135,10
12.9759302139,80.2510986328,56135,56145,10
12.9750995636,80.2508468628,56145,56155,10
12.9739999771,80.2505493164,56155,56165,10
12.9726696014,80.2501831055,56165,56175,10
12.9712200165,80.249786377,56175,56185,10
12.9697504044,80.2492980957,56185,56195,10
12.9683303833,80.2487564087,56195,56205,10
12.9670200348,80.2481994629,56205,56216,11
12.9659004211,80.2476730347,56216,56226,10
12.9650497437,80.2473831177,56226,56236,10
12.9649896622,80.2473602295,56236,56246,10
12.9647598267,80.247253418,56246,56256,10
12.9640598297,80.2470092773,56256,56266,10
12.9632501602,80.2466506958,56266,56276,10
12.9622097015,80.2461395264,56276,56286,10
12.9610595703,80.2455596924,56286,56296,10
12.9599199295,80.2450714111,56296,56306,10
12.9594097137,80.2448501587,56306,56317,11
12.9593095779,80.2447814941,56317,56327,10
12.9587602615,80.2445220947,56327,56337,10
12.9579896927,80.2442016602,56337,56347,10
12.9572696686,80.2439575195,56347,56357,10
12.9565296173,80.2437133789,56357,56367,10
12.9563302994,80.243637085,56367,56377,10
12.9560403824,80.2434997559,56377,56387,10
12.9553098679,80.2431335449,56387,56397,10
12.9544296265,80.2427368164,56397,56407,10
12.9534397125,80.2423400879,56407,56417,10
12.9524898529,80.2419815063,56417,56428,11
12.9517202377,80.2417221069,56428,56438,10
12.9516401291,80.2416915894,56438,56448,10
12.951210022,80.2415084839,56448,56458,10
12.9504003525,80.2412185669,56458,56468,10
12.9491195679,80.2408218384,56468,56508,40
12.9491195679,80.2408218384,56508,56518,10
12.9491100311,80.2408065796,56518,56529,11
12.9488697052,80.2405014038,56529,56539,10
12.949090004,80.239730835,56539,56549,10
12.9491701126,80.2393417358,56549,56559,10
12.9491796494,80.2393112183,56559,56569,10
12.9493303299,80.2388381958,56569,56579,10
12.9495000839,80.2379608154,56579,56589,10
12.949640274,80.2369232178,56589,56599,10
12.949669838,80.2361831665,56599,56609,10
12.9496803284,80.2359771729,56609,56640,31
12.9496803284,80.2359771729,56640,56650,10
12.9496898651,80.235786438,56650,56660,10
12.9498195648,80.2352981567,56660,56670,10
12.9499597549,80.2344970703,56670,56680,10
12.9499797821,80.23387146,56680,56690,10
12.9499797821,80.2338562012,56690,56700,10
12.9499797821,80.2334518433,56700,56710,10
12.9499397278,80.2324981689,56710,56720,10
12.949839592,80.2313079834,56720,56730,10
12.9497499466,80.2298736572,56730,56741,11
12.9496603012,80.2281112671,56741,56751,10
12.9495697021,80.2264633179,56751,56761,10
12.9494800568,80.2248382568,56761,56771,10
12.9494104385,80.2232971191,56771,56781,10
12.9493303299,80.2217712402,56781,56791,10
12.9492301941,80.2205886841,56791,56801,10
12.9490699768,80.219078064,56801,56811,10
12.9488897324,80.2174377441,56811,56821,10
12.9487400055,80.2157897949,56821,56831,10
12.9485797882,80.2141494751,56831,56842,11
12.9484300613,80.2124710083,56842,56852,10
12.9483699799,80.2111129761,56852,56862,10
12.948340416,80.2102279663,56862,56872,10
12.9484195709,80.2096099854,56872,56882,10
12.9484996796,80.208656311,56882,56902,20
12.9484996796,80.208656311,56902,56912,10
12.9485502243,80.2082824707,56912,56922,10
12.9486103058,80.2074127197,56922,56932,10
12.948679924,80.2062606812,56932,56942,10
12.948679924,80.2048416138,56942,56953,11
12.9486198425,80.2031784058,56953,56963,10
12.9485702515,80.2015914917,56963,56973,10
12.9485197067,80.2000808716,56973,56983,10
12.9484796524,80.1991577148,56983,56993,10
12.9484500885,80.1987380981,56993,57003,10
12.9484500885,80.1985626221,57003,57013,10
12.9484300613,80.1978302002,57013,57023,10
12.9484596252,80.1967468262,57023,57033,10
12.9484596252,80.1956787109,57033,57043,10
12.9484596252,80.1955795288,57043,57054,11
12.9484596252,80.1952590942,57054,57064,10
12.9484701157,80.194480896,57064,57074,10
12.9484901428,80.193572998,57074,57084,10
12.9485301971,80.1925201416,57084,57094,10
12.9485797882,80.1912536621,57094,57104,10
12.9486703873,80.1899032593,57104,57114,10
12.9487600327,80.1889190674,57114,57124,10
12.9489297867,80.187171936,57124,57134,10
12.9489803314,80.1852874756,57134,57195,61
12.9489803314,80.1852874756,57195,57205,10
12.9489803314,80.1851882935,57205,57215,10
12.9490604401,80.1845779419,57215,57225,10
12.949139595,80.183883667,57225,57235,10
12.9491796494,80.1836395264,57235,57245,10
12.9492797852,80.1830673218,57245,57255,10
12.9493999481,80.1823577881,57255,57266,11
12.949549675,80.1815490723,57266,57276,10
12.9496603012,80.1810073853,57276,57286,10
12.9498195648,80.1802062988,57286,57296,10
12.950050354,80.179107666,57296,57306,10
12.9503898621,80.1778182983,57306,57316,10
12.9507398605,80.1764678955,57316,57326,10
12.9510202408,80.1752090454,57326,57336,10
12.9511699677,80.1743011475,57336,57346,10
12.9511899948,80.1742401123,57346,57356,10
12.951259613,80.1739196777,57356,57366,10
12.9514398575,80.1731262207,57366,57377,11
12.9516601563,80.1719207764,57377,57387,10
12.9518899918,80.1706008911,57387,57397,10
12.9520797729,80.1695785522,57397,57407,10
12.9524402618,80.1678314209,57407,57417,10
12.9528303146,80.1663970947,57417,57427,10
12.9531803131,80.1648406982,57427,57437,10
12.9535303116,80.1632537842,57437,57447,10
12.9538698196,80.1616516113,57447,57457,10
12.9541501999,80.1602401733,57457,57467,10
12.9543800354,80.1590423584,57467,57478,11
12.9544897079,80.158493042,57478,57488,10
12.9545097351,80.1583862305,57488,57498,10
12.9545698166,80.1580886841,57498,57508,10
12.9547195435,80.157409668,57508,57518,10
12.9549198151,80.1564712524,57518,57528,10
12.9552001953,80.1552505493,57528,57538,10
12.9555196762,80.1538314819,57538,57548,10
12.9560804367,80.1523895264,57548,57558,10
12.9571695328,80.1513595581,57558,57568,10
12.95814991,80.1505432129,57568,57578,10
12.9587602615,80.1500320435,57578,57589,11
12.9589300156,80.1499328613,57589,57599,10
12.9594202042,80.1494216919,57599,57609,10
12.9596595764,80.1484832764,57609,57619,10
12.9598798752,80.1474761963,57619,57629,10
12.9600896835,80.1464385986,57629,57639,10
12.9602499008,80.1456222534,57639,57649,10
12.9600400925,80.1453323364,57649,57659,10
12.9593095779,80.1449508667,57659,57669,10
12.9583997726,80.1444625854,57669,57679,10
12.9575796127,80.1439590454,57679,57690,11
12.9562902451,80.1432723999,57690,57700,10
12.9551696777,80.1426696777,57700,57710,10
12.9542398453,80.1421737671,57710,57720,10
12.9536600113,80.1418685913,57720,57730,10
12.9530000687,80.1415100098,57730,57740,10
12.9524202347,80.1411209106,57740,57750,10
12.9518604279,80.1407165527,57750,57770,20
12.9518604279,80.1407165527,57770,57780,10
12.9516601563,80.1405410767,57780,57790,10
12.9510202408,80.1400680542,57790,57801,11
12.9501399994,80.1393814087,57801,57811,10
12.9493398666,80.1387176514,57811,57821,10
12.9483604431,80.1379318237,57821,57831,10
12.9474201202,80.1373062134,57831,57841,10
12.9470996857,80.1370391846,57841,57851,10
12.9464101791,80.1365280151,57851,57861,10
12.9453802109,80.1357421875,57861,57871,10
12.944270134,80.1348724365,57871,57881,10
12.9437503815,80.1344528198,57881,57891,10
12.9436197281,80.1343536377,57891,57902,11
12.9434995651,80.1342086792,57902,57912,10
12.9430799484,80.1338119507,57912,57922,10
12.9423799515,80.1331100464,57922,57932,10
12.9415302277,80.1322174072,57932,57942,10
12.9407300949,80.131401062,57942,57952,10
12.9398803711,80.130531311,57952,57962,10
12.938949585,80.1296615601,57962,57972,10
12.9379997253,80.1288604736,57972,57982,10
12.9373998642,80.1283798218,57982,57992,10
12.9371995926,80.1281814575,57992,58003,11
12.9369001389,80.1279525757,58003,58023,20
12.9369001389,80.1279525757,58023,58033,10
12.9367103577,80.127822876,58033,58043,10
12.9365701675,80.1276931763,58043,58053,10
12.9365301132,80.1276626587,58053,58063,10
12.9361600876,80.1273574829,58063,58073,10
12.9356803894,80.1269073486,58073,58082,9
12.9352197647,80.1264801025,58082,58093,11
12.9345798492,80.125869751,58093,58103,10
12.9337902069,80.1251220703,58103,58114,11
12.9329500198,80.1242599487,58114,58124,10
12.9321699142,80.1234817505,58124,58134,10
12.9315299988,80.1228790283,58134,58144,10
12.9308099747,80.1221313477,58144,58154,10
12.929980278,80.1213226318,58154,58164,10
12.9291200638,80.1203613281,58164,58174,10
12.9280996323,80.1193237305,58174,58184,10
12.9272003174,80.1184234619,58184,58194,10
12.9262104034,80.1175003052,58194,58225,31
12.9262104034,80.1175003052,58225,58235,10
12.9261598587,80.1174621582,58235,58245,10
12.9257202148,80.1171569824,58245,58255,10
12.9250802994,80.1165008545,58255,58265,10
12.924369812,80.1157684326,58265,58275,10
12.9241199493,80.1155166626,58275,58285,10
12.923910141,80.1150283813,58285,58295,10
12.9242095947,80.1150894165,58295,58305,10
12.924659729,80.1155776978,58305,58315,10
12.9252796173,80.1162261963,58315,58326,11
12.9260196686,80.1170196533,58326,58336,10
12.9262895584,80.1174163818,58336,58346,10
12.9264602661,80.1175994873,58346,58356,10
12.92648983,80.1176223755,58356,58366,10
12.9267902374,80.1178588867,58366,58386,20
12.9267902374,80.1178588867,58386,58396,10
12.9268798828,80.1179504395,58396,58406,10
12.9270801544,80.1181030273,58406,58447,41
12.9270801544,80.1181030273,58447,58457,10
12.927280426,80.118347168,58457,58467,10
12.9273796082,80.1185379028,58467,58477,10
12.9278402328,80.1190338135,58477,58487,10
12.9284296036,80.1196136475,58487,58497,10
12.9288196564,80.1199493408,58497,58507,10
12.9291801453,80.1202774048,58507,58649,142
12.9291801453,80.1202774048,58649,58659,10
12.9294900894,80.1206283569,58659,58669,10
12.9297704697,80.1209030151,58669,58679,10
12.9298400879,80.1209793091,58679,58689,10
12.9302196503,80.121383667,58689,58699,10
12.9307203293,80.121887207,58699,58709,10
12.9311304092,80.1222686768,58709,58719,10
12.9314098358,80.1224975586,58719,58729,10
12.931599617,80.1226501465,58729,58740,11
12.9316997528,80.122756958,58740,58750,10
12.9318399429,80.1229629517,58750,58760,10
12.9324197769,80.1235733032,58760,58770,10
12.9332304001,80.1243972778,58770,58780,10
12.934129715,80.1253128052,58780,58790,10
12.935090065,80.1261825562,58790,58800,10
12.9358701706,80.1267623901,58800,58810,10
12.9361696243,80.1270904541,58810,58820,10
12.9365797043,80.1274185181,58820,58830,10
12.9367904663,80.1272506714,58830,58840,10
12.9376602173,80.1271972656,58840,58871,31
12.9376602173,80.1271972656,58871,58881,10
12.9377403259,80.1273193359,58881,58891,10
12.9377498627,80.1273574829,58891,58901,10
12.9377698898,80.1274185181,58901,58911,10
12.9376096725,80.1276473999,58911,58921,10
12.9375400543,80.1277389526,58921,58931,10
12.9374103546,80.1279373169,58931,58941,10
12.9374599457,80.1281509399,58941,58952,11
12.9379396439,80.128616333,58952,58962,10
12.9388103485,80.1294326782,58962,58972,10
12.9399003983,80.1304626465,58972,58982,10
12.9410104752,80.1315612793,58982,58992,10
12.9419698715,80.132522583,58992,59002,10
12.9428501129,80.1334686279,59002,59063,61
12.9428501129,80.1334686279,59063,59073,10
12.9430103302,80.1336669922,59073,59083,10
12.9431800842,80.1338577271,59083,59093,10
12.9436502457,80.1343002319,59093,59103,10
12.9442796707,80.1348114014,59103,59113,10
12.9451704025,80.1354980469,59113,59123,10
12.9461698532,80.1362762451,59123,59133,10
12.9471702576,80.137046814,59133,59143,10
12.9480695724,80.1376724243,59143,59153,10
12.9491796494,80.1384811401,59153,59164,11
12.9504098892,80.1394195557,59164,59184,20
12.9504098892,80.1394195557,59184,59194,10
12.9504699707,80.1394729614,59194,59204,10
12.9506502151,80.1395874023,59204,59214,10
12.9511995316,80.1399002075,59214,59254,40
12.9511995316,80.1399002075,59254,59265,11
12.9516496658,80.1402587891,59265,59275,10
12.951669693,80.1402664185,59275,59285,10
12.9519901276,80.1405715942,59285,59295,10
12.9521303177,80.1408081055,59295,59305,10
12.9524002075,80.1410369873,59305,59315,10
12.9528598785,80.1413574219,59315,59325,10
12.9542303085,80.1421585083,59325,59335,10
12.9542303085,80.1421585083,59335,59345,10
12.9551696777,80.1426467896,59345,59355,10
12.9561195374,80.1431427002,59355,59365,10
12.9570598602,80.1436233521,59365,59376,11
12.9580802917,80.1441497803,59376,59386,10
12.9587097168,80.1444091797,59386,59398,12
12.9595804214,80.144859314,59398,59408,10
12.9603996277,80.1452865601,59408,59418,10
12.9605102539,80.1455993652,59418,59428,10
12.9601697922,80.1464614868,59428,59438,10
12.9599504471,80.1475219727,59438,59448,10
12.9597196579,80.1485824585,59448,59459,11
12.9594097137,80.1496963501,59459,59469,10
12.958729744,80.1503601074,59469,59480,11
12.9584703445,80.1505508423,59480,59490,10
12.9578399658,80.151008606,59490,59500,10
12.9568796158,80.1517562866,59500,59510,10
12.9558897018,80.1528320313,59510,59520,10
12.9554300308,80.1543426514,59520,59530,10
12.9550895691,80.1559066772,59530,59540,10
12.9547996521,80.1574172974,59540,59550,10
12.9545602798,80.1585693359,59550,59560,10
12.9544401169,80.1591415405,59560,59570,10
12.954369545,80.1595230103,59570,59580,10
12.9543104172,80.1597671509,59580,59591,11
12.9540700912,80.1608581543,59591,59601,10
12.953789711,80.1621780396,59601,59611,10
12.9534702301,80.1637268066,59611,59621,10
12.9531097412,80.1653213501,59621,59631,10
12.9527397156,80.1669769287,59631,59641,10
12.952340126,80.1685791016,59641,59651,10
12.9520597458,80.1701126099,59651,59661,10
12.9517803192,80.1716995239,59661,59671,10
12.9514799118,80.1733322144,59671,59681,10
12.9512195587,80.1746292114,59681,59692,11
12.9508895874,80.1761932373,59692,59702,10
12.9505395889,80.1775894165,59702,59712,10
12.9501399994,80.1791305542,59712,59722,10
12.9498500824,80.1805877686,59722,59732,10
12.949640274,80.1815795898,59732,59742,10
12.9494895935,80.182472229,59742,59752,10
12.9492998123,80.1836471558,59752,59762,10
12.9492797852,80.1839828491,59762,59772,10
12.9492197037,80.1843795776,59772,59782,10
12.9492301941,80.1853103638,59782,59883,101
12.9492301941,80.1853103638,59883,59893,10
12.9491796494,80.1856231689,59893,59904,11
12.9491100311,80.1865768433,59904,59914,10
12.9489803314,80.1877212524,59914,59924,10
12.9488697052,80.1889801025,59924,59934,10
12.9487400055,80.1902694702,59934,59944,10
12.9486303329,80.1918487549,59944,59954,10
12.9485998154,80.1934890747,59954,59964,10
12.948559761,80.1950683594,59964,59974,10
12.9485902786,80.1956634521,59974,59984,10
12.9485797882,80.1958084106,59984,59994,10
12.9485502243,80.1965408325,59994,60005,11
12.94851017,80.197883606,60005,60015,10
12.948559761,80.1991195679,60015,60025,10
12.9486103058,80.1996536255,60025,60035,10
12.9486103058,80.1996917725,60035,60045,10
12.9486103058,80.2002868652,60045,60055,10
12.9486398697,80.2013626099,60055,60065,10
12.948679924,80.2027435303,60065,60075,10
12.9487400055,80.2042388916,60075,60085,10
12.9487695694,80.2056732178,60085,60095,10
12.9487400055,80.2069473267,60095,60105,10
12.9486303329,80.2083435059,60105,60116,11
12.9485797882,80.2093887329,60116,60126,10
12.9485797882,80.2093963623,60126,60136,10
12.9485702515,80.2096405029,60136,60146,10
12.9485397339,80.2101593018,60146,60156,10
12.9484701157,80.2104187012,60156,60166,10
12.9484395981,80.2110519409,60166,60176,10
12.9484596252,80.2122116089,60176,60186,10
12.9485797882,80.2136993408,60186,60196,10
12.9486904144,80.2149200439,60196,60206,10
12.9488801956,80.2168121338,60206,60217,11
12.9490604401,80.2185897827,60217,60227,10
12.9492397308,80.2202529907,60227,60237,10
12.9493999481,80.2219009399,60237,60247,10
12.9495000839,80.2236175537,60247,60257,10
12.9495801926,80.2252426147,60257,60267,10
12.9496603012,80.2267913818,60267,60276,9
12.9497203827,80.2283096313,60276,60287,11
12.9498195648,80.2300109863,60287,60297,10
12.9499397278,80.2315292358,60297,60307,10
12.9500398636,80.2328491211,60307,60317,10
12.9500703812,80.2332077026,60317,60328,11
12.9500904083,80.2335205078,60328,60338,10
12.9500999451,80.2342071533,60338,60348,10
12.9499998093,80.2355270386,60348,60479,131
12.9499998093,80.2355270386,60479,60489,10
12.9499702454,80.2361297607,60489,60499,10
12.9497995377,80.2368469238,60499,60509,10
12.9496898651,80.2376022339,60509,60519,10
12.9495296478,80.2386398315,60519,60529,10
12.9492998123,80.2397384644,60529,60540,11
12.9491500854,80.2404785156,60540,60550,10
12.9491901398,80.240737915,60550,60560,10
12.9494495392,80.2409591675,60560,60570,10
12.9502897263,80.2412185669,60570,60580,10
12.9511299133,80.2414627075,60580,60590,10
12.9511604309,80.2414703369,60590,60600,10
12.9514799118,80.2415771484,60600,60610,10
12.9523000717,80.2418670654,60610,60620,10
12.9534397125,80.2423171997,60620,60630,10
12.9545001984,80.2426986694,60630,60641,11
12.9553499222,80.243019104,60641,60651,10
12.9562196732,80.243270874,60651,60661,10
12.9563703537,80.2433013916,60661,60671,10
12.9566001892,80.2434005737,60671,60681,10
12.9572896957,80.2437667847,60681,60691,10
12.9579401016,80.2440795898,60691,60701,10
12.9580698013,80.244140625,60701,60711,10
12.9586896896,80.2443771362,60711,60721,10
12.9590101242,80.2445526123,60721,60731,10
12.9595499039,80.2448120117,60731,60741,10
12.9604797363,80.2452392578,60741,60752,11
12.9617595673,80.2458496094,60752,60762,10
12.9625196457,80.2462310791,60762,60792,30
12.9625196457,80.2462310791,60792,60802,10
12.9626197815,80.2462692261,60802,60812,10
12.96296978,80.2464599609,60812,60822,10
12.9634199142,80.2466812134,60822,60832,10
12.9639501572,80.2469177246,60832,60842,10
12.964630127,80.247177124,60842,60853,11
12.9654197693,80.2474136353,60853,60863,10
12.9659900665,80.2476272583,60863,60873,10
12.9666500092,80.2479095459,60873,60893,20
12.9666500092,80.2479095459,60893,60903,10
12.9668998718,80.248046875,60903,60913,10
12.9673900604,80.2482833862,60913,60923,10
12.9683303833,80.2486572266,60923,60933,10
12.969209671,80.2490081787,60933,60943,10
12.9700603485,80.2493515015,60943,60953,10
12.9708404541,80.2496414185,60953,60964,11
12.9721403122,80.2499923706,60964,60974,10
12.9734401703,80.250328064,60974,60984,10
12.9745998383,80.2506484985,60984,60994,10
12.9758901596,80.2510070801,60994,61004,10
12.9770898819,80.2513809204,61004,61014,10
12.978099823,80.2520904541,61014,61024,10
12.9786596298,80.2524414063,61024,61034,10
12.9789304733,80.2525482178,61034,61044,10
12.9790401459,80.252571106,61044,61054,10
12.979060173,80.2525634766,61054,61065,11
12.9795103073,80.2526168823,61065,61075,10
12.9801797867,80.2526779175,61075,61085,10
12.9808597565,80.2526626587,61085,61095,10
12.9816598892,80.2526626587,61095,61105,10
12.9826602936,80.2526321411,61105,61115,10
12.9837999344,80.2524490356,61115,61125,10
12.9847297668,80.2522125244,61125,61135,10
12.9851999283,80.2520599365,61135,61216,81
12.9851999283,80.2520599365,61216,61226,10
12.9855804443,80.2519683838,61226,61236,10
12.9861602783,80.2518234253,61236,61246,10
12.9867601395,80.2516708374,61246,61256,10
12.9871301651,80.2515563965,61256,61266,10
12.9875802994,80.2514266968,61266,61277,11
12.9879598618,80.2515029907,61277,61287,10
12.9879999161,80.2518768311,61287,61297,10
12.9880504608,80.2522125244,61297,61307,10
12.9879598618,80.2532272339,61307,61327,20
12.9879598618,80.2532272339,61327,61337,10
12.9879398346,80.2533798218,61337,61347,10
12.9879198074,80.2536315918,61347,61357,10
12.987859726,80.2544403076,61357,61367,10
12.9877996445,80.2551116943,61367,61378,11
12.9877195358,80.2557907104,61378,61388,10
12.9876499176,80.2562408447,61388,61398,10
12.9876203537,80.2564926147,61398,61408,10
12.9875802994,80.256980896,61408,61418,10
12.9875297546,80.2577590942,61418,61428,10
12.9874696732,80.2584762573,61428,61438,10
12.9873199463,80.2592926025,61438,61478,40
12.9873199463,80.2592926025,61478,61489,11
12.9872303009,80.2594070435,61489,61499,10
12.9872398376,80.2594223022,61499,61509,10
12.9872198105,80.2595901489,61509,61519,10
12.9870996475,80.2596282959,61519,61529,10
12.9869604111,80.2595825195,61529,61539,10
12.986749649,80.2595596313,61539,61548,9
12.9867296219,80.2593078613,61548,62731,1183
12.986579895,80.2591018677,62731,62862,131
12.986700058,80.2591400146,62862,63094,232
12.986700058,80.2591400146,63094,63104,10
12.9867801666,80.2590484619,63104,63134,30
12.9867801666,80.2590484619,63134,63145,11
12.9871196747,80.2591323853,63145,63175,30
12.9871196747,80.2591323853,63175,63185,10
12.9873104095,80.2589111328,63185,63195,10
12.9873399734,80.2585372925,63195,63205,10
12.9873800278,80.2581176758,63205,63215,10
12.9874401093,80.257522583,63215,63225,10
12.9874696732,80.2571716309,63225,63235,10
12.9874801636,80.2571563721,63235,63246,11
12.9875097275,80.2570724487,63246,63256,10
12.9875402451,80.2569732666,63256,63266,10
12.9875898361,80.2566375732,63266,63276,10
12.9875898361,80.2561416626,63276,63286,10
12.9876098633,80.2558898926,63286,63296,10
12.9877300262,80.2548599243,63296,63316,20
12.9877300262,80.2548599243,63316,63326,10
12.9877796173,80.2543716431,63326,63336,10
12.9878396988,80.2536621094,63336,63346,10
12.9879102707,80.2529067993,63346,63357,11
12.9877901077,80.251701355,63357,63387,30
12.9877901077,80.251701355,63387,63397,10
12.9876499176,80.2515563965,63397,63407,10
12.9872703552,80.2515716553,63407,63417,10
12.9866504669,80.251701355,63417,63427,10
12.9859600067,80.2518997192,63427,63437,10
12.9850997925,80.2521362305,63437,63447,10
12.9844903946,80.2523269653,63447,63518,71
12.9844903946,80.2523269653,63518,63528,10
12.9843997955,80.2523269653,63528,63538,10
12.9839696884,80.2524719238,63538,63548,10
12.9832696915,80.2526168823,63548,63558,10
12.9823799133,80.2526931763,63558,63569,11
12.9812602997,80.2527084351,63569,63579,10
12.9802303314,80.252746582,63579,63589,10
12.9788799286,80.2526397705,63589,63609,20
12.9788799286,80.2526397705,63609,63619,10
12.9787302017,80.2526168823,63619,63629,10
12.9783802032,80.252456665,63629,63639,10
12.9778203964,80.251991272,63639,63649,10
12.9769897461,80.2513885498,63649,63659,10
12.9759101868,80.2510681152,63659,63670,11
12.9747400284,80.2507095337,63670,63680,10
12.9736404419,80.2504196167,63680,63690,10
12.9725399017,80.2501373291,63690,63700,10
12.9714002609,80.2498168945,63700,63710,10
12.970199585,80.2494812012,63710,63720,10
12.9689998627,80.2490234375,63720,63730,10
12.9677801132,80.2485580444,63730,63740,10
12.9666595459,80.2480392456,63740,63750,10
12.9652996063,80.2474594116,63750,63781,31
12.9652996063,80.2474594116,63781,63791,10
12.9651603699,80.2473602295,63791,63801,10
12.9646997452,80.2471923828,63801,63811,10
12.9640197754,80.2469482422,63811,63821,10
12.9631500244,80.2465667725,63821,63831,10
12.9621896744,80.2461166382,63831,63841,10
12.9611701965,80.2456283569,63841,63851,10
12.9601802826,80.2451782227,63851,63861,10
12.9594202042,80.2448577881,63861,63882,21
12.9594202042,80.2448577881,63882,63892,10
12.9591598511,80.2447433472,63892,63902,10
12.9586696625,80.2445068359,63902,63912,10
12.9580497742,80.2442626953,63912,63922,10
12.9575195313,80.2440567017,63922,63932,10
12.9565401077,80.2436218262,63932,64003,71
12.9565401077,80.2436218262,64003,64013,10
12.9562397003,80.2435073853,64013,64023,10
12.9555997849,80.2432403564,64023,64033,10
12.9548196793,80.2428970337,64033,64043,10
12.9540395737,80.2425765991,64043,64053,10
12.9532499313,80.2422485352,64053,64063,10
12.9523000717,80.2418899536,64063,64073,10
12.9516801834,80.2416915894,64073,64083,10
12.9516000748,80.2416687012,64083,64094,11
12.9513597488,80.2415924072,64094,64104,10
12.9507303238,80.2413787842,64104,64114,10
12.9503698349,80.2412796021,64114,64124,10
12.9500303268,80.2412033081,64124,64134,10
12.9497404099,80.2410964966,64134,64195,61
12.9497404099,80.2410964966,64195,64205,10
12.9494304657,80.2409515381,64205,64215,10
12.9489402771,80.2407836914,64215,64285,70
12.9489402771,80.2407836914,64285,64296,11
12.9488697052,80.240447998,64296,64306,10
12.949139595,80.2394485474,64306,64336,30
12.949139595,80.2394485474,64336,64346,10
12.9492197037,80.2392272949,64346,64356,10
12.9493198395,80.238861084,64356,64366,10
12.9494400024,80.2382507324,64366,64376,10
12.949549675,80.2375564575,64376,64386,10
12.9496097565,80.236869812,64386,64417,31
12.9496097565,80.236869812,64417,64427,10
12.949640274,80.236541748,64427,64487,60
12.949669838,80.2361526489,64487,64528,41
12.949669838,80.2361526489,64528,64538,10
12.9497299194,80.2358627319,64538,64548,10
12.9498100281,80.2354812622,64548,64558,10
12.9499397278,80.2348175049,64558,64568,10
12.9499998093,80.2340164185,64568,64608,40
12.9499998093,80.2340164185,64608,64619,11
12.9499797821,80.2334976196,64619,64639,20
12.9499797821,80.2334976196,64639,64649,10
12.9499502182,80.2331466675,64649,64659,10
12.9499197006,80.2326202393,64659,64669,10
12.9498701096,80.231880188,64669,64679,10
12.9498100281,80.2308883667,64679,64689,10
12.9497404099,80.2297973633,64689,64699,10
12.949669838,80.2286682129,64699,64709,10
12.9496202469,80.2276000977,64709,64720,11
12.9495601654,80.2264099121,64720,64730,10
12.9495096207,80.2253417969,64730,64740,10
12.9494695663,80.2242507935,64740,64750,10
12.9494304657,80.2231369019,64750,64760,10
12.9493598938,80.2220306396,64760,64770,10
12.9492702484,80.2208633423,64770,64780,10
12.949139595,80.2195205688,64780,64790,10
12.9489803314,80.2180175781,64790,64800,10
12.9488201141,80.2164611816,64800,64810,10
12.9486598969,80.2148284912,64810,64820,10
12.9484996796,80.2132034302,64820,64831,11
12.9483995438,80.211517334,64831,64841,10
12.9483604431,80.2103881836,64841,64851,10
12.9483604431,80.209777832,64851,64861,10
12.9484395981,80.2091598511,64861,64871,10
12.9484796524,80.2087936401,64871,64911,40
12.9484796524,80.2087936401,64911,64921,10
12.9485197067,80.208366394,64921,64932,11
12.9485797882,80.2077484131,64932,64942,10
12.9486398697,80.2069473267,64942,64952,10
12.948679924,80.2060012817,64952,64962,10
12.9486999512,80.2049407959,64962,64972,10
12.9486703873,80.2038116455,64972,64982,10
12.9486198425,80.2026519775,64982,64992,10
12.9485902786,80.2014389038,64992,65002,10
12.9485502243,80.2002105713,65002,65012,10
12.9484701157,80.1987686157,65012,65032,20
12.9484701157,80.1987686157,65032,65043,11
12.9484701157,80.198677063,65043,65053,10
12.9484701157,80.1984176636,65053,65063,10
12.9484596252,80.1979675293,65063,65073,10
12.9484701157,80.197303772,65073,65083,10
12.9484901428,80.1964492798,65083,65093,10
12.9484901428,80.1955108643,65093,65113,20
12.9484901428,80.1955108643,65113,65123,10
12.9484901428,80.1954193115,65123,65133,10
12.9484901428,80.1949005127,65133,65144,11
12.94851017,80.193939209,65144,65154,10
12.9485502243,80.1928482056,65154,65164,10
12.9485998154,80.1915664673,65164,65174,10
12.9486904144,80.1902389526,65174,65184,10
12.9487695694,80.1893386841,65184,65194,10
12.9489097595,80.1878128052,65194,65204,10
12.9490003586,80.1865310669,65204,65214,10
12.9489898682,80.1856613159,65214,65224,10
12.9490299225,80.1850814819,65224,65234,10
12.9491300583,80.1844329834,65234,65244,10
12.9492101669,80.183807373,65244,65265,21
12.9492101669,80.183807373,65265,65275,10
12.9492397308,80.1836471558,65275,65285,10
12.9493198395,80.1832199097,65285,65295,10
12.9494695663,80.1824035645,65295,65305,10
12.949640274,80.1813964844,65305,65315,10
12.9497203827,80.1810302734,65315,65325,10
12.9498500824,80.1803436279,65325,65335,10
12.950050354,80.1793289185,65335,65345,10
12.9503803253,80.1780776978,65345,65356,11
12.9507799149,80.1765213013,65356,65366,10
12.9510803223,80.1751403809,65366,65376,10
12.9512195587,80.174331665,65376,65386,10
12.9512395859,80.1742019653,65386,65396,10
12.9513597488,80.1736831665,65396,65406,10
12.9515304565,80.1728363037,65406,65416,10
12.9517002106,80.1718292236,65416,65426,10
12.951789856,80.1713485718,65426,65436,10
12.9518203735,80.171257019,65436,65446,10
12.9518899918,80.1708374023,65446,65456,10
12.952050209,80.169921875,65456,65467,11
12.9522600174,80.1688308716,65467,65477,10
12.9525604248,80.1675567627,65477,65487,10
12.95291996,80.1661682129,65487,65497,10
12.9532403946,80.1647033691,65497,65507,10
12.9535703659,80.1632003784,65507,65517,10
12.9538898468,80.1616821289,65517,65527,10
12.9541501999,80.1602783203,65527,65537,10
12.9543800354,80.1590881348,65537,65578,41
12.9543800354,80.1590881348,65578,65588,10
12.9545001984,80.1584701538,65588,65608,20
12.9545001984,80.1584701538,65608,65618,10
12.9545898438,80.1581115723,65618,65628,10
12.9547395706,80.1574172974,65628,65638,10
12.9549598694,80.156463623,65638,65648,10
12.9552097321,80.1553115845,65648,65658,10
12.9554195404,80.154296875,65658,65669,11
12.9558801651,80.1528167725,65669,65679,10
12.9567804337,80.1517105103,65679,65689,10
12.9576797485,80.1509780884,65689,65699,10
12.9588804245,80.1499786377,65699,65719,20
12.9588804245,80.1499786377,65719,65729,10
12.9591999054,80.1497802734,65729,65739,10
12.9595804214,80.1490707397,65739,65749,10
12.9597797394,80.1481170654,65749,65759,10
12.959980011,80.1471862793,65759,65769,10
12.9601802826,80.1462020874,65769,65780,11
12.9602804184,80.1455688477,65780,65790,10
12.9603900909,80.1452026367,65790,65800,10
12.9609603882,80.1455230713,65800,65810,10
12.9618902206,80.1460189819,65810,65820,10
12.9629402161,80.1465911865,65820,65830,10
12.9638996124,80.1472091675,65830,65840,10
12.9648704529,80.1478271484,65840,65850,10
12.9659500122,80.1484069824,65850,65860,10
12.9666996002,80.1487503052,65860,65870,10
12.9670095444,80.1489181519,65870,65881,11
12.9674596786,80.1491470337,65881,65891,10
12.9678401947,80.1493682861,65891,65901,10
12.9682998657,80.149559021,65901,65961,60
12.9682998657,80.149559021,65961,65971,10
12.9685096741,80.1496276855,65971,65981,10
12.968580246,80.1496582031,65981,65992,11
12.9689998627,80.1498184204,65992,66274,282
12.9689998627,80.1498184204,66274,66284,10
12.9692602158,80.1499786377,66284,66294,10
12.9694595337,80.1501083374,66294,66587,293
12.9694595337,80.1501083374,66587,66598,11
12.9697999954,80.1502990723,66598,66608,10
12.9701299667,80.1504592896,66608,66619,11
12.9704198837,80.1505889893,66619,66629,10
12.9706802368,80.150718689,66629,66639,10
12.9709196091,80.1508102417,66639,66649,10
12.9709796906,80.1508331299,66649,66659,10
12.9710597992,80.1508712769,66659,66669,10
12.9713697433,80.1510162354,66669,66679,10
12.9717302322,80.1512069702,66679,66689,10
12.9722795486,80.1515274048,66689,66699,10
12.9724302292,80.1516799927,66699,66709,10
12.9724998474,80.1517791748,66709,66720,11
12.9725999832,80.1519317627,66720,66730,10
12.9727201462,80.1520996094,66730,66740,10
12.9728097916,80.1522369385,66740,66750,10
12.9729700089,80.1524734497,66750,66760,10
12.9730901718,80.1526412964,66760,66770,10
12.9732398987,80.1528701782,66770,66780,10
12.9733695984,80.153137207,66780,66800,20
12.9733695984,80.153137207,66800,66810,10
12.9732704163,80.1531982422,66810,66821,11
12.9730596542,80.1528930664,66821,66831,10
12.9725704193,80.1521224976,66831,66841,10
12.9720001221,80.1514663696,66841,66851,10
12.9713096619,80.1510620117,66851,66861,10
12.9707899094,80.1508102417,66861,66871,10
12.9698801041,80.150390625,66871,66881,10
12.9693603516,80.1501998901,66881,66962,81
12.9693603516,80.1501998901,66962,66972,10
12.9693698883,80.1501464844,66972,66982,10
12.96916008,80.1500473022,66982,66992,10
12.9688196182,80.1498794556,66992,67002,10
12.9685096741,80.1497421265,67002,67012,10
12.9683103561,80.1496276855,67012,67022,10
12.9681596756,80.149559021,67022,67033,11
12.9677295685,80.1493911743,67033,67083,50
12.9677295685,80.1493911743,67083,67093,10
12.9674596786,80.1492614746,67093,67103,10
12.9670295715,80.1490402222,67103,67113,10
12.9666595459,80.1488571167,67113,67123,10
12.9665002823,80.1487731934,67123,67133,10
12.9660902023,80.1485519409,67133,67144,11
12.9653100967,80.1481399536,67144,67154,10
12.964389801,80.1476364136,67154,67164,10
12.9634599686,80.1472091675,67164,67174,10
12.9625396729,80.1467514038,67174,67184,10
12.9616298676,80.1462631226,67184,67194,10
12.9607200623,80.1457824707,67194,67204,10
12.9603500366,80.1456832886,67204,67214,10
12.9602003098,80.1461868286,67214,67224,10
12.9600200653,80.1470565796,67224,67234,10
12.959810257,80.1480865479,67234,67245,11
12.9595499039,80.1493225098,67245,67255,10
12.9588804245,80.1501998901,67255,67265,10
12.9586000443,80.150428772,67265,67275,10
12.9584999084,80.1504898071,67275,67285,10
12.9581203461,80.1508026123,67285,67295,10
12.957400322,80.1513824463,67295,67305,10
12.9564800262,80.152130127,67305,67315,10
12.9557800293,80.153213501,67315,67325,10
12.9554195404,80.154548645,67325,67335,10
12.9551000595,80.1560287476,67335,67346,11
12.9547796249,80.1575927734,67346,67356,10
12.9545497894,80.1588134766,67356,67376,20
12.9545497894,80.1588134766,67376,67386,10
12.9544095993,80.1595916748,67386,67406,20
12.9544095993,80.1595916748,67406,67416,10
12.9542999268,80.1600570679,67416,67426,10
12.9540901184,80.1609802246,67426,67436,10
12.9538402557,80.1621627808,67436,67446,10
12.9535598755,80.1634979248,67446,67457,11
12.9532299042,80.1650314331,67457,67467,10
12.9529104233,80.1664428711,67467,67477,10
12.9525499344,80.1678314209,67477,67487,10
12.9522399902,80.1691970825,67487,67497,10
12.9520301819,80.170463562,67497,67507,10
12.9518699646,80.1714401245,67507,67517,10
12.9518404007,80.1716308594,67517,67527,10
12.9517002106,80.1722869873,67527,67537,10
12.9515104294,80.1733093262,67537,67547,10
12.9513196945,80.174331665,67547,67558,11
12.9511499405,80.1750335693,67558,67568,10
12.9509401321,80.17603302,67568,67578,10
12.9506397247,80.177230835,67578,67588,10
12.9502801895,80.1785888672,67588,67598,10
12.9499397278,80.1799926758,67598,67608,10
12.9497804642,80.181060791,67608,67618,10
12.9496603012,80.1817016602,67618,67628,10
12.9495096207,80.1825332642,67628,67638,10
12.9492797852,80.1840286255,67638,67658,20
12.9492797852,80.1840286255,67658,67669,11
12.9492397308,80.184387207,67669,67679,10
12.9491996765,80.185256958,67679,67689,10
12.9491195679,80.1861801147,67689,67699,10
12.9490604401,80.1868667603,67699,67709,10
12.9490003586,80.1875,67709,67719,10
12.9489402771,80.1881713867,67719,67729,10
12.9488897324,80.1887664795,67729,67739,10
12.9488296509,80.1894378662,67739,67749,10
12.9487304688,80.1904373169,67749,67759,10
12.9486598969,80.1916732788,67759,67770,11
12.9486303329,80.192817688,67770,67780,10
12.9485998154,80.1936035156,67780,67790,10
12.9485797882,80.194480896,67790,67800,10
12.9485797882,80.1953887939,67800,67810,10
12.9485797882,80.1955718994,67810,67820,10
12.9485797882,80.1957473755,67820,67830,10
12.948559761,80.1961212158,67830,67840,10
12.9485397339,80.1968078613,67840,67850,10
12.9485301971,80.1976928711,67850,67860,10
12.9485301971,80.1985397339,67860,67870,10
12.9485797882,80.1992492676,67870,67881,11
12.9485797882,80.1994094849,67881,67891,10
12.9485797882,80.1995010376,67891,67901,10
12.9485902786,80.2000427246,67901,67911,10
12.9486103058,80.2009735107,67911,67921,10
12.9486398697,80.2020568848,67921,67931,10
12.948679924,80.2031478882,67931,67941,10
12.9487104416,80.2042770386,67941,67951,10
12.9487495422,80.2054977417,67951,67961,10
12.9487304688,80.2066879272,67961,67971,10
12.9486999512,80.2076187134,67971,67982,11
12.9485902786,80.2092285156,67982,68012,30
12.9485902786,80.2092285156,68012,68022,10
12.9486103058,80.2092971802,68022,68032,10
12.9485702515,80.2096405029,68032,68042,10
12.9485502243,80.210067749,68042,68052,10
12.9484596252,80.2108383179,68052,68062,10
12.9484500885,80.2113113403,68062,68072,10
12.9484596252,80.2121810913,68072,68083,11
12.9485397339,80.2133789063,68083,68093,10
12.9486398697,80.2143936157,68093,68103,10
12.9487400055,80.2153015137,68103,68113,10
12.9488296509,80.2162017822,68113,68123,10
12.9489202499,80.2171478271,68123,68133,10
12.9490203857,80.2181015015,68133,68143,10
12.949139595,80.2191390991,68143,68153,10
12.9492797852,80.2203598022,68153,68163,10
12.9493703842,80.2216033936,68163,68173,10
12.9494695663,80.2231292725,68173,68183,10
12.9495201111,80.2243423462,68183,68194,11
12.9496002197,80.2259674072,68194,68204,10
12.9496603012,80.2271881104,68204,68214,10
12.9497203827,80.2283096313,68214,68224,10
12.9497804642,80.2294769287,68224,68234,10
12.9498701096,80.2305984497,68234,68244,10
12.9499397278,80.2313995361,68244,68254,10
12.9499998093,80.2322463989,68254,68264,10
12.9500598907,80.2331314087,68264,68284,20
12.9500598907,80.2331314087,68284,68295,11
12.9500799179,80.2335586548,68295,68305,10
12.9500904083,80.2343215942,68305,68315,10
12.9500198364,80.2350234985,68315,68325,10
12.9499902725,80.2353973389,68325,68335,10
12.9499998093,80.2356796265,68335,68406,71
12.9499998093,80.2356796265,68406,68416,10
12.9499797821,80.2358932495,68416,68436,20
12.9499797821,80.2358932495,68436,68446,10
12.9499797821,80.236038208,68446,68456,10
12.949839592,80.2365264893,68456,68466,10
12.9497003555,80.2373123169,68466,68476,10
12.9495601654,80.2381668091,68476,68486,10
12.9494104385,80.2390594482,68486,68496,10
12.949090004,80.240562439,68496,68527,31
12.949090004,80.240562439,68527,68537,10
12.9490995407,80.2406616211,68537,68547,10
12.9491996765,80.2407836914,68547,68557,10
12.9493303299,80.2408370972,68557,68567,10
12.9499902725,80.2410583496,68567,68577,10
12.9511804581,80.2414474487,68577,68607,30
12.9511804581,80.2414474487,68607,68618,11
12.9516000748,80.2416229248,68618,68628,10
12.9522304535,80.2418365479,68628,68638,10
12.9529104233,80.2421188354,68638,68648,10
12.9535102844,80.2423400879,68648,68658,10
12.953909874,80.2425231934,68658,68668,10
12.9544200897,80.2427062988,68668,68678,10
12.9550504684,80.2429428101,68678,68688,10
12.9557695389,80.2431793213,68688,68698,10
12.9563398361,80.2433624268,68698,68708,10
12.9564399719,80.2434005737,68708,68719,11
12.9566602707,80.2434997559,68719,68729,10
12.9573602676,80.2438583374,68729,68739,10
12.95814991,80.2442169189,68739,68749,10
12.9588003159,80.2444763184,68749,68769,20
12.9588003159,80.2444763184,68769,68779,10
12.9589595795,80.2445831299,68779,68789,10
12.9593896866,80.244758606,68789,68799,10
12.960149765,80.2451171875,68799,68809,10
12.9611797333,80.2455978394,68809,68820,11
12.9623498917,80.2461700439,68820,68830,10
12.9628000259,80.2463912964,68830,68840,10
12.9628696442,80.246421814,68840,68850,10
12.9631900787,80.2465896606,68850,68860,10
12.963640213,80.2468109131,68860,68870,10
12.9642000198,80.2470169067,68870,68880,10
12.9650001526,80.2472915649,68880,68890,10
12.9657897949,80.2475585938,68890,68900,10
12.9664201736,80.2478103638,68900,68931,31
12.9664201736,80.2478103638,68931,68941,10
12.9664897919,80.2478485107,68941,68951,10
12.9668397903,80.2480392456,68951,68961,10
12.967499733,80.248336792,68961,68971,10
12.9683504105,80.2486877441,68971,68981,10
12.9692401886,80.2490386963,68981,68991,10
12.970199585,80.249420166,68991,69001,10
12.9711704254,80.2497634888,69001,69011,10
12.9721899033,80.2500305176,69011,69021,10
12.9731798172,80.250289917,69021,69032,11
12.9741802216,80.2505569458,69032,69042,10
12.9751996994,80.2508468628,69042,69052,10
12.9762401581,80.2511520386,69052,69062,10
12.9772796631,80.2514801025,69062,69072,10
12.9779701233,80.251991272,69072,69082,10
12.9781398773,80.2521209717,69082,69092,10
12.9781799316,80.252166748,69092,69102,10
12.9785003662,80.2524108887,69102,69112,10
12.9788198471,80.2525482178,69112,69122,10
12.9789104462,80.252571106,69122,69132,10
12.9791898727,80.2526168823,69132,69183,51
12.9791898727,80.2526168823,69183,69193,10
12.9795198441,80.2526779175,69193,69203,10
12.9799699783,80.2527236938,69203,69213,10
12.9802904129,80.2527389526,69213,69223,10
12.980919838,80.252746582,69223,69254,31
12.981010437,80.2527389526,69254,69425,171
12.981010437,80.2527389526,69425,69435,10
12.9812698364,80.2526931763,69435,69445,10
12.9819803238,80.2526626587,69445,69456,11
12.9827299118,80.2526016235,69456,69466,10
12.9831895828,80.2525634766,69466,69476,10
12.9837198257,80.252456665,69476,69486,10
12.9842195511,80.2523269653,69486,69708,222
12.9842195511,80.2523269653,69708,69718,10
12.9845695496,80.2521972656,69718,69728,10
12.9851903915,80.2520294189,69728,69738,10
12.9857997894,80.2518463135,69738,69748,10
12.9864597321,80.251701355,69748,69758,10
12.9871101379,80.2515335083,69758,69769,11
12.9874696732,80.2514190674,69769,69779,10
12.9878902435,80.2514190674,69779,69789,10
12.9879198074,80.2515411377,69789,69799,10
12.9879398346,80.2517776489,69799,69809,10
12.9879598618,80.251953125,69809,69819,10
12.9879598618,80.2519989014,69819,69829,10
12.9879798889,80.2524871826,69829,69839,10
12.9878997803,80.2533035278,69839,69849,10
12.9877700806,80.254699707,69849,70011,162
12.9877700806,80.254699707,70011,70021,10
12.9877300262,80.2548980713,70021,70031,10
12.9876899719,80.2552719116,70031,70041,10
12.9876699448,80.2555618286,70041,70051,10
12.9876403809,80.255821228,70051,70061,10
12.9875497818,80.2563400269,70061,70071,10
12.9875001907,80.2570800781,70071,70082,11
12.9874296188,80.2579574585,70082,70092,10
12.9874000549,80.2584686279,70092,70102,10
12.9873600006,80.2587814331,70102,70112,10
12.9873304367,80.2590332031,70112,70122,10
12.9872102737,80.2595367432,70122,70193,71
12.9872102737,80.2595367432,70193,70203,10
12.9869098663,80.2597427368,70203,70253,50
12.9869098663,80.2597427368,70253,70263,10
12.9868803024,80.2594909668,70263,70334,71
12.9869699478,80.2591629028,70334,70475,141
12.9869203568,80.2590408325,70475,70687,212
12.9871997833,80.2591018677,70687,70708,21
12.9871997833,80.2591018677,70708,70718,10
12.9872999191,80.2587203979,70718,70728,10
12.9873504639,80.2583236694,70728,70738,10
12.9874000549,80.2577667236,70738,70748,10
12.9874696732,80.2570724487,70748,70758,10
12.9875202179,80.256439209,70758,70768,10
12.9875402451,80.2560501099,70768,70778,10
12.9876003265,80.2557678223,70778,70788,10
12.9876899719,80.255279541,70788,70798,10
12.9876804352,80.2549819946,70798,70809,11
12.9876804352,80.2549285889,70809,70819,10
12.987739563,80.2544631958,70819,70829,10
12.9878196716,80.2535400391,70829,70839,10
12.9878501892,80.2529067993,70839,70899,60
12.9878501892,80.2529067993,70899,70910,11
12.9878501892,80.252746582,70910,70920,10
12.9878902435,80.2523269653,70920,70930,10
12.9878396988,80.2519989014,70930,70940,10
12.987830162,80.251953125,70940,70950,10
12.9876203537,80.2516403198,70950,70970,20
12.9876203537,80.2516403198,70970,70980,10
12.9873504639,80.2516174316,70980,70990,10
12.9870901108,80.2516403198,70990,71000,10
12.9866895676,80.2517318726,71000,71010,10
12.986000061,80.2519226074,71010,71021,11
12.9849796295,80.2522125244,71021,71031,10
12.9844102859,80.2523803711,71031,71152,121
12.9844102859,80.2523803711,71152,71162,10
12.9840297699,80.2524414063,71162,71172,10
12.9832201004,80.2526321411,71172,71182,10
12.9821901321,80.2527313232,71182,71192,10
12.9813699722,80.2527389526,71192,71202,10
12.980629921,80.2527770996,71202,71212,10
12.9804000854,80.2528076172,71212,71222,10
12.9801301956,80.2528610229,71222,71253,31
12.9801301956,80.2528610229,71253,71263,10
12.9799499512,80.2527694702,71263,71273,10
12.979640007,80.2527084351,71273,71283,10
12.9790296555,80.2526473999,71283,71293,10
12.9784698486,80.2525405884,71293,71303,10
12.9784498215,80.2525482178,71303,71313,10
12.9780197144,80.252243042,71313,71323,10
12.9774303436,80.2517089844,71323,71334,11
12.9763498306,80.2512435913,71334,71344,10
12.9753799438,80.2509307861,71344,71354,10
12.9743499756,80.250617981,71354,71364,10
12.9733400345,80.2503509521,71364,71374,10
12.9723997116,80.2501068115,71374,71384,10
12.9714202881,80.2498474121,71384,71394,10
12.970459938,80.2495880127,71394,71404,10
12.9693603516,80.2491607666,71404,71414,10
12.9682798386,80.2487411499,71414,71424,10
12.9673299789,80.2483596802,71424,71435,11
12.966750145,80.248046875,71435,71445,10
12.9662599564,80.2478103638,71445,71455,10
12.9652795792,80.2474517822,71455,71475,20
12.9652795792,80.2474517822,71475,71485,10
12.9652395248,80.247428894,71485,71495,10
12.9648399353,80.2472991943,71495,71505,10
12.964220047,80.2470703125,71505,71515,10
12.9639596939,80.2469863892,71515,71566,51
12.9639596939,80.2469863892,71566,71576,10
12.9636898041,80.2468490601,71576,71586,10
12.9631700516,80.2465820313,71586,71596,10
12.9623403549,80.2461929321,71596,71606,10
12.9614801407,80.2457580566,71606,71616,10
12.9605703354,80.2453384399,71616,71626,10
12.9598999023,80.2450485229,71626,71636,10
12.9592599869,80.2447662354,71636,71647,11
12.9591999054,80.2447509766,71647,71657,10
12.9589395523,80.2446212769,71657,71667,10
12.9582996368,80.2443466187,71667,71677,10
12.95773983,80.2441177368,71677,71687,10
12.9570798874,80.243888855,71687,71697,10
12.9563999176,80.2436676025,71697,71707,10
12.9562997818,80.243637085,71707,71717,10
12.9558000565,80.2433929443,71717,71727,10
12.9550104141,80.243019104,71727,71737,10
12.9541101456,80.2426223755,71737,71747,10
12.9532899857,80.2422790527,71747,71758,11
12.9525203705,80.2419891357,71758,71768,10
12.9516296387,80.2416610718,71768,71788,20
12.9516296387,80.2416610718,71788,71798,10
12.9512395859,80.2415008545,71798,71808,10
12.9504899979,80.2412261963,71808,71818,10
12.9490203857,80.2407989502,71818,71899,81
12.9490203857,80.2407989502,71899,71909,10
12.9488201141,80.240562439,71909,71919,10
12.9489402771,80.2401275635,71919,71929,10
12.949090004,80.2394866943,71929,71959,30
12.949090004,80.2394866943,71959,71970,11
12.9491996765,80.2392120361,71970,71980,10
12.9493198395,80.2387313843,71980,71990,10
12.9494495392,80.2380523682,71990,72000,10
12.9494600296,80.2379837036,72000,72010,10
12.9495000839,80.2376937866,72010,72020,10
12.9496002197,80.2370300293,72020,72030,10
12.949640274,80.2364807129,72030,72040,10
12.9496498108,80.2362289429,72040,72081,41
12.9496498108,80.2360229492,72081,72111,30
12.9496498108,80.2360229492,72111,72121,10
12.9496898651,80.2357635498,72121,72131,10
12.949839592,80.2351379395,72131,72141,10
12.9499397278,80.2343597412,72141,72151,10
12.9499397278,80.2338867188,72151,72172,21
12.9499397278,80.2338867188,72172,72182,10
12.9499502182,80.2338180542,72182,72192,10
12.9499502182,80.2334213257,72192,72202,10
12.9498996735,80.2326431274,72202,72212,10
12.9498500824,80.2318496704,72212,72222,10
12.9497995377,80.2312316895,72222,72232,10
12.9497804642,80.23097229,72232,72242,10
12.9497404099,80.2302932739,72242,72252,10
12.9496803284,80.2293167114,72252,72262,10
12.9496202469,80.2282028198,72262,72272,10
12.9495601654,80.2270736694,72272,72283,11
12.9494895935,80.2256011963,72283,72293,10
12.9494304657,80.2241363525,72293,72303,10
12.9493598938,80.2226486206,72303,72313,10
12.9492502213,80.2211608887,72313,72323,10
12.9490995407,80.219619751,72323,72333,10
12.9489402771,80.2180328369,72333,72343,10
12.9487695694,80.2164230347,72343,72353,10
12.9486103058,80.2148132324,72353,72363,10
12.9484395981,80.2132034302,72363,72373,10
12.9483604431,80.2116622925,72373,72384,11
12.9483203888,80.2104187012,72384,72394,10
12.948340416,80.2098007202,72394,72404,10
12.9484596252,80.2088317871,72404,72444,40
12.9484596252,80.2088317871,72444,72454,10
12.9484996796,80.2086029053,72454,72464,10
12.9485197067,80.2080001831,72464,72474,10
12.9486103058,80.2070999146,72474,72484,10
12.9486503601,80.206161499,72484,72495,11
12.9486398697,80.2047195435,72495,72505,10
12.9485998154,80.2034378052,72505,72515,10
12.948559761,80.2021484375,72515,72525,10
12.9485197067,80.2008132935,72525,72535,10
12.9484701157,80.1996383667,72535,72545,10
12.9484195709,80.1987762451,72545,72575,30
12.9484195709,80.1987762451,72575,72585,10
12.9484300613,80.1984176636,72585,72596,11
12.9484195709,80.1977233887,72596,72606,10
12.9484395981,80.1968383789,72606,72616,10
12.9484300613,80.1960830688,72616,72626,10
12.9484195709,80.1956329346,72626,72646,20
12.9484195709,80.1956329346,72646,72656,10
12.9484300613,80.1952819824,72656,72666,10
12.9484395981,80.1945571899,72666,72676,10
12.9484596252,80.1937026978,72676,72686,10
12.94851017,80.192741394,72686,72696,10
12.9485502243,80.1915969849,72696,72707,11
12.9486303329,80.1902008057,72707,72717,10
12.9487400055,80.1891403198,72717,72727,10
12.9488401413,80.1880722046,72727,72737,10
12.9489402771,80.1869277954,72737,72747,10
12.9489898682,80.186050415,72747,72757,10
12.9489297867,80.1854476929,72757,72777,20
12.9489297867,80.1854476929,72777,72787,10
12.9489297867,80.1853027344,72787,72797,10
12.9490404129,80.1846618652,72797,72808,11
12.9491500854,80.1837921143,72808,72828,20
12.9491500854,80.1837921143,72828,72838,10
12.9492197037,80.183380127,72838,72848,10
12.9493303299,80.1828384399,72848,72858,10
12.9494695663,80.1820602417,72858,72868,10
12.9495801926,80.1814422607,72868,72878,10
12.9496202469,80.1811828613,72878,72888,10
12.9497203827,80.1806335449,72888,72898,10
12.9498796463,80.1798095703,72898,72909,11
12.9501104355,80.1788024902,72909,72919,10
12.9504003525,80.1776580811,72919,72929,10
12.950750351,80.1763763428,72929,72939,10
12.9510297775,80.1750717163,72939,72949,10
12.9511804581,80.1743087769,72949,72959,10
12.951210022,80.1742019653,72959,72969,10
12.9512500763,80.1740112305,72969,72979,10
12.9513902664,80.1733627319,72979,72989,10
12.9515600204,80.1724395752,72989,72999,10
12.9517202377,80.1715621948,72999,73009,10
12.9517498016,80.1713180542,73009,73020,11
12.9517602921,80.1712417603,73020,73030,10
12.9518699646,80.1706771851,73030,73040,10
12.9520397186,80.1697769165,73040,73050,10
12.952249527,80.1686782837,73050,73060,10
12.9525604248,80.167427063,73060,73070,10
12.9529104233,80.1660385132,73070,73080,10
12.9532403946,80.1645431519,73080,73090,10
12.9535799026,80.1629867554,73090,73100,10
12.953909874,80.1613998413,73100,73110,10
12.9541702271,80.1600799561,73110,73121,11
12.9543504715,80.1590499878,73121,73151,30
12.9543504715,80.1590499878,73151,73161,10
12.954460144,80.1585388184,73161,73181,20
12.954460144,80.1585388184,73181,73191,10
12.9545202255,80.1582565308,73191,73201,10
12.9546604156,80.1576004028,73201,73211,10
12.954870224,80.1566925049,73211,73221,10
12.9550800323,80.1557388306,73221,73232,11
12.9554004669,80.1542510986,73232,73242,10
12.9557695389,80.1530227661,73242,73252,10
12.9565095901,80.1519470215,73252,73262,10
12.9574203491,80.1511993408,73262,73272,10
12.9582195282,80.1505432129,73272,73282,10
12.9588098526,80.1500320435,73282,73292,10
12.9588699341,80.1500091553,73292,73302,10
12.9589595795,80.1499786377,73302,73312,10
12.9593601227,80.1496200562,73312,73322,10
12.9596004486,80.1488265991,73322,73333,11
12.959810257,80.1478271484,73333,73343,10
12.9600000381,80.1469116211,73343,73353,10
12.9601802826,80.1459732056,73353,73373,20
12.9601802826,80.1459732056,73373,73383,10
12.9602003098,80.1457519531,73383,73393,10
12.9601802826,80.1455078125,73393,73403,10
12.9596700668,80.1452026367,73403,73413,10
12.9588003159,80.1447372437,73413,73423,10
12.9580097198,80.1442337036,73423,73433,10
12.9572095871,80.1438064575,73433,73444,11
12.9564399719,80.1434326172,73444,73454,10
12.9562997818,80.1433563232,73454,73464,10
12.9560098648,80.1431884766,73464,73474,10
12.9553203583,80.1427993774,73474,73484,10
12.9545001984,80.1423568726,73484,73494,10
12.9539203644,80.1420516968,73494,73504,10
12.9535799026,80.1418685913,73504,73534,30
12.9535799026,80.1418685913,73534,73545,11
12.9533996582,80.1417388916,73545,73555,10
12.9531097412,80.1415863037,73555,73565,10
12.9527902603,80.1413879395,73565,73575,10
12.9524202347,80.1411209106,73575,73585,10
12.9518899918,80.1407165527,73585,73625,40
12.9518899918,80.1407165527,73625,73635,10
12.9517002106,80.1405181885,73635,73646,11
12.9507398605,80.1397781372,73646,73666,20
12.9507398605,80.1397781372,73666,73676,10
12.9505500793,80.1396636963,73676,73686,10
12.9504699707,80.1396026611,73686,73696,10
12.950220108,80.1394119263,73696,73706,10
12.9495401382,80.1388473511,73706,73716,10
12.9485797882,80.1380767822,73716,73726,10
12.9474601746,80.1373214722,73726,73736,10
12.9462795258,80.1364517212,73736,73746,10
12.9449996948,80.1354522705,73746,73757,11
12.9436597824,80.1343994141,73757,73767,10
12.9426803589,80.1334609985,73767,73776,9
12.9417695999,80.132522583,73776,73787,11
12.9405498505,80.1312866211,73787,73797,10
12.9395503998,80.1302871704,73797,73807,10
12.9386196136,80.1294937134,73807,73817,10
12.9378299713,80.1288299561,73817,73827,10
12.9374904633,80.1285324097,73827,73837,10
12.937330246,80.1283874512,73837,73847,10
12.9371900558,80.1282501221,73847,73858,11
12.9371299744,80.1281967163,73858,73868,10
12.9369897842,80.1280517578,73868,73878,10
12.9363098145,80.127456665,73878,73898,20
12.9363098145,80.127456665,73898,73908,10
12.9362001419,80.1273880005,73908,73918,10
12.935839653,80.1270599365,73918,73928,10
12.9353504181,80.1266174316,73928,73938,10
12.934709549,80.1260528564,73938,73948,10
12.9340400696,80.1253967285,73948,73958,10
12.9331502914,80.1245117188,73958,73969,11
12.9324302673,80.1237792969,73969,73979,10
12.9317102432,80.1230697632,73979,73989,10
12.9309396744,80.1222610474,73989,73999,10
12.9301595688,80.1215362549,73999,74009,10
12.9294595718,80.1207580566,74009,74019,10
12.9286298752,80.1199417114,74019,74029,10
12.9279499054,80.1192626953,74029,74039,10
12.9276304245,80.1189498901,74039,74049,10
12.9275102615,80.1188430786,74049,74059,10
12.9274396896,80.1187591553,74059,74070,11
12.9272699356,80.118598938,74070,74080,10
12.9272603989,80.118598938,74080,74090,10
12.9271497726,80.1184921265,74090,74100,10
12.9270296097,80.118347168,74100,74110,10
12.9268798828,80.1182022095,74110,74120,10
12.9266996384,80.118019104,74120,74130,10
12.9262800217,80.1176376343,74130,74201,71
12.9262800217,80.1176376343,74201,74211,10
12.9259700775,80.1174163818,74211,74221,10
12.9257097244,80.1172027588,74221,74231,10
12.9252595901,80.1167602539,74231,74241,10
12.9247503281,80.1162414551,74241,74251,10
12.9244098663,80.1158905029,74251,74261,10
12.9242601395,80.1157531738,74261,74271,10
12.9239902496,80.1154785156,74271,74282,11
12.9238796234,80.1151733398,74282,74292,10
12.9240999222,80.1151123047,74292,74302,10
12.9244403839,80.1154632568,74302,74312,10
12.9248895645,80.1159133911,74312,74322,10
12.9254198074,80.1164474487,74322,74332,10
12.9259395599,80.1169967651,74332,74342,10
12.9260396957,80.1171264648,74342,74352,10
12.9261198044,80.1172409058,74352,74362,10
12.9261798859,80.1173400879,74362,74372,10
12.9263000488,80.1175003052,74372,74383,11
12.926440239,80.1176605225,74383,74393,10
12.926609993,80.1178436279,74393,74403,10
12.9268198013,80.117980957,74403,74443,40
12.9268198013,80.117980957,74443,74453,10
12.9269800186,80.1180877686,74453,74515,62
12.9272403717,80.1183624268,74515,74555,40
12.9272403717,80.1183624268,74555,74565,10
12.927359581,80.1186599731,74565,74575,10
12.9275903702,80.1188964844,74575,74585,10
12.9279499054,80.1192626953,74585,74596,11
12.9285497665,80.1198577881,74596,74606,10
12.9286699295,80.119972229,74606,74617,11
12.9289598465,80.1201934814,74617,74626,9
12.9292097092,80.1204376221,74626,74829,203
12.9292097092,80.1204376221,74829,74839,10
12.9292402267,80.1204605103,74839,74849,10
12.9295301437,80.1207580566,74849,74859,10
12.929690361,80.1209182739,74859,74869,10
12.9299297333,80.1212005615,74869,74879,10
12.9303998947,80.1216888428,74879,74889,10
12.9308900833,80.1221618652,74889,74899,10
12.9314203262,80.1226806641,74899,74930,31
12.9314203262,80.1226806641,74930,74940,10
12.931429863,80.1226882935,74940,74950,10
12.9316596985,80.1229400635,74950,74960,10
12.9320497513,80.123336792,74960,74970,10
12.9325799942,80.123840332,74970,74980,10
12.9332304001,80.1245193481,74980,74990,10
12.9339895248,80.1252975464,74990,75000,10
12.9347400665,80.1260223389,75000,75011,11
12.9357795715,80.1268005371,75011,75051,40
12.9357795715,80.1268005371,75051,75061,10
12.9357995987,80.1268234253,75061,75071,10
12.9360799789,80.1271286011,75071,75081,10
12.9363899231,80.1274185181,75081,75091,10
12.9365501404,80.127532959,75091,75101,10
12.9366998672,80.127456665,75101,75111,10
12.9368600845,80.1275100708,75111,75122,11
12.9371204376,80.127746582,75122,75152,30
12.9371204376,80.127746582,75152,75162,10
12.9372997284,80.1279678345,75162,75172,10
12.9373598099,80.1281814575,75172,75182,10
12.9375495911,80.1283187866,75182,75192,10
12.9378995895,80.1286773682,75192,75202,10
12.9384498596,80.1292037964,75202,75212,10
12.9391298294,80.1298217773,75212,75223,11
12.9399299622,80.1305999756,75223,75233,10
12.9407196045,80.1313781738,75233,75243,10
12.9414701462,80.1321563721,75243,75253,10
12.9421100616,80.1328125,75253,75263,10
12.9422597885,80.1329803467,75263,75273,10
12.9424104691,80.1331329346,75273,75283,10
12.9428796768,80.1336135864,75283,75293,10
12.9434995651,80.134262085,75293,75303,10
12.9441995621,80.1348495483,75303,75313,10
12.945019722,80.1354904175,75313,75323,10
12.9459295273,80.1361999512,75323,75334,11
12.9469003677,80.1369400024,75334,75344,10
12.9477596283,80.1375732422,75344,75354,10
12.948679924,80.1382217407,75354,75364,10
12.9496097565,80.1389389038,75364,75374,10
12.9502801895,80.1393890381,75374,75384,10
12.9506502151,80.1396789551,75384,75394,10
12.9511699677,80.1399765015,75394,75424,30
12.9511699677,80.1399765015,75424,75435,11
12.9515304565,80.1402206421,75435,75445,10
12.9519100189,80.1405181885,75445,75455,10
12.9520702362,80.1408233643,75455,75465,10
12.9526901245,80.1412963867,75465,75495,30
12.9526901245,80.1412963867,75495,75505,10
12.9528198242,80.1414031982,75505,75515,10
12.9533004761,80.1417236328,75515,75525,10
12.9540996552,80.1421585083,75525,75535,10
12.955039978,80.1426315308,75535,75546,11
12.9559001923,80.1430511475,75546,75556,10
12.9560604095,80.143119812,75556,75566,10
12.9564800262,80.1433486938,75566,75576,10
12.9571304321,80.143699646,75576,75586,10
12.9578800201,80.1441116333,75586,75596,10
12.9585504532,80.1444091797,75596,75606,10
12.9592599869,80.14478302,75606,75616,10
12.9599399567,80.145149231,75616,75626,10
12.9604196548,80.1453781128,75626,75636,10
12.9603204727,80.1457901001,75636,75647,11
12.960100174,80.1465835571,75647,75657,10
12.9599103928,80.1474761963,75657,75667,10
12.959690094,80.1485214233,75667,75677,10
12.9594297409,80.1495819092,75677,75687,10
12.9585399628,80.1505126953,75687,75707,20
12.9585399628,80.1505126953,75707,75717,10
12.9582395554,80.1507034302,75717,75727,10
12.9575796127,80.1511993408,75727,75737,10
12.956700325,80.1519012451,75737,75748,11
12.9557800293,80.1530609131,75748,75758,10
12.9553604126,80.1544723511,75758,75768,10
12.955039978,80.1559829712,75768,75778,10
12.9547300339,80.1574783325,75778,75788,10
12.9545097351,80.1586608887,75788,75798,10
12.9543304443,80.1596069336,75798,75818,20
12.9543304443,80.1596069336,75818,75828,10
12.9543199539,80.1598129272,75828,75838,10
12.9541797638,80.1603469849,75838,75848,10
12.9539899826,80.161239624,75848,75859,11
12.9537296295,80.1624526978,75859,75869,10
12.9534502029,80.1637268066,75869,75879,10
12.9531402588,80.1651535034,75879,75889,10
12.9527997971,80.1666564941,75889,75899,10
12.9524097443,80.1681289673,75899,75909,10
12.952170372,80.1693572998,75909,75919,10
12.9519901276,80.1704177856,75919,75929,10
12.9519500732,80.170753479,75929,75939,10
12.9519300461,80.1708602905,75939,75949,10
12.9518404007,80.1714019775,75949,75960,11
12.9516401291,80.1724395752,75960,75970,10
12.9514198303,80.1736221313,75970,75980,10
12.9511899948,80.1748504639,75980,76000,20
12.9511899948,80.1748504639,76000,76010,10
12.9511299133,80.1751403809,76010,76020,10
12.9509401321,80.1759185791,76020,76030,10
12.9506902695,80.1769485474,76030,76040,10
12.9503698349,80.1781692505,76040,76050,10
12.9500102997,80.1795501709,76050,76060,10
12.949760437,80.1808624268,76060,76071,11
12.949640274,80.1816101074,76071,76081,10
12.9495201111,80.1822891235,76081,76091,10
12.9493503571,80.1832199097,76091,76101,10
12.9492502213,80.1840667725,76101,76131,30
12.9492502213,80.1840667725,76131,76141,10
12.9491996765,80.1842880249,76141,76151,10
12.9491701126,80.1847610474,76151,76161,10
12.9491195679,80.1853027344,76161,76172,11
12.9490804672,80.1861724854,76172,76182,10
12.9490203857,80.1871109009,76182,76192,10
12.9489202499,80.1880264282,76192,76202,10
12.9488601685,80.1887588501,76202,76212,10
12.948800087,80.1895217896,76212,76222,10
12.9487104416,80.1904907227,76222,76232,10
12.9486103058,80.1917114258,76232,76242,10
12.9485702515,80.1930084229,76242,76252,10
12.9485301971,80.1942977905,76252,76262,10
12.9485397339,80.195640564,76262,76283,21
12.9485397339,80.195640564,76283,76293,10
12.9485301971,80.1958618164,76293,76303,10
12.9484996796,80.1965866089,76303,76313,10
12.9484901428,80.1976089478,76313,76323,10
12.9484996796,80.1987380981,76323,76333,10
12.9485397339,80.1994400024,76333,76343,10
12.9485397339,80.1995773315,76343,76353,10
12.948559761,80.1995925903,76353,76363,10
12.9485797882,80.1999893188,76363,76373,10
12.9485998154,80.2007980347,76373,76384,11
12.9486103058,80.2017364502,76384,76394,10
12.9486703873,80.2026824951,76394,76404,10
12.9486904144,80.2036972046,76404,76414,10
12.9487104416,80.2049407959,76414,76424,10
12.9487104416,80.2063369751,76424,76434,10
12.9486503601,80.2075195313,76434,76444,10
12.948559761,80.2086486816,76444,76454,10
12.94851017,80.2093887329,76454,76474,20
12.94851017,80.2093887329,76474,76485,11
12.948559761,80.2093963623,76485,76495,10
12.9485301971,80.2096862793,76495,76505,10
12.9485197067,80.2100601196,76505,76515,10
12.9484596252,80.2102737427,76515,76525,10
12.9484195709,80.2105178833,76525,76535,10
12.9483995438,80.211151123,76535,76545,10
12.9484300613,80.2121734619,76545,76555,10
12.9484996796,80.2134475708,76555,76565,10
12.9486503601,80.2148666382,76565,76575,10
12.948800087,80.2163619995,76575,76585,10
12.9489603043,80.2179031372,76585,76596,11
12.9491195679,80.2195587158,76596,76606,10
12.9492797852,80.2210617065,76606,76616,10
12.9494199753,80.2225112915,76616,76626,10
12.9494695663,80.2240066528,76626,76636,10
12.9495296478,80.2255783081,76636,76646,10
12.9496097565,80.2271728516,76646,76656,10
12.9496803284,80.2284317017,76656,76666,10
12.9497699738,80.23021698,76666,76676,10
12.9498500824,80.2312164307,76676,76686,10
12.9498901367,80.2317886353,76686,76697,11
12.9498996735,80.2318572998,76697,76707,10
12.9499597549,80.2322311401,76707,76717,10
12.9500303268,80.2331085205,76717,76737,20
12.9500303268,80.2331085205,76737,76747,10
12.9500703812,80.2332611084,76747,76757,10
12.9500703812,80.2338562012,76757,76767,10
12.9500303268,80.2347183228,76767,76777,10
12.9499702454,80.2352981567,76777,76787,10
12.9499197006,80.2358932495,76787,76818,31
12.9499197006,80.2358932495,76818,76828,10
12.9499101639,80.2361907959,76828,76838,10
12.9497203827,80.2369232178,76838,76848,10
12.9495801926,80.2378234863,76848,76858,10
12.9494304657,80.2387084961,76858,76868,10
12.9492197037,80.2397384644,76868,76878,10
12.9490499496,80.2405014038,76878,76898,20
12.9490499496,80.2405014038,76898,76909,11
12.9490604401,80.2406997681,76909,76919,10
12.9494600296,80.2409667969,76919,76929,10
12.9502801895,80.2412033081,76929,76939,10
12.9509801865,80.2413864136,76939,76949,10
12.9510097504,80.2414016724,76949,76959,10
12.9510803223,80.2414093018,76959,76969,10
12.9516296387,80.2416000366,76969,76979,10
12.9523601532,80.2418899536,76979,76989,10
12.9532003403,80.2422332764,76989,76999,10
12.9541797638,80.2426071167,76999,77009,10
12.9549198151,80.2428817749,77009,77020,11
12.9563302994,80.2433929443,77020,77050,30
12.9563302994,80.2433929443,77050,77060,10
12.956580162,80.2434616089,77060,77070,10
12.9573202133,80.2437973022,77070,77080,10
12.9582099915,80.244178772,77080,77090,10
12.958820343,80.2444381714,77090,77100,10
12.9588699341,80.244468689,77100,77110,10
12.9592895508,80.244682312,77110,77121,11
12.9602203369,80.2451324463,77121,77131,10
12.9613800049,80.2456817627,77131,77141,10
12.9627103806,80.2463302612,77141,77151,10
12.9638299942,80.2468566895,77151,77161,10
12.9650497437,80.2473068237,77161,77171,10
12.9665403366,80.2478713989,77171,77191,20
12.9665403366,80.2478713989,77191,77201,10
12.9669303894,80.2480926514,77201,77211,10
12.9678001404,80.2484893799,77211,77221,10
12.9691400528,80.2490234375,77221,77232,11
12.9705696106,80.2495803833,77232,77242,10
12.9721002579,80.2500076294,77242,77252,10
12.9734897614,80.2503814697,77252,77262,10
12.9747800827,80.2506866455,77262,77272,10
12.9758901596,80.2510299683,77272,77282,10
12.9770698547,80.2513885498,77282,77292,10
12.9778203964,80.2518768311,77292,77302,10
12.9784297943,80.2523574829,77302,77312,10
12.9784603119,80.2523803711,77312,77322,10
12.9786901474,80.2525100708,77322,77333,11
12.9794397354,80.2526626587,77333,77343,10
12.9803800583,80.2527084351,77343,77353,10
12.9813404083,80.2526779175,77353,77363,10
12.9824495316,80.2526397705,77363,77373,10
12.9837799072,80.2524490356,77373,77383,10
12.985039711,80.2520980835,77383,77393,10
12.9858999252,80.2518615723,77393,77403,10
12.9860801697,80.2518005371,77403,77413,10
12.986749649,80.2516174316,77413,77474,61
12.986749649,80.2516174316,77474,77484,10
12.9869604111,80.2515563965,77484,77494,10
12.9872598648,80.2514724731,77494,77504,10
12.9875402451,80.2513885498,77504,77514,10
12.9878797531,80.2515487671,77514,77524,10
12.9879703522,80.251953125,77524,77534,10
12.9880104065,80.2521209717,77534,77545,11
12.9880199432,80.2523727417,77545,77555,10
12.987950325,80.2529220581,77555,77565,10
12.9878797531,80.2535629272,77565,77575,10
12.9878101349,80.2544326782,77575,77585,10
12.9877595901,80.2550811768,77585,77595,10
12.9877004623,80.2554702759,77595,77605,10
12.9876499176,80.2559509277,77605,77615,10
12.9876298904,80.2560577393,77615,77625,10
12.9875898361,80.256187439,77625,77635,10
12.9875297546,80.2567901611,77635,77646,11
12.9874095917,80.2577667236,77646,77656,10
12.9873504639,80.2587585449,77656,77666,10
12.9872198105,80.2593994141,77666,77686,20
12.9872198105,80.2593994141,77686,77696,10
12.9872503281,80.2595825195,77696,77706,10
12.987159729,80.2596817017,77706,77716,10
12.9869699478,80.2596206665,77716,77746,30
12.9869699478,80.2596206665,77746,77757,11
12.9869003296,80.2595367432,77757,77767,10
12.9867095947,80.2594985962,77767,77777,10
12.9867095947,80.2593536377,77777,78201,424
12.9867095947,80.2593536377,78201,78211,10
12.9868898392,80.2595901489,78211,81392,3181
12.9868898392,80.2595901489,81392,81402,10
12.9866695404,80.259803772,81402,81594,192
