12.9982995987,80.2569580078,12,3189,3177
12.9983501434,80.2572174072,3189,3260,71
12.9983501434,80.2572174072,3260,3270,10
12.9982795715,80.2570495605,3270,5408,2138
12.9982795715,80.2570495605,5408,5418,10
12.998169899,80.2568283081,5418,5841,423
12.998169899,80.2568283081,5841,5851,10
12.998339653,80.2569122314,5851,8443,2592
12.9984102249,80.2568588257,8443,9098,655
12.9984102249,80.2568588257,9098,9109,11
12.998339653,80.2569503784,9109,9492,383
12.9983100891,80.2567825317,9492,10036,544
12.9983596802,80.2569198608,10036,10450,414
12.9982204437,80.2569274902,10450,13012,2562
12.9982204437,80.2569274902,13012,13022,10
12.9978704453,80.2569885254,13022,13032,10
12.9977903366,80.2570037842,13032,13042,10
12.9972200394,80.2570571899,13042,13062,20
12.9975404739,80.2570266724,13062,13092,30
12.9978103638,80.2570114136,13092,13143,51
12.9978103638,80.2570114136,13143,13153,10
12.9981603622,80.2569580078,13153,13163,10
12.9984998703,80.2568893433,13163,13203,40
12.9984998703,80.2568893433,13203,13213,10
12.9979496002,80.2569885254,13213,13223,10
12.9977197647,80.2570419312,13223,13304,81
12.9980096817,80.2570114136,13304,13627,323
12.9983301163,80.2568969727,13627,14070,443
12.9983301163,80.2568969727,14070,14079,9
12.9980401993,80.2571411133,14079,14363,284
12.9977397919,80.2573471069,14363,14383,20
12.9979600906,80.2571792603,14383,14403,20
12.9979600906,80.2571792603,14403,14413,10
12.9976301193,80.2574386597,14413,14423,10
12.9972600937,80.2577514648,14423,14433,10
12.9979295731,80.2572097778,14433,14444,11
12.9987096786,80.2565765381,14444,14585,141
12.9983997345,80.2567901611,14585,14686,101
12.9981498718,80.2570724487,14686,14817,131
12.9978904724,80.2573394775,14817,14938,121
12.9976100922,80.2576828003,14938,15049,111
12.9976100922,80.2576828003,15049,15059,10
12.9973802567,80.2579803467,15059,15079,20
12.9973802567,80.2579803467,15079,15089,10
12.9971399307,80.2583007813,15089,15099,10
12.9969997406,80.2584686279,15099,15170,71
12.9969997406,80.2584686279,15170,15180,10
12.9972200394,80.2583007813,15180,15190,10
12.9970703125,80.2587966919,15190,15200,10
12.9982995987,80.2573394775,15200,15230,30
12.9982995987,80.2573394775,15230,15240,10
12.9984197617,80.2571563721,15240,15765,525
12.9984197617,80.2571563721,15765,15775,10
12.9984397888,80.2567672729,15775,18326,2551
12.9982404709,80.2569732666,18326,18659,333
12.9982404709,80.2569732666,18659,18669,10
12.9982700348,80.2571105957,18669,18679,10
12.9980401993,80.2571105957,18679,18689,10
12.998000145,80.257019043,18689,18699,10
12.9980201721,80.2567672729,18699,18709,10
12.9980096817,80.2564697266,18709,18719,10
12.9978199005,80.256362915,18719,18800,81
12.9978199005,80.256362915,18800,18810,10
12.9977197647,80.2559967041,18810,18820,10
12.9976196289,80.2559432983,18820,18830,10
12.9974002838,80.2559280396,18830,18839,9
12.9971199036,80.2559280396,18839,18851,12
12.9967603683,80.2559204102,18851,18861,10
12.9963302612,80.2559204102,18861,18911,50
12.9962902069,80.2558670044,18911,19093,182
12.9960298538,80.255897522,19093,19425,332
12.9960603714,80.2558898926,19425,19698,273
12.9960603714,80.2558898926,19698,19708,10
12.9958696365,80.2559280396,19708,19718,10
12.9955701828,80.2559509277,19718,19728,10
12.99518013,80.2559432983,19728,19738,10
12.9946804047,80.2559661865,19738,19748,10
12.9941701889,80.2560195923,19748,19758,10
12.9935598373,80.2560577393,19758,19768,10
12.9928503036,80.2561035156,19768,19778,10
12.9920501709,80.256111145,19778,19788,10
12.9912099838,80.256072998,19788,19798,10
12.9904298782,80.2560501099,19798,19809,11
12.9895801544,80.2560424805,19809,19819,10
12.9887895584,80.2559661865,19819,19829,10
12.9879999161,80.2558670044,19829,19839,10
12.9873800278,80.2557678223,19839,19849,10
12.9866104126,80.2556304932,19849,19859,10
12.9858398438,80.2554779053,19859,19869,10
12.9850597382,80.2552871704,19869,19879,10
12.9844303131,80.2551193237,19879,19889,10
12.9837903976,80.254989624,19889,19899,10
12.9830904007,80.2547912598,19899,19909,10
12.9824800491,80.2546081543,19909,19920,11
12.9820995331,80.2543334961,19920,19930,10
12.9818897247,80.2538299561,19930,19940,10
12.981760025,80.2532272339,19940,19950,10
12.9813899994,80.252822876,19950,19960,10
12.980799675,80.2528076172,19960,19970,10
12.9802303314,80.2528076172,19970,19980,10
12.9795799255,80.252746582,19980,19990,10
12.9786396027,80.2525863647,19990,20000,10
12.9777002335,80.2518920898,20000,20010,10
12.9766397476,80.2512969971,20010,20020,10
12.9755096436,80.2509765625,20020,20030,10
12.9743900299,80.2506484985,20030,20041,11
12.9731702805,80.2503128052,20041,20051,10
12.9720096588,80.25,20051,20061,10
12.9708499908,80.2496871948,20061,20071,10
12.9697198868,80.2492828369,20071,20081,10
12.9686002731,80.2488327026,20081,20091,10
12.9674797058,80.2483825684,20091,20101,10
12.9664402008,80.2479171753,20101,20111,10
12.9653701782,80.2474594116,20111,20121,10
12.9642896652,80.2470703125,20121,20131,10
12.9633302689,80.2466812134,20131,20141,10
12.9625101089,80.2462615967,20141,20151,10
12.9614601135,80.2457427979,20151,20162,11
12.9603300095,80.2452316284,20162,20172,10
12.9593296051,80.2447662354,20172,20182,10
12.9582996368,80.2443237305,20182,20192,10
12.9576997757,80.2440795898,20192,20202,10
12.9570398331,80.2437896729,20202,20212,10
12.9564599991,80.2435531616,20212,20232,20
12.9566001892,80.2434768677,20232,20262,30
12.9566001892,80.2434768677,20262,20271,9
12.9561300278,80.2433700562,20271,20283,12
12.9552602768,80.2430419922,20283,20293,10
12.9543199539,80.2426834106,20293,20303,10
12.9532604218,80.2422409058,20303,20313,10
12.9521398544,80.2418212891,20313,20323,10
12.9509897232,80.2414321899,20323,20333,10
12.9497995377,80.2410583496,20333,20343,10
12.9487400055,80.2406997681,20343,20353,10
12.9476604462,80.2402496338,20353,20363,10
12.9465503693,80.2397918701,20363,20373,10
12.9454698563,80.2392883301,20373,20383,10
12.9446201324,80.2384872437,20383,20394,11
12.9437398911,80.2375183105,20394,20404,10
12.9428796768,80.2367095947,20404,20414,10
12.9417200089,80.2362823486,20414,20424,10
12.9405002594,80.2359924316,20424,20434,10
12.9393796921,80.2355728149,20434,20444,10
12.9383001328,80.2350311279,20444,20454,10
12.9371995926,80.2344894409,20454,20464,10
12.9361000061,80.2339706421,20464,20474,10
12.9350099564,80.2334594727,20474,20484,10
12.9338798523,80.2329483032,20484,20494,10
12.9331102371,80.2326126099,20494,20504,10
12.9322500229,80.2322921753,20504,20515,11
12.9312200546,80.2319488525,20515,20524,9
12.9302797318,80.2316665649,20524,20535,11
12.9290399551,80.2313766479,20535,20545,10
12.9278802872,80.2311935425,20545,20555,10
12.9267196655,80.2310562134,20555,20565,10
12.9259796143,80.2309875488,20565,20575,10
12.9250802994,80.2308883667,20575,20585,10
12.9239702225,80.2307510376,20585,20595,10
12.922829628,80.2305908203,20595,20605,10
12.9216499329,80.2304077148,20605,20614,9
12.9205703735,80.2302703857,20614,20626,12
12.9190998077,80.2300720215,20626,20636,10
12.9178800583,80.2299118042,20636,20646,10
12.9166402817,80.2297286987,20646,20656,10
12.9154195786,80.2295608521,20656,20666,10
12.9141998291,80.2293930054,20666,20676,10
12.9129800797,80.2292175293,20676,20686,10
12.911740303,80.2290496826,20686,20696,10
12.9104995728,80.2288589478,20696,20706,10
12.9093599319,80.2286834717,20706,20716,10
12.9082098007,80.2285079956,20716,20726,10
12.9070796967,80.2283401489,20726,20736,10
12.9061403275,80.2282409668,20736,20747,11
12.9048700333,80.2281723022,20747,20757,10
12.9036502838,80.2281188965,20757,20767,10
12.9024801254,80.2280807495,20767,20777,10
12.9015102386,80.2280426025,20777,20787,10
12.9009799957,80.2280197144,20787,20797,10
12.900639534,80.2279891968,20797,20807,10
12.9000301361,80.2279510498,20807,20817,10
12.8992795944,80.227897644,20817,20827,10
12.8983402252,80.2278289795,20827,20837,10
12.8974304199,80.2277832031,20837,20847,10
12.8964004517,80.2277603149,20847,20857,10
12.89523983,80.227722168,20857,20868,11
12.8939399719,80.2276535034,20868,20878,10
12.8932695389,80.2275924683,20878,20888,10
12.8930301666,80.2275390625,20888,20898,10
12.8924102783,80.2274627686,20898,20908,10
12.8914804459,80.2274093628,20908,20918,10
12.8903198242,80.2274093628,20918,20928,10
12.8891201019,80.2274169922,20928,20938,10
12.8879203796,80.2273635864,20938,20948,10
12.8867197037,80.2271575928,20948,20958,10
12.8855199814,80.226852417,20958,20968,10
12.8842897415,80.2267532349,20968,20979,11
12.8829097748,80.2267379761,20979,20989,10
12.881649971,80.2267608643,20989,20999,10
12.8804101944,80.2267684937,20999,21009,10
12.8791503906,80.2267913818,21009,21019,10
12.8778800964,80.2268676758,21019,21029,10
12.8767299652,80.2269592285,21029,21039,10
12.8763999939,80.226852417,21039,21049,10
12.8764095306,80.2265625,21049,21059,10
12.8764801025,80.22605896,21059,21069,10
12.8765497208,80.2253265381,21069,21079,10
12.876660347,80.2244262695,21079,21089,10
12.8768396378,80.223449707,21089,21100,11
12.8771400452,80.2221908569,21100,21110,10
12.8774204254,80.2210006714,21110,21120,10
12.877699852,80.2198028564,21120,21130,10
12.8779802322,80.2185668945,21130,21140,10
12.8782396317,80.2173233032,21140,21150,10
12.878490448,80.2160797119,21150,21160,10
12.8787498474,80.2148971558,21160,21170,10
12.8789796829,80.2137069702,21170,21180,10
12.8791999817,80.2125091553,21180,21190,10
12.87940979,80.2113571167,21190,21200,10
12.8792104721,80.2109680176,21200,21210,10
12.8786897659,80.2108764648,21210,21221,11
12.8778600693,80.2107391357,21221,21231,10
12.8770599365,80.2105789185,21231,21241,10
12.876250267,80.2104263306,21241,21251,10
12.875459671,80.2102890015,21251,21261,10
12.8747901917,80.2101669312,21261,21271,10
12.8747396469,80.2101593018,21271,21281,10
12.8746995926,80.2101516724,21281,21291,10
12.8744897842,80.2100906372,21291,21301,10
12.8743801117,80.2099304199,21301,21311,10
12.8744697571,80.2096099854,21311,21321,10
12.8747596741,80.2096328735,21321,21331,10
12.8747501373,80.2099304199,21331,21493,162
12.8747501373,80.2099304199,21493,21503,10
12.8746900558,80.2101211548,21503,21523,20
12.8746900558,80.2101211548,21523,21533,10
12.8749704361,80.2102432251,21533,21543,10
12.8755502701,80.2103271484,21543,21553,10
12.8761701584,80.2104187012,21553,21563,10
12.8768701553,80.2105712891,21563,21574,11
12.8777999878,80.2107391357,21574,21584,10
12.8791999817,80.2110214233,21584,21594,10
12.8791999817,80.2110214233,21594,21604,10
12.8795099258,80.2113265991,21604,21612,8
12.8793897629,80.2119216919,21612,21624,12
12.8791503906,80.2131500244,21624,21634,10
12.8789396286,80.2142410278,21634,21644,10
12.8787498474,80.2152023315,21644,21654,10
12.8785495758,80.2160568237,21654,21664,10
12.8784198761,80.2167510986,21664,21674,10
12.8782300949,80.2177200317,21674,21684,10
12.877989769,80.2188720703,21684,21695,11
12.8776903152,80.220161438,21695,21705,10
12.8774204254,80.2213516235,21705,21715,10
12.8771495819,80.2225494385,21715,21725,10
12.8768796921,80.2237319946,21725,21735,10
12.8767004013,80.2248764038,21735,21745,10
12.8765802383,80.2260284424,21745,21755,10
12.8764801025,80.2267379761,21755,21765,10
12.8764801025,80.2268600464,21765,21775,10
12.8765497208,80.2269515991,21775,21785,10
12.8770503998,80.226890564,21785,21794,9
12.8778400421,80.2268218994,21794,21806,12
12.8792200089,80.2267227173,21806,21816,10
12.8804101944,80.2266998291,21816,21826,10
12.8816204071,80.2266693115,21826,21836,10
12.8828201294,80.2266693115,21836,21846,10
12.8839702606,80.2266464233,21846,21856,10
12.8852500916,80.2266769409,21856,21876,20
12.8852500916,80.2266769409,21876,21886,10
12.8854799271,80.2267303467,21886,21896,10
12.8861598969,80.2268981934,21896,21906,10
12.8870697021,80.2271194458,21906,21916,10
12.8880300522,80.2272491455,21916,21927,11
12.8885097504,80.2272796631,21927,21937,10
12.8887195587,80.2272872925,21937,21947,10
12.8893404007,80.2273025513,21947,21957,10
12.8901901245,80.2273025513,21957,21967,10
12.8910102844,80.2273025513,21967,21977,10
12.8918199539,80.2273025513,21977,21987,10
12.8924503326,80.2273178101,21987,21997,10
12.8929300308,80.2273788452,21997,22007,10
12.8936100006,80.2274780273,22007,22017,10
12.8943996429,80.2275238037,22017,22068,51
12.8943996429,80.2275238037,22068,22078,10
12.8946800232,80.2275238037,22078,22088,10
12.8952999115,80.2275619507,22088,22098,10
12.8961601257,80.2276000977,22098,22108,10
12.8971395493,80.2276535034,22108,22118,10
12.8981895447,80.2277069092,22118,22128,10
12.899189949,80.2277832031,22128,22138,10
12.9001703262,80.2278366089,22138,22148,10
12.9008197784,80.2278594971,22148,22158,10
12.901260376,80.2279205322,22158,22169,11
12.9019098282,80.2279510498,22169,22179,10
12.9027099609,80.2279815674,22179,22209,30
12.9027099609,80.2279815674,22209,22219,10
12.9028196335,80.2279815674,22219,22229,10
12.9032001495,80.2279968262,22229,22239,10
12.903840065,80.2280273438,22239,22249,10
12.9046001434,80.2280731201,22249,22259,10
12.9054203033,80.2281265259,22259,22269,10
12.9062795639,80.2281723022,22269,22280,11
12.9068002701,80.2282409668,22280,22290,10
12.9069404602,80.2282409668,22290,22300,10
12.9070100784,80.2282562256,22300,22310,10
12.907409668,80.2283096313,22310,22320,10
12.9079303741,80.2283935547,22320,22330,10
12.9085903168,80.2285003662,22330,22441,111
12.9085903168,80.2285003662,22441,22451,10
12.9088001251,80.2284164429,22451,22461,10
12.9092998505,80.228553772,22461,22471,10
12.9101200104,80.2287063599,22471,22481,10
12.9111604691,80.2288818359,22481,22491,10
12.9122896194,80.2290420532,22491,22501,10
12.9133195877,80.2291793823,22501,22510,9
12.913860321,80.2292480469,22510,22522,12
12.9139499664,80.2292633057,22522,22532,10
12.9143896103,80.2293395996,22532,22542,10
12.915189743,80.2294616699,22542,22552,10
12.9162998199,80.2296066284,22552,22562,10
12.9175596237,80.2297821045,22562,22572,10
12.9186897278,80.229927063,22572,22582,10
12.9192399979,80.2299880981,22582,22592,10
12.9194402695,80.2300186157,22592,22602,10
12.9200601578,80.2301025391,22602,22612,10
12.920920372,80.23021698,22612,22622,10
12.9219799042,80.2303619385,22622,22633,11
12.9232196808,80.2305374146,22633,22643,10
12.9243402481,80.2306900024,22643,22653,10
12.9254102707,80.2308120728,22653,22663,10
12.926199913,80.2309036255,22663,22673,10
12.9263601303,80.2309188843,22673,22683,10
12.9267597198,80.2309799194,22683,22693,10
12.9274902344,80.2310562134,22693,22703,10
12.9283704758,80.2311706543,22703,22713,10
12.9292297363,80.231338501,22713,22723,10
12.9302797318,80.231590271,22723,22733,10
12.9313802719,80.2319107056,22733,22743,10
12.9324398041,80.2322692871,22743,22754,11
12.9333696365,80.2326126099,22754,22764,10
12.9335298538,80.2326812744,22764,22774,10
12.9338102341,80.2328262329,22774,22784,10
12.9344100952,80.2331237793,22784,22794,10
12.9352903366,80.2335128784,22794,22804,10
12.9362697601,80.2339935303,22804,22814,10
12.9374904633,80.2345733643,22814,22824,10
12.9387102127,80.235168457,22824,22834,10
12.9395103455,80.2355422974,22834,22844,10
12.9397201538,80.2356185913,22844,22854,10
12.9399299622,80.2357177734,22854,22864,10
12.9405698776,80.2359313965,22864,22875,11
12.9415397644,80.2361831665,22875,22885,10
12.9426002502,80.2365112305,22885,22895,10
12.9434204102,80.2370605469,22895,22905,10
12.9435997009,80.2372512817,22905,22915,10
12.9437799454,80.237487793,22915,22925,10
12.9442501068,80.2380218506,22925,22935,10
12.9449701309,80.2387390137,22935,22945,10
12.9459104538,80.2393875122,22945,22955,10
12.9468603134,80.2397766113,22955,22965,10
12.9472398758,80.2399520874,22965,22974,9
12.947259903,80.2399673462,22974,22986,12
12.9477796555,80.240196228,22986,22996,10
12.948800087,80.2406463623,22996,23016,20
12.948800087,80.2406463623,23016,23026,10
12.9488401413,80.2406692505,23026,23036,10
12.9492902756,80.2408294678,23036,23046,10
12.950050354,80.2410736084,23046,23056,10
12.951379776,80.2414398193,23056,23076,20
12.951379776,80.2414398193,23076,23086,10
12.9516496658,80.2415237427,23086,23096,10
12.9522600174,80.2417602539,23096,23107,11
12.9532299042,80.2421417236,23107,23117,10
12.9541702271,80.2425537109,23117,23127,10
12.9549798965,80.2428512573,23127,23137,10
12.9557104111,80.2431793213,23137,23147,10
12.9562902451,80.2434082031,23147,23157,10
12.9563798904,80.2434387207,23157,23167,10
12.9568996429,80.243637085,23167,23177,10
12.9577198029,80.2439575195,23177,23187,10
12.9585695267,80.2442932129,23187,23197,10
12.9588003159,80.2443771362,23197,23206,9
12.9588603973,80.2444076538,23206,23217,11
12.9590902328,80.2445220947,23217,23228,11
12.9597597122,80.2448196411,23228,23238,10
12.9606304169,80.2452392578,23238,23248,10
12.9617395401,80.2457733154,23248,23258,10
12.9627199173,80.2462692261,23258,23268,10
12.9632101059,80.2465286255,23268,23278,10
12.9637403488,80.2467498779,23278,23288,10
12.9644002914,80.2470016479,23288,23298,10
12.9652795792,80.2473068237,23298,23308,10
12.9664096832,80.247718811,23308,23328,20
12.9664096832,80.247718811,23328,23339,11
12.9666404724,80.2478790283,23339,23349,10
12.9672603607,80.2481918335,23349,23359,10
12.9682197571,80.248588562,23359,23369,10
12.9694404602,80.2490463257,23369,23379,10
12.9708595276,80.2495803833,23379,23389,10
12.9723300934,80.2499694824,23389,23399,10
12.9735298157,80.250289917,23399,23409,10
12.9746198654,80.250579834,23409,23419,10
12.975979805,80.2509765625,23419,23429,10
12.9773101807,80.2514572144,23429,23439,10
12.9784498215,80.2522888184,23439,23449,10
12.9799404144,80.2522888184,23449,23470,21
12.9799404144,80.2522888184,23470,23480,10
12.9800100327,80.2520065308,23480,23490,10
12.9801797867,80.251449585,23490,23500,10
12.9804401398,80.2505874634,23500,23510,10
12.9806699753,80.2494812012,23510,23520,10
12.9807901382,80.2482833862,23520,23530,10
12.9808797836,80.2470779419,23530,23540,10
12.9809999466,80.24584198,23540,23550,10
12.9811201096,80.2446365356,23550,23560,10
12.9811897278,80.243812561,23560,23570,10
12.9813299179,80.2434997559,23570,23581,11
12.9813499451,80.2428665161,23581,23591,10
12.9813604355,80.2427978516,23591,23601,10
12.9813804626,80.2424697876,23601,23611,10
12.9813499451,80.2417221069,23611,23621,10
12.9813499451,80.2407684326,23621,23631,10
12.9813203812,80.2397689819,23631,23641,10
12.981300354,80.2388076782,23641,23651,10
12.9812803268,80.2380218506,23651,23661,10
12.9812698364,80.2379379272,23661,23671,10
12.9812602997,80.2378311157,23671,23681,10
12.9812498093,80.2372589111,23681,23692,11
12.9812297821,80.2362670898,23692,23702,10
12.9812002182,80.2353363037,23702,23712,10
12.9812002182,80.2344894409,23712,23722,10
12.9814596176,80.2336807251,23722,23732,10
12.9816198349,80.2333679199,23732,23742,10
12.9816999435,80.2332305908,23742,23752,10
12.981880188,80.2328186035,23752,23762,10
12.982000351,80.2322387695,23762,23772,10
12.9819803238,80.2317581177,23772,23782,10
12.9819402695,80.2313995361,23782,23792,10
12.9818201065,80.23097229,23792,23802,10
12.9816398621,80.2305984497,23802,23813,11
12.9813995361,80.230178833,23813,23823,10
12.9810304642,80.2296218872,23823,23833,10
12.9808301926,80.2292633057,23833,23843,10
12.980629921,80.2289428711,23843,23853,10
12.980389595,80.2285232544,23853,23863,10
12.9801902771,80.2281188965,23863,23873,10
12.9798297882,80.2275238037,23873,23883,10
12.9793996811,80.2267990112,23883,23893,10
12.9789600372,80.2260437012,23893,23903,10
12.978509903,80.2252578735,23903,23913,10
12.9780797958,80.2245407104,23913,23923,10
12.9778699875,80.2242736816,23923,23934,11
12.9776601791,80.2238922119,23934,23944,10
12.9772796631,80.2232818604,23944,23954,10
12.9770202637,80.2228393555,23954,23964,10
12.9771604538,80.2227020264,23964,23974,10
12.9772396088,80.2227020264,23974,23984,10
12.9774904251,80.2226028442,23984,23994,10
12.9775104523,80.2222213745,23994,24004,10
12.9774904251,80.2217330933,24004,24014,10
12.9774904251,80.221282959,24014,24024,10
12.9778499603,80.2212219238,24024,24034,10
12.9785604477,80.2211532593,24034,24045,11
12.9797096252,80.2210769653,24045,24055,10
12.9808397293,80.2209777832,24055,24065,10
12.981760025,80.2213592529,24065,24075,10
12.9822502136,80.2217483521,24075,24085,10
12.9827804565,80.2219009399,24085,24095,10
12.9829397202,80.2219619751,24095,24105,10
12.9830799103,80.222038269,24105,24115,10
12.9833698273,80.2222824097,24115,24125,10
12.9839096069,80.2225723267,24125,24135,10
12.9843997955,80.2228622437,24135,24145,10
12.9848899841,80.2231826782,24145,24155,10
12.98554039,80.2231216431,24155,24166,11
12.9862804413,80.2229537964,24166,24176,10
12.9864902496,80.2229537964,24176,24186,10
12.9866199493,80.2229919434,24186,24196,10
12.9871101379,80.2230377197,24196,24206,10
12.9876003265,80.2230606079,24206,24216,10
12.9882297516,80.2226867676,24216,24226,10
12.9889001846,80.222038269,24226,24236,10
12.9894199371,80.2213516235,24236,24246,10
12.9898900986,80.2207794189,24246,24256,10
12.9904499054,80.2203369141,24256,24265,9
12.9904699326,80.2203292847,24265,24276,11
12.9907903671,80.2201004028,24276,24287,11
12.9913597107,80.2196578979,24287,24297,10
12.9920101166,80.2192230225,24297,24307,10
12.9928302765,80.2186126709,24307,24317,10
12.9936704636,80.2179870605,24317,24327,10
12.9944095612,80.2174530029,24327,24337,10
12.9952001572,80.2169036865,24337,24347,10
12.9961900711,80.216583252,24347,24357,10
12.9971504211,80.2164306641,24357,24367,10
12.9976396561,80.2160415649,24367,24377,10
12.998169899,80.2155990601,24377,24387,10
12.9986600876,80.2151794434,24387,24398,11
12.9988002777,80.215057373,24398,24408,10
12.9988603592,80.2150115967,24408,24418,10
12.9990701675,80.2147979736,24418,24428,10
12.9993000031,80.2145767212,24428,24438,10
12.9997396469,80.2142181396,24438,24448,10
13.0001802444,80.2138366699,24448,24458,10
13.0006399155,80.2133407593,24458,24468,10
13.0012998581,80.212852478,24468,24478,10
13.0020103455,80.2123565674,24478,24488,10
13.0026302338,80.2121124268,24488,24498,10
13.003080368,80.2120819092,24498,24508,10
13.0035495758,80.2120132446,24508,24519,11
13.0037002563,80.2115631104,24519,24529,10
13.003660202,80.2108001709,24529,24539,10
13.0035495758,80.2100524902,24539,24549,10
13.003569603,80.2092971802,24549,24559,10
13.003950119,80.2086410522,24559,24569,10
13.0049600601,80.2090606689,24569,24579,10
13.0060796738,80.209487915,24579,24589,10
13.0074901581,80.2098312378,24589,24619,30
13.0074901581,80.2098312378,24619,24629,10
13.0076198578,80.2098922729,24629,24640,11
13.0079402924,80.2099533081,24640,24650,10
13.008190155,80.2099533081,24650,24660,10
13.0080900192,80.2094192505,24660,24670,10
13.0079498291,80.2086181641,24670,24680,10
13.0078001022,80.2077026367,24680,24690,10
13.0076799393,80.206817627,24690,24700,10
13.0075798035,80.2058334351,24700,24710,10
13.0075502396,80.2047729492,24710,24720,10
13.0074796677,80.203742981,24720,24730,10
13.0072402954,80.2027587891,24730,24740,10
13.0065402985,80.20287323,24740,24751,11
13.0071697235,80.2035675049,24751,24761,10
13.0082397461,80.203742981,24761,24771,10
13.0094995499,80.203666687,24771,24781,10
13.0109100342,80.2036819458,24781,24791,10
13.0122699738,80.2038269043,24791,24801,10
13.0137395859,80.2042922974,24801,24821,20
13.0137395859,80.2042922974,24821,24831,10
13.0136995316,80.2045593262,24831,24841,10
13.0135097504,80.205116272,24841,24851,10
13.0132198334,80.2059707642,24851,24861,10
13.0130701065,80.2069396973,24861,24872,11
13.0129899979,80.2077026367,24872,24882,10
13.0129404068,80.2080993652,24882,24892,10
13.0129299164,80.2085037231,24892,24902,10
13.0129804611,80.2089996338,24902,24912,10
13.013299942,80.2096176147,24912,24922,10
13.0132398605,80.2102966309,24922,24932,10
13.0129699707,80.21118927,24932,24942,10
13.0124101639,80.2121963501,24942,24952,10
13.0119800568,80.2128219604,24952,24962,10
13.0116596222,80.2126998901,24962,24971,9
13.0111398697,80.2123413086,24971,24983,12
13.0102300644,80.2116165161,24983,24993,10
13.0097799301,80.2113037109,24993,25104,111
13.0095396042,80.2110595703,25104,25235,131
13.0092401505,80.2112731934,25235,25880,645
13.0092401505,80.2112731934,25880,25890,10
13.0089998245,80.2115402222,25890,25900,10
13.0091199875,80.2119293213,25900,25910,10
13.0093603134,80.2126617432,25910,25920,10
13.00963974,80.2133865356,25920,25931,11
13.0099201202,80.2140884399,25931,25941,10
13.0101699829,80.2148590088,25941,25951,10
13.0103302002,80.2158203125,25951,25961,10
13.0107498169,80.2167892456,25961,25971,10
13.0112400055,80.217956543,25971,25981,10
13.0116996765,80.2192001343,25981,25991,10
13.0120897293,80.2204284668,25991,26001,10
13.0124197006,80.2214736938,26001,26011,10
13.0128803253,80.2222366333,26011,26021,10
13.0135803223,80.2230529785,26021,26031,10
13.0143098831,80.223739624,26031,26041,10
13.0149803162,80.2245483398,26041,26052,11
13.0154695511,80.2253723145,26052,26062,10
13.0152101517,80.2257995605,26062,26072,10
13.0149898529,80.2259597778,26072,26082,10
13.014550209,80.2261428833,26082,26092,10
13.0138902664,80.2263793945,26092,26102,10
13.0130796432,80.2267227173,26102,26112,10
13.0122203827,80.2270889282,26112,26122,10
13.011179924,80.2274780273,26122,26132,10
13.0102500916,80.2278366089,26132,26142,10
13.0095500946,80.2277908325,26142,26152,10
13.0097198486,80.2272262573,26152,26161,9
13.010020256,80.2265167236,26161,26173,12
13.0104904175,80.2253723145,26173,26183,10
13.0107698441,80.2248077393,26183,26193,10
13.0110397339,80.2241134644,26193,26203,10
13.0113096237,80.2233581543,26203,26213,10
13.0107898712,80.2229385376,26213,26223,10
13.0099496841,80.2225036621,26223,26233,10
13.0090503693,80.2220230103,26233,26243,10
13.0083303452,80.2216491699,26243,26253,10
13.0074100494,80.2211380005,26253,26263,10
13.0065402985,80.2206573486,26263,26273,10
13.0054397583,80.2204284668,26273,26284,11
13.0043497086,80.2201919556,26284,26294,10
13.0032501221,80.2199020386,26294,26304,10
13.0022802353,80.2193222046,26304,26314,10
13.0014896393,80.218536377,26314,26324,10
13.0006599426,80.2179794312,26324,26334,10
12.9998102188,80.2174530029,26334,26344,10
12.9989299774,80.2169799805,26344,26354,10
12.9979600906,80.2166137695,26354,26364,10
12.9973697662,80.2165527344,26364,26374,10
12.9972696304,80.2165679932,26374,26384,10
12.996720314,80.2166213989,26384,26394,10
12.995929718,80.2167663574,26394,26404,10
12.9951000214,80.2171173096,26404,26415,11
12.9945001602,80.2175216675,26415,26425,10
12.9940595627,80.2178497314,26425,26435,10
12.9935703278,80.2181777954,26435,26445,10
12.9928798676,80.2186889648,26445,26455,10
12.9920196533,80.2193374634,26455,26465,10
12.9911203384,80.2199783325,26465,26475,10
12.9902601242,80.2206726074,26475,26485,10
12.9894895554,80.221496582,26485,26495,10
12.9888896942,80.2222976685,26495,26505,10
12.9880895615,80.2229614258,26505,26515,10
12.9876899719,80.2231292725,26515,26526,11
12.9874401093,80.2230987549,26526,26536,10
12.9869298935,80.2230300903,26536,26546,10
12.9862003326,80.2229919434,26546,26556,10
12.9857397079,80.2231063843,26556,26566,10
12.985250473,80.2232666016,26566,26576,10
12.9845104218,80.2229232788,26576,26586,10
12.9838399887,80.2225418091,26586,26596,10
12.9835100174,80.2223815918,26596,26606,10
12.9832401276,80.2221984863,26606,26616,10
12.9831495285,80.2221298218,26616,26626,10
12.9827203751,80.2219161987,26626,26636,10
12.9820804596,80.2216720581,26636,26647,11
12.9813804626,80.2212677002,26647,26657,10
12.9807395935,80.2210693359,26657,26667,10
12.9805803299,80.2210998535,26667,26677,10
12.9801597595,80.2211608887,26677,26687,10
12.9793596268,80.2211990356,26687,26697,10
12.9783000946,80.2212219238,26697,26707,10
12.9773702621,80.2212524414,26707,26717,10
12.9764099121,80.2212524414,26717,26727,10
12.9763803482,80.2218475342,26727,26758,31
12.9763803482,80.2218475342,26758,26768,10
12.976360321,80.2220611572,26768,26778,10
12.976559639,80.222366333,26778,26788,10
12.9769001007,80.2228393555,26788,26798,10
12.9773197174,80.2234802246,26798,26808,10
12.9777603149,80.2241592407,26808,26818,10
12.9779901505,80.2244873047,26818,26828,10
12.9781999588,80.224822998,26828,26838,10
12.9785203934,80.2253265381,26838,26848,10
12.9789104462,80.2259674072,26848,26858,10
12.97935009,80.2267074585,26858,26868,10
12.9798297882,80.2274780273,26868,26879,11
12.9802999496,80.2282562256,26879,26889,10
12.9806699753,80.2289199829,26889,26899,10
12.9808998108,80.2292785645,26899,26909,10
12.9812202454,80.2297897339,26909,26919,10
12.9816102982,80.2303619385,26919,26929,10
12.9816904068,80.230506897,26929,26939,10
12.9817695618,80.2306518555,26939,26949,10
12.9819297791,80.2311401367,26949,26959,10
12.9820299149,80.2317199707,26959,26969,10
12.982049942,80.2322769165,26969,26979,10
12.9819002151,80.2329025269,26979,26989,10
12.9816598892,80.2334671021,26989,27000,11
12.9816198349,80.2335510254,27000,27010,10
12.9814996719,80.233757019,27010,27020,10
12.9812803268,80.2342605591,27020,27030,10
12.9812402725,80.2350082397,27030,27040,10
12.9812602997,80.2359008789,27040,27050,10
12.9812698364,80.2369384766,27050,27060,10
12.9813098907,80.2379302979,27060,27070,10
12.9813404083,80.2386779785,27070,27089,19
12.9813404083,80.2386779785,27089,27100,11
12.9813299179,80.2389526367,27100,27110,10
12.9813499451,80.2395172119,27110,27121,11
12.9813699722,80.2403793335,27121,27131,10
12.9813804626,80.2413406372,27131,27141,10
12.9813899994,80.2422485352,27141,27151,10
12.9813995361,80.242767334,27151,27161,10
12.9813995361,80.2428283691,27161,27171,10
12.9813995361,80.2429885864,27171,27181,10
12.9813804626,80.243522644,27181,27191,10
12.9812803268,80.2443084717,27191,27201,10
12.9811401367,80.2453079224,27201,27211,10
12.9809999466,80.2464370728,27211,27221,10
12.980890274,80.2476196289,27221,27232,11
12.9808101654,80.2489089966,27232,27242,10
12.9806404114,80.2500762939,27242,27252,10
12.980340004,80.2512130737,27252,27262,10
12.980099678,80.2521286011,27262,27272,10
12.9799900055,80.2524185181,27272,27282,10
12.9797897339,80.2527694702,27282,27292,10
12.9786701202,80.2526168823,27292,27312,20
12.9786701202,80.2526168823,27312,27322,10
12.9784002304,80.2524719238,27322,27332,10
12.9778699875,80.2519989014,27332,27343,11
12.9769802094,80.2514266968,27343,27353,10
12.9758901596,80.2511367798,27353,27363,10
12.9747800827,80.2508010864,27363,27373,10
12.9737100601,80.250541687,27373,27383,10
12.9726896286,80.2503128052,27383,27393,10
12.9725704193,80.2502365112,27393,27403,10
12.9725103378,80.2501831055,27403,27413,10
12.9720096588,80.2500305176,27413,27423,10
12.9712295532,80.2498016357,27423,27433,10
12.9702396393,80.2495269775,27433,27443,10
12.9691696167,80.2490921021,27443,27454,11
12.9679298401,80.2486724854,27454,27464,10
12.9669103622,80.2481613159,27464,27474,10
12.9660100937,80.2477416992,27474,27484,10
12.965180397,80.247428894,27484,27494,10
12.9650602341,80.2473831177,27494,27504,10
12.9648399353,80.2472991943,27504,27514,10
12.9643096924,80.2471008301,27514,27524,10
12.9636898041,80.2468719482,27524,27534,10
12.9630298615,80.2465209961,27534,27544,10
12.9621095657,80.2460632324,27544,27554,10
12.9610595703,80.2455673218,27554,27564,10
12.9600000381,80.2450866699,27564,27575,11
12.9593696594,80.2448272705,27575,27585,10
12.9593296051,80.2448120117,27585,27595,10
12.9589195251,80.2446289063,27595,27605,10
12.9582395554,80.2443466187,27605,27615,10
12.9576797485,80.2441177368,27615,27625,10
12.9569396973,80.2439117432,27625,27635,10
12.9564399719,80.2437362671,27635,27645,10
12.9562997818,80.2437286377,27645,27655,10
12.9558801651,80.2434692383,27655,27665,10
12.9552097321,80.2431182861,27665,27675,10
12.954369545,80.242729187,27675,27685,10
12.9533996582,80.2423400879,27685,27696,11
12.9522895813,80.2419128418,27696,27706,10
12.9516801834,80.2417068481,27706,27716,10
12.9516296387,80.2416992188,27716,27726,10
12.9511804581,80.2415390015,27726,27736,10
12.9504699707,80.2413406372,27736,27746,10
12.949640274,80.2410964966,27746,27756,10
12.9493598938,80.2409973145,27756,27766,10
12.9492902756,80.2409286499,27766,27776,10
12.9488801956,80.2407608032,27776,27786,10
12.9481897354,80.2404785156,27786,27796,10
12.9473600388,80.2401428223,27796,27806,10
12.9470996857,80.2400436401,27806,27817,11
12.9468202591,80.2399291992,27817,27827,10
12.9462604523,80.239692688,27827,27837,10
12.945520401,80.2393569946,27837,27847,10
12.9447603226,80.2387084961,27847,27857,10
12.9440002441,80.2378768921,27857,27867,10
12.9433803558,80.2372436523,27867,27877,10
12.9433603287,80.2372131348,27877,27887,10
12.9430904388,80.2369384766,27887,27897,10
12.9425001144,80.2366027832,27897,27907,10
12.9415998459,80.2363128662,27907,27917,10
12.9397602081,80.2358093262,27917,27938,21
12.9397602081,80.2358093262,27938,27948,10
12.9396095276,80.2358016968,27948,27958,10
12.9390897751,80.2355270386,27958,27968,10
12.9383401871,80.2351989746,27968,27978,10
12.9373998642,80.2347183228,27978,27988,10
12.9364700317,80.2341384888,27988,27998,10
12.9356203079,80.2336730957,27998,28008,10
12.9345903397,80.2332992554,28008,28018,10
12.9339199066,80.233001709,28018,28028,10
12.9338998795,80.2329864502,28028,28038,10
12.9337100983,80.2329406738,28038,28049,11
12.933139801,80.2326889038,28049,28059,10
12.9323701859,80.2323989868,28059,28069,10
12.9314098358,80.2320632935,28069,28079,10
12.9303398132,80.2317123413,28079,28089,10
12.9292602539,80.2314682007,28089,28099,10
12.9282302856,80.2312774658,28099,28109,10
12.9271602631,80.2311401367,28109,28119,10
12.9260101318,80.231048584,28119,28139,20
12.9260101318,80.231048584,28139,28149,10
12.9258003235,80.231010437,28149,28159,10
12.9252996445,80.2309494019,28159,28169,10
12.9245796204,80.2308578491,28169,28180,11
12.9236097336,80.2307434082,28180,28190,10
12.9225597382,80.2305831909,28190,28200,10
12.9214096069,80.2303924561,28200,28210,10
12.9202404022,80.2302474976,28210,28220,10
12.9190797806,80.2301330566,28220,28250,30
12.9190797806,80.2301330566,28250,28260,10
12.9188098907,80.2300720215,28260,28270,10
12.9181699753,80.2299804688,28270,28281,11
12.9172401428,80.2298583984,28281,28291,10
12.9162101746,80.2297210693,28291,28301,10
12.9150695801,80.2295608521,28301,28311,10
12.9132404327,80.2293319702,28311,28331,20
12.9132404327,80.2293319702,28331,28341,10
12.9131603241,80.2292709351,28341,28351,10
12.912730217,80.2292175293,28351,28361,10
12.9119596481,80.2291107178,28361,28371,10
12.910949707,80.2289733887,28371,28381,10
12.9098300934,80.2287979126,28381,28391,10
12.9087095261,80.2286300659,28391,28402,11
12.9072399139,80.2284317017,28402,28422,20
12.9072399139,80.2284317017,28422,28432,10
12.9071798325,80.2284393311,28432,28442,10
12.9067897797,80.2284164429,28442,28452,10
12.9061002731,80.2282867432,28452,28462,10
12.9052000046,80.2282180786,28462,28472,10
12.9041500092,80.2281570435,28472,28482,10
12.9030399323,80.2281112671,28482,28492,10
12.902130127,80.2280807495,28492,28502,10
12.9018802643,80.2280578613,28502,28513,11
12.9017400742,80.2280197144,28513,28523,10
12.9013395309,80.2279891968,28523,28533,10
12.9008102417,80.2279586792,28533,28543,10
12.9004096985,80.2279586792,28543,28553,10
12.9000101089,80.2279815674,28553,28563,10
12.8996400833,80.2279586792,28563,28573,10
12.8995304108,80.2279586792,28573,28583,10
12.8994503021,80.2279510498,28583,28593,10
12.8992795944,80.2279510498,28593,28603,10
12.8988895416,80.2279129028,28603,28613,10
12.8982696533,80.2278671265,28613,28623,10
12.897480011,80.2278137207,28623,28634,11
12.8964300156,80.2277603149,28634,28644,10
12.8953695297,80.227722168,28644,28654,10
12.8942499161,80.2276763916,28654,28664,10
12.8933000565,80.2276000977,28664,28684,20
12.8933000565,80.2276000977,28684,28694,10
12.8930301666,80.2275238037,28694,28704,10
12.8925895691,80.2274780273,28704,28714,10
12.8919401169,80.2274169922,28714,28724,10
12.8910102844,80.2274017334,28724,28734,10
12.8898696899,80.2274017334,28734,28744,10
12.8888502121,80.227432251,28744,28755,11
12.8884401321,80.2274169922,28755,28765,10
12.8880300522,80.2273788452,28765,28775,10
12.887260437,80.2272796631,28775,28785,10
12.8862304688,80.2270431519,28785,28795,10
12.8851604462,80.2268218994,28795,28805,10
12.8849201202,80.2267990112,28805,28815,10
12.8846702576,80.2267684937,28815,28825,10
12.8840303421,80.2267837524,28825,28835,10
12.8830795288,80.2267684937,28835,28845,10
12.8819599152,80.2267837524,28845,28855,10
12.8807697296,80.2267684937,28855,28865,10
12.8795404434,80.2267837524,28865,28875,10
12.878279686,80.2268371582,28875,28886,11
12.8770904541,80.2269592285,28886,28896,10
12.8767404556,80.2269973755,28896,28906,10
12.8765602112,80.2269821167,28906,28916,10
12.876449585,80.2268600464,28916,28926,10
12.876449585,80.2266082764,28926,28936,10
12.8764600754,80.2266082764,28936,28946,10
12.8765001297,80.2264785767,28946,28956,10
12.8765497208,80.2259063721,28956,28966,10
12.8766403198,80.2249984741,28966,28976,10
12.8767995834,80.2238464355,28976,28986,10
12.8770704269,80.2226715088,28986,28997,11
12.8774204254,80.2211914063,28997,29007,10
12.8777103424,80.2198867798,29007,29017,10
12.8777704239,80.2195663452,29017,29027,10
12.8778600693,80.2191696167,29027,29037,10
12.8780498505,80.2183837891,29037,29047,10
12.8782596588,80.2173233032,29047,29057,10
12.8784999847,80.2161407471,29057,29067,10
12.8787698746,80.2149429321,29067,29077,10
12.8789997101,80.2137527466,29077,29087,10
12.879240036,80.2124786377,29087,29097,10
12.8792896271,80.2110290527,29097,29118,21
12.8792896271,80.2110290527,29118,29128,10
12.8791704178,80.2110366821,29128,29138,10
12.8787403107,80.2109603882,29138,29148,10
12.8780202866,80.2108078003,29148,29158,10
12.8773002625,80.2106704712,29158,29168,10
12.8766498566,80.2105178833,29168,29178,10
12.8759498596,80.2103881836,29178,29188,10
12.875120163,80.2102508545,29188,29198,10
12.8745803833,80.2101364136,29198,29208,10
12.8745603561,80.2101364136,29208,29218,10
12.8743896484,80.2100601196,29218,29229,11
12.8744897842,80.2096405029,29229,29239,10
12.8746595383,80.2098083496,29239,29844,605
12.8746595383,80.2098083496,29844,29854,10
12.8747301102,80.2099533081,29854,29864,10
12.8748397827,80.2101821899,29864,29874,10
12.8753099442,80.2102584839,29874,29884,10
12.8760204315,80.2103805542,29884,29894,10
12.8766098022,80.2104797363,29894,29904,10
12.8772201538,80.210609436,29904,29914,10
12.8779697418,80.2107467651,29914,29924,10
12.878780365,80.2108764648,29924,29934,10
12.879240036,80.2109832764,29934,29945,11
12.8792800903,80.2109909058,29945,29955,10
12.8793697357,80.2110519409,29955,29965,10
12.8795204163,80.2112197876,29965,29975,10
12.8794403076,80.2116470337,29975,29985,10
12.8793096542,80.2122497559,29985,29995,10
12.8791704178,80.2129898071,29995,30005,10
12.8790197372,80.2137985229,30005,30015,10
12.8788604736,80.2146377563,30015,30025,10
12.8786697388,80.2155532837,30025,30035,10
12.8784799576,80.2164611816,30035,30045,10
12.8782997131,80.2175064087,30045,30408,363
12.8782997131,80.2175064087,30408,30418,10
12.8782596588,80.217666626,30418,30429,11
12.8781404495,80.2182235718,30429,30439,10
12.8779802322,80.2189407349,30439,30449,10
12.8777799606,80.2198104858,30449,30459,10
12.8775396347,80.2208328247,30459,30469,10
12.877289772,80.2219390869,30469,30479,10
12.8770303726,80.2230834961,30479,30489,10
12.8767795563,80.2241973877,30489,30499,10
12.8766403198,80.2253417969,30499,30509,10
12.8765096664,80.2262878418,30509,30519,10
12.8765001297,80.2268600464,30519,30560,41
12.8765001297,80.2268600464,30560,30570,10
12.8766803741,80.2269287109,30570,30580,10
12.877120018,80.2268829346,30580,30590,10
12.8779001236,80.2268066406,30590,30600,10
12.878950119,80.2267303467,30600,30610,10
12.8800897598,80.2266998291,30610,30620,10
12.8812599182,80.2266921997,30620,30630,10
12.8824100494,80.2266769409,30630,30640,10
12.8835897446,80.2266616821,30640,30649,9
12.8845396042,80.2266387939,30649,30661,12
12.8852901459,80.2266921997,30661,30671,10
12.8859901428,80.2268066406,30671,30681,10
12.8862400055,80.226852417,30681,30691,10
12.8865404129,80.2269363403,30691,30701,10
12.8871603012,80.2270889282,30701,30711,10
12.8884401321,80.2272262573,30711,30731,20
12.8884401321,80.2272262573,30731,30741,10
12.8886699677,80.2272491455,30741,30751,10
12.8892602921,80.2272567749,30751,30761,10
12.8900899887,80.2272567749,30761,30770,9
12.8909502029,80.2272567749,30770,30782,12
12.8920097351,80.2272720337,30782,30792,10
12.8927402496,80.2273330688,30792,30802,10
12.8935804367,80.2274169922,30802,30812,10
12.8941802979,80.2274780273,30812,30822,10
12.8941698074,80.2274780273,30822,30832,10
12.8942699432,80.2275238037,30832,30842,10
12.894780159,80.2275619507,30842,30852,10
12.8955602646,80.2275924683,30852,30862,10
12.8965301514,80.2276306152,30862,30872,10
12.8976402283,80.2276916504,30872,30882,10
12.8986101151,80.2277374268,30882,30892,10
12.899020195,80.2277603149,30892,30903,11
12.8992204666,80.2277832031,30903,30913,10
12.8995399475,80.2277984619,30913,30923,10
12.9001502991,80.2277984619,30923,30933,10
12.9006595612,80.2278366089,30933,30943,10
12.9010095596,80.2278900146,30943,30953,10
12.9012699127,80.2279129028,30953,30963,10
12.9016399384,80.2279129028,30963,30973,10
12.9020996094,80.2279434204,30973,30983,10
12.9029502869,80.2279510498,30983,31013,30
12.9029502869,80.2279510498,31013,31024,11
12.9032201767,80.2279586792,31024,31034,10
12.9036998749,80.228012085,31034,31044,10
12.9040403366,80.2280273438,31044,31054,10
12.9041795731,80.2280426025,31054,31064,10
12.9043102264,80.2280578613,31064,31074,10
12.9047803879,80.2281112671,31074,31255,181
12.9047803879,80.2281112671,31255,31266,11
12.9050502777,80.2281112671,31266,31276,10
12.9052000046,80.2281188965,31276,31286,10
12.905380249,80.2281265259,31286,31296,10
12.9055099487,80.2280807495,31296,31306,10
12.9057703018,80.2280578613,31306,31316,10
12.9060096741,80.2281036377,31316,31326,10
12.9062595367,80.2281188965,31326,31336,10
12.9065704346,80.2281570435,31336,31346,10
12.9070701599,80.2282028198,31346,31356,10
12.9071598053,80.2282180786,31356,31366,10
12.9075803757,80.2282867432,31366,31377,11
12.9084100723,80.2284622192,31377,31387,10
12.9095096588,80.2286529541,31387,31397,10
12.9108104706,80.2288589478,31397,31407,10
12.9121398926,80.2290496826,31407,31417,10
12.9133396149,80.2292098999,31417,31427,10
12.9140701294,80.2292861938,31427,31437,10
12.9141998291,80.2292861938,31437,31447,10
12.9143199921,80.2292861938,31447,31457,10
12.9147596359,80.229309082,31457,31467,10
12.91547966,80.2294311523,31467,31477,10
12.9163799286,80.2295913696,31477,31487,10
12.9172801971,80.2297134399,31487,31497,10
12.9179897308,80.2298431396,31497,31508,11
12.9194402695,80.2299880981,31508,31528,20
12.9194402695,80.2299880981,31528,31538,10
12.919839859,80.2300491333,31538,31548,10
12.9204797745,80.2301330566,31548,31558,10
12.9212999344,80.2302322388,31558,31568,10
12.9223003387,80.2303771973,31568,31578,10
12.9234104156,80.2305374146,31578,31588,10
12.9245500565,80.2306976318,31588,31598,10
12.9256000519,80.2308883667,31598,31607,9
12.9261598587,80.2309494019,31607,31619,12
12.926199913,80.2309494019,31619,31629,10
12.9264097214,80.2309494019,31629,31639,10
12.9269695282,80.231010437,31639,31649,10
12.9277496338,80.2311019897,31649,31659,10
12.9284696579,80.2312011719,31659,31669,10
12.9286804199,80.2312088013,31669,31679,10
12.9289102554,80.2312469482,31679,31689,10
12.9294395447,80.2313766479,31689,31699,10
12.9301795959,80.231590271,31699,31709,10
12.9311599731,80.2319030762,31709,31719,10
12.93227005,80.2322616577,31719,31728,9
12.9331903458,80.2325820923,31728,31740,12
12.9337997437,80.2328414917,31740,31750,10
12.9337997437,80.2328491211,31750,31760,10
12.9338903427,80.2329101563,31760,31770,10
12.9343395233,80.2331237793,31770,31780,10
12.9350204468,80.2334213257,31780,31790,10
12.9355802536,80.2336807251,31790,31800,10
12.935669899,80.2337265015,31800,31810,10
12.9360599518,80.2339096069,31810,31820,10
12.9366903305,80.2342071533,31820,31830,10
12.9374504089,80.2345581055,31830,31840,10
12.938369751,80.2350006104,31840,31850,10
12.9391899109,80.2354202271,31850,31861,11
12.9395103455,80.2355880737,31861,31871,10
12.9396600723,80.2356567383,31871,31881,10
12.9397602081,80.2356872559,31881,31891,10
12.9402799606,80.2358932495,31891,31901,10
12.9410400391,80.2360992432,31901,31911,10
12.9419698715,80.2363128662,31911,31921,10
12.9429397583,80.2366790771,31921,31931,10
12.9435997009,80.2372131348,31931,31941,10
12.9437198639,80.2373733521,31941,31951,10
12.9439897537,80.237701416,31951,31961,10
12.9444999695,80.238243103,31961,31971,10
12.9451704025,80.2389297485,31971,31982,11
12.9462299347,80.2395477295,31982,31992,10
12.947259903,80.2399597168,31992,32012,20
12.947259903,80.2399597168,32012,32022,10
12.9478197098,80.2401733398,32022,32062,40
12.9478197098,80.2401733398,32062,32072,10
12.9478302002,80.2401885986,32072,32082,10
12.9481897354,80.2403488159,32082,32091,9
12.9485702515,80.2405166626,32091,32103,12
12.9491100311,80.2407226563,32103,32113,10
12.9493103027,80.2408370972,32113,32123,10
12.9496898651,80.2409515381,32123,32133,10
12.9502696991,80.2411117554,32133,32143,10
12.9507598877,80.2412490845,32143,32153,10
12.9510402679,80.2413406372,32153,32163,10
12.9510498047,80.2413406372,32163,32173,10
12.951259613,80.2414321899,32173,32183,10
12.9514598846,80.2415084839,32183,32193,10
12.9518604279,80.2416534424,32193,32203,10
12.9525003433,80.2418823242,32203,32214,11
12.9534397125,80.2422485352,32214,32224,10
12.9542798996,80.2425994873,32224,32234,10
12.954990387,80.2428665161,32234,32244,10
12.9558801651,80.2431793213,32244,32284,40
12.9562196732,80.243347168,32284,32314,30
12.9562196732,80.243347168,32314,32324,10
12.9564304352,80.2434234619,32324,32333,9
12.9567899704,80.2435836792,32333,32345,12
12.9576396942,80.2439498901,32345,32355,10
12.9589395523,80.244468689,32355,32375,20
12.9589395523,80.244468689,32375,32385,10
12.9592103958,80.2446136475,32385,32395,10
12.9597797394,80.2448806763,32395,32405,10
12.9606599808,80.2452774048,32405,32415,10
12.9617300034,80.2457885742,32415,32425,10
12.9626998901,80.2462692261,32425,32435,10
12.9631299973,80.2465286255,32435,32526,91
12.9631299973,80.2465286255,32526,32536,10
12.9632501602,80.2467269897,32536,32546,10
12.96352005,80.2468032837,32546,32556,10
12.9639997482,80.246963501,32556,32566,10
12.9647397995,80.2472000122,32566,32577,11
12.9656200409,80.2474975586,32577,32587,10
12.966509819,80.2478485107,32587,32607,20
12.966509819,80.2478485107,32607,32617,10
12.9668598175,80.2480010986,32617,32627,10
12.9674797058,80.248298645,32627,32637,10
12.9685096741,80.2487335205,32637,32647,10
12.9697198868,80.2491912842,32647,32657,10
12.971159935,80.24974823,32657,32667,10
12.9725799561,80.2500915527,32667,32677,10
12.9737596512,80.2503890991,32677,32687,10
12.9742898941,80.2504882813,32687,32698,11
12.9743299484,80.2504882813,32698,32708,10
12.9747600555,80.2506484985,32708,32718,10
12.9755897522,80.2509384155,32718,32728,10
12.9768400192,80.2512817383,32728,32738,10
12.9780302048,80.2519989014,32738,32748,10
12.9791498184,80.2525863647,32748,32758,10
12.9799203873,80.252281189,32758,32778,20
12.9799203873,80.252281189,32778,32788,10
12.9799604416,80.2521133423,32788,32798,10
12.9800701141,80.251739502,32798,32808,10
12.9802799225,80.2510299683,32808,32819,11
12.9806003571,80.2498626709,32819,32829,10
12.9807500839,80.2485427856,32829,32839,10
12.9808597565,80.2472229004,32839,32849,10
12.9809999466,80.2458190918,32849,32859,10
12.9811296463,80.2445983887,32859,32869,10
12.9811697006,80.2438964844,32869,32879,10
12.9812002182,80.2437286377,32879,32889,10
12.9813203812,80.2435073853,32889,32899,10
12.9813203812,80.2430877686,32899,32909,10
12.9813404083,80.2428283691,32909,32919,10
12.9813604355,80.2427825928,32919,32929,10
12.9813499451,80.2423706055,32929,32940,11
12.9813404083,80.2415924072,32940,32950,10
12.9813499451,80.2406616211,32950,32960,10
12.9813404083,80.2398529053,32960,32970,10
12.9813299179,80.2396011353,32970,32980,10
12.981300354,80.2390289307,32980,32990,10
12.9812803268,80.238319397,32990,33000,10
12.9812803268,80.2379379272,33000,33010,10
12.9812803268,80.2377700806,33010,33020,10
12.9812602997,80.2372131348,33020,33030,10
12.9812498093,80.2363815308,33030,33040,10
12.9812097549,80.2355117798,33040,33050,10
12.9811897278,80.2348632813,33050,33061,11
12.9811897278,80.2348327637,33061,33071,10
12.9811897278,80.234588623,33071,33081,10
12.9812097549,80.2343826294,33081,33091,10
12.9812498093,80.2342071533,33091,33101,10
12.9812698364,80.2341384888,33101,33111,10
12.9813299179,80.2340011597,33111,33121,10
12.9813899994,80.2338409424,33121,33131,10
12.9814395905,80.2337417603,33131,33141,10
12.9815502167,80.2335281372,33141,33151,10
12.9816303253,80.2333526611,33151,33161,10
12.9816598892,80.2332992554,33161,33172,11
12.9818096161,80.232963562,33172,33182,10
12.9819698334,80.2324905396,33182,33192,10
12.9819803238,80.232093811,33192,33202,10
12.9819602966,80.231628418,33202,33212,10
12.9819097519,80.2311935425,33212,33222,10
12.9817304611,80.2307128906,33222,33232,10
12.9814195633,80.230178833,33232,33242,10
12.9811697006,80.2297668457,33242,33252,10
12.9810199738,80.2295303345,33252,33262,10
12.9808301926,80.2292175293,33262,33272,10
12.9806699753,80.2289505005,33272,33282,10
12.9806699753,80.2289276123,33282,33293,11
12.9804496765,80.2285385132,33293,33303,10
12.9802598953,80.2281570435,33303,33313,10
12.9798402786,80.2275238037,33313,33323,10
12.9793901443,80.2267608643,33323,33333,10
12.9789304733,80.2259979248,33333,33343,10
12.9784097672,80.225151062,33343,33353,10
12.9781503677,80.2247161865,33353,33363,10
12.9779195786,80.2244491577,33363,33373,10
12.977809906,80.2242889404,33373,33383,10
12.9776496887,80.2239837646,33383,33393,10
12.9773101807,80.223449707,33393,33403,10
12.9770803452,80.2230300903,33403,33414,11
12.9770097733,80.2228317261,33414,33424,10
12.9771699905,80.2227325439,33424,33434,10
12.9772500992,80.2227020264,33434,33444,10
12.9775400162,80.222618103,33444,33454,10
12.9775104523,80.2222137451,33454,33464,10
12.9774799347,80.2216110229,33464,33474,10
12.9774799347,80.2213516235,33474,33484,10
12.9776496887,80.2212295532,33484,33494,10
12.9781904221,80.2211837769,33494,33504,10
12.9789199829,80.2211074829,33504,33514,10
12.9797697067,80.2210617065,33514,33524,10
12.9807300568,80.2209777832,33524,33535,11
12.9814596176,80.2211990356,33535,33545,10
12.9820404053,80.2215805054,33545,33555,10
12.982460022,80.2217788696,33555,33565,10
12.9826498032,80.2218475342,33565,33575,10
12.9828901291,80.2219467163,33575,33585,10
12.9829301834,80.2219772339,33585,33595,10
12.9832601547,80.2221679688,33595,33605,10
12.9836597443,80.2223815918,33605,33615,10
12.9841499329,80.2226715088,33615,33625,10
12.9847002029,80.2229995728,33625,33635,10
12.9853200912,80.2232284546,33635,33645,10
12.9857397079,80.2229766846,33645,33656,11
12.9864797592,80.2229385376,33656,33666,10
12.9865198135,80.2229385376,33666,33676,10
12.9868898392,80.2230072021,33676,33686,10
12.9873399734,80.2230834961,33686,33696,10
12.9879798889,80.22290802,33696,33706,10
12.9885702133,80.2224273682,33706,33716,10
12.9890003204,80.2219696045,33716,33726,10
12.9894800186,80.2214279175,33726,33736,10
12.9899702072,80.2207794189,33736,33746,10
12.9904899597,80.2203521729,33746,33756,10
12.9906196594,80.2202835083,33756,33765,9
12.9910297394,80.2199783325,33765,33777,12
12.9914102554,80.2196426392,33777,33787,10
12.9918203354,80.219329834,33787,33797,10
12.9924297333,80.2188873291,33797,33807,10
12.9930295944,80.2184371948,33807,33817,10
12.993350029,80.2181777954,33817,33837,20
12.993350029,80.2181777954,33837,33847,10
12.9936599731,80.2179489136,33847,33898,51
12.9936599731,80.2179489136,33898,33908,10
12.9940004349,80.217666626,33908,33918,10
12.9943799973,80.2173995972,33918,33938,20
12.9943799973,80.2173995972,33938,33948,10
12.9945297241,80.217338562,33948,33958,10
12.9948396683,80.2171096802,33958,33968,10
12.9952001572,80.2168807983,33968,33978,10
12.9956302643,80.2166900635,33978,33988,10
12.9961004257,80.2165603638,33988,34029,41
12.9961004257,80.2165603638,34029,34039,10
12.9965400696,80.216506958,34039,34049,10
12.997010231,80.2164764404,34049,34059,10
12.9975500107,80.2160873413,34059,34119,60
12.9975500107,80.2160873413,34119,34128,9
12.9978303909,80.2159118652,34128,34140,12
12.9983797073,80.2154464722,34140,34150,10
12.9989700317,80.2149429321,34150,34160,10
12.999250412,80.2146682739,34160,34170,10
12.9996995926,80.2142715454,34170,34180,10
13.0001602173,80.2138595581,34180,34190,10
13.0006599426,80.2133865356,34190,34200,10
13.0011901855,80.2129592896,34200,34210,10
13.0017795563,80.2125320435,34210,34220,10
13.0023698807,80.2122116089,34220,34230,10
13.0027799606,80.2121124268,34230,34240,10
13.0032300949,80.2120666504,34240,34250,10
13.0036201477,80.2119598389,34250,34261,11
13.0036897659,80.2117996216,34261,34271,10
13.0037002563,80.2112197876,34271,34281,10
13.0036296844,80.2104797363,34281,34291,10
13.0035200119,80.2097320557,34291,34301,10
13.0036401749,80.2089614868,34301,34311,10
13.0040998459,80.2086715698,34311,34321,10
13.0049200058,80.2090377808,34321,34331,10
13.0058002472,80.2094192505,34331,34341,10
13.0062303543,80.2095718384,34341,34351,10
13.0067396164,80.2097320557,34351,34361,10
13.0072002411,80.2098083496,34361,34372,11
13.007519722,80.2098617554,34372,34392,20
13.007519722,80.2098617554,34392,34402,10
13.0076503754,80.2098770142,34402,34412,10
13.0080003738,80.2099533081,34412,34422,10
13.0081396103,80.2097320557,34422,34432,10
13.0080499649,80.2093276978,34432,34442,10
13.0079097748,80.2086410522,34442,34452,10
13.0077600479,80.2078018188,34452,34462,10
13.0076503754,80.206993103,34462,34472,10
13.0075302124,80.2061233521,34472,34482,10
13.0074901581,80.2053222656,34482,34493,11
13.0074996948,80.204460144,34493,34503,10
13.0074396133,80.203666687,34503,34513,10
13.0072603226,80.2027587891,34513,34523,10
13.0065803528,80.2027435303,34523,34533,10
13.0067901611,80.2033615112,34533,34543,10
13.0074396133,80.2036590576,34543,34553,10
13.0082902908,80.2037277222,34553,34563,10
13.0093202591,80.2036437988,34563,34573,10
13.0104198456,80.2035980225,34573,34583,10
13.0115404129,80.2037124634,34583,34593,10
13.0126199722,80.203918457,34593,34603,10
13.0133399963,80.2041015625,34603,34614,11
13.0136299133,80.2041397095,34614,34624,10
13.013710022,80.2042694092,34624,34634,10
13.0136995316,80.204460144,34634,34644,10
13.0136098862,80.2046966553,34644,34654,10
13.0135602951,80.2048492432,34654,34664,10
13.0134000778,80.2053604126,34664,34674,10
13.0131902695,80.2060317993,34674,34684,10
13.0130996704,80.2067871094,34684,34694,10
13.0130500793,80.2075119019,34694,34704,10
13.0128698349,80.2080993652,34704,34723,19
13.0128698349,80.2080993652,34723,34735,12
13.0128602982,80.2084884644,34735,34745,10
13.0129203796,80.2088699341,34745,34755,10
13.0130796432,80.2093276978,34755,34765,10
13.0132102966,80.2095565796,34765,34775,10
13.0131998062,80.209777832,34775,34785,10
13.0132198334,80.2101516724,34785,34795,10
13.0131397247,80.2107315063,34795,34805,10
13.0129499435,80.2113265991,34805,34815,10
13.0125999451,80.2119064331,34815,34825,10
13.0122003555,80.2124862671,34825,34835,10
13.0120601654,80.212677002,34835,34845,10
13.0119304657,80.2127609253,34845,34856,11
13.0116100311,80.2125473022,34856,34866,10
13.011059761,80.2121810913,34866,34876,10
13.010310173,80.2116928101,34876,35644,768
13.010310173,80.2116928101,35644,35654,10
13.0099096298,80.2113494873,35654,35715,61
13.0095996857,80.2111129761,35715,35805,90
13.00922966,80.21118927,35805,35846,41
13.00922966,80.21118927,35846,35856,10
13.0090503693,80.2115478516,35856,35866,10
13.0090503693,80.2115631104,35866,35876,10
13.0090799332,80.2118225098,35876,35886,10
13.0091495514,80.2120437622,35886,35896,10
13.0092201233,80.2122497559,35896,35906,10
13.0093202591,80.2125930786,35906,35916,10
13.0094804764,80.2130279541,35916,35925,9
13.0096797943,80.2135314941,35925,35937,12
13.0099897385,80.2142791748,35937,35947,10
13.0101604462,80.2149276733,35947,35957,10
13.0102596283,80.2156524658,35957,35967,10
13.0105495453,80.2163467407,35967,35977,10
13.0108995438,80.2171096802,35977,35987,10
13.0111999512,80.2177886963,35987,35997,10
13.0114803314,80.2185516357,35997,36007,10
13.0118103027,80.2195281982,36007,36017,10
13.0121498108,80.2205581665,36017,36027,10
13.0123701096,80.2211914063,36027,36037,10
13.0124597549,80.221496582,36037,36046,9
13.0126800537,80.2218780518,36046,36058,12
13.0130796432,80.2223434448,36058,36068,10
13.0135202408,80.2228012085,36068,36078,10
13.0139598846,80.2233505249,36078,36088,10
13.0141496658,80.2235717773,36088,36098,10
13.0144395828,80.223991394,36098,36108,10
13.0148601532,80.2244033813,36108,36118,10
13.0150995255,80.2246780396,36118,36128,10
13.0153503418,80.2249908447,36128,36138,10
13.0153598785,80.2249984741,36138,36148,10
13.0154104233,80.2254562378,36148,36158,10
13.0151796341,80.2257995605,36158,36168,10
13.0147399902,80.2260131836,36168,36179,11
13.0141401291,80.2262496948,36179,36189,10
13.013420105,80.2265319824,36189,36199,10
13.0126199722,80.2268218994,36199,36209,10
13.0119800568,80.2270812988,36209,36219,10
13.0114202499,80.2273330688,36219,36409,190
13.0114202499,80.2273330688,36409,36421,12
13.0115203857,80.227142334,36421,36451,30
13.0115098953,80.2270126343,36451,36471,20
13.0115299225,80.2272109985,36471,36481,10
13.0113296509,80.2276992798,36481,36491,10
13.0115299225,80.2272109985,36491,36663,172
13.0112600327,80.2273330688,36663,36915,252
13.0112600327,80.2273330688,36915,36925,10
13.0110797882,80.2274475098,36925,36935,10
13.0107603073,80.2275390625,36935,36945,10
13.0103902817,80.2277297974,36945,36955,10
13.0097799301,80.2277832031,36955,36965,10
13.0094804764,80.2276077271,36965,36975,10
13.0096302032,80.2272262573,36975,36985,10
13.009759903,80.2266387939,36985,36995,10
13.0100603104,80.22605896,36995,37005,10
13.0105800629,80.2251968384,37005,37015,10
13.0108203888,80.2244567871,37015,37026,11
13.0110998154,80.2235870361,37026,37036,10
13.0122003555,80.2222366333,37036,37046,10
13.0105800629,80.222618103,37046,37056,10
13.0098199844,80.2223968506,37056,37066,10
13.0090904236,80.2220230103,37066,37076,10
13.0085802078,80.2218093872,37076,37086,10
13.0079298019,80.2213668823,37086,37096,10
13.0071697235,80.2209777832,37096,37106,10
13.006360054,80.2206497192,37106,37116,10
13.0055398941,80.2204666138,37116,37126,10
13.0048398972,80.2203063965,37126,37136,10
13.004529953,80.2202224731,37136,37147,11
13.0039997101,80.2200927734,37147,37157,10
13.0033903122,80.2199707031,37157,37167,10
13.0026798248,80.2196578979,37167,37177,10
13.002120018,80.2192001343,37177,37187,10
13.0014400482,80.2185516357,37187,37197,10
13.0008802414,80.218170166,37197,37207,10
13.0003700256,80.2177963257,37207,37217,10
12.9996204376,80.2173919678,37217,37227,10
12.9988203049,80.2169418335,37227,37237,10
12.9980401993,80.2166290283,37237,37247,10
12.997469902,80.2165679932,37247,37257,10
12.9974498749,80.2165603638,37257,37268,11
12.9971199036,80.2165603638,37268,37278,10
12.9966697693,80.216583252,37278,37288,10
12.9960002899,80.2167205811,37288,37298,10
12.9951601028,80.2170181274,37298,37308,10
12.9947099686,80.2173309326,37308,37318,10
12.9941301346,80.2177505493,37318,37328,10
12.9937200546,80.2180175781,37328,37338,10
12.9930095673,80.2184677124,37338,37348,10
12.9921798706,80.2190475464,37348,37358,10
12.9914798737,80.219581604,37358,37368,10
12.9909296036,80.2200164795,37368,37379,11
12.9907503128,80.2201919556,37379,37389,10
12.9906597137,80.2202911377,37389,37399,10
12.9902601242,80.2205886841,37399,37409,10
12.9897203445,80.2211227417,37409,37419,10
12.9891700745,80.2217788696,37419,37429,10
12.9886302948,80.2224121094,37429,37439,10
12.9880599976,80.2229003906,37439,37449,10
12.9876804352,80.2230606079,37449,37459,10
12.9874000549,80.2230834961,37459,37469,10
12.9871797562,80.2230606079,37469,37500,31
12.9871797562,80.2230606079,37500,37510,10
12.9866304398,80.2229919434,37510,37520,10
12.9858503342,80.2229690552,37520,37530,10
12.985449791,80.2232666016,37530,37540,10
12.984869957,80.2231216431,37540,37550,10
12.9841995239,80.2227401733,37550,37560,10
12.9836597443,80.2224578857,37560,37570,10
12.9832496643,80.2222900391,37570,37590,20
12.9832496643,80.2222900391,37590,37600,10
12.9829902649,80.222076416,37600,37609,9
12.9826002121,80.2219085693,37609,37621,12
12.9820299149,80.2217407227,37621,37631,10
12.9813203812,80.2213973999,37631,37641,10
12.9804801941,80.2211303711,37641,37651,10
12.9800796509,80.2211227417,37651,37661,10
12.9797801971,80.2211303711,37661,37671,10
12.9792098999,80.2211532593,37671,37681,10
12.9785900116,80.2211608887,37681,37691,10
12.9778499603,80.2211837769,37691,37701,10
12.9774703979,80.2212371826,37701,37711,10
12.976940155,80.2212524414,37711,37721,10
12.9764699936,80.221282959,37721,37731,10
12.9761800766,80.2214126587,37731,37742,11
12.9764299393,80.2218322754,37742,37762,20
12.9764299393,80.2218322754,37762,37772,10
12.9765300751,80.2221374512,37772,37782,10
12.9768199921,80.2226028442,37782,37792,10
12.9771699905,80.2231674194,37792,37802,10
12.9776296616,80.2239074707,37802,37812,10
12.9780797958,80.2246398926,37812,37822,10
12.9785003662,80.2252807617,37822,37832,10
12.9785995483,80.2254486084,37832,37842,10
12.9788503647,80.2258834839,37842,37852,10
12.9791898727,80.2264785767,37852,37863,11
12.9796104431,80.2271728516,37863,37873,10
12.9799900055,80.2277908325,37873,37883,10
12.9803695679,80.2284164429,37883,37893,10
12.9807596207,80.2290725708,37893,37903,10
12.9810695648,80.2295684814,37903,37913,10
12.9814901352,80.2302017212,37913,37923,10
12.9816598892,80.2304763794,37923,37933,10
12.9816799164,80.2305526733,37933,37943,10
12.9818496704,80.2309417725,37943,37953,10
12.9820203781,80.2316207886,37953,37963,10
12.9820699692,80.2321014404,37963,38004,41
12.9820699692,80.2321014404,38004,38014,10
12.9820404053,80.2323989868,38014,38024,10
12.9819602966,80.2327804565,38024,38034,10
12.9818601608,80.2330322266,38034,38044,10
12.9818000793,80.2331466675,38044,38054,10
12.9816904068,80.2333526611,38054,38064,10
12.9816102982,80.233543396,38064,38074,10
12.9815502167,80.2336502075,38074,38084,10
12.9813804626,80.2339782715,38084,38094,10
12.9812202454,80.2346801758,38094,38105,11
12.9812402725,80.235710144,38105,38115,10
12.9812698364,80.2366027832,38115,38125,10
12.981300354,80.2375183105,38125,38135,10
12.9813098907,80.2380218506,38135,38145,10
12.9813404083,80.2385787964,38145,38155,10
12.9813404083,80.2387237549,38155,38165,10
12.9813499451,80.2390975952,38165,38175,10
12.9813699722,80.2395095825,38175,38185,10
12.9813699722,80.239616394,38185,38195,10
12.9813804626,80.2399291992,38195,38205,10
12.9813995361,80.2405166626,38205,38215,10
12.9814100266,80.2412796021,38215,38226,11
12.9814195633,80.242149353,38226,38236,10
12.9814500809,80.2425384521,38236,38246,10
12.9814500809,80.2426528931,38246,38256,10
12.9814395905,80.2427368164,38256,38266,10
12.9814500809,80.243057251,38266,38276,10
12.9814100266,80.2437133789,38276,38286,10
12.9812898636,80.2445831299,38286,38296,10
12.9811496735,80.2456665039,38296,38306,10
12.981010437,80.2468338013,38306,38316,10
12.9809103012,80.2479934692,38316,38326,10
12.980799675,80.249168396,38326,38336,10
12.9806003571,80.2502975464,38336,38347,11
12.9802598953,80.2515487671,38347,38357,10
12.9800701141,80.2521972656,38357,38367,10
12.9799203873,80.2525634766,38367,38377,10
12.9795703888,80.252746582,38377,38387,10
12.9788503647,80.2526702881,38387,38397,10
12.9786195755,80.2526016235,38397,38407,10
12.9785003662,80.2525405884,38407,38417,10
12.9779996872,80.2521591187,38417,38427,10
12.9772500992,80.2515487671,38427,38437,10
12.9761896133,80.2511825562,38437,38447,10
12.9750699997,80.2508468628,38447,38457,10
12.9739198685,80.2505264282,38457,38468,11
12.9727497101,80.2502365112,38468,38478,10
12.9725399017,80.2501831055,38478,38488,10
12.9723997116,80.2501068115,38488,38498,10
12.9717903137,80.2499389648,38498,38508,10
12.9708995819,80.2496871948,38508,38518,10
12.9698495865,80.2493209839,38518,38528,10
12.9690198898,80.2490081787,38528,38538,10
12.9688396454,80.2489471436,38538,38548,10
12.9686803818,80.2489013672,38548,38609,61
12.9683704376,80.2487030029,38609,38629,20
12.9682502747,80.2487106323,38629,38699,70
12.9682502747,80.2487106323,38699,38710,11
12.9680500031,80.2485275269,38710,38730,20
12.9680500031,80.2485275269,38730,38740,10
12.968000412,80.2485580444,38740,38750,10
12.96778965,80.2484893799,38750,38760,10
12.9676904678,80.2484512329,38760,38770,10
12.9676103592,80.2484283447,38770,38780,10
12.9674301147,80.2483596802,38780,38810,30
12.9674301147,80.2483596802,38810,38820,10
12.9671697617,80.2481994629,38820,38831,11
12.9669704437,80.2481231689,38831,38942,111
12.9666404724,80.2479400635,38942,38992,50
12.9666404724,80.2479400635,38992,39002,10
12.966219902,80.2477874756,39002,39012,10
12.9660596848,80.247718811,39012,39022,10
12.9657897949,80.2476272583,39022,39032,10
12.9656600952,80.2476119995,39032,39042,10
12.9652700424,80.247467041,39042,39052,10
12.964969635,80.2473602295,39052,39062,10
12.9648199081,80.2472991943,39062,39073,11
12.9647197723,80.2472686768,39073,39083,10
12.9645395279,80.2471923828,39083,39093,10
12.9642295837,80.2470779419,39093,39103,10
12.9639396667,80.2469711304,39103,39113,10
12.9635295868,80.2468185425,39113,39123,10
12.962849617,80.2464370728,39123,39133,10
12.9620704651,80.2460403442,39133,39143,10
12.9612998962,80.2456817627,39143,39153,10
12.9605302811,80.2453231812,39153,39163,10
12.9598398209,80.2450408936,39163,39173,10
12.9596500397,80.2449493408,39173,39184,11
12.9593296051,80.2448120117,39184,39194,10
12.9588003159,80.2445678711,39194,39204,10
12.9580898285,80.2442626953,39204,39214,10
12.9575796127,80.2440719604,39214,39224,10
12.9568300247,80.2438583374,39224,39254,30
12.9568300247,80.2438583374,39254,39264,10
12.9565401077,80.2437591553,39264,39294,30
12.9565401077,80.2437591553,39294,39305,11
12.9561700821,80.243637085,39305,39315,10
12.9555997849,80.2433013916,39315,39325,10
12.9548397064,80.2429275513,39325,39335,10
12.9539804459,80.2425765991,39335,39345,10
12.9530801773,80.2421569824,39345,39355,10
12.9520397186,80.2417678833,39355,39365,10
12.9511203766,80.2414474487,39365,39375,10
12.9501495361,80.2411422729,39375,39385,10
12.9491100311,80.240852356,39385,39415,30
12.9491100311,80.240852356,39415,39426,11
12.9487400055,80.2406921387,39426,39436,10
12.9480600357,80.2404174805,39436,39446,10
12.9473400116,80.2401275635,39446,39456,10
12.9472198486,80.2400665283,39456,39466,10
12.9468603134,80.239906311,39466,39476,10
12.9461402893,80.239616394,39476,39486,10
12.9452600479,80.2391891479,39486,39496,10
12.9445104599,80.2384185791,39496,39506,10
12.9437103271,80.2375030518,39506,39516,10
12.9432697296,80.2370529175,39516,39526,10
12.9430799484,80.2368774414,39526,39536,10
12.9424600601,80.2365493774,39536,39547,11
12.9413499832,80.2362365723,39547,39557,10
12.9402704239,80.2359619141,39557,39567,10
12.9397497177,80.2357788086,39567,39577,10
12.9395999908,80.235710144,39577,39587,10
12.9390201569,80.2354278564,39587,39597,10
12.9381999969,80.2350082397,39597,39607,10
12.9372301102,80.2345123291,39607,39617,10
12.9362802505,80.2340698242,39617,39627,10
12.9359798431,80.2339477539,39627,39637,10
12.9359502792,80.2339324951,39637,39647,10
12.9355897903,80.2337722778,39647,39657,10
12.9348697662,80.2334365845,39657,39668,11
12.9338798523,80.233001709,39668,39678,10
12.9337596893,80.2329330444,39678,39688,10
12.9333496094,80.2327423096,39688,39698,10
12.9326095581,80.232460022,39698,39708,10
12.9317302704,80.232170105,39708,39718,10
12.930680275,80.2318267822,39718,39728,10
12.9290895462,80.2314605713,39728,39748,20
12.9290895462,80.2314605713,39748,39758,10
12.9289503098,80.2314071655,39758,39768,10
12.9283895493,80.2313079834,39768,39778,10
12.9274997711,80.2311782837,39778,39789,11
12.9264297485,80.2310562134,39789,39799,10
12.9260597229,80.2310333252,39799,39809,10
12.9259395599,80.2310409546,39809,39819,10
12.9254302979,80.23097229,39819,39829,10
12.9246501923,80.2308731079,39829,39839,10
12.9236898422,80.2307434082,39839,39849,10
12.922659874,80.2305908203,39849,39859,10
12.921620369,80.2304229736,39859,39869,10
12.9207201004,80.2303009033,39869,39879,10
12.9199104309,80.23021698,39879,39889,10
12.9193496704,80.2301635742,39889,39899,10
12.919210434,80.230140686,39899,39910,11
12.9185695648,80.2300262451,39910,39920,10
12.9177398682,80.229927063,39920,39930,10
12.9166202545,80.2297821045,39930,39940,10
12.9154701233,80.2296218872,39940,39950,10
12.9143104553,80.2294464111,39950,39960,10
12.9134101868,80.2293395996,39960,39970,10
12.9133300781,80.2293319702,39970,39980,10
12.9130897522,80.2292785645,39980,39990,10
12.9124202728,80.2291564941,39990,40000,10
12.9114198685,80.2290115356,40000,40010,10
12.9102697372,80.2288513184,40010,40020,10
12.9090900421,80.2286911011,40020,40031,11
12.907790184,80.2284927368,40031,40041,10
12.9068803787,80.2283706665,40041,40131,90
12.9068803787,80.2283706665,40131,40140,9
12.9067201614,80.2283172607,40140,40152,12
12.9062004089,80.2282562256,40152,40162,10
12.9054498672,80.2282485962,40162,40172,10
12.9043798447,80.2282104492,40172,40182,10
12.9033098221,80.2281494141,40182,40192,10
12.9022598267,80.2280883789,40192,40202,10
12.9015398026,80.2280731201,40202,40222,20
12.9015398026,80.2280731201,40222,40232,10
12.901309967,80.2280502319,40232,40242,10
12.9008598328,80.2280197144,40242,40252,10
12.9003000259,80.2279586792,40252,40261,9
12.8992300034,80.2279510498,40261,40283,22
12.8992300034,80.2279510498,40283,40293,10
12.8989601135,80.2279434204,40293,40303,10
12.8984098434,80.227897644,40303,40313,10
12.8975400925,80.2278366089,40313,40323,10
12.8965396881,80.2277908325,40323,40333,10
12.8954200745,80.2277374268,40333,40343,10
12.8943500519,80.2276916504,40343,40353,10
12.8932800293,80.2276000977,40353,40363,10
12.8931398392,80.2275772095,40363,40373,10
12.8927602768,80.2275238037,40373,40383,10
12.8926401138,80.2275085449,40383,40394,11
12.89220047,80.2274627686,40394,40404,10
12.8914403915,80.2274169922,40404,40414,10
12.89041996,80.2274169922,40414,40424,10
12.8892602921,80.2274169922,40424,40434,10
12.8880796432,80.2273712158,40434,40444,10
12.886879921,80.2272033691,40444,40454,10
12.8857097626,80.2268981934,40454,40464,10
12.8849096298,80.2267837524,40464,40474,10
12.8847703934,80.2267608643,40474,40484,10
12.8844604492,80.2267608643,40484,40494,10
12.8837203979,80.2267532349,40494,40504,10
12.8826599121,80.2267532349,40504,40515,11
12.881360054,80.2267532349,40515,40525,10
12.8801403046,80.2267532349,40525,40535,10
12.8788995743,80.2267913818,40535,40545,10
12.8777799606,80.2268829346,40545,40555,10
12.8770399094,80.2269287109,40555,40565,10
12.8767795563,80.2269592285,40565,40595,30
12.8767795563,80.2269592285,40595,40605,10
12.8765001297,80.2269592285,40605,40646,41
12.8765001297,80.2269592285,40646,40656,10
12.8764200211,80.2268600464,40656,40666,10
12.8764095306,80.2266464233,40666,40676,10
12.8764400482,80.2264022827,40676,40686,10
12.8765201569,80.2256698608,40686,40696,10
12.8766403198,80.2246017456,40696,40706,10
12.8768501282,80.2234115601,40706,40716,10
12.8771400452,80.2221832275,40716,40726,10
12.8774204254,80.2209091187,40726,40736,10
12.8776903152,80.2197113037,40736,40746,10
12.8779602051,80.218536377,40746,40757,11
12.8782396317,80.2172012329,40757,40767,10
12.8784704208,80.2160720825,40767,40777,10
12.8787002563,80.2149887085,40777,40787,10
12.8789300919,80.2137908936,40787,40797,10
12.8791599274,80.212562561,40797,40807,10
12.8793802261,80.2113571167,40807,40817,10
12.8791999817,80.2109909058,40817,40847,30
12.8791999817,80.2109909058,40847,40857,10
12.878950119,80.2109680176,40857,40867,10
12.8787202835,80.2109222412,40867,40878,11
12.8784599304,80.2108612061,40878,40888,10
12.8778295517,80.2107391357,40888,40898,10
12.8768501282,80.2105636597,40898,40918,20
12.8768501282,80.2105636597,40918,40928,10
12.876540184,80.2104873657,40928,40938,10
12.8759298325,80.2103805542,40938,40948,10
12.8749704361,80.2101821899,40948,41392,444
12.8749704361,80.2101821899,41392,41402,10
12.8748598099,80.2101669312,41402,41412,10
12.8743896484,80.2100524902,41412,41422,10
12.8745002747,80.2095794678,41422,41432,10
12.8746900558,80.2099380493,41432,41533,101
12.8746900558,80.2099380493,41533,41543,10
12.8747396469,80.2101135254,41543,41553,10
12.8750801086,80.2101898193,41553,41563,10
12.8754997253,80.2102584839,41563,41573,10
12.8762397766,80.2104187012,41573,41583,10
12.8771800995,80.210609436,41583,41593,10
12.8781604767,80.2108001709,41593,41603,10
12.8791399002,80.2109603882,41603,41624,21
12.8791399002,80.2109603882,41624,41634,10
12.8793802261,80.2110671997,41634,41644,10
12.8793802261,80.2115783691,41644,41654,10
12.8792200089,80.2124176025,41654,41664,10
12.8790502548,80.2133789063,41664,41674,10
12.8788404465,80.2145080566,41674,41684,10
12.8785896301,80.2156829834,41684,41694,10
12.8783397675,80.2168807983,41694,41704,10
12.8781003952,80.2181015015,41704,41714,10
12.8778095245,80.2193984985,41714,41724,10
12.8775100708,80.2206878662,41724,41735,11
12.8771800995,80.2220993042,41735,41745,10
12.8768796921,80.2234191895,41745,41755,10
12.8767004013,80.224571228,41755,41765,10
12.8766803741,80.2247390747,41765,41775,10
12.8766202927,80.2253036499,41775,41785,10
12.8765001297,80.2261505127,41785,41795,10
12.876449585,80.2267227173,41795,41805,10
12.876449585,80.2268066406,41805,41815,10
12.8766803741,80.2268981934,41815,41825,10
12.8773202896,80.2268371582,41825,41835,10
12.8782901764,80.2267837524,41835,41845,10
12.8795404434,80.2267074585,41845,41856,11
12.8811702728,80.2266769409,41856,41866,10
12.8827400208,80.2266616821,41866,41876,10
12.8842000961,80.2266387939,41876,41886,10
12.8852901459,80.2266464233,41886,41896,10
12.8853998184,80.2266693115,41896,41906,10
12.8859395981,80.2268066406,41906,41916,10
12.8868103027,80.2270278931,41916,41926,10
12.8879203796,80.2272186279,41926,41936,10
12.8886203766,80.2272720337,41936,41946,10
12.888759613,80.2272796631,41946,41956,10
12.889380455,80.2272872925,41956,41966,10
12.8903198242,80.2272796631,41966,41977,11
12.8915996552,80.2272872925,41977,41987,10
12.8926095963,80.2273483276,41987,41997,10
12.8936300278,80.2274703979,41997,42007,10
12.8941001892,80.2274932861,42007,42017,10
12.8944301605,80.2275390625,42017,42027,10
12.8952302933,80.2275924683,42027,42037,10
12.896320343,80.2276306152,42037,42047,10
12.8975000381,80.2276687622,42047,42057,10
12.8984804153,80.227722168,42057,42067,10
12.8989295959,80.2277526855,42067,42077,10
12.8993701935,80.2277908325,42077,42087,10
12.8998098373,80.2277984619,42087,42098,11
12.9001903534,80.2278366089,42098,42108,10
12.9006795883,80.2278289795,42108,42207,99
12.9008903503,80.227897644,42207,42229,22
12.9008903503,80.227897644,42229,42239,10
12.9009504318,80.2278671265,42239,42249,10
12.9013700485,80.2279129028,42249,42259,10
12.9020204544,80.227897644,42259,42269,10
12.9026699066,80.2279281616,42269,42279,10
12.9027204514,80.2279434204,42279,42289,10
12.9032001495,80.2279815674,42289,42299,10
12.904009819,80.2280197144,42299,42309,10
12.9049396515,80.2280807495,42309,42319,10
12.9053497314,80.2280578613,42319,42329,10
12.9055595398,80.2280807495,42329,42340,11
12.9060401917,80.2281417847,42340,42350,10
12.9063196182,80.228187561,42350,42360,10
12.9064798355,80.2282028198,42360,42370,10
12.9067897797,80.2282409668,42370,42380,10
12.9072799683,80.2282714844,42380,42390,10
12.9074401855,80.228302002,42390,42400,10
12.908080101,80.2284011841,42400,42410,10
12.9090995789,80.2285614014,42410,42420,10
12.9102296829,80.2287597656,42420,42430,10
12.9111204147,80.2287979126,42430,42440,10
12.9120502472,80.2288284302,42440,42450,10
12.9129104614,80.2290420532,42450,42461,11
12.913860321,80.2292098999,42461,42471,10
12.9147100449,80.2293014526,42471,42481,10
12.9156198502,80.2294616699,42481,42491,10
12.916560173,80.229637146,42491,42501,10
12.9175195694,80.2297973633,42501,42511,10
12.9185400009,80.2299499512,42511,42521,10
12.9195699692,80.2300567627,42521,42531,10
12.9206104279,80.2302017212,42531,42541,10
12.9216098785,80.2303390503,42541,42551,10
12.9226303101,80.2304763794,42551,42561,10
12.9236602783,80.2306213379,42561,42570,9
12.9245595932,80.2307281494,42570,42582,12
12.9255304337,80.2308883667,42582,42592,10
12.9263095856,80.23097229,42592,42602,10
12.9265804291,80.2309875488,42602,42612,10
12.9272403717,80.2310714722,42612,42622,10
12.9281396866,80.2311706543,42622,42632,10
12.928730011,80.2312469482,42632,42642,10
12.9292697906,80.2313613892,42642,42652,10
12.9300899506,80.231552124,42652,42662,10
12.931139946,80.231842041,42662,42672,10
12.9322595596,80.2321777344,42672,42682,10
12.9333400726,80.2325592041,42682,42692,10
12.9336004257,80.2326889038,42692,42703,11
12.9337797165,80.2328109741,42703,42713,10
12.934419632,80.2331085205,42713,42723,10
12.9353103638,80.2334594727,42723,42733,10
12.9363298416,80.2339935303,42733,42743,10
12.9374504089,80.2345428467,42743,42753,10
12.9387302399,80.2351531982,42753,42763,10
12.9395799637,80.2353973389,42763,42773,10
12.939789772,80.2355728149,42773,42783,10
12.9401197433,80.2357635498,42783,42793,10
12.9408998489,80.2360229492,42793,42803,10
12.942029953,80.2363128662,42803,42813,10
12.9432201385,80.2368774414,42813,42824,11
12.9442195892,80.2379379272,42824,42834,10
12.9451503754,80.2389602661,42834,42844,10
12.9462299347,80.2395172119,42844,42854,10
12.9472503662,80.2399673462,42854,42864,10
12.9481201172,80.2403030396,42864,42874,10
12.9485797882,80.2404403687,42874,42904,30
12.9485797882,80.2404403687,42904,42914,10
12.9488096237,80.2405319214,42914,42924,10
12.949379921,80.2407913208,42924,42934,10
12.9501399994,80.2410430908,42934,42945,11
12.9509000778,80.2412796021,42945,42955,10
12.9510402679,80.2413406372,42955,42965,10
12.951210022,80.2414627075,42965,42975,10
12.9514904022,80.2415390015,42975,42985,10
12.9519395828,80.2416763306,42985,42995,10
12.9526395798,80.2419433594,42995,43005,10
12.953499794,80.2422714233,43005,43015,10
12.9544095993,80.2426223755,43015,43025,10
12.9549798965,80.2428436279,43025,43035,10
12.9556398392,80.2430877686,43035,43045,10
12.9562702179,80.2432632446,43045,43066,21
12.9562702179,80.2432632446,43066,43076,10
12.9565401077,80.2433319092,43076,43086,10
12.9571800232,80.2436294556,43086,43096,10
12.9580001831,80.2440185547,43096,43106,10
12.9589996338,80.2444992065,43106,43116,10
12.9595298767,80.2447509766,43116,43126,10
12.9599599838,80.2449569702,43126,43136,10
12.9608001709,80.2453384399,43136,43146,10
12.9618196487,80.24584198,43146,43156,10
12.9626703262,80.2462615967,43156,43166,10
12.9632301331,80.2465820313,43166,43176,10
12.9637002945,80.2467498779,43176,43187,11
12.9644403458,80.2470703125,43187,43197,10
12.9654302597,80.2473602295,43197,43207,10
12.9663000107,80.2477416992,43207,43217,10
12.9668998718,80.2480392456,43217,43227,10
12.9674901962,80.2482299805,43227,43237,10
12.9683103561,80.248550415,43237,43247,10
12.9695301056,80.2489471436,43247,43257,10
12.9706802368,80.2494277954,43257,43267,10
12.9718799591,80.2498321533,43267,43277,10
12.9728097916,80.2500991821,43277,43287,10
12.9737901688,80.2503662109,43287,43297,10
12.9748697281,80.2506866455,43297,43308,11
12.9763298035,80.2510986328,43308,43318,10
12.9776601791,80.2516174316,43318,43328,10
12.9787597656,80.2524108887,43328,43338,10
12.9799804688,80.252281189,43338,43358,20
12.9799804688,80.252281189,43358,43368,10
12.9800300598,80.2519683838,43368,43378,10
12.9802103043,80.2513198853,43378,43388,10
12.9804697037,80.2503662109,43388,43398,10
12.9806995392,80.2491989136,43398,43408,10
12.9807796478,80.2478866577,43408,43418,10
12.980919838,80.2464675903,43418,43429,11
12.981089592,80.2448501587,43429,43439,10
12.981180191,80.243812561,43439,43449,10
12.9813098907,80.2434997559,43449,43459,10
12.9813299179,80.2428131104,43459,43479,20
12.9813299179,80.2428131104,43479,43489,10
12.9813699722,80.2426071167,43489,43499,10
12.9813499451,80.2421722412,43499,43509,10
12.9813604355,80.2413864136,43509,43519,10
12.9813499451,80.2403717041,43519,43529,10
12.9813299179,80.2392883301,43529,43539,10
12.981300354,80.238243103,43539,43550,11
12.9812803268,80.2379608154,43550,43560,10
12.9812698364,80.2376022339,43560,43570,10
12.9812498093,80.2368164063,43570,43580,10
12.9812202454,80.2358398438,43580,43590,10
12.9812002182,80.234916687,43590,43600,10
12.9813604355,80.2339096069,43600,43610,10
12.9816102982,80.2333908081,43610,43620,10
12.9816503525,80.2333221436,43620,43630,10
12.9816799164,80.2332382202,43630,43640,10
12.9818401337,80.2328262329,43640,43650,10
12.9819698334,80.232208252,43650,43660,10
12.9819698334,80.2317810059,43660,43671,11
12.9819202423,80.2312774658,43671,43681,10
12.9816999435,80.2308883667,43681,43691,10
12.9813699722,80.2303619385,43691,43701,10
12.980919838,80.2296524048,43701,43711,10
12.9807500839,80.2292709351,43711,43721,10
12.9805898666,80.229019165,43721,43731,10
12.9804897308,80.2288665771,43731,43741,10
12.9802904129,80.2284164429,43741,43751,10
12.9799404144,80.2278137207,43751,43761,10
12.9794797897,80.2270584106,43761,43770,9
12.9790401459,80.2262878418,43770,43781,11
12.9784498215,80.2253494263,43781,43792,11
12.9781198502,80.2248382568,43792,43802,10
12.9779500961,80.224647522,43802,43812,10
12.977689743,80.2241973877,43812,43822,10
12.9773597717,80.2236633301,43822,43832,10
12.9769601822,80.2229614258,43832,43842,10
12.9770898819,80.2228012085,43842,43852,10
12.9771604538,80.2227783203,43852,43861,9
12.9774599075,80.2226867676,43861,43872,11
12.9775104523,80.2222290039,43872,43882,10
12.9774599075,80.2215576172,43882,43892,10
12.9775600433,80.2212677002,43892,43903,11
12.978099823,80.2212219238,43903,43913,10
12.9788999557,80.2211532593,43913,43923,10
12.9796800613,80.2210998535,43923,43933,10
12.9802999496,80.221031189,43933,43943,10
12.9810304642,80.2210464478,43943,43953,10
12.9816799164,80.2213363647,43953,43963,10
12.9820203781,80.2215805054,43963,43973,10
12.9828395844,80.2218780518,43973,44003,30
12.9828395844,80.2218780518,44003,44013,10
12.9832201004,80.2221221924,44013,44024,11
12.983300209,80.2221679688,44024,44034,10
12.983420372,80.2222366333,44034,44044,10
12.9835700989,80.2223587036,44044,44054,10
12.9837903976,80.2224807739,44054,44064,10
12.9841299057,80.2227172852,44064,44074,10
12.9846000671,80.2229995728,44074,44084,10
12.985159874,80.2232437134,44084,44094,10
12.9855604172,80.2230606079,44094,44104,10
12.9863395691,80.2229614258,44104,44124,20
12.9863395691,80.2229614258,44124,44134,10
12.9865999222,80.2229919434,44134,44145,11
12.9869499207,80.2230377197,44145,44155,10
12.9873600006,80.2230834961,44155,44165,10
12.9879798889,80.2229003906,44165,44175,10
12.9886198044,80.2223815918,44175,44185,10
12.9890499115,80.2218704224,44185,44195,10
12.9893598557,80.2214736938,44195,44205,10
12.9897203445,80.2209396362,44205,44215,10
12.9902801514,80.2204208374,44215,44225,10
12.9903202057,80.2203979492,44225,44235,10
12.990650177,80.2201766968,44235,44245,10
12.991060257,80.219871521,44245,44255,10
12.9913396835,80.2196273804,44255,44266,11
12.9917697906,80.2193527222,44266,44276,10
12.9922599792,80.21900177,44276,44286,10
12.992890358,80.2185516357,44286,44296,10
12.9935598373,80.2180328369,44296,44306,10
12.9941596985,80.217628479,44306,44316,10
12.9948396683,80.2171630859,44316,44326,10
12.9954500198,80.2167892456,44326,44336,10
12.9962501526,80.2165603638,44336,44346,10
12.9970903397,80.2164611816,44346,44356,10
12.9974803925,80.2161636353,44356,44366,10
12.9975299835,80.2161178589,44366,44375,9
12.9976797104,80.2159881592,44375,44387,12
12.9980602264,80.215637207,44387,44397,10
12.9985103607,80.2152481079,44397,44407,10
12.99903965,80.2148132324,44407,44417,10
12.9993200302,80.2145614624,44417,44427,10
12.9997596741,80.2141799927,44427,44437,10
13.0002002716,80.2137832642,44437,44447,10
13.0007295609,80.2133026123,44447,44457,10
13.0013103485,80.2128677368,44457,44467,10
13.0019702911,80.2123794556,44467,44477,10
13.0026102066,80.2121276855,44477,44487,10
13.0033302307,80.212059021,44487,44538,51
13.0033302307,80.212059021,44538,44548,10
13.0037002563,80.2116928101,44548,44558,10
13.0036802292,80.2111968994,44558,44568,10
13.0036201477,80.2105636597,44568,44578,10
13.0035400391,80.2098388672,44578,44588,10
13.0036096573,80.2090911865,44588,44598,10
13.0040302277,80.2086410522,44598,44608,10
13.0048398972,80.2089996338,44608,44618,10
13.0056400299,80.2093429565,44618,44629,11
13.0061502457,80.2095184326,44629,44639,10
13.006360054,80.2095794678,44639,44649,10
13.0067300797,80.2096862793,44649,44659,10
13.0074996948,80.2098388672,44659,44689,30
13.0074996948,80.2098388672,44689,44699,10
13.0078496933,80.2099227905,44699,44708,9
13.0080795288,80.2095870972,44708,44739,31
13.0080795288,80.2095870972,44739,44750,11
13.0080404282,80.2095718384,44750,44760,10
13.0079603195,80.2091674805,44760,44770,10
13.0078802109,80.2085113525,44770,44780,10
13.0077800751,80.2077026367,44780,44790,10
13.0076503754,80.20677948,44790,44800,10
13.0075502396,80.2058105469,44800,44810,10
13.007519722,80.2049331665,44810,44820,10
13.0074996948,80.2040786743,44820,44829,9
13.007399559,80.2033233643,44829,44840,11
13.006770134,80.2025985718,44840,44881,41
13.006770134,80.2025985718,44881,44891,10
13.0066900253,80.2026062012,44891,44901,10
13.0065202713,80.2028274536,44901,44911,10
13.0065698624,80.2031707764,44911,44921,10
13.0068998337,80.2034225464,44921,44931,10
13.0074396133,80.2036514282,44931,44941,10
13.0082197189,80.2037200928,44941,44950,9
13.0091896057,80.2036819458,44950,44961,11
13.0104904175,80.2036514282,44961,44971,10
13.0117397308,80.2037582397,44971,44981,10
13.0128202438,80.2039718628,44981,44992,11
13.0136003494,80.2042007446,44992,45002,10
13.0136404037,80.2044677734,45002,45012,10
13.0135803223,80.2046279907,45012,45022,10
13.0135097504,80.2048187256,45022,45032,10
13.0133495331,80.2053833008,45032,45042,10
13.0131101608,80.2061233521,45042,45052,10
13.0130195618,80.2069778442,45052,45062,10
13.0129499435,80.207649231,45062,45071,9
13.0128202438,80.2079620361,45071,45082,11
13.0127801895,80.208442688,45082,45092,10
13.0128097534,80.2088317871,45092,45102,10
13.0129203796,80.2093963623,45102,45113,11
13.0131797791,80.2100067139,45113,45123,10
13.0130796432,80.210609436,45123,45133,10
13.0128097534,80.2113189697,45133,45143,10
13.0125303268,80.2118225098,45143,45153,10
13.0122203827,80.2122879028,45153,45163,10
13.0119104385,80.2126922607,45163,45173,10
13.0116701126,80.2126998901,45173,45183,10
13.0111904144,80.2123413086,45183,45193,10
13.0106401443,80.2119522095,45193,45203,10
13.0102701187,80.2116775513,45203,45213,10
13.0098695755,80.21144104,45213,45234,21
13.0098695755,80.21144104,45234,45244,10
13.0095996857,80.2111968994,45244,45546,302
13.0093297958,80.2109832764,45546,45617,71
13.0093297958,80.2109832764,45617,45627,10
13.0091295242,80.2112808228,45627,45637,10
13.0090303421,80.2115478516,45637,45647,10
13.0091295242,80.2119903564,45647,45657,10
13.009349823,80.212677002,45657,45667,10
13.0096302032,80.2134017944,45667,45677,10
13.0099201202,80.2141189575,45677,45687,10
13.010140419,80.21484375,45687,45697,10
13.0102500916,80.2155838013,45697,45707,10
13.0105199814,80.2162628174,45707,45718,11
13.0108804703,80.2170562744,45718,45728,10
13.0112495422,80.217918396,45728,45738,10
13.0116100311,80.2189178467,45738,45748,10
13.0119800568,80.2200622559,45748,45758,10
13.0122900009,80.2210693359,45758,45768,10
13.0124702454,80.2215881348,45768,45778,10
13.0128097534,80.2221221924,45778,45788,10
13.0131797791,80.2225570679,45788,45798,10
13.0136499405,80.2230987549,45798,45808,10
13.0140199661,80.2235794067,45808,45818,10
13.0144395828,80.2240600586,45818,45829,11
13.0149202347,80.2246170044,45829,45839,10
13.0153398514,80.2250976563,45839,45849,10
13.0153303146,80.2257003784,45849,45859,10
13.0147399902,80.2260284424,45859,45869,10
13.0139799118,80.2263565063,45869,45879,10
13.0130996704,80.2267303467,45879,45889,10
13.0121803284,80.2270965576,45889,45899,10
13.0112400055,80.2274475098,45899,45909,10
13.0103502274,80.2277908325,45909,45919,10
13.0096597672,80.227897644,45919,45929,10
13.0095996857,80.2274017334,45929,45939,10
13.0099000931,80.2267227173,45939,45949,10
13.0102396011,80.2258911133,45949,45960,11
13.0106201172,80.2249908447,45960,45970,10
13.010890007,80.224281311,45970,45980,10
13.0110902786,80.2236785889,45980,45990,10
13.0111904144,80.2233886719,45990,46000,10
13.0110797882,80.2230987549,46000,46010,10
13.0106201172,80.2228469849,46010,46020,10
13.0103902817,80.2227478027,46020,46030,10
13.0100803375,80.2225799561,46030,46040,10
13.0094900131,80.2222671509,46040,46050,10
13.0086803436,80.2218399048,46050,46060,10
13.0077896118,80.2213668823,46060,46069,9
13.0070104599,80.2209625244,46069,46081,12
13.0058603287,80.2205505371,46081,46091,10
13.0048799515,80.2203292847,46091,46101,10
13.004070282,80.2201080322,46101,46111,10
13.0030298233,80.2198486328,46111,46121,10
13.0021495819,80.2192306519,46121,46131,10
13.0015697479,80.2186203003,46131,46141,10
13.0009002686,80.218208313,46141,46151,10
13.0002002716,80.2177505493,46151,46161,10
12.999329567,80.2172164917,46161,46171,10
12.998290062,80.2167129517,46171,46181,10
12.9973897934,80.216583252,46181,46190,9
12.9972295761,80.2165527344,46190,46202,12
12.9969396591,80.2165679932,46202,46212,10
12.996509552,80.2166137695,46212,46222,10
12.9961700439,80.2166671753,46222,46232,10
12.9954500198,80.2169113159,46232,46242,10
12.9947004318,80.2173690796,46242,46252,10
12.9941101074,80.2178268433,46252,46262,10
12.9936304092,80.2181625366,46262,46272,10
12.9929103851,80.2186431885,46272,46282,10
12.9921197891,80.2192230225,46282,46292,10
12.991519928,80.2196731567,46292,46302,10
12.9907798767,80.220199585,46302,46323,21
12.9907798767,80.220199585,46323,46333,10
12.9904298782,80.2204818726,46333,46343,10
12.9899396896,80.2208786011,46343,46353,10
12.9894199371,80.2214126587,46353,46363,10
12.989159584,80.2217483521,46363,46373,10
12.9888000488,80.2221984863,46373,46383,10
12.9881801605,80.2228088379,46383,46393,10
12.9876804352,80.2231063843,46393,46402,9
12.987660408,80.2231063843,46402,46413,11
12.9873399734,80.2230911255,46413,46423,10
12.9868297577,80.2230072021,46423,46434,11
12.9862203598,80.2229385376,46434,46444,10
12.9856300354,80.2231521606,46444,46454,10
12.9851799011,80.2232666016,46454,46464,10
12.9845399857,80.2229919434,46464,46474,10
12.9841098785,80.2227478027,46474,46484,10
12.9837303162,80.2225494385,46484,46494,10
12.9833898544,80.222328186,46494,46504,10
12.9833297729,80.2222900391,46504,46514,10
12.9828195572,80.2220230103,46514,46544,30
12.9828195572,80.2220230103,46544,46555,11
12.9824695587,80.2218475342,46555,46565,10
12.9821195602,80.2217636108,46565,46575,10
12.981590271,80.2214889526,46575,46585,10
12.9811201096,80.221206665,46585,46595,10
12.9805803299,80.2211608887,46595,46605,10
12.9798803329,80.2211685181,46605,46615,10
12.9791898727,80.2211990356,46615,46625,10
12.9785995483,80.2211532593,46625,46635,10
12.9781703949,80.2211914063,46635,46645,10
12.9775295258,80.2212524414,46645,46655,10
12.9766902924,80.2212371826,46655,46664,9
12.9761400223,80.2213668823,46664,46676,12
12.9763898849,80.221862793,46676,46696,20
12.9763898849,80.221862793,46696,46706,10
12.9764795303,80.2221832275,46706,46716,10
12.9767599106,80.2225875854,46716,46726,10
12.9769601822,80.2228317261,46726,46736,10
12.9772500992,80.2233276367,46736,46746,10
12.9777002335,80.2240371704,46746,46756,10
12.9782104492,80.224861145,46756,46765,9
12.9786701202,80.2255935669,46765,46776,11
12.9792098999,80.2264862061,46776,46786,10
12.9796600342,80.2272186279,46786,46797,11
12.9801998138,80.2281188965,46797,46807,10
12.9806003571,80.2288208008,46807,46817,10
12.9807796478,80.2291107178,46817,46827,10
12.9810304642,80.2295532227,46827,46837,10
12.9814195633,80.2301635742,46837,46847,10
12.9816799164,80.2305221558,46847,46857,10
12.9817695618,80.2306594849,46857,46867,10
12.9819297791,80.2312011719,46867,46877,10
12.9820098877,80.2319030762,46877,46887,10
12.9820404053,80.2321472168,46887,46897,10
12.9819602966,80.2325820923,46897,46907,10
12.9817695618,80.2331771851,46907,46918,11
12.9816198349,80.2335128784,46918,46928,10
12.9815101624,80.2336883545,46928,46938,10
12.981300354,80.2341308594,46938,46948,10
12.9812297821,80.2347335815,46948,46958,10
12.9812498093,80.2356719971,46958,46968,10
12.9812602997,80.236618042,46968,46978,10
12.9812803268,80.2375488281,46978,46988,10
12.9812898636,80.2383117676,46988,46998,10
12.981300354,80.2386322021,46998,47007,9
12.9812698364,80.2389373779,47007,47018,11
12.9812698364,80.2395935059,47018,47028,10
12.9813098907,80.2401733398,47028,47039,11
12.981300354,80.2410583496,47039,47049,10
12.9813299179,80.2420120239,47049,47059,10
12.9813604355,80.2425308228,47059,47069,10
12.9813299179,80.2427062988,47069,47079,10
12.9813404083,80.2431030273,47079,47089,10
12.9813604355,80.2432632446,47089,47099,10
12.9813203812,80.2437515259,47099,47109,10
12.9812002182,80.2445831299,47109,47119,10
12.9810695648,80.2456283569,47119,47129,10
12.9809503555,80.246887207,47129,47139,10
12.9808397293,80.2483215332,47139,47148,9
12.9807300568,80.2495727539,47148,47160,12
12.9803600311,80.2510681152,47160,47170,10
12.9801197052,80.2520217896,47170,47180,10
12.9800195694,80.2522735596,47180,47190,10
12.9799003601,80.2525482178,47190,47210,20
12.9799003601,80.2525482178,47210,47220,10
12.9798498154,80.2526779175,47220,47230,10
12.9794502258,80.2527084351,47230,47240,10
12.978770256,80.2526397705,47240,47250,10
12.978679657,80.2526168823,47250,47260,10
12.9783096313,80.2523880005,47260,47270,10
12.9776496887,80.2518234253,47270,47281,11
12.976559639,80.2512588501,47281,47291,10
12.9754104614,80.2509384155,47291,47301,10
12.9742803574,80.2506103516,47301,47311,10
12.9731998444,80.250328064,47311,47321,10
12.9724903107,80.2501525879,47321,47331,10
12.9724502563,80.2501296997,47331,47341,10
12.9720201492,80.2499923706,47341,47351,10
12.9712400436,80.249786377,47351,47361,10
12.9703197479,80.2495193481,47361,47371,10
12.9693498611,80.2491378784,47371,47381,10
12.9682703018,80.2487411499,47381,47391,10
12.9672203064,80.248298645,47391,47402,11
12.9661397934,80.2477722168,47402,47412,10
12.965180397,80.2474365234,47412,47422,10
12.9650802612,80.2474212646,47422,47432,10
12.9647798538,80.2472991943,47432,47442,10
12.9641599655,80.2470474243,47442,47452,10
12.963549614,80.2468185425,47452,47462,10
12.9629497528,80.2465286255,47462,47472,10
12.9621601105,80.2461395264,47472,47482,10
12.9611997604,80.2456588745,47482,47492,10
12.9601202011,80.2451629639,47492,47502,10
12.9593801498,80.2448577881,47502,47512,10
12.9592199326,80.2447662354,47512,47523,11
12.9585800171,80.2444610596,47523,47533,10
12.9578800201,80.2441864014,47533,47543,10
12.9573497772,80.2439880371,47543,47553,10
12.956990242,80.2439117432,47553,47563,10
12.9569702148,80.2439117432,47563,47573,10
12.9567804337,80.243850708,47573,47613,40
12.9567804337,80.243850708,47613,47623,10
12.9564199448,80.2437286377,47623,47644,21
12.9564199448,80.2437286377,47644,47654,10
12.9562196732,80.2436828613,47654,47664,10
12.9557199478,80.2433624268,47664,47674,10
12.9549398422,80.2429733276,47674,47684,10
12.9540996552,80.2426223755,47684,47694,10
12.9532003403,80.2422332764,47694,47704,10
12.9522304535,80.2418670654,47704,47714,10
12.9516096115,80.2416687012,47714,47724,10
12.9515600204,80.2416534424,47724,47733,9
12.9511804581,80.2415008545,47733,47744,11
12.9503698349,80.2412261963,47744,47754,10
12.9495201111,80.2409820557,47754,47765,11
12.9488401413,80.2407531738,47765,47775,10
12.9486398697,80.2406387329,47775,47785,10
12.9484500885,80.2405700684,47785,47795,10
12.9478902817,80.2403564453,47795,47805,10
12.9472398758,80.2400894165,47805,47815,10
12.9470996857,80.2400283813,47815,47825,10
12.9466695786,80.2398376465,47825,47835,10
12.9459199905,80.2395095825,47835,47845,10
12.9450397491,80.2389602661,47845,47855,10
12.9442195892,80.2381286621,47855,47865,10
12.9434499741,80.2373199463,47865,47874,9
12.9432697296,80.2371292114,47874,47886,12
12.9429302216,80.2368164063,47886,47896,10
12.9421701431,80.2364730835,47896,47906,10
12.9411201477,80.2361907959,47906,47916,10
12.9397697449,80.2358322144,47916,47936,20
12.9397697449,80.2358322144,47936,47946,10
12.9392499924,80.2355270386,47946,47956,10
12.9384498596,80.2351531982,47956,47966,10
12.9374399185,80.2346725464,47966,47976,10
12.9364204407,80.2341995239,47976,47986,10
12.9358797073,80.2339401245,47986,47995,9
12.9355401993,80.2337799072,47995,48007,12
12.9347295761,80.2334213257,48007,48017,10
12.9340000153,80.2330780029,48017,48027,10
12.9337797165,80.2329711914,48027,48037,10
12.9335002899,80.2328414917,48037,48047,10
12.9328098297,80.2325515747,48047,48057,10
12.9318704605,80.2321929932,48057,48067,10
12.9307498932,80.2318191528,48067,48077,10
12.9296197891,80.2315216064,48077,48087,10
12.9286003113,80.2313308716,48087,48097,10
12.9275503159,80.2311782837,48097,48107,10
12.9265203476,80.2310562134,48107,48117,10
12.9260997772,80.2310180664,48117,48128,11
12.9256496429,80.2309799194,48128,48138,10
12.9248695374,80.2309036255,48138,48148,10
12.9237699509,80.2307510376,48148,48158,10
12.9225797653,80.2305679321,48158,48168,10
12.9213495255,80.2303771973,48168,48178,10
12.920129776,80.2302398682,48178,48188,10
12.918680191,80.2300796509,48188,48460,272
12.918680191,80.2300796509,48460,48470,10
12.9184303284,80.2300186157,48470,48480,10
12.9180402756,80.2299804688,48480,48491,11
12.9171495438,80.2298736572,48491,48501,10
12.9160003662,80.2296600342,48501,48511,10
12.9148302078,80.2294769287,48511,48521,10
12.9136896133,80.2293395996,48521,48531,10
12.913359642,80.2293167114,48531,48541,10
12.9132795334,80.2292861938,48541,48551,10
12.9127197266,80.2291870117,48551,48561,10
12.9118404388,80.2290420532,48561,48571,10
12.9107303619,80.2288818359,48571,48581,10
12.9094295502,80.2286682129,48581,48590,9
12.908249855,80.2284698486,48590,48601,11
12.907409668,80.2283630371,48601,48622,21
12.907409668,80.2283630371,48622,48632,10
12.9071502686,80.2283706665,48632,48642,10
12.90666008,80.2283096313,48642,48652,10
12.9060201645,80.2282485962,48652,48662,10
12.9050703049,80.228187561,48662,48672,10
12.9039201736,80.2281417847,48672,48682,10
12.9026699066,80.2280807495,48682,48692,10
12.9015398026,80.2279968262,48692,48702,10
12.9011297226,80.2280197144,48702,48733,31
12.90102005,80.2278823853,48733,48803,70
12.90102005,80.2278823853,48803,48813,10
12.9008398056,80.2278366089,48813,48823,10
12.9003601074,80.2278671265,48823,48833,10
12.8992595673,80.2278671265,48833,48854,21
12.8992595673,80.2278671265,48854,48864,10
12.899020195,80.2278518677,48864,48874,10
12.8983898163,80.2278137207,48874,48884,10
12.8975000381,80.2277603149,48884,48894,10
12.8963804245,80.2277069092,48894,48904,10
12.8951997757,80.2276687622,48904,48914,10
12.8940601349,80.2276077271,48914,48924,10
12.8931999207,80.2275314331,48924,48934,10
12.8931503296,80.2275314331,48934,48944,10
12.8930301666,80.2275085449,48944,48954,10
12.892490387,80.2274398804,48954,48964,10
12.8916397095,80.2273788452,48964,48975,11
12.89041996,80.2273788452,48975,48985,10
12.8892297745,80.2273788452,48985,48995,10
12.8880300522,80.2273406982,48995,49005,10
12.8868198395,80.2271499634,49005,49015,10
12.8856801987,80.2268676758,49015,49025,10
12.8850002289,80.2267684937,49025,49035,10
12.8849601746,80.2267608643,49035,49045,10
12.8847303391,80.2267379761,49045,49055,10
12.8840799332,80.2267379761,49055,49064,9
12.8832302094,80.2267303467,49064,49075,11
12.8819599152,80.2267303467,49075,49085,10
12.8807601929,80.2267379761,49085,49096,11
12.87940979,80.2267532349,49096,49106,10
12.8781604767,80.2268295288,49106,49116,10
12.8770704269,80.2269287109,49116,49126,10
12.876660347,80.2269821167,49126,49136,10
12.8764200211,80.2267913818,49136,49146,10
12.8764095306,80.2266082764,49146,49156,10
12.8764600754,80.2261276245,49156,49166,10
12.8765602112,80.2252883911,49166,49176,10
12.8766899109,80.2241897583,49176,49186,10
12.8769798279,80.2228775024,49186,49196,10
12.8773403168,80.2213363647,49196,49206,10
12.877699852,80.2198028564,49206,49217,11
12.8780603409,80.2182006836,49217,49227,10
12.8783302307,80.2168121338,49227,49237,10
12.8786296844,80.2154388428,49237,49247,10
12.8789396286,80.2139129639,49247,49257,10
12.8792200089,80.212387085,49257,49267,10
12.8794298172,80.2112121582,49267,49277,10
12.8792200089,80.2109832764,49277,49287,10
12.879119873,80.2109603882,49287,49297,10
12.878660202,80.2108688354,49297,49307,10
12.8779497147,80.2107391357,49307,49317,10
12.8770799637,80.2105789185,49317,49327,10
12.8760499954,80.2104034424,49327,49338,11
12.8751001358,80.2102203369,49338,49348,10
12.874540329,80.2101287842,49348,49358,10
12.8745203018,80.2101211548,49358,49368,10
12.874420166,80.210067749,49368,49378,10
12.8744001389,80.2096786499,49378,49388,10
12.8747301102,80.2097320557,49388,49408,20
12.8746700287,80.2097473145,49408,50890,1482
12.8746700287,80.2097473145,50890,50900,10
12.8747196198,80.2099304199,50900,50909,9
12.8746995926,80.2100830078,50909,50921,12
12.8752403259,80.2102127075,50921,50931,10
12.8759803772,80.210357666,50931,50941,10
12.8768701553,80.2105331421,50941,50951,10
12.877820015,80.2107162476,50951,50961,10
12.8788099289,80.2108917236,50961,50971,10
12.8792600632,80.2109832764,50971,50981,10
12.8793401718,80.2109985352,50981,50991,10
12.8795003891,80.2112731934,50991,51001,10
12.8793497086,80.2119369507,51001,51011,10
12.8791799545,80.2128295898,51011,51021,10
12.8789796829,80.2138824463,51021,51030,9
12.8788003922,80.214881897,51030,51042,12
12.8784999847,80.2162628174,51042,51052,10
12.8782596588,80.2174301147,51052,51062,10
12.8780202866,80.2185974121,51062,51072,10
12.8777503967,80.2197723389,51072,51082,10
12.8774900436,80.2209320068,51082,51092,10
12.8772201538,80.2220993042,51092,51102,10
12.876950264,80.2232666016,51102,51112,10
12.876709938,80.2244567871,51112,51122,10
12.8765802383,80.225730896,51122,51132,10
12.8764600754,80.2268371582,51132,51152,20
12.8764600754,80.2268371582,51152,51163,11
12.8767404556,80.2268600464,51163,51173,10
12.8773698807,80.2268066406,51173,51183,10
12.8783502579,80.2267227173,51183,51193,10
12.8795204163,80.2266464233,51193,51203,10
12.8807401657,80.2266387939,51203,51213,10
12.8820199966,80.2266464233,51213,51223,10
12.8832902908,80.2266387939,51223,51233,10
12.8844404221,80.226600647,51233,51243,10
12.8851995468,80.2266235352,51243,51253,10
12.8852300644,80.2266387939,51253,51263,10
12.8856601715,80.2267303467,51263,51273,10
12.8864498138,80.2269363403,51273,51284,11
12.8874597549,80.2271728516,51284,51294,10
12.8884401321,80.2272491455,51294,51304,10
12.8886299133,80.2272491455,51304,51314,10
12.8890399933,80.2272720337,51314,51324,10
12.889840126,80.2272796631,51324,51334,10
12.8909301758,80.2272796631,51334,51344,10
12.8921699524,80.2273025513,51344,51354,10
12.8930501938,80.2273864746,51354,51364,10
12.8940296173,80.2274703979,51364,51374,10
12.8941698074,80.2274780273,51374,51384,10
12.8941802979,80.2274703979,51384,51394,10
12.8946304321,80.2275238037,51394,51405,11
12.8955402374,80.2275619507,51405,51415,10
12.8966302872,80.2276077271,51415,51425,10
12.8977899551,80.2276687622,51425,51435,10
12.8989295959,80.2277526855,51435,51445,10
12.8999996185,80.2278137207,51445,51455,10
12.9007301331,80.2278594971,51455,51465,10
12.9009504318,80.2278823853,51465,51475,10
12.901550293,80.227897644,51475,51485,10
12.9026699066,80.2279205322,51485,51505,20
12.9026699066,80.2279205322,51505,51515,10
12.9030399323,80.2279510498,51515,51526,11
12.9038801193,80.2279968262,51526,51536,10
12.9048995972,80.2280807495,51536,51546,10
12.9063997269,80.2281494141,51546,51586,40
12.9063997269,80.2281494141,51586,51596,10
12.9064903259,80.2281417847,51596,51606,10
12.906829834,80.2281570435,51606,51616,10
12.9069499969,80.2282028198,51616,51626,10
12.907500267,80.2282714844,51626,51636,10
12.9083795547,80.2284393311,51636,51647,11
12.9096298218,80.2286529541,51647,51657,10
12.9109201431,80.2288513184,51657,51667,10
12.9123096466,80.2290496826,51667,51677,10
12.9135904312,80.2292327881,51677,51687,10
12.9147195816,80.2293777466,51687,51697,10
12.9159002304,80.2295303345,51697,51707,10
12.9170503616,80.2296829224,51707,51717,10
12.9181995392,80.2298431396,51717,51727,10
12.9192199707,80.2299499512,51727,51737,10
12.9193601608,80.2299728394,51737,51747,10
12.9198799133,80.2300491333,51747,51757,10
12.9207201004,80.2301483154,51757,51768,11
12.9219198227,80.2303237915,51768,51778,10
12.9230804443,80.230506897,51778,51788,10
12.9243297577,80.230682373,51788,51798,10
12.9256401062,80.2308578491,51798,51808,10
12.926320076,80.2309188843,51808,51818,10
12.9264497757,80.2309417725,51818,51828,10
12.9270296097,80.231010437,51828,51838,10
12.9278697968,80.2311096191,51838,51848,10
12.9289102554,80.2312698364,51848,51858,10
12.9299297333,80.2315216064,51858,51868,10
12.9310102463,80.2318191528,51868,51878,10
12.9321498871,80.2321777344,51878,51889,11
12.933380127,80.2326202393,51889,51899,10
12.9336595535,80.2327423096,51899,51909,10
12.9338703156,80.2328720093,51909,51919,10
12.9344997406,80.2331390381,51919,51929,10
12.9353704453,80.2335128784,51929,51939,10
12.9363899231,80.2339706421,51939,51949,10
12.9374504089,80.2344894409,51949,51959,10
12.9385595322,80.2350234985,51959,51969,10
12.9395503998,80.2355194092,51969,51979,10
12.9405603409,80.2359008789,51979,51989,10
12.9415597916,80.2361526489,51989,52000,11
12.942700386,80.2364883423,52000,52010,10
12.9435100555,80.2370529175,52010,52020,10
12.9437303543,80.2373809814,52020,52030,10
12.9440002441,80.237739563,52030,52040,10
12.9445295334,80.2383499146,52040,52050,10
12.9453401566,80.2391204834,52050,52060,10
12.9463996887,80.2396087646,52060,52070,10
12.9472303391,80.2399368286,52070,52080,10
12.9473104477,80.2399597168,52080,52090,10
12.9476995468,80.2401199341,52090,52100,10
12.948340416,80.2403793335,52100,52109,9
12.9486703873,80.2404937744,52109,52131,22
12.9486703873,80.2404937744,52131,52141,10
12.9487600327,80.2405700684,52141,52151,10
12.9490804672,80.2407073975,52151,52161,10
12.9493503571,80.2408294678,52161,52171,10
12.9500303268,80.2410202026,52171,52181,10
12.9508800507,80.2412796021,52181,52191,10
12.9510698318,80.2413482666,52191,52201,10
12.9514398575,80.2414703369,52201,52211,10
12.9521598816,80.2417373657,52211,52221,10
12.9530601501,80.2421035767,52221,52231,10
12.9538698196,80.2424316406,52231,52242,11
12.9546003342,80.2427597046,52242,52252,10
12.9550895691,80.2429275513,52252,52262,10
12.9557304382,80.2431716919,52262,52272,10
12.9562702179,80.2433700562,52272,52312,40
12.9562702179,80.2433700562,52312,52322,10
12.9567403793,80.2435531616,52322,52332,10
12.9574899673,80.2438964844,52332,52342,10
12.9583797455,80.2442474365,52342,52352,10
12.9593496323,80.2446594238,52352,52363,11
12.9604902267,80.2451782227,52363,52373,10
12.9615697861,80.2456970215,52373,52383,10
12.9625101089,80.246131897,52383,52393,10
12.9627799988,80.2462921143,52393,52403,10
12.9630899429,80.2464599609,52403,52413,10
12.9635000229,80.2466583252,52413,52423,10
12.9639101028,80.2468414307,52423,52433,10
12.9646396637,80.2470703125,52433,52443,10
12.9656200409,80.2474517822,52443,52453,10
12.9665498734,80.2478103638,52453,52463,10
12.9668998718,80.2479934692,52463,52473,10
12.9669799805,80.2480392456,52473,52484,11
12.9673900604,80.2482070923,52484,52494,10
12.9682397842,80.2485733032,52494,52504,10
12.9691896439,80.2488937378,52504,52514,10
12.9700899124,80.2492218018,52514,52524,10
12.9710502625,80.2495880127,52524,52534,10
12.9720802307,80.2499008179,52534,52544,10
12.9731798172,80.2501831055,52544,52554,10
12.97397995,80.2503814697,52554,52564,10
12.9743499756,80.2504577637,52564,52574,10
12.974650383,80.2505569458,52574,52584,10
12.9753503799,80.2507781982,52584,52593,9
12.9762201309,80.2510375977,52593,52605,12
12.9774799347,80.2515106201,52605,52615,10
12.9783601761,80.2522125244,52615,52625,10
12.9792900085,80.2525177002,52625,52635,10
12.9798402786,80.2524490356,52635,52645,10
12.9798898697,80.2522964478,52645,52655,10
12.9799203873,80.2521896362,52655,52665,10
12.9799804688,80.2519607544,52665,52675,10
12.9801502228,80.2514266968,52675,52685,10
12.9804201126,80.2505722046,52685,52695,10
12.9806604385,80.249458313,52695,52705,10
12.9807596207,80.248298645,52705,52715,10
12.9808597565,80.2471389771,52715,52726,11
12.9809904099,80.2457885742,52726,52736,10
12.9811096191,80.2446212769,52736,52746,10
12.9811496735,80.2440185547,52746,52756,10
12.9811697006,80.2438583374,52756,52766,10
12.9812602997,80.2436523438,52766,52776,10
12.9813203812,80.2433319092,52776,52786,10
12.9813404083,80.2429199219,52786,52796,10
12.9813404083,80.2428131104,52796,52806,10
12.9813699722,80.2424316406,52806,52816,10
12.9813499451,80.2416610718,52816,52826,10
12.9813499451,80.240852356,52826,52836,10
12.9813604355,80.2400817871,52836,52847,11
12.9813499451,80.2395324707,52847,52857,10
12.9813299179,80.2390289307,52857,52867,10
12.9813098907,80.2384262085,52867,52877,10
12.9812803268,80.2378463745,52877,52887,10
12.9812602997,80.2372665405,52887,52897,10
12.9812402725,80.2363891602,52897,52907,10
12.9812002182,80.2354888916,52907,52917,10
12.9811897278,80.2345428467,52917,52927,10
12.9813804626,80.2338409424,52927,52937,10
12.9814996719,80.2335891724,52937,52947,10
12.9815797806,80.2334213257,52947,52956,9
12.981710434,80.2331390381,52956,52968,12
12.9819297791,80.2325210571,52968,52978,10
12.9819498062,80.2320175171,52978,52988,10
12.9819297791,80.2315597534,52988,52998,10
12.981880188,80.2312088013,52998,53008,10
12.9817495346,80.2307510376,53008,53018,10
12.9814500809,80.2302322388,53018,53028,10
12.9810199738,80.2295608521,53028,53038,10
12.9807901382,80.2291717529,53038,53048,10
12.9806604385,80.2289886475,53048,53058,10
12.9805803299,80.2288589478,53058,53067,9
12.9804201126,80.2285690308,53067,53079,12
12.9801397324,80.228012085,53079,53089,10
12.9797296524,80.2273635864,53089,53099,10
12.9793195724,80.2266769409,53099,53109,10
12.9790096283,80.2261428833,53109,53119,10
12.9785995483,80.225440979,53119,53129,10
12.9781799316,80.2247161865,53129,53139,10
12.9779100418,80.224357605,53139,53149,10
12.977640152,80.2239227295,53149,53159,10
12.9773702621,80.2234420776,53159,53169,10
12.9771099091,80.2230300903,53169,53179,10
12.9770002365,80.2228088379,53179,53189,10
12.9770898819,80.2226791382,53189,53200,11
12.9771604538,80.2226715088,53200,53210,10
12.9774103165,80.2226409912,53210,53220,10
12.9774599075,80.222442627,53220,53230,10
12.9774303436,80.2217102051,53230,53250,20
12.9774303436,80.2217102051,53250,53260,10
12.9774398804,80.221496582,53260,53270,10
12.9774398804,80.2213592529,53270,53280,10
12.9774198532,80.2212905884,53280,53290,10
12.9776000977,80.2211914063,53290,53300,10
12.9780397415,80.2211532593,53300,53310,10
12.9787101746,80.2210922241,53310,53321,11
12.9796104431,80.2210388184,53321,53331,10
12.9804401398,80.220993042,53331,53341,10
12.9810800552,80.2210464478,53341,53351,10
12.9817895889,80.2214126587,53351,53361,10
12.9820699692,80.2215881348,53361,53371,10
12.9825201035,80.2217483521,53371,53381,10
12.9828796387,80.2218933105,53381,53391,10
12.9830303192,80.2219619751,53391,53401,10
12.9833097458,80.22215271,53401,53411,10
12.9836797714,80.2224121094,53411,53421,10
12.984120369,80.2226715088,53421,53431,10
12.9844503403,80.2228775024,53431,53442,11
12.9849500656,80.2231369019,53442,53452,10
12.9853401184,80.2232208252,53452,53462,10
12.9855804443,80.2230072021,53462,53472,10
12.9861097336,80.2229385376,53472,53482,10
12.9864196777,80.2229385376,53482,53492,10
12.9865598679,80.2229232788,53492,53502,10
12.9870100021,80.2230072021,53502,53512,10
12.9874401093,80.2230300903,53512,53522,10
12.9879903793,80.2227783203,53522,53532,10
12.9886198044,80.2222366333,53532,53542,10
12.9892301559,80.2214813232,53542,53551,9
12.9898099899,80.2208404541,53551,53563,12
12.9904203415,80.2202682495,53563,53573,10
12.9906196594,80.220161438,53573,53583,10
12.991109848,80.2197570801,53583,53593,10
12.9917297363,80.2193222046,53593,53603,10
12.9923400879,80.2189025879,53603,53613,10
12.9930095673,80.2183685303,53613,53623,10
12.9937095642,80.2178268433,53623,53633,10
12.9943599701,80.217376709,53633,53643,10
12.9949197769,80.2169799805,53643,53653,10
12.9953603745,80.2167434692,53653,53663,10
12.9958600998,80.2165679932,53663,53673,10
12.996509552,80.2164535522,53673,53684,11
12.9971399307,80.2163925171,53684,53694,10
12.9974899292,80.2160568237,53694,53704,10
12.9975700378,80.216003418,53704,53714,10
12.9979200363,80.2156982422,53714,53724,10
12.9984903336,80.2151412964,53724,53734,10
12.99903965,80.2146911621,53734,53744,10
12.9994001389,80.2144012451,53744,53754,10
12.9999103546,80.214012146,53754,53764,10
13.0004501343,80.2135162354,53764,53774,10
13.0010595322,80.2129592896,53774,53784,10
13.0015602112,80.2126083374,53784,53794,10
13.0020303726,80.2122497559,53794,53805,11
13.0026302338,80.2120513916,53805,53815,10
13.0031499863,80.212020874,53815,53825,10
13.0035200119,80.2119369507,53825,53835,10
13.0036401749,80.2116317749,53835,53845,10
13.0036096573,80.210899353,53845,53855,10
13.0035200119,80.2101364136,53855,53865,10
13.0035200119,80.2093734741,53865,53875,10
13.0038204193,80.2086410522,53875,53885,10
13.0045604706,80.2089004517,53885,53895,10
13.0054101944,80.2092666626,53895,53905,10
13.0061798096,80.2095413208,53905,53915,10
13.0070199966,80.2097473145,53915,53956,41
13.0070199966,80.2097473145,53956,53966,10
13.0073003769,80.2098464966,53966,53976,10
13.0073099136,80.2098464966,53976,53986,10
13.0074996948,80.2098693848,53986,53996,10
13.0079097748,80.2099304199,53996,54006,10
13.0081300735,80.2097625732,54006,54016,10
13.0079803467,80.2091217041,54016,54026,10
13.007900238,80.2083282471,54026,54036,10
13.0077695847,80.2074737549,54036,54047,11
13.0075998306,80.206413269,54047,54057,10
13.0075101852,80.205291748,54057,54067,10
13.0074901581,80.2042312622,54067,54077,10
13.0073795319,80.2034683228,54077,54087,10
13.0071201324,80.2026367188,54087,54097,10
13.0065002441,80.2029190063,54097,54107,10
13.0069799423,80.2034912109,54107,54117,10
13.0078802109,80.2037200928,54117,54127,10
13.0090198517,80.2036819458,54127,54137,10
13.0103597641,80.20362854,54137,54147,10
13.0118103027,80.2037582397,54147,54157,10
13.0130796432,80.2040405273,54157,54168,11
13.013589859,80.2041931152,54168,54178,10
13.0136499405,80.2043991089,54178,54188,10
13.0135803223,80.2046508789,54188,54198,10
13.0134000778,80.2051467896,54198,54208,10
13.0131797791,80.2059402466,54208,54218,10
13.0130300522,80.2067565918,54218,54228,10
13.0129404068,80.2073898315,54228,54238,10
13.0128898621,80.2077713013,54238,54248,10
13.0128698349,80.2082519531,54248,54258,10
13.0128803253,80.2086410522,54258,54268,10
13.0129203796,80.2091064453,54268,54278,10
13.0131702423,80.2095718384,54278,54289,11
13.0131998062,80.2100219727,54289,54299,10
13.0130901337,80.2105865479,54299,54309,10
13.0128202438,80.2112426758,54309,54319,10
13.0124597549,80.2119293213,54319,54329,10
13.0120296478,80.2125701904,54329,54339,10
13.0118303299,80.2128295898,54339,54349,10
13.0114803314,80.2125930786,54349,54359,10
13.0110301971,80.2122573853,54359,54369,10
13.0107097626,80.2120285034,54369,54490,121
13.0104799271,80.2117767334,54490,54652,162
13.0101604462,80.2115936279,54652,54682,30
13.0101604462,80.2115936279,54682,54692,10
13.0100297928,80.2114486694,54692,54702,10
13.0096101761,80.2111816406,54702,54793,91
13.0093002319,80.2109832764,54793,54944,151
13.0093002319,80.2109832764,54944,54954,10
13.0090103149,80.21118927,54954,54974,20
13.0090103149,80.21118927,54974,54984,10
13.0089998245,80.2116622925,54984,54994,10
13.0091199875,80.2120437622,54994,55004,10
13.0092802048,80.212562561,55004,55015,11
13.0095300674,80.2132110596,55015,55025,10
13.0097999573,80.2138977051,55025,55035,10
13.0100803375,80.2145996094,55035,55045,10
13.0101900101,80.2153091431,55045,55055,10
13.0103797913,80.216003418,55055,55065,10
13.0107002258,80.2167129517,55065,55075,10
13.0110902786,80.2174835205,55075,55085,10
13.0114097595,80.2183380127,55085,55095,10
13.0117502213,80.2192993164,55095,55105,10
13.0120296478,80.2202835083,55105,55115,10
13.0122995377,80.2210922241,55115,55125,10
13.0123901367,80.2215270996,55125,55136,11
13.0127696991,80.2220687866,55136,55146,10
13.0132904053,80.2226867676,55146,55156,10
13.0138196945,80.2233123779,55156,55166,10
13.0143299103,80.2239608765,55166,55176,10
13.0148601532,80.2245635986,55176,55186,10
13.0150299072,80.2247085571,55186,55196,10
13.0151195526,80.2247085571,55196,55206,10
13.0153102875,80.2249679565,55206,55216,10
13.0154304504,80.2254867554,55216,55226,10
13.0151100159,80.2258834839,55226,55236,10
13.0145597458,80.2261199951,55236,55247,11
13.0138101578,80.2264099121,55247,55257,10
13.013010025,80.2267379761,55257,55267,10
13.0121898651,80.2270812988,55267,55277,10
13.0114402771,80.2273406982,55277,55287,10
13.0105800629,80.2276916504,55287,55297,10
13.0097904205,80.2279434204,55297,55307,10
13.0095500946,80.2274780273,55307,55317,10
13.0098600388,80.2268295288,55317,55327,10
13.0101699829,80.2260284424,55327,55337,10
13.0105104446,80.225227356,55337,55347,10
13.0108604431,80.2245178223,55347,55357,10
13.0111103058,80.2238922119,55357,55368,11
13.0112304688,80.2234725952,55368,55378,10
13.0112895966,80.2231826782,55378,55388,10
13.0108804703,80.2229003906,55388,55398,10
13.0103597641,80.2226867676,55398,55408,10
13.0102500916,80.2226409912,55408,55418,10
13.0098400116,80.2224197388,55418,55428,10
13.0091600418,80.2220535278,55428,55438,10
13.0083904266,80.2216491699,55438,55448,10
13.0075502396,80.2211914063,55448,55458,10
13.0067396164,80.220741272,55458,55468,10
13.0058097839,80.2204818726,55468,55478,10
13.0048999786,80.2202987671,55478,55489,11
13.0045003891,80.2202224731,55489,55499,10
13.0040302277,80.2201080322,55499,55509,10
13.0033597946,80.2199401855,55509,55519,10
13.0025901794,80.219619751,55519,55529,10
13.0019903183,80.2190475464,55529,55539,10
13.0015001297,80.2185821533,55539,55549,10
13.0010499954,80.2182617188,55549,55559,10
13.0005502701,80.2179489136,55559,55841,282
13.0005502701,80.2179489136,55841,55852,11
13.0002403259,80.2177429199,55852,55862,10
12.9996299744,80.217376709,55862,55872,10
12.9987897873,80.2169418335,55872,55882,10
12.9973497391,80.2165374756,55882,55902,20
12.9973497391,80.2165374756,55902,55912,10
12.9970397949,80.2165527344,55912,55922,10
12.9962797165,80.2166290283,55922,55932,10
12.9953699112,80.2168884277,55932,55942,10
12.9946098328,80.2173690796,55942,55952,10
12.9939603806,80.2178497314,55952,55962,10
12.9933099747,80.2183074951,55962,55972,10
12.9925203323,80.2188720703,55972,55983,11
12.9916801453,80.219543457,55983,55993,10
12.9910202026,80.2200393677,55993,56003,10
12.9904098511,80.2204818726,56003,56013,10
12.9897603989,80.2210464478,56013,56023,10
12.9892597198,80.2216567993,56023,56033,10
12.9887304306,80.222328186,56033,56043,10
12.9880695343,80.22290802,56043,56053,10
12.9876699448,80.2231216431,56053,56063,10
12.987569809,80.2231292725,56063,56073,10
12.9870796204,80.2230606079,56073,56083,10
12.9864501953,80.2229766846,56083,56093,10
12.9856796265,80.2230682373,56093,56104,11
12.9851303101,80.2232208252,56104,56114,10
12.9844198227,80.2228622437,56114,56124,10
12.9838199615,80.2225112915,56124,56134,10
12.9834804535,80.2223129272,56134,56144,10
12.983300209,80.2221908569,56144,56154,10
12.9832296371,80.2221374512,56154,56164,10
12.9831199646,80.2220611572,56164,56174,10
12.9826898575,80.2219009399,56174,56184,10
12.9821996689,80.2217407227,56184,56194,10
12.9816398621,80.2213668823,56194,56204,10
12.9809999466,80.2210998535,56204,56215,11
12.9801301956,80.2210998535,56215,56225,10
12.9794197083,80.2211532593,56225,56235,10
12.978770256,80.2211608887,56235,56245,10
12.9779996872,80.2211685181,56245,56255,10
12.9774503708,80.2212219238,56255,56265,10
12.9769001007,80.2212295532,56265,56275,10
12.9761295319,80.2214584351,56275,56304,29
12.9761295319,80.2214584351,56304,56315,11
12.976269722,80.2217636108,56315,56325,10
12.9764699936,80.2220687866,56325,56336,11
12.9767503738,80.2224884033,56336,56346,10
12.9771795273,80.223197937,56346,56356,10
12.9777202606,80.2240219116,56356,56366,10
12.9782304764,80.2248535156,56366,56376,10
12.9785604477,80.2253570557,56376,56386,10
12.9785699844,80.2253570557,56386,56396,10
12.9787597656,80.2257003784,56396,56406,10
12.9791498184,80.22631073,56406,56416,10
12.9794902802,80.2268676758,56416,56426,10
12.9799499512,80.2276229858,56426,56436,10
12.9804096222,80.2284088135,56436,56445,9
12.9808797836,80.2292175293,56445,56457,12
12.9814996719,80.2302322388,56457,56467,10
12.9816799164,80.2304916382,56467,56477,10
12.981710434,80.2305221558,56477,56487,10
12.9818496704,80.2309494019,56487,56497,10
12.9820098877,80.2316665649,56497,56507,10
12.9819803238,80.2325210571,56507,56517,10
12.9816904068,80.2333526611,56517,56527,10
12.9816198349,80.2335128784,56527,56537,10
12.9815101624,80.2337188721,56537,56547,10
12.9812402725,80.2343978882,56547,56557,10
12.9812202454,80.2354125977,56557,56567,10
12.9812602997,80.2365112305,56567,56578,11
12.9812803268,80.2377319336,56578,56588,10
12.9813299179,80.238571167,56588,56598,10
12.9813404083,80.2386932373,56598,56608,10
12.9813098907,80.2388381958,56608,56618,10
12.9813098907,80.2393417358,56618,56628,10
12.9813203812,80.2395172119,56628,56638,10
12.9813203812,80.239730835,56638,56648,10
12.9813604355,80.2402267456,56648,56658,10
12.9813804626,80.240852356,56658,56668,10
12.9813699722,80.2414932251,56668,56678,10
12.9813699722,80.2420501709,56678,56688,10
12.9813699722,80.24243927,56688,56699,11
12.9813699722,80.2427520752,56699,56709,10
12.9813299179,80.2428588867,56709,56719,10
12.9813404083,80.2433776855,56719,56729,10
12.9812402725,80.2440795898,56729,56739,10
12.9811296463,80.245010376,56739,56749,10
12.9809904099,80.2461395264,56749,56759,10
12.980890274,80.2473220825,56759,56769,10
12.9808101654,80.2484283447,56769,56779,10
12.9807195663,80.2495193481,56779,56789,10
12.9804897308,80.250579834,56789,56799,10
12.9802303314,80.2516174316,56799,56808,9
12.9801197052,80.2520675659,56808,56820,12
12.9799900055,80.2524795532,56820,56840,20
12.9799900055,80.2524795532,56840,56850,10
12.9799404144,80.2526321411,56850,56860,10
12.9796695709,80.2527999878,56860,56870,10
12.9789800644,80.2527008057,56870,56880,10
12.9781599045,80.2523117065,56880,56890,10
12.9772796631,80.2515792847,56890,56900,10
12.9761600494,80.2511825562,56900,56910,10
12.9749898911,80.2508392334,56910,56920,10
12.9738197327,80.25050354,56920,56930,10
12.9727602005,80.2502365112,56930,56941,11
12.972530365,80.2501678467,56941,56951,10
12.9720497131,80.2500076294,56951,56961,10
12.9712600708,80.2498016357,56961,56971,10
12.9702396393,80.2494888306,56971,56981,10
12.9691400528,80.2490615845,56981,56991,10
12.9680500031,80.2485961914,56991,57001,10
12.9670095444,80.2481307983,57001,57011,10
12.9660396576,80.2476806641,57011,57021,10
12.9649896622,80.2473068237,57021,57041,20
12.9649896622,80.2473068237,57041,57052,11
12.9647703171,80.2472000122,57052,57062,10
12.9641704559,80.2469863892,57062,57072,10
12.9634799957,80.2467269897,57072,57082,10
12.9626903534,80.246307373,57082,57092,10
12.9617099762,80.24584198,57092,57102,10
12.9606800079,80.2453765869,57102,57112,10
12.9596700668,80.2449493408,57112,57122,10
12.9589195251,80.2446136475,57122,57132,10
12.9581699371,80.2442626953,57132,57142,10
12.9579000473,80.244140625,57142,57152,10
12.957400322,80.2439804077,57152,57161,9
12.9565095901,80.2437362671,57161,57183,22
12.9565095901,80.2437362671,57183,57193,10
12.9561901093,80.243637085,57193,57203,10
12.9556398392,80.243309021,57203,57213,10
12.9548301697,80.2429275513,57213,57223,10
12.9538898468,80.2425308228,57223,57233,10
12.9529800415,80.2421417236,57233,57243,10
12.9520702362,80.2418136597,57243,57253,10
12.9516401291,80.2416610718,57253,57263,10
12.9516296387,80.2416610718,57263,57273,10
12.9512300491,80.2415008545,57273,57283,10
12.9504804611,80.2412490845,57283,57294,11
12.9494199753,80.2409286499,57294,57304,10
12.9485301971,80.2405929565,57304,57314,10
12.9470596313,80.2399978638,57314,57344,30
12.9470596313,80.2399978638,57344,57354,10
12.9467401505,80.2398834229,57354,57364,10
12.946100235,80.239616394,57364,57374,10
12.945309639,80.2392196655,57374,57384,10
12.9445199966,80.2384567261,57384,57394,10
12.94328022,80.2371368408,57394,57415,21
12.94328022,80.2371368408,57415,57425,10
12.9430799484,80.2369689941,57425,57435,10
12.9425201416,80.2366104126,57435,57445,10
12.9416103363,80.2363128662,57445,57455,10
12.9405002594,80.2360305786,57455,57465,10
12.9397201538,80.2358016968,57465,57475,10
12.9397001266,80.235786438,57475,57485,10
12.9394903183,80.235710144,57485,57495,10
12.9389600754,80.2354507446,57495,57505,10
12.9381504059,80.2350387573,57505,57515,10
12.9371404648,80.2345428467,57515,57525,10
12.93612957,80.234046936,57525,57536,11
12.9350795746,80.2335586548,57536,57546,10
12.9338502884,80.2330093384,57546,57566,20
12.9338502884,80.2330093384,57566,57576,10
12.9337997437,80.2330093384,57576,57586,10
12.9333095551,80.2327728271,57586,57596,10
12.932510376,80.2324371338,57596,57606,10
12.9314899445,80.2320785522,57606,57616,10
12.9303598404,80.2317123413,57616,57626,10
12.929189682,80.2314376831,57626,57636,10
12.9280099869,80.2312164307,57636,57645,9
12.9269199371,80.2311019897,57645,57657,12
12.9260902405,80.2310028076,57657,57667,10
12.9260196686,80.2309875488,57667,57677,10
12.9255304337,80.2309188843,57677,57687,10
12.9247903824,80.2308273315,57687,57697,10
12.9238395691,80.2307128906,57697,57707,10
12.9226999283,80.2305526733,57707,57717,10
12.9215202332,80.2303619385,57717,57727,10
12.92029953,80.23021698,57727,57737,10
12.9192895889,80.2301177979,57737,57747,10
12.9191102982,80.2301025391,57747,57757,10
12.9189500809,80.2300720215,57757,57766,9
12.9184303284,80.2299880981,57766,57778,12
12.9174499512,80.2298583984,57778,57788,10
12.9167404175,80.2297363281,57788,57798,10
12.9158697128,80.2296066284,57798,57808,10
12.9148902893,80.2294921875,57808,57818,10
12.9139299393,80.229347229,57818,57828,10
12.9133300781,80.2293167114,57828,57838,10
12.9132795334,80.229309082,57838,57848,10
12.9128503799,80.2292175293,57848,57858,10
12.9120597839,80.2291030884,57858,57868,10
12.9110403061,80.2289428711,57868,57878,10
12.9098901749,80.2287597656,57878,57888,10
12.9087295532,80.2285690308,57888,57899,11
12.9074802399,80.2283782959,57899,57909,10
12.9064998627,80.2282867432,57909,57919,10
12.90625,80.2282867432,57919,57929,10
12.9061498642,80.2282791138,57929,57939,10
12.9055900574,80.2282409668,57939,57949,10
12.9047203064,80.2281799316,57949,57959,10
12.9036397934,80.2281188965,57959,57969,10
12.902469635,80.2280502319,57969,57979,10
12.9013795853,80.2279815674,57979,57989,10
12.9005403519,80.2279281616,57989,57999,10
12.899600029,80.2279205322,57999,58030,31
12.899600029,80.2279205322,58030,58040,10
12.8993997574,80.227897644,58040,58050,10
12.8987903595,80.2278594971,58050,58060,10
12.8979101181,80.2278137207,58060,58070,10
12.8968400955,80.2277526855,58070,58080,10
12.8956899643,80.2276992798,58080,58090,10
12.8945102692,80.2276382446,58090,58100,10
12.8934803009,80.2275772095,58100,58110,10
12.8932104111,80.2275466919,58110,58120,10
12.8930797577,80.2275314331,58120,58130,10
12.8926200867,80.2274627686,58130,58141,11
12.8919296265,80.2274093628,58141,58151,10
12.8911104202,80.2273864746,58151,58161,10
12.8901500702,80.2273864746,58161,58171,10
12.8891000748,80.2274017334,58171,58181,10
12.8884296417,80.2273864746,58181,58191,10
12.8883800507,80.2273864746,58191,58201,10
12.8879203796,80.2273483276,58201,58211,10
12.887140274,80.2272262573,58211,58221,10
12.8861103058,80.2269821167,58221,58231,10
12.8851003647,80.2267684937,58231,58241,10
12.8847904205,80.2267608643,58241,58251,10
12.8846998215,80.2267608643,58251,58262,11
12.8841199875,80.2267379761,58262,58272,10
12.8832702637,80.2267379761,58272,58282,10
12.8821802139,80.2267379761,58282,58292,10
12.8809995651,80.2267303467,58292,58302,10
12.8797998428,80.2267379761,58302,58312,10
12.8785600662,80.2267837524,58312,58322,10
12.8773698807,80.226890564,58322,58332,10
12.8766098022,80.2269668579,58332,58342,10
12.8764295578,80.2268829346,58342,58352,10
12.8763999939,80.2266082764,58352,58372,20
12.8763999939,80.2266082764,58372,58383,11
12.8764200211,80.226348877,58383,58393,10
12.8765096664,80.2257232666,58393,58403,10
12.8765897751,80.224899292,58403,58413,10
12.876709938,80.2240524292,58413,58423,10
12.8769102097,80.2231369019,58423,58433,10
12.8771495819,80.2220993042,58433,58443,10
12.8774003983,80.2210617065,58443,58453,10
12.8776502609,80.2199630737,58453,58463,10
12.8778495789,80.219078064,58463,58473,10
12.8780698776,80.2180786133,58473,58483,10
12.8782901764,80.2169723511,58483,58494,11
12.8785600662,80.2156829834,58494,58504,10
12.8787403107,80.2149276733,58504,58514,10
12.8788204193,80.2144165039,58514,58524,10
12.8789701462,80.2136230469,58524,58534,10
12.8791599274,80.2126083374,58534,58544,10
12.8793497086,80.2115707397,58544,58554,10
12.8791999817,80.2110137939,58554,58615,61
12.8791999817,80.2110137939,58615,58625,10
12.8788604736,80.2109909058,58625,58635,10
12.8783197403,80.2108764648,58635,58645,10
12.8768997192,80.2106018066,58645,58655,10
12.8768997192,80.2106018066,58655,58665,10
12.8764200211,80.2105026245,58665,58673,8
12.87596035,80.2104187012,58673,58693,20
12.8744697571,80.2101364136,58693,58723,30
12.8744697571,80.2101364136,58723,58733,10
12.8744096756,80.2101211548,58733,58744,11
12.8743696213,80.2098236084,58744,58754,10
12.8746500015,80.2096099854,58754,58764,10
12.8746404648,80.2098464966,58764,58895,131
12.8746404648,80.2098464966,58895,58905,10
12.874710083,80.2099075317,58905,58915,10
12.8746900558,80.2100601196,58915,58925,10
12.8748197556,80.2101593018,58925,58935,10
12.8752698898,80.2102508545,58935,58945,10
12.8759498596,80.2103881836,58945,58955,10
12.8766098022,80.2105178833,58955,58964,9
12.8772001266,80.210647583,58964,58975,11
12.8780403137,80.2108230591,58975,58986,11
12.8789196014,80.2109985352,58986,58995,9
12.879240036,80.2110595703,58995,59006,11
12.8792600632,80.2110671997,59006,59016,10
12.8794803619,80.2112197876,59016,59026,10
12.8794002533,80.2117614746,59026,59036,10
12.879240036,80.2125320435,59036,59046,10
12.8790798187,80.2134017944,59046,59056,10
12.8788995743,80.2142791748,59056,59066,10
12.8787002563,80.2152709961,59066,59076,10
12.8784503937,80.2164001465,59076,59086,10
12.8782300949,80.2175674438,59086,59097,11
12.8779497147,80.2188720703,59097,59107,10
12.8776798248,80.2200393677,59107,59117,10
12.8774003983,80.2212219238,59117,59127,10
12.877120018,80.2224197388,59127,59137,10
12.8768501282,80.2235870361,59137,59147,10
12.8766498566,80.2247161865,59147,59157,10
12.876540184,80.2258224487,59157,59167,10
12.8764696121,80.2268295288,59167,59187,20
12.8764696121,80.2268295288,59187,59197,10
12.8767995834,80.2268829346,59197,59207,10
12.8774404526,80.2268295288,59207,59218,11
12.8785295486,80.2267608643,59218,59228,10
12.879699707,80.2266769409,59228,59238,10
12.880900383,80.2266769409,59238,59248,10
12.8820400238,80.2266693115,59248,59258,10
12.8831195831,80.2266693115,59258,59268,10
12.8841104507,80.2266464233,59268,59278,10
12.8845901489,80.2266464233,59278,59308,30
12.8845901489,80.2266464233,59308,59318,10
12.8848896027,80.2266769409,59318,59327,9
12.8852500916,80.2266769409,59327,59339,12
12.8858499527,80.2268066406,59339,59349,10
12.8867301941,80.2270736694,59349,59359,10
12.8877096176,80.2272567749,59359,59369,10
12.8887901306,80.2273406982,59369,59379,10
12.8899803162,80.2273178101,59379,59389,10
12.8911895752,80.2273178101,59389,59399,10
12.8921804428,80.2273483276,59399,59409,10
12.892999649,80.227432251,59409,59419,10
12.8939304352,80.2275619507,59419,59429,10
12.8942604065,80.2275619507,59429,59439,10
12.8946304321,80.2276000977,59439,59449,10
12.8954200745,80.2276306152,59449,59460,11
12.8966703415,80.2276992798,59460,59470,10
12.8977804184,80.2277603149,59470,59480,10
12.8987798691,80.2278213501,59480,59490,10
12.8995704651,80.2278823853,59490,59500,10
12.9001197815,80.227897644,59500,59510,10
12.9005804062,80.2279281616,59510,59611,101
12.9005804062,80.2279281616,59611,59621,10
12.9006099701,80.2279663086,59621,59631,10
12.9009504318,80.2279663086,59631,59641,10
12.9013795853,80.228012085,59641,59651,10
12.9019603729,80.228012085,59651,59661,10
12.9028196335,80.2280426025,59661,59681,20
12.9028196335,80.2280426025,59681,59691,10
12.9031000137,80.2280731201,59691,59702,11
12.9038696289,80.2281036377,59702,59712,10
12.9047298431,80.2281265259,59712,59742,30
12.9047298431,80.2281265259,59742,59752,10
12.9048500061,80.2281570435,59752,59762,10
12.9052600861,80.2281723022,59762,59772,10
12.9054603577,80.2281799316,59772,59782,10
12.9055204391,80.228187561,59782,59792,10
12.9059696198,80.2282028198,59792,59873,81
12.9059696198,80.2282028198,59873,59883,10
12.9060602188,80.2282867432,59883,59893,10
12.9063501358,80.2282714844,59893,59903,10
12.9068698883,80.2283096313,59903,59913,10
12.9070501328,80.2283096313,59913,59923,10
12.9072303772,80.2283096313,59923,59933,10
12.9078798294,80.2284164429,59933,59944,11
12.9089202881,80.2285995483,59944,59954,10
12.9100399017,80.2287902832,59954,59964,10
12.9111995697,80.2289733887,59964,59974,10
12.9123401642,80.229133606,59974,59984,10
12.9133701324,80.2292480469,59984,59994,10
12.9139099121,80.2293624878,59994,60004,10
12.9139204025,80.2293701172,60004,60014,10
12.9141798019,80.2294387817,60014,60024,10
12.9147500992,80.2294921875,60024,60034,10
12.9155197144,80.2295837402,60034,60044,10
12.9164400101,80.2297134399,60044,60054,10
12.9172897339,80.2298126221,60054,60065,11
12.9181699753,80.229927063,60065,60075,10
12.9188098907,80.2300262451,60075,60085,10
12.9191598892,80.2300491333,60085,60095,10
12.9193096161,80.2300567627,60095,60105,10
12.9194297791,80.2301101685,60105,60115,10
12.9199895859,80.2302017212,60115,60125,10
12.9208097458,80.2302780151,60125,60135,10
12.9218702316,80.2304229736,60135,60145,10
12.9230203629,80.2305908203,60145,60155,10
12.9241695404,80.2307510376,60155,60165,10
12.9253196716,80.2309036255,60165,60174,9
12.9262695313,80.2309799194,60174,60186,12
12.9269599915,80.2310409546,60186,60196,10
12.927189827,80.2310791016,60196,60206,10
12.9278001785,80.2311477661,60206,60216,10
12.9282197952,80.2311782837,60216,60226,10
12.928319931,80.2312011719,60226,60236,10
12.9285202026,80.2312164307,60236,60246,10
12.9288301468,80.231300354,60246,60256,10
12.9294395447,80.2314224243,60256,60266,10
12.9301996231,80.2315979004,60266,60276,10
12.9310998917,80.2318725586,60276,60286,10
12.9320402145,80.2321624756,60286,60296,10
12.9329299927,80.2324829102,60296,60307,11
12.9336395264,80.2327728271,60307,60317,10
12.9337797165,80.2328262329,60317,60327,10
12.9340200424,80.2329406738,60327,60337,10
12.9346904755,80.2332305908,60337,60347,10
12.9353904724,80.2335281372,60347,60357,10
12.9355802536,80.2336120605,60357,60367,10
12.9356803894,80.2336578369,60367,60377,10
12.9359397888,80.2338027954,60377,60387,10
12.9364795685,80.2340393066,60387,60397,10
12.937210083,80.2343902588,60397,60407,10
12.9380998611,80.2348403931,60407,60417,10
12.9388599396,80.235206604,60417,60428,11
12.9397001266,80.2356414795,60428,60448,20
12.9397001266,80.2356414795,60448,60458,10
12.9397802353,80.2356567383,60458,60468,10
12.940199852,80.2358169556,60468,60478,10
12.9409198761,80.2360305786,60478,60488,10
12.9418296814,80.2362594604,60488,60498,10
12.9428901672,80.236656189,60498,60508,10
12.9437198639,80.2374191284,60508,60518,10
12.9444999695,80.2383117676,60518,60528,10
12.9453296661,80.2391433716,60528,60538,10
12.9463396072,80.2396316528,60538,60549,11
12.9470396042,80.2398910522,60549,60559,10
12.9471197128,80.239906311,60559,60569,10
12.9475402832,80.2400894165,60569,60579,10
12.9484300613,80.2404708862,60579,60609,30
12.9484300613,80.2404708862,60609,60619,10
12.9486598969,80.2405471802,60619,60629,10
12.9491901398,80.2407608032,60629,60639,10
12.9499397278,80.2409820557,60639,60649,10
12.9506998062,80.2412261963,60649,60660,11
12.9509801865,80.2413330078,60660,60670,10
12.9510602951,80.2413787842,60670,60680,10
12.9513502121,80.2414703369,60680,60690,10
12.9517803192,80.2416305542,60690,60700,10
12.9523696899,80.2418365479,60700,60710,10
12.9531898499,80.2421417236,60710,60720,10
12.9540395737,80.2424697876,60720,60730,10
12.9548301697,80.2427825928,60730,60740,10
12.9554796219,80.2429962158,60740,60750,10
12.9562702179,80.2432479858,60750,60780,30
12.9562702179,80.2432479858,60780,60791,11
12.9564504623,80.2433395386,60791,60801,10
12.9569797516,80.243598938,60801,60811,10
12.9577598572,80.2439804077,60811,60821,10
12.9585399628,80.2443084717,60821,60831,10
12.9587097168,80.2443771362,60831,60841,10
12.9589004517,80.244468689,60841,60851,10
12.9591398239,80.2445831299,60851,60861,10
12.9596300125,80.2448196411,60861,60871,10
12.9603900909,80.2451629639,60871,60881,10
12.9613199234,80.24559021,60881,60891,10
12.9622802734,80.2460632324,60891,60902,11
12.9628000259,80.2462997437,60902,60912,10
12.9628095627,80.246307373,60912,60922,10
12.9629898071,80.2464599609,60922,60932,10
12.9633903503,80.246673584,60932,60942,10
12.9639396667,80.2469024658,60942,60952,10
12.9645795822,80.2471084595,60952,60962,10
12.9652299881,80.2473297119,60962,60972,10
12.9659795761,80.2475814819,60972,60982,10
12.9666404724,80.2478485107,60982,60992,10
12.9667797089,80.2479095459,60992,61002,10
12.9668598175,80.2479629517,61002,61012,10
12.9672698975,80.2482223511,61012,61023,11
12.9681100845,80.2485809326,61023,61033,10
12.9691200256,80.2489700317,61033,61043,10
12.970199585,80.2493972778,61043,61053,10
12.9712600708,80.2497634888,61053,61063,10
12.9722299576,80.2499923706,61063,61073,10
12.9731702805,80.2502365112,61073,61083,10
12.9740104675,80.2504272461,61083,61093,10
12.9743900299,80.2505111694,61093,61103,10
12.9746398926,80.250579834,61103,61113,10
12.9753103256,80.2507781982,61113,61123,10
12.9762296677,80.2510604858,61123,61133,10
12.9772396088,80.251411438,61133,61144,11
12.9780797958,80.2520828247,61144,61154,10
12.9789304733,80.2525405884,61154,61164,10
12.9792299271,80.2525482178,61164,61174,10
12.9794397354,80.2525405884,61174,61184,10
12.9797496796,80.2525177002,61184,61194,10
12.9798603058,80.2524490356,61194,61204,10
12.9799203873,80.2523880005,61204,61214,10
12.9799995422,80.2520370483,61214,61224,10
12.9802103043,80.2514038086,61224,61234,10
12.9804897308,80.2504501343,61234,61244,10
12.9807100296,80.2492904663,61244,61254,10
12.980799675,80.2480773926,61254,61265,11
12.9809103012,80.2467575073,61265,61275,10
12.9810199738,80.2455215454,61275,61285,10
12.9811601639,80.2443695068,61285,61295,10
12.9811601639,80.2440185547,61295,61305,10
12.981180191,80.2438583374,61305,61315,10
12.981300354,80.2436294556,61315,61325,10
12.9813404083,80.2431869507,61325,61335,10
12.9813404083,80.2429199219,61335,61345,10
12.9813404083,80.2428665161,61345,61355,10
12.9813604355,80.24269104,61355,61365,10
12.9813604355,80.2425231934,61365,61375,10
12.9813404083,80.2420578003,61375,61386,11
12.9813499451,80.2411880493,61386,61396,10
12.9813404083,80.2402572632,61396,61406,10
12.9813203812,80.2395172119,61406,61416,10
12.9812898636,80.2388381958,61416,61426,10
12.9812698364,80.23828125,61426,61436,10
12.9812602997,80.23802948,61436,61446,10
12.9812602997,80.2379226685,61446,61456,10
12.9812498093,80.237411499,61456,61466,10
12.9812402725,80.2366485596,61466,61476,10
12.9812202454,80.2358932495,61476,61486,10
12.9812002182,80.2351303101,61486,61496,10
12.9812002182,80.2344436646,61496,61507,11
12.9814596176,80.2337188721,61507,61517,10
12.9815502167,80.2335205078,61517,61527,10
12.9815797806,80.2334594727,61527,61537,10
12.981760025,80.2331237793,61537,61547,10
12.9819297791,80.2326812744,61547,61557,10
12.982000351,80.2323226929,61557,61567,10
12.9819602966,80.2320022583,61567,61577,10
12.9819297791,80.2316818237,61577,61587,10
12.9818897247,80.2313919067,61587,61597,10
12.981760025,80.2309417725,61597,61606,9
12.9815397263,80.230506897,61606,61617,11
12.9811496735,80.229850769,61617,61628,11
12.980919838,80.2294616699,61628,61638,10
12.9807596207,80.2292175293,61638,61648,10
12.9806604385,80.2290725708,61648,61658,10
12.980629921,80.2290267944,61658,61668,10
12.9805002213,80.2287597656,61668,61678,10
12.9803304672,80.2284698486,61678,61688,10
12.9803199768,80.2284622192,61688,61698,10
12.9802398682,80.2282714844,61698,61708,10
12.9800300598,80.227897644,61708,61718,10
12.97976017,80.2274475098,61718,61728,10
12.9795999527,80.227180481,61728,61738,10
12.9794502258,80.2269210815,61738,61749,11
12.9790897369,80.226348877,61749,61759,10
12.978679657,80.2256698608,61759,61769,10
12.9783201218,80.2250900269,61769,61779,10
12.9780197144,80.2246017456,61779,61789,10
12.9778003693,80.224319458,61789,61799,10
12.9775695801,80.2238922119,61799,61809,10
12.9772701263,80.2233810425,61809,61819,10
12.9769897461,80.2228927612,61819,61829,10
12.977060318,80.2227401733,61829,61839,10
12.9771299362,80.2227172852,61839,61849,10
12.9772796631,80.2227172852,61849,61860,11
12.9774904251,80.2225418091,61860,61870,10
12.9774799347,80.2220916748,61870,61880,10
12.9774398804,80.221572876,61880,61890,10
12.9775104523,80.2212677002,61890,61900,10
12.9779396057,80.2211837769,61900,61910,10
12.9785995483,80.2211380005,61910,61920,10
12.9793100357,80.2211227417,61920,61930,10
12.9800195694,80.2210617065,61930,61940,10
12.9808101654,80.2210235596,61940,61950,10
12.9815797806,80.2213287354,61950,61960,10
12.9820098877,80.2215805054,61960,61970,10
12.9825696945,80.2218093872,61970,61981,11
12.9829797745,80.2219772339,61981,61991,10
12.9832000732,80.2220916748,61991,62001,10
12.983499527,80.2222824097,62001,62011,10
12.9836597443,80.2223892212,62011,62021,10
12.9838600159,80.2225112915,62021,62031,10
12.984120369,80.22265625,62031,62041,10
12.9844102859,80.2228469849,62041,62051,10
12.9848299026,80.2230987549,62051,62061,10
12.985329628,80.2232818604,62061,62071,10
12.9856700897,80.2230300903,62071,62081,10
12.9861001968,80.2229690552,62081,62091,10
12.986120224,80.2229690552,62091,62102,11
12.9865503311,80.2229919434,62102,62132,30
12.9865503311,80.2229919434,62132,62142,10
12.9869403839,80.2230300903,62142,62152,10
12.9870004654,80.2230377197,62152,62162,10
12.9873695374,80.2230682373,62162,62172,10
12.9878902435,80.2229690552,62172,62182,10
12.9881896973,80.2228164673,62182,62192,10
12.988650322,80.222442627,62192,62202,10
12.9891004562,80.2218780518,62202,62211,9
12.9894695282,80.2213668823,62211,62223,12
12.9897203445,80.2209396362,62223,62233,10
12.9902200699,80.2204818726,62233,62243,10
12.9909095764,80.2200393677,62243,62253,10
12.9915895462,80.219543457,62253,62263,10
12.9923200607,80.2190322876,62263,62273,10
12.9930295944,80.2185211182,62273,62283,10
12.9936800003,80.2180633545,62283,62293,10
12.9942398071,80.2176513672,62293,62303,10
12.9947004318,80.217300415,62303,62313,10
12.9948196411,80.2172012329,62313,62322,9
12.9951896667,80.2169799805,62322,62333,11
12.9959897995,80.2166900635,62333,62344,11
12.9969701767,80.2165298462,62344,62354,10
12.9973802567,80.2162628174,62354,62364,10
12.9975204468,80.2161331177,62364,62374,10
12.9978504181,80.2158889771,62374,62384,10
12.9982795715,80.2154464722,62384,62394,10
12.9989595413,80.2149124146,62394,62404,10
12.9992704391,80.214630127,62404,62413,9
12.9997501373,80.2142333984,62413,62424,11
13.0003099442,80.2137680054,62424,62434,10
13.0008802414,80.2132720947,62434,62444,10
13.0012798309,80.212928772,62444,62454,10
13.0019302368,80.2124710083,62454,62465,11
13.002579689,80.2121582031,62465,62475,10
13.0031995773,80.2120819092,62475,62485,10
13.0036001205,80.2119827271,62485,62495,10
13.0036697388,80.2116775513,62495,62505,10
13.0036802292,80.2113113403,62505,62515,10
13.0036296844,80.2107925415,62515,62525,10
13.0035600662,80.2100982666,62525,62535,10
13.0035495758,80.2093505859,62535,62545,10
13.003780365,80.2086791992,62545,62555,10
13.0045099258,80.2088699341,62555,62565,10
13.0051498413,80.2091598511,62565,62576,11
13.0055103302,80.2093200684,62576,62586,10
13.0059404373,80.2094802856,62586,62596,10
13.006360054,80.2096328735,62596,62606,10
13.006819725,80.2097625732,62606,62626,20
13.006819725,80.2097625732,62626,62636,10
13.0070199966,80.2098388672,62636,62646,10
13.0072002411,80.2098388672,62646,62656,10
13.0072402954,80.2098388672,62656,62666,10
13.0075502396,80.2099227905,62666,62676,10
13.0077695847,80.2099609375,62676,62686,10
13.0080299377,80.2100219727,62686,62697,11
13.008099556,80.2096328735,62697,62707,10
13.0079698563,80.2089080811,62707,62717,10
13.0078697205,80.2081604004,62717,62727,10
13.0077600479,80.2073364258,62727,62737,10
13.0076303482,80.206489563,62737,62747,10
13.0075397491,80.2056503296,62747,62757,10
13.007519722,80.2048416138,62757,62767,10
13.0074901581,80.2040481567,62767,62777,10
13.007349968,80.2032318115,62777,62787,10
13.0068902969,80.2025680542,62787,62797,10
13.0065402985,80.2031402588,62797,62807,10
13.0070896149,80.2035675049,62807,62818,11
13.008020401,80.2037506104,62818,62828,10
13.0090103149,80.2036895752,62828,62838,10
13.0101499557,80.20362854,62838,62848,10
13.0114097595,80.203742981,62848,62858,10
13.0126304626,80.2039489746,62858,62868,10
13.0134496689,80.2041931152,62868,62878,10
13.0136003494,80.2042617798,62878,62888,10
13.0136899948,80.2043991089,62888,62898,10
13.013589859,80.2047271729,62898,62908,10
13.0133800507,80.205329895,62908,62918,10
13.0131597519,80.2060089111,62918,62928,10
13.0130500793,80.2067565918,62928,62939,11
13.0129699707,80.2075500488,62939,62949,10
13.0129003525,80.2078933716,62949,62959,10
13.0128498077,80.2083969116,62959,62969,10
13.0128698349,80.2087173462,62969,62979,10
13.0129299164,80.2091293335,62979,62989,10
13.013130188,80.2096786499,62989,62999,10
13.0131397247,80.2101669312,62999,63009,10
13.0130596161,80.2107391357,63009,63019,10
13.0128002167,80.2114181519,63019,63029,10
13.0124597549,80.2119903564,63029,63039,10
13.0121803284,80.2124099731,63039,63049,10
13.0119400024,80.2127685547,63049,63060,11
13.0117502213,80.2127914429,63060,63070,10
13.0114297867,80.2125778198,63070,63080,10
13.0109100342,80.2121582031,63080,63090,10
13.0105104446,80.2118682861,63090,63130,40
13.0101995468,80.2116394043,63130,63150,20
13.0101995468,80.2116394043,63150,63160,10
13.0098304749,80.2113265991,63160,63564,404
13.0095396042,80.2111434937,63564,63977,413
13.0095396042,80.2111434937,63977,63987,10
13.0092697144,80.2110824585,63987,63997,10
13.0091896057,80.2112579346,63997,64007,10
13.0091199875,80.2113876343,64007,64017,10
13.0090398788,80.2116394043,64017,64028,11
13.009180069,80.2121963501,64028,64038,10
13.0093803406,80.2127838135,64038,64048,10
13.00963974,80.2134628296,64048,64058,10
13.0099401474,80.2141418457,64058,64068,10
13.0101499557,80.21484375,64068,64078,10
13.0102396011,80.2155532837,64078,64088,10
13.0104999542,80.2162399292,64088,64098,10
13.0108804703,80.2170410156,64098,64108,10
13.0112695694,80.217918396,64108,64118,10
13.011639595,80.2188796997,64118,64128,10
13.0119600296,80.219909668,64128,64139,11
13.0122995377,80.2209701538,64139,64149,10
13.0124998093,80.2216491699,64149,64159,10
13.0128803253,80.2222213745,64159,64169,10
13.0131998062,80.2225494385,64169,64179,10
13.0135202408,80.2229232788,64179,64189,10
13.0139398575,80.2233963013,64189,64199,10
13.0141897202,80.2237091064,64199,64209,10
13.0145797729,80.2241821289,64209,64219,10
13.0149202347,80.224571228,64219,64229,10
13.014960289,80.224609375,64229,64239,10
13.0153102875,80.2249984741,64239,64280,41
13.0153102875,80.2249984741,64280,64290,10
13.0153598785,80.2253112793,64290,64300,10
13.0153799057,80.2256011963,64300,64310,10
13.0151700974,80.2259292603,64310,64320,10
13.0146903992,80.2261123657,64320,64330,10
13.0140695572,80.2263412476,64330,64340,10
13.0133600235,80.2266235352,64340,64350,10
13.0125598907,80.2269592285,64350,64360,10
13.0117197037,80.2272720337,64360,64370,10
13.0108699799,80.2276229858,64370,64381,11
13.0099697113,80.2279586792,64381,64391,10
13.0095300674,80.2276611328,64391,64401,10
13.0097503662,80.2271499634,64401,64411,10
13.0100297928,80.2265014648,64411,64421,10
13.0102396011,80.2259597778,64421,64431,10
13.0104703903,80.2254486084,64431,64441,10
13.0106601715,80.2250289917,64441,64451,10
13.0108604431,80.224609375,64451,64461,10
13.0110397339,80.2241363525,64461,64471,10
13.0111999512,80.2237014771,64471,64481,10
13.0113201141,80.2233734131,64481,64491,10
13.0109300613,80.2230911255,64491,64502,11
13.0103797913,80.2228164673,64502,64512,10
13.0103702545,80.2228088379,64512,64522,10
13.0102396011,80.2227096558,64522,64532,10
13.0098400116,80.2225036621,64532,64542,10
13.0092096329,80.2221298218,64542,64552,10
13.0084495544,80.2217102051,64552,64562,10
13.0075998306,80.2212677002,64562,64572,10
13.0068101883,80.2208404541,64572,64582,10
13.0059099197,80.2205810547,64582,64592,10
13.0046796799,80.2203216553,64592,64612,20
13.0046796799,80.2203216553,64612,64623,11
13.0043001175,80.2202224731,64623,64633,10
13.0036802292,80.2200698853,64633,64643,10
13.0029296875,80.219833374,64643,64653,10
13.0022497177,80.219329834,64653,64663,10
13.001660347,80.2187423706,64663,64673,10
13.0009803772,80.21824646,64673,64683,10
13.0002803802,80.2178192139,64683,64693,10
12.999540329,80.2173690796,64693,64703,10
12.9986495972,80.2169036865,64703,64713,10
12.9973602295,80.2165603638,64713,64744,31
12.9973602295,80.2165603638,64744,64754,10
12.997179985,80.216506958,64754,64764,10
12.9966497421,80.2165679932,64764,64774,10
12.9961595535,80.2167205811,64774,64784,10
12.9954500198,80.2169570923,64784,64794,10
12.9948997498,80.2172927856,64794,64804,10
12.9943799973,80.2176513672,64804,64814,10
12.9940099716,80.217880249,64814,64824,10
12.9935503006,80.2181930542,64824,64834,10
12.992939949,80.2186279297,64834,64844,10
12.9922895432,80.2191162109,64844,64853,9
12.9917402267,80.2195205688,64853,64865,12
12.9908399582,80.2201919556,64865,64885,20
12.9908399582,80.2201919556,64885,64895,10
12.9906997681,80.2202529907,64895,64905,10
12.9903297424,80.2205734253,64905,64915,10
12.989859581,80.221031189,64915,64925,10
12.9894304276,80.2215270996,64925,64935,10
12.9890699387,80.222038269,64935,64945,10
12.9887199402,80.2223968506,64945,64955,10
12.988240242,80.2228317261,64955,64965,10
12.987739563,80.2231216431,64965,64976,11
12.9876699448,80.2231369019,64976,64986,10
12.9875001907,80.2230911255,64986,64996,10
12.9870500565,80.2230377197,64996,65006,10
12.9864397049,80.2229766846,65006,65016,10
12.9858102798,80.2230377197,65016,65026,10
12.9854698181,80.2233200073,65026,65036,10
12.9850797653,80.2232437134,65036,65046,10
12.98458004,80.2230300903,65046,65056,10
12.98416996,80.2227783203,65056,65066,10
12.9836997986,80.2225265503,65066,65076,10
12.9832296371,80.2222290039,65076,65097,21
12.9832296371,80.2222290039,65097,65107,10
12.9831199646,80.2221679688,65107,65117,10
12.9828901291,80.222038269,65117,65127,10
12.9825296402,80.2218704224,65127,65137,10
12.9820899963,80.2217025757,65137,65147,10
12.9816398621,80.2213897705,65147,65157,10
12.9811601639,80.2211685181,65157,65167,10
12.9806203842,80.2210617065,65167,65177,10
12.9799499512,80.2211227417,65177,65187,10
12.9792003632,80.2211685181,65187,65197,10
12.9784603119,80.2212219238,65197,65207,10
12.9778203964,80.2212600708,65207,65218,11
12.9771604538,80.2212982178,65218,65228,10
12.9764099121,80.2212982178,65228,65258,30
12.9764099121,80.2212982178,65258,65268,10
12.9761295319,80.2211990356,65268,65278,10
12.9761800766,80.2215270996,65278,65288,10
12.9764099121,80.221862793,65288,65339,51
12.9764099121,80.221862793,65339,65349,10
12.9764699936,80.2220611572,65349,65359,10
12.9766397476,80.2223434448,65359,65369,10
12.9768600464,80.2226791382,65369,65379,10
12.9771003723,80.2230987549,65379,65389,10
12.977399826,80.2235870361,65389,65399,10
12.9777202606,80.2241210938,65399,65409,10
12.9780197144,80.2245864868,65409,65419,10
12.9783000946,80.2250366211,65419,65429,10
12.9785604477,80.225479126,65429,65439,10
12.9788503647,80.2259292603,65439,65449,10
12.9791603088,80.2264404297,65449,65460,11
12.9795198441,80.2270126343,65460,65470,10
12.9797096252,80.2273635864,65470,65480,10
12.9799499512,80.227722168,65480,65490,10
12.9802398682,80.2282028198,65490,65500,10
12.9805402756,80.228729248,65500,65510,10
12.9807701111,80.2291030884,65510,65540,30
12.9807701111,80.2291030884,65540,65550,10
12.9808998108,80.2293319702,65550,65560,10
12.9811601639,80.2297515869,65560,65571,11
12.9815702438,80.2303924561,65571,65581,10
12.9816703796,80.2305603027,65581,65591,10
12.9816904068,80.2306213379,65591,65601,10
12.9818601608,80.2310180664,65601,65611,10
12.9819803238,80.2316207886,65611,65621,10
12.9820404053,80.2321777344,65621,65631,10
12.982000351,80.2325820923,65631,65641,10
12.9818496704,80.2330780029,65641,65651,10
12.9816398621,80.2335510254,65651,65671,20
12.9816398621,80.2335510254,65671,65681,10
12.9815397263,80.2337493896,65681,65692,11
12.9812803268,80.2343521118,65692,65702,10
12.9812402725,80.2350463867,65702,65712,10
12.9812498093,80.2358016968,65712,65722,10
12.9812803268,80.236656189,65722,65732,10
12.9813098907,80.2375488281,65732,65742,10
12.9813203812,80.237953186,65742,65752,10
12.9813404083,80.2385025024,65752,65762,10
12.9813499451,80.2386779785,65762,65772,10
12.9813404083,80.2387466431,65772,65782,10
12.9813604355,80.2391967773,65782,65792,10
12.9813699722,80.2397689819,65792,65802,10
12.9813899994,80.2405014038,65802,65813,11
12.9813995361,80.2413864136,65813,65823,10
12.9814195633,80.2420578003,65823,65833,10
12.9814300537,80.2429122925,65833,65853,20
12.9814300537,80.2429122925,65853,65863,10
12.9814300537,80.2430877686,65863,65873,10
12.9814100266,80.2436065674,65873,65883,10
12.981300354,80.244392395,65883,65893,10
12.9811897278,80.2453536987,65893,65903,10
12.9810495377,80.2464294434,65903,65913,10
12.9809303284,80.2475814819,65913,65923,10
12.9808301926,80.2487411499,65923,65934,11
12.9806804657,80.2500228882,65934,65944,10
12.980389595,80.2511520386,65944,65954,10
12.9801597595,80.2520523071,65954,65964,10
12.9800300598,80.2523498535,65964,65974,10
12.979929924,80.2526321411,65974,65984,10
12.9798402786,80.252822876,65984,65994,10
12.97935009,80.2527694702,65994,66004,10
12.9788599014,80.2527084351,66004,66024,20
12.9788599014,80.2527084351,66024,66034,10
12.9785499573,80.252571106,66034,66045,11
12.9780197144,80.2521896362,66045,66055,10
12.9774198532,80.2516708374,66055,66065,10
12.9766302109,80.2513275146,66065,66075,10
12.9757499695,80.2510681152,66075,66085,10
12.974820137,80.250793457,66085,66095,10
12.9739103317,80.2505264282,66095,66105,10
12.9726696014,80.2502365112,66105,66125,20
12.9726696014,80.2502365112,66125,66135,10
12.9723701477,80.2501068115,66135,66145,10
12.9717798233,80.249961853,66145,66155,10
12.9709997177,80.2497711182,66155,66166,11
12.9701004028,80.2495193481,66166,66176,10
12.9692602158,80.249168396,66176,66186,10
12.9684095383,80.248840332,66186,66196,10
12.9675302505,80.2484893799,66196,66206,10
12.966799736,80.2481231689,66206,66216,10
12.9660797119,80.2477798462,66216,66226,10
12.9653997421,80.2475509644,66226,66236,10
12.9650297165,80.2474365234,66236,66256,20
12.9650297165,80.2474365234,66256,66266,10
12.964679718,80.2472915649,66266,66276,10
12.9641304016,80.2470703125,66276,66287,11
12.9634895325,80.2468338013,66287,66297,10
12.9629297256,80.2465362549,66297,66307,10
12.9622602463,80.2462234497,66307,66317,10
12.9615402222,80.2458572388,66317,66327,10
12.9608001709,80.2455062866,66327,66337,10
12.9600400925,80.2451629639,66337,66347,10
12.9593000412,80.2448272705,66347,66367,20
12.9593000412,80.2448272705,66367,66377,10
12.9590196609,80.244682312,66377,66387,10
12.9584703445,80.2444381714,66387,66397,10
12.9579000473,80.244178772,66397,66408,11
12.9572496414,80.2439117432,66408,66418,10
12.956489563,80.2435684204,66418,66438,20
12.956489563,80.2435684204,66438,66448,10
12.9561300278,80.2434387207,66448,66458,10
12.955499649,80.2431869507,66458,66468,10
12.9547700882,80.2428970337,66468,66478,10
12.9540395737,80.2425994873,66478,66488,10
12.9532604218,80.2422790527,66488,66498,10
12.9524497986,80.2419815063,66498,66508,10
12.9516897202,80.2417068481,66508,66529,21
12.9516897202,80.2417068481,66529,66539,10
12.9514398575,80.241607666,66539,66549,10
12.9509601593,80.2414474487,66549,66557,8
12.950510025,80.241317749,66557,66569,12
12.949839592,80.2411193848,66569,66589,20
12.949839592,80.2411193848,66589,66599,10
12.9497299194,80.2410888672,66599,66609,10
12.949669838,80.2410812378,66609,66619,10
12.9495000839,80.2410430908,66619,66629,10
12.9492101669,80.2409286499,66629,66640,11
12.9487304688,80.2407226563,66640,66650,10
12.9480304718,80.2404327393,66650,66660,10
12.9473800659,80.2401580811,66660,66670,10
12.9470996857,80.2400588989,66670,66680,10
12.9470701218,80.2400512695,66680,66690,10
12.9470500946,80.2400436401,66690,66700,10
12.9467000961,80.2398910522,66700,66710,10
12.946100235,80.2396392822,66710,66720,10
12.945400238,80.2392807007,66720,66730,10
12.9447603226,80.2387237549,66730,66740,10
12.9441099167,80.2380523682,66740,66750,10
12.943570137,80.2374191284,66750,66761,11
12.9433097839,80.237197876,66761,66771,10
12.9432201385,80.2370986938,66771,66781,10
12.9427900314,80.2367706299,66781,66791,10
12.9420499802,80.2364578247,66791,66801,10
12.9411802292,80.2362365723,66801,66811,10
12.9403400421,80.2360229492,66811,66821,10
12.9392995834,80.2356567383,66821,66841,20
12.9392995834,80.2356567383,66841,66851,10
12.9389896393,80.2354736328,66851,66861,10
12.9384403229,80.2351608276,66861,66871,10
12.9377098083,80.2348098755,66871,66882,11
12.9368000031,80.2343673706,66882,66892,10
12.935959816,80.2339782715,66892,66902,10
12.9351596832,80.2336120605,66902,66912,10
12.9338998795,80.2330474854,66912,66932,20
12.9338998795,80.2330474854,66932,66942,10
12.9338302612,80.233001709,66942,66952,10
12.9334001541,80.2328033447,66952,66962,10
12.9327402115,80.2325286865,66962,66972,10
12.9319095612,80.2322387695,66972,66982,10
12.9309997559,80.2319335938,66982,66992,10
12.9300203323,80.2316589355,66992,67003,11
12.9289999008,80.2314376831,67003,67013,10
12.9280700684,80.2312774658,67013,67023,10
12.9270801544,80.2311630249,67023,67033,10
12.9258499146,80.231048584,67033,67053,20
12.9258499146,80.231048584,67053,67063,10
12.9255304337,80.2309875488,67063,67073,10
12.9249601364,80.2309494019,67073,67083,10
12.9241800308,80.2308425903,67083,67093,10
12.9232702255,80.2306976318,67093,67103,10
12.9222602844,80.2305526733,67103,67114,11
12.9212198257,80.2304077148,67114,67124,10
12.9202604294,80.2302932739,67124,67134,10
12.9191799164,80.2301635742,67134,67154,20
12.9191799164,80.2301635742,67154,67164,10
12.9188203812,80.2301330566,67164,67174,10
12.9182701111,80.2300567627,67174,67184,10
12.9176197052,80.2299499512,67184,67194,10
12.9169797897,80.2298965454,67194,67204,10
12.9161500931,80.2297592163,67204,67214,10
12.9152097702,80.229637146,67214,67224,10
12.9142503738,80.2294921875,67224,67235,11
12.913359642,80.2294006348,67235,67265,30
12.913359642,80.2294006348,67265,67275,10
12.9130601883,80.2293624878,67275,67285,10
12.9124097824,80.2292404175,67285,67295,10
12.9115400314,80.2291183472,67295,67305,10
12.9105195999,80.2289505005,67305,67315,10
12.9095602036,80.2287826538,67315,67325,10
12.9088201523,80.2286605835,67325,67335,10
12.9085197449,80.2285995483,67335,67345,10
12.9085102081,80.2285919189,67345,67356,11
12.9081897736,80.2285614014,67356,67366,10
12.9076499939,80.2284927368,67366,67376,10
12.9072303772,80.2284164429,67376,67386,10
12.9068403244,80.2284088135,67386,67396,10
12.9059696198,80.2283477783,67396,67416,20
12.9059696198,80.2283477783,67416,67426,10
12.9055595398,80.2283325195,67426,67436,10
12.9048204422,80.2282714844,67436,67446,10
12.9040803909,80.2282104492,67446,67456,10
12.9033203125,80.228187561,67456,67466,10
12.9028902054,80.2281799316,67466,67527,61
12.9028902054,80.2281799316,67527,67537,10
12.9026403427,80.228187561,67537,67547,10
12.9021596909,80.2281570435,67547,67557,10
12.9016504288,80.2281112671,67557,67567,10
12.9012002945,80.2281112671,67567,67577,10
12.9008703232,80.2280578613,67577,67588,11
12.9005699158,80.2280273438,67588,67598,10
12.9002199173,80.2280426025,67598,67608,10
12.8999795914,80.228012085,67608,67618,10
12.8998403549,80.2279968262,67618,67628,10
12.8994503021,80.2279815674,67628,67638,10
12.8990602493,80.2279663086,67638,67658,20
12.8990602493,80.2279663086,67658,67668,10
12.8989200592,80.2279129028,67668,67678,10
12.898639679,80.2278823853,67678,67688,10
12.8981304169,80.2278671265,67688,67698,10
12.8973999023,80.2278289795,67698,67709,11
12.8964595795,80.2277908325,67709,67719,10
12.8955001831,80.2277603149,67719,67729,10
12.8945703506,80.227722168,67729,67739,10
12.8931903839,80.2275924683,67739,67759,20
12.8931903839,80.2275924683,67759,67769,10
12.8928699493,80.2275466919,67769,67779,10
12.8925304413,80.2274780273,67779,67789,10
12.8920602798,80.2274703979,67789,67799,10
12.891500473,80.2274627686,67799,67809,10
12.8905897141,80.2274780273,67809,67870,61
12.8905897141,80.2274780273,67870,67880,10
12.8902702332,80.2274398804,67880,67890,10
12.8897399902,80.2274475098,67890,67900,10
12.8890800476,80.2274475098,67900,67910,10
12.8884897232,80.2274398804,67910,67920,10
12.888420105,80.2274475098,67920,67930,10
12.8882799149,80.2274475098,67930,67939,9
12.8878803253,80.2274017334,67939,67951,12
12.8869800568,80.2272491455,67951,67961,10
12.8860502243,80.2270202637,67961,67971,10
12.8852100372,80.2268371582,67971,67981,10
12.8848495483,80.2268066406,67981,67991,10
12.8848400116,80.2268066406,67991,68001,10
12.8847398758,80.2268218994,68001,68011,10
12.8842201233,80.2268218994,68011,68021,10
12.8834104538,80.2268218994,68021,68031,10
12.8824396133,80.2268218994,68031,68041,10
12.8814897537,80.2268218994,68041,68051,10
12.8804597855,80.2268218994,68051,68062,11
12.8792104721,80.2268371582,68062,68072,10
12.878080368,80.2269134521,68072,68082,10
12.8767004013,80.2270202637,68082,68132,50
12.8767004013,80.2270202637,68132,68142,10
12.8764801025,80.2269821167,68142,68152,10
12.8763999939,80.2265701294,68152,68172,20
12.8763999939,80.2265701294,68172,68183,11
12.8764200211,80.2264862061,68183,68193,10
12.8764696121,80.2260284424,68193,68203,10
12.8765497208,80.2252807617,68203,68213,10
12.8766498566,80.2244186401,68213,68223,10
12.8768100739,80.2235488892,68223,68233,10
12.8770303726,80.2226409912,68233,68243,10
12.877240181,80.2217407227,68243,68253,10
12.8774595261,80.2207794189,68253,68263,10
12.8776798248,80.2198410034,68263,68273,10
12.877869606,80.2190322876,68273,68283,10
12.8780698776,80.2180786133,68283,68293,10
12.8782596588,80.2171020508,68293,68304,11
12.8784599304,80.2160797119,68304,68314,10
12.8784999847,80.2157592773,68314,68364,50
12.8784999847,80.2157592773,68364,68374,10
12.8786001205,80.215461731,68374,68384,10
12.8787403107,80.2148132324,68384,68394,10
12.8788900375,80.2139434814,68394,68404,10
12.879070282,80.2129821777,68404,68413,9
12.879240036,80.2121124268,68413,68425,12
12.8791599274,80.2110519409,68425,68505,80
12.8791599274,80.2110519409,68505,68515,10
12.8788700104,80.2109985352,68515,68525,10
12.8785400391,80.2109222412,68525,68536,11
12.8779602051,80.2108078003,68536,68546,10
12.8773403168,80.2106704712,68546,68556,10
12.8768997192,80.2105865479,68556,68566,10
12.8760595322,80.2104568481,68566,68586,20
12.8760595322,80.2104568481,68586,68596,10
12.8758401871,80.2104263306,68596,68606,10
12.8752698898,80.2103424072,68606,68616,10
12.8745603561,80.2101974487,68616,68667,51
12.8745603561,80.2101974487,68667,68677,10
12.8743696213,80.2100982666,68677,68687,10
12.8744297028,80.2097015381,68687,68697,10
12.8746004105,80.2098999023,68697,69209,512
12.8746004105,80.2098999023,69209,69219,10
12.8746795654,80.2099380493,69219,69229,10
12.8747596741,80.2101821899,69229,69239,10
12.8751602173,80.2102584839,69239,69250,11
12.8762397766,80.2104797363,69250,69260,10
12.8762397766,80.2104797363,69260,69269,9
12.8765497208,80.2105407715,69269,69280,11
12.8792800903,80.2110671997,69280,69347,67
12.8792800903,80.2110671997,69347,69378,31
12.8791999817,80.212677002,69378,69388,10
12.8790502548,80.213470459,69388,69398,10
12.8788995743,80.214302063,69398,69408,10
12.8787298203,80.2151412964,69408,69418,10
12.8785495758,80.2159423828,69418,69428,10
12.8783798218,80.2167434692,69428,69438,10
12.8782100677,80.2176208496,69438,69448,10
12.8780298233,80.2185287476,69448,69458,10
12.877820015,80.2194366455,69458,69468,10
12.8775901794,80.220413208,69468,69478,10
12.8773698807,80.2213516235,69478,69489,11
12.8771400452,80.2223815918,69489,69499,10
12.8769302368,80.2232894897,69499,69509,10
12.8767404556,80.2241592407,69509,69519,10
12.8766202927,80.2250900269,69519,69529,10
12.8765296936,80.2259597778,69529,69539,10
12.8764400482,80.2267837524,69539,69579,40
12.8764400482,80.2267837524,69579,69589,10
12.8766803741,80.2269363403,69589,69599,10
12.8772602081,80.2268829346,69599,69610,11
12.8782901764,80.2268295288,69610,69620,10
12.87940979,80.2267608643,69620,69630,10
12.8805704117,80.2267379761,69630,69640,10
12.8816995621,80.2267303467,69640,69650,10
12.8828601837,80.2267227173,69650,69660,10
12.8840103149,80.2267227173,69660,69670,10
12.885020256,80.2267227173,69670,69680,10
12.8852300644,80.2267303467,69680,69690,10
12.8854703903,80.2267684937,69690,69700,10
12.8861198425,80.2269287109,69700,69710,10
12.8869695663,80.227142334,69710,69720,10
12.8878097534,80.2272567749,69720,69731,11
12.8885202408,80.2273178101,69731,69741,10
12.8886098862,80.2273330688,69741,69751,10
12.8891496658,80.2273406982,69751,69761,10
12.8900003433,80.2273483276,69761,69771,10
12.8909902573,80.2273635864,69771,69781,10
12.8920202255,80.2273712158,69781,69791,10
12.8929395676,80.2274475098,69791,69801,10
12.8938703537,80.2275619507,69801,69811,10
12.8941297531,80.2275772095,69811,69821,10
12.8943595886,80.2276000977,69821,69831,10
12.8950195313,80.2276306152,69831,69841,10
12.8959598541,80.2276763916,69841,69852,11
12.8971004486,80.2277297974,69852,69862,10
12.8981304169,80.2277908325,69862,69872,10
12.8989896774,80.2278518677,69872,69882,10
12.8997898102,80.2278900146,69882,69892,10
12.9005403519,80.2279205322,69892,69902,10
12.9010601044,80.2279586792,69902,69912,10
12.9017601013,80.228012085,69912,69922,10
12.9029302597,80.2280502319,69922,69942,20
12.9029302597,80.2280502319,69942,69952,10
12.9029397964,80.2280578613,69952,69963,11
12.9033403397,80.2280578613,69963,69973,10
12.9037799835,80.2281036377,69973,69983,10
12.9040699005,80.2281188965,69983,70043,60
12.9040699005,80.2281188965,70043,70053,10
12.9041996002,80.2281265259,70053,70063,10
12.9044504166,80.2281494141,70063,70072,9
12.9046602249,80.2281723022,70072,70084,12
12.9048595428,80.228187561,70084,70094,10
12.9050598145,80.2281799316,70094,70104,10
12.9052000046,80.2281799316,70104,70114,10
12.9053001404,80.228187561,70114,70124,10
12.9055500031,80.2282180786,70124,70134,10
12.9058504105,80.2282409668,70134,70144,10
12.9060401917,80.2283630371,70144,70154,10
12.9061803818,80.2283401489,70154,70164,10
12.9065599442,80.2283401489,70164,70174,10
12.9070196152,80.2284011841,70174,70184,10
12.9077396393,80.228477478,70184,70193,9
12.9085102081,80.2285995483,70193,70205,12
12.9095802307,80.2287597656,70205,70215,10
12.9105195999,80.2289123535,70215,70225,10
12.9115200043,80.2290420532,70225,70235,10
12.9124498367,80.2291564941,70235,70245,10
12.9139204025,80.229347229,70245,70265,20
12.9139204025,80.229347229,70265,70275,10
12.9140501022,80.2293930054,70275,70285,10
12.9145803452,80.2294464111,70285,70295,10
12.9153795242,80.2295684814,70295,70305,10
12.916179657,80.2296676636,70305,70315,10
12.9167299271,80.2297363281,70315,70326,11
12.9170598984,80.2297973633,70326,70336,10
12.9176397324,80.2298812866,70336,70346,10
12.9183397293,80.2299575806,70346,70356,10
12.9190196991,80.2300491333,70356,70366,10
12.9194097519,80.2300796509,70366,70386,20
12.9194097519,80.2300796509,70386,70396,10
12.9195995331,80.2301330566,70396,70406,10
12.9199695587,80.2301712036,70406,70416,10
12.9205303192,80.2302398682,70416,70426,10
12.9211702347,80.2303237915,70426,70436,10
12.9218301773,80.2304000854,70436,70447,11
12.9225597382,80.230506897,70447,70457,10
12.9232902527,80.2306213379,70457,70467,10
12.9240703583,80.2307281494,70467,70477,10
12.9248504639,80.2308425903,70477,70487,10
12.9257097244,80.2309494019,70487,70497,10
12.9263496399,80.2310180664,70497,70507,10
12.9263801575,80.2310180664,70507,70517,10
12.9265298843,80.2310409546,70517,70527,10
12.9270095825,80.2311019897,70527,70537,10
12.9275798798,80.2311706543,70537,70547,10
12.9281997681,80.2312393188,70547,70558,11
12.9286699295,80.2313232422,70558,70568,10
12.9291601181,80.2314071655,70568,70578,10
12.9297199249,80.2315216064,70578,70588,10
12.9303197861,80.2316665649,70588,70598,10
12.9310503006,80.2318725586,70598,70608,10
12.9319095612,80.2321166992,70608,70618,10
12.9328298569,80.2323989868,70618,70628,10
12.9334897995,80.2326889038,70628,70638,10
12.9335899353,80.2327270508,70638,70648,10
12.9336700439,80.2327804565,70648,70658,10
12.9338598251,80.2328796387,70658,70667,9
12.9342803955,80.2330780029,70667,70679,12
12.934969902,80.2333984375,70679,70689,10
12.9355602264,80.2336502075,70689,70699,10
12.9361600876,80.2339324951,70699,70709,10
12.9368801117,80.2342834473,70709,70719,10
12.9377298355,80.2346878052,70719,70729,10
12.9385995865,80.2351226807,70729,70739,10
12.939160347,80.2354125977,70739,70749,10
12.9393196106,80.2354888916,70749,70759,10
12.9393901825,80.2355422974,70759,70769,10
12.939789772,80.2357330322,70769,70779,10
12.9404296875,80.2359619141,70779,70789,10
12.9411401749,80.2361297607,70789,70800,11
12.9420499802,80.2363433838,70800,70810,10
12.9428701401,80.2366790771,70810,70820,10
12.9434099197,80.2370986938,70820,70830,10
12.9436998367,80.237411499,70830,70840,10
12.9438199997,80.2375869751,70840,70850,10
12.9442796707,80.2380599976,70850,70860,10
12.9448003769,80.2386474609,70860,70870,10
12.9452400208,80.2390823364,70870,70880,10
12.9457397461,80.239402771,70880,70890,10
12.9463396072,80.2396392822,70890,70899,9
12.9467201233,80.2397918701,70899,70910,11
12.9470996857,80.2399368286,70910,70921,11
12.9471797943,80.239982605,70921,70931,10
12.9475803375,80.2401504517,70931,70941,10
12.9481296539,80.2403717041,70941,70951,10
12.9486598969,80.240562439,70951,70961,10
12.9491195679,80.2407608032,70961,70971,10
12.9496202469,80.2409210205,70971,70981,10
12.9501304626,80.2410888672,70981,70991,10
12.9505901337,80.2412490845,70991,71001,10
12.9508495331,80.241317749,71001,71011,10
12.9509897232,80.2413635254,71011,71020,9
12.9511404037,80.2414169312,71020,71032,12
12.9513597488,80.2415084839,71032,71042,10
12.9516401291,80.2416000366,71042,71052,10
12.9521503448,80.2417907715,71052,71062,10
12.9527997971,80.2420425415,71062,71072,10
12.9535102844,80.2423171997,71072,71082,10
12.9538803101,80.2424621582,71082,71092,10
12.9542598724,80.2426071167,71092,71102,10
12.9548797607,80.2428512573,71102,71112,10
12.9555196762,80.2430725098,71112,71122,10
12.9562196732,80.2432785034,71122,71132,10
12.9564599991,80.2433700562,71132,71142,10
12.9570302963,80.2436676025,71142,71153,11
12.9576797485,80.2439880371,71153,71163,10
12.9582595825,80.2442321777,71163,71173,10
12.9585695267,80.2443618774,71173,71183,10
12.9586200714,80.2443771362,71183,71193,10
12.9587202072,80.244430542,71193,71203,10
12.9590797424,80.2446136475,71203,71213,10
12.9596004486,80.2448425293,71213,71223,10
12.9603004456,80.2451477051,71223,71233,10
12.9610795975,80.2455062866,71233,71243,10
12.9618797302,80.2458877563,71243,71253,10
12.962439537,80.2461929321,71253,71263,10
12.9632301331,80.24659729,71263,71344,81
12.9632301331,80.24659729,71344,71354,10
12.9633798599,80.246711731,71354,71364,10
12.9637699127,80.2468795776,71364,71374,10
12.9643802643,80.2470932007,71374,71385,11
12.9651699066,80.2473602295,71385,71395,10
12.9659404755,80.2476196289,71395,71405,10
12.9664497375,80.2478179932,71405,71435,30
12.9664497375,80.2478179932,71435,71445,10
12.9667901993,80.2480010986,71445,71455,10
12.9672899246,80.2482299805,71455,71465,10
12.968000412,80.2485275269,71465,71475,10
12.9687995911,80.248878479,71475,71485,10
12.9697399139,80.2492294312,71485,71495,10
12.9707803726,80.2496185303,71495,71506,11
12.9719104767,80.2499389648,71506,71516,10
12.9728899002,80.2501983643,71516,71526,10
12.9737796783,80.2504196167,71526,71536,10
12.9746198654,80.2506027222,71536,71546,10
12.9747104645,80.2506408691,71546,71556,10
12.9750299454,80.2507400513,71556,71566,10
12.975689888,80.2509384155,71566,71576,10
12.9765396118,80.2511825562,71576,71586,10
12.9774103165,80.2515563965,71586,71596,10
12.9781303406,80.2521514893,71596,71606,10
12.9786596298,80.252456665,71606,71616,10
12.9792098999,80.2525787354,71616,71627,11
12.9799203873,80.2524032593,71627,71657,30
12.9799203873,80.2524032593,71657,71667,10
12.9799404144,80.2522201538,71667,71677,10
12.9800195694,80.2518463135,71677,71687,10
12.9801998138,80.2513427734,71687,71697,10
12.9803800583,80.2506713867,71697,71707,10
12.9805498123,80.2499771118,71707,71717,10
12.9806499481,80.2492218018,71717,71727,10
12.9806604385,80.2481918335,71727,71959,232
12.9806604385,80.2481918335,71959,71969,10
12.9806995392,80.2478790283,71969,71978,9
12.9807500839,80.2473831177,71978,71990,12
12.9808502197,80.2464294434,71990,72000,10
12.9809503555,80.2455596924,72000,72010,10
12.9810495377,80.244720459,72010,72020,10
12.9811000824,80.2441482544,72020,72030,10
12.9811201096,80.2439422607,72030,72040,10
12.9811601639,80.2437896729,72040,72050,10
12.9811897278,80.2437362671,72050,72060,10
12.9812498093,80.2436294556,72060,72070,10
12.9812698364,80.2434616089,72070,72080,10
12.9812803268,80.2428817749,72080,72101,21
12.9812803268,80.2428817749,72101,72111,10
12.9813098907,80.242729187,72111,72121,10
12.9813203812,80.2424468994,72121,72131,10
12.9813098907,80.2419815063,72131,72141,10
12.9813098907,80.2414932251,72141,72181,40
12.9813098907,80.2414932251,72181,72191,10
12.9813098907,80.2411117554,72191,72201,10
12.981300354,80.2409515381,72201,72211,10
12.981300354,80.2409210205,72211,72222,11
12.9812898636,80.2408065796,72222,72232,10
12.9812898636,80.2406997681,72232,72242,10
12.9812803268,80.2405471802,72242,72252,10
12.9812803268,80.2403335571,72252,72262,10
12.9812803268,80.2403106689,72262,72272,10
12.9812898636,80.240196228,72272,72282,10
12.9812803268,80.2400665283,72282,72292,10
12.9812698364,80.2398300171,72292,72302,10
12.9812602997,80.239440918,72302,72312,10
12.9812402725,80.2389373779,72312,72322,10
12.9812202454,80.2382965088,72322,72331,9
12.9812202454,80.2380065918,72331,72343,12
12.9812202454,80.2378768921,72343,72353,10
12.9812097549,80.2373809814,72353,72363,10
12.9811897278,80.2366333008,72363,72373,10
12.9811697006,80.2358474731,72373,72383,10
12.9811296463,80.2348022461,72383,72413,30
12.9811296463,80.2348022461,72413,72423,10
12.9811401367,80.2345428467,72423,72433,10
12.9811897278,80.2342681885,72433,72443,10
12.9812097549,80.2341995239,72443,72453,10
12.9812803268,80.2340393066,72453,72464,11
12.9813699722,80.2338485718,72464,72474,10
12.9815196991,80.2335128784,72474,72494,20
12.9815196991,80.2335128784,72494,72504,10
12.9816503525,80.2332611084,72504,72514,10
12.9817304611,80.2330932617,72514,72524,10
12.9818096161,80.2328796387,72524,72534,10
12.9818496704,80.2327880859,72534,72544,10
12.9819097519,80.2326202393,72544,72554,10
12.9819498062,80.2323532104,72554,72563,9
12.9819297791,80.2320404053,72563,72574,11
12.9819202423,80.2316131592,72574,72585,11
12.9818496704,80.231262207,72585,72595,10
12.9817199707,80.2308578491,72595,72605,10
12.9814901352,80.23046875,72605,72615,10
12.9812097549,80.2300186157,72615,72625,10
12.9810199738,80.2296981812,72625,72635,10
12.9808998108,80.2295227051,72635,72645,10
12.9808101654,80.2293167114,72645,72655,10
12.980629921,80.2291107178,72655,72665,10
12.9805603027,80.2290115356,72665,72675,10
12.9805402756,80.2289199829,72675,72685,10
12.9803304672,80.2285766602,72685,72696,11
12.9801797867,80.2282180786,72696,72706,10
12.9799203873,80.2278137207,72706,72716,10
12.9796104431,80.2272872925,72716,72726,10
12.9792499542,80.2266616821,72726,72736,10
12.9786396027,80.2256317139,72736,72756,20
12.9786396027,80.2256317139,72756,72766,10
12.9785003662,80.225440979,72766,72786,20
12.9785003662,80.225440979,72786,72796,10
12.9783496857,80.225189209,72796,72806,10
12.9783096313,80.2251205444,72806,72817,11
12.978219986,80.2249908447,72817,72827,10
12.9781303406,80.2248382568,72827,72837,10
12.9779500961,80.2245864868,72837,72847,10
12.9777097702,80.2242507935,72847,72857,10
12.9774503708,80.2238235474,72857,72867,10
12.9771795273,80.2233810425,72867,72877,10
12.9770097733,80.2230987549,72877,72887,10
12.976940155,80.2229614258,72887,72897,10
12.9769096375,80.22290802,72897,72907,10
12.9771003723,80.2227401733,72907,72938,31
12.9771003723,80.2227401733,72938,72948,10
12.9773197174,80.2227172852,72948,72958,10
12.9774398804,80.2225265503,72958,72968,10
12.9774799347,80.2221221924,72968,72978,10
12.9774904251,80.2216796875,72978,72988,10
12.9774599075,80.2213516235,72988,72998,10
12.9776096344,80.2212219238,72998,73008,10
12.9778900146,80.2211990356,73008,73018,10
12.9782600403,80.2211608887,73018,73028,10
12.9788398743,80.2211074829,73028,73038,10
12.9795999527,80.2210617065,73038,73048,10
12.9802799225,80.2210388184,73048,73059,11
12.9810304642,80.2210922241,73059,73069,10
12.9817304611,80.2214813232,73069,73079,10
12.9822397232,80.2217407227,73079,73089,10
12.9828395844,80.2219619751,73089,73139,50
12.9828395844,80.2219619751,73139,73149,10
12.9831695557,80.22215271,73149,73158,9
12.9831895828,80.2221603394,73158,73170,12
12.9834403992,80.2223434448,73170,73180,10
12.9836797714,80.2224884033,73180,73190,10
12.9840297699,80.2227020264,73190,73200,10
12.9843301773,80.2228775024,73200,73210,10
12.9848203659,80.2231826782,73210,73220,10
12.9853601456,80.2233200073,73220,73230,10
12.9856395721,80.2230606079,73230,73240,10
12.9861803055,80.2229766846,73240,73250,10
12.9863996506,80.2229919434,73250,73260,10
12.9865198135,80.2229919434,73260,73270,10
12.9868803024,80.2230300903,73270,73280,10
12.9872198105,80.2230834961,73280,73291,11
12.9875402451,80.2230834961,73291,73301,10
12.9880304337,80.2228393555,73301,73311,10
12.9885597229,80.2224121094,73311,73321,10
12.98898983,80.2219161987,73321,73331,10
12.98939991,80.2214126587,73331,73341,10
12.9899101257,80.2207717896,73341,73351,10
12.99036026,80.2203979492,73351,73361,10
12.9903697968,80.2203979492,73361,73371,10
12.9906301498,80.2202224731,73371,73381,10
12.9909696579,80.2199325562,73381,73391,10
12.9912796021,80.2196884155,73391,73401,10
12.9914999008,80.219543457,73401,73412,11
12.9918603897,80.2193069458,73412,73422,10
12.9923400879,80.2189483643,73422,73432,10
12.9929599762,80.218460083,73432,73442,10
12.9936599731,80.2179870605,73442,73452,10
12.9941701889,80.2176132202,73452,73462,10
12.9945497513,80.2173080444,73462,73472,10
12.9948596954,80.2170791626,73472,73482,10
12.9952402115,80.2168731689,73482,73492,10
12.9956502914,80.2166900635,73492,73502,10
12.9960403442,80.2166137695,73502,73512,10
12.9963998795,80.2165527344,73512,73522,10
12.9968500137,80.2164916992,73522,73533,11
12.9972400665,80.2163314819,73533,73543,10
12.9975004196,80.2161026001,73543,73553,10
12.9975996017,80.2160263062,73553,73563,10
12.9979095459,80.2157516479,73563,73573,10
12.9983100891,80.2153701782,73573,73583,10
12.998840332,80.2148971558,73583,73593,10
12.9991598129,80.2146377563,73593,73603,10
12.9996004105,80.2142715454,73603,73613,10
13.0000600815,80.2138977051,73613,73623,10
13.0005598068,80.2134475708,73623,73633,10
13.0010299683,80.2130432129,73633,73644,11
13.0012197495,80.2128982544,73644,73654,10
13.0015602112,80.212638855,73654,73664,10
13.0018796921,80.2124328613,73664,73674,10
13.0023002625,80.2122192383,73674,73684,10
13.0025997162,80.2121429443,73684,73694,10
13.0030403137,80.212097168,73694,73704,10
13.0035800934,80.2119903564,73704,73724,20
13.0035800934,80.2119903564,73724,73734,10
13.0036697388,80.2117004395,73734,73744,10
13.0036401749,80.2110824585,73744,73754,10
13.0035495758,80.2103805542,73754,73765,11
13.0034799576,80.2097015381,73765,73775,10
13.0035600662,80.2091598511,73775,73785,10
13.0037698746,80.2087097168,73785,73795,10
13.0043401718,80.2088470459,73795,73805,10
13.0049200058,80.2090988159,73805,73815,10
13.0055103302,80.2093811035,73815,73825,10
13.0060901642,80.2095870972,73825,73835,10
13.0061702728,80.209602356,73835,73845,10
13.0063199997,80.2096405029,73845,73855,10
13.0068397522,80.2097702026,73855,73976,121
13.0068397522,80.2097702026,73976,73986,10
13.0071001053,80.2098693848,73986,73996,10
13.0074996948,80.2099304199,73996,74007,11
13.0079698563,80.2100067139,74007,74017,10
13.0081300735,80.2098464966,74017,74027,10
13.008020401,80.2093963623,74027,74037,10
13.0078601837,80.2086486816,74037,74087,50
13.0078601837,80.2086486816,74087,74097,10
13.0078001022,80.2082901001,74097,74107,10
13.0077199936,80.2078018188,74107,74117,10
13.0076398849,80.2070236206,74117,74128,11
13.0075397491,80.2062225342,74128,74138,10
13.0074796677,80.2056121826,74138,74148,10
13.0074796677,80.2049636841,74148,74158,10
13.0074596405,80.2042694092,74158,74168,10
13.0073795319,80.2035598755,74168,74178,10
13.0072202682,80.202796936,74178,74188,10
13.0066404343,80.2026672363,74188,74198,10
13.0065402985,80.2032318115,74198,74208,10
13.0070695877,80.2035675049,74208,74218,10
13.0078001022,80.203742981,74218,74228,10
13.0083599091,80.2035217285,74228,74239,11
13.0080099106,80.2028503418,74239,74249,10
13.0074996948,80.2033691406,74249,74259,10
13.0075798035,80.2042388916,74259,74269,10
13.0075902939,80.2052001953,74269,74279,10
13.0076904297,80.2061767578,74279,74289,10
13.0078496933,80.2071762085,74289,74299,10
13.0079603195,80.2080764771,74299,74309,10
13.0080900192,80.2089385986,74309,74319,10
13.0082902908,80.2097702026,74319,74329,10
13.0087003708,80.2105712891,74329,74390,61
13.008769989,80.210647583,74390,74622,232
13.008769989,80.210647583,74622,74632,10
13.0089797974,80.2107772827,74632,74662,30
13.0089797974,80.2107772827,74662,74672,10
13.0092802048,80.2110519409,74672,74682,10
13.0091104507,80.2113571167,74682,74733,51
13.0091104507,80.2113571167,74733,74743,10
13.0089797974,80.2116470337,74743,74753,10
13.0090703964,80.2119827271,74753,74763,10
13.0092601776,80.2125473022,74763,74773,10
13.0094804764,80.2131576538,74773,74783,10
13.0097398758,80.2137680054,74783,74793,10
13.0100097656,80.2144470215,74793,74803,10
13.0101499557,80.2151489258,74803,74813,10
13.0102901459,80.2158584595,74813,74823,10
13.0106201172,80.2166137695,74823,74834,11
13.0110197067,80.2174377441,74834,74844,10
13.0113601685,80.2183685303,74844,74854,10
13.0117301941,80.2194213867,74854,74864,10
13.0120697021,80.2204818726,74864,74874,10
13.0123100281,80.2213363647,74874,74884,10
13.012430191,80.2217330933,74884,74894,10
13.0128202438,80.2223510742,74894,74904,10
13.0133600235,80.2228622437,74904,74914,10
13.0138502121,80.2234191895,74914,74924,10
13.0141801834,80.2238769531,74924,74934,10
13.0147600174,80.2245330811,74934,74944,10
13.0152397156,80.2250671387,74944,74955,11
13.0154104233,80.225479126,74955,74965,10
13.015250206,80.2258300781,74965,74975,10
13.0147304535,80.2260665894,74975,74985,10
13.0140104294,80.2263565063,74985,74995,10
13.0132398605,80.2266921997,74995,75005,10
13.0125303268,80.2269668579,75005,75015,10
13.0118503571,80.2272796631,75015,75025,10
13.01101017,80.2276229858,75025,75035,10
13.0100498199,80.2279968262,75035,75045,10
13.0091695786,80.228477478,75045,75055,10
13.0088996887,80.2295379639,75055,75065,10
13.0086803436,80.2306594849,75065,75076,11
13.0084695816,80.2318725586,75076,75086,10
13.0082998276,80.2328720093,75086,75096,10
13.0082302094,80.2335281372,75096,75106,10
13.0081596375,80.2337875366,75106,75116,10
13.0080900192,80.2342605591,75116,75126,10
13.0078802109,80.2350997925,75126,75136,10
13.0076904297,80.2360687256,75136,75146,10
13.0074996948,80.2369766235,75146,75156,10
13.007349968,80.2377166748,75156,75166,10
13.0072002411,80.2385406494,75166,75176,10
13.0070695877,80.2391815186,75176,75186,10
13.0069198608,80.2400283813,75186,75297,111
13.0069198608,80.2400283813,75297,75307,10
13.0069303513,80.2401733398,75307,75318,11
13.0068397522,80.2406311035,75318,75328,10
13.0067300797,80.2411575317,75328,75338,10
13.0067100525,80.2419891357,75338,75348,10
13.0067100525,80.2426986694,75348,75358,10
13.0066795349,80.2429962158,75358,75368,10
13.0066699982,80.2435302734,75368,75378,10
13.0067901611,80.2444763184,75378,75388,10
13.0067396164,80.2457809448,75388,75418,30
13.0067396164,80.2457809448,75418,75429,11
13.0066995621,80.2461776733,75429,75439,10
13.0067100525,80.2463912964,75439,75449,10
13.0067195892,80.2466583252,75449,75459,10
13.0067195892,80.2469863892,75459,75469,10
13.0066900253,80.247543335,75469,75479,10
13.0066995621,80.248336792,75479,75489,10
13.0067596436,80.2491836548,75489,75499,10
13.0067901611,80.2501602173,75499,75509,10
13.0068101883,80.2510528564,75509,75519,10
13.0067596436,80.2515792847,75519,75529,10
13.0065898895,80.2523269653,75529,75538,9
13.0065202713,80.253036499,75538,75550,12
13.0065402985,80.2540969849,75550,75560,10
13.0066003799,80.2549591064,75560,75570,10
13.0066003799,80.2551574707,75570,75580,10
13.0066003799,80.2553710938,75580,75590,10
13.0065898895,80.2559661865,75590,75600,10
13.0065803528,80.2566299438,75600,75610,10
13.0066204071,80.2570266724,75610,75620,10
13.0066299438,80.2571868896,75620,75630,10
13.0065803528,80.2575836182,75630,75640,10
13.0061798096,80.257598877,75640,75650,10
13.0056695938,80.2574996948,75650,75660,10
13.0051898956,80.2573394775,75660,75671,11
13.0046195984,80.2572097778,75671,75681,10
13.0040397644,80.2570877075,75681,75691,10
13.0035104752,80.256980896,75691,75701,10
13.0029802322,80.2568817139,75701,75711,10
13.0024795532,80.2567901611,75711,75721,10
13.0017700195,80.2566604614,75721,75741,20
13.0017700195,80.2566604614,75741,75751,10
13.0014600754,80.2566223145,75751,75761,10
13.0009298325,80.2565612793,75761,75770,9
13.0003595352,80.2564926147,75770,75781,11
12.9996900558,80.2563705444,75781,75792,11
12.9992599487,80.2562866211,75792,75802,10
12.9988098145,80.2561721802,75802,75812,10
12.9981803894,80.256072998,75812,75832,20
12.9981803894,80.256072998,75832,75842,10
12.9978904724,80.256072998,75842,75852,10
12.9976596832,80.2562332153,75852,75882,30
12.9976596832,80.2562332153,75882,75892,10
12.9976797104,80.2565536499,75892,75903,11
12.9976797104,80.257019043,75903,76114,211
12.9976797104,80.257019043,76114,76124,10
12.9978599548,80.257019043,76124,76134,10
12.9981803894,80.2568817139,76134,78726,2592
12.9983901978,80.256942749,78726,81771,3045
