13.0147800446,80.2256011963,16,2878,2862
13.0147800446,80.2256011963,2878,2888,10
13.0147800446,80.2256011963,2888,3151,263
13.0146398544,80.2252578735,3151,18139,14988
13.0147199631,80.2253723145,18139,18635,496
13.0147199631,80.2252426147,18635,20941,2306
13.0147199631,80.2252426147,20941,20951,10
13.014670372,80.2256011963,20951,20961,10
13.0146303177,80.225730896,20961,20971,10
13.0142297745,80.2258682251,20971,21042,71
13.0142297745,80.2258682251,21042,21052,10
13.0139503479,80.2263412476,21052,21062,10
13.0134496689,80.2265319824,21062,21072,10
13.0127401352,80.2268295288,21072,21082,10
13.0118999481,80.2272033691,21082,21092,10
13.0108699799,80.2276229858,21092,21102,10
13.0098600388,80.2280273438,21102,21113,11
13.0091400146,80.2286834717,21113,21123,10
13.008939743,80.2296829224,21123,21133,10
13.0087404251,80.2307281494,21133,21143,10
13.0085496902,80.2317581177,21143,21153,10
13.0083599091,80.2328262329,21153,21163,10
13.0082302094,80.2336196899,21163,21173,10
13.0080604553,80.2343215942,21173,21183,10
13.0079097748,80.2351303101,21183,21193,10
13.0077104568,80.2361221313,21193,21204,11
13.0074596405,80.2373580933,21204,21214,10
13.0072698593,80.2383499146,21214,21224,10
13.0071001053,80.2392807007,21224,21234,10
13.0069503784,80.2400894165,21234,21244,10
13.0068798065,80.2406768799,21244,21254,10
13.0068597794,80.2407836914,21254,21264,10
13.0068101883,80.2412185669,21264,21274,10
13.0067796707,80.2420578003,21274,21284,10
13.0067300797,80.2431182861,21284,21295,11
13.0066699982,80.2443313599,21295,21305,10
13.0066795349,80.2454376221,21305,21315,10
13.0067195892,80.2464599609,21315,21325,10
13.0066604614,80.2473220825,21325,21335,10
13.0061903,80.2474136353,21335,21345,10
13.0057697296,80.2473983765,21345,21355,10
13.0050096512,80.2473907471,21355,21365,10
13.0040597916,80.2474975586,21365,21375,10
13.0029602051,80.2476577759,21375,21386,11
13.001830101,80.2479171753,21386,21396,10
13.0007801056,80.2481765747,21396,21406,10
12.9996595383,80.2484512329,21406,21416,10
12.9985103607,80.2487487793,21416,21426,10
12.9973297119,80.2490310669,21426,21436,10
12.9961500168,80.2493362427,21436,21446,10
12.9949502945,80.2496414185,21446,21456,10
12.9938297272,80.2499465942,21456,21466,10
12.9926204681,80.2502365112,21466,21477,11
12.9913902283,80.2505722046,21477,21487,10
12.9911203384,80.2506408691,21487,21497,10
12.9905700684,80.2507629395,21497,21507,10
12.9896602631,80.2509765625,21507,21517,10
12.9885597229,80.2512588501,21517,21526,9
12.9878101349,80.2514266968,21526,21537,11
12.987039566,80.2516479492,21537,21547,10
12.9863004684,80.2518463135,21547,21557,10
12.9854097366,80.2520523071,21557,21568,11
12.9841899872,80.2523803711,21568,21578,10
12.9830102921,80.2526321411,21578,21588,10
12.9818601608,80.2526779175,21588,21598,10
12.9807195663,80.2526931763,21598,21608,10
12.9799900055,80.2527618408,21608,21618,10
12.9793996811,80.2526779175,21618,21628,10
12.9785499573,80.2524871826,21628,21638,10
12.9777202606,80.2518463135,21638,21648,10
12.9766998291,80.2512893677,21648,21659,11
12.9753904343,80.2509231567,21659,21669,10
12.9741697311,80.250579834,21669,21679,10
12.9730195999,80.2502593994,21679,21689,10
12.9718198776,80.2499313354,21689,21699,10
12.9706602097,80.2496032715,21699,21709,10
12.9694900513,80.2491607666,21709,21719,10
12.9684095383,80.2487564087,21719,21729,10
12.9673900604,80.2483520508,21729,21739,10
12.9664497375,80.2479019165,21739,21750,11
12.9653301239,80.2474212646,21750,21760,10
12.9642295837,80.2470169067,21760,21770,10
12.9632396698,80.2466125488,21770,21780,10
12.9622497559,80.2461166382,21780,21790,10
12.9611701965,80.2455978394,21790,21800,10
12.9600296021,80.2450866699,21800,21810,10
12.9588499069,80.2445602417,21810,21820,10
12.9578304291,80.244140625,21820,21830,10
12.9570503235,80.2438583374,21830,21841,11
12.9563598633,80.2436065674,21841,21851,10
12.9560804367,80.2434921265,21851,21861,10
12.9554901123,80.2432022095,21861,21871,10
12.9546499252,80.2428207397,21871,21881,10
12.9536600113,80.242401123,21881,21891,10
12.9525604248,80.2419662476,21891,21901,10
12.9514198303,80.241569519,21901,21911,10
12.9501399994,80.2411804199,21911,21921,10
12.9489297867,80.2407836914,21921,21932,11
12.947719574,80.2402801514,21932,21942,10
12.9468002319,80.2398910522,21942,21952,10
12.9457597733,80.239440918,21952,21962,10
12.9448003769,80.2387008667,21962,21972,10
12.9439296722,80.2377624512,21972,21982,10
12.9430503845,80.236869812,21982,21992,10
12.9418697357,80.2363433838,21992,22002,10
12.9406700134,80.2360305786,22002,22012,10
12.9395999908,80.2356872559,22012,22023,11
12.9385204315,80.2351608276,22023,22033,10
12.9374103546,80.2346115112,22033,22043,10
12.9362802505,80.2340927124,22043,22053,10
12.9354801178,80.2337188721,22053,22063,10
12.9345703125,80.2333068848,22063,22073,10
12.9338598251,80.233001709,22073,22083,10
12.9336996078,80.2329101563,22083,22093,10
12.9331502914,80.2326583862,22093,22104,11
12.932220459,80.2323226929,22104,22114,10
12.9311599731,80.2319564819,22114,22124,10
12.9300203323,80.231590271,22124,22134,10
12.9289398193,80.2313537598,22134,22144,10
12.9277896881,80.2311706543,22144,22154,10
12.9265804291,80.2310409546,22154,22164,10
12.9261102676,80.2310180664,22164,22174,10
12.9258003235,80.2309799194,22174,22184,10
12.925160408,80.2308807373,22184,22195,11
12.924200058,80.2307662964,22195,22205,10
12.9231500626,80.2306289673,22205,22215,10
12.9219198227,80.2304382324,22215,22225,10
12.9205503464,80.2302474976,22225,22235,10
12.9191398621,80.2300567627,22235,22245,10
12.9177598953,80.2298736572,22245,22255,10
12.9164896011,80.2296981812,22255,22265,10
12.9150800705,80.2295074463,22265,22275,10
12.9138002396,80.2293624878,22275,22286,11
12.9129400253,80.2292327881,22286,22296,10
12.9119796753,80.2290725708,22296,22306,10
12.9107999802,80.2288894653,22306,22316,10
12.9094696045,80.2286911011,22316,22326,10
12.9081201553,80.2284622192,22326,22336,10
12.9069004059,80.2283096313,22336,22346,10
12.9061899185,80.2282791138,22346,22356,10
12.905500412,80.2282180786,22356,22366,10
12.9043598175,80.2281417847,22366,22377,11
12.9030599594,80.2280731201,22377,22387,10
12.9017801285,80.2279968262,22387,22397,10
12.9007396698,80.2279510498,22397,22407,10
12.899720192,80.2278594971,22407,22417,10
12.8986101151,80.2277832031,22417,22427,10
12.8974599838,80.227722168,22427,22437,10
12.8960599899,80.2276535034,22437,22447,10
12.8945703506,80.2275924683,22447,22457,10
12.8930301666,80.2274398804,22457,22468,11
12.8915100098,80.2273330688,22468,22478,10
12.8900003433,80.2273406982,22478,22488,10
12.8886699677,80.2273406982,22488,22498,10
12.8874397278,80.2272415161,22498,22508,10
12.8861303329,80.2269592285,22508,22518,10
12.8851099014,80.2267379761,22518,22528,10
12.8845396042,80.2266998291,22528,22538,10
12.8837203979,80.2267227173,22538,22548,10
12.8827600479,80.2267227173,22548,22559,11
12.8815202713,80.2267379761,22559,22569,10
12.8804798126,80.2267608643,22569,22579,10
12.8792295456,80.2267837524,22579,22589,10
12.8779602051,80.2268600464,22589,22599,10
12.8769197464,80.2269668579,22599,22609,10
12.8766803741,80.2269897461,22609,22619,10
12.8764696121,80.2270126343,22619,22629,10
12.8758001328,80.2270126343,22629,22639,10
12.8748397827,80.2269134521,22639,22650,11
12.8735198975,80.2267532349,22650,22660,10
12.8723602295,80.2267227173,22660,22670,10
12.8711900711,80.2266693115,22670,22680,10
12.8699102402,80.2265777588,22680,22690,10
12.868519783,80.2264099121,22690,22700,10
12.8670597076,80.2264785767,22700,22710,10
12.8656301498,80.2266082764,22710,22720,10
12.8641796112,80.2265625,22720,22730,10
12.8627300262,80.2265396118,22730,22741,11
12.8612098694,80.226600647,22741,22751,10
12.8598403931,80.2264633179,22751,22761,10
12.858590126,80.2262878418,22761,22771,10
12.8572597504,80.22631073,22771,22781,10
12.8558597565,80.2264633179,22781,22791,10
12.8544101715,80.226600647,22791,22801,10
12.8529701233,80.2266998291,22801,22811,10
12.8515195847,80.2266387939,22811,22821,10
12.8500404358,80.226600647,22821,22832,11
12.8484201431,80.2265777588,22832,22842,10
12.8469104767,80.2265777588,22842,22852,10
12.8456602097,80.226600647,22852,22862,10
12.8450603485,80.2266387939,22862,22872,10
12.844619751,80.2266616821,22872,22882,10
12.8437700272,80.2267532349,22882,22892,10
12.8426904678,80.2269363403,22892,22902,10
12.8413801193,80.2272415161,22902,22912,10
12.8402700424,80.2275619507,22912,22923,11
12.8397798538,80.2277832031,22923,22933,10
12.8396596909,80.2278213501,22933,22943,10
12.839220047,80.227897644,22943,22953,10
12.8384599686,80.2280578613,22953,22963,10
12.8374900818,80.2282562256,22963,22973,10
12.8363599777,80.2284393311,22973,22983,10
12.8351297379,80.2286224365,22983,22993,10
12.8338403702,80.228843689,22993,23003,10
12.8325595856,80.2290420532,23003,23014,11
12.8312702179,80.2293624878,23014,23024,10
12.8301000595,80.2297821045,23024,23034,10
12.8289699554,80.2302398682,23034,23044,10
12.8277997971,80.2308883667,23044,23054,10
12.8267002106,80.2313232422,23054,23064,10
12.825460434,80.2314224243,23064,23074,10
12.8243198395,80.2313079834,23074,23084,10
12.8231201172,80.2309570313,23084,23094,10
12.8218402863,80.2305679321,23094,23105,11
12.8205404282,80.23046875,23105,23115,10
12.8193798065,80.2304992676,23115,23125,10
12.818860054,80.2304916382,23125,23135,10
12.8185901642,80.2303771973,23135,23145,10
12.8179302216,80.2300415039,23145,23155,10
12.8169698715,80.2296295166,23155,23165,10
12.8157901764,80.2294006348,23165,23175,10
12.8144302368,80.2292098999,23175,23185,10
12.8129901886,80.2287902832,23185,23196,11
12.8114204407,80.2282333374,23196,23206,10
12.8101100922,80.2276916504,23206,23216,10
12.808839798,80.2269821167,23216,23226,10
12.8077602386,80.2260894775,23226,23236,10
12.8068399429,80.2253036499,23236,23246,10
12.8061599731,80.2247009277,23246,23256,10
12.8056097031,80.2242584229,23256,23266,10
12.8049201965,80.224029541,23266,23276,10
12.8041496277,80.2239379883,23276,23287,11
12.8032398224,80.2238616943,23287,23297,10
12.8023796082,80.223739624,23297,23307,10
12.8012599945,80.2236022949,23307,23317,10
12.8000802994,80.2235107422,23317,23327,10
12.7988595963,80.2234191895,23327,23337,10
12.7976703644,80.2232589722,23337,23347,10
12.7965297699,80.2230377197,23347,23357,10
12.79529953,80.2228088379,23357,23368,11
12.7938899994,80.2225799561,23368,23378,10
12.7926101685,80.2223968506,23378,23388,10
12.7913599014,80.2220993042,23388,23398,10
12.7902402878,80.2218170166,23398,23408,10
12.7895698547,80.2216491699,23408,23418,10
12.7889795303,80.2214202881,23418,23428,10
12.7882003784,80.2211227417,23428,23438,10
12.7873601913,80.2208023071,23438,23448,10
12.786649704,80.2205429077,23448,23469,21
12.786649704,80.2205429077,23469,23479,10
12.78647995,80.2204437256,23479,23489,10
12.7862195969,80.2204437256,23489,23499,10
12.7861995697,80.2208480835,23499,23509,10
12.786190033,80.2213821411,23509,23519,10
12.7862501144,80.2217330933,23519,23529,10
12.7863397598,80.2219772339,23529,23782,253
12.7863397598,80.2219772339,23782,23792,10
12.7863302231,80.2217178345,23792,23802,10
12.7862501144,80.2214126587,23802,23812,10
12.7862300873,80.2211685181,23812,23823,11
12.7862100601,80.2208175659,23823,23833,10
12.786239624,80.220451355,23833,23843,10
12.7863502502,80.2203826904,23843,23863,20
12.7863502502,80.2203826904,23863,23873,10
12.7865200043,80.2204284668,23873,23883,10
12.7866697311,80.2205123901,23883,23893,10
12.7871303558,80.220703125,23893,23903,10
12.7878398895,80.2209625244,23903,23914,11
12.7888402939,80.2213287354,23914,23924,10
12.7895803452,80.2216110229,23924,23934,10
12.790019989,80.2217483521,23934,23944,10
12.7906799316,80.2219161987,23944,23954,10
12.7916097641,80.22215271,23954,23964,10
12.7927799225,80.2224121094,23964,23974,10
12.7940502167,80.2226028442,23974,23984,10
12.7953796387,80.2228164673,23984,23994,10
12.7968997955,80.2230911255,23994,24005,11
12.7982902527,80.2232971191,24005,24015,10
12.7997303009,80.2234420776,24015,24025,10
12.8010797501,80.2235565186,24025,24035,10
12.8014802933,80.2235794067,24035,24045,10
12.8017501831,80.2236404419,24045,24055,10
12.8023796082,80.2237091064,24055,24065,10
12.8031997681,80.2238235474,24065,24075,10
12.8042297363,80.2238998413,24075,24085,10
12.8052196503,80.2240371704,24085,24096,11
12.8055095673,80.2241210938,24096,24106,10
12.8057804108,80.2242736816,24106,24116,10
12.8062400818,80.2246780396,24116,24126,10
12.8069601059,80.2253112793,24126,24136,10
12.807849884,80.22605896,24136,24146,10
12.8088102341,80.2268600464,24146,24156,10
12.8099603653,80.2275695801,24156,24166,10
12.8112897873,80.2281265259,24166,24177,11
12.8128004074,80.2286834717,24177,24187,10
12.8141803741,80.2291183472,24187,24197,10
12.8155603409,80.229347229,24197,24207,10
12.8169698715,80.2295913696,24207,24217,10
12.8182601929,80.230140686,24217,24227,10
12.8197803497,80.2304534912,24227,24247,20
12.8197803497,80.2304534912,24247,24257,10
12.8201198578,80.23046875,24257,24268,11
12.8209295273,80.2304611206,24268,24278,10
12.8219299316,80.2305679321,24278,24288,10
12.8230695724,80.2309036255,24288,24298,10
12.824259758,80.2312164307,24298,24308,10
12.8254098892,80.2313995361,24308,24318,10
12.8266401291,80.2313232422,24318,24328,10
12.827870369,80.2308425903,24328,24338,10
12.8291101456,80.2301635742,24338,24348,10
12.830450058,80.2296066284,24348,24359,11
12.8311300278,80.2293319702,24359,24369,10
12.8311901093,80.2293167114,24369,24379,10
12.831609726,80.2292404175,24379,24389,10
12.8322496414,80.2290802002,24389,24399,10
12.8331098557,80.2289199829,24399,24409,10
12.8341798782,80.228729248,24409,24419,10
12.8353395462,80.2285308838,24419,24429,10
12.836520195,80.2283477783,24429,24439,10
12.837770462,80.2281417847,24439,24450,11
12.8389997482,80.2278518677,24450,24460,10
12.8395299911,80.227722168,24460,24470,10
12.8399496078,80.2276000977,24470,24480,10
12.8406896591,80.2273864746,24480,24490,10
12.8416404724,80.2271270752,24490,24500,10
12.8427801132,80.2268600464,24500,24510,10
12.8439397812,80.2266693115,24510,24520,10
12.8451499939,80.2265396118,24520,24530,10
12.8454399109,80.2265319824,24530,24541,11
12.8456602097,80.2265472412,24541,24551,10
12.8461799622,80.2265472412,24551,24561,10
12.8469896317,80.2265396118,24561,24571,10
12.8480195999,80.2265472412,24571,24581,10
12.8491601944,80.2265396118,24581,24591,10
12.8502101898,80.2265319824,24591,24601,10
12.8512897491,80.2265777588,24601,24611,10
12.8525104523,80.2266311646,24611,24621,10
12.8538303375,80.2265930176,24621,24632,11
12.8553104401,80.2264404297,24632,24642,10
12.8566904068,80.2262878418,24642,24652,10
12.8580904007,80.2261886597,24652,24662,10
12.8593101501,80.22631073,24662,24672,10
12.8603897095,80.2264633179,24672,24682,10
12.8608398438,80.2265090942,24682,24692,10
12.8610296249,80.2265319824,24692,24702,10
12.8616600037,80.2265472412,24702,24712,10
12.8625602722,80.2265014648,24712,24723,11
12.8637695313,80.2264862061,24723,24733,10
12.8649902344,80.2265396118,24733,24743,10
12.8662700653,80.2265167236,24743,24753,10
12.8675699234,80.2263793945,24753,24763,10
12.8688697815,80.2263717651,24763,24773,10
12.8702297211,80.2265167236,24773,24783,10
12.8716096878,80.2266235352,24783,24793,10
12.8727197647,80.2266387939,24793,24803,10
12.8729200363,80.2266387939,24803,24814,11
12.8732995987,80.2266616821,24814,24824,10
12.8739795685,80.2267227173,24824,24834,10
12.8748703003,80.2268295288,24834,24844,10
12.8759899139,80.2269210815,24844,24854,10
12.8766899109,80.226890564,24854,24864,10
12.8767204285,80.2268829346,24864,24874,10
12.8771696091,80.2268371582,24874,24884,10
12.8779096603,80.2267913818,24884,24894,10
12.8788499832,80.2267227173,24894,24905,11
12.8800897598,80.2266998291,24905,24915,10
12.8812599182,80.2266998291,24915,24925,10
12.8824796677,80.2266921997,24925,24935,10
12.8837404251,80.2266616821,24935,24945,10
12.8847904205,80.2266387939,24945,24955,10
12.8851604462,80.2266464233,24955,24965,10
12.8853197098,80.2266769409,24965,24975,10
12.8858203888,80.2267913818,24975,24985,10
12.886590004,80.2269973755,24985,24996,11
12.8876895905,80.2272262573,24996,25006,10
12.8888397217,80.2273330688,25006,25016,10
12.890080452,80.2273406982,25016,25026,10
12.8913698196,80.2273406982,25026,25036,10
12.8924798965,80.2273712158,25036,25046,10
12.8935804367,80.2275238037,25046,25056,10
12.8948602676,80.2276229858,25056,25066,10
12.8962602615,80.2276611328,25066,25076,10
12.897480011,80.2277374268,25076,25087,11
12.8986101151,80.2277984619,25087,25097,10
12.8995399475,80.2278366089,25097,25107,10
12.9005804062,80.2278900146,25107,25117,10
12.9014797211,80.2279663086,25117,25127,10
12.9021196365,80.2279815674,25127,25137,10
12.902759552,80.2279968262,25137,25147,10
12.9027795792,80.228012085,25147,25157,10
12.9030199051,80.2280426025,25157,25167,10
12.9036798477,80.2280807495,25167,25178,11
12.904540062,80.2281265259,25178,25188,10
12.9054899216,80.2281799316,25188,25198,10
12.9064397812,80.2282409668,25198,25208,10
12.9070997238,80.2283172607,25208,25218,10
12.9080295563,80.2284622192,25218,25228,10
12.9091701508,80.2286376953,25228,25238,10
12.9102602005,80.2288131714,25238,25248,10
12.911649704,80.2289962769,25248,25259,11
12.913069725,80.2292022705,25259,25269,10
12.9139995575,80.2293167114,25269,25279,10
12.9141101837,80.2293395996,25279,25289,10
12.9145202637,80.2294006348,25289,25299,10
12.9152402878,80.2295227051,25299,25309,10
12.916179657,80.2296600342,25309,25319,10
12.9172697067,80.2298126221,25319,25329,10
12.9184999466,80.2299804688,25329,25339,10
12.9197702408,80.2301483154,25339,25350,11
12.9212703705,80.2303390503,25350,25360,10
12.922659874,80.2305374146,25360,25370,10
12.9240703583,80.2307281494,25370,25380,10
12.9254798889,80.2308807373,25380,25390,10
12.9264097214,80.23097229,25390,25400,10
12.9265899658,80.2309875488,25400,25410,10
12.9271202087,80.2310562134,25410,25420,10
12.9279003143,80.2311630249,25420,25430,10
12.9287004471,80.231262207,25430,25441,11
12.9295902252,80.2314605713,25441,25451,10
12.9305896759,80.2316970825,25451,25461,10
12.9316902161,80.2320404053,25461,25471,10
12.932849884,80.2324066162,25471,25481,10
12.9335699081,80.232711792,25481,25491,10
12.9335803986,80.2327194214,25491,25501,10
12.9339199066,80.2328567505,25501,25511,10
12.9344997406,80.2331237793,25511,25521,10
12.9351301193,80.2333984375,25521,25532,11
12.9359798431,80.2338027954,25532,25542,10
12.9368600845,80.2342376709,25542,25552,10
12.9378900528,80.2347335815,25552,25562,10
12.9389400482,80.2352523804,25562,25572,10
12.9396800995,80.2355804443,25572,25582,10
12.9398097992,80.2356491089,25582,25592,10
12.9401903152,80.2358093262,25592,25601,9
12.9408397675,80.2359924316,25601,25612,11
12.9417295456,80.2361984253,25612,25623,11
12.9429197311,80.2366409302,25623,25633,10
12.9437799454,80.237411499,25633,25643,10
12.9446296692,80.2383499146,25643,25653,10
12.9456195831,80.2392578125,25653,25663,10
12.94672966,80.2397384644,25663,25673,10
12.9477996826,80.240196228,25673,25683,10
12.9486598969,80.240562439,25683,25693,10
12.9493904114,80.240852356,25693,25703,10
12.9501600266,80.2410736084,25703,25714,11
12.9509496689,80.2412796021,25714,25724,10
12.9510602951,80.241317749,25724,25734,10
12.9512796402,80.2414016724,25734,25744,10
12.9517498016,80.2415924072,25744,25754,10
12.9524297714,80.241859436,25754,25764,10
12.9533004761,80.2421875,25764,25774,10
12.9540901184,80.242477417,25774,25784,10
12.9551801682,80.2429122925,25784,25794,10
12.9560203552,80.2433013916,25794,25805,11
12.9564399719,80.2434692383,25805,25815,10
12.9569702148,80.2436828613,25815,25825,10
12.9577598572,80.2439880371,25825,25835,10
12.9586400986,80.2443389893,25835,25845,10
12.9589796066,80.2444610596,25845,25855,10
12.9592103958,80.2445831299,25855,25865,10
12.9596099854,80.2447967529,25865,25875,10
12.9602499008,80.2451019287,25875,25885,10
12.9610700607,80.2454681396,25885,25896,11
12.9621400833,80.2459869385,25896,25906,10
12.9632196426,80.2465209961,25906,25916,10
12.9640598297,80.246887207,25916,25926,10
12.9650697708,80.2472381592,25926,25936,10
12.9660997391,80.2476119995,25936,25946,10
12.9666595459,80.2478179932,25946,25956,10
12.9666795731,80.2478408813,25956,25966,10
12.9669103622,80.2479782104,25966,25976,10
12.9674301147,80.248260498,25976,25987,11
12.9682798386,80.2486190796,25987,25997,10
12.9692697525,80.2489776611,25997,26007,10
12.9703702927,80.2494125366,26007,26017,10
12.9715995789,80.2498016357,26017,26027,10
12.9729404449,80.2501525879,26027,26037,10
12.9743299484,80.2505264282,26037,26047,10
12.9757099152,80.2509231567,26047,26057,10
12.977060318,80.2513275146,26057,26067,10
12.9781303406,80.2520523071,26067,26078,11
12.9783802032,80.2522277832,26078,26088,10
12.9786300659,80.2524185181,26088,26098,10
12.9792299271,80.2526168823,26098,26108,10
12.9798603058,80.2526779175,26108,26118,10
12.9805698395,80.2526702881,26118,26128,10
12.9814596176,80.2526473999,26128,26138,10
12.9825201035,80.2526321411,26138,26148,10
12.9837398529,80.252456665,26148,26159,11
12.9851303101,80.2520828247,26159,26169,10
12.9862699509,80.2517700195,26169,26179,10
12.9872903824,80.2514724731,26179,26219,40
12.9872903824,80.2514724731,26219,26229,10
12.9873199463,80.2514724731,26229,26239,10
12.9876298904,80.2513809204,26239,26250,11
12.9882602692,80.2512207031,26250,26260,10
12.9891195297,80.2509765625,26260,26269,9
12.9894399643,80.2509002686,26269,26280,11
12.9896402359,80.250869751,26280,26290,10
12.9902095795,80.2507476807,26290,26300,10
12.9910097122,80.2505569458,26300,26310,10
12.9919700623,80.2503204346,26310,26320,10
12.9930801392,80.250038147,26320,26330,10
12.994310379,80.2497177124,26330,26341,11
12.9956998825,80.2493515015,26341,26351,10
12.9966802597,80.2490692139,26351,26361,10
12.9968500137,80.2490386963,26361,26371,10
12.9973602295,80.2489395142,26371,26381,10
12.9981603622,80.2487487793,26381,26391,10
12.9991703033,80.2484970093,26391,26401,10
13.0003595352,80.2481918335,26401,26411,10
13.0015201569,80.2479019165,26411,26421,10
13.002579689,80.2476501465,26421,26432,11
13.003950119,80.247428894,26432,26442,10
13.0052099228,80.247253418,26442,26452,10
13.0062198639,80.246887207,26452,26462,10
13.0065498352,80.2463684082,26462,26472,10
13.0065498352,80.2463531494,26472,26482,10
13.0065803528,80.2462081909,26482,26492,10
13.0066204071,80.2457733154,26492,26502,10
13.0066404343,80.2450790405,26502,26512,10
13.0066404343,80.2442474365,26512,26523,11
13.0066204071,80.2432937622,26523,26533,10
13.0065898895,80.242401123,26533,26543,10
13.0066204071,80.2413635254,26543,26553,10
13.0067300797,80.2405319214,26553,26563,10
13.0068998337,80.2396469116,26563,26572,9
13.0070400238,80.2388305664,26572,26583,11
13.0072402954,80.2378387451,26583,26593,10
13.0073900223,80.236907959,26593,26603,10
13.0074300766,80.2367401123,26603,26614,11
13.0075397491,80.2363891602,26614,26624,10
13.0076599121,80.2358016968,26624,26634,10
13.0078296661,80.234992981,26634,26644,10
13.0080404282,80.2339782715,26644,26654,10
13.0082798004,80.2327804565,26654,26664,10
13.0085601807,80.2314224243,26664,26674,10
13.0088396072,80.2299880981,26674,26684,10
13.0090904236,80.2287368774,26684,26694,10
13.0095796585,80.2273635864,26694,26705,11
13.0102100372,80.225982666,26705,26715,10
13.0105800629,80.2252883911,26715,26725,10
13.0106201172,80.225227356,26725,26735,10
13.0107498169,80.2249526978,26735,26745,10
13.0109100342,80.2244873047,26745,26755,10
13.0112104416,80.223777771,26755,26765,10
13.0113296509,80.2234420776,26765,26775,10
13.0113897324,80.2233200073,26775,26785,10
13.0115499496,80.2229995728,26785,26796,11
13.0118398666,80.2222213745,26796,26806,10
13.0121803284,80.221496582,26806,26816,10
13.0124597549,80.2217330933,26816,26826,10
13.0128898621,80.2222900391,26826,26836,10
13.0134496689,80.2228469849,26836,26846,10
13.0140600204,80.2235183716,26846,26856,10
13.0146903992,80.2241287231,26856,26866,10
13.0152101517,80.2247161865,26866,26876,10
13.0155496597,80.2249984741,26876,26887,11
13.0155696869,80.2250518799,26887,26897,10
13.015879631,80.2253112793,26897,26907,10
13.0165500641,80.2253265381,26907,26917,10
13.0174303055,80.2249832153,26917,26927,10
13.0184402466,80.2245788574,26927,26937,10
13.0193395615,80.2243804932,26937,26947,10
13.0202703476,80.2248687744,26947,26967,20
13.0202703476,80.2248687744,26967,26978,11
13.0204401016,80.2250213623,26978,26988,10
13.0209197998,80.2254180908,26988,26998,10
13.0216503143,80.2259597778,26998,27008,10
13.0225000381,80.2266693115,27008,27018,10
13.0233898163,80.2274627686,27018,27028,10
13.024430275,80.2284622192,27028,27048,20
13.024430275,80.2284622192,27048,27058,10
13.0244102478,80.2286376953,27058,27069,11
13.0243797302,80.2286376953,27069,27079,10
13.0242099762,80.2285308838,27079,27089,10
13.0237102509,80.2279281616,27089,27119,30
13.0237102509,80.2279281616,27119,27129,10
13.0235099792,80.2277297974,27129,27139,10
13.0232496262,80.2275238037,27139,27170,31
13.0232496262,80.2275238037,27170,27180,10
13.0230102539,80.2272720337,27180,27190,10
13.0225896835,80.2268600464,27190,27200,10
13.0220003128,80.2263183594,27200,27210,10
13.0212697983,80.2257232666,27210,27220,10
13.0207300186,80.2253265381,27220,27230,10
13.0204200745,80.2251434326,27230,27241,11
13.0197896957,80.2247390747,27241,27251,10
13.0189599991,80.2245178223,27251,27261,10
13.0180501938,80.2248382568,27261,27271,10
13.0171499252,80.2251663208,27271,27281,10
13.016579628,80.225402832,27281,27291,10
13.0161399841,80.2255630493,27291,27301,10
13.0155496597,80.2258224487,27301,27311,10
13.0152902603,80.2259063721,27311,27321,10
13.0147199631,80.2261199951,27321,27332,11
13.0142803192,80.22631073,27332,27342,10
13.0142402649,80.2263336182,27342,27352,10
13.0139598846,80.2264328003,27352,27362,10
13.0132703781,80.2266998291,27362,27372,10
13.0124597549,80.2269973755,27372,27382,10
13.0115499496,80.2273712158,27382,27392,10
13.0105495453,80.2277832031,27392,27402,10
13.0096702576,80.2281036377,27402,27412,10
13.0091199875,80.2287063599,27412,27423,11
13.0088996887,80.2298278809,27423,27433,10
13.0086803436,80.2309417725,27433,27443,10
13.008480072,80.2320709229,27443,27453,10
13.0082798004,80.2331237793,27453,27463,10
13.0081396103,80.2340316772,27463,27473,10
13.0079803467,80.2347869873,27473,27483,10
13.007809639,80.2356796265,27483,27493,10
13.0075902939,80.236656189,27493,27503,10
13.0073699951,80.2377319336,27503,27514,11
13.0071601868,80.238899231,27514,27524,10
13.0069303513,80.2400588989,27524,27534,10
13.0068302155,80.240737915,27534,27544,10
13.0068101883,80.2408065796,27544,27554,10
13.0067996979,80.2410202026,27554,27564,10
13.0067596436,80.2415771484,27564,27574,10
13.0067396164,80.2424087524,27574,27584,10
13.0067195892,80.2431793213,27584,27594,10
13.0067195892,80.2435379028,27594,27605,11
13.0066995621,80.2440414429,27605,27615,10
13.0066900253,80.2444992065,27615,27625,10
13.0066900253,80.2449264526,27625,27635,10
13.0067195892,80.2454376221,27635,27645,10
13.0067396164,80.2458572388,27645,27655,10
13.0067300797,80.246421814,27655,27665,10
13.0066900253,80.2472381592,27665,27675,10
13.0061502457,80.247428894,27675,27696,21
13.0061502457,80.247428894,27696,27706,10
13.0059404373,80.2474365234,27706,27716,10
13.0052700043,80.2474212646,27716,27726,10
13.0043201447,80.2475204468,27726,27736,10
13.0031900406,80.2476730347,27736,27746,10
13.0019302368,80.2479171753,27746,27756,10
13.0005903244,80.248260498,27756,27766,10
12.9992599487,80.2485733032,27766,27776,10
12.9982795715,80.248840332,27776,27787,11
12.9982204437,80.2488479614,27787,27797,10
12.9980802536,80.2488708496,27797,27807,10
12.9975700378,80.2489776611,27807,27817,10
12.9967098236,80.2491912842,27817,27827,10
12.9956903458,80.2494812012,27827,27837,10
12.994509697,80.2497787476,27837,27847,10
12.9932498932,80.2500762939,27847,27857,10
12.992099762,80.2503585815,27857,27867,10
12.9913196564,80.250579834,27867,27878,11
12.9912004471,80.250617981,27878,27888,10
12.9908504486,80.2507019043,27888,27898,10
12.9901199341,80.2508468628,27898,27908,10
12.9894199371,80.2510528564,27908,27938,30
12.9894199371,80.2510528564,27938,27948,10
12.9891500473,80.251083374,27948,27958,10
12.9886703491,80.2512130737,27958,27969,11
12.9878797531,80.2514419556,27969,27979,10
12.9871997833,80.2516174316,27979,27989,10
12.9864397049,80.2518310547,27989,27999,10
12.9854602814,80.2520523071,27999,28009,10
12.9843301773,80.2523727417,28009,28019,10
12.9830904007,80.2526397705,28019,28029,10
12.9818601608,80.2527084351,28029,28039,10
12.9808797836,80.2527389526,28039,28049,10
12.9802103043,80.2528076172,28049,28060,11
12.9798603058,80.2527923584,28060,28070,10
12.9792404175,80.2527236938,28070,28080,10
12.9787197113,80.2526397705,28080,28090,10
12.9786701202,80.2526016235,28090,28100,10
12.9783000946,80.2523727417,28100,28110,10
12.9777603149,80.2519073486,28110,28120,10
12.9770498276,80.2514190674,28120,28130,10
12.9762201309,80.251159668,28130,28141,11
12.9749603271,80.2508010864,28141,28151,10
12.9738101959,80.2504806519,28151,28161,10
12.9725799561,80.2501373291,28161,28171,10
12.9713497162,80.2498092651,28171,28181,10
12.9701700211,80.2494277954,28181,28191,10
12.9690303802,80.2489776611,28191,28201,10
12.9680995941,80.2486190796,28201,28211,10
12.9677400589,80.2484664917,28211,28221,10
12.9675197601,80.2483596802,28221,28232,11
12.9672403336,80.2482376099,28232,28242,10
12.9670295715,80.2481384277,28242,28252,10
12.966799736,80.2480163574,28252,28262,10
12.9666700363,80.2479171753,28262,28272,10
12.9665298462,80.2478790283,28272,28282,10
12.9661903381,80.2477493286,28282,28292,10
12.9655399323,80.2474975586,28292,28302,10
12.965259552,80.2474517822,28302,28312,10
12.9652099609,80.2474517822,28312,28323,11
12.9647798538,80.2472763062,28323,28333,10
12.9641504288,80.2470092773,28333,28343,10
12.9638996124,80.2469177246,28343,28353,10
12.963760376,80.2468566895,28353,28363,10
12.9634895325,80.246711731,28363,28373,10
12.9628601074,80.2463989258,28373,28383,10
12.961979866,80.2459793091,28383,28393,10
12.9609603882,80.2454833984,28393,28403,10
12.9596595764,80.2449493408,28403,28424,21
12.9596595764,80.2449493408,28424,28434,10
12.9593801498,80.2448196411,28434,28444,10
12.9588098526,80.2445373535,28444,28454,10
12.9580497742,80.2442092896,28454,28464,10
12.9573001862,80.2439498901,28464,28474,10
12.9566001892,80.2437973022,28474,28505,31
12.9564504623,80.2437515259,28505,28525,20
12.9564504623,80.2437515259,28525,28535,10
12.9563398361,80.2437133789,28535,28545,10
12.9559602737,80.2434921265,28545,28555,10
12.9553403854,80.2431182861,28555,28565,10
12.9545001984,80.2427520752,28565,28575,10
12.953669548,80.2424163818,28575,28585,10
12.9528503418,80.2420806885,28585,28596,11
12.951880455,80.2417526245,28596,28606,10
12.9517202377,80.2417221069,28606,28616,10
12.951669693,80.2417068481,28616,28626,10
12.9513101578,80.2415771484,28626,28636,10
12.9506597519,80.2413482666,28636,28646,10
12.9497404099,80.2410812378,28646,28656,10
12.948849678,80.2407608032,28656,28666,10
12.9479598999,80.2403793335,28666,28676,10
12.9472103119,80.2400817871,28676,28697,21
12.9472103119,80.2400817871,28697,28707,10
12.9469804764,80.2399902344,28707,28717,10
12.9464998245,80.2397994995,28717,28727,10
12.9457998276,80.2394714355,28727,28737,10
12.9450502396,80.2389373779,28737,28747,10
12.9445104599,80.2383575439,28747,28757,10
12.9436101913,80.237487793,28757,28767,10
12.9427900314,80.2367477417,28767,28778,11
12.9415302277,80.2362976074,28778,28788,10
12.9403400421,80.236000061,28788,28798,10
12.9396600723,80.2357711792,28798,28818,20
12.9396600723,80.2357711792,28818,28828,10
12.9393100739,80.2356033325,28828,28838,10
12.9386501312,80.2352523804,28838,28847,9
12.93791008,80.23487854,28847,28858,11
12.9368495941,80.2343597412,28858,28869,11
12.9359302521,80.2339172363,28869,28879,10
12.9350204468,80.2335128784,28879,28889,10
12.9338903427,80.2330093384,28889,28919,30
12.9338903427,80.2330093384,28919,28929,10
12.9336795807,80.2329177856,28929,28939,10
12.9336595535,80.2329177856,28939,28949,10
12.9336204529,80.2328872681,28949,28960,11
12.9333200455,80.2327575684,28960,28970,10
12.9331102371,80.2326583862,28970,28980,10
12.9327297211,80.2325134277,28980,28990,10
12.9320402145,80.2322692871,28990,29000,10
12.9311199188,80.2319564819,29000,29010,10
12.9301204681,80.2316513062,29010,29020,10
12.9291801453,80.2314605713,29020,29030,10
12.9289598465,80.2314224243,29030,29041,11
12.9286804199,80.2313690186,29041,29051,10
12.9280004501,80.2312698364,29051,29061,10
12.9271001816,80.2311630249,29061,29071,10
12.9260101318,80.2310562134,29071,29101,30
12.9260101318,80.2310562134,29101,29111,10
12.9259395599,80.231048584,29111,29121,10
12.9255504608,80.2309875488,29121,29132,11
12.9248600006,80.2308807373,29132,29142,10
12.9240198135,80.2307815552,29142,29152,10
12.9230699539,80.2306594849,29152,29162,10
12.9219703674,80.2304763794,29162,29172,10
12.9207696915,80.2303390503,29172,29182,10
12.9196996689,80.23021698,29182,29192,10
12.9193201065,80.2301712036,29192,29202,10
12.9189901352,80.2301177979,29202,29212,10
12.918510437,80.2300415039,29212,29223,11
12.9177598953,80.2299423218,29223,29233,10
12.9168796539,80.2298126221,29233,29243,10
12.9158296585,80.2296600342,29243,29253,10
12.9146795273,80.2295227051,29253,29263,10
12.9137601852,80.2294006348,29263,29273,10
12.9132003784,80.2293167114,29273,29303,30
12.9132003784,80.2293167114,29303,29314,11
12.9131402969,80.2293777466,29314,29324,10
12.9128303528,80.229309082,29324,29334,10
12.9121999741,80.2291870117,29334,29344,10
12.9113302231,80.2290496826,29344,29354,10
12.9103403091,80.2288970947,29354,29364,10
12.9092197418,80.2287063599,29364,29374,10
12.9080095291,80.2285079956,29374,29384,10
12.9069404602,80.2284088135,29384,29465,81
12.9069404602,80.2284088135,29465,29475,10
12.9068603516,80.2283935547,29475,29485,10
12.9064502716,80.2283401489,29485,29496,11
12.9057598114,80.2282867432,29496,29506,10
12.904999733,80.2282485962,29506,29516,10
12.9042196274,80.2282104492,29516,29526,10
12.9034996033,80.2281723022,29526,29536,10
12.9025497437,80.2281265259,29536,29546,10
12.9016304016,80.2280731201,29546,29556,10
12.9013004303,80.2280502319,29556,29597,41
12.9013004303,80.2280502319,29597,29607,10
12.901260376,80.2280502319,29607,29617,10
12.9010295868,80.2280426025,29617,29627,10
12.9005804062,80.2279968262,29627,29637,10
12.9000396729,80.2279586792,29637,29647,10
12.8993396759,80.2279281616,29647,29657,10
12.898639679,80.2279205322,29657,29708,51
12.898639679,80.2279205322,29708,29718,10
12.8985004425,80.2279281616,29718,29728,10
12.8982496262,80.2278900146,29728,29738,10
12.8979196548,80.2278594971,29738,29748,10
12.8974399567,80.2278213501,29748,29758,10
12.8968296051,80.2277908325,29758,29769,11
12.8960895538,80.2277679443,29769,29779,10
12.8952198029,80.2277374268,29779,29789,10
12.8943004608,80.227722168,29789,29799,10
12.8934497833,80.2276306152,29799,29809,10
12.8927698135,80.2275314331,29809,29819,10
12.8921403885,80.2274475098,29819,29829,10
12.8913602829,80.2274169922,29829,29839,10
12.8904895782,80.2274093628,29839,29850,11
12.8894996643,80.2274017334,29850,29860,10
12.888589859,80.2273712158,29860,29870,10
12.8876495361,80.2273025513,29870,29880,10
12.8866195679,80.2271194458,29880,29890,10
12.8855695724,80.2268371582,29890,29900,10
12.8847398758,80.2267684937,29900,29910,10
12.8838596344,80.2267684937,29910,29920,10
12.8828496933,80.2267837524,29920,29930,10
12.8817501068,80.2267913818,29930,29940,10
12.8805799484,80.2267837524,29940,29951,11
12.8792295456,80.2268218994,29951,29961,10
12.8781204224,80.226890564,29961,29971,10
12.8772497177,80.2269668579,29971,29981,10
12.876830101,80.2269973755,29981,29991,10
12.8762702942,80.2270431519,29991,30011,20
12.8761196136,80.2270431519,30011,30032,21
12.8761196136,80.2270431519,30032,30042,10
12.8757801056,80.2270584106,30042,30052,10
12.875120163,80.2269897461,30052,30062,10
12.8742103577,80.2268676758,30062,30072,10
12.8732004166,80.2267913818,30072,30082,10
12.8729200363,80.2267913818,30082,30092,10
12.8728704453,80.2267684937,30092,30102,10
12.872469902,80.2267608643,30102,30112,10
12.8718099594,80.2267379761,30112,30123,11
12.8710098267,80.2266998291,30123,30133,10
12.8701095581,80.2266082764,30133,30143,10
12.869099617,80.2265014648,30143,30153,10
12.8680000305,80.2264404297,30153,30163,10
12.8668498993,80.2265625,30163,30173,10
12.8656702042,80.2266387939,30173,30183,10
12.8644304276,80.2266235352,30183,30193,10
12.8631601334,80.2265777588,30193,30203,10
12.8619403839,80.2266311646,30203,30214,11
12.8608102798,80.2266387939,30214,30234,20
12.8608102798,80.2266387939,30234,30244,10
12.860710144,80.2266387939,30244,30254,10
12.8602600098,80.2265777588,30254,30264,10
12.8595895767,80.2264709473,30264,30274,10
12.8587398529,80.2263412476,30274,30284,10
12.8577899933,80.22631073,30284,30294,10
12.8567199707,80.2263870239,30294,30305,11
12.8555603027,80.2265167236,30305,30315,10
12.8544301987,80.2266387939,30315,30325,10
12.853269577,80.2267608643,30325,30335,10
12.8520402908,80.2267303467,30335,30345,10
12.8509197235,80.2266921997,30345,30355,10
12.8506498337,80.2266769409,30355,30365,10
12.8506402969,80.2266616821,30365,30375,10
12.8501996994,80.2266387939,30375,30385,10
12.8494300842,80.2266235352,30385,30396,11
12.8483295441,80.2266082764,30396,30406,10
12.8472604752,80.2266235352,30406,30416,10
12.8464202881,80.2266082764,30416,30426,10
12.8458499908,80.2266235352,30426,30436,10
12.8452501297,80.2266693115,30436,30476,40
12.8452501297,80.2266693115,30476,30487,11
12.8450698853,80.2266464233,30487,30497,10
12.8446598053,80.2266921997,30497,30507,10
12.8439998627,80.2267608643,30507,30517,10
12.8431997299,80.2268829346,30517,30527,10
12.8422899246,80.2270965576,30527,30537,10
12.8412599564,80.2273330688,30537,30547,10
12.8403902054,80.2275695801,30547,30557,10
12.8401203156,80.2276687622,30557,30567,10
12.8399295807,80.2277679443,30567,30578,11
12.8398599625,80.2277832031,30578,30588,10
12.8395900726,80.2278366089,30588,30598,10
12.8390598297,80.2279510498,30598,30608,10
12.8382902145,80.2281265259,30608,30618,10
12.8373804092,80.2283096313,30618,30628,10
12.836350441,80.2284469604,30628,30638,10
12.8352403641,80.2286071777,30638,30648,10
12.8340597153,80.2287979126,30648,30658,10
12.8328199387,80.229019165,30658,30669,11
12.8317203522,80.2292175293,30669,30699,30
12.8317203522,80.2292175293,30699,30709,10
12.831580162,80.2288818359,30709,30739,30
12.831580162,80.2288818359,30739,30749,10
12.8315296173,80.2286376953,30749,30760,11
12.8314399719,80.2281799316,30760,30770,10
12.8313102722,80.2275009155,30770,30780,10
12.8311395645,80.2266693115,30780,30790,10
12.8310699463,80.2257614136,30790,30800,10
12.8310804367,80.224937439,30800,30810,10
12.8310804367,80.2246170044,30810,30820,10
12.8310804367,80.2240982056,30820,30830,10
12.8310899734,80.2233200073,30830,30840,10
12.8311004639,80.222442627,30840,30851,11
12.8311004639,80.222038269,30851,30861,10
12.8311004639,80.2213821411,30861,30871,10
12.8311004639,80.2204437256,30871,30881,10
12.8311100006,80.2197494507,30881,30891,10
12.8307104111,80.2194976807,30891,30901,10
12.8299198151,80.2195205688,30901,30911,10
12.8289899826,80.2195129395,30911,30921,10
12.8280096054,80.2195205688,30921,30931,10
12.8274297714,80.2195205688,30931,30982,51
12.8274297714,80.2195205688,30982,30992,10
12.8269500732,80.2194824219,30992,31002,10
12.826379776,80.2194671631,31002,31012,10
12.8256196976,80.2194366455,31012,31033,21
12.8256196976,80.2194366455,31033,31043,10
12.8253898621,80.2194519043,31043,31053,10
12.8248195648,80.2194366455,31053,31063,10
12.8239803314,80.2194366455,31063,31073,10
12.8230695724,80.2194366455,31073,31083,10
12.8227500916,80.2194213867,31083,31093,10
12.8226299286,80.2191390991,31093,31103,10
12.8226499557,80.2190475464,31103,31113,10
12.8226499557,80.2185821533,31113,31124,11
12.8226604462,80.2176818848,31124,31134,10
12.8226804733,80.2166519165,31134,31144,10
12.8227796555,80.2159729004,31144,31154,10
12.8228998184,80.2159729004,31154,31164,10
12.8230495453,80.216003418,31164,31174,10
12.8235902786,80.2160110474,31174,31184,10
12.8245601654,80.216003418,31184,31205,21
12.8247003555,80.2160186768,31205,32538,1333
12.8247003555,80.2160186768,32538,32548,10
12.8256397247,80.2160491943,32548,32559,11
12.8256397247,80.2160491943,32559,32570,11
12.8259096146,80.2163696289,32570,32600,30
12.8259096146,80.2163696289,32600,32610,10
12.825920105,80.2165298462,32610,32620,10
12.825920105,80.2170028687,32620,32630,10
12.8259096146,80.2176208496,32630,32640,10
12.8258895874,80.2184295654,32640,32651,11
12.8258895874,80.2190475464,32651,32661,10
12.8260202408,80.2193832397,32661,32671,10
12.8265600204,80.2194137573,32671,32681,10
12.8273000717,80.2193984985,32681,32691,10
12.8275499344,80.2193908691,32691,32701,10
12.8276796341,80.2193908691,32701,32711,10
12.8279600143,80.2194137573,32711,32721,10
12.8286399841,80.2194213867,32721,32731,10
12.8295202255,80.2193908691,32731,32742,11
12.8306303024,80.2194213867,32742,32752,10
12.8309402466,80.2194595337,32752,32762,10
12.8311700821,80.2198486328,32762,32772,10
12.8311595917,80.2204971313,32772,32782,10
12.8311595917,80.2213897705,32782,32792,10
12.8311500549,80.2220916748,32792,32802,10
12.8311500549,80.2225189209,32802,32812,10
12.8311500549,80.2232818604,32812,32823,11
12.8311395645,80.224357605,32823,32833,10
12.8311395645,80.2247619629,32833,32843,10
12.8311395645,80.225440979,32843,32853,10
12.8311500549,80.2262802124,32853,32862,9
12.8313398361,80.2273483276,32862,32873,11
12.8316202164,80.228553772,32873,32883,10
12.8317403793,80.2290802002,32883,32893,10
12.8320798874,80.2291183472,32893,32903,10
12.8327503204,80.2289810181,32903,32914,11
12.833820343,80.2287826538,32914,32924,10
12.8348903656,80.2285919189,32924,32934,10
12.8359498978,80.2284088135,32934,32944,10
12.8372097015,80.2282333374,32944,32954,10
12.83852005,80.2279663086,32954,32964,10
12.8391304016,80.2278289795,32964,33025,61
12.8391304016,80.2278289795,33025,33035,10
12.8394804001,80.2277526855,33035,33045,10
12.8396396637,80.2276992798,33045,33055,10
12.8401699066,80.2275390625,33055,33065,10
12.8409404755,80.2273178101,33065,33075,10
12.8418502808,80.2270889282,33075,33085,10
12.8427696228,80.2268981934,33085,33096,11
12.8438301086,80.2267227173,33096,33106,10
12.8453502655,80.2265625,33106,33126,20
12.8453502655,80.2265625,33126,33136,10
12.8456497192,80.2265625,33136,33146,10
12.8461999893,80.2265625,33146,33156,10
12.847029686,80.2265625,33156,33166,10
12.8480701447,80.2265701294,33166,33176,10
12.8492097855,80.2265701294,33176,33187,11
12.8504295349,80.2265777588,33187,33197,10
12.851559639,80.2266235352,33197,33207,10
12.8527202606,80.2266464233,33207,33217,10
12.8539199829,80.2265777588,33217,33227,10
12.8551101685,80.2264404297,33227,33237,10
12.8562602997,80.2263336182,33237,33247,10
12.8573503494,80.2262268066,33247,33257,10
12.8583803177,80.2261962891,33257,33267,10
12.8593301773,80.2262878418,33267,33278,11
12.8602800369,80.2264175415,33278,33288,10
12.860710144,80.2264709473,33288,33298,10
12.8607301712,80.2264785767,33298,33308,10
12.8610095978,80.2265014648,33308,33318,10
12.8615999222,80.2265090942,33318,33328,10
12.8624401093,80.2264785767,33328,33338,10
12.8634195328,80.2264633179,33338,33348,10
12.864569664,80.2265090942,33348,33358,10
12.8657398224,80.2265396118,33358,33369,11
12.8671197891,80.2264404297,33369,33379,10
12.8683700562,80.2263336182,33379,33389,10
12.8696098328,80.2264633179,33389,33399,10
12.8708400726,80.2265930176,33399,33409,10
12.8719902039,80.2266235352,33409,33419,10
12.872710228,80.2266311646,33419,33429,10
12.8727397919,80.2266311646,33429,33439,10
12.8730096817,80.2266387939,33439,33449,10
12.8736095428,80.2266769409,33449,33460,11
12.8745603561,80.2267837524,33460,33470,10
12.8756198883,80.2268829346,33470,33480,10
12.8763198853,80.2268981934,33480,33490,10
12.8766899109,80.2268829346,33490,33500,10
12.8768100739,80.2268676758,33500,33510,10
12.8772201538,80.2268371582,33510,33520,10
12.8779602051,80.2267990112,33520,33530,10
12.8788795471,80.2267227173,33530,33540,10
12.8799695969,80.2266769409,33540,33551,11
12.8812198639,80.2266693115,33551,33561,10
12.8824596405,80.2266616821,33561,33571,10
12.8837404251,80.2266464233,33571,33581,10
12.8849096298,80.2266235352,33581,33591,10
12.8851995468,80.2266311646,33591,33601,10
12.885310173,80.2266464233,33601,33611,10
12.8858003616,80.2267608643,33611,33621,10
12.8865499496,80.2269668579,33621,33631,10
12.8875198364,80.227180481,33631,33642,11
12.888759613,80.2272796631,33642,33652,10
12.8900203705,80.2273178101,33652,33662,10
12.8913402557,80.2273025513,33662,33672,10
12.8921203613,80.2272796631,33672,33722,50
12.8921203613,80.2272796631,33722,33733,11
12.892370224,80.2272872925,33733,33743,10
12.8929300308,80.2273712158,33743,33753,10
12.893699646,80.2274703979,33753,33763,10
12.8946199417,80.2275695801,33763,33773,10
12.8956604004,80.2276229858,33773,33783,10
12.8967695236,80.2276687622,33783,33793,10
12.8979301453,80.2277374268,33793,33803,10
12.8990402222,80.2278137207,33803,33813,10
12.8999795914,80.2278594971,33813,33824,11
12.9006900787,80.2278900146,33824,33945,121
12.9006900787,80.2278900146,33945,33955,10
12.9008998871,80.227897644,33955,33965,10
12.9013996124,80.2279281616,33965,33975,10
12.9020204544,80.2279510498,33975,33985,10
12.9029302597,80.2279663086,33985,34006,21
12.9029302597,80.2279663086,34006,34016,10
12.902970314,80.2279586792,34016,34026,10
12.9033603668,80.2279663086,34026,34036,10
12.9036502838,80.2280426025,34036,34046,10
12.9040203094,80.2280502319,34046,34066,20
12.9040203094,80.2280502319,34066,34076,10
12.9042596817,80.2280502319,34076,34086,10
12.9046697617,80.2280807495,34086,34097,11
12.9050598145,80.2281112671,34097,34107,10
12.9052095413,80.2281036377,34107,34117,10
12.9053401947,80.2281036377,34117,34127,10
12.9057197571,80.2281188965,34127,34137,10
12.9059896469,80.2281417847,34137,34147,10
12.9063997269,80.2281723022,34147,34157,10
12.9068803787,80.2282485962,34157,34167,10
12.9071302414,80.2282714844,34167,34177,10
12.9072198868,80.2282791138,34177,34188,11
12.9077100754,80.2283630371,34188,34198,10
12.9084396362,80.2285003662,34198,34208,10
12.9094200134,80.2286605835,34208,34218,10
12.9105100632,80.2288208008,34218,34228,10
12.9116802216,80.2289581299,34228,34238,10
12.9127902985,80.229133606,34238,34248,10
12.9137496948,80.2292480469,34248,34258,10
12.9139299393,80.2292709351,34258,34268,10
12.9140901566,80.2292861938,34268,34279,11
12.9145698547,80.2293624878,34279,34289,10
12.9152402878,80.2294692993,34289,34299,10
12.9161300659,80.2296066284,34299,34309,10
12.9170999527,80.2297286987,34309,34319,10
12.9181604385,80.2298736572,34319,34329,10
12.9190502167,80.2300109863,34329,34339,10
12.920009613,80.2301330566,34339,34349,10
12.9211101532,80.2302627563,34349,34359,10
12.9223003387,80.230430603,34359,34370,11
12.9236602783,80.2306289673,34370,34380,10
12.9249095917,80.2307891846,34380,34390,10
12.9260396957,80.2309265137,34390,34400,10
12.9267501831,80.2309570313,34400,34410,10
12.9269104004,80.2309799194,34410,34420,10
12.9274101257,80.2310409546,34420,34430,10
12.9281702042,80.2311325073,34430,34440,10
12.929019928,80.2312774658,34440,34451,11
12.9300603867,80.2315292358,34451,34461,10
12.9311304092,80.2318267822,34461,34471,10
12.9322004318,80.2321777344,34471,34481,10
12.9331998825,80.2325515747,34481,34491,10
12.9335002899,80.2326583862,34491,34501,10
12.933549881,80.2326889038,34501,34511,10
12.9338998795,80.2328567505,34511,34521,10
12.9345397949,80.2331619263,34521,34531,10
12.9352998734,80.2334976196,34531,34542,11
12.9357299805,80.2337188721,34542,34552,10
12.936249733,80.2339782715,34552,34562,10
12.9370002747,80.2343292236,34562,34572,10
12.9378995895,80.2347717285,34572,34582,10
12.9388599396,80.2352600098,34582,34592,10
12.9397001266,80.2356567383,34592,34612,20
12.9397001266,80.2356567383,34612,34622,10
12.9398803711,80.2357177734,34622,34633,11
12.9404802322,80.2359390259,34633,34643,10
12.9412603378,80.2361526489,34643,34653,10
12.9421396255,80.2363815308,34653,34663,10
12.9430704117,80.236831665,34663,34673,10
12.9438800812,80.2376174927,34673,34683,10
12.9446697235,80.2384872437,34683,34693,10
12.9453601837,80.2391586304,34693,34703,10
12.9466199875,80.2397689819,34703,34713,10
12.9473896027,80.2400588989,34713,34724,11
12.9476499557,80.2401275635,34724,34734,10
12.9477796555,80.2401885986,34734,34855,121
12.9477796555,80.2401885986,34855,34865,10
12.9481296539,80.2403030396,34865,34875,10
12.9484901428,80.2404632568,34875,34885,10
12.9490003586,80.2406616211,34885,34895,10
12.9494104385,80.2408065796,34895,34906,11
12.9500198364,80.2409820557,34906,34916,10
12.9504203796,80.2411193848,34916,34926,10
12.9507398605,80.2412490845,34926,34936,10
12.9511299133,80.2413711548,34936,34956,20
12.9511299133,80.2413711548,34956,34966,10
12.951259613,80.2414093018,34966,34976,10
12.9517402649,80.2415924072,34976,34986,10
12.9524297714,80.241859436,34986,34997,11
12.9533395767,80.2422027588,34997,35007,10
12.9539403915,80.24243927,35007,35017,10
12.9545097351,80.24269104,35017,35027,10
12.9552001953,80.2429504395,35027,35037,10
12.9559001923,80.2431793213,35037,35047,10
12.9561395645,80.2432632446,35047,35057,10
12.9562997818,80.2433166504,35057,35088,31
12.9562997818,80.2433166504,35088,35098,10
12.9565696716,80.2434387207,35098,35108,10
12.9570598602,80.2436904907,35108,35118,10
12.9577302933,80.2439880371,35118,35128,10
12.9587202072,80.2443771362,35128,35148,20
12.9587202072,80.2443771362,35148,35158,10
12.9589395523,80.2445373535,35158,35168,10
12.9590902328,80.2446136475,35168,35179,11
12.9594402313,80.2447814941,35179,35189,10
12.9600000381,80.2450332642,35189,35199,10
12.9606895447,80.2453384399,35199,35209,10
12.9615097046,80.2457275391,35209,35219,10
12.9624204636,80.2461776733,35219,35229,10
12.9633703232,80.2466278076,35229,35239,10
12.9640798569,80.2469100952,35239,35249,10
12.9648399353,80.247177124,35249,35259,10
12.9656295776,80.2474365234,35259,35270,11
12.966050148,80.2475967407,35270,35290,20
12.966050148,80.2475967407,35290,35300,10
12.9662399292,80.2477035522,35300,35310,10
12.9665002823,80.2477874756,35310,35330,20
12.9665002823,80.2477874756,35330,35340,10
12.9666996002,80.2479019165,35340,35350,10
12.9667396545,80.2479095459,35350,35361,11
12.9670801163,80.2480926514,35361,35371,10
12.9675703049,80.2483291626,35371,35381,10
12.9682703018,80.2486190796,35381,35391,10
12.9691200256,80.2489471436,35391,35401,10
12.9701404572,80.2493515015,35401,35411,10
12.9712400436,80.2497177124,35411,35421,10
12.9723300934,80.25,35421,35431,10
12.9735498428,80.2502975464,35431,35441,10
12.9745597839,80.2506027222,35441,35452,11
12.9757604599,80.2509384155,35452,35462,10
12.9768800735,80.2512664795,35462,35472,10
12.9778203964,80.2518310547,35472,35482,10
12.9784498215,80.2522964478,35482,35492,10
12.9784803391,80.2523193359,35492,35502,10
12.9785203934,80.2523803711,35502,35512,10
12.9789400101,80.2525482178,35512,35522,10
12.9795598984,80.2526626587,35522,35543,21
12.9795598984,80.2526626587,35543,35553,10
12.9797096252,80.2526397705,35553,35563,10
12.9800796509,80.2526473999,35563,35573,10
12.9807300568,80.2526397705,35573,35583,10
12.9815502167,80.2526092529,35583,35593,10
12.9825201035,80.2525787354,35593,35603,10
12.9835996628,80.2524490356,35603,35613,10
12.9849996567,80.2520523071,35613,35948,335
12.9849996567,80.2520523071,35948,35958,10
12.9851198196,80.2519683838,35958,35968,10
12.9855499268,80.2518692017,35968,35978,10
12.986000061,80.251739502,35978,35989,11
12.9864997864,80.2516403198,35989,35999,10
12.9871501923,80.2514572144,35999,36009,10
12.9877300262,80.2513122559,36009,36019,10
12.9884195328,80.2511367798,36019,36029,10
12.9894399643,80.2508392334,36029,36059,30
12.9894399643,80.2508392334,36059,36069,10
12.9895401001,80.2509002686,36069,36080,11
12.9900197983,80.2508010864,36080,36090,10
12.9907398224,80.2506027222,36090,36100,10
12.9916200638,80.2503890991,36100,36110,10
12.9926300049,80.2501296997,36110,36120,10
12.9937295914,80.2498321533,36120,36130,10
12.9948396683,80.2495574951,36130,36140,10
12.9958496094,80.2492904663,36140,36150,10
12.9965600967,80.2490692139,36150,36160,10
12.9966201782,80.2490615845,36160,36171,11
12.9970197678,80.2489929199,36171,36181,10
12.9976701736,80.248840332,36181,36191,10
12.9984998703,80.248626709,36191,36201,10
12.9994697571,80.2483901978,36201,36211,10
13.0005397797,80.2481231689,36211,36221,10
13.0015602112,80.2478637695,36221,36231,10
13.0020799637,80.2477264404,36231,36241,10
13.0024995804,80.2476272583,36241,36251,10
13.0032701492,80.2474975586,36251,36262,11
13.0043401718,80.2473526001,36262,36272,10
13.0052900314,80.2472000122,36272,36282,10
13.0059995651,80.2469711304,36282,36292,10
13.0064001083,80.2466812134,36292,36302,10
13.0064096451,80.2466506958,36302,36312,10
13.0065498352,80.246383667,36312,36322,10
13.0066404343,80.2458114624,36322,36332,10
13.0066604614,80.2450332642,36332,36342,10
13.0066404343,80.2441711426,36342,36353,11
13.0066299438,80.2434616089,36353,36363,10
13.0066204071,80.2429199219,36363,36373,10
13.0066299438,80.2425765991,36373,36383,10
13.0066404343,80.2420425415,36383,36393,10
13.0066604614,80.2414779663,36393,36403,10
13.0067195892,80.2408905029,36403,36413,10
13.006819725,80.2403182983,36413,36423,10
13.0068998337,80.2398910522,36423,36433,10
13.0069999695,80.2393264771,36433,36444,11
13.007109642,80.2387924194,36444,36454,10
13.0071802139,80.2383728027,36454,36464,10
13.0072402954,80.2379074097,36464,36474,10
13.0074100494,80.2368164063,36474,36494,20
13.0074100494,80.2368164063,36494,36504,10
13.0074596405,80.236618042,36504,36514,10
13.0075597763,80.2362213135,36514,36524,10
13.0076904297,80.2356185913,36524,36535,11
13.0078601837,80.2347412109,36535,36545,10
13.0080499649,80.2338180542,36545,36555,10
13.0082597733,80.2326965332,36555,36565,10
13.0085201263,80.2313995361,36565,36575,10
13.0087795258,80.2300567627,36575,36585,10
13.0090398788,80.2287826538,36585,36595,10
13.0092496872,80.2279510498,36595,36605,10
13.0095996857,80.2272033691,36605,36615,10
13.0100603104,80.2262573242,36615,36626,11
13.0105199814,80.2253417969,36626,36636,10
13.0107603073,80.224822998,36636,36646,10
13.0109596252,80.224281311,36646,36656,10
13.0110797882,80.2239837646,36656,36666,10
13.0110797882,80.2239685059,36666,36676,10
13.0111999512,80.2236022949,36676,36686,10
13.0114498138,80.2230529785,36686,36696,10
13.011759758,80.2222900391,36696,36706,10
13.0120697021,80.2215423584,36706,36717,11
13.0123500824,80.2214584351,36717,36727,10
13.0125999451,80.2218399048,36727,36737,10
13.0129404068,80.2222824097,36737,36747,10
13.0134000778,80.2227172852,36747,36757,10
13.013879776,80.2233123779,36757,36767,10
13.0142498016,80.2237701416,36767,36777,10
13.0146903992,80.2242584229,36777,36787,10
13.015250206,80.2247772217,36787,36797,10
13.01541996,80.2249221802,36797,36808,11
13.0154600143,80.2250518799,36808,36818,10
13.0158395767,80.2252807617,36818,36828,10
13.016289711,80.225402832,36828,36838,10
13.0164899826,80.2253417969,36838,36848,10
13.0167999268,80.2251968384,36848,36858,10
13.0170898438,80.2250671387,36858,36868,10
13.017250061,80.2249984741,36868,36878,10
13.0177297592,80.2248001099,36878,36899,21
13.0177297592,80.2248001099,36899,36909,10
13.0180101395,80.2246780396,36909,36919,10
13.0182800293,80.2245635986,36919,36929,10
13.0186004639,80.2244262695,36929,36939,10
13.0191602707,80.2242507935,36939,36959,20
13.0191602707,80.2242507935,36959,36969,10
13.0193099976,80.224319458,36969,36979,10
13.019490242,80.2244033813,36979,36990,11
13.0196399689,80.2244796753,36990,37000,10
13.0198097229,80.2246398926,37000,37010,10
13.0200796127,80.2248535156,37010,37020,10
13.0203504562,80.2250213623,37020,37030,10
13.0205402374,80.225151062,37030,37040,10
13.0207004547,80.2252578735,37040,37050,10
13.0208902359,80.225402832,37050,37060,10
13.0211496353,80.2256164551,37060,37070,10
13.0216503143,80.2259902954,37070,37101,31
13.0216503143,80.2259902954,37101,37111,10
13.0219402313,80.2261428833,37111,37121,10
13.0221204758,80.2262878418,37121,37141,20
13.0221204758,80.2262878418,37141,37151,10
13.0222997665,80.2264328003,37151,37172,21
13.0222997665,80.2264328003,37172,37182,10
13.0225000381,80.2266387939,37182,37192,10
13.0226602554,80.2267837524,37192,37202,10
13.0227804184,80.2268829346,37202,37212,10
13.0228996277,80.2270202637,37212,37222,10
13.0230503082,80.2271575928,37222,37232,10
13.0232400894,80.2273635864,37232,37303,71
13.0232400894,80.2273635864,37303,37313,10
13.0236597061,80.2277069092,37313,37323,10
13.0239095688,80.227897644,37323,37333,10
13.0243501663,80.2283935547,37333,37455,122
13.0243501663,80.2283935547,37455,37465,10
13.0242795944,80.2285995483,37465,37475,10
13.0240497589,80.2284011841,37475,37485,10
13.0234804153,80.2277526855,37485,37515,30
13.0234804153,80.2277526855,37515,37526,11
13.023349762,80.2276229858,37526,37536,10
13.0230903625,80.2273788452,37536,37576,40
13.0229997635,80.2272262573,37576,37627,51
13.0229997635,80.2272262573,37627,37637,10
13.0229701996,80.2271270752,37637,37647,10
13.0227098465,80.2269210815,37647,37657,10
13.022310257,80.2265396118,37657,37667,10
13.0217599869,80.2260818481,37667,37677,10
13.0211496353,80.2256317139,37677,37687,10
13.0205001831,80.2251586914,37687,37697,10
13.0199098587,80.2247619629,37697,37708,11
13.0192604065,80.2244873047,37708,37718,10
13.0185604095,80.2245788574,37718,37728,10
13.0178604126,80.2248764038,37728,37738,10
13.0170602798,80.2251968384,37738,37748,10
13.0163602829,80.2254867554,37748,37758,10
13.015709877,80.2257232666,37758,37768,10
13.0150499344,80.2259979248,37768,37778,10
13.0144901276,80.2262420654,37778,37788,10
13.0143299103,80.2263031006,37788,37799,11
13.0142202377,80.2263412476,37799,37809,10
13.0137796402,80.2264862061,37809,37819,10
13.0131597519,80.2267227173,37819,37829,10
13.0123500824,80.2270584106,37829,37839,10
13.0115499496,80.2273864746,37839,37849,10
13.0105800629,80.2277832031,37849,37858,9
13.0096998215,80.2281417847,37858,37867,9
13.009180069,80.2286834717,37867,37879,12
13.0089702606,80.2297210693,37879,37890,11
13.0087499619,80.2307891846,37890,37900,10
13.0086402893,80.2313995361,37900,37930,30
13.0086402893,80.2313995361,37930,37940,10
13.0085296631,80.2318572998,37940,37950,10
13.0084400177,80.2322692871,37950,37960,10
13.0083599091,80.2326507568,37960,37970,10
13.0082998276,80.233001709,37970,37981,11
13.0082397461,80.2334823608,37981,38001,20
13.0082397461,80.2334823608,38001,38011,10
13.0081596375,80.2337036133,38011,38041,30
13.0081596375,80.2337036133,38041,38051,10
13.0081195831,80.2338104248,38051,38061,10
13.0080604553,80.2340927124,38061,38072,11
13.0079603195,80.234703064,38072,38092,20
13.0079603195,80.234703064,38092,38102,10
13.0078802109,80.2350006104,38102,38122,20
13.0078802109,80.2350006104,38122,38132,10
13.0078296661,80.2352294922,38132,38142,10
13.0077695847,80.2356414795,38142,38152,10
13.0076599121,80.2362365723,38152,38163,11
13.0075397491,80.2368774414,38163,38173,10
13.0074396133,80.2373962402,38173,38183,10
13.0073699951,80.2377624512,38183,38193,10
13.0072803497,80.2382583618,38193,38203,10
13.0071401596,80.2390670776,38203,38213,10
13.0069103241,80.2398071289,38213,38223,10
13.0067796707,80.240562439,38223,38233,10
13.0066604614,80.2413864136,38233,38243,10
13.0066900253,80.2422790527,38243,38254,11
13.0066900253,80.242767334,38254,38264,10
13.0066699982,80.2430496216,38264,38274,10
13.0066604614,80.2432785034,38274,38284,10
13.0066699982,80.2435379028,38284,38294,10
13.0066795349,80.2439498901,38294,38304,10
13.0066900253,80.2444915771,38304,38314,10
13.0067100525,80.2447967529,38314,38345,31
13.0066995621,80.2452087402,38345,38365,20
13.0066995621,80.2452087402,38365,38375,10
13.0067195892,80.2455368042,38375,38385,10
13.0067501068,80.2461090088,38385,38395,10
13.0067596436,80.2467880249,38395,38405,10
13.0065603256,80.2473068237,38405,38415,10
13.0061502457,80.2473983765,38415,38425,10
13.0061197281,80.2473831177,38425,38436,11
13.005900383,80.2473831177,38436,38446,10
13.0053796768,80.2473373413,38446,38456,10
13.0046100616,80.2473907471,38456,38466,10
13.0036401749,80.2475204468,38466,38476,10
13.0024995804,80.247718811,38476,38486,10
13.0013399124,80.248008728,38486,38496,10
13.0000896454,80.2483291626,38496,38506,10
12.9988002777,80.2486877441,38506,38516,10
12.9981203079,80.248878479,38516,38527,11
12.9980802536,80.2488937378,38527,38537,10
12.9976396561,80.2489776611,38537,38547,10
12.996919632,80.2491378784,38547,38557,10
12.9960298538,80.2493515015,38557,38567,10
12.9949903488,80.2496185303,38567,38577,10
12.9938402176,80.2499237061,38577,38587,10
12.9926300049,80.2502212524,38587,38597,10
12.9916496277,80.2504806519,38597,38607,10
12.9910898209,80.2506637573,38607,38759,152
12.9910898209,80.2506637573,38759,38769,10
12.9909601212,80.2506790161,38769,38779,10
12.9906797409,80.2507171631,38779,38789,10
12.9901695251,80.2508392334,38789,38800,11
12.9896297455,80.2509613037,38800,38810,10
12.9892501831,80.2510528564,38810,38820,10
12.9889202118,80.2511367798,38820,38830,10
12.9887504578,80.2512130737,38830,38840,10
12.9885101318,80.2512817383,38840,39052,212
12.9885101318,80.2512817383,39052,39063,11
12.9882898331,80.2512969971,39063,39073,10
12.9880199432,80.2513809204,39073,39083,10
12.9875802994,80.2514801025,39083,39093,10
12.9869804382,80.2516403198,39093,39103,10
12.9863595963,80.2518234253,39103,39113,10
12.985619545,80.251991272,39113,39123,10
12.9846801758,80.252243042,39123,39133,10
12.9835996628,80.252532959,39133,39143,10
12.9825496674,80.2526626587,39143,39154,11
12.9815196991,80.2526931763,39154,39164,10
12.9807195663,80.2527236938,39164,39174,10
12.9800796509,80.252746582,39174,39184,10
12.979590416,80.2527084351,39184,39194,10
12.978890419,80.2526168823,39194,39204,10
12.9784898758,80.252532959,39204,39214,10
12.9783201218,80.2524108887,39214,39224,10
12.9777498245,80.2518920898,39224,39234,10
12.9768199921,80.2513198853,39234,39245,11
12.9754695892,80.2509078979,39245,39255,10
12.9741802216,80.250541687,39255,39265,10
12.9729604721,80.250213623,39265,39275,10
12.9716796875,80.2498779297,39275,39285,10
12.9704504013,80.2495422363,39285,39295,10
12.9698600769,80.2493515015,39295,39305,10
12.9696798325,80.2492599487,39305,39315,10
12.9694404602,80.2491378784,39315,39346,31
12.9694404602,80.2491378784,39346,39356,10
12.9692401886,80.2490997314,39356,39366,10
12.9690999985,80.2490615845,39366,39376,10
12.9688100815,80.2489395142,39376,39386,10
12.9687099457,80.2488708496,39386,39396,10
12.968580246,80.2487716675,39396,39406,10
12.9684295654,80.2486572266,39406,39416,10
12.9679298401,80.2484970093,39416,39437,21
12.9679298401,80.2484970093,39437,39447,10
12.9678297043,80.2484970093,39447,39457,10
12.967590332,80.2484130859,39457,39477,20
12.967590332,80.2484130859,39477,39487,10
12.9673299789,80.2482833862,39487,39528,41
12.9673299789,80.2482833862,39528,39538,10
12.9668903351,80.2480926514,39538,39588,50
12.9668903351,80.2480926514,39588,39598,10
12.9665603638,80.2479171753,39598,39609,11
12.9664402008,80.2478485107,39609,39619,10
12.9662399292,80.247756958,39619,39629,10
12.9650802612,80.2473373413,39629,39649,20
12.9650802612,80.2473373413,39649,39659,10
12.9650297165,80.2473220825,39659,39669,10
12.9647502899,80.2472229004,39669,39679,10
12.964679718,80.2472000122,39679,39689,10
12.9644804001,80.2471313477,39689,39700,11
12.9644403458,80.2471084595,39700,39710,10
12.9642801285,80.2470474243,39710,39720,10
12.9642400742,80.2470397949,39720,39730,10
12.9639797211,80.2469482422,39730,39821,91
12.9639797211,80.2469482422,39821,39831,10
12.9636697769,80.2468795776,39831,39841,10
12.9630203247,80.2465209961,39841,39851,10
12.962100029,80.2460479736,39851,39861,10
12.9610004425,80.2455062866,39861,39871,10
12.9599599838,80.2450408936,39871,39882,11
12.9594097137,80.2447967529,39882,39892,10
12.9591598511,80.244682312,39892,39902,10
12.9584798813,80.2443618774,39902,39912,10
12.9578304291,80.2441101074,39912,39922,10
12.9569997787,80.243888855,39922,39973,51
12.9569997787,80.243888855,39973,39983,10
12.9566602707,80.2437820435,39983,39993,10
12.9565000534,80.2437286377,39993,40013,20
12.9565000534,80.2437286377,40013,40023,10
12.9562196732,80.243637085,40023,40033,10
12.955739975,80.243309021,40033,40043,10
12.9549503326,80.2429122925,40043,40053,10
12.9540300369,80.2425384521,40053,40064,11
12.953040123,80.2421112061,40064,40074,10
12.9520101547,80.2417602539,40074,40084,10
12.9516801834,80.2416534424,40084,40094,10
12.9513196945,80.2415313721,40094,40104,10
12.9506101608,80.2413024902,40104,40114,10
12.9497404099,80.2410583496,40114,40124,10
12.9494400024,80.2409667969,40124,40134,10
12.9494304657,80.2409667969,40134,40144,10
12.9493598938,80.2409515381,40144,40155,11
12.9492301941,80.2408905029,40155,40165,10
12.9488601685,80.240737915,40165,40175,10
12.94810009,80.2404174805,40175,40185,10
12.9473304749,80.2400817871,40185,40195,10
12.9470701218,80.2399978638,40195,40205,10
12.9469099045,80.2399215698,40205,40215,10
12.9463300705,80.2396774292,40215,40225,10
12.9455404282,80.2393188477,40225,40235,10
12.9447603226,80.2386398315,40235,40246,11
12.9438800812,80.2376403809,40246,40256,10
12.9430198669,80.2368392944,40256,40266,10
12.9421701431,80.2364196777,40266,40276,10
12.9409198761,80.2360992432,40276,40286,10
12.9398403168,80.2358169556,40286,40296,10
12.9397001266,80.235748291,40296,40306,10
12.9393196106,80.2355804443,40306,40316,10
12.9386796951,80.2352523804,40316,40326,10
12.9377298355,80.2347412109,40326,40337,11
12.9365701675,80.2341995239,40337,40347,10
12.935959816,80.2339172363,40347,40357,10
12.9358797073,80.2338790894,40357,40367,10
12.9354000092,80.2336502075,40367,40377,10
12.934630394,80.2333221436,40377,40387,10
12.9338998795,80.2330093384,40387,40397,10
12.9337997437,80.2329406738,40397,40407,10
12.933380127,80.2327575684,40407,40417,10
12.9325399399,80.2323989868,40417,40428,11
12.9315595627,80.2320785522,40428,40438,10
12.9304199219,80.2317199707,40438,40448,10
12.9298601151,80.2315673828,40448,40458,10
12.929479599,80.2314834595,40458,40468,10
12.9290103912,80.2313690186,40468,40478,10
12.9285497665,80.2312927246,40478,40488,10
12.9277496338,80.2311630249,40488,40498,10
12.9267196655,80.2310409546,40498,40508,10
12.9256401062,80.2309570313,40508,40519,11
12.925359726,80.2309188843,40519,40529,10
12.9247903824,80.2308273315,40529,40539,10
12.9239997864,80.2307128906,40539,40549,10
12.9230098724,80.2305679321,40549,40559,10
12.9218502045,80.2303924561,40559,40569,10
12.9206600189,80.2302322388,40569,40579,10
12.9195299149,80.2300796509,40579,40589,10
12.9187002182,80.2299804688,40589,40599,10
12.9177398682,80.2298736572,40599,40610,11
12.9166402817,80.2297210693,40610,40620,10
12.9154701233,80.2295532227,40620,40630,10
12.9143600464,80.2294235229,40630,40640,10
12.9135904312,80.2293319702,40640,40650,10
12.9134597778,80.2293167114,40650,40660,10
12.9130601883,80.2292404175,40660,40670,10
12.9123001099,80.2291183472,40670,40680,10
12.9112796783,80.2289733887,40680,40690,10
12.9100799561,80.2287902832,40690,40701,11
12.9086399078,80.2285614014,40701,40711,10
12.9074401855,80.2283630371,40711,40721,10
12.9067602158,80.2282791138,40721,40731,10
12.9062004089,80.2282409668,40731,40741,10
12.9056596756,80.2282791138,40741,40751,10
12.9054899216,80.2283172607,40751,40761,10
12.9048995972,80.2282485962,40761,40771,10
12.9040803909,80.2281799316,40771,40781,10
12.9031095505,80.2281188965,40781,40792,11
12.9019603729,80.2280502319,40792,40802,10
12.9014501572,80.2280426025,40802,40812,10
12.9012699127,80.2280197144,40812,40862,50
12.9012699127,80.2280197144,40862,40872,10
12.9008798599,80.2279586792,40872,40883,11
12.9001703262,80.227897644,40883,40893,10
12.8992795944,80.2278900146,40893,40913,20
12.8992795944,80.2278900146,40913,40923,10
12.8990697861,80.2278594971,40923,40933,10
12.8985004425,80.2278137207,40933,40943,10
12.8976402283,80.2277526855,40943,40953,10
12.8965597153,80.2276992798,40953,40964,11
12.8952598572,80.2276382446,40964,40974,10
12.8940000534,80.2275695801,40974,40984,10
12.8928403854,80.2274398804,40984,40994,10
12.891960144,80.2273635864,40994,41004,10
12.8908901215,80.2273483276,41004,41014,10
12.8897199631,80.2273406982,41014,41024,10
12.8886003494,80.2273406982,41024,41034,10
12.8873796463,80.2272262573,41034,41044,10
12.8861598969,80.2269668579,41044,41054,10
12.8851299286,80.2267532349,41054,41065,11
12.8844604492,80.2266998291,41065,41075,10
12.8835000992,80.2267074585,41075,41085,10
12.8823299408,80.2267227173,41085,41095,10
12.881070137,80.2267303467,41095,41105,10
12.8797998428,80.2267379761,41105,41115,10
12.8785200119,80.2267913818,41115,41125,10
12.8774700165,80.2268981934,41125,41135,10
12.8771295547,80.2269515991,41135,41145,10
12.8768701553,80.2269668579,41145,41156,11
12.876660347,80.2269973755,41156,41166,10
12.876449585,80.2269897461,41166,41176,10
12.8761301041,80.2269821167,41176,41186,10
12.8754501343,80.2269363403,41186,41196,10
12.874540329,80.2268371582,41196,41206,10
12.8734197617,80.2267303467,41206,41216,10
12.8726701736,80.2267379761,41216,41226,10
12.8725595474,80.2267379761,41226,41236,10
12.8719997406,80.2267227173,41236,41247,11
12.871219635,80.2266769409,41247,41257,10
12.8702898026,80.2266235352,41257,41267,10
12.8691902161,80.2264862061,41267,41277,10
12.8679704666,80.2264328003,41277,41287,10
12.8667001724,80.2265472412,41287,41297,10
12.8653802872,80.2266311646,41297,41307,10
12.86398983,80.2265777588,41307,41317,10
12.8625898361,80.2265625,41317,41327,10
12.8611602783,80.226600647,41327,41338,11
12.8597698212,80.2264480591,41338,41348,10
12.8589496613,80.226348877,41348,41358,10
12.8581600189,80.2262573242,41358,41368,10
12.8571596146,80.2263031006,41368,41378,10
12.856010437,80.2264328003,41378,41388,10
12.8549203873,80.2265625,41388,41398,10
12.8537302017,80.2266693115,41398,41408,10
12.8526096344,80.2267227173,41408,41418,10
12.8514099121,80.2266464233,41418,41430,12
12.8502998352,80.2266311646,41430,41440,10
12.8501901627,80.2266235352,41440,41450,10
12.8497896194,80.2266235352,41450,41460,10
12.8490695953,80.226600647,41460,41470,10
12.8481197357,80.226600647,41470,41481,11
12.8469600677,80.2266082764,41481,41490,9
12.8459196091,80.2266235352,41490,41501,11
12.8453197479,80.2266464233,41501,41522,21
12.8453197479,80.2266464233,41522,41532,10
12.8451299667,80.2266387939,41532,41542,10
12.8445196152,80.2266693115,41542,41552,10
12.8436899185,80.2267608643,41552,41562,10
12.8426704407,80.2269363403,41562,41572,10
12.8414897919,80.2272109985,41572,41582,10
12.8403701782,80.2275390625,41582,41592,10
12.8398103714,80.2277679443,41592,41623,31
12.8398103714,80.2277679443,41623,41633,10
12.8394498825,80.2278900146,41633,41643,10
12.8388500214,80.2279891968,41643,41653,10
12.8380298615,80.2281723022,41653,41663,10
12.8370304108,80.2283401489,41663,41673,10
12.835849762,80.2285232544,41673,41683,10
12.8345499039,80.2287216187,41683,41694,11
12.8331003189,80.2289581299,41694,41704,10
12.8324098587,80.229133606,41704,41714,10
12.8323898315,80.229133606,41714,41724,10
12.8322401047,80.2291488647,41724,41734,10
12.831870079,80.2292175293,41734,41744,10
12.8312702179,80.2293701172,41744,41754,10
12.830499649,80.229637146,41754,41764,10
12.8295602798,80.2300033569,41764,41774,10
12.8285303116,80.2304763794,41774,41785,11
12.8273897171,80.2311019897,41785,41795,10
12.8262195587,80.2313613892,41795,41805,10
12.824930191,80.2313995361,41805,41815,10
12.823679924,80.2311325073,41815,41825,10
12.8224201202,80.2307434082,41825,41835,10
12.8211803436,80.2304916382,41835,41845,10
12.8199195862,80.2304992676,41845,41855,10
12.8186903,80.2304077148,41855,41865,10
12.8175401688,80.229888916,41865,41875,10
12.816280365,80.2294998169,41875,41886,11
12.8148202896,80.2293014526,41886,41896,10
12.8135795593,80.2290267944,41896,41906,10
12.8124599457,80.2286376953,41906,41916,10
12.8111696243,80.2281799316,41916,41926,10
12.8099603653,80.2276611328,41926,41936,10
12.8088598251,80.2270278931,41936,41946,10
12.8078203201,80.2261581421,41946,41956,10
12.8069696426,80.2254180908,41956,41966,10
12.8062400818,80.2247619629,41966,41977,11
12.8053398132,80.2241210938,41977,41987,10
12.8049402237,80.2240371704,41987,41997,10
12.804889679,80.2240219116,41997,42007,10
12.804479599,80.2239608765,42007,42017,10
12.8039598465,80.2239303589,42017,42027,10
12.8031902313,80.2238616943,42027,42037,10
12.8024101257,80.223739624,42037,42047,10
12.8015003204,80.2236480713,42047,42057,10
12.8010396957,80.2236175537,42057,42068,11
12.8008804321,80.2236022949,42068,42078,10
12.8003396988,80.2235412598,42078,42088,10
12.7995300293,80.2234573364,42088,42098,10
12.7985296249,80.2233505249,42098,42108,10
12.7973203659,80.223197937,42108,42118,10
12.7961502075,80.2230224609,42118,42128,10
12.7959003448,80.2229690552,42128,42138,10
12.7955303192,80.22290802,42138,42148,10
12.7947998047,80.2227630615,42148,42159,11
12.7936897278,80.2225799561,42159,42169,10
12.792550087,80.2223968506,42169,42179,10
12.7914600372,80.2221069336,42179,42189,10
12.7903499603,80.2218475342,42189,42199,10
12.7895803452,80.2216415405,42199,42209,10
12.7889404297,80.2213973999,42209,42219,10
12.7883996964,80.2211608887,42219,42229,10
12.7879104614,80.220993042,42229,42239,10
12.7871999741,80.2207565308,42239,42250,11
12.7864398956,80.220489502,42250,42310,60
12.7862300873,80.2207107544,42310,42330,20
12.7862300873,80.2207107544,42330,42341,11
12.7862100601,80.2210998535,42341,42351,10
12.7862300873,80.221572876,42351,42361,10
12.7862997055,80.2220306396,42361,42634,273
12.7862997055,80.2220306396,42634,42644,10
12.7863197327,80.2219467163,42644,42654,10
12.7862596512,80.2217483521,42654,42664,10
12.7862195969,80.2214736938,42664,42674,10
12.7862100601,80.2210998535,42674,42684,10
12.7861700058,80.2205963135,42684,42735,51
12.7861700058,80.2205963135,42735,42745,10
12.7863397598,80.2203903198,42745,42765,20
12.7863397598,80.2203903198,42765,42775,10
12.7865200043,80.220451355,42775,42786,11
12.7868900299,80.2205886841,42786,42796,10
12.7873001099,80.220741272,42796,42806,10
12.7878599167,80.2209320068,42806,42816,10
12.7885103226,80.2211608887,42816,42826,10
12.789270401,80.2214736938,42826,42836,10
12.7897901535,80.2216796875,42836,42846,10
12.790189743,80.2218017578,42846,42856,10
12.7908697128,80.2219619751,42856,42866,10
12.791680336,80.2221603394,42866,42877,11
12.7926797867,80.2223892212,42877,42887,10
12.7936601639,80.2225418091,42887,42897,10
12.7945604324,80.2226715088,42897,42907,10
12.7954597473,80.2228164673,42907,42917,10
12.7963199615,80.2229385376,42917,42927,10
12.7964897156,80.2229614258,42927,42937,10
12.7968397141,80.2230377197,42937,42947,10
12.7974796295,80.2231674194,42947,42957,10
12.7982597351,80.2232666016,42957,42968,11
12.7991695404,80.2233734131,42968,42978,10
12.8001804352,80.2234725952,42978,42988,10
12.8010797501,80.2235336304,42988,42998,10
12.8013601303,80.2235565186,42998,43008,10
12.8015003204,80.2236022949,43008,43018,10
12.8020496368,80.2236480713,43018,43028,10
12.802740097,80.223739624,43028,43038,10
12.8035001755,80.2238388062,43038,43048,10
12.8043003082,80.2238998413,43048,43059,11
12.8055095673,80.2241210938,43059,43079,20
12.8055095673,80.2241210938,43079,43089,10
12.8056697845,80.2241973877,43089,43099,10
12.8060398102,80.2245178223,43099,43109,10
12.8066396713,80.2250289917,43109,43119,10
12.8073596954,80.225692749,43119,43129,10
12.8082103729,80.2264099121,43129,43139,10
12.809129715,80.2271575928,43139,43150,11
12.8103399277,80.2277603149,43150,43160,10
12.8115501404,80.2282562256,43160,43170,10
12.812789917,80.2286987305,43170,43180,10
12.8140096664,80.2290802002,43180,43190,10
12.8152999878,80.229309082,43190,43200,10
12.816619873,80.2295074463,43200,43210,10
12.817899704,80.2299804688,43210,43220,10
12.819029808,80.2304382324,43220,43230,10
12.8198900223,80.2304382324,43230,43241,11
12.8201704025,80.2304077148,43241,43251,10
12.8206396103,80.2304077148,43251,43261,10
12.8214101791,80.2304534912,43261,43271,10
12.8223800659,80.2306594849,43271,43281,10
12.8235197067,80.2310180664,43281,43291,10
12.824760437,80.2313079834,43291,43301,10
12.8260602951,80.231338501,43301,43311,10
12.8271999359,80.2311630249,43311,43321,10
12.8282899857,80.2305679321,43321,43332,11
12.829580307,80.2299499512,43332,43342,10
12.8306903839,80.2294998169,43342,43352,10
12.8310203552,80.2293624878,43352,43362,10
12.8311395645,80.2293395996,43362,43372,10
12.8315696716,80.2292327881,43372,43382,10
12.8320198059,80.2291183472,43382,43392,10
12.8328104019,80.2289733887,43392,43402,10
12.8338499069,80.2287902832,43402,43412,10
12.8350601196,80.2285766602,43412,43423,11
12.8365297318,80.2283630371,43423,43433,10
12.8379001617,80.2281417847,43433,43443,10
12.8390102386,80.2278671265,43443,43453,10
12.8395395279,80.227722168,43453,43463,10
12.8399295807,80.2276000977,43463,43473,10
12.8406295776,80.2274169922,43473,43483,10
12.8415298462,80.227180481,43483,43493,10
12.8425397873,80.2269821167,43493,43503,10
12.8435602188,80.2267990112,43503,43514,11
12.8448200226,80.2266235352,43514,43524,10
12.8454999924,80.2265777588,43524,43534,10
12.845700264,80.2265777588,43534,43544,10
12.8460998535,80.2265701294,43544,43554,10
12.8467702866,80.2265472412,43554,43564,10
12.8476200104,80.2265396118,43564,43574,10
12.8486604691,80.2265472412,43574,43584,10
12.8497400284,80.2265396118,43584,43594,10
12.8500204086,80.2265167236,43594,43605,11
12.8500995636,80.2265319824,43605,43615,10
12.8504800797,80.2265319824,43615,43625,10
12.8511600494,80.2265396118,43625,43635,10
12.852060318,80.2265930176,43635,43645,10
12.8532104492,80.2266311646,43645,43655,10
12.8544301987,80.2265319824,43655,43665,10
12.8557195663,80.2264099121,43665,43675,10
12.8570995331,80.2262573242,43675,43685,10
12.8584003448,80.2262115479,43685,43696,11
12.8597202301,80.2263793945,43696,43706,10
12.8610601425,80.2265472412,43706,43716,10
12.8624200821,80.2265167236,43716,43726,10
12.8638696671,80.2265014648,43726,43736,10
12.8653297424,80.2265472412,43736,43746,10
12.8666400909,80.2264785767,43746,43756,10
12.868060112,80.2263412476,43756,43766,10
12.8695001602,80.2264175415,43766,43776,10
12.8709697723,80.2265701294,43776,43787,11
12.8724403381,80.226600647,43787,43797,10
12.8729801178,80.226600647,43797,43807,10
12.8732595444,80.2266311646,43807,43817,10
12.8740301132,80.2266921997,43817,43827,10
12.8750295639,80.2268295288,43827,43837,10
12.8761901855,80.226890564,43837,43847,10
12.8766298294,80.2268600464,43847,43857,10
12.8768997192,80.226852417,43857,43867,10
12.8776197433,80.2268066406,43867,43878,11
12.8786401749,80.2267532349,43878,43888,10
12.8796300888,80.2267074585,43888,43898,10
12.8808202744,80.2266693115,43898,43908,10
12.8821601868,80.2266616821,43908,43918,10
12.8835802078,80.2266616821,43918,43928,10
12.884759903,80.2266387939,43928,43938,10
12.8851804733,80.2266387939,43938,43948,10
12.8853197098,80.2266616821,43948,43958,10
12.8858995438,80.2267990112,43958,43969,11
12.8868398666,80.2270431519,43969,43979,10
12.887840271,80.2272109985,43979,43989,10
12.8882799149,80.2272415161,43989,43999,10
12.8886203766,80.2272720337,43999,44009,10
12.889380455,80.2272872925,44009,44019,10
12.8903799057,80.2272872925,44019,44029,10
12.8915700912,80.2273178101,44029,44039,10
12.8928003311,80.2273864746,44039,44049,10
12.894109726,80.2275466919,44049,44060,11
12.8956403732,80.2276229858,44060,44070,10
12.8970403671,80.2276763916,44070,44080,10
12.898440361,80.2277526855,44080,44090,10
12.8995103836,80.2278137207,44090,44100,10
12.9008102417,80.2278518677,44100,44191,91
12.9008102417,80.2278518677,44191,44201,10
12.9010095596,80.2279586792,44201,44211,10
12.9014797211,80.2279663086,44211,44221,10
12.9020700455,80.2279586792,44221,44231,10
12.9026203156,80.2279815674,44231,44242,11
12.9026298523,80.2279815674,44242,44252,10
12.9028701782,80.2279891968,44252,44262,10
12.9034700394,80.2280426025,44262,44272,10
12.9043397903,80.2280807495,44272,44282,10
12.9055700302,80.2281417847,44282,44302,20
12.9055700302,80.2281417847,44302,44312,10
12.9057998657,80.2281570435,44312,44322,10
12.9060201645,80.2281723022,44322,44333,11
12.9060297012,80.2281723022,44333,44343,10
12.9063301086,80.2281799316,44343,44373,30
12.9063301086,80.2281799316,44373,44383,10
12.906539917,80.2282028198,44383,44393,10
12.9068698883,80.2282409668,44393,44403,10
12.9071397781,80.2282714844,44403,44413,10
12.9078502655,80.2283782959,44413,44424,11
12.9089002609,80.228553772,44424,44434,10
12.9100904465,80.228729248,44434,44444,10
12.9112901688,80.2289199829,44444,44454,10
12.9125299454,80.2291030884,44454,44464,10
12.9135198593,80.2292327881,44464,44474,10
12.9140100479,80.2292785645,44474,44484,10
12.9141101837,80.2293014526,44484,44494,10
12.914560318,80.2293624878,44494,44504,10
12.9153795242,80.2294921875,44504,44515,11
12.9163799286,80.229637146,44515,44525,10
12.9173002243,80.2297592163,44525,44535,10
12.9183397293,80.229927063,44535,44545,10
12.9195899963,80.2300796509,44545,44555,10
12.9208898544,80.2302398682,44555,44565,10
12.9221801758,80.2304229736,44565,44575,10
12.9236001968,80.2306289673,44575,44585,10
12.9250402451,80.2308120728,44585,44595,10
12.9261598587,80.2309188843,44595,44606,11
12.926320076,80.2309188843,44606,44616,10
12.9267396927,80.2309799194,44616,44626,10
12.9274997711,80.2310791016,44626,44636,10
12.928440094,80.2312088013,44636,44646,10
12.9293403625,80.2313766479,44646,44656,10
12.9302396774,80.231590271,44656,44666,10
12.9312601089,80.2319030762,44666,44676,10
12.9324598312,80.2322769165,44676,44686,10
12.9334802628,80.2326812744,44686,44697,11
12.9336500168,80.2327728271,44697,44707,10
12.9340200424,80.2329483032,44707,44717,10
12.9346904755,80.2332382202,44717,44727,10
12.9355096817,80.2335968018,44727,44737,10
12.9363002777,80.2339782715,44737,44747,10
12.937210083,80.2344284058,44747,44757,10
12.9381999969,80.2349014282,44757,44767,10
12.9398403168,80.2357177734,44767,44788,21
12.9398403168,80.2357177734,44788,44798,10
12.9399995804,80.235786438,44798,44808,10
12.9405097961,80.2359466553,44808,44818,10
12.9413204193,80.2361602783,44818,44828,10
12.9422998428,80.2364196777,44828,44838,10
12.9433002472,80.2369995117,44838,44848,10
12.9441604614,80.2379379272,44848,44858,10
12.9450397491,80.238899231,44858,44868,10
12.9461603165,80.2395629883,44868,44879,11
12.9471998215,80.2399520874,44879,44889,10
12.9472999573,80.239982605,44889,44899,10
12.9476804733,80.2401428223,44899,44909,10
12.9483203888,80.2404174805,44909,44919,10
12.9490499496,80.2407226563,44919,44929,10
12.949669838,80.2409515381,44929,44939,10
12.9504003525,80.2411727905,44939,44949,10
12.9510698318,80.2413787842,44949,44959,10
12.9515895844,80.2415390015,44959,44970,11
12.9523000717,80.2418212891,44970,44980,10
12.9531402588,80.2421417236,44980,44990,10
12.9539699554,80.242477417,44990,45000,10
12.9547700882,80.2427825928,45000,45010,10
12.9554700851,80.2430877686,45010,45020,10
12.9559001923,80.2432174683,45020,45030,10
12.9561004639,80.2433013916,45030,45040,10
12.9562196732,80.243347168,45040,45081,41
12.9562196732,80.243347168,45081,45091,10
12.9564695358,80.2434234619,45091,45101,10
12.9569702148,80.243637085,45101,45111,10
12.9577302933,80.2439804077,45111,45121,10
12.9585103989,80.2443237305,45121,45131,10
12.9593095779,80.2446670532,45131,45141,10
12.9601402283,80.2450485229,45141,45152,11
12.961230278,80.2455596924,45152,45162,10
12.9622497559,80.2460632324,45162,45172,10
12.96296978,80.246383667,45172,45182,10
12.9630804062,80.246421814,45182,45192,10
12.9631996155,80.2464981079,45192,45202,10
12.9635295868,80.2466812134,45202,45212,10
12.9639997482,80.2468566895,45212,45222,10
12.9645395279,80.2470779419,45222,45232,10
12.9652395248,80.2473373413,45232,45243,11
12.9660797119,80.2476577759,45243,45253,10
12.9666996002,80.2479019165,45253,45263,10
12.9668798447,80.2479782104,45263,45273,10
12.9671697617,80.2481307983,45273,45283,10
12.9677200317,80.2483901978,45283,45293,10
12.9684400558,80.2486801147,45293,45303,10
12.9693002701,80.2490234375,45303,45313,10
12.9701900482,80.249382019,45313,45323,10
12.9712600708,80.2497177124,45323,45334,11
12.9724502563,80.250038147,45334,45344,10
12.9734802246,80.2502975464,45344,45354,10
12.9744596481,80.2505874634,45354,45364,10
12.975520134,80.2509002686,45364,45374,10
12.9764299393,80.251159668,45374,45384,10
12.9773197174,80.2514877319,45384,45394,10
12.9784898758,80.2523193359,45394,45414,20
12.9784898758,80.2523193359,45414,45425,11
12.9789199829,80.2525024414,45425,45435,10
12.9794902802,80.2525863647,45435,45445,10
12.9800300598,80.2526397705,45445,45455,10
12.9803104401,80.2526473999,45455,45465,10
12.9805002213,80.2526702881,45465,45475,10
12.9809598923,80.2526473999,45475,45485,10
12.981710434,80.2526397705,45485,45495,10
12.9826698303,80.2526016235,45495,45505,10
12.9837999344,80.2524032593,45505,45516,11
12.985039711,80.2520599365,45516,45526,10
12.9858798981,80.2518234253,45526,45536,10
12.9864997864,80.251663208,45536,45546,10
12.9874200821,80.2513885498,45546,45687,141
12.9874200821,80.2513885498,45687,45698,11
12.9875297546,80.2513580322,45698,45708,10
12.987859726,80.2513122559,45708,45718,10
12.9884700775,80.2511672974,45718,45728,10
12.9891700745,80.2509765625,45728,45737,9
12.9894504547,80.2508773804,45737,45748,11
12.9896097183,80.250869751,45748,45758,10
12.9902200699,80.2507476807,45758,45768,10
12.9910001755,80.2505493164,45768,45778,10
12.991979599,80.2502975464,45778,45789,11
12.9932098389,80.25,45789,45799,10
12.9943704605,80.2497024536,45799,45809,10
12.9955301285,80.2493972778,45809,45819,10
12.996509552,80.2491378784,45819,45829,10
12.9966201782,80.2491073608,45829,45839,10
12.9970703125,80.2490234375,45839,45849,10
12.997759819,80.248840332,45849,45859,10
12.9986495972,80.2486114502,45859,45869,10
12.9996404648,80.2483596802,45869,45880,11
13.0008201599,80.2480621338,45880,45890,10
13.0019903183,80.2477722168,45890,45900,10
13.0031900406,80.247543335,45900,45910,10
13.0044603348,80.2473526001,45910,45920,10
13.0055799484,80.2471389771,45920,45930,10
13.0062799454,80.2467803955,45930,45940,10
13.0063800812,80.2466201782,45940,45950,10
13.0064401627,80.2465591431,45950,45960,10
13.0065603256,80.2461090088,45960,45971,11
13.0065803528,80.2455062866,45971,45981,10
13.0066003799,80.244972229,45981,45991,10
13.0065698624,80.2446289063,45991,46001,10
13.0065698624,80.2441864014,46001,46011,10
13.0065603256,80.243560791,46011,46021,10
13.0065498352,80.2428131104,46021,46031,10
13.0065603256,80.2419586182,46031,46041,10
13.0065898895,80.2410430908,46041,46051,10
13.0066900253,80.2402877808,46051,46062,11
13.0068702698,80.239440918,46062,46072,10
13.0069599152,80.2387619019,46072,46082,10
13.0071001053,80.23802948,46082,46092,10
13.0072498322,80.2373809814,46092,46102,10
13.0073299408,80.2368392944,46102,46112,10
13.007349968,80.2368087769,46112,46122,10
13.0074100494,80.2366867065,46122,46142,20
13.0074100494,80.2366867065,46142,46153,11
13.0074901581,80.2364196777,46153,46163,10
13.007610321,80.2358169556,46163,46173,10
13.0076904297,80.2353363037,46173,46183,10
13.0077295303,80.2351531982,46183,46193,10
13.0078401566,80.2346191406,46193,46203,10
13.0080099106,80.2338409424,46203,46213,10
13.0082302094,80.2327880859,46213,46223,10
13.0084600449,80.2316436768,46223,46233,10
13.0086803436,80.2304916382,46233,46244,11
13.0089197159,80.2293167114,46244,46254,10
13.0091400146,80.2282714844,46254,46264,10
13.0095596313,80.2272872925,46264,46274,10
13.0100297928,80.2262573242,46274,46284,10
13.0104799271,80.2253417969,46284,46294,10
13.0108098984,80.2246322632,46294,46304,10
13.0111303329,80.2238922119,46304,46314,10
13.0112600327,80.2235565186,46314,46324,10
13.0113697052,80.2231063843,46324,46335,11
13.0115995407,80.2223434448,46335,46345,10
13.0120201111,80.2215423584,46345,46355,10
13.0123500824,80.2216186523,46355,46365,10
13.0126600266,80.2220993042,46365,46375,10
13.0131397247,80.2225570679,46375,46385,10
13.0136604309,80.2231521606,46385,46395,10
13.0141801834,80.2237472534,46395,46405,10
13.0147199631,80.2242584229,46405,46415,10
13.0150003433,80.224609375,46415,46426,11
13.0150098801,80.2246170044,46426,46436,10
13.0151395798,80.2247772217,46436,46446,10
13.015370369,80.224937439,46446,46456,10
13.0155096054,80.2250289917,46456,46476,20
13.0155096054,80.2250289917,46476,46486,10
13.0157804489,80.2252731323,46486,46496,10
13.0162801743,80.2253570557,46496,46506,10
13.0169401169,80.2251586914,46506,46517,11
13.0178003311,80.2248077393,46517,46527,10
13.0185098648,80.2245101929,46527,46537,10
13.0190601349,80.2243118286,46537,47305,768
13.0193099976,80.2244262695,47305,47528,223
13.0193099976,80.2244262695,47528,47538,10
13.0195598602,80.2244415283,47538,47568,30
13.0195598602,80.2244415283,47568,47578,10
13.0198898315,80.2246704102,47578,47589,11
13.020190239,80.2248916626,47589,47599,10
13.0206203461,80.2252197266,47599,47609,10
13.0211496353,80.2255935669,47609,47619,10
13.0218400955,80.2260971069,47619,47629,10
13.0224399567,80.226600647,47629,47639,10
13.0230703354,80.2271728516,47639,47649,10
13.0236797333,80.227722168,47649,47659,10
13.0243997574,80.2284622192,47659,47700,41
13.0243997574,80.2284622192,47700,47710,10
13.0242996216,80.2285995483,47710,47720,10
13.0240802765,80.2282714844,47720,47730,10
13.0236101151,80.2277374268,47730,47740,10
13.0229196548,80.227142334,47740,47750,10
13.0221099854,80.2264404297,47750,47760,10
13.0213403702,80.2258071899,47760,47771,11
13.0205402374,80.2252197266,47771,47781,10
13.0200796127,80.2249069214,47781,47791,10
13.0196399689,80.2246322632,47791,47801,10
13.018910408,80.2244873047,47801,47811,10
13.0181598663,80.2247467041,47811,47821,10
13.0173902512,80.2250595093,47821,47831,10
13.0166597366,80.2253723145,47831,47841,10
13.0162401199,80.2255401611,47841,47851,10
13.0156497955,80.2256698608,47851,47862,11
13.0150699615,80.2259216309,47862,47872,10
13.0148296356,80.2259597778,47872,47882,10
13.0145797729,80.2260513306,47882,47892,10
13.0142803192,80.2261199951,47892,47902,10
13.0142297745,80.2260437012,47902,47912,10
13.0141897202,80.2258682251,47912,47922,10
13.0141096115,80.2255325317,47922,48074,152
13.0141096115,80.2255325317,48074,48084,10
13.0141096115,80.2253417969,48084,48094,10
13.0143499374,80.2252502441,48094,48215,121
13.0143499374,80.2252502441,48215,48226,11
13.0145196915,80.2251663208,48226,48489,263
13.0144701004,80.2249984741,48489,48630,141
13.0144701004,80.2249984741,48630,48640,10
13.0144996643,80.2252426147,48640,48650,10
13.01445961,80.2253799438,48650,48660,10
13.0144796371,80.2256393433,48660,49075,415
13.0144796371,80.2256393433,49075,49085,10
13.0143699646,80.2258224487,49085,49105,20
13.0143699646,80.2258224487,49105,49115,10
13.0145998001,80.2256011963,49115,49146,31
13.0145902634,80.2257232666,49146,49166,20
13.0145902634,80.2257232666,49166,49176,10
13.0145597458,80.2257614136,49176,49186,10
13.0142803192,80.2259368896,49186,49277,91
13.0142803192,80.2259368896,49277,49287,10
13.0141897202,80.225982666,49287,49298,11
13.0141601563,80.2260284424,49298,49308,10
13.0141201019,80.2262496948,49308,49318,10
13.0137195587,80.2264022827,49318,49328,10
13.0131502151,80.2266387939,49328,49338,10
13.0124597549,80.2269287109,49338,49348,10
13.0117902756,80.2272109985,49348,49358,10
13.0111303329,80.2274703979,49358,49368,10
13.0103998184,80.2277374268,49368,49378,10
13.0096902847,80.2278518677,49378,49389,11
13.0095996857,80.2274703979,49389,49399,10
13.0098495483,80.226890564,49399,49409,10
13.0102396011,80.2260131836,49409,49419,10
13.01060009,80.2251586914,49419,49429,10
13.010720253,80.2249069214,49429,49439,10
13.0109596252,80.2241973877,49439,49449,10
13.0113201141,80.2232971191,49449,49459,10
13.0115098953,80.2228164673,49459,49469,10
13.0118198395,80.2219619751,49469,49480,11
13.0123195648,80.2214889526,49480,49490,10
13.0126695633,80.2219772339,49490,49500,10
13.013250351,80.2226791382,49500,49510,10
13.013879776,80.2233886719,49510,49520,10
13.0144300461,80.2239532471,49520,49530,10
13.0149898529,80.2246170044,49530,49540,10
13.0151100159,80.2247161865,49540,49550,10
13.0152997971,80.2248687744,49550,49560,10
13.0157699585,80.225227356,49560,49571,11
13.0163803101,80.2253417969,49571,49581,10
13.0172100067,80.2250366211,49581,49591,10
13.0181503296,80.224647522,49591,49601,10
13.0191001892,80.2243728638,49601,49611,10
13.0198001862,80.2245635986,49611,49621,10
13.0202302933,80.224899292,49621,49631,10
13.0207004547,80.2252426147,49631,49641,10
13.0211200714,80.2255706787,49641,49651,10
13.0217199326,80.2260437012,49651,49662,11
13.0222501755,80.2264404297,49662,49672,10
13.0223903656,80.2265930176,49672,49682,10
13.0229301453,80.2270278931,49682,49692,10
13.0235795975,80.2276000977,49692,49702,10
13.0242004395,80.2282028198,49702,49712,10
13.0243902206,80.2284317017,49712,49722,10
13.0242204666,80.2285308838,49722,49732,10
13.0239095688,80.2281723022,49732,49742,10
13.023440361,80.2276992798,49742,49874,132
13.023440361,80.2276992798,49874,49884,10
13.0231199265,80.2273406982,49884,49945,61
13.0231199265,80.2273406982,49945,49955,10
13.0229701996,80.2272109985,49955,49965,10
13.0227899551,80.2270202637,49965,49975,10
13.0226402283,80.2268600464,49975,49985,10
13.0222396851,80.2265014648,49985,49995,10
13.0216798782,80.2260665894,49995,50005,10
13.021109581,80.2256393433,50005,50015,10
13.0206003189,80.2252731323,50015,50026,11
13.0200796127,80.2249298096,50026,50036,10
13.0193996429,80.2245483398,50036,50046,10
13.0184202194,80.224647522,50046,50056,10
13.0174598694,80.2250595093,50056,50066,10
13.0168199539,80.2253189087,50066,50076,10
13.0164299011,80.2254867554,50076,50096,20
13.0164299011,80.2254867554,50096,50106,10
13.0161399841,80.2255783081,50106,50117,11
13.0156698227,80.225730896,50117,50127,10
13.0150203705,80.2259979248,50127,50137,10
13.0145702362,80.2261962891,50137,50147,10
13.014550209,80.2262115479,50147,50157,10
13.0143404007,80.2262878418,50157,50167,10
13.013759613,80.2265167236,50167,50177,10
13.0130195618,80.2267837524,50177,50187,10
13.0121297836,80.227142334,50187,50197,10
13.0112600327,80.2274932861,50197,50208,11
13.0103502274,80.2278366089,50208,50218,10
13.0094203949,80.2282409668,50218,50228,10
13.0090103149,80.2293701172,50228,50238,10
13.0087404251,80.2306976318,50238,50248,10
13.0085000992,80.2320404053,50248,50258,10
13.0082998276,80.233253479,50258,50268,10
13.0082597733,80.2335968018,50268,50278,10
13.0081596375,80.2338790894,50278,50288,10
13.008020401,80.2345809937,50288,50299,11
13.0078601837,80.2354125977,50299,50309,10
13.0077199936,80.2361907959,50309,50319,10
13.007519722,80.2372207642,50319,50329,10
13.0073204041,80.2382888794,50329,50339,10
13.0071001053,80.2393188477,50339,50349,10
13.0069599152,80.2399597168,50349,50420,71
13.0069599152,80.2399597168,50420,50430,10
13.0068798065,80.2402420044,50430,50440,10
13.0067596436,80.2407913208,50440,50450,10
13.0066604614,80.2416610718,50450,50460,10
13.0066995621,80.242729187,50460,50470,10
13.0066795349,80.2438812256,50470,50481,11
13.0067300797,80.2448501587,50481,50491,10
13.0066995621,80.2450485229,50491,50501,10
13.0067195892,80.2454605103,50501,50511,10
13.0067195892,80.2457962036,50511,50521,10
13.0067100525,80.2460403442,50521,50531,10
13.0067596436,80.2466812134,50531,50561,30
13.0067596436,80.2466812134,50561,50572,11
13.0066900253,80.2472229004,50572,50582,10
13.0063695908,80.2473678589,50582,50592,10
13.0063295364,80.2473678589,50592,50602,10
13.0060501099,80.2473526001,50602,50612,10
13.0053100586,80.2473373413,50612,50622,10
13.0043802261,80.2473907471,50622,50632,10
13.003370285,80.247543335,50632,50642,10
13.0023403168,80.247756958,50642,50652,10
13.0013599396,80.2479934692,50652,50663,11
13.0000200272,80.248336792,50663,50673,10
12.9985599518,80.2487030029,50673,50683,10
12.9970502853,80.2490615845,50683,50693,10
12.9955501556,80.249458313,50693,50703,10
12.994099617,80.2498474121,50703,50713,10
12.9929304123,80.2501220703,50713,50723,10
12.9915704727,80.2504806519,50723,50733,10
12.9910802841,80.250617981,50733,50743,10
12.9909200668,80.2506637573,50743,50754,11
12.9903402328,80.250793457,50754,50764,10
12.9897499084,80.2509384155,50764,50774,10
12.9890604019,80.251121521,50774,50784,10
12.9885101318,80.2512512207,50784,50794,10
12.9880504608,80.2513809204,50794,50804,10
12.987830162,80.2514266968,50804,50814,10
12.9875802994,80.2514877319,50814,50824,10
12.9872999191,80.2515563965,50824,50834,10
12.9870700836,80.2516403198,50834,50845,11
12.986869812,80.251701355,50845,50855,10
12.9865999222,80.2517776489,50855,50865,10
12.9860801697,80.2519226074,50865,50875,10
12.985250473,80.2521209717,50875,50885,10
12.9843301773,80.2523727417,50885,50895,10
12.9832201004,80.2526168823,50895,50905,10
12.9821796417,80.2526779175,50905,50915,10
12.9811601639,80.2527008057,50915,50925,10
12.9803104401,80.252746582,50925,50936,11
12.979590416,80.2527313232,50936,50946,10
12.9788599014,80.2526397705,50946,50956,10
12.9787397385,80.2526168823,50956,50966,10
12.9783401489,80.2523880005,50966,50976,10
12.9776296616,80.2517929077,50976,50986,10
12.9767303467,80.2512969971,50986,50996,10
12.9755401611,80.2509384155,50996,51006,10
12.9742298126,80.2505722046,51006,51016,10
12.9729604721,80.2502288818,51016,51027,11
12.9714899063,80.2498474121,51027,51037,10
12.9702396393,80.2494735718,51037,51047,10
12.9691400528,80.2490386963,51047,51057,10
12.9682798386,80.2487716675,51057,51067,10
12.9674797058,80.2483978271,51067,51077,10
12.9668798447,80.2480926514,51077,51087,10
12.9664697647,80.2478790283,51087,51097,10
12.9658002853,80.2476119995,51097,51107,10
12.9651498795,80.2473831177,51107,51118,11
12.9650497437,80.2473373413,51118,51128,10
12.9645004272,80.2471389771,51128,51138,10
12.9638395309,80.2469177246,51138,51158,20
12.9638395309,80.2469177246,51158,51168,10
12.9635295868,80.2467575073,51168,51178,10
12.962770462,80.2463912964,51178,51188,10
12.9617900848,80.2459030151,51188,51198,10
12.9608602524,80.2454605103,51198,51209,11
12.9598903656,80.2450180054,51209,51219,10
12.9594602585,80.2448425293,51219,51229,10
12.959400177,80.2447967529,51229,51239,10
12.9590396881,80.2446365356,51239,51249,10
12.958530426,80.2444000244,51249,51259,10
12.9579296112,80.244140625,51259,51269,10
12.9572401047,80.2438964844,51269,51279,10
12.956700325,80.2437515259,51279,51289,10
12.9565296173,80.2436828613,51289,51350,61
12.9565296173,80.2436828613,51350,51360,10
12.9563302994,80.243637085,51360,51370,10
12.9557800293,80.2433624268,51370,51380,10
12.9549303055,80.2429428101,51380,51391,11
12.9540195465,80.2425613403,51391,51401,10
12.9532403946,80.2422332764,51401,51411,10
12.9523200989,80.2418670654,51411,51421,10
12.9517002106,80.2416687012,51421,51431,10
12.9516201019,80.2416305542,51431,51441,10
12.9511404037,80.2414703369,51441,51451,10
12.950340271,80.2412033081,51451,51461,10
12.9491996765,80.2408370972,51461,51482,21
12.9491996765,80.2408370972,51482,51492,10
12.9490499496,80.2408370972,51492,51502,10
12.9486103058,80.2406463623,51502,51512,10
12.9477996826,80.2403106689,51512,51522,10
12.9468603134,80.2399368286,51522,51532,10
12.9467601776,80.2398986816,51532,51542,10
12.9463100433,80.2397079468,51542,51552,10
12.9455003738,80.2393264771,51552,51563,11
12.9445695877,80.2385025024,51563,51573,10
12.9437303543,80.2375793457,51573,51583,10
12.9428195953,80.2367172241,51583,51593,10
12.9415302277,80.2362594604,51593,51603,10
12.9402503967,80.2359237671,51603,51613,10
12.939740181,80.2357406616,51613,51623,10
12.9395704269,80.2356719971,51623,51633,10
12.9389200211,80.2353515625,51633,51643,10
12.9379796982,80.2348709106,51643,51653,10
12.9368801117,80.2343521118,51653,51664,11
12.9357004166,80.2337799072,51664,51674,10
12.9347000122,80.2333374023,51674,51684,10
12.9339103699,80.233001709,51684,51694,10
12.933839798,80.2329406738,51694,51704,10
12.9333200455,80.2326889038,51704,51714,10
12.9324197769,80.2323303223,51714,51724,10
12.9313402176,80.2319793701,51724,51734,10
12.930100441,80.2315979004,51734,51744,10
12.9292898178,80.2314224243,51744,51755,11
12.9291496277,80.2313995361,51755,51765,10
12.9287395477,80.2313232422,51765,51775,10
12.927980423,80.2311782837,51775,51785,10
12.9270401001,80.2310562134,51785,51795,10
12.926199913,80.2309875488,51795,51805,10
12.9260997772,80.2310028076,51805,51815,10
12.9255800247,80.2309188843,51815,51825,10
12.9247102737,80.230796814,51825,51835,10
12.9235296249,80.2306594849,51835,51846,11
12.9222803116,80.23046875,51846,51856,10
12.9210395813,80.2302780151,51856,51866,10
12.919719696,80.2301330566,51866,51876,10
12.918390274,80.2299499512,51876,51886,10
12.9171495438,80.2297973633,51886,51896,10
12.9158601761,80.229637146,51896,51906,10
12.9145698547,80.2294616699,51906,51916,10
12.913479805,80.2293319702,51916,51926,10
12.9133396149,80.229309082,51926,51937,11
12.9128599167,80.2292098999,51937,51947,10
12.9120197296,80.2291030884,51947,51957,10
12.910949707,80.2289505005,51957,51967,10
12.909740448,80.2287597656,51967,51977,10
12.9084997177,80.228553772,51977,51987,10
12.9073095322,80.2284011841,51987,52038,51
12.9073095322,80.2284011841,52038,52048,10
12.9071702957,80.2283706665,52048,52058,10
12.9067802429,80.2283325195,52058,52068,10
12.9062004089,80.2282714844,52068,52078,10
12.9054098129,80.2282180786,52078,52088,10
12.9045000076,80.2281417847,52088,52098,10
12.9035196304,80.2281036377,52098,52108,10
12.9025001526,80.2280426025,52108,52119,11
12.9017000198,80.2280197144,52119,52179,60
12.9017000198,80.2280197144,52179,52189,10
12.9015102386,80.2281188965,52189,52199,10
12.9008302689,80.2280273438,52199,52210,11
12.9000701904,80.2279815674,52210,52220,10
12.8994998932,80.2279205322,52220,52250,30
12.8994998932,80.2279205322,52250,52260,10
12.8991699219,80.2278823853,52260,52270,10
12.8985500336,80.2278594971,52270,52280,10
12.8976097107,80.2277832031,52280,52291,11
12.8963603973,80.227722168,52291,52301,10
12.8950901031,80.2276611328,52301,52311,10
12.8938598633,80.2275695801,52311,52321,10
12.8928403854,80.2274398804,52321,52331,10
12.8927001953,80.2274398804,52331,52341,10
12.8926000595,80.2274169922,52341,52351,10
12.8920297623,80.2273788452,52351,52361,10
12.8910503387,80.2273712158,52361,52371,10
12.8898601532,80.2273712158,52371,52382,11
12.8884801865,80.2273712158,52382,52392,10
12.8871803284,80.2272109985,52392,52402,10
12.8858699799,80.2268981934,52402,52412,10
12.8848800659,80.2267379761,52412,52422,10
12.8846197128,80.2267379761,52422,52432,10
12.8839502335,80.2267227173,52432,52442,10
12.8830003738,80.2267379761,52442,52452,10
12.8819103241,80.2267379761,52452,52462,10
12.8807001114,80.2267379761,52462,52473,11
12.8792800903,80.2267608643,52473,52483,10
12.8779201508,80.2268371582,52483,52493,10
12.8767700195,80.2269592285,52493,52503,10
12.8764400482,80.2269821167,52503,52513,10
12.8760795593,80.2269821167,52513,52523,10
12.875289917,80.2269210815,52523,52533,10
12.8742399216,80.2267990112,52533,52543,10
12.8730401993,80.2266998291,52543,52553,10
12.8725404739,80.2267227173,52553,52564,11
12.8720998764,80.2267074585,52564,52574,10
12.8713197708,80.2266769409,52574,52584,10
12.870349884,80.2266235352,52584,52594,10
12.86921978,80.2264785767,52594,52604,10
12.8680400848,80.2264099121,52604,52614,10
12.8668298721,80.2265167236,52614,52624,10
12.8656101227,80.2266235352,52624,52634,10
12.8643703461,80.2265701294,52634,52644,10
12.8630895615,80.2265167236,52644,52655,11
12.8616600037,80.2265777588,52655,52665,10
12.8609104156,80.2265930176,52665,52675,10
12.8607797623,80.2265777588,52675,52685,10
12.8602104187,80.2265090942,52685,52695,10
12.8593196869,80.2263793945,52695,52705,10
12.8583297729,80.2262573242,52705,52715,10
12.8571300507,80.2262878418,52715,52725,10
12.8558101654,80.2264328003,52725,52735,10
12.8544597626,80.2265777588,52735,52746,11
12.8529500961,80.2266998291,52746,52756,10
12.8516197205,80.2266464233,52756,52766,10
12.8504199982,80.2266311646,52766,52776,10
12.8499002457,80.2266235352,52776,52786,10
12.8494701385,80.2266235352,52786,52796,10
12.8487100601,80.226600647,52796,52806,10
12.8477697372,80.226600647,52806,52816,10
12.8466901779,80.2266082764,52816,52826,10
12.8457098007,80.2266082764,52826,52837,11
12.8451795578,80.2266235352,52837,52847,10
12.8450202942,80.2266082764,52847,52857,10
12.8445396423,80.2266464233,52857,52867,10
12.8437995911,80.2267303467,52867,52877,10
12.8428897858,80.2268829346,52877,52887,10
12.8418598175,80.2270889282,52887,52897,10
12.8407497406,80.2273788452,52897,52907,10
12.8397197723,80.2277069092,52907,52978,71
12.8397197723,80.2277069092,52978,52988,10
12.8395395279,80.2277984619,52988,52998,10
12.8389101028,80.2279434204,52998,53008,10
12.8379602432,80.2281570435,53008,53019,11
12.8366699219,80.2283630371,53019,53029,10
12.8353796005,80.2285614014,53029,53039,10
12.83411026,80.2287597656,53039,53049,10
12.8328399658,80.2289810181,53049,53059,10
12.8318901062,80.2291564941,53059,53069,10
12.831609726,80.2290420532,53069,53079,10
12.831580162,80.2289428711,53079,53089,10
12.8315296173,80.2286682129,53089,53099,10
12.8313999176,80.228012085,53099,53110,11
12.8312196732,80.227180481,53110,53120,10
12.8310403824,80.2262573242,53120,53130,10
12.8310403824,80.2251815796,53130,53140,10
12.8310403824,80.2246627808,53140,53150,10
12.8310403824,80.2240905762,53150,53160,10
12.8310604095,80.2232818604,53160,53170,10
12.8310499191,80.2223968506,53170,53180,10
12.8310499191,80.2221374512,53180,53190,10
12.8310499191,80.2218322754,53190,53201,11
12.8310403824,80.2210922241,53201,53211,10
12.8310403824,80.2201919556,53211,53221,10
12.8310403824,80.2196578979,53221,53231,10
12.8306903839,80.2194213867,53231,53241,10
12.8299198151,80.2194213867,53241,53251,10
12.8289699554,80.2194290161,53251,53261,10
12.827630043,80.2194290161,53261,53281,20
12.827630043,80.2194290161,53281,53292,11
12.827460289,80.2194519043,53292,53302,10
12.8269195557,80.2194519043,53302,53312,10
12.8261899948,80.2194366455,53312,53322,10
12.8258895874,80.219329834,53322,53332,10
12.8258600235,80.2190322876,53332,53342,10
12.8258399963,80.2184371948,53342,53352,10
12.8258399963,80.2178573608,53352,53362,10
12.8258399963,80.2168731689,53362,53372,10
12.8257703781,80.2160873413,53372,53383,11
12.8254404068,80.2160186768,53383,53393,10
12.8249101639,80.216003418,53393,53686,293
12.8249101639,80.216003418,53686,53696,10
12.8247003555,80.2159576416,53696,53706,10
12.8242998123,80.2159729004,53706,53716,10
12.8242197037,80.2159805298,53716,53726,10
12.8240699768,80.216003418,53726,53736,10
12.8234300613,80.216003418,53736,53747,11
12.8231897354,80.2160110474,53747,53757,10
12.8228302002,80.216003418,53757,53767,10
12.8226804733,80.2163162231,53767,53777,10
12.8226900101,80.2170181274,53777,53787,10
12.8226604462,80.2179718018,53787,53797,10
12.8226699829,80.2186813354,53797,53807,10
12.8226995468,80.2192611694,53807,53817,10
12.8231897354,80.219367981,53817,53827,10
12.8249797821,80.2193374634,53827,53838,11
12.8249797821,80.2193374634,53838,53848,10
12.825460434,80.2194213867,53848,53858,10
12.8259401321,80.2194366455,53858,53868,10
12.8272104263,80.2194213867,53868,53910,42
12.827340126,80.2193984985,53910,54092,182
12.827340126,80.2193984985,54092,54102,10
12.8277196884,80.2193069458,54102,54113,11
12.8282499313,80.2193222046,54113,54123,10
12.8290596008,80.219329834,54123,54133,10
12.8300800323,80.219329834,54133,54143,10
12.8307695389,80.219329834,54143,54153,10
12.8310403824,80.2194671631,54153,54163,10
12.8311300278,80.2201385498,54163,54173,10
12.8311004639,80.2210464478,54173,54183,10
12.8311004639,80.2219696045,54183,54193,10
12.8311100006,80.2223434448,54193,54204,11
12.8311195374,80.2231826782,54204,54214,10
12.8311300278,80.2241516113,54214,54224,10
12.8311300278,80.2246170044,54224,54234,10
12.8311195374,80.2249069214,54234,54244,10
12.8311300278,80.2256469727,54244,54254,10
12.8311901093,80.2264862061,54254,54264,10
12.8312196732,80.2267379761,54264,54274,10
12.8313398361,80.2272796631,54274,54284,10
12.8315000534,80.2281112671,54284,54295,11
12.8316802979,80.2289962769,54295,54305,10
12.8318004608,80.2291183472,54305,54315,10
12.8320198059,80.2291030884,54315,54325,10
12.8326396942,80.2289581299,54325,54335,10
12.8335399628,80.2287902832,54335,54345,10
12.8346300125,80.2285995483,54345,54355,10
12.8358402252,80.2284088135,54355,54365,10
12.837100029,80.2282180786,54365,54375,10
12.8383197784,80.2279663086,54375,54386,11
12.8391599655,80.2276992798,54386,54396,10
12.8396100998,80.2275619507,54396,54406,10
12.8402204514,80.2274475098,54406,54416,10
12.8410196304,80.2272415161,54416,54426,10
12.8420200348,80.2270202637,54426,54436,10
12.8428897858,80.2268218994,54436,54446,10
12.8441896439,80.2265930176,54446,54456,10
12.8452997208,80.2265167236,54456,54466,10
12.845700264,80.2265014648,54466,54477,11
12.8457603455,80.2265014648,54477,54487,10
12.8460197449,80.2265396118,54487,54497,10
12.846540451,80.2265319824,54497,54507,10
12.8473596573,80.2265090942,54507,54517,10
12.8483200073,80.2265014648,54517,54527,10
12.8494701385,80.2265014648,54527,54537,10
12.8507204056,80.2265167236,54537,54547,10
12.8520097733,80.2265777588,54547,54557,10
12.8533496857,80.2266387939,54557,54568,11
12.854809761,80.2264785767,54568,54578,10
12.8561601639,80.2263336182,54578,54588,10
12.857460022,80.2261886597,54588,54598,10
12.8586196899,80.2261962891,54598,54608,10
12.859869957,80.2263717651,54608,54618,10
12.8611602783,80.2265167236,54618,54628,10
12.8624601364,80.2264633179,54628,54638,10
12.8637399673,80.2264480591,54638,54648,10
12.8650598526,80.2265014648,54648,54659,11
12.8664999008,80.2264404297,54659,54669,10
12.8678302765,80.2263412476,54669,54679,10
12.8691701889,80.2264099121,54679,54689,10
12.8704900742,80.2265472412,54689,54699,10
12.8718004227,80.2266235352,54699,54709,10
12.872759819,80.2266235352,54709,54719,10
12.8728399277,80.2266082764,54719,54729,10
12.8732404709,80.2266235352,54729,54739,10
12.8741197586,80.2266769409,54739,54750,11
12.875120163,80.2268066406,54750,54760,10
12.8760299683,80.2268600464,54760,54770,10
12.8766002655,80.226852417,54770,54780,10
12.8773002625,80.2267990112,54780,54790,10
12.8782997131,80.2267227173,54790,54800,10
12.8794002533,80.2266769409,54800,54810,10
12.8805799484,80.2266769409,54810,54820,10
12.8818397522,80.2266693115,54820,54830,10
12.8831195831,80.2266693115,54830,54841,11
12.8844099045,80.2266464233,54841,54851,10
12.8852500916,80.2266616821,54851,54861,10
12.8860998154,80.2268600464,54861,54871,10
12.8871202469,80.2271118164,54871,54881,10
12.888250351,80.2272567749,54881,54891,10
12.8895101547,80.2272872925,54891,54901,10
12.89083004,80.2273025513,54901,54911,10
12.8921604156,80.2273101807,54911,54921,10
12.8936195374,80.2274780273,54921,54932,11
12.8948497772,80.2275924683,54932,54942,10
12.8961400986,80.2276535034,54942,54952,10
12.8974895477,80.2277069092,54952,54962,10
12.8987903595,80.2277832031,54962,54972,10
12.8998203278,80.2278289795,54972,54982,10
12.9002103806,80.2278289795,54982,54992,10
12.900349617,80.2278518677,54992,55002,10
12.9007797241,80.227897644,55002,55012,10
12.9013299942,80.2279510498,55012,55023,11
12.9016103745,80.2279281616,55023,55033,10
12.9018201828,80.2279434204,55033,55043,10
12.9023399353,80.2279586792,55043,55053,10
12.9028501511,80.2279663086,55053,55063,10
12.9036598206,80.2280426025,55063,55073,10
12.9045600891,80.2280883789,55073,55083,10
12.9059095383,80.2281799316,55083,55114,31
12.9059095383,80.2281799316,55114,55124,10
12.9062404633,80.2282714844,55124,55134,10
12.9067201614,80.2282867432,55134,55144,10
12.9075603485,80.2283630371,55144,55154,10
12.9086704254,80.2285232544,55154,55164,10
12.9096403122,80.2286911011,55164,55174,10
12.9111795425,80.2289276123,55174,55184,10
12.9124698639,80.2291030884,55184,55194,10
12.9135704041,80.2292404175,55194,55205,11
12.9141101837,80.229309082,55205,55215,10
12.9144296646,80.2293701172,55215,55225,10
12.9151096344,80.2294616699,55225,55235,10
12.9161596298,80.2296066284,55235,55245,10
12.9172801971,80.2297286987,55245,55255,10
12.9182901382,80.2298736572,55255,55265,10
12.9193696976,80.2300033569,55265,55275,10
12.9205999374,80.2301712036,55275,55285,10
12.9218997955,80.2303390503,55285,55296,11
12.9233598709,80.2305603027,55296,55306,10
12.9246902466,80.2307510376,55306,55316,10
12.9259996414,80.2309036255,55316,55326,10
12.9273195267,80.2310409546,55326,55336,10
12.9284601212,80.2311630249,55336,55346,10
12.928730011,80.2312088013,55346,55356,10
12.9292602539,80.2313308716,55356,55366,10
12.9301996231,80.2315597534,55366,55376,10
12.9313001633,80.2318878174,55376,55387,11
12.9325504303,80.2322998047,55387,55397,10
12.933380127,80.2326278687,55397,55407,10
12.933429718,80.2326507568,55407,55417,10
12.9335403442,80.2326812744,55417,55427,10
12.9340295792,80.2329177856,55427,55437,10
12.9349002838,80.2332992554,55437,55447,10
12.9358797073,80.2337265015,55447,55457,10
12.9368896484,80.2342071533,55457,55467,10
12.9379997253,80.2347488403,55467,55478,11
12.9391002655,80.2352981567,55478,55488,10
12.9394397736,80.2354431152,55488,55498,10
12.9395999908,80.235496521,55498,55508,10
12.9400997162,80.2357406616,55508,55518,10
12.9407901764,80.2359466553,55518,55528,10
12.9418497086,80.2362518311,55528,55538,10
12.942700386,80.2365570068,55538,55548,10
12.9434404373,80.2371368408,55548,55558,10
12.9441699982,80.2379074097,55558,55569,11
12.9449901581,80.2388000488,55569,55579,10
12.9458904266,80.2394332886,55579,55589,10
12.9470100403,80.2398910522,55589,55599,10
12.9480600357,80.2403106689,55599,55609,10
12.9482803345,80.2404022217,55609,55619,10
12.9485998154,80.2405319214,55619,55629,10
12.9491701126,80.2407608032,55629,55639,10
12.9498996735,80.2409973145,55639,55649,10
12.9506597519,80.2412414551,55649,55660,11
12.9513702393,80.2414932251,55660,55670,10
12.9518404007,80.2416610718,55670,55680,10
12.9525203705,80.241897583,55680,55690,10
12.9535703659,80.2423019409,55690,55700,10
12.9542398453,80.2425537109,55700,55710,10
12.9549598694,80.2428436279,55710,55720,10
12.9558000565,80.2431182861,55720,55730,10
12.9563102722,80.2433166504,55730,55740,10
12.9565601349,80.2434082031,55740,55751,11
12.9572696686,80.2437515259,55751,55761,10
12.9581403732,80.2441329956,55761,55771,10
12.9586400986,80.2443237305,55771,55781,10
12.9588403702,80.2443771362,55781,55791,10
12.959400177,80.244682312,55791,55801,10
12.9602003098,80.2450408936,55801,55811,10
12.9611597061,80.2454910278,55811,55821,10
12.9621896744,80.2460098267,55821,55831,10
12.9630403519,80.2463912964,55831,55852,21
12.9630403519,80.2463912964,55852,55862,10
12.9632101059,80.2464370728,55862,55872,10
12.9634895325,80.2465515137,55872,55882,10
12.9642095566,80.246887207,55882,55892,10
12.9651699066,80.2472610474,55892,55902,10
12.966219902,80.2476119995,55902,55912,10
12.9667797089,80.2479019165,55912,55922,10
12.9668998718,80.2479629517,55922,55933,11
12.9673595428,80.2481918335,55933,55943,10
12.968170166,80.2485198975,55943,55953,10
12.9691400528,80.2489013672,55953,55963,10
12.9702501297,80.2493362427,55963,55973,10
12.9714298248,80.2497177124,55973,55983,10
12.9725799561,80.250038147,55983,55993,10
12.9737997055,80.2503585815,55993,56003,10
12.9750204086,80.2506866455,56003,56013,10
12.9762496948,80.2510604858,56013,56024,11
12.9775600433,80.2516098022,56024,56034,10
12.9785003662,80.2523193359,56034,56044,10
12.9786100388,80.2523803711,56044,56054,10
12.9788703918,80.2525177002,56054,56064,10
12.9795198441,80.2526168823,56064,56074,10
12.9801502228,80.2526168823,56074,56084,10
12.9809598923,80.2526168823,56084,56094,10
12.9819402695,80.2525863647,56094,56104,10
12.9830999374,80.2525100708,56104,56115,11
12.9838895798,80.2523269653,56115,56125,10
12.9844102859,80.2521820068,56125,56135,10
12.9847803116,80.2520828247,56135,56246,111
12.9847803116,80.2520828247,56246,56256,10
12.9852399826,80.2519226074,56256,56287,31
12.9852399826,80.2519226074,56287,56297,10
12.9854803085,80.2518386841,56297,56307,10
12.9854898453,80.2518386841,56307,56317,10
12.9856300354,80.2517776489,56317,56327,10
12.9859199524,80.251739502,56327,56337,10
12.9864797592,80.2516021729,56337,56418,81
12.9864797592,80.2516021729,56418,56428,10
12.9868297577,80.2515487671,56428,56438,10
12.9873304367,80.2514038086,56438,56448,10
12.9878196716,80.2512969971,56448,56458,10
12.9885797501,80.2510986328,56458,56469,11
12.9895496368,80.250831604,56469,56479,10
12.989689827,80.2508392334,56479,56488,9
12.9901399612,80.2507781982,56488,56499,11
12.9910202026,80.250579834,56499,56509,10
12.991900444,80.2503433228,56509,56519,10
12.9925699234,80.2501525879,56519,56529,10
12.9934196472,80.2499313354,56529,56539,10
12.9944200516,80.249671936,56539,56549,10
12.9954900742,80.2493972778,56549,56560,11
12.9967803955,80.2490768433,56560,56570,10
12.9979600906,80.2488021851,56570,56580,10
12.9991397858,80.2484970093,56580,56590,10
13.0003404617,80.2481918335,56590,56600,10
13.001540184,80.2478790283,56600,56610,10
13.0026102066,80.2476501465,56610,56620,10
13.0036897659,80.2474594116,56620,56630,10
13.0047798157,80.2473068237,56630,56640,10
13.0057001114,80.2471389771,56640,56651,11
13.0063695908,80.2467422485,56651,56661,10
13.0064697266,80.2464828491,56661,56671,10
13.0065498352,80.2462081909,56671,56681,10
13.0065803528,80.2456665039,56681,56691,10
13.0065898895,80.2451477051,56691,56701,10
13.0065898895,80.2446365356,56701,56711,10
13.0066003799,80.2442016602,56711,56721,10
13.0066003799,80.243637085,56721,56731,10
13.0065698624,80.242980957,56731,56742,11
13.0065498352,80.2421875,56742,56752,10
13.0065803528,80.2414627075,56752,56762,10
13.0066795349,80.2404937744,56762,56802,40
13.0066795349,80.2404937744,56802,56812,10
13.0067396164,80.2401123047,56812,56822,10
13.0068798065,80.2395629883,56822,56833,11
13.007060051,80.2386932373,56833,56843,10
13.0072002411,80.2379608154,56843,56853,10
13.0073404312,80.2373428345,56853,56863,10
13.0073604584,80.2369384766,56863,56873,10
13.0074100494,80.2367477417,56873,56883,10
13.0075302124,80.2363433838,56883,56893,10
13.0076398849,80.2357406616,56893,56903,10
13.0077295303,80.2353210449,56903,56913,10
13.0077800751,80.2351608276,56913,56924,11
13.0078897476,80.2345504761,56924,56934,10
13.0080404282,80.2337265015,56934,56944,10
13.0082597733,80.2326431274,56944,56954,10
13.0084600449,80.231590271,56954,56964,10
13.0086202621,80.2305984497,56964,56974,10
13.0088796616,80.2294769287,56974,56984,10
13.0091400146,80.2282714844,56984,56994,10
13.0094995499,80.227432251,56994,57004,10
13.010020256,80.2263183594,57004,57015,11
13.0105199814,80.2252426147,57015,57025,10
13.0108804703,80.2244186401,57025,57035,10
13.0112199783,80.2236175537,57035,57045,10
13.0115098953,80.22290802,57045,57055,10
13.0117397308,80.2222900391,57055,57065,10
13.0119695663,80.2217636108,57065,57075,10
13.0122499466,80.2215499878,57075,57085,10
13.0124902725,80.2218017578,57085,57095,10
13.0129404068,80.222366333,57095,57106,11
13.0135803223,80.2230377197,57106,57116,10
13.014169693,80.2237319946,57116,57126,10
13.0146303177,80.2243118286,57126,57136,10
13.0151100159,80.2248001099,57136,57146,10
13.0154695511,80.2249679565,57146,57156,10
13.015540123,80.2249679565,57156,57166,10
13.0158395767,80.2252578735,57166,57176,10
13.0164699554,80.2252883911,57176,57186,10
13.0172796249,80.2249984741,57186,57197,11
13.0183095932,80.2245864868,57197,57207,10
13.0192403793,80.2243423462,57207,57217,10
13.0195102692,80.2244186401,57217,57227,10
13.0195798874,80.2245330811,57227,57237,10
13.019900322,80.2247085571,57237,57247,10
13.020359993,80.2250366211,57247,57257,10
13.0208597183,80.2254180908,57257,57267,10
13.0213298798,80.2258300781,57267,57277,10
13.0219402313,80.226272583,57277,57288,11
13.0226402283,80.2268371582,57288,57298,10
13.0232801437,80.2274169922,57298,57308,10
13.0239400864,80.2280197144,57308,57318,10
13.0242300034,80.228302002,57318,57328,10
13.0242395401,80.2283096313,57328,57338,10
13.0244102478,80.2285232544,57338,57368,30
13.0244102478,80.2285232544,57368,57379,11
13.0244102478,80.2286376953,57379,57389,10
13.0241699219,80.2285919189,57389,57399,10
13.0238199234,80.2281188965,57399,57409,10
13.023440361,80.2277374268,57409,57561,152
13.023440361,80.2277374268,57561,57571,10
13.0232200623,80.2274627686,57571,57581,10
13.0229701996,80.2272109985,57581,57591,10
13.0225200653,80.2267990112,57591,57601,10
13.02202034,80.2263565063,57601,57611,10
13.0214700699,80.2259292603,57611,57621,10
13.0209598541,80.2255325317,57621,57631,10
13.0204296112,80.2251586914,57631,57641,10
13.0202102661,80.2250366211,57641,57652,11
13.0199699402,80.2248916626,57652,57662,10
13.0195798874,80.2246170044,57662,57672,10
13.0187597275,80.2245101929,57672,57682,10
13.0179004669,80.2248382568,57682,57692,10
13.0170602798,80.2251815796,57692,57702,10
13.0165100098,80.2254180908,57702,57712,10
13.0160503387,80.2255783081,57712,57722,10
13.0154104233,80.2258071899,57722,57732,10
13.0149097443,80.226020813,57732,57743,11
13.0148601532,80.2260513306,57743,57753,10
13.0147199631,80.2261123657,57753,57763,10
13.0143203735,80.226272583,57763,57773,10
13.0143003464,80.2262802124,57773,57783,10
13.0141401291,80.22631073,57783,57793,10
13.0139303207,80.2263870239,57793,57803,10
13.0134496689,80.2265777588,57803,57813,10
13.0127401352,80.226852417,57813,57823,10
13.0119104385,80.227180481,57823,57834,11
13.0109300613,80.2275695801,57834,57844,10
13.0099802017,80.2279434204,57844,57854,10
13.0091695786,80.2284927368,57854,57864,10
13.0089597702,80.2294769287,57864,57874,10
13.0087604523,80.2306518555,57874,57884,10
13.0085201263,80.2318191528,57884,57894,10
13.0083198547,80.2329025269,57894,57904,10
13.0082597733,80.2334518433,57904,57914,10
13.0082197189,80.2336425781,57914,57925,11
13.008099556,80.2341766357,57925,57935,10
13.0079603195,80.2347488403,57935,57945,10
13.0079402924,80.2349319458,57945,57955,10
13.007900238,80.2350921631,57955,57965,10
13.0077896118,80.2356033325,57965,57975,10
13.0075998306,80.2365036011,57975,57985,10
13.0073795319,80.2375793457,57985,57995,10
13.0071697235,80.2386627197,57995,58005,10
13.0070695877,80.239402771,58005,58016,11
13.0070199966,80.2396316528,58016,58026,10
13.0069904327,80.2397994995,58026,58036,10
13.0068998337,80.2402801514,58036,58046,10
13.0068397522,80.2407302856,58046,58056,10
13.0068101883,80.240852356,58056,58066,10
13.006770134,80.2414169312,58066,58076,10
13.0067796707,80.2422637939,58076,58086,10
13.0067501068,80.2431869507,58086,58096,10
13.0067796707,80.2442016602,58096,58107,11
13.0067901611,80.2453689575,58107,58117,10
13.006819725,80.2462768555,58117,58127,10
13.006819725,80.2470092773,58127,58137,10
13.0064601898,80.2474365234,58137,58147,10
13.0062398911,80.2474365234,58147,58157,10
13.0060997009,80.2474136353,58157,58167,10
13.0056400299,80.2473983765,58167,58177,10
13.0049295425,80.2473983765,58177,58187,10
13.0039701462,80.2474975586,58187,58198,11
13.0027399063,80.2477035522,58198,58208,10
13.0016002655,80.2479629517,58208,58218,10
13.0003795624,80.2482528687,58218,58228,10
12.9991197586,80.2485580444,58228,58238,10
12.9979801178,80.248878479,58238,58248,10
12.9976301193,80.2489624023,58248,58258,10
12.9970903397,80.2490692139,58258,58268,10
12.9962301254,80.2492828369,58268,58278,10
12.9952096939,80.2495498657,58278,58289,11
12.9939498901,80.2498779297,58289,58299,10
12.992770195,80.2501525879,58299,58308,9
12.9917001724,80.2504196167,58308,58319,11
12.9904603958,80.2507324219,58319,58329,10
12.9895601273,80.2509689331,58329,58339,10
12.9889001846,80.2511291504,58339,58349,10
12.9881801605,80.2513504028,58349,58511,162
12.9881801605,80.2513504028,58511,58521,10
12.9881296158,80.2513809204,58521,58531,10
12.9879198074,80.251411438,58531,58541,10
12.9873800278,80.2515182495,58541,58551,10
12.9867200851,80.2517089844,58551,58562,11
12.9863395691,80.2518005371,58562,58572,10
12.9858102798,80.2519073486,58572,58582,10
12.9848604202,80.252166748,58582,58592,10
12.9837198257,80.2524795532,58592,58602,10
12.9824399948,80.2526397705,58602,58612,10
12.9811201096,80.2526779175,58612,58622,10
12.9802799225,80.2527389526,58622,58632,10
12.9799900055,80.2527313232,58632,58642,10
12.979640007,80.2527084351,58642,58653,11
12.9788198471,80.2526397705,58653,58663,10
12.9785404205,80.2525634766,58663,58673,10
12.9782800674,80.2523880005,58673,58683,10
12.9777803421,80.251953125,58683,58693,10
12.9771203995,80.2514724731,58693,58703,10
12.9761400223,80.2511367798,58703,58713,10
12.975060463,80.2508163452,58713,58723,10
12.9739303589,80.25050354,58723,58733,10
12.9726200104,80.2501296997,58733,58744,11
12.9713802338,80.2498016357,58744,58754,10
12.9701595306,80.249420166,58754,58764,10
12.9689598083,80.2489395142,58764,58774,10
12.9678096771,80.2484893799,58774,58784,10
12.9668397903,80.2480621338,58784,58794,10
12.9659996033,80.2476730347,58794,58804,10
12.9653196335,80.2474594116,58804,58814,10
12.9652299881,80.247428894,58814,58824,10
12.9647798538,80.2472610474,58824,58835,11
12.9641103745,80.2470016479,58835,58845,10
12.9639797211,80.2469406128,58845,58875,30
12.9639797211,80.2469406128,58875,58885,10
12.9636602402,80.2468338013,58885,58895,10
12.9632196426,80.2466201782,58895,58905,10
12.9624595642,80.2462387085,58905,58916,11
12.9614295959,80.2457427979,58916,58926,10
12.9604301453,80.245262146,58926,58936,10
12.9595804214,80.2449188232,58936,58946,10
12.959230423,80.2447509766,58946,58956,10
12.958530426,80.2444381714,58956,58966,10
12.9578199387,80.244140625,58966,58976,10
12.957159996,80.2438964844,58976,58986,10
12.9566297531,80.2437133789,58986,59077,91
12.9566297531,80.2437133789,59077,59087,10
12.9562397003,80.2435913086,59087,59098,11
12.9555501938,80.2432632446,59098,59108,10
12.9547395706,80.2428817749,59108,59118,10
12.9539003372,80.2425384521,59118,59128,10
12.9531803131,80.2422332764,59128,59138,10
12.9523096085,80.241897583,59138,59148,10
12.9517698288,80.2417221069,59148,59158,10
12.9515895844,80.2416534424,59158,59168,10
12.9508495331,80.2414093018,59168,59178,10
12.9501495361,80.2411804199,59178,59189,11
12.9494600296,80.2409591675,59189,59199,10
12.949139595,80.2408599854,59199,59209,10
12.9486198425,80.2406387329,59209,59219,10
12.9477796555,80.2402801514,59219,59229,10
12.946969986,80.2399597168,59229,59239,10
12.9467897415,80.2398986816,59239,59249,10
12.9463596344,80.2397232056,59249,59259,10
12.9457197189,80.2394332886,59259,59269,10
12.9449901581,80.2389373779,59269,59280,11
12.9442195892,80.2380981445,59280,59290,10
12.943479538,80.2372817993,59290,59300,10
12.9425802231,80.2365875244,59300,59310,10
12.9414300919,80.2362594604,59310,59320,10
12.9403400421,80.2359924316,59320,59330,10
12.9395399094,80.235710144,59330,59340,10
12.9387302399,80.2352905273,59340,59350,10
12.9377803802,80.2348175049,59350,59360,10
12.936750412,80.2343063354,59360,59371,11
12.9357500076,80.2338562012,59371,59381,10
12.9353399277,80.2336425781,59381,59391,10
12.934679985,80.2333526611,59391,59402,11
12.9339895248,80.2330627441,59402,59412,10
12.9338703156,80.2329864502,59412,59422,10
12.9334402084,80.2328033447,59422,59433,11
12.9327497482,80.2324981689,59433,59442,9
12.9318504333,80.2321929932,59442,59453,11
12.9308996201,80.231880188,59453,59464,11
12.9293804169,80.2314834595,59464,59474,10
12.9281997681,80.231262207,59474,59484,10
12.9269599915,80.2311019897,59484,59494,10
12.9257898331,80.2309570313,59494,59504,10
12.9246196747,80.2308273315,59504,59514,10
12.9234199524,80.2306594849,59514,59524,10
12.9221897125,80.2304763794,59524,59534,10
12.9209604263,80.2303009033,59534,59544,10
12.9197702408,80.2301483154,59544,59555,11
12.9186401367,80.2300033569,59555,59565,10
12.9176797867,80.2298812866,59565,59575,10
12.916560173,80.2297592163,59575,59585,10
12.9155101776,80.2296066284,59585,59595,10
12.9143400192,80.2294387817,59595,59605,10
12.913359642,80.2293395996,59605,59615,10
12.9127397537,80.2292404175,59615,59625,10
12.9118995667,80.2291183472,59625,59635,10
12.910949707,80.2289810181,59635,59646,11
12.9098300934,80.2288131714,59646,59656,10
12.9086904526,80.2286224365,59656,59666,10
12.9078502655,80.2284927368,59666,59676,10
12.907790184,80.2284927368,59676,59686,10
12.9076795578,80.2284698486,59686,59696,10
12.907119751,80.2283782959,59696,59706,10
12.9063396454,80.2283096313,59706,59716,10
12.9055099487,80.2282409668,59716,59726,10
12.9046497345,80.2282028198,59726,59737,11
12.9035997391,80.2281494141,59737,59747,10
12.9024400711,80.2280883789,59747,59777,30
12.9024400711,80.2280883789,59777,59787,10
12.9020900726,80.2280578613,59787,59797,10
12.9014997482,80.2280273438,59797,59807,10
12.9009399414,80.2279968262,59807,59817,10
12.9005002975,80.2279663086,59817,59828,11
12.9002199173,80.2279586792,59828,59838,10
12.8999204636,80.2279510498,59838,59848,10
12.8996200562,80.2279281616,59848,59858,10
12.8995504379,80.2279281616,59858,59868,10
12.8994998932,80.2279281616,59868,59878,10
12.8990802765,80.2279129028,59878,59888,10
12.8988304138,80.2278823853,59888,59898,10
12.8983602524,80.2278518677,59898,59908,10
12.8977899551,80.2278137207,59908,59919,11
12.8972902298,80.2277679443,59919,59929,10
12.8965196609,80.2277374268,59929,59939,10
12.8955602646,80.2276992798,59939,59949,10
12.8944997787,80.2276306152,59949,59959,10
12.8933601379,80.2275238037,59959,59969,10
12.8924503326,80.2274169922,59969,59979,10
12.891960144,80.2273864746,59979,59989,10
12.8910799026,80.2273788452,59989,59999,10
12.8899803162,80.2273788452,59999,60010,11
12.8886203766,80.2273635864,60010,60020,10
12.8873701096,80.2272415161,60020,60030,10
12.8861503601,80.2269897461,60030,60040,10
12.8850498199,80.2267837524,60040,60050,10
12.8847904205,80.2267608643,60050,60060,10
12.8845596313,80.2267379761,60060,60070,10
12.8839902878,80.2267379761,60070,60080,10
12.8831996918,80.2267379761,60080,60090,10
12.8822097778,80.2267532349,60090,60101,11
12.8809499741,80.2267608643,60101,60111,10
12.8797302246,80.2267684937,60111,60121,10
12.8784399033,80.2268218994,60121,60131,10
12.8771800995,80.2269287109,60131,60141,10
12.8761301041,80.2269973755,60141,60151,10
12.8750200272,80.2269210815,60151,60161,10
12.8738098145,80.2267608643,60161,60171,10
12.8726797104,80.2267227173,60171,60181,10
12.8715295792,80.2266616821,60181,60192,11
12.8702001572,80.2265701294,60192,60202,10
12.8689603806,80.2264328003,60202,60212,10
12.8677196503,80.2264175415,60212,60222,10
12.8665304184,80.2265625,60222,60232,10
12.8653097153,80.2266082764,60232,60242,10
12.8640699387,80.2265777588,60242,60252,10
12.862830162,80.2265625,60252,60262,10
12.8616199493,80.2266235352,60262,60272,10
12.8604898453,80.2265701294,60272,60283,11
12.8592596054,80.2264022827,60283,60293,10
12.8582201004,80.2262802124,60293,60303,10
12.8570203781,80.2263336182,60303,60313,10
12.8557500839,80.2264633179,60313,60323,10
12.8544397354,80.226600647,60323,60333,10
12.8531103134,80.2266998291,60333,60343,10
12.8517904282,80.2266464233,60343,60353,10
12.8504800797,80.226600647,60353,60363,10
12.849149704,80.2265777588,60363,60374,11
12.8476696014,80.2265930176,60374,60384,10
12.8463802338,80.226600647,60384,60394,10
12.8457298279,80.2266235352,60394,60404,10
12.845290184,80.2266464233,60404,60414,10
12.8451404572,80.2266616821,60414,60424,10
12.8446102142,80.2266998291,60424,60434,10
12.8438596725,80.2267608643,60434,60444,10
12.8429203033,80.2269134521,60444,60454,10
12.841799736,80.2271575928,60454,60465,11
12.8405199051,80.2274932861,60465,60475,10
12.8399400711,80.2277297974,60475,60485,10
12.8396997452,80.2278213501,60485,60495,10
12.8396100998,80.227897644,60495,60505,10
12.8390598297,80.2279586792,60505,60515,10
12.8382797241,80.2281265259,60515,60525,10
12.8373403549,80.2283096313,60525,60535,10
12.8361997604,80.2284698486,60535,60545,10
12.8349399567,80.2286529541,60545,60556,11
12.833609581,80.2288818359,60556,60566,10
12.832280159,80.2291564941,60566,60586,20
12.832280159,80.2291564941,60586,60596,10
12.8320198059,80.2292098999,60596,60606,10
12.8318004608,80.2292175293,60606,60616,10
12.8310899734,80.2294387817,60616,60626,10
12.8301696777,80.2297821045,60626,60636,10
12.8291301727,80.2301712036,60636,60647,11
12.8281803131,80.230682373,60647,60657,10
12.826789856,80.2313079834,60657,60667,10
12.8255395889,80.2314224243,60667,60677,10
12.8242397308,80.231300354,60677,60687,10
12.8229799271,80.2309188843,60687,60697,10
12.82172966,80.2305526733,60697,60707,10
12.8204498291,80.2304763794,60707,60717,10
12.8192396164,80.2305297852,60717,60727,10
12.8188495636,80.2304992676,60727,60738,11
12.8185396194,80.2303695679,60738,60748,10
12.8179101944,80.2300567627,60748,60758,10
12.8171100616,80.2297134399,60758,60768,10
12.8161401749,80.2294616699,60768,60778,10
12.8149995804,80.2293014526,60778,60788,10
12.8137702942,80.2290496826,60788,60798,10
12.8125600815,80.2286529541,60798,60808,10
12.8114099503,80.2282409668,60808,60818,10
12.8102998734,80.2277908325,60818,60829,11
12.8091697693,80.2272415161,60829,60839,10
12.8082799911,80.2265396118,60839,60849,10
12.8073997498,80.2257919312,60849,60859,10
12.806599617,80.2250900269,60859,60869,10
12.8059997559,80.2245635986,60869,60879,10
12.8054800034,80.2241668701,60879,60889,10
12.8049602509,80.224029541,60889,60899,10
12.8048601151,80.2240066528,60899,60909,10
12.8044204712,80.2239379883,60909,60920,11
12.8036403656,80.2238922119,60920,60930,10
12.8027601242,80.2237930298,60930,60940,10
12.8016996384,80.2236480713,60940,60950,10
12.8009595871,80.2236175537,60950,60960,10
12.8009004593,80.2236175537,60960,60970,10
12.8004903793,80.2235794067,60970,60980,10
12.7997999191,80.2235107422,60980,60990,10
12.7989301682,80.2234420776,60990,61000,10
12.7978496552,80.2233276367,61000,61011,11
12.7966499329,80.2230987549,61011,61021,10
12.7958202362,80.2229690552,61021,61031,10
12.7957696915,80.2229614258,61031,61041,10
12.7953796387,80.2228775024,61041,61051,10
12.7946796417,80.2227630615,61051,61061,10
12.793800354,80.2226104736,61061,61071,10
12.7927303314,80.2224502563,61071,61081,10
12.7916097641,80.2221984863,61081,61091,10
12.79047966,80.2219161987,61091,61102,11
12.7894601822,80.2216186523,61102,61112,10
12.788599968,80.2212982178,61112,61122,10
12.7879896164,80.2210617065,61122,61132,10
12.7876396179,80.2209320068,61132,61142,10
12.7867498398,80.2205963135,61142,61182,40
12.7867498398,80.2205963135,61182,61193,11
12.7864198685,80.2204666138,61193,61203,10
12.7862901688,80.2204208374,61203,61213,10
12.7861995697,80.2204284668,61213,61223,10
12.786190033,80.2204284668,61223,61233,10
12.7861995697,80.2208175659,61233,61263,30
12.7861995697,80.2208175659,61263,61273,10
12.7862195969,80.2211914063,61273,61284,11
12.7862501144,80.2216567993,61284,61294,10
12.7863197327,80.2219314575,61294,61314,20
12.7863197327,80.2219314575,61314,61324,10
12.7862501144,80.2218475342,61324,61466,142
12.7862501144,80.2218475342,61466,61476,10
12.7862997055,80.2219696045,61476,61557,81
12.7862997055,80.2218322754,61557,62618,1061
12.7862997055,80.2218322754,62618,62629,11
12.7863502502,80.2217407227,62629,62639,10
12.7862100601,80.2214126587,62639,62730,91
12.7862100601,80.2214126587,62730,62740,10
12.7861700058,80.2210388184,62740,62750,10
12.7861700058,80.221031189,62750,62760,10
12.7861604691,80.2209091187,62760,62770,10
12.7861604691,80.2206268311,62770,62780,10
12.7861604691,80.2206192017,62780,62790,10
12.7863397598,80.2204284668,62790,62800,10
12.7866401672,80.2205581665,62800,62811,11
12.7867298126,80.2205886841,62811,62821,10
12.7870502472,80.2207183838,62821,62831,10
12.7875099182,80.2208786011,62831,62841,10
12.7881002426,80.2210998535,62841,62851,10
12.7889795303,80.2214431763,62851,62861,10
12.7898197174,80.2217407227,62861,62871,10
12.7906198502,80.2219467163,62871,62881,10
12.7916698456,80.2222137451,62881,62891,10
12.7929201126,80.2224578857,62891,62902,11
12.7941598892,80.2226409912,62902,62912,10
12.7952299118,80.2228088379,62912,62922,10
12.7961196899,80.2229537964,62922,62932,10
12.7962703705,80.2229690552,62932,62942,10
12.7964496613,80.2229919434,62942,62952,10
12.797129631,80.2231292725,62952,62962,10
12.7980499268,80.2232666016,62962,62972,10
12.7990398407,80.2233810425,62972,62982,10
12.8001499176,80.2234802246,62982,62993,11
12.801440239,80.2236022949,62993,63003,10
12.8019399643,80.2236480713,63003,63013,10
12.8025798798,80.223739624,63013,63023,10
12.8032903671,80.2238388062,63023,63033,10
12.8041400909,80.2238998413,63033,63043,10
12.8050003052,80.2240066528,63043,63053,10
12.8055801392,80.2241897583,63053,63063,10
12.8056697845,80.2242507935,63063,63073,10
12.806019783,80.2245330811,63073,63084,11
12.8066596985,80.2250900269,63084,63094,10
12.8074102402,80.2257537842,63094,63104,10
12.8083200455,80.2265167236,63104,63114,10
12.8093795776,80.2273483276,63114,63124,10
12.8106403351,80.2279281616,63124,63134,10
12.8119802475,80.2284393311,63134,63144,10
12.8133201599,80.2289199829,63144,63154,10
12.8147201538,80.2292709351,63154,63164,10
12.8161201477,80.2294769287,63164,63175,11
12.8176403046,80.229888916,63175,63185,10
12.8189201355,80.2304611206,63185,63195,10
12.8201704025,80.230506897,63195,63205,10
12.8214998245,80.2305221558,63205,63215,10
12.822719574,80.2308120728,63215,63225,10
12.8240003586,80.2311706543,63225,63235,10
12.8254003525,80.2314224243,63235,63245,10
12.8268404007,80.2313079834,63245,63255,10
12.8281297684,80.2306976318,63255,63266,11
12.8294095993,80.2300415039,63266,63276,10
12.8310899734,80.2294006348,63276,63306,30
12.8310899734,80.2294006348,63306,63316,10
12.8312902451,80.2293777466,63316,63326,10
12.8315896988,80.2292404175,63326,63346,20
12.8315896988,80.2292404175,63346,63357,11
12.8320598602,80.229133606,63357,63367,10
12.8326597214,80.229019165,63367,63377,10
12.8333997726,80.2288894653,63377,63387,10
12.8342695236,80.2287368774,63387,63397,10
12.8352003098,80.2285919189,63397,63407,10
12.8361902237,80.2284317017,63407,63417,10
12.8371696472,80.2282791138,63417,63427,10
12.8381500244,80.2281036377,63427,63437,10
12.8389396667,80.227897644,63437,63448,11
12.8393201828,80.2277297974,63448,63458,10
12.8394498825,80.2276611328,63458,63468,10
12.839630127,80.2276000977,63468,63478,10
12.8399801254,80.2275619507,63478,63488,10
12.8404798508,80.2274627686,63488,63498,10
12.8410596848,80.2273101807,63498,63508,10
12.8416996002,80.2271499634,63508,63518,10
12.8424301147,80.2269821167,63518,63528,10
12.8432397842,80.2268371582,63528,63539,11
12.8441801071,80.2267074585,63539,63549,10
12.8453798294,80.2266235352,63549,63569,20
12.8453798294,80.2266235352,63569,63579,10
12.8454904556,80.2266387939,63579,63589,10
12.8458204269,80.226600647,63589,63599,10
12.8463401794,80.2266082764,63599,63609,10
12.8471097946,80.2266082764,63609,63619,10
12.8480100632,80.226600647,63619,63630,11
12.8490695953,80.2265930176,63630,63640,10
12.8498897552,80.2265701294,63640,63650,10
12.8500204086,80.2265777588,63650,63660,10
12.8502502441,80.2265777588,63660,63670,10
12.8507604599,80.226600647,63670,63680,10
12.8514003754,80.2266235352,63680,63690,10
12.8521404266,80.2266464233,63690,63700,10
12.85297966,80.2266693115,63700,63710,10
12.8539896011,80.2265930176,63710,63721,11
12.854929924,80.2265014648,63721,63731,10
12.8558502197,80.2264022827,63731,63741,10
12.8567199707,80.2262878418,63741,63751,10
12.857460022,80.2262191772,63751,63761,10
12.8580198288,80.2261962891,63761,63771,10
12.8587198257,80.2262573242,63771,63781,10
12.8594999313,80.2263565063,63781,63791,10
12.8603897095,80.2264862061,63791,63801,10
12.8608398438,80.2265319824,63801,63812,11
12.8610801697,80.2265472412,63812,63822,10
12.8616600037,80.2265625,63822,63832,10
12.8625602722,80.2265090942,63832,63842,10
12.8636198044,80.2265014648,63842,63852,10
12.8648395538,80.2265625,63852,63862,10
12.8658599854,80.2265625,63862,63872,10
12.8674402237,80.2264404297,63872,63882,10
12.8688001633,80.2264022827,63882,63892,10
12.87018013,80.2265625,63892,63903,11
12.8716497421,80.2266387939,63903,63913,10
12.8727197647,80.2266387939,63913,63923,10
12.8729400635,80.2266464233,63923,63933,10
12.8731498718,80.2266616821,63933,63943,10
12.8737802505,80.2266998291,63943,63953,10
12.8746595383,80.2268066406,63953,63963,10
12.8756999969,80.2269210815,63963,63973,10
12.8765296936,80.2269210815,63973,63983,10
12.8766899109,80.2269210815,63983,63994,11
12.8770799637,80.2269210815,63994,64004,10
12.8778896332,80.226852417,64004,64014,10
12.8789997101,80.2267837524,64014,64024,10
12.8802900314,80.2267303467,64024,64034,10
12.8817195892,80.2267074585,64034,64044,10
12.8831996918,80.2266769409,64044,64054,10
12.8845500946,80.2266616821,64054,64064,10
12.8852796555,80.2266921997,64064,64074,10
12.8853502274,80.2267074585,64074,64085,11
12.8859300613,80.226852417,64085,64095,10
12.8868198395,80.2270812988,64095,64105,10
12.8879098892,80.2272720337,64105,64115,10
12.8891601563,80.2273330688,64115,64125,10
12.8905296326,80.2273330688,64125,64135,10
12.8918895721,80.2273406982,64135,64145,10
12.8929700851,80.2274169922,64145,64155,10
12.8940200806,80.2275924683,64155,64165,10
12.8952503204,80.2276611328,64165,64176,11
12.8967199326,80.227722168,64176,64186,10
12.8980798721,80.2277908325,64186,64196,10
12.8993196487,80.2278594971,64196,64206,10
12.9002103806,80.2278671265,64206,64287,81
12.9002103806,80.2278671265,64287,64297,10
12.9003801346,80.2278366089,64297,64307,10
12.9006204605,80.2278518677,64307,64317,10
12.9009599686,80.2278900146,64317,64327,10
12.9014501572,80.2279281616,64327,64337,10
12.9021701813,80.2279663086,64337,64348,11
12.9029798508,80.2279891968,64348,64358,10
12.9030199051,80.2279815674,64358,64367,9
12.903169632,80.2279815674,64367,64378,11
12.9035596848,80.2280578613,64378,64388,10
12.904419899,80.2281417847,64388,64398,10
12.9051198959,80.2281723022,64398,64408,10
12.9055995941,80.2281799316,64408,64439,31
12.9055995941,80.2281799316,64439,64449,10
12.9058504105,80.2282333374,64449,64459,10
12.9062595367,80.2282562256,64459,64469,10
12.9065904617,80.2282714844,64469,64479,10
12.9068403244,80.2282791138,64479,64489,10
12.9069900513,80.228302002,64489,64499,10
12.9073801041,80.2283477783,64499,64509,10
12.9081802368,80.228477478,64509,64519,10
12.9092197418,80.2286376953,64519,64530,11
12.9104995728,80.2288894653,64530,64540,10
12.911740303,80.2290725708,64540,64550,10
12.9129800797,80.2292098999,64550,64560,10
12.9138202667,80.2293014526,64560,64580,20
12.9138202667,80.2293014526,64580,64590,10
12.9140996933,80.2293624878,64590,64600,10
12.9147796631,80.2294387817,64600,64610,10
12.9155797958,80.2295684814,64610,64621,11
12.9165296555,80.2297210693,64621,64631,10
12.9171695709,80.2297973633,64631,64641,10
12.917889595,80.2298965454,64641,64651,10
12.9186697006,80.2300033569,64651,64661,10
12.9191904068,80.2300720215,64661,64671,10
12.9191999435,80.2300720215,64671,64681,10
12.9194002151,80.2300872803,64681,64691,10
12.9200601578,80.2302017212,64691,64701,10
12.9210395813,80.2302932739,64701,64712,11
12.9223203659,80.2304611206,64712,64722,10
12.9235801697,80.2306518555,64722,64732,10
12.9248600006,80.2308197021,64732,64742,10
12.9261903763,80.2309799194,64742,64752,10
12.9274597168,80.2311325073,64752,64762,10
12.9285802841,80.2312774658,64762,64772,10
12.9296598434,80.2314987183,64772,64782,10
12.930850029,80.2318267822,64782,64792,10
12.9320402145,80.232208252,64792,64803,11
12.9331798553,80.2325973511,64803,64813,10
12.9335699081,80.2327575684,64813,64823,10
12.9335899353,80.2328109741,64823,64833,10
12.9339799881,80.2329788208,64833,64843,10
12.9347200394,80.2333068848,64843,64853,10
12.935549736,80.2336807251,64853,64863,10
12.9364004135,80.2341003418,64863,64873,10
12.937379837,80.2345581055,64873,64883,10
12.9384002686,80.2350387573,64883,64894,11
12.9393596649,80.2355117798,64894,64904,10
12.9395599365,80.2356185913,64904,64914,10
12.9397497177,80.235710144,64914,64924,10
12.9403600693,80.2359695435,64924,64934,10
12.9412202835,80.2361679077,64934,64944,10
12.9422101974,80.2364196777,64944,64954,10
12.943189621,80.2369232178,64954,64964,10
12.9439897537,80.23777771,64964,64974,10
12.9448003769,80.2386779785,64974,64985,11
12.9458703995,80.2394714355,64985,64995,10
12.9469604492,80.2398910522,64995,65005,10
12.9472999573,80.2400283813,65005,65015,10
12.947429657,80.2400894165,65015,65025,10
12.9477996826,80.2402420044,65025,65035,10
12.947810173,80.2402420044,65035,65045,10
12.9481401443,80.2403488159,65045,65055,10
12.9485998154,80.2405395508,65055,65065,10
12.9490499496,80.2407302856,65065,65076,11
12.9498100281,80.2409973145,65076,65086,10
12.9503898621,80.2411422729,65086,65096,10
12.9509496689,80.2413330078,65096,65106,10
12.9511404037,80.2414016724,65106,65116,10
12.9512996674,80.2414703369,65116,65126,10
12.9515199661,80.241569519,65126,65136,10
12.9521198273,80.2417373657,65136,65146,10
12.9529104233,80.2420501709,65146,65156,10
12.9535903931,80.2423171997,65156,65167,11
12.9541797638,80.2425537109,65167,65177,10
12.9547395706,80.2427978516,65177,65187,10
12.9553804398,80.2429962158,65187,65197,10
12.9561300278,80.2432403564,65197,65207,10
12.9563798904,80.2433319092,65207,65217,10
12.9563798904,80.2433395386,65217,65227,10
12.9569702148,80.2436065674,65227,65237,10
12.9576997757,80.2439498901,65237,65247,10
12.9584798813,80.2443008423,65247,65258,11
12.9588298798,80.244430542,65258,65268,10
12.9589700699,80.2444992065,65268,65278,10
12.9594602585,80.2447509766,65278,65288,10
12.9601697922,80.2450790405,65288,65298,10
12.9610099792,80.2454605103,65298,65308,10
12.9619197845,80.2459182739,65308,65318,10
12.9627103806,80.2462997437,65318,65328,10
12.9630403519,80.2465133667,65328,65349,21
12.9630403519,80.2465133667,65349,65359,10
12.9633398056,80.2466888428,65359,65369,10
12.9635601044,80.2467880249,65369,65379,10
12.9640398026,80.2470016479,65379,65389,10
12.9648599625,80.2472610474,65389,65399,10
12.9658098221,80.2475814819,65399,65409,10
12.9666795731,80.2479171753,65409,65429,20
12.9666795731,80.2479171753,65429,65440,11
12.9668397903,80.2479934692,65440,65450,10
12.9672803879,80.2482299805,65450,65460,10
12.9678697586,80.2484817505,65460,65470,10
12.968629837,80.2487792969,65470,65480,10
12.9694404602,80.2490997314,65480,65490,10
12.9702501297,80.2494430542,65490,65500,10
12.9711303711,80.2497406006,65500,65510,10
12.9721002579,80.25,65510,65520,10
12.9730396271,80.25025177,65520,65531,11
12.9740495682,80.2505111694,65531,65541,10
12.9750099182,80.2508010864,65541,65551,10
12.9759502411,80.2510681152,65551,65561,10
12.9768600464,80.2513275146,65561,65571,10
12.977689743,80.2517776489,65571,65581,10
12.9785604477,80.2523880005,65581,65601,20
12.9785604477,80.2523880005,65601,65611,10
12.9786396027,80.2524414063,65611,65622,11
12.9790496826,80.2525863647,65622,65632,10
12.9795799255,80.2526397705,65632,65662,30
12.9795799255,80.2526397705,65662,65672,10
12.9796895981,80.2526626587,65672,65682,10
12.9801502228,80.2526779175,65682,65692,10
12.9808797836,80.2526702881,65692,65702,10
12.9818000793,80.2526397705,65702,65713,11
12.9829397202,80.2526016235,65713,65723,10
12.9837799072,80.2524414063,65723,65733,10
12.9842100143,80.2522964478,65733,65844,111
12.9842100143,80.2522964478,65844,65854,10
12.9844799042,80.2522506714,65854,65864,10
12.9849395752,80.2521133423,65864,65874,10
12.9853801727,80.251991272,65874,65884,10
12.985830307,80.2518463135,65884,65895,11
12.9863996506,80.2517089844,65895,65905,10
12.9868202209,80.2515869141,65905,65915,10
12.9872198105,80.2514724731,65915,65925,10
12.9875802994,80.2513809204,65925,65935,10
12.9879999161,80.2512969971,65935,65945,10
12.9887504578,80.251121521,65945,65955,10
12.98939991,80.2509384155,65955,65965,10
12.9894895554,80.2509307861,65965,65976,11
12.9895401001,80.2509536743,65976,65988,12
12.9899902344,80.2508392334,65988,65998,10
12.9907503128,80.2506408691,65998,66008,10
12.9916801453,80.2503967285,66008,66018,10
12.9926204681,80.2501678467,66018,66028,10
12.9935998917,80.2499237061,66028,66038,10
12.9946098328,80.2496566772,66038,66048,10
12.9956197739,80.2494125366,66048,66058,10
12.9965295792,80.2491378784,66058,66069,11
12.9968299866,80.2490615845,66069,66079,10
12.9969100952,80.2490692139,66079,66089,10
12.9973297119,80.2489700317,66089,66099,10
12.9979801178,80.2488098145,66099,66109,10
12.9987602234,80.2486114502,66109,66119,10
12.9996795654,80.2483901978,66119,66129,10
13.0006799698,80.2481307983,66129,66139,10
13.001709938,80.2478790283,66139,66149,10
13.0024404526,80.2477035522,66149,66160,11
13.0032596588,80.2475585938,66160,66170,10
13.0041303635,80.247428894,66170,66180,10
13.0051002502,80.2472991943,66180,66190,10
13.0059204102,80.2470779419,66190,66200,10
13.0061397552,80.2469329834,66200,66210,10
13.0062799454,80.2468338013,66210,66220,10
13.0063896179,80.2466506958,66220,66230,10
13.006480217,80.2464828491,66230,66251,21
13.006480217,80.2464828491,66251,66261,10
13.0065498352,80.2462310791,66261,66271,10
13.0065498352,80.2460632324,66271,66281,10
13.0065498352,80.2458267212,66281,66311,30
13.0065498352,80.2458267212,66311,66321,10
13.0065898895,80.2454376221,66321,66331,10
13.0066003799,80.2454376221,66331,66342,11
13.0065803528,80.2451400757,66342,66352,10
13.0065698624,80.2450027466,66352,66362,10
13.0065603256,80.2448272705,66362,66372,10
13.0065603256,80.2447662354,66372,66382,10
13.0065898895,80.2444381714,66382,66392,10
13.0065803528,80.2441482544,66392,66402,10
13.0065803528,80.2438583374,66402,66412,10
13.0065603256,80.243309021,66412,66574,162
13.0065898895,80.2429962158,66574,66645,71
13.0065898895,80.2429962158,66645,66655,10
13.0066299438,80.2428207397,66655,66665,10
13.0066204071,80.2423171997,66665,66675,10
13.0066299438,80.2415390015,66675,66685,10
13.0067396164,80.2406997681,66685,66695,10
13.0069198608,80.2397689819,66695,66706,11
13.0071601868,80.2385177612,66706,66716,10
13.0072698593,80.2377166748,66716,66726,10
13.0074195862,80.2367706299,66726,66746,20
13.0074195862,80.2367706299,66746,66756,10
13.007519722,80.236541748,66756,66766,10
13.0076398849,80.2358627319,66766,66776,10
13.0077495575,80.2353668213,66776,66786,10
13.0078496933,80.2348480225,66786,66797,11
13.0080299377,80.2339324951,66797,66807,10
13.0082197189,80.2329101563,66807,66817,10
13.0083999634,80.2319564819,66817,66827,10
13.0085897446,80.2309799194,66827,66837,10
13.008769989,80.2301177979,66837,66847,10
13.0089998245,80.2289581299,66847,66857,10
13.0092601776,80.2280426025,66857,66867,10
13.0096302032,80.227180481,66867,66877,10
13.0100097656,80.2264328003,66877,66888,11
13.0104598999,80.2256011963,66888,66898,10
13.0106496811,80.2251586914,66898,66908,10
13.010840416,80.2246170044,66908,66918,10
13.0111503601,80.2238616943,66918,66928,10
13.0114097595,80.223197937,66928,66938,10
13.0116996765,80.2224273682,66938,66948,10
13.012049675,80.2215881348,66948,66958,10
13.0124597549,80.2217712402,66958,66968,10
13.012960434,80.2224121094,66968,66979,11
13.0135402679,80.2230377197,66979,66989,10
13.0139799118,80.2235183716,66989,66999,10
13.0142498016,80.2238616943,66999,67009,10
13.0146198273,80.224281311,67009,67019,10
13.0150995255,80.2247390747,67019,67029,10
13.0156602859,80.2251815796,67029,67049,20
13.0156602859,80.2251815796,67049,67060,11
13.0159397125,80.2253494263,67060,67070,10
13.0165996552,80.2253189087,67070,67080,10
13.0173902512,80.2250137329,67080,67090,10
13.0181703568,80.2246932983,67090,67100,10
13.0187196732,80.2244720459,67100,67110,10
13.0190696716,80.224357605,67110,67120,10
13.0194396973,80.2244033813,67120,67151,31
13.0194396973,80.2244033813,67151,67161,10
13.0195398331,80.2244262695,67161,67171,10
13.0197000504,80.2245483398,67171,67181,10
13.0200796127,80.2248535156,67181,67191,10
13.0204896927,80.2251434326,67191,67201,10
13.0207500458,80.2253417969,67201,67211,10
13.0210599899,80.2255706787,67211,67221,10
13.0214195251,80.2258682251,67221,67231,10
13.0218400955,80.2261810303,67231,67242,11
13.0223798752,80.226600647,67242,67252,10
13.0227403641,80.2269134521,67252,67262,10
13.023150444,80.2272720337,67262,67272,10
13.0235204697,80.2276382446,67272,67282,10
13.0241203308,80.2282028198,67282,67302,20
13.0241203308,80.2282028198,67302,67312,10
13.0242204666,80.2283096313,67312,67363,51
13.0242204666,80.2283096313,67363,67373,10
13.0243501663,80.2285614014,67373,67393,20
13.0244197845,80.2286529541,67393,67464,71
13.0244197845,80.2286529541,67464,67474,10
13.0242795944,80.2286987305,67474,67484,10
13.0241699219,80.2285995483,67484,67494,10
13.0239400864,80.2282791138,67494,67504,10
13.023730278,80.228012085,67504,67515,11
13.0235700607,80.2278594971,67515,67525,10
13.0234203339,80.2276992798,67525,67535,10
13.0234003067,80.2276916504,67535,67545,10
13.0233402252,80.2276611328,67545,67555,10
13.023059845,80.2274017334,67555,67565,10
13.0226802826,80.2270431519,67565,67575,10
13.0223903656,80.2267532349,67575,67616,41
13.0223903656,80.2267532349,67616,67626,10
13.0220804214,80.2265319824,67626,67636,10
13.0219497681,80.2264022827,67636,67646,10
13.0217399597,80.2262115479,67646,67656,10
13.0214796066,80.2260131836,67656,67666,10
13.0214195251,80.2259597778,67666,67676,10
13.0213298798,80.2258911133,67676,67686,10
13.0211496353,80.225730896,67686,67697,11
13.0206604004,80.2253570557,67697,67707,10
13.0199203491,80.2248764038,67707,67727,20
13.0199203491,80.2248764038,67727,67737,10
13.0198602676,80.2248382568,67737,67747,10
13.0194797516,80.2246170044,67747,67757,10
13.0189304352,80.2245483398,67757,67767,10
13.0188398361,80.2245635986,67767,67777,10
13.0186004639,80.2246627808,67777,67788,11
13.0183095932,80.2247924805,67788,67798,10
13.0180597305,80.224899292,67798,67808,10
13.017999649,80.2249221802,67808,67818,10
13.0178003311,80.2249984741,67818,67828,10
13.0176496506,80.2250595093,67828,67838,10
13.017490387,80.2251281738,67838,67848,10
13.0173597336,80.2251815796,67848,67858,10
13.0171899796,80.2252426147,67858,67868,10
13.0170602798,80.2253036499,67868,67879,11
13.0169000626,80.2253570557,67879,67889,10
13.0166501999,80.2254486084,67889,67909,20
13.0166501999,80.2254486084,67909,67919,10
13.0164604187,80.2255325317,67919,67929,10
13.0160703659,80.2256393433,67929,67939,10
13.0152597427,80.2259368896,67939,67949,10
13.0145797729,80.2262191772,67949,67970,21
13.0145797729,80.2262191772,67970,67980,10
13.0144195557,80.2262268066,67980,67990,10
13.0137996674,80.2264862061,67990,68000,10
13.0128297806,80.2268829346,68000,68010,10
13.0117301941,80.2273406982,68010,68020,10
13.0104904175,80.2278289795,68020,68030,10
13.0094203949,80.2282867432,68030,68040,10
13.0090799332,80.2290725708,68040,68050,10
13.0089101791,80.2299880981,68050,68061,11
13.0087203979,80.2309799194,68061,68071,10
13.0085201263,80.231880188,68071,68081,10
13.0083599091,80.2326812744,68081,68091,10
13.0082702637,80.2332229614,68091,68101,10
13.0082397461,80.2334671021,68101,68111,10
13.0082302094,80.2335281372,68111,68121,10
13.0081796646,80.2337265015,68121,68131,10
13.0081100464,80.2339401245,68131,68141,10
13.008020401,80.2343978882,68141,68152,11
13.0078802109,80.2351226807,68152,68162,10
13.0076999664,80.2360229492,68162,68172,10
13.0075397491,80.236907959,68172,68182,10
13.0074396133,80.2373809814,68182,68192,10
13.0073099136,80.238067627,68192,68202,10
13.0071296692,80.2390289307,68202,68232,30
13.0071296692,80.2390289307,68232,68243,11
13.0071001053,80.2392883301,68243,68253,10
13.0070295334,80.2397689819,68253,68263,10
13.0068998337,80.2405014038,68263,68283,20
13.0068998337,80.2405014038,68283,68293,10
13.0068397522,80.2407836914,68293,68303,10
13.0067501068,80.2414169312,68303,68313,10
13.0067300797,80.2425231934,68313,68323,10
13.0067195892,80.243347168,68323,68334,11
13.0067100525,80.2439804077,68334,68344,10
13.0066900253,80.2446670532,68344,68354,10
13.0066995621,80.2452163696,68354,68364,10
13.0067100525,80.2456207275,68364,68374,10
13.0066995621,80.2458114624,68374,68384,10
13.0066995621,80.2459106445,68384,68394,10
13.0066995621,80.2461700439,68394,68404,10
13.0067300797,80.2466964722,68404,68414,10
13.0067195892,80.2472915649,68414,68425,11
13.0065002441,80.247467041,68425,68435,10
13.0061798096,80.247467041,68435,68445,10
13.0058803558,80.2474517822,68445,68455,10
13.0050601959,80.247428894,68455,68465,10
13.0039796829,80.247543335,68465,68475,10
13.0029602051,80.2477035522,68475,68485,10
13.0025596619,80.247756958,68485,68495,10
13.0020103455,80.2479019165,68495,68505,10
13.0010795593,80.2481384277,68505,68516,11
12.9997596741,80.2484436035,68516,68526,10
12.9984703064,80.2487716675,68526,68536,10
12.9970598221,80.249130249,68536,68546,10
12.9955396652,80.2495269775,68546,68556,10
12.9941596985,80.2499237061,68556,68566,10
12.9927597046,80.2502365112,68566,68576,10
12.9915800095,80.2505187988,68576,68586,10
12.9909200668,80.2507171631,68586,68597,11
12.9904899597,80.2508163452,68597,68698,101
12.9904899597,80.2508163452,68698,68708,10
12.9900798798,80.2509307861,68708,68718,10
12.9894800186,80.2510910034,68718,68728,10
12.9890203476,80.2512207031,68728,68738,10
12.9886903763,80.2512893677,68738,68748,10
12.9882602692,80.2514038086,68748,68758,10
12.9876403809,80.2515563965,68758,68768,10
12.9872398376,80.251663208,68768,68779,11
12.9867296219,80.2517929077,68779,68789,10
12.9860696793,80.251953125,68789,68799,10
12.9851999283,80.252166748,68799,68809,10
12.9843397141,80.2524032593,68809,68819,10
12.9835395813,80.2526016235,68819,68829,10
12.98279953,80.2527008057,68829,68839,10
12.9819202423,80.2527389526,68839,68849,10
12.9810495377,80.2527618408,68849,68859,10
12.9803695679,80.2527999878,68859,68880,21
12.9803695679,80.2527999878,68880,68890,10
12.9801197052,80.252822876,68890,68900,10
12.9798297882,80.2527999878,68900,68910,10
12.9792699814,80.2527084351,68910,68920,10
12.9787302017,80.2526626587,68920,68930,10
12.9786100388,80.2526168823,68930,68940,10
12.9784603119,80.2525405884,68940,68950,10
12.9779396057,80.2521514893,68950,68961,11
12.9770898819,80.2515029907,68961,68971,10
12.976149559,80.2511825562,68971,68981,10
12.9752197266,80.2509002686,68981,68991,10
12.9742097855,80.2506027222,68991,69001,10
12.9730701447,80.250289917,69001,69011,10
12.9717798233,80.249961853,69011,69021,10
12.9704799652,80.2496032715,69021,69031,10
12.9691295624,80.2490768433,69031,69041,10
12.968079567,80.2486419678,69041,69052,11
12.96737957,80.2483520508,69052,69062,10
12.9672899246,80.2483062744,69062,69072,10
12.9671001434,80.2482223511,69072,69082,10
12.9668598175,80.2481079102,69082,69092,10
12.9664897919,80.2479324341,69092,69102,10
12.965880394,80.2476730347,69102,69112,10
12.9651298523,80.247428894,69112,69132,20
12.9651298523,80.247428894,69132,69143,11
12.9648199081,80.2473220825,69143,69153,10
12.9644403458,80.247177124,69153,69163,10
12.9644298553,80.2471694946,69163,69173,10
12.9641399384,80.2470703125,69173,69183,10
12.9638204575,80.246963501,69183,69193,10
12.9633398056,80.2467193604,69193,69203,10
12.9625597,80.2463226318,69203,69213,10
12.9615802765,80.24584198,69213,69223,10
12.9606599808,80.2454223633,69223,69234,11
12.959859848,80.2450714111,69234,69244,10
12.959400177,80.2448883057,69244,69254,10
12.9593400955,80.2448425293,69254,69264,10
12.9590702057,80.2447128296,69264,69274,10
12.9584197998,80.244430542,69274,69284,10
12.95773983,80.244178772,69284,69294,10
12.9571800232,80.2439727783,69294,69304,10
12.9564399719,80.2437362671,69304,69335,31
12.9564399719,80.2437362671,69335,69345,10
12.9561004639,80.2436218262,69345,69355,10
12.9554395676,80.243270874,69355,69365,10
12.9546003342,80.2428817749,69365,69375,10
12.9536600113,80.2425003052,69375,69385,10
12.9526996613,80.2421112061,69385,69395,10
12.9521903992,80.241897583,69395,69405,10
12.9516296387,80.2417373657,69405,69416,11
12.9515600204,80.2417068481,69416,69426,10
12.9511299133,80.2415466309,69426,69436,10
12.9503803253,80.2413024902,69436,69446,10
12.9495401382,80.2410430908,69446,69456,10
12.9489297867,80.2408370972,69456,69466,10
12.9484701157,80.2406234741,69466,69476,10
12.9477100372,80.2403182983,69476,69486,10
12.9471101761,80.2400894165,69486,69496,10
12.9470901489,80.2400817871,69496,69507,11
12.9468002319,80.2399597168,69507,69517,10
12.9461297989,80.2396697998,69517,69527,10
12.9452896118,80.2392272949,69527,69537,10
12.9445199966,80.2384719849,69537,69547,10
12.9436798096,80.2375793457,69547,69557,10
12.9428100586,80.2368011475,69557,69567,10
12.9416103363,80.2363586426,69567,69577,10
12.9404802322,80.2360916138,69577,69587,10
12.9397201538,80.2358398438,69587,69608,21
12.9397201538,80.2358398438,69608,69618,10
12.9394102097,80.2356491089,69618,69628,10
12.9387102127,80.2353134155,69628,69638,10
12.9378299713,80.2348709106,69638,69648,10
12.9367799759,80.234336853,69648,69658,10
12.9357404709,80.2338790894,69658,69668,10
12.9349002838,80.2334823608,69668,69678,10
12.9339895248,80.2331008911,69678,69689,11
12.9338598251,80.233039856,69689,69699,10
12.9336500168,80.2329101563,69699,69709,10
12.9329900742,80.2326278687,69709,69719,10
12.9320602417,80.2322921753,69719,69729,10
12.9309396744,80.231918335,69729,69739,10
12.9297199249,80.2315826416,69739,69749,10
12.9289398193,80.2313995361,69749,69759,10
12.9285001755,80.2313308716,69759,69769,10
12.9277200699,80.2312316895,69769,69780,11
12.9265403748,80.2311172485,69780,69790,10
12.9260196686,80.2310714722,69790,69800,10
12.9259195328,80.2310714722,69800,69810,10
12.9254102707,80.2309799194,69810,69820,10
12.9245996475,80.2308807373,69820,69830,10
12.9238595963,80.2307891846,69830,69840,10
12.9225301743,80.2305908203,69840,69850,10
12.9211797714,80.2303924561,69850,69860,10
12.9197301865,80.2302093506,69860,69871,11
12.9184503555,80.2300415039,69871,69881,10
12.9171895981,80.2298812866,69881,69891,10
12.9158496857,80.2296905518,69891,69901,10
12.9145402908,80.2294921875,69901,69911,10
12.9132699966,80.2293701172,69911,69931,20
12.9132699966,80.2293701172,69931,69941,10
12.913020134,80.2293167114,69941,69951,10
12.9123296738,80.2292175293,69951,69962,11
12.9112596512,80.229057312,69962,69972,10
12.9101200104,80.2288894653,69972,69982,10
12.9088602066,80.2286834717,69982,69992,10
12.9076795578,80.2284927368,69992,70002,10
12.9068403244,80.2283782959,70002,70012,10
12.9061403275,80.2283477783,70012,70022,10
12.906129837,80.2283477783,70022,70032,10
12.9059400558,80.2283172607,70032,70043,11
12.9054002762,80.2282562256,70043,70053,10
12.9047603607,80.2282333374,70053,70063,10
12.9040203094,80.228187561,70063,70073,10
12.9034404755,80.2281723022,70073,70083,10
12.9029798508,80.2281417847,70083,70093,10
12.9028100967,80.2281265259,70093,70103,10
12.9023399353,80.2280883789,70103,70265,162
12.9023399353,80.2280883789,70265,70275,10
12.901889801,80.2280807495,70275,70285,10
12.90143013,80.2280578613,70285,70295,10
12.9010000229,80.2280502319,70295,70305,10
12.9004602432,80.2279815674,70305,70316,11
12.9000797272,80.2279663086,70316,70326,10
12.8998403549,80.2279586792,70326,70336,10
12.8996601105,80.2279434204,70336,70346,10
12.8994903564,80.2279205322,70346,70356,10
12.8990802765,80.2279281616,70356,70366,10
12.8989496231,80.2279205322,70366,70376,10
12.8984603882,80.2278823853,70376,70386,10
12.897600174,80.2278213501,70386,70396,10
12.8965597153,80.2277679443,70396,70407,11
12.89523983,80.227722168,70407,70417,10
12.8939304352,80.2276382446,70417,70427,10
12.8926095963,80.2274780273,70427,70477,50
12.8926095963,80.2274780273,70477,70487,10
12.8925600052,80.2274780273,70487,70498,11
12.8920402527,80.2274169922,70498,70508,10
12.8911399841,80.2274093628,70508,70518,10
12.889960289,80.2274093628,70518,70528,10
12.888759613,80.227432251,70528,70538,10
12.8875799179,80.2273406982,70538,70548,10
12.886349678,80.2270889282,70548,70558,10
12.8851900101,80.2268295288,70558,70568,10
12.884759903,80.2267990112,70568,70578,10
12.8847398758,80.2267990112,70578,70589,11
12.8841400146,80.2267913818,70589,70599,10
12.8831596375,80.2267837524,70599,70609,10
12.8819599152,80.2267913818,70609,70619,10
12.8806600571,80.2268066406,70619,70629,10
12.8793201447,80.2268295288,70629,70639,10
12.8780002594,80.2269134521,70639,70649,10
12.8770503998,80.2269973755,70649,70659,10
12.8763904572,80.2270584106,70659,70669,10
12.8760900497,80.2270736694,70669,70680,11
12.8751897812,80.2270126343,70680,70690,10
12.8740797043,80.2268676758,70690,70700,10
12.8730096817,80.2267837524,70700,70710,10
12.8722200394,80.2267684937,70710,70720,10
12.8711700439,80.2267379761,70720,70730,10
12.8699197769,80.2266387939,70730,70740,10
12.8685598373,80.2264862061,70740,70750,10
12.8671703339,80.2265472412,70750,70760,10
12.8658103943,80.2266693115,70760,70771,11
12.8643198013,80.2266235352,70771,70781,10
12.862950325,80.2265777588,70781,70791,10
12.8616695404,80.2266616821,70791,70801,10
12.8609199524,80.2266921997,70801,70811,10
12.8608398438,80.2266769409,70811,70821,10
12.8602399826,80.226600647,70821,70831,10
12.8592700958,80.2264633179,70831,70841,10
12.8580799103,80.2263412476,70841,70851,10
12.8566999435,80.2264328003,70851,70862,11
12.8550395966,80.2265930176,70862,70872,10
12.8535203934,80.2267532349,70872,70882,10
12.8519096375,80.2267532349,70882,70892,10
12.850279808,80.2266693115,70892,70902,10
12.8486499786,80.2266464233,70902,70912,10
12.8470697403,80.2266693115,70912,70922,10
12.8458900452,80.2266921997,70922,70932,10
12.8453598022,80.2266998291,70932,70942,10
12.8453397751,80.2266998291,70942,70953,11
12.8450899124,80.2266921997,70953,70963,10
12.8443698883,80.2267379761,70963,70973,10
12.8434000015,80.2268600464,70973,70983,10
12.8423204422,80.2270736694,70983,70993,10
12.8411302567,80.2273712158,70993,71003,10
12.8401699066,80.2276306152,71003,71013,10
12.8397703171,80.2277526855,71013,71033,20
12.8397703171,80.2277526855,71033,71044,11
12.8396396637,80.2278137207,71044,71054,10
12.8391799927,80.2279205322,71054,71064,10
12.8383102417,80.2281265259,71064,71074,10
12.8372402191,80.2283401489,71074,71084,10
12.8360204697,80.2285232544,71084,71094,10
12.8347396851,80.2287063599,71094,71104,10
12.8334197998,80.2289428711,71104,71114,10
12.8325796127,80.2291183472,71114,71125,11
12.8322496414,80.2291870117,71125,71135,10
12.8321304321,80.2292022705,71135,71145,10
12.831580162,80.2293319702,71145,71155,10
12.8308496475,80.2295379639,71155,71165,10
12.8300104141,80.2298736572,71165,71175,10
12.8291101456,80.23021698,71175,71185,10
12.8281698227,80.2306976318,71185,71195,10
12.8272695541,80.2311706543,71195,71205,10
12.8264398575,80.2313766479,71205,71216,11
12.8250999451,80.2314834595,71216,71226,10
12.8241195679,80.2313079834,71226,71236,10
12.8231201172,80.231010437,71236,71246,10
12.8219203949,80.2306594849,71246,71256,10
12.8208198547,80.2305297852,71256,71266,10
12.8198299408,80.2305603027,71266,71276,10
12.8188695908,80.2305297852,71276,71286,10
12.8184404373,80.2303619385,71286,71296,10
12.8177404404,80.2300186157,71296,71307,11
12.816570282,80.2296066284,71307,71317,10
12.8154401779,80.2294235229,71317,71327,10
12.8142595291,80.2292404175,71327,71337,10
12.8132400513,80.2289581299,71337,71347,10
12.8121299744,80.2285766602,71347,71357,10
12.8110198975,80.2281723022,71357,71367,10
12.8100595474,80.2277679443,71367,71377,10
12.8090400696,80.2272567749,71377,71387,10
12.8081903458,80.2265625,71387,71398,11
12.8071699142,80.2257003784,71398,71408,10
12.8066501617,80.2251968384,71408,71418,10
12.8061199188,80.2247390747,71418,71428,10
12.8055400848,80.2242584229,71428,71438,10
12.8051900864,80.2241210938,71438,71448,10
12.805150032,80.2241134644,71448,71458,10
12.8048000336,80.224029541,71458,71468,10
12.8041696548,80.2239685059,71468,71478,10
12.8034000397,80.2239227295,71478,71489,11
12.8029203415,80.2238769531,71489,71499,10
12.8023796082,80.2238006592,71499,71509,10
12.8014602661,80.2237091064,71509,71519,10
12.8007297516,80.2236633301,71519,71529,10
12.8004598618,80.2236404419,71529,71539,10
12.7996301651,80.2235565186,71539,71549,10
12.7985095978,80.223449707,71549,71559,10
12.7972602844,80.2232818604,71559,71569,10
12.7961597443,80.2230606079,71569,71580,11
12.7951002121,80.222869873,71580,71590,10
12.7940101624,80.2226867676,71590,71600,10
12.792840004,80.2225189209,71600,71610,10
12.7916603088,80.2222824097,71610,71620,10
12.7905597687,80.2220077515,71620,71630,10
12.7896299362,80.2217636108,71630,71640,10
12.7890901566,80.2215423584,71640,71650,10
12.7884197235,80.2212677002,71650,71660,10
12.787730217,80.2210083008,71660,71671,11
12.7871398926,80.2207794189,71671,71691,20
12.7871398926,80.2207794189,71691,71701,10
12.7870397568,80.2207565308,71701,71711,10
12.7869596481,80.2207183838,71711,71721,10
12.7868099213,80.2206573486,71721,71731,10
12.786649704,80.2205810547,71731,71741,10
12.7863998413,80.220489502,71741,71751,10
12.7862596512,80.2204437256,71751,71762,11
12.7861700058,80.2204437256,71762,71772,10
12.7861299515,80.2205581665,71772,71782,10
12.7861404419,80.2208709717,71782,71792,10
12.7861404419,80.2208862305,71792,71802,10
12.7861204147,80.2209777832,71802,71812,10
12.7861604691,80.221496582,71812,71822,10
12.786190033,80.2219161987,71822,71832,10
12.7862701416,80.2221908569,71832,71842,10
12.7861995697,80.2221603394,71842,72105,263
12.7861995697,80.2221603394,72105,72116,11
12.7862501144,80.2221069336,72116,72126,10
12.7862300873,80.2216186523,72126,72136,10
12.7861795425,80.2211990356,72136,72146,10
12.7861404419,80.2206115723,72146,72186,40
12.7861404419,80.2206115723,72186,72196,10
12.7864704132,80.2204589844,72196,72207,11
12.7869997025,80.2206878662,72207,72217,10
12.7875099182,80.2208633423,72217,72227,10
12.7880496979,80.2210693359,72227,72237,10
12.788769722,80.2213363647,72237,72247,10
12.7894897461,80.2216110229,72247,72257,10
12.7901601791,80.2218017578,72257,72267,10
12.791179657,80.2220611572,72267,72277,10
12.7923698425,80.2223434448,72277,72287,10
12.7936601639,80.2225570679,72287,72298,11
12.7950496674,80.2227783203,72298,72308,10
12.7961797714,80.2229919434,72308,72318,10
12.7974004745,80.2232208252,72318,72328,10
12.7986803055,80.2233810425,72328,72338,10
12.7999696732,80.223487854,72338,72348,10
12.8010797501,80.2235870361,72348,72358,10
12.8013801575,80.2236175537,72358,72368,10
12.8018798828,80.2236709595,72368,72378,10
12.8026599884,80.2237701416,72378,72389,11
12.803319931,80.2238616943,72389,72399,10
12.8041496277,80.2239227295,72399,72409,10
12.8049097061,80.2240066528,72409,72419,10
12.8053798676,80.2241210938,72419,72429,10
12.8055400848,80.2242126465,72429,72439,10
12.8060798645,80.2246170044,72439,72449,10
12.8068599701,80.2253265381,72449,72459,10
12.8078098297,80.2261428833,72459,72469,10
12.8088197708,80.2269821167,72469,72480,11
12.8099403381,80.2276611328,72480,72490,10
12.8110704422,80.2281265259,72490,72500,10
12.8123502731,80.2285919189,72500,72510,10
12.813659668,80.2290420532,72510,72520,10
12.8150196075,80.2293167114,72520,72530,10
12.8164701462,80.2295379639,72530,72540,10
12.817700386,80.2299423218,72540,72550,10
12.8186397552,80.2303771973,72550,72560,10
12.8194904327,80.2305221558,72560,72571,11
12.8204603195,80.2304916382,72571,72581,10
12.8216495514,80.2305374146,72581,72591,10
12.8229103088,80.2308807373,72591,72601,10
12.8242301941,80.2312164307,72601,72611,10
12.8255996704,80.2313995361,72611,72621,10
12.8269500732,80.2312698364,72621,72631,10
12.8281002045,80.2307128906,72631,72641,10
12.8289499283,80.2302474976,72641,72651,10
12.8297100067,80.2299423218,72651,72662,11
12.8306503296,80.2295532227,72662,72712,50
12.8306503296,80.2295532227,72712,72722,10
12.8309698105,80.2294235229,72722,72742,20
12.8311901093,80.2293395996,72742,72763,21
12.8311901093,80.2293395996,72763,72773,10
12.8312797546,80.229309082,72773,72803,30
12.8313798904,80.2292633057,72803,72874,71
12.8313798904,80.2292633057,72874,72884,10
12.8316898346,80.2291564941,72884,72894,10
12.8319501877,80.2291030884,72894,72904,10
12.8325195313,80.2289962769,72904,72914,10
12.8334503174,80.2288589478,72914,72924,10
12.8345403671,80.2286682129,72924,72935,11
12.8358201981,80.2284698486,72935,72945,10
12.836979866,80.2282791138,72945,72955,10
12.8380804062,80.2280731201,72955,72965,10
12.8388204575,80.2278823853,72965,72975,10
12.8392000198,80.2277374268,72975,72995,20
12.8392000198,80.2277374268,72995,73005,10
12.8394498825,80.2276077271,73005,73015,10
12.8398303986,80.2275314331,73015,73026,11
12.8406400681,80.2273864746,73026,73036,10
12.8415899277,80.2271270752,73036,73046,10
12.8427200317,80.2268676758,73046,73056,10
12.8438196182,80.2266998291,73056,73066,10
12.8445901871,80.2266082764,73066,73076,10
12.8453302383,80.2265396118,73076,73117,41
12.8453302383,80.2265396118,73117,73127,10
12.8456401825,80.2265167236,73127,73137,10
12.8460903168,80.2265396118,73137,73147,10
12.846830368,80.2265396118,73147,73157,10
12.8476896286,80.2265396118,73157,73167,10
12.84856987,80.2265396118,73167,73177,10
12.8499097824,80.2265396118,73177,73208,31
12.8499097824,80.2265396118,73208,73218,10
12.8499803543,80.2266235352,73218,73228,10
12.8503904343,80.2266235352,73228,73238,10
12.8510103226,80.2266235352,73238,73248,10
12.8517398834,80.2266464233,73248,73258,10
12.8524999619,80.2266693115,73258,73268,10
12.8533296585,80.2266693115,73268,73278,10
12.8541297913,80.2265930176,73278,73289,11
12.8548402786,80.2265014648,73289,73299,10
12.855340004,80.2264328003,73299,73309,10
12.8557195663,80.2263717651,73309,73440,131
12.8557195663,80.2263717651,73440,73450,10
12.8561897278,80.2263031006,73450,73460,10
12.8567399979,80.2262573242,73460,73471,11
12.8574304581,80.2261962891,73471,73481,10
12.8579998016,80.2261962891,73481,73491,10
12.858590126,80.2262420654,73491,73501,10
12.8592796326,80.2263412476,73501,73511,10
12.8600797653,80.2264480591,73511,73521,10
12.8607501984,80.2265396118,73521,73531,10
12.8608398438,80.2265472412,73531,73541,10
12.8613195419,80.2265777588,73541,73551,10
12.8621702194,80.2265472412,73551,73562,11
12.8633298874,80.2265090942,73562,73572,10
12.8645601273,80.2265625,73572,73582,10
12.8659601212,80.2265777588,73582,73592,10
12.8674697876,80.2264633179,73592,73602,10
12.8690395355,80.2264404297,73602,73612,10
12.8705997467,80.2266235352,73612,73622,10
12.8720197678,80.2266693115,73622,73632,10
12.873049736,80.2266998291,73632,73642,10
12.8741102219,80.2267684937,73642,73653,11
12.8753700256,80.2269134521,73653,73663,10
12.8762598038,80.2269287109,73663,73673,10
12.8766403198,80.2268981934,73673,73693,20
12.8766403198,80.2268981934,73693,73703,10
12.8769903183,80.2268829346,73703,73713,10
12.8777399063,80.2268218994,73713,73723,10
12.8787403107,80.2267608643,73723,73733,10
12.8798799515,80.2267303467,73733,73744,11
12.8812704086,80.2267227173,73744,73754,10
12.882610321,80.2267074585,73754,73764,10
12.8839302063,80.2266921997,73764,73774,10
12.8852596283,80.2266998291,73774,73794,20
12.8852596283,80.2266998291,73794,73804,10
12.8853397369,80.2267227173,73804,73814,10
12.8857803345,80.2268218994,73814,73824,10
12.8862400055,80.2269592285,73824,73835,11
12.8869800568,80.227142334,73835,73845,10
12.8876895905,80.2272567749,73845,73855,10
12.8886499405,80.2273406982,73855,73865,10
12.8897800446,80.2273406982,73865,73875,10
12.8910198212,80.2273406982,73875,73885,10
12.8921804428,80.2273330688,73885,73895,10
12.893119812,80.2274780273,73895,73905,10
12.8941802979,80.2276077271,73905,73915,10
12.8953199387,80.2276611328,73915,73926,11
12.8966703415,80.227722168,73926,73936,10
12.8978996277,80.2277908325,73936,73946,10
12.8990802765,80.2278594971,73946,73956,10
12.8998403549,80.2278823853,73956,73966,10
12.9005804062,80.2279129028,73966,73976,10
12.9012098312,80.2279586792,73976,73986,10
12.9017801285,80.2279815674,73986,73996,10
12.9026098251,80.2280197144,73996,74027,31
12.9026098251,80.2280197144,74027,74037,10
12.902759552,80.2280426025,74037,74047,10
12.9033699036,80.2280731201,74047,74057,10
12.9042901993,80.2281417847,74057,74067,10
12.9053401947,80.2281799316,74067,74077,10
12.9060201645,80.228187561,74077,74128,51
12.9060201645,80.228187561,74128,74138,10
12.9062404633,80.2282028198,74138,74148,10
12.9066896439,80.2282485962,74148,74158,10
12.9069004059,80.2282791138,74158,74168,10
12.9072303772,80.2283172607,74168,74178,10
12.9080200195,80.2284622192,74178,74188,10
12.9090995789,80.2286529541,74188,74199,11
12.9104604721,80.2288818359,74199,74209,10
12.911740303,80.2290725708,74209,74219,10
12.913020134,80.2292404175,74219,74229,10
12.9137601852,80.2293014526,74229,74249,20
12.9137601852,80.2293014526,74249,74259,10
12.913860321,80.2293167114,74259,74269,10
12.914440155,80.2294235229,74269,74280,11
12.9154195786,80.2295684814,74280,74290,10
12.9165096283,80.2297286987,74290,74300,10
12.9177103043,80.2298965454,74300,74310,10
12.9188203812,80.2300491333,74310,74320,10
12.9199104309,80.2301864624,74320,74330,10
12.9211597443,80.2303390503,74330,74340,10
12.9224796295,80.2305297852,74340,74350,10
12.9238004684,80.23072052,74350,74360,10
12.9250097275,80.2308807373,74360,74371,11
12.9260797501,80.2309494019,74371,74381,10
12.926199913,80.2309570313,74381,74391,10
12.9265003204,80.231010437,74391,74401,10
12.9272298813,80.2311019897,74401,74411,10
12.9281702042,80.2312164307,74411,74421,10
12.9289903641,80.2313690186,74421,74431,10
12.9298601151,80.2315673828,74431,74441,10
12.9308595657,80.2318496704,74441,74451,10
12.9319896698,80.232208252,74451,74462,11
12.9336099625,80.2328109741,74462,74482,20
12.9336099625,80.2328109741,74482,74492,10
12.9337100983,80.2328567505,74492,74502,10
12.9342403412,80.2331008911,74502,74512,10
12.9350099564,80.2334594727,74512,74522,10
12.9358797073,80.2338790894,74522,74532,10
12.9368200302,80.2343521118,74532,74542,10
12.9379396439,80.2348937988,74542,74553,11
12.9392700195,80.2355117798,74553,74573,20
12.9392700195,80.2355117798,74573,74583,10
12.9395198822,80.2356567383,74583,74593,10
12.940199852,80.2359695435,74593,74603,10
12.9412298203,80.2362365723,74603,74613,10
12.9421796799,80.2364578247,74613,74623,10
12.943479538,80.2372589111,74623,74633,10
12.9442796707,80.2381362915,74633,74644,11
12.9454202652,80.2392501831,74644,74654,10
12.9465198517,80.2397689819,74654,74664,10
12.946969986,80.2399520874,74664,74674,10
12.9469804764,80.2399520874,74674,74684,10
12.9472799301,80.2400894165,74684,74694,10
12.9480400085,80.2404098511,74694,74704,10
12.9490699768,80.2408294678,74704,74714,10
12.9501104355,80.2411575317,74714,74724,10
12.9509096146,80.2413787842,74724,74735,11
12.950969696,80.2414169312,74735,74745,10
12.951379776,80.2415771484,74745,74755,10
12.9520196915,80.2418136597,74755,74765,10
12.952870369,80.2421188354,74765,74775,10
12.9536600113,80.2424316406,74775,74785,10
12.9548196793,80.2428817749,74785,74795,10
12.9556503296,80.2431793213,74795,74805,10
12.9563302994,80.2433929443,74805,74815,10
12.9568195343,80.2436294556,74815,74826,11
12.9575996399,80.2440185547,74826,74836,10
12.9584102631,80.2443618774,74836,74846,10
12.958729744,80.2444763184,74846,74856,10
12.9588003159,80.2445297241,74856,74866,10
12.9589996338,80.2446365356,74866,74876,10
12.9595298767,80.2449035645,74876,74886,10
12.9603595734,80.245262146,74886,74896,10
12.9613399506,80.2456970215,74896,74906,10
12.9622898102,80.2461776733,74906,74917,11
12.9632101059,80.2466278076,74917,74937,20
12.9632101059,80.2466278076,74937,74947,10
12.9632902145,80.2466430664,74947,74957,10
12.9634504318,80.2467269897,74957,74967,10
12.9639501572,80.246963501,74967,74977,10
12.9647798538,80.2472763062,74977,74987,10
12.9657897949,80.2476196289,74987,74997,10
12.9664802551,80.2478790283,74997,75008,11
12.9665298462,80.2479095459,75008,75018,10
12.9668302536,80.2480697632,75018,75028,10
12.9675102234,80.2483901978,75028,75038,10
12.9684495926,80.2487792969,75038,75048,10
12.9695196152,80.2491989136,75048,75058,10
12.9706897736,80.2496490479,75058,75068,10
12.9719200134,80.2499771118,75068,75078,10
12.9731197357,80.2503204346,75078,75088,10
12.974360466,80.2506484985,75088,75099,11
12.9757604599,80.2510375977,75099,75109,10
12.9770202637,80.2514190674,75109,75119,10
12.9780597687,80.2521286011,75119,75129,10
12.9784898758,80.2524185181,75129,75139,10
12.978509903,80.2524414063,75139,75149,10
12.9788999557,80.2526016235,75149,75159,10
12.9794197083,80.2526702881,75159,75169,10
12.9795198441,80.2526779175,75169,75179,10
12.9798898697,80.2527008057,75179,75190,11
12.9806804657,80.2527008057,75190,75200,10
12.9816503525,80.2526779175,75200,75210,10
12.9827604294,80.2526321411,75210,75220,10
12.9839496613,80.2524337769,75220,75230,10
12.9849996567,80.2521286011,75230,75240,10
12.9857397079,80.2519226074,75240,75270,30
12.9857397079,80.2519226074,75270,75281,11
12.9862203598,80.2517929077,75281,75291,10
12.986869812,80.2516174316,75291,75301,10
12.9876203537,80.2514038086,75301,75311,10
12.9883804321,80.2512283325,75311,75321,10
12.9891996384,80.2510223389,75321,75331,10
12.9894895554,80.2509307861,75331,75351,20
12.9894895554,80.2509307861,75351,75361,10
12.9896602631,80.2509002686,75361,75372,11
12.9902496338,80.2507705688,75372,75382,10
12.9909696579,80.2505874634,75382,75392,10
12.9917802811,80.2503890991,75392,75402,10
12.9925098419,80.250213623,75402,75412,10
12.9932899475,80.25,75412,75422,10
12.9941301346,80.249786377,75422,75432,10
12.9950895309,80.2495574951,75432,75442,10
12.9961099625,80.2492828369,75442,75452,10
12.9970998764,80.2490005493,75452,75463,11
12.9980401993,80.2487792969,75463,75473,10
12.9990797043,80.2485275269,75473,75483,10
13.0002002716,80.2482528687,75483,75493,10
13.0013504028,80.2479629517,75493,75503,10
13.0024204254,80.2477111816,75503,75513,10
13.0034503937,80.2475280762,75513,75523,10
13.0045003891,80.2473602295,75523,75533,10
13.005399704,80.2472229004,75533,75543,10
13.0064401627,80.2465209961,75543,75574,31
13.0064401627,80.2465209961,75574,75584,10
13.0065402985,80.2461929321,75584,75594,10
13.0065603256,80.2454833984,75594,75604,10
13.0065603256,80.2445983887,75604,75614,10
13.0065498352,80.2436065674,75614,75624,10
13.0065202713,80.2429199219,75624,75635,11
13.0065002441,80.2419281006,75635,75645,10
13.0065603256,80.2409133911,75645,75655,10
13.0066404343,80.2403564453,75655,75665,10
13.0067796707,80.2397689819,75665,75675,10
13.0069303513,80.2389373779,75675,75685,10
13.0070896149,80.2380371094,75685,75695,10
13.0072898865,80.237197876,75695,75715,20
13.0072898865,80.237197876,75715,75726,11
13.0073299408,80.2370605469,75726,75736,10
13.0073900223,80.2367706299,75736,75746,10
13.0074796677,80.2363128662,75746,75756,10
13.007610321,80.2356796265,75756,75766,10
13.0077896118,80.2349090576,75766,75776,10
13.0079898834,80.23387146,75776,75786,10
13.0082397461,80.2326202393,75786,75796,10
13.0085000992,80.2312469482,75796,75806,10
13.0087604523,80.2299194336,75806,75817,11
13.0089998245,80.2286987305,75817,75827,10
13.0092802048,80.2278213501,75827,75837,10
13.0096597672,80.2269821167,75837,75847,10
13.0100002289,80.2262573242,75847,75857,10
13.0103397369,80.2255706787,75857,75867,10
13.0106401443,80.2250213623,75867,75877,10
13.010890007,80.2244415283,75877,75887,10
13.0110397339,80.2240829468,75887,75897,10
13.0110397339,80.224067688,75897,75908,11
13.0111598969,80.2237091064,75908,75918,10
13.0113801956,80.22315979,75918,75928,10
13.0116100311,80.2224731445,75928,75938,10
13.0119695663,80.2217636108,75938,75948,10
13.0121803284,80.2215270996,75948,75958,10
13.0124397278,80.2218017578,75958,75968,10
13.0128297806,80.2223510742,75968,75978,10
13.013420105,80.2229614258,75978,75988,10
13.0139398575,80.2235717773,75988,75999,11
13.0143604279,80.2240829468,75999,76009,10
13.0147199631,80.2245178223,76009,76019,10
13.0150499344,80.2248382568,76019,76029,10
13.0153102875,80.2250213623,76029,76039,10
13.0155897141,80.2251815796,76039,76049,10
13.0156002045,80.2251815796,76049,76059,10
13.0157499313,80.2252807617,76059,76069,10
13.0161600113,80.2253875732,76069,76079,10
13.0166702271,80.2252883911,76079,76090,11
13.0172796249,80.2250595093,76090,76100,10
13.0178604126,80.224861145,76100,76110,10
13.018699646,80.2245101929,76110,76120,10
13.0195798874,80.2245025635,76120,76160,40
13.0195798874,80.2245025635,76160,76170,10
13.0198497772,80.2247314453,76170,76181,11
13.0202598572,80.2250289917,76181,76191,10
13.0207195282,80.2253570557,76191,76201,10
13.0211601257,80.2257080078,76201,76211,10
13.0217599869,80.2261428833,76211,76221,10
13.022310257,80.2266082764,76221,76231,10
13.0227804184,80.2270202637,76231,76241,10
13.0231704712,80.2273864746,76241,76251,10
13.0235900879,80.2277679443,76251,76261,10
13.0240602493,80.2282409668,76261,76272,11
13.024310112,80.2285766602,76272,76282,10
13.0240802765,80.2284927368,76282,76292,10
13.0237102509,80.2280273438,76292,76302,10
13.0232200623,80.2275619507,76302,76312,10
13.0226402283,80.2270431519,76312,76322,10
13.0220499039,80.2265167236,76322,76332,10
13.0215997696,80.2261199951,76332,76342,10
13.0210695267,80.225692749,76342,76352,10
13.0204601288,80.2252426147,76352,76363,11
13.0198202133,80.2247924805,76363,76373,10
13.0190296173,80.2245101929,76373,76383,10
13.018119812,80.2247924805,76383,76393,10
13.0172595978,80.2251586914,76393,76403,10
13.0165596008,80.2254486084,76403,76413,10
13.0160703659,80.2256164551,76413,76423,10
13.0155601501,80.2257766724,76423,76433,10
13.0151195526,80.2259597778,76433,76443,10
13.0146999359,80.2260513306,76443,76454,11
13.014670372,80.22605896,76454,76464,10
13.0144195557,80.2261810303,76464,76474,10
13.0141601563,80.2258071899,76474,76555,81
13.0141601563,80.2258071899,76555,76565,10
13.0142202377,80.2255172729,76565,76575,10
13.0142698288,80.2253036499,76575,76585,10
