13.0332298279,80.2305374146,15,1400,1385
13.0333404541,80.230430603,1400,3046,1646
13.0333099365,80.23046875,3046,3238,192
13.0333595276,80.2304229736,3238,5412,2174
13.0333099365,80.2303314209,5412,6251,839
13.0333595276,80.2303771973,6251,9149,2898
13.0333595276,80.2303771973,9149,26556,17407
13.0336799622,80.2300796509,26556,26576,20
13.0336904526,80.2300796509,26576,26597,21
13.033370018,80.2303390503,26597,26617,20
13.033370018,80.2303390503,26617,26627,10
13.0333795547,80.2303390503,26627,26637,10
13.0333795547,80.2303466797,26637,26646,9
13.0333795547,80.2303390503,26646,26657,11
13.0333795547,80.2303771973,26657,26667,10
13.0333795547,80.2303924561,26667,26677,10
13.0333595276,80.2304534912,26677,26688,11
13.0333499908,80.2305297852,26688,26698,10
13.0333595276,80.2305374146,26698,26708,10
13.0333795547,80.2304992676,26708,26717,9
13.0333795547,80.2304916382,26717,26728,11
13.0333900452,80.2304611206,26728,26738,10
13.0333795547,80.2304000854,26738,26748,10
13.033370018,80.2303085327,26748,26758,10
13.0333404541,80.2301712036,26758,26768,10
13.0333404541,80.2301101685,26768,26779,11
13.0333499908,80.2300796509,26779,26789,10
13.0333404541,80.2301177979,26789,27123,334
13.0334196091,80.2298583984,27123,27375,252
13.0334701538,80.2299423218,27375,27435,60
13.0336198807,80.2298202515,27435,27476,41
13.0335597992,80.2298202515,27476,27587,111
13.0338697433,80.2298583984,27587,27768,181
13.0339403152,80.2299423218,27768,27839,71
13.0338802338,80.2298736572,27839,28061,222
13.0338802338,80.2296829224,28061,28092,31
13.0339002609,80.2298431396,28092,28314,222
13.0341501236,80.2298583984,28314,28365,51
13.0340595245,80.2298126221,28365,28718,353
13.0340900421,80.2298812866,28718,28950,232
13.0340900421,80.2298812866,28950,28961,11
13.0342798233,80.2302017212,28961,28983,22
13.0342798233,80.2302017212,28983,29029,46
13.0345802307,80.2303619385,29029,29039,10
13.0347995758,80.2302703857,29039,29060,21
13.0347995758,80.2302703857,29060,29070,10
13.0350399017,80.2302093506,29070,29080,10
13.0353298187,80.2302932739,29080,29090,10
13.0358104706,80.2304534912,29090,29100,10
13.0364704132,80.2306518555,29100,29110,10
13.0367698669,80.2307434082,29110,29121,11
13.0373001099,80.2309112549,29121,29131,10
13.0379800797,80.2311172485,29131,29141,10
13.0386800766,80.2313232422,29141,29151,10
13.0393600464,80.2315216064,29151,29162,11
13.0398797989,80.2316665649,29162,29364,202
13.0398797989,80.2316665649,29364,29374,10
13.0400495529,80.2317123413,29374,29384,10
13.0405397415,80.2318496704,29384,29394,10
13.0411901474,80.232093811,29394,29404,10
13.0420103073,80.2322616577,29404,29414,10
13.0429496765,80.2323074341,29414,29424,10
13.0438404083,80.232383728,29424,29434,10
13.0451202393,80.2325820923,29434,29465,31
13.0451202393,80.2325820923,29465,29475,10
13.0452203751,80.2325820923,29475,29485,10
13.0455999374,80.2326507568,29485,29495,10
13.0462799072,80.2327575684,29495,29505,10
13.0470895767,80.2329101563,29505,29515,10
13.0474300385,80.2329406738,29515,29525,10
13.0474596024,80.2328567505,29525,29535,10
13.0474996567,80.2327423096,29535,29545,10
13.0475301743,80.2322998047,29545,29556,11
13.0475702286,80.2317199707,29556,29566,10
13.0476198196,80.2312164307,29566,29576,10
13.0476703644,80.2307510376,29576,29586,10
13.047539711,80.2302627563,29586,29596,10
13.0471200943,80.229888916,29596,29606,10
13.0463199615,80.2297821045,29606,29616,10
13.0454301834,80.229598999,29616,29626,10
13.0447397232,80.2294387817,29626,29636,10
13.0445203781,80.2294006348,29636,29646,10
13.0440702438,80.2292785645,29646,29656,10
13.0438804626,80.2291412354,29656,29667,11
13.0439996719,80.2286682129,29667,29677,10
13.044210434,80.2279891968,29677,29687,10
13.0444202423,80.2271728516,29687,29697,10
13.0445804596,80.2266082764,29697,29707,10
13.0446395874,80.2263870239,29707,29717,10
13.0447597504,80.2259979248,29717,29727,10
13.0449895859,80.2257537842,29727,29737,10
13.0459604263,80.2259979248,29737,29758,21
13.0459604263,80.2259979248,29758,29768,10
13.0461797714,80.22605896,29768,29778,10
13.0466995239,80.2262268066,29778,29788,10
13.0468902588,80.2263183594,29788,29798,10
13.0473003387,80.2264328003,29798,29808,10
13.0478801727,80.2266235352,29808,29818,10
13.0485696793,80.2268218994,29818,29828,10
13.0493497849,80.2269363403,29828,29838,10
13.0501403809,80.2270889282,29838,29848,10
13.0507497787,80.2272186279,29848,29859,11
13.0511903763,80.2273025513,29859,29869,10
13.0518598557,80.2274398804,29869,29879,10
13.0523996353,80.2275466919,29879,29889,10
13.0530004501,80.2276763916,29889,29899,10
13.0536203384,80.227722168,29899,29908,9
13.0539398193,80.2276000977,29908,29919,11
13.0538301468,80.2272109985,29919,29960,41
13.0538301468,80.2272109985,29960,29970,10
13.0537796021,80.2269821167,29970,29980,10
13.0537204742,80.2265319824,29980,29990,10
13.0536003113,80.2257385254,29990,30000,10
13.053440094,80.2248535156,30000,30010,10
13.0533599854,80.2243804932,30010,30020,10
13.0533599854,80.224281311,30020,30030,10
13.0532903671,80.2239227295,30030,30040,10
13.053150177,80.2232971191,30040,30051,11
13.0529499054,80.2224807739,30051,30061,10
13.0527000427,80.2217025757,30061,30071,10
13.0524597168,80.2208633423,30071,30081,10
13.0521802902,80.2198028564,30081,30101,20
13.0521802902,80.2198028564,30101,30111,10
13.0521402359,80.2196731567,30111,30121,10
13.0520401001,80.2192611694,30121,30131,10
13.05189991,80.2186965942,30131,30141,10
13.051659584,80.2180709839,30141,30152,11
13.0513896942,80.2173233032,30152,30162,10
13.0511102676,80.2164916992,30162,30172,10
13.0508499146,80.2156600952,30172,30182,10
13.0506696701,80.2149581909,30182,30192,10
13.050359726,80.2147216797,30192,30202,10
13.0498895645,80.2146835327,30202,30212,10
13.0497598648,80.2146682739,30212,30222,10
13.0495901108,80.2146377563,30222,30232,10
13.0491504669,80.2145767212,30232,30242,10
13.0484600067,80.2145614624,30242,30253,11
13.0479202271,80.2145309448,30253,30263,10
13.0475597382,80.2144775391,30263,30273,10
13.0469999313,80.2145309448,30273,30283,10
13.0461902618,80.2146224976,30283,30293,10
13.045419693,80.2147369385,30293,30303,10
13.0446996689,80.2147903442,30303,30313,10
13.044549942,80.2143707275,30313,30323,10
13.0444698334,80.2136383057,30323,30333,10
13.0444202423,80.2126693726,30333,30432,99
13.0444202423,80.2126693726,30432,30442,10
13.0444698334,80.2123184204,30442,30453,11
13.045009613,80.2122573853,30453,30463,10
13.0457000732,80.2122497559,30463,30473,10
13.0465602875,80.2122268677,30473,30483,10
13.0474100113,80.2121734619,30483,30493,10
13.0483798981,80.2120437622,30493,30513,20
13.0483798981,80.2120437622,30513,30523,10
13.0486402512,80.2119979858,30523,30533,10
13.0491800308,80.2119674683,30533,30543,10
13.0496397018,80.2119293213,30543,30554,11
13.0499000549,80.2119216919,30554,30564,10
13.0502004623,80.2119598389,30564,30574,10
13.0506801605,80.2119827271,30574,30584,10
13.0511703491,80.2120285034,30584,30594,10
13.0520496368,80.2119674683,30594,30604,10
13.0529203415,80.2117767334,30604,30614,10
13.0536499023,80.2115783691,30614,30623,9
13.0540599823,80.2115020752,30623,30634,11
13.0544700623,80.2114028931,30634,30644,10
13.0549402237,80.2114028931,30644,30655,11
13.0557603836,80.21144104,30655,30664,9
13.0565395355,80.2114028931,30664,30673,9
13.0574598312,80.2113418579,30673,30694,21
13.0574598312,80.2113418579,30694,30705,11
13.0576000214,80.2113265991,30705,30714,9
13.0581302643,80.2113571167,30714,30724,10
13.0584402084,80.2113800049,30724,30735,11
13.0588598251,80.2114105225,30735,30745,10
13.0594797134,80.211479187,30745,30756,11
13.060379982,80.2115478516,30756,30766,10
13.0612897873,80.2116088867,30766,30775,9
13.0621595383,80.2116012573,30775,30786,11
13.0628795624,80.2115707397,30786,30796,10
13.0632095337,80.2114868164,30796,30806,10
13.0632095337,80.211479187,30806,30816,10
13.0632896423,80.2114715576,30816,30826,10
13.0637197495,80.2114181519,30826,30836,10
13.0642595291,80.2113876343,30836,30845,9
13.0648803711,80.2111206055,30845,30857,12
13.0657596588,80.2104721069,30857,30867,10
13.0664796829,80.2098312378,30867,30877,10
13.06690979,80.2093276978,30877,30887,10
13.0671596527,80.2089080811,30887,30897,10
13.067489624,80.208442688,30897,30907,10
13.0678796768,80.2078399658,30907,30917,10
13.0682601929,80.2072677612,30917,30927,10
13.0686903,80.2066192627,30927,30937,10
13.0690498352,80.2060623169,30937,30947,10
13.0693702698,80.2055892944,30947,30978,31
13.0693702698,80.2055892944,30978,30988,10
13.0694599152,80.205368042,30988,30998,10
13.0696401596,80.2050704956,30998,31014,16
13.0691404343,80.2051086426,31014,31148,134
13.0691404343,80.2051086426,31148,31159,11
13.0687799454,80.2052230835,31159,31209,50
13.0687799454,80.2052230835,31209,31219,10
13.0687704086,80.2050704956,31219,31229,10
13.0689001083,80.2047576904,31229,31239,10
13.0693798065,80.204750061,31239,31249,10
13.0696697235,80.2048034668,31249,31260,11
13.070019722,80.2046585083,31260,31270,10
13.070400238,80.2041473389,31270,31280,10
13.0709495544,80.2034988403,31280,31290,10
13.0715303421,80.2027816772,31290,31300,10
13.071849823,80.2023620605,31300,31310,10
13.0720701218,80.2020874023,31310,31320,10
13.0724096298,80.201789856,31320,31330,10
13.0727500916,80.2013778687,31330,31340,10
13.0729799271,80.2010574341,31340,31350,10
13.0731897354,80.2007904053,31350,31361,11
13.0734901428,80.2004623413,31361,31371,10
13.0737199783,80.2001800537,31371,31381,10
13.0739002228,80.1999588013,31381,31391,10
13.0740499496,80.1998062134,31391,31427,36
13.0740499496,80.1998062134,31427,31439,12
13.0743398666,80.1995391846,31439,31449,10
13.0744800568,80.1994628906,31449,31460,11
13.0747900009,80.1991577148,31460,31470,10
13.0753698349,80.19896698,31470,31480,10
13.075750351,80.1984405518,31480,31490,10
13.0755996704,80.1977310181,31490,31500,10
13.0753898621,80.1969833374,31500,31510,10
13.0752496719,80.1962738037,31510,31520,10
13.0750398636,80.1955718994,31520,31540,20
13.0750398636,80.1955718994,31540,31550,10
13.0749397278,80.1953582764,31550,31561,11
13.074640274,80.1949234009,31561,31571,10
13.0743198395,80.1945037842,31571,31581,10
13.0741100311,80.1940231323,31581,31591,10
13.0740499496,80.1932373047,31591,31601,10
13.0740804672,80.1923675537,31601,31611,10
13.0740804672,80.1914978027,31611,31621,10
13.0738897324,80.1908187866,31621,31631,10
13.0733995438,80.1902618408,31631,31641,10
13.0728797913,80.1895828247,31641,31651,10
13.0724697113,80.1887512207,31651,31662,11
13.0720500946,80.1878204346,31662,31672,10
13.0717697144,80.1872024536,31672,31682,10
13.0716199875,80.1868133545,31682,31692,10
13.0714902878,80.1864624023,31692,31722,30
13.0714902878,80.1864624023,31722,31732,10
13.0713996887,80.1859893799,31732,31748,16
13.0711603165,80.1851425171,31748,31760,12
13.0709400177,80.1842803955,31760,31771,11
13.0707197189,80.1835021973,31771,31781,10
13.0704298019,80.1828079224,31781,31791,10
13.0701599121,80.1822662354,31791,31801,10
13.0697803497,80.181640625,31801,31810,9
13.0695199966,80.1812591553,31810,31821,11
13.0691404343,80.1807479858,31821,31831,10
13.0687198639,80.1801834106,31831,31841,10
13.0683097839,80.1795120239,31841,31851,10
13.0676803589,80.1785583496,31851,31872,21
13.0676803589,80.1785583496,31872,31882,10
13.0676403046,80.1784667969,31882,31892,10
13.067489624,80.1780776978,31892,31902,10
13.0674200058,80.1775131226,31902,31910,8
13.0674104691,80.1768875122,31910,31922,12
13.0672798157,80.1760787964,31922,31932,10
13.0669498444,80.1754684448,31932,31942,10
13.066860199,80.1753082275,31942,31952,10
13.0663995743,80.1745529175,31952,31973,21
13.0663995743,80.1745529175,31973,31983,10
13.0662002563,80.1742401123,31983,31993,10
13.0658197403,80.1736984253,31993,32003,10
13.0653495789,80.1730728149,32003,32013,10
13.0648603439,80.1723632813,32013,32023,10
13.0645303726,80.1718902588,32023,32033,10
13.0642404556,80.1714019775,32033,32043,10
13.0640602112,80.170753479,32043,32053,10
13.0640602112,80.1700210571,32053,32064,11
13.0640897751,80.1691131592,32064,32074,10
13.0639095306,80.1682662964,32074,32084,10
13.063659668,80.1678314209,32084,32093,9
13.0632801056,80.1673736572,32093,32103,10
13.0630197525,80.1670913696,32103,32114,11
13.0629901886,80.1670684814,32114,32124,10
13.0628995895,80.1669616699,32124,32134,10
13.062669754,80.1667098999,32134,32144,10
13.0625495911,80.1665725708,32144,32154,10
13.0623502731,80.1663208008,32154,32165,11
13.0619001389,80.1658477783,32165,32175,10
13.0615196228,80.1654129028,32175,32185,10
13.0612802505,80.1647796631,32185,32215,30
13.0612401962,80.1646194458,32215,32235,20
13.0612401962,80.1646194458,32235,32245,10
13.0612001419,80.1644134521,32245,32255,10
13.0611801147,80.1642379761,32255,32266,11
13.0611801147,80.1639175415,32266,32276,10
13.0612297058,80.1636199951,32276,32286,10
13.0612297058,80.1632919312,32286,32296,10
13.0612201691,80.1628265381,32296,32306,10
13.0612297058,80.1622009277,32306,32316,10
13.0612401962,80.1614379883,32316,32326,10
13.0612602234,80.1607818604,32326,32336,10
13.0613098145,80.1599884033,32336,32346,10
13.0614500046,80.1590576172,32346,32356,10
13.0615501404,80.1580581665,32356,32367,11
13.0612802505,80.1570892334,32367,32377,10
13.060839653,80.1562728882,32377,32387,10
13.060500145,80.1553726196,32387,32397,10
13.0604696274,80.1547775269,32397,32417,20
13.0604696274,80.1547775269,32417,32427,10
13.060500145,80.1546707153,32427,32437,10
13.0605697632,80.1541519165,32437,32447,10
13.0607004166,80.1533737183,32447,32457,10
13.0608797073,80.1525192261,32457,32468,11
13.0613098145,80.1516189575,32468,32478,10
13.0617399216,80.1508331299,32478,32488,10
13.0619897842,80.1499099731,32488,32498,10
13.0619897842,80.1495895386,32498,32508,10
13.0619401932,80.1492614746,32508,32518,10
13.0619096756,80.1487808228,32518,32528,10
13.0619001389,80.1480331421,32528,32538,10
13.0618696213,80.1470870972,32538,32548,10
13.0617599487,80.1460571289,32548,32558,10
13.0616598129,80.1451721191,32558,32569,11
13.0615501404,80.1441879272,32569,32579,10
13.0614500046,80.143081665,32579,32589,10
13.0613498688,80.1418380737,32589,32605,16
13.0612401962,80.14012146,32605,32617,12
13.0611696243,80.139289856,32617,32627,10
13.06112957,80.1389770508,32627,32637,10
13.0610799789,80.138633728,32637,32758,121
13.0610799789,80.138633728,32758,32769,11
13.0614004135,80.1383285522,32769,32779,10
13.0617599487,80.1382675171,32779,32789,10
13.0623598099,80.1383590698,32789,32799,10
13.0629396439,80.1382980347,32799,32809,10
13.063079834,80.1381378174,32809,32819,10
13.0635099411,80.1381988525,32819,32829,10
13.0641002655,80.1382904053,32829,32839,10
13.0642204285,80.1378707886,32839,32849,10
13.0645599365,80.1375198364,32849,32859,10
13.0652704239,80.1376190186,32859,32870,11
13.0658302307,80.1373977661,32870,32880,10
13.0658502579,80.1367492676,32880,32890,10
13.0660600662,80.1364364624,32890,32900,10
13.0665302277,80.1364898682,32900,32910,10
13.0665903091,80.1362533569,32910,32920,10
13.0666704178,80.1358413696,32920,32930,10
13.0666999817,80.1355133057,32930,32940,10
13.0667295456,80.1348266602,32940,32950,10
13.0668201447,80.1341323853,32950,32960,10
13.0669498444,80.133430481,32960,32971,11
13.0670795441,80.1327133179,32971,32981,10
13.06731987,80.1320571899,32981,32991,10
13.0675401688,80.1312408447,32991,33001,10
13.067609787,80.1305236816,33001,33011,10
13.0675697327,80.1300735474,33011,33021,10
13.0675802231,80.1295776367,33021,33031,10
13.06772995,80.1289367676,33031,33041,10
13.0679101944,80.1281967163,33041,33051,10
13.0680904388,80.1273803711,33051,33061,10
13.0682001114,80.1268310547,33061,33070,9
13.0682497025,80.1265563965,33070,33081,11
13.0683298111,80.1259689331,33081,33092,11
13.068479538,80.125328064,33092,33162,70
13.068479538,80.125328064,33162,33173,11
13.0684995651,80.1250686646,33173,33183,10
13.0685901642,80.1246795654,33183,33193,10
13.0687503815,80.1242370605,33193,33203,10
13.0689001083,80.1241531372,33203,33213,10
13.0690898895,80.1241226196,33213,33223,10
13.0698003769,80.1241989136,33223,33253,30
13.0698003769,80.1241989136,33253,33263,10
13.0699195862,80.1240234375,33263,33284,21
13.0699195862,80.1240234375,33284,33294,10
13.0695495605,80.1240463257,33294,34377,1083
13.0695495605,80.1240463257,34377,34387,10
13.0693397522,80.1240692139,34387,34397,10
13.0692796707,80.1240768433,34397,34407,10
13.0691795349,80.1240997314,34407,34417,10
13.068980217,80.124130249,34417,34427,10
13.068810463,80.1243133545,34427,34437,10
13.0686903,80.1247787476,34437,34447,10
13.0686302185,80.1249923706,34447,34457,10
13.0685396194,80.1253585815,34457,34468,11
13.0684700012,80.1257705688,34468,34478,10
13.0683898926,80.1261291504,34478,34488,10
13.0683603287,80.1263809204,34488,34498,10
13.0683202744,80.1265716553,34498,34508,10
13.0682201385,80.1270294189,34508,34518,10
13.0681200027,80.1275405884,34518,34528,10
13.0679998398,80.1281509399,34528,34538,10
13.0678596497,80.1287307739,34538,34548,10
13.0677099228,80.1293869019,34548,34559,11
13.0676698685,80.1296005249,34559,34569,10
13.0676603317,80.1296768188,34569,34579,10
13.0676403046,80.1298980713,34579,34589,10
13.0676603317,80.1303634644,34589,34599,10
13.0676498413,80.1307983398,34599,34609,10
13.0675697327,80.131401062,34609,34619,10
13.0673799515,80.1320800781,34619,34629,10
13.0671195984,80.1327590942,34629,34639,10
13.0669898987,80.1335525513,34639,34649,10
13.066860199,80.1343078613,34649,34660,11
13.0667896271,80.1351928711,34660,34670,10
13.0667200089,80.1359634399,34670,34680,10
13.0666599274,80.1364517212,34680,34690,10
13.0663795471,80.1364974976,34690,34700,10
13.0659503937,80.1364898682,34700,34710,10
13.0659303665,80.1370391846,34710,34811,101
13.0659303665,80.1370391846,34811,34821,10
13.0658998489,80.1373825073,34821,34831,10
13.0654602051,80.1376724243,34831,34841,10
13.0647001266,80.137550354,34841,34851,10
13.0642995834,80.137802124,34851,34862,11
13.0641899109,80.1382980347,34862,34872,10
13.0636100769,80.1382293701,34872,34882,10
13.0630197525,80.1382675171,34882,34892,10
13.0628995895,80.1384429932,34892,34902,10
13.0622396469,80.138381958,34902,34912,10
13.0616397858,80.1382980347,34912,34922,10
13.0614995956,80.1383514404,34922,34932,10
13.0614099503,80.1385803223,34932,34942,10
13.0614004135,80.1387176514,34942,34958,16
13.0614004135,80.1389389038,34958,34971,13
13.0614004135,80.1397171021,34971,34981,10
13.0614299774,80.1405181885,34981,34991,10
13.0614995956,80.141456604,34991,35001,10
13.0615701675,80.1424789429,35001,35011,10
13.0616397858,80.1435623169,35011,35021,10
13.0617399216,80.1444091797,35021,35031,10
13.0618000031,80.1448974609,35031,35041,10
13.0618801117,80.1456222534,35041,35051,10
13.0619697571,80.1463623047,35051,35062,11
13.0620498657,80.1472167969,35062,35072,10
13.0620698929,80.1481018066,35072,35082,10
13.06208992,80.1491394043,35082,35092,10
13.0621099472,80.1500473022,35092,35102,10
13.0619297028,80.1507873535,35102,35112,10
13.0617103577,80.1511993408,35112,35122,10
13.0614595413,80.1517028809,35122,35132,10
13.0611696243,80.1523590088,35132,35142,10
13.0609798431,80.152961731,35142,35152,10
13.0608596802,80.1535797119,35152,35163,11
13.0607204437,80.1543731689,35163,35173,10
13.0606298447,80.1549835205,35173,35183,10
13.0606498718,80.1550827026,35183,35192,9
13.0607004166,80.1552810669,35192,35203,11
13.0608701706,80.1558990479,35203,35213,10
13.0611600876,80.1565093994,35213,35223,10
13.0614595413,80.157119751,35223,35233,10
13.0616703033,80.1579208374,35233,35243,10
13.0615797043,80.1588973999,35243,35253,10
13.0614500046,80.1598434448,35253,35264,11
13.0613698959,80.1609573364,35264,35274,10
13.061340332,80.1619491577,35274,35284,10
13.0613298416,80.1628799438,35284,35294,10
13.0613203049,80.1636962891,35294,35304,10
13.0613603592,80.1641998291,35304,35314,10
13.0613698959,80.1643676758,35314,35324,10
13.0613803864,80.1644973755,35324,35334,10
13.0614004135,80.1645431519,35334,35344,10
13.0614299774,80.1646499634,35344,35354,10
13.0615301132,80.1650695801,35354,35365,11
13.0619096756,80.1656494141,35365,35375,10
13.0623598099,80.1660919189,35375,35385,10
13.0628099442,80.1664962769,35385,35395,10
13.0631999969,80.1669692993,35395,35405,10
13.0637397766,80.1677093506,35405,35425,20
13.0637397766,80.1677093506,35425,35435,10
13.0637998581,80.1677474976,35435,35445,10
13.0639696121,80.1680908203,35445,35455,10
13.0641698837,80.1687011719,35455,35466,11
13.0642204285,80.1697311401,35466,35476,10
13.0642204285,80.1708297729,35476,35486,10
13.0646400452,80.1717987061,35486,35496,10
13.0652704239,80.172706604,35496,35506,10
13.0658197403,80.173500061,35506,35516,10
13.0663404465,80.1742782593,35516,35526,10
13.0667695999,80.174911499,35526,35536,10
13.0670099258,80.1752471924,35536,35546,10
13.0670204163,80.1752471924,35546,35556,10
13.0671701431,80.1754226685,35556,35567,11
13.0674495697,80.1759414673,35567,35577,10
13.0675802231,80.1767272949,35577,35587,10
13.0676002502,80.1774902344,35587,35597,10
13.0676202774,80.1777877808,35597,35607,10
13.0676803589,80.1780700684,35607,35617,10
13.0678901672,80.1785888672,35617,35627,10
13.0682001114,80.179107666,35627,35637,10
13.0685596466,80.1796722412,35637,35647,10
13.0689897537,80.1803283691,35647,35657,10
13.0694599152,80.1809616089,35657,35667,10
13.0699596405,80.1816482544,35667,35678,11
13.070400238,80.1823806763,35678,35688,10
13.070690155,80.1829223633,35688,35698,10
13.0709295273,80.1835708618,35698,35708,10
13.0710897446,80.1841888428,35708,35718,10
13.0712499619,80.1848220825,35718,35728,10
13.0714197159,80.1855010986,35728,35748,20
13.0714197159,80.1855010986,35748,35758,10
13.0715103149,80.1858978271,35758,35769,11
13.071680069,80.1864776611,35769,35779,10
13.0719003677,80.1870498657,35779,35789,10
13.0722103119,80.1877593994,35789,35799,10
13.072520256,80.1884384155,35799,35809,10
13.0728502274,80.1891174316,35809,35819,10
13.0732498169,80.189781189,35819,35829,10
13.0737304688,80.1903381348,35829,35839,10
13.0741596222,80.1908721924,35839,35849,10
13.0742998123,80.1912002563,35849,35859,10
13.0743398666,80.1915435791,35859,35870,11
13.0742902756,80.1921691895,35870,35880,10
13.074259758,80.1929397583,35880,35890,10
13.0742397308,80.1937408447,35890,35900,10
13.0743398666,80.1941299438,35900,35910,10
13.0744400024,80.1942977905,35910,35920,10
13.0747499466,80.1946182251,35920,35930,10
13.0751199722,80.1950073242,35930,35940,10
13.0752801895,80.1956329346,35940,35950,10
13.0753097534,80.1957626343,35950,35960,10
13.0753297806,80.1958389282,35960,35971,11
13.0754499435,80.1963577271,35971,35981,10
13.0755996704,80.1969528198,35981,35991,10
13.075799942,80.1977081299,35991,36001,10
13.0760097504,80.1984405518,36001,36011,10
13.0761995316,80.1991424561,36011,36021,10
13.0763597488,80.1998596191,36021,36031,10
13.0768003464,80.1999969482,36031,36041,10
13.0767097473,80.1993331909,36041,36051,10
13.0760402679,80.1992034912,36051,36061,10
13.0753297806,80.1993026733,36061,36072,11
13.0746202469,80.1996536255,36072,36082,10
13.0741100311,80.2000579834,36082,36092,10
13.0738401413,80.2003707886,36092,36102,10
13.0735301971,80.2007598877,36102,36112,10
13.0730895996,80.2012863159,36112,36122,10
13.072719574,80.2016983032,36122,36132,10
13.0722799301,80.2021484375,36132,36152,20
13.0722799301,80.2021484375,36152,36162,10
13.0720596313,80.2024002075,36162,36173,11
13.0715904236,80.2029418945,36173,36183,10
13.0710201263,80.2035980225,36183,36193,10
13.0703601837,80.2044067383,36193,36203,10
13.0699796677,80.2049407959,36203,36213,10
13.0696601868,80.2049102783,36213,36223,10
13.0691003799,80.2051925659,36223,36353,130
13.0691003799,80.2051925659,36353,36363,10
13.0689897537,80.2053833008,36363,36374,11
13.068570137,80.2054595947,36374,36384,10
13.0680704117,80.2054290771,36384,36435,51
13.0680704117,80.2054290771,36435,36445,10
13.0679597855,80.2051925659,36445,36455,10
13.0680398941,80.205078125,36455,36465,10
13.0682601929,80.2049636841,36465,36476,11
13.0685501099,80.2048492432,36476,36486,10
13.0687599182,80.2047805786,36486,36496,10
13.0690603256,80.2046966553,36496,36506,10
13.0694904327,80.204750061,36506,36516,10
13.0697803497,80.2048568726,36516,36526,10
13.0698204041,80.2052230835,36526,36536,10
13.0695800781,80.205619812,36536,36546,10
13.0691099167,80.2064208984,36546,36556,10
13.0686903,80.2071609497,36556,36566,10
13.068570137,80.2074203491,36566,36577,11
13.06828022,80.2078094482,36577,36587,10
13.0678796768,80.208366394,36587,36597,10
13.0675001144,80.2089385986,36597,36607,10
13.0670604706,80.2096328735,36607,36617,10
13.0664596558,80.2101898193,36617,36627,10
13.0659799576,80.210609436,36627,36637,10
13.065369606,80.2111434937,36637,36657,20
13.065369606,80.2111434937,36657,36667,10
13.0650901794,80.2112808228,36667,36678,11
13.0650396347,80.2113189697,36678,36688,10
13.0646800995,80.211479187,36688,36698,10
13.0641298294,80.2116622925,36698,36738,40
13.0641298294,80.2116622925,36738,36748,10
13.0637702942,80.2117233276,36748,36758,10
13.063249588,80.2117233276,36758,36768,10
13.0626602173,80.2117919922,36768,36779,11
13.0619096756,80.211730957,36779,36789,10
13.0609998703,80.2117004395,36789,36799,10
13.0601196289,80.2116775513,36799,36809,10
13.0592098236,80.2116699219,36809,36819,10
13.0585403442,80.2116317749,36819,36829,10
13.0580596924,80.2116165161,36829,36839,10
13.0578603745,80.2116470337,36839,36849,10
13.0577602386,80.2117004395,36849,36859,10
13.057559967,80.2116928101,36859,36869,10
13.0571498871,80.2116699219,36869,36880,11
13.0563898087,80.2116088867,36880,36890,10
13.0555496216,80.2115783691,36890,36900,10
13.0549697876,80.2115402222,36900,36910,10
13.0545396805,80.2115402222,36910,36920,10
13.0540704727,80.2116470337,36920,36930,10
13.0534200668,80.2117767334,36930,36940,10
13.0527601242,80.2119369507,36940,36950,10
13.0522203445,80.2120895386,36950,36960,10
13.0513401031,80.2121429443,36960,36981,21
13.0509004593,80.2121810913,36981,37001,20
13.0509004593,80.2121810913,37001,37011,10
13.0505399704,80.2121887207,37011,37031,20
13.0505399704,80.2121887207,37031,37041,10
13.0502300262,80.2121734619,37041,37051,10
13.0499696732,80.2122268677,37051,37061,10
13.0500497818,80.2129211426,37061,37082,21
13.0500497818,80.2129211426,37082,37092,10
13.0501003265,80.2131271362,37092,37102,10
13.050160408,80.2135772705,37102,37112,10
13.050330162,80.2141418457,37112,37122,10
13.050620079,80.2147598267,37122,37132,10
13.0507602692,80.2152481079,37132,37142,10
13.0509004593,80.2157821655,37142,37152,10
13.0511398315,80.2164611816,37152,37162,10
13.0514202118,80.2170791626,37162,37223,61
13.0514202118,80.2170791626,37223,37233,10
13.0514202118,80.2172622681,37233,37243,10
13.0515298843,80.2175674438,37243,37253,10
13.0517396927,80.2181396484,37253,37263,10
13.0520000458,80.2189407349,37263,37273,10
13.0522203445,80.2197265625,37273,37304,31
13.0522203445,80.2197265625,37304,37314,10
13.0523004532,80.2198562622,37314,37324,10
13.0523996353,80.2202682495,37324,37334,10
13.0525503159,80.2208404541,37334,37344,10
13.0526800156,80.2213516235,37344,37354,10
13.0527095795,80.2214431763,37354,37364,10
13.0528202057,80.2218399048,37364,37375,11
13.0530195236,80.2226028442,37375,37385,10
13.05327034,80.2234573364,37385,37405,20
13.05327034,80.2234573364,37405,37415,10
13.053319931,80.2235107422,37415,37425,10
13.0533800125,80.2237701416,37425,37435,10
13.053440094,80.2241363525,37435,37445,10
13.053560257,80.2247161865,37445,37455,10
13.0537099838,80.225402832,37455,37465,10
13.0538196564,80.226020813,37465,37475,10
13.0539102554,80.2266769409,37475,37486,11
13.0539503098,80.2271118164,37486,37496,10
13.0539503098,80.2272186279,37496,37506,10
13.0539798737,80.2275085449,37506,37516,10
13.0539999008,80.2277603149,37516,37526,10
13.0540399551,80.2280502319,37526,37536,10
13.0540800095,80.2285614014,37536,37546,10
13.0541095734,80.2291030884,37546,37556,10
13.0541601181,80.2297363281,37556,37566,10
13.0541496277,80.2303314209,37566,37576,10
13.0541400909,80.2305908203,37576,37587,11
13.0538797379,80.2306137085,37587,37597,10
13.0535001755,80.2305908203,37597,37607,10
13.0521001816,80.2304000854,37607,37635,28
13.0521001816,80.2304000854,37635,37643,8
13.0518703461,80.2303390503,37643,37655,12
13.0515003204,80.2302474976,37655,37665,10
13.0509500504,80.2301635742,37665,37675,10
13.050330162,80.2300872803,37675,37686,11
13.0496397018,80.2300567627,37686,37696,10
13.0489597321,80.2300872803,37696,37706,10
13.0482997894,80.2300796509,37706,37716,10
13.0476999283,80.2307815552,37716,37726,10
13.0476999283,80.2307815552,37726,37736,10
13.0475997925,80.2315216064,37736,37746,10
13.0474996567,80.2323074341,37746,37756,10
13.0474300385,80.2328720093,37756,37766,10
13.0477304459,80.2330627441,37766,37776,10
13.0482797623,80.2331771851,37776,37787,11
13.048740387,80.2332687378,37787,37797,10
13.0491600037,80.2333984375,37797,37808,11
13.0495996475,80.2335205078,37808,37818,10
13.0500097275,80.2336120605,37818,37827,9
13.0503501892,80.2336425781,37827,37839,12
13.0505199432,80.2336883545,37839,37849,10
13.0508298874,80.233757019,37849,37859,10
13.0513896942,80.2338562012,37859,37869,10
13.0520200729,80.2339935303,37869,37880,11
13.0528497696,80.2342300415,37880,37890,10
13.0534896851,80.2344207764,37890,37900,10
13.0537500381,80.2346191406,37900,37910,10
13.0536804199,80.2351379395,37910,37920,10
13.0536804199,80.2351989746,37920,37930,10
13.0538196564,80.2352905273,37930,37940,10
13.0540895462,80.2352981567,37940,37950,10
13.0542802811,80.2352371216,37950,37960,10
13.0546503067,80.2352523804,37960,37970,10
13.0553398132,80.2352905273,37970,37980,10
13.0558099747,80.2353210449,37980,37990,10
13.0559902191,80.2352371216,37990,38001,11
13.0560398102,80.2349014282,38001,38011,10
13.0558996201,80.2347106934,38011,38021,10
13.0554199219,80.2347183228,38021,38031,10
13.0548601151,80.2347335815,38031,38041,10
13.0542802811,80.2347183228,38041,38051,10
13.0537204742,80.2346725464,38051,38061,10
13.0532102585,80.2344970703,38061,38071,10
13.0525398254,80.2342834473,38071,38082,11
13.0517396927,80.234046936,38082,38092,10
13.0510196686,80.2338485718,38092,38102,10
13.0508298874,80.2340393066,38102,38112,10
13.0507602692,80.2345809937,38112,38122,10
13.0506401062,80.2351837158,38122,38132,10
13.0505199432,80.2358474731,38132,38142,10
13.0504102707,80.2364807129,38142,38152,10
13.0502796173,80.2371826172,38152,38162,10
13.050160408,80.2378005981,38162,38172,10
13.0501203537,80.2381820679,38172,38183,11
13.0499801636,80.238822937,38183,38193,10
13.0498800278,80.239112854,38193,38203,10
13.0495996475,80.2390670776,38203,38213,10
13.0491399765,80.2389984131,38213,38223,10
13.0486497879,80.2388687134,38223,38233,10
13.0480899811,80.2387313843,38233,38243,10
13.0474596024,80.2385635376,38243,38252,9
13.047249794,80.2384872437,38252,38263,11
13.0469198227,80.2384185791,38263,38273,10
13.0466003418,80.238319397,38273,38284,11
13.0465402603,80.2381362915,38284,38294,10
13.0466499329,80.237701416,38294,38304,10
13.0467596054,80.2369689941,38304,38314,10
13.0468902588,80.2363128662,38314,38324,10
13.0469303131,80.2359771729,38324,38334,10
13.0469703674,80.2357788086,38334,38344,10
13.0470104218,80.2355804443,38344,38354,10
13.0471000671,80.2351303101,38354,38364,10
13.0472002029,80.2343902588,38364,38374,10
13.0472698212,80.2336578369,38374,38386,12
13.0472698212,80.2330932617,38386,38396,10
13.0469102859,80.2330169678,38396,38406,10
13.0461702347,80.2329025269,38406,38416,10
13.0456104279,80.2327575684,38416,38426,10
13.0452404022,80.2326812744,38426,38436,10
13.0452299118,80.2326812744,38436,38446,10
13.0450000763,80.2326507568,38446,38456,10
13.0446195602,80.2325668335,38456,38466,10
13.0439596176,80.232421875,38466,38476,10
13.0432395935,80.232383728,38476,38487,11
13.0424404144,80.2323303223,38487,38497,10
13.0416498184,80.2322463989,38497,38507,10
13.0408802032,80.2320632935,38507,38517,10
13.0401201248,80.2317810059,38517,38527,10
13.039349556,80.2315597534,38527,38537,10
13.038649559,80.2313766479,38537,38547,10
13.0379400253,80.2311630249,38547,38557,10
13.0372800827,80.2309417725,38557,38567,10
13.0368404388,80.2308120728,38567,38577,10
13.0365200043,80.2306900024,38577,38588,11
13.0358600616,80.2304611206,38588,38598,10
13.0352802277,80.2303009033,38598,38608,10
13.0349798203,80.2301635742,38608,38618,10
13.0346899033,80.2300415039,38618,38689,71
13.0345697403,80.2300796509,38689,39487,798
13.0342597961,80.2301330566,39487,39618,131
13.0342597961,80.2301330566,39618,39628,10
13.0342998505,80.2303771973,39628,39637,9
13.0344600677,80.2303771973,39637,39647,10
13.0347204208,80.2302780151,39647,39658,11
13.0349197388,80.2302474976,39658,39739,81
13.0349197388,80.2302474976,39739,39749,10
13.0350799561,80.2302474976,39749,39759,10
13.0353803635,80.2303085327,39759,39769,10
13.035900116,80.23046875,39769,39779,10
13.0364398956,80.2305984497,39779,39790,11
13.0367698669,80.2306976318,39790,39800,10
13.0373296738,80.2308807373,39800,39810,10
13.0381298065,80.2310714722,39810,39820,10
13.0388498306,80.231300354,39820,39830,10
13.0395298004,80.2314987183,39830,39840,10
13.0402402878,80.2316665649,39840,39850,10
13.0410003662,80.2319335938,39850,39860,10
13.0417995453,80.2321395874,39860,39870,10
13.0425701141,80.2322463989,39870,39880,10
13.0433397293,80.2323074341,39880,39891,11
13.044210434,80.2323989868,39891,39901,10
13.0447797775,80.2325134277,39901,39911,10
13.0450401306,80.2325210571,39911,39921,10
13.0451097488,80.2325592041,39921,39931,10
13.0455303192,80.2326202393,39931,39941,10
13.0461702347,80.2327270508,39941,39951,10
13.0469999313,80.2329025269,39951,39971,20
13.0469999313,80.2329025269,39971,39981,10
13.0472202301,80.2329788208,39981,39992,11
13.0473804474,80.2329711914,39992,40002,10
13.0474500656,80.2326126099,40002,40012,10
13.0475301743,80.232093811,40012,40022,10
13.0475902557,80.2314910889,40022,40032,10
13.0476398468,80.2309036255,40032,40042,10
13.0476398468,80.2304077148,40042,40052,10
13.0473403931,80.2299804688,40052,40062,10
13.0467700958,80.2298431396,40062,40072,10
13.046090126,80.2297363281,40072,40082,10
13.045419693,80.2296066284,40082,40093,11
13.0448703766,80.2295227051,40093,40103,10
13.0445804596,80.2294769287,40103,40113,10
13.0442495346,80.2294006348,40113,40122,9
13.0439195633,80.2293167114,40122,40133,11
13.0438995361,80.2290420532,40133,40143,10
13.0440597534,80.2284088135,40143,40153,10
13.044260025,80.227722168,40153,40163,10
13.0444698334,80.2269897461,40163,40173,10
13.0445995331,80.2265014648,40173,40183,10
13.0447101593,80.2261886597,40183,40194,11
13.0448999405,80.225769043,40194,40204,10
13.0452699661,80.2257995605,40204,40214,10
13.0458402634,80.2259368896,40214,40224,10
13.0459604263,80.2259521484,40224,40234,10
13.0464096069,80.2260971069,40234,40244,10
13.0466499329,80.2261734009,40244,40254,10
13.0468902588,80.2262573242,40254,40264,10
13.0473604202,80.2263870239,40264,40274,10
13.0478496552,80.2265472412,40274,40284,10
13.0483198166,80.2266921997,40284,40295,11
13.0489997864,80.226890564,40295,40305,10
13.0497303009,80.2269668579,40305,40315,10
13.050330162,80.2270584106,40315,40325,10
13.0507097244,80.227142334,40325,40334,9
13.0509700775,80.2271499634,40334,40344,10
13.0515604019,80.2272796631,40344,40355,11
13.052189827,80.2274017334,40355,40365,10
13.0526895523,80.2275085449,40365,40375,10
13.0533504486,80.2276611328,40375,40385,10
13.053850174,80.2276763916,40385,40396,11
13.0538396835,80.2271575928,40396,40406,10
13.0538396835,80.2270889282,40406,40416,10
13.0538797379,80.2269668579,40416,40426,10
13.0537996292,80.2266235352,40426,40436,10
13.0536899567,80.2259674072,40436,40446,10
13.053560257,80.2252120972,40446,40456,10
13.0534200668,80.2247467041,40456,40476,20
13.0534200668,80.2247467041,40476,40486,10
13.0533800125,80.2245330811,40486,40497,11
13.0533103943,80.2240600586,40497,40507,10
13.0531797409,80.2234802246,40507,40517,10
13.0530395508,80.2227935791,40517,40527,10
13.0528297424,80.2220916748,40527,40537,10
13.0526103973,80.2213821411,40537,40547,10
13.0524501801,80.2206497192,40547,40557,10
13.0522603989,80.2200012207,40557,40567,10
13.0522003174,80.2198867798,40567,40577,10
13.0521202087,80.2197113037,40577,40587,10
13.052069664,80.2193222046,40587,40598,11
13.0518598557,80.218536377,40598,40608,10
13.0515499115,80.2177886963,40608,40618,10
13.0513601303,80.2172470093,40618,40628,10
13.0511598587,80.2166671753,40628,40638,10
13.0509500504,80.2159805298,40638,40648,10
13.0507602692,80.2152175903,40648,40658,10
13.0505504608,80.2147216797,40658,40668,10
13.0501899719,80.2147064209,40668,40678,10
13.0497703552,80.2146835327,40678,40688,10
13.0497303009,80.2146835327,40688,40699,11
13.049489975,80.2146606445,40699,40709,10
13.049079895,80.2145996094,40709,40719,10
13.0486497879,80.2145614624,40719,40729,10
13.0481300354,80.2145309448,40729,40739,10
13.0477895737,80.2144699097,40739,40749,10
13.0473499298,80.2144393921,40749,40759,10
13.0465602875,80.2145462036,40759,40769,10
13.0456495285,80.2146835327,40769,40779,10
13.0447998047,80.2147827148,40779,40789,10
13.0445098877,80.214630127,40789,40800,11
13.0444803238,80.2140426636,40800,40810,10
13.0444097519,80.2129974365,40810,40840,30
13.0444097519,80.2129974365,40840,40850,10
13.0444097519,80.2125015259,40850,40860,10
13.044670105,80.2123031616,40860,40870,10
13.04529953,80.2123031616,40870,40880,10
13.0461101532,80.2122802734,40880,40890,10
13.0468902588,80.2122421265,40890,40901,11
13.047750473,80.2121429443,40901,40911,10
13.0484399796,80.212059021,40911,40941,30
13.0484399796,80.212059021,40941,40951,10
13.0487804413,80.2120285034,40951,40961,10
13.0493202209,80.2119827271,40961,40971,10
13.0496797562,80.2119598389,40971,41012,41
13.0496797562,80.2119598389,41012,41022,10
13.0498600006,80.2119598389,41022,41032,10
13.0500001907,80.2119522095,41032,41042,10
13.0502796173,80.2119827271,41042,41052,10
13.0506801605,80.2120132446,41052,41062,10
13.0512695313,80.2120513916,41062,41072,10
13.0519895554,80.2119903564,41072,41082,10
13.0526599884,80.2118682861,41082,41092,10
13.0534496307,80.2116622925,41092,41103,11
13.0542697906,80.2115097046,41103,41113,10
13.0548696518,80.21144104,41113,41123,10
13.0556497574,80.2114334106,41123,41133,10
13.0565004349,80.2114334106,41133,41143,10
13.0572299957,80.2114181519,41143,41153,10
13.0574903488,80.2114028931,41153,41163,10
13.0577802658,80.2113723755,41163,41173,10
13.0584001541,80.2114028931,41173,41183,10
13.0591802597,80.211479187,41183,41193,10
13.0600500107,80.2115402222,41193,41204,11
13.061050415,80.2116012573,41204,41214,10
13.0618896484,80.2116394043,41214,41224,10
13.0627202988,80.2116012573,41224,41234,10
13.0631904602,80.211517334,41234,41244,10
13.0633096695,80.211479187,41244,41254,10
13.0636196136,80.2114715576,41254,41264,10
13.0636796951,80.2114715576,41264,41274,10
13.0639200211,80.2114562988,41274,41284,10
13.0644302368,80.2113800049,41284,41300,16
13.0654697418,80.2106933594,41300,41313,13
13.0663604736,80.2099761963,41313,41323,10
13.0669298172,80.2094421387,41323,41333,10
13.0673704147,80.2087478638,41333,41343,10
13.0677900314,80.2080993652,41343,41353,10
13.0683002472,80.2073822021,41353,41363,10
13.0687704086,80.2066116333,41363,41371,8
13.0691299438,80.2060394287,41371,41383,12
13.0694904327,80.2053833008,41383,41393,10
13.0696697235,80.2049102783,41393,41403,10
13.0693397522,80.2048568726,41403,41414,11
13.0690603256,80.2051925659,41414,41424,10
13.0687799454,80.2053985596,41424,41434,10
13.0680999756,80.2054214478,41434,41474,40
13.0680103302,80.2054290771,41474,41605,131
13.0680799484,80.2050094604,41605,41646,41
13.0680799484,80.2050094604,41646,41656,10
13.0682897568,80.2049789429,41656,41666,10
13.0683403015,80.2049636841,41666,41676,10
13.0684700012,80.2049026489,41676,41686,10
13.068810463,80.2048034668,41686,41696,10
13.0692300797,80.2047424316,41696,41707,11
13.0696001053,80.2048034668,41707,41727,20
13.0696001053,80.2048034668,41727,41737,10
13.0697498322,80.2048797607,41737,41747,10
13.0697803497,80.2052764893,41747,41757,10
13.0693998337,80.2058486938,41757,41767,10
13.0689697266,80.2065505981,41767,41777,10
13.0684995651,80.2073135376,41777,41787,10
13.0680398941,80.2080688477,41787,41797,10
13.0676002502,80.208770752,41797,41807,10
13.0670995712,80.2095184326,41807,41818,11
13.0664196014,80.2102203369,41818,41828,10
13.0657901764,80.2107620239,41828,41838,10
13.0652503967,80.2111816406,41838,41848,10
13.0651302338,80.2112808228,41848,41858,10
13.0649995804,80.2113189697,41858,41868,10
13.0645198822,80.2115402222,41868,41878,10
13.0637998581,80.2117004395,41878,41898,20
13.0637998581,80.2117004395,41898,41908,10
13.0636701584,80.211769104,41908,41919,11
13.0632095337,80.211769104,41919,41929,10
13.0624303818,80.211807251,41929,41939,10
13.06153965,80.2118301392,41939,41949,10
13.0605401993,80.2117462158,41949,41958,9
13.059709549,80.2117233276,41958,41969,11
13.0589704514,80.2116775513,41969,41979,10
13.0583000183,80.2116470337,41979,41989,10
13.0577602386,80.2116394043,41989,41999,10
13.05768013,80.2116088867,41999,42009,10
13.0573196411,80.2116088867,42009,42020,11
13.0565595627,80.2116012573,42020,42030,10
13.055680275,80.2116012573,42030,42040,10
13.0548801422,80.2115936279,42040,42050,10
13.0540895462,80.2116928101,42050,42060,10
13.0532999039,80.2118835449,42060,42070,10
13.0525903702,80.2120819092,42070,42080,10
13.0520200729,80.2122192383,42080,42090,10
13.0514802933,80.2122268677,42090,42100,10
13.0511598587,80.2121887207,42100,42110,10
13.0510396957,80.2121734619,42110,42121,11
13.050620079,80.2121810913,42121,42131,10
13.0500402451,80.2122497559,42131,42141,10
13.0500802994,80.2129821777,42141,42161,20
13.0500802994,80.2129821777,42161,42171,10
13.0500497818,80.2131195068,42171,42181,10
13.0501098633,80.2135162354,42181,42191,10
13.0502595901,80.2139587402,42191,42201,10
13.0504999161,80.2145080566,42201,42211,10
13.0506696701,80.2149200439,42211,42222,11
13.050740242,80.2152328491,42222,42232,10
13.050860405,80.2156295776,42232,42242,10
13.0509796143,80.2160797119,42242,42252,10
13.0512599945,80.2166137695,42252,42262,10
13.0514297485,80.2170562744,42262,42272,10
13.0515403748,80.2174377441,42272,42282,10
13.0517597198,80.2180175781,42282,42292,10
13.0520200729,80.2187805176,42292,42302,10
13.0522203445,80.2196426392,42302,42333,31
13.0522203445,80.2196426392,42333,42343,10
13.052280426,80.2198486328,42343,42353,10
13.0523300171,80.2201004028,42353,42363,10
13.0524702072,80.2205734253,42363,42373,10
13.0526304245,80.221206665,42373,42383,10
13.0527000427,80.2214279175,42383,42393,10
13.0527601242,80.2216186523,42393,42403,10
13.0529003143,80.2221603394,42403,42413,10
13.0530595779,80.2227325439,42413,42424,11
13.0531196594,80.2228775024,42424,42434,10
13.0532102585,80.2231674194,42434,42444,10
13.0532903671,80.2235870361,42444,42454,10
13.0534000397,80.224067688,42454,42464,10
13.0535001755,80.2246398926,42464,42474,10
13.0536298752,80.2252731323,42474,42484,10
13.0537395477,80.2258605957,42484,42494,10
13.053850174,80.2263793945,42494,42504,10
13.0539102554,80.2267990112,42504,42514,10
13.0539197922,80.2270507813,42514,42525,11
13.0539302826,80.2271499634,42525,42535,10
13.0539398193,80.2274398804,42535,42545,10
13.0539503098,80.227722168,42545,42555,10
13.0539798737,80.2280197144,42555,42565,10
13.0539999008,80.2283172607,42565,42575,10
13.0540800095,80.2288208008,42575,42585,10
13.0541496277,80.2293930054,42585,42595,10
13.0541601181,80.2299423218,42595,42611,16
13.0541601181,80.2305603027,42611,42624,13
13.053899765,80.2306365967,42624,42634,10
13.0534601212,80.2305908203,42634,42644,10
13.0528202057,80.2304992676,42644,42654,10
13.0523195267,80.2304534912,42654,42664,10
13.0521602631,80.2304229736,42664,42674,10
13.0520000458,80.2304077148,42674,42684,10
13.0518798828,80.2303466797,42684,42694,10
13.0514001846,80.2302703857,42694,42704,10
13.0508003235,80.2302017212,42704,42714,10
13.0501003265,80.2301101685,42714,42725,11
13.0492801666,80.2301177979,42725,42735,10
13.048500061,80.2301025391,42735,42745,10
13.0479803085,80.2302627563,42745,42755,10
13.0476999283,80.2307662964,42755,42765,10
13.0476102829,80.2314224243,42765,42775,10
13.0475196838,80.2320632935,42775,42785,10
13.0474500656,80.2326431274,42785,42795,10
13.0475101471,80.2330322266,42795,42805,10
13.0478401184,80.2331008911,42805,42827,22
13.0491199493,80.2332992554,42827,42840,13
13.0498600006,80.2335510254,42840,42850,10
13.0502796173,80.2336502075,42850,42859,9
13.0505695343,80.2337036133,42859,42870,11
13.0509595871,80.2338027954,42870,42880,10
13.0515403748,80.2339172363,42880,42890,10
13.0520296097,80.2340621948,42890,42900,10
13.0527696609,80.2342529297,42900,42910,10
13.0533800125,80.2344284058,42910,42920,10
13.0537395477,80.2345275879,42920,42930,10
13.0537595749,80.2348327637,42930,42941,11
13.0536804199,80.2351837158,42941,42951,10
13.0537004471,80.2352600098,42951,42961,10
13.0539798737,80.2352981567,42961,42971,10
13.0542201996,80.2353210449,42971,42981,10
13.0546302795,80.2353210449,42981,42991,10
13.0552501678,80.2353210449,42991,43000,9
13.0558395386,80.2353591919,43000,43011,11
13.0559997559,80.2353210449,43011,43022,11
13.0560398102,80.2349090576,43022,43031,9
13.0558395386,80.2348098755,43031,43042,11
13.0551595688,80.2348022461,43042,43052,10
13.054599762,80.2347793579,43052,43062,10
13.054189682,80.2347488403,43062,43072,10
13.053850174,80.2346878052,43072,43082,10
13.0533895493,80.2345275879,43082,43092,10
13.0528202057,80.2343521118,43092,43102,10
13.0522699356,80.2341918945,43102,43112,10
13.0516996384,80.2340164185,43112,43123,11
13.0510902405,80.2338790894,43123,43133,10
13.0508804321,80.23412323,43133,43143,10
13.0507497787,80.2347183228,43143,43153,10
13.050620079,80.2354736328,43153,43163,10
13.0505199432,80.2360610962,43163,43173,10
13.0503797531,80.2367401123,43173,43183,10
13.0502796173,80.2374191284,43183,43193,10
13.0502004623,80.2378234863,43193,43203,10
13.0501403809,80.2381896973,43203,43213,10
13.0500802994,80.2383728027,43213,43224,11
13.0499200821,80.2388381958,43224,43234,10
13.0498800278,80.2390289307,43234,43244,10
13.0495595932,80.2390365601,43244,43254,10
13.049079895,80.2389373779,43254,43264,10
13.0485801697,80.2388381958,43264,43274,10
13.0479898453,80.2386703491,43274,43284,10
13.0475597382,80.2385787964,43284,43294,10
13.0473403931,80.2385406494,43294,43304,10
13.0469999313,80.2384796143,43304,43314,10
13.0468997955,80.2384567261,43314,43325,11
13.0466499329,80.2381820679,43325,43335,10
13.0468301773,80.2371063232,43335,43345,10
13.0468301773,80.2371063232,43345,43355,10
13.0469102859,80.2366027832,43355,43365,10
13.0470104218,80.2361679077,43365,43375,10
13.0470600128,80.2359008789,43375,43385,10
13.0470399857,80.2356491089,43385,43395,10
13.0471200943,80.2350921631,43395,43406,11
13.0471897125,80.234161377,43406,43418,12
13.0473604202,80.2333526611,43418,43429,11
13.0472898483,80.2330703735,43429,43439,10
13.0469999313,80.233039856,43439,43449,10
13.0462999344,80.2329330444,43449,43459,10
13.0456695557,80.2327575684,43459,43469,10
13.0454902649,80.2326889038,43469,43479,10
13.0453996658,80.232673645,43479,43489,10
13.0451498032,80.2326431274,43489,43499,10
13.0448999405,80.2325973511,43499,43509,10
13.044260025,80.232460022,43509,43519,10
13.0434904099,80.2323684692,43519,43530,11
13.042719841,80.2323608398,43530,43540,10
13.0419597626,80.2323303223,43540,43550,10
13.0410900116,80.2321395874,43550,43560,10
13.0402202606,80.2318191528,43560,43570,10
13.0394096375,80.2315979004,43570,43580,10
13.0386600494,80.2313766479,43580,43590,10
13.0379600525,80.2311706543,43590,43600,10
13.0373096466,80.2309570313,43600,43610,10
13.0369195938,80.2308502197,43610,43620,10
13.0366401672,80.2307434082,43620,43631,11
13.0355997086,80.2304229736,43631,43691,60
13.0355997086,80.2304229736,43691,43701,10
13.035369873,80.2302703857,43701,43711,10
13.0351200104,80.2302627563,43711,43721,10
13.0350704193,80.2300796509,43721,43732,11
13.0350799561,80.2300262451,43732,43742,10
13.0347995758,80.2298812866,43742,43752,10
13.0343198776,80.2298583984,43752,43772,20
13.0343198776,80.2298583984,43772,43782,10
13.0341701508,80.2299575806,43782,43792,10
13.0339202881,80.2298431396,43792,43802,10
13.0335798264,80.2298583984,43802,43812,10
13.0334396362,80.2301025391,43812,43863,51
13.0336999893,80.2300109863,43863,43923,60
13.0336999893,80.2300109863,43923,43934,11
13.0337600708,80.2298278809,43934,46298,2364
13.0338001251,80.2298583984,46298,46419,121
13.0338401794,80.2298736572,46419,46723,304
13.0340595245,80.2297363281,46723,46753,30
13.0340299606,80.2296524048,46753,47611,858
13.0340204239,80.2297515869,47611,47965,354
13.0339603424,80.2298431396,47965,48187,222
13.0339202881,80.2298278809,48187,48521,334
13.0339603424,80.2297210693,48521,48581,60
13.0339603424,80.2297210693,48581,48591,10
13.0334997177,80.2297515869,48591,49106,515
13.0334997177,80.2297515869,49106,49117,11
13.0333003998,80.2298583984,49117,49187,70
13.0333795547,80.2298583984,49187,49531,344
13.0334796906,80.2301101685,49531,49773,242
13.0334396362,80.2298202515,49773,50612,839
13.0334997177,80.2300186157,50612,50692,80
13.0334997177,80.2300186157,50692,50702,10
13.0334997177,80.2299423218,50702,50864,162
13.0334196091,80.2296676636,50864,51450,586
13.0335798264,80.2299575806,51450,52066,616
13.0333499908,80.2296600342,52066,52331,265
13.033539772,80.2299804688,52331,54805,2474
13.033539772,80.2299804688,54805,54815,10
13.0337600708,80.2299423218,54815,55502,687
13.034119606,80.2298583984,55502,55613,111
13.034119606,80.2298583984,55613,55623,10
13.0342302322,80.2302093506,55623,55634,11
13.0342102051,80.2303009033,55634,55644,10
13.0342702866,80.2303771973,55644,55654,10
13.0344696045,80.2303314209,55654,55714,60
13.0344696045,80.2303314209,55714,55724,10
13.0351400375,80.2302932739,55724,55735,11
13.0351400375,80.2302932739,55735,55745,10
13.0352296829,80.2303009033,55745,55755,10
13.0355701447,80.2303771973,55755,55765,10
13.03647995,80.2306518555,55765,55785,20
13.03647995,80.2306518555,55785,55795,10
13.0371999741,80.2308502197,55795,55806,11
13.037899971,80.2311019897,55806,55816,10
13.0388898849,80.2313766479,55816,55826,10
13.0396203995,80.2316818237,55826,55837,11
13.0403995514,80.2318191528,55837,55847,10
13.0411195755,80.2320785522,55847,55857,10
13.0419101715,80.2322387695,55857,55867,10
13.042719841,80.2322769165,55867,55877,10
13.0434598923,80.2323226929,55877,55887,10
13.0441904068,80.232460022,55887,55897,10
13.0449104309,80.2325210571,55897,55917,20
13.0449104309,80.2325210571,55917,55927,10
13.0451898575,80.2325592041,55927,55938,11
13.0457897186,80.2326889038,55938,55948,10
13.0464200974,80.2328186035,55948,55958,10
13.0471401215,80.2329788208,55958,55978,20
13.0471401215,80.2329788208,55978,55988,10
13.0473604202,80.2329330444,55988,55998,10
13.0474500656,80.2325363159,55998,56008,10
13.0475196838,80.2320022583,56008,56018,10
13.0475902557,80.2314224243,56018,56028,10
13.0476503372,80.2308273315,56028,56039,11
13.0474996567,80.2302322388,56039,56049,10
13.0470600128,80.229888916,56049,56059,10
13.0462999344,80.2297821045,56059,56069,10
13.0455503464,80.229637146,56069,56079,10
13.0448999405,80.2295227051,56079,56089,10
13.0445699692,80.2294692993,56089,56099,10
13.0442495346,80.2294006348,56099,56109,10
13.0439500809,80.2293167114,56109,56119,10
13.0439395905,80.2291107178,56119,56129,10
13.0440301895,80.2285919189,56129,56146,17
13.0442695618,80.2275085449,56146,56158,12
13.0444402695,80.2267074585,56158,56168,10
13.0445804596,80.2264328003,56168,56178,10
13.0447101593,80.2260437012,56178,56188,10
13.0448999405,80.2257385254,56188,56198,10
13.0453195572,80.2257614136,56198,56207,9
13.04570961,80.2258529663,56207,56218,11
13.0458498001,80.2258987427,56218,56228,10
13.0462503433,80.2260513306,56228,56239,11
13.0466499329,80.2261734009,56239,56249,10
13.0468597412,80.2262573242,56249,56259,10
13.0473403931,80.2264709473,56259,56269,10
13.0478601456,80.2266235352,56269,56279,10
13.0483703613,80.2267227173,56279,56289,10
13.0489597321,80.2267837524,56289,56299,10
13.0496397018,80.226852417,56299,56309,10
13.0502796173,80.2270202637,56309,56319,10
13.0508804321,80.2272186279,56319,56329,10
13.0513601303,80.2273712158,56329,56340,11
13.0519800186,80.2274398804,56340,56350,10
13.052359581,80.2275314331,56350,56360,10
13.0528697968,80.2276687622,56360,56370,10
13.0534696579,80.2278137207,56370,56380,10
13.053850174,80.2276916504,56380,56390,10
13.0538196564,80.2272567749,56390,56400,10
13.0538101196,80.227180481,56400,56410,10
13.053850174,80.2270431519,56410,56420,10
13.0538101196,80.2266235352,56420,56430,10
13.0537004471,80.2259902954,56430,56441,11
13.0535297394,80.2250823975,56441,56451,10
13.0534000397,80.2244262695,56451,56461,10
13.053319931,80.2238464355,56461,56471,10
13.0532102585,80.2232971191,56471,56481,10
13.0530796051,80.2227935791,56481,56491,10
13.0529203415,80.2222518921,56491,56501,10
13.0527601242,80.2217483521,56501,56511,10
13.0525197983,80.220916748,56511,56531,20
13.0525197983,80.220916748,56531,56542,11
13.0524902344,80.2206268311,56542,56552,10
13.0524196625,80.2204437256,56552,56562,10
13.0522403717,80.2198410034,56562,56582,20
13.0522403717,80.2198410034,56582,56592,10
13.0521802902,80.2197036743,56592,56602,10
13.0520801544,80.2193832397,56602,56612,10
13.0520296097,80.2192001343,56612,56622,10
13.0519199371,80.21875,56622,56632,10
13.0517101288,80.2181930542,56632,56643,11
13.05148983,80.2175674438,56643,56653,10
13.0512399673,80.2168731689,56653,56663,10
13.0510396957,80.216178894,56663,56673,10
13.0508699417,80.2154769897,56673,56683,10
13.0507001877,80.2149276733,56683,56693,10
13.0502595901,80.2147598267,56693,56703,10
13.0497598648,80.2147369385,56703,56713,10
13.0496797562,80.2147598267,56713,56723,10
13.0493001938,80.2146987915,56723,56733,10
13.0486803055,80.214630127,56733,56750,17
13.0477600098,80.2145233154,56750,56762,12
13.0472698212,80.2144927979,56762,56772,10
13.0466003418,80.2145385742,56772,56782,10
13.0458402634,80.2146606445,56782,56792,10
13.0451602936,80.2147521973,56792,56802,10
13.0445699692,80.2147674561,56802,56812,10
13.0445404053,80.2145385742,56812,56822,10
13.0444898605,80.2140197754,56822,56832,10
13.0444602966,80.2131576538,56832,56863,31
13.0444602966,80.2131576538,56863,56872,9
13.0444002151,80.2128601074,56872,56883,11
13.0444097519,80.2125473022,56883,56893,10
13.0447301865,80.2123413086,56893,56903,10
13.0453195572,80.2123031616,56903,56913,10
13.0460395813,80.2122421265,56913,56923,10
13.0466604233,80.2121963501,56923,56933,10
13.0473804474,80.2121429443,56933,56944,11
13.0481796265,80.2120513916,56944,56954,10
13.0484800339,80.212020874,56954,56964,10
13.048620224,80.2119827271,56964,56974,10
13.0490999222,80.2119293213,56974,56984,10
13.0496397018,80.2119064331,56984,56994,10
13.0499200821,80.2119216919,56994,57050,56
13.0528697968,80.2117767334,57050,57063,13
13.0538301468,80.2115402222,57063,57073,10
13.0541496277,80.2114486694,57073,57083,10
13.0542898178,80.21144104,57083,57093,10
13.054889679,80.2114181519,57093,57103,10
13.0557003021,80.2114028931,57103,57113,10
13.0565500259,80.2114028931,57113,57123,10
13.057299614,80.2113723755,57123,57133,10
13.0574798584,80.2113723755,57133,57143,10
13.0575799942,80.2113876343,57143,57153,10
13.0579996109,80.2114105225,57153,57164,11
13.0587596893,80.2114562988,57164,57174,10
13.0595197678,80.2115020752,57174,57184,10
13.060259819,80.2115402222,57184,57194,10
13.0610904694,80.2115707397,57194,57204,10
13.061920166,80.2116165161,57204,57214,10
13.0627002716,80.2116012573,57214,57223,9
13.0631999969,80.211517334,57223,57233,10
13.0632200241,80.2115097046,57233,57244,11
13.063369751,80.2115020752,57244,57255,11
13.06387043,80.2114868164,57255,57265,10
13.0645599365,80.2113189697,57265,57275,10
13.0653600693,80.2108535767,57275,57285,10
13.0659999847,80.2101974487,57285,57295,10
13.0667600632,80.2096176147,57295,57305,10
13.0672197342,80.2088775635,57305,57315,10
13.0676898956,80.2081298828,57315,57325,10
13.0680999756,80.2075424194,57325,57335,10
13.0686903,80.2066574097,57335,57345,10
13.0691699982,80.205947876,57345,57356,11
13.0695400238,80.2053070068,57356,57366,10
13.0696401596,80.2049026489,57366,57376,10
13.0693798065,80.2048110962,57376,57386,10
13.0692396164,80.205078125,57386,57396,10
13.0689201355,80.2054367065,57396,57406,10
13.0684995651,80.2054672241,57406,57416,10
13.0680198669,80.205406189,57416,57578,162
13.0680198669,80.205406189,57578,57588,10
13.0679597855,80.205116272,57588,57598,10
13.0681200027,80.2050628662,57598,57608,10
13.0684099197,80.2049865723,57608,57618,10
13.0686798096,80.2048492432,57618,57628,10
13.069029808,80.204750061,57628,57638,10
13.069270134,80.2047576904,57638,57647,9
13.069439888,80.2048034668,57647,57659,12
13.0696897507,80.2048721313,57659,57669,10
13.0697803497,80.2052688599,57669,57679,10
13.0694198608,80.2058868408,57679,57688,9
13.0690202713,80.2065429688,57688,57699,11
13.0685596466,80.20728302,57699,57709,10
13.0680503845,80.2080993652,57709,57719,10
13.0675802231,80.2088012695,57719,57729,10
13.0672302246,80.2093734741,57729,57739,10
13.066619873,80.2101364136,57739,57749,10
13.0660200119,80.210647583,57749,57760,11
13.0654296875,80.2111434937,57760,57770,10
13.0651702881,80.2113494873,57770,57780,10
13.0651197433,80.2113876343,57780,57790,10
13.064789772,80.2115325928,57790,57800,10
13.064330101,80.2116699219,57800,57810,10
13.0641403198,80.2117233276,57810,57820,10
13.0639696121,80.2117614746,57820,57830,10
13.0636196136,80.211807251,57830,57840,10
13.0631198883,80.2118530273,57840,57850,10
13.0625400543,80.2118988037,57850,57861,11
13.0620803833,80.2119293213,57861,57871,10
13.0612802505,80.2118225098,57871,57880,9
13.0605802536,80.2117919922,57880,57891,11
13.0597200394,80.2117767334,57891,57901,10
13.0591402054,80.211769104,57901,57911,10
13.0586500168,80.2117385864,57911,57921,10
13.0577402115,80.2117080688,57921,57941,20
13.0577402115,80.2117080688,57941,57951,10
13.0573596954,80.2116699219,57951,57962,11
13.0566101074,80.2116317749,57962,57971,9
13.0558595657,80.2116165161,57971,57982,11
13.0548601151,80.2116394043,57982,57992,10
13.0541296005,80.211730957,57992,58002,10
13.0532503128,80.2119369507,58002,58012,10
13.0523996353,80.2121734619,58012,58022,10
13.0518198013,80.2123031616,58022,58032,10
13.0512104034,80.212310791,58032,58042,10
13.0507602692,80.2122573853,58042,58051,9
13.0504999161,80.212272644,58051,58063,12
13.0502195358,80.2122421265,58063,58073,10
13.0499401093,80.2123794556,58073,58083,10
13.0500097275,80.2128372192,58083,58093,10
13.0500602722,80.2131118774,58093,58103,10
13.0500602722,80.2131881714,58103,58113,10
13.0501203537,80.2134628296,58113,58123,10
13.0502099991,80.2138214111,58123,58133,10
13.0503501892,80.2142333984,58133,58143,10
13.0505599976,80.2146987915,58143,58154,11
13.0507698059,80.2154006958,58154,58164,10
13.0509395599,80.2159500122,58164,58174,10
13.0511102676,80.2164611816,58174,58184,10
13.0513601303,80.2171401978,58184,58194,10
13.0515403748,80.2176818848,58194,58204,10
13.051779747,80.2183227539,58204,58214,10
13.0520000458,80.2189025879,58214,58224,10
13.0520401001,80.2190933228,58224,58234,10
13.0521202087,80.2193832397,58234,58244,10
13.0522003174,80.2197113037,58244,58255,11
13.0522403717,80.2198562622,58255,58265,10
13.0523195267,80.2201690674,58265,58275,10
13.0524597168,80.2206268311,58275,58285,10
13.0526199341,80.2212295532,58285,58295,10
13.0527095795,80.2215423584,58295,58305,10
13.0528202057,80.2219085693,58305,58315,10
13.0530099869,80.2225570679,58315,58325,10
13.0532102585,80.2232971191,58325,58335,10
13.0533895493,80.2239608765,58335,58345,10
13.0535202026,80.2246780396,58345,58355,10
13.0536699295,80.2254180908,58355,58366,11
13.0537900925,80.226020813,58366,58376,10
13.0538797379,80.2265396118,58376,58386,10
13.0539598465,80.2271194458,58386,58406,20
13.0539598465,80.2271194458,58406,58416,10
13.0539798737,80.2274475098,58416,58426,10
13.0540304184,80.2278594971,58426,58436,10
13.0540704727,80.2281570435,58436,58446,10
13.0540895462,80.2285766602,58446,58456,10
13.0541200638,80.2289962769,58456,58467,11
13.0541496277,80.2294464111,58467,58477,10
13.0541601181,80.2300186157,58477,58487,10
13.0541601181,80.2304992676,58487,58497,10
13.0540704727,80.2305984497,58497,58507,10
13.0537004471,80.2305908203,58507,58517,10
13.0531797409,80.2305221558,58517,58527,10
13.0525798798,80.2304534912,58527,58537,10
13.0521802902,80.2304000854,58537,58547,10
13.0519504547,80.2303771973,58547,58557,10
13.051659584,80.2303237915,58557,58568,11
13.0511598587,80.23021698,58568,58578,10
13.0505895615,80.230140686,58578,58588,10
13.0500001907,80.2300796509,58588,58598,10
13.0495595932,80.2300796509,58598,58608,10
13.0489196777,80.2300872803,58608,58618,10
13.0483398438,80.2300720215,58618,58628,10
13.0479602814,80.2302322388,58628,58638,10
13.0476999283,80.2306594849,58638,58648,10
13.0476303101,80.2313613892,58648,58658,10
13.0475502014,80.2321014404,58658,58669,11
13.0474796295,80.2327575684,58669,58679,10
13.0475502014,80.2331237793,58679,58689,10
13.0478801727,80.2331619263,58689,58699,10
13.0483398438,80.2332382202,58699,58709,10
13.0486402512,80.2332992554,58709,58719,10
13.0488901138,80.2333526611,58719,58729,10
13.0492200851,80.2334594727,58729,58739,10
13.049659729,80.2335510254,58739,58749,10
13.0501899719,80.2336578369,58749,58760,11
13.0504598618,80.2337417603,58760,58770,10
13.0506601334,80.2338027954,58770,58780,10
13.0510501862,80.2338790894,58780,58790,10
13.051659584,80.2340164185,58790,58800,10
13.0522298813,80.2341690063,58800,58810,10
13.0528097153,80.2343063354,58810,58871,61
13.0528097153,80.2343063354,58871,58881,10
13.0532197952,80.2343826294,58881,58891,10
13.0533599854,80.2344436646,58891,58901,10
13.0536003113,80.2344818115,58901,58911,10
13.0536699295,80.2344970703,58911,58921,10
13.0537996292,80.234588623,58921,58931,10
13.0537500381,80.2349472046,58931,58941,10
13.0536899567,80.2352600098,58941,58951,10
13.0538597107,80.2353286743,58951,58962,11
13.0542001724,80.2353286743,58962,58972,10
13.0544996262,80.2352981567,58972,58982,10
13.0550298691,80.2353591919,58982,58992,10
13.0557003021,80.2354125977,58992,59002,10
13.0559597015,80.2353973389,59002,59012,10
13.0559997559,80.235168457,59012,59022,10
13.0560398102,80.2349014282,59022,59032,10
13.0557603836,80.2348175049,59032,59042,10
13.055150032,80.2348022461,59042,59052,10
13.0544900894,80.2347717285,59052,59063,11
13.0538101196,80.2347106934,59063,59073,10
13.053319931,80.2345275879,59073,59083,10
13.0526599884,80.234336853,59083,59093,10
13.0519504547,80.2341079712,59093,59103,10
13.051440239,80.2339782715,59103,59113,10
13.0509300232,80.2339172363,59113,59123,10
13.0508403778,80.234336853,59123,59133,10
13.0507202148,80.2349624634,59133,59143,10
13.0506296158,80.2354431152,59143,59153,10
13.0505199432,80.236000061,59153,59164,11
13.0504198074,80.2366790771,59164,59174,10
13.050330162,80.2372283936,59174,59184,10
13.0502195358,80.23777771,59184,59194,10
13.050160408,80.2380981445,59194,59203,9
13.0500802994,80.2385025024,59203,59213,10
13.0499801636,80.2389907837,59213,59224,11
13.0498199463,80.239151001,59224,59234,10
13.0494203568,80.2390594482,59234,59244,10
13.0488395691,80.2389297485,59244,59254,10
13.0482397079,80.2387619019,59254,59265,11
13.0476503372,80.2386016846,59265,59275,10
13.0473604202,80.2385177612,59275,59285,10
13.0470399857,80.2384414673,59285,59295,10
13.0466403961,80.2383499146,59295,59306,11
13.0465402603,80.2381362915,59306,59316,10
13.0466604233,80.2375869751,59316,59326,10
13.0469198227,80.2362976074,59326,59336,10
13.0469198227,80.2362976074,59336,59346,10
13.0469799042,80.2359619141,59346,59356,10
13.0470104218,80.2356796265,59356,59367,11
13.04708004,80.2352981567,59367,59377,10
13.0471601486,80.2345733643,59377,59387,10
13.047249794,80.2337417603,59387,59397,10
13.0472803116,80.2332229614,59397,59410,13
13.0469503403,80.2330703735,59410,59420,10
13.0465602875,80.2330093384,59420,59430,10
13.0461397171,80.2329177856,59430,59440,10
13.0456104279,80.2328109741,59440,59450,10
13.0453596115,80.2327423096,59450,59461,11
13.0451803207,80.2326965332,59461,59471,10
13.0448703766,80.2326202393,59471,59481,10
13.0443096161,80.2325134277,59481,59491,10
13.0435400009,80.2324066162,59491,59501,10
13.0429000854,80.2323913574,59501,59511,10
13.0423603058,80.2323913574,59511,59521,10
13.0418596268,80.2323303223,59521,59531,10
13.0410203934,80.2321395874,59531,59541,10
13.0403404236,80.2318725586,59541,59551,10
13.0395803452,80.2316818237,59551,59561,10
13.0388898849,80.2315063477,59561,59572,11
13.0382299423,80.231300354,59572,59581,9
13.0376701355,80.2310791016,59581,59591,10
13.0371799469,80.2309188843,59591,59602,11
13.0370998383,80.2308807373,59602,59612,10
13.0369596481,80.2307815552,59612,59622,10
13.0369501114,80.2307815552,59622,59632,10
13.0366601944,80.2306976318,59632,59642,10
13.0362195969,80.2305603027,59642,59652,10
13.0357503891,80.2304916382,59652,59713,61
13.0357503891,80.2304916382,59713,59723,10
13.0355396271,80.23046875,59723,59733,10
13.0354995728,80.2304534912,59733,59743,10
13.0350999832,80.2303237915,59743,59753,10
13.0347700119,80.2301025391,59753,59966,213
13.0344104767,80.2301101685,59966,60087,121
13.0342502594,80.2301712036,60087,60279,192
13.0342302322,80.230140686,60279,61006,727
13.0342302322,80.230140686,61006,61016,10
13.0345497131,80.2304229736,61016,61026,10
13.0347003937,80.2303695679,61026,61036,10
13.0348796844,80.2302703857,61036,61046,10
13.0351600647,80.2302780151,61046,61056,10
13.0354003906,80.2303619385,61056,61067,11
13.0358295441,80.2304992676,61067,61077,10
13.0362701416,80.2306213379,61077,61087,10
13.0366401672,80.2307434082,61087,61097,10
13.03703022,80.2308807373,61097,61106,9
13.0376195908,80.2310409546,61106,61117,11
13.0382699966,80.2312316895,61117,61127,10
13.0390100479,80.2314224243,61127,61137,10
13.0396499634,80.2316131592,61137,61147,10
13.040309906,80.2318115234,61147,61157,10
13.041009903,80.2320785522,61157,61168,11
13.0418300629,80.2322692871,61168,61178,10
13.0426301956,80.2323379517,61178,61188,10
13.0433702469,80.2323608398,61188,61198,10
13.0441198349,80.2324295044,61198,61208,10
13.0450801849,80.2325897217,61208,61228,20
13.0450801849,80.2325897217,61228,61238,10
13.045419693,80.2326583862,61238,61248,10
13.0458498001,80.232749939,61248,61259,11
13.0464801788,80.2328567505,61259,61269,10
13.0466995239,80.2329177856,61269,61279,10
13.0468902588,80.232963562,61279,61289,10
13.0472602844,80.233039856,61289,61299,10
13.0474004745,80.2328033447,61299,61309,10
13.0474796295,80.2322311401,61309,61319,10
13.0475502014,80.2316818237,61319,61329,10
13.0476198196,80.2311630249,61329,61339,10
13.047659874,80.2306594849,61339,61349,10
13.0474901199,80.2302017212,61349,61359,10
13.04708004,80.2298812866,61359,61370,11
13.0462598801,80.2297668457,61370,61380,10
13.045539856,80.229637146,61380,61390,10
13.0448598862,80.2295074463,61390,61400,10
13.044549942,80.2294387817,61400,61410,10
13.0441799164,80.2293167114,61410,61426,16
13.0438899994,80.2290802002,61426,61438,12
13.0440502167,80.2286529541,61438,61446,8
13.0441398621,80.2282562256,61446,61458,12
13.0443096161,80.2274475098,61458,61469,11
13.0445604324,80.2266921997,61469,61479,10
13.0446395874,80.2264022827,61479,61489,10
13.0447397232,80.2259902954,61489,61499,10
13.044839859,80.2257919312,61499,61509,10
13.0451602936,80.2258300781,61509,61519,10
13.0456895828,80.2259674072,61519,61529,10
13.045920372,80.2260284424,61529,61539,10
13.0460700989,80.2260665894,61539,61549,10
13.046500206,80.2261962891,61549,61559,10
13.0467796326,80.2263031006,61559,61570,11
13.0471200943,80.2264022827,61570,61580,10
13.0475902557,80.2265625,61580,61590,10
13.0481004715,80.2267074585,61590,61600,10
13.0487604141,80.2269134521,61600,61609,9
13.0492801666,80.2269973755,61609,61620,11
13.0499095917,80.2270736694,61620,61630,10
13.050450325,80.2272033691,61630,61640,10
13.0508804321,80.2272872925,61640,61650,10
13.0515403748,80.2274169922,61650,61661,11
13.0522899628,80.2275695801,61661,61671,10
13.0529098511,80.2276992798,61671,61691,20
13.0529098511,80.2276992798,61691,61701,10
13.0532798767,80.2277832031,61701,61711,10
13.0537500381,80.2278366089,61711,61721,10
13.053850174,80.2277832031,61721,61731,10
13.0538902283,80.2275619507,61731,61741,10
13.0538301468,80.2271575928,61741,61750,9
13.0538196564,80.227142334,61750,61762,12
13.0538196564,80.2269973755,61762,61772,10
13.0538101196,80.2268829346,61772,61782,10
13.0537595749,80.2264709473,61782,61792,10
13.0536603928,80.2258987427,61792,61802,10
13.0535802841,80.2254180908,61802,61812,10
13.0534601212,80.224861145,61812,61822,10
13.0533704758,80.2244415283,61822,61832,10
13.053319931,80.2239990234,61832,61842,10
13.0532102585,80.2235031128,61842,61852,10
13.0531597137,80.2232513428,61852,61863,11
13.0530996323,80.2229919434,61863,61873,10
13.0530195236,80.2227020264,61873,61883,10
13.0528802872,80.2222671509,61883,61893,10
13.0527000427,80.2216796875,61893,61903,10
13.0525102615,80.2210388184,61903,61913,10
13.0523900986,80.2205886841,61913,61923,10
13.0523900986,80.2205581665,61923,61933,10
13.0523796082,80.2204437256,61933,61943,10
13.0521802902,80.2197799683,61943,61964,21
13.0521802902,80.2197799683,61964,61974,10
13.0521297455,80.2196502686,61974,61984,10
13.0521202087,80.219581604,61984,61994,10
13.0520401001,80.2192687988,61994,62004,10
13.0518798828,80.218711853,62004,62014,10
13.0516500473,80.2180633545,62014,62024,10
13.0514202118,80.2174301147,62024,62034,10
13.0511798859,80.2166824341,62034,62044,10
13.0509595871,80.216003418,62044,62054,10
13.0508098602,80.2153930664,62054,62065,11
13.0506601334,80.2148895264,62065,62075,10
13.0503797531,80.2146987915,62075,62085,10
13.0499601364,80.2146606445,62085,62095,10
13.0498199463,80.2146682739,62095,62105,10
13.0495700836,80.2146530151,62105,62115,10
13.0492095947,80.2145767212,62115,62125,10
13.0487003326,80.2145080566,62125,62135,10
13.0481004715,80.2144699097,62135,62145,10
13.047750473,80.2144393921,62145,62155,10
13.047249794,80.2144165039,62155,62166,11
13.0464096069,80.2145385742,62166,62176,10
13.0456495285,80.2146835327,62176,62186,10
13.0448503494,80.2147903442,62186,62196,10
13.0445098877,80.2146377563,62196,62205,9
13.0444803238,80.2142410278,62205,62216,11
13.0444202423,80.2133026123,62216,62256,40
13.0444202423,80.2133026123,62256,62267,11
13.0444097519,80.213180542,62267,62277,10
13.0444002151,80.2129135132,62277,62287,10
13.0443897247,80.2125701904,62287,62297,10
13.044500351,80.2123031616,62297,62307,10
13.0450000763,80.2122802734,62307,62317,10
13.0457296371,80.212272644,62317,62327,10
13.0465097427,80.2122573853,62327,62337,10
13.0473403931,80.2121582031,62337,62347,10
13.048500061,80.2119827271,62347,62368,21
13.048500061,80.2119827271,62368,62378,10
13.0487003326,80.2118682861,62378,62388,10
13.0495996475,80.2118835449,62388,62416,28
13.0495996475,80.2118835449,62416,62426,10
13.0500297546,80.2118301392,62426,62436,10
13.0504398346,80.2119369507,62436,62446,10
13.0508203506,80.2119674683,62446,62456,10
13.0513696671,80.2119903564,62456,62466,10
13.0523195267,80.2118988037,62466,62477,11
13.0531101227,80.2117233276,62477,62487,10
13.0539798737,80.2115631104,62487,62497,10
13.0547895432,80.2114486694,62497,62507,10
13.0555696487,80.2114028931,62507,62517,10
13.0564699173,80.2113189697,62517,62526,9
13.0572900772,80.2113418579,62526,62537,11
13.0575799942,80.2113189697,62537,62547,10
13.0576400757,80.211227417,62547,62557,10
13.0580596924,80.2112808228,62557,62568,11
13.0586395264,80.2113571167,62568,62578,10
13.0592803955,80.2114334106,62578,62588,10
13.0600404739,80.211479187,62588,62598,10
13.0608701706,80.2115097046,62598,62608,10
13.0615701675,80.2116394043,62608,62618,10
13.0623197556,80.2116165161,62618,62628,10
13.0630197525,80.211479187,62628,62648,20
13.0630197525,80.211479187,62648,62658,10
13.0633001328,80.2114562988,62658,62669,11
13.0637702942,80.21144104,62669,62679,10
13.0642700195,80.2113800049,62679,62689,10
13.0648498535,80.2111129761,62689,62699,10
13.065489769,80.210647583,62699,62709,10
13.0660495758,80.2102203369,62709,62719,10
13.066619873,80.2096862793,62719,62729,10
13.0670204163,80.2090835571,62729,62739,10
13.0674695969,80.2084197998,62739,62749,10
13.0679197311,80.2077331543,62749,62759,10
13.068400383,80.2070007324,62759,62770,11
13.0689201355,80.2062835693,62770,62780,10
13.069270134,80.2057418823,62780,62790,10
13.0695295334,80.2052612305,62790,62800,10
13.0695800781,80.2051620483,62800,62810,10
13.0696496964,80.2049636841,62810,62820,10
13.0694198608,80.2048034668,62820,62830,10
13.0691003799,80.205116272,62830,62840,10
13.0687398911,80.2051773071,62840,62860,20
13.0687398911,80.2051773071,62860,62871,11
13.0687103271,80.2049484253,62871,62891,20
13.0687103271,80.2049484253,62891,62901,10
13.0688199997,80.2047271729,62901,62911,10
13.0690498352,80.2046737671,62911,62921,10
13.0692796707,80.2047195435,62921,62931,10
13.0694904327,80.2047729492,62931,62941,10
13.0697698593,80.2048492432,62941,62951,10
13.0699195862,80.2047805786,62951,62961,10
13.0701799393,80.2044219971,62961,62972,11
13.070690155,80.2037811279,62972,62982,10
13.0712203979,80.203163147,62982,62992,10
13.072019577,80.2022171021,62992,63052,60
13.072019577,80.2022171021,63052,63062,10
13.0721797943,80.202041626,63062,63073,11
13.0726003647,80.2015686035,63073,63083,10
13.0729904175,80.2011108398,63083,63093,10
13.0733299255,80.2007217407,63093,63109,16
13.0739402771,80.1999969482,63109,63121,12
13.0742902756,80.1996078491,63121,63129,8
13.0745201111,80.1994018555,63129,63139,10
13.0750904083,80.1991119385,63139,63151,12
13.0757703781,80.1986999512,63151,63161,10
13.0756397247,80.1979370117,63161,63170,9
13.0754499435,80.1971435547,63170,63182,12
13.0752401352,80.1963195801,63182,63192,10
13.0751895905,80.1959686279,63192,63202,10
13.0750398636,80.1955718994,63202,63212,10
13.0749998093,80.1955108643,63212,63222,10
13.0747995377,80.1951675415,63222,63232,10
13.0745897293,80.1949234009,63232,63242,10
13.0743999481,80.1945877075,63242,63252,10
13.0741596222,80.1941680908,63252,63262,10
13.0740404129,80.1934814453,63262,63273,11
13.0740604401,80.1926269531,63273,63283,10
13.0740604401,80.19190979,63283,63293,10
13.0740098953,80.1911468506,63293,63303,10
13.073559761,80.1904602051,63303,63313,10
13.0729999542,80.189781189,63313,63323,10
13.0725297928,80.188911438,63323,63333,10
13.0720901489,80.1879425049,63333,63343,10
13.0717096329,80.1870880127,63343,63353,10
13.0714797974,80.1864776611,63353,63363,10
13.0713996887,80.1862716675,63363,63374,11
13.0713100433,80.1859436035,63374,63384,10
13.0711803436,80.1854019165,63384,63394,10
13.0710697174,80.1848831177,63394,63404,10
13.0709199905,80.1842193604,63404,63414,10
13.0707197189,80.1835098267,63414,63424,10
13.0704298019,80.1828308105,63424,63434,10
13.0701799393,80.1823272705,63434,63444,10
13.069899559,80.1818313599,63444,63454,10
13.0696401596,80.181427002,63454,63464,10
13.0693798065,80.1810379028,63464,63475,11
13.0689401627,80.1803970337,63475,63485,10
13.0684499741,80.1797180176,63485,63495,10
13.0679397583,80.1789703369,63495,63505,10
13.0675401688,80.1782684326,63505,63515,10
13.0673904419,80.177482605,63515,63525,10
13.0673704147,80.1766204834,63525,63535,10
13.0671396255,80.1758117676,63535,63545,10
13.0667495728,80.175201416,63545,63555,10
13.066570282,80.1748809814,63555,63565,10
13.0665597916,80.1748580933,63565,63576,11
13.0664596558,80.1747207642,63576,63586,10
13.0662002563,80.174331665,63586,63596,10
13.0657997131,80.1737594604,63596,63606,10
13.0653600693,80.1731185913,63606,63616,10
13.0648803711,80.172416687,63616,63626,10
13.0644302368,80.1717529297,63626,63636,10
13.0641202927,80.1709899902,63636,63646,10
13.0640602112,80.1703720093,63646,63656,10
13.0640802383,80.1694488525,63656,63666,10
13.0640001297,80.1686172485,63666,63677,11
13.0637197495,80.1679763794,63677,63687,10
13.0633001328,80.167427063,63687,63697,10
13.0630598068,80.1671676636,63697,63707,10
13.0628995895,80.1669769287,63707,63717,10
13.0625295639,80.1664810181,63717,63727,10
13.0619096756,80.1658477783,63727,63737,10
13.0613603592,80.1650619507,63737,63747,10
13.0611801147,80.1643829346,63747,63757,10
13.0611600876,80.1642379761,63757,63768,11
13.0611400604,80.1640472412,63768,63778,10
13.0611896515,80.1635437012,63778,63788,10
13.0612096786,80.1628265381,63788,63798,10
13.0612297058,80.1620407104,63798,63808,10
13.061249733,80.1611785889,63808,63818,10
13.0612802505,80.1602630615,63818,63828,10
13.0613899231,80.1593017578,63828,63838,10
13.0615100861,80.1583328247,63838,63848,10
13.0614404678,80.1575164795,63848,63858,10
13.0609703064,80.156578064,63858,63869,11
13.0605401993,80.155670166,63869,63879,10
13.0604295731,80.155090332,63879,63919,40
13.0604295731,80.155090332,63919,63929,10
13.0604200363,80.1548614502,63929,63939,10
13.0604200363,80.154838562,63939,63949,10
13.0604801178,80.1544265747,63949,63959,10
13.0605897903,80.1537704468,63959,63970,11
13.0607204437,80.1530227661,63970,63980,10
13.0608901978,80.1523971558,63980,63990,10
13.06112957,80.1518783569,63990,64000,10
13.0613899231,80.1514129639,64000,64010,10
13.061750412,80.1507568359,64010,64020,10
13.0619401932,80.1499023438,64020,64030,10
13.061920166,80.1490020752,64030,64040,10
13.0619001389,80.1480178833,64040,64050,10
13.0618600845,80.1470108032,64050,64060,10
13.0617399216,80.1460037231,64060,64071,11
13.061630249,80.1451034546,64071,64081,10
13.0615596771,80.1443405151,64081,64091,10
13.0614795685,80.1434707642,64091,64101,10
13.0614099503,80.1425170898,64101,64111,10
13.061340332,80.1415634155,64111,64121,10
13.0612697601,80.1406021118,64121,64131,10
13.0612201691,80.1397323608,64131,64141,10
13.0611495972,80.1390380859,64141,64151,10
13.0611000061,80.1386795044,64151,64212,61
13.0611000061,80.1386795044,64212,64222,10
13.0610704422,80.1385269165,64222,64232,10
13.0613002777,80.1383666992,64232,64252,20
13.0613002777,80.1383666992,64252,64262,10
13.0616197586,80.1383132935,64262,64273,11
13.0621204376,80.1383666992,64273,64283,10
13.0626802444,80.1384506226,64283,64293,10
13.062959671,80.1382675171,64293,64303,10
13.0633201599,80.1381988525,64303,64313,10
13.0638504028,80.1382980347,64313,64323,10
13.0641899109,80.1381835938,64323,64333,10
13.0642404556,80.1376800537,64333,64343,10
13.0647802353,80.1376037598,64343,64353,10
13.0655002594,80.1376876831,64353,64363,10
13.0658197403,80.137298584,64363,64374,11
13.0658502579,80.1366271973,64374,64384,10
13.0661897659,80.1365280151,64384,64394,10
13.0665302277,80.1365203857,64394,64404,10
13.0666399002,80.1358718872,64404,64424,20
13.0666399002,80.1358718872,64424,64434,10
13.0666999817,80.1356735229,64434,64444,10
13.0666999817,80.1352462769,64444,64454,10
13.066740036,80.1345596313,64454,64464,10
13.0668897629,80.1336898804,64464,64475,11
13.0670900345,80.1326599121,64475,64485,10
13.0673999786,80.1317825317,64485,64495,10
13.0675601959,80.1309661865,64495,64505,10
13.0676002502,80.1304016113,64505,64515,10
13.0675497055,80.1299209595,64515,64525,10
13.0676202774,80.1294326782,64525,64535,10
13.0677604675,80.1288223267,64535,64545,10
13.0678796768,80.1282730103,64545,64555,10
13.0679998398,80.1276931763,64555,64565,10
13.0681200027,80.1270599365,64565,64576,11
13.0682401657,80.126449585,64576,64584,8
13.0682497025,80.1263275146,64584,64595,11
13.0682897568,80.126159668,64595,64606,11
13.0683803558,80.1257400513,64606,64616,10
13.068479538,80.1252822876,64616,64626,10
13.0685796738,80.1248397827,64626,64636,10
13.0686998367,80.1243362427,64636,64646,10
13.0689296722,80.1241989136,64646,64656,10
13.0692596436,80.1241531372,64656,64666,10
13.0696496964,80.1241989136,64666,64747,81
13.0696496964,80.1241989136,64747,64757,10
13.069899559,80.1241989136,64757,64768,11
13.0699300766,80.1240463257,64768,64788,20
13.0699300766,80.1240463257,64788,64798,10
13.0697402954,80.1240768433,64798,64808,10
13.0694599152,80.1240615845,64808,66232,1424
13.0694599152,80.1240615845,66232,66242,10
13.0691099167,80.1241607666,66242,66253,11
13.0689296722,80.1242218018,66253,66263,10
13.0688199997,80.1242828369,66263,66273,10
13.0687303543,80.1245574951,66273,66283,10
13.0686502457,80.1249237061,66283,66293,10
13.0685997009,80.1251220703,66293,66303,10
13.0685195923,80.1253433228,66303,66313,10
13.0684099197,80.1257629395,66313,66323,10
13.0683202744,80.1262283325,66323,66333,10
13.0683097839,80.1263809204,66333,66343,10
13.0682401657,80.1267471313,66343,66354,11
13.0681200027,80.1272735596,66354,66364,10
13.0680398941,80.1277770996,66364,66374,10
13.067990303,80.1280517578,66374,66384,10
13.0678596497,80.1286087036,66384,66394,10
13.0677099228,80.1292495728,66394,66404,10
13.0676298141,80.1296386719,66404,66414,10
13.0676202774,80.1297988892,66414,66424,10
13.0676498413,80.1303100586,66424,66434,10
13.0676498413,80.1307830811,66434,66444,10
13.0675697327,80.1313400269,66444,66455,11
13.0673599243,80.1321182251,66455,66465,10
13.0671195984,80.1327590942,66465,66475,10
13.0670404434,80.1331634521,66475,66485,10
13.0669403076,80.1337814331,66485,66495,10
13.0668497086,80.1343231201,66495,66505,10
13.0667695999,80.1349334717,66505,66515,10
13.0667495728,80.1354827881,66515,66525,10
13.0666799545,80.1359786987,66525,66535,10
13.0666103363,80.1365280151,66535,66545,10
13.0663003922,80.1365890503,66545,66556,11
13.0659303665,80.1365585327,66556,66566,10
13.0658998489,80.1367874146,66566,66576,10
13.0658903122,80.1372375488,66576,66586,10
13.065779686,80.1376800537,66586,66596,10
13.0652999878,80.1376800537,66596,66606,10
13.0647001266,80.137588501,66606,66616,10
13.0642700195,80.1377182007,66616,66626,10
13.0642499924,80.1381912231,66626,66636,10
13.0639600754,80.1383514404,66636,66647,11
13.0633897781,80.1382369995,66647,66657,10
13.0629796982,80.1383209229,66657,66667,10
13.0628795624,80.1384811401,66667,66677,10
13.0625801086,80.1384811401,66677,66687,10
13.0622196198,80.138420105,66687,66697,10
13.0619401932,80.138381958,66697,66707,10
13.0616703033,80.1383590698,66707,66717,10
13.0614204407,80.138420105,66717,66727,10
13.0613298416,80.1386871338,66727,66747,20
13.0613298416,80.1386871338,66747,66758,11
13.061340332,80.1389770508,66758,66768,10
13.0613603592,80.1394195557,66768,66778,10
13.0613698959,80.1399917603,66778,66788,10
13.0614204407,80.1406936646,66788,66798,10
13.0614700317,80.1414337158,66798,66808,10
13.0615196228,80.1421432495,66808,66818,10
13.0615901947,80.1428833008,66818,66828,10
13.0616502762,80.1436767578,66828,66838,10
13.0617303848,80.1445007324,66838,66849,11
13.061829567,80.145362854,66849,66859,10
13.061920166,80.1461791992,66859,66869,10
13.0620098114,80.1469573975,66869,66879,10
13.0620603561,80.1477508545,66879,66889,10
13.0620698929,80.1485977173,66889,66899,10
13.0620698929,80.1493682861,66899,66909,10
13.0620698929,80.1499862671,66909,66919,10
13.0620203018,80.1505889893,66919,66929,10
13.061920166,80.1508636475,66929,66938,9
13.0618495941,80.1510162354,66938,66960,22
13.0618495941,80.1510162354,66960,66970,10
13.0617599487,80.1511993408,66970,66980,10
13.0616197586,80.1514663696,66980,66990,10
13.0614004135,80.1518173218,66990,67000,10
13.0611600876,80.1522979736,67000,67010,10
13.0609502792,80.1528625488,67010,67020,10
13.0608196259,80.1534423828,67020,67030,10
13.0607099533,80.1540222168,67030,67040,10
13.0606298447,80.1545791626,67040,67051,11
13.0606098175,80.1551208496,67051,67061,10
13.0606203079,80.1551589966,67061,67071,10
13.0606203079,80.1552429199,67071,67081,10
13.0606803894,80.155632019,67081,67091,10
13.0608901978,80.1561889648,67091,67101,10
13.0612401962,80.1568222046,67101,67111,10
13.06153965,80.1574783325,67111,67121,10
13.0616397858,80.158203125,67121,67131,10
13.06153965,80.158996582,67131,67141,10
13.0614299774,80.159828186,67141,67152,11
13.061340332,80.1607437134,67152,67162,10
13.0613203049,80.1615066528,67162,67172,10
13.0613002777,80.1623535156,67172,67182,10
13.0613098145,80.1630477905,67182,67192,10
13.0613298416,80.1634979248,67192,67202,10
13.061340332,80.1636276245,67202,67212,10
13.061340332,80.1639633179,67212,67222,10
13.0613498688,80.1643829346,67222,67232,10
13.0614299774,80.1647720337,67232,67253,21
13.0614299774,80.1647720337,67253,67263,10
13.0615301132,80.1650466919,67263,67273,10
13.0617198944,80.1654815674,67273,67283,10
13.06208992,80.1658630371,67283,67293,10
13.0623903275,80.1661529541,67293,67303,10
13.0627202988,80.1664886475,67303,67313,10
13.0631198883,80.1669311523,67313,67323,10
13.0635004044,80.1674423218,67323,67333,10
13.0637397766,80.1678009033,67333,67343,10
13.0637598038,80.1678314209,67343,67354,11
13.0639200211,80.1680908203,67354,67364,10
13.0641202927,80.1685409546,67364,67374,10
13.0642499924,80.1691436768,67374,67384,10
13.0642499924,80.1697998047,67384,67394,10
13.0642404556,80.1704711914,67394,67404,10
13.0643196106,80.1710968018,67404,67414,10
13.0645799637,80.1717300415,67414,67424,10
13.0649795532,80.1723480225,67424,67434,10
13.065369606,80.1729431152,67434,67444,10
13.0657901764,80.173538208,67444,67455,11
13.0661897659,80.174156189,67455,67465,10
13.066619873,80.1747665405,67465,67475,10
13.0670604706,80.1753768921,67475,67495,20
13.0670604706,80.1753768921,67495,67505,10
13.0672197342,80.1756668091,67505,67515,10
13.0674495697,80.1762008667,67515,67525,10
13.0675601959,80.1768875122,67525,67535,10
13.0675697327,80.1775970459,67535,67546,11
13.0676202774,80.1779632568,67546,67556,10
13.0677099228,80.1782608032,67556,67566,10
13.0679101944,80.1786575317,67566,67576,10
13.0681600571,80.1790390015,67576,67586,10
13.0684700012,80.1795425415,67586,67596,10
13.0687799454,80.1800613403,67596,67606,10
13.0691699982,80.1806335449,67606,67616,10
13.069560051,80.1811828613,67616,67626,10
13.0699300766,80.1817016602,67626,67636,10
13.0703001022,80.1823120117,67636,67647,11
13.0706501007,80.1830062866,67647,67657,10
13.0709104538,80.1836624146,67657,67667,10
13.0711202621,80.1843414307,67667,67677,10
13.0712900162,80.1849822998,67677,67687,10
13.0714197159,80.1854476929,67687,67697,10
13.0714502335,80.1855621338,67697,67707,10
13.0714597702,80.1856613159,67707,67717,10
13.071559906,80.1860580444,67717,67727,10
13.0717201233,80.1865615845,67727,67737,10
13.0719404221,80.1871185303,67737,67748,11
13.0722799301,80.1878662109,67748,67758,10
13.0726003647,80.1885910034,67758,67768,10
13.0728998184,80.189239502,67768,67778,10
13.0732498169,80.1898269653,67778,67788,10
13.0737104416,80.1903762817,67788,67797,9
13.0740404129,80.1907196045,67797,67808,11
13.0742397308,80.1911087036,67808,67818,10
13.0743303299,80.1915664673,67818,67828,10
13.0742902756,80.1922073364,67828,67838,10
13.0742301941,80.1929168701,67838,67849,11
13.0742101669,80.1937103271,67849,67859,10
13.0743999481,80.1943435669,67859,67869,10
13.0748195648,80.1947402954,67869,67879,10
13.0750799179,80.1950302124,67879,67889,10
13.0752696991,80.1958084106,67889,67909,20
13.0752696991,80.1958084106,67909,67919,10
13.0753297806,80.1959686279,67919,67929,10
13.0754003525,80.1962127686,67929,67939,10
13.0754899979,80.1966018677,67939,67950,11
13.0756397247,80.1971511841,67950,67960,10
13.075799942,80.1977615356,67960,67970,10
13.0759801865,80.1984100342,67970,67980,10
13.0761604309,80.1990585327,67980,67990,10
13.0763101578,80.1996994019,67990,68000,10
13.0764904022,80.2001571655,68000,68010,10
13.0768699646,80.1999206543,68010,68020,10
13.0766801834,80.1993637085,68020,68030,10
13.0761899948,80.1992492676,68030,68040,10
13.0755701065,80.1993408203,68040,68051,11
13.0748596191,80.1995620728,68051,68061,10
13.0742702484,80.1999511719,68061,68071,10
13.0738697052,80.2003707886,68071,68081,10
13.0736999512,80.2005767822,68081,68091,10
13.073679924,80.200630188,68091,68101,10
13.0734300613,80.200920105,68101,68111,10
13.0730199814,80.201423645,68111,68121,10
13.0726099014,80.2018814087,68121,68131,10
13.0723896027,80.2021713257,68131,68141,10
13.07213974,80.2023925781,68141,68152,11
13.0717897415,80.2027511597,68152,68162,10
13.0714797974,80.2031021118,68162,68172,10
13.0711202621,80.2035217285,68172,68182,10
13.0706596375,80.2040634155,68182,68192,10
13.0703001022,80.204498291,68192,68202,10
13.0699901581,80.2049865723,68202,68263,61
13.0699901581,80.2049865723,68263,68273,10
13.0696802139,80.2050170898,68273,68283,10
13.069319725,80.2049407959,68283,68293,10
13.0690498352,80.2052612305,68293,68303,10
13.0687599182,80.2054824829,68303,68313,10
13.0684204102,80.2055130005,68313,68323,10
13.0679798126,80.2054214478,68323,68364,41
13.0679798126,80.2054214478,68364,68374,10
13.0679798126,80.2051391602,68374,68384,10
13.0683097839,80.2050170898,68384,68394,10
13.0686903,80.2048721313,68394,68404,10
13.0689296722,80.2048110962,68404,68414,10
13.0692300797,80.2048110962,68414,68424,10
13.0695295334,80.2048492432,68424,68434,10
13.0697603226,80.2049636841,68434,68455,21
13.0697603226,80.2049636841,68455,68465,10
13.069849968,80.2051391602,68465,68475,10
13.0696601868,80.2054977417,68475,68485,10
13.0693101883,80.2060623169,68485,68495,10
13.0689001083,80.2067184448,68495,68505,10
13.0684700012,80.2074508667,68505,68515,10
13.0680904388,80.2080612183,68515,68525,10
13.0675897598,80.2088775635,68525,68535,10
13.0671195984,80.2095794678,68535,68546,11
13.0664997101,80.2102432251,68546,68556,10
13.0658798218,80.2107086182,68556,68566,10
13.0651397705,80.2114028931,68566,68586,20
13.0651397705,80.2114028931,68586,68596,10
13.0647802353,80.2115707397,68596,68606,10
13.0643796921,80.2117233276,68606,68616,10
13.064160347,80.2117462158,68616,68626,10
13.0638399124,80.2117919922,68626,68636,10
13.0634202957,80.2117996216,68636,68647,11
13.0627603531,80.2118377686,68647,68657,10
13.0621500015,80.2118377686,68657,68667,10
13.0616397858,80.211807251,68667,68677,10
13.0608301163,80.2117919922,68677,68687,10
13.0601196289,80.2117767334,68687,68697,10
13.0593795776,80.2117462158,68697,68707,10
13.0588798523,80.2117614746,68707,68717,10
13.0584497452,80.2117385864,68717,68727,10
13.057800293,80.211730957,68727,68748,21
13.057800293,80.211730957,68748,68758,10
13.0574998856,80.2117614746,68758,68768,10
13.0569200516,80.211730957,68768,68778,10
13.056189537,80.2117080688,68778,68788,10
13.0553998947,80.2117004395,68788,68798,10
13.0545797348,80.2116775513,68798,68808,10
13.0537500381,80.2118377686,68808,68818,10
13.0529899597,80.212020874,68818,68828,10
13.0525598526,80.2121200562,68828,68915,87
13.0525598526,80.2121200562,68915,68927,12
13.0520496368,80.2122573853,68927,68937,10
13.0517501831,80.2123031616,68937,68948,11
13.051320076,80.2122802734,68948,68958,10
13.0509796143,80.2122497559,68958,68968,10
13.0505199432,80.2122573853,68968,68978,10
13.050069809,80.2122573853,68978,68988,10
13.0499696732,80.2123718262,68988,68998,10
13.0500001907,80.2127532959,68998,69008,10
13.0500497818,80.2131118774,69008,69028,20
13.0500497818,80.2131118774,69028,69038,10
13.0501098633,80.2134933472,69038,69049,11
13.0502595901,80.2139968872,69049,69059,10
13.0504102707,80.2144393921,69059,69069,10
13.050620079,80.2149200439,69069,69078,9
13.0507698059,80.2154006958,69078,69089,11
13.0509195328,80.2157974243,69089,69099,10
13.0510396957,80.2162628174,69099,69109,10
13.0512104034,80.2167434692,69109,69119,10
13.0513801575,80.2171630859,69119,69129,10
13.0514202118,80.2172393799,69129,69140,11
13.0515298843,80.2176513672,69140,69150,10
13.0517301559,80.2181625366,69150,69210,60
13.0517301559,80.2181625366,69210,69220,10
13.0518703461,80.2185211182,69220,69230,10
13.0519104004,80.2185974121,69230,69241,11
13.0519800186,80.2187576294,69241,69251,10
13.0520401001,80.2189407349,69251,69281,30
13.0520401001,80.2189407349,69281,69291,10
13.0520801544,80.2191772461,69291,69311,20
13.0520801544,80.2191772461,69311,69321,10
13.0521497726,80.2194290161,69321,69331,10
13.0522003174,80.2196578979,69331,69342,11
13.0523004532,80.2200393677,69342,69352,10
13.0524301529,80.2205123901,69352,69362,10
13.0525798798,80.2210617065,69362,69372,10
13.0526800156,80.2214431763,69372,69382,10
13.0527296066,80.2216110229,69382,69392,10
13.0527601242,80.2217025757,69392,69402,10
13.0528697968,80.2220993042,69402,69412,10
13.0530395508,80.2227325439,69412,69422,10
13.0532398224,80.2233886719,69422,69473,51
13.0532398224,80.2233886719,69473,69483,10
13.0532798767,80.2236175537,69483,69493,10
13.0533304214,80.2238388062,69493,69509,16
13.0534200668,80.2244796753,69509,69521,12
13.0536003113,80.2252426147,69521,69529,8
13.0536804199,80.2256317139,69529,69542,13
13.0537700653,80.226272583,69542,69552,10
13.0538597107,80.2268218994,69552,69562,10
13.0539102554,80.2271575928,69562,69582,20
13.0539102554,80.2271575928,69582,69592,10
13.0539102554,80.2274398804,69592,69602,10
13.0539798737,80.2279586792,69602,69612,10
13.0539798737,80.2281570435,69612,69622,10
13.054019928,80.2285614014,69622,69632,10
13.0540599823,80.2289123535,69632,69644,12
13.0540800095,80.2292709351,69644,69654,10
13.0541200638,80.2296829224,69654,69664,10
13.0541200638,80.2302703857,69664,69674,10
13.0540399551,80.2307281494,69674,69694,20
13.0540399551,80.2307281494,69694,69704,10
13.0535802841,80.2307128906,69704,69724,20
13.0535802841,80.2307128906,69724,69734,10
13.0531301498,80.2306365967,69734,69745,11
13.0525903702,80.2305679321,69745,69755,10
13.0521602631,80.2304763794,69755,69765,10
13.0519504547,80.2304611206,69765,69795,30
13.0519504547,80.2304611206,69795,69804,9
13.0516700745,80.2304382324,69804,69814,10
13.0512199402,80.2303390503,69814,69825,11
13.0505800247,80.2302322388,69825,69836,11
13.0499296188,80.230140686,69836,69846,10
13.0492696762,80.2301483154,69846,69856,10
13.0485401154,80.2301330566,69856,69865,9
13.0481395721,80.230140686,69865,69876,11
13.0479001999,80.2303619385,69876,69886,10
13.0476799011,80.2307434082,69886,69896,10
13.0475902557,80.2313995361,69896,69905,9
13.0475101471,80.2320785522,69905,69915,10
13.0474395752,80.2326889038,69915,69926,11
13.0474596024,80.2331008911,69926,69937,11
13.0478696823,80.2332077026,69937,69947,10
13.0484104156,80.2333297729,69947,69957,10
13.0489797592,80.2334365845,69957,69977,20
13.0489797592,80.2334365845,69977,69987,10
13.0492401123,80.2335968018,69987,69997,10
13.0494203568,80.2336502075,69997,70007,10
13.0497303009,80.2337112427,70007,70017,10
13.050160408,80.2337722778,70017,70027,10
13.0505199432,80.2338180542,70027,70038,11
13.0506401062,80.2338485718,70038,70048,10
13.0510101318,80.2339096069,70048,70058,10
13.0515098572,80.2340164185,70058,70068,10
13.0519800186,80.2341003418,70068,70078,10
13.0525798798,80.2342681885,70078,70088,10
13.0531997681,80.2344207764,70088,70098,10
13.0535802841,80.2344970703,70098,70108,10
13.0537395477,80.234703064,70108,70118,10
13.0536603928,80.2351379395,70118,70128,10
13.0536403656,80.2352828979,70128,70139,11
13.0538196564,80.2353668213,70139,70149,10
13.0541496277,80.2353515625,70149,70159,10
13.0544500351,80.2353210449,70159,70169,10
13.0548400879,80.2353515625,70169,70179,10
13.0554199219,80.2353820801,70179,70189,10
13.0557098389,80.2353973389,70189,70199,10
13.0558900833,80.2354125977,70199,70212,13
13.0559797287,80.2352218628,70212,70222,10
13.0559997559,80.2349014282,70222,70232,10
13.0559997559,80.2348937988,70232,70243,11
13.0558700562,80.2348098755,70243,70253,10
13.0554103851,80.2347793579,70253,70263,10
13.0548601151,80.2347869873,70263,70273,10
13.0542802811,80.2347793579,70273,70283,10
13.0537004471,80.2346878052,70283,70293,10
13.0531797409,80.2345199585,70293,70303,10
13.0525197983,80.2343063354,70303,70313,10
13.05189991,80.2341308594,70313,70323,10
13.0513601303,80.2340011597,70323,70334,11
13.0508499146,80.2340393066,70334,70344,10
13.0507698059,80.2344894409,70344,70354,10
13.0506496429,80.2351608276,70354,70364,10
13.0505304337,80.2358627319,70364,70374,10
13.0504198074,80.2363815308,70374,70384,10
13.0503196716,80.2369308472,70384,70394,10
13.0502004623,80.2375564575,70394,70404,10
13.0501203537,80.2379608154,70404,70414,10
13.0500497818,80.238319397,70414,70424,10
13.0499696732,80.2388000488,70424,70435,11
13.0498895645,80.2391967773,70435,70445,10
13.0497198105,80.2392272949,70445,70455,10
13.0495500565,80.2392120361,70455,70465,10
13.0490999222,80.2390823364,70465,70475,10
13.048500061,80.238899231,70475,70485,10
13.0479602814,80.2387619019,70485,70494,9
13.0474996567,80.2386398315,70494,70505,11
13.0472002029,80.2385635376,70505,70515,10
13.0468597412,80.2384796143,70515,70525,10
13.0465297699,80.2383422852,70525,70536,11
13.0465402603,80.2379684448,70536,70546,10
13.0466299057,80.2374420166,70546,70556,10
13.0467596054,80.2368087769,70556,70566,10
13.0469102859,80.2362823486,70566,70576,10
13.0469799042,80.2359313965,70576,70586,10
13.0470104218,80.2357406616,70586,70596,10
13.0470504761,80.2354202271,70596,70606,10
13.0471200943,80.2348175049,70606,70616,10
13.047129631,80.2342071533,70616,70626,10
13.047249794,80.2337493896,70626,70637,11
13.0472602844,80.2332611084,70637,70647,10
13.0470399857,80.2331008911,70647,70657,10
13.0466299057,80.2330932617,70657,70667,10
13.0464496613,80.2330093384,70667,70677,10
13.0460195541,80.2329025269,70677,70687,10
13.0455799103,80.2328262329,70687,70697,10
13.0451602936,80.2327270508,70697,70717,20
13.0451602936,80.2327270508,70717,70727,10
13.0449199677,80.2326965332,70727,70738,11
13.0443696976,80.2325820923,70738,70748,10
13.0436296463,80.2324676514,70748,70764,16
13.0426702499,80.2324295044,70764,70776,12
13.0419502258,80.232421875,70776,70786,10
13.0414600372,80.2322921753,70786,70796,10
13.0407400131,80.232093811,70796,70806,10
13.040019989,80.2318496704,70806,70816,10
13.0393199921,80.2316436768,70816,70826,10
13.0387201309,80.2314910889,70826,70837,11
13.0379495621,80.2312469482,70837,70847,10
13.0373001099,80.2310180664,70847,70857,10
13.0368795395,80.2308578491,70857,70867,10
13.0366697311,80.2307815552,70867,70877,10
13.0359296799,80.2305603027,70877,70917,40
13.0359296799,80.2305603027,70917,70928,11
13.0357303619,80.2304000854,70928,70938,10
13.035610199,80.2304000854,70938,70948,10
13.0352602005,80.2303619385,70948,70978,30
13.0352602005,80.2303619385,70978,70988,10
13.0350399017,80.2303085327,70988,70998,10
13.0349197388,80.2302093506,70998,71008,10
13.0349502563,80.2300491333,71008,71018,10
13.0349903107,80.229927063,71018,71029,11
13.0345802307,80.2298583984,71029,71069,40
13.0345802307,80.2298583984,71069,71079,10
13.0342102051,80.2298736572,71079,71119,40
13.0342102051,80.2298736572,71119,71130,11
13.0339202881,80.2299575806,71130,71140,10
13.0336503983,80.2299118042,71140,71150,10
13.0333995819,80.2300796509,71150,71160,10
13.0333595276,80.2304000854,71160,72786,1626
13.0332202911,80.2304229736,72786,75122,2336
13.033200264,80.2304534912,75122,79355,4233
13.0331802368,80.2302703857,79355,79719,364
13.0334396362,80.2303771973,79719,84538,4819
