13.0991401672,80.2414016724,18,9379,9361
13.0990800858,80.2413864136,9379,9480,101
13.0992202759,80.2413787842,9480,20994,11514
13.0992202759,80.2413787842,20994,21005,11
13.0990104675,80.2410125732,21005,21015,10
13.0989599228,80.2407913208,21015,21025,10
13.0983800888,80.2406997681,21025,21782,757
13.0983800888,80.2406997681,21782,21792,10
13.0985498428,80.240737915,21792,21802,10
13.0985603333,80.2409286499,21802,21812,10
13.0988502502,80.2411804199,21812,21822,10
13.0988702774,80.2414016724,21822,21833,11
13.0988397598,80.2416229248,21833,21843,10
13.0988197327,80.2417221069,21843,21853,10
13.0988197327,80.241859436,21853,21863,10
13.0987997055,80.2420272827,21863,21873,10
13.0987701416,80.2421417236,21873,21883,10
13.0986204147,80.2422866821,21883,21893,10
13.0984096527,80.2423477173,21893,21903,10
13.0980396271,80.2422866821,21903,21913,10
13.0976295471,80.2422332764,21913,21923,10
13.0976104736,80.2422332764,21923,21934,11
13.0974798203,80.2422103882,21934,21944,10
13.0974302292,80.2419204712,21944,21954,10
13.0975503922,80.2413787842,21954,21964,10
13.0976200104,80.2408828735,21964,21980,16
13.0977096558,80.2398223877,21980,21992,12
13.0977602005,80.2390136719,21992,22002,10
13.097869873,80.2383270264,22002,22012,10
13.0980997086,80.2370986938,22012,22022,10
13.0982599258,80.2360916138,22022,22032,10
13.098400116,80.2351837158,22032,22043,11
13.0985202789,80.2342071533,22043,22053,10
13.0985803604,80.2334518433,22053,22063,10
13.0987501144,80.2325515747,22063,22073,10
13.0990200043,80.2316970825,22073,22083,10
13.0994195938,80.2307662964,22083,22093,10
13.0996704102,80.2300033569,22093,22103,10
13.0998601913,80.2290725708,22103,22113,10
13.1000204086,80.2280197144,22113,22123,10
13.1000404358,80.2270278931,22123,22133,10
13.1000003815,80.2261810303,22133,22144,11
13.0998802185,80.2251586914,22144,22154,10
13.0997104645,80.2245178223,22154,22164,10
13.099439621,80.2238693237,22164,22174,10
13.099240303,80.2236099243,22174,22184,10
13.0990600586,80.2233581543,22184,22194,10
13.098859787,80.2231063843,22194,22204,10
13.098739624,80.2228164673,22204,22214,10
13.098739624,80.2221069336,22214,22224,10
13.098859787,80.2211608887,22224,22234,10
13.0990400314,80.2200927734,22234,22245,11
13.0991601944,80.2193527222,22245,22255,10
13.0992298126,80.2190093994,22255,22265,10
13.0993499756,80.2183074951,22265,22275,10
13.09953022,80.217338562,22275,22285,10
13.0998802185,80.2162780762,22285,22295,10
13.0999603271,80.2156829834,22295,22305,10
13.1001501083,80.2153015137,22305,22315,10
13.1002397537,80.2146530151,22315,22356,41
13.1002397537,80.2146530151,22356,22366,10
13.1002502441,80.2145385742,22366,22376,10
13.0999698639,80.2144012451,22376,22386,10
13.0995798111,80.2143173218,22386,22396,10
13.0990896225,80.2141876221,22396,22406,10
13.0986604691,80.2140274048,22406,22416,10
13.0984096527,80.2142715454,22416,22426,10
13.0981302261,80.2148971558,22426,22436,10
13.0977802277,80.2157516479,22436,22447,11
13.0973997116,80.2166976929,22447,22457,10
13.0973596573,80.2167892456,22457,22467,10
13.0972003937,80.2172317505,22467,22477,10
13.0969200134,80.2180023193,22477,22487,10
13.0965900421,80.2190170288,22487,22497,10
13.0962095261,80.2200927734,22497,22507,10
13.0958204269,80.2211685181,22507,22517,10
13.0955896378,80.2218322754,22517,22526,9
13.0954198837,80.2223815918,22526,22537,11
13.0953798294,80.2224578857,22537,22547,10
13.095199585,80.22290802,22547,22558,11
13.0947599411,80.2236709595,22558,22568,10
13.0941200256,80.2245025635,22568,22578,10
13.0936899185,80.2250595093,22578,22588,10
13.0935497284,80.2252197266,22588,22598,10
13.0931301117,80.2256698608,22598,22608,10
13.0925302505,80.2262802124,22608,22618,10
13.0918998718,80.2269363403,22618,22628,10
13.091340065,80.2275466919,22628,22638,10
13.0912704468,80.2276229858,22638,22648,10
13.0911397934,80.2277069092,22648,22659,11
13.0907402039,80.2281417847,22659,22669,10
13.0902299881,80.2286987305,22669,22679,10
13.0896196365,80.2294006348,22679,22689,10
13.089220047,80.2301025391,22689,22705,16
13.0889797211,80.2306518555,22705,22717,12
13.0888395309,80.2309265137,22717,22727,10
13.0887804031,80.2310562134,22727,22737,10
13.0886602402,80.2313537598,22737,22748,11
13.0884799957,80.231918335,22748,22759,11
13.0882196426,80.2328186035,22759,22769,10
13.0880498886,80.2337265015,22769,22779,10
13.0879001617,80.2344436646,22779,22789,10
13.0873003006,80.2345733643,22789,22799,10
13.0864400864,80.2345199585,22799,22809,10
13.0856103897,80.2343521118,22809,22819,10
13.0846796036,80.2341308594,22819,22829,10
13.0837602615,80.2339096069,22829,22839,10
13.0830402374,80.2338027954,22839,22849,10
13.0824203491,80.2336273193,22849,22859,10
13.082400322,80.2336273193,22859,22870,11
13.0822401047,80.2336120605,22870,22880,10
13.0819597244,80.233581543,22880,22890,10
13.0813703537,80.2335510254,22890,22900,10
13.0805997849,80.2335205078,22900,22910,10
13.0798797607,80.233543396,22910,22920,10
13.0795698166,80.2335205078,22920,22930,10
13.0795001984,80.233543396,22930,22940,10
13.0790395737,80.2335586548,22940,22950,10
13.0783195496,80.233581543,22950,22960,10
13.0774402618,80.2336425781,22960,22971,11
13.0763101578,80.2338409424,22971,22981,10
13.0759897232,80.2338867188,22981,22991,10
13.0758695602,80.2338562012,22991,23001,10
13.0758895874,80.234336853,23001,23011,10
13.0760602951,80.2351074219,23011,23021,10
13.076259613,80.2361221313,23021,23031,10
13.0764503479,80.2370681763,23031,23041,10
13.0765104294,80.2372589111,23041,23051,10
13.0766296387,80.2377090454,23051,23072,21
13.0766296387,80.2377090454,23072,23082,10
13.0767002106,80.2378311157,23082,23092,10
13.0767602921,80.238243103,23092,23102,10
13.0768995285,80.238899231,23102,23112,10
13.0770702362,80.2396316528,23112,23122,10
13.0771999359,80.2402801514,23122,23132,10
13.0772399902,80.2404022217,23132,23142,10
13.0772304535,80.2405014038,23142,23152,10
13.0770101547,80.2407073975,23152,23162,10
13.0764198303,80.2405700684,23162,23173,11
13.0755395889,80.2405319214,23173,23183,10
13.0747203827,80.2405319214,23183,23193,10
13.0738897324,80.2405776978,23193,23203,10
13.0730495453,80.2408218384,23203,23213,10
13.0720596313,80.241317749,23213,23223,10
13.070980072,80.2418289185,23223,23233,10
13.0702199936,80.2420730591,23233,23243,10
13.0701799393,80.2420578003,23243,23253,10
13.0698404312,80.2421188354,23253,23263,10
13.0693798065,80.2422409058,23263,23274,11
13.0687999725,80.2424926758,23274,23284,10
13.0680198669,80.2427062988,23284,23294,10
13.0670604706,80.2431106567,23294,23304,10
13.0661802292,80.2436065674,23304,23314,10
13.0662002563,80.2444534302,23314,23324,10
13.0662899017,80.2452163696,23324,23334,10
13.066570282,80.2459564209,23334,23343,9
13.0673799515,80.2462768555,23343,23354,11
13.067779541,80.2464981079,23354,23364,10
13.0678195953,80.2465286255,23364,23374,10
13.0679397583,80.246963501,23374,23385,11
13.0678796768,80.2477874756,23385,23395,10
13.0671195984,80.2479400635,23395,23405,10
13.0662097931,80.2478485107,23405,23414,9
13.0652198792,80.2478103638,23414,23425,11
13.0640201569,80.2476882935,23425,23435,10
13.0628595352,80.2476425171,23435,23445,10
13.0619096756,80.2475662231,23445,23455,10
13.0613603592,80.2470779419,23455,23465,10
13.0616798401,80.24659729,23465,23475,10
13.0619401932,80.2458572388,23475,23486,11
13.0624103546,80.2449264526,23486,23496,10
13.063079834,80.2444381714,23496,23506,10
13.0631504059,80.2442932129,23506,23516,10
13.0631999969,80.2442779541,23516,23526,10
13.0633802414,80.243927002,23526,23536,10
13.0633296967,80.2435073853,23536,23546,10
13.062669754,80.2433624268,23546,23556,10
13.0618600845,80.2432098389,23556,23566,10
13.0611696243,80.2430725098,23566,23576,10
13.0605096817,80.2428588867,23576,23587,11
13.0598897934,80.2426681519,23587,23597,10
13.059220314,80.2425689697,23597,23613,16
13.0588903427,80.2426071167,23613,23625,12
13.0585298538,80.2426605225,23625,23635,10
13.0580596924,80.242767334,23635,23645,10
13.0570297241,80.2428207397,23645,23655,10
13.0560703278,80.242401123,23655,23665,10
13.0550403595,80.2423095703,23665,23675,10
13.0539798737,80.2423324585,23675,23685,10
13.0537595749,80.2422637939,23685,23695,10
13.0536403656,80.2421798706,23695,23706,11
13.0530595779,80.241897583,23706,23716,10
13.0524396896,80.2414169312,23716,23726,10
13.0520095825,80.2407836914,23726,23736,10
13.0516395569,80.2407073975,23736,23746,10
13.0510997772,80.2406082153,23746,23756,10
13.0509300232,80.2405776978,23756,23766,10
13.050860405,80.2405395508,23766,23776,10
13.0503997803,80.2404403687,23776,23786,10
13.0496702194,80.2402877808,23786,23797,11
13.0489702225,80.2401275635,23797,23807,10
13.0481700897,80.2399597168,23807,23817,10
13.0471696854,80.2397613525,23817,23827,10
13.0463399887,80.2395629883,23827,23837,10
13.0463695526,80.2392501831,23837,23847,10
13.0464496613,80.2387771606,23847,23857,10
13.0465602875,80.2379989624,23857,23867,10
13.0467700958,80.2370376587,23867,23877,10
13.0469398499,80.2362365723,23877,23887,10
13.0470199585,80.2358779907,23887,23898,11
13.0470695496,80.2356185913,23898,23908,10
13.047129631,80.2352828979,23908,23918,10
13.0472202301,80.2345428467,23918,23928,10
13.0472803116,80.2336425781,23928,23938,10
13.0472297668,80.2330627441,23938,23948,10
13.0466499329,80.232963562,23948,23958,10
13.0458498001,80.2328109741,23958,23968,10
13.0452604294,80.2326583862,23968,23978,10
13.0452404022,80.2326507568,23978,23988,10
13.0448799133,80.2325668335,23988,23999,11
13.0440702438,80.2324295044,23999,24009,10
13.0433597565,80.2323226929,24009,24019,10
13.0426197052,80.2323226929,24019,24029,10
13.0418796539,80.2322769165,24029,24039,10
13.0410499573,80.2320709229,24039,24049,10
13.0401496887,80.2317504883,24049,24059,10
13.0392103195,80.2314834595,24059,24069,10
13.0382404327,80.2312011719,24069,24079,10
13.0372400284,80.2308883667,24079,24089,10
13.0367698669,80.2307510376,24089,24100,11
13.0363197327,80.2305908203,24100,24110,10
13.0356197357,80.2303771973,24110,24120,10
13.0352697372,80.2302932739,24120,24140,20
13.0352697372,80.2302932739,24140,24150,10
13.0349197388,80.2302322388,24150,24160,10
13.0345697403,80.2302932739,24160,24170,10
13.0340995789,80.2304077148,24170,24180,10
13.0336999893,80.2304534912,24180,24191,11
13.0334997177,80.2304916382,24191,24201,10
13.0333595276,80.2305221558,24201,24211,10
13.0327796936,80.2305603027,24211,24221,10
13.0320501328,80.2306213379,24221,24231,10
13.0311899185,80.230682373,24231,24241,10
13.030790329,80.23072052,24241,24251,10
13.0306301117,80.2307281494,24251,24261,10
13.0301504135,80.2307662964,24261,24271,10
13.0298900604,80.2308273315,24271,24281,10
13.0296802521,80.2308502197,24281,24291,10
13.0291595459,80.2309036255,24291,24302,11
13.0283203125,80.2309799194,24302,24312,10
13.0277500153,80.2310409546,24312,24322,10
13.0277004242,80.2313613892,24322,24332,10
13.0277700424,80.2319335938,24332,24342,10
13.0278596878,80.2325134277,24342,24352,10
13.0276699066,80.2328033447,24352,24362,10
13.0270996094,80.2329483032,24362,24372,10
13.0267801285,80.2329788208,24372,24382,10
13.02643013,80.2327804565,24382,24392,10
13.0261898041,80.2321014404,24392,24402,10
13.0259504318,80.2311935425,24402,24412,10
13.0255203247,80.230178833,24412,24423,11
13.0247802734,80.2292098999,24423,24433,10
13.0246200562,80.2289962769,24433,24443,10
13.0244598389,80.2288131714,24443,24453,10
13.0239696503,80.2282180786,24453,24473,20
13.0239696503,80.2282180786,24473,24483,10
13.0237903595,80.2279891968,24483,24493,10
13.0234003067,80.2276077271,24493,24503,10
13.0228796005,80.2270812988,24503,24514,11
13.0221595764,80.2264175415,24514,24524,10
13.0213804245,80.2257766724,24524,24534,10
13.0205602646,80.2251586914,24534,24544,10
13.0197601318,80.2246398926,24544,24554,10
13.0188503265,80.2244415283,24554,24564,10
13.0184297562,80.2246170044,24564,24574,10
13.0179004669,80.224822998,24574,24584,10
13.0171203613,80.2251586914,24584,24594,10
13.0164403915,80.2254714966,24594,24604,10
13.0158004761,80.2256774902,24604,24615,11
13.0149803162,80.226020813,24615,24625,10
13.014380455,80.2262802124,24625,24635,10
13.0143404007,80.2262878418,24635,24645,10
13.014289856,80.2263412476,24645,24655,10
13.0138597488,80.2265014648,24655,24665,10
13.0131196976,80.2267837524,24665,24675,10
13.012169838,80.2271499634,24675,24685,10
13.0111198425,80.2275695801,24685,24695,10
13.0100603104,80.2279891968,24695,24706,11
13.009180069,80.2286376953,24706,24716,10
13.008939743,80.2297363281,24716,24726,10
13.0087299347,80.2308883667,24726,24736,10
13.0085000992,80.2320327759,24736,24746,10
13.0083198547,80.2331390381,24746,24756,10
13.0082798004,80.2334976196,24756,24766,10
13.0081796646,80.23387146,24766,24776,10
13.0080404282,80.2345275879,24776,24786,10
13.0078601837,80.2354431152,24786,24796,10
13.0076303482,80.236579895,24796,24806,10
13.0073795319,80.23777771,24806,24816,10
13.0071697235,80.2389602661,24816,24827,11
13.0069303513,80.2400588989,24827,24847,20
13.0069303513,80.2400588989,24847,24857,10
13.0069198608,80.2403411865,24857,24867,10
13.0068798065,80.2407608032,24867,24877,10
13.0067996979,80.2413406372,24877,24887,10
13.0067596436,80.2421875,24887,24897,10
13.0067195892,80.2429962158,24897,24907,10
13.0066900253,80.2440490723,24907,24917,10
13.0066795349,80.2450408936,24917,24928,11
13.0067195892,80.2460632324,24928,24938,10
13.006770134,80.2468032837,24938,24948,10
13.0067796707,80.2470779419,24948,24958,10
13.0067596436,80.247467041,24958,24968,10
13.0067501068,80.2481765747,24968,24978,10
13.0068397522,80.249130249,24978,24988,10
13.0068998337,80.2494888306,24988,24998,10
13.0069198608,80.2496871948,24998,25008,10
13.0068998337,80.2502593994,25008,25018,10
13.0068798065,80.2510070801,25018,25029,11
13.0067195892,80.2519073486,25029,25039,10
13.0066003799,80.2529602051,25039,25049,10
13.0066099167,80.2541275024,25049,25059,10
13.0066604614,80.2549667358,25059,25069,10
13.0066604614,80.2557678223,25069,25079,10
13.0066604614,80.2566375732,25079,25089,10
13.0067100525,80.2570037842,25089,25099,10
13.0067796707,80.2573394775,25099,25109,10
13.0065898895,80.2575073242,25109,25119,10
13.0061502457,80.2574386597,25119,25130,11
13.0055398941,80.2573318481,25130,25140,10
13.0050096512,80.2572097778,25140,25150,10
13.0043001175,80.2570724487,25150,25160,10
13.0036001205,80.256942749,25160,25170,10
13.0029201508,80.2567977905,25170,25180,10
13.0022096634,80.2566833496,25180,25190,10
13.001540184,80.2565994263,25190,25200,10
13.0006599426,80.2564620972,25200,25210,10
13.000120163,80.256401062,25210,25226,16
12.9999103546,80.2563705444,25226,25239,13
12.999540329,80.2562637329,25239,25249,10
12.9990100861,80.2561416626,25249,25258,9
12.9987201691,80.2561035156,25258,25269,11
12.9982204437,80.2560424805,25269,25279,10
12.9977302551,80.2559661865,25279,25288,9
12.9971103668,80.2559585571,25288,25299,11
12.9969301224,80.2564620972,25299,25309,10
12.9968900681,80.256980896,25309,25319,10
12.9968996048,80.2570266724,25319,25329,10
12.9968500137,80.2574615479,25329,25340,11
12.9967498779,80.2583236694,25340,25350,10
12.996629715,80.2593231201,25350,25360,10
12.9965801239,80.2598571777,25360,25370,10
12.9965400696,80.2602233887,25370,25380,10
12.9964504242,80.2609710693,25380,25390,10
12.9963598251,80.2618637085,25390,25400,10
12.9962997437,80.262336731,25400,25410,10
12.9962596893,80.2625427246,25410,25420,10
12.9961900711,80.2630233765,25420,25430,10
12.9961204529,80.2638168335,25430,25441,11
12.9960203171,80.2648468018,25441,25451,10
12.9959802628,80.2652282715,25451,25461,10
12.9959402084,80.2656784058,25461,25471,10
12.9958600998,80.2664718628,25471,25481,10
12.995759964,80.267288208,25481,25491,10
12.9957504272,80.267578125,25491,25501,10
12.9957399368,80.2676315308,25501,25511,10
12.9960002899,80.2676773071,25511,25521,10
12.9963903427,80.2677307129,25521,25531,10
12.9970197678,80.2676925659,25531,25542,11
12.9979000092,80.2674484253,25542,25552,10
12.9988002777,80.2671813965,25552,25562,10
13.0000295639,80.2666702271,25562,25582,20
13.0000295639,80.2666702271,25582,25592,10
13.0001296997,80.266418457,25592,25602,10
13.0003004074,80.2657012939,25602,25703,101
13.0003004074,80.2657012939,25703,25713,10
13.0003204346,80.2659683228,25713,25754,41
13.0003595352,80.2662963867,25754,26592,838
13.0003595352,80.2662963867,26592,26602,10
13.0003499985,80.2664108276,26602,26612,10
13.000289917,80.2667388916,26612,26622,10
12.9999599457,80.2669372559,26622,26632,10
12.9993000031,80.2671279907,26632,26642,10
12.9983997345,80.2674026489,26642,26652,10
12.9978103638,80.267578125,26652,26662,10
12.997010231,80.267791748,26662,26672,10
12.9959602356,80.2677536011,26672,26683,11
12.9956798553,80.2675323486,26683,26693,10
12.9956903458,80.2673797607,26693,26703,10
12.9957199097,80.2671279907,26703,26713,10
12.9957799911,80.2665176392,26713,26723,10
12.995880127,80.2656707764,26723,26733,10
12.9959802628,80.2647781372,26733,26743,10
12.9960899353,80.2637405396,26743,26759,16
12.9962100983,80.262588501,26759,26771,12
12.9962396622,80.2624588013,26771,26782,11
12.9962997437,80.262008667,26782,26792,10
12.9963798523,80.2613220215,26792,26801,9
12.9964704514,80.2604293823,26801,26812,11
12.9965801239,80.2593994141,26812,26822,10
12.9966697693,80.2584533691,26822,26830,8
12.9967403412,80.2577514648,26830,26842,12
12.9968395233,80.2567596436,26842,26852,10
12.9968700409,80.2563400269,26852,26862,10
12.9968900681,80.2561035156,26862,26872,10
12.9970998764,80.2558364868,26872,26882,10
12.9976596832,80.2558898926,26882,26893,11
12.9986896515,80.2559967041,26893,26913,20
12.9989004135,80.2560272217,26913,26943,30
12.9989004135,80.2560272217,26943,26953,10
12.9990797043,80.2560577393,26953,26963,10
12.9994802475,80.256149292,26963,26973,10
13.0000295639,80.2562713623,26973,26984,11
13.0006504059,80.2563781738,26984,26994,10
13.0010004044,80.2564620972,26994,27006,12
13.0010795593,80.256477356,27006,27016,10
13.0016403198,80.2565612793,27016,27026,10
13.0024404526,80.2566986084,27026,27036,10
13.0032501221,80.2568511963,27036,27045,9
13.0040597916,80.2570037842,27045,27056,11
13.0054197311,80.257270813,27056,27066,10
13.0064001083,80.2574615479,27066,27076,10
13.0065603256,80.2569198608,27076,27086,10
13.0065498352,80.2559585571,27086,27097,11
13.0065698624,80.2546615601,27097,27107,10
13.0065603256,80.2534713745,27107,27117,10
13.0065498352,80.2531204224,27117,27127,10
13.0065402985,80.252746582,27127,27137,10
13.0065498352,80.2527008057,27137,27147,10
13.0066404343,80.2520370483,27147,27208,61
13.0066404343,80.2520370483,27208,27218,10
13.0067195892,80.2517318726,27218,27228,10
13.0067996979,80.2509994507,27228,27238,10
13.0067796707,80.249961853,27238,27254,16
13.0066995621,80.2483596802,27254,27266,12
13.0066604614,80.2478485107,27266,27274,8
13.0066699982,80.2473983765,27274,27285,11
13.006649971,80.246963501,27285,27296,11
13.0065803528,80.2465667725,27296,27307,11
13.0066299438,80.2464370728,27307,27317,10
13.0066404343,80.2458114624,27317,27327,10
13.0066604614,80.2449188232,27327,27337,10
13.0066299438,80.2439880371,27337,27346,9
13.0065898895,80.2431335449,27346,27357,11
13.0065498352,80.2422103882,27357,27367,10
13.0065498352,80.2416992188,27367,27376,9
13.0065803528,80.2413787842,27376,27387,11
13.0066604614,80.2406387329,27387,27397,10
13.006770134,80.2401580811,27397,27408,11
13.0069303513,80.2394180298,27408,27418,10
13.007109642,80.2384719849,27418,27428,10
13.0073204041,80.237487793,27428,27438,10
13.0074501038,80.2368392944,27438,27448,10
13.0076398849,80.2360687256,27448,27458,10
13.0078401566,80.2350997925,27458,27468,10
13.0080604553,80.2339782715,27468,27478,10
13.0082902908,80.2327728271,27478,27488,10
13.0085401535,80.2314987183,27488,27499,11
13.0088100433,80.2300872803,27499,27509,10
13.009059906,80.2288208008,27509,27518,9
13.0093898773,80.2277526855,27518,27529,11
13.0099401474,80.2265167236,27529,27539,10
13.0104503632,80.225479126,27539,27549,10
13.0109300613,80.2244415283,27549,27559,10
13.0113401413,80.2234420776,27559,27569,10
13.0117101669,80.2225036621,27569,27579,10
13.0120401382,80.2215194702,27579,27589,10
13.0123796463,80.2214736938,27589,27599,10
13.0127000809,80.2219314575,27599,27610,11
13.0132799149,80.2226028442,27610,27620,10
13.0138597488,80.2232284546,27620,27630,10
13.0142803192,80.2237625122,27630,27640,10
13.0148200989,80.2242965698,27640,27650,10
13.0152702332,80.2247619629,27650,27660,10
13.0155000687,80.2249221802,27660,27676,16
13.0156402588,80.2250289917,27676,27688,12
13.0163297653,80.2253112793,27688,27696,8
13.0170602798,80.225112915,27696,27709,13
13.0184001923,80.224571228,27709,27719,10
13.0193595886,80.2243804932,27719,27729,10
13.019610405,80.2244415283,27729,27737,8
13.0197000504,80.2245025635,27737,27749,12
13.0200996399,80.2248001099,27749,27759,10
13.0205698013,80.2251281738,27759,27769,10
13.0211801529,80.2255706787,27769,27779,10
13.0218200684,80.226020813,27779,27788,9
13.0220003128,80.2261962891,27788,27799,11
13.0221395493,80.22631073,27799,27809,10
13.0226297379,80.2267379761,27809,27820,11
13.0233201981,80.2273635864,27820,27830,10
13.0238704681,80.2278671265,27830,27840,10
13.0243301392,80.2283630371,27840,27851,11
13.0248003006,80.2290420532,27851,27860,9
13.025179863,80.2295837402,27860,27871,11
13.0256204605,80.2301177979,27871,27881,10
13.0258398056,80.2304992676,27881,27891,10
13.0259103775,80.2306518555,27891,27901,10
13.02602005,80.2310028076,27901,27912,11
13.0263204575,80.2313079834,27912,27922,10
13.0270700455,80.2311325073,27922,27932,10
13.0279798508,80.2309570313,27932,27942,10
13.0285196304,80.2309036255,27942,27952,10
13.0285902023,80.2309036255,27952,27962,10
13.028960228,80.2308731079,27962,27972,10
13.029009819,80.2308578491,27972,27982,10
13.0293798447,80.2308273315,27982,27992,10
13.0299196243,80.2307662964,27992,28002,10
13.0303697586,80.2307434082,28002,28012,10
13.03083992,80.2306976318,28012,28023,11
13.0313196182,80.2306594849,28023,28033,10
13.0318403244,80.2306289673,28033,28043,10
13.032409668,80.2305679321,28043,28053,10
13.0329999924,80.2305297852,28053,28063,10
13.033539772,80.2304916382,28063,28073,10
13.0338802338,80.23046875,28073,28083,10
13.034119606,80.230430603,28083,28093,10
13.0343599319,80.2303695679,28093,28134,41
13.0343599319,80.2303695679,28134,28144,10
13.0344104767,80.2303390503,28144,28174,30
13.0344104767,80.2303390503,28174,28184,10
13.0346803665,80.2303390503,28184,28194,10
13.0347795486,80.2303466797,28194,28204,10
13.0349597931,80.2306213379,28204,28214,10
13.0349197388,80.2310562134,28214,28225,11
13.0348300934,80.2317733765,28225,28235,10
13.0347003937,80.2326507568,28235,28245,10
13.0346002579,80.2336196899,28245,28255,10
13.0344696045,80.2347412109,28255,28265,10
13.0343198776,80.2359008789,28265,28275,10
13.0341901779,80.2369918823,28275,28285,10
13.0344200134,80.2376022339,28285,28295,10
13.0348396301,80.2382202148,28295,28305,10
13.035320282,80.2389831543,28305,28315,10
13.0359296799,80.2393798828,28315,28325,10
13.0369701385,80.2395019531,28325,28336,11
13.0378198624,80.2396011353,28336,28346,10
13.0387096405,80.2397079468,28346,28356,10
13.0394496918,80.2397994995,28356,28366,10
13.0400495529,80.2398834229,28366,28376,10
13.0403995514,80.2400283813,28376,28386,10
13.0405101776,80.2405090332,28386,28396,10
13.0409002304,80.2405700684,28396,28406,10
13.0409803391,80.2405776978,28406,28416,10
13.0413799286,80.2406082153,28416,28426,10
13.042090416,80.240737915,28426,28437,11
13.0430402756,80.240852356,28437,28447,10
13.0438804626,80.2409591675,28447,28457,10
13.0443201065,80.2407302856,28457,28467,10
13.0445899963,80.2405166626,28467,28476,9
13.0446395874,80.2404785156,28476,28486,10
13.0450000763,80.2402496338,28486,28497,11
13.0456399918,80.2398300171,28497,28507,10
13.046210289,80.2395172119,28507,28517,10
13.0465202332,80.2395935059,28517,28527,10
13.0467195511,80.2396392822,28527,28538,11
13.0473804474,80.2397766113,28538,28548,10
13.0481595993,80.2399368286,28548,28558,10
13.049030304,80.2400970459,28558,28568,10
13.0497198105,80.2402496338,28568,28578,10
13.0502195358,80.2403564453,28578,28588,10
13.0508403778,80.2405014038,28588,28598,10
13.0510997772,80.240562439,28598,28608,10
13.0511798859,80.2405929565,28608,28618,10
13.0515604019,80.2406768799,28618,28628,10
13.052189827,80.2407913208,28628,28639,11
13.0523004532,80.2407989502,28639,28649,10
13.0525503159,80.2410736084,28649,28659,10
13.0526399612,80.2414627075,28659,28669,10
13.0530900955,80.2418518066,28669,28679,10
13.0539398193,80.2422332764,28679,28699,20
13.0539398193,80.2422332764,28699,28709,10
13.0542201996,80.2423019409,28709,28719,10
13.0549602509,80.2423324585,28719,28729,10
13.0558204651,80.2423019409,28729,28739,10
13.0565004349,80.2425994873,28739,28750,11
13.0569896698,80.2426681519,28750,28760,10
13.0575304031,80.2427902222,28760,28770,10
13.0579204559,80.2427825928,28770,28780,10
13.0579996109,80.2427597046,28780,28790,10
13.0584802628,80.2426376343,28790,28800,10
13.0592098236,80.2424926758,28800,28810,10
13.0600404739,80.2426834106,28810,28820,10
13.0605802536,80.2428817749,28820,28830,10
13.0611200333,80.243057251,28830,28840,10
13.0617399216,80.2432098389,28840,28851,11
13.0621995926,80.2432785034,28851,28861,10
13.0625400543,80.243347168,28861,28871,10
13.062620163,80.2433776855,28871,28881,10
13.0629796982,80.2434387207,28881,28891,10
13.0635900497,80.243522644,28891,28901,10
13.0643100739,80.2435379028,28901,28911,10
13.0649900436,80.2435302734,28911,28921,10
13.0653800964,80.2435531616,28921,28952,31
13.0653800964,80.2435531616,28952,28962,10
13.065779686,80.2435302734,28962,28972,10
13.0662403107,80.2434310913,28972,28982,10
13.0666399002,80.2433013916,28982,28992,10
13.0671195984,80.2430877686,28992,29002,10
13.0676803589,80.2428131104,29002,29012,10
13.0684299469,80.2426071167,29012,29022,10
13.0690898895,80.2423782349,29022,29032,10
13.069849968,80.2421264648,29032,29043,11
13.0700902939,80.2421035767,29043,29053,10
13.0701799393,80.2420806885,29053,29063,10
13.070599556,80.2419586182,29063,29073,10
13.0713396072,80.2417297363,29073,29083,10
13.0721597672,80.2413024902,29083,29093,10
13.072930336,80.240852356,29093,29103,10
13.073800087,80.2405929565,29103,29113,10
13.0748796463,80.2404937744,29113,29123,10
13.075799942,80.2404937744,29123,29133,10
13.0769195557,80.2405776978,29133,29143,10
13.0771303177,80.2401275635,29143,29154,11
13.076880455,80.2392272949,29154,29164,10
13.0766096115,80.2381896973,29164,29174,10
13.0763702393,80.2371520996,29174,29194,20
13.0763702393,80.2371520996,29194,29204,10
13.0763196945,80.2367630005,29204,29214,10
13.0762395859,80.2360305786,29214,29224,10
13.0760297775,80.2351379395,29224,29234,10
13.0757703781,80.234161377,29234,29285,51
13.0757703781,80.234161377,29285,29295,10
13.0757703781,80.2338790894,29295,29305,10
13.0761804581,80.2337417603,29305,29315,10
13.0767002106,80.2336730957,29315,29325,10
13.0768699646,80.2336730957,29325,29335,10
13.0774297714,80.233581543,29335,29345,10
13.0781803131,80.233543396,29345,29355,10
13.078619957,80.2335205078,29355,29366,11
13.0788803101,80.2335281372,29366,29376,10
13.0792198181,80.2335205078,29376,29386,10
13.0795698166,80.2335205078,29386,29396,10
13.0801200867,80.2334976196,29396,29406,10
13.0802602768,80.2334976196,29406,29416,10
13.0806398392,80.2335205078,29416,29426,10
13.0813798904,80.2335586548,29426,29436,10
13.0819997787,80.2334976196,29436,29446,10
13.0820598602,80.2328872681,29446,29456,10
13.0823001862,80.232093811,29456,29467,11
13.0826597214,80.2312164307,29467,29477,10
13.0829696655,80.2306594849,29477,29487,10
13.0831699371,80.2310714722,29487,29497,10
13.0832099915,80.2318496704,29497,29507,10
13.0833597183,80.2328109741,29507,29517,10
13.0834798813,80.233581543,29517,29527,10
13.0836000443,80.2338485718,29527,29537,10
13.0840301514,80.2339630127,29537,29547,10
13.0840597153,80.2339630127,29547,29557,10
13.084400177,80.2340621948,29557,29568,11
13.0852003098,80.2342376709,29568,29578,10
13.0861301422,80.2344589233,29578,29588,10
13.0871295929,80.2345809937,29588,29598,10
13.0879898071,80.2341918945,29598,29608,10
13.0881004333,80.2331619263,29608,29618,10
13.0883598328,80.2320098877,29618,29628,10
13.0886602402,80.2310714722,29628,29638,10
13.0888996124,80.2305374146,29638,29648,10
13.0889396667,80.2304534912,29648,29658,10
13.0891399384,80.2300567627,29658,29668,10
13.0895299911,80.2294006348,29668,29679,11
13.0902395248,80.2285690308,29679,29689,10
13.0908699036,80.2278823853,29689,29699,10
13.0913896561,80.2273330688,29699,29709,10
13.0914402008,80.2272567749,29709,29719,10
13.0917596817,80.2269363403,29719,29729,10
13.0923204422,80.2263565063,29729,29739,10
13.093079567,80.2256164551,29739,29749,10
13.0938396454,80.2247772217,29749,29759,10
13.094499588,80.2239227295,29759,29769,10
13.0950603485,80.2230224609,29769,29779,10
13.0954704285,80.2220001221,29779,29790,11
13.0958995819,80.2207794189,29790,29800,10
13.0962400436,80.2197799683,29800,29810,10
13.0963096619,80.2195205688,29810,29820,10
13.0964298248,80.2192001343,29820,29830,10
13.0965795517,80.2188034058,29830,29840,10
13.0967998505,80.2181167603,29840,29850,10
13.0971002579,80.2172470093,29850,29860,10
13.0974702835,80.2163009644,29860,29870,10
13.0978498459,80.2154388428,29870,29881,11
13.0984802246,80.2140197754,29881,29982,101
13.0984802246,80.2140197754,29982,29992,10
13.0984897614,80.2139587402,29992,30002,10
13.0988903046,80.2140579224,30002,30012,10
13.0993995667,80.2142562866,30012,30022,10
13.099820137,80.2143630981,30022,30032,10
13.1001300812,80.2144622803,30032,30042,10
13.1004400253,80.2145767212,30042,30052,10
13.1004695892,80.2145767212,30052,30062,10
13.1006498337,80.2147369385,30062,30072,10
13.1004295349,80.2152481079,30072,30082,10
13.1001396179,80.2158966064,30082,30093,11
13.0999298096,80.2160720825,30093,30103,10
13.1000003815,80.2157211304,30103,30113,10
13.1001596451,80.2153701782,30113,30123,10
13.1002397537,80.2148284912,30123,31365,1242
13.1002397537,80.2148284912,31365,31375,10
13.1000404358,80.2144470215,31375,31385,10
13.0999403,80.2144317627,31385,31395,10
13.0997200012,80.2143783569,31395,31405,10
13.0993499756,80.2143096924,31405,31415,10
13.0989599228,80.2141876221,31415,31425,10
13.0986003876,80.2140579224,31425,31435,10
13.0983896255,80.2143096924,31435,31446,11
13.0981302261,80.2148895264,31446,31456,10
13.0978603363,80.2154922485,31456,31466,10
13.0975799561,80.2161407471,31466,31476,10
13.0973501205,80.2168121338,31476,31496,20
13.0973501205,80.2168121338,31496,31506,10
13.0971803665,80.2172470093,31506,31516,10
13.0969495773,80.2179031372,31516,31526,10
13.0967102051,80.2186508179,31526,31537,11
13.0964202881,80.2194824219,31537,31547,10
13.0961399078,80.2202835083,31547,31557,10
13.095870018,80.2210388184,31557,31567,10
13.0956401825,80.2217407227,31567,31577,10
13.0954399109,80.2223205566,31577,31587,10
13.0953798294,80.2224807739,31587,31597,10
13.0953502655,80.2225875854,31597,31607,10
13.0952196121,80.2229003906,31607,31617,10
13.0949296951,80.2234573364,31617,31627,10
13.0945196152,80.2240829468,31627,31637,10
13.0940599442,80.2246627808,31637,31647,10
13.0935297012,80.225227356,31647,31658,11
13.0928897858,80.2258911133,31658,31667,9
13.0924100876,80.2263793945,31667,31678,11
13.0916595459,80.2271499634,31678,31688,10
13.0911998749,80.2276611328,31688,31718,30
13.0911998749,80.2276611328,31718,31728,10
13.0909500122,80.2279281616,31728,31738,10
13.0905704498,80.2283325195,31738,31748,10
13.090089798,80.2288589478,31748,31759,11
13.0895595551,80.2294998169,31759,31769,10
13.0892400742,80.2300567627,31769,31779,10
13.0891399384,80.2302780151,31779,31789,10
13.0888500214,80.2309417725,31789,31819,30
13.0888500214,80.2309417725,31819,31829,10
13.0887403488,80.2311706543,31829,31839,10
13.0886001587,80.2314910889,31839,31849,10
13.0884399414,80.2320327759,31849,31860,11
13.0883197784,80.2325820923,31860,31890,30
13.0883197784,80.2325820923,31890,31900,10
13.0881996155,80.2330093384,31900,31910,10
13.0881004333,80.2336502075,31910,31920,10
13.0879297256,80.2344207764,31920,31930,10
13.0871896744,80.2345809937,31930,31940,10
13.086640358,80.2345428467,31940,31950,10
13.0860795975,80.2344436646,31950,31961,11
13.0853996277,80.2342605591,31961,31971,10
13.0847902298,80.23412323,31971,31981,10
13.0842599869,80.2340011597,31981,31991,10
13.0838499069,80.2339096069,31991,32001,10
13.0838298798,80.2339096069,32001,32011,10
13.0836601257,80.2339019775,32011,32021,10
13.0832901001,80.2338180542,32021,32031,10
13.0829000473,80.233757019,32031,32041,10
13.0823802948,80.2336273193,32041,32072,31
13.0823802948,80.2336273193,32072,32082,10
13.0821399689,80.233581543,32082,32092,10
13.0819501877,80.2335662842,32092,32102,10
13.0816497803,80.233543396,32102,32112,10
13.0811195374,80.2335281372,32112,32122,10
13.0803699493,80.233543396,32122,32132,10
13.07970047,80.2335586548,32132,32148,16
13.0795202255,80.2335281372,32148,32160,12
13.079079628,80.2335510254,32160,32171,11
13.0785703659,80.2335510254,32171,32179,8
13.0778398514,80.2336120605,32179,32191,12
13.0769701004,80.2337188721,32191,32200,9
13.076259613,80.2338562012,32200,32211,11
13.0759401321,80.2342987061,32211,32221,10
13.0760602951,80.2349014282,32221,32231,10
13.076259613,80.2358169556,32231,32241,10
13.0765304565,80.2372589111,32241,32272,31
13.0765304565,80.2372589111,32272,32282,10
13.0766096115,80.2375411987,32282,32292,10
13.0766801834,80.2378921509,32292,32302,10
13.0767402649,80.238319397,32302,32312,10
13.0768404007,80.2389221191,32312,32322,10
13.0770301819,80.2396621704,32322,32332,10
13.0772199631,80.2404937744,32332,32342,10
13.0773601532,80.2411499023,32342,32352,10
13.0775003433,80.2418823242,32352,32362,10
13.0776700974,80.2426223755,32362,32371,9
13.0777797699,80.2433929443,32371,32383,12
13.0777997971,80.2443008423,32383,32393,10
13.077870369,80.2448730469,32393,32403,10
13.0779495239,80.2456283569,32403,32413,10
13.0780296326,80.246383667,32413,32423,10
13.0781803131,80.2471618652,32423,32433,10
13.0783596039,80.248046875,32433,32443,10
13.0785598755,80.2488937378,32443,32453,10
13.0787000656,80.2495269775,32453,32463,10
13.0787200928,80.2502975464,32463,32474,11
13.0785799026,80.2511978149,32474,32484,10
13.0786304474,80.2515182495,32484,32494,10
13.0785198212,80.2516708374,32494,32514,20
13.0785198212,80.2516708374,32514,32524,10
13.0782604218,80.2516784668,32524,32534,10
13.0777597427,80.2517700195,32534,32544,10
13.07695961,80.2519302368,32544,32554,10
13.0760803223,80.2520523071,32554,32564,10
13.0753602982,80.2521591187,32564,32574,10
13.0747699738,80.2522201538,32574,32584,10
13.0743398666,80.2522583008,32584,32601,17
13.0733003616,80.2524185181,32601,32613,12
13.0723800659,80.2522964478,32613,32621,8
13.0720996857,80.2517623901,32621,32633,12
13.0719604492,80.2508087158,32633,32643,10
13.0716400146,80.24974823,32643,32653,10
13.0714502335,80.248626709,32653,32663,10
13.0712099075,80.2479400635,32663,32673,10
13.0709495544,80.2472915649,32673,32683,10
13.0705900192,80.2465286255,32683,32694,11
13.0701398849,80.2455368042,32694,32704,10
13.0697498322,80.2446365356,32704,32714,10
13.0692596436,80.2432785034,32714,32734,20
13.0692596436,80.2432785034,32734,32744,10
13.0692300797,80.2431030273,32744,32753,9
13.069149971,80.2426528931,32753,32763,10
13.0687999725,80.242477417,32763,32774,11
13.0684404373,80.2425918579,32774,32784,10
13.0678596497,80.2427825928,32784,32795,11
13.0672597885,80.2430267334,32795,32805,10
13.0667104721,80.2432785034,32805,32815,10
13.0663099289,80.2435073853,32815,32825,10
13.0661897659,80.2437133789,32825,32835,10
13.0662002563,80.243927002,32835,32845,10
13.0662097931,80.2441711426,32845,32855,10
13.0662403107,80.2444229126,32855,32865,10
13.0662698746,80.244720459,32865,32875,10
13.0663299561,80.2450408936,32875,32885,10
13.0663604736,80.2453918457,32885,32895,10
13.0665397644,80.2459030151,32895,32906,11
13.0672397614,80.2462387085,32906,32916,10
13.067779541,80.2465209961,32916,32956,40
13.067779541,80.2465209961,32956,32966,10
13.0679397583,80.2470321655,32966,32976,10
13.0679597855,80.2477035522,32976,32992,16
13.0668802261,80.2479019165,32992,33004,12
13.0658597946,80.2478179932,33004,33015,11
13.0649003983,80.247756958,33015,33023,8
13.0642204285,80.2477111816,33023,33035,12
13.0634298325,80.2476806641,33035,33045,10
13.0629501343,80.2476425171,33045,33055,10
13.0622997284,80.2476272583,33055,33065,10
13.0616197586,80.2474975586,33065,33075,10
13.0614204407,80.2472229004,33075,33085,10
13.0616798401,80.246711731,33085,33095,10
13.061920166,80.2460632324,33095,33106,11
13.0621404648,80.2452163696,33106,33116,10
13.062789917,80.2447128296,33116,33126,10
13.0631504059,80.2442779541,33126,33136,10
13.0631799698,80.2442626953,33136,33146,10
13.0632801056,80.244102478,33146,33156,10
13.0634498596,80.2436599731,33156,33166,10
13.0631799698,80.2434692383,33166,33176,10
13.0627803802,80.2433776855,33176,33186,10
13.0622997284,80.2432785034,33186,33196,10
13.0617103577,80.2431793213,33196,33206,10
13.0612001419,80.2430877686,33206,33217,11
13.0605096817,80.2428817749,33217,33233,16
13.0596199036,80.2425918579,33233,33245,12
13.0590496063,80.2425994873,33245,33253,8
13.0588502884,80.2426071167,33253,33265,12
13.0584897995,80.2426376343,33265,33274,9
13.0580596924,80.242729187,33274,33285,11
13.0578699112,80.242767334,33285,33295,10
13.0575399399,80.2428131104,33295,33305,10
13.0569400787,80.2427597046,33305,33316,11
13.0561304092,80.2424621582,33316,33325,9
13.055439949,80.2422790527,33325,33336,11
13.0545597076,80.2424163818,33336,33346,10
13.0538101196,80.2422790527,33346,33366,20
13.0538101196,80.2422790527,33366,33376,10
13.0535402298,80.2421798706,33376,33437,61
13.0535402298,80.2421798706,33437,33447,10
13.0530099869,80.2418823242,33447,33457,10
13.0524997711,80.2416229248,33457,33467,10
13.0521602631,80.2410812378,33467,33477,10
13.0519304276,80.2407684326,33477,33487,10
13.0516996384,80.2406997681,33487,33497,10
13.0515003204,80.2406692505,33497,33507,10
13.0512199402,80.2406082153,33507,33518,11
13.0509700775,80.240562439,33518,33528,10
13.0507497787,80.2405090332,33528,33538,10
13.0502004623,80.2404022217,33538,33548,10
13.0494804382,80.2402496338,33548,33558,10
13.0488395691,80.2401580811,33558,33568,10
13.0482797623,80.240020752,33568,33578,10
13.0479297638,80.2399520874,33578,33588,10
13.0476999283,80.2398986816,33588,33598,10
13.0472002029,80.2397918701,33598,33608,10
13.0465898514,80.2396697998,33608,33624,16
13.0464200974,80.2390365601,33624,33637,13
13.0465497971,80.238319397,33637,33647,10
13.0465698242,80.2380218506,33647,33657,10
13.0466499329,80.2372817993,33657,33667,10
13.0467700958,80.2365188599,33667,33677,10
13.0469398499,80.236076355,33677,33687,10
13.0470104218,80.2356796265,33687,33697,10
13.0470399857,80.2353973389,33697,33707,10
13.0471401215,80.2346801758,33707,33717,10
13.047249794,80.2338867188,33717,33728,11
13.0473403931,80.2331619263,33728,33737,9
13.0469198227,80.233001709,33737,33747,10
13.0464801788,80.2329025269,33747,33758,11
13.0458202362,80.2328186035,33758,33768,10
13.0452404022,80.232673645,33768,33778,10
13.0452299118,80.2326583862,33778,33788,10
13.0450296402,80.2325973511,33788,33798,10
13.0445995331,80.2325210571,33798,33808,10
13.0438404083,80.2323913574,33808,33818,10
13.0431203842,80.2323303223,33818,33829,11
13.0423297882,80.2323303223,33829,33839,10
13.0415697098,80.232208252,33839,33849,10
13.0407495499,80.2319717407,33849,33859,10
13.0397901535,80.2317123413,33859,33869,10
13.0388298035,80.2314376831,33869,33879,10
13.0377998352,80.2311325073,33879,33889,10
13.0369701385,80.2308502197,33889,33899,10
13.0367097855,80.2307281494,33899,33909,10
13.0361604691,80.2305679321,33909,33919,10
13.0356302261,80.2304382324,33919,33930,11
13.0355300903,80.2303771973,33930,33940,10
13.0353403091,80.2303009033,33940,33950,10
13.0349903107,80.2303009033,33950,33960,10
13.0349798203,80.2303009033,33960,33970,10
13.0346603394,80.2303619385,33970,33980,10
13.0340795517,80.2304382324,33980,33990,10
13.0335798264,80.23046875,33990,34000,10
13.0335702896,80.2304763794,34000,34010,10
13.0333595276,80.230506897,34010,34020,10
13.0328197479,80.2305526733,34020,34030,10
13.0321397781,80.2306213379,34030,34040,10
13.0310096741,80.23072052,34040,34071,31
13.0310096741,80.23072052,34071,34081,10
13.0309200287,80.230758667,34081,34091,10
13.0306901932,80.230758667,34091,34101,10
13.0302696228,80.2308120728,34101,34111,10
13.0298900604,80.2308273315,34111,34121,10
13.0296802521,80.2308502197,34121,34131,10
13.0296802521,80.2308502197,34131,34142,11
13.0294599533,80.2308807373,34142,34151,9
13.029009819,80.2309036255,34151,34162,11
13.0282802582,80.2309494019,34162,34172,10
13.027759552,80.2310409546,34172,34182,10
13.0277500153,80.2314910889,34182,34192,10
13.0278100967,80.2321777344,34192,34204,12
13.0278596878,80.2327880859,34204,34335,131
13.0278596878,80.2327880859,34335,34345,10
13.0277004242,80.2329025269,34345,34356,11
13.0275001526,80.2329025269,34356,34366,10
13.0273199081,80.2329406738,34366,34376,10
13.0270996094,80.2329711914,34376,34386,10
13.0269298553,80.233001709,34386,34396,10
13.0267601013,80.2330093384,34396,34406,10
13.0264396667,80.2329101563,34406,34416,10
13.0262498856,80.2323303223,34416,34426,10
13.0260696411,80.2315826416,34426,34436,10
13.0258302689,80.2306976318,34436,34446,10
13.0253095627,80.229850769,34446,34457,11
13.0250797272,80.2295837402,34457,34467,10
13.0248498917,80.229309082,34467,34477,10
13.0246400833,80.2290420532,34477,34487,10
13.0244102478,80.2287597656,34487,34497,10
13.0240898132,80.2283630371,34497,34517,20
13.0240898132,80.2283630371,34517,34527,10
13.0238704681,80.2280502319,34527,34537,10
13.0234098434,80.2275772095,34537,34547,10
13.0228204727,80.2270431519,34547,34557,10
13.0224599838,80.2266616821,34557,34568,11
13.0219297409,80.2262420654,34568,34578,10
13.0212898254,80.2257385254,34578,34588,10
13.0205802917,80.2252426147,34588,34598,10
13.0201997757,80.2250213623,34598,34608,10
13.0201196671,80.2249679565,34608,34618,10
13.0200004578,80.224899292,34618,34628,10
13.0196399689,80.2246704102,34628,34638,10
13.0189199448,80.2245483398,34638,34648,10
13.0180196762,80.2248764038,34648,34658,10
13.0170602798,80.2252578735,34658,34669,11
13.0164003372,80.2255172729,34669,34679,10
13.0159702301,80.2256698608,34679,34689,10
13.0153398514,80.2259063721,34689,34699,10
13.0147600174,80.2261199951,34699,34709,10
13.0143203735,80.22631073,34709,34719,10
13.0142297745,80.2263565063,34719,34729,10
13.0140695572,80.2264175415,34729,34739,10
13.0135602951,80.2266235352,34739,34749,10
13.0128297806,80.2268981934,34749,34759,10
13.0119304657,80.2272415161,34759,34770,11
13.0107803345,80.2276763916,34770,34780,10
13.0097799301,80.2280807495,34780,34790,10
13.0091695786,80.2286605835,34790,34800,10
13.0089998245,80.2295227051,34800,35014,214
13.0078496933,80.2355575562,35014,35026,12
13.0077295303,80.2360992432,35026,35037,11
13.0076503754,80.2365188599,35037,35047,10
13.0075902939,80.2368011475,35047,35057,10
13.007519722,80.2370986938,35057,35067,10
13.0074701309,80.2373580933,35067,35077,10
13.0074501038,80.2374572754,35077,35087,10
13.0073795319,80.2377929688,35087,35098,11
13.0073699951,80.2378768921,35098,35108,10
13.007349968,80.23802948,35108,35138,30
13.007349968,80.23802948,35138,35148,10
13.0073099136,80.2381820679,35148,35158,10
13.0072498322,80.2384872437,35158,35168,10
13.0071401596,80.2390213013,35168,35178,10
13.0069799423,80.2397003174,35178,35188,10
13.0068397522,80.2404937744,35188,35199,11
13.006819725,80.2408828735,35199,35209,10
13.006819725,80.2408905029,35209,35219,10
13.0067996979,80.2412033081,35219,35229,10
13.006770134,80.2418289185,35229,35239,10
13.0067596436,80.2422866821,35239,35249,10
13.0067596436,80.2425537109,35249,35259,10
13.0067396164,80.2427978516,35259,35269,10
13.0067195892,80.2430877686,35269,35279,10
13.0067396164,80.2433929443,35279,35289,10
13.0067396164,80.2437133789,35289,35300,11
13.0067596436,80.244102478,35300,35310,10
13.0067396164,80.2443466187,35310,35330,20
13.0067396164,80.2443466187,35330,35340,10
13.0067396164,80.2446212769,35340,35350,10
13.0067300797,80.2449417114,35350,35360,10
13.0067396164,80.2452163696,35360,35370,10
13.0067396164,80.2455062866,35370,35380,10
13.006770134,80.2460327148,35380,35390,10
13.0068101883,80.2468566895,35390,35401,11
13.0067901611,80.2479782104,35401,35411,10
13.0069103241,80.2495117188,35411,35431,20
13.0069103241,80.2495117188,35431,35441,10
13.0069198608,80.2498016357,35441,35451,10
13.0068998337,80.2504501343,35451,35461,10
13.0068998337,80.2510070801,35461,35481,20
13.0068998337,80.2510070801,35481,35491,10
13.0068702698,80.251411438,35491,35501,10
13.0067100525,80.2520828247,35501,35512,11
13.0067396164,80.2527236938,35512,35522,10
13.0067100525,80.2532577515,35522,35532,10
13.0067195892,80.2540206909,35532,35844,312
13.0067195892,80.2540206909,35844,35854,10
13.0067100525,80.2542724609,35854,35864,10
13.0066795349,80.2545776367,35864,35874,10
13.0066404343,80.2549209595,35874,35884,10
13.0066299438,80.2556533813,35884,35894,10
13.0066604614,80.2567214966,35894,35914,20
13.0066604614,80.2567214966,35914,35925,11
13.0066900253,80.2569732666,35925,35935,10
13.0067796707,80.2575836182,35935,35945,10
13.0072202682,80.2583389282,35945,35954,9
13.0076303482,80.2586975098,35954,35965,11
13.0081501007,80.2588500977,35965,35975,10
13.0079202652,80.2592315674,35975,35985,10
13.0074195862,80.2592163086,35985,35995,10
13.0072002411,80.2586212158,35995,36005,10
13.0069103241,80.2581634521,36005,36015,10
13.0066099167,80.2577209473,36015,36076,61
13.0066099167,80.2577209473,36076,36086,10
13.0065603256,80.2574462891,36086,36096,10
13.0065603256,80.2569732666,36096,36106,10
13.0065698624,80.2563400269,36106,36116,10
13.0065402985,80.2556991577,36116,36126,10
13.0065402985,80.2552337646,36126,36137,11
13.006529808,80.2543563843,36137,36147,10
13.0065202713,80.2534103394,36147,36157,10
13.006529808,80.2531204224,36157,36167,10
13.0065402985,80.2528381348,36167,36177,10
13.0066204071,80.2521133423,36177,36187,10
13.0067596436,80.2513427734,36187,36197,10
13.0067996979,80.2503890991,36197,36207,10
13.0067996979,80.2495727539,36207,36217,10
13.0067300797,80.2485198975,36217,36349,132
13.0067300797,80.2485198975,36349,36359,10
13.0066795349,80.2482833862,36359,36369,10
13.006649971,80.2479476929,36369,36379,10
13.006649971,80.2474212646,36379,36389,10
13.0066604614,80.2468719482,36389,36397,8
13.0066003799,80.2465591431,36397,36419,22
13.0066299438,80.2462463379,36419,36429,10
13.0066299438,80.245552063,36429,36440,11
13.0066299438,80.2445068359,36440,36451,11
13.0066099167,80.243850708,36451,36461,10
13.0065803528,80.2432327271,36461,36471,10
13.0065603256,80.2425003052,36471,36481,10
13.0065498352,80.241859436,36481,36491,10
13.0065498352,80.241607666,36491,36501,10
13.0065698624,80.2412414551,36501,36511,10
13.0066404343,80.2406921387,36511,36521,10
13.0067996979,80.2399978638,36521,36531,10
13.0069704056,80.2390670776,36531,36541,10
13.0071496964,80.2381591797,36541,36552,11
13.0073604584,80.2372817993,36552,36562,10
13.0074100494,80.2367782593,36562,36572,10
13.0074501038,80.2366714478,36572,36582,10
13.0075998306,80.2361526489,36582,36592,10
13.0077800751,80.2353286743,36592,36612,20
13.0077800751,80.2353286743,36612,36622,10
13.0078201294,80.2350463867,36622,36632,10
13.0079298019,80.2345428467,36632,36642,10
13.0081501007,80.2334365845,36642,36652,10
13.0083799362,80.2322769165,36652,36663,11
13.0086402893,80.2309417725,36663,36673,10
13.0088796616,80.2296981812,36673,36683,10
13.0091199875,80.228477478,36683,36693,10
13.0094995499,80.2273864746,36693,36703,10
13.0100002289,80.2263412476,36703,36713,10
13.0104904175,80.2254714966,36713,36723,10
13.01060009,80.2252426147,36723,36733,10
13.0108098984,80.2247619629,36733,36743,10
13.0110998154,80.2239990234,36743,36753,10
13.011300087,80.2235412598,36753,36763,10
13.0112895966,80.2233963013,36763,36774,11
13.0114803314,80.2229232788,36774,36784,10
13.011759758,80.2221984863,36784,36794,10
13.0120601654,80.2213592529,36794,36804,10
13.0123996735,80.2214736938,36804,36814,10
13.0127801895,80.222038269,36814,36824,10
13.0133399963,80.2226409912,36824,36834,10
13.0138196945,80.2231369019,36834,36844,10
13.0141096115,80.2233505249,36844,36854,10
13.0143404007,80.2236175537,36854,36864,10
13.0146503448,80.2240829468,36864,36875,11
13.0154800415,80.224937439,36875,36895,20
13.0154800415,80.224937439,36895,36905,10
13.0155801773,80.2249984741,36905,36915,10
13.0157899857,80.2251968384,36915,36925,10
13.0161304474,80.2253189087,36925,36935,10
13.0164403915,80.2253036499,36935,36945,10
13.0166797638,80.2252120972,36945,36955,10
13.0170297623,80.2250671387,36955,36965,10
13.0174198151,80.2249069214,36965,36976,11
13.0174999237,80.2248764038,36976,36986,10
13.0176401138,80.224822998,36986,36996,10
13.0178003311,80.2247467041,36996,37006,10
13.0178203583,80.2247390747,37006,37016,10
13.0179700851,80.2246780396,37016,37026,10
13.0183801651,80.2245101929,37026,37036,10
13.018910408,80.2243118286,37036,37046,10
13.0193595886,80.224281311,37046,37056,10
13.019610405,80.2243881226,37056,37076,20
13.019610405,80.2243881226,37076,37087,11
13.0198297501,80.2246017456,37087,37097,10
13.0202903748,80.224937439,37097,37107,10
13.0205602646,80.2251205444,37107,37117,10
13.0206203461,80.2251434326,37117,37127,10
13.0207500458,80.2252120972,37127,37137,10
13.0209197998,80.2253494263,37137,37147,10
13.0210895538,80.2254714966,37147,37157,10
13.0212097168,80.2256088257,37157,37167,10
13.0213298798,80.2257537842,37167,37177,10
13.0215101242,80.2258911133,37177,37188,11
13.0215702057,80.2259216309,37188,37198,10
13.0218200684,80.2260513306,37198,37208,10
13.0219602585,80.2261428833,37208,37218,10
13.0220098495,80.2261581421,37218,37228,10
13.0222301483,80.2263336182,37228,37238,10
13.0224103928,80.2264862061,37238,37248,10
13.0225601196,80.2266235352,37248,37258,10
13.0226402283,80.2267074585,37258,37268,10
13.0227203369,80.2267913818,37268,37319,51
13.0227203369,80.2267913818,37319,37329,10
13.0228996277,80.2270584106,37329,37339,10
13.0230302811,80.2271881104,37339,37349,10
13.0232200623,80.2273635864,37349,37359,10
13.0235204697,80.2276229858,37359,37369,10
13.0239400864,80.2279663086,37369,37379,10
13.0242300034,80.2282562256,37379,37389,10
13.0244598389,80.2285995483,37389,37400,11
13.0247097015,80.2289428711,37400,37410,10
13.0250101089,80.2293701172,37410,37420,10
13.0254201889,80.2299118042,37420,37430,10
13.0258197784,80.2305297852,37430,37531,101
13.0258197784,80.2305297852,37531,37541,10
13.0259199142,80.230682373,37541,37551,10
13.0259799957,80.2309188843,37551,37561,10
13.0260400772,80.2312164307,37561,37571,10
13.0263795853,80.2312927246,37571,37581,10
13.0270595551,80.2311172485,37581,37591,10
13.0274095535,80.2310180664,37591,37602,11
13.0277500153,80.2309570313,37602,37612,10
13.0281896591,80.2309112549,37612,37622,10
13.028429985,80.2308807373,37622,37632,10
13.0285596848,80.2308807373,37632,37642,10
13.0292797089,80.230796814,37642,37702,60
13.0292797089,80.230796814,37702,37713,11
13.0295200348,80.2307662964,37713,37723,10
13.0299901962,80.2307281494,37723,37743,20
13.0299901962,80.2307281494,37743,37759,16
13.0303297043,80.2307128906,37759,37771,12
13.0305995941,80.2306900024,37771,37779,8
13.0308904648,80.230682373,37779,37791,12
13.0317296982,80.2306137085,37791,37801,10
13.0321598053,80.2305831909,37801,37811,10
13.0328302383,80.2305221558,37811,37822,11
13.0335702896,80.2304611206,37822,37832,10
13.0338001251,80.23046875,37832,37842,10
13.0341396332,80.2304077148,37842,37852,10
13.0343904495,80.2303390503,37852,37882,30
13.0343904495,80.2303390503,37882,37892,10
13.0345001221,80.2303390503,37892,37902,10
13.0347795486,80.2303237915,37902,37923,21
13.0347795486,80.2303237915,37923,37933,10
13.0349597931,80.2305374146,37933,37943,10
13.0349397659,80.2307662964,37943,37953,10
13.0349502563,80.2308807373,37953,37963,10
13.0348796844,80.231338501,37963,37973,10
13.0347795486,80.2320709229,37973,37983,10
13.0346603394,80.2330093384,37983,37993,10
13.0345802307,80.2335586548,37993,38003,10
13.0344696045,80.2343215942,38003,38013,10
13.0343399048,80.2352523804,38013,38024,11
13.034239769,80.2364425659,38024,38034,10
13.0341997147,80.2371368408,38034,38044,10
13.0344896317,80.2376174927,38044,38054,10
13.0346002579,80.2378311157,38054,38070,16
13.0349702835,80.2384109497,38070,38082,12
13.0351200104,80.2386627197,38082,38092,10
13.035369873,80.2390823364,38092,38102,10
13.0360498428,80.2393493652,38102,38112,10
13.0366802216,80.239440918,38112,38122,10
13.0373802185,80.2395324707,38122,38133,11
13.0381202698,80.2396087646,38133,38143,10
13.038769722,80.2396774292,38143,38153,10
13.0392103195,80.2397384644,38153,38163,10
13.0394897461,80.2397689819,38163,38173,10
13.039850235,80.2398300171,38173,38183,10
13.039899826,80.2398376465,38183,38193,10
13.0401096344,80.2398605347,38193,38203,10
13.0403995514,80.2400817871,38203,38213,10
13.0403900146,80.2403182983,38213,38223,10
13.0407400131,80.2405090332,38223,38234,11
13.0410499573,80.240562439,38234,38244,10
13.041179657,80.2405776978,38244,38254,10
13.0417003632,80.2406387329,38254,38264,10
13.0424404144,80.2407302856,38264,38274,10
13.0434103012,80.2408599854,38274,38284,10
13.0437402725,80.2409133911,38284,38294,10
13.0441198349,80.2408218384,38294,38304,10
13.0441703796,80.2408065796,38304,38314,10
13.0444202423,80.2406387329,38314,38324,10
13.0449495316,80.2402877808,38324,38335,11
13.045419693,80.2399673462,38335,38345,10
13.0459299088,80.2396469116,38345,38355,10
13.0464496613,80.2395782471,38355,38365,10
13.0465497971,80.2396087646,38365,38375,10
13.0468101501,80.2396621704,38375,38385,10
13.0474004745,80.2397689819,38385,38395,10
13.0481796265,80.2399215698,38395,38405,10
13.0490598679,80.2400817871,38405,38415,10
13.0497903824,80.2402267456,38415,38425,10
13.0503902435,80.2403488159,38425,38435,10
13.0507497787,80.2404327393,38435,38446,11
13.0512199402,80.2405395508,38446,38456,10
13.0513601303,80.2405700684,38456,38466,10
13.0518598557,80.2406692505,38466,38476,10
13.0524597168,80.2409820557,38476,38486,10
13.0525598526,80.2413482666,38486,38496,10
13.0529603958,80.2417831421,38496,38506,10
13.0539999008,80.2422027588,38506,38547,41
13.0539999008,80.2422027588,38547,38557,10
13.0543003082,80.2422714233,38557,38567,10
13.0547199249,80.2423095703,38567,38577,10
13.055439949,80.2422027588,38577,38587,10
13.0562601089,80.24243927,38587,38597,10
13.0565004349,80.2425613403,38597,38607,10
13.0566902161,80.2425765991,38607,38617,10
13.0570497513,80.2426605225,38617,38627,10
13.0574197769,80.2427597046,38627,38637,10
13.0574502945,80.2427597046,38637,38647,10
13.0577096939,80.2427520752,38647,38658,11
13.0582504272,80.2426605225,38658,38668,10
13.0588703156,80.2425537109,38668,38678,10
13.0591497421,80.2424926758,38678,38688,10
13.0593900681,80.2424926758,38688,38698,10
13.0598497391,80.2426605225,38698,38708,10
13.0601797104,80.2427368164,38708,38718,10
13.0604600906,80.2428283691,38718,38728,10
13.0609798431,80.2429962158,38728,38738,10
13.0615997314,80.2431335449,38738,38748,10
13.0618801117,80.2431793213,38748,38759,11
13.0621099472,80.2432327271,38759,38769,10
13.0623903275,80.2433013916,38769,38779,10
13.0624504089,80.2433013916,38779,38789,10
13.0626802444,80.243347168,38789,38799,10
13.0632896423,80.2434616089,38799,38809,10
13.0639896393,80.2434997559,38809,38819,10
13.0645303726,80.2435302734,38819,38829,10
13.0650196075,80.2435379028,38829,38870,41
13.0650196075,80.2435379028,38870,38880,10
13.0652704239,80.2435531616,38880,38890,10
13.0655603409,80.2435379028,38890,38900,10
13.0659599304,80.2434768677,38900,38910,10
13.0661897659,80.2434234619,38910,38920,10
13.0664196014,80.2433395386,38920,38930,10
13.0666303635,80.243270874,38930,38940,10
13.0670003891,80.2431335449,38940,38950,10
13.0676002502,80.2428512573,38950,38960,10
13.0683803558,80.2426071167,38960,38971,11
13.0691795349,80.2423095703,38971,38981,10
13.0696601868,80.2421722412,38981,38991,10
13.0699901581,80.2420806885,38991,39001,10
13.0699901581,80.2420730591,39001,39011,10
13.0702295303,80.2420196533,39011,39021,10
13.0707397461,80.2418670654,39021,39031,10
13.0714302063,80.241607666,39031,39041,10
13.0720901489,80.2412490845,39041,39051,10
13.0727396011,80.2408599854,39051,39061,10
13.0734300613,80.2406463623,39061,39072,11
13.0743198395,80.2404708862,39072,39082,10
13.0754203796,80.2404632568,39082,39092,10
13.0764503479,80.2404785156,39092,39102,10
13.0770196915,80.2405166626,39102,39112,10
13.0771303177,80.2403182983,39112,39122,10
13.0769996643,80.239692688,39122,39132,10
13.0767498016,80.238822937,39132,39142,10
13.0765600204,80.2380905151,39142,39152,10
13.0764799118,80.2377166748,39152,39162,10
13.0763597488,80.237159729,39162,39172,10
13.0763196945,80.2369537354,39172,39189,17
13.0762796402,80.2366333008,39189,39201,12
13.0761699677,80.2358322144,39201,39211,10
13.0760002136,80.2350311279,39211,39221,10
13.0758600235,80.2345275879,39221,39231,10
13.0757703781,80.2339630127,39231,39241,10
13.0761404037,80.2337493896,39241,39251,10
13.0765104294,80.2337036133,39251,39261,10
13.0771198273,80.2336196899,39261,39270,9
13.077870369,80.233543396,39270,39281,11
13.0785503387,80.2334976196,39281,39292,11
13.0791902542,80.2334823608,39292,39302,10
13.079580307,80.2334594727,39302,39312,10
13.0798997879,80.2334594727,39312,39322,10
13.0802602768,80.2334823608,39322,39342,20
13.0802602768,80.2334823608,39342,39351,9
13.0805397034,80.233543396,39351,39361,10
13.0811395645,80.2335205078,39361,39372,11
13.0818195343,80.2335205078,39372,39382,10
13.081990242,80.2332687378,39382,39393,11
13.0820503235,80.2327880859,39393,39403,10
13.0822601318,80.2321090698,39403,39413,10
13.0825195313,80.2313079834,39413,39423,10
13.0826101303,80.2311401367,39423,39433,10
13.0827999115,80.2307128906,39433,39443,10
13.08314991,80.230758667,39443,39453,10
13.0831899643,80.2314224243,39453,39463,10
13.0832500458,80.2323074341,39463,39473,10
13.083439827,80.2333068848,39473,39483,10
13.0835199356,80.2336273193,39483,39494,11
13.0835800171,80.2338027954,39494,39504,10
13.0840396881,80.2339172363,39504,39524,20
13.0840396881,80.2339172363,39524,39534,10
13.0844402313,80.2340164185,39534,39544,10
13.0850200653,80.234161377,39544,39554,10
13.0857801437,80.234336853,39554,39564,10
13.0866699219,80.2344970703,39564,39574,10
13.0875501633,80.2345428467,39574,39584,10
13.0880002975,80.2339096069,39584,39595,11
13.0881500244,80.2328567505,39595,39605,10
13.0883998871,80.2317810059,39605,39615,10
13.0886697769,80.2309875488,39615,39625,10
13.0889101028,80.2304382324,39625,39634,9
13.0889196396,80.2304382324,39634,39645,11
13.0890798569,80.2301177979,39645,39655,10
13.0894899368,80.2294006348,39655,39665,10
13.0901603699,80.2286529541,39665,39675,10
13.0909204483,80.2278213501,39675,39685,10
13.0913896561,80.2272872925,39685,39695,10
13.0914402008,80.2272491455,39695,39706,11
13.0918197632,80.2268676758,39706,39716,10
13.0923595428,80.2263031006,39716,39726,10
13.0929203033,80.2257385254,39726,39735,9
13.0934095383,80.2252197266,39735,39746,11
13.0940599442,80.2244873047,39746,39756,10
13.0947198868,80.2235794067,39756,39766,10
13.0952396393,80.2225494385,39766,39776,10
13.0955896378,80.2216033936,39776,39786,10
13.0959196091,80.2205810547,39786,39796,10
13.0963602066,80.2192611694,39796,39837,41
13.0963602066,80.2192611694,39837,39847,10
13.0964403152,80.2191085815,39847,39857,10
13.096619606,80.2186508179,39857,39867,10
13.0968399048,80.2179489136,39867,39877,10
13.0970602036,80.2173233032,39877,39887,10
13.0973501205,80.2165374756,39887,39897,10
13.0977697372,80.2155380249,39897,39908,11
13.0980100632,80.2149810791,39908,39918,10
13.0981302261,80.2147369385,39918,39928,10
13.0982904434,80.2143630981,39928,39998,70
13.0982904434,80.2143630981,39998,40009,11
13.0985202789,80.2139282227,40009,40019,10
13.0988903046,80.2140579224,40019,40029,10
13.0993499756,80.2142333984,40029,40039,10
13.0998497009,80.2143630981,40039,40049,10
13.1002397537,80.2144775391,40049,40069,20
13.1003799438,80.2145080566,40069,40120,51
13.1003799438,80.2145080566,40120,40130,10
13.1006402969,80.2146530151,40130,40140,10
13.1004896164,80.215057373,40140,40150,10
13.1002998352,80.2155075073,40150,40160,10
13.0999803543,80.2160415649,40160,40170,10
13.0999898911,80.2156524658,40170,40180,10
13.1002998352,80.2149124146,40180,41351,1171
13.1002998352,80.2149124146,41351,41361,10
13.1002397537,80.2145996094,41361,41372,11
13.1000099182,80.2144393921,41372,41382,10
13.0997800827,80.2143936157,41382,41392,10
13.0996103287,80.2143630981,41392,41402,10
13.0992803574,80.2142868042,41402,41412,10
13.098859787,80.2141494751,41412,41422,10
13.0985202789,80.2140579224,41422,41432,10
13.0983295441,80.2144165039,41432,41442,10
13.0980596542,80.2150192261,41442,41452,10
13.0977201462,80.2157897949,41452,41462,10
13.0973901749,80.2166137695,41462,41473,11
13.097319603,80.2168273926,41473,41483,10
13.0972299576,80.2170410156,41483,41493,10
13.097029686,80.2175598145,41493,41503,10
13.0967998505,80.2182998657,41503,41513,10
13.0965595245,80.2190704346,41513,41523,10
13.0962600708,80.2198562622,41523,41533,10
13.0959701538,80.2206878662,41533,41543,10
13.0957403183,80.2213516235,41543,41553,10
13.0953998566,80.2223510742,41553,41584,31
13.0953998566,80.2223510742,41584,41594,10
13.0952596664,80.2227020264,41594,41604,10
13.0949897766,80.2232818604,41604,41614,10
13.0945196152,80.2239837646,41614,41624,10
13.0939702988,80.2247009277,41624,41634,10
13.0937204361,80.2249984741,41634,41644,10
13.0935602188,80.2251815796,41644,41654,10
13.0931797028,80.2256011963,41654,41664,10
13.0926399231,80.2261276245,41664,41674,10
13.0920801163,80.2266998291,41674,41685,11
13.0912303925,80.2276229858,41685,41715,30
13.0912303925,80.2276229858,41715,41725,10
13.0910596848,80.2277984619,41725,41735,10
13.0906896591,80.2282028198,41735,41745,10
13.090259552,80.2286529541,41745,41755,10
13.0897397995,80.2292175293,41755,41765,10
13.0892696381,80.229927063,41765,41775,10
13.0891199112,80.23021698,41775,41786,11
13.0888204575,80.2308807373,41786,41806,20
13.0888204575,80.2308807373,41806,41816,10
13.0886602402,80.2312469482,41816,41826,10
13.0884399414,80.2318572998,41826,41836,10
13.0882101059,80.2327194214,41836,41846,10
13.0880298615,80.2336807251,41846,41856,10
13.0879001617,80.2343978882,41856,41866,10
13.0871601105,80.2345504761,41866,41876,10
13.0866203308,80.2345275879,41876,41886,10
13.0861597061,80.2344589233,41886,41897,11
13.0861101151,80.2344589233,41897,41907,10
13.0857896805,80.2343978882,41907,41917,10
13.0855703354,80.2343521118,41917,41927,10
13.0851202011,80.2342834473,41927,41937,10
13.0845403671,80.2341003418,41937,41947,10
13.08411026,80.234046936,41947,41957,10
13.0837898254,80.2339782715,41957,41967,10
13.0837602615,80.2339782715,41967,41977,10
13.0834302902,80.2339324951,41977,41987,10
13.0829896927,80.2338562012,41987,41998,11
13.0823802948,80.2337265015,41998,42018,20
13.0823802948,80.2337265015,42018,42028,10
13.0819597244,80.2336502075,42028,42038,10
13.0812997818,80.2335662842,42038,42048,10
13.0804901123,80.2335510254,42048,42058,10
13.0796499252,80.233581543,42058,42067,9
13.0794801712,80.2335586548,42067,42078,11
13.0792999268,80.233581543,42078,42088,10
13.0787601471,80.233581543,42088,42099,11
13.0781202316,80.2335968018,42099,42109,10
13.0774002075,80.2336578369,42109,42119,10
13.0765600204,80.2338027954,42119,42129,10
13.0761203766,80.2338790894,42129,42139,10
13.0760402679,80.2338180542,42139,42149,10
13.0758399963,80.2339096069,42149,42159,10
13.0758895874,80.2342910767,42159,42169,10
13.0760402679,80.2349624634,42169,42179,10
13.0761995316,80.2356491089,42179,42189,10
13.0762701035,80.2360992432,42189,42199,10
13.0763902664,80.2367172241,42199,42230,31
13.0763902664,80.2367172241,42230,42240,10
13.0764198303,80.2369232178,42240,42250,10
13.0764503479,80.2370300293,42250,42260,10
13.0764799118,80.2372436523,42260,42270,10
13.0764799118,80.2372589111,42270,42280,10
13.0765304565,80.2375488281,42280,42331,51
13.0765304565,80.2375488281,42331,42341,10
13.0766296387,80.2378082275,42341,42351,10
13.0766401291,80.2379608154,42351,42361,10
13.0767097473,80.2384109497,42361,42371,10
13.076880455,80.2391204834,42371,42381,10
13.0770597458,80.2399215698,42381,42390,9
13.0771799088,80.2403793335,42390,42401,11
13.0771903992,80.2404022217,42401,42411,10
13.077249527,80.2406692505,42411,42422,11
13.0774002075,80.2412796021,42422,42432,10
13.0774898529,80.2416381836,42432,42442,10
13.077580452,80.2420806885,42442,42452,10
13.0776796341,80.2425994873,42452,42462,10
13.0777702332,80.2432403564,42462,42472,10
13.0778198242,80.243637085,42472,42482,10
13.0778398514,80.2440795898,42482,42492,10
13.0778198242,80.2446365356,42492,42502,10
13.0778903961,80.2453231812,42502,42512,10
13.0779399872,80.2460708618,42512,42523,11
13.0780801773,80.246887207,42523,42533,10
13.0782403946,80.2476425171,42533,42543,10
13.0783996582,80.2484283447,42543,42553,10
13.0785799026,80.2491836548,42553,42563,10
13.0787200928,80.2499694824,42563,42573,10
13.0784902573,80.2506408691,42573,42583,10
13.0785598755,80.2513275146,42583,42593,10
13.0784502029,80.2517089844,42593,42603,10
13.0780601501,80.2517776489,42603,42613,10
13.0774202347,80.2518920898,42613,42623,10
13.0767002106,80.2520217896,42623,42634,11
13.0758199692,80.2521591187,42634,42644,10
13.0750598907,80.2521972656,42644,42654,10
13.074379921,80.2522964478,42654,42664,10
13.0738697052,80.2525405884,42664,42674,10
13.0735397339,80.2525100708,42674,42684,10
13.0732803345,80.2524719238,42684,42694,10
13.0728998184,80.2524185181,42694,42704,10
13.0723695755,80.2524185181,42704,42720,16
13.0721197128,80.2518081665,42720,42732,12
13.0719604492,80.2509765625,42732,42743,11
13.0717401505,80.2501831055,42743,42753,10
13.0715503693,80.249458313,42753,42763,10
13.0714101791,80.2486572266,42763,42772,9
13.0712404251,80.2480010986,42772,42782,10
13.0709400177,80.2472381592,42782,42793,11
13.0704498291,80.2462463379,42793,42801,8
13.0701198578,80.2455368042,42801,42813,12
13.0697002411,80.2444992065,42813,42823,10
13.0693302155,80.2434997559,42823,42844,21
13.0693302155,80.2434997559,42844,42855,11
13.0692901611,80.2433700562,42855,42865,10
13.0692195892,80.2430419922,42865,42875,10
13.0690202713,80.2425613403,42875,42885,10
13.0683403015,80.24269104,42885,42895,10
13.0675697327,80.2428970337,42895,42905,10
13.0669698715,80.2431564331,42905,42915,10
13.0665502548,80.2433700562,42915,42925,10
13.0662298203,80.2435836792,42925,42934,9
13.0661802292,80.244140625,42934,42945,11
13.0663003922,80.2450408936,42945,42956,11
13.0666103363,80.2459564209,42956,42966,10
13.0675601959,80.2463607788,42966,42976,10
13.0678100586,80.2465286255,42976,42986,10
13.0678501129,80.2465896606,42986,42996,10
13.0679302216,80.2470397949,42996,43006,10
13.0678596497,80.2477264404,43006,43016,10
13.067199707,80.2478790283,43016,43026,10
13.0662698746,80.2478408813,43026,43036,10
13.0653295517,80.2478027344,43036,43047,11
13.0642004013,80.2477493286,43047,43057,10
13.0633201599,80.2477035522,43057,43067,10
13.0626802444,80.2476730347,43067,43077,10
13.0618801117,80.2476425171,43077,43087,10
13.0613803864,80.2472229004,43087,43097,10
13.0617198944,80.2466506958,43097,43107,10
13.0619401932,80.2459030151,43107,43117,10
13.0621900558,80.245262146,43117,43127,10
13.0628099442,80.2447662354,43127,43137,10
13.0631399155,80.2443466187,43137,43147,10
13.0631799698,80.2442703247,43147,43158,11
13.0633897781,80.243850708,43158,43168,10
13.0631303787,80.2435073853,43168,43178,10
13.0624704361,80.2433624268,43178,43188,10
13.0619802475,80.2432785034,43188,43198,10
13.0616998672,80.2432327271,43198,43208,10
13.0614099503,80.2431411743,43208,43224,16
13.0606298447,80.2429428101,43224,43236,12
13.0597801208,80.24269104,43236,43244,8
13.0593395233,80.2425765991,43244,43257,13
13.0590696335,80.2425994873,43257,43267,10
13.0588598251,80.2426376343,43267,43277,10
13.0586795807,80.2426834106,43277,43287,10
13.058139801,80.242767334,43287,43297,10
13.0571203232,80.2428207397,43297,43327,30
13.0571203232,80.2428207397,43327,43336,9
13.0567398071,80.242729187,43336,43346,10
13.0562295914,80.2425537109,43346,43357,11
13.0555295944,80.2423095703,43357,43368,11
13.0548200607,80.2424163818,43368,43378,10
13.0537700653,80.2422790527,43378,43398,20
13.0537700653,80.2422790527,43398,43408,10
13.0535202026,80.2421035767,43408,43418,10
13.0528697968,80.2418365479,43418,43458,40
13.0528697968,80.2418365479,43458,43469,11
13.0527496338,80.2417831421,43469,43479,10
13.0523796082,80.2413864136,43479,43489,10
13.0521202087,80.2409667969,43489,43499,10
13.0518503189,80.240737915,43499,43509,10
13.05148983,80.2406997681,43509,43519,10
13.0509700775,80.2406005859,43519,43529,10
13.0509500504,80.2406005859,43529,43539,10
13.0504398346,80.2405166626,43539,43549,10
13.0498504639,80.2403488159,43549,43559,10
13.0497999191,80.2403182983,43559,43570,11
13.049489975,80.2402496338,43570,43580,10
13.0490198135,80.2401580811,43580,43590,10
13.0483999252,80.2400131226,43590,43600,10
13.047750473,80.239906311,43600,43610,10
13.0472602844,80.2398071289,43610,43620,10
13.0472202301,80.2397994995,43620,43630,10
13.0469703674,80.239730835,43630,43640,10
13.0465803146,80.2396621704,43640,43650,10
13.0462598801,80.2394485474,43650,43660,10
13.0464200974,80.2389221191,43660,43670,10
13.0465602875,80.2381210327,43670,43681,11
13.0467195511,80.2372589111,43681,43691,10
13.0468997955,80.2364120483,43691,43701,10
13.0469703674,80.2360229492,43701,43711,10
13.0470600128,80.2356796265,43711,43721,10
13.0471601486,80.2352600098,43721,43731,10
13.0472402573,80.2345581055,43731,43741,10
13.0472698212,80.2337799072,43741,43751,10
13.0473299026,80.2331237793,43751,43761,10
13.046959877,80.2330093384,43761,43771,10
13.0462999344,80.2329177856,43771,43782,11
13.0453596115,80.232711792,43782,43802,20
13.0453596115,80.232711792,43802,43812,10
13.0450401306,80.2326126099,43812,43822,10
13.0446796417,80.2325592041,43822,43832,10
13.0440196991,80.232421875,43832,43842,10
13.0433101654,80.2323379517,43842,43852,10
13.0427398682,80.2323074341,43852,43862,10
13.0422000885,80.2323226929,43862,43872,10
13.0414896011,80.2322006226,43872,43882,10
13.0406799316,80.2319564819,43882,43893,11
13.0396900177,80.2316589355,43893,43903,10
13.038860321,80.2314605713,43903,43913,10
13.0379199982,80.2312011719,43913,43923,10
13.0370702744,80.2309417725,43923,43933,10
13.0368995667,80.2309188843,43933,43943,10
13.0364999771,80.2306976318,43943,43953,10
13.0358295441,80.2304916382,43953,43963,10
13.0354003906,80.2303466797,43963,44064,101
13.0354003906,80.2303466797,44064,44074,10
13.0350503922,80.2303237915,44074,44084,10
13.0345201492,80.2304077148,44084,44094,10
13.0341901779,80.2304534912,44094,44105,11
13.0337400436,80.2304382324,44105,44135,30
13.0337400436,80.2304382324,44135,44145,10
13.0335102081,80.2304916382,44145,44155,10
13.0333404541,80.2304763794,44155,44165,10
13.0331001282,80.2305374146,44165,44175,10
13.0327796936,80.2305679321,44175,44185,10
13.0324201584,80.2306213379,44185,44195,10
13.0321102142,80.2306594849,44195,44206,11
13.0315504074,80.2306671143,44206,44216,10
13.0315198898,80.2306671143,44216,44226,10
13.0312995911,80.2306671143,44226,44236,10
13.030960083,80.2307128906,44236,44246,10
13.0306196213,80.2307510376,44246,44256,10
13.0302801132,80.230796814,44256,44266,10
13.0302696228,80.230796814,44266,44276,10
13.030090332,80.2308120728,44276,44286,10
13.0298204422,80.2308502197,44286,44296,10
13.0295696259,80.2308807373,44296,44307,11
13.0289697647,80.2308883667,44307,44317,10
13.0282001495,80.2310028076,44317,44327,10
13.0277500153,80.2310562134,44327,44337,10
13.0277204514,80.2315063477,44337,44347,10
13.0278100967,80.2321929932,44347,44357,10
13.0278997421,80.2327194214,44357,44367,10
13.0272102356,80.2328720093,44367,44397,30
13.0272102356,80.2328720093,44397,44407,10
13.0269203186,80.2329711914,44407,44418,11
13.026550293,80.2329788208,44418,44428,10
13.0263004303,80.2324829102,44428,44438,10
13.0260896683,80.2317581177,44438,44448,10
13.0258798599,80.2309265137,44448,44458,10
13.0253801346,80.2300262451,44458,44467,9
13.0248403549,80.2293319702,44467,44478,11
13.0239696503,80.2282791138,44478,44508,30
13.0239696503,80.2282791138,44508,44519,11
13.023900032,80.2282562256,44519,44529,10
13.0237197876,80.2280197144,44529,44539,10
13.023349762,80.2276306152,44539,44549,10
13.0228700638,80.227180481,44549,44559,10
13.0223398209,80.2266998291,44559,44569,10
13.0218200684,80.2262420654,44569,44579,10
13.0213499069,80.2258682251,44579,44589,10
13.0209798813,80.2255783081,44589,44599,10
13.020409584,80.2251968384,44599,44609,10
13.0199403763,80.2248687744,44609,44619,10
13.0199203491,80.2248535156,44619,44630,11
13.0197401047,80.2247314453,44630,44640,10
13.0191602707,80.2245407104,44640,44656,16
13.0177402496,80.2249832153,44656,44668,12
13.0165596008,80.2254562378,44668,44678,10
13.0159397125,80.2256622314,44678,44688,10
13.0150499344,80.225982666,44688,44698,10
13.0142202377,80.2263336182,44698,44708,10
13.0142097473,80.226348877,44708,44718,10
13.0141296387,80.2264022827,44718,44729,11
13.0136404037,80.2265701294,44729,44739,10
13.0130596161,80.2267837524,44739,44750,11
13.012260437,80.2270278931,44750,44760,10
13.0112304688,80.2274703979,44760,44770,10
13.0102300644,80.2278900146,44770,44780,10
13.0093402863,80.2283325195,44780,44790,10
13.0089998245,80.2293701172,44790,44800,10
13.0087795258,80.2304534912,44800,44810,10
13.0085802078,80.2313995361,44810,44820,10
13.0083999634,80.2323532104,44820,44830,10
13.0082597733,80.2333679199,44830,44851,21
13.0082597733,80.2333679199,44851,44861,10
13.0082302094,80.2335510254,44861,44871,10
13.008190155,80.2336425781,44871,44881,10
13.0081996918,80.2337036133,44881,44891,10
13.0080900192,80.2339706421,44891,44901,10
13.0079803467,80.2345428467,44901,44911,10
13.0078296661,80.2353134155,44911,44921,10
13.0076398849,80.2362823486,44921,44931,10
13.0074100494,80.2374191284,44931,44942,11
13.0072002411,80.2386016846,44942,44951,9
13.0071001053,80.2390823364,44951,44982,31
13.0071001053,80.2390823364,44982,44992,10
13.0070800781,80.2393417358,44992,45002,10
13.0069999695,80.2397003174,45002,45012,10
13.0068397522,80.2406768799,45012,45032,20
13.0068397522,80.2406768799,45032,45043,11
13.0067596436,80.2410964966,45043,45053,10
13.0067195892,80.2420501709,45053,45073,20
13.0067195892,80.2420501709,45073,45083,10
13.0067195892,80.2423706055,45083,45093,10
13.0067100525,80.2425231934,45093,45103,10
13.0066900253,80.242767334,45103,45113,10
13.0066604614,80.2431030273,45113,45123,10
13.0066404343,80.2433395386,45123,45133,10
13.0066404343,80.243637085,45133,45143,10
13.0066099167,80.2439575195,45143,45154,11
13.0066204071,80.2444992065,45154,45164,10
13.0066604614,80.2453613281,45164,45184,20
13.0066795349,80.2454910278,45184,45204,20
13.0066795349,80.2454910278,45204,45214,10
13.0066900253,80.24584198,45214,45224,10
13.0066900253,80.2462463379,45224,45234,10
13.0066995621,80.2468490601,45234,45244,10
13.0066995621,80.2475585938,45244,45254,10
13.0066995621,80.2483978271,45254,45265,11
13.0068502426,80.2495117188,45265,45293,28
13.0068502426,80.2495117188,45293,45303,10
13.0068902969,80.2496490479,45303,45313,10
13.0068702698,80.2502365112,45313,45323,10
13.0068397522,80.2509918213,45323,45352,29
13.0068397522,80.2509918213,45352,45364,12
13.0068902969,80.2510986328,45364,45374,10
13.0068397522,80.2513809204,45374,45384,10
13.0067195892,80.2518997192,45384,45394,10
13.0066099167,80.2526016235,45394,45404,10
13.0065898895,80.2534103394,45404,45414,10
13.0066204071,80.2544021606,45414,45424,10
13.0066404343,80.2548980713,45424,45444,20
13.0066404343,80.2548980713,45444,45454,10
13.0066099167,80.2552566528,45454,45465,11
13.0066003799,80.256072998,45465,45475,10
13.0066299438,80.2570571899,45475,45525,50
13.0066299438,80.2570571899,45525,45535,10
13.0067100525,80.2574462891,45535,45545,10
13.0064001083,80.2575302124,45545,45555,10
13.0058803558,80.2574005127,45555,45565,10
13.0053796768,80.257270813,45565,45576,11
13.0043096542,80.2570800781,45576,45636,60
13.0043096542,80.2570800781,45636,45646,10
13.0039396286,80.257019043,45646,45656,10
13.0036697388,80.2569885254,45656,45666,10
13.0034399033,80.2569198608,45666,45677,11
13.0032596588,80.2568817139,45677,45687,10
13.0029296875,80.2568206787,45687,45737,50
13.0029296875,80.2568206787,45737,45747,10
13.0026702881,80.2567977905,45747,45757,10
13.0022697449,80.2567214966,45757,45767,10
13.0015001297,80.2565994263,45767,45828,61
13.0015001297,80.2565994263,45828,45838,10
13.001250267,80.2565231323,45838,45848,10
13.0008897781,80.256477356,45848,45858,10
13.0001497269,80.256401062,45858,45889,31
12.9999799728,80.2563476563,45889,45909,20
12.9999799728,80.2563476563,45909,45919,10
12.9997301102,80.2563095093,45919,45929,10
12.9994001389,80.2562484741,45929,45939,10
12.9990701675,80.2561721802,45939,45949,10
12.9988498688,80.256111145,45949,45959,10
12.9986400604,80.2560806274,45959,45969,10
12.9983196259,80.2560424805,45969,45979,10
12.9979200363,80.2559967041,45979,45990,11
12.9976396561,80.2559967041,45990,46000,10
12.9975099564,80.2559967041,46000,46010,10
12.9971904755,80.2559661865,46010,46040,30
12.9971904755,80.2559661865,46040,46050,10
12.9970598221,80.2560272217,46050,46060,10
12.996919632,80.2562713623,46060,46070,10
12.9968595505,80.2570266724,46070,46090,20
12.9968595505,80.2570266724,46090,46101,11
12.9968395233,80.2573471069,46101,46111,10
12.996720314,80.2581176758,46111,46131,20
12.996720314,80.2581176758,46131,46141,10
12.9966697693,80.2585296631,46141,46151,10
12.9965896606,80.2590789795,46151,46161,10
12.9964599609,80.2595977783,46161,46171,10
12.9963502884,80.2600479126,46171,46181,10
12.9963502884,80.2606201172,46181,46191,10
12.9963102341,80.2612380981,46191,46202,11
12.9962701797,80.2617416382,46202,46212,10
12.9962797165,80.2618713379,46212,46222,10
12.9961795807,80.2623672485,46222,46242,20
12.9961795807,80.2623672485,46242,46252,10
12.9961004257,80.2627410889,46252,46262,10
12.9960803986,80.2630615234,46262,46272,10
12.9960699081,80.2634887695,46272,46282,10
12.9960098267,80.2640991211,46282,46292,10
12.9959402084,80.2648696899,46292,46302,10
12.9958696365,80.2656478882,46302,46313,11
12.995759964,80.2665710449,46313,46323,10
12.9956998825,80.2673110962,46323,46333,10
12.9959802628,80.2676620483,46333,46353,20
12.9959802628,80.2676620483,46353,46363,10
12.9960403442,80.2676696777,46363,46373,10
12.9963998795,80.2677230835,46373,46383,10
12.9970397949,80.2676467896,46383,46393,10
12.9979000092,80.2674179077,46393,46403,10
12.9987401962,80.2671737671,46403,46414,11
12.9999303818,80.2667007446,46414,46434,20
12.9999303818,80.2667007446,46434,46444,10
13.0000295639,80.2666397095,46444,46454,10
13.0001296997,80.2664108276,46454,46464,10
13.0002202988,80.2657012939,46464,46484,20
13.0002202988,80.2657012939,46484,46494,10
13.000289917,80.2659301758,46494,46504,10
13.0002202988,80.2664031982,46504,46886,382
13.0002202988,80.2664031982,46886,46896,10
13.0003004074,80.2665405273,46896,46906,10
13.0003099442,80.2667694092,46906,46916,10
13.000120163,80.2669372559,46916,46926,10
12.9995803833,80.2670516968,46926,46937,11
12.9987602234,80.267250061,46937,46947,10
12.9979400635,80.2674636841,46947,46957,10
12.9970798492,80.2677001953,46957,46967,10
12.9963302612,80.2677307129,46967,46977,10
12.9956598282,80.2674179077,46977,46997,20
12.9956598282,80.2674179077,46997,47007,10
12.9957103729,80.2670211792,47007,47017,10
12.9957799911,80.2663497925,47017,47027,10
12.9958496094,80.2655181885,47027,47037,10
12.9959402084,80.2646408081,47037,47048,11
12.9960803986,80.2635574341,47048,47058,10
12.9961595535,80.2627563477,47058,47068,10
12.9961500168,80.2626800537,47068,47078,10
12.9961700439,80.2625274658,47078,47088,10
12.9961996078,80.2623977661,47088,47098,10
12.9962396622,80.2621231079,47098,47108,10
12.9962997437,80.2616729736,47108,47118,10
12.9963703156,80.2609634399,47118,47128,10
12.9964599609,80.2601394653,47128,47138,10
12.996509552,80.2593917847,47138,47149,11
12.9965801239,80.2586975098,47149,47159,10
12.9966497421,80.2579879761,47159,47169,10
12.996720314,80.2572784424,47169,47179,10
12.9967899323,80.2567520142,47179,47189,10
12.9968099594,80.2561798096,47189,47199,10
12.9969797134,80.2557983398,47199,47209,10
12.9974603653,80.255821228,47209,47219,10
12.9978599548,80.2558517456,47219,47229,10
12.9985198975,80.2559432983,47229,47280,51
12.9985198975,80.2559432983,47280,47290,10
12.9988203049,80.2559890747,47290,47300,10
12.9989995956,80.2560119629,47300,47340,40
12.9989995956,80.2560119629,47340,47350,10
12.9991598129,80.2560501099,47350,47361,11
12.9995803833,80.2561264038,47361,47371,10
13.0001602173,80.2562408447,47371,47381,10
13.0008401871,80.256362915,47381,47391,10
13.0013799667,80.2564926147,47391,47401,10
13.0017499924,80.2565536499,47401,47411,10
13.0022001266,80.2566070557,47411,47421,10
13.0027503967,80.2567062378,47421,47431,10
13.0032596588,80.2568130493,47431,47441,10
13.0038995743,80.2569198608,47441,47451,10
13.0042295456,80.2570037842,47451,47462,11
13.0045900345,80.2570877075,47462,47472,10
13.0050601959,80.2571716309,47472,47482,10
13.0056695938,80.257270813,47482,47492,10
13.0063400269,80.2573928833,47492,47502,10
13.0065002441,80.2570571899,47502,47512,10
13.006480217,80.2563171387,47512,47522,10
13.0064897537,80.2554168701,47522,47532,10
13.0065002441,80.2545776367,47532,47542,10
13.0064697266,80.2531814575,47542,47563,21
13.0064697266,80.2531814575,47563,47573,10
13.0064897537,80.2528381348,47573,47583,10
13.0066299438,80.2517776489,47583,47674,91
13.0066299438,80.2517776489,47674,47684,10
13.0067396164,80.2513885498,47684,47694,10
13.0067596436,80.2507095337,47694,47704,10
13.0067195892,80.2497787476,47704,47714,10
13.0067195892,80.2495422363,47714,47724,10
13.0067300797,80.2494277954,47724,47734,10
13.0066995621,80.2489624023,47734,47744,10
13.0066299438,80.2481765747,47744,47764,20
13.0066299438,80.2481765747,47764,47775,11
13.0066099167,80.2480392456,47775,47785,10
13.0065898895,80.2479782104,47785,47795,10
13.0065803528,80.2476119995,47795,47805,10
13.0066099167,80.2470397949,47805,47815,10
13.0065803528,80.2464675903,47815,47825,10
13.0065898895,80.2464523315,47825,47835,10
13.0066404343,80.2460784912,47835,47845,10
13.0066204071,80.2456512451,47845,47855,10
13.0066003799,80.245262146,47855,47865,10
13.0066003799,80.2448272705,47865,47875,10
13.0065803528,80.2444992065,47875,47886,11
13.0066099167,80.2442016602,47886,47896,10
13.0066003799,80.2437133789,47896,47906,10
13.0065803528,80.2432785034,47906,47916,10
13.0065803528,80.2427062988,47916,47926,10
13.0065498352,80.2418823242,47926,47936,10
13.0065803528,80.2410888672,47936,47946,10
13.0067596436,80.2402114868,47946,47956,10
13.0069704056,80.2391662598,47956,47966,10
13.0071601868,80.2380905151,47966,47976,10
13.0073795319,80.2368392944,47976,47997,21
13.0073795319,80.2368392944,47997,48007,10
13.0074100494,80.2367935181,48007,48017,10
13.0075302124,80.2363967896,48017,48027,10
13.0076704025,80.235748291,48027,48037,10
13.0078201294,80.2349472046,48037,48047,10
13.0079698563,80.2341766357,48047,48057,10
13.0082702637,80.2327880859,48057,48067,10
13.0085201263,80.2315368652,48067,48077,10
13.0087404251,80.2302780151,48077,48087,10
13.0089597702,80.2291564941,48087,48098,11
13.0093698502,80.227722168,48098,48108,10
13.0098800659,80.2266082764,48108,48118,10
13.0103702545,80.2255706787,48118,48128,10
13.0107498169,80.2247619629,48128,48138,10
13.0109996796,80.2240829468,48138,48148,10
13.0111999512,80.2236404419,48148,48158,10
13.0111999512,80.2236022949,48158,48168,10
13.0112199783,80.2234573364,48168,48178,10
13.0113697052,80.2230224609,48178,48188,10
13.0116596222,80.2224273682,48188,48199,11
13.0119895935,80.2215194702,48199,48209,10
13.0122804642,80.2213363647,48209,48219,10
13.0125303268,80.2216796875,48219,48229,10
13.0129499435,80.2222366333,48229,48239,10
13.0134601593,80.2228622437,48239,48249,10
13.013999939,80.2234725952,48249,48259,10
13.0143098831,80.2238616943,48259,48269,10
13.0146598816,80.2241897583,48269,48279,10
13.0155897141,80.2250289917,48279,48299,20
13.0155897141,80.2250289917,48299,48310,11
13.0158500671,80.2252502441,48310,48320,10
13.0165395737,80.2252502441,48320,48330,10
13.0174198151,80.2249221802,48330,48340,10
13.0183801651,80.2245178223,48340,48350,10
13.0194101334,80.2243728638,48350,48360,10
13.0203399658,80.2249221802,48360,48370,10
13.021109581,80.2254867554,48370,48380,10
13.0218400955,80.2260284424,48380,48390,10
13.02202034,80.2261810303,48390,48400,10
13.022069931,80.2262268066,48400,48411,11
13.0224399567,80.2265625,48411,48421,10
13.0229701996,80.2270584106,48421,48431,10
13.023639679,80.2276992798,48431,48441,10
13.0241603851,80.2282180786,48441,48451,10
13.0244197845,80.228553772,48451,48461,10
13.024769783,80.229057312,48461,48471,10
13.0250701904,80.2294616699,48471,48481,10
13.0255002975,80.2300186157,48481,48491,10
13.0258598328,80.230682373,48491,48501,10
13.02602005,80.2311706543,48501,48512,11
13.0260400772,80.231262207,48512,48522,10
13.0263004303,80.2313079834,48522,48532,10
13.0269098282,80.2311172485,48532,48542,10
13.0276403427,80.2309570313,48542,48552,10
13.0282001495,80.2309036255,48552,48561,9
13.0285100937,80.2308578491,48561,48572,11
13.0287704468,80.2308425903,48572,48582,10
13.0292100906,80.230796814,48582,48592,10
13.0295200348,80.230758667,48592,48602,10
13.0299901962,80.23072052,48602,48612,10
13.0302200317,80.2306976318,48612,48622,10
13.030380249,80.2306976318,48622,48633,11
13.030670166,80.2306671143,48633,48643,10
13.0309896469,80.2306365967,48643,48653,10
13.0313596725,80.2306213379,48653,48663,10
13.031920433,80.2305831909,48663,48673,10
13.0325603485,80.2305221558,48673,48683,10
13.0333404541,80.23046875,48683,48693,10
13.0342998505,80.2303695679,48693,48724,31
13.0342998505,80.2303695679,48724,48734,10
13.0343999863,80.2303237915,48734,48744,10
13.0347003937,80.2302627563,48744,48754,10
13.0347204208,80.2302627563,48754,48764,10
13.0348501205,80.2303009033,48764,48774,10
13.0349502563,80.2306289673,48774,48804,30
13.0349502563,80.2306289673,48804,48814,10
13.0349502563,80.2309112549,48814,48824,10
13.0348396301,80.2315063477,48824,48835,11
13.034740448,80.2322387695,48835,48845,10
13.0346603394,80.2329788208,48845,48855,10
13.034529686,80.2335968018,48855,48865,10
13.0344495773,80.2342987061,48865,48875,10
13.0343503952,80.2350006104,48875,48885,10
13.0342702866,80.2359466553,48885,48895,10
13.0342197418,80.2368469238,48895,48905,10
13.0342998505,80.2372589111,48905,48915,10
13.0344696045,80.2376022339,48915,48925,10
13.0345497131,80.2377700806,48925,48936,11
13.0348396301,80.238243103,48936,48956,20
13.0348396301,80.238243103,48956,48966,10
13.0349597931,80.2384414673,48966,48976,10
13.0350198746,80.2385482788,48976,48986,10
13.0352096558,80.2388534546,48986,49002,16
13.0353603363,80.2391204834,49002,49014,12
13.0358104706,80.2393569946,49014,49022,8
13.0364198685,80.2394332886,49022,49034,12
13.0374097824,80.2395172119,49034,49045,11
13.0381202698,80.2396011353,49045,49055,10
13.0385398865,80.2396774292,49055,49065,10
13.0390796661,80.2397384644,49065,49075,10
13.0396699905,80.2398071289,49075,49085,10
13.0399303436,80.2398376465,49085,49093,8
13.0402097702,80.2398910522,49093,49115,22
13.0402097702,80.2398910522,49115,49124,9
13.0403795242,80.2399978638,49124,49134,10
13.040430069,80.2404632568,49134,49146,12
13.0410804749,80.2405776978,49146,49156,10
13.0411596298,80.2406082153,49156,49166,10
13.0415697098,80.2406692505,49166,49176,10
13.04226017,80.2407836914,49176,49186,10
13.0429801941,80.2408370972,49186,49196,10
13.0436401367,80.2409210205,49196,49206,10
13.0441799164,80.2407989502,49206,49216,10
13.0446300507,80.2404937744,49216,49226,10
13.0454301834,80.2399215698,49226,49236,10
13.0459003448,80.2396392822,49236,49247,11
13.0461101532,80.2395019531,49247,49257,10
13.0463104248,80.2395172119,49257,49267,10
13.0463695526,80.2395629883,49267,49277,10
13.0465297699,80.2396316528,49277,49287,10
13.0470600128,80.2397384644,49287,49297,10
13.0476799011,80.2398834229,49297,49307,10
13.0484199524,80.2399978638,49307,49317,10
13.0493402481,80.2401733398,49317,49327,10
13.0500402451,80.2403182983,49327,49337,10
13.0504798889,80.2404098511,49337,49347,10
13.0512399673,80.240562439,49347,49368,21
13.0512399673,80.240562439,49368,49378,10
13.0516195297,80.2406463623,49378,49388,10
13.0523300171,80.2408676147,49388,49434,46
13.0523300171,80.2408676147,49434,49446,12
13.0525503159,80.2412796021,49446,49456,10
13.0529899597,80.2417831421,49456,49467,11
13.0540599823,80.2422180176,49467,49487,20
13.0540599823,80.2422180176,49487,49497,10
13.0543403625,80.2422790527,49497,49507,10
13.0550298691,80.2422409058,49507,49517,10
13.0559101105,80.2423019409,49517,49540,23
13.05671978,80.2425613403,49540,49552,12
13.0573596954,80.242767334,49552,49562,10
13.0577802658,80.2427520752,49562,49573,11
13.0582799911,80.2426986694,49573,49581,8
13.0587997437,80.2425994873,49581,49592,11
13.0593900681,80.2425231934,49592,49602,10
13.059920311,80.24269104,49602,49613,11
13.0601997375,80.2427825928,49613,49623,10
13.060500145,80.2428588867,49623,49645,22
13.060500145,80.2428588867,49645,49655,10
13.060839653,80.2429733276,49655,49665,10
13.0611200333,80.2430725098,49665,49676,11
13.0614995956,80.2432022095,49676,49686,10
13.0619096756,80.2432403564,49686,49696,10
13.062379837,80.2433319092,49696,49706,10
13.0624799728,80.2433319092,49706,49716,10
13.0629501343,80.2434234619,49716,49726,10
13.0635404587,80.2434921265,49726,49736,10
13.0637798309,80.2434997559,49736,49746,10
13.0640497208,80.2435073853,49746,49756,10
13.0644598007,80.2435302734,49756,49766,10
13.0655202866,80.243560791,49766,49807,41
13.0655202866,80.243560791,49807,49817,10
13.0658302307,80.2434768677,49817,49827,10
13.0662403107,80.2434082031,49827,49837,10
13.0668201447,80.2431869507,49837,49874,37
13.0698003769,80.2421188354,49874,49888,14
13.0700597763,80.2420806885,49888,49898,10
13.0702600479,80.2420196533,49898,49908,10
13.0707798004,80.241859436,49908,49918,10
13.0715503693,80.2415618896,49918,49928,10
13.0723800659,80.2410583496,49928,49938,10
13.073220253,80.2407226563,49938,49948,10
13.0742902756,80.2404632568,49948,49958,10
13.0753498077,80.240447998,49958,49968,10
13.0762996674,80.2404632568,49968,49978,10
13.076880455,80.240562439,49978,49989,11
13.0770998001,80.2404327393,49989,49999,10
13.0769901276,80.2398376465,49999,50009,10
13.0768899918,80.2393569946,50009,50019,10
13.076880455,80.2392883301,50019,50029,10
13.0768203735,80.2390899658,50029,50059,30
13.0768203735,80.2390899658,50059,50069,10
13.076789856,80.2389297485,50069,50079,10
13.0767297745,80.2387008667,50079,50090,11
13.0766401291,80.2384490967,50090,50100,10
13.0765399933,80.2381210327,50100,50110,10
13.0764598846,80.2377090454,50110,50120,10
13.0764198303,80.2375335693,50120,50130,10
13.0763902664,80.2373123169,50130,50140,10
13.0762796402,80.2368087769,50140,50150,10
13.0761899948,80.236076355,50150,50160,10
13.076089859,80.2354202271,50160,50170,10
13.075920105,80.2347106934,50170,50180,10
13.075750351,80.2341995239,50180,50190,10
13.075750351,80.2341766357,50190,50201,11
13.075750351,80.2341003418,50201,50211,10
13.0759401321,80.2337799072,50211,50221,10
13.0764303207,80.2337493896,50221,50231,10
13.0766601563,80.2337188721,50231,50241,10
13.076880455,80.2336807251,50241,50257,16
13.0779895782,80.2335662842,50257,50269,12
13.0790100098,80.2335205078,50269,50279,10
13.0797395706,80.2334899902,50279,50289,10
13.0800600052,80.2334823608,50289,50300,11
13.0802202225,80.2335128784,50300,50310,10
13.0804796219,80.2335281372,50310,50320,10
13.0811300278,80.2335586548,50320,50330,10
13.0818395615,80.2335891724,50330,50340,10
13.0819501877,80.2332229614,50340,50350,10
13.0820503235,80.2325973511,50350,50359,9
13.0822496414,80.2319793701,50359,50369,10
13.0825500488,80.2312469482,50369,50380,11
13.0827999115,80.2306900024,50380,50390,10
13.0831098557,80.2309188843,50390,50401,11
13.0831804276,80.2318115234,50401,50411,10
13.0833101273,80.2327270508,50411,50421,10
13.083439827,80.233581543,50421,50431,10
13.0839595795,80.2339324951,50431,50491,60
13.0839595795,80.2339324951,50491,50501,10
13.0843400955,80.234046936,50501,50512,11
13.0847597122,80.2341766357,50512,50522,10
13.0854597092,80.2343063354,50522,50532,10
13.086230278,80.2344665527,50532,50542,10
13.0869903564,80.2345581055,50542,50552,10
13.0878400803,80.2343597412,50552,50562,10
13.0880098343,80.2333908081,50562,50572,10
13.0882501602,80.2322921753,50572,50582,10
13.0885000229,80.2313232422,50582,50592,10
13.0888299942,80.2306213379,50592,50602,10
13.0888500214,80.2305831909,50602,50613,11
13.0890102386,80.2302322388,50613,50623,10
13.0893096924,80.229637146,50623,50633,10
13.0898103714,80.2289810181,50633,50643,10
13.0904102325,80.2283477783,50643,50653,10
13.0909795761,80.227722168,50653,50669,16
13.0913896561,80.2272720337,50669,50681,12
13.0916996002,80.2269668579,50681,50690,9
13.0921201706,80.2265396118,50690,50702,12
13.0930404663,80.2256317139,50702,50712,10
13.0936403275,80.2249679565,50712,50723,11
13.0943002701,80.2241363525,50723,50733,10
13.0949602127,80.2231826782,50733,50742,9
13.0952596664,80.2225189209,50742,50753,11
13.0954399109,80.2220306396,50753,50763,10
13.095700264,80.2213134766,50763,50772,9
13.0959501266,80.2205886841,50772,50783,11
13.0962295532,80.2197418213,50783,50793,10
13.0964002609,80.2192306519,50793,50834,41
13.0964002609,80.2192306519,50834,50844,10
13.0964298248,80.2191772461,50844,50854,10
13.0965995789,80.2187576294,50854,50864,10
13.0968503952,80.2180023193,50864,50874,10
13.0971298218,80.2171478271,50874,50884,10
13.0971899033,80.2169799805,50884,50894,10
13.0972900391,80.2167510986,50894,50904,10
13.0975399017,80.2161483765,50904,50914,10
13.0979204178,80.2152633667,50914,50925,11
13.0982303619,80.2145233154,50925,50935,10
13.0983200073,80.2143173218,50935,50945,10
13.0985202789,80.2139816284,50945,50955,10
13.0990695953,80.2141799927,50955,50965,10
13.0994901657,80.2143173218,50965,50975,10
13.1001396179,80.2145004272,50975,50995,20
13.1001396179,80.2145004272,50995,51005,10
13.1003904343,80.2145767212,51005,51025,20
13.1003904343,80.2145767212,51025,51036,11
13.1006002426,80.2146911621,51036,51046,10
13.1004600525,80.2150802612,51046,51056,10
13.1001796722,80.2157211304,51056,51066,10
13.1000900269,80.2159194946,51066,51076,10
13.0999202728,80.2160110474,51076,51086,10
13.1000003815,80.2156219482,51086,51096,10
13.1001501083,80.2152404785,51096,51439,343
13.1001501083,80.2152404785,51439,51450,11
13.1002502441,80.2150497437,51450,51460,10
13.1002197266,80.2147598267,51460,52299,839
13.1002197266,80.2147598267,52299,52309,10
13.1001596451,80.2145233154,52309,52319,10
13.0999202728,80.2144393921,52319,52329,10
13.0997896194,80.2144012451,52329,52339,10
13.0996398926,80.2143478394,52339,52349,10
13.0993003845,80.2142715454,52349,52359,10
13.0988798141,80.2141494751,52359,52369,10
13.0985498428,80.2140274048,52369,52410,41
13.0985498428,80.2140274048,52410,52420,10
13.0983600616,80.2142791748,52420,52430,10
13.0981197357,80.2148590088,52430,52440,10
13.097820282,80.2155532837,52440,52450,10
13.0974903107,80.2163619995,52450,52460,10
13.0973796844,80.2166900635,52460,52470,10
13.0973501205,80.216758728,52470,52480,10
13.0972099304,80.217086792,52480,52490,10
13.0969495773,80.2178192139,52490,52501,11
13.0966501236,80.2188034058,52501,52511,10
13.096329689,80.2196807861,52511,52521,10
13.0959796906,80.2206802368,52521,52531,10
13.095700264,80.2214431763,52531,52541,10
13.0954399109,80.2221984863,52541,52551,10
13.0953598022,80.222442627,52551,52561,10
13.0952100754,80.2227783203,52561,52571,10
13.0948600769,80.2234115601,52571,52581,10
13.0943002701,80.2242202759,52581,52591,10
13.0936203003,80.2250823975,52591,52601,10
13.0928602219,80.2258834839,52601,52612,11
13.092089653,80.2266387939,52612,52622,10
13.091170311,80.2276382446,52622,52642,20
13.091170311,80.2276382446,52642,52652,10
13.090929985,80.2278900146,52652,52662,10
13.0904598236,80.2283706665,52662,52672,10
13.0898399353,80.229057312,52672,52682,10
13.0892400742,80.2299423218,52682,52692,10
13.0890703201,80.2303009033,52692,52702,10
13.0888500214,80.2307891846,52702,52713,11
13.0888004303,80.2308883667,52713,52723,10
13.0886898041,80.2311172485,52723,52733,10
13.088470459,80.2316970825,52733,52743,10
13.0882396698,80.2325820923,52743,52753,10
13.088060379,80.2335891724,52753,52763,10
13.0879001617,80.2344284058,52763,52779,16
13.086810112,80.2345275879,52779,52791,12
13.0860900879,80.234413147,52791,52801,10
13.0855302811,80.2342834473,52801,52811,10
13.0846700668,80.2340621948,52811,52821,10
13.0841197968,80.2339630127,52821,52832,11
13.0834703445,80.2338409424,52832,52842,10
13.083029747,80.2338180542,52842,52852,10
13.0826396942,80.233757019,52852,52862,10
13.0824298859,80.2337036133,52862,52872,10
13.0822896957,80.2336196899,52872,52882,10
13.081870079,80.233581543,52882,52892,10
13.0812397003,80.2334899902,52892,52902,10
13.0806303024,80.2334976196,52902,52912,10
13.0795297623,80.2334976196,52912,52933,21
13.0795297623,80.2334976196,52933,52943,10
13.0790596008,80.2335510254,52943,52953,10
13.0784502029,80.2335662842,52953,52963,10
13.0776796341,80.2336120605,52963,52973,10
13.0768299103,80.2337188721,52973,52983,10
13.0760002136,80.2338867188,52983,52993,10
13.0758600235,80.2340927124,52993,53003,10
13.0759601593,80.2345275879,53003,53020,17
13.0761003494,80.2353286743,53020,53032,12
13.076259613,80.2359924316,53032,53042,10
13.0763502121,80.2366333008,53042,53052,10
13.076379776,80.2367477417,53052,53062,10
13.0764799118,80.2371368408,53062,53082,20
13.0764799118,80.2371368408,53082,53091,9
13.0765199661,80.2373580933,53091,53102,11
13.0766601563,80.2379074097,53102,53213,111
13.0766601563,80.2379074097,53213,53223,10
13.0767698288,80.2380905151,53223,53233,10
13.0768203735,80.2385406494,53233,53244,11
13.0769395828,80.2391662598,53244,53254,10
13.0770998001,80.2398605347,53254,53264,10
13.0772600174,80.2406463623,53264,53274,10
13.0773601532,80.2413635254,53274,53284,10
13.0775604248,80.2422027588,53284,53294,10
13.0777397156,80.2432937622,53294,53304,10
13.077750206,80.2442169189,53304,53314,10
13.0778503418,80.2449493408,53314,53324,10
13.07791996,80.2457809448,53324,53334,10
13.0780601501,80.2466201782,53334,53345,11
13.0782604218,80.2476806641,53345,53355,10
13.0784397125,80.2485275269,53355,53364,9
13.0785799026,80.249130249,53364,53375,11
13.0787200928,80.249961853,53375,53385,10
13.0784597397,80.2506484985,53385,53395,10
13.0785598755,80.2514038086,53395,53405,10
13.0783395767,80.2516403198,53405,53415,10
13.0777797699,80.2517776489,53415,53425,10
13.0769500732,80.251953125,53425,53435,10
13.0761203766,80.2520904541,53435,53445,10
13.0753698349,80.2521820068,53445,53456,11
13.0745897293,80.2522277832,53456,53466,10
13.0739097595,80.2523422241,53466,53476,10
13.0733203888,80.2524032593,53476,53486,10
13.0726604462,80.2523727417,53486,53496,10
13.0721597672,80.2519989014,53496,53506,10
13.0720396042,80.2513427734,53506,53516,10
13.0719299316,80.2508163452,53516,53532,16
13.071559906,80.249671936,53532,53544,12
13.0713596344,80.248588562,53544,53552,8
13.0711603165,80.2478637695,53552,53565,13
13.0706501007,80.2466888428,53565,53575,10
13.0701999664,80.2457275391,53575,53585,10
13.069849968,80.2449035645,53585,53595,10
13.0693101883,80.2433395386,53595,53615,20
13.0693101883,80.2433395386,53615,53625,10
13.0692396164,80.2431182861,53625,53635,10
13.0691995621,80.2428512573,53635,53645,10
13.0689496994,80.2425231934,53645,53655,10
13.0683498383,80.2426376343,53655,53665,10
13.0675802231,80.2428817749,53665,53676,11
13.0668201447,80.2432479858,53676,53695,19
13.0661497116,80.2441101074,53695,53707,12
13.066280365,80.2449874878,53707,53715,8
13.0663404465,80.2453765869,53715,53727,12
13.0668096542,80.2459716797,53727,53737,10
13.0678195953,80.2465209961,53737,53757,20
13.0678195953,80.2465209961,53757,53767,10
13.0679197311,80.2468414307,53767,53778,11
13.067899704,80.2476425171,53778,53787,9
13.0674600601,80.2478790283,53787,53798,11
13.0666599274,80.2478637695,53798,53808,10
13.065990448,80.2478637695,53808,53817,9
13.0654201508,80.2478713989,53817,53828,11
13.0643796921,80.247756958,53828,53837,9
13.0635700226,80.2476806641,53837,53849,12
13.0625896454,80.2475891113,53849,53859,10
13.0618000031,80.2475509644,53859,53868,9
13.0613298416,80.2470779419,53868,53880,12
13.0615901947,80.2465591431,53880,53889,9
13.0618400574,80.2460479736,53889,53900,11
13.062040329,80.2451324463,53900,53910,10
13.0628099442,80.2446212769,53910,53920,10
13.0630502701,80.2442932129,53920,53930,10
13.063079834,80.2442092896,53930,53940,10
13.0632696152,80.2439117432,53940,53950,10
13.0633497238,80.2435073853,53950,53960,10
13.0628900528,80.2434234619,53960,53970,10
13.062210083,80.2432785034,53970,53980,10
13.0617904663,80.2432098389,53980,53991,11
13.0613899231,80.2431488037,53991,54007,16
13.0607204437,80.2429885864,54007,54019,12
13.0600795746,80.242767334,54019,54027,8
13.059679985,80.2426376343,54027,54039,12
13.0591497421,80.2425918579,54039,54049,10
13.0588598251,80.2426528931,54049,54059,10
13.0587797165,80.2426681519,54059,54069,10
13.0584697723,80.2427062988,54069,54079,10
13.0578804016,80.2427825928,54079,54090,11
13.0570201874,80.2428283691,54090,54100,10
13.056520462,80.2426376343,54100,54110,10
13.0559196472,80.2423400879,54110,54120,10
13.055150032,80.2423477173,54120,54130,10
13.0541601181,80.2423706055,54130,54149,19
13.0536899567,80.2422637939,54149,54161,12
13.0536203384,80.2422180176,54161,54171,10
13.0532798767,80.2420272827,54171,54180,9
13.0526800156,80.2417907715,54180,54191,11
13.0521497726,80.2411575317,54191,54202,11
13.05189991,80.2408065796,54202,54212,10
13.0515203476,80.2407302856,54212,54222,10
13.0513000488,80.2406616211,54222,54232,10
13.0509595871,80.2406005859,54232,54242,10
13.0503902435,80.2404937744,54242,54252,10
13.0498600006,80.2403717041,54252,54262,10
13.0495595932,80.2403106689,54262,54272,10
13.0492296219,80.2402191162,54272,54292,20
13.0488195419,80.2401428223,54292,54304,12
13.048500061,80.2400588989,54304,54315,11
13.0479001999,80.2398986816,54315,54325,10
13.0473899841,80.2398223877,54325,54335,10
13.0468597412,80.2396774292,54335,54345,10
13.0462598801,80.2395324707,54345,54355,10
13.0463104248,80.2391204834,54355,54365,10
13.0464601517,80.238571167,54365,54375,10
13.0465698242,80.2380599976,54375,54385,10
13.04666996,80.2373275757,54385,54395,10
13.0468597412,80.2364883423,54395,54406,11
13.046959877,80.2360076904,54406,54416,10
13.0470104218,80.2356567383,54416,54426,10
13.0471200943,80.2349700928,54426,54456,30
13.0471200943,80.2349700928,54456,54466,10
13.0472202301,80.234588623,54466,54476,10
13.047249794,80.2340698242,54476,54486,10
13.0473003387,80.2335586548,54486,54496,10
13.0473003387,80.2335510254,54496,54506,10
13.0472898483,80.2331924438,54506,54517,11
13.0467796326,80.2330627441,54517,54527,10
13.0462903976,80.232963562,54527,54537,10
13.0450601578,80.2326278687,54537,54557,20
13.0450601578,80.2326278687,54557,54567,10
13.0447797775,80.2325820923,54567,54577,10
13.0441904068,80.2324829102,54577,54587,10
13.0434303284,80.2323379517,54587,54597,10
13.0428104401,80.2323608398,54597,54607,10
13.0422496796,80.2323532104,54607,54618,11
13.0414495468,80.232208252,54618,54628,10
13.0406398773,80.2319488525,54628,54638,10
13.0398902893,80.2317428589,54638,54648,10
13.0390996933,80.2315063477,54648,54658,10
13.0382099152,80.231262207,54658,54668,10
13.0373401642,80.23097229,54668,54678,10
13.0368404388,80.2307662964,54678,54688,10
13.0365800858,80.2307281494,54688,54698,10
13.0355501175,80.2303314209,54698,54719,21
13.0355501175,80.2303314209,54719,54729,10
13.0353899002,80.2302703857,54729,54739,10
13.0350399017,80.2302780151,54739,54749,10
13.0346603394,80.2303390503,54749,54759,10
13.0342903137,80.2304229736,54759,54769,10
13.0339097977,80.2304611206,54769,54779,10
13.0335302353,80.230506897,54779,54789,10
13.0334701538,80.2304992676,54789,54799,10
13.0333900452,80.2304763794,54799,54809,10
13.0329799652,80.2305221558,54809,54820,11
13.0321798325,80.2306213379,54820,54830,10
13.03125,80.23072052,54830,54839,9
13.0306596756,80.2307891846,54839,54850,11
13.0300502777,80.2308425903,54850,54860,10
13.0297899246,80.2308578491,54860,54869,9
13.029589653,80.2308807373,54869,54880,11
13.029009819,80.2309417725,54880,54890,10
13.0283699036,80.231010437,54890,54900,10
13.0278596878,80.2310409546,54900,54910,10
13.0276403427,80.2311325073,54910,54920,10
13.027680397,80.2315216064,54920,54932,12
13.027759552,80.232208252,54932,54942,10
13.0277996063,80.2327194214,54942,54952,10
13.0273704529,80.2328567505,54952,54962,10
13.0271997452,80.2329330444,54962,54972,10
13.0269699097,80.2329788208,54972,54982,10
13.0266895294,80.2330322266,54982,54992,10
13.0263900757,80.2327804565,54992,55002,10
13.0261602402,80.232131958,55002,55012,10
13.0259304047,80.231300354,55012,55022,10
13.0255804062,80.2303085327,55022,55033,11
13.024939537,80.2294311523,55033,55043,10
13.0244998932,80.2288589478,55043,55053,10
13.0241699219,80.2285079956,55053,55063,10
13.0239496231,80.2282867432,55063,55073,10
13.0238800049,80.2282028198,55073,55083,10
13.0236597061,80.2279129028,55083,55093,10
13.0234498978,80.2276992798,55093,55103,10
13.0231199265,80.2273483276,55103,55113,10
13.0225200653,80.2267913818,55113,55123,10
13.0217504501,80.2261199951,55123,55134,11
13.0207996368,80.2253723145,55134,55144,10
13.0199098587,80.2247695923,55144,55154,10
13.0188798904,80.2244186401,55154,55164,10
13.0178899765,80.2248077393,55164,55174,10
13.0170097351,80.2251968384,55174,55184,10
13.0165100098,80.2254180908,55184,55194,10
13.0163402557,80.2254714966,55194,55204,10
13.0158996582,80.2256393433,55204,55214,10
13.0152797699,80.2258911133,55214,55224,10
13.0146303177,80.2261581421,55224,55234,10
13.0143499374,80.226272583,55234,55245,11
13.0140695572,80.2264022827,55245,55255,10
13.0135202408,80.2266082764,55255,55265,10
13.0128097534,80.2268676758,55265,55275,10
13.0119895935,80.2271881104,55275,55285,10
13.0109796524,80.2276229858,55285,55295,10
13.0100297928,80.2279891968,55295,55305,10
13.0092096329,80.2284164429,55305,55315,10
13.0089702606,80.2293930054,55315,55325,10
13.0087404251,80.2305526733,55325,55335,10
13.0085401535,80.2316436768,55335,55346,11
13.0083198547,80.2328109741,55346,55356,10
13.0082397461,80.233581543,55356,55366,10
13.0082302094,80.2336425781,55366,55376,10
13.0081596375,80.2338027954,55376,55386,10
13.0080604553,80.2342681885,55386,55396,10
13.0079698563,80.2347793579,55396,55406,10
13.0078201294,80.2354736328,55406,55416,10
13.0076503754,80.236328125,55416,55426,10
13.0074596405,80.2373199463,55426,55436,10
13.0072803497,80.2382202148,55436,55447,11
13.0071201324,80.2390899658,55447,55457,10
13.0069103241,80.2400817871,55457,55477,20
13.0069103241,80.2400817871,55477,55487,10
13.006939888,80.2403793335,55487,55497,10
13.0068397522,80.2408905029,55497,55507,10
13.0067596436,80.2417221069,55507,55517,10
13.0067300797,80.2427215576,55517,55527,10
13.0066795349,80.2437133789,55527,55537,10
13.0066795349,80.2445831299,55537,55547,10
13.0066900253,80.2453765869,55547,55558,11
13.0066900253,80.2460098267,55558,55568,10
13.0067100525,80.2465591431,55568,55584,16
13.0066900253,80.2476119995,55584,55596,12
13.0067195892,80.2486114502,55596,55605,9
13.0068101883,80.2491836548,55605,55616,11
13.006819725,80.2494812012,55616,55625,9
13.006819725,80.2495498657,55625,55636,11
13.0067901611,80.2500762939,55636,55646,10
13.0068302155,80.251159668,55646,55668,22
13.0068302155,80.251159668,55668,55678,10
13.006770134,80.2515487671,55678,55688,10
13.0066699982,80.2520294189,55688,55698,10
13.0066099167,80.2525863647,55698,55708,10
13.0066604614,80.2530517578,55708,55718,10
13.0066404343,80.2535934448,55718,56011,293
13.0066404343,80.2535934448,56011,56021,10
13.0066204071,80.2537994385,56021,56031,10
13.0066204071,80.2542724609,56031,56041,10
13.0065698624,80.254737854,56041,56051,10
13.0065803528,80.2554931641,56051,56061,10
13.0066003799,80.2562637329,56061,56071,10
13.0066604614,80.2570419312,56071,56102,31
13.0066604614,80.2570419312,56102,56112,10
13.0066900253,80.2571411133,56112,56122,10
13.0067501068,80.2574234009,56122,56132,10
13.0069999695,80.2579574585,56132,56148,16
13.0078001022,80.2587966919,56148,56160,12
13.0080699921,80.2591171265,56160,56168,8
13.0078897476,80.2592697144,56168,56180,12
13.007399559,80.2592163086,56180,56193,13
13.0071802139,80.2586669922,56193,56203,10
13.007060051,80.2584686279,56203,56213,10
13.0069198608,80.2582321167,56213,56223,10
13.0067501068,80.2578811646,56223,56233,10
13.006649971,80.2577133179,56233,56243,10
13.0065002441,80.2573471069,56243,56253,10
13.0064697266,80.2572021484,56253,56263,10
13.0064697266,80.2570037842,56263,56286,23
13.0064897537,80.2560119629,56286,56299,13
13.0065202713,80.2553482056,56299,56309,10
13.0065202713,80.2545776367,56309,56319,10
13.0065002441,80.2532501221,56319,56339,20
13.0065002441,80.2532501221,56339,56349,10
13.0064897537,80.2529220581,56349,56400,51
13.0064897537,80.2529220581,56400,56410,10
13.006480217,80.2527618408,56410,56420,10
13.0065402985,80.2522583008,56420,56431,11
13.0067100525,80.2515029907,56431,56441,10
13.0067501068,80.25050354,56441,56450,9
13.0067396164,80.2496871948,56450,56461,11
13.0066900253,80.2489929199,56461,56522,61
13.0066900253,80.2489929199,56522,56532,10
13.0066404343,80.2486190796,56532,56542,10
13.0066204071,80.2482528687,56542,56552,10
13.0066099167,80.2480392456,56552,56562,10
13.0066003799,80.2478790283,56562,56572,10
13.0065898895,80.247718811,56572,56613,41
13.0065898895,80.247718811,56613,56623,10
13.0066003799,80.2473907471,56623,56633,10
13.0066299438,80.2469100952,56633,56643,10
13.0065603256,80.2465362549,56643,56653,10
13.0065803528,80.2464904785,56653,56663,10
13.0066204071,80.2461090088,56663,56673,10
13.0066099167,80.2455062866,56673,56683,10
13.0066003799,80.2449417114,56683,56693,10
13.0066204071,80.2443389893,56693,56703,10
13.0066204071,80.2437820435,56703,56714,11
13.0065698624,80.2431793213,56714,56724,10
13.0065498352,80.2424468994,56724,56734,10
13.0065402985,80.2416992188,56734,56744,10
13.0065498352,80.2416000366,56744,56754,10
13.0065803528,80.2411422729,56754,56764,10
13.0066995621,80.2403564453,56764,56794,30
13.0066995621,80.2403564453,56794,56804,10
13.0067396164,80.2401733398,56804,56815,11
13.006819725,80.239616394,56815,56825,10
13.0069799423,80.238822937,56825,56835,10
13.0071697235,80.237953186,56835,56845,10
13.007349968,80.2371902466,56845,56855,10
13.0073795319,80.2368164063,56855,56865,10
13.0073795319,80.2368087769,56865,56875,10
13.0074901581,80.2364807129,56875,56885,10
13.0076303482,80.2358703613,56885,56895,10
13.0077495575,80.2352600098,56895,56905,10
13.0077600479,80.2352218628,56905,56914,9
13.0078496933,80.2349014282,56914,56926,12
13.0080003738,80.2341384888,56926,56936,10
13.008190155,80.2332382202,56936,56946,10
13.0084199905,80.2320709229,56946,56956,10
13.0086603165,80.2308425903,56956,56966,10
13.0088996887,80.2295837402,56966,56976,10
13.0091495514,80.2283477783,56976,56986,10
13.0095796585,80.2273025513,56986,56996,10
13.0100698471,80.2262268066,56996,57006,10
13.0105104446,80.2253570557,57006,57016,10
13.0108699799,80.2245407104,57016,57027,11
13.0111904144,80.2238388062,57027,57037,10
13.0113601685,80.2233200073,57037,57047,10
13.011639595,80.2226486206,57047,57057,10
13.011879921,80.2219772339,57057,57067,10
13.0121803284,80.2215118408,57067,57077,10
13.0124597549,80.2216415405,57077,57087,10
13.012840271,80.2221603394,57087,57097,10
13.0134000778,80.2227783203,57097,57107,10
13.0139703751,80.2234725952,57107,57117,10
13.0145597458,80.2241973877,57117,57128,11
13.0150899887,80.2247009277,57128,57137,9
13.0154895782,80.2249832153,57137,57148,11
13.0155496597,80.2250137329,57148,57158,10
13.0156898499,80.2251281738,57158,57168,10
13.0162401199,80.2253112793,57168,57178,10
13.0171003342,80.2250595093,57178,57188,10
13.0180797577,80.2246627808,57188,57198,10
13.0189695358,80.2243499756,57198,57208,10
13.0195503235,80.2244110107,57208,57218,10
13.0196199417,80.2244415283,57218,57228,10
13.0199098587,80.2246704102,57228,57239,11
13.0203895569,80.2250366211,57239,57249,10
13.0209197998,80.2254333496,57249,57259,10
13.021490097,80.2258987427,57259,57267,8
13.0219202042,80.2261810303,57267,57279,12
13.0219697952,80.2262115479,57279,57289,10
13.0222501755,80.2264785767,57289,57299,10
13.0227603912,80.2269515991,57299,57309,10
13.023349762,80.2275009155,57309,57319,10
13.0238399506,80.2279205322,57319,57328,9
13.0241203308,80.2282028198,57328,57340,12
13.0243301392,80.2284622192,57340,57349,9
13.0246400833,80.2288970947,57349,57360,11
13.0250396729,80.2294616699,57360,57370,10
13.0254402161,80.2299804688,57370,57380,10
13.0257797241,80.2304916382,57380,57390,10
13.0258798599,80.2306518555,57390,57400,10
13.0259504318,80.2309188843,57400,57410,10
13.0260400772,80.2312774658,57410,57420,10
13.02643013,80.2312469482,57420,57430,10
13.027179718,80.2310714722,57430,57440,10
13.0280103683,80.2309265137,57440,57451,11
13.0289297104,80.2308273315,57451,57461,10
13.0295200348,80.2307891846,57461,57471,10
13.0301504135,80.230758667,57471,57481,10
13.0304803848,80.2307434082,57481,57491,10
13.0305995941,80.2307510376,57491,57501,10
13.0310096741,80.2306976318,57501,57511,10
13.0315799713,80.2306518555,57511,57521,10
13.0323095322,80.2305984497,57521,57531,10
13.0329799652,80.2305603027,57531,57541,10
13.0337295532,80.2305221558,57541,57602,61
13.0337295532,80.2305221558,57602,57612,10
13.033780098,80.2305526733,57612,57622,10
13.0342798233,80.23046875,57622,57663,41
13.0342798233,80.23046875,57663,57673,10
13.0345201492,80.2304382324,57673,57683,10
13.0346603394,80.2304000854,57683,57693,10
13.034740448,80.2303695679,57693,57703,10
13.0349502563,80.2304763794,57703,57713,10
13.0349197388,80.2309570313,57713,57723,10
13.0348396301,80.2316513062,57723,57733,10
13.034740448,80.2324295044,57733,57743,10
13.0346403122,80.2332077026,57743,57753,10
13.0345602036,80.2339096069,57753,57764,11
13.0344800949,80.2347717285,57764,57774,10
13.0343704224,80.2355575562,57774,57784,10
13.0342597961,80.2365112305,57784,57794,10
13.0342197418,80.2371368408,57794,57804,10
13.034239769,80.2373504639,57804,57854,50
13.034239769,80.2373504639,57854,57865,11
13.0342998505,80.2375793457,57865,57875,10
13.0345401764,80.2379379272,57875,57885,10
13.0348701477,80.2384262085,57885,57894,9
13.0350999832,80.2387924194,57894,57905,11
13.0355100632,80.2393417358,57905,57915,10
13.0360803604,80.2394485474,57915,57925,10
13.0367097855,80.2395095825,57925,57935,10
13.0372200012,80.2395629883,57935,57945,10
13.0379199982,80.2396316528,57945,57955,10
13.0387296677,80.2397384644,57955,57966,11
13.0399799347,80.2398834229,57966,58036,70
13.0399799347,80.2398834229,58036,58046,10
13.0403995514,80.240020752,58046,58056,10
13.0404195786,80.2404632568,58056,58066,10
13.0408802032,80.2405776978,58066,58077,11
13.0410900116,80.2406234741,58077,58087,10
13.0412197113,80.2406311035,58087,58097,10
13.0416498184,80.2406997681,58097,58107,10
13.0420999527,80.240737915,58107,58117,10
13.0429201126,80.2408599854,58117,58127,10
13.0436601639,80.2409896851,58127,58137,10
13.0441398621,80.2408981323,58137,58147,10
13.0444002151,80.240737915,58147,58157,10
13.0444402695,80.2407073975,58157,58167,10
13.0445995331,80.240562439,58167,58178,11
13.0450801849,80.2402496338,58178,58188,10
13.0454702377,80.2400131226,58188,58197,9
13.0457897186,80.2397918701,58197,58208,11
13.0461502075,80.2396011353,58208,58218,10
13.0465297699,80.2396774292,58218,58228,10
13.0466003418,80.2397003174,58228,58238,10
13.0469999313,80.2397918701,58238,58248,10
13.047539711,80.2398910522,58248,58258,10
13.0481595993,80.240020752,58258,58268,10
13.0488100052,80.2401504517,58268,58279,11
13.0494203568,80.240272522,58279,58289,10
13.0498304367,80.2403488159,58289,58299,10
13.0502700806,80.2404327393,58299,58309,10
13.0508699417,80.240562439,58309,58319,10
13.0515298843,80.2406768799,58319,58329,10
13.0520801544,80.2407836914,58329,58339,10
13.052280426,80.2407836914,58339,58349,10
13.0523996353,80.2408218384,58349,58359,10
13.0525102615,80.2410202026,58359,58369,10
13.052570343,80.2413787842,58369,58379,10
13.0526599884,80.2416229248,58379,58390,11
13.0532503128,80.2419433594,58390,58400,10
13.0539398193,80.2422409058,58400,58410,10
13.0540800095,80.2422790527,58410,58420,10
13.0543003082,80.2423400879,58420,58430,10
13.0548801422,80.2423477173,58430,58440,10
13.0555896759,80.2422637939,58440,58450,10
13.0558595657,80.2423171997,58450,58460,10
13.0562400818,80.242477417,58460,58470,10
13.0566596985,80.2426223755,58470,58501,31
13.0568199158,80.2426376343,58501,58531,30
13.0568199158,80.2426376343,58531,58541,10
13.0569801331,80.2426376343,58541,58551,10
13.057299614,80.2428207397,58551,58561,10
13.0577898026,80.2427978516,58561,58571,10
13.0581197739,80.2427368164,58571,58581,10
13.0586204529,80.2426300049,58581,58592,11
13.0592403412,80.2425308228,58592,58602,10
13.0597295761,80.2426376343,58602,58612,10
13.0603399277,80.2428588867,58612,58622,10
13.0606498718,80.2429580688,58622,58632,10
13.0610198975,80.2431030273,58632,58642,10
13.0614595413,80.2432022095,58642,58652,10
13.0625095367,80.2433776855,58652,58672,20
13.0625095367,80.2433776855,58672,58682,10
13.0628700256,80.2434234619,58682,58692,10
13.06346035,80.243522644,58692,58703,11
13.0641002655,80.243560791,58703,58713,10
13.064740181,80.2435836792,58713,58723,10
13.0655498505,80.2436218262,58723,58733,10
13.0661201477,80.2435379028,58733,58743,10
13.0663204193,80.2434616089,58743,58753,10
13.0666399002,80.2433319092,58753,58763,10
13.0667800903,80.243270874,58763,58773,10
13.0671796799,80.2431030273,58773,58783,10
13.0676403046,80.2428970337,58783,58793,10
13.0682096481,80.2427215576,58793,58804,11
13.0685997009,80.2425918579,58804,58814,10
13.0687599182,80.2425231934,58814,58824,10
13.0691795349,80.2423477173,58824,58834,10
13.0699701309,80.2421264648,58834,58854,20
13.0699701309,80.2421264648,58854,58864,10
13.0702295303,80.2420425415,58864,58874,10
13.0707998276,80.2418670654,58874,58884,10
13.0715103149,80.2415924072,58884,58894,10
13.0722398758,80.2411880493,58894,58905,11
13.0729999542,80.2408065796,58905,58915,10
13.0736103058,80.2406387329,58915,58925,10
13.0741996765,80.2405014038,58925,58935,10
13.0750303268,80.2405014038,58935,58945,10
13.0759096146,80.2404937744,58945,58955,10
13.0766401291,80.2405776978,58955,58965,10
13.0769796371,80.2406005859,58965,58975,10
13.0770902634,80.2405471802,58975,58985,10
13.0771198273,80.2402801514,58985,58995,10
13.0769796371,80.2397232056,58995,59005,10
13.0766897202,80.2386703491,59005,59026,21
13.0766897202,80.2386703491,59026,59035,9
13.0766096115,80.2384109497,59035,59046,11
13.0764799118,80.2378616333,59046,59056,10
13.0763702393,80.2373199463,59056,59076,20
13.0763702393,80.2373199463,59076,59086,10
13.0763597488,80.237121582,59086,59096,10
13.0762796402,80.236618042,59096,59106,10
13.0761604309,80.2358779907,59106,59117,11
13.0759401321,80.2348709106,59117,59127,10
13.0757598877,80.2342681885,59127,59137,10
13.0757198334,80.2339706421,59137,59147,10
13.0761404037,80.2337875366,59147,59157,10
13.0766601563,80.2337265015,59157,59167,10
13.0768098831,80.2337417603,59167,59177,10
13.0771102905,80.2337188721,59177,59187,10
13.0777301788,80.2336196899,59187,59197,10
13.0782003403,80.2335891724,59197,59207,10
13.0789604187,80.2335586548,59207,59218,11
13.0796804428,80.233543396,59218,59228,10
13.0802202225,80.2335281372,59228,59238,10
13.0803003311,80.233543396,59238,59248,10
13.0804004669,80.2336196899,59248,59258,10
13.0807695389,80.2335968018,59258,59268,10
13.0814399719,80.2336120605,59268,59278,10
13.0819101334,80.233581543,59278,59288,10
13.0819702148,80.2333374023,59288,59298,10
13.0820198059,80.2328796387,59298,59308,10
13.0821304321,80.2324676514,59308,59319,11
13.0823602676,80.2317581177,59319,59329,10
13.0825395584,80.231300354,59329,59339,10
13.0825395584,80.2312927246,59339,59349,10
13.0827198029,80.2309188843,59349,59359,10
13.0829896927,80.230682373,59359,59369,10
13.0831403732,80.2311477661,59369,59379,10
13.0832004547,80.2319564819,59379,59389,10
13.0833301544,80.2328033447,59389,59399,10
13.0834999084,80.2335205078,59399,59409,10
13.0837497711,80.2338867188,59409,59419,10
13.0840902328,80.2339630127,59419,59436,17
13.0842895508,80.2340393066,59436,59448,12
13.0845098495,80.2340927124,59448,59458,10
13.0847396851,80.2341384888,59458,59467,9
13.0848798752,80.2341918945,59467,59479,12
13.0855197906,80.2343215942,59479,59489,10
13.0861501694,80.2344818115,59489,59499,10
13.0868196487,80.234588623,59499,59509,10
13.087679863,80.2345428467,59509,59518,9
13.0879497528,80.2339019775,59518,59530,12
13.0881595612,80.2326889038,59530,59540,10
13.0884399414,80.2316131592,59540,59550,10
13.0888900757,80.2304916382,59550,59570,20
13.0888900757,80.2304916382,59570,59580,10
13.0889596939,80.2303924561,59580,59590,10
13.0891799927,80.2299575806,59590,59600,10
13.0895795822,80.2293014526,59600,59610,10
13.0902500153,80.228553772,59610,59620,10
13.0909996033,80.2277374268,59620,59630,10
13.0914201736,80.2272720337,59630,59641,11
13.0914402008,80.2272720337,59641,59651,10
13.0916204453,80.2271118164,59651,59661,10
13.0920495987,80.2266464233,59661,59671,10
13.092590332,80.2260818481,59671,59681,10
13.0932197571,80.2254562378,59681,59691,10
13.093629837,80.2249984741,59691,59701,10
13.0940599442,80.2244415283,59701,59711,10
13.0946302414,80.2236633301,59711,59721,10
13.0951404572,80.2227478027,59721,59731,10
13.0955095291,80.2217788696,59731,59742,11
13.0958204269,80.2209091187,59742,59752,10
13.0961103439,80.2200775146,59752,59762,10
13.096329689,80.2193374634,59762,59782,20
13.096329689,80.2193374634,59782,59792,10
13.0964403152,80.2191009521,59792,59802,10
13.0965795517,80.2187805176,59802,59812,10
13.0967597961,80.2181930542,59812,59822,10
13.0970201492,80.2174530029,59822,59832,10
13.0971899033,80.2169876099,59832,59843,11
13.0972795486,80.2167282104,59843,59853,10
13.0975103378,80.2161712646,59853,59863,10
13.0978002548,80.2154998779,59863,59873,10
13.0981197357,80.2147598267,59873,59883,10
13.0983600616,80.2142105103,59883,59954,71
13.0983600616,80.2142105103,59954,59964,10
13.0984897614,80.214012146,59964,59974,10
13.0988397598,80.2140884399,59974,59984,10
13.0992202759,80.2142562866,59984,59994,10
13.0996398926,80.2143936157,59994,60004,10
13.1000900269,80.2145080566,60004,60034,30
13.1000900269,80.2145080566,60034,60044,10
13.1002998352,80.21459198,60044,60115,71
13.1002998352,80.21459198,60115,60125,10
13.1004896164,80.2146606445,60125,60135,10
13.1005601883,80.2149276733,60135,60145,10
13.1003103256,80.2154998779,60145,60156,11
13.1000795364,80.2160568237,60156,60166,10
13.1000299454,80.2161102295,60166,60176,10
13.0998697281,80.2159805298,60176,60186,10
13.1000099182,80.2156677246,60186,60196,10
13.1001796722,80.2152633667,60196,60206,10
13.100279808,80.2150726318,60206,61175,969
13.100279808,80.2150726318,61175,61185,10
13.100230217,80.214630127,61185,61195,10
13.1002101898,80.2145385742,61195,61206,11
13.0999603271,80.2144012451,61206,61216,10
13.0996704102,80.21434021,61216,61226,10
13.0991401672,80.2142105103,61226,61236,10
13.098739624,80.2140808105,61236,61276,40
13.098739624,80.2140808105,61276,61286,10
13.098400116,80.2142105103,61286,61296,10
13.09815979,80.2147903442,61296,61307,11
13.0977897644,80.215637207,61307,61317,10
13.0974197388,80.2165603638,61317,61327,10
13.0973396301,80.2167892456,61327,61337,10
13.0972604752,80.2170028687,61337,61347,10
13.0970602036,80.2175598145,61347,61357,10
13.0967798233,80.2183609009,61357,61367,10
13.0965795517,80.2190628052,61367,61377,10
13.0963897705,80.219581604,61377,61387,10
13.0961399078,80.2202606201,61387,61397,10
13.0958995819,80.2209625244,61397,61408,11
13.0956897736,80.2215805054,61408,61418,10
13.0954799652,80.2222671509,61418,61428,10
13.0953798294,80.2225418091,61428,61438,10
13.095199585,80.2229614258,61438,61448,10
13.0948295593,80.2236022949,61448,61458,10
13.0942602158,80.2243804932,61458,61468,10
13.0936002731,80.2251815796,61468,61478,10
13.0930299759,80.2257537842,61478,61488,10
13.0923204422,80.2264785767,61488,61498,10
13.0912504196,80.2276000977,61498,61519,21
13.0912504196,80.2276000977,61519,61529,10
13.0910196304,80.2278137207,61529,61539,10
13.0905799866,80.2282791138,61539,61549,10
13.0899801254,80.2289428711,61549,61559,10
13.0893201828,80.2297973633,61559,61569,10
13.0891103745,80.2302627563,61569,61579,10
13.0888004303,80.2309799194,61579,61599,20
13.0888004303,80.2309799194,61599,61609,10
13.0886898041,80.2312011719,61609,61620,11
13.088640213,80.2313308716,61620,61630,10
13.0885801315,80.2314529419,61630,61640,10
13.0884504318,80.2318725586,61640,61650,10
13.0882501602,80.2326431274,61650,61660,10
13.088060379,80.2336196899,61660,61670,10
13.087849617,80.2345123291,61670,61680,10
13.0870800018,80.2345962524,61680,61689,9
13.0864601135,80.2345428467,61689,61701,12
13.085940361,80.2344207764,61701,61711,10
13.0853996277,80.2342910767,61711,61722,11
13.0846500397,80.2341308594,61722,61732,10
13.0843200684,80.2340393066,61732,61742,10
13.0841703415,80.2339782715,61742,61752,10
13.0837802887,80.2339096069,61752,61762,10
13.0832700729,80.2338180542,61762,61772,10
13.0823802948,80.2336425781,61772,61792,20
13.0823802948,80.2336425781,61792,61802,10
13.0822200775,80.2336196899,61802,61812,10
13.0818395615,80.2335586548,61812,61822,10
13.0812397003,80.2335281372,61822,61833,11
13.0804796219,80.2335128784,61833,61843,10
13.0798397064,80.2335128784,61843,61853,10
13.0795297623,80.2335281372,61853,61863,10
13.079369545,80.2335281372,61863,61873,10
13.0788803101,80.2335510254,61873,61883,10
13.0782299042,80.233581543,61883,61893,10
13.0774202347,80.2336425781,61893,61903,10
13.0766000748,80.2337799072,61903,61913,10
13.0760202408,80.2339019775,61913,61923,10
13.0759897232,80.2339096069,61923,61934,11
13.0758495331,80.234046936,61934,61944,10
13.0759000778,80.2343597412,61944,61954,10
13.0760402679,80.2349777222,61954,61964,10
13.0762195587,80.2358016968,61964,61974,10
13.0763597488,80.2366714478,61974,61984,10
13.0765199661,80.2373199463,61984,61994,10
13.0765304565,80.2373504639,61994,62004,10
13.0765399933,80.2374191284,62004,62014,10
13.0766401291,80.2378005981,62014,62024,10
13.0767602921,80.23853302,62024,62035,11
13.0769901276,80.2394485474,62035,62045,10
13.0770998001,80.2398834229,62045,62055,10
13.0771903992,80.2403335571,62055,62065,10
13.0773296356,80.2408905029,62065,62075,10
13.0773801804,80.2411727905,62075,62085,10
13.0773897171,80.2414703369,62085,62095,10
13.0775403976,80.2420196533,62095,62105,10
13.0776996613,80.2427597046,62105,62115,10
13.0778198242,80.243637085,62115,62125,10
13.0778102875,80.2444610596,62125,62135,10
13.07791996,80.2453308105,62135,62146,11
13.0779895782,80.2461395264,62146,62156,10
13.0780897141,80.2467193604,62156,62166,10
13.0782403946,80.2475204468,62166,62176,10
13.0784196854,80.2484588623,62176,62186,10
13.078619957,80.2491607666,62186,62196,10
13.0787296295,80.2498168945,62196,62206,10
13.0787096024,80.2503204346,62206,62216,10
13.078499794,80.2508087158,62216,62226,10
13.0786304474,80.2515716553,62226,62236,10
13.0784101486,80.2517166138,62236,62247,11
13.0777797699,80.2518386841,62247,62257,10
13.076880455,80.2520065308,62257,62267,10
13.0758600235,80.2521591187,62267,62277,10
13.0752096176,80.2522201538,62277,62287,10
13.074640274,80.2523117065,62287,62297,10
13.0739402771,80.252532959,62297,62307,10
13.0732803345,80.2524871826,62307,62317,10
13.0726804733,80.2523803711,62317,62327,10
13.072259903,80.2521362305,62327,62336,9
13.0720901489,80.2515792847,62336,62348,12
13.072019577,80.2510528564,62348,62358,10
13.0719099045,80.2506713867,62358,62368,10
13.0717401505,80.250038147,62368,62378,10
13.0715503693,80.2492980957,62378,62388,10
13.0714302063,80.248550415,62388,62398,10
13.0712795258,80.2480773926,62398,62408,10
13.0710601807,80.2474975586,62408,62418,10
13.0706996918,80.2467727661,62418,62428,10
13.0703201294,80.2459411621,62428,62438,10
13.0700397491,80.2453384399,62438,62448,10
13.0697498322,80.2445983887,62448,62459,11
13.0695104599,80.243888855,62459,62469,10
13.0693302155,80.2434234619,62469,62489,20
13.0693302155,80.2434234619,62489,62499,10
13.0692996979,80.2433319092,62499,62509,10
13.0692396164,80.2431793213,62509,62519,10
13.0691795349,80.2427215576,62519,62529,10
13.0686502457,80.2425765991,62529,62539,10
13.0678796768,80.2427902222,62539,62549,10
13.0670499802,80.2431182861,62549,62560,11
13.0662202835,80.2435302734,62560,62570,10
13.0661497116,80.2441482544,62570,62580,10
13.0661897659,80.2444610596,62580,62590,10
13.0662202835,80.2448196411,62590,62600,10
13.066280365,80.2452468872,62600,62610,10
13.0664596558,80.24584198,62610,62620,10
13.0671195984,80.2462081909,62620,62630,10
13.0678300858,80.2465896606,62630,62650,20
13.0678300858,80.2465896606,62650,62661,11
13.0679597855,80.2470169067,62661,62671,10
13.0679302216,80.2477035522,62671,62681,10
13.0673704147,80.2479476929,62681,62691,10
13.0667200089,80.2479095459,62691,62701,10
13.0664596558,80.2479019165,62701,62711,10
13.0660400391,80.2478485107,62711,62721,10
13.0655202866,80.2478179932,62721,62731,10
13.064789772,80.247756958,62731,62741,10
13.0639896393,80.247718811,62741,62751,10
13.0634098053,80.2476577759,62751,62761,10
13.0628795624,80.2475891113,62761,62772,11
13.0621004105,80.2475509644,62772,62782,10
13.0616903305,80.2473983765,62782,62792,10
13.0614500046,80.2472000122,62792,62802,10
13.0613498688,80.246963501,62802,62812,10
13.0615501404,80.246711731,62812,62822,10
13.0616798401,80.2465667725,62822,62832,10
13.0617799759,80.2463912964,62832,62842,10
13.0618801117,80.2460479736,62842,62852,10
13.0619401932,80.2455978394,62852,62862,10
13.0621404648,80.2451477051,62862,62873,11
13.0627403259,80.244758606,62873,62883,10
13.0631198883,80.2443008423,62883,62903,20
13.0631198883,80.2443008423,62903,62913,10
13.0632801056,80.2442016602,62913,62923,10
13.0634498596,80.2437286377,62923,62933,10
13.0631399155,80.2434768677,62933,62943,10
13.0626001358,80.2433624268,62943,62953,10
13.0622901917,80.2432785034,62953,62963,10
13.0618495941,80.2431869507,62963,62974,11
13.0614404678,80.2431030273,62974,62984,10
13.0613298416,80.2431030273,62984,62994,10
13.0609397888,80.2429885864,62994,63004,10
13.0606899261,80.2429122925,63004,63014,10
13.0603399277,80.2427978516,63014,63024,10
13.0597801208,80.2425765991,63024,63034,10
13.0593004227,80.242477417,63034,63044,10
13.0588197708,80.2425765991,63044,63054,10
13.0587396622,80.2425994873,63054,63064,10
13.058380127,80.2426681519,63064,63074,10
13.0578098297,80.2427902222,63074,63085,11
13.0570201874,80.2428283691,63085,63105,20
13.0570201874,80.2428283691,63105,63115,10
13.0566396713,80.2427215576,63115,63125,10
13.0562200546,80.2425613403,63125,63135,10
13.0559196472,80.2423629761,63135,63145,10
13.0556001663,80.2422637939,63145,63155,10
13.0549602509,80.2423629761,63155,63165,10
13.0543699265,80.2423629761,63165,63175,10
13.0537996292,80.2422485352,63175,63206,31
13.0537996292,80.2422485352,63206,63216,10
13.0535898209,80.2421875,63216,63226,10
13.0531902313,80.2420120239,63226,63236,10
13.052740097,80.2418518066,63236,63297,61
13.052740097,80.2418518066,63297,63307,10
13.0524702072,80.2416763306,63307,63317,10
13.0521497726,80.2411804199,63317,63327,10
13.0519504547,80.2408905029,63327,63337,10
13.0517501831,80.2407836914,63337,63347,10
13.0513000488,80.2406616211,63347,63357,10
13.050860405,80.2405700684,63357,63367,10
13.0508298874,80.240562439,63367,63377,10
13.0507698059,80.2405471802,63377,63388,11
13.0503702164,80.2404632568,63388,63398,10
13.0497198105,80.2403182983,63398,63408,10
13.0490102768,80.2401275635,63408,63418,10
13.0482597351,80.2399520874,63418,63428,10
13.0475902557,80.2398300171,63428,63438,10
13.0470104218,80.239692688,63438,63448,10
13.0462999344,80.2395782471,63448,63458,10
13.0461902618,80.2394638062,63458,63468,10
13.0463495255,80.239112854,63468,63478,10
13.0464496613,80.2385177612,63478,63488,10
13.0465898514,80.2379074097,63488,63499,11
13.0466995239,80.2372436523,63499,63509,10
13.046790123,80.2368774414,63509,63519,10
13.0468997955,80.236328125,63519,63529,10
13.046959877,80.2359771729,63529,63539,10
13.0469903946,80.2358932495,63539,63549,10
13.0470399857,80.2355575562,63549,63559,10
13.047129631,80.2349777222,63559,63569,10
13.0472097397,80.2342071533,63569,63579,10
13.0472803116,80.2335205078,63579,63589,10
13.047249794,80.2331695557,63589,63600,11
13.0467195511,80.233039856,63600,63610,10
13.0460100174,80.2328491211,63610,63620,10
13.0451402664,80.2326583862,63620,63660,40
13.0451402664,80.2326583862,63660,63670,10
13.0447702408,80.2326278687,63670,63680,10
13.0442199707,80.2324981689,63680,63690,10
13.043510437,80.2323532104,63690,63701,11
13.0429096222,80.2323608398,63701,63711,10
13.0422496796,80.2323608398,63711,63721,10
13.0415296555,80.2322387695,63721,63731,10
13.0406703949,80.2319717407,63731,63741,10
13.0396203995,80.2316818237,63741,63751,10
13.0385599136,80.2313766479,63751,63761,10
13.037560463,80.231048584,63761,63771,10
13.0369796753,80.2308502197,63771,63781,10
13.0367202759,80.2307815552,63781,63791,10
13.0362796783,80.2306213379,63791,63801,10
13.0358695984,80.2304229736,63801,63953,152
13.0358695984,80.2304229736,63953,63963,10
13.0356502533,80.2304229736,63963,63973,10
13.0354499817,80.2303771973,63973,63983,10
13.0351400375,80.2302932739,63983,63993,10
13.0348501205,80.2303009033,63993,64003,10
13.0345602036,80.2303619385,64003,64013,10
13.034239769,80.2304382324,64013,64024,11
13.0333595276,80.2305221558,64024,64054,30
13.0333595276,80.2305221558,64054,64064,10
13.0329704285,80.2305374146,64064,64074,10
13.0323600769,80.2306137085,64074,64084,10
13.0316200256,80.230682373,64084,64094,10
13.031370163,80.2306976318,64094,64104,10
13.0311603546,80.2307434082,64104,64155,51
13.0311603546,80.2307434082,64155,64165,10
13.0307598114,80.230796814,64165,64175,10
13.030380249,80.2308120728,64175,64185,10
13.0300703049,80.2308273315,64185,64215,30
13.0300703049,80.2308273315,64215,64226,11
13.0298595428,80.2308807373,64226,64236,10
13.0296096802,80.2308883667,64236,64246,10
13.0290899277,80.2309188843,64246,64256,10
13.0283899307,80.23097229,64256,64266,10
13.0277795792,80.231048584,64266,64276,10
13.027680397,80.2313613892,64276,64286,10
13.0277500153,80.2319488525,64286,64296,10
13.0278596878,80.2325668335,64296,64306,10
13.0276403427,80.2328872681,64306,64316,10
13.0270996094,80.232963562,64316,64387,71
13.0270996094,80.232963562,64387,64397,10
13.0268297195,80.2330627441,64397,64407,10
13.0264997482,80.2330627441,64407,64417,10
13.026260376,80.2326202393,64417,64428,11
13.0261297226,80.2321395874,64428,64438,10
13.02602005,80.2317504883,64438,64448,10
13.0258598328,80.2311325073,64448,64458,10
13.025560379,80.2303771973,64458,64468,10
13.0251398087,80.2297897339,64468,64478,10
13.0250797272,80.2297210693,64478,64488,10
13.0250301361,80.2296524048,64488,64498,10
13.0247402191,80.229309082,64498,64508,10
13.024430275,80.2288894653,64508,64518,10
13.0239601135,80.2283096313,64518,64539,21
13.0239601135,80.2283096313,64539,64549,10
13.023900032,80.2282409668,64549,64559,10
13.0236196518,80.2279129028,64559,64569,10
13.0231800079,80.2274627686,64569,64579,10
13.0226202011,80.2269363403,64579,64589,10
13.0219297409,80.2263565063,64589,64599,10
13.0212898254,80.2258377075,64599,64609,10
13.0203800201,80.225189209,64609,64629,20
13.0203800201,80.225189209,64629,64640,11
13.0201301575,80.2249984741,64640,64650,10
13.0196504593,80.2246704102,64650,64660,10
13.0188398361,80.2245178223,64660,64670,10
13.0179595947,80.2248535156,64670,64680,10
13.017080307,80.2252120972,64680,64690,10
13.0166501999,80.2253875732,64690,64700,10
13.0163698196,80.2255401611,64700,64710,10
13.0159301758,80.2257003784,64710,64720,10
13.01541996,80.2258911133,64720,64730,10
13.0149898529,80.2260818481,64730,64741,11
13.0140800476,80.2264785767,64741,64771,30
13.0140800476,80.2264785767,64771,64781,10
13.0138597488,80.2265777588,64781,64791,10
13.0133304596,80.2267227173,64791,64801,10
13.0126304626,80.2269592285,64801,64817,16
13.011300087,80.2275238037,64817,64829,12
13.0100698471,80.228012085,64829,64837,8
13.0093002319,80.2283935547,64837,64850,13
13.0089197159,80.2297210693,64850,64860,10
13.0086898804,80.2308578491,64860,64870,10
13.008480072,80.2320098877,64870,64880,10
13.0082502365,80.2336425781,64880,64920,40
13.0082502365,80.2336425781,64920,64929,9
13.0082502365,80.2337036133,64929,64939,10
13.0081300735,80.2339782715,64939,64951,12
13.0080003738,80.2346191406,64951,64961,10
13.0079402924,80.2349777222,64961,64971,10
13.0079202652,80.2351531982,64971,64981,10
13.0078201294,80.2356033325,64981,64991,10
13.0076599121,80.2363510132,64991,65001,10
13.0074596405,80.2372894287,65001,65011,10
13.0073003769,80.2382202148,65011,65021,10
13.0071697235,80.2387924194,65021,65031,10
13.007060051,80.2393875122,65031,65041,10
13.006939888,80.2400512695,65041,65052,11
13.0068702698,80.2408676147,65052,65072,20
13.0068702698,80.2408676147,65072,65082,10
13.0068101883,80.2410507202,65082,65092,10
13.0067596436,80.2415390015,65092,65102,10
13.0067396164,80.2422790527,65102,65112,10
13.0067300797,80.2429122925,65112,65128,16
13.0067100525,80.243347168,65128,65140,12
13.0066995621,80.243598938,65140,65150,10
13.0066995621,80.2440109253,65150,65161,11
13.0067300797,80.2445068359,65161,65170,9
13.0067195892,80.2447433472,65170,65181,11
13.0067195892,80.2450332642,65181,65201,20
13.0067195892,80.2450332642,65201,65211,10
13.0067396164,80.2453308105,65211,65221,10
13.0067396164,80.2453765869,65221,65231,10
13.0067396164,80.2456283569,65231,65241,10
13.0067396164,80.245880127,65241,65250,9
13.0067501068,80.2462310791,65250,65262,12
13.0067596436,80.2468032837,65262,65272,10
13.0067396164,80.2474899292,65272,65282,10
13.0067396164,80.248298645,65282,65292,10
13.0068798065,80.2496566772,65292,65332,40
13.0068798065,80.2496566772,65332,65342,10
13.0068798065,80.2498092651,65342,65352,10
13.0068597794,80.250289917,65352,65362,10
13.0068597794,80.2509613037,65362,65373,11
13.006819725,80.2515106201,65373,65423,50
13.006819725,80.2515106201,65423,65433,10
13.006770134,80.2516326904,65433,65443,10
13.0066604614,80.2521209717,65443,65453,10
13.0065698624,80.2528686523,65453,65463,10
13.0065803528,80.2537765503,65463,65474,11
13.0066099167,80.2545776367,65474,65484,10
13.0066204071,80.2547988892,65484,65532,48
13.0066204071,80.2547988892,65532,65542,10
13.0066299438,80.2552566528,65542,65552,10
13.0066299438,80.2558898926,65552,65562,10
13.0066299438,80.2566070557,65562,65572,10
13.0066795349,80.257019043,65572,65612,40
13.0066795349,80.257019043,65612,65623,11
13.0067300797,80.2573318481,65623,65633,10
13.0064601898,80.2576599121,65633,65643,10
13.0060396194,80.2575912476,65643,65653,10
13.0056400299,80.2574768066,65653,65663,10
13.0050201416,80.2572784424,65663,65673,10
13.0043296814,80.2571487427,65673,65684,11
13.0036497116,80.2570037842,65684,65694,10
13.0031204224,80.2568969727,65694,65704,10
13.0025501251,80.2567977905,65704,65714,10
13.0018396378,80.2566833496,65714,65764,50
13.0018396378,80.2566833496,65764,65774,10
13.001709938,80.2566833496,65774,65785,11
13.0012798309,80.2566299438,65785,65795,10
13.0006799698,80.2565307617,65795,65805,10
13.0001096725,80.2564468384,65805,65825,20
13.0001096725,80.2564468384,65825,65835,10
12.9998903275,80.2564163208,65835,65855,20
12.9998903275,80.2564163208,65855,65865,10
12.9997396469,80.256362915,65865,65875,10
12.9993600845,80.2562789917,65875,65886,11
12.9989595413,80.2561798096,65886,65896,10
12.9986095428,80.2561264038,65896,65906,10
12.9983196259,80.2561035156,65906,65916,10
12.9978399277,80.2560119629,65916,65926,10
12.9974098206,80.2560119629,65926,65936,10
12.9974002838,80.2560119629,65936,65946,10
12.9972400665,80.2560272217,65946,65956,10
12.9969501495,80.2561035156,65956,65966,10
12.9968996048,80.2565383911,65966,65976,10
12.9968900681,80.256729126,65976,65987,11
12.9968900681,80.2568511963,65987,65997,10
12.9968795776,80.2570724487,65997,66007,10
12.9968204498,80.2575683594,66007,66017,10
12.9967298508,80.2583084106,66017,66027,10
12.9966497421,80.2590408325,66027,66037,10
12.9966096878,80.2593765259,66037,66047,10
12.9965496063,80.2597885132,66047,66057,10
12.9964895248,80.2604064941,66057,66067,10
12.9964199066,80.2611236572,66067,66077,10
12.9963302612,80.2619628906,66077,66108,31
12.9963302612,80.2619628906,66108,66118,10
12.9962797165,80.2623214722,66118,66128,10
12.996219635,80.2627410889,66128,66138,10
12.9961700439,80.2632980347,66138,66148,10
12.9960899353,80.263999939,66148,66158,10
12.9959897995,80.2648086548,66158,66168,10
12.9959001541,80.2656402588,66168,66178,10
12.9958000183,80.2666015625,66178,66188,10
12.9956998825,80.2675628662,66188,66199,11
12.9961795807,80.2677612305,66199,66219,20
12.9961795807,80.2677612305,66219,66229,10
12.9962701797,80.2677383423,66229,66239,10
12.9966602325,80.2677993774,66239,66249,10
12.9973297119,80.2676467896,66249,66259,10
12.998000145,80.2674789429,66259,66269,10
12.998749733,80.267250061,66269,66279,10
12.9996299744,80.2669906616,66279,66289,10
13.0000801086,80.2667007446,66289,66300,11
13.0000896454,80.2667007446,66300,66310,10
13.0001001358,80.2666625977,66310,66320,10
13.000169754,80.266242981,66320,66330,10
13.0002202988,80.2658233643,66330,66340,10
13.0003004074,80.2657623291,66340,66350,10
13.0003404617,80.2659378052,66350,66360,10
13.0003700256,80.2661819458,66360,66754,394
13.0003700256,80.2661819458,66754,66764,10
13.0003404617,80.2665786743,66764,66774,10
13.0003004074,80.2668533325,66774,66784,10
13.0000896454,80.266960144,66784,66794,10
12.9995698929,80.2670669556,66794,66804,10
12.998840332,80.2672805786,66804,66815,11
12.9980096817,80.2675170898,66815,66825,10
12.9972801208,80.2677230835,66825,66835,10
12.9966201782,80.2678222656,66835,66845,10
12.9959802628,80.2678222656,66845,66855,10
12.9956598282,80.2676696777,66855,66865,10
12.9956598282,80.2676467896,66865,66875,10
12.9956502914,80.267539978,66875,66885,10
12.9956998825,80.2671585083,66885,66895,10
12.995759964,80.2664718628,66895,66905,10
12.9958600998,80.2657012939,66905,66921,16
12.9959602356,80.2646865845,66921,66934,13
12.9960803986,80.2637176514,66934,66944,10
12.9961500168,80.2627563477,66944,66964,20
12.9961500168,80.2627563477,66964,66974,10
12.9961900711,80.2624816895,66974,66984,10
12.996219635,80.2623214722,66984,66994,10
12.9962596893,80.261932373,66994,67004,10
12.9963302612,80.26146698,67004,67014,10
12.9963998795,80.2607574463,67014,67025,11
12.9964895248,80.2599868774,67025,67035,10
12.9965000153,80.2595672607,67035,67045,10
12.9965400696,80.2591018677,67045,67055,10
12.9966201782,80.258430481,67055,67065,10
12.9966802597,80.2577514648,67065,67075,10
12.9967403412,80.2573623657,67075,67085,10
12.9967699051,80.2571182251,67085,67095,10
12.9968004227,80.2566833496,67095,67126,31
12.9968004227,80.2566833496,67126,67136,10
12.9968595505,80.2562026978,67136,67247,111
12.9968595505,80.2562026978,67247,67257,10
12.9968900681,80.2559127808,67257,67267,10
12.9972200394,80.255859375,67267,67277,10
12.9978504181,80.2559204102,67277,67287,10
12.9987802505,80.2560577393,67287,67307,20
12.9987802505,80.2560577393,67307,67317,10
12.9989404678,80.2561035156,67317,67327,10
12.9994096756,80.256187439,67327,67338,11
13.0000495911,80.2563171387,67338,67347,9
13.0005598068,80.2564315796,67347,67368,21
13.0005598068,80.2564315796,67368,67378,10
13.0006399155,80.256477356,67378,67388,10
13.0010099411,80.2565383911,67388,67398,10
13.0013904572,80.2566070557,67398,67408,10
13.0015897751,80.2566375732,67408,67418,10
13.0019598007,80.2566986084,67418,67428,10
13.0024499893,80.2567825317,67428,67439,11
13.002989769,80.2568817139,67439,67449,10
13.0034399033,80.2569732666,67449,67459,10
13.0040302277,80.2570800781,67459,67469,10
13.0045995712,80.2571792603,67469,67479,10
13.0052604675,80.2573165894,67479,67489,10
13.0058202744,80.2574386597,67489,67580,91
13.0058202744,80.2574386597,67580,67590,10
13.0061597824,80.257522583,67590,67600,10
13.0064897537,80.2574462891,67600,67661,61
13.0064897537,80.2574462891,67661,67671,10
13.0064897537,80.2570571899,67671,67782,111
13.0064001083,80.2566986084,67782,67853,71
13.0065402985,80.2563323975,67853,67893,40
13.0065402985,80.2563323975,67893,67903,10
13.006529808,80.2559585571,67903,67943,40
13.006529808,80.2559585571,67943,67954,11
13.0065202713,80.2556533813,67954,67994,40
13.0065202713,80.2553634644,67994,68065,71
13.0065202713,80.2553634644,68065,68074,9
13.0065202713,80.2548980713,68074,68085,11
13.0064401627,80.2546386719,68085,68105,20
13.0064401627,80.2546386719,68105,68115,10
13.0064401627,80.2544403076,68115,68125,10
13.0064496994,80.2543106079,68125,68135,10
13.0064697266,80.2540283203,68135,68226,91
13.0064697266,80.2540283203,68226,68236,10
13.0064897537,80.2535934448,68236,68246,10
13.006480217,80.2535018921,68246,68256,10
13.006480217,80.2532577515,68256,68267,11
13.0064601898,80.2527389526,68267,68357,90
13.0064601898,80.2527389526,68357,68368,11
13.0064897537,80.2525787354,68368,68378,10
13.0065498352,80.2521133423,68378,68388,10
13.0066795349,80.2514877319,68388,68398,10
13.0066995621,80.2511291504,68398,68408,10
13.0067100525,80.2509613037,68408,68418,10
13.0067100525,80.2509078979,68418,68428,10
13.0066900253,80.2507324219,68428,68468,40
13.0067195892,80.2505493164,68468,68600,132
13.0067195892,80.2505493164,68600,68610,10
13.0066900253,80.2501373291,68610,68620,10
13.0066900253,80.2498931885,68620,68630,10
13.0066699982,80.2495422363,68630,68721,91
13.0066699982,80.2495422363,68721,68731,10
13.0067100525,80.2493209839,68731,68741,10
13.0066604614,80.2490463257,68741,68751,10
13.0066204071,80.2488098145,68751,68761,10
13.0065803528,80.2485122681,68761,68771,10
13.0065803528,80.2483901978,68771,68782,11
13.0065402985,80.248046875,68782,68842,60
13.0065402985,80.248046875,68842,68852,10
13.0065603256,80.2478103638,68852,68862,10
13.0065898895,80.2473068237,68862,68872,10
13.0065202713,80.2467269897,68872,68882,10
13.0065202713,80.246673584,68882,68893,11
13.0065803528,80.2464370728,68893,68903,10
13.0065402985,80.245880127,68903,68933,30
13.0065402985,80.245880127,68933,68943,10
13.0065603256,80.2454605103,68943,68953,10
13.0065402985,80.2452011108,68953,68963,10
13.0065202713,80.245010376,68963,68973,10
13.0065402985,80.2448196411,68973,68983,10
13.0065603256,80.2445983887,68983,68994,11
13.0065803528,80.244392395,68994,69004,10
13.0065603256,80.244102478,69004,69014,10
13.0065603256,80.243850708,69014,69024,10
13.006529808,80.2435379028,69024,69034,10
13.0065202713,80.243019104,69034,69044,10
13.0065002441,80.2422637939,69044,69054,10
13.0065097809,80.2417526245,69054,69064,10
13.006529808,80.2416534424,69064,69074,10
13.006529808,80.2414627075,69074,69084,10
13.006529808,80.2413711548,69084,69095,11
13.0065498352,80.2412109375,69095,69105,10
13.0065603256,80.2410964966,69105,69115,10
13.0066099167,80.2406997681,69115,69125,10
13.0067501068,80.240020752,69125,69135,10
13.006939888,80.2393875122,69135,69145,10
13.0071401596,80.2382507324,69145,69155,10
13.0072803497,80.2376403809,69155,69165,10
13.007349968,80.237197876,69165,69175,10
13.0073604584,80.237159729,69175,69185,10
13.007349968,80.2369384766,69185,69195,10
13.0073604584,80.2369308472,69195,69206,11
13.0074701309,80.2365875244,69206,69216,10
13.0074996948,80.2365036011,69216,69226,10
13.0075597763,80.2361602783,69226,69236,10
13.0076904297,80.2355575562,69236,69246,10
13.0078201294,80.2348632813,69246,69256,10
13.0080003738,80.2340927124,69256,69266,10
13.0081996918,80.2330474854,69266,69276,10
13.0084295273,80.231880188,69276,69286,10
13.0086402893,80.2307128906,69286,69296,10
13.0088596344,80.2295837402,69296,69307,11
13.0090799332,80.2285003662,69307,69317,10
13.0092000961,80.2280502319,69317,69327,10
13.0093202591,80.2277603149,69327,69337,10
13.0094995499,80.2273635864,69337,69347,10
13.0096502304,80.2270202637,69347,69357,10
13.0097904205,80.2267608643,69357,69367,10
13.0098495483,80.2266311646,69367,69377,10
13.0099201202,80.2264785767,69377,69387,10
13.0099496841,80.2264404297,69387,69397,10
13.0100898743,80.2261123657,69397,69408,11
13.010219574,80.2258224487,69408,69418,10
13.0103597641,80.2255325317,69418,69428,10
13.0104904175,80.2252731323,69428,69438,10
13.0106096268,80.2250518799,69438,69448,10
13.0106201172,80.2250518799,69448,69458,10
13.0107297897,80.2248077393,69458,69468,10
13.0109195709,80.2243728638,69468,69478,10
13.0111598969,80.2238922119,69478,69488,10
13.0113201141,80.2234191895,69488,69498,10
13.0115699768,80.2228164673,69498,69509,11
13.0118598938,80.2219085693,69509,69518,9
13.0121202469,80.2214584351,69518,69529,11
13.0123596191,80.2216186523,69529,69539,10
13.0127096176,80.2220535278,69539,69549,10
13.013010025,80.2224273682,69549,69559,10
13.0134296417,80.2229232788,69559,69569,10
13.0138597488,80.2233276367,69569,69579,10
13.0141401291,80.2235565186,69579,69589,10
13.0143699646,80.2238693237,69589,69599,10
13.0147600174,80.224319458,69599,69609,10
13.0149898529,80.2246170044,69609,69620,11
13.015130043,80.2248001099,69620,69640,20
13.015130043,80.2248001099,69640,69650,10
13.0152301788,80.224937439,69650,69660,10
13.01541996,80.2250518799,69660,69670,10
13.0154895782,80.2250900269,69670,69680,10
13.0156297684,80.2251968384,69680,69690,10
13.0160303116,80.2254486084,69690,69700,10
13.0166196823,80.225402832,69700,69710,10
13.01720047,80.2251586914,69710,69721,11
13.0180397034,80.224822998,69721,69731,10
13.0189399719,80.2244567871,69731,69741,10
13.0195102692,80.2244796753,69741,69751,10
13.0197696686,80.2246398926,69751,69761,10
13.0201702118,80.224937439,69761,69771,10
13.0206899643,80.2253189087,69771,69781,10
13.0210504532,80.2256011963,69781,69791,10
13.0213003159,80.2258071899,69791,69801,10
13.0216302872,80.2260284424,69801,69811,10
13.0219402313,80.2262420654,69811,69822,11
13.0219802856,80.2262573242,69822,69832,10
13.0220403671,80.2263183594,69832,69842,10
13.022359848,80.2266082764,69842,69852,10
13.0229797363,80.2271270752,69852,69872,20
13.0229797363,80.2271270752,69872,69882,10
13.0231399536,80.2273635864,69882,69892,10
13.023229599,80.2274627686,69892,69902,10
13.0234298706,80.2276306152,69902,69912,10
13.0237598419,80.2279129028,69912,69923,11
13.0241804123,80.2283172607,69923,69933,10
13.0243902206,80.2285614014,69933,69943,10
13.0245599747,80.2287979126,69943,69983,40
13.0245599747,80.2287979126,69983,69993,10
13.0246601105,80.2289733887,69993,70003,10
13.024939537,80.2293930054,70003,70013,10
13.0253896713,80.2299728394,70013,70024,11
13.025759697,80.2305603027,70024,70034,10
13.0258598328,80.2307815552,70034,70044,10
13.0259199142,80.2309875488,70044,70054,10
13.025970459,80.2312088013,70054,70064,10
13.0261001587,80.2314071655,70064,70074,10
13.0266199112,80.2312469482,70074,70084,10
13.0276098251,80.2310180664,70084,70104,20
13.0276098251,80.2310180664,70104,70120,16
13.0280799866,80.231010437,70120,70132,12
13.0283403397,80.2309875488,70132,70139,7
13.0283899307,80.2309799194,70139,70153,14
13.0286197662,80.23097229,70153,70193,40
13.0286197662,80.23097229,70193,70202,9
13.0289001465,80.2309188843,70202,70213,11
13.0296697617,80.2308425903,70213,70235,22
13.0297803879,80.230796814,70235,70265,30
13.0297803879,80.230796814,70265,70275,10
13.0301198959,80.230796814,70275,70295,20
13.0301198959,80.230796814,70295,70305,10
13.0302295685,80.230796814,70305,70315,10
13.0305595398,80.2307815552,70315,70325,10
13.0310401917,80.2307510376,70325,70335,10
13.03166008,80.2306900024,70335,70346,11
13.0323400497,80.2306289673,70346,70356,10
13.0329198837,80.2305908203,70356,70366,10
13.0332899094,80.2305831909,70366,70416,50
13.0332899094,80.2305831909,70416,70426,10
13.0334100723,80.2305908203,70426,70436,10
13.0337400436,80.2305603027,70436,70447,11
13.033780098,80.2305526733,70447,70457,10
13.0339403152,80.2305297852,70457,70467,10
13.0340900421,80.2305221558,70467,70477,10
13.0343704224,80.2304382324,70477,70507,30
13.0343704224,80.2304382324,70507,70517,10
13.0346403122,80.2304000854,70517,70527,10
13.0349197388,80.2304992676,70527,70537,10
13.0349397659,80.2307662964,70537,70548,11
13.0349397659,80.2308120728,70548,70558,10
13.0348901749,80.2311477661,70558,70568,10
13.0347900391,80.2317810059,70568,70578,10
13.0347099304,80.232421875,70578,70588,10
13.0346298218,80.2331466675,70588,70598,10
13.0345401764,80.2337188721,70598,70608,10
13.0344495773,80.2344512939,70608,70618,10
13.0343503952,80.2352600098,70618,70628,10
13.0342798233,80.236000061,70628,70638,10
13.0342197418,80.2366714478,70638,70649,11
13.0342102051,80.2372207642,70649,70715,66
13.0342102051,80.2372207642,70715,70727,12
13.0341701508,80.237449646,70727,70735,8
13.0342798233,80.2376403809,70735,70747,12
13.0344600677,80.23777771,70747,70758,11
13.0347604752,80.23828125,70758,70768,10
13.0351400375,80.2388916016,70768,70777,9
13.0354700089,80.239402771,70777,70788,11
13.035949707,80.2394790649,70788,70797,9
13.0365400314,80.2395477295,70797,70808,11
13.0375299454,80.2396621704,70808,70818,10
13.038310051,80.2397384644,70818,70828,10
13.0387802124,80.2397994995,70828,70838,10
13.0391597748,80.2398529053,70838,70848,10
13.0396404266,80.2398986816,70848,70859,11
13.0402202606,80.239982605,70859,70879,20
13.0402202606,80.239982605,70879,70889,10
13.0403795242,80.2402267456,70889,70899,10
13.04047966,80.2405776978,70899,70909,10
13.0409498215,80.2406387329,70909,70919,10
13.0410003662,80.2406463623,70919,70929,10
13.0413398743,80.2406997681,70929,70939,10
13.0417995453,80.2407531738,70939,70949,10
13.0423603058,80.2408218384,70949,70960,11
13.0428600311,80.2408905029,70960,70970,10
13.0430498123,80.2409286499,70970,70980,10
13.0431203842,80.2409667969,70980,70990,10
13.0433797836,80.2409820557,70990,71000,10
13.043510437,80.2409896851,71000,71010,10
13.0437097549,80.2409973145,71010,71019,9
13.0439395905,80.2410202026,71019,71029,10
13.0441799164,80.2408981323,71029,71040,11
13.0446395874,80.2405471802,71040,71131,91
13.0446395874,80.2405471802,71131,71147,16
13.0446796417,80.240447998,71147,71159,12
13.0450496674,80.2401885986,71159,71167,8
13.0454998016,80.2399215698,71167,71180,13
13.0460796356,80.2395477295,71180,71189,9
13.0462999344,80.2395782471,71189,71200,11
13.046500206,80.2396392822,71200,71210,10
13.0466995239,80.2397003174,71210,71220,10
13.0472202301,80.2398071289,71220,71229,9
13.0479898453,80.239982605,71229,71240,11
13.0485801697,80.2400970459,71240,71250,10
13.0491895676,80.2402420044,71250,71260,10
13.0497598648,80.2403411865,71260,71270,10
13.0503997803,80.2404708862,71270,71281,11
13.0510702133,80.2406005859,71281,71291,10
13.051199913,80.2406311035,71291,71301,10
13.0514297485,80.2406921387,71301,71311,10
13.0520095825,80.2408218384,71311,71321,10
13.0524997711,80.2412719727,71321,71331,10
13.0525197983,80.2413864136,71331,71341,10
13.0525598526,80.241569519,71341,71351,10
13.0530004501,80.241897583,71351,71361,10
13.0536203384,80.2421875,71361,71371,10
13.0538797379,80.2422866821,71371,71382,11
13.0539197922,80.2423019409,71382,71392,10
13.0541601181,80.2423629761,71392,71402,10
13.0547800064,80.2423934937,71402,71412,10
13.0555000305,80.2422866821,71412,71422,10
13.0560903549,80.2424621582,71422,71432,10
13.0565795898,80.2426681519,71432,71483,51
13.0565795898,80.2426681519,71483,71493,10
13.0569400787,80.2426681519,71493,71503,10
13.0573501587,80.2428588867,71503,71513,10
13.0576400757,80.2428512573,71513,71523,10
13.0579595566,80.2428207397,71523,71533,10
13.0585203171,80.2426681519,71533,71543,10
13.0588598251,80.2425918579,71543,71553,10
13.0590000153,80.2425689697,71553,71563,10
13.0593395233,80.2425079346,71563,71573,10
13.0598297119,80.24269104,71573,71584,11
13.0604000092,80.2429199219,71584,71594,10
13.0608701706,80.2430725098,71594,71604,10
13.0612201691,80.2431793213,71604,71614,10
13.0616102219,80.2432632446,71614,71630,16
13.0618696213,80.243309021,71630,71642,12
13.0624704361,80.2434005737,71642,71661,19
13.0624704361,80.2434005737,71661,71672,11
13.0628299713,80.2434234619,71672,71682,10
13.0632696152,80.2435073853,71682,71693,11
13.0638799667,80.243522644,71693,71702,9
13.0643396378,80.2435302734,71702,71713,11
13.0649299622,80.243522644,71713,71723,10
13.0659198761,80.2434921265,71723,71743,20
13.0659198761,80.2434921265,71743,71753,10
13.0661096573,80.2434997559,71753,71763,10
13.0663499832,80.2434387207,71763,71774,11
13.0666704178,80.2433319092,71774,71784,10
13.0670795441,80.2431335449,71784,71795,11
13.0676202774,80.2428588867,71795,71805,10
13.0683097839,80.2426681519,71805,71815,10
13.0690803528,80.2423706055,71815,71825,10
13.0698699951,80.2421264648,71825,71855,30
13.0698699951,80.2421264648,71855,71865,10
13.0701398849,80.2421112061,71865,71875,10
13.070400238,80.2420196533,71875,71885,10
13.0708198547,80.2418670654,71885,71896,11
13.0714101791,80.2416610718,71896,71906,10
13.0719995499,80.2413406372,71906,71916,10
13.0724601746,80.2410507202,71916,71926,10
13.0728597641,80.2408599854,71926,71936,10
13.0732402802,80.2407608032,71936,71946,10
13.0736999512,80.2406082153,71946,71956,10
13.0743904114,80.2405166626,71956,71966,10
13.0753898621,80.2405014038,71966,71976,10
13.0763397217,80.2405166626,71976,71986,10
13.0767602921,80.2406005859,71986,71997,11
13.077050209,80.240562439,71997,72007,10
13.0770597458,80.240272522,72007,72017,10
13.0769100189,80.2397994995,72017,72027,10
13.0767402649,80.2390823364,72027,72037,10
13.0765600204,80.2383422852,72037,72047,10
13.076499939,80.2380523682,72047,72057,10
13.0764598846,80.2378616333,72057,72067,10
13.0763702393,80.2375030518,72067,72087,20
13.0763702393,80.2375030518,72087,72097,10
13.0763597488,80.2374191284,72097,72108,11
13.0763397217,80.2373123169,72108,72118,10
13.0763597488,80.2372283936,72118,72128,10
13.076259613,80.2368087769,72128,72138,10
13.0761699677,80.2360992432,72138,72148,10
13.0759897232,80.2352828979,72148,72158,10
13.0757904053,80.2345275879,72158,72168,10
13.0756902695,80.2341690063,72168,72178,10
13.0756797791,80.2340927124,72178,72188,10
13.0759000778,80.233833313,72188,72198,10
13.076379776,80.2337722778,72198,72209,11
13.0764799118,80.2337722778,72209,72219,10
13.0768499374,80.2337036133,72219,72229,10
13.077580452,80.2335968018,72229,72239,10
13.0783395767,80.2335891724,72239,72249,10
13.0791597366,80.233581543,72249,72258,9
13.0802097321,80.2335662842,72258,72279,21
13.0802097321,80.2335662842,72279,72289,10
13.0803203583,80.2335510254,72289,72299,10
13.0806999207,80.2335510254,72299,72310,11
13.0812702179,80.2335586548,72310,72320,10
13.0818595886,80.2336120605,72320,72330,10
13.0819501877,80.2331390381,72330,72340,10
13.0820999146,80.2324371338,72340,72350,10
13.0823497772,80.2317123413,72350,72360,10
13.0825796127,80.2312011719,72360,72370,10
13.0826702118,80.2309494019,72370,72380,10
13.0828199387,80.2306671143,72380,72390,10
13.0830898285,80.2309188843,72390,72400,10
13.0831203461,80.2315979004,72400,72410,10
13.0831604004,80.2322998047,72410,72421,11
13.0832395554,80.232711792,72421,72431,10
13.083319664,80.2330093384,72431,72441,10
13.0833797455,80.2333374023,72441,72451,10
13.0834503174,80.2335891724,72451,72461,10
13.0834503174,80.2335968018,72461,72471,10
13.0834903717,80.233757019,72471,72481,10
13.0836601257,80.2339401245,72481,72491,10
13.0839796066,80.2340087891,72491,72501,10
13.0840597153,80.2340393066,72501,72511,10
13.0843601227,80.2341003418,72511,72522,11
13.084810257,80.2341995239,72522,72532,10
13.0852804184,80.2342834473,72532,72542,10
13.0859098434,80.2344284058,72542,72552,10
13.0865602493,80.2345581055,72552,72562,10
13.0872602463,80.2346191406,72562,72572,10
13.0878801346,80.2342834473,72572,72582,10
13.08796978,80.2335128784,72582,72592,10
13.088139534,80.232673645,72592,72602,10
13.0883798599,80.2317581177,72602,72612,10
13.0885801315,80.2311630249,72612,72623,11
13.0888395309,80.2305526733,72623,72633,10
13.0889501572,80.2303314209,72633,72643,10
13.0892295837,80.2297897339,72643,72653,10
13.0897197723,80.229133606,72653,72663,10
13.090379715,80.2283935547,72663,72673,10
13.0912599564,80.2274169922,72673,72692,19
13.0912599564,80.2274169922,72692,72703,11
13.0913200378,80.2273712158,72703,72713,10
13.0916700363,80.2270507813,72713,72724,11
13.0922603607,80.2264175415,72724,72734,10
13.0929403305,80.2257232666,72734,72744,10
13.0934801102,80.2251434326,72744,72754,10
13.0939397812,80.2246170044,72754,72764,10
13.0944795609,80.2239227295,72764,72774,10
13.0949897766,80.2230834961,72774,72784,10
13.0951900482,80.2225265503,72784,72794,10
13.0952596664,80.2223510742,72794,72804,10
13.0954704285,80.2217712402,72804,72814,10
13.0957298279,80.2210769653,72814,72823,9
13.0959701538,80.2203979492,72823,72835,12
13.096329689,80.2192993164,72835,72865,30
13.096329689,80.2192993164,72865,72875,10
13.0963602066,80.2192382813,72875,72885,10
13.0964899063,80.2189483643,72885,72895,10
13.0966796875,80.2183685303,72895,72905,10
13.0969495773,80.2175827026,72905,72915,10
13.0972700119,80.2166976929,72915,72925,10
13.0976104736,80.2158813477,72925,72936,11
13.0980396271,80.2148590088,72936,72946,10
13.0982599258,80.2143173218,72946,72966,20
13.0982599258,80.2143173218,72966,72975,9
13.0983600616,80.2141036987,72975,72986,11
13.0985498428,80.2139587402,72986,72996,10
13.0988502502,80.2141265869,72996,73006,10
13.0991897583,80.2142791748,73006,73016,10
13.0996599197,80.2144012451,73016,73026,10
13.0999698639,80.2145004272,73026,73047,21
13.0999698639,80.2145004272,73047,73057,10
13.100110054,80.2145690918,73057,73138,81
13.100110054,80.2145690918,73138,73148,10
13.1003303528,80.2146377563,73148,73158,10
13.1005601883,80.2147369385,73158,73168,10
13.1004295349,80.2151412964,73168,73178,10
13.1001396179,80.2157974243,73178,73188,10
13.1000299454,80.2160415649,73188,73198,10
13.0999498367,80.2161483765,73198,73208,10
13.0998401642,80.2159500122,73208,73218,10
13.0999803543,80.2156600952,73218,73228,10
13.1001596451,80.2152404785,73228,73238,10
13.1001901627,80.2148971558,73238,74147,909
13.1001901627,80.2148971558,74147,74157,10
13.1001701355,80.2146987915,74157,74167,10
13.1001195908,80.2145767212,74167,74178,11
13.0998897552,80.2145080566,74178,74188,10
13.0996198654,80.2144165039,74188,74198,10
13.0991897583,80.2143173218,74198,74208,10
13.0986003876,80.2141113281,74208,74218,10
13.0983295441,80.2143630981,74218,74228,10
13.0980501175,80.2150115967,74228,74238,10
13.0977201462,80.2157669067,74238,74248,10
13.0974197388,80.216506958,74248,74258,10
13.0972995758,80.2168426514,74258,74268,10
13.0971698761,80.2171707153,74268,74279,11
13.0968799591,80.2179412842,74279,74289,10
13.0966100693,80.2188262939,74289,74299,10
13.0964403152,80.219291687,74299,74309,10
13.0962600708,80.2197799683,74309,74319,10
13.0960597992,80.2203598022,74319,74329,10
13.0958795547,80.2208709717,74329,74339,10
13.0957202911,80.2213363647,74339,74349,10
13.0954904556,80.2220077515,74349,74359,10
13.0951700211,80.2228622437,74359,74369,10
13.0947599411,80.2236785889,74369,74380,11
13.0943002701,80.2242965698,74380,74390,10
13.0938596725,80.2248535156,74390,74400,10
13.0934000015,80.2253570557,74400,74410,10
13.092880249,80.2259216309,74410,74420,10
13.0923595428,80.2264480591,74420,74430,10
13.0918798447,80.2269363403,74430,74440,10
13.0914402008,80.2273788452,74440,74450,10
13.0909500122,80.2279205322,74450,74460,10
13.0904598236,80.2284393311,74460,74470,10
13.0899400711,80.2289962769,74470,74480,10
13.0894603729,80.2295837402,74480,74491,11
13.0891103745,80.2302398682,74491,74501,10
13.0889396667,80.2305908203,74501,74511,10
13.088760376,80.2310028076,74511,74521,10
13.0886201859,80.231300354,74521,74531,10
13.0884599686,80.2317581177,74531,74541,10
13.0882396698,80.2325592041,74541,74551,10
13.0880403519,80.2335586548,74551,74561,10
13.0879096985,80.2344207764,74561,74571,10
13.0874204636,80.2346420288,74571,74581,10
13.0868501663,80.2346420288,74581,74592,11
13.0865001678,80.2346115112,74592,74602,10
13.0860595703,80.2345504761,74602,74612,10
13.0855503082,80.2344207764,74612,74628,16
13.0848503113,80.2342681885,74628,74640,12
13.0844802856,80.2341384888,74640,74650,10
13.0842504501,80.2340774536,74650,74660,10
13.0839395523,80.2340316772,74660,74670,10
13.0833997726,80.2339324951,74670,74680,10
13.082909584,80.2338485718,74680,74691,11
13.0824604034,80.2337493896,74691,74701,10
13.0823802948,80.2337188721,74701,74710,9
13.0820503235,80.2336578369,74710,74721,11
13.0813999176,80.2336273193,74721,74731,10
13.0806598663,80.2335968018,74731,74741,10
13.080160141,80.2336502075,74741,74750,9
13.0798101425,80.2336273193,74750,74761,11
13.0794095993,80.2336196899,74761,74771,10
13.0788803101,80.2336502075,74771,74781,10
13.0783700943,80.2336807251,74781,74790,9
13.077870369,80.2337265015,74790,74802,12
13.0771503448,80.2338027954,74802,74812,10
13.0765399933,80.2338790894,74812,74822,10
13.0761003494,80.2340011597,74822,74832,10
13.0759897232,80.2339706421,74832,74842,10
13.0758104324,80.2341308594,74842,74852,10
13.0759096146,80.2346801758,74852,74862,10
13.076089859,80.2355270386,74862,74872,10
13.076259613,80.236366272,74872,74882,10
13.076379776,80.2371520996,74882,74892,10
13.0765199661,80.2376174927,74892,74903,11
13.0766201019,80.2380065918,74903,74913,10
13.0766296387,80.2380371094,74913,74923,10
13.0767002106,80.2384796143,74923,74933,10
13.0768604279,80.2392272949,74933,74943,10
13.0770797729,80.2401428223,74943,74953,10
13.0772199631,80.2405319214,74953,74963,10
13.077249527,80.2406311035,74963,74973,10
13.0772600174,80.2406997681,74973,74983,10
13.0773096085,80.2410888672,74983,74993,10
13.0773601532,80.2415924072,74993,75004,11
13.0775604248,80.2424087524,75004,75014,10
13.0776996613,80.243309021,75014,75024,10
13.0777301788,80.2442398071,75024,75034,10
13.0778102875,80.2450866699,75034,75044,10
13.0778999329,80.2459869385,75044,75054,10
13.0780000687,80.246711731,75054,75064,10
13.0781898499,80.2476272583,75064,75074,10
13.0784101486,80.2487411499,75074,75084,10
13.078619957,80.2497024536,75084,75094,10
13.0785102844,80.2505569458,75094,75105,11
13.0785198212,80.2514419556,75105,75115,10
13.0783100128,80.2517776489,75115,75125,10
13.0776500702,80.2518997192,75125,75135,10
13.0766000748,80.2520980835,75135,75145,10
13.0755796432,80.2522735596,75145,75155,10
13.0747900009,80.2523117065,75155,75165,10
13.0742197037,80.2524108887,75165,75175,10
13.0736999512,80.2526397705,75175,75185,10
13.0731401443,80.252532959,75185,75195,10
13.0725297928,80.252456665,75195,75204,9
13.0720996857,80.2520370483,75204,75216,12
13.0719203949,80.2509384155,75216,75226,10
13.0716199875,80.2499465942,75226,75236,10
13.0714197159,80.2489395142,75236,75246,10
13.0712299347,80.2481918335,75246,75256,10
13.0709896088,80.2475509644,75256,75266,10
13.070599556,80.2467498779,75266,75276,10
13.0702199936,80.2459869385,75276,75286,10
13.069729805,80.2448425293,75286,75296,10
13.0694198608,80.2439804077,75296,75306,10
13.0692396164,80.2434234619,75306,75317,11
13.0692195892,80.2433319092,75317,75327,10
13.0691299438,80.2428512573,75327,75337,10
13.0686597824,80.2426071167,75337,75347,10
13.0681200027,80.242767334,75347,75357,10
13.0674800873,80.2429580688,75357,75367,10
13.066860199,80.2432632446,75367,75377,10
13.0663995743,80.2434692383,75377,75387,10
13.0661001205,80.2437133789,75387,75397,10
13.0661001205,80.2442779541,75397,75407,10
13.0662002563,80.244972229,75407,75418,11
13.0662899017,80.2455215454,75418,75428,10
13.0666704178,80.2460708618,75428,75438,10
13.067440033,80.2464065552,75438,75448,10
13.067779541,80.2466201782,75448,75458,10
13.0678796768,80.2470169067,75458,75468,10
13.0678596497,80.2477722168,75468,75478,10
13.0674200058,80.2479782104,75478,75487,9
13.0668401718,80.2479629517,75487,75497,10
13.0660600662,80.2479400635,75497,75508,11
13.0649003983,80.2478637695,75508,75518,10
13.0638504028,80.2477798462,75518,75529,11
13.0630598068,80.2477493286,75529,75539,10
13.062330246,80.247756958,75539,75549,10
13.0616197586,80.2476196289,75549,75559,10
13.0612697601,80.2471084595,75559,75569,10
13.061630249,80.2466812134,75569,75579,10
13.0618696213,80.2459335327,75579,75589,10
13.06208992,80.2452163696,75589,75599,10
13.0626296997,80.2447967529,75599,75609,10
13.0630598068,80.2443618774,75609,75619,10
13.063079834,80.2443618774,75619,75630,11
13.0632400513,80.2440795898,75630,75640,10
13.0633201599,80.243560791,75640,75650,10
13.0627698898,80.2434463501,75650,75666,16
13.0615196228,80.2432174683,75666,75686,20
13.0615196228,80.2432174683,75686,75697,11
13.0613603592,80.2432327271,75697,75708,11
13.0608596802,80.2430877686,75708,75718,10
13.060259819,80.2428817749,75718,75728,10
13.0597600937,80.2427215576,75728,75738,10
13.0592403412,80.2425994873,75738,75749,11
13.0587301254,80.2426681519,75749,75758,9
13.0586900711,80.2426834106,75758,75769,11
13.0582895279,80.2427597046,75769,75779,10
13.0576400757,80.2429199219,75779,75789,10
13.0567998886,80.2428588867,75789,75799,10
13.0560102463,80.2425231934,75799,75809,10
13.0551795959,80.242401123,75809,75819,10
13.0542697906,80.242477417,75819,75829,10
13.0536499023,80.2423324585,75829,75840,11
13.0536403656,80.2423171997,75840,75850,10
13.0533504486,80.2421875,75850,75860,10
13.0526800156,80.2419433594,75860,75900,40
13.0526800156,80.2419433594,75900,75916,16
13.0523099899,80.2416229248,75916,75928,12
13.0519895554,80.2410507202,75928,75939,11
13.051659584,80.2407608032,75939,75949,10
13.050860405,80.2406234741,75949,75969,20
13.050860405,80.2406234741,75969,75979,10
13.0504999161,80.2405471802,75979,75989,10
13.0501098633,80.2404708862,75989,75999,10
13.0500402451,80.2404708862,75999,76009,10
13.0495700836,80.2403717041,76009,76019,10
13.0488700867,80.2402267456,76019,76028,9
13.0480899811,80.2400665283,76028,76040,12
13.0472097397,80.2398681641,76040,76050,10
13.0463399887,80.239692688,76050,76060,10
13.0462198257,80.2393875122,76060,76070,10
13.0463600159,80.2387237549,76070,76080,10
13.0464801788,80.2380828857,76080,76090,10
13.046620369,80.2373504639,76090,76100,10
13.0467596054,80.236656189,76100,76110,10
13.0468797684,80.2362213135,76110,76120,10
13.046959877,80.2358398438,76120,76130,10
13.0469903946,80.2355804443,76130,76140,10
13.0470695496,80.2350006104,76140,76150,10
13.0471601486,80.2341766357,76150,76161,11
13.0472202301,80.233581543,76161,76170,9
13.0472402573,80.2334213257,76170,76181,11
13.0472602844,80.2332000732,76181,76191,10
13.0469398499,80.2330627441,76191,76201,10
13.0464296341,80.2329788208,76201,76211,10
13.0456895828,80.2328567505,76211,76221,10
13.0450801849,80.232749939,76221,76242,21
13.0450801849,80.232749939,76242,76252,10
13.0447902679,80.2326278687,76252,76262,10
13.0442199707,80.2325210571,76262,76272,10
13.0434904099,80.2324066162,76272,76282,10
13.0428800583,80.2323913574,76282,76292,10
13.0422401428,80.2323913574,76292,76302,10
13.0414800644,80.2322692871,76302,76312,10
13.040599823,80.2319869995,76312,76322,10
13.0395498276,80.2316818237,76322,76332,10
13.0384597778,80.2313690186,76332,76342,10
13.0373897552,80.2310409546,76342,76353,11
13.0367202759,80.2308273315,76353,76363,10
13.0365800858,80.230758667,76363,76373,10
13.0361499786,80.2306289673,76373,76383,10
13.0355796814,80.2304992676,76383,76433,50
13.0355796814,80.2304992676,76433,76443,10
13.0354404449,80.2304992676,76443,76454,11
13.0351696014,80.2304000854,76454,76464,10
13.0347299576,80.2303466797,76464,76480,16
13.034330368,80.23046875,76480,76492,12
13.0340299606,80.2305221558,76492,76501,9
13.0338602066,80.230506897,76501,76511,10
13.033490181,80.2305297852,76511,76522,11
13.0334701538,80.2305297852,76522,76532,10
13.033249855,80.2305603027,76532,76542,10
13.0326900482,80.2305908203,76542,76552,10
13.0319595337,80.2306671143,76552,76563,11
13.0311098099,80.2307434082,76563,76573,10
13.0307102203,80.230796814,76573,76583,10
13.0298595428,80.2308807373,76583,76603,20
13.0298595428,80.2308807373,76603,76613,10
13.0296602249,80.2309188843,76613,76623,10
13.0292901993,80.2309494019,76623,76633,10
13.028670311,80.2310180664,76633,76643,10
13.0279197693,80.2311096191,76643,76653,10
13.0276203156,80.2311706543,76653,76664,11
13.0276203156,80.2315216064,76664,76674,10
13.027680397,80.2320404053,76674,76684,10
13.0278396606,80.2326812744,76684,76694,10
13.0274896622,80.2329025269,76694,76704,10
13.0268497467,80.2329788208,76704,76714,10
13.0264902115,80.233039856,76714,76724,10
13.0262403488,80.2325592041,76724,76734,10
13.0260000229,80.2317886353,76734,76744,10
13.0258102417,80.2310714722,76744,76754,10
13.0254402161,80.2302627563,76754,76765,11
13.0248003006,80.2293624878,76765,76775,10
13.0243501663,80.228767395,76775,76785,10
13.0239601135,80.2283477783,76785,76805,20
13.0239601135,80.2283477783,76805,76815,10
13.0238800049,80.2281723022,76815,76825,10
13.0235795975,80.2278366089,76825,76835,10
13.0232095718,80.2274780273,76835,76845,10
13.0227203369,80.2270126343,76845,76855,10
13.022069931,80.2264404297,76855,76866,11
13.0211696625,80.2257232666,76866,76876,10
13.0203695297,80.225151062,76876,76886,10
13.0195302963,80.2246017456,76886,76896,10
13.0186300278,80.2245407104,76896,76906,10
13.0175504684,80.2249984741,76906,76915,9
13.0167798996,80.2253189087,76915,76926,11
13.0160198212,80.2256164551,76926,76936,10
13.0154495239,80.2257995605,76936,76938,2
13.0154495239,80.2257995605,76938,76990,52
13.013759613,80.2265014648,76990,77000,10
13.0130395889,80.2267837524,77000,77010,10
13.0122203827,80.2270965576,77010,77020,10
13.0112400055,80.2275009155,77020,77030,10
13.0102500916,80.227897644,77030,77040,10
13.0094003677,80.2282409668,77040,77050,10
13.0090198517,80.2289581299,77050,77060,10
13.0087995529,80.2300109863,77060,77070,10
13.0085897446,80.2310791016,77070,77083,13
13.0083503723,80.2324066162,77083,77092,9
13.0082397461,80.2330780029,77092,77103,11
13.0082197189,80.2334976196,77103,77113,10
13.0081396103,80.2337875366,77113,77123,10
13.0080099106,80.2342987061,77123,77133,10
13.0079097748,80.2348480225,77133,77143,10
13.0078496933,80.235168457,77143,77153,10
13.0077295303,80.2356567383,77153,77163,10
13.0075597763,80.2364730835,77163,77173,10
13.0073604584,80.2375106812,77173,77184,11
13.0071601868,80.2386474609,77184,77194,10
13.0069704056,80.2396011353,77194,77214,20
13.0069704056,80.2396011353,77214,77224,10
13.0069799423,80.2396697998,77224,77234,10
13.0068902969,80.2400665283,77234,77244,10
13.0068101883,80.2405471802,77244,77254,10
13.0067996979,80.2406692505,77254,77264,10
13.0067396164,80.2410430908,77264,77274,10
13.0066795349,80.2416381836,77274,77285,11
13.0066795349,80.2422790527,77285,77295,10
13.0066795349,80.242767334,77295,77305,10
13.0066795349,80.2429428101,77305,77325,20
13.0066795349,80.2429428101,77325,77335,10
13.0066699982,80.2431030273,77335,77345,10
13.0066699982,80.2433624268,77345,77355,10
13.006649971,80.2438812256,77355,77375,20
13.006649971,80.2438812256,77375,77386,11
13.0066404343,80.2443389893,77386,77416,30
13.0066404343,80.2443389893,77416,77426,10
13.0066900253,80.2446594238,77426,77446,20
13.0066900253,80.2446594238,77446,77456,10
13.006649971,80.2450408936,77456,77466,10
13.0066795349,80.2457122803,77466,77517,51
13.0066795349,80.2457122803,77517,77527,10
13.0066995621,80.2460784912,77527,77537,10
13.0067195892,80.246421814,77537,77547,10
13.0067300797,80.2467575073,77547,77557,10
13.0067396164,80.2470474243,77557,77567,10
13.0067100525,80.2474975586,77567,77577,10
13.0066995621,80.2482070923,77577,77587,10
13.0067796707,80.2490615845,77587,77598,11
13.0068397522,80.2495422363,77598,77608,10
13.0068597794,80.2496795654,77608,77618,10
13.006819725,80.2501678467,77618,77628,10
13.0068101883,80.2509078979,77628,77648,20
13.0068101883,80.2509078979,77648,77658,10
13.006819725,80.2511901855,77658,77668,10
13.0067396164,80.251739502,77668,77678,10
13.0066003799,80.2523269653,77678,77688,10
13.0065603256,80.2527999878,77688,77698,10
13.0065498352,80.2535324097,77698,77709,11
13.0065498352,80.2543716431,77709,77719,10
13.0066099167,80.2549209595,77719,77729,10
13.0066003799,80.2549285889,77729,77739,10
13.0066099167,80.255241394,77739,77749,10
13.0066099167,80.2559204102,77749,77759,10
13.0066003799,80.2569580078,77759,77789,30
13.0066003799,80.2569580078,77789,77800,11
13.0066604614,80.2570114136,77800,77810,10
13.0066900253,80.2573394775,77810,77819,9
13.0066099167,80.2575836182,77819,77830,11
13.0061597824,80.2575531006,77830,77840,10
13.0056800842,80.2574386597,77840,77850,10
13.0050601959,80.2572631836,77850,77860,10
13.0043802261,80.2571182251,77860,77870,10
13.0039100647,80.2570114136,77870,77880,10
13.0033197403,80.2569122314,77880,77890,10
13.0027503967,80.2568206787,77890,77901,11
13.0020704269,80.2566986084,77901,77911,10
13.0014400482,80.2566070557,77911,77921,10
13.001250267,80.2565917969,77921,77931,10
13.0010700226,80.2565765381,77931,77941,10
13.0005598068,80.2565002441,77941,77951,10
13.0000801086,80.256439209,77951,77961,10
13.0000696182,80.256439209,77961,77971,10
12.9999504089,80.256401062,77971,77981,10
12.9995203018,80.2563323975,77981,77991,10
12.9991197586,80.2562408447,77991,78001,10
12.9987602234,80.2561416626,78001,78012,11
12.9986095428,80.2561187744,78012,78022,10
12.9981603622,80.2560424805,78022,78032,10
12.9976997375,80.2559585571,78032,78042,10
12.9972000122,80.2559661865,78042,78052,10
12.9971704483,80.2559661865,78052,78062,10
12.996919632,80.256072998,78062,78072,10
12.9968395233,80.2566604614,78072,78082,10
12.9968004227,80.2572784424,78082,78092,10
12.9967002869,80.2580490112,78092,78102,10
12.996629715,80.2586898804,78102,78113,11
12.9965295792,80.2595214844,78113,78123,10
12.9964895248,80.2599029541,78123,78133,10
12.9964199066,80.2605819702,78133,78143,10
12.996339798,80.2614212036,78143,78153,10
12.9962997437,80.2618179321,78153,78163,10
12.9962396622,80.2621765137,78163,78173,10
12.9961996078,80.2624588013,78173,78183,10
12.9961395264,80.2629165649,78183,78193,10
12.9960899353,80.2636184692,78193,78203,10
12.9960002899,80.2644424438,78203,78214,11
12.9959201813,80.26512146,78214,78224,10
12.9958200455,80.2659683228,78224,78234,10
12.9957103729,80.2669906616,78234,78244,10
12.9960002899,80.2677230835,78244,78264,20
12.9960002899,80.2677230835,78264,78274,10
12.9961204529,80.2677001953,78274,78284,10
12.9965801239,80.2677536011,78284,78294,10
12.9971904755,80.2676391602,78294,78304,10
12.9979000092,80.2674179077,78304,78315,11
12.9988298416,80.2671585083,78315,78325,10
12.9996995926,80.2668991089,78325,78334,9
13.0000295639,80.2666625977,78334,78345,11
13.000120163,80.2664794922,78345,78355,10
13.0001802444,80.2659988403,78355,78365,10
13.0002603531,80.2656707764,78365,78375,10
13.0003299713,80.2658691406,78375,78385,10
13.0002002716,80.266418457,78385,79809,1424
13.0002002716,80.266418457,79809,79819,10
13.0003204346,80.2666778564,79819,79829,10
13.0000896454,80.266960144,79829,79839,10
12.9994602203,80.2670974731,79839,79849,10
12.99862957,80.2673110962,79849,79859,10
12.9977903366,80.267539978,79859,79870,11
12.9971904755,80.2677078247,79870,79880,10
12.9964799881,80.2677993774,79880,79890,10
12.995929718,80.2677536011,79890,79900,10
12.995639801,80.2676010132,79900,79910,10
12.995639801,80.267539978,79910,79920,10
12.9956798553,80.2672424316,79920,79930,10
12.9957504272,80.2666168213,79930,79940,10
12.9958400726,80.2657623291,79940,79950,10
12.9959402084,80.2647476196,79950,79960,10
12.9960603714,80.2638397217,79960,79971,11
12.9961500168,80.2630081177,79971,79981,10
12.9961900711,80.2625274658,79981,79991,10
12.9962396622,80.2620010376,79991,80001,10
12.9963197708,80.2613677979,80001,80011,10
12.9963903427,80.2606811523,80011,80021,10
12.9964704514,80.260017395,80021,80031,10
12.9965295792,80.2593002319,80031,80041,10
12.996629715,80.2585067749,80041,80051,10
12.9967098236,80.2577514648,80051,80061,10
12.9967803955,80.256980896,80061,80071,10
12.9968204498,80.256401062,80071,80082,11
12.9968795776,80.2559585571,80082,80092,10
12.9970703125,80.255821228,80092,80102,10
12.9976501465,80.2558822632,80102,80112,10
12.9982995987,80.2559204102,80112,80122,10
12.9987802505,80.2559890747,80122,80132,10
12.9988603592,80.2560119629,80132,80142,10
12.999250412,80.2560806274,80142,80152,10
12.9999599457,80.2562103271,80152,80162,10
13.0007696152,80.2563705444,80162,80172,10
13.0015296936,80.2565002441,80172,80183,11
13.0023202896,80.2566299438,80183,80193,10
13.0028800964,80.2567367554,80193,80203,10
13.0035800934,80.2568817139,80203,80213,10
13.0044498444,80.2570419312,80213,80223,10
13.0053100586,80.257232666,80223,80233,10
13.0061397552,80.2574234009,80233,80243,10
13.0064401627,80.2574386597,80243,80253,10
13.0065402985,80.2572097778,80253,80263,10
13.0065097809,80.2566070557,80263,80273,10
13.0065002441,80.2557830811,80273,80284,11
13.0065202713,80.2551498413,80284,80294,10
13.0065202713,80.2544174194,80294,80304,10
13.0064897537,80.253616333,80304,80314,10
13.0064697266,80.2530822754,80314,80324,10
13.0065002441,80.2524032593,80324,80334,10
13.0066099167,80.2517318726,80334,80344,10
13.0067195892,80.2510528564,80344,80354,10
13.0067195892,80.2501296997,80354,80364,10
13.0066995621,80.2493133545,80364,80374,10
13.006649971,80.248588562,80374,80384,10
13.0066003799,80.2479705811,80384,80395,11
13.0066003799,80.2476196289,80395,80405,10
13.0066099167,80.2472381592,80405,80415,10
13.0066003799,80.2468109131,80415,80425,10
13.0066204071,80.2465591431,80425,80435,10
13.0066404343,80.2459716797,80435,80445,10
13.0066404343,80.2451324463,80445,80455,10
13.0066404343,80.2441635132,80455,80465,10
13.0066003799,80.2433700562,80465,80475,10
13.0065803528,80.2425079346,80475,80485,10
13.0065498352,80.241569519,80485,80496,11
13.0066404343,80.2405776978,80496,80516,20
13.0066404343,80.2405776978,80516,80526,10
13.0067100525,80.2403030396,80526,80536,10
13.0068597794,80.2397384644,80536,80546,10
13.0070104599,80.2388763428,80546,80562,16
13.0073003769,80.2373809814,80562,80574,12
13.0073795319,80.2367782593,80574,80582,8
13.0074195862,80.2366333008,80582,80594,12
13.0075798035,80.2360076904,80594,80605,11
13.0077600479,80.2351379395,80605,80615,10
13.0079698563,80.2341766357,80615,80625,10
13.0082101822,80.2330322266,80625,80635,10
13.0084495544,80.2317886353,80635,80645,10
13.0086803436,80.2305297852,80645,80655,10
13.0089197159,80.2293167114,80655,80664,9
13.0091295242,80.2283096313,80664,80674,10
13.0095596313,80.2272491455,80674,80685,11
13.0101203918,80.2260818481,80685,80695,10
13.0106401443,80.2250366211,80695,80706,11
13.0110797882,80.223991394,80706,80716,10
13.0113201141,80.2233505249,80716,80726,10
13.0115804672,80.2227401733,80726,80736,10
13.0118703842,80.2218170166,80736,80746,10
13.0122995377,80.2213973999,80746,80756,10
13.012720108,80.2219619751,80756,80766,10
13.0132799149,80.2226104736,80766,80776,10
13.0139598846,80.2234191895,80776,80786,10
13.0145397186,80.2241363525,80786,80796,10
13.015130043,80.2247009277,80796,80807,11
13.0153903961,80.2249526978,80807,80817,10
13.0154800415,80.2250289917,80817,80827,10
13.015879631,80.2252807617,80827,80837,10
13.0166501999,80.2252578735,80837,80847,10
13.0176000595,80.2248916626,80847,80857,10
13.0186195374,80.2244567871,80857,80867,10
13.019610405,80.2244262695,80867,80877,10
13.0202703476,80.2248764038,80877,80887,10
13.020939827,80.2253570557,80887,80897,10
13.0214996338,80.2257995605,80897,80908,11
13.0219097137,80.2260818481,80908,80918,10
13.02202034,80.2261810303,80918,80928,10
13.0224304199,80.2265701294,80928,80938,10
13.0230503082,80.2271194458,80938,80948,10
13.0236501694,80.2276763916,80948,80958,10
13.0241804123,80.2282409668,80958,80968,10
13.0246400833,80.2288665771,80968,80978,10
13.0251502991,80.2295303345,80978,80988,10
13.0256004333,80.230178833,80988,80998,10
13.0258998871,80.2308120728,80998,81014,16
13.0262098312,80.2313232422,81014,81027,13
13.0270004272,80.2311172485,81027,81037,10
13.0275602341,80.2309799194,81037,81046,9
13.0283098221,80.2308807373,81046,81057,11
13.0284404755,80.2308731079,81057,81067,10
13.0287504196,80.2308273315,81067,81077,10
13.0293397903,80.2307662964,81077,81087,10
13.0299100876,80.23072052,81087,81097,10
13.0305404663,80.2306594849,81097,81107,10
13.0311498642,80.2306137085,81107,81118,11
13.031920433,80.2305374146,81118,81127,9
13.0326099396,80.2304763794,81127,81138,11
13.0333595276,80.2304382324,81138,81148,10
13.0341396332,80.2303619385,81148,81168,20
13.0341396332,80.2303619385,81168,81178,10
13.0342798233,80.2303314209,81178,81188,10
13.0345602036,80.2302703857,81188,81198,10
13.0348501205,80.2302703857,81198,81208,10
13.0349197388,80.2304763794,81208,81219,11
13.0348796844,80.2311019897,81219,81229,10
13.0347604752,80.2318572998,81229,81239,10
13.0346603394,80.2327194214,81239,81249,10
13.0345802307,80.2332611084,81249,81259,10
13.0345602036,80.2335205078,81259,81269,10
13.0344800949,80.2340698242,81269,81279,10
13.0344104767,80.2347412109,81279,81289,10
13.0342998505,80.2355575562,81289,81299,10
13.0341997147,80.2364196777,81299,81309,10
13.0341501236,80.2370834351,81309,81320,11
13.0344600677,80.2376403809,81320,81330,10
13.034819603,80.2382736206,81330,81340,10
13.0352096558,80.2389068604,81340,81350,10
13.0356798172,80.2393875122,81350,81360,10
13.0363798141,80.2394638062,81360,81370,10
13.0369596481,80.2395172119,81370,81380,10
13.0375003815,80.2395706177,81380,81390,10
13.0381202698,80.2396392822,81390,81400,10
13.0388002396,80.2397232056,81400,81410,10
13.0394296646,80.2398071289,81410,81420,10
13.0399398804,80.2398834229,81420,81431,11
13.040309906,80.2401275635,81431,81441,10
13.0403499603,80.2404403687,81441,81451,10
13.0406999588,80.2405014038,81451,81461,10
13.0409498215,80.2405166626,81461,81471,10
13.0413799286,80.2406005859,81471,81481,10
13.0419597626,80.2406997681,81481,81491,10
13.0425701141,80.2407684326,81491,81501,10
13.0430402756,80.2408599854,81501,81511,10
13.0436000824,80.2408981323,81511,81521,10
13.0441198349,80.2408294678,81521,81532,11
13.0446395874,80.2404327393,81532,81582,50
13.0446395874,80.2404327393,81582,81592,10
13.0448598862,80.2402114868,81592,81602,10
13.0451698303,80.240020752,81602,81612,10
13.0455703735,80.2397766113,81612,81622,10
13.0460100174,80.2394866943,81622,81633,11
13.0465202332,80.2395401001,81633,81643,10
13.0470695496,80.2396774292,81643,81653,10
13.0474996567,80.2397766113,81653,81663,10
13.0479803085,80.2398834229,81663,81673,10
13.0484600067,80.239982605,81673,81683,10
13.0488901138,80.2400588989,81683,81693,10
13.0495195389,80.2401885986,81693,81703,10
13.0501203537,80.2403411865,81703,81713,10
13.0507202148,80.2404785156,81713,81723,10
13.0513801575,80.2406616211,81723,81734,11
13.0520401001,80.2407608032,81734,81744,10
13.0524396896,80.2409820557,81744,81754,10
13.0525798798,80.2415008545,81754,81764,10
13.0530395508,80.2418136597,81764,81774,10
13.0535402298,80.2420272827,81774,81784,10
13.0538101196,80.2421569824,81784,81794,10
13.0540103912,80.2422180176,81794,81804,10
13.0545597076,80.2423095703,81804,81814,10
13.0552196503,80.2421875,81814,81824,10
13.0559797287,80.2423095703,81824,81835,11
13.0566501617,80.2425765991,81835,81845,10
13.0570697784,80.2427215576,81845,81855,10
13.0577402115,80.2427368164,81855,81865,10
13.0583696365,80.2426223755,81865,81875,10
13.0590400696,80.2425079346,81875,81885,10
13.0597801208,80.2426223755,81885,81895,10
13.0605697632,80.2428894043,81895,81905,10
13.061249733,80.2431030273,81905,81915,10
13.0619096756,80.2432022095,81915,81925,10
13.0625896454,80.2433166504,81925,81935,10
13.0633001328,80.2434387207,81935,81946,11
13.0639600754,80.2434616089,81946,81956,10
13.0647096634,80.2435073853,81956,81966,10
13.0655403137,80.2434921265,81966,81976,10
13.0663795471,80.243309021,81976,81986,10
13.0669803619,80.243057251,81986,81996,10
13.067700386,80.2427597046,81996,82006,10
13.068479538,80.2425537109,82006,82016,10
13.0689001083,80.2423171997,82016,82026,10
13.0690402985,80.2422790527,82026,82036,10
13.0692796707,80.2421798706,82036,82047,11
13.069899559,80.2420120239,82047,82057,10
13.0701303482,80.2419662476,82057,82067,10
13.0706996918,80.2418212891,82067,82077,10
13.0714597702,80.2415313721,82077,82087,10
13.0723695755,80.2409896851,82087,82097,10
13.0733804703,80.2406234741,82097,82107,10
13.0743598938,80.2404403687,82107,82117,10
13.0755596161,80.2404174805,82117,82127,10
13.0767402649,80.2405166626,82127,82137,10
13.0770797729,80.2401123047,82137,82148,11
13.0768299103,80.2391433716,82148,82158,10
13.0766000748,80.23828125,82158,82168,10
13.0765600204,80.2380905151,82168,82178,10
13.0765199661,80.2379837036,82178,82188,10
13.0764598846,80.2377166748,82188,82198,10
13.076379776,80.2373504639,82198,82208,10
13.0763597488,80.237159729,82208,82218,10
13.0762395859,80.236579895,82218,82228,10
13.0761299133,80.2357177734,82228,82238,10
13.0759000778,80.2346878052,82238,82248,10
13.0757703781,80.2340087891,82248,82259,11
13.0761699677,80.2337112427,82259,82269,10
13.0767803192,80.2336425781,82269,82279,10
13.0773801804,80.2335510254,82279,82289,10
13.0781698227,80.2334899902,82289,82299,10
13.079199791,80.2334365845,82299,82309,10
13.0800800323,80.2334289551,82309,82319,10
13.0803003311,80.2334289551,82319,82329,10
13.0807504654,80.2334594727,82329,82339,10
13.081410408,80.2334899902,82339,82349,10
13.0818996429,80.2334365845,82349,82360,11
13.0820198059,80.2326965332,82360,82370,10
13.0822200775,80.2320480347,82370,82380,10
13.0825796127,80.2311630249,82380,82390,10
13.0829296112,80.2305679321,82390,82400,10
13.08314991,80.2311172485,82400,82410,10
13.0832004547,80.2320632935,82410,82420,10
13.0834102631,80.2331237793,82420,82430,10
13.0836400986,80.2337722778,82430,82440,10
13.0840196609,80.23387146,82440,82450,10
13.0842399597,80.2339401245,82450,82461,11
13.0848999023,80.2341003418,82461,82471,10
13.085729599,80.2342834473,82471,82481,10
13.0863800049,80.2344436646,82481,82491,10
13.0871896744,80.2345199585,82491,82501,10
13.0878896713,80.23412323,82501,82511,10
13.0879802704,80.2333602905,82511,82521,10
13.0881996155,80.2323989868,82521,82531,10
13.088470459,80.2314071655,82531,82541,10
13.0888795853,80.2304763794,82541,82551,10
13.0893001556,80.2296524048,82551,82562,11
13.0900697708,80.2286834717,82562,82572,10
13.090760231,80.2279434204,82572,82582,10
13.0913095474,80.2273483276,82582,82592,10
13.0915403366,80.2270812988,82592,82602,10
13.0918197632,80.2267990112,82602,82612,10
13.0923204422,80.2262802124,82612,82622,10
13.093000412,80.2256317139,82622,82632,10
13.0933504105,80.2252426147,82632,82642,10
13.0937004089,80.2248382568,82642,82652,10
13.0942296982,80.2242202759,82652,82662,10
13.0948495865,80.2233276367,82662,82673,11
13.0953397751,80.2222595215,82673,82683,10
13.0956802368,80.2212905884,82683,82693,10
13.095990181,80.2203903198,82693,82703,10
13.0963001251,80.2194595337,82703,82713,10
13.0965204239,80.2188110352,82713,82723,10
13.0967903137,80.2179794312,82723,82733,10
13.0971603394,80.2169265747,82733,82743,10
13.0975999832,80.2158432007,82743,82753,10
13.0980501175,80.2148132324,82753,82763,10
13.098449707,80.2139587402,82763,82773,10
13.0989198685,80.2140579224,82773,82784,11
13.0996704102,80.214302063,82784,82794,10
13.1000900269,80.2144165039,82794,82804,10
13.1001996994,80.2148895264,82804,83087,283
13.1001996994,80.2148895264,83087,83097,10
13.1001300812,80.2153167725,83097,83107,10
13.0999498367,80.2157363892,83107,83117,10
13.0998497009,80.2160110474,83117,83127,10
13.0998601913,80.2163162231,83127,83137,10
13.0996398926,80.2169036865,83137,83147,10
13.099439621,80.2177581787,83147,83157,10
13.0992698669,80.2188110352,83157,83167,10
13.0992002487,80.219291687,83167,83177,10
13.0991201401,80.2197418213,83177,83188,11
13.0989999771,80.2203521729,83188,83198,10
13.0988397598,80.2211380005,83198,83208,10
13.0987195969,80.2221832275,83208,83218,10
13.0988998413,80.2231521606,83218,83228,10
13.0994796753,80.2239227295,83228,83238,10
13.0996999741,80.2245407104,83238,83248,10
13.0998497009,80.2251586914,83248,83258,10
13.0999403,80.2256469727,83258,83268,10
13.1000204086,80.2260971069,83268,83278,10
13.100060463,80.226852417,83278,83289,11
13.1000499725,80.2277603149,83289,83299,10
13.0999803543,80.2283172607,83299,83309,10
13.0999002457,80.2287979126,83309,83319,10
13.0998001099,80.2293624878,83319,83329,10
13.0996599197,80.2300415039,83329,83339,10
13.0994997025,80.2306213379,83339,83349,10
13.0993003845,80.231086731,83349,83365,16
13.09897995,80.2318572998,83365,83377,12
13.0987901688,80.2324523926,83377,83387,10
13.0986604691,80.2331008911,83387,83398,11
13.09856987,80.2337036133,83398,83408,10
13.0985097885,80.2343521118,83408,83417,9
13.0984401703,80.2349624634,83417,83428,11
13.0983400345,80.2356262207,83428,83438,10
13.0982303619,80.2362670898,83438,83448,10
13.0980901718,80.2370605469,83448,83458,10
13.0979404449,80.2378768921,83458,83468,10
13.0977897644,80.2386169434,83468,83478,10
13.0977401733,80.2393264771,83478,83488,10
13.0976896286,80.2399673462,83488,83499,11
13.0976200104,80.2407989502,83499,83509,10
13.0975198746,80.2414398193,83509,83528,19
13.0974502563,80.2420196533,83528,83540,12
13.0979299545,80.2421875,83540,83548,8
13.0981998444,80.2422332764,83548,83560,12
13.0986099243,80.2422180176,83560,83570,10
13.0986995697,80.2420578003,83570,83580,10
13.0987195969,80.2419891357,83580,83590,10
13.0987796783,80.2417297363,83590,83621,31
13.0987796783,80.2417297363,83621,83631,10
13.0988197327,80.2416610718,83631,83641,10
13.0988502502,80.2414779663,83641,83650,9
13.0988197327,80.2412033081,83650,84206,556
13.0988197327,80.2412033081,84206,84217,11
13.0989398956,80.2408676147,84217,84227,10
13.0990495682,80.2404632568,84227,84237,10
13.0990400314,80.2401199341,84237,84247,10
13.0988998413,80.2403488159,84247,84418,171
13.0988998413,80.2403488159,84418,84429,11
13.098950386,80.2406768799,84429,84439,10
13.0990400314,80.2409667969,84439,84449,10
13.0989599228,80.2412261963,84449,84459,10
13.0986003876,80.2412719727,84459,84590,131
13.0986003876,80.2412719727,84590,84600,10
