12.986869812,80.2596969604,12,749,737
12.9868803024,80.2596206665,749,1586,837
12.9869098663,80.2596130371,1586,1911,325
12.9869098663,80.2596130371,1911,1922,11
12.9872198105,80.2594909668,1922,1932,10
12.9873504639,80.2593002319,1932,2265,333
12.9871501923,80.2592468262,2265,2790,525
12.9874000549,80.259147644,2790,3123,333
12.9871301651,80.2592468262,3123,3244,121
12.987279892,80.259147644,3244,3284,40
12.9871101379,80.2591400146,3284,3415,131
12.9872703552,80.2591323853,3415,3718,303
12.9870996475,80.2592468262,3718,3839,121
12.9873600006,80.2592086792,3839,3900,61
12.9873600006,80.2592086792,3900,3910,10
12.9872398376,80.2592926025,3910,4556,646
12.9873504639,80.2591171265,4556,4616,60
12.9872598648,80.2592697144,4616,4919,303
12.9870595932,80.2591323853,4919,4939,20
12.9872598648,80.2591018677,4939,5111,172
12.9873504639,80.2592391968,5111,5363,252
12.9872303009,80.2591400146,5363,5495,132
12.9872398376,80.2590637207,5495,5545,50
12.9872398376,80.2590637207,5545,5555,10
12.9872398376,80.2592010498,5555,6100,545
12.9872398376,80.2592010498,6100,6110,10
12.9873800278,80.2591934204,6110,6585,475
12.9873104095,80.2592163086,6585,6625,40
12.9873695374,80.2591171265,6625,6736,111
12.9872903824,80.2593383789,6736,7231,495
12.9873199463,80.2593078613,7231,7988,757
12.9871797562,80.2593002319,7988,8149,161
12.987279892,80.2592926025,8149,8835,686
12.9872598648,80.2593994141,8835,8876,41
12.9872398376,80.2593383789,8876,9693,817
12.9872398376,80.2593383789,9693,9703,10
12.9872598648,80.2592163086,9703,9734,31
12.9872598648,80.2592163086,9734,9744,10
12.9871797562,80.2592086792,9744,10824,1080
12.9871797562,80.2592086792,10824,10834,10
12.9873800278,80.2590332031,10834,10925,91
12.9872303009,80.2590866089,10925,12944,2019
12.9870300293,80.2592315674,12944,13156,212
12.9872598648,80.2592163086,13156,13278,122
12.9871301651,80.2593231201,13278,13419,141
12.987279892,80.2592391968,13419,15205,1786
12.9872903824,80.2590789795,15205,15266,61
12.9872198105,80.2591400146,15266,15700,434
12.9874000549,80.2592391968,15700,15811,111
12.9874200821,80.2592315674,15811,16578,767
12.9871797562,80.2592391968,16578,17043,465
12.9871797562,80.2592163086,17043,17436,393
12.9874000549,80.2592315674,17436,17729,293
12.9874000549,80.2592315674,17729,17739,10
12.987279892,80.2591018677,17739,18123,384
12.9873304367,80.259147644,18123,18466,343
12.9871797562,80.2592086792,18466,18526,60
12.9871997833,80.2592391968,18526,18607,81
12.9872503281,80.2593231201,18607,18718,111
12.9872703552,80.2591781616,18718,18789,71
12.9872703552,80.2591781616,18789,18799,10
12.987159729,80.2592391968,18799,18859,60
12.9873199463,80.2592010498,18859,20485,1626
12.9872503281,80.2590332031,20485,20585,100
12.9871301651,80.2591629028,20585,21131,546
12.9872398376,80.2591323853,21131,21504,373
12.9872999191,80.259147644,21504,22170,666
12.9873199463,80.2592391968,22170,23291,1121
12.9873199463,80.2592391968,23291,23301,10
12.9873304367,80.2591018677,23301,23423,122
12.9872198105,80.2590103149,23423,23545,122
12.9874095917,80.2591400146,23545,23807,262
12.9874095917,80.2591400146,23807,23818,11
12.9871797562,80.2591323853,23818,24050,232
12.9871797562,80.2591323853,24050,24060,10
12.9871997833,80.2590103149,24060,24070,10
12.9872398376,80.2589416504,24070,24080,10
12.9873399734,80.2586669922,24080,24090,10
12.9873800278,80.2584381104,24090,24100,10
12.9874095917,80.2581100464,24100,24110,10
12.9874897003,80.2576217651,24110,24120,10
12.9875602722,80.2569198608,24120,24130,10
12.9876203537,80.256401062,24130,24141,11
12.9876098633,80.255897522,24141,24151,10
12.9874601364,80.2557220459,24151,24161,10
12.9871101379,80.2556686401,24161,24171,10
12.9866199493,80.255607605,24171,24181,10
12.9861803055,80.2555389404,24181,24191,10
12.9861497879,80.255531311,24191,24201,10
12.9858999252,80.2554626465,24201,24217,16
12.9850101471,80.2552566528,24217,24229,12
12.9842100143,80.2550506592,24229,24239,10
12.9835596085,80.2548980713,24239,24249,10
12.9829101563,80.2547073364,24249,24260,11
12.9823102951,80.2544784546,24260,24270,10
12.9820404053,80.2540969849,24270,24280,10
12.9818496704,80.2535400391,24280,24290,10
12.9816598892,80.2529220581,24290,24300,10
12.9811201096,80.2527770996,24300,24310,10
12.9804897308,80.2527770996,24310,24320,10
12.9798803329,80.252746582,24320,24330,10
12.9792203903,80.2526931763,24330,24340,10
12.9787302017,80.2526168823,24340,24351,11
12.9787197113,80.2526168823,24351,24361,10
12.9783697128,80.2524337769,24361,24371,10
12.9778299332,80.2519683838,24371,24381,10
12.9771003723,80.2514801025,24381,24391,10
12.9761295319,80.2511825562,24391,24401,10
12.9750099182,80.2508468628,24401,24411,10
12.9738397598,80.2505111694,24411,24421,10
12.9726495743,80.2501983643,24421,24431,10
12.9714803696,80.2498626709,24431,24441,10
12.9702596664,80.24949646,24441,24451,10
12.9690799713,80.2490386963,24451,24462,11
12.9679002762,80.248588562,24462,24472,10
12.9669399261,80.2481765747,24472,24482,10
12.9661102295,80.2477264404,24482,24492,10
12.9654502869,80.2474975586,24492,24508,16
12.9649896622,80.2473297119,24508,24520,12
12.96434021,80.2471008301,24520,24528,8
12.9638395309,80.246887207,24528,24541,13
12.9629497528,80.2464981079,24541,24550,9
12.9622097015,80.246131897,24550,24560,10
12.9613599777,80.2457199097,24560,24571,11
12.9604797363,80.245300293,24571,24581,10
12.9597196579,80.2449874878,24581,24590,9
12.9590902328,80.2446899414,24590,24601,11
12.9582195282,80.2443084717,24601,24611,10
12.9576702118,80.2441101074,24611,24621,10
12.9570302963,80.2438964844,24621,24631,10
12.9564599991,80.2437286377,24631,24641,10
12.9564304352,80.2437210083,24641,24651,10
12.956319809,80.2436904907,24651,24661,10
12.9559297562,80.2434997559,24661,24671,10
12.9552497864,80.2431182861,24671,24682,11
12.9542798996,80.2427062988,24682,24692,10
12.9533500671,80.2423095703,24692,24701,9
12.952460289,80.2419815063,24701,24712,11
12.9517002106,80.2416992188,24712,24722,10
12.9515800476,80.2416610718,24722,24732,10
12.9510803223,80.2414932251,24732,24742,10
12.9503297806,80.2412719727,24742,24752,10
12.9494800568,80.2410202026,24752,24762,10
12.9490995407,80.2408676147,24762,24772,10
12.948800087,80.240737915,24772,24783,11
12.9480600357,80.2404022217,24783,24793,10
12.9471902847,80.2400817871,24793,24803,10
12.9463701248,80.2397384644,24803,24813,10
12.9455404282,80.2393722534,24813,24823,10
12.9447603226,80.2387237549,24823,24833,10
12.9439897537,80.2378997803,24833,24843,10
12.9432296753,80.2370834351,24843,24853,10
12.9423503876,80.2365188599,24853,24863,10
12.9413003922,80.2362365723,24863,24873,10
12.940290451,80.2359695435,24873,24883,10
12.9394903183,80.2356567383,24883,24894,11
12.9385404587,80.235206604,24894,24904,10
12.9376296997,80.2347564697,24904,24914,10
12.9367799759,80.2343597412,24914,24923,9
12.9361095428,80.2340316772,24923,24934,11
12.9357004166,80.2339935303,24934,24954,20
12.9357004166,80.2339935303,24954,24964,10
12.9355897903,80.234161377,24964,24974,10
12.9354696274,80.2345199585,24974,24984,10
12.9353199005,80.2349777222,24984,24995,11
12.9351902008,80.2353820801,24995,25005,10
12.9350404739,80.2354278564,25005,25015,10
12.9347801208,80.2353210449,25015,25025,10
12.9342699051,80.2351379395,25025,25035,10
12.9339399338,80.2350006104,25035,25045,10
12.9337902069,80.2353363037,25045,25055,10
12.9336395264,80.2358703613,25055,25065,10
12.9334402084,80.2361831665,25065,25075,10
12.9332895279,80.2361602783,25075,25085,10
12.9330797195,80.2360992432,25085,25095,10
12.9329795837,80.2362594604,25095,25106,11
12.9328804016,80.2367935181,25106,25116,10
12.9327602386,80.237197876,25116,25126,10
12.9327402115,80.2372131348,25126,25136,10
12.9326000214,80.2375793457,25136,25146,10
12.9324302673,80.2380065918,25146,25156,10
12.9322595596,80.2384567261,25156,25166,10
12.9321098328,80.2387008667,25166,25176,10
12.9317302704,80.2386779785,25176,25297,121
12.9317302704,80.2386779785,25297,25307,10
12.9313497543,80.2385787964,25307,25378,71
12.9313497543,80.2385787964,25378,25388,10
12.9312000275,80.23853302,25388,25398,10
12.9309501648,80.2384567261,25398,25408,10
12.9306402206,80.2383499146,25408,25419,11
12.9301300049,80.2381591797,25419,25429,10
12.9296798706,80.2379989624,25429,25439,10
12.9295501709,80.238243103,25439,25449,10
12.9294395447,80.238571167,25449,25459,10
12.9293203354,80.2389373779,25459,25469,10
12.9290599823,80.2389831543,25469,25479,10
12.9286003113,80.2388916016,25479,25499,20
12.9286003113,80.2388916016,25499,25509,10
12.928440094,80.2388305664,25509,25519,10
12.9281101227,80.2387466431,25519,25530,11
12.9276895523,80.2386398315,25530,25540,10
12.9271097183,80.2385025024,25540,25550,10
12.9265003204,80.2383499146,25550,25560,10
12.9259195328,80.2381973267,25560,25570,10
12.9254999161,80.2380981445,25570,25580,10
12.9255104065,80.2383422852,25580,25661,81
12.9255104065,80.2383422852,25661,25671,10
12.9258098602,80.2382507324,25671,25681,10
12.9260597229,80.2382507324,25681,25691,10
12.9266300201,80.2384185791,25691,25701,10
12.9273195267,80.238571167,25701,25711,10
12.9280796051,80.2387695313,25711,25731,20
12.9280796051,80.2387695313,25731,25742,11
12.9282999039,80.2388381958,25742,25752,10
12.9287796021,80.2389373779,25752,25762,10
12.9289798737,80.2389831543,25762,25772,10
12.929019928,80.2389831543,25772,25782,10
12.929309845,80.2390213013,25782,25792,10
12.9294099808,80.2387313843,25792,25802,10
12.9295597076,80.2382507324,25802,25812,10
12.9296798706,80.2379608154,25812,25822,10
12.9301099777,80.2381134033,25822,25832,10
12.930970192,80.2384414673,25832,25893,61
12.930970192,80.2384414673,25893,25903,10
12.9311599731,80.2385406494,25903,25913,10
12.9313602448,80.2386169434,25913,25923,10
12.9317798615,80.2387466431,25923,25933,10
12.9321804047,80.2386932373,25933,25943,10
12.93227005,80.2384567261,25943,25954,11
12.9323997498,80.238067627,25954,25964,10
12.9325504303,80.2376480103,25964,25974,10
12.9327001572,80.2372817993,25974,25984,10
12.9328203201,80.2369766235,25984,25994,10
12.9329395294,80.2365188599,25994,26004,10
12.9329595566,80.2363586426,26004,26014,10
12.9331102371,80.2361297607,26014,26024,10
12.9334802628,80.2362213135,26024,26034,10
12.9336500168,80.2358627319,26034,26044,10
12.9338197708,80.2352676392,26044,26054,10
12.9340896606,80.2350387573,26054,26064,10
12.934419632,80.235206604,26064,26075,11
12.9348802567,80.2354278564,26075,26085,10
12.9350700378,80.2354736328,26085,26095,10
12.9351902008,80.2352905273,26095,26105,10
12.9353599548,80.2348632813,26105,26115,10
12.9355602264,80.2344207764,26115,26125,10
12.9357404709,80.2339096069,26125,26165,40
12.9357404709,80.2339096069,26165,26176,11
12.9357404709,80.2338180542,26176,26186,10
12.9359998703,80.2337722778,26186,26196,10
12.9364500046,80.2340087891,26196,26206,10
12.937210083,80.2343826294,26206,26216,10
12.9381504059,80.2348709106,26216,26226,10
12.9392795563,80.235458374,26226,26236,10
12.9404602051,80.2359237671,26236,26246,10
12.9417295456,80.2362365723,26246,26256,10
12.9429197311,80.2366790771,26256,26266,10
12.9438199997,80.2374801636,26266,26277,11
12.9448003769,80.238571167,26277,26287,10
12.9458303452,80.2394180298,26287,26297,10
12.9470996857,80.2399520874,26297,26307,10
12.948220253,80.2404022217,26307,26317,10
12.9490098953,80.2406997681,26317,26327,10
12.9497003555,80.2409210205,26327,26337,10
12.9504804611,80.2411804199,26337,26347,10
12.9513397217,80.2414627075,26347,26357,10
12.9522104263,80.2417907715,26357,26366,9
12.9531402588,80.2421569824,26366,26376,10
12.9540901184,80.2425231934,26376,26388,12
12.9549703598,80.2428665161,26388,26398,10
12.9554901123,80.243057251,26398,26408,10
12.9561796188,80.2433166504,26408,26418,10
12.9564599991,80.2434005737,26418,26428,10
12.9568004608,80.2435302734,26428,26438,10
12.957400322,80.243812561,26438,26448,10
12.958029747,80.2440872192,26448,26458,10
12.9588098526,80.244430542,26458,26468,10
12.9596996307,80.2448425293,26468,26478,10
12.9607601166,80.2453308105,26478,26488,10
12.9618797302,80.2458724976,26488,26499,11
12.9630498886,80.2464675903,26499,26509,10
12.9640197754,80.2469177246,26509,26519,10
12.9650001526,80.2472610474,26519,26529,10
12.9659900665,80.2475814819,26529,26539,10
12.9667100906,80.2479171753,26539,26555,16
12.9679803848,80.2485198975,26555,26567,12
12.9691896439,80.2489929199,26567,26575,8
12.9700202942,80.2493209839,26575,26586,11
12.9713001251,80.2497711182,26586,26596,10
12.9725103378,80.2500762939,26596,26608,12
12.97397995,80.2504425049,26608,26618,10
12.9751901627,80.250793457,26618,26628,10
12.9764299393,80.2511291504,26628,26638,10
12.977519989,80.2515716553,26638,26648,10
12.9783201218,80.252243042,26648,26657,9
12.9787902832,80.2524795532,26657,26668,11
12.9793195724,80.2525787354,26668,26678,10
12.9794101715,80.2525863647,26678,26688,10
12.9798898697,80.2526397705,26688,26698,10
12.9804601669,80.2526397705,26698,26709,11
12.9812202454,80.2526626587,26709,26719,10
12.9821996689,80.2526397705,26719,26729,10
12.9833602905,80.252532959,26729,26739,10
12.984459877,80.2522506714,26739,26749,10
12.9855203629,80.2519607544,26749,26759,10
12.9864501953,80.2517318726,26759,26769,10
12.9871501923,80.2515106201,26769,26820,51
12.9871501923,80.2515106201,26820,26830,10
12.9871501923,80.2514877319,26830,26840,10
12.9874095917,80.2514190674,26840,26850,10
12.9877595901,80.2513504028,26850,26860,10
12.9879398346,80.2516098022,26860,26870,10
12.9880199432,80.2520599365,26870,26880,10
12.9879999161,80.2527084351,26880,26890,10
12.9879198074,80.2535171509,26890,26900,10
12.9878702164,80.2543411255,26900,26910,10
12.9877996445,80.2550201416,26910,26921,11
12.987739563,80.2556610107,26921,26931,10
12.9880800247,80.255821228,26931,26941,10
12.9885997772,80.255897522,26941,26951,10
12.9889602661,80.2559509277,26951,26961,10
12.9895200729,80.2559967041,26961,26971,10
12.990240097,80.2560501099,26971,26981,10
12.9905900955,80.2560501099,26981,26991,10
12.9911298752,80.2560577393,26991,27001,10
12.9918498993,80.2560806274,27001,27017,16
12.9932804108,80.2560272217,27017,27029,12
12.99421978,80.2559814453,27029,27040,11
12.9949598312,80.2559204102,27040,27050,10
12.9960098267,80.255897522,27050,27060,10
12.9967603683,80.255897522,27060,27080,20
12.9967603683,80.255897522,27080,27090,10
12.9969797134,80.2558670044,27090,27100,10
12.9972600937,80.2558822632,27100,27109,9
12.9978303909,80.2559204102,27109,27119,10
12.9991502762,80.2561035156,27119,27141,22
12.9991502762,80.2561035156,27141,27151,10
12.9994602203,80.2561721802,27151,27161,10
12.999879837,80.2562484741,27161,27171,10
13.0005702972,80.2563781738,27171,27181,10
13.0012998581,80.2565002441,27181,27191,10
13.0020799637,80.2566299438,27191,27201,10
13.0027198792,80.2567520142,27201,27210,9
13.0036096573,80.2569122314,27210,27221,11
13.0045003891,80.2570877075,27221,27231,10
13.0051298141,80.2572402954,27231,27242,11
13.0063400269,80.2574691772,27242,27302,60
13.0063400269,80.2574691772,27302,27312,10
13.0067195892,80.2575683594,27312,27322,10
13.0070495605,80.2580032349,27322,27332,10
13.0073204041,80.258430481,27332,27353,21
13.0073204041,80.258430481,27353,27363,10
13.0074701309,80.2585372925,27363,27373,10
13.0079202652,80.2587585449,27373,27383,10
13.0084104538,80.2589492798,27383,27393,10
13.0089902878,80.2590713501,27393,27403,10
13.0098199844,80.2590866089,27403,27413,10
13.0108995438,80.2590866089,27413,27423,10
13.0120697021,80.2591094971,27423,27433,10
13.0132598877,80.2591629028,27433,27443,10
13.0144195557,80.2592163086,27443,27453,10
13.0155496597,80.2593307495,27453,27464,11
13.016500473,80.259803772,27464,27474,10
13.0171403885,80.2602386475,27474,27484,10
13.0179300308,80.2607727051,27484,27494,10
13.0186700821,80.2612762451,27494,27504,10
13.0191802979,80.2617111206,27504,27514,10
13.0195999146,80.26222229,27514,27524,10
13.0202503204,80.262802124,27524,27534,10
13.0201797485,80.2630310059,27534,27544,10
13.0195999146,80.2630081177,27544,27554,10
13.019109726,80.2630004883,27554,27565,11
13.019080162,80.263458252,27565,27575,10
13.0191402435,80.264289856,27575,27585,10
13.0188999176,80.2652435303,27585,27595,10
13.0187797546,80.2656936646,27595,27605,10
13.0187397003,80.2665023804,27605,27615,10
13.0190000534,80.2674102783,27615,27625,10
13.0197000504,80.2682723999,27625,27635,10
13.0203504562,80.2690734863,27635,27645,10
13.0207901001,80.2696075439,27645,27655,10
13.0212001801,80.2701034546,27655,27665,10
13.0217399597,80.2707824707,27665,27676,11
13.0224399567,80.2716598511,27676,27686,10
13.0230998993,80.2725372314,27686,27696,10
13.0237703323,80.2734603882,27696,27706,10
13.0243797302,80.2742767334,27706,27716,10
13.0251102448,80.2748031616,27716,27726,10
13.0258703232,80.2751312256,27726,27736,10
13.0265703201,80.2754592896,27736,27746,10
13.0272197723,80.2757873535,27746,27756,10
13.0279598236,80.2761001587,27756,27766,10
13.028719902,80.2764129639,27766,27777,11
13.0296401978,80.2766723633,27777,27787,10
13.0302495956,80.2768783569,27787,27797,10
13.0308599472,80.2772064209,27797,27807,10
13.0313997269,80.2775268555,27807,27817,10
13.031999588,80.277557373,27817,27827,10
13.0324697495,80.2775421143,27827,27837,10
13.0331497192,80.2774810791,27837,27847,10
13.0334997177,80.2772293091,27847,27857,10
13.033539772,80.2768783569,27857,27867,10
13.033659935,80.2763519287,27867,27888,21
13.033659935,80.2763519287,27888,27898,10
13.0339803696,80.2764663696,27898,27938,40
13.0339803696,80.2766418457,27938,28019,81
13.0339803696,80.2766418457,28019,28029,10
13.0338401794,80.2763977051,28029,28120,91
13.0338401794,80.2763977051,28120,28130,10
13.0336198807,80.2764892578,28130,28140,10
13.0335702896,80.2770004272,28140,28150,10
13.0336103439,80.27734375,28150,28160,10
13.033780098,80.2773971558,28160,28170,10
13.0340595245,80.2774581909,28170,28180,10
13.0344800949,80.2775802612,28180,28190,10
13.0353803635,80.2777404785,28190,28200,10
13.0361404419,80.2778930664,28200,28211,11
13.03703022,80.2781906128,28211,28221,10
13.0378303528,80.2784423828,28221,28231,10
13.0386695862,80.2786483765,28231,28241,10
13.0387897491,80.278678894,28241,28251,10
13.0389795303,80.2787322998,28251,28261,10
13.0392599106,80.2788391113,28261,28271,10
13.0398197174,80.2789993286,28271,28281,10
13.0406198502,80.2792129517,28281,28291,10
13.041680336,80.2794113159,28291,28301,10
13.0431499481,80.279586792,28301,28362,61
13.0431499481,80.279586792,28362,28372,10
13.0433101654,80.2796173096,28372,28382,10
13.0438203812,80.2797775269,28382,28392,10
13.0446500778,80.2799606323,28392,28402,10
13.0455799103,80.2800827026,28402,28413,11
13.0458698273,80.2800979614,28413,28423,10
13.0461597443,80.2801513672,28423,28433,10
13.0466499329,80.2802200317,28433,28443,10
13.0475101471,80.2803268433,28443,28453,10
13.0486097336,80.2805099487,28453,28463,10
13.0498399734,80.2806777954,28463,28473,10
13.0506000519,80.2807998657,28473,28483,10
13.050620079,80.2807998657,28483,28493,10
13.0507698059,80.2808380127,28493,28503,10
13.0513696671,80.2809295654,28503,28513,10
13.0522403717,80.2810592651,28513,28523,10
13.0531396866,80.2811965942,28523,28534,11
13.0543804169,80.2814025879,28534,28544,10
13.0555000305,80.2816162109,28544,28554,10
13.0563201904,80.2817687988,28554,28564,10
13.0565099716,80.2818069458,28564,28574,10
13.0566396713,80.2818527222,28574,28584,10
13.0574302673,80.2819900513,28584,28624,40
13.0574302673,80.2819900513,28624,28635,11
13.0578298569,80.2820587158,28635,28645,10
13.0585403442,80.2822113037,28645,28655,10
13.0595502853,80.2824172974,28655,28665,10
13.0607204437,80.2826690674,28665,28675,10
13.0618095398,80.2828979492,28675,28685,10
13.0628004074,80.2831192017,28685,28695,10
13.0631999969,80.2832107544,28695,28705,10
13.0639200211,80.2833633423,28705,28725,20
13.0639200211,80.2833633423,28725,28735,10
13.0640602112,80.2834320068,28735,28746,11
13.0646600723,80.2835464478,28746,28756,10
13.0655403137,80.2837524414,28756,28766,10
13.0667200089,80.283996582,28766,28776,10
13.0676202774,80.2841720581,28776,28786,10
13.0683097839,80.284286499,28786,28796,10
13.0692195892,80.2845077515,28796,28806,10
13.0703201294,80.2847824097,28806,28816,10
13.0714998245,80.2850875854,28816,28826,10
13.0726900101,80.2853164673,28826,28836,10
13.0737199783,80.285369873,28836,28846,10
13.0743103027,80.2859725952,28846,28857,11
13.0752000809,80.2865982056,28857,28867,10
13.0763301849,80.287109375,28867,28877,10
13.077630043,80.2874298096,28877,28887,10
13.0788602829,80.2877578735,28887,28897,10
13.0798902512,80.2881011963,28897,28907,10
13.0809803009,80.2883834839,28907,28917,10
13.0820903778,80.2887573242,28917,28927,10
13.0830898285,80.2891998291,28927,28937,10
13.0840196609,80.2891998291,28937,28947,10
13.0851602554,80.2891693115,28947,28957,10
13.0861997604,80.2893676758,28957,28968,11
13.0872402191,80.2896575928,28968,28978,10
13.0880203247,80.2899780273,28978,28988,10
13.0887203217,80.2901229858,28988,28998,10
13.0888900757,80.2902832031,28998,29018,20
13.0888795853,80.2903137207,29018,29058,40
13.0888795853,80.2903137207,29058,29069,11
13.0886802673,80.2904815674,29069,29079,10
13.0882501602,80.290222168,29079,29089,10
13.0874204636,80.2898864746,29089,29099,10
13.0864896774,80.2896194458,29099,29109,10
13.0856895447,80.2893371582,29109,29119,10
13.0853004456,80.2886734009,29119,29129,10
13.0851402283,80.2877426147,29129,29139,10
13.0852098465,80.2867202759,29139,29149,10
13.0853099823,80.2857513428,29149,29159,10
13.0853900909,80.2848205566,29159,29169,10
13.085269928,80.2841796875,29169,29180,11
13.0854501724,80.2837905884,29180,29190,10
13.0855903625,80.2835388184,29190,29200,10
13.0860004425,80.2835388184,29200,29210,10
13.0863199234,80.2835998535,29210,29220,10
13.086400032,80.2837295532,29220,29230,10
13.0866804123,80.2838668823,29230,29240,10
13.0870504379,80.2839431763,29240,29250,10
13.0873403549,80.2839279175,29250,29260,10
13.0878400803,80.2839431763,29260,29291,31
13.0880403519,80.2839431763,29291,29886,595
13.0879898071,80.2839584351,29886,30796,910
13.0881795883,80.2835998535,30796,30826,30
13.0881795883,80.2835998535,30826,30836,10
13.0882797241,80.2833404541,30836,30846,10
13.0882997513,80.2829589844,30846,30856,10
13.0882997513,80.2825698853,30856,30866,10
13.0882701874,80.2822036743,30866,30876,10
13.0881595612,80.2818222046,30876,30886,10
13.0881595612,80.2814178467,30886,30897,11
13.0885601044,80.2815933228,30897,30907,10
13.08852005,80.2820510864,30907,30917,10
13.0884799957,80.2824172974,30917,30927,10
13.0883798599,80.2828598022,30927,30937,10
13.0883598328,80.2833023071,30937,30947,10
13.0883798599,80.2838668823,30947,30957,10
13.0883998871,80.2845230103,30957,30966,9
13.0884399414,80.2851104736,30966,30997,31
13.0884399414,80.2851104736,30997,31008,11
13.0884799957,80.2854385376,31008,31018,10
13.0885095596,80.2858200073,31018,31028,10
13.0885295868,80.286277771,31028,31038,10
13.08852005,80.2866287231,31038,31048,10
13.0885601044,80.2871170044,31048,31058,10
13.0886201859,80.2875289917,31058,31068,10
13.0886602402,80.2879180908,31068,31078,10
13.0887203217,80.2885131836,31078,31088,10
13.0887403488,80.2887420654,31088,31098,10
13.0888004303,80.2892532349,31098,31108,10
13.0888004303,80.2893829346,31108,31119,11
13.0887699127,80.2894363403,31119,31129,10
13.0887899399,80.2901916504,31129,31159,30
13.0887899399,80.2901916504,31159,31169,10
13.0886898041,80.2904968262,31169,31179,10
13.0882396698,80.2902526855,31179,31189,10
13.0875301361,80.2899017334,31189,31199,10
13.0866498947,80.2895507813,31199,31215,16
13.0850400925,80.2891235352,31215,31228,13
13.0836801529,80.2892074585,31228,31238,10
13.0827903748,80.2891464233,31238,31247,9
13.081870079,80.2887802124,31247,31257,10
13.0809497833,80.2884674072,31257,31268,11
13.080160141,80.2882385254,31268,31280,12
13.0800895691,80.2882385254,31280,31290,10
13.0796699524,80.2881469727,31290,31300,10
13.0789203644,80.2878570557,31300,31310,10
13.0779800415,80.2875823975,31310,31319,9
13.0769701004,80.2873077393,31319,31331,12
13.0755500793,80.2869033813,31331,31341,10
13.0745897293,80.2863235474,31341,31351,10
13.0737400055,80.2860412598,31351,31361,10
13.0729999542,80.2857894897,31361,31371,10
13.0724802017,80.2854995728,31371,31381,10
13.0717000961,80.2852630615,31381,31391,10
13.0707197189,80.2849884033,31391,31401,10
13.0695400238,80.2846984863,31401,31411,10
13.068479538,80.2844467163,31411,31421,10
13.0674600601,80.2843017578,31421,31431,10
13.0663404465,80.2840805054,31431,31442,11
13.0651302338,80.2838134766,31442,31452,10
13.064040184,80.2835388184,31452,31461,9
13.0633001328,80.2833404541,31461,31472,11
13.0625896454,80.2831726074,31472,31502,30
13.0625896454,80.2831726074,31502,31512,10
13.0622797012,80.2830734253,31512,31522,10
13.0616798401,80.2829284668,31522,31532,10
13.0608997345,80.2827529907,31532,31542,10
13.0600099564,80.2826004028,31542,31553,11
13.0589399338,80.2823791504,31553,31563,10
13.0580596924,80.2821884155,31563,31573,10
13.0568399429,80.2819366455,31573,31613,40
13.0568399429,80.2819366455,31613,31623,10
13.0566396713,80.2818984985,31623,31633,10
13.0560798645,80.281791687,31633,31643,10
13.0552797318,80.2816314697,31643,31653,10
13.0543403625,80.2814407349,31653,31664,11
13.0532197952,80.28125,31664,31674,10
13.0525503159,80.2811431885,31674,31684,10
13.0516901016,80.2810211182,31684,31694,10
13.0513896942,80.2809829712,31694,31704,10
13.0512695313,80.280960083,31704,31714,10
13.0508804321,80.2808914185,31714,31724,10
13.0502700806,80.2807998657,31724,31734,10
13.0495500565,80.2806930542,31734,31744,10
13.0487203598,80.2805709839,31744,31754,10
13.0477104187,80.280418396,31754,31764,10
13.046620369,80.2802734375,31764,31775,11
13.0458402634,80.2801589966,31775,31805,30
13.0458402634,80.2801589966,31805,31815,10
13.0456199646,80.2801208496,31815,31825,10
13.0451402664,80.2800674438,31825,31835,10
13.0445604324,80.2799987793,31835,31845,10
13.0441703796,80.2799377441,31845,31855,10
13.0438499451,80.2798919678,31855,31865,10
13.0435199738,80.279838562,31865,31876,11
13.0428600311,80.2796936035,31876,31886,10
13.0420198441,80.2795333862,31886,31896,10
13.0409803391,80.2793426514,31896,31906,10
13.0399999619,80.2791137695,31906,31916,10
13.0394601822,80.278968811,31916,31926,10
13.0393400192,80.2789001465,31926,31936,10
13.039059639,80.2788619995,31936,31946,10
13.0390501022,80.2788619995,31946,31956,10
13.0387496948,80.2787475586,31956,31966,10
13.0381698608,80.2785491943,31966,31976,10
13.037610054,80.2783966064,31976,31987,11
13.0369701385,80.2781829834,31987,31997,10
13.0363397598,80.2779693604,31997,32007,10
13.0354995728,80.2777862549,32007,32017,10
13.0348396301,80.2776870728,32017,32027,10
13.0342102051,80.2775268555,32027,32036,9
13.033659935,80.2773895264,32036,32046,10
13.0331697464,80.2774734497,32046,32057,11
13.0325899124,80.2774963379,32057,32067,10
13.0321702957,80.2775192261,32067,32077,10
13.03166008,80.2775878906,32077,32087,10
13.0310297012,80.2773284912,32087,32108,21
13.0310297012,80.2773284912,32108,32118,10
13.0309000015,80.2772598267,32118,32128,10
13.0304498672,80.2770385742,32128,32138,10
13.0297403336,80.2767562866,32138,32148,10
13.0288496017,80.276512146,32148,32158,10
13.0281600952,80.2762374878,32158,32168,10
13.0276098251,80.275970459,32168,32178,10
13.0270996094,80.2757797241,32178,32188,10
13.0264196396,80.2754516602,32188,32198,10
13.0260400772,80.2752685547,32198,32209,11
13.02602005,80.2752609253,32209,32219,10
13.0259103775,80.2752075195,32219,32229,10
13.02546978,80.2750167847,32229,32239,10
13.0247898102,80.2747268677,32239,32249,10
13.0241804123,80.2741928101,32249,32287,38
13.0241804123,80.2741928101,32287,32297,10
13.0239801407,80.2739181519,32297,32307,10
13.0236597061,80.2734603882,32307,32318,11
13.023150444,80.2727813721,32318,32328,10
13.0225601196,80.2720031738,32328,32338,10
13.0220499039,80.2713165283,32338,32348,10
13.0213899612,80.2705001831,32348,32358,10
13.0208997726,80.2699584961,32358,32368,10
13.0208501816,80.2698822021,32368,32378,10
13.0207901001,80.2697372437,32378,32388,10
13.0205802917,80.2694702148,32388,32398,10
13.0200996399,80.2689437866,32398,32408,10
13.0195102692,80.2682037354,32408,32419,11
13.0188798904,80.2674102783,32419,32429,10
13.0186796188,80.266746521,32429,32439,10
13.0186195374,80.2659912109,32439,32449,10
13.0187797546,80.2653121948,32449,32459,10
13.0190401077,80.2644271851,32459,32469,10
13.0190000534,80.2635879517,32469,32479,10
13.0189504623,80.2632369995,32479,32489,10
13.0189199448,80.2630462646,32489,32499,10
13.0188798904,80.2628326416,32499,32509,10
13.0188102722,80.2622833252,32509,32519,10
13.0187101364,80.2616500854,32519,32530,11
13.0184402466,80.2611999512,32530,32540,10
13.0178804398,80.2608032227,32540,32550,10
13.0171298981,80.2602767944,32550,32560,10
13.0163803101,80.2598266602,32560,32570,10
13.0160999298,80.2596969604,32570,32580,10
13.0160198212,80.2596511841,32580,32590,10
13.0156297684,80.2594909668,32590,32600,10
13.0150098801,80.2593612671,32600,32610,10
13.0142202377,80.2593078613,32610,32620,10
13.0132799149,80.2592773438,32620,32630,10
13.0122203827,80.2592391968,32630,32641,11
13.0109300613,80.2592010498,32641,32651,10
13.0098695755,80.2592391968,32651,32661,10
13.0090198517,80.2592391968,32661,32671,10
13.0086803436,80.2592391968,32671,32681,10
13.0081596375,80.2592391968,32681,32691,10
13.0075101852,80.2593078613,32691,32701,10
13.0072002411,80.2587203979,32701,32721,20
13.0072002411,80.2587203979,32721,32731,10
13.0071001053,80.2584609985,32731,32741,10
13.0067996979,80.2579498291,32741,32752,11
13.0061903,80.2575836182,32752,32762,10
13.0054597855,80.2573928833,32762,32772,10
13.0045995712,80.2571563721,32772,32782,10
13.0038404465,80.256980896,32782,32792,10
13.0031099319,80.2568206787,32792,32802,10
13.0026903152,80.2567596436,32802,32812,10
13.0024299622,80.2567214966,32812,32822,10
13.0020503998,80.2566375732,32822,32832,10
13.001540184,80.2565765381,32832,32842,10
13.0008602142,80.2564697266,32842,32852,10
13.0001096725,80.2563781738,32852,32863,11
12.9994602203,80.2562408447,32863,32873,10
12.9989299774,80.2561416626,32873,32883,10
12.9985904694,80.2561035156,32883,32893,10
12.998550415,80.2560882568,32893,32903,10
12.9984397888,80.256072998,32903,32913,10
12.9980697632,80.2559204102,32913,32923,10
12.9975795746,80.255859375,32923,32933,10
12.9975404739,80.2558670044,32933,32943,10
12.9973096848,80.2558898926,32943,32953,10
12.9970998764,80.2558898926,32953,32964,11
12.9968004227,80.255897522,32964,32974,10
12.9963998795,80.255897522,32974,32984,10
12.9958295822,80.2558898926,32984,32994,10
12.9952697754,80.255897522,32994,33004,10
12.9946203232,80.2559509277,33004,33014,10
12.9939403534,80.2559967041,33014,33024,10
12.9931297302,80.2560577393,33024,33034,10
12.9921703339,80.2560882568,33034,33044,10
12.9913396835,80.2560424805,33044,33054,10
12.9906396866,80.2560119629,33054,33064,10
12.9902296066,80.2560195923,33064,33075,11
12.989780426,80.2559967041,33075,33085,10
12.9894199371,80.2559509277,33085,33095,10
12.9890699387,80.2559661865,33095,33105,10
12.9887695313,80.2559585571,33105,33175,70
12.9887695313,80.2559585571,33175,33186,11
12.9884004593,80.2559585571,33186,33196,10
12.9879598618,80.2558670044,33196,33206,10
12.9874897003,80.2557830811,33206,33216,10
12.9872198105,80.2557067871,33216,33226,10
12.9869403839,80.2556533813,33226,33236,10
12.9864997864,80.2555999756,33236,33246,10
12.9863004684,80.255569458,33246,33256,10
12.9861602783,80.2555389404,33256,33266,10
12.9860601425,80.2555236816,33266,33276,10
12.9859399796,80.2554702759,33276,33287,11
12.9856595993,80.2553634644,33287,33297,10
12.9850902557,80.2552566528,33297,33307,10
12.9846000671,80.2551116943,33307,33317,10
12.9841804504,80.2550125122,33317,33327,10
12.9836997986,80.2548828125,33327,33337,10
12.9835100174,80.2548065186,33337,33347,10
12.9829998016,80.2546691895,33347,33357,10
12.9823999405,80.2544631958,33357,33367,10
12.982000351,80.2538833618,33367,33377,10
12.9818201065,80.2532196045,33377,33418,41
12.9818201065,80.2532196045,33418,33428,10
12.9817399979,80.2530212402,33428,33438,10
12.9816703796,80.2528686523,33438,33448,10
12.9813899994,80.2527618408,33448,33458,10
12.981010437,80.2527694702,33458,33468,10
12.9807300568,80.2527770996,33468,33478,10
12.9803199768,80.2527694702,33478,33498,20
12.9803199768,80.2527694702,33498,33509,11
12.9801902771,80.2527389526,33509,33519,10
12.9799900055,80.2527389526,33519,33529,10
12.9795799255,80.2526931763,33529,33539,10
12.9790000916,80.2526626587,33539,33549,10
12.9787502289,80.2526168823,33549,33559,10
12.9786901474,80.2526016235,33559,33569,10
12.9782600403,80.2523574829,33569,33579,10
12.9776601791,80.2518005371,33579,33589,10
12.9767503738,80.2513122559,33589,33599,10
12.9756298065,80.2509918213,33599,33609,10
12.9745702744,80.2506866455,33609,33620,11
12.9736404419,80.2504425049,33620,33630,10
12.9726200104,80.2501831055,33630,33640,10
12.971540451,80.2498779297,33640,33650,10
12.9704704285,80.2495803833,33650,33660,10
12.9693202972,80.2492904663,33660,33670,10
12.96833992,80.2488479614,33670,33680,10
12.967499733,80.2484436035,33680,33690,10
12.9667100906,80.2480163574,33690,33700,10
12.9659996033,80.2477035522,33700,33710,10
12.9652004242,80.2474212646,33710,33720,10
12.9650497437,80.2473831177,33720,33731,11
12.9649496078,80.2473678589,33731,33741,10
12.9645299911,80.2471923828,33741,33751,10
12.9638395309,80.2469329834,33751,33761,10
12.9631595612,80.2465896606,33761,33771,10
12.9622602463,80.2461700439,33771,33781,10
12.9612102509,80.2456436157,33781,33791,10
12.9602003098,80.2451782227,33791,33801,10
12.9594602585,80.2448577881,33801,33811,10
12.9594297409,80.2448577881,33811,33821,10
12.9593095779,80.2448120117,33821,33831,10
12.9588098526,80.2445373535,33831,33842,11
12.9580602646,80.2442626953,33842,33858,16
12.9570598602,80.2438812256,33858,33870,12
12.9563999176,80.2436676025,33870,33878,8
12.9561395645,80.243522644,33878,33890,12
12.9555101395,80.2431716919,33890,33900,10
12.954460144,80.24269104,33900,33910,10
12.9535398483,80.2423019409,33910,33920,10
12.9523000717,80.241859436,33920,33930,10
12.9517002106,80.2416687012,33930,33941,11
12.9516401291,80.2416381836,33941,33951,10
12.9512195587,80.2415008545,33951,33961,10
12.9505300522,80.2412414551,33961,33972,11
12.949640274,80.2410430908,33972,34012,40
12.949640274,80.2410430908,34012,34022,10
12.9495296478,80.2409820557,34022,34032,10
12.9491996765,80.2408828735,34032,34042,10
12.9485902786,80.2406082153,34042,34053,11
12.9474496841,80.2401580811,34053,34073,20
12.9474496841,80.2401580811,34073,34083,10
12.9473400116,80.2401275635,34083,34093,10
12.9469604492,80.2399520874,34093,34103,10
12.9462995529,80.2396621704,34103,34113,10
12.9454498291,80.2392730713,34113,34123,10
12.9437799454,80.2376022339,34123,34133,10
12.9437799454,80.2376022339,34133,34143,10
12.9428596497,80.2367477417,34143,34153,10
12.9416704178,80.2363128662,34153,34164,11
12.9404802322,80.236000061,34164,34174,10
12.9399003983,80.2358322144,34174,34184,10
12.9398097992,80.2358016968,34184,34194,10
12.939740181,80.2357711792,34194,34205,11
12.9392404556,80.2355194092,34205,34215,10
12.9384498596,80.2351379395,34215,34225,10
12.9374799728,80.2346725464,34225,34235,10
12.9364995956,80.2341995239,34235,34245,10
12.935839653,80.2339172363,34245,34255,10
12.9357795715,80.2339630127,34255,34266,11
12.9355802536,80.234336853,34266,34276,10
12.9353399277,80.2350234985,34276,34286,10
12.9351997375,80.2353591919,34286,34296,10
12.9350500107,80.2354202271,34296,34306,10
12.9348697662,80.2353210449,34306,34316,10
12.9343900681,80.2351379395,34316,34326,10
12.9340200424,80.2350006104,34326,34336,10
12.9338998795,80.2351531982,34336,34346,10
12.9337501526,80.2356109619,34346,34356,10
12.9336099625,80.2360992432,34356,34366,10
12.933259964,80.2361373901,34366,34377,11
12.9330196381,80.236328125,34377,34397,20
12.9330196381,80.236328125,34397,34407,10
12.9329500198,80.2367477417,34407,34417,10
12.9327898026,80.2372207642,34417,34427,10
12.9326400757,80.2375564575,34427,34437,10
12.9324102402,80.2380981445,34437,34447,10
12.9322500229,80.2384567261,34447,34457,10
12.9319601059,80.2387390137,34457,34467,10
12.9313697815,80.2385787964,34467,34477,10
12.9312696457,80.2385635376,34477,34488,11
12.9310798645,80.2384872437,34488,34498,10
12.9306001663,80.2383117676,34498,34508,10
12.9299497604,80.2380828857,34508,34518,10
12.9295797348,80.2381591797,34518,34528,10
12.929479599,80.2384490967,34528,34538,10
12.9293403625,80.2389221191,34538,34548,10
12.9289703369,80.2389373779,34548,34558,10
12.9283800125,80.2388305664,34558,34578,20
12.9283800125,80.2388305664,34578,34588,10
12.9281301498,80.2387771606,34588,34599,11
12.927479744,80.2386016846,34599,34609,10
12.9268102646,80.2384414673,34609,34619,10
12.9260797501,80.2382583618,34619,34629,10
12.925740242,80.2381820679,34629,34639,10
12.9256601334,80.2381362915,34639,34649,10
12.9254598618,80.2382507324,34649,34659,10
12.9256801605,80.2383728027,34659,34952,293
12.9256801605,80.2383728027,34952,34962,10
12.9257898331,80.2382736206,34962,34972,10
12.9259500504,80.2381362915,34972,34982,10
12.9263496399,80.2382736206,34982,34992,10
12.92689991,80.2384414673,34992,35002,10
12.927479744,80.238609314,35002,35012,10
12.9281997681,80.2388000488,35012,35033,21
12.9281997681,80.2388000488,35033,35043,10
12.9283103943,80.238822937,35043,35053,10
12.9285697937,80.2388916016,35053,35063,10
12.9289197922,80.2389831543,35063,35073,10
12.929309845,80.2390518188,35073,35083,10
12.929400444,80.2387695313,35083,35093,10
12.9295501709,80.2382202148,35093,35103,10
12.9297103882,80.237953186,35103,35113,10
12.9302396774,80.2381515503,35113,35123,10
12.931189537,80.2384872437,35123,35144,21
12.931189537,80.2384872437,35144,35154,10
12.9312896729,80.2385406494,35154,35164,10
12.9315395355,80.2386398315,35164,35174,10
12.9320497513,80.2387695313,35174,35184,10
12.9322395325,80.2384796143,35184,35194,10
12.9323596954,80.2381515503,35194,35204,10
12.9325399399,80.2376480103,35204,35214,10
12.9326200485,80.2374191284,35214,35224,10
12.93268013,80.2371826172,35224,35234,10
12.9328403473,80.2368087769,35234,35245,11
12.9329500198,80.2362594604,35245,35255,10
12.9331998825,80.2361068726,35255,35265,10
12.9332799911,80.2361373901,35265,35275,10
12.9335298538,80.2361831665,35275,35285,10
12.9336395264,80.2358474731,35285,35295,10
12.9338197708,80.2352600098,35295,35305,10
12.9340600967,80.2350616455,35305,35315,10
12.9343595505,80.2351989746,35315,35325,10
12.9348602295,80.2354125977,35325,35335,10
12.935090065,80.2354736328,35335,35345,10
12.9351902008,80.2352218628,35345,35356,11
12.9353904724,80.2346496582,35356,35366,10
12.9356298447,80.2341003418,35366,35376,10
12.9356403351,80.2340927124,35376,35386,10
12.9357204437,80.2339324951,35386,35396,10
12.9359197617,80.2337265015,35396,35406,10
12.9363002777,80.2339019775,35406,35416,10
12.9368600845,80.2341766357,35416,35426,10
12.9375295639,80.2345199585,35426,35436,10
12.938249588,80.23487854,35436,35446,10
12.9389400482,80.2352218628,35446,35456,10
12.9396095276,80.2355728149,35456,35477,21
12.9396095276,80.2355728149,35477,35487,10
12.9397602081,80.2356262207,35487,35497,10
12.9402303696,80.2358322144,35497,35507,10
12.9410200119,80.236038208,35507,35517,10
12.9420404434,80.2362823486,35517,35527,10
12.9430999756,80.2367401123,35527,35537,10
12.9437398911,80.2373580933,35537,35547,10
12.9442396164,80.2379379272,35547,35556,9
12.9449100494,80.2386779785,35556,35567,11
12.9457902908,80.2393417358,35567,35578,11
12.9466600418,80.2397003174,35578,35619,41
12.9466600418,80.2397003174,35619,35629,10
12.9468698502,80.2397918701,35629,35639,10
12.9471998215,80.2399215698,35639,35649,10
12.9473400116,80.2399673462,35649,35659,10
12.9477500916,80.2401504517,35659,35669,10
12.9482803345,80.2403564453,35669,35679,10
12.9487800598,80.2405471802,35679,35690,11
12.9491996765,80.240737915,35690,35700,10
12.9497203827,80.2409210205,35700,35710,10
12.950340271,80.2410888672,35710,35720,10
12.9510402679,80.241317749,35720,35740,20
12.9510402679,80.241317749,35740,35750,10
12.9512701035,80.2414398193,35750,35760,10
12.9512996674,80.2414321899,35760,35770,10
12.9516096115,80.2415466309,35770,35780,10
12.9521598816,80.2417602539,35780,35791,11
12.95291996,80.2420425415,35791,35801,10
12.9534397125,80.2422485352,35801,35811,10
12.9539604187,80.2424697876,35811,35821,10
12.9546604156,80.2427368164,35821,35831,10
12.9552698135,80.242980957,35831,35841,10
12.9557199478,80.2431030273,35841,35851,10
12.9557695389,80.2431030273,35851,35861,10
12.956029892,80.2431793213,35861,35891,30
12.956029892,80.2431793213,35891,35902,11
12.9562196732,80.2432403564,35902,35912,10
12.9563703537,80.243309021,35912,35922,10
12.9566497803,80.2434387207,35922,35932,10
12.9573097229,80.2437515259,35932,35942,10
12.9581003189,80.244102478,35942,35952,10
12.9588899612,80.2444610596,35952,35972,20
12.9588899612,80.2444610596,35972,35982,10
12.9590501785,80.2446136475,35982,35992,10
12.9590902328,80.2446136475,35992,36002,10
12.9595003128,80.2447967529,36002,36013,11
12.9602804184,80.2451477051,36013,36023,10
12.9611301422,80.2455368042,36023,36033,10
12.9617395401,80.24584198,36033,36043,10
12.9621200562,80.2460174561,36043,36053,10
12.9626598358,80.2462615967,36053,36063,10
12.9631700516,80.2465362549,36063,36073,10
12.9634895325,80.246711731,36073,36083,10
12.9638795853,80.2468566895,36083,36093,10
12.9644804001,80.2470474243,36093,36103,10
12.9652204514,80.2472915649,36103,36113,10
12.9661397934,80.2476196289,36113,36134,21
12.9661397934,80.2476196289,36134,36144,10
12.9662303925,80.2476425171,36144,36154,10
12.966460228,80.247756958,36154,36164,10
12.9666004181,80.2478179932,36164,36174,10
12.9669704437,80.2480316162,36174,36184,10
12.9675598145,80.248298645,36184,36194,10
12.9684200287,80.2486572266,36194,36204,10
12.9694004059,80.2490386963,36204,36214,10
12.9704504013,80.249458313,36214,36223,9
12.9714803696,80.2497711182,36223,36235,12
12.9728298187,80.2501068115,36235,36245,10
12.973859787,80.2503890991,36245,36254,9
12.9748601913,80.2506637573,36254,36264,10
12.9760198593,80.2510070801,36264,36275,11
12.9771900177,80.251373291,36275,36285,10
12.9779996872,80.2519607544,36285,36295,10
12.9784603119,80.2522888184,36295,36305,10
12.9785203934,80.2523498535,36305,36315,10
12.9787597656,80.2524490356,36315,36325,10
12.9787998199,80.2524490356,36325,36336,11
12.9791498184,80.2525405884,36336,36346,10
12.9796800613,80.2525787354,36346,36416,70
12.9796800613,80.2525787354,36416,36426,10
12.9800195694,80.2526321411,36426,36443,17
12.9815196991,80.2525634766,36443,36474,31
12.9815196991,80.2525634766,36474,36485,11
12.9815998077,80.2525482178,36485,36495,10
12.9820098877,80.2525405884,36495,36505,10
12.9827203751,80.2525024414,36505,36515,10
12.9833202362,80.2524490356,36515,36525,10
12.9837398529,80.2523574829,36525,36535,10
12.9842395782,80.2522201538,36535,36546,11
12.9845695496,80.2521362305,36546,36557,11
12.9854602814,80.2518920898,36557,36890,333
12.9854602814,80.2518920898,36890,36900,10
12.9855203629,80.2518310547,36900,36910,10
12.9857196808,80.2517929077,36910,36920,10
12.9860696793,80.251701355,36920,36930,10
12.986530304,80.2515869141,36930,36940,10
12.9870700836,80.2514419556,36940,36950,10
12.9874601364,80.2513427734,36950,36960,10
12.987859726,80.2513198853,36960,36970,10
12.9879999161,80.2517471313,36970,36980,10
12.9880399704,80.2521286011,36980,36991,11
12.9879798889,80.2528305054,36991,37001,10
12.9878902435,80.2535324097,37001,37011,10
12.9878196716,80.2540664673,37011,37021,10
12.9877901077,80.2544784546,37021,37031,10
12.9877700806,80.2548294067,37031,37041,10
12.9877500534,80.2551422119,37041,37051,10
12.9877300262,80.2553710938,37051,37061,10
12.9877099991,80.2556686401,37061,37071,10
12.9879999161,80.2557983398,37071,37081,10
12.988240242,80.2558288574,37081,37092,11
12.9883298874,80.2558364868,37092,37102,10
12.9886598587,80.2558822632,37102,37112,10
12.9887599945,80.255897522,37112,37122,10
12.9891996384,80.2559204102,37122,37132,10
12.989780426,80.2559890747,37132,37142,10
12.9904203415,80.2560119629,37142,37152,10
12.9909801483,80.2560195923,37152,37162,10
12.9917201996,80.2560424805,37162,37172,10
12.992600441,80.2560119629,37172,37182,10
12.9934797287,80.2559509277,37182,37192,10
12.9943599701,80.255897522,37192,37203,11
12.9951696396,80.2558288574,37203,37233,30
12.9951696396,80.2558288574,37233,37243,10
12.9954795837,80.2558135986,37243,37253,10
12.9960203171,80.2558288574,37253,37263,10
12.9965400696,80.2558517456,37263,37273,10
12.9968099594,80.255859375,37273,37283,10
12.9972200394,80.255859375,37283,37293,10
12.9977397919,80.2558670044,37293,37303,10
12.9982299805,80.2559204102,37303,37313,10
12.9985198975,80.2559585571,37313,37324,11
12.9987096786,80.2560195923,37324,37364,40
12.9987096786,80.2560195923,37364,37374,10
12.9990501404,80.2560424805,37374,37384,10
12.9993896484,80.2561187744,37384,37394,10
12.9997701645,80.2562103271,37394,37404,10
13.0003595352,80.2563095093,37404,37414,10
13.0009002686,80.2564315796,37414,37425,11
13.0013599396,80.2565078735,37425,37435,10
13.0018501282,80.2565765381,37435,37445,10
13.0022096634,80.2566299438,37445,37455,10
13.0025396347,80.2566833496,37455,37465,10
13.0029497147,80.2567672729,37465,37475,10
13.0032300949,80.2568283081,37475,37484,9
13.0036001205,80.2568893433,37484,37494,10
13.0039396286,80.256980896,37494,37505,11
13.0044498444,80.2570800781,37505,37515,10
13.0047998428,80.2571487427,37515,37525,10
13.0049495697,80.2571792603,37525,37536,11
13.0054197311,80.2572631836,37536,37576,40
13.00578022,80.2573318481,37576,37647,71
13.00578022,80.2573318481,37647,37657,10
13.005900383,80.2573013306,37657,37667,10
13.0062503815,80.2573394775,37667,37677,10
13.0065803528,80.2574386597,37677,37687,10
13.0068998337,80.2577896118,37687,37697,10
13.0072603226,80.2583389282,37697,37707,10
13.0079097748,80.2587203979,37707,37717,10
13.0084600449,80.2589416504,37717,37727,10
13.0085601807,80.2589797974,37727,37737,10
13.0088100433,80.2590408325,37737,37748,11
13.0092201233,80.2590332031,37748,37758,10
13.0099601746,80.2590179443,37758,37768,10
13.0108098984,80.2590332031,37768,37778,10
13.0116701126,80.2590332031,37778,37788,10
13.0125198364,80.2590789795,37788,37798,10
13.013420105,80.2591323853,37798,37808,10
13.0143098831,80.2591629028,37808,37818,10
13.015370369,80.2592086792,37818,37828,10
13.0160999298,80.2594223022,37828,37838,10
13.016409874,80.2596206665,37838,37848,10
13.0165300369,80.2597427368,37848,37859,11
13.0166797638,80.2598876953,37859,37869,10
13.0171403885,80.2601928711,37869,37879,10
13.0178003311,80.2606201172,37879,37889,10
13.0183801651,80.2610321045,37889,37899,10
13.0189399719,80.2614974976,37899,37909,10
13.0194597244,80.261932373,37909,37919,10
13.0200004578,80.2624435425,37919,37929,10
13.0203104019,80.2629623413,37929,37939,10
13.0198802948,80.2629776001,37939,37949,10
13.0192499161,80.2629318237,37949,37960,11
13.0190200806,80.2632217407,37960,37970,10
13.019109726,80.2639389038,37970,37980,10
13.0189504623,80.2648773193,37980,37990,10
13.0188102722,80.2654418945,37990,38000,10
13.0186796188,80.2661132813,38000,38010,10
13.0187501907,80.2669906616,38010,38020,10
13.0191698074,80.2676925659,38020,38030,10
13.0199203491,80.2686080933,38030,38040,10
13.0205497742,80.2693099976,38040,38050,10
13.0207595825,80.2696075439,38050,38060,10
13.0211696625,80.2700576782,38060,38071,11
13.0214595795,80.2704162598,38071,38081,10
13.0216197968,80.2706069946,38081,38091,10
13.02202034,80.2711334229,38091,38101,10
13.0225696564,80.2718887329,38101,38111,10
13.0232601166,80.2728271484,38111,38121,10
13.0239200592,80.2737579346,38121,38182,61
13.0239200592,80.2737579346,38182,38192,10
13.0241003036,80.273979187,38192,38202,10
13.0244998932,80.2744674683,38202,38212,10
13.0252304077,80.274810791,38212,38222,10
13.0253400803,80.2748718262,38222,38232,10
13.0255699158,80.2750167847,38232,38242,10
13.026140213,80.2752685547,38242,38252,10
13.0267601013,80.2755508423,38252,38262,10
13.0273799896,80.2758636475,38262,38272,10
13.0279903412,80.2761077881,38272,38282,10
13.0287303925,80.2763900757,38282,38293,11
13.0296001434,80.2766418457,38293,38303,10
13.0299596786,80.2767410278,38303,38313,10
13.0305099487,80.2770309448,38313,38323,10
13.0311098099,80.2773666382,38323,38333,10
13.0316896439,80.2775268555,38333,38343,10
13.0322799683,80.2774810791,38343,38353,10
13.0326795578,80.2774429321,38353,38363,10
13.0331401825,80.2774200439,38363,38393,30
13.0331401825,80.2774200439,38393,38404,11
13.0333499908,80.2773513794,38404,38414,10
13.0337200165,80.2773208618,38414,38424,10
13.0341901779,80.2774505615,38424,38434,10
13.0349597931,80.2775878906,38434,38444,10
13.0356397629,80.2777099609,38444,38454,10
13.0363502502,80.2778396606,38454,38463,9
13.0369701385,80.2780914307,38463,38473,10
13.0375995636,80.2782974243,38473,38484,11
13.0385503769,80.2785720825,38484,38494,10
13.0389204025,80.278678894,38494,38504,10
13.0390796661,80.2787628174,38504,38515,11
13.0395803452,80.2789077759,38515,38525,10
13.0403795242,80.2791290283,38525,38535,10
13.0412597656,80.2793273926,38535,38545,10
13.0422697067,80.2794570923,38545,38555,10
13.0429201126,80.2795181274,38555,38565,10
13.0434398651,80.2796173096,38565,38575,10
13.0439796448,80.2797775269,38575,38585,10
13.0445404053,80.279876709,38585,38601,16
13.0454902649,80.2800216675,38601,38613,12
13.0455503464,80.2800216675,38613,38624,11
13.0459403992,80.2800979614,38624,38633,9
13.0464897156,80.2801589966,38633,38644,11
13.0470895767,80.2802505493,38644,38654,10
13.0478696823,80.2803573608,38654,38664,10
13.048740387,80.2804794312,38664,38674,10
13.0494604111,80.2805862427,38674,38684,10
13.050160408,80.2806930542,38684,38694,10
13.0506095886,80.2807617188,38694,38704,10
13.0510396957,80.2808303833,38704,38714,10
13.0516500473,80.280921936,38714,38725,11
13.0523395538,80.2810211182,38725,38735,10
13.0529098511,80.2811203003,38735,38745,10
13.05327034,80.2811584473,38745,38755,10
13.0539798737,80.2812576294,38755,38765,10
13.0547399521,80.2813720703,38765,38775,10
13.0555000305,80.281539917,38775,38785,10
13.0562295914,80.2817001343,38785,38795,10
13.0564804077,80.2817611694,38795,38805,10
13.056599617,80.2817764282,38805,38815,10
13.0567903519,80.281829834,38815,38825,10
13.0572395325,80.2819213867,38825,38836,11
13.0579595566,80.282081604,38836,38846,10
13.0586900711,80.2822265625,38846,38856,10
13.0594501495,80.2823791504,38856,38866,10
13.0602502823,80.2825393677,38866,38876,10
13.0611000061,80.2827072144,38876,38886,10
13.061920166,80.2828979492,38886,38896,10
13.0626602173,80.2830734253,38896,38906,10
13.0628795624,80.2831192017,38906,38915,9
13.0630102158,80.2831420898,38915,38925,10
13.0638799667,80.2833633423,38925,38947,22
13.0638799667,80.2833633423,38947,38957,10
13.0639095306,80.2833709717,38957,38967,10
13.0643100739,80.2834777832,38967,38977,10
13.0650196075,80.2836380005,38977,38987,10
13.0659799576,80.2838516235,38987,38997,10
13.0670795441,80.2840881348,38997,39007,10
13.0681495667,80.2842712402,39007,39017,10
13.0692300797,80.2845230103,39017,39027,10
13.0703401566,80.2847824097,39027,39037,10
13.0714197159,80.2850494385,39037,39048,11
13.0725603104,80.2852783203,39048,39058,10
13.0734596252,80.2852478027,39058,39068,10
13.0739898682,80.2855224609,39068,39078,10
13.0740499496,80.2856292725,39078,39088,10
13.0743198395,80.2860031128,39088,39098,10
13.0749101639,80.2864227295,39098,39108,10
13.0755901337,80.2868423462,39108,39118,10
13.0770101547,80.2872619629,39118,39128,10
13.07833004,80.2875976563,39128,39138,10
13.0794801712,80.2880096436,39138,39148,10
13.0803003311,80.2881393433,39148,39159,11
13.0811901093,80.2884216309,39159,39169,10
13.0821695328,80.2887420654,39169,39179,10
13.0831604004,80.2891464233,39179,39189,10
13.0839395523,80.2891464233,39189,39199,10
13.0849895477,80.2891235352,39199,39209,10
13.0861597061,80.2892990112,39209,39219,10
13.087220192,80.289642334,39219,39229,10
13.088060379,80.2899932861,39229,39239,10
13.0885896683,80.2901077271,39239,39270,31
13.0885896683,80.2901077271,39270,39280,10
13.0888299942,80.2901306152,39280,39340,60
13.0888299942,80.2901306152,39340,39350,10
13.0888595581,80.2903289795,39350,39360,10
13.0884599686,80.2903594971,39360,39370,10
13.0878400803,80.2900695801,39370,39381,11
13.0868597031,80.2897415161,39381,39391,10
13.0861701965,80.2895278931,39391,39401,10
13.0855998993,80.2891998291,39401,39411,10
13.0852203369,80.288482666,39411,39421,10
13.0851202011,80.2874069214,39421,39431,10
13.0852298737,80.2861099243,39431,39440,9
13.0852403641,80.2841491699,39440,39492,52
13.0852403641,80.2841491699,39492,39501,9
13.0853004456,80.2840499878,39501,39512,11
13.0854196548,80.2837524414,39512,39522,10
13.0856199265,80.2835388184,39522,39532,10
13.0860004425,80.2835464478,39532,39542,10
13.0864200592,80.2836685181,39542,39552,10
13.0868196487,80.2839202881,39552,39562,10
13.0869197845,80.2839431763,39562,39572,10
13.0869703293,80.2839431763,39572,39582,10
13.0875196457,80.2839431763,39582,39603,21
13.0875196457,80.2839431763,39603,39613,10
13.0876598358,80.2839736938,39613,39623,10
13.0878696442,80.2839736938,39623,39633,10
13.088060379,80.2837982178,39633,39794,161
13.0879898071,80.2837219238,39794,40198,404
13.0880804062,80.2838363647,40198,40390,192
13.0880804062,80.2838363647,40390,40400,10
13.0883398056,80.2833023071,40400,40410,10
13.0883598328,80.2828369141,40410,40420,10
13.0883197784,80.2824783325,40420,40430,10
13.088259697,80.2822036743,40430,40440,10
13.0881500244,80.2818222046,40440,40450,10
13.0881204605,80.2815170288,40450,40460,10
13.0884199142,80.2814712524,40460,40471,11
13.0885801315,80.2818069458,40471,40481,10
13.0885000229,80.282081604,40481,40491,10
13.0884199142,80.2823867798,40491,40501,10
13.0883598328,80.2828979492,40501,40511,10
13.0883703232,80.2833709717,40511,40521,10
13.0883998871,80.2839126587,40521,40531,10
13.0884599686,80.284942627,40531,40561,30
13.0884799957,80.2850570679,40561,40602,41
13.0884799957,80.2850570679,40602,40612,10
13.0884799957,80.2854309082,40612,40622,10
13.0885295868,80.2858886719,40622,40632,10
13.088549614,80.2863388062,40632,40642,10
13.0885601044,80.2866287231,40642,40652,10
13.0886096954,80.2871704102,40652,40662,10
13.088640213,80.2874603271,40662,40672,10
13.0886497498,80.2878036499,40672,40683,11
13.0887098312,80.2883911133,40683,40693,10
13.0887298584,80.2886276245,40693,40703,10
13.0887699127,80.289100647,40703,40713,10
13.0887804031,80.2893218994,40713,40723,10
13.088809967,80.2899169922,40723,40733,10
13.088760376,80.2903900146,40733,40743,10
13.0884199142,80.2902908325,40743,40753,10
13.0877304077,80.2899703979,40753,40763,10
13.0868196487,80.2896118164,40763,40773,10
13.085650444,80.2892913818,40773,40783,10
13.0846004486,80.2891769409,40783,40794,11
13.0834903717,80.2892227173,40794,40804,10
13.0825500488,80.2890396118,40804,40814,10
13.0814304352,80.2885894775,40814,40824,10
13.0801696777,80.2882232666,40824,40844,20
13.0801696777,80.2882232666,40844,40854,10
13.0801200867,80.2882003784,40854,40864,10
13.0799798965,80.2881774902,40864,40874,10
13.0794200897,80.2880783081,40874,40890,16
13.07791996,80.2875595093,40890,40902,12
13.0764198303,80.2871627808,40902,40913,11
13.0750102997,80.286567688,40913,40923,10
13.0740404129,80.2860870361,40923,40933,10
13.0732498169,80.2859191895,40933,40943,10
13.0723199844,80.2854537964,40943,40952,9
13.0712203979,80.2851409912,40952,40963,11
13.0698003769,80.2847671509,40963,40973,10
13.0687198639,80.2845230103,40973,40983,10
13.0675802231,80.2843093872,40983,40993,10
13.0663204193,80.2840194702,40993,41003,10
13.0652198792,80.2837677002,41003,41014,11
13.0645704269,80.2836380005,41014,41024,10
13.0645503998,80.2836303711,41024,41034,10
13.0643396378,80.2835998535,41034,41043,9
13.0637998581,80.2834701538,41043,41054,11
13.0629701614,80.2832717896,41054,41064,10
13.0625600815,80.2831573486,41064,41074,10
13.0625,80.2831420898,41074,41084,10
13.0620603561,80.2830505371,41084,41094,10
13.0614004135,80.2828979492,41094,41104,10
13.0605096817,80.2827072144,41104,41114,10
13.0594396591,80.2825012207,41114,41125,11
13.0583200455,80.2822570801,41125,41135,10
13.0579595566,80.2821884155,41135,41145,10
13.0578403473,80.2821731567,41145,41155,10
13.057510376,80.2820892334,41155,41165,10
13.0569400787,80.2819824219,41165,41175,10
13.056599617,80.2818984985,41175,41185,10
13.0558700562,80.2817230225,41185,41195,10
13.0548400879,80.2815170288,41195,41205,10
13.0537099838,80.2813034058,41205,41215,10
13.0523900986,80.2810897827,41215,41225,10
13.0511798859,80.2809295654,41225,41236,11
13.0499696732,80.2807388306,41236,41246,10
13.0488796234,80.2805709839,41246,41256,10
13.0478897095,80.280418396,41256,41266,10
13.0469198227,80.2802886963,41266,41276,10
13.046090126,80.2801818848,41276,41286,10
13.0457696915,80.2801589966,41286,41296,10
13.0454998016,80.2801208496,41296,41306,10
13.0448198318,80.2800216675,41306,41316,10
13.0440998077,80.2799224854,41316,41336,20
13.0440998077,80.2799224854,41336,41347,11
13.0439996719,80.2798995972,41347,41357,10
13.0437602997,80.2798690796,41357,41367,10
13.0432901382,80.2797775269,41367,41377,10
13.0424499512,80.2795791626,41377,41387,10
13.0412998199,80.2793884277,41387,41396,9
13.0402402878,80.2791595459,41396,41407,11
13.0392999649,80.2789230347,41407,41417,10
13.0390396118,80.2788391113,41417,41427,10
13.038769722,80.2787399292,41427,41437,10
13.0385103226,80.2786636353,41437,41447,10
13.0380802155,80.2785415649,41447,41457,10
13.0373802185,80.2783584595,41457,41468,11
13.0364599228,80.2780227661,41468,41478,10
13.0355596542,80.2778015137,41478,41488,10
13.0349798203,80.277633667,41488,41498,10
13.034239769,80.2775115967,41498,41508,10
13.0339202881,80.2774200439,41508,41518,10
13.0337200165,80.2773895264,41518,41538,20
13.0337200165,80.2773895264,41538,41548,10
13.0334997177,80.2773284912,41548,41559,11
13.0330295563,80.2774200439,41559,41569,10
13.0322504044,80.2774429321,41569,41579,10
13.03125,80.2774505615,41579,41589,10
13.0308704376,80.2772674561,41589,41599,10
13.0307397842,80.2771224976,41599,41609,10
13.0304098129,80.2769699097,41609,41619,10
13.0299901962,80.2768478394,41619,41629,10
13.0295801163,80.2767028809,41629,41639,10
13.0287599564,80.2764968872,41639,41649,10
13.0282697678,80.2763137817,41649,41659,10
13.0275697708,80.2759628296,41659,41669,10
13.0269804001,80.2757415771,41669,41680,11
13.0263299942,80.2754364014,41680,41690,10
13.0260000229,80.2753219604,41690,41700,10
13.0258998871,80.2752685547,41700,41710,10
13.02546978,80.2750473022,41710,41720,10
13.0246801376,80.2746887207,41720,41730,10
13.0241603851,80.2742004395,41730,41750,20
13.0241603851,80.2742004395,41750,41760,10
13.0238800049,80.2738113403,41760,41770,10
13.0234804153,80.2732696533,41770,41781,11
13.0228996277,80.2724685669,41781,41791,10
13.0221996307,80.2715835571,41791,41801,10
13.0215702057,80.2707672119,41801,41811,10
13.0207996368,80.269859314,41811,41831,20
13.0207996368,80.269859314,41831,41841,10
13.0205698013,80.2694778442,41841,41851,10
13.0201301575,80.2689285278,41851,41861,10
13.0194597244,80.2681884766,41861,41871,10
13.018910408,80.2675628662,41871,41881,10
13.018699646,80.266998291,41881,41892,11
13.0186004639,80.2660827637,41892,41902,10
13.0187797546,80.2653579712,41902,41912,10
13.0190496445,80.2643890381,41912,41921,9
13.0190000534,80.2635803223,41921,41932,11
13.0189199448,80.2631225586,41932,41942,10
13.0188798904,80.2628631592,41942,41952,10
13.0188503265,80.2624206543,41952,41962,10
13.0187397003,80.2616195679,41962,41972,10
13.018409729,80.2611618042,41972,41982,10
13.0177001953,80.2607269287,41982,41992,10
13.0171203613,80.2603378296,41992,42003,11
13.0162401199,80.2597808838,42003,42013,10
13.0159397125,80.2596664429,42013,42023,10
13.0157203674,80.2595825195,42023,42033,10
13.0151596069,80.2594223022,42033,42043,10
13.0143098831,80.2593307495,42043,42053,10
13.0132703781,80.2592926025,42053,42063,10
13.0121202469,80.2592391968,42063,42073,10
13.0111103058,80.2592086792,42073,42083,10
13.0099601746,80.2592391968,42083,42093,10
13.0090198517,80.2591934204,42093,42103,10
13.0086803436,80.2591934204,42103,42120,17
13.0076398849,80.2593383789,42120,42132,12
13.0071296692,80.2586898804,42132,42152,20
13.0071296692,80.2586898804,42152,42162,10
13.0070800781,80.2585296631,42162,42172,10
13.0069198608,80.2582702637,42172,42182,10
13.0066995621,80.2579193115,42182,42192,10
13.0061397552,80.2575836182,42192,42202,10
13.0053501129,80.2573318481,42202,42212,10
13.0045604706,80.2571792603,42212,42224,12
13.0035200119,80.256980896,42224,42234,10
13.0028896332,80.2568511963,42234,42244,10
13.0024795532,80.2567596436,42244,42274,30
13.0024795532,80.2567596436,42274,42284,10
13.002289772,80.2566833496,42284,42294,10
13.0022001266,80.2566833496,42294,42304,10
13.001999855,80.256652832,42304,42314,10
13.0014200211,80.2565917969,42314,42385,71
13.0014200211,80.2565917969,42385,42395,10
13.0011100769,80.2565765381,42395,42405,10
13.0005998611,80.256477356,42405,42415,10
12.9996995926,80.2563018799,42415,42425,10
12.9985103607,80.2560806274,42425,42446,21
12.9985103607,80.2560806274,42446,42456,10
12.998339653,80.2559890747,42456,42466,10
12.9979496002,80.2559127808,42466,42476,10
12.9971599579,80.2558670044,42476,42485,9
12.9968004227,80.2558670044,42485,42496,11
12.9960803986,80.255897522,42496,42506,10
12.9955396652,80.2559204102,42506,42516,10
12.99518013,80.2559280396,42516,42526,10
12.99477005,80.2558898926,42526,42536,10
12.9944801331,80.2559204102,42536,42547,11
12.9937801361,80.2560119629,42547,42557,10
12.9928302765,80.2560806274,42557,42567,10
12.9916801453,80.2560806274,42567,42577,10
12.9908304214,80.2560501099,42577,42587,10
12.9903202057,80.2560424805,42587,42597,10
12.989780426,80.2559967041,42597,42607,10
12.9890298843,80.2559890747,42607,42617,10
12.9884996414,80.2559204102,42617,42728,111
12.9884996414,80.2559204102,42728,42738,10
12.988240242,80.2558135986,42738,42748,10
12.9878797531,80.2557678223,42748,42758,10
12.9871797562,80.2556610107,42758,42769,11
12.9867200851,80.2556228638,42769,42779,10
12.9865703583,80.2555923462,42779,42789,10
12.986530304,80.2555923462,42789,42799,10
12.9861402512,80.255531311,42799,42829,30
12.9861402512,80.255531311,42829,42839,10
12.985619545,80.2553634644,42839,42855,16
12.984629631,80.2551422119,42855,42867,12
12.9842300415,80.2550735474,42867,42878,11
12.9837303162,80.254989624,42878,42888,10
12.9832000732,80.2547988892,42888,42898,10
12.9825897217,80.2546234131,42898,42906,8
12.9822301865,80.2544326782,42906,42918,12
12.9818696976,80.2536392212,42918,42928,10
12.9815797806,80.2528762817,42928,42938,10
12.980799675,80.2527999878,42938,42948,10
12.9802904129,80.2527923584,42948,42959,11
12.9802103043,80.2527770996,42959,42969,10
12.9799404144,80.252746582,42969,42980,11
12.97935009,80.2526931763,42980,42991,11
12.9786195755,80.2525863647,42991,43002,11
12.9784402847,80.2524871826,43002,43012,10
12.977930069,80.2520904541,43012,43022,10
12.9771795273,80.2515029907,43022,43032,10
12.976149559,80.251159668,43032,43042,10
12.9749603271,80.2508010864,43042,43052,10
12.9736995697,80.2504806519,43052,43062,10
12.9723396301,80.2501831055,43062,43071,9
12.9712200165,80.2498626709,43071,43082,11
12.9699802399,80.24949646,43082,43093,11
12.9687795639,80.2490234375,43093,43103,10
12.9677200317,80.2485961914,43103,43113,10
12.9668798447,80.2481918335,43113,43123,10
12.9660596848,80.2477874756,43123,43133,10
12.9650497437,80.2473831177,43133,43153,20
12.9650497437,80.2473831177,43153,43163,10
12.9646997452,80.2472610474,43163,43173,10
12.964099884,80.2470321655,43173,43183,10
12.9633798599,80.2466964722,43183,43193,10
12.9624795914,80.2462310791,43193,43204,11
12.9612398148,80.2456283569,43204,43214,10
12.9601802826,80.2451629639,43214,43224,10
12.9593696594,80.2448196411,43224,43234,10
12.959280014,80.2447967529,43234,43244,10
12.9589300156,80.2446212769,43244,43254,10
12.9582700729,80.2443313599,43254,43264,10
12.9576597214,80.244102478,43264,43274,10
12.9565296173,80.2437820435,43274,43294,20
12.9565296173,80.2437820435,43294,43304,10
12.9563398361,80.2436904907,43304,43315,11
12.9559202194,80.2434616089,43315,43325,10
12.9552202225,80.2430877686,43325,43335,10
12.9542999268,80.2426834106,43335,43345,10
12.9533596039,80.2423019409,43345,43355,10
12.9524402618,80.2419586182,43355,43365,10
12.951880455,80.2417831421,43365,43375,10
12.9517803192,80.2417373657,43375,43385,10
12.951499939,80.2416534424,43385,43395,10
12.9508695602,80.2414627075,43395,43405,10
12.9499702454,80.2411880493,43405,43415,10
12.9495096207,80.241027832,43415,43426,11
12.9490699768,80.2408676147,43426,43436,10
12.9483804703,80.2405776978,43436,43446,10
12.9476203918,80.240272522,43446,43456,10
12.9473695755,80.2401580811,43456,43466,10
12.9473600388,80.2401580811,43466,43476,10
12.9471902847,80.2400665283,43476,43486,10
12.9466495514,80.2398605347,43486,43496,10
12.9458599091,80.2395095825,43496,43506,10
12.9450502396,80.2390213013,43506,43516,10
12.9443302155,80.23828125,43516,43527,11
12.943400383,80.2372970581,43527,43537,10
12.9422998428,80.2365188599,43537,43547,10
12.9410400391,80.2361679077,43547,43557,10
12.940079689,80.2359466553,43557,43567,10
12.9398803711,80.2358703613,43567,43577,10
12.9398403168,80.2358322144,43577,43587,10
12.9394397736,80.2356414795,43587,43597,10
12.9387397766,80.2353210449,43597,43607,10
12.9378995895,80.2349090576,43607,43617,10
12.9371404648,80.2345428467,43617,43633,16
12.9361896515,80.2340621948,43633,43645,12
12.9357404709,80.2339935303,43645,43664,19
12.9357404709,80.2339935303,43664,43676,12
12.9356002808,80.2342224121,43676,43686,10
12.9353504181,80.2347793579,43686,43696,10
12.9351396561,80.2353363037,43696,43706,10
12.9350004196,80.2354278564,43706,43715,9
12.9348096848,80.2353591919,43715,43726,11
12.9341697693,80.2350997925,43726,43736,10
12.9338903427,80.2350692749,43736,43747,11
12.9336700439,80.2357406616,43747,43757,10
12.9334201813,80.2361602783,43757,43767,10
12.9332304001,80.2361526489,43767,43777,10
12.9329996109,80.2361526489,43777,43787,10
12.9329004288,80.2366104126,43787,43797,10
12.93268013,80.2372512817,43797,43807,10
12.9324903488,80.2376937866,43807,43817,10
12.9322299957,80.2384414673,43817,43827,10
12.9320697784,80.2386932373,43827,43837,10
12.9312000275,80.23853302,43837,43908,71
12.9312000275,80.23853302,43908,43918,10
12.9308395386,80.2384185791,43918,43928,10
12.9307498932,80.2383880615,43928,43938,10
12.9303598404,80.238243103,43938,43948,10
12.9297199249,80.2380065918,43948,43958,10
12.9295301437,80.2382507324,43958,43969,11
12.9293403625,80.2387008667,43969,43979,10
12.9292097092,80.2390213013,43979,43989,10
12.9288196564,80.2389602661,43989,43999,10
12.9282598495,80.238822937,43999,44019,20
12.9282598495,80.238822937,44019,44029,10
12.9281797409,80.2388000488,44029,44039,10
12.9276895523,80.2386779785,44039,44049,10
12.9269104004,80.2384872437,44049,44059,10
12.9260997772,80.2382888794,44059,44069,10
12.9255599976,80.2381362915,44069,44080,11
12.9256401062,80.2383575439,44080,44291,211
12.9256401062,80.2383575439,44291,44302,11
12.9257001877,80.2382888794,44302,44312,10
12.9260101318,80.238243103,44312,44322,10
12.926609993,80.2383880615,44322,44332,10
12.9273395538,80.2385482788,44332,44342,10
12.9280700684,80.2387313843,44342,44352,10
12.9281702042,80.2387619019,44352,44362,10
12.9282302856,80.2388000488,44362,44372,10
12.9286203384,80.2388916016,44372,44382,10
12.9291496277,80.2390365601,44382,44392,10
12.9293403625,80.2388381958,44392,44402,10
12.9294900894,80.2384033203,44402,44413,11
12.9296302795,80.2379989624,44413,44423,10
12.930100441,80.2381210327,44423,44433,10
12.9312000275,80.2385101318,44433,44463,30
12.9312000275,80.2385101318,44463,44473,10
12.9314603806,80.2386169434,44473,44483,10
12.9319000244,80.2387466431,44483,44493,10
12.9321899414,80.238571167,44493,44503,10
12.9322595596,80.2383422852,44503,44514,11
12.9324703217,80.2378082275,44514,44524,10
12.9326601028,80.2372817993,44524,44534,10
12.9327402115,80.2370300293,44534,44544,10
12.9328804016,80.2365570068,44544,44554,10
12.9329900742,80.2361373901,44554,44564,10
12.9332504272,80.2361526489,44564,44574,10
12.9334096909,80.2361984253,44574,44584,10
12.9336004257,80.2359237671,44584,44594,10
12.9337596893,80.2353591919,44594,44604,10
12.9338798523,80.2349777222,44604,44614,10
12.9340696335,80.2350311279,44614,44624,10
12.9344797134,80.2352294922,44624,44635,11
12.9349498749,80.2354431152,44635,44645,10
12.9349603653,80.2354431152,44645,44655,10
12.9351301193,80.2352828979,44655,44665,10
12.935259819,80.234916687,44665,44675,10
12.9355401993,80.2342834473,44675,44685,10
12.9357099533,80.2338790894,44685,44725,40
12.9357099533,80.2338790894,44725,44735,10
12.9357795715,80.2337875366,44735,44746,11
12.9360198975,80.2338180542,44746,44756,10
12.9364004135,80.2340164185,44756,44766,10
12.9370803833,80.234336853,44766,44776,10
12.9379501343,80.2347488403,44776,44786,10
12.9389600754,80.2352523804,44786,44796,10
12.9396400452,80.2355804443,44796,44806,10
12.9398298264,80.2356567383,44806,44816,10
12.9398899078,80.2356796265,44816,44826,10
12.9402503967,80.2358322144,44826,44836,10
12.9408597946,80.236000061,44836,44847,11
12.9418802261,80.2362594604,44847,44857,10
12.9428901672,80.236618042,44857,44867,10
12.9437799454,80.2373962402,44867,44877,10
12.9445896149,80.2383422852,44877,44887,10
12.9454603195,80.2391967773,44887,44897,10
12.9464902878,80.2396774292,44897,44907,10
12.94713974,80.239906311,44907,44917,10
12.947259903,80.2399597168,44917,44927,10
12.9475698471,80.2400970459,44927,44937,10
12.9482297897,80.2403564453,44937,44947,10
12.9488296509,80.2405929565,44947,44988,41
12.9488296509,80.2405929565,44988,44998,10
12.9488801956,80.2406234741,44998,45008,10
12.9492397308,80.2407836914,45008,45018,10
12.9499197006,80.2409973145,45018,45028,10
12.9507398605,80.2412719727,45028,45041,13
12.9511995316,80.2414093018,45041,45051,10
12.9513301849,80.2414779663,45051,45061,10
12.9517602921,80.2416229248,45061,45072,11
12.9525499344,80.241897583,45072,45082,10
12.9534196854,80.2422409058,45082,45092,10
12.9541196823,80.2425308228,45092,45102,10
12.9549198151,80.2428588867,45102,45112,10
12.9555702209,80.2430877686,45112,45122,10
12.956319809,80.2432785034,45122,45152,30
12.956319809,80.2432785034,45152,45162,10
12.956580162,80.2433624268,45162,45172,10
12.9571399689,80.2436676025,45172,45183,11
12.9580097198,80.2440795898,45183,45193,10
12.9588098526,80.2444076538,45193,45203,10
12.9589395523,80.244468689,45203,45213,10
12.9591703415,80.2445907593,45213,45223,10
12.959690094,80.2448425293,45223,45233,10
12.9604301453,80.2451782227,45233,45243,10
12.9613199234,80.2455978394,45243,45253,10
12.9621496201,80.2460174561,45253,45263,10
12.9631996155,80.2465591431,45263,45304,41
12.9631996155,80.2465591431,45304,45314,10
12.9635601044,80.2468338013,45314,45324,10
12.9641304016,80.2470092773,45324,45334,10
12.9648799896,80.2472381592,45334,45344,10
12.9657497406,80.2474822998,45344,45354,10
12.9666099548,80.2478103638,45354,45364,10
12.9669704437,80.2479782104,45364,45374,10
12.9671201706,80.2480773926,45374,45384,10
12.9676198959,80.248298645,45384,45394,10
12.96833992,80.2485961914,45394,45405,11
12.9693603516,80.2490234375,45405,45415,10
12.9703598022,80.2494277954,45415,45425,10
12.9715595245,80.249786377,45425,45435,10
12.9728403091,80.2501068115,45435,45445,10
12.9741096497,80.2504501343,45445,45455,10
12.9754104614,80.250831604,45455,45465,10
12.9767198563,80.2512130737,45465,45475,10
12.9778404236,80.2518234253,45475,45485,10
12.9785804749,80.2523498535,45485,45495,10
12.9786195755,80.2523727417,45495,45506,11
12.978969574,80.2525024414,45506,45516,10
12.9795503616,80.2525787354,45516,45536,20
12.9795503616,80.2525787354,45536,45546,10
12.979640007,80.2525863647,45546,45556,10
12.9800701141,80.2526016235,45556,45566,10
12.9804697037,80.2525863647,45566,45576,10
12.9810600281,80.2525634766,45576,45586,10
12.9819202423,80.2525405884,45586,45596,10
12.9829502106,80.2525024414,45596,45606,10
12.9841604233,80.2522506714,45606,45617,11
12.9854297638,80.2518997192,45617,45627,10
12.9862203598,80.2517089844,45627,45717,90
12.9862203598,80.2517089844,45717,45728,11
12.986410141,80.2516784668,45728,45738,10
12.9868001938,80.2515792847,45738,45748,10
12.9873800278,80.251411438,45748,45758,10
12.9877996445,80.2513809204,45758,45768,10
12.9879198074,80.251701355,45768,45778,10
12.9880104065,80.2521286011,45778,45788,10
12.9880304337,80.2523193359,45788,45798,10
12.9879598618,80.252746582,45798,45808,10
12.9878501892,80.2535705566,45808,45818,10
12.987739563,80.2544784546,45818,45828,10
12.987660408,80.255279541,45828,45839,11
12.987830162,80.2557373047,45839,45849,10
12.9882497787,80.2558135986,45849,45859,10
12.9883203506,80.2557983398,45859,45869,10
12.9884195328,80.2557907104,45869,45879,10
12.9886903763,80.255821228,45879,45889,10
12.9886903763,80.2558288574,45889,45899,10
12.9890699387,80.2558898926,45899,45909,10
12.9896602631,80.2559509277,45909,45925,16
12.9905700684,80.2559661865,45925,45937,12
12.9910497665,80.2559967041,45937,45947,10
12.9917201996,80.2560272217,45947,45958,11
12.9926996231,80.2560119629,45958,45968,10
12.9933996201,80.2559585571,45968,45978,10
12.9937696457,80.2559509277,45978,45988,10
12.9942302704,80.2559204102,45988,45998,10
12.9950504303,80.2558898926,45998,46008,10
12.9956598282,80.2558670044,46008,46017,9
12.996049881,80.2558364868,46017,46059,42
12.996049881,80.2558364868,46059,46069,10
12.9961996078,80.2558288574,46069,46079,10
12.9965400696,80.255821228,46079,46089,10
12.9968795776,80.255821228,46089,46099,10
12.997179985,80.255821228,46099,46109,10
12.9976196289,80.255859375,46109,46119,10
12.9980602264,80.2559204102,46119,46129,10
12.9989595413,80.2560272217,46129,46200,71
12.9989595413,80.2560272217,46200,46210,10
12.9994897842,80.256072998,46210,46220,10
13.0000200272,80.2561798096,46220,46230,10
13.0005102158,80.2562789917,46230,46270,40
13.0005102158,80.2562789917,46270,46281,11
13.0007801056,80.256362915,46281,46291,10
13.0010404587,80.2564163208,46291,46301,10
13.0013999939,80.2564926147,46301,46311,10
13.0018796921,80.2565612793,46311,46321,10
13.0024204254,80.2566375732,46321,46331,10
13.0029296875,80.2567520142,46331,46341,10
13.0033998489,80.2568511963,46341,46351,10
13.0039596558,80.2569732666,46351,46361,10
13.0046396255,80.2571029663,46361,46371,10
13.0053396225,80.2571563721,46371,46381,10
13.0061197281,80.2573394775,46381,46430,49
13.0061197281,80.2573394775,46430,46440,10
13.0065498352,80.2574691772,46440,46450,10
13.0068702698,80.2578811646,46450,46460,10
13.0073299408,80.2584686279,46460,46470,10
13.0081100464,80.2588424683,46470,46482,12
13.0085697174,80.2590026855,46482,46492,10
13.0087203979,80.2590637207,46492,46503,11
13.0093097687,80.2590408325,46503,46513,10
13.0101604462,80.2590408325,46513,46523,10
13.0111103058,80.2590332031,46523,46533,10
13.0121803284,80.2590484619,46533,46543,10
13.0134000778,80.2591094971,46543,46553,10
13.0147104263,80.2591629028,46553,46576,23
13.0164003372,80.2596664429,46576,46588,12
13.0164699554,80.2598190308,46588,46598,10
13.0167999268,80.2600631714,46598,46609,11
13.0176000595,80.260597229,46609,46619,10
13.0181398392,80.2609786987,46619,46629,10
13.0186595917,80.2613601685,46629,46639,10
13.0191698074,80.2617797852,46639,46648,9
13.0194301605,80.26197052,46648,46659,11
13.0199098587,80.2624206543,46659,46669,10
13.0203399658,80.2628631592,46669,46679,10
13.0201997757,80.2629928589,46679,46689,10
13.0198202133,80.2629699707,46689,46699,10
13.0192499161,80.2629470825,46699,46710,11
13.0190401077,80.2632217407,46710,46720,10
13.0191001892,80.2638626099,46720,46730,10
13.0190095901,80.2647094727,46730,46740,10
13.0188503265,80.2653427124,46740,46750,10
13.0187196732,80.265838623,46750,46760,10
13.0186901093,80.2666168213,46760,46770,10
13.0190200806,80.2675018311,46770,46780,10
13.0196399689,80.2682876587,46780,46790,10
13.0202302933,80.2690200806,46790,46800,10
13.0207595825,80.2696380615,46800,46810,10
13.0211801529,80.2701416016,46810,46821,11
13.0214595795,80.2704620361,46821,46831,10
13.0215101242,80.2705307007,46831,46841,10
13.0217895508,80.2708892822,46841,46850,9
13.0221996307,80.2714385986,46850,46861,11
13.0228204727,80.2722473145,46861,46871,10
13.023440361,80.2730789185,46871,46881,10
13.0238103867,80.2735977173,46881,46932,51
13.0238103867,80.2735977173,46932,46942,10
13.0239896774,80.2738265991,46942,46952,10
13.0242900848,80.2742462158,46952,46962,10
13.0247898102,80.2746582031,46962,46972,10
13.0254201889,80.274887085,46972,46992,20
13.0254201889,80.274887085,46992,47002,10
13.0256204605,80.2750015259,47002,47012,10
13.0259504318,80.2751617432,47012,47022,10
13.0262498856,80.2753067017,47022,47032,10
13.0267095566,80.2755126953,47032,47042,10
13.027179718,80.2757568359,47042,47053,11
13.0277004242,80.2760467529,47053,47063,10
13.0282697678,80.2762527466,47063,47073,10
13.0288801193,80.2764587402,47073,47083,10
13.0299596786,80.2767562866,47083,47103,20
13.0299596786,80.2767562866,47103,47113,10
13.030090332,80.2768630981,47113,47123,10
13.0305099487,80.2770385742,47123,47133,10
13.030670166,80.277130127,47133,47143,10
13.0308904648,80.2772674561,47143,47154,11
13.0313396454,80.2775115967,47154,47210,56
13.0313396454,80.2775115967,47210,47222,12
13.0318098068,80.2775497437,47222,47232,10
13.0322303772,80.2774963379,47232,47293,61
13.0322303772,80.2774963379,47293,47303,10
13.0325498581,80.2774429321,47303,47313,10
13.0327701569,80.2774429321,47313,47394,81
13.0327701569,80.2774429321,47394,47404,10
13.0333499908,80.27734375,47404,47485,81
13.0333499908,80.27734375,47485,47495,10
13.0335197449,80.2772598267,47495,47505,10
13.0339603424,80.2773895264,47505,47515,10
13.0342998505,80.2774887085,47515,47525,10
13.0346002579,80.277557373,47525,47535,10
13.0353403091,80.2776870728,47535,47555,20
13.0353403091,80.2776870728,47555,47565,10
13.0356998444,80.2777709961,47565,47575,10
13.0362796783,80.2778701782,47575,47586,11
13.0370597839,80.2781906128,47586,47596,10
13.0378398895,80.2784194946,47596,47606,10
13.0388803482,80.2786865234,47606,47626,20
13.0388803482,80.2786865234,47626,47636,10
13.0391702652,80.278793335,47636,47646,10
13.0396900177,80.2789535522,47646,47656,10
13.0405397415,80.2791900635,47656,47666,10
13.041560173,80.2793807983,47666,47676,10
13.0425701141,80.2795181274,47676,47686,10
13.0430803299,80.2795715332,47686,47727,41
13.0430803299,80.2795715332,47727,47737,10
13.0431604385,80.2795562744,47737,47747,10
13.043589592,80.2796783447,47747,47757,10
13.0442695618,80.2798461914,47757,47767,10
13.0449895859,80.2799606323,47767,47777,10
13.0456399918,80.2800598145,47777,47787,10
13.0459699631,80.2800979614,47787,47818,31
13.0459699631,80.2800979614,47818,47828,10
13.0460395813,80.2801132202,47828,47838,10
13.0464801788,80.2801818848,47838,47848,10
13.0472202301,80.2802886963,47848,47858,10
13.048119545,80.2804107666,47858,47868,10
13.0491199493,80.2805633545,47868,47878,10
13.0495195389,80.2806015015,47878,47888,10
13.0497903824,80.2806472778,47888,47898,10
13.0504398346,80.28074646,47898,47908,10
13.0512199402,80.2808685303,47908,47919,11
13.0522603989,80.2810211182,47919,47929,10
13.0534000397,80.2811965942,47929,47939,10
13.054599762,80.2814025879,47939,47949,10
13.0556898117,80.2816314697,47949,47959,10
13.0564603806,80.2817764282,47959,47989,30
13.0564603806,80.2817764282,47989,47999,10
13.05671978,80.2818374634,47999,48009,10
13.0572299957,80.2819595337,48009,48020,11
13.0573301315,80.2819824219,48020,48030,10
13.0577802658,80.2820587158,48030,48040,10
13.0584802628,80.2822036743,48040,48050,10
13.0593996048,80.2823791504,48050,48060,10
13.0605401993,80.2826385498,48060,48070,10
13.0616903305,80.2828674316,48070,48080,10
13.0626296997,80.2830810547,48080,48090,10
13.0631103516,80.2831726074,48090,48100,10
13.0631198883,80.2831726074,48100,48110,10
13.0632600784,80.283203125,48110,48120,10
13.0635900497,80.2833023071,48120,48131,11
13.0643596649,80.2835083008,48131,48141,10
13.0651597977,80.2836837769,48141,48151,10
13.0661497116,80.2839126587,48151,48161,10
13.067199707,80.2841186523,48161,48171,10
13.0681200027,80.2842407227,48171,48181,10
13.0691299438,80.2844696045,48181,48191,10
13.0701599121,80.2847366333,48191,48201,10
13.0713100433,80.2850418091,48201,48211,10
13.072429657,80.2852630615,48211,48221,10
13.0733995438,80.2852401733,48221,48231,10
13.0740003586,80.2855606079,48231,48242,11
13.0740203857,80.2855987549,48242,48252,10
13.0740604401,80.2857131958,48252,48262,10
13.0743503571,80.2860488892,48262,48272,10
13.0749502182,80.2864379883,48272,48282,10
13.0756998062,80.2868881226,48282,48292,10
13.0767202377,80.2871780396,48292,48302,10
13.0778999329,80.2874679565,48302,48312,10
13.0790395737,80.2878189087,48312,48322,10
13.0799198151,80.2880477905,48322,48332,10
13.0806598663,80.2882232666,48332,48342,10
13.0807199478,80.2882537842,48342,48353,11
13.0810899734,80.2883987427,48353,48363,10
13.081700325,80.2885971069,48363,48373,10
13.0825099945,80.2889328003,48373,48383,10
13.0834999084,80.2891616821,48383,48393,10
13.0845603943,80.2891082764,48393,48403,10
13.0857095718,80.2892303467,48403,48413,10
13.0869598389,80.2895812988,48413,48423,10
13.0878896713,80.2899398804,48423,48433,10
13.088760376,80.2901229858,48433,48504,71
13.088760376,80.2901229858,48504,48514,10
13.0887203217,80.2904281616,48514,48524,10
13.0875797272,80.2899398804,48524,48534,10
13.0875797272,80.2899398804,48534,48544,10
13.0869102478,80.2897415161,48544,48554,10
13.0864601135,80.2896270752,48554,48564,10
13.0858802795,80.2894973755,48564,48575,11
13.0854501724,80.2889099121,48575,48585,10
13.085149765,80.2880783081,48585,48595,10
13.0851602554,80.2869873047,48595,48608,13
13.0852603912,80.2855682373,48608,48618,10
13.0853204727,80.2846603394,48618,48628,10
13.0852603912,80.2840270996,48628,48638,10
13.0854301453,80.2836074829,48638,48648,10
13.0857000351,80.2835006714,48648,48658,10
13.0860204697,80.2835235596,48658,48668,10
13.086350441,80.2836227417,48668,48679,11
13.0867795944,80.2838973999,48679,48689,10
13.0869598389,80.2839279175,48689,48699,10
13.0872898102,80.2839431763,48699,48709,10
13.0877199173,80.2839279175,48709,48739,30
13.0878601074,80.2840499878,48739,48840,101
13.0879297256,80.2840270996,48840,48981,141
13.0881204605,80.283782959,48981,49032,51
13.0881204605,80.283782959,49032,49042,10
13.0882797241,80.2834625244,49042,49052,10
13.0882797241,80.2833404541,49052,49062,10
13.0882396698,80.2831497192,49062,49072,10
13.0882196426,80.2827835083,49072,49082,10
13.0882101059,80.2823104858,49082,49092,10
13.0881299973,80.2818908691,49092,49102,10
13.0880098343,80.2815093994,49102,49113,11
13.088259697,80.2814407349,49113,49123,10
13.0883197784,80.2814483643,49123,49133,10
13.0884199142,80.2816696167,49133,49143,10
13.0883798599,80.282081604,49143,49153,10
13.0883197784,80.2824478149,49153,49163,10
13.0882902145,80.2826309204,49163,49173,10
13.0882797241,80.2828598022,49173,49183,10
13.0882902145,80.2831420898,49183,49193,10
13.0883102417,80.2835464478,49193,49203,10
13.0883398056,80.2839508057,49203,49213,10
13.0883703232,80.2844467163,49213,49224,11
13.0883903503,80.2849273682,49224,49294,70
13.0883903503,80.2849273682,49294,49304,10
13.0884504318,80.2852020264,49304,49314,10
13.088470459,80.2855834961,49314,49324,10
13.0884799957,80.2859573364,49324,49335,11
13.0884895325,80.2863616943,49335,49345,10
13.0884895325,80.2864990234,49345,49355,10
13.0885400772,80.2868804932,49355,49364,9
13.0885601044,80.2873916626,49364,49375,11
13.0885801315,80.2876663208,49375,49385,10
13.0886201859,80.2881011963,49385,49395,10
13.0886802673,80.2884674072,49395,49405,10
13.0886898041,80.2886505127,49405,49415,10
13.0887403488,80.2890777588,49415,49425,10
13.0887403488,80.2892990112,49425,49435,10
13.0888004303,80.2901000977,49435,49496,61
13.0888004303,80.2901000977,49496,49506,10
13.0888595581,80.2902374268,49506,49516,10
13.088760376,80.2904510498,49516,49526,10
13.0884799957,80.2903594971,49526,49536,10
13.088060379,80.2901382446,49536,49546,10
13.0873603821,80.2898101807,49546,49557,11
13.0863304138,80.2894515991,49557,49567,10
13.0851602554,80.2891616821,49567,49576,9
13.0841703415,80.2891921997,49576,49587,11
13.0831203461,80.2891769409,49587,49597,10
13.0822000504,80.288848877,49597,49607,10
13.0810604095,80.2884674072,49607,49617,10
13.080280304,80.2882614136,49617,49627,10
13.0802497864,80.2882537842,49627,49637,10
13.0801200867,80.2882385254,49637,49647,10
13.0795402527,80.2881469727,49647,49658,11
13.0786104202,80.2877883911,49658,49668,10
13.0775003433,80.2874679565,49668,49678,10
13.0763196945,80.287147522,49678,49688,10
13.0751895905,80.2866973877,49688,49698,10
13.0741901398,80.2861480713,49698,49708,10
13.0735397339,80.2860794067,49708,49718,10
13.0733098984,80.285987854,49718,49728,10
13.0728197098,80.2857208252,49728,49738,10
13.0719499588,80.2853622437,49738,49748,10
13.0708999634,80.2851028442,49748,49758,10
13.0699300766,80.2848434448,49758,49769,11
13.0687799454,80.2845687866,49769,49779,10
13.0678701401,80.284362793,49779,49789,10
13.0669898987,80.2842178345,49789,49799,10
13.0659399033,80.283996582,49799,49809,10
13.0649995804,80.283782959,49809,49819,10
13.0643596649,80.2836303711,49819,49829,10
13.0636196136,80.2834396362,49829,49839,10
13.06291008,80.2832794189,49839,49849,10
13.0624599457,80.2831573486,49849,49859,10
13.0623998642,80.2831268311,49859,49869,10
13.0618801117,80.2830200195,49869,49880,11
13.0612697601,80.2828674316,49880,49890,10
13.0608997345,80.2827911377,49890,49900,10
13.0601902008,80.2826385498,49900,49910,10
13.059220314,80.2824401855,49910,49920,10
13.0579996109,80.2822113037,49920,49930,10
13.0570001602,80.2819976807,49930,49940,10
13.0567302704,80.2819519043,49940,49950,10
13.05671978,80.2819519043,49950,49960,10
13.0564403534,80.2818984985,49960,49970,10
13.0557899475,80.2817611694,49970,49980,10
13.054980278,80.2816009521,49980,49991,11
13.0537099838,80.2813491821,49991,50001,10
13.0525102615,80.2811584473,50001,50011,10
13.0513601303,80.28099823,50011,50021,10
13.0503797531,80.2808074951,50021,50031,10
13.0492897034,80.2806625366,50031,50041,10
13.0482196808,80.2805099487,50041,50051,10
13.047249794,80.2803573608,50051,50061,10
13.0464696884,80.2802581787,50061,50071,10
13.0458402634,80.2801818848,50071,50081,10
13.045630455,80.2801513672,50081,50091,10
13.0453300476,80.2801208496,50091,50108,17
13.0440998077,80.2799606323,50108,50120,12
13.0437602997,80.2798995972,50120,50130,10
13.0436201096,80.2798919678,50130,50140,10
13.0432796478,80.2798233032,50140,50149,9
13.0426101685,80.2796630859,50149,50160,11
13.0415401459,80.2794876099,50160,50170,10
13.0404396057,80.2792816162,50170,50180,10
13.0391597748,80.2789230347,50180,50200,20
13.0391597748,80.2789230347,50200,50211,11
13.038860321,80.278793335,50211,50221,10
13.0382795334,80.2785873413,50221,50231,10
13.0375299454,80.2783508301,50231,50241,10
13.0368404388,80.2781600952,50241,50251,10
13.0361204147,80.277923584,50251,50261,10
13.0354003906,80.2777709961,50261,50271,10
13.0347795486,80.277671814,50271,50281,10
13.0342702866,80.2775421143,50281,50291,10
13.0339698792,80.2774581909,50291,50301,10
13.0336904526,80.2773971558,50301,50312,11
13.0331201553,80.2774887085,50312,50322,10
13.0326499939,80.2775192261,50322,50332,10
13.0320301056,80.2775726318,50332,50342,10
13.03125,80.2774887085,50342,50352,10
13.0309801102,80.2773284912,50352,50362,10
13.0308599472,80.2772674561,50362,50372,10
13.0307798386,80.2772369385,50372,50382,10
13.0303297043,80.2769927979,50382,50392,10
13.0297498703,80.276802063,50392,50402,10
13.0290603638,80.2766036987,50402,50412,10
13.0283603668,80.2763519287,50412,50422,10
13.0276498795,80.2760391235,50422,50433,11
13.0268297195,80.2756271362,50433,50443,10
13.0258903503,80.2752227783,50443,50463,20
13.0258903503,80.2752227783,50463,50473,10
13.0257701874,80.2751617432,50473,50483,10
13.0252504349,80.2749404907,50483,50493,10
13.0243997574,80.2744369507,50493,50554,61
13.0243997574,80.2744369507,50554,50564,10
13.0240402222,80.2740097046,50564,50574,10
13.0236902237,80.2735214233,50574,50582,8
13.0233697891,80.2730484009,50582,50594,12
13.0227203369,80.2721786499,50594,50604,10
13.0221204758,80.2714004517,50604,50614,10
13.0215196609,80.2706298828,50614,50624,10
13.0210800171,80.2701187134,50624,50634,10
13.0210504532,80.270072937,50634,50645,11
13.0208501816,80.269821167,50645,50655,10
13.0204000473,80.2692184448,50655,50665,10
13.019780159,80.2685089111,50665,50675,10
13.0190601349,80.2676620483,50675,50684,9
13.0186595917,80.2667922974,50684,50695,11
13.0186004639,80.2659835815,50695,50705,10
13.0187501907,80.265296936,50705,50715,10
13.0189695358,80.2645111084,50715,50725,10
13.0189800262,80.263710022,50725,50735,10
13.0189304352,80.2633209229,50735,50745,10
13.0188903809,80.2630081177,50745,50756,11
13.0188703537,80.262840271,50756,50766,10
13.0187997818,80.2622375488,50766,50776,10
13.0187196732,80.2615966797,50776,50786,10
13.018289566,80.2610778809,50786,50796,10
13.0178804398,80.2607879639,50796,50806,10
13.017370224,80.2604522705,50806,50816,10
13.016699791,80.2600326538,50816,50826,10
13.0162601471,80.2597808838,50826,50836,10
13.0160703659,80.2596969604,50836,50846,10
13.0154895782,80.2594833374,50846,50856,10
13.0146903992,80.2593307495,50856,50867,11
13.0137395859,80.2592926025,50867,50877,10
13.0127801895,80.259262085,50877,50887,10
13.011759758,80.2592315674,50887,50897,10
13.0107603073,80.2592163086,50897,50907,10
13.0098304749,80.2592086792,50907,50917,10
13.0091199875,80.2592086792,50917,50927,10
13.0087404251,80.2592010498,50927,50937,10
13.0083398819,80.2592086792,50937,50947,10
13.0078001022,80.2593383789,50947,50957,10
13.0073099136,80.258972168,50957,50968,11
13.0071401596,80.2585678101,50968,50978,10
13.0070800781,80.2584762573,50978,50988,10
13.0066900253,80.2577667236,50988,51008,20
13.0066900253,80.2577667236,51008,51018,10
13.0066404343,80.2576370239,51018,51028,10
13.0061597824,80.2574462891,51028,51038,10
13.0054702759,80.2573394775,51038,51048,10
13.0048904419,80.2571792603,51048,51058,10
13.0039596558,80.2570266724,51058,51079,21
13.0039596558,80.2570266724,51079,51089,10
13.0036401749,80.256980896,51089,51099,10
13.0033998489,80.2568969727,51099,51109,10
13.0031204224,80.2568130493,51109,51119,10
13.0026702881,80.2567367554,51119,51169,50
13.0026702881,80.2567367554,51169,51186,17
13.0024299622,80.256690979,51186,51198,12
13.0019302368,80.2566375732,51198,51208,10
13.0013799667,80.2565765381,51208,51218,10
13.0008296967,80.256477356,51218,51228,10
13.0003595352,80.2564163208,51228,51238,10
13.0001401901,80.2563705444,51238,51248,10
12.9998397827,80.2563095093,51248,51258,10
12.9994297028,80.2562179565,51258,51267,9
12.9986200333,80.256111145,51267,51288,21
12.9986200333,80.256111145,51288,51299,11
12.9983797073,80.2561035156,51299,51309,10
12.9978303909,80.2559661865,51309,51319,10
12.9973497391,80.2559661865,51319,51329,10
12.997209549,80.2559661865,51329,51339,10
12.9970598221,80.2559814453,51339,51349,10
12.9967403412,80.2559432983,51349,51359,10
12.9961795807,80.2559280396,51359,51369,10
12.9955301285,80.2559280396,51369,51379,10
12.99477005,80.2559509277,51379,51389,10
12.9940099716,80.2559967041,51389,51399,10
12.9930496216,80.2560195923,51399,51409,10
12.9919500351,80.2560882568,51409,51420,11
12.9908504486,80.2560424805,51420,51430,10
12.9901304245,80.2560119629,51430,51440,10
12.9892597198,80.2559432983,51440,51450,10
12.9886598587,80.2559509277,51450,51480,30
12.9886598587,80.2559509277,51480,51490,10
12.988409996,80.2558670044,51490,51500,10
12.9881496429,80.2558288574,51500,51510,10
12.9878997803,80.255821228,51510,51521,11
12.9876203537,80.2561035156,51521,51531,10
12.9875602722,80.2568206787,51531,51541,10
12.9874801636,80.2576065063,51541,51551,10
12.9874095917,80.2583389282,51551,51581,30
12.9874095917,80.2583389282,51581,51591,10
12.9872598648,80.2585525513,51591,51601,10
12.9871196747,80.2585372925,51601,51611,10
12.9868803024,80.2585830688,51611,51923,312
12.9867696762,80.2588577271,51923,52065,142
12.9868402481,80.2589416504,52065,54629,2564
12.986700058,80.2590026855,54629,54821,192
12.986989975,80.259147644,54821,54851,30
12.986989975,80.259147644,54851,54861,10
12.9872703552,80.2590179443,54861,54871,10
12.9873104095,80.2586288452,54871,54881,10
12.9873600006,80.2580871582,54881,54891,10
12.9874401093,80.2577667236,54891,54901,10
12.9874897003,80.2572631836,54901,54911,10
12.9875602722,80.2568893433,54911,54922,11
12.9875802994,80.2567977905,54922,54932,10
12.9876203537,80.2564086914,54932,54942,10
12.9876403809,80.2559661865,54942,54952,10
12.9881801605,80.2557678223,54952,54972,20
12.9881801605,80.2557678223,54972,54982,10
12.9882802963,80.255821228,54982,54992,10
12.9885997772,80.2558364868,54992,55008,16
12.9888601303,80.255859375,55008,55020,12
12.9893703461,80.2558670044,55020,55028,8
12.9898395538,80.2559204102,55028,55040,12
12.9904499054,80.2559585571,55040,55051,11
12.9908504486,80.2559814453,55051,55062,11
12.9916000366,80.2560272217,55062,55073,11
12.9926099777,80.2559967041,55073,55083,10
12.993470192,80.2559890747,55083,55093,10
12.994099617,80.2559509277,55093,55103,10
12.9947900772,80.255859375,55103,55113,10
12.9954395294,80.255821228,55113,55122,9
12.9961500168,80.2558364868,55122,55154,32
12.9961500168,80.2558364868,55154,55164,10
12.9963998795,80.2558898926,55164,55174,10
12.9967403412,80.2558288574,55174,55184,10
12.9970703125,80.255859375,55184,55194,10
12.9976196289,80.2558670044,55194,55224,30
12.9976196289,80.2558670044,55224,55234,10
12.9979400635,80.2558898926,55234,55244,10
12.9980602264,80.255897522,55244,55255,11
12.9982795715,80.2559204102,55255,55265,10
12.9990196228,80.2560424805,55265,55315,50
12.9990196228,80.2560424805,55315,55325,10
12.9991703033,80.256111145,55325,55335,10
12.9996004105,80.2561798096,55335,55345,10
13.0001497269,80.2562637329,55345,55356,11
13.0009803772,80.2564315796,55356,55366,10
13.001540184,80.2565002441,55366,55376,10
13.0020999908,80.2565383911,55376,55386,10
13.0027799606,80.2566833496,55386,55396,10
13.0034198761,80.2567977905,55396,55406,10
13.0040302277,80.2568969727,55406,55416,10
13.0043497086,80.2570495605,55416,55426,10
13.0047702789,80.2570877075,55426,55436,10
13.0054702759,80.2571716309,55436,55446,10
13.0060796738,80.2573013306,55446,55462,16
13.0068597794,80.2580032349,55462,55475,13
13.0075798035,80.2586288452,55475,55485,10
13.0082902908,80.2588577271,55485,55505,20
13.0082902908,80.2588577271,55505,55515,10
13.0086803436,80.2590026855,55515,55525,10
13.0090904236,80.2590332031,55525,55534,9
13.0098400116,80.2590408325,55534,55545,11
13.0110998154,80.2590408325,55545,55555,10
13.012339592,80.2590866089,55555,55565,10
13.0136995316,80.2591323853,55565,55576,11
13.0151395798,80.2592010498,55576,55586,10
13.0162000656,80.2595062256,55586,55606,20
13.0162000656,80.2595062256,55606,55616,10
13.0164403915,80.259727478,55616,55626,10
13.0168304443,80.260093689,55626,55636,10
13.0174598694,80.2604827881,55636,55646,10
13.0179901123,80.2608184814,55646,55656,10
13.0181102753,80.2609405518,55656,55666,10
13.0184402466,80.2611618042,55666,55676,10
13.0190496445,80.2616271973,55676,55687,11
13.0195503235,80.262008667,55687,55697,10
13.02023983,80.2626495361,55697,55707,10
13.0200796127,80.2629699707,55707,55717,10
13.0193996429,80.2629470825,55717,55727,10
13.018989563,80.2630996704,55727,55737,10
13.0190696716,80.2637329102,55737,55747,10
13.019109726,80.2639694214,55747,55757,10
13.0191202164,80.2640991211,55757,55767,10
13.0190401077,80.2645874023,55767,55777,10
13.0188398361,80.2652435303,55777,55787,10
13.0187196732,80.2656707764,55787,55798,11
13.0186901093,80.2666015625,55798,55809,11
13.019109726,80.267578125,55809,55819,10
13.019780159,80.2684402466,55819,55829,10
13.0204601288,80.2692565918,55829,55839,10
13.0209999084,80.2699203491,55839,55849,10
13.0214796066,80.2704391479,55849,55859,10
13.0214796066,80.2704315186,55859,55869,10
13.0215501785,80.2705078125,55869,55879,10
13.0220403671,80.2711715698,55879,55889,10
13.0226097107,80.2719192505,55889,55900,11
13.0233402252,80.2729415894,55900,55910,10
13.0238895416,80.2737121582,55910,55950,40
13.0238895416,80.2737121582,55950,55960,10
13.0239295959,80.2737426758,55960,55970,10
13.0242004395,80.2741088867,55970,55980,10
13.0246896744,80.2745819092,55980,55990,10
13.0252304077,80.2747802734,55990,56000,10
13.0253696442,80.2748718262,56000,56010,10
13.0255498886,80.2749786377,56010,56021,11
13.0256795883,80.2750473022,56021,56031,10
13.0260696411,80.2752075195,56031,56041,10
13.026599884,80.2754516602,56041,56051,10
13.0271100998,80.2757034302,56051,56061,10
13.0276298523,80.2759170532,56061,56070,9
13.0283498764,80.2761688232,56070,56081,11
13.0289297104,80.2763900757,56081,56091,10
13.0296802521,80.2765731812,56091,56101,10
13.030090332,80.276802063,56101,56111,10
13.0306196213,80.2770385742,56111,56122,11
13.0311403275,80.2773971558,56122,56132,10
13.031920433,80.2774887085,56132,56142,10
13.0325803757,80.2774581909,56142,56152,10
13.03262043,80.2774734497,56152,56162,10
13.0328798294,80.2774429321,56162,56202,40
13.0328798294,80.2774429321,56202,56212,10
13.0331602097,80.2774429321,56212,56222,10
13.0335502625,80.2774124146,56222,56233,11
13.0338802338,80.2773971558,56233,56249,16
13.0344800949,80.2774810791,56249,56261,12
13.0350904465,80.2775726318,56261,56270,9
13.0354995728,80.2776565552,56270,56282,12
13.0363998413,80.2778701782,56282,56292,10
13.0372200012,80.2782211304,56292,56302,10
13.0379104614,80.2784118652,56302,56312,10
13.0388803482,80.278678894,56312,56332,20
13.0388803482,80.278678894,56332,56343,11
13.0391101837,80.2788314819,56343,56353,10
13.0395698547,80.2789535522,56353,56363,10
13.0403003693,80.2791519165,56363,56373,10
13.0412197113,80.2793579102,56373,56383,10
13.042140007,80.2795028687,56383,56393,10
13.0429201126,80.2795791626,56393,56403,10
13.0431404114,80.2795715332,56403,56421,18
13.0441102982,80.2798614502,56421,56433,12
13.0451602936,80.2800216675,56433,56441,8
13.04570961,80.2800979614,56441,56454,13
13.0457201004,80.2801132202,56454,56464,10
13.0459098816,80.2801437378,56464,56474,10
13.0465297699,80.2802200317,56474,56484,10
13.0473804474,80.2803421021,56484,56494,10
13.0483198166,80.2804870605,56494,56504,10
13.0492601395,80.2806167603,56504,56514,10
13.0504102707,80.2807998657,56514,56524,10
13.0514802933,80.2809524536,56524,56534,10
13.0525903702,80.2811203003,56534,56544,10
13.0536603928,80.2813034058,56544,56554,10
13.0547704697,80.2814865112,56554,56565,11
13.0564699173,80.2818374634,56565,56585,20
13.0564699173,80.2818374634,56585,56595,10
13.0568399429,80.2819213867,56595,56605,10
13.0575199127,80.2820587158,56605,56615,10
13.0584001541,80.2822418213,56615,56625,10
13.0594396591,80.2824630737,56625,56635,10
13.0604400635,80.2826385498,56635,56645,10
13.0614995956,80.2828826904,56645,56655,10
13.0623903275,80.2830734253,56655,56665,10
13.063079834,80.2832107544,56665,56686,21
13.063079834,80.2832107544,56686,56696,10
13.0631504059,80.2832565308,56696,56706,10
13.0635995865,80.2833404541,56706,56716,10
13.0643997192,80.283531189,56716,56726,10
13.0653896332,80.2837600708,56726,56736,10
13.0665197372,80.2839889526,56736,56746,10
13.0673904419,80.2841186523,56746,56756,10
13.0677995682,80.2842102051,56756,56766,10
13.0682897568,80.2843399048,56766,56777,11
13.0690803528,80.2845306396,56777,56787,10
13.0699996948,80.2847518921,56787,56797,10
13.0709600449,80.2849807739,56797,56807,10
13.0718803406,80.2852020264,56807,56817,10
13.0728197098,80.2852325439,56817,56827,10
13.0734500885,80.2852096558,56827,56837,10
13.0734596252,80.2852172852,56837,56847,10
13.0737895966,80.2854385376,56847,56857,10
13.0742502213,80.2860031128,56857,56867,10
13.0749797821,80.2864990234,56867,56877,10
13.075969696,80.2869873047,56877,56887,10
13.0771903992,80.287322998,56887,56898,11
13.0785503387,80.2876663208,56898,56908,10
13.0795898438,80.2880477905,56908,56918,10
13.0805501938,80.2882385254,56918,56928,10
13.0808401108,80.2883224487,56928,56937,9
13.0809001923,80.2883377075,56937,56947,10
13.0813798904,80.2884979248,56947,56958,11
13.0822601318,80.2888336182,56958,56968,10
13.0832901001,80.2891693115,56968,56978,10
13.0843296051,80.2891464233,56978,56988,10
13.0854196548,80.2891769409,56988,56999,11
13.0866603851,80.2894973755,56999,57009,10
13.0876398087,80.2898635864,57009,57019,10
13.0882301331,80.2900924683,57019,57029,10
13.0887298584,80.2901611328,57029,57049,20
13.0887298584,80.2901611328,57049,57059,10
13.088640213,80.2904586792,57059,57069,10
13.0882701874,80.2902832031,57069,57079,10
13.0876598358,80.2900314331,57079,57089,10
13.0868196487,80.2897415161,57089,57100,11
13.0858697891,80.2894973755,57100,57110,10
13.0854196548,80.2889328003,57110,57120,10
13.0851202011,80.2881088257,57120,57130,10
13.0850896835,80.2876815796,57130,57140,10
13.0851402283,80.2869567871,57140,57150,10
13.0852203369,80.2860183716,57150,57160,10
13.0853204727,80.2849502563,57160,57170,10
13.0852403641,80.2842025757,57170,57180,10
13.0853996277,80.2838134766,57180,57190,10
13.0855102539,80.2835464478,57190,57200,10
13.0858097076,80.2835693359,57200,57211,11
13.0861196518,80.2835769653,57211,57221,10
13.0864400864,80.2837905884,57221,57231,10
13.0867204666,80.2839202881,57231,57241,10
13.0870599747,80.283996582,57241,57251,10
13.0873203278,80.2839736938,57251,57311,60
13.0873203278,80.2839736938,57311,57322,11
13.0878801346,80.2840194702,57322,57533,211
13.0881004333,80.2837371826,57533,57604,71
13.0881004333,80.2837371826,57604,57614,10
13.0882902145,80.2834320068,57614,57624,10
13.0882902145,80.2833175659,57624,57655,31
13.0882902145,80.2833175659,57655,57665,10
13.0882997513,80.2829818726,57665,57675,10
13.0882797241,80.2825164795,57675,57705,30
13.0882797241,80.2825164795,57705,57715,10
13.0882196426,80.282119751,57715,57725,10
13.088060379,80.2815093994,57725,57766,41
13.088060379,80.2815093994,57766,57776,10
13.0883302689,80.281463623,57776,57806,30
13.0883302689,80.281463623,57806,57816,10
13.0885896683,80.2817306519,57816,57846,30
13.0885896683,80.2817306519,57846,57856,10
13.0885000229,80.2822418213,57856,57887,31
13.0885000229,80.2822418213,57887,57897,10
13.0884103775,80.2826538086,57897,57937,40
13.0883398056,80.2830429077,57937,57968,31
13.0883197784,80.2834472656,57968,57998,30
13.0883197784,80.2834472656,57998,58008,10
13.0883598328,80.283782959,58008,58018,10
13.0883598328,80.2839736938,58018,58028,10
13.0883903503,80.2843322754,58028,58038,10
13.0884199142,80.2846908569,58038,58048,10
13.0884504318,80.2851715088,58048,58149,101
13.0884504318,80.2851715088,58149,58159,10
13.0884599686,80.2856216431,58159,58169,10
13.0884895325,80.2858428955,58169,58179,10
13.08852005,80.2862701416,58179,58190,11
13.0885400772,80.2865829468,58190,58200,10
13.0885601044,80.2869873047,58200,58210,10
13.0885896683,80.2874832153,58210,58220,10
13.0886001587,80.2876968384,58220,58230,10
13.0886697769,80.2882537842,58230,58240,10
13.0887203217,80.2886199951,58240,58249,9
13.0887403488,80.2888031006,58249,58259,10
13.0888299942,80.2894363403,58259,58280,21
13.0888299942,80.2894363403,58280,58290,10
13.0888299942,80.2897567749,58290,58301,11
13.0888595581,80.2900466919,58301,58311,10
13.0888595581,80.2901229858,58311,58321,10
13.0888004303,80.2904205322,58321,58331,10
13.0886497498,80.2905273438,58331,58341,10
13.0883302689,80.2903213501,58341,58351,10
13.0878095627,80.2900466919,58351,58361,10
13.0871696472,80.2897491455,58361,58371,10
13.0863304138,80.2894592285,58371,58381,10
13.0855197906,80.2892837524,58381,58391,10
13.0848197937,80.2891769409,58391,58402,11
13.0838699341,80.2892074585,58402,58412,10
13.0830802917,80.2892303467,58412,58422,10
13.0821199417,80.2888565063,58422,58432,10
13.0810203552,80.288482666,58432,58442,10
13.0804100037,80.2883071899,58442,58452,10
13.0801200867,80.2882003784,58452,58462,10
13.079580307,80.2881088257,58462,58471,9
13.0788402557,80.2878494263,58471,58482,11
13.0778598785,80.2875289917,58482,58492,10
13.0769395828,80.2873001099,58492,58502,10
13.0759000778,80.2870101929,58502,58512,10
13.0749197006,80.2865219116,58512,58523,11
13.0740003586,80.2861022949,58523,58533,10
13.0732002258,80.2858963013,58533,58543,10
13.0724601746,80.2854614258,58543,58553,10
13.0714302063,80.2851409912,58553,58563,10
13.0702896118,80.2848587036,58563,58573,10
13.0691404343,80.2845916748,58573,58583,10
13.0679998398,80.2843475342,58583,58613,30
13.0679998398,80.2843475342,58613,58624,11
13.0677204132,80.2843093872,58624,58634,10
13.0669698715,80.2841796875,58634,58644,10
13.0658998489,80.2839431763,58644,58654,10
13.0648202896,80.2836990356,58654,58664,10
13.0642204285,80.2835464478,58664,58684,20
13.0642204285,80.2835464478,58684,58694,10
13.064160347,80.2835235596,58694,58704,10
13.063750267,80.2834091187,58704,58714,10
13.0630397797,80.2832336426,58714,58724,10
13.0624799728,80.2830963135,58724,58735,11
13.0624599457,80.2830963135,58735,58745,10
13.0621700287,80.2830429077,58745,58755,10
13.0614995956,80.2828903198,58755,58765,10
13.0605602264,80.282661438,58765,58775,10
13.0593395233,80.2824401855,58775,58785,10
13.0580797195,80.2821807861,58785,58795,10
13.0573797226,80.2820281982,58795,58805,10
13.0566301346,80.2818908691,58805,58825,20
13.0566301346,80.2818908691,58825,58835,10
13.0562400818,80.2817993164,58835,58846,11
13.055439949,80.2816314697,58846,58856,10
13.0545301437,80.2814483643,58856,58865,9
13.0536003113,80.2812728882,58865,58876,11
13.0523395538,80.2810668945,58876,58885,9
13.051320076,80.2809371948,58885,58896,11
13.0510196686,80.2808914185,58896,58905,9
13.0509796143,80.2808914185,58905,58915,10
13.0505104065,80.2808380127,58915,58926,11
13.0496101379,80.280708313,58926,58936,10
13.0486803055,80.2805633545,58936,58946,10
13.0474700928,80.2803878784,58946,58957,11
13.0461196899,80.2801971436,58957,58967,10
13.0449495316,80.2800521851,58967,58977,10
13.0436697006,80.2798614502,58977,58987,10
13.0423803329,80.279586792,58987,58997,10
13.0410604477,80.2793731689,58997,59007,10
13.0399799347,80.2790985107,59007,59017,10
13.0394001007,80.2789535522,59017,59027,10
13.0389995575,80.2788391113,59027,59043,16
13.0388803482,80.2788009644,59043,59055,12
13.0385198593,80.2786483765,59055,59066,11
13.0374803543,80.2783432007,59066,59086,20
13.0374803543,80.2783432007,59086,59096,10
13.0372800827,80.2782897949,59096,59106,10
13.0370502472,80.2782211304,59106,59116,10
13.036860466,80.2781524658,59116,59126,10
13.0367002487,80.2780609131,59126,59135,9
13.0366802216,80.2780532837,59135,59145,10
13.0365495682,80.2780075073,59145,59156,11
13.0362100601,80.2779006958,59156,59166,10
13.0358104706,80.2778015137,59166,59177,11
13.0354404449,80.2777404785,59177,59187,10
13.0350999832,80.277671814,59187,59197,10
13.0346403122,80.2776184082,59197,59207,10
13.034040451,80.2774581909,59207,59227,20
13.034040451,80.2774581909,59227,59237,10
13.0335597992,80.27734375,59237,59267,30
13.0335597992,80.27734375,59267,59278,11
13.0335102081,80.2773513794,59278,59288,10
13.0334796906,80.2770614624,59288,59298,10
13.0335197449,80.2768325806,59298,59308,10
13.0336198807,80.2763900757,59308,59358,50
13.0336198807,80.2763900757,59358,59368,10
13.0339803696,80.2762832642,59368,59419,51
13.0340995789,80.2759094238,59419,59773,354
13.0339899063,80.2762832642,59773,60116,343
13.033659935,80.2762527466,60116,60197,81
13.033659935,80.2762527466,60197,60207,10
13.0335597992,80.2766571045,60207,60217,10
13.0335197449,80.2772064209,60217,60278,61
13.0334196091,80.2774200439,60278,60308,30
13.0334196091,80.2774200439,60308,60318,10
13.0330696106,80.2775268555,60318,60348,30
13.0330696106,80.2775268555,60348,60358,10
13.0324296951,80.2774963379,60358,60379,21
13.0324296951,80.2774963379,60379,60389,10
13.0322198868,80.2775192261,60389,60399,10
13.0319404602,80.2775497437,60399,60409,10
13.0317602158,80.2775726318,60409,60419,10
13.0316896439,80.277557373,60419,60429,10
13.0312900543,80.2775115967,60429,60449,20
13.0312900543,80.2775115967,60449,60459,10
13.0310897827,80.2774200439,60459,60469,10
13.0308799744,80.2772979736,60469,60480,11
13.0305595398,80.2771072388,60480,60490,10
13.0301504135,80.2769088745,60490,60499,9
13.0298099518,80.2767562866,60499,60510,11
13.0294103622,80.2766494751,60510,60520,10
13.0289297104,80.2764968872,60520,60530,10
13.0284996033,80.2763519287,60530,60540,10
13.0280199051,80.2761535645,60540,60550,10
13.027589798,80.2759475708,60550,60560,10
13.027130127,80.2757568359,60560,60570,10
13.026720047,80.2755813599,60570,60580,10
13.0261898041,80.2753219604,60580,60591,11
13.0255298615,80.2750320435,60591,60601,10
13.0248804092,80.2747421265,60601,60611,10
13.0242795944,80.2742767334,60611,60621,10
13.0238103867,80.2736587524,60621,60631,10
13.0234203339,80.273147583,60631,60641,10
13.0229701996,80.2725219727,60641,60650,9
13.022480011,80.2718734741,60650,60661,11
13.021900177,80.2711181641,60661,60671,10
13.0214500427,80.2705612183,60671,60681,10
13.0210695267,80.2700805664,60681,60691,10
13.0207796097,80.2697296143,60691,60703,12
13.0203304291,80.2691726685,60703,60713,10
13.019949913,80.2686767578,60713,60723,10
13.0194702148,80.2681121826,60723,60733,10
13.0189599991,80.2675170898,60733,60743,10
13.0186595917,80.2667999268,60743,60753,10
13.0186004639,80.2660598755,60753,60763,10
13.0187397003,80.2654037476,60763,60773,10
13.0189695358,80.2646102905,60773,60783,10
13.0190200806,80.2639389038,60783,60793,10
13.0189800262,80.2635421753,60793,60803,10
13.0189304352,80.2631378174,60803,60814,11
13.0188398361,80.2623291016,60814,60824,10
13.0187501907,80.26171875,60824,60834,10
13.0185604095,80.2613220215,60834,60844,10
13.0181303024,80.2610092163,60844,60854,10
13.0175695419,80.2606201172,60854,60864,10
13.0169200897,80.2601699829,60864,60874,10
13.0163202286,80.2597808838,60874,60884,10
13.015540123,80.2594070435,60884,60894,10
13.014550209,80.2592697144,60894,60904,10
13.0133895874,80.2592315674,60904,60914,10
13.012260437,80.2592010498,60914,60925,11
13.0112600327,80.2591629028,60925,60935,10
13.0104503632,80.2592163086,60935,60945,10
13.0096998215,80.2592010498,60945,60955,10
13.0090703964,80.2591781616,60955,60965,10
13.0087003708,80.2592086792,60965,60975,10
13.0082597733,80.2592086792,60975,60985,10
13.0076599121,80.2593688965,60985,60995,10
13.0072803497,80.2590026855,60995,61005,10
13.0069198608,80.2582778931,61005,61015,10
13.0067796707,80.2580337524,61015,61026,11
13.0066204071,80.2577896118,61026,61036,10
13.0062503815,80.2575683594,61036,61046,10
13.0055103302,80.2573928833,61046,61056,10
13.004650116,80.2571792603,61056,61066,10
13.0038499832,80.2570037842,61066,61076,10
13.0031995773,80.2568588257,61076,61086,10
13.0026397705,80.2567596436,61086,61147,61
13.0026397705,80.2567596436,61147,61157,10
13.0023202896,80.2566986084,61157,61167,10
13.0019197464,80.2566375732,61167,61177,10
13.0013103485,80.2565536499,61177,61187,10
13.000579834,80.256439209,61187,61197,10
12.9998397827,80.2563171387,61197,61207,10
12.9992799759,80.2562179565,61207,61217,10
12.9989299774,80.2561416626,61217,61227,10
12.9984798431,80.256072998,61227,61237,10
12.9981203079,80.2560119629,61237,61248,11
12.9978704453,80.2559814453,61248,61278,30
12.9978704453,80.2559814453,61278,61288,10
12.9975099564,80.2559280396,61288,61298,10
12.9973297119,80.2559204102,61298,61307,9
12.9971199036,80.2558898926,61307,61317,10
12.9968299866,80.255859375,61317,61328,11
12.9964799881,80.2558670044,61328,61338,10
12.9961099625,80.2558670044,61338,61348,10
12.9957199097,80.2558670044,61348,61359,11
12.9952898026,80.2558822632,61359,61369,10
12.9948301315,80.2558898926,61369,61379,10
12.9942703247,80.2559585571,61379,61389,10
12.9935503006,80.2560195923,61389,61399,10
12.9926996231,80.2560806274,61399,61409,10
12.9919996262,80.256072998,61409,61419,10
12.9915704727,80.2560424805,61419,61429,10
12.9911298752,80.2560119629,61429,61439,10
12.9907302856,80.2560119629,61439,61449,10
12.9904403687,80.2560119629,61449,61460,11
12.9900903702,80.2559967041,61460,61470,10
12.9896202087,80.2559890747,61470,61480,10
12.9890098572,80.2559509277,61480,61490,10
12.9885997772,80.2559127808,61490,61550,60
12.988240242,80.2558822632,61550,61682,132
12.988240242,80.2558822632,61682,61692,10
12.9878902435,80.2558288574,61692,61702,10
12.9875001907,80.2557678223,61702,61712,10
12.9870796204,80.2556762695,61712,61722,10
12.9865999222,80.2555770874,61722,61732,10
12.9862604141,80.2555236816,61732,61742,10
12.9860696793,80.2554779053,61742,61752,10
12.9859600067,80.2554779053,61752,61762,10
12.9857902527,80.2554321289,61762,61772,10
12.9850597382,80.2552719116,61772,61813,41
12.9850597382,80.2552719116,61813,61823,10
12.9846897125,80.2551498413,61823,61833,10
12.9843196869,80.2550506592,61833,61843,10
12.9838399887,80.2549285889,61843,61853,10
12.9833297729,80.2547988892,61853,61863,10
12.9828195572,80.2546386719,61863,61873,10
12.9822397232,80.2543869019,61873,61883,10
12.9819097519,80.2537765503,61883,61894,11
12.9816398621,80.2528991699,61894,61903,9
12.9809703827,80.2527770996,61903,61913,10
12.9801101685,80.2527770996,61913,61924,11
12.9791297913,80.2526702881,61924,61934,10
12.9783401489,80.2524414063,61934,61954,20
12.9783401489,80.2524414063,61954,61964,10
12.9780902863,80.252243042,61964,61974,10
12.977640152,80.2518234253,61974,61984,10
12.9769096375,80.2513809204,61984,61994,10
12.9758501053,80.251083374,61994,62005,11
12.97453022,80.2507019043,62005,62015,10
12.9733104706,80.2503814697,62015,62025,10
12.972029686,80.250038147,62025,62035,10
12.9708003998,80.2496871948,62035,62045,10
12.9695997238,80.2492904663,62045,62055,10
12.9683904648,80.2487792969,62055,62065,10
12.9672403336,80.2482681274,62065,62075,10
12.9663200378,80.2478408813,62075,62085,10
12.9652395248,80.2473526001,62085,62095,10
12.9641199112,80.246963501,62095,62106,11
12.9629898071,80.2464904785,62106,62116,10
12.9618501663,80.2459335327,62116,62126,10
12.9607801437,80.2454071045,62126,62136,10
12.9599599838,80.2450408936,62136,62146,10
12.9593000412,80.2447280884,62146,62156,10
12.9587802887,80.2444915771,62156,62166,10
12.9580802917,80.2442169189,62166,62176,10
12.9575004578,80.2440032959,62176,62186,10
12.9566602707,80.2437973022,62186,62216,30
12.9566602707,80.2437973022,62216,62227,11
12.9564599991,80.2437286377,62227,62257,30
12.9564599991,80.2437286377,62257,62267,10
12.9563398361,80.2437362671,62267,62277,10
12.9560203552,80.2435531616,62277,62287,10
12.9555597305,80.2432785034,62287,62297,10
12.9546298981,80.2428436279,62297,62307,10
12.9537496567,80.242477417,62307,62317,10
12.9527797699,80.2420730591,62317,62328,11
12.9523296356,80.241897583,62328,62338,10
12.952249527,80.241859436,62338,62348,10
12.951789856,80.2416763306,62348,62358,10
12.9510202408,80.2414321899,62358,62368,10
12.9500703812,80.2411575317,62368,62378,10
12.949259758,80.2409210205,62378,62408,30
12.949259758,80.2409210205,62408,62418,10
12.9490003586,80.2407989502,62418,62428,10
12.9484195709,80.240562439,62428,62438,10
12.9476604462,80.2402420044,62438,62449,11
12.9470396042,80.2399520874,62449,62459,10
12.9463396072,80.2396621704,62459,62469,10
12.9454698563,80.2392730713,62469,62479,10
12.9446802139,80.238571167,62479,62495,16
12.9435100555,80.2373428345,62495,62507,12
12.9425497055,80.2365875244,62507,62515,8
12.9416704178,80.2362976074,62515,62527,12
12.9403896332,80.2359695435,62527,62537,10
12.9397001266,80.2357177734,62537,62547,10
12.9388799667,80.2353515625,62547,62557,10
12.9378404617,80.23487854,62557,62569,12
12.9366598129,80.2343215942,62569,62579,10
12.935959816,80.2339782715,62579,62589,10
12.935839653,80.2339401245,62589,62599,10
12.9357204437,80.2339401245,62599,62609,10
12.9355201721,80.2343978882,62609,62619,10
12.9352502823,80.2351226807,62619,62629,10
12.9351301193,80.2354202271,62629,62639,10
12.934920311,80.2353897095,62639,62649,10
12.9345703125,80.2352294922,62649,62660,11
12.9340295792,80.2350234985,62660,62670,10
12.9338598251,80.2350997925,62670,62680,10
12.9338102341,80.2352828979,62680,62690,10
12.9336500168,80.2358093262,62690,62700,10
12.9334497452,80.2362136841,62700,62710,10
12.9331197739,80.2361526489,62710,62720,10
12.9331102371,80.2361373901,62720,62730,10
12.9330196381,80.2361526489,62730,62740,10
12.932970047,80.2364120483,62740,62750,10
12.9328603745,80.2368774414,62750,62760,10
12.9327001572,80.2372894287,62760,62771,11
12.9325199127,80.2377166748,62771,62781,10
12.9323196411,80.2382583618,62781,62791,10
12.9321804047,80.238571167,62791,62801,10
12.9318799973,80.2387695313,62801,62811,10
12.931189537,80.2385482788,62811,62851,40
12.931189537,80.2385482788,62851,62867,16
12.9309501648,80.2384414673,62867,62880,13
12.930100441,80.2381362915,62880,62890,10
12.9295797348,80.2380523682,62890,62900,10
12.9295196533,80.2382736206,62900,62910,10
12.9293804169,80.2387619019,62910,62920,10
12.9292602539,80.2390289307,62920,62930,10
12.9283704758,80.238861084,62930,62950,20
12.9283704758,80.238861084,62950,62960,10
12.9281597137,80.2388000488,62960,62970,10
12.927479744,80.2386169434,62970,62980,10
12.926779747,80.2384414673,62980,62991,11
12.9261798859,80.2382888794,62991,63000,9
12.9256801605,80.2381591797,63000,63010,10
12.9255895615,80.2381515503,63010,63022,12
12.9254598618,80.2381362915,63022,63032,10
12.9256601334,80.2383880615,63032,63234,202
12.9256601334,80.2383880615,63234,63244,10
12.9258899689,80.2381896973,63244,63254,10
12.9263896942,80.2383270264,63254,63264,10
12.9270801544,80.2385177612,63264,63274,10
12.9278202057,80.2387008667,63274,63284,10
12.9282598495,80.2388000488,63284,63294,10
12.9284095764,80.238861084,63294,63304,10
12.9289598465,80.2389984131,63304,63315,11
12.9293403625,80.2389297485,63315,63325,10
12.9294500351,80.2385482788,63325,63335,10
12.9295797348,80.2380981445,63335,63345,10
12.9297199249,80.2379608154,63345,63355,10
12.9300003052,80.2380981445,63355,63365,10
12.9305696487,80.2383117676,63365,63375,10
12.9311504364,80.2385177612,63375,63385,10
12.9311704636,80.2385177612,63385,63395,10
12.9313097,80.2385864258,63395,63405,10
12.9315500259,80.2386779785,63405,63416,11
12.9319496155,80.2388076782,63416,63426,10
12.9322299957,80.2386169434,63426,63436,10
12.9323196411,80.238319397,63436,63446,10
12.9325199127,80.237739563,63446,63456,10
12.93268013,80.2372970581,63456,63466,10
12.9327898026,80.2369918823,63466,63476,10
12.9329004288,80.2365036011,63476,63486,10
12.9329996109,80.2361297607,63486,63496,10
12.9332103729,80.2361602783,63496,63506,10
12.9332895279,80.2361907959,63506,63516,10
12.933549881,80.2361907959,63516,63527,11
12.9336996078,80.2356491089,63527,63537,10
12.9338998795,80.2350387573,63537,63547,10
12.934220314,80.2351531982,63547,63557,10
12.934800148,80.2353973389,63557,63567,10
12.9350595474,80.2354888916,63567,63577,10
12.9351596832,80.2352905273,63577,63587,10
12.9353399277,80.2348937988,63587,63597,10
12.9357099533,80.2339630127,63597,63617,20
12.9357099533,80.2339630127,63617,63628,11
12.9359102249,80.2337493896,63628,63638,10
12.9364404678,80.2340393066,63638,63648,10
12.9371900558,80.234413147,63648,63658,10
12.9381303787,80.2348632813,63658,63668,10
12.9390802383,80.2353134155,63668,63678,10
12.9395999908,80.2356033325,63678,63688,10
12.9396800995,80.2356491089,63688,63698,10
12.9397497177,80.2357177734,63698,63708,10
12.9401702881,80.2358779907,63708,63718,10
12.9407596588,80.2360610962,63718,63729,11
12.9416599274,80.2362594604,63729,63739,10
12.9425697327,80.2365264893,63739,63749,10
12.9432001114,80.2369308472,63749,63759,10
12.9439001083,80.2376403809,63759,63769,10
12.9447202682,80.2385482788,63769,63779,10
12.9456596375,80.2393798828,63779,63789,10
12.9466495514,80.2397766113,63789,63799,10
12.9472999573,80.2400436401,63799,63809,10
12.9473199844,80.2400436401,63809,63819,10
12.9474401474,80.2400970459,63819,63829,10
12.9478902817,80.2402801514,63829,63839,10
12.9488601685,80.2406616211,63839,63900,61
12.9488601685,80.2406616211,63900,63910,10
12.9492902756,80.240852356,63910,63920,10
12.9499998093,80.2410736084,63920,63930,10
12.9508895874,80.2413330078,63930,63940,10
12.9511404037,80.2414169312,63940,63951,11
12.951379776,80.2415008545,63951,63961,10
12.9519796371,80.2417373657,63961,63971,10
12.952580452,80.2419586182,63971,63981,10
12.9533195496,80.2422637939,63981,63991,10
12.9541196823,80.2425765991,63991,64001,10
12.9548797607,80.2428894043,64001,64010,9
12.9554700851,80.2431030273,64010,64020,10
12.9563999176,80.2433624268,64020,64041,21
12.9563999176,80.2433624268,64041,64051,10
12.9568996429,80.2435836792,64051,64062,11
12.9577302933,80.2439880371,64062,64072,10
12.9588499069,80.2444763184,64072,64092,20
12.9588499069,80.2444763184,64092,64102,10
12.9591999054,80.2446517944,64102,64112,10
12.9598398209,80.2449569702,64112,64122,10
12.9607000351,80.2453536987,64122,64132,10
12.9617500305,80.2458572388,64132,64142,10
12.9627399445,80.2463378906,64142,64152,10
12.9630403519,80.2464675903,64152,64162,10
12.9632196426,80.2465896606,64162,64179,17
12.9640703201,80.2469787598,64179,64191,12
12.9650497437,80.2473297119,64191,64201,10
12.9658203125,80.2476119995,64201,64211,10
12.9666595459,80.2479400635,64211,64231,20
12.9666595459,80.2479400635,64231,64241,10
12.9667301178,80.248008728,64241,64251,10
12.9671001434,80.2481994629,64251,64261,10
12.9677400589,80.2484817505,64261,64271,10
12.9686098099,80.248840332,64271,64282,11
12.9698200226,80.2493209839,64282,64292,10
12.9708995819,80.2497406006,64292,64301,9
12.9717597961,80.2499771118,64301,64312,11
12.9728803635,80.2502593994,64312,64322,10
12.9742002487,80.2505874634,64322,64332,10
12.975520134,80.2509307861,64332,64342,10
12.9768295288,80.2512893677,64342,64352,10
12.9778604507,80.2518920898,64352,64362,10
12.9785499573,80.2523880005,64362,64372,10
12.9786396027,80.2524414063,64372,64383,11
12.9786500931,80.2524490356,64383,64393,10
12.9790401459,80.2526016235,64393,64403,10
12.9795398712,80.2526473999,64403,64413,10
12.9795598984,80.2526473999,64413,64423,10
12.9796199799,80.2526473999,64423,64433,10
12.980050087,80.2526931763,64433,64443,10
12.9807395935,80.2526702881,64443,64453,10
12.9815998077,80.2526473999,64453,64463,10
12.9824895859,80.2526321411,64463,64473,10
12.9832000732,80.2525482178,64473,64483,10
12.9834699631,80.2524871826,64483,64645,162
12.9834699631,80.2524871826,64645,64655,10
12.983880043,80.2523574829,64655,64665,10
12.984459877,80.2521972656,64665,64675,10
12.9849996567,80.2520523071,64675,64685,10
12.9854602814,80.2519226074,64685,64695,10
12.9858703613,80.2518081665,64695,64705,10
12.9862604141,80.2517089844,64705,64716,11
12.9868202209,80.2515869141,64716,64726,10
12.9872102737,80.2514801025,64726,64736,10
12.9876499176,80.251373291,64736,64746,10
12.9879198074,80.2515792847,64746,64756,10
12.9880399704,80.2522201538,64756,64766,10
12.9879703522,80.2529296875,64766,64776,10
12.9879398346,80.2533798218,64776,64786,10
12.9879102707,80.2536010742,64786,64796,10
12.9879102707,80.2536392212,64796,64806,10
12.9878902435,80.2538604736,64806,64816,10
12.9878501892,80.2542877197,64816,64827,11
12.9877996445,80.2549591064,64827,64837,10
12.9877300262,80.2555007935,64837,64847,10
12.987739563,80.255821228,64847,64857,10
12.9880695343,80.2558670044,64857,64867,10
12.9883298874,80.2559127808,64867,64877,10
12.9886703491,80.2559509277,64877,64887,10
12.9886903763,80.2559509277,64887,64897,10
12.9888296127,80.2559585571,64897,64907,10
12.9893703461,80.2560119629,64907,64917,10
12.9900197983,80.2560501099,64917,64927,10
12.9904003143,80.2560119629,64927,64938,11
12.9908704758,80.2560806274,64938,64948,10
12.9915504456,80.2561035156,64948,64958,10
12.9924602509,80.2561035156,64958,64968,10
12.9934997559,80.2560424805,64968,64978,10
12.99421978,80.2559967041,64978,64988,10
12.9947395325,80.2559280396,64988,64998,10
12.9947595596,80.2559280396,64998,65008,10
12.9948701859,80.2559509277,65008,65018,10
12.9950399399,80.2559204102,65018,65028,10
12.9951200485,80.2559204102,65028,65039,11
12.99518013,80.2559204102,65039,65049,10
12.9955596924,80.2559204102,65049,65059,10
12.9959897995,80.2559280396,65059,65069,10
12.9965295792,80.2559432983,65069,65129,60
12.9965295792,80.2559432983,65129,65140,11
12.9967002869,80.2559204102,65140,65150,10
12.9969797134,80.2559432983,65150,65160,10
12.9973497391,80.2559585571,65160,65170,10
12.997879982,80.2559967041,65170,65180,10
12.9985198975,80.256072998,65180,65190,10
12.9989995956,80.256111145,65190,65200,10
12.9990196228,80.256111145,65200,65210,10
12.9990997314,80.256111145,65210,65220,10
12.9995498657,80.2562103271,65220,65230,10
13.0002002716,80.2563400269,65230,65240,10
13.0008802414,80.2564468384,65240,65291,51
13.0008802414,80.2564468384,65291,65301,10
13.0011196136,80.2565612793,65301,65311,10
13.0014696121,80.2566223145,65311,65321,10
13.0019302368,80.2566833496,65321,65331,10
13.0023603439,80.2567367554,65331,65341,10
13.0028800964,80.2568206787,65341,65351,10
13.0035800934,80.256942749,65351,65362,11
13.0042104721,80.2570495605,65362,65372,10
13.0045404434,80.2571334839,65372,65382,10
13.0051603317,80.2572631836,65382,65392,10
13.0059604645,80.2574081421,65392,65442,50
13.0059604645,80.2574081421,65442,65452,10
13.0062704086,80.2574386597,65452,65463,11
13.0062999725,80.2574462891,65463,65473,10
13.0065002441,80.257522583,65473,65483,10
13.0067901611,80.2576904297,65483,65493,10
13.0070295334,80.258140564,65493,65503,10
13.0074996948,80.2586135864,65503,65513,10
13.0081701279,80.2588882446,65513,65523,10
13.0085401535,80.2590026855,65523,65533,10
13.008600235,80.2590332031,65533,65543,10
13.0090198517,80.2590866089,65543,65553,10
13.0096597672,80.2591018677,65553,65563,10
13.0105400085,80.2591018677,65563,65574,11
13.0116901398,80.2590789795,65574,65584,10
13.0128803253,80.2591400146,65584,65594,10
13.0141296387,80.2591934204,65594,65604,10
13.0152101517,80.2592391968,65604,65614,10
13.0160102844,80.2594604492,65614,65624,10
13.0164403915,80.259727478,65624,65634,10
13.0164699554,80.2597579956,65634,65644,10
13.0166597366,80.2599487305,65644,65654,10
13.017080307,80.2602310181,65654,65664,10
13.0177202225,80.2606811523,65664,65674,10
13.0184497833,80.261177063,65674,65685,11
13.0189695358,80.2615966797,65685,65695,10
13.0194396973,80.26197052,65695,65705,10
13.0197200775,80.2622833252,65705,65715,10
13.0202302933,80.2627563477,65715,65725,10
13.02023983,80.2630462646,65725,65735,10
13.0198898315,80.2630386353,65735,65745,10
13.0193195343,80.2630233765,65745,65755,10
13.0190200806,80.263168335,65755,65765,10
13.019109726,80.2637405396,65765,65775,10
13.0191602707,80.2640762329,65775,65785,10
13.0191602707,80.2641677856,65785,65796,11
13.0190696716,80.2646408081,65796,65806,10
13.0188798904,80.2652664185,65806,65816,10
13.0187501907,80.2657394409,65816,65826,10
13.0186901093,80.2664794922,65826,65836,10
13.0188598633,80.2673187256,65836,65846,10
13.0194196701,80.2680664063,65846,65856,10
13.0200300217,80.2688293457,65856,65866,10
13.0206804276,80.2695999146,65866,65876,10
13.0210800171,80.2700805664,65876,65886,10
13.0214595795,80.2705078125,65886,65907,21
13.0214595795,80.2705078125,65907,65917,10
13.0216999054,80.2707901001,65917,65927,10
13.0221004486,80.2713394165,65927,65937,10
13.0226202011,80.2720108032,65937,65947,10
13.0231704712,80.2727508545,65947,65957,10
13.0234003067,80.2730789185,65957,65967,10
13.023440361,80.2731323242,65967,65977,10
13.0236797333,80.2734603882,65977,65987,10
13.0240001678,80.2739028931,65987,66004,17
13.0244102478,80.2744598389,66004,66016,12
13.0247602463,80.2746963501,66016,66026,10
13.0254001617,80.2749633789,66026,66065,39
13.0254001617,80.2749633789,66065,66076,11
13.0255899429,80.275062561,66076,66086,10
13.0259399414,80.2752304077,66086,66096,10
13.0264701843,80.2754821777,66096,66106,10
13.027179718,80.2758178711,66106,66117,11
13.0279598236,80.2761688232,66117,66127,10
13.028550148,80.2763900757,66127,66137,10
13.0292396545,80.2766265869,66137,66147,10
13.0299596786,80.2768173218,66147,66157,10
13.0306196213,80.2771072388,66157,66167,10
13.0311002731,80.2774276733,66167,66177,10
13.0315799713,80.277633667,66177,66187,10
13.0321397781,80.2775726318,66187,66197,10
13.0326099396,80.2774963379,66197,66207,10
13.0326700211,80.2774963379,66207,66217,10
13.0329799652,80.2774810791,66217,66238,21
13.0329799652,80.2774810791,66238,66254,16
13.0334300995,80.277381897,66254,66266,12
13.0338096619,80.2774276733,66266,66274,8
13.034239769,80.2775497437,66274,66286,12
13.0348997116,80.2777023315,66286,66296,10
13.0355195999,80.2778015137,66296,66306,10
13.0361003876,80.2779006958,66306,66316,10
13.036860466,80.2781982422,66316,66347,31
13.036860466,80.2781982422,66347,66357,10
13.037150383,80.2783432007,66357,66366,9
13.0373001099,80.2783889771,66366,66377,11
13.0374603271,80.2784423828,66377,66387,10
13.038020134,80.2785415649,66387,66397,10
13.0388698578,80.2787628174,66397,66417,20
13.0388698578,80.2787628174,66417,66427,10
13.0391302109,80.2788314819,66427,66438,11
13.0396795273,80.2789916992,66438,66448,10
13.0404195786,80.2791976929,66448,66458,10
13.0411396027,80.2793502808,66458,66468,10
13.0419797897,80.2794494629,66468,66478,10
13.0427904129,80.2795410156,66478,66488,10
13.0434503555,80.2796707153,66488,66498,10
13.0439596176,80.2798309326,66498,66508,10
13.044500351,80.2799224854,66508,66518,10
13.0452003479,80.2800292969,66518,66528,10
13.04570961,80.2800979614,66528,66538,10
13.0457801819,80.2801132202,66538,66549,11
13.0459299088,80.2801437378,66549,66559,10
13.046500206,80.2802200317,66559,66569,10
13.0472297668,80.2803268433,66569,66579,10
13.0479898453,80.2804412842,66579,66589,10
13.0487699509,80.2805633545,66589,66599,10
13.0495901108,80.2806777954,66599,66609,10
13.0502004623,80.2807617188,66609,66618,9
13.0503702164,80.2807922363,66618,66629,11
13.0504798889,80.2807998657,66629,66639,10
13.0508804321,80.2808609009,66639,66649,10
13.051150322,80.2808990479,66649,66659,10
13.0517501831,80.2809829712,66659,66670,11
13.0526800156,80.2811279297,66670,66680,10
13.0535497665,80.2813034058,66680,66690,10
13.0543804169,80.2814331055,66690,66700,10
13.0552501678,80.2815933228,66700,66710,10
13.0559196472,80.2817306519,66710,66720,10
13.0563898087,80.2818222046,66720,66730,10
13.056429863,80.281829834,66730,66740,10
13.0564498901,80.2818374634,66740,66750,10
13.0568399429,80.2819213867,66750,66761,11
13.0574398041,80.282043457,66761,66771,10
13.0581502914,80.2821807861,66771,66781,10
13.0590600967,80.2823867798,66781,66791,10
13.0600996017,80.2826080322,66791,66801,10
13.0609502792,80.2827835083,66801,66811,10
13.0613098145,80.2828598022,66811,66821,10
13.06153965,80.2829208374,66821,66831,10
13.0621204376,80.2830200195,66831,66841,10
13.0630903244,80.2832336426,66841,66892,51
13.0630903244,80.2832336426,66892,66902,10
13.0634803772,80.2833328247,66902,66922,20
13.0634803772,80.2833328247,66922,66931,9
13.0638399124,80.283416748,66931,66942,11
13.0643796921,80.2835464478,66942,66952,10
13.0647802353,80.2836380005,66952,66962,10
13.0648698807,80.2836685181,66962,66972,10
13.065079689,80.2837295532,66972,66983,11
13.0657396317,80.2838897705,66983,66993,10
13.066619873,80.2840881348,66993,67003,10
13.0676498413,80.284286499,67003,67013,10
13.0686197281,80.2844772339,67013,67023,10
13.0697002411,80.2847366333,67023,67033,10
13.0707798004,80.2849884033,67033,67043,10
13.07172966,80.2852172852,67043,67053,10
13.0725898743,80.2853088379,67053,67063,10
13.0732603073,80.2852325439,67063,67073,10
13.0733003616,80.2852325439,67073,67083,10
13.0733995438,80.2852325439,67083,67094,11
13.0737304688,80.2853469849,67094,67104,10
13.074090004,80.2857894897,67104,67114,10
13.0745801926,80.2862625122,67114,67124,10
13.0752696991,80.2866897583,67124,67134,10
13.0761404037,80.2871017456,67134,67144,10
13.0771999359,80.2873764038,67144,67154,10
13.0783195496,80.2876663208,67154,67164,10
13.0794000626,80.2880630493,67164,67174,10
13.0808200836,80.2883529663,67174,67195,21
13.0808200836,80.2883529663,67195,67205,10
13.0809803009,80.2884216309,67205,67215,10
13.081489563,80.2885894775,67215,67225,10
13.0822200775,80.288848877,67225,67235,10
13.0830602646,80.2892303467,67235,67245,10
13.0839996338,80.2892227173,67245,67255,10
13.085100174,80.2891998291,67255,67265,10
13.0860099792,80.289390564,67265,67275,10
13.0870199203,80.2896575928,67275,67285,10
13.0878095627,80.2899627686,67285,67295,10
13.0883102417,80.2901611328,67295,67306,11
13.0887899399,80.2901992798,67306,67336,30
13.0887899399,80.2901992798,67336,67346,10
13.0888299942,80.2902374268,67346,67356,10
13.0887098312,80.2904815674,67356,67366,10
13.0883798599,80.2903289795,67366,67376,10
13.0880298615,80.2901611328,67376,67386,10
13.0874795914,80.2899475098,67386,67396,10
13.0867996216,80.2897415161,67396,67406,10
13.0861997604,80.2895736694,67406,67417,11
13.0856599808,80.2893295288,67417,67427,10
13.0853004456,80.2887268066,67427,67437,10
13.0850896835,80.287902832,67437,67447,10
13.0851297379,80.2869796753,67447,67457,10
13.0852203369,80.2860565186,67457,67467,10
13.0853204727,80.2851409912,67467,67477,10
13.0852499008,80.2843093872,67477,67487,10
13.0852203369,80.2841796875,67487,67497,10
13.0852098465,80.2841796875,67497,67507,10
13.0853796005,80.2838134766,67507,67518,11
13.0855703354,80.2835693359,67518,67528,10
13.0858802795,80.2835998535,67528,67538,10
13.0861902237,80.2836303711,67538,67548,10
13.0864400864,80.283782959,67548,67558,10
13.0867004395,80.2839279175,67558,67608,50
13.0867004395,80.2839279175,67608,67618,10
13.0868501663,80.2839813232,67618,67629,11
13.0870599747,80.2840194702,67629,67639,10
13.087220192,80.2840118408,67639,67649,10
13.0875501633,80.2840118408,67649,67699,50
13.0879201889,80.2840118408,67699,67871,172
13.0881204605,80.2836837769,67871,67901,30
13.0881204605,80.2836837769,67901,67911,10
13.0882196426,80.2835235596,67911,67921,10
13.0882396698,80.2833099365,67921,67931,10
13.0882396698,80.2831573486,67931,67941,10
13.0882701874,80.2829971313,67941,67952,11
13.0882902145,80.2827682495,67952,67962,10
13.0882797241,80.2825698853,67962,67972,10
13.0882396698,80.2822570801,67972,67992,20
13.0882396698,80.2822570801,67992,68002,10
13.0881700516,80.2819900513,68002,68012,10
13.0880403519,80.2815170288,68012,68042,30
13.0880403519,80.2815170288,68042,68053,11
13.0882797241,80.281463623,68053,68063,10
13.0884304047,80.2815170288,68063,68073,10
13.08852005,80.281791687,68073,68083,10
13.088470459,80.282081604,68083,68093,10
13.0883903503,80.2824630737,68093,68103,10
13.0883398056,80.2828292847,68103,68113,10
13.0883197784,80.2833023071,68113,68123,10
13.0883197784,80.2836227417,68123,68133,10
13.0883398056,80.2838516235,68133,68143,10
13.0883798599,80.2842330933,68143,68153,10
13.0884199142,80.2847900391,68153,68204,51
13.0884199142,80.2847900391,68204,68214,10
13.0884199142,80.2850189209,68214,68224,10
13.0884304047,80.2853012085,68224,68234,10
13.0884504318,80.2854995728,68234,68244,10
13.0884599686,80.2856674194,68244,68253,9
13.088470459,80.2859420776,68253,68263,10
13.0884799957,80.286277771,68263,68275,12
13.0884895325,80.286567688,68275,68285,10
13.08852005,80.2869110107,68285,68295,10
13.0885400772,80.2872085571,68295,68305,10
13.0885601044,80.2874603271,68305,68315,10
13.0885896683,80.2877120972,68315,68325,10
13.088640213,80.2882537842,68325,68335,10
13.0886697769,80.2885665894,68335,68345,10
13.0887002945,80.2888793945,68345,68355,10
13.0887498856,80.2892303467,68355,68365,10
13.0887498856,80.2892379761,68365,68376,11
13.088760376,80.2897186279,68376,68386,10
13.0887804031,80.2903137207,68386,68396,10
13.0884304047,80.2903671265,68396,68406,10
13.0879096985,80.2901077271,68406,68416,10
13.0873403549,80.2898330688,68416,68426,10
13.0866098404,80.2895584106,68426,68436,10
13.0856399536,80.2893295288,68436,68446,10
13.0847501755,80.2891998291,68446,68456,10
13.0839004517,80.2892608643,68456,68466,10
13.0830698013,80.2892608643,68466,68476,10
13.0822000504,80.2889328003,68476,68486,10
13.0814199448,80.2886581421,68486,68497,11
13.0807199478,80.2884292603,68497,68507,10
13.0800600052,80.2882766724,68507,68517,10
13.0799503326,80.2882614136,68517,68527,10
13.079460144,80.288192749,68527,68537,10
13.0786895752,80.2878723145,68537,68547,10
13.0777196884,80.2875900269,68547,68557,10
13.0765104294,80.2872924805,68557,68567,10
13.0753097534,80.2868728638,68567,68577,10
13.074379921,80.2863006592,68577,68587,10
13.0740604401,80.2862091064,68587,68598,11
13.0738296509,80.2861633301,68598,68608,10
13.073220253,80.2860031128,68608,68618,10
13.0725402832,80.2855911255,68618,68628,10
13.071559906,80.2852783203,68628,68638,10
13.0703697205,80.2849884033,68638,68648,10
13.0692396164,80.2847290039,68648,68658,10
13.0683603287,80.2845230103,68658,68668,10
13.0677700043,80.2844009399,68668,68678,10
13.0669803619,80.2842483521,68678,68688,10
13.0659399033,80.2840194702,68688,68699,11
13.0647201538,80.2837371826,68699,68709,10
13.0641403198,80.2836074829,68709,68719,10
13.0635995865,80.2834625244,68719,68729,10
13.0630702972,80.2833404541,68729,68739,10
13.0625200272,80.2832183838,68739,68749,10
13.0625,80.2832183838,68749,68759,10
13.0622501373,80.2831573486,68759,68769,10
13.0616102219,80.2829971313,68769,68779,10
13.0608301163,80.2828369141,68779,68789,10
13.0604696274,80.2827529907,68789,68799,10
13.0599603653,80.2826538086,68799,68810,11
13.0590000153,80.2824401855,68810,68820,10
13.0583095551,80.2823028564,68820,68830,10
13.0577402115,80.2822036743,68830,68850,20
13.0577402115,80.2822036743,68850,68860,10
13.057510376,80.2821578979,68860,68870,10
13.0566797256,80.2819900513,68870,68890,20
13.0566797256,80.2819900513,68890,68900,10
13.0564002991,80.2819213867,68900,68910,10
13.0559501648,80.2817993164,68910,68921,11
13.0551996231,80.2816619873,68921,68931,10
13.0542697906,80.281463623,68931,68941,10
13.0531702042,80.2812805176,68941,68951,10
13.052069664,80.2811126709,68951,68961,10
13.0512599945,80.2810134888,68961,68971,10
13.0505104065,80.2808990479,68971,68981,10
13.0498504639,80.2807922363,68981,68991,10
13.049079895,80.2806930542,68991,69001,10
13.0481796265,80.2805633545,69001,69011,10
13.0473003387,80.2804412842,69011,69022,11
13.0465698242,80.2803192139,69022,69032,10
13.0461301804,80.2802734375,69032,69042,10
13.0456199646,80.2802200317,69042,69052,10
13.0455799103,80.2801971436,69052,69062,10
13.0451498032,80.2801208496,69062,69072,10
13.0444202423,80.2800369263,69072,69082,10
13.0434904099,80.2798919678,69082,69112,30
13.0434904099,80.2798919678,69112,69122,10
13.0431604385,80.2798309326,69122,69133,11
13.0425195694,80.2796630859,69133,69143,10
13.0417699814,80.2795410156,69143,69153,10
13.0410699844,80.2794036865,69153,69163,10
13.0404500961,80.2792663574,69163,69173,10
13.0397701263,80.279083252,69173,69183,10
13.0393104553,80.2789230347,69183,69203,20
13.0393104553,80.2789230347,69203,69213,10
13.0390396118,80.2789077759,69213,69223,10
13.0389795303,80.2788772583,69223,69233,10
13.038860321,80.2788085938,69233,69244,11
13.0383300781,80.2786407471,69244,69254,10
13.0375995636,80.2784194946,69254,69264,10
13.0369701385,80.2782592773,69264,69274,10
13.0363197327,80.2780227661,69274,69284,10
13.0357303619,80.2778625488,69284,69294,10
13.0351696014,80.2777633667,69294,69304,10
13.0344800949,80.277633667,69304,69314,10
13.0337400436,80.2774505615,69314,69324,10
13.0329504013,80.2775421143,69324,69334,10
13.0322399139,80.2775802612,69334,69344,10
13.0316400528,80.2776489258,69344,69355,11
13.0309400558,80.2773590088,69355,69365,10
13.03083992,80.2773208618,69365,69375,10
13.0306797028,80.2772064209,69375,69385,10
13.030090332,80.2769317627,69385,69395,10
13.0294599533,80.2767181396,69395,69411,16
13.0286302567,80.2764511108,69411,69423,12
13.028429985,80.2763595581,69423,69432,9
13.0279197693,80.2761535645,69432,69442,10
13.0273199081,80.2759017944,69442,69452,10
13.026599884,80.2755737305,69452,69462,10
13.0259799957,80.2752990723,69462,69475,13
13.0259504318,80.2752838135,69475,69485,10
13.0256004333,80.2751235962,69485,69495,10
13.0250101089,80.2748718262,69495,69504,9
13.0240802765,80.2741394043,69504,69555,51
13.0240802765,80.2741394043,69555,69566,11
13.0238599777,80.2738571167,69566,69576,10
13.0235700607,80.2734603882,69576,69586,10
13.0231399536,80.2728805542,69586,69596,10
13.0225896835,80.2721328735,69596,69606,10
13.0219697952,80.2713165283,69606,69616,10
13.0213899612,80.2705917358,69616,69626,10
13.0209798813,80.2701187134,69626,69636,10
13.0208997726,80.2700119019,69636,69646,10
13.0208501816,80.2699432373,69646,69656,10
13.0205497742,80.2696075439,69656,69666,10
13.020070076,80.268989563,69666,69677,11
13.0194797516,80.2682571411,69677,69687,10
13.0188598633,80.2675094604,69687,69697,10
13.0185899734,80.2665023804,69697,69707,10
13.0186195374,80.2658309937,69707,69717,10
13.0188102722,80.2650985718,69717,69727,10
13.0190200806,80.2641983032,69727,69737,10
13.0189800262,80.2636413574,69737,69747,10
13.0188999176,80.2632598877,69747,69757,10
13.0188703537,80.2630462646,69757,69767,10
13.018819809,80.2627410889,69767,69777,10
13.0187597275,80.2620697021,69777,69788,11
13.0186300278,80.2614135742,69788,69798,10
13.0182800293,80.2611465454,69798,69808,10
13.017950058,80.2609405518,69808,69824,16
13.0173397064,80.2605361938,69824,69836,12
13.0168104172,80.2601776123,69836,69846,10
13.0164003372,80.2599182129,69846,69856,10
13.0161600113,80.2597885132,69856,69866,10
13.0159101486,80.2596588135,69866,69876,10
13.0153198242,80.2594528198,69876,69886,10
13.0145797729,80.2593612671,69886,69897,11
13.0137300491,80.2593231201,69897,69907,10
13.0128602982,80.2593002319,69907,69917,10
13.0119800568,80.2592697144,69917,69927,10
13.0112800598,80.2592391968,69927,69937,10
13.010720253,80.2592468262,69937,69947,10
13.010020256,80.2592926025,69947,69957,10
13.0093698502,80.2592926025,69957,69967,10
13.0089797974,80.2592468262,69967,69977,10
13.0086803436,80.259262085,69977,69987,10
13.0081996918,80.2592315674,69987,69998,11
13.0075798035,80.2593917847,69998,70008,10
13.0072202682,80.2589035034,70008,70018,10
13.0071296692,80.2587280273,70018,70028,10
13.0070199966,80.2585220337,70028,70038,10
13.0067396164,80.2580108643,70038,70048,10
13.0063400269,80.2576980591,70048,70058,10
13.0060195923,80.2575683594,70058,70068,10
13.0057201385,80.2574462891,70068,70078,10
13.0052404404,80.2573318481,70078,70088,10
13.0045995712,80.2572021484,70088,70098,10
13.0039997101,80.2570800781,70098,70109,11
13.0035400391,80.256980896,70109,70119,10
13.0031003952,80.2568817139,70119,70129,10
13.0026702881,80.2567977905,70129,70139,10
13.0022802353,80.256729126,70139,70185,46
13.0022802353,80.256729126,70185,70197,12
13.0019598007,80.2566986084,70197,70206,9
13.0017204285,80.2566604614,70206,70217,11
13.0010995865,80.2565689087,70217,70228,11
13.000459671,80.2564697266,70228,70238,10
12.9999198914,80.2563705444,70238,70248,10
12.9994001389,80.2562866211,70248,70258,10
12.9987802505,80.2561569214,70258,70268,10
12.9984703064,80.2561569214,70268,70277,9
12.998459816,80.2561569214,70277,70288,11
12.998339653,80.2561264038,70288,70297,9
12.9981203079,80.2560806274,70297,70307,10
12.9976396561,80.2559967041,70307,70339,32
12.9976396561,80.2559967041,70339,70349,10
12.9975404739,80.2559967041,70349,70359,10
12.997179985,80.2559814453,70359,70369,10
12.996919632,80.2559661865,70369,70379,10
12.996720314,80.2559280396,70379,70389,10
12.9964799881,80.2559280396,70389,70399,10
12.9961900711,80.2559509277,70399,70409,10
12.9959096909,80.2559432983,70409,70419,10
12.995639801,80.2559509277,70419,70430,11
12.9951896667,80.2559432983,70430,70440,10
12.9946699142,80.2559814453,70440,70450,10
12.9941301346,80.2560272217,70450,70460,10
12.9934101105,80.2560806274,70460,70470,10
12.9925699234,80.2561416626,70470,70480,10
12.9917802811,80.2561264038,70480,70490,10
12.9911403656,80.2560882568,70490,70500,10
12.9907302856,80.2560806274,70500,70561,61
12.9907302856,80.2560806274,70561,70571,10
12.9903802872,80.2560424805,70571,70581,10
12.9900903702,80.2560577393,70581,70591,10
12.9897203445,80.2560501099,70591,70601,10
12.9892301559,80.2560195923,70601,70611,10
12.9886302948,80.2559585571,70611,70621,10
12.9877796173,80.255859375,70621,70985,364
12.9877796173,80.255859375,70985,70995,10
12.9875297546,80.2557907104,70995,71005,10
12.9871301651,80.2557296753,71005,71015,10
12.9864702225,80.2556304932,71015,71025,10
12.9860496521,80.2555618286,71025,71065,40
12.9860496521,80.2555618286,71065,71076,11
12.9858198166,80.2554931641,71076,71086,10
12.9855003357,80.2554092407,71086,71096,10
12.9848804474,80.2552337646,71096,71106,10
12.9841499329,80.2550811768,71106,71116,10
12.983420372,80.2548980713,71116,71126,10
12.9827604294,80.2547225952,71126,71136,10
12.9822502136,80.2545318604,71136,71146,10
12.9820203781,80.2542800903,71146,71156,10
12.9818601608,80.2538833618,71156,71166,10
12.9817199707,80.2533111572,71166,71176,10
12.9813203812,80.2528381348,71176,71187,11
12.9805803299,80.2528381348,71187,71197,10
12.9801998138,80.2528533936,71197,71207,10
12.9798603058,80.2528076172,71207,71217,10
12.9792699814,80.2527389526,71217,71227,10
12.9786996841,80.2526931763,71227,71237,10
12.9786596298,80.2526702881,71237,71247,10
12.9784402847,80.2525482178,71247,71257,10
12.9779195786,80.2521362305,71257,71267,10
12.9772901535,80.2516021729,71267,71277,10
12.9763698578,80.2512207031,71277,71287,10
12.9754695892,80.2509765625,71287,71298,11
12.9743404388,80.2506408691,71298,71308,10
12.9731702805,80.2503204346,71308,71318,10
12.9720401764,80.2500228882,71318,71328,10
12.9709100723,80.2497329712,71328,71338,10
12.9697904587,80.2493362427,71338,71348,10
12.9687204361,80.2489013672,71348,71358,10
12.9680204391,80.2486190796,71358,71368,10
12.9674501419,80.2483978271,71368,71378,10
12.9669904709,80.2481613159,71378,71388,10
12.9665498734,80.2479400635,71388,71399,11
12.9658699036,80.2476730347,71399,71409,10
12.965180397,80.247428894,71409,71429,20
12.965180397,80.247428894,71429,71439,10
12.9649095535,80.2473678589,71439,71449,10
12.9645395279,80.247253418,71449,71459,10
12.9643096924,80.2471618652,71459,71469,10
12.9641199112,80.2470932007,71469,71479,10
12.9639101028,80.2470321655,71479,71489,10
12.9635896683,80.2469024658,71489,71499,10
12.9630804062,80.2466201782,71499,71510,11
12.9622297287,80.2461776733,71510,71520,10
12.9613399506,80.2457504272,71520,71530,10
12.9605302811,80.2453613281,71530,71540,10
12.9593200684,80.2448272705,71540,71560,20
12.9593200684,80.2448272705,71560,71570,10
12.9592103958,80.2447662354,71570,71580,10
12.9588298798,80.2445907593,71580,71590,10
12.9582395554,80.2443389893,71590,71600,10
12.95773983,80.2441635132,71600,71610,10
12.9563999176,80.2437210083,71610,71649,39
12.9563999176,80.2437210083,71649,71659,10
12.9559497833,80.243522644,71659,71669,10
12.955329895,80.2431869507,71669,71679,10
12.9547195435,80.2429122925,71679,71689,10
12.9542999268,80.2427368164,71689,71699,10
12.9537296295,80.2425003052,71699,71709,10
12.952870369,80.2421417236,71709,71719,10
12.9520397186,80.2418136597,71719,71730,11
12.9516096115,80.2416763306,71730,71740,10
12.9515399933,80.2416610718,71740,71750,10
12.9510803223,80.2415008545,71750,71760,10
12.9503498077,80.2412719727,71760,71770,10
12.949549675,80.2410430908,71770,71780,10
12.9489402771,80.2408218384,71780,71790,10
12.9483699799,80.2405776978,71790,71800,10
12.9477996826,80.2403488159,71800,71810,10
12.9473695755,80.2401733398,71810,71820,10
12.9470396042,80.2400588989,71820,71830,10
12.9470100403,80.2400512695,71830,71841,11
12.9468698502,80.2399978638,71841,71851,10
12.9463796616,80.2397918701,71851,71861,10
12.9456996918,80.2394790649,71861,71871,10
12.9449701309,80.2389984131,71871,71881,10
12.9443101883,80.2382965088,71881,71891,10
12.9435796738,80.2374572754,71891,71901,10
12.9427604675,80.2367401123,71901,71911,10
12.9416799545,80.2363433838,71911,71921,10
12.9406795502,80.2360992432,71921,71931,10
12.9398403168,80.2358627319,71931,71941,10
12.9392404556,80.2356185913,71941,71952,11
12.9391899109,80.2356033325,71952,71962,10
12.939040184,80.2355117798,71962,71972,10
12.9385299683,80.2352371216,71972,71982,10
12.9378099442,80.2348937988,71982,71992,10
12.9369497299,80.2344818115,71992,72002,10
12.9361600876,80.2341003418,72002,72012,10
12.9356803894,80.2339477539,72012,72022,10
12.9355897903,80.2341384888,72022,72032,10
12.9355697632,80.2341995239,72032,72042,10
12.9354200363,80.234588623,72042,72053,11
12.9351596832,80.2352218628,72053,72063,10
12.9350595474,80.235496521,72063,72073,10
12.9349002838,80.2354507446,72073,72083,10
12.9345798492,80.2352905273,72083,72093,10
12.9338903427,80.2350311279,72093,72133,40
12.9338903427,80.2350311279,72133,72143,10
12.9337100983,80.2353820801,72143,72153,10
12.9335603714,80.2359237671,72153,72164,11
12.9333000183,80.2362289429,72164,72174,10
12.9332199097,80.2362136841,72174,72184,10
12.9330301285,80.2361679077,72184,72194,10
12.9329500198,80.2361984253,72194,72204,10
12.9329004288,80.2364273071,72204,72214,10
12.9327697754,80.2370071411,72214,72224,10
12.9326496124,80.2373580933,72224,72234,10
12.9325199127,80.2376937866,72234,72244,10
12.93227005,80.238319397,72244,72254,10
12.9321403503,80.2386169434,72254,72265,11
12.9318399429,80.2388000488,72265,72275,10
12.931139946,80.2386016846,72275,72305,30
12.931139946,80.2386016846,72305,72315,10
12.931019783,80.23853302,72315,72325,10
12.9305400848,80.2383499146,72325,72335,10
12.9299697876,80.2381362915,72335,72345,10
12.9295196533,80.238067627,72345,72355,10
12.9294595718,80.2383117676,72355,72365,10
12.9293603897,80.2387466431,72365,72376,11
12.9292201996,80.2390594482,72376,72386,10
12.928850174,80.2390213013,72386,72396,10
12.9283399582,80.2389068604,72396,72436,40
12.9283399582,80.2389068604,72436,72446,10
12.9279499054,80.2388000488,72446,72456,10
12.9273500443,80.2386627197,72456,72466,10
12.926779747,80.2385025024,72466,72476,10
12.9257097244,80.2382278442,72476,72497,21
12.9257097244,80.2382278442,72497,72507,10
12.9255599976,80.2381591797,72507,72517,10
12.925359726,80.2382965088,72517,72527,10
12.9255895615,80.2384567261,72527,73445,918
12.9255895615,80.2384567261,73445,73456,11
12.9257602692,80.2382202148,73456,73466,10
12.9260396957,80.2382583618,73466,73476,10
12.9265098572,80.2384033203,73476,73486,10
12.9270601273,80.2385482788,73486,73496,10
12.9275999069,80.2386779785,73496,73506,10
12.9281702042,80.2388076782,73506,73526,20
12.9281702042,80.2388076782,73526,73536,10
12.9283399582,80.2388687134,73536,73546,10
12.9287204742,80.2389678955,73546,73556,10
12.9291696548,80.2390899658,73556,73567,11
12.9293203354,80.2389221191,73567,73577,10
12.9294395447,80.2385025024,73577,73587,10
12.9295501709,80.2381362915,73587,73597,10
12.9298095703,80.2380371094,73597,73607,10
12.9304599762,80.2382965088,73607,73617,10
12.9310703278,80.2385177612,73617,73627,10
12.9310998917,80.23853302,73627,73637,10
12.9313602448,80.2386322021,73637,73647,10
12.931810379,80.2388000488,73647,73657,10
12.932100296,80.2387619019,73657,73668,11
12.932220459,80.23853302,73668,73678,10
12.932299614,80.23828125,73678,73688,10
12.932510376,80.237701416,73688,73698,10
12.9326696396,80.2372894287,73698,73708,10
12.9327802658,80.2370223999,73708,73718,10
12.9329004288,80.2364807129,73718,73728,10
12.9329595566,80.2361602783,73728,73738,10
12.9330596924,80.2361221313,73738,73748,10
12.9333600998,80.2362213135,73748,73758,10
12.9334001541,80.2362365723,73758,73768,10
12.9335603714,80.236038208,73768,73779,11
12.933719635,80.235496521,73779,73789,10
12.9338302612,80.2351608276,73789,73799,10
12.9340000153,80.2350616455,73799,73809,10
12.934220314,80.2351837158,73809,73819,10
12.9348497391,80.235458374,73819,73829,10
12.9350700378,80.235496521,73829,73849,20
12.9350700378,80.235496521,73849,73859,10
12.9351396561,80.2353820801,73859,73869,10
12.9352197647,80.2351531982,73869,73879,10
12.935500145,80.2344207764,73879,73890,11
12.9357204437,80.2339019775,73890,73930,40
12.9357204437,80.2339019775,73930,73940,10
12.9362201691,80.2339401245,73940,73950,10
12.9369297028,80.2342987061,73950,73960,10
12.9378595352,80.2347793579,73960,73970,10
12.9388904572,80.2353210449,73970,73980,10
12.9395599365,80.2356491089,73980,73990,10
12.9395904541,80.2356567383,73990,74001,11
12.9398603439,80.235786438,74001,74011,10
12.9405899048,80.2360229492,74011,74021,10
12.9415197372,80.2362365723,74021,74031,10
12.9426803589,80.2366027832,74031,74041,10
12.9436502457,80.2373809814,74041,74051,10
12.944319725,80.2381362915,74051,74061,10
12.9454402924,80.2392578125,74061,74071,10
12.9465398788,80.2397613525,74071,74081,10
12.9471101761,80.2399978638,74081,74091,10
12.9471797943,80.2400436401,74091,74102,11
12.9477396011,80.240272522,74102,74112,10
12.9480495453,80.2403869629,74112,74122,10
12.9481697083,80.2404403687,74122,74132,10
12.9485998154,80.2406005859,74132,74142,10
12.9491701126,80.2408294678,74142,74152,10
12.9498796463,80.2410583496,74152,74162,10
12.9505596161,80.2412796021,74162,74172,10
12.950920105,80.2413787842,74172,74182,10
12.9510097504,80.2414016724,74182,74192,10
12.9515199661,80.2416000366,74192,74202,10
12.9523296356,80.2419128418,74202,74213,11
12.9531402588,80.2422180176,74213,74223,10
12.9535102844,80.2423706055,74223,74233,10
12.9537401199,80.2424468994,74233,74243,10
12.9538297653,80.2424621582,74243,74253,10
12.9538898468,80.2424926758,74253,74263,10
12.9541101456,80.2425918579,74263,74279,16
12.9549303055,80.2429199219,74279,74291,12
12.9556798935,80.2431793213,74291,74299,8
12.9562196732,80.2433395386,74299,74311,12
12.9564599991,80.2434234619,74311,74322,11
12.9570198059,80.2436904907,74322,74331,9
12.9577503204,80.2440490723,74331,74342,11
12.958609581,80.2444000244,74342,74352,10
12.958820343,80.244468689,74352,74362,10
12.9590902328,80.2446212769,74362,74371,9
12.9596004486,80.2448577881,74371,74382,11
12.9604196548,80.2452316284,74382,74392,10
12.9614095688,80.2456970215,74392,74402,10
12.9623003006,80.2461700439,74402,74411,9
12.9632301331,80.2466278076,74411,74463,52
12.9632301331,80.2466278076,74463,74473,10
12.9634799957,80.246711731,74473,74483,10
12.9638204575,80.2468719482,74483,74493,10
12.9644403458,80.2471084595,74493,74503,10
12.9652795792,80.2473983765,74503,74513,10
12.9661197662,80.2477035522,74513,74523,10
12.9664402008,80.247833252,74523,74534,11
12.9664897919,80.2478713989,74534,74544,10
12.9668998718,80.2481002808,74544,74554,10
12.9675998688,80.2484207153,74554,74564,10
12.9685602188,80.2488098145,74564,74574,10
12.9694595337,80.2491836548,74574,74584,10
12.9705495834,80.2496185303,74584,74594,10
12.9718399048,80.2499771118,74594,74604,10
12.9731302261,80.2503204346,74604,74614,10
12.9742898941,80.250617981,74614,74624,10
12.975399971,80.2509536743,74624,74634,10
12.9764900208,80.2512435913,74634,74645,11
12.9775800705,80.251739502,74645,74655,10
12.9783401489,80.2523193359,74655,74665,10
12.9786195755,80.2525024414,74665,74675,10
12.9789600372,80.2526321411,74675,74685,10
12.9793796539,80.2526931763,74685,74695,10
12.9798402786,80.2527236938,74695,74705,10
12.9804496765,80.2527313232,74705,74715,10
12.9812602997,80.2526779175,74715,74725,10
12.9822597504,80.2526321411,74725,74735,10
12.9832897186,80.2525482178,74735,74745,10
12.98416996,80.2523193359,74745,74756,11
12.9849100113,80.2521209717,74756,74766,10
12.9853000641,80.2520065308,74766,74796,30
12.9853000641,80.2520065308,74796,74806,10
12.985449791,80.2519836426,74806,74816,10
12.9859199524,80.2518463135,74816,74826,10
12.9863195419,80.2517700195,74826,74836,10
12.9869203568,80.2516098022,74836,74846,10
12.9877004623,80.2514419556,74846,74857,11
12.9878902435,80.2515563965,74857,74867,10
12.9879102707,80.2517623901,74867,74877,10
12.9879798889,80.2522583008,74877,74887,10
12.987950325,80.2528991699,74887,74897,10
12.9879198074,80.2533569336,74897,74907,10
12.9878902435,80.2535934448,74907,74927,20
12.9878902435,80.2535934448,74927,74937,10
12.9878997803,80.253616333,74937,74947,10
12.987859726,80.2540206909,74947,74957,10
12.987830162,80.2543792725,74957,74968,11
12.9877700806,80.2549514771,74968,74978,10
12.9877195358,80.2552719116,74978,74988,10
12.9876899719,80.2555465698,74988,74998,10
12.9877300262,80.2558364868,74998,75008,10
12.9881601334,80.255897522,75008,75018,10
12.9883499146,80.2559280396,75018,75028,10
12.9885101318,80.2559509277,75028,75038,10
12.9886302948,80.2559509277,75038,75048,10
12.9890499115,80.2559890747,75048,75058,10
12.9897403717,80.2560424805,75058,75068,10
12.9903001785,80.2560119629,75068,75079,11
12.9906902313,80.2560424805,75079,75089,10
12.9912900925,80.2560501099,75089,75099,10
12.9921703339,80.2560806274,75099,75109,10
12.9931201935,80.2560806274,75109,75119,10
12.9937801361,80.2560501099,75119,75129,10
12.99421978,80.2560119629,75129,75139,10
12.9946098328,80.2559509277,75139,75149,10
12.9950199127,80.255897522,75149,75165,16
12.9954595566,80.2559127808,75165,75177,12
12.9959096909,80.2559280396,75177,75217,40
12.9959096909,80.2559280396,75217,75228,11
12.9961996078,80.2559585571,75228,75239,11
12.9965696335,80.2559280396,75239,75249,10
12.9968900681,80.2559280396,75249,75259,10
12.9970998764,80.2559509277,75259,75269,10
12.9973402023,80.2559585571,75269,75290,21
12.9973402023,80.2559585571,75290,75300,10
12.9976997375,80.2559661865,75300,75310,10
12.9981498718,80.2559967041,75310,75320,10
12.9989299774,80.2561264038,75320,75340,20
12.9989299774,80.2561264038,75340,75350,10
12.9994001389,80.2562179565,75350,75360,10
12.9998102188,80.2563171387,75360,75370,10
13.0002698898,80.2564086914,75370,75380,10
13.0006399155,80.2564926147,75380,75411,31
13.0006399155,80.2564926147,75411,75421,10
13.0008096695,80.2565383911,75421,75431,10
13.0010995865,80.2565765381,75431,75441,10
13.0013904572,80.2566223145,75441,75451,10
13.001709938,80.2566680908,75451,75461,10
13.0019903183,80.2567062378,75461,75471,10
13.0022201538,80.2567596436,75471,75481,10
13.0024299622,80.2567977905,75481,75491,10
13.0026903152,80.2568435669,75491,75512,21
13.0026903152,80.2568435669,75512,75522,10
13.0032501221,80.2569198608,75522,75532,10
13.0038900375,80.2570495605,75532,75542,10
13.0046100616,80.2571792603,75542,75552,10
13.0054397583,80.2572784424,75552,75562,10
13.006480217,80.2574691772,75562,75643,81
13.006480217,80.2574691772,75643,75653,10
13.0065202713,80.2575683594,75653,75663,10
13.0067396164,80.2577362061,75663,75673,10
13.0071201324,80.2583770752,75673,75683,10
13.0079698563,80.2589187622,75683,75693,10
13.0085802078,80.2591094971,75693,75703,10
13.0092201233,80.2591705322,75703,75713,10
13.0101900101,80.2591781616,75713,75724,11
13.0114603043,80.2591705322,75724,75734,10
13.0126199722,80.2592163086,75734,75744,10
13.0141496658,80.2592697144,75744,75753,9
13.0153503418,80.2593536377,75753,75764,11
13.0161399841,80.2595977783,75764,75774,10
13.0163297653,80.2597427368,75774,75783,9
13.0164203644,80.2598266602,75783,75794,11
13.0169000626,80.2601699829,75794,75804,10
13.0174798965,80.260559082,75804,75814,10
13.0180501938,80.2609710693,75814,75824,10
13.018699646,80.2614517212,75824,75835,11
13.0193500519,80.2619934082,75835,75845,10
13.019900322,80.2625808716,75845,75855,10
13.0202798843,80.2630081177,75855,75865,10
13.0199098587,80.2630767822,75865,75875,10
13.0192203522,80.2630233765,75875,75885,10
13.0189695358,80.2632217407,75885,75895,10
13.0190401077,80.263923645,75895,75905,10
13.0189504623,80.264831543,75905,75915,10
13.0188102722,80.2654190063,75915,75925,10
13.0186700821,80.2659301758,75925,75936,11
13.0186595917,80.2667694092,75936,75946,10
13.0190401077,80.2676620483,75946,75956,10
13.0196504593,80.2684326172,75956,75966,10
13.0201997757,80.2691192627,75966,75976,10
13.0207099915,80.2697067261,75976,75986,10
13.0211200714,80.2702178955,75986,75996,10
13.0214195251,80.2705535889,75996,76006,10
13.0215196609,80.2706680298,76006,76016,10
13.0218200684,80.2710800171,76016,76025,9
13.0222101212,80.2715911865,76025,76036,11
13.0227804184,80.2723388672,76036,76047,11
13.0235900879,80.2734375,76047,76057,10
13.0241603851,80.2742233276,76057,76067,10
13.0247402191,80.2747573853,76067,76077,10
13.0253295898,80.2749710083,76077,76087,10
13.0254602432,80.2750396729,76087,76097,10
13.0258197784,80.2751998901,76097,76107,10
13.0263204575,80.2754516602,76107,76117,10
13.0268602371,80.275718689,76117,76127,10
13.0274801254,80.2760009766,76127,76137,10
13.0280504227,80.2762298584,76137,76147,10
13.0286998749,80.2764587402,76147,76158,11
13.0295495987,80.2767028809,76158,76168,10
13.0302400589,80.2769622803,76168,76178,10
13.0307502747,80.2772521973,76178,76188,10
13.0311803818,80.2775115967,76188,76198,10
13.03166008,80.2776184082,76198,76208,10
13.032119751,80.2775878906,76208,76218,10
13.0325298309,80.2775115967,76218,76228,10
13.0327196121,80.2774963379,76228,76238,10
13.0329999924,80.2774810791,76238,76254,16
13.0335102081,80.2773971558,76254,76267,13
13.0340299606,80.2775115967,76267,76277,10
13.0345897675,80.2776565552,76277,76287,10
13.0356197357,80.2778167725,76287,76297,10
13.0362997055,80.2779388428,76297,76307,10
13.0369997025,80.2782211304,76307,76315,8
13.0374097824,80.2783432007,76315,76327,12
13.0383996964,80.2786026001,76327,76337,10
13.0388898849,80.2787399292,76337,76347,10
13.0390501022,80.2788009644,76347,76357,10
13.0395202637,80.2789535522,76357,76366,9
13.0402698517,80.2791595459,76366,76378,12
13.041560173,80.2794189453,76378,76387,9
13.0430402756,80.2795791626,76387,76438,51
13.0430402756,80.2795791626,76438,76448,10
13.0431098938,80.2795562744,76448,76458,10
13.0435304642,80.2797012329,76458,76468,10
13.0442495346,80.2798995972,76468,76478,10
13.0451402664,80.2800369263,76478,76489,11
13.0458898544,80.2801589966,76489,76505,16
13.0465097427,80.2802429199,76505,76517,12
13.0475997925,80.2804031372,76517,76527,10
13.048740387,80.2805633545,76527,76537,10
13.049659729,80.2806930542,76537,76547,10
13.0504198074,80.2807998657,76547,76557,10
13.0512304306,80.280921936,76557,76567,10
13.0521602631,80.2810668945,76567,76577,10
13.0530796051,80.281211853,76577,76587,10
13.054019928,80.2813568115,76587,76598,11
13.054980278,80.281539917,76598,76608,10
13.0558395386,80.2817001343,76608,76618,10
13.0564203262,80.2818222046,76618,76628,10
13.0565004349,80.2818374634,76628,76638,10
13.0571603775,80.2819671631,76638,76668,30
13.0571603775,80.2819671631,76668,76678,10
13.0574102402,80.2820205688,76678,76688,10
13.0579795837,80.2821426392,76688,76699,11
13.0588598251,80.2823410034,76699,76709,10
13.0597801208,80.2825164795,76709,76719,10
13.0606899261,80.2827072144,76719,76729,10
13.0615501404,80.2828903198,76729,76739,10
13.0623998642,80.2830810547,76739,76749,10
13.0631799698,80.283241272,76749,76759,10
13.0636301041,80.2833328247,76759,76769,10
13.0636396408,80.2833404541,76769,76779,10
13.0639400482,80.2834014893,76779,76789,10
13.064499855,80.283531189,76789,76799,10
13.065290451,80.2837219238,76799,76810,11
13.0664396286,80.2839736938,76810,76820,10
13.0674600601,80.2841796875,76820,76830,10
13.0680999756,80.2842788696,76830,76840,10
13.0687103271,80.2844161987,76840,76850,10
13.069560051,80.2846374512,76850,76860,10
13.0706300735,80.2849121094,76860,76870,10
13.0716600418,80.2851715088,76870,76880,10
13.0726099014,80.2853164673,76880,76890,10
13.0733098984,80.2852401733,76890,76900,10
13.0734901428,80.2852401733,76900,76911,11
13.0738296509,80.2854614258,76911,76921,10
13.0739202499,80.2855987549,76921,76931,10
13.0740804672,80.2858810425,76931,76941,10
13.0744199753,80.2862319946,76941,76951,10
13.0749502182,80.286567688,76951,76961,10
13.0753202438,80.2867965698,76961,76971,10
13.0757703781,80.2870178223,76971,76981,10
13.0765399933,80.2872161865,76981,76991,10
13.0777397156,80.2875137329,76991,77001,10
13.0788698196,80.2878112793,77001,77011,10
13.079870224,80.2881164551,77011,77022,11
13.0807304382,80.2883071899,77022,77032,10
13.0815696716,80.2886199951,77032,77042,10
13.0823297501,80.2888870239,77042,77052,10
13.0831804276,80.2892227173,77052,77062,10
13.0840501785,80.2891998291,77062,77072,10
13.0850696564,80.2891769409,77072,77082,10
13.0860500336,80.2893829346,77082,77092,10
13.0870800018,80.289680481,77092,77102,10
13.0879001617,80.2900314331,77102,77112,10
13.088760376,80.2902069092,77112,77163,51
13.088760376,80.2902069092,77163,77173,10
13.0887699127,80.2904815674,77173,77183,10
13.0884199142,80.2903823853,77183,77201,18
13.0873603821,80.2899093628,77201,77213,12
13.0865001678,80.2896575928,77213,77223,10
13.085940361,80.2895202637,77223,77233,10
13.0854797363,80.2890625,77233,77243,10
13.0851297379,80.2882385254,77243,77254,11
13.085100174,80.2871398926,77254,77263,9
13.0851802826,80.2861404419,77263,77274,11
13.0852899551,80.2848968506,77274,77284,10
13.0851898193,80.2841491699,77284,77315,31
13.0851898193,80.2841491699,77315,77325,10
13.0852203369,80.2840805054,77325,77335,10
13.0853700638,80.2837600708,77335,77346,11
13.0854997635,80.2835388184,77346,77356,10
13.0858001709,80.2835464478,77356,77366,10
13.0861101151,80.2835464478,77366,77376,10
13.0863399506,80.2836990356,77376,77386,10
13.0865697861,80.2838668823,77386,77396,10
13.0869503021,80.2840194702,77396,77406,10
13.0871400833,80.2839813232,77406,77416,10
13.0873298645,80.2840118408,77416,77426,10
13.0876102448,80.283996582,77426,77436,10
13.0879001617,80.2840194702,77436,77729,293
13.0879001617,80.2840194702,77729,77739,10
13.0881099701,80.2836914063,77739,77769,30
13.0881099701,80.2836914063,77769,77780,11
13.0882701874,80.2832565308,77780,77790,10
13.088259697,80.2829589844,77790,77800,10
13.0882902145,80.282623291,77800,77810,10
13.0882701874,80.2823028564,77810,77820,10
13.088139534,80.2818374634,77820,77830,10
13.0880403519,80.2814788818,77830,77840,10
13.0882501602,80.2814407349,77840,77850,10
13.0884895325,80.281539917,77850,77860,10
13.0884895325,80.2818374634,77860,77870,10
13.0884304047,80.2821578979,77870,77880,10
13.0883598328,80.2825088501,77880,77891,11
13.0883102417,80.2830123901,77891,77901,10
13.0882797241,80.2833023071,77901,77911,10
13.0882997513,80.2834091187,77911,77921,10
13.0883197784,80.2835693359,77921,77931,10
13.0883302689,80.2837524414,77931,77941,10
13.0883398056,80.2838821411,77941,77951,10
13.0883598328,80.283996582,77951,77961,10
13.0883703232,80.2844772339,77961,77971,10
13.0883903503,80.2850799561,77971,77981,10
13.0884103775,80.2851791382,77981,77992,11
13.0884399414,80.28540802,77992,78002,10
13.088470459,80.2857894897,78002,78012,10
13.0884895325,80.286277771,78012,78022,10
13.0885000229,80.2865371704,78022,78032,10
13.08852005,80.2869567871,78032,78042,10
13.0885696411,80.2874832153,78042,78052,10
13.0886001587,80.2877807617,78052,78062,10
13.0886602402,80.2883987427,78062,78072,10
13.0886697769,80.2886886597,78072,78082,10
13.0887403488,80.2891998291,78082,78092,10
13.0887098312,80.2894134521,78092,78103,11
13.0886697769,80.2896728516,78103,78113,10
13.0886898041,80.2902603149,78113,78143,30
13.0886898041,80.2902603149,78143,78153,10
13.0886001587,80.2905807495,78153,78163,10
13.0882301331,80.2903213501,78163,78173,10
13.0876703262,80.2900009155,78173,78183,10
13.0869503021,80.2896881104,78183,78193,10
13.0859498978,80.2893981934,78193,78203,10
13.0849199295,80.2891998291,78203,78214,11
13.083820343,80.2892303467,78214,78224,10
13.0829000473,80.2891998291,78224,78234,10
13.0820703506,80.2888793945,78234,78244,10
13.0813398361,80.2885894775,78244,78254,10
13.0805902481,80.2883911133,78254,78264,10
13.0796804428,80.288192749,78264,78274,10
13.0785999298,80.2878036499,78274,78284,10
13.0774097443,80.2874832153,78284,78294,10
13.0762901306,80.2871704102,78294,78304,10
13.0753698349,80.2868423462,78304,78315,11
13.0745697021,80.2863388062,78315,78325,10
13.0738096237,80.2860870361,78325,78335,10
13.0729398727,80.2857589722,78335,78345,10
13.0719604492,80.2853393555,78345,78355,10
13.0709199905,80.2850570679,78355,78365,10
13.0697803497,80.2847671509,78365,78375,10
13.0685501099,80.2844772339,78375,78385,10
13.0672197342,80.2842407227,78385,78395,10
13.0658502579,80.2839431763,78395,78405,10
13.0646295547,80.2836608887,78405,78415,10
13.0637702942,80.2834396362,78415,78426,11
13.0626401901,80.2831726074,78426,78446,20
13.0626401901,80.2831726074,78446,78456,10
13.0625600815,80.2831726074,78456,78466,10
13.0621404648,80.2830734253,78466,78476,10
13.0614595413,80.282913208,78476,78486,10
13.0607299805,80.2827377319,78486,78496,10
13.0604400635,80.2826766968,78496,78506,10
13.0601997375,80.2826309204,78506,78516,10
13.0597801208,80.2825393677,78516,78527,11
13.0588598251,80.2823562622,78527,78537,10
13.0580701828,80.2822189331,78537,78547,10
13.0577297211,80.2821578979,78547,78557,10
13.05671978,80.2819366455,78557,78577,20
13.05671978,80.2819366455,78577,78587,10
13.056429863,80.281867981,78587,78597,10
13.0557804108,80.2817382813,78597,78607,10
13.0549402237,80.2815475464,78607,78617,10
13.0538797379,80.2813720703,78617,78627,10
13.0528402328,80.2811889648,78627,78638,11
13.0518903732,80.2810516357,78638,78648,10
13.0510196686,80.2809371948,78648,78658,10
13.0501003265,80.2808074951,78658,78668,10
13.0494804382,80.2807235718,78668,78678,10
13.049079895,80.2806396484,78678,78688,10
13.0483798981,80.2805480957,78688,78698,10
13.0474500656,80.280418396,78698,78708,10
13.0456495285,80.2801818848,78708,78728,20
13.0456495285,80.2801818848,78728,78738,10
13.0454101563,80.2801437378,78738,78748,10
13.0448102951,80.2800674438,78748,78759,11
13.0439901352,80.2799530029,78759,78769,10
13.0432701111,80.2798309326,78769,78779,10
13.042429924,80.2796401978,78779,78789,10
13.0415201187,80.2794570923,78789,78799,10
13.0407600403,80.279296875,78799,78809,10
13.0399599075,80.2791137695,78809,78819,10
13.0392599106,80.2789077759,78819,78829,10
13.0391998291,80.2788772583,78829,78839,10
13.0390300751,80.2788314819,78839,78850,11
13.0386400223,80.2786712646,78850,78860,10
13.0381202698,80.2785186768,78860,78870,10
13.0375499725,80.2783889771,78870,78880,10
13.0369901657,80.278213501,78880,78890,10
13.0363903046,80.2779769897,78890,78900,10
13.0356397629,80.2777862549,78900,78910,10
13.0347995758,80.2776489258,78910,78920,10
13.0340204239,80.2774581909,78920,78929,9
13.0333995819,80.2774124146,78929,78939,10
13.0326900482,80.2774963379,78939,78950,11
13.0318202972,80.2775802612,78950,78961,11
13.0310001373,80.2773284912,78961,78971,10
13.0305995941,80.2770996094,78971,78981,10
13.0304498672,80.2770080566,78981,78991,10
13.0299196243,80.2768325806,78991,79001,10
13.0292596817,80.2766494751,79001,79011,10
13.0284996033,80.2764129639,79011,79021,10
13.0277395248,80.2760391235,79021,79031,10
13.0271997452,80.2758331299,79031,79041,10
13.026309967,80.275428772,79041,79051,10
13.025970459,80.2752609253,79051,79061,10
13.0259199142,80.2751998901,79061,79072,11
13.0254402161,80.2750091553,79072,79082,10
13.0247898102,80.2747192383,79082,79092,10
13.0242395401,80.2742919922,79092,79102,10
13.0238199234,80.2737197876,79102,79112,10
13.023440361,80.2731781006,79112,79122,10
13.022939682,80.2724761963,79122,79132,10
13.022359848,80.2717208862,79132,79142,10
13.0217399597,80.2709197998,79142,79158,16
13.020939827,80.2700119019,79158,79170,12
13.0207796097,80.2698364258,79170,79180,10
13.0204601288,80.2694091797,79180,79190,10
13.0200004578,80.2688598633,79190,79201,11
13.0194196701,80.2681503296,79201,79211,10
13.0189399719,80.2676010132,79211,79221,10
13.0186901093,80.2668991089,79221,79231,10
13.0186004639,80.2661437988,79231,79241,10
13.018699646,80.2655181885,79241,79251,10
13.0189304352,80.2647171021,79251,79261,10
13.0190000534,80.2638168335,79261,79271,10
13.0189800262,80.2633972168,79271,79281,10
13.0188798904,80.2628707886,79281,79292,11
13.0188102722,80.2621536255,79292,79302,10
13.0187902451,80.2619781494,79302,79312,10
13.0187196732,80.2615127563,79312,79322,10
13.0184402466,80.261177063,79322,79332,10
13.0178003311,80.2607727051,79332,79342,10
13.0171499252,80.2603530884,79342,79352,10
13.0163698196,80.2598724365,79352,79362,10
13.0159196854,80.2596511841,79362,79372,10
13.0158100128,80.2595977783,79372,79382,10
13.0153503418,80.259437561,79382,79393,11
13.0145797729,80.2593307495,79393,79403,10
13.0137395859,80.2592926025,79403,79413,10
13.0127096176,80.2592391968,79413,79423,10
13.0117197037,80.2592086792,79423,79433,10
13.0108203888,80.2592086792,79433,79443,10
13.0098800659,80.2592163086,79443,79453,10
13.0089902878,80.2591934204,79453,79463,10
13.0086803436,80.2592391968,79463,79473,10
13.008099556,80.2592315674,79473,79483,10
13.0074901581,80.2593383789,79483,79493,10
13.0072002411,80.2587890625,79493,79504,11
13.0071601868,80.258682251,79504,79514,10
13.0070495605,80.258430481,79514,79524,10
13.0067396164,80.2579269409,79524,79534,10
13.006070137,80.257522583,79534,79544,10
13.0051498413,80.2572784424,79544,79554,10
13.0042800903,80.2570877075,79554,79564,10
13.0033798218,80.2568969727,79564,79574,10
13.0026197433,80.2567596436,79574,79584,10
13.0018596649,80.2566223145,79584,79594,10
13.0010404587,80.2565078735,79594,79604,10
13.0001497269,80.2563781738,79604,79615,11
12.9996004105,80.2563095093,79615,79625,10
12.9988698959,80.256149292,79625,79655,30
12.9988698959,80.256149292,79655,79665,10
12.9986495972,80.2561035156,79665,79675,10
12.9985198975,80.2560806274,79675,79685,10
12.9982004166,80.2560195923,79685,79695,10
12.9979295731,80.2559814453,79695,79705,10
12.9975204468,80.2559280396,79705,79716,11
12.9970798492,80.2559204102,79716,79726,10
12.9970703125,80.2559204102,79726,79736,10
12.9966697693,80.255897522,79736,79746,10
12.9960699081,80.2558898926,79746,79756,10
12.995349884,80.2559127808,79756,79766,10
12.9946699142,80.2559432983,79766,79776,10
12.9939603806,80.2560424805,79776,79786,10
12.9931201935,80.2560806274,79786,79796,10
12.9921798706,80.256111145,79796,79806,10
12.9912796021,80.2560501099,79806,79816,10
12.990480423,80.2560195923,79816,79827,11
12.9895401001,80.2559967041,79827,79837,10
12.988650322,80.2559280396,79837,79847,10
12.9878902435,80.2558288574,79847,79948,101
12.9878902435,80.2558288574,79948,79958,10
12.9874601364,80.2557296753,79958,79968,10
12.9869098663,80.2556762695,79968,79978,10
12.9861698151,80.2555389404,79978,80008,30
12.9861698151,80.2555389404,80008,80018,10
12.9857902527,80.2554321289,80018,80028,10
12.9852800369,80.255317688,80028,80039,11
12.9846000671,80.2551803589,80039,80049,10
12.9840297699,80.2550201416,80049,80059,10
12.9837999344,80.2549591064,80059,80069,10
12.98320961,80.2547912598,80069,80079,10
12.9826002121,80.2546234131,80079,80089,10
12.9820404053,80.2541732788,80089,80099,10
12.9818296432,80.2535171509,80099,80109,10
12.9815301895,80.2528305054,80109,80119,10
12.9807500839,80.2527923584,80119,80129,10
12.9804601669,80.252822876,80129,80139,10
12.9803199768,80.2528533936,80139,80150,11
12.9798803329,80.252822876,80150,80160,10
12.97935009,80.2527313232,80160,80170,10
12.9790897369,80.2527084351,80170,80180,10
12.9785003662,80.2525787354,80180,80200,20
12.9785003662,80.2525787354,80200,80210,10
12.9784898758,80.2525634766,80210,80220,10
12.9781503677,80.2523193359,80220,80230,10
12.9777002335,80.2519073486,80230,80240,10
12.9770202637,80.2514724731,80240,80249,9
12.9762096405,80.2511901855,80249,80261,12
12.975060463,80.2508392334,80261,80271,10
12.973859787,80.2504806519,80271,80281,10
12.9727802277,80.2501983643,80281,80291,10
12.9719495773,80.249961853,80291,80301,10
12.9711999893,80.24974823,80301,80311,10
12.9703197479,80.2494812012,80311,80321,10
12.9693698883,80.2490997314,80321,80331,10
12.9684200287,80.2487411499,80331,80341,10
12.9674100876,80.2483215332,80341,80351,10
12.9663600922,80.2478485107,80351,80361,10
12.9649801254,80.2473068237,80361,80392,31
12.9649801254,80.2473068237,80392,80402,10
12.964679718,80.2472076416,80402,80412,10
12.9640703201,80.2469787598,80412,80422,10
12.9635400772,80.2467880249,80422,80432,10
12.9631004333,80.2465896606,80432,80442,10
12.9624204636,80.2462615967,80442,80452,10
12.9615898132,80.24584198,80452,80462,10
12.9606103897,80.2453613281,80462,80473,11
12.9592504501,80.2447891235,80473,80493,20
12.9592504501,80.2447891235,80493,80503,10
12.9591197968,80.244720459,80503,80513,10
12.9586296082,80.2445220947,80513,80523,10
12.9580202103,80.2442932129,80523,80533,10
12.9575300217,80.2440795898,80533,80543,10
12.9568796158,80.2438735962,80543,80553,10
12.9564399719,80.2437362671,80553,80584,31
12.9564399719,80.2437362671,80584,80594,10
12.9560604095,80.2436218262,80594,80604,10
12.9555196762,80.2433013916,80604,80614,10
12.9547996521,80.2429504395,80614,80624,10
12.9539699554,80.2425994873,80624,80634,10
12.9530200958,80.2422103882,80634,80644,10
12.9520397186,80.2418289185,80644,80654,10
12.9514503479,80.2416305542,80654,80664,10
12.9514398575,80.2416229248,80664,80674,10
12.951379776,80.2415084839,80674,80685,11
12.9509296417,80.2413864136,80685,80695,10
12.9502096176,80.2412185669,80695,80705,10
12.9493904114,80.2409362793,80705,80715,10
12.9484596252,80.2405776978,80715,80725,10
12.947019577,80.240020752,80725,80745,20
12.947019577,80.240020752,80745,80755,10
12.946969986,80.2399978638,80755,80765,10
12.9465799332,80.2398376465,80765,80775,10
12.9459400177,80.2395629883,80775,80785,10
12.9452199936,80.2391662598,80785,80796,11
12.9444599152,80.2383728027,80796,80806,10
12.9436702728,80.237487793,80806,80816,10
12.9427204132,80.2366714478,80816,80826,10
12.9415302277,80.2362670898,80826,80836,10
12.9404001236,80.2359924316,80836,80845,9
12.9395704269,80.2356872559,80845,80876,31
12.9395704269,80.2356872559,80876,80886,10
12.939499855,80.2356567383,80886,80896,10
12.9391298294,80.2354812622,80896,80907,11
12.9383897781,80.2351074219,80907,80917,10
12.9375600815,80.2347183228,80917,80927,10
12.9358797073,80.2339324951,80927,80937,10
12.9356803894,80.2340011597,80937,80957,20
12.9356803894,80.2340011597,80957,80967,10
12.9355201721,80.2343215942,80967,80977,10
12.9353103638,80.2348937988,80977,80987,10
12.9350996017,80.2353591919,80987,80997,10
12.934920311,80.2353973389,80997,81007,10
12.9347200394,80.2353134155,81007,81018,11
12.9341201782,80.2350692749,81018,81028,10
12.9338998795,80.2350463867,81028,81037,9
12.9337596893,80.2354278564,81037,81048,11
12.9335699081,80.2360534668,81048,81057,9
12.9334096909,80.2361984253,81057,81068,11
12.9333200455,80.2361907959,81068,81078,10
12.9332103729,80.2361602783,81078,81088,10
12.9329595566,80.2361907959,81088,81098,10
12.9328804016,80.2366027832,81098,81108,10
12.9326696396,80.2372207642,81108,81119,11
12.9325399399,80.2375335693,81119,81129,10
12.932299614,80.2381362915,81129,81139,10
12.9321699142,80.2384796143,81139,81149,10
12.9320001602,80.2387237549,81149,81159,10
12.9311599731,80.2385406494,81159,81189,30
12.9311599731,80.2385406494,81189,81199,10
12.9311504364,80.2385101318,81199,81209,10
12.9307498932,80.2383728027,81209,81219,10
12.9300899506,80.2381362915,81219,81230,11
12.9295301437,80.238067627,81230,81240,10
12.9294595718,80.2382965088,81240,81250,10
12.9293003082,80.2388000488,81250,81260,10
12.9291496277,80.2390365601,81260,81270,10
12.9282903671,80.2388076782,81270,81300,30
12.9282903671,80.2388076782,81300,81310,10
12.9278202057,80.2387008667,81310,81320,10
12.9270801544,80.2385177612,81320,81330,10
12.9264202118,80.2383499146,81330,81341,11
12.9257898331,80.2381820679,81341,81351,10
12.9257802963,80.2381820679,81351,81361,10
12.9256896973,80.2381210327,81361,81371,10
12.9253902435,80.2381591797,81371,81381,10
12.9255895615,80.2383499146,81381,81421,40
12.9255895615,80.2383499146,81421,81431,10
12.925740242,80.23828125,81431,81442,11
12.9261198044,80.2382278442,81442,81452,10
12.9266700745,80.2384033203,81452,81462,10
12.9272499084,80.2385482788,81462,81472,10
12.9279003143,80.2386932373,81472,81482,10
12.9284801483,80.238822937,81482,81492,10
12.9291801453,80.2390213013,81492,81502,10
12.9293498993,80.2388076782,81502,81512,10
12.9294700623,80.2383575439,81512,81522,10
12.9295597076,80.2380218506,81522,81532,10
12.9300899506,80.2380981445,81532,81542,10
12.9308700562,80.2383728027,81542,81553,11
12.931139946,80.2384719849,81553,81563,10
12.9313402176,80.2385406494,81563,81572,9
12.9317598343,80.2386779785,81572,81583,11
12.9322004318,80.2386016846,81583,81593,10
12.9322795868,80.238319397,81593,81603,10
12.9324398041,80.2379074097,81603,81613,10
12.9326496124,80.2373199463,81613,81623,10
12.9327297211,80.2370681763,81623,81633,10
12.9328899384,80.2365570068,81633,81643,10
12.9329500198,80.2361526489,81643,81654,11
12.9332304001,80.2361221313,81654,81664,10
12.9335298538,80.2361526489,81664,81674,10
12.9336004257,80.2358016968,81674,81684,10
12.9337701797,80.2351837158,81684,81694,10
12.9340000153,80.2350082397,81694,81704,10
12.9342498779,80.2351226807,81704,81714,10
12.9347600937,80.2353515625,81714,81724,10
12.9350404739,80.2354431152,81724,81734,10
12.9351396561,80.2353515625,81734,81744,10
12.9352302551,80.2350463867,81744,81754,10
12.935500145,80.2343597412,81754,81765,11
12.9356803894,80.2339401245,81765,81775,10
12.9358596802,80.2337417603,81775,81785,10
12.9364004135,80.2339782715,81785,81795,10
12.9372301102,80.2343826294,81795,81805,10
12.9383401871,80.234916687,81805,81815,10
12.9394397736,80.235458374,81815,81825,10
12.940320015,80.2358398438,81825,81835,10
12.941450119,80.2361221313,81835,81845,10
12.9426698685,80.2364807129,81845,81855,10
12.9437198639,80.2373199463,81855,81865,10
12.9445695877,80.2382888794,81865,81876,11
12.9456100464,80.2392272949,81876,81886,10
12.9467401505,80.2397232056,81886,81896,10
12.9476003647,80.2400970459,81896,81906,10
12.9484300613,80.2404327393,81906,81916,10
12.9491901398,80.2407531738,81916,81926,10
12.9501199722,80.2410430908,81926,81936,10
12.9510202408,80.2413024902,81936,81946,10
12.9511804581,80.2413482666,81946,81956,10
12.9517498016,80.2415466309,81956,81966,10
12.9526195526,80.241897583,81966,81977,11
12.9537696838,80.2423400879,81977,81987,10
12.9546804428,80.2426986694,81987,81997,10
12.9552602768,80.2429199219,81997,82007,10
12.956319809,80.2433319092,82007,82037,30
12.956319809,80.2433319092,82037,82047,10
12.9568796158,80.2435379028,82047,82057,10
12.9577102661,80.2438964844,82057,82067,10
12.9586896896,80.2442932129,82067,82077,10
12.9589004517,80.2443695068,82077,82088,11
12.9592895508,80.2446136475,82088,82098,10
12.9599199295,80.2449035645,82098,82108,10
12.9608201981,80.2453079224,82108,82118,10
12.9618797302,80.2458190918,82118,82128,10
12.9628200531,80.2462768555,82128,82138,10
12.9635696411,80.246673584,82138,82148,10
12.9644002914,80.2469863892,82148,82158,10
12.9652700424,80.2472763062,82158,82168,10
12.9661798477,80.2475662231,82168,82178,10
12.9665203094,80.247718811,82178,82189,11
12.9668197632,80.2478790283,82189,82199,10
12.96737957,80.2481994629,82199,82209,10
12.9682502747,80.2485198975,82209,82219,10
12.9693002701,80.2489089966,82219,82229,10
12.970459938,80.2493667603,82229,82239,10
12.971739769,80.24974823,82239,82249,10
12.972990036,80.2500991821,82249,82259,10
12.9742298126,80.2504196167,82259,82269,10
12.9754495621,80.2507705688,82269,82279,10
12.9765996933,80.2510910034,82279,82289,10
12.9775495529,80.2515411377,82289,82300,11
12.9785203934,80.2522583008,82300,82310,10
12.9788398743,80.2524032593,82310,82320,10
12.978890419,80.2524185181,82320,82330,10
12.9793796539,80.2525100708,82330,82340,10
12.9799203873,80.252571106,82340,82350,10
12.9803304672,80.2525787354,82350,82360,10
12.981180191,80.2525482178,82360,82370,10
12.9823102951,80.2525177002,82370,82380,10
12.9835996628,80.2523574829,82380,82390,10
12.9849004745,80.2520217896,82390,82400,10
12.9860601425,80.2517089844,82400,82411,11
12.9867401123,80.2515335083,82411,82421,10
12.9868297577,80.2515029907,82421,82431,10
12.9869403839,80.2514190674,82431,82451,20
12.9869403839,80.2514190674,82451,82461,10
12.987039566,80.2513885498,82461,82471,10
12.9873600006,80.2513122559,82471,82487,16
12.9879102707,80.2513885498,82487,82499,12
12.9880199432,80.2520370483,82499,82507,8
12.9879798889,80.2526168823,82507,82520,13
12.9878702164,80.2537689209,82520,82530,10
12.9877901077,80.2546691895,82530,82540,10
12.9877004623,80.2554931641,82540,82550,10
12.9876003265,80.2560577393,82550,82560,10
12.9876003265,80.2562713623,82560,82570,10
12.987569809,80.2563095093,82570,82580,10
12.9875402451,80.2567977905,82580,82590,10
12.9874801636,80.2575912476,82590,82599,9
12.9874000549,80.2583694458,82599,82609,10
12.9873199463,80.2590408325,82609,82620,11
12.9872903824,80.259147644,82620,82631,11
12.9872398376,80.2594223022,82631,82641,10
12.9869604111,80.2595672607,82641,82661,20
12.9869604111,80.2595672607,82661,82671,10
12.9868497849,80.2595672607,82671,82681,10
12.9865903854,80.2594833374,82681,82691,10
