12.9865703583,80.2587814331,12,860,848
12.9864902496,80.2584915161,860,1183,323
12.9865598679,80.2587127686,1183,1324,141
12.9864301682,80.2586517334,1324,6810,5486
12.9864301682,80.2586517334,6810,6820,10
12.9865999222,80.2585067749,6820,7173,353
12.9865703583,80.2584381104,7173,7314,141
12.9865598679,80.2585067749,7314,9214,1900
12.9865703583,80.2586669922,9214,10830,1616
12.9866304398,80.2584609985,10830,11173,343
12.9865999222,80.258682251,11173,15484,4311
12.9865598679,80.258430481,15484,15676,192
12.9864997864,80.2584686279,15676,17888,2212
12.9868497849,80.2585601807,17888,17959,71
12.9868001938,80.2584991455,17959,18080,121
12.9868803024,80.2585601807,18080,18201,121
12.9868803024,80.2585601807,18201,18211,10
12.9868803024,80.2586517334,18211,18272,61
12.9867601395,80.2589035034,18272,18322,50
12.9867601395,80.2589035034,18322,18332,10
12.9870195389,80.2591323853,18332,18423,91
12.9873800278,80.2591171265,18423,18453,30
12.9873800278,80.2591171265,18453,18464,11
12.9874095917,80.2587432861,18464,18474,10
12.9874296188,80.2584609985,18474,18484,10
12.9874601364,80.258102417,18484,18494,10
12.9874801636,80.2576217651,18494,18504,10
12.9875202179,80.2570571899,18504,18514,10
12.9875602722,80.2564315796,18514,18524,10
12.9876003265,80.2558364868,18524,18534,10
12.9880104065,80.2557220459,18534,18544,10
12.9884395599,80.2558135986,18544,18554,10
12.988650322,80.255859375,18554,18564,10
12.9891004562,80.2559204102,18564,18575,11
12.9897403717,80.2559890747,18575,18585,10
12.9903802872,80.2559661865,18585,18595,10
12.9910202026,80.2560272217,18595,18605,10
12.9917097092,80.256072998,18605,18615,10
12.9924602509,80.2560577393,18615,18625,10
12.9932699203,80.2559890747,18625,18635,10
12.9941797256,80.2559509277,18635,18645,10
12.995059967,80.2558898926,18645,18655,10
12.9959602356,80.2558670044,18655,18665,10
12.9967403412,80.255859375,18665,18676,11
12.9971199036,80.255859375,18676,18686,10
12.9975795746,80.2558898926,18686,18696,10
12.9980201721,80.2559585571,18696,18706,10
12.9987201691,80.2560501099,18706,18716,10
12.9990901947,80.2560577393,18716,18726,10
12.9992303848,80.2561035156,18726,18736,10
12.99958992,80.2561798096,18736,18746,10
13.0000600815,80.2562789917,18746,18756,10
13.0006999969,80.2564086914,18756,18766,10
13.0013999939,80.2565231323,18766,18777,11
13.0021896362,80.2566680908,18777,18787,10
13.0029697418,80.2568130493,18787,18797,10
13.0037403107,80.2569503784,18797,18807,10
13.0046100616,80.2571029663,18807,18817,10
13.0054597855,80.2572097778,18817,18827,10
13.0063400269,80.2573776245,18827,18837,10
13.0068998337,80.2577972412,18837,18847,10
13.0073003769,80.2584381104,18847,18857,10
13.0077800751,80.2586898804,18857,18867,10
13.0081396103,80.2588577271,18867,18877,10
13.0088396072,80.2590789795,18877,18888,11
13.0097103119,80.2590789795,18888,18898,10
13.0106296539,80.2590484619,18898,18908,10
13.0115499496,80.2590332031,18908,18918,10
13.0124998093,80.2590789795,18918,18928,10
13.0135402679,80.2591171265,18928,18938,10
13.0146598816,80.2591705322,18938,18948,10
13.0157804489,80.2593231201,18948,18958,10
13.0164604187,80.2596588135,18958,18974,16
13.0167198181,80.2598800659,18974,18986,12
13.0172996521,80.260269165,18986,18997,11
13.017999649,80.2607727051,18997,19007,10
13.0187196732,80.2612762451,19007,19017,10
13.0193996429,80.2618637085,19017,19027,10
13.0200004578,80.2624588013,19027,19037,10
13.020819664,80.2629013062,19037,19047,10
13.021490097,80.263092041,19047,19057,10
13.0220804214,80.2633666992,19057,19067,10
13.0224304199,80.2635574341,19067,19077,10
13.0228996277,80.2637634277,19077,19087,10
13.0235204697,80.2640914917,19087,19098,11
13.0243301392,80.2646026611,19098,19108,10
13.0249700546,80.26512146,19108,19118,10
13.025639534,80.2655792236,19118,19128,10
13.0262098312,80.2658462524,19128,19138,10
13.0263299942,80.2656402588,19138,19148,10
13.0263299942,80.2652435303,19148,19158,10
13.0264101028,80.2647705078,19158,19168,10
13.02643013,80.2642364502,19168,19178,10
13.0265102386,80.2636566162,19178,19188,10
13.0268802643,80.2634963989,19188,19199,11
13.0275201797,80.2636184692,19199,19209,10
13.028169632,80.2638015747,19209,19219,10
13.0287303925,80.263961792,19219,19229,10
13.0292196274,80.2641677856,19229,19239,10
13.0293798447,80.2644882202,19239,19255,16
13.0293197632,80.2655105591,19255,19267,12
13.0292797089,80.2661590576,19267,19277,10
13.0294103622,80.2665023804,19277,19286,9
13.0297403336,80.2666015625,19286,19297,11
13.0304603577,80.2667236328,19297,19308,11
13.0312204361,80.266960144,19308,19318,10
13.0320796967,80.2672576904,19318,19327,9
13.0326795578,80.2675704956,19327,19337,10
13.0333204269,80.2677536011,19337,19348,11
13.034040451,80.2678985596,19348,19357,9
13.0341901779,80.2679290771,19357,19368,11
13.0346403122,80.2679672241,19368,19378,10
13.0350999832,80.267906189,19378,19398,20
13.0350999832,80.267906189,19398,19409,11
13.0353298187,80.267906189,19409,19419,10
13.0356302261,80.2678909302,19419,19429,10
13.0361404419,80.2677764893,19429,19439,10
13.0367698669,80.2677001953,19439,19449,10
13.0369796753,80.2676620483,19449,19459,10
13.0373601913,80.2676696777,19459,19469,10
13.037899971,80.2676773071,19469,19479,10
13.038649559,80.2676773071,19479,19489,10
13.039440155,80.2677993774,19489,19499,10
13.0401496887,80.2679977417,19499,19510,11
13.0409297943,80.2682037354,19510,19520,10
13.0416603088,80.2682113647,19520,19530,10
13.0423898697,80.268119812,19530,19540,10
13.0428695679,80.2678604126,19540,19550,10
13.0432701111,80.2676010132,19550,19560,10
13.043800354,80.2672576904,19560,19570,10
13.0440998077,80.2670593262,19570,19580,10
13.0444602966,80.2668380737,19580,19590,10
13.0445203781,80.2662887573,19590,19600,10
13.0445299149,80.2655563354,19600,19610,10
13.0445404053,80.2647628784,19610,19621,11
13.0445604324,80.2638626099,19621,19631,10
13.0446596146,80.263092041,19631,19641,10
13.0448799133,80.2622375488,19641,19651,10
13.0450801849,80.2613220215,19651,19661,10
13.0452804565,80.2604827881,19661,19671,10
13.0453796387,80.2597198486,19671,19681,10
13.0454998016,80.2587814331,19681,19691,10
13.0457000732,80.2576980591,19691,19701,10
13.0459499359,80.2568206787,19701,19711,10
13.0460596085,80.2566070557,19711,19722,11
13.0464296341,80.2555999756,19722,19732,10
13.0464296341,80.2555999756,19732,19742,10
13.0467395782,80.2548294067,19742,19752,10
13.0474004745,80.2542495728,19752,19762,10
13.0481796265,80.2537765503,19762,19772,10
13.049030304,80.2533798218,19772,19782,10
13.0498695374,80.2528991699,19782,19792,10
13.0505599976,80.2523803711,19792,19803,11
13.0508899689,80.2520980835,19803,19813,10
13.0513601303,80.251739502,19813,19824,11
13.0519800186,80.251121521,19824,19834,10
13.0525197983,80.2507324219,19834,19843,9
13.0531597137,80.25050354,19843,19854,11
13.0539102554,80.2500610352,19854,19864,10
13.0545902252,80.249710083,19864,19874,10
13.0551595688,80.2494125366,19874,19884,10
13.0553302765,80.2492828369,19884,19894,10
13.055680275,80.249130249,19894,19904,10
13.0562801361,80.2489089966,19904,19914,10
13.0569601059,80.2486495972,19914,19924,10
13.0577802658,80.2483596802,19924,19935,11
13.0586700439,80.2480697632,19935,19951,16
13.0594997406,80.247756958,19951,19964,13
13.059920311,80.2476501465,19964,19974,10
13.060379982,80.2474594116,19974,19984,10
13.0609903336,80.2470779419,19984,19994,10
13.061630249,80.2466201782,19994,20004,10
13.061920166,80.2457427979,20004,20014,10
13.0623703003,80.2450408936,20014,20024,10
13.0626296997,80.2448577881,20024,20034,10
13.0630598068,80.244468689,20034,20045,11
13.0635404587,80.2437362671,20045,20055,10
13.0642004013,80.243598938,20055,20065,10
13.0650196075,80.2435913086,20065,20075,10
13.0659198761,80.2434997559,20075,20085,10
13.0667800903,80.2432022095,20085,20095,10
13.0676298141,80.2428512573,20095,20105,10
13.068570137,80.2425689697,20105,20115,10
13.069439888,80.2422409058,20115,20135,20
13.0711803436,80.2416992188,20135,20148,13
13.0724096298,80.2410507202,20148,20158,10
13.0733098984,80.2406997681,20158,20168,10
13.0742397308,80.2404937744,20168,20178,10
13.0753602982,80.2404785156,20178,20188,10
13.0763597488,80.2405014038,20188,20198,10
13.0771398544,80.2406234741,20198,20208,10
13.0774002075,80.2408981323,20208,20217,9
13.0775403976,80.2416534424,20217,20228,11
13.0777702332,80.2426681519,20228,20238,10
13.0778999329,80.2436828613,20238,20249,11
13.0781698227,80.2444000244,20249,20259,10
13.0786399841,80.2444076538,20259,20269,10
13.0788002014,80.2444381714,20269,20279,10
13.0791797638,80.2445220947,20279,20288,9
13.0792303085,80.2449188232,20288,20300,12
13.0795402527,80.2458724976,20300,20310,10
13.0796899796,80.2461700439,20310,20320,10
13.0801095963,80.2468185425,20320,20330,10
13.0804395676,80.2477264404,20330,20339,9
13.080739975,80.248626709,20339,20351,12
13.0811901093,80.249420166,20351,20361,10
13.0816497803,80.2496032715,20361,20371,10
13.0825796127,80.2497787476,20371,20381,10
13.0835599899,80.2499237061,20381,20391,10
13.084400177,80.2501220703,20391,20401,10
13.0851602554,80.2502593994,20401,20411,10
13.0857601166,80.2503585815,20411,20421,10
13.0861101151,80.25050354,20421,20431,10
13.0867004395,80.2505493164,20431,20441,10
13.0874004364,80.2507095337,20441,20452,11
13.0882797241,80.2507476807,20452,20462,10
13.0885896683,80.2507781982,20462,20472,10
13.0889596939,80.250831604,20472,20482,10
13.089050293,80.2508468628,20482,20492,10
13.0893497467,80.2509384155,20492,20502,10
13.0898799896,80.2509765625,20502,20512,10
13.0902500153,80.2510223389,20512,20522,10
13.0906801224,80.2510375977,20522,20532,10
13.0910997391,80.2510528564,20532,20542,10
13.0915298462,80.251083374,20542,20552,10
13.0920200348,80.2510528564,20552,20563,11
13.092300415,80.2510223389,20563,20573,10
13.0928001404,80.2509613037,20573,20583,10
13.0931100845,80.2509307861,20583,20593,10
13.0933904648,80.2508926392,20593,20603,10
13.0937404633,80.2509002686,20603,20613,10
13.0940103531,80.2509231567,20613,20623,10
13.0941400528,80.2509384155,20623,20633,10
13.094420433,80.2509689331,20633,20643,10
13.0949296951,80.2510528564,20643,20653,10
13.0956001282,80.2511825562,20653,20664,11
13.0963001251,80.2512664795,20664,20674,10
13.0970096588,80.2513427734,20674,20684,10
13.097530365,80.251373291,20684,20694,10
13.097820282,80.2513504028,20694,20704,10
13.0980501175,80.2511825562,20704,20714,10
13.098400116,80.2510681152,20714,20724,10
13.0989704132,80.2512207031,20724,20734,10
13.099650383,80.2514724731,20734,20744,10
13.1003904343,80.2517166138,20744,20754,10
13.1012601852,80.2520675659,20754,20765,11
13.1021900177,80.2525024414,20765,20775,10
13.1028604507,80.2527084351,20775,20785,10
13.1031904221,80.2528076172,20785,20795,10
13.1038999557,80.2530212402,20795,20805,10
13.1046600342,80.2532501221,20805,20815,10
13.1049404144,80.2532272339,20815,20825,10
13.1050796509,80.2529830933,20825,20835,10
13.1052999496,80.252571106,20835,20845,10
13.105629921,80.2519607544,20845,20855,10
13.1059503555,80.2513580322,20855,20865,10
13.1061000824,80.2509231567,20865,20876,11
13.1061496735,80.2506027222,20876,20886,10
13.1062402725,80.2501068115,20886,20896,10
13.106300354,80.2497634888,20896,20906,10
13.1063404083,80.2495574951,20906,20916,10
13.1064100266,80.249168396,20916,20926,10
13.1065502167,80.2486495972,20926,20936,10
13.1067495346,80.2480697632,20936,20946,10
13.1068897247,80.2477264404,20946,20956,10
13.1070299149,80.2473526001,20956,20966,10
13.1072301865,80.2467727661,20966,20977,11
13.1072502136,80.2460479736,20977,20987,10
13.1072397232,80.2456817627,20987,20997,10
13.1072101593,80.2453308105,20997,21007,10
13.107170105,80.2447967529,21007,21017,10
13.1071195602,80.2441101074,21017,21027,10
13.1069898605,80.243347168,21027,21037,10
13.1063299179,80.2430267334,21037,21047,10
13.1062402725,80.2423400879,21047,21057,10
13.1066703796,80.2419281006,21057,21067,10
13.1073303223,80.2420425415,21067,21078,11
13.1080198288,80.2420425415,21078,21088,10
13.1085300446,80.2422332764,21088,21098,10
13.1086397171,80.2427368164,21098,21108,10
13.108710289,80.2432785034,21108,21118,10
13.109120369,80.243637085,21118,21128,10
13.1095695496,80.2434234619,21128,21138,10
13.1096401215,80.2428970337,21138,21148,10
13.1094703674,80.24243927,21148,21158,10
13.1092195511,80.2423477173,21158,21168,10
13.1089601517,80.2423171997,21168,21178,10
13.1085596085,80.2423782349,21178,21189,11
13.1084699631,80.2429962158,21189,21199,10
13.1084299088,80.2436828613,21199,21209,10
13.1083297729,80.2441864014,21209,21219,10
13.1082201004,80.2444381714,21219,21229,10
13.10820961,80.2444610596,21229,21239,10
13.1080598831,80.2448272705,21239,21249,10
13.1079597473,80.2452774048,21249,21259,10
13.1079397202,80.2457962036,21259,21269,10
13.1079797745,80.2463378906,21269,21279,10
13.1080303192,80.2468032837,21279,21290,11
13.1080799103,80.2473602295,21290,21300,10
13.1081104279,80.2475662231,21300,21310,10
13.1081399918,80.2476882935,21310,21326,16
13.1081895828,80.2483596802,21326,21338,12
13.108420372,80.2483825684,21338,21348,10
13.1085195541,80.2481536865,21348,22489,1141
13.1085195541,80.2481536865,22489,22499,10
13.1084699631,80.2479171753,22499,22509,10
13.1082296371,80.2478866577,22509,22529,20
13.1082296371,80.2478866577,22529,22540,11
13.1080999374,80.2477264404,22540,22549,9
13.1080904007,80.2474517822,22549,22560,11
13.108039856,80.2470016479,22560,22570,10
13.1079797745,80.2464904785,22570,22580,10
13.1078596115,80.2457427979,22580,22590,10
13.1079597473,80.2451171875,22590,22600,10
13.1080503464,80.2446212769,22600,22620,20
13.1080503464,80.2446212769,22620,22630,10
13.1081895828,80.2443618774,22630,22640,10
13.1082401276,80.2442321777,22640,22651,11
13.1084403992,80.2441635132,22651,22661,10
13.1087398529,80.2442169189,22661,22671,10
13.1092700958,80.2440795898,22671,22681,10
13.1090297699,80.2436828613,22681,22697,16
13.1085300446,80.2430267334,22697,22709,12
13.1084899902,80.2423019409,22709,22719,10
13.1079902649,80.2420730591,22719,22728,9
13.107339859,80.2420806885,22728,22739,11
13.1066503525,80.2423477173,22739,22749,10
13.1070203781,80.2429580688,22749,22760,11
13.1071395874,80.2437820435,22760,22770,10
13.1071996689,80.244720459,22770,22779,9
13.1072702408,80.2455368042,22779,22790,11
13.1072797775,80.2456893921,22790,22799,9
13.1072902679,80.2458724976,22799,22810,11
13.1072902679,80.2462387085,22810,22820,10
13.1073198318,80.2466964722,22820,22830,10
13.1073198318,80.2467193604,22830,22840,10
13.1072597504,80.2469100952,22840,22850,10
13.1070699692,80.2472991943,22850,22861,11
13.1068496704,80.2478408813,22861,22871,10
13.1067199707,80.2481689453,22871,22881,10
13.1065502167,80.2487411499,22881,22891,10
13.1063604355,80.2495269775,22891,22901,10
13.1063098907,80.2498474121,22901,22911,10
13.1061897278,80.2504196167,22911,22921,10
13.1061697006,80.250617981,22921,22931,10
13.1061000824,80.2509765625,22931,22941,10
13.1058797836,80.2515792847,22941,22951,10
13.1057195663,80.2518463135,22951,22962,11
13.1054697037,80.2523498535,22962,22972,10
13.1051197052,80.2529678345,22972,22982,10
13.1050100327,80.2531661987,22982,22992,10
13.1048898697,80.2533416748,22992,23002,10
13.104590416,80.2533187866,23002,23012,10
13.104060173,80.253112793,23012,23022,10
13.1033802032,80.2528762817,23022,23032,10
13.1025695801,80.2526016235,23032,23042,10
13.1018104553,80.2523193359,23042,23052,10
13.101099968,80.2520217896,23052,23063,11
13.1000499725,80.2516479492,23063,23073,10
13.0991401672,80.2512893677,23073,23083,10
13.0982704163,80.2510986328,23083,23093,10
13.0978803635,80.2513885498,23093,23103,10
13.0975799561,80.2513885498,23103,23113,10
13.0971403122,80.2513504028,23113,23123,10
13.0971097946,80.2513504028,23123,23133,10
13.0967798233,80.2513198853,23133,23143,10
13.0964202881,80.2512969971,23143,23153,10
13.0958995819,80.2512283325,23153,23163,10
13.0954198837,80.251159668,23163,23174,11
13.095000267,80.2510681152,23174,23184,10
13.094420433,80.2509689331,23184,23194,10
13.0937299728,80.2508621216,23194,23204,10
13.0936002731,80.2508621216,23204,23214,10
13.0933599472,80.2509002686,23214,23224,10
13.0930595398,80.2508926392,23224,23234,10
13.0926599503,80.2509307861,23234,23244,10
13.0921096802,80.2510223389,23244,23254,10
13.0917797089,80.2510528564,23254,23264,10
13.0911998749,80.2510528564,23264,23275,11
13.0908403397,80.2510375977,23275,23285,10
13.0904798508,80.2510223389,23285,23295,10
13.0902700424,80.2509994507,23295,23305,10
13.0900297165,80.2509918213,23305,23315,10
13.0895395279,80.2509918213,23315,23325,10
13.0888299942,80.2509002686,23325,23335,10
13.0883302689,80.2508392334,23335,23345,10
13.0879297256,80.250793457,23345,23355,10
13.0873298645,80.2506790161,23355,23365,10
13.0870504379,80.250617981,23365,23376,11
13.0869398117,80.250579834,23376,23386,10
13.0865697861,80.2505264282,23386,23396,10
13.0860500336,80.2505264282,23396,23406,10
13.0858402252,80.2511062622,23406,23416,10
13.0857601166,80.2519683838,23416,23426,10
13.0856800079,80.2529296875,23426,23436,10
13.085650444,80.2537612915,23436,23446,10
13.0856704712,80.2544403076,23446,23456,10
13.0854196548,80.2547225952,23456,23466,10
13.0848302841,80.2546691895,23466,23476,10
13.0840797424,80.2545776367,23476,23487,11
13.0833797455,80.2545166016,23487,23497,10
13.0833702087,80.2545166016,23497,23506,9
13.0831203461,80.2544937134,23506,23517,11
13.0826196671,80.2544784546,23517,23527,10
13.0820198059,80.2545928955,23527,23537,10
13.081609726,80.2547988892,23537,23547,10
13.0808095932,80.2547531128,23547,23557,10
13.0799703598,80.2546386719,23557,23567,10
13.0794000626,80.2546005249,23567,23588,21
13.0794000626,80.2546005249,23588,23598,10
13.0788202286,80.2545013428,23598,23608,10
13.0788097382,80.2540512085,23608,23618,10
13.0787496567,80.2532272339,23618,23628,10
13.0788002014,80.2518997192,23628,23648,20
13.0788002014,80.2518997192,23648,23658,10
13.0786399841,80.2515869141,23658,23668,10
13.0780096054,80.251663208,23668,23678,10
13.0771303177,80.2518463135,23678,23688,10
13.0761804581,80.2520599365,23688,23697,9
13.0754003525,80.252166748,23697,23709,12
13.0745296478,80.2522888184,23709,23719,10
13.0738096237,80.2525482178,23719,23729,10
13.0730495453,80.2523880005,23729,23739,10
13.0723400116,80.2523498535,23739,23749,10
13.07213974,80.2518997192,23749,23759,10
13.0720596313,80.2510986328,23759,23769,10
13.0717697144,80.2501068115,23769,23779,10
13.0715303421,80.249130249,23779,23789,10
13.0712995529,80.2480773926,23789,23800,11
13.0707197189,80.246711731,23800,23810,10
13.0701503754,80.2455368042,23810,23820,10
13.0696802139,80.2443237305,23820,23830,10
13.0693798065,80.2434463501,23830,23840,10
13.0693702698,80.2434387207,23840,23850,10
13.0692901611,80.2432174683,23850,23860,10
13.0691995621,80.2427368164,23860,23870,10
13.0687303543,80.2425384521,23870,23880,10
13.0679197311,80.242767334,23880,23890,10
13.0670404434,80.2431411743,23890,23900,10
13.0662603378,80.2435379028,23900,23911,11
13.0662403107,80.2445373535,23911,23921,10
13.0663900375,80.2456207275,23921,23931,10
13.0671396255,80.2461700439,23931,23941,10
13.0679397583,80.246711731,23941,23971,30
13.0679397583,80.246711731,23971,23981,10
13.0680198669,80.2471237183,23981,23991,10
13.0679798126,80.2477264404,23991,24001,10
13.0675201416,80.2479629517,24001,24012,11
13.0668096542,80.2479171753,24012,24022,10
13.066740036,80.2479171753,24022,24032,10
13.0663995743,80.2479019165,24032,24048,16
13.0653400421,80.2478027344,24048,24060,12
13.0642900467,80.2476730347,24060,24070,10
13.0632801056,80.2475662231,24070,24078,8
13.0624904633,80.2475891113,24078,24090,12
13.0614995956,80.2472305298,24090,24100,10
13.0604400635,80.247467041,24100,24121,21
13.0604400635,80.247467041,24121,24131,10
13.0601100922,80.2476425171,24131,24141,10
13.0594596863,80.2478179932,24141,24151,10
13.0586204529,80.2481079102,24151,24161,10
13.0576496124,80.2484512329,24161,24171,10
13.0572595596,80.248588562,24171,24181,10
13.0570497513,80.2486495972,24181,24191,10
13.0565595627,80.2487716675,24191,24201,10
13.0558099747,80.2490386963,24201,24224,23
13.0548601151,80.2495422363,24224,24236,12
13.054400444,80.24974823,24236,24246,10
13.0539102554,80.2500534058,24246,24256,10
13.0533599854,80.2503662109,24256,24265,9
13.0527601242,80.2507019043,24265,24277,12
13.0519304276,80.2512512207,24277,24284,7
13.0514802933,80.2516479492,24284,24297,13
13.0505199432,80.2524871826,24297,24307,10
13.0503702164,80.2526397705,24307,24317,10
13.0501203537,80.2528610229,24317,24328,11
13.049539566,80.2532577515,24328,24338,10
13.0487298965,80.2536392212,24338,24348,10
13.0479803085,80.2539596558,24348,24358,10
13.0478801727,80.2539825439,24358,24368,10
13.0475702286,80.25415802,24368,24391,23
13.0464897156,80.2556686401,24391,24403,12
13.0461397171,80.256690979,24403,24413,10
13.0461196899,80.2566986084,24413,24423,10
13.0460100174,80.2569122314,24423,24434,11
13.0458297729,80.2575912476,24434,24444,10
13.0456600189,80.2584686279,24444,24454,10
13.0455102921,80.2593383789,24454,24464,10
13.0454101563,80.2602310181,24464,24474,10
13.0451698303,80.2613601685,24474,24484,10
13.0449199677,80.2626190186,24484,24494,10
13.0447702408,80.2633132935,24494,24504,10
13.044719696,80.2634887695,24504,24514,10
13.0446300507,80.2640991211,24514,24524,10
13.0446195602,80.2649993896,24524,24534,10
13.0445995331,80.2655029297,24534,24553,19
13.0446195602,80.2661209106,24553,24565,12
13.0445995331,80.2669906616,24565,24575,10
13.0446100235,80.2678909302,24575,24585,10
13.044500351,80.2683029175,24585,24595,10
13.0440397263,80.2683105469,24595,24605,10
13.0438699722,80.2682723999,24605,24615,10
13.0433101654,80.2681808472,24615,24625,10
13.0424995422,80.268081665,24625,24635,10
13.041560173,80.2681732178,24635,24646,11
13.0410404205,80.2681808472,24646,24656,10
13.0408601761,80.2681503296,24656,24666,10
13.0404195786,80.2680435181,24666,24676,10
13.0398197174,80.2678375244,24676,24686,10
13.0391597748,80.2676773071,24686,24694,8
13.0383996964,80.2676391602,24694,24705,11
13.0376195908,80.2676010132,24705,24716,11
13.037320137,80.267578125,24716,24726,10
13.0367698669,80.2676086426,24726,24736,10
13.0360202789,80.2677764893,24736,24747,11
13.0356702805,80.2678222656,24747,24757,10
13.0351896286,80.2678527832,24757,24767,10
13.0341501236,80.2679290771,24767,24797,30
13.0341501236,80.2679290771,24797,24807,10
13.0338602066,80.2678985596,24807,24817,10
13.0334396362,80.2678070068,24817,24827,10
13.0328397751,80.2676620483,24827,24837,10
13.0324602127,80.2674407959,24837,24847,10
13.031709671,80.2671203613,24847,24858,11
13.0307598114,80.2668075562,24858,24874,16
13.029709816,80.2666397095,24874,24886,12
13.0293903351,80.2666015625,24886,24896,10
13.0289802551,80.2664489746,24896,24906,10
13.028670311,80.2663497925,24906,24916,10
13.0282897949,80.2662506104,24916,24926,10
13.027589798,80.2661209106,24926,24935,9
13.0268697739,80.2660217285,24935,24946,11
13.0263500214,80.2659225464,24946,24957,11
13.0258798599,80.2656784058,24957,24967,10
13.0253095627,80.2653427124,24967,24977,10
13.0252304077,80.2652816772,24977,24987,10
13.0251197815,80.2651977539,24987,24997,10
13.0248203278,80.265007019,24997,25007,10
13.0242395401,80.264541626,25007,25016,9
13.0235099792,80.2640991211,25016,25026,10
13.0226802826,80.263671875,25026,25037,11
13.0221004486,80.2634124756,25037,25047,10
13.0219602585,80.263343811,25047,25058,11
13.0215797424,80.2631530762,25058,25068,10
13.0208597183,80.2630310059,25068,25078,10
13.0199604034,80.2629776001,25078,25088,10
13.0191802979,80.2629013062,25088,25098,10
13.0189399719,80.262512207,25098,25108,10
13.0187702179,80.26171875,25108,25118,10
13.0181903839,80.2610092163,25118,25128,10
13.0173797607,80.2604370117,25128,25138,10
13.016409874,80.2598419189,25138,25148,10
13.015999794,80.2596511841,25148,25158,10
13.0157804489,80.2595596313,25158,25169,11
13.015080452,80.2593612671,25169,25179,10
13.0142297745,80.2593002319,25179,25189,10
13.0131998062,80.259262085,25189,25199,10
13.0119800568,80.2592163086,25199,25209,10
13.0107402802,80.2592010498,25209,25219,10
13.0095996857,80.2592086792,25219,25229,10
13.0087795258,80.2591781616,25229,25239,10
13.0084199905,80.2591705322,25239,25249,10
13.0077896118,80.2592773438,25249,25259,10
13.0073699951,80.2591094971,25259,25270,11
13.0072402954,80.2587585449,25270,25280,10
13.0070400238,80.2583389282,25280,25290,10
13.0067501068,80.2578964233,25290,25300,10
13.0059404373,80.2575073242,25300,25310,10
13.0049800873,80.2572631836,25310,25320,10
13.0039196014,80.2569885254,25320,25330,10
13.0027999878,80.2567825317,25330,25340,10
13.0018100739,80.2566223145,25340,25350,10
13.0006399155,80.2564468384,25350,25360,10
12.9994401932,80.2562484741,25360,25370,10
12.9985799789,80.2561035156,25370,25381,11
12.998550415,80.2560882568,25381,25391,10
12.9982204437,80.2560272217,25391,25401,10
12.9977197647,80.2559509277,25401,25417,16
12.9968595505,80.255897522,25417,25429,12
12.9962396622,80.2558822632,25429,25439,10
12.9961500168,80.2558822632,25439,25448,9
12.9959602356,80.2558822632,25448,25459,11
12.995300293,80.2558670044,25459,25469,10
12.9944696426,80.2559280396,25469,25480,11
12.9934597015,80.2560119629,25480,25490,10
12.9923400879,80.256072998,25490,25500,10
12.9912004471,80.2560119629,25500,25510,10
12.9901895523,80.2559661865,25510,25520,10
12.9891395569,80.2559280396,25520,25530,10
12.9883298874,80.2558670044,25530,25540,10
12.9880104065,80.2557983398,25540,25550,10
12.9876203537,80.2561264038,25550,25560,10
12.9875898361,80.2568588257,25560,25570,10
12.9875202179,80.2575378418,25570,25580,10
12.9874601364,80.2583618164,25580,25601,21
12.9874601364,80.2583618164,25601,25611,10
12.9873800278,80.2587585449,25611,25621,10
12.9873304367,80.2591018677,25621,25631,10
12.9872598648,80.2593383789,25631,25679,48
12.9870195389,80.2594909668,25679,26043,364
12.9869804382,80.2591705322,26043,26669,626
12.987159729,80.2590484619,26669,26699,30
12.987159729,80.2590484619,26699,26709,10
12.9874000549,80.2589492798,26709,26719,10
12.9874000549,80.2587890625,26719,26729,10
12.9874200821,80.2585067749,26729,26740,11
12.9874601364,80.2580032349,26740,26750,10
12.9875097275,80.2573165894,26750,26760,10
12.9875802994,80.2565307617,26760,26770,10
12.9876298904,80.2559127808,26770,26841,71
12.9876298904,80.2559127808,26841,26851,10
12.9877700806,80.2557296753,26851,26861,10
12.9883003235,80.2557983398,26861,26871,10
12.9886703491,80.255859375,26871,26881,10
12.988699913,80.2558670044,26881,26891,10
12.9887800217,80.255859375,26891,26901,10
12.9891395569,80.255897522,26901,26911,10
12.9898099899,80.2559814453,26911,26921,10
12.9912595749,80.2560424805,26921,26931,10
12.9912595749,80.2560424805,26931,26941,10
12.9920597076,80.2560577393,26941,26952,11
12.9932603836,80.2559967041,26952,26962,10
12.9942798615,80.2559585571,26962,26972,10
12.9951400757,80.255897522,26972,26982,10
12.9959602356,80.255897522,26982,26992,10
12.9965696335,80.255897522,26992,27003,11
12.9969301224,80.255897522,27003,27013,10
12.997300148,80.2559127808,27013,27023,10
12.9977998734,80.2559280396,27023,27033,10
12.9983997345,80.2559967041,27033,27043,10
12.9988498688,80.2560424805,27043,27054,11
12.9990100861,80.2560424805,27054,27064,10
12.9993200302,80.256111145,27064,27074,10
12.9998197556,80.2562408447,27074,27084,10
13.0004796982,80.2563781738,27084,27094,10
13.0012598038,80.2565078735,27094,27104,10
13.0020399094,80.2566375732,27104,27114,10
13.0028495789,80.2567901611,27114,27124,10
13.0036401749,80.256942749,27124,27134,10
13.004360199,80.2570877075,27134,27144,10
13.0048904419,80.2572097778,27144,27154,10
13.0053796768,80.2573013306,27154,27165,11
13.0054502487,80.2572937012,27165,27175,10
13.005689621,80.2573699951,27175,27185,10
13.0060796738,80.2574462891,27185,27195,10
13.0065002441,80.2575302124,27195,27211,16
13.0070800781,80.2581787109,27211,27223,12
13.0076999664,80.2586593628,27223,27233,10
13.0080604553,80.2588577271,27233,27243,10
13.0082798004,80.2589492798,27243,27253,10
13.008649826,80.2590789795,27253,27263,10
13.0093297958,80.2590866089,27263,27274,11
13.010310173,80.2591018677,27274,27283,9
13.0111999512,80.2590789795,27283,27294,11
13.0123596191,80.2591094971,27294,27304,10
13.0135297775,80.259147644,27304,27314,10
13.0147104263,80.2591781616,27314,27325,11
13.0159597397,80.2593994141,27325,27335,10
13.0165596008,80.2597732544,27335,27345,10
13.0166702271,80.2599029541,27345,27355,10
13.0170497894,80.2601394653,27355,27365,10
13.0176401138,80.2605361938,27365,27376,11
13.0183696747,80.2610473633,27376,27386,10
13.018989563,80.2615737915,27386,27396,10
13.0194597244,80.2620925903,27396,27406,10
13.0200595856,80.2625808716,27406,27416,10
13.0201597214,80.2626495361,27416,27426,10
13.0203104019,80.2627487183,27426,27436,10
13.0207395554,80.2629089355,27436,27446,10
13.0214099884,80.2631225586,27446,27456,10
13.0219402313,80.2633895874,27456,27466,10
13.0222501755,80.2635192871,27466,27477,11
13.0227203369,80.2637863159,27477,27487,10
13.0232601166,80.2640762329,27487,27497,10
13.0237598419,80.2644195557,27497,27507,10
13.024479866,80.2648162842,27507,27517,10
13.0248403549,80.26512146,27517,27527,10
13.0252399445,80.26537323,27527,27537,10
13.0259199142,80.2657928467,27537,27547,10
13.0262298584,80.2658081055,27547,27557,10
13.0263500214,80.2653579712,27557,27567,10
13.0264101028,80.2649230957,27567,27578,11
13.0265197754,80.2642211914,27578,27588,10
13.0265598297,80.2636795044,27588,27598,10
13.0265798569,80.2635879517,27598,27608,10
13.0267601013,80.263381958,27608,27618,10
13.0271596909,80.2634811401,27618,27628,10
13.0277395248,80.2636566162,27628,27638,10
13.028260231,80.2638015747,27638,27648,10
13.0284204483,80.2638397217,27648,27658,10
13.028719902,80.2639389038,27658,27668,10
13.0290899277,80.2641677856,27668,27678,10
13.0292701721,80.2646179199,27678,27689,11
13.0292701721,80.265838623,27689,27709,20
13.0292701721,80.265838623,27709,27719,10
13.0292100906,80.266242981,27719,27728,9
13.0292396545,80.2665100098,27728,27739,11
13.0295801163,80.2666091919,27739,27749,10
13.0301103592,80.2667312622,27749,27759,10
13.0308198929,80.2669219971,27759,27769,10
13.0313997269,80.2672805786,27769,27779,10
13.0319595337,80.2676315308,27779,27790,11
13.0327596664,80.267791748,27790,27800,10
13.0336303711,80.267906189,27800,27810,10
13.0337295532,80.2679214478,27810,27820,10
13.0340900421,80.2679672241,27820,27830,10
13.0345401764,80.2680206299,27830,27840,10
13.0351800919,80.2679290771,27840,27850,10
13.0359897614,80.2677764893,27850,27860,10
13.0366001129,80.2676696777,27860,27876,16
13.0370702744,80.266746521,27876,27888,12
13.0370798111,80.2665405273,27888,27899,11
13.0371303558,80.2663726807,27899,27909,10
13.037229538,80.2659301758,27909,27919,10
13.0373802185,80.2652206421,27919,27929,10
13.037560463,80.2644195557,27929,27939,10
13.0379800797,80.2643585205,27939,27949,10
13.038359642,80.264503479,27949,27958,9
13.0386295319,80.2645874023,27958,27969,11
13.0390996933,80.2646865845,27969,27979,10
13.0398397446,80.2645797729,27979,27989,10
13.0405502319,80.2646179199,27989,28000,11
13.0409803391,80.2646636963,28000,28010,10
13.0414199829,80.2649230957,28010,28020,10
13.0413103104,80.2655334473,28020,28030,10
13.041179657,80.2662277222,28030,28040,10
13.0410995483,80.2668228149,28040,28050,10
13.0410804749,80.2670593262,28050,28060,10
13.0410003662,80.2674026489,28060,28070,10
13.0409803391,80.267616272,28070,28080,10
13.0409202576,80.2679214478,28080,28090,10
13.0410604477,80.2681427002,28090,28101,11
13.0414104462,80.2681427002,28101,28111,10
13.0415401459,80.2681732178,28111,28121,10
13.0419797897,80.2681427002,28121,28131,10
13.0426101685,80.2679977417,28131,28141,10
13.0429201126,80.2678222656,28141,28149,8
13.043129921,80.2676773071,28149,28162,13
13.0437002182,80.267326355,28162,28172,10
13.0440196991,80.2670822144,28172,28182,10
13.0443897247,80.2668762207,28182,28192,10
13.0445995331,80.2662811279,28192,28202,10
13.0445995331,80.265296936,28202,28213,11
13.0445899963,80.2641296387,28213,28223,10
13.0446596146,80.2630691528,28223,28233,10
13.044719696,80.2627410889,28233,28256,23
13.0450801849,80.2613296509,28256,28268,12
13.0452804565,80.2603530884,28268,28278,10
13.0453996658,80.2594528198,28278,28288,10
13.0455703735,80.2582778931,28288,28298,10
13.0457696915,80.2572784424,28298,28308,10
13.0460796356,80.2567367554,28308,28319,11
13.0461196899,80.2565383911,28319,28329,10
13.0462999344,80.2560195923,28329,28339,10
13.0465803146,80.2552032471,28339,28349,10
13.0470104218,80.2545471191,28349,28359,10
13.0475502014,80.2541503906,28359,28368,9
13.0476503372,80.2540817261,28368,28379,11
13.0479001999,80.2539367676,28379,28389,10
13.0483198166,80.2537612915,28389,28399,10
13.0488996506,80.2535095215,28399,28409,10
13.0496196747,80.2531661987,28409,28420,11
13.0504102707,80.2525863647,28420,28430,10
13.0511302948,80.2519607544,28430,28440,10
13.0519304276,80.2511978149,28440,28490,50
13.0519304276,80.2511978149,28490,28500,10
13.0521097183,80.2508392334,28500,28510,10
13.0525197983,80.2506790161,28510,28521,11
13.0533704758,80.2503814697,28521,28531,10
13.0540800095,80.2500076294,28531,28541,10
13.0547103882,80.2496566772,28541,28551,10
13.0553798676,80.2492828369,28551,28561,10
13.0555095673,80.2492294312,28561,28571,10
13.0557804108,80.249130249,28571,28581,10
13.0563001633,80.2489395142,28581,28591,10
13.0570297241,80.2486801147,28591,28601,10
13.0577497482,80.2484512329,28601,28611,10
13.0584697723,80.2481918335,28611,28621,10
13.0593996048,80.247833252,28621,28632,11
13.0596199036,80.2478027344,28632,28642,10
13.0599498749,80.2476806641,28642,28652,10
13.0605897903,80.2474212646,28652,28662,10
13.0614004135,80.2469024658,28662,28672,10
13.0618600845,80.2462387085,28672,28682,10
13.0624704361,80.2449188232,28682,28702,20
13.0624704361,80.2449188232,28702,28712,10
13.0628099442,80.2447128296,28712,28722,10
13.063249588,80.2442626953,28722,28732,10
13.0636901855,80.2435913086,28732,28743,11
13.0645198822,80.2435379028,28743,28753,10
13.0657501221,80.2435684204,28753,28793,40
13.0657501221,80.2435684204,28793,28803,10
13.0662603378,80.2433624268,28803,28813,10
13.0669202805,80.2431411743,28813,28823,10
13.0677404404,80.2427978516,28823,28833,10
13.0686197281,80.2425384521,28833,28844,11
13.0689601898,80.2424163818,28844,28854,10
13.0691795349,80.2423782349,28854,28864,10
13.0696897507,80.2422027588,28864,28874,10
13.0701599121,80.2420806885,28874,28884,10
13.0702695847,80.2420578003,28884,28894,10
13.0706501007,80.2419586182,28894,28904,10
13.071269989,80.2417297363,28904,28914,10
13.07213974,80.2413024902,28914,28924,10
13.0729598999,80.2408599854,28924,28933,9
13.073679924,80.2406692505,28933,28945,12
13.0745697021,80.240562439,28945,28954,9
13.0754899979,80.2405471802,28954,28965,11
13.0766296387,80.2406082153,28965,28975,10
13.0773696899,80.2411117554,28975,28985,10
13.0776796341,80.2420425415,28985,28995,10
13.0778198242,80.2428970337,28995,29005,10
13.0779600143,80.2441329956,29005,29015,10
13.0785903931,80.2444381714,29015,29035,20
13.0785903931,80.2444381714,29035,29045,10
13.0789804459,80.2444534302,29045,29056,11
13.0791702271,80.2448883057,29056,29066,10
13.0794095993,80.2456970215,29066,29075,9
13.0796203613,80.2460784912,29075,29086,11
13.0799703598,80.24659729,29086,29096,10
13.0803804398,80.2475280762,29096,29105,9
13.0807304382,80.2484283447,29105,29116,11
13.0810804367,80.2491989136,29116,29126,10
13.0813302994,80.2495269775,29126,29136,10
13.0818901062,80.249671936,29136,29146,10
13.0827903748,80.2498474121,29146,29157,11
13.0837697983,80.2499771118,29157,29167,10
13.0840702057,80.250038147,29167,29177,10
13.0842103958,80.2500686646,29177,29187,10
13.0847396851,80.2501602173,29187,29197,10
13.0854902267,80.2503204346,29197,29207,10
13.0858602524,80.2504425049,29207,29223,16
13.086520195,80.250541687,29223,29235,12
13.0869598389,80.2506027222,29235,29245,10
13.0873298645,80.250617981,29245,29255,10
13.0876998901,80.2507171631,29255,29266,11
13.0882701874,80.2508010864,29266,29276,10
13.0886001587,80.2508392334,29276,29285,9
13.0888795853,80.2509002686,29285,29294,9
13.0892696381,80.2509613037,29294,29304,10
13.0901098251,80.2510375977,29304,29327,23
13.0901098251,80.2510375977,29327,29337,10
13.0904502869,80.2510528564,29337,29347,10
13.0909004211,80.2510681152,29347,29357,10
13.0912799835,80.2511062622,29357,29367,10
13.0917196274,80.2510986328,29367,29378,11
13.0921297073,80.2510604858,29378,29387,9
13.09237957,80.2509994507,29387,29398,11
13.092880249,80.2509384155,29398,29408,10
13.0932502747,80.2509231567,29408,29418,10
13.0936803818,80.250869751,29418,29428,10
13.0940799713,80.2509384155,29428,29438,10
13.0941200256,80.2509384155,29438,29448,10
13.0943002701,80.2509765625,29448,29458,10
13.0946998596,80.2510528564,29458,29469,11
13.0953598022,80.2511367798,29469,29479,10
13.0958795547,80.2512283325,29479,29489,10
13.0962600708,80.2512893677,29489,29499,10
13.0965499878,80.2513198853,29499,29509,10
13.0967302322,80.2513427734,29509,29519,10
13.0971298218,80.251373291,29519,29539,20
13.0971298218,80.251373291,29539,29549,10
13.0973300934,80.2514190674,29549,29559,10
13.0977497101,80.2514190674,29559,29569,10
13.098110199,80.2511367798,29569,29580,11
13.0986700058,80.2511367798,29580,29590,10
13.0992097855,80.2513504028,29590,29600,10
13.0997495651,80.2515563965,29600,29610,10
13.1003503799,80.2517623901,29610,29620,10
13.101099968,80.2520370483,29620,29630,10
13.1017398834,80.2523117065,29630,29640,10
13.1025400162,80.2526397705,29640,29650,10
13.1030101776,80.2527618408,29650,29660,10
13.1032104492,80.252822876,29660,29670,10
13.1036596298,80.2529602051,29670,29681,11
13.1044197083,80.2531814575,29681,29691,10
13.1049499512,80.253288269,29691,29701,10
13.1049900055,80.2531967163,29701,29711,10
13.1050395966,80.2530899048,29711,29721,10
13.1052303314,80.2527389526,29721,29731,10
13.1055402756,80.2521286011,29731,29741,10
13.1058597565,80.2515182495,29741,29751,10
13.1061296463,80.2507171631,29751,29761,10
13.1062097549,80.2502593994,29761,29771,10
13.106300354,80.249710083,29771,29781,10
13.1063404083,80.2494277954,29781,29792,11
13.1063804626,80.2492980957,29792,29802,10
13.1064500809,80.2490234375,29802,29812,10
13.1065998077,80.2485275269,29812,29822,10
13.1068201065,80.2479705811,29822,29832,10
13.1069297791,80.2476730347,29832,29842,10
13.1070899963,80.2472610474,29842,29852,10
13.1072597504,80.2466430664,29852,29862,10
13.1072702408,80.2460174561,29862,29872,10
13.1072702408,80.2459487915,29872,29882,10
13.1072797775,80.2457427979,29882,29893,11
13.1072502136,80.2454681396,29893,29903,10
13.107219696,80.2450180054,29903,29913,10
13.107170105,80.244430542,29913,29923,10
13.1071195602,80.2436676025,29923,29933,10
13.1069002151,80.2432937622,29933,29943,10
13.1063699722,80.2430877686,29943,29953,10
13.1062498093,80.2424468994,29953,29963,10
13.1065702438,80.2419433594,29963,29973,10
13.1072502136,80.2420272827,29973,29983,10
13.108039856,80.2420272827,29983,29993,10
13.1086397171,80.2424697876,29993,30004,11
13.1089601517,80.2434997559,30004,30014,10
13.1096601486,80.2432174683,30014,30024,10
13.1094703674,80.24243927,30024,30034,10
13.1091299057,80.2423782349,30034,30044,10
13.1087598801,80.2423782349,30044,30054,10
13.1084804535,80.2426681519,30054,30064,10
13.1084403992,80.2433013916,30064,30074,10
13.1083698273,80.2440185547,30074,30084,10
13.1081399918,80.2446289063,30084,30105,21
13.1081399918,80.2446289063,30105,30115,10
13.1080999374,80.2447967529,30115,30125,10
13.1080703735,80.2450714111,30125,30135,10
13.1079797745,80.2455596924,30135,30145,10
13.1080102921,80.2462768555,30145,30155,10
13.108039856,80.2469177246,30155,30165,10
13.1080999374,80.2478103638,30165,30195,30
13.1080999374,80.2478103638,30195,30206,11
13.1081800461,80.2481536865,30206,30216,10
13.1082296371,80.2484588623,30216,30226,10
13.1085100174,80.2484664917,30226,30236,10
13.1087598801,80.2482070923,30236,30246,10
13.1086702347,80.248008728,30246,30720,474
13.108590126,80.2480773926,30720,31195,475
13.1085996628,80.2480010986,31195,31326,131
13.1085996628,80.2480010986,31326,31336,10
13.1083803177,80.2479934692,31336,31387,51
13.1083803177,80.2479934692,31387,31397,10
13.1081399918,80.2478103638,31397,31407,10
13.1081104279,80.2475280762,31407,31417,10
13.1080799103,80.2471008301,31417,31427,10
13.1080303192,80.2465667725,31427,31437,10
13.1079301834,80.2458114624,31437,31447,10
13.1080102921,80.2451324463,31447,31457,10
13.1080904007,80.2446517944,31457,31467,10
13.1081104279,80.2446136475,31467,31478,11
13.10820961,80.2444381714,31478,31488,10
13.1082601547,80.2443008423,31488,31498,10
13.1083402634,80.2441635132,31498,31508,10
13.1086101532,80.2442016602,31508,31518,10
13.1090803146,80.2442321777,31518,31528,10
13.1092700958,80.243888855,31528,31538,10
13.1089601517,80.243560791,31538,31548,10
13.1085996628,80.2431869507,31548,31558,10
13.1085596085,80.2426605225,31558,31575,17
13.1081199646,80.2420578003,31575,31587,12
13.107460022,80.2420883179,31587,31597,10
13.1068000793,80.2421569824,31597,31607,10
13.1068000793,80.2427597046,31607,31617,10
13.1071195602,80.2432785034,31617,31627,10
13.1071996689,80.244140625,31627,31637,10
13.1072397232,80.2450866699,31637,31647,10
13.1072397232,80.2455368042,31647,31657,10
13.1072597504,80.2458724976,31657,31667,10
13.1072902679,80.2463912964,31667,31677,10
13.1072702408,80.2467498779,31677,31688,11
13.1072502136,80.2468338013,31688,31698,10
13.107170105,80.2470932007,31698,31708,10
13.1069498062,80.2476806641,31708,31718,10
13.1068201065,80.2480163574,31718,31728,10
13.1066303253,80.2485580444,31728,31738,10
13.1064395905,80.2492370605,31738,31748,10
13.1063203812,80.2497634888,31748,31758,10
13.1062498093,80.2501602173,31758,31768,10
13.1061601639,80.2506103516,31768,31778,10
13.1061697006,80.250617981,31778,31789,11
13.1060800552,80.2509765625,31789,31799,10
13.1059799194,80.2513809204,31799,31809,10
13.1057901382,80.251739502,31809,31819,10
13.105629921,80.2520217896,31819,31829,10
13.1053600311,80.2525634766,31829,31839,10
13.1050300598,80.2531585693,31839,31849,10
13.1048603058,80.2533493042,31849,31859,10
13.1045303345,80.2532577515,31859,31869,10
13.103969574,80.2530822754,31869,31879,10
13.1033000946,80.2528686523,31879,31889,10
13.1025600433,80.2526321411,31889,31900,11
13.1018800735,80.2523574829,31900,31910,10
13.1012496948,80.2520980835,31910,31920,10
13.1005296707,80.2518234253,31920,31930,10
13.0998697281,80.2516021729,31930,31940,10
13.0992603302,80.2513198853,31940,31950,10
13.0987596512,80.2511367798,31950,31960,10
13.098279953,80.2511062622,31960,31970,10
13.0979404449,80.2513427734,31970,31980,10
13.0976495743,80.2514038086,31980,31990,10
13.0972099304,80.2513427734,31990,32001,11
13.0971002579,80.2513275146,32001,32011,10
13.0969295502,80.2513198853,32011,32021,10
13.0965299606,80.2512969971,32021,32031,10
13.0959796906,80.2512283325,32031,32041,10
13.0954704285,80.2511367798,32041,32051,10
13.0949001312,80.2510528564,32051,32061,10
13.094420433,80.2509765625,32061,32091,30
13.094420433,80.2509765625,32091,32101,10
13.0940504074,80.2508926392,32101,32112,11
13.0937700272,80.2508392334,32112,32122,10
13.0936803818,80.2508392334,32122,32132,10
13.0935697556,80.2508392334,32132,32142,10
13.0932798386,80.250869751,32142,32152,10
13.093000412,80.250869751,32152,32162,10
13.0925598145,80.2509307861,32162,32172,10
13.092089653,80.2510604858,32172,32182,10
13.0918397903,80.251083374,32182,32192,10
13.0912399292,80.2510528564,32192,32202,10
13.0908699036,80.2510299683,32202,32213,11
13.0904502869,80.2510223389,32213,32223,10
13.0900802612,80.2509765625,32223,32233,10
13.0895996094,80.2509307861,32233,32243,10
13.0893001556,80.2509078979,32243,32253,10
13.0888996124,80.2508392334,32253,32263,10
13.0883798599,80.2507781982,32263,32273,10
13.0881004333,80.2507476807,32273,32283,10
13.0875797272,80.2506866455,32283,32293,10
13.0869398117,80.2505493164,32293,32324,31
13.0869398117,80.2505493164,32324,32334,10
13.0867204666,80.2504577637,32334,32344,10
13.086139679,80.2504425049,32344,32380,36
13.086139679,80.2504425049,32380,32392,12
13.0858697891,80.2508087158,32392,32402,10
13.0858201981,80.251373291,32402,32411,9
13.0857601166,80.2519683838,32411,32422,11
13.0856304169,80.2528762817,32422,32433,11
13.085559845,80.2536010742,32433,32443,10
13.0855798721,80.2545394897,32443,32463,20
13.0855798721,80.2545394897,32463,32473,10
13.0853900909,80.2546768188,32473,32483,10
13.0850400925,80.2546081543,32483,32493,10
13.0847396851,80.2545394897,32493,32503,10
13.0843095779,80.2545318604,32503,32513,10
13.0834102631,80.254447937,32513,32534,21
13.0834102631,80.254447937,32534,32544,10
13.0830202103,80.2544403076,32544,32554,10
13.0825500488,80.2544403076,32554,32564,10
13.0821199417,80.2544937134,32564,32574,10
13.0816602707,80.2547607422,32574,32584,10
13.0810804367,80.2547912598,32584,32594,10
13.0803699493,80.2546615601,32594,32604,10
13.0793399811,80.2545700073,32604,32633,29
13.0793399811,80.2545700073,32633,32645,12
13.0789499283,80.2546081543,32645,32655,10
13.078789711,80.2543106079,32655,32665,10
13.0787296295,80.2537612915,32665,32675,10
13.0787000656,80.253288269,32675,32685,10
13.0787296295,80.2525787354,32685,32695,10
13.0787296295,80.2520217896,32695,32786,91
13.0788202286,80.2517166138,32786,32816,30
13.0786800385,80.2516326904,32816,32857,41
13.0786800385,80.2516326904,32857,32867,10
13.0782899857,80.2516403198,32867,32877,10
13.0780801773,80.2516708374,32877,32887,10
13.077630043,80.2517700195,32887,32897,10
13.076880455,80.2519302368,32897,32907,10
13.0760202408,80.2520904541,32907,32917,10
13.0752696991,80.2521820068,32917,32927,10
13.0745801926,80.2521972656,32927,32937,10
13.0739297867,80.2523193359,32937,32947,10
13.0733003616,80.2523498535,32947,32958,11
13.0726604462,80.2522125244,32958,32968,10
13.0722103119,80.2517318726,32968,32978,10
13.0720796585,80.2510223389,32978,32987,9
13.0718002319,80.2502670288,32987,32998,11
13.0715503693,80.2493591309,32998,33008,10
13.0713300705,80.2481994629,33008,33018,10
13.0709600449,80.2471923828,33018,33028,10
13.0704698563,80.2462081909,33028,33038,10
13.0699901581,80.2451934814,33038,33048,10
13.0696001053,80.244140625,33048,33058,10
13.0692796707,80.2431869507,33058,33079,21
13.0692796707,80.2431869507,33079,33089,10
13.0692596436,80.2429428101,33089,33099,10
13.0691604614,80.2425308228,33099,33109,10
13.0686397552,80.2424621582,33109,33119,10
13.0679397583,80.2427215576,33119,33129,10
13.0672998428,80.242980957,33129,33139,10
13.06690979,80.2431411743,33139,33149,10
13.0665903091,80.2432785034,33149,33159,10
13.0663900375,80.2434005737,33159,33170,11
13.0661897659,80.2435913086,33170,33190,20
13.0661897659,80.2435913086,33190,33200,10
13.0661296844,80.2439575195,33200,33210,10
13.0661697388,80.2442474365,33210,33220,10
13.0661897659,80.2444915771,33220,33230,10
13.0662403107,80.244720459,33230,33240,10
13.066280365,80.2450180054,33240,33250,10
13.0662899017,80.2453918457,33250,33260,10
13.0664300919,80.2458496094,33260,33270,10
13.0670404434,80.2461395264,33270,33281,11
13.0678596497,80.2466506958,33281,33307,26
13.0678596497,80.2466506958,33307,33319,12
13.0679502487,80.2469787598,33319,33329,10
13.0678100586,80.2474975586,33329,33339,10
13.0674600601,80.2477874756,33339,33350,11
13.0665302277,80.2477798462,33350,33371,21
13.0665302277,80.2477798462,33371,33381,10
13.066160202,80.2477874756,33381,33392,11
13.065489769,80.247718811,33392,33402,10
13.0645198822,80.2476272583,33402,33412,10
13.0635595322,80.2475204468,33412,33421,9
13.0629501343,80.2474594116,33421,33432,11
13.0620002747,80.2474822998,33432,33442,10
13.061340332,80.2470703125,33442,33452,10
13.0609397888,80.2471389771,33452,33462,10
13.0605897903,80.2473526001,33462,33472,10
13.0605802536,80.2473602295,33472,33482,10
13.0604200363,80.2475204468,33482,33493,11
13.0599403381,80.2475814819,33493,33503,10
13.059220314,80.2479095459,33503,33513,10
13.0583600998,80.2482223511,33513,33523,10
13.0577001572,80.2484436035,33523,33562,39
13.0577001572,80.2484436035,33562,33573,11
13.05727005,80.2485427856,33573,33583,10
13.0567998886,80.2487030029,33583,33694,111
13.0567998886,80.2487030029,33694,33705,11
13.0564203262,80.2488708496,33705,33715,10
13.056189537,80.2489395142,33715,33725,10
13.0559797287,80.2490005493,33725,33735,10
13.0557603836,80.2490692139,33735,33745,10
13.0554199219,80.2492294312,33745,33755,10
13.0551300049,80.2493362427,33755,33836,81
13.0548000336,80.2495422363,33836,33896,60
13.0544595718,80.2496109009,33896,33977,81
13.054479599,80.2499465942,33977,34118,141
13.054479599,80.2499465942,34118,34129,11
13.0542602539,80.2500228882,34129,34240,111
13.0542602539,80.2500228882,34240,34250,10
13.0540895462,80.2500610352,34250,34260,10
13.053850174,80.2501983643,34260,34270,10
13.0535097122,80.2503814697,34270,34280,10
13.0529098511,80.2506637573,34280,34290,10
13.0523900986,80.251083374,34290,34300,10
13.0518598557,80.2513809204,34300,34309,9
13.0513296127,80.2518463135,34309,34320,11
13.0506496429,80.2524490356,34320,34330,10
13.0503997803,80.2526626587,34330,34341,11
13.0502796173,80.2527313232,34341,34351,10
13.0499200821,80.2530212402,34351,34361,10
13.049249649,80.2534332275,34361,34371,10
13.048620224,80.2536621094,34371,34381,10
13.0483598709,80.2537536621,34381,34391,10
13.0480899811,80.2539596558,34391,34401,10
13.0480203629,80.2540206909,34401,34411,10
13.0476903915,80.2542037964,34411,34421,10
13.0471496582,80.2545776367,34421,34431,10
13.0466804504,80.2553710938,34431,34442,11
13.0462398529,80.2565612793,34442,34462,20
13.0460996628,80.2567596436,34462,34482,20
13.0460996628,80.2567596436,34482,34492,10
13.046090126,80.2568206787,34492,34502,10
13.0459403992,80.2571487427,34502,34512,10
13.0457401276,80.2578582764,34512,34522,10
13.0455799103,80.2586517334,34522,34532,10
13.0454397202,80.259437561,34532,34543,11
13.0453395844,80.2603530884,34543,34553,10
13.0451402664,80.2614517212,34553,34563,10
13.0448598862,80.2626876831,34563,34573,10
13.044719696,80.2633285522,34573,34593,20
13.044719696,80.2633285522,34593,34603,10
13.0446596146,80.2640609741,34603,34613,10
13.0446195602,80.2648162842,34613,34623,10
13.044549942,80.2654800415,34623,34633,10
13.0445899963,80.2656173706,34633,34643,10
13.0445804596,80.2659606934,34643,34654,11
13.0445899963,80.2662124634,34654,34664,10
13.0446395874,80.2664031982,34664,34674,10
13.0445804596,80.2667388916,34674,34684,10
13.044549942,80.2674179077,34684,34694,10
13.0445404053,80.2679672241,34694,34704,10
13.0443696976,80.2682571411,34704,34714,10
13.0441102982,80.2681808472,34714,34724,10
13.0439500809,80.268157959,34724,34734,10
13.0435800552,80.2681121826,34734,34744,10
13.0430898666,80.2679672241,34744,34754,10
13.0420999527,80.268081665,34754,34765,11
13.041179657,80.2681503296,34765,34775,10
13.0411596298,80.268157959,34775,34785,10
13.0409402847,80.2681503296,34785,34795,10
13.0405902863,80.2680206299,34795,34805,10
13.0400695801,80.2678604126,34805,34815,10
13.0396604538,80.2677536011,34815,34825,10
13.0391397476,80.2676315308,34825,34835,10
13.0384397507,80.267578125,34835,34845,10
13.0377998352,80.2675704956,34845,34855,10
13.0377702713,80.267578125,34855,34866,11
13.0374002457,80.2675476074,34866,34926,60
13.0374002457,80.2675476074,34926,34936,10
13.0371398926,80.267578125,34936,34946,10
13.0368995667,80.2677307129,34946,34956,10
13.0363397598,80.2677612305,34956,34966,10
13.0358400345,80.267791748,34966,34977,11
13.0353002548,80.267791748,34977,34987,10
13.0349397659,80.2678833008,34987,34997,10
13.0344295502,80.2679367065,34997,35017,20
13.0344295502,80.2679367065,35017,35027,10
13.0341997147,80.2679595947,35027,35037,10
13.0338602066,80.267868042,35037,35047,10
13.0332803726,80.2677383423,35047,35057,10
13.0327100754,80.2675170898,35057,35067,10
13.0326099396,80.2674407959,35067,35078,11
13.0322303772,80.2672271729,35078,35088,10
13.031709671,80.2669372559,35088,35098,10
13.0312099457,80.2667236328,35098,35108,10
13.0306196213,80.2665863037,35108,35118,10
13.02987957,80.2665023804,35118,35138,20
13.02987957,80.2665023804,35138,35148,10
13.029419899,80.2664413452,35148,35158,10
13.0289402008,80.2662734985,35158,35168,10
13.028380394,80.2661437988,35168,35178,10
13.0278596878,80.2660522461,35178,35189,11
13.0270299911,80.2659835815,35189,35199,10
13.0263900757,80.2658615112,35199,35208,9
13.0258703232,80.2655563354,35208,35219,11
13.0253601074,80.2652816772,35219,35229,10
13.0253200531,80.2652511597,35229,35239,10
13.0251598358,80.2651824951,35239,35249,10
13.0249204636,80.265007019,35249,35259,10
13.0245304108,80.2647094727,35259,35269,10
13.0239295959,80.2643203735,35269,35279,10
13.0233402252,80.2639694214,35279,35289,10
13.0226697922,80.2636184692,35289,35300,11
13.0222396851,80.263381958,35300,35310,10
13.0220804214,80.2632980347,35310,35320,10
13.0218801498,80.2632217407,35320,35336,16
13.0209703445,80.2629699707,35336,35348,12
13.0202503204,80.2629165649,35348,35358,10
13.0196199417,80.2628707886,35358,35368,10
13.0192804337,80.2628631592,35368,35378,10
13.0190200806,80.2625808716,35378,35388,10
13.018910408,80.2618408203,35388,35399,11
13.0185899734,80.2611694336,35399,35409,10
13.0178699493,80.2606964111,35409,35419,10
13.0171403885,80.2602310181,35419,35429,10
13.0161600113,80.2596817017,35429,35449,20
13.0161600113,80.2596817017,35449,35459,10
13.0159196854,80.2595825195,35459,35469,10
13.0153799057,80.2593994141,35469,35479,10
13.0146198273,80.2593078613,35479,35489,10
13.0137300491,80.2592697144,35489,35499,10
13.0126495361,80.2592391968,35499,35510,11
13.0114002228,80.2591781616,35510,35520,10
13.0103397369,80.2592010498,35520,35530,10
13.0094804764,80.2591094971,35530,35540,10
13.0088996887,80.2591171265,35540,35550,10
13.0085401535,80.2591094971,35550,35560,10
13.0079698563,80.2592163086,35560,35570,10
13.007519722,80.2588577271,35570,35580,10
13.007349968,80.2586669922,35580,35590,10
13.0072803497,80.2585830688,35590,35600,10
13.0070495605,80.2582015991,35600,35611,11
13.0067996979,80.2578277588,35611,35621,10
13.0064296722,80.2576828003,35621,35631,10
13.0060100555,80.2574768066,35631,35641,10
13.0055999756,80.2574081421,35641,35651,10
13.0051403046,80.2572631836,35651,35661,10
13.0045099258,80.2570571899,35661,35671,10
13.0039596558,80.2569198608,35671,35681,10
13.0034198761,80.2568206787,35681,35691,10
13.0028896332,80.2567214966,35691,35701,10
13.0023403168,80.2566070557,35701,35711,10
13.0016698837,80.2565307617,35711,35772,61
13.0016698837,80.2565307617,35772,35782,10
13.0013904572,80.2565917969,35782,35792,10
13.0010099411,80.2565231323,35792,35802,10
13.0004301071,80.2563476563,35802,35812,10
12.9998197556,80.2562026978,35812,35823,11
12.9993000031,80.2561035156,35823,35833,10
12.9990501404,80.2560424805,35833,35842,9
12.9990196228,80.2560424805,35842,35853,11
12.9988203049,80.2560195923,35853,35863,10
12.9983596802,80.2559509277,35863,35873,10
12.9978399277,80.255859375,35873,35883,10
12.9973602295,80.255897522,35883,35893,10
12.9973297119,80.255897522,35893,35903,10
12.996919632,80.2558898926,35903,35913,10
12.9966201782,80.2558364868,35913,35923,10
12.9961996078,80.2558288574,35923,35934,11
12.9957704544,80.2558364868,35934,35944,10
12.9953203201,80.255821228,35944,35954,10
12.9950399399,80.2558670044,35954,35964,10
12.9945201874,80.255897522,35964,35974,10
12.9938497543,80.2559585571,35974,35984,10
12.9930000305,80.2560195923,35984,35994,10
12.9918298721,80.2559890747,35994,36004,10
12.9907903671,80.2559280396,36004,36014,10
12.9902000427,80.2559127808,36014,36024,10
12.9888496399,80.2558822632,36024,36065,41
12.9888496399,80.2558822632,36065,36075,10
12.9885101318,80.2560195923,36075,36125,50
12.9885101318,80.2560195923,36125,36135,10
12.988360405,80.2559585571,36135,36146,11
12.9879598618,80.2558822632,36146,36156,10
12.9876804352,80.2560424805,36156,36166,10
12.9875802994,80.256652832,36166,36176,10
12.9875497818,80.256980896,36176,36186,10
12.9874897003,80.2576980591,36186,36196,10
12.9874000549,80.2585983276,36196,36206,10
12.9872598648,80.2592315674,36206,36216,10
12.9872598648,80.2592926025,36216,36226,10
12.9872398376,80.2595062256,36226,36236,10
12.9870700836,80.2595977783,36236,36243,7
12.986989975,80.2594604492,36243,37024,781
12.987039566,80.2590789795,37024,37044,20
12.987039566,80.2590789795,37044,37054,10
12.9873199463,80.2590026855,37054,37064,10
12.9873600006,80.2587738037,37064,37074,10
12.9874000549,80.258430481,37074,37084,10
12.9874200821,80.2582473755,37084,37094,10
12.9874401093,80.257850647,37094,37105,11
12.9875001907,80.2572174072,37105,37115,10
12.9875402451,80.256652832,37115,37125,10
12.9876003265,80.2562789917,37125,37246,121
12.9876003265,80.2562789917,37246,37256,10
12.9875898361,80.2559814453,37256,37266,10
12.9876804352,80.2556991577,37266,37276,10
12.9880599976,80.2557373047,37276,37286,10
12.988530159,80.2558135986,37286,37296,10
12.9887504578,80.2558288574,37296,37306,10
12.9888000488,80.2558364868,37306,37317,11
12.9889001846,80.255859375,37317,37327,10
12.989279747,80.255897522,37327,37337,10
12.9899101257,80.2559814453,37337,37346,9
12.9905500412,80.2559814453,37346,37357,11
12.991350174,80.2559967041,37357,37367,10
12.9922304153,80.2559967041,37367,37377,10
12.9932699203,80.2559432983,37377,37386,9
12.9941301346,80.2558898926,37386,37397,11
12.9949703217,80.2558135986,37397,37407,10
12.9954204559,80.2558135986,37407,37417,10
12.9958696365,80.2558288574,37417,37428,11
12.9965896606,80.2557907104,37428,37438,10
12.9970397949,80.2557907104,37438,37448,10
12.997469902,80.2558288574,37448,37458,10
12.9978399277,80.2558517456,37458,37468,10
12.9980697632,80.2558898926,37468,37478,10
12.9983196259,80.2559204102,37478,37488,10
12.9987602234,80.2559967041,37488,37549,61
12.9987602234,80.2559967041,37549,37559,10
12.9993095398,80.2560882568,37559,37569,10
12.9997196198,80.2561798096,37569,37579,10
13.0001802444,80.2563095093,37579,37589,10
13.0006799698,80.256401062,37589,37599,10
13.0010299683,80.2564620972,37599,37609,10
13.0013399124,80.2565078735,37609,37619,10
13.0016403198,80.2565917969,37619,37629,10
13.0020303726,80.2566375732,37629,37640,11
13.0024795532,80.2566986084,37640,37650,10
13.0029296875,80.2567596436,37650,37660,10
13.0034198761,80.2568435669,37660,37710,50
13.0034198761,80.2568435669,37710,37720,10
13.0036296844,80.2568969727,37720,37730,10
13.0037202835,80.2569198608,37730,37740,10
13.0039701462,80.2569885254,37740,37751,11
13.0045003891,80.2570571899,37751,37761,10
13.0054302216,80.257232666,37761,37801,40
13.0054302216,80.257232666,37801,37811,10
13.0057001114,80.2572937012,37811,37831,20
13.0057001114,80.2572937012,37831,37841,10
13.0060997009,80.2573776245,37841,37852,11
13.0065698624,80.2574615479,37852,37862,10
13.0069198608,80.2578582764,37862,37872,10
13.0071601868,80.2583389282,37872,37882,10
13.0077199936,80.2586364746,37882,37902,20
13.0077199936,80.2586364746,37902,37912,10
13.0080499649,80.2588424683,37912,37922,10
13.0085401535,80.2590332031,37922,37932,10
13.0092601776,80.2590637207,37932,37942,10
13.0101499557,80.2590484619,37942,37952,10
13.0110397339,80.2590637207,37952,37963,11
13.0120601654,80.2590637207,37963,37973,10
13.0130796432,80.2591018677,37973,37983,10
13.0142202377,80.2591400146,37983,37993,10
13.0154104233,80.2592163086,37993,38003,10
13.0163097382,80.2595596313,38003,38013,10
13.0164699554,80.2596664429,38013,38023,10
13.0165195465,80.2597427368,38023,38033,10
13.0167503357,80.2599411011,38033,38043,10
13.0172595978,80.2602615356,38043,38053,10
13.0176200867,80.2604980469,38053,38064,11
13.0180397034,80.2608032227,38064,38074,10
13.0185403824,80.261138916,38074,38084,10
13.0188398361,80.261390686,38084,38094,10
13.0191297531,80.2615966797,38094,38104,10
13.0193796158,80.2618103027,38104,38114,10
13.0195999146,80.2620773315,38114,38124,10
13.0200004578,80.2624588013,38124,38134,10
13.0202598572,80.2626495361,38134,38144,10
13.020409584,80.2627563477,38144,38154,10
13.0208301544,80.2628936768,38154,38164,10
13.0214595795,80.2630767822,38164,38175,11
13.022069931,80.2633285522,38175,38185,10
13.0223398209,80.2635192871,38185,38195,10
13.0229701996,80.2638092041,38195,38215,20
13.0229701996,80.2638092041,38215,38225,10
13.0233697891,80.2640609741,38225,38235,10
13.0237998962,80.2643737793,38235,38245,10
13.0244903564,80.2647781372,38245,38255,10
13.0249300003,80.2650680542,38255,38265,10
13.0255203247,80.2653808594,38265,38276,11
13.0262203217,80.2657470703,38276,38286,10
13.0263395309,80.2653808594,38286,38296,10
13.0263996124,80.2647781372,38296,38306,10
13.026550293,80.2637023926,38306,38326,20
13.026550293,80.2637023926,38326,38336,10
13.0266103745,80.263381958,38336,38346,10
13.026889801,80.263381958,38346,38356,10
13.0274000168,80.263458252,38356,38366,10
13.0278396606,80.2636413574,38366,38376,10
13.0282802582,80.2637405396,38376,38387,11
13.028459549,80.2638168335,38387,38397,10
13.0288095474,80.2639465332,38397,38407,10
13.0291996002,80.2641677856,38407,38417,10
13.029299736,80.2644500732,38417,38427,10
13.029299736,80.2649917603,38427,38437,10
13.029250145,80.2655334473,38437,38447,10
13.0292301178,80.2659835815,38447,38457,10
13.0292196274,80.2660217285,38457,38467,10
13.0291595459,80.2662582397,38467,38484,17
13.0291595459,80.2663803101,38484,38496,12
13.0293998718,80.2665405273,38496,38506,10
13.0298204422,80.2665863037,38506,38516,10
13.0303096771,80.2666473389,38516,38526,10
13.0308799744,80.2667617798,38526,38536,10
13.0315704346,80.2670135498,38536,38545,9
13.0321702957,80.267288208,38545,38556,11
13.0327396393,80.267578125,38556,38566,10
13.0332603455,80.2676773071,38566,38576,10
13.034119606,80.2678985596,38576,38607,31
13.034119606,80.2678985596,38607,38617,10
13.0341796875,80.2679595947,38617,38627,10
13.0345201492,80.2680130005,38627,38637,10
13.0350599289,80.2679290771,38637,38647,10
13.0357198715,80.2678222656,38647,38656,9
13.0363702774,80.2677001953,38656,38666,10
13.0368099213,80.2674102783,38666,38677,11
13.0370197296,80.2667617798,38677,38687,10
13.0370798111,80.2663116455,38687,38697,10
13.0370798111,80.2662963867,38697,38708,11
13.0371103287,80.2661590576,38708,38718,10
13.0372200012,80.265838623,38718,38728,10
13.0373497009,80.2652664185,38728,38738,10
13.0375299454,80.2645187378,38738,38748,10
13.0379199982,80.2643280029,38748,38758,10
13.0383901596,80.2644577026,38758,38768,10
13.0386600494,80.2645568848,38768,38778,10
13.0390501022,80.2646179199,38778,38788,10
13.0396203995,80.2646408081,38788,38798,10
13.0403203964,80.2645797729,38798,38809,11
13.0407600403,80.2646026611,38809,38819,10
13.0411396027,80.2646179199,38819,38829,10
13.0413303375,80.2650222778,38829,38839,10
13.0412197113,80.265586853,38839,38849,10
13.0411701202,80.2660522461,38849,38859,10
13.0410804749,80.2666320801,38859,38869,10
13.041009903,80.2670669556,38869,38879,10
13.0409698486,80.267326355,38879,38889,10
13.0409202576,80.2678833008,38889,38899,10
13.0413198471,80.2680587769,38899,38910,11
13.0416603088,80.2681121826,38910,38930,20
13.0416603088,80.2681121826,38930,38940,10
13.0419597626,80.2681503296,38940,38950,10
13.0424499512,80.2680435181,38950,38960,10
13.0428104401,80.267791748,38960,38970,10
13.0430898666,80.2676315308,38970,38980,10
13.0435695648,80.2673187256,38980,38990,10
13.0439300537,80.2671127319,38990,39000,10
13.0441999435,80.2669830322,39000,39010,10
13.0444698334,80.2665405273,39010,39021,11
13.0445203781,80.2657318115,39021,39031,10
13.0445299149,80.2651062012,39031,39041,10
13.0445404053,80.2650985718,39041,39051,10
13.0445699692,80.264831543,39051,39061,10
13.0445804596,80.264289856,39061,39071,10
13.0445995331,80.2638092041,39071,39081,10
13.044719696,80.2627563477,39081,39101,20
13.044719696,80.2627563477,39101,39111,10
13.0447998047,80.2625427246,39111,39121,10
13.0449399948,80.262046814,39121,39132,11
13.0450801849,80.2613677979,39132,39142,10
13.0452203751,80.2607269287,39142,39152,10
13.0453796387,80.2600021362,39152,39162,10
13.0454397202,80.2591781616,39162,39172,10
13.0456199646,80.2581100464,39172,39182,10
13.0461397171,80.2565917969,39182,39210,28
13.0461397171,80.2565917969,39210,39220,10
13.0462598801,80.2562866211,39220,39230,10
13.0463895798,80.2557983398,39230,39241,11
13.0465803146,80.2551574707,39241,39251,10
13.0467796326,80.254699707,39251,39261,10
13.0475502014,80.2540817261,39261,39291,30
13.0475502014,80.2540817261,39291,39300,9
13.0477304459,80.2539825439,39300,39310,10
13.0480804443,80.2537384033,39310,39342,32
13.0480804443,80.2537384033,39342,39352,10
13.0484304428,80.2537078857,39352,39362,10
13.0488395691,80.2535095215,39362,39372,10
13.0494804382,80.2531967163,39372,39382,10
13.0506401062,80.2522506714,39382,39412,30
13.0506401062,80.2522506714,39412,39422,10
13.0509195328,80.2519683838,39422,39432,10
13.0513601303,80.2516174316,39432,39443,11
13.0517997742,80.2512283325,39443,39533,90
13.0517997742,80.2512283325,39533,39543,10
13.0520601273,80.2509231567,39543,39554,11
13.0524501801,80.2506790161,39554,39564,10
13.0531597137,80.2504882813,39564,39584,20
13.0531597137,80.2504882813,39584,39594,10
13.0532903671,80.2504730225,39594,39604,10
13.0536699295,80.2502212524,39604,39614,10
13.0540895462,80.2498779297,39614,39624,10
13.0544300079,80.249710083,39624,39634,10
13.0548095703,80.2494735718,39634,39643,9
13.0554304123,80.2491531372,39643,39665,22
13.0554304123,80.2491531372,39665,39675,10
13.0555400848,80.2490768433,39675,39685,10
13.0558996201,80.2489700317,39685,39695,10
13.0564699173,80.2487792969,39695,39705,10
13.057220459,80.2485275269,39705,39715,10
13.0581197739,80.2482376099,39715,39725,10
13.059510231,80.2477416992,39725,39755,30
13.059510231,80.2477416992,39755,39766,11
13.0597896576,80.2476501465,39766,39776,10
13.0602397919,80.2474365234,39776,39786,10
13.0609102249,80.2470397949,39786,39796,10
13.0615901947,80.2464675903,39796,39806,10
13.0618801117,80.2457962036,39806,39816,10
13.0620803833,80.245262146,39816,39826,10
13.0624799728,80.2449111938,39826,39846,20
13.0624799728,80.2449111938,39846,39856,10
13.0627002716,80.2447814941,39856,39866,10
13.0630197525,80.244468689,39866,39877,11
13.0634202957,80.2438430786,39877,39887,10
13.0638904572,80.2434768677,39887,39897,10
13.0647697449,80.2435302734,39897,39907,10
13.0655498505,80.2435073853,39907,39917,10
13.0661001205,80.2433929443,39917,39926,9
13.0664196014,80.2433013916,39926,39937,11
13.0668401718,80.2431564331,39937,39947,10
13.0673599243,80.2429199219,39947,39957,10
13.0680303574,80.24269104,39957,39967,10
13.0688199997,80.2424621582,39967,39978,11
13.0694799423,80.2421417236,39978,39988,10
13.0700597763,80.2420120239,39988,40008,20
13.0700597763,80.2420120239,40008,40018,10
13.0702695847,80.2419815063,40018,40028,10
13.0706300735,80.2418365479,40028,40038,10
13.0712003708,80.2416000366,40038,40048,10
13.0720396042,80.2412185669,40048,40058,10
13.0728197098,80.2407836914,40058,40068,10
13.0736598969,80.2405776978,40068,40078,10
13.0746002197,80.2405014038,40078,40089,11
13.0757398605,80.2405014038,40089,40099,10
13.0767698288,80.2406005859,40099,40109,10
13.0773200989,80.2410888672,40109,40119,10
13.0774898529,80.2414474487,40119,40129,10
13.0775699615,80.2419433594,40129,40139,10
13.0777301788,80.2427215576,40139,40155,16
13.0778903961,80.2441101074,40155,40167,12
13.0781097412,80.2443771362,40167,40177,10
13.0786104202,80.2444000244,40177,40208,31
13.0786104202,80.2444000244,40208,40218,10
13.0788898468,80.244392395,40218,40228,10
13.0791397095,80.2445526123,40228,40236,8
13.0791702271,80.245010376,40236,40249,13
13.0794200897,80.2458267212,40249,40259,10
13.0795698166,80.2461013794,40259,40269,10
13.0798196793,80.2464599609,40269,40279,10
13.0801401138,80.2470626831,40279,40289,10
13.0803899765,80.2478179932,40289,40300,11
13.080619812,80.2484664917,40300,40310,10
13.0807199478,80.2490921021,40310,40320,10
13.0809803009,80.2493362427,40320,40343,23
13.0823001862,80.2496871948,40343,40355,12
13.0832500458,80.2498626709,40355,40365,10
13.0840196609,80.25,40365,40384,19
13.0840196609,80.25,40384,40395,11
13.0845003128,80.2501220703,40395,40407,12
13.0857400894,80.2503433228,40407,40457,50
13.0857400894,80.2503433228,40457,40467,10
13.0861101151,80.2504882813,40467,40475,8
13.0863199234,80.2504577637,40475,40487,12
13.0870199203,80.2504806519,40487,40507,20
13.0870199203,80.2504806519,40507,40518,11
13.0872898102,80.2505187988,40518,40528,10
13.0875997543,80.2506027222,40528,40538,10
13.0881900787,80.2507019043,40538,40548,10
13.0885295868,80.2507629395,40548,40558,10
13.0888996124,80.2508010864,40558,40568,10
13.0892696381,80.2509078979,40568,40578,10
13.0897703171,80.2509765625,40578,40588,10
13.0901403427,80.2510070801,40588,40598,10
13.0902099609,80.2509994507,40598,40608,10
13.0905199051,80.2510070801,40608,40619,11
13.0909795761,80.2510070801,40619,40629,10
13.0913496017,80.2510528564,40629,40639,10
13.0918998718,80.2510528564,40639,40648,9
13.0921401978,80.2510528564,40648,40659,11
13.0924901962,80.2509765625,40659,40669,10
13.0928897858,80.2509002686,40669,40679,10
13.0931997299,80.250869751,40679,40689,10
13.0936203003,80.2508392334,40689,40699,10
13.0940799713,80.250869751,40699,40709,10
13.0940999985,80.2508773804,40709,40719,10
13.0944099426,80.2509384155,40719,40730,11
13.0950202942,80.2510528564,40730,40740,10
13.0956602097,80.2511672974,40740,40750,10
13.0960302353,80.2512283325,40750,40760,10
13.0966396332,80.2513122559,40760,40770,10
13.0971899033,80.2513580322,40770,40780,10
13.0971899033,80.2513504028,40780,40790,10
13.0973396301,80.2513427734,40790,40800,10
13.0977296829,80.251411438,40800,40810,10
13.0980596542,80.2511825562,40810,40820,10
13.0983695984,80.2510604858,40820,40830,10
13.0987195969,80.2511062622,40830,40841,11
13.0992898941,80.2513427734,40841,40851,10
13.0999097824,80.2515792847,40851,40861,10
13.1005802155,80.2518005371,40861,40871,10
13.1013698578,80.2521209717,40871,40881,10
13.1021404266,80.2524490356,40881,40891,10
13.1021795273,80.2524795532,40891,40901,10
13.1024999619,80.2526016235,40901,40911,10
13.1030397415,80.252746582,40911,40921,10
13.103099823,80.2527694702,40921,40932,11
13.103509903,80.2529067993,40932,40942,10
13.104180336,80.253112793,40942,40952,10
13.1048698425,80.2533035278,40952,40962,10
13.1049699783,80.2531585693,40962,40972,10
13.1050395966,80.2530136108,40972,40982,10
13.105219841,80.2526779175,40982,40992,10
13.1055402756,80.2520675659,40992,41002,10
13.1059799194,80.2512435913,41002,41012,10
13.1061201096,80.2506332397,41012,41022,10
13.1062297821,80.2501068115,41022,41032,10
13.1063098907,80.2496795654,41032,41043,11
13.1063804626,80.2493286133,41043,41053,10
13.1063995361,80.2492675781,41053,41063,10
13.1064395905,80.2491226196,41063,41073,10
13.1065502167,80.2487030029,41073,41084,11
13.1067695618,80.2481079102,41084,41094,10
13.1069297791,80.247718811,41094,41104,10
13.1070699692,80.2473373413,41104,41114,10
13.1072797775,80.2466812134,41114,41124,10
13.1072702408,80.2459030151,41124,41134,10
13.1072702408,80.2458190918,41134,41144,10
13.1072597504,80.2456436157,41144,41155,11
13.1072397232,80.2454223633,41155,41165,10
13.1071901321,80.245010376,41165,41175,10
13.1071500778,80.2444000244,41175,41185,10
13.1070899963,80.2435836792,41185,41195,10
13.1064596176,80.2431793213,41195,41205,10
13.1062498093,80.24243927,41205,41221,16
13.1070804596,80.2420120239,41221,41233,12
13.1078796387,80.2420272827,41233,41243,10
13.1086196899,80.2425918579,41243,41253,10
13.1089000702,80.2434616089,41253,41263,10
13.1096000671,80.2432937622,41263,41273,10
13.1095199585,80.2425079346,41273,41284,11
13.109120369,80.242401123,41284,41294,10
13.1087799072,80.2423400879,41294,41304,10
13.108499527,80.2425613403,41304,41314,10
13.1084403992,80.2433166504,41314,41324,10
13.1082401276,80.2443237305,41324,41354,30
13.1082401276,80.2443237305,41354,41365,11
13.1080999374,80.2446594238,41365,41375,10
13.1079502106,80.245010376,41375,41396,21
13.1079397202,80.246421814,41396,41409,13
13.108039856,80.247543335,41409,41429,20
13.108039856,80.247543335,41429,41439,10
13.1081199646,80.2476806641,41439,41449,10
13.1080999374,80.2479400635,41449,41459,10
13.1080799103,80.2482376099,41459,41470,11
13.1084499359,80.2483901978,41470,41480,10
13.1086196899,80.2481002808,41480,41490,10
13.1083097458,80.2479705811,41490,41671,181
13.1083097458,80.2479705811,41671,41682,11
13.1081199646,80.2478790283,41682,41692,10
13.1081104279,80.2475814819,41692,41702,10
13.1080999374,80.2471084595,41702,41712,10
13.1080503464,80.2465209961,41712,41722,10
13.1079397202,80.2457199097,41722,41732,10
13.1080102921,80.245010376,41732,41742,10
13.1081104279,80.2445602417,41742,41752,10
13.1081199646,80.2445602417,41752,41762,10
13.1082296371,80.2443618774,41762,41772,10
13.1083498001,80.2441711426,41772,41782,10
13.1086196899,80.2442016602,41782,41799,17
13.1093196869,80.2440109253,41799,41811,12
13.1089401245,80.243598938,41811,41821,10
13.1085596085,80.2432098389,41821,41831,10
13.1085195541,80.2426300049,41831,41841,10
13.1083097458,80.2421417236,41841,41851,10
13.1078100204,80.2420806885,41851,41861,10
13.1071195602,80.2420883179,41861,41871,10
13.1066198349,80.24243927,41871,41881,10
13.1070203781,80.242980957,41881,41891,10
13.1071195602,80.2437362671,41891,41902,11
13.1071796417,80.2447433472,41902,41912,10
13.107170105,80.2454071045,41912,41922,10
13.1072301865,80.2457885742,41922,41932,10
13.1072597504,80.2462615967,41932,41942,10
13.1072597504,80.2466506958,41942,41952,10
13.1072597504,80.2466583252,41952,41962,10
13.1071300507,80.2469787598,41962,41972,10
13.1068601608,80.2473678589,41972,41982,10
13.1067695618,80.2477493286,41982,41992,10
13.1066102982,80.2481384277,41992,42003,11
13.1063995361,80.248840332,42003,42013,10
13.1062402725,80.2495193481,42013,42023,10
13.1061897278,80.2498168945,42023,42033,10
13.1061296463,80.2503890991,42033,42043,10
13.1061496735,80.2504882813,42043,42053,10
13.1060695648,80.2508468628,42053,42063,10
13.1058702469,80.2512664795,42063,42073,10
13.1057596207,80.2516403198,42073,42083,10
13.1056098938,80.2519989014,42083,42093,10
13.1052999496,80.2525405884,42093,42104,11
13.1049900055,80.2530517578,42104,42114,10
13.1049900055,80.2530822754,42114,42124,10
13.1048603058,80.2533035278,42124,42134,10
13.1045799255,80.2532196045,42134,42144,10
13.1040201187,80.2530670166,42144,42154,10
13.1032495499,80.2528533936,42154,42164,10
13.1024799347,80.2526168823,42164,42174,10
13.1022996902,80.2525787354,42174,42184,10
13.101940155,80.2524185181,42184,42194,10
13.1014299393,80.2521972656,42194,42204,10
13.1006298065,80.2518768311,42204,42215,11
13.0999603271,80.251663208,42215,42225,10
13.0994501114,80.2514801025,42225,42235,10
13.0987796783,80.2512283325,42235,42245,10
13.09815979,80.2512130737,42245,42255,10
13.0978603363,80.2514190674,42255,42265,10
13.097530365,80.2514038086,42265,42275,10
13.0971803665,80.2513580322,42275,42295,20
13.0971803665,80.2513580322,42295,42305,10
13.0967798233,80.2513580322,42305,42315,10
13.0962095261,80.2513275146,42315,42326,11
13.095459938,80.2512283325,42326,42336,10
13.0947704315,80.251159668,42336,42346,10
13.0940599442,80.2510375977,42346,42356,10
13.09375,80.2509307861,42356,42376,20
13.09375,80.2509307861,42376,42386,10
13.0934400558,80.2508926392,42386,42396,10
13.0931196213,80.2509078979,42396,42406,10
13.0927600861,80.2509613037,42406,42416,10
13.0922203064,80.2510375977,42416,42427,11
13.0918598175,80.2510910034,42427,42437,10
13.0913801193,80.2510986328,42437,42447,10
13.090959549,80.251083374,42447,42456,9
13.0906801224,80.2510528564,42456,42467,11
13.0905799866,80.2510528564,42467,42477,10
13.0902900696,80.2510528564,42477,42487,10
13.0900001526,80.2510223389,42487,42497,10
13.0896396637,80.2510299683,42497,42507,10
13.089220047,80.2509613037,42507,42517,10
13.0886602402,80.2509078979,42517,42527,10
13.0883903503,80.2508468628,42527,42538,11
13.0880098343,80.2508621216,42538,42548,10
13.0879802704,80.2508621216,42548,42558,10
13.0875997543,80.2507400513,42558,42568,10
13.087269783,80.250579834,42568,42588,20
13.087269783,80.250579834,42588,42598,10
13.0869102478,80.2504806519,42598,42608,10
13.0864095688,80.2505569458,42608,42628,20
13.0864095688,80.2505569458,42628,42639,11
13.0860395432,80.2506027222,42639,42649,10
13.0859098434,80.2507629395,42649,42659,10
13.0858097076,80.2511291504,42659,42669,10
13.0857400894,80.2515411377,42669,42677,8
13.0857000351,80.251739502,42677,42688,11
13.0856199265,80.2520370483,42688,42699,11
13.0855798721,80.2523498535,42699,42709,10
13.0855302811,80.252571106,42709,42719,10
13.0854997635,80.2528381348,42719,42729,10
13.0854997635,80.2532272339,42729,42739,10
13.0855398178,80.2537231445,42739,42750,11
13.0856399536,80.2545013428,42750,42760,10
13.085439682,80.2546615601,42760,42770,10
13.0853099823,80.2546691895,42770,42780,10
13.0846700668,80.2546615601,42780,42790,10
13.0841197968,80.2546081543,42790,42800,10
13.0836200714,80.2545928955,42800,42820,20
13.0836200714,80.2545928955,42820,42830,10
13.0832700729,80.2545394897,42830,42840,10
13.0826797485,80.2545166016,42840,42850,10
13.0820198059,80.2546768188,42850,42861,11
13.0813598633,80.2547836304,42861,42871,10
13.0808496475,80.2547988892,42871,42881,10
13.0801801682,80.2547607422,42881,42891,10
13.0796699524,80.2547073364,42891,42901,10
13.079199791,80.2546920776,42901,42911,10
13.0789499283,80.2544784546,42911,42921,10
13.0788297653,80.2538528442,42921,42931,10
13.0788297653,80.2529602051,42931,42941,10
13.0788402557,80.2520523071,42941,42962,21
13.0788402557,80.2520523071,42962,42972,10
13.0787296295,80.251701355,42972,42982,10
13.0785799026,80.2516784668,42982,42992,10
13.0783195496,80.251701355,42992,43002,10
13.0779104233,80.2517929077,43002,43018,16
13.0768203735,80.2519607544,43018,43030,12
13.0759000778,80.2521514893,43030,43040,10
13.0751895905,80.2522125244,43040,43050,10
13.0744104385,80.2522506714,43050,43060,10
13.0737800598,80.2524414063,43060,43071,11
13.0731296539,80.2524414063,43071,43081,10
13.0724601746,80.2523574829,43081,43091,10
13.07213974,80.251663208,43091,43099,8
13.0720796585,80.251159668,43099,43111,12
13.0718603134,80.2503662109,43111,43121,10
13.0716295242,80.2494888306,43121,43131,10
13.071439743,80.2485198975,43131,43141,10
13.071100235,80.2474594116,43141,43151,10
13.0705699921,80.246421814,43151,43161,10
13.0700702667,80.245300293,43161,43171,10
13.0696601868,80.2442016602,43171,43182,11
13.0693702698,80.2434005737,43182,43193,11
13.0693502426,80.2433624268,43193,43203,10
13.0692996979,80.2432098389,43203,43213,10
13.0692596436,80.2427062988,43213,43223,10
13.0690002441,80.2425537109,43223,43233,10
13.0684900284,80.2426681519,43233,43243,10
13.0677900314,80.2428512573,43243,43253,10
13.0671796799,80.2431030273,43253,43263,10
13.0668497086,80.2432174683,43263,43273,10
13.0664596558,80.2433776855,43273,43284,11
13.0661697388,80.2438735962,43284,43293,9
13.0662403107,80.2444992065,43293,43304,11
13.0663299561,80.2450637817,43304,43314,10
13.0663995743,80.2455978394,43314,43324,10
13.0669202805,80.2461013794,43324,43334,10
13.0678501129,80.2466506958,43334,43354,20
13.0678501129,80.2466506958,43354,43364,10
13.0679197311,80.2469711304,43364,43373,9
13.0678901672,80.2474594116,43373,43384,11
13.0676698685,80.2479095459,43384,43395,11
13.067150116,80.2478866577,43395,43405,10
13.066740036,80.2479019165,43405,43415,10
13.0666503906,80.2479019165,43415,43425,10
13.0663299561,80.2478485107,43425,43435,10
13.0654602051,80.2479095459,43435,43445,10
13.0644798279,80.2478027344,43445,43455,10
13.0635004044,80.247718811,43455,43464,9
13.0628004074,80.2477035522,43464,43475,11
13.0620803833,80.2476730347,43475,43485,10
13.0614595413,80.2472305298,43485,43496,11
13.0606098175,80.2474212646,43496,43516,20
13.0606098175,80.2474212646,43516,43526,10
13.0604200363,80.247543335,43526,43536,10
13.0600595474,80.2476577759,43536,43546,10
13.059220314,80.2479400635,43546,43556,10
13.0583400726,80.2482376099,43556,43566,10
13.0574798584,80.2485427856,43566,43576,10
13.0573301315,80.2485809326,43576,43586,10
13.0571203232,80.2486190796,43586,43596,10
13.0567998886,80.2487716675,43596,43607,11
13.0560598373,80.2490005493,43607,43617,10
13.055439949,80.2492370605,43617,43627,10
13.0549602509,80.2495269775,43627,43667,40
13.0549602509,80.2495269775,43667,43677,10
13.0545797348,80.2496032715,43677,43687,10
13.0542402267,80.2498168945,43687,43708,21
13.0542402267,80.2498168945,43708,43718,10
13.0541095734,80.249961853,43718,43728,10
13.0537900925,80.2501525879,43728,43738,10
13.0534200668,80.2503967285,43738,43748,10
13.0529203415,80.2506103516,43748,43758,10
13.052479744,80.2509994507,43758,43768,10
13.0520000458,80.2512283325,43768,43778,10
13.051609993,80.2515411377,43778,43788,10
13.0508003235,80.2521286011,43788,43798,10
13.0501203537,80.2527313232,43798,43808,10
13.0492897034,80.2533035278,43808,43819,11
13.0487699509,80.253616333,43819,43829,10
13.0479402542,80.2539520264,43829,43849,20
13.0479402542,80.2539520264,43849,43859,10
13.047659874,80.2541427612,43859,43869,10
13.047129631,80.2544784546,43869,43879,10
13.0465497971,80.2550811768,43879,43889,10
13.0462703705,80.2558517456,43889,43899,10
13.0460300446,80.2566986084,43899,43919,20
13.0460300446,80.2566986084,43919,43930,11
13.0459403992,80.2568817139,43930,43940,10
13.0457897186,80.257270813,43940,43950,10
13.0456495285,80.2579498291,43950,43960,10
13.045539856,80.2587890625,43960,43970,10
13.0454301834,80.2595901489,43970,43980,10
13.0453596115,80.2604370117,43980,43990,10
13.0451602936,80.2614135742,43990,44000,10
13.0448799133,80.2624588013,44000,44010,10
13.0447101593,80.2631835938,44010,44031,21
13.0447101593,80.2631835938,44031,44041,10
13.0445604324,80.263633728,44041,44051,10
13.0445203781,80.2641296387,44051,44061,10
13.044500351,80.2649612427,44061,44071,10
13.044500351,80.26537323,44071,44081,10
13.0445203781,80.2658233643,44081,44091,10
13.0445899963,80.266456604,44091,44101,10
13.0445995331,80.2669219971,44101,44111,10
13.0445899963,80.2674331665,44111,44121,10
13.044549942,80.268157959,44121,44132,11
13.0441398621,80.2683029175,44132,44152,20
13.0441398621,80.2683029175,44152,44162,10
13.043589592,80.2683029175,44162,44172,10
13.0430498123,80.2682113647,44172,44182,10
13.0422000885,80.2682037354,44182,44192,10
13.0411195755,80.2682266235,44192,44212,20
13.0411195755,80.2682266235,44212,44222,10
13.0407400131,80.2682113647,44222,44232,10
13.040309906,80.2680587769,44232,44243,11
13.0398797989,80.267906189,44243,44253,10
13.0396299362,80.2678604126,44253,44263,10
13.0392503738,80.2677612305,44263,44273,10
13.0388402939,80.2676773071,44273,44283,10
13.0380601883,80.2676773071,44283,44303,20
13.037730217,80.2676620483,44303,44354,51
13.037730217,80.2676620483,44354,44364,10
13.0374097824,80.2676315308,44364,44374,10
13.03703022,80.2676086426,44374,44384,10
13.0368995667,80.2677230835,44384,44394,10
13.0367202759,80.2677612305,44394,44404,10
13.036359787,80.2677764893,44404,44413,9
13.0360403061,80.2678527832,44413,44424,11
13.0353298187,80.2679290771,44424,44455,31
13.0353298187,80.2679290771,44455,44465,10
13.0349597931,80.267906189,44465,44475,10
13.0344800949,80.2680130005,44475,44505,30
13.0344800949,80.2680130005,44505,44515,10
13.0341596603,80.2680206299,44515,44525,10
13.0337095261,80.2679367065,44525,44535,10
13.032959938,80.2677307129,44535,44555,20
13.032959938,80.2677307129,44555,44566,11
13.0326404572,80.267578125,44566,44576,10
13.0323600769,80.2675018311,44576,44586,10
13.0322599411,80.2674484253,44586,44596,10
13.0317802429,80.267250061,44596,44606,10
13.03125,80.267036438,44606,44616,10
13.0306301117,80.2668609619,44616,44626,10
13.0299196243,80.2667236328,44626,44646,20
13.0295600891,80.2666168213,44646,44666,20
13.0295600891,80.2666168213,44666,44677,11
13.0289802551,80.2664871216,44677,44687,10
13.0285196304,80.2663574219,44687,44696,9
13.0279502869,80.2662200928,44696,44707,11
13.0272197723,80.26612854,44707,44717,10
13.0265703201,80.2660369873,44717,44757,40
13.0265703201,80.2660369873,44757,44767,10
13.0260696411,80.265838623,44767,44778,11
13.0253601074,80.2655029297,44778,44798,20
13.0253601074,80.2655029297,44798,44808,10
13.0250797272,80.2652282715,44808,44818,10
13.0248804092,80.2650985718,44818,44828,10
13.024479866,80.2648696899,44828,44838,10
13.0238599777,80.2644195557,44838,44848,10
13.0232200623,80.2640609741,44848,44858,10
13.022190094,80.2636032104,44858,44878,20
13.022190094,80.2636032104,44878,44889,11
13.0219402313,80.2633666992,44889,44899,10
13.0216197968,80.2632217407,44899,44909,10
13.020939827,80.2630767822,44909,44919,10
13.0201101303,80.2630386353,44919,44929,10
13.0192604065,80.2629623413,44929,44939,10
13.0189399719,80.2627105713,44939,44948,9
13.0188598633,80.2620773315,44948,44958,10
13.0186500549,80.2612915039,44958,44969,11
13.0179195404,80.2608032227,44969,44979,10
13.0171403885,80.2602767944,44979,44990,11
13.0162601471,80.2597579956,44990,45000,10
13.0160303116,80.2596588135,45000,45010,10
13.015879631,80.2595825195,45010,45020,10
13.0153903961,80.2594223022,45020,45030,10
13.0147304535,80.2593231201,45030,45040,10
13.0139303207,80.2592773438,45040,45050,10
13.0129995346,80.2592391968,45050,45060,10
13.0119800568,80.2592086792,45060,45070,10
13.0112199783,80.2591934204,45070,45080,10
13.0104598999,80.2592163086,45080,45090,10
13.0096597672,80.2591781616,45090,45101,11
13.0090398788,80.2591400146,45101,45111,10
13.0089797974,80.2591400146,45111,45121,10
13.0082998276,80.2590637207,45121,45131,10
13.0076398849,80.2591934204,45131,45141,10
13.007229805,80.2587280273,45141,45151,10
13.0071802139,80.2585678101,45151,45161,10
13.007109642,80.2584533691,45161,45171,10
13.0068798065,80.2580795288,45171,45181,10
13.0065603256,80.2577972412,45181,45191,10
13.0060901642,80.2576065063,45191,45202,11
13.0059404373,80.2575378418,45202,45212,10
13.0057001114,80.2574996948,45212,45222,10
13.0055799484,80.2574462891,45222,45232,10
13.0053701401,80.2573471069,45232,45242,10
13.0053100586,80.2573013306,45242,45252,10
13.0050201416,80.2571792603,45252,45262,10
13.0045795441,80.2571334839,45262,45341,79
13.0045795441,80.2571334839,45341,45351,10
13.0042600632,80.2570800781,45351,45361,10
13.0039300919,80.2570037842,45361,45371,10
13.0037097931,80.2569580078,45371,45381,10
13.0035495758,80.2569198608,45381,45422,41
13.003370285,80.2568588257,45422,45442,20
13.003370285,80.2568588257,45442,45452,10
13.0032501221,80.2568511963,45452,45462,10
13.0030002594,80.2567901611,45462,45472,10
13.0025596619,80.2566986084,45472,45482,10
13.0020399094,80.2566070557,45482,45512,30
13.0018100739,80.2566223145,45512,45553,41
13.0018100739,80.2566223145,45553,45563,10
13.001660347,80.2565994263,45563,45573,10
13.0012197495,80.2565307617,45573,45583,10
13.0005598068,80.2564086914,45583,45593,10
12.9997997284,80.2562637329,45593,45613,20
12.9997997284,80.2562637329,45613,45623,10
12.999540329,80.2561798096,45623,45634,11
12.9989795685,80.256072998,45634,45644,10
12.9982995987,80.2559661865,45644,45654,10
12.9981403351,80.2559814453,45654,45664,10
12.9979801178,80.2559585571,45664,45674,10
12.9975595474,80.255897522,45674,45684,10
12.9971103668,80.2558898926,45684,45694,10
12.9968795776,80.2558898926,45694,45704,10
12.9965600967,80.2558670044,45704,45714,10
12.9961500168,80.2558517456,45714,45724,10
12.9956798553,80.255859375,45724,45734,10
12.9951696396,80.255821228,45734,45745,11
12.9945297241,80.2558898926,45745,45755,10
12.9941101074,80.2559280396,45755,45765,10
12.9933700562,80.2560119629,45765,45775,10
12.9923801422,80.2560577393,45775,45784,9
12.991399765,80.2560424805,45784,45795,11
12.9906797409,80.2559814453,45795,45805,10
12.990240097,80.2559585571,45805,45815,10
12.9898395538,80.2559814453,45815,45825,10
12.9894304276,80.2559280396,45825,45835,10
12.9887104034,80.2559204102,45835,45886,51
12.9887104034,80.2559204102,45886,45896,10
12.988409996,80.2559204102,45896,45905,9
12.9881801605,80.255859375,45905,45916,11
12.9878902435,80.255821228,45916,45926,10
12.9876403809,80.2562179565,45926,45936,10
12.9875001907,80.2568283081,45936,45946,10
12.9873695374,80.2576370239,45946,45957,11
12.9873304367,80.2584228516,45957,45967,10
12.9873199463,80.2584915161,45967,45977,10
12.9871997833,80.2585525513,45977,45987,10
12.9871902466,80.2585525513,45987,45997,10
12.9868602753,80.2586593628,45997,47299,1302
12.9868602753,80.2586593628,47299,47309,10
12.9866199493,80.2587203979,47309,47410,101
12.9865598679,80.2586669922,47410,47995,585
12.9866399765,80.2587585449,47995,48268,273
12.9865198135,80.2587432861,48268,48419,151
12.986579895,80.2587432861,48419,48783,364
12.9864902496,80.2586593628,48783,49035,252
12.9865598679,80.2587814331,49035,53267,4232
12.9865598679,80.2587814331,53267,53277,10
12.9869699478,80.2587585449,53277,54317,1040
12.9869699478,80.2587585449,54317,54327,10
12.9872598648,80.2585220337,54327,54347,20
12.9872598648,80.2585220337,54347,54357,10
12.9874296188,80.2584686279,54357,54367,10
12.9874200821,80.2582015991,54367,54377,10
12.9874401093,80.2578964233,54377,54387,10
12.9874801636,80.2574615479,54387,54397,10
12.9875202179,80.2568969727,54397,54408,11
12.9875602722,80.2561416626,54408,54418,10
12.9875602722,80.2557983398,54418,54428,10
12.9874897003,80.2557220459,54428,54438,10
12.9872198105,80.2556610107,54438,54448,10
12.9866895676,80.255569458,54448,54458,10
12.9861497879,80.2555007935,54458,54478,20
12.9861497879,80.2555007935,54478,54488,10
12.9859199524,80.2554397583,54488,54498,10
12.9856004715,80.2553634644,54498,54508,10
12.9850797653,80.2552566528,54508,54519,11
12.9844999313,80.2551116943,54519,54529,10
12.98416996,80.255027771,54529,54545,16
12.9832897186,80.2547836304,54545,54557,12
12.9825401306,80.2545318604,54557,54567,10
12.982000351,80.2541122437,54567,54577,10
12.9817800522,80.2535171509,54577,54587,10
12.9815702438,80.2528610229,54587,54597,10
12.9809703827,80.252746582,54597,54607,10
12.9802398682,80.252746582,54607,54617,10
12.9798898697,80.252746582,54617,54628,11
12.9795198441,80.2526702881,54628,54638,10
12.9789800644,80.2526016235,54638,54648,10
12.9785499573,80.2525177002,54648,54657,9
12.9784297943,80.2524108887,54657,54668,11
12.9780101776,80.2521362305,54668,54677,9
12.9776201248,80.2517929077,54677,54688,11
12.9767398834,80.2512893677,54688,54698,10
12.9758195877,80.2510070801,54698,54708,10
12.9748497009,80.2507324219,54708,54717,9
12.97397995,80.2504806519,54717,54729,12
12.9728403091,80.2501602173,54729,54739,10
12.9719104767,80.2499084473,54739,54749,10
12.9709501266,80.2496414185,54749,54759,10
12.9700403214,80.2493515015,54759,54769,10
12.96916008,80.2489929199,54769,54779,10
12.9682798386,80.2486419678,54779,54789,10
12.9673995972,80.248260498,54789,54799,10
12.9665803909,80.2478713989,54799,54809,10
12.9657897949,80.2475204468,54809,54819,10
12.965089798,80.2473220825,54819,54829,10
12.9649600983,80.2472763062,54829,54840,11
12.9645395279,80.2471084595,54840,54850,10
12.9638795853,80.2468795776,54850,54870,20
12.9638795853,80.2468795776,54870,54880,10
12.9636802673,80.2468032837,54880,54890,10
12.9631700516,80.2465515137,54890,54900,10
12.9624795914,80.2462005615,54900,54910,10
12.9616804123,80.2458190918,54910,54920,10
12.9608297348,80.2453994751,54920,54930,10
12.9600400925,80.2450408936,54930,54941,11
12.959400177,80.2447814941,54941,54951,10
12.9593696594,80.2447662354,54951,54961,10
12.9591302872,80.2446670532,54961,54971,10
12.9586200714,80.244430542,54971,54981,10
12.9580001831,80.2441635132,54981,54991,10
12.9575004578,80.2439727783,54991,55001,10
12.9569301605,80.2437973022,55001,55011,10
12.9566202164,80.2437515259,55011,55021,10
12.9566202164,80.2437362671,55021,55031,10
12.9563999176,80.2436599731,55031,55072,41
12.9563999176,80.2436599731,55072,55082,10
12.9561595917,80.2435913086,55082,55092,10
12.9556503296,80.2432937622,55092,55102,10
12.9549999237,80.2429580688,55102,55112,10
12.9542598724,80.2426300049,55112,55122,10
12.9534301758,80.2422790527,55122,55132,10
12.9525499344,80.2419433594,55132,55142,10
12.9518003464,80.2416763306,55142,55151,9
12.951669693,80.2416381836,55151,55163,12
12.9512300491,80.2414703369,55163,55173,10
12.9505395889,80.2412109375,55173,55183,10
12.9498100281,80.2410202026,55183,55193,10
12.9492702484,80.240852356,55193,55203,10
12.9487304688,80.2406387329,55203,55213,10
12.9479904175,80.2403411865,55213,55222,9
12.9472503662,80.2400283813,55222,55233,11
12.9470996857,80.239982605,55233,55243,10
12.946849823,80.2398834229,55243,55253,10
12.9462404251,80.239616394,55253,55264,11
12.9453496933,80.2391815186,55264,55274,10
12.9445896149,80.2384796143,55274,55284,10
12.943860054,80.237701416,55284,55294,10
12.9432897568,80.2370605469,55294,55295,1
12.9432401657,80.2370223999,55295,55296,1
12.9432001114,80.2369689941,55296,55358,62
12.9377403259,80.2347488403,55358,55369,11
12.9367599487,80.2342834473,55369,55379,10
12.9359197617,80.2338790894,55379,55389,10
12.9357795715,80.2338104248,55389,55399,10
12.9357404709,80.2337799072,55399,55409,10
12.9353704453,80.2335968018,55409,55419,10
12.934709549,80.2332992554,55419,55429,10
12.9338197708,80.2329177856,55429,55449,20
12.9338197708,80.2329177856,55449,55459,10
12.9335403442,80.2327804565,55459,55469,10
12.9329595566,80.2325134277,55469,55480,11
12.932100296,80.2322006226,55480,55490,10
12.9311599731,80.2319030762,55490,55500,10
12.930150032,80.2315979004,55500,55510,10
12.9292402267,80.2313995361,55510,55520,10
12.9285402298,80.2312469482,55520,55530,10
12.9275197983,80.2311019897,55530,55540,10
12.926440239,80.2309799194,55540,55550,10
12.9259300232,80.2309570313,55550,55560,10
12.9257001877,80.2309417725,55560,55570,10
12.9251203537,80.2308502197,55570,55580,10
12.9242897034,80.2307510376,55580,55591,11
12.9231700897,80.2305984497,55591,55601,10
12.9220600128,80.2304382324,55601,55611,10
12.9209403992,80.2302703857,55611,55621,10
12.9198598862,80.2301483154,55621,55631,10
12.9191598892,80.2300796509,55631,55641,10
12.9190196991,80.2300567627,55641,55651,10
12.918510437,80.2299804688,55651,55661,10
12.917719841,80.2298583984,55661,55671,10
12.9167699814,80.2297210693,55671,55681,10
12.9157400131,80.2295837402,55681,55692,11
12.9146003723,80.2294235229,55692,55702,10
12.9136896133,80.2292861938,55702,55712,10
12.9133300781,80.2292785645,55712,55722,10
12.9131698608,80.2292404175,55722,55732,10
12.9125995636,80.2291564941,55732,55742,10
12.9118204117,80.2290420532,55742,55752,10
12.9108695984,80.2288970947,55752,55762,10
12.9098396301,80.228729248,55762,55778,16
12.9082202911,80.2284622192,55778,55790,12
12.9068698883,80.2282867432,55790,55811,21
12.9068698883,80.2282867432,55811,55821,10
12.9067802429,80.228302002,55821,55830,9
12.9065999985,80.2282791138,55830,55841,11
12.905960083,80.2282333374,55841,55851,10
12.9052095413,80.2281723022,55851,55861,10
12.9040603638,80.2281036377,55861,55870,9
12.9031801224,80.2280578613,55870,55881,11
12.9022197723,80.2280197144,55881,55891,10
12.9017400742,80.2279891968,55891,55942,51
12.9017400742,80.2279891968,55942,55952,10
12.9015398026,80.2279434204,55952,55962,10
12.9011602402,80.2279510498,55962,55972,10
12.9008302689,80.2279205322,55972,55982,10
12.9004898071,80.2278823853,55982,55992,10
12.9001102448,80.2278671265,55992,56013,21
12.9001102448,80.2278671265,56013,56023,10
12.899769783,80.2278671265,56023,56033,10
12.8994998932,80.2278366089,56033,56043,10
12.8993902206,80.2278137207,56043,56053,10
12.8990802765,80.2277832031,56053,56063,10
12.8985795975,80.2277526855,56063,56073,10
12.8978395462,80.227722168,56073,56083,10
12.8970098495,80.2276916504,56083,56093,10
12.8960695267,80.2276611328,56093,56103,10
12.89523983,80.2276229858,56103,56113,10
12.8951702118,80.2276306152,56113,56124,11
12.8950004578,80.2276382446,56124,56134,10
12.8943996429,80.2276077271,56134,56144,10
12.8936004639,80.2275390625,56144,56154,10
12.8927202225,80.2274169922,56154,56164,10
12.8924198151,80.2274017334,56164,56180,16
12.8916902542,80.2273635864,56180,56192,12
12.8906202316,80.2273406982,56192,56202,10
12.8896303177,80.2273483276,56202,56212,10
12.8886604309,80.2273635864,56212,56222,10
12.888299942,80.2273406982,56222,56233,11
12.8879995346,80.2273101807,56233,56242,9
12.8874197006,80.2272262573,56242,56253,11
12.8865098953,80.2270584106,56253,56263,10
12.8856601715,80.2268371582,56263,56273,10
12.8849601746,80.2267227173,56273,56283,10
12.8848600388,80.2267303467,56283,56293,10
12.8846902847,80.2267227173,56293,56303,10
12.8841495514,80.2267227173,56303,56313,10
12.8832998276,80.2267227173,56313,56323,10
12.8822698593,80.2267227173,56323,56334,11
12.8811101913,80.2267227173,56334,56344,10
12.8800697327,80.2267379761,56344,56353,9
12.8790903091,80.2267608643,56353,56364,11
12.8779296875,80.226852417,56364,56374,10
12.8769598007,80.2269363403,56374,56384,10
12.8765096664,80.2269821167,56384,56394,10
12.8764200211,80.2269897461,56394,56404,10
12.8761100769,80.2269897461,56404,56414,10
12.875459671,80.2269668579,56414,56424,10
12.8745498657,80.2268600464,56424,56434,10
12.8734397888,80.2267303467,56434,56445,11
12.8722801208,80.2266998291,56445,56455,10
12.8712100983,80.2266616821,56455,56465,10
12.8701000214,80.2265777588,56465,56475,10
12.8689498901,80.2264480591,56475,56485,10
12.8677997589,80.2264175415,56485,56495,10
12.8667097092,80.2265167236,56495,56505,10
12.8660402298,80.2265930176,56505,56515,10
12.8657903671,80.2266082764,56515,56525,10
12.8651800156,80.2266235352,56525,56535,10
12.8643102646,80.2265625,56535,56545,10
12.8632698059,80.2265319824,56545,56556,11
12.8620500565,80.2265701294,56556,56566,10
12.8611097336,80.2266082764,56566,56576,10
12.8609695435,80.226600647,56576,56586,10
12.8604402542,80.2265396118,56586,56596,10
12.8595695496,80.2264099121,56596,56606,10
12.858710289,80.2262802124,56606,56616,10
12.8576202393,80.2262191772,56616,56626,10
12.8564100266,80.2263565063,56626,56636,10
12.8551797867,80.2265014648,56636,56646,10
12.853969574,80.2266235352,56646,56657,11
12.8526697159,80.2267074585,56657,56667,10
12.8514900208,80.2266616821,56667,56677,10
12.8503198624,80.226600647,56677,56687,10
12.8491601944,80.2265930176,56687,56697,10
12.8479995728,80.2265777588,56697,56707,10
12.8469200134,80.2265930176,56707,56717,10
12.8463001251,80.2265777588,56717,56727,10
12.8459997177,80.2265625,56727,56737,10
12.845459938,80.2265777588,56737,56747,10
12.8452396393,80.2266082764,56747,56757,10
12.84512043,80.2266311646,56757,56768,11
12.844499588,80.2266921997,56768,56778,10
12.84375,80.2267608643,56778,56788,10
12.8428401947,80.2269134521,56788,56798,10
12.8418703079,80.2271270752,56798,56808,10
12.8409004211,80.2273788452,56808,56818,10
12.8399496078,80.2276611328,56818,56848,30
12.8399496078,80.2276611328,56848,56858,10
12.8397197723,80.2277984619,56858,56869,11
12.8396701813,80.2278137207,56869,56879,10
12.8393096924,80.2279205322,56879,56889,10
12.8386602402,80.228012085,56889,56899,10
12.8378295898,80.228187561,56899,56909,10
12.8368501663,80.2283630371,56909,56919,10
12.8358602524,80.2285079956,56919,56929,10
12.834859848,80.2286682129,56929,56939,10
12.8338298798,80.228843689,56939,56949,10
12.832859993,80.229019165,56949,56959,10
12.8323097229,80.229133606,56959,56969,10
12.8323001862,80.229133606,56969,56980,11
12.831870079,80.2292098999,56980,56990,10
12.8311901093,80.2293701172,56990,57000,10
12.8304100037,80.229637146,57000,57010,10
12.8295297623,80.2299728394,57010,57020,10
12.8285999298,80.2304000854,57020,57030,10
12.8276796341,80.2309188843,57030,57040,10
12.8267002106,80.2313079834,57040,57050,10
12.8256397247,80.2313995361,57050,57060,10
12.8245697021,80.2313613892,57060,57070,10
12.8236103058,80.2311172485,57070,57081,11
12.8225698471,80.2307815552,57081,57091,10
12.821680069,80.2305374146,57091,57101,10
12.8207397461,80.2304534912,57101,57111,10
12.8197603226,80.2304916382,57111,57121,10
12.8190097809,80.2305221558,57121,57131,10
12.8189201355,80.230506897,57131,57141,10
12.8185596466,80.2303619385,57141,57151,10
12.817899704,80.2300262451,57151,57161,10
12.8173503876,80.2297821045,57161,57171,10
12.8164701462,80.2295303345,57171,57181,10
12.8153095245,80.2293624878,57181,57192,11
12.8139200211,80.229133606,57192,57202,10
12.8128004074,80.2287368774,57202,57212,10
12.811750412,80.2283630371,57212,57222,10
12.8107204437,80.2279815674,57222,57232,10
12.8097600937,80.2275695801,57232,57242,10
12.8088798523,80.2270431519,57242,57252,10
12.8080396652,80.2263565063,57252,57262,10
12.8072099686,80.2256469727,57262,57272,10
12.8065700531,80.2250823975,57272,57282,10
12.806019783,80.2246017456,57282,57292,10
12.8055400848,80.2242202759,57292,57303,11
12.8050498962,80.2240371704,57303,57313,10
12.804980278,80.224029541,57313,57323,10
12.8047504425,80.2239837646,57323,57333,10
12.8043498993,80.2239379883,57333,57343,10
12.8037796021,80.2238998413,57343,57353,10
12.8030796051,80.2238235474,57353,57363,10
12.8022203445,80.2237091064,57363,57373,10
12.8013696671,80.2236328125,57373,57383,10
12.8008098602,80.2235870361,57383,57393,10
12.8007698059,80.2235794067,57393,57404,11
12.8003396988,80.2235336304,57404,57414,10
12.7996101379,80.2234725952,57414,57424,10
12.7987203598,80.2233963013,57424,57434,10
12.7977399826,80.2232894897,57434,57444,10
12.7966995239,80.2231063843,57444,57454,10
12.7957000732,80.2229232788,57454,57464,10
12.7946996689,80.2227401733,57464,57474,10
12.793680191,80.2225799561,57474,57484,10
12.7926301956,80.2224197388,57484,57494,10
12.7916402817,80.2221908569,57494,57504,10
12.790719986,80.2219696045,57504,57515,11
12.7898101807,80.2217483521,57515,57525,10
12.7893400192,80.2215805054,57525,57535,10
12.7887401581,80.2213363647,57535,57545,10
12.7878503799,80.220993042,57545,57595,50
12.7878503799,80.220993042,57595,57605,10
12.7875795364,80.2208862305,57605,57616,11
12.7871103287,80.2207183838,57616,57626,10
12.786740303,80.2205810547,57626,57636,10
12.7867002487,80.2205734253,57636,57646,10
12.7866601944,80.2205581665,57646,57656,10
12.7864999771,80.2204818726,57656,57666,10
12.7862596512,80.2203903198,57666,57696,30
12.7862596512,80.2203903198,57696,57706,10
12.7861795425,80.2207565308,57706,57716,10
12.7862195969,80.221031189,57716,57727,11
12.7862100601,80.2211990356,57727,57737,10
12.7862195969,80.2215805054,57737,57767,30
12.7862701416,80.2219467163,57767,58776,1009
12.7863302231,80.221862793,58776,59150,374
12.7863998413,80.222038269,59150,59301,151
12.7863397598,80.2218322754,59301,59402,101
12.7863702774,80.2220077515,59402,59725,323
12.7863702774,80.2220077515,59725,59735,10
12.7863798141,80.2217330933,59735,59745,10
12.7862997055,80.2213287354,59745,59756,11
12.7862300873,80.2208328247,59756,59766,10
12.786190033,80.2204971313,59766,59786,20
12.786190033,80.2204971313,59786,59796,10
12.7865104675,80.2204666138,59796,59816,20
12.7865104675,80.2204666138,59816,59826,10
12.7866201401,80.2205429077,59826,59836,10
12.7868204117,80.2206115723,59836,59846,10
12.7871704102,80.2207489014,59846,59857,11
12.7876596451,80.2209396362,59857,59867,10
12.7881498337,80.2211380005,59867,59877,10
12.7887001038,80.2213363647,59877,59887,10
12.7893104553,80.2215576172,59887,59897,10
12.7898101807,80.2217407227,59897,59907,10
12.7902898788,80.221862793,59907,59917,10
12.7909202576,80.2220077515,59917,59927,10
12.791680336,80.2221984863,59927,59937,10
12.7926197052,80.2224273682,59937,59947,10
12.7935800552,80.2225570679,59947,59957,10
12.7945604324,80.2227020264,59957,59968,11
12.7955999374,80.2228622437,59968,59978,10
12.7963600159,80.2229919434,59978,60008,30
12.7963600159,80.2229919434,60008,60018,10
12.7964000702,80.2229995728,60018,60028,10
12.7967596054,80.2230606079,60028,60038,10
12.7973899841,80.2231826782,60038,60048,10
12.7981595993,80.2232894897,60048,60058,10
12.7989597321,80.2233810425,60058,60069,11
12.7998800278,80.2234573364,60069,60079,10
12.8007202148,80.2235488892,60079,60089,10
12.8012695313,80.2235870361,60089,60119,30
12.8012695313,80.2235870361,60119,60129,10
12.80148983,80.2236175537,60129,60139,10
12.8021202087,80.2236785889,60139,60149,10
12.8027496338,80.2237701416,60149,60159,10
12.8033103943,80.2238616943,60159,60169,10
12.804019928,80.2239074707,60169,60180,11
12.8047704697,80.2239837646,60180,60190,10
12.8050498962,80.224029541,60190,60200,10
12.8052997589,80.2240829468,60200,60210,10
12.8056898117,80.2242584229,60210,60220,10
12.8059597015,80.2244796753,60220,60230,10
12.8064804077,80.224937439,60230,60240,10
12.8071203232,80.2255096436,60240,60250,10
12.8078403473,80.2261276245,60250,60260,10
12.8086204529,80.2267837524,60260,60270,10
12.8094701767,80.2274093628,60270,60280,10
12.8104600906,80.2278671265,60280,60291,11
12.8116102219,80.2283172607,60291,60301,10
12.8127098083,80.2287216187,60301,60311,10
12.8138303757,80.2290878296,60311,60321,10
12.8149499893,80.2293319702,60321,60337,16
12.8168201447,80.2296066284,60337,60349,12
12.8181200027,80.2301101685,60349,60359,10
12.8190498352,80.2304992676,60359,60369,10
12.8198699951,80.230506897,60369,60379,10
12.8206996918,80.2304763794,60379,60390,11
12.8217601776,80.2305374146,60390,60400,10
12.8227796555,80.230796814,60400,60410,10
12.8237304688,80.2311019897,60410,60419,9
12.8244600296,80.2312774658,60419,60430,11
12.8254299164,80.2314071655,60430,60440,10
12.82654953,80.231338501,60440,60450,10
12.8275203705,80.2310562134,60450,60460,10
12.8284397125,80.2305297852,60460,60470,10
12.8293504715,80.2300567627,60470,60480,10
12.8299398422,80.2297973633,60480,60490,10
12.8310699463,80.2293624878,60490,60511,21
12.8310699463,80.2293624878,60511,60521,10
12.8312101364,80.2292861938,60521,60531,10
12.8315000534,80.2291870117,60531,60541,10
12.8318004608,80.2291183472,60541,60551,10
12.8320999146,80.2290420532,60551,60561,10
12.8321399689,80.2290420532,60561,60571,10
12.8324899673,80.2289733887,60571,60581,10
12.8330698013,80.2288589478,60581,60591,10
12.8337802887,80.2287597656,60591,60601,10
12.834569931,80.2286224365,60601,60612,11
12.8355398178,80.2284622192,60612,60622,10
12.8364496231,80.2283401489,60622,60632,10
12.8373603821,80.228187561,60632,60642,10
12.838259697,80.2280197144,60642,60652,10
12.8393802643,80.2276611328,60652,60702,50
12.8393802643,80.2276611328,60702,60713,11
12.8399600983,80.2275390625,60713,60723,10
12.8405303955,80.227432251,60723,60733,10
12.8412799835,80.2272186279,60733,60743,10
12.8421096802,80.2270126343,60743,60753,10
12.843000412,80.2268218994,60753,60763,10
12.8438997269,80.2266693115,60763,60773,10
12.8448095322,80.2265777588,60773,60783,10
12.8453998566,80.2265625,60783,60803,20
12.8453998566,80.2265625,60803,60814,11
12.845749855,80.2265701294,60814,60824,10
12.8462896347,80.2265701294,60824,60834,10
12.847029686,80.2265625,60834,60844,10
12.8479003906,80.2265701294,60844,60854,10
12.8488197327,80.2265625,60854,60864,10
12.8497200012,80.2265625,60864,60874,10
12.8500204086,80.2265396118,60874,60884,10
12.8501701355,80.2265625,60884,60894,10
12.8506803513,80.2265701294,60894,60904,10
12.8514003754,80.2266082764,60904,60914,10
12.8522596359,80.2266387939,60914,60925,11
12.8533000946,80.2266693115,60925,60935,10
12.8542804718,80.2265777588,60935,60945,10
12.8552598953,80.2264633179,60945,60955,10
12.8562498093,80.226348877,60955,60965,10
12.857219696,80.2262496948,60965,60975,10
12.8579902649,80.2261962891,60975,60985,10
12.8582801819,80.2261962891,60985,60995,10
12.8585100174,80.2262191772,60995,61005,10
12.8590803146,80.226272583,61005,61015,10
12.8598899841,80.2264022827,61015,61025,10
12.860710144,80.2265319824,61025,61035,10
12.8609104156,80.2265930176,61035,61046,11
12.8613004684,80.226600647,61046,61056,10
12.8620004654,80.2265777588,61056,61066,10
12.8628396988,80.2265396118,61066,61076,10
12.8637800217,80.2265319824,61076,61086,10
12.8647899628,80.2265701294,61086,61096,10
12.8657598495,80.2265930176,61096,61106,10
12.8666801453,80.2265396118,61106,61116,10
12.867600441,80.2264404297,61116,61126,10
12.8685703278,80.2263717651,61126,61137,11
12.8696603775,80.2264709473,61137,61147,10
12.8706502914,80.2265930176,61147,61157,10
12.8713903427,80.2266693115,61157,61167,10
12.8721504211,80.2266769409,61167,61177,10
12.8728704453,80.2266769409,61177,61185,8
12.8729696274,80.2266769409,61185,61197,12
12.8734903336,80.2267227173,61197,61207,10
12.8742399216,80.2267913818,61207,61217,10
12.8751001358,80.2268981934,61217,61227,10
12.87596035,80.2269668579,61227,61237,10
12.8763904572,80.2269668579,61237,61248,11
12.8766403198,80.2269363403,61248,61258,10
12.8768997192,80.2269134521,61258,61278,20
12.8768997192,80.2269134521,61278,61288,10
12.8772201538,80.2268829346,61288,61298,10
12.8778095245,80.2268295288,61298,61308,10
12.8786697388,80.2267608643,61308,61318,10
12.879650116,80.2267227173,61318,61328,10
12.8807401657,80.2266998291,61328,61338,10
12.8818502426,80.2266998291,61338,61348,10
12.8829603195,80.2266921997,61348,61359,11
12.8842000961,80.2266693115,61359,61369,10
12.8850002289,80.2266769409,61369,61379,10
12.8852996826,80.2266998291,61379,61389,10
12.8856401443,80.2267608643,61389,61399,10
12.8862895966,80.2269363403,61399,61409,10
12.887140274,80.2271575928,61409,61419,10
12.8880500793,80.2272796631,61419,61429,10
12.8886003494,80.2273101807,61429,61439,10
12.888879776,80.2273406982,61439,61449,10
12.8895597458,80.2273406982,61449,61460,11
12.8906002045,80.2273635864,61460,61470,10
12.891699791,80.2273635864,61470,61480,10
12.892780304,80.2274169922,61480,61490,10
12.893819809,80.2275466919,61490,61500,10
12.8948898315,80.2276382446,61500,61510,10
12.8959598541,80.2276992798,61510,61520,10
12.8968296051,80.2277374268,61520,61530,10
12.8981304169,80.2278213501,61530,61540,10
12.8991804123,80.2278823853,61540,61550,10
12.9000797272,80.2279129028,61550,61561,11
12.9005498886,80.227897644,61561,61621,60
12.9005498886,80.227897644,61621,61631,10
12.9008197784,80.2279205322,61631,61641,10
12.9013395309,80.2279891968,61641,61651,10
12.9020204544,80.2280197144,61651,61661,10
12.902759552,80.2280578613,61661,61672,11
12.9029102325,80.2280502319,61672,61682,10
12.9030399323,80.2280807495,61682,61692,10
12.9035797119,80.2281036377,61692,61702,10
12.9044103622,80.2281417847,61702,61712,10
12.9054403305,80.2281799316,61712,61722,10
12.9061803818,80.2282104492,61722,61732,10
12.9063396454,80.2282104492,61732,61742,10
12.9064302444,80.2282180786,61742,61752,10
12.9068803787,80.2282562256,61752,61773,21
12.9068803787,80.2282562256,61773,61783,10
12.9070501328,80.2282562256,61783,61793,10
12.9075603485,80.2283325195,61793,61803,10
12.9082899094,80.2284622192,61803,61813,10
12.9091596603,80.2285995483,61813,61823,10
12.9100503922,80.2287521362,61823,61833,10
12.9107704163,80.2288665771,61833,61843,10
12.9119195938,80.2290420532,61843,61853,10
12.9128704071,80.2291793823,61853,61863,10
12.9137401581,80.2292861938,61863,61873,10
12.9139499664,80.229309082,61873,61884,11
12.9141597748,80.2293395996,61884,61894,10
12.9147195816,80.2294311523,61894,61904,10
12.9154396057,80.2295379639,61904,61914,10
12.9163198471,80.2296676636,61914,61924,10
12.9170503616,80.2297592163,61924,61934,10
12.917719841,80.2298583984,61934,61944,10
12.9185304642,80.2299575806,61944,61953,9
12.9192199707,80.2300415039,61953,61964,11
12.9193201065,80.2300491333,61964,61974,10
12.9196796417,80.2301101685,61974,61985,11
12.9203395844,80.2301864624,61985,61995,10
12.9210395813,80.2302780151,61995,62005,10
12.9218597412,80.2303924561,62005,62015,10
12.9227800369,80.2305297852,62015,62025,10
12.923740387,80.2306594849,62025,62035,10
12.9247303009,80.2307891846,62035,62045,10
12.9256801605,80.2308883667,62045,62055,10
12.9262695313,80.2309494019,62055,62065,10
12.9263601303,80.2309570313,62065,62075,10
12.9267902374,80.231010437,62075,62085,10
12.9274902344,80.2311019897,62085,62096,11
12.9282903671,80.2312088013,62096,62106,10
12.9289999008,80.231338501,62106,62116,10
12.9297704697,80.2315063477,62116,62126,10
12.9306898117,80.2317428589,62126,62136,10
12.9316396713,80.2320327759,62136,62146,10
12.9324598312,80.2322998047,62146,62156,10
12.9331903458,80.2325592041,62156,62166,10
12.9336996078,80.2327880859,62166,62176,10
12.9337396622,80.2328109741,62176,62186,10
12.9337997437,80.2328567505,62186,62197,11
12.9341497421,80.2330322266,62197,62207,10
12.9348096848,80.2333297729,62207,62217,10
12.9352397919,80.2335510254,62217,62227,10
12.9356203079,80.2337112427,62227,62237,10
12.9361600876,80.2339782715,62237,62247,10
12.9368801117,80.2343292236,62247,62257,10
12.9375295639,80.23462677,62257,62267,10
12.9383001328,80.2350234985,62267,62277,10
12.9391403198,80.2354202271,62277,62287,10
12.9396400452,80.2356796265,62287,62297,10
12.9396495819,80.2356796265,62297,62308,11
12.9398498535,80.2357788086,62308,62318,10
12.9404401779,80.2359924316,62318,62328,10
12.9412698746,80.2361907959,62328,62338,10
12.9422397614,80.2364273071,62338,62348,10
12.9431800842,80.2368774414,62348,62358,10
12.9437999725,80.2374420166,62358,62368,10
12.9439001083,80.2375717163,62368,62384,16
12.9445800781,80.2383422852,62384,62396,12
12.9453897476,80.2391433716,62396,62406,10
12.946269989,80.239616394,62406,62417,11
12.9472398758,80.2399978638,62417,62437,20
12.9472398758,80.2399978638,62437,62447,10
12.9474096298,80.2400665283,62447,62457,10
12.947640419,80.2401580811,62457,62467,10
12.9480104446,80.2403182983,62467,62477,10
12.9487304688,80.2405929565,62477,62528,51
12.9487304688,80.2405929565,62528,62538,10
12.9489402771,80.2406463623,62538,62548,10
12.9494695663,80.2408599854,62548,62558,10
12.9501600266,80.2410888672,62558,62568,10
12.9509496689,80.241317749,62568,62577,9
12.9512701035,80.2414321899,62577,62588,11
12.9513502121,80.2414627075,62588,62598,10
12.9518404007,80.2416534424,62598,62608,10
12.9525203705,80.2419128418,62608,62618,10
12.9533596039,80.2422332764,62618,62629,11
12.9540195465,80.242477417,62629,62639,10
12.9545297623,80.2426986694,62639,62649,10
12.9551897049,80.2429428101,62649,62659,10
12.9559497833,80.2431869507,62659,62669,10
12.9564399719,80.2433700562,62669,62689,20
12.9564399719,80.2433700562,62689,62699,10
12.9568395615,80.243522644,62699,62709,10
12.9575004578,80.2438735962,62709,62719,10
12.9583396912,80.2442626953,62719,62730,11
12.9589395523,80.2444915771,62730,62740,10
12.9589595795,80.2444992065,62740,62750,10
12.9591302872,80.2445678711,62750,62760,10
12.9595499039,80.2447891235,62760,62770,10
12.9602298737,80.2450790405,62770,62780,10
12.9610595703,80.2454681396,62780,62790,10
12.9619903564,80.2459182739,62790,62800,10
12.9630804062,80.2464981079,62800,62820,20
12.9630804062,80.2464981079,62820,62830,10
12.9631996155,80.2465362549,62830,62841,11
12.963470459,80.2466812134,62841,62857,16
12.964220047,80.2470016479,62857,62869,12
12.964679718,80.247177124,62869,62879,10
12.9652700424,80.2473678589,62879,62887,8
12.9664497375,80.2478027344,62887,62919,32
12.9664497375,80.2478027344,62919,62929,10
12.9666204453,80.2478485107,62929,62939,10
12.9666795731,80.2478866577,62939,62950,11
12.9670095444,80.2480773926,62950,62959,9
12.9674196243,80.2482833862,62959,62970,11
12.9680404663,80.2485275269,62970,62980,10
12.9688100815,80.248840332,62980,62990,10
12.9696102142,80.2491836548,62990,63000,10
12.9704704285,80.2495117188,63000,63010,10
12.9714403152,80.2498092651,63010,63020,10
12.9724197388,80.2500610352,63020,63030,10
12.9733695984,80.2503128052,63030,63040,10
12.9741401672,80.2505111694,63040,63051,11
12.9743499756,80.2505493164,63051,63061,10
12.9746398926,80.2506408691,63061,63071,10
12.9751501083,80.2508010864,63071,63081,10
12.9758396149,80.2510070801,63081,63091,10
12.9766302109,80.2512435913,63091,63101,10
12.9774703979,80.2515869141,63101,63111,10
12.9781999588,80.252166748,63111,63121,10
12.9785804749,80.2524185181,63121,63131,10
12.9786901474,80.2524795532,63131,63141,10
12.9794101715,80.2526397705,63141,63162,21
12.9794101715,80.2526397705,63162,63172,10
12.9795999527,80.2526702881,63172,63182,10
12.9799203873,80.2527084351,63182,63192,10
12.9804096222,80.2527084351,63192,63202,10
12.9810600281,80.2526931763,63202,63212,10
12.9817895889,80.2526626587,63212,63222,10
12.9826602936,80.2526321411,63222,63232,10
12.9835996628,80.2524871826,63232,63242,10
12.9843101501,80.2523193359,63242,63252,10
12.9846096039,80.2522583008,63252,63454,202
12.9846096039,80.2522583008,63454,63464,10
12.9847898483,80.2521514893,63464,63475,11
12.9854097366,80.2519836426,63475,63485,10
12.9860401154,80.2518234253,63485,63495,10
12.9866800308,80.2516784668,63495,63505,10
12.9872303009,80.2515335083,63505,63515,10
12.9877500534,80.2514190674,63515,63525,10
12.9879798889,80.2518234253,63525,63535,10
12.9880504608,80.2521209717,63535,63545,10
12.9880504608,80.2523269653,63545,63555,10
12.9879703522,80.2530136108,63555,63565,10
12.9878797531,80.2538604736,63565,63575,10
12.9877500534,80.2551803589,63575,63616,41
12.9877500534,80.2551803589,63616,63626,10
12.9877004623,80.2556610107,63626,63646,20
12.9876804352,80.2557983398,63646,63757,111
12.9876804352,80.2557983398,63757,63767,10
12.9877099991,80.2559585571,63767,63777,10
12.9879198074,80.2559814453,63777,63787,10
12.9882802963,80.2559890747,63787,63797,10
12.9886398315,80.2560119629,63797,63808,11
12.9888296127,80.2560119629,63808,63818,10
12.9892997742,80.2560272217,63818,63828,10
12.9899301529,80.256072998,63828,63837,9
12.9901800156,80.2560577393,63837,63848,11
12.9905099869,80.2560501099,63848,63858,10
12.9912595749,80.2560806274,63858,63868,10
12.9920902252,80.2561035156,63868,63878,10
12.9929599762,80.2560501099,63878,63888,10
12.9934501648,80.2559890747,63888,63899,11
12.9937200546,80.2559661865,63899,63909,10
12.9940795898,80.2559814453,63909,63919,10
12.9945802689,80.2559585571,63919,63959,40
12.9945802689,80.2559585571,63959,63969,10
12.9949703217,80.2559204102,63969,63979,10
12.9951295853,80.2559204102,63979,63989,10
12.9954099655,80.255897522,63989,63999,10
12.9959602356,80.2559127808,63999,64068,69
12.9959602356,80.2559127808,64068,64078,10
12.9962301254,80.2559509277,64078,64088,10
12.9965696335,80.2559280396,64088,64098,10
12.9969902039,80.2559280396,64098,64109,11
12.9974899292,80.2559585571,64109,64119,10
12.9979801178,80.2559890747,64119,64129,10
12.9980802536,80.2559890747,64129,64139,10
12.9983100891,80.2560272217,64139,64149,10
12.9986696243,80.256072998,64149,64179,30
12.9986696243,80.256072998,64179,64189,10
12.9989795685,80.256111145,64189,64210,21
12.9989795685,80.256111145,64210,64220,10
12.9992198944,80.2561569214,64220,64230,10
12.9997301102,80.2562789917,64230,64240,10
13.0003795624,80.256401062,64240,64250,10
13.0008296967,80.2565231323,64250,64260,10
13.0010995865,80.2565536499,64260,64270,10
13.0013904572,80.2565994263,64270,64280,10
13.0017204285,80.2566375732,64280,64289,9
13.0022001266,80.2567062378,64289,64299,10
13.0026597977,80.2567901611,64299,64310,11
13.0030498505,80.2568588257,64310,64321,11
13.0035800934,80.2569580078,64321,64331,10
13.0041503906,80.2570571899,64331,64341,10
13.0047702789,80.2571868896,64341,64351,10
13.0052604675,80.257270813,64351,64361,10
13.0054998398,80.2573013306,64361,64371,10
13.005900383,80.2574081421,64371,64381,10
13.0063400269,80.2574996948,64381,64391,10
13.0065402985,80.2572402954,64391,64401,10
13.0065002441,80.2565536499,64401,64411,10
13.006480217,80.2557220459,64411,64421,10
13.0065202713,80.2549209595,64421,64432,11
13.0064897537,80.25440979,64432,64442,10
13.0065097809,80.254119873,64442,64451,9
13.0065002441,80.2537994385,64451,64472,21
13.0065097809,80.253616333,64472,64543,71
13.0065097809,80.253616333,64543,64553,10
13.0065803528,80.2532577515,64553,64563,10
13.0065498352,80.2530822754,64563,64573,10
13.0065202713,80.2529830933,64573,64583,10
13.0064897537,80.2527923584,64583,64593,10
13.0064897537,80.2525634766,64593,64603,10
13.0065803528,80.2519836426,64603,64694,91
13.0065803528,80.2519836426,64694,64704,10
13.0067300797,80.2518234253,64704,64714,10
13.0067596436,80.2513809204,64714,64724,10
13.0066900253,80.2507705688,64724,64734,10
13.006649971,80.24949646,64734,64815,81
13.006649971,80.24949646,64815,64825,10
13.0067396164,80.2492980957,64825,64835,10
13.0066900253,80.2489776611,64835,64851,16
13.0066003799,80.2484130859,64851,64864,13
13.0065698624,80.2480163574,64864,64874,10
13.0065803528,80.2477798462,64874,64934,60
13.0065803528,80.2477798462,64934,64944,10
13.0066604614,80.2475280762,64944,64955,11
13.0066604614,80.2475204468,64955,64965,10
13.006649971,80.247467041,64965,64975,10
13.0066699982,80.247253418,64975,64985,10
13.006649971,80.2468185425,64985,64995,10
13.0066003799,80.2465591431,64995,65005,10
13.0066003799,80.2465133667,65005,65015,10
13.0066204071,80.2462310791,65015,65045,30
13.0066204071,80.2462310791,65045,65055,10
13.0066204071,80.2459106445,65055,65066,11
13.0066404343,80.2455596924,65066,65086,20
13.0066404343,80.2455596924,65086,65096,10
13.0066204071,80.245262146,65096,65106,10
13.0066003799,80.2450332642,65106,65116,10
13.0066003799,80.2448120117,65116,65126,10
13.0066299438,80.2445602417,65126,65136,10
13.0066299438,80.2442932129,65136,65146,10
13.0066204071,80.2440567017,65146,65156,10
13.0066099167,80.2437973022,65156,65167,11
13.0065898895,80.2433776855,65167,65177,10
13.0065603256,80.2428970337,65177,65187,10
13.0065202713,80.2421798706,65187,65197,10
13.0065202713,80.2416229248,65197,65207,10
13.0066003799,80.2409591675,65207,65257,50
13.0066003799,80.2409591675,65257,65267,10
13.0066404343,80.2406387329,65267,65278,11
13.0067195892,80.2402801514,65278,65288,10
13.0068702698,80.2397079468,65288,65298,10
13.0069999695,80.2389602661,65298,65308,10
13.0071401596,80.2381362915,65308,65318,10
13.0073003769,80.2373886108,65318,65328,10
13.0073404312,80.2369384766,65328,65338,10
13.0073404312,80.2369308472,65338,65348,10
13.0074195862,80.2366104126,65348,65358,10
13.0075302124,80.2361831665,65358,65368,10
13.0076704025,80.2355728149,65368,65379,11
13.0078201294,80.2347793579,65379,65389,10
13.0080003738,80.2339630127,65389,65399,10
13.0081996918,80.2330093384,65399,65409,10
13.0083904266,80.2320022583,65409,65419,10
13.0085697174,80.23097229,65419,65428,9
13.0087604523,80.2300491333,65428,65439,11
13.0089502335,80.2291107178,65439,65449,10
13.0091896057,80.2281723022,65449,65459,10
13.0095396042,80.2274017334,65459,65469,10
13.0099401474,80.2265319824,65469,65479,10
13.0102996826,80.2258071899,65479,65490,11
13.0106296539,80.2251586914,65490,65500,10
13.0107803345,80.2247390747,65500,65510,10
13.0109701157,80.2241897583,65510,65520,10
13.0112199783,80.2235565186,65520,65530,10
13.0115098953,80.2229995728,65530,65540,10
13.0118198395,80.22215271,65540,65550,10
13.0122203827,80.2215270996,65550,65560,10
13.0124797821,80.2217178345,65560,65570,10
13.0128602982,80.2222213745,65570,65580,10
13.013299942,80.2226715088,65580,65591,11
13.0136203766,80.2230300903,65591,65601,10
13.013999939,80.2233581543,65601,65611,10
13.0142097473,80.2236328125,65611,65621,10
13.01445961,80.2239227295,65621,65631,10
13.0148000717,80.2243881226,65631,65641,10
13.015080452,80.2246627808,65641,65651,10
13.0156002045,80.2251281738,65651,65671,20
13.0156002045,80.2251281738,65671,65681,10
13.0158195496,80.2253417969,65681,65691,10
13.0163602829,80.2254180908,65691,65702,11
13.0170698166,80.2251815796,65702,65712,10
13.0177297592,80.224899292,65712,65722,10
13.0184402466,80.224609375,65722,65732,10
13.0191898346,80.2243881226,65732,65742,10
13.019780159,80.2245635986,65742,65762,20
13.019780159,80.2245635986,65762,65772,10
13.0198297501,80.2246627808,65772,65782,10
13.0201301575,80.224899292,65782,65792,10
13.0206699371,80.2252807617,65792,65803,11
13.0213603973,80.2258071899,65803,65813,10
13.0218400955,80.2261734009,65813,65823,10
13.0219202042,80.2262191772,65823,65833,10
13.02202034,80.2262496948,65833,65843,10
13.0223197937,80.2265396118,65843,65853,10
13.0228099823,80.2269973755,65853,65863,10
13.0233697891,80.2275314331,65863,65873,10
13.0239801407,80.2280578613,65873,65883,10
13.0242700577,80.2283401489,65883,65893,10
13.0242795944,80.2283477783,65893,65904,11
13.0244398117,80.2285919189,65904,65914,10
13.0247097015,80.2290267944,65914,65924,10
13.0250597,80.2295074463,65924,65934,10
13.0254602432,80.2300186157,65934,65944,10
13.0257501602,80.23046875,65944,65954,10
13.0258998871,80.2308502197,65954,65964,10
13.0259799957,80.2311096191,65964,65974,10
13.02602005,80.2313766479,65974,65984,10
13.0262298584,80.2314071655,65984,65994,10
13.0267000198,80.2312316895,65994,66004,10
13.0274000168,80.2309799194,66004,66015,11
13.0284204483,80.2308502197,66015,66045,30
13.0287904739,80.2308807373,66045,66065,20
13.0287904739,80.2308807373,66065,66075,10
13.0290002823,80.2308807373,66075,66085,10
13.0292596817,80.2308807373,66085,66095,10
13.0296096802,80.2308425903,66095,66105,10
13.0300197601,80.230796814,66105,66156,51
13.0300197601,80.230796814,66156,66166,10
13.030380249,80.230758667,66166,66176,10
13.0306396484,80.2307434082,66176,66186,10
13.0310602188,80.2306976318,66186,66196,10
13.0315904617,80.2306518555,66196,66206,10
13.0322599411,80.2305984497,66206,66216,10
13.0332298279,80.2305526733,66216,66247,31
13.0332298279,80.2305526733,66247,66257,10
13.0334701538,80.2304992676,66257,66267,10
13.0338001251,80.2304992676,66267,66328,61
13.0338001251,80.2304992676,66328,66338,10
13.0342302322,80.2305221558,66338,66348,10
13.0345697403,80.2304382324,66348,66358,10
13.0349397659,80.2302780151,66358,66368,10
13.0350799561,80.2299880981,66368,66378,10
13.0348796844,80.2298812866,66378,66388,10
13.0345697403,80.2298431396,66388,66398,10
13.0343904495,80.2297973633,66398,66408,10
13.0343198776,80.2297821045,66408,66418,10
13.0341701508,80.2301101685,66418,66792,374
13.0342998505,80.2302322388,66792,67307,515
13.0340795517,80.2302017212,67307,67347,40
13.0342102051,80.2302932739,67347,67388,41
13.0342102051,80.2302932739,67388,67398,10
13.0339202881,80.230506897,67398,67408,10
13.0336198807,80.2305221558,67408,67418,10
13.0335197449,80.2305297852,67418,67428,10
13.0333795547,80.2305679321,67428,67438,10
13.0329999924,80.2305831909,67438,67448,10
13.0325098038,80.2306213379,67448,67458,10
13.031920433,80.230682373,67458,67468,10
13.0310201645,80.2307434082,67468,67549,81
13.0310201645,80.2307434082,67549,67559,10
13.03083992,80.2307662964,67559,67569,10
13.0306901932,80.230758667,67569,67579,10
13.0303697586,80.2307815552,67579,67590,11
13.0299100876,80.2308120728,67590,67600,10
13.0298299789,80.2308197021,67600,67610,10
13.0297002792,80.2308273315,67610,67620,10
13.0293302536,80.2308502197,67620,67630,10
13.0287399292,80.2308807373,67630,67640,10
13.0281095505,80.2309188843,67640,67650,10
13.0277700424,80.2311706543,67650,67660,10
13.0277500153,80.2317428589,67660,67670,10
13.0278100967,80.2323989868,67670,67680,10
13.027680397,80.2328567505,67680,67690,10
13.027179718,80.2329483032,67690,67701,11
13.0270299911,80.2329788208,67701,67711,10
13.0269002914,80.2330703735,67711,67721,10
13.0266895294,80.2331008911,67721,67731,10
13.0263900757,80.2330322266,67731,67747,16
13.0262098312,80.2325820923,67747,67759,12
13.0261201859,80.2321014404,67759,67769,10
13.0260295868,80.2317123413,67769,67777,8
13.0259199142,80.2311782837,67777,67789,12
13.0255804062,80.2303695679,67789,67799,10
13.0251197815,80.2297286987,67799,67810,11
13.0248003006,80.2293930054,67810,67850,40
13.0248003006,80.2293930054,67850,67860,10
13.0246200562,80.2291793823,67860,67870,10
13.0243997574,80.2288665771,67870,67880,10
13.0241098404,80.2285079956,67880,67890,10
13.0237903595,80.2281036377,67890,67900,10
13.0233898163,80.2277069092,67900,67911,11
13.0232896805,80.2276229858,67911,67921,10
13.023229599,80.2275466919,67921,67931,10
13.022939682,80.2272796631,67931,67941,10
13.0225801468,80.2269363403,67941,67951,10
13.0222702026,80.2266693115,67951,67961,10
13.0219898224,80.2264328003,67961,67971,10
13.0217895508,80.2262496948,67971,67981,10
13.0216999054,80.2261810303,67981,67991,10
13.0215501785,80.22605896,67991,68001,10
13.0213298798,80.2258987427,68001,68012,11
13.0210695267,80.225692749,68012,68021,9
13.020819664,80.2254714966,68021,68032,11
13.0204496384,80.2252197266,68032,68042,10
13.0201597214,80.2250595093,68042,68052,10
13.0201301575,80.2250518799,68052,68062,10
13.0200300217,80.2249832153,68062,68072,10
13.0197896957,80.2247924805,68072,68082,10
13.0193300247,80.2245635986,68082,68092,10
13.0188798904,80.2245483398,68092,68102,10
13.0186595917,80.2246322632,68102,68112,10
13.0185003281,80.2247085571,68112,68123,11
13.0181903839,80.2248382568,68123,68133,10
13.0179796219,80.2249298096,68133,68142,9
13.017829895,80.2249908447,68142,68153,11
13.017660141,80.2250595093,68153,68163,10
13.0175504684,80.2250976563,68163,68173,10
13.0173902512,80.2251663208,68173,68183,10
13.0172901154,80.2252120972,68183,68193,10
13.0172195435,80.2252426147,68193,68203,10
13.017080307,80.2253036499,68203,68213,10
13.0169696808,80.2253494263,68213,68224,11
13.0168199539,80.2254104614,68224,68234,10
13.0166797638,80.2254562378,68234,68244,10
13.0165100098,80.2255172729,68244,68254,10
13.0162801743,80.2255783081,68254,68264,10
13.0159196854,80.2257080078,68264,68274,10
13.0154800415,80.2258834839,68274,68284,10
13.0149002075,80.2261199951,68284,68294,10
13.0142402649,80.2263793945,68294,68314,20
13.0142402649,80.2263793945,68314,68324,10
13.0139503479,80.2264633179,68324,68335,11
13.0134096146,80.2266693115,68335,68345,10
13.0127897263,80.2268981934,68345,68355,10
13.0120897293,80.2271881104,68355,68365,10
13.0112695694,80.2275238037,68365,68375,10
13.010430336,80.2278518677,68375,68385,10
13.0096302032,80.228187561,68385,68395,10
13.0091104507,80.2287902832,68395,68405,10
13.008939743,80.229637146,68405,68415,10
13.008769989,80.2305603027,68415,68424,9
13.008600235,80.2313690186,68424,68436,12
13.0083799362,80.2325363159,68436,68446,10
13.0082597733,80.2333679199,68446,68456,10
13.0082302094,80.2336273193,68456,68466,10
13.0081796646,80.2337265015,68466,68476,10
13.0080900192,80.2340621948,68476,68486,10
13.0080003738,80.2345809937,68486,68496,10
13.0079298019,80.2349319458,68496,68506,10
13.0078496933,80.2353134155,68506,68516,10
13.0077104568,80.236000061,68516,68526,10
13.0075502396,80.236831665,68526,68536,10
13.0073795319,80.2376403809,68536,68547,11
13.0072402954,80.2384567261,68547,68557,10
13.007109642,80.239151001,68557,68567,10
13.0069198608,80.2399215698,68567,68759,192
13.0069198608,80.2399215698,68759,68769,10
13.0068998337,80.2402496338,68769,68799,30
13.0068998337,80.2402496338,68799,68809,10
13.0068502426,80.2406005859,68809,68819,10
13.0068101883,80.2408294678,68819,68829,10
13.006770134,80.241027832,68829,68839,10
13.0067195892,80.241607666,68839,68849,10
13.0067100525,80.2424316406,68849,68860,11
13.0066900253,80.2434234619,68860,68870,10
13.0067195892,80.2443084717,68870,68880,10
13.0067195892,80.245010376,68880,68890,10
13.0067195892,80.2456588745,68890,68930,40
13.0067195892,80.2456588745,68930,68940,10
13.0067195892,80.2460479736,68940,68950,10
13.0067195892,80.2460784912,68950,68961,11
13.0067396164,80.2464370728,68961,68971,10
13.0067396164,80.2467422485,68971,68981,10
13.0067596436,80.2472229004,68981,68991,10
13.0067300797,80.2478179932,68991,69001,10
13.0067396164,80.2485809326,69001,69011,10
13.0068502426,80.249382019,69011,69021,10
13.0068702698,80.2496795654,69021,69031,10
13.0068798065,80.2498397827,69031,69041,10
13.0068397522,80.250289917,69041,69051,10
13.0068397522,80.2509078979,69051,69061,10
13.0068302155,80.2512664795,69061,69072,11
13.0067501068,80.251739502,69072,69082,10
13.0066099167,80.2523880005,69082,69092,10
13.0065603256,80.2531890869,69092,69102,10
13.0065498352,80.2540283203,69102,69112,10
13.0066099167,80.2550506592,69112,69142,30
13.0066099167,80.2550506592,69142,69152,10
13.0066099167,80.2553787231,69152,69162,10
13.0066003799,80.2559967041,69162,69173,11
13.0066003799,80.2567214966,69173,69183,10
13.0065898895,80.2569503784,69183,69193,10
13.0066003799,80.2570419312,69193,69203,10
13.006649971,80.2574005127,69203,69213,10
13.006360054,80.2576370239,69213,69223,10
13.0058898926,80.257522583,69223,69233,10
13.0055704117,80.2574462891,69233,69243,10
13.0050401688,80.25730896,69243,69253,10
13.0043401718,80.2571411133,69253,69263,10
13.0036697388,80.2569732666,69263,69273,10
13.0031003952,80.2568588257,69273,69284,11
13.0021896362,80.2567062378,69284,69342,58
13.0021896362,80.2567062378,69342,69352,10
13.001999855,80.2566680908,69352,69362,10
13.0016899109,80.2566223145,69362,69372,10
13.001159668,80.2565689087,69372,69384,12
13.0003499985,80.2564315796,69384,69394,10
12.9997797012,80.2563095093,69394,69404,10
12.9987001419,80.2561416626,69404,69444,40
12.9987001419,80.2561416626,69444,69454,10
12.9984197617,80.256072998,69454,69464,10
12.9979600906,80.2559890747,69464,69474,10
12.9975204468,80.2559585571,69474,69484,10
12.9972200394,80.2559585571,69484,69495,11
12.9968299866,80.2559280396,69495,69505,10
12.9965496063,80.2559127808,69505,69515,10
12.9963302612,80.2559127808,69515,69525,10
12.9960403442,80.2559280396,69525,69535,10
12.9957399368,80.2559280396,69535,69545,10
12.9953603745,80.2559127808,69545,69555,10
12.9949703217,80.255897522,69555,69565,10
12.9945001602,80.2559585571,69565,69575,10
12.9940900803,80.2559814453,69575,69585,10
12.9933700562,80.2560195923,69585,69596,11
12.9924602509,80.2560272217,69596,69606,10
12.9917602539,80.2560501099,69606,69616,10
12.9914398193,80.2560424805,69616,69626,10
12.991109848,80.2560424805,69626,69636,10
12.990650177,80.2560424805,69636,69646,10
12.9902296066,80.2560577393,69646,69656,10
12.9896802902,80.2560501099,69656,69666,10
12.9890899658,80.2560119629,69666,69676,10
12.988650322,80.2560119629,69676,69747,71
12.988650322,80.2560119629,69747,69757,10
12.9883003235,80.2559814453,69757,69767,10
12.9880800247,80.2559204102,69767,69777,10
12.9877300262,80.2558822632,69777,69787,10
12.9873399734,80.2557907104,69787,69797,10
12.9869403839,80.2557067871,69797,69808,11
12.9864501953,80.2556381226,69808,69818,10
12.986120224,80.255569458,69818,69838,20
12.986120224,80.255569458,69838,69848,10
12.9859399796,80.2555084229,69848,69878,30
12.9859399796,80.2555084229,69878,69888,10
12.9856996536,80.2554626465,69888,69898,10
12.9853200912,80.2553482056,69898,69915,17
12.9843902588,80.2550811768,69915,69927,12
12.9836597443,80.2549591064,69927,69937,10
12.9831199646,80.2547988892,69937,69947,10
12.982629776,80.2546386719,69947,69957,10
12.9821596146,80.2544631958,69957,69967,10
12.9819602966,80.2540969849,69967,69977,10
12.9817895889,80.2534790039,69977,69987,10
12.981470108,80.2528610229,69987,69997,10
12.9807796478,80.252822876,69997,70007,10
12.980509758,80.2528610229,70007,70018,11
12.9805002213,80.2528610229,70018,70028,10
12.9801998138,80.2528381348,70028,70038,10
12.9798402786,80.2527923584,70038,70048,10
12.9792699814,80.2527389526,70048,70058,10
12.9786396027,80.2526779175,70058,70078,20
12.9786396027,80.2526779175,70078,70088,10
12.9783401489,80.2525100708,70088,70098,10
12.9778699875,80.2521133423,70098,70108,10
12.9772500992,80.2516021729,70108,70118,10
12.9764499664,80.2512969971,70118,70129,11
12.9754695892,80.2510299683,70129,70139,10
12.9746198654,80.2507705688,70139,70149,10
12.973739624,80.2505187988,70149,70159,10
12.9729299545,80.2503204346,70159,70169,10
12.9725503922,80.2502365112,70169,70179,10
12.9724798203,80.250213623,70179,70189,10
12.9720201492,80.2500686646,70189,70199,10
12.9713096619,80.2498779297,70199,70209,10
12.970459938,80.2496337891,70209,70219,10
12.9695396423,80.2492828369,70219,70230,11
12.9685001373,80.2488708496,70230,70240,10
12.9676103592,80.2485198975,70240,70250,10
12.967089653,80.2482833862,70250,70260,10
12.9666996002,80.2480621338,70260,70270,10
12.966219902,80.2478408813,70270,70279,9
12.9652996063,80.2474899292,70279,70310,31
12.9652996063,80.2474899292,70310,70319,9
12.9652395248,80.2474822998,70319,70329,10
12.9648799896,80.2473602295,70329,70341,12
12.964220047,80.2471237183,70341,70351,10
12.9638299942,80.246963501,70351,70361,10
12.9635896683,80.246887207,70361,70371,10
12.9631099701,80.2466278076,70371,70381,10
12.9624099731,80.2462768555,70381,70391,10
12.9615898132,80.245880127,70391,70401,10
12.9607601166,80.2454910278,70401,70411,10
12.9599895477,80.2451400757,70411,70421,10
12.9597501755,80.2450408936,70421,70431,10
12.9593801498,80.2448806763,70431,70452,21
12.9593801498,80.2448806763,70452,70462,10
12.9593601227,80.2448730469,70462,70472,10
12.9590501785,80.2447128296,70472,70482,10
12.9584999084,80.2444915771,70482,70492,10
12.9579000473,80.2442626953,70492,70502,10
12.9573802948,80.2440795898,70502,70512,10
12.9570198059,80.2439804077,70512,70553,41
12.9570198059,80.2439804077,70553,70563,10
12.9567499161,80.2438278198,70563,70674,111
12.9567499161,80.2438278198,70674,70684,10
12.9563703537,80.2437210083,70684,70694,10
12.9562501907,80.2436904907,70694,70704,10
12.9558200836,80.2434768677,70704,70714,10
12.9551496506,80.2431182861,70714,70724,10
12.9543800354,80.2427902222,70724,70734,10
12.9535799026,80.2424621582,70734,70744,10
12.9526796341,80.2421035767,70744,70754,10
12.9520101547,80.2418518066,70754,70765,11
12.9516496658,80.2417297363,70765,70775,10
12.9516201019,80.2417221069,70775,70785,10
12.951499939,80.2416610718,70785,70795,10
12.9510402679,80.2415008545,70795,70805,10
12.9503097534,80.2412719727,70805,70815,10
12.9495897293,80.2410812378,70815,70835,20
12.9495897293,80.2410812378,70835,70845,10
12.9495096207,80.2410583496,70845,70855,10
12.9492502213,80.2409820557,70855,70866,11
12.9486999512,80.2407608032,70866,70876,10
12.94810009,80.2405014038,70876,70886,10
12.9475297928,80.2402420044,70886,70896,10
12.9470996857,80.2400817871,70896,70926,30
12.9470996857,80.2400817871,70926,70936,10
12.9469804764,80.2400283813,70936,70946,10
12.9465703964,80.2398376465,70946,70956,10
12.9459400177,80.2395706177,70956,70967,11
12.9451303482,80.239112854,70967,70977,10
12.9444599152,80.2384414673,70977,70987,10
12.9437999725,80.2377090454,70987,70997,10
12.9433202744,80.2372207642,70997,71007,10
12.9432697296,80.2371673584,71007,71017,10
12.9431695938,80.2370529175,71017,71027,10
12.9427404404,80.2367401123,71027,71037,10
12.9420204163,80.2364273071,71037,71047,10
12.9411201477,80.2362136841,71047,71057,10
12.9402303696,80.2359924316,71057,71067,10
12.939740181,80.2358474731,71067,71078,11
12.9397201538,80.2358474731,71078,71088,10
12.9395399094,80.2357635498,71088,71098,10
12.939040184,80.2355117798,71098,71108,10
12.9383497238,80.2351608276,71108,71118,10
12.9375400543,80.2347488403,71118,71128,10
12.9367103577,80.2343521118,71128,71138,10
12.9360103607,80.2340087891,71138,71148,10
12.9357204437,80.23387146,71148,71158,10
12.9352502823,80.2336578369,71158,71168,10
12.9345502853,80.2333374023,71168,71179,11
12.9338302612,80.2330322266,71179,71219,40
12.9338302612,80.2330322266,71219,71229,10
12.9334697723,80.2328262329,71229,71239,10
12.9328899384,80.2325668335,71239,71249,10
12.9321203232,80.2322769165,71249,71259,10
12.9312000275,80.2320022583,71259,71269,10
12.930270195,80.2317276001,71269,71279,10
12.9293699265,80.2315216064,71279,71290,11
12.9284496307,80.2313690186,71290,71300,10
12.9275598526,80.2312393188,71300,71310,10
12.9266901016,80.2311401367,71310,71320,10
12.926150322,80.231086731,71320,71330,10
12.9261398315,80.231086731,71330,71340,10
12.9259500504,80.2310562134,71340,71350,10
12.9254198074,80.2310028076,71350,71360,10
12.9246997833,80.2309188843,71360,71370,10
12.9239301682,80.2308197021,71370,71386,16
12.9224395752,80.2306213379,71386,71399,13
12.9210300446,80.2304077148,71399,71409,10
12.9199800491,80.2302703857,71409,71419,10
12.9192895889,80.2302017212,71419,71429,10
12.9192695618,80.2302017212,71429,71439,10
12.9191904068,80.2301864624,71439,71449,10
12.9186697006,80.2301101685,71449,71459,10
12.9179201126,80.2300033569,71459,71469,10
12.9171104431,80.2298812866,71469,71479,10
12.9162502289,80.2297592163,71479,71489,10
12.9153404236,80.229637146,71489,71500,11
12.914349556,80.2294769287,71500,71510,10
12.9135398865,80.2293624878,71510,71520,10
12.913020134,80.2293167114,71520,71540,20
12.913020134,80.2293167114,71540,71550,10
12.912730217,80.2292633057,71550,71560,10
12.9121398926,80.2291793823,71560,71570,10
12.911450386,80.2290878296,71570,71580,10
12.9106397629,80.2289810181,71580,71590,10
12.9097900391,80.2288513184,71590,71601,11
12.9088201523,80.2286987305,71601,71611,10
12.9079399109,80.228553772,71611,71621,10
12.9071998596,80.2284622192,71621,71701,80
12.9071998596,80.2284622192,71701,71712,11
12.9070501328,80.2284622192,71712,71722,10
12.9067001343,80.2284164429,71722,71732,10
12.9064397812,80.2283782959,71732,71742,10
12.9059896469,80.2283401489,71742,71752,10
12.9053096771,80.2282867432,71752,71762,10
12.9044904709,80.2282409668,71762,71772,10
12.9036302567,80.228187561,71772,71782,10
12.9027204514,80.2281417847,71782,71792,10
12.9018096924,80.2281036377,71792,71802,10
12.9009895325,80.2280502319,71802,71813,11
12.9004898071,80.2280197144,71813,71822,9
12.9003000259,80.2280197144,71822,71833,11
12.899939537,80.2279968262,71833,71843,10
12.8994998932,80.2279663086,71843,71863,20
12.8994998932,80.2279663086,71863,71873,10
12.8993997574,80.2279281616,71873,71883,10
12.8989496231,80.2279281616,71883,71913,30
12.8989496231,80.2279281616,71913,71924,11
12.8986701965,80.2278823853,71924,71934,10
12.8980998993,80.2278366089,71934,71944,10
12.8972997665,80.2277908325,71944,71954,10
12.8964004517,80.2277526855,71954,71964,10
12.8954801559,80.227722168,71964,71974,10
12.8945398331,80.2276763916,71974,71984,10
12.8936195374,80.2276306152,71984,71994,10
12.8929901123,80.2275466919,71994,72004,10
12.8924598694,80.2275009155,72004,72014,10
12.8918104172,80.2274398804,72014,72025,11
12.8908996582,80.2274398804,72025,72035,10
12.8900003433,80.2274398804,72035,72045,10
12.8890800476,80.2274398804,72045,72055,10
12.8884496689,80.2274398804,72055,72065,10
12.8883600235,80.227432251,72065,72075,10
12.8882598877,80.2274169922,72075,72085,10
12.8878803253,80.2273788452,72085,72095,10
12.8872499466,80.2273025513,72095,72105,10
12.8865098953,80.2271499634,72105,72115,10
12.8857498169,80.2269363403,72115,72125,10
12.8849697113,80.2268218994,72125,72136,11
12.8847799301,80.2268218994,72136,72146,10
12.8847303391,80.2268066406,72146,72156,10
12.8843402863,80.2267990112,72156,72166,10
12.8836898804,80.2267913818,72166,72176,10
12.8829097748,80.2267837524,72176,72186,10
12.882060051,80.2267990112,72186,72195,9
12.8812398911,80.2268066406,72195,72206,11
12.8802204132,80.2268218994,72206,72216,10
12.8792200089,80.2268295288,72216,72225,9
12.8783502579,80.2268829346,72225,72237,12
12.8772096634,80.2269821167,72237,72246,9
12.8764095306,80.2270584106,72246,72277,31
12.8764095306,80.2270584106,72277,72287,10
12.8762903214,80.2270507813,72287,72297,10
12.8758001328,80.2270431519,72297,72307,10
12.875,80.2269668579,72307,72317,10
12.87403965,80.226852417,72317,72327,10
12.8730802536,80.2267608643,72327,72338,11
12.8725700378,80.2267913818,72338,72348,10
12.8723497391,80.2267837524,72348,72358,10
12.8718900681,80.2267608643,72358,72368,10
12.8711996078,80.2267379761,72368,72378,10
12.8703804016,80.2266769409,72378,72388,10
12.8694601059,80.2265777588,72388,72404,16
12.8678798676,80.2264785767,72404,72416,12
12.8666801453,80.226600647,72416,72426,10
12.8656797409,80.2266769409,72426,72436,10
12.8646802902,80.2266616821,72436,72447,11
12.8635702133,80.2266082764,72447,72456,9
12.862660408,80.2266082764,72456,72468,12
12.861579895,80.2266616821,72468,72478,10
12.8609600067,80.2266769409,72478,72498,20
12.8609600067,80.2266769409,72498,72507,9
12.8607501984,80.2266616821,72507,72517,10
12.8601198196,80.2265777588,72517,72528,11
12.8591499329,80.2264404297,72528,72538,10
12.8581399918,80.2263336182,72538,72549,11
12.8569297791,80.2263793945,72549,72559,10
12.8558397293,80.2265014648,72559,72569,10
12.8547697067,80.2266082764,72569,72579,10
12.8537197113,80.2267227173,72579,72589,10
12.852640152,80.2267837524,72589,72599,10
12.8515396118,80.2267227173,72599,72609,10
12.8505601883,80.2266769409,72609,72619,10
12.8499298096,80.2266693115,72619,72629,10
12.8499202728,80.2266693115,72629,72639,10
12.8496799469,80.2266693115,72639,72649,10
12.8490400314,80.2266616821,72649,72660,11
12.8480701447,80.2266464233,72660,72670,10
12.8471002579,80.2266616821,72670,72680,10
12.8461799622,80.2266693115,72680,72690,10
12.8453998566,80.2266769409,72690,72710,20
12.8453998566,80.2266769409,72710,72720,10
12.8452301025,80.2266769409,72720,72730,10
12.8447303772,80.2266998291,72730,72740,10
12.843919754,80.2267837524,72740,72750,10
12.8429698944,80.2269210815,72750,72761,11
12.8418502808,80.2271728516,72761,72771,10
12.8408603668,80.227432251,72771,72781,10
12.8401203156,80.2276611328,72781,72791,10
12.8397302628,80.2277679443,72791,72821,30
12.8397302628,80.2277679443,72821,72831,10
12.8393201828,80.2278900146,72831,72841,10
12.8386697769,80.2280578613,72841,72851,10
12.8378400803,80.2282485962,72851,72861,10
12.836930275,80.2284164429,72861,72872,11
12.8358802795,80.2285690308,72872,72882,10
12.8348999023,80.2287063599,72882,72892,10
12.8339004517,80.2288818359,72892,72902,10
12.8329696655,80.229057312,72902,72912,10
12.8322095871,80.2292098999,72912,72932,20
12.8322095871,80.2292098999,72932,72942,10
12.8319702148,80.2292709351,72942,72983,41
12.8319702148,80.2292709351,72983,72993,10
12.8317804337,80.2293167114,72993,73003,10
12.8315696716,80.2293624878,73003,73013,10
12.8312501907,80.2294387817,73013,73023,10
12.8308401108,80.2295608521,73023,73033,10
12.8303203583,80.2297592163,73033,73043,10
12.8296604156,80.2300109863,73043,73053,10
12.8288803101,80.2303390503,73053,73063,10
12.8280496597,80.2307815552,73063,73074,11
12.8271598816,80.2312469482,73074,73084,10
12.8263301849,80.2314376831,73084,73094,10
12.8260002136,80.2314910889,73094,73104,10
12.8256797791,80.2314987183,73104,73114,10
12.8249998093,80.2314987183,73114,73124,10
12.8241596222,80.231338501,73124,73134,10
12.8231601715,80.231048584,73134,73144,10
12.8220996857,80.23072052,73144,73154,10
12.8210496902,80.2305374146,73154,73164,10
12.8200702667,80.2305603027,73164,73174,10
12.8191604614,80.2305831909,73174,73185,11
12.8188695908,80.2305679321,73185,73195,10
12.8186702728,80.2304992676,73195,73205,10
12.8180799484,80.2302093506,73205,73215,10
12.8172302246,80.2298202515,73215,73225,10
12.8161697388,80.2295379639,73225,73235,10
12.8150196075,80.2293701172,73235,73245,10
12.8138599396,80.2291564941,73245,73255,10
12.8127403259,80.2288131714,73255,73265,10
12.8116598129,80.2284317017,73265,73275,10
12.8108301163,80.2281494141,73275,73286,11
12.8107404709,80.2281112671,73286,73296,10
12.8104000092,80.2279586792,73296,73306,10
12.8098096848,80.2276916504,73306,73316,10
12.8090496063,80.2272720337,73316,73326,10
12.8081798553,80.2265701294,73326,73336,10
12.8073196411,80.2258377075,73336,73346,10
12.8066902161,80.2252883911,73346,73356,10
12.8061103821,80.2247467041,73356,73366,10
12.8049602509,80.2240905762,73366,73397,31
12.8049602509,80.2240905762,73397,73407,10
12.8049297333,80.2240905762,73407,73417,10
12.8046598434,80.224029541,73417,73427,10
12.8041496277,80.2239837646,73427,73437,10
12.8034296036,80.2239227295,73437,73447,10
12.8025503159,80.2238235474,73447,73457,10
12.8015298843,80.2237091064,73457,73467,10
12.8009796143,80.2236785889,73467,73477,10
12.8008003235,80.2236633301,73477,73487,10
12.8002004623,80.2236022949,73487,73498,11
12.7992601395,80.2235336304,73498,73508,10
12.7981700897,80.2233963013,73508,73518,10
12.7970399857,80.2232437134,73518,73528,10
12.7960700989,80.2230682373,73528,73538,10
12.7957801819,80.2230224609,73538,73548,10
12.7953395844,80.2229232788,73548,73558,10
12.7945404053,80.2227783203,73558,73568,10
12.7934999466,80.2226104736,73568,73578,10
12.7923698425,80.222442627,73578,73588,10
12.7913198471,80.2221908569,73588,73598,10
12.7903795242,80.2219467163,73598,73609,11
12.7894601822,80.2217025757,73609,73619,10
12.7887601852,80.2214202881,73619,73629,10
12.788069725,80.2211532593,73629,73639,10
12.7871999741,80.2208099365,73639,73659,20
12.7871999741,80.2208099365,73659,73669,10
12.7870101929,80.2207183838,73669,73679,10
12.7867498398,80.2206192017,73679,73689,10
12.7864599228,80.2205123901,73689,73699,10
12.7861700058,80.2204208374,73699,73710,11
12.7861099243,80.2205963135,73710,73720,10
12.7861404419,80.2209625244,73720,73730,10
12.7861404419,80.2213134766,73730,73740,10
12.7861700058,80.2216796875,73740,73750,10
12.786190033,80.2218704224,73750,73760,10
12.7862501144,80.2220993042,73760,75427,1667
12.7862501144,80.2220993042,75427,75437,10
12.7862796783,80.2218170166,75437,75447,10
12.7861995697,80.2214202881,75447,75457,10
12.7861795425,80.2210617065,75457,75467,10
12.7861404419,80.2207183838,75467,75568,101
12.7861404419,80.2207183838,75568,75578,10
12.7861995697,80.2203826904,75578,75588,10
12.7863397598,80.2204208374,75588,75599,11
12.7863702774,80.2204284668,75599,75609,10
12.78647995,80.2204971313,75609,75619,10
12.7867898941,80.2206268311,75619,75629,10
12.7872104645,80.2208023071,75629,75639,10
12.7876501083,80.2209625244,75639,75649,10
12.7880897522,80.2211532593,75649,75659,10
12.7886104584,80.2213516235,75659,75669,10
12.7890901566,80.2215270996,75669,75679,10
12.7892198563,80.2215805054,75679,75689,10
12.7896604538,80.2217407227,75689,75700,11
12.7902803421,80.2219161987,75700,75710,10
12.7910804749,80.2221221924,75710,75720,10
12.7920398712,80.2223587036,75720,75730,10
12.7930698395,80.2225494385,75730,75740,10
12.7941198349,80.2227020264,75740,75750,10
12.7952003479,80.222869873,75750,75760,10
12.796210289,80.2230377197,75760,75770,10
12.7965297699,80.2230682373,75770,75780,10
12.7967700958,80.2231216431,75780,75790,10
12.7973899841,80.2232513428,75790,75800,10
12.7982301712,80.2233581543,75800,75811,11
12.7992801666,80.2234725952,75811,75821,10
12.8002901077,80.2235565186,75821,75837,16
12.8014602661,80.2236709595,75837,75849,12
12.8016195297,80.2236862183,75849,75859,10
12.8022203445,80.2237625122,75859,75869,10
12.8029603958,80.2238616943,75869,75878,9
12.8035497665,80.2239227295,75878,75889,11
12.8045101166,80.2239990234,75889,75899,10
12.8052501678,80.2241287231,75899,75910,11
12.8055000305,80.2242126465,75910,75920,10
12.8057498932,80.2243881226,75920,75930,10
12.8062400818,80.2248001099,75930,75940,10
12.8068199158,80.2253265381,75940,75950,10
12.8074903488,80.2259216309,75950,75960,10
12.8082199097,80.2265319824,75960,75970,10
12.809009552,80.2271728516,75970,75980,10
12.8098897934,80.2276763916,75980,75990,10
12.8108501434,80.2280883789,75990,76000,10
12.8118801117,80.2284698486,76000,76010,10
12.8129501343,80.2288513184,76010,76021,11
12.814160347,80.2292098999,76021,76032,11
12.815369606,80.2294235229,76032,76042,10
12.8164796829,80.2295837402,76042,76052,10
12.8175497055,80.2299118042,76052,76062,10
12.8185300827,80.2303695679,76062,76072,10
12.8193597794,80.2305526733,76072,76082,10
12.8198003769,80.2305221558,76082,76092,10
12.8201303482,80.2305221558,76092,76102,10
12.8208198547,80.2304992676,76102,76112,10
12.8217096329,80.2305831909,76112,76123,11
12.8227596283,80.2308502197,76123,76133,10
12.8238296509,80.2311630249,76133,76143,10
12.8249502182,80.2314224243,76143,76153,10
12.8261404037,80.2314071655,76153,76163,10
12.8272800446,80.2311706543,76163,76172,9
12.8282604218,80.2306518555,76172,76183,11
12.8293800354,80.2300796509,76183,76193,10
12.830499649,80.229637146,76193,76203,10
12.8310699463,80.2293701172,76203,76223,20
12.8310699463,80.2293701172,76223,76234,11
12.8312902451,80.2293014526,76234,76244,10
12.8314599991,80.2292404175,76244,76284,40
12.8314599991,80.2292404175,76284,76294,10
12.8317298889,80.2291793823,76294,76304,10
12.832110405,80.2291030884,76304,76314,10
12.8326396942,80.2289962769,76314,76324,10
12.8332796097,80.2288818359,76324,76335,11
12.8339996338,80.228767395,76335,76345,10
12.8347196579,80.2286300659,76345,76355,10
12.8355503082,80.2285003662,76355,76365,10
12.8363704681,80.2283782959,76365,76375,10
12.8371400833,80.2282791138,76375,76385,10
12.8380002975,80.2281036377,76385,76415,30
12.8380002975,80.2281036377,76415,76425,10
12.8384304047,80.2279891968,76425,76476,51
12.8384304047,80.2279891968,76476,76486,10
12.8388204575,80.227897644,76486,76496,10
12.8388900757,80.2278823853,76496,76506,10
12.8389797211,80.2278366089,76506,76516,10
12.8391504288,80.2277679443,76516,76526,10
12.8393297195,80.2276992798,76526,76567,41
12.8393297195,80.2276992798,76567,76577,10
12.8396196365,80.2275619507,76577,76587,10
12.8400497437,80.2275085449,76587,76597,10
12.8403596878,80.2274703979,76597,76607,10
12.8408603668,80.2273178101,76607,76617,10
12.8415002823,80.2271575928,76617,76627,10
12.8421602249,80.2270126343,76627,76637,10
12.8429698944,80.226852417,76637,76648,11
12.8438997269,80.2267227173,76648,76658,10
12.8447599411,80.2266464233,76658,76668,10
12.8453598022,80.2265701294,76668,76678,10
12.8454704285,80.2265625,76678,76688,10
12.8456802368,80.2265625,76688,76718,30
12.8456802368,80.2265625,76718,76728,10
12.8459100723,80.2265625,76728,76738,10
12.8464202881,80.2265701294,76738,76748,10
12.8471403122,80.2265701294,76748,76759,11
12.8480501175,80.2265777588,76759,76769,10
12.8488998413,80.2265625,76769,76779,10
12.8499498367,80.2265472412,76779,76799,20
12.8500995636,80.2265777588,76799,76819,20
12.8500995636,80.2265777588,76819,76829,10
12.8503799438,80.2265701294,76829,76839,10
12.8510103226,80.2265930176,76839,76849,10
12.8518295288,80.2266235352,76849,76860,11
12.852809906,80.2266769409,76860,76870,10
12.8538398743,80.2266387939,76870,76880,10
12.854929924,80.2265167236,76880,76890,10
12.8560495377,80.2263870239,76890,76900,10
12.8571796417,80.2262573242,76900,76910,10
12.85820961,80.2262268066,76910,76920,10
12.8592596054,80.226348877,76920,76930,10
12.8603401184,80.2264862061,76930,76940,10
12.8613595963,80.2265472412,76940,76950,10
12.8625097275,80.2265090942,76950,76960,10
12.8636598587,80.2265014648,76960,76971,11
12.8649396896,80.2265472412,76971,76981,10
12.8661203384,80.2265396118,76981,76991,10
12.8672304153,80.2264404297,76991,77001,10
12.8683099747,80.2263565063,77001,77011,10
12.8693599701,80.2264480591,77011,77021,10
12.8704004288,80.2265625,77021,77031,10
12.871430397,80.2266387939,77031,77041,10
12.8723897934,80.2266464233,77041,77051,10
12.8732595444,80.2266769409,77051,77061,10
12.8741903305,80.2267532349,77061,77072,11
12.8752803802,80.226890564,77072,77082,10
12.876250267,80.2269363403,77082,77092,10
12.8767204285,80.2268981934,77092,77102,10
12.8768997192,80.2268829346,77102,77112,10
12.877289772,80.226852417,77112,77122,10
12.8779802322,80.2268066406,77122,77132,10
12.8788995743,80.2267532349,77132,77142,10
12.8798999786,80.2267227173,77142,77152,10
12.8809299469,80.2267074585,77152,77162,10
12.8819599152,80.2266998291,77162,77173,11
12.8830900192,80.2266921997,77173,77183,10
12.8841104507,80.2266769409,77183,77193,10
12.885020256,80.2266769409,77193,77203,10
12.8852701187,80.2266998291,77203,77213,10
12.8857603073,80.2268066406,77213,77223,10
12.8865404129,80.2270202637,77223,77233,10
12.8874197006,80.2272033691,77233,77243,10
12.8883800507,80.2272872925,77243,77253,10
12.88945961,80.2273101807,77253,77263,10
12.8905801773,80.2273101807,77263,77273,10
12.8917102814,80.2273178101,77273,77284,11
12.8926801682,80.2273635864,77284,77294,10
12.8935699463,80.2274780273,77294,77304,10
12.8945999146,80.2275695801,77304,77314,10
12.8956604004,80.2276306152,77314,77324,10
12.8967695236,80.2276916504,77324,77334,10
12.8978996277,80.2277832031,77334,77344,10
12.8989801407,80.2278289795,77344,77354,10
12.8997402191,80.2278823853,77354,77364,10
12.900270462,80.2279129028,77364,77374,10
12.9005403519,80.2279205322,77374,77463,89
12.9005403519,80.2279205322,77463,77473,10
12.9006004333,80.2279205322,77473,77483,10
12.9009399414,80.2279205322,77483,77494,11
12.9014797211,80.2279586792,77494,77504,10
12.902130127,80.2279815674,77504,77514,10
12.9027700424,80.2279891968,77514,77524,10
12.9029798508,80.2279968262,77524,77534,10
12.9033203125,80.2280197144,77534,77544,10
12.9034996033,80.2280197144,77544,77554,10
12.9041595459,80.2280578613,77554,77615,61
12.9041595459,80.2280578613,77615,77625,10
12.9042596817,80.2280578613,77625,77635,10
12.9046802521,80.2280807495,77635,77645,10
12.9050397873,80.2281036377,77645,77655,10
12.9052801132,80.2281112671,77655,77671,16
12.9053897858,80.2281188965,77671,77683,12
12.9055500031,80.2281112671,77683,77734,51
12.9055500031,80.2281112671,77734,77744,10
12.9057197571,80.2281036377,77744,77754,10
12.9060602188,80.2281265259,77754,77774,20
12.9060602188,80.2281265259,77774,77784,10
12.9062404633,80.2281417847,77784,77794,10
12.9064998627,80.2281570435,77794,77866,72
12.9064998627,80.2281570435,77866,77876,10
12.9068899155,80.2281799316,77876,77886,10
12.9072198868,80.2282180786,77886,77896,10
12.907959938,80.2283477783,77896,77906,10
12.9089803696,80.2285385132,77906,77917,11
12.9102602005,80.2287521362,77917,77927,10
12.9114303589,80.2289428711,77927,77937,10
12.9125795364,80.2291030884,77937,77947,10
12.9135799408,80.2292175293,77947,77957,10
12.9139795303,80.2292709351,77957,77967,10
12.914270401,80.229309082,77967,77977,10
12.9149103165,80.2293701172,77977,77987,10
12.9157304764,80.2295379639,77987,77997,10
12.9167299271,80.2296829224,77997,78007,10
12.9177103043,80.2298202515,78007,78018,11
12.9192399979,80.2300033569,78018,78038,20
12.9192399979,80.2300033569,78038,78048,10
12.9196195602,80.2300567627,78048,78064,16
12.9208402634,80.2302322388,78064,78076,12
12.9220104218,80.2303924561,78076,78086,10
12.9230298996,80.2305603027,78086,78096,10
12.9241504669,80.2307128906,78096,78106,10
12.925239563,80.2308425903,78106,78116,10
12.9261798859,80.2309417725,78116,78127,11
12.9263696671,80.2309570313,78127,78137,10
12.9267196655,80.2310028076,78137,78147,10
12.9273996353,80.2310791016,78147,78157,10
12.9282598495,80.2311782837,78157,78167,10
12.9289503098,80.231300354,78167,78177,10
12.9295301437,80.2314071655,78177,78187,10
12.9302597046,80.2315826416,78187,78197,10
12.9311304092,80.231842041,78197,78207,10
12.9320001602,80.2321395874,78207,78217,10
12.9329395294,80.232460022,78217,78227,10
12.9336204529,80.2327575684,78227,78238,11
12.9336996078,80.2327804565,78238,78248,10
12.9341497421,80.233001709,78248,78258,10
12.9348602295,80.2333221436,78258,78268,10
12.9354400635,80.2335891724,78268,78278,10
12.9359903336,80.2338409424,78278,78288,10
12.9367599487,80.2341995239,78288,78298,10
12.9376802444,80.2346496582,78298,78308,10
12.938659668,80.2351531982,78308,78318,10
12.9394798279,80.2355499268,78318,78328,10
12.9396600723,80.2356567383,78328,78339,11
12.9401197433,80.2358627319,78339,78349,10
12.9408597946,80.2360610962,78349,78359,10
12.941740036,80.2362594604,78359,78369,10
12.9426403046,80.236541748,78369,78379,10
12.9433803558,80.2370300293,78379,78389,10
12.9436903,80.2373504639,78389,78399,10
12.943860054,80.2375564575,78399,78409,10
12.9442796707,80.2380371094,78409,78419,10
12.9448604584,80.2386932373,78419,78429,10
12.945520401,80.2392883301,78429,78440,11
12.9464502335,80.239692688,78440,78450,10
12.9470701218,80.2399215698,78450,78460,10
12.94713974,80.2399368286,78460,78470,10
12.9474096298,80.2400512695,78470,78480,10
12.9479398727,80.240272522,78480,78490,10
12.948340416,80.2404327393,78490,78500,10
12.9485702515,80.2405090332,78500,78510,10
12.9487600327,80.2405929565,78510,78520,10
12.9490995407,80.2407302856,78520,78530,10
12.9495401382,80.2408828735,78530,78540,10
12.9501495361,80.2410736084,78540,78550,10
12.9508304596,80.2412567139,78550,78561,11
12.9510803223,80.2413406372,78561,78571,10
12.9514598846,80.2414703369,78571,78581,10
12.9520797729,80.2416992188,78581,78591,10
12.9527997971,80.2419815063,78591,78601,10
12.9535999298,80.2422866821,78601,78611,10
12.9542303085,80.2425537109,78611,78621,10
12.9550695419,80.2428817749,78621,78631,10
12.9557600021,80.2431335449,78631,78641,10
12.9562997818,80.2433166504,78641,78652,11
12.956319809,80.2433395386,78652,78662,10
12.9565496445,80.2434234619,78662,78672,10
12.957159996,80.2436981201,78672,78682,10
12.9579296112,80.2440567017,78682,78692,10
12.9586000443,80.2443237305,78692,78702,10
12.9588603973,80.2444381714,78702,78712,10
12.9592399597,80.2446212769,78712,78722,10
12.959859848,80.2449035645,78722,78732,10
12.9606199265,80.2452468872,78732,78742,10
12.961520195,80.2456817627,78742,78752,10
12.9624700546,80.2461395264,78752,78763,11
12.9633197784,80.2465362549,78763,78823,60
12.9633197784,80.2465362549,78823,78833,10
12.9635295868,80.2467193604,78833,78843,10
12.9640798569,80.2469329834,78843,78853,10
12.964799881,80.2471923828,78853,78864,11
12.9656600952,80.2474822998,78864,78874,10
12.9663095474,80.2477264404,78874,78884,10
12.9664402008,80.2477722168,78884,78894,10
12.9667196274,80.2479019165,78894,78904,10
12.9672403336,80.2481613159,78904,78914,10
12.9678201675,80.2484207153,78914,78924,10
12.9685096741,80.2486801147,78924,78934,10
12.9694099426,80.2490234375,78934,78944,10
12.9703598022,80.2493972778,78944,78954,10
12.971329689,80.249710083,78954,78964,10
12.9722995758,80.249961853,78964,78975,11
12.9733200073,80.250213623,78975,78985,10
12.9742603302,80.2504806519,78985,78995,10
12.9753398895,80.2508010864,78995,79005,10
12.9765396118,80.2511672974,79005,79021,16
12.9782104492,80.2521286011,79021,79033,12
12.9785404205,80.2523422241,79033,79043,10
12.9787101746,80.2524414063,79043,79053,10
12.9791603088,80.252571106,79053,79064,11
12.9797697067,80.2526397705,79064,79074,10
12.9801797867,80.2526702881,79074,79085,11
12.9808197021,80.2526397705,79085,79096,11
12.9815502167,80.2526168823,79096,79107,11
12.9824104309,80.2525863647,79107,79117,10
12.9831600189,80.252532959,79117,79136,19
12.9831600189,80.252532959,79136,79146,10
12.9838495255,80.2523574829,79146,79167,21
12.9838495255,80.2523574829,79167,79178,11
12.9842395782,80.2522506714,79178,79228,50
12.9842395782,80.2522506714,79228,79238,10
12.9844999313,80.2521896362,79238,79248,10
12.9847698212,80.2521209717,79248,79258,10
12.9850702286,80.2520217896,79258,79278,20
12.9850702286,80.2520217896,79278,79289,11
12.9853801727,80.2519378662,79289,79349,60
12.9853801727,80.2519378662,79349,79359,10
12.9854803085,80.2519073486,79359,79369,10
12.9856595993,80.2518692017,79369,79379,10
12.9860897064,80.2517166138,79379,79501,122
12.9860897064,80.2517166138,79501,79511,10
12.9864501953,80.2517089844,79511,79521,10
12.986989975,80.2515411377,79521,79531,10
12.9874696732,80.2513809204,79531,79591,60
12.9874696732,80.2513809204,79591,79602,11
12.9877004623,80.2513198853,79602,79612,10
12.9879798889,80.2515869141,79612,79622,10
12.9880599976,80.2521362305,79622,79632,10
12.9879999161,80.2528381348,79632,79642,10
12.9879598618,80.2533493042,79642,79652,10
12.9878902435,80.2538986206,79652,79662,10
12.9877996445,80.2547836304,79662,79672,10
12.9877195358,80.255607605,79672,79682,10
12.987830162,80.255859375,79682,79692,10
12.988360405,80.2559204102,79692,79702,10
12.988699913,80.2559204102,79702,79713,11
12.988940239,80.2559432983,79713,79723,10
12.9895401001,80.2559890747,79723,79733,10
12.9903001785,80.2559890747,79733,79743,10
12.9909496307,80.2560424805,79743,79753,10
12.9916601181,80.256111145,79753,79763,10
12.9926300049,80.2561264038,79763,79773,10
12.9935398102,80.256111145,79773,79783,10
12.9945898056,80.2559814453,79783,79793,10
12.9955396652,80.2558822632,79793,79803,10
12.996339798,80.2558517456,79803,79814,11
12.9965295792,80.2558364868,79814,79824,10
12.9966602325,80.2558517456,79824,79834,10
12.9967803955,80.2558288574,79834,79844,10
12.9969997406,80.2558517456,79844,79854,10
12.9972200394,80.2558670044,79854,79864,10
12.9975700378,80.2558898926,79864,79874,10
12.9980401993,80.2559585571,79874,79884,10
12.9986400604,80.2560195923,79884,79894,10
12.9987297058,80.2560195923,79894,79904,10
12.9989595413,80.2560424805,79904,79915,11
12.9992198944,80.2560806274,79915,79925,10
12.9996995926,80.2561798096,79925,79935,10
13.0002403259,80.2563018799,79935,79945,10
13.0009298325,80.2564315796,79945,79955,10
13.0016002655,80.2565383911,79955,79965,10
13.0023498535,80.256652832,79965,79975,10
13.0030202866,80.2567977905,79975,79985,10
13.003780365,80.2569503784,79985,79995,10
13.0046300888,80.2571182251,79995,80005,10
13.0055799484,80.2572937012,80005,80015,10
13.0062599182,80.2574005127,80015,80026,11
13.0065803528,80.2573318481,80026,80036,10
13.0065498352,80.2567520142,80036,80046,10
13.006480217,80.2560119629,80046,80056,10
13.0065002441,80.2552032471,80056,80066,10
13.0065202713,80.2545623779,80066,80076,10
13.0064697266,80.2531661987,80076,80116,40
13.0064697266,80.2531661987,80116,80127,11
13.006480217,80.2529373169,80127,80137,10
13.0065002441,80.2524414063,80137,80147,10
13.0065898895,80.2518386841,80147,80157,10
13.0067195892,80.2510375977,80157,80167,10
13.0067195892,80.2500610352,80167,80177,10
13.0066900253,80.249168396,80177,80187,10
13.0066404343,80.2484207153,80187,80197,10
13.0066299438,80.2478103638,80197,80248,51
13.0066299438,80.2478103638,80248,80258,10
13.0066404343,80.2474212646,80258,80268,10
13.0066204071,80.2468795776,80268,80278,10
13.0065603256,80.2466125488,80278,80288,10
13.0066204071,80.246383667,80288,80298,10
13.0066404343,80.2457427979,80298,80308,10
13.0066299438,80.2448272705,80308,80318,10
13.0066099167,80.2439498901,80318,80328,10
13.0065898895,80.2432022095,80328,80339,11
13.0065498352,80.2421035767,80339,80349,10
13.006529808,80.2413864136,80349,80359,10
13.0065603256,80.2411499023,80359,80369,10
13.0066604614,80.2406692505,80369,80379,10
13.0067396164,80.2402267456,80379,80389,10
13.0068702698,80.2396087646,80389,80399,10
13.0069799423,80.238861084,80399,80409,10
13.0071296692,80.2381286621,80409,80419,10
13.0073003769,80.2373123169,80419,80429,10
13.007349968,80.2370300293,80429,80440,11
13.0074195862,80.2367782593,80440,80450,10
13.0075302124,80.2361984253,80450,80460,10
13.0076999664,80.2353820801,80460,80470,10
13.007900238,80.2344512939,80470,80480,10
13.0081501007,80.2333602905,80480,80490,10
13.0083999634,80.2320632935,80490,80500,10
13.0086603165,80.23072052,80500,80510,10
13.0089101791,80.2294082642,80510,80519,9
13.0091495514,80.2282714844,80519,80529,10
13.0095500946,80.2272109985,80529,80540,11
13.0101003647,80.2261505127,80540,80551,11
13.0105695724,80.2251815796,80551,80561,10
13.0109596252,80.2243804932,80561,80571,10
13.0113601685,80.2233276367,80571,80581,10
13.0117301941,80.2223205566,80581,80591,10
13.0120697021,80.2214736938,80591,80601,10
13.0123901367,80.2215194702,80601,80611,10
13.0127696991,80.2220687866,80611,80621,10
13.0132799149,80.2226409912,80621,80631,10
13.0139198303,80.2233886719,80631,80641,10
13.0145998001,80.2241897583,80641,80652,11
13.015370369,80.2249298096,80652,80662,10
13.0154600143,80.2249984741,80662,80672,10
13.0156202316,80.2250213623,80672,80682,10
13.0158996582,80.2252120972,80682,80692,10
13.0165596008,80.2252807617,80692,80702,10
13.017370224,80.2249603271,80702,80712,10
13.0181903839,80.2246170044,80712,80722,10
13.018989563,80.224357605,80722,80732,10
13.0196504593,80.2244415283,80732,80742,10
13.0203104019,80.2248916626,80742,80752,10
13.0210895538,80.2254562378,80752,80763,11
13.0218400955,80.2260437012,80763,80773,10
13.0220098495,80.2261810303,80773,80783,10
13.0220899582,80.2263183594,80783,80793,10
13.0224399567,80.2266311646,80793,80803,10
13.0230102539,80.2271118164,80803,80813,10
13.0237102509,80.2277832031,80813,80823,10
13.0242500305,80.2283172607,80823,80833,10
13.0243902206,80.2284698486,80833,80843,10
13.0245599747,80.2287826538,80843,80853,10
13.0249795914,80.2293930054,80853,80864,11
13.0256204605,80.2303085327,80864,80874,10
13.025970459,80.2311935425,80874,80884,10
13.0261497498,80.2313766479,80884,80894,10
13.0266199112,80.2312393188,80894,80904,10
13.0274400711,80.2309799194,80904,80914,10
13.0281896591,80.2309188843,80914,80924,10
13.0283298492,80.2308883667,80924,80934,10
13.0286197662,80.2308731079,80934,80944,10
13.0292396545,80.2308120728,80944,80954,10
13.0297803879,80.230758667,80954,80964,10
13.0304098129,80.2306976318,80964,80975,11
13.0309400558,80.2306213379,80975,80985,10
13.0315599442,80.2305908203,80985,80995,10
13.0323801041,80.2304992676,80995,81005,10
13.0332803726,80.2304382324,81005,81015,10
13.0339202881,80.2304229736,81015,81031,16
13.0342502594,80.2303771973,81031,81043,12
13.0346803665,80.2302474976,81043,81114,71
13.0350103378,80.2300491333,81114,81275,161
13.0350103378,80.2300491333,81275,81286,11
13.0350999832,80.2303009033,81286,81296,10
13.0348501205,80.2303466797,81296,81306,10
13.0347003937,80.2303619385,81306,81316,10
13.0345201492,80.2303695679,81316,81326,10
13.0342798233,80.2304534912,81326,81356,30
13.0342798233,80.2304534912,81356,81366,10
13.0336198807,80.230506897,81366,81375,9
13.0332603455,80.2305603027,81375,81730,355
13.0332603455,80.2305603027,81730,81740,10
13.0328397751,80.230506897,81740,81750,10
13.0321998596,80.2305831909,81750,81760,10
13.0314502716,80.2306518555,81760,81770,10
13.0308799744,80.2307128906,81770,81780,10
13.0303297043,80.2307434082,81780,81790,10
13.0297002792,80.2307891846,81790,81800,10
13.0291204453,80.2308502197,81800,81811,11
13.0283403397,80.2309417725,81811,81821,10
13.027759552,80.231010437,81821,81831,10
13.0276699066,80.2313079834,81831,81841,10
13.0277204514,80.2318725586,81841,81851,10
13.0277700424,80.2326583862,81851,81861,10
13.0272703171,80.2328491211,81861,81871,10
13.0268201828,80.2329483032,81871,81881,10
13.0264902115,80.2330093384,81881,81891,10
13.0262203217,80.2325210571,81891,81901,10
13.0260295868,80.2317123413,81901,81911,10
13.0257797241,80.2307434082,81911,81922,11
13.0251598358,80.2297210693,81922,81932,10
13.0244998932,80.2288818359,81932,81942,10
13.0239601135,80.2282409668,81942,81952,10
13.0233697891,80.2276077271,81952,81982,30
13.0233697891,80.2276077271,81982,81992,10
13.0232095718,80.2275009155,81992,82002,10
13.0228900909,80.2271575928,82002,82012,10
13.0223302841,80.2266387939,82012,82023,11
13.0215902328,80.2259979248,82023,82033,10
13.0208902359,80.225440979,82033,82043,10
13.0204200745,80.2250976563,82043,82053,10
13.0199604034,80.2248077393,82053,82063,10
13.0193796158,80.2244567871,82063,82073,10
13.0185899734,80.2245330811,82073,82083,10
13.0177001953,80.2248764038,82083,82093,10
13.0167503357,80.2252578735,82093,82103,10
13.0159902573,80.2255630493,82103,82119,16
13.0145597458,80.2261199951,82119,82132,13
13.0143098831,80.2262191772,82132,82142,10
13.013999939,80.2263412476,82142,82152,10
13.0133600235,80.226600647,82152,82161,9
13.0125904083,80.226890564,82161,82173,12
13.0114803314,80.2273330688,82173,82183,10
13.010430336,80.2277603149,82183,82193,10
13.0093803406,80.2282333374,82193,82203,10
13.0089902878,80.2291030884,82203,82213,10
13.008769989,80.23021698,82213,82223,10
13.0085296631,80.2314300537,82223,82235,12
13.0082597733,80.2328720093,82235,82245,10
13.0080499649,80.2339630127,82245,82255,10
13.0078601837,80.2349777222,82255,82265,10
13.0076398849,80.2360305786,82265,82274,9
13.0074300766,80.2370834351,82274,82285,11
13.0072402954,80.2381896973,82285,82295,10
13.0070495605,80.2392501831,82295,82305,10
13.006819725,80.2401580811,82305,82315,10
13.0067901611,80.2406692505,82315,82325,10
13.0067596436,80.2408370972,82325,82336,11
13.0066995621,80.2414779663,82336,82346,10
13.0066995621,80.2423782349,82346,82356,10
13.0066604614,80.2433166504,82356,82366,10
13.0066699982,80.2443771362,82366,82376,10
13.0066604614,80.2452011108,82376,82386,10
13.0066995621,80.2463912964,82386,82396,10
13.0066995621,80.2471008301,82396,82406,10
13.0066900253,80.247718811,82406,82416,10
13.0067300797,80.2485580444,82416,82426,10
13.0067796707,80.2490921021,82426,82437,11
13.0067796707,80.2491989136,82437,82447,10
13.0067901611,80.2497634888,82447,82457,10
13.0068101883,80.2506408691,82457,82467,10
13.0067195892,80.2516326904,82467,82477,10
13.0065402985,80.2527084351,82477,82487,10
13.0065402985,80.2538070679,82487,82497,10
13.0065898895,80.2548217773,82497,82507,10
13.0066099167,80.2550811768,82507,82517,10
13.0066204071,80.2554626465,82517,82527,10
13.0066099167,80.2561569214,82527,82537,10
13.0066604614,80.2572479248,82537,82558,21
13.0066604614,80.2572479248,82558,82568,10
13.0067396164,80.2573699951,82568,82578,10
13.0065002441,80.2575683594,82578,82588,10
13.0059099197,80.2574234009,82588,82598,10
13.0052204132,80.2572631836,82598,82608,10
13.0043697357,80.2570800781,82608,82618,10
13.0035400391,80.2569122314,82618,82628,10
13.0028095245,80.2567825317,82628,82638,10
13.0020704269,80.256652832,82638,82649,11
13.0013599396,80.2565231323,82649,82659,10
13.0006103516,80.256401062,82659,82669,10
12.9997797012,80.2562408447,82669,82677,8
12.99862957,80.2560577393,82677,82709,32
12.99862957,80.2560577393,82709,82719,10
12.9984502792,80.2560195923,82719,82729,10
12.9981603622,80.2559661865,82729,82739,10
12.9977397919,80.2559204102,82739,82749,10
12.9971103668,80.2558898926,82749,82760,11
12.9965200424,80.2558822632,82760,82770,10
12.995759964,80.2558822632,82770,82780,10
12.995059967,80.255897522,82780,82790,10
12.9942998886,80.2559585571,82790,82800,10
12.9933795929,80.2560272217,82800,82810,10
12.9922504425,80.2560882568,82810,82820,10
12.9916296005,80.2560424805,82820,82830,10
12.9907197952,80.2559890747,82830,82840,10
12.989689827,80.2559814453,82840,82850,10
12.9884395599,80.2558822632,82850,82861,11
12.9874601364,80.2557525635,82861,82871,10
12.9873399734,80.2557296753,82871,82881,10
12.9872398376,80.2557067871,82881,82891,10
12.9869699478,80.2556610107,82891,82901,10
12.9860496521,80.2555084229,82901,82921,20
12.9860496521,80.2555084229,82921,82931,10
12.9858102798,80.2554168701,82931,82941,10
12.9852895737,80.2552719116,82941,82951,10
12.9843597412,80.2550582886,82951,82961,10
12.9834403992,80.2548217773,82961,82972,11
12.9825801849,80.2545623779,82972,82982,10
12.9819602966,80.2540664673,82982,82992,10
12.9817304611,80.2532119751,82992,83002,10
12.981180191,80.2527236938,83002,83012,10
12.9803695679,80.2527236938,83012,83022,10
12.9799003601,80.2527084351,83022,83032,10
12.9795398712,80.2526779175,83032,83042,10
12.9786596298,80.2525863647,83042,83073,31
12.9786596298,80.2525863647,83073,83083,10
12.9785995483,80.2526016235,83083,83093,10
12.9782800674,80.2524185181,83093,83103,10
12.9777202606,80.2519226074,83103,83113,10
12.9769201279,80.2513504028,83113,83123,10
12.9759302139,80.2510681152,83123,83133,10
12.9749698639,80.2507781982,83133,83143,10
12.974029541,80.2505187988,83143,83153,10
12.9730596542,80.2502670288,83153,83163,10
12.9721603394,80.250038147,83163,83174,11
12.9710998535,80.2497177124,83174,83184,10
12.9700202942,80.2493591309,83184,83194,10
12.9688997269,80.248916626,83194,83204,10
12.9677495956,80.2484664917,83204,83214,10
12.9666595459,80.2479782104,83214,83224,10
12.9657297134,80.2475585938,83224,83234,10
12.9649801254,80.2473373413,83234,83244,10
12.964969635,80.2473297119,83244,83254,10
12.9648504257,80.2472686768,83254,83264,10
12.9644298553,80.2470932007,83264,83274,10
12.9636802673,80.2468338013,83274,83285,11
12.9630002975,80.2464981079,83285,83295,10
12.9622297287,80.2461090088,83295,83305,10
12.9612598419,80.2456283569,83305,83315,10
12.9602804184,80.2451705933,83315,83325,10
12.9594697952,80.2448120117,83325,83335,10
12.959400177,80.2447814941,83335,83345,10
12.9591503143,80.2446594238,83345,83355,10
12.9585800171,80.244392395,83355,83365,10
12.957909584,80.2441177368,83365,83382,17
12.9564599991,80.2436523438,83382,83433,51
12.9564599991,80.2436523438,83433,83443,10
12.9562902451,80.2436294556,83443,83454,11
12.955789566,80.2433776855,83454,83464,10
12.9552001953,80.2430801392,83464,83474,10
12.9543895721,80.2426986694,83474,83484,10
12.9536399841,80.2423782349,83484,83495,11
12.9527597427,80.2420196533,83495,83505,10
12.9516401291,80.2416381836,83505,83525,20
12.9516401291,80.2416381836,83525,83535,10
12.9514904022,80.2415618896,83535,83545,10
12.9510402679,80.2414169312,83545,83555,10
12.9502801895,80.2411804199,83555,83565,10
12.9494600296,80.2409210205,83565,83575,10
12.9487400055,80.2406463623,83575,83585,10
12.9479799271,80.2403717041,83585,83596,11
12.9470701218,80.2399902344,83596,83606,10
12.9469203949,80.2399368286,83606,83616,10
12.946559906,80.2397689819,83616,83626,10
12.9458904266,80.2394790649,83626,83636,10
12.9450998306,80.2390136719,83636,83646,10
12.9443597794,80.2382583618,83646,83656,10
12.9435997009,80.2374420166,83656,83666,10
12.9428100586,80.2367172241,83666,83676,10
12.9417600632,80.2363128662,83676,83686,10
12.9406003952,80.2360229492,83686,83696,10
12.9397802353,80.235786438,83696,83706,10
12.9397602081,80.235786438,83706,83717,11
12.9395599365,80.2356796265,83717,83727,10
12.9390001297,80.2353897095,83727,83737,10
12.9382696152,80.2350311279,83737,83747,10
12.9374198914,80.2346115112,83747,83757,10
12.93653965,80.2341995239,83757,83767,10
12.9357004166,80.2337799072,83767,83777,10
12.934800148,80.2333679199,83777,83787,10
12.9339799881,80.2330169678,83787,83797,10
12.9339103699,80.233001709,83797,83808,11
12.9335899353,80.2328186035,83808,83818,10
12.9329099655,80.2325210571,83818,83828,10
12.9320201874,80.232208252,83828,83838,10
12.9309797287,80.231880188,83838,83848,10
12.9298696518,80.231552124,83848,83858,10
12.9287996292,80.2313232422,83858,83868,10
12.9276599884,80.2311477661,83868,83878,10
12.9266004562,80.2310409546,83878,83888,10
12.926150322,80.2309875488,83888,83898,10
12.9258403778,80.2309494019,83898,83909,11
12.9251298904,80.2308731079,83909,83919,10
12.9242801666,80.2307662964,83919,83929,10
12.9233503342,80.2306594849,83929,83939,10
12.9223299026,80.230506897,83939,83949,10
12.9212398529,80.2303390503,83949,83959,10
12.920129776,80.2302017212,83959,83969,10
12.9190597534,80.2300796509,83969,83979,10
12.9187202454,80.2300415039,83979,83989,10
12.9183101654,80.2299804688,83989,83999,10
12.9175395966,80.2298812866,83999,84009,10
12.9165296555,80.2297286987,84009,84020,11
12.9153203964,80.2295608521,84020,84030,10
12.9142198563,80.2294006348,84030,84040,10
12.9133396149,80.229309082,84040,84050,10
12.9132699966,80.2292861938,84050,84060,10
12.9128198624,80.2292098999,84060,84070,10
12.91203022,80.2291030884,84070,84080,10
12.9110498428,80.2289581299,84080,84090,10
12.9099597931,80.2287902832,84090,84100,10
12.9087600708,80.2285919189,84100,84110,10
12.9075603485,80.2284011841,84110,84121,11
12.9064302444,80.2282791138,84121,84131,10
12.9061698914,80.2282562256,84131,84141,10
12.905790329,80.2282333374,84141,84151,10
12.905090332,80.2281723022,84151,84161,10
12.9041595459,80.2281188965,84161,84171,10
12.9031400681,80.2280731201,84171,84181,10
12.9020395279,80.228012085,84181,84191,10
12.9010000229,80.2279510498,84191,84201,10
12.9001197815,80.227897644,84201,84211,10
12.8994998932,80.2278671265,84211,84221,10
12.8994398117,80.2278671265,84221,84232,11
12.8989095688,80.2278213501,84232,84242,10
12.8980998993,80.2277832031,84242,84252,10
12.8970899582,80.227722168,84252,84262,10
12.8959999084,80.2276763916,84262,84272,10
12.8948602676,80.2276306152,84272,84282,10
12.8937397003,80.2275619507,84282,84292,10
12.8931999207,80.2275085449,84292,84302,10
12.8929004669,80.2274627686,84302,84312,10
12.8922100067,80.2273788452,84312,84322,10
12.8912601471,80.2273483276,84322,84333,11
12.8900299072,80.2273483276,84333,84343,10
12.8888902664,80.2273406982,84343,84353,10
12.8877601624,80.2272720337,84353,84363,10
12.8866195679,80.2270812988,84363,84373,10
12.8854999542,80.2267990112,84373,84383,10
12.8848199844,80.2267227173,84383,84393,10
12.8845396042,80.2267074585,84393,84403,10
12.8838796616,80.2266998291,84403,84413,10
12.8829402924,80.2267074585,84413,84423,10
12.8819198608,80.2267227173,84423,84434,11
12.8807601929,80.2267303467,84434,84443,9
12.8797998428,80.2267379761,84443,84454,11
12.8785200119,80.2267913818,84454,84464,10
12.877240181,80.226890564,84464,84474,10
12.8764600754,80.2269668579,84474,84484,10
12.8762998581,80.2269668579,84484,84494,10
12.8757200241,80.2269668579,84494,84504,10
12.8748102188,80.2268676758,84504,84514,10
12.8736801147,80.2267303467,84514,84524,10
12.8727998734,80.2266769409,84524,84534,10
12.8719797134,80.2266693115,84534,84545,11
12.8707895279,80.2266235352,84545,84555,10
12.8696403503,80.2265090942,84555,84565,10
12.8684196472,80.2263793945,84565,84575,10
12.8671503067,80.2264480591,84575,84584,9
12.8660497665,80.2265625,84584,84596,12
12.8646802902,80.2265625,84596,84605,9
12.863409996,80.2265090942,84605,84615,10
12.8622598648,80.2265319824,84615,84626,11
12.8611602783,80.2265625,84626,84635,9
12.8608503342,80.2265777588,84635,84647,12
12.8602199554,80.2265090942,84647,84657,10
12.8593702316,80.2263793945,84657,84667,10
12.8583498001,80.2262573242,84667,84677,10
12.8572101593,80.226272583,84677,84687,10
12.8559799194,80.2263870239,84687,84697,10
12.8547296524,80.2265167236,84697,84707,10
12.8534603119,80.2266387939,84707,84717,10
12.8522100449,80.2266464233,84717,84727,10
12.8509902954,80.226600647,84727,84737,10
12.8497495651,80.2265625,84737,84747,10
12.8485603333,80.2265472412,84747,84758,11
12.8473596573,80.2265701294,84758,84768,10
12.8463802338,80.2265777588,84768,84778,10
12.8454904556,80.2265777588,84778,84788,10
12.8447198868,80.2266235352,84788,84798,10
12.8438396454,80.2266998291,84798,84808,10
12.8427095413,80.226890564,84808,84818,10
12.8416595459,80.227142334,84818,84828,10
12.8407497406,80.2273788452,84828,84838,10
12.8400602341,80.2275466919,84838,84848,10
12.839630127,80.2276687622,84848,84859,11
12.839220047,80.2277908325,84859,84869,10
12.8384504318,80.2279968262,84869,84879,10
12.8374700546,80.2282028198,84879,84889,10
12.8363599777,80.2283782959,84889,84899,10
12.835149765,80.2285766602,84899,84909,10
12.8340396881,80.2287826538,84909,84919,10
12.8330402374,80.2289581299,84919,84929,10
12.832400322,80.2291030884,84929,84939,10
12.8319597244,80.2291717529,84939,84949,10
12.8313903809,80.2292785645,84949,84960,11
12.8305397034,80.2295837402,84960,84970,10
12.8295202255,80.2299804688,84970,84980,10
12.8283596039,80.2305221558,84980,84990,10
12.8273096085,80.2311019897,84990,85000,10
12.8260803223,80.2313690186,85000,85010,10
12.8247804642,80.2313766479,85010,85020,10
12.8235797882,80.2310791016,85020,85030,10
12.8223896027,80.2307128906,85030,85040,10
12.8212604523,80.2304611206,85040,85050,10
12.820110321,80.2304611206,85050,85060,10
12.8189496994,80.2304534912,85060,85071,11
12.817779541,80.2299728394,85071,85081,10
12.816619873,80.2295379639,85081,85091,10
12.8154001236,80.2293395996,85091,85101,10
12.8141803741,80.2291412354,85101,85111,10
12.8129501343,80.2287826538,85111,85121,10
12.8117303848,80.2283401489,85121,85131,10
12.8105602264,80.227897644,85131,85141,10
12.8094396591,80.2274017334,85141,85151,10
12.8084201813,80.2266769409,85151,85161,10
12.8075704575,80.2259521484,85161,85172,11
12.8068304062,80.2253036499,85172,85182,10
12.8063097,80.2248306274,85182,85192,10
12.8057603836,80.224357605,85192,85202,10
12.8050699234,80.2240066528,85202,85212,10
12.8046197891,80.2239227295,85212,85222,10
12.804189682,80.2238922119,85222,85232,10
12.8034696579,80.2238311768,85232,85242,10
12.8025798798,80.2237319946,85242,85258,16
12.8011302948,80.2235870361,85258,85270,12
12.8006496429,80.2235488892,85270,85281,11
12.7997102737,80.2234725952,85281,85290,9
12.7987298965,80.2233810425,85290,85301,11
12.7973403931,80.2232208252,85301,85311,10
12.796210289,80.2230072021,85311,85320,9
12.7957696915,80.2229385376,85320,85331,11
12.795419693,80.222869873,85331,85343,12
12.7945203781,80.2227020264,85343,85353,10
12.7935199738,80.2225570679,85353,85363,10
12.7924203873,80.2223892212,85363,85373,10
12.7913599014,80.2221298218,85373,85384,11
12.7903003693,80.221862793,85384,85394,10
12.7898597717,80.2217712402,85394,85404,10
12.7898397446,80.2217712402,85404,85414,10
12.7896203995,80.2216720581,85414,85424,10
12.7893104553,80.221572876,85424,85434,10
12.7887001038,80.221321106,85434,85444,10
12.7879295349,80.2210235596,85444,85454,10
12.7871799469,80.2207489014,85454,85464,10
12.7864398956,80.2204818726,85464,85474,10
12.78606987,80.2204589844,85474,85491,17
12.7861099243,80.220703125,85491,85504,13
12.7861604691,80.2212905884,85504,85514,10
12.7861995697,80.2217102051,85514,85524,10
12.7862300873,80.2221603394,85524,85554,30
12.7862300873,80.2221603394,85554,85564,10
12.7862997055,80.2219619751,85564,85574,10
