13.0146903992,80.2254104614,14,3876,3862
13.0146903992,80.2254104614,3876,3886,10
13.0146503448,80.2254714966,3886,3896,10
13.0149002075,80.2255783081,3896,5879,1983
13.0147695541,80.2258224487,5879,9708,3829
13.0147695541,80.2258224487,9708,9719,11
13.0148096085,80.2258987427,9719,10224,505
13.0148096085,80.2259521484,10224,10951,727
13.014840126,80.2258300781,10951,12193,1242
13.0148696899,80.2258377075,12193,13355,1162
13.0148696899,80.2258377075,13355,13365,10
13.0148601532,80.225769043,13365,14022,657
13.0148000717,80.2258377075,14022,19579,5557
13.0148000717,80.2258377075,19579,19589,10
13.0146198273,80.2258071899,19589,19599,10
13.014380455,80.2258529663,19599,19629,30
13.0142202377,80.2259597778,19629,19650,21
13.0142202377,80.2259597778,19650,19660,10
13.0142498016,80.2261734009,19660,19680,20
13.0142498016,80.2261734009,19680,19690,10
13.0141801834,80.22631073,19690,19700,10
13.0138397217,80.2264404297,19700,19710,10
13.0133800507,80.2266235352,19710,19720,10
13.0122699738,80.2269973755,19720,19730,10
13.0122098923,80.2270278931,19730,19933,203
13.0122098923,80.2270278931,19933,19944,11
13.0120296478,80.227142334,19944,19954,10
13.0115499496,80.2273330688,19954,19964,10
13.0108299255,80.2276000977,19964,19974,10
13.0100603104,80.227897644,19974,19984,10
13.0095701218,80.2275695801,19984,19994,10
13.0099401474,80.2267532349,19994,20004,10
13.0103702545,80.2257766724,20004,20014,10
13.0107698441,80.2248382568,20014,20024,10
13.0111103058,80.2240600586,20024,20034,10
13.0113801956,80.2233963013,20034,20045,11
13.011879921,80.2234725952,20045,20055,10
13.0125398636,80.2238388062,20055,20065,10
13.0134000778,80.224281311,20065,20075,10
13.0143203735,80.2247695923,20075,20085,10
13.0151100159,80.2251968384,20085,20095,10
13.0155096054,80.2253189087,20095,20105,10
13.0159502029,80.2253265381,20105,20115,10
13.0165700912,80.2252883911,20115,20125,10
13.0173597336,80.2249984741,20125,20141,16
13.0188999176,80.2244262695,20141,20154,13
13.0200395584,80.2247695923,20154,20164,10
13.0208997726,80.2253875732,20164,20174,10
13.0217695236,80.22605896,20174,20183,9
13.0225200653,80.2266769409,20183,20194,11
13.023440361,80.2275009155,20194,20204,10
13.0242099762,80.2283096313,20204,20214,10
13.0248403549,80.2291564941,20214,20224,10
13.0256204605,80.2301864624,20224,20234,10
13.0260095596,80.2310791016,20234,20245,11
13.0263500214,80.2313308716,20245,20255,10
13.0270595551,80.2311477661,20255,20265,10
13.0278396606,80.2309875488,20265,20275,10
13.0283203125,80.2309417725,20275,20285,10
13.0284900665,80.2309265137,20285,20295,10
13.0289402008,80.2308807373,20295,20305,10
13.0294399261,80.2308120728,20305,20315,10
13.0300302505,80.2307662964,20315,20325,10
13.0307102203,80.2307128906,20325,20335,10
13.0313196182,80.230682373,20335,20345,10
13.0320701599,80.2306289673,20345,20356,11
13.032959938,80.2305374146,20356,20366,10
13.0335798264,80.2304992676,20366,20375,9
13.0339298248,80.2304763794,20375,20386,11
13.0339403152,80.2304763794,20386,20396,10
13.0340795517,80.2304611206,20396,20406,10
13.0341796875,80.2304382324,20406,20416,10
13.0344295502,80.2303771973,20416,20426,10
13.0348501205,80.2302627563,20426,20437,11
13.0350704193,80.2299804688,20437,20447,10
13.0349397659,80.2297973633,20447,20457,10
13.0348300934,80.2297973633,20457,20467,10
13.0344800949,80.2297592163,20467,20477,10
13.0342702866,80.229927063,20477,20497,20
13.0342702866,80.229927063,20497,20507,10
13.0341997147,80.2301177979,20507,20618,111
13.0341997147,80.2301177979,20618,20628,10
13.0342502594,80.2303390503,20628,20639,11
13.0340995789,80.2304382324,20639,20649,10
13.0339403152,80.230430603,20649,20659,10
13.0335197449,80.230430603,20659,20669,10
13.0329704285,80.2304916382,20669,20679,10
13.0324897766,80.2305603027,20679,20689,10
13.0318403244,80.2306213379,20689,20699,10
13.0310697556,80.230682373,20699,20709,10
13.0307102203,80.23072052,20709,20719,10
13.0304403305,80.2307510376,20719,20729,10
13.0299396515,80.2307815552,20729,20740,11
13.0293703079,80.2308578491,20740,20750,10
13.0286397934,80.2309265137,20750,20760,10
13.0280199051,80.2309799194,20760,20770,10
13.027680397,80.2310409546,20770,20780,10
13.027680397,80.2314987183,20780,20790,10
13.0277500153,80.2320632935,20790,20800,10
13.0278701782,80.2325820923,20800,20810,10
13.0276498795,80.2328414917,20810,20820,10
13.0270700455,80.2329483032,20820,20831,11
13.0268697739,80.233001709,20831,20841,10
13.026599884,80.2330169678,20841,20851,10
13.0263795853,80.2327575684,20851,20861,10
13.0261697769,80.2321472168,20861,20871,10
13.0259504318,80.2312774658,20871,20881,10
13.0255203247,80.2302398682,20881,20891,10
13.0248603821,80.2293167114,20891,20901,10
13.0242795944,80.2285995483,20901,20911,10
13.0236797333,80.2279205322,20911,20920,9
13.023150444,80.2274169922,20920,20982,62
13.023150444,80.2274169922,20982,20992,10
13.0230398178,80.2272415161,20992,21002,10
13.0227603912,80.2269821167,21002,21012,10
13.0222797394,80.2265319824,21012,21022,10
13.0216197968,80.2260513306,21022,21033,11
13.0207901001,80.2254180908,21033,21042,9
13.019949913,80.2248382568,21042,21053,11
13.0188398361,80.2245101929,21053,21063,10
13.0177602768,80.2249298096,21063,21073,10
13.0168600082,80.2253036499,21073,21083,10
13.0162696838,80.2253875732,21083,21093,10
13.0158195496,80.2256622314,21093,21103,10
13.0151500702,80.2259521484,21103,21113,10
13.0145196915,80.2261962891,21113,21123,10
13.0142602921,80.2263031006,21123,21134,11
13.0138597488,80.2264480591,21134,21144,10
13.0133304596,80.2266387939,21144,21154,10
13.0125904083,80.2269287109,21154,21164,10
13.0116500854,80.2273101807,21164,21174,10
13.0106801987,80.2276611328,21174,21184,10
13.0098695755,80.2279510498,21184,21194,10
13.0096101761,80.2274169922,21194,21204,10
13.0099401474,80.2266693115,21204,21214,10
13.0103502274,80.2257232666,21214,21224,10
13.0107698441,80.2247161865,21224,21235,11
13.0112199783,80.2236328125,21235,21245,10
13.0115499496,80.2227478027,21245,21255,10
13.011879921,80.221862793,21255,21265,10
13.0121097565,80.2209396362,21265,21275,10
13.0118198395,80.2200393677,21275,21285,10
13.0114898682,80.2190170288,21285,21295,10
13.0111703873,80.2180023193,21295,21305,10
13.0107603073,80.2170410156,21305,21315,10
13.0103597641,80.216217041,21315,21324,9
13.0100402832,80.2156219482,21324,21336,12
13.0094995499,80.2147598267,21336,21346,10
13.008939743,80.2139968872,21346,21356,10
13.0080604553,80.2132797241,21356,21386,30
13.0080604553,80.2132797241,21386,21396,10
13.0078802109,80.2131500244,21396,21406,10
13.0076398849,80.2129516602,21406,21416,10
13.0070695877,80.2127990723,21416,21427,11
13.0062599182,80.2128219604,21427,21437,10
13.0056200027,80.2128982544,21437,21447,10
13.00481987,80.2124099731,21447,21457,10
13.0038499832,80.2120819092,21457,21467,10
13.0029001236,80.2120819092,21467,21477,10
13.0020599365,80.212348938,21477,21487,10
13.0014696121,80.2127838135,21487,21497,10
13.0007896423,80.2133178711,21497,21507,10
13.0001497269,80.2139129639,21507,21517,10
12.999710083,80.214302063,21517,21528,11
12.9992303848,80.2147216797,21528,21538,10
12.9990501404,80.214881897,21538,21548,10
12.9986095428,80.2152481079,21548,21558,10
12.9980602264,80.2157669067,21558,21568,10
12.9974498749,80.2163314819,21568,21578,10
12.9972400665,80.2165374756,21578,21588,10
12.9967603683,80.2165679932,21588,21598,10
12.9960002899,80.2166595459,21598,21608,10
12.9951601028,80.2170181274,21608,21617,9
12.9944400787,80.2175216675,21617,21629,12
12.9933004379,80.2183074951,21629,21639,10
12.9923801422,80.2189865112,21639,21649,10
12.9915399551,80.2195968628,21649,21659,10
12.9908399582,80.2201309204,21659,21669,10
12.9902296066,80.2206268311,21669,21679,10
12.989569664,80.2213592529,21679,21689,10
12.9889001846,80.2221908569,21689,21699,10
12.9880895615,80.2229232788,21699,21709,10
12.9875402451,80.2230987549,21709,21720,11
12.9870700836,80.2230224609,21720,21730,10
12.9863195419,80.2229385376,21730,21740,10
12.9855604172,80.2231674194,21740,21750,10
12.9849996567,80.2231903076,21750,21760,10
12.9843597412,80.2228393555,21760,21770,10
12.9836702347,80.2224273682,21770,21780,10
12.9832296371,80.22215271,21780,21790,10
12.9832201004,80.2221374512,21790,21800,10
12.9830703735,80.2220611572,21800,21810,10
12.9826202393,80.2219161987,21810,21821,11
12.9818696976,80.221572876,21821,21831,10
12.9811496735,80.2211227417,21831,21841,10
12.9802398682,80.2210998535,21841,21851,10
12.9792098999,80.2211608887,21851,21861,10
12.9782800674,80.2211990356,21861,21871,10
12.977399826,80.2212371826,21871,21881,10
12.9765701294,80.221282959,21881,21891,10
12.9759302139,80.2212905884,21891,21901,10
12.9756498337,80.2210464478,21901,21911,10
12.9756402969,80.2210464478,21911,21922,11
12.9755001068,80.2209014893,21922,21932,10
12.9752397537,80.220703125,21932,21942,10
12.9749898911,80.2205886841,21942,21952,10
12.974439621,80.2203521729,21952,21962,10
12.9737300873,80.2200393677,21962,21972,10
12.9728097916,80.2197036743,21972,21982,10
12.9717798233,80.2193069458,21982,21992,10
12.9708995819,80.219078064,21992,22012,20
12.9708995819,80.219078064,22012,22023,11
12.9706096649,80.2189178467,22023,22033,10
12.9700603485,80.2186813354,22033,22043,10
12.9693698883,80.2183990479,22043,22053,10
12.9686803818,80.218132019,22053,22063,10
12.968000412,80.2178573608,22063,22073,10
12.9672899246,80.2175827026,22073,22083,10
12.9663696289,80.2172088623,22083,22093,10
12.9653396606,80.216796875,22093,22103,10
12.9642801285,80.2163619995,22103,22113,10
12.9634599686,80.216003418,22113,22124,11
12.962849617,80.2157516479,22124,22134,10
12.9624900818,80.2156219482,22134,22144,10
12.9618701935,80.2153930664,22144,22154,10
12.9610795975,80.2150802612,22154,22164,10
12.9600696564,80.2146682739,22164,22174,10
12.9590301514,80.2142410278,22174,22184,10
12.9579601288,80.2138137817,22184,22194,10
12.956870079,80.2133712769,22194,22204,10
12.9557800293,80.2129516602,22204,22214,10
12.9547300339,80.2125320435,22214,22225,11
12.9537401199,80.2121429443,22225,22235,10
12.9529304504,80.2118225098,22235,22251,16
12.9512796402,80.2111587524,22251,22263,12
12.9500102997,80.2106628418,22263,22273,10
12.9492301941,80.2103500366,22273,22283,10
12.9481096268,80.2099227905,22283,22293,10
12.9468803406,80.2094268799,22293,22303,10
12.945690155,80.2089691162,22303,22313,10
12.9447002411,80.2085723877,22313,22324,11
12.9442195892,80.2083969116,22324,22334,10
12.9440402985,80.2082977295,22334,22344,10
12.9435501099,80.2080993652,22344,22354,10
12.9429502487,80.2076721191,22354,22364,10
12.9424695969,80.2070770264,22364,22374,10
12.941740036,80.206451416,22374,22384,10
12.9411001205,80.2060699463,22384,22394,10
12.9410295486,80.2060394287,22394,22404,10
12.9406795502,80.2058868408,22404,22415,11
12.9399900436,80.2056732178,22415,22425,10
12.9392204285,80.2054214478,22425,22435,10
12.9383096695,80.2051391602,22435,22445,10
12.9372901917,80.2048568726,22445,22455,10
12.9361896515,80.204536438,22455,22465,10
12.935210228,80.2041397095,22465,22475,10
12.9342403412,80.2039489746,22475,22485,10
12.933719635,80.2039413452,22485,22495,10
12.9336204529,80.2039413452,22495,22505,10
12.9331998825,80.2038269043,22505,22516,11
12.9324903488,80.2035369873,22516,22526,10
12.9316902161,80.2032775879,22526,22536,10
12.9308595657,80.2030029297,22536,22546,10
12.9301395416,80.2028579712,22546,22556,10
12.9295902252,80.2027893066,22556,22566,10
12.9295597076,80.2027893066,22566,22576,10
12.929479599,80.202796936,22576,22586,10
12.9290399551,80.2027435303,22586,22596,10
12.9285202026,80.2024688721,22596,22606,10
12.9284801483,80.2016220093,22606,22617,11
12.9284296036,80.2004165649,22617,22627,10
12.9281997681,80.1993637085,22627,22637,10
12.9277095795,80.1984176636,22637,22647,10
12.9268703461,80.197769165,22647,22657,10
12.925909996,80.1975326538,22657,22667,10
12.9254398346,80.1975326538,22667,22677,10
12.9250297546,80.197517395,22677,22687,10
12.9243001938,80.197517395,22687,22697,10
12.9234199524,80.197479248,22697,22707,10
12.9223899841,80.1973419189,22707,22718,11
12.9220504761,80.1972885132,22718,22728,10
12.9216604233,80.1971588135,22728,22744,16
12.9205598831,80.1967697144,22744,22756,12
12.919549942,80.1964035034,22756,22764,8
12.9190101624,80.1960220337,22764,22776,12
12.9181804657,80.1952819824,22776,22786,10
12.9173202515,80.1944732666,22786,22796,10
12.9169998169,80.1937026978,22796,22806,10
12.9170703888,80.1927566528,22806,22817,11
12.9172697067,80.1913986206,22817,22836,19
12.9172697067,80.1913986206,22836,22847,11
12.9173498154,80.1911087036,22847,22857,10
12.9174003601,80.1905212402,22857,22867,10
12.9175300598,80.1897201538,22867,22877,10
12.9179801941,80.1887817383,22877,22887,10
12.9186296463,80.1880264282,22887,22897,10
12.919210434,80.1873779297,22897,22908,11
12.9199304581,80.1865615845,22908,22918,10
12.9205799103,80.1856994629,22918,22928,10
12.9204301834,80.1846313477,22928,22938,10
12.9201698303,80.1835632324,22938,22948,10
12.9199800491,80.1827697754,22948,22958,10
12.9199399948,80.1826629639,22958,22968,10
12.9198598862,80.182258606,22968,22978,10
12.9197301865,80.1815719604,22978,22988,10
12.9195604324,80.180770874,22988,22998,10
12.9193296432,80.1797485352,22998,23009,11
12.9186697006,80.1786804199,23009,23019,10
12.9181804657,80.1776885986,23019,23029,10
12.918299675,80.1767501831,23029,23039,10
12.9183998108,80.1762771606,23039,23049,10
12.9186000824,80.1755828857,23049,23059,10
12.9187898636,80.1747589111,23059,23069,10
12.9190702438,80.1736907959,23069,23079,10
12.9193696976,80.1725234985,23079,23089,10
12.9196796417,80.1713790894,23089,23100,11
12.9198198318,80.1708984375,23100,23110,10
12.9199199677,80.170539856,23110,23120,10
12.9201498032,80.1698379517,23120,23130,10
12.9204397202,80.1688995361,23130,23140,10
12.9208202362,80.1678009033,23140,23150,10
12.9211997986,80.1666412354,23150,23160,10
12.9215602875,80.1654586792,23160,23170,10
12.9219198227,80.164390564,23170,23180,10
12.9222202301,80.1633911133,23180,23190,10
12.9225702286,80.1623001099,23190,23201,11
12.9229402542,80.1611404419,23201,23211,10
12.9231996536,80.1602935791,23211,23221,10
12.9233903885,80.1592636108,23221,23231,10
12.9235200882,80.1580429077,23231,23241,10
12.923620224,80.1567993164,23241,23251,10
12.9236097336,80.1556167603,23251,23261,10
12.9233903885,80.1549072266,23261,23271,10
12.9233398438,80.1547164917,23271,23281,10
12.9232196808,80.1542129517,23281,23291,10
12.92304039,80.1534805298,23291,23302,11
12.9227800369,80.152557373,23302,23312,10
12.9226398468,80.1519622803,23312,23322,10
12.9226503372,80.1516036987,23322,23332,10
12.9226398468,80.1508483887,23332,23348,16
12.9225997925,80.1491622925,23348,23360,12
12.9225797653,80.1477890015,23360,23368,8
12.9225797653,80.1468582153,23368,23380,12
12.922539711,80.1454620361,23380,23390,10
12.9225196838,80.144317627,23390,23401,11
12.9224796295,80.1432571411,23401,23411,10
12.9224796295,80.1430282593,23411,23421,10
12.9224500656,80.142578125,23421,23430,9
12.9224395752,80.1419372559,23430,23440,10
12.9223899841,80.141418457,23440,23451,11
12.9224004745,80.1411972046,23451,23461,10
12.9223899841,80.1406402588,23461,23471,10
12.9224004745,80.139831543,23471,23481,10
12.9223899841,80.1389083862,23481,23491,10
12.9224596024,80.1380767822,23491,23502,11
12.9224996567,80.1369476318,23502,23512,10
12.922539711,80.1358718872,23512,23522,10
12.9225797653,80.1347503662,23522,23532,10
12.9226398468,80.1336212158,23532,23542,10
12.9226703644,80.1327133179,23542,23552,10
12.9226999283,80.1316833496,23552,23562,10
12.9227399826,80.1307678223,23562,23572,10
12.9228096008,80.1297531128,23572,23582,10
12.9229001999,80.1287765503,23582,23593,11
12.9229297638,80.1278991699,23593,23603,10
12.9229402542,80.126953125,23603,23613,10
12.9229602814,80.1259613037,23613,23623,10
12.9229898453,80.1248703003,23623,23633,10
12.9230298996,80.1237487793,23633,23643,10
12.9230804443,80.1226425171,23643,23653,10
12.923119545,80.12159729,23653,23663,10
12.9231796265,80.1208114624,23663,23683,20
12.9231796265,80.1208114624,23683,23694,11
12.9232597351,80.1203918457,23694,23704,10
12.9233198166,80.1196594238,23704,23714,10
12.9233398438,80.1188964844,23714,23724,10
12.9233903885,80.1182785034,23724,23734,10
12.9234600067,80.1176223755,23734,23744,10
12.9234895706,80.1170806885,23744,23754,10
12.9234800339,80.1169281006,23754,23764,10
12.9234895706,80.116897583,23764,23774,10
12.9235897064,80.1171188354,23774,23784,10
12.9235897064,80.1175765991,23784,23795,11
12.923620224,80.1180419922,23795,23805,10
12.9235496521,80.1186065674,23805,23815,10
12.9234895706,80.1193237305,23815,23825,10
12.9233598709,80.120010376,23825,23835,10
12.9233102798,80.1207199097,23835,23845,10
12.9232997894,80.1211013794,23845,23896,51
12.9233398438,80.1213226318,23896,24876,980
12.9233398438,80.1213226318,24876,24886,10
12.9232196808,80.1215286255,24886,24896,10
12.9232301712,80.1220321655,24896,24906,10
12.9231996536,80.1227416992,24906,24916,10
12.9231796265,80.1235809326,24916,24926,10
12.9231500626,80.1244888306,24926,24936,10
12.9230899811,80.1255493164,24936,24946,10
12.9230499268,80.126663208,24946,24956,10
12.9230098724,80.1276626587,24956,24966,10
12.9229602814,80.1283416748,24966,24977,11
12.9229097366,80.1291885376,24977,24987,10
12.9228696823,80.1299362183,24987,24997,10
12.9228401184,80.1307525635,24997,25007,10
12.9228496552,80.131111145,25007,25017,10
12.922829628,80.131477356,25017,25027,10
12.9228000641,80.1321334839,25027,25037,10
12.9227600098,80.1329498291,25037,25047,10
12.9226903915,80.1339035034,25047,25057,10
12.9226503372,80.1349182129,25057,25067,10
12.9226102829,80.135887146,25067,25078,11
12.9225702286,80.1367416382,25078,25088,10
12.9225502014,80.1374130249,25088,25098,10
12.9225196838,80.1380767822,25098,25108,10
12.9224500656,80.1388015747,25108,25118,10
12.9224300385,80.1393508911,25118,25128,10
12.9224300385,80.1400375366,25128,25138,10
12.9224395752,80.1409072876,25138,25148,10
12.9224596024,80.1419219971,25148,25158,10
12.9225101471,80.1426010132,25158,25168,10
12.9225301743,80.1430664063,25168,25179,11
12.9225502014,80.1432571411,25179,25189,10
12.9225597382,80.1434631348,25189,25199,10
12.922539711,80.1435165405,25199,25209,10
12.9225597382,80.1438827515,25209,25219,10
12.9225597382,80.1444778442,25219,25229,10
12.9225902557,80.1453475952,25229,25239,10
12.9226303101,80.1463012695,25239,25249,10
12.9226703644,80.1471405029,25249,25259,10
12.9226903915,80.1473999023,25259,25269,10
12.9226999283,80.1476516724,25269,25280,11
12.9226903915,80.1482467651,25280,25290,10
12.9226999283,80.1490478516,25290,25300,10
12.9227399826,80.1500778198,25300,25310,10
12.9227600098,80.1511917114,25310,25320,10
12.9227895737,80.1519088745,25320,25330,10
12.9228401184,80.1524429321,25330,25340,10
12.9229698181,80.152923584,25340,25350,10
12.9231700897,80.1536865234,25350,25360,10
12.9233798981,80.1544723511,25360,25370,10
12.9234304428,80.1546707153,25370,25387,17
12.9235496521,80.1551818848,25387,25399,12
12.9237203598,80.1560134888,25399,25409,10
12.9236898422,80.1567611694,25409,25419,10
12.9235801697,80.1580123901,25419,25429,10
12.9234600067,80.1592407227,25429,25439,10
12.9233798981,80.1600723267,25439,25449,10
12.9233398438,80.1603622437,25449,25459,10
12.9232397079,80.160697937,25459,25469,10
12.9230098724,80.1613311768,25469,25480,11
12.9227104187,80.1621704102,25480,25490,10
12.9224596024,80.1629486084,25490,25500,10
12.9222002029,80.1638183594,25500,25509,9
12.9218902588,80.1647415161,25509,25520,11
12.9215202332,80.1658782959,25520,25530,10
12.9211196899,80.1671600342,25530,25540,10
12.9207601547,80.1683273315,25540,25550,10
12.920419693,80.1694564819,25550,25560,10
12.9201202393,80.1704483032,25560,25571,11
12.9199199677,80.1710968018,25571,25581,10
12.9197998047,80.1713790894,25581,25591,10
12.9196395874,80.1719589233,25591,25601,10
12.9194402695,80.1727218628,25601,25611,10
12.9191904068,80.1736297607,25611,25621,10
12.9189195633,80.1747207642,25621,25631,10
12.918680191,80.1757507324,25631,25641,10
12.9184398651,80.1767120361,25641,25651,10
12.918299675,80.1776199341,25651,25661,10
12.9186697006,80.1785430908,25661,25672,11
12.9193601608,80.1795806885,25672,25682,10
12.9196195602,80.1807174683,25682,25692,10
12.9198799133,80.181930542,25692,25702,10
12.9201097488,80.1830291748,25702,25712,10
12.9202899933,80.1837005615,25712,25722,10
12.9203395844,80.183921814,25722,25732,10
12.9203996658,80.1841964722,25732,25742,10
12.9205198288,80.184753418,25742,25752,10
12.9206600189,80.1852874756,25752,25762,10
12.9206600189,80.1853103638,25762,25773,11
12.9206895828,80.1856384277,25773,25783,10
12.9205799103,80.1859588623,25783,25793,10
12.9202098846,80.1864471436,25793,25803,10
12.9196901321,80.1870193481,25803,25813,10
12.9191102982,80.1876831055,25813,25823,10
12.9184904099,80.1883773804,25823,25833,10
12.917840004,80.1891937256,25833,25843,10
12.9175395966,80.1901779175,25843,25853,10
12.9173898697,80.191192627,25853,25863,10
12.91726017,80.1921920776,25863,25874,11
12.917140007,80.1931762695,25874,25894,20
12.917140007,80.1931762695,25894,25904,10
12.9170999527,80.193321228,25904,25914,10
12.9171199799,80.1938171387,25914,25924,10
12.9173402786,80.1943969727,25924,25934,10
12.917889595,80.1949462891,25934,25944,10
12.9185400009,80.1955718994,25944,25954,10
12.9193401337,80.1962280273,25954,25964,10
12.92029953,80.1966400146,25964,25975,11
12.9213104248,80.1969909668,25975,25985,10
12.9223203659,80.1972885132,25985,25995,10
12.923210144,80.1974182129,25995,26005,10
12.9234304428,80.1974182129,26005,26015,10
12.9235897064,80.1974411011,26015,26025,10
12.9241104126,80.1974563599,26025,26035,10
12.9249095917,80.1974563599,26035,26051,16
12.9256000519,80.1974563599,26051,26063,12
12.9264202118,80.1975479126,26063,26074,11
12.9272699356,80.1979370117,26074,26083,9
12.9278802872,80.1985473633,26083,26094,11
12.9283704758,80.1996078491,26094,26103,9
12.9285202026,80.2005691528,26103,26116,13
12.9285697937,80.2017822266,26116,26126,10
12.9287996292,80.2026290894,26126,26135,9
12.9294395447,80.2027206421,26135,26147,12
12.9296398163,80.2027511597,26147,26156,9
12.9301300049,80.2028198242,26156,26168,12
12.9310102463,80.2030029297,26168,26177,9
12.9317798615,80.2032394409,26177,26188,11
12.9327497482,80.2035598755,26188,26198,10
12.9335298538,80.2038269043,26198,26208,10
12.9339103699,80.2038574219,26208,26218,10
12.9339399338,80.2038574219,26218,26228,10
12.9341001511,80.2038879395,26228,26238,10
12.9343299866,80.2039108276,26238,26248,10
12.9348201752,80.2039718628,26248,26258,10
12.9355401993,80.2042388916,26258,26269,11
12.93653965,80.2045593262,26269,26279,10
12.9376096725,80.2048568726,26279,26289,10
12.9386901855,80.2051773071,26289,26299,10
12.9396800995,80.2054824829,26299,26309,10
12.9400596619,80.2055892944,26309,26319,10
12.9400997162,80.2056121826,26319,26329,10
12.9404602051,80.2057266235,26329,26339,10
12.9410896301,80.2059707642,26339,26349,10
12.9418201447,80.206413269,26349,26359,10
12.9426002502,80.2070617676,26359,26370,11
12.9432601929,80.2078933716,26370,26380,10
12.944029808,80.2082290649,26380,26390,10
12.9443798065,80.2083435059,26390,26400,10
12.9445800781,80.2084274292,26400,26410,10
12.945110321,80.2086181641,26410,26420,10
12.9458398819,80.2089004517,26420,26430,10
12.9466295242,80.2091903687,26430,26440,10
12.9473600388,80.2094802856,26440,26450,10
12.9479703903,80.2097167969,26450,26461,11
12.9487199783,80.2100067139,26461,26471,10
12.9496202469,80.2103729248,26471,26481,10
12.9507398605,80.2108306885,26481,26491,10
12.951880455,80.2113113403,26491,26501,10
12.9529695511,80.2117004395,26501,26511,10
12.9539299011,80.212097168,26511,26521,10
12.9549999237,80.2125320435,26521,26531,10
12.9560499191,80.2129364014,26531,26541,10
12.9570503235,80.2133102417,26541,26557,16
12.9587202072,80.2139968872,26557,26570,13
12.9597396851,80.2144012451,26570,26580,10
12.9604196548,80.2146835327,26580,26588,8
12.9612102509,80.2149963379,26588,26600,12
12.9621801376,80.2153778076,26600,26610,10
12.9630098343,80.215713501,26610,26619,9
12.9635295868,80.2159194946,26619,26630,11
12.964099884,80.216178894,26630,26640,10
12.9647197723,80.2164306641,26640,26650,10
12.9654197693,80.2167129517,26650,26660,10
12.9660902023,80.2169799805,26660,26671,11
12.9668302536,80.2172698975,26671,26681,10
12.9675102234,80.2175369263,26681,26691,10
12.9681301117,80.2177810669,26691,26701,10
12.9689998627,80.2181167603,26701,26711,10
12.9700403214,80.2185287476,26711,26721,10
12.9711904526,80.2189407349,26721,26741,20
12.9711904526,80.2189407349,26741,26751,10
12.971449852,80.2190628052,26751,26762,11
12.9720201492,80.219291687,26762,26772,10
12.9727401733,80.2195587158,26772,26782,10
12.9736204147,80.2199172974,26782,26792,10
12.9744997025,80.2203063965,26792,26802,10
12.9751996994,80.2206268311,26802,26812,10
12.9756097794,80.2208099365,26812,26822,10
12.976149559,80.2212371826,26822,26852,30
12.976149559,80.2212371826,26852,26863,11
12.9763097763,80.2212295532,26863,26873,10
12.976770401,80.2212295532,26873,26883,10
12.9774999619,80.2212219238,26883,26893,10
12.9782896042,80.2211990356,26893,26903,10
12.9792404175,80.2211227417,26903,26913,10
12.9799404144,80.2210922241,26913,26923,10
12.9807796478,80.2210235596,26923,26933,10
12.9815101624,80.2212219238,26933,26943,10
12.9821195602,80.2216796875,26943,26953,10
12.9829998016,80.2220077515,26953,26974,21
12.9829998016,80.2220077515,26974,26984,10
12.9832801819,80.22215271,26984,26995,11
12.9837703705,80.2224884033,26995,27005,10
12.9843902588,80.2228393555,27005,27015,10
12.9850702286,80.2232131958,27015,27026,11
12.9854001999,80.2232894897,27026,27036,10
12.985619545,80.2230987549,27036,27046,10
12.9861698151,80.2229614258,27046,27057,11
12.9869203568,80.2230224609,27057,27067,10
12.9875297546,80.2230834961,27067,27076,9
12.9881000519,80.222869873,27076,27087,11
12.9886598587,80.2224197388,27087,27097,10
12.9891796112,80.2217483521,27097,27107,10
12.989859581,80.2209014893,27107,27117,10
12.9904203415,80.2203979492,27117,27127,10
12.9904603958,80.2203826904,27127,27137,10
12.9907503128,80.2201690674,27137,27147,10
12.9912500381,80.2198028564,27147,27158,11
12.9919595718,80.2192764282,27158,27168,10
12.9926996231,80.2187423706,27168,27178,10
12.9935703278,80.2181015015,27178,27188,10
12.994310379,80.2175598145,27188,27198,10
12.9950199127,80.2170410156,27198,27208,10
12.995759964,80.2166671753,27208,27218,10
12.9963798523,80.2165527344,27218,27228,10
12.9969902039,80.2164764404,27228,27238,10
12.9973297119,80.2163391113,27238,27248,10
12.9975795746,80.2161102295,27248,27259,11
12.9975996017,80.2160797119,27259,27269,10
12.9979200363,80.2157974243,27269,27279,10
12.9984102249,80.2154006958,27279,27289,10
12.9988002777,80.215057373,27289,27299,10
12.9988498688,80.2149887085,27299,27309,10
12.9991502762,80.2147293091,27309,27319,10
12.999420166,80.2144775391,27319,27329,10
12.9998197556,80.2141418457,27329,27339,10
13.0003204346,80.2137069702,27339,27349,10
13.0008802414,80.2132568359,27349,27360,11
13.0015096664,80.2127838135,27360,27370,10
13.0019302368,80.2124786377,27370,27380,10
13.0024404526,80.2121887207,27380,27390,10
13.0029802322,80.2121124268,27390,27400,10
13.0035295486,80.2120666504,27400,27410,10
13.0041599274,80.2120819092,27410,27420,10
13.0046901703,80.2124023438,27420,27430,10
13.0053300858,80.2127685547,27430,27440,10
13.006070137,80.2128677368,27440,27451,11
13.0068397522,80.2127532959,27451,27461,10
13.0075397491,80.2128219604,27461,27471,10
13.0079298019,80.2130966187,27471,27481,10
13.0079402924,80.2130966187,27481,27491,10
13.0081100464,80.2132034302,27491,27501,10
13.0085897446,80.2134170532,27501,27511,10
13.009059906,80.2140579224,27511,27521,10
13.0095901489,80.2148284912,27521,27531,10
13.0100097656,80.2153625488,27531,27541,10
13.010430336,80.2160415649,27541,27552,11
13.0108003616,80.2168197632,27552,27562,10
13.0111598969,80.2175979614,27562,27572,10
13.0115604401,80.218536377,27572,27581,9
13.0119104385,80.2195281982,27581,27592,11
13.0122699738,80.2206573486,27592,27602,10
13.0125598907,80.2214584351,27602,27611,9
13.0129804611,80.222038269,27611,27621,10
13.0135297775,80.22265625,27621,27632,11
13.0140800476,80.2233734131,27632,27642,10
13.0143899918,80.2238006592,27642,27653,11
13.014840126,80.2243423462,27653,27663,10
13.0153102875,80.224861145,27663,27673,10
13.01541996,80.224899292,27673,27683,10
13.0156202316,80.2249984741,27683,27693,10
13.0161104202,80.2253036499,27693,27703,10
13.0169200897,80.225151062,27703,27713,10
13.0177898407,80.2248001099,27713,27723,10
13.0187196732,80.2244415283,27723,27733,10
13.0194301605,80.2244033813,27733,27743,10
13.0196800232,80.2245025635,27743,27754,11
13.0201396942,80.2248306274,27754,27764,10
13.0206604004,80.2251815796,27764,27774,10
13.0212001801,80.2255706787,27774,27784,10
13.021730423,80.2259292603,27784,27794,10
13.0219097137,80.2260818481,27794,27804,10
13.0219802856,80.2261276245,27804,27814,10
13.022359848,80.2264633179,27814,27824,10
13.0229301453,80.2269668579,27824,27834,10
13.0234603882,80.2274780273,27834,27845,11
13.0240001678,80.2279891968,27845,27855,10
13.0243396759,80.2283630371,27855,27875,20
13.0243396759,80.2283630371,27875,27885,10
13.0244398117,80.2285079956,27885,27895,10
13.0247297287,80.2289505005,27895,27905,10
13.0251398087,80.2294769287,27905,27915,10
13.0256004333,80.2301025391,27915,27925,10
13.0259504318,80.2307891846,27925,27935,10
13.0260601044,80.231300354,27935,27946,11
13.0262804031,80.2313308716,27946,27956,10
13.0268697739,80.2311706543,27956,27966,10
13.0276603699,80.231010437,27966,27976,10
13.0284004211,80.2309265137,27976,27986,10
13.028960228,80.2309036255,27986,27996,10
13.0294399261,80.2308578491,27996,28006,10
13.0299396515,80.2307891846,28006,28016,10
13.0304403305,80.2307434082,28016,28026,10
13.0306396484,80.2307281494,28026,28036,10
13.0306901932,80.23072052,28036,28047,11
13.0311098099,80.230682373,28047,28057,10
13.0318002701,80.2306594849,28057,28067,10
13.0323495865,80.2305984497,28067,28076,9
13.0329704285,80.2305526733,28076,28087,11
13.0336799622,80.2304992676,28087,28097,10
13.0341100693,80.2304763794,28097,28107,10
13.0346498489,80.2303466797,28107,28127,20
13.0346498489,80.2303466797,28127,28138,11
13.0348501205,80.2302703857,28138,28148,10
13.0348596573,80.2302627563,28148,28158,10
13.0348701477,80.2299423218,28158,28178,20
13.034620285,80.2299423218,28178,28542,364
13.0343399048,80.2298736572,28542,28653,111
13.0344495773,80.2298812866,28653,29218,565
13.034330368,80.2299423218,29218,29895,677
13.034330368,80.2299423218,29895,29905,10
13.0342102051,80.230140686,29905,29915,10
13.0341796875,80.2303466797,29915,29926,11
13.0341396332,80.230430603,29926,29936,10
13.0339403152,80.2304382324,29936,29946,10
13.0337200165,80.2304000854,29946,29956,10
13.0333204269,80.2304534912,29956,29966,10
13.0327997208,80.2304992676,29966,29976,10
13.03221035,80.2305908203,29976,29986,10
13.0317201614,80.2306289673,29986,29996,10
13.0311403275,80.230682373,29996,30006,10
13.0306301117,80.2307434082,30006,30016,10
13.0302600861,80.2307662964,30016,30027,11
13.0301303864,80.2307815552,30027,30037,10
13.0298595428,80.230796814,30037,30047,10
13.0296096802,80.2308578491,30047,30057,10
13.0292596817,80.2309036255,30057,30067,10
13.0286998749,80.2309494019,30067,30077,10
13.0280199051,80.231010437,30077,30087,10
13.027680397,80.2310714722,30087,30097,10
13.0276603699,80.2314605713,30097,30107,10
13.0277204514,80.2319869995,30107,30118,11
13.0278396606,80.2325820923,30118,30128,10
13.0276403427,80.2328567505,30128,30138,10
13.0269603729,80.2329406738,30138,30148,10
13.0266799927,80.233001709,30148,30158,10
13.0263500214,80.2326812744,30158,30168,10
13.0261497498,80.2320404053,30168,30177,9
13.02602005,80.2316436768,30177,30188,11
13.0259895325,80.2314376831,30188,30198,10
13.0258598328,80.2310409546,30198,30208,10
13.025560379,80.2303390503,30208,30219,11
13.024939537,80.2294616699,30219,30229,10
13.0243701935,80.2287216187,30229,30239,10
13.0238199234,80.2280578613,30239,30249,10
13.0230398178,80.2274398804,30249,30269,20
13.0230398178,80.2274398804,30269,30279,10
13.0227804184,80.2271881104,30279,30289,10
13.022600174,80.2268600464,30289,30299,10
13.0222797394,80.2265777588,30299,30309,10
13.0218095779,80.2261810303,30309,30319,10
13.0213403702,80.2258071899,30319,30330,11
13.0206203461,80.2253112793,30330,30340,10
13.0199699402,80.224899292,30340,30360,20
13.0199699402,80.224899292,30360,30370,10
13.0198402405,80.2248001099,30370,30380,10
13.0193395615,80.224571228,30380,30390,10
13.0185604095,80.2246627808,30390,30400,10
13.0176801682,80.2250137329,30400,30410,10
13.0168199539,80.2253570557,30410,30420,10
13.0162401199,80.2255783081,30420,30431,11
13.0155096054,80.2258300781,30431,30441,10
13.0149002075,80.2260894775,30441,30451,10
13.014550209,80.2262191772,30451,30481,30
13.014550209,80.2262191772,30481,30491,10
13.0143003464,80.2262878418,30491,30501,10
13.0139198303,80.2264328003,30501,30511,10
13.0133199692,80.2266464233,30511,30521,10
13.0116195679,80.2273101807,30521,30532,11
13.0116195679,80.2273101807,30532,30542,10
13.0106801987,80.2276687622,30542,30552,10
13.0098104477,80.2279586792,30552,30562,10
13.0095596313,80.2275238037,30562,30572,10
13.0098304749,80.2269363403,30572,30582,10
13.0101699829,80.2261734009,30582,30592,10
13.0104799271,80.2254104614,30592,30603,11
13.0105495453,80.225227356,30603,30613,10
13.0106401443,80.2250366211,30613,30624,11
13.0108003616,80.2246627808,30624,30634,10
13.0110797882,80.2239837646,30634,30644,10
13.0114297867,80.2231369019,30644,30654,10
13.0117301941,80.2223129272,30654,30664,10
13.0120000839,80.2214813232,30664,30674,10
13.0121297836,80.2209777832,30674,30684,10
13.0119104385,80.2203216553,30684,30694,10
13.0116701126,80.219543457,30694,30704,10
13.0114097595,80.2186813354,30704,30714,10
13.011059761,80.2177581787,30714,30725,11
13.01060009,80.2166595459,30725,30735,10
13.0101995468,80.216003418,30735,30745,10
13.0098695755,80.2152786255,30745,30755,10
13.009469986,80.2147369385,30755,30765,10
13.0088195801,80.2138595581,30765,30785,20
13.0088195801,80.2138595581,30785,30795,10
13.0086202621,80.2136383057,30795,30826,31
13.0086202621,80.2136383057,30826,30836,10
13.0083398819,80.2134475708,30836,30866,30
13.0083398819,80.2134475708,30866,30876,10
13.0082902908,80.2134017944,30876,30886,10
13.0081300735,80.2133407593,30886,30896,10
13.007900238,80.213180542,30896,30906,10
13.0078897476,80.2131576538,30906,30917,11
13.0076999664,80.2129898071,30917,30927,10
13.0073099136,80.2128372192,30927,30937,10
13.0070400238,80.2127838135,30937,30947,10
13.0066204071,80.2127838135,30947,30957,10
13.0060596466,80.2129898071,30957,30967,10
13.0053596497,80.2127609253,30967,30977,10
13.0046901703,80.212348938,30977,30987,10
13.0038499832,80.2121124268,30987,30997,10
13.0031099319,80.2121124268,30997,31007,10
13.0027303696,80.2121200562,31007,31017,10
13.0023002625,80.2122497559,31017,31028,11
13.0017204285,80.2126235962,31028,31038,10
13.0011501312,80.2130889893,31038,31048,10
13.0005397797,80.2135772705,31048,31057,9
12.9999904633,80.2140808105,31057,31068,11
12.9996204376,80.2144012451,31068,31078,10
12.999130249,80.2148208618,31078,31088,10
12.9988698959,80.2150497437,31088,31098,10
12.9984197617,80.2154464722,31098,31107,9
12.9978599548,80.2159423828,31107,31119,12
12.9974002838,80.2163314819,31119,31129,10
12.997300148,80.2164611816,31129,31149,20
12.997300148,80.2164611816,31149,31159,10
12.997010231,80.2165603638,31159,31169,10
12.9964599609,80.2166290283,31169,31179,10
12.9957304001,80.216796875,31179,31189,10
12.995059967,80.2171096802,31189,31199,10
12.9943599701,80.2175979614,31199,31210,11
12.9936800003,80.2180709839,31210,31220,10
12.9929800034,80.2185592651,31220,31230,10
12.9922103882,80.2191390991,31230,31240,10
12.9914598465,80.2196426392,31240,31250,10
12.9909200668,80.2200775146,31250,31260,10
12.9907503128,80.2202377319,31260,31270,10
12.9906797409,80.2202911377,31270,31280,10
12.9903802872,80.2204971313,31280,31290,10
12.9898996353,80.220993042,31290,31300,10
12.9894199371,80.2215118408,31300,31310,10
12.9889802933,80.2220611572,31310,31327,17
12.9876003265,80.2230987549,31327,31349,22
12.9876003265,80.2230987549,31349,31358,9
12.9874095917,80.2231216431,31358,31369,11
12.9870004654,80.2230606079,31369,31379,10
12.9865198135,80.2229919434,31379,31389,10
12.9857196808,80.2230606079,31389,31399,10
12.9851102829,80.2232589722,31399,31420,21
12.9851102829,80.2232589722,31420,31430,10
12.9847297668,80.2231063843,31430,31440,10
12.9843797684,80.2228927612,31440,31450,10
12.9843597412,80.2228775024,31450,31460,10
12.9841604233,80.2227401733,31460,31470,10
12.9837598801,80.2225418091,31470,31480,10
12.9833402634,80.2222671509,31480,31490,10
12.9832000732,80.2221603394,31490,31500,10
12.9831800461,80.2221298218,31500,31510,10
12.9829101563,80.2219772339,31510,31520,10
12.9825897217,80.2218704224,31520,31531,11
12.9820804596,80.2216796875,31531,31540,9
12.9816102982,80.2213363647,31540,31551,11
12.9808397293,80.2210388184,31551,31561,10
12.9800596237,80.2211303711,31561,31571,10
12.9792499542,80.2211685181,31571,31581,10
12.9784097672,80.2211914063,31581,31591,10
12.9776697159,80.2212524414,31591,31601,10
12.9769201279,80.2212600708,31601,31611,10
12.9760599136,80.221321106,31611,31662,51
12.9757699966,80.2211914063,31662,31682,20
12.9757699966,80.2211914063,31682,31692,10
12.9756202698,80.2210617065,31692,31702,10
12.9754800797,80.2209396362,31702,31719,17
12.9747896194,80.2205581665,31719,31731,12
12.9740800858,80.2202529907,31731,31741,10
12.9737796783,80.220123291,31741,31751,10
12.9729995728,80.2198104858,31751,31760,9
12.9723300934,80.2195587158,31760,31771,11
12.9714803696,80.2192687988,31771,31781,10
12.9711198807,80.2191925049,31781,31791,10
12.9711103439,80.2191772461,31791,31801,10
12.9708204269,80.219039917,31801,31811,10
12.9702997208,80.2187805176,31811,31822,11
12.9695701599,80.2184906006,31822,31832,10
12.9688997269,80.2182235718,31832,31842,10
12.9682798386,80.217956543,31842,31852,10
12.9676904678,80.2177276611,31852,31862,10
12.9669704437,80.2174377441,31862,31871,9
12.9662599564,80.2171707153,31871,31882,11
12.9652996063,80.216796875,31882,31892,10
12.9644498825,80.2164611816,31892,31902,10
12.9638595581,80.2162017822,31902,31913,11
12.9636898041,80.2161178589,31913,31923,10
12.9633703232,80.2159576416,31923,31933,10
12.9628696442,80.2157592773,31933,31943,10
12.9621696472,80.2154769897,31943,31953,10
12.961400032,80.2151794434,31953,31962,9
12.9606199265,80.2148590088,31962,31973,11
12.9596204758,80.2144927979,31973,31982,9
12.9588298798,80.2141494751,31982,31992,10
12.9579000473,80.2137832642,31992,32003,11
12.9570198059,80.2134094238,32003,32014,11
12.9559898376,80.2130203247,32014,32024,10
12.9550199509,80.212638855,32024,32034,10
12.9541301727,80.2122879028,32034,32044,10
12.9531202316,80.2118911743,32044,32054,10
12.9520597458,80.2114562988,32054,32064,10
12.9510097504,80.2110519409,32064,32074,10
12.9499797821,80.210647583,32074,32084,10
12.9490604401,80.2102890015,32084,32094,10
12.9481697083,80.2099380493,32094,32104,10
12.9471302032,80.2095184326,32104,32114,10
12.9459495544,80.2090606689,32114,32125,11
12.9442796707,80.2084121704,32125,32145,20
12.9442796707,80.2084121704,32145,32155,10
12.9441900253,80.2083587646,32155,32165,10
12.9439401627,80.2082595825,32165,32175,10
12.943479538,80.2080688477,32175,32185,10
12.9429302216,80.2076263428,32185,32195,10
12.9425201416,80.2070999146,32195,32205,10
12.9419403076,80.2065963745,32205,32215,10
12.9410495758,80.2060317993,32215,32236,21
12.9410495758,80.2060317993,32236,32246,10
12.940990448,80.2060012817,32246,32256,10
12.9406499863,80.2058563232,32256,32266,10
12.9401302338,80.2056808472,32266,32276,10
12.9394302368,80.2054824829,32276,32286,10
12.9387102127,80.2052612305,32286,32296,10
12.9380702972,80.205078125,32296,32306,10
12.9373502731,80.2048721313,32306,32317,11
12.9364995956,80.2046279907,32317,32327,10
12.9358100891,80.2044525146,32327,32337,10
12.9354095459,80.2042694092,32337,32347,10
12.934800148,80.2040328979,32347,32357,10
12.9336795807,80.2039413452,32357,32387,30
12.9336795807,80.2039413452,32387,32397,10
12.9334096909,80.2038803101,32397,32407,10
12.9329395294,80.2036972046,32407,32418,11
12.932220459,80.203453064,32418,32428,10
12.9314899445,80.2032012939,32428,32438,10
12.9307804108,80.2029724121,32438,32448,10
12.9300203323,80.2028427124,32448,32458,10
12.9295597076,80.202796936,32458,32468,10
12.9295301437,80.202796936,32468,32478,10
12.9294099808,80.2027816772,32478,32488,10
12.9289999008,80.2027206421,32488,32498,10
12.928560257,80.2025299072,32498,32508,10
12.9284801483,80.2019500732,32508,32518,10
12.9284601212,80.2011413574,32518,32529,11
12.9284095764,80.2001571655,32529,32539,10
12.9281597137,80.1993408203,32539,32549,10
12.9278001785,80.1985931396,32549,32559,10
12.9272403717,80.1979980469,32559,32569,10
12.9264001846,80.1976165771,32569,32579,10
12.9256296158,80.1975402832,32579,32589,10
12.9253396988,80.1975326538,32589,32599,10
12.9248695374,80.197517395,32599,32609,10
12.9241600037,80.197517395,32609,32620,11
12.9233198166,80.1974563599,32620,32630,10
12.9225301743,80.1973571777,32630,32640,10
12.9220504761,80.197303772,32640,32650,10
12.9220104218,80.1972808838,32650,32660,10
12.9216403961,80.1971588135,32660,32670,10
12.9210996628,80.1969680786,32670,32680,10
12.920419693,80.1967163086,32680,32690,10
12.919719696,80.196472168,32690,32700,10
12.9191398621,80.1961364746,32700,32711,11
12.9186401367,80.1957092285,32711,32720,9
12.9182395935,80.1953582764,32720,32731,11
12.9177103043,80.1948928833,32731,32741,10
12.9173202515,80.194519043,32741,32751,10
12.9171600342,80.1942596436,32751,32761,10
12.9170103073,80.1938171387,32761,32771,10
12.9170103073,80.193359375,32771,32781,10
12.9170598984,80.1929321289,32781,32791,10
12.9171104431,80.1926727295,32791,32801,10
12.9171695709,80.1921463013,32801,32811,10
12.91726017,80.1914291382,32811,32842,31
12.91726017,80.1914291382,32842,32852,10
12.9173402786,80.1910934448,32852,32862,10
12.9173698425,80.190536499,32862,32872,10
12.9174995422,80.1897964478,32872,32882,10
12.9177999496,80.1890182495,32882,32892,10
12.918419838,80.1882629395,32892,32902,10
12.9190502167,80.1875686646,32902,32912,10
12.9197502136,80.1867675781,32912,32923,11
12.9205303192,80.1858291626,32923,32933,10
12.9205198288,80.184967041,32933,32943,10
12.9203300476,80.1843490601,32943,32953,10
12.9202203751,80.1837921143,32953,32963,10
12.9200296402,80.1830215454,32963,33003,40
12.9200296402,80.1830215454,33003,33014,11
12.9199800491,80.1827926636,33014,33024,10
12.9199399948,80.1826019287,33024,33034,10
12.9199199677,80.182510376,33034,33044,10
12.9198598862,80.182258606,33044,33054,10
12.9197397232,80.1817626953,33054,33063,9
12.9196300507,80.1811294556,33063,33074,11
12.9194498062,80.1802978516,33074,33084,10
12.9191999435,80.1794509888,33084,33094,10
12.9186401367,80.1786422729,33094,33104,10
12.9181804657,80.1777420044,33104,33115,11
12.9183101654,80.1767272949,33115,33125,10
12.9183597565,80.1765823364,33125,33135,10
12.918419838,80.1765136719,33135,33145,10
12.9184503555,80.1761932373,33145,33154,9
12.9185800552,80.1757202148,33154,33165,11
12.9187498093,80.1750030518,33165,33175,10
12.9189500809,80.1741333008,33175,33185,10
12.9191999435,80.1731719971,33185,33195,10
12.9194602966,80.1722335815,33195,33205,10
12.9196195602,80.1715774536,33205,33216,11
12.9196796417,80.1713409424,33216,33226,10
12.9197797775,80.1710586548,33226,33266,40
12.9197797775,80.1710586548,33266,33276,10
12.9199399948,80.1706924438,33276,33286,10
12.9201402664,80.1700515747,33286,33296,10
12.9203796387,80.1692123413,33296,33306,10
12.9206495285,80.1683502197,33306,33316,10
12.9208602905,80.1677093506,33316,33327,11
12.9211196899,80.1668701172,33327,33337,10
12.9214200974,80.1660003662,33337,33347,10
12.9217500687,80.1649475098,33347,33357,10
12.9220504761,80.1639633179,33357,33367,10
12.9223203659,80.1630783081,33367,33377,10
12.9226303101,80.1621627808,33377,33387,10
12.9229297638,80.1611862183,33387,33397,10
12.9230804443,80.16065979,33397,33407,10
12.9230899811,80.1606292725,33407,33417,10
12.9232196808,80.1603012085,33417,33434,17
12.9234199524,80.1590499878,33434,33446,12
12.9235296249,80.1577377319,33446,33454,8
12.9236097336,80.1568832397,33454,33464,10
12.9236602783,80.1560821533,33464,33476,12
12.9234399796,80.1551513672,33476,33486,10
12.9233598709,80.154838562,33486,33496,10
12.9233598709,80.1546630859,33496,33506,10
12.9232501984,80.1541900635,33506,33517,11
12.9230604172,80.1534194946,33517,33527,10
12.9228401184,80.1526565552,33527,33537,10
12.922750473,80.1522979736,33537,33557,20
12.922750473,80.1522979736,33557,33567,10
12.9227399826,80.1521224976,33567,33577,10
12.9226999283,80.1517868042,33577,33587,10
12.922659874,80.1511993408,33587,33597,10
12.9226303101,80.1504516602,33597,33607,10
12.9225997925,80.1496124268,33607,33618,11
12.9225597382,80.1487121582,33618,33628,10
12.9225702286,80.1479492188,33628,33638,10
12.9225502014,80.1473999023,33638,33648,10
12.9225301743,80.1469192505,33648,33658,10
12.9225502014,80.1468276978,33658,33668,10
12.922539711,80.1463775635,33668,33678,10
12.922539711,80.1456985474,33678,33688,10
12.9224996567,80.1449203491,33688,33698,10
12.9224700928,80.1440429688,33698,33708,10
12.9224395752,80.1431427002,33708,33719,11
12.9224300385,80.142326355,33719,33729,10
12.9223899841,80.1418609619,33729,33739,10
12.9224004745,80.1417694092,33739,33749,10
12.9224395752,80.1417236328,33749,33759,10
12.922419548,80.1413116455,33759,33769,10
12.9224004745,80.1406326294,33769,33779,10
12.922419548,80.1401519775,33779,33789,10
12.9224004745,80.1394500732,33789,33799,10
12.9224100113,80.1386413574,33799,33809,10
12.9224796295,80.1376113892,33809,33820,11
12.9225301743,80.1365890503,33820,33830,10
12.9225702286,80.1356506348,33830,33840,10
12.9225797653,80.1346511841,33840,33850,10
12.9226303101,80.1336135864,33850,33860,10
12.9226703644,80.1328811646,33860,33870,10
12.9226903915,80.1321182251,33870,33886,16
12.9226799011,80.1315917969,33886,33898,12
12.9227199554,80.1313781738,33898,33906,8
12.922750473,80.1310272217,33906,33919,13
12.9227800369,80.1301422119,33919,33929,10
12.9228096008,80.1294326782,33929,33939,10
12.9228801727,80.1287307739,33939,33949,10
12.9228801727,80.1279907227,33949,33959,10
12.9229402542,80.1271362305,33959,33969,10
12.9229402542,80.126121521,33969,33979,10
12.9229898453,80.1251373291,33979,33988,9
12.92304039,80.1239776611,33988,33998,10
12.9230804443,80.122833252,33998,34009,11
12.9231300354,80.1216812134,34009,34020,11
12.9231901169,80.1207580566,34020,34040,20
12.9232301712,80.1206283569,34040,34080,40
12.9232301712,80.1206283569,34080,34090,10
12.9232702255,80.1203689575,34090,34100,10
12.9232997894,80.1198730469,34100,34110,10
12.9232997894,80.1191635132,34110,34121,11
12.9233398438,80.118309021,34121,34131,10
12.9234304428,80.1176223755,34131,34141,10
12.9234800339,80.1170883179,34141,34151,10
12.9235496521,80.1168212891,34151,34161,10
12.9235601425,80.1168212891,34161,34171,10
12.9236402512,80.1169433594,34171,34181,10
12.9235696793,80.117401123,34181,34191,10
12.923620224,80.1180114746,34191,34201,10
12.9235296249,80.1187973022,34201,34211,10
12.9234399796,80.1196670532,34211,34222,11
12.9233903885,80.1201629639,34222,34232,10
12.9233798981,80.1201629639,34232,34242,10
12.9233798981,80.1202774048,34242,34252,10
12.9233398438,80.1209182739,34252,34323,71
12.9234104156,80.1212768555,34323,35030,707
12.9234104156,80.1212768555,35030,35040,10
12.9233398438,80.1214523315,35040,35050,10
12.9232997894,80.1218338013,35050,35060,10
12.9232501984,80.1223831177,35060,35070,10
12.9232196808,80.1231384277,35070,35080,10
12.9231996536,80.1239700317,35080,35090,10
12.9231500626,80.1248092651,35090,35100,10
12.9231500626,80.125289917,35100,35111,11
12.9231300354,80.125617981,35111,35121,10
12.9230804443,80.1259613037,35121,35131,10
12.9230604172,80.1266403198,35131,35141,10
12.92304039,80.1273193359,35141,35151,10
12.92304039,80.1278915405,35151,35161,10
12.9230203629,80.1284103394,35161,35171,10
12.922949791,80.1290817261,35171,35181,10
12.9229001999,80.1297607422,35181,35191,10
12.9228601456,80.1304931641,35191,35201,10
12.9228601456,80.1311416626,35201,35212,11
12.9228601456,80.131187439,35212,35222,10
12.922829628,80.1314086914,35222,35232,10
12.9228000641,80.1319274902,35232,35242,10
12.9227600098,80.1326980591,35242,35252,10
12.9227104187,80.1336593628,35252,35262,10
12.9226799011,80.1346435547,35262,35272,10
12.9226303101,80.1355361938,35272,35282,10
12.9225997925,80.1363983154,35282,35292,10
12.9225597382,80.1371688843,35292,35302,10
12.9225196838,80.1380233765,35302,35313,11
12.9224500656,80.1389083862,35313,35323,10
12.9224300385,80.1398925781,35323,35333,10
12.9224500656,80.1407775879,35333,35343,10
12.9224796295,80.1417388916,35343,35353,10
12.922539711,80.142578125,35353,35393,40
12.922539711,80.142578125,35393,35403,10
12.9225597382,80.142829895,35403,35414,11
12.9225997925,80.1435775757,35414,35434,20
12.9225997925,80.1435775757,35434,35444,10
12.9225797653,80.143699646,35444,35454,10
12.9225797653,80.1440963745,35454,35464,10
12.9225997925,80.144821167,35464,35474,10
12.9226398468,80.1457290649,35474,35484,10
12.922659874,80.1467208862,35484,35494,10
12.9226999283,80.1472625732,35494,35504,10
12.9226999283,80.1473007202,35504,35515,11
12.9226999283,80.1477127075,35515,35525,10
12.9226799011,80.1483001709,35525,35535,10
12.9226999283,80.1491012573,35535,35545,10
12.9227199554,80.1500396729,35545,35555,10
12.922750473,80.1510391235,35555,35565,10
12.9227800369,80.1517028809,35565,35575,10
12.922829628,80.1522674561,35575,35585,10
12.9230003357,80.1529693604,35585,35595,10
12.9232196808,80.1538391113,35595,35605,10
12.9234199524,80.1545410156,35605,35616,11
12.92345047,80.1546401978,35616,35626,10
12.9235095978,80.1548995972,35626,35636,10
12.9236001968,80.1553421021,35636,35646,10
12.9237499237,80.1560211182,35646,35656,10
12.9237003326,80.1568527222,35656,35666,10
12.9236001968,80.1578369141,35666,35676,10
12.9235095978,80.1589584351,35676,35686,10
12.9233503342,80.1604003906,35686,35706,20
12.9233503342,80.1604003906,35706,35717,11
12.9232397079,80.1606521606,35717,35727,10
12.9230604172,80.1612167358,35727,35737,10
12.9228096008,80.1619491577,35737,35747,10
12.9225301743,80.1627731323,35747,35756,9
12.9222698212,80.16355896,35756,35767,11
12.9219198227,80.1646270752,35767,35777,10
12.9215803146,80.1657180786,35777,35787,10
12.9211997986,80.166809082,35787,35797,10
12.920920372,80.1678390503,35797,35807,10
12.9206104279,80.1687774658,35807,35818,11
12.9202604294,80.169921875,35818,35828,10
12.9198999405,80.1710586548,35828,35858,30
12.9198999405,80.1710586548,35858,35868,10
12.9198303223,80.1712875366,35868,35878,10
12.9197301865,80.1715927124,35878,35888,10
12.9195995331,80.1720733643,35888,35898,10
12.9194202423,80.1727218628,35898,35908,10
12.9192199707,80.1734619141,35908,35919,11
12.9190196991,80.1742782593,35919,35928,9
12.9188499451,80.1749725342,35928,35939,11
12.9186000824,80.1759033203,35939,35949,10
12.9184398651,80.1766967773,35949,35969,20
12.9184398651,80.1766967773,35969,35979,10
12.9183502197,80.1772918701,35979,35989,10
12.9183797836,80.1780166626,35989,35999,10
12.9188404083,80.1787109375,35999,36009,10
12.9193601608,80.1795578003,36009,36020,11
12.9196195602,80.180770874,36020,36030,10
12.9198703766,80.1818466187,36030,36040,10
12.9200801849,80.1828308105,36040,36050,10
12.9202299118,80.18334198,36050,36060,10
12.9203500748,80.1839294434,36060,36131,71
12.9203500748,80.1839294434,36131,36141,10
12.9203395844,80.1841506958,36141,36151,10
12.9204397202,80.1845932007,36151,36161,10
12.9206600189,80.1853103638,36161,36191,30
12.9206600189,80.1853103638,36191,36201,10
12.9206495285,80.1856994629,36201,36211,10
12.920419693,80.1861419678,36211,36222,11
12.9199104309,80.1867218018,36222,36232,10
12.9194002151,80.1872787476,36232,36242,10
12.9188804626,80.1878814697,36242,36252,10
12.9183197021,80.1884765625,36252,36262,10
12.9177598953,80.189201355,36262,36272,10
12.9175300598,80.1900024414,36272,36282,10
12.9174499512,80.1906280518,36282,36292,10
12.9173803329,80.1912994385,36292,36302,10
12.9173498154,80.1916275024,36302,36312,10
12.9173202515,80.1919174194,36312,39676,3364
13.0344600677,80.2304077148,39676,39759,83
13.0344600677,80.2304077148,39759,39769,10
13.0347204208,80.2303314209,39769,39779,10
13.034910202,80.2302017212,39779,39803,24
13.0349197388,80.2298583984,39803,39815,12
13.0343599319,80.2297897339,39815,39845,30
13.0342102051,80.2298583984,39845,40391,546
13.0342197418,80.2302093506,40391,40411,20
13.0342197418,80.2302093506,40411,40421,10
13.0340795517,80.2304077148,40421,40431,10
13.0338802338,80.2304229736,40431,40441,10
13.0336103439,80.2304534912,40441,40451,10
13.0334701538,80.2304763794,40451,40461,10
13.0329704285,80.2305374146,40461,40471,10
13.0324001312,80.2305984497,40471,40482,11
13.0317001343,80.2306594849,40482,40492,10
13.031080246,80.2306976318,40492,40502,10
13.0307703018,80.2307510376,40502,40512,10
13.0300102234,80.2308197021,40512,40532,20
13.0300102234,80.2308197021,40532,40542,10
13.0296802521,80.2308502197,40542,40552,10
13.0292701721,80.2309112549,40552,40568,16
13.0282497406,80.2310333252,40568,40580,12
13.0276899338,80.2310791016,40580,40591,11
13.0276899338,80.2314224243,40591,40601,10
13.0277500153,80.2320022583,40601,40611,10
13.0278596878,80.2325668335,40611,40803,192
13.0278596878,80.2325668335,40803,40813,10
13.0278100967,80.2328262329,40813,40823,10
13.0276203156,80.2328567505,40823,40833,10
13.0274000168,80.2329025269,40833,40843,10
13.0271997452,80.2329483032,40843,40853,10
13.0269002914,80.233001709,40853,40863,10
13.0265703201,80.2330169678,40863,40873,10
13.0263204575,80.2327270508,40873,40884,11
13.0261497498,80.232093811,40884,40894,10
13.0259799957,80.2314224243,40894,40904,10
13.025850296,80.2309494019,40904,40914,10
13.0255203247,80.2302322388,40914,40924,10
13.0251197815,80.2297286987,40924,40934,10
13.0250396729,80.2296295166,40934,40944,10
13.0247602463,80.2292633057,40944,40954,10
13.0244598389,80.2288818359,40954,40964,10
13.024140358,80.2284698486,40964,45666,4702
12.9453296661,80.208732605,45666,45678,12
12.9460897446,80.2089996338,45678,45688,10
12.9469203949,80.2093200684,45688,45699,11
12.9476699829,80.2096176147,45699,45710,11
12.9484300613,80.2099075317,45710,45720,10
12.9491996765,80.2102203369,45720,45729,9
12.9500904083,80.2105789185,45729,45740,11
12.9511804581,80.2110137939,45740,45750,10
12.9522399902,80.2114105225,45750,45759,9
12.9531602859,80.2117996216,45759,45770,11
12.9542198181,80.2122268677,45770,45780,10
12.9554195404,80.2127075195,45780,45790,10
12.9564599991,80.2130966187,45790,45800,10
12.9574699402,80.2135009766,45800,45811,11
12.9586496353,80.2139663696,45811,45821,10
12.9595499039,80.2143173218,45821,45831,10
12.9604902267,80.2146911621,45831,45841,10
12.9615602493,80.215133667,45841,45851,10
12.9626502991,80.2155838013,45851,45861,10
12.9635801315,80.2159423828,45861,45871,10
12.9644002914,80.2162780762,45871,45881,10
12.9653701782,80.2166824341,45881,45891,10
12.9663600922,80.2170715332,45891,45901,10
12.9673204422,80.2174606323,45901,45912,11
12.9683198929,80.217880249,45912,45922,10
12.9693002701,80.2182617188,45922,45932,10
12.970290184,80.2186584473,45932,45942,10
12.9710502625,80.2189102173,45942,45952,10
12.9712495804,80.218963623,45952,45962,10
12.9713897705,80.2190093994,45962,45972,10
12.971830368,80.2192230225,45972,45982,10
12.9725103378,80.2194824219,45982,45992,10
12.9733800888,80.2198104858,45992,46002,10
12.9740200043,80.2200775146,46002,46013,11
12.9743404388,80.2202301025,46013,46023,10
12.9748497009,80.220489502,46023,46033,10
12.9752902985,80.2206192017,46033,46043,10
12.9755296707,80.220413208,46043,46053,10
12.975859642,80.220199585,46053,46063,10
12.9762201309,80.2199630737,46063,46073,10
12.9762601852,80.2199401855,46073,46083,10
12.9765195847,80.2198486328,46083,46093,10
12.9770498276,80.2196731567,46093,46103,10
12.9777603149,80.2193527222,46103,46114,11
12.9784803391,80.2190704346,46114,46124,10
12.9789199829,80.2189102173,46124,46134,10
12.9795598984,80.2186584473,46134,46144,10
12.9798898697,80.2185211182,46144,46154,10
12.9804897308,80.2183227539,46154,46164,10
12.9812202454,80.2180404663,46164,46174,10
12.9821300507,80.2178726196,46174,46182,8
12.9827203751,80.2178726196,46182,46194,12
12.9836301804,80.2178421021,46194,46204,10
12.9837799072,80.2178421021,46204,46215,11
12.9841604233,80.2178497314,46215,46225,10
12.9846696854,80.2178421021,46225,46235,10
12.9854202271,80.2178497314,46235,46245,10
12.9863004684,80.2180099487,46245,46255,10
12.9870700836,80.2181777954,46255,46265,10
12.987660408,80.2183074951,46265,46275,10
12.9883699417,80.218460083,46275,46284,9
12.9891395569,80.2186889648,46284,46294,10
12.9900197983,80.2189712524,46294,46305,11
12.9911603928,80.2193222046,46305,46316,11
12.9915504456,80.2194213867,46316,46326,10
12.9917602539,80.2193984985,46326,46336,10
12.9920396805,80.2191696167,46336,46346,10
12.9925203323,80.2188034058,46346,46356,10
12.9931402206,80.2183303833,46356,46366,10
12.9938602448,80.2178192139,46366,46376,10
12.9944801331,80.2173233032,46376,46386,10
12.9950199127,80.2169494629,46386,46396,10
12.9955101013,80.2167129517,46396,46406,10
12.9959897995,80.2165679932,46406,46417,11
12.9967002869,80.2164764404,46417,46427,10
12.997179985,80.2163925171,46427,46437,10
12.9975004196,80.2160720825,46437,46447,10
12.9975204468,80.2160568237,46447,46457,10
12.9976902008,80.215927124,46457,46467,10
12.9980401993,80.2156066895,46467,46477,10
12.9986200333,80.2151184082,46477,46487,10
12.99903965,80.2147903442,46487,46497,10
12.999250412,80.2145462036,46497,46507,10
12.9996099472,80.2142181396,46507,46518,11
13.0001401901,80.2137908936,46518,46528,10
13.0006399155,80.2133102417,46528,46538,10
13.0010204315,80.2129974365,46538,46548,10
13.0013799667,80.2127609253,46548,46558,10
13.0019397736,80.2123565674,46558,46568,10
13.0025396347,80.212097168,46568,46578,10
13.0031404495,80.2120666504,46578,46588,10
13.0037002563,80.2119827271,46588,46598,10
13.004240036,80.2121124268,46598,46608,10
13.0048999786,80.2124404907,46608,46619,11
13.0055999756,80.2128601074,46619,46629,10
13.006360054,80.2127304077,46629,46639,10
13.007229805,80.2127838135,46639,46649,10
13.0077199936,80.212928772,46649,46669,20
13.0077199936,80.212928772,46669,46679,10
13.0077600479,80.2129821777,46679,46689,10
13.0078697205,80.2130966187,46689,46699,10
13.0081701279,80.2132568359,46699,46709,10
13.0086603165,80.2135772705,46709,46720,11
13.0092000961,80.2143096924,46720,46730,10
13.0097503662,80.2150878906,46730,46740,10
13.0101995468,80.2157363892,46740,46750,10
13.0106096268,80.2163314819,46750,46760,10
13.0108299255,80.2169265747,46760,46770,10
13.0111398697,80.2175979614,46770,46780,10
13.0114297867,80.2183837891,46780,46790,10
13.0117702484,80.2192764282,46790,46800,10
13.0120801926,80.2202301025,46800,46810,10
13.0123901367,80.2210388184,46810,46821,11
13.0126304626,80.2215194702,46821,46831,10
13.012960434,80.2220230103,46831,46841,10
13.0132102966,80.2223129272,46841,46851,10
13.0135698318,80.2227478027,46851,46861,10
13.0139904022,80.2232818604,46861,46871,10
13.0140695572,80.2234115601,46871,46881,10
13.0142803192,80.2236099243,46881,46891,10
13.014550209,80.2238922119,46891,46901,10
13.0149002075,80.224357605,46901,46912,11
13.0150003433,80.2244873047,46912,46922,10
13.015130043,80.2246627808,46922,46932,10
13.0154304504,80.2249221802,46932,46942,10
13.0154895782,80.2249679565,46942,46952,10
13.0156497955,80.2251281738,46952,46962,10
13.0161600113,80.2253112793,46962,46972,10
13.0167798996,80.2251663208,46972,46982,10
13.0175199509,80.2249069214,46982,46992,10
13.0184497833,80.2245635986,46992,47002,10
13.019610405,80.2245025635,47002,47023,21
13.019610405,80.2245025635,47023,47033,10
13.0197696686,80.224571228,47033,47043,10
13.0201501846,80.2248764038,47043,47053,10
13.0207099915,80.2252731323,47053,47063,10
13.0213003159,80.2257232666,47063,47073,10
13.0218095779,80.22605896,47073,47083,10
13.0218496323,80.2260894775,47083,47093,10
13.0220003128,80.2261962891,47093,47103,10
13.0224199295,80.226600647,47103,47114,11
13.0230302811,80.227142334,47114,47124,10
13.0235300064,80.2276229858,47124,47134,10
13.0242595673,80.2283706665,47134,47154,20
13.0242595673,80.2283706665,47154,47163,9
13.0243797302,80.2285232544,47163,47174,11
13.0246095657,80.2288284302,47174,47184,10
13.0249004364,80.2292327881,47184,47194,10
13.0252599716,80.2296676636,47194,47204,10
13.0256700516,80.2302703857,47204,47215,11
13.0259199142,80.2308502197,47215,47225,10
13.0259799957,80.2311935425,47225,47235,10
13.0261697769,80.231300354,47235,47245,10
13.0266895294,80.2311401367,47245,47255,10
13.0273303986,80.2309799194,47255,47265,10
13.0278596878,80.2309265137,47265,47275,10
13.0284099579,80.2308883667,47275,47285,10
13.0288200378,80.2308502197,47285,47295,10
13.0291595459,80.230796814,47295,47305,10
13.0295801163,80.2307662964,47305,47316,11
13.0301198959,80.2307434082,47316,47326,10
13.030579567,80.2307128906,47326,47336,10
13.0310001373,80.2306671143,47336,47346,10
13.031419754,80.2306518555,47346,47356,10
13.0318698883,80.2305908203,47356,47366,10
13.0324802399,80.2305374146,47366,47376,10
13.0331497192,80.2304763794,47376,47386,10
13.0337200165,80.2304077148,47386,47396,10
13.034040451,80.2303771973,47396,47406,10
13.0343399048,80.2303237915,47406,47447,41
13.0343399048,80.2303237915,47447,47457,10
13.0344200134,80.2303466797,47457,47467,10
13.0348596573,80.2301635742,47467,47518,51
13.0348596573,80.2301635742,47518,47528,10
13.0349903107,80.2302017212,47528,47538,10
13.0348100662,80.2302398682,47538,47548,10
13.0345096588,80.2302780151,47548,47558,10
13.034239769,80.2304000854,47558,47568,10
13.0340595245,80.2304534912,47568,47578,10
13.0339097977,80.2304382324,47578,47588,10
13.0337200165,80.230430603,47588,47598,10
13.0331897736,80.2304763794,47598,47608,10
13.0326795578,80.2305221558,47608,47619,11
13.0320196152,80.2305984497,47619,47629,10
13.0314798355,80.2306594849,47629,47639,10
13.0309495926,80.2307128906,47639,47649,10
13.0307302475,80.2307510376,47649,47659,10
13.03028965,80.2307815552,47659,47669,10
13.0298299789,80.2308197021,47669,47689,20
13.0298299789,80.2308197021,47689,47699,10
13.0294904709,80.2308502197,47699,47709,10
13.0290403366,80.2308883667,47709,47720,11
13.028260231,80.2309799194,47720,47730,10
13.0277204514,80.2310409546,47730,47740,10
13.0276298523,80.2313766479,47740,47750,10
13.027680397,80.2319717407,47750,47760,10
13.0278501511,80.2326202393,47760,47770,10
13.0275297165,80.2328567505,47770,47780,10
13.0269804001,80.2329483032,47780,47790,10
13.0267000198,80.233001709,47790,47800,10
13.0263700485,80.2327880859,47800,47831,31
13.0263700485,80.2327880859,47831,47841,10
13.0262899399,80.2325592041,47841,47851,10
13.026260376,80.2323379517,47851,47861,10
13.0261802673,80.2319793701,47861,47871,10
13.0260400772,80.2316207886,47871,47881,10
13.0259599686,80.2312927246,47881,47891,10
13.0257797241,80.230682373,47891,47901,10
13.0254201889,80.2300567627,47901,47912,11
13.0249595642,80.2294616699,47912,47922,10
13.0246896744,80.2291412354,47922,47932,10
13.0245599747,80.2289810181,47932,47942,10
13.0243597031,80.2287063599,47942,47952,10
13.0243597031,80.2286987305,47952,47962,10
13.0243196487,80.2286224365,47962,47972,10
13.0240402222,80.2282409668,47972,47982,10
13.0235500336,80.2276992798,47982,47992,10
13.0229301453,80.2271118164,47992,48002,10
13.0223703384,80.2266235352,48002,48012,10
13.0217695236,80.2261123657,48012,48023,11
13.0211400986,80.2256393433,48023,48033,10
13.0204801559,80.2251586914,48033,48043,10
13.0196695328,80.224647522,48043,48053,10
13.0186100006,80.2245483398,48053,48063,10
13.0175800323,80.2249603271,48063,48073,10
13.0167398453,80.2253036499,48073,48083,10
13.0161600113,80.2255325317,48083,48093,10
13.0156002045,80.2257003784,48093,48103,10
13.0151796341,80.2258682251,48103,48113,10
13.0150203705,80.2259063721,48113,48124,11
13.0147104263,80.225982666,48124,48152,28
13.0147104263,80.225982666,48152,48162,10
13.0146198273,80.2260131836,48162,48172,10
13.0142402649,80.2261428833,48172,48182,10
13.0141897202,80.2258911133,48182,48192,10
13.0141201019,80.2255172729,48192,48304,112
13.0141201019,80.2255172729,48304,48314,10
13.0143003464,80.2253265381,48314,48325,11
13.0143604279,80.2254180908,48325,48335,10
13.0143604279,80.2252807617,48335,48730,395
13.0143604279,80.2252807617,48730,48740,10
13.0144500732,80.2253417969,48740,48750,10
13.0145597458,80.2251968384,48750,48810,60
13.0145301819,80.2250213623,48810,49406,596
13.0145301819,80.2250213623,49406,49416,10
13.0145301819,80.2252197266,49416,49427,11
13.0144500732,80.2253036499,49427,49437,10
13.0144796371,80.2256317139,49437,51406,1969
13.0144796371,80.2256317139,51406,51416,10
13.0143098831,80.2259063721,51416,51426,10
13.0142202377,80.2261810303,51426,51437,11
13.0140199661,80.22631073,51437,51447,10
13.0134401321,80.2265396118,51447,51457,10
13.0126600266,80.2268295288,51457,51467,10
13.0117902756,80.227180481,51467,51477,10
13.0108203888,80.2275466919,51477,51487,10
13.0100297928,80.2278594971,51487,51497,10
13.0095796585,80.2277679443,51497,51507,10
13.0096302032,80.2273330688,51507,51517,10
13.0099201202,80.2267074585,51517,51527,10
13.0102701187,80.2259216309,51527,51538,11
13.0105495453,80.2253036499,51538,51547,9
13.0105800629,80.2251968384,51547,51558,11
13.0108098984,80.2247695923,51558,51568,10
13.0109996796,80.2241592407,51568,51578,10
13.0112199783,80.2235183716,51578,51588,10
13.0116100311,80.2233810425,51588,51598,10
13.0122404099,80.2236785889,51598,51608,10
13.0129499435,80.224029541,51608,51618,10
13.0136995316,80.2244033813,51618,51628,10
13.0143404007,80.2247390747,51628,51639,11
13.0149002075,80.2250289917,51639,51649,10
13.0152196884,80.2252426147,51649,51659,10
13.0153503418,80.2253036499,51659,51669,10
13.0155601501,80.2253112793,51669,51679,10
13.0160799026,80.2253494263,51679,51689,10
13.0168800354,80.2251663208,51689,51699,10
13.0178203583,80.2247772217,51699,51715,16
13.0197896957,80.2245788574,51715,51735,20
13.0197896957,80.2245788574,51735,51747,12
13.0198802948,80.2247009277,51747,51758,11
13.0202999115,80.2250213623,51758,51768,10
13.0209598541,80.225479126,51768,51777,9
13.0216503143,80.225982666,51777,51788,11
13.0225400925,80.2267227173,51788,51798,10
13.0231895447,80.2273025513,51798,51808,10
13.0239200592,80.2279815674,51808,51818,10
13.0243501663,80.2285003662,51818,51828,10
13.0246200562,80.2288589478,51828,51839,11
13.0247898102,80.229133606,51839,51849,10
13.0251998901,80.2296218872,51849,51859,10
13.0256900787,80.2303009033,51859,51869,10
13.0259895325,80.23097229,51869,51879,10
13.0260400772,80.2312316895,51879,51889,10
13.0263700485,80.2312469482,51889,51899,10
13.027009964,80.2311019897,51899,51909,10
13.027759552,80.2309494019,51909,51919,10
13.0282297134,80.2309417725,51919,51929,10
13.0286397934,80.2309188843,51929,51939,10
13.0292196274,80.2308273315,51939,51960,21
13.0292196274,80.2308273315,51960,51976,16
13.0295600891,80.2307510376,51976,51988,12
13.0301198959,80.2307434082,51988,51996,8
13.0305700302,80.2306976318,51996,52006,10
13.0312204361,80.2306594849,52006,52018,12
13.0321798325,80.2305984497,52018,52028,10
13.0331201553,80.2305297852,52028,52038,10
13.0339002609,80.2304992676,52038,52049,11
13.0342502594,80.23046875,52049,52059,10
13.0346603394,80.2303237915,52059,52069,10
13.0349998474,80.2301177979,52069,52767,698
13.0349998474,80.2301177979,52767,52777,10
13.0350704193,80.2298126221,52777,52787,10
13.0345401764,80.2297210693,52787,52868,81
13.0345401764,80.2297210693,52868,52878,10
13.0342197418,80.229888916,52878,52888,10
13.0342302322,80.2299728394,52888,52898,10
13.0342197418,80.2301101685,52898,52928,30
13.0342197418,80.2301101685,52928,52938,10
13.0340595245,80.2304077148,52938,52949,11
13.0336904526,80.2304611206,52949,52959,10
13.0331802368,80.23046875,52959,52969,10
13.0324602127,80.2305221558,52969,52979,10
13.031709671,80.2305984497,52979,52989,10
13.0309801102,80.2306594849,52989,52999,10
13.0305099487,80.2306976318,52999,53009,10
13.0300302505,80.2307662964,53009,53029,20
13.0300302505,80.2307662964,53029,53039,10
13.0297803879,80.230796814,53039,53050,11
13.0293502808,80.2308502197,53050,53060,10
13.0287904739,80.2308883667,53060,53070,10
13.0282297134,80.2309799194,53070,53086,16
13.0277204514,80.2310180664,53086,53098,12
13.0277099609,80.2315292358,53098,53108,10
13.0277395248,80.2320022583,53108,53118,10
13.0278501511,80.2325668335,53118,53128,10
13.0270900726,80.2329483032,53128,53149,21
13.0270900726,80.2329483032,53149,53158,9
13.0268497467,80.2330169678,53158,53169,11
13.0264596939,80.2329788208,53169,53179,10
13.0262403488,80.232421875,53179,53189,10
13.026049614,80.2316131592,53189,53199,10
13.0257997513,80.2306137085,53199,53209,10
13.025179863,80.2296829224,53209,53219,10
13.0246400833,80.2290420532,53219,53229,10
13.0245800018,80.2289581299,53229,53239,10
13.0243501663,80.2286529541,53239,53250,11
13.0239095688,80.2280578613,53250,53260,10
13.0232000351,80.2275085449,53260,53348,88
13.0232000351,80.2275085449,53348,53359,11
13.0228204727,80.2273025513,53359,53369,10
13.0225400925,80.2269134521,53369,53379,10
13.0223302841,80.2266082764,53379,53389,10
13.0217895508,80.2261734009,53389,53399,10
13.021109581,80.2256164551,53399,53409,10
13.0203895569,80.2251205444,53409,53419,10
13.0200796127,80.2249221802,53419,53429,10
13.0200004578,80.224861145,53429,53439,10
13.0197000504,80.2246627808,53439,53450,11
13.0190000534,80.2244567871,53450,53460,10
13.0181598663,80.2247467041,53460,53470,10
13.0172300339,80.225151062,53470,53480,10
13.0165195465,80.225440979,53480,53490,10
13.0158901215,80.2256622314,53490,53500,10
13.0151796341,80.2259216309,53500,53510,10
13.0147695541,80.2260665894,53510,53520,10
13.0141801834,80.2262878418,53520,53530,10
13.0134801865,80.2265396118,53530,53540,10
13.0126304626,80.2268829346,53540,53551,11
13.0115404129,80.2273101807,53551,53561,10
13.0104799271,80.2277069092,53561,53571,10
13.0096502304,80.2278823853,53571,53581,10
13.0096597672,80.2272567749,53581,53591,10
13.0100297928,80.2264709473,53591,53601,10
13.0104198456,80.2255020142,53601,53611,10
13.0108098984,80.2246398926,53611,53621,10
13.0111398697,80.2238693237,53621,53631,10
13.0112400055,80.2232818604,53631,53641,10
13.0108203888,80.2229232788,53641,53652,11
13.0100097656,80.2225112915,53652,53662,10
13.0091495514,80.222038269,53662,53672,10
13.0082101822,80.2215576172,53672,53682,10
13.0073204041,80.2210769653,53682,53692,10
13.006770134,80.2207794189,53692,53702,10
13.0060796738,80.2205581665,53702,53712,10
13.0052499771,80.2203598022,53712,53722,10
13.0045604706,80.2202072144,53722,53732,10
13.0035495758,80.2199707031,53732,53742,10
13.0026502609,80.2196426392,53742,53753,11
13.0018901825,80.2189025879,53753,53763,10
13.0013198853,80.2183990479,53763,53773,10
13.0007801056,80.2180404663,53773,53783,10
13.000289917,80.2177429199,53783,53793,10
12.9996299744,80.2173461914,53793,53803,10
12.9989404678,80.2169799805,53803,53813,10
12.9982299805,80.2166595459,53813,53823,10
12.9975404739,80.2165298462,53823,53833,10
12.9973402023,80.2165222168,53833,53843,10
12.9968795776,80.2165374756,53843,53854,11
12.9961795807,80.2166366577,53854,53864,10
12.9954204559,80.2168579102,53864,53874,10
12.9949197769,80.2171478271,53874,53890,16
12.9941396713,80.2177276611,53890,53902,12
12.9933900833,80.2182235718,53902,53910,8
12.9928503036,80.218536377,53910,53922,12
12.9921998978,80.219078064,53922,53932,10
12.9914703369,80.2196426392,53932,53942,10
12.9908399582,80.220123291,53942,53952,10
12.990240097,80.2205581665,53952,53963,11
12.9896297455,80.2211685181,53963,53973,10
12.9891195297,80.2217788696,53973,53983,10
12.9885597229,80.2224578857,53983,53993,10
12.9880199432,80.2229232788,53993,54003,10
12.9875497818,80.2231216431,54003,54013,10
12.9872903824,80.2230987549,54013,54023,10
12.986989975,80.2230529785,54023,54033,10
12.9864597321,80.2229995728,54033,54043,10
12.9857597351,80.2230529785,54043,54054,11
12.9852600098,80.2232894897,54054,54064,10
12.9846601486,80.2230377197,54064,54074,10
12.9840698242,80.22265625,54074,54084,10
12.983590126,80.2223815918,54084,54094,10
12.9832201004,80.2221298218,54094,54104,10
12.9830703735,80.2220230103,54104,54114,10
12.9827203751,80.2218780518,54114,54124,10
12.9820899963,80.2216567993,54124,54134,10
12.9815196991,80.2212905884,54134,54150,16
12.9803600311,80.2210769653,54150,54163,13
12.9792499542,80.2211380005,54163,54173,10
12.9784402847,80.2211914063,54173,54183,10
12.9778604507,80.2211914063,54183,54193,10
12.9771404266,80.2212295532,54193,54203,10
12.9764299393,80.2212295532,54203,54213,10
12.9760704041,80.2212600708,54213,54223,10
12.9757404327,80.2211227417,54223,54243,20
12.9757404327,80.2211227417,54243,54253,10
12.9755401611,80.2209014893,54253,54264,11
12.9751796722,80.2206268311,54264,54283,19
12.9739198685,80.2200775146,54283,54295,12
12.9733800888,80.2199020386,54295,54305,10
12.9729604721,80.2197570801,54305,54316,11
12.9720802307,80.2194213867,54316,54325,9
12.9713602066,80.2191467285,54325,54335,10
12.9703903198,80.2187805176,54335,54345,10
12.9694004059,80.2183990479,54345,54355,10
12.968460083,80.2180099487,54355,54366,11
12.9674797058,80.2176437378,54366,54376,10
12.9664697647,80.2172470093,54376,54386,10
12.9653902054,80.2168197632,54386,54396,10
12.9644002914,80.2164230347,54396,54406,10
12.9634799957,80.2160110474,54406,54415,9
12.9625701904,80.2156295776,54415,54426,11
12.9614400864,80.2151870728,54426,54436,10
12.9603796005,80.2147827148,54436,54446,10
12.9593095779,80.2143630981,54446,54457,11
12.9581604004,80.2138900757,54457,54467,10
12.957159996,80.2134933472,54467,54477,10
12.9561100006,80.2130584717,54477,54487,10
12.9550199509,80.2126617432,54487,54497,10
12.9539299011,80.2122268677,54497,54507,10
12.9528598785,80.211807251,54507,54517,10
12.9518098831,80.2113800049,54517,54527,10
12.9507598877,80.2109603882,54527,54537,10
12.9497404099,80.2105636597,54537,54547,10
12.9487895966,80.2101821899,54547,54558,11
12.9477596283,80.209777832,54558,54568,10
12.9467201233,80.2093582153,54568,54578,10
12.9455900192,80.2089233398,54578,54588,10
12.9445495605,80.2085189819,54588,54598,10
12.944149971,80.2083816528,54598,54608,10
12.943860054,80.2082595825,54608,54618,10
12.9432601929,80.2080078125,54618,54628,10
12.9426898956,80.2074203491,54628,54638,10
12.942029953,80.2067108154,54638,54648,10
12.9411897659,80.2061080933,54648,54659,11
12.9409399033,80.2060012817,54659,54669,10
12.9406499863,80.2058868408,54669,54679,10
12.9400596619,80.2057189941,54679,54689,10
12.9393596649,80.2055130005,54689,54699,10
12.9385204315,80.2052536011,54699,54709,10
12.9376802444,80.2050170898,54709,54719,10
12.9367303848,80.204750061,54719,54729,10
12.9357004166,80.2044525146,54729,54739,10
12.9347200394,80.2040176392,54739,54749,10
12.9337797165,80.2039413452,54749,54760,11
12.9334802628,80.2038803101,54760,54770,10
12.9330797195,80.2037734985,54770,54780,10
12.9324398041,80.2035293579,54780,54790,10
12.9316596985,80.2032775879,54790,54800,10
12.9307804108,80.2030029297,54800,54810,10
12.929889679,80.2028427124,54810,54820,10
12.9295196533,80.2027816772,54820,54836,16
12.9290504456,80.2026901245,54836,54848,12
12.9284801483,80.2023468018,54848,54857,9
12.9284496307,80.2015991211,54857,54869,12
12.9284000397,80.2003326416,54869,54879,10
12.9281101227,80.1992492676,54879,54889,10
12.9276103973,80.1983184814,54889,54899,10
12.9267501831,80.1977233887,54899,54909,10
12.9258003235,80.197517395,54909,54919,10
12.9254198074,80.1975097656,54919,54929,10
12.9249401093,80.1974868774,54929,54939,10
12.9241800308,80.1974868774,54939,54948,9
12.9233398438,80.1974487305,54948,54958,10
12.9223003387,80.197303772,54958,54970,12
12.9213399887,80.197052002,54970,54980,10
12.9209804535,80.1969299316,54980,54990,10
12.920539856,80.1967926025,54990,55000,10
12.9198503494,80.1965408325,55000,55010,10
12.9191398621,80.1961364746,55010,55020,10
12.9184799194,80.1955566406,55020,55030,10
12.9178495407,80.1949768066,55030,55040,10
12.9171895981,80.1943206787,55040,55050,10
12.916970253,80.1938171387,55050,55060,10
12.9169797897,80.1930999756,55060,55071,11
12.9171199799,80.192237854,55071,55081,10
12.9171800613,80.1918182373,55081,55091,10
12.9172201157,80.1914520264,55091,55101,10
12.9172296524,80.1913986206,55101,55111,10
12.9172897339,80.1911697388,55111,55121,10
12.9173402786,80.1906585693,55121,55131,10
12.9173803329,80.1903305054,55131,55141,10
12.9174995422,80.1898803711,55141,55151,10
12.9177598953,80.1891403198,55151,55161,10
12.9183397293,80.1883087158,55161,55172,11
12.9191102982,80.187461853,55172,55182,10
12.9197902679,80.186668396,55182,55192,10
12.9204101563,80.1859207153,55192,55202,10
12.9204702377,80.1851501465,55202,55212,10
12.9203596115,80.184677124,55212,55222,10
12.9203596115,80.1846618652,55222,55232,10
12.9203596115,80.184463501,55232,55242,10
12.9202404022,80.1839981079,55242,55252,10
12.9200897217,80.1834411621,55252,55586,334
12.9200897217,80.1834411621,55586,55596,10
12.9200201035,80.1833496094,55596,55606,10
12.919960022,80.1829833984,55606,55616,10
12.9199104309,80.1826171875,55616,55626,10
12.9197502136,80.1823577881,55626,55636,10
12.9194803238,80.1823501587,55636,55646,10
12.919500351,80.1820678711,55646,55656,10
12.9196996689,80.1819763184,55656,55666,10
12.9198198318,80.1819992065,55666,55677,11
12.9199199677,80.1822814941,55677,55687,10
12.9200601578,80.1829299927,55687,55697,10
12.92029953,80.1838531494,55697,55727,30
12.92029953,80.1838531494,55727,55737,10
12.9203796387,80.1843032837,55737,55747,10
12.9205503464,80.1849899292,55747,55757,10
12.9206199646,80.1852874756,55757,55767,10
12.9206495285,80.1854324341,55767,55778,11
12.9204797745,80.1859893799,55778,55788,10
12.9199695587,80.1865768433,55788,55798,10
12.9194602966,80.1871871948,55798,55809,11
12.9188995361,80.1878433228,55809,55819,10
12.918299675,80.1884918213,55819,55829,10
12.9177398682,80.1891937256,55829,55839,10
12.9174995422,80.1899414063,55839,55849,10
12.9173698425,80.1908035278,55849,55859,10
12.91726017,80.1916732788,55859,55869,10
12.9171600342,80.1923980713,55869,55880,11
12.917090416,80.1931228638,55880,56132,252
12.917090416,80.1931228638,56132,56142,10
12.9170398712,80.1934814453,56142,56152,10
12.917090416,80.1940002441,56152,56162,10
12.9173002243,80.1943817139,56162,56172,10
12.9177398682,80.1948165894,56172,56183,11
12.9183101654,80.1953430176,56183,56193,10
12.9188604355,80.1958694458,56193,56203,10
12.9195203781,80.1963500977,56203,56213,10
12.9202699661,80.1966629028,56213,56223,10
12.9207897186,80.1968307495,56223,56233,10
12.9210996628,80.1969299316,56233,56243,10
12.9216804504,80.1971435547,56243,56253,10
12.9224700928,80.197303772,56253,56263,10
12.9232997894,80.1974029541,56263,56273,10
12.9240198135,80.1974411011,56273,56284,11
12.9249897003,80.1974411011,56284,56294,10
12.925359726,80.1974411011,56294,56304,10
12.9259395599,80.1974487305,56304,56314,10
12.926659584,80.1976089478,56314,56324,10
12.927359581,80.1979980469,56324,56334,10
12.9279003143,80.198677063,56334,56344,10
12.9282903671,80.1995162964,56344,56354,10
12.9284601212,80.2005081177,56354,56364,10
12.9285001755,80.2014770508,56364,56374,10
12.9285497665,80.2023391724,56374,56384,10
12.9291801453,80.2026824951,56384,56395,11
12.9301204681,80.2027587891,56395,56405,10
12.9309902191,80.2029571533,56405,56415,10
12.9318799973,80.2032623291,56415,56425,10
12.9326295853,80.2035217285,56425,56435,10
12.9331197739,80.2037200928,56435,56445,10
12.9338102341,80.2038803101,56445,56455,10
12.9339399338,80.2038803101,56455,56465,10
12.9340600967,80.2038879395,56465,56475,10
12.9344501495,80.2039108276,56475,56486,11
12.935210228,80.2040863037,56486,56496,10
12.9361200333,80.204460144,56496,56506,10
12.9370498657,80.2047271729,56506,56516,10
12.937959671,80.2050018311,56516,56526,10
12.9388904572,80.2052764893,56526,56536,10
12.9396295547,80.2054977417,56536,56546,10
12.9404296875,80.2057571411,56546,56556,10
12.9412202835,80.2060775757,56556,56566,10
12.9420700073,80.2066574097,56566,56576,10
12.942779541,80.207359314,56576,56586,10
12.943479538,80.2080612183,56586,56597,11
12.9442396164,80.2083435059,56597,56617,20
12.9442396164,80.2083435059,56617,56627,10
12.9443998337,80.2084197998,56627,56637,10
12.9449100494,80.2086029053,56637,56647,10
12.9456501007,80.2088699341,56647,56657,10
12.9465198517,80.209197998,56657,56667,10
12.9473600388,80.2095413208,56667,56677,10
12.9481401443,80.2098617554,56677,56688,11
12.9490003586,80.2101974487,56688,56698,10
12.9499101639,80.2105636597,56698,56708,10
12.9509601593,80.2109680176,56708,56718,10
12.9520397186,80.2114028931,56718,56728,10
12.953040123,80.2117767334,56728,56738,10
12.9540300369,80.2121887207,56738,56748,10
12.9550800323,80.2126235962,56748,56758,10
12.9561004639,80.2130126953,56758,56768,10
12.9569997787,80.2133483887,56768,56778,10
12.9581604004,80.2138137817,56778,56789,11
12.9592504501,80.2142410278,56789,56799,10
12.9602098465,80.2146530151,56799,56809,10
12.9612703323,80.2150802612,56809,56819,10
12.9623403549,80.2154922485,56819,56829,10
12.9632396698,80.2158508301,56829,56839,10
12.9639701843,80.2161712646,56839,56849,10
12.9648599625,80.2165374756,56849,56859,10
12.9658298492,80.2169113159,56859,56869,10
12.9667196274,80.2172622681,56869,56879,10
12.9675703049,80.217590332,56879,56890,11
12.9683904648,80.2179336548,56890,56900,10
12.9692897797,80.2182769775,56900,56910,10
12.9703798294,80.2186965942,56910,56920,10
12.9711399078,80.218963623,56920,56930,10
12.9716997147,80.2192077637,56930,56940,10
12.9723501205,80.2194900513,56940,56950,10
12.973110199,80.2198104858,56950,56960,10
12.9739103317,80.2201309204,56960,56970,10
12.9747400284,80.2204666138,56970,56980,10
12.9752597809,80.2206726074,56980,56991,11
12.9756498337,80.2209625244,56991,57001,10
12.9761400223,80.2211990356,57001,57021,20
12.9761400223,80.2211990356,57021,57031,10
12.9763097763,80.2212371826,57031,57041,10
12.9766197205,80.2212371826,57041,57051,10
12.9771995544,80.2212219238,57051,57061,10
12.9779396057,80.2211685181,57061,57071,10
12.9785404205,80.2211227417,57071,57081,10
12.9792098999,80.2210388184,57081,57092,11
12.9800300598,80.2210235596,57092,57102,10
12.980799675,80.2209777832,57102,57112,10
12.9813299179,80.2211914063,57112,57122,10
12.9819002151,80.2215499878,57122,57132,10
12.9823999405,80.2217712402,57132,57142,10
12.9828996658,80.2219085693,57142,57152,10
12.9830999374,80.2220230103,57152,57162,10
12.9834098816,80.2222518921,57162,57172,10
12.983710289,80.2223815918,57172,57182,10
12.9841604233,80.2226867676,57182,57193,11
12.9848203659,80.2230987549,57193,57203,10
12.9853096008,80.2232513428,57203,57213,10
12.9856595993,80.2230300903,57213,57223,10
12.9862499237,80.2229614258,57223,57233,10
12.9867296219,80.2229995728,57233,57243,10
12.9871397018,80.2230682373,57243,57456,213
12.9976301193,80.216003418,57456,57771,315
12.9976301193,80.216003418,57771,57781,10
12.997879982,80.2157897949,57781,57791,10
12.9982500076,80.2154769897,57791,57802,11
12.9988002777,80.2149963379,57802,57812,10
12.9991102219,80.2147521973,57812,57822,10
12.9993600845,80.2145385742,57822,57832,10
12.9998102188,80.2141571045,57832,57842,10
13.0002698898,80.2137374878,57842,57852,10
13.0007095337,80.2133102417,57852,57862,10
13.0012102127,80.2129516602,57862,57872,10
13.0017795563,80.2125167847,57872,57882,10
13.001950264,80.2124176025,57882,57892,10
13.0022802353,80.2122497559,57892,57903,11
13.0029697418,80.212097168,57903,57913,10
13.0035200119,80.2120437622,57913,57923,10
13.0038604736,80.2119903564,57923,57933,10
13.0043697357,80.2121734619,57933,57943,10
13.0049104691,80.2124404907,57943,57953,10
13.0055198669,80.2127990723,57953,57963,10
13.0061197281,80.2128372192,57963,57973,10
13.0067596436,80.2127380371,57973,57983,10
13.0074100494,80.2128219604,57983,57993,10
13.0077695847,80.2130126953,57993,58004,11
13.007809639,80.2130508423,58004,58020,16
13.0083503723,80.2133483887,58020,58032,12
13.0088596344,80.2138977051,58032,58042,10
13.0093603134,80.2145614624,58042,58052,10
13.009759903,80.2151184082,58052,58062,10
13.0101203918,80.2156295776,58062,58071,9
13.0105304718,80.216178894,58071,58082,11
13.0108699799,80.2170181274,58082,58092,10
13.011179924,80.2176895142,58092,58103,11
13.0115404129,80.2186431885,58103,58113,10
13.0117998123,80.2194366455,58113,58122,9
13.0121202469,80.2205200195,58122,58134,12
13.0123500824,80.2213592529,58134,58144,10
13.0126399994,80.221862793,58144,58154,10
13.0130395889,80.2224121094,58154,58165,11
13.0135202408,80.2229614258,58165,58175,10
13.0139799118,80.2235183716,58175,58185,10
13.0143003464,80.2238998413,58185,58195,10
13.0146598816,80.2243423462,58195,58206,11
13.014960289,80.2247009277,58206,58216,10
13.0152301788,80.2250213623,58216,58226,10
13.0154104233,80.2253112793,58226,58236,10
13.015370369,80.2256469727,58236,58246,10
13.0151395798,80.2258987427,58246,58256,10
13.0147600174,80.2260513306,58256,58266,10
13.0143604279,80.2261886597,58266,58276,10
13.0141897202,80.2260971069,58276,58286,10
13.0143995285,80.2258682251,58286,58296,10
13.0148601532,80.2256393433,58296,60185,1889
13.0148601532,80.2256393433,60185,60195,10
13.0147304535,80.2256317139,60195,60206,11
13.0146198273,80.2255935669,60206,60216,10
13.0147800446,80.2254180908,60216,60680,464
13.0147199631,80.2255325317,60680,60700,20
13.0147199631,80.2255325317,60700,60711,11
13.0147199631,80.2256622314,60711,60892,181
13.0147199631,80.2256622314,60892,60902,10
13.014670372,80.2257080078,60902,60913,11
13.0142402649,80.2260513306,60913,61014,101
13.0142402649,80.2260513306,61014,61024,10
13.0142002106,80.2262496948,61024,61034,10
13.0140895844,80.2263031006,61034,61044,10
13.013759613,80.2264404297,61044,61054,10
13.0132198334,80.2266464233,61054,61064,10
13.0125303268,80.2269287109,61064,61074,10
13.0117902756,80.2272262573,61074,61084,10
13.0110197067,80.2275390625,61084,61094,10
13.0101299286,80.2278823853,61094,61104,10
13.0095596313,80.2277832031,61104,61115,11
13.0097503662,80.2271575928,61115,61125,10
13.0100603104,80.2264175415,61125,61135,10
13.0104198456,80.2255401611,61135,61145,10
13.0107803345,80.2247161865,61145,61155,10
13.0110397339,80.2240219116,61155,61165,10
13.0112895966,80.2233581543,61165,61175,10
13.0115699768,80.2227096558,61175,61185,10
13.0118398666,80.2219390869,61185,61195,10
13.0120296478,80.2214202881,61195,61205,10
13.0121202469,80.2210083008,61205,61216,11
13.011879921,80.2202606201,61216,61226,10
13.0116100311,80.2193832397,61226,61236,10
13.011349678,80.2185516357,61236,61246,10
13.011059761,80.2177810669,61246,61256,10
13.0107402802,80.217048645,61256,61265,9
13.0104999542,80.2164916992,61265,61276,11
13.0101804733,80.2159729004,61276,61286,10
13.0098199844,80.2152175903,61286,61296,10
13.0093803406,80.2146224976,61296,61306,10
13.0086402893,80.2136917114,61306,61377,71
13.0086402893,80.2136917114,61377,61387,10
13.0084104538,80.2134628296,61387,61397,10
13.0082397461,80.2133636475,61397,61448,51
13.0082397461,80.2133636475,61448,61458,10
13.0080795288,80.2133026123,61458,61468,10
13.0079803467,80.2132568359,61468,61478,10
13.0079202652,80.213218689,61478,61488,10
13.0078601837,80.2131271362,61488,61498,10
13.0075798035,80.2129135132,61498,61509,11
13.0068798065,80.2127532959,61509,61519,10
13.0061302185,80.2128829956,61519,61529,10
13.0053701401,80.2127685547,61529,61538,9
13.0045604706,80.2123031616,61538,61549,11
13.0035104752,80.2120819092,61549,61559,10
13.0026702881,80.2121429443,61559,61569,10
13.0021896362,80.212310791,61569,61579,10
13.0018396378,80.2125167847,61579,61589,10
13.0014200211,80.212852478,61589,61599,10
13.0009803772,80.2131881714,61599,61610,11
13.0003995895,80.2136917114,61610,61620,10
12.9998397827,80.2142028809,61620,61630,10
12.9993600845,80.2146224976,61630,61640,10
12.9989995956,80.2148971558,61640,61650,10
12.998550415,80.2153015137,61650,61660,10
12.997879982,80.2158813477,61660,61670,10
12.9975595474,80.2161636353,61670,61680,10
12.9974899292,80.2162399292,61680,61690,10
12.9973201752,80.2164764404,61690,61700,10
12.9972295761,80.2165679932,61700,61711,11
12.996720314,80.216583252,61711,61721,10
12.9961500168,80.2166671753,61721,61731,10
12.9955501556,80.2168121338,61731,61741,10
12.9950895309,80.2170562744,61741,61751,10
12.9947500229,80.2172927856,61751,61761,10
12.9942598343,80.2176589966,61761,61771,10
12.9937696457,80.2180023193,61771,61781,10
12.993180275,80.2184295654,61781,61791,10
12.9925403595,80.2189102173,61791,61801,10
12.9917602539,80.2194900513,61801,61812,11
12.9912996292,80.2198104858,61812,61822,10
12.9911003113,80.2199630737,61822,61832,10
12.9908599854,80.2201538086,61832,61842,10
12.9908103943,80.2201919556,61842,61852,10
12.9904603958,80.2204589844,61852,61862,10
12.9898700714,80.220993042,61862,61871,9
12.9893398285,80.2216415405,61871,61882,11
12.9887104034,80.2223587036,61882,61892,10
12.9883699417,80.2226486206,61892,61902,10
12.988240242,80.2227783203,61902,61913,11
12.9880399704,80.2229232788,61913,61923,10
12.9878797531,80.2230377197,61923,61933,10
12.9875097275,80.2231063843,61933,61943,10
12.9871797562,80.2230606079,61943,61953,10
12.9869098663,80.2230377197,61953,61963,10
12.9867095947,80.2229919434,61963,61973,10
12.9862003326,80.2229614258,61973,61983,10
12.9855499268,80.2231826782,61983,61993,10
12.9849596024,80.2231826782,61993,62003,10
12.9844503403,80.2229003906,62003,62014,11
12.9839897156,80.2226791382,62014,62024,10
12.9836797714,80.2225036621,62024,62044,20
12.9836797714,80.2225036621,62044,62054,10
12.9835796356,80.2223892212,62054,62064,10
12.983420372,80.2222671509,62064,62074,10
12.9833698273,80.2222290039,62074,62084,10
12.9831800461,80.2220916748,62084,62094,10
12.9830102921,80.2219696045,62094,62104,10
12.9828395844,80.2219009399,62104,62115,11
12.9824199677,80.2217712402,62115,62125,10
12.9821100235,80.2216491699,62125,62135,10
12.9816398621,80.2212905884,62135,62145,10
12.980890274,80.2210083008,62145,62155,10
12.9800796509,80.2210922241,62155,62165,10
12.9792203903,80.2211608887,62165,62175,10
12.9785203934,80.2211990356,62175,62185,10
12.9778003693,80.2212371826,62185,62195,10
12.9771900177,80.2212905884,62195,62206,11
12.9767198563,80.2212677002,62206,62257,51
12.9767198563,80.2212677002,62257,62267,10
12.9766597748,80.2212371826,62267,62277,10
12.9764699936,80.2212219238,62277,62287,10
12.9763803482,80.2212219238,62287,62297,10
12.9760398865,80.221282959,62297,62328,31
12.9760398865,80.221282959,62328,62338,10
12.975859642,80.221282959,62338,62348,10
12.9757204056,80.2211532593,62348,62368,20
12.9756498337,80.2210464478,62368,62388,20
12.9756498337,80.2210464478,62388,62398,10
12.9754695892,80.2209014893,62398,62409,11
12.9751996994,80.220703125,62409,62419,10
12.9747104645,80.2204971313,62419,62429,10
12.9741096497,80.2202529907,62429,62439,10
12.9737796783,80.2201309204,62439,62449,10
12.973279953,80.2199325562,62449,62459,10
12.9725904465,80.2196807861,62459,62469,10
12.9717903137,80.2193984985,62469,62479,10
12.9712095261,80.2192306519,62479,62499,20
12.9712095261,80.2192306519,62499,62510,11
12.9710197449,80.2191696167,62510,62520,10
12.970870018,80.2191009521,62520,62530,10
12.9706096649,80.2189407349,62530,62540,10
12.9701299667,80.2187194824,62540,62550,10
12.9695396423,80.2184829712,62550,62560,10
12.9688796997,80.218208313,62560,62570,10
12.9682197571,80.2179412842,62570,62580,10
12.9675397873,80.2176589966,62580,62590,10
12.9667596817,80.2173690796,62590,62600,10
12.9659500122,80.2170410156,62600,62610,10
12.9648199081,80.2165908813,62610,62621,11
12.9637899399,80.2161636353,62621,62631,10
12.96296978,80.2157821655,62631,62641,10
12.9619998932,80.2153930664,62641,62651,10
12.9609603882,80.2149734497,62651,62661,10
12.9598703384,80.2145462036,62661,62671,10
12.9588003159,80.2141189575,62671,62681,10
12.9576997757,80.2136917114,62681,62691,10
12.956609726,80.2132415771,62691,62701,10
12.955499649,80.2128219604,62701,62712,11
12.95429039,80.212348938,62712,62722,10
12.9532604218,80.2119369507,62722,62732,10
12.9521999359,80.211517334,62732,62742,10
12.9511499405,80.2111206055,62742,62752,10
12.9501104355,80.2107009888,62752,62762,10
12.9491996765,80.2103271484,62762,62772,10
12.9483804703,80.2099990845,62772,62782,10
12.9474601746,80.2096633911,62782,62792,10
12.9464101791,80.2092437744,62792,62802,10
12.9453001022,80.2088012695,62802,62813,11
12.944319725,80.208442688,62813,62823,10
12.9442195892,80.2083969116,62823,62833,10
12.9440002441,80.2083129883,62833,62843,10
12.9434995651,80.2081069946,62843,62853,10
12.9429197311,80.2076721191,62853,62863,10
12.9423904419,80.2070007324,62863,62873,10
12.9416799545,80.2064285278,62873,62883,10
12.9410800934,80.2060699463,62883,62893,10
12.940990448,80.2060165405,62893,62903,10
12.9408597946,80.2059783936,62903,62914,11
12.9408102036,80.2059707642,62914,62924,10
12.9404497147,80.2058334351,62924,62934,10
12.9398899078,80.205657959,62934,62944,10
12.9392004013,80.2054367065,62944,62954,10
12.9384498596,80.2052001953,62954,62964,10
12.9376001358,80.2049713135,62964,62974,10
12.9366197586,80.2046813965,62974,62984,10
12.9358100891,80.2044830322,62984,62993,9
12.9356603622,80.2044219971,62993,63004,11
12.9351797104,80.2041931152,63004,63015,11
12.9343900681,80.2040100098,63015,63025,10
12.9337396622,80.203956604,63025,63035,10
12.9336795807,80.2039718628,63035,63045,10
12.933549881,80.2039413452,63045,63055,10
12.9331102371,80.2037963867,63055,63065,10
12.9324703217,80.2035522461,63065,63075,10
12.93171978,80.2033004761,63075,63085,10
12.9309196472,80.2030410767,63085,63095,10
12.9306097031,80.2029495239,63095,63105,10
12.9300603867,80.20287323,63105,63116,11
12.9294595718,80.2027893066,63116,63126,10
12.9294099808,80.202796936,63126,63136,10
12.9289999008,80.2027130127,63136,63146,10
12.9285202026,80.2024612427,63146,63156,10
12.9284696579,80.2017211914,63156,63166,10
12.928440094,80.2007522583,63166,63176,10
12.9282903671,80.1996994019,63176,63186,10
12.92786026,80.1987380981,63186,63196,10
12.9271097183,80.1979370117,63196,63206,10
12.9261102676,80.1975708008,63206,63217,11
12.9254598618,80.1975402832,63217,63227,10
12.9251203537,80.1975326538,63227,63237,10
12.9244804382,80.1975402832,63237,63247,10
12.9236698151,80.197517395,63247,63257,10
12.9227304459,80.1974029541,63257,63267,10
12.9220504761,80.1973190308,63267,63277,10
12.9219903946,80.1972885132,63277,63293,16
12.9212999344,80.1970596313,63293,63305,12
12.920539856,80.1967773438,63305,63316,11
12.9197101593,80.1964874268,63316,63324,8
12.9192399979,80.1962280273,63324,63335,11
12.9187002182,80.1957778931,63335,63346,11
12.9183101654,80.1954193115,63346,63356,10
12.9179201126,80.1950912476,63356,63366,10
12.9174003601,80.1946182251,63366,63376,10
12.9172697067,80.194480896,63376,63386,10
12.917090416,80.1942214966,63386,63396,10
12.9169797897,80.1938171387,63396,63406,10
12.916970253,80.1935577393,63406,63417,11
12.9170198441,80.1930923462,63417,63427,10
12.917090416,80.1925506592,63427,63437,10
12.9171800613,80.1920776367,63437,63447,10
12.9172496796,80.1914291382,63447,63467,20
12.9172496796,80.1914291382,63467,63477,10
12.9173002243,80.1913299561,63477,63487,10
12.9173402786,80.1909332275,63487,63497,10
12.9173803329,80.1903381348,63497,63507,10
12.9175300598,80.1896896362,63507,63518,11
12.917840004,80.1889572144,63518,63528,10
12.9183702469,80.1883163452,63528,63538,10
12.9188098907,80.187828064,63538,63548,10
12.9193096161,80.1873016357,63548,63558,10
12.9198598862,80.186668396,63558,63568,10
12.9204101563,80.1860122681,63568,63578,10
12.9204998016,80.1852035522,63578,63588,10
12.9203100204,80.1844406128,63588,63598,10
12.9201402664,80.1835708618,63598,63609,11
12.9199399948,80.1827316284,63609,63619,10
12.9199304581,80.1826705933,63619,63629,10
12.9199199677,80.1826019287,63629,63639,10
12.9198303223,80.182182312,63639,63649,10
12.9196901321,80.1815109253,63649,63659,10
12.9195203781,80.1807098389,63659,63669,10
12.9193201065,80.1797637939,63669,63685,16
12.918390274,80.1782989502,63685,63697,12
12.9182701111,80.1771011353,63697,63705,8
12.9183998108,80.1763534546,63705,63717,12
12.9186601639,80.175239563,63717,63728,11
12.9189195633,80.1740570068,63728,63738,10
12.9191799164,80.1730194092,63738,63748,10
12.9194602966,80.1720275879,63748,63758,10
12.9197397232,80.171081543,63758,63778,20
12.9197397232,80.171081543,63778,63788,10
12.9198999405,80.1707611084,63788,63798,10
12.9200897217,80.1700897217,63798,63810,12
12.920419693,80.1689682007,63810,63820,10
12.9207801819,80.1678466797,63820,63830,10
12.9211397171,80.1667098999,63830,63840,10
12.9215097427,80.1655578613,63840,63850,10
12.9218702316,80.1644363403,63850,63860,10
12.9220600128,80.1637191772,63860,63870,10
12.9221000671,80.1636199951,63870,63880,10
12.922249794,80.1632232666,63880,63890,10
12.9224500656,80.1625976563,63890,63900,10
12.9226799011,80.1618881226,63900,63911,11
12.9229602814,80.1610336304,63911,63921,10
12.9231004715,80.1605529785,63921,63931,10
12.9231500626,80.1604232788,63931,63941,10
12.9232797623,80.1599121094,63941,63951,10
12.9233703613,80.1591033936,63951,63961,10
12.9234800339,80.1580734253,63961,63971,10
12.9235601425,80.1569976807,63971,63981,10
12.923620224,80.15599823,63981,63991,10
12.9234600067,80.1553497314,63991,64001,10
12.9234199524,80.1552200317,64001,64012,11
12.9233999252,80.1551513672,64012,64022,10
12.9233198166,80.1547393799,64022,64032,10
12.9231700897,80.1540679932,64032,64042,10
12.9229698181,80.1532821655,64042,64052,10
12.9227399826,80.1523590088,64052,64072,20
12.9227399826,80.1523590088,64072,64088,16
12.9227399826,80.1523208618,64088,64100,12
12.9226999283,80.1518478394,64100,64108,8
12.9226703644,80.1512985229,64108,64121,13
12.9226398468,80.1502227783,64121,64131,10
12.9225997925,80.1492614746,64131,64140,9
12.9225702286,80.1484069824,64140,64151,11
12.9225597382,80.1475982666,64151,64161,10
12.9225196838,80.1469421387,64161,64181,20
12.9225196838,80.1469421387,64181,64191,10
12.9225196838,80.1465606689,64191,64200,9
12.9225196838,80.1460037231,64200,64212,12
12.9224796295,80.1450500488,64212,64222,10
12.9224700928,80.1441574097,64222,64232,10
12.9224004745,80.1432495117,64232,64292,60
12.9224004745,80.1432495117,64292,64302,10
12.9223899841,80.1429290771,64302,64313,11
12.9223804474,80.1424331665,64313,64323,10
12.9223604202,80.1417388916,64323,64333,10
12.9223499298,80.1415634155,64333,64343,10
12.9223604202,80.1412734985,64343,64353,10
12.9223604202,80.140663147,64353,64363,10
12.9223299026,80.1398696899,64363,64373,10
12.9223299026,80.1389007568,64373,64383,10
12.922419548,80.1379776001,64383,64393,10
12.9224500656,80.13722229,64393,64403,10
12.9225101471,80.1362686157,64403,64414,11
12.9225502014,80.135093689,64414,64424,10
12.9225997925,80.1339569092,64424,64434,10
12.9226303101,80.1328277588,64434,64444,10
12.922659874,80.1317062378,64444,64454,10
12.9226799011,80.1312789917,64454,64464,10
12.9226999283,80.1310272217,64464,64474,10
12.9227399826,80.1304473877,64474,64484,10
12.9227895737,80.1296691895,64484,64494,10
12.9228496552,80.1287612915,64494,64504,10
12.9228696823,80.1278991699,64504,64515,11
12.9228897095,80.1269073486,64515,64525,10
12.9229001999,80.1260375977,64525,64535,10
12.9229001999,80.1258010864,64535,64545,10
12.9229402542,80.1253967285,64545,64555,10
12.9229698181,80.1247406006,64555,64565,10
12.9230003357,80.1239624023,64565,64575,10
12.92304039,80.123046875,64575,64585,10
12.9230804443,80.1220092773,64585,64595,10
12.9231395721,80.1210632324,64595,64605,10
12.9231796265,80.1205978394,64605,64626,21
12.9231796265,80.1205978394,64626,64636,10
12.9232597351,80.120300293,64636,64646,10
12.9232997894,80.1198425293,64646,64656,10
12.9232997894,80.1192016602,64656,64666,10
12.9233198166,80.1185379028,64666,64676,10
12.9233798981,80.1179275513,64676,64686,10
12.9234304428,80.1171875,64686,65292,606
12.9234304428,80.1171875,65292,65302,10
12.9234800339,80.1170578003,65302,65313,11
12.923500061,80.1169204712,65313,65323,10
12.9235897064,80.1170806885,65323,65333,10
12.9235401154,80.1174926758,65333,65343,10
12.9236402512,80.1178207397,65343,65353,10
12.9236097336,80.118057251,65353,65363,10
12.9235601425,80.1185302734,65363,65373,10
12.9235095978,80.1190338135,65373,65383,10
12.9234399796,80.1195373535,65383,65393,10
12.9233903885,80.1199188232,65393,65403,10
12.9233703613,80.1200790405,65403,65414,11
12.9233598709,80.1202392578,65414,65424,10
12.9233198166,80.1205215454,65424,65434,10
12.9233102798,80.1208114624,65434,65444,10
12.9232997894,80.120880127,65444,65454,10
12.9233398438,80.1211013794,65454,65808,354
12.9233398438,80.1211013794,65808,65818,10
12.9232797623,80.121383667,65818,65828,10
12.9232397079,80.1219329834,65828,65838,10
12.9231996536,80.122718811,65838,65848,10
12.9231595993,80.1236724854,65848,65858,10
12.9230899811,80.124671936,65858,65868,10
12.9230298996,80.125831604,65868,65878,10
12.9229898453,80.1269226074,65878,65888,10
12.922949791,80.1276626587,65888,65898,10
12.9229402542,80.1281967163,65898,65909,11
12.9229001999,80.1287078857,65909,65919,10
12.9228696823,80.1293106079,65919,65929,10
12.9228496552,80.1298065186,65929,65939,10
12.922829628,80.1303482056,65939,65949,10
12.9228200912,80.1313323975,65949,65969,20
12.9228200912,80.1313323975,65969,65979,10
12.9228000641,80.1317214966,65979,65989,10
12.9227600098,80.1323776245,65989,65999,10
12.9227399826,80.1332168579,65999,66010,11
12.9226799011,80.1342315674,66010,66020,10
12.9226503372,80.134979248,66020,66030,10
12.9226102829,80.1354904175,66030,66040,10
12.9225797653,80.1362228394,66040,66050,10
12.922539711,80.137046814,66050,66060,10
12.9224996567,80.1378631592,66060,66070,10
12.9224500656,80.138671875,66070,66080,10
12.922419548,80.1395111084,66080,66090,10
12.9224300385,80.1403121948,66090,66100,10
12.9224395752,80.1411209106,66100,66111,11
12.9224596024,80.1420516968,66111,66121,10
12.9224996567,80.1427230835,66121,66141,20
12.9224996567,80.1427230835,66141,66151,10
12.9225301743,80.1429367065,66151,66161,10
12.9225702286,80.143661499,66161,66212,51
12.9225702286,80.143661499,66212,66222,10
12.9225702286,80.14402771,66222,66232,10
12.9225797653,80.1446380615,66232,66242,10
12.9226102829,80.1455230713,66242,66252,10
12.9226303101,80.1464767456,66252,66262,10
12.9226703644,80.147277832,66262,66272,10
12.9226703644,80.1473693848,66272,66282,10
12.922659874,80.1476593018,66282,66292,10
12.9226398468,80.1482772827,66292,66302,10
12.922659874,80.1491622925,66302,66313,11
12.9226999283,80.1503677368,66313,66323,10
12.9227399826,80.151260376,66323,66333,10
12.9227600098,80.1516036987,66333,66343,10
12.9227695465,80.1520767212,66343,66353,10
12.9228897095,80.1527633667,66353,66363,10
12.9231004715,80.1535797119,66363,66373,10
12.923330307,80.1544418335,66373,66383,10
12.9234600067,80.1548080444,66383,66393,10
12.9234600067,80.154838562,66393,66403,10
12.923500061,80.1550979614,66403,66414,11
12.9235496521,80.1553497314,66414,66424,10
12.9237003326,80.155960083,66424,66434,10
12.9236602783,80.1568527222,66434,66444,10
12.9235601425,80.1578979492,66444,66454,10
12.9234600067,80.1590423584,66454,66464,10
12.9233598709,80.1601104736,66464,66474,10
12.9232997894,80.1604995728,66474,66484,10
12.9232597351,80.1606216431,66484,66494,10
12.923119545,80.1610031128,66494,66504,10
12.9228801727,80.1616821289,66504,66515,11
12.9225997925,80.1625213623,66515,66525,10
12.9223403931,80.1632919312,66525,66541,16
12.9218702316,80.1647415161,66541,66553,12
12.9214601517,80.1660385132,66553,66563,10
12.9210996628,80.1671829224,66563,66573,10
12.9208297729,80.1680679321,66573,66583,10
12.9205799103,80.1688232422,66583,66593,10
12.92029953,80.1697006226,66593,66603,10
12.9200201035,80.1706314087,66603,66614,11
12.9199304581,80.1710586548,66614,66624,10
12.9199199677,80.1710662842,66624,66633,9
12.9198799133,80.1711730957,66633,66644,11
12.919719696,80.171661377,66644,66653,9
12.9195404053,80.1722869873,66653,66664,11
12.9193096161,80.1731109619,66664,66674,10
12.9190397263,80.1741790771,66674,66684,10
12.9187803268,80.1753005981,66684,66694,10
12.9184703827,80.1764297485,66694,66704,10
12.9182596207,80.1776428223,66704,66715,11
12.9187602997,80.1787185669,66715,66725,10
12.9193401337,80.1796722412,66725,66735,10
12.9195899963,80.1808395386,66735,66745,10
12.9198703766,80.1820831299,66745,66755,10
12.920129776,80.1832199097,66755,66765,10
12.920249939,80.183631897,66765,66775,10
12.9203195572,80.1839599609,66775,66785,10
12.9204397202,80.1845169067,66785,66795,10
12.9206199646,80.185218811,66795,66805,10
12.9206399918,80.1853027344,66805,66816,11
12.9206695557,80.1855010986,66816,66826,10
12.9205102921,80.1859970093,66826,66836,10
12.9200000763,80.1865768433,66836,66846,10
12.9194402695,80.1872406006,66846,66856,10
12.9189996719,80.1877593994,66856,66866,10
12.918589592,80.1882019043,66866,66876,10
12.9181003571,80.1887588501,66876,66886,10
12.9176797867,80.1894378662,66886,66896,10
12.9174804688,80.1901931763,66896,66907,11
12.9174098969,80.1906509399,66907,66917,10
12.9173498154,80.1913070679,66917,66927,10
12.9172801971,80.1921386719,66927,66937,10
12.9171600342,80.1928100586,66937,66947,10
12.9171495438,80.1931762695,66947,66967,20
12.9171495438,80.1931762695,66967,66977,10
12.9171104431,80.1934585571,66977,66987,10
12.9171800613,80.1940689087,66987,67008,21
12.9171800613,80.1940689087,67008,67018,10
12.9172201157,80.1942825317,67018,67028,10
12.9174003601,80.194519043,67028,67038,10
12.9177703857,80.1948776245,67038,67048,10
12.9181804657,80.1952667236,67048,67058,10
12.9185800552,80.195640564,67058,67068,10
12.9186897278,80.1957168579,67068,67078,10
12.9189300537,80.1959533691,67078,67088,10
12.9194402695,80.1963195801,67088,67098,10
12.9201602936,80.1966400146,67098,67109,11
12.920800209,80.1968536377,67109,67119,10
12.920920372,80.1968765259,67119,67129,10
12.9212799072,80.1970214844,67129,67139,10
12.9218997955,80.1972503662,67139,67149,10
12.9227399826,80.1973800659,67149,67159,10
12.9236497879,80.1975097656,67159,67169,10
12.9244804382,80.197517395,67169,67179,10
12.9251699448,80.1975097656,67179,67189,10
12.9254703522,80.1975097656,67189,67199,10
12.9260597229,80.197517395,67199,67210,11
12.9268903732,80.197769165,67210,67220,10
12.9276103973,80.1982727051,67220,67230,10
12.9280195236,80.1989822388,67230,67240,10
12.9282398224,80.1994018555,67240,67250,10
12.9284095764,80.1999816895,67250,67260,10
12.9284896851,80.2007598877,67260,67270,10
12.9285402298,80.2016067505,67270,67280,10
12.9286003113,80.2024536133,67280,67290,10
12.9292602539,80.2027282715,67290,67300,10
12.9294595718,80.2027587891,67300,67311,11
12.9299602509,80.2028198242,67311,67321,10
12.9305801392,80.2029418945,67321,67331,10
12.931139946,80.2030792236,67331,67341,10
12.9318399429,80.2033081055,67341,67351,10
12.9321098328,80.2033996582,67351,67361,10
12.9323501587,80.2034912109,67361,67371,10
12.9325399399,80.2035522461,67371,67381,10
12.9327297211,80.2035980225,67381,67391,10
12.9330997467,80.2037506104,67391,67401,10
12.9334697723,80.2038497925,67401,67412,11
12.9337301254,80.2039031982,67412,67422,10
12.9338502884,80.2039108276,67422,67438,16
12.9340496063,80.2039413452,67438,67450,12
12.9343996048,80.2039718628,67450,67458,8
12.9347400665,80.2040100098,67458,67469,11
12.9352903366,80.2042007446,67469,67481,12
12.9360704422,80.2045135498,67481,67491,10
12.9367599487,80.2047119141,67491,67501,10
12.9374103546,80.2049026489,67501,67512,11
12.938249588,80.205116272,67512,67522,10
12.9389400482,80.2053527832,67522,67531,9
12.9394798279,80.2054977417,67531,67542,11
12.9395599365,80.2055282593,67542,67552,10
12.9396800995,80.2055587769,67552,67562,10
12.9399900436,80.2056503296,67562,67572,10
12.9400901794,80.2056808472,67572,67582,10
12.9405002594,80.2058029175,67582,67592,10
12.9405698776,80.2058181763,67592,67602,10
12.9406700134,80.2058563232,67602,67613,11
12.9411201477,80.2060470581,67613,67623,10
12.941740036,80.2064285278,67623,67633,10
12.9423503876,80.2069091797,67633,67643,10
12.9427204132,80.20728302,67643,67653,10
12.9429998398,80.2076797485,67653,67663,10
12.9435396194,80.2080917358,67663,67673,10
12.9441299438,80.2083206177,67673,67683,10
12.9443101883,80.2083892822,67683,67693,10
12.9446001053,80.2084884644,67693,67704,11
12.9452400208,80.2087402344,67704,67714,10
12.9460096359,80.2090301514,67714,67724,10
12.9467897415,80.2093429565,67724,67734,10
12.9474496841,80.209602356,67734,67744,10
12.9480104446,80.2098236084,67744,67754,10
12.9486398697,80.2100601196,67754,67764,10
12.9494695663,80.2103881836,67764,67774,10
12.9505596161,80.2108306885,67774,67784,10
12.9517002106,80.2112731934,67784,67794,10
12.9526796341,80.2116470337,67794,67805,11
12.9534597397,80.2119827271,67805,67815,10
12.9543199539,80.2123184204,67815,67825,10
12.9553203583,80.2127075195,67825,67835,10
12.9562597275,80.2130889893,67835,67845,10
12.9571504593,80.213432312,67845,67855,10
12.9580202103,80.2137832642,67855,67865,10
12.9587602615,80.2140808105,67865,67875,10
12.9591798782,80.2142333984,67875,67885,10
12.9597702026,80.2144775391,67885,67895,10
12.9604902267,80.2147827148,67895,67906,11
12.9612798691,80.2151031494,67906,67916,10
12.9619998932,80.2153625488,67916,67926,10
12.9623203278,80.215461731,67926,67936,10
12.9625301361,80.2155532837,67936,67946,10
12.962849617,80.2156677246,67946,67956,10
12.9633798599,80.2158813477,67956,67966,10
12.9638900757,80.2160873413,67966,67976,10
12.96434021,80.2162780762,67976,67986,10
12.9649801254,80.2165603638,67986,67996,10
12.9653196335,80.2166671753,67996,68007,11
12.9655399323,80.2167434692,68007,68017,10
12.9657001495,80.2168121338,68017,68027,10
12.9659404755,80.2168884277,68027,68037,10
12.9662904739,80.217048645,68037,68047,10
12.9667196274,80.2172164917,68047,68057,10
12.9671401978,80.2173995972,68057,68067,10
12.9675703049,80.2175827026,68067,68077,10
12.9681501389,80.2178268433,68077,68087,10
12.9690198898,80.2181625366,68087,68097,10
12.970000267,80.2185516357,68097,68108,11
12.9709501266,80.2189407349,68108,68118,10
12.9712600708,80.2190322876,68118,68128,10
12.9714202881,80.2191009521,68128,68138,10
12.9718999863,80.2193222046,68138,68148,10
12.9725904465,80.2196121216,68148,68158,10
12.9733495712,80.2199172974,68158,68168,10
12.9739599228,80.220161438,68168,68178,10
12.974360466,80.2203674316,68178,68188,10
12.9747400284,80.2205505371,68188,68198,10
12.9750995636,80.2206802368,68198,68209,11
12.975399971,80.2207489014,68209,68219,10
12.9755802155,80.2208633423,68219,68229,10
12.9761600494,80.2212600708,68229,68330,101
12.9761600494,80.2212600708,68330,68340,10
12.9762401581,80.2212295532,68340,68350,10
12.9766902924,80.2212600708,68350,68360,10
12.9774303436,80.2212600708,68360,68370,10
12.9781999588,80.2212524414,68370,68380,10
12.9789199829,80.2211990356,68380,68390,10
12.9796104431,80.2211380005,68390,68400,10
12.9803800583,80.2210922241,68400,68411,11
12.9811000824,80.2211227417,68411,68421,10
12.9812803268,80.2211608887,68421,68431,10
12.9816198349,80.2213821411,68431,68441,10
12.9820899963,80.2216873169,68441,68451,10
12.9825496674,80.2218780518,68451,68461,10
12.9829101563,80.2220077515,68461,68471,10
12.9829797745,80.222038269,68471,68481,10
12.9832801819,80.2222213745,68481,68522,41
12.9832801819,80.2222213745,68522,68532,10
12.9835395813,80.2224121094,68532,68542,10
12.9837799072,80.2225494385,68542,68552,10
12.9840497971,80.2227096558,68552,68562,10
12.9843797684,80.22290802,68562,68572,10
12.9847803116,80.22315979,68572,68582,10
12.9853000641,80.2233200073,68582,68592,10
12.9857597351,80.2230377197,68592,68602,10
12.9863996506,80.2229919434,68602,68613,11
12.9868497849,80.2230606079,68613,68673,60
12.9872999191,80.2231369019,68673,68693,20
12.9872999191,80.2231369019,68693,68704,11
12.9875297546,80.2231369019,68704,68714,10
12.9879102707,80.2230072021,68714,68724,10
12.9884595871,80.2225875854,68724,68734,10
12.988940239,80.2220611572,68734,68744,10
12.9892997742,80.2216491699,68744,68754,10
12.9897298813,80.2210998535,68754,68764,10
12.9902801514,80.2205429077,68764,68774,10
12.9904203415,80.2204208374,68774,68784,10
12.9905700684,80.2203063965,68784,68794,10
12.9909601212,80.2200164795,68794,68805,11
12.9913902283,80.2196426392,68805,68815,10
12.991900444,80.2192764282,68815,68825,10
12.9925603867,80.2188186646,68825,68835,10
12.9933204651,80.2182693481,68835,68845,10
12.9939498901,80.2178192139,68845,68855,10
12.9942502975,80.2175827026,68855,68865,10
12.9946098328,80.2173309326,68865,68875,10
12.9947099686,80.2172470093,68875,68885,10
12.9948997498,80.2171325684,68885,68895,10
12.9953203201,80.2168884277,68895,68906,11
12.9960803986,80.2166519165,68906,68916,10
12.9965295792,80.2165603638,68916,68926,10
12.9965400696,80.2165603638,68926,68936,10
12.9967699051,80.2165374756,68936,68946,10
12.9969797134,80.2165298462,68946,68956,10
12.9971599579,80.2164916992,68956,68966,10
12.9974298477,80.216217041,68966,68976,10
12.997469902,80.2161865234,68976,68986,10
12.9976797104,80.2160110474,68986,68996,10
12.9981498718,80.2156219482,68996,69007,11
12.9988002777,80.2150268555,69007,69017,10
12.9991397858,80.2147369385,69017,69027,10
12.9994897842,80.2144317627,69027,69037,10
12.999879837,80.2140884399,69037,69046,9
13.000289917,80.213722229,69046,69057,11
13.0008201599,80.2132415771,69057,69077,20
13.0008201599,80.2132415771,69077,69087,10
13.0011997223,80.2129821777,69087,69097,10
13.0016098022,80.212677002,69097,69108,11
13.0020799637,80.2123565674,69108,69118,10
13.0025596619,80.2121810913,69118,69128,10
13.0030403137,80.2121505737,69128,69138,10
13.0036201477,80.212097168,69138,69158,20
13.0036201477,80.212097168,69158,69168,10
13.0036897659,80.2120285034,69168,69178,10
13.0038003922,80.2119979858,69178,69188,10
13.004240036,80.2121887207,69188,69199,11
13.0048904419,80.2125015259,69199,69209,10
13.0055398941,80.2128982544,69209,69219,10
13.0061597824,80.2128677368,69219,69229,10
13.006649971,80.2127914429,69229,69239,10
13.0071496964,80.2128295898,69239,69249,10
13.007519722,80.2128829956,69249,69259,10
13.0076704025,80.2129516602,69259,69320,61
13.0076704025,80.2129516602,69320,69330,10
13.0079603195,80.2132034302,69330,69340,10
13.008099556,80.2132797241,69340,69350,10
13.008310318,80.2133712769,69350,69360,10
13.0086402893,80.2136230469,69360,69370,10
13.0087900162,80.2138214111,69370,69380,10
13.0089998245,80.2141036987,69380,69390,10
13.0094203949,80.2146835327,69390,69411,21
13.0094203949,80.2146835327,69411,69421,10
13.0094995499,80.2147064209,69421,69431,10
13.0095796585,80.2148666382,69431,69441,10
13.0096502304,80.2150115967,69441,69451,10
13.0098896027,80.2152786255,69451,69461,10
13.0102701187,80.2158126831,69461,69471,10
13.0106496811,80.2164230347,69471,69481,10
13.010840416,80.2169876099,69481,69491,10
13.0111303329,80.2175827026,69491,69502,11
13.0114603043,80.218421936,69502,69512,10
13.011759758,80.2193222046,69512,69522,10
13.0120401382,80.2202377319,69522,69531,9
13.012260437,80.2208328247,69531,69542,11
13.0124702454,80.2213821411,69542,69552,10
13.0127000809,80.2218093872,69552,69562,10
13.0130500793,80.2221984863,69562,69572,10
13.0132799149,80.2224578857,69572,69582,10
13.0135297775,80.2227935791,69582,69593,11
13.0139598846,80.2232971191,69593,69603,10
13.0140895844,80.2234573364,69603,69614,11
13.0143003464,80.223739624,69614,69624,10
13.0145797729,80.224029541,69624,69633,9
13.0148496628,80.2243804932,69633,69644,11
13.014960289,80.2245025635,69644,69654,10
13.015080452,80.2246704102,69654,69664,10
13.0153102875,80.2249526978,69664,69684,20
13.0153102875,80.2249526978,69684,69694,10
13.0155601501,80.2251586914,69694,69705,11
13.0160102844,80.2254180908,69705,69715,10
13.0165395737,80.2253723145,69715,69725,10
13.01720047,80.2250976563,69725,69735,10
13.0180196762,80.2247619629,69735,69745,10
13.0187397003,80.2244720459,69745,69755,10
13.0192203522,80.2244110107,69755,69765,10
13.019780159,80.2245788574,69765,69775,10
13.0201797485,80.224937439,69775,69785,10
13.0205898285,80.225227356,69785,69795,10
13.0209302902,80.2255096436,69795,69806,11
13.0211496353,80.2256774902,69806,69816,10
13.0214004517,80.2258987427,69816,69826,10
13.0217895508,80.2261428833,69826,69836,10
13.0218200684,80.2261581421,69836,69846,10
13.0221300125,80.2264175415,69846,69856,10
13.0225801468,80.2267990112,69856,69866,10
13.0228204727,80.2269668579,69866,69876,10
13.0228500366,80.2269973755,69876,69886,10
13.0230197906,80.2272415161,69886,69897,11
13.0231304169,80.2273712158,69897,69907,10
13.0233001709,80.2275085449,69907,69917,10
13.023639679,80.2277984619,69917,69927,10
13.0240697861,80.2282028198,69927,69937,10
13.0242700577,80.2284088135,69937,69947,10
13.0243597031,80.2285308838,69947,69987,40
13.0243597031,80.2285308838,69987,69998,11
13.024479866,80.228729248,69998,70008,10
13.0246801376,80.2290267944,70008,70018,10
13.0249700546,80.2294235229,70018,70028,10
13.0254001617,80.2299804688,70028,70038,10
13.0257196426,80.23046875,70038,70048,10
13.0258903503,80.2308502197,70048,70058,10
13.0259599686,80.2310562134,70058,70068,10
13.0260095596,80.2312927246,70068,70078,10
13.0263204575,80.2313613892,70078,70088,10
13.0270004272,80.2311782837,70088,70099,11
13.0275001526,80.2310562134,70099,70109,10
13.0276098251,80.2310409546,70109,70119,10
13.0279302597,80.2310333252,70119,70129,10
13.0280504227,80.231010437,70129,70139,10
13.0281496048,80.2310333252,70139,70149,10
13.0285196304,80.2309799194,70149,70189,40
13.0285196304,80.2309799194,70189,70200,11
13.0285902023,80.2309188843,70200,70212,12
13.0290403366,80.2309036255,70212,70222,10
13.029419899,80.2308578491,70222,70271,49
13.029419899,80.2308578491,70271,70282,11
13.0296201706,80.2308273315,70282,70291,9
13.0299196243,80.2308120728,70291,70303,12
13.0299596786,80.230796814,70303,70313,10
13.0301303864,80.230796814,70313,70323,10
13.0304803848,80.2307891846,70323,70333,10
13.030960083,80.2307434082,70333,70343,10
13.031419754,80.2307128906,70343,70353,10
13.0320396423,80.2306671143,70353,70363,10
13.0326099396,80.2306289673,70363,70373,10
13.0331602097,80.2305831909,70373,70424,51
13.0331602097,80.2305831909,70424,70434,10
13.0336503983,80.2305374146,70434,70454,20
13.0336503983,80.2305374146,70454,70464,10
13.0338497162,80.2304992676,70464,70474,10
13.0340795517,80.2304763794,70474,70484,10
13.0346603394,80.2303619385,70484,70505,21
13.0346603394,80.2303619385,70505,70515,10
13.0347499847,80.2303390503,70515,70525,10
13.0349397659,80.2302093506,70525,70535,10
13.0345497131,80.2299575806,70535,71282,747
13.0341901779,80.2299804688,71282,71444,162
13.0341396332,80.2303771973,71444,71495,51
13.0341396332,80.2303771973,71495,71505,10
13.0339298248,80.2304763794,71505,71515,10
13.0336103439,80.2304916382,71515,71525,10
13.0330896378,80.2305297852,71525,71535,10
13.0325298309,80.2305679321,71535,71545,10
13.0321302414,80.2306289673,71545,71585,40
13.0321302414,80.2306289673,71585,71596,11
13.0319299698,80.2306518555,71596,71606,10
13.0317897797,80.2306594849,71606,71616,10
13.0313997269,80.2306976318,71616,71747,131
13.0313997269,80.2306976318,71747,71757,10
13.030960083,80.23072052,71757,71777,20
13.030960083,80.23072052,71777,71788,11
13.0307798386,80.2307434082,71788,71798,10
13.0305299759,80.2307434082,71798,71808,10
13.0301904678,80.230796814,71808,71848,40
13.0301904678,80.230796814,71848,71858,10
13.0299797058,80.230796814,71858,71868,10
13.0297498703,80.2308425903,71868,71878,10
13.0294103622,80.2308883667,71878,71889,11
13.0287599564,80.2309570313,71889,71899,10
13.0280799866,80.2310409546,71899,71908,9
13.0276699066,80.2310562134,71908,71919,11
13.0276002884,80.2314376831,71919,71929,10
13.0276699066,80.2320327759,71929,71939,10
13.0277900696,80.2325820923,71939,71949,10
13.0275602341,80.2328872681,71949,71959,10
13.0270395279,80.232963562,71959,71990,31
13.0270395279,80.232963562,71990,72000,10
13.0268001556,80.2330093384,72000,72010,10
13.0264797211,80.2330093384,72010,72020,10
13.0262498856,80.2325820923,72020,72030,10
13.0260400772,80.231880188,72030,72040,10
13.0257997513,80.2310028076,72040,72050,10
13.0253000259,80.2300262451,72050,72060,10
13.0246601105,80.2291717529,72060,72070,10
13.0242500305,80.2286224365,72070,72080,10
13.0239601135,80.2282409668,72080,72091,11
13.0234603882,80.227722168,72091,72101,10
13.0230398178,80.2274703979,72101,72121,20
13.0230398178,80.2274703979,72121,72131,10
13.0228796005,80.2273406982,72131,72141,10
13.0225801468,80.2270431519,72141,72151,10
13.0223398209,80.2266693115,72151,72161,10
13.0218801498,80.2262802124,72161,72171,10
13.0214004517,80.2259216309,72171,72181,10
13.020939827,80.2255401611,72181,72192,11
13.0203800201,80.2251586914,72192,72202,10
13.0197601318,80.2247467041,72202,72212,10
13.0189399719,80.2244796753,72212,72222,10
13.0181598663,80.2247467041,72222,72232,10
13.0173101425,80.2250976563,72232,72242,10
13.0167198181,80.2253799438,72242,72252,10
13.0163803101,80.2255096436,72252,72262,10
13.015999794,80.2256393433,72262,72272,10
13.0154895782,80.2258224487,72272,72283,11
13.0147399902,80.2261123657,72283,72292,9
13.0142803192,80.2262802124,72292,72303,11
13.0142002106,80.22631073,72303,72313,10
13.0138196945,80.2264175415,72313,72323,10
13.0131797791,80.2266464233,72323,72333,10
13.0123796463,80.2269668579,72333,72343,10
13.0114803314,80.2273178101,72343,72353,10
13.0105199814,80.2276992798,72353,72363,10
13.0095396042,80.2277832031,72363,72404,41
13.0095396042,80.2277832031,72404,72414,10
13.0095796585,80.2275085449,72414,72424,10
13.0097398758,80.227180481,72424,72434,10
13.0098495483,80.2269134521,72434,72444,10
13.010020256,80.2265777588,72444,72454,10
13.0101995468,80.2261505127,72454,72485,31
13.0101995468,80.2261505127,72485,72495,10
13.0102796555,80.2258987427,72495,72505,10
13.0103797913,80.2257232666,72505,72515,10
13.0104598999,80.2255172729,72515,72525,10
13.0105695724,80.2252578735,72525,72535,10
13.0107002258,80.2249832153,72535,72545,10
13.0107698441,80.2247924805,72545,72555,10
13.0109996796,80.224281311,72555,72565,10
13.011179924,80.2238082886,72565,72586,21
13.011179924,80.2238082886,72586,72596,10
13.0112800598,80.2234802246,72596,72606,10
13.0115203857,80.22290802,72606,72616,10
13.0117702484,80.2221908569,72616,72626,10
13.0120296478,80.221496582,72626,72636,10
13.012140274,80.2212371826,72636,72646,10
13.0121297836,80.2210083008,72646,72656,10
13.0119800568,80.2204971313,72656,72666,10
13.0117502213,80.2197418213,72666,72676,10
13.011469841,80.2188873291,72676,72687,11
13.0111398697,80.2180023193,72687,72703,16
13.0106201172,80.2168197632,72703,72715,12
13.0102596283,80.2161712646,72715,72725,10
13.0100402832,80.2157287598,72725,72735,10
13.0097503662,80.2151870728,72735,72743,8
13.0094499588,80.2147674561,72743,72754,11
13.0090398788,80.2142410278,72754,72765,11
13.0087995529,80.2138595581,72765,72774,9
13.0085201263,80.2135925293,72774,72806,32
13.0083904266,80.2134628296,72806,72856,50
13.0081701279,80.2133636475,72856,72907,51
13.0081701279,80.2133636475,72907,72917,10
13.0079898834,80.2132568359,72917,72937,20
13.0078802109,80.213218689,72937,72977,40
13.0078802109,80.213218689,72977,72988,11
13.0076503754,80.2129821777,72988,72998,10
13.0073404312,80.2128829956,72998,73008,10
13.0068798065,80.2127838135,73008,73018,10
13.0062704086,80.2128295898,73018,73028,10
13.0057001114,80.2130126953,73028,73038,10
13.0050601959,80.2126235962,73038,73048,10
13.0043201447,80.2122268677,73048,73058,10
13.0036497116,80.2120895386,73058,73068,10
13.0031700134,80.2121200562,73068,73079,11
13.0026597977,80.2121429443,73079,73089,10
13.0024204254,80.2121887207,73089,73099,10
13.0021295547,80.2123336792,73099,73109,10
13.0017700195,80.212562561,73109,73119,10
13.0013399124,80.2128829956,73119,73129,10
13.0009803772,80.2131729126,73129,73139,10
13.0005102158,80.2135696411,73139,73149,10
13.0000400543,80.2140274048,73149,73159,10
12.9997196198,80.2143173218,73159,73289,130
12.9997196198,80.2143173218,73289,73299,10
12.999540329,80.2144317627,73299,73309,10
12.9991798401,80.2147216797,73309,73319,10
12.9989700317,80.2149200439,73319,73328,9
12.9986095428,80.2152023315,73328,73339,11
12.9979896545,80.2157516479,73339,73349,10
12.9975204468,80.2161636353,73349,73359,10
12.9974899292,80.2161865234,73359,73369,10
12.9972600937,80.2164916992,73369,73430,61
12.9972600937,80.2164916992,73430,73440,10
12.9970397949,80.2165985107,73440,73450,10
12.996720314,80.2166213989,73450,73460,10
12.9965000153,80.2166290283,73460,73470,10
12.9962501526,80.2166824341,73470,73481,11
12.9959001541,80.216758728,73481,73491,10
12.9956703186,80.2168197632,73491,73501,10
12.9954595566,80.2169036865,73501,73511,10
12.9952802658,80.2169799805,73511,73521,10
12.9950895309,80.2170791626,73521,73531,10
12.9948997498,80.2171936035,73531,73541,10
12.9945201874,80.2174682617,73541,73551,10
12.9941196442,80.2177810669,73551,73561,10
12.9939203262,80.2179336548,73561,73571,10
12.9934997559,80.2182312012,73571,73582,11
12.9928503036,80.2186813354,73582,73592,10
12.9921998978,80.2191696167,73592,73602,10
12.9917602539,80.2195129395,73602,73612,10
12.9916200638,80.219581604,73612,73622,10
12.9912500381,80.2198486328,73622,73632,10
12.990819931,80.2201919556,73632,73642,10
12.9907798767,80.2202072144,73642,73652,10
12.9907302856,80.2202606201,73652,73662,10
12.9904003143,80.2205123901,73662,73672,10
12.9898796082,80.2209396362,73672,73683,11
12.98939991,80.2215499878,73683,73693,10
12.9889802933,80.222038269,73693,73703,10
12.9885196686,80.2225189209,73703,73713,10
12.9879703522,80.2229919434,73713,73723,10
12.9874601364,80.2231216431,73723,73733,10
12.9871501923,80.2230987549,73733,73743,10
12.9867897034,80.2230377197,73743,73753,10
12.9862604141,80.2229995728,73753,73763,10
12.9857702255,80.2230377197,73763,73773,10
12.9855003357,80.2232666016,73773,73784,11
12.9849996567,80.2232437134,73784,73794,10
12.9843997955,80.22290802,73794,73804,10
12.984000206,80.2227096558,73804,73814,10
12.983710289,80.2225265503,73814,73824,10
12.9833498001,80.2222976685,73824,73834,10
12.9833202362,80.2222671509,73834,73844,10
12.983039856,80.2220916748,73844,73864,20
12.983039856,80.2220916748,73864,73874,10
12.9827804565,80.2219390869,73874,73885,11
12.9822502136,80.2218017578,73885,73894,9
12.9819202423,80.2215805054,73894,73905,11
12.9814596176,80.2212600708,73905,73915,10
12.9809999466,80.2210998535,73915,73925,10
12.9806604385,80.2210769653,73925,73935,10
12.9802503586,80.2211074829,73935,73945,10
12.979590416,80.2211837769,73945,73955,10
12.9788398743,80.221206665,73955,73965,10
12.9781398773,80.2212295532,73965,73976,11
12.977640152,80.221282959,73976,73986,10
12.9770402908,80.2212905884,73986,73996,10
12.9765195847,80.221282959,73996,74006,10
12.9760503769,80.221321106,74006,74026,20
12.9760503769,80.221321106,74026,74036,10
12.9757299423,80.2211914063,74036,74115,79
12.9757299423,80.2211914063,74115,74125,10
12.9755096436,80.220993042,74125,74135,10
12.9752902985,80.2208480835,74135,74145,10
12.9750900269,80.220703125,74145,74155,10
12.9745798111,80.220451355,74155,74164,9
12.9739599228,80.2201919556,74164,74176,12
12.9732398987,80.2199020386,74176,74186,10
12.9725399017,80.2196502686,74186,74196,10
12.9717903137,80.2194137573,74196,74206,10
12.9711904526,80.2192382813,74206,74216,10
12.9711799622,80.2192382813,74216,74226,10
12.9711503983,80.21925354,74226,74236,10
12.9710302353,80.2192382813,74236,74246,10
12.9707698822,80.2190933228,74246,74256,10
12.9703998566,80.2188720703,74256,74266,10
12.9698801041,80.2186584473,74266,74277,11
12.9692697525,80.218421936,74277,74287,10
12.9688100815,80.2182312012,74287,74297,10
12.9683904648,80.2180633545,74297,74307,10
12.968000412,80.2179031372,74307,74317,10
12.9676103592,80.2177429199,74317,74327,10
12.9671001434,80.2175521851,74327,74337,10
12.9663496017,80.2172622681,74337,74347,10
12.9654302597,80.2169036865,74347,74357,10
12.9644098282,80.2164993286,74357,74367,10
12.963549614,80.2161102295,74367,74378,11
12.962770462,80.2157516479,74378,74388,10
12.9619102478,80.215423584,74388,74398,10
12.960940361,80.2150421143,74398,74408,10
12.9599895477,80.2146835327,74408,74418,10
12.9590396881,80.214302063,74418,74428,10
12.9580402374,80.2138977051,74428,74438,10
12.9570398331,80.2135009766,74438,74448,10
12.9559803009,80.2130889893,74448,74458,10
12.954990387,80.2127075195,74458,74468,10
12.9540596008,80.2123336792,74468,74479,11
12.9530601501,80.2119293213,74479,74489,10
12.952050209,80.2115097046,74489,74499,10
12.9510002136,80.2110900879,74499,74509,10
12.9499597549,80.2106781006,74509,74519,10
12.9490299225,80.210319519,74519,74529,10
12.9481496811,80.2099761963,74529,74539,10
12.9470701218,80.2095413208,74539,74549,10
12.9458703995,80.2090530396,74549,74565,16
12.944319725,80.2084732056,74565,74578,13
12.9442596436,80.2084579468,74578,74588,10
12.9440898895,80.2083969116,74588,74598,10
12.9439601898,80.2083435059,74598,74608,10
12.9435901642,80.208190918,74608,74618,10
12.9430398941,80.2078704834,74618,74628,10
12.9425601959,80.2072677612,74628,74638,10
12.9419698715,80.2067108154,74638,74647,9
12.9412002563,80.2061920166,74647,74658,11
12.9410400391,80.2061080933,74658,74668,10
12.9407997131,80.2059936523,74668,74679,11
12.9402198792,80.2057876587,74679,74689,10
12.9395103455,80.2055892944,74689,74699,10
12.9387197495,80.2053527832,74699,74709,10
12.9378595352,80.2051010132,74709,74719,10
12.9369001389,80.2048187256,74719,74729,10
12.9359397888,80.2045516968,74729,74739,10
12.9351396561,80.2042236328,74739,74749,10
12.9343099594,80.2040405273,74749,74759,10
12.9337797165,80.2040023804,74759,74769,10
12.9337301254,80.2039871216,74769,74780,11
12.9335403442,80.2039413452,74780,74790,10
12.9330797195,80.2038269043,74790,74800,10
12.9324102402,80.2035598755,74800,74810,10
12.9316396713,80.2033309937,74810,74820,10
12.9308300018,80.2030563354,74820,74830,10
12.9303197861,80.2029571533,74830,74840,10
12.9296703339,80.20287323,74840,74850,10
12.9296102524,80.20287323,74850,74860,10
12.9294395447,80.2028503418,74860,74870,10
12.9289703369,80.2027816772,74870,74881,11
12.9284601212,80.2024765015,74881,74891,10
12.9284200668,80.201789856,74891,74901,10
12.9283800125,80.2009429932,74901,74911,10
12.928319931,80.2000732422,74911,74921,10
12.928150177,80.1994628906,74921,74931,10
12.9278297424,80.1988067627,74931,74941,10
12.9273099899,80.1981277466,74941,74951,10
12.9265403748,80.1977081299,74951,74961,10
12.9259796143,80.197593689,74961,74971,10
12.9257001877,80.197593689,74971,74982,11
12.9255304337,80.1976013184,74982,74992,10
12.925330162,80.1976013184,74992,75002,10
12.9249095917,80.1975784302,75002,75012,10
12.9243001938,80.1975631714,75012,75022,10
12.9239301682,80.1975479126,75022,75032,10
12.9234304428,80.1975402832,75032,75042,10
12.9230699539,80.1974868774,75042,75052,10
12.9224996567,80.1974105835,75052,75062,10
12.9220399857,80.1973495483,75062,75073,11
12.9219303131,80.1973190308,75073,75083,10
12.9215803146,80.1971969604,75083,75093,10
12.9212799072,80.1970901489,75093,75103,10
12.9208698273,80.196937561,75103,75113,10
12.9203701019,80.1967697144,75113,75123,10
12.9198198318,80.1965713501,75123,75133,10
12.9193401337,80.1963577271,75133,75143,10
12.9188699722,80.1960067749,75143,75153,10
12.918419838,80.1956176758,75153,75163,10
12.917889595,80.1951293945,75163,75174,11
12.9172897339,80.1945877075,75174,75184,10
12.9170703888,80.1942901611,75184,75194,10
12.9169902802,80.1940994263,75194,75204,10
12.9169597626,80.1938705444,75204,75214,10
12.9169597626,80.193611145,75214,75224,10
12.9169597626,80.1934204102,75224,75234,10
12.9169998169,80.1930999756,75234,75244,10
12.9170598984,80.1925811768,75244,75254,10
12.9170799255,80.1924209595,75254,75264,10
12.9171495438,80.1920776367,75264,75275,11
12.9172000885,80.1915435791,75275,75295,20
12.9172000885,80.1915435791,75295,75305,10
12.9172697067,80.1912536621,75305,75315,10
12.917309761,80.1907196045,75315,75325,10
12.9174003601,80.1900024414,75325,75335,10
12.9176998138,80.189201355,75335,75345,10
12.9182100296,80.1885223389,75345,75355,10
12.9187297821,80.1879425049,75355,75365,10
12.9192495346,80.1873779297,75365,75376,11
12.9198198318,80.1866912842,75376,75386,10
12.9204301834,80.1859664917,75386,75396,10
12.9204502106,80.1851806641,75396,75406,10
12.9202899933,80.1845397949,75406,75416,10
12.9202604294,80.1844177246,75416,75426,10
12.9202203751,80.1842803955,75426,75436,10
12.9201202393,80.1837997437,75436,75446,10
12.9200000763,80.1832427979,75446,75456,10
12.9199199677,80.1828689575,75456,75466,10
12.9199199677,80.1828613281,75466,75477,11
12.9198904037,80.1826171875,75477,75487,10
12.9197702408,80.1820983887,75487,75497,10
12.9195899963,80.1813278198,75497,75507,10
12.9194002151,80.1804199219,75507,75517,10
12.9191102982,80.1794281006,75517,75527,10
12.918589592,80.1786804199,75527,75537,10
12.9181203842,80.1777877808,75537,75547,10
12.9182796478,80.1766815186,75547,75557,10
12.9185400009,80.1756820679,75557,75567,10
12.9187602997,80.1746826172,75567,75578,11
12.9190502167,80.173538208,75578,75588,10
12.9193201065,80.1725387573,75588,75598,10
12.9195699692,80.1716003418,75598,75608,10
12.9197397232,80.1710205078,75608,75618,10
12.9197797775,80.1709365845,75618,75628,10
12.9199304581,80.1704788208,75628,75638,10
12.9201698303,80.1697235107,75638,75648,10
12.9204702377,80.168762207,75648,75658,10
12.9207401276,80.1679077148,75658,75668,10
12.9209699631,80.1671981812,75668,75679,11
12.9212999344,80.1661911011,75679,75689,10
12.9216403961,80.1651535034,75689,75699,10
12.9219303131,80.1642074585,75699,75709,10
12.9221897125,80.1633834839,75709,75719,10
12.9224500656,80.1625213623,75719,75729,10
12.9227199554,80.1616668701,75729,75739,10
12.9229898453,80.1608505249,75739,75749,10
12.9230604172,80.1605834961,75749,75759,10
12.9231595993,80.1603164673,75759,75769,10
12.9232797623,80.1596832275,75769,75780,11
12.9233999252,80.1586074829,75780,75790,10
12.923500061,80.1574478149,75790,75800,10
12.9235897064,80.1564178467,75800,75810,10
12.9234800339,80.1555175781,75810,75820,10
12.9233503342,80.1551513672,75820,75830,10
12.9232997894,80.1550369263,75830,75840,10
12.9232196808,80.1546783447,75840,75850,10
12.9230899811,80.1540679932,75850,75860,10
12.9229097366,80.1533203125,75860,75870,10
12.922750473,80.1527175903,75870,75881,11
12.9227199554,80.1525726318,75881,75891,10
12.9226799011,80.1522674561,75891,75901,10
12.9226503372,80.1520385742,75901,75911,10
12.9226303101,80.1518783569,75911,75921,10
12.9226198196,80.1513900757,75921,75931,10
12.9225902557,80.1506729126,75931,75941,10
12.9225597382,80.149810791,75941,75951,10
12.9225196838,80.1488876343,75951,75961,10
12.9225196838,80.1480484009,75961,75972,11
12.9224996567,80.1473999023,75972,75982,10
12.9224901199,80.146987915,75982,75992,10
12.9224996567,80.1468429565,75992,76002,10
12.9224996567,80.1466369629,76002,76012,10
12.9224996567,80.1465301514,76012,76022,10
12.9224996567,80.1461334229,76022,76032,10
12.9224596024,80.1454467773,76032,76042,10
12.9224300385,80.1446533203,76042,76052,10
12.9224004745,80.143989563,76052,76062,10
12.9223804474,80.143661499,76062,76073,11
12.9223804474,80.1436233521,76073,76083,10
12.9223899841,80.1432113647,76083,76163,80
12.9223899841,80.1432113647,76163,76174,11
12.9223604202,80.1429367065,76174,76184,10
12.922369957,80.1426010132,76184,76194,10
12.9223604202,80.1420516968,76194,76204,10
12.9223299026,80.1415176392,76204,76214,10
12.9223403931,80.141418457,76214,76224,10
12.9223403931,80.1409225464,76224,76234,10
12.9223403931,80.1401824951,76234,76244,10
12.9223299026,80.1393203735,76244,76254,10
12.9223899841,80.1383209229,76254,76264,10
12.9224300385,80.137298584,76264,76275,11
12.9224796295,80.1361923218,76275,76285,10
12.9225196838,80.1351699829,76285,76295,10
12.9225597382,80.1341400146,76295,76305,10
12.9226102829,80.133102417,76305,76315,10
12.9226303101,80.1323318481,76315,76325,10
12.9226398468,80.1314620972,76325,76341,16
12.922659874,80.1310424805,76341,76353,12
12.9227199554,80.1302871704,76353,76361,8
12.9227399826,80.1297607422,76361,76374,13
12.9228096008,80.1289291382,76374,76382,8
12.9228401184,80.1284484863,76382,76394,12
12.9228696823,80.1276626587,76394,76404,10
12.9228801727,80.1269073486,76404,76414,10
12.9229001999,80.1261062622,76414,76424,10
12.9229402542,80.1250305176,76424,76434,10
12.9229898453,80.1239776611,76434,76444,10
12.9230203629,80.1228866577,76444,76454,10
12.9230604172,80.1218490601,76454,76464,10
12.923119545,80.1209335327,76464,76485,21
12.923119545,80.1209335327,76485,76495,10
12.9231395721,80.1207199097,76495,76505,10
12.9231595993,80.1205825806,76505,76515,10
12.923210144,80.1202697754,76515,76525,10
12.9232397079,80.1198730469,76525,76535,10
12.9232501984,80.1193618774,76535,76545,10
12.9232702255,80.118888855,76545,76555,10
12.9232702255,80.1185302734,76555,76565,10
12.9232902527,80.1181869507,76565,76576,11
12.9233598709,80.1176376343,76576,76585,9
12.9234104156,80.1171035767,76585,76606,21
12.9234104156,80.1171035767,76606,76616,10
12.9234399796,80.1169204712,76616,76626,10
12.9235696793,80.116897583,76626,76879,253
12.9235696793,80.116897583,76879,76889,10
12.9234304428,80.1174621582,76889,76899,10
12.9235200882,80.1179199219,76899,76909,10
12.9234304428,80.1186065674,76909,76919,10
12.9233798981,80.1194000244,76919,76929,10
12.9233198166,80.1200866699,76929,76939,10
12.9232997894,80.1206130981,76939,76949,10
12.9232501984,80.1210632324,76949,76959,10
12.9232501984,80.1212615967,76959,77071,112
12.9232501984,80.1212615967,77071,77081,10
12.9232301712,80.1215591431,77081,77091,10
12.9231796265,80.1220092773,77091,77101,10
12.9231395721,80.1227416992,77101,77111,10
12.9231004715,80.1236190796,77111,77121,10
12.92304039,80.1245498657,77121,77131,10
12.9229898453,80.1256408691,77131,77141,10
12.9229402542,80.1267166138,77141,77151,10
12.9229001999,80.1275024414,77151,77161,10
12.9229001999,80.1279373169,77161,77172,11
12.9228801727,80.12840271,77172,77182,10
12.9228496552,80.1289291382,77182,77192,10
12.9228096008,80.1295623779,77192,77202,10
12.9227695465,80.1301727295,77202,77212,10
12.922750473,80.1309204102,77212,77222,10
12.9227399826,80.1315002441,77222,77232,10
12.9227104187,80.1322174072,77232,77242,10
12.9226703644,80.1331634521,77242,77252,10
12.9226102829,80.1342086792,77252,77262,10
12.9225797653,80.1349334717,77262,77273,11
12.9225502014,80.1354980469,77273,77283,10
12.9225301743,80.1361999512,77283,77293,10
12.9224796295,80.1370010376,77293,77303,10
12.9224395752,80.1378097534,77303,77313,10
12.922419548,80.1384811401,77313,77323,10
12.9223499298,80.139213562,77323,77333,10
12.922369957,80.1399765015,77333,77343,10
12.9223804474,80.1404571533,77343,77353,10
12.9223804474,80.1411437988,77353,77364,11
12.9223899841,80.1419677734,77364,77374,10
12.9223899841,80.1423187256,77374,77394,20
12.9223899841,80.1423187256,77394,77404,10
12.9224004745,80.1425476074,77404,77414,10
12.922419548,80.142906189,77414,77424,10
12.9224500656,80.1434402466,77424,77434,10
12.9224796295,80.1441268921,77434,77444,10
12.9225101471,80.1450424194,77444,77454,10
12.9225702286,80.1460037231,77454,77465,11
12.9225902557,80.1473388672,77465,77485,20
12.9225902557,80.1473388672,77485,77495,10
12.9225797653,80.147567749,77495,77505,10
12.9225797653,80.148109436,77505,77515,10
12.9225797653,80.14894104,77515,77525,10
12.9226303101,80.1500015259,77525,77535,10
12.922659874,80.1511306763,77535,77545,10
12.9227199554,80.1521530151,77545,77555,10
12.9229297638,80.1529922485,77555,77566,11
12.9230804443,80.1535873413,77566,77576,10
12.9232196808,80.1541595459,77576,77586,10
12.9234399796,80.1549530029,77586,77596,10
12.9236497879,80.1557998657,77596,77606,10
12.9236402512,80.1569137573,77606,77616,10
12.9235200882,80.1580810547,77616,77626,10
12.9234304428,80.1592330933,77626,77636,10
12.9233198166,80.1602401733,77636,77646,10
12.9232597351,80.1604614258,77646,77662,16
12.9229402542,80.1613922119,77662,77675,13
12.9225196838,80.1625976563,77675,77685,10
12.922249794,80.1634292603,77685,77695,10
12.9218902588,80.1645736694,77695,77703,8
12.921500206,80.1657562256,77703,77715,12
12.9210700989,80.1670608521,77715,77725,10
12.9208803177,80.1678237915,77725,77735,10
12.9206399918,80.16847229,77735,77745,10
12.9203796387,80.1692504883,77745,77755,10
12.9200801849,80.1702728271,77755,77766,11
12.9198303223,80.1710586548,77766,77776,10
12.9197797775,80.1711883545,77776,77786,10
12.9196796417,80.1715087891,77786,77796,10
12.9194898605,80.1721725464,77796,77806,10
12.919260025,80.1730499268,77806,77816,10
12.9189901352,80.1741333008,77816,77826,10
12.9187297821,80.1752929688,77826,77836,10
12.9184303284,80.1764678955,77836,77846,10
12.9182300568,80.1777114868,77846,77856,10
12.9187698364,80.1787872314,77856,77867,11
12.919380188,80.17993927,77867,77877,10
12.9196395874,80.1811676025,77877,77887,10
12.9199199677,80.1824035645,77887,77897,10
12.9202203751,80.1836166382,77897,77907,10
12.9204502106,80.1847000122,77907,77917,10
12.9206495285,80.1856536865,77917,77927,10
12.9205598831,80.1859436035,77927,77937,10
12.9202899933,80.1862716675,77937,77947,10
12.9198102951,80.1868209839,77947,77957,10
12.9192495346,80.1874771118,77957,77968,11
12.9187602997,80.1880493164,77968,77978,10
12.9182901382,80.1885604858,77978,77988,10
12.9177799225,80.189201355,77988,77998,10
12.9174604416,80.1901397705,77998,78008,10
12.9173297882,80.1911010742,78008,78018,10
12.9172401428,80.1919174194,78018,78028,10
12.917140007,80.1926422119,78028,78038,10
12.917090416,80.1930618286,78038,78048,10
12.9170703888,80.1932296753,78048,78058,10
12.917090416,80.1935501099,78058,78069,11
12.9171800613,80.1941223145,78069,78079,10
12.9175195694,80.1946334839,78079,78089,10
12.9181003571,80.1951904297,78089,78099,10
12.9187402725,80.1957778931,78099,78115,16
12.9198703766,80.1965332031,78115,78127,12
12.920800209,80.1968307495,78127,78137,10
12.9210300446,80.1968917847,78137,78147,10
12.9215602875,80.1970977783,78147,78157,10
12.9223899841,80.1973114014,78157,78167,10
12.923210144,80.1974182129,78167,78178,11
12.9241600037,80.1974868774,78178,78188,10
12.9249897003,80.1974868774,78188,78198,10
12.9252901077,80.1974868774,78198,78208,10
12.9258403778,80.197479248,78208,78218,10
12.9265098572,80.1976165771,78218,78228,10
12.927189827,80.1979370117,78228,78238,10
12.9277496338,80.1984710693,78238,78248,10
12.9280996323,80.1991500854,78248,78259,11
12.9284000397,80.1999588013,78259,78269,10
12.9284801483,80.2007827759,78269,78279,10
12.9285097122,80.2014083862,78279,78289,10
12.9285402298,80.2021026611,78289,78299,10
12.9288597107,80.2026824951,78299,78309,10
12.9296703339,80.2027893066,78309,78319,10
12.9305095673,80.2029037476,78319,78329,10
12.9313297272,80.2031173706,78329,78339,10
12.9321603775,80.2033996582,78339,78349,10
12.9328804016,80.2036209106,78349,78360,11
12.9337100983,80.2038726807,78360,78370,10
12.9340400696,80.2039031982,78370,78380,10
12.9344501495,80.2039413452,78380,78390,10
12.9351301193,80.2040863037,78390,78400,10
12.9359397888,80.2044525146,78400,78410,10
12.9367198944,80.2046585083,78410,78420,10
12.9371404648,80.2047805786,78420,78430,10
12.9378404617,80.2049636841,78430,78440,10
12.9388198853,80.2052536011,78440,78450,10
12.9398899078,80.2055664063,78450,78461,11
12.9402399063,80.2056503296,78461,78471,10
12.9407100677,80.2058181763,78471,78481,10
12.9414196014,80.206161499,78481,78491,10
12.9422101974,80.2067337036,78491,78501,10
12.9428501129,80.2074127197,78501,78511,10
12.9435596466,80.2080688477,78511,78521,10
12.9443101883,80.2083587646,78521,78531,10
12.9445695877,80.2084579468,78531,78541,10
12.9451799393,80.2087020874,78541,78551,10
12.9460000992,80.2090072632,78551,78562,11
12.9469995499,80.2093887329,78562,78572,10
12.9478797913,80.2097167969,78572,78582,10
12.9487800598,80.2100830078,78582,78592,10
12.9498500824,80.2105102539,78592,78602,10
12.9510202408,80.2109603882,78602,78618,16
12.9528398514,80.2116775513,78618,78630,12
12.9541501999,80.2122116089,78630,78638,8
12.9550304413,80.212562561,78638,78650,12
12.9563598633,80.2130584717,78650,78661,11
12.9575595856,80.2135620117,78661,78671,10
12.9586601257,80.2139892578,78671,78681,10
12.9596099854,80.2143630981,78681,78691,10
12.9606399536,80.2147903442,78691,78701,10
12.9617395401,80.2152175903,78701,78711,10
12.9628295898,80.215637207,78711,78721,10
12.9635295868,80.2159194946,78721,78731,10
12.9638900757,80.2160720825,78731,78741,10
12.9645700455,80.2163619995,78741,78751,10
12.9654197693,80.2167205811,78751,78762,11
12.9662599564,80.217048645,78762,78772,10
12.9668397903,80.2172775269,78772,78782,10
12.9674396515,80.2175064087,78782,78792,10
12.9678897858,80.2177124023,78792,78802,10
12.9683198929,80.217880249,78802,78812,10
12.9690198898,80.218132019,78812,78822,10
12.9698696136,80.218460083,78822,78832,10
12.9706802368,80.2187805176,78832,78842,10
12.9710302353,80.2189025879,78842,78852,10
12.9712600708,80.218963623,78852,78863,11
12.9718904495,80.2192382813,78863,78873,10
12.9725503922,80.2195129395,78873,78883,10
12.9732303619,80.2197723389,78883,78893,10
12.9738903046,80.2200317383,78893,78903,10
12.9744901657,80.2202835083,78903,78913,10
12.9750003815,80.2205429077,78913,78953,40
12.9750003815,80.2205429077,78953,78964,11
12.9751596451,80.2205886841,78964,78974,10
12.9753599167,80.2206573486,78974,78984,10
12.9755296707,80.2207717896,78984,78994,10
12.9757404327,80.220993042,78994,79004,10
12.9759397507,80.2211685181,79004,79014,10
12.9762001038,80.2212524414,79014,79024,10
12.976559639,80.2212371826,79024,79034,10
12.9770002365,80.2212524414,79034,79044,10
12.9775104523,80.2212295532,79044,79055,11
12.978099823,80.221206665,79055,79065,10
12.9786500931,80.2211685181,79065,79075,10
12.9792995453,80.2211227417,79075,79085,10
12.9800300598,80.2210693359,79085,79095,10
12.9807500839,80.2210235596,79095,79105,10
12.9813995361,80.221206665,79105,79115,10
12.9817695618,80.2214431763,79115,79125,10
12.9821300507,80.2216796875,79125,79135,10
12.9826002121,80.2218475342,79135,79145,10
12.9828395844,80.2219390869,79145,79156,11
12.9830799103,80.2220687866,79156,79166,10
12.983420372,80.2223129272,79166,79176,10
12.9837503433,80.2225112915,79176,79186,10
12.9839401245,80.2226333618,79186,79196,10
12.9842395782,80.2227935791,79196,79206,10
12.9846696854,80.2230834961,79206,79216,10
12.9851102829,80.2232666016,79216,79226,10
12.9855003357,80.223197937,79226,79236,10
12.9859304428,80.2229614258,79236,79246,10
12.9865198135,80.2229690552,79246,79257,11
12.9871101379,80.2230606079,79257,79267,10
12.9876203537,80.2230682373,79267,79277,10
12.9881496429,80.2228164673,79277,79287,10
12.9886398315,80.2223815918,79287,79297,10
12.9890699387,80.221862793,79297,79307,10
12.9894800186,80.2213516235,79307,79317,10
12.9899301529,80.2207717896,79317,79327,10
12.9904899597,80.2202987671,79327,79337,10
12.9909296036,80.2199630737,79337,79347,10
12.9914197922,80.2195663452,79347,79358,11
12.9920101166,80.2191619873,79358,79368,10
12.9925899506,80.2187576294,79368,79378,10
12.9931001663,80.2183685303,79378,79388,10
12.9935998917,80.2180023193,79388,79398,10
12.9939699173,80.2177429199,79398,79408,10
12.9942998886,80.2174911499,79408,79418,10
12.9946699142,80.2172164917,79418,79434,16
12.9952802658,80.2168197632,79434,79446,12
12.9959802628,80.216583252,79446,79457,11
12.9968099594,80.2164916992,79457,79466,9
12.9972200394,80.2163925171,79466,79478,12
12.9975299835,80.2160797119,79478,79488,10
12.9975404739,80.2160568237,79488,79498,10
12.9976797104,80.216003418,79498,79508,10
12.9979496002,80.2157592773,79508,79518,10
12.9983797073,80.2153396606,79518,79528,10
12.9989795685,80.2148513794,79528,79538,10
12.999250412,80.2146224976,79538,79549,11
12.999710083,80.2142028809,79549,79559,10
13.0001001358,80.2138519287,79559,79569,10
13.0006303787,80.2133636475,79569,79579,10
13.0012998581,80.2128601074,79579,79589,10
13.0018997192,80.2124099731,79589,79599,10
13.0024900436,80.2121200562,79599,79609,10
13.0030698776,80.212059021,79609,79619,10
13.0037002563,80.2120132446,79619,79629,10
13.0043401718,80.2121429443,79629,79639,10
13.0049495697,80.2124633789,79639,79650,11
13.0055799484,80.2128295898,79650,79660,10
13.006070137,80.2128677368,79660,79670,10
13.0065698624,80.2127380371,79670,79680,10
13.007109642,80.2127609253,79680,79690,10
13.0077495575,80.212928772,79690,79720,30
13.0077495575,80.212928772,79720,79729,9
13.0078401566,80.2129898071,79729,79740,11
13.0081796646,80.2132415771,79740,79751,11
13.0086402893,80.2135314941,79751,79761,10
13.0090503693,80.2141036987,79761,79771,10
13.0094604492,80.2147064209,79771,79781,10
13.0098800659,80.2152023315,79781,79791,10
13.0103197098,80.2157821655,79791,79801,10
13.0106801987,80.2164230347,79801,79811,10
13.010890007,80.2171096802,79811,79821,10
13.0112600327,80.2179489136,79821,79831,10
13.0115499496,80.2188415527,79831,79841,10
13.0119104385,80.2200317383,79841,79852,11
13.0122499466,80.2211608887,79852,79862,10
13.0125904083,80.2218017578,79862,79872,10
13.0129299164,80.2223587036,79872,79882,10
13.0134000778,80.2228393555,79882,79892,10
13.0138902664,80.2233276367,79892,79902,10
13.014289856,80.2238693237,79902,79912,10
13.0148696899,80.2245635986,79912,79922,10
13.015370369,80.2251815796,79922,79932,10
13.0154104233,80.2255172729,79932,79942,10
13.0152702332,80.2258529663,79942,79953,11
13.0149002075,80.225982666,79953,79963,10
13.0144996643,80.2260894775,79963,79983,20
13.0144996643,80.2260894775,79983,79993,10
13.0142402649,80.2261734009,79993,80003,10
13.0141897202,80.2256622314,80003,80094,91
13.0141897202,80.2256622314,80094,80104,10
13.0141601563,80.2255401611,80104,80114,10
13.014169693,80.2254486084,80114,80124,10
13.0140800476,80.2252578735,80124,80144,20
13.0140800476,80.2252578735,80144,80155,11
13.0140895844,80.2255783081,80155,80710,555
13.014169693,80.2257385254,80710,80842,132
