12.987159729,80.2586364746,19,1343,1324
12.9870595932,80.2584991455,1343,1414,71
12.9870700836,80.2584991455,1414,3872,2458
12.9870700836,80.2584991455,3872,3882,10
12.9870996475,80.2586898804,3882,3993,111
12.9870796204,80.2586212158,3993,4296,303
12.9870796204,80.2586212158,4296,4306,10
12.9870595932,80.2585296631,4306,4660,354
12.9871101379,80.2585372925,4660,4873,213
12.9870195389,80.2586135864,4873,4974,101
12.9871301651,80.2585067749,4974,5935,961
12.9871301651,80.2585067749,5935,5945,10
12.9871702194,80.2586288452,5945,9161,3216
12.9871997833,80.2585830688,9161,10233,1072
12.9871501923,80.2585830688,10233,13550,3317
12.9871301651,80.2584686279,13550,13641,91
12.987159729,80.258682251,13641,13701,60
12.9871397018,80.2584381104,13701,16614,2913
12.9871397018,80.2585296631,16614,16998,384
12.987159729,80.2585601807,16998,17089,91
12.987159729,80.2585372925,17089,17221,132
12.9871702194,80.2585678101,17221,17241,20
12.9872198105,80.2586212158,17241,17686,445
12.9871797562,80.2584762573,17686,17727,41
12.9871702194,80.2584991455,17727,17797,70
12.9871797562,80.2585296631,17797,18263,466
12.987159729,80.2585983276,18263,18768,505
12.9872198105,80.2584762573,18768,18788,20
12.9872102737,80.2584609985,18788,18819,31
12.9871501923,80.2585296631,18819,18849,30
12.9871702194,80.2585525513,18849,19658,809
12.9871702194,80.2585525513,19658,19668,10
12.9872999191,80.2585830688,19668,19719,51
12.9872999191,80.2585830688,19719,19729,10
12.9874401093,80.2583084106,19729,19739,10
12.9874401093,80.2580795288,19739,19749,10
12.9874696732,80.2576675415,19749,20002,253
12.9875602722,80.2574462891,20002,20437,435
12.9874801636,80.2574996948,20437,20801,364
12.9874801636,80.2574920654,20801,20872,71
12.9875898361,80.2573928833,20872,21256,384
12.9876003265,80.2574081421,21256,21306,50
12.9876298904,80.2574615479,21306,21559,253
12.9876003265,80.2574615479,21559,21580,21
12.987830162,80.2573776245,21580,21671,91
12.987830162,80.2573776245,21671,21681,10
12.9879102707,80.2573318481,21681,21701,20
12.9876804352,80.2574234009,21701,22055,354
12.9874696732,80.2574768066,22055,22116,61
12.9874696732,80.2574768066,22116,22126,10
12.9875202179,80.2570037842,22126,22136,10
12.9876403809,80.2562179565,22136,22146,10
12.9876699448,80.2556533813,22146,22156,10
12.9877595901,80.2549209595,22156,22166,10
12.987830162,80.2539520264,22166,22176,10
12.9879102707,80.2528915405,22176,22186,10
12.9879198074,80.2520980835,22186,22196,10
12.9877796173,80.2516784668,22196,22207,11
12.9877595901,80.251663208,22207,22217,10
12.9873199463,80.2516403198,22217,22227,10
12.9865102768,80.2518005371,22227,22237,10
12.9854898453,80.2520523071,22237,22247,10
12.9842100143,80.2523880005,22247,22257,10
12.9828796387,80.2526626587,22257,22267,10
12.9814395905,80.2527236938,22267,22277,10
12.9801397324,80.2527923584,22277,22287,10
12.978890419,80.2526779175,22287,22298,11
12.9779396057,80.2521591187,22298,22308,10
12.976940155,80.251411438,22308,22318,10
12.9756498337,80.2510070801,22318,22328,10
12.97453022,80.2506790161,22328,22338,10
12.9734296799,80.2503814697,22338,22348,10
12.9722204208,80.2500610352,22348,22358,10
12.9710302353,80.2497177124,22358,22368,10
12.9698400497,80.2493286133,22368,22378,10
12.9686603546,80.2488632202,22378,22389,11
12.9674301147,80.2483673096,22389,22399,10
12.9664697647,80.2479019165,22399,22409,10
12.9655103683,80.2474975586,22409,22419,10
12.9646196365,80.2472229004,22419,22429,10
12.9637002945,80.2468566895,22429,22439,10
12.9628601074,80.2464294434,22439,22449,10
12.962100029,80.2460327148,22449,22459,10
12.9611301422,80.2455673218,22459,22469,10
12.9601898193,80.2451782227,22469,22480,11
12.9593400955,80.2448120117,22480,22490,10
12.9591798782,80.2447280884,22490,22500,10
12.9584999084,80.2444000244,22500,22510,10
12.9576797485,80.2440567017,22510,22520,10
12.9567804337,80.2437362671,22520,22530,10
12.9563703537,80.2435684204,22530,22540,10
12.9558401108,80.2433319092,22540,22550,10
12.9549999237,80.2429504395,22550,22560,10
12.9538898468,80.2425003052,22560,22571,11
12.952580452,80.2419662476,22571,22581,10
12.9516000748,80.241607666,22581,22591,10
12.9504995346,80.2412796021,22591,22601,10
12.9494400024,80.2409820557,22601,22611,10
12.9487895966,80.2407302856,22611,22621,10
12.9481601715,80.2404785156,22621,22631,10
12.947259903,80.2400970459,22631,22641,10
12.9462795258,80.239692688,22641,22651,10
12.9453401566,80.2392730713,22651,22662,11
12.9443397522,80.2382507324,22662,22672,10
12.9433698654,80.237197876,22672,22682,10
12.9423398972,80.2365112305,22682,22692,10
12.9411401749,80.2361831665,22692,22702,10
12.9401197433,80.2359313965,22702,22712,10
12.9396896362,80.235748291,22712,22722,10
12.9388999939,80.2353363037,22722,22732,10
12.9376296997,80.2347335815,22732,22742,10
12.9364099503,80.2341766357,22742,22753,11
12.9355697632,80.233757019,22753,22763,10
12.9346504211,80.2333374023,22763,22773,10
12.9337997437,80.2329788208,22773,22783,10
12.9329395294,80.2325897217,22783,22793,10
12.9319496155,80.2322463989,22793,22802,9
12.9307699203,80.2318572998,22802,22813,11
12.9293498993,80.2314682007,22813,22823,10
12.9279603958,80.2312316895,22823,22833,10
12.9266004562,80.231048584,22833,22844,11
12.9251804352,80.2308807373,22844,22854,10
12.9237604141,80.23072052,22854,22864,10
12.922249794,80.2304992676,22864,22874,10
12.9207000732,80.2302932739,22874,22884,10
12.919260025,80.2301101685,22884,22894,10
12.9178695679,80.2299118042,22894,22904,10
12.9163503647,80.2297210693,22904,22914,10
12.9148797989,80.2295074463,22914,22924,10
12.9138202667,80.2293701172,22924,22935,11
12.9130096436,80.2292633057,22935,22945,10
12.9120597839,80.2291107178,22945,22955,10
12.9108695984,80.2289505005,22955,22965,10
12.909620285,80.2287597656,22965,22975,10
12.9082298279,80.2285232544,22975,22985,10
12.906920433,80.2283401489,22985,22995,10
12.90583992,80.2282562256,22995,23005,10
12.9050102234,80.2282180786,23005,23015,10
12.9039802551,80.228187561,23015,23026,11
12.9028596878,80.2281036377,23026,23036,10
12.9019403458,80.2280578613,23036,23046,10
12.9013795853,80.2280273438,23046,23056,10
12.9006004333,80.2279815674,23056,23066,10
12.8995800018,80.2279281616,23066,23086,20
12.8995800018,80.2279281616,23086,23096,10
12.8992795944,80.227897644,23096,23106,10
12.8990097046,80.2278671265,23106,23117,11
12.8980302811,80.2278137207,23117,23127,10
12.896780014,80.2277297974,23127,23137,10
12.8952503204,80.2276763916,23137,23147,10
12.8939504623,80.2276229858,23147,23157,10
12.8927898407,80.2275009155,23157,23167,10
12.8923397064,80.2274475098,23167,23177,10
12.8913898468,80.2274093628,23177,23187,10
12.8901100159,80.2274093628,23187,23197,10
12.8886899948,80.2274017334,23197,23208,11
12.8871498108,80.2272567749,23208,23218,10
12.8856496811,80.2268981934,23218,23228,10
12.8840703964,80.2267684937,23228,23238,10
12.8824596405,80.2267608643,23238,23248,10
12.8809099197,80.2267913818,23248,23258,10
12.8792800903,80.2268218994,23258,23268,10
12.8777198792,80.2269287109,23268,23278,10
12.8766202927,80.2270431519,23278,23288,10
12.8764200211,80.2270431519,23288,23299,11
12.8757896423,80.2270202637,23299,23309,10
12.8748197556,80.2268981934,23309,23319,10
12.8736600876,80.2267837524,23319,23329,10
12.8727397919,80.2267227173,23329,23339,10
12.8718299866,80.2267227173,23339,23349,10
12.8706998825,80.2266769409,23349,23359,10
12.8695402145,80.2265701294,23359,23369,10
12.8683595657,80.2264404297,23369,23379,10
12.8671398163,80.2265167236,23379,23390,11
12.8657999039,80.2266235352,23390,23400,10
12.8645496368,80.226600647,23400,23410,10
12.8632602692,80.2265625,23410,23420,10
12.8619699478,80.2266387939,23420,23430,10
12.8610601425,80.2266387939,23430,23440,10
12.8608798981,80.2266082764,23440,23450,10
12.8602800369,80.2265167236,23450,23460,10
12.8593597412,80.2263793945,23460,23470,10
12.8582201004,80.226272583,23470,23481,11
12.8568601608,80.226348877,23481,23491,10
12.8556404114,80.2264709473,23491,23501,10
12.8544301987,80.2266082764,23501,23511,10
12.8532304764,80.2267227173,23511,23521,10
12.8520402908,80.2267074585,23521,23531,10
12.850859642,80.2266693115,23531,23541,10
12.8497200012,80.2266235352,23541,23551,10
12.8484401703,80.2266235352,23551,23561,10
12.8471298218,80.2266464233,23561,23572,11
12.8458499908,80.2266693115,23572,23582,10
12.8453998566,80.2266693115,23582,23592,10
12.8453302383,80.2266616821,23592,23602,10
12.8448495865,80.2266921997,23602,23612,10
12.8440999985,80.2267608643,23612,23622,10
12.8431997299,80.2268600464,23622,23632,10
12.8421802521,80.2270278931,23632,23642,10
12.8411197662,80.2273101807,23642,23652,10
12.8402204514,80.2275695801,23652,23663,11
12.8397197723,80.2276611328,23663,23673,10
12.8393802643,80.2277679443,23673,23683,10
12.8386802673,80.2279586792,23683,23693,10
12.8377199173,80.2281570435,23693,23703,10
12.8365802765,80.2283477783,23703,23713,10
12.8353796005,80.2285308838,23713,23723,10
12.8341598511,80.2287368774,23723,23733,10
12.8330001831,80.2289733887,23733,23743,10
12.8322696686,80.2291412354,23743,23754,11
12.8321399689,80.2291564941,23754,23764,10
12.8316698074,80.2292480469,23764,23774,10
12.8309202194,80.2294692993,23774,23784,10
12.8299703598,80.2297973633,23784,23794,10
12.8289499283,80.23021698,23794,23804,10
12.82791996,80.230796814,23804,23814,10
12.8268995285,80.231262207,23814,23824,10
12.8257703781,80.2313766479,23824,23834,10
12.8246202469,80.2313308716,23834,23845,11
12.8233804703,80.2309799194,23845,23855,10
12.822259903,80.2306213379,23855,23865,10
12.8211297989,80.2304077148,23865,23875,10
12.8199195862,80.2304534912,23875,23885,10
12.8188800812,80.2304000854,23885,23895,10
12.817899704,80.2299880981,23895,23905,10
12.8167495728,80.2295837402,23905,23915,10
12.8155403137,80.2293930054,23915,23925,10
12.8143501282,80.2292098999,23925,23936,11
12.8130598068,80.2288284302,23936,23946,10
12.8118896484,80.2284164429,23946,23956,10
12.8107204437,80.2279586792,23956,23966,10
12.8095703125,80.2274627686,23966,23976,10
12.8085403442,80.2267379761,23976,23986,10
12.8076000214,80.2259521484,23986,23996,10
12.8069295883,80.2253417969,23996,24006,10
12.8062696457,80.2247619629,24006,24016,10
12.8055896759,80.2242279053,24016,24027,11
12.8049001694,80.2240066528,24027,24037,10
12.8041000366,80.2239303589,24037,24047,10
12.8032302856,80.2238693237,24047,24057,10
12.8023004532,80.223739624,24057,24067,10
12.8012104034,80.2236404419,24067,24077,10
12.8003196716,80.2235565186,24077,24087,10
12.7989902496,80.2234191895,24087,24097,10
12.7978401184,80.2232894897,24097,24107,10
12.7966403961,80.2230606079,24107,24118,11
12.7958898544,80.2229995728,24118,24128,10
12.795630455,80.2229385376,24128,24138,10
12.7949304581,80.2228012085,24138,24148,10
12.7939500809,80.2226715088,24148,24158,10
12.7928199768,80.2225036621,24158,24168,10
12.7916498184,80.2222213745,24168,24178,10
12.7905302048,80.2219467163,24178,24188,10
12.7896003723,80.2216796875,24188,24198,10
12.7887001038,80.2213363647,24198,24209,11
12.7877998352,80.2209625244,24209,24219,10
12.7870702744,80.2206878662,24219,24229,10
12.7864599228,80.2204284668,24229,24239,10
12.7862997055,80.2203826904,24239,24249,10
12.7862100601,80.2206115723,24249,24259,10
12.7861795425,80.2211608887,24259,24269,10
12.7862300873,80.221572876,24269,24279,10
12.7862796783,80.2217102051,24279,24289,10
12.7862901688,80.2219467163,24289,25351,1062
12.7862901688,80.2219467163,25351,25361,10
12.786239624,80.2219467163,25361,25372,11
12.786239624,80.2218704224,25372,25382,10
12.7862100601,80.2215194702,25382,25392,10
12.7861995697,80.2211914063,25392,25402,10
12.7861204147,80.220703125,25402,25412,10
12.7863798141,80.2203979492,25412,25432,20
12.7863798141,80.2203979492,25432,25442,10
12.7865695953,80.2204589844,25442,25452,10
12.786939621,80.2205963135,25452,25463,11
12.7875299454,80.2208404541,25463,25473,10
12.7881698608,80.2210693359,25473,25483,10
12.7889604568,80.2213668823,25483,25493,10
12.7896900177,80.2216415405,25493,25503,10
12.79047966,80.221862793,25503,25513,10
12.7915000916,80.2221069336,25513,25523,10
12.7926101685,80.2223815918,25523,25533,10
12.793970108,80.2226028442,25533,25543,10
12.795419693,80.2228317261,25543,25554,11
12.7964496613,80.2229919434,25554,25564,10
12.7965803146,80.2230072021,25564,25574,10
12.7971696854,80.2231292725,25574,25584,10
12.7980604172,80.2232818604,25584,25594,10
12.7990903854,80.2233963013,25594,25604,10
12.8002796173,80.2235031128,25604,25614,10
12.8013496399,80.2236022949,25614,25624,10
12.8023796082,80.2237091064,25624,25634,10
12.8032798767,80.2238235474,25634,25645,11
12.8042898178,80.2238998413,25645,25655,10
12.8050603867,80.2239837646,25655,25665,10
12.8054199219,80.2240829468,25665,25675,10
12.8054800034,80.2241134644,25675,25685,10
12.8058004379,80.224281311,25685,25695,10
12.8063602448,80.2247695923,25695,25705,10
12.8071403503,80.225479126,25705,25715,10
12.8081302643,80.22631073,25715,25725,10
12.8092298508,80.2272033691,25725,25736,11
12.8106498718,80.2278900146,25736,25746,10
12.8120203018,80.2284164429,25746,25756,10
12.8133296967,80.2288818359,25756,25766,10
12.8146095276,80.2292175293,25766,25776,10
12.8158798218,80.2294006348,25776,25786,10
12.8171396255,80.229637146,25786,25796,10
12.8182497025,80.2301177979,25796,25806,10
12.8192901611,80.23046875,25806,25816,10
12.8198003769,80.2304229736,25816,25827,11
12.8202199936,80.2304077148,25827,25837,10
12.8210697174,80.2304000854,25837,25847,10
12.8221597672,80.2305679321,25847,25857,10
12.823390007,80.2309494019,25857,25867,10
12.8246202469,80.2312469482,25867,25877,10
12.8258600235,80.231338501,25877,25887,10
12.8270597458,80.2312011719,25887,25897,10
12.8281402588,80.2306594849,25897,25907,10
12.8291902542,80.2301177979,25907,25918,11
12.8304195404,80.2296218872,25918,25928,10
12.8311004639,80.2293701172,25928,25938,10
12.831199646,80.2293395996,25938,25948,10
12.8317203522,80.2291793823,25948,25958,10
12.8324604034,80.229019165,25958,25968,10
12.8334197998,80.2288513184,25968,25978,10
12.8345804214,80.2286529541,25978,25988,10
12.8358097076,80.2284622192,25988,25998,10
12.8369903564,80.2282562256,25998,26009,11
12.8382101059,80.2280426025,26009,26019,10
12.839099884,80.2277832031,26019,26029,10
12.839509964,80.2276611328,26029,26039,10
12.8398504257,80.2275772095,26039,26049,10
12.8405599594,80.2274017334,26049,26059,10
12.8414697647,80.2271575928,26059,26069,10
12.8425598145,80.2268981934,26069,26079,10
12.8436803818,80.2266921997,26079,26089,10
12.8447198868,80.2265701294,26089,26100,11
12.8454399109,80.2265167236,26100,26110,10
12.845459938,80.2265090942,26110,26120,10
12.8456802368,80.2265014648,26120,26130,10
12.8463497162,80.2265014648,26130,26140,10
12.8473796844,80.2265090942,26140,26150,10
12.848739624,80.2265167236,26150,26160,10
12.850060463,80.2264785767,26160,26170,10
12.8513402939,80.2265319824,26170,26180,10
12.8529195786,80.2266082764,26180,26191,11
12.8548803329,80.2264633179,26191,26201,10
12.856710434,80.2262573242,26201,26211,10
12.8582897186,80.2261505127,26211,26221,10
12.8597602844,80.2263183594,26221,26231,10
12.8606100082,80.2264404297,26231,26241,10
12.860830307,80.2265090942,26241,26251,10
12.861579895,80.2265396118,26251,26261,10
12.8627099991,80.2264785767,26261,26271,10
12.8640403748,80.2264862061,26271,26282,11
12.8654203415,80.2265319824,26282,26292,10
12.8672504425,80.2264099121,26292,26302,10
12.8688802719,80.2263565063,26302,26312,10
12.8704795837,80.2265396118,26312,26322,10
12.8720302582,80.226600647,26322,26332,10
12.8733997345,80.2266311646,26332,26342,10
12.8748197556,80.2267684937,26342,26352,10
12.8760995865,80.2268829346,26352,26362,10
12.8767404556,80.226852417,26362,26373,11
12.8769197464,80.2268371582,26373,26383,10
12.8775501251,80.2267990112,26383,26393,10
12.8785400391,80.2267379761,26393,26403,10
12.8797397614,80.2266921997,26403,26413,10
12.8810596466,80.2266693115,26413,26423,10
12.8823900223,80.2266616821,26423,26433,10
12.8837299347,80.2266464233,26433,26443,10
12.8849201202,80.2266311646,26443,26453,10
12.8852100372,80.2266387939,26453,26464,11
12.8852901459,80.2266693115,26464,26474,10
12.8858499527,80.2267837524,26474,26484,10
12.8866996765,80.2270126343,26484,26494,10
12.8877401352,80.2272109985,26494,26504,10
12.8889398575,80.2272872925,26504,26514,10
12.8902397156,80.2273025513,26514,26524,10
12.8915100098,80.2273025513,26524,26534,10
12.8925304413,80.2273178101,26534,26544,10
12.8934898376,80.2274398804,26544,26555,11
12.894780159,80.2275466919,26555,26565,10
12.8959999084,80.2276229858,26565,26575,10
12.8973503113,80.2276916504,26575,26585,10
12.8986997604,80.2277679443,26585,26595,10
12.8998498917,80.2278289795,26595,26605,10
12.9007101059,80.2278366089,26605,26747,142
12.9007101059,80.2278366089,26747,26757,10
12.9008398056,80.2278594971,26757,26767,10
12.9011497498,80.2278900146,26767,26777,10
12.9017601013,80.2279281616,26777,26787,10
12.9028396606,80.2279586792,26787,26807,20
12.9028396606,80.2279586792,26807,26817,10
12.9029798508,80.2279586792,26817,26828,11
12.9033498764,80.2279968262,26828,26838,10
12.9040002823,80.2280502319,26838,26848,10
12.9047899246,80.2281112671,26848,26858,10
12.9055404663,80.2281570435,26858,26868,10
12.9059400558,80.2281799316,26868,26888,20
12.906080246,80.2281799316,26888,26908,20
12.906080246,80.2281799316,26908,26919,11
12.9061403275,80.228187561,26919,26929,10
12.9065504074,80.228187561,26929,26939,10
12.9067697525,80.2282028198,26939,26949,10
12.9069795609,80.2282333374,26949,26959,10
12.9070997238,80.2282485962,26959,26969,10
12.9076900482,80.2283477783,26969,26979,10
12.9087200165,80.2285232544,26979,26989,10
12.9100399017,80.2287216187,26989,26999,10
12.9114599228,80.2289428711,26999,27010,11
12.9129800797,80.2291412354,27010,27020,10
12.9139995575,80.2292709351,27020,27030,10
12.9141197205,80.2292785645,27030,27040,10
12.9143104553,80.2293319702,27040,27050,10
12.9149599075,80.2294235229,27050,27060,10
12.9159202576,80.2295837402,27060,27070,10
12.917090416,80.2297286987,27070,27080,10
12.9183301926,80.2299118042,27080,27090,10
12.9196300507,80.2300872803,27090,27101,11
12.9211702347,80.2302780151,27101,27111,10
12.9225997925,80.2304916382,27111,27121,10
12.9240398407,80.2306976318,27121,27131,10
12.9254102707,80.2308425903,27131,27141,10
12.9264497757,80.2309417725,27141,27151,10
12.9265298843,80.2309494019,27151,27161,10
12.9270000458,80.2310180664,27161,27171,10
12.9278497696,80.2311325073,27171,27181,10
12.9289999008,80.231300354,27181,27192,11
12.9301795959,80.2315826416,27192,27202,10
12.9315299988,80.2319717407,27202,27212,10
12.9328603745,80.2323989868,27212,27222,10
12.9337797165,80.2327804565,27222,27242,20
12.9337797165,80.2327804565,27242,27252,10
12.9341602325,80.232963562,27252,27262,10
12.9348697662,80.2332611084,27262,27272,10
12.9357204437,80.2336196899,27272,27283,11
12.9366798401,80.2340774536,27283,27293,10
12.9376897812,80.234588623,27293,27303,10
12.9387903214,80.2351379395,27303,27313,10
12.9397096634,80.2355575562,27313,27323,10
12.9398097992,80.2356109619,27323,27333,10
12.9398403168,80.2356414795,27333,27343,10
12.9402399063,80.2358398438,27343,27353,10
12.9410295486,80.236038208,27353,27364,11
12.9421396255,80.236328125,27364,27374,10
12.9431600571,80.2368164063,27374,27384,10
12.9440002441,80.2376403809,27384,27394,10
12.9449300766,80.2386398315,27394,27404,10
12.9460802078,80.2394485474,27404,27414,10
12.9472198486,80.2398986816,27414,27424,10
12.9475002289,80.2399902344,27424,27434,10
12.9476203918,80.2400817871,27434,27444,10
12.9481096268,80.2402877808,27444,27455,11
12.9486904144,80.2405090332,27455,27465,10
12.9489402771,80.2405929565,27465,27475,10
12.9493198395,80.2407836914,27475,27485,10
12.9499101639,80.2409515381,27485,27495,10
12.9505395889,80.2411193848,27495,27505,10
12.951089859,80.2413101196,27505,27515,10
12.9511499405,80.2413482666,27515,27525,10
12.9513702393,80.2414093018,27525,27535,10
12.9518299103,80.241569519,27535,27546,11
12.9526195526,80.2418823242,27546,27556,10
12.9535503387,80.2422180176,27556,27566,10
12.9545202255,80.2425994873,27566,27576,10
12.9552202225,80.2428970337,27576,27586,10
12.9559297562,80.2432022095,27586,27596,10
12.956319809,80.2433776855,27596,27606,10
12.9566898346,80.2434997559,27606,27616,10
12.9573602676,80.2437667847,27616,27626,10
12.9581403732,80.2440795898,27626,27637,11
12.9587802887,80.2443389893,27637,27647,10
12.9589195251,80.2443771362,27647,27657,10
12.9590301514,80.2444381714,27657,27667,10
12.9596204758,80.244720459,27667,27677,10
12.960559845,80.2451629639,27677,27687,10
12.9617395401,80.2457199097,27687,27697,10
12.9630203247,80.2463531494,27697,27707,10
12.9641599655,80.2468414307,27707,27717,10
12.9653701782,80.2472763062,27717,27728,11
12.9664897919,80.2477035522,27728,27748,20
12.9664897919,80.2477035522,27748,27758,10
12.9668397903,80.2478790283,27758,27768,10
12.9673595428,80.2481765747,27768,27778,10
12.9681196213,80.2484893799,27778,27788,10
12.9690704346,80.2488327026,27788,27798,10
12.9701700211,80.2492599487,27798,27808,10
12.971280098,80.2496490479,27808,27819,11
12.9724502563,80.2499923706,27819,27829,10
12.9735097885,80.2502822876,27829,27839,10
12.9744501114,80.250541687,27839,27849,10
12.9752397537,80.2507781982,27849,27859,10
12.9759998322,80.2510223389,27859,27869,10
12.976940155,80.2512893677,27869,27879,10
12.9778404236,80.2517623901,27879,27889,10
12.978509903,80.2522888184,27889,27899,10
12.9786195755,80.2523574829,27899,27910,11
12.9786996841,80.2524414063,27910,27920,10
12.9792499542,80.2525863647,27920,27930,10
12.9798898697,80.2526702881,27930,27940,10
12.9807300568,80.2526626587,27940,27950,10
12.9816904068,80.2526321411,27950,27960,10
12.9827804565,80.2526016235,27960,27970,10
12.9839601517,80.2524185181,27970,27980,10
12.9852199554,80.2520904541,27980,27990,10
12.9861803055,80.2517929077,27990,28001,11
12.9867601395,80.2516174316,28001,28031,30
12.9867601395,80.2516174316,28031,28041,10
12.9868602753,80.2516021729,28041,28051,10
12.9872999191,80.2514724731,28051,28061,10
12.987830162,80.2513427734,28061,28071,10
12.9885702133,80.251159668,28071,28081,10
12.989569664,80.2509002686,28081,28112,31
12.989569664,80.2509002686,28112,28122,10
12.9899902344,80.250793457,28122,28132,10
12.9906997681,80.250617981,28132,28142,10
12.9915599823,80.2503967285,28142,28152,10
12.9925804138,80.2501525879,28152,28162,10
12.9937200546,80.2498703003,28162,28172,10
12.9948997498,80.2495727539,28172,28183,11
12.9967899323,80.2490463257,28183,28203,20
12.9967899323,80.2490463257,28203,28213,10
12.9969902039,80.2490234375,28213,28223,10
12.9975996017,80.248878479,28223,28233,10
12.9983997345,80.2486801147,28233,28243,10
12.9994401932,80.2484207153,28243,28253,10
13.0007400513,80.2481002808,28253,28263,10
13.0020599365,80.2477798462,28263,28274,11
13.0034399033,80.2474975586,28274,28284,10
13.0047702789,80.2473220825,28284,28294,10
13.0059299469,80.2470703125,28294,28304,10
13.0065002441,80.2465362549,28304,28314,10
13.0065498352,80.2463912964,28314,28324,10
13.0065402985,80.2463378906,28324,28334,10
13.0066299438,80.2459182739,28334,28344,10
13.0066699982,80.245262146,28344,28354,10
13.0066699982,80.2442016602,28354,28365,11
13.0066404343,80.243019104,28365,28375,10
13.0066099167,80.2418823242,28375,28385,10
13.0066699982,80.2409286499,28385,28395,10
13.0067195892,80.2405014038,28395,28405,10
13.0067796707,80.2401428223,28405,28415,10
13.006939888,80.2393569946,28415,28425,10
13.0071001053,80.2384033203,28425,28435,10
13.0073900223,80.2370605469,28435,28456,21
13.0073900223,80.2370605469,28456,28466,10
13.0074300766,80.2368011475,28466,28476,10
13.0075998306,80.2362136841,28476,28486,10
13.0078001022,80.2353210449,28486,28496,10
13.0078496933,80.2350769043,28496,28506,10
13.0078601837,80.2349472046,28506,28516,10
13.0079603195,80.2344589233,28516,28526,10
13.0081195831,80.2336730957,28526,28536,10
13.0083398819,80.2325820923,28536,28547,11
13.008600235,80.2312011719,28547,28557,10
13.0088500977,80.2298965454,28557,28567,10
13.0091104507,80.2286300659,28567,28577,10
13.0094995499,80.2275238037,28577,28587,10
13.010020256,80.2263565063,28587,28597,10
13.0104598999,80.2254562378,28597,28607,10
13.0108604431,80.2246627808,28607,28617,10
13.0112199783,80.2238388062,28617,28627,10
13.0113897324,80.2233963013,28627,28638,11
13.0115404129,80.2230529785,28638,28648,10
13.0117797852,80.2223815918,28648,28658,10
13.012049675,80.2216262817,28658,28668,10
13.0123996735,80.2215194702,28668,28678,10
13.0126800537,80.2220306396,28678,28688,10
13.0133104324,80.2226104736,28688,28698,10
13.0139799118,80.2233734131,28698,28708,10
13.0143299103,80.2238922119,28708,28718,10
13.015370369,80.2247467041,28718,28739,21
13.015370369,80.2247467041,28739,28749,10
13.0157299042,80.2251281738,28749,28759,10
13.0163202286,80.2253036499,28759,28769,10
13.0171899796,80.2250595093,28769,28779,10
13.0181398392,80.2246704102,28779,28789,10
13.0189800262,80.224357605,28789,28799,10
13.0195598602,80.2243881226,28799,28830,31
13.0195598602,80.2243881226,28830,28840,10
13.0198497772,80.2245483398,28840,28850,10
13.0200796127,80.2247314453,28850,28860,10
13.0205202103,80.2250595093,28860,28870,10
13.021030426,80.2254562378,28870,28880,10
13.0215902328,80.2258605957,28880,28890,10
13.02202034,80.2260971069,28890,29345,455
13.0221796036,80.2261581421,29345,29477,132
13.0222196579,80.2262420654,29477,29780,303
13.0222196579,80.2262420654,29780,29790,10
13.0224103928,80.2265090942,29790,29800,10
13.0228099823,80.2269134521,29800,29811,11
13.0232000351,80.2273025513,29811,29821,10
13.0235795975,80.2276229858,29821,29831,10
13.0238704681,80.2279129028,29831,29841,10
13.0243396759,80.2283935547,29841,29972,131
13.0243396759,80.2283935547,29972,29983,11
13.0243196487,80.2286376953,29983,29993,10
13.0241003036,80.2283401489,29993,30003,10
13.0235099792,80.2277908325,30003,30114,111
13.0231895447,80.2275085449,30114,30266,152
13.0231895447,80.2275085449,30266,30276,10
13.0228700638,80.2271194458,30276,30286,10
13.0224895477,80.2267379761,30286,30296,10
13.0219602585,80.2263031006,30296,30306,10
13.0215997696,80.2259979248,30306,30316,10
13.0212202072,80.2257003784,30316,30326,10
13.0206403732,80.2253036499,30326,30336,10
13.0199298859,80.2248001099,30336,30357,21
13.0199298859,80.2248001099,30357,30367,10
13.0195798874,80.2246017456,30367,30377,10
13.0188703537,80.2245025635,30377,30387,10
13.0179796219,80.2248535156,30387,30397,10
13.0170097351,80.2252502441,30397,30407,10
13.0162200928,80.2255630493,30407,30417,10
13.0155296326,80.2258224487,30417,30427,10
13.0150604248,80.226020813,30427,30438,11
13.0143203735,80.2262878418,30438,30458,20
13.0143203735,80.2262878418,30458,30468,10
13.0142402649,80.2262802124,30468,30478,10
13.0139503479,80.2264175415,30478,30488,10
13.0134096146,80.2266464233,30488,30498,10
13.0127696991,80.226890564,30498,30508,10
13.0120897293,80.2271728516,30508,30518,10
13.0113697052,80.2274398804,30518,30529,11
13.0104999542,80.2277832031,30529,30539,10
13.0096797943,80.2281417847,30539,30549,10
13.0091695786,80.2286300659,30549,30559,10
13.0090398788,80.2295227051,30559,30620,61
13.0089998245,80.2296600342,30620,30751,131
13.0089998245,80.2296600342,30751,30761,10
13.0090103149,80.2296981812,30761,30771,10
13.0088500977,80.2303695679,30771,30781,10
13.0086402893,80.2313995361,30781,30791,10
13.0083999634,80.2325820923,30791,30802,11
13.0082597733,80.2335586548,30802,30822,20
13.0082597733,80.2335586548,30822,30832,10
13.0082197189,80.2336730957,30832,30842,10
13.0081796646,80.233757019,30842,30852,10
13.008099556,80.2341308594,30852,30862,10
13.0079603195,80.2348403931,30862,30872,10
13.0079298019,80.2350234985,30872,30882,10
13.0078802109,80.2351913452,30882,30893,11
13.0077400208,80.2358779907,30893,30903,10
13.0075101852,80.2369537354,30903,30913,10
13.0073299408,80.2380828857,30913,30923,10
13.0071401596,80.2389984131,30923,30933,10
13.0069503784,80.2401428223,30933,30984,51
13.0069503784,80.2401428223,30984,30994,10
13.0069198608,80.2404403687,30994,31004,10
13.0068798065,80.2407531738,31004,31034,30
13.0068798065,80.2407531738,31034,31044,10
13.0068902969,80.2409133911,31044,31054,10
13.0068101883,80.2412567139,31054,31064,10
13.0067996979,80.2420196533,31064,31075,11
13.0067796707,80.2428665161,31075,31085,10
13.0067300797,80.2434616089,31085,31095,10
13.0067195892,80.2439880371,31095,31105,10
13.0067300797,80.2447662354,31105,31115,10
13.0067396164,80.2452163696,31115,31166,51
13.0067396164,80.2452163696,31166,31176,10
13.0067501068,80.2458496094,31176,31186,10
13.006770134,80.246307373,31186,31196,10
13.0067901611,80.2470016479,31196,31206,10
13.0065898895,80.2473907471,31206,31216,10
13.0060300827,80.2474822998,31216,31236,20
13.0060300827,80.2474822998,31236,31246,10
13.0059404373,80.247467041,31246,31257,11
13.0056200027,80.2473983765,31257,31267,10
13.005109787,80.247428894,31267,31277,10
13.0044002533,80.2474899292,31277,31287,10
13.0035600662,80.2475814819,31287,31297,10
13.0026798248,80.247718811,31297,31307,10
13.0020999908,80.2478637695,31307,31317,10
13.0013904572,80.2480392456,31317,31327,10
13.000579834,80.248260498,31327,31337,10
12.9996204376,80.2484893799,31337,31348,11
12.9979600906,80.2489395142,31348,31398,50
12.9979600906,80.2489395142,31398,31408,10
12.9975795746,80.2490386963,31408,31418,10
12.9967803955,80.249206543,31418,31428,10
12.9957895279,80.249458313,31428,31439,11
12.9945898056,80.2497406006,31439,31449,10
12.9933996201,80.250038147,31449,31459,10
12.9921398163,80.2503585815,31459,31469,10
12.9911203384,80.2506484985,31469,31509,40
12.9911203384,80.2506484985,31509,31519,10
12.9909801483,80.2506866455,31519,31530,11
12.9905004501,80.2507781982,31530,31540,10
12.9899501801,80.2509002686,31540,31550,10
12.9894800186,80.2509918213,31550,31560,10
12.9890098572,80.2511520386,31560,31570,10
12.988409996,80.2513198853,31570,31580,10
12.9876699448,80.2515029907,31580,31590,10
12.9870195389,80.2516784668,31590,31600,10
12.9863996506,80.2518386841,31600,31610,10
12.9855804443,80.251991272,31610,31621,11
12.9843301773,80.2523269653,31621,31631,10
12.9830598831,80.2526321411,31631,31641,10
12.9819803238,80.2527389526,31641,31651,10
12.9816999435,80.2527389526,31651,31661,10
12.9816198349,80.252746582,31661,31671,10
12.9812602997,80.252746582,31671,31681,10
12.9810304642,80.252746582,31681,31691,10
12.9808797836,80.2527618408,31691,31702,11
12.9807100296,80.2527389526,31702,31712,10
12.9805002213,80.2527694702,31712,31762,50
12.9805002213,80.2527694702,31762,31772,10
12.9801797867,80.2527694702,31772,31782,10
12.9798202515,80.2527084351,31782,31792,10
12.9793300629,80.2526931763,31792,31803,11
12.978679657,80.2526321411,31803,31823,20
12.978679657,80.2526321411,31823,31833,10
12.9785203934,80.2525405884,31833,31843,10
12.9784002304,80.252456665,31843,31853,10
12.9781703949,80.252281189,31853,31863,10
12.9778604507,80.2519683838,31863,31873,10
12.9773197174,80.2515563965,31873,31883,10
12.9765701294,80.2513198853,31883,31894,11
12.9754695892,80.2509384155,31894,31904,10
12.9743900299,80.2506484985,31904,31914,10
12.9734601974,80.2503814697,31914,31924,10
12.9724302292,80.2501373291,31924,31934,10
12.9712696075,80.2498168945,31934,31944,10
12.9700803757,80.249420166,31944,31954,10
12.9688796997,80.248916626,31954,31964,10
12.9676704407,80.2484664917,31964,31974,10
12.9670000076,80.2481613159,31974,31985,11
12.9664697647,80.2479171753,31985,31995,10
12.966050148,80.2477493286,31995,32005,10
12.9650402069,80.2474136353,32005,32035,30
12.9650402069,80.2474136353,32035,32045,10
12.9648199081,80.2473220825,32045,32055,10
12.9643802643,80.2471084595,32055,32066,11
12.9637899399,80.2469024658,32066,32076,10
12.9632997513,80.246673584,32076,32086,10
12.9624996185,80.2462768555,32086,32096,10
12.9615297318,80.2457885742,32096,32106,10
12.9604301453,80.2452468872,32106,32116,10
12.9595603943,80.2448806763,32116,32126,10
12.9594697952,80.2448272705,32126,32136,10
12.9594402313,80.2447891235,32136,32146,10
12.9589595795,80.2445831299,32146,32156,10
12.9581899643,80.2442626953,32156,32167,11
12.9574699402,80.2439727783,32167,32177,10
12.9565200806,80.2436599731,32177,32207,30
12.9565200806,80.2436599731,32207,32217,10
12.9562101364,80.2435379028,32217,32227,10
12.9555301666,80.2432327271,32227,32237,10
12.9546699524,80.2428131104,32237,32247,10
12.9537401199,80.242477417,32247,32258,11
12.9528198242,80.2420806885,32258,32268,10
12.9518699646,80.2417602539,32268,32278,10
12.951669693,80.2417221069,32278,32288,10
12.9516096115,80.2416915894,32288,32298,10
12.9511699677,80.2415237427,32298,32308,10
12.9503498077,80.2412796021,32308,32318,10
12.949379921,80.2409896851,32318,32328,10
12.9485797882,80.2406082153,32328,32338,10
12.9474802017,80.2401809692,32338,32349,11
12.9470500946,80.2400436401,32349,32359,10
12.9470396042,80.240020752,32359,32369,10
12.9468297958,80.2399215698,32369,32379,10
12.9462003708,80.2396087646,32379,32389,10
12.945309639,80.2391433716,32389,32399,10
12.9444599152,80.2382965088,32399,32409,10
12.9435796738,80.2375335693,32409,32419,10
12.942700386,80.2367401123,32419,32429,10
12.9414300919,80.2362594604,32429,32440,11
12.940079689,80.2359085083,32440,32450,10
12.9398202896,80.2357788086,32450,32460,10
12.9397697449,80.2357330322,32460,32470,10
12.9395599365,80.2356719971,32470,32480,10
12.9388999939,80.2353515625,32480,32490,10
12.9380702972,80.234992981,32490,32500,10
12.9370603561,80.2344512939,32500,32510,10
12.9362602234,80.2340698242,32510,32520,10
12.9359903336,80.2339477539,32520,32531,11
12.9357404709,80.2338027954,32531,32541,10
12.9352197647,80.2335586548,32541,32551,10
12.9339199066,80.233001709,32551,32581,30
12.9339199066,80.233001709,32581,32591,10
12.9336004257,80.2328491211,32591,32601,10
12.9329595566,80.2325592041,32601,32611,10
12.9320898056,80.2322616577,32611,32622,11
12.9309501648,80.2319030762,32622,32632,10
12.929980278,80.2316436768,32632,32642,10
12.9293899536,80.2315063477,32642,32652,10
12.929019928,80.2314376831,32652,32662,10
12.9284696579,80.231338501,32662,32672,10
12.9276800156,80.2312393188,32672,32682,10
12.926779747,80.2311401367,32682,32692,10
12.926030159,80.2310714722,32692,32702,10
12.9259500504,80.231048584,32702,32713,11
12.9256601334,80.2310791016,32713,32723,10
12.9250402451,80.2310409546,32723,32733,10
12.9242401123,80.2309188843,32733,32743,10
12.9232997894,80.2307434082,32743,32753,10
12.922249794,80.2305603027,32753,32763,10
12.9213695526,80.2304000854,32763,32773,10
12.9200496674,80.2302398682,32773,32783,10
12.9188404083,80.2300567627,32783,32793,10
12.9176502228,80.2299118042,32793,32804,11
12.916680336,80.2297592163,32804,32814,10
12.916009903,80.229637146,32814,32824,10
12.9153003693,80.2295227051,32824,32834,10
12.9146003723,80.2294006348,32834,32844,10
12.9134397507,80.2292785645,32844,32895,51
12.9134397507,80.2292785645,32895,32905,10
12.9131202698,80.2292327881,32905,32915,10
12.9127101898,80.2291564941,32915,32925,10
12.9121103287,80.2290802002,32925,32935,10
12.9113197327,80.2289581299,32935,32945,10
12.9104700089,80.2288284302,32945,32955,10
12.9095497131,80.2286605835,32955,32965,10
12.9085998535,80.2285614014,32965,32975,10
12.9077596664,80.2284622192,32975,32986,11
12.9072904587,80.2284088135,32986,33026,40
12.9072904587,80.2284088135,33026,33036,10
12.906999588,80.2284011841,33036,33046,10
12.9064502716,80.228302002,33046,33056,10
12.9056901932,80.2282333374,33056,33066,10
12.9047603607,80.2281723022,33066,33077,11
12.9039201736,80.2281265259,33077,33087,10
12.9027795792,80.2281036377,33087,33107,20
12.9027795792,80.2281036377,33107,33117,10
12.9025697708,80.2280883789,33117,33127,10
12.9020795822,80.2280578613,33127,33137,10
12.9017400742,80.2280426025,33137,33147,10
12.9014701843,80.2280197144,33147,33157,10
12.9011201859,80.2279891968,33157,33168,11
12.9007396698,80.2279586792,33168,33178,10
12.9002304077,80.2279510498,33178,33188,10
12.8996696472,80.2279205322,33188,33198,10
12.898900032,80.227897644,33198,33259,61
12.898900032,80.227897644,33259,33269,10
12.8986701965,80.2278671265,33269,33279,10
12.8984003067,80.2278289795,33279,33289,10
12.8978595734,80.2277984619,33289,33299,10
12.8971004486,80.2277374268,33299,33309,10
12.8962097168,80.2276992798,33309,33319,10
12.8952198029,80.2276763916,33319,33329,10
12.8941698074,80.2276229858,33329,33339,10
12.8931598663,80.2275390625,33339,33360,21
12.8931598663,80.2275390625,33360,33370,10
12.8930797577,80.2275009155,33370,33380,10
12.8926496506,80.227432251,33380,33390,10
12.8921403885,80.2273635864,33390,33400,10
12.8913202286,80.2273406982,33400,33410,10
12.8903102875,80.2273712158,33410,33420,10
12.8893098831,80.2273788452,33420,33430,10
12.888299942,80.2273635864,33430,33441,11
12.8871202469,80.2272109985,33441,33451,10
12.886059761,80.2269668579,33451,33461,10
12.8852701187,80.2267990112,33461,33471,10
12.8851900101,80.2267990112,33471,33481,10
12.8850898743,80.2267913818,33481,33491,10
12.8847198486,80.2267532349,33491,33501,10
12.8840303421,80.2267532349,33501,33511,10
12.8830604553,80.2267608643,33511,33521,10
12.8819303513,80.2267608643,33521,33532,11
12.8804998398,80.2267532349,33532,33542,10
12.8790903091,80.2267684937,33542,33552,10
12.8778400421,80.2268600464,33552,33562,10
12.8768396378,80.2269821167,33562,33582,20
12.8768396378,80.2269821167,33582,33592,10
12.8767404556,80.2270126343,33592,33602,10
12.8762702942,80.2269973755,33602,33612,10
12.8753299713,80.2269592285,33612,33623,11
12.8742599487,80.2268066406,33623,33633,10
12.8732795715,80.2267303467,33633,33643,10
12.8724298477,80.2266998291,33643,33653,10
12.8715200424,80.2266921997,33653,33663,10
12.8705196381,80.2266387939,33663,33673,10
12.8699302673,80.226600647,33673,33683,10
12.8697595596,80.2265777588,33683,33693,10
12.8691902161,80.2265014648,33693,33703,10
12.8683300018,80.2264328003,33703,33714,11
12.8671703339,80.2265167236,33714,33724,10
12.8660202026,80.2266387939,33724,33734,10
12.8648195267,80.2266235352,33734,33744,10
12.8636198044,80.2265701294,33744,33754,10
12.8624095917,80.2265930176,33754,33764,10
12.8613004684,80.2266311646,33764,33774,10
12.8610401154,80.226600647,33774,33784,10
12.8609199524,80.2265930176,33784,33794,10
12.8603496552,80.2265319824,33794,33805,11
12.8594198227,80.2264175415,33805,33815,10
12.8585395813,80.2263031006,33815,33825,10
12.8575201035,80.2263031006,33825,33835,10
12.8563995361,80.2264175415,33835,33845,10
12.8551597595,80.2265625,33845,33855,10
12.8538503647,80.2266769409,33855,33865,10
12.852519989,80.2267227173,33865,33875,10
12.8512296677,80.2266616821,33875,33885,10
12.8502902985,80.2266464233,33885,33896,11
12.8501901627,80.2266464233,33896,33906,10
12.8500404358,80.2266693115,33906,33916,10
12.8496999741,80.2266387939,33916,33926,10
12.84897995,80.2266311646,33926,33936,10
12.8480501175,80.226600647,33936,33946,10
12.8469800949,80.2266235352,33946,33956,10
12.8461198807,80.2266235352,33956,33966,10
12.8456296921,80.2266464233,33966,34007,41
12.8456296921,80.2266464233,34007,34017,10
12.8452596664,80.2266616821,34017,34027,10
12.8446598053,80.2266998291,34027,34037,10
12.8438301086,80.2267608643,34037,34047,10
12.8429603577,80.2269134521,34047,34057,10
12.8419303894,80.227142334,34057,34067,10
12.8408603668,80.227432251,34067,34078,11
12.8401403427,80.2276611328,34078,34088,10
12.8398399353,80.2277984619,34088,34118,30
12.8398399353,80.2277984619,34118,34128,10
12.839679718,80.2278366089,34128,34138,10
12.8393096924,80.227897644,34138,34148,10
12.8386602402,80.2280273438,34148,34158,10
12.8378400803,80.2282104492,34158,34169,11
12.8367700577,80.2283935547,34169,34179,10
12.8355998993,80.2285614014,34179,34189,10
12.8342399597,80.2287597656,34189,34199,10
12.8329496384,80.2289962769,34199,34209,10
12.831990242,80.2291870117,34209,34219,10
12.8316202164,80.2291030884,34219,34229,10
12.8314800262,80.2284927368,34229,34320,91
12.8314800262,80.2284927368,34320,34330,10
12.8314399719,80.2281188965,34330,34340,10
12.8313398361,80.2275695801,34340,34351,11
12.8311595917,80.226852417,34351,34361,10
12.8310699463,80.2264328003,34361,34371,10
12.8310499191,80.2261505127,34371,34381,10
12.8310604095,80.2255096436,34381,34391,10
12.8310604095,80.2248001099,34391,34401,10
12.8310699463,80.2244415283,34401,34411,10
12.8310804367,80.223739624,34411,34421,10
12.8310804367,80.2228012085,34421,34432,11
12.8310699463,80.2221908569,34432,34442,10
12.8310804367,80.2217407227,34442,34452,10
12.8310604095,80.2210388184,34452,34462,10
12.8310604095,80.220199585,34462,34472,10
12.8310804367,80.2198562622,34472,34482,10
12.8311004639,80.2197113037,34482,34492,10
12.8308496475,80.2194976807,34492,34502,10
12.8300895691,80.2194976807,34502,34512,10
12.829079628,80.2194976807,34512,34522,10
12.8281698227,80.2194976807,34522,34533,11
12.8277101517,80.2194824219,34533,34543,10
12.8274002075,80.2194824219,34543,34594,51
12.8274002075,80.2194824219,34594,34604,10
12.8272600174,80.2194900513,34604,34615,11
12.8267002106,80.2194976807,34615,34625,10
12.8261299133,80.2194824219,34625,34635,10
12.8257398605,80.2194595337,34635,34645,10
12.8253202438,80.2194900513,34645,34655,10
12.8253002167,80.2194824219,34655,34665,10
12.8250598907,80.2194519043,34665,34675,10
12.8243198395,80.2194519043,34675,34685,10
12.823340416,80.2194519043,34685,34695,10
12.8228597641,80.2194290161,34695,34706,11
12.8226203918,80.2191772461,34706,34716,10
12.8226203918,80.2191467285,34716,34726,10
12.8226699829,80.219039917,34726,34736,10
12.8226604462,80.2186813354,34736,34746,10
12.8226900101,80.2179718018,34746,34756,10
12.8226604462,80.2170333862,34756,34766,10
12.8228197098,80.2159576416,34766,34786,20
12.8228197098,80.2159576416,34786,34797,11
12.8231201172,80.2159881592,34797,34807,10
12.823679924,80.2159805298,34807,34817,10
12.8242998123,80.2159805298,34817,35930,1113
12.8242998123,80.2159805298,35930,35940,10
12.8244400024,80.2158889771,35940,35950,10
12.8245697021,80.215927124,35950,35960,10
12.8250303268,80.2159500122,35960,35971,11
12.8256101608,80.2159576416,35971,35981,10
12.8258600235,80.2160720825,35981,35991,10
12.8259000778,80.2166595459,35991,36001,10
12.825920105,80.2175521851,36001,36011,10
12.8258895874,80.2186203003,36011,36021,10
12.825920105,80.2192382813,36021,36031,10
12.826089859,80.2193374634,36031,36042,11
12.8268995285,80.2193603516,36042,36051,9
12.8273696899,80.2193603516,36051,36063,12
12.8276796341,80.2193374634,36063,36073,10
12.8278598785,80.219329834,36073,36083,10
12.8284902573,80.2193527222,36083,36093,10
12.8295001984,80.2193374634,36093,36103,10
12.8305902481,80.2193374634,36103,36113,10
12.8309202194,80.219367981,36113,36123,10
12.8311796188,80.2197265625,36123,36133,10
12.8312101364,80.2202224731,36133,36143,10
12.8311796188,80.2209014893,36143,36154,11
12.8311700821,80.2215805054,36154,36164,10
12.8311700821,80.2220916748,36164,36174,10
12.8311796188,80.2225799561,36174,36184,10
12.8311796188,80.2234573364,36184,36194,10
12.8311595917,80.2243804932,36194,36204,10
12.8311500549,80.2247619629,36204,36214,10
12.8311500549,80.225479126,36214,36224,10
12.8312397003,80.2265777588,36224,36234,10
12.8314599991,80.2278366089,36234,36245,11
12.831700325,80.2289581299,36245,36255,10
12.8319702148,80.2290725708,36255,36265,10
12.83273983,80.2289428711,36265,36275,10
12.8338899612,80.228729248,36275,36285,10
12.8353099823,80.2284927368,36285,36295,10
12.8368196487,80.2282562256,36295,36305,10
12.8381795883,80.228012085,36305,36315,10
12.8390102386,80.2278213501,36315,36336,21
12.8390102386,80.2278213501,36336,36346,10
12.8392496109,80.2277603149,36346,36416,70
12.8392496109,80.2277603149,36416,36427,11
12.8395595551,80.2276763916,36427,36437,10
12.8400201797,80.2275466919,36437,36447,10
12.8409404755,80.2272796631,36447,36457,10
12.8421497345,80.2269821167,36457,36467,10
12.8435001373,80.2267303467,36467,36477,10
12.8446903229,80.2265701294,36477,36487,10
12.8452796936,80.2265167236,36487,36497,10
12.8453502655,80.2265014648,36497,36507,10
12.845459938,80.2265014648,36507,36518,11
12.8457403183,80.2265167236,36518,36528,10
12.846619606,80.2265319824,36528,36538,10
12.8476800919,80.2265396118,36538,36548,10
12.8486099243,80.2265396118,36548,36558,10
12.8496999741,80.2265319824,36558,36568,10
12.8507795334,80.2265396118,36568,36578,10
12.8520498276,80.2266082764,36578,36588,10
12.8534402847,80.2265777588,36588,36598,10
12.8550100327,80.2264328003,36598,36609,11
12.8566799164,80.2262573242,36609,36619,10
12.8581399918,80.2261581421,36619,36629,10
12.8594198227,80.2263031006,36629,36639,10
12.8607797623,80.2265014648,36639,36649,10
12.8622303009,80.2264862061,36649,36659,10
12.8638296127,80.2264633179,36659,36669,10
12.8653802872,80.2265014648,36669,36679,10
12.866900444,80.2264328003,36679,36689,10
12.8686199188,80.22631073,36689,36700,11
12.8705596924,80.2265167236,36700,36710,10
12.872209549,80.2265777588,36710,36720,10
12.8729200363,80.2265930176,36720,36730,10
12.8730802536,80.2266082764,36730,36740,10
12.8738498688,80.2266693115,36740,36750,10
12.875,80.2267990112,36750,36760,10
12.8764600754,80.226852417,36760,36841,81
12.8764600754,80.226852417,36841,36851,10
12.8769598007,80.2268295288,36851,36861,10
12.8779001236,80.2267608643,36861,36871,10
12.8791399002,80.2266998291,36871,36882,11
12.8807897568,80.2266693115,36882,36892,10
12.882399559,80.2266464233,36892,36902,10
12.8840303421,80.2266235352,36902,36912,10
12.8851604462,80.2266082764,36912,36922,10
12.8851900101,80.2266235352,36922,36932,10
12.8854904175,80.2266693115,36932,36942,10
12.8863296509,80.226890564,36942,36952,10
12.8873596191,80.2271270752,36952,36962,10
12.8883495331,80.2272567749,36962,36973,11
12.8897800446,80.2272796631,36973,36983,10
12.8912496567,80.2272796631,36983,36993,10
12.8921098709,80.2272872925,36993,37003,10
12.8923997879,80.2273178101,37003,37013,10
12.8931102753,80.2273788452,37013,37023,10
12.8941497803,80.2275085449,37023,37033,10
12.895359993,80.2275924683,37033,37043,10
12.8968296051,80.2276382446,37043,37053,10
12.8983201981,80.227722168,37053,37064,11
12.8996200562,80.2277908325,37064,37074,10
12.9006299973,80.2277984619,37074,37225,151
12.9006299973,80.2277984619,37225,37235,10
12.9010801315,80.2278594971,37235,37246,11
12.9013395309,80.2278823853,37246,37256,10
12.9015598297,80.227897644,37256,37266,10
12.9022798538,80.2279205322,37266,37276,10
12.9029397964,80.2279205322,37276,37286,10
12.9030199051,80.2279205322,37286,37296,10
12.9039201736,80.2279815674,37296,37316,20
12.9039201736,80.2279815674,37316,37326,10
12.9041996002,80.2279891968,37326,37337,11
12.9045801163,80.2280197144,37337,37347,10
12.9048700333,80.2280426025,37347,37357,10
12.9051799774,80.2280426025,37357,37367,10
12.9054803848,80.2280502319,37367,37377,10
12.905790329,80.2280807495,37377,37387,10
12.9058198929,80.2280883789,37387,37397,10
12.9061203003,80.2280883789,37397,37407,10
12.9064502716,80.2281036377,37407,37417,10
12.9068403244,80.2281723022,37417,37428,11
12.9076595306,80.2282791138,37428,37438,10
12.9087295532,80.2284622192,37438,37448,10
12.9097995758,80.2286376953,37448,37458,10
12.9108695984,80.2288208008,37458,37468,10
12.9121303558,80.2289581299,37468,37478,10
12.9139699936,80.2292175293,37478,37498,20
12.9139699936,80.2292175293,37498,37508,10
12.9143400192,80.2293014526,37508,37519,11
12.9153604507,80.2294311523,37519,37529,10
12.9166202545,80.2296066284,37529,37539,10
12.9175100327,80.2297515869,37539,37549,10
12.9184999466,80.2298812866,37549,37559,10
12.9198102951,80.2300491333,37559,37569,10
12.9212799072,80.2302398682,37569,37579,10
12.9226303101,80.2304534912,37579,37589,10
12.9242296219,80.2306594849,37589,37599,10
12.925740242,80.2308425903,37599,37610,11
12.9262800217,80.2308883667,37610,37620,10
12.9265804291,80.2309417725,37620,37630,10
12.9273700714,80.2310180664,37630,37640,10
12.9283504486,80.2311630249,37640,37650,10
12.9292602539,80.2313232422,37650,37660,10
12.9303302765,80.2315826416,37660,37670,10
12.9316396713,80.2319793701,37670,37680,10
12.9330301285,80.2324295044,37680,37690,10
12.9335899353,80.2326812744,37690,37701,11
12.9336299896,80.2326889038,37701,37711,10
12.9340801239,80.2329483032,37711,37721,10
12.9350004196,80.2333679199,37721,37731,10
12.9359903336,80.2338180542,37731,37741,10
12.9370203018,80.2343063354,37741,37751,10
12.9383096695,80.2349319458,37751,37761,10
12.939499855,80.2355117798,37761,37771,10
12.9398298264,80.2356719971,37771,37781,10
12.940079689,80.235786438,37781,37792,11
12.9409999847,80.2360534668,37792,37802,10
12.9421396255,80.2363204956,37802,37812,10
12.9433202744,80.2369232178,37812,37822,10
12.9442901611,80.2379684448,37822,37832,10
12.9453697205,80.2391204834,37832,37842,10
12.9468002319,80.2397689819,37842,37852,10
12.9473896027,80.239982605,37852,37862,10
12.9476604462,80.2400970459,37862,37872,10
12.9486398697,80.2404632568,37872,37994,122
12.9486398697,80.2404632568,37994,38004,10
12.9486703873,80.2404937744,38004,38014,10
12.9487800598,80.2405166626,38014,38024,10
12.9491100311,80.2406768799,38024,38034,10
12.9495897293,80.2408676147,38034,38044,10
12.9504804611,80.2411270142,38044,38054,10
12.9511604309,80.241317749,38054,38065,11
12.9513902664,80.2414169312,38065,38075,10
12.9521598816,80.2416992188,38075,38085,10
12.9531002045,80.2420578003,38085,38095,10
12.9539003372,80.2423706055,38095,38105,10
12.9544296265,80.2425765991,38105,38115,10
12.9552202225,80.2428970337,38115,38125,10
12.9561300278,80.2432937622,38125,38196,71
12.9561300278,80.2432937622,38196,38206,10
12.9563703537,80.2434082031,38206,38216,10
12.9566898346,80.2435531616,38216,38226,10
12.9575195313,80.2438583374,38226,38236,10
12.9584703445,80.2442321777,38236,38247,11
12.9589195251,80.2444076538,38247,38257,10
12.9590196609,80.2444763184,38257,38267,10
12.9594602585,80.2446975708,38267,38277,10
12.9602499008,80.2450408936,38277,38287,10
12.9612398148,80.2454986572,38287,38297,10
12.9623699188,80.2460479736,38297,38307,10
12.963139534,80.246383667,38307,38327,20
12.963139534,80.246383667,38327,38338,11
12.9632301331,80.2464065552,38338,38348,10
12.9634103775,80.2465362549,38348,38358,10
12.9638900757,80.2467498779,38358,38368,10
12.964679718,80.2470626831,38368,38378,10
12.9656496048,80.2473602295,38378,38388,10
12.9665899277,80.247718811,38388,38408,20
12.9665899277,80.247718811,38408,38418,10
12.9668197632,80.2478713989,38418,38429,11
12.9674901962,80.2482070923,38429,38439,10
12.9683904648,80.2485733032,38439,38449,10
12.9692497253,80.248916626,38449,38459,10
12.9702796936,80.2492980957,38459,38469,10
12.9715003967,80.2497406006,38469,38479,10
12.972869873,80.2501068115,38479,38489,10
12.9742498398,80.2504882813,38489,38499,10
12.9757003784,80.2509002686,38499,38509,10
12.9770803452,80.2512969971,38509,38520,11
12.9781303406,80.2520294189,38520,38530,10
12.9786195755,80.2523422241,38530,38540,10
12.9788198471,80.2524414063,38540,38550,10
12.9792299271,80.2525177002,38550,38560,10
12.9793796539,80.2525405884,38560,38570,10
12.9797697067,80.2525787354,38570,38580,10
12.9804096222,80.2526321411,38580,38590,10
12.9814500809,80.2526016235,38590,38611,21
12.9814500809,80.2526016235,38611,38621,10
12.9814901352,80.2526397705,38621,38631,10
12.9819498062,80.2526168823,38631,38641,10
12.9827899933,80.2525405884,38641,38651,10
12.9833803177,80.2524795532,38651,38661,10
12.9837503433,80.2523803711,38661,38884,223
12.9837503433,80.2523803711,38884,38894,10
12.9839401245,80.252281189,38894,38904,10
12.9842395782,80.2522201538,38904,38914,10
12.9845399857,80.2521514893,38914,38924,10
12.984869957,80.2520675659,38924,38934,10
12.9852800369,80.2519378662,38934,38944,10
12.9856996536,80.2518234253,38944,38954,10
12.9860801697,80.251739502,38954,38965,11
12.9865198135,80.2516174316,38965,38975,10
12.986749649,80.2515563965,38975,38985,10
12.9873895645,80.251373291,38985,39147,162
12.9873895645,80.251373291,39147,39157,10
12.987739563,80.2512893677,39157,39167,10
12.9883499146,80.2511367798,39167,39177,10
12.9892301559,80.2509078979,39177,39187,10
12.98939991,80.2508621216,39187,39197,10
12.9897499084,80.2508010864,39197,39207,10
12.9905996323,80.2506027222,39207,39217,10
12.9917001724,80.2503433228,39217,39227,10
12.9930000305,80.2500228882,39227,39238,11
12.9945802689,80.2496185303,39238,39248,10
12.9960803986,80.2492370605,39248,39258,10
12.9969701767,80.2489776611,39258,39268,10
12.9974002838,80.2488937378,39268,39278,10
12.9983100891,80.2486801147,39278,39288,10
12.9995203018,80.2483825684,39288,39298,10
13.0009298325,80.2480163574,39298,39308,10
13.0024204254,80.2476501465,39308,39318,10
13.0039997101,80.2473907471,39318,39329,11
13.0056400299,80.2471313477,39329,39339,10
13.0065498352,80.2463226318,39339,39359,20
13.0065498352,80.2463226318,39359,39368,9
13.0065898895,80.2459869385,39368,39379,11
13.006649971,80.2451477051,39379,39389,10
13.0066795349,80.2442321777,39389,39399,10
13.0066604614,80.2435302734,39399,39409,10
13.0066404343,80.2428588867,39409,39420,11
13.0065803528,80.2421875,39420,39430,10
13.0065402985,80.2419891357,39430,39440,10
13.0065498352,80.2416305542,39440,39450,10
13.0066003799,80.2411422729,39450,39460,10
13.0066699982,80.2406997681,39460,39470,10
13.0067996979,80.2399215698,39470,39480,10
13.006939888,80.2390899658,39480,39490,10
13.0071201324,80.2382507324,39490,39500,10
13.0072603226,80.2376785278,39500,39511,11
13.0073699951,80.2369995117,39511,39521,10
13.0074596405,80.236618042,39521,39531,10
13.0076198578,80.2360229492,39531,39541,10
13.0077800751,80.2352600098,39541,39551,10
13.0079698563,80.2342987061,39551,39561,10
13.008190155,80.233253479,39561,39571,10
13.0084104538,80.2320632935,39571,39581,10
13.0086297989,80.230796814,39581,39591,10
13.0088596344,80.2295684814,39591,39602,11
13.0090799332,80.228553772,39602,39612,10
13.009349823,80.2277069092,39612,39622,10
13.009759903,80.2267608643,39622,39632,10
13.0101995468,80.2259216309,39632,39642,10
13.0106496811,80.2250289917,39642,39652,10
13.011059761,80.2240600586,39652,39662,10
13.011469841,80.2231216431,39662,39672,10
13.0118598938,80.2220916748,39672,39682,10
13.0121498108,80.221496582,39682,39693,11
13.0124397278,80.2216186523,39693,39703,10
13.0128898621,80.2221984863,39703,39713,10
13.0133199692,80.2226409912,39713,39723,10
13.0136499405,80.2230606079,39723,39733,10
13.014169693,80.2237167358,39733,39743,10
13.0148000717,80.2242202759,39743,39753,10
13.0151996613,80.2246780396,39753,39763,10
13.0156297684,80.2250671387,39763,39773,10
13.0158004761,80.2251815796,39773,39784,11
13.0163402557,80.2252883911,39784,39794,10
13.0171098709,80.2250518799,39794,39804,10
13.017999649,80.2247009277,39804,39814,10
13.0188302994,80.2243728638,39814,39824,10
13.0194196701,80.2242965698,39824,39834,10
13.0194396973,80.2243118286,39834,39844,10
13.0195598602,80.2244186401,39844,39864,20
13.0195598602,80.2244186401,39864,39874,10
13.0197095871,80.2245330811,39874,39885,11
13.0200901031,80.2248077393,39885,39895,10
13.0204296112,80.2250518799,39895,39905,10
13.0206699371,80.2252120972,39905,39915,10
13.020819664,80.2253112793,39915,39925,10
13.021030426,80.2254714966,39925,39935,10
13.0212497711,80.2256622314,39935,39945,10
13.0214500427,80.2258605957,39945,39955,10
13.0216798782,80.226020813,39955,39965,10
13.0218000412,80.2260818481,39965,39976,11
13.0219898224,80.2261581421,39976,39986,10
13.0220003128,80.2261581421,39986,39996,10
13.0221595764,80.2262802124,39996,40006,10
13.0223999023,80.2265014648,40006,40016,10
13.0226402283,80.2267303467,40016,40026,10
13.0228204727,80.2269134521,40026,40036,10
13.0229597092,80.2270507813,40036,40057,21
13.0229597092,80.2270507813,40057,40067,10
13.0231800079,80.2272796631,40067,40077,10
13.0233097076,80.2274017334,40077,40087,10
13.0235996246,80.2276306152,40087,40097,10
13.0238599777,80.2278289795,40097,40107,10
13.0241203308,80.2281036377,40107,40127,20
13.0241203308,80.2281036377,40127,40137,10
13.0243997574,80.2284393311,40137,40148,11
13.0241498947,80.2284698486,40148,40158,10
13.0237998962,80.2280807495,40158,40168,10
13.0235500336,80.2278213501,40168,40178,10
13.0231704712,80.2275009155,40178,40835,657
13.0231704712,80.2275009155,40835,40845,10
13.0228796005,80.2272109985,40845,40855,10
13.0225400925,80.226852417,40855,40865,10
13.0219697952,80.2263565063,40865,40876,11
13.0212097168,80.2257385254,40876,40886,10
13.0204696655,80.2252426147,40886,40896,10
13.0199298859,80.2248382568,40896,40906,10
13.0191898346,80.2245483398,40906,40916,10
13.018409729,80.2247009277,40916,40926,10
13.0176801682,80.2249908447,40926,40936,10
13.0170001984,80.2252578735,40936,40946,10
13.0164899826,80.225479126,40946,40956,10
13.0161399841,80.2256011963,40956,40967,11
13.0155496597,80.2257919312,40967,40977,10
13.0152797699,80.2259216309,40977,40987,10
13.0149402618,80.2260513306,40987,40997,10
13.0145702362,80.2262268066,40997,41027,30
13.0145702362,80.2262268066,41027,41037,10
13.0142803192,80.22631073,41037,41047,10
13.013999939,80.2264099121,41047,41058,11
13.0132398605,80.2266769409,41058,41068,10
13.012430191,80.2269821167,41068,41078,10
13.0114898682,80.2273635864,41078,41088,10
13.0104398727,80.2277908325,41088,41098,10
13.0094299316,80.2282104492,41098,41108,10
13.0090503693,80.2290878296,41108,41118,10
13.008890152,80.2300415039,41118,41128,10
13.0087604523,80.2307510376,41128,41138,10
13.008649826,80.231338501,41138,41149,11
13.0085000992,80.2320175171,41149,41159,10
13.0083703995,80.2326126099,41159,41169,10
13.0082798004,80.2333526611,41169,41179,10
13.0082502365,80.2334594727,41179,41189,10
13.0081501007,80.2337799072,41189,41199,10
13.0080404282,80.234336853,41199,41209,10
13.007900238,80.2350234985,41209,41219,10
13.0077199936,80.2359390259,41219,41229,10
13.007519722,80.2370071411,41229,41240,11
13.0073404312,80.2380523682,41240,41250,10
13.0072202682,80.2387619019,41250,41260,10
13.0071201324,80.2393722534,41260,41270,10
13.0069904327,80.2397766113,41270,41280,10
13.0069303513,80.240196228,41280,41290,10
13.0068798065,80.2404708862,41290,41300,10
13.0068397522,80.2406768799,41300,41310,10
13.0067501068,80.2412796021,41310,41320,10
13.0067501068,80.2422790527,41320,41331,11
13.0067501068,80.242980957,41331,41341,10
13.0067396164,80.2432403564,41341,41351,10
13.0066900253,80.2436294556,41351,41361,10
13.0066699982,80.2440719604,41361,41371,10
13.006649971,80.2445602417,41371,41381,10
13.0067300797,80.2451705933,41381,41391,10
13.0067501068,80.2457199097,41391,41401,10
13.0067396164,80.2464523315,41401,41411,10
13.0067300797,80.2472000122,41411,41422,11
13.0061597824,80.2474136353,41422,41442,20
13.0061597824,80.2474136353,41442,41452,10
13.0060100555,80.2473678589,41452,41462,10
13.0055303574,80.2473297119,41462,41472,10
13.0047101974,80.2473907471,41472,41482,10
13.0036697388,80.2475204468,41482,41492,10
13.0026702881,80.247718811,41492,41502,10
13.0019302368,80.2479019165,41502,41513,11
13.0009098053,80.2481613159,41513,41523,10
12.9997396469,80.2484512329,41523,41533,10
12.9986495972,80.2487335205,41533,41543,10
12.9982595444,80.2488632202,41543,41553,10
12.9979696274,80.2489089966,41553,41563,10
12.9972600937,80.2490692139,41563,41573,10
12.9961595535,80.2493362427,41573,41583,10
12.9949302673,80.2496566772,41583,41593,10
12.993639946,80.25,41593,41604,11
12.9921798706,80.2503585815,41604,41614,10
12.9911203384,80.2506637573,41614,41664,50
12.9911203384,80.2506637573,41664,41674,10
12.9906997681,80.2507781982,41674,41684,10
12.989979744,80.2509689331,41684,41695,11
12.9893598557,80.251121521,41695,41705,10
12.9888801575,80.2512283325,41705,41927,222
12.9888801575,80.2512283325,41927,41937,10
12.9884500504,80.2512588501,41937,41947,10
12.9881095886,80.2513885498,41947,41957,10
12.9876499176,80.2515029907,41957,41968,11
12.9871101379,80.2516403198,41968,41978,10
12.9865398407,80.2517929077,41978,41988,10
12.9862003326,80.2518386841,41988,41998,10
12.9854402542,80.2520294189,41998,42008,10
12.9844398499,80.2523193359,42008,42018,10
12.983300209,80.2526016235,42018,42028,10
12.9821901321,80.2526931763,42028,42038,10
12.9810199738,80.2527236938,42038,42048,10
12.9801397324,80.2527694702,42048,42059,11
12.9791498184,80.2526779175,42059,42069,10
12.9788398743,80.2526397705,42069,42079,10
12.9786195755,80.2525863647,42079,42089,10
12.9784898758,80.252532959,42089,42099,10
12.9779596329,80.2521209717,42099,42109,10
12.9772396088,80.2515182495,42109,42119,10
12.9763298035,80.2511825562,42119,42129,10
12.9752597809,80.250869751,42129,42139,10
12.9740800858,80.250541687,42139,42150,11
12.972820282,80.2502365112,42150,42160,10
12.971619606,80.2499237061,42160,42170,10
12.970700264,80.2497406006,42170,42180,10
12.9696397781,80.2494277954,42180,42190,10
12.9685497284,80.2489776611,42190,42200,10
12.9675302505,80.2485122681,42200,42210,10
12.966750145,80.2481079102,42210,42220,10
12.9660596848,80.2477722168,42220,42230,10
12.9653501511,80.2475128174,42230,42241,11
12.9651203156,80.2474212646,42241,42251,10
12.9648199081,80.2472763062,42251,42261,10
12.9643096924,80.2470932007,42261,42271,10
12.964099884,80.2469863892,42271,42281,10
12.9639902115,80.2469482422,42281,42291,10
12.9634799957,80.2467498779,42291,42301,10
12.9626703262,80.2463378906,42301,42311,10
12.9616003036,80.24584198,42311,42321,10
12.9606399536,80.2453918457,42321,42332,11
12.9597597122,80.2450180054,42332,42342,10
12.9592895508,80.2448196411,42342,42352,10
12.9592103958,80.2447967529,42352,42362,10
12.9587001801,80.2445602417,42362,42372,10
12.9579296112,80.2442398071,42372,42382,10
12.9571695328,80.2439727783,42382,42392,10
12.9565401077,80.2437973022,42392,42473,81
12.9565401077,80.2437973022,42473,42483,10
12.9560604095,80.243598938,42483,42493,10
12.9554195404,80.2432174683,42493,42503,10
12.9544696808,80.2427825928,42503,42514,11
12.9532403946,80.2422637939,42514,42524,10
12.9520597458,80.2418289185,42524,42534,10
12.9516296387,80.2416763306,42534,42544,10
12.9513397217,80.241569519,42544,42554,10
12.9505996704,80.241317749,42554,42564,10
12.9496803284,80.2410430908,42564,42574,10
12.9489202499,80.240737915,42574,42584,10
12.9481801987,80.2404632568,42584,42594,10
12.9473600388,80.2401275635,42594,42605,11
12.9471302032,80.2400588989,42605,42615,10
12.9467897415,80.2399215698,42615,42625,10
12.9460496902,80.2396011353,42625,42635,10
12.9451503754,80.2391204834,42635,42645,10
12.9442796707,80.2382202148,42645,42655,10
12.9433002472,80.2371902466,42655,42665,10
12.9421195984,80.2364273071,42665,42675,10
12.9407701492,80.2360992432,42675,42685,10
12.9398403168,80.2358322144,42685,42696,11
12.9398202896,80.2358169556,42696,42706,10
12.9394302368,80.2356414795,42706,42716,10
12.9386396408,80.2352523804,42716,42726,10
12.9376401901,80.2347793579,42726,42736,10
12.9365501404,80.2342681885,42736,42746,10
12.9359502792,80.2339935303,42746,42756,10
12.935839653,80.2339477539,42756,42766,10
12.9353399277,80.2337036133,42766,42776,10
12.9344501495,80.2332992554,42776,42787,11
12.9338302612,80.2330093384,42787,42797,10
12.9337100983,80.2329406738,42797,42807,10
12.9330797195,80.2326278687,42807,42817,10
12.9320602417,80.2322463989,42817,42827,10
12.9307603836,80.2318191528,42827,42837,10
12.9293603897,80.2314834595,42837,42847,10
12.9279403687,80.2312164307,42847,42857,10
12.9264802933,80.2310333252,42857,42867,10
12.9251499176,80.2308807373,42867,42878,11
12.9235801697,80.230682373,42878,42888,10
12.9220695496,80.2304534912,42888,42898,10
12.9204702377,80.2302474976,42898,42908,10
12.918970108,80.2300567627,42908,42918,10
12.9175796509,80.2298965454,42918,42928,10
12.9164896011,80.2297592163,42928,42938,10
12.9153203964,80.229598999,42938,42948,10
12.9140701294,80.2294311523,42948,42958,10
12.9133996964,80.2293624878,42958,42969,11
12.9131202698,80.2292861938,42969,42979,10
12.9123697281,80.2291488647,42979,42989,10
12.9113502502,80.2289962769,42989,42999,10
12.9101104736,80.2288208008,42999,43009,10
12.9090299606,80.2286376953,43009,43019,10
12.9082298279,80.2285003662,43019,43029,10
12.9074802399,80.2283935547,43029,43110,81
12.9074802399,80.2283935547,43110,43120,10
12.9073801041,80.2283706665,43120,43130,10
12.9069404602,80.2282867432,43130,43140,10
12.9065198898,80.2282562256,43140,43151,11
12.905579567,80.2282180786,43151,43161,10
12.904540062,80.2281570435,43161,43171,10
12.9033899307,80.2281112671,43171,43181,10
12.9024600983,80.2280578613,43181,43191,10
12.9020395279,80.2280578613,43191,43201,10
12.9016103745,80.2280426025,43201,43221,20
12.9016103745,80.2280426025,43221,43231,10
12.9014196396,80.2279663086,43231,43242,11
12.9010400772,80.2279129028,43242,43252,10
12.9006204605,80.2278823853,43252,43262,10
12.9004402161,80.2279129028,43262,43272,10
12.9001302719,80.2279205322,43272,43282,10
12.8998403549,80.227897644,43282,43292,10
12.8995599747,80.2279129028,43292,43302,10
12.8992595673,80.2279205322,43302,43312,10
12.8991699219,80.2279129028,43312,43322,10
12.8985099792,80.2278366089,43322,43333,11
12.897480011,80.2277679443,43333,43343,10
12.8964796066,80.2277603149,43343,43353,10
12.8961400986,80.2277526855,43353,43363,10
12.8958597183,80.2277297974,43363,43373,10
12.8950500488,80.2276992798,43373,43383,10
12.8938598633,80.2276000977,43383,43393,10
12.8928203583,80.2274703979,43393,43403,10
12.8925895691,80.2274703979,43403,43413,10
12.8924598694,80.2274475098,43413,43424,11
12.8918104172,80.2273788452,43424,43434,10
12.8908004761,80.2273635864,43434,43444,10
12.8895301819,80.2273712158,43444,43454,10
12.8880901337,80.2273406982,43454,43464,10
12.8866195679,80.2271118164,43464,43474,10
12.885310173,80.2268066406,43474,43484,10
12.8848600388,80.2267608643,43484,43494,10
12.8845701218,80.2267379761,43494,43504,10
12.8837299347,80.2267379761,43504,43515,11
12.8824300766,80.2267303467,43515,43525,10
12.8810796738,80.2267303467,43525,43535,10
12.8796596527,80.2267608643,43535,43545,10
12.8784303665,80.2267990112,43545,43555,10
12.8774995804,80.2268829346,43555,43565,10
12.877120018,80.2269592285,43565,43575,10
12.8769302368,80.2269668579,43575,43595,20
12.8769302368,80.2269668579,43595,43606,11
12.8765802383,80.2269973755,43606,43616,10
12.8760299683,80.2269821167,43616,43626,10
12.8751001358,80.2268981934,43626,43636,10
12.8743801117,80.2268218994,43636,43646,10
12.8743200302,80.2268066406,43646,43656,10
12.87403965,80.2267684937,43656,43666,10
12.8734397888,80.2267303467,43666,43676,10
12.8727798462,80.2267608643,43676,43848,172
12.8727798462,80.2267608643,43848,43858,10
12.8725004196,80.2267227173,43858,43868,10
12.8719797134,80.2267227173,43868,43879,11
12.8711395264,80.2266921997,43879,43889,10
12.870300293,80.2266311646,43889,43899,10
12.8694200516,80.2265167236,43899,43909,10
12.8684301376,80.2264404297,43909,43919,10
12.867480278,80.2264862061,43919,43929,10
12.8667697906,80.2265777588,43929,44101,172
12.8667697906,80.2265777588,44101,44111,10
12.8665800095,80.2266235352,44111,44141,30
12.8665800095,80.2266235352,44141,44152,11
12.8666095734,80.2264175415,44152,44162,10
12.8670101166,80.2264099121,44162,44172,10
12.8676300049,80.2263183594,44172,44182,10
12.8683395386,80.2262878418,44182,44192,10
12.8691301346,80.226348877,44192,44202,10
12.8700895309,80.2264785767,44202,44212,10
12.8711004257,80.2265701294,44212,44222,10
12.8719797134,80.226600647,44222,44232,10
12.8729896545,80.2266311646,44232,44243,11
12.8739500046,80.2266769409,44243,44253,10
12.8749599457,80.2267990112,44253,44263,10
12.8759698868,80.226890564,44263,44273,10
12.8765802383,80.2268829346,44273,44283,10
12.8773403168,80.2268295288,44283,44293,10
12.8783597946,80.2267532349,44293,44303,10
12.8794603348,80.2266769409,44303,44313,10
12.880610466,80.2266693115,44313,44323,10
12.8819198608,80.2266464233,44323,44334,11
12.8831300735,80.2266387939,44334,44344,10
12.8843002319,80.2266311646,44344,44354,10
12.8853397369,80.2266921997,44354,44364,10
12.8863601685,80.2269210815,44364,44374,10
12.8874101639,80.2271728516,44374,44384,10
12.8885202408,80.2272720337,44384,44394,10
12.8896903992,80.2272872925,44394,44404,10
12.890879631,80.2272872925,44404,44414,10
12.891960144,80.2272872925,44414,44425,11
12.8929395676,80.2273712158,44425,44435,10
12.8937997818,80.2275009155,44435,44445,10
12.8947896957,80.2275772095,44445,44455,10
12.8958997726,80.2276306152,44455,44465,10
12.8971004486,80.2276916504,44465,44475,10
12.8982095718,80.2277526855,44475,44485,10
12.899020195,80.2278137207,44485,44495,10
12.9001197815,80.2278900146,44495,44516,21
12.9001197815,80.2278900146,44516,44526,10
12.9005203247,80.2279434204,44526,44536,10
12.9008798599,80.2279663086,44536,44546,10
12.9013204575,80.2279891968,44546,44556,10
12.9017496109,80.228012085,44556,44566,10
12.9021701813,80.2280273438,44566,44576,10
12.9026203156,80.2280502319,44576,44586,10
12.9033899307,80.2280807495,44586,44596,10
12.9042797089,80.2281188965,44596,44607,11
12.9053401947,80.2281570435,44607,44617,10
12.90583992,80.2281799316,44617,44627,10
12.9059801102,80.2282104492,44627,44667,40
12.9059801102,80.2282104492,44667,44677,10
12.9063396454,80.2282333374,44677,44687,10
12.9066095352,80.2282562256,44687,44698,11
12.9068403244,80.2282562256,44698,44708,10
12.9075298309,80.2283401489,44708,44718,10
12.9085197449,80.2285079956,44718,44728,10
12.9097299576,80.2287063599,44728,44738,10
12.9110202789,80.2289123535,44738,44748,10
12.9122896194,80.2290878296,44748,44758,10
12.9135398865,80.2292785645,44758,44768,10
12.9146604538,80.2294082642,44768,44778,10
12.9158000946,80.2295684814,44778,44789,11
12.9170703888,80.2297363281,44789,44799,10
12.9182395935,80.2299118042,44799,44809,10
12.9194602966,80.2300796509,44809,44819,10
12.9207000732,80.2302322388,44819,44829,10
12.9219198227,80.2304000854,44829,44839,10
12.9231395721,80.2305908203,44839,44849,10
12.9243803024,80.2307434082,44849,44859,10
12.9254999161,80.2308807373,44859,44869,10
12.9265804291,80.2310028076,44869,44880,11
12.9276895523,80.2311325073,44880,44890,10
12.9286699295,80.2312469482,44890,44900,10
12.9295797348,80.2314300537,44900,44910,10
12.9305095673,80.2316818237,44910,44920,10
12.9314699173,80.2319717407,44920,44930,10
12.9324197769,80.2322769165,44930,44940,10
12.9332799911,80.2325897217,44940,44950,10
12.9339199066,80.2328796387,44950,44960,10
12.9348201752,80.2332611084,44960,44971,11
12.9358701706,80.2337265015,44971,44981,10
12.9368896484,80.2342300415,44981,44991,10
12.9379396439,80.2347412109,44991,45001,10
12.9389600754,80.2352600098,45001,45011,10
12.9397201538,80.2356414795,45011,45021,10
12.9401197433,80.2358016968,45021,45031,10
12.9410400391,80.2360687256,45031,45041,10
12.9420003891,80.2362976074,45041,45051,10
12.9429702759,80.2367324829,45051,45062,11
12.9437999725,80.2375106812,45062,45072,10
12.9445400238,80.2383422852,45072,45082,10
12.9453697205,80.2391433716,45082,45092,10
12.9464302063,80.2396469116,45092,45102,10
12.9475803375,80.2401275635,45102,45112,10
12.9484901428,80.2404632568,45112,45122,10
12.9490804672,80.2406997681,45122,45132,10
12.9497499466,80.2409286499,45132,45142,10
12.9505300522,80.2411804199,45142,45153,11
12.9511699677,80.2413711548,45153,45163,10
12.9518003464,80.2416000366,45163,45173,10
12.9524803162,80.2418670654,45173,45183,10
12.9533004761,80.2422180176,45183,45193,10
12.9542198181,80.2425613403,45193,45203,10
12.9550504684,80.2428894043,45203,45213,10
12.9562501907,80.2433166504,45213,45244,31
12.9562501907,80.2433166504,45244,45254,10
12.9564399719,80.2433776855,45254,45264,10
12.9569396973,80.2436218262,45264,45274,10
12.95773983,80.2440032959,45274,45284,10
12.9584102631,80.2442398071,45284,45294,10
12.9587402344,80.2444000244,45294,45304,10
12.9588603973,80.2444610596,45304,45314,10
12.9593095779,80.2447128296,45314,45324,10
12.9600200653,80.2450180054,45324,45335,11
12.9610700607,80.2454910278,45335,45345,10
12.9621496201,80.2460174561,45345,45355,10
12.9633903503,80.2466506958,45355,45415,60
12.9633903503,80.2466506958,45415,45426,11
12.9637403488,80.2467880249,45426,45436,10
12.9644098282,80.2470626831,45436,45446,10
12.965379715,80.2473602295,45446,45456,10
12.9664201736,80.2477493286,45456,45466,10
12.9669704437,80.2479782104,45466,45476,10
12.9669799805,80.2479782104,45476,45486,10
12.9671602249,80.2480773926,45486,45496,10
12.9677095413,80.248336792,45496,45506,10
12.9685297012,80.2486572266,45506,45517,11
12.9695796967,80.2490692139,45517,45527,10
12.9705896378,80.2494735718,45527,45537,10
12.9717102051,80.2497787476,45537,45547,10
12.9727802277,80.2500762939,45547,45557,10
12.973859787,80.2503814697,45557,45567,10
12.9749898911,80.2507019043,45567,45577,10
12.9761295319,80.2510299683,45577,45587,10
12.9771995544,80.2513809204,45587,45597,10
12.9780597687,80.2520065308,45597,45608,11
12.978969574,80.2525177002,45608,45618,10
12.9796600342,80.2526016235,45618,45658,40
12.9796600342,80.2526016235,45658,45668,10
12.9796800613,80.2526473999,45668,45678,10
12.9801197052,80.2526779175,45678,45688,10
12.9807300568,80.2526626587,45688,45699,11
12.9817199707,80.2526321411,45699,45709,10
12.9828395844,80.2525863647,45709,45719,10
12.9840297699,80.2523498535,45719,45729,10
12.9851703644,80.2520217896,45729,45749,20
12.9851703644,80.2520217896,45749,45759,10
12.9855298996,80.2519302368,45759,45769,10
12.9859695435,80.2518081665,45769,45779,10
12.9864301682,80.251701355,45779,45790,11
12.9872598648,80.2514724731,45790,45800,10
12.9878501892,80.2514572144,45800,45810,10
12.987950325,80.2517700195,45810,45820,10
12.9880104065,80.2522277832,45820,45830,10
12.9879102707,80.2529602051,45830,45840,10
12.987830162,80.2538223267,45840,45850,10
12.9877195358,80.2548522949,45850,45860,10
12.9875898361,80.2557983398,45860,45870,10
12.9875202179,80.2566070557,45870,45881,11
12.9873800278,80.2574996948,45881,45891,10
12.9874000549,80.2582168579,45891,45901,10
12.9872398376,80.2584915161,45901,45911,10
12.9872198105,80.2584915161,45911,45921,10
12.9872198105,80.2585220337,45921,45931,10
12.9867696762,80.2585601807,45931,46528,597
12.9866199493,80.2585067749,46528,46588,60
12.9865903854,80.2584915161,46588,49470,2882
12.9865598679,80.2586364746,49470,49946,476
12.9865903854,80.2585906982,49946,51554,1608
12.9869699478,80.2585983276,51554,51604,50
12.9869699478,80.2585983276,51604,51614,10
12.9873695374,80.2583694458,51614,51624,10
12.9873600006,80.2583618164,51624,51634,10
12.9874000549,80.2581176758,51634,51645,11
12.9874696732,80.2572021484,51645,51665,20
12.9874696732,80.2572021484,51665,51675,10
12.9875001907,80.2568969727,51675,51685,10
12.9875497818,80.2562179565,51685,51725,40
12.9877004623,80.2561416626,51725,51746,21
12.9877004623,80.2561416626,51746,51756,10
12.9876403809,80.2559967041,51756,51766,10
12.9876804352,80.2556762695,51766,51776,10
12.987739563,80.2551727295,51776,51786,10
12.9877996445,80.2546234131,51786,51796,10
12.9878797531,80.2536773682,51796,51806,10
12.9879598618,80.2525787354,51806,51816,10
12.9878196716,80.2517166138,51816,51857,41
12.9878196716,80.2517166138,51857,51867,10
12.9874696732,80.2515563965,51867,51877,10
12.9869804382,80.2516403198,51877,51887,10
12.9863195419,80.2518081665,51887,51897,10
12.9858398438,80.2519226074,51897,51907,10
12.9850902557,80.2521286011,51907,51918,11
12.9840402603,80.2524185181,51918,51928,10
12.9828901291,80.2526473999,51928,51938,10
12.9816198349,80.2527008057,51938,51948,10
12.9806203842,80.2527389526,51948,51958,10
12.9801301956,80.2527923584,51958,51968,10
12.9795198441,80.2527236938,51968,51978,10
12.9787302017,80.2526321411,51978,51988,10
12.9785203934,80.252532959,51988,51998,10
12.9779596329,80.2520675659,51998,52009,11
12.976849556,80.2513427734,52009,52019,10
12.9753799438,80.2509231567,52019,52029,10
12.9738903046,80.2504806519,52029,52039,10
12.9725999832,80.2501373291,52039,52049,10
12.9713802338,80.2497787476,52049,52059,10
12.9702796936,80.2494812012,52059,52069,10
12.9690799713,80.2490234375,52069,52079,10
12.9680995941,80.2487030029,52079,52089,10
12.967089653,80.2482376099,52089,52100,11
12.9660196304,80.2476806641,52100,52110,10
12.9654197693,80.247428894,52110,52120,10
12.9652299881,80.2473602295,52120,52130,10
12.9649400711,80.247253418,52130,52140,10
12.9643096924,80.2470092773,52140,52150,10
12.9638500214,80.2468566895,52150,52160,10
12.9632997513,80.2466430664,52160,52170,10
12.9623203278,80.2461700439,52170,52180,10
12.9613103867,80.2456512451,52180,52190,10
12.9604797363,80.2452468872,52190,52202,12
12.9597396851,80.2449188232,52202,52212,10
12.9590797424,80.2446136475,52212,52222,10
12.9581298828,80.2442169189,52222,52232,10
12.9574604034,80.2439804077,52232,52242,10
12.9565200806,80.2437133789,52242,52313,71
12.9565200806,80.2437133789,52313,52323,10
12.9562797546,80.2436599731,52323,52333,10
12.9556598663,80.2433013916,52333,52343,10
12.9546003342,80.2427978516,52343,52353,10
12.953669548,80.242401123,52353,52363,10
12.9527397156,80.2420120239,52363,52374,11
12.9517002106,80.2416000366,52374,52384,10
12.951379776,80.2414703369,52384,52394,10
12.9504899979,80.2411804199,52394,52404,10
12.9491901398,80.2407913208,52404,52424,20
12.9491901398,80.2407913208,52424,52434,10
12.948679924,80.2406311035,52434,52444,10
12.9476699829,80.2402496338,52444,52454,10
12.9471597672,80.2400436401,52454,52465,11
12.9469003677,80.2399368286,52465,52475,10
12.9463396072,80.239692688,52475,52485,10
12.9453802109,80.2392272949,52485,52495,10
12.9444503784,80.2383422852,52495,52505,10
12.9434099197,80.2372589111,52505,52515,10
12.9420995712,80.2364273071,52515,52525,10
12.9405403137,80.2360229492,52525,52535,10
12.9397201538,80.2357330322,52535,52545,10
12.9396295547,80.2356567383,52545,52555,10
12.9391202927,80.2354125977,52555,52566,11
12.9380102158,80.2348403931,52566,52576,10
12.9367198944,80.2342224121,52576,52586,10
12.9355201721,80.2336578369,52586,52596,10
12.9343595505,80.2331771851,52596,52606,10
12.9337501526,80.2329025269,52606,52616,10
12.9335699081,80.2328186035,52616,52626,10
12.9328699112,80.2324981689,52626,52636,10
12.9318399429,80.2321395874,52636,52646,10
12.9304199219,80.2316970825,52646,52657,11
12.9292402267,80.2314224243,52657,52667,10
12.9280004501,80.2311782837,52667,52677,10
12.9267501831,80.2310333252,52677,52687,10
12.9262895584,80.2309875488,52687,52697,10
12.9260196686,80.23097229,52697,52707,10
12.9252004623,80.2308578491,52707,52717,10
12.9241399765,80.2307434082,52717,52727,10
12.9229602814,80.2305908203,52727,52737,10
12.9216604233,80.2303695679,52737,52748,11
12.9200897217,80.2301635742,52748,52758,10
12.9188604355,80.2300033569,52758,52768,10
12.9175300598,80.2298431396,52768,52778,10
12.9159803391,80.229637146,52778,52788,10
12.9143800735,80.2294311523,52788,52798,10
12.9133501053,80.229309082,52798,52808,10
12.9132900238,80.2292785645,52808,52818,10
12.9126796722,80.2291793823,52818,52828,10
12.9115600586,80.2289886475,52828,52839,11
12.9100103378,80.2287368774,52839,52849,10
12.9084796906,80.2285003662,52849,52859,10
12.9074697495,80.2283706665,52859,52869,10
12.9069900513,80.2284011841,52869,52889,20
12.9069900513,80.2284011841,52889,52899,10
12.9066095352,80.2283782959,52899,52909,10
12.9058799744,80.2283172607,52909,52919,10
12.9047803879,80.2282333374,52919,52930,11
12.9032897949,80.2281417847,52930,52940,10
12.9019603729,80.2280426025,52940,52950,10
12.9012002945,80.2280426025,52950,53031,81
12.9012002945,80.2280426025,53031,53041,10
12.9010801315,80.2278900146,53041,53051,10
12.9005899429,80.2278671265,53051,53061,10
12.8999700546,80.2279129028,53061,53071,10
12.8994903564,80.2278823853,53071,53081,10
12.8994102478,80.2278823853,53081,53091,10
12.8993396759,80.2278900146,53091,53101,10
12.8987102509,80.2278366089,53101,53112,11
12.8975200653,80.2277832031,53112,53122,10
12.8961400986,80.2276992798,53122,53132,10
12.8945198059,80.2276229858,53132,53142,10
12.8929395676,80.2274398804,53142,53152,10
12.8924398422,80.2273864746,53152,53162,10
12.8918800354,80.2274017334,53162,53172,10
12.8908500671,80.227432251,53172,53182,10
12.8896198273,80.2274398804,53182,53192,10
12.8884000778,80.2274169922,53192,53203,11
12.8869304657,80.2272033691,53203,53213,10
12.8854398727,80.2268218994,53213,53223,10
12.883939743,80.2267379761,53223,53233,10
12.8822803497,80.2267532349,53233,53243,10
12.8805704117,80.2267608643,53243,53253,10
12.8788003922,80.2268066406,53253,53263,10
12.8772802353,80.2269363403,53263,53273,10
12.8764696121,80.2269973755,53273,53283,10
12.8762702942,80.2270126343,53283,53294,11
12.8753900528,80.2269821167,53294,53304,10
12.8741397858,80.2268371582,53304,53314,10
12.8728504181,80.2267303467,53314,53324,10
12.8714704514,80.2266769409,53324,53334,10
12.869799614,80.2265396118,53334,53344,10
12.8679504395,80.2264175415,53344,53354,10
12.8661298752,80.2266235352,53354,53364,10
12.8642997742,80.2265777588,53364,53374,10
12.8624897003,80.2265777588,53374,53385,11
12.8612203598,80.2266464233,53385,53395,10
12.8611497879,80.2266464233,53395,53405,10
12.8608398438,80.2266235352,53405,53415,10
12.8599596024,80.2264862061,53415,53425,10
12.8587999344,80.22631073,53425,53435,10
12.8573799133,80.2263031006,53435,53445,10
12.8557901382,80.2264633179,53445,53455,10
12.8541002274,80.2266311646,53455,53464,9
12.8526000977,80.2267227173,53464,53476,12
12.8507404327,80.2266616821,53476,53486,10
12.8503303528,80.2266616821,53486,53496,10
12.8497200012,80.2266693115,53496,53506,10
12.8486404419,80.2266464233,53506,53516,10
12.8472604752,80.2266693115,53516,53526,10
12.8459796906,80.2266616821,53526,53536,10
12.8453502655,80.2266998291,53536,53546,10
12.8453502655,80.2266921997,53546,53556,10
12.8452301025,80.2266769409,53556,53567,11
12.8444795609,80.2267379761,53567,53577,10
12.8433904648,80.2268295288,53577,53587,10
12.8420000076,80.2270965576,53587,53597,10
12.8405303955,80.2274780273,53597,53607,10
12.8397798538,80.2276611328,53607,53617,10
12.8394403458,80.2277679443,53617,53627,10
12.8387403488,80.2279586792,53627,53637,10
12.8376398087,80.2282180786,53637,53647,10
12.836230278,80.2284393311,53647,53658,11
12.8343801498,80.2287368774,53658,53668,10
12.8327999115,80.2290420532,53668,53678,10
12.8321304321,80.2291793823,53678,53688,10
12.8320398331,80.2292022705,53688,53698,10
12.8313703537,80.2293319702,53698,53708,10
12.8302602768,80.2296981812,53708,53718,10
12.8289699554,80.23021698,53718,53728,10
12.8280601501,80.2307434082,53728,53738,10
12.8268499374,80.2312698364,53738,53749,11
12.8253297806,80.2314376831,53749,53759,10
12.8238801956,80.2311782837,53759,53769,10
12.8228797913,80.2308578491,53769,53779,10
12.8218698502,80.2305831909,53779,53789,10
12.8205900192,80.23046875,53789,53799,10
12.8194103241,80.2305221558,53799,53809,10
12.8189601898,80.230506897,53809,53819,10
12.8186597824,80.2304077148,53819,53829,10
12.8180198669,80.2300796509,53829,53840,11
12.8170995712,80.2297134399,53840,53850,10
12.8159599304,80.2294464111,53850,53860,10
12.8146495819,80.2292327881,53860,53870,10
12.8134698868,80.2289505005,53870,53880,10
12.8122301102,80.2285385132,53880,53890,10
12.8108301163,80.2279891968,53890,53900,10
12.8096399307,80.2274780273,53900,53910,10
12.8084497452,80.2266387939,53910,53920,10
12.8072395325,80.2256317139,53920,53931,11
12.8061599731,80.2246780396,53931,53940,9
12.8053102493,80.2240829468,53940,53951,11
12.8049201965,80.2239990234,53951,53961,10
12.8047199249,80.2239532471,53961,53971,10
12.8040103912,80.2238922119,53971,53981,10
12.8029298782,80.223777771,53981,53991,10
12.8016004562,80.2236175537,53991,54001,10
12.8002195358,80.223487854,54001,54011,10
12.7986803055,80.2233734131,54011,54022,11
12.7975797653,80.2232284546,54022,54032,10
12.7967996597,80.2230911255,54032,54042,10
12.7958498001,80.2229309082,54042,54052,10
12.7957201004,80.22290802,54052,54062,10
12.7951402664,80.2227935791,54062,54072,10
12.7940502167,80.2226104736,54072,54082,10
12.7927999496,80.222442627,54082,54092,10
12.7916498184,80.2221679688,54092,54102,10
12.7903404236,80.2218399048,54102,54113,11
12.7892303467,80.221496582,54113,54123,10
12.7882795334,80.2211380005,54123,54133,10
12.7876596451,80.2209091187,54133,54143,10
12.7870101929,80.2206726074,54143,54173,30
12.7870101929,80.2206726074,54173,54183,10
12.7869195938,80.2205734253,54183,54193,10
12.7866897583,80.2205123901,54193,54234,41
12.7866897583,80.2205123901,54234,54244,10
12.7863798141,80.2203598022,54244,54254,10
12.7861995697,80.2203979492,54254,54264,10
12.786190033,80.2206497192,54264,54274,10
12.7861795425,80.2209625244,54274,54284,10
12.786190033,80.2211990356,54284,54295,11
12.7861795425,80.2214813232,54295,54355,60
12.7862997055,80.2218322754,54355,54406,51
12.7862796783,80.2219924927,54406,54426,20
12.786190033,80.2220611572,54426,54760,334
12.786190033,80.2220611572,54760,54770,10
12.7862596512,80.2219085693,54770,54780,10
12.7862195969,80.2216567993,54780,54790,10
12.7861995697,80.2215576172,54790,54800,10
12.786190033,80.2211380005,54800,54810,10
12.7861604691,80.2208099365,54810,54820,10
12.7861700058,80.2205810547,54820,54830,10
12.7864398956,80.2204971313,54830,54861,31
12.7864398956,80.2204971313,54861,54871,10
12.7867603302,80.2205963135,54871,54881,10
12.7873697281,80.2208023071,54881,54891,10
12.7881803513,80.2210922241,54891,54901,10
12.7890796661,80.2214202881,54901,54911,10
12.7898397446,80.2216720581,54911,54921,10
12.7905702591,80.2218322754,54921,54932,11
12.791680336,80.2221069336,54932,54942,10
12.7929201126,80.2223892212,54942,54952,10
12.7939901352,80.2225418091,54952,54962,10
12.795009613,80.2227172852,54962,54972,10
12.7961797714,80.22290802,54972,54982,10
12.7964096069,80.2229385376,54982,54992,10
12.7966604233,80.2229995728,54992,55002,10
12.7973403931,80.2231292725,55002,55012,10
12.7982196808,80.2232589722,55012,55023,11
12.7994203568,80.2233581543,55023,55033,10
12.8006000519,80.2234573364,55033,55043,10
12.8014202118,80.2235336304,55043,55053,10
12.801440239,80.2235336304,55053,55063,10
12.8019399643,80.2236175537,55063,55073,10
12.8027601242,80.223739624,55073,55083,10
12.8036699295,80.2238388062,55083,55093,10
12.8046598434,80.2239227295,55093,55103,10
12.8054599762,80.2240982056,55103,55114,11
12.8055896759,80.2241592407,55114,55124,10
12.806019783,80.2244796753,55124,55134,10
12.8067798615,80.2251663208,55134,55144,10
12.8077001572,80.225982666,55144,55154,10
12.8088102341,80.2268981934,55154,55164,10
12.810090065,80.2276535034,55164,55174,10
12.8115501404,80.2282409668,55174,55184,10
12.8131303787,80.2287826538,55184,55194,10
12.814499855,80.2291793823,55194,55205,11
12.8163003922,80.2294387817,55205,55215,10
12.8178901672,80.2299575806,55215,55225,10
12.8191299438,80.2304382324,55225,55235,10
12.8197803497,80.2304000854,55235,55245,10
12.8199996948,80.2304000854,55245,55255,10
12.8208398819,80.2304000854,55255,55265,10
12.822019577,80.2305526733,55265,55275,10
12.8233804703,80.2309494019,55275,55285,10
12.824839592,80.2312927246,55285,55296,11
12.8263902664,80.2312774658,55296,55306,10
12.827580452,80.2309417725,55306,55316,10
12.8285198212,80.2304000854,55316,55326,10
12.8294801712,80.2299423218,55326,55336,10
12.8303804398,80.2296218872,55336,55346,10
12.8310203552,80.229309082,55346,55366,20
12.8310203552,80.229309082,55366,55376,10
12.8314800262,80.2291870117,55376,55397,21
12.8314800262,80.2291870117,55397,55407,10
12.8316297531,80.2291412354,55407,55417,10
12.8321695328,80.229019165,55417,55427,10
12.8331298828,80.2288284302,55427,55437,10
12.8343896866,80.2286071777,55437,55447,10
12.8357801437,80.2284011841,55447,55457,10
12.8373603821,80.2281570435,55457,55467,10
12.8387002945,80.2278671265,55467,55478,11
12.8394298553,80.2276229858,55478,55498,20
12.8394298553,80.2276229858,55498,55508,10
12.8395996094,80.2275238037,55508,55518,10
12.8401298523,80.2274169922,55518,55528,10
12.8410596848,80.2272109985,55528,55538,10
12.8422203064,80.2269363403,55538,55548,10
12.8435897827,80.2267074585,55548,55558,10
12.845410347,80.2264862061,55558,55579,21
12.845410347,80.2264862061,55579,55589,10
12.845700264,80.2264785767,55589,55599,10
12.8464403152,80.2265014648,55599,55609,10
12.8475599289,80.2265014648,55609,55619,10
12.8488397598,80.2265014648,55619,55629,10
12.8498601913,80.2264633179,55629,55639,10
12.8499803543,80.2264785767,55639,55649,10
12.8502397537,80.2264785767,55649,55660,11
12.8511600494,80.2265396118,55660,55670,10
12.8523397446,80.2266082764,55670,55680,10
12.8535995483,80.2265777588,55680,55690,10
12.8549203873,80.2264480591,55690,55700,10
12.8563203812,80.2262802124,55700,55710,10
12.8573598862,80.2261810303,55710,55720,10
12.8585195541,80.2261581421,55720,55730,10
12.8597698212,80.2263183594,55730,55740,10
12.8608102798,80.2264404297,55740,55751,11
12.8609695435,80.2264785767,55751,55761,10
12.8616399765,80.2265014648,55761,55771,10
12.8627796173,80.2264633179,55771,55781,10
12.8641195297,80.2264633179,55781,55791,10
12.8656301498,80.2265014648,55791,55801,10
12.8671598434,80.2263870239,55801,55811,10
12.8687801361,80.2263183594,55811,55821,10
12.8704395294,80.2265167236,55821,55831,10
12.8719701767,80.2265930176,55831,55842,11
12.8728103638,80.2265777588,55842,55852,10
12.872879982,80.2265701294,55852,55862,10
12.8734903336,80.2266082764,55862,55872,10
12.8744497299,80.2267074585,55872,55882,10
12.8756399155,80.2268295288,55882,55892,10
12.8765201569,80.2268600464,55892,55902,10
12.8767995834,80.2268371582,55902,55912,10
12.8768796921,80.2268295288,55912,55922,10
12.8774995804,80.2267684937,55922,55933,11
12.8785400391,80.2266769409,55933,55943,10
12.8797197342,80.2266235352,55943,55953,10
12.881070137,80.2266082764,55953,55963,10
12.8825597763,80.226600647,55963,55973,10
12.8840398788,80.2265777588,55973,55983,10
12.8848695755,80.2265777588,55983,55993,10
12.8852596283,80.226600647,55993,56003,10
12.8856601715,80.2267074585,56003,56013,10
12.8865203857,80.2269363403,56013,56024,11
12.8878002167,80.2272033691,56024,56034,10
12.8890895844,80.2272872925,56034,56044,10
12.8906097412,80.2272796631,56044,56054,10
12.8921899796,80.2272796631,56054,56064,10
12.8934803009,80.2274398804,56064,56074,10
12.8948202133,80.2275772095,56074,56084,10
12.8961400986,80.2276229858,56084,56094,10
12.8976202011,80.2276916504,56094,56104,10
12.8992595673,80.2277832031,56104,56115,11
12.9006299973,80.2278213501,56115,56125,10
12.9012403488,80.2278594971,56125,56135,10
12.901720047,80.2278823853,56135,56145,10
12.9021396637,80.2278594971,56145,56155,10
12.9025001526,80.227897644,56155,56165,10
12.9025297165,80.2279281616,56165,56175,10
12.9030599594,80.2279815674,56175,56185,10
12.9039802551,80.2280273438,56185,56195,10
12.9046201706,80.2280883789,56195,56206,11
12.9048204422,80.2280807495,56206,56216,10
12.9050703049,80.2280731201,56216,56276,60
12.9050703049,80.2280731201,56276,56286,10
12.905380249,80.2279968262,56286,56297,11
12.9060697556,80.2281112671,56297,56347,50
12.9060697556,80.2281112671,56347,56357,10
12.9063596725,80.2282333374,56357,56367,10
12.9066801071,80.2282409668,56367,56377,10
12.9069900513,80.2282791138,56377,56388,11
12.9078903198,80.2283935547,56388,56398,10
12.9089803696,80.2285614014,56398,56408,10
12.9103298187,80.2287902832,56408,56418,10
12.9118900299,80.2289962769,56418,56428,10
12.913310051,80.2292022705,56428,56438,10
12.9138498306,80.2292480469,56438,56448,10
12.9140195847,80.229309082,56448,56458,10
12.9144001007,80.2294006348,56458,56468,10
12.9152402878,80.2295074463,56468,56479,11
12.9166097641,80.2296905518,56479,56489,10
12.9173803329,80.2298126221,56489,56499,10
12.9182796478,80.2299118042,56499,56509,10
12.9194803238,80.2300720215,56509,56519,10
12.920920372,80.2302398682,56519,56529,10
12.9224901199,80.2304763794,56529,56539,10
12.9241304398,80.2306976318,56539,56549,10
12.9256601334,80.2308883667,56549,56559,10
12.9271097183,80.2310562134,56559,56570,11
12.9284801483,80.2312088013,56570,56580,10
12.9290399551,80.2313079834,56580,56590,10
12.9300203323,80.2315597534,56590,56600,10
12.9312000275,80.2318878174,56600,56610,10
12.9323196411,80.2322463989,56610,56620,10
12.9332799911,80.2326278687,56620,56630,10
12.9338102341,80.2328720093,56630,56640,10
12.9339704514,80.2329406738,56640,56650,10
12.9345703125,80.2332000732,56650,56661,11
12.9356002808,80.2336807251,56661,56671,10
12.9366903305,80.2342071533,56671,56681,10
12.9380102158,80.2348480225,56681,56691,10
12.9394397736,80.2355422974,56691,56701,10
12.9408798218,80.2360534668,56701,56711,10
12.9423799515,80.2364273071,56711,56721,10
12.9436798096,80.2373580933,56721,56731,10
12.944729805,80.2384872437,56731,56741,10
12.9461202621,80.2395172119,56741,56752,11
12.9472799301,80.2399673462,56752,56762,10
12.947429657,80.2400436401,56762,56772,10
12.9476900101,80.2401733398,56772,56782,10
12.9484701157,80.2405014038,56782,56792,10
12.9493598938,80.2408599854,56792,56802,10
12.9504098892,80.2411575317,56802,56812,10
12.9511203766,80.2413330078,56812,56822,10
12.9511203766,80.2413406372,56822,56832,10
12.9514398575,80.2415008545,56832,56843,11
12.9522104263,80.2417984009,56843,56853,10
12.9532604218,80.2421875,56853,56863,10
12.9538698196,80.2424087524,56863,56873,10
12.9540996552,80.2425003052,56873,56883,10
12.9547901154,80.2427978516,56883,56893,10
12.9555902481,80.2430877686,56893,56903,10
12.9563503265,80.243309021,56903,56913,10
12.9570999146,80.2436599731,56913,56923,10
12.9580802917,80.2441101074,56923,56934,11
12.9589395523,80.2444534302,56934,56944,10
12.9591302872,80.2445907593,56944,56954,10
12.9598302841,80.2449264526,56954,56964,10
12.9608802795,80.2453918457,56964,56974,10
12.9620895386,80.2459716797,56974,56984,10
12.9630899429,80.2464828491,56984,56994,10
12.9639501572,80.2468795776,56994,57004,10
12.9647502899,80.2471923828,57004,57014,10
12.9656095505,80.247467041,57014,57024,10
12.9662904739,80.2477416992,57024,57035,11
12.9668102264,80.2479629517,57035,57045,10
12.9669504166,80.2480392456,57045,57055,10
12.9671602249,80.2481231689,57055,57065,10
12.9679403305,80.2484664917,57065,57075,10
12.9689798355,80.248878479,57075,57085,10
12.9702100754,80.2493591309,57085,57095,10
12.971329689,80.2497406006,57095,57105,10
12.9725999832,80.2500686646,57105,57116,11
12.9737796783,80.2503814697,57116,57126,10
12.9747896194,80.2506637573,57126,57136,10
12.9760198593,80.2510223389,57136,57146,10
12.9771795273,80.2514038086,57146,57156,10
12.9780397415,80.2520217896,57156,57166,10
12.9785003662,80.2523269653,57166,57176,10
12.9786701202,80.2524414063,57176,57186,10
12.9791002274,80.252571106,57186,57196,10
12.9795999527,80.2526016235,57196,57207,11
12.980340004,80.2526321411,57207,57217,10
12.9811697006,80.2526016235,57217,57227,10
12.9818696976,80.2525634766,57227,57318,91
12.9818696976,80.2525634766,57318,57328,10
12.9822597504,80.2525405884,57328,57338,10
12.9826202393,80.252532959,57338,57358,20
12.9826202393,80.252532959,57358,57368,10
12.982919693,80.2525024414,57368,57378,10
12.9830999374,80.2524871826,57378,57459,81
12.9830999374,80.2524871826,57459,57469,10
12.9832696915,80.2525024414,57469,57480,11
12.9834604263,80.252456665,57480,57490,10
12.9836101532,80.2524414063,57490,57500,10
12.9836797714,80.2524337769,57500,57510,10
12.983880043,80.2523574829,57510,57520,10
12.9844198227,80.2522125244,57520,57530,10
12.9851198196,80.2520217896,57530,57540,10
12.9855499268,80.2519226074,57540,57550,10
12.9859800339,80.2517776489,57550,57560,10
12.9864797592,80.2516403198,57560,57571,11
12.9872703552,80.251411438,57571,57581,10
12.9879102707,80.2512817383,57581,57591,10
12.9889001846,80.2510299683,57591,57601,10
12.9895401001,80.2508468628,57601,57611,10
12.989780426,80.2508392334,57611,57621,10
12.9905395508,80.2506484985,57621,57631,10
12.9916095734,80.2503662109,57631,57641,10
12.9928102493,80.2500991821,57641,57651,10
12.9941301346,80.2497634888,57651,57662,11
12.9954500198,80.2494430542,57662,57672,10
12.9964599609,80.249168396,57672,57682,10
12.9976196289,80.2489089966,57682,57692,10
12.9990501404,80.2485198975,57692,57702,10
13.0004196167,80.2481765747,57702,57712,10
13.0015296936,80.2478790283,57712,57722,10
13.0021800995,80.247718811,57722,57732,10
13.0028095245,80.2475967407,57732,57742,10
13.0037002563,80.2474594116,57742,57753,11
13.0048599243,80.2473068237,57753,57763,10
13.0058403015,80.2470932007,57763,57773,10
13.0063495636,80.2466888428,57773,57783,10
13.0063896179,80.2466201782,57783,57793,10
13.0065498352,80.2462921143,57793,57803,10
13.0066204071,80.2458724976,57803,57813,10
13.0066099167,80.2457199097,57813,57823,10
13.0066099167,80.2454376221,57823,57833,10
13.0066204071,80.2453079224,57833,57844,11
13.0066204071,80.2450714111,57844,57854,10
13.0066204071,80.2450485229,57854,57864,10
13.0066003799,80.2447891235,57864,57874,10
13.0066204071,80.2445602417,57874,57884,10
13.0066204071,80.2442474365,57884,57894,10
13.0066099167,80.2437515259,57894,57904,10
13.0065803528,80.2431182861,57904,57914,10
13.0065603256,80.2422790527,57914,57924,10
13.0065402985,80.2415618896,57924,57935,11
13.0066003799,80.2408828735,57935,57945,10
13.0066795349,80.2405014038,57945,57955,10
13.0068798065,80.2398529053,57955,57965,10
13.0070104599,80.2390365601,57965,57975,10
13.0071201324,80.2382965088,57975,57985,10
13.007229805,80.2377929688,57985,57995,10
13.0073204041,80.2374420166,57995,58005,10
13.0073204041,80.2373733521,58005,58015,10
13.0073699951,80.2371368408,58015,58026,11
13.0073795319,80.2369308472,58026,58036,10
13.0074300766,80.2367782593,58036,58046,10
13.0075597763,80.2362976074,58046,58056,10
13.0076303482,80.2358169556,58056,58066,10
13.0077104568,80.2353820801,58066,58076,10
13.0078802109,80.23462677,58076,58086,10
13.0080699921,80.233757019,58086,58096,10
13.0083503723,80.2323684692,58096,58106,10
13.0085401535,80.231338501,58106,58117,11
13.0087604523,80.2301635742,58117,58127,10
13.0089902878,80.2289962769,58127,58137,10
13.0091295242,80.2283630371,58137,58147,10
13.0095396042,80.2273635864,58147,58157,10
13.0100698471,80.2261734009,58157,58167,10
13.0105495453,80.2252731323,58167,58177,10
13.010840416,80.2245483398,58177,58187,10
13.011059761,80.2240371704,58187,58197,10
13.0112600327,80.2235031128,58197,58208,11
13.0116100311,80.2226867676,58208,58218,10
13.0118598938,80.2219772339,58218,58228,10
13.0120897293,80.2215576172,58228,58238,10
13.0123195648,80.2215194702,58238,58248,10
13.0125799179,80.2218780518,58248,58258,10
13.0130300522,80.2223968506,58258,58268,10
13.0135803223,80.2230377197,58268,58278,10
13.013999939,80.2235336304,58278,58288,10
13.0141096115,80.2236785889,58288,58299,11
13.0148696899,80.2243728638,58299,58309,10
13.0150499344,80.2246398926,58309,58319,10
13.0152196884,80.224822998,58319,58329,10
13.0156097412,80.2251968384,58329,58339,10
13.0157403946,80.2252502441,58339,58349,10
13.0160598755,80.2253265381,58349,58359,10
13.0168895721,80.2251281738,58359,58369,10
13.0179195404,80.2247161865,58369,58379,10
13.0194997787,80.2243423462,58379,58410,31
13.0194997787,80.2243423462,58410,58420,10
13.0196504593,80.2244796753,58420,58430,10
13.0200901031,80.2248001099,58430,58440,10
13.0206098557,80.2251815796,58440,58450,10
13.0210695267,80.2255630493,58450,58784,334
13.0210695267,80.2255630493,58784,58794,10
13.0215196609,80.2259521484,58794,58804,10
13.0221796036,80.2264175415,58804,58814,10
13.0229902267,80.2271575928,58814,58824,10
13.0235500336,80.2276687622,58824,58834,10
13.0240297318,80.2281036377,58834,58845,11
13.0243902206,80.2284622192,58845,58865,20
13.0243902206,80.2284622192,58865,58875,10
13.0243797302,80.2286605835,58875,58885,10
13.0240402222,80.2283401489,58885,58895,10
13.023639679,80.2279510498,58895,58905,10
13.0234003067,80.2277374268,58905,59209,304
13.0234003067,80.2277374268,59209,59219,10
13.0231304169,80.2273864746,59219,59229,10
13.0225896835,80.2269287109,59229,59239,10
13.022310257,80.2266387939,59239,59249,10
13.0215597153,80.2260513306,59249,59259,10
13.0206899643,80.2253723145,59259,59269,10
13.0198097229,80.2247772217,59269,59279,10
13.0189599991,80.2245178223,59279,59289,10
13.0183200836,80.2247314453,59289,59300,11
13.017999649,80.2248535156,59300,59310,10
13.017780304,80.2249526978,59310,59320,10
13.0176000595,80.2250289917,59320,59330,10
13.0173902512,80.225112915,59330,59340,10
13.0169696808,80.2252731323,59340,59351,11
13.016289711,80.2255401611,59351,59360,9
13.0155601501,80.2257766724,59360,59371,11
13.0149497986,80.226020813,59371,59381,10
13.0139799118,80.2263565063,59381,59392,11
13.0127296448,80.2268295288,59392,59402,10
13.011639595,80.2272720337,59402,59412,10
13.0107002258,80.2276611328,59412,59422,10
13.010020256,80.2279586792,59422,59432,10
13.0092401505,80.2283630371,59432,59442,10
13.0089797974,80.2292633057,59442,59452,10
13.0087900162,80.2303314209,59452,59462,10
13.008600235,80.2313613892,59462,59472,10
13.0083904266,80.2325973511,59472,59483,11
13.0082597733,80.2336196899,59483,59493,10
13.008190155,80.2338409424,59493,59503,10
13.0080699921,80.2344665527,59503,59513,10
13.007900238,80.2351837158,59513,59523,10
13.0076799393,80.2363510132,59523,59533,10
13.0074396133,80.2375717163,59533,59543,10
13.0072402954,80.2385864258,59543,59553,10
13.0070800781,80.2393569946,59553,59563,10
13.0069198608,80.2402114868,59563,59574,11
13.0067996979,80.2410430908,59574,59584,10
13.0067501068,80.2420883179,59584,59594,10
13.0067396164,80.2431716919,59594,59604,10
13.0067596436,80.2438964844,59604,59614,10
13.0067501068,80.2448120117,59614,59624,10
13.0067596436,80.2457885742,59624,59634,10
13.0067796707,80.2468185425,59634,59644,10
13.0067501068,80.2473983765,59644,59695,51
13.0067501068,80.2473983765,59695,59705,10
13.0066604614,80.2475280762,59705,59715,10
13.0061903,80.2474975586,59715,59725,10
13.006070137,80.2474365234,59725,59735,10
13.0054197311,80.2474212646,59735,59745,10
13.0043401718,80.2474594116,59745,59756,11
13.0029802322,80.2476577759,59756,59766,10
13.001999855,80.2478866577,59766,59776,10
13.0008897781,80.2481765747,59776,59786,10
12.9994802475,80.2485275269,59786,59796,10
12.9982099533,80.2488632202,59796,59806,10
12.9968900681,80.249168396,59806,59816,10
12.9953603745,80.2495803833,59816,59826,10
12.9938201904,80.2499771118,59826,59835,9
12.9924402237,80.2503204346,59835,59847,12
12.9909095764,80.2506866455,59847,59857,10
12.989569664,80.2510375977,59857,59867,10
12.9886398315,80.2512893677,59867,59877,10
12.9882297516,80.2514190674,59877,60029,152
12.9882297516,80.2514190674,60029,60039,10
12.987950325,80.2514419556,60039,60049,10
12.9875097275,80.2515411377,60049,60059,10
12.9872598648,80.2516021729,60059,60069,10
12.9869804382,80.2516937256,60069,60079,10
12.9863395691,80.2518463135,60079,60089,10
12.9853601456,80.2520828247,60089,60099,10
12.9841804504,80.2524185181,60099,60109,10
12.9827203751,80.2527084351,60109,60120,11
12.9814300537,80.2527389526,60120,60130,10
12.980389595,80.2527389526,60130,60140,10
12.9800100327,80.252746582,60140,60150,10
12.9793596268,80.2527084351,60150,60160,10
12.9787998199,80.2526397705,60160,60170,10
12.9781198502,80.2522735596,60170,60180,10
12.9772996902,80.2515716553,60180,60190,10
12.9762201309,80.251159668,60190,60201,11
12.9746398926,80.2507171631,60201,60211,10
12.9731903076,80.2503204346,60211,60221,10
12.9717102051,80.2499237061,60221,60231,10
12.9701700211,80.249458313,60231,60241,10
12.968580246,80.248840332,60241,60251,10
12.9671001434,80.2482528687,60251,60261,10
12.9659700394,80.2477035522,60261,60271,10
12.9650497437,80.2473907471,60271,60281,10
12.9643602371,80.2471084595,60281,60291,10
12.9635095596,80.2467575073,60291,60302,11
12.9624004364,80.2462234497,60302,60312,10
12.9612798691,80.2456893921,60312,60322,10
12.9603300095,80.2452392578,60322,60332,10
12.9596395493,80.244972229,60332,60342,10
12.9596204758,80.2449417114,60342,60352,10
12.9591503143,80.2447128296,60352,60362,10
12.9582195282,80.2443237305,60362,60372,10
12.9576301575,80.2440872192,60372,60382,10
12.9568595886,80.2438583374,60382,60393,11
12.9564599991,80.2437286377,60393,60413,20
12.9564599991,80.2437286377,60413,60423,10
12.9561004639,80.2435836792,60423,60433,10
12.9553804398,80.2431869507,60433,60443,10
12.9548101425,80.2429199219,60443,60453,10
12.9543104172,80.242729187,60453,60463,10
12.9534397125,80.2423477173,60463,60473,10
12.952249527,80.2418823242,60473,60484,11
12.9516496658,80.2416915894,60484,60494,10
12.951379776,80.2416000366,60494,60504,10
12.9505701065,80.241317749,60504,60514,10
12.9495000839,80.2410125732,60514,60524,10
12.9488201141,80.240737915,60524,60534,10
12.9478998184,80.2403488159,60534,60544,10
12.9469995499,80.2399673462,60544,60554,10
12.946100235,80.239616394,60554,60564,10
12.9450302124,80.2389678955,60564,60575,11
12.9439001083,80.2377624512,60575,60585,10
12.9428501129,80.2367477417,60585,60595,10
12.9413604736,80.2362518311,60595,60605,10
12.9401397705,80.2359390259,60605,60614,9
12.939740181,80.2358016968,60614,60625,11
12.9392004013,80.2355422974,60625,60635,10
12.9381599426,80.2350234985,60635,60645,10
12.9368495941,80.2343826294,60645,60655,10
12.9356203079,80.2338104248,60655,60666,11
12.9342403412,80.2331924438,60666,60676,10
12.9340000153,80.2330780029,60676,60686,10
12.9335899353,80.2328262329,60686,60696,10
12.9326496124,80.2324295044,60696,60706,10
12.9313802719,80.2320022583,60706,60716,10
12.9299297333,80.2315826416,60716,60726,10
12.9286203384,80.2313079834,60726,60736,10
12.927359581,80.2311325073,60736,60746,10
12.9262800217,80.231010437,60746,60757,11
12.9251699448,80.2308883667,60757,60767,10
12.9238796234,80.2307434082,60767,60777,10
12.9225196838,80.2305297852,60777,60787,10
12.9212303162,80.2303314209,60787,60797,10
12.9199800491,80.230178833,60797,60807,10
12.9186897278,80.2300109863,60807,60817,10
12.9173402786,80.2298278809,60817,60827,10
12.9160604477,80.2296295166,60827,60837,10
12.9147195816,80.2294464111,60837,60848,11
12.9136295319,80.2293395996,60848,60858,10
12.9135398865,80.229347229,60858,60868,10
12.9131803513,80.2292861938,60868,60878,10
12.9123802185,80.2291412354,60878,60888,10
12.9112701416,80.2289581299,60888,60898,10
12.9099798203,80.228767395,60898,60908,10
12.9087495804,80.2285614014,60908,60918,10
12.9074401855,80.2283935547,60918,60928,10
12.9068098068,80.2283477783,60928,60989,61
12.9068098068,80.2283477783,60989,60999,10
12.9065599442,80.2283401489,60999,61009,10
12.9058599472,80.2282562256,61009,61019,10
12.9048595428,80.2282028198,61019,61030,11
12.9034700394,80.2281112671,61030,61040,10
12.9020996094,80.2280578613,61040,61050,10
12.9010801315,80.2280502319,61050,61121,71
12.9010801315,80.2280502319,61121,61131,10
12.9009399414,80.2280273438,61131,61141,10
12.9003400803,80.2279586792,61141,61151,10
12.8995304108,80.2279205322,61151,61161,10
12.8993301392,80.2278900146,61161,61171,10
12.899140358,80.2278823853,61171,61181,10
12.8985004425,80.2278289795,61181,61191,10
12.897359848,80.2277526855,61191,61201,10
12.8958902359,80.2276763916,61201,61212,11
12.8943195343,80.2276229858,61212,61222,10
12.8930797577,80.2274780273,61222,61232,10
12.8920698166,80.2273712158,61232,61242,10
12.8907299042,80.2273788452,61242,61252,10
12.889169693,80.2273864746,61252,61262,10
12.8876199722,80.2272872925,61262,61272,10
12.8859996796,80.2269592285,61272,61282,10
12.8846998215,80.2266998291,61282,61292,10
12.8832597733,80.2267227173,61292,61303,11
12.8815402985,80.2267379761,61303,61313,10
12.8800001144,80.2267532349,61313,61323,10
12.8785104752,80.2268066406,61323,61333,10
12.8771896362,80.2269592285,61333,61343,10
12.8763799667,80.2270278931,61343,61353,10
12.8755598068,80.2270278931,61353,61363,10
12.8744297028,80.2268829346,61363,61373,10
12.8731298447,80.2267379761,61373,61383,10
12.8718700409,80.2266998291,61383,61394,11
12.8701696396,80.2265777588,61394,61404,10
12.868519783,80.2264099121,61404,61414,10
12.8669996262,80.2265167236,61414,61424,10
12.8660297394,80.2266082764,61424,61434,10
12.8647899628,80.226600647,61434,61444,10
12.8633298874,80.2265472412,61444,61454,10
12.8618402481,80.2266311646,61454,61464,10
12.8609399796,80.2266616821,61464,61474,10
12.8606996536,80.2266235352,61474,61485,11
12.8597698212,80.2264862061,61485,61495,10
12.8587598801,80.2263565063,61495,61505,10
12.8583202362,80.2263183594,61505,61515,10
12.8574199677,80.2263183594,61515,61525,10
12.8561601639,80.2264328003,61525,61535,10
12.8547296524,80.2265930176,61535,61545,10
12.8532896042,80.2267379761,61545,61555,10
12.8518695831,80.2267074585,61555,61565,10
12.8504295349,80.2266387939,61565,61576,11
12.8487501144,80.2266235352,61576,61586,10
12.847240448,80.2266464233,61586,61596,10
12.8459396362,80.2266464233,61596,61606,10
12.8453197479,80.2266769409,61606,61616,10
12.8451004028,80.2266769409,61616,61626,10
12.8443098068,80.2267227173,61626,61636,10
12.8432197571,80.226852417,61636,61646,10
12.8418998718,80.2271270752,61646,61656,10
12.8405799866,80.2274932861,61656,61667,11
12.8397598267,80.2277069092,61667,61687,20
12.8397598267,80.2277069092,61687,61697,10
12.8394203186,80.2278213501,61697,61707,10
12.8385400772,80.2280426025,61707,61717,10
12.8373804092,80.2282791138,61717,61727,10
12.835940361,80.2285003662,61727,61737,10
12.8344297409,80.2287216187,61737,61747,10
12.8330202103,80.2289886475,61747,61758,11
12.8319396973,80.2292404175,61758,61768,10
12.8316698074,80.2291793823,61768,61778,10
12.8315401077,80.2288589478,61778,61788,10
12.8315000534,80.2286911011,61788,61798,10
12.8314304352,80.2282104492,61798,61808,10
12.8312702179,80.2274017334,61808,61818,10
12.8310804367,80.2264785767,61818,61828,10
12.8310499191,80.2254714966,61828,61838,10
12.8310699463,80.2247390747,61838,61849,11
12.8310699463,80.2241973877,61849,61859,10
12.8310804367,80.2232894897,61859,61869,10
12.8310804367,80.2224121094,61869,61879,10
12.8310804367,80.2220306396,61879,61889,10
12.8310899734,80.2212600708,61889,61899,10
12.8311004639,80.2203598022,61899,61909,10
12.8310804367,80.2197418213,61909,61919,10
12.8306798935,80.2194900513,61919,61929,10
12.82970047,80.2194900513,61929,61940,11
12.8285198212,80.2194976807,61940,61950,10
12.8277797699,80.2194976807,61950,61960,10
12.827460289,80.2194900513,61960,61970,10
12.826789856,80.2194824219,61970,61980,10
12.8261899948,80.2194824219,61980,61990,10
12.8258800507,80.2193374634,61990,62000,10
12.8258495331,80.2190322876,62000,62010,10
12.8258399963,80.2182693481,62010,62020,10
12.8258600235,80.2172775269,62020,62031,11
12.8258600235,80.2162704468,62031,62041,10
12.8255796432,80.2160186768,62041,62051,10
12.8250999451,80.2160186768,62051,62061,10
12.8247404099,80.2160186768,62061,62081,20
12.8247404099,80.2160186768,62081,62091,10
12.8244695663,80.2160186768,62091,62101,10
12.8240098953,80.2160110474,62101,62111,10
12.8232402802,80.2160110474,62111,62122,11
12.8227500916,80.2160186768,62122,62132,10
12.8226900101,80.2165985107,62132,62142,10
12.8226900101,80.2176513672,62142,62153,11
12.8226900101,80.2187805176,62153,62163,10
12.8227796555,80.2194595337,62163,62183,20
12.8227796555,80.2194595337,62183,62193,10
12.8229904175,80.2194595337,62193,62203,10
12.823849678,80.2194595337,62203,62214,11
12.8253898621,80.2194671631,62214,62234,20
12.8253898621,80.2194671631,62234,62244,10
12.8255300522,80.2194976807,62244,62254,10
12.8261699677,80.2194900513,62254,62264,10
12.8270702362,80.2194824219,62264,62274,10
12.8274698257,80.2194671631,62274,62305,31
12.8276996613,80.2194290161,62305,62345,40
12.8276996613,80.2194290161,62345,62355,10
12.82791996,80.2194213867,62355,62365,10
12.8285198212,80.2194213867,62365,62375,10
12.8294801712,80.2194366455,62375,62385,10
12.8305597305,80.2194290161,62385,62396,11
12.831029892,80.2194213867,62396,62406,10
12.831199646,80.2199783325,62406,62416,10
12.8311700821,80.2207565308,62416,62426,10
12.8311595917,80.2216796875,62426,62436,10
12.8311595917,80.2221832275,62436,62446,10
12.8311700821,80.2227096558,62446,62456,10
12.8311595917,80.2235717773,62456,62466,10
12.8311500549,80.2244796753,62466,62476,10
12.8311595917,80.2248001099,62476,62487,11
12.8311595917,80.2254486084,62487,62497,10
12.8311796188,80.2263870239,62497,62507,10
12.8313798904,80.2274398804,62507,62517,10
12.831580162,80.2284393311,62517,62527,10
12.8316898346,80.2290115356,62527,62537,10
12.8317499161,80.2291107178,62537,62547,10
12.8319301605,80.2291793823,62547,62557,10
12.8325796127,80.2290267944,62557,62567,10
12.833530426,80.228843689,62567,62578,11
12.8346700668,80.2286224365,62578,62588,10
12.8356304169,80.2284622192,62588,62598,10
12.836810112,80.2282409668,62598,62608,10
12.8380203247,80.2280197144,62608,62618,10
12.8393201828,80.2276306152,62618,62658,40
12.8393201828,80.2276306152,62658,62669,11
12.8398103714,80.2275085449,62669,62679,10
12.8405303955,80.2273864746,62679,62689,10
12.8415803909,80.2271194458,62689,62699,10
12.8427600861,80.226852417,62699,62709,10
12.8438596725,80.2266616821,62709,62719,10
12.8451404572,80.2265014648,62719,62739,20
12.8451404572,80.2265014648,62739,62749,10
12.845199585,80.2265625,62749,62760,11
12.8457803726,80.2265701294,62760,62770,10
12.8465995789,80.2265625,62770,62780,10
12.8476896286,80.2265625,62780,62790,10
12.8487796783,80.2265396118,62790,62800,10
12.8497896194,80.2265319824,62800,62810,10
12.8500404358,80.2265396118,62810,62820,10
12.8502397537,80.2265396118,62820,62830,10
12.8507099152,80.2265472412,62830,62840,10
12.8511800766,80.2265625,62840,62851,11
12.8516998291,80.226600647,62851,62861,10
12.8521604538,80.2266235352,62861,62871,10
12.8525695801,80.2266387939,62871,62881,10
12.8531198502,80.2266464233,62881,62891,10
12.8536396027,80.2266082764,62891,62901,10
12.8541402817,80.2265472412,62901,62911,10
12.8546600342,80.2264862061,62911,62921,10
12.8551502228,80.2264404297,62921,62931,10
12.8555402756,80.2264022827,62931,62942,11
12.8558397293,80.2263565063,62942,62952,10
12.8561201096,80.2263336182,62952,62962,10
12.8564300537,80.2263031006,62962,62972,10
12.8568000793,80.2262573242,62972,62982,10
12.857170105,80.2262115479,62982,62992,10
12.8576498032,80.2261734009,62992,63002,10
12.8581800461,80.2261581421,63002,63012,10
12.858499527,80.2261886597,63012,63022,10
12.8592195511,80.2262573242,63022,63033,11
12.8603401184,80.2264328003,63033,63043,10
12.8605604172,80.2264709473,63043,63053,10
12.8611602783,80.2265472412,63053,63063,10
12.8621702194,80.2265472412,63063,63073,10
12.8633098602,80.2265014648,63073,63083,10
12.8644304276,80.2265396118,63083,63093,10
12.8662004471,80.2265319824,63093,63103,10
12.8675899506,80.2264099121,63103,63113,10
12.8690795898,80.2264175415,63113,63124,11
12.8708095551,80.2265701294,63124,63134,10
12.8720598221,80.2266235352,63134,63144,10
12.872710228,80.2266387939,63144,63154,10
12.8727397919,80.2266464233,63154,63164,10
12.8732204437,80.2266921997,63164,63174,10
12.8741598129,80.2267532349,63174,63184,10
12.8753700256,80.2268676758,63184,63194,10
12.8765001297,80.2268829346,63194,63204,10
12.8766803741,80.2268829346,63204,63215,11
12.8772296906,80.2268829346,63215,63225,10
12.8781995773,80.2268066406,63225,63235,10
12.8794898987,80.2267227173,63235,63245,10
12.8809900284,80.2266998291,63245,63255,10
12.8826198578,80.2266769409,63255,63265,10
12.8842000961,80.2266464233,63265,63275,10
12.8852100372,80.2266464233,63275,63285,10
12.885310173,80.2266693115,63285,63295,10
12.8858299255,80.2267990112,63295,63306,11
12.8869104385,80.2270965576,63306,63316,10
12.8881397247,80.2273025513,63316,63326,10
12.8896102905,80.2273101807,63326,63336,10
12.891169548,80.2273101807,63336,63346,10
12.8924303055,80.2273406982,63346,63356,10
12.8936300278,80.2275085449,63356,63366,10
12.8948001862,80.2276077271,63366,63376,10
12.8959598541,80.2276611328,63376,63386,10
12.8970603943,80.2276916504,63386,63397,11
12.8984098434,80.2277832031,63397,63407,10
12.8993997574,80.2278213501,63407,63417,10
12.900179863,80.2278213501,63417,63457,40
12.900179863,80.2278213501,63457,63467,10
12.9003601074,80.2278823853,63467,63477,10
12.9006795883,80.227897644,63477,63488,11
12.90102005,80.2279510498,63488,63498,10
12.9013595581,80.2279815674,63498,63508,10
12.9018802643,80.228012085,63508,63518,10
12.9028596878,80.2280197144,63518,63538,20
12.9028596878,80.2280197144,63538,63548,10
12.9030599594,80.2280578613,63548,63558,10
12.9037904739,80.2281112671,63558,63568,10
12.904800415,80.2281494141,63568,63579,11
12.9055700302,80.2281417847,63579,63629,50
12.9055700302,80.2281417847,63629,63639,10
12.9058704376,80.2281570435,63639,63649,10
12.9062595367,80.2281799316,63649,63659,10
12.9067497253,80.2282333374,63659,63670,11
12.9070501328,80.2282562256,63670,63680,10
12.9075803757,80.2283477783,63680,63690,10
12.908539772,80.2285079956,63690,63700,10
12.9097099304,80.2287063599,63700,63710,10
12.91106987,80.2289428711,63710,63720,10
12.9124803543,80.2291412354,63720,63730,10
12.9140100479,80.2293395996,63730,63750,20
12.9140100479,80.2293395996,63750,63761,11
12.9142799377,80.2294311523,63761,63771,10
12.9149303436,80.2295074463,63771,63781,10
12.9158601761,80.2296295166,63781,63791,10
12.9168100357,80.2297515869,63791,63801,10
12.9179000854,80.2299194336,63801,63811,10
12.9191799164,80.2301025391,63811,63821,10
12.920539856,80.2302627563,63821,63831,10
12.9221000671,80.2304611206,63831,63841,10
12.9237499237,80.2306976318,63841,63852,11
12.9253101349,80.2308807373,63852,63862,10
12.9260797501,80.2309570313,63862,63872,10
12.9265604019,80.231010437,63872,63882,10
12.9266195297,80.2310180664,63882,63892,10
12.9271297455,80.2311019897,63892,63902,10
12.9280004501,80.2312011719,63902,63912,10
12.9284801483,80.231262207,63912,63922,10
12.928730011,80.2313232422,63922,63932,10
12.9293403625,80.2314529419,63932,63943,11
12.9301204681,80.2316207886,63943,63953,10
12.9311800003,80.2319488525,63953,63963,10
12.9323997498,80.2323608398,63963,63973,10
12.9338598251,80.2328796387,63973,63993,20
12.9338598251,80.2328796387,63993,64003,10
12.9341402054,80.233001709,64003,64013,10
12.9348602295,80.2333221436,64013,64023,10
12.935669899,80.2336730957,64023,64034,11
12.9362096786,80.2339706421,64034,64044,10
12.9370698929,80.2343978882,64044,64054,10
12.9381999969,80.2349090576,64054,64064,10
12.9395303726,80.2356033325,64064,64084,20
12.9395303726,80.2356033325,64084,64094,10
12.9398097992,80.2357635498,64094,64104,10
12.9406299591,80.2360534668,64104,64114,10
12.9417295456,80.2362976074,64114,64125,11
12.9430999756,80.2368621826,64125,64135,10
12.9440698624,80.2378311157,64135,64145,10
12.9451198578,80.2389602661,64145,64155,10
12.9464502335,80.2396774292,64155,64165,10
12.9475498199,80.2401428223,64165,64175,10
12.9482803345,80.2404098511,64175,64185,10
12.9483098984,80.2404174805,64185,64195,10
12.9486999512,80.240562439,64195,64216,21
12.9486999512,80.240562439,64216,64226,10
12.9490203857,80.2407073975,64226,64236,10
12.949760437,80.2409896851,64236,64246,10
12.9507398605,80.2412796021,64246,64256,10
12.9511499405,80.2414016724,64256,64266,10
12.9512395859,80.2414474487,64266,64276,10
12.9516801834,80.2416229248,64276,64286,10
12.9524402618,80.2419281006,64286,64296,10
12.9534397125,80.2423095703,64296,64307,11
12.9544200897,80.2427062988,64307,64317,10
12.9552497864,80.2430114746,64317,64327,10
12.9560499191,80.2433700562,64327,64337,10
12.9563302994,80.2434616089,64337,64347,10
12.9566497803,80.243598938,64347,64357,10
12.9574298859,80.243888855,64357,64367,10
12.9583396912,80.2442626953,64367,64377,10
12.9588603973,80.244468689,64377,64408,31
12.9588603973,80.244468689,64408,64418,10
12.9590196609,80.2445678711,64418,64489,71
12.9590196609,80.2445678711,64489,64499,10
12.95911026,80.2445602417,64499,64509,10
12.9594697952,80.2447509766,64509,64519,10
12.9601602554,80.2450637817,64519,64529,10
12.9611101151,80.2454910278,64529,64539,10
12.9621200562,80.2459869385,64539,64549,10
12.9633703232,80.2466201782,64549,64620,71
12.9633703232,80.2466201782,64620,64630,10
12.9635000229,80.2466888428,64630,64640,10
12.9638299942,80.2468338013,64640,64650,10
12.9644298553,80.2470626831,64650,64660,10
12.965259552,80.2473220825,64660,64671,11
12.9660396576,80.2476196289,64671,64681,10
12.9666204453,80.2478637695,64681,64701,20
12.9666204453,80.2478637695,64701,64711,10
12.9668302536,80.2480316162,64711,64721,10
12.9672603607,80.2482223511,64721,64731,10
12.9680204391,80.2485275269,64731,64741,10
12.9688596725,80.2488632202,64741,64751,10
12.9698095322,80.2492370605,64751,64762,11
12.9707603455,80.2495880127,64762,64772,10
12.9716901779,80.2498626709,64772,64782,10
12.9726600647,80.2501068115,64782,64792,10
12.9735603333,80.2503814697,64792,64802,10
12.9745397568,80.2506484985,64802,64812,10
12.9755401611,80.2509384155,64812,64822,10
12.9765396118,80.2512207031,64822,64832,10
12.9774799347,80.2516021729,64832,64842,10
12.9786596298,80.252456665,64842,64863,21
12.9786596298,80.252456665,64863,64873,10
12.9786996841,80.2525024414,64873,64883,10
12.9790296555,80.2526092529,64883,64893,10
12.9795303345,80.2526473999,64893,64913,20
12.9795303345,80.2526473999,64913,64923,10
12.9796199799,80.2526779175,64923,64933,10
12.9799404144,80.2527084351,64933,64944,11
12.9806203842,80.2527084351,64944,64954,10
12.9814395905,80.2526779175,64954,64964,10
12.9824199677,80.2526397705,64964,64974,10
12.9835700989,80.2525100708,64974,64984,10
12.9845695496,80.2522277832,64984,64994,10
12.9854803085,80.2519302368,64994,65277,283
12.9854803085,80.2519302368,65277,65287,10
12.9858102798,80.2518997192,65287,65298,11
12.9863595963,80.251739502,65298,65308,10
12.9869203568,80.2515792847,65308,65318,10
12.9873895645,80.2514419556,65318,65328,10
12.9879102707,80.2513275146,65328,65338,10
12.9886598587,80.2511367798,65338,65348,10
12.9894599915,80.2509384155,65348,65399,51
12.9894599915,80.2509384155,65399,65409,10
12.9897003174,80.2509765625,65409,65419,10
12.9901399612,80.2508468628,65419,65429,10
12.9909601212,80.2506332397,65429,65439,10
12.991979599,80.2503433228,65439,65449,10
12.9931201935,80.2500534058,65449,65459,10
12.994310379,80.2497406006,65459,65469,10
12.9955196381,80.2494277954,65469,65480,11
12.9965400696,80.2491607666,65480,65490,10
12.9966697693,80.249130249,65490,65500,10
12.9969797134,80.2490768433,65500,65510,10
12.9976396561,80.248916626,65510,65520,10
12.998550415,80.2486877441,65520,65530,10
12.9996004105,80.2484283447,65530,65540,10
13.0007295609,80.2481384277,65540,65550,10
13.0018196106,80.2478637695,65550,65560,10
13.0025596619,80.2476882935,65560,65571,11
13.0035200119,80.2475204468,65571,65581,10
13.0045795441,80.2473831177,65581,65591,10
13.0055198669,80.2472229004,65591,65601,10
13.0062103271,80.2469177246,65601,65611,10
13.0065002441,80.2464675903,65611,65631,20
13.0065002441,80.2464675903,65631,65641,10
13.0065402985,80.2462005615,65641,65662,21
13.0065402985,80.2462005615,65662,65672,10
13.0065498352,80.245880127,65672,65682,10
13.0065498352,80.2457427979,65682,65692,10
13.0065803528,80.2455673218,65692,65702,10
13.0065803528,80.2455596924,65702,65712,10
13.0065803528,80.245300293,65712,65722,10
13.0065698624,80.2451171875,65722,65732,10
13.0065898895,80.2448577881,65732,65742,10
13.0066099167,80.2445831299,65742,65753,11
13.0066099167,80.2442779541,65753,65763,10
13.0066204071,80.2440032959,65763,65773,10
13.0066099167,80.2437896729,65773,65783,10
13.0065803528,80.2433776855,65783,65793,10
13.0065202713,80.2426605225,65793,65894,101
13.0065202713,80.2426605225,65894,65904,10
13.0065202713,80.2421875,65904,65914,10
13.0065202713,80.2420196533,65914,65924,10
13.0065202713,80.241897583,65924,65935,11
13.0065202713,80.2416305542,65935,65945,10
13.0065097809,80.2414703369,65945,66046,101
13.0065097809,80.2414703369,66046,66056,10
13.0065698624,80.2410583496,66056,66066,10
13.0065698624,80.2410202026,66066,66076,10
13.0066204071,80.240737915,66076,66086,10
13.0067100525,80.2402572632,66086,66096,10
13.0068597794,80.2394485474,66096,66106,10
13.0070199966,80.2386016846,66106,66117,11
13.007229805,80.2376937866,66117,66127,10
13.0073404312,80.2371368408,66127,66157,30
13.0073404312,80.2371368408,66157,66167,10
13.0073604584,80.2369613647,66167,66177,10
13.0074195862,80.2367019653,66177,66187,10
13.0075397491,80.2362136841,66187,66197,10
13.0076999664,80.2354202271,66197,66208,11
13.0078802109,80.2344894409,66208,66218,10
13.0080795288,80.233581543,66218,66228,10
13.0082397461,80.2327194214,66228,66238,10
13.0084495544,80.2317581177,66238,66248,10
13.0086603165,80.23072052,66248,66258,10
13.0088796616,80.2295837402,66258,66268,10
13.0090703964,80.2286834717,66268,66278,10
13.0091295242,80.2283935547,66278,66288,10
13.009349823,80.2278823853,66288,66299,11
13.009759903,80.2269592285,66299,66309,10
13.010219574,80.2260513306,66309,66319,10
13.0106697083,80.2250595093,66319,66329,10
13.0109395981,80.2242889404,66329,66339,10
13.011179924,80.2236709595,66339,66349,10
13.011469841,80.2230300903,66349,66359,10
13.0116701126,80.2224502563,66359,66369,10
13.0117902756,80.222038269,66369,66561,192
13.0117902756,80.222038269,66561,66572,11
13.0120697021,80.2216720581,66572,66582,10
13.012169838,80.2214813232,66582,66592,10
13.0123701096,80.2215270996,66592,66602,10
13.0127096176,80.2220230103,66602,66612,10
13.0131998062,80.2226028442,66612,66622,10
13.0137500763,80.2232437134,66622,66632,10
13.0142002106,80.2237625122,66632,66642,10
13.014380455,80.2239990234,66642,66652,10
13.0147800446,80.2244415283,66652,66663,11
13.0153598785,80.2249603271,66663,66683,20
13.0153598785,80.2249603271,66683,66693,10
13.0154600143,80.2250213623,66693,66703,10
13.0158100128,80.2252883911,66703,66713,10
13.0163803101,80.2253570557,66713,66723,10
13.0169897079,80.2251815796,66723,66733,10
13.0176801682,80.2248916626,66733,66743,10
13.0183696747,80.224609375,66743,66754,11
13.0191001892,80.224357605,66754,66764,10
13.0195302963,80.2244110107,66764,66814,50
13.0195302963,80.2244110107,66814,66824,10
13.0195503235,80.2245025635,66824,66834,10
13.0197601318,80.2246322632,66834,66845,11
13.02023983,80.2249603271,66845,66855,10
13.0207300186,80.2253036499,66855,66865,10
13.0210800171,80.2255935669,66865,66875,10
13.0215101242,80.2259216309,66875,66885,10
13.0219202042,80.2262496948,66885,66895,10
13.0223398209,80.2265625,66895,66905,10
13.0228700638,80.2270126343,66905,66915,10
13.0234003067,80.2275314331,66915,66925,10
13.0239200592,80.2280426025,66925,66936,11
13.0243797302,80.2285232544,66936,66966,30
13.0243797302,80.2285232544,66966,66976,10
13.0243597031,80.2286224365,66976,66986,10
13.024140358,80.2284393311,66986,66996,10
13.023850441,80.2280883789,66996,67006,10
13.0237998962,80.2280273438,67006,67016,10
13.0235204697,80.2277984619,67016,67198,182
13.0235204697,80.2277984619,67198,67209,11
13.0231599808,80.2274932861,67209,67219,10
13.0228700638,80.2272033691,67219,67229,10
13.0226297379,80.2269821167,67229,67239,10
13.022359848,80.2267227173,67239,67279,40
13.022359848,80.2267227173,67279,67289,10
13.0220899582,80.2265396118,67289,67300,11
13.0219097137,80.2263412476,67300,67310,10
13.0216398239,80.2261123657,67310,67320,10
13.0213298798,80.2258682251,67320,67330,10
13.0211400986,80.2257080078,67330,67340,10
13.0211200714,80.2257080078,67340,67350,10
13.0209798813,80.2255401611,67350,67360,10
13.02064991,80.2253112793,67360,67370,10
13.0203199387,80.2250900269,67370,67380,10
13.0195798874,80.2246322632,67380,67401,21
13.0195798874,80.2246322632,67401,67411,10
13.0193996429,80.2245483398,67411,67421,10
13.0191802979,80.2245178223,67421,67431,10
13.0191602707,80.2245178223,67431,67441,10
13.018989563,80.2245407104,67441,67451,10
13.0188102722,80.224571228,67451,67461,10
13.0186004639,80.2246398926,67461,67471,10
13.0184001923,80.2247161865,67471,67482,11
13.0181903839,80.2247924805,67482,67492,10
13.0180997849,80.2248306274,67492,67502,10
13.0179395676,80.2248916626,67502,67512,10
13.0179195404,80.224899292,67512,67522,10
13.0176095963,80.2250213623,67522,67532,10
13.0174198151,80.2250900269,67532,67542,10
13.0172796249,80.2251586914,67542,67552,10
13.0171403885,80.2252120972,67552,67563,11
13.0171098709,80.225227356,67563,67573,10
13.0169296265,80.2253036499,67573,67583,10
13.0167798996,80.2253570557,67583,67593,10
13.0166397095,80.225402832,67593,67603,10
13.0164699554,80.2254714966,67603,67613,10
13.0162200928,80.2255706787,67613,67623,10
13.0155601501,80.225769043,67623,67633,10
13.0149402618,80.2260284424,67633,67643,10
13.0143995285,80.2262496948,67643,67654,11
13.0141000748,80.2264175415,67654,67664,10
13.0140399933,80.2264404297,67664,67674,10
13.0134897232,80.2266387939,67674,67684,10
13.0125799179,80.2269973755,67684,67694,10
13.0114603043,80.2274627686,67694,67704,10
13.010430336,80.2278671265,67704,67714,10
13.0095796585,80.2282180786,67714,67724,10
13.0091199875,80.2289199829,67724,67734,10
13.0089197159,80.2298965454,67734,67745,11
13.0086898804,80.2310333252,67745,67755,10
13.0084495544,80.2322311401,67755,67765,10
13.0082798004,80.2333602905,67765,67775,10
13.0082197189,80.2337112427,67775,67785,10
13.0081396103,80.2339630127,67785,67795,10
13.0080003738,80.234588623,67795,67805,10
13.0077896118,80.2355422974,67805,67815,10
13.0076599121,80.2362670898,67815,67825,10
13.007610321,80.2365493774,67825,67836,11
13.0074901581,80.2371368408,67836,67846,10
13.0073900223,80.2376403809,67846,67856,10
13.0073003769,80.2381973267,67856,67866,10
13.0071802139,80.2388763428,67866,67876,10
13.0070896149,80.2393875122,67876,67937,61
13.0070896149,80.2393875122,67937,67947,10
13.0070495605,80.2397003174,67947,67957,10
13.0068998337,80.2403182983,67957,67967,10
13.0068397522,80.2407302856,67967,67977,10
13.0067901611,80.2410125732,67977,67987,10
13.0067300797,80.2418289185,67987,67997,10
13.0067300797,80.2429428101,67997,68007,10
13.0066995621,80.2437362671,68007,68018,11
13.0066699982,80.2447814941,68018,68028,10
13.0066900253,80.2452392578,68028,68038,10
13.0067100525,80.2456207275,68038,68048,10
13.0067195892,80.246131897,68048,68058,10
13.0067501068,80.2466812134,68058,68068,10
13.0067396164,80.2472991943,68068,68078,10
13.0061702728,80.2475204468,68078,68098,20
13.0061702728,80.2475204468,68098,68109,11
13.0057497025,80.2475814819,68109,68119,10
13.0049104691,80.2475509644,68119,68129,10
13.003780365,80.2475814819,68129,68139,10
13.0026197433,80.247756958,68139,68149,10
13.0016098022,80.248008728,68149,68159,10
13.0004301071,80.2483062744,68159,68169,10
12.9991102219,80.248626709,68169,68179,10
12.9980602264,80.2489318848,68179,68189,10
12.9979000092,80.2489624023,68189,68200,11
12.997300148,80.2490768433,68200,68210,10
12.996339798,80.2493209839,68210,68220,10
12.9951200485,80.2496490479,68220,68230,10
12.9937601089,80.2500076294,68230,68240,10
12.9923295975,80.2503509521,68240,68250,10
12.9912004471,80.2506713867,68250,68260,10
12.9910402298,80.2507095337,68260,68270,10
12.9909601212,80.2507019043,68270,68280,10
12.990480423,80.2508163452,68280,68331,51
12.990480423,80.2508163452,68331,68341,10
12.99036026,80.2508621216,68341,68351,10
12.9898996353,80.2509689331,68351,68361,10
12.9894199371,80.251083374,68361,68371,10
12.9890604019,80.2511825562,68371,68382,11
12.9887800217,80.2512512207,68382,68392,10
12.9885501862,80.2513122559,68392,68634,242
12.9885501862,80.2513122559,68634,68644,10
12.9883499146,80.2512893677,68644,68655,11
12.9880304337,80.251411438,68655,68665,10
12.9875802994,80.2515182495,68665,68675,10
12.9870996475,80.2516403198,68675,68685,10
12.9866800308,80.2517623901,68685,68695,10
12.9860496521,80.2519683838,68695,68705,10
12.9850997925,80.2521896362,68705,68715,10
12.9840402603,80.252456665,68715,68725,10
12.9831695557,80.2526626587,68725,68735,10
12.9821796417,80.2527313232,68735,68746,11
12.9811897278,80.2527618408,68746,68756,10
12.9804801941,80.2527999878,68756,68766,10
12.980219841,80.2528610229,68766,68776,10
12.9798002243,80.2528533936,68776,68786,10
12.9792203903,80.2527618408,68786,68796,10
12.9786901474,80.2526779175,68796,68806,10
12.9786195755,80.2526473999,68806,68816,10
12.9781999588,80.2523803711,68816,68826,10
12.9776000977,80.2518463135,68826,68837,11
12.9767198563,80.2513580322,68837,68847,10
12.9758195877,80.251121521,68847,68857,10
12.9747896194,80.2508392334,68857,68867,10
12.9737195969,80.2505187988,68867,68877,10
12.9728097916,80.250289917,68877,68887,10
12.9717597961,80.25,68887,68897,10
12.9706497192,80.2497024536,68897,68907,10
12.9695301056,80.2492904663,68907,68917,10
12.9687900543,80.2489929199,68917,68928,11
12.9679403305,80.2486877441,68928,68938,10
12.9671602249,80.2482833862,68938,68948,10
12.9666500092,80.248046875,68948,68958,10
12.9660301208,80.2477798462,68958,68968,10
12.9653100967,80.2475204468,68968,68978,10
12.9651699066,80.247467041,68978,68988,10
12.9649295807,80.2473831177,68988,68998,10
12.9642696381,80.2471618652,68998,69008,10
12.963640213,80.2469024658,69008,69029,21
12.963640213,80.2469024658,69029,69039,10
12.9634599686,80.2468032837,69039,69049,10
12.9628696442,80.2465133667,69049,69059,10
12.961979866,80.2460708618,69059,69069,10
12.9609699249,80.2455825806,69069,69079,10
12.960100174,80.2451934814,69079,69089,10
12.9594097137,80.2449035645,69089,69099,10
12.9593000412,80.2448577881,69099,69110,11
12.9590301514,80.2447280884,69110,69120,10
12.9583702087,80.244430542,69120,69130,10
12.9577798843,80.2441864014,69130,69140,10
12.9573297501,80.2440032959,69140,69150,10
12.9565200806,80.2436904907,69150,69190,40
12.9565200806,80.2436904907,69190,69201,11
12.9564304352,80.243637085,69201,69211,10
12.9561300278,80.2435073853,69211,69221,10
12.9553804398,80.2431716919,69221,69231,10
12.954460144,80.2427825928,69231,69241,10
12.9539003372,80.2425384521,69241,69251,10
12.9532699585,80.2422790527,69251,69261,10
12.9523801804,80.2419586182,69261,69271,10
12.9516801834,80.2417297363,69271,69281,10
12.9516401291,80.2417221069,69281,69292,11
12.9515600204,80.2416915894,69292,69302,10
12.9510402679,80.2414932251,69302,69312,10
12.9501199722,80.2412185669,69312,69322,10
12.9490995407,80.2408981323,69322,69332,10
12.9482498169,80.2405395508,69332,69342,10
12.9473199844,80.2401733398,69342,69352,10
12.9470100403,80.2400588989,69352,69362,10
12.9469203949,80.2400283813,69362,69372,10
12.9463701248,80.2397918701,69372,69383,11
12.9455404282,80.2394180298,69383,69393,10
12.9447803497,80.2388000488,69393,69403,10
12.9440402985,80.2379989624,69403,69413,10
12.943189621,80.2370834351,69413,69423,10
12.9420795441,80.2365036011,69423,69433,10
12.9409198761,80.2362136841,69433,69443,10
12.9400196075,80.2359695435,69443,69453,10
12.9396600723,80.2358474731,69453,69463,10
12.9395999908,80.2358169556,69463,69474,11
12.9390802383,80.2355575562,69474,69484,10
12.9382400513,80.2351074219,69484,69494,10
12.937210083,80.234588623,69494,69504,10
12.9361000061,80.2340621948,69504,69514,10
12.9351701736,80.2336425781,69514,69524,10
12.9341402054,80.2331924438,69524,69534,10
12.9337797165,80.2330322266,69534,69544,10
12.9337100983,80.2329711914,69544,69554,10
12.9331502914,80.2327194214,69554,69565,11
12.9321699142,80.2323532104,69565,69575,10
12.9311800003,80.2320175171,69575,69585,10
12.9301300049,80.2316970825,69585,69595,10
12.9292602539,80.2315063477,69595,69605,10
12.9286804199,80.2313766479,69605,69615,10
12.9278202057,80.231262207,69615,69625,10
12.9268398285,80.2311401367,69625,69635,10
12.9260597229,80.2310562134,69635,69645,10
12.9259395599,80.231048584,69645,69656,11
12.925330162,80.2309494019,69656,69666,10
12.9244804382,80.2308731079,69666,69676,10
12.9234600067,80.2307434082,69676,69686,10
12.9222602844,80.2305374146,69686,69696,10
12.9210195541,80.2303619385,69696,69706,10
12.9197797775,80.2302017212,69706,69716,10
12.9186096191,80.2300415039,69716,69726,10
12.9175901413,80.2299194336,69726,69736,10
12.9172000885,80.2298736572,69736,69747,11
12.916560173,80.2297821045,69747,69757,10
12.915719986,80.2296676636,69757,69767,10
12.9147901535,80.2295608521,69767,69777,10
12.9139204025,80.2294387817,69777,69787,10
12.9134302139,80.2294006348,69787,69797,10
12.9134197235,80.2293930054,69797,69807,10
12.9132003784,80.2293167114,69807,69817,10
12.9125795364,80.2292404175,69817,69827,10
12.9116601944,80.2291107178,69827,69838,11
12.9111003876,80.2290496826,69838,69848,10
12.9105997086,80.2289886475,69848,69858,10
12.9104299545,80.2289505005,69858,69868,10
12.9103603363,80.2289276123,69868,69878,10
12.9099397659,80.2288589478,69878,69888,10
12.9093999863,80.2287597656,69888,69898,10
12.9088001251,80.2286605835,69898,69908,10
12.9081401825,80.2285614014,69908,69918,10
12.9076299667,80.2285003662,69918,69929,11
12.9073696136,80.2284469604,69929,69939,10
12.9072303772,80.2284164429,69939,69949,10
12.9068098068,80.2283782959,69949,69959,10
12.9063796997,80.2283172607,69959,69969,10
12.9062099457,80.2283172607,69969,69979,10
12.9059400558,80.2283096313,69979,69989,10
12.9052095413,80.2282562256,69989,69999,10
12.9045801163,80.2282562256,69999,70009,10
12.9041700363,80.2282409668,70009,70020,11
12.9038801193,80.2282333374,70020,70030,10
12.9032802582,80.2282028198,70030,70040,10
12.9024801254,80.2281417847,70040,70050,10
12.9020996094,80.2281188965,70050,70060,10
12.9016895294,80.2280883789,70060,70070,10
12.9013996124,80.2280883789,70070,70080,10
12.9010696411,80.2280883789,70080,70233,153
12.9010696411,80.2280883789,70233,70243,10
12.9007701874,80.228012085,70243,70253,10
12.9000797272,80.2279586792,70253,70263,10
12.899479866,80.2279281616,70263,70273,10
12.8992996216,80.2279434204,70273,70284,11
12.8991804123,80.2279281616,70284,70295,11
12.8984699249,80.2278823853,70295,70305,10
12.8972797394,80.2278213501,70305,70315,10
12.896030426,80.2277832031,70315,70325,10
12.8946800232,80.227722168,70325,70335,10
12.8933897018,80.2276000977,70335,70345,10
12.8928203583,80.2275390625,70345,70355,10
12.892780304,80.2275390625,70355,70365,10
12.8925504684,80.2275009155,70365,70376,11
12.8918104172,80.2274475098,70376,70386,10
12.8907499313,80.2274475098,70386,70396,10
12.8894996643,80.2274475098,70396,70406,10
12.8884496689,80.2274169922,70406,70416,10
12.8873500824,80.2273025513,70416,70426,10
12.8861999512,80.2270584106,70426,70436,10
12.8851900101,80.2268295288,70436,70446,10
12.8847703934,80.2267990112,70446,70456,10
12.8846998215,80.2267913818,70456,70467,11
12.8840904236,80.2267837524,70467,70477,10
12.8831195831,80.2267837524,70477,70487,10
12.8818702698,80.2267990112,70487,70497,10
12.88078022,80.2267990112,70497,70507,10
12.8789196014,80.2268371582,70507,70517,10
12.8773803711,80.2269515991,70517,70527,10
12.8765001297,80.2270431519,70527,70537,10
12.8764095306,80.2270507813,70537,70547,10
12.8760795593,80.2270507813,70547,70558,11
12.8751802444,80.2269897461,70558,70568,10
12.8739995956,80.226852417,70568,70578,10
12.8730201721,80.2267837524,70578,70588,10
12.8722696304,80.2267608643,70588,70598,10
12.8712797165,80.2267303467,70598,70608,10
12.870059967,80.2266464233,70608,70618,10
12.868639946,80.2264633179,70618,70628,10
12.8670597076,80.2265472412,70628,70638,10
12.8654203415,80.2266464233,70638,70649,11
12.8635597229,80.2266082764,70649,70659,10
12.8620195389,80.2266387939,70659,70669,10
12.8610095978,80.2266769409,70669,70679,10
12.8609304428,80.2266693115,70679,70689,10
12.860619545,80.2266387939,70689,70699,10
12.8597898483,80.2265319824,70699,70709,10
12.8587398529,80.2263717651,70709,70719,10
12.8575000763,80.2263183594,70719,70729,10
12.8560600281,80.2264480591,70729,70740,11
12.85435009,80.2266387939,70740,70750,10
12.852689743,80.2267532349,70750,70760,10
12.8509397507,80.2266769409,70760,70770,10
12.8493003845,80.2266464233,70770,70780,10
12.8478899002,80.2266464233,70780,70790,10
12.8467798233,80.2266769409,70790,70800,10
12.8463001251,80.2266693115,70800,70810,10
12.8462600708,80.2266693115,70810,70820,10
12.8460903168,80.2266616821,70820,70831,11
12.8456401825,80.2266464233,70831,70841,10
12.8450603485,80.2266616821,70841,70851,10
12.84416008,80.2267608643,70851,70861,10
12.8429803848,80.2269363403,70861,70871,10
12.8416204453,80.2272491455,70871,70881,10
12.8405103683,80.2275619507,70881,70891,10
12.8398599625,80.2277603149,70891,70901,10
12.839679718,80.2277832031,70901,70911,10
12.8395299911,80.2278518677,70911,70921,10
12.8388595581,80.2279891968,70921,70932,11
12.837770462,80.2282409668,70932,70942,10
12.8365001678,80.2284393311,70942,70952,10
12.8350296021,80.2286834717,70952,70962,10
12.8335800171,80.2289276123,70962,70972,10
12.8323802948,80.2291870117,70972,70992,20
12.8323802948,80.2291870117,70992,71002,10
12.8321504593,80.2292175293,71002,71012,10
12.8314695358,80.2293777466,71012,71023,11
12.8306598663,80.2296295166,71023,71033,10
12.8298597336,80.2299423218,71033,71043,10
12.8292999268,80.2301635742,71043,71053,10
12.8282899857,80.2306518555,71053,71063,10
12.827340126,80.2311935425,71063,71073,10
12.8262796402,80.2314376831,71073,71083,10
12.8251199722,80.2314910889,71083,71093,10
12.8240699768,80.2313079834,71093,71103,10
12.8229904175,80.2309875488,71103,71114,11
12.8219995499,80.230682373,71114,71124,10
12.8210401535,80.2305221558,71124,71134,10
12.8199796677,80.2305526733,71134,71144,10
12.8190002441,80.2305297852,71144,71154,10
12.8185596466,80.230430603,71154,71164,10
12.8183002472,80.2302780151,71164,71174,10
12.8175697327,80.2299423218,71174,71184,10
12.8164997101,80.2295837402,71184,71194,10
12.8149900436,80.229347229,71194,71205,11
12.8136301041,80.2290725708,71205,71215,10
12.8123598099,80.2286605835,71215,71225,10
12.8109998703,80.2281570435,71225,71235,10
12.8097801208,80.2276382446,71235,71245,10
12.8087396622,80.2269973755,71245,71255,10
12.8077201843,80.2261428833,71255,71265,10
12.8068599701,80.225402832,71265,71275,10
12.8060398102,80.2246627808,71275,71285,10
12.8052997589,80.2241363525,71285,71296,11
12.8049201965,80.2240600586,71296,71306,10
12.8046798706,80.2240066528,71306,71316,10
12.8039302826,80.2239532471,71316,71326,10
12.8030195236,80.2238769531,71326,71336,10
12.8021097183,80.2237625122,71336,71346,10
12.8011903763,80.2236862183,71346,71356,10
12.800909996,80.2236633301,71356,71366,10
12.8005599976,80.2236328125,71366,71376,10
12.7998104095,80.2235565186,71376,71387,11
12.7987203598,80.2234802246,71387,71397,10
12.7975797653,80.2233200073,71397,71407,10
12.796380043,80.2230911255,71407,71417,10
12.7958097458,80.2230072021,71417,71427,10
12.7955799103,80.2229614258,71427,71437,10
12.7948598862,80.2228164673,71437,71447,10
12.7939300537,80.2226715088,71447,71457,10
12.7928199768,80.2225036621,71457,71467,10
12.7915697098,80.2222290039,71467,71478,11
12.7904396057,80.2219467163,71478,71488,10
12.7895298004,80.2217025757,71488,71498,10
12.7888402939,80.2214202881,71498,71508,10
12.7882404327,80.2211990356,71508,71518,10
12.7878904343,80.2210464478,71518,71558,40
12.7878904343,80.2210464478,71558,71569,11
12.7876996994,80.220993042,71569,71579,10
12.7871904373,80.2208099365,71579,71589,10
12.786740303,80.2206268311,71589,71599,10
12.7864999771,80.2205429077,71599,71629,30
12.7864999771,80.2205429077,71629,71639,10
12.7863197327,80.2204208374,71639,71660,21
12.7863197327,80.2204208374,71660,71670,10
12.786190033,80.220413208,71670,71680,10
12.7861404419,80.2205429077,71680,71690,10
12.7861404419,80.2207565308,71690,71700,10
12.7861204147,80.2209320068,71700,71710,10
12.7861404419,80.2212295532,71710,71720,10
12.7861700058,80.221496582,71720,71730,10
12.7861700058,80.2218322754,71730,72094,364
12.7861700058,80.2218322754,72094,72105,11
12.7861995697,80.2215881348,72105,72115,10
12.7861604691,80.2213821411,72115,72125,10
12.7861604691,80.2210464478,72125,72135,10
12.7861299515,80.2205200195,72135,72155,20
12.7861299515,80.2205200195,72155,72165,10
12.7862100601,80.2203292847,72165,72175,10
12.7863798141,80.220413208,72175,72185,10
12.7863998413,80.2204208374,72185,72196,11
12.7868204117,80.2206115723,72196,72206,10
12.7873401642,80.2208099365,72206,72216,10
12.7879800797,80.2210464478,72216,72226,10
12.7886600494,80.221321106,72226,72236,10
12.7894096375,80.2216110229,72236,72246,10
12.790140152,80.2218399048,72246,72256,10
12.7910995483,80.222076416,72256,72266,10
12.792140007,80.2223434448,72266,72276,10
12.7933502197,80.2225494385,72276,72287,11
12.7947301865,80.2227630615,72287,72297,10
12.7958297729,80.2229309082,72297,72307,10
12.7966499329,80.2230911255,72307,72317,10
12.7976703644,80.2232666016,72317,72327,10
12.7988595963,80.2233886719,72327,72337,10
12.8001699448,80.2235031128,72337,72347,10
12.8012800217,80.2236099243,72347,72357,10
12.8014802933,80.2236175537,72357,72367,10
12.8019800186,80.2236785889,72367,72378,11
12.8028697968,80.2238006592,72378,72388,10
12.8035802841,80.2238693237,72388,72398,10
12.8044395447,80.2239379883,72398,72408,10
12.8051900864,80.224067688,72408,72418,10
12.8055200577,80.2241592407,72418,72428,10
12.8057403564,80.2243118286,72428,72438,10
12.8063097,80.2248001099,72438,72448,10
12.8070802689,80.225479126,72448,72458,10
12.8079500198,80.2262268066,72458,72469,11
12.8090400696,80.2271270752,72469,72479,10
12.8100595474,80.2276763916,72479,72489,10
12.8112297058,80.2281723022,72489,72499,10
12.8125095367,80.2286376953,72499,72509,10
12.8138504028,80.2291030884,72509,72519,10
12.815199852,80.2293624878,72519,72529,10
12.8165998459,80.2295532227,72529,72539,10
12.8178195953,80.2299804688,72539,72549,10
12.8187599182,80.230430603,72549,72560,11
12.8197603226,80.2305297852,72560,72570,10
12.8208398819,80.2304763794,72570,72580,10
12.8221597672,80.2306518555,72580,72590,10
12.8234596252,80.2310409546,72590,72600,10
12.8247499466,80.2313537598,72600,72610,10
12.8260698318,80.2313766479,72610,72620,10
12.8272895813,80.2311325073,72620,72630,10
12.8283700943,80.2305374146,72630,72640,10
12.8290996552,80.2301483154,72640,72651,11
12.8298797607,80.2298202515,72651,72661,10
12.8307695389,80.2294616699,72661,72711,50
12.8307695389,80.2294616699,72711,72721,10
12.8310003281,80.2293624878,72721,72731,10
12.8314504623,80.2292098999,72731,72802,71
12.8315200806,80.2291717529,72802,72863,61
12.8315200806,80.2291717529,72863,72873,10
12.8317499161,80.229133606,72873,72883,10
12.8321199417,80.2290496826,72883,72893,10
12.8327798843,80.2289199829,72893,72903,10
12.8336400986,80.2287826538,72903,72913,10
12.8346300125,80.2285995483,72913,72924,11
12.8358602524,80.2284164429,72924,72934,10
12.8370599747,80.2282409668,72934,72944,10
12.838139534,80.2280273438,72944,72954,10
12.8389396667,80.2277984619,72954,72964,10
12.8393201828,80.2276306152,72964,72984,20
12.8393201828,80.2276306152,72984,72994,10
12.8394298553,80.2276000977,72994,73004,10
12.8397197723,80.2275238037,73004,73015,11
12.8401699066,80.2274475098,73015,73025,10
12.8406600952,80.2273178101,73025,73267,242
12.8406600952,80.2273178101,73267,73278,11
12.8407402039,80.2273101807,73278,73288,10
12.8412103653,80.2272033691,73288,73298,10
12.8419504166,80.2270202637,73298,73308,10
12.842880249,80.2268218994,73308,73318,10
12.8439702988,80.2266464233,73318,73328,10
12.8452196121,80.2265625,73328,73348,20
12.8452196121,80.2265625,73348,73358,10
12.8453998566,80.2265777588,73358,73369,11
12.8456201553,80.2265777588,73369,73379,10
12.8460597992,80.2265930176,73379,73389,10
12.8468198776,80.226600647,73389,73399,10
12.847700119,80.226600647,73399,73409,10
12.8484897614,80.2265777588,73409,73419,10
12.8497800827,80.2265625,73419,73449,30
12.8497800827,80.2265625,73449,73460,11
12.8500900269,80.2265777588,73460,73470,10
12.8506002426,80.2265930176,73470,73480,10
12.8513298035,80.2266387939,73480,73490,10
12.8523597717,80.2266769409,73490,73500,10
12.8535995483,80.2266693115,73500,73510,10
12.8548402786,80.2265396118,73510,73520,10
12.8559799194,80.2264175415,73520,73530,10
12.8571195602,80.2262802124,73530,73540,10
12.858130455,80.2262115479,73540,73551,11
12.8589801788,80.226272583,73551,73561,10
12.8599700928,80.2264175415,73561,73571,10
12.8607797623,80.2265167236,73571,73581,10
12.8607902527,80.2265167236,73581,73591,10
12.8611097336,80.2265167236,73591,73601,10
12.8619403839,80.2265090942,73601,73611,10
12.8629903793,80.2264709473,73611,73621,10
12.8642597198,80.2265167236,73621,73631,10
12.8656997681,80.2265472412,73631,73642,11
12.8672704697,80.2264480591,73642,73652,10
12.8688097,80.2263870239,73652,73662,10
12.8703603745,80.2265701294,73662,73672,10
12.8717403412,80.2266464233,73672,73682,10
12.8726902008,80.2266464233,73682,73692,10
12.8737001419,80.2266998291,73692,73702,10
12.8748397827,80.2268295288,73702,73712,10
12.8759002686,80.2269287109,73712,73722,10
12.8764200211,80.2269134521,73722,73733,11
12.876660347,80.2268981934,73733,73753,20
12.876660347,80.2268981934,73753,73763,10
12.876999855,80.2268600464,73763,73773,10
12.8777599335,80.2268066406,73773,73783,10
12.878780365,80.2267532349,73783,73793,10
12.8800096512,80.2267227173,73793,73803,10
12.8814401627,80.2266998291,73803,73813,10
12.8829097748,80.2266921997,73813,73824,11
12.8843698502,80.2266769409,73824,73834,10
12.885020256,80.2266616821,73834,73844,10
12.8851995468,80.2266693115,73844,73854,10
12.8852596283,80.2266769409,73854,73864,10
12.8857498169,80.2267990112,73864,73874,10
12.8866596222,80.2270431519,73874,73884,10
12.8878097534,80.2272567749,73884,73894,10
12.8892002106,80.2273406982,73894,73904,10
12.8907604218,80.2273330688,73904,73915,11
12.8923397064,80.2273635864,73915,73925,10
12.8936004639,80.2275390625,73925,73935,10
12.8949899673,80.2276306152,73935,73945,10
12.8965301514,80.2276992798,73945,73955,10
12.8980703354,80.2277679443,73955,73965,10
12.8992996216,80.2278289795,73965,73975,10
12.9002199173,80.2278823853,73975,73985,10
12.900639534,80.2279281616,73985,74097,112
12.900639534,80.2279281616,74097,74107,10
12.9009799957,80.2279815674,74107,74117,10
12.901550293,80.2279663086,74117,74127,10
12.9026699066,80.2279968262,74127,74147,20
12.9026699066,80.2279968262,74147,74157,10
12.9028100967,80.2280502319,74157,74167,10
12.9033603668,80.2280883789,74167,74177,10
12.9042196274,80.2281265259,74177,74188,11
12.9051599503,80.2281570435,74188,74198,10
12.9061002731,80.2282104492,74198,74268,70
12.9061002731,80.2282104492,74268,74279,11
12.9062795639,80.2282028198,74279,74289,10
12.9065799713,80.2282180786,74289,74299,10
12.9073200226,80.2283401489,74299,74309,10
12.9083900452,80.2285232544,74309,74319,10
12.9097204208,80.228729248,74319,74329,10
12.9112596512,80.2289810181,74329,74339,10
12.9126996994,80.2291793823,74339,74349,10
12.9138698578,80.229309082,74349,74359,10
12.9140195847,80.2293319702,74359,74370,11
12.9141998291,80.2293930054,74370,74380,10
12.9148397446,80.2294387817,74380,74390,10
12.9158201218,80.229598999,74390,74400,10
12.9166202545,80.2296981812,74400,74430,30
12.9166202545,80.2296981812,74430,74440,10
12.9170398712,80.2297515869,74440,74450,10
12.9177598953,80.2298812866,74450,74461,11
12.9188404083,80.2300262451,74461,74471,10
12.9199304581,80.2301712036,74471,74481,10
12.9211797714,80.2303237915,74481,74491,10
12.9225196838,80.2305221558,74491,74501,10
12.9238195419,80.23072052,74501,74511,10
12.9249401093,80.2308578491,74511,74521,10
12.9260196686,80.231010437,74521,74531,10
12.9270200729,80.2311019897,74531,74541,10
12.9280796051,80.2312011719,74541,74552,11
12.9286003113,80.231262207,74552,74562,10
12.9290895462,80.2313766479,74562,74572,10
12.9299497604,80.2315826416,74572,74582,10
12.931019783,80.231880188,74582,74592,10
12.9322099686,80.2322692871,74592,74602,10
12.9333400726,80.2326965332,74602,74612,10
12.9338302612,80.2328872681,74612,74622,10
12.933839798,80.2329025269,74622,74632,10
12.9342803955,80.2331008911,74632,74643,11
12.9352397919,80.2335281372,74643,74653,10
12.9356498718,80.2337112427,74653,74663,10
12.9356603622,80.2337188721,74663,74673,10
12.9359397888,80.2338562012,74673,74683,10
12.9366197586,80.2341766357,74683,74693,10
12.9375200272,80.2346191406,74693,74703,10
12.9386196136,80.2351608276,74703,74713,10
12.9394598007,80.2355804443,74713,74723,10
12.9395999908,80.2356414795,74723,74734,11
12.9397802353,80.2357330322,74734,74744,10
12.9404802322,80.2359771729,74744,74754,10
12.9414300919,80.2362136841,74754,74764,10
12.9425697327,80.2365264893,74764,74774,10
12.943479538,80.2371902466,74774,74784,10
12.9440698624,80.2378387451,74784,74794,10
12.9451599121,80.2389984131,74794,74804,10
12.9463300705,80.2396469116,74804,74814,10
12.9474802017,80.2401275635,74814,74825,11
12.9484901428,80.2405319214,74825,74835,10
12.9489002228,80.2406768799,74835,74845,10
12.9493999481,80.2408676147,74845,74855,10
12.9496097565,80.2409286499,74855,74865,10
12.9498195648,80.2409973145,74865,74875,10
12.9502801895,80.2411499023,74875,74885,10
12.9511604309,80.2414474487,74885,74895,10
12.9516000748,80.2416000366,74895,74905,10
12.9517402649,80.2416381836,74905,74916,11
12.9523000717,80.241859436,74916,74926,10
12.9531097412,80.2421722412,74926,74936,10
12.953909874,80.242477417,74936,74946,10
12.95470047,80.2427902222,74946,74956,10
12.9553899765,80.2430496216,74956,74966,10
12.9562797546,80.2433319092,74966,74986,20
12.9562797546,80.2433319092,74986,74996,10
12.956700325,80.2435302734,74996,75007,11
12.9575004578,80.2439422607,75007,75017,10
12.9583702087,80.2443008423,75017,75027,10
12.9588699341,80.2444992065,75027,75037,10
12.9589595795,80.2445373535,75037,75047,10
12.9590396881,80.2445831299,75047,75057,10
12.9593696594,80.2447433472,75057,75067,10
12.9600696564,80.2450714111,75067,75077,10
12.9610500336,80.2455215454,75077,75087,10
12.9622297287,80.2461090088,75087,75098,11
12.9634399414,80.246711731,75098,75108,10
12.9643201828,80.2470474243,75108,75118,10
12.9652996063,80.2473907471,75118,75128,10
12.9665498734,80.2478790283,75128,75148,20
12.9665498734,80.2478790283,75148,75158,10
12.9666404724,80.2479476929,75158,75168,10
12.9670200348,80.2481536865,75168,75178,10
12.9677295685,80.2484664917,75178,75189,11
12.96875,80.248878479,75189,75199,10
12.9697799683,80.2493133545,75199,75209,10
12.9709396362,80.249710083,75209,75219,10
12.9721698761,80.2500305176,75219,75229,10
12.973279953,80.2503204346,75229,75239,10
12.9742898941,80.2506027222,75239,75249,10
12.9753303528,80.2509231567,75249,75259,10
12.9764604568,80.2512283325,75259,75269,10
12.9774999619,80.251663208,75269,75280,11
12.9785499573,80.2524414063,75280,75300,20
12.9785499573,80.2524414063,75300,75310,10
12.9786596298,80.2524871826,75310,75320,10
12.9792299271,80.2526397705,75320,75330,10
12.9797401428,80.2526779175,75330,75340,10
12.9802799225,80.2526779175,75340,75350,10
12.9815397263,80.2526779175,75350,75360,10
12.9827299118,80.2526168823,75360,75371,11
12.9841804504,80.2523574829,75371,75381,10
12.9852399826,80.2520370483,75381,75391,10
12.985830307,80.2518920898,75391,75401,10
12.986240387,80.2517929077,75401,75411,10
12.9867401123,80.2516708374,75411,75451,40
12.9867401123,80.2516708374,75451,75462,11
12.9870195389,80.2515716553,75462,75472,10
12.9873504639,80.2514724731,75472,75482,10
12.9877595901,80.251411438,75482,75492,10
12.9879102707,80.2518005371,75492,75502,10
12.9879903793,80.2524185181,75502,75512,10
12.9879703522,80.252822876,75512,75522,10
12.9879398346,80.2528762817,75522,75532,10
12.9878902435,80.2534408569,75532,75542,10
12.987830162,80.2541732788,75542,75553,11
12.9877996445,80.2545166016,75553,75583,30
12.9877996445,80.2545166016,75583,75593,10
12.9878196716,80.2546920776,75593,75603,10
12.9877796173,80.254989624,75603,75613,10
12.987739563,80.2553329468,75613,75623,10
12.9877004623,80.2556610107,75623,75633,10
12.9876003265,80.2561416626,75633,75644,11
12.9875097275,80.256942749,75644,75654,10
12.9874601364,80.2576522827,75654,75664,10
12.9872598648,80.2586364746,75664,75724,60
12.9872598648,80.2586364746,75724,75735,11
12.9868001938,80.2585830688,75735,76311,576
12.9867296219,80.2587203979,76311,76635,324
12.9867296219,80.2587203979,76635,76645,10
12.9866600037,80.2586135864,76645,76655,10
12.9866600037,80.2585983276,76655,76665,10
12.9867696762,80.2585220337,76665,76675,10
12.9867897034,80.2585220337,76675,76685,10
12.987039566,80.2585601807,76685,76938,253
12.9871501923,80.2586288452,76938,79567,2629
12.9872503281,80.2585296631,79567,80912,1345
12.9871902466,80.2584915161,80912,81317,405
12.9872398376,80.2586669922,81317,82773,1456
12.9872303009,80.2585830688,82773,84421,1648
12.987159729,80.2586135864,84421,85099,678
12.9871397018,80.2586212158,85099,85625,526
