13.0141601563,80.2257385254,11,1317,1306
13.0142498016,80.2255020142,1317,2150,833
13.0142402649,80.2256622314,2150,4711,2561
13.0141601563,80.2256469727,4711,7214,2503
13.0142402649,80.2256393433,7214,7922,708
13.0141401291,80.2255477905,7922,8793,871
13.0142803192,80.225692749,8793,9067,274
13.0142002106,80.2256088257,9067,9350,283
13.0142097473,80.2256622314,9350,15932,6582
13.0142698288,80.2255706787,15932,17532,1600
13.0141897202,80.2256088257,17532,17856,324
13.0142602921,80.2256317139,17856,18130,274
13.0142202377,80.2255783081,18130,19821,1691
13.014169693,80.2256774902,19821,19892,71
13.0142803192,80.2256469727,19892,20479,587
13.0141601563,80.2257232666,20479,20843,364
13.0142602921,80.2256698608,20843,23314,2471
13.0142602921,80.2256698608,23314,23324,10
13.0142002106,80.2256393433,23324,23334,10
13.0143098831,80.2253723145,23334,23345,11
13.01445961,80.2255096436,23345,23355,10
13.0142602921,80.2258911133,23355,23415,60
13.0142602921,80.2258911133,23415,23425,10
13.0141296387,80.2261734009,23425,23446,21
13.0141296387,80.2261734009,23446,23455,9
13.0140104294,80.2263336182,23455,23466,11
13.0135803223,80.2264862061,23466,23476,10
13.0130500793,80.2266998291,23476,23486,10
13.0123796463,80.2269592285,23486,23496,10
13.0116996765,80.2272186279,23496,23507,11
13.010840416,80.2275390625,23507,23517,10
13.0101003647,80.2278518677,23517,23527,10
13.0096197128,80.2275695801,23527,23537,10
13.0098695755,80.2269897461,23537,23547,10
13.0102100372,80.2262496948,23547,23557,10
13.0105104446,80.2255401611,23557,23567,10
13.0107803345,80.2249069214,23567,23577,10
13.011059761,80.2242736816,23577,23588,11
13.011349678,80.2235107422,23588,23598,10
13.011639595,80.2228088379,23598,23608,10
13.011879921,80.2220306396,23608,23618,10
13.0121898651,80.221496582,23618,23628,10
13.0124197006,80.2215805054,23628,23638,10
13.0127496719,80.222038269,23638,23648,10
13.0131902695,80.2224884033,23648,23658,10
13.0137500763,80.2230987549,23658,23669,11
13.0142402649,80.2236862183,23669,23679,10
13.0147199631,80.2242584229,23679,23689,10
13.0153102875,80.2249069214,23689,23699,10
13.015999794,80.2253265381,23699,23709,10
13.0167999268,80.2252120972,23709,23719,10
13.0176401138,80.2248687744,23719,23729,10
13.0185203552,80.2245178223,23729,23739,10
13.0193300247,80.2243804932,23739,23750,11
13.0197601318,80.2245483398,23750,23760,10
13.0200300217,80.2247695923,23760,23770,10
13.0204801559,80.225112915,23770,23780,10
13.0210399628,80.2255325317,23780,23790,10
13.0216999054,80.226020813,23790,23800,10
13.0223703384,80.2265396118,23800,23810,10
13.0229701996,80.2270812988,23810,23820,10
13.0235500336,80.2276229858,23820,23831,11
13.0241098404,80.2281265259,23831,23841,10
13.0243997574,80.2284317017,23841,23851,10
13.024430275,80.2285003662,23851,23861,10
13.0244102478,80.2285995483,23861,23871,10
13.0242099762,80.2285919189,23871,23881,10
13.0239896774,80.228302002,23881,23891,10
13.0237102509,80.2279281616,23891,23901,10
13.0234498978,80.2276535034,23901,23912,11
13.0234098434,80.2276077271,23912,23922,10
13.0232200623,80.2274169922,23922,23932,10
13.0229797363,80.2271575928,23932,23942,10
13.0227499008,80.2269287109,23942,23952,10
13.0224304199,80.226600647,23952,23962,10
13.0219202042,80.2261581421,23962,23972,10
13.021320343,80.2256774902,23972,23982,10
13.0206403732,80.2251815796,23982,23993,11
13.0199604034,80.2247161865,23993,24003,10
13.0192203522,80.2244110107,24003,24013,10
13.0186500549,80.2245101929,24013,24023,10
13.0183401108,80.224647522,24023,24033,10
13.0177297592,80.2249221802,24033,24043,10
13.0169296265,80.2252578735,24043,24053,10
13.0162601471,80.2255096436,24053,24063,10
13.0157699585,80.2256622314,24063,24074,11
13.0151796341,80.2259063721,24074,24084,10
13.014380455,80.2262268066,24084,24104,20
13.014380455,80.2262268066,24104,24114,10
13.0140399933,80.2263412476,24114,24124,10
13.0134401321,80.2265930176,24124,24134,10
13.0127496719,80.2268676758,24134,24144,10
13.0120000839,80.2271728516,24144,24155,11
13.011059761,80.2275466919,24155,24165,10
13.0101203918,80.2279281616,24165,24175,10
13.0092802048,80.2283401489,24175,24185,10
13.0090303421,80.2291870117,24185,24195,10
13.0088596344,80.2300796509,24195,24205,10
13.0087099075,80.2308807373,24205,24215,10
13.0085401535,80.2317199707,24215,24225,10
13.0083799362,80.2326278687,24225,24236,11
13.0082902908,80.2333679199,24236,24246,10
13.0082798004,80.2334823608,24246,24256,10
13.0082101822,80.2337188721,24256,24266,10
13.0081195831,80.23412323,24266,24276,10
13.0080003738,80.23462677,24276,24286,10
13.0078601837,80.2352600098,24286,24296,10
13.0076904297,80.2361221313,24296,24306,10
13.0074996948,80.2370300293,24306,24317,11
13.0073299408,80.23802948,24317,24327,10
13.0071897507,80.2387619019,24327,24337,10
13.0070295334,80.2394714355,24337,24347,10
13.0068998337,80.2400970459,24347,24418,71
13.0068998337,80.2400970459,24418,24428,10
13.0068502426,80.2404632568,24428,24438,10
13.0068101883,80.2407684326,24438,24448,10
13.0067796707,80.2409896851,24448,24458,10
13.0067396164,80.2415008545,24458,24468,10
13.0067300797,80.2422332764,24468,24479,11
13.0066795349,80.2431335449,24479,24489,10
13.0066404343,80.2439422607,24489,24499,10
13.0066299438,80.2449188232,24499,24509,10
13.0066699982,80.2459411621,24509,24519,10
13.0067100525,80.2473297119,24519,24560,41
13.0067100525,80.2473297119,24560,24570,10
13.0062103271,80.2474365234,24570,24590,20
13.0062103271,80.2474365234,24590,24600,10
13.0057497025,80.2473907471,24600,24610,10
13.0051002502,80.2473907471,24610,24620,10
13.0042600632,80.2474517822,24620,24630,10
13.0033502579,80.2475662231,24630,24641,11
13.0023202896,80.2477264404,24641,24651,10
13.0012903214,80.248008728,24651,24661,10
13.0001497269,80.2482910156,24661,24671,10
12.9989700317,80.248588562,24671,24681,10
12.9981298447,80.248840332,24681,24691,10
12.997879982,80.2489013672,24691,24701,10
12.9972696304,80.2490386963,24701,24711,10
12.9964504242,80.2492294312,24711,24722,11
12.9954595566,80.2494812012,24722,24732,10
12.9945497513,80.2497024536,24732,24742,10
12.9935998917,80.2499313354,24742,24752,10
12.9925403595,80.2501907349,24752,24762,10
12.9915304184,80.2504577637,24762,24772,10
12.9911203384,80.2505874634,24772,24782,10
12.9908399582,80.2506484985,24782,24792,10
12.9901895523,80.2508010864,24792,24803,11
12.9892101288,80.2510375977,24803,24813,10
12.9885997772,80.2511825562,24813,24823,10
12.9880504608,80.2513198853,24823,24833,10
12.9875202179,80.2514572144,24833,24843,10
12.9868001938,80.2516784668,24843,24853,10
12.9858999252,80.2518997192,24853,24863,10
12.9848203659,80.2521972656,24863,24873,10
12.9837999344,80.2524795532,24873,24884,11
12.9824304581,80.2526626587,24884,24894,10
12.9814195633,80.2526779175,24894,24904,10
12.9806499481,80.2527236938,24904,24914,10
12.9801597595,80.252746582,24914,24924,10
12.9797201157,80.2527084351,24924,24934,10
12.9792003632,80.2526702881,24934,24954,20
12.9792003632,80.2526702881,24954,24965,11
12.9790401459,80.2526626587,24965,24975,10
12.9787998199,80.2526321411,24975,24985,10
12.9784297943,80.2524490356,24985,24995,10
12.9778499603,80.251953125,24995,25005,10
12.9770698547,80.2513809204,25005,25015,10
12.9760503769,80.2510375977,25015,25025,10
12.9750995636,80.2507629395,25025,25035,10
12.9741802216,80.2505111694,25035,25046,11
12.9731397629,80.250213623,25046,25056,10
12.9721899033,80.249961853,25056,25066,10
12.9712495804,80.249710083,25066,25076,10
12.9706001282,80.24949646,25076,25086,10
12.9698600769,80.2492294312,25086,25096,10
12.9690999985,80.2489395142,25096,25106,10
12.9683599472,80.248626709,25106,25116,10
12.9676303864,80.2483596802,25116,25127,11
12.9669704437,80.2480621338,25127,25137,10
12.9665603638,80.2478790283,25137,25147,10
12.965959549,80.2476501465,25147,25157,10
12.9652900696,80.247428894,25157,25167,10
12.9651298523,80.2473526001,25167,25177,10
12.9647397995,80.2472000122,25177,25187,10
12.9641704559,80.2469863892,25187,25197,10
12.9635400772,80.2467422485,25197,25207,10
12.9627895355,80.2463607788,25207,25218,11
12.9618196487,80.2458877563,25218,25228,10
12.9608802795,80.2454376221,25228,25238,10
12.9600696564,80.2450637817,25238,25248,10
12.9594402313,80.2448120117,25248,25258,10
12.959400177,80.2447967529,25258,25268,10
12.9590902328,80.2446289063,25268,25278,10
12.958439827,80.2443237305,25278,25288,10
12.9577703476,80.2440185547,25288,25299,11
12.9569797516,80.2436828613,25299,25309,10
12.9565200806,80.2434921265,25309,25319,10
12.9563598633,80.2434082031,25319,25329,10
12.9557800293,80.2431869507,25329,25339,10
12.9550600052,80.2428970337,25339,25349,10
12.95429039,80.2425918579,25349,25359,10
12.9535503387,80.2423019409,25359,25369,10
12.9525899887,80.2419281006,25369,25380,11
12.9518098831,80.2416381836,25380,25390,10
12.9511995316,80.2414321899,25390,25400,10
12.9504003525,80.2412109375,25400,25410,10
12.9495201111,80.2409362793,25410,25420,10
12.9489402771,80.2407302856,25420,25430,10
12.9482803345,80.2404708862,25430,25440,10
12.9476604462,80.2402191162,25440,25450,10
12.9472198486,80.2400283813,25450,25461,11
12.9471597672,80.2399902344,25461,25471,10
12.9468002319,80.2398376465,25471,25481,10
12.946100235,80.2395324707,25481,25491,10
12.9452896118,80.2390823364,25491,25501,10
12.9445199966,80.2383270264,25501,25510,9
12.9438800812,80.2375793457,25510,25521,11
12.9432497025,80.2369232178,25521,25531,10
12.9422197342,80.2364120483,25531,25542,11
12.9411201477,80.2361526489,25542,25552,10
12.9403095245,80.2359390259,25552,25562,10
12.9398097992,80.2357711792,25562,25572,10
12.9396295547,80.2356719971,25572,25582,10
12.9391002655,80.2353973389,25582,25592,10
12.9383401871,80.2350311279,25592,25602,10
12.9375095367,80.23462677,25602,25612,10
12.93653965,80.2341537476,25612,25623,11
12.9358997345,80.2338409424,25623,25633,10
12.9358596802,80.2338180542,25633,25643,10
12.9357995987,80.2338104248,25643,25653,10
12.9353904724,80.2336196899,25653,25663,10
12.9346704483,80.2332763672,25663,25673,10
12.9339504242,80.232963562,25673,25683,10
12.9333200455,80.2326812744,25683,25693,10
12.9324903488,80.2323379517,25693,25704,11
12.9313898087,80.2320022583,25704,25714,10
12.930439949,80.2316970825,25714,25724,10
12.9295101166,80.2314834595,25724,25734,10
12.9287204742,80.2313308716,25734,25744,10
12.9278402328,80.2312011719,25744,25754,10
12.9268398285,80.2310714722,25754,25764,10
12.9258804321,80.2309570313,25764,25774,10
12.9249000549,80.2308425903,25774,25785,11
12.9238300323,80.2306976318,25785,25795,10
12.9228696823,80.2305831909,25795,25805,10
12.9218797684,80.2304229736,25805,25815,10
12.9208498001,80.2302932739,25815,25825,10
12.919839859,80.2301635742,25825,25835,10
12.9188804626,80.2300415039,25835,25845,10
12.9179601669,80.2299423218,25845,25855,10
12.9169998169,80.2297897339,25855,25866,11
12.9158000946,80.2296066284,25866,25876,10
12.9146795273,80.2294311523,25876,25886,10
12.9136695862,80.2293014526,25886,25896,10
12.9132003784,80.2292785645,25896,25906,10
12.9131603241,80.2292785645,25906,25916,10
12.9128103256,80.2292022705,25916,25926,10
12.9122800827,80.2291183472,25926,25936,10
12.9115600586,80.2290267944,25936,25947,11
12.91065979,80.2288894653,25947,25957,10
12.9096698761,80.2287216187,25957,25967,10
12.9085998535,80.2285614014,25967,25977,10
12.9081401825,80.2284927368,25977,25987,10
12.907699585,80.2284164429,25987,25997,10
12.907500267,80.2284088135,25997,26007,10
12.9072399139,80.2284011841,26007,26048,41
12.9072399139,80.2284011841,26048,26058,10
12.9069299698,80.2283782959,26058,26068,10
12.9062995911,80.228302002,26068,26078,10
12.905579567,80.2282409668,26078,26088,10
12.9047698975,80.2282104492,26088,26098,10
12.9038696289,80.2281570435,26098,26109,11
12.9027900696,80.2281036377,26109,26119,10
12.9018497467,80.2280578613,26119,26129,10
12.9012002945,80.2280426025,26129,26200,71
12.9012002945,80.2280426025,26200,26210,10
12.9008703232,80.2279815674,26210,26220,10
12.9004402161,80.2279510498,26220,26230,10
12.899939537,80.2279281616,26230,26240,10
12.8995704651,80.2279205322,26240,26250,10
12.8995199203,80.2279281616,26250,26260,10
12.8994102478,80.2279510498,26260,26271,11
12.8991203308,80.2279434204,26271,26281,10
12.8989896774,80.2279281616,26281,26291,10
12.8985795975,80.2279129028,26291,26301,10
12.8978996277,80.2278366089,26301,26311,10
12.8970899582,80.2277908325,26311,26321,10
12.8961496353,80.2277526855,26321,26331,10
12.8951997757,80.2277069092,26331,26341,10
12.8941898346,80.2276611328,26341,26352,11
12.8932504654,80.2275466919,26352,26362,10
12.8929100037,80.2275085449,26362,26382,20
12.8929100037,80.2275085449,26382,26392,10
12.8927698135,80.2275009155,26392,26402,10
12.8927202225,80.2274780273,26402,26412,10
12.8926401138,80.2274780273,26412,26422,10
12.8922595978,80.2274398804,26422,26433,11
12.8915996552,80.2274093628,26433,26443,10
12.8908100128,80.2274017334,26443,26453,10
12.8899202347,80.2274093628,26453,26463,10
12.8889703751,80.2274017334,26463,26473,10
12.8879203796,80.2273483276,26473,26483,10
12.8868503571,80.227180481,26483,26493,10
12.8858203888,80.2269210815,26493,26503,10
12.8848896027,80.2267608643,26503,26514,11
12.8846998215,80.2267608643,26514,26524,10
12.8844203949,80.2267379761,26524,26534,10
12.8838996887,80.2267379761,26534,26544,10
12.8831996918,80.2267303467,26544,26554,10
12.8824100494,80.2267532349,26554,26564,10
12.8814897537,80.2267608643,26564,26574,10
12.8806295395,80.2267608643,26574,26584,10
12.879940033,80.2267684937,26584,26595,11
12.8789701462,80.2267837524,26595,26605,10
12.8779001236,80.2268371582,26605,26615,10
12.8769397736,80.2269363403,26615,26625,10
12.8765697479,80.2269897461,26625,26635,10
12.8764801025,80.2269973755,26635,26645,10
12.8762302399,80.2269973755,26645,26655,10
12.875579834,80.2269821167,26655,26665,10
12.8747396469,80.2268981934,26665,26676,11
12.8736696243,80.2267837524,26676,26686,10
12.8728199005,80.2267379761,26686,26696,10
12.8719301224,80.2267227173,26696,26706,10
12.8708600998,80.2266693115,26706,26716,10
12.8697395325,80.2265701294,26716,26726,10
12.8685798645,80.2264404297,26726,26736,10
12.8674697876,80.2264785767,26736,26746,10
12.8663702011,80.226600647,26746,26756,10
12.8652200699,80.2266464233,26756,26767,11
12.8639497757,80.2265930176,26767,26777,10
12.8627300262,80.2265625,26777,26787,10
12.8615398407,80.2266235352,26787,26797,10
12.8610601425,80.2266311646,26797,26807,10
12.8608999252,80.2266235352,26807,26817,10
12.8602695465,80.2265396118,26817,26827,10
12.8594503403,80.2264328003,26827,26837,10
12.8586997986,80.22631073,26837,26848,11
12.8577404022,80.2262802124,26848,26858,10
12.8566799164,80.2263565063,26858,26868,10
12.8554801941,80.2264785767,26868,26878,10
12.8541898727,80.2266235352,26878,26888,10
12.8528499603,80.2267227173,26888,26898,10
12.8515996933,80.2266769409,26898,26908,10
12.8503398895,80.2266387939,26908,26918,10
12.8491802216,80.2266235352,26918,26929,11
12.8479003906,80.226600647,26929,26939,10
12.8466596603,80.2266082764,26939,26949,10
12.8456602097,80.2266235352,26949,26959,10
12.8452596664,80.2266387939,26959,26969,10
12.8451700211,80.2266387939,26969,26979,10
12.8451004028,80.2266387939,26979,26989,10
12.844619751,80.2266693115,26989,26999,10
12.8438596725,80.2267303467,26999,27010,11
12.8427696228,80.2269210815,27010,27020,10
12.841750145,80.2271728516,27020,27030,10
12.8408098221,80.227432251,27030,27080,50
12.8408098221,80.227432251,27080,27091,11
12.8406200409,80.2275009155,27091,27101,10
12.8404798508,80.2275390625,27101,27111,10
12.8403596878,80.2275772095,27111,27121,10
12.8402099609,80.2276229858,27121,27131,10
12.8401403427,80.2276382446,27131,27141,10
12.8400402069,80.2276763916,27141,27151,10
12.8399801254,80.2276992798,27151,27161,10
12.8398504257,80.2277603149,27161,27182,21
12.8398504257,80.2277603149,27182,27192,10
12.8395996094,80.2278366089,27192,27202,10
12.8390703201,80.2279205322,27202,27212,10
12.8383197784,80.2280578613,27212,27222,10
12.8373203278,80.2282714844,27222,27232,10
12.8361701965,80.2284393311,27232,27242,10
12.8350095749,80.2286224365,27242,27253,11
12.8337097168,80.228843689,27253,27263,10
12.8325796127,80.2290420532,27263,27273,10
12.8317403793,80.2292175293,27273,27283,10
12.8315601349,80.2289581299,27283,27293,10
12.8315401077,80.2287979126,27293,27303,10
12.8314695358,80.2284393311,27303,27313,10
12.8313503265,80.2277679443,27313,27323,10
12.8311700821,80.2269134521,27323,27334,11
12.8310403824,80.2258377075,27334,27344,10
12.8310403824,80.2248764038,27344,27354,10
12.8310604095,80.2246398926,27354,27364,10
12.8310699463,80.2242126465,27364,27374,10
12.8310699463,80.223487854,27374,27384,10
12.8310899734,80.2226715088,27384,27394,10
12.8310899734,80.2222213745,27394,27404,10
12.8311004639,80.2217636108,27404,27415,11
12.8311195374,80.220916748,27415,27425,10
12.8311395645,80.2200622559,27425,27435,10
12.8311004639,80.2197113037,27435,27445,10
12.8308200836,80.2194671631,27445,27455,10
12.8300800323,80.2194671631,27455,27465,10
12.8291501999,80.2194671631,27465,27475,10
12.8276996613,80.2194900513,27475,27496,21
12.8276996613,80.2194900513,27496,27506,10
12.8275203705,80.2194671631,27506,27516,10
12.8269996643,80.2194595337,27516,27526,10
12.826379776,80.2194824219,27526,27536,10
12.8260202408,80.2194824219,27536,27546,10
12.8255701065,80.2194595337,27546,27556,10
12.8248195648,80.2194290161,27556,27566,10
12.8239297867,80.2194290161,27566,27577,11
12.8231096268,80.2194366455,27577,27587,10
12.8228397369,80.2194366455,27587,27597,10
12.8226299286,80.21925354,27597,27607,10
12.8226499557,80.21900177,27607,27617,10
12.8226699829,80.2189483643,27617,27627,10
12.8226804733,80.2185668945,27627,27637,10
12.8226995468,80.2179489136,27637,27647,10
12.8226995468,80.2172698975,27647,27658,11
12.8227100372,80.2165374756,27658,27668,10
12.822719574,80.2161636353,27668,27678,10
12.8227701187,80.216003418,27678,27688,10
12.8230199814,80.2159805298,27688,27698,10
12.8234701157,80.216003418,27698,27708,10
12.8240699768,80.2160186768,27708,27719,11
12.8245697021,80.2160415649,27719,27728,9
12.8251495361,80.2160186768,27728,27739,11
12.8252401352,80.2160186768,27739,28039,300
12.8252401352,80.2160186768,28039,28049,10
12.8254003525,80.2160873413,28049,28060,11
12.8254499435,80.2160797119,28060,28070,10
12.8256196976,80.2160568237,28070,28080,10
12.8258399963,80.2160873413,28080,28090,10
12.825920105,80.2164306641,28090,28100,10
12.825920105,80.2170181274,28100,28110,10
12.8259096146,80.2177734375,28110,28120,10
12.8259000778,80.2185211182,28120,28130,10
12.8259000778,80.2191772461,28130,28141,11
12.8259601593,80.2193832397,28141,28151,10
12.8263196945,80.2194137573,28151,28161,10
12.8273801804,80.2194137573,28161,28181,20
12.8273801804,80.2194137573,28181,28191,10
12.8274898529,80.2194137573,28191,28201,10
12.8278598785,80.2194213867,28201,28211,10
12.8285198212,80.2194213867,28211,28222,11
12.829369545,80.2194213867,28222,28232,10
12.8303804398,80.2194290161,28232,28242,10
12.8308897018,80.2194290161,28242,28251,9
12.8311395645,80.2195510864,28251,28262,11
12.8312101364,80.2199783325,28262,28272,10
12.8311796188,80.2205810547,28272,28282,10
12.8311595917,80.2212371826,28282,28292,10
12.8311395645,80.2219619751,28292,28303,11
12.8311395645,80.2222518921,28303,28313,10
12.8311395645,80.2227935791,28313,28323,10
12.8311300278,80.2236022949,28323,28333,10
12.8311300278,80.2244033813,28333,28343,10
12.8311300278,80.2247695923,28343,28353,10
12.8311195374,80.2253799438,28353,28363,10
12.8311195374,80.2262191772,28363,28373,10
12.8312797546,80.2270889282,28373,28384,11
12.8315000534,80.2280426025,28384,28394,10
12.8316602707,80.2287902832,28394,28404,10
12.8317804337,80.2291107178,28404,28414,10
12.8322200775,80.229057312,28414,28424,10
12.832909584,80.2289428711,28424,28434,10
12.8336696625,80.2287979126,28434,28444,10
12.8345499039,80.2286605835,28444,28454,10
12.8355398178,80.2285079956,28454,28465,11
12.836640358,80.2283401489,28465,28475,10
12.8376703262,80.2281799316,28475,28485,10
12.8385295868,80.2279968262,28485,28495,10
12.8388299942,80.2279129028,28495,28505,10
12.8388395309,80.2279129028,28505,28515,10
12.839099884,80.2278823853,28515,28566,51
12.839099884,80.2278823853,28566,28576,10
12.8395004272,80.2277679443,28576,28606,30
12.8395004272,80.2277679443,28606,28616,10
12.8400602341,80.2275924683,28616,28627,11
12.8408203125,80.2273788452,28627,28637,10
12.8417596817,80.2271270752,28637,28647,10
12.8427801132,80.2269134521,28647,28657,10
12.8437795639,80.2267379761,28657,28667,10
12.8447303772,80.2266311646,28667,28677,10
12.8453502655,80.2265625,28677,28687,10
12.8454799652,80.2265625,28687,28697,10
12.8455295563,80.2265625,28697,28708,11
12.8456401825,80.2265625,28708,28718,10
12.8458003998,80.2265396118,28718,28728,10
12.8459396362,80.2265396118,28728,28738,10
12.846540451,80.2265396118,28738,28748,10
12.8473997116,80.2265625,28748,28758,10
12.848279953,80.2265701294,28758,28768,10
12.8492603302,80.2265701294,28768,28778,10
12.8504104614,80.2265777588,28778,28789,11
12.851770401,80.2266311646,28789,28799,10
12.8530797958,80.2266693115,28799,28809,10
12.8544197083,80.2265625,28809,28819,10
12.8557596207,80.2264175415,28819,28829,10
12.8571195602,80.226272583,28829,28839,10
12.8582897186,80.2262115479,28839,28849,10
12.8593597412,80.2263183594,28849,28859,10
12.8605003357,80.2264633179,28859,28869,10
12.8607997894,80.2265014648,28869,28880,11
12.8610696793,80.2265625,28880,28890,10
12.8617296219,80.2265625,28890,28900,10
12.8626098633,80.2265090942,28900,28910,10
12.8637304306,80.2265014648,28910,28920,10
12.8649902344,80.2265396118,28920,28930,10
12.8662996292,80.2265319824,28930,28940,10
12.8676204681,80.2264022827,28940,28950,10
12.8689603806,80.2263793945,28950,28961,11
12.8704595566,80.2265625,28961,28971,10
12.8718299866,80.2266311646,28971,28981,10
12.8726997375,80.2266311646,28981,28991,10
12.8727502823,80.2266311646,28991,29001,10
12.8727998734,80.2266311646,29001,29011,10
12.8732404709,80.2266464233,29011,29021,10
12.8739795685,80.2266998291,29021,29031,10
12.8749399185,80.2268218994,29031,29042,11
12.8761100769,80.2269134521,29042,29052,10
12.8767499924,80.2268829346,29052,29062,10
12.8767995834,80.2268829346,29062,29072,10
12.8772201538,80.226852417,29072,29082,10
12.8779697418,80.2267913818,29082,29092,10
12.8788995743,80.2267303467,29092,29102,10
12.8799695969,80.2266998291,29102,29112,10
12.8811397552,80.2266921997,29112,29123,11
12.8825101852,80.2266693115,29123,29133,10
12.8837203979,80.2266616821,29133,29143,10
12.8848104477,80.2266387939,29143,29153,10
12.8854198456,80.2266769409,29153,29163,10
12.8854598999,80.2266921997,29163,29173,10
12.885890007,80.2267913818,29173,29183,10
12.8866195679,80.2269973755,29183,29193,10
12.8875904083,80.2272109985,29193,29204,11
12.8888597488,80.2273330688,29204,29214,10
12.8900995255,80.2273101807,29214,29224,10
12.8913698196,80.2273101807,29224,29234,10
12.8923902512,80.2273330688,29234,29244,10
12.8930702209,80.2274017334,29244,29254,10
12.8939399719,80.2275238037,29254,29264,10
12.8950195313,80.2275924683,29264,29274,10
12.8961896896,80.2276382446,29274,29285,11
12.8975400925,80.2277069092,29285,29295,10
12.8987398148,80.2277832031,29295,29305,10
12.8998403549,80.2278213501,29305,29315,10
12.9007196426,80.2278366089,29315,29355,40
12.9007196426,80.2278366089,29355,29366,11
12.9007797241,80.2278366089,29366,29376,10
12.9011001587,80.227897644,29376,29386,10
12.901599884,80.2279281616,29386,29396,10
12.9027004242,80.2279815674,29396,29426,30
12.9027004242,80.2279815674,29426,29436,10
12.9030599594,80.2279891968,29436,29447,11
12.903719902,80.2280273438,29447,29457,10
12.9045000076,80.2280883789,29457,29467,10
12.9054603577,80.2281188965,29467,29477,10
12.9060602188,80.2281494141,29477,29528,51
12.9060602188,80.2281494141,29528,29538,10
12.9061403275,80.2281494141,29538,29548,10
12.9063301086,80.2281570435,29548,29558,10
12.90666008,80.2282104492,29558,29568,10
12.9070701599,80.2282409668,29568,29578,10
12.9071598053,80.2282562256,29578,29588,10
12.9077596664,80.2283401489,29588,29598,10
12.9085502625,80.2284698486,29598,29609,11
12.9096803665,80.2286605835,29609,29619,10
12.9107999802,80.2288513184,29619,29629,10
12.9118499756,80.2290267944,29629,29639,10
12.9130296707,80.2291793823,29639,29649,10
12.9138498306,80.2292633057,29649,29659,10
12.9139404297,80.2292785645,29659,29669,10
12.9141597748,80.2293014526,29669,29679,10
12.9147701263,80.2293777466,29679,29690,11
12.9156303406,80.2295303345,29690,29700,10
12.9166002274,80.2296829224,29700,29710,10
12.9176197052,80.2298126221,29710,29720,10
12.9186897278,80.2299575806,29720,29730,10
12.9197998047,80.2301101685,29730,29740,10
12.9209699631,80.2302627563,29740,29750,10
12.9219999313,80.2304077148,29750,29760,10
12.923119545,80.2305831909,29760,29771,11
12.9244604111,80.230758667,29771,29781,10
12.9257202148,80.2308883667,29781,29791,10
12.9263296127,80.2309417725,29791,29801,10
12.9263696671,80.2309494019,29801,29811,10
12.9268198013,80.231010437,29811,29821,10
12.9275598526,80.2311096191,29821,29831,10
12.9284496307,80.2312088013,29831,29841,10
12.9291801453,80.231338501,29841,29852,11
12.9298400879,80.2314910889,29852,29862,10
12.9305801392,80.2316818237,29862,29872,10
12.9314403534,80.2319488525,29872,29882,10
12.9324102402,80.2322616577,29882,29892,10
12.9337100983,80.2327728271,29892,29912,20
12.9337100983,80.2327728271,29912,29922,10
12.933930397,80.2328720093,29922,29933,11
12.9344501495,80.2331237793,29933,29943,10
12.9351301193,80.2334289551,29943,29953,10
12.9356098175,80.2336425781,29953,29963,10
12.9356803894,80.2336730957,29963,29973,10
12.9360399246,80.2338485718,29973,29983,10
12.9365501404,80.2341079712,29983,29993,10
12.9372501373,80.2344436646,29993,30003,10
12.9381399155,80.2348709106,30003,30013,10
12.939040184,80.2353210449,30013,30024,11
12.9396896362,80.2356491089,30024,30034,10
12.9397201538,80.2356567383,30034,30044,10
12.9398403168,80.2357635498,30044,30054,10
12.9402399063,80.2359008789,30054,30064,10
12.9409103394,80.2360916138,30064,30074,10
12.9417104721,80.2362823486,30074,30084,10
12.9426403046,80.2365493774,30084,30094,10
12.9434995651,80.2371368408,30094,30105,11
12.9442996979,80.23802948,30105,30115,10
12.9451398849,80.2389373779,30115,30125,10
12.9462404251,80.2395935059,30125,30135,10
12.9470996857,80.2399368286,30135,30145,10
12.9473104477,80.240020752,30145,30155,10
12.947429657,80.2400665283,30155,30165,10
12.9479198456,80.2402572632,30165,30175,10
12.9485797882,80.2405166626,30175,30196,21
12.9485797882,80.2405166626,30196,30206,10
12.9488201141,80.2406463623,30206,30216,10
12.949259758,80.2408218384,30216,30226,10
12.9498996735,80.2410430908,30226,30236,10
12.9510002136,80.2413482666,30236,30256,20
12.9510002136,80.2413482666,30256,30267,11
12.9511699677,80.2414169312,30267,30277,10
12.9516897202,80.2416229248,30277,30287,10
12.9523897171,80.2418823242,30287,30297,10
12.953209877,80.2421875,30297,30307,10
12.9539003372,80.2424621582,30307,30317,10
12.9545001984,80.2426986694,30317,30327,10
12.9551296234,80.2429504395,30327,30337,10
12.9558095932,80.2432174683,30337,30348,11
12.9562101364,80.2433700562,30348,30358,10
12.9562501907,80.2433929443,30358,30368,10
12.9563798904,80.2434463501,30368,30378,10
12.9565896988,80.2435302734,30378,30388,10
12.9571199417,80.2437362671,30388,30398,10
12.9578304291,80.2440567017,30398,30408,10
12.9586200714,80.2443695068,30408,30418,10
12.9588403702,80.2444381714,30418,30429,11
12.9589500427,80.2444915771,30429,30439,10
12.9592695236,80.2446517944,30439,30449,10
12.9596996307,80.2448501587,30449,30459,10
12.9603796005,80.2451629639,30459,30469,10
12.9611797333,80.2455291748,30469,30479,10
12.962100029,80.2459793091,30479,30489,10
12.9629297256,80.246383667,30489,30499,10
12.9633197784,80.2465591431,30499,30540,41
12.9633197784,80.2465591431,30540,30550,10
12.9635000229,80.2467193604,30550,30560,10
12.9638500214,80.2468795776,30560,30570,10
12.9644498825,80.2471008301,30570,30580,10
12.9652099609,80.2473602295,30580,30591,11
12.9661197662,80.2476882935,30591,30601,10
12.9666996002,80.2479400635,30601,30611,10
12.9670600891,80.2480926514,30611,30631,20
12.9670600891,80.2480926514,30631,30641,10
12.9672803879,80.2482376099,30641,30651,10
12.9677696228,80.2484664917,30651,30661,10
12.9684295654,80.2487411499,30661,30672,11
12.9693603516,80.2490997314,30672,30682,10
12.9703702927,80.24949646,30682,30692,10
12.9715204239,80.2498626709,30692,30702,10
12.9727201462,80.2501602173,30702,30712,10
12.9739103317,80.2504730225,30712,30722,10
12.9751195908,80.2508163452,30722,30732,10
12.9763402939,80.251159668,30732,30742,10
12.9774198532,80.2515487671,30742,30753,11
12.9786300659,80.2524108887,30753,30783,30
12.9786300659,80.2524108887,30783,30793,10
12.9788799286,80.252532959,30793,30803,10
12.97935009,80.2526168823,30803,30813,10
12.9797401428,80.2526626587,30813,30823,10
12.9801998138,80.2526702881,30823,30834,11
12.9807901382,80.2526779175,30834,30844,10
12.9815196991,80.2526626587,30844,30854,10
12.9824304581,80.2526397705,30854,30864,10
12.9833097458,80.2525634766,30864,30874,10
12.9847002029,80.2522125244,30874,30884,10
12.9857501984,80.2519073486,30884,30894,10
12.9864902496,80.2517471313,30894,30904,10
12.9870901108,80.2515563965,30904,31117,213
12.9870901108,80.2515563965,31117,31127,10
12.9870901108,80.2515411377,31127,31137,10
12.9874200821,80.2514266968,31137,31147,10
12.9878797531,80.2513198853,31147,31157,10
12.9884901047,80.251159668,31157,31168,11
12.9893598557,80.2509307861,31168,31177,9
12.9895401001,80.2508773804,31177,31188,11
12.989569664,80.2508621216,31188,31198,10
12.9899196625,80.250793457,31198,31208,10
12.9905595779,80.2506484985,31208,31218,10
12.9911499023,80.2505111694,31218,31228,10
12.9922599792,80.2502288818,31228,31238,10
12.993350029,80.249961853,31238,31249,11
12.9946403503,80.2496414185,31249,31259,10
12.9958600998,80.2493286133,31259,31269,10
12.9967699051,80.2490463257,31269,31279,10
12.9969100952,80.2490081787,31279,31289,10
12.9969997406,80.2489700317,31289,31299,10
12.9974498749,80.248878479,31299,31309,10
12.9980897903,80.2487411499,31309,31319,10
12.9988498688,80.2485580444,31319,31330,11
12.9998397827,80.2483215332,31330,31340,10
13.0009298325,80.2480621338,31340,31350,10
13.0019798279,80.2478027344,31350,31360,10
13.0029401779,80.2475814819,31360,31370,10
13.0039796829,80.247428894,31370,31380,10
13.0051002502,80.2472763062,31380,31390,10
13.0059995651,80.2470626831,31390,31400,10
13.006529808,80.2464370728,31400,31421,21
13.006529808,80.2464370728,31421,31431,10
13.0065898895,80.2462921143,31431,31441,10
13.0066404343,80.2459335327,31441,31451,10
13.0066604614,80.2455825806,31451,31461,10
13.0066699982,80.245262146,31461,31471,10
13.0066604614,80.2449188232,31471,31481,10
13.0066604614,80.2445983887,31481,31492,11
13.006649971,80.2442398071,31492,31502,10
13.0066604614,80.2438964844,31502,31512,10
13.0066299438,80.2435531616,31512,31522,10
13.0066099167,80.2429962158,31522,31532,10
13.0066003799,80.2422409058,31532,31542,10
13.0066404343,80.2410964966,31542,31562,20
13.0066404343,80.2410964966,31562,31573,11
13.0066795349,80.2409210205,31573,31583,10
13.0066995621,80.2406997681,31583,31593,10
13.0067300797,80.2404785156,31593,31603,10
13.0068302155,80.2401885986,31603,31613,10
13.0069904327,80.2396621704,31613,31623,10
13.0071201324,80.2387771606,31623,31633,10
13.0072603226,80.2379302979,31633,31643,10
13.007399559,80.2372436523,31643,31654,11
13.0074300766,80.2368621826,31654,31664,10
13.0074300766,80.2368469238,31664,31674,10
13.0074796677,80.2367782593,31674,31684,10
13.0075597763,80.2364501953,31684,31694,10
13.0076599121,80.2359390259,31694,31704,10
13.0077896118,80.2352828979,31704,31714,10
13.0079402924,80.2345275879,31714,31724,10
13.0081100464,80.2337036133,31724,31735,11
13.0083398819,80.2325363159,31735,31745,10
13.0085802078,80.2313766479,31745,31755,10
13.0087995529,80.2303009033,31755,31765,10
13.0089597702,80.229309082,31765,31775,10
13.0091495514,80.2283630371,31775,31785,10
13.0094804764,80.2275085449,31785,31795,10
13.0099000931,80.2266235352,31795,31805,10
13.0102701187,80.2259521484,31805,31815,10
13.0105800629,80.2253265381,31815,31826,11
13.0107002258,80.2250671387,31826,31836,10
13.0108203888,80.2247161865,31836,31846,10
13.0111103058,80.2240982056,31846,31856,10
13.0114603043,80.2233505249,31856,31866,10
13.0116796494,80.2225570679,31866,31876,10
13.0120296478,80.2216491699,31876,31886,10
13.0123596191,80.2214584351,31886,31896,10
13.0126104355,80.2218933105,31896,31907,11
13.0130596161,80.2225036621,31907,31917,10
13.0135402679,80.2229614258,31917,31927,10
13.0140304565,80.2235031128,31927,31937,10
13.0143995285,80.2240371704,31937,31947,10
13.0148897171,80.2245025635,31947,31957,10
13.015250206,80.2248764038,31957,31988,31
13.015250206,80.2248764038,31988,31998,10
13.0153398514,80.2250595093,31998,32008,10
13.0156898499,80.2253036499,32008,32018,10
13.0163097382,80.2254104614,32018,32028,10
13.0169200897,80.2252426147,32028,32038,10
13.0175600052,80.2249832153,32038,32048,10
13.0183401108,80.224647522,32048,32058,10
13.019109726,80.2244033813,32058,32069,11
13.0197095871,80.2245178223,32069,32109,40
13.0197095871,80.2245178223,32109,32119,10
13.019900322,80.2248382568,32119,32129,10
13.0202999115,80.2251205444,32129,32139,10
13.0208301544,80.2254562378,32139,32150,11
13.0214595795,80.2259368896,32150,32160,10
13.0219202042,80.2262573242,32160,32170,10
13.0221099854,80.2263183594,32170,32939,769
13.0221099854,80.2263183594,32939,32949,10
13.0222396851,80.2264709473,32949,32960,11
13.0224304199,80.2266693115,32960,32970,10
13.0227203369,80.2269287109,32970,32980,10
13.0230798721,80.2273025513,32980,32990,10
13.0234699249,80.2276382446,32990,33000,10
13.0238399506,80.2279205322,33000,33020,20
13.0238399506,80.2279205322,33020,33030,10
13.024140358,80.2282104492,33030,33051,21
13.024140358,80.2282104492,33051,33061,10
13.0243396759,80.2285232544,33061,33101,40
13.0243396759,80.2285232544,33101,33111,10
13.024479866,80.2285690308,33111,33122,11
13.0243597031,80.2286529541,33122,33132,10
13.0240802765,80.2283477783,33132,33142,10
13.0237798691,80.2279663086,33142,33152,10
13.0234899521,80.2276611328,33152,33182,30
13.0234899521,80.2276611328,33182,33192,10
13.0232801437,80.2274169922,33192,33203,11
13.0232000351,80.2272796631,33203,33213,10
13.0229597092,80.2270736694,33213,33223,10
13.0225696564,80.2266998291,33223,33233,10
13.0220403671,80.2262802124,33233,33243,10
13.0214300156,80.2257766724,33243,33253,10
13.0207996368,80.2253036499,33253,33263,10
13.0201301575,80.224861145,33263,33273,10
13.0194301605,80.2244796753,33273,33284,11
13.0185003281,80.2245864868,33284,33294,10
13.0178003311,80.2248764038,33294,33304,10
13.0172100067,80.225151062,33304,33314,10
13.0168800354,80.2252731323,33314,33334,20
13.0168800354,80.2252731323,33334,33344,10
13.0166301727,80.2253112793,33344,33354,10
13.0164203644,80.225440979,33354,33365,11
13.0160598755,80.2255783081,33365,33375,10
13.0156698227,80.225692749,33375,33385,10
13.0151796341,80.2258987427,33385,33395,10
13.0147399902,80.2260818481,33395,33405,10
13.014380455,80.2262268066,33405,33415,10
13.0143203735,80.2262420654,33415,33425,10
13.0142002106,80.2262802124,33425,33435,10
13.013759613,80.2264480591,33435,33445,10
13.0130796432,80.2267303467,33445,33456,11
13.0123596191,80.2270202637,33456,33466,10
13.0116100311,80.2273406982,33466,33476,10
13.0108003616,80.2276687622,33476,33486,10
13.0100698471,80.2279510498,33486,33496,10
13.0094604492,80.2282180786,33496,33506,10
13.0091495514,80.2287902832,33506,33516,10
13.0090503693,80.2294616699,33516,33526,10
13.0089302063,80.2301101685,33526,33537,11
13.008890152,80.2303619385,33537,33547,10
13.0088300705,80.2306976318,33547,33557,10
13.0087604523,80.2310791016,33557,33567,10
13.0086402893,80.2315979004,33567,33577,10
13.0085296631,80.2321014404,33577,33587,10
13.0084400177,80.2325592041,33587,33597,10
13.0083398819,80.2331390381,33597,33607,10
13.0082798004,80.2335968018,33607,33618,11
13.0082597733,80.2336425781,33618,33628,10
13.0081796646,80.2338027954,33628,33638,10
13.0080499649,80.2345275879,33638,33668,30
13.0080499649,80.2345275879,33668,33678,10
13.0078802109,80.2351074219,33678,33688,10
13.0078201294,80.235496521,33688,33699,11
13.0076799393,80.236289978,33699,33709,10
13.0075397491,80.2369613647,33709,33719,10
13.0074596405,80.2373275757,33719,33729,10
13.0073795319,80.2377624512,33729,33739,10
13.0073099136,80.2381591797,33739,33830,91
13.0073099136,80.2381591797,33830,33840,10
13.0071802139,80.2385406494,33840,33850,10
13.0071802139,80.2386779785,33850,33861,11
13.0071201324,80.2391433716,33861,33871,10
13.0070199966,80.2398071289,33871,33881,10
13.0068798065,80.2405471802,33881,33891,10
13.0068597794,80.2406234741,33891,33901,10
13.0067996979,80.2408370972,33901,33911,10
13.0067596436,80.2413101196,33911,33921,10
13.0067396164,80.2419815063,33921,33931,10
13.0067195892,80.242477417,33931,33942,11
13.0066900253,80.2428817749,33942,33952,10
13.0066795349,80.2431564331,33952,33962,10
13.0066795349,80.2433776855,33962,33972,10
13.0066795349,80.2436218262,33972,33982,10
13.0066604614,80.2440032959,33982,34023,41
13.0066995621,80.2444000244,34023,34063,40
13.0066995621,80.2444000244,34063,34073,10
13.0066900253,80.2449493408,34073,34083,10
13.0067195892,80.2454223633,34083,34093,10
13.0067300797,80.2459793091,34093,34103,10
13.0067501068,80.2466964722,34103,34114,11
13.0067596436,80.2472991943,34114,34184,70
13.0067596436,80.2472991943,34184,34195,11
13.0066299438,80.2474899292,34195,34205,10
13.0061798096,80.2474365234,34205,34235,30
13.0061798096,80.2474365234,34235,34245,10
13.0059604645,80.2473297119,34245,34254,9
13.0055704117,80.2473220825,34254,34265,11
13.0050697327,80.2473602295,34265,34276,11
13.0040597916,80.247467041,34276,34286,10
13.0031700134,80.2476119995,34286,34296,10
13.0024003983,80.247756958,34296,34306,10
13.001660347,80.2479400635,34306,34316,10
13.0007600784,80.2481689453,34316,34326,10
12.9997396469,80.2484283447,34326,34336,10
12.9981803894,80.2488632202,34336,34357,21
12.9981803894,80.2488632202,34357,34367,10
12.9980201721,80.2489013672,34367,34377,10
12.997469902,80.2490234375,34377,34387,10
12.9967002869,80.2491989136,34387,34397,10
12.995759964,80.2494506836,34397,34407,10
12.9947099686,80.2497406006,34407,34417,10
12.9937000275,80.25,34417,34427,10
12.993229866,80.2501068115,34427,34438,11
12.9931898117,80.2501220703,34438,34448,10
12.9928197861,80.2501983643,34448,34458,10
12.9923000336,80.2503433228,34458,34468,10
12.9918699265,80.2504577637,34468,34478,10
12.9911298752,80.2506637573,34478,34498,20
12.9911298752,80.2506637573,34498,34508,10
12.990940094,80.2506637573,34508,34519,11
12.9905099869,80.2507476807,34519,34529,10
12.9900598526,80.2508621216,34529,34539,10
12.9897003174,80.2509613037,34539,34549,10
12.9893903732,80.2510528564,34549,34559,10
12.9890699387,80.251121521,34559,34569,10
12.9886598587,80.2512283325,34569,34579,10
12.9882602692,80.2513427734,34579,35025,446
12.9882602692,80.2513427734,35025,35035,10
12.9878702164,80.2513427734,35035,35045,10
12.9874401093,80.2514572144,35045,35055,10
12.9868402481,80.2516479492,35055,35065,10
12.9861001968,80.2518386841,35065,35075,10
12.9851903915,80.2520599365,35075,35085,10
12.9842195511,80.2523269653,35085,35096,11
12.9831399918,80.2525787354,35096,35106,10
12.9821500778,80.2526473999,35106,35116,10
12.9812097549,80.2526931763,35116,35126,10
12.9806804657,80.2527389526,35126,35136,10
12.9806604385,80.252746582,35136,35146,10
12.9805297852,80.252746582,35146,35156,10
12.9802999496,80.2527770996,35156,35166,10
12.9799203873,80.2527618408,35166,35177,11
12.9792804718,80.2526931763,35177,35187,10
12.978679657,80.2526016235,35187,35197,10
12.9785604477,80.2525634766,35197,35207,10
12.9785203934,80.252532959,35207,35217,10
12.9782104492,80.2522888184,35217,35227,10
12.9776697159,80.2518005371,35227,35237,10
12.9768695831,80.2513275146,35237,35247,10
12.9757795334,80.2509994507,35247,35258,11
12.9745798111,80.2506484985,35258,35268,10
12.9735403061,80.2503433228,35268,35278,10
12.9724197388,80.2500610352,35278,35288,10
12.971280098,80.2497406006,35288,35298,10
12.970290184,80.2494277954,35298,35308,10
12.9692201614,80.2489776611,35308,35318,10
12.9681797028,80.2485580444,35318,35328,10
12.9673204422,80.2482223511,35328,35338,10
12.9671201706,80.2481231689,35338,35349,11
12.9668703079,80.2479934692,35349,35359,10
12.9664897919,80.2478179932,35359,35369,10
12.9659795761,80.2476425171,35369,35379,10
12.9657001495,80.247543335,35379,35389,10
12.9652500153,80.2473983765,35389,35399,10
12.9649896622,80.2473297119,35399,35409,10
12.9649295807,80.2473068237,35409,35419,10
12.9645595551,80.2471466064,35419,35430,11
12.96434021,80.2470703125,35430,35440,10
12.9642295837,80.2470169067,35440,35450,10
12.9639797211,80.2469406128,35450,35460,10
12.9638204575,80.2468719482,35460,35470,10
12.9636096954,80.2467803955,35470,35480,10
12.9630899429,80.2464675903,35480,35490,10
12.9623203278,80.2460784912,35490,35500,10
12.9613704681,80.2455978394,35500,35511,11
12.9602003098,80.2450866699,35511,35521,10
12.9595098495,80.2448196411,35521,35531,10
12.9594097137,80.2447433472,35531,35541,10
12.959280014,80.2446594238,35541,35551,10
12.9588804245,80.244468689,35551,35561,10
12.9582595825,80.2442169189,35561,35571,10
12.9576797485,80.2439880371,35571,35581,10
12.9570102692,80.2437896729,35581,35592,11
12.956609726,80.2436828613,35592,35622,30
12.956609726,80.2436828613,35622,35632,10
12.9564399719,80.243637085,35632,35673,41
12.9564399719,80.243637085,35673,35683,10
12.9563102722,80.2436218262,35683,35693,10
12.9558801651,80.2433929443,35693,35703,10
12.9553003311,80.243057251,35703,35713,10
12.9545898438,80.2427597046,35713,35723,10
12.953789711,80.2424316406,35723,35742,19
12.9530801773,80.2421188354,35742,35754,12
12.951669693,80.2416610718,35754,35764,10
12.9515600204,80.2415924072,35764,35774,10
12.9510402679,80.2413711548,35774,35784,10
12.9504404068,80.2412261963,35784,35895,111
12.9504404068,80.2412261963,35895,35905,10
12.9501600266,80.2411804199,35905,35916,11
12.949640274,80.2409896851,35916,35926,10
12.9491996765,80.2408599854,35926,35936,10
12.9486904144,80.2406616211,35936,35946,10
12.9478998184,80.2403411865,35946,35956,10
12.9472503662,80.2400665283,35956,35966,10
12.9470796585,80.2399902344,35966,35976,10
12.9469995499,80.2399368286,35976,35986,10
12.9465799332,80.2397689819,35986,35996,10
12.9459695816,80.2395172119,35996,36007,11
12.9452199936,80.2390975952,36007,36017,10
12.9445400238,80.2383728027,36017,36027,10
12.9438199997,80.2375793457,36027,36037,10
12.9431200027,80.2368621826,36037,36047,10
12.9421300888,80.2363967896,36047,36057,10
12.9411096573,80.2361373901,36057,36067,10
12.9401397705,80.2358703613,36067,36077,10
12.9397602081,80.2357177734,36077,36088,11
12.9397201538,80.2356796265,36088,36098,10
12.9393596649,80.235496521,36098,36108,10
12.9387798309,80.2351913452,36108,36118,10
12.9380502701,80.2348480225,36118,36128,10
12.9371795654,80.2344512939,36128,36138,10
12.936340332,80.2340621948,36138,36148,10
12.935500145,80.2336578369,36148,36158,10
12.9347000122,80.2333068848,36158,36169,11
12.9340295792,80.233039856,36169,36179,10
12.9340000153,80.2330169678,36179,36189,10
12.9339399338,80.2329864502,36189,36199,10
12.9337797165,80.2329025269,36199,36209,10
12.9334497452,80.2327194214,36209,36219,10
12.9328699112,80.232460022,36219,36229,10
12.932100296,80.2322006226,36229,36239,10
12.9311504364,80.2318878174,36239,36250,11
12.9301300049,80.2315979004,36250,36260,10
12.9292697906,80.2313995361,36260,36270,10
12.9284601212,80.231262207,36270,36280,10
12.9275798798,80.2311401367,36280,36290,10
12.9266996384,80.2310409546,36290,36300,10
12.9262304306,80.2309799194,36300,36310,10
12.9261798859,80.2309875488,36310,36320,10
12.9257602692,80.2309494019,36320,36331,11
12.9250402451,80.2308425903,36331,36341,10
12.9242200851,80.2307434082,36341,36351,10
12.9232501984,80.2306137085,36351,36361,10
12.9221000671,80.2304382324,36361,36371,10
12.9208602905,80.2302703857,36371,36381,10
12.9197502136,80.2301177979,36381,36391,10
12.9189596176,80.2300033569,36391,36401,10
12.9181003571,80.229888916,36401,36412,11
12.9172401428,80.2297821045,36412,36422,10
12.9166402817,80.2296905518,36422,36432,10
12.9158601761,80.2295913696,36432,36442,10
12.9149599075,80.2294387817,36442,36452,10
12.9139900208,80.229309082,36452,36462,10
12.913310051,80.2292633057,36462,36472,10
12.9132900238,80.2292633057,36472,36482,10
12.9131202698,80.2292175293,36482,36493,11
12.9124898911,80.2291030884,36493,36503,10
12.9116897583,80.2289886475,36503,36513,10
12.9106998444,80.2288589478,36513,36523,10
12.9095802307,80.2286834717,36523,36533,10
12.908539772,80.2285003662,36533,36543,10
12.907959938,80.2284317017,36543,36735,192
12.907959938,80.2284317017,36735,36746,11
12.9075698853,80.2283935547,36746,36756,10
12.9070501328,80.2283096313,36756,36766,10
12.9065103531,80.2282485962,36766,36776,10
12.9058103561,80.2281417847,36776,36786,10
12.9048700333,80.2281188965,36786,36796,10
12.9039697647,80.2280807495,36796,36806,10
12.9034996033,80.2280807495,36806,36816,10
12.9034700394,80.2280807495,36816,36827,11
12.9032497406,80.2280731201,36827,36837,10
12.9028196335,80.2280807495,36837,36847,10
12.9023399353,80.2280197144,36847,36857,10
12.9020004272,80.2279586792,36857,36867,10
12.9016199112,80.2279586792,36867,36877,10
12.9011497498,80.2279663086,36877,36887,10
12.9006996155,80.227897644,36887,36897,10
12.9004497528,80.227897644,36897,36908,11
12.8999795914,80.2278823853,36908,36918,10
12.8995399475,80.2278823853,36918,36928,10
12.8989200592,80.2278594971,36928,36958,30
12.8989200592,80.2278594971,36958,36968,10
12.8986597061,80.2278671265,36968,36978,10
12.8980798721,80.2277984619,36978,36989,11
12.8972702026,80.2277374268,36989,36999,10
12.8963899612,80.2276916504,36999,37009,10
12.8953504562,80.2276229858,37009,37019,10
12.8943004608,80.2275772095,37019,37029,10
12.8935604095,80.2275466919,37029,37039,10
12.8933897018,80.2275314331,37039,37049,10
12.893289566,80.2275085449,37049,37059,10
12.8930196762,80.2274703979,37059,37070,11
12.8924999237,80.2274093628,37070,37080,10
12.8919401169,80.2273712158,37080,37090,10
12.891169548,80.2273635864,37090,37100,10
12.8902301788,80.2273635864,37100,37110,10
12.889169693,80.2273483276,37110,37120,10
12.8880796432,80.2272796631,37120,37130,10
12.8869304657,80.2271194458,37130,37140,10
12.8858995438,80.2268981934,37140,37151,11
12.885430336,80.2267990112,37151,37161,10
12.8853397369,80.2267837524,37161,37171,10
12.8850803375,80.2267303467,37171,37181,10
12.8848600388,80.2267074585,37181,37191,10
12.8843603134,80.2267074585,37191,37201,10
12.883649826,80.2267074585,37201,37211,10
12.8827800751,80.2267074585,37211,37221,10
12.8818902969,80.2267227173,37221,37231,10
12.8810100555,80.2267303467,37231,37242,11
12.8798599243,80.2267227173,37242,37252,10
12.8786802292,80.2267837524,37252,37262,10
12.8776197433,80.2268829346,37262,37272,10
12.8770799637,80.2269363403,37272,37282,10
12.8768796921,80.2269668579,37282,37292,10
12.8761396408,80.2269973755,37292,37312,20
12.8761396408,80.2269973755,37312,37323,11
12.8758401871,80.2269821167,37323,37333,10
12.8752403259,80.2269363403,37333,37343,10
12.874420166,80.2268218994,37343,37353,10
12.8734302521,80.2267227173,37353,37363,10
12.8727502823,80.2267227173,37363,37373,10
12.8726902008,80.2267227173,37373,37383,10
12.8723096848,80.2267227173,37383,37393,10
12.871629715,80.2266921997,37393,37404,11
12.8706798553,80.2266387939,37404,37414,10
12.8696804047,80.2265319824,37414,37424,10
12.8685398102,80.2264022827,37424,37434,10
12.8673200607,80.2264633179,37434,37444,10
12.866109848,80.2265701294,37444,37454,10
12.8648900986,80.2265777588,37454,37464,10
12.8636598587,80.2265319824,37464,37474,10
12.8623800278,80.2265472412,37474,37485,11
12.8610200882,80.226600647,37485,37636,151
12.8610200882,80.226600647,37636,37647,11
12.860710144,80.2265396118,37647,37657,10
12.8602399826,80.2265014648,37657,37667,10
12.8595399857,80.2264175415,37667,37677,10
12.859120369,80.2263565063,37677,37687,10
12.8589200974,80.2263336182,37687,37697,10
12.8584804535,80.2262802124,37697,37707,10
12.85779953,80.226272583,37707,37717,10
12.8569803238,80.2263336182,37717,37728,11
12.8559103012,80.2264404297,37728,37738,10
12.8547801971,80.2265472412,37738,37748,10
12.8535804749,80.2266693115,37748,37758,10
12.852350235,80.2266921997,37758,37768,10
12.8513002396,80.2266464233,37768,37778,10
12.850060463,80.2266235352,37778,37809,31
12.850060463,80.2266235352,37809,37819,10
12.8497400284,80.2266082764,37819,37829,10
12.8491296768,80.226600647,37829,37839,10
12.8483600616,80.226600647,37839,37849,10
12.8475704193,80.2266082764,37849,37859,10
12.8468599319,80.2266387939,37859,37869,10
12.8464803696,80.2266311646,37869,37879,10
12.8461399078,80.2266311646,37879,37889,10
12.8457403183,80.226600647,37889,37900,11
12.8453397751,80.2266235352,37900,37910,10
12.8453197479,80.2266235352,37910,37920,10
12.8452396393,80.2266235352,37920,37930,10
12.8448495865,80.2266235352,37930,37940,10
12.8441696167,80.2266998291,37940,37950,10
12.8433103561,80.2267990112,37950,37960,10
12.8426504135,80.2269210815,37960,37970,10
12.842300415,80.2269897461,37970,37981,11
12.8420801163,80.2271118164,37981,37991,10
12.8419504166,80.227180481,37991,38011,20
12.8419504166,80.227180481,38011,38021,10
12.8417701721,80.2272033691,38021,38082,61
12.8417701721,80.2272033691,38082,38092,10
12.8413600922,80.2272796631,38092,38143,51
12.8413600922,80.2272796631,38143,38153,10
12.8411197662,80.2273406982,38153,38173,20
12.8411197662,80.2273406982,38173,38183,10
12.8409700394,80.2273635864,38183,38193,10
12.8409500122,80.2273712158,38193,38203,10
12.840760231,80.227432251,38203,38254,51
12.840760231,80.227432251,38254,38264,10
12.8403100967,80.2275466919,38264,38305,41
12.8403100967,80.2275466919,38305,38315,10
12.8399801254,80.2276916504,38315,38345,30
12.8399801254,80.2276916504,38345,38355,10
12.8397798538,80.2277297974,38355,38365,10
12.8395500183,80.2277984619,38365,38375,10
12.8389797211,80.227897644,38375,38386,11
12.8381204605,80.2281036377,38386,38396,10
12.8371400833,80.2282562256,38396,38406,10
12.8360004425,80.2284393311,38406,38416,10
12.8347702026,80.2286300659,38416,38426,10
12.8334903717,80.2288589478,38426,38436,10
12.8323202133,80.2291030884,38436,38467,31
12.8323202133,80.2291030884,38467,38477,10
12.8321895599,80.2291107178,38477,38487,10
12.8316497803,80.2292098999,38487,38497,10
12.8308801651,80.2294616699,38497,38507,10
12.8298997879,80.2298126221,38507,38517,10
12.8288402557,80.2302703857,38517,38527,10
12.8278198242,80.2308425903,38527,38537,10
12.826880455,80.231262207,38537,38547,10
12.8256702423,80.2313919067,38547,38558,11
12.8245601654,80.2313537598,38558,38568,10
12.8234996796,80.2310714722,38568,38578,10
12.8223896027,80.23072052,38578,38588,10
12.8213500977,80.2304916382,38588,38598,10
12.8203201294,80.2304763794,38598,38608,10
12.8193101883,80.2304992676,38608,38618,10
12.8188800812,80.2304763794,38618,38628,10
12.8187103271,80.2304000854,38628,38639,11
12.8180999756,80.2301025391,38639,38649,10
12.8172197342,80.2296981812,38649,38659,10
12.8160896301,80.2294311523,38659,38669,10
12.8148403168,80.2292480469,38669,38679,10
12.8135595322,80.2289733887,38679,38689,10
12.8123197556,80.2285385132,38689,38699,10
12.8110399246,80.2280807495,38699,38709,10
12.8098497391,80.2275695801,38709,38720,11
12.8086795807,80.226852417,38720,38730,10
12.8077497482,80.22605896,38730,38740,10
12.8070697784,80.2254867554,38740,38750,10
12.8064699173,80.2249526978,38750,38760,10
12.8058700562,80.2244262695,38760,38770,10
12.8052396774,80.2240524292,38770,38780,10
12.804889679,80.2239837646,38780,38790,10
12.8045797348,80.2239227295,38790,38801,11
12.8039503098,80.2238769531,38801,38811,10
12.8032999039,80.2238311768,38811,38821,10
12.802479744,80.2237319946,38821,38831,10
12.8015499115,80.2236175537,38831,38841,10
12.8007297516,80.2235412598,38841,38851,10
12.7997303009,80.223449707,38851,38861,10
12.7985496521,80.2233505249,38861,38871,10
12.7973299026,80.2232208252,38871,38882,11
12.7961997986,80.2230072021,38882,38892,10
12.7958202362,80.2229537964,38892,38902,10
12.7957601547,80.2229385376,38902,38912,10
12.7953901291,80.222869873,38912,38922,10
12.7947597504,80.2227630615,38922,38932,10
12.7938699722,80.2226409912,38932,38942,10
12.7927799225,80.222442627,38942,38952,10
12.7916202545,80.2221832275,38952,38963,11
12.7903404236,80.221862793,38963,38973,10
12.7895803452,80.2216415405,38973,38983,10
12.7892999649,80.2215270996,38983,38993,10
12.7888402939,80.2213516235,38993,39003,10
12.7882299423,80.2211074829,39003,39013,10
12.7876501083,80.2208786011,39013,39023,10
12.7867698669,80.2205581665,39023,39054,31
12.7867698669,80.2205581665,39054,39064,10
12.7865104675,80.2204208374,39064,39074,10
12.7864999771,80.2204208374,39074,39084,10
12.7863502502,80.2203598022,39084,39104,20
12.7863502502,80.2203598022,39104,39114,10
12.7861604691,80.2203979492,39114,39124,10
12.7861499786,80.220741272,39124,39135,11
12.786190033,80.2211685181,39135,39145,10
12.786239624,80.2215881348,39145,39155,10
12.7861995697,80.2220001221,39155,39975,820
12.7862195969,80.2218170166,39975,39995,20
12.7862195969,80.2218170166,39995,40005,10
12.7861995697,80.2215576172,40005,40015,10
12.786190033,80.2213363647,40015,40026,11
12.7861700058,80.2211608887,40026,40036,10
12.786190033,80.2210388184,40036,40046,10
12.786190033,80.2208480835,40046,40056,10
12.786190033,80.2206420898,40056,40066,10
12.7863197327,80.2203903198,40066,40086,20
12.7863197327,80.2203903198,40086,40096,10
12.7864398956,80.2204208374,40096,40107,11
12.7866802216,80.2205200195,40107,40117,10
12.7871303558,80.2206802368,40117,40127,10
12.7876901627,80.2208862305,40127,40137,10
12.7883796692,80.2211608887,40137,40147,10
12.7890996933,80.2214431763,40147,40157,10
12.7895202637,80.2216033936,40157,40167,10
12.7898902893,80.2217178345,40167,40177,10
12.7905197144,80.2218704224,40177,40188,11
12.7915000916,80.2221221924,40188,40198,10
12.7925395966,80.222366333,40198,40208,10
12.7935495377,80.2225189209,40208,40218,10
12.7945995331,80.2226791382,40218,40228,10
12.7955703735,80.2228469849,40228,40238,10
12.7964296341,80.2229995728,40238,40248,10
12.7973003387,80.22315979,40248,40258,10
12.7983398438,80.2233123779,40258,40269,11
12.7995996475,80.2234191895,40269,40279,10
12.8007698059,80.2235336304,40279,40289,10
12.8014802933,80.2235565186,40289,40299,10
12.8015804291,80.2235717773,40299,40309,10
12.802069664,80.2236175537,40309,40319,10
12.8027801514,80.223739624,40319,40329,10
12.8035402298,80.2238311768,40329,40339,10
12.8042297363,80.2238769531,40339,40350,11
12.8050403595,80.2239837646,40350,40360,10
12.805560112,80.2241210938,40360,40370,10
12.8056898117,80.2241897583,40370,40380,10
12.8060903549,80.2245483398,40380,40390,10
12.8066997528,80.2250900269,40390,40400,10
12.8074398041,80.2257385254,40400,40410,10
12.8083095551,80.2264785767,40410,40420,10
12.8092803955,80.2272415161,40420,40430,10
12.8104496002,80.2277984619,40430,40441,11
12.8118000031,80.2283401489,40441,40451,10
12.813079834,80.2287979126,40451,40461,10
12.8143701553,80.2291793823,40461,40471,10
12.8157196045,80.2293777466,40471,40481,10
12.8170499802,80.2296218872,40481,40491,10
12.81828022,80.2301483154,40491,40501,10
12.8193597794,80.2304763794,40501,40511,10
12.8198795319,80.2304382324,40511,40522,11
12.8200502396,80.2304229736,40522,40532,10
12.8207197189,80.2304077148,40532,40542,10
12.8216104507,80.23046875,40542,40552,10
12.8226900101,80.2307662964,40552,40562,10
12.8238697052,80.2311019897,40562,40572,10
12.8250303268,80.2313690186,40572,40582,10
12.8262701035,80.2313537598,40582,40592,10
12.8274898529,80.2310562134,40592,40603,11
12.8287200928,80.2303466797,40603,40613,10
12.8299198151,80.2298202515,40613,40623,10
12.8308897018,80.2294082642,40623,40633,10
12.8310699463,80.2293395996,40633,40643,10
12.8313398361,80.2292785645,40643,40653,10
12.8319196701,80.2291183472,40653,40663,10
12.8326396942,80.2289810181,40663,40673,10
12.8335695267,80.2287979126,40673,40684,11
12.8348302841,80.2285766602,40684,40694,10
12.8360595703,80.2284011841,40694,40704,10
12.8373498917,80.2282180786,40704,40714,10
12.8385801315,80.2279586792,40714,40724,10
12.8392496109,80.227722168,40724,40734,10
12.8395299911,80.2276000977,40734,40744,10
12.8395996094,80.2275772095,40744,40754,10
12.8399200439,80.2275390625,40754,40765,11
12.8406095505,80.2273864746,40765,40775,10
12.8414201736,80.227180481,40775,40785,10
12.8424396515,80.2269515991,40785,40795,10
12.8436002731,80.2267608643,40795,40805,10
12.8447399139,80.226600647,40805,40815,10
12.8454704285,80.2265625,40815,40825,10
12.8455295563,80.2265625,40825,40835,10
12.8459796906,80.2265777588,40835,40846,11
12.8468399048,80.2265701294,40846,40856,10
12.8476104736,80.2265625,40856,40866,10
12.848279953,80.2265396118,40866,40876,10
12.8491201401,80.2265396118,40876,40886,10
12.8499202728,80.2265167236,40886,40896,10
12.8502197266,80.2265167236,40896,40906,10
12.8508501053,80.2265396118,40906,40916,10
12.8516998291,80.226600647,40916,40927,11
12.8527498245,80.2266464233,40927,40937,10
12.8538599014,80.226600647,40937,40947,10
12.8550395966,80.2264709473,40947,40957,10
12.8562498093,80.2263336182,40957,40967,10
12.8575201035,80.2261810303,40967,40977,10
12.8586797714,80.2261962891,40977,40987,10
12.8599100113,80.2263565063,40987,40997,10
12.8609304428,80.2264785767,40997,41007,10
12.8612804413,80.2265167236,41007,41018,11
12.8620300293,80.2265014648,41018,41028,10
12.862950325,80.2264633179,41028,41038,10
12.8640499115,80.2264785767,41038,41048,10
12.8652496338,80.2265319824,41048,41058,10
12.8662900925,80.2265014648,41058,41068,10
12.8673000336,80.2264175415,41068,41078,10
12.8685102463,80.226348877,41078,41088,10
12.86977005,80.2264633179,41088,41099,11
12.8710298538,80.2265777588,41099,41109,10
12.8720703125,80.226600647,41109,41119,10
12.872710228,80.2266082764,41119,41129,10
12.8728504181,80.2266235352,41129,41139,10
12.8734197617,80.2266464233,41139,41149,10
12.8742303848,80.2267227173,41149,41159,10
12.8752403259,80.226852417,41159,41169,10
12.8761997223,80.2268981934,41169,41180,11
12.8767795563,80.2268676758,41180,41190,10
12.8773603439,80.2268295288,41190,41200,10
12.8781700134,80.2267608643,41200,41210,10
12.8791599274,80.2267074585,41210,41220,10
12.8802700043,80.2266769409,41220,41230,10
12.8814201355,80.2266769409,41230,41240,10
12.882610321,80.2266769409,41240,41250,10
12.8837900162,80.2266693115,41250,41261,11
12.8848104477,80.2266387939,41261,41271,10
12.8853197098,80.2266616821,41271,41281,10
12.8854703903,80.2266769409,41281,41291,10
12.8860197067,80.2268218994,41291,41301,10
12.8868398666,80.2270431519,41301,41311,10
12.8878803253,80.2272109985,41311,41321,10
12.888999939,80.2272872925,41321,41331,10
12.8901796341,80.2273025513,41331,41342,11
12.8914499283,80.2273025513,41342,41352,10
12.8923997879,80.2273635864,41352,41362,10
12.8933296204,80.2274627686,41362,41372,10
12.8944396973,80.2275772095,41372,41382,10
12.8955402374,80.2276229858,41382,41392,10
12.8966398239,80.2276611328,41392,41402,10
12.8976297379,80.2276992798,41402,41412,10
12.8984899521,80.2277603149,41412,41423,11
12.8994398117,80.2278213501,41423,41433,10
12.9001302719,80.2278594971,41433,41443,10
12.9004001617,80.2278366089,41443,41453,10
12.9006099701,80.2278594971,41453,41463,10
12.9009799957,80.2279205322,41463,41473,10
12.9013900757,80.2279510498,41473,41483,10
12.9019002914,80.2279663086,41483,41493,10
12.9023799896,80.228012085,41493,41504,11
12.9024600983,80.2280197144,41504,41514,10
12.9025201797,80.2280273438,41514,41524,10
12.9029197693,80.228012085,41524,41534,10
12.9035701752,80.2280578613,41534,41544,10
12.9043397903,80.2281112671,41544,41554,10
12.904800415,80.2281494141,41554,41564,10
12.9051303864,80.2281723022,41564,41574,10
12.9055099487,80.2281799316,41574,41585,11
12.9058799744,80.2282333374,41585,41595,10
12.9063396454,80.2282485962,41595,41605,10
12.9063997269,80.2282409668,41605,41615,10
12.9065198898,80.2282333374,41615,41625,10
12.9067201614,80.2282409668,41625,41635,10
12.9069900513,80.2282791138,41635,41645,10
12.9076004028,80.2283782959,41645,41655,10
12.9084701538,80.2285079956,41655,41664,9
12.9094696045,80.2286834717,41664,41676,12
12.910949707,80.2289199829,41676,41686,10
12.9122400284,80.2291030884,41686,41696,10
12.9134702682,80.2292785645,41696,41706,10
12.9141597748,80.2293395996,41706,41716,10
12.9143199921,80.2293701172,41716,41726,10
12.9148197174,80.2294311523,41726,41736,10
12.9155397415,80.2295379639,41736,41746,10
12.9165096283,80.2297210693,41746,41757,11
12.9176797867,80.2298736572,41757,41767,10
12.9187803268,80.2300186157,41767,41777,10
12.9198904037,80.2301712036,41777,41787,10
12.921090126,80.2303085327,41787,41797,10
12.9223403931,80.2304763794,41797,41807,10
12.9236297607,80.2306594849,41807,41817,10
12.9249401093,80.2308273315,41817,41827,10
12.9260797501,80.2309570313,41827,41838,11
12.92648983,80.2310028076,41838,41848,10
12.9267196655,80.2310333252,41848,41858,10
12.9273300171,80.231086731,41858,41868,10
12.9281702042,80.2311935425,41868,41878,10
12.9290800095,80.2313537598,41878,41888,10
12.9301204681,80.231590271,41888,41898,10
12.9312601089,80.231918335,41898,41908,10
12.9323701859,80.2322769165,41908,41919,11
12.9334402084,80.2326583862,41919,41929,10
12.9338998795,80.2328491211,41929,41939,10
12.9345798492,80.2331619263,41939,41949,10
12.9353103638,80.2335205078,41949,41959,10
12.9355401993,80.2336502075,41959,41969,10
12.9357500076,80.2337799072,41969,41979,10
12.9361896515,80.2340011597,41979,41989,10
12.9367103577,80.2342376709,41989,42000,11
12.9373102188,80.2345199585,42000,42010,10
12.9380903244,80.2349014282,42010,42020,10
12.9389801025,80.2353210449,42020,42030,10
12.9394903183,80.2356033325,42030,42040,10
12.9397096634,80.235710144,42040,42050,10
12.9400196075,80.2358322144,42050,42060,10
12.9406900406,80.2360610962,42060,42070,10
12.9415597916,80.2362670898,42070,42081,11
12.9426498413,80.2366027832,42081,42091,10
12.9434995651,80.237197876,42091,42101,10
12.9442596436,80.23802948,42101,42111,10
12.9450998306,80.2389373779,42111,42121,10
12.9461402893,80.2395324707,42121,42131,10
12.9470796585,80.2398986816,42131,42141,10
12.9471998215,80.2399597168,42141,42151,10
12.9472799301,80.240020752,42151,42162,11
12.9477300644,80.240196228,42162,42172,10
12.9482498169,80.2404022217,42172,42182,10
12.9487304688,80.2405929565,42182,42192,10
12.949259758,80.2408065796,42192,42202,10
12.9498596191,80.2410202026,42202,42212,10
12.9505901337,80.2412414551,42212,42222,10
12.9508800507,80.2413024902,42222,42232,10
12.9510202408,80.2413482666,42232,42243,11
12.9513902664,80.2415390015,42243,42253,10
12.951880455,80.2417297363,42253,42263,10
12.9525003433,80.2419509888,42263,42273,10
12.9532604218,80.2422409058,42273,42283,10
12.9538202286,80.24243927,42283,42293,10
12.9541501999,80.2425918579,42293,42303,10
12.9547300339,80.2428207397,42303,42313,10
12.955450058,80.2430877686,42313,42324,11
12.9559803009,80.2432403564,42324,42334,10
12.9560403824,80.243270874,42334,42344,10
12.9562702179,80.2433395386,42344,42354,10
12.9565200806,80.2434463501,42354,42364,10
12.9570598602,80.2437210083,42364,42374,10
12.9577302933,80.2440185547,42374,42384,10
12.9584598541,80.2443084717,42384,42394,10
12.9586496353,80.2444534302,42394,42404,10
12.9591503143,80.2446975708,42404,42415,11
12.9599399567,80.2450714111,42415,42425,10
12.9608602524,80.2454605103,42425,42435,10
12.961930275,80.2459564209,42435,42445,10
12.9629402161,80.2464523315,42445,42455,10
12.9637298584,80.2468032837,42455,42465,10
12.964509964,80.2471389771,42465,42475,10
12.965379715,80.2474212646,42475,42485,10
12.9662599564,80.247756958,42485,42496,11
12.9670200348,80.2481002808,42496,42506,10
12.9671602249,80.2481384277,42506,42516,10
12.9674301147,80.248260498,42516,42526,10
12.9681196213,80.2485809326,42526,42536,10
12.9689903259,80.2489013672,42536,42546,10
12.9699602127,80.2492828369,42546,42556,10
12.971039772,80.2496871948,42556,42566,10
12.9722299576,80.2500305176,42566,42577,11
12.9735202789,80.2503585815,42577,42587,10
12.9746398926,80.2506790161,42587,42597,10
12.975810051,80.2510223389,42597,42607,10
12.9769496918,80.2513580322,42607,42617,10
12.977930069,80.2519378662,42617,42627,10
12.9785804749,80.2523727417,42627,42637,10
12.9786100388,80.2523880005,42637,42647,10
12.9794197083,80.2526168823,42647,42668,21
12.9794197083,80.2526168823,42668,42678,10
12.9796304703,80.2526397705,42678,42688,10
12.980099678,80.2526779175,42688,42698,10
12.980629921,80.2526779175,42698,42708,10
12.9813699722,80.2526626587,42708,42718,10
12.982339859,80.2526321411,42718,42728,10
12.9834499359,80.252532959,42728,42739,11
12.984459877,80.2522735596,42739,42749,10
12.9857997894,80.2518997192,42749,42759,10
12.9865598679,80.2517089844,42759,42769,10
12.987159729,80.2515106201,42769,42951,182
12.987159729,80.2515106201,42951,42961,10
12.9874801636,80.2514190674,42961,42971,10
12.9879598618,80.2513427734,42971,42982,11
12.9887800217,80.2511291504,42982,42992,10
12.9894599915,80.2509307861,42992,43002,10
12.9895200729,80.2509307861,43002,43012,10
12.9897003174,80.2509307861,43012,43022,10
12.990240097,80.2508163452,43022,43032,10
12.9910202026,80.250617981,43032,43042,10
12.9919996262,80.2503814697,43042,43052,10
12.9931201935,80.2500915527,43052,43063,11
12.9944400787,80.2497406006,43063,43073,10
12.995639801,80.2494430542,43073,43083,10
12.9966402054,80.2491607666,43083,43093,10
12.9967803955,80.2491226196,43093,43103,10
12.9970598221,80.2490615845,43103,43113,10
12.9976701736,80.248916626,43113,43123,10
12.9985198975,80.2487106323,43123,43133,10
12.9996004105,80.2484436035,43133,43144,11
13.0009202957,80.2481231689,43144,43154,10
13.0020799637,80.2478027344,43154,43164,10
13.0031995773,80.2475814819,43164,43174,10
13.0044403076,80.2473983765,43174,43184,10
13.005610466,80.2472229004,43184,43194,10
13.0064401627,80.2467803955,43194,43204,10
13.0065603256,80.2465133667,43204,43214,10
13.0065898895,80.2464065552,43214,43224,10
13.0066404343,80.24584198,43224,43235,11
13.0066604614,80.2450027466,43235,43245,10
13.0066604614,80.2442169189,43245,43255,10
13.0066299438,80.2433776855,43255,43265,10
13.0066003799,80.2424163818,43265,43275,10
13.0066404343,80.2413711548,43275,43285,10
13.0067195892,80.2406768799,43285,43295,10
13.006770134,80.2403182983,43295,43305,10
13.0068397522,80.2400588989,43305,43316,11
13.0069103241,80.2395401001,43316,43326,10
13.0070695877,80.2387771606,43326,43336,10
13.0072402954,80.2379226685,43336,43346,10
13.0073900223,80.2371368408,43346,43356,10
13.0074901581,80.2366027832,43356,43366,10
13.0076398849,80.2359008789,43366,43376,10
13.007809639,80.2350997925,43376,43386,10
13.0080003738,80.2341995239,43386,43397,11
13.0082502365,80.2330703735,43397,43407,10
13.0084495544,80.2320098877,43407,43417,10
13.0086402893,80.2309265137,43417,43427,10
13.0088796616,80.2297210693,43427,43437,10
13.0091199875,80.2284927368,43437,43447,10
13.0094995499,80.2274780273,43447,43457,10
13.0100002289,80.2264175415,43457,43467,10
13.0104398727,80.2255783081,43467,43478,11
13.0107498169,80.224861145,43478,43488,10
13.0110197067,80.2241668701,43488,43498,10
13.011300087,80.2233734131,43498,43518,20
13.011300087,80.2233734131,43518,43528,10
13.0114202499,80.2232513428,43528,43538,10
13.0116100311,80.2228469849,43538,43548,10
13.0118398666,80.2221679688,43548,43559,11
13.0122900009,80.2215576172,43559,43569,10
13.0124597549,80.2215881348,43569,43579,10
13.0126800537,80.2219467163,43579,43589,10
13.0129003525,80.2223205566,43589,43599,10
13.013420105,80.2228393555,43599,43609,10
13.0139198303,80.2233734131,43609,43619,10
13.0143203735,80.2238464355,43619,43629,10
13.014749527,80.2243728638,43629,43640,11
13.0150403976,80.2246627808,43640,43650,10
13.0152301788,80.2248382568,43650,43660,10
13.0156602859,80.2251434326,43660,43680,20
13.0156602859,80.2251434326,43680,43690,10
13.0158500671,80.2253112793,43690,43700,10
13.0163002014,80.225440979,43700,43710,10
13.0169401169,80.2252578735,43710,43721,11
13.017829895,80.2248687744,43721,43731,10
13.0186700821,80.2245178223,43731,43741,10
13.0194702148,80.2243804932,43741,43771,30
13.0194702148,80.2243804932,43771,43781,10
13.0197296143,80.2245025635,43781,43791,10
13.0199899673,80.2247085571,43791,43802,11
13.0205097198,80.225112915,43802,43812,10
13.0210399628,80.2255020142,43812,43822,10
13.0216302872,80.2259902954,43822,43832,10
13.0222597122,80.2264709473,43832,43842,10
13.0228900909,80.2270126343,43842,43852,10
13.023440361,80.2275466919,43852,43862,10
13.0239801407,80.2280731201,43862,43872,10
13.0242395401,80.2283706665,43872,43903,31
13.0242395401,80.2283706665,43903,43913,10
13.0244102478,80.2286071777,43913,43923,10
13.0242204666,80.2286605835,43923,43933,10
13.0239200592,80.2282791138,43933,43943,10
13.0234699249,80.2277832031,43943,44308,365
13.0234699249,80.2277832031,44308,44318,10
13.0233402252,80.2274398804,44318,44328,10
13.0232696533,80.2273406982,44328,44338,10
13.0230102539,80.2271194458,44338,44348,10
13.0225696564,80.2267608643,44348,44358,10
13.0220298767,80.2263031006,44358,44368,10
13.0213804245,80.2257766724,44368,44379,11
13.0207099915,80.2253036499,44379,44389,10
13.0198497772,80.2247467041,44389,44409,20
13.0198497772,80.2247467041,44409,44419,10
13.0198001862,80.2247390747,44419,44429,10
13.0194501877,80.224571228,44429,44439,10
13.0188102722,80.2245407104,44439,44449,10
13.0180397034,80.224822998,44449,44460,11
13.017080307,80.2252120972,44460,44470,10
13.0163002014,80.2255325317,44470,44480,10
13.0155696869,80.2257614136,44480,44490,10
13.0148897171,80.22605896,44490,44500,10
13.0143098831,80.2263031006,44500,44510,10
13.0142297745,80.2263183594,44510,44520,10
13.0139904022,80.2263717651,44520,44530,10
13.0134801865,80.2265777588,44530,44541,11
13.0127601624,80.2268600464,44541,44551,10
13.0119104385,80.2271881104,44551,44561,10
13.0109395981,80.2275695801,44561,44571,10
13.0100097656,80.2279510498,44571,44581,10
13.0092201233,80.2284088135,44581,44591,10
13.0089702606,80.2291870117,44591,44601,10
13.0087795258,80.2301025391,44601,44611,10
13.0086097717,80.231010437,44611,44622,11
13.0084104538,80.2320327759,44622,44632,10
13.0082397461,80.2328796387,44632,44642,10
13.008190155,80.233543396,44642,44652,10
13.0081996918,80.2335510254,44652,44662,10
13.0081195831,80.2338027954,44662,44672,10
13.008020401,80.2343597412,44672,44682,10
13.0078401566,80.2350387573,44682,44692,10
13.0076599121,80.2359695435,44692,44703,11
13.0074901581,80.2368087769,44703,44713,10
13.007349968,80.2374572754,44713,44723,10
13.0072803497,80.2379837036,44723,44733,10
13.0071802139,80.2385406494,44733,44763,30
13.0071802139,80.2385406494,44763,44773,10
13.0071897507,80.2387008667,44773,44784,11
13.0070800781,80.2389907837,44784,44794,10
13.0069303513,80.2395172119,44794,44804,10
13.0067796707,80.2402801514,44804,44814,10
13.006770134,80.2407302856,44814,44824,10
13.006770134,80.2408599854,44824,44834,10
13.0066900253,80.2413406372,44834,44844,10
13.0066795349,80.2420196533,44844,44854,10
13.0066795349,80.2427520752,44854,44865,11
13.006649971,80.2431488037,44865,44875,10
13.006649971,80.2434310913,44875,44885,10
13.0066204071,80.2437515259,44885,44895,10
13.0065402985,80.2441329956,44895,44905,10
13.0065603256,80.2449417114,44905,44925,20
13.0066299438,80.245300293,44925,44966,41
13.0066299438,80.245300293,44966,44976,10
13.0066900253,80.2457504272,44976,44986,10
13.0066900253,80.2457733154,44986,44996,10
13.0067195892,80.2460098267,44996,45006,10
13.0067195892,80.2463989258,45006,45016,10
13.0067195892,80.2470169067,45016,45027,11
13.0064601898,80.2473983765,45027,45039,12
13.0059404373,80.2473373413,45039,45059,20
13.0059404373,80.2473373413,45059,45069,10
13.0058002472,80.2472610474,45069,45079,10
13.0053501129,80.247253418,45079,45089,10
13.0047397614,80.2473220825,45089,45099,10
13.0039396286,80.247428894,45099,45110,11
13.0031204224,80.2476119995,45110,45120,10
13.0027198792,80.2476806641,45120,45130,10
13.0025701523,80.2476882935,45130,45140,10
13.0023202896,80.2477493286,45140,45150,10
13.0017995834,80.2479019165,45150,45160,10
13.0010900497,80.2481002808,45160,45170,10
13.0002002716,80.248336792,45170,45180,10
12.9991102219,80.2485961914,45180,45191,11
12.9982299805,80.2488632202,45191,45201,10
12.9982099533,80.2488632202,45201,45211,10
12.998049736,80.2488937378,45211,45221,10
12.9975004196,80.2490081787,45221,45231,10
12.9967403412,80.2491989136,45231,45241,10
12.9957895279,80.2494430542,45241,45251,10
12.9947299957,80.2497024536,45251,45261,10
12.9935998917,80.25,45261,45271,10
12.992389679,80.2502975464,45271,45282,11
12.9913396835,80.2506027222,45282,45292,10
12.9912004471,80.250617981,45292,45302,10
12.9909801483,80.2506484985,45302,45312,10
12.9904003143,80.2507400513,45312,45332,20
12.9904003143,80.2507400513,45332,45342,10
12.9903402328,80.250541687,45342,45373,31
12.9903402328,80.250541687,45373,45383,10
12.9899902344,80.2506484985,45383,45393,10
12.9893598557,80.250869751,45393,45403,10
12.9887895584,80.2511520386,45403,45412,9
12.9884004593,80.2512893677,45412,45565,153
12.9884004593,80.2512893677,45565,45575,10
12.9881601334,80.2513198853,45575,45585,10
12.9878702164,80.2513885498,45585,45595,10
12.9873304367,80.2515411377,45595,45606,11
12.9865102768,80.2517700195,45606,45616,10
12.9856700897,80.2519607544,45616,45626,10
12.9846696854,80.252243042,45626,45636,10
12.9835796356,80.252532959,45636,45646,10
12.9824199677,80.2526779175,45646,45656,10
12.9812803268,80.2526931763,45656,45666,10
12.9804801941,80.2527389526,45666,45676,10
12.9799404144,80.252746582,45676,45687,11
12.9795303345,80.2526779175,45687,45697,10
12.9789199829,80.2526321411,45697,45707,10
12.9785995483,80.2525634766,45707,45717,10
12.9785604477,80.2525405884,45717,45727,10
12.9781904221,80.252281189,45727,45737,10
12.9776201248,80.2517623901,45737,45747,10
12.9767904282,80.2512817383,45747,45757,10
12.9757099152,80.2509765625,45757,45768,11
12.974439621,80.2506027222,45768,45777,9
12.9734601974,80.2503204346,45777,45788,11
12.9722003937,80.2499923706,45788,45798,10
12.9711198807,80.2497024536,45798,45808,10
12.97012043,80.2493667603,45808,45818,10
12.969039917,80.248916626,45818,45828,10
12.9679203033,80.2484588623,45828,45838,10
12.9669599533,80.248046875,45838,45848,10
12.965959549,80.2475967407,45848,45859,11
12.9652099609,80.2473602295,45859,45869,10
12.9650297165,80.2473068237,45869,45879,10
12.9648399353,80.2472305298,45879,45889,10
12.9643201828,80.2470397949,45889,45899,10
12.9636297226,80.2467575073,45899,45909,10
12.9628000259,80.2463531494,45909,45919,10
12.9618396759,80.2458572388,45919,45929,10
12.9608402252,80.2453765869,45929,45940,11
12.9597597122,80.2449111938,45940,45950,10
12.9593200684,80.2447509766,45950,45960,10
12.9592599869,80.2447280884,45960,45970,10
12.958820343,80.2445220947,45970,45980,10
12.9582195282,80.2442398071,45980,45990,10
12.9576396942,80.2440109253,45990,46000,10
12.9569702148,80.2436904907,46000,46021,21
12.9569702148,80.2436904907,46021,46031,10
12.9568300247,80.2436218262,46031,46122,91
12.9568300247,80.2436218262,46122,46132,10
12.9564695358,80.2435302734,46132,46142,10
12.9564504623,80.243522644,46142,46152,10
12.9561901093,80.2434234619,46152,46162,10
12.9556598663,80.2432098389,46162,46172,10
12.9549398422,80.2429122925,46172,46183,11
12.9540395737,80.2425613403,46183,46193,10
12.9533500671,80.2422714233,46193,46203,10
12.9526395798,80.2419662476,46203,46213,10
12.9518604279,80.2416915894,46213,46223,10
12.9516401291,80.2416229248,46223,46233,10
12.9513597488,80.2415084839,46233,46243,10
12.9507598877,80.2413101196,46243,46253,10
12.9500303268,80.2410964966,46253,46264,11
12.9490995407,80.2408065796,46264,46274,10
12.9482803345,80.2404708862,46274,46284,10
12.9469995499,80.2399520874,46284,46304,20
12.9469995499,80.2399520874,46304,46314,10
12.9466600418,80.2398071289,46314,46324,10
12.9460296631,80.2395477295,46324,46334,10
12.9452695847,80.2391204834,46334,46345,11
12.9444904327,80.2383117676,46345,46355,10
12.9437503815,80.2374801636,46355,46365,10
12.942899704,80.2366867065,46365,46375,10
12.9417495728,80.2362518311,46375,46385,10
12.9406003952,80.2359771729,46385,46395,10
12.9398002625,80.235748291,46395,46405,10
12.9397001266,80.2357177734,46405,46415,10
12.9394598007,80.2356033325,46415,46425,10
12.9388904572,80.2353210449,46425,46436,11
12.9379997253,80.2348632813,46436,46446,10
12.9370203018,80.2343597412,46446,46456,10
12.9359397888,80.2338485718,46456,46466,10
12.9349498749,80.2333984375,46466,46476,10
12.9340295792,80.233001709,46476,46486,10
12.9338703156,80.2329406738,46486,46496,10
12.9337797165,80.2328720093,46496,46506,10
12.9334402084,80.232711792,46506,46517,11
12.9327602386,80.232421875,46517,46527,10
12.9319295883,80.2321395874,46527,46537,10
12.9308700562,80.2318191528,46537,46547,10
12.9298601151,80.2315292358,46547,46557,10
12.9291496277,80.2313995361,46557,46567,10
12.9286804199,80.2313232422,46567,46577,10
12.9280004501,80.2312011719,46577,46587,10
12.9271202087,80.2311019897,46587,46598,11
12.9261703491,80.231010437,46598,46608,10
12.9259595871,80.2309875488,46608,46618,10
12.9255104065,80.2309188843,46618,46628,10
12.9248600006,80.2308578491,46628,46638,10
12.9240598679,80.230758667,46638,46648,10
12.923119545,80.2306213379,46648,46658,10
12.92208004,80.2304611206,46658,46668,10
12.9209003448,80.2302703857,46668,46679,11
12.919500351,80.2300872803,46679,46689,10
12.9183502197,80.2299423218,46689,46699,10
12.9172401428,80.2298126221,46699,46709,10
12.9161596298,80.2296600342,46709,46719,10
12.9149599075,80.2294769287,46719,46729,10
12.913860321,80.2293319702,46729,46739,10
12.9132204056,80.2292709351,46739,46749,10
12.9132003784,80.2292785645,46749,46760,11
12.9128398895,80.2292098999,46760,46770,10
12.9121704102,80.2291030884,46770,46780,10
12.9112596512,80.2289581299,46780,46790,10
12.9101295471,80.2287902832,46790,46800,10
12.9090003967,80.2286224365,46800,46810,10
12.9079399109,80.2284622192,46810,46820,10
12.9073295593,80.2283630371,46820,46830,10
12.9071102142,80.2283325195,46830,46841,11
12.9065504074,80.2282714844,46841,46851,10
12.9057998657,80.2282028198,46851,46861,10
12.904999733,80.2281417847,46861,46871,10
12.9040603638,80.2280883789,46871,46881,10
12.9030799866,80.2280807495,46881,46891,10
12.9018096924,80.2280197144,46891,46911,20
12.9018096924,80.2280197144,46911,46922,11
12.9015398026,80.2279891968,46922,46932,10
12.9010000229,80.2279586792,46932,46942,10
12.9004001617,80.2279205322,46942,46952,10
12.8998203278,80.227897644,46952,46962,10
12.899310112,80.2278518677,46962,46972,10
12.8986597061,80.2278671265,46972,46982,10
12.8985900879,80.2278594971,46982,46992,10
12.8983898163,80.2278366089,46992,47003,11
12.8978099823,80.2277832031,47003,47013,10
12.8971204758,80.2277526855,47013,47023,10
12.896320343,80.227722168,47023,47033,10
12.8954401016,80.2276611328,47033,47043,10
12.8945398331,80.2276229858,47043,47053,10
12.8934803009,80.2275314331,47053,47063,10
12.892490387,80.2274169922,47063,47073,10
12.8917999268,80.2273635864,47073,47084,11
12.8907499313,80.2273635864,47084,47094,10
12.8895597458,80.2273712158,47094,47104,10
12.8883800507,80.2273483276,47104,47114,10
12.8872098923,80.2272109985,47114,47124,10
12.8859901428,80.2269210815,47124,47134,10
12.884929657,80.2267532349,47134,47144,10
12.8846197128,80.2267532349,47144,47154,10
12.8842802048,80.2267303467,47154,47164,10
12.8834695816,80.2267379761,47164,47175,11
12.8824701309,80.2267303467,47175,47185,10
12.8812904358,80.2267303467,47185,47195,10
12.8800201416,80.2267532349,47195,47205,10
12.8787097931,80.2267990112,47205,47215,10
12.8775100708,80.2268981934,47215,47225,10
12.8765602112,80.2270126343,47225,47235,10
12.8761796951,80.2270278931,47235,47245,10
12.8758602142,80.2270202637,47245,47256,11
12.8751497269,80.2269515991,47256,47266,10
12.8742904663,80.2268295288,47266,47276,10
12.873339653,80.2267303467,47276,47286,10
12.8724298477,80.2267227173,47286,47296,10
12.8712997437,80.2266693115,47296,47306,10
12.870059967,80.2265777588,47306,47316,10
12.8687601089,80.2264328003,47316,47326,10
12.8674201965,80.2264633179,47326,47337,11
12.8661003113,80.2265777588,47337,47347,10
12.8649196625,80.2265930176,47347,47357,10
12.863699913,80.2265396118,47357,47367,10
12.862449646,80.2265396118,47367,47377,10
12.8613595963,80.226600647,47377,47387,10
12.8603096008,80.2265167236,47387,47397,10
12.8592596054,80.2263793945,47397,47407,10
12.8582897186,80.2262802124,47407,47418,11
12.8569898605,80.2263336182,47418,47428,10
12.8557195663,80.2264633179,47428,47438,10
12.8544597626,80.2266235352,47438,47448,10
12.8531904221,80.2267379761,47448,47458,10
12.8518896103,80.2266998291,47458,47468,10
12.8507404327,80.2266464233,47468,47478,10
12.849729538,80.2265930176,47478,47488,10
12.8486700058,80.2265930176,47488,47499,11
12.8474998474,80.2265930176,47499,47509,10
12.8464403152,80.226600647,47509,47519,10
12.8460102081,80.2265930176,47519,47529,10
12.8458204269,80.2265777588,47529,47539,10
12.8453302383,80.2266235352,47539,47549,10
12.8452796936,80.2266082764,47549,47559,10
12.8451499939,80.226600647,47559,47569,10
12.8447399139,80.2266235352,47569,47580,11
12.8440599442,80.2266769409,47580,47590,10
12.8432598114,80.2268066406,47590,47600,10
12.8422603607,80.2269973755,47600,47610,10
12.8411397934,80.2272720337,47610,47620,10
12.8402900696,80.2275314331,47620,47630,10
12.8397598267,80.2277832031,47630,47650,20
12.8397598267,80.2277832031,47650,47661,11
12.8396596909,80.2278213501,47661,47671,10
12.8393802643,80.2278671265,47671,47681,10
12.8388204575,80.2279586792,47681,47691,10
12.8381004333,80.2281265259,47691,47701,10
12.8371601105,80.228302002,47701,47711,10
12.8361196518,80.2284622192,47711,47721,10
12.8350095749,80.2286224365,47721,47731,10
12.8338098526,80.2288208008,47731,47741,10
12.8325901031,80.2290420532,47741,47752,11
12.8318099976,80.2292098999,47752,47762,10
12.8316497803,80.2291793823,47762,47772,10
12.8315696716,80.2288589478,47772,47782,10
12.831489563,80.2285232544,47782,47802,20
12.831489563,80.2285232544,47802,47812,10
12.8314800262,80.2284088135,47812,47822,10
12.8313999176,80.2279815674,47822,47833,11
12.8312397003,80.2272567749,47833,47843,10
12.8310604095,80.2263793945,47843,47853,10
12.8310403824,80.2253265381,47853,47863,10
12.8310403824,80.2247390747,47863,47873,10
12.8310499191,80.2242965698,47873,47883,10
12.8310604095,80.2235336304,47883,47893,10
12.8310604095,80.2226104736,47893,47903,10
12.8310499191,80.2221374512,47903,47914,11
12.8310699463,80.221496582,47914,47924,10
12.8310899734,80.2206726074,47924,47934,10
12.8310804367,80.2199707031,47934,47944,10
12.8310203552,80.2195510864,47944,47954,10
12.830499649,80.2194366455,47954,47964,10
12.8296804428,80.2194290161,47964,47974,10
12.828669548,80.2194213867,47974,47984,10
12.8276700974,80.2194366455,47984,48005,21
12.8276700974,80.2194366455,48005,48015,10
12.8275699615,80.2194595337,48015,48025,10
12.8271398544,80.2194366455,48025,48035,10
12.8266096115,80.2194213867,48035,48045,10
12.8261003494,80.2194213867,48045,48055,10
12.8256998062,80.2193984985,48055,48065,10
12.8252401352,80.2194213867,48065,48076,11
12.8251695633,80.2194366455,48076,48086,10
12.8246097565,80.2193908691,48086,48096,10
12.8238096237,80.2193984985,48096,48106,10
12.8230199814,80.2193984985,48106,48116,10
12.8228597641,80.2193984985,48116,48126,10
12.8225698471,80.2191772461,48126,48136,10
12.8225498199,80.2188568115,48136,48146,10
12.8225698471,80.2183227539,48146,48157,11
12.8225803375,80.217376709,48157,48167,10
12.8226003647,80.2165222168,48167,48177,10
12.8226099014,80.2160568237,48177,48187,10
12.822719574,80.215927124,48187,48197,10
12.8229799271,80.215927124,48197,48207,10
12.823390007,80.2159500122,48207,48217,10
12.823849678,80.2159729004,48217,48227,10
12.8243198395,80.2159729004,48227,48238,11
12.824640274,80.2159729004,48238,48248,10
12.8246898651,80.2159805298,48248,48258,10
12.8252096176,80.2159881592,48258,48501,243
12.8252096176,80.2159881592,48501,48511,10
12.8254404068,80.2160568237,48511,48521,10
12.8256797791,80.2160568237,48521,48531,10
12.8258600235,80.2161636353,48531,48541,10
12.8258800507,80.2165603638,48541,48551,10
12.8258600235,80.217086792,48551,48562,11
12.8258600235,80.2177963257,48562,48572,10
12.8258495331,80.2185821533,48572,48585,13
12.8258600235,80.2192306519,48585,48595,10
12.8260002136,80.2194213867,48595,48605,10
12.8264198303,80.219367981,48605,48615,10
12.8266801834,80.2193832397,48615,48625,10
12.8273000717,80.2193832397,48625,48646,21
12.8273000717,80.2193832397,48646,48656,10
12.8275604248,80.2193908691,48656,48666,10
12.8277196884,80.2193908691,48666,48676,10
12.828209877,80.2193832397,48676,48686,10
12.8289299011,80.219367981,48686,48696,10
12.8297395706,80.2193984985,48696,48706,10
12.8305597305,80.2193984985,48706,48716,10
12.830909729,80.2194213867,48716,48727,11
12.8311796188,80.2197799683,48727,48737,10
12.8311395645,80.2204284668,48737,48747,10
12.8311100006,80.2212219238,48747,48757,10
12.8311195374,80.2219619751,48757,48767,10
12.8311300278,80.2223129272,48767,48777,10
12.8311300278,80.2229690552,48777,48787,10
12.8311300278,80.2239074707,48787,48797,10
12.8311300278,80.2245864868,48797,48808,11
12.8311004639,80.2250900269,48808,48818,10
12.8311004639,80.2258911133,48818,48828,10
12.8312196732,80.2269287109,48828,48838,10
12.8314599991,80.2281112671,48838,48848,10
12.8316402435,80.2288589478,48848,48858,10
12.8316602707,80.2289123535,48858,48868,10
12.8316698074,80.2289581299,48868,48878,10
12.8317699432,80.2291793823,48878,48888,10
12.8322496414,80.2290802002,48888,48899,11
12.8331604004,80.2288970947,48899,48909,10
12.834230423,80.2286987305,48909,48919,10
12.8354301453,80.2284927368,48919,48929,10
12.836689949,80.2283096313,48929,48939,10
12.8379201889,80.2281036377,48939,48949,10
12.8388996124,80.2278366089,48949,48959,10
12.83934021,80.2276535034,48959,48969,10
12.8395795822,80.2275772095,48969,48980,11
12.8399496078,80.2275238037,48980,48990,10
12.8405199051,80.2274017334,48990,49000,10
12.8412799835,80.2271881104,49000,49010,10
12.8421497345,80.2269821167,49010,49020,10
12.8431501389,80.2267990112,49020,49030,10
12.8441200256,80.2266616821,49030,49040,10
12.8454704285,80.2265319824,49040,49061,21
12.8454704285,80.2265319824,49061,49071,10
12.8457698822,80.2265090942,49071,49081,10
12.8463401794,80.2265090942,49081,49091,10
12.8472003937,80.2265090942,49091,49101,10
12.8482999802,80.2265319824,49101,49111,10
12.8494701385,80.2265319824,49111,49121,10
12.8501796722,80.2265319824,49121,49131,10
12.8507995605,80.2265625,49131,49142,11
12.8517599106,80.226600647,49142,49152,10
12.8528795242,80.2266387939,49152,49162,10
12.8541402817,80.2265625,49162,49172,10
12.8554601669,80.2264175415,49172,49182,10
12.8568296432,80.2262802124,49182,49192,10
12.8581800461,80.2261810303,49192,49202,10
12.8594398499,80.22631073,49202,49212,10
12.8605003357,80.2264633179,49212,49223,11
12.8608503342,80.2265014648,49223,49233,10
12.8612699509,80.2265167236,49233,49243,10
12.862039566,80.2265014648,49243,49253,10
12.8630304337,80.2264404297,49253,49263,10
12.8640899658,80.2264633179,49263,49273,10
12.8652000427,80.2265319824,49273,49283,10
12.8662595749,80.2265014648,49283,49293,10
12.8670902252,80.2264480591,49293,49304,11
12.8682098389,80.2263412476,49304,49314,10
12.8692398071,80.2264022827,49314,49324,10
12.8702802658,80.2265090942,49324,49334,10
12.8713598251,80.2265930176,49334,49344,10
12.8724098206,80.226600647,49344,49354,10
12.8728704453,80.2266082764,49354,49364,10
12.8729400635,80.2266082764,49364,49374,10
12.8734302521,80.2266235352,49374,49385,11
12.874329567,80.2267227173,49385,49395,10
12.8753700256,80.226852417,49395,49405,10
12.8763799667,80.2268829346,49405,49415,10
12.8767700195,80.226852417,49415,49425,10
12.8770198822,80.2268295288,49425,49435,10
12.8776903152,80.2267913818,49435,49445,10
12.8786001205,80.2267303467,49445,49455,10
12.8797101974,80.2266921997,49455,49466,11
12.8808403015,80.2266769409,49466,49476,10
12.8819599152,80.2266769409,49476,49486,10
12.8830900192,80.2266616821,49486,49496,10
12.88422966,80.2266464233,49496,49506,10
12.8850698471,80.2266387939,49506,49516,10
12.8859701157,80.2268066406,49516,49526,10
12.8869400024,80.2270584106,49526,49536,10
12.8879804611,80.2272186279,49536,49546,10
12.8890600204,80.2272796631,49546,49557,11
12.8903303146,80.2272796631,49557,49567,10
12.891500473,80.2273025513,49567,49577,10
12.892490387,80.2273330688,49577,49587,10
12.8934698105,80.2274627686,49587,49597,10
12.8945598602,80.2275695801,49597,49607,10
12.8956604004,80.2276229858,49607,49617,10
12.8968601227,80.2276611328,49617,49627,10
12.8980503082,80.2277297974,49627,49638,11
12.899140358,80.2277984619,49638,49648,10
12.9000701904,80.2277984619,49648,49668,20
12.9000701904,80.2277984619,49668,49678,10
12.9002504349,80.2278213501,49678,49688,10
12.9006204605,80.2278518677,49688,49698,10
12.90102005,80.227897644,49698,49708,10
12.9013700485,80.2279205322,49708,49719,11
12.901720047,80.2279586792,49719,49729,10
12.9021396637,80.2279663086,49729,49739,10
12.9022302628,80.2279663086,49739,49749,10
12.9023799896,80.2279815674,49749,49759,10
12.9025497437,80.2279891968,49759,49769,10
12.9030599594,80.228012085,49769,49779,10
12.9038000107,80.2280502319,49779,49789,10
12.9046401978,80.2281036377,49789,49800,11
12.9054603577,80.2281265259,49800,49810,10
12.9059200287,80.2281570435,49810,49820,10
12.9062299728,80.2281723022,49820,49830,10
12.9064998627,80.2281799316,49830,49840,10
12.9065198898,80.2281723022,49840,49850,10
12.9067401886,80.2282028198,49850,49860,10
12.9071998596,80.2282562256,49860,49870,10
12.9079399109,80.2283706665,49870,49881,11
12.9090995789,80.2285766602,49881,49891,10
12.9103603363,80.2287826538,49891,49901,10
12.911649704,80.2289810181,49901,49911,10
12.9128503799,80.2291564941,49911,49921,10
12.9136695862,80.2292480469,49921,49931,10
12.9139995575,80.2293014526,49931,49941,10
12.9141998291,80.2293395996,49941,49951,10
12.9147901535,80.2294235229,49951,49962,11
12.9156799316,80.2295608521,49962,49972,10
12.9166097641,80.2296981812,49972,49982,10
12.9175596237,80.2298126221,49982,49992,10
12.9185400009,80.2299499512,49992,50002,10
12.9194803238,80.2300720215,50002,50012,10
12.9205703735,80.2302017212,50012,50022,10
12.9217195511,80.2303466797,50022,50032,10
12.9228401184,80.2305221558,50032,50043,11
12.9240102768,80.2306900024,50043,50053,10
12.9250297546,80.230796814,50053,50063,10
12.9260997772,80.2309188843,50063,50073,10
12.9270401001,80.2310180664,50073,50083,10
12.9280395508,80.2311401367,50083,50093,10
12.9289102554,80.2312774658,50093,50103,10
12.9297800064,80.2314682007,50103,50113,10
12.9306898117,80.2316970825,50113,50124,11
12.9316396713,80.2320098877,50124,50134,10
12.9323196411,80.2322387695,50134,50144,10
12.9331302643,80.2325286865,50144,50154,10
12.9336700439,80.2327575684,50154,50164,10
12.933719635,80.2327804565,50164,50174,10
12.9340896606,80.2329483032,50174,50184,10
12.9347801208,80.2332611084,50184,50194,10
12.9354600906,80.233581543,50194,50204,10
12.9357404709,80.2337112427,50204,50215,11
12.9360103607,80.2338409424,50215,50225,10
12.9365997314,80.2341308594,50225,50235,10
12.9373903275,80.2344970703,50235,50245,10
12.9383497238,80.2349700928,50245,50255,10
12.9392499924,80.2354202271,50255,50265,10
12.939740181,80.2356567383,50265,50275,10
12.9397497177,80.2356796265,50275,50284,9
12.9401197433,80.2358474731,50284,50296,12
12.9409599304,80.2360916138,50296,50306,10
12.9418897629,80.2363128662,50306,50316,10
12.942899704,80.2366867065,50316,50326,10
12.9437503815,80.2374191284,50326,50336,10
12.9445400238,80.23828125,50336,50346,10
12.9451599121,80.2389602661,50346,50356,10
12.9463396072,80.239616394,50356,50366,10
12.9472503662,80.2399978638,50366,50377,11
12.9479103088,80.2402191162,50377,50387,10
12.9479198456,80.2402191162,50387,50397,10
12.9483098984,80.2403869629,50397,50407,10
12.9488401413,80.2406005859,50407,50447,40
12.9488401413,80.2406005859,50447,50458,11
12.9489002228,80.2406387329,50458,50468,10
12.9491996765,80.2408218384,50468,50478,10
12.9498701096,80.2410202026,50478,50488,10
12.9506597519,80.2412490845,50488,50498,10
12.9510498047,80.2413635254,50498,50508,10
12.951210022,80.2414169312,50508,50518,10
12.9516201019,80.2415390015,50518,50528,10
12.9521598816,80.2417526245,50528,50539,11
12.9527997971,80.2419891357,50539,50549,10
12.9535303116,80.2422790527,50549,50559,10
12.9542398453,80.2425689697,50559,50569,10
12.9548397064,80.2427978516,50569,50579,10
12.9553203583,80.2429885864,50579,50589,10
12.9558801651,80.2432022095,50589,50599,10
12.9563503265,80.243347168,50599,50640,41
12.9563503265,80.243347168,50640,50650,10
12.9564800262,80.2433776855,50650,50660,10
12.9569597244,80.243598938,50660,50670,10
12.9576101303,80.2438964844,50670,50680,10
12.9581003189,80.2441101074,50680,50690,10
12.9586496353,80.2443237305,50690,50701,11
12.9587001801,80.2443695068,50701,50711,10
12.9587802887,80.2444610596,50711,50721,10
12.9590501785,80.2445831299,50721,50731,10
12.9594802856,80.244758606,50731,50741,10
12.9601402283,80.2450637817,50741,50751,10
12.9609203339,80.2453994751,50751,50761,10
12.9617300034,80.2457885742,50761,50771,10
12.9625101089,80.2461700439,50771,50782,11
12.963259697,80.2465515137,50782,50832,50
12.963259697,80.2465515137,50832,50842,10
12.9635696411,80.2466888428,50842,50852,10
12.964220047,80.2469711304,50852,50863,11
12.9651498795,80.2472991943,50863,50873,10
12.9660596848,80.2476425171,50873,50883,10
12.9670295715,80.2480392456,50883,50903,20
12.9670295715,80.2480392456,50903,50913,10
12.9673204422,80.2482070923,50913,50923,10
12.9679803848,80.2484817505,50923,50933,10
12.9688396454,80.2488174438,50933,50944,11
12.9698200226,80.249206543,50944,50954,10
12.9705200195,80.2494812012,50954,50964,10
12.9710597992,80.2496414185,50964,50974,10
12.9718704224,80.2498703003,50974,50984,10
12.9728803635,80.2501373291,50984,50994,10
12.9736995697,80.2503585815,50994,51004,10
12.9745597839,80.250617981,51004,51014,10
12.9755802155,80.2509002686,51014,51024,10
12.9766798019,80.2512207031,51024,51035,11
12.9778203964,80.2518234253,51035,51045,10
12.9784603119,80.2522888184,51045,51055,10
12.9785499573,80.2523422241,51055,51065,10
12.9785604477,80.2523574829,51065,51075,10
12.9789400101,80.2525177002,51075,51085,10
12.9796800613,80.2526397705,51085,51095,10
12.9805002213,80.2526779175,51095,51105,10
12.9811401367,80.2526626587,51105,51116,11
12.9821100235,80.2526321411,51116,51126,10
12.9832401276,80.2525482178,51126,51136,10
12.9842996597,80.2522888184,51136,51146,10
12.984919548,80.2520904541,51146,51156,10
12.9851903915,80.2520217896,51156,51166,10
12.9855203629,80.2519378662,51166,51176,10
12.9861803055,80.251739502,51176,51207,31
12.9861803055,80.251739502,51207,51217,10
12.986410141,80.2516403198,51217,51298,81
12.986410141,80.2516403198,51298,51308,10
12.9867095947,80.2515716553,51308,51318,10
12.9871101379,80.2514572144,51318,51328,10
12.9875602722,80.2513275146,51328,51338,10
12.9881801605,80.2512130737,51338,51348,10
12.9890098572,80.2510070801,51348,51359,11
12.9895296097,80.2508621216,51359,51369,10
12.9895896912,80.250831604,51369,51379,10
12.9900398254,80.2507476807,51379,51389,10
12.9907598495,80.250579834,51389,51399,10
12.9916601181,80.2503585815,51399,51409,10
12.9926595688,80.2501068115,51409,51419,10
12.9937400818,80.2498321533,51419,51429,10
12.9948501587,80.2495498657,51429,51440,11
12.9960203171,80.2492523193,51440,51450,10
12.9966201782,80.2490692139,51450,51460,10
12.9967699051,80.2490615845,51460,51470,10
12.9973297119,80.2489395142,51470,51480,10
12.9981098175,80.2487487793,51480,51490,10
12.9990997314,80.2484970093,51490,51500,10
13.0002202988,80.2482223511,51500,51510,10
13.0013198853,80.2479400635,51510,51521,11
13.0023899078,80.2476730347,51521,51531,10
13.0034399033,80.2474822998,51531,51541,10
13.0045995712,80.2473220825,51541,51551,10
13.0056400299,80.2471313477,51551,51561,10
13.0065002441,80.2464828491,51561,51581,20
13.0065002441,80.2464828491,51581,51591,10
13.0065603256,80.2463531494,51591,51602,11
13.0066299438,80.2458114624,51602,51612,10
13.0066404343,80.2451782227,51612,51622,10
13.0066204071,80.2445678711,51622,51632,10
13.0066099167,80.2440795898,51632,51642,10
13.0066003799,80.2436523438,51642,51652,10
13.0065803528,80.2431030273,51652,51662,10
13.0065698624,80.2423095703,51662,51672,10
13.0065898895,80.2414474487,51672,51683,11
13.0067300797,80.240562439,51683,51693,10
13.0069303513,80.2394104004,51693,51703,10
13.0071296692,80.2383728027,51703,51713,10
13.0073204041,80.2375411987,51713,51723,10
13.0074100494,80.2368164063,51723,51733,10
13.0074901581,80.2365112305,51733,51743,10
13.007519722,80.2364578247,51743,51753,10
13.007610321,80.2360610962,51753,51764,11
13.0077495575,80.2353820801,51764,51774,10
13.0077800751,80.2351989746,51774,51784,10
13.0078401566,80.2349700928,51784,51794,10
13.0079603195,80.2343978882,51794,51804,10
13.0081195831,80.2335586548,51804,51814,10
13.0083503723,80.2324676514,51814,51824,10
13.0085897446,80.2312011719,51824,51834,10
13.0088596344,80.2298431396,51834,51844,10
13.0091199875,80.2285308838,51844,51855,11
13.0095300674,80.2274398804,51855,51865,10
13.010020256,80.2263565063,51865,51875,10
13.0104398727,80.2256164551,51875,51885,10
13.0107002258,80.2250595093,51885,51895,10
13.0109100342,80.2244796753,51895,51905,10
13.0111598969,80.2238998413,51905,51915,10
13.0114002228,80.2232971191,51915,51925,10
13.0116596222,80.2226104736,51925,51936,11
13.0120096207,80.2217025757,51936,51946,10
13.0123596191,80.2214889526,51946,51956,10
13.0126495361,80.2219161987,51956,51966,10
13.012840271,80.2221908569,51966,51976,10
13.0132598877,80.222618103,51976,51986,10
13.0138502121,80.2233123779,51986,51996,10
13.01445961,80.2239074707,51996,52006,10
13.0150403976,80.2245483398,52006,52017,11
13.01541996,80.2249069214,52017,52027,10
13.0155096054,80.2250213623,52027,52037,10
13.0155696869,80.2251586914,52037,52047,10
13.0159301758,80.2253570557,52047,52057,10
13.0164899826,80.2253417969,52057,52067,10
13.016960144,80.2251586914,52067,52077,10
13.0178604126,80.2247924805,52077,52087,10
13.0186901093,80.2244415283,52087,52098,11
13.0193996429,80.2243423462,52098,52118,20
13.0193996429,80.2243423462,52118,52128,10
13.0195903778,80.2245178223,52128,52138,10
13.0200395584,80.224822998,52138,52148,10
13.0205001831,80.2251281738,52148,52158,10
13.0209102631,80.2254180908,52158,52168,10
13.0212898254,80.225730896,52168,52179,11
13.021900177,80.2261810303,52179,52189,10
13.022480011,80.2266464233,52189,52200,11
13.0229797363,80.2271194458,52200,52210,10
13.0233697891,80.2275009155,52210,52220,10
13.0237398148,80.2278137207,52220,52230,10
13.0242996216,80.2284317017,52230,52250,20
13.0242996216,80.2284317017,52250,52261,11
13.0243701935,80.228477478,52261,52271,10
13.0242996216,80.2286224365,52271,52281,10
13.0241003036,80.2283782959,52281,52291,10
13.023730278,80.2279205322,52291,52301,10
13.0231800079,80.2273635864,52301,52311,10
13.0225200653,80.2267303467,52311,52321,10
13.0217695236,80.2261123657,52321,52331,10
13.0210695267,80.2255401611,52331,52342,11
13.0203199387,80.2250289917,52342,52352,10
13.0198602676,80.2247009277,52352,52382,30
13.0198602676,80.2247009277,52382,52392,10
13.0197401047,80.224647522,52392,52402,10
13.0192203522,80.2244567871,52402,52412,10
13.0184803009,80.2246017456,52412,52423,11
13.0176801682,80.2249221802,52423,52433,10
13.0169296265,80.225227356,52433,52443,10
13.0163497925,80.225479126,52443,52453,10
13.0157699585,80.2256393433,52453,52463,10
13.015250206,80.2258605957,52463,52473,10
13.0148200989,80.2259902954,52473,52524,51
13.0148200989,80.2259902954,52524,52534,10
13.0145301819,80.2261734009,52534,52544,10
13.0142498016,80.2262191772,52544,52554,10
13.0141401291,80.2257537842,52554,52787,233
13.0141401291,80.2257537842,52787,52797,10
13.0142297745,80.2255706787,52797,52807,10
13.014380455,80.2252578735,52807,52817,10
13.0141897202,80.2253036499,52817,52828,11
13.0142097473,80.2255401611,52828,52979,151
13.0142097473,80.2255401611,52979,52990,11
13.0142202377,80.2261962891,52990,53040,50
13.0142202377,80.2261962891,53040,53050,10
13.0140399933,80.2263183594,53050,53060,10
13.0134296417,80.2265472412,53060,53070,10
13.012550354,80.2269210815,53070,53081,11
13.0113697052,80.2273635864,53081,53091,10
13.0102996826,80.2277832031,53091,53101,10
13.0095996857,80.2277374268,53101,53111,10
13.0097503662,80.2271270752,53111,53121,10
13.0101203918,80.226348877,53121,53131,10
13.010430336,80.2256622314,53131,53141,10
13.01060009,80.2252197266,53141,53151,10
13.0108003616,80.224937439,53151,53162,11
13.0109901428,80.2243881226,53162,53172,10
13.0112400055,80.2236785889,53172,53182,10
13.0115804672,80.223487854,53182,53192,10
13.0121498108,80.2238006592,53192,53202,10
13.0127496719,80.2241973877,53202,53212,10
13.0136995316,80.2245635986,53212,53222,10
13.0144395828,80.2249526978,53222,53232,10
13.015080452,80.2252731323,53232,53243,11
13.01541996,80.2253417969,53243,53253,10
13.0158500671,80.2253112793,53253,53263,10
13.0164804459,80.2253112793,53263,53273,10
13.0173397064,80.2249832153,53273,53283,10
13.0182600021,80.224609375,53283,53293,10
13.0191402435,80.2243423462,53293,53303,10
13.0195798874,80.2244796753,53303,53324,21
13.0195798874,80.2244796753,53324,53334,10
13.0197200775,80.2245330811,53334,53344,10
13.0201396942,80.224822998,53344,53354,10
13.0207796097,80.2252807617,53354,53364,10
13.0214796066,80.2258224487,53364,53374,10
13.0223703384,80.2265396118,53374,53384,10
13.0232095718,80.2272720337,53384,53394,10
13.0239496231,80.2279281616,53394,53405,11
13.0243701935,80.2283630371,53405,53455,50
13.0243701935,80.2283630371,53455,53465,10
13.0242795944,80.2285766602,53465,53475,10
13.0240001678,80.2283477783,53475,53486,11
13.023730278,80.2279586792,53486,53496,10
13.0234098434,80.2276306152,53496,53506,10
13.0231895447,80.227432251,53506,53637,131
13.0231895447,80.227432251,53637,53648,11
13.022939682,80.2269363403,53648,53658,10
13.0223798752,80.2264709473,53658,53668,10
13.0216903687,80.2259292603,53668,53678,10
13.0210695267,80.2254867554,53678,53688,10
13.0204200745,80.2250595093,53688,53698,10
13.0198497772,80.2246627808,53698,53708,10
13.018989563,80.2243728638,53708,53718,10
13.0179195404,80.2248001099,53718,53729,11
13.0167102814,80.2252807617,53729,53739,10
13.0157804489,80.2256164551,53739,53749,10
13.0148601532,80.2259902954,53749,53759,10
13.0142498016,80.2262420654,53759,53769,10
13.0140695572,80.22631073,53769,53779,10
13.0135097504,80.2265319824,53779,53789,10
13.0126495361,80.2268295288,53789,53799,10
13.0115995407,80.2272567749,53799,53809,10
13.0105199814,80.2276992798,53809,53820,11
13.0095300674,80.2281417847,53820,53830,10
13.0090799332,80.2288589478,53830,53840,10
13.0088596344,80.2299118042,53840,53850,10
13.0086803436,80.2309188843,53850,53860,10
13.0084695816,80.2318878174,53860,53870,10
13.0082902908,80.2328796387,53870,53880,10
13.0082197189,80.2335281372,53880,53890,10
13.008099556,80.2339401245,53890,53901,11
13.0079498291,80.2347106934,53901,53911,10
13.0077800751,80.2355575562,53911,53921,10
13.0075902939,80.2364883423,53921,53931,10
13.0073795319,80.2375335693,53931,53941,10
13.0071401596,80.2386627197,53941,53951,10
13.0069198608,80.2397613525,53951,53961,10
13.0067195892,80.2407531738,53961,53971,10
13.0066299438,80.2416381836,53971,53982,11
13.0066299438,80.2426605225,53982,53992,10
13.0066404343,80.2435531616,53992,54002,10
13.0066003799,80.244468689,54002,54012,10
13.0066099167,80.245300293,54012,54022,10
13.0066604614,80.2459106445,54022,54032,10
13.0066900253,80.2464599609,54032,54042,10
13.0066900253,80.2471923828,54042,54052,10
13.0062303543,80.2473983765,54052,54063,11
13.0060100555,80.2473678589,54063,54073,10
13.005399704,80.2473068237,54073,54083,10
13.0045499802,80.2473602295,54083,54093,10
13.0034999847,80.2474975586,54093,54103,10
13.0025196075,80.2476730347,54103,54113,10
13.0018396378,80.247833252,54113,54123,10
13.0009002686,80.2480697632,54123,54133,10
12.9998102188,80.248336792,54133,54144,11
12.9984998703,80.2486724854,54144,54154,10
12.9972200394,80.2489929199,54154,54164,10
12.9959001541,80.2493209839,54164,54174,10
12.9945802689,80.2496566772,54174,54184,10
12.9932603836,80.2500076294,54184,54194,10
12.9919996262,80.2503433228,54194,54204,10
12.9911403656,80.250579834,54204,54214,10
12.9910001755,80.2506027222,54214,54225,11
12.9903802872,80.2507400513,54225,54235,10
12.9894599915,80.2509613037,54235,54245,10
12.9880104065,80.2513885498,54245,54366,121
12.9880104065,80.2513885498,54366,54376,10
12.9876098633,80.2514038086,54376,54387,11
12.9869003296,80.2516098022,54387,54397,10
12.9862604141,80.2517776489,54397,54407,10
12.9854698181,80.2519683838,54407,54417,10
12.9843702316,80.2522735596,54417,54427,10
12.9831399918,80.252571106,54427,54437,10
12.9818201065,80.2526626587,54437,54447,10
12.9806604385,80.2527236938,54447,54456,9
12.9800300598,80.252746582,54456,54468,12
12.9789896011,80.2526321411,54468,54478,10
12.9786195755,80.2525634766,54478,54488,10
12.9783802032,80.2524337769,54488,54498,10
12.9778499603,80.251991272,54498,54508,10
12.9770002365,80.2513809204,54508,54518,10
12.975810051,80.2510070801,54518,54528,10
12.9745597839,80.2506408691,54528,54538,10
12.9732398987,80.2502822876,54538,54548,10
12.9719200134,80.2499237061,54548,54559,11
12.9705200195,80.2495269775,54559,54569,10
12.9692602158,80.2490386963,54569,54579,10
12.9680404663,80.248588562,54579,54589,10
12.9668798447,80.2480773926,54589,54599,10
12.965880394,80.2476196289,54599,54609,10
12.9651203156,80.2473373413,54609,54619,10
12.9647798538,80.2472686768,54619,54629,10
12.964630127,80.2471923828,54629,54640,11
12.9639902115,80.2469329834,54640,54650,10
12.9632196426,80.2465667725,54650,54660,10
12.9622001648,80.2460479736,54660,54670,10
12.9610795975,80.2454986572,54670,54680,10
12.9601202011,80.2450714111,54680,54690,10
12.9593696594,80.2447509766,54690,54700,10
12.9592399597,80.2446975708,54700,54710,10
12.9588098526,80.2444763184,54710,54721,11
12.958029747,80.244140625,54721,54731,10
12.9574298859,80.2439422607,54731,54741,10
12.9565601349,80.2437210083,54741,54791,50
12.9565601349,80.2437210083,54791,54802,11
12.9561595917,80.2435913086,54802,54812,10
12.9555797577,80.2432403564,54812,54822,10
12.9547300339,80.2428207397,54822,54832,10
12.9537000656,80.242401123,54832,54842,10
12.9527397156,80.2420196533,54842,54852,10
12.9518098831,80.2416992188,54852,54862,10
12.9515695572,80.2416229248,54862,54872,10
12.951210022,80.2414703369,54872,54883,11
12.9503898621,80.2411804199,54883,54893,10
12.9494495392,80.2409133911,54893,54903,10
12.9489297867,80.240737915,54903,54913,10
12.9483995438,80.2405090332,54913,54923,10
12.9476203918,80.2401885986,54923,54933,10
12.9470796585,80.239982605,54933,54943,10
12.9467802048,80.2398376465,54943,54953,10
12.9461202621,80.2395629883,54953,54964,11
12.9451999664,80.2390518188,54964,54974,10
12.9443597794,80.2382125854,54974,54984,10
12.943479538,80.2373123169,54984,54994,10
12.9424104691,80.2364883423,54994,55004,10
12.9411096573,80.2361221313,55004,55014,10
12.9401798248,80.2359008789,55014,55024,10
12.939789772,80.2357788086,55024,55034,10
12.9396696091,80.235710144,55034,55045,11
12.9389696121,80.2353820801,55045,55055,10
12.9381103516,80.2349395752,55055,55065,10
12.9371204376,80.2344589233,55065,55075,10
12.9362897873,80.2340621948,55075,55085,10
12.9358797073,80.2338790894,55085,55095,10
12.9357299805,80.2338027954,55095,55105,10
12.9350795746,80.2334899902,55105,55115,10
12.9342403412,80.2331237793,55115,55125,10
12.9338502884,80.2329406738,55125,55136,11
12.9335603714,80.2328033447,55136,55146,10
12.9329204559,80.2324981689,55146,55156,10
12.9320201874,80.2321929932,55156,55166,10
12.9308795929,80.2318191528,55166,55176,10
12.9298000336,80.2315216064,55176,55186,10
12.9288902283,80.2313308716,55186,55196,10
12.9278497696,80.2311630249,55196,55206,10
12.9266004562,80.2310180664,55206,55217,11
12.9259996414,80.2309799194,55217,55227,10
12.9257802963,80.2309417725,55227,55237,10
12.9251804352,80.2308578491,55237,55247,10
12.9243497849,80.230758667,55247,55257,10
12.9232997894,80.2306213379,55257,55267,10
12.9220895767,80.2304229736,55267,55277,10
12.9207801819,80.2302322388,55277,55287,10
12.9194602966,80.2300720215,55287,55298,11
12.9183301926,80.2299194336,55298,55308,10
12.9171800613,80.2297592163,55308,55318,10
12.9160203934,80.2296066284,55318,55328,10
12.9148902893,80.2294616699,55328,55338,10
12.9139099121,80.2293319702,55338,55348,10
12.9134397507,80.2292861938,55348,55358,10
12.9133796692,80.2292785645,55358,55368,10
12.9129104614,80.2292022705,55368,55379,11
12.9119997025,80.2290725708,55379,55389,10
12.9109096527,80.2289199829,55389,55399,10
12.9097003937,80.228729248,55399,55409,10
12.9084796906,80.2285232544,55409,55419,10
12.9070796967,80.2283325195,55419,55460,41
12.9070796967,80.2283325195,55460,55470,10
12.9068098068,80.228302002,55470,55480,10
12.9063596725,80.2282409668,55480,55490,10
12.905579567,80.2282028198,55490,55500,10
12.9045000076,80.2281417847,55500,55510,10
12.9032802582,80.2280807495,55510,55520,10
12.9020500183,80.228012085,55520,55530,10
12.9011802673,80.2279663086,55530,55541,11
12.9003400803,80.227897644,55541,55551,10
12.8993196487,80.2278366089,55551,55571,20
12.8993196487,80.2278366089,55571,55581,10
12.8992395401,80.2278366089,55581,55591,10
12.8987798691,80.2277984619,55591,55601,10
12.8980102539,80.2277526855,55601,55611,10
12.8970403671,80.2276916504,55611,55622,11
12.8957595825,80.2276382446,55622,55632,10
12.8945102692,80.2276000977,55632,55642,10
12.8932504654,80.2274703979,55642,55652,10
12.8922996521,80.2273635864,55652,55662,10
12.8912801743,80.2273330688,55662,55672,10
12.890080452,80.2273406982,55672,55682,10
12.8888597488,80.2273483276,55682,55692,10
12.8877000809,80.2272720337,55692,55703,11
12.8864097595,80.2270278931,55703,55713,10
12.8854503632,80.2268066406,55713,55723,10
12.8849496841,80.2267303467,55723,55733,10
12.8848695755,80.2267303467,55733,55743,10
12.8845100403,80.2267074585,55743,55753,10
12.8838100433,80.2267227173,55753,55763,10
12.8828601837,80.2267303467,55763,55773,10
12.8816995621,80.2267227173,55773,55784,11
12.8803195953,80.2267379761,55784,55794,10
12.8789997101,80.2267684937,55794,55804,10
12.8777399063,80.226852417,55804,55814,10
12.8766698837,80.2269668579,55814,55824,10
12.8757295609,80.2269821167,55824,55834,10
12.8745603561,80.2268600464,55834,55844,10
12.8734102249,80.2267303467,55844,55854,10
12.8727197647,80.2267303467,55854,55865,11
12.8717498779,80.2266998291,55865,55875,10
12.8706102371,80.2266387939,55875,55885,10
12.8693799973,80.2265090942,55885,55895,10
12.8681201935,80.2264099121,55895,55905,10
12.8668298721,80.2265167236,55905,55915,10
12.865530014,80.2266311646,55915,55925,10
12.8642101288,80.2265777588,55925,55935,10
12.8628797531,80.2265625,55935,55945,10
12.8617095947,80.2266235352,55945,55956,11
12.8610200882,80.2266235352,55956,55966,10
12.8607797623,80.2266235352,55966,55976,10
12.8602399826,80.2265396118,55976,55986,10
12.8593902588,80.2264099121,55986,55996,10
12.8583097458,80.2262573242,55996,56006,10
12.8570995331,80.2262878418,56006,56016,10
12.8558301926,80.2264328003,56016,56026,10
12.8545103073,80.2265625,56026,56037,11
12.8530101776,80.2266921997,56037,56047,10
12.8516197205,80.2266387939,56047,56057,10
12.8502101898,80.226600647,56057,56067,10
12.8488101959,80.226600647,56067,56077,10
12.8474798203,80.2266082764,56077,56087,10
12.8463096619,80.2266387939,56087,56097,10
12.8455400467,80.2266387939,56097,56107,10
12.8454799652,80.2266311646,56107,56118,11
12.8450498581,80.2266235352,56118,56128,10
12.8442897797,80.2266921997,56128,56138,10
12.843290329,80.2268218994,56138,56148,10
12.8421001434,80.2270431519,56148,56158,10
12.8408699036,80.2273483276,56158,56168,10
12.840089798,80.2275695801,56168,56178,10
12.8396501541,80.2276763916,56178,56188,10
12.8394699097,80.2277297974,56188,56199,11
12.8388299942,80.2279205322,56199,56209,10
12.83796978,80.2281417847,56209,56219,10
12.8368701935,80.2283172607,56219,56229,10
12.8356399536,80.2285079956,56229,56239,10
12.8343400955,80.2287063599,56239,56249,10
12.8330202103,80.2289505005,56249,56259,10
12.8319396973,80.2291564941,56259,56269,10
12.831580162,80.2290725708,56269,56280,11
12.8315296173,80.2288818359,56280,56290,10
12.8315496445,80.2287979126,56290,56300,10
12.8314599991,80.2283401489,56300,56310,10
12.831319809,80.2275619507,56310,56320,10
12.8311004639,80.2265396118,56320,56330,10
12.8310499191,80.2253189087,56330,56340,10
12.8310403824,80.2247009277,56340,56350,10
12.8310699463,80.2242507935,56350,56361,11
12.8310804367,80.2233810425,56361,56371,10
12.8310804367,80.2224273682,56371,56381,10
12.8310899734,80.222038269,56381,56391,10
12.8310804367,80.2214279175,56391,56401,10
12.8310899734,80.2205429077,56401,56411,10
12.8310699463,80.2197265625,56411,56421,10
12.8308696747,80.2194595337,56421,56431,10
12.830039978,80.2194595337,56431,56442,11
12.828909874,80.2194671631,56442,56452,10
12.8278503418,80.2194900513,56452,56462,10
12.8274803162,80.2194824219,56462,56472,10
12.8274097443,80.2194824219,56472,56482,10
12.8273801804,80.2194824219,56482,56492,10
12.8269300461,80.2194595337,56492,56502,10
12.826210022,80.2194595337,56502,56512,10
12.8258600235,80.2193374634,56512,56523,11
12.8258199692,80.2192001343,56523,56533,10
12.8258695602,80.2188110352,56533,56543,10
12.8258600235,80.2180328369,56543,56553,10
12.8258600235,80.2169418335,56553,56563,10
12.8257799149,80.2160568237,56563,56573,10
12.8254404068,80.2160186768,56573,56583,10
12.8248596191,80.2160415649,56583,56816,233
12.8247098923,80.2160415649,56816,56836,20
12.8245401382,80.2160568237,56836,56867,31
12.8245401382,80.2160568237,56867,56877,10
12.8244800568,80.2160415649,56877,56887,10
12.8240499496,80.2160110474,56887,56897,10
12.8233098984,80.2160110474,56897,56907,10
12.8227996826,80.216003418,56907,56917,10
12.8226804733,80.2161483765,56917,56928,11
12.8226804733,80.2163314819,56928,56938,10
12.8226804733,80.2168502808,56938,56948,10
12.8226604462,80.2175979614,56948,56958,10
12.8226299286,80.2185592651,56958,56968,10
12.8226604462,80.2191390991,56968,56978,10
12.8226604462,80.2193069458,56978,56988,10
12.8228197098,80.2193984985,56988,56998,10
12.8234901428,80.2194519043,56998,57008,10
12.8244104385,80.2194595337,57008,57019,11
12.825340271,80.2195129395,57019,57029,10
12.8254699707,80.2195205688,57029,57039,10
12.8257398605,80.2195281982,57039,57049,10
12.8263597488,80.2194976807,57049,57059,10
12.8270397186,80.2194976807,57059,57069,10
12.8276195526,80.2194595337,57069,57089,20
12.8276195526,80.2194595337,57089,57100,11
12.8279495239,80.2194824219,57100,57110,10
12.8286399841,80.2194900513,57110,57120,10
12.8295698166,80.2194900513,57120,57130,10
12.830619812,80.2194900513,57130,57140,10
12.8309497833,80.219543457,57140,57150,10
12.8311300278,80.2197265625,57150,57160,10
12.8311700821,80.2203216553,57160,57170,10
12.8311595917,80.2211914063,57170,57181,11
12.8311395645,80.2221069336,57181,57191,10
12.8311300278,80.2225189209,57191,57201,10
12.8311300278,80.2232894897,57201,57211,10
12.8311300278,80.2242736816,57211,57221,10
12.8311395645,80.2247390747,57221,57231,10
12.8311300278,80.2253189087,57231,57241,10
12.8311300278,80.2261810303,57241,57251,10
12.8312997818,80.2272262573,57251,57262,11
12.831580162,80.2285232544,57262,57272,10
12.8318395615,80.2291564941,57272,57282,10
12.831990242,80.2291107178,57282,57292,10
12.832449913,80.2289962769,57292,57302,10
12.8332700729,80.2288894653,57302,57312,10
12.8343601227,80.2287597656,57312,57322,10
12.835559845,80.2285766602,57322,57332,10
12.8368396759,80.2283706665,57332,57343,11
12.8381500244,80.2281417847,57343,57353,10
12.8389997482,80.2278900146,57353,57363,10
12.8393096924,80.2277679443,57363,57383,20
12.8394804001,80.2276916504,57383,57403,20
12.8394804001,80.2276916504,57403,57413,10
12.8396596909,80.2276229858,57413,57424,11
12.8402700424,80.2275390625,57424,57434,10
12.8410797119,80.2273330688,57434,57444,10
12.842089653,80.2270431519,57444,57454,10
12.8433103561,80.2268829346,57454,57464,10
12.8445501328,80.2266998291,57464,57474,10
12.8453702927,80.2266082764,57474,57484,10
12.8453903198,80.226600647,57484,57494,10
12.8455200195,80.2265625,57494,57505,11
12.845749855,80.2265930176,57505,57515,10
12.8458595276,80.2266311646,57515,57525,10
12.8463401794,80.2266235352,57525,57535,10
12.8471298218,80.2265777588,57535,57545,10
12.8480796814,80.2265472412,57545,57555,10
12.849149704,80.2265319824,57555,57565,10
12.8500099182,80.2265319824,57565,57586,21
12.8500099182,80.2265319824,57586,57596,10
12.8501901627,80.2265701294,57596,57606,10
12.8507604599,80.2265777588,57606,57616,10
12.8515901566,80.2266082764,57616,57626,10
12.8526096344,80.2266616821,57626,57636,10
12.8537902832,80.2266387939,57636,57646,10
12.8550300598,80.2265167236,57646,57656,10
12.8563203812,80.2263793945,57656,57667,11
12.8576698303,80.2262420654,57667,57677,10
12.8585300446,80.2262573242,57677,57687,10
12.85916996,80.22631073,57687,57697,10
12.8600502014,80.2264328003,57697,57707,10
12.8607902527,80.2265396118,57707,57717,10
12.8610601425,80.2264862061,57717,57727,10
12.8616504669,80.2265014648,57727,57737,10
12.8624897003,80.2264785767,57737,57747,10
12.8635101318,80.2264633179,57747,57758,11
12.864859581,80.2265319824,57758,57768,10
12.8661403656,80.2265319824,57768,57778,10
12.8674602509,80.2264175415,57778,57788,10
12.8688297272,80.2263793945,57788,57798,10
12.8702201843,80.2265625,57798,57808,10
12.8715600967,80.2266387939,57808,57818,10
12.8726797104,80.2266387939,57818,57828,10
12.8729496002,80.2266387939,57828,57839,11
12.8732795715,80.2266464233,57839,57849,10
12.8739595413,80.2266998291,57849,57859,10
12.8748598099,80.2268218994,57859,57869,10
12.8758897781,80.2269210815,57869,57879,10
12.8763103485,80.2269363403,57879,57889,10
12.8765802383,80.2269134521,57889,57899,10
12.8767499924,80.2269134521,57899,57909,10
12.876950264,80.2269210815,57909,57920,11
12.8776302338,80.2268371582,57920,57930,10
12.8784999847,80.2267608643,57930,57940,10
12.8795604706,80.2266921997,57940,57950,10
12.8807401657,80.2266693115,57950,57960,10
12.8819704056,80.2266921997,57960,57970,10
12.8832197189,80.2266769409,57970,57979,9
12.884180069,80.2266769409,57979,57990,11
12.8847904205,80.2266693115,57990,58001,11
12.8851804733,80.2266769409,58001,58011,10
12.885219574,80.2266921997,58011,58021,10
12.8856801987,80.2267990112,58021,58031,10
12.8864002228,80.2269821167,58031,58041,10
12.887339592,80.2272033691,58041,58051,10
12.888469696,80.2273178101,58051,58061,10
12.8897199631,80.2273330688,58061,58071,10
12.8908996582,80.2273178101,58071,58082,11
12.8922395706,80.2273330688,58082,58092,10
12.8926000595,80.2273483276,58092,58102,10
12.8930997849,80.2274398804,58102,58112,10
12.8938798904,80.2275466919,58112,58122,10
12.8948497772,80.2276229858,58122,58132,10
12.8960199356,80.2276763916,58132,58142,10
12.8972702026,80.2277374268,58142,58152,10
12.8985204697,80.2277984619,58152,58163,11
12.9002199173,80.2278366089,58163,58193,30
12.9002199173,80.2278366089,58193,58203,10
12.9003896713,80.2278823853,58203,58213,10
12.9007797241,80.2279281616,58213,58223,10
12.9011297226,80.2279586792,58223,58233,10
12.9013595581,80.2279663086,58233,58244,11
12.9020204544,80.2279968262,58244,58254,10
12.9026699066,80.2280273438,58254,58264,10
12.9027795792,80.2280426025,58264,58274,10
12.9032201767,80.2280807495,58274,58284,10
12.903960228,80.2281188965,58284,58294,10
12.9048595428,80.2281799316,58294,58304,10
12.9059801102,80.2282714844,58304,58365,61
12.9059801102,80.2282714844,58365,58375,10
12.9062795639,80.2283172607,58375,58385,10
12.9068698883,80.2283477783,58385,58395,10
12.9073400497,80.2283782959,58395,58406,11
12.9079399109,80.2284698486,58406,58416,10
12.9088001251,80.2285995483,58416,58426,10
12.9098997116,80.2287826538,58426,58436,10
12.9111204147,80.2289581299,58436,58446,10
12.9121704102,80.2291107178,58446,58456,10
12.9131498337,80.2292633057,58456,58466,10
12.9137802124,80.2293319702,58466,58476,10
12.9138202667,80.2293395996,58476,58486,10
12.913860321,80.2293624878,58486,58497,11
12.9143400192,80.2294082642,58497,58507,10
12.9150295258,80.2295227051,58507,58517,10
12.9159002304,80.229637146,58517,58527,10
12.9169797897,80.2297821045,58527,58537,10
12.9181499481,80.2299499512,58537,58547,10
12.9190397263,80.2300720215,58547,58557,10
12.9192304611,80.2301101685,58557,58567,10
12.9195604324,80.2301635742,58567,58578,11
12.9202804565,80.2302398682,58578,58588,10
12.9211597443,80.2303619385,58588,58598,10
12.9222297668,80.2305297852,58598,58608,10
12.9233903885,80.2306976318,58608,58618,10
12.9246397018,80.2308273315,58618,58628,10
12.9258003235,80.2309494019,58628,58638,10
12.9262599945,80.2310028076,58638,58648,10
12.9262895584,80.2310028076,58648,58659,11
12.926779747,80.231086731,58659,58669,10
12.9275102615,80.2311935425,58669,58679,10
12.9284095764,80.2313232422,58679,58689,10
12.9294204712,80.2314834595,58689,58699,10
12.9304199219,80.2317123413,58699,58709,10
12.931520462,80.2320327759,58709,58719,10
12.9326601028,80.2323989868,58719,58729,10
12.9334402084,80.232711792,58729,58740,11
12.9336795807,80.2328186035,58740,58750,10
12.9338502884,80.2329177856,58750,58760,10
12.9343500137,80.2331314087,58760,58770,10
12.9350099564,80.2333984375,58770,58780,10
12.9356603622,80.2337112427,58780,58790,10
12.9363698959,80.2340621948,58790,58800,10
12.9372196198,80.2344589233,58800,58810,10
12.9382095337,80.2349777222,58810,58821,11
12.9392795563,80.2355194092,58821,58831,10
12.9399995804,80.2358322144,58831,58841,10
12.9401197433,80.2358932495,58841,58851,10
12.9405899048,80.2360229492,58851,58861,10
12.9411697388,80.2361831665,58861,58871,10
12.9422397614,80.2364425659,58871,58881,10
12.9432001114,80.2369308472,58881,58891,10
12.9440202713,80.23777771,58891,58902,11
12.9449501038,80.238822937,58902,58912,10
12.9459600449,80.2395401001,58912,58922,10
12.9469604492,80.2399215698,58922,58932,10
12.9471998215,80.2400131226,58932,58942,10
12.9473400116,80.2400817871,58942,58952,10
12.9478397369,80.240272522,58952,58962,10
12.9484195709,80.2405014038,58962,58972,10
12.9486598969,80.2405929565,58972,58983,11
12.9490003586,80.2407302856,58983,58993,10
12.9495401382,80.2409362793,58993,59003,10
12.9502496719,80.2411499023,59003,59013,10
12.9511003494,80.2413864136,59013,59033,20
12.9511003494,80.2413864136,59033,59043,10
12.9514303207,80.2415390015,59043,59053,10
12.9520397186,80.2417907715,59053,59064,11
12.9528999329,80.2421188354,59064,59074,10
12.9537000656,80.2424316406,59074,59084,10
12.9544696808,80.242729187,59084,59094,10
12.9551200867,80.2429580688,59094,59104,10
12.9560203552,80.2433395386,59104,59185,81
12.9563703537,80.2434768677,59185,59205,20
12.9563703537,80.2434768677,59205,59215,10
12.9567499161,80.2436218262,59215,59226,11
12.9575099945,80.243927002,59226,59236,10
12.9582300186,80.2442398071,59236,59246,10
12.9587602615,80.2444610596,59246,59256,10
12.9588499069,80.2445297241,59256,59266,10
12.9592695236,80.244720459,59266,59276,10
12.9599599838,80.2450180054,59276,59286,10
12.9608001709,80.2453994751,59286,59296,10
12.9617204666,80.2458190918,59296,59306,10
12.9625997543,80.2462768555,59306,59317,11
12.963060379,80.2465362549,59317,59347,30
12.963060379,80.2465362549,59347,59357,10
12.9632997513,80.246711731,59357,59367,10
12.9637498856,80.2469100952,59367,59377,10
12.9644498825,80.2471618652,59377,59387,10
12.9651699066,80.247428894,59387,59399,12
12.9660196304,80.2477264404,59399,59409,10
12.9668102264,80.2480773926,59409,59419,10
12.9670200348,80.2481307983,59419,59429,10
12.9672298431,80.2482070923,59429,59440,11
12.9678602219,80.2484970093,59440,59449,9
12.9686803818,80.248840332,59449,59460,11
12.9695396423,80.2491989136,59460,59470,10
12.9708595276,80.2497024536,59470,59481,11
12.9722003937,80.250038147,59481,59491,10
12.973449707,80.250328064,59491,59501,10
12.9746904373,80.2506790161,59501,59511,10
12.9759302139,80.2510223389,59511,59521,10
12.9770698547,80.2513809204,59521,59531,10
12.9784297943,80.2523117065,59531,59551,20
12.9784297943,80.2523117065,59551,59562,11
12.9786996841,80.2524795532,59562,59572,10
12.9793395996,80.2526397705,59572,59582,10
12.9800796509,80.2526931763,59582,59592,10
12.9808502197,80.2526702881,59592,59602,10
12.9817800522,80.2526473999,59602,59612,10
12.9827804565,80.2526092529,59612,59622,10
12.9837703705,80.2524414063,59622,59632,10
12.9846496582,80.2522125244,59632,59643,11
12.9854097366,80.2519989014,59643,59653,10
12.9861097336,80.2518081665,59653,59794,141
12.9861097336,80.2518081665,59794,59805,11
12.9863901138,80.2517166138,59805,59815,10
12.9868898392,80.2515869141,59815,59825,10
12.9873800278,80.2514419556,59825,59835,10
12.9877700806,80.2513580322,59835,59845,10
12.9883403778,80.2512283325,59845,59855,10
12.9895095825,80.2509307861,59855,59875,20
12.9895095825,80.2509307861,59875,59886,11
12.9898996353,80.2508621216,59886,59896,10
12.9905700684,80.2507019043,59896,59906,10
12.991399765,80.25050354,59906,59916,10
12.9923801422,80.2502593994,59916,59926,10
12.9934196472,80.25,59926,59936,10
12.9944801331,80.249710083,59936,59946,10
12.9955101013,80.2494125366,59946,59956,10
12.9968004227,80.2490997314,59956,59997,41
12.9968004227,80.2490997314,59997,60007,10
12.9969902039,80.2490692139,60007,60017,10
12.9975004196,80.2489395142,60017,60027,10
12.9982404709,80.2487564087,60027,60037,10
12.9991397858,80.2485733032,60037,60048,11
13.0002298355,80.2483062744,60048,60058,10
13.0012702942,80.248046875,60058,60068,10
13.0022201538,80.2478027344,60068,60078,10
13.0031995773,80.2475891113,60078,60088,10
13.0043201447,80.2474136353,60088,60098,10
13.0054197311,80.2472229004,60098,60108,10
13.0062999725,80.2468566895,60108,60118,10
13.0065402985,80.246421814,60118,60129,11
13.0065402985,80.2464065552,60129,60139,10
13.0065803528,80.2463226318,60139,60149,10
13.0066299438,80.2459335327,60149,60159,10
13.0066404343,80.2453613281,60159,60169,10
13.0066404343,80.2449035645,60169,60179,10
13.0066404343,80.2445983887,60179,60189,10
13.0066204071,80.2442779541,60189,60199,10
13.0066404343,80.2439727783,60199,60210,11
13.0066299438,80.243560791,60210,60220,10
13.0066099167,80.2427978516,60220,60230,10
13.0065803528,80.2417831421,60230,60240,10
13.0066099167,80.2410507202,60240,60250,10
13.0066404343,80.2407989502,60250,60260,10
13.0066795349,80.2406005859,60260,60270,10
13.0067501068,80.2402496338,60270,60280,10
13.0069198608,80.2397003174,60280,60290,10
13.007060051,80.2386779785,60290,60301,11
13.0072498322,80.2377166748,60301,60311,10
13.0073795319,80.236907959,60311,60321,10
13.0074300766,80.2366409302,60321,60331,10
13.0074396133,80.2365722656,60331,60341,10
13.0075502396,80.2362365723,60341,60351,10
13.0076704025,80.2356185913,60351,60361,10
13.0078201294,80.2348175049,60361,60371,10
13.0079898834,80.234046936,60371,60382,11
13.0082397461,80.2327804565,60382,60392,10
13.0084400177,80.2317199707,60392,60402,10
13.0086402893,80.230682373,60402,60412,10
13.0088596344,80.2295684814,60412,60422,10
13.0090999603,80.2284698486,60422,60432,10
13.0095396042,80.2273864746,60432,60442,10
13.010020256,80.2263412476,60442,60452,10
13.0104703903,80.225479126,60452,60463,11
13.0108604431,80.2246627808,60463,60473,10
13.0112199783,80.2238388062,60473,60483,10
13.0115804672,80.2229995728,60483,60493,10
13.0118598938,80.2221603394,60493,60503,10
13.0120897293,80.2216186523,60503,60513,10
13.0123195648,80.2215499878,60513,60523,10
13.0125303268,80.2217712402,60523,60533,10
13.0129404068,80.2222900391,60533,60544,11
13.0134000778,80.2227935791,60544,60554,10
13.0136804581,80.2230987549,60554,60564,10
13.0139198303,80.2233734131,60564,60574,10
13.0141496658,80.2236480713,60574,60584,10
13.0143604279,80.2239990234,60584,60594,10
13.0148801804,80.2245407104,60594,60604,10
13.0154895782,80.2250595093,60604,60614,10
13.0156402588,80.2251586914,60614,60625,11
13.0157804489,80.2251968384,60625,60635,10
13.0162801743,80.2253265381,60635,60645,10
13.0170898438,80.225112915,60645,60655,10
13.017999649,80.2247619629,60655,60665,10
13.0188598633,80.2244186401,60665,60675,10
13.0194101334,80.2243270874,60675,60695,20
13.0194101334,80.2243270874,60695,60706,11
13.0196504593,80.2244567871,60706,60716,10
13.0200195313,80.2247161865,60716,60726,10
13.0202798843,80.2249221802,60726,60736,10
13.0205097198,80.2250900269,60736,60746,10
13.0208501816,80.2253417969,60746,60756,10
13.0212097168,80.2256317139,60756,60766,10
13.0213603973,80.2257614136,60766,60776,10
13.0215902328,80.2258987427,60776,61090,314
13.0215902328,80.2258987427,61090,61100,10
13.0217695236,80.2260513306,61100,61111,11
13.0221700668,80.2263565063,61111,61121,10
13.0225400925,80.2266693115,61121,61131,10
13.0228700638,80.2269821167,61131,61141,10
13.0230102539,80.2271194458,61141,61151,10
13.0232000351,80.2273330688,61151,61161,10
13.0233602524,80.2274932861,61161,61171,10
13.0236301422,80.2276916504,61171,61192,21
13.0236301422,80.2276916504,61192,61202,10
13.0237398148,80.2277832031,61202,61212,10
13.0239295959,80.2279663086,61212,61222,10
13.0240802765,80.2281417847,61222,61232,10
13.0242700577,80.2283782959,61232,61364,132
13.0242700577,80.2283782959,61364,61374,10
13.0243797302,80.2286224365,61374,61384,10
13.0241003036,80.2284698486,61384,61394,10
13.0237998962,80.2280731201,61394,61404,10
13.0233697891,80.2276611328,61404,61657,253
13.0233697891,80.2276611328,61657,61667,10
13.0233402252,80.2274475098,61667,61678,11
13.022939682,80.2270507813,61678,61688,10
13.0224199295,80.2266082764,61688,61698,10
13.0218296051,80.2261581421,61698,61708,10
13.0212898254,80.2257385254,61708,61718,10
13.0207996368,80.2253799438,61718,61728,10
13.0204801559,80.2251815796,61728,61738,10
13.020409584,80.2251281738,61738,61748,10
13.0202198029,80.2250213623,61748,61758,10
13.0198001862,80.2247314453,61758,61769,11
13.0191001892,80.2244873047,61769,61779,10
13.0183200836,80.2247009277,61779,61789,10
13.0175104141,80.2250366211,61789,61799,10
13.0168199539,80.2253265381,61799,61809,10
13.0164299011,80.225479126,61809,61819,10
13.0159902573,80.2256317139,61819,61829,10
13.0153903961,80.2258377075,61829,61839,10
13.0147199631,80.2261199951,61839,61850,11
13.0144195557,80.2262420654,61850,61860,10
13.0143995285,80.2262496948,61860,61870,10
13.0142097473,80.2263031006,61870,61880,10
13.0137500763,80.2264709473,61880,61890,10
13.0130300522,80.2267532349,61890,61900,10
13.0122003555,80.2270889282,61900,61910,10
13.0113296509,80.2274398804,61910,61920,10
13.0103797913,80.2278366089,61920,61931,11
13.0093202591,80.2283096313,61931,61941,10
13.0090198517,80.2292098999,61941,61951,10
13.0088195801,80.2303237915,61951,61961,10
13.008600235,80.2314987183,61961,61971,10
13.0083999634,80.2324981689,61971,61981,10
13.0082798004,80.2332992554,61981,61991,10
13.0081996918,80.2337188721,61991,62001,10
13.0081596375,80.233833313,62001,62012,11
13.0080404282,80.2343215942,62012,62022,10
13.0079402924,80.2348403931,62022,62032,10
13.0079202652,80.2349777222,62032,62042,10
13.007900238,80.2351074219,62042,62052,10
13.0077896118,80.2356719971,62052,62062,10
13.0076198578,80.2365493774,62062,62072,10
13.007399559,80.2375793457,62072,62082,10
13.007229805,80.2385635376,62082,62093,11
13.0070400238,80.2395477295,62093,62103,10
13.0068502426,80.2406921387,62103,62123,20
13.0068502426,80.2406921387,62123,62133,10
13.0068302155,80.2407989502,62133,62143,10
13.0067596436,80.2412033081,62143,62153,10
13.0067300797,80.2417526245,62153,62163,10
13.0067100525,80.2424163818,62163,62174,11
13.0066604614,80.2433319092,62174,62184,10
13.0066795349,80.2439727783,62184,62194,10
13.0066699982,80.244140625,62194,62204,10
13.0066604614,80.2444076538,62204,62214,10
13.0066795349,80.244972229,62214,62224,10
13.0066995621,80.2455596924,62224,62234,10
13.0067195892,80.245880127,62234,62244,10
13.0067396164,80.2463684082,62244,62255,11
13.0067596436,80.2469329834,62255,62265,10
13.0067796707,80.247177124,62265,62275,10
13.0067501068,80.2473297119,62275,62295,20
13.0067501068,80.2473297119,62295,62305,10
13.0066795349,80.247428894,62305,62315,10
13.0061998367,80.247428894,62315,62336,21
13.0061998367,80.247428894,62336,62346,10
13.005979538,80.2473373413,62346,62356,10
13.0055103302,80.2473297119,62356,62366,10
13.0047798157,80.2473373413,62366,62376,10
13.0038404465,80.2474517822,62376,62386,10
13.0027303696,80.2476501465,62386,62396,10
13.0016803741,80.2479095459,62396,62406,10
13.0005598068,80.2481994629,62406,62416,10
12.999420166,80.2484893799,62416,62427,11
12.9982795715,80.2488174438,62427,62437,10
12.9980602264,80.2488937378,62437,62447,10
12.9978399277,80.2489395142,62447,62457,10
12.9972600937,80.2490386963,62457,62467,10
12.996430397,80.249206543,62467,62477,10
12.9954795837,80.2494506836,62477,62487,10
12.9944801331,80.2497177124,62487,62497,10
12.9934396744,80.25,62497,62508,11
12.9922704697,80.2502975464,62508,62518,10
12.9913797379,80.250541687,62518,62528,10
12.9910202026,80.2506484985,62528,62538,10
12.9907503128,80.2506790161,62538,62548,10
12.9901399612,80.250831604,62548,62558,10
12.9892902374,80.2510375977,62558,62568,10
12.9885597229,80.2512512207,62568,62761,193
12.9885597229,80.2512512207,62761,62771,10
12.9882898331,80.2512435913,62771,62781,10
12.9880104065,80.2513275146,62781,62791,10
12.987660408,80.2514190674,62791,62801,10
12.9872598648,80.2515487671,62801,62811,10
12.986869812,80.2516784668,62811,62821,10
12.9862203598,80.2518615723,62821,62832,11
12.985329628,80.2520904541,62832,62842,10
12.9845104218,80.2523193359,62842,62852,10
12.9837598801,80.2525177002,62852,62862,10
12.9829797745,80.2526626587,62862,62872,10
12.9820995331,80.2527084351,62872,62882,10
12.9812202454,80.2527236938,62882,62892,10
12.9807500839,80.252746582,62892,62902,10
12.9806699753,80.2527618408,62902,62913,11
12.980340004,80.252746582,62913,62923,10
12.9798498154,80.252746582,62923,62933,10
12.9793100357,80.2526779175,62933,62943,10
12.9788198471,80.2526397705,62943,62953,10
12.9787302017,80.2526168823,62953,62963,10
12.9786996841,80.2525863647,62963,62973,10
12.9783496857,80.2524032593,62973,62983,10
12.9778203964,80.251953125,62983,62994,11
12.9769601822,80.2513580322,62994,63004,10
12.9759302139,80.2510528564,63004,63014,10
12.9748601913,80.2507476807,63014,63024,10
12.9737901688,80.2504501343,63024,63034,10
12.9726696014,80.2501525879,63034,63044,10
12.971540451,80.2498626709,63044,63054,10
12.9704303741,80.2495498657,63054,63064,10
12.9693899155,80.249168396,63064,63075,11
12.9683198929,80.2487411499,63075,63085,10
12.9674100876,80.2483596802,63085,63095,10
12.9668197632,80.2481079102,63095,63105,10
12.9665002823,80.2479400635,63105,63115,10
12.965929985,80.2476806641,63115,63125,10
12.9652795792,80.2474517822,63125,63135,10
12.9649801254,80.2473526001,63135,63145,10
12.9649295807,80.2473297119,63145,63156,11
12.9645395279,80.2471694946,63156,63166,10
12.96434021,80.2471237183,63166,63176,10
12.9639997482,80.2470016479,63176,63186,10
12.9636201859,80.2468185425,63186,63196,10
12.9630899429,80.2465286255,63196,63206,10
12.962269783,80.2461090088,63206,63216,10
12.9613304138,80.2456512451,63216,63226,10
12.9605503082,80.2452926636,63226,63236,10
12.9598197937,80.244972229,63236,63247,11
12.9593296051,80.2447662354,63247,63257,10
12.9592895508,80.2447433472,63257,63267,10
12.9590101242,80.2445907593,63267,63277,10
12.9584102631,80.2443466187,63277,63287,10
12.9577903748,80.2441101074,63287,63297,10
12.9569396973,80.2438735962,63297,63328,31
12.9569396973,80.2438735962,63328,63338,10
12.9566497803,80.243812561,63338,63388,50
12.9566497803,80.243812561,63388,63398,10
12.9561004639,80.2435836792,63398,63409,11
12.955450058,80.2432022095,63409,63419,10
12.9547395706,80.2428588867,63419,63429,10
12.9539699554,80.2425384521,63429,63439,10
12.9533700943,80.2422637939,63439,63449,10
12.9526395798,80.2419662476,63449,63459,10
12.9520301819,80.2417678833,63459,63469,10
12.9518404007,80.2417221069,63469,63479,10
12.9517803192,80.2416915894,63479,63490,11
12.9514102936,80.2415390015,63490,63500,10
12.9507598877,80.241317749,63500,63510,10
12.9498500824,80.2410888672,63510,63520,10
12.948969841,80.2407989502,63520,63530,10
12.9481601715,80.2404327393,63530,63540,10
12.9473600388,80.2401199341,63540,63550,10
12.9469900131,80.239982605,63550,63560,10
12.9468803406,80.2399368286,63560,63571,11
12.9463500977,80.2397003174,63571,63581,10
12.9456396103,80.2393798828,63581,63591,10
12.9449100494,80.2388000488,63591,63601,10
12.9441404343,80.2379608154,63601,63611,10
12.9433803558,80.2371902466,63611,63621,10
12.9425096512,80.2365570068,63621,63631,10
12.9413995743,80.2362213135,63631,63641,10
12.9403095245,80.2359466553,63641,63652,11
12.9397697449,80.2357788086,63652,63662,10
12.939620018,80.235710144,63662,63672,10
12.9391002655,80.235458374,63672,63682,10
12.9383401871,80.2350769043,63682,63692,10
12.9374103546,80.2346191406,63692,63702,10
12.9364004135,80.2341308594,63702,63712,10
12.9358701706,80.2338790894,63712,63722,10
12.935839653,80.2338790894,63722,63733,11
12.9354295731,80.2336807251,63733,63743,10
12.9347600937,80.2333679199,63743,63753,10
12.9340000153,80.233039856,63753,63763,10
12.9337596893,80.2329330444,63763,63773,10
12.9336500168,80.2328491211,63773,63783,10
12.9332199097,80.2326431274,63783,63793,10
12.9325199127,80.2323684692,63793,63803,10
12.9316396713,80.2320785522,63803,63814,11
12.9305496216,80.2317428589,63814,63824,10
12.9297800064,80.2315597534,63824,63834,10
12.9292201996,80.2314605713,63834,63844,10
12.9286899567,80.2313537598,63844,63854,10
12.9278898239,80.2312164307,63854,63864,10
12.9269199371,80.2311172485,63864,63874,10
12.9262599945,80.231048584,63874,63884,10
12.9261798859,80.2310409546,63884,63895,11
12.9257802963,80.2309799194,63895,63905,10
12.9251203537,80.2309112549,63905,63915,10
12.9243001938,80.230796814,63915,63925,10
12.9233198166,80.2306671143,63925,63935,10
12.9222097397,80.2304916382,63935,63945,10
12.9210195541,80.2303237915,63945,63955,10
12.9198598862,80.230178833,63955,63965,10
12.9192199707,80.2301101685,63965,63976,11
12.9191398621,80.2301025391,63976,63986,10
12.9186897278,80.2300415039,63986,63996,10
12.9179697037,80.2299423218,63996,64006,10
12.9171104431,80.2298126221,64006,64016,10
12.9160995483,80.2296829224,64016,64026,10
12.9149703979,80.2295227051,64026,64036,10
12.9139299393,80.2294006348,64036,64046,10
12.913310051,80.2293395996,64046,64067,21
12.913310051,80.2293395996,64067,64077,10
12.9129495621,80.2292480469,64077,64087,10
12.9122896194,80.2291564941,64087,64097,10
12.911450386,80.2290420532,64097,64107,10
12.9104795456,80.2288970947,64107,64117,10
12.9094800949,80.2287216187,64117,64127,10
12.9082603455,80.2285614014,64127,64148,21
12.9082603455,80.2285614014,64148,64158,10
12.9080600739,80.2285079956,64158,64168,10
12.9075202942,80.2284088135,64168,64178,10
12.9069499969,80.2283477783,64178,64188,10
12.9064102173,80.2282714844,64188,64198,10
12.9060096741,80.228302002,64198,64208,10
12.9059095383,80.2282867432,64208,64218,10
12.9054603577,80.2282562256,64218,64229,11
12.9049901962,80.2282333374,64229,64239,10
12.904250145,80.2282028198,64239,64249,10
12.9033603668,80.2281570435,64249,64259,10
12.9026203156,80.2281036377,64259,64269,10
12.9018201828,80.2280578613,64269,64279,10
12.9012203217,80.2280578613,64279,64411,132
12.9012203217,80.2280578613,64411,64421,10
12.901140213,80.2280502319,64421,64431,10
12.9008197784,80.2279891968,64431,64441,10
12.9002399445,80.2279434204,64441,64451,10
12.8995504379,80.2279129028,64451,64461,10
12.8994197845,80.2279129028,64461,64472,11
12.8992996216,80.2279129028,64472,64482,10
12.8988199234,80.2278671265,64482,64492,10
12.8980903625,80.2278289795,64492,64502,10
12.8972101212,80.2277832031,64502,64512,10
12.8962097168,80.2277297974,64512,64522,10
12.8951597214,80.2276916504,64522,64532,10
12.894080162,80.2276382446,64532,64542,10
12.8931999207,80.2275390625,64542,64553,11
12.8929300308,80.2275085449,64553,64563,10
12.8927898407,80.2274780273,64563,64573,10
12.8926296234,80.2274703979,64573,64583,10
12.8921699524,80.2274169922,64583,64593,10
12.891409874,80.2274017334,64593,64603,10
12.8905000687,80.2274017334,64603,64613,10
12.8894701004,80.2274017334,64613,64623,10
12.8886804581,80.2274017334,64623,64634,11
12.8878297806,80.2273406982,64634,64644,10
12.8869199753,80.2272033691,64644,64654,10
12.8858804703,80.2269515991,64654,64664,10
12.8850402832,80.2267837524,64664,64674,10
12.8847799301,80.2267684937,64674,64684,10
12.8847703934,80.2267684937,64684,64694,10
12.8843603134,80.2267608643,64694,64704,10
12.8837499619,80.2267532349,64704,64715,11
12.8829202652,80.2267379761,64715,64725,10
12.8819799423,80.2267379761,64725,64735,10
12.8808498383,80.2267532349,64735,64745,10
12.8796195984,80.2267608643,64745,64755,10
12.8783998489,80.2268218994,64755,64765,10
12.8774404526,80.2269134521,64765,64775,10
12.8769397736,80.2269592285,64775,64785,10
12.8767404556,80.2269821167,64785,64796,11
12.8763103485,80.2269973755,64796,64806,10
12.8761997223,80.2270126343,64806,64816,10
12.875749588,80.2269973755,64816,64826,10
12.875,80.2269287109,64826,64836,10
12.87403965,80.2267990112,64836,64846,10
12.8731298447,80.2267227173,64846,64856,10
12.8725700378,80.2267379761,64856,64866,10
12.872420311,80.2267379761,64866,64877,11
12.8718299866,80.2267227173,64877,64887,10
12.8710098267,80.2266769409,64887,64897,10
12.8700399399,80.226600647,64897,64907,10
12.8689002991,80.2264633179,64907,64917,10
12.8676595688,80.2264709473,64917,64927,10
12.8664598465,80.2265701294,64927,64937,10
12.8652601242,80.2266311646,64937,64947,10
12.8640298843,80.2265777588,64947,64958,11
12.8626499176,80.2265777588,64958,64968,10
12.8615198135,80.2266387939,64968,64978,10
12.8609800339,80.2266311646,64978,64988,10
12.8608703613,80.2266235352,64988,64998,10
12.8603601456,80.2265625,64998,65008,10
12.8595895767,80.2264404297,65008,65018,10
12.8587799072,80.2263412476,65018,65028,10
12.8578195572,80.2263031006,65028,65039,11
12.8566398621,80.2264022827,65039,65049,10
12.8555803299,80.2265014648,65049,65059,10
12.8545198441,80.2266082764,65059,65069,10
12.8534097672,80.2267303467,65069,65079,10
12.8522596359,80.2267227173,65079,65089,10
12.8510904312,80.2266693115,65089,65099,10
12.8501701355,80.2266464233,65099,65109,10
12.8500299454,80.2266464233,65109,65119,10
12.8496599197,80.2266387939,65119,65130,11
12.8488998413,80.2266235352,65130,65140,10
12.8479795456,80.2266311646,65140,65150,10
12.8468999863,80.2266387939,65150,65160,10
12.8455495834,80.2266464233,65160,65180,20
12.8455495834,80.2266464233,65180,65190,10
12.8452196121,80.2266464233,65190,65200,10
12.8445501328,80.2266693115,65200,65211,11
12.8436203003,80.2267837524,65211,65221,10
12.8425703049,80.2269668579,65221,65231,10
12.8413600922,80.2272415161,65231,65241,10
12.8403701782,80.2275314331,65241,65251,10
12.8397798538,80.2277679443,65251,65271,20
12.8397798538,80.2277679443,65271,65281,10
12.8395004272,80.2278823853,65281,65292,11
12.8388795853,80.2279815674,65292,65302,10
12.8381204605,80.2281570435,65302,65312,10
12.8371601105,80.2283172607,65312,65322,10
12.8360595703,80.2284698486,65322,65332,10
12.8349103928,80.2286376953,65332,65342,10
12.8337202072,80.228843689,65342,65352,10
12.8327302933,80.2290420532,65352,65362,10
12.8323497772,80.2291183472,65362,65373,11
12.8323001862,80.229133606,65373,65383,10
12.8319597244,80.2292022705,65383,65393,10
12.8312997818,80.229347229,65393,65403,10
12.8304395676,80.2296600342,65403,65413,10
12.8294200897,80.2300415039,65413,65423,10
12.82833004,80.2305908203,65423,65433,10
12.8272199631,80.2311935425,65433,65443,10
12.8260202408,80.2313995361,65443,65454,11
12.824669838,80.2313766479,65454,65464,10
12.8235502243,80.231086731,65464,65474,10
12.8224000931,80.2307281494,65474,65484,10
12.8212404251,80.2304916382,65484,65494,10
12.8200798035,80.2304992676,65494,65504,10
12.8190803528,80.2305297852,65504,65514,10
12.818860054,80.230506897,65514,65524,10
12.8185596466,80.2303619385,65524,65535,11
12.8177995682,80.2299880981,65535,65545,10
12.8168802261,80.2296066284,65545,65555,10
12.8157596588,80.2294082642,65555,65565,10
12.8145599365,80.2292404175,65565,65575,10
12.8133497238,80.2289199829,65575,65585,10
12.8121404648,80.2285003662,65585,65595,10
12.8109197617,80.2280502319,65595,65605,10
12.8098201752,80.2276000977,65605,65616,11
12.8088798523,80.2270202637,65616,65626,10
12.8081998825,80.2264709473,65626,65636,10
12.8074903488,80.2258834839,65636,65646,10
12.8068704605,80.2253417969,65646,65656,10
12.8062400818,80.2247695923,65656,65666,10
12.805560112,80.2241973877,65666,65676,10
12.804980278,80.224029541,65676,65686,10
12.8049097061,80.2240066528,65686,65697,11
12.8045396805,80.2239303589,65697,65707,10
12.803899765,80.2238769531,65707,65717,10
12.8030395508,80.2238006592,65717,65727,10
12.8020000458,80.2236785889,65727,65737,10
12.8011302948,80.2236175537,65737,65747,10
12.8009500504,80.2235870361,65747,65757,10
12.8005895615,80.2235412598,65757,65767,10
12.7999000549,80.2234725952,65767,65778,11
12.7989196777,80.2233963013,65778,65788,10
12.7977895737,80.2232818604,65788,65798,10
12.7959604263,80.2229919434,65798,65818,20
12.7959604263,80.2229919434,65818,65828,10
12.7957401276,80.2229232788,65828,65838,10
12.7951602936,80.2228012085,65838,65848,10
12.7943496704,80.2226715088,65848,65859,11
12.7932796478,80.2225189209,65859,65869,10
12.7922201157,80.222328186,65869,65879,10
12.7911396027,80.2220611572,65879,65889,10
12.7901096344,80.2218093872,65889,65899,10
12.7894201279,80.2216033936,65899,65909,10
12.7888898849,80.2214126587,65909,65919,10
12.7882900238,80.2211685181,65919,65929,10
12.7876901627,80.2209396362,65929,65939,10
12.7869195938,80.2206573486,65939,65970,31
12.7869195938,80.2206573486,65970,65980,10
12.7867803574,80.2205886841,65980,65990,10
12.786359787,80.2204284668,65990,66000,10
12.786239624,80.2203979492,66000,66010,10
12.7861700058,80.2205276489,66010,66020,10
12.7861795425,80.2206192017,66020,66031,11
12.7861795425,80.2208404541,66031,66041,10
12.7861795425,80.2209701538,66041,66051,10
12.7861995697,80.2211685181,66051,66061,10
12.7861995697,80.2213821411,66061,66071,10
12.7862195969,80.2219467163,66071,66891,820
12.7862195969,80.2219467163,66891,66901,10
12.7861795425,80.2217178345,66901,66922,21
12.7861795425,80.2217178345,66922,66932,10
12.7861995697,80.2214813232,66932,66942,10
12.7861700058,80.221282959,66942,66952,10
12.7861700058,80.2210464478,66952,66962,10
12.7861604691,80.2206726074,66962,66972,10
12.7861700058,80.2204818726,66972,66993,21
12.7861700058,80.2204818726,66993,67003,10
12.7864398956,80.2204971313,67003,67013,10
12.7866096497,80.2205734253,67013,67023,10
12.7866601944,80.2206115723,67023,67033,10
12.7868795395,80.220703125,67033,67043,10
12.7870397568,80.2207565308,67043,67053,10
12.7873802185,80.2208862305,67053,67063,10
12.7877101898,80.2210083008,67063,67074,11
12.7882204056,80.221206665,67074,67084,10
12.7888002396,80.2214431763,67084,67094,10
12.7894296646,80.2216720581,67094,67104,10
12.7899103165,80.2218322754,67104,67114,10
12.7905797958,80.2220001221,67114,67124,10
12.7914304733,80.2222137451,67124,67134,10
12.7922897339,80.2224121094,67134,67144,10
12.7931404114,80.2225494385,67144,67155,11
12.7940397263,80.2226791382,67155,67165,10
12.7948598862,80.2228012085,67165,67175,10
12.7956199646,80.2229232788,67175,67185,10
12.7962598801,80.2230300903,67185,67195,10
12.7964000702,80.2230606079,67195,67205,10
12.7967596054,80.2231369019,67205,67215,10
12.7973804474,80.2232894897,67215,67225,10
12.7981996536,80.2233963013,67225,67236,11
12.7992401123,80.2235031128,67236,67246,10
12.8001403809,80.2235565186,67246,67256,10
12.8008298874,80.2236175537,67256,67266,10
12.8014097214,80.2236785889,67266,67276,10
12.8020601273,80.223739624,67276,67286,10
12.8025598526,80.2238006592,67286,67296,10
12.8030395508,80.2238769531,67296,67306,10
12.8035802841,80.2239379883,67306,67317,11
12.8040800095,80.2239837646,67317,67327,10
12.8046503067,80.2240219116,67327,67337,10
12.8052301407,80.2241287231,67337,67347,10
12.8055496216,80.2242431641,67347,67357,10
12.8057203293,80.2243423462,67357,67367,10
12.8062000275,80.2247390747,67367,67377,10
12.8068599701,80.2253265381,67377,67387,10
12.8074703217,80.2258377075,67387,67397,10
12.8075399399,80.2258987427,67397,67408,11
12.8079099655,80.2262268066,67408,67418,10
12.8085002899,80.2267227173,67418,67428,10
12.8092498779,80.2273101807,67428,67438,10
12.810090065,80.2277374268,67438,67448,10
12.81112957,80.2281799316,67448,67458,10
12.8123102188,80.2285995483,67458,67468,10
12.8135404587,80.2290267944,67468,67478,10
12.8149900436,80.2293624878,67478,67489,11
12.8163404465,80.2295532227,67489,67499,10
12.8176002502,80.229927063,67499,67509,10
12.8186798096,80.2304229736,67509,67519,10
12.8195400238,80.2305374146,67519,67529,10
12.8197097778,80.2305297852,67529,67539,10
12.8200998306,80.2305297852,67539,67549,10
12.8208503723,80.2305221558,67549,67559,10
12.821849823,80.2306137085,67559,67570,11
12.8231201172,80.2309799194,67570,67580,10
12.8242797852,80.2312774658,67580,67590,10
12.8254499435,80.2314605713,67590,67600,10
12.8266601563,80.2313766479,67600,67610,10
12.8277597427,80.2309570313,67610,67620,10
12.8288097382,80.2303695679,67620,67630,10
12.8299102783,80.2298965454,67630,67640,10
12.8309698105,80.2294616699,67640,67661,21
12.8309698105,80.2294616699,67661,67671,10
12.8313703537,80.229347229,67671,67711,40
12.8313703537,80.229347229,67711,67721,10
12.831700325,80.2292633057,67721,67732,11
12.8323602676,80.2291107178,67732,67742,10
12.8332195282,80.2289505005,67742,67752,10
12.8342599869,80.228767395,67752,67762,10
12.8354196548,80.2285766602,67762,67772,10
12.836640358,80.2284011841,67772,67782,10
12.837849617,80.228187561,67782,67792,10
12.838760376,80.2279815674,67792,67802,10
12.8393201828,80.227897644,67802,67813,11
12.8394899368,80.2278518677,67813,67823,10
12.8398199081,80.2277526855,67823,67833,10
12.8402299881,80.2275772095,67833,67843,10
12.8409204483,80.2273864746,67843,67853,10
12.841799736,80.2271575928,67853,67863,10
12.8427801132,80.2269668579,67863,67873,10
12.8436698914,80.2268066406,67873,67883,10
12.8442497253,80.2267227173,67883,67894,11
12.8446102142,80.2266693115,67894,67904,10
12.8447399139,80.2266464233,67904,67914,10
12.8450202942,80.2266616821,67914,67944,30
12.8450202942,80.2266616821,67944,67954,10
12.8453302383,80.2266387939,67954,67964,10
12.8456201553,80.2266235352,67964,67975,11
12.8458003998,80.2266464233,67975,67985,10
12.8462495804,80.2266311646,67985,67995,10
12.8469800949,80.2266235352,67995,68005,10
12.8478403091,80.2266082764,68005,68015,10
12.8486700058,80.2266082764,68015,68025,10
12.84953022,80.2265930176,68025,68035,10
12.8499898911,80.2265930176,68035,68045,10
12.8500900269,80.226600647,68045,68056,11
12.8506202698,80.2266235352,68056,68066,10
12.8513402939,80.2266464233,68066,68076,10
12.8522195816,80.2266921997,68076,68086,10
12.8531999588,80.2267074585,68086,68096,10
12.8541002274,80.2266311646,68096,68106,10
12.855050087,80.2265090942,68106,68116,10
12.8559999466,80.2264099121,68116,68126,10
12.8567199707,80.2263183594,68126,68137,11
12.8572797775,80.226272583,68137,68147,10
12.8574695587,80.2262573242,68147,68157,10
12.8577098846,80.2262420654,68157,68187,30
12.8577098846,80.2262420654,68187,68197,10
12.8579397202,80.2262420654,68197,68207,10
12.8581600189,80.2262420654,68207,68218,11
12.8581800461,80.2262420654,68218,68228,10
12.8583097458,80.2262573242,68228,68238,10
12.8587503433,80.2262878418,68238,68248,10
12.8594799042,80.2264022827,68248,68258,10
12.8603696823,80.2265396118,68258,68268,10
12.8607301712,80.2265777588,68268,68278,10
12.8608903885,80.2266235352,68278,68288,10
12.8614196777,80.2266311646,68288,68299,11
12.8622999191,80.226600647,68299,68309,10
12.8632698059,80.2265472412,68309,68319,10
12.864279747,80.2265777588,68319,68329,10
12.8652896881,80.2266082764,68329,68339,10
12.8662500381,80.2265701294,68339,68349,10
12.8671798706,80.2265014648,68349,68359,10
12.8681898117,80.2264175415,68359,68369,10
12.8691501617,80.2264862061,68369,68380,11
12.8697900772,80.2265625,68380,68390,10
12.8704500198,80.2266387939,68390,68400,10
12.8712396622,80.2266921997,68400,68410,10
12.8723402023,80.2266921997,68410,68420,10
12.8723402023,80.2266921997,68420,68430,10
12.8726902008,80.2266769409,68430,68440,10
12.8731002808,80.2267074585,68440,68450,10
12.8738002777,80.2267532349,68450,68460,10
12.8747797012,80.2268600464,68460,68471,11
12.8756904602,80.2269515991,68471,68484,13
12.8763599396,80.2269515991,68484,68514,30
12.8763599396,80.2269515991,68514,68524,10
12.8765001297,80.2269515991,68524,68534,10
12.8766899109,80.2269363403,68534,68545,11
12.876999855,80.2269287109,68545,68555,10
12.8776302338,80.226890564,68555,68565,10
12.8784704208,80.2268218994,68565,68575,10
12.8794803619,80.2267913818,68575,68585,10
12.8806295395,80.2267684937,68585,68595,10
12.8818397522,80.2267608643,68595,68605,10
12.883020401,80.2267379761,68605,68615,10
12.8840103149,80.2267227173,68615,68626,11
12.8846197128,80.2266769409,68626,68636,10
12.8848495483,80.2266998291,68636,68646,10
12.8851804733,80.2267227173,68646,68656,10
12.885219574,80.2267303467,68656,68666,10
12.8855695724,80.2267990112,68666,68676,10
12.8861999512,80.2269668579,68676,68686,10
12.8870201111,80.227180481,68686,68696,10
12.8878698349,80.2273330688,68696,68707,11
12.8890399933,80.2273788452,68707,68717,10
12.890250206,80.2273788452,68717,68727,10
12.8913898468,80.2273788452,68727,68737,10
12.8921203613,80.2274017334,68737,68858,121
12.8921203613,80.2274017334,68858,68868,10
12.8922901154,80.2274169922,68868,68879,11
12.8929004669,80.2274398804,68879,68889,10
12.8937101364,80.2275772095,68889,68899,10
12.8947000504,80.2276611328,68899,68909,10
12.8958702087,80.2276992798,68909,68919,10
12.8971004486,80.2277526855,68919,68929,10
12.8982801437,80.2278213501,68929,68939,10
12.8999004364,80.227897644,68939,68960,21
12.8999004364,80.227897644,68960,68970,10
12.900179863,80.2279281616,68970,68980,10
12.9005002975,80.2279586792,68980,68990,10
12.9007797241,80.2279891968,68990,69000,10
12.9011802673,80.2279968262,69000,69010,10
12.9016599655,80.2280273438,69010,69020,10
12.9022397995,80.2280273438,69020,69030,10
12.9026699066,80.2280502319,69030,69041,11
12.902680397,80.2280502319,69041,69051,10
12.9027395248,80.2280502319,69051,69061,10
12.9031801224,80.2280807495,69061,69071,10
12.9039297104,80.2281265259,69071,69081,10
12.9046201706,80.2281494141,69081,69091,10
12.9049596786,80.2281799316,69091,69182,91
12.9049596786,80.2281799316,69182,69192,10
12.9051198959,80.228187561,69192,69203,11
12.9053001404,80.2282028198,69203,69213,10
12.9055099487,80.2282333374,69213,69223,10
12.9057798386,80.2282714844,69223,69233,10
12.9059801102,80.2282791138,69233,69243,10
12.906419754,80.2282867432,69243,69253,10
12.9068202972,80.2283172607,69253,69263,10
12.9069299698,80.2283172607,69263,69273,10
12.9070796967,80.2283401489,69273,69284,11
12.907699585,80.2284164429,69284,69294,10
12.9085197449,80.2285385132,69294,69304,10
12.9094800949,80.2286987305,69304,69314,10
12.9104795456,80.2288589478,69314,69324,10
12.9114398956,80.2290115356,69324,69334,10
12.9124202728,80.2291412354,69334,69344,10
12.9133701324,80.2292785645,69344,69354,10
12.9139003754,80.2293624878,69354,69365,11
12.914150238,80.2293701172,69365,69375,10
12.9142398834,80.2293930054,69375,69385,10
12.9147500992,80.2294616699,69385,69395,10
12.9155502319,80.2295837402,69395,69405,10
12.9165401459,80.2297210693,69405,69415,10
12.9176301956,80.2298583984,69415,69425,10
12.918680191,80.2300033569,69425,69435,10
12.9190702438,80.2300415039,69435,69446,11
12.9191303253,80.2300491333,69446,69456,10
12.9195404053,80.2301177979,69456,69466,10
12.9202404022,80.2302017212,69466,69476,10
12.9211196899,80.2303237915,69476,69486,10
12.9221801758,80.2304763794,69486,69496,10
12.9233703613,80.2306594849,69496,69506,10
12.9246196747,80.2308197021,69506,69516,10
12.9257602692,80.2309494019,69516,69527,11
12.9270200729,80.2311019897,69527,69537,10
12.928150177,80.2312316895,69537,69547,10
12.9289598465,80.2313613892,69547,69557,10
12.9298000336,80.2315216064,69557,69567,10
12.9307804108,80.2318115234,69567,69577,10
12.9315595627,80.2320709229,69577,69587,10
12.9322299957,80.2322998047,69587,69597,10
12.9330301285,80.2325897217,69597,69608,11
12.9337396622,80.2328796387,69608,69618,10
12.9338102341,80.2329025269,69618,69628,10
12.9340295792,80.2330093384,69628,69638,10
12.934630394,80.233291626,69638,69648,10
12.9354400635,80.2336502075,69648,69658,10
12.9363803864,80.2340927124,69658,69668,10
12.9373703003,80.2345809937,69668,69678,10
12.9383001328,80.2350311279,69678,69689,11
12.9395103455,80.2356567383,69689,69709,20
12.9395103455,80.2356567383,69709,69719,10
12.9395599365,80.2356872559,69719,69729,10
12.9398698807,80.2358474731,69729,69739,10
12.940489769,80.2360610962,69739,69749,10
12.9413299561,80.2362518311,69749,69759,10
12.9422903061,80.2364883423,69759,69770,11
12.9432601929,80.2370376587,69770,69780,10
12.9439601898,80.23777771,69780,69790,10
12.9447002411,80.2386016846,69790,69800,10
12.9455003738,80.2393264771,69800,69810,10
12.9464797974,80.2397766113,69810,69820,10
12.9475402832,80.2401885986,69820,69830,10
12.948390007,80.2405090332,69830,69840,10
12.9486198425,80.2406005859,69840,69851,11
12.9487895966,80.2406768799,69851,69861,10
12.9491996765,80.2408599854,69861,69871,10
12.9498796463,80.2410736084,69871,69881,10
12.9506902695,80.2413101196,69881,69891,10
12.9511003494,80.2414169312,69891,69901,10
12.9511499405,80.2414474487,69901,69911,10
12.9514799118,80.2415924072,69911,69921,10
12.9520397186,80.2418136597,69921,69932,11
12.9529104233,80.2421188354,69932,69942,10
12.9536600113,80.2424316406,69942,69952,10
12.9542503357,80.2426681519,69952,69962,10
12.9549598694,80.2429504395,69962,69972,10
12.9557800293,80.2432174683,69972,69982,10
12.9562397003,80.243347168,69982,69992,10
12.956410408,80.2434005737,69992,70002,10
12.9565200806,80.2434234619,70002,70013,11
12.9570503235,80.2436904907,70013,70023,10
12.9577903748,80.2440414429,70023,70033,10
12.9586000443,80.2444076538,70033,70043,10
12.958990097,80.2445602417,70043,70053,10
12.9593400955,80.244758606,70053,70063,10
12.959980011,80.2450485229,70063,70073,10
12.9608097076,80.2454223633,70073,70083,10
12.9618301392,80.2459030151,70083,70094,11
12.9628696442,80.2463989258,70094,70104,10
12.9633197784,80.2466278076,70104,70144,40
12.9633197784,80.2466278076,70144,70154,10
12.9635601044,80.2467803955,70154,70164,10
12.9640703201,80.2470016479,70164,70174,10
12.9648103714,80.2472610474,70174,70185,11
12.965880394,80.2476272583,70185,70195,10
12.9667196274,80.2480010986,70195,70205,10
12.9670000076,80.2481307983,70205,70215,10
12.9670295715,80.2481384277,70215,70225,10
12.9673900604,80.2483215332,70225,70235,10
12.9680595398,80.2486190796,70235,70245,10
12.9688796997,80.2489624023,70245,70255,10
12.9697904587,80.2493362427,70255,70266,11
12.9709300995,80.2497406006,70266,70276,10
12.9720697403,80.2500534058,70276,70286,10
12.9732599258,80.2503585815,70286,70296,10
12.9744195938,80.2506637573,70296,70306,10
12.9756498337,80.2510223389,70306,70316,10
12.976849556,80.251373291,70316,70326,10
12.977689743,80.2518005371,70326,70336,10
12.9780502319,80.2520828247,70336,70347,11
12.9784202576,80.2523803711,70347,70357,10
12.9787998199,80.2525634766,70357,70367,10
12.9788599014,80.2525787354,70367,70377,10
12.9791898727,80.2526397705,70377,70417,40
12.9791898727,80.2526397705,70417,70428,11
12.9792499542,80.2526397705,70428,70438,10
12.9796104431,80.2526779175,70438,70448,10
12.9799804688,80.2527084351,70448,70458,10
12.9805297852,80.2527236938,70458,70468,10
12.9812803268,80.2526931763,70468,70478,10
12.9820299149,80.2526626587,70478,70488,10
12.9824399948,80.2526473999,70488,70741,253
12.9824399948,80.2526473999,70741,70752,11
12.9826898575,80.2526092529,70752,70762,10
12.9829301834,80.2526016235,70762,70772,10
12.9832296371,80.252571106,70772,70782,10
12.9836997986,80.2524795532,70782,70792,10
12.9842700958,80.2523498535,70792,70802,10
12.9848299026,80.2521896362,70802,70812,10
12.9853401184,80.2520370483,70812,70822,10
12.9857301712,80.2519226074,70822,70833,11
12.9858999252,80.2518386841,70833,70843,10
12.9862203598,80.2517623901,70843,70853,10
12.9865398407,80.2516937256,70853,70863,10
12.9868097305,80.2516174316,70863,70873,10
12.986989975,80.2515792847,70873,71146,273
12.986989975,80.2515792847,71146,71157,11
12.987039566,80.2515411377,71157,71167,10
12.9873895645,80.2514419556,71167,71177,10
12.987830162,80.2513275146,71177,71187,10
12.9885702133,80.251159668,71187,71197,10
12.9892997742,80.2509689331,71197,71207,10
12.98939991,80.2509613037,71207,71217,10
12.9898004532,80.2508773804,71217,71227,10
12.9905195236,80.2507019043,71227,71238,11
12.991519928,80.2504577637,71238,71248,10
12.9925699234,80.250213623,71248,71258,10
12.9937095642,80.2499237061,71258,71268,10
12.9948797226,80.2496414185,71268,71278,10
12.9960699081,80.2493286133,71278,71288,10
12.9970598221,80.2490692139,71288,71298,10
12.9982404709,80.2487792969,71298,71308,10
12.999710083,80.2484130859,71308,71319,11
13.0010595322,80.2480621338,71319,71329,10
13.0020904541,80.2477874756,71329,71339,10
13.0031204224,80.2475967407,71339,71349,10
13.0043001175,80.2474212646,71349,71359,10
13.0055398941,80.2472076416,71359,71369,10
13.0064201355,80.2466964722,71369,71379,10
13.0065402985,80.2462081909,71379,71389,10
13.0065803528,80.2459716797,71389,71400,11
13.0066003799,80.245300293,71400,71410,10
13.0066003799,80.2448272705,71410,71420,10
13.0066003799,80.2447433472,71420,71430,10
13.0066299438,80.2444915771,71430,71440,10
13.0066404343,80.2442932129,71440,71450,10
13.0066299438,80.2439804077,71450,71460,10
13.0066299438,80.2436828613,71460,71470,10
13.0066003799,80.243309021,71470,71480,10
13.0065803528,80.2426071167,71480,71491,11
13.0065603256,80.2416763306,71491,71501,10
13.0065698624,80.2411804199,71501,71511,10
13.0066204071,80.2408828735,71511,71531,20
13.0066204071,80.2408828735,71531,71541,10
13.0066604614,80.2406005859,71541,71551,10
13.006770134,80.2401733398,71551,71561,10
13.0069198608,80.2395324707,71561,71572,11
13.0070295334,80.2387466431,71572,71582,10
13.007109642,80.2383880615,71582,71592,10
13.0071697235,80.2380981445,71592,71602,10
13.0072603226,80.2377090454,71602,71612,10
13.007349968,80.2372131348,71612,71622,10
13.0073699951,80.2369003296,71622,71632,10
13.0073795319,80.2368621826,71632,71642,10
13.0074596405,80.2365875244,71642,71653,11
13.0075702667,80.2361068726,71653,71663,10
13.0076999664,80.235496521,71663,71673,10
13.0077600479,80.2351989746,71673,71683,10
13.007809639,80.2350234985,71683,71693,10
13.0079402924,80.2344970703,71693,71703,10
13.008099556,80.2337188721,71703,71713,10
13.0082998276,80.2326812744,71713,71723,10
13.0085201263,80.231552124,71723,71734,11
13.0087604523,80.2302932739,71734,71744,10
13.0089302063,80.2294311523,71744,71754,10
13.0090103149,80.2290802002,71754,71764,10
13.0090904236,80.2287063599,71764,71774,10
13.0091495514,80.2284011841,71774,71784,10
13.0092401505,80.2280578613,71784,71794,10
13.0093698502,80.227722168,71794,71804,10
13.0094604492,80.2274780273,71804,71815,11
13.0095796585,80.2272186279,71815,71825,10
13.0097198486,80.2269363403,71825,71835,10
13.0097799301,80.2267684937,71835,71845,10
13.0098600388,80.226600647,71845,71855,10
13.0098695755,80.2265777588,71855,71865,10
13.0099601746,80.2263793945,71865,71875,10
13.0100698471,80.2261199951,71875,71885,10
13.0101604462,80.2259216309,71885,71896,11
13.0102596283,80.225692749,71896,71906,10
13.0103902817,80.2253494263,71906,71916,10
13.0104904175,80.2251968384,71916,71926,10
13.0106296539,80.2249298096,71926,71936,10
13.0108098984,80.224609375,71936,71946,10
13.0109996796,80.2241363525,71946,71956,10
13.0110702515,80.2240066528,71956,71966,10
13.0111398697,80.2238464355,71966,71977,11
13.0113697052,80.2233581543,71977,71987,10
13.011639595,80.2226791382,71987,71997,10
13.0119600296,80.2217330933,71997,72007,10
13.0123300552,80.2215194702,72007,72017,10
13.0125999451,80.2219161987,72017,72027,10
13.0130996704,80.2225265503,72027,72037,10
13.0137796402,80.2232894897,72037,72047,10
13.014380455,80.2240219116,72047,72058,11
13.014840126,80.2245330811,72058,72068,10
13.0149297714,80.2245864868,72068,72078,10
13.0152196884,80.2249069214,72078,72088,10
13.0156002045,80.2251968384,72088,72098,10
13.0157499313,80.2252883911,72098,72108,10
13.0163898468,80.2253799438,72108,72118,10
13.0173196793,80.2250595093,72118,72128,10
13.0183000565,80.2246398926,72128,72139,11
13.0189800262,80.2244033813,72139,72149,10
13.0192804337,80.2243728638,72149,72159,10
13.0192899704,80.2243804932,72159,72169,10
13.0193500519,80.2243881226,72169,72179,10
13.0195398331,80.2245025635,72179,72189,10
13.0198802948,80.2247085571,72189,72199,10
13.0202903748,80.2250213623,72199,72209,10
13.0206298828,80.2252731323,72209,72220,11
13.0209703445,80.2255096436,72220,72230,10
13.0212802887,80.2257614136,72230,72240,10
13.0216197968,80.2259674072,72240,72473,233
13.0216197968,80.2259674072,72473,72483,10
13.0218296051,80.2261810303,72483,72493,10
13.0222196579,80.2265014648,72493,72503,10
13.0226802826,80.2268981934,72503,72513,10
13.0231599808,80.2273406982,72513,72523,10
13.0236997604,80.2278213501,72523,72533,10
13.0243501663,80.2284927368,72533,72564,31
13.0243501663,80.2284927368,72564,72574,10
13.0242900848,80.2286682129,72574,72584,10
13.0241003036,80.2285766602,72584,72594,10
13.0238199234,80.2282028198,72594,72604,10
13.0235004425,80.2278366089,72604,72614,10
13.0230998993,80.2275009155,72614,72969,355
13.0230998993,80.2275009155,72969,72979,10
13.0230998993,80.2274627686,72979,73080,101
13.0230998993,80.2274627686,73080,73090,10
13.0229701996,80.2272796631,73090,73100,10
13.0227203369,80.2270431519,73100,73111,11
13.0223903656,80.2266998291,73111,73121,10
13.0218000412,80.2261962891,73121,73131,10
13.0212001801,80.225730896,73131,73141,10
13.0205802917,80.2252807617,73141,73151,10
13.0199403763,80.224822998,73151,73161,10
13.0191297531,80.2244720459,73161,73171,10
13.0182304382,80.2247085571,73171,73181,10
13.017370224,80.2250595093,73181,73192,11
13.0167798996,80.2253112793,73192,73202,10
13.0165596008,80.225402832,73202,73212,10
13.0164299011,80.2254562378,73212,73222,10
13.0162296295,80.2255401611,73222,73232,10
13.0157604218,80.2257232666,73232,73242,10
13.0153598785,80.2258834839,73242,73252,10
13.0147895813,80.2260971069,73252,73262,10
13.0142803192,80.2262878418,73262,73273,11
13.0142097473,80.2263183594,73273,73283,10
13.0140800476,80.2263565063,73283,73293,10
13.0135602951,80.2265701294,73293,73303,10
13.0128202438,80.226852417,73303,73313,10
13.0120296478,80.2271575928,73313,73323,10
13.0111904144,80.2275085449,73323,73333,10
13.0101604462,80.2279205322,73333,73343,10
13.0092096329,80.2283706665,73343,73354,11
13.0089597702,80.2292785645,73354,73364,10
13.0087995529,80.2301177979,73364,73374,10
13.0086402893,80.2309188843,73374,73384,10
13.0084896088,80.2317504883,73384,73394,10
13.0082998276,80.2326431274,73394,73404,10
13.0081996918,80.2333526611,73404,73414,10
13.0081501007,80.2335968018,73414,73424,10
13.0080404282,80.2339706421,73424,73435,11
13.007900238,80.2345962524,73435,73445,10
13.0078201294,80.2350234985,73445,73455,10
13.0077400208,80.2354431152,73455,73465,10
13.007610321,80.2361602783,73465,73475,10
13.0074300766,80.237121582,73475,73485,10
13.0072498322,80.2380981445,73485,73495,10
13.0071001053,80.2389602661,73495,73505,10
13.0069799423,80.2395706177,73505,73516,11
13.0068998337,80.2400588989,73516,73536,20
13.0068998337,80.2400588989,73536,73546,10
13.0068798065,80.2405166626,73546,73556,10
13.0068502426,80.2406692505,73556,73566,10
13.0067796707,80.2408905029,73566,73576,10
13.0067195892,80.2412185669,73576,73586,10
13.0066900253,80.2417984009,73586,73597,11
13.0066795349,80.2425231934,73597,73607,10
13.0066404343,80.2431564331,73607,73617,10
13.0066003799,80.2437973022,73617,73627,10
13.0065803528,80.2445831299,73627,73637,10
13.0066099167,80.2453765869,73637,73647,10
13.0066204071,80.2461700439,73647,73657,10
13.0066404343,80.2466812134,73657,73667,10
13.006649971,80.2470092773,73667,73718,51
13.006649971,80.2470092773,73718,73728,10
13.0065002441,80.2474975586,73728,73738,10
13.0065002441,80.2474975586,73738,73748,10
13.0060796738,80.247467041,73748,73759,11
13.006070137,80.2474594116,73759,73769,10
13.0060596466,80.2473831177,73769,73779,10
13.0056800842,80.2473373413,73779,73789,10
13.0050897598,80.2473297119,73789,73800,11
13.0042800903,80.2474212646,73800,73811,11
13.0033197403,80.2475585938,73811,73821,10
13.002530098,80.2477111816,73821,73831,10
13.0020399094,80.2478408813,73831,73842,11
13.0012903214,80.2480316162,73842,73852,10
13.0005397797,80.2482299805,73852,73863,11
12.9996299744,80.2484512329,73863,73873,10
12.9986400604,80.2487182617,73873,73883,10
12.9980096817,80.2489013672,73883,73892,9
12.9979095459,80.248916626,73892,73903,11
12.9974098206,80.2490081787,73903,73913,10
12.9966602325,80.2491836548,73913,73924,11
12.9956197739,80.249420166,73924,73934,10
12.9945201874,80.249710083,73934,73944,10
12.9933700562,80.2500305176,73944,73954,10
12.9922103882,80.250328064,73954,73964,10
12.9912700653,80.250579834,73964,73974,10
12.9909801483,80.2506637573,73974,73984,10
12.9908504486,80.2506866455,73984,73994,10
12.9903402328,80.2508087158,73994,74005,11
12.9894504547,80.2510223389,74005,74015,10
12.9887399673,80.2512283325,74015,74126,111
12.9887399673,80.2512283325,74126,74136,10
12.9883403778,80.2512664795,74136,74146,10
12.9880199432,80.2513580322,74146,74156,10
12.9875402451,80.2514801025,74156,74167,11
12.9871902466,80.2516021729,74167,74177,10
12.9868202209,80.2517318726,74177,74187,10
12.9863004684,80.2518768311,74187,74197,10
12.9855298996,80.2520599365,74197,74207,10
12.984629631,80.252281189,74207,74217,10
12.9836196899,80.2525405884,74217,74227,10
12.9825401306,80.2526931763,74227,74237,10
12.9814901352,80.2527313232,74237,74248,11
12.9806804657,80.2527770996,74248,74258,10
12.9803600311,80.2528381348,74258,74268,10
12.9800596237,80.2528381348,74268,74278,10
12.9796495438,80.2527389526,74278,74288,10
12.9791603088,80.2527008057,74288,74298,10
12.9788198471,80.2526702881,74298,74308,10
12.9788103104,80.2526702881,74308,74318,10
12.9787397385,80.2526626587,74318,74328,10
12.9783601761,80.2524719238,74328,74339,11
12.977809906,80.2520217896,74339,74349,10
12.9770698547,80.251449585,74349,74359,10
12.9762401581,80.2511825562,74359,74369,10
12.9753398895,80.2509307861,74369,74379,10
12.9743795395,80.2506484985,74379,74389,10
12.9733896255,80.2503662109,74389,74399,10
12.9723596573,80.2501068115,74399,74409,10
12.9714097977,80.2498626709,74409,74420,11
12.9705600739,80.2496109009,74420,74430,10
12.9697198868,80.2493209839,74430,74440,10
12.9687795639,80.2489471436,74440,74450,10
12.9678602219,80.248588562,74450,74460,10
12.967300415,80.248336792,74460,74470,10
12.9667701721,80.2480773926,74470,74480,10
12.9661903381,80.2478027344,74480,74490,10
12.9654798508,80.2474975586,74490,74501,11
12.9652500153,80.2473983765,74501,74511,10
12.9650402069,80.2472991943,74511,74521,10
12.964509964,80.2471389771,74521,74531,10
12.9638395309,80.2468795776,74531,74551,20
12.9638395309,80.2468795776,74551,74561,10
12.9635801315,80.2467803955,74561,74571,10
12.9630403519,80.2464981079,74571,74582,11
12.9621601105,80.2460708618,74582,74592,10
12.9611501694,80.2455978394,74592,74602,10
12.9601802826,80.2451934814,74602,74612,10
12.9595403671,80.2449188232,74612,74622,10
12.9594802856,80.2449035645,74622,74632,10
12.9591798782,80.244758606,74632,74642,10
12.9586200714,80.2444992065,74642,74652,10
12.9580402374,80.2442474365,74652,74663,11
12.9573698044,80.2440185547,74663,74673,10
12.9563398361,80.2436981201,74673,74693,20
12.9563398361,80.2436981201,74693,74703,10
12.9560699463,80.243598938,74703,74713,10
12.9555101395,80.2433013916,74713,74723,10
12.9547796249,80.2429428101,74723,74733,10
12.9540195465,80.2426300049,74733,74744,11
12.9531803131,80.2422637939,74744,74754,10
12.9522895813,80.2419433594,74754,74764,10
12.9517097473,80.2417526245,74764,74774,10
12.9516201019,80.2416992188,74774,74784,10
12.9512300491,80.2415618896,74784,74794,10
12.9505300522,80.241317749,74794,74804,10
12.9497804642,80.2410964966,74804,74814,10
12.9493198395,80.2409591675,74814,74825,11
12.9488697052,80.2407913208,74825,74835,10
12.9482603073,80.2405471802,74835,74845,10
12.9475603104,80.240272522,74845,74855,10
12.9471797943,80.2400970459,74855,74865,10
12.9471302032,80.2400894165,74865,74875,10
12.9467697144,80.2399291992,74875,74885,10
12.9461202621,80.2396469116,74885,74895,10
12.9453601837,80.2392807007,74895,74906,11
12.944560051,80.2385177612,74906,74916,10
12.9437799454,80.237663269,74916,74926,10
12.9429798126,80.2369003296,74926,74936,10
12.9418802261,80.2363891602,74936,74946,10
12.9407300949,80.2361221313,74946,74956,10
12.939909935,80.2359008789,74956,74966,10
12.9397697449,80.2358322144,74966,74976,10
12.9397201538,80.235786438,74976,74987,11
12.9392004013,80.2355422974,74987,74997,10
12.9384899139,80.2351837158,74997,75007,10
12.9375896454,80.2347412109,75007,75017,10
12.9365501404,80.2342376709,75017,75027,10
12.9355602264,80.2337799072,75027,75037,10
12.9346504211,80.2333679199,75037,75047,10
12.9339599609,80.2330932617,75047,75057,10
12.9338302612,80.233039856,75057,75068,11
12.9336204529,80.2329025269,75068,75078,10
12.9330396652,80.2326431274,75078,75088,10
12.9322099686,80.2323608398,75088,75098,10
12.9312200546,80.2320327759,75098,75108,10
12.9301395416,80.2316970825,75108,75118,10
12.929019928,80.2314376831,75118,75128,10
12.9279203415,80.2312469482,75128,75138,10
12.9269104004,80.2311401367,75138,75149,11
12.9261398315,80.2310791016,75149,75159,10
12.9260396957,80.2310562134,75159,75169,10
12.925620079,80.2309875488,75169,75179,10
12.9249200821,80.2309036255,75179,75189,10
12.9240598679,80.230796814,75189,75199,10
12.9230604172,80.2306594849,75199,75209,10
12.9219799042,80.2304763794,75209,75219,10
12.9208402634,80.2303237915,75219,75230,11
12.9196100235,80.2301712036,75230,75240,10
12.9184904099,80.2300186157,75240,75250,10
12.9173603058,80.2298583984,75250,75260,10
12.9161996841,80.2296981812,75260,75270,10
12.9151096344,80.2295379639,75270,75280,10
12.9141397476,80.2294235229,75280,75290,10
12.9134597778,80.2293701172,75290,75300,10
12.9134197235,80.2293624878,75300,75311,11
12.9130401611,80.2292633057,75311,75321,10
12.9123802185,80.2291564941,75321,75331,10
12.9114904404,80.2290420532,75331,75341,10
12.9104204178,80.2288818359,75341,75351,10
12.9092998505,80.2286911011,75351,75361,10
12.9081401825,80.2285003662,75361,75371,10
12.9070301056,80.2283782959,75371,75412,41
12.9070301056,80.2283782959,75412,75422,10
12.9068202972,80.2283096313,75422,75432,10
12.9063100815,80.2282791138,75432,75442,10
12.905500412,80.2282485962,75442,75452,10
12.9044704437,80.2282028198,75452,75462,10
12.9035301208,80.2281570435,75462,75472,10
12.902680397,80.2281417847,75472,75483,11
12.9018201828,80.2280807495,75483,75493,10
12.9012403488,80.2280807495,75493,75665,172
12.9012403488,80.2280807495,75665,75675,10
12.9011001587,80.2280426025,75675,75685,10
12.9006900787,80.2279891968,75685,75695,10
12.9000797272,80.2279510498,75695,75705,10
12.899720192,80.2279205322,75705,75715,10
12.8995504379,80.2279205322,75715,75726,11
12.8992996216,80.2279281616,75726,75736,10
12.8992099762,80.2279205322,75736,75746,10
12.8988399506,80.2278900146,75746,75756,10
12.8981304169,80.2278366089,75756,75766,10
12.8972702026,80.2277908325,75766,75776,10
12.8962497711,80.2277526855,75776,75786,10
12.8951597214,80.2276992798,75786,75796,10
12.893989563,80.2276382446,75796,75807,11
12.8927898407,80.2274932861,75807,75817,10
12.8917398453,80.2274017334,75817,75827,10
12.8906002045,80.2274017334,75827,75837,10
12.8893995285,80.2274017334,75837,75847,10
12.8883895874,80.2273864746,75847,75857,10
12.8872995377,80.2272796631,75857,75867,10
12.8861598969,80.2270431519,75867,75877,10
12.8851804733,80.2268295288,75877,75888,11
12.8848600388,80.2267913818,75888,75898,10
12.8847198486,80.2267608643,75898,75908,10
12.8841295242,80.2267379761,75908,75918,10
12.8832702637,80.2267379761,75918,75928,10
12.8821802139,80.2267608643,75928,75938,10
12.8809995651,80.2267837524,75938,75948,10
12.8797302246,80.2267913818,75948,75958,10
12.8784704208,80.226852417,75958,75969,11
12.8772201538,80.2269592285,75969,75979,10
12.8766403198,80.2270278931,75979,75989,10
12.876540184,80.2270431519,75989,75999,10
12.8762102127,80.2270584106,75999,76009,10
12.8755197525,80.2270278931,76009,76019,10
12.874540329,80.2269210815,76019,76029,10
12.8734197617,80.2267913818,76029,76039,10
12.8724002838,80.2267303467,76039,76050,11
12.8710603714,80.2266693115,76050,76060,10
12.8697500229,80.2265625,76060,76070,10
12.8683900833,80.2264328003,76070,76080,10
12.8671398163,80.2265167236,76080,76090,10
12.8660898209,80.2266387939,76090,76100,10
12.8649501801,80.2266693115,76100,76110,10
12.8637695313,80.226600647,76110,76120,10
12.8625497818,80.2265777588,76120,76131,11
12.8615999222,80.2266311646,76131,76141,10
12.8606700897,80.2266616821,76141,76151,10
12.8604898453,80.2266387939,76151,76161,10
12.8599004745,80.2265396118,76161,76171,10
12.8590202332,80.2264175415,76171,76181,10
12.8579101563,80.2263031006,76181,76191,10
12.8566799164,80.2263717651,76191,76201,10
12.855389595,80.2264862061,76201,76212,11
12.8539199829,80.2266464233,76212,76222,10
12.8525295258,80.2267074585,76222,76232,10
12.8511295319,80.2266387939,76232,76242,10
12.8497695923,80.226600647,76242,76252,10
12.8484601974,80.2266082764,76252,76262,10
12.8471002579,80.2266235352,76262,76272,10
12.8459796906,80.2266387939,76272,76282,10
12.8453598022,80.2266616821,76282,76293,11
12.845290184,80.2266693115,76293,76303,10
12.8450498581,80.2266616821,76303,76313,10
12.8444004059,80.2266998291,76313,76323,10
12.8434801102,80.2267990112,76323,76333,10
12.8423204422,80.2270202637,76333,76343,10
12.8410596848,80.2273483276,76343,76353,10
12.8401699066,80.2276229858,76353,76363,10
12.8396100998,80.2277984619,76363,76384,21
12.8396100998,80.2277984619,76384,76394,10
12.8392696381,80.227897644,76394,76404,10
12.8385295868,80.2280578613,76404,76414,10
12.8375501633,80.2282562256,76414,76424,10
12.8363399506,80.2284317017,76424,76434,10
12.8350496292,80.2286071777,76434,76444,10
12.8337202072,80.228843689,76444,76454,10
12.8325595856,80.229057312,76454,76465,11
12.8317499161,80.2292404175,76465,76475,10
12.8316402435,80.2292022705,76475,76485,10
12.8315200806,80.2289733887,76485,76495,10
12.831489563,80.228729248,76495,76505,10
12.8313598633,80.2280807495,76505,76515,10
12.8311700821,80.2271499634,76515,76525,10
12.8310003281,80.226020813,76525,76535,10
12.8310203552,80.2249603271,76535,76546,11
12.8310203552,80.2245178223,76546,76556,10
12.8310403824,80.2238235474,76556,76566,10
12.8310403824,80.2229003906,76566,76576,10
12.8310604095,80.2222900391,76576,76586,10
12.8310604095,80.2219009399,76586,76596,10
12.8310604095,80.2211227417,76596,76606,10
12.8310604095,80.2201080322,76606,76616,10
12.8310003281,80.2196121216,76616,76627,11
12.8302898407,80.2194976807,76627,76637,10
12.8293304443,80.2195205688,76637,76647,10
12.8281898499,80.2194976807,76647,76657,10
12.8275604248,80.2194976807,76657,76667,10
12.8274698257,80.2194900513,76667,76677,10
12.8271999359,80.2194595337,76677,76687,10
12.8264904022,80.2194595337,76687,76697,10
12.8260097504,80.2194366455,76697,76708,11
12.8258199692,80.2191390991,76708,76718,10
12.825799942,80.2185821533,76718,76728,10
12.8258199692,80.2177810669,76728,76737,9
12.8258199692,80.2166595459,76737,76748,11
12.8256101608,80.2160263062,76748,76758,10
12.8251895905,80.216003418,76758,76768,10
12.8246498108,80.2159805298,76768,77153,385
12.8246498108,80.2159805298,77153,77163,10
12.8245897293,80.216003418,77163,77173,10
12.8240804672,80.2160186768,77173,77183,10
12.823220253,80.2160186768,77183,77194,11
12.822810173,80.2160186768,77194,77204,10
12.8226804733,80.2162017822,77204,77214,10
12.8226604462,80.2167282104,77214,77224,10
12.822640419,80.2174835205,77224,77234,10
12.822640419,80.2183532715,77234,77244,10
12.8226499557,80.2191696167,77244,77254,10
12.8226900101,80.2193603516,77254,77263,9
12.8226995468,80.2194137573,77263,77275,12
12.8232498169,80.2194519043,77275,77285,10
12.8241195679,80.2194366455,77285,77295,10
12.8250303268,80.2194290161,77295,77305,10
12.8254098892,80.2194213867,77305,77315,10
12.8255796432,80.2194366455,77315,77325,10
12.8261604309,80.2194366455,77325,77335,10
12.8269796371,80.2194213867,77335,77345,10
12.8272399902,80.2194137573,77345,77356,11
12.8275003433,80.2194213867,77356,77366,10
12.8279800415,80.2194366455,77366,77376,10
12.8287496567,80.2194366455,77376,77386,10
12.8296003342,80.2194595337,77386,77396,10
12.8305397034,80.2194366455,77396,77406,10
12.8309001923,80.2194595337,77406,77416,10
12.8311901093,80.219833374,77416,77426,10
12.8311595917,80.2206802368,77426,77437,11
12.8311595917,80.2217712402,77437,77447,10
12.8311395645,80.2221832275,77447,77457,10
12.8311300278,80.2226333618,77457,77467,10
12.8311300278,80.2234420776,77467,77477,10
12.8311300278,80.224357605,77477,77487,10
12.8311195374,80.2247161865,77487,77497,10
12.8311100006,80.2252731323,77497,77507,10
12.8311100006,80.2261199951,77507,77518,11
12.8312997818,80.2273178101,77518,77528,10
12.8315200806,80.2283782959,77528,77538,10
12.8316602707,80.2290496826,77538,77548,10
12.8318395615,80.2291793823,77548,77558,10
12.8323602676,80.2290878296,77558,77568,10
12.8332004547,80.2289276123,77568,77578,10
12.8343200684,80.2287216187,77578,77588,10
12.8355703354,80.2285232544,77588,77599,11
12.8370103836,80.2283096313,77599,77609,10
12.838259697,80.2280578613,77609,77619,10
12.8390398026,80.2278137207,77619,77629,10
12.8395204544,80.2276306152,77629,77639,10
12.8400802612,80.2275466919,77639,77649,10
12.8408403397,80.2273635864,77649,77659,10
12.8418798447,80.2270889282,77659,77669,10
12.8430595398,80.2268371582,77669,77680,11
12.8442897797,80.2266693115,77680,77690,10
12.8452596664,80.2265930176,77690,77710,20
12.8452596664,80.2265930176,77710,77720,10
12.8455896378,80.2265930176,77720,77730,10
12.8460798264,80.226600647,77730,77740,10
12.8468904495,80.2265777588,77740,77750,10
12.8479604721,80.2265777588,77750,77761,11
12.8491601944,80.2265625,77761,77771,10
12.8499097824,80.2265396118,77771,77791,20
12.8499097824,80.2265396118,77791,77801,10
12.8503503799,80.2265472412,77801,77811,10
12.851099968,80.2265701294,77811,77821,10
12.852060318,80.2266082764,77821,77831,10
12.8531103134,80.2266464233,77831,77842,11
12.8543596268,80.2265396118,77842,77852,10
12.8554801941,80.2264328003,77852,77862,10
12.8566102982,80.2263183594,77862,77872,10
12.8577404022,80.2262268066,77872,77882,10
12.8586397171,80.2262420654,77882,77892,10
12.8597002029,80.2263793945,77892,77902,10
12.8606100082,80.2265014648,77902,77912,10
12.8607702255,80.2265396118,77912,77923,11
12.8611898422,80.2265625,77923,77933,10
12.8619804382,80.2265396118,77933,77943,10
12.8629598618,80.2265014648,77943,77953,10
12.8640699387,80.2265167236,77953,77963,10
12.8653097153,80.2265701294,77963,77973,10
12.8666601181,80.2265167236,77973,77983,10
12.8680400848,80.2264022827,77983,77993,10
12.8694095612,80.2264785767,77993,78004,11
12.8708400726,80.2266235352,78004,78014,10
12.8721199036,80.2266616821,78014,78024,10
12.8733100891,80.2267074585,78024,78034,10
12.8745803833,80.2268295288,78034,78044,10
12.8758096695,80.2269515991,78044,78054,10
12.876660347,80.2269515991,78054,78064,10
12.8774900436,80.2268981934,78064,78074,10
12.8785104752,80.2268218994,78074,78083,9
12.8795604706,80.2267684937,78083,78095,12
12.8809995651,80.2267532349,78095,78105,10
12.8822698593,80.2267379761,78105,78115,10
12.8835296631,80.2267303467,78115,78125,10
12.8846702576,80.2266998291,78125,78135,10
12.8852796555,80.2267074585,78135,78145,10
12.8854503632,80.2267303467,78145,78155,10
12.8860197067,80.2268829346,78155,78165,10
12.8868398666,80.2270889282,78165,78176,11
12.8879699707,80.2272720337,78176,78186,10
12.8891401291,80.2273330688,78186,78196,10
12.8903999329,80.2273406982,78196,78206,10
12.8915500641,80.2273406982,78206,78216,10
12.8926296234,80.2274017334,78216,78226,10
12.8936100006,80.2275390625,78226,78236,10
12.8946199417,80.2276382446,78236,78246,10
12.8957595825,80.2276763916,78246,78257,11
12.8971595764,80.2277297974,78257,78267,10
12.8984203339,80.2277984619,78267,78277,10
12.899479866,80.2278518677,78277,78287,10
12.9001197815,80.2278366089,78287,78297,10
12.9001903534,80.2278518677,78297,78307,10
12.9002599716,80.2278823853,78307,78317,10
12.9005298615,80.2279281616,78317,78327,10
12.9008798599,80.2279434204,78327,78338,11
12.9010801315,80.2279510498,78338,78348,10
12.9014101028,80.2279968262,78348,78358,10
12.9019203186,80.2279968262,78358,78368,10
12.9026403427,80.2280426025,78368,78378,10
12.9028301239,80.2280426025,78378,78388,10
12.9032297134,80.2280731201,78388,78398,10
12.9038000107,80.2280883789,78398,78408,10
12.9039297104,80.2280883789,78408,78419,11
12.9044399261,80.2281112671,78419,78429,10
12.9048404694,80.2281265259,78429,78510,81
12.9049797058,80.2281417847,78510,78530,20
12.9049797058,80.2281417847,78530,78540,10
12.9052000046,80.2281417847,78540,78550,10
12.9054203033,80.2281570435,78550,78560,10
12.9055204391,80.2281723022,78560,78570,10
12.9056501389,80.2282104492,78570,78631,61
12.9056501389,80.2282104492,78631,78641,10
12.9059696198,80.2282028198,78641,78651,10
12.9062204361,80.2282104492,78651,78662,11
12.9065599442,80.2282180786,78662,78672,10
12.9071102142,80.2282867432,78672,78682,10
12.9079303741,80.2284088135,78682,78692,10
12.9089603424,80.2285766602,78692,78702,10
12.9100503922,80.2287597656,78702,78712,10
12.9112300873,80.2289505005,78712,78722,10
12.9124498367,80.2291183472,78722,78732,10
12.9133901596,80.2292480469,78732,78743,11
12.9141798019,80.2293701172,78743,78753,10
12.9150896072,80.2294921875,78753,78763,10
12.9161500931,80.229637146,78763,78773,10
12.9172401428,80.2297897339,78773,78783,10
12.918299675,80.2299423218,78783,78793,10
12.9191303253,80.2300186157,78793,78803,10
12.9193601608,80.2300567627,78803,78813,10
12.9199800491,80.230140686,78813,78824,11
12.9209499359,80.2302627563,78824,78834,10
12.9220399857,80.2304077148,78834,78844,10
12.9232397079,80.2306213379,78844,78854,10
12.9245004654,80.2307815552,78854,78864,10
12.9257202148,80.2309112549,78864,78874,10
12.9264097214,80.2309570313,78874,78884,10
12.926609993,80.2309875488,78884,78894,10
12.9272298813,80.2310562134,78894,78905,11
12.9281997681,80.2311935425,78905,78915,10
12.9291400909,80.2313766479,78915,78925,10
12.9302396774,80.2316436768,78925,78935,10
12.9314403534,80.2320022583,78935,78945,10
12.9326000214,80.2323684692,78945,78955,10
12.9331197739,80.2325515747,78955,78965,10
12.9334802628,80.232711792,78965,78975,10
12.9340896606,80.233001709,78975,78986,11
12.9349403381,80.2333679199,78986,78996,10
12.9353704453,80.233581543,78996,79006,10
12.9357500076,80.2337493896,79006,79016,10
12.9364004135,80.2340393066,79016,79026,10
12.9372596741,80.2344512939,79026,79036,10
12.9383296967,80.2349777222,79036,79046,10
12.939209938,80.2354431152,79046,79056,10
12.9397802353,80.2357177734,79056,79067,11
12.9406003952,80.2359695435,79067,79077,10
12.9415397644,80.2362136841,79077,79087,10
12.9423904419,80.2364425659,79087,79097,10
12.9432401657,80.2369308472,79097,79107,10
12.9440698624,80.2378234863,79107,79117,10
12.9447603226,80.2386169434,79117,79127,10
12.9458198547,80.2394638062,79127,79137,10
12.9469203949,80.2399215698,79137,79148,11
12.9481601715,80.2404098511,79148,79158,10
12.9491901398,80.2408065796,79158,79168,10
12.9500703812,80.2410736084,79168,79178,10
12.9509000778,80.2413024902,79178,79188,10
12.9511404037,80.2413864136,79188,79198,10
12.9515695572,80.2415390015,79198,79208,10
12.9521799088,80.2417602539,79208,79218,10
12.95291996,80.2420425415,79218,79229,11
12.9539403915,80.24243927,79229,79239,10
12.9547595978,80.2427597046,79239,79249,10
12.955329895,80.242980957,79249,79259,10
12.9561100006,80.2433013916,79259,79269,10
12.956410408,80.2434005737,79269,79279,10
12.9568595886,80.2435913086,79279,79289,10
12.9576396942,80.2439193726,79289,79299,10
12.9583702087,80.2442169189,79299,79310,11
12.9589004517,80.244430542,79310,79320,10
12.9590396881,80.2444992065,79320,79330,10
12.9595804214,80.2447662354,79330,79340,10
12.9603796005,80.2451477051,79340,79350,10
12.961400032,80.2456283569,79350,79360,10
12.9624204636,80.246131897,79360,79370,10
12.9629802704,80.246383667,79370,79380,10
12.9631299973,80.2464675903,79380,79391,11
12.9635295868,80.2466812134,79391,79401,10
12.9641399384,80.2469177246,79401,79411,10
12.9649000168,80.2471923828,79411,79421,10
12.965760231,80.2474975586,79421,79431,10
12.9664402008,80.2477416992,79431,79441,10
12.9665203094,80.2477798462,79441,79451,10
12.9667396545,80.2478790283,79451,79461,10
12.9669704437,80.2480316162,79461,79471,10
12.9675598145,80.2483062744,79471,79482,11
12.9685401917,80.2487182617,79482,79492,10
12.9696302414,80.2491531372,79492,79502,10
12.9708003998,80.2495803833,79502,79512,10
12.9720201492,80.2499389648,79512,79522,10
12.9731798172,80.2502593994,79522,79532,10
12.9743404388,80.2505722046,79532,79542,10
12.9754295349,80.2508926392,79542,79552,10
12.9766302109,80.2512283325,79552,79563,11
12.9776201248,80.2516708374,79563,79573,10
12.9783601761,80.2522735596,79573,79583,10
12.9785900116,80.2524032593,79583,79593,10
12.979060173,80.2525787354,79593,79603,10
12.9798297882,80.2526473999,79603,79654,51
12.9798297882,80.2526473999,79654,79664,10
12.9799003601,80.2526779175,79664,79674,10
12.9803695679,80.2526779175,79674,79684,10
12.9810600281,80.2526626587,79684,79694,10
12.9819803238,80.2526321411,79694,79704,10
12.983039856,80.252571106,79704,79714,10
12.9840497971,80.2523727417,79714,79725,11
12.9848003387,80.252166748,79725,79755,30
12.9848003387,80.252166748,79755,79765,10
12.9850301743,80.2520675659,79765,79816,51
12.9850301743,80.2520675659,79816,79826,10
12.9853096008,80.2519989014,79826,79836,10
12.9855203629,80.2519378662,79836,79846,10
12.9858102798,80.2518463135,79846,79927,81
12.9858102798,80.2518463135,79927,79937,10
12.9861803055,80.2517318726,79937,79947,10
12.9863004684,80.2516784668,79947,79957,10
12.9864597321,80.2516479492,79957,79968,11
12.9869298935,80.2515335083,79968,80059,91
12.9869298935,80.2515335083,80059,80069,10
12.9869699478,80.2515106201,80069,80079,10
12.9872503281,80.2514419556,80079,80089,10
12.9875001907,80.251373291,80089,80099,10
12.9877099991,80.2513198853,80099,80109,10
12.9880895615,80.2512283325,80109,80119,10
12.9888696671,80.2510375977,80119,80130,11
12.9894895554,80.2508468628,80130,80140,10
12.9896001816,80.250831604,80140,80150,10
12.9899501801,80.2507629395,80150,80160,10
12.9906396866,80.250579834,80160,80170,10
12.9915800095,80.2503433228,80170,80180,10
12.9927196503,80.2500610352,80180,80190,10
12.9939498901,80.2497406006,80190,80200,10
12.9952001572,80.2494430542,80200,80211,11
12.9966201782,80.2490997314,80211,80221,10
12.9979600906,80.2487716675,80221,80231,10
12.9993095398,80.2484207153,80231,80241,10
13.0006399155,80.2480773926,80241,80251,10
13.0019397736,80.2477493286,80251,80261,10
13.003279686,80.2474899292,80261,80271,10
13.0046100616,80.2472991943,80271,80281,10
13.0057401657,80.2471008301,80281,80292,11
13.006480217,80.2465591431,80292,80302,10
13.0065498352,80.246307373,80302,80312,10
13.0065803528,80.245880127,80312,80322,10
13.0066204071,80.2450790405,80322,80332,10
13.0066099167,80.2442169189,80332,80342,10
13.0065803528,80.2436904907,80342,80352,10
13.0065698624,80.2429580688,80352,80362,10
13.0065402985,80.2419586182,80362,80373,11
13.0066003799,80.2408599854,80373,80383,10
13.0066900253,80.2402877808,80383,80393,10
13.0066995621,80.2402801514,80393,80403,10
13.0067501068,80.2400970459,80403,80413,10
13.0068502426,80.2396469116,80413,80423,10
13.0069999695,80.2388076782,80423,80433,10
13.0072002411,80.2378234863,80433,80443,10
13.0073604584,80.2369766235,80443,80454,11
13.0074100494,80.2366790771,80454,80464,10
13.0074901581,80.236328125,80464,80474,10
13.0076398849,80.2356719971,80474,80484,10
13.0078001022,80.2348098755,80484,80494,10
13.0080299377,80.2338409424,80494,80504,10
13.0082101822,80.2330093384,80504,80514,10
13.0084896088,80.2315597534,80514,80524,10
13.0087203979,80.2302474976,80524,80535,11
13.0090103149,80.2288208008,80535,80545,10
13.0093202591,80.2277374268,80545,80555,10
13.0098199844,80.2266616821,80555,80565,10
13.010310173,80.2256164551,80565,80575,10
13.010720253,80.2248001099,80575,80585,10
13.0110502243,80.2240600586,80585,80595,10
13.0112695694,80.2234725952,80595,80616,21
13.0112695694,80.2234725952,80616,80626,10
13.0113801956,80.2230987549,80626,80636,10
13.0116901398,80.2224731445,80636,80646,10
13.0120201111,80.2215194702,80646,80656,10
13.0123996735,80.2215576172,80656,80666,10
13.0128297806,80.2221298218,80666,80676,10
13.0134000778,80.2228622437,80676,80686,10
13.0141000748,80.2236633301,80686,80696,10
13.0148000717,80.2244720459,80696,80707,11
13.0155496597,80.225112915,80707,80717,10
13.0157003403,80.2251586914,80717,80727,10
13.0162000656,80.2253036499,80727,80737,10
13.0170602798,80.2250900269,80737,80747,10
13.0181398392,80.2246398926,80747,80757,10
13.0192499161,80.2243423462,80757,80767,10
13.0200004578,80.2246627808,80767,80777,10
13.0201597214,80.2248077393,80777,80788,11
13.0206298828,80.2251586914,80788,80798,10
13.0212697983,80.2256393433,80798,80808,10
13.0221004486,80.2263031006,80808,80818,10
13.022939682,80.2270507813,80818,80828,10
13.0236997604,80.2277297974,80828,80838,10
13.0243902206,80.2284164429,80838,80889,51
13.0243902206,80.2284164429,80889,80899,10
13.0243597031,80.2286376953,80899,80909,10
13.0241603851,80.2284622192,80909,80919,10
13.0237598419,80.2279281616,80919,80929,10
13.0223398209,80.2265930176,80929,80939,10
13.0223398209,80.2265930176,80939,80950,11
13.0214796066,80.2258605957,80950,80960,10
13.0207004547,80.2252731323,80960,80970,10
13.0200300217,80.224822998,80970,80980,10
13.0195398331,80.2245178223,80980,80990,10
13.0187702179,80.2244567871,80990,81001,11
13.0178899765,80.2248001099,81001,81011,10
13.0169496536,80.2251968384,81011,81021,10
13.0162000656,80.2254867554,81021,81032,11
13.0153999329,80.2257614136,81032,81042,10
13.0148696899,80.2259216309,81042,81051,9
13.0146799088,80.225982666,81051,81062,11
13.014380455,80.2260971069,81062,81072,10
13.0141801834,80.2260665894,81072,81082,10
13.0142097473,80.2258605957,81082,81092,10
13.0141801834,80.2254104614,81092,81163,71
13.0141801834,80.2254104614,81163,81173,10
13.0145101547,80.2251968384,81173,81183,10
13.0145797729,80.225479126,81183,84616,3433
13.0144996643,80.2255172729,84616,85456,840
