12.9863996506,80.2587585449,15,1609,1594
12.9866695404,80.2587509155,1609,1871,262
12.9866504669,80.258682251,1871,1901,30
12.9866399765,80.2587814331,1901,2234,333
12.9866399765,80.2587814331,2234,2244,10
12.9865398407,80.2589416504,2244,2426,182
12.9864196777,80.2589035034,2426,6612,4186
12.9864196777,80.2589035034,6612,6622,10
12.9863996506,80.2589797974,6622,6673,51
12.9864301682,80.2588729858,6673,8479,1806
12.9864196777,80.2588195801,8479,8781,302
12.9865102768,80.2589569092,8781,9578,797
12.9863700867,80.2588500977,9578,10244,666
12.9865398407,80.2590103149,10244,14209,3965
12.9864797592,80.2587432861,14209,15248,1039
12.986410141,80.2589035034,15248,15308,60
12.9864501953,80.2587814331,15308,16519,1211
12.9864397049,80.2588500977,16519,17629,1110
12.9864397049,80.2589111328,17629,17699,70
12.9864397049,80.2589111328,17699,17708,9
12.9864301682,80.2588577271,17708,19142,1434
12.9864397049,80.2588195801,19142,24792,5650
12.9866695404,80.2590103149,24792,24853,61
12.9866695404,80.2590103149,24853,24863,10
12.9870901108,80.2591705322,24863,24974,111
12.9873399734,80.2588806152,24974,25115,141
12.9873399734,80.2588806152,25115,25125,10
12.9873800278,80.2584228516,25125,25145,20
12.9873800278,80.2584228516,25145,25155,10
12.9874296188,80.2582397461,25155,25165,10
12.9874200821,80.2580718994,25165,25175,10
12.9874401093,80.2577362061,25175,25184,9
12.9875097275,80.2571182251,25184,25196,12
12.9876003265,80.2561035156,25196,25206,10
12.9878702164,80.2557296753,25206,25216,10
12.9883203506,80.2558135986,25216,25226,10
12.9885597229,80.2558364868,25226,25236,10
12.9887104034,80.2558670044,25236,25246,10
12.9892396927,80.2559432983,25246,25256,10
12.9900598526,80.2560119629,25256,25266,10
12.9906902313,80.2559967041,25266,25276,10
12.9912700653,80.2560424805,25276,25286,10
12.9919395447,80.2560501099,25286,25296,10
12.9927597046,80.2560577393,25296,25307,11
12.9933595657,80.2559967041,25307,25317,10
12.9936199188,80.2559890747,25317,25327,10
12.9941396713,80.2559890747,25327,25337,10
12.9948196411,80.2559280396,25337,25347,10
12.9955396652,80.2559280396,25347,25357,10
12.9961204529,80.2559204102,25357,25367,10
12.9967002869,80.255897522,25367,25377,10
12.9970598221,80.2558822632,25377,25387,10
12.9975795746,80.255897522,25387,25397,10
12.9982595444,80.2559509277,25397,25407,10
12.9989404678,80.2560119629,25407,25428,21
12.9989404678,80.2560119629,25428,25438,10
12.9990797043,80.2560424805,25438,25448,10
12.9993896484,80.2561035156,25448,25458,10
12.9995498657,80.2561416626,25458,25468,10
13.0000696182,80.2562484741,25468,25478,10
13.0010404587,80.256439209,25478,25518,40
13.0010404587,80.256439209,25518,25529,11
13.0012598038,80.256477356,25529,25539,10
13.001830101,80.2565765381,25539,25549,10
13.0026197433,80.2567214966,25549,25559,10
13.0033903122,80.2568664551,25559,25569,10
13.0042800903,80.2570419312,25569,25579,10
13.0050897598,80.2571716309,25579,25589,10
13.005900383,80.2573318481,25589,25599,10
13.0065898895,80.2574386597,25599,25609,10
13.0068998337,80.2576980591,25609,25619,10
13.0072202682,80.2582702637,25619,25629,10
13.0075597763,80.2585296631,25629,25640,11
13.0078496933,80.2586975098,25640,25650,10
13.0081396103,80.2588272095,25650,25660,10
13.0087299347,80.2590408325,25660,25670,10
13.009469986,80.2590637207,25670,25680,10
13.0104503632,80.2590713501,25680,25690,10
13.0116100311,80.2590637207,25690,25700,10
13.012840271,80.2591171265,25700,25710,10
13.01404953,80.259147644,25710,25720,10
13.015250206,80.2592163086,25720,25730,10
13.0162200928,80.2595901489,25730,25740,10
13.0165596008,80.2597808838,25740,25750,10
13.0165596008,80.2597885132,25750,25761,11
13.0168199539,80.2600097656,25761,25771,10
13.0174198151,80.2604064941,25771,25781,10
13.0180301666,80.2608184814,25781,25791,10
13.0187597275,80.2613067627,25791,25801,10
13.019370079,80.2618331909,25801,25811,10
13.0199098587,80.2623825073,25811,25821,10
13.0205698013,80.2627792358,25821,25831,10
13.0214195251,80.2630691528,25831,25841,10
13.0220403671,80.263343811,25841,25851,10
13.0223197937,80.2634887695,25851,25860,9
13.0228796005,80.2637634277,25860,25872,12
13.0236701965,80.2641906738,25872,25882,10
13.0243501663,80.2646179199,25882,25892,10
13.0249004364,80.2650909424,25892,25902,10
13.025560379,80.2654876709,25902,25912,10
13.0259599686,80.2657394409,25912,25932,20
13.0259599686,80.2657394409,25932,25942,10
13.026309967,80.2657394409,25942,25952,10
13.0263395309,80.2652816772,25952,25962,10
13.0263996124,80.2648010254,25962,25972,10
13.0264997482,80.264289856,25972,25983,11
13.0265798569,80.2638168335,25983,25993,10
13.0265903473,80.2637481689,25993,26003,10
13.0266399384,80.2634429932,26003,26013,10
13.0270204544,80.2634811401,26013,26023,10
13.0275297165,80.2635421753,26023,26033,10
13.0282697678,80.2637863159,26033,26043,10
13.0290203094,80.2639694214,26043,26053,10
13.0293197632,80.2641525269,26053,26063,10
13.0293302536,80.2645797729,26063,26073,10
13.029299736,80.2652130127,26073,26083,10
13.0292701721,80.2658615112,26083,26094,11
13.029250145,80.2663574219,26094,26104,10
13.0295000076,80.2665176392,26104,26114,10
13.0301198959,80.2666397095,26114,26124,10
13.0309495926,80.2668609619,26124,26134,10
13.0316801071,80.2671279907,26134,26144,10
13.0322999954,80.2674102783,26144,26154,10
13.03262043,80.2676010132,26154,26164,10
13.0331897736,80.2677612305,26164,26174,10
13.0339202881,80.2679290771,26174,26194,20
13.0339202881,80.2679290771,26194,26205,11
13.0340795517,80.2679672241,26205,26215,10
13.0344600677,80.2680511475,26215,26225,10
13.0350704193,80.2679672241,26225,26235,10
13.0358104706,80.2678375244,26235,26245,10
13.0366296768,80.2676696777,26245,26255,10
13.0369501114,80.2672119141,26255,26265,10
13.0371198654,80.2667236328,26265,26275,10
13.0373296738,80.2659378052,26275,26285,10
13.037560463,80.2649383545,26285,26295,10
13.0378303528,80.2643508911,26295,26305,10
13.0381803513,80.2644195557,26305,26316,11
13.0385303497,80.2645263672,26316,26326,10
13.0389404297,80.2646408081,26326,26336,10
13.0396099091,80.2647171021,26336,26346,10
13.0402002335,80.2646179199,26346,26356,10
13.040599823,80.2646484375,26356,26366,10
13.0409402847,80.2646789551,26366,26376,10
13.0414304733,80.2648468018,26376,26386,10
13.0413398743,80.2654266357,26386,26396,10
13.0411996841,80.2660827637,26396,26406,10
13.0411195755,80.2668228149,26406,26416,10
13.0410699844,80.2671279907,26416,26426,10
13.0409898758,80.2675704956,26426,26437,11
13.0410003662,80.268119812,26437,26447,10
13.0414104462,80.268157959,26447,26457,10
13.0416898727,80.2681884766,26457,26467,10
13.0422897339,80.2681121826,26467,26477,10
13.0430698395,80.2677383423,26477,26487,10
13.0437898636,80.2673034668,26487,26497,10
13.0443897247,80.2669372559,26497,26507,10
13.044960022,80.2667236328,26507,26517,10
13.045800209,80.2666015625,26517,26527,10
13.0466499329,80.2663574219,26527,26537,10
13.0472202301,80.2663421631,26537,26548,11
13.0473003387,80.2663421631,26548,26558,10
13.047659874,80.2662582397,26558,26568,10
13.0481004715,80.2659912109,26568,26578,10
13.0486097336,80.2655105591,26578,26588,10
13.0490503311,80.2647171021,26588,26598,10
13.0493898392,80.2640991211,26598,26608,10
13.0497999191,80.2640609741,26608,26618,10
13.0502700806,80.2641372681,26618,26628,10
13.050860405,80.2641296387,26628,26638,10
13.0516700745,80.2639770508,26638,26648,10
13.0523796082,80.2637710571,26648,26659,11
13.0526304245,80.2638168335,26659,26669,10
13.053150177,80.2638778687,26669,26679,10
13.0537796021,80.263961792,26679,26689,10
13.0542802811,80.264213562,26689,26699,10
13.0544204712,80.264251709,26699,26709,10
13.0548000336,80.2643203735,26709,26719,10
13.0555400848,80.2644729614,26719,26729,10
13.0563201904,80.2645492554,26729,26739,10
13.057009697,80.2647018433,26739,26749,10
13.0577697754,80.2650680542,26749,26759,10
13.0580101013,80.2646484375,26759,26769,10
13.0579004288,80.2638778687,26769,26780,11
13.057849884,80.2630691528,26780,26790,10
13.0577898026,80.2626724243,26790,26800,10
13.0577602386,80.2624664307,26800,26810,10
13.05768013,80.2619400024,26810,26820,10
13.0575399399,80.2611999512,26820,26830,10
13.0579500198,80.2609634399,26830,26840,10
13.0584897995,80.2609329224,26840,26850,10
13.058930397,80.2609024048,26850,26860,10
13.0593700409,80.2607803345,26860,26870,10
13.0597896576,80.2605209351,26870,26880,10
13.0601501465,80.2607727051,26880,26891,11
13.0607595444,80.2614517212,26891,26901,10
13.0613803864,80.2620773315,26901,26911,10
13.0619697571,80.262802124,26911,26941,30
13.0619697571,80.262802124,26941,26951,10
13.0621099472,80.2630310059,26951,26961,10
13.0625495911,80.2635421753,26961,26971,10
13.0630502701,80.2641067505,26971,26981,10
13.0635700226,80.264831543,26981,26990,9
13.0639600754,80.2654266357,26990,27002,12
13.0645103455,80.2661590576,27002,27012,10
13.0649204254,80.2667388916,27012,27022,10
13.0654401779,80.2671737671,27022,27032,10
13.0659799576,80.267791748,27032,27042,10
13.0664997101,80.2683334351,27042,27062,20
13.0664997101,80.2683334351,27062,27072,10
13.0668802261,80.2684783936,27072,27082,10
13.0674104691,80.2688369751,27082,27092,10
13.067990303,80.2693023682,27092,27102,10
13.0682601929,80.26978302,27102,27113,11
13.0681800842,80.2706680298,27113,27123,10
13.0682601929,80.2715072632,27123,27133,10
13.0686302185,80.2719116211,27133,27143,10
13.0690803528,80.2720489502,27143,27153,10
13.0696802139,80.2726287842,27153,27163,10
13.0703401566,80.2733688354,27163,27173,10
13.0709295273,80.2740325928,27173,27183,10
13.071269989,80.2741470337,27183,27193,10
13.0719003677,80.2744903564,27193,27203,10
13.072520256,80.275138855,27203,27213,10
13.0732498169,80.275932312,27213,27224,11
13.0741996765,80.2763671875,27224,27234,10
13.0752801895,80.2763214111,27234,27244,10
13.075799942,80.2762832642,27244,27254,10
13.0760402679,80.2762527466,27254,27264,10
13.076499939,80.276260376,27264,27274,10
13.0773200989,80.2761993408,27274,27284,10
13.0781497955,80.2760467529,27284,27294,10
13.0784702301,80.2752914429,27294,27304,10
13.0792303085,80.2751922607,27304,27314,10
13.0801200867,80.2752685547,27314,27324,10
13.0810098648,80.2751693726,27324,27334,10
13.0814599991,80.2751083374,27334,27445,111
13.0814599991,80.2751083374,27445,27456,11
13.0817298889,80.2751464844,27456,27466,10
13.0820102692,80.2754592896,27466,27496,30
13.0820102692,80.2754592896,27496,27506,10
13.0820398331,80.2755203247,27506,27516,10
13.0820503235,80.2758026123,27516,27526,10
13.0819101334,80.2760391235,27526,27536,10
13.0818901062,80.2763519287,27536,27546,10
13.0819797516,80.2770385742,27546,27556,10
13.0820903778,80.27784729,27556,27567,11
13.082570076,80.2780532837,27567,27577,10
13.0832004547,80.2780914307,27577,27587,10
13.0834302902,80.278137207,27587,27597,10
13.0835504532,80.2786026001,27597,27607,10
13.0838003159,80.2791595459,27607,27617,10
13.08452034,80.279258728,27617,27627,10
13.0853099823,80.2794799805,27627,27637,10
13.0856599808,80.2801895142,27637,27647,10
13.0860795975,80.2808914185,27647,27657,10
13.0869598389,80.2811584473,27657,27666,9
13.087849617,80.2813720703,27666,27678,12
13.0882396698,80.2814331055,27678,27688,10
13.0884599686,80.28150177,27688,27698,10
13.0885601044,80.2819290161,27698,27708,10
13.0884399414,80.2825012207,27708,27718,10
13.0883703232,80.2828521729,27718,27728,10
13.0883703232,80.2833023071,27728,27738,10
13.0883903503,80.2838668823,27738,27748,10
13.0884599686,80.2850799561,27748,27819,71
13.0884599686,80.2850799561,27819,27829,10
13.0884799957,80.2851791382,27829,27839,10
13.0885095596,80.2856903076,27839,27849,10
13.088549614,80.2861785889,27849,27859,10
13.0885601044,80.286529541,27859,27869,10
13.0885696411,80.2870178223,27869,27879,10
13.0886201859,80.2874069214,27879,27889,10
13.0886297226,80.2874526978,27889,27899,10
13.0886497498,80.2877197266,27899,27910,11
13.0887098312,80.2883987427,27910,27920,10
13.0887098312,80.2885971069,27920,27930,10
13.0887098312,80.2889633179,27930,27940,10
13.088809967,80.2897033691,27940,27950,10
13.0888996124,80.2902603149,27950,27970,20
13.0888996124,80.2902603149,27970,27980,10
13.0890798569,80.2906570435,27980,27990,10
13.0898103714,80.2908096313,27990,28000,10
13.090880394,80.2911224365,28000,28010,10
13.0918302536,80.2914276123,28010,28021,11
13.0927696228,80.2917327881,28021,28031,10
13.0930204391,80.2918014526,28031,28041,10
13.0930500031,80.2918624878,28041,28051,10
13.0934200287,80.2920074463,28051,28061,10
13.0942602158,80.2922821045,28061,28071,10
13.0950803757,80.2925415039,28071,28081,10
13.0959997177,80.2928009033,28081,28091,10
13.0968198776,80.2930984497,28091,28101,10
13.0977201462,80.2934112549,28101,28111,10
13.0985403061,80.2936782837,28111,28121,10
13.0994300842,80.2939376831,28121,28131,10
13.100060463,80.2941436768,28131,28142,11
13.1007204056,80.2942733765,28142,28152,10
13.1011800766,80.2943572998,28152,28162,10
13.1016302109,80.2938995361,28162,28172,10
13.1018295288,80.29347229,28172,28182,10
13.1020698547,80.2927322388,28182,28192,10
13.1022396088,80.2920684814,28192,28202,10
13.1023597717,80.2916107178,28202,28212,10
13.1027002335,80.2908630371,28212,28222,10
13.1033296585,80.2908096313,28222,28232,10
13.1040296555,80.2909011841,28232,28242,10
13.1048002243,80.2909088135,28242,28253,11
13.1055803299,80.2910003662,28253,28263,10
13.1062498093,80.2911529541,28263,28273,10
13.106880188,80.2912597656,28273,28283,10
13.1074304581,80.2913589478,28283,28293,10
13.1078901291,80.2914276123,28293,28303,10
13.1084003448,80.291519165,28303,28313,10
13.1091804504,80.2916793823,28313,28333,20
13.1091804504,80.2916793823,28333,28343,10
13.1094198227,80.2917480469,28343,28353,10
13.1099100113,80.291809082,28353,28364,11
13.1103601456,80.2918930054,28364,28374,10
13.1106901169,80.2919311523,28374,28384,10
13.1113395691,80.2920074463,28384,28394,10
13.1120901108,80.292137146,28394,28404,10
13.1127500534,80.2922363281,28404,28414,10
13.1133499146,80.2923431396,28414,28424,10
13.114159584,80.2924728394,28424,28444,20
13.114159584,80.2924728394,28444,28454,10
13.1143198013,80.2924728394,28454,28464,10
13.1147699356,80.2925491333,28464,28475,11
13.1153497696,80.2926025391,28475,28485,10
13.1153802872,80.2926101685,28485,28495,10
13.1158399582,80.292678833,28495,28505,10
13.1166400909,80.2928237915,28505,28515,10
13.1174497604,80.2929611206,28515,28525,10
13.1182003021,80.2930908203,28525,28535,10
13.1189804077,80.2932434082,28535,28545,10
13.1196203232,80.2933731079,28545,28555,10
13.1201496124,80.2934799194,28555,28565,10
13.1206197739,80.2935791016,28565,28575,10
13.1213798523,80.293762207,28575,28585,10
13.1217899323,80.2938537598,28585,28596,11
13.122469902,80.2940063477,28596,28606,10
13.123290062,80.2941894531,28606,28616,10
13.1240997314,80.294380188,28616,28626,10
13.1248502731,80.2945480347,28626,28636,10
13.1253700256,80.2946777344,28636,28646,10
13.1255702972,80.2947311401,28646,28656,10
13.1257400513,80.2947769165,28656,28666,10
13.1263599396,80.2949371338,28666,28676,10
13.1270704269,80.2951202393,28676,28686,10
13.1276903152,80.2953186035,28686,28696,10
13.1284799576,80.295539856,28696,28707,11
13.1295204163,80.2958221436,28707,28717,10
13.1303901672,80.2960586548,28717,28727,10
13.1310901642,80.2962799072,28727,28737,10
13.1317596436,80.2964477539,28737,28747,10
13.1322803497,80.2966079712,28747,28757,10
13.1329498291,80.2967910767,28757,28767,10
13.133600235,80.2969665527,28767,28777,10
13.1339998245,80.2970809937,28777,28787,10
13.1345500946,80.2972412109,28787,28797,10
13.1347703934,80.2973098755,28797,28807,10
13.1350498199,80.2974014282,28807,28817,10
13.1357402802,80.2975692749,28817,28828,11
13.1367101669,80.2977981567,28828,28838,10
13.1375703812,80.2980499268,28838,28848,10
13.138299942,80.2982711792,28848,28858,10
13.1388301849,80.2984313965,28858,28868,10
13.1391897202,80.2985305786,28868,28878,10
13.1397800446,80.2987136841,28878,28888,10
13.1402797699,80.2988433838,28888,28898,10
13.1410398483,80.2990112305,28898,28908,10
13.141869545,80.2992401123,28908,28918,10
13.1426801682,80.2994613647,28918,28927,9
13.1431798935,80.2996292114,28927,28939,12
13.1436700821,80.2998275757,28939,28949,10
13.1443099976,80.299987793,28949,28959,10
13.1449403763,80.3001785278,28959,28969,10
13.1455802917,80.3004379272,28969,28979,10
13.1461000443,80.3009262085,28979,28989,10
13.1465797424,80.3014221191,28989,28999,10
13.1472797394,80.3019638062,28999,29009,10
13.1483001709,80.3024368286,29009,29019,10
13.1492900848,80.3027801514,29019,29029,10
13.1503200531,80.3031234741,29029,29039,10
13.1511898041,80.3034362793,29039,29050,11
13.15184021,80.3036270142,29050,29060,10
13.1525201797,80.303817749,29060,29070,10
13.1532201767,80.3040313721,29070,29080,10
13.1539497375,80.3042602539,29080,29090,10
13.1547498703,80.3045196533,29090,29100,10
13.1556997299,80.3047790527,29100,29110,10
13.1566295624,80.3050689697,29110,29120,10
13.1575202942,80.3053283691,29120,29130,10
13.1584701538,80.3056030273,29130,29140,10
13.1592798233,80.3058166504,29140,29150,10
13.1600399017,80.3059616089,29150,29160,10
13.1602096558,80.3059768677,29160,29171,11
13.1604003906,80.3060302734,29171,29181,10
13.1609201431,80.3061218262,29181,29191,10
13.1617698669,80.3062362671,29191,29201,10
13.1625003815,80.3063735962,29201,29211,10
13.162730217,80.3064193726,29211,29221,10
13.1631202698,80.3064880371,29221,29231,10
13.1632795334,80.3065185547,29231,29241,10
13.1637897491,80.3066101074,29241,29251,10
13.1646299362,80.3068618774,29251,29261,10
13.1656103134,80.3073501587,29261,29271,10
13.1665296555,80.3081207275,29271,29282,11
13.1673297882,80.3090591431,29282,29292,10
13.1679697037,80.309928894,29292,29302,10
13.1689300537,80.3106689453,29302,29312,10
13.1701402664,80.3111419678,29312,29322,10
13.1713399887,80.3115234375,29322,29332,10
13.1725502014,80.3118896484,29332,29342,10
13.1736898422,80.31224823,29342,29352,10
13.1747198105,80.3125762939,29352,29362,10
13.1756696701,80.3129196167,29362,29372,10
13.176609993,80.313369751,29372,29382,10
13.1776304245,80.3137969971,29382,29393,11
13.1788597107,80.3141784668,29393,29403,10
13.1799497604,80.3146972656,29403,29413,10
13.1810903549,80.3152236938,29413,29423,10
13.1820497513,80.3157119751,29423,29433,10
13.1829595566,80.316116333,29433,29443,10
13.1836204529,80.3163909912,29443,29453,10
13.1840400696,80.3165588379,29453,29463,10
13.1844501495,80.3167190552,29463,29473,10
13.1847801208,80.3168334961,29473,29483,10
13.1853904724,80.3169784546,29483,29493,10
13.1856498718,80.3170089722,29493,29503,10
13.1856899261,80.3170089722,29503,29514,11
13.1862001419,80.3169326782,29514,29524,10
13.1869401932,80.3165817261,29524,29534,10
13.1876497269,80.31590271,29534,29544,10
13.1883096695,80.3152084351,29544,29554,10
13.1888599396,80.3145828247,29554,29574,20
13.1888599396,80.3145828247,29574,29584,10
13.1891403198,80.3143081665,29584,29594,10
13.1897096634,80.3138275146,29594,29604,10
13.1905403137,80.3134384155,29604,29614,10
13.1912403107,80.3133392334,29614,29625,11
13.1913499832,80.3133468628,29625,29635,10
13.1914396286,80.313369751,29635,29645,10
13.1919698715,80.3134536743,29645,29655,10
13.1927900314,80.313621521,29655,29665,10
13.1937198639,80.3138275146,29665,29675,10
13.1947202682,80.3140182495,29675,29685,10
13.1957302094,80.3142929077,29685,29695,10
13.1964902878,80.3146133423,29695,29705,10
13.1968297958,80.3147506714,29705,29715,10
13.197520256,80.3150405884,29715,29725,10
13.1984796524,80.3154602051,29725,29746,21
13.1984796524,80.3154602051,29746,29756,10
13.1985902786,80.3155212402,29756,29766,10
13.1988201141,80.3156204224,29766,29776,10
13.1990995407,80.3157501221,29776,29786,10
13.1996202469,80.3158798218,29786,29796,10
13.1999797821,80.3159408569,29796,29806,10
13.2003602982,80.3159866333,29806,29816,10
13.2008895874,80.3160934448,29816,29826,10
13.2017002106,80.3163833618,29826,29836,10
13.2026500702,80.3170623779,29836,29857,21
13.2026500702,80.3170623779,29857,29867,10
13.2028598785,80.3173370361,29867,29877,10
13.2031803131,80.3179931641,29877,29887,10
13.2033596039,80.3188934326,29887,29897,10
13.203669548,80.3198928833,29897,29907,10
13.2043800354,80.3207397461,29907,29917,10
13.2053604126,80.3212509155,29917,29927,10
13.206199646,80.3214187622,29927,29937,10
13.2067098618,80.3215179443,29937,29947,10
13.2068300247,80.3215408325,29947,29957,10
13.2070302963,80.3215866089,29957,29968,11
13.2071800232,80.3216171265,29968,29978,10
13.2077503204,80.3217391968,29978,29988,10
13.2086200714,80.3219680786,29988,29998,10
13.2096300125,80.3223266602,29998,30008,10
13.2105798721,80.3227462769,30008,30018,10
13.2109899521,80.3229827881,30018,30028,10
13.2116804123,80.3234405518,30028,30058,30
13.2117700577,80.3234863281,30058,30079,21
13.2117700577,80.3234863281,30079,30089,10
13.211930275,80.3236236572,30089,30099,10
13.2122001648,80.3238372803,30099,30109,10
13.2122402191,80.3238601685,30109,30119,10
13.2125396729,80.3240966797,30119,30129,10
13.2127799988,80.3243026733,30129,30139,10
13.2131900787,80.3246231079,30139,30149,10
13.2139501572,80.3251037598,30149,30159,10
13.2147703171,80.3256225586,30159,30169,10
13.2157001495,80.3259124756,30169,30179,10
13.2166795731,80.3261413574,30179,30189,10
13.2176303864,80.3264007568,30189,30200,11
13.2185096741,80.3266677856,30200,30210,10
13.2194499969,80.3269577026,30210,30220,10
13.220459938,80.3272628784,30220,30230,10
13.2215795517,80.3276290894,30230,30240,10
13.2227602005,80.3279876709,30240,30250,10
13.2238702774,80.3281173706,30250,30260,10
13.2247800827,80.3279037476,30260,30270,10
13.2250299454,80.3277511597,30270,30280,10
13.225060463,80.3277282715,30280,30290,10
13.2254495621,80.3275222778,30290,30300,10
13.2260503769,80.3272094727,30300,30311,11
13.2264404297,80.3270263672,30311,30321,10
13.2267904282,80.3268890381,30321,30331,10
13.2273397446,80.3265380859,30331,30381,50
13.2273397446,80.3265380859,30381,30391,10
13.2273302078,80.3262329102,30391,30401,10
13.2271099091,80.3257827759,30401,30411,10
13.226849556,80.3252105713,30411,30422,11
13.2267398834,80.3249206543,30422,30432,10
13.2264995575,80.3243789673,30432,30442,10
13.2262496948,80.3237762451,30442,30452,10
13.2260398865,80.3229980469,30452,30462,10
13.2259998322,80.3226928711,30462,30472,10
13.2259197235,80.3222503662,30472,30482,10
13.2257900238,80.3215179443,30482,30492,10
13.225399971,80.3210067749,30492,30502,10
13.2249803543,80.3208007813,30502,30522,20
13.2249803543,80.3208007813,30522,30532,10
13.2248401642,80.3207931519,30532,30543,11
13.2243204117,80.3205184937,30543,30544,1
13.2242698669,80.3204879761,30544,30563,19
13.223400116,80.3201065063,30563,30573,10
13.223400116,80.320098877,30573,30583,10
13.2231903076,80.3199920654,30583,30593,10
13.2228097916,80.3198623657,30593,30603,10
13.2225399017,80.3198394775,30603,30613,10
13.2222299576,80.319519043,30613,30623,10
13.2218904495,80.3194580078,30623,30633,10
13.2213897705,80.3194885254,30633,30642,9
13.2209300995,80.3196411133,30642,30674,32
13.2209300995,80.3196411133,30674,30684,10
13.2206697464,80.3196792603,30684,30694,10
13.2202701569,80.3198165894,30694,30704,10
13.220000267,80.3198699951,30704,30714,10
13.2197303772,80.3199310303,30714,30724,10
13.2191095352,80.3200531006,30724,30734,10
13.2186603546,80.32006073,30734,30744,10
13.2186002731,80.3200836182,30744,30754,10
13.2182598114,80.3200912476,30754,30764,10
13.2177095413,80.320098877,30764,30775,11
13.2172698975,80.3201599121,30775,30785,10
13.2171001434,80.3201904297,30785,30795,10
13.2168598175,80.3202590942,30795,30805,10
13.2163801193,80.3203887939,30805,30815,10
13.2157497406,80.3205566406,30815,30825,10
13.215470314,80.3205795288,30825,30835,10
13.2150602341,80.3205108643,30835,30845,10
13.2149496078,80.3204879761,30845,30855,10
13.2148303986,80.3204574585,30855,30865,10
13.2148103714,80.3204727173,30865,30875,10
13.2149095535,80.3206787109,30875,30886,11
13.2150201797,80.3207626343,30886,30896,10
13.2149400711,80.3210525513,30896,30906,10
13.2147397995,80.3210601807,30906,30976,70
13.2147397995,80.3210601807,30976,30986,10
13.2149095535,80.3208007813,30986,31521,535
13.2149095535,80.3208007813,31521,31531,10
13.2149896622,80.3205795288,31531,31551,20
13.2149896622,80.3205795288,31551,31561,10
13.2150697708,80.3204727173,31561,31571,10
13.2152996063,80.3205032349,31571,31582,11
13.2157096863,80.3205413818,31582,31592,10
13.2161102295,80.3204574585,31592,31602,10
13.2164897919,80.3203582764,31602,31612,10
13.2166900635,80.3202972412,31612,31622,10
13.2168998718,80.3202285767,31622,31632,10
13.2174196243,80.3201293945,31632,31642,10
13.2179403305,80.320098877,31642,31652,10
13.2182598114,80.320098877,31652,31662,10
13.2183504105,80.320098877,31662,31672,10
13.2186698914,80.320098877,31672,31682,10
13.2187004089,80.320098877,31682,31693,11
13.2189702988,80.3200836182,31693,31703,10
13.219420433,80.3200531006,31703,31723,20
13.219420433,80.3200531006,31723,31733,10
13.2196302414,80.3199996948,31733,31743,10
13.2199001312,80.3199234009,31743,31753,10
13.2202100754,80.3198394775,31753,31763,10
13.2207298279,80.3196868896,31763,31783,20
13.2207298279,80.3196868896,31783,31793,10
13.2208995819,80.3196411133,31793,31803,10
13.2210302353,80.3195800781,31803,31814,11
13.2216796875,80.3194732666,31814,31824,10
13.2222604752,80.3195495605,31824,31844,20
13.2222604752,80.3195495605,31844,31854,10
13.2224903107,80.3198318481,31854,31864,10
13.2228803635,80.3199081421,31864,31874,10
13.2233896255,80.3200836182,31874,31894,20
13.2235803604,80.3201904297,31894,31914,20
13.2235803604,80.3201904297,31914,31925,11
13.2241296768,80.3204421997,31925,31935,10
13.2247600555,80.3207397461,31935,31945,10
13.2250404358,80.3208770752,31945,31955,10
13.2254199982,80.3210678101,31955,31965,10
13.2257900238,80.3215408325,31965,31975,10
13.2259502411,80.3223419189,31975,31985,10
13.2260503769,80.3228302002,31985,31995,10
13.2261104584,80.3232421875,31995,32005,10
13.2263898849,80.3240203857,32005,32015,10
13.2266998291,80.3248062134,32015,32025,10
13.2268695831,80.3252334595,32025,32035,10
13.2270402908,80.325630188,32035,32046,11
13.2272901535,80.3262023926,32046,32056,10
13.2272996902,80.3265991211,32056,32086,30
13.2272996902,80.3265991211,32086,32096,10
13.2271699905,80.3266983032,32096,32106,10
13.2267103195,80.3269119263,32106,32116,10
13.2264404297,80.3270492554,32116,32126,10
13.2260103226,80.3272476196,32126,32136,10
13.2256803513,80.3274078369,32136,32146,10
13.2250795364,80.3277130127,32146,32157,11
13.2249603271,80.3277816772,32157,32167,10
13.2246303558,80.3279571533,32167,32177,10
13.2239599228,80.3281097412,32177,32187,10
13.2230997086,80.3281021118,32187,32197,10
13.2221002579,80.3278427124,32197,32207,10
13.2209701538,80.3274536133,32207,32217,10
13.2198200226,80.3270721436,32217,32227,10
13.2186603546,80.3267211914,32227,32237,10
13.2175197601,80.3263626099,32237,32247,10
13.2164201736,80.3260803223,32247,32257,10
13.215259552,80.3257904053,32257,32267,10
13.2142496109,80.3252792358,32267,32278,11
13.2131500244,80.3246307373,32278,32288,10
13.2125597,80.3241729736,32288,32298,10
13.212389946,80.3240203857,32298,32308,10
13.2118797302,80.3236312866,32308,32318,10
13.2116804123,80.3234863281,32318,32328,10
13.2112998962,80.3231964111,32328,32338,10
13.2106599808,80.3228225708,32338,32348,10
13.2100696564,80.3225097656,32348,32358,10
13.2092199326,80.3221588135,32358,32368,10
13.20814991,80.3218383789,32368,32378,10
13.2067804337,80.3215408325,32378,32399,21
13.2067804337,80.3215408325,32399,32409,10
13.2064399719,80.3214569092,32409,32419,10
13.205789566,80.3213195801,32419,32429,10
13.2049398422,80.3210601807,32429,32439,10
13.2041101456,80.3204498291,32439,32449,10
13.2035303116,80.3196334839,32449,32459,10
13.2032604218,80.3187484741,32459,32469,10
13.2029895782,80.3177185059,32469,32479,10
13.202580452,80.3171081543,32479,32489,10
13.2025299072,80.3170394897,32489,32500,11
13.2025003433,80.3169937134,32500,32510,10
13.2020998001,80.3167266846,32510,32520,10
13.2013998032,80.3164672852,32520,32530,10
13.2007904053,80.3162307739,32530,32540,10
13.2000904083,80.3160171509,32540,32550,10
13.1996803284,80.3159332275,32550,32560,10
13.1988296509,80.3156433105,32560,32580,20
13.1988296509,80.3156433105,32580,32590,10
13.1987600327,80.3155975342,32590,32600,10
13.1985397339,80.3155212402,32600,32610,10
13.19810009,80.315322876,32610,32621,11
13.1975002289,80.3150634766,32621,32631,10
13.1967601776,80.3147583008,32631,32641,10
13.1962900162,80.3145675659,32641,32651,10
13.1957197189,80.3143463135,32651,32661,10
13.1948900223,80.3140792847,32661,32671,10
13.1938896179,80.313873291,32671,32681,10
13.1928796768,80.313659668,32681,32691,10
13.1914100647,80.3134002686,32691,32711,20
13.1914100647,80.3134002686,32711,32720,9
13.1913003922,80.3133621216,32720,32732,12
13.190990448,80.3133926392,32732,32742,10
13.1904296875,80.3134689331,32742,32752,10
13.1897096634,80.3138198853,32752,32762,10
13.1891498566,80.3142929077,32762,32772,10
13.1888599396,80.3145980835,32772,32782,10
13.1886901855,80.314781189,32782,32792,10
13.1882400513,80.3152389526,32792,32802,10
13.187620163,80.31590271,32802,32812,10
13.1869802475,80.3165283203,32812,32822,10
13.1862401962,80.3169174194,32822,32832,10
13.1854896545,80.3170318604,32832,32842,10
13.1852903366,80.3170089722,32842,32853,11
13.1852502823,80.3169784546,32853,32863,10
13.1848297119,80.3168792725,32863,32873,10
13.1843595505,80.3167114258,32873,32883,10
13.1840696335,80.3165969849,32883,32893,10
13.1835002899,80.3163833618,32893,32903,10
13.1832103729,80.3162536621,32903,32913,10
13.1827697754,80.316078186,32913,32923,10
13.1821804047,80.315788269,32923,32933,10
13.1814603806,80.3154067993,32933,32943,10
13.1807603836,80.315032959,32943,32953,10
13.180390358,80.3148269653,32953,32964,11
13.1798601151,80.3146133423,32964,32974,10
13.1791601181,80.3143081665,32974,32984,10
13.1783304214,80.3140106201,32984,32994,10
13.1774597168,80.3137588501,32994,33004,10
13.1768798828,80.3135223389,33004,33014,10
13.1768102646,80.3134994507,33014,33024,10
13.1766395569,80.3134231567,33024,33034,10
13.1761798859,80.3131637573,33034,33044,10
13.1755199432,80.3128433228,33044,33054,10
13.1747102737,80.3125762939,33054,33064,10
13.1738195419,80.3123092651,33064,33075,11
13.172829628,80.31199646,33075,33085,10
13.171959877,80.3117218018,33085,33095,10
13.1710796356,80.3114395142,33095,33105,10
13.1701698303,80.3111495972,33105,33115,10
13.169210434,80.3108215332,33115,33125,10
13.168299675,80.3102722168,33125,33135,10
13.1676101685,80.3096084595,33135,33145,10
13.1670703888,80.3088378906,33145,33155,10
13.1665802002,80.3082427979,33155,33165,10
13.1659803391,80.3076324463,33165,33175,10
13.1652202606,80.3071289063,33175,33185,10
13.1644802094,80.3067932129,33185,33196,11
13.1639003754,80.3066482544,33196,33206,10
13.1635599136,80.3065872192,33206,33216,10
13.1631603241,80.3064880371,33216,33226,10
13.1626596451,80.3063583374,33226,33236,10
13.1625795364,80.3063583374,33236,33246,10
13.1624698639,80.3063812256,33246,33256,10
13.1619701385,80.3062973022,33256,33266,10
13.1612796783,80.3061676025,33266,33276,10
13.1606197357,80.3060302734,33276,33286,10
13.1601400375,80.3059387207,33286,33295,9
13.1600799561,80.3059387207,33295,33307,12
13.1597499847,80.3059082031,33307,33317,10
13.159040451,80.3057327271,33317,33327,10
13.1583003998,80.305519104,33327,33337,10
13.1574697495,80.305267334,33337,33347,10
13.1566495895,80.3050689697,33347,33357,10
13.1557502747,80.3048019409,33357,33367,10
13.154800415,80.3045501709,33367,33377,10
13.1539001465,80.3042678833,33377,33387,10
13.1529903412,80.3039932251,33387,33397,10
13.1521701813,80.3037261963,33397,33407,10
13.1512899399,80.3034667969,33407,33417,10
13.1504602432,80.3031921387,33417,33428,11
13.1497297287,80.3029632568,33428,33438,10
13.1492795944,80.3028106689,33438,33448,10
13.1492300034,80.3028030396,33448,33458,10
13.1488399506,80.3026580811,33458,33468,10
13.148150444,80.302406311,33468,33478,10
13.1473503113,80.3020401001,33478,33488,10
13.1465902328,80.3014984131,33488,33498,10
13.1462202072,80.3011474609,33498,33508,10
13.1459798813,80.3008270264,33508,33518,10
13.1457300186,80.300567627,33518,33528,10
13.1451797485,80.30027771,33528,33539,11
13.1443996429,80.3000183105,33539,33549,10
13.1440496445,80.2999267578,33549,33559,10
13.1437997818,80.2998428345,33559,33569,10
13.1435899734,80.2997817993,33569,33579,10
13.1433897018,80.2997207642,33579,33589,10
13.1431598663,80.299659729,33589,33599,10
13.1430196762,80.299621582,33599,33609,10
13.1426496506,80.2995071411,33609,33619,10
13.1422300339,80.2993927002,33619,33629,10
13.1420602798,80.2993392944,33629,33639,10
13.1415700912,80.2991867065,33639,33649,10
13.1407804489,80.2989807129,33649,33660,11
13.1399097443,80.2987213135,33660,33670,10
13.1392803192,80.2985610962,33670,33680,10
13.1386404037,80.2983474731,33680,33690,10
13.1380395889,80.2981796265,33690,33700,10
13.1372699738,80.2979431152,33700,33710,10
13.1364002228,80.2977218628,33710,33720,10
13.1355199814,80.2975082397,33720,33730,10
13.1345701218,80.2972564697,33730,33750,20
13.1345701218,80.2972564697,33750,33760,10
13.1345100403,80.2972335815,33760,33771,11
13.1342096329,80.29712677,33771,33781,10
13.1338796616,80.2970428467,33781,33791,10
13.1334400177,80.2968902588,33791,33801,10
13.1328601837,80.2967224121,33801,33811,10
13.1323604584,80.2965774536,33811,33821,10
13.1317996979,80.2964172363,33821,33831,10
13.1310300827,80.2962188721,33831,33841,10
13.1301498413,80.2959594727,33841,33851,10
13.129529953,80.2957992554,33851,33861,10
13.1288700104,80.2956085205,33861,33871,10
13.1282196045,80.2954483032,33871,33882,11
13.1275196075,80.2952575684,33882,33892,10
13.1271295547,80.2951431274,33892,33902,10
13.1269798279,80.2950820923,33902,33912,10
13.126709938,80.2950134277,33912,33922,10
13.1261997223,80.2948684692,33922,33932,10
13.1255998611,80.294708252,33932,33942,10
13.1250495911,80.2946090698,33942,33952,10
13.1246700287,80.2945175171,33952,33962,10
13.1243495941,80.2944564819,33962,33982,20
13.1243495941,80.2944564819,33982,33992,10
13.1240997314,80.2944030762,33992,34003,11
13.1235799789,80.2942886353,34003,34013,10
13.1233301163,80.2942199707,34013,34023,10
13.1227502823,80.2940979004,34023,34033,10
13.1220903397,80.2939605713,34033,34043,10
13.1217899323,80.2938995361,34043,34053,10
13.1214799881,80.2938232422,34053,34063,10
13.1209096909,80.2936706543,34063,34073,10
13.1205101013,80.2935562134,34073,34083,10
13.1203899384,80.2935409546,34083,34093,10
13.1199302673,80.2934570313,34093,34102,9
13.1193504333,80.2933425903,34102,34114,12
13.1185503006,80.2931594849,34114,34124,10
13.1178102493,80.2930221558,34124,34134,10
13.1171703339,80.2929077148,34134,34144,10
13.1165895462,80.2928085327,34144,34153,9
13.1161203384,80.29271698,34153,34164,11
13.1152000427,80.2926101685,34164,34184,20
13.1152000427,80.2926101685,34184,34194,10
13.1148796082,80.2925720215,34194,34214,20
13.1148796082,80.2925720215,34214,34224,10
13.1148395538,80.2925491333,34224,34235,11
13.114569664,80.2925186157,34235,34245,10
13.114279747,80.2924575806,34245,34255,10
13.1140499115,80.2924118042,34255,34265,10
13.1136198044,80.2923126221,34265,34275,10
13.1130399704,80.2922668457,34275,34285,10
13.1125402451,80.2921905518,34285,34295,10
13.1119699478,80.2920913696,34295,34305,10
13.1114301682,80.2920074463,34305,34315,10
13.110830307,80.2919311523,34315,34325,10
13.1104898453,80.291847229,34325,34335,10
13.1099500656,80.2918167114,34335,34346,11
13.1092596054,80.2917404175,34346,34356,10
13.108710289,80.2916030884,34356,34396,40
13.108710289,80.2916030884,34396,34406,10
13.1083602905,80.2915420532,34406,34416,10
13.1081495285,80.2915267944,34416,34426,10
13.1078100204,80.2914428711,34426,34436,10
13.1076698303,80.2913818359,34436,34446,10
13.1073198318,80.2913513184,34446,34456,10
13.1067695618,80.2912826538,34456,34467,11
13.1061496735,80.2913284302,34467,34477,10
13.1060600281,80.2920303345,34477,34487,10
13.1061000824,80.2927703857,34487,34497,10
13.1060800552,80.2931289673,34497,34507,10
13.1058998108,80.2935791016,34507,34517,10
13.1056203842,80.2943496704,34517,34527,10
13.1053304672,80.2950134277,34527,34537,10
13.1047697067,80.2953262329,34537,34547,10
13.1040496826,80.2951583862,34547,34557,10
13.1031999588,80.2949066162,34557,34567,10
13.1023797989,80.2947006226,34567,34578,11
13.1015796661,80.2944869995,34578,34588,10
13.1008195877,80.2942962646,34588,34598,10
13.1003198624,80.2941970825,34598,34608,10
13.1000699997,80.2941589355,34608,34618,10
13.0995597839,80.2940216064,34618,34628,10
13.0990200043,80.2939376831,34628,34638,10
13.0984897614,80.2937164307,34638,34648,10
13.097990036,80.293548584,34648,34658,10
13.0973596573,80.2933197021,34658,34668,10
13.0966300964,80.2931289673,34668,34678,10
13.0960903168,80.2929534912,34678,34687,9
13.0958595276,80.2928466797,34687,34699,12
13.0954704285,80.2926864624,34699,34709,10
13.0951595306,80.2925567627,34709,34719,10
13.0947399139,80.2924423218,34719,34769,50
13.0945196152,80.292350769,34769,34799,30
13.0945196152,80.292350769,34799,34810,11
13.0942001343,80.2922286987,34810,34820,10
13.0938501358,80.2921295166,34820,34830,10
13.0934200287,80.2919998169,34830,34840,10
13.0928602219,80.291847229,34840,34850,10
13.0921401978,80.2916488647,34850,34860,10
13.0913896561,80.2913894653,34860,34870,10
13.0907497406,80.2911682129,34870,34880,10
13.0902204514,80.2910003662,34880,34890,10
13.0894899368,80.2907791138,34890,34910,20
13.0894899368,80.2907791138,34910,34920,10
13.0892400742,80.2907104492,34920,34931,11
13.0887804031,80.2905502319,34931,34941,10
13.0882501602,80.2902297974,34941,34951,10
13.0876903534,80.2899780273,34951,34961,10
13.0869998932,80.2897415161,34961,34971,10
13.086400032,80.2895736694,34971,34981,10
13.0859498978,80.2894592285,34981,34991,10
13.0857601166,80.2893371582,34991,35001,10
13.0854701996,80.2888565063,35001,35011,10
13.0851898193,80.2881622314,35011,35021,10
13.0851697922,80.2873306274,35021,35031,10
13.0852298737,80.2864532471,35031,35042,11
13.0853204727,80.2853622437,35042,35052,10
13.0852403641,80.2842178345,35052,35072,20
13.0852403641,80.2842178345,35072,35082,10
13.0852298737,80.2841415405,35082,35092,10
13.0850200653,80.2836380005,35092,35102,10
13.0844297409,80.2830200195,35102,35112,10
13.0835399628,80.2824707031,35112,35122,10
13.0823402405,80.2817611694,35122,35152,30
13.0823402405,80.2817611694,35152,35163,11
13.0822296143,80.2813491821,35163,35173,10
13.0822095871,80.280708313,35173,35183,10
13.0821399689,80.2799301147,35183,35193,10
13.0820503235,80.2791290283,35193,35203,10
13.0820198059,80.2788085938,35203,35243,40
13.0820198059,80.2788085938,35243,35253,10
13.0820198059,80.2787322998,35253,35263,10
13.0820398331,80.2786636353,35263,35274,11
13.0819997787,80.2781066895,35274,35284,10
13.0818996429,80.2774810791,35284,35304,20
13.0818996429,80.2774810791,35304,35314,10
13.0819301605,80.27734375,35314,35324,10
13.0819301605,80.2769622803,35324,35334,10
13.0818300247,80.2764511108,35334,35344,10
13.081700325,80.2759628296,35344,35415,71
13.081700325,80.2759628296,35415,35425,10
13.0816602707,80.2757415771,35425,35435,10
13.0816497803,80.2755966187,35435,35445,10
13.0816497803,80.2754364014,35445,35455,10
13.0815601349,80.2752304077,35455,35465,10
13.0813903809,80.2751617432,35465,35475,10
13.0811100006,80.2752075195,35475,35485,10
13.0806503296,80.2752685547,35485,35495,10
13.0801000595,80.2753372192,35495,35506,11
13.0795202255,80.2753295898,35506,35516,10
13.0788402557,80.2751922607,35516,35526,10
13.0783004761,80.2756271362,35526,35536,10
13.0779600143,80.276222229,35536,35546,10
13.0771303177,80.2762680054,35546,35556,10
13.0763397217,80.2763137817,35556,35566,10
13.0755195618,80.2763519287,35566,35576,10
13.0748796463,80.2763900757,35576,35586,10
13.0742502213,80.2764282227,35586,35596,10
13.0739402771,80.2764892578,35596,35606,10
13.0734996796,80.2764434814,35606,35617,11
13.0730199814,80.2759094238,35617,35627,10
13.0725498199,80.2753219604,35627,35637,10
13.0719499588,80.2747192383,35637,35647,10
13.0712499619,80.2744827271,35647,35657,10
13.0707397461,80.2742385864,35657,35677,20
13.0707397461,80.2742385864,35677,35687,10
13.0706100464,80.2740325928,35687,35697,10
13.0705604553,80.2738571167,35697,35707,10
13.0703296661,80.2734298706,35707,35717,10
13.0698900223,80.2729034424,35717,35726,9
13.0693702698,80.2723464966,35726,35738,12
13.0688199997,80.271987915,35738,35778,40
13.0688199997,80.271987915,35778,35788,10
13.068479538,80.2719726563,35788,35798,10
13.0682697296,80.2717132568,35798,35808,10
13.0680904388,80.2712783813,35808,35818,10
13.0674600601,80.2706222534,35818,35828,10
13.0668897629,80.2700500488,35828,35838,10
13.0665502548,80.2694473267,35838,35849,11
13.0664701462,80.2686386108,35849,35859,10
13.0661497116,80.2681274414,35859,35869,10
13.0655202866,80.2677078247,35869,35899,30
13.0653295517,80.2676391602,35899,35919,20
13.0653295517,80.2676391602,35919,35929,10
13.0650396347,80.2676086426,35929,35939,10
13.0645799637,80.2675170898,35939,35949,10
13.0641298294,80.2674407959,35949,35958,9
13.0635900497,80.2673492432,35958,35970,12
13.0627803802,80.2671432495,35970,35980,10
13.0623703003,80.2666625977,35980,35990,10
13.0619096756,80.2660980225,35990,36000,10
13.0614204407,80.2655029297,36000,36010,10
13.0611400604,80.2652206421,36010,36020,10
13.0603904724,80.2655181885,36020,36040,20
13.0603904724,80.2655181885,36040,36050,10
13.0600700378,80.2656021118,36050,36060,10
13.0596199036,80.2655792236,36060,36069,9
13.0592098236,80.2655334473,36069,36081,12
13.0584201813,80.26537323,36081,36091,10
13.0577201843,80.2650680542,36091,36101,10
13.0569601059,80.2647399902,36101,36111,10
13.0560998917,80.264541626,36111,36121,10
13.0552396774,80.2644577026,36121,36131,10
13.0544996262,80.2643280029,36131,36181,50
13.0544996262,80.2643280029,36181,36191,10
13.0543203354,80.264213562,36191,36202,11
13.0541296005,80.2642364502,36202,36212,10
13.0537900925,80.2640304565,36212,36222,10
13.0533504486,80.2638931274,36222,36232,10
13.0527296066,80.2638397217,36232,36242,10
13.0523195267,80.2637710571,36242,36252,10
13.051659584,80.263961792,36252,36262,10
13.0509500504,80.2640991211,36262,36272,10
13.0504798889,80.2641067505,36272,36282,10
13.0498800278,80.2641220093,36282,36292,10
13.0492296219,80.2643890381,36292,36302,10
13.0490503311,80.2648162842,36302,36313,11
13.048740387,80.2653503418,36313,36323,10
13.0482902527,80.2657394409,36323,36333,10
13.0480003357,80.2660217285,36333,36343,10
13.0476398468,80.2662277222,36343,36353,10
13.04708004,80.2663269043,36353,36373,20
13.04708004,80.2663269043,36373,36383,10
13.0467796326,80.2662963867,36383,36393,10
13.046210289,80.266456604,36393,36403,10
13.0454998016,80.2666320801,36403,36413,10
13.0447797775,80.2667617798,36413,36424,11
13.0439996719,80.2671508789,36424,36434,10
13.0432796478,80.2675704956,36434,36444,10
13.0425701141,80.2679977417,36444,36454,10
13.0417499542,80.2681884766,36454,36464,10
13.0412197113,80.2682037354,36464,36474,10
13.041179657,80.2681884766,36474,36484,10
13.0410203934,80.2682113647,36484,36494,10
13.040769577,80.2681427002,36494,36504,10
13.0402698517,80.2679977417,36504,36514,10
13.0398101807,80.2678375244,36514,36524,10
13.0394296646,80.2677383423,36524,36534,10
13.0388498306,80.2676086426,36534,36545,11
13.0381002426,80.2676391602,36545,36555,10
13.0376701355,80.2676010132,36555,36565,10
13.0375699997,80.2675704956,36565,36575,10
13.0370798111,80.2675476074,36575,36676,101
13.0370798111,80.2675476074,36676,36686,10
13.0367803574,80.267578125,36686,36696,10
13.0364599228,80.2676925659,36696,36706,10
13.0360403061,80.2677612305,36706,36716,10
13.0358104706,80.2678070068,36716,36726,10
13.0353498459,80.2678527832,36726,36736,10
13.0348396301,80.2678527832,36736,36746,10
13.0342597961,80.2678985596,36746,36766,20
13.0342597961,80.2678985596,36766,36777,11
13.0338602066,80.2678604126,36777,36787,10
13.0335702896,80.2677993774,36787,36797,10
13.0332698822,80.2676925659,36797,36807,10
13.0328998566,80.2676086426,36807,36817,10
13.0326499939,80.2675094604,36817,36827,10
13.0321702957,80.2673034668,36827,36837,10
13.0313796997,80.2669906616,36837,36847,10
13.0305595398,80.2667617798,36847,36857,10
13.0299301147,80.2666168213,36857,36877,20
13.0299301147,80.2666168213,36877,36887,10
13.0295696259,80.2665710449,36887,36898,11
13.0292100906,80.2664413452,36898,36908,10
13.0286903381,80.2663269043,36908,36918,10
13.027970314,80.2662124634,36918,36928,10
13.027299881,80.2661209106,36928,36938,10
13.0264501572,80.2659912109,36938,36968,30
13.0264501572,80.2659912109,36968,36978,10
13.0262899399,80.2659606934,36978,36988,10
13.0259799957,80.2657775879,36988,36997,9
13.0253400803,80.2653579712,36997,37019,22
13.0253400803,80.2653579712,37019,37029,10
13.0251998901,80.2653198242,37029,37039,10
13.0249004364,80.2650985718,37039,37049,10
13.0247602463,80.2649993896,37049,37059,10
13.0245199203,80.2648010254,37059,37069,10
13.0240097046,80.2644195557,37069,37079,10
13.0234203339,80.2640609741,37079,37089,10
13.0227098465,80.263710022,37089,37099,10
13.0221500397,80.2634735107,37099,37109,10
13.0217895508,80.2632827759,37109,37119,10
13.0212697983,80.2630767822,37119,37130,11
13.0204696655,80.2630233765,37130,37140,10
13.0198802948,80.2629623413,37140,37150,10
13.0192499161,80.2629089355,37150,37160,10
13.0189599991,80.2628173828,37160,37170,10
13.0187997818,80.2621536255,37170,37190,20
13.0187997818,80.2621536255,37190,37200,10
13.0187597275,80.261756897,37200,37210,10
13.0186004639,80.2612533569,37210,37220,10
13.0180997849,80.2609176636,37220,37230,10
13.0174798965,80.2604980469,37230,37241,11
13.0167398453,80.2600097656,37241,37251,10
13.016119957,80.2596893311,37251,37271,20
13.016119957,80.2596893311,37271,37281,10
13.0158500671,80.2595825195,37281,37291,10
13.0152702332,80.2593917847,37291,37301,10
13.0145101547,80.2593078613,37301,37311,10
13.0136499405,80.2592773438,37311,37321,10
13.0126495361,80.2592391968,37321,37331,10
13.0116796494,80.2592010498,37331,37341,10
13.0109100342,80.2592010498,37341,37351,10
13.0101203918,80.2592086792,37351,37362,11
13.0092496872,80.2592086792,37362,37372,10
13.0088500977,80.2591781616,37372,37382,10
13.008649826,80.2591400146,37382,37392,10
13.0081195831,80.2591323853,37392,37402,10
13.007519722,80.2592391968,37402,37412,10
13.0071802139,80.2586288452,37412,37432,20
13.0071802139,80.2586288452,37432,37442,10
13.0070896149,80.2584686279,37442,37452,10
13.007060051,80.2584228516,37452,37461,9
13.0066900253,80.2578887939,37461,37503,42
13.0066900253,80.2578887939,37503,37513,10
13.0065498352,80.2576065063,37513,37523,10
13.0060300827,80.2574691772,37523,37533,10
13.005399704,80.2573394775,37533,37543,10
13.004699707,80.2571563721,37543,37553,10
13.0044002533,80.2570800781,37553,37563,10
13.0038099289,80.256942749,37563,37573,10
13.0032396317,80.2568206787,37573,37583,10
13.0031404495,80.2567977905,37583,37594,11
13.0030097961,80.2567672729,37594,37604,10
13.0028600693,80.256729126,37604,37614,10
13.0026302338,80.2566833496,37614,37624,10
13.0025701523,80.2566986084,37624,37634,10
13.0021696091,80.2566223145,37634,37644,10
13.0013504028,80.2565231323,37644,37694,50
13.0013504028,80.2565231323,37694,37704,10
13.0011997223,80.2564926147,37704,37715,11
13.0007400513,80.2564468384,37715,37725,10
13.0,80.2563400269,37725,37735,10
12.9993000031,80.2562332153,37735,37745,10
12.998459816,80.2560424805,37745,37765,20
12.998459816,80.2560424805,37765,37775,10
12.9983701706,80.2560501099,37775,37785,10
12.9981603622,80.2559890747,37785,37795,10
12.9978504181,80.2559127808,37795,37805,10
12.9976301193,80.2559204102,37805,37815,10
12.9973497391,80.2559204102,37815,37826,11
12.9969596863,80.2559127808,37826,37836,10
12.9967899323,80.2558898926,37836,37846,10
12.9963903427,80.2558822632,37846,37856,10
12.9957895279,80.2558822632,37856,37866,10
12.995300293,80.2558670044,37866,37876,10
12.9947099686,80.255897522,37876,37886,10
12.9940395355,80.2559814453,37886,37896,10
12.9932203293,80.2560577393,37896,37906,10
12.9922103882,80.2561187744,37906,37916,10
12.991350174,80.256072998,37916,37926,10
12.9908800125,80.2560424805,37926,37937,11
12.9907302856,80.2560424805,37937,37947,10
12.9905796051,80.2560424805,37947,37957,10
12.990240097,80.2559967041,37957,37967,10
12.9900503159,80.2560195923,37967,37977,10
12.9899301529,80.256072998,37977,37987,10
12.9896402359,80.2560119629,37987,37997,10
12.9891996384,80.2559509277,37997,38007,10
12.9889001846,80.2559509277,38007,38017,10
12.9885597229,80.2559204102,38017,38027,10
12.9883899689,80.255897522,38027,38037,10
12.9882898331,80.255859375,38037,38047,10
12.9880199432,80.255821228,38047,38148,101
12.9880199432,80.255821228,38148,38158,10
12.9877099991,80.2558517456,38158,38168,10
12.9876003265,80.2558670044,38168,38179,11
12.9875497818,80.2564468384,38179,38189,10
12.9875202179,80.2570037842,38189,38199,10
12.987449646,80.2576065063,38199,38209,10
12.9874200821,80.2582931519,38209,38219,10
12.9873600006,80.2590408325,38219,38229,10
12.9871902466,80.259552002,38229,38249,20
12.9871902466,80.259552002,38249,38259,10
12.987159729,80.2596588135,38259,38269,10
12.9871501923,80.2596588135,38269,38279,10
12.987039566,80.2597122192,38279,38290,11
12.9868803024,80.2596893311,38290,38300,10
12.9865903854,80.259552002,38300,38310,10
12.9866304398,80.2592163086,38310,38753,443
12.986749649,80.259147644,38753,39691,938
12.986749649,80.259147644,39691,39702,11
12.9867200851,80.2590179443,39702,39712,10
12.9867601395,80.2589035034,39712,39722,10
12.9868898392,80.2585067749,39722,39873,151
12.9870595932,80.2586364746,39873,39893,20
12.9870595932,80.2586364746,39893,39903,10
12.9868803024,80.2587432861,39903,39913,10
12.986749649,80.2590484619,39913,39923,10
12.9871301651,80.2591171265,39923,39974,51
12.9871301651,80.2591171265,39974,39984,10
12.9873504639,80.2590026855,39984,39994,10
12.9873504639,80.2588806152,39994,40004,10
12.9873800278,80.2585220337,40004,40014,10
12.9874200821,80.2582015991,40014,40024,10
12.9874296188,80.2580413818,40024,40034,10
12.9874601364,80.2574996948,40034,40044,10
12.9875001907,80.2568130493,40044,40055,11
12.9875202179,80.2560501099,40055,40154,99
12.9875202179,80.2560501099,40154,40166,12
12.9876203537,80.2557830811,40166,40176,10
12.9879598618,80.2557373047,40176,40186,10
12.9882698059,80.2558135986,40186,40196,10
12.9886102676,80.255859375,40196,40206,10
12.9887599945,80.2558822632,40206,40216,10
12.9889602661,80.2559127808,40216,40226,10
12.9894104004,80.2559280396,40226,40236,10
12.9900999069,80.2560119629,40236,40246,10
12.9905996323,80.2559585571,40246,40256,10
12.9910097122,80.2559967041,40256,40266,10
12.991689682,80.2559967041,40266,40276,10
12.9924697876,80.2559661865,40276,40287,11
12.9935302734,80.2559585571,40287,40297,10
12.99421978,80.2559585571,40297,40307,10
12.9944200516,80.2559432983,40307,40317,10
12.9947099686,80.255897522,40317,40327,10
12.9950399399,80.255859375,40327,40337,10
12.9954299927,80.2558288574,40337,40347,10
12.9960098267,80.2558822632,40347,40418,71
12.9960098267,80.2558822632,40418,40428,10
12.9961996078,80.2559204102,40428,40438,10
12.9966096878,80.255897522,40438,40448,10
12.9968299866,80.255859375,40448,40458,10
12.9970598221,80.2558670044,40458,40468,10
12.9976196289,80.2558898926,40468,40478,10
12.998550415,80.2559509277,40478,40498,20
12.998550415,80.2559509277,40498,40508,10
12.9988002777,80.2560577393,40508,40539,31
12.9990501404,80.2561035156,40539,40589,50
12.9990501404,80.2561035156,40589,40599,10
12.9992599487,80.256111145,40599,40609,10
12.99958992,80.2561721802,40609,40619,10
13.0,80.2562713623,40619,40629,10
13.0005903244,80.2563705444,40629,40640,11
13.0010595322,80.256439209,40640,40690,50
13.0010595322,80.256439209,40690,40700,10
13.0016298294,80.2565765381,40700,40710,10
13.0019102097,80.2566070557,40710,40720,10
13.0021495819,80.256652832,40720,40730,10
13.0025997162,80.2567062378,40730,40751,21
13.0025997162,80.2567062378,40751,40761,10
13.0029401779,80.2567825317,40761,40771,10
13.0031700134,80.2567977905,40771,40781,10
13.0032100677,80.2568130493,40781,40791,10
13.0034503937,80.2568511963,40791,40801,10
13.0034704208,80.2568511963,40801,40811,10
13.0038499832,80.2568969727,40811,40821,10
13.0042695999,80.2569732666,40821,40851,30
13.0046396255,80.2571105957,40851,40882,31
13.0046396255,80.2571105957,40882,40892,10
13.0049104691,80.2571868896,40892,40902,10
13.0051803589,80.2571716309,40902,40912,10
13.00578022,80.2572479248,40912,40982,70
13.00578022,80.2572479248,40982,40993,11
13.0062599182,80.2573394775,40993,41063,70
13.0062599182,80.2573394775,41063,41073,10
13.0063896179,80.2575378418,41073,41083,10
13.0066699982,80.257522583,41083,41093,10
13.0069599152,80.2579574585,41093,41104,11
13.0072097778,80.2583389282,41104,41114,10
13.0076303482,80.2585601807,41114,41124,10
13.0076398849,80.2585830688,41124,41134,10
13.007809639,80.2586593628,41134,41144,10
13.0083198547,80.2588500977,41144,41154,10
13.008939743,80.2590484619,41154,41164,10
13.0096101761,80.2590713501,41164,41174,10
13.0105600357,80.2590484619,41174,41184,10
13.0116195679,80.2590408325,41184,41194,10
13.0127296448,80.2591018677,41194,41204,10
13.0138502121,80.2591629028,41204,41214,10
13.0147399902,80.2592010498,41214,41225,11
13.0156898499,80.2593231201,41225,41235,10
13.0163898468,80.2596282959,41235,41245,10
13.0164403915,80.2596817017,41245,41255,10
13.0166397095,80.2598495483,41255,41265,10
13.0167303085,80.2599411011,41265,41275,10
13.0170402527,80.2601470947,41275,41285,10
13.0176000595,80.2605209351,41285,41295,10
13.018239975,80.2609481812,41295,41305,10
13.0188598633,80.261428833,41305,41315,10
13.0194196701,80.2619171143,41315,41325,10
13.0197896957,80.262298584,41325,41336,11
13.0205602646,80.2627716064,41336,41346,10
13.021320343,80.2630233765,41346,41354,8
13.0218095779,80.2632217407,41354,41366,12
13.0222301483,80.2634429932,41366,41376,10
13.0226402283,80.2636413574,41376,41386,10
13.0231103897,80.2638397217,41386,41396,10
13.0236997604,80.2641677856,41396,41406,10
13.0243301392,80.2646026611,41406,41416,10
13.0246295929,80.2648391724,41416,41426,10
13.0250597,80.2651596069,41426,41436,10
13.0254497528,80.2653884888,41436,41446,10
13.0257797241,80.2655792236,41446,41457,11
13.02602005,80.2657165527,41457,41467,10
13.0262203217,80.2658004761,41467,41477,10
13.0262804031,80.2653808594,41477,41487,10
13.0263500214,80.2649307251,41487,41497,10
13.0264196396,80.2645187378,41497,41507,10
13.0264701843,80.2640304565,41507,41517,10
13.0265102386,80.2638397217,41517,41527,10
13.0266504288,80.2634277344,41527,41537,10
13.027009964,80.2633972168,41537,41547,10
13.0273895264,80.2634277344,41547,41557,10
13.0279397964,80.2635421753,41557,41568,11
13.0285701752,80.2637023926,41568,41578,10
13.0290803909,80.2638931274,41578,41598,20
13.0290803909,80.2638931274,41598,41608,10
13.0293197632,80.2644119263,41608,41618,10
13.0293397903,80.2647781372,41618,41628,10
13.0292797089,80.2654418945,41628,41638,10
13.0292396545,80.2659225464,41638,41648,10
13.0291795731,80.2664337158,41648,41658,10
13.0293598175,80.2665405273,41658,41668,10
13.0297403336,80.2665328979,41668,41678,10
13.0301904678,80.2665405273,41678,41689,11
13.0306596756,80.2666625977,41689,41699,10
13.0312204361,80.2668304443,41699,41709,10
13.0320596695,80.2671813965,41709,41719,10
13.032500267,80.2673797607,41719,41729,10
13.0325098038,80.2674026489,41729,41739,10
13.032790184,80.2676391602,41739,41749,10
13.0330200195,80.2676696777,41749,41759,10
13.0331096649,80.2677078247,41759,41769,10
13.0334100723,80.2677688599,41769,41779,10
13.0338401794,80.2678527832,41779,41800,21
13.0338401794,80.2678527832,41800,41810,10
13.0340595245,80.2678985596,41810,41820,10
13.0345401764,80.2679367065,41820,41830,10
13.0351295471,80.267868042,41830,41840,10
13.0356998444,80.2678070068,41840,41850,10
13.0362997055,80.2676773071,41850,41860,10
13.0366401672,80.2677001953,41860,41870,10
13.036649704,80.2677001953,41870,41880,10
13.0368003845,80.2676925659,41880,41889,9
13.036939621,80.2673568726,41889,41900,11
13.0370798111,80.2666015625,41900,41921,21
13.0370798111,80.2666015625,41921,41931,10
13.0371799469,80.2662582397,41931,41941,10
13.0373401642,80.2655487061,41941,41951,10
13.0375299454,80.2647018433,41951,41961,10
13.0377597809,80.2643203735,41961,41971,10
13.0381402969,80.2643737793,41971,41981,10
13.0384998322,80.2644500732,41981,41991,10
13.0388803482,80.2645568848,41991,42001,10
13.0394201279,80.2646179199,42001,42011,10
13.0398597717,80.2645492554,42011,42020,9
13.0403203964,80.264541626,42020,42031,11
13.0406303406,80.2645721436,42031,42042,11
13.0409803391,80.2645797729,42042,42052,10
13.0413198471,80.2647705078,42052,42062,10
13.0412797928,80.2652587891,42062,42072,10
13.0412197113,80.2656478882,42072,42082,10
13.0411500931,80.2661209106,42082,42092,10
13.0410900116,80.2667312622,42092,42102,10
13.0410499573,80.2670669556,42102,42112,10
13.0409698486,80.2675018311,42112,42122,10
13.0409402847,80.2680511475,42122,42132,10
13.0413398743,80.2681427002,42132,42142,10
13.0414896011,80.268157959,42142,42151,9
13.0416297913,80.2682037354,42151,42171,20
13.0424900055,80.268081665,42171,42181,10
13.0430498123,80.2677307129,42181,42191,10
13.0436897278,80.2673187256,42191,42201,10
13.0443401337,80.266960144,42201,42211,10
13.0450496674,80.2667007446,42211,42221,10
13.0458402634,80.2665863037,42221,42231,10
13.046620369,80.2663803101,42231,42241,10
13.0470399857,80.2663192749,42241,42251,10
13.0471601486,80.2663192749,42251,42260,9
13.0472202301,80.2663192749,42260,42272,12
13.0476799011,80.266242981,42272,42282,10
13.0481100082,80.2659378052,42282,42292,10
13.0486497879,80.2654190063,42292,42302,10
13.0489301682,80.2649002075,42302,42312,10
13.0491399765,80.2643585205,42312,42322,10
13.0497398376,80.2640609741,42322,42332,10
13.0502996445,80.2641296387,42332,42342,10
13.050860405,80.2641372681,42342,42352,10
13.051320076,80.2640686035,42352,42362,10
13.0518102646,80.2639312744,42362,42372,10
13.0522603989,80.2637710571,42372,42383,11
13.0525598526,80.2638015747,42383,42393,10
13.0529899597,80.2638626099,42393,42403,10
13.0533399582,80.2639083862,42403,42413,10
13.0536899567,80.2639465332,42413,42423,10
13.0539903641,80.2640762329,42423,42433,10
13.0543603897,80.264213562,42433,42453,20
13.0543603897,80.264213562,42453,42463,10
13.0547800064,80.2643585205,42463,42473,10
13.054980278,80.2643737793,42473,42483,10
13.0551204681,80.2643966675,42483,42493,10
13.0555896759,80.2645111084,42493,42504,11
13.056189537,80.2645721436,42504,42514,10
13.0567798615,80.2646408081,42514,42524,10
13.0572395325,80.2648391724,42524,42534,10
13.0577602386,80.2650680542,42534,42544,10
13.0579595566,80.2646713257,42544,42554,10
13.0579204559,80.2640609741,42554,42564,10
13.0579500198,80.263381958,42564,42574,10
13.0578699112,80.2626190186,42574,42584,10
13.0577602386,80.2620391846,42584,42594,10
13.0576496124,80.2614212036,42594,42604,10
13.0575799942,80.2610626221,42604,42615,11
13.0579900742,80.2610321045,42615,42625,10
13.0584697723,80.2609634399,42625,42635,10
13.0587902069,80.2609176636,42635,42645,10
13.0591001511,80.2608337402,42645,42655,10
13.0594701767,80.2606582642,42655,42665,10
13.0595798492,80.2605667114,42665,42675,10
13.0600004196,80.2605667114,42675,42685,10
13.0602302551,80.2608718872,42685,42695,10
13.0607595444,80.2614364624,42695,42705,10
13.0612201691,80.2619171143,42705,42715,10
13.0615596771,80.2622299194,42715,42726,11
13.0619401932,80.2627563477,42726,42736,10
13.0627098083,80.263710022,42736,42756,20
13.0627098083,80.263710022,42756,42766,10
13.0628299713,80.2638931274,42766,42776,10
13.0631399155,80.264289856,42776,42786,10
13.0635204315,80.2648391724,42786,42796,10
13.0638303757,80.2653503418,42796,42826,30
13.0638303757,80.2653503418,42826,42836,10
13.0640201569,80.2655792236,42836,42847,11
13.0643596649,80.2659225464,42847,42857,10
13.064620018,80.2662734985,42857,42867,10
13.0649003983,80.2666625977,42867,42877,10
13.0653800964,80.2670288086,42877,42887,10
13.0656299591,80.267288208,42887,42897,10
13.065870285,80.2676315308,42897,42907,10
13.0661697388,80.2680435181,42907,42927,20
13.0661697388,80.2680435181,42927,42937,10
13.0662298203,80.2681808472,42937,42947,10
13.0663700104,80.2683563232,42947,42957,10
13.0668697357,80.2685623169,42957,42978,21
13.0668697357,80.2685623169,42978,42988,10
13.0671796799,80.268699646,42988,42998,10
13.0676498413,80.26902771,42998,43008,10
13.0680398941,80.2692489624,43008,43018,10
13.068189621,80.2693634033,43018,43028,10
13.0682401657,80.2695083618,43028,43038,10
13.0682201385,80.26978302,43038,43048,10
13.0682201385,80.2698669434,43048,43058,10
13.0682001114,80.2700576782,43058,43068,10
13.0681495667,80.2703170776,43068,43079,11
13.0680799484,80.2706832886,43079,43089,10
13.0680503845,80.2710037231,43089,43099,10
13.0682497025,80.2713928223,43099,43109,10
13.0685901642,80.2717437744,43109,43119,10
13.0690898895,80.2719726563,43119,43129,10
13.0696802139,80.2725830078,43129,43139,10
13.0702695847,80.2733230591,43139,43149,10
13.0706596375,80.2738265991,43149,43159,10
13.0708599091,80.2740478516,43159,43169,10
13.0708799362,80.2740707397,43169,43179,10
13.0712203979,80.2742614746,43179,43189,10
13.0717000961,80.2744216919,43189,43200,11
13.0720396042,80.2746963501,43200,43210,10
13.0724496841,80.2751083374,43210,43220,10
13.0729703903,80.2756576538,43220,43230,10
13.073390007,80.2760620117,43230,43240,10
13.0736198425,80.276260376,43240,43250,10
13.0741300583,80.2763214111,43250,43260,10
13.0747499466,80.2762908936,43260,43270,10
13.0752696991,80.2762832642,43270,43280,10
13.0757598877,80.2762680054,43280,43290,10
13.0764904022,80.2762374878,43290,43300,10
13.0771999359,80.2761764526,43300,43311,11
13.0780000687,80.2761077881,43311,43321,10
13.0782804489,80.2755203247,43321,43331,10
13.0787296295,80.2751235962,43331,43341,10
13.0793800354,80.2752304077,43341,43351,10
13.0802097321,80.2752532959,43351,43361,10
13.0812597275,80.2751312256,43361,43462,101
13.0812597275,80.2751312256,43462,43472,10
13.0815000534,80.275100708,43472,43482,10
13.0817499161,80.2751464844,43482,43492,10
13.0820102692,80.2754211426,43492,43543,51
13.0820102692,80.2754211426,43543,43553,10
13.0820102692,80.2755279541,43553,43563,10
13.0820198059,80.2759017944,43563,43583,20
13.0820198059,80.2759017944,43583,43593,10
13.081870079,80.2762985229,43593,43603,10
13.0818996429,80.2767868042,43603,43613,10
13.0819597244,80.2774810791,43613,43623,10
13.0820102692,80.2779388428,43623,43633,10
13.0822496414,80.2780990601,43633,43643,10
13.0826597214,80.278137207,43643,43652,9
13.0830802917,80.2781219482,43652,43664,12
13.0833301544,80.2781066895,43664,43674,10
13.0834903717,80.2783889771,43674,43684,10
13.0836296082,80.2788772583,43684,43694,10
13.0837202072,80.2790985107,43694,43704,10
13.0840597153,80.2791671753,43704,43714,10
13.0846796036,80.279258728,43714,43724,10
13.0853796005,80.2795181274,43724,43734,10
13.0856199265,80.2799072266,43734,43744,10
13.0857000351,80.2803878784,43744,43754,10
13.0858402252,80.2807922363,43754,43764,10
13.0862197876,80.2809524536,43764,43775,11
13.0866804123,80.2810821533,43775,43785,10
13.087220192,80.281211853,43785,43795,10
13.0875902176,80.2813415527,43795,43805,10
13.0877799988,80.2814102173,43805,43815,10
13.0880002975,80.2814483643,43815,43845,30
13.0880002975,80.2814483643,43845,43855,10
13.0884199142,80.281539917,43855,43865,10
13.08852005,80.2815628052,43865,43875,10
13.088640213,80.281578064,43875,43885,10
13.0886697769,80.2818603516,43885,43896,11
13.0885295868,80.2823410034,43896,43906,10
13.0884199142,80.2825622559,43906,43916,10
13.0883703232,80.2826919556,43916,43926,10
13.0882997513,80.2831420898,43926,43936,10
13.0882997513,80.2835998535,43936,43956,20
13.0882997513,80.2835998535,43956,43966,10
13.0882902145,80.2837677002,43966,43976,10
13.0883398056,80.2843322754,43976,43986,10
13.0884199142,80.2849502563,43986,44047,61
13.0884199142,80.2849502563,44047,44057,10
13.0884599686,80.2852401733,44057,44067,10
13.0884504318,80.2856674194,44067,44077,10
13.0884599686,80.2860336304,44077,44087,10
13.0884599686,80.2863082886,44087,44097,10
13.0884599686,80.2865600586,44097,44107,10
13.0884895325,80.2869873047,44107,44116,9
13.0885000229,80.2870635986,44116,44128,12
13.0885601044,80.2874603271,44128,44138,10
13.0885696411,80.287689209,44138,44148,10
13.0886096954,80.2881622314,44148,44158,10
13.0886297226,80.288520813,44158,44168,10
13.0886096954,80.2886581421,44168,44178,10
13.0886802673,80.2890625,44178,44188,10
13.0888004303,80.2896575928,44188,44198,10
13.0889501572,80.2903289795,44198,44208,10
13.0896701813,80.2906723022,44208,44218,10
13.0903596878,80.2909393311,44218,44228,10
13.0911998749,80.2912826538,44228,44238,10
13.0920295715,80.2915115356,44238,44249,11
13.0927200317,80.2917175293,44249,44259,10
13.0931596756,80.2918624878,44259,44289,30
13.0931596756,80.2918624878,44289,44299,10
13.0934200287,80.2919692993,44299,44309,10
13.0935602188,80.2920074463,44309,44319,10
13.0937795639,80.2920913696,44319,44329,10
13.0947504044,80.2923736572,44329,44348,19
13.0947504044,80.2923736572,44348,44360,12
13.0947904587,80.2924423218,44360,44370,10
13.0951595306,80.2925796509,44370,44380,10
13.0956602097,80.2928009033,44380,44390,10
13.0962095261,80.2929382324,44390,44400,10
13.0966596603,80.2930908203,44400,44410,10
13.0971298218,80.2932434082,44410,44420,10
13.0977497101,80.2934494019,44420,44430,10
13.0983896255,80.2936630249,44430,44440,10
13.0990600586,80.2938690186,44440,44450,10
13.0996799469,80.2940597534,44450,44460,10
13.1001396179,80.2941818237,44460,44471,11
13.1008195877,80.2943115234,44471,44481,10
13.1012401581,80.2943878174,44481,44491,10
13.1016302109,80.2938995361,44491,44501,10
13.1017799377,80.2935333252,44501,44511,10
13.1019697189,80.2930908203,44511,44521,10
13.1021499634,80.2923278809,44521,44531,10
13.1022796631,80.2918167114,44531,44541,10
13.1024599075,80.2911529541,44541,44551,10
13.1030702591,80.2907714844,44551,44561,10
13.1037797928,80.2908630371,44561,44571,10
13.1044301987,80.2909164429,44571,44581,10
13.1050395966,80.2909164429,44581,44592,11
13.1055898666,80.2910079956,44592,44602,10
13.1061697006,80.2911529541,44602,44612,10
13.106710434,80.2912597656,44612,44622,10
13.1069002151,80.2912826538,44622,44632,10
13.107049942,80.2912979126,44632,44642,10
13.1071596146,80.291343689,44642,44652,10
13.1076898575,80.2913970947,44652,44703,51
13.1076898575,80.2913970947,44703,44713,10
13.108130455,80.2914810181,44713,44723,10
13.1086101532,80.2915802002,44723,44733,10
13.1092395782,80.2916870117,44733,44743,10
13.1099004745,80.2917861938,44743,44753,10
13.110329628,80.2918624878,44753,44763,10
13.1105203629,80.2919006348,44763,44773,10
13.1110095978,80.2919921875,44773,44783,10
13.111530304,80.2920837402,44783,44793,10
13.1122398376,80.2921829224,44793,44803,10
13.1129598618,80.2922821045,44803,44813,10
13.1134700775,80.2923736572,44813,44824,11
13.113650322,80.2924118042,44824,44834,10
13.1139497757,80.2924575806,44834,44904,70
13.1139497757,80.2924575806,44904,44914,10
13.1143903732,80.2925415039,44914,44924,10
13.1154499054,80.2926177979,44924,44933,9
13.1154499054,80.2926177979,44933,44945,12
13.1154699326,80.2926177979,44945,44953,8
13.1158304214,80.2926635742,44953,44964,11
13.1165704727,80.2928085327,44964,44975,11
13.1173801422,80.2929534912,44975,44985,10
13.1180801392,80.2930679321,44985,44995,10
13.1188297272,80.2932128906,44995,45005,10
13.119509697,80.2933578491,45005,45015,10
13.1201095581,80.2934875488,45015,45025,10
13.1205396652,80.2935791016,45025,45035,10
13.1212396622,80.2937393188,45035,45045,10
13.121720314,80.2938537598,45045,45056,11
13.1221399307,80.2939376831,45056,45066,10
13.1227703094,80.294090271,45066,45076,10
13.1232404709,80.2941894531,45076,45086,10
13.1237297058,80.2942962646,45086,45096,10
13.1242103577,80.2944030762,45096,45106,10
13.1245803833,80.2944793701,45106,45116,10
13.1248397827,80.2945404053,45116,45126,10
13.125289917,80.2946624756,45126,45136,10
13.1256399155,80.2947387695,45136,45146,10
13.1257801056,80.2947921753,45146,45156,10
13.1263303757,80.294921875,45156,45166,10
13.1270103455,80.2950973511,45166,45177,11
13.1277503967,80.2953262329,45177,45187,10
13.1285104752,80.2955322266,45187,45197,10
13.1293401718,80.2957687378,45197,45207,10
13.1302404404,80.2960281372,45207,45217,10
13.1309404373,80.2962265015,45217,45227,10
13.1311998367,80.2962875366,45227,45237,10
13.1315898895,80.2964096069,45237,45247,10
13.1322498322,80.2965774536,45247,45257,10
13.1330003738,80.2967834473,45257,45267,10
13.1336202621,80.2969665527,45267,45276,9
13.1338996887,80.2970504761,45276,45288,12
13.1344499588,80.2972183228,45288,45298,10
13.1351995468,80.2974395752,45298,45308,10
13.1360197067,80.2976379395,45308,45318,10
13.1368999481,80.2978515625,45318,45328,10
13.1377000809,80.2981109619,45328,45338,10
13.1383895874,80.2983016968,45338,45348,10
13.1391801834,80.2985076904,45348,45358,10
13.1398601532,80.2987136841,45358,45368,10
13.1403503418,80.298828125,45368,45378,10
13.141119957,80.299041748,45378,45388,10
13.1420402527,80.2992935181,45388,45398,10
13.1428804398,80.2995300293,45398,45409,11
13.1433095932,80.2997131348,45409,45419,10
13.1437196732,80.2998199463,45419,45429,10
13.1443595886,80.3000030518,45429,45439,10
13.1451396942,80.3002471924,45439,45449,10
13.1457300186,80.300567627,45449,45459,10
13.1459598541,80.30078125,45459,45469,10
13.1461601257,80.3010101318,45469,45478,9
13.1465196609,80.3013916016,45478,45489,11
13.1472396851,80.3019332886,45489,45499,10
13.1481800079,80.3023834229,45499,45509,10
13.149140358,80.3027191162,45509,45520,11
13.1501302719,80.3030471802,45520,45530,10
13.1508998871,80.303352356,45530,45540,10
13.1516504288,80.3035812378,45540,45550,10
13.1523199081,80.3037490845,45550,45560,10
13.1530599594,80.3039779663,45560,45570,10
13.1537799835,80.3042068481,45570,45580,10
13.1545495987,80.3044509888,45580,45590,10
13.1553897858,80.3046875,45590,45600,10
13.1562404633,80.3049316406,45600,45610,10
13.1568403244,80.3051376343,45610,45620,10
13.1573295593,80.3052902222,45620,45630,10
13.1579198837,80.3054504395,45630,45641,11
13.1586799622,80.3056869507,45641,45651,10
13.1593799591,80.3058624268,45651,45661,10
13.1601495743,80.3059997559,45661,45671,10
13.1610298157,80.306137085,45671,45681,10
13.1619300842,80.3062973022,45681,45691,10
13.1625900269,80.3064117432,45691,45701,10
13.1627502441,80.306427002,45701,45711,10
13.1631097794,80.3065032959,45711,45721,10
13.1636896133,80.306602478,45721,45731,10
13.1644096375,80.3067703247,45731,45741,10
13.1651601791,80.3070983887,45741,45752,11
13.1659698486,80.3076477051,45752,45762,10
13.1666297913,80.3082733154,45762,45772,10
13.1672401428,80.3090133667,45772,45782,10
13.1677999496,80.3097763062,45782,45792,10
13.1685695648,80.3104476929,45792,45802,10
13.1694698334,80.3109207153,45802,45812,10
13.1703596115,80.3112106323,45812,45822,10
13.1711797714,80.3114700317,45822,45832,10
13.1720695496,80.3117523193,45832,45842,10
13.1729698181,80.3120422363,45842,45852,10
13.1738796234,80.3123321533,45852,45862,10
13.1747398376,80.3125991821,45862,45873,11
13.1755895615,80.3128814697,45873,45883,10
13.1762800217,80.3131866455,45883,45893,10
13.1768503189,80.3134765625,45893,45903,10
13.1770095825,80.3135528564,45903,45913,10
13.1773395538,80.3136825562,45913,45923,10
13.177980423,80.3138885498,45923,45933,10
13.1787996292,80.3141708374,45933,45943,10
13.1796798706,80.3145828247,45943,45953,10
13.1805095673,80.3149337769,45953,45963,10
13.1813602448,80.3153533936,45963,45973,10
13.1820297241,80.3156814575,45973,45984,11
13.1827697754,80.3160324097,45984,45994,10
13.1834001541,80.3162918091,45994,46004,10
13.1838903427,80.3165130615,46004,46014,10
13.1843299866,80.3167037964,46014,46024,10
13.1845798492,80.3167800903,46024,46034,10
13.1850404739,80.31690979,46034,46044,10
13.1855697632,80.3169937134,46044,46054,10
13.1855897903,80.3169937134,46054,46064,10
13.1859302521,80.3169631958,46064,46074,10
13.1863899231,80.3168487549,46074,46084,10
13.1870203018,80.3164596558,46084,46093,9
13.1875600815,80.3159103394,46093,46105,12
13.1882200241,80.3152084351,46105,46115,10
13.1886501312,80.314743042,46115,46125,10
13.18887043,80.3144989014,46125,46135,10
13.1892004013,80.3141708374,46135,46145,10
13.1898403168,80.3136978149,46145,46155,10
13.1906604767,80.3133926392,46155,46165,10
13.1912002563,80.3133468628,46165,46175,10
13.191450119,80.313369751,46175,46185,10
13.1920499802,80.3134689331,46185,46195,10
13.1929397583,80.3136367798,46195,46205,10
13.1939496994,80.3138504028,46205,46216,11
13.1950798035,80.3140869141,46216,46226,10
13.1960601807,80.3144226074,46226,46236,10
13.1965303421,80.3146209717,46236,46246,10
13.1969900131,80.3148269653,46246,46256,10
13.1976699829,80.3151321411,46256,46266,10
13.198390007,80.3154220581,46266,46276,10
13.1984796524,80.3154525757,46276,46286,10
13.1987304688,80.3155822754,46286,46296,10
13.1990804672,80.3157424927,46296,46306,10
13.1997499466,80.3159103394,46306,46316,10
13.2001399994,80.3159713745,46316,46326,10
13.200510025,80.3160171509,46326,46337,11
13.2012701035,80.3162078857,46337,46347,10
13.2021198273,80.3166122437,46347,46357,10
13.2025995255,80.3170471191,46357,46367,10
13.2028102875,80.3173522949,46367,46377,10
13.2031602859,80.3180389404,46377,46387,10
13.2033395767,80.318977356,46387,46397,10
13.203669548,80.3199386597,46397,46407,10
13.2043399811,80.3207015991,46407,46417,10
13.2051801682,80.3211669922,46417,46427,10
13.206029892,80.3213729858,46427,46436,9
13.2066001892,80.3214797974,46436,46448,12
13.2071695328,80.3215866089,46448,46458,10
13.2079200745,80.3217468262,46458,46468,10
13.208820343,80.3220214844,46468,46478,10
13.2096595764,80.3223266602,46478,46488,10
13.210439682,80.3226928711,46488,46498,10
13.2107601166,80.3228607178,46498,46508,10
13.211139679,80.3230895996,46508,46518,10
13.2117004395,80.3234786987,46518,46528,10
13.2118797302,80.3236083984,46528,46538,10
13.2122297287,80.3238677979,46538,46548,10
13.2126102448,80.324180603,46548,46558,10
13.2128400803,80.3243789673,46558,46569,11
13.2134799957,80.3248291016,46569,46579,10
13.2142696381,80.3253097534,46579,46589,10
13.2147903442,80.3256378174,46589,46599,10
13.2154798508,80.3258514404,46599,46609,10
13.2162399292,80.3260269165,46609,46619,10
13.2170000076,80.3262176514,46619,46629,10
13.2178297043,80.3264465332,46629,46639,10
13.2187099457,80.3267364502,46639,46649,10
13.2195701599,80.327003479,46649,46659,10
13.2205295563,80.327293396,46659,46668,9
13.2214002609,80.327583313,46668,46680,12
13.2226104736,80.3279495239,46680,46690,10
13.2236204147,80.3281173706,46690,46700,10
13.2246198654,80.3279495239,46700,46710,10
13.2250204086,80.3277206421,46710,46720,10
13.2253398895,80.3275680542,46720,46730,10
13.2259597778,80.3272323608,46730,46740,10
13.226269722,80.3270721436,46740,46750,10
13.2266397476,80.3268966675,46750,46760,10
13.2272996902,80.3265304565,46760,46780,20
13.2272996902,80.3265304565,46780,46791,11
13.2273302078,80.3262710571,46791,46801,10
13.2272701263,80.326171875,46801,46811,10
13.2271404266,80.3258590698,46811,46821,10
13.2268600464,80.3252105713,46821,46831,10
13.2267303467,80.3249130249,46831,46841,10
13.2264900208,80.3242797852,46841,46851,10
13.2261695862,80.3234863281,46851,46861,10
13.2260103226,80.3227462769,46861,46871,10
13.2259597778,80.322479248,46871,46881,10
13.2258996964,80.3221588135,46881,46891,10
13.2258396149,80.3217926025,46891,46901,10
13.225689888,80.3211975098,46901,46912,11
13.2250900269,80.3208694458,46912,46922,10
13.2247800827,80.3207168579,46922,46932,10
13.2243700027,80.3205337524,46932,46942,10
13.2238502502,80.3202819824,46942,46952,10
13.2234096527,80.3200836182,46952,46962,10
13.2233896255,80.3200683594,46962,46972,10
13.2232103348,80.3199996948,46972,46982,10
13.2227096558,80.3198623657,46982,46992,10
13.2223501205,80.3196411133,46992,47002,10
13.2220697403,80.3194732666,47002,47012,10
13.2215299606,80.319480896,47012,47023,11
13.2209596634,80.3195877075,47023,47033,10
13.2207202911,80.3196716309,47033,47043,10
13.2203502655,80.3198013306,47043,47053,10
13.2200498581,80.3198699951,47053,47063,10
13.219619751,80.3199691772,47063,47073,10
13.2189903259,80.3200378418,47073,47083,10
13.2186803818,80.3200378418,47083,47093,10
13.2186002731,80.3200531006,47093,47103,10
13.2181797028,80.3200836182,47103,47123,20
13.2181797028,80.3200836182,47123,47133,10
13.2177696228,80.320098877,47133,47144,11
13.2171897888,80.3201599121,47144,47154,10
13.2166700363,80.3203277588,47154,47164,10
13.216509819,80.3203582764,47164,47174,10
13.2163496017,80.3203887939,47174,47184,10
13.2158603668,80.3205566406,47184,47194,10
13.2153100967,80.3205566406,47194,47204,10
13.2151699066,80.3205413818,47204,47214,10
13.2150497437,80.3205337524,47214,47224,10
13.2149600983,80.3206481934,47224,47234,10
13.2148799896,80.3210372925,47234,47243,9
13.2147903442,80.3207626343,47243,48011,768
13.2147903442,80.3207626343,48011,48021,10
13.2148504257,80.320640564,48021,48031,10
13.2150001526,80.3205566406,48031,48041,10
13.2150201797,80.3205413818,48041,48051,10
13.2152500153,80.3205032349,48051,48060,9
13.2155399323,80.3205413818,48060,48072,12
13.215880394,80.3205337524,48072,48082,10
13.2160902023,80.3204803467,48082,48092,10
13.2164001465,80.3203887939,48092,48102,10
13.2166996002,80.3202972412,48102,48112,10
13.2171697617,80.3201522827,48112,48122,10
13.2177295685,80.3200912476,48122,48132,10
13.2182197571,80.3200912476,48132,48172,40
13.2182197571,80.3200912476,48172,48183,11
13.2187299728,80.3200836182,48183,48193,10
13.2193002701,80.32006073,48193,48203,10
13.2194595337,80.3200302124,48203,48213,10
13.2197198868,80.3199691772,48213,48223,10
13.2201099396,80.3198699951,48223,48233,10
13.2204799652,80.3197784424,48233,48243,10
13.2207698822,80.3196563721,48243,48253,10
13.2211999893,80.3195419312,48253,48263,10
13.2219400406,80.3194580078,48263,48273,10
13.2222604752,80.3195800781,48273,48283,10
13.2225198746,80.3198013306,48283,48293,10
13.2229003906,80.3198928833,48293,48304,11
13.2233295441,80.32006073,48304,48314,10
13.2234096527,80.3200912476,48314,48324,10
13.2237796783,80.3202819824,48324,48334,10
13.2248497009,80.3207702637,48334,48354,20
13.2248497009,80.3207702637,48354,48364,10
13.2251901627,80.3209609985,48364,48374,10
13.2256298065,80.3212127686,48374,48384,10
13.2258501053,80.3219833374,48384,48394,10
13.2260103226,80.3227310181,48394,48404,10
13.2260398865,80.3229980469,48404,48415,11
13.2262296677,80.3237075806,48415,48425,10
13.2265396118,80.32447052,48425,48435,10
13.226770401,80.3249969482,48435,48445,10
13.2268295288,80.3251571655,48445,48455,10
13.226940155,80.3254470825,48455,48465,10
13.2272396088,80.3260879517,48465,48475,10
13.2272500992,80.3266220093,48475,48495,20
13.2272500992,80.3266220093,48495,48505,10
13.226940155,80.326789856,48505,48515,10
13.2265701294,80.3269729614,48515,48524,9
13.2262401581,80.3271102905,48524,48536,12
13.2258300781,80.327331543,48536,48546,10
13.2253103256,80.3275985718,48546,48555,9
13.2249698639,80.3277816772,48555,48566,11
13.224729538,80.3278884888,48566,48576,10
13.2243995667,80.3280181885,48576,48586,10
13.223690033,80.3281326294,48586,48596,10
13.2228097916,80.3280410767,48596,48606,10
13.221830368,80.3277587891,48606,48616,10
13.2208204269,80.3274078369,48616,48626,10
13.2199802399,80.3271179199,48626,48635,9
13.2198600769,80.3271026611,48635,48647,12
13.219329834,80.3269271851,48647,48657,10
13.2185201645,80.3266677856,48657,48667,10
13.2175397873,80.3263626099,48667,48677,10
13.2166500092,80.3260803223,48677,48687,10
13.2157402039,80.3258972168,48687,48697,10
13.2147102356,80.325592041,48697,48707,10
13.2138795853,80.3250808716,48707,48717,10
13.2129602432,80.3245010376,48717,48727,10
13.2125301361,80.3241424561,48727,48737,10
13.2123098373,80.3239364624,48737,48747,10
13.2118301392,80.3235702515,48747,48757,10
13.2117700577,80.3235321045,48757,48768,11
13.2115497589,80.3233566284,48768,48778,10
13.2110395432,80.3230209351,48778,48788,10
13.2105998993,80.322769165,48788,48798,10
13.2101802826,80.3225708008,48798,48808,10
13.2094497681,80.3222503662,48808,48818,10
13.2084798813,80.3218994141,48818,48828,10
13.2074098587,80.3216323853,48828,48838,10
13.2066802979,80.3215026855,48838,48848,10
13.2064695358,80.3214569092,48848,48858,10
13.2059698105,80.3213424683,48858,48868,10
13.2051696777,80.3211593628,48868,48879,11
13.2042303085,80.320602417,48879,48889,10
13.2035598755,80.3197479248,48889,48899,10
13.2032604218,80.3186721802,48899,48909,10
13.2030296326,80.317741394,48909,48919,10
13.2024698257,80.316947937,48919,48929,10
13.2016496658,80.3165664673,48929,48939,10
13.2007904053,80.3163070679,48939,48949,10
13.2000598907,80.3160629272,48949,48959,10
13.1996803284,80.3159408569,48959,48969,10
13.1991100311,80.3157806396,48969,48979,10
13.1988201141,80.3156585693,48979,48990,11
13.198679924,80.3155899048,48990,49000,10
13.1983804703,80.3154525757,49000,49010,10
13.1978502274,80.3152236938,49010,49020,10
13.1971502304,80.3149108887,49020,49030,10
13.1964597702,80.3146209717,49030,49040,10
13.1960697174,80.314453125,49040,49050,10
13.1953802109,80.3141937256,49050,49060,10
13.1944999695,80.3139801025,49060,49070,10
13.1935796738,80.3138122559,49070,49080,10
13.1926403046,80.3136367798,49080,49090,10
13.1914100647,80.3134231567,49090,49111,21
13.1914100647,80.3134231567,49111,49121,10
13.1911096573,80.3134002686,49121,49131,10
13.1907396317,80.3134002686,49131,49141,10
13.1900100708,80.313621521,49141,49151,10
13.1892404556,80.3141708374,49151,49161,10
13.1887702942,80.3146286011,49161,49171,10
13.1884098053,80.3150100708,49171,49181,10
13.1878204346,80.3156509399,49181,49191,10
13.1871004105,80.3163833618,49191,49201,10
13.1862201691,80.3168869019,49201,49210,9
13.1853599548,80.3170318604,49210,49221,11
13.184630394,80.3168334961,49221,49232,11
13.1844501495,80.3167724609,49232,49242,10
13.1841497421,80.31665802,49242,49252,10
13.1836099625,80.3164291382,49252,49262,10
13.1832199097,80.3162689209,49262,49272,10
13.1828403473,80.3161087036,49272,49282,10
13.1822500229,80.315826416,49282,49292,10
13.1815099716,80.3154678345,49292,49302,10
13.1806697845,80.315032959,49302,49312,10
13.1798496246,80.314666748,49312,49322,10
13.1790399551,80.3142929077,49322,49332,10
13.1780595779,80.3139266968,49332,49343,11
13.1770801544,80.313621521,49343,49353,10
13.1763000488,80.3132476807,49353,49363,10
13.1754102707,80.3128433228,49363,49373,10
13.1745100021,80.312538147,49373,49383,10
13.1734695435,80.312210083,49383,49393,10
13.1724796295,80.311882019,49393,49403,10
13.1715297699,80.3115768433,49403,49413,10
13.1706399918,80.3113021851,49413,49423,10
13.1696395874,80.3109817505,49423,49433,10
13.1686897278,80.310546875,49433,49443,10
13.1678800583,80.3099365234,49443,49454,11
13.1672000885,80.3090515137,49454,49464,10
13.1666402817,80.30834198,49464,49474,10
13.1661596298,80.3078536987,49474,49484,10
13.1654901505,80.3073196411,49484,49494,10
13.1646099091,80.3068618774,49494,49504,10
13.1638898849,80.3066482544,49504,49514,10
13.1633701324,80.3065490723,49514,49524,10
13.1627397537,80.3064193726,49524,49534,10
13.1624603271,80.3063812256,49534,49544,10
13.1621303558,80.3063201904,49544,49554,10
13.1615200043,80.3062210083,49554,49564,10
13.1609201431,80.306137085,49564,49575,11
13.1603002548,80.3060379028,49575,49585,10
13.1600799561,80.3059997559,49585,49595,10
13.1598396301,80.3059768677,49595,49605,10
13.1591796875,80.305847168,49605,49615,10
13.1583900452,80.3056335449,49615,49625,10
13.1575498581,80.3053817749,49625,49635,10
13.1568002701,80.3051681519,49635,49645,10
13.1559400558,80.3049087524,49645,49655,10
13.1550998688,80.3046569824,49655,49665,10
13.1541500092,80.3043823242,49665,49675,10
13.1531400681,80.3040618896,49675,49685,10
13.1521902084,80.3037567139,49685,49696,11
13.1511802673,80.3034515381,49696,49706,10
13.1503000259,80.3031387329,49706,49716,10
13.1495399475,80.3029098511,49716,49726,10
13.1492300034,80.3028106689,49726,49736,10
13.1490097046,80.3027420044,49736,49746,10
13.1485900879,80.3025894165,49746,49756,10
13.1480197906,80.3023681641,49756,49766,10
13.1473999023,80.3020935059,49766,49776,10
13.1469697952,80.3018188477,49776,49786,10
13.1466598511,80.3015670776,49786,49796,10
13.1463298798,80.3012924194,49796,49807,11
13.1460695267,80.3009185791,49807,49817,10
13.1457195282,80.300567627,49817,49827,10
13.1450996399,80.3002471924,49827,49837,10
13.1447601318,80.3001327515,49837,49847,10
13.1444396973,80.3000335693,49847,49857,10
13.1441802979,80.2999420166,49857,49867,10
13.143699646,80.2998123169,49867,49877,10
13.1432800293,80.299697876,49877,49887,10
13.1428804398,80.2995834351,49887,49897,10
13.1423997879,80.2994308472,49897,49907,10
13.1417102814,80.2992172241,49907,49918,11
13.1407604218,80.2989578247,49918,49928,10
13.1398296356,80.2987136841,49928,49938,10
13.1391897202,80.2985305786,49938,49948,10
13.138469696,80.2983169556,49948,49958,10
13.1377897263,80.2981414795,49958,49968,10
13.1370296478,80.2978973389,49968,49978,10
13.1362400055,80.2976913452,49978,49988,10
13.1355895996,80.2975234985,49988,49998,10
13.135020256,80.2973937988,49998,50008,10
13.1349601746,80.2973709106,50008,50018,10
13.1347198486,80.2973022461,50018,50028,10
13.1344900131,80.2972412109,50028,50039,11
13.1342601776,80.2971572876,50039,50049,10
13.1338996887,80.2970581055,50049,50059,10
13.1336898804,80.2969970703,50059,50069,10
13.1333999634,80.296913147,50069,50079,10
13.1330699921,80.2968292236,50079,50089,10
13.1325397491,80.2966918945,50089,50099,10
13.1322402954,80.2966003418,50099,50109,10
13.1318101883,80.2964782715,50109,50119,10
13.1313400269,80.2963485718,50119,50129,10
13.1309995651,80.296257019,50129,50139,10
13.1304798126,80.2961120605,50139,50149,10
13.1298904419,80.2959518433,50149,50160,11
13.1291704178,80.2957382202,50160,50170,10
13.1284599304,80.2955322266,50170,50180,10
13.1278400421,80.2953567505,50180,50190,10
13.1274795532,80.295249939,50190,50200,10
13.1272497177,80.2951889038,50200,50210,10
13.1267499924,80.2950592041,50210,50220,10
13.1260595322,80.2948684692,50220,50230,10
13.1254396439,80.2946929932,50230,50240,10
13.1248998642,80.2945632935,50240,50250,10
13.1244096756,80.2944488525,50250,50271,21
13.1244096756,80.2944488525,50271,50281,10
13.1242303848,80.294380188,50281,50291,10
13.1236696243,80.2942733765,50291,50301,10
13.1230602264,80.2941589355,50301,50311,10
13.1224603653,80.2940368652,50311,50321,10
13.1219701767,80.2939300537,50321,50331,10
13.1215896606,80.2938537598,50331,50341,10
13.1210403442,80.2937088013,50341,50351,10
13.1204004288,80.293548584,50351,50361,10
13.1200304031,80.2934799194,50361,50371,10
13.1194496155,80.2933578491,50371,50381,10
13.1189699173,80.2932891846,50381,50392,11
13.1182804108,80.2931518555,50392,50402,10
13.1175804138,80.2929992676,50402,50412,10
13.1170701981,80.2929000854,50412,50422,10
13.1167201996,80.2928390503,50422,50432,10
13.1166095734,80.2927932739,50432,50442,10
13.1164197922,80.2927703857,50442,50452,10
13.1163902283,80.2927703857,50452,50462,10
13.1161003113,80.2927398682,50462,50472,10
13.1152496338,80.2925872803,50472,50503,31
13.1152496338,80.2925872803,50503,50513,10
13.1150197983,80.2925796509,50513,50543,30
13.1150197983,80.2925796509,50543,50553,10
13.1147098541,80.2925720215,50553,50563,10
13.1143798828,80.2925186157,50563,50573,10
13.1141796112,80.2924804688,50573,50583,10
13.1138696671,80.292427063,50583,50593,10
13.1133499146,80.2923431396,50593,50603,10
13.1127195358,80.2922286987,50603,50613,10
13.1120004654,80.2921066284,50613,50624,11
13.1111001968,80.2919464111,50624,50634,10
13.1105604172,80.2919006348,50634,50644,10
13.1102895737,80.2918701172,50644,50654,10
13.1097602844,80.2917861938,50654,50664,10
13.10916996,80.2917022705,50664,50674,10
13.1086101532,80.2915878296,50674,50684,10
13.1083498001,80.2915267944,50684,50694,10
13.1079101563,80.2914428711,50694,50704,10
13.1075000763,80.2913513184,50704,50714,10
13.1069602966,80.2912826538,50714,50724,10
13.1062402725,80.2912368774,50724,50735,11
13.106010437,80.2919998169,50735,50745,10
13.1061000824,80.29271698,50745,50755,10
13.106089592,80.2930603027,50755,50765,10
13.1059303284,80.293548584,50765,50775,10
13.1056604385,80.2942504883,50775,50785,10
13.1053600311,80.2949371338,50785,50795,10
13.1048603058,80.2953567505,50795,50805,10
13.1041698456,80.2952270508,50805,50815,10
13.1034202576,80.2949981689,50815,50825,10
13.102640152,80.2947769165,50825,50835,10
13.1019496918,80.294593811,50835,50845,10
13.1011800766,80.294380188,50845,50856,11
13.1004295349,80.2942123413,50856,50866,10
13.1000900269,80.2941665649,50866,50876,10
13.0995502472,80.2940063477,50876,50886,10
13.0988798141,80.293800354,50886,50896,10
13.0980501175,80.2935409546,50896,50906,10
13.0971899033,80.29322052,50906,50916,10
13.0964899063,80.2929916382,50916,50926,10
13.0958204269,80.2927474976,50926,50936,10
13.095290184,80.2925872803,50936,50946,10
13.0948295593,80.2925033569,50946,50977,31
13.0948295593,80.2925033569,50977,50987,10
13.094499588,80.2924728394,50987,51007,20
13.094499588,80.2924728394,51007,51017,10
13.0943098068,80.2923583984,51017,51027,10
13.0939998627,80.2922592163,51027,51037,10
13.0934400558,80.2920532227,51037,51047,10
13.0928201675,80.2918167114,51047,51057,10
13.092209816,80.2916183472,51057,51067,10
13.0919599533,80.2915267944,51067,51077,10
13.0915002823,80.2913665771,51077,51088,11
13.0909700394,80.2911987305,51088,51098,10
13.0903596878,80.2910079956,51098,51108,10
13.0895795822,80.2907562256,51108,51118,10
13.0890102386,80.2905578613,51118,51138,20
13.0890102386,80.2905578613,51138,51148,10
13.0888700485,80.2904968262,51148,51158,10
13.0884504318,80.2903137207,51158,51168,10
13.0878000259,80.2900085449,51168,51178,10
13.087100029,80.2897720337,51178,51188,10
13.0865602493,80.2896118164,51188,51198,10
13.0860004425,80.2894668579,51198,51209,11
13.0855903625,80.2891235352,51209,51219,10
13.0852499008,80.2885131836,51219,51229,10
13.0851097107,80.2876968384,51229,51239,10
13.0851697922,80.2867965698,51239,51249,10
13.0853300095,80.2850418091,51249,51259,10
13.0853300095,80.2850418091,51259,51269,10
13.0853004456,80.284576416,51269,51279,10
13.0828800201,80.2821273804,51279,51343,64
13.0828800201,80.2821273804,51343,51373,30
13.0821895599,80.280921936,51373,51383,10
13.0821199417,80.2801971436,51383,51393,10
13.0819797516,80.2788391113,51393,51474,81
13.0819797516,80.2788391113,51474,51484,10
13.0820102692,80.2787399292,51484,51494,10
13.0819997787,80.2783966064,51494,51504,10
13.0819301605,80.277961731,51504,51514,10
13.0818595886,80.2774124146,51514,51524,10
13.0818595886,80.2773284912,51524,51534,10
13.0818595886,80.2771911621,51534,51544,10
13.0818195343,80.2768325806,51544,51555,11
13.0817699432,80.2764892578,51555,51565,10
13.0817098618,80.2761001587,51565,51575,10
13.081609726,80.2755737305,51575,51595,20
13.081609726,80.2755737305,51595,51605,10
13.0815601349,80.2754211426,51605,51615,10
13.0815296173,80.2753677368,51615,51625,10
13.0814800262,80.2752380371,51625,51635,10
13.0812597275,80.2751693726,51635,51645,10
13.0807695389,80.2752380371,51645,51655,10
13.0802698135,80.2752990723,51655,51665,10
13.0798101425,80.2753677368,51665,51676,11
13.0791797638,80.2752380371,51676,51686,10
13.0784397125,80.2753067017,51686,51696,10
13.0781497955,80.2759933472,51696,51706,10
13.0774297714,80.2762374878,51706,51716,10
13.076499939,80.2762908936,51716,51726,10
13.0755996704,80.2763595581,51726,51736,10
13.0747404099,80.2763977051,51736,51746,10
13.0740995407,80.2764282227,51746,51756,10
13.0740003586,80.2764511108,51756,51766,10
13.0739297867,80.2764663696,51766,51776,10
13.0736999512,80.2764968872,51776,51786,10
13.073220253,80.2761993408,51786,51797,11
13.072719574,80.2755737305,51797,51807,10
13.0721702576,80.2749862671,51807,51817,10
13.0716400146,80.2745437622,51817,51827,10
13.0709600449,80.2744216919,51827,51837,10
13.0706996918,80.274230957,51837,51847,10
13.0706195831,80.2741012573,51847,51857,10
13.0704202652,80.2735824585,51857,51867,10
13.0701398849,80.2732009888,51867,51877,10
13.0697097778,80.2727127075,51877,51887,10
13.0692796707,80.2722930908,51887,51897,10
13.0684299469,80.2718811035,51897,51978,81
13.0684299469,80.2718811035,51978,51988,10
13.06828022,80.2718429565,51988,51998,10
13.0680599213,80.2715072632,51998,52008,10
13.0678596497,80.2711410522,52008,52018,10
13.0675697327,80.2707290649,52018,52029,11
13.0670795441,80.2702178955,52029,52039,10
13.066619873,80.2696685791,52039,52049,10
13.066450119,80.2691421509,52049,52059,10
13.0664100647,80.2686462402,52059,52069,10
13.0662498474,80.2682418823,52069,52079,10
13.0654697418,80.2676315308,52079,52119,40
13.0654697418,80.2676315308,52119,52129,10
13.0652103424,80.267578125,52129,52139,10
13.0648803711,80.2675170898,52139,52150,11
13.0643196106,80.2674484253,52150,52160,10
13.0638599396,80.2673568726,52160,52170,10
13.0632400513,80.267250061,52170,52180,10
13.0626602173,80.2670211792,52180,52190,10
13.0624303818,80.2667770386,52190,52200,10
13.062210083,80.2665023804,52200,52210,10
13.0618696213,80.2660598755,52210,52220,10
13.0614404678,80.2655334473,52220,52230,10
13.0611495972,80.2651977539,52230,52240,10
13.0604801178,80.265411377,52240,52261,21
13.0604801178,80.265411377,52261,52271,10
13.0601701736,80.2655715942,52271,52281,10
13.0596199036,80.2655715942,52281,52291,10
13.0592803955,80.2655029297,52291,52301,10
13.0587501526,80.2653808594,52301,52311,10
13.0585699081,80.2653427124,52311,52321,10
13.0584897995,80.2652893066,52321,52331,10
13.0582199097,80.2651977539,52331,52341,10
13.0577001572,80.2649917603,52341,52351,10
13.0571603775,80.2647399902,52351,52361,10
13.0566997528,80.2645568848,52361,52371,10
13.0560503006,80.2644729614,52371,52382,11
13.0552301407,80.2643585205,52382,52392,10
13.0545396805,80.2642822266,52392,52402,10
13.0543899536,80.2642211914,52402,52412,10
13.0542898178,80.2641601563,52412,52422,10
13.0540304184,80.2641067505,52422,52432,10
13.0537595749,80.2639694214,52432,52442,10
13.0533399582,80.2638931274,52442,52452,10
13.0528097153,80.2638168335,52452,52462,10
13.0523004532,80.2637481689,52462,52472,10
13.0518903732,80.2638397217,52472,52481,9
13.0513601303,80.2639694214,52481,52493,12
13.0507001877,80.2640686035,52493,52503,10
13.0500097275,80.2640304565,52503,52513,10
13.0492897034,80.2641372681,52513,52523,10
13.049079895,80.2646026611,52523,52533,10
13.0488100052,80.2651977539,52533,52543,10
13.048330307,80.2657623291,52543,52553,10
13.0479402542,80.2660827637,52553,52563,10
13.0476102829,80.2662582397,52563,52573,10
13.0469398499,80.2663269043,52573,52593,20
13.0469398499,80.2663269043,52593,52603,10
13.04666996,80.2664337158,52603,52614,11
13.0462703705,80.2665023804,52614,52624,10
13.0457201004,80.2666320801,52624,52634,10
13.0451602936,80.2666778564,52634,52644,10
13.0445995331,80.2668228149,52644,52654,10
13.0439996719,80.2671279907,52654,52664,10
13.0433502197,80.2675323486,52664,52674,10
13.0426797867,80.2679595947,52674,52684,10
13.0420198441,80.2681427002,52684,52694,10
13.0412998199,80.2682037354,52694,52704,10
13.0410299301,80.2681808472,52704,52725,21
13.0410299301,80.2681808472,52725,52735,10
13.0407104492,80.2680969238,52735,52745,10
13.040309906,80.2679672241,52745,52755,10
13.0398902893,80.2678375244,52755,52765,10
13.0393800735,80.2676925659,52765,52775,10
13.0388202667,80.2676315308,52775,52785,10
13.0381402969,80.267616272,52785,52795,10
13.037320137,80.2675170898,52795,52815,20
13.037320137,80.2675170898,52815,52825,10
13.0371599197,80.2675094604,52825,52835,10
13.0367698669,80.2675704956,52835,52846,11
13.0365104675,80.2676696777,52846,52856,10
13.0362300873,80.2677307129,52856,52866,10
13.0358295441,80.2677383423,52866,52876,10
13.035779953,80.2677536011,52876,52886,10
13.0354604721,80.267791748,52886,52896,10
13.0349998474,80.2678375244,52896,52906,10
13.0345096588,80.2679824829,52906,52916,10
13.0342798233,80.2679595947,52916,52936,20
13.0342798233,80.2679595947,52936,52946,10
13.0339202881,80.2678833008,52946,52956,10
13.0337200165,80.2678604126,52956,52977,21
13.0337200165,80.2678604126,52977,52987,10
13.0335102081,80.2678222656,52987,52997,10
13.0331802368,80.2677612305,52997,53007,10
13.0328197479,80.2676773071,53007,53017,10
13.0326795578,80.267616272,53017,53027,10
13.0322799683,80.2674026489,53027,53037,10
13.0317296982,80.2671508789,53037,53047,10
13.0312595367,80.2669677734,53047,53057,10
13.0305595398,80.2667922974,53057,53067,10
13.0300102234,80.2666778564,53067,53078,11
13.0296401978,80.2666320801,53078,53088,10
13.0293397903,80.2665710449,53088,53098,10
13.0292100906,80.2665176392,53098,53108,10
13.0288496017,80.2663803101,53108,53118,10
13.0283403397,80.2662811279,53118,53128,10
13.0277299881,80.2661819458,53128,53138,10
13.0271100998,80.2660903931,53138,53148,10
13.0265798569,80.2660064697,53148,53158,10
13.0265703201,80.2660217285,53158,53168,10
13.0262098312,80.2659225464,53168,53178,10
13.0258398056,80.2657012939,53178,53188,10
13.0254802704,80.2654418945,53188,53199,11
13.0254201889,80.265411377,53199,53209,10
13.0252103806,80.2652893066,53209,53219,10
13.024769783,80.2649536133,53219,53229,10
13.0242004395,80.2645263672,53229,53239,10
13.0236701965,80.2641983032,53239,53249,10
13.0231199265,80.2639007568,53249,53259,10
13.0225200653,80.2635803223,53259,53269,10
13.0220804214,80.2633590698,53269,53279,10
13.0219202042,80.2632522583,53279,53289,10
13.0214004517,80.2630462646,53289,53299,10
13.0206003189,80.2629928589,53299,53310,11
13.0201597214,80.2629699707,53310,53320,10
13.0197696686,80.2629318237,53320,53330,10
13.0192098618,80.2628707886,53330,53340,10
13.0190095901,80.2628326416,53340,53350,10
13.0189199448,80.2627487183,53350,53360,10
13.0188598633,80.2623214722,53360,53370,10
13.0187702179,80.2617721558,53370,53380,10
13.0187597275,80.2615585327,53380,53390,10
13.0187196732,80.2613601685,53390,53400,10
13.0186004639,80.2611999512,53400,53410,10
13.0185203552,80.261100769,53410,53419,9
13.0182504654,80.2609405518,53419,53431,12
13.0179195404,80.2607421875,53431,53441,10
13.0176401138,80.2605514526,53441,53451,10
13.0174798965,80.2604370117,53451,53461,10
13.0172996521,80.260307312,53461,53471,10
13.0169200897,80.2601013184,53471,53481,10
13.0161399841,80.2596817017,53481,53501,20
13.0161399841,80.2596817017,53501,53511,10
13.0159101486,80.2595596313,53511,53521,10
13.0153598785,80.2593688965,53521,53531,10
13.0146799088,80.2592697144,53531,53541,10
13.0138702393,80.2592391968,53541,53552,11
13.012840271,80.2592010498,53552,53562,10
13.0119600296,80.2591705322,53562,53572,10
13.0110797882,80.259147644,53572,53582,10
13.0101900101,80.2591934204,53582,53592,10
13.0092697144,80.2591400146,53592,53602,10
13.0087499619,80.2591400146,53602,53612,10
13.0085296631,80.259147644,53612,53622,10
13.0080795288,80.2591781616,53622,53632,10
13.0075902939,80.259437561,53632,53642,10
13.0072803497,80.2590026855,53642,53652,10
13.007109642,80.2585296631,53652,53663,11
13.0068397522,80.2580184937,53663,53673,10
13.0065097809,80.2576293945,53673,53683,10
13.0063695908,80.2575683594,53683,53693,10
13.0061903,80.2575073242,53693,53703,10
13.0060100555,80.2574386597,53703,53713,10
13.0055503845,80.2573471069,53713,53723,10
13.0050096512,80.2571868896,53723,53733,10
13.0044498444,80.2570571899,53733,53743,10
13.0038404465,80.256942749,53743,53753,10
13.0034303665,80.2568588257,53753,53763,10
13.0030498505,80.2567825317,53763,53772,9
13.0026798248,80.2567214966,53772,53784,12
13.0021095276,80.2566070557,53784,53794,10
13.0018701553,80.2565994263,53794,53854,60
13.0018701553,80.2565994263,53854,53864,10
13.0016899109,80.2565765381,53864,53874,10
13.0013599396,80.2565383911,53874,53884,10
13.0007095337,80.256439209,53884,53895,11
12.999879837,80.2563018799,53895,53905,10
12.9991502762,80.2561569214,53905,53915,10
12.9987602234,80.2560882568,53915,53925,10
12.9987001419,80.2560806274,53925,53935,10
12.998550415,80.2560882568,53935,53945,10
12.998339653,80.2560424805,53945,53955,10
12.9981803894,80.2559890747,53955,53965,10
12.9978303909,80.2559432983,53965,53975,10
12.9972696304,80.2559127808,53975,54016,41
12.9972696304,80.2559127808,54016,54026,10
12.9969301224,80.2558898926,54026,54036,10
12.9966497421,80.2559127808,54036,54046,10
12.9960002899,80.2559204102,54046,54056,10
12.9953603745,80.2559509277,54056,54066,10
12.9945802689,80.2559661865,54066,54076,10
12.9942998886,80.2559814453,54076,54086,10
12.9940900803,80.2559967041,54086,54096,10
12.9934396744,80.2560272217,54096,54106,10
12.9925804138,80.2560806274,54106,54116,10
12.9916000366,80.2560577393,54116,54126,10
12.99077034,80.2560195923,54126,54137,11
12.9899997711,80.2560272217,54137,54147,10
12.9893503189,80.2559890747,54147,54157,10
12.9887504578,80.2559432983,54157,54167,10
12.9885396957,80.2559127808,54167,54177,10
12.9884395599,80.255897522,54177,54187,10
12.9880695343,80.2558517456,54187,54197,10
12.987950325,80.2558364868,54197,54207,10
12.9877099991,80.255859375,54207,54217,10
12.9876003265,80.256149292,54217,54227,10
12.9875202179,80.2567825317,54227,54237,10
12.9874401093,80.257598877,54237,54248,11
12.9873504639,80.2585678101,54248,54258,10
12.9871797562,80.2594909668,54258,54288,30
12.9871797562,80.2594909668,54288,54298,10
12.9870500565,80.2596893311,54298,54308,10
12.9869098663,80.2595901489,54308,54318,10
12.9865102768,80.2595367432,54318,54449,131
12.986700058,80.2595367432,54449,57031,2582
12.986700058,80.2595367432,57031,57041,10
12.9864902496,80.2594528198,57041,57051,10
12.9865398407,80.2591629028,57051,57112,61
12.9869098663,80.2590866089,57112,57152,40
12.9869098663,80.2590866089,57152,57162,10
12.9873199463,80.2590179443,57162,57172,10
12.9873695374,80.2586669922,57172,57182,10
12.9873895645,80.2585525513,57182,57192,10
12.9874296188,80.2582092285,57192,57202,10
12.9874401093,80.2579879761,57202,57213,11
12.9874801636,80.2577362061,57213,57223,10
12.9875202179,80.2573318481,57223,57233,10
12.987569809,80.2566680908,57233,57243,10
12.9876203537,80.2559432983,57243,57344,101
12.9876203537,80.2559432983,57344,57354,10
12.9877595901,80.2557220459,57354,57364,10
12.9881896973,80.2557830811,57364,57374,10
12.9887304306,80.2558288574,57374,57384,10
12.9888496399,80.2558517456,57384,57394,10
12.9891996384,80.2558898926,57394,57404,10
12.989689827,80.2559432983,57404,57414,10
12.9904403687,80.2559585571,57414,57424,10
12.991109848,80.2559967041,57424,57434,10
12.9918498993,80.2559509277,57434,57445,11
12.9928798676,80.2559280396,57445,57455,10
12.9936599731,80.2558670044,57455,57465,10
12.9940500259,80.255897522,57465,57475,10
12.9944295883,80.2558822632,57475,57485,10
12.9947099686,80.255859375,57485,57495,10
12.9948997498,80.2558822632,57495,57535,40
12.9948997498,80.2558822632,57535,57545,10
12.9951696396,80.2559127808,57545,57555,10
12.9954395294,80.255897522,57555,57566,11
12.9958400726,80.2559127808,57566,57576,10
12.9962997437,80.255897522,57576,57626,50
12.9962997437,80.255897522,57626,57636,10
12.996509552,80.2559280396,57636,57646,10
12.9968204498,80.2558822632,57646,57656,10
12.9971504211,80.2558898926,57656,57666,10
12.997759819,80.2559509277,57666,57677,11
12.9987297058,80.2560272217,57677,57697,20
12.9987297058,80.2560272217,57697,57707,10
12.9989700317,80.2561416626,57707,57717,10
12.9993801117,80.2562026978,57717,57727,10
12.9997797012,80.2562637329,57727,57737,10
13.0001802444,80.2563323975,57737,57747,10
13.0002698898,80.256362915,57747,57757,10
13.0004501343,80.2564163208,57757,57767,10
13.0007400513,80.256439209,57767,57777,10
13.0011100769,80.2565078735,57777,57786,9
13.00137043,80.2565765381,57786,57798,12
13.0016803741,80.256652832,57798,57808,10
13.002120018,80.2566986084,57808,57818,10
13.002530098,80.2567901611,57818,57828,10
13.0030202866,80.2568817139,57828,57838,10
13.0034799576,80.2569580078,57838,57848,10
13.0040798187,80.2570877075,57848,57858,10
13.0046596527,80.2571792603,57858,57868,10
13.0055398941,80.2573318481,57868,57908,40
13.0055398941,80.2573318481,57908,57919,11
13.0059204102,80.2574081421,57919,57929,10
13.0063199997,80.2575302124,57929,57939,10
13.0064897537,80.2573165894,57939,57949,10
13.006480217,80.2567977905,57949,57959,10
13.0064897537,80.2559509277,57959,57969,10
13.0065202713,80.2550506592,57969,57979,10
13.006480217,80.2541275024,57979,57989,10
13.0064897537,80.2539291382,57989,57999,10
13.0065202713,80.2538604736,57999,58009,10
13.0064897537,80.2533111572,58009,58060,51
13.0064897537,80.2533111572,58060,58070,10
13.006480217,80.253036499,58070,58080,10
13.0064897537,80.2526092529,58080,58090,10
13.0065898895,80.251953125,58090,58171,81
13.0065898895,80.251953125,58171,58181,10
13.0067396164,80.2516098022,58181,58191,10
13.0067501068,80.2510681152,58191,58201,10
13.0067195892,80.2501983643,58201,58211,10
13.0067195892,80.2491607666,58211,58221,10
13.0066299438,80.2481384277,58221,58231,10
13.0065898895,80.247543335,58231,58372,141
13.0065898895,80.247543335,58372,58383,11
13.0066404343,80.2470703125,58383,58393,10
13.0065603256,80.2465591431,58393,58403,10
13.0065698624,80.2465133667,58403,58413,10
13.0065803528,80.2464370728,58413,58423,10
13.0066204071,80.2461929321,58423,58433,10
13.0066099167,80.2456588745,58433,58443,10
13.0066003799,80.2452087402,58443,58453,10
13.0065898895,80.2446289063,58453,58463,10
13.0065898895,80.2441864014,58463,58473,10
13.0065803528,80.2437515259,58473,58483,10
13.0065498352,80.2432785034,58483,58493,10
13.0065402985,80.2426376343,58493,58504,11
13.006529808,80.2416763306,58504,58514,10
13.0065803528,80.2410583496,58514,58524,10
13.0066795349,80.2405014038,58524,58554,30
13.0066795349,80.2405014038,58554,58564,10
13.0067195892,80.2403182983,58564,58574,10
13.0068101883,80.2399291992,58574,58584,10
13.0069198608,80.2394180298,58584,58594,10
13.0070295334,80.2387466431,58594,58604,10
13.0071496964,80.2380981445,58604,58614,10
13.0072498322,80.237701416,58614,58625,11
13.0074100494,80.2367172241,58625,58645,20
13.0074100494,80.2367172241,58645,58655,10
13.0074596405,80.236541748,58655,58665,10
13.0075702667,80.2360610962,58665,58675,10
13.0077295303,80.2353286743,58675,58685,10
13.007900238,80.2345199585,58685,58695,10
13.0080900192,80.2336883545,58695,58705,10
13.0082902908,80.2326507568,58705,58715,10
13.0085201263,80.2314682007,58715,58725,10
13.0087404251,80.2302932739,58725,58736,11
13.0089998245,80.229019165,58736,58746,10
13.0092496872,80.228012085,58746,58756,10
13.00963974,80.2270965576,58756,58766,10
13.0101099014,80.2261428833,58766,58776,10
13.0105400085,80.2253112793,58776,58786,10
13.0108203888,80.2247467041,58786,58796,10
13.0111103058,80.2240600586,58796,58806,10
13.0114803314,80.2232208252,58806,58816,10
13.0118303299,80.2223129272,58816,58826,10
13.0120897293,80.2215576172,58826,58836,10
13.012169838,80.2210998535,58836,58845,9
13.0120000839,80.2205581665,58845,58857,12
13.0116500854,80.2195205688,58857,58867,10
13.0113201141,80.21849823,58867,58877,10
13.0109300613,80.2174987793,58877,58887,10
13.0105600357,80.2166519165,58887,58897,10
13.0101900101,80.2160110474,58897,58907,10
13.0099096298,80.2153701782,58907,58917,10
13.0095796585,80.2149124146,58917,58927,10
13.0091400146,80.2143325806,58927,58937,10
13.0086698532,80.2136993408,58937,58947,10
13.0083703995,80.2134475708,58947,59038,91
13.0083703995,80.2134475708,59038,59048,10
13.0079202652,80.2132034302,59048,59058,10
13.0077896118,80.2130584717,59058,59068,10
13.0074596405,80.2128601074,59068,59078,10
13.0069904327,80.2127685547,59078,59089,11
13.0063295364,80.2127990723,59089,59099,10
13.0057201385,80.2129592896,59099,59109,10
13.0050897598,80.2125701904,59109,59119,10
13.0043497086,80.2121734619,59119,59129,10
13.0037097931,80.2119369507,59129,59139,10
13.0037002563,80.2113876343,59139,59149,10
13.0036296844,80.2106933594,59149,59159,10
13.0035295486,80.2099685669,59159,59169,10
13.003569603,80.2092666626,59169,59179,10
13.0038099289,80.2086486816,59179,59189,10
13.0044698715,80.2088470459,59189,59199,10
13.005279541,80.2092208862,59199,59210,11
13.0060396194,80.2095413208,59210,59220,10
13.0065002441,80.2097167969,59220,59230,10
13.0068597794,80.2098236084,59230,59240,10
13.0072402954,80.2098617554,59240,59250,10
13.0073404312,80.2098617554,59250,59260,10
13.0074996948,80.2098617554,59260,59270,10
13.0079603195,80.2100067139,59270,59280,10
13.0081300735,80.2097625732,59280,59290,10
13.0079898834,80.2090835571,59290,59300,10
13.0078601837,80.208152771,59300,59310,10
13.0076799393,80.2070999146,59310,59321,11
13.0075397491,80.2059631348,59321,59331,10
13.0074996948,80.2049865723,59331,59341,10
13.0074901581,80.2040863037,59341,59351,10
13.007399559,80.2031478882,59351,59361,10
13.0073003769,80.2022171021,59361,59402,41
13.0074300766,80.2003097534,59402,59414,12
13.007399559,80.1993637085,59414,59423,9
13.0073604584,80.1985702515,59423,59433,10
13.0073404312,80.1976699829,59433,59444,11
13.0073003769,80.1968231201,59444,59454,10
13.0073099136,80.1967163086,59454,59464,10
13.007349968,80.1965179443,59464,59474,10
13.0074796677,80.1962127686,59474,59484,10
13.0079803467,80.1962814331,59484,59494,10
13.008600235,80.1963424683,59494,59504,10
13.0091295242,80.1960983276,59504,59514,10
13.0098896027,80.1959228516,59514,59524,10
13.0107097626,80.1958312988,59524,59534,10
13.0115098953,80.1953277588,59534,59544,10
13.0123796463,80.194770813,59544,59555,11
13.0133800507,80.1941680908,59555,59565,10
13.0141601563,80.1936264038,59565,59575,10
13.0147304535,80.1929016113,59575,59585,10
13.0152397156,80.1919937134,59585,59595,10
13.0157699585,80.1910018921,59595,59605,10
13.016289711,80.1900405884,59605,59615,10
13.0166597366,80.1893386841,59615,59625,10
13.0167198181,80.1892471313,59625,59635,10
13.0169200897,80.1889419556,59635,59645,10
13.0172195435,80.1883392334,59645,59655,10
13.0176496506,80.187538147,59655,59665,10
13.017829895,80.187210083,59665,59676,11
13.0178804398,80.1871414185,59676,59686,10
13.0181102753,80.1868972778,59686,59696,10
13.0185804367,80.1865615845,59696,59706,10
13.0192899704,80.1861190796,59706,59716,10
13.020070076,80.1856231689,59716,59726,10
13.0204896927,80.1849365234,59726,59736,10
13.0206298828,80.1843719482,59736,59746,10
13.0206403732,80.1843566895,59746,59756,10
13.0207099915,80.1842727661,59756,59766,10
13.0208396912,80.1839904785,59766,59775,9
13.0210103989,80.1835174561,59775,59797,22
13.0210103989,80.1835174561,59797,59807,10
13.0210504532,80.1834182739,59807,59817,10
13.0212402344,80.1831207275,59817,59827,10
13.0215902328,80.1825332642,59827,59837,10
13.0219898224,80.1818313599,59837,59847,10
13.022480011,80.1809997559,59847,59857,10
13.022939682,80.1801300049,59857,59867,10
13.0234203339,80.1792526245,59867,59877,10
13.0237598419,80.1785964966,59877,59887,10
13.0238599777,80.1784210205,59887,59897,10
13.0239295959,80.1783218384,59897,59908,11
13.0241203308,80.1780090332,59908,59918,10
13.024310112,80.177696228,59918,59928,10
13.024600029,80.1771774292,59928,59938,10
13.024939537,80.1765823364,59938,59948,10
13.025349617,80.175819397,59948,59958,10
13.0258102417,80.1749801636,59958,59968,10
13.0263004303,80.174118042,59968,59978,10
13.0268096924,80.1732025146,59978,59988,10
13.0273399353,80.1722717285,59988,59998,10
13.0278596878,80.1713180542,59998,60007,9
13.0282697678,80.1705627441,60007,60019,12
13.0286502838,80.1698989868,60019,60029,10
13.0289802551,80.1692581177,60029,60039,10
13.0290603638,80.1691131592,60039,60049,10
13.0291099548,80.1690063477,60049,60059,10
13.0293197632,80.1686706543,60059,60069,10
13.0296497345,80.1680908203,60069,60079,10
13.0300703049,80.1673202515,60079,60089,10
13.0305500031,80.1664733887,60089,60099,10
13.0310697556,80.1655502319,60099,60109,10
13.0315999985,80.1646194458,60109,60119,10
13.0320796967,80.1637573242,60119,60129,10
13.0324296951,80.1631011963,60129,60140,11
13.0324401855,80.1630783081,60140,60150,10
13.0325202942,80.162940979,60150,60160,10
13.0327701569,80.1624832153,60160,60170,10
13.0331401825,80.1618423462,60170,60180,10
13.0335702896,80.1610870361,60180,60190,10
13.0340099335,80.1603317261,60190,60200,10
13.0342903137,80.1597671509,60200,60210,10
13.0343599319,80.1592712402,60210,60220,10
13.0343399048,80.1582565308,60220,60321,101
13.0343399048,80.1582565308,60321,60331,10
13.0343599319,80.1580886841,60331,60341,10
13.0343503952,80.1578598022,60341,60351,10
13.0343503952,80.1577224731,60351,60361,10
13.0343399048,80.1576309204,60361,60372,11
13.0343198776,80.1574325562,60372,60382,10
13.0343198776,80.1571578979,60382,60392,10
13.0343399048,80.1566696167,60392,60563,171
13.0343399048,80.1566696167,60563,60573,10
13.0345201492,80.1562194824,60573,60583,10
13.0347795486,80.1557388306,60583,60593,10
13.034910202,80.1554718018,60593,60604,11
13.0350599289,80.1551589966,60604,60614,10
13.0353097916,80.1547088623,60614,60624,10
13.0355997086,80.1542205811,60624,60634,10
13.03565979,80.1541213989,60634,60644,10
13.0357103348,80.1540222168,60644,60654,10
13.0358695984,80.153678894,60654,60664,10
13.0361003876,80.153213501,60664,60674,10
13.0362195969,80.1525802612,60674,60684,10
13.0362100601,80.1518630981,60684,60694,10
13.0361700058,80.1510772705,60694,60704,10
13.0361404419,80.150177002,60704,60714,10
13.0361299515,80.1492385864,60714,60725,11
13.0361404419,80.1482009888,60725,60735,10
13.0361404419,80.1472625732,60735,60745,10
13.0361499786,80.1466217041,60745,60755,10
13.0361604691,80.1463470459,60755,60765,10
13.0362300873,80.1458129883,60765,60775,10
13.0363502502,80.1450500488,60775,60785,10
13.03647995,80.1440963745,60785,60795,10
13.0366001129,80.143119812,60795,60805,10
13.0366296768,80.1427536011,60805,60815,10
13.0366697311,80.142578125,60815,60825,10
13.036740303,80.1420822144,60825,60836,11
13.0368700027,80.141242981,60836,60846,10
13.0369997025,80.1404037476,60846,60856,10
13.037150383,80.1395111084,60856,60866,10
13.0372600555,80.138633728,60866,60876,10
13.0373601913,80.1379165649,60876,60886,10
13.0374803543,80.1370620728,60886,60896,10
13.0376596451,80.1362686157,60896,60906,10
13.0377702713,80.1358108521,60906,60916,10
13.037899971,80.1354675293,60916,60926,10
13.0380897522,80.135017395,60926,60936,10
13.0382699966,80.1345062256,60936,60946,10
13.0379104614,80.1344299316,60946,60957,11
13.0376195908,80.1349868774,60957,61481,524
13.0376195908,80.1349868774,61481,61491,10
13.0378503799,80.1352767944,61491,61501,10
13.0380001068,80.1354827881,61501,61511,10
13.0378904343,80.135887146,61511,61521,10
13.0376796722,80.1365509033,61521,61530,9
13.0375299454,80.1373062134,61530,61542,12
13.0374002457,80.1382598877,61542,61552,10
13.0373497009,80.1387786865,61552,61562,10
13.0372400284,80.139541626,61562,61572,10
13.0370998383,80.140411377,61572,61582,10
13.0369901657,80.1412963867,61582,61592,10
13.036939621,80.1419830322,61592,61632,40
13.036939621,80.1419830322,61632,61642,10
13.0368299484,80.1423721313,61642,61653,11
13.0367298126,80.1428222656,61653,61663,10
13.0366401672,80.143409729,61663,61673,10
13.0365400314,80.1441421509,61673,61683,10
13.036450386,80.1449203491,61683,61693,10
13.0363302231,80.1457519531,61693,61703,10
13.0362501144,80.1462631226,61703,61713,10
13.0362300873,80.1464767456,61713,61723,10
13.0361995697,80.1469573975,61723,61733,10
13.0361995697,80.1476898193,61733,61743,10
13.036239624,80.1483612061,61743,61753,10
13.0362796783,80.1488189697,61753,61763,10
13.0362997055,80.1493606567,61763,61774,11
13.0362701416,80.1500778198,61774,61784,10
13.036239624,80.1508636475,61784,61794,10
13.0362596512,80.1517333984,61794,61804,10
13.0362796783,80.1526107788,61804,61814,10
13.0360898972,80.1534423828,61814,61824,10
13.035779953,80.1541366577,61824,61834,10
13.0357198715,80.1542510986,61834,61844,10
13.0355997086,80.1544723511,61844,61854,10
13.0354003906,80.154876709,61854,61905,51
13.0354003906,80.154876709,61905,61915,10
13.0353097916,80.1550674438,61915,61925,10
13.0352096558,80.1552429199,61925,61935,10
13.0350799561,80.1555099487,61935,61945,10
13.0349502563,80.1557617188,61945,61955,10
13.0348100662,80.1560211182,61955,61965,10
13.0345401764,80.1564788818,61965,61975,10
13.0343198776,80.1571502686,61975,61985,10
13.0343999863,80.1579284668,61985,61995,10
13.0344295502,80.1586990356,61995,62006,11
13.0344600677,80.1592102051,62006,62016,10
13.0344400406,80.1597213745,62016,62026,10
13.0343599319,80.1599273682,62026,62036,10
13.0341997147,80.1601791382,62036,62046,10
13.0340795517,80.1603775024,62046,62056,10
13.0339803696,80.1604995728,62056,62066,10
13.0338897705,80.16065979,62066,62076,10
13.0337295532,80.160949707,62076,62086,10
13.0333995819,80.1615371704,62086,62096,10
13.0330200195,80.1622161865,62096,62106,10
13.0326595306,80.1628494263,62106,62117,11
13.03221035,80.1636886597,62117,62127,10
13.031920433,80.1642913818,62127,62137,10
13.0318403244,80.1644210815,62137,62147,10
13.0315704346,80.1649017334,62147,62157,10
13.0311603546,80.1656112671,62157,62167,10
13.0306797028,80.1664581299,62167,62177,10
13.0301799774,80.1673736572,62177,62187,10
13.0297403336,80.1681518555,62187,62197,10
13.0295600891,80.1685028076,62197,62207,10
13.0294504166,80.1687164307,62207,62217,10
13.0293798447,80.168838501,62217,62227,10
13.0291795731,80.1691665649,62227,62238,11
13.0288696289,80.1697006226,62238,62248,10
13.0285701752,80.170249939,62248,62258,10
13.0281496048,80.1710281372,62258,62268,10
13.0276403427,80.1719284058,62268,62278,10
13.0270900726,80.1729202271,62278,62288,10
13.026599884,80.1738128662,62288,62298,10
13.0263700485,80.1742477417,62298,62308,10
13.0261802673,80.1745605469,62308,62318,10
13.025850296,80.1751098633,62318,62328,10
13.0255002975,80.175743103,62328,62337,9
13.0252199173,80.1762084961,62337,62349,12
13.0249996185,80.1765594482,62349,62359,10
13.0247898102,80.1769638062,62359,62369,10
13.0244503021,80.1775894165,62369,62379,10
13.0240697861,80.1783218384,62379,62389,10
13.0238599777,80.1787414551,62389,62399,10
13.0237903595,80.1788482666,62399,62409,10
13.0237197876,80.1789703369,62409,62419,10
13.0235500336,80.1792373657,62419,62429,10
13.0232200623,80.1798324585,62429,62439,10
13.0227899551,80.1805801392,62439,62449,10
13.0223197937,80.1814193726,62449,62459,10
13.0219202042,80.1821136475,62459,62470,11
13.0216598511,80.1826400757,62470,62480,10
13.0214099884,80.1831283569,62480,62490,10
13.021320343,80.1832733154,62490,62500,10
13.0211801529,80.1834793091,62500,62510,10
13.020939827,80.183921814,62510,62530,20
13.020939827,80.183921814,62530,62540,10
13.0208702087,80.1840362549,62540,62550,10
13.0207700729,80.1843032837,62550,62560,10
13.0207395554,80.1844100952,62560,62570,10
13.0206804276,80.1846313477,62570,62581,11
13.0206098557,80.1849594116,62581,62591,10
13.0205097198,80.185218811,62591,62601,10
13.0203304291,80.1855621338,62601,62611,10
13.0198802948,80.1859207153,62611,62621,10
13.0192604065,80.1862792969,62621,62631,10
13.0186901093,80.1866378784,62631,62641,10
13.0182504654,80.1869735718,62641,62651,10
13.017829895,80.1874465942,62651,62661,10
13.0174398422,80.1881790161,62661,62671,10
13.0170297623,80.188911438,62671,62681,10
13.0166196823,80.1896820068,62681,62691,10
13.016169548,80.1904830933,62691,62702,11
13.0157003403,80.1913070679,62702,62712,10
13.015250206,80.1920928955,62712,62722,10
13.0148801804,80.192779541,62722,62732,10
13.0145998001,80.1932373047,62732,62742,10
13.0142803192,80.1936187744,62742,62752,10
13.0137195587,80.1940689087,62752,62762,10
13.0130500793,80.1945037842,62762,62772,10
13.0122900009,80.1949691772,62772,62782,10
13.0114898682,80.1954803467,62782,62792,10
13.0108299255,80.1958694458,62792,62802,10
13.0106801987,80.1959609985,62802,62813,11
13.0102901459,80.1959991455,62813,62823,10
13.0097103119,80.1959686279,62823,62833,10
13.0092601776,80.1960525513,62833,62843,10
13.008939743,80.1961593628,62843,62853,10
13.0086202621,80.1964111328,62853,62863,10
13.0085601807,80.1970977783,62863,62873,10
13.0085802078,80.1978378296,62873,62883,10
13.0085897446,80.1979827881,62883,62893,10
13.008600235,80.1980667114,62893,62903,10
13.0086202621,80.1986465454,62903,62923,20
13.0086202621,80.1986465454,62923,62934,11
13.0085897446,80.1988525391,62934,62944,10
13.0086097717,80.1992797852,62944,62954,10
13.0086297989,80.2000427246,62954,62964,10
13.0086402893,80.200881958,62964,62974,10
13.0085697174,80.2017288208,62974,62984,10
13.0085000992,80.20262146,62984,62994,10
13.0080795288,80.2034072876,62994,63004,10
13.0077199936,80.2041931152,63004,63014,10
13.0077104568,80.2051086426,63014,63024,10
13.0077104568,80.206161499,63024,63033,9
13.0078496933,80.2070999146,63033,63045,12
13.0080099106,80.2083282471,63045,63055,10
13.0081996918,80.2093505859,63055,63065,10
13.0085096359,80.2102127075,63065,63075,10
13.0089302063,80.210647583,63075,63085,10
13.0091199875,80.2108612061,63085,63095,10
13.0092897415,80.2110595703,63095,63105,10
13.0093097687,80.2110824585,63105,63115,10
13.0092697144,80.2112731934,63115,63166,51
13.0092697144,80.2112731934,63166,63176,10
13.0090198517,80.2117233276,63176,63186,10
13.0091104507,80.212020874,63186,63196,10
13.0092000961,80.2123184204,63196,63206,10
13.0093603134,80.2127838135,63206,63216,10
13.0095596313,80.2132720947,63216,63226,10
13.0098104477,80.2138824463,63226,63236,10
13.0100803375,80.2145690918,63236,63246,10
13.0101995468,80.2153015137,63246,63256,10
13.0104103088,80.2160797119,63256,63266,10
13.0108003616,80.2169189453,63266,63277,11
13.0112400055,80.2178878784,63277,63287,10
13.0115804672,80.2188720703,63287,63297,10
13.0119304657,80.2198867798,63297,63307,10
13.0122404099,80.2208099365,63307,63317,10
13.0123701096,80.2213821411,63317,63327,10
13.0125999451,80.221786499,63327,63337,10
13.0129699707,80.2222900391,63337,63347,10
13.0134296417,80.2228012085,63347,63357,10
13.0139503479,80.2233963013,63357,63367,10
13.0143604279,80.2239303589,63367,63377,10
13.0149097443,80.2245330811,63377,63388,11
13.0153303146,80.2250366211,63388,63398,10
13.0153903961,80.2251205444,63398,63408,10
13.0154800415,80.2253417969,63408,63418,10
13.01541996,80.2256774902,63418,63428,10
13.015130043,80.2258911133,63428,63438,10
13.0146303177,80.2260818481,63438,63448,10
13.0139398575,80.226348877,63448,63458,10
13.0131998062,80.2266387939,63458,63468,10
13.0123796463,80.2269973755,63468,63478,10
13.0115203857,80.2273635864,63478,63488,10
13.0106801987,80.2276992798,63488,63498,10
13.0098600388,80.228012085,63498,63509,11
13.0091495514,80.2284622192,63509,63519,10
13.0089902878,80.2292633057,63519,63529,10
13.0088100433,80.2302093506,63529,63539,10
13.0086297989,80.2311935425,63539,63549,10
13.0084295273,80.2322235107,63549,63559,10
13.0082798004,80.2331237793,63559,63569,10
13.0082302094,80.2335968018,63569,63579,10
13.0082302094,80.2336120605,63579,63589,10
13.008190155,80.2337188721,63589,63599,10
13.0081100464,80.2340087891,63599,63608,9
13.008020401,80.2345123291,63608,63619,11
13.0078496933,80.2353210449,63619,63630,11
13.0076599121,80.2362976074,63630,63640,10
13.0074796677,80.2372283936,63640,63650,10
13.0073204041,80.2380828857,63650,63660,10
13.0071897507,80.2387313843,63660,63670,10
13.0070495605,80.2394180298,63670,63680,10
13.0070199966,80.2397384644,63680,63690,10
13.0069303513,80.240196228,63690,63700,10
13.0068502426,80.2407226563,63700,63710,10
13.0068101883,80.2410964966,63710,63720,10
13.0067901611,80.2412109375,63720,63730,10
13.0067300797,80.2416000366,63730,63741,11
13.0067195892,80.2422866821,63741,63751,10
13.0067195892,80.242729187,63751,63761,10
13.0066995621,80.2431869507,63761,63771,10
13.0066900253,80.243637085,63771,63781,10
13.006649971,80.2441864014,63781,63791,10
13.0066795349,80.2445602417,63791,63840,49
13.0066795349,80.2445602417,63840,63851,11
13.0066900253,80.2448425293,63851,63862,11
13.0067195892,80.245262146,63862,63872,10
13.0067396164,80.2458496094,63872,63882,10
13.006770134,80.2466201782,63882,63892,10
13.0067796707,80.2474365234,63892,63902,10
13.0067596436,80.248298645,63902,63912,10
13.0068597794,80.2494812012,63912,63932,20
13.0068597794,80.2494812012,63932,63942,10
13.0068397522,80.2497787476,63942,63952,10
13.0067996979,80.2503204346,63952,63962,10
13.0067796707,80.2509918213,63962,63973,11
13.006770134,80.2515182495,63973,63983,10
13.0066795349,80.2518386841,63983,63993,10
13.0066404343,80.2520523071,63993,64003,10
13.0065803528,80.2524871826,64003,64013,10
13.0065603256,80.2530975342,64013,64023,10
13.0065498352,80.2538528442,64023,64033,10
13.0066204071,80.2549591064,64033,64053,20
13.0066204071,80.2549591064,64053,64063,10
13.0065803528,80.2551803589,64063,64073,10
13.0065803528,80.2557525635,64073,64084,11
13.0065803528,80.2564163208,64084,64094,10
13.0065898895,80.2567672729,64094,64124,30
13.0065898895,80.2567672729,64124,64134,10
13.0066404343,80.2569274902,64134,64144,10
13.0066699982,80.2573165894,64144,64154,10
13.0064096451,80.2576675415,64154,64164,10
13.0058498383,80.2574996948,64164,64174,10
13.0052604675,80.2573013306,64174,64184,10
13.004650116,80.2571563721,64184,64193,9
13.0039196014,80.2570114136,64193,64205,12
13.0029802322,80.2568435669,64205,64215,10
13.0023899078,80.256729126,64215,64225,10
13.0017004013,80.2566223145,64225,64275,50
13.0017004013,80.2566223145,64275,64285,10
13.0015802383,80.2565994263,64285,64295,10
13.0011796951,80.2565536499,64295,64304,9
13.0007095337,80.2564620972,64304,64316,12
12.9998903275,80.2562866211,64316,64326,10
12.9991197586,80.2561721802,64326,64336,10
12.9985303879,80.2560882568,64336,64346,10
12.9984197617,80.2560501099,64346,64356,10
12.9983301163,80.2560424805,64356,64366,10
12.9980602264,80.2559890747,64366,64376,10
12.9974098206,80.2559432983,64376,64386,10
12.9968595505,80.2559127808,64386,64396,10
12.9964895248,80.2559204102,64396,64406,10
12.9961204529,80.2559204102,64406,64416,10
12.9957504272,80.2559280396,64416,64426,10
12.9953899384,80.2559509277,64426,64437,11
12.9949302673,80.2559509277,64437,64447,10
12.9944200516,80.2559814453,64447,64457,10
12.9939899445,80.2560195923,64457,64467,10
12.9933595657,80.256072998,64467,64477,10
12.9925899506,80.2561187744,64477,64487,10
12.9917697906,80.2561035156,64487,64497,10
12.9910898209,80.256072998,64497,64507,10
12.9907503128,80.2560577393,64507,64517,10
12.9903297424,80.2560577393,64517,64527,10
12.9897003174,80.2560424805,64527,64537,10
12.9885101318,80.2559585571,64537,64558,21
12.9885101318,80.2559585571,64558,64568,10
12.9882898331,80.255897522,64568,64608,40
12.9882898331,80.255897522,64608,64618,10
12.9880504608,80.2558822632,64618,64628,10
12.9877195358,80.2558517456,64628,64638,10
12.9876003265,80.2562408447,64638,64648,10
12.9875497818,80.2568588257,64648,64659,11
12.9874897003,80.2574996948,64659,64669,10
12.9874401093,80.2582626343,64669,64679,10
12.9873800278,80.2589035034,64679,64689,10
12.9872303009,80.2596130371,64689,64739,50
12.9872303009,80.2596130371,64739,64749,10
12.9867801666,80.2596588135,64749,65264,515
12.9867801666,80.2596588135,65264,65274,10
12.986579895,80.259803772,65274,65284,10
12.9865198135,80.2595596313,65284,65294,10
12.9865598679,80.2592468262,65294,65385,91
12.9869203568,80.2591094971,65385,65435,50
12.9869203568,80.2591094971,65435,65445,10
12.9873104095,80.2591400146,65445,65455,10
12.9873600006,80.2589797974,65455,65465,10
12.9873800278,80.2585601807,65465,65476,11
12.9874000549,80.2581863403,65476,65486,10
12.9874696732,80.2575836182,65486,65496,10
12.9875297546,80.2568664551,65496,65506,10
12.9875802994,80.2563934326,65506,65566,60
12.9875802994,80.2563934326,65566,65575,9
12.9876003265,80.2561187744,65575,65687,112
12.9876003265,80.2561187744,65687,65697,10
12.987739563,80.2557296753,65697,65708,11
12.9881801605,80.255821228,65708,65718,10
12.9886798859,80.2558898926,65718,65728,10
12.9887199402,80.255897522,65728,65738,10
12.9889802933,80.2559432983,65738,65748,10
12.9892196655,80.2559814453,65748,65758,10
12.9896802902,80.2560272217,65758,65768,10
12.9902896881,80.2560577393,65768,65778,10
12.9905395508,80.2560272217,65778,65788,10
12.9908504486,80.2560501099,65788,65798,10
12.9914197922,80.2560501099,65798,65807,9
12.9921703339,80.2560501099,65807,65819,12
12.9932498932,80.2560119629,65819,65829,10
12.9940500259,80.2559585571,65829,65839,10
12.9945201874,80.2559509277,65839,65859,20
12.9945201874,80.2559509277,65859,65869,10
12.9947004318,80.2559814453,65869,65879,10
12.9949903488,80.2559585571,65879,65889,10
12.9953098297,80.2559432983,65889,65899,10
12.9958095551,80.2559432983,65899,65960,61
12.9958095551,80.2559432983,65960,65970,10
12.9961099625,80.2559509277,65970,65980,10
12.9965295792,80.2559509277,65980,65990,10
12.9968996048,80.2559432983,65990,66000,10
12.9971399307,80.2559280396,66000,66010,10
12.9974498749,80.2559509277,66010,66020,10
12.9979295731,80.2559432983,66020,66030,10
12.9986000061,80.2559890747,66030,66051,21
12.9986000061,80.2559890747,66051,66061,10
12.9991798401,80.2561264038,66061,66081,20
12.9991798401,80.2561264038,66081,66091,10
12.9993600845,80.2561798096,66091,66101,10
12.999879837,80.2562866211,66101,66111,10
13.0006399155,80.2564315796,66111,66121,10
13.0013103485,80.2565612793,66121,66131,10
13.0019903183,80.2566680908,66131,66141,10
13.002530098,80.2567367554,66141,66151,10
13.0029201508,80.2568283081,66151,66161,10
13.0034704208,80.2569274902,66161,66172,11
13.0040998459,80.2570419312,66172,66182,10
13.0045604706,80.2570877075,66182,66192,10
13.0051202774,80.2571411133,66192,66232,40
13.0051202774,80.2571411133,66232,66242,10
13.0053701401,80.2572631836,66242,66252,10
13.0057401657,80.2573699951,66252,66262,10
13.0062704086,80.2574615479,66262,66271,9
13.006529808,80.25730896,66271,66283,12
13.0064697266,80.2566680908,66283,66293,10
13.006480217,80.255859375,66293,66303,10
13.0065002441,80.2552185059,66303,66313,10
13.006529808,80.2546005249,66313,66323,10
13.006480217,80.254119873,66323,66333,10
13.006480217,80.2541122437,66333,66343,10
13.0065803528,80.25390625,66343,66353,10
13.0065202713,80.2531814575,66353,66565,212
13.0065002441,80.2527770996,66565,66908,343
13.0065002441,80.2527770996,66908,66918,10
13.0065002441,80.2526168823,66918,66928,10
13.0065603256,80.2523193359,66928,66938,10
13.0066099167,80.2519226074,66938,66979,41
13.0067796707,80.2517318726,66979,67029,50
13.0067796707,80.2517318726,67029,67039,10
13.0067996979,80.2513198853,67039,67231,192
13.0067996979,80.2513198853,67231,67241,10
13.0068502426,80.2510986328,67241,67251,10
13.0067796707,80.2507705688,67251,67261,10
13.0067396164,80.2503128052,67261,67342,81
13.006819725,80.2499694824,67342,67422,80
13.006819725,80.2499694824,67422,67432,10
13.0068101883,80.2499084473,67432,67443,11
13.0067796707,80.249671936,67443,67453,10
13.0067501068,80.2493209839,67453,67463,10
13.0067100525,80.2489700317,67463,67473,10
13.0066795349,80.2487716675,67473,67574,101
13.0066795349,80.2487716675,67574,67584,10
13.0066699982,80.2486190796,67584,67594,10
13.0066604614,80.2483673096,67594,67604,10
13.0066404343,80.2479019165,67604,67614,10
13.0066299438,80.2471389771,67614,67634,20
13.0066299438,80.2471389771,67634,67644,10
13.0065803528,80.2467193604,67644,67664,20
13.0065603256,80.2466201782,67664,67705,41
13.0066204071,80.2462387085,67705,67735,30
13.0066204071,80.2459182739,67735,67755,20
13.0066204071,80.2459182739,67755,67765,10
13.0066204071,80.2456130981,67765,67775,10
13.0066003799,80.2454299927,67775,67786,11
13.0065898895,80.245262146,67786,67796,10
13.0065803528,80.2452163696,67796,67806,10
13.0065603256,80.2448730469,67806,67836,30
13.0065603256,80.2448730469,67836,67846,10
13.0066604614,80.2443695068,67846,67856,10
13.0066404343,80.2442398071,67856,67866,10
13.0066003799,80.2440872192,67866,67876,10
13.0065803528,80.243850708,67876,67886,10
13.0065803528,80.2436676025,67886,67896,10
13.0065698624,80.2434768677,67896,67907,11
13.0065498352,80.2431411743,67907,67917,10
13.0065202713,80.2425994873,67917,67927,10
13.0065402985,80.2417907715,67927,67937,10
13.0065698624,80.2411804199,67937,67947,10
13.0065803528,80.2409210205,67947,67957,10
13.0066404343,80.2406692505,67957,67967,10
13.0067100525,80.2402877808,67967,67977,10
13.0068702698,80.2396011353,67977,67987,10
13.0070695877,80.2387313843,67987,67997,10
13.0072002411,80.2380523682,67997,68006,9
13.007349968,80.237159729,68006,68038,32
13.007349968,80.237159729,68038,68048,10
13.0074100494,80.2367935181,68048,68098,50
13.0074100494,80.2367935181,68098,68108,10
13.0075101852,80.2365112305,68108,68118,10
13.0075798035,80.2360916138,68118,68128,10
13.0076599121,80.2355575562,68128,68139,11
13.0078296661,80.2347717285,68139,68149,10
13.0080299377,80.2339324951,68149,68159,10
13.0082302094,80.2329788208,68159,68169,10
13.0084104538,80.2319869995,68169,68179,10
13.0086097717,80.2310180664,68179,68189,10
13.0088195801,80.2300186157,68189,68199,10
13.0090103149,80.2290878296,68199,68209,10
13.0090799332,80.2285919189,68209,68219,10
13.009180069,80.2282333374,68219,68229,10
13.0093803406,80.2277297974,68229,68239,10
13.0096902847,80.2270278931,68239,68250,11
13.0100698471,80.2261886597,68250,68260,10
13.0103197098,80.2256011963,68260,68270,10
13.0105600357,80.225151062,68270,68280,10
13.010720253,80.2248306274,68280,68290,10
13.0108299255,80.2244873047,68290,68300,10
13.011059761,80.2239532471,68300,68310,10
13.0113096237,80.2233428955,68310,68320,10
13.0116100311,80.222618103,68320,68330,10
13.0118503571,80.2219467163,68330,68340,10
13.0120201111,80.2215881348,68340,68350,10
13.0121002197,80.221321106,68350,68361,11
13.0121202469,80.2210922241,68361,68371,10
13.0120601654,80.220916748,68371,68381,10
13.0119600296,80.2206726074,68381,68391,10
13.0118598938,80.2203826904,68391,68401,10
13.0117397308,80.2200698853,68401,68411,10
13.0116500854,80.2198410034,68411,68421,10
13.011639595,80.2198028564,68421,68431,10
13.011590004,80.2196426392,68431,68441,10
13.0114898682,80.2193527222,68441,68451,10
13.0114603043,80.21925354,68451,68461,10
13.0113697052,80.2189788818,68461,68471,10
13.011349678,80.2189483643,68471,68482,11
13.0112800598,80.2187271118,68482,68492,10
13.0112304688,80.21849823,68492,68502,10
13.0111303329,80.2181777954,68502,68512,10
13.0109596252,80.2177429199,68512,68522,10
13.0107698441,80.2172775269,68522,68532,10
13.0106201172,80.2169113159,68532,68542,10
13.0102796555,80.2162017822,68542,68581,39
13.0102796555,80.2162017822,68581,68593,12
13.0101003647,80.2158584595,68593,68603,10
13.0099096298,80.2154464722,68603,68653,50
13.0099096298,80.2154464722,68653,68663,10
13.0097999573,80.2152023315,68663,68673,10
13.0096797943,80.215057373,68673,68683,10
13.0095500946,80.2149200439,68683,68724,41
13.0095500946,80.2149200439,68724,68734,10
13.0094900131,80.2147903442,68734,68744,10
13.0093603134,80.214630127,68744,68754,10
13.0091896057,80.2144317627,68754,68784,30
13.0091896057,80.2144317627,68784,68794,10
13.0088796616,80.2140426636,68794,68855,61
13.0088796616,80.2140426636,68855,68865,10
13.0086898804,80.2138137817,68865,68905,40
13.0086898804,80.2138137817,68905,68915,10
13.0085096359,80.2136230469,68915,68956,41
13.0085096359,80.2136230469,68956,68966,10
13.0081996918,80.2134017944,68966,68976,10
13.0081796646,80.2133865356,68976,68986,10
13.0079498291,80.2132568359,68986,68996,10
13.0078001022,80.213142395,68996,69006,10
13.0076799393,80.2130432129,69006,69016,10
13.0075101852,80.2129211426,69016,69026,10
13.0071001053,80.2128219604,69026,69036,10
13.0065498352,80.2127838135,69036,69046,10
13.005979538,80.2129592896,69046,69057,11
13.0053300858,80.2127380371,69057,69067,10
13.0048704147,80.2125167847,69067,69077,10
13.0042295456,80.2122421265,69077,69087,10
13.0038003922,80.2120895386,69087,69097,10
13.0036897659,80.2119827271,69097,69107,10
13.0036697388,80.2115020752,69107,69117,10
13.0036096573,80.2108383179,69117,69127,10
13.0035295486,80.2101974487,69127,69137,10
13.0034999847,80.2095413208,69137,69147,10
13.0036401749,80.2088623047,69147,69157,10
13.0041399002,80.208732605,69157,69167,10
13.0048103333,80.2090377808,69167,69178,11
13.005610466,80.2093963623,69178,69188,10
13.0061302185,80.2095870972,69188,69198,10
13.0065698624,80.2097473145,69198,69208,10
13.0072498322,80.2098617554,69208,69228,20
13.0072498322,80.2098617554,69228,69238,10
13.0073404312,80.2098999023,69238,69248,10
13.0075101852,80.2099533081,69248,69258,10
13.0077800751,80.2100067139,69258,69268,10
13.0081195831,80.2100296021,69268,69277,9
13.008099556,80.2097015381,69277,69289,12
13.0079498291,80.208946228,69289,69299,10
13.0078401566,80.2081069946,69299,69309,10
13.0077104568,80.2071762085,69309,69319,10
13.0075798035,80.2062988281,69319,69329,10
13.007519722,80.2054214478,69329,69339,10
13.0075302124,80.2046737671,69339,69349,10
13.0075101852,80.2040634155,69349,69359,10
13.0074100494,80.2033691406,69359,69369,10
13.0072898865,80.2026367188,69369,69379,10
13.0073299408,80.2018432617,69379,69389,10
13.0073299408,80.201499939,69389,69400,11
13.0073604584,80.2014083862,69400,69410,10
13.0073795319,80.2010574341,69410,69420,10
13.0074100494,80.2005081177,69420,69430,10
13.0074100494,80.1997909546,69430,69440,10
13.0073404312,80.1990127563,69440,69450,10
13.0073099136,80.1982269287,69450,69460,10
13.0072803497,80.1974029541,69460,69470,10
13.0072498322,80.1968688965,69470,69480,10
13.0072498322,80.1968612671,69480,69490,10
13.0072803497,80.1966323853,69490,69500,10
13.0073699951,80.1962509155,69500,69510,10
13.0075798035,80.1962280273,69510,69521,11
13.0078601837,80.1962814331,69521,69551,30
13.0078601837,80.1962814331,69551,69561,10
13.0082998276,80.1964035034,69561,69611,50
13.0082998276,80.1964035034,69611,69621,10
13.0087299347,80.1962890625,69621,69632,11
13.0091199875,80.1961288452,69632,69642,10
13.0095796585,80.1959609985,69642,69652,10
13.010020256,80.1959686279,69652,69662,10
13.0105495453,80.195930481,69662,69672,10
13.0112199783,80.1955718994,69672,69682,10
13.0120000839,80.1950683594,69682,69692,10
13.0128202438,80.1945571899,69692,69702,10
13.0135202408,80.1941223145,69702,69712,10
13.0139703751,80.1938400269,69712,69722,10
13.0143995285,80.1934204102,69722,69732,10
13.0147800446,80.1928329468,69732,69743,11
13.0151996613,80.1920776367,69743,69753,10
13.015540123,80.1914596558,69753,69763,10
13.0159397125,80.1907272339,69763,69773,10
13.0163698196,80.1899337769,69773,69783,10
13.0166797638,80.1893234253,69783,69793,10
13.0167303085,80.189239502,69793,69803,10
13.0167999268,80.1891403198,69803,69813,10
13.0169897079,80.1887817383,69813,69823,10
13.0172796249,80.1882400513,69823,69833,10
13.0176200867,80.1876678467,69833,69843,10
13.0178403854,80.1872634888,69843,69853,10
13.0180397034,80.1870117188,69853,69864,11
13.0184001923,80.1867218018,69864,69874,10
13.0188598633,80.1864318848,69874,69883,9
13.0193996429,80.1861114502,69883,69894,11
13.0200595856,80.1856994629,69894,69904,10
13.0204000473,80.1852416992,69904,69914,10
13.0206003189,80.1844482422,69914,69934,20
13.0206003189,80.1844482422,69934,69944,10
13.0206899643,80.1842727661,69944,69954,10
13.0208501816,80.1838302612,69954,69964,10
13.0209703445,80.1835403442,69964,69975,11
13.0209798813,80.1835098267,69975,69985,10
13.0211200714,80.1832809448,69985,69995,10
13.0214595795,80.1827926636,69995,70005,10
13.0218296051,80.1821365356,70005,70015,10
13.0222396851,80.181388855,70015,70025,10
13.0227003098,80.1805496216,70025,70035,10
13.0231599808,80.1796875,70035,70045,10
13.0235300064,80.1790237427,70045,70055,10
13.0237398148,80.1786117554,70055,70065,10
13.0237598419,80.1785507202,70065,70075,10
13.0238199234,80.1784896851,70075,70085,10
13.0239295959,80.1782913208,70085,70096,11
13.024140358,80.1779174805,70096,70106,10
13.0244197845,80.1773681641,70106,70136,30
13.0244197845,80.1773681641,70136,70146,10
13.0246200562,80.1771392822,70146,70156,10
13.0247602463,80.1769104004,70156,70166,10
13.0249700546,80.1765213013,70166,70176,10
13.0251998901,80.176109314,70176,70186,10
13.0254802704,80.1755599976,70186,70196,10
13.0258197784,80.174911499,70196,70207,11
13.0262498856,80.1741790771,70207,70217,10
13.0266504288,80.1734390259,70217,70227,10
13.0270700455,80.1726913452,70227,70237,10
13.0275001526,80.1719284058,70237,70247,10
13.0279197693,80.1711807251,70247,70257,10
13.0282697678,80.1705932617,70257,70267,10
13.0284404755,80.1702728271,70267,70277,10
13.0286598206,80.1698303223,70277,70287,10
13.0289897919,80.1691818237,70287,70307,20
13.0289897919,80.1691818237,70307,70317,10
13.0290899277,80.1690826416,70317,70338,21
13.0290899277,80.1690826416,70338,70348,10
13.0292396545,80.1687698364,70348,70358,10
13.0294904709,80.1683425903,70358,70368,10
13.0298204422,80.1677703857,70368,70378,10
13.0301704407,80.1671295166,70378,70388,10
13.0305700302,80.1664199829,70388,70398,10
13.0309896469,80.1656799316,70398,70408,10
13.0313901901,80.1649703979,70408,70418,10
13.0316896439,80.1644210815,70418,70428,10
13.031829834,80.1641616821,70428,70439,11
13.0321102142,80.1636428833,70439,70449,10
13.0323495865,80.1631774902,70449,70459,10
13.0323801041,80.1631164551,70459,70469,10
13.0324497223,80.1630096436,70469,70479,10
13.0325698853,80.1627502441,70479,70489,10
13.0326700211,80.1625976563,70489,70499,10
13.032699585,80.1625518799,70499,70509,10
13.0328502655,80.1622924805,70509,70539,30
13.0330495834,80.1619415283,70539,70570,31
13.0332698822,80.1615982056,70570,70600,30
13.0332698822,80.1615982056,70600,70610,10
13.0334501266,80.1612091064,70610,70660,50
13.0336704254,80.1608581543,70660,70701,41
13.0336704254,80.1608581543,70701,70711,10
13.033829689,80.1606216431,70711,70721,10
13.0339202881,80.1604537964,70721,70731,10
13.0340299606,80.1602401733,70731,70741,10
13.0342302322,80.159866333,70741,70852,111
13.0342302322,80.159866333,70852,70862,10
13.0342998505,80.1594924927,70862,70872,10
13.0343103409,80.1593093872,70872,70882,10
13.0343103409,80.1592483521,70882,70892,10
13.0343198776,80.1590423584,70892,70903,11
13.034330368,80.1588287354,70903,70913,10
13.034330368,80.1586914063,70913,70923,10
13.034330368,80.1585235596,70923,70933,10
13.0343198776,80.1582183838,70933,70953,20
13.0343198776,80.157989502,70953,71124,171
13.0343198776,80.157989502,71124,71135,11
13.0342998505,80.1575317383,71135,71145,10
13.0342702866,80.1572189331,71145,71155,10
13.0343399048,80.1566619873,71155,71165,10
13.0344600677,80.1562576294,71165,71336,171
13.0344600677,80.1562576294,71336,71346,10
13.0345201492,80.1561813354,71346,71356,10
13.0346298218,80.155960083,71356,71367,11
13.0347700119,80.1556396484,71367,71377,10
13.0348796844,80.1554794312,71377,71387,10
13.0349903107,80.1552963257,71387,71397,10
13.0351600647,80.1549377441,71397,71407,10
13.0354099274,80.1545028687,71407,71417,10
13.035779953,80.153793335,71417,71437,20
13.035779953,80.153793335,71437,71447,10
13.0358295441,80.1537628174,71447,71457,10
13.0359401703,80.153503418,71457,71467,10
13.0361204147,80.1530380249,71467,71478,11
13.0361700058,80.1525192261,71478,71488,10
13.0361700058,80.1518478394,71488,71498,10
13.0361604691,80.1510925293,71498,71508,10
13.0361299515,80.1501922607,71508,71518,10
13.0361099243,80.149230957,71518,71528,10
13.0361099243,80.1482391357,71528,71538,10
13.0361099243,80.1472473145,71538,71548,10
13.0361299515,80.1465835571,71548,71558,10
13.0361795425,80.1460571289,71558,71568,10
13.0362701416,80.145362854,71568,71577,9
13.0363702774,80.1446075439,71577,71589,12
13.03647995,80.1438293457,71589,71599,10
13.0365695953,80.142868042,71599,71619,20
13.0365695953,80.142868042,71619,71629,10
13.0365800858,80.1428222656,71629,71639,10
13.036649704,80.1425628662,71639,71649,10
13.036740303,80.1420135498,71649,71659,10
13.036860466,80.1412811279,71659,71669,10
13.0369796753,80.1404724121,71669,71679,10
13.0371198654,80.1396408081,71679,71689,10
13.0372400284,80.1388168335,71689,71699,10
13.0373096466,80.1383132935,71699,71710,11
13.0373802185,80.1377716064,71710,71720,10
13.0374698639,80.1371231079,71720,71730,10
13.0376300812,80.1363601685,71730,71740,10
13.0378503799,80.1356124878,71740,71750,10
13.0379896164,80.1352615356,71750,71760,10
13.0380802155,80.1349716187,71760,71770,10
13.0382299423,80.1345214844,71770,71780,10
13.0379896164,80.134437561,71780,71790,10
13.0375795364,80.1350479126,71790,72153,363
13.037779808,80.1353225708,72153,72184,31
13.037779808,80.1353225708,72184,72194,10
13.0379600525,80.1356124878,72194,72204,10
13.0378198624,80.1359634399,72204,72214,10
13.0376596451,80.1364822388,72214,72224,10
13.0375099182,80.1371765137,72224,72234,10
13.0373897552,80.1379470825,72234,72244,10
13.0373001099,80.1387023926,72244,72254,10
13.0371799469,80.139503479,72254,72264,10
13.0370397568,80.14037323,72264,72274,10
13.036939621,80.1413421631,72274,72285,11
13.0368204117,80.1422271729,72285,72335,50
13.0368204117,80.1422271729,72335,72345,10
13.0367498398,80.1426467896,72345,72355,10
13.0366401672,80.1432418823,72355,72365,10
13.0364999771,80.1440811157,72365,72375,10
13.0363702774,80.1450119019,72375,72385,10
13.036239624,80.1459579468,72385,72395,10
13.0361700058,80.1464233398,72395,72406,11
13.0361604691,80.1465377808,72406,72416,10
13.0361404419,80.1469573975,72416,72426,10
13.0361404419,80.1476669312,72426,72436,10
13.0361700058,80.1483612061,72436,72446,10
13.0362195969,80.1486587524,72446,72456,10
13.0362195969,80.1486663818,72456,72466,10
13.0362195969,80.1488037109,72466,72476,10
13.0362195969,80.149230957,72476,72486,10
13.0362195969,80.1499633789,72486,72496,10
13.0361995697,80.1507720947,72496,72506,10
13.036190033,80.1516418457,72506,72517,11
13.0361995697,80.152671814,72517,72527,10
13.0360202789,80.1535186768,72527,72537,10
13.03565979,80.154296875,72537,72557,20
13.03565979,80.154296875,72557,72567,10
13.0355195999,80.1545333862,72567,72577,10
13.0353002548,80.1549911499,72577,72587,10
13.0351600647,80.1552734375,72587,72597,10
13.0350599289,80.1554489136,72597,72607,10
13.0349702835,80.1556625366,72607,72617,10
13.0347900391,80.1559829712,72617,72627,10
13.0345001221,80.1564712524,72627,72638,11
13.0343704224,80.1567611694,72638,72648,10
13.0343599319,80.1567764282,72648,72658,10
13.0342998505,80.1569595337,72658,72668,10
13.0342903137,80.1573791504,72668,72678,10
13.0343198776,80.1577911377,72678,72688,10
13.0343399048,80.1584014893,72688,72698,10
13.0343599319,80.1590499878,72698,72708,10
13.0343503952,80.1598205566,72708,72749,41
13.0343503952,80.1598205566,72749,72759,10
13.0342597961,80.1599884033,72759,72769,10
13.0340995789,80.1602401733,72769,72779,10
13.0338697433,80.16065979,72779,72789,10
13.0335197449,80.1613006592,72789,72799,10
13.0331401825,80.1619720459,72799,72809,10
13.0327301025,80.162727356,72809,72819,10
13.0322799683,80.1635665894,72819,72829,10
13.0319499969,80.1642379761,72829,72839,10
13.0318899155,80.1643066406,72839,72848,9
13.0317296982,80.1645812988,72848,72860,12
13.0312995911,80.1653137207,72860,72870,10
13.03083992,80.1661300659,72870,72880,10
13.0303602219,80.1669998169,72880,72890,10
13.02987957,80.1678390503,72890,72900,10
13.0295000076,80.1685409546,72900,72910,10
13.0293798447,80.168800354,72910,72920,10
13.0293197632,80.1688766479,72920,72930,10
13.0290603638,80.1692962646,72930,72940,10
13.0287399292,80.1698913574,72940,72950,10
13.0283899307,80.1705322266,72950,72960,10
13.027970314,80.1713027954,72960,72970,10
13.0274896622,80.1721496582,72970,72981,11
13.0269298553,80.1731719971,72981,72991,10
13.0264701843,80.1740036011,72991,73001,10
13.0262002945,80.1744918823,73001,73011,10
13.0259304047,80.1749191284,73011,73021,10
13.0256099701,80.1755218506,73021,73031,10
13.0252199173,80.1762084961,73031,73041,10
13.0248498917,80.1768493652,73041,73061,20
13.0248498917,80.1768493652,73061,73071,10
13.0247898102,80.176940918,73071,73081,10
13.0245895386,80.1773376465,73081,73092,11
13.0242004395,80.1780776978,73092,73102,10
13.0237903595,80.178817749,73102,73112,10
13.0236902237,80.1789779663,73112,73122,10
13.0236101151,80.1791000366,73122,73132,10
13.0233402252,80.1795501709,73132,73142,10
13.0229701996,80.180229187,73142,73152,10
13.0225496292,80.1809921265,73152,73162,10
13.0221204758,80.1817626953,73162,73172,10
13.0217399597,80.1824264526,73172,73182,10
13.0215396881,80.1828689575,73182,73192,10
13.021490097,80.1829605103,73192,73203,11
13.0213403702,80.1832199097,73203,73213,10
13.0211496353,80.1835327148,73213,73223,10
13.0209102631,80.1839828491,73223,73233,10
13.0208396912,80.1841278076,73233,73243,10
13.0207996368,80.1843032837,73243,73253,10
13.02064991,80.1847915649,73253,73263,10
13.0198297501,80.1859664917,73263,73273,10
13.0198297501,80.1859664917,73273,73283,10
13.019080162,80.1864013672,73283,73292,9
13.0184602737,80.1867904663,73292,73335,43
13.0168800354,80.1892623901,73335,73345,10
13.0168104172,80.1893920898,73345,73355,10
13.0167398453,80.1895065308,73355,73365,10
13.0166196823,80.1897201538,73365,73375,10
13.0164203644,80.1900405884,73375,73385,10
13.0161504745,80.1905212402,73385,73395,10
13.0157899857,80.1911392212,73395,73405,10
13.0153999329,80.1918487549,73405,73415,10
13.0149803162,80.1925888062,73415,73425,10
13.0145597458,80.1932907104,73425,73436,11
13.0140199661,80.193862915,73436,73446,10
13.0133495331,80.1942977905,73446,73456,10
13.0126199722,80.1947631836,73456,73466,10
13.0118503571,80.1952362061,73466,73476,10
13.0110797882,80.1957168579,73476,73486,10
13.0105199814,80.1959915161,73486,73496,10
13.0100498199,80.1960220337,73496,73506,10
13.0095500946,80.1959991455,73506,73516,10
13.0092096329,80.1961135864,73516,73526,10
13.0088596344,80.1962585449,73526,73536,10
13.0085601807,80.1965026855,73536,73546,10
13.0085201263,80.1970901489,73546,73557,11
13.0085496902,80.1978378296,73557,73567,10
13.0085601807,80.1979675293,73567,73577,10
13.0085601807,80.1981430054,73577,73587,10
13.0085897446,80.1985321045,73587,73597,10
13.0085802078,80.1985702515,73597,73607,10
13.0085201263,80.1987304688,73607,73617,10
13.0085601807,80.1990966797,73617,73627,10
13.0085697174,80.1998291016,73627,73637,10
13.0085897446,80.2006378174,73637,73647,10
13.0085697174,80.201461792,73647,73657,10
13.008480072,80.2023468018,73657,73668,11
13.0082397461,80.2032394409,73668,73678,10
13.0077400208,80.2038421631,73678,73688,10
13.0076799393,80.2045898438,73688,73698,10
13.0076704025,80.2054595947,73698,73708,10
13.0077400208,80.2064819336,73708,73718,10
13.0079097748,80.2074890137,73718,73728,10
13.0081501007,80.2092437744,73728,73738,10
13.0081501007,80.2092437744,73738,73748,10
13.0083799362,80.2100906372,73748,73758,10
13.0088500977,80.2106399536,73758,73768,10
13.0091295242,80.2108917236,73768,73779,11
13.0092496872,80.2111282349,73779,73789,10
13.0091600418,80.2113418579,73789,73839,50
13.0091600418,80.2113418579,73839,73849,10
13.0089797974,80.2116012573,73849,73859,10
13.0089998245,80.2118530273,73859,73869,10
13.0091695786,80.2123336792,73869,73879,10
13.0093898773,80.2129211426,73879,73889,10
13.0096597672,80.2136230469,73889,73900,11
13.0099496841,80.2143478394,73900,73910,10
13.0101203918,80.2149963379,73910,73920,10
13.010219574,80.2157821655,73920,73930,10
13.0105695724,80.216583252,73930,73940,10
13.0109901428,80.2174530029,73940,73950,10
13.0113401413,80.2183685303,73950,73960,10
13.0116901398,80.2193984985,73960,73970,10
13.0120096207,80.2204208374,73970,73980,10
13.012260437,80.2211990356,73980,73990,10
13.0123701096,80.2215118408,73990,73999,9
13.0124797821,80.2217712402,73999,74011,12
13.0129203796,80.2223587036,74011,74021,10
13.0133895874,80.2228775024,74021,74031,10
13.0139102936,80.2235031128,74031,74041,10
13.0144796371,80.2240905762,74041,74051,10
13.015080452,80.2248077393,74051,74061,10
13.0154399872,80.225402832,74061,74071,10
13.015250206,80.2258911133,74071,74081,10
13.0146598816,80.2261276245,74081,74091,10
13.0139303207,80.2264328003,74091,74101,10
13.013130188,80.2267684937,74101,74111,10
13.012260437,80.2270889282,74111,74120,9
13.0115003586,80.2274017334,74120,74132,12
13.0104398727,80.2278213501,74132,74142,10
13.0095901489,80.2281494141,74142,74152,10
13.0090904236,80.2287063599,74152,74162,10
13.0089197159,80.2294921875,74162,74172,10
13.0087604523,80.2304382324,74172,74182,10
13.0085697174,80.2314300537,74182,74192,10
13.0083703995,80.2324523926,74192,74202,10
13.0082101822,80.2335891724,74202,74222,20
13.0082101822,80.2335891724,74222,74232,10
13.0081100464,80.2339019775,74232,74243,11
13.0079698563,80.2345199585,74243,74253,10
13.007809639,80.2352981567,74253,74263,10
13.0076503754,80.2361984253,74263,74273,10
13.0074596405,80.2371826172,74273,74283,10
13.0072803497,80.2381515503,74283,74293,10
13.0071296692,80.2389907837,74293,74303,10
13.0069303513,80.239906311,74303,74333,30
13.0069303513,80.239906311,74333,74343,10
13.0068798065,80.2402267456,74343,74354,11
13.0068397522,80.2406997681,74354,74364,10
13.0068101883,80.2407608032,74364,74374,10
13.0067796707,80.2409133911,74374,74384,10
13.0067195892,80.241317749,74384,74394,10
13.0066995621,80.2420730591,74394,74404,10
13.0067396164,80.2428970337,74404,74414,10
13.0067396164,80.2437133789,74414,74424,10
13.0067396164,80.2446136475,74424,74434,10
13.0067396164,80.2453765869,74434,74444,10
13.0067501068,80.2456588745,74444,74454,10
13.0067300797,80.2458496094,74454,74464,10
13.0067796707,80.2462387085,74464,74475,11
13.0067796707,80.2470016479,74475,74485,10
13.0067501068,80.2477111816,74485,74495,10
13.0067501068,80.2485427856,74495,74505,10
13.006819725,80.2492294312,74505,74515,10
13.0068397522,80.2496490479,74515,74525,10
13.0068397522,80.2496566772,74525,74535,10
13.0068101883,80.2499084473,74535,74545,10
13.0067901611,80.2504196167,74545,74555,10
13.0067796707,80.2510910034,74555,74565,10
13.006770134,80.2514877319,74565,74606,41
13.006770134,80.2514877319,74606,74616,10
13.0067195892,80.2516403198,74616,74626,10
13.0066204071,80.2520980835,74626,74636,10
13.006529808,80.2527770996,74636,74646,10
13.0065097809,80.2535705566,74646,74656,10
13.0065202713,80.2544784546,74656,74666,10
13.0065698624,80.255027771,74666,74676,10
13.0065698624,80.2551193237,74676,74686,10
13.0065498352,80.2553482056,74686,74697,11
13.0065698624,80.2560195923,74697,74707,10
13.0065803528,80.2567672729,74707,74717,10
13.0066299438,80.2574005127,74717,74797,80
13.0066299438,80.2574005127,74797,74807,10
13.0066003799,80.2575683594,74807,74818,11
13.0064001083,80.2577819824,74818,74828,10
13.0058603287,80.2575836182,74828,74838,10
13.0053701401,80.2574310303,74838,74848,10
13.0048503876,80.2572631836,74848,74858,10
13.0042200089,80.2571716309,74858,74868,10
13.0034599304,80.2569885254,74868,74878,10
13.0026397705,80.2567977905,74878,74888,10
13.0017700195,80.256652832,74888,74898,10
13.0008001328,80.2565231323,74898,74908,10
12.9999399185,80.2563781738,74908,74917,9
12.9995498657,80.2563171387,74917,74939,22
12.9995498657,80.2563171387,74939,74949,10
12.9993495941,80.2562866211,74949,74959,10
12.9989595413,80.2562103271,74959,74969,10
12.9985704422,80.2561187744,74969,74989,20
12.9985704422,80.2561187744,74989,74999,10
12.9983501434,80.2560577393,74999,75009,10
12.9979600906,80.2560424805,75009,75019,10
12.9970197678,80.2559814453,75019,75060,41
12.9970197678,80.2559814453,75060,75070,10
12.9968204498,80.2560119629,75070,75080,10
12.9966096878,80.2560119629,75080,75090,10
12.9960298538,80.2559967041,75090,75100,10
12.9952898026,80.2560195923,75100,75110,10
12.9945201874,80.2560424805,75110,75120,10
12.9938497543,80.2560882568,75120,75130,10
12.9930200577,80.2561416626,75130,75140,10
12.9920597076,80.256149292,75140,75150,10
12.9911203384,80.2561187744,75150,75161,11
12.9903297424,80.2561035156,75161,75171,10
12.9896097183,80.2561035156,75171,75181,10
12.9889097214,80.2560424805,75181,75191,10
12.9886398315,80.2560501099,75191,75201,10
12.9885702133,80.2560272217,75201,75211,10
12.9881496429,80.2559661865,75211,75231,20
12.9881496429,80.2559661865,75231,75241,10
12.9878196716,80.2559280396,75241,75251,10
12.9876499176,80.2559967041,75251,75261,10
12.987569809,80.2565536499,75261,75271,10
12.9874601364,80.2572021484,75271,75282,11
12.9873695374,80.2580871582,75282,75292,10
12.9873199463,80.2588195801,75292,75302,10
12.9871702194,80.2596282959,75302,75332,30
12.9871702194,80.2596282959,75332,75342,10
12.9871797562,80.2597198486,75342,75352,10
12.9870700836,80.2597122192,75352,75362,10
12.9868497849,80.2596435547,75362,75372,10
12.9864797592,80.2597122192,75372,75453,81
12.9864702225,80.2596130371,75453,75665,212
12.9864597321,80.2596893311,75665,75736,71
12.9864196777,80.2596969604,75736,76068,332
12.9865102768,80.2596206665,76068,76189,121
12.9865102768,80.2596206665,76189,76199,10
12.9864501953,80.259437561,76199,84240,8041
