12.9965801239,80.1909408569,16,16106,16090
12.996629715,80.1908416748,16106,16643,537
12.9966096878,80.1910324097,16643,23251,6608
12.9966096878,80.1910324097,23251,23261,10
12.9966402054,80.1912994385,23261,23271,10
12.9964895248,80.1914596558,23271,23312,41
12.9964895248,80.1914596558,23312,23322,10
12.996219635,80.1909408569,23322,23332,10
12.9961996078,80.1908874512,23332,23503,171
12.9961996078,80.1908874512,23503,23514,11
12.9960403442,80.1903533936,23514,23534,20
12.9960403442,80.1903533936,23534,23544,10
12.9959802628,80.1901397705,23544,23554,10
12.9959001541,80.1898117065,23554,23564,10
12.9959402084,80.1894683838,23564,23594,30
12.9959402084,80.1894683838,23594,23604,10
12.9960203171,80.1893234253,23604,23615,11
12.9961996078,80.1893615723,23615,23625,10
12.9963903427,80.1895980835,23625,23635,10
12.996720314,80.189956665,23635,23645,10
12.9970998764,80.1904220581,23645,23655,10
12.997590065,80.1910018921,23655,23665,10
12.9980897903,80.191619873,23665,23675,10
12.9986095428,80.1922531128,23675,23685,10
12.9991397858,80.1929626465,23685,23695,10
12.9997501373,80.193687439,23695,23705,10
13.0003499985,80.1945037842,23705,23715,10
13.0009803772,80.1952667236,23715,23726,11
13.0016498566,80.1961212158,23726,23736,10
13.002120018,80.196937561,23736,23746,10
13.0020904541,80.1978302002,23746,23756,10
13.0019197464,80.1987380981,23756,23766,10
13.0018501282,80.1995620728,23766,23776,10
13.0022096634,80.200302124,23776,23786,10
13.002989769,80.2007217407,23786,23796,10
13.0038299561,80.2009429932,23796,23806,10
13.0045499802,80.2011413574,23806,23816,10
13.0052995682,80.2015380859,23816,23827,11
13.005979538,80.2024383545,23827,23837,10
13.0065803528,80.2032318115,23837,23847,10
13.0074396133,80.2036590576,23847,23857,10
13.0083198547,80.2036437988,23857,23867,10
13.0082397461,80.2028808594,23867,23877,10
13.0075597763,80.2033462524,23877,23887,10
13.0076503754,80.2043762207,23887,23897,10
13.0076503754,80.2052993774,23897,23907,10
13.0077600479,80.2062911987,23907,23917,10
13.0079097748,80.2072372437,23917,23928,11
13.008020401,80.2081298828,23928,23938,10
13.0081396103,80.2089691162,23938,23948,10
13.0083904266,80.2099761963,23948,23958,10
13.0087795258,80.2110671997,23958,23968,10
13.0092096329,80.2122268677,23968,23978,10
13.0096197128,80.2133407593,23978,23988,10
13.0100498199,80.2143173218,23988,23998,10
13.0102596283,80.2154388428,23998,24008,10
13.0106897354,80.2166137695,24008,24018,10
13.0111999512,80.2177581787,24018,24028,10
13.0116596222,80.2190628052,24028,24039,11
13.0121297836,80.2205429077,24039,24049,10
13.0123596191,80.2213592529,24049,24059,10
13.0123596191,80.2213668823,24059,24069,10
13.0125303268,80.2217330933,24069,24079,10
13.0128803253,80.2222595215,24079,24089,10
13.0133600235,80.2227706909,24089,24099,10
13.0139303207,80.2234420776,24099,24109,10
13.0144901276,80.2239303589,24109,24119,10
13.0151395798,80.2247924805,24119,24129,10
13.0154399872,80.225402832,24129,24140,11
13.0150499344,80.2258682251,24140,24150,10
13.0142498016,80.2262115479,24150,24160,10
13.0133495331,80.2265930176,24160,24170,10
13.0123500824,80.2269973755,24170,24180,10
13.0112495422,80.2274017334,24180,24190,10
13.010140419,80.2278671265,24190,24200,10
13.0095901489,80.2277832031,24200,24210,10
13.0097103119,80.2273178101,24210,24220,10
13.0099697113,80.2267303467,24220,24230,10
13.0102901459,80.2259368896,24230,24240,10
13.0105495453,80.2252731323,24240,24251,11
13.0108499527,80.2243118286,24251,24261,10
13.0112600327,80.2233276367,24261,24271,10
13.0107498169,80.2229385376,24271,24281,10
13.0100097656,80.2225265503,24281,24291,10
13.0092601776,80.2221221924,24291,24301,10
13.0088996887,80.2219161987,24301,24311,10
13.0083999634,80.2216415405,24311,24321,10
13.0076999664,80.2212905884,24321,24331,10
13.0069799423,80.2208862305,24331,24340,9
13.0062599182,80.2205810547,24340,24352,12
13.0051202774,80.2203598022,24352,24362,10
13.0042800903,80.220199585,24362,24372,10
13.0034999847,80.2199783325,24372,24382,10
13.0026702881,80.2196807861,24382,24392,10
13.001999855,80.2190933228,24392,24402,10
13.0012598038,80.218460083,24402,24412,10
13.0003900528,80.2178573608,24412,24422,10
12.999420166,80.2172622681,24422,24432,10
12.998290062,80.2166976929,24432,24442,10
12.9974498749,80.2165603638,24442,24452,10
12.9974002838,80.2165527344,24452,24463,11
12.997010231,80.2165985107,24463,24473,10
12.9964599609,80.2166595459,24473,24483,10
12.9957895279,80.2168121338,24483,24493,10
12.9950799942,80.2171401978,24493,24503,10
12.9944400787,80.217628479,24503,24513,10
12.9937601089,80.2180862427,24513,24523,10
12.9931201935,80.2185287476,24523,24533,10
12.9924402237,80.2190628052,24533,24543,10
12.9916200638,80.219619751,24543,24553,10
12.9910402298,80.2194595337,24553,24564,11
12.990240097,80.2191772461,24564,24574,10
12.9893198013,80.2188491821,24574,24584,10
12.9882297516,80.21849823,24584,24594,10
12.9874200821,80.2183380127,24594,24604,10
12.9867200851,80.2181930542,24604,24614,10
12.9858903885,80.2180023193,24614,24624,10
12.9848299026,80.217918396,24624,24634,10
12.9838695526,80.2179336548,24634,24644,10
12.9828195572,80.2179412842,24644,24654,10
12.9818696976,80.2179489136,24654,24665,11
12.9810304642,80.2181472778,24665,24675,10
12.9802904129,80.2184066772,24675,24685,10
12.9796695709,80.2186584473,24685,24695,10
12.9791297913,80.2189025879,24695,24705,10
12.978679657,80.2190475464,24705,24715,10
12.9782400131,80.2192382813,24715,24725,10
12.9776697159,80.2194824219,24725,24735,10
12.976940155,80.2197570801,24735,24745,10
12.9762096405,80.2200927734,24745,24755,10
12.9756603241,80.2203521729,24755,24765,10
12.9755496979,80.2206192017,24765,24776,11
12.9755496979,80.2206268311,24776,24786,10
12.9757995605,80.220916748,24786,24826,40
12.9757995605,80.220916748,24826,24836,10
12.9759101868,80.2212295532,24836,25068,232
12.9759101868,80.2212295532,25068,25078,10
12.9761896133,80.2213516235,25078,25088,10
12.9765396118,80.2213516235,25088,25099,11
12.9772396088,80.221282959,25099,25109,10
12.9778499603,80.2212295532,25109,25119,10
12.9782896042,80.2211914063,25119,25129,10
12.9789304733,80.2211303711,25129,25139,10
12.9796199799,80.2210693359,25139,25149,10
12.9803199768,80.2210083008,25149,25159,10
12.9810199738,80.2210617065,25159,25169,10
12.9818096161,80.2214431763,25169,25179,10
12.9824800491,80.2217712402,25179,25189,10
12.9829797745,80.2220230103,25189,25200,11
12.9833297729,80.2222137451,25200,25210,10
12.9837398529,80.2224578857,25210,25220,10
12.9843597412,80.2228393555,25220,25230,10
12.9850997925,80.2232131958,25230,25240,10
12.9856700897,80.2229919434,25240,25250,10
12.9859304428,80.2229614258,25250,25260,10
12.9863796234,80.2229614258,25260,25270,10
12.9869499207,80.2230377197,25270,25280,10
12.9877996445,80.222869873,25280,25290,10
12.9886903763,80.2221832275,25290,25301,11
12.9894199371,80.221321106,25301,25311,10
12.990240097,80.2205429077,25311,25321,10
12.9910001755,80.2199478149,25321,25331,10
12.9917497635,80.2194213867,25331,25341,10
12.9926099777,80.2187728882,25341,25351,10
12.9934101105,80.2179489136,25351,25361,10
12.9943704605,80.2174224854,25361,25371,10
12.9952297211,80.2168121338,25371,25381,10
12.996339798,80.216506958,25381,25391,10
12.9975500107,80.2160873413,25391,25412,21
12.9975500107,80.2160873413,25412,25422,10
12.9978303909,80.2158813477,25422,25432,10
12.9982204437,80.2154922485,25432,25442,10
12.9988298416,80.2150115967,25442,25452,10
12.9991998672,80.2146835327,25452,25462,10
12.9994697571,80.2144699097,25462,25472,10
12.9998903275,80.2141189575,25472,25482,10
13.0002498627,80.2137832642,25482,25492,10
13.0006904602,80.2132797241,25492,25502,10
13.0012798309,80.2128372192,25502,25513,11
13.0020599365,80.2123031616,25513,25523,10
13.0027799606,80.2120819092,25523,25533,10
13.0033197403,80.2120132446,25533,25543,10
13.0036201477,80.2118988037,25543,25553,10
13.0037202835,80.2117004395,25553,25563,10
13.0036897659,80.2111587524,25563,25573,10
13.0036201477,80.2104568481,25573,25583,10
13.0035400391,80.2097473145,25583,25593,10
13.0036497116,80.2089767456,25593,25603,10
13.0042295456,80.2087173462,25603,25612,9
13.0051202774,80.2091217041,25612,25624,12
13.006480217,80.2096176147,25624,25634,10
13.0072803497,80.2097930908,25634,25644,10
13.0074796677,80.2098312378,25644,25654,10
13.0076999664,80.2099075317,25654,25664,10
13.0079498291,80.2099685669,25664,25674,10
13.0081195831,80.209777832,25674,25684,10
13.0080003738,80.2091598511,25684,25694,10
13.0078697205,80.2082977295,25694,25704,10
13.0076999664,80.2072525024,25704,25714,10
13.0075502396,80.2061080933,25714,25725,11
13.0074996948,80.2048873901,25725,25735,10
13.0074701309,80.2038879395,25735,25745,10
13.0073204041,80.2029418945,25745,25755,10
13.0066795349,80.202583313,25755,25765,10
13.0067396164,80.2032699585,25765,25775,10
13.0073795319,80.2035903931,25775,25785,10
13.0082101822,80.2036895752,25785,25795,10
13.0092496872,80.2036209106,25795,25805,10
13.0105600357,80.2035903931,25805,25815,10
13.0120296478,80.203742981,25815,25824,9
13.0132904053,80.2040100098,25824,25836,12
13.0148096085,80.2046127319,25836,25846,10
13.0159902573,80.2050476074,25846,25856,10
13.0167303085,80.2051010132,25856,25866,10
13.0176696777,80.2055435181,25866,25876,10
13.0186195374,80.2059173584,25876,25886,10
13.0188102722,80.2060165405,25886,25896,10
13.0192298889,80.2061691284,25896,25906,10
13.0198698044,80.2062835693,25906,25916,10
13.0207004547,80.2062835693,25916,25926,10
13.0217599869,80.2062988281,25926,25937,11
13.0229301453,80.206451416,25937,25947,10
13.024020195,80.2066574097,25947,25957,10
13.0251398087,80.2069091797,25957,25967,10
13.026309967,80.2074890137,25967,25977,10
13.0274000168,80.2081222534,25977,25987,10
13.0284900665,80.2086029053,25987,25997,10
13.0295600891,80.2088470459,25997,26007,10
13.0299501419,80.2089385986,26007,26017,10
13.03028965,80.2090530396,26017,26027,10
13.0308303833,80.2092208862,26027,26037,10
13.0313501358,80.2093582153,26037,26048,11
13.0320396423,80.2095413208,26048,26058,10
13.0329198837,80.2097167969,26058,26068,10
13.0339803696,80.2099609375,26068,26078,10
13.0349597931,80.2101364136,26078,26088,10
13.0349903107,80.2106323242,26088,26098,10
13.0350399017,80.2111816406,26098,26108,10
13.035030365,80.2112426758,26108,26118,10
13.0349903107,80.2113876343,26118,26128,10
13.0349302292,80.2116470337,26128,26138,10
13.0349302292,80.2118988037,26138,26149,11
13.0349397659,80.2120513916,26149,26159,10
13.035320282,80.2121810913,26159,26169,10
13.0360002518,80.2122192383,26169,26179,10
13.036860466,80.2122573853,26179,26189,10
13.0375499725,80.2122573853,26189,26199,10
13.0384502411,80.2122497559,26199,26209,10
13.0394802094,80.2122573853,26209,26219,10
13.040599823,80.2123031616,26219,26229,10
13.0417995453,80.2123565674,26229,26238,9
13.0429401398,80.2123031616,26238,26249,11
13.0441904068,80.2122879028,26249,26260,11
13.0448102951,80.212272644,26260,26270,10
13.0455598831,80.2122268677,26270,26280,10
13.0464296341,80.2121887207,26280,26290,10
13.047369957,80.2121200562,26290,26300,10
13.0480604172,80.2120666504,26300,26310,10
13.0481901169,80.2120895386,26310,26320,10
13.0483999252,80.2120819092,26320,26330,10
13.0485897064,80.2120285034,26330,26340,10
13.0486698151,80.212020874,26340,26350,10
13.0488100052,80.2120132446,26350,26361,11
13.0493602753,80.2119674683,26361,26371,10
13.0497999191,80.2119522095,26371,26411,40
13.0497999191,80.2119522095,26411,26421,10
13.0501499176,80.2119979858,26421,26431,10
13.0505895615,80.2120437622,26431,26441,10
13.0510597229,80.2120437622,26441,26451,10
13.0520401001,80.2119827271,26451,26462,11
13.0532503128,80.2117233276,26462,26472,10
13.0543298721,80.21144104,26472,26482,10
13.0550699234,80.2114181519,26482,26492,10
13.0559597015,80.2114562988,26492,26502,10
13.0570297241,80.211479187,26502,26512,10
13.0582199097,80.211479187,26512,26522,10
13.059419632,80.2115325928,26522,26532,10
13.0606603622,80.2115783691,26532,26542,10
13.0618801117,80.2116088867,26542,26552,10
13.0629196167,80.2115707397,26552,26561,9
13.0633602142,80.211517334,26561,26573,12
13.0635204315,80.211517334,26573,26583,10
13.0639295578,80.2115097046,26583,26593,10
13.0645503998,80.2113265991,26593,26603,10
13.0652103424,80.2109603882,26603,26613,10
13.0660104752,80.210319519,26613,26623,10
13.0668296814,80.2096176147,26623,26633,10
13.0675001144,80.2086791992,26633,26643,10
13.0681295395,80.2076263428,26643,26653,10
13.0687599182,80.2066192627,26653,26663,10
13.0692901611,80.2057800293,26663,26674,11
13.0695495605,80.205329895,26674,26684,10
13.0697202682,80.2050094604,26684,26694,10
13.0694599152,80.2048416138,26694,26704,10
13.0692396164,80.2051620483,26704,26714,10
13.0688695908,80.205291748,26714,26724,10
13.0687904358,80.2050704956,26724,26754,30
13.0687904358,80.2050704956,26754,26764,10
13.0687999725,80.2048187256,26764,26773,9
13.0691204071,80.2046813965,26773,26785,12
13.0695695877,80.2047576904,26785,26795,10
13.0699195862,80.2048034668,26795,26805,10
13.0703001022,80.2043685913,26805,26815,10
13.0707998276,80.2037506104,26815,26825,10
13.0714197159,80.2030029297,26825,26835,10
13.072019577,80.2023086548,26835,26845,10
13.0724201202,80.2018737793,26845,26855,10
13.0728797913,80.2012863159,26855,26865,10
13.0732603073,80.2008590698,26865,26875,10
13.0736303329,80.2004470825,26875,26886,11
13.0739297867,80.2000808716,26886,26896,10
13.0741300583,80.1998214722,26896,26906,10
13.0741596222,80.1997909546,26906,26916,10
13.0742702484,80.1996994019,26916,26926,10
13.0744600296,80.1995010376,26926,26936,10
13.0748796463,80.19921875,26936,26946,10
13.0755596161,80.1990585327,26946,26956,10
13.0763902664,80.1990280151,26956,26966,10
13.0773200989,80.1989593506,26966,26976,10
13.0783395767,80.1988296509,26976,26986,10
13.0792303085,80.1987304688,26986,26997,11
13.0801000595,80.1986694336,26997,27007,10
13.0809402466,80.1985931396,27007,27017,10
13.0817403793,80.1985626221,27017,27027,10
13.0825996399,80.1984863281,27027,27037,10
13.0829496384,80.1985015869,27037,27047,10
13.0832796097,80.1985168457,27047,27057,10
13.0838499069,80.1985168457,27057,27067,10
13.0844697952,80.1985321045,27067,27077,10
13.0850000381,80.1985168457,27077,27087,10
13.0853900909,80.1985015869,27087,27098,11
13.085729599,80.1985015869,27098,27108,10
13.0862598419,80.1984710693,27108,27118,10
13.0867595673,80.1984405518,27118,27128,10
13.0870704651,80.1983718872,27128,27138,10
13.0871295929,80.1982803345,27138,27148,10
13.0871601105,80.1980895996,27148,27158,10
13.0872097015,80.1976318359,27158,27168,10
13.0872297287,80.1968994141,27168,27178,10
13.0872297287,80.1959991455,27178,27188,10
13.0872402191,80.1949996948,27188,27199,11
13.087269783,80.1938323975,27199,27209,10
13.0872402191,80.1928482056,27209,27229,20
13.0872402191,80.1928482056,27229,27239,10
13.087269783,80.1926422119,27239,27249,10
13.0873403549,80.192237854,27249,27259,10
13.0874300003,80.1915893555,27259,27269,10
13.0875396729,80.1907577515,27269,27279,10
13.0876598358,80.1897964478,27279,27289,10
13.0876998901,80.188949585,27289,27299,10
13.0877199173,80.1887969971,27299,27310,11
13.0877599716,80.1886291504,27310,27320,10
13.0877399445,80.1883621216,27320,27330,10
13.0877504349,80.1882476807,27330,27340,10
13.087770462,80.1878967285,27340,27350,10
13.0878095627,80.1873779297,27350,27360,10
13.087849617,80.1866378784,27360,27370,10
13.0878601074,80.1858291626,27370,27380,10
13.0878896713,80.185333252,27380,27390,10
13.0879402161,80.1847686768,27390,27400,10
13.0879602432,80.1839981079,27400,27410,10
13.0880098343,80.1830596924,27410,27421,11
13.0880498886,80.1819610596,27421,27431,10
13.0881004333,80.1809082031,27431,27441,10
13.0881299973,80.1798171997,27441,27451,10
13.0881500244,80.1791763306,27451,27461,10
13.0881099701,80.1788406372,27461,27471,10
13.0881204605,80.1786575317,27471,27481,10
13.0881595612,80.1781616211,27481,27491,10
13.0881795883,80.1775436401,27491,27501,10
13.0881996155,80.1768188477,27501,27511,10
13.0882501602,80.1759414673,27511,27522,11
13.0883197784,80.1749267578,27522,27532,10
13.0883998871,80.1741333008,27532,27542,10
13.0884799957,80.173248291,27542,27552,10
13.0885295868,80.1723709106,27552,27562,10
13.0885400772,80.1716918945,27562,27572,10
13.0885400772,80.1716308594,27572,27582,10
13.0885400772,80.1715011597,27582,27592,10
13.0885801315,80.1710205078,27592,27602,10
13.0886297226,80.170249939,27602,27612,10
13.0887203217,80.1695327759,27612,27621,9
13.0892400742,80.1695175171,27621,27633,12
13.0902395248,80.1696014404,27633,27643,10
13.0912504196,80.1696472168,27643,27653,10
13.0922803879,80.1697235107,27653,27663,10
13.0933904648,80.1697769165,27663,27673,10
13.0944499969,80.1698226929,27673,27683,10
13.0948696136,80.169883728,27683,27693,10
13.095199585,80.1699295044,27693,27703,10
13.0958204269,80.169960022,27703,27713,10
13.0966596603,80.1699981689,27713,27723,10
13.0976600647,80.1700515747,27723,27734,11
13.0988702774,80.1701126099,27734,27744,10
13.09953022,80.1701202393,27744,27754,10
13.0996799469,80.1698226929,27754,27764,10
13.0995998383,80.1696929932,27764,27774,10
13.0994300842,80.1699676514,27774,27895,121
13.0994300842,80.1699676514,27895,27905,10
13.0993900299,80.1701889038,27905,27935,30
13.0993995667,80.1701278687,27935,28036,101
13.0993795395,80.1701812744,28036,28834,798
13.0993795395,80.1701812744,28834,28844,10
13.0993404388,80.1703109741,28844,28854,10
13.0990695953,80.1702804565,28854,28864,10
13.0985002518,80.1702270508,28864,28874,10
13.0977497101,80.1701583862,28874,28884,10
13.0969400406,80.1700973511,28884,28894,10
13.0959796906,80.1700210571,28894,28904,10
13.0951795578,80.1699829102,28904,28915,11
13.0948200226,80.169960022,28915,28925,10
13.0945501328,80.1699295044,28925,28935,10
13.0941896439,80.169921875,28935,28945,10
13.0936899185,80.169921875,28945,28955,10
13.0930299759,80.1698913574,28955,28965,10
13.0919799805,80.1698074341,28965,28975,10
13.0909204483,80.1696777344,28975,28985,10
13.0899801254,80.1695785522,28985,28995,10
13.0894899368,80.1696014404,28995,29005,10
13.0888700485,80.169670105,29005,29016,11
13.088760376,80.1703033447,29016,29026,10
13.0886697769,80.1710662842,29026,29036,10
13.0886602402,80.1718521118,29036,29046,10
13.088640213,80.1719589233,29046,29056,10
13.0886001587,80.1722488403,29056,29066,10
13.0885601044,80.1727905273,29066,29076,10
13.08852005,80.1735610962,29076,29086,10
13.0884599686,80.1744689941,29086,29096,10
13.0883998871,80.1753616333,29096,29106,10
13.0883398056,80.176399231,29106,29116,10
13.0882902145,80.1772003174,29116,29127,11
13.0882797241,80.1777191162,29127,29137,10
13.0882797241,80.1785964966,29137,29157,20
13.0882797241,80.1785964966,29157,29167,10
13.0882501602,80.1787567139,29167,29177,10
13.088259697,80.1791000366,29177,29187,10
13.0882501602,80.1795501709,29187,29197,10
13.0882301331,80.1800765991,29197,29207,10
13.0882196426,80.1807022095,29207,29217,10
13.0882196426,80.1810379028,29217,29228,11
13.0882196426,80.181060791,29228,29238,10
13.0881996155,80.181427002,29238,29248,10
13.0881900787,80.181678772,29248,29258,10
13.0881996155,80.1820297241,29258,29268,10
13.0881900787,80.1823272705,29268,29278,10
13.0881700516,80.1828994751,29278,29288,10
13.088139534,80.1837081909,29288,29298,10
13.0880403519,80.1851119995,29298,29328,30
13.0880403519,80.1851119995,29328,29339,11
13.0880203247,80.1851882935,29339,29349,10
13.0880098343,80.1855392456,29349,29359,10
13.0879602432,80.186126709,29359,29369,10
13.0879602432,80.186882019,29369,29379,10
13.0879497528,80.1875305176,29379,29389,10
13.0879497528,80.1877365112,29389,29399,10
13.0879402161,80.1880569458,29399,29409,10
13.0879096985,80.1885681152,29409,29419,10
13.0879001617,80.189201355,29419,29429,10
13.0878601074,80.1894683838,29429,29440,11
13.0878601074,80.1897201538,29440,29450,10
13.0878400803,80.1898422241,29450,29460,10
13.0878200531,80.189956665,29460,29470,10
13.087770462,80.1903915405,29470,29480,10
13.0877103806,80.1910171509,29480,29490,10
13.0875997543,80.1918563843,29490,29500,10
13.0874795914,80.1926574707,29500,29510,10
13.0874204636,80.1934127808,29510,29520,10
13.0874004364,80.1942977905,29520,29530,10
13.0873603821,80.1951522827,29530,29540,10
13.0873403549,80.1958389282,29540,29551,11
13.0873203278,80.1967926025,29551,29561,10
13.0873003006,80.1974105835,29561,29571,10
13.0872802734,80.1975021362,29571,29581,10
13.0872802734,80.197883606,29581,29591,10
13.0873403549,80.1983337402,29591,29601,10
13.0874996185,80.1984710693,29601,29611,10
13.087849617,80.1984405518,29611,29621,10
13.0883102417,80.1984329224,29621,29631,10
13.0887002945,80.1984329224,29631,29641,10
13.0891599655,80.1984710693,29641,29651,10
13.0895996094,80.1984863281,29651,29662,11
13.0903396606,80.1985473633,29662,29672,10
13.0911197662,80.1986083984,29672,29682,10
13.091799736,80.1986465454,29682,29692,10
13.0925302505,80.198677063,29692,29702,10
13.0930595398,80.1988220215,29702,29712,10
13.0930099487,80.1991729736,29712,29722,10
13.0929498672,80.1998291016,29722,29732,10
13.092880249,80.2005691528,29732,29752,20
13.092880249,80.2005691528,29752,29763,11
13.0926399231,80.2006378174,29763,29773,10
13.0921897888,80.200630188,29773,29783,10
13.0914802551,80.200630188,29783,29793,10
13.0906400681,80.200592041,29793,29803,10
13.0899295807,80.2006072998,29803,29813,10
13.0889501572,80.2005462646,29813,29823,10
13.0878696442,80.2005004883,29823,29833,10
13.0870704651,80.2004623413,29833,29843,10
13.0859603882,80.2003936768,29843,29874,31
13.0859603882,80.2003936768,29874,29884,10
13.0854196548,80.2003173828,29884,29894,10
13.0853796005,80.1999130249,29894,29904,10
13.0853500366,80.19921875,29904,29914,10
13.0851402283,80.1986999512,29914,29924,10
13.0845804214,80.1986923218,29924,29934,10
13.0842504501,80.1986694336,29934,29944,10
13.083990097,80.198677063,29944,29954,10
13.0831804276,80.198638916,29954,30015,61
13.0831804276,80.198638916,30015,30025,10
13.0829000473,80.1985626221,30025,30035,10
13.0825195313,80.1985702515,30035,30045,10
13.0819997787,80.1986236572,30045,30055,10
13.0813598633,80.198638916,30055,30065,10
13.0805902481,80.198677063,30065,30075,10
13.0798397064,80.1987533569,30075,30086,11
13.0789203644,80.1988372803,30086,30096,10
13.0779600143,80.19896698,30096,30106,10
13.0768499374,80.1991119385,30106,30116,10
13.0756797791,80.199256897,30116,30126,10
13.0745801926,80.1996383667,30126,30136,10
13.0740299225,80.2001724243,30136,30146,10
13.0738296509,80.2004013062,30146,30156,10
13.0736398697,80.2006072998,30156,30166,10
13.0735797882,80.200668335,30166,30176,10
13.0733003616,80.2009811401,30176,30186,10
13.0728702545,80.201499939,30186,30197,11
13.0723199844,80.2021789551,30197,30217,20
13.0723199844,80.2021789551,30217,30227,10
13.07213974,80.2023468018,30227,30237,10
13.0718002319,80.2026977539,30237,30247,10
13.0712995529,80.2032623291,30247,30257,10
13.0707197189,80.2039489746,30257,30267,10
13.0698900223,80.2050933838,30267,30298,31
13.0698900223,80.2050933838,30298,30308,10
13.0696697235,80.205078125,30308,30318,10
13.0693502426,80.2049865723,30318,30328,10
13.0690698624,80.2054214478,30328,30338,10
13.0681295395,80.2054595947,30338,30429,91
13.0681295395,80.2054595947,30429,30439,10
13.0680198669,80.2051010132,30439,30449,10
13.0682096481,80.2049636841,30449,30459,10
13.068400383,80.2049102783,30459,30469,10
13.0687198639,80.2047805786,30469,30479,10
13.0693597794,80.2047195435,30479,30499,20
13.0693597794,80.2047195435,30499,30510,11
13.0696401596,80.2047805786,30510,30520,10
13.0698699951,80.2049407959,30520,30530,10
13.0698003769,80.2052612305,30530,30540,10
13.0694799423,80.2057876587,30540,30550,10
13.0690202713,80.2065124512,30550,30560,10
13.0684995651,80.2073516846,30560,30570,10
13.067899704,80.2083435059,30570,30580,10
13.0672397614,80.2093505859,30580,30590,10
13.0665798187,80.2101211548,30590,30600,10
13.0659599304,80.210647583,30600,30610,10
13.065489769,80.2110595703,30610,30621,11
13.0649900436,80.2113037109,30621,30641,20
13.0649900436,80.2113037109,30641,30651,10
13.0647296906,80.2113876343,30651,30661,10
13.064330101,80.2115325928,30661,30671,10
13.0637102127,80.2116928101,30671,30681,10
13.0631198883,80.211730957,30681,30691,10
13.0623598099,80.2117004395,30691,30701,10
13.0616798401,80.2115707397,30701,30711,10
13.060669899,80.2116622925,30711,30721,10
13.0597000122,80.2117004395,30721,30732,11
13.0586900711,80.2115936279,30732,30742,10
13.057849884,80.2116012573,30742,30752,10
13.0576200485,80.2115783691,30752,30762,10
13.057390213,80.2115631104,30762,30772,10
13.0569896698,80.2115478516,30772,30782,10
13.0563001633,80.211517334,30782,30792,10
13.0554800034,80.211517334,30792,30802,10
13.0546102524,80.2115631104,30802,30812,10
13.0539102554,80.2117080688,30812,30822,10
13.053150177,80.2118988037,30822,30833,11
13.0525197983,80.2120513916,30833,30843,10
13.0520896912,80.2121200562,30843,30853,10
13.0515804291,80.2121887207,30853,30863,10
13.0510501862,80.2122268677,30863,30883,20
13.0510501862,80.2122268677,30883,30893,10
13.0507602692,80.2121887207,30893,30903,10
13.0502595901,80.2121887207,30903,30923,20
13.0496797562,80.2121124268,30923,30933,10
13.0494699478,80.2121429443,30933,30944,11
13.0489501953,80.2121810913,30944,30954,10
13.0484104156,80.2121963501,30954,30964,10
13.0477399826,80.2122573853,30964,30974,10
13.0468902588,80.2123336792,30974,30984,10
13.0461902618,80.2123718262,30984,30994,10
13.0454301834,80.2124176025,30994,31014,20
13.0454301834,80.2124176025,31014,31024,10
13.045249939,80.2124481201,31024,31034,10
13.0448598862,80.2124633789,31034,31045,11
13.0443696976,80.2124176025,31045,31055,10
13.0438804626,80.2124328613,31055,31065,10
13.0432596207,80.2124328613,31065,31075,10
13.0425195694,80.2124023438,31075,31085,10
13.0417604446,80.2123718262,31085,31095,10
13.0407800674,80.2123794556,31095,31105,10
13.0397901535,80.2123336792,31105,31115,10
13.0394496918,80.2123718262,31115,31125,10
13.0390701294,80.2124176025,31125,31135,10
13.0383195877,80.2124862671,31135,31145,10
13.0372800827,80.2124328613,31145,31156,11
13.0362300873,80.2124328613,31156,31166,10
13.0351495743,80.2122879028,31166,31186,20
13.0351495743,80.2122879028,31186,31196,10
13.0348396301,80.2122192383,31196,31206,10
13.0346002579,80.2121810913,31206,31216,10
13.0342998505,80.2121429443,31216,31226,10
13.034239769,80.2121200562,31226,31236,10
13.0339899063,80.212059021,31236,31267,31
13.0339899063,80.212059021,31267,31277,10
13.0335597992,80.2119979858,31277,31287,10
13.0330200195,80.2118682861,31287,31297,10
13.0323495865,80.2117919922,31297,31307,10
13.0320701599,80.2112579346,31307,31317,10
13.0320997238,80.2104415894,31317,31327,10
13.0320901871,80.2097167969,31327,31337,10
13.031709671,80.2095870972,31337,31347,10
13.0313196182,80.2094497681,31347,31356,9
13.0311002731,80.2093887329,31356,31368,12
13.0307598114,80.2092819214,31368,31418,50
13.0307598114,80.2092819214,31418,31428,10
13.0304098129,80.2092590332,31428,31438,10
13.0301599503,80.2091369629,31438,31448,10
13.0301399231,80.2091293335,31448,31458,10
13.02987957,80.2090301514,31458,31468,10
13.0296602249,80.2089691162,31468,31479,11
13.0296497345,80.2089691162,31479,31489,10
13.0292301178,80.2088394165,31489,31499,10
13.0285596848,80.2086486816,31499,31509,10
13.0277996063,80.2084121704,31509,31519,10
13.0270900726,80.2079772949,31519,31529,10
13.0262403488,80.2074813843,31529,31539,10
13.0252504349,80.2070617676,31539,31549,10
13.0242900848,80.2069015503,31549,31569,20
13.0242900848,80.2069015503,31569,31580,11
13.0238704681,80.2067871094,31580,31590,10
13.0234003067,80.2066497803,31590,31600,10
13.0226602554,80.2064590454,31600,31610,10
13.0219202042,80.206413269,31610,31620,10
13.021320343,80.2063980103,31620,31630,10
13.0205202103,80.2064208984,31630,31640,10
13.0195503235,80.2064590454,31640,31650,10
13.0191001892,80.206413269,31650,31660,10
13.019080162,80.2063980103,31660,31670,10
13.0187101364,80.2062606812,31670,31691,21
13.0187101364,80.2062606812,31691,31701,10
13.0184297562,80.2061462402,31701,31711,10
13.0180797577,80.2060012817,31711,31731,20
13.0180797577,80.2060012817,31731,31741,10
13.0176801682,80.2058486938,31741,31751,10
13.0172100067,80.205657959,31751,31761,10
13.0166702271,80.205406189,31761,31771,10
13.0159597397,80.205116272,31771,31781,10
13.015080452,80.2046890259,31781,31791,10
13.0138702393,80.2043609619,31791,31822,31
13.0136203766,80.2045669556,31822,31842,20
13.0136203766,80.2045669556,31842,31852,10
13.0135297775,80.2048187256,31852,31862,10
13.013420105,80.2051773071,31862,31872,10
13.0132398605,80.2059020996,31872,31882,10
13.0129995346,80.2069015503,31882,31891,9
13.0129098892,80.2077102661,31891,31903,12
13.0128698349,80.2082214355,31903,31913,10
13.0128297806,80.2086868286,31913,31923,10
13.0128602982,80.2091293335,31923,31933,10
13.0131397247,80.2096633911,31933,31943,10
13.0131902695,80.2101135254,31943,31953,10
13.0130500793,80.2109222412,31953,31963,10
13.0126600266,80.2117233276,31963,31973,10
13.0122203827,80.2124099731,31973,31983,10
13.0122003555,80.2124633789,31983,31993,10
13.0117397308,80.2126617432,31993,32003,10
13.0112895966,80.2123565674,32003,32014,11
13.0105800629,80.2118911743,32014,32024,10
13.0102100372,80.2115707397,32024,32034,10
13.0097799301,80.211227417,32034,32064,30
13.0095300674,80.2110824585,32064,32104,40
13.0093898773,80.2110595703,32104,32145,41
13.0091400146,80.2113494873,32145,32175,30
13.0091400146,80.2113494873,32175,32185,10
13.009059906,80.211807251,32185,32195,10
13.0091199875,80.2120285034,32195,32205,10
13.009180069,80.2122268677,32205,32212,7
13.0092496872,80.2124328613,32212,32226,14
13.0094604492,80.2130432129,32226,32236,10
13.00963974,80.2134780884,32236,32246,10
13.0098400116,80.2139663696,32246,32256,10
13.0100698471,80.2145309448,32256,32266,10
13.0102100372,80.2153167725,32266,32276,10
13.0104598999,80.216178894,32276,32286,10
13.0108699799,80.2170715332,32286,32296,10
13.0112895966,80.2180328369,32296,32306,10
13.0115499496,80.2190093994,32306,32316,10
13.0119304657,80.2201385498,32316,32326,10
13.0122499466,80.2211074829,32326,32337,11
13.0123796463,80.2214813232,32337,32347,10
13.0124998093,80.2218093872,32347,32357,10
13.0129404068,80.2223434448,32357,32367,10
13.0134801865,80.22290802,32367,32377,10
13.0139799118,80.2235488892,32377,32387,10
13.0143098831,80.2239608765,32387,32397,10
13.0149402618,80.2246322632,32397,32407,10
13.0153102875,80.2250671387,32407,32426,19
13.0153102875,80.2250671387,32426,32437,11
13.0154304504,80.2255020142,32437,32448,11
13.0152196884,80.2258377075,32448,32458,10
13.0147304535,80.2259521484,32458,32468,10
13.0140895844,80.2262115479,32468,32478,10
13.0133104324,80.2265777588,32478,32488,10
13.0124101639,80.2269592285,32488,32498,10
13.0113801956,80.2273864746,32498,32508,10
13.0103197098,80.2278289795,32508,32518,10
13.0095596313,80.2277297974,32518,32528,10
13.0097503662,80.2270965576,32528,32538,10
13.0100498199,80.2263793945,32538,32549,11
13.0104999542,80.2253494263,32549,32559,10
13.0108699799,80.2245178223,32559,32569,10
13.0109901428,80.2241821289,32569,32579,10
13.0111398697,80.2238006592,32579,32589,10
13.011349678,80.2232589722,32589,32599,10
13.0108995438,80.2230300903,32599,32609,10
13.0102100372,80.2226104736,32609,32619,10
13.0094499588,80.2221984863,32619,32629,10
13.0087995529,80.2218704224,32629,32639,10
13.0081195831,80.221496582,32639,32648,9
13.0075302124,80.2211608887,32648,32660,12
13.0068397522,80.220741272,32660,32670,10
13.0060596466,80.2204971313,32670,32680,10
13.0052700043,80.2203521729,32680,32690,10
13.0047597885,80.2202377319,32690,32700,10
13.0040998459,80.220123291,32700,32710,10
13.0032196045,80.2197723389,32710,32720,10
13.0022201538,80.2190933228,32720,32730,10
13.0014600754,80.2184524536,32730,32740,10
13.0008602142,80.2180633545,32740,32750,10
13.0003404617,80.2177963257,32750,32761,11
12.9995203018,80.2172012329,32761,32771,10
12.9985704422,80.2166519165,32771,32781,10
12.9979496002,80.2165222168,32781,32791,10
12.997590065,80.216506958,32791,32811,20
12.997590065,80.216506958,32811,32821,10
12.9972400665,80.2165298462,32821,32831,10
12.9968004227,80.2165298462,32831,32841,10
12.9963998795,80.216506958,32841,32851,10
12.9959897995,80.216583252,32851,32860,9
12.9955101013,80.2167434692,32860,32872,12
12.9949102402,80.2171173096,32872,32882,10
12.9944496155,80.217338562,32882,32892,10
12.9938898087,80.2177886963,32892,32902,10
12.9932203293,80.2182998657,32902,32912,10
12.9925403595,80.2189025879,32912,32922,10
12.9917097092,80.2195281982,32922,32932,10
12.9912500381,80.2194976807,32932,32942,10
12.9910802841,80.2194290161,32942,32952,10
12.9907903671,80.2193222046,32952,32962,10
12.9902601242,80.2191162109,32962,32973,11
12.9894304276,80.2188110352,32973,32983,10
12.9889297485,80.2185668945,32983,32993,10
12.9881896973,80.2183837891,32993,33003,10
12.9874696732,80.2182998657,33003,33013,10
12.9870195389,80.2182235718,33013,33023,10
12.9869203568,80.218208313,33023,33033,10
12.986579895,80.2181396484,33033,33043,10
12.9859600067,80.217956543,33043,33053,10
12.9849500656,80.2179107666,33053,33063,10
12.9841299057,80.2180023193,33063,33072,9
12.9839401245,80.2180023193,33072,33084,12
12.9837703705,80.2180099487,33084,33094,10
12.9832696915,80.2180023193,33094,33104,10
12.9825201035,80.2179794312,33104,33114,10
12.981760025,80.2180023193,33114,33124,10
12.9808502197,80.218208313,33124,33134,10
12.9800596237,80.2184829712,33134,33144,10
12.9795198441,80.2187194824,33144,33154,10
12.9788398743,80.2189788818,33154,33164,10
12.97838974,80.2191619873,33164,33174,10
12.9776601791,80.2194976807,33174,33184,10
12.9767999649,80.2198562622,33184,33195,11
12.9761199951,80.2201004028,33195,33235,40
12.9761199951,80.2201004028,33235,33245,10
12.975859642,80.2202835083,33245,33255,10
12.9757003784,80.2203369141,33255,33265,10
12.9755496979,80.2205200195,33265,33275,10
12.9755401611,80.2207336426,33275,33285,10
12.9757003784,80.2208404541,33285,33296,11
12.9758396149,80.2209701538,33296,33891,595
12.9758796692,80.2211532593,33891,34285,394
12.9758796692,80.2211532593,34285,34295,10
12.9760599136,80.2212600708,34295,34305,10
12.9764003754,80.2212905884,34305,34355,50
12.9764003754,80.2212905884,34355,34366,11
12.9767198563,80.221282959,34366,34376,10
12.9769601822,80.2212600708,34376,34386,10
12.9774398804,80.2212524414,34386,34396,10
12.97797966,80.2212295532,34396,34406,10
12.9785900116,80.2211608887,34406,34416,10
12.9793300629,80.2211074829,34416,34426,10
12.9801301956,80.2210617065,34426,34436,10
12.9809303284,80.2210006714,34436,34446,10
12.9815597534,80.2212524414,34446,34456,10
12.9821596146,80.2216110229,34456,34465,9
12.9826602936,80.2217636108,34465,34477,12
12.9830102921,80.2219161987,34477,34487,10
12.9830198288,80.2219314575,34487,34497,10
12.9832201004,80.2220916748,34497,34507,10
12.9834899902,80.2222518921,34507,34517,10
12.9837303162,80.2224121094,34517,34527,10
12.9841403961,80.2226486206,34527,34537,10
12.9846601486,80.2229690552,34537,34547,10
12.9852695465,80.2231826782,34547,34557,10
12.9857797623,80.2229309082,34557,34567,10
12.9864196777,80.2229232788,34567,34577,10
12.986579895,80.2229309082,34577,34588,11
12.9866199493,80.2229309082,34588,34598,10
12.9869604111,80.2229919434,34598,34608,10
12.9873504639,80.2230529785,34608,34618,10
12.9878196716,80.2229995728,34618,34628,10
12.988240242,80.2227172852,34628,34638,10
12.9886102676,80.2224121094,34638,34648,10
12.9888296127,80.22215271,34648,34658,10
12.9890203476,80.2218933105,34658,34668,10
12.9892301559,80.2216033936,34668,34678,10
12.9895601273,80.2211380005,34678,34689,11
12.9901695251,80.2205734253,34689,34699,10
12.9906196594,80.2202529907,34699,34709,10
12.9911603928,80.2198104858,34709,34719,10
12.9917602539,80.219367981,34719,34729,10
12.9923496246,80.218963623,34729,34739,10
12.9930000305,80.2184829712,34739,34749,10
12.9937896729,80.2179336548,34749,34759,10
12.994389534,80.2175064087,34759,34769,10
12.9947795868,80.2172317505,34769,34779,10
12.9949398041,80.2171020508,34779,34789,10
12.9951400757,80.2169570923,34789,34800,11
12.9954996109,80.2167663574,34800,34810,10
12.9960603714,80.2165985107,34810,34880,70
12.9960603714,80.2165985107,34880,34890,10
12.9965496063,80.2165222168,34890,34899,9
12.9969100952,80.2164764404,34899,34911,12
12.9971504211,80.216468811,34911,34921,10
12.9975404739,80.2161331177,34921,34951,30
12.9975404739,80.2161331177,34951,34961,10
12.9978303909,80.2158737183,34961,34971,10
12.9982500076,80.2155303955,34971,34981,10
12.9987297058,80.215133667,34981,34991,10
12.9991798401,80.2147521973,34991,35001,10
12.9994001389,80.2145614624,35001,35011,10
12.9998102188,80.2142028809,35011,35022,11
13.0001897812,80.2138519287,35022,35032,10
13.0006303787,80.2134399414,35032,35042,10
13.0012102127,80.2129821777,35042,35052,10
13.0018596649,80.2125015259,35052,35062,10
13.0025196075,80.2121505737,35062,35072,10
13.0032501221,80.2120666504,35072,35082,10
13.0037403107,80.2118682861,35082,35102,20
13.0037403107,80.2118682861,35102,35111,9
13.0037899017,80.2116317749,35111,35123,12
13.0037298203,80.2111206055,35123,35133,10
13.0036802292,80.2106170654,35133,35143,10
13.0036001205,80.2101516724,35143,35153,10
13.0035495758,80.2096786499,35153,35163,10
13.0036201477,80.2091674805,35163,35173,10
13.0038099289,80.2086334229,35173,35183,10
13.004529953,80.2088165283,35183,35193,10
13.0055198669,80.2092514038,35193,35203,10
13.0065402985,80.2095870972,35203,35213,10
13.007060051,80.2097091675,35213,35223,10
13.0074195862,80.2097930908,35223,35254,31
13.0074195862,80.2097930908,35254,35264,10
13.0077199936,80.2099075317,35264,35274,10
13.0080404282,80.2099761963,35274,35284,10
13.0081796646,80.2097702026,35284,35294,10
13.0080404282,80.2092590332,35294,35304,10
13.0079202652,80.2086029053,35304,35314,10
13.0078201294,80.2079086304,35314,35324,10
13.0077695847,80.2074737549,35324,35335,11
13.0076904297,80.2069778442,35335,35345,10
13.0075998306,80.2063827515,35345,35355,10
13.007519722,80.2057037354,35355,35365,10
13.0074996948,80.205078125,35365,35375,10
13.007519722,80.2045516968,35375,35385,10
13.0075101852,80.2040786743,35385,35395,10
13.0074100494,80.2034835815,35395,35405,10
13.0071897507,80.2026596069,35405,35415,10
13.0066003799,80.2026901245,35415,35425,10
13.0066995621,80.2032623291,35425,35434,9
13.0071601868,80.2035217285,35434,35446,12
13.0079298019,80.2036895752,35446,35466,20
13.0079298019,80.2036895752,35466,35476,10
13.0081996918,80.2036972046,35476,35486,10
13.0082798004,80.2036972046,35486,35496,10
13.0085496902,80.2036895752,35496,35506,10
13.0091600418,80.2036514282,35506,35516,10
13.0101003647,80.2035980225,35516,35526,10
13.0113096237,80.2036819458,35526,35536,10
13.0125799179,80.2038803101,35536,35546,10
13.0135097504,80.2041015625,35546,35557,11
13.0141801834,80.2043075562,35557,35567,10
13.0147399902,80.2045135498,35567,35587,20
13.0147399902,80.2045135498,35587,35597,10
13.0150899887,80.2046203613,35597,35607,10
13.0153999329,80.2047729492,35607,35617,10
13.0159797668,80.2050018311,35617,35627,10
13.0165596008,80.205116272,35627,35637,10
13.0171203613,80.2053985596,35637,35647,10
13.0176801682,80.2055664063,35647,35658,11
13.0181999207,80.2057800293,35658,35668,10
13.0186700821,80.2059631348,35668,35678,10
13.0186796188,80.2059631348,35678,35688,10
13.0187997818,80.2060089111,35688,35698,10
13.0190200806,80.2061004639,35698,35708,10
13.019370079,80.2061920166,35708,35718,10
13.0200099945,80.2062530518,35718,35728,10
13.0208902359,80.2062301636,35728,35738,10
13.0215902328,80.206237793,35738,35748,10
13.0216703415,80.2062606812,35748,35758,10
13.0220003128,80.2062683105,35758,35769,11
13.0224895477,80.2063522339,35769,35779,10
13.0231704712,80.206489563,35779,35789,10
13.0239200592,80.2065734863,35789,35799,10
13.024140358,80.2066192627,35799,35809,10
13.0242700577,80.2066726685,35809,35819,10
13.0246696472,80.2067565918,35819,35829,10
13.0253696442,80.2069320679,35829,35839,10
13.0262098312,80.2072906494,35839,35849,10
13.0269699097,80.2077484131,35849,35859,10
13.0278501511,80.2082824707,35859,35869,10
13.0288496017,80.2086029053,35869,35880,11
13.0298099518,80.2088394165,35880,35890,10
13.0306100845,80.2090301514,35890,35900,10
13.0314302444,80.2092208862,35900,35920,20
13.0314302444,80.2092208862,35920,35930,10
13.0315799713,80.2092971802,35930,35940,10
13.0319299698,80.2094192505,35940,35950,10
13.0326499939,80.2095565796,35950,35960,10
13.0333995819,80.2097091675,35960,35969,9
13.0341701508,80.2098617554,35969,35981,12
13.0350399017,80.2101135254,35981,35991,10
13.0349798203,80.2108764648,35991,36031,40
13.0349798203,80.2108764648,36031,36041,10
13.0349702835,80.2112503052,36041,36051,10
13.0349597931,80.2113571167,36051,36061,10
13.0349502563,80.211517334,36061,36071,10
13.0349197388,80.2119064331,36071,36081,10
13.0352697372,80.2121276855,36081,36092,11
13.0356197357,80.2121887207,36092,36102,10
13.0358600616,80.2121963501,36102,36112,10
13.036529541,80.2122497559,36112,36192,80
13.036529541,80.2122497559,36192,36203,11
13.0368900299,80.2122573853,36203,36213,10
13.03703022,80.212272644,36213,36223,10
13.0372896194,80.2122802734,36223,36233,10
13.0377702713,80.2123031616,36233,36243,10
13.038479805,80.2122879028,36243,36253,10
13.0392599106,80.2123031616,36253,36263,10
13.0402498245,80.2122573853,36263,36273,10
13.0412998199,80.2122497559,36273,36283,10
13.0424699783,80.2122497559,36283,36293,10
13.043680191,80.2121963501,36293,36304,11
13.0446796417,80.2122268677,36304,36314,10
13.0455904007,80.2122116089,36314,36324,10
13.0464000702,80.2121810913,36324,36334,10
13.0471096039,80.2121276855,36334,36344,10
13.048210144,80.2120666504,36344,36375,31
13.048210144,80.2120666504,36375,36385,10
13.0485296249,80.212097168,36385,36395,10
13.0490598679,80.2120437622,36395,36405,10
13.0498199463,80.2119598389,36405,36416,11
13.0505599976,80.2120437622,36416,36426,10
13.0510797501,80.2120285034,36426,36436,10
13.0521297455,80.2118988037,36436,36446,10
13.0530099869,80.2117233276,36446,36456,10
13.0538797379,80.2114868164,36456,36466,10
13.0543899536,80.2114028931,36466,36476,10
13.0548400879,80.2114028931,36476,36486,10
13.0555496216,80.2114028931,36486,36496,10
13.0564498901,80.2114028931,36496,36505,9
13.0569801331,80.2113876343,36505,36516,11
13.0572900772,80.2114028931,36516,36527,11
13.0576400757,80.2113876343,36527,36537,10
13.0577096939,80.2114028931,36537,36547,10
13.0579996109,80.21144104,36547,36557,10
13.0585603714,80.2114486694,36557,36567,10
13.0593299866,80.2114715576,36567,36577,10
13.0602302551,80.211479187,36577,36587,10
13.0612802505,80.2115325928,36587,36597,10
13.0622596741,80.2117004395,36597,36607,10
13.0632600784,80.2115478516,36607,36628,21
13.0632600784,80.2115478516,36628,36638,10
13.0633602142,80.2115478516,36638,36648,10
13.0637197495,80.211517334,36648,36658,10
13.0642404556,80.21144104,36658,36668,10
13.0649003983,80.2111587524,36668,36678,10
13.0656700134,80.2106323242,36678,36688,10
13.0664396286,80.2099685669,36688,36698,10
13.0670795441,80.2092666626,36698,36708,10
13.0672798157,80.2088699341,36708,36718,10
13.0673799515,80.2086868286,36718,36728,10
13.0676498413,80.2083435059,36728,36739,11
13.0680999756,80.2076721191,36739,36749,10
13.0685796738,80.2069625854,36749,36759,10
13.0690898895,80.2061462402,36759,36769,10
13.0694799423,80.2055435181,36769,36779,10
13.0697202682,80.2050628662,36779,36789,10
13.0694999695,80.2047805786,36789,36799,10
13.0692195892,80.2051315308,36799,36809,10
13.0687704086,80.205116272,36809,36850,41
13.0687704086,80.205116272,36850,36860,10
13.0687704086,80.2049789429,36860,36870,10
13.0688695908,80.2047271729,36870,36880,10
13.0690803528,80.2046890259,36880,36890,10
13.0693101883,80.2046966553,36890,36900,10
13.0694999695,80.2047424316,36900,36910,10
13.0697202682,80.204788208,36910,36920,10
13.0700798035,80.2045822144,36920,36930,10
13.0704898834,80.2040481567,36930,36940,10
13.0710296631,80.2033920288,36940,36951,11
13.0717401505,80.2025375366,36951,36961,10
13.0723104477,80.2018890381,36961,36971,10
13.0726604462,80.2015075684,36971,36981,10
13.0730400085,80.2010726929,36981,36991,10
13.0732297897,80.2008590698,36991,37001,10
13.0734996796,80.2005233765,37001,37011,10
13.0738201141,80.2001113892,37011,37021,10
13.0741901398,80.1996612549,37021,37041,20
13.0741901398,80.1996612549,37041,37051,10
13.0743398666,80.1995773315,37051,37062,11
13.0743703842,80.1995620728,37062,37072,10
13.0745697021,80.1994018555,37072,37082,10
13.0749702454,80.1991729736,37082,37092,10
13.0756597519,80.1990509033,37092,37102,10
13.0765304565,80.1989974976,37102,37112,10
13.0775995255,80.1988830566,37112,37122,10
13.0787096024,80.1987533569,37122,37132,10
13.0796804428,80.1986618042,37132,37142,10
13.0805101395,80.1985778809,37142,37152,10
13.0813302994,80.1985321045,37152,37163,11
13.0821399689,80.1984710693,37163,37173,10
13.0826997757,80.1984176636,37173,37183,10
13.0832300186,80.1984176636,37183,37193,10
13.0835199356,80.1984481812,37193,37203,10
13.0839195251,80.1984481812,37203,37223,20
13.0839195251,80.1984481812,37223,37233,10
13.0842399597,80.1985015869,37233,37243,10
13.0844402313,80.1985168457,37243,37253,10
13.0845804214,80.1985321045,37253,37263,10
13.0849599838,80.1984863281,37263,37284,21
13.0849599838,80.1984863281,37284,37294,10
13.0854196548,80.1984634399,37294,37304,10
13.0857496262,80.1985092163,37304,37314,10
13.0863399506,80.1984405518,37314,37324,10
13.0867700577,80.1984634399,37324,37334,10
13.0870304108,80.1981201172,37334,37344,10
13.0870704651,80.1978302002,37344,37354,10
13.0870800018,80.1976776123,37354,37364,10
13.087100029,80.1972579956,37364,37374,10
13.0871200562,80.1966400146,37374,37385,11
13.0871496201,80.1957092285,37385,37395,10
13.0871801376,80.1947937012,37395,37405,10
13.0872001648,80.1937789917,37405,37415,10
13.087220192,80.1929092407,37415,37425,10
13.087269783,80.1924362183,37425,37435,10
13.0873403549,80.1920166016,37435,37445,10
13.0874099731,80.1913986206,37445,37455,10
13.0875196457,80.1906204224,37455,37465,10
13.0876502991,80.1896591187,37465,37475,10
13.087679863,80.188873291,37475,37486,11
13.087679863,80.1886901855,37486,37496,10
13.0876903534,80.1884765625,37496,37506,10
13.0876998901,80.1881027222,37506,37516,10
13.0877199173,80.1877670288,37516,37526,10
13.0877199173,80.1872406006,37526,37536,10
13.0877399445,80.1864624023,37536,37546,10
13.0878000259,80.1856689453,37546,37556,10
13.087849617,80.1851196289,37556,37566,10
13.0878696442,80.184463501,37566,37576,10
13.0879001617,80.1836624146,37576,37586,10
13.0879602432,80.1826171875,37586,37597,11
13.0879402161,80.1819000244,37597,37607,10
13.0879802704,80.1812133789,37607,37617,10
13.0880298615,80.1806030273,37617,37627,10
13.088060379,80.1801605225,37627,37637,10
13.088060379,80.1798324585,37637,37647,10
13.0880899429,80.1794967651,37647,37657,10
13.0881004333,80.1792526245,37657,37667,10
13.0880804062,80.1788482666,37667,37677,10
13.0880804062,80.1785202026,37677,37687,10
13.0881099701,80.1784210205,37687,37698,11
13.0881204605,80.1780471802,37698,37708,10
13.0881099701,80.1774597168,37708,37718,10
13.088139534,80.1766433716,37718,37728,10
13.0882301331,80.1757278442,37728,37738,10
13.0882701874,80.1747894287,37738,37748,10
13.0883398056,80.1741027832,37748,37756,8
13.0883703232,80.1735687256,37756,37768,12
13.0883998871,80.1728515625,37768,37778,10
13.0884199142,80.1722412109,37778,37788,10
13.0884599686,80.1717910767,37788,37798,10
13.0884599686,80.1717834473,37798,37809,11
13.0884895325,80.171546936,37809,37819,10
13.08852005,80.1710586548,37819,37829,10
13.0885801315,80.1699905396,37829,37909,80
13.0885801315,80.1699905396,37909,37920,11
13.0887098312,80.1694412231,37920,37930,10
13.0891895294,80.1694412231,37930,37940,10
13.0899200439,80.1695022583,37940,37950,10
13.0908403397,80.1695632935,37950,37960,10
13.0918703079,80.169631958,37960,37970,10
13.0930299759,80.169708252,37970,37980,10
13.0941295624,80.1697463989,37980,37990,10
13.0947399139,80.1697998047,37990,38000,10
13.095000267,80.1698379517,38000,38010,10
13.0953598022,80.1698684692,38010,38021,11
13.0960903168,80.169883728,38021,38031,10
13.0968198776,80.169921875,38031,38041,10
13.0971403122,80.1699295044,38041,38051,10
13.0972995758,80.169960022,38051,38061,10
13.0977697372,80.1699829102,38061,38071,10
13.0985498428,80.1699981689,38071,38081,10
13.0993099213,80.1700515747,38081,38091,10
13.0996303558,80.1698913574,38091,38101,10
13.09953022,80.1696395874,38101,38111,10
13.0994596481,80.1699066162,38111,38162,51
13.0994195938,80.1700973511,38162,39060,898
13.0994195938,80.1700973511,39060,39070,10
13.0990800858,80.1702575684,39070,39080,10
13.0987997055,80.1702423096,39080,39089,9
13.0987300873,80.1702270508,39089,39101,12
13.0982704163,80.170173645,39101,39111,10
13.0977296829,80.1701507568,39111,39121,10
13.0969800949,80.1700973511,39121,39131,10
13.0960798264,80.1700363159,39131,39141,10
13.095199585,80.1699676514,39141,39151,10
13.0948400497,80.1699371338,39151,39161,10
13.0945997238,80.1699371338,39161,39171,10
13.0943002701,80.1698913574,39171,39181,10
13.0938396454,80.1698684692,39181,39191,10
13.0931196213,80.1698303223,39191,39201,10
13.0924501419,80.1697998047,39201,39212,11
13.0916900635,80.1697387695,39212,39232,20
13.0916900635,80.1697387695,39232,39242,10
13.091170311,80.169708252,39242,39252,10
13.0905303955,80.169670105,39252,39262,10
13.0896997452,80.169631958,39262,39272,10
13.08893013,80.1696090698,39272,39282,10
13.0887403488,80.1699905396,39282,39292,10
13.0887002945,80.1706619263,39292,39302,10
13.0886497498,80.1716003418,39302,39312,10
13.0886201859,80.1719207764,39312,39323,11
13.0885801315,80.1721420288,39323,39333,10
13.0885601044,80.1725234985,39333,39343,10
13.0885095596,80.1732711792,39343,39353,10
13.0884599686,80.1741714478,39353,39363,10
13.0884103775,80.1749572754,39363,39373,10
13.0883398056,80.1758804321,39373,39383,10
13.0882701874,80.1768722534,39383,39393,10
13.088259697,80.1776504517,39393,39403,10
13.088259697,80.1784973145,39403,39413,10
13.088259697,80.1786193848,39413,39424,11
13.0882501602,80.1787185669,39424,39434,10
13.088259697,80.1791381836,39434,39464,30
13.088259697,80.1791381836,39464,39474,10
13.0882101059,80.1795196533,39474,39484,10
13.0881996155,80.179901123,39484,39494,10
13.0882101059,80.1801986694,39494,39523,29
13.0882101059,80.1801986694,39523,39535,12
13.0881900787,80.1805801392,39535,39575,40
13.0881900787,80.1809997559,39575,39624,49
13.0881900787,80.1809997559,39624,39635,11
13.0881700516,80.1814727783,39635,39646,11
13.0881500244,80.1820373535,39646,39656,10
13.0881204605,80.1827011108,39656,39666,10
13.0880899429,80.1835021973,39666,39676,10
13.088060379,80.1844177246,39676,39686,10
13.0880699158,80.1851196289,39686,39706,20
13.0880699158,80.1851196289,39706,39715,9
13.0880403519,80.1854629517,39715,39726,11
13.0880002975,80.186050415,39726,39737,11
13.0879602432,80.186882019,39737,39748,11
13.0879802704,80.1878128052,39748,39778,30
13.0879802704,80.1878128052,39778,39788,10
13.0879497528,80.1879882813,39788,39798,10
13.0879402161,80.1883468628,39798,39808,10
13.0879096985,80.1889266968,39808,39818,10
13.0878295898,80.1898193359,39818,39838,20
13.0878295898,80.1898193359,39838,39848,10
13.0877895355,80.1899719238,39848,39859,11
13.0877399445,80.1903610229,39859,39869,10
13.0876398087,80.1910705566,39869,39879,10
13.0874500275,80.1925201416,39879,39919,40
13.0874500275,80.1925201416,39919,39929,10
13.0873603821,80.192779541,39929,39939,10
13.0873403549,80.1932601929,39939,39949,10
13.0873298645,80.1940002441,39949,39959,10
13.0873203278,80.1948699951,39959,39970,11
13.0873003006,80.1958618164,39970,39980,10
13.087269783,80.1967926025,39980,39990,10
13.087269783,80.1976089478,39990,40000,10
13.087269783,80.1977005005,40000,40010,10
13.0872802734,80.1978225708,40010,40020,10
13.0873203278,80.1981887817,40020,40030,10
13.087439537,80.1984176636,40030,40040,10
13.0877599716,80.1984481812,40040,40050,10
13.0883102417,80.1984176636,40050,40060,10
13.0888004303,80.198387146,40060,40071,11
13.0892696381,80.1984176636,40071,40081,10
13.0898103714,80.1984176636,40081,40091,10
13.0904397964,80.1984176636,40091,40101,10
13.0915403366,80.1985778809,40101,40111,10
13.0925302505,80.1986236572,40111,40121,10
13.0929498672,80.198638916,40121,40131,10
13.0929899216,80.1989593506,40131,40141,10
13.0929603577,80.199546814,40141,40151,10
13.0928297043,80.2003936768,40151,40161,10
13.0925197601,80.2005767822,40161,40171,10
13.0918502808,80.2005691528,40171,40182,11
13.0909404755,80.2005462646,40182,40192,10
13.090180397,80.2005767822,40192,40202,10
13.0893001556,80.2005767822,40202,40212,10
13.0881099701,80.2005081177,40212,40222,10
13.0870304108,80.2004470825,40222,40232,10
13.0863399506,80.2004089355,40232,40242,10
13.0857896805,80.200378418,40242,40252,10
13.0855102539,80.2003707886,40252,40262,10
13.0853395462,80.2001571655,40262,40272,10
13.0853395462,80.1997528076,40272,40282,10
13.0853099823,80.1990966797,40282,40293,11
13.0850801468,80.1987686157,40293,40303,10
13.084569931,80.1987304688,40303,40313,10
13.0841598511,80.1987228394,40313,40323,10
13.0834598541,80.1986999512,40323,40333,10
13.0826597214,80.1986618042,40333,40343,10
13.0821695328,80.1986694336,40343,40353,10
13.0817098618,80.198677063,40353,40363,10
13.0811395645,80.198677063,40363,40373,10
13.0804796219,80.1987304688,40373,40383,10
13.0797300339,80.1987991333,40383,40394,11
13.0788698196,80.1988677979,40394,40404,10
13.078040123,80.19896698,40404,40414,10
13.0770702362,80.1990737915,40414,40424,10
13.0761499405,80.1991882324,40424,40434,10
13.0753202438,80.1993103027,40434,40444,10
13.0744695663,80.1997070313,40444,40454,10
13.0737800598,80.2003936768,40454,40464,10
13.0736303329,80.2005767822,40464,40474,10
13.0734796524,80.2007827759,40474,40484,10
13.0731201172,80.2012023926,40484,40494,10
13.072640419,80.201789856,40494,40505,11
13.0724496841,80.2020263672,40505,40515,10
13.0722198486,80.2022323608,40515,40525,10
13.0718402863,80.202583313,40525,40535,10
13.0713100433,80.2031936646,40535,40545,10
13.0706701279,80.2039489746,40545,40555,10
13.0698699951,80.2050018311,40555,40595,40
13.0698699951,80.2050018311,40595,40605,10
13.0696601868,80.2049865723,40605,40616,11
13.0692901611,80.2049331665,40616,40626,10
13.0690097809,80.2052612305,40626,40636,10
13.0683298111,80.2053604126,40636,40646,10
13.0679798126,80.2051773071,40646,40666,20
13.067990303,80.2050018311,40666,40739,73
13.0679597855,80.2049026489,40739,40789,50
13.0679597855,80.2049026489,40789,40799,10
13.0681400299,80.2049407959,40799,40809,10
13.068479538,80.2048797607,40809,40818,9
13.0689496994,80.2047271729,40818,40830,12
13.0692396164,80.2047195435,40830,40840,10
13.0693998337,80.2047424316,40840,40850,10
13.0695896149,80.204788208,40850,40880,30
13.0695896149,80.204788208,40880,40890,10
13.0697202682,80.2048416138,40890,40900,10
13.0698795319,80.2051696777,40900,40910,10
13.0695800781,80.2056503296,40910,40920,10
13.0691404343,80.2062988281,40920,40930,10
13.0686101913,80.2071304321,40930,40941,11
13.0680398941,80.2080688477,40941,40951,10
13.0673904419,80.2090377808,40951,40961,10
13.0666503906,80.2099533081,40961,40971,10
13.0660495758,80.2104415894,40971,40981,10
13.0651903152,80.211151123,40981,41001,20
13.0651903152,80.211151123,41001,41011,10
13.0648298264,80.2113418579,41011,41021,10
13.064330101,80.2115707397,41021,41031,10
13.0638904572,80.2117080688,41031,41041,10
13.0633296967,80.2117614746,41041,41052,11
13.0625495911,80.2117919922,41052,41062,10
13.0618696213,80.2117614746,41062,41071,9
13.0609703064,80.2117004395,41071,41082,11
13.0599603653,80.2116622925,41082,41092,10
13.0589399338,80.2116394043,41092,41102,10
13.0581798553,80.2116088867,41102,41112,10
13.0579204559,80.2116088867,41112,41122,10
13.0577802658,80.2115936279,41122,41132,10
13.0574398041,80.2116012573,41132,41142,10
13.0569000244,80.2115936279,41142,41153,11
13.056019783,80.2115707397,41153,41163,10
13.055100441,80.2115402222,41163,41173,10
13.0542898178,80.2116165161,41173,41183,10
13.0534696579,80.2118225098,41183,41193,10
13.0526304245,80.2120437622,41193,41203,10
13.0519399643,80.2121734619,41203,41213,10
13.051440239,80.2121200562,41213,41223,10
13.0505504608,80.2121734619,41223,41264,41
13.0505504608,80.2121734619,41264,41274,10
13.0496702194,80.2121582031,41274,41314,40
13.0496702194,80.2121582031,41314,41324,10
13.0487003326,80.2121734619,41324,41334,10
13.0487003326,80.2121734619,41334,41344,10
13.0481300354,80.2122268677,41344,41354,10
13.0473403931,80.2123031616,41354,41364,10
13.0464096069,80.212348938,41364,41375,11
13.0453500748,80.2124328613,41375,41405,30
13.0453500748,80.2124328613,41405,41415,10
13.0452003479,80.2125015259,41415,41425,10
13.0449399948,80.2124862671,41425,41435,10
13.0444698334,80.2124710083,41435,41445,10
13.0438604355,80.2124328613,41445,41455,10
13.0431604385,80.2124099731,41455,41465,10
13.0423803329,80.212387085,41465,41476,11
13.0413799286,80.2124023438,41476,41486,10
13.0403404236,80.2124328613,41486,41496,10
13.039349556,80.2124099731,41496,41506,10
13.0380802155,80.2124786377,41506,41546,40
13.0380802155,80.2124786377,41546,41556,10
13.0376996994,80.2124862671,41556,41566,10
13.0370597839,80.2124786377,41566,41576,10
13.0363197327,80.2124404907,41576,41587,11
13.0355396271,80.2124023438,41587,41597,10
13.0351495743,80.2123184204,41597,41617,20
13.0351495743,80.2123184204,41617,41627,10
13.0349702835,80.2122116089,41627,41637,10
13.0347204208,80.2122116089,41637,41647,10
13.0345096588,80.2121505737,41647,41657,10
13.0340595245,80.2120895386,41657,41687,30
13.0340595245,80.2120895386,41687,41698,11
13.0336904526,80.2120437622,41698,41709,11
13.0331296921,80.2119674683,41709,41719,10
13.0324296951,80.2118682861,41719,41729,10
13.0319700241,80.2116317749,41729,41739,10
13.0320901871,80.2111282349,41739,41749,10
13.03221035,80.2103729248,41749,41758,9
13.0322198868,80.2097473145,41758,41769,11
13.0319299698,80.2096176147,41769,41779,10
13.0313596725,80.2094497681,41779,41788,9
13.0307102203,80.2092971802,41788,41800,12
13.0301103592,80.2091293335,41800,41810,10
13.0299797058,80.2090377808,41810,41820,10
13.0296096802,80.2089309692,41820,41830,10
13.0289697647,80.208770752,41830,41839,9
13.028169632,80.2085418701,41839,41849,10
13.0272903442,80.2081375122,41849,41860,11
13.0262403488,80.2075195313,41860,41870,10
13.0252799988,80.2070922852,41870,41880,10
13.0245800018,80.2070007324,41880,41889,9
13.0245599747,80.206993103,41889,41899,10
13.0242395401,80.2068786621,41899,41911,12
13.0235700607,80.2067337036,41911,41921,10
13.022769928,80.2066192627,41921,41931,10
13.0220298767,80.2065124512,41931,41941,10
13.0216302872,80.2064819336,41941,41951,10
13.021030426,80.2064819336,41951,41961,10
13.020190239,80.2064590454,41961,41971,10
13.0187301636,80.206237793,41971,42284,313
13.0184497833,80.2060089111,42284,42334,50
13.0184497833,80.2060089111,42334,42345,11
13.0180501938,80.2058410645,42345,42355,10
13.0177402496,80.2057571411,42355,42364,9
13.017490387,80.2056808472,42364,42376,12
13.0170497894,80.2056121826,42376,42386,10
13.0166702271,80.2053222656,42386,42396,10
13.0159196854,80.2051773071,42396,42406,10
13.0149898529,80.2048721313,42406,42416,10
13.0141296387,80.2045974731,42416,42467,51
13.0141296387,80.2045974731,42467,42477,10
13.0138998032,80.204460144,42477,42487,10
13.0136003494,80.2044296265,42487,42497,10
13.0135002136,80.2046966553,42497,42507,10
13.0133399963,80.2051467896,42507,42517,10
13.0130996704,80.2058181763,42517,42527,10
13.0129804611,80.20677948,42527,42537,10
13.0129003525,80.2075271606,42537,42547,10
13.012840271,80.2079696655,42547,42558,11
13.0127496719,80.2082595825,42558,42568,10
13.0128297806,80.2087020874,42568,42578,10
13.0129995346,80.2092590332,42578,42588,10
13.0132198334,80.2098388672,42588,42598,10
13.0130996704,80.2107162476,42598,42608,10
13.0128297806,80.2113876343,42608,42618,10
13.0125703812,80.2118911743,42618,42628,10
13.0122404099,80.212348938,42628,42638,10
13.0120000839,80.212677002,42638,42649,11
13.011759758,80.2127304077,42649,42659,10
13.0114297867,80.2126083374,42659,42670,11
13.0107898712,80.2121582031,42670,42680,10
13.0098400116,80.211479187,42680,42710,30
13.0096597672,80.2111434937,42710,42760,50
13.0096597672,80.2111434937,42760,42769,9
13.0094404221,80.2110214233,42769,42781,12
13.0093698502,80.2110595703,42781,42791,10
13.0092601776,80.2112121582,42791,42801,10
13.0091600418,80.2113571167,42801,42811,10
13.0090904236,80.2116622925,42811,42821,10
13.0092401505,80.2121505737,42821,42831,10
13.0094099045,80.2127380371,42831,42839,8
13.0095996857,80.2132492065,42839,42851,12
13.0099096298,80.2140884399,42851,42861,10
13.0101499557,80.21484375,42861,42871,10
13.0102500916,80.2156066895,42871,42879,8
13.0104703903,80.2162094116,42879,42892,13
13.0109996796,80.2173614502,42892,42902,10
13.0113897324,80.2182769775,42902,42912,10
13.0117397308,80.2193527222,42912,42922,10
13.0121002197,80.2205276489,42922,42932,10
13.0122499466,80.2211914063,42932,42942,10
13.0126895905,80.2219161987,42942,42952,10
13.0132799149,80.2225112915,42952,42962,10
13.0138196945,80.22315979,42962,42972,10
13.0143499374,80.2237472534,42972,42982,10
13.0148296356,80.2243270874,42982,42993,11
13.0153198242,80.224937439,42993,43003,10
13.0154895782,80.2254333496,43003,43013,10
13.0153102875,80.225730896,43013,43023,10
13.0152902603,80.2257537842,43023,43033,10
13.0150403976,80.2259216309,43033,43043,10
13.0146198273,80.2260894775,43043,43053,10
13.0141000748,80.22631073,43053,43063,10
13.0135498047,80.2265396118,43063,43073,10
13.012840271,80.2267913818,43073,43083,10
13.0120296478,80.2271194458,43083,43093,10
13.0109996796,80.2275390625,43093,43104,11
13.0098400116,80.2279510498,43104,43114,10
13.0095796585,80.2274093628,43114,43124,10
13.0098896027,80.2266616821,43124,43134,10
13.010310173,80.2257385254,43134,43144,10
13.0106601715,80.2248535156,43144,43154,10
13.0110502243,80.2238998413,43154,43164,10
13.0112895966,80.2232208252,43164,43174,10
13.0107803345,80.2230072021,43174,43184,10
13.0101003647,80.2226409912,43184,43194,10
13.0093402863,80.2222366333,43194,43204,10
13.0084600449,80.2217636108,43204,43215,11
13.0077400208,80.2213897705,43215,43225,10
13.0070295334,80.2211914063,43225,43235,10
13.0062103271,80.2207870483,43235,43245,10
13.005279541,80.2205123901,43245,43255,10
13.0045900345,80.2203598022,43255,43265,10
13.0039196014,80.2201919556,43265,43275,10
13.0032300949,80.2200317383,43275,43285,10
13.0024700165,80.2195892334,43285,43295,10
13.0017995834,80.2189178467,43295,43305,10
13.001159668,80.2183914185,43305,43316,11
13.0006303787,80.2180099487,43316,43326,10
13.0002098083,80.2177886963,43326,43336,10
12.9998397827,80.2175598145,43336,43346,10
12.9991798401,80.2172470093,43346,43356,10
12.9982404709,80.2168121338,43356,43366,10
12.997469902,80.2166595459,43366,43376,10
12.9974403381,80.2166366577,43376,43386,10
12.9970397949,80.2166137695,43386,43396,10
12.9964399338,80.2166900635,43396,43406,10
12.9956598282,80.2168731689,43406,43415,9
12.9952402115,80.2170181274,43415,43427,12
12.9949598312,80.2171401978,43427,43437,10
12.9945602417,80.2174072266,43437,43447,10
12.9941701889,80.2177124023,43447,43457,10
12.9935798645,80.2181091309,43457,43467,10
12.9930295944,80.2184829712,43467,43477,10
12.992389679,80.2189483643,43477,43487,10
12.9918298721,80.2194290161,43487,43497,10
12.9911699295,80.2194213867,43497,43507,10
12.9908800125,80.2193603516,43507,43517,10
12.9905004501,80.2192611694,43517,43527,10
12.9898796082,80.2190704346,43527,43538,11
12.9889602661,80.2187423706,43538,43548,10
12.9879398346,80.21849823,43548,43558,10
12.9872598648,80.2183990479,43558,43568,10
12.986579895,80.2182006836,43568,43578,10
12.9856500626,80.2179794312,43578,43588,10
12.9845104218,80.2180023193,43588,43598,10
12.9840297699,80.217956543,43598,43608,10
12.9839496613,80.217918396,43608,43618,10
12.9835596085,80.217918396,43618,43628,10
12.9828395844,80.2179412842,43628,43639,11
12.981880188,80.2179718018,43639,43649,10
12.9808502197,80.218208313,43649,43659,10
12.9800300598,80.2185134888,43659,43669,10
12.9793300629,80.218788147,43669,43679,10
12.9787797928,80.2190170288,43679,43689,10
12.9783201218,80.2191925049,43689,43699,10
12.977519989,80.2194976807,43699,43709,10
12.9761896133,80.2200317383,43709,43851,142
12.9761896133,80.2200317383,43851,43862,11
12.9759101868,80.2201690674,43862,43870,8
12.9758396149,80.2202072144,43870,43880,10
12.9756698608,80.2203216553,43880,43892,12
12.975520134,80.2205886841,43892,43902,10
12.9759197235,80.2209320068,43902,43950,48
12.9759197235,80.2209320068,43950,43963,13
12.9760704041,80.221206665,43963,44679,716
12.9760704041,80.221206665,44679,44689,10
12.9764604568,80.2212371826,44689,44699,10
12.9766302109,80.2212600708,44699,44709,10
12.9769496918,80.2212524414,44709,44719,10
12.9773797989,80.2212295532,44719,44730,11
12.9778795242,80.2212295532,44730,44740,10
12.9782600403,80.2211914063,44740,44752,12
12.9788103104,80.2211532593,44752,44762,10
12.9793195724,80.2211074829,44762,44772,10
12.9799900055,80.2210464478,44772,44782,10
12.9804096222,80.221031189,44782,44792,10
12.9808502197,80.2210083008,44792,44801,9
12.9812898636,80.2211532593,44801,44811,10
12.9817399979,80.2213973999,44811,44821,10
12.9821596146,80.2216415405,44821,44833,12
12.9826002121,80.221786499,44833,44843,10
12.9829397202,80.2219085693,44843,44853,10
12.9829597473,80.2219314575,44853,44863,10
12.9830999374,80.2220306396,44863,44873,10
12.9833097458,80.2221679688,44873,44883,10
12.9835300446,80.222328186,44883,44893,10
12.9839200974,80.2225494385,44893,44903,10
12.9843597412,80.2228393555,44903,44913,10
12.9848299026,80.2230834961,44913,44923,10
12.9853801727,80.223197937,44923,44933,10
12.9857196808,80.2229690552,44933,44941,8
12.9864597321,80.2229614258,44941,44974,33
12.9864597321,80.2229614258,44974,44984,10
12.9868097305,80.2229614258,44984,44994,10
12.9870796204,80.2230072021,44994,45004,10
12.9874000549,80.2230529785,45004,45014,10
12.987830162,80.22290802,45014,45024,10
12.9882202148,80.2225723267,45024,45034,10
12.9887104034,80.2221221924,45034,45044,10
12.9892301559,80.2215118408,45044,45055,11
12.9898195267,80.2207717896,45055,45065,10
12.9903001785,80.2203674316,45065,45075,10
12.9903497696,80.2203292847,45075,45085,10
12.9905195236,80.2202606201,45085,45095,10
12.99077034,80.2200393677,45095,45105,10
12.9912004471,80.2197189331,45105,45115,10
12.9915895462,80.2194824219,45115,45125,10
12.9919395447,80.2192230225,45125,45135,10
12.992480278,80.2188110352,45135,45146,11
12.9931497574,80.2183532715,45146,45156,10
12.9938497543,80.2179031372,45156,45166,10
12.9944295883,80.2175292969,45166,45176,10
12.9947299957,80.2172470093,45176,45186,10
12.9948596954,80.2171401978,45186,45196,10
12.9951200485,80.2169876099,45196,45206,10
12.9955596924,80.2167510986,45206,45216,10
12.9962501526,80.2165679932,45216,45226,10
12.9969997406,80.216468811,45226,45236,10
12.9974298477,80.2161102295,45236,45255,19
12.9974298477,80.2161102295,45255,45267,12
12.997759819,80.2158508301,45267,45277,10
12.9980897903,80.2155303955,45277,45287,10
12.9985599518,80.2151565552,45287,45297,10
12.9990501404,80.2147598267,45297,45307,10
12.9993200302,80.2145614624,45307,45317,10
12.9996995926,80.2142105103,45317,45327,10
13.0000200272,80.2139587402,45327,45337,10
13.0004301071,80.2135925293,45337,45347,10
13.00096035,80.2131576538,45347,45357,10
13.0014896393,80.2127075195,45357,45367,10
13.0020904541,80.2123413086,45367,45378,11
13.0028800964,80.2121124268,45378,45388,10
13.0036001205,80.2119293213,45388,45408,20
13.0036001205,80.2119293213,45408,45418,10
13.0037202835,80.2116394043,45418,45428,10
13.0037097931,80.2111434937,45428,45438,10
13.0036697388,80.2106704712,45438,45448,10
13.0036001205,80.2102508545,45448,45458,10
13.0035400391,80.2098464966,45458,45468,10
13.0035400391,80.2094573975,45468,45479,11
13.003660202,80.2088775635,45479,45489,10
13.0041503906,80.2086715698,45489,45499,10
13.0049200058,80.2090301514,45499,45509,10
13.0057401657,80.2093734741,45509,45519,10
13.006310463,80.2095565796,45519,45529,10
13.0066299438,80.2096633911,45529,45539,10
13.0069599152,80.2097091675,45539,45549,10
13.0072603226,80.2097625732,45549,45569,20
13.0072603226,80.2097625732,45569,45579,10
13.0076303482,80.2098770142,45579,45590,11
13.0080404282,80.2099609375,45590,45600,10
13.0081796646,80.2098083496,45600,45610,10
13.0080604553,80.2093200684,45610,45620,10
13.0079402924,80.2086105347,45620,45630,10
13.007809639,80.2077102661,45630,45640,10
13.0076398849,80.2066574097,45640,45650,10
13.007519722,80.205581665,45650,45660,10
13.0075101852,80.2045822144,45660,45670,10
13.0074300766,80.2037277222,45670,45680,10
13.0072803497,80.2029037476,45680,45690,10
13.0067300797,80.2025680542,45690,45701,11
13.0065898895,80.2031707764,45701,45711,10
13.0069904327,80.2034378052,45711,45720,9
13.0074195862,80.2036209106,45720,45732,12
13.0082998276,80.2036972046,45732,45742,10
13.0092201233,80.2036437988,45742,45752,10
13.0103998184,80.2035980225,45752,45760,8
13.0114097595,80.2036514282,45760,45770,10
13.0126800537,80.2038803101,45770,45781,11
13.0138397217,80.2042617798,45781,45792,11
13.0147199631,80.2045669556,45792,45803,11
13.0149297714,80.2046279907,45803,45813,10
13.0150899887,80.2047424316,45813,45823,10
13.0154600143,80.2048721313,45823,45833,10
13.0159702301,80.2050628662,45833,45841,8
13.0163497925,80.2052230835,45841,45853,12
13.0170898438,80.2053909302,45853,45863,10
13.0176200867,80.205581665,45863,45873,10
13.0182199478,80.2058029175,45873,45881,8
13.0186395645,80.2059402466,45881,45893,12
13.0186901093,80.205947876,45893,45903,10
13.0189399719,80.2060699463,45903,45914,11
13.0193195343,80.2061767578,45914,45924,10
13.0199098587,80.2062683105,45924,45934,10
13.0207700729,80.2062835693,45934,45944,10
13.0216197968,80.2062911987,45944,45954,10
13.0223999023,80.2063827515,45954,45964,10
13.0231199265,80.2065887451,45964,45974,10
13.0242996216,80.2067337036,45974,45994,20
13.0242996216,80.2067337036,45994,46004,10
13.0246896744,80.2068099976,46004,46014,10
13.0248203278,80.2068328857,46014,46025,11
13.0253000259,80.2069396973,46025,46035,10
13.0259304047,80.2071914673,46035,46045,10
13.0266799927,80.207649231,46045,46055,10
13.0274896622,80.2081375122,46055,46065,10
13.0284404755,80.2085494995,46065,46075,10
13.0293197632,80.208770752,46075,46085,10
13.0297899246,80.2088928223,46085,46095,10
13.0302000046,80.2090072632,46095,46105,10
13.0308599472,80.209197998,46105,46115,10
13.0314598083,80.2093276978,46115,46126,11
13.0315504074,80.2093505859,46126,46136,10
13.0317497253,80.2094726563,46136,46146,10
13.0320196152,80.2095413208,46146,46156,10
13.0323295593,80.2095718384,46156,46166,10
13.0329504013,80.2096862793,46166,46176,10
13.0337400436,80.2098617554,46176,46186,10
13.0346403122,80.2100830078,46186,46196,10
13.0349998474,80.2104110718,46196,46206,10
13.0349502563,80.2111282349,46206,46226,20
13.0349502563,80.2111282349,46226,46237,11
13.0348997116,80.2115478516,46237,46247,10
13.0348796844,80.212059021,46247,46257,10
13.0353803635,80.2122268677,46257,46267,10
13.0361404419,80.2122268677,46267,46277,10
13.0367803574,80.2122802734,46277,46287,10
13.0373401642,80.2122879028,46287,46297,10
13.0379695892,80.2122573853,46297,46306,9
13.0386695862,80.2122421265,46306,46317,11
13.0397901535,80.2123336792,46317,46327,10
13.0409402847,80.2124786377,46327,46337,10
13.04226017,80.2123565674,46337,46348,11
13.0434904099,80.2122497559,46348,46358,10
13.0441198349,80.2122421265,46358,46459,101
13.0441198349,80.2122421265,46459,46469,10
13.044549942,80.2123031616,46469,46479,10
13.0448904037,80.2122879028,46479,46489,10
13.0455198288,80.2122573853,46489,46499,10
13.0463600159,80.2122192383,46499,46509,10
13.0472698212,80.2121200562,46509,46519,10
13.0486297607,80.2119903564,46519,46539,20
13.0486297607,80.2119903564,46539,46549,10
13.0488195419,80.2119827271,46549,46560,11
13.0492897034,80.2119369507,46560,46570,10
13.0499200821,80.2119293213,46570,46580,10
13.050330162,80.2119903564,46580,46590,10
13.0505304337,80.2120437622,46590,46600,10
13.0511798859,80.212059021,46600,46610,10
13.0517997742,80.2119903564,46610,46620,10
13.0523996353,80.2118606567,46620,46630,10
13.0533399582,80.2116394043,46630,46640,10
13.0541696548,80.2114334106,46640,46650,10
13.0544595718,80.2113800049,46650,46660,10
13.054889679,80.2113800049,46660,46671,11
13.0557699203,80.2114028931,46671,46681,10
13.0567703247,80.2114105225,46681,46693,12
13.0576000214,80.2114028931,46693,46703,10
13.0576200485,80.2114028931,46703,46711,8
13.0579299927,80.2114105225,46711,46722,11
13.0584697723,80.2114334106,46722,46733,11
13.0592803955,80.211479187,46733,46743,10
13.0601501465,80.211517334,46743,46753,10
13.0612096786,80.2115783691,46753,46763,10
13.0619602203,80.2116622925,46763,46772,9
13.0631103516,80.2115783691,46772,46794,22
13.0631103516,80.2115783691,46794,46804,10
13.0635204315,80.2115631104,46804,46812,8
13.0638103485,80.211517334,46812,46824,12
13.0645103455,80.2113189697,46824,46834,10
13.0653600693,80.2108688354,46834,46844,10
13.0660600662,80.2102890015,46844,46854,10
13.0665998459,80.2097015381,46854,46864,10
13.0672998428,80.2089385986,46864,46874,10
13.0678596497,80.2080612183,46874,46885,11
13.0684995651,80.2070083618,46885,46895,10
13.0691099167,80.2060394287,46895,46905,10
13.0695104599,80.2052993774,46905,46915,10
13.0696401596,80.205078125,46915,46925,10
13.0696802139,80.2049636841,46925,46935,10
13.069439888,80.2048110962,46935,46945,10
13.0691003799,80.205116272,46945,46955,10
13.0687398911,80.2052230835,46955,46965,10
13.0687303543,80.2048568726,46965,46996,31
13.0687303543,80.2048568726,46996,47006,10
13.0690402985,80.2046585083,47006,47016,10
13.0694904327,80.2047119141,47016,47026,10
13.0698003769,80.204750061,47026,47036,10
13.0700302124,80.2045898438,47036,47046,10
13.0703697205,80.2042007446,47046,47056,10
13.0708904266,80.2035598755,47056,47066,10
13.0714998245,80.2028121948,47066,47076,10
13.0718803406,80.2023773193,47076,47086,10
13.0720796585,80.2021713257,47086,47096,10
13.0722198486,80.2020111084,47096,47107,11
13.0725402832,80.2016372681,47107,47117,10
13.0730104446,80.201133728,47117,47127,10
13.0733299255,80.2007369995,47127,47137,10
13.073340416,80.2007293701,47137,47147,10
13.0735998154,80.2004394531,47147,47157,10
13.0739498138,80.2000274658,47157,47167,10
13.0743398666,80.1995697021,47167,47187,20
13.0743398666,80.1995697021,47187,47197,10
13.0746498108,80.1993179321,47197,47208,11
13.0752096176,80.1990966797,47208,47218,10
13.0760002136,80.1990280151,47218,47228,10
13.0769500732,80.1989593506,47228,47238,10
13.0780897141,80.1988372803,47238,47248,10
13.0791902542,80.1987075806,47248,47258,10
13.0801897049,80.1986312866,47258,47268,10
13.0812101364,80.1985397339,47268,47278,10
13.0820999146,80.1985015869,47278,47288,10
13.0826702118,80.1984481812,47288,47298,10
13.0830497742,80.1984710693,47298,47308,10
13.0833702087,80.1984710693,47308,47319,11
13.0835504532,80.1984634399,47319,47329,10
13.0837097168,80.1984481812,47329,47339,10
13.0840101242,80.1984634399,47339,47349,10
13.0841302872,80.1984786987,47349,47359,10
13.084230423,80.1985015869,47359,47369,10
13.0844602585,80.1985168457,47369,47379,10
13.0846004486,80.1985321045,47379,47389,10
13.0848197937,80.1985168457,47389,47399,10
13.0849895477,80.1984786987,47399,47408,9
13.085149765,80.1984863281,47408,47419,11
13.0854196548,80.1984710693,47419,47430,11
13.0858001709,80.1984176636,47430,47440,10
13.0862998962,80.1984176636,47440,47450,10
13.0866699219,80.1984405518,47450,47460,10
13.0868902206,80.1982498169,47460,47470,10
13.0869998932,80.1979293823,47470,47480,10
13.0870304108,80.1979064941,47480,47490,10
13.0871200562,80.1977081299,47490,47500,10
13.0871295929,80.197227478,47500,47510,10
13.0871601105,80.1965103149,47510,47520,10
13.0871801376,80.1956634521,47520,47531,11
13.0872001648,80.1948623657,47531,47541,10
13.0872001648,80.1940612793,47541,47551,10
13.0872402191,80.1930999756,47551,47561,10
13.0872802734,80.1927719116,47561,47571,10
13.0872898102,80.1925964355,47571,47581,10
13.0873298645,80.192199707,47581,47591,10
13.0874099731,80.1915283203,47591,47601,10
13.0874996185,80.1906967163,47601,47611,10
13.0876302719,80.1897201538,47611,47623,12
13.087679863,80.1889572144,47623,47633,10
13.0876903534,80.1889266968,47633,47644,11
13.0877504349,80.1886901855,47644,47684,40
13.0877504349,80.1886901855,47684,47693,9
13.0877199173,80.1884613037,47693,47704,11
13.0877304077,80.1881637573,47704,47714,10
13.0877399445,80.187828064,47714,47724,10
13.0877599716,80.1872024536,47724,47734,10
13.0878400803,80.1864089966,47734,47745,11
13.0878000259,80.1857910156,47745,47755,10
13.0878095627,80.185546875,47755,47765,10
13.0878601074,80.1850280762,47765,47775,10
13.0878896713,80.1846618652,47775,47785,10
13.0879201889,80.18409729,47785,47795,10
13.0879497528,80.1836166382,47795,47805,10
13.0879602432,80.182762146,47805,47825,20
13.0879602432,80.182762146,47825,47835,10
13.0880098343,80.1824798584,47835,47845,10
13.0880002975,80.1821594238,47845,47856,11
13.0880298615,80.181602478,47856,47866,10
13.0880699158,80.1809310913,47866,47876,10
13.0880804062,80.1803131104,47876,47886,10
13.0880899429,80.1801986694,47886,47896,10
13.0880899429,80.1800003052,47896,47906,10
13.0880899429,80.1797180176,47906,47916,10
13.0881099701,80.1793670654,47916,47926,10
13.0880804062,80.1788406372,47926,47936,10
13.0880899429,80.1787872314,47936,47946,10
13.0881299973,80.1784667969,47946,47956,10
13.0881204605,80.1779022217,47956,47967,11
13.0881500244,80.1769714355,47967,47977,10
13.0882101059,80.1760787964,47977,47987,10
13.0882902145,80.1750106812,47987,47997,10
13.0883703232,80.174079895,47997,48007,10
13.0884199142,80.1731567383,48007,48017,10
13.0884799957,80.1721496582,48017,48027,10
13.0885000229,80.171836853,48027,48037,10
13.0885000229,80.1716537476,48037,48047,10
13.0885400772,80.1713180542,48047,48088,41
13.0885400772,80.1713180542,48088,48098,10
13.0886001587,80.1710968018,48098,48108,10
13.0885801315,80.1707229614,48108,48118,10
13.0886001587,80.1702728271,48118,48128,10
13.0885896683,80.1698303223,48128,48199,71
13.0885896683,80.1698303223,48199,48209,10
13.088760376,80.1694335938,48209,48219,10
13.0891399384,80.1694412231,48219,48229,10
13.0897502899,80.1694869995,48229,48239,10
13.090760231,80.1695632935,48239,48249,10
13.0914897919,80.1696166992,48249,48259,10
13.0923404694,80.1696777344,48259,48269,10
13.0931901932,80.1697311401,48269,48279,10
13.0938596725,80.1697692871,48279,48290,11
13.0944795609,80.1697998047,48290,48300,10
13.0946903229,80.1698303223,48300,48310,10
13.0950098038,80.169883728,48310,48319,9
13.0955400467,80.1699066162,48319,48330,11
13.0965204239,80.1699523926,48330,48340,10
13.0973100662,80.1699676514,48340,48350,10
13.0980396271,80.1700210571,48350,48360,10
13.0987796783,80.1700668335,48360,48370,10
13.0995597839,80.1699676514,48370,48401,31
13.0995597839,80.1699676514,48401,48411,10
13.0995798111,80.1696624756,48411,48431,20
13.0995798111,80.1696624756,48431,48441,10
13.0992603302,80.1696090698,48441,48451,10
13.0988798141,80.1694488525,48451,48512,61
13.0985403061,80.1693572998,48512,48613,101
13.0984802246,80.1693496704,48613,48734,121
13.0984697342,80.1693191528,48734,48925,191
13.0984201431,80.1693267822,48925,49067,142
13.0983400345,80.169342041,49067,49097,30
13.0983800888,80.1693191528,49097,49127,30
13.0983800888,80.1693191528,49127,49137,10
13.098449707,80.1693496704,49137,49773,636
13.098449707,80.1693496704,49773,49783,10
13.0984401703,80.1695327759,49783,49794,11
13.0986604691,80.1696014404,49794,49803,9
13.0988302231,80.1695709229,49803,49815,12
13.0991401672,80.1695175171,49815,49853,38
13.0994997025,80.1696624756,49853,49954,101
13.0994997025,80.1696624756,49954,49964,10
13.0997104645,80.1699676514,49964,50014,50
13.0997104645,80.1699676514,50014,50027,13
13.0991401672,80.170211792,50027,50037,10
13.0986099243,80.1701812744,50037,50047,10
13.0979404449,80.1701278687,50047,50057,10
13.097410202,80.1700897217,50057,50067,10
13.0966796875,80.1700363159,50067,50077,10
13.0958900452,80.1699981689,50077,50087,10
13.0952196121,80.169921875,50087,50094,7
13.0949602127,80.169921875,50094,50107,13
13.0947904587,80.1698913574,50107,50117,10
13.0945396423,80.1698532104,50117,50128,11
13.0942602158,80.1698608398,50128,50138,10
13.0937299728,80.1698303223,50138,50148,10
13.0929298401,80.1697769165,50148,50158,10
13.0919504166,80.1697311401,50158,50168,10
13.0910301208,80.1696472168,50168,50178,10
13.0900402069,80.1696014404,50178,50188,10
13.0891704559,80.1695404053,50188,50198,10
13.088809967,80.1695632935,50198,50208,10
13.0887002945,80.1699523926,50208,50218,10
13.0886802673,80.1701812744,50218,50228,10
13.0886802673,80.1706695557,50228,50239,11
13.0886497498,80.1713485718,50239,50249,10
13.0886096954,80.1717605591,50249,50259,10
13.0885801315,80.1720733643,50259,50269,10
13.0885696411,80.1726379395,50269,50279,10
13.0885095596,80.1734695435,50279,50289,10
13.0884504318,80.1743469238,50289,50299,10
13.0883903503,80.175201416,50299,50309,10
13.0883302689,80.1762390137,50309,50319,10
13.0882797241,80.1772384644,50319,50329,10
13.0882396698,80.1780014038,50329,50339,10
13.0882101059,80.1787261963,50339,50349,10
13.0882301331,80.1792831421,50349,50370,21
13.0882301331,80.1792831421,50370,50380,10
13.0882396698,80.1795806885,50380,50390,10
13.0882396698,80.1800765991,50390,50400,10
13.0881996155,80.1809463501,50400,50410,10
13.088139534,80.181968689,50410,50420,10
13.0880804062,80.1830368042,50420,50429,9
13.0880403519,80.1840591431,50429,50440,11
13.0880002975,80.1853866577,50440,50450,10
13.0879602432,80.186416626,50450,50461,11
13.0879001617,80.1874694824,50461,50471,10
13.0878696442,80.1879806519,50471,50481,10
13.0878601074,80.1882629395,50481,50491,10
13.0878400803,80.1887817383,50491,50501,10
13.0878000259,80.1895599365,50501,50521,20
13.0878000259,80.1895599365,50521,50531,10
13.0877599716,80.1898422241,50531,50541,10
13.0877103806,80.190246582,50541,50550,9
13.0876102448,80.1908721924,50550,50560,10
13.0874900818,80.1917877197,50560,50572,12
13.087389946,80.1925888062,50572,50612,40
13.087389946,80.1925888062,50612,50622,10
13.0873403549,80.1929168701,50622,50632,10
13.0873203278,80.1934204102,50632,50642,10
13.0872898102,80.1941986084,50642,50652,10
13.0872802734,80.1951293945,50652,50662,10
13.0872497559,80.1962738037,50662,50673,11
13.0872001648,80.1975097656,50673,50683,10
13.0872097015,80.1980514526,50683,50693,10
13.0872402191,80.1982727051,50693,50703,10
13.0872802734,80.1983413696,50703,50713,10
13.0874996185,80.1984634399,50713,50723,10
13.0879497528,80.1984405518,50723,50733,10
13.0886497498,80.1984405518,50733,50743,10
13.0895395279,80.1984481812,50743,50753,10
13.090379715,80.1985321045,50753,50764,11
13.0915203094,80.1986083984,50764,50774,10
13.0925998688,80.1986236572,50774,50784,10
13.0929899216,80.1988983154,50784,50794,10
13.0929498672,80.1995162964,50794,50804,10
13.0929403305,80.2002182007,50804,50816,12
13.0929298401,80.2002868652,50816,50826,10
13.0926799774,80.2005767822,50826,50836,10
13.0921602249,80.200592041,50836,50845,9
13.0914096832,80.2005462646,50845,50856,11
13.0902996063,80.2004928589,50856,50866,10
13.089220047,80.2004470825,50866,50875,9
13.0883398056,80.2004318237,50875,50885,10
13.0876398087,80.2004394531,50885,50895,10
13.0872898102,80.2004394531,50895,50907,12
13.0869598389,80.2004394531,50907,50917,10
13.0864295959,80.2004165649,50917,50927,10
13.0858097076,80.200378418,50927,50945,18
13.0858097076,80.200378418,50945,50955,10
13.0855102539,80.2003479004,50955,50967,12
13.0853004456,80.2002029419,50967,50977,10
13.0853204727,80.1997833252,50977,50987,10
13.0853099823,80.1991195679,50987,50995,8
13.0852298737,80.1986923218,50995,51008,13
13.0845899582,80.1986465454,51008,51018,10
13.0841197968,80.1986236572,51018,51028,10
13.0837802887,80.198638916,51028,51038,10
13.0831203461,80.1985931396,51038,51078,40
13.0831203461,80.1985931396,51078,51088,10
13.0830097198,80.1985626221,51088,51098,10
13.0826597214,80.1985626221,51098,51109,11
13.0820102692,80.198600769,51109,51119,10
13.0812902451,80.198600769,51119,51129,10
13.0804300308,80.198638916,51129,51139,10
13.0794897079,80.1987228394,51139,51149,10
13.0784702301,80.1988067627,51149,51159,10
13.0773696899,80.1989822388,51159,51169,10
13.0764904022,80.1990966797,51169,51179,10
13.0755901337,80.19921875,51179,51188,9
13.0747003555,80.1995315552,51188,51199,11
13.0739803314,80.2000808716,51199,51209,10
13.073800087,80.200302124,51209,51219,10
13.0737495422,80.2003707886,51219,51230,11
13.0735702515,80.2005996704,51230,51240,10
13.0732297897,80.2010574341,51240,51250,10
13.0726604462,80.2017364502,51250,51260,10
13.0721197128,80.2023925781,51260,51270,10
13.0715303421,80.2030715942,51270,51280,10
13.0707798004,80.2039108276,51280,51290,10
13.0702104568,80.2046585083,51290,51300,10
13.0700902939,80.204826355,51300,51321,21
13.0700902939,80.204826355,51321,51331,10
13.0699996948,80.2049179077,51331,51341,10
13.0698404312,80.2050628662,51341,51351,10
13.0696201324,80.2049331665,51351,51361,10
13.0692996979,80.2049713135,51361,51371,10
13.0690002441,80.2054214478,51371,51381,10
13.0685100555,80.2054595947,51381,51391,10
13.0683202744,80.2054672241,51391,51401,10
13.0679998398,80.2054367065,51401,51543,142
13.0679998398,80.2054367065,51543,51553,10
13.0679798126,80.2051010132,51553,51563,10
13.0681400299,80.2049179077,51563,51573,10
13.0684404373,80.2048568726,51573,51583,10
13.0690402985,80.2047119141,51583,51623,40
13.0690402985,80.2047119141,51623,51633,10
13.0694599152,80.2047729492,51633,51642,9
13.0696296692,80.2048110962,51642,51653,11
13.0698699951,80.2050476074,51653,51664,11
13.069729805,80.2053222656,51664,51674,10
13.0694303513,80.2058105469,51674,51684,10
13.0689897537,80.2065200806,51684,51694,10
13.0685195923,80.2073135376,51694,51704,10
13.067990303,80.2081832886,51704,51714,10
13.0676403046,80.2087402344,51714,51724,10
13.0672502518,80.2093811035,51724,51734,10
13.0667200089,80.2099990845,51734,51744,10
13.0659704208,80.210609436,51744,51754,10
13.0650596619,80.2113418579,51754,51775,21
13.0650596619,80.2113418579,51775,51785,10
13.0648002625,80.2114181519,51785,51795,10
13.0643196106,80.2115936279,51795,51806,11
13.0635404587,80.2117080688,51806,51815,9
13.0628004074,80.2117385864,51815,51826,11
13.062040329,80.2117919922,51826,51836,10
13.060959816,80.2117080688,51836,51846,10
13.0599298477,80.2116775513,51846,51855,9
13.0590000153,80.2116394043,51855,51867,12
13.057970047,80.2116012573,51867,51877,10
13.0575704575,80.2116088867,51877,51886,9
13.0574598312,80.2115936279,51886,51897,11
13.0570497513,80.2115936279,51897,51907,10
13.056429863,80.2115783691,51907,51917,10
13.0556001663,80.2115783691,51917,51927,10
13.0548400879,80.2115631104,51927,51937,10
13.054690361,80.2115631104,51937,51946,9
13.0545301437,80.2115631104,51946,51956,10
13.0541296005,80.2116317749,51956,51967,11
13.0534296036,80.2117919922,51967,51976,9
13.0528402328,80.2119293213,51976,51988,12
13.0520000458,80.2121276855,51988,51998,10
13.0513000488,80.2121429443,51998,52006,8
13.0503396988,80.2121963501,52006,52058,52
13.0503396988,80.2121963501,52058,52068,10
13.0497198105,80.2121734619,52068,52109,41
13.0497198105,80.2121734619,52109,52119,10
13.0491695404,80.2121429443,52119,52129,10
13.0489597321,80.2121582031,52129,52139,10
13.0488996506,80.2121582031,52139,52149,10
13.0485496521,80.2121963501,52149,52159,10
13.047949791,80.2122497559,52159,52169,10
13.0471000671,80.2122879028,52169,52178,9
13.0462598801,80.212310791,52178,52189,11
13.0452404022,80.2123718262,52189,52200,11
13.0446901321,80.2124099731,52200,52270,70
13.0446901321,80.2124099731,52270,52280,10
13.0444402695,80.2122802734,52280,52290,10
13.0440702438,80.2123031616,52290,52301,11
13.0433197021,80.2123184204,52301,52311,10
13.0424804688,80.2123413086,52311,52321,10
13.0415897369,80.2123718262,52321,52331,10
13.0405197144,80.2123336792,52331,52341,10
13.0394096375,80.2123565674,52341,52351,10
13.0383901596,80.2124023438,52351,52361,10
13.0371599197,80.212348938,52361,52371,10
13.0360803604,80.2123413086,52371,52381,10
13.035200119,80.2122879028,52381,52391,10
13.0346603394,80.2122192383,52391,52401,10
13.0341501236,80.2121276855,52401,52422,21
13.0341501236,80.2121276855,52422,52432,10
13.0340099335,80.2120285034,52432,52442,10
13.0336503983,80.2119598389,52442,52452,10
13.0330295563,80.2118606567,52452,52462,10
13.0321998596,80.2117614746,52462,52472,10
13.0318698883,80.2113265991,52472,52482,10
13.031999588,80.2105865479,52482,52492,10
13.0320901871,80.2098617554,52492,52502,10
13.0318403244,80.2096405029,52502,52513,11
13.0311203003,80.2093963623,52513,52523,10
13.0302400589,80.2091369629,52523,52553,30
13.0302400589,80.2091369629,52553,52563,10
13.0300197601,80.2089996338,52563,52573,10
13.0294799805,80.2088775635,52573,52593,20
13.0294799805,80.2088775635,52593,52603,10
13.0292797089,80.2088088989,52603,52613,10
13.0287599564,80.2087020874,52613,52623,10
13.0279998779,80.2084884644,52623,52634,11
13.0271701813,80.2080688477,52634,52644,10
13.0263700485,80.2075881958,52644,52654,10
13.0254297256,80.2071075439,52654,52664,10
13.0242204666,80.2068786621,52664,52684,20
13.0242204666,80.2068786621,52684,52694,10
13.0239696503,80.2068099976,52694,52704,10
13.0236997604,80.2067108154,52704,52714,10
13.0233001709,80.2066497803,52714,52724,10
13.022600174,80.2065582275,52724,52735,11
13.0216503143,80.206451416,52735,52745,10
13.0211696625,80.2064590454,52745,52757,12
13.0203800201,80.2064285278,52757,52765,8
13.0196800232,80.2064285278,52765,52775,10
13.0189504623,80.2062988281,52775,52785,10
13.0188798904,80.2062683105,52785,52795,10
13.0187301636,80.2062301636,52795,52807,12
13.018289566,80.2060623169,52807,52817,10
13.0177297592,80.2058792114,52817,52827,10
13.0175600052,80.2058181763,52827,52837,10
13.01720047,80.2056808472,52837,52848,11
13.0166797638,80.2053604126,52848,52858,10
13.0158596039,80.2050704956,52858,52866,8
13.0152797699,80.2048873901,52866,52878,12
13.0142002106,80.2045211792,52878,52888,10
13.0135602951,80.2044372559,52888,52898,10
13.0135402679,80.2045135498,52898,52908,10
13.0134496689,80.2048416138,52908,52918,10
13.013299942,80.2053833008,52918,52926,8
13.0131196976,80.2059783936,52926,52936,10
13.0129995346,80.2068634033,52936,52946,10
13.0129003525,80.2076568604,52946,52959,13
13.0128097534,80.2079925537,52959,52969,10
13.012840271,80.2083892822,52969,52979,10
13.0128803253,80.208732605,52979,52989,10
13.0130996704,80.2092895508,52989,52999,10
13.0132198334,80.2098007202,52999,53009,10
13.0131502151,80.2104797363,53009,53019,10
13.012840271,80.211227417,53019,53029,10
13.0123596191,80.2121887207,53029,53039,10
13.0119104385,80.2127990723,53039,53049,10
13.0117101669,80.2127914429,53049,53059,10
13.011349678,80.2125015259,53059,53070,11
13.0106601715,80.2119827271,53070,53080,10
13.0100402832,80.2114562988,53080,53090,10
13.0094604492,80.2110366821,53090,53130,40
13.0092000961,80.2111129761,53130,53171,41
13.0092000961,80.2111129761,53171,53181,10
13.0089797974,80.2115097046,53181,53191,10
13.0090703964,80.2118606567,53191,53201,10
13.0092601776,80.212348938,53201,53211,10
13.0094995499,80.2130508423,53211,53221,10
13.009759903,80.2137527466,53221,53231,10
13.0100603104,80.2144699097,53231,53241,10
13.0102100372,80.2153396606,53241,53251,10
13.0104799271,80.216217041,53251,53261,10
13.0109100342,80.2171096802,53261,53271,10
13.0113201141,80.2180709839,53271,53282,11
13.0117301941,80.2191619873,53282,53291,9
13.0120096207,80.2203521729,53291,53302,11
13.0123596191,80.2215576172,53302,53312,10
13.0128498077,80.2222671509,53312,53322,10
13.013420105,80.22290802,53322,53332,10
13.0139598846,80.223449707,53332,53342,10
13.0142602921,80.223487854,53342,53352,10
13.0145902634,80.2239685059,53352,53362,10
13.0151596069,80.2248001099,53362,53373,11
13.0152397156,80.225479126,53373,53383,10
13.0148296356,80.2258377075,53383,53393,10
13.0144796371,80.2260437012,53393,53403,10
13.0141296387,80.2262115479,53403,53413,10
13.0135602951,80.2264328003,53413,53423,10
13.0128202438,80.2267532349,53423,53433,10
13.0121097565,80.2270278931,53433,53443,10
13.0113296509,80.2273178101,53443,53453,10
13.0105800629,80.2276229858,53453,53463,10
13.0098600388,80.2278900146,53463,53473,10
13.0095300674,80.2276763916,53473,53484,11
13.0095796585,80.2274398804,53484,53494,10
13.0097904205,80.2269973755,53494,53504,10
13.0100803375,80.2263031006,53504,53514,10
13.0106096268,80.225151062,53514,53534,20
13.0106096268,80.225151062,53534,53544,10
13.0108299255,80.2247619629,53544,53554,10
13.0110502243,80.2241821289,53554,53564,10
13.0113096237,80.2233886719,53564,53574,10
13.0108098984,80.2229995728,53574,53584,10
13.0101203918,80.2225875854,53584,53595,11
13.0093097687,80.2221374512,53595,53605,10
13.0084695816,80.2216720581,53605,53615,10
13.0075302124,80.2211608887,53615,53625,10
13.0065002441,80.2206726074,53625,53635,10
13.0054101944,80.2204208374,53635,53645,10
13.0042800903,80.220161438,53645,53655,10
13.0034503937,80.2200164795,53655,53665,10
13.002530098,80.2195510864,53665,53675,10
13.0019102097,80.2189102173,53675,53685,10
13.0013599396,80.2184295654,53685,53695,10
13.0006399155,80.217918396,53695,53705,10
12.9997596741,80.2173614502,53705,53716,11
12.9984903336,80.2167129517,53716,53726,10
12.9975595474,80.2164993286,53726,53736,10
12.9974298477,80.2164993286,53736,53747,11
12.9972000122,80.2164916992,53747,53758,11
12.9966697693,80.2165374756,53758,53768,10
12.995880127,80.2166900635,53768,53778,10
12.9950199127,80.2170562744,53778,53788,10
12.9943399429,80.2175521851,53788,53798,10
12.9935903549,80.2180480957,53798,53808,10
12.9927797318,80.2185974121,53808,53819,11
12.9918899536,80.2192764282,53819,53829,10
12.9912395477,80.2194976807,53829,53839,10
12.9904603958,80.2192001343,53839,53849,10
12.9895095825,80.2188415527,53849,53857,8
12.988650322,80.2185287476,53857,53869,12
12.9876203537,80.2183303833,53869,53877,8
12.9871902466,80.2182617188,53877,53889,12
12.9868602753,80.218208313,53889,53899,10
12.9867200851,80.2181777954,53899,53909,10
12.9863195419,80.2180786133,53909,53920,11
12.9853801727,80.2178878784,53920,53930,10
12.984459877,80.2179031372,53930,53940,10
12.983880043,80.2179336548,53940,53950,10
12.9837999344,80.2179031372,53950,53960,10
12.9834699631,80.2179107666,53960,53970,10
12.9828901291,80.217918396,53970,53980,10
12.9820404053,80.2179336548,53980,53990,10
12.981089592,80.2181167603,53990,54000,10
12.9800796509,80.2184829712,54000,54010,10
12.9792604446,80.2188034058,54010,54020,10
12.9787101746,80.2190322876,54020,54033,13
12.9780902863,80.21925354,54033,54043,10
12.9773101807,80.2195510864,54043,54053,10
12.9764499664,80.2199020386,54053,54063,10
12.9758300781,80.2201766968,54063,54073,10
12.9754896164,80.2204666138,54073,54083,10
12.9755601883,80.2206802368,54083,54093,10
12.9757299423,80.2207870483,54093,54144,51
12.9757299423,80.2207870483,54144,54154,10
12.9759197235,80.220993042,54154,54941,787
12.9761800766,80.2212677002,54941,54971,30
12.9761800766,80.2212677002,54971,54981,10
12.9764204025,80.2212982178,54981,54991,10
12.9766998291,80.2212600708,54991,55002,11
12.9771003723,80.2212295532,55002,55012,10
12.9775495529,80.221206665,55012,55022,10
12.9780702591,80.2211990356,55022,55032,10
12.9785404205,80.2211227417,55032,55042,10
12.9789400101,80.2210083008,55042,55052,10
12.9795799255,80.220993042,55052,55062,10
12.980099678,80.2209091187,55062,55072,10
12.9804496765,80.2209320068,55072,55082,10
12.9811897278,80.221206665,55082,55092,10
12.9813899994,80.2213516235,55092,55102,10
12.9824800491,80.2217407227,55102,55123,21
12.9824800491,80.2217407227,55123,55133,10
12.9828100204,80.2218933105,55133,55143,10
12.9830999374,80.2220993042,55143,55153,10
12.9832801819,80.2221984863,55153,55163,10
12.9834403992,80.2222976685,55163,55173,10
12.9836797714,80.222442627,55173,55183,10
12.9840297699,80.2226715088,55183,55193,10
12.9844703674,80.2229309082,55193,55203,10
12.9850597382,80.2230987549,55203,55214,11
12.9854898453,80.2229003906,55214,55224,10
12.9862003326,80.2228622437,55224,55244,20
12.9862003326,80.2228622437,55244,55254,10
12.9866504669,80.2229537964,55254,55264,10
12.9869403839,80.2230300903,55264,55274,10
12.9871997833,80.2229995728,55274,55284,10
12.9874000549,80.2230072021,55284,55294,10
12.9877099991,80.222869873,55294,55304,10
12.9880800247,80.2225265503,55304,55314,10
12.9886102676,80.2220993042,55314,55325,11
12.9892597198,80.2214584351,55325,55335,10
12.9898700714,80.2207565308,55335,55345,10
12.9903802872,80.2202835083,55345,55353,8
12.9904203415,80.2202606201,55353,55366,13
12.9907503128,80.2200775146,55366,55376,10
12.9911603928,80.2197494507,55376,55386,10
12.9914302826,80.2195587158,55386,55396,10
12.9917602539,80.2193222046,55396,55406,10
12.9923000336,80.2189407349,55406,55416,10
12.9929704666,80.218460083,55416,55426,10
12.9937295914,80.2178421021,55426,55437,11
12.9944801331,80.2173233032,55437,55447,10
12.9950895309,80.2168426514,55447,55457,10
12.9956998825,80.2165679932,55457,55467,10
12.996430397,80.2164230347,55467,55477,10
12.9968004227,80.2163772583,55477,55487,10
12.9971599579,80.2161865234,55487,55497,10
12.9974603653,80.2159576416,55497,55507,10
12.9975795746,80.215927124,55507,55517,10
12.9978303909,80.215713501,55517,55527,10
12.9982099533,80.2153930664,55527,55537,10
12.9987001419,80.2149810791,55537,55549,12
12.9991598129,80.2146224976,55549,55559,10
12.9993095398,80.2144699097,55559,55569,10
12.9996995926,80.2141265869,55569,55579,10
13.0000495911,80.2138519287,55579,55587,8
13.0003499985,80.2135620117,55587,55599,12
13.0009403229,80.2130432129,55599,55609,10
13.0013399124,80.2127227783,55609,55619,10
13.0019397736,80.2123336792,55619,55629,10
13.0025396347,80.2121124268,55629,55639,10
13.0030603409,80.2119522095,55639,55650,11
13.0034303665,80.2118225098,55650,55660,10
13.0035896301,80.2117614746,55660,55670,10
13.0036401749,80.2113723755,55670,55680,10
13.0036001205,80.2108383179,55680,55690,10
13.0035495758,80.210319519,55690,55700,10
13.003490448,80.209777832,55700,55710,10
13.0035495758,80.2091598511,55710,55720,10
13.0039300919,80.2085876465,55720,55730,10
13.0046796799,80.2089233398,55730,55740,10
13.0055799484,80.2093200684,55740,55749,9
13.0062398911,80.2095413208,55749,55761,12
13.0072698593,80.2097396851,55761,55781,20
13.0072698593,80.2097396851,55781,55791,10
13.0075397491,80.2098693848,55791,55801,10
13.0078601837,80.2099304199,55801,55811,10
13.0080604553,80.2097015381,55811,55821,10
13.0079698563,80.2091369629,55821,55831,10
13.0078697205,80.2083435059,55831,55841,10
13.0077295303,80.2073669434,55841,55851,10
13.0075702667,80.2062835693,55851,55862,11
13.0074701309,80.2051315308,55862,55872,10
13.0074596405,80.2041625977,55872,55882,10
13.007349968,80.2033081055,55882,55892,10
13.0070199966,80.2025527954,55892,55902,10
13.006480217,80.2029037476,55902,55912,10
13.006819725,80.2033462524,55912,55922,10
13.0072898865,80.2035827637,55922,55932,10
13.0080003738,80.2037124634,55932,55942,10
13.0089502335,80.2036590576,55942,55952,10
13.0101499557,80.2035903931,55952,55962,10
13.0114898682,80.2036819458,55962,55973,11
13.0129804611,80.2039108276,55973,55983,10
13.0136899948,80.2041625977,55983,55993,10
13.0139703751,80.204246521,55993,56003,10
13.0150003433,80.2045898438,56003,56023,20
13.0150003433,80.2045898438,56023,56033,10
13.0152597427,80.2046203613,56033,56043,10
13.0157299042,80.204826355,56043,56053,10
13.0160303116,80.205116272,56053,56063,10
13.0163202286,80.2053222656,56063,56073,10
13.0167703629,80.2052001953,56073,56084,11
13.0176897049,80.2054595947,56084,56094,10
13.0180597305,80.205581665,56094,56104,10
13.0185604095,80.2057876587,56104,56114,10
13.0190095901,80.2059783936,56114,56124,10
13.0196199417,80.206161499,56124,56134,10
13.0205202103,80.2062301636,56134,56144,10
13.0213603973,80.2062301636,56144,56154,10
13.021900177,80.2062911987,56154,56164,10
13.0223903656,80.2064208984,56164,56173,9
13.0228500366,80.2064971924,56173,56185,12
13.023850441,80.2066421509,56185,56194,9
13.0240802765,80.2066879272,56194,56205,11
13.024430275,80.2067184448,56205,56215,10
13.0247898102,80.2067871094,56215,56225,10
13.0254001617,80.2069168091,56225,56235,10
13.0262498856,80.2073287964,56235,56245,10
13.0270700455,80.2078399658,56245,56254,9
13.0279102325,80.2083282471,56254,56265,11
13.0286598206,80.2085723877,56265,56275,10
13.0289001465,80.2085571289,56275,56285,10
13.0292100906,80.2086715698,56285,56296,11
13.0295600891,80.2087936401,56296,56306,10
13.02987957,80.2088928223,56306,56316,10
13.0301504135,80.2089691162,56316,56326,10
13.0307102203,80.2091522217,56326,56336,10
13.031419754,80.2093429565,56336,56346,10
13.0316295624,80.2093887329,56346,56356,10
13.0319004059,80.2095108032,56356,56366,10
13.0322904587,80.2095870972,56366,56376,10
13.0328798294,80.2096633911,56376,56386,10
13.0335197449,80.2097091675,56386,56396,10
13.0345497131,80.2099685669,56396,56407,11
13.0349798203,80.2104721069,56407,56417,10
13.0349397659,80.2113189697,56417,56437,20
13.0349397659,80.2113189697,56437,56447,10
13.034910202,80.2119064331,56447,56467,20
13.034910202,80.2119064331,56467,56477,10
13.0348901749,80.212020874,56477,56487,10
13.0351400375,80.2121810913,56487,56497,10
13.0355501175,80.2122497559,56497,56508,11
13.0363998413,80.212310791,56508,56518,10
13.037150383,80.2122497559,56518,56528,10
13.0380401611,80.212272644,56528,56538,10
13.0389404297,80.2122192383,56538,56548,10
13.0399904251,80.2121200562,56548,56558,10
13.0409002304,80.212059021,56558,56569,11
13.0416698456,80.2118911743,56569,56579,10
13.0427999496,80.2119903564,56579,56588,9
13.043970108,80.2122421265,56588,56650,62
13.043970108,80.2122421265,56650,56660,10
13.0441303253,80.2121810913,56660,56670,10
13.0444898605,80.2122421265,56670,56680,10
13.0451002121,80.2122268677,56680,56690,10
13.0458602905,80.2121429443,56690,56700,10
13.0468301773,80.2120819092,56700,56710,10
13.0476903915,80.2120437622,56710,56721,11
13.0484399796,80.2119979858,56721,56729,8
13.04845047,80.212020874,56729,56741,12
13.0486497879,80.2119903564,56741,56751,10
13.0491199493,80.2119522095,56751,56761,10
13.0498199463,80.2119598389,56761,56781,20
13.0498199463,80.2119598389,56781,56791,10
13.0501098633,80.2119369507,56791,56801,10
13.0503902435,80.2119293213,56801,56811,10
13.0507097244,80.2119827271,56811,56821,10
13.0516300201,80.2119522095,56821,56832,11
13.0528802872,80.2117462158,56832,56842,10
13.0539903641,80.2115478516,56842,56852,10
13.054980278,80.2113037109,56852,56862,10
13.0561199188,80.2113571167,56862,56872,10
13.0572299957,80.2113037109,56872,56882,10
13.0576400757,80.2113723755,56882,56892,10
13.057800293,80.2113876343,56892,56902,10
13.0582103729,80.2115402222,56902,56912,10
13.0589103699,80.2115402222,56912,56922,10
13.0597600937,80.2115097046,56922,56932,10
13.0607795715,80.2115707397,56932,56943,11
13.0619497299,80.2116012573,56943,56953,10
13.0629796982,80.2116622925,56953,56963,10
13.0633897781,80.211517334,56963,56973,10
13.0635299683,80.2115097046,56973,56983,10
13.0637598038,80.2115402222,56983,56993,10
13.0641202927,80.211517334,56993,57003,10
13.0647802353,80.2112808228,57003,57013,10
13.0655403137,80.2107391357,57013,57023,10
13.066280365,80.2100982666,57023,57033,10
13.0669803619,80.2092971802,57033,57044,11
13.0673704147,80.2086410522,57044,57054,10
13.067700386,80.2081298828,57054,57064,10
13.0681800842,80.2074584961,57064,57074,10
13.0686903,80.2066879272,57074,57084,10
13.0692300797,80.2058563232,57084,57094,10
13.0696496964,80.2049789429,57094,57114,20
13.0696496964,80.2049789429,57114,57124,10
13.069560051,80.2048492432,57124,57134,10
13.0693502426,80.2048416138,57134,57144,10
13.0691795349,80.2051467896,57144,57155,11
13.0688695908,80.205368042,57155,57165,10
13.068810463,80.2050933838,57165,57195,30
13.068810463,80.2050933838,57195,57205,10
13.0687503815,80.2049179077,57205,57215,10
13.0689697266,80.2046966553,57215,57245,30
13.0689697266,80.2046966553,57245,57255,10
13.0691795349,80.2046966553,57255,57266,11
13.0695199966,80.2047576904,57266,57276,10
13.0698099136,80.2048110962,57276,57286,10
13.0701799393,80.2044067383,57286,57296,10
13.0707101822,80.2037582397,57296,57306,10
13.0713396072,80.2030181885,57306,57316,10
13.0719604492,80.2023010254,57316,57326,10
13.072429657,80.2017974854,57326,57336,10
13.0729799271,80.2011795044,57336,57346,10
13.073340416,80.2007598877,57346,57366,20
13.073340416,80.2007598877,57366,57377,11
13.0735301971,80.2005996704,57377,57387,10
13.073800087,80.2002487183,57387,57397,10
13.0742101669,80.1997909546,57397,57407,10
13.0743598938,80.1996383667,57407,57417,10
13.0744695663,80.1995162964,57417,57427,10
13.0747804642,80.1992797852,57427,57437,10
13.0753898621,80.1991424561,57437,57447,10
13.0761899948,80.1990737915,57447,57457,10
13.0771198273,80.1989898682,57457,57466,9
13.0780200958,80.1988830566,57466,57478,12
13.0792102814,80.1987609863,57478,57488,10
13.0798797607,80.1987228394,57488,57498,10
13.0805702209,80.198638916,57498,57508,10
13.0812902451,80.1985778809,57508,57518,10
13.0821399689,80.1985015869,57518,57528,10
13.0830402374,80.1985015869,57528,57538,10
13.0836400986,80.1984786987,57538,57548,10
13.0840501785,80.1984863281,57548,57558,10
13.0845003128,80.1985092163,57558,57568,10
13.0849504471,80.1985015869,57568,57578,10
13.0853099823,80.198387146,57578,57589,11
13.0857801437,80.1984405518,57589,57600,11
13.0865297318,80.1984100342,57600,57610,10
13.0869102478,80.1984176636,57610,57620,10
13.0870895386,80.198097229,57620,57640,20
13.0870895386,80.198097229,57640,57650,10
13.0871696472,80.1977310181,57650,57660,10
13.0871801376,80.1971969604,57660,57670,10
13.0872001648,80.1964035034,57670,57680,10
13.0872001648,80.1955108643,57680,57691,11
13.087220192,80.1945419312,57691,57701,10
13.0872402191,80.1930999756,57701,57741,40
13.0872402191,80.1930999756,57741,57751,10
13.0872802734,80.1929321289,57751,57761,10
13.0873203278,80.1925506592,57761,57771,10
13.0874004364,80.1919784546,57771,57781,10
13.0874795914,80.191192627,57781,57791,10
13.0875997543,80.1902389526,57791,57802,11
13.0876998901,80.189163208,57802,57812,10
13.0876998901,80.1886520386,57812,57822,10
13.0877199173,80.1882476807,57822,57862,40
13.0877199173,80.1882476807,57862,57872,10
13.0877599716,80.1880874634,57872,57882,10
13.087770462,80.1877288818,57882,57892,10
13.0878095627,80.1870422363,57892,57903,11
13.0878295898,80.186088562,57903,57913,10
13.0878601074,80.1853179932,57913,57923,10
13.0879096985,80.1846389771,57923,57933,10
13.0879201889,80.1837310791,57933,57943,10
13.0879602432,80.1826934814,57943,57953,10
13.0880203247,80.1816177368,57953,57963,10
13.0880403519,80.1804962158,57963,57973,10
13.0880203247,80.1797103882,57973,57983,10
13.0880403519,80.1794662476,57983,57993,10
13.088060379,80.179069519,57993,58003,10
13.0880498886,80.1788330078,58003,58014,11
13.0880699158,80.178527832,58014,58024,10
13.0880899429,80.1779174805,58024,58034,10
13.0881099701,80.1770706177,58034,58044,10
13.0881900787,80.1761016846,58044,58054,10
13.0882797241,80.1749725342,58054,58064,10
13.0883598328,80.174041748,58064,58074,10
13.0884304047,80.1729888916,58074,58084,10
13.088470459,80.1719894409,58084,58094,10
13.0884799957,80.1718215942,58094,58104,10
13.0885095596,80.17162323,58104,58114,10
13.0885295868,80.1711120605,58114,58125,11
13.0885801315,80.1704483032,58125,58135,10
13.0886001587,80.1700820923,58135,58145,10
13.0886898041,80.1695404053,58145,58155,10
13.0889997482,80.1695327759,58155,58165,10
13.0895996094,80.1695785522,58165,58175,10
13.0903902054,80.1696395874,58175,58185,10
13.0914497375,80.1696777344,58185,58195,10
13.0917396545,80.1697235107,58195,58205,10
13.0920600891,80.1697387695,58205,58215,10
13.092590332,80.1697998047,58215,58225,10
13.093290329,80.1697998047,58225,58236,11
13.0941095352,80.1699829102,58236,58246,10
13.0944499969,80.1699829102,58246,58256,10
13.0948095322,80.1699066162,58256,58266,10
13.0952196121,80.1698913574,58266,58276,10
13.0959196091,80.1699295044,58276,58286,10
13.0969104767,80.1700515747,58286,58296,10
13.0978803635,80.1701431274,58296,58306,10
13.0987501144,80.1701812744,58306,58316,10
13.0994997025,80.1702194214,58316,58326,10
13.0996303558,80.169921875,58326,58337,11
13.0995197296,80.1697311401,58337,58357,20
13.0995197296,80.1697311401,58357,58367,10
13.099360466,80.1699066162,58367,58448,81
13.099240303,80.1700134277,58448,59215,767
13.099360466,80.1702194214,59215,59427,212
13.099360466,80.1702194214,59427,59437,10
13.0990600586,80.1702880859,59437,59447,10
13.0987701416,80.1702728271,59447,59457,10
13.0983495712,80.1702423096,59457,59467,10
13.0978603363,80.1701889038,59467,59477,10
13.097319603,80.1701507568,59477,59487,10
13.0967197418,80.1701202393,59487,59497,10
13.0960798264,80.1700668335,59497,59507,10
13.0949296951,80.1699981689,59507,59538,31
13.0949296951,80.1699981689,59538,59548,10
13.0945396423,80.1699523926,59548,59558,10
13.0942401886,80.169921875,59558,59568,10
13.0937795639,80.1698989868,59568,59578,10
13.0931596756,80.1698684692,59578,59588,10
13.0924901962,80.1698303223,59588,59598,10
13.0917701721,80.1697769165,59598,59608,10
13.0910596848,80.1697311401,59608,59618,10
13.090259552,80.1696777344,59618,59627,9
13.0895395279,80.1696395874,59627,59639,12
13.0889396667,80.1696014404,59639,59709,70
13.0889396667,80.1696014404,59709,59719,10
13.0887098312,80.1696929932,59719,59729,10
13.0887298584,80.1700973511,59729,59742,13
13.0887002945,80.1709365845,59742,59752,10
13.0886697769,80.1716690063,59752,59762,10
13.0886297226,80.1720123291,59762,59772,10
13.0886096954,80.1721572876,59772,59782,10
13.0886096954,80.1725463867,59782,59792,10
13.0885801315,80.1731414795,59792,59802,10
13.0885295868,80.1738586426,59802,59812,10
13.08852005,80.1742630005,59812,59822,10
13.0884599686,80.1745910645,59822,59832,10
13.0884304047,80.1751098633,59832,59842,10
13.0883903503,80.1757965088,59842,59853,11
13.0882997513,80.1770324707,59853,59873,20
13.0882997513,80.1770324707,59873,59883,10
13.0882902145,80.1773376465,59883,59893,10
13.0882997513,80.1778564453,59893,59903,10
13.0883197784,80.1784896851,59903,59913,10
13.0882997513,80.1786422729,59913,59923,10
13.0882902145,80.1787872314,59923,59933,10
13.0882797241,80.1795120239,59933,59984,51
13.0882797241,80.1795120239,59984,59994,10
13.0882501602,80.1798019409,59994,60004,10
13.0882797241,80.1802902222,60004,60014,10
13.0882396698,80.1810684204,60014,60024,10
13.0881900787,80.1819610596,60024,60034,10
13.088139534,80.1828384399,60034,60044,10
13.0880899429,80.1837997437,60044,60054,10
13.0880298615,80.1853866577,60054,60085,31
13.0880298615,80.1853866577,60085,60095,10
13.0879802704,80.1856994629,60095,60105,10
13.0879802704,80.1862182617,60105,60115,10
13.0879602432,80.18699646,60115,60125,10
13.08796978,80.1878433228,60125,60135,10
13.0879602432,80.1881790161,60135,60145,10
13.0879297256,80.1883392334,60145,60155,10
13.0879096985,80.1887130737,60155,60165,10
13.0879001617,80.1892776489,60165,60176,11
13.0878400803,80.1898803711,60176,60196,20
13.0878400803,80.1898803711,60196,60206,10
13.0877599716,80.190246582,60206,60216,10
13.0876903534,80.1907577515,60216,60226,10
13.0875902176,80.1914291382,60226,60236,10
13.0874500275,80.1923675537,60236,60266,30
13.0874500275,80.1923675537,60266,60276,10
13.0874004364,80.192527771,60276,60287,11
13.087389946,80.1930084229,60287,60297,10
13.0873699188,80.1937026978,60297,60307,10
13.0873603821,80.1945800781,60307,60317,10
13.0873403549,80.1955108643,60317,60327,10
13.0873203278,80.1964416504,60327,60337,10
13.0872898102,80.1972503662,60337,60347,10
13.087269783,80.1976165771,60347,60357,10
13.0872602463,80.1979293823,60357,60367,10
13.0872402191,80.1980895996,60367,60376,9
13.0873003006,80.1984481812,60376,60388,12
13.0875597,80.1985778809,60388,60398,10
13.088060379,80.1984863281,60398,60408,10
13.0886898041,80.198387146,60408,60418,10
13.0893297195,80.1984405518,60418,60428,10
13.0899295807,80.1985015869,60428,60438,10
13.0906801224,80.1985626221,60438,60448,10
13.0914402008,80.1986236572,60448,60458,10
13.0922803879,80.1986312866,60458,60468,10
13.0929498672,80.1986465454,60468,60478,10
13.093000412,80.1990280151,60478,60488,10
13.0929899216,80.1996536255,60488,60499,11
13.0929498672,80.2001419067,60499,60519,20
13.0929498672,80.2001419067,60519,60529,10
13.0929498672,80.2003631592,60529,60539,10
13.0929403305,80.200592041,60539,60549,10
13.0927600861,80.200668335,60549,60559,10
13.0923404694,80.2006530762,60559,60569,10
13.0917301178,80.2006378174,60569,60579,10
13.0909204483,80.2006072998,60579,60589,10
13.090089798,80.2005691528,60589,60599,10
13.0891103745,80.2005462646,60599,60610,11
13.0879001617,80.2005004883,60610,60620,10
13.0870800018,80.2004623413,60620,60630,10
13.0866603851,80.2004318237,60630,60640,10
13.0860204697,80.2004089355,60640,60650,10
13.0855903625,80.2003707886,60650,60660,10
13.0853500366,80.2002868652,60660,60672,12
13.0853204727,80.1997680664,60672,60682,10
13.0853099823,80.1991577148,60682,60692,10
13.0851802826,80.1987533569,60692,60702,10
13.084980011,80.1987304688,60702,60713,11
13.0844497681,80.1986999512,60713,60723,10
13.0842695236,80.1986923218,60723,60733,10
13.0840501785,80.198677063,60733,60743,10
13.0836400986,80.198677063,60743,60753,10
13.0830202103,80.1986923218,60753,60813,60
13.0830202103,80.1986923218,60813,60824,11
13.0827598572,80.1986694336,60824,60834,10
13.0824604034,80.1986618042,60834,60844,10
13.0819396973,80.1986923218,60844,60854,10
13.0815496445,80.198677063,60854,60864,10
13.0810003281,80.1986999512,60864,60874,10
13.0801401138,80.1987380981,60874,60884,10
13.0792503357,80.1988067627,60884,60894,10
13.0782604218,80.1989135742,60894,60904,10
13.077170372,80.1990509033,60904,60914,10
13.0760202408,80.199180603,60914,60924,10
13.0748596191,80.1994628906,60924,60935,11
13.0739202499,80.2001800537,60935,60945,10
13.0738201141,80.2003097534,60945,60955,10
13.0737600327,80.2003479004,60955,60965,10
13.07351017,80.2006607056,60965,60975,10
13.0730800629,80.2011871338,60975,60985,10
13.0726099014,80.2017669678,60985,60995,10
13.072520256,80.2018890381,60995,61005,10
13.0723896027,80.2020187378,61005,61015,10
13.0720701218,80.2023391724,61015,61025,10
13.0716104507,80.2028427124,61025,61036,11
13.070980072,80.2035675049,61036,61046,10
13.0703601837,80.2043075562,61046,61056,10
13.0700998306,80.2046890259,61056,61066,10
13.0699901581,80.2048797607,61066,61096,30
13.0699901581,80.2048797607,61096,61106,10
13.0698795319,80.2050476074,61106,61116,10
13.0697498322,80.2050323486,61116,61126,10
13.0694704056,80.2048797607,61126,61135,9
13.0687799454,80.2054595947,61135,61147,12
13.0687799454,80.2054595947,61147,61157,10
13.0685100555,80.2054672241,61157,61165,8
13.0682897568,80.2049331665,61165,61237,72
13.0682897568,80.2049331665,61237,61257,20
13.0688295364,80.204750061,61257,61268,11
13.068980217,80.2047195435,61268,61278,10
13.0693101883,80.2047195435,61278,61308,30
13.0693101883,80.2047195435,61308,61318,10
13.0696697235,80.204788208,61318,61348,30
13.0696697235,80.204788208,61348,61359,11
13.0698900223,80.2051391602,61359,61369,10
13.0696296692,80.2055511475,61369,61379,10
13.0692396164,80.2061462402,61379,61389,10
13.0687799454,80.2068786621,61389,61399,10
13.0682296753,80.2077407837,61399,61409,10
13.06772995,80.2085876465,61409,61419,10
13.0676298141,80.2087631226,61419,61429,10
13.067440033,80.2090606689,61429,61439,10
13.0670995712,80.209602356,61439,61449,10
13.0665197372,80.2102127075,61449,61459,10
13.0657701492,80.2108230591,61459,61470,11
13.065079689,80.2113494873,61470,61480,10
13.065030098,80.2113876343,61480,61490,10
13.064789772,80.211479187,61490,61500,10
13.0643100739,80.2116622925,61500,61510,10
13.063750267,80.211769104,61510,61530,20
13.063750267,80.211769104,61530,61540,10
13.0634202957,80.2117767334,61540,61550,10
13.0629396439,80.2117996216,61550,61560,10
13.0622396469,80.2117919922,61560,61571,11
13.0614204407,80.211769104,61571,61581,10
13.0604000092,80.2117767334,61581,61591,10
13.0593900681,80.2117462158,61591,61601,10
13.0584402084,80.2116775513,61601,61611,10
13.0576696396,80.2116622925,61611,61621,10
13.0575895309,80.2116622925,61621,61631,10
13.057299614,80.2116394043,61631,61641,10
13.0568304062,80.2116317749,61641,61651,10
13.0561704636,80.2116088867,61651,61661,10
13.0553703308,80.2116317749,61661,61671,10
13.0548000336,80.2116317749,61671,61682,11
13.054400444,80.2116622925,61682,61692,10
13.0539197922,80.2117614746,61692,61702,10
13.0532398224,80.2119216919,61702,61712,10
13.0524196625,80.2121276855,61712,61722,10
13.0518198013,80.2122421265,61722,61732,10
13.0511798859,80.2122192383,61732,61752,20
13.0511798859,80.2122192383,61752,61762,10
13.0508403778,80.2121582031,61762,61772,10
13.0502300262,80.2121582031,61772,61782,10
13.0497198105,80.2121582031,61782,61803,21
13.0497198105,80.2121582031,61803,61813,10
13.0495700836,80.2121505737,61813,61823,10
13.0491800308,80.2121505737,61823,61833,10
13.0485801697,80.2121887207,61833,61843,10
13.0478696823,80.2122879028,61843,61853,10
13.0469799042,80.212348938,61853,61863,10
13.0459899902,80.2124023438,61863,61873,10
13.0452804565,80.2124404907,61873,61883,10
13.0451698303,80.2124710083,61883,61894,11
13.045009613,80.2124633789,61894,61904,10
13.044670105,80.2124481201,61904,61914,10
13.0442695618,80.2124404907,61914,61924,10
13.0436096191,80.2124481201,61924,61934,10
13.0427598953,80.2124633789,61934,61944,10
13.0418195724,80.2124099731,61944,61954,10
13.0408096313,80.2124099731,61954,61964,10
13.0397901535,80.2124404907,61964,61974,10
13.0387601852,80.2124099731,61974,61984,10
13.0376596451,80.212387085,61984,62075,91
13.0376596451,80.212387085,62075,62085,10
13.0373001099,80.2124023438,62085,62095,10
13.0368404388,80.2123794556,62095,62105,10
13.0361003876,80.2123718262,62105,62116,11
13.0350799561,80.2123336792,62116,62136,20
13.0350799561,80.2123336792,62136,62146,10
13.034910202,80.2122497559,62146,62156,10
13.0346498489,80.2122116089,62156,62166,10
13.0343904495,80.2121582031,62166,62176,10
13.0341796875,80.2121276855,62176,62196,20
13.0341796875,80.2121276855,62196,62206,10
13.034040451,80.2120895386,62206,62217,11
13.0337600708,80.2120437622,62217,62227,10
13.0333499908,80.2119598389,62227,62237,10
13.0327596664,80.2118377686,62237,62247,10
13.0321397781,80.2117385864,62247,62257,10
13.0319900513,80.2114028931,62257,62267,10
13.0320596695,80.2108764648,62267,62277,10
13.0320796967,80.2101821899,62277,62287,10
13.0320301056,80.2097930908,62287,62297,10
13.0316896439,80.2096405029,62297,62307,10
13.031080246,80.2094573975,62307,62317,10
13.0302801132,80.2092132568,62317,62328,11
13.0295801163,80.2090072632,62328,62338,10
13.0295200348,80.2089691162,62338,62348,10
13.0294704437,80.2089233398,62348,62358,10
13.0290899277,80.2088088989,62358,62368,10
13.028459549,80.2086410522,62368,62378,10
13.0277204514,80.2083969116,62378,62388,10
13.0270004272,80.2079772949,62388,62398,10
13.0262002945,80.2074890137,62398,62408,10
13.0251598358,80.2070388794,62408,62417,9
13.0243196487,80.2069320679,62417,62428,11
13.0241603851,80.2068862915,62428,62439,11
13.0239295959,80.2068099976,62439,62449,10
13.0235500336,80.2067108154,62449,62459,10
13.0230903625,80.2066574097,62459,62469,10
13.0223302841,80.20652771,62469,62479,10
13.0215196609,80.2064666748,62479,62489,10
13.0206403732,80.2064971924,62489,62497,8
13.0198898315,80.2064971924,62497,62509,12
13.0189399719,80.2063293457,62509,62540,31
13.0189399719,80.2063293457,62540,62550,10
13.0187902451,80.2061462402,62550,62560,10
13.0183897018,80.2060089111,62560,62570,10
13.0177402496,80.2057800293,62570,62580,10
13.0171003342,80.2055282593,62580,62590,10
13.0166301727,80.205368042,62590,62600,10
13.0156803131,80.205116272,62600,62610,10
13.0147600174,80.2048110962,62610,62620,10
13.0138597488,80.204498291,62620,62630,10
13.0135297775,80.2046508789,62630,62640,10
13.0135002136,80.204750061,62640,62651,11
13.0134496689,80.2049407959,62651,62661,10
13.0133199692,80.2053985596,62661,62671,10
13.0131597519,80.2060394287,62671,62681,10
13.0130395889,80.2068634033,62681,62691,10
13.0129499435,80.207649231,62691,62701,10
13.0128602982,80.2080383301,62701,62711,10
13.0128202438,80.2085418701,62711,62721,10
13.0128602982,80.2088623047,62721,62731,10
13.0129899979,80.2093963623,62731,62740,9
13.0132102966,80.2098312378,62740,62782,42
13.0132102966,80.2098312378,62782,62792,10
13.0132102966,80.2100219727,62792,62802,10
13.0131702423,80.2103729248,62802,62812,10
13.0130796432,80.2108917236,62812,62822,10
13.0128002167,80.2114868164,62822,62832,10
13.0125303268,80.2119674683,62832,62842,10
13.012169838,80.2125396729,62842,62852,10
13.011879921,80.2128982544,62852,62863,11
13.0116796494,80.2128295898,62863,62873,10
13.0113201141,80.2125396729,62873,62883,10
13.0108003616,80.2121429443,62883,62893,10
13.0103397369,80.2117462158,62893,62903,10
13.0100498199,80.2115020752,62903,62913,10
13.0098400116,80.2113494873,62913,62923,10
13.0095796585,80.2111282349,62923,62963,40
13.0095796585,80.2111282349,62963,62974,11
13.009180069,80.2112884521,62974,62984,10
13.0091199875,80.2113800049,62984,62994,10
13.0090303421,80.2115402222,62994,63004,10
13.0090904236,80.2118377686,63004,63014,10
13.0092401505,80.212348938,63014,63024,10
13.0094804764,80.2129974365,63024,63034,10
13.0097398758,80.2136917114,63034,63044,10
13.010020256,80.2143783569,63044,63054,10
13.0101995468,80.215057373,63054,63063,9
13.0102996826,80.2157669067,63063,63075,12
13.0107498169,80.2167892456,63075,63085,10
13.0111703873,80.2176895142,63085,63095,10
13.0115003586,80.2186279297,63095,63105,10
13.0118198395,80.2196884155,63105,63115,10
13.012140274,80.2207336426,63115,63125,10
13.0123500824,80.2214584351,63125,63135,10
13.0125102997,80.221786499,63135,63145,10
13.0129003525,80.2222900391,63145,63155,10
13.0133104324,80.2227172852,63155,63165,10
13.0137701035,80.2232589722,63165,63175,10
13.0141000748,80.2236785889,63175,63186,11
13.0144100189,80.2240066528,63186,63196,10
13.0149402618,80.2246170044,63196,63206,10
13.0153999329,80.2251434326,63206,63216,10
13.0154495239,80.2256011963,63216,63226,10
13.015250206,80.2258682251,63226,63236,10
13.014840126,80.226020813,63236,63246,10
13.0142602921,80.2262420654,63246,63256,10
13.013759613,80.2264404297,63256,63266,10
13.0131196976,80.2266998291,63266,63276,10
13.0124101639,80.2269897461,63276,63287,11
13.0116300583,80.2272872925,63287,63297,10
13.010840416,80.2276000977,63297,63307,10
13.0100603104,80.227897644,63307,63317,10
13.0095396042,80.2278900146,63317,63327,10
13.0095396042,80.2275009155,63327,63337,10
13.0097904205,80.2270126343,63337,63347,10
13.0100603104,80.2263183594,63347,63357,10
13.0103702545,80.225730896,63357,63367,10
13.0106096268,80.2249984741,63367,63377,10
13.0109500885,80.2243499756,63377,63387,10
13.0111303329,80.2238693237,63387,63398,11
13.0112400055,80.2233505249,63398,63408,10
13.0106801987,80.2230072021,63408,63418,10
13.0100498199,80.2225875854,63418,63428,10
13.0094404221,80.2222213745,63428,63438,10
13.0089101791,80.2219390869,63438,63448,10
13.0083599091,80.2216110229,63448,63458,10
13.0077104568,80.2212600708,63458,63468,10
13.0076398849,80.221206665,63468,63478,10
13.0073299408,80.2210235596,63478,63488,10
13.0068998337,80.2208023071,63488,63498,10
13.0061998367,80.2205810547,63498,63509,11
13.0052604675,80.2203903198,63509,63519,10
13.0045204163,80.2202224731,63519,63529,10
13.0037403107,80.2200622559,63529,63539,10
13.0030002594,80.2198486328,63539,63549,10
13.0023403168,80.2194137573,63549,63559,10
13.0018596649,80.2189483643,63559,63569,10
13.0013599396,80.2185211182,63569,63579,10
13.0006599426,80.2180023193,63579,63589,10
12.9999599457,80.2175216675,63589,63599,10
12.9991703033,80.2170791626,63599,63610,11
12.9981803894,80.2166366577,63610,63620,10
12.997469902,80.2165527344,63620,63630,10
12.9974498749,80.2165374756,63630,63640,10
12.9972200394,80.216506958,63640,63650,10
12.9967603683,80.2165374756,63650,63660,10
12.9960603714,80.2166976929,63660,63670,10
12.9952898026,80.2169799805,63670,63680,10
12.9949703217,80.2171707153,63680,63690,10
12.9946403503,80.2173919678,63690,63700,10
12.9942598343,80.2176895142,63700,63710,10
12.9936704636,80.2181091309,63710,63721,11
12.992939949,80.2186431885,63721,63731,10
12.9921798706,80.2191772461,63731,63741,10
12.9916296005,80.2195587158,63741,63751,10
12.9914197922,80.2196273804,63751,63761,10
12.9910001755,80.2194900513,63761,63771,10
12.9909801483,80.2194671631,63771,63781,10
12.9906902313,80.2193374634,63781,63791,10
12.9902000427,80.2191696167,63791,63801,10
12.9894504547,80.2189102173,63801,63811,10
12.9885597229,80.2186126709,63811,63822,11
12.9876403809,80.2183990479,63822,63832,10
12.9870004654,80.2182998657,63832,63842,10
12.9869098663,80.2182769775,63842,63852,10
12.9866600037,80.2182312012,63852,63862,10
12.9861402512,80.2181015015,63862,63872,10
12.9853096008,80.217956543,63872,63882,10
12.9846096039,80.2179794312,63882,63892,10
12.9841499329,80.2180023193,63892,63902,10
12.9840297699,80.2180023193,63902,63912,10
12.9839696884,80.2180175781,63912,63922,10
12.9835996628,80.2180099487,63922,63933,11
12.9829101563,80.2180023193,63933,63943,10
12.9822902679,80.2180023193,63943,63953,10
12.9816198349,80.2180480957,63953,63963,10
12.980799675,80.2182769775,63963,63973,10
12.9800701141,80.2185516357,63973,63983,10
12.9794502258,80.2188110352,63983,63993,10
12.9788503647,80.219039917,63993,64003,10
12.9785604477,80.2191619873,64003,64013,10
12.9780797958,80.2193603516,64013,64023,10
12.9773797989,80.2196502686,64023,64033,10
12.9765501022,80.2200012207,64033,64044,11
12.9757604599,80.2203521729,64044,64064,20
12.9757604599,80.2203521729,64064,64074,10
12.975569725,80.2203826904,64074,64084,10
12.9754600525,80.2206802368,64084,64094,10
12.9756097794,80.2207794189,64094,64104,10
12.9758701324,80.2209472656,64104,64558,454
12.9760103226,80.2211914063,64558,65285,727
12.9760103226,80.2211914063,65285,65295,10
12.9764003754,80.221321106,65295,65305,10
12.976770401,80.2213287354,65305,65315,10
12.9772100449,80.2213134766,65315,65325,10
12.9777202606,80.221282959,65325,65336,11
12.9782800674,80.2212219238,65336,65346,10
12.978770256,80.2211914063,65346,65356,10
12.9792499542,80.2211303711,65356,65366,10
12.9797401428,80.2210998535,65366,65376,10
12.9803800583,80.2210388184,65376,65386,10
12.9809598923,80.2210388184,65386,65396,10
12.9814195633,80.2212600708,65396,65406,10
12.9815702438,80.2213668823,65406,65416,10
12.9819002151,80.2216186523,65416,65426,10
12.982339859,80.2218170166,65426,65437,11
12.9830198288,80.2220230103,65437,65457,20
12.9830198288,80.2220230103,65457,65467,10
12.9834003448,80.2222824097,65467,65487,20
12.9834003448,80.2222824097,65487,65497,10
12.9836797714,80.2224884033,65497,65507,10
12.9840602875,80.2227172852,65507,65517,10
12.9844303131,80.2229766846,65517,65527,10
12.9849100113,80.2232284546,65527,65537,10
12.9853496552,80.2233734131,65537,65548,11
12.9854803085,80.2232971191,65548,65558,10
12.9858398438,80.2230834961,65558,65568,10
12.9865102768,80.2230224609,65568,65588,20
12.9865102768,80.2230224609,65588,65598,10
12.9867897034,80.2230529785,65598,65608,10
12.9870195389,80.2230911255,65608,65618,10
12.9873600006,80.2231292725,65618,65628,10
12.9879102707,80.2229919434,65628,65638,10
12.9883899689,80.2226333618,65638,65649,11
12.9888896942,80.2221603394,65649,65659,10
12.9892301559,80.221786499,65659,65669,10
12.9895095825,80.2213363647,65669,65679,10
12.9900598526,80.2207565308,65679,65689,10
12.990480423,80.2203979492,65689,65699,10
12.9905099869,80.2203903198,65699,65709,10
12.9906997681,80.2202301025,65709,65719,10
12.9913797379,80.2197189331,65719,65749,30
12.9913797379,80.2197189331,65749,65760,11
12.9914999008,80.2196426392,65760,65770,10
12.9917602539,80.2194595337,65770,65780,10
12.992190361,80.2191467285,65780,65790,10
12.992770195,80.2187423706,65790,65800,10
12.9933996201,80.2182693481,65800,65810,10
12.9939804077,80.2178573608,65810,65820,10
12.9944696426,80.2174987793,65820,65830,10
12.9950304031,80.2171020508,65830,65840,10
12.9956598282,80.2167816162,65840,65850,10
12.9963703156,80.216583252,65850,65860,10
12.9970903397,80.2164764404,65860,65871,11
12.9975299835,80.2161636353,65871,65881,10
12.9976596832,80.2160568237,65881,65891,10
12.9978504181,80.215927124,65891,65901,10
12.9981803894,80.2156295776,65901,65911,10
12.9986400604,80.2152786255,65911,65921,10
12.9991397858,80.2148284912,65921,65931,10
12.9993801117,80.2146377563,65931,65941,10
12.9998102188,80.2142562866,65941,65951,10
13.0001602173,80.2139434814,65951,65961,10
13.0005598068,80.2135162354,65961,65972,11
13.0011301041,80.2130889893,65972,65982,10
13.0017499924,80.2126464844,65982,65992,10
13.0021896362,80.2123794556,65992,66002,10
13.0026197433,80.2121963501,66002,66012,10
13.0031299591,80.2121124268,66012,66022,10
13.0036201477,80.2120285034,66022,66032,10
13.0036897659,80.2119903564,66032,66042,10
13.0037498474,80.2118606567,66042,66052,10
13.0037298203,80.2114868164,66052,66062,10
13.0036697388,80.2109603882,66062,66071,9
13.0036096573,80.2105178833,66071,66083,12
13.0035295486,80.2099990845,66083,66093,10
13.0035200119,80.2096328735,66093,66103,10
13.0035896301,80.2091903687,66103,66113,10
13.0038204193,80.2086791992,66113,66123,10
13.0044803619,80.2088775635,66123,66133,10
13.0053501129,80.2092590332,66133,66143,10
13.0061101913,80.2095489502,66143,66153,10
13.0066204071,80.2097320557,66153,66163,10
13.0070695877,80.2098236084,66163,66194,31
13.0070695877,80.2098236084,66194,66204,10
13.0072698593,80.2098693848,66204,66214,10
13.007519722,80.2098999023,66214,66305,91
13.007519722,80.2098999023,66305,66315,10
13.0079202652,80.2100219727,66315,66325,10
13.0081195831,80.2100524902,66325,66335,10
13.0081300735,80.2097930908,66335,66345,10
13.008020401,80.209312439,66345,66355,10
13.0079097748,80.2086105347,66355,66365,10
13.0078001022,80.2077484131,66365,66375,10
13.0076599121,80.2069396973,66375,66385,10
13.0075302124,80.2061080933,66385,66395,10
13.0074701309,80.2053222656,66395,66406,11
13.0074701309,80.2045211792,66406,66416,10
13.0073900223,80.2037887573,66416,66426,10
13.007229805,80.20287323,66426,66436,10
13.0066099167,80.2027435303,66436,66446,10
13.0065402985,80.2031402588,66446,66456,10
13.0067596436,80.2034072876,66456,66466,10
13.0071697235,80.2036590576,66466,66476,10
13.0077199936,80.2037963867,66476,66486,10
13.0085296631,80.2037887573,66486,66496,10
13.0096502304,80.2037200928,66496,66507,11
13.0111103058,80.2037582397,66507,66517,10
13.0122098923,80.2039108276,66517,66527,10
13.0128898621,80.2040328979,66527,66628,101
13.0128898621,80.2040328979,66628,66638,10
13.0132598877,80.2041015625,66638,66749,111
13.0132598877,80.2041015625,66749,66759,10
13.013759613,80.2042312622,66759,66769,10
13.0142297745,80.2043991089,66769,66779,10
13.0148296356,80.2046508789,66779,66799,20
13.0148296356,80.2046508789,66799,66809,10
13.0150899887,80.2046813965,66809,66819,10
13.0155000687,80.204826355,66819,66830,11
13.0160198212,80.205078125,66830,66840,10
13.0165100098,80.2052230835,66840,66850,10
13.0175800323,80.205581665,66850,66870,20
13.0175800323,80.205581665,66870,66880,10
13.0177698135,80.2056808472,66880,66890,10
13.0181503296,80.2058105469,66890,66900,10
13.0186595917,80.2060089111,66900,66930,30
13.0186595917,80.2060089111,66930,66941,11
13.0188703537,80.2061233521,66941,66951,10
13.0191802979,80.2061920166,66951,66961,10
13.0197000504,80.2063064575,66961,66971,10
13.0203304291,80.2063217163,66971,66981,10
13.0211896896,80.2062988281,66981,66991,10
13.0216703415,80.2062988281,66991,67001,10
13.0220098495,80.2062988281,67001,67011,10
13.0224103928,80.2063903809,67011,67021,10
13.0229902267,80.2065200806,67021,67031,10
13.0237798691,80.2066116333,67031,67042,11
13.0242595673,80.206703186,67042,67062,20
13.0242595673,80.206703186,67062,67072,10
13.0243902206,80.2067337036,67072,67082,10
13.0246496201,80.2068099976,67082,67092,10
13.0251703262,80.2069625854,67092,67102,10
13.0257501602,80.2071990967,67102,67112,10
13.0262699127,80.2074813843,67112,67122,10
13.0267896652,80.2078018188,67122,67132,10
13.0274095535,80.2081680298,67132,67142,10
13.0276899338,80.2083511353,67142,67153,11
13.028169632,80.2085571289,67153,67163,10
13.0288801193,80.2087631226,67163,67173,10
13.0295696259,80.2089233398,67173,67183,10
13.0300102234,80.209022522,67183,67203,20
13.0300102234,80.209022522,67203,67213,10
13.0301599503,80.2090530396,67213,67223,10
13.0305099487,80.2091522217,67223,67233,10
13.0310401917,80.209312439,67233,67242,9
13.0315198898,80.2094802856,67242,67264,22
13.0315198898,80.2094802856,67264,67274,10
13.0319299698,80.2096176147,67274,67284,10
13.032409668,80.2096710205,67284,67294,10
13.0330600739,80.2097625732,67294,67304,10
13.0337495804,80.2098999023,67304,67314,10
13.0344104767,80.2100601196,67314,67324,10
13.0349397659,80.2101669312,67324,67334,10
13.0350399017,80.2105102539,67334,67344,10
13.0349903107,80.2109069824,67344,67354,10
13.0349998474,80.2114028931,67354,67385,31
13.0349998474,80.2114028931,67385,67395,10
13.0349302292,80.2116470337,67395,67405,10
13.0348901749,80.2119293213,67405,67415,10
13.0350799561,80.2122802734,67415,67425,10
13.035610199,80.212310791,67425,67435,10
13.0361795425,80.212310791,67435,67445,10
13.0365400314,80.2123565674,67445,67455,10
13.0370197296,80.2123718262,67455,67465,10
13.0376396179,80.2123794556,67465,67476,11
13.0385198593,80.2123718262,67476,67486,10
13.0394001007,80.212348938,67486,67496,10
13.0403404236,80.212310791,67496,67506,10
13.0414199829,80.2123031616,67506,67516,10
13.042550087,80.2122879028,67516,67526,10
13.0435695648,80.212272644,67526,67627,101
13.0435695648,80.212272644,67627,67637,10
13.0437602997,80.2123336792,67637,67647,10
13.0440502167,80.2123336792,67647,67657,10
13.0443696976,80.2123184204,67657,67667,10
13.044839859,80.212310791,67667,67677,10
13.0454797745,80.2123031616,67677,67688,11
13.046210289,80.2122802734,67688,67698,10
13.0468597412,80.2122497559,67698,67708,10
13.0475101471,80.2121887207,67708,67718,10
13.0482196808,80.2121276855,67718,67758,40
13.0482196808,80.2121276855,67758,67768,10
13.0484600067,80.2121124268,67768,67778,10
13.0486803055,80.2120666504,67778,67789,11
13.0486803055,80.2120819092,67789,67799,10
13.0490198135,80.212059021,67799,67809,10
13.0495500565,80.212020874,67809,67819,10
13.0500802994,80.2119903564,67819,67829,10
13.0504302979,80.212020874,67829,67839,10
13.0506496429,80.212097168,67839,67849,10
13.0510597229,80.2121276855,67849,67859,10
13.0519399643,80.2120819092,67859,67869,10
13.0526895523,80.2119293213,67869,67879,10
13.0534801483,80.2117080688,67879,67889,10
13.0542001724,80.2115020752,67889,67900,11
13.0544500351,80.2114562988,67900,67910,10
13.0548295975,80.2114486694,67910,67920,10
13.0553998947,80.2114715576,67920,67930,10
13.0561800003,80.211479187,67930,67940,10
13.0574398041,80.21144104,67940,67970,30
13.0574398041,80.21144104,67970,67980,10
13.057800293,80.21144104,67980,67990,10
13.0583200455,80.211479187,67990,68001,11
13.0590000153,80.2114868164,68001,68011,10
13.059630394,80.211517334,68011,68021,10
13.0604896545,80.2115707397,68021,68031,10
13.0613698959,80.2116088867,68031,68041,10
13.06208992,80.2116622925,68041,68051,10
13.0630598068,80.2115783691,68051,68071,20
13.0630598068,80.2115783691,68071,68081,10
13.0633001328,80.2115783691,68081,68101,20
13.0633001328,80.2115783691,68101,68112,11
13.0638198853,80.2115631104,68112,68122,10
13.0640802383,80.2115402222,68122,68131,9
13.064499855,80.2114181519,68131,68142,11
13.0651597977,80.2110900879,68142,68152,10
13.065779686,80.2106170654,68152,68162,10
13.0664701462,80.2100296021,68162,68172,10
13.0670604706,80.2093276978,68172,68182,10
13.0673103333,80.2088394165,68182,68192,10
13.0673103333,80.2088317871,68192,68202,10
13.0675001144,80.2085113525,68202,68212,10
13.067779541,80.2080688477,68212,68223,11
13.0682296753,80.2073822021,68223,68233,10
13.0687198639,80.2066497803,68233,68243,10
13.0691900253,80.2059173584,68243,68253,10
13.0696001053,80.2051773071,68253,68293,40
13.0696001053,80.2051773071,68293,68303,10
13.0695495605,80.2049179077,68303,68313,10
13.0692596436,80.2049484253,68313,68324,11
13.0689496994,80.2053985596,68324,68334,10
13.0687198639,80.2052612305,68334,68344,10
13.0686903,80.2050094604,68344,68384,40
13.0686903,80.2050094604,68384,68394,10
13.0687599182,80.2048416138,68394,68404,10
13.0691099167,80.2047729492,68404,68414,10
13.0695295334,80.2048416138,68414,68424,10
13.0698204041,80.2048568726,68424,68445,21
13.0698204041,80.2048568726,68445,68455,10
13.0699796677,80.2048110962,68455,68465,10
13.0701904297,80.2045516968,68465,68475,10
13.0705299377,80.2041015625,68475,68485,10
13.0710201263,80.2034912109,68485,68495,10
13.0715703964,80.2028427124,68495,68505,10
13.0719003677,80.2024002075,68505,68515,10
13.0720701218,80.2022094727,68515,68525,10
13.0723199844,80.2019424438,68525,68536,11
13.0726299286,80.2015686035,68536,68546,10
13.0728197098,80.2013397217,68546,68556,10
13.0730104446,80.2011184692,68556,68566,10
13.0731801987,80.2009429932,68566,68576,10
13.0733604431,80.2007293701,68576,68586,10
13.0735797882,80.2004776001,68586,68596,10
13.0737495422,80.2002716064,68596,68606,10
13.0739402771,80.2000427246,68606,68616,10
13.0740203857,80.1999435425,68616,68626,10
13.0741901398,80.1997833252,68626,68636,10
13.0744600296,80.1995315552,68636,68657,21
13.0744600296,80.1995315552,68657,68667,10
13.074640274,80.1993713379,68667,68677,10
13.0750598907,80.1992034912,68677,68687,10
13.0756702423,80.1991195679,68687,68697,10
13.0763902664,80.1990966797,68697,68707,10
13.0770797729,80.1990585327,68707,68717,10
13.0778102875,80.1989593506,68717,68727,10
13.0783500671,80.1988830566,68727,68736,9
13.0784597397,80.1988677979,68736,68747,11
13.0785799026,80.1988372803,68747,68758,11
13.0787096024,80.1988220215,68758,68768,10
13.0789604187,80.1988067627,68768,68778,10
13.0791797638,80.1987991333,68778,68788,10
13.079369545,80.1987991333,68788,68798,10
13.0794897079,80.1987991333,68798,68808,10
13.0795898438,80.1987991333,68808,68818,10
13.0798997879,80.1987762451,68818,68827,9
13.0801000595,80.1987533569,68827,68838,11
13.0802202225,80.1987304688,68838,68848,10
13.0804700851,80.1987075806,68848,68859,11
13.0808801651,80.1986618042,68859,68879,20
13.0808801651,80.1986618042,68879,68889,10
13.0811004639,80.1986465454,68889,68919,30
13.0811004639,80.1986465454,68919,68929,10
13.0815296173,80.1986618042,68929,68939,10
13.0818195343,80.1986465454,68939,68949,10
13.0820703506,80.1986236572,68949,68959,10
13.0825996399,80.1985702515,68959,68980,21
13.0825996399,80.1985702515,68980,68990,10
13.0827598572,80.1985702515,68990,69000,10
13.0832195282,80.1985626221,69000,69020,20
13.0832195282,80.1985626221,69020,69030,10
13.0833797455,80.1985397339,69030,69040,10
13.0834798813,80.1985397339,69040,69050,10
13.0837202072,80.1985626221,69050,69059,9
13.0839395523,80.1985473633,69059,69081,22
13.0839395523,80.1985473633,69081,69091,10
13.0841903687,80.1985931396,69091,69101,10
13.0844202042,80.198600769,69101,69111,10
13.0846796036,80.198600769,69111,69121,10
13.0848903656,80.198600769,69121,69131,10
13.0849599838,80.1985931396,69131,69141,10
13.0852603912,80.1985626221,69141,69151,10
13.0855302811,80.1985397339,69151,69161,10
13.085849762,80.1985397339,69161,69171,10
13.0862703323,80.1985321045,69171,69182,11
13.086689949,80.1985168457,69182,69192,10
13.0867700577,80.1985168457,69192,69202,10
13.0870103836,80.1985015869,69202,69212,10
13.0870895386,80.1984100342,69212,69222,10
13.0870895386,80.1980209351,69222,69252,30
13.0870895386,80.1980209351,69252,69262,10
13.0871601105,80.1977386475,69262,69272,10
13.0871601105,80.1974563599,69272,69281,9
13.0871496201,80.1969985962,69281,69293,12
13.0871696472,80.1961364746,69293,69303,10
13.0871601105,80.1955566406,69303,69313,10
13.0871696472,80.1949996948,69313,69323,10
13.0872001648,80.1944122314,69323,69333,10
13.087220192,80.1932830811,69333,69363,30
13.087220192,80.1932830811,69363,69372,9
13.0872602463,80.1930770874,69372,69383,11
13.0872802734,80.1928405762,69383,69394,11
13.0873003006,80.1925430298,69394,69404,10
13.0873699188,80.1920623779,69404,69414,10
13.087439537,80.1914825439,69414,69424,10
13.0875396729,80.1907196045,69424,69434,10
13.0876398087,80.1899032593,69434,69444,10
13.0877103806,80.1890869141,69444,69464,20
13.0877103806,80.1890869141,69464,69474,10
13.0877199173,80.1888885498,69474,69484,10
13.0877199173,80.1886978149,69484,69494,10
13.0877304077,80.1884994507,69494,69505,11
13.0877399445,80.1881103516,69505,69515,10
13.087770462,80.1875610352,69515,69525,10
13.0878095627,80.1867904663,69525,69535,10
13.0877799988,80.1860733032,69535,69545,10
13.0878000259,80.1856079102,69545,69555,10
13.0878801346,80.184928894,69555,69565,10
13.0879201889,80.1843185425,69565,69575,10
13.0879497528,80.1836013794,69575,69585,10
13.08796978,80.1827926636,69585,69595,10
13.0880203247,80.1820907593,69595,69606,11
13.0880403519,80.1812896729,69606,69616,10
13.0880699158,80.179977417,69616,69656,40
13.0880699158,80.179977417,69656,69666,10
13.0880804062,80.1796569824,69666,69676,10
13.0880403519,80.1788864136,69676,69706,30
13.0880403519,80.1788864136,69706,69717,11
13.0881004333,80.1786422729,69717,69727,10
13.088060379,80.1782073975,69727,69737,10
13.0880804062,80.1775588989,69737,69747,10
13.088139534,80.1768722534,69747,69757,10
13.0882101059,80.176071167,69757,69767,10
13.0882701874,80.1752090454,69767,69777,10
13.0883197784,80.1745986938,69777,69787,10
13.0883703232,80.1740112305,69787,69797,10
13.0884199142,80.1733932495,69797,69807,10
13.0884599686,80.1726837158,69807,69817,10
13.0884799957,80.171913147,69817,69838,21
13.0884799957,80.171913147,69838,69848,10
13.0885095596,80.1715621948,69848,69858,10
13.08852005,80.1710510254,69858,69868,10
13.0885601044,80.1703796387,69868,69878,10
13.0885696411,80.1698608398,69878,69908,30
13.0885696411,80.1698608398,69908,69918,10
13.0886297226,80.1696014404,69918,69929,11
13.0888996124,80.1695098877,69929,69939,10
13.0893201828,80.1695709229,69939,69949,10
13.0899200439,80.1696166992,69949,69959,10
13.0907201767,80.1696777344,69959,69969,10
13.0914897919,80.1697387695,69969,69979,10
13.092209816,80.1697921753,69979,69989,10
13.0930700302,80.1698684692,69989,69999,10
13.09375,80.1698913574,69999,70009,10
13.0941896439,80.1698989868,70009,70019,10
13.0946502686,80.1699523926,70019,70029,10
13.0948896408,80.1699676514,70029,70040,11
13.0952596664,80.1699905396,70040,70050,10
13.0958404541,80.1700210571,70050,70060,10
13.0966396332,80.1700668335,70060,70070,10
13.0974998474,80.1701202393,70070,70080,10
13.0982198715,80.1701583862,70080,70090,10
13.0990200043,80.170211792,70090,70100,10
13.0995702744,80.170211792,70100,70110,10
13.0996799469,80.1699905396,70110,70120,10
13.0995798111,80.1697616577,70120,70130,10
13.0993995667,80.1698226929,70130,70141,11
13.099360466,80.1700820923,70141,70232,91
13.099360466,80.1702880859,70232,71000,768
13.099360466,80.1702880859,71000,71010,10
13.0988903046,80.1703109741,71010,71020,10
13.0984096527,80.1702270508,71020,71030,10
13.0979003906,80.1701812744,71030,71040,10
13.0973997116,80.1701278687,71040,71050,10
13.0967597961,80.1700973511,71050,71060,10
13.0960903168,80.1700515747,71060,71070,10
13.0954799652,80.1699981689,71070,71080,10
13.0949201584,80.1699676514,71080,71090,10
13.0946998596,80.1699371338,71090,71100,10
13.0944700241,80.169921875,71100,71111,11
13.0940904617,80.169883728,71111,71121,10
13.0936403275,80.1698608398,71121,71131,10
13.093079567,80.1698608398,71131,71141,10
13.0924301147,80.1698226929,71141,71151,10
13.0916900635,80.1697692871,71151,71161,10
13.0908403397,80.1697387695,71161,71171,10
13.090089798,80.1696929932,71171,71181,10
13.0894899368,80.1696395874,71181,71191,10
13.0888700485,80.1696014404,71191,71242,51
13.0888700485,80.1696014404,71242,71252,10
13.0886697769,80.169670105,71252,71262,10
13.0886497498,80.1699829102,71262,71272,10
13.088640213,80.1704483032,71272,71282,10
13.0885896683,80.1709365845,71282,71292,10
13.0885400772,80.1714782715,71292,71302,10
13.0885400772,80.1719589233,71302,71312,10
13.08852005,80.1720428467,71312,71323,11
13.0884799957,80.1721572876,71323,71333,10
13.0884799957,80.1724624634,71333,71343,10
13.088470459,80.1730117798,71343,71353,10
13.0884304047,80.1735687256,71353,71363,10
13.0883998871,80.1741714478,71363,71373,10
13.0883798599,80.1746673584,71373,71383,10
13.0883798599,80.1746902466,71383,71393,10
13.0883703232,80.1748886108,71393,71403,10
13.0883398056,80.1753082275,71403,71413,10
13.0882797241,80.1759719849,71413,71423,10
13.0882396698,80.1767578125,71423,71434,11
13.0882196426,80.1774520874,71434,71444,10
13.0882101059,80.1781311035,71444,71454,10
13.0882101059,80.1786117554,71454,71474,20
13.0882101059,80.1786117554,71474,71484,10
13.0881900787,80.1789093018,71484,71494,10
13.0881900787,80.1792068481,71494,71504,10
13.0881900787,80.1794433594,71504,71514,10
13.0881795883,80.1797866821,71514,71524,10
13.0881700516,80.1803588867,71524,71535,11
13.0881500244,80.1811294556,71535,71545,10
13.0881500244,80.1817398071,71545,71555,10
13.0881204605,80.1823883057,71555,71565,10
13.0880899429,80.1831512451,71565,71575,10
13.0880498886,80.1839523315,71575,71585,10
13.0880002975,80.1846389771,71585,71595,10
13.08796978,80.1853408813,71595,71605,10
13.0879402161,80.1860198975,71605,71615,10
13.0879201889,80.1867980957,71615,71625,10
13.0878896713,80.1875534058,71625,71635,10
13.0878896713,80.1880874634,71635,71656,21
13.0878896713,80.1880874634,71656,71666,10
13.0878601074,80.188369751,71666,71676,10
13.0878200531,80.1887588501,71676,71686,10
13.0877895355,80.1893768311,71686,71696,10
13.0877599716,80.1899032593,71696,71706,10
13.0877599716,80.1899185181,71706,71716,10
13.0877103806,80.1901321411,71716,71726,10
13.0876502991,80.190536499,71726,71736,10
13.0875597,80.1911315918,71736,71747,11
13.0874500275,80.1918869019,71747,71757,10
13.0874204636,80.1923370361,71757,71767,10
13.0874099731,80.1924819946,71767,71777,10
13.0874004364,80.1926116943,71777,71787,10
13.0873804092,80.1928329468,71787,71797,10
13.0873498917,80.1931533813,71797,71807,10
13.0873203278,80.1936798096,71807,71817,10
13.0873098373,80.1943130493,71817,71827,10
13.0872898102,80.1949691772,71827,71837,10
13.0872602463,80.1955871582,71837,71847,10
13.087220192,80.1963195801,71847,71858,11
13.0872001648,80.1971588135,71858,71868,10
13.0872001648,80.1976699829,71868,71878,10
13.0871696472,80.1978683472,71878,71888,10
13.0871400833,80.1979904175,71888,71898,10
13.0871696472,80.1983718872,71898,71908,10
13.0872898102,80.1985092163,71908,71918,10
13.0874795914,80.1985321045,71918,71928,10
13.0878801346,80.1984786987,71928,71938,10
13.0884504318,80.1984329224,71938,71948,10
13.0890798569,80.1984786987,71948,71958,10
13.0895996094,80.1985015869,71958,71969,11
13.0903196335,80.1985778809,71969,71979,10
13.0909900665,80.198638916,71979,71989,10
13.0915403366,80.1986923218,71989,71999,10
13.0919599533,80.1987304688,71999,72009,10
13.0925703049,80.1987304688,72009,72019,10
13.0930099487,80.1988983154,72019,72029,10
13.0929403305,80.1994476318,72029,72039,10
13.0929002762,80.2001419067,72039,72049,10
13.0928697586,80.2006072998,72049,72059,10
13.0927295685,80.2006912231,72059,72070,11
13.0923595428,80.2006607056,72070,72080,10
13.0917396545,80.2006378174,72080,72090,10
13.0910196304,80.2006225586,72090,72100,10
13.0903396606,80.200592041,72100,72110,10
13.0894899368,80.2005462646,72110,72120,10
13.0887098312,80.2005386353,72120,72130,10
13.0878601074,80.2005081177,72130,72140,10
13.0871801376,80.2004928589,72140,72150,10
13.0867795944,80.2004623413,72150,72160,10
13.0861997604,80.2004394531,72160,72171,11
13.0855302811,80.2004318237,72171,72181,10
13.0853004456,80.200340271,72181,72191,10
13.085269928,80.2000808716,72191,72201,10
13.0852804184,80.1996002197,72201,72211,10
13.0852403641,80.1990432739,72211,72221,10
13.0850696564,80.1987609863,72221,72231,10
13.0847101212,80.1987609863,72231,72241,10
13.0843896866,80.1987380981,72241,72251,10
13.0842895508,80.1987228394,72251,72261,10
13.0841302872,80.1987228394,72261,72271,10
13.0837202072,80.1987228394,72271,72282,11
13.0831003189,80.1987380981,72282,72312,30
13.0831003189,80.1987380981,72312,72322,10
13.0828199387,80.1987075806,72322,72332,10
13.082570076,80.1986999512,72332,72342,10
13.082110405,80.1987228394,72342,72352,10
13.081580162,80.1987304688,72352,72362,10
13.0809297562,80.1987380981,72362,72372,10
13.0801801682,80.1987991333,72372,72383,11
13.0792703629,80.198890686,72383,72393,10
13.0784101486,80.1989822388,72393,72403,10
13.0775003433,80.1990890503,72403,72413,10
13.0766401291,80.1991882324,72413,72423,10
13.0759897232,80.1992721558,72423,72433,10
13.075340271,80.1993865967,72433,72443,10
13.0746803284,80.1996383667,72443,72453,10
13.0740804672,80.2000732422,72453,72463,10
13.0737895966,80.2003631592,72463,72473,10
13.0737800598,80.2003707886,72473,72483,10
13.0736598969,80.2004928589,72483,72494,11
13.0734100342,80.2008209229,72494,72504,10
13.0732402802,80.2010269165,72504,72514,10
13.0729904175,80.2013168335,72514,72524,10
13.0727796555,80.2015762329,72524,72534,10
13.0725803375,80.2018127441,72534,72544,10
13.0723896027,80.2020492554,72544,72554,10
13.0721502304,80.202331543,72554,72564,10
13.0717697144,80.2027282715,72564,72574,10
13.0716495514,80.20287323,72574,72584,10
13.0714502335,80.2031097412,72584,72593,9
13.0711202621,80.2034835815,72593,72605,12
13.0705404282,80.2041625977,72605,72615,10
13.0701303482,80.2047195435,72615,72625,10
13.069849968,80.2051315308,72625,72645,20
13.069849968,80.2051315308,72645,72655,10
13.0696697235,80.2051391602,72655,72665,10
13.0694904327,80.2049484253,72665,72675,10
13.069270134,80.2050323486,72675,72685,10
13.0690803528,80.205329895,72685,72695,10
13.0686798096,80.2054824829,72695,72706,11
13.0679597855,80.2054519653,72706,72756,50
13.0679597855,80.2054519653,72756,72766,10
13.067899704,80.2052307129,72766,72776,10
13.0680904388,80.205039978,72776,72786,10
13.0684204102,80.2049026489,72786,72796,10
13.0687999725,80.2047729492,72796,72806,10
13.0692396164,80.2047576904,72806,72817,11
13.0696496964,80.2048721313,72817,72857,40
13.0696496964,80.2048721313,72857,72867,10
13.069849968,80.2051391602,72867,72877,10
13.0697603226,80.2053985596,72877,72887,10
13.0696001053,80.2056884766,72887,72897,10
13.0695400238,80.2057571411,72897,72907,10
13.0693502426,80.2060165405,72907,72918,11
13.0690202713,80.2065200806,72918,72928,10
13.0686197281,80.2071609497,72928,72938,10
13.0681800842,80.2078704834,72938,72948,10
13.067700386,80.2086410522,72948,72958,10
13.067199707,80.2094497681,72958,72968,10
13.0665302277,80.2101593018,72968,72978,10
13.0658798218,80.2107009888,72978,72988,10
13.0650501251,80.2113113403,72988,73008,20
13.0650501251,80.2113113403,73008,73018,10
13.0647201538,80.2114715576,73018,73029,11
13.0643596649,80.2116394043,73029,73039,10
13.0641403198,80.2117080688,73039,73049,10
13.0638399124,80.2117767334,73049,73059,10
13.0634098053,80.2117919922,73059,73069,10
13.0629901886,80.2118530273,73069,73079,10
13.0623998642,80.2118530273,73079,73089,10
13.061920166,80.2117767334,73089,73099,10
13.0610704422,80.2117767334,73099,73109,10
13.0602302551,80.2117919922,73109,73119,10
13.0594301224,80.211807251,73119,73129,10
13.0587396622,80.2117919922,73129,73140,11
13.0586395264,80.211769104,73140,73150,10
13.058429718,80.2117385864,73150,73160,10
13.0579795837,80.211730957,73160,73170,10
13.0577096939,80.211730957,73170,73180,10
13.0577001572,80.211730957,73180,73190,10
13.0575199127,80.2117233276,73190,73200,10
13.0571699142,80.2117233276,73200,73210,10
13.0566196442,80.2117233276,73210,73220,10
13.0559301376,80.2116928101,73220,73230,10
13.0551996231,80.2116622925,73230,73241,11
13.0546197891,80.2116470337,73241,73261,20
13.0546197891,80.2116470337,73261,73271,10
13.0543403625,80.2116928101,73271,73281,10
13.0538902283,80.2117996216,73281,73291,10
13.0532903671,80.2119293213,73291,73301,10
13.0525999069,80.2121200562,73301,73311,10
13.0520095825,80.212272644,73311,73321,10
13.0513401031,80.2123031616,73321,73331,10
13.0508804321,80.2122421265,73331,73341,10
13.0500898361,80.2122268677,73341,73352,11
13.0495195389,80.2122497559,73352,73382,30
13.0495195389,80.2122497559,73382,73392,10
13.049369812,80.2122879028,73392,73402,10
13.0490503311,80.2122802734,73402,73412,10
13.0485296249,80.212272644,73412,73422,10
13.0478801727,80.2123336792,73422,73432,10
13.0470600128,80.2124023438,73432,73442,10
13.0461301804,80.2124404907,73442,73453,11
13.0450296402,80.2124786377,73453,73463,10
13.0444002151,80.2125167847,73463,73473,10
13.0439395905,80.2124710083,73473,73483,10
13.0431203842,80.2125091553,73483,73493,10
13.0423297882,80.2125167847,73493,73503,10
13.041970253,80.2125320435,73503,73513,10
13.041390419,80.2125015259,73513,73523,10
13.040430069,80.2123794556,73523,73533,10
13.0390195847,80.2125015259,73533,73543,10
13.0382204056,80.2125015259,73543,73552,9
13.0378103256,80.2124786377,73552,73574,22
13.0378103256,80.2124786377,73574,73584,10
13.0375699997,80.2123718262,73584,73594,10
13.0372495651,80.2124099731,73594,73604,10
13.0368204117,80.2124023438,73604,73614,10
13.0362796783,80.2124023438,73614,73624,10
13.0355100632,80.2124099731,73624,73634,10
13.0349998474,80.2123794556,73634,73654,20
13.0349998474,80.2123794556,73654,73665,11
13.0347995758,80.212272644,73665,73675,10
13.0345001221,80.2122268677,73675,73685,10
13.0341796875,80.2121734619,73685,73705,20
13.0341796875,80.2121734619,73705,73715,10
13.0340595245,80.2121810913,73715,73725,10
13.033780098,80.2121200562,73725,73735,10
13.0334701538,80.2120513916,73735,73745,10
13.0329399109,80.2119522095,73745,73755,10
13.0323295593,80.2118682861,73755,73765,10
13.0319795609,80.2117233276,73765,73776,11
13.031999588,80.2112426758,73776,73786,10
13.0320396423,80.2105789185,73786,73796,10
13.0320596695,80.2099075317,73796,73806,10
13.0318403244,80.2096862793,73806,73816,10
13.031419754,80.2095870972,73816,73826,10
13.0309801102,80.2095108032,73826,73836,10
13.0305099487,80.2093582153,73836,73846,10
13.0302000046,80.2092590332,73846,73856,10
13.0299501419,80.2091598511,73856,73866,10
13.0295295715,80.2090377808,73866,73887,21
13.0295295715,80.2090377808,73887,73897,10
13.0292701721,80.2089309692,73897,73907,10
13.0286903381,80.2088165283,73907,73917,10
13.0279598236,80.2085800171,73917,73927,10
13.0272703171,80.2082290649,73927,73937,10
13.0265398026,80.2077865601,73937,73947,10
13.0257997513,80.2073364258,73947,73957,10
13.0249795914,80.2071075439,73957,73967,10
13.0242004395,80.2070007324,73967,73988,21
13.0242004395,80.2070007324,73988,73998,10
13.0238895416,80.2069091797,73998,74008,10
13.0234603882,80.20677948,74008,74018,10
13.0228900909,80.206703186,74018,74028,10
13.0220804214,80.2065887451,74028,74038,10
13.0214004517,80.2065887451,74038,74048,10
13.0205497742,80.2065582275,74048,74058,10
13.0197200775,80.2065429688,74058,74068,10
13.0190000534,80.2063980103,74068,74088,20
13.0190000534,80.2063980103,74088,74099,11
13.0187101364,80.2062606812,74099,74109,10
13.0183200836,80.2061386108,74109,74119,10
13.0177898407,80.205947876,74119,74129,10
13.0172395706,80.2057495117,74129,74139,10
13.0167198181,80.2052688599,74139,74149,10
13.0158500671,80.2050323486,74149,74159,10
13.014749527,80.204826355,74159,74169,10
13.0136499405,80.2045211792,74169,74200,31
13.0134897232,80.2047424316,74200,74220,20
13.0134897232,80.2047424316,74220,74230,10
13.0134000778,80.2049713135,74230,74240,10
13.0133600235,80.2053070068,74240,74250,10
13.0132703781,80.2057571411,74250,74260,10
13.0131101608,80.2063674927,74260,74270,10
13.013010025,80.2070617676,74270,74280,10
13.0129699707,80.2076873779,74280,74290,10
13.0129203796,80.2081604004,74290,74300,10
13.0128803253,80.2085876465,74300,74311,11
13.0129098892,80.2090377808,74311,74321,10
13.0130500793,80.2095184326,74321,74331,10
13.0131502151,80.2099380493,74331,74341,10
13.013130188,80.2105407715,74341,74351,10
13.0129003525,80.2112503052,74351,74361,10
13.0126104355,80.2117462158,74361,74371,10
13.0122900009,80.2122573853,74371,74381,10
13.0119199753,80.2127532959,74381,74401,20
13.0119199753,80.2127532959,74401,74412,11
13.0113201141,80.2125930786,74412,74422,10
13.010840416,80.2123184204,74422,74432,10
13.0102596283,80.212020874,74432,74442,10
13.0096998215,80.2115097046,74442,74472,30
13.0094203949,80.2112426758,74472,74512,40
13.0094203949,80.2112426758,74512,74523,11
13.0091495514,80.2113037109,74523,74533,10
13.0090103149,80.2115097046,74533,74543,10
13.0090703964,80.2119216919,74543,74553,10
13.0092096329,80.2124176025,74553,74563,10
13.0093698502,80.2128982544,74563,74573,10
13.0095300674,80.2133331299,74573,74583,10
13.0097198486,80.2138137817,74583,74593,10
13.0099201202,80.2142868042,74593,74603,10
13.0100898743,80.2147979736,74603,74613,10
13.0101804733,80.2155303955,74613,74624,11
13.0104904175,80.2163925171,74624,74634,10
13.010840416,80.2171478271,74634,74644,10
13.0112104416,80.2180404663,74644,74654,10
13.0115995407,80.2191390991,74654,74664,10
13.0120096207,80.2203598022,74664,74674,10
13.012260437,80.2212982178,74674,74684,10
13.0124197006,80.2218322754,74684,74694,10
13.0128602982,80.2223892212,74694,74704,10
13.0133304596,80.222869873,74704,74714,10
13.0138101578,80.2234115601,74714,74724,10
13.0142097473,80.2238388062,74724,74735,11
13.0145902634,80.224319458,74735,74745,10
13.0151195526,80.2249069214,74745,74755,10
13.0153799057,80.2252578735,74755,74765,10
13.015370369,80.2255477905,74765,74775,10
13.0151596069,80.2258834839,74775,74785,10
13.0150995255,80.2258987427,74785,74795,10
13.0149002075,80.2259979248,74795,74805,10
13.0144996643,80.2261581421,74805,74815,10
13.0139102936,80.2263793945,74815,74824,9
13.0132398605,80.2266464233,74824,74836,12
13.012260437,80.2270278931,74836,74846,10
13.0113897324,80.2273788452,74846,74856,10
13.0104799271,80.2277526855,74856,74866,10
13.0097398758,80.228012085,74866,74876,10
13.0094299316,80.2276611328,74876,74886,10
13.0096597672,80.2271499634,74886,74896,10
13.0099496841,80.2264175415,74896,74906,10
13.0102500916,80.2256774902,74906,74916,10
13.0105600357,80.2249526978,74916,74926,10
13.0107803345,80.2244796753,74926,74936,10
13.0109996796,80.2239379883,74936,74947,11
13.0111198425,80.2236480713,74947,74957,10
13.0112304688,80.2233886719,74957,74967,10
13.0109901428,80.223197937,74967,74977,10
13.0104904175,80.22290802,74977,74987,10
13.0098495483,80.2225570679,74987,74997,10
13.0091495514,80.2221832275,74997,75007,10
13.0084199905,80.2217636108,75007,75017,10
13.0076198578,80.2212982178,75017,75027,10
13.0067596436,80.2208633423,75027,75036,9
13.0059099197,80.2205963135,75036,75048,12
13.0047197342,80.2203369141,75048,75058,10
13.004119873,80.2202224731,75058,75068,10
13.0035600662,80.2201004028,75068,75078,10
13.0029497147,80.219909668,75078,75088,10
13.0024795532,80.2195663452,75088,75098,10
13.0019702911,80.2192077637,75098,75108,10
13.0014200211,80.2187194824,75108,75118,10
13.0008201599,80.2182617188,75118,75128,10
13.0002403259,80.2178573608,75128,75138,10
12.9994001389,80.217376709,75138,75148,10
12.9984903336,80.2169113159,75148,75159,11
12.9978704453,80.2166976929,75159,75169,10
12.9978599548,80.2166976929,75169,75179,10
12.9975996017,80.2166519165,75179,75219,40
12.9972295761,80.2166213989,75219,75259,40
12.9967699051,80.2166519165,75259,75290,31
12.9967699051,80.2166519165,75290,75300,10
12.9964704514,80.2166671753,75300,75310,10
12.9962396622,80.2167434692,75310,75320,10
12.9961900711,80.216758728,75320,75330,10
12.9958295822,80.2168502808,75330,75340,10
12.9957704544,80.2168731689,75340,75350,10
12.9954900742,80.2169570923,75350,75360,10
12.9952402115,80.2170715332,75360,75371,11
12.9950199127,80.2171936035,75371,75381,10
12.9947795868,80.2173614502,75381,75391,10
12.9944601059,80.2175674438,75391,75401,10
12.9941301346,80.2177963257,75401,75411,10
12.9937496185,80.2180786133,75411,75421,10
12.9932403564,80.218421936,75421,75431,10
12.9926900864,80.2188491821,75431,75441,10
12.991979599,80.2193603516,75441,75451,10
12.9916095734,80.2195968628,75451,75461,10
12.9912395477,80.219619751,75461,75470,9
12.9909696579,80.219543457,75470,75482,12
12.9908800125,80.2195205688,75482,75492,10
12.9905195236,80.2193374634,75492,75502,10
12.9899396896,80.2191390991,75502,75512,10
12.9891796112,80.2188796997,75512,75522,10
12.9883403778,80.2186126709,75522,75532,10
12.9875497818,80.218460083,75532,75542,10
12.9869403839,80.2183609009,75542,75552,10
12.9868202209,80.2183380127,75552,75562,10
12.9866800308,80.2183074951,75562,75572,10
12.9863395691,80.2182388306,75572,75583,11
12.9855804443,80.2180633545,75583,75593,10
12.984629631,80.2180404663,75593,75603,10
12.9838199615,80.2180709839,75603,75623,20
12.9838199615,80.2180709839,75623,75633,10
12.9834604263,80.2180786133,75633,75643,10
12.9828901291,80.2180862427,75643,75653,10
12.9821996689,80.2181167603,75653,75663,10
12.9814796448,80.218170166,75663,75673,10
12.9806604385,80.2184066772,75673,75683,10
12.979929924,80.2186813354,75683,75694,11
12.9791402817,80.21900177,75694,75704,10
12.9785604477,80.2192230225,75704,75714,10
12.9780702591,80.2194213867,75714,75724,10
12.9774398804,80.2196731567,75724,75734,10
12.9767103195,80.2200012207,75734,75744,10
12.976149559,80.2202606201,75744,75815,71
12.975810051,80.2202987671,75815,75956,141
12.975810051,80.2202987671,75956,75966,10
12.9754800797,80.2204818726,75966,75976,10
12.975399971,80.2207107544,75976,75986,10
12.9754104614,80.220741272,75986,75996,10
12.9757299423,80.2210235596,75996,76087,91
12.9760303497,80.2212295532,76087,77349,1262
12.9760303497,80.2212295532,77349,77358,9
12.9764699936,80.2212677002,77358,77369,11
12.9768199921,80.2212677002,77369,77379,10
12.9772195816,80.2212371826,77379,77389,10
12.9776296616,80.2212295532,77389,77399,10
12.9779396057,80.221206665,77399,77410,11
12.9784002304,80.2211914063,77410,77420,10
12.9788198471,80.2211532593,77420,77430,10
12.9792604446,80.2211303711,77430,77440,10
12.9797201157,80.2210998535,77440,77450,10
12.9802303314,80.2210617065,77450,77460,10
12.9807395935,80.2210006714,77460,77470,10
12.9811897278,80.2211380005,77470,77480,10
12.9815702438,80.2213821411,77480,77490,10
12.9819097519,80.2216110229,77490,77500,10
12.9823598862,80.2217712402,77500,77511,11
12.9828100204,80.2219314575,77511,77521,10
12.9828701019,80.2219619751,77521,77531,10
12.9829998016,80.2220611572,77531,77541,10
12.9831895828,80.2222137451,77541,77551,10
12.9834098816,80.222366333,77551,77561,10
12.9838600159,80.2226028442,77561,77571,10
12.9842996597,80.2228775024,77571,77581,10
12.9848098755,80.22315979,77581,77591,10
12.9853601456,80.2232818604,77591,77601,10
12.9856395721,80.2230682373,77601,77611,10
12.9863996506,80.2229766846,77611,77632,21
12.9863996506,80.2229766846,77632,77642,10
12.986579895,80.2229919434,77642,77652,10
12.9868803024,80.2230300903,77652,77662,10
12.9873104095,80.2230606079,77662,77672,10
12.9877195358,80.2229614258,77672,77682,10
12.9882497787,80.22265625,77682,77692,10
12.9887104034,80.2222366333,77692,77702,10
12.9891395569,80.2217407227,77702,77712,10
12.9895095825,80.2212219238,77712,77722,10
12.9900398254,80.2206573486,77722,77733,11
12.9904203415,80.2203292847,77733,77743,10
12.9905195236,80.2202835083,77743,77753,10
12.9907798767,80.2200775146,77753,77763,10
12.9912595749,80.2197418213,77763,77773,10
12.991519928,80.2195281982,77773,77783,10
12.9919204712,80.2192382813,77783,77793,10
12.9925403595,80.218788147,77793,77803,10
12.9931898117,80.2183227539,77803,77813,10
12.9938802719,80.2178497314,77813,77823,10
12.9941596985,80.2176589966,77823,77834,11
12.9946203232,80.2173309326,77834,77844,10
12.9951601028,80.2169418335,77844,77854,10
12.9958600998,80.2166519165,77854,77864,10
12.9966001511,80.216506958,77864,77874,10
12.9972400665,80.2163772583,77874,77884,10
12.9975004196,80.2161483765,77884,77894,10
12.9975795746,80.2160797119,77894,77904,10
12.997879982,80.2158126831,77904,77914,10
12.9983196259,80.2154083252,77914,77924,10
12.9988899231,80.2149276733,77924,77934,10
12.9991798401,80.2146835327,77934,77945,11
12.9996099472,80.2143325806,77945,77955,10
12.9999399185,80.214050293,77955,77965,10
13.0003004074,80.213722229,77965,77975,10
13.0007400513,80.2133407593,77975,77985,10
13.0011901855,80.2129898071,77985,77995,10
13.0015602112,80.2127075195,77995,78005,10
13.0019903183,80.2124176025,78005,78015,10
13.0024795532,80.2121810913,78015,78025,10
13.002869606,80.2120895386,78025,78034,9
13.003279686,80.2120513916,78034,78046,12
13.0036296844,80.2119522095,78046,78056,10
13.0037202835,80.2118377686,78056,78066,10
13.0037002563,80.2114486694,78066,78076,10
13.0036401749,80.2108764648,78076,78086,10
13.0035600662,80.2102890015,78086,78096,10
13.0034999847,80.2096710205,78096,78106,10
13.0036201477,80.208946228,78106,78116,10
13.0040502548,80.2086486816,78116,78126,10
13.0047998428,80.2089920044,78126,78136,10
13.0057201385,80.2093963623,78136,78146,10
13.0063695908,80.2096176147,78146,78157,11
13.0070896149,80.2097702026,78157,78187,30
13.0070896149,80.2097702026,78187,78197,10
13.0075101852,80.2098922729,78197,78207,10
13.0077800751,80.2099380493,78207,78217,10
13.0080299377,80.2099609375,78217,78227,10
13.0080699921,80.2097473145,78227,78237,10
13.0079898834,80.2092819214,78237,78247,10
13.007809639,80.2086105347,78247,78258,11
13.0076904297,80.207649231,78258,78268,10
13.0075302124,80.2067108154,78268,78278,10
13.0074195862,80.2057113647,78278,78288,10
13.0074501038,80.204750061,78288,78298,10
13.0074501038,80.2039337158,78298,78308,10
13.0073299408,80.2031173706,78308,78318,10
13.0068998337,80.202583313,78318,78328,10
13.0065202713,80.2029724121,78328,78338,10
13.0068902969,80.2034301758,78338,78348,10
13.0075702667,80.2036819458,78348,78357,9
13.0083503723,80.2037200928,78357,78369,12
13.0096597672,80.2036209106,78369,78379,10
13.0109300613,80.2036437988,78379,78389,10
13.0122003555,80.2038192749,78389,78399,10
13.0133104324,80.2040710449,78399,78409,10
13.0139598846,80.204246521,78409,78419,10
13.0149698257,80.2045593262,78419,78439,20
13.0149698257,80.2045593262,78439,78449,10
13.0152397156,80.2045898438,78449,78459,10
13.015540123,80.2046890259,78459,78490,31
13.015540123,80.2046890259,78490,78500,10
13.01583004,80.2048568726,78500,78510,10
13.0158596039,80.2048797607,78510,78520,10
13.0160503387,80.2049713135,78520,78530,10
13.0162696838,80.205039978,78530,78540,10
13.0165195465,80.2050476074,78540,78560,20
13.0165195465,80.2050476074,78560,78570,10
13.0169897079,80.2052993774,78570,78581,11
13.0176496506,80.2055206299,78581,78591,10
13.0182104111,80.2057189941,78591,78601,10
13.0186100006,80.2058792114,78601,78611,10
13.0186595917,80.205909729,78611,78621,10
13.0188503265,80.2060089111,78621,78631,10
13.0192899704,80.2061309814,78631,78641,10
13.0199298859,80.2062225342,78641,78651,10
13.0207595825,80.2062530518,78651,78661,10
13.0214099884,80.2062301636,78661,78671,10
13.0215196609,80.2062301636,78671,78680,9
13.0216903687,80.206237793,78680,78692,12
13.0221004486,80.2062835693,78692,78702,10
13.0226297379,80.206413269,78702,78712,10
13.0233802795,80.2065734863,78712,78722,10
13.0238399506,80.2065811157,78722,78732,10
13.024310112,80.2066802979,78732,78742,10
13.0243997574,80.206703186,78742,78752,10
13.0248098373,80.2067871094,78752,78762,10
13.0254201889,80.2069625854,78762,78772,10
13.0262804031,80.2073669434,78772,78782,10
13.0270700455,80.2078475952,78782,78793,11
13.0279302597,80.2083587646,78793,78803,10
13.0287303925,80.2086105347,78803,78813,10
13.0297002792,80.2088317871,78813,78833,20
13.0297002792,80.2088317871,78833,78843,10
13.0299196243,80.2088699341,78843,78853,10
13.0302200317,80.2089691162,78853,78863,10
13.0307502747,80.2091522217,78863,78873,10
13.0316896439,80.2093582153,78873,78893,20
13.0316896439,80.2093582153,78893,78904,11
13.0321302414,80.2094573975,78904,78914,10
13.0327701569,80.2095718384,78914,78924,10
13.0334701538,80.2097473145,78924,78934,10
13.0343999863,80.2099533081,78934,78944,10
13.0350399017,80.2102508545,78944,78954,10
13.0349798203,80.2108688354,78954,78964,10
13.0349903107,80.2112731934,78964,78993,29
13.0349903107,80.2112731934,78993,79005,12
13.0348796844,80.2117767334,79005,79015,10
13.0348701477,80.2120132446,79015,79025,10
13.0349197388,80.2122421265,79025,79035,10
13.0352401733,80.2123031616,79035,79045,10
13.0357999802,80.2122879028,79045,79055,10
13.0366096497,80.212310791,79055,79065,10
13.0373802185,80.2123031616,79065,79075,10
13.0382604599,80.2123031616,79075,79085,10
13.0392999649,80.2122879028,79085,79095,10
13.0404701233,80.212272644,79095,79105,10
13.0417003632,80.2123413086,79105,79116,11
13.0430698395,80.212272644,79116,79126,10
13.0440797806,80.2122268677,79126,79146,20
13.0440797806,80.2122268677,79146,79156,10
13.0441999435,80.2122268677,79156,79166,10
13.0443496704,80.2122421265,79166,79176,10
13.0447397232,80.2122421265,79176,79186,10
13.0454101563,80.2122192383,79186,79196,10
13.0462303162,80.2121582031,79196,79206,10
13.0471000671,80.2121200562,79206,79217,11
13.0480804443,80.2120513916,79217,79227,10
13.0485601425,80.212020874,79227,79237,10
13.0485696793,80.2120285034,79237,79247,10
13.048740387,80.212059021,79247,79257,10
13.049200058,80.2119979858,79257,79267,10
13.0495996475,80.2119598389,79267,79277,10
13.0500202179,80.2119293213,79277,79307,30
13.0500202179,80.2119293213,79307,79317,10
13.0503702164,80.2119979858,79317,79328,11
13.0506696701,80.2120513916,79328,79338,10
13.0514698029,80.2120285034,79338,79348,10
13.0526800156,80.2118225098,79348,79358,10
13.0538797379,80.2115020752,79358,79368,10
13.0544395447,80.2113571167,79368,79378,10
13.0548696518,80.2113571167,79378,79388,10
13.0555801392,80.2113800049,79388,79398,10
13.0564498901,80.2113800049,79398,79408,10
13.0571203232,80.2113876343,79408,79418,10
13.0575399399,80.2114028931,79418,79428,10
13.0576400757,80.2114181519,79428,79439,11
13.0581197739,80.2114334106,79439,79449,10
13.0587997437,80.21144104,79449,79459,10
13.0595998764,80.2115020752,79459,79469,10
13.0605697632,80.211517334,79469,79479,10
13.0615196228,80.2115783691,79479,79489,10
13.0622196198,80.2116088867,79489,79499,10
13.0629796982,80.2115631104,79499,79509,10
13.0631599426,80.2115631104,79509,79519,10
13.0635499954,80.2115325928,79519,79529,10
13.0640497208,80.211479187,79529,79540,11
13.0647497177,80.2112426758,79540,79550,10
13.0654497147,80.2107696533,79550,79560,10
13.0662202835,80.2101516724,79560,79570,10
13.06690979,80.2094268799,79570,79580,10
13.0675296783,80.2085494995,79580,79590,10
13.0681200027,80.2076263428,79590,79600,10
13.0687103271,80.2067108154,79600,79610,10
13.0692100525,80.2059173584,79610,79620,10
13.0694198608,80.2055206299,79620,79630,10
13.0695896149,80.2053070068,79630,79640,10
13.0696802139,80.205078125,79640,79651,11
13.0694904327,80.2048568726,79651,79661,10
13.0692100525,80.2050094604,79661,79671,10
13.0689001083,80.2053833008,79671,79681,10
13.0687503815,80.2049789429,79681,79731,50
13.0687503815,80.2049789429,79731,79741,10
13.0688495636,80.2047119141,79741,79752,11
13.0692501068,80.2047119141,79752,79762,10
13.069609642,80.2047576904,79762,79772,10
13.0698795319,80.204788208,79772,79782,10
13.0699996948,80.2046432495,79782,79792,10
13.0702400208,80.2042999268,79792,79802,10
13.0706996918,80.203742981,79802,79812,10
13.0713195801,80.2030410767,79812,79822,10
13.0719299316,80.202293396,79822,79852,30
13.0719299316,80.202293396,79852,79863,11
13.071969986,80.2022018433,79863,79873,10
13.0721998215,80.2019805908,79873,79883,10
13.0724401474,80.2016906738,79883,79893,10
13.0727300644,80.2013168335,79893,79903,10
13.0729198456,80.2011108398,79903,79913,10
13.0730400085,80.2009963989,79913,79923,10
13.0732498169,80.2008132935,79923,79933,10
13.0735397339,80.2004470825,79933,79943,10
13.0739297867,80.1999969482,79943,79953,10
13.0742797852,80.1996078491,79953,79964,11
13.074379921,80.1995391846,79964,79974,10
13.074640274,80.1992874146,79974,79984,10
13.075220108,80.1990890503,79984,79994,10
13.0760202408,80.1990280151,79994,80004,10
13.0768299103,80.1989822388,80004,80014,10
13.0776500702,80.1988830566,80014,80024,10
13.0785198212,80.1987762451,80024,80034,10
13.0794296265,80.1986923218,80034,80044,10
13.0803604126,80.198600769,80044,80054,10
13.0813398361,80.1985397339,80054,80064,10
13.0823097229,80.1984710693,80064,80075,11
13.0831604004,80.1984634399,80075,80085,10
13.0837402344,80.1984329224,80085,80095,10
13.0842103958,80.1984481812,80095,80105,10
13.0847196579,80.1984634399,80105,80115,10
13.0851697922,80.1984481812,80115,80145,30
13.0851697922,80.1984481812,80145,80155,10
13.0855398178,80.1984710693,80155,80165,10
13.0858697891,80.1984863281,80165,80176,11
13.086520195,80.1984786987,80176,80186,10
13.086930275,80.1984710693,80186,80196,10
13.087100029,80.1983108521,80196,80206,10
13.0871295929,80.1980209351,80206,80216,10
13.0871896744,80.1979675293,80216,80226,10
13.0872097015,80.1975784302,80226,80236,10
13.0872097015,80.1969528198,80236,80246,10
13.0872297287,80.1960906982,80246,80256,10
13.0872402191,80.1954727173,80256,80266,10
13.0872402191,80.1946868896,80266,80276,10
13.0872402191,80.1937713623,80276,80287,11
13.0872402191,80.1929397583,80287,80297,10
13.0872898102,80.1925582886,80297,80307,10
13.0873603821,80.1920089722,80307,80317,10
13.0874500275,80.1912689209,80317,80327,10
13.0875501633,80.1904525757,80327,80337,10
13.0876598358,80.1895904541,80337,80347,10
13.0876998901,80.1890029907,80347,80357,10
13.0877103806,80.1889419556,80357,80367,10
13.0877504349,80.1886062622,80367,80377,10
13.087770462,80.1880722046,80377,80388,11
13.0878000259,80.1873321533,80388,80398,10
13.0878400803,80.1864624023,80398,80408,10
13.0878696442,80.1854782104,80408,80418,10
13.0879402161,80.1844711304,80418,80428,10
13.08796978,80.1834030151,80428,80438,10
13.0879898071,80.1823196411,80438,80448,10
13.088060379,80.1814575195,80448,80458,10
13.0881004333,80.1804962158,80458,80468,10
13.0880804062,80.1796569824,80468,80478,10
13.0881004333,80.1788864136,80478,80499,21
13.0881004333,80.1788864136,80499,80509,10
13.0881099701,80.1785964966,80509,80519,10
13.0881204605,80.1780090332,80519,80529,10
13.0881500244,80.1773376465,80529,80539,10
13.0881996155,80.1765594482,80539,80549,10
13.088259697,80.1756515503,80549,80559,10
13.0883197784,80.1746826172,80559,80569,10
13.0883903503,80.1738967896,80569,80579,10
13.0884399414,80.1730422974,80579,80589,10
13.0884799957,80.1721801758,80589,80599,10
13.0885295868,80.1713867188,80599,80610,11
13.0885896683,80.170501709,80610,80620,10
13.0886497498,80.1696624756,80620,80630,10
13.0889196396,80.1694717407,80630,80640,10
13.0894098282,80.1695098877,80640,80650,10
13.0901498795,80.1695327759,80650,80660,10
13.091050148,80.1696014404,80660,80670,10
13.0920600891,80.169631958,80670,80680,10
13.0928401947,80.1697311401,80680,80690,10
13.0937004089,80.169708252,80690,80700,10
13.0945796967,80.1697463989,80700,80711,11
13.0949201584,80.1697921753,80711,80721,10
13.0952100754,80.1698226929,80721,80731,10
13.0957403183,80.1698532104,80731,80741,10
13.0965204239,80.1698913574,80741,80751,10
13.0974302292,80.1699295044,80751,80761,10
13.0984401703,80.1700210571,80761,80771,10
13.0991697311,80.1700897217,80771,80781,10
13.0994100571,80.1700668335,80781,80791,10
13.0996398926,80.1699981689,80791,80822,31
13.0996398926,80.1699981689,80822,80832,10
13.0997896194,80.1700973511,80832,80842,10
13.0997695923,80.1701812744,80842,80852,10
13.0996398926,80.1702575684,80852,80862,10
13.0993900299,80.170211792,80862,80872,10
13.0988397598,80.1701965332,80872,81982,1110
13.0986204147,80.1700668335,81982,82366,384
13.0986204147,80.1700668335,82366,82376,10
13.0985002518,80.1700515747,82376,82386,10
13.0982599258,80.1700668335,82386,82396,10
13.0977897644,80.1700363159,82396,82406,10
13.0973701477,80.1700210571,82406,82416,10
13.0969400406,80.1699981689,82416,82427,11
13.0968599319,80.1699981689,82427,82437,10
13.0965595245,80.169960022,82437,82447,10
13.0961399078,80.169960022,82447,82457,10
13.0955896378,80.169921875,82457,82467,10
13.0949497223,80.1698684692,82467,82477,10
13.0946702957,80.1698379517,82477,82487,10
13.094420433,80.1698303223,82487,82497,10
13.0940303802,80.1698226929,82497,82507,10
13.0934000015,80.1697692871,82507,82517,10
13.092590332,80.1697235107,82517,82526,9
13.0918703079,80.169670105,82526,82538,12
13.0908002853,80.169593811,82538,82548,10
13.0899000168,80.1695404053,82548,82558,10
13.0890102386,80.1694793701,82558,82568,10
13.0886497498,80.1697616577,82568,82588,20
13.0886497498,80.1697616577,82588,82598,10
13.0886201859,80.1700820923,82598,82608,10
13.0886001587,80.1705169678,82608,82618,10
13.0885696411,80.171043396,82618,82628,10
13.0885601044,80.1714706421,82628,82639,11
13.088549614,80.171913147,82639,82649,10
13.088549614,80.1719589233,82649,82659,10
13.0885400772,80.17212677,82659,82669,10
13.0885295868,80.172492981,82669,82679,10
13.0884799957,80.1731033325,82679,82689,10
13.0884399414,80.1738128662,82689,82699,10
13.0883903503,80.1745223999,82699,82709,10
13.0883398056,80.1753082275,82709,82719,10
13.0883102417,80.1761474609,82719,82729,10
13.0882501602,80.1770172119,82729,82739,10
13.0882396698,80.1775894165,82739,82750,11
13.0882396698,80.1785812378,82750,82770,20
13.0882396698,80.1785812378,82770,82780,10
13.0882196426,80.1790008545,82780,82790,10
13.0882196426,80.1795730591,82790,82800,10
13.0881996155,80.1803817749,82800,82810,10
13.0881795883,80.1811828613,82810,82820,10
13.0881204605,80.1820678711,82820,82830,10
13.0880699158,80.1829910278,82830,82840,10
13.0880298615,80.1839599609,82840,82851,11
13.0879898071,80.1849365234,82851,82861,10
13.0880002975,80.1857376099,82861,82871,10
13.0879602432,80.1866226196,82871,82881,10
13.0879001617,80.1875534058,82881,82891,10
13.0878696442,80.1884765625,82891,82901,10
13.0877799988,80.1897583008,82901,82921,20
13.0877799988,80.1897583008,82921,82931,10
13.0877199173,80.190071106,82931,82941,10
13.0876398087,80.1905822754,82941,82951,10
13.0875597,80.1913223267,82951,82962,11
13.0874300003,80.192237854,82962,82972,10
13.0873498917,80.193107605,82972,82982,10
13.0873203278,80.1940612793,82982,82992,10
13.0873098373,80.1949996948,82992,83002,10
13.0872802734,80.1959228516,83002,83012,10
13.0872402191,80.1968612671,83012,83022,10
13.0872297287,80.1976089478,83022,83032,10
13.087220192,80.1979827881,83032,83042,10
13.0872898102,80.1983413696,83042,83052,10
13.0875301361,80.1984710693,83052,83062,10
13.0880098343,80.1984405518,83062,83073,11
13.0887699127,80.1984176636,83073,83083,10
13.0894804001,80.1984405518,83083,83093,10
13.0902395248,80.1984710693,83093,83103,10
13.0910396576,80.1985473633,83103,83113,10
13.0918903351,80.198600769,83113,83123,10
13.0926504135,80.1986236572,83123,83133,10
13.0929803848,80.1988601685,83133,83143,10
13.0929203033,80.19947052,83143,83153,10
13.0929298401,80.2002563477,83153,83163,10
13.0928297043,80.200592041,83163,83174,11
13.0924797058,80.2006225586,83174,83184,10
13.0918397903,80.2006225586,83184,83194,10
13.0909204483,80.2005462646,83194,83204,10
13.0898103714,80.2004699707,83204,83214,10
13.0886898041,80.2004394531,83214,83224,10
13.0875396729,80.2003936768,83224,83234,10
13.0867996216,80.2003707886,83234,83244,10
13.0860395432,80.2003707886,83244,83254,10
13.0854301453,80.200340271,83254,83264,10
13.0852603912,80.2002029419,83264,83274,10
13.0853099823,80.1997909546,83274,83285,11
13.0853004456,80.1988067627,83285,83345,60
13.0853004456,80.1988067627,83345,83355,10
13.0849895477,80.1986999512,83355,83365,10
13.0848197937,80.1986999512,83365,83375,10
13.0845003128,80.1986923218,83375,83386,11
13.0838699341,80.1986694336,83386,83406,20
13.0838699341,80.1986694336,83406,83416,10
13.0835199356,80.198677063,83416,83426,10
13.0832996368,80.1986618042,83426,83436,10
13.0832796097,80.1986618042,83436,83446,10
13.0830202103,80.198600769,83446,83456,10
13.0825796127,80.1986236572,83456,83466,10
13.0819597244,80.1986312866,83466,83476,10
13.0812702179,80.1986618042,83476,83486,10
13.0804395676,80.1986999512,83486,83497,11
13.0794496536,80.1987762451,83497,83507,10
13.0784502029,80.198890686,83507,83517,10
13.0774402618,80.1990203857,83517,83527,10
13.0764503479,80.1991500854,83527,83537,10
13.0755395889,80.1992721558,83537,83547,10
13.074640274,80.1996078491,83547,83557,10
13.0738697052,80.2002716064,83557,83567,10
13.0732498169,80.2009735107,83567,83577,10
13.0726099014,80.2017211914,83577,83587,10
13.072019577,80.2023925781,83587,83598,11
13.0712995529,80.2032165527,83598,83608,10
13.0705699921,80.2040405273,83608,83618,10
13.0699796677,80.2048416138,83618,83628,10
13.069729805,80.2050170898,83628,83638,10
13.0697002411,80.2050018311,83638,83648,10
13.0695104599,80.2048568726,83648,83658,10
13.0692396164,80.2049102783,83658,83668,10
13.0689401627,80.205329895,83668,83678,10
13.0683403015,80.2054367065,83678,83688,10
13.0679798126,80.2052230835,83688,83779,91
13.0679798126,80.2052230835,83779,83789,10
13.0680599213,80.2050628662,83789,83798,9
13.0682401657,80.2049407959,83798,83809,11
13.0685300827,80.2048187256,83809,83820,11
13.0689496994,80.2046890259,83820,83850,30
13.0689496994,80.2046890259,83850,83860,10
13.0692396164,80.2046737671,83860,83870,10
13.0695104599,80.2046966553,83870,83880,10
13.0696697235,80.2047729492,83880,83890,10
13.0697603226,80.205116272,83890,83900,10
13.0695104599,80.2055282593,83900,83910,10
13.0691795349,80.2060775757,83910,83921,11
13.0687398911,80.2068023682,83921,83931,10
13.0683202744,80.2074813843,83931,83941,10
13.0678796768,80.2082214355,83941,83951,10
13.0673999786,80.2089767456,83951,83961,10
13.0668697357,80.2097396851,83961,83971,10
13.0661497116,80.2103424072,83971,83981,10
13.0655202866,80.2108383179,83981,83991,10
13.0649204254,80.2112579346,83991,84001,10
13.0641899109,80.2115478516,84001,84011,10
13.0634098053,80.2116622925,84011,84021,10
13.0626401901,80.2117233276,84021,84032,11
13.0617704391,80.211730957,84032,84042,10
13.0607795715,80.2117233276,84042,84052,10
13.0597295761,80.2117004395,84052,84062,10
13.0586700439,80.2116622925,84062,84072,10
13.057800293,80.2116394043,84072,84082,10
13.0577001572,80.2116622925,84082,84092,10
13.0575504303,80.2116470337,84092,84102,10
13.0571498871,80.2116622925,84102,84112,10
13.0565795898,80.2116394043,84112,84122,10
13.0558099747,80.2116317749,84122,84133,11
13.0548496246,80.2116012573,84133,84143,10
13.0542402267,80.2116394043,84143,84153,10
13.053560257,80.2117767334,84153,84163,10
13.0528202057,80.2119522095,84163,84173,10
13.0520896912,80.2121505737,84173,84183,10
13.051320076,80.2121963501,84183,84193,10
13.0508403778,80.2121963501,84193,84203,10
13.0498104095,80.2121582031,84203,84233,30
13.0498104095,80.2121582031,84233,84244,11
13.0495595932,80.2121887207,84244,84254,10
13.0492296219,80.2121887207,84254,84264,10
13.0486602783,80.2121963501,84264,84274,10
13.0480298996,80.2122421265,84274,84284,10
13.0472202301,80.212310791,84284,84294,10
13.0462799072,80.2123413086,84294,84304,10
13.0453701019,80.2123718262,84304,84314,10
13.044670105,80.2124099731,84314,84324,10
13.0444698334,80.2124328613,84324,84334,10
13.044380188,80.2124328613,84334,84345,11
13.044090271,80.2124099731,84345,84355,10
13.0435495377,80.2124099731,84355,84365,10
13.0428199768,80.2124099731,84365,84375,10
13.0419998169,80.2124023438,84375,84385,10
13.0410995483,80.212387085,84385,84395,10
13.040140152,80.2123565674,84395,84405,10
13.0391302109,80.2123718262,84405,84415,10
13.0381698608,80.212387085,84415,84425,10
13.0373897552,80.212348938,84425,84444,19
13.0373897552,80.212348938,84444,84456,12
13.0371198654,80.212310791,84456,84466,10
13.0366897583,80.2123031616,84466,84476,10
13.0360202789,80.2122879028,84476,84486,10
13.0352497101,80.2122802734,84486,84496,10
13.0346403122,80.2121734619,84496,84506,10
13.0343103409,80.2121124268,84506,84526,20
13.0343103409,80.2121124268,84526,84536,10
13.0340299606,80.2120437622,84536,84545,9
13.033659935,80.2119827271,84545,84557,12
13.032959938,80.2118530273,84557,84567,10
13.0323295593,80.2117614746,84567,84577,10
13.0319700241,80.211479187,84577,84587,10
13.0320396423,80.2109375,84587,84597,10
13.0320501328,80.2101974487,84597,84607,10
13.0319299698,80.2096710205,84607,84617,10
13.0315904617,80.2095413208,84617,84627,10
13.0306997299,80.2092666626,84627,84637,10
13.0300197601,80.2090530396,84637,84647,10
13.0296497345,80.2089691162,84647,84657,10
13.0295200348,80.2089614868,84657,84668,11
13.0292901993,80.2088775635,84668,84678,10
13.0286998749,80.208732605,84678,84688,10
13.0279598236,80.208480835,84688,84698,10
13.0273895264,80.2081680298,84698,84708,10
13.0266704559,80.2077484131,84708,84718,10
13.025970459,80.207359314,84718,84728,10
13.0251703262,80.2070465088,84728,84738,10
13.0243196487,80.2068862915,84738,84748,10
13.0235795975,80.206741333,84748,84758,10
13.0230197906,80.2066192627,84758,84769,11
13.0218696594,80.206451416,84769,84779,10
13.0210800171,80.206451416,84779,84789,10
13.0201997757,80.206451416,84789,84799,10
13.0191402435,80.2063369751,84799,84819,20
13.0191402435,80.2063369751,84819,84829,10
13.0188903809,80.2062301636,84829,84839,10
13.0185003281,80.2060928345,84839,84849,10
13.0178403854,80.2058486938,84849,84859,10
13.0170202255,80.2055435181,84859,84869,10
13.0160198212,80.2052230835,84869,84880,11
13.014960289,80.2049026489,84880,84890,10
13.0142002106,80.2046432495,84890,84900,10
13.0141496658,80.2046203613,84900,84910,10
13.013879776,80.2045593262,84910,84920,10
13.0134897232,80.2044219971,84920,84930,10
13.0129003525,80.2042236328,84930,84940,10
13.0120801926,80.2039718628,84940,84950,10
13.0112400055,80.2038192749,84950,84960,10
13.0104598999,80.2037582397,84960,84970,10
13.0097198486,80.2037582397,84970,84981,11
13.008939743,80.2037887573,84981,84991,10
13.0083999634,80.2038269043,84991,85001,10
13.0079898834,80.2038497925,85001,85011,10
13.0075597763,80.2038269043,85011,85021,10
13.0069599152,80.2036514282,85021,85031,10
13.0064001083,80.2033004761,85031,85041,10
13.005900383,80.2027206421,85041,85051,10
13.0054597855,80.2019271851,85051,85061,10
13.0045995712,80.2013015747,85061,85112,51
13.0045995712,80.2013015747,85112,85122,10
13.0044698715,80.2012710571,85122,85132,10
13.0042295456,80.2011795044,85132,85142,10
13.0038003922,80.2010803223,85142,85152,10
13.0033102036,80.200920105,85152,85162,10
13.0027103424,80.2007217407,85162,85172,10
13.0020198822,80.2003173828,85172,85182,10
13.001660347,80.1997070313,85182,85193,11
13.001660347,80.1989822388,85193,85203,10
13.0017499924,80.1983184814,85203,85213,10
13.0018596649,80.1975402832,85213,85223,10
13.0017795563,80.1968231201,85223,85233,10
13.0012598038,80.1960525513,85233,85243,10
13.0007200241,80.195350647,85243,85253,10
13.0000801086,80.1945724487,85253,85263,10
12.9994602203,80.1937866211,85263,85273,10
12.9989995956,80.1931381226,85273,85283,10
12.9985704422,80.1925201416,85283,85293,10
12.9981098175,80.1923904419,85293,85304,11
12.9975996017,80.192779541,85304,85314,10
12.9969501495,80.1932601929,85314,85334,20
12.9969501495,80.1932601929,85334,85344,10
12.9967699051,80.1930770874,85344,85354,10
12.9967098236,80.1928863525,85354,85364,10
12.9966602325,80.1927185059,85364,85374,10
12.9966602325,80.1927032471,85374,85384,10
12.9966096878,80.1924209595,85384,85394,10
12.9965200424,80.1920013428,85394,85445,51
