13.0754995346,80.275718689,14,650,636
13.0756998062,80.2757415771,650,872,222
13.0756797791,80.2755737305,872,993,121
13.0756797791,80.2755737305,993,1003,10
13.0757799149,80.275718689,1003,1094,91
13.075750351,80.2756576538,1094,1538,444
13.0754699707,80.2757110596,1538,1813,275
13.0756902695,80.2755584717,1813,1843,30
13.0758600235,80.2756729126,1843,2005,162
13.0758104324,80.2758712769,2005,2116,111
13.0759496689,80.2757568359,2116,3166,1050
13.0758199692,80.2758789063,3166,3267,101
13.0758199692,80.2758789063,3267,3277,10
13.075969696,80.2757492065,3277,5549,2272
13.0758399963,80.2756881714,5549,6003,454
13.0760202408,80.275718689,6003,8113,2110
13.0760202408,80.2757720947,8113,8729,616
13.0760803223,80.2757873535,8729,12213,3484
13.0760803223,80.2757873535,12213,12223,10
13.075799942,80.2756729126,12223,12738,515
13.0759496689,80.275642395,12738,19260,6522
13.0759496689,80.275642395,19260,19271,11
13.0758895874,80.2752304077,19271,20735,1464
13.0758895874,80.2752304077,20735,20745,10
13.0758304596,80.2752227783,20745,20886,141
13.075799942,80.2752990723,20886,21340,454
13.075799942,80.2752990723,21340,21350,10
13.075969696,80.275062561,21350,21603,253
13.0757703781,80.2747192383,21603,23278,1675
13.0757703781,80.2747192383,23278,23288,10
13.0757598877,80.2749023438,23288,23298,10
13.0757904053,80.2750015259,23298,23308,10
13.0759401321,80.2753601074,23308,23318,10
13.0760698318,80.2757415771,23318,23742,424
13.0760698318,80.2757415771,23742,23752,10
13.0758895874,80.2760772705,23752,23762,10
13.0759096146,80.2762374878,23762,23773,11
13.0761299133,80.2762908936,23773,23783,10
13.0766000748,80.276260376,23783,23793,10
13.0773696899,80.2761764526,23793,23803,10
13.0781202316,80.2760162354,23803,23813,10
13.0784301758,80.2752838135,23813,23823,10
13.0790395737,80.2751464844,23823,23833,10
13.0797700882,80.2752914429,23833,23843,10
13.0805797577,80.2752380371,23843,23853,10
13.0810899734,80.2751998901,23853,23863,10
13.0814304352,80.2751464844,23863,23874,11
13.0817403793,80.2751617432,23874,23884,10
13.0819396973,80.2752380371,23884,23894,10
13.0820999146,80.2754669189,23894,23930,36
13.0820999146,80.2754669189,23930,23943,13
13.0821399689,80.2757720947,23943,23953,10
13.0819501877,80.2759399414,23953,23963,10
13.0818300247,80.2761001587,23963,23973,10
13.081870079,80.2766571045,23973,23984,11
13.0819797516,80.2776794434,23984,23994,10
13.0823698044,80.2780303955,23994,24004,10
13.0828800201,80.2780609131,24004,24012,8
13.0832901001,80.2780990601,24012,24025,13
13.0835103989,80.2784194946,24025,24035,10
13.0835800171,80.2788925171,24035,24045,10
13.0832595825,80.2788772583,24045,24055,10
13.0825996399,80.2786178589,24055,24065,10
13.0820703506,80.2783126831,24065,24075,10
13.0819702148,80.2778701782,24075,24085,10
13.081870079,80.2773132324,24085,24096,11
13.0817499161,80.2764587402,24096,24119,23
13.0816402435,80.2759933472,24119,24131,12
13.0816001892,80.2757797241,24131,24171,40
13.0816001892,80.2757797241,24171,24181,10
13.0815296173,80.2754821777,24181,24212,31
13.0815296173,80.2754821777,24212,24222,10
13.081489563,80.2753295898,24222,24232,10
13.0811796188,80.2752227783,24232,24242,10
13.080619812,80.2752838135,24242,24252,10
13.080039978,80.2753372192,24252,24262,10
13.0795001984,80.2753219604,24262,24272,10
13.0788602829,80.2751998901,24272,24282,10
13.0782699585,80.2756881714,24282,24292,10
13.0777702332,80.2762374878,24292,24303,11
13.0767002106,80.2762985229,24303,24313,10
13.0757598877,80.2763366699,24313,24323,10
13.0747098923,80.2763595581,24323,24333,10
13.073679924,80.2764587402,24333,24343,10
13.0730199814,80.2758789063,24343,24353,10
13.0718603134,80.2746582031,24353,24403,50
13.0718603134,80.2746582031,24403,24414,11
13.0714502335,80.274520874,24414,24424,10
13.0708398819,80.2743606567,24424,24434,10
13.0706195831,80.2740631104,24434,24444,10
13.0705604553,80.2738800049,24444,24454,10
13.0702600479,80.2733612061,24454,24464,10
13.0697002411,80.2726898193,24464,24474,10
13.0690402985,80.2720718384,24474,24484,10
13.0683803558,80.2717819214,24484,24494,10
13.0679197311,80.2711486816,24494,24504,10
13.0673799515,80.2705535889,24504,24515,11
13.0666999817,80.2699203491,24515,24525,10
13.0664701462,80.269317627,24525,24535,10
13.0664100647,80.2685317993,24535,24545,10
13.0659103394,80.2678833008,24545,24555,10
13.0654296875,80.2676620483,24555,24565,10
13.0653800964,80.2676467896,24565,24575,10
13.0651597977,80.2675476074,24575,24585,10
13.0646295547,80.2674713135,24585,24595,10
13.0639095306,80.2673492432,24595,24605,10
13.0629701614,80.2672119141,24605,24615,10
13.0622596741,80.2665863037,24615,24626,11
13.0614900589,80.2656707764,24626,24636,10
13.0608196259,80.2652435303,24636,24646,10
13.060500145,80.2654266357,24646,24656,10
13.0604801178,80.2654418945,24656,24666,10
13.0603399277,80.2654876709,24666,24676,10
13.0598602295,80.2655792236,24676,24686,10
13.059129715,80.2656021118,24686,24696,10
13.0583400726,80.2652816772,24696,24706,10
13.0580396652,80.2644729614,24706,24716,10
13.0579099655,80.2633514404,24716,24727,11
13.0577297211,80.2620773315,24727,24737,10
13.057510376,80.2610015869,24737,24747,10
13.057220459,80.2599716187,24747,24757,10
13.0568399429,80.2590332031,24757,24767,10
13.0566596985,80.2580871582,24767,24777,10
13.0565500259,80.2574768066,24777,24787,10
13.0565500259,80.2574462891,24787,24797,10
13.0564498901,80.2570571899,24797,24807,10
13.0563297272,80.2565765381,24807,24817,10
13.0560102463,80.2559967041,24817,24827,10
13.0555200577,80.2553100586,24827,24838,11
13.0548801422,80.2544631958,24838,24848,10
13.0544204712,80.2538833618,24848,24858,10
13.0537395477,80.2529830933,24858,24868,10
13.052980423,80.2519989014,24868,24878,10
13.0521602631,80.2509078979,24878,24888,10
13.050909996,80.2501220703,24888,24898,10
13.0495100021,80.2498321533,24898,24908,10
13.0480203629,80.2493896484,24908,24918,10
13.0470504761,80.2486419678,24918,24928,10
13.0469102859,80.2486190796,24928,24939,11
13.0465297699,80.2485961914,24939,24949,10
13.0457401276,80.2484512329,24949,24959,10
13.0446996689,80.2481307983,24959,24969,10
13.0433998108,80.2479019165,24969,24979,10
13.0421104431,80.2476119995,24979,24989,10
13.0408601761,80.2473297119,24989,24999,10
13.0399398804,80.2471466064,24999,25009,10
13.0395097733,80.2470474243,25009,25019,10
13.0391302109,80.2469787598,25019,25029,10
13.038479805,80.2468032837,25029,25039,10
13.0378198624,80.2466964722,25039,25050,11
13.0368795395,80.2465286255,25050,25059,9
13.0363101959,80.246421814,25059,25070,11
13.0359296799,80.2463531494,25070,25080,10
13.0355195999,80.2461700439,25080,25090,10
13.0354995728,80.2461700439,25090,25100,10
13.0352802277,80.2460021973,25100,25110,10
13.0349702835,80.2458190918,25110,25120,10
13.0347499847,80.2455291748,25120,25130,10
13.0343999863,80.2450332642,25130,25140,10
13.0339603424,80.2444915771,25140,25150,10
13.0333795547,80.2438583374,25150,25161,11
13.0326099396,80.2428207397,25161,25171,10
13.0319404602,80.241859436,25171,25181,10
13.0312004089,80.2402801514,25181,25241,60
13.0312004089,80.2402801514,25241,25251,10
13.0311803818,80.2402114868,25251,25262,11
13.0309801102,80.2397232056,25262,25272,10
13.0306301117,80.2389984131,25272,25282,10
13.0300998688,80.2380599976,25282,25292,10
13.0292797089,80.236907959,25292,25302,10
13.0282897949,80.2358779907,25302,25312,10
13.0275602341,80.2348022461,25312,25322,10
13.0268001556,80.2335510254,25322,25332,10
13.0262098312,80.2322463989,25332,25342,10
13.0258798599,80.231086731,25342,25352,10
13.0253801346,80.2300186157,25352,25362,10
13.0246496201,80.2290420532,25362,25373,11
13.0241003036,80.2284393311,25373,25383,10
13.0239200592,80.2281723022,25383,25393,10
13.0236597061,80.2278366089,25393,25403,10
13.0234003067,80.2275619507,25403,25413,10
13.0233097076,80.2274475098,25413,25423,10
13.0231399536,80.2273101807,25423,25433,10
13.0228595734,80.2270584106,25433,25443,10
13.0225696564,80.2267837524,25443,25459,16
13.0216999054,80.226020813,25459,25471,12
13.0211496353,80.2256164551,25471,25482,11
13.0207004547,80.2252502441,25482,25492,10
13.0198802948,80.2247085571,25492,25502,10
13.0188999176,80.2244415283,25502,25512,10
13.0181303024,80.2247161865,25512,25522,10
13.0173301697,80.2250595093,25522,25532,10
13.0165500641,80.2253799438,25532,25542,10
13.016289711,80.2255096436,25542,25552,10
13.0158004761,80.225692749,25552,25562,10
13.0151100159,80.2259292603,25562,25571,9
13.0145797729,80.2261581421,25571,25593,22
13.0145797729,80.2261581421,25593,25603,10
13.0141801834,80.2263336182,25603,25613,10
13.0135297775,80.226600647,25613,25623,10
13.0126199722,80.2269363403,25623,25633,10
13.0115003586,80.2273712158,25633,25643,10
13.0104198456,80.2277984619,25643,25653,10
13.0095996857,80.2281188965,25653,25663,10
13.0091295242,80.2286224365,25663,25673,10
13.0090303421,80.2296066284,25673,25683,10
13.0088100433,80.2308197021,25683,25694,11
13.0085296631,80.2321777344,25694,25704,10
13.0083799362,80.2333602905,25704,25712,8
13.0082101822,80.2340774536,25712,25724,12
13.0079898834,80.2351913452,25724,25734,10
13.0077600479,80.2362823486,25734,25744,10
13.0075397491,80.2374801636,25744,25754,10
13.0073204041,80.2386779785,25754,25764,10
13.0070896149,80.2397689819,25764,25774,10
13.006819725,80.2410736084,25774,25784,10
13.0067195892,80.2422714233,25784,25795,11
13.0066995621,80.2434310913,25795,25805,10
13.0066404343,80.2447967529,25805,25815,10
13.0067195892,80.2459793091,25815,25825,10
13.006770134,80.2466964722,25825,25835,10
13.0067796707,80.2471618652,25835,25845,10
13.0065603256,80.2473983765,25845,25855,10
13.0061798096,80.2474212646,25855,25865,10
13.0059099197,80.2473831177,25865,25875,10
13.0052995682,80.2473907471,25875,25885,10
13.0044403076,80.2474517822,25885,25895,10
13.0033798218,80.2475967407,25895,25906,11
13.002289772,80.2478027344,25906,25916,10
13.0010995865,80.2481079102,25916,25926,10
12.9996995926,80.2484436035,25926,25936,10
12.9983501434,80.2487716675,25936,25946,10
12.9970197678,80.2490768433,25946,25956,10
12.9958400726,80.2493972778,25956,25966,10
12.9944801331,80.24974823,25966,25976,10
12.9929599762,80.2501296997,25976,25986,10
12.9915895462,80.25050354,25986,25996,10
12.9911203384,80.2506408691,25996,26007,11
12.9908599854,80.2506790161,26007,26017,10
12.9902200699,80.2508392334,26017,26027,10
12.989279747,80.2510681152,26027,26037,10
12.988240242,80.251373291,26037,26047,10
12.9873199463,80.2515792847,26047,26057,10
12.9863100052,80.2518615723,26057,26067,10
12.9852800369,80.2520980835,26067,26077,10
12.9842395782,80.2523803711,26077,26087,10
12.9830598831,80.2526473999,26087,26097,10
12.9819002151,80.2527084351,26097,26107,10
12.9809503555,80.2527389526,26107,26128,21
12.9809503555,80.2527389526,26128,26138,10
12.980919838,80.2527389526,26138,26148,10
12.9805402756,80.252746582,26148,26158,10
12.9801702499,80.2527999878,26158,26168,10
12.9800300598,80.2527694702,26168,26178,10
12.9796495438,80.2527236938,26178,26188,10
12.9789600372,80.2526702881,26188,26198,10
12.9786500931,80.2525405884,26198,26208,10
12.978099823,80.2521972656,26208,26218,10
12.977399826,80.2516174316,26218,26229,11
12.976149559,80.2511672974,26229,26239,10
12.9747896194,80.2507781982,26239,26249,10
12.9733600616,80.2503509521,26249,26259,10
12.9720096588,80.25,26259,26269,10
12.9705295563,80.2495269775,26269,26279,10
12.9690904617,80.2489471436,26279,26289,10
12.9678001404,80.2484893799,26289,26299,10
12.9668302536,80.2480621338,26299,26309,10
12.9662599564,80.2477798462,26309,26319,10
12.9656200409,80.2475128174,26319,26329,10
12.9651699066,80.2473602295,26329,26340,11
12.9650602341,80.2473220825,26340,26350,10
12.9645500183,80.2471389771,26350,26360,10
12.963760376,80.2468414307,26360,26370,10
12.9627895355,80.2463607788,26370,26380,10
12.9616003036,80.2457809448,26380,26390,10
12.9605503082,80.2452392578,26390,26400,10
12.9599103928,80.2446517944,26400,26410,10
12.9593801498,80.2447433472,26410,26420,10
12.9593095779,80.2447433472,26420,26430,10
12.9589595795,80.2445831299,26430,26441,11
12.9583301544,80.2443008423,26441,26451,10
12.9578695297,80.244140625,26451,26461,10
12.9571800232,80.2439193726,26461,26471,10
12.9565496445,80.2437515259,26471,26481,10
12.9564199448,80.2437133789,26481,26491,10
12.9563903809,80.2437133789,26491,26501,10
12.956199646,80.243637085,26501,26511,10
12.9557104111,80.2433624268,26511,26521,10
12.9549303055,80.2429428101,26521,26531,10
12.9540395737,80.2425613403,26531,26541,10
12.9529304504,80.2420883179,26541,26552,11
12.9518404007,80.2417373657,26552,26562,10
12.9517002106,80.2416915894,26562,26572,10
12.9515600204,80.2416000366,26572,26582,10
12.9511003494,80.2414093018,26582,26592,10
12.950340271,80.2412033081,26592,26602,10
12.949549675,80.2409896851,26602,26612,10
12.949139595,80.240852356,26612,26622,10
12.948800087,80.2406692505,26622,26632,10
12.9480895996,80.2403869629,26632,26642,10
12.9472503662,80.2400436401,26642,26653,11
12.9470996857,80.2400131226,26653,26663,10
12.9467401505,80.2398605347,26663,26673,10
12.9460496902,80.2395477295,26673,26683,10
12.9452400208,80.2390670776,26683,26693,10
12.9444599152,80.2382736206,26693,26703,10
12.943570137,80.2373123169,26703,26713,10
12.9423799515,80.2364807129,26713,26723,10
12.9408903122,80.2360916138,26723,26733,10
12.9397602081,80.2357711792,26733,26753,20
12.9397602081,80.2357711792,26753,26764,11
12.9393396378,80.2355804443,26764,26774,10
12.9387197495,80.2352828979,26774,26784,10
12.9378595352,80.2348327637,26784,26794,10
12.936829567,80.2343292236,26794,26804,10
12.9358100891,80.233833313,26804,26814,10
12.9348402023,80.2333984375,26814,26824,10
12.9340696335,80.2330627441,26824,26834,10
12.9338703156,80.2329711914,26834,26844,10
12.9338197708,80.2329406738,26844,26854,10
12.9334001541,80.2327575684,26854,26864,10
12.9326601028,80.232460022,26864,26875,11
12.9316196442,80.2320785522,26875,26885,10
12.9304103851,80.2316894531,26885,26895,10
12.9291400909,80.2314071655,26895,26905,10
12.9276800156,80.2311782837,26905,26915,10
12.9264097214,80.231048584,26915,26925,10
12.9260797501,80.2310180664,26925,26935,10
12.9259004593,80.23097229,26935,26945,10
12.9253997803,80.2309188843,26945,26955,10
12.924779892,80.2308578491,26955,26965,10
12.9243402481,80.2307815552,26965,26976,11
12.9235601425,80.230682373,26976,26986,10
12.9226398468,80.2305679321,26986,26996,10
12.9214801788,80.2303390503,26996,27006,10
12.9202003479,80.23021698,27006,27016,10
12.9188098907,80.2300262451,27016,27026,10
12.9174003601,80.229850769,27026,27036,10
12.9158296585,80.229637146,27036,27046,10
12.9143400192,80.2294082642,27046,27056,10
12.913359642,80.2293319702,27056,27066,10
12.913310051,80.2293167114,27066,27076,10
12.9131603241,80.2292404175,27076,27087,11
12.9126796722,80.2291870117,27087,27097,10
12.9118900299,80.2290725708,27097,27107,10
12.9108896255,80.2288894653,27107,27117,10
12.9097795486,80.2287216187,27117,27127,10
12.9091901779,80.2286529541,27127,27137,10
12.9090204239,80.2286224365,27137,27147,10
12.9083099365,80.2285232544,27147,27198,51
12.9083099365,80.2285232544,27198,27208,10
12.9081201553,80.2284698486,27208,27218,10
12.9077196121,80.2284164429,27218,27228,10
12.9072303772,80.2283706665,27228,27278,50
12.9072303772,80.2283706665,27278,27288,10
12.9070501328,80.2283477783,27288,27299,11
12.9065599442,80.2282791138,27299,27309,10
12.9059400558,80.2282485962,27309,27319,10
12.9050598145,80.2281799316,27319,27329,10
12.9040803909,80.2281417847,27329,27339,10
12.9030599594,80.2280807495,27339,27349,10
12.9021902084,80.2280578613,27349,27420,71
12.9021902084,80.2280578613,27420,27430,10
12.9021396637,80.2280502319,27430,27440,10
12.9017496109,80.2280197144,27440,27450,10
12.9013204575,80.2279968262,27450,27459,9
12.9010095596,80.2279815674,27459,27470,11
12.9003295898,80.2279205322,27470,27480,10
12.8997602463,80.227897644,27480,27490,10
12.8995599747,80.227897644,27490,27500,10
12.8993196487,80.2278671265,27500,27511,11
12.8985795975,80.2278137207,27511,27521,10
12.8976697922,80.2277679443,27521,27531,10
12.8965702057,80.2276992798,27531,27541,10
12.8952798843,80.2276611328,27541,27551,10
12.8938903809,80.2275772095,27551,27561,10
12.8927202225,80.2274398804,27561,27570,9
12.8920602798,80.2273712158,27570,27581,11
12.8914403915,80.2273635864,27581,27591,10
12.8906402588,80.2273635864,27591,27601,10
12.8896398544,80.2273635864,27601,27612,11
12.8883199692,80.2273483276,27612,27622,10
12.8872804642,80.2272186279,27622,27632,10
12.8862600327,80.2270126343,27632,27642,10
12.8854703903,80.2268295288,27642,27652,10
12.8850002289,80.2267608643,27652,27662,10
12.8847398758,80.2267227173,27662,27672,10
12.8844804764,80.2267684937,27672,27682,10
12.8837404251,80.2267913818,27682,27692,10
12.8828697205,80.2267608643,27692,27702,10
12.8817901611,80.2267379761,27702,27712,10
12.8805503845,80.2267608643,27712,27729,17
12.8786096573,80.2268066406,27729,27741,12
12.8774204254,80.2269210815,27741,27751,10
12.8769798279,80.2269592285,27751,27759,8
12.876709938,80.2269973755,27759,27771,12
12.8764600754,80.2269973755,27771,27781,10
12.8763799667,80.2269821167,27781,27791,10
12.8759298325,80.2269897461,27791,27801,10
12.8751602173,80.2269363403,27801,27811,10
12.8741502762,80.2268218994,27811,27821,10
12.8731899261,80.2267532349,27821,27832,11
12.8726196289,80.2267532349,27832,27842,10
12.8725004196,80.2267379761,27842,27852,10
12.8719501495,80.2267303467,27852,27862,10
12.8710803986,80.2266769409,27862,27872,10
12.8700399399,80.2266082764,27872,27882,10
12.8688001633,80.2264633179,27882,27900,18
12.8662204742,80.2266082764,27900,27912,12
12.8643598557,80.226600647,27912,27920,8
12.8630800247,80.2265625,27920,27932,12
12.8613796234,80.2266082764,27932,27943,11
12.8598604202,80.2264785767,27943,27953,10
12.8591003418,80.2263870239,27953,27963,10
12.8587198257,80.2263183594,27963,27973,10
12.8580799103,80.2262802124,27973,27982,9
12.8572998047,80.2263183594,27982,27993,11
12.8561601639,80.2264480591,27993,28001,8
12.8551998138,80.2265625,28001,28012,11
12.8536901474,80.2266998291,28012,28023,11
12.8519802094,80.2266998291,28023,28033,10
12.8506803513,80.2266387939,28033,28044,11
12.8495702744,80.2266311646,28044,28054,10
12.8494100571,80.2266235352,28054,28064,10
12.8488397598,80.2266082764,28064,28074,10
12.847990036,80.2265930176,28074,28084,10
12.8469495773,80.2266082764,28084,28094,10
12.8462400436,80.2266387939,28094,28104,10
12.8457803726,80.2266235352,28104,28114,10
12.8455200195,80.2266387939,28114,28124,10
12.8453197479,80.2266387939,28124,28134,10
12.8451004028,80.2266464233,28134,28144,10
12.8445997238,80.2267074585,28144,28155,11
12.8436002731,80.2268066406,28155,28165,10
12.8425703049,80.2269973755,28165,28175,10
12.8415498734,80.2272415161,28175,28185,10
12.8411502838,80.2273635864,28185,28195,10
12.8409996033,80.2274017334,28195,28205,10
12.8407697678,80.2274627686,28205,28215,10
12.8405799866,80.2275085449,28215,28225,10
12.8404197693,80.2275466919,28225,28235,10
12.8402996063,80.2275924683,28235,28245,10
12.840259552,80.2276077271,28245,28255,10
12.8401002884,80.2276611328,28255,28266,11
12.8398895264,80.2277374268,28266,28282,16
12.839679718,80.2278289795,28282,28294,12
12.8391399384,80.2279281616,28294,28302,8
12.8385400772,80.2280197144,28302,28313,11
12.8376502991,80.2282180786,28313,28324,11
12.8362903595,80.2284317017,28324,28334,10
12.8349304199,80.2286300659,28334,28344,10
12.8334999084,80.2288894653,28344,28354,10
12.8323402405,80.2291183472,28354,28366,12
12.8318195343,80.2292633057,28366,28376,10
12.8318004608,80.2292480469,28376,28386,10
12.8317699432,80.2293395996,28386,28396,10
12.8313703537,80.2294464111,28396,28406,10
12.8304004669,80.2297210693,28406,28416,10
12.829580307,80.2300033569,28416,28426,10
12.8288202286,80.2303237915,28426,28436,10
12.8278999329,80.2308578491,28436,28446,10
12.8270597458,80.231262207,28446,28456,10
12.8261699677,80.2313919067,28456,28466,10
12.8249702454,80.2314300537,28466,28477,11
12.8235902786,80.2311019897,28477,28487,10
12.8222999573,80.2306976318,28487,28496,9
12.8208198547,80.23046875,28496,28507,11
12.8196201324,80.2305221558,28507,28517,10
12.8187799454,80.2304763794,28517,28527,10
12.8185596466,80.2303771973,28527,28537,10
12.8178796768,80.2300415039,28537,28547,10
12.8168897629,80.2296218872,28547,28557,10
12.8156099319,80.2293930054,28557,28567,10
12.8143701553,80.2292098999,28567,28577,10
12.8131799698,80.2288818359,28577,28588,11
12.8116998672,80.2283477783,28588,28598,10
12.8102302551,80.2277679443,28598,28608,10
12.8088798523,80.2270431519,28608,28618,10
12.8076200485,80.2259902954,28618,28628,10
12.8065500259,80.2250366211,28628,28638,10
12.8057498932,80.224319458,28638,28648,10
12.8051395416,80.2240371704,28648,28664,16
12.804309845,80.2239227295,28664,28676,12
12.8034601212,80.2238616943,28676,28685,9
12.8025999069,80.2237625122,28685,28696,11
12.8013601303,80.2236404419,28696,28707,11
12.800860405,80.2236099243,28707,28717,10
12.8004398346,80.2235565186,28717,28727,10
12.7997503281,80.2235031128,28727,28737,10
12.7986097336,80.2233810425,28737,28747,10
12.7972898483,80.2231521606,28747,28758,11
12.7963399887,80.2230224609,28758,28768,10
12.7958202362,80.2229537964,28768,28778,10
12.7957401276,80.2229309082,28778,28788,10
12.7952003479,80.2228164673,28788,28799,11
12.7942800522,80.22265625,28799,28809,10
12.7932195663,80.2225036621,28809,28819,10
12.7921199799,80.2222976685,28819,28829,10
12.7911701202,80.2220687866,28829,28839,10
12.790140152,80.2218093872,28839,28849,10
12.7892303467,80.2215118408,28849,28859,10
12.7883396149,80.2211685181,28859,28869,10
12.7876996994,80.2209320068,28869,28879,10
12.7875099182,80.2208633423,28879,28889,10
12.7874498367,80.2208404541,28889,28899,10
12.7870197296,80.2206802368,28899,28920,21
12.7870197296,80.2206802368,28920,28930,10
12.786939621,80.2205429077,28930,28939,9
12.7866697311,80.2204818726,28939,28950,11
12.786359787,80.2203903198,28950,28960,10
12.7862300873,80.2203674316,28960,28970,10
12.7862100601,80.220703125,28970,28980,10
12.786239624,80.2211685181,28980,28990,10
12.786239624,80.2214508057,28990,29000,10
12.7862901688,80.2217712402,29000,29010,10
12.7862901688,80.2219467163,29010,29031,21
12.7862796783,80.2220687866,29031,29243,212
12.7863502502,80.2217636108,29243,30869,1626
12.7864303589,80.2217102051,30869,30950,81
12.7864303589,80.2217102051,30950,30960,10
12.7862796783,80.2214431763,30960,30970,10
12.7862195969,80.2211532593,30970,30980,10
12.786190033,80.2206802368,30980,31000,20
12.786190033,80.2206802368,31000,31010,10
12.7862195969,80.2203979492,31010,31021,11
12.7866096497,80.2204971313,31021,31051,30
12.7866096497,80.2204971313,31051,31061,10
12.7868404388,80.2206115723,31061,31071,10
12.7872495651,80.2207565308,31071,31081,10
12.7878599167,80.2209625244,31081,31091,10
12.7885303497,80.2212219238,31091,31100,9
12.7890796661,80.2214279175,31100,31111,11
12.7896900177,80.2216720581,31111,31121,10
12.7899799347,80.2217788696,31121,31132,11
12.7906303406,80.2218933105,31132,31142,10
12.7912902832,80.222038269,31142,31152,10
12.7920503616,80.2222366333,31152,31162,10
12.7930002213,80.222442627,31162,31172,10
12.7939996719,80.2225799561,31172,31182,10
12.794960022,80.2227172852,31182,31192,10
12.7958898544,80.2228775024,31192,31202,10
12.7964601517,80.2229537964,31202,31212,10
12.7965602875,80.2229614258,31212,31222,10
12.7968902588,80.2230300903,31222,31232,10
12.7974100113,80.2231292725,31232,31243,11
12.7980499268,80.2232208252,31243,31253,10
12.7986297607,80.2232971191,31253,31354,101
12.7986297607,80.2232971191,31354,31364,10
12.798740387,80.2233428955,31364,31374,10
12.7993001938,80.2234115601,31374,31384,10
12.8001403809,80.2234802246,31384,31394,10
12.8010501862,80.2235565186,31394,31404,10
12.8012599945,80.2235565186,31404,31414,10
12.8015699387,80.2236022949,31414,31424,10
12.8023099899,80.2236785889,31424,31434,10
12.8030395508,80.223777771,31434,31444,10
12.8036899567,80.2238388062,31444,31455,11
12.8045396805,80.2239227295,31455,31465,10
12.805390358,80.224067688,31465,31485,20
12.805390358,80.224067688,31485,31495,10
12.8057699203,80.2242889404,31495,31505,10
12.8062896729,80.2247161865,31505,31515,10
12.8069801331,80.2253417969,31515,31525,10
12.807849884,80.2260894775,31525,31535,10
12.8088302612,80.2269134521,31535,31545,10
12.8100404739,80.2276382446,31545,31555,10
12.8114404678,80.2282104492,31555,31566,11
12.8130702972,80.2287979126,31566,31576,10
12.814620018,80.2292327881,31576,31586,10
12.8162403107,80.2294464111,31586,31596,10
12.817609787,80.2297973633,31596,31606,10
12.8185501099,80.2302398682,31606,31622,16
12.8196296692,80.2304534912,31622,31634,12
12.8197202682,80.2304534912,31634,31644,10
12.8198604584,80.23046875,31644,31654,10
12.8205499649,80.230430603,31654,31664,10
12.8214197159,80.2304534912,31664,31674,10
12.8219995499,80.2305374146,31674,31685,11
12.8224601746,80.2306671143,31685,31694,9
12.8230800629,80.2308578491,31694,31705,11
12.824090004,80.2311172485,31705,31714,9
12.8250102997,80.2313232422,31714,31725,11
12.8262395859,80.2313079834,31725,31735,10
12.8274402618,80.231048584,31735,31745,10
12.828379631,80.2305297852,31745,31755,10
12.8293199539,80.2300262451,31755,31765,10
12.8303203583,80.2296600342,31765,31775,10
12.8310899734,80.2293319702,31775,31836,61
12.8310899734,80.2293319702,31836,31846,10
12.8313999176,80.2292404175,31846,31856,10
12.8316802979,80.2291717529,31856,31866,10
12.8321800232,80.2290420532,31866,31876,10
12.832909584,80.2289199829,31876,31887,11
12.8339395523,80.2287368774,31887,31897,10
12.8350696564,80.2285385132,31897,31907,10
12.8362903595,80.2283630371,31907,31916,9
12.837389946,80.2281799316,31916,31927,11
12.83852005,80.2279586792,31927,31937,10
12.8394498825,80.227722168,31937,31957,20
12.8394498825,80.227722168,31957,31967,10
12.8396701813,80.2276382446,31967,31977,10
12.8400497437,80.2275466919,31977,31987,10
12.8406896591,80.2274017334,31987,31998,11
12.841629982,80.2271194458,31998,32008,10
12.8426704407,80.2268981934,32008,32018,10
12.8437595367,80.2266235352,32018,32028,10
12.8452701569,80.2265319824,32028,32048,20
12.8452701569,80.2265319824,32048,32058,10
12.8455400467,80.2265472412,32058,32068,10
12.8458204269,80.2265396118,32068,32078,10
12.8458595276,80.2265396118,32078,32088,10
12.8463001251,80.2265396118,32088,32098,10
12.847120285,80.2265396118,32098,32109,11
12.8482103348,80.2265319824,32109,32119,10
12.8493299484,80.2265090942,32119,32129,10
12.850110054,80.2265167236,32129,32139,10
12.8502197266,80.2265090942,32139,32149,10
12.8507604599,80.2265014648,32149,32159,10
12.851559639,80.2265319824,32159,32169,10
12.8525495529,80.2265777588,32169,32179,10
12.8537397385,80.2265625,32179,32189,10
12.8550701141,80.2264633179,32189,32205,16
12.857460022,80.2261962891,32205,32218,13
12.8592996597,80.2262802124,32218,32228,10
12.8602895737,80.2264404297,32228,32238,10
12.8609399796,80.2265014648,32238,32248,10
12.8611803055,80.2265167236,32248,32258,10
12.8617601395,80.2265090942,32258,32268,10
12.862739563,80.2264709473,32268,32278,10
12.8637895584,80.2264709473,32278,32288,10
12.8650503159,80.2265167236,32288,32298,10
12.8664703369,80.2265090942,32298,32309,11
12.867770195,80.2263870239,32309,32320,11
12.8691196442,80.2264022827,32320,32330,10
12.8704996109,80.2265396118,32330,32340,10
12.8718299866,80.2266235352,32340,32350,10
12.8728199005,80.2266235352,32350,32360,10
12.8729295731,80.2266235352,32360,32370,10
12.8732795715,80.2266235352,32370,32380,10
12.8739700317,80.2266693115,32380,32390,10
12.8748197556,80.2267837524,32390,32400,10
12.8758296967,80.226890564,32400,32410,10
12.8766498566,80.2268676758,32410,32420,10
12.8767795563,80.2268600464,32420,32431,11
12.8769397736,80.2268676758,32431,32441,10
12.8774700165,80.2268371582,32441,32451,10
12.8783502579,80.2267684937,32451,32461,10
12.8794202805,80.2267227173,32461,32471,10
12.8805503845,80.2266769409,32471,32481,10
12.8818502426,80.2266998291,32481,32491,10
12.8831596375,80.2266693115,32491,32501,10
12.8842897415,80.2266082764,32501,32511,10
12.8849201202,80.2266082764,32511,32521,10
12.8850402832,80.2266235352,32521,32532,11
12.8851995468,80.2266769409,32532,32542,10
12.8857402802,80.2267837524,32542,32552,10
12.8864898682,80.2269821167,32552,32562,10
12.8873901367,80.2271728516,32562,32572,10
12.888469696,80.2273025513,32572,32582,10
12.8896999359,80.2273178101,32582,32591,9
12.8909397125,80.2273178101,32591,32602,11
12.8921098709,80.2273406982,32602,32612,10
12.8924198151,80.2273635864,32612,32622,10
12.8929004669,80.2274093628,32622,32632,10
12.8936796188,80.2275238037,32632,32643,11
12.8947601318,80.2275924683,32643,32653,10
12.8959102631,80.2276229858,32653,32663,10
12.8971204758,80.2276992798,32663,32673,10
12.8984603882,80.2277603149,32673,32683,10
12.8996295929,80.2277832031,32683,32733,50
12.8996295929,80.2277832031,32733,32743,10
12.8999700546,80.2277526855,32743,32754,11
12.9004898071,80.2277984619,32754,32764,10
12.9008998871,80.2278366089,32764,32774,10
12.9012403488,80.2278823853,32774,32784,10
12.9016895294,80.2279205322,32784,32794,10
12.9022903442,80.2279510498,32794,32804,10
12.9028997421,80.2279663086,32804,32814,10
12.902970314,80.2279663086,32814,32824,10
12.9031600952,80.2279586792,32824,32834,10
12.9034996033,80.2279891968,32834,32844,10
12.9041795731,80.2280578613,32844,32854,10
12.9050197601,80.2281036377,32854,32865,11
12.9059400558,80.2281570435,32865,32875,10
12.9063596725,80.2282104492,32875,32933,58
12.9063596725,80.2282104492,32933,32943,10
12.9063997269,80.2282562256,32943,32953,10
12.9066801071,80.2282791138,32953,32963,10
12.9071903229,80.2283477783,32963,32974,11
12.9081201553,80.2284622192,32974,32984,10
12.9091997147,80.2286224365,32984,32994,10
12.9104795456,80.2288208008,32994,33004,10
12.9118099213,80.2290115356,33004,33014,10
12.9130601883,80.2291793823,33014,33023,9
12.913769722,80.2292480469,33023,33034,11
12.9138803482,80.2292633057,33034,33044,10
12.9139604568,80.2292633057,33044,33054,10
12.9144001007,80.2293395996,33054,33064,10
12.9151601791,80.2294616699,33064,33074,10
12.9160995483,80.2296066284,33074,33085,11
12.9173603058,80.2297821045,33085,33095,10
12.9186697006,80.2299575806,33095,33105,10
12.9200201035,80.230140686,33105,33115,10
12.9214897156,80.2303237915,33115,33125,10
12.9229898453,80.2305526733,33125,33135,10
12.924369812,80.2307434082,33135,33145,10
12.9254703522,80.2308578491,33145,33155,10
12.9264497757,80.2309417725,33155,33165,10
12.9264802933,80.2309494019,33165,33175,10
12.926609993,80.2309494019,33175,33186,11
12.9271802902,80.2310180664,33186,33196,10
12.9279899597,80.2311096191,33196,33206,10
12.9288702011,80.2312393188,33206,33216,10
12.9296998978,80.2314224243,33216,33226,10
12.9306097031,80.2316436768,33226,33236,10
12.9315099716,80.231918335,33236,33246,10
12.9324197769,80.2322235107,33246,33256,10
12.9336395264,80.2327194214,33256,33287,31
12.9336395264,80.2327194214,33287,33297,10
12.9338998795,80.2328796387,33297,33307,10
12.9344501495,80.2331237793,33307,33317,10
12.9351902008,80.2333984375,33317,33327,10
12.9359197617,80.233757019,33327,33337,10
12.9367303848,80.234161377,33337,33347,10
12.9377202988,80.2346115112,33347,33357,10
12.9387397766,80.2351074219,33357,33367,10
12.9396696091,80.2356033325,33367,33387,20
12.9396696091,80.2356033325,33387,33398,11
12.940199852,80.2358322144,33398,33408,10
12.9409503937,80.2360305786,33408,33418,10
12.941860199,80.2362594604,33418,33428,10
12.9428396225,80.2366104126,33428,33438,10
12.9437198639,80.2373504639,33438,33448,10
12.9443597794,80.238067627,33448,33458,10
12.9455003738,80.2392196655,33458,33468,10
12.9465703964,80.239692688,33468,33478,10
12.9473495483,80.2399978638,33478,33559,81
12.9473495483,80.2399978638,33559,33569,10
12.9476699829,80.2401123047,33569,33579,10
12.9480895996,80.2402801514,33579,33589,10
12.9485502243,80.2404785156,33589,33599,10
12.9490499496,80.2406768799,33599,33610,11
12.9494495392,80.2408599854,33610,33620,10
12.9499797821,80.2409667969,33620,33630,10
12.9505701065,80.2411422729,33630,33640,10
12.9508104324,80.2412414551,33640,33650,10
12.9511203766,80.2413330078,33650,33660,10
12.9511203766,80.2413406372,33660,33670,10
12.9514198303,80.2414779663,33670,33680,10
12.9518699646,80.2416305542,33680,33690,10
12.9525003433,80.2418670654,33690,33700,10
12.953209877,80.2421417236,33700,33710,10
12.9533596039,80.2421569824,33710,33721,11
12.9535198212,80.2422332764,33721,33731,10
12.9538803101,80.242401123,33731,33741,10
12.9543800354,80.2425994873,33741,33751,10
12.9549598694,80.2428436279,33751,33761,10
12.9554901123,80.2430419922,33761,33771,10
12.9557504654,80.2431411743,33771,33781,10
12.9559497833,80.2432098389,33781,33821,40
12.9559497833,80.2432098389,33821,33832,11
12.9562797546,80.2433166504,33832,33882,50
12.9562797546,80.2433166504,33882,33892,10
12.9565896988,80.2434387207,33892,33902,10
12.9571504593,80.2436904907,33902,33912,10
12.957909584,80.2440109253,33912,33922,10
12.9588603973,80.2444000244,33922,33943,21
12.9588603973,80.2444000244,33943,33953,10
12.9590597153,80.2445526123,33953,33963,10
12.9593000412,80.2446517944,33963,33973,10
12.9597396851,80.2448501587,33973,33983,10
12.9604701996,80.2451934814,33983,33993,10
12.9613599777,80.2455978394,33993,34003,10
12.9622802734,80.2460708618,34003,34013,10
12.9631795883,80.2465591431,34013,34054,41
12.9633197784,80.2466125488,34054,34094,40
12.9633197784,80.2466125488,34094,34104,10
12.9635000229,80.2466964722,34104,34114,10
12.9636297226,80.2467727661,34114,34124,10
12.9640703201,80.2469100952,34124,34134,10
12.9647903442,80.2471618652,34134,34145,11
12.965760231,80.2474899292,34145,34155,10
12.9665002823,80.2477722168,34155,34175,20
12.9665002823,80.2477722168,34175,34185,10
12.9666204453,80.2478790283,34185,34196,11
12.966799736,80.2479782104,34196,34207,11
12.9670801163,80.2481536865,34207,34217,10
12.9674501419,80.248298645,34217,34228,11
12.9683198929,80.2486190796,34228,34238,10
12.9692296982,80.2490005493,34238,34248,10
12.9702997208,80.2494125366,34248,34259,11
12.9715900421,80.2498168945,34259,34269,10
12.972869873,80.2501220703,34269,34279,10
12.9740400314,80.2504425049,34279,34289,10
12.9752998352,80.2508010864,34289,34299,10
12.9766798019,80.2511978149,34299,34309,10
12.9777202606,80.2517623901,34309,34319,10
12.9784202576,80.252281189,34319,34329,10
12.9785003662,80.2523193359,34329,34339,10
12.9787197113,80.2524337769,34339,34349,10
12.9796800613,80.2526168823,34349,34410,61
12.9796800613,80.2526168823,34410,34420,10
12.9799404144,80.2526397705,34420,34430,10
12.9805402756,80.2526397705,34430,34440,10
12.9813404083,80.2526321411,34440,34450,10
12.9823102951,80.2526016235,34450,34460,10
12.9833498001,80.2525024414,34460,34471,11
12.983880043,80.2523574829,34471,34703,232
12.983880043,80.2523574829,34703,34713,10
12.9842195511,80.2522506714,34713,34723,10
12.9846200943,80.2521362305,34723,34733,10
12.9849996567,80.2520294189,34733,34743,10
12.9853601456,80.2519302368,34743,34753,10
12.9856595993,80.2518386841,34753,34763,10
12.9859800339,80.2517623901,34763,34773,10
12.986410141,80.251663208,34773,34783,10
12.9868202209,80.2515563965,34783,34794,11
12.9872903824,80.2514190674,34794,34804,10
12.9877099991,80.2513122559,34804,34814,10
12.9880695343,80.2512283325,34814,34823,9
12.9886598587,80.2510986328,34823,34834,11
12.98939991,80.2509002686,34834,34844,10
12.9894800186,80.2509002686,34844,34854,10
12.9897699356,80.250831604,34854,34864,10
12.9903697968,80.2507095337,34864,34874,10
12.9912395477,80.2504730225,34874,34884,10
12.9922103882,80.250213623,34884,34894,10
12.9933900833,80.2499084473,34894,34905,11
12.9949502945,80.2495422363,34905,34915,10
12.9962997437,80.2491989136,34915,34925,10
12.9979200363,80.2488021851,34925,34935,10
12.9994497299,80.2484130859,34935,34945,10
13.0008401871,80.2480316162,34945,34955,10
13.001830101,80.2478027344,34955,34969,14
13.002820015,80.2475814819,34969,34979,10
13.0037498474,80.247428894,34979,34989,10
13.0047998428,80.2473220825,34989,34999,10
13.0057401657,80.2471389771,34999,35009,10
13.0063800812,80.2467422485,35009,35020,11
13.0065097809,80.2464370728,35020,35030,10
13.0065898895,80.2462081909,35030,35040,10
13.0066099167,80.2456588745,35040,35050,10
13.0066003799,80.2451019287,35050,35071,21
13.0066404343,80.2439727783,35071,35083,12
13.0066404343,80.2435379028,35083,35092,9
13.0066404343,80.2432098389,35092,35103,11
13.0065698624,80.2422790527,35103,35113,10
13.0065202713,80.2417297363,35113,35175,62
13.0065202713,80.2417297363,35175,35185,10
13.0066204071,80.2411422729,35185,35226,41
13.0066204071,80.2411422729,35226,35236,10
13.0066404343,80.2409515381,35236,35246,10
13.0066604614,80.2408370972,35246,35256,10
13.0067300797,80.240447998,35256,35276,20
13.0067300797,80.240447998,35276,35286,10
13.0067796707,80.2400512695,35286,35296,10
13.0068702698,80.2395629883,35296,35306,10
13.0069904327,80.2387924194,35306,35316,10
13.0071496964,80.2381668091,35316,35326,10
13.0072498322,80.2377929688,35326,35337,11
13.0073699951,80.2373275757,35337,35347,10
13.0074100494,80.2368927002,35347,35357,10
13.0074596405,80.2366867065,35357,35367,10
13.007519722,80.2365036011,35367,35377,10
13.007610321,80.2359771729,35377,35387,10
13.0077600479,80.2351989746,35387,35397,10
13.0079202652,80.2342834473,35397,35407,10
13.0081596375,80.2331924438,35407,35417,10
13.0084104538,80.2319335938,35417,35427,10
13.0086297989,80.2307510376,35427,35437,10
13.0088396072,80.229598999,35437,35448,11
13.0090999603,80.2284088135,35448,35458,10
13.0094995499,80.2274017334,35458,35468,10
13.0100097656,80.2262573242,35468,35478,10
13.0104904175,80.2252731323,35478,35488,10
13.0106201172,80.2250823975,35488,35498,10
13.010720253,80.2249069214,35498,35508,10
13.0108804703,80.2244262695,35508,35518,10
13.0111999512,80.223739624,35518,35528,10
13.0113897324,80.2233581543,35528,35538,10
13.0114498138,80.2231903076,35538,35549,11
13.0114202499,80.2227401733,35549,35559,10
13.0112104416,80.2220916748,35559,35569,10
13.011759758,80.2217712402,35569,35579,10
13.0123195648,80.2220230103,35579,35589,10
13.0127601624,80.2223968506,35589,35599,10
13.0132904053,80.2227020264,35599,35609,10
13.0137996674,80.2232437134,35609,35619,10
13.0140695572,80.2235794067,35619,35629,10
13.0143003464,80.2237167358,35629,35639,10
13.0148696899,80.2242202759,35639,35649,10
13.0152702332,80.2248306274,35649,35660,11
13.0155200958,80.224937439,35660,35670,10
13.0155696869,80.2249984741,35670,35680,10
13.0157299042,80.2251815796,35680,35690,10
13.016119957,80.2253570557,35690,35700,10
13.0162801743,80.2253417969,35700,35710,10
13.016409874,80.2253112793,35710,35720,10
13.0166797638,80.2252502441,35720,35730,10
13.0169897079,80.2251205444,35730,35740,10
13.0172996521,80.2249832153,35740,35750,10
13.0175895691,80.2248535156,35750,35760,10
13.0178003311,80.2247619629,35760,35791,31
13.0178003311,80.2247619629,35791,35801,10
13.0179195404,80.2247085571,35801,35811,10
13.0181999207,80.2245864868,35811,35821,10
13.0185003281,80.2244796753,35821,35831,10
13.0188503265,80.2243499756,35831,35841,10
13.0194301605,80.2242736816,35841,35892,51
13.0194301605,80.2242736816,35892,35902,10
13.0196504593,80.2244262695,35902,35912,10
13.019900322,80.2246170044,35912,35922,10
13.0202302933,80.2248382568,35922,35932,10
13.0204601288,80.2250137329,35932,35942,10
13.0206098557,80.2251281738,35942,35952,10
13.0207996368,80.2252807617,35952,35962,10
13.0209197998,80.2253570557,35962,35972,10
13.021109581,80.2255401611,35972,35983,11
13.0215101242,80.2258377075,35983,35993,10
13.0217199326,80.2259597778,35993,36003,10
13.0218496323,80.2260818481,36003,36013,10
13.0221204758,80.2262878418,36013,36033,20
13.0221204758,80.2262878418,36033,36043,10
13.0222301483,80.2263565063,36043,36073,30
13.0222301483,80.2263565063,36073,36083,10
13.0224399567,80.2265701294,36083,36094,11
13.0226297379,80.2267379761,36094,36154,60
13.0226297379,80.2267379761,36154,36164,10
13.0229997635,80.227142334,36164,36184,20
13.0229997635,80.227142334,36184,36194,10
13.0232200623,80.2273635864,36194,36205,11
13.023440361,80.2275314331,36205,36215,10
13.0236997604,80.2277069092,36215,36225,10
13.0237197876,80.227722168,36225,36235,10
13.023850441,80.2278213501,36235,36245,10
13.024140358,80.2281417847,36245,36255,10
13.0243797302,80.2284698486,36255,36265,10
13.0246601105,80.2288208008,36265,36336,71
13.0246601105,80.2288208008,36336,36346,10
13.024769783,80.2290420532,36346,36356,10
13.024889946,80.2292480469,36356,36366,10
13.0252399445,80.2296676636,36366,36376,10
13.025560379,80.2300415039,36376,36386,10
13.0256004333,80.2300796509,36386,36396,10
13.0257101059,80.2303085327,36396,36406,10
13.0258197784,80.2305374146,36406,36416,10
13.0259399414,80.2308425903,36416,36427,11
13.0260000229,80.2312011719,36427,36437,10
13.0261096954,80.2316894531,36437,36447,10
13.0263004303,80.2322692871,36447,36457,10
13.026599884,80.2329788208,36457,36467,10
13.0270204544,80.2337112427,36467,36477,10
13.0275497437,80.2346191406,36477,36487,10
13.0281200409,80.2355880737,36487,36497,10
13.0288801193,80.2363891602,36497,36507,10
13.0294704437,80.2369918823,36507,36517,10
13.0296297073,80.2371673584,36517,36528,11
13.0297002792,80.2372436523,36528,36538,10
13.0299301147,80.2375869751,36538,36548,10
13.0302400589,80.2381896973,36548,36558,10
13.0306596756,80.2388534546,36558,36574,16
13.031129837,80.2397537231,36574,36639,65
13.031129837,80.2397537231,36639,36649,10
13.0312595367,80.2400436401,36649,36659,10
13.0313796997,80.2405395508,36659,36669,10
13.0316295624,80.2411727905,36669,36679,10
13.0319404602,80.2418518066,36679,36689,10
13.0324802399,80.2424926758,36689,36699,10
13.0331001282,80.243347168,36699,36709,10
13.0337495804,80.2442092896,36709,36719,10
13.0343904495,80.2451171875,36719,36729,10
13.0349998474,80.2457962036,36729,36740,11
13.0354795456,80.2460479736,36740,36750,10
13.0357704163,80.246131897,36750,36760,10
13.0359401703,80.246307373,36760,36770,10
13.0362901688,80.2464294434,36770,36780,10
13.0370101929,80.2465591431,36780,36790,10
13.0376195908,80.2464523315,36790,36800,10
13.038359642,80.2466201782,36800,36809,9
13.0390396118,80.2468338013,36809,36871,62
13.0390396118,80.2468338013,36871,36881,10
13.0391798019,80.2468795776,36881,36891,10
13.0396203995,80.2469482422,36891,36901,10
13.0404195786,80.2471008301,36901,36911,10
13.0414600372,80.2473068237,36911,36921,10
13.0424003601,80.2475204468,36921,36931,10
13.0430603027,80.2478103638,36931,36941,10
13.0438404083,80.2478408813,36941,36952,11
13.0445098877,80.2478485107,36952,36962,10
13.0451002121,80.2481231689,36962,36972,10
13.0454998016,80.2482681274,36972,36982,10
13.0461397171,80.2485275269,36982,36992,10
13.0469703674,80.2484588623,36992,37012,20
13.0469703674,80.2484588623,37012,37021,9
13.0471696854,80.2484436035,37021,37031,10
13.047539711,80.2487030029,37031,37042,11
13.0480298996,80.2492218018,37042,37053,11
13.0481300354,80.2493972778,37053,37063,10
13.0482997894,80.2495498657,37063,37123,60
13.0482997894,80.2495498657,37123,37133,10
13.0488195419,80.249710083,37133,37174,41
13.0488195419,80.249710083,37174,37184,10
13.0493001938,80.2497329712,37184,37214,30
13.0493001938,80.2497329712,37214,37224,10
13.0494403839,80.2497177124,37224,37234,10
13.0499296188,80.2498016357,37234,37244,10
13.0504999161,80.2499084473,37244,37264,20
13.0504999161,80.2499084473,37264,37275,11
13.0508804321,80.2500228882,37275,37285,10
13.0511798859,80.2500762939,37285,37295,10
13.0514497757,80.2501831055,37295,37305,10
13.0516195297,80.2502670288,37305,37315,10
13.0518198013,80.2504119873,37315,37325,10
13.0519599915,80.2505264282,37325,37335,10
13.0520801544,80.2506637573,37335,37345,10
13.0522699356,80.2509231567,37345,37355,10
13.0525197983,80.2512588501,37355,37365,10
13.052740097,80.2515487671,37365,37375,10
13.0529403687,80.2518234253,37375,37386,11
13.0531702042,80.2521209717,37386,37396,10
13.0534296036,80.2524795532,37396,37412,16
13.0538301468,80.253036499,37412,37424,12
13.0541400909,80.2534179688,37424,37434,10
13.0542697906,80.253578186,37434,37444,10
13.0544595718,80.2538299561,37444,37454,10
13.0545797348,80.2540206909,37454,37464,10
13.0546197891,80.2540588379,37464,37474,10
13.0547399521,80.2542419434,37474,37483,9
13.0548801422,80.2544326782,37483,37495,12
13.0551204681,80.2547225952,37495,37505,10
13.0552396774,80.2548522949,37505,37515,10
13.0553998947,80.2550811768,37515,37525,10
13.0556097031,80.2553634644,37525,37535,10
13.0557804108,80.255607605,37535,37545,10
13.0558996201,80.2557907104,37545,37555,10
13.0560302734,80.2559814453,37555,37565,10
13.0561599731,80.2561721802,37565,37575,10
13.0563201904,80.2563781738,37575,37584,9
13.0565004349,80.2565765381,37584,37596,12
13.0571298599,80.2571487427,37596,37606,10
13.0578203201,80.2577590942,37606,37616,10
13.0582103729,80.2582321167,37616,37626,10
13.0585803986,80.258682251,37626,37636,10
13.0587701797,80.2589111328,37636,37646,10
13.0590200424,80.2592086792,37646,37656,10
13.0593595505,80.2599182129,37656,37666,10
13.0599899292,80.2604827881,37666,37676,10
13.060549736,80.2610702515,37676,37686,10
13.0607595444,80.2613372803,37686,37696,10
13.0607995987,80.2614517212,37696,37707,11
13.0611200333,80.2618484497,37707,37717,10
13.0619001389,80.2627029419,37717,37737,20
13.0619001389,80.2627029419,37737,37747,10
13.061920166,80.2627029419,37747,37757,10
13.0621995926,80.2630615234,37757,37767,10
13.0627002716,80.2636413574,37767,37777,10
13.0631904602,80.264289856,37777,37787,10
13.0636796951,80.2650604248,37787,37797,10
13.0639801025,80.2656173706,37797,37808,11
13.0644598007,80.2662277222,37808,37817,9
13.0648899078,80.2667388916,37817,37828,11
13.0655202866,80.2671890259,37828,37838,10
13.0657596588,80.2674484253,37838,37848,10
13.0658798218,80.2676773071,37848,37858,10
13.0661897659,80.2681503296,37858,37868,10
13.0662498474,80.2682037354,37868,37878,10
13.0664300919,80.2683410645,37878,37888,10
13.0667800903,80.2685089111,37888,37898,10
13.0672197342,80.2687988281,37898,37908,10
13.0677700043,80.2691497803,37908,37919,11
13.0681800842,80.2693862915,37919,37929,10
13.06828022,80.2696075439,37929,37945,16
13.0681495667,80.2704162598,37945,37957,12
13.0680904388,80.2711486816,37957,37967,10
13.0682201385,80.2714996338,37967,37976,9
13.0683898926,80.2716827393,37976,37987,11
13.0689201355,80.2719726563,37987,37997,10
13.0695104599,80.2724609375,37997,38007,10
13.0702199936,80.2732467651,38007,38017,10
13.0708398819,80.2740020752,38017,38027,10
13.0710000992,80.2741012573,38027,38038,11
13.0712003708,80.274307251,38038,38048,10
13.0717000961,80.274520874,38048,38058,10
13.0721797943,80.2749023438,38058,38068,10
13.0727901459,80.2755126953,38068,38078,10
13.0734300613,80.2761306763,38078,38088,10
13.0738601685,80.2763519287,38088,38098,10
13.0741100311,80.2763290405,38098,38108,10
13.0747003555,80.2762985229,38108,38118,10
13.0754995346,80.2762832642,38118,38129,11
13.0763998032,80.2762374878,38129,38139,10
13.077249527,80.2761077881,38139,38149,10
13.0780696869,80.2760162354,38149,38159,10
13.0783195496,80.2753829956,38159,38169,10
13.0788202286,80.2750778198,38169,38179,10
13.0795202255,80.2752304077,38179,38189,10
13.0798797607,80.2752838135,38189,38280,91
13.0798797607,80.2752838135,38280,38290,10
13.0801401138,80.2752838135,38290,38300,10
13.0804100037,80.2752532959,38300,38310,10
13.0807600021,80.2752227783,38310,38320,10
13.0811195374,80.2751693726,38320,38330,10
13.0813798904,80.2751235962,38330,38340,10
13.0816898346,80.275138855,38340,38431,91
13.081990242,80.2753601074,38431,38472,41
13.081990242,80.2753601074,38472,38482,10
13.0820503235,80.2757034302,38482,38724,242
13.0819797516,80.2758102417,38724,39087,363
13.0819797516,80.2758102417,39087,39098,11
13.0819797516,80.2757720947,39098,39370,272
13.0819797516,80.2757720947,39370,39380,10
13.0819501877,80.2759399414,39380,39390,10
13.0818796158,80.2759933472,39390,39400,10
13.0817804337,80.2761230469,39400,39410,10
13.0818195343,80.2764282227,39410,39421,11
13.0818996429,80.2769165039,39421,39431,10
13.0819997787,80.277633667,39431,39441,10
13.0822095871,80.2780532837,39441,39451,10
13.08273983,80.2780838013,39451,39461,10
13.0831604004,80.2781066895,39461,39471,10
13.0832901001,80.2780914307,39471,39481,10
13.0834798813,80.278427124,39481,39491,10
13.0834999084,80.2789764404,39491,39501,10
13.0830202103,80.2788162231,39501,39511,10
13.0822896957,80.2785797119,39511,39552,41
13.0822896957,80.2785797119,39552,39562,10
13.0820798874,80.278427124,39562,39572,10
13.0818996429,80.2779312134,39572,39582,10
13.0818595886,80.2771911621,39582,39592,10
13.0817804337,80.2765274048,39592,39602,10
13.0816402435,80.2759399414,39602,39612,10
13.0815401077,80.275680542,39612,39633,21
13.0815401077,80.275680542,39633,39643,10
13.0815200806,80.2754135132,39643,39653,10
13.0813999176,80.2752075195,39653,39663,10
13.0809602737,80.2752075195,39663,39673,10
13.080450058,80.2752685547,39673,39683,10
13.0798597336,80.2753372192,39683,39693,10
13.0791597366,80.2752380371,39693,39703,10
13.078379631,80.2753601074,39703,39713,10
13.0779695511,80.2761917114,39713,39723,10
13.0770597458,80.2762298584,39723,39733,10
13.0761098862,80.276260376,39733,39744,11
13.075050354,80.2763137817,39744,39754,10
13.0741996765,80.2763366699,39754,39764,10
13.0739803314,80.2763977051,39764,39780,16
13.0734395981,80.2763824463,39780,39792,12
13.0728502274,80.275718689,39792,39802,10
13.0724201202,80.2752075195,39802,39812,10
13.0719995499,80.274772644,39812,39822,10
13.071969986,80.2747268677,39822,39832,10
13.0719203949,80.2746582031,39832,39842,10
13.0715398788,80.2744827271,39842,39853,11
13.0707998276,80.2742919922,39853,39873,20
13.0707998276,80.2742919922,39873,39883,10
13.0706195831,80.2741088867,39883,39892,9
13.0704898834,80.2737884521,39892,39903,11
13.0702104568,80.2732925415,39903,39913,10
13.069729805,80.2727127075,39913,39923,10
13.0691795349,80.2721710205,39923,39933,10
13.0687198639,80.2719497681,39933,39964,31
13.0687198639,80.2719497681,39964,39974,10
13.0684604645,80.2718505859,39974,39984,10
13.0681400299,80.2715606689,39984,39994,10
13.0678100586,80.2710800171,39994,40004,10
13.0673303604,80.2704620361,40004,40013,9
13.0667800903,80.2699127197,40013,40024,11
13.0665102005,80.2693710327,40024,40034,10
13.0664100647,80.268699646,40034,40044,10
13.0662097931,80.2682037354,40044,40054,10
13.0657300949,80.2677001953,40054,40064,10
13.0654497147,80.2676315308,40064,40075,11
13.065369606,80.267616272,40075,40085,10
13.0651197433,80.267578125,40085,40095,10
13.0646400452,80.2675018311,40095,40105,10
13.0641002655,80.2674026489,40105,40115,10
13.0635204315,80.2673187256,40115,40125,10
13.0629301071,80.2671813965,40125,40135,10
13.0624599457,80.2668075562,40135,40145,10
13.0619497299,80.2661819458,40145,40155,10
13.0615100861,80.2656402588,40155,40171,16
13.0606203079,80.2652816772,40171,40184,13
13.0604801178,80.265411377,40184,40194,10
13.0602502823,80.2655181885,40194,40204,10
13.0595197678,80.2655181885,40204,40214,10
13.0588598251,80.2654418945,40214,40224,10
13.0587501526,80.2654190063,40224,40234,10
13.0585403442,80.2653579712,40234,40244,10
13.05809021,80.2649917603,40244,40254,10
13.0579795837,80.2642822266,40254,40264,10
13.0578699112,80.2634277344,40264,40274,10
13.0577802658,80.2626190186,40274,40285,11
13.0576601028,80.2619628906,40285,40295,10
13.0575399399,80.2612228394,40295,40305,10
13.0573797226,80.2604217529,40305,40315,10
13.0571804047,80.2597198486,40315,40325,10
13.0569000244,80.258972168,40325,40335,10
13.0567398071,80.2583389282,40335,40345,10
13.0566396713,80.2579421997,40345,40355,10
13.0565099716,80.2574234009,40355,40365,10
13.0564899445,80.2572402954,40365,40375,10
13.0564899445,80.2570419312,40375,40385,10
13.0563802719,80.2566070557,40385,40396,11
13.055970192,80.2559280396,40396,40406,10
13.0554800034,80.2552337646,40406,40416,10
13.0548801422,80.254447937,40416,40426,10
13.0542402267,80.2536392212,40426,40436,10
13.0537595749,80.2529907227,40436,40446,10
13.0533399582,80.2523880005,40446,40455,9
13.0529003143,80.2517929077,40455,40465,10
13.0524702072,80.2511901855,40465,40476,11
13.052069664,80.2506484985,40476,40486,10
13.0513296127,80.2501678467,40486,40496,10
13.0501899719,80.2499008179,40496,40507,11
13.0488996506,80.2497177124,40507,40517,10
13.0480804443,80.2493972778,40517,40527,10
13.047369957,80.248840332,40527,40537,10
13.0468797684,80.2486495972,40537,40547,10
13.0468502045,80.248588562,40547,40557,10
13.0466403961,80.248550415,40557,40566,9
13.0462303162,80.2484512329,40566,40576,10
13.045539856,80.2482070923,40576,40586,10
13.0447797775,80.2479782104,40586,40597,11
13.0438299179,80.2478790283,40597,40608,11
13.0430603027,80.247718811,40608,40618,10
13.0424995422,80.2476196289,40618,40628,10
13.0418395996,80.2474899292,40628,40638,10
13.0410604477,80.2473297119,40638,40648,10
13.0403995514,80.2472229004,40648,40658,10
13.039899826,80.2471389771,40658,40668,10
13.0394496918,80.2470169067,40668,40678,10
13.0389499664,80.2469100952,40678,40688,10
13.0382900238,80.2467803955,40688,40698,10
13.0378799438,80.246711731,40698,40708,10
13.0372600555,80.2465896606,40708,40719,11
13.0366601944,80.2464904785,40719,40729,10
13.0363798141,80.2464523315,40729,40739,10
13.0363397598,80.2464294434,40739,40749,10
13.0361700058,80.2463531494,40749,40759,10
13.0357103348,80.2461624146,40759,40769,10
13.0353298187,80.2459564209,40769,40779,10
13.0351896286,80.2458114624,40779,40795,16
13.0347204208,80.2454528809,40795,40807,12
13.0343799591,80.2450180054,40807,40815,8
13.0341596603,80.244758606,40815,40828,13
13.0335197449,80.2440872192,40828,40838,10
13.0328102112,80.2432632446,40838,40907,69
13.0327196121,80.2431488037,40907,40949,42
13.0327196121,80.2431488037,40949,40959,10
13.032500267,80.2426376343,40959,41050,91
13.032500267,80.2426376343,41050,41060,10
13.0323495865,80.2425765991,41060,41070,10
13.0322999954,80.2424926758,41070,41080,10
13.0321798325,80.2422790527,41080,41090,10
13.0320396423,80.2421417236,41090,41100,10
13.0318698883,80.2417602539,41100,41110,10
13.03166008,80.2412719727,41110,41120,10
13.0312204361,80.2404174805,41120,41140,20
13.0312204361,80.2404174805,41140,41151,11
13.0312404633,80.2403411865,41151,41161,10
13.031129837,80.2400588989,41161,41171,10
13.0308599472,80.2395095825,41171,41181,10
13.0304603577,80.2387924194,41181,41191,10
13.0299396515,80.2378387451,41191,41201,10
13.0293397903,80.2370681763,41201,41211,10
13.0286502838,80.2363433838,41211,41221,10
13.0279798508,80.2355194092,41221,41231,10
13.027589798,80.2349395752,41231,41241,10
13.0275602341,80.2349014282,41241,41251,10
13.0274600983,80.2347183228,41251,41262,11
13.0272798538,80.2343597412,41262,41272,10
13.0270595551,80.2339935303,41272,41282,10
13.0269498825,80.2337799072,41282,41298,16
13.0265903473,80.2332305908,41298,41330,32
13.0265903473,80.2332305908,41330,41340,10
13.02643013,80.2329483032,41340,41350,10
13.0262804031,80.2325973511,41350,41360,10
13.0261697769,80.2322235107,41360,41371,11
13.0260801315,80.2317886353,41371,41381,10
13.0260000229,80.2313919067,41381,41391,10
13.0258398056,80.2307815552,41391,41401,10
13.0255002975,80.230140686,41401,41409,8
13.025179863,80.2297210693,41409,41421,12
13.0248603821,80.2293167114,41421,41431,10
13.0245199203,80.2288970947,41431,41438,7
13.0242996216,80.2286376953,41438,41451,13
13.0233802795,80.2276229858,41451,41471,20
13.0233802795,80.2276229858,41471,41482,11
13.0232801437,80.227432251,41482,41492,10
13.023229599,80.2273864746,41492,41502,10
13.023150444,80.2273330688,41502,41512,10
13.0231304169,80.2273178101,41512,41522,10
13.0230703354,80.2272491455,41522,41545,23
13.0224199295,80.2266464233,41545,41557,12
13.0218496323,80.2261962891,41557,41567,10
13.0212802887,80.2257766724,41567,41576,9
13.020819664,80.225402832,41576,41586,10
13.0201196671,80.224937439,41586,41608,22
13.0201196671,80.224937439,41608,41618,10
13.0199403763,80.2247924805,41618,41628,10
13.0194396973,80.2245025635,41628,41638,10
13.0184803009,80.2246322632,41638,41648,10
13.0176801682,80.2249526978,41648,41658,10
13.0172395706,80.2251586914,41658,41668,10
13.0170698166,80.2252578735,41668,41678,10
13.0169000626,80.2253112793,41678,41688,10
13.0167503357,80.2253417969,41688,41699,11
13.016500473,80.2254486084,41699,41709,10
13.0161800385,80.2255630493,41709,41719,10
13.0156002045,80.2257537842,41719,41737,18
13.0146903992,80.2261123657,41737,41749,12
13.0144195557,80.2262420654,41749,41759,10
13.014380455,80.226272583,41759,41769,10
13.0140895844,80.2263793945,41769,41779,10
13.0134801865,80.226600647,41779,41788,9
13.012840271,80.2268600464,41788,41799,11
13.0119600296,80.227180481,41799,41810,11
13.0108098984,80.2276077271,41810,41820,10
13.009759903,80.228012085,41820,41830,10
13.0091400146,80.2286987305,41830,41840,10
13.0089797974,80.2294998169,41840,41850,10
13.0087099075,80.2307281494,41850,41860,10
13.008480072,80.2319030762,41860,41870,10
13.0083398819,80.2330093384,41870,41880,10
13.0082197189,80.2334899902,41880,41890,10
13.0081996918,80.2335968018,41890,41900,10
13.0081501007,80.23387146,41900,41911,11
13.008020401,80.23462677,41911,41921,10
13.0077800751,80.2356185913,41921,41931,10
13.0075397491,80.2367019653,41931,41941,10
13.0073003769,80.2378921509,41941,41951,10
13.0070695877,80.2390823364,41951,41961,10
13.0068597794,80.2402420044,41961,41971,10
13.0066795349,80.2413406372,41971,41981,10
13.0066604614,80.2423934937,41981,41991,10
13.0066795349,80.2431488037,41991,42001,10
13.0066699982,80.2438812256,42001,42022,21
13.0066699982,80.2438812256,42022,42032,10
13.0066900253,80.2440795898,42032,42042,10
13.0066795349,80.2442703247,42042,42062,20
13.0066795349,80.2442703247,42062,42072,10
13.0066900253,80.2445831299,42072,42082,10
13.0066604614,80.2450790405,42082,42092,10
13.0066795349,80.2455215454,42092,42102,10
13.0067195892,80.2461166382,42102,42112,10
13.0067501068,80.2469787598,42112,42133,21
13.0067596436,80.2472000122,42133,42163,30
13.0067596436,80.2472000122,42163,42173,10
13.0066604614,80.2473831177,42173,42183,10
13.0063199997,80.2474365234,42183,42193,10
13.0061702728,80.2474365234,42193,42203,10
13.0061597824,80.247428894,42203,42213,10
13.0057601929,80.2473983765,42213,42222,9
13.0050897598,80.2474136353,42222,42234,12
13.0039596558,80.2475280762,42234,42244,10
13.0029802322,80.2476501465,42244,42254,10
13.0022497177,80.2478103638,42254,42264,10
13.0015296936,80.2479782104,42264,42274,10
13.0006904602,80.2481765747,42274,42284,10
12.9996700287,80.2484283447,42284,42294,10
12.998049736,80.248878479,42294,42314,20
12.998049736,80.248878479,42314,42324,10
12.9978399277,80.2489318848,42324,42334,10
12.9973297119,80.2490310669,42334,42345,11
12.9963903427,80.2492523193,42345,42355,10
12.9953603745,80.2495193481,42355,42365,10
12.9941396713,80.2498397827,42365,42375,10
12.9927997589,80.2501831055,42375,42385,10
12.9917802811,80.2504272461,42385,42395,10
12.9912796021,80.2505874634,42395,42405,10
12.9911403656,80.2506332397,42405,42415,10
12.9910802841,80.2506637573,42415,42425,10
12.9905796051,80.2507476807,42425,42435,10
12.9897499084,80.2509536743,42435,42445,10
12.988650322,80.2512207031,42445,42817,372
12.988650322,80.2512207031,42817,42827,10
12.9885101318,80.2512588501,42827,42837,10
12.9881401062,80.2513504028,42837,42847,10
12.9877004623,80.2514724731,42847,42857,10
12.9871702194,80.2515869141,42857,42867,10
12.9864597321,80.2517700195,42867,42878,11
12.9855899811,80.2519683838,42878,42888,10
12.9845199585,80.252281189,42888,42898,10
12.9833097458,80.252571106,42898,42908,10
12.9821796417,80.2526626587,42908,42918,10
12.981300354,80.2526779175,42918,42928,10
12.9804601669,80.2527389526,42928,42938,10
12.9800596237,80.2527618408,42938,42948,10
12.9795703888,80.2526931763,42948,42958,10
12.9788198471,80.2526168823,42958,42968,10
12.9786195755,80.252571106,42968,42978,10
12.9785203934,80.2525024414,42978,42989,11
12.9780597687,80.2521514893,42989,43005,16
12.9767999649,80.2512893677,43005,43017,12
12.9753799438,80.250869751,43017,43027,10
12.9743204117,80.2505874634,43027,43037,10
12.9729204178,80.2502212524,43037,43045,8
12.971619606,80.2498626709,43045,43055,10
12.970410347,80.2495422363,43055,43068,13
12.9688396454,80.248878479,43068,43078,10
12.9677200317,80.2484664917,43078,43088,10
12.9668197632,80.248046875,43088,43099,11
12.9659204483,80.2476501465,43099,43109,10
12.9651498795,80.2474136353,43109,43119,10
12.9650297165,80.2473526001,43119,43129,10
12.9649600983,80.2473373413,43129,43139,10
12.9645795822,80.2471923828,43139,43162,23
12.9628000259,80.246421814,43162,43174,12
12.9615602493,80.2457962036,43174,43184,10
12.9607601166,80.2453765869,43184,43194,10
12.959980011,80.2449417114,43194,43204,10
12.9595403671,80.2447891235,43204,43214,10
12.9593400955,80.2448272705,43214,43225,11
12.9588603973,80.2445373535,43225,43235,10
12.9581403732,80.2442779541,43235,43245,10
12.9578895569,80.244178772,43245,43255,10
12.957400322,80.2439880371,43255,43265,10
12.9564800262,80.2437362671,43265,43295,30
12.9564800262,80.2437362671,43295,43305,10
12.9561004639,80.2435684204,43305,43316,11
12.9554395676,80.2432174683,43316,43326,10
12.9547100067,80.2428588867,43326,43336,10
12.9538602829,80.2424926758,43336,43346,10
12.9529600143,80.2421035767,43346,43356,10
12.9519901276,80.2417831421,43356,43366,10
12.9516401291,80.2416763306,43366,43376,10
12.9513502121,80.2415924072,43376,43386,10
12.9506502151,80.2413024902,43386,43396,10
12.9497203827,80.2410202026,43396,43406,10
12.9491996765,80.2407913208,43406,43417,11
12.9486303329,80.2406311035,43417,43427,10
12.9478702545,80.2403030396,43427,43437,10
12.9471902847,80.239982605,43437,43447,10
12.9470396042,80.2399597168,43447,43457,10
12.947019577,80.2399520874,43457,43467,10
12.9467697144,80.2397079468,43467,43477,10
12.946149826,80.2394332886,43477,43487,10
12.9453401566,80.2391204834,43487,43497,10
12.944560051,80.2384185791,43497,43507,10
12.9437398911,80.2375335693,43507,43517,10
12.9427700043,80.2366409302,43517,43528,11
12.9413995743,80.2361984253,43528,43538,10
12.9400997162,80.2359008789,43538,43548,10
12.939740181,80.2358169556,43548,43558,10
12.9395103455,80.2356796265,43558,43568,10
12.9388599396,80.2353973389,43568,43578,10
12.9380598068,80.2350006104,43578,43588,10
12.9371099472,80.2344970703,43588,43598,10
12.935959816,80.2339401245,43598,43608,10
12.9347000122,80.2333831787,43608,43618,10
12.9337501526,80.2329483032,43618,43639,21
12.9337501526,80.2329483032,43639,43649,10
12.9334001541,80.2328109741,43649,43659,10
12.932800293,80.2325363159,43659,43669,10
12.9321498871,80.2321472168,43669,43679,10
12.9309902191,80.2319564819,43679,43689,10
12.9296798706,80.2315979004,43689,43699,10
12.9284696579,80.2313079834,43699,43709,10
12.9272603989,80.2311172485,43709,43719,10
12.9262504578,80.2310180664,43719,43729,10
12.9261703491,80.231010437,43729,43739,10
12.9259796143,80.2310028076,43739,43750,11
12.925330162,80.2309188843,43750,43760,10
12.924489975,80.2308273315,43760,43770,10
12.923500061,80.2306976318,43770,43780,10
12.9223203659,80.2305221558,43780,43790,10
12.9209499359,80.2303085327,43790,43800,10
12.9194698334,80.2301025391,43800,43810,10
12.9179601669,80.2298965454,43810,43820,10
12.9164400101,80.2297134399,43820,43830,10
12.9151201248,80.2295303345,43830,43840,10
12.9140100479,80.2293930054,43840,43851,11
12.9132204056,80.229309082,43851,43861,10
12.9132204056,80.2293167114,43861,43871,10
12.9129400253,80.2292175293,43871,43881,10
12.9123096466,80.2291412354,43881,43891,10
12.9114303589,80.2289962769,43891,43901,10
12.9103298187,80.2288589478,43901,43911,10
12.9090995789,80.2286682129,43911,43921,10
12.9080600739,80.2284698486,43921,43931,10
12.9070997238,80.2283782959,43931,43962,31
12.9070997238,80.2283782959,43962,43972,10
12.9068403244,80.228302002,43972,43982,10
12.9062204361,80.2282562256,43982,43992,10
12.9053602219,80.2281799316,43992,44002,10
12.9043197632,80.2281417847,44002,44012,10
12.9033203125,80.2281036377,44012,44022,10
12.902469635,80.2280731201,44022,44032,10
12.9017696381,80.2280197144,44032,44042,10
12.9013299942,80.2279815674,44042,44123,81
12.9013299942,80.2279815674,44123,44133,10
12.9008398056,80.2279510498,44133,44143,10
12.9003896713,80.2279510498,44143,44153,10
12.9000396729,80.2279281616,44153,44163,10
12.8993597031,80.2278900146,44163,44194,31
12.8993597031,80.2278900146,44194,44204,10
12.8991003036,80.2278823853,44204,44214,10
12.8985204697,80.2278366089,44214,44224,10
12.8977203369,80.2277984619,44224,44234,10
12.8967695236,80.2277374268,44234,44244,10
12.8956804276,80.2276992798,44244,44254,10
12.894490242,80.2276535034,44254,44264,10
12.8933296204,80.2275390625,44264,44274,10
12.8922996521,80.2274093628,44274,44285,11
12.890999794,80.2273712158,44285,44295,10
12.8898096085,80.2273635864,44295,44305,10
12.8888101578,80.2273712158,44305,44315,10
12.8877496719,80.2272796631,44315,44325,10
12.8866195679,80.2270812988,44325,44335,10
12.8854999542,80.2267913818,44335,44345,10
12.8848199844,80.2267608643,44345,44355,10
12.8846302032,80.2269363403,44355,44365,10
12.88463974,80.2269210815,44365,44375,10
12.8839197159,80.2267532349,44375,44386,11
12.8829202652,80.2267532349,44386,44396,10
12.8818998337,80.2267608643,44396,44406,10
12.8807497025,80.2267608643,44406,44416,10
12.8795795441,80.2267837524,44416,44426,10
12.8785800934,80.2267990112,44426,44436,10
12.8773803711,80.2268981934,44436,44445,9
12.8764095306,80.2269973755,44445,44466,21
12.8764095306,80.2269973755,44466,44476,10
12.8761501312,80.2269973755,44476,44486,10
12.875579834,80.2269821167,44486,44497,11
12.8747301102,80.2268829346,44497,44506,9
12.8738203049,80.2267608643,44506,44517,11
12.8726797104,80.2267303467,44517,44537,20
12.8726797104,80.2267303467,44537,44547,10
12.8722696304,80.2266998291,44547,44557,10
12.8716201782,80.2266769409,44557,44567,10
12.8707799911,80.2266387939,44567,44577,10
12.8697795868,80.2265472412,44577,44587,10
12.8685998917,80.2264099121,44587,44597,10
12.8672800064,80.2264709473,44597,44608,11
12.866060257,80.226600647,44608,44618,10
12.8648796082,80.2266235352,44618,44627,9
12.8637104034,80.2265625,44627,44638,11
12.8624200821,80.2265930176,44638,44648,10
12.8612203598,80.2266311646,44648,44658,10
12.8610200882,80.2266235352,44658,44668,10
12.8609399796,80.2266235352,44668,44678,10
12.8605298996,80.2265930176,44678,44688,10
12.8598003387,80.2264785767,44688,44698,10
12.8588199615,80.2263336182,44698,44708,10
12.8577804565,80.2262802124,44708,44719,11
12.8562602997,80.2264175415,44719,44729,10
12.8548297882,80.2265777588,44729,44739,10
12.8532600403,80.2267303467,44739,44749,10
12.8516597748,80.2266769409,44749,44759,10
12.8502397537,80.2266311646,44759,44769,10
12.8496799469,80.2266235352,44769,44779,10
12.8494997025,80.2266235352,44779,44789,10
12.8489704132,80.2266235352,44789,44799,10
12.8481502533,80.2266235352,44799,44809,10
12.8470802307,80.2266235352,44809,44820,11
12.8458204269,80.2266311646,44820,44830,10
12.8452596664,80.2266235352,44830,44840,10
12.8451795578,80.2265777588,44840,44850,10
12.8449296951,80.2266693115,44850,44860,10
12.8442401886,80.2267227173,44860,44870,10
12.8434295654,80.2267990112,44870,44880,10
12.8424501419,80.2269821167,44880,44890,10
12.8412399292,80.2273025513,44890,44900,10
12.8402004242,80.2276229858,44900,44910,10
12.8397903442,80.227722168,44910,44920,10
12.8395595551,80.2277908325,44920,44931,11
12.8388395309,80.2279586792,44931,44941,10
12.8379802704,80.2281570435,44941,44951,10
12.8369398117,80.2283477783,44951,44961,10
12.8356895447,80.2285308838,44961,44971,10
12.8343200684,80.2287597656,44971,44981,10
12.8331098557,80.2289810181,44981,44991,10
12.8321800232,80.2291564941,44991,45001,10
12.8316898346,80.2294692993,45001,45011,10
12.8316202164,80.2294998169,45011,45021,10
12.8316698074,80.2293395996,45021,45031,10
12.8312797546,80.2292709351,45031,45042,11
12.8303604126,80.2296524048,45042,45052,10
12.8293600082,80.2300796509,45052,45062,10
12.8281698227,80.2306900024,45062,45072,10
12.8268499374,80.2313079834,45072,45082,10
12.8255701065,80.2314300537,45082,45092,10
12.8242301941,80.2313079834,45092,45102,10
12.822930336,80.2309112549,45102,45112,10
12.8218202591,80.2305679321,45112,45122,10
12.8207998276,80.23046875,45122,45132,10
12.8198404312,80.2305221558,45132,45143,11
12.8190002441,80.2305221558,45143,45153,10
12.8188400269,80.2304916382,45153,45163,10
12.8186798096,80.2304229736,45163,45173,10
12.8181600571,80.230140686,45173,45183,10
12.8172903061,80.2297592163,45183,45193,10
12.8161401749,80.2294692993,45193,45203,10
12.8148097992,80.2292785645,45203,45213,10
12.8135004044,80.2289810181,45213,45223,10
12.8122596741,80.2285385132,45223,45233,10
12.810959816,80.2280578613,45233,45243,10
12.8095598221,80.2274627686,45243,45254,11
12.8082799911,80.2265090942,45254,45264,10
12.8072299957,80.2256469727,45264,45274,10
12.806429863,80.2249298096,45274,45284,10
12.8056602478,80.2242736816,45284,45294,10
12.8048200607,80.2239990234,45294,45314,20
12.8048200607,80.2239990234,45314,45324,10
12.8046302795,80.2239837646,45324,45334,10
12.8041095734,80.2239303589,45334,45344,10
12.8032302856,80.2238464355,45344,45354,10
12.8021402359,80.2237091064,45354,45365,11
12.8010501862,80.2236175537,45365,45375,10
12.8009195328,80.2236099243,45375,45385,10
12.8005104065,80.2235717773,45385,45395,10
12.7996902466,80.2234802246,45395,45405,10
12.7986803055,80.2233581543,45405,45415,10
12.7974300385,80.2232513428,45415,45425,10
12.7960100174,80.2229766846,45425,45435,10
12.7957000732,80.2229232788,45435,45445,10
12.7955303192,80.222869873,45445,45455,10
12.7948598862,80.2227630615,45455,45465,10
12.7939996719,80.2226409912,45465,45476,11
12.7927999496,80.2224502563,45476,45486,10
12.7919397354,80.2222518921,45486,45496,10
12.7911901474,80.2220611572,45496,45506,10
12.7902498245,80.2218399048,45506,45516,10
12.7895298004,80.2216186523,45516,45526,10
12.7889299393,80.2213973999,45526,45536,10
12.7883396149,80.2211608887,45536,45546,10
12.7877902985,80.2209625244,45546,45556,10
12.7871599197,80.2207183838,45556,45566,10
12.7862701416,80.2203598022,45566,45607,41
12.7862701416,80.2203598022,45607,45617,10
12.7861299515,80.2205429077,45617,45627,10
12.7861604691,80.2209091187,45627,45637,10
12.7862100601,80.2214736938,45637,45647,10
12.7862501144,80.221862793,45647,45657,10
12.7862701416,80.2221984863,45657,48231,2574
12.7862701416,80.2221984863,48231,48241,10
12.7862596512,80.2219314575,48241,48262,21
12.7862596512,80.2219314575,48262,48272,10
12.7862195969,80.221572876,48272,48282,10
12.786190033,80.2212371826,48282,48292,10
12.7861995697,80.220916748,48292,48302,10
12.786190033,80.2206573486,48302,48312,10
12.786239624,80.2203216553,48312,48352,40
12.786239624,80.2203216553,48352,48363,11
12.786529541,80.2204818726,48363,48373,10
12.7869300842,80.2206115723,48373,48383,10
12.7874803543,80.2207870483,48383,48393,10
12.7880897522,80.2210464478,48393,48403,10
12.7889699936,80.2213668823,48403,48413,10
12.7897796631,80.2216491699,48413,48423,10
12.790599823,80.2218704224,48423,48433,10
12.7916498184,80.2221298218,48433,48443,10
12.7927598953,80.2223815918,48443,48453,10
12.7938699722,80.2225494385,48453,48463,10
12.7949800491,80.2227325439,48463,48473,10
12.7964601517,80.2229690552,48473,48494,21
12.7964601517,80.2229690552,48494,48504,10
12.7966804504,80.2230377197,48504,48514,10
12.7969198227,80.2230834961,48514,48524,10
12.7973003387,80.2231216431,48524,48665,141
12.7973003387,80.2231216431,48665,48675,10
12.7973604202,80.2231216431,48675,48686,11
12.7979402542,80.2232131958,48686,48696,10
12.7987699509,80.2232971191,48696,48706,10
12.7998399734,80.2234191895,48706,48716,10
12.8014602661,80.2235794067,48716,48736,20
12.8014602661,80.2235794067,48736,48746,10
12.801779747,80.2236175537,48746,48756,10
12.8024301529,80.2236862183,48756,48766,10
12.802980423,80.2237625122,48766,48776,10
12.8036699295,80.2238311768,48776,48786,10
12.8045301437,80.2238922119,48786,48797,11
12.8055400848,80.2241287231,48797,48817,20
12.8055400848,80.2241287231,48817,48827,10
12.805729866,80.2242736816,48827,48837,10
12.8062200546,80.2246627808,48837,48847,10
12.8068704605,80.2252502441,48847,48857,10
12.8077402115,80.225982666,48857,48867,10
12.8086004257,80.2267227173,48867,48877,10
12.8098602295,80.2275238037,48877,48887,10
12.8110799789,80.2280426025,48887,48896,9
12.8122196198,80.2284622192,48896,48907,11
12.8135995865,80.2289428711,48907,48918,11
12.8149900436,80.2292480469,48918,48928,10
12.8162899017,80.2294387817,48928,48938,10
12.8175601959,80.2297897339,48938,48948,10
12.8186798096,80.2303237915,48948,48958,10
12.8196601868,80.2304382324,48958,48978,20
12.8196601868,80.2304382324,48978,48988,10
12.8197402954,80.2304382324,48988,48998,10
12.8201799393,80.2304382324,48998,49009,11
12.8210897446,80.2304229736,49009,49019,10
12.8220796585,80.2305603027,49019,49029,10
12.8231801987,80.2308883667,49029,49039,10
12.8243398666,80.2311935425,49039,49049,10
12.8255300522,80.231338501,49049,49059,10
12.8267602921,80.231262207,49059,49069,10
12.8278598785,80.230796814,49069,49079,10
12.8289299011,80.2302017212,49079,49089,10
12.8298902512,80.2298202515,49089,49099,10
12.8310403824,80.2293167114,49099,49130,31
12.8310403824,80.2293167114,49130,49140,10
12.8314800262,80.2292633057,49140,49150,10
12.8315601349,80.2292327881,49150,49160,10
12.8320903778,80.2290878296,49160,49170,10
12.8329896927,80.2289199829,49170,49180,10
12.8341503143,80.2286987305,49180,49190,10
12.8355798721,80.2284622192,49190,49200,10
12.8369903564,80.2282562256,49200,49210,10
12.8381900787,80.2280426025,49210,49221,11
12.8391399384,80.2277526855,49221,49231,10
12.8395700455,80.2276916504,49231,49241,10
12.8399295807,80.2275924683,49241,49251,10
12.8406801224,80.2273788452,49251,49261,10
12.8416595459,80.2271270752,49261,49271,10
12.8428201675,80.226890564,49271,49281,10
12.8441295624,80.2266235352,49281,49291,10
12.8453903198,80.2265167236,49291,49311,20
12.8453903198,80.2265167236,49311,49321,10
12.8457202911,80.2265167236,49321,49332,11
12.8465499878,80.2265090942,49332,49342,10
12.8475704193,80.2265014648,49342,49352,10
12.8486700058,80.2265090942,49352,49362,10
12.8496398926,80.2264785767,49362,49372,10
12.8500204086,80.2264785767,49372,49382,10
12.8500699997,80.2264862061,49382,49392,10
12.8505601883,80.2265014648,49392,49402,10
12.8513898849,80.2265472412,49402,49412,10
12.8524503708,80.2266082764,49412,49422,10
12.8536596298,80.2265930176,49422,49432,10
12.8549699783,80.2264480591,49432,49443,11
12.8564796448,80.2262802124,49443,49453,10
12.8578395844,80.2261734009,49453,49463,10
12.8589696884,80.2262420654,49463,49473,10
12.8601503372,80.2264022827,49473,49483,10
12.8608798981,80.2264633179,49483,49493,10
12.8608999252,80.2264709473,49493,49503,10
12.8611097336,80.2265319824,49503,49513,10
12.861749649,80.2265090942,49513,49523,10
12.8626499176,80.2264633179,49523,49533,10
12.8637599945,80.2264709473,49533,49543,10
12.8650302887,80.2265014648,49543,49554,11
12.8660802841,80.2265014648,49554,49564,10
12.8668003082,80.2264175415,49564,49574,10
12.867650032,80.226348877,49574,49584,10
12.8686504364,80.2263183594,49584,49594,10
12.8699102402,80.2264404297,49594,49604,10
12.871219635,80.2265777588,49604,49614,10
12.8729095459,80.226600647,49614,49634,20
12.8729095459,80.226600647,49634,49644,10
12.8730802536,80.226600647,49644,49655,11
12.8737602234,80.2266387939,49655,49665,10
12.8746700287,80.2267532349,49665,49675,10
12.875749588,80.2268676758,49675,49685,10
12.8766202927,80.226852417,49685,49695,10
12.8767404556,80.2268371582,49695,49705,10
12.876830101,80.226852417,49705,49715,10
12.8774499893,80.2267990112,49715,49725,10
12.8782997131,80.2267303467,49725,49735,10
12.8793296814,80.2266693115,49735,49745,10
12.8805599213,80.2266387939,49745,49755,10
12.8818397522,80.2266464233,49755,49766,11
12.8832798004,80.2266387939,49766,49776,10
12.8844099045,80.2266235352,49776,49786,10
12.8851003647,80.2266235352,49786,49796,10
12.8851995468,80.2266311646,49796,49806,10
12.8853597641,80.2266616821,49806,49816,10
12.8858995438,80.2267837524,49816,49832,16
12.8872404099,80.2271194458,49832,49844,12
12.8885803223,80.2272567749,49844,49853,9
12.8897399902,80.2272796631,49853,49864,11
12.8912601471,80.2272796631,49864,49875,11
12.8923797607,80.2273101807,49875,49885,10
12.8931102753,80.2274017334,49885,49895,10
12.894080162,80.2275238037,49895,49905,10
12.8952999115,80.2275772095,49905,49915,10
12.89661026,80.2276229858,49915,49925,10
12.8978700638,80.2277069092,49925,49935,10
12.8990802765,80.2277832031,49935,49945,10
12.9000196457,80.2278137207,49945,49955,10
12.9003000259,80.2277908325,49955,49965,10
12.9003200531,80.2277832031,49965,49975,10
12.9006004333,80.2277984619,49975,49986,11
12.900759697,80.2278518677,49986,49996,10
12.9011096954,80.2278823853,49996,50017,21
12.9026002884,80.2279434204,50017,50039,22
12.9026002884,80.2279434204,50039,50049,10
12.9028701782,80.2279815674,50049,50059,10
12.9036502838,80.2280273438,50059,50069,10
12.9047899246,80.2280883789,50069,50079,10
12.905500412,80.2280883789,50079,50100,21
12.905500412,80.2280883789,50100,50110,10
12.9057998657,80.2280807495,50110,50120,10
12.9062004089,80.2281417847,50120,50170,50
12.9062004089,80.2281417847,50170,50180,10
12.9063596725,80.2281112671,50180,50190,10
12.9067697525,80.2281723022,50190,50201,11
12.9075603485,80.2282867432,50201,50211,10
12.9085302353,80.2284393311,50211,50221,10
12.909819603,80.2286682129,50221,50231,10
12.9110403061,80.2288665771,50231,50241,10
12.9127197266,80.2291030884,50241,50251,10
12.9140701294,80.2292709351,50251,50271,20
12.9140701294,80.2292709351,50271,50281,10
12.9144201279,80.2293167114,50281,50291,10
12.915140152,80.2294082642,50291,50302,11
12.9162397385,80.2295837402,50302,50312,10
12.9173498154,80.2297668457,50312,50322,10
12.9185695648,80.229927063,50322,50332,10
12.9198999405,80.2301101685,50332,50342,10
12.9213895798,80.2302780151,50342,50352,10
12.9228696823,80.2304763794,50352,50362,10
12.9244003296,80.230682373,50362,50372,10
12.9263801575,80.2309417725,50372,50392,20
12.9263801575,80.2309417725,50392,50402,10
12.9267597198,80.2309570313,50402,50413,11
12.9276103973,80.2310791016,50413,50423,10
12.9286003113,80.2312088013,50423,50433,10
12.929599762,80.2313766479,50433,50443,10
12.9309101105,80.2317276001,50443,50453,10
12.932100296,80.232131958,50453,50463,10
12.9331302643,80.2324981689,50463,50473,10
12.9336700439,80.232749939,50473,50483,10
12.9336795807,80.232749939,50483,50493,10
12.9337596893,80.2328491211,50493,50503,10
12.9342803955,80.2330627441,50503,50513,10
12.9350204468,80.2333297729,50513,50524,11
12.9356899261,80.2337036133,50524,50534,10
12.9361801147,80.2339630127,50534,50544,10
12.9368200302,80.2342681885,50544,50554,10
12.9376001358,80.2346572876,50554,50564,10
12.9385595322,80.2350769043,50564,50574,10
12.9394397736,80.2355194092,50574,50584,10
12.9397697449,80.2356414795,50584,50594,10
12.9397802353,80.2356491089,50594,50604,10
12.9399299622,80.2357788086,50604,50614,10
12.9404001236,80.2359237671,50614,50625,11
12.9411497116,80.2360916138,50625,50635,10
12.9419803619,80.236289978,50635,50645,10
12.9428701401,80.236618042,50645,50655,10
12.9436302185,80.2373123169,50655,50665,10
12.9444198608,80.2381973267,50665,50675,10
12.945400238,80.2391433716,50675,50685,10
12.9465103149,80.2396774292,50685,50695,10
12.9478197098,80.2401733398,50695,50715,20
12.9478197098,80.2401733398,50715,50731,16
12.94810009,80.2402877808,50731,50744,13
12.9487600327,80.2405319214,50744,50763,19
12.9487600327,80.2405319214,50763,50775,12
12.9488296509,80.2406005859,50775,50785,10
12.949259758,80.2407836914,50785,50795,10
12.9499397278,80.2409820557,50795,50804,9
12.9505596161,80.2411727905,50804,50815,11
12.9511604309,80.2413635254,50815,50825,10
12.9511804581,80.2413787842,50825,50835,10
12.9515399933,80.2415008545,50835,50846,11
12.9520597458,80.2416763306,50846,50856,10
12.9525899887,80.2419281006,50856,50866,10
12.9533195496,80.2422180176,50866,50876,10
12.9541797638,80.2425384521,50876,50886,10
12.9549999237,80.2428588867,50886,50896,10
12.9557199478,80.2431411743,50896,50906,10
12.9563398361,80.2433929443,50906,50926,20
12.9563398361,80.2433929443,50926,50936,10
12.9565601349,80.2435379028,50936,50947,11
12.9571504593,80.2437362671,50947,50957,10
12.9578199387,80.2440032959,50957,50967,10
12.958530426,80.2442398071,50967,50977,10
12.9589004517,80.2443466187,50977,50987,10
12.9589996338,80.2444610596,50987,50997,10
12.9592695236,80.244682312,50997,51007,10
12.9597196579,80.2449035645,51007,51017,10
12.9603595734,80.2451629639,51017,51027,10
12.961139679,80.2454910278,51027,51037,10
12.9620504379,80.2459335327,51037,51047,10
12.9628601074,80.2463302612,51047,51058,11
12.9632101059,80.2464675903,51058,51068,10
12.9632902145,80.2465133667,51068,51078,10
12.9636898041,80.2467269897,51078,51088,10
12.964389801,80.2469787598,51088,51098,10
12.9651699066,80.2472000122,51098,51108,10
12.9660997391,80.2475204468,51108,51118,10
12.9668302536,80.2479019165,51118,51128,10
12.9669399261,80.2479782104,51128,51138,10
12.9671001434,80.2480621338,51138,51154,16
12.9679498672,80.248298645,51154,51167,13
12.9690999985,80.2487564087,51167,51177,10
12.9698495865,80.2491073608,51177,51185,8
12.9709100723,80.2495117188,51185,51196,11
12.9722995758,80.2499389648,51196,51208,12
12.973690033,80.250328064,51208,51218,10
12.9743099213,80.2504882813,51218,51228,10
12.9752101898,80.2507705688,51228,51237,9
12.9759902954,80.2509994507,51237,51248,11
12.9773197174,80.251411438,51248,51258,10
12.9781799316,80.2520675659,51258,51269,11
12.9785499573,80.2523269653,51269,51279,10
12.9785900116,80.2523880005,51279,51289,10
12.978969574,80.2525405884,51289,51299,10
12.9794101715,80.252571106,51299,51309,10
12.9797897339,80.2526092529,51309,51319,10
12.9803800583,80.2526168823,51319,51329,10
12.9811496735,80.2525863647,51329,51339,10
12.9820299149,80.2525787354,51339,51349,10
12.983130455,80.252532959,51349,51359,10
12.9842300415,80.2522888184,51359,51369,10
12.9851198196,80.2520370483,51369,51380,11
12.9857301712,80.2518463135,51380,51390,10
12.9863700867,80.2516784668,51390,51400,10
12.9870901108,80.2514877319,51400,51410,10
12.9877700806,80.2512969971,51410,51420,10
12.9883804321,80.251159668,51420,51430,10
12.9891395569,80.2509765625,51430,51440,10
12.9895200729,80.2509002686,51440,51450,10
12.9896602631,80.2508621216,51450,51459,9
12.9900999069,80.2507705688,51459,51469,10
12.9909000397,80.2505722046,51469,51481,12
12.9920797348,80.2502593994,51481,51491,10
12.993229866,80.2499694824,51491,51500,9
12.9943399429,80.249710083,51500,51511,11
12.9955196381,80.249420166,51511,51521,10
12.9968004227,80.2490692139,51521,51531,10
12.9979801178,80.2487792969,51531,51541,10
12.9992599487,80.2484588623,51541,51551,10
13.0005998611,80.2481231689,51551,51561,10
13.0018196106,80.2478027344,51561,51571,10
13.002869606,80.2475585938,51571,51581,10
13.0040102005,80.2473678589,51581,51592,11
13.0051803589,80.2472229004,51592,51602,10
13.0060997009,80.2469406128,51602,51612,10
13.0064296722,80.2465591431,51612,51622,10
13.006480217,80.2464599609,51622,51632,10
13.0065603256,80.2463226318,51632,51642,10
13.0066204071,80.2458190918,51642,51652,10
13.0066299438,80.2451019287,51652,51662,10
13.0066404343,80.2443618774,51662,51672,10
13.0066099167,80.2438964844,51672,51682,10
13.0066003799,80.243270874,51682,51692,10
13.0065698624,80.2426681519,51692,51702,10
13.0065402985,80.241859436,51702,51713,11
13.0065803528,80.2410964966,51713,51723,10
13.0066204071,80.2406768799,51723,51743,20
13.0066204071,80.2406768799,51743,51753,10
13.0066900253,80.2403030396,51753,51763,10
13.0067796707,80.2398376465,51763,51773,10
13.0069103241,80.2392425537,51773,51783,10
13.0070199966,80.2386016846,51783,51793,10
13.0071601868,80.237991333,51793,51804,11
13.0072803497,80.2374725342,51804,51814,10
13.007349968,80.2369384766,51814,51824,10
13.0073699951,80.2368774414,51824,51834,10
13.0074796677,80.2365493774,51834,51844,10
13.0075798035,80.2360305786,51844,51854,10
13.0077199936,80.2352676392,51854,51864,10
13.0078802109,80.2343673706,51864,51874,10
13.0080499649,80.2335586548,51874,51884,10
13.0083799362,80.2319793701,51884,51894,10
13.0086603165,80.2305297852,51894,51904,10
13.0089502335,80.2291412354,51904,51915,11
13.0093002319,80.2278366089,51915,51925,10
13.0097999573,80.2267608643,51925,51934,9
13.0101995468,80.2259292603,51934,51945,11
13.0106201172,80.2251205444,51945,51955,10
13.0109395981,80.2242584229,51955,51965,10
13.0112495422,80.2236022949,51965,51975,10
13.0113697052,80.2232666016,51975,51985,10
13.0115499496,80.2228775024,51985,51995,10
13.0115804672,80.222366333,51995,52005,10
13.0119695663,80.2217102051,52005,52016,11
13.0123300552,80.2217102051,52016,52026,10
13.0128002167,80.2222366333,52026,52036,10
13.0133600235,80.2227783203,52036,52046,10
13.0139102936,80.2234420776,52046,52056,10
13.0143003464,80.2237625122,52056,52066,10
13.0147895813,80.2241973877,52066,52082,16
13.0151100159,80.224609375,52082,52094,12
13.0153999329,80.2248916626,52094,52102,8
13.0155000687,80.2249526978,52102,52114,12
13.0156497955,80.2251434326,52114,52124,10
13.016169548,80.2253417969,52124,52135,11
13.0170898438,80.2251205444,52135,52145,10
13.0180597305,80.2247390747,52145,52155,10
13.019109726,80.2243804932,52155,52165,10
13.0196304321,80.2244491577,52165,52175,10
13.0197000504,80.2245330811,52175,52185,10
13.0200195313,80.2247390747,52185,52195,10
13.0205802917,80.2251434326,52195,52205,10
13.0212497711,80.2257232666,52205,52215,10
13.022480011,80.2266311646,52215,52236,21
13.022480011,80.2266311646,52236,52246,10
13.0227899551,80.2268600464,52246,52256,10
13.0233001709,80.2273483276,52256,52266,10
13.0239801407,80.2279586792,52266,52276,10
13.0242395401,80.2282409668,52276,52286,10
13.0243501663,80.2284622192,52286,52296,10
13.0246496201,80.2288894653,52296,52306,10
13.0250396729,80.2294464111,52306,52316,10
13.0255002975,80.2301177979,52316,52326,10
13.0258302689,80.2307662964,52326,52337,11
13.0259199142,80.2308425903,52337,52347,10
13.0258998871,80.2309265137,52347,52357,10
13.0259799957,80.231262207,52357,52367,10
13.0261201859,80.2316818237,52367,52377,10
13.0262804031,80.2322998047,52377,52387,10
13.0266103745,80.2330322266,52387,52397,10
13.0270395279,80.2337417603,52397,52407,10
13.0274896622,80.2345428467,52407,52417,10
13.0279197693,80.2353210449,52417,52427,10
13.0285196304,80.2360534668,52427,52437,10
13.0291595459,80.2367477417,52437,52448,11
13.0296401978,80.2371902466,52448,52458,10
13.0297203064,80.2373275757,52458,52468,10
13.0300397873,80.2378463745,52468,52478,10
13.0303401947,80.2383575439,52478,52488,10
13.0306196213,80.2388763428,52488,52498,10
13.0309095383,80.2393569946,52498,52508,10
13.0311498642,80.2397384644,52508,52518,10
13.0312099457,80.2398605347,52518,52528,10
13.031370163,80.2401275635,52528,52544,16
13.0314502716,80.2407531738,52544,52557,13
13.0316400528,80.2411117554,52557,52567,10
13.0317802429,80.2414321899,52567,52577,10
13.0319795609,80.241859436,52577,52587,10
13.0323295593,80.2423171997,52587,52596,9
13.0328102112,80.2428817749,52596,52606,10
13.0333404541,80.2436523438,52606,52617,11
13.0340795517,80.2446136475,52617,52627,10
13.0347204208,80.2454223633,52627,52637,10
13.0350799561,80.2456817627,52637,52647,10
13.0352296829,80.2460708618,52647,52658,11
13.0355701447,80.2461624146,52658,52668,10
13.0356502533,80.2461776733,52668,52678,10
13.0359296799,80.2463531494,52678,52688,10
13.036450386,80.2464599609,52688,52698,10
13.0371103287,80.2465515137,52698,52708,10
13.0376596451,80.2464599609,52708,52718,10
13.038649559,80.2467193604,52718,52758,40
13.0388698578,80.2469787598,52758,52779,21
13.0388698578,80.2469787598,52779,52789,10
13.0391902924,80.2470169067,52789,52799,10
13.0396003723,80.2470397949,52799,52809,10
13.0399904251,80.2471389771,52809,52819,10
13.0407400131,80.2472305298,52819,52829,10
13.0415802002,80.2473526001,52829,52839,10
13.0419197083,80.2473831177,52839,52849,10
13.0423698425,80.2475280762,52849,52859,10
13.0429801941,80.247756958,52859,52869,10
13.0435600281,80.2479095459,52869,52880,11
13.0441703796,80.2478637695,52880,52890,10
13.0448598862,80.2479934692,52890,52900,10
13.0455102921,80.248260498,52900,52910,10
13.0462799072,80.2484817505,52910,52920,10
13.0467996597,80.2484130859,52920,52940,20
13.0467996597,80.2484130859,52940,52950,10
13.0472097397,80.2484893799,52950,52960,10
13.0476303101,80.2487411499,52960,52970,10
13.0478000641,80.2489318848,52970,52981,11
13.0481300354,80.2493896484,52981,52991,10
13.0486297607,80.249671936,52991,53001,10
13.0492296219,80.2497406006,53001,53011,10
13.0496301651,80.2498016357,53011,53021,10
13.0502796173,80.2499237061,53021,53031,10
13.051030159,80.2500610352,53031,53041,10
13.051779747,80.2504196167,53041,53057,16
13.0527095795,80.2515563965,53057,53069,12
13.0535402298,80.2526626587,53069,53078,9
13.0539903641,80.253288269,53078,53088,10
13.0544996262,80.2539367676,53088,53100,12
13.0550098419,80.2545623779,53100,53110,10
13.0554504395,80.2551803589,53110,53120,10
13.0558204651,80.2556762695,53120,53129,9
13.0560598373,80.2560195923,53129,53140,11
13.0564403534,80.2564697266,53140,53150,10
13.0567102432,80.2567214966,53150,53160,10
13.0570297241,80.2570037842,53160,53170,10
13.0574903488,80.2573394775,53170,53180,10
13.0578899384,80.2577819824,53180,53191,11
13.0583095551,80.2583770752,53191,53201,10
13.0586204529,80.2587966919,53201,53211,10
13.0589799881,80.2592010498,53211,53221,10
13.0592098236,80.2596969604,53221,53231,10
13.0595502853,80.2601013184,53231,53241,10
13.0598897934,80.2603530884,53241,53251,10
13.0602703094,80.2607574463,53251,53261,10
13.0605802536,80.2611465454,53261,53271,10
13.0606298447,80.2612228394,53271,53281,10
13.0607004166,80.2613296509,53281,53291,10
13.0610198975,80.26171875,53291,53302,11
13.0614795685,80.2621383667,53302,53312,10
13.0617198944,80.2625198364,53312,53322,10
13.0618200302,80.2626876831,53322,53332,10
13.0621595383,80.2631225586,53332,53342,10
13.0625400543,80.2636184692,53342,53351,9
13.0628299713,80.2639389038,53351,53362,11
13.0632801056,80.2644805908,53362,53372,10
13.0636901855,80.2651062012,53372,53382,10
13.0639295578,80.26537323,53382,53392,10
13.0642299652,80.2658081055,53392,53402,10
13.0645599365,80.2662734985,53402,53413,11
13.0649795532,80.2668075562,53413,53423,10
13.0654802322,80.2671890259,53423,53433,10
13.0657997131,80.2675170898,53433,53443,10
13.0658302307,80.2676391602,53443,53453,10
13.066069603,80.2679214478,53453,53463,10
13.0665397644,80.268371582,53463,53473,10
13.0669498444,80.2686691284,53473,53483,10
13.0675001144,80.2689971924,53483,53493,10
13.0681295395,80.2693481445,53493,53503,10
13.0682497025,80.2696990967,53503,53514,11
13.068189621,80.2701263428,53514,53525,11
13.0681400299,80.2706222534,53525,53545,20
13.0681400299,80.2706222534,53545,53555,10
13.0680799484,80.2708206177,53555,53565,10
13.0680398941,80.2711105347,53565,53575,10
13.068189621,80.271446228,53575,53585,10
13.0687503815,80.2717895508,53585,53595,10
13.0693702698,80.2722320557,53595,53605,10
13.069899559,80.2728805542,53605,53615,10
13.0703401566,80.2734222412,53615,53626,11
13.0706996918,80.2737808228,53626,53636,10
13.0707302094,80.2738037109,53636,53646,10
13.0713396072,80.2741928101,53646,53696,50
13.0713396072,80.2741928101,53696,53706,10
13.0716896057,80.2743988037,53706,53716,10
13.0721702576,80.2748184204,53716,53727,11
13.0727796555,80.2754821777,53727,53737,10
13.0734195709,80.2761383057,53737,53747,10
13.0740699768,80.2764282227,53747,53757,10
13.0748500824,80.2763824463,53757,53767,10
13.0755596161,80.2763214111,53767,53777,10
13.0759401321,80.2761764526,53777,53787,10
13.0759096146,80.2760314941,53787,53797,10
13.075920105,80.2759170532,53797,53807,10
13.0759000778,80.2756195068,53807,53817,10
13.0759000778,80.2752990723,53817,53827,10
13.0760498047,80.2747879028,53827,53969,142
13.0760498047,80.2747879028,53969,53979,10
13.0759000778,80.2748413086,53979,53989,10
13.0759801865,80.2755889893,53989,53999,10
13.0759096146,80.2761688232,53999,54009,10
13.0759601593,80.276260376,54009,54019,10
13.0764904022,80.2762680054,54019,54029,10
13.0772199631,80.2762069702,54029,54039,10
13.0779304504,80.2761611938,54039,54050,11
13.0782699585,80.2755279541,54050,54060,10
13.0787000656,80.2751312256,54060,54070,10
13.0792598724,80.2751998901,54070,54080,10
13.0798997879,80.2752990723,54080,54090,10
13.0804595947,80.2752227783,54090,54100,10
13.0805797577,80.2751998901,54100,54109,9
13.0809402466,80.2751464844,54109,54119,10
13.0813598633,80.275100708,54119,54130,11
13.0818595886,80.2752304077,54130,54191,61
13.0818595886,80.2752304077,54191,54201,10
13.0820903778,80.2754211426,54201,54211,10
13.0820798874,80.2757034302,54211,54897,686
13.0820798874,80.2757034302,54897,54908,11
13.0818004608,80.2760620117,54908,54918,10
13.0817899704,80.2763519287,54918,54928,10
13.0818595886,80.2769622803,54928,54937,9
13.0819301605,80.2776412964,54937,54947,10
13.0823097229,80.2779693604,54947,54958,11
13.0828304291,80.277961731,54958,54998,40
13.0831899643,80.2780380249,54998,55059,61
13.0831899643,80.2780380249,55059,55069,10
13.0833902359,80.2783508301,55069,55079,10
13.083439827,80.2787780762,55079,55089,10
13.0830202103,80.2787704468,55089,55099,10
13.0825395584,80.2786026001,55099,55109,10
13.0820198059,80.2783813477,55109,55120,11
13.081870079,80.2780075073,55120,55130,10
13.0818395615,80.2774887085,55130,55140,10
13.0816898346,80.2765426636,55140,55150,10
13.0815696716,80.2758636475,55150,55160,10
13.0815200806,80.275718689,55160,55170,10
13.0815095901,80.2754898071,55170,55190,20
13.0815095901,80.2754898071,55190,55200,10
13.0814599991,80.2752990723,55200,55210,10
13.0813798904,80.2751617432,55210,55220,10
13.0809001923,80.275177002,55220,55231,11
13.080160141,80.2752838135,55231,55241,10
13.0795097351,80.2752990723,55241,55251,10
13.0788402557,80.2751617432,55251,55261,10
13.0782299042,80.2755966187,55261,55271,10
13.0776996613,80.276222229,55271,55281,10
13.0767202377,80.276260376,55281,55291,10
13.0759401321,80.2763137817,55291,55301,10
13.0755901337,80.2763671875,55301,55311,10
13.0750703812,80.2763595581,55311,55320,9
13.0743999481,80.2763671875,55320,55331,11
13.0739097595,80.2763977051,55331,55362,31
13.0739097595,80.2763977051,55362,55372,10
13.0737895966,80.2764205933,55372,55382,10
13.0733699799,80.2763214111,55382,55392,10
13.0728902817,80.2758026123,55392,55402,10
13.0723600388,80.2751998901,55402,55412,10
13.0719804764,80.2747879028,55412,55422,10
13.0717697144,80.274597168,55422,55432,10
13.0712900162,80.2744369507,55432,55443,11
13.0706796646,80.2742080688,55443,55453,10
13.0706501007,80.2741470337,55453,55463,10
13.0706195831,80.2741088867,55463,55473,10
13.0704803467,80.2737503052,55473,55483,10
13.0701704025,80.2732696533,55483,55493,10
13.0697202682,80.2727279663,55493,55503,10
13.0692596436,80.2722702026,55503,55513,10
13.0686597824,80.2718963623,55513,55523,10
13.068189621,80.2716064453,55523,55533,10
13.0679798126,80.2711715698,55533,55543,10
13.0675001144,80.2705993652,55543,55554,11
13.0667600632,80.2698669434,55554,55564,10
13.0665302277,80.2693710327,55564,55574,10
13.0664396286,80.2688064575,55574,55584,10
13.0658102036,80.2677993774,55584,55642,58
13.0658102036,80.2677993774,55642,55652,10
13.0654201508,80.2676391602,55652,55663,11
13.065290451,80.2676315308,55663,55673,10
13.0649795532,80.2675476074,55673,55682,9
13.0643796921,80.2674407959,55682,55693,11
13.0638399124,80.267326355,55693,55703,10
13.0632801056,80.2672119141,55703,55713,10
13.0630197525,80.2671737671,55713,55723,10
13.062789917,80.2671432495,55723,55733,10
13.062379837,80.2667617798,55733,55743,10
13.0620002747,80.2662582397,55743,55753,10
13.06153965,80.2656936646,55753,55764,11
13.0610704422,80.2651672363,55764,55774,10
13.0606203079,80.2652587891,55774,55784,10
13.060379982,80.2654571533,55784,55794,10
13.0601997375,80.2655563354,55794,55804,10
13.0596599579,80.2656021118,55804,55814,10
13.0592603683,80.2655181885,55814,55824,10
13.0588998795,80.2654800415,55824,55834,10
13.0586595535,80.2654495239,55834,55844,10
13.0581798553,80.2652664185,55844,55854,10
13.0579996109,80.2647476196,55854,55864,10
13.0579500198,80.264213562,55864,55875,11
13.0578804016,80.2635116577,55875,55885,10
13.0578403473,80.2628707886,55885,55895,10
13.0577602386,80.2624130249,55895,55905,10
13.0576400757,80.2619171143,55905,55915,10
13.0576095581,80.2617034912,55915,55925,10
13.0575399399,80.2612686157,55925,55935,10
13.0573997498,80.2606964111,55935,55945,10
13.0571699142,80.2600097656,55945,55955,10
13.0569801331,80.2593688965,55955,55965,10
13.0567598343,80.2586517334,55965,55976,11
13.0565700531,80.2578811646,55976,55986,10
13.0565299988,80.2574081421,55986,55996,10
13.0564498901,80.2572631836,55996,56006,10
13.0563602448,80.2568435669,56006,56016,10
13.0562095642,80.2563400269,56016,56026,10
13.0557804108,80.2557373047,56026,56036,10
13.0552797318,80.2550582886,56036,56046,10
13.0547599792,80.2543487549,56046,56056,10
13.0543403625,80.2537384033,56056,56066,10
13.0539302826,80.2532196045,56066,56076,10
13.0535898209,80.2527389526,56076,56087,11
13.0530195236,80.251991272,56087,56097,10
13.0525398254,80.2513427734,56097,56107,10
13.0521297455,80.2508010864,56107,56117,10
13.0515804291,80.2503128052,56117,56127,10
13.050860405,80.250038147,56127,56137,10
13.0497598648,80.2498397827,56137,56147,10
13.0487203598,80.249710083,56147,56157,10
13.0480804443,80.2493972778,56157,56173,16
13.0468502045,80.2486114502,56173,56196,23
13.0468502045,80.2486114502,56196,56206,10
13.0467100143,80.248588562,56206,56216,10
13.0464496613,80.2485580444,56216,56226,10
13.0457801819,80.2484207153,56226,56236,10
13.0449800491,80.2481002808,56236,56246,10
13.0439996719,80.2479400635,56246,56256,10
13.0433502197,80.2478179932,56256,56266,10
13.042889595,80.2477798462,56266,56276,10
13.0425596237,80.2476806641,56276,56286,10
13.0421104431,80.2475509644,56286,56297,11
13.0413103104,80.2473907471,56297,56308,11
13.0402402878,80.247177124,56308,56318,10
13.0396203995,80.2470779419,56318,56368,50
13.0396203995,80.2470779419,56368,56378,10
13.039560318,80.2470321655,56378,56388,10
13.0391397476,80.2469329834,56388,56398,10
13.0385103226,80.2467575073,56398,56409,11
13.0378599167,80.2466888428,56409,56419,10
13.0374603271,80.2466278076,56419,56429,10
13.037229538,80.24659729,56429,56439,10
13.0370101929,80.2465591431,56439,56449,10
13.0368003845,80.2465133667,56449,56459,10
13.0364599228,80.246421814,56459,56469,10
13.0359096527,80.2462921143,56469,56479,10
13.0357904434,80.2462463379,56479,56489,10
13.0352201462,80.2460327148,56489,56509,20
13.0352201462,80.2460327148,56509,56520,11
13.0350103378,80.2459182739,56520,56530,10
13.0347099304,80.2455368042,56530,56540,10
13.034239769,80.2449264526,56540,56549,9
13.033780098,80.2444076538,56549,56559,10
13.0331497192,80.243560791,56559,56570,11
13.0325403214,80.242767334,56570,56580,10
13.031999588,80.2419891357,56580,56590,10
13.0318002701,80.2415771484,56590,56600,10
13.0317897797,80.2415771484,56600,56610,10
13.0317296982,80.2414169312,56610,56621,11
13.0314397812,80.2407608032,56621,56631,10
13.0311403275,80.2401199341,56631,56641,10
13.0308103561,80.2394180298,56641,56651,10
13.0303602219,80.2386016846,56651,56661,10
13.0298299789,80.2376785278,56661,56671,10
13.0292701721,80.2368774414,56671,56681,10
13.0285301208,80.2361373901,56681,56691,10
13.0278301239,80.2353134155,56691,56701,10
13.0273399353,80.2344512939,56701,56711,10
13.0268297195,80.2336578369,56711,56721,10
13.0264701843,80.2330780029,56721,56732,11
13.0262002945,80.2324371338,56732,56741,9
13.0261602402,80.2322387695,56741,56752,11
13.02602005,80.231628418,56752,56772,20
13.02602005,80.231628418,56772,56782,10
13.02602005,80.231552124,56782,56792,10
13.0258798599,80.2310409546,56792,56802,10
13.0255002975,80.2302398682,56802,56812,10
13.0249700546,80.2294998169,56812,56822,10
13.024600029,80.2290802002,56822,56832,10
13.0246095657,80.2290725708,56832,56843,11
13.0245103836,80.2288818359,56843,56853,10
13.0241804123,80.2284622192,56853,56863,10
13.0237798691,80.2279891968,56863,56873,10
13.0233697891,80.2276000977,56873,56893,20
13.0233697891,80.2276000977,56893,56903,10
13.0232000351,80.2274169922,56903,56923,20
13.0232000351,80.2274169922,56923,56933,10
13.0230102539,80.2272415161,56933,56944,11
13.0225000381,80.2267837524,56944,56954,10
13.0218200684,80.2261810303,56954,56964,10
13.0210399628,80.2255706787,56964,56974,10
13.0202798843,80.2250595093,56974,56984,10
13.0198802948,80.2248077393,56984,57004,20
13.0198802948,80.2248077393,57004,57014,10
13.0195999146,80.2246398926,57014,57024,10
13.0188598633,80.2245178223,57024,57034,10
13.0179395676,80.2248382568,57034,57044,10
13.0169696808,80.2252578735,57044,57055,11
13.0164299011,80.2254867554,57055,57065,10
13.0162200928,80.2255935669,57065,57075,10
13.0158500671,80.2257080078,57075,57085,10
13.0153102875,80.2258987427,57085,57095,10
13.014749527,80.2261199951,57095,57105,10
13.0142803192,80.2263031006,57105,57115,10
13.0142202377,80.2263183594,57115,57125,10
13.0137996674,80.2265014648,57125,57135,10
13.0131196976,80.2267608643,57135,57145,10
13.0123701096,80.2270431519,57145,57155,10
13.0114803314,80.2273864746,57155,57166,11
13.0103197098,80.2278518677,57166,57176,10
13.009349823,80.2282714844,57176,57186,10
13.0090198517,80.2289505005,57186,57196,10
13.0088396072,80.229888916,57196,57206,10
13.0086202621,80.2310333252,57206,57222,16
13.0082597733,80.233581543,57222,57242,20
13.0082597733,80.233581543,57242,57254,12
13.0080900192,80.2339172363,57254,57264,10
13.0079698563,80.2343826294,57264,57275,11
13.0078201294,80.2351074219,57275,57285,10
13.0076503754,80.2360076904,57285,57295,10
13.007519722,80.2369995117,57295,57305,10
13.0072202682,80.2382583618,57305,57315,10
13.0069904327,80.2395019531,57315,57325,10
13.0067996979,80.2406082153,57325,57335,10
13.0066604614,80.2416610718,57335,57345,10
13.006649971,80.2425918579,57345,57355,10
13.0067195892,80.2434234619,57355,57365,10
13.0066995621,80.2440414429,57365,57374,9
13.0066995621,80.244720459,57374,57386,12
13.0067996979,80.245880127,57386,57396,10
13.0067996979,80.2465286255,57396,57406,10
13.0067501068,80.247253418,57406,57416,10
13.0062198639,80.2474365234,57416,57426,10
13.0061597824,80.2474365234,57426,57436,10
13.0058898926,80.2474365234,57436,57446,10
13.005279541,80.2474212646,57446,57456,10
13.0045204163,80.247467041,57456,57466,10
13.0035600662,80.2475891113,57466,57476,10
13.0031404495,80.2476730347,57476,57487,11
13.0027303696,80.2476882935,57487,57497,10
13.0020904541,80.2478179932,57497,57507,10
13.0013103485,80.2480163574,57507,57517,10
13.0003795624,80.2482681274,57517,57527,10
12.9992303848,80.2485580444,57527,57537,10
12.998169899,80.248840332,57537,57547,10
12.998000145,80.248878479,57547,57557,10
12.997590065,80.2489776611,57557,57567,10
12.9968795776,80.2491378784,57567,57577,10
12.9960403442,80.2493515015,57577,57588,11
12.9949502945,80.2496414185,57588,57598,10
12.9937696457,80.249961853,57598,57608,10
12.9925098419,80.25025177,57608,57618,10
12.9913702011,80.2505569458,57618,57628,10
12.991060257,80.2506637573,57628,57638,10
12.9908704758,80.2506866455,57638,57647,9
12.9902296066,80.2508621216,57647,57709,62
12.9902296066,80.2508621216,57709,57719,10
12.989979744,80.2509002686,57719,57729,10
12.9895896912,80.2510223389,57729,57739,10
12.9890899658,80.2511367798,57739,57749,10
12.9884796143,80.2512969971,57749,57759,10
12.9878997803,80.2514572144,57759,57769,10
12.9875202179,80.2515487671,57769,57779,10
12.9871997833,80.2516326904,57779,57789,10
12.9868202209,80.251739502,57789,57799,10
12.9863996506,80.2518386841,57799,57810,11
12.9857196808,80.2519989014,57810,57820,10
12.9848299026,80.252243042,57820,57830,10
12.9840402603,80.2524185181,57830,57840,10
12.9830999374,80.2526321411,57840,57850,10
12.9819803238,80.2527084351,57850,57860,10
12.9810400009,80.2527389526,57860,57870,10
12.9806404114,80.2527618408,57870,57890,20
12.9806404114,80.2527618408,57890,57900,10
12.9803800583,80.2527389526,57900,57911,11
12.9800395966,80.2527694702,57911,57921,10
12.9794998169,80.2527084351,57921,57931,10
12.9788198471,80.2526397705,57931,57941,10
12.9787797928,80.2526397705,57941,57951,10
12.9787197113,80.2526168823,57951,57961,10
12.9783201218,80.2524108887,57961,57971,10
12.9777297974,80.2518997192,57971,57981,10
12.9769001007,80.2513809204,57981,57991,10
12.975859642,80.2510528564,57991,58001,10
12.9747495651,80.2507476807,58001,58011,10
12.9736700058,80.2504577637,58011,58022,11
12.9724798203,80.2501602173,58022,58032,10
12.971280098,80.2498168945,58032,58042,10
12.9703197479,80.2495422363,58042,58052,10
12.9694595337,80.2492218018,58052,58062,10
12.9685401917,80.2488021851,58062,58072,10
12.9675998688,80.2484130859,58072,58082,10
12.9669704437,80.2481384277,58082,58092,10
12.9665803909,80.2479400635,58092,58102,10
12.9660196304,80.2477035522,58102,58112,10
12.9654302597,80.247467041,58112,58123,11
12.9652900696,80.2473907471,58123,58133,10
12.9651098251,80.2473220825,58133,58143,10
12.9645996094,80.2471389771,58143,58153,10
12.9638996124,80.2469177246,58153,58163,10
12.9632101059,80.2466201782,58163,58173,10
12.9623403549,80.2461776733,58173,58183,10
12.9613895416,80.2457199097,58183,58193,10
12.9605503082,80.2453079224,58193,58203,10
12.9600696564,80.2450714111,58203,58213,10
12.9594402313,80.2448272705,58213,58223,10
12.9594297409,80.2448120117,58223,58234,11
12.9590196609,80.2446365356,58234,58244,10
12.9583597183,80.2443618774,58244,58254,10
12.9577503204,80.244140625,58254,58264,10
12.9571695328,80.2439422607,58264,58274,10
12.9567804337,80.243812561,58274,58405,131
12.9567804337,80.243812561,58405,58415,10
12.9564304352,80.2436904907,58415,58466,51
12.9564304352,80.2436904907,58466,58476,10
12.9560003281,80.2435379028,58476,58486,10
12.9553699493,80.2432098389,58486,58496,10
12.9546098709,80.2428512573,58496,58506,10
12.9538402557,80.2425308228,58506,58516,10
12.9529304504,80.2421264648,58516,58526,10
12.9520597458,80.2417984009,58526,58536,10
12.951669693,80.2416915894,58536,58546,10
12.9516201019,80.2416687012,58546,58557,11
12.9510297775,80.2414779663,58557,58567,10
12.9502401352,80.2412261963,58567,58577,10
12.9493999481,80.2409667969,58577,58587,10
12.9486703873,80.2406768799,58587,58597,10
12.9478302002,80.2403411865,58597,58607,10
12.9470996857,80.2400436401,58607,58617,10
12.9470396042,80.240020752,58617,58627,10
12.9468603134,80.2399520874,58627,58637,10
12.9463300705,80.2397384644,58637,58647,10
12.9456195831,80.2394180298,58647,58657,10
12.9449195862,80.238899231,58657,58668,11
12.9441099167,80.2380371094,58668,58678,10
12.943400383,80.2372436523,58678,58688,10
12.9427404404,80.2367095947,58688,58698,10
12.9417104721,80.2363510132,58698,58708,10
12.9404802322,80.236038208,58708,58718,10
12.9397201538,80.2358016968,58718,58728,10
12.9396896362,80.2357788086,58728,58738,10
12.939499855,80.2356872559,58738,58748,10
12.9389801025,80.2354431152,58748,58758,10
12.9382400513,80.2350692749,58758,58768,10
12.937379837,80.23462677,58768,58779,11
12.9363098145,80.2340927124,58779,58789,10
12.9352798462,80.2336196899,58789,58799,10
12.9341497421,80.2331390381,58799,58809,10
12.9337797165,80.2329788208,58809,58819,10
12.933719635,80.2329406738,58819,58829,10
12.9333200455,80.2327575684,58829,58839,10
12.9326696396,80.2324905396,58839,58849,10
12.9318304062,80.2322006226,58849,58859,10
12.9307603836,80.2318725586,58859,58869,10
12.9296398163,80.2315826416,58869,58880,11
12.9290599823,80.2314224243,58880,58890,10
12.9284496307,80.2313079834,58890,58900,10
12.9275598526,80.2312011719,58900,58910,10
12.9266300201,80.2311019897,58910,58920,10
12.926030159,80.2310180664,58920,58930,10
12.9260101318,80.231010437,58930,58940,10
12.9256496429,80.2309570313,58940,58950,10
12.9250497818,80.2308883667,58950,58960,10
12.9242801666,80.230796814,58960,58970,10
12.9233999252,80.2306900024,58970,58980,10
12.9223203659,80.2305297852,58980,58991,11
12.9209804535,80.2303314209,58991,59001,10
12.9198102951,80.2301864624,59001,59011,10
12.9187297821,80.2300491333,59011,59021,10
12.9176502228,80.229927063,59021,59031,10
12.9166402817,80.2297821045,59031,59041,10
12.915599823,80.2296218872,59041,59051,10
12.9144201279,80.2294616699,59051,59061,10
12.913310051,80.2293395996,59061,59081,20
12.913310051,80.2293395996,59081,59091,10
12.9131498337,80.229309082,59091,59102,11
12.912560463,80.2292175293,59102,59112,10
12.9116897583,80.2291030884,59112,59122,10
12.9106197357,80.2289505005,59122,59138,16
12.9086198807,80.2286224365,59138,59150,12
12.9074201584,80.2284393311,59150,59158,8
12.907119751,80.2284011841,59158,59210,52
12.907119751,80.2284011841,59210,59221,11
12.906829834,80.2283782959,59221,59230,9
12.9064302444,80.2283172607,59230,59241,11
12.9057197571,80.2282562256,59241,59251,10
12.9049596786,80.2282180786,59251,59261,10
12.904129982,80.2281723022,59261,59271,10
12.9034004211,80.2281417847,59271,59281,10
12.9025001526,80.2280883789,59281,59291,10
12.9016199112,80.2280273438,59291,59301,10
12.9011497498,80.2280426025,59301,59372,71
12.9011497498,80.2280426025,59372,59382,10
12.9011001587,80.2280197144,59382,59392,10
12.9007101059,80.2279891968,59392,59402,10
12.8999795914,80.2279586792,59402,59412,10
12.8995504379,80.2279205322,59412,59423,11
12.8995199203,80.2279205322,59423,59433,10
12.8991699219,80.2278823853,59433,59443,10
12.8985204697,80.2278366089,59443,59453,10
12.8977203369,80.2277908325,59453,59463,10
12.8967599869,80.2277297974,59463,59473,10
12.8956203461,80.2276916504,59473,59483,10
12.8944301605,80.2276306152,59483,59493,10
12.8932104111,80.2275238037,59493,59503,10
12.8920402527,80.2274017334,59503,59513,10
12.8907003403,80.2273864746,59513,59523,10
12.8892498016,80.2273712158,59523,59534,11
12.8877401352,80.2272872925,59534,59544,10
12.8863401413,80.2270431519,59544,59560,16
12.8847799301,80.2267684937,59560,59572,12
12.8847703934,80.2267913818,59572,59582,10
12.8845596313,80.2267608643,59582,59591,9
12.8839197159,80.2267608643,59591,59602,11
12.8830900192,80.2267684937,59602,59612,10
12.8819704056,80.2267837524,59612,59622,10
12.8807697296,80.2267837524,59622,59633,11
12.8792695999,80.2267990112,59633,59643,10
12.8779096603,80.2268829346,59643,59654,11
12.8764200211,80.2270202637,59654,59674,20
12.8764200211,80.2270202637,59674,59684,10
12.8760995865,80.2270126343,59684,59694,10
12.875459671,80.2269821167,59694,59704,10
12.8746099472,80.2268600464,59704,59714,10
12.8735399246,80.2267379761,59714,59724,10
12.8726501465,80.2267303467,59724,59734,10
12.8726100922,80.2267303467,59734,59745,11
12.8721599579,80.2266998291,59745,59755,10
12.8714799881,80.2266769409,59755,59765,10
12.8706502914,80.2266387939,59765,59775,10
12.8696603775,80.2265472412,59775,59785,10
12.8684997559,80.2264328003,59785,59795,10
12.8671703339,80.2265014648,59795,59805,10
12.865819931,80.2266235352,59805,59814,9
12.8645401001,80.2266082764,59814,59824,10
12.8631296158,80.2265625,59824,59835,11
12.8618202209,80.2266235352,59835,59846,11
12.8609895706,80.2266387939,59846,59856,10
12.860830307,80.2266311646,59856,59866,10
12.8603096008,80.2265625,59866,59876,10
12.8595104218,80.2264480591,59876,59886,10
12.8585500717,80.22631073,59886,59896,10
12.8573999405,80.2263031006,59896,59906,10
12.8561000824,80.2264328003,59906,59916,10
12.8547000885,80.2265930176,59916,59926,10
12.8533296585,80.2267303467,59926,59936,10
12.8519201279,80.2266998291,59936,59946,10
12.8505601883,80.2266387939,59946,59957,11
12.84897995,80.2266082764,59957,59967,10
12.8475103378,80.2266235352,59967,59977,10
12.8461999893,80.2266464233,59977,59987,10
12.8454198837,80.2266616821,59987,60007,20
12.8454198837,80.2266616821,60007,60017,10
12.8452997208,80.2266311646,60017,60027,10
12.8447704315,80.2266387939,60027,60037,10
12.8439903259,80.2267379761,60037,60047,10
12.8431596756,80.2268600464,60047,60057,10
12.8422203064,80.2270812988,60057,60068,11
12.8409795761,80.2273864746,60068,60078,10
12.8401403427,80.2276611328,60078,60088,10
12.8397397995,80.2278137207,60088,60098,10
12.8397397995,80.2278213501,60098,60108,10
12.839630127,80.227897644,60108,60118,10
12.839220047,80.2279434204,60118,60128,10
12.83852005,80.2280578613,60128,60138,10
12.8376598358,80.2282409668,60138,60148,10
12.8366003036,80.2283782959,60148,60158,10
12.8353796005,80.2285919189,60158,60169,11
12.8339004517,80.2288208008,60169,60179,10
12.832690239,80.2290420532,60179,60189,10
12.8320598602,80.2291870117,60189,60199,10
12.8320503235,80.2291793823,60199,60209,10
12.8317203522,80.2292709351,60209,60219,10
12.8310899734,80.2294464111,60219,60229,10
12.8301200867,80.2297973633,60229,60239,10
12.829079628,80.2302017212,60239,60249,10
12.8279495239,80.230796814,60249,60259,10
12.8267498016,80.2313079834,60259,60269,10
12.8253602982,80.2314071655,60269,60280,11
12.8239402771,80.2312011719,60280,60289,9
12.8227396011,80.2308273315,60289,60300,11
12.8213300705,80.2304763794,60300,60310,10
12.8200502396,80.2304916382,60310,60320,10
12.819029808,80.2305221558,60320,60330,10
12.8187999725,80.2304916382,60330,60340,10
12.8187599182,80.23046875,60340,60350,10
12.8183403015,80.2302703857,60350,60360,10
12.8175897598,80.2298965454,60360,60370,10
12.8165998459,80.2295532227,60370,60381,11
12.8152399063,80.2293395996,60381,60391,10
12.81387043,80.2290802002,60391,60401,10
12.8127202988,80.2287063599,60401,60411,10
12.8115901947,80.2283477783,60411,60421,10
12.810500145,80.2279129028,60421,60431,10
12.8095998764,80.2275238037,60431,60441,10
12.8087396622,80.2269592285,60441,60451,10
12.807800293,80.2261810303,60451,60461,10
12.8068599701,80.2253417969,60461,60471,10
12.8061304092,80.2246780396,60471,60481,10
12.805970192,80.2245178223,60481,60492,11
12.8055095673,80.2241821289,60492,60502,10
12.804980278,80.2240066528,60502,60512,10
12.8049497604,80.2240066528,60512,60522,10
12.8049201965,80.2240219116,60522,60532,10
12.8046503067,80.2239608765,60532,60542,10
12.8041200638,80.2239074707,60542,60552,10
12.8033399582,80.2238464355,60552,60562,10
12.8024301529,80.223739624,60562,60572,10
12.8013801575,80.2236480713,60572,60582,10
12.8008699417,80.2236099243,60582,60592,10
12.8007602692,80.2235870361,60592,60603,11
12.8001804352,80.2235412598,60603,60613,10
12.7993497849,80.2234802246,60613,60623,10
12.7982997894,80.2233581543,60623,60633,10
12.7970104218,80.2231521606,60633,60643,10
12.7958402634,80.2229614258,60643,60653,10
12.7956800461,80.2229385376,60653,60663,10
12.7954998016,80.22290802,60663,60673,10
12.7949399948,80.2228088379,60673,60683,10
12.7941198349,80.2226791382,60683,60693,10
12.793129921,80.2225418091,60693,60703,10
12.7920198441,80.2223205566,60703,60714,11
12.7908802032,80.2220306396,60714,60724,10
12.790019989,80.2218017578,60724,60734,10
12.7893600464,80.2215805054,60734,60744,10
12.7886800766,80.2212982178,60744,60754,10
12.788020134,80.2210464478,60754,60764,10
12.7874803543,80.2208480835,60764,60774,10
12.786939621,80.2206420898,60774,60784,10
12.7865200043,80.2204818726,60784,60804,20
12.7865200043,80.2204818726,60804,60815,11
12.7862300873,80.2203369141,60815,60825,10
12.7859201431,80.2201919556,60825,60835,10
12.7857503891,80.2201538086,60835,60845,10
12.7854404449,80.2199935913,60845,60855,10
12.7846403122,80.219581604,60855,60885,30
12.7846403122,80.219581604,60885,60895,10
12.7844104767,80.2194671631,60895,60905,10
12.7838401794,80.2191390991,60905,60915,10
12.783080101,80.2187194824,60915,60926,11
12.7819900513,80.2181167603,60926,60936,10
12.7808303833,80.2174911499,60936,60946,10
12.779540062,80.216796875,60946,60956,10
12.7782001495,80.2161178589,60956,60966,10
12.7769498825,80.2155990601,60966,60976,10
12.7758998871,80.2151565552,60976,60986,10
12.7750997543,80.21484375,60986,60996,10
12.7741003036,80.2144393921,60996,61006,10
12.7729196548,80.2139663696,61006,61016,10
12.7716598511,80.2135009766,61016,61027,11
12.7705602646,80.2130966187,61027,61037,10
12.770409584,80.2130737305,61037,61047,10
12.7700500488,80.2129592896,61047,61057,10
12.7693796158,80.2127075195,61057,61067,10
12.7685499191,80.2124023438,61067,61077,10
12.7675104141,80.212020874,61077,61087,10
12.7663002014,80.2115783691,61087,61097,10
12.7649402618,80.2110824585,61097,61107,10
12.7635602951,80.2105712891,61107,61117,10
12.762260437,80.2100524902,61117,61127,10
12.7608995438,80.2094192505,61127,61138,11
12.7597398758,80.2088317871,61138,61148,10
12.7595500946,80.208732605,61148,61158,10
12.7592697144,80.2085800171,61158,61168,10
12.7586803436,80.2082519531,61168,61178,10
12.7579803467,80.207862854,61178,61188,10
12.757229805,80.2074432373,61188,61198,10
12.7560997009,80.206817627,61198,61208,10
12.7548999786,80.2061386108,61208,61218,10
12.7536001205,80.2054367065,61218,61228,10
12.752289772,80.2047576904,61228,61239,11
12.7510595322,80.2041320801,61239,61249,10
12.7509098053,80.2040481567,61249,61259,10
12.7504796982,80.2038192749,61259,61269,10
12.7497901917,80.2034378052,61269,61279,10
12.7488603592,80.2030029297,61279,61289,10
12.7477703094,80.2024307251,61289,61299,10
12.7465896606,80.2018432617,61299,61309,10
12.7453699112,80.201210022,61309,61319,10
12.7442398071,80.2003097534,61319,61329,10
12.743350029,80.1993179321,61329,61339,10
12.742600441,80.1984634399,61339,61350,11
12.7423496246,80.1981582642,61350,61360,10
12.7421503067,80.1978988647,61360,61370,10
12.7417402267,80.1973571777,61370,61380,10
12.7412595749,80.1966934204,61380,61390,10
12.740650177,80.1958618164,61390,61400,10
12.7399396896,80.1948776245,61400,61410,10
12.7391395569,80.1937713623,61410,61420,10
12.738360405,80.1927032471,61420,61430,10
12.7376298904,80.1919784546,61430,61440,10
12.7369298935,80.1912612915,61440,61451,11
12.736289978,80.1906509399,61451,61461,10
12.7362804413,80.1906433105,61461,61471,10
12.7360496521,80.1904220581,61471,61481,10
12.7355604172,80.1899795532,61481,61491,10
12.7347898483,80.1896591187,61491,61501,10
12.7337598801,80.1895294189,61501,61511,10
12.7326602936,80.1893920898,61511,61521,10
12.7321901321,80.1892929077,61521,61531,10
12.7315301895,80.1891708374,61531,61541,10
12.7308101654,80.1890869141,61541,61551,10
12.7302703857,80.1890335083,61551,61562,11
12.730050087,80.1890029907,61562,61572,10
12.7298898697,80.1890106201,61572,61582,10
12.7295303345,80.1889724731,61582,61592,10
12.7291603088,80.1889801025,61592,61602,10
12.728509903,80.1888198853,61602,61612,10
12.7277002335,80.1885375977,61612,61622,10
12.7268199921,80.1883163452,61622,61632,10
12.7263402939,80.1882171631,61632,61642,10
12.7257404327,80.1881103516,61642,61652,10
12.7250499725,80.1880111694,61652,61662,10
12.7245597839,80.1878967285,61662,61673,11
12.724439621,80.1878814697,61673,61683,10
12.7239599228,80.1877365112,61683,61693,10
12.7233400345,80.1875762939,61693,61703,10
12.722990036,80.187461853,61703,61713,10
12.7224597931,80.1873168945,61713,61723,10
12.7222499847,80.1875991821,61723,61753,30
12.7222499847,80.1875991821,61753,61763,10
12.7222204208,80.187789917,61763,61774,11
12.7220001221,80.1879196167,61774,61794,20
12.7220001221,80.1879196167,61794,61804,10
12.7221298218,80.187789917,61804,61996,192
12.7222700119,80.1879196167,61996,62046,50
12.7221603394,80.1877365112,62046,63298,1252
12.7221603394,80.1877365112,63298,63308,10
12.7222795486,80.1875991821,63308,63328,20
12.7222795486,80.1875991821,63328,63338,10
12.722410202,80.1874237061,63338,63348,10
12.7225399017,80.1874008179,63348,63358,10
12.7230195999,80.1875610352,63358,63369,11
12.7236099243,80.1877212524,63369,63379,10
12.7238197327,80.1877670288,63379,63389,10
12.724029541,80.1878204346,63389,63399,10
12.7245197296,80.1879425049,63399,63409,10
12.7249002457,80.1880111694,63409,63419,10
12.725060463,80.1880493164,63419,63429,10
12.7254896164,80.1881332397,63429,63439,10
12.7257995605,80.1881790161,63439,63449,10
12.7262802124,80.1882629395,63449,63459,10
12.7269802094,80.1884002686,63459,63470,11
12.7279100418,80.1886520386,63470,63480,10
12.7288303375,80.1889419556,63480,63490,10
12.7295598984,80.1890029907,63490,63500,10
12.7296695709,80.1889877319,63500,63510,10
12.7298202515,80.1890182495,63510,63520,10
12.7302703857,80.1890563965,63520,63530,10
12.7308397293,80.1891403198,63530,63540,10
12.7314100266,80.1891708374,63540,63550,10
12.732000351,80.1892623901,63550,63560,10
12.7328796387,80.1894226074,63560,63570,10
12.7339296341,80.1895217896,63570,63581,11
12.7351503372,80.1897125244,63581,63591,10
12.7359600067,80.1901626587,63591,63601,10
12.7363195419,80.1905288696,63601,63611,10
12.7364196777,80.1906433105,63611,63621,10
12.7368297577,80.1910476685,63621,63631,10
12.7374296188,80.1916732788,63631,63640,9
12.738120079,80.1923599243,63640,63651,11
12.7390098572,80.1934509277,63651,63661,10
12.7398700714,80.1946334839,63661,63671,10
12.7407598495,80.1958465576,63671,63682,11
12.7416095734,80.1970062256,63682,63692,10
12.7418899536,80.1974182129,63692,63702,10
12.7419300079,80.1974716187,63702,63712,10
12.7422399521,80.1978683472,63712,63722,10
12.742770195,80.1985015869,63722,63732,10
12.7434501648,80.1992874146,63732,63742,10
12.7441196442,80.200050354,63742,63752,10
12.7444896698,80.2004470825,63752,63762,10
12.7450704575,80.200920105,63762,63772,10
12.7458496094,80.2013473511,63772,63782,10
12.7468299866,80.2018585205,63782,63793,11
12.7481002808,80.202507019,63793,63803,10
12.7493696213,80.203163147,63803,63812,9
12.7503900528,80.2036819458,63812,63823,11
12.7511396408,80.2040634155,63823,63833,10
12.7513303757,80.2041625977,63833,63843,10
12.7518396378,80.2044219971,63843,63853,10
12.752579689,80.2048187256,63853,63863,10
12.7534399033,80.2052612305,63863,63873,10
12.7544202805,80.2058105469,63873,63883,10
12.7553195953,80.2062988281,63883,63893,10
12.7567596436,80.2071075439,63893,63904,11
12.7580003738,80.2077789307,63904,63914,10
12.759180069,80.2084197998,63914,63924,10
12.7602701187,80.2090301514,63924,63934,10
12.7614402771,80.2096099854,63934,63944,10
12.7626495361,80.2101364136,63944,63954,10
12.7636699677,80.2105178833,63954,63964,10
12.7647199631,80.2109222412,63964,63974,10
12.7658700943,80.2113265991,63974,63984,10
12.7670202255,80.2117614746,63984,63994,10
12.7681999207,80.2121810913,63994,64005,11
12.7694597244,80.212638855,64005,64015,10
12.7704401016,80.2129821777,64015,64025,10
12.7709999084,80.213180542,64025,64035,10
12.7710199356,80.2131881714,64035,64045,10
12.771320343,80.2133026123,64045,64055,10
12.7719097137,80.2135009766,64055,64065,10
12.7726602554,80.2137832642,64065,64075,10
12.7735395432,80.2141189575,64075,64085,10
12.7745895386,80.2145309448,64085,64095,10
12.7757797241,80.2150115967,64095,64105,10
12.7770204544,80.2155303955,64105,64116,11
12.7783899307,80.2161331177,64116,64126,10
12.7795200348,80.2167282104,64126,64136,10
12.7807102203,80.2173690796,64136,64146,10
12.781920433,80.2180404663,64146,64156,10
12.7831001282,80.2186889648,64156,64166,10
12.7841396332,80.2192764282,64166,64176,10
12.7847204208,80.2196121216,64176,64186,10
12.7851800919,80.2198410034,64186,64196,10
12.785779953,80.2201538086,64196,64206,10
12.7863502502,80.2203979492,64206,64237,31
12.7863502502,80.2203979492,64237,64247,10
12.786529541,80.2204818726,64247,64257,10
12.7868995667,80.2206115723,64257,64267,10
12.7874002457,80.2208023071,64267,64277,10
12.7879295349,80.2210006714,64277,64287,10
12.7886199951,80.2212600708,64287,64297,10
12.789349556,80.2215270996,64297,64307,10
12.7899904251,80.2217407227,64307,64317,10
12.7908000946,80.2219619751,64317,64328,11
12.7918901443,80.2222366333,64328,64338,10
12.7929801941,80.2224578857,64338,64348,10
12.7941598892,80.2226409912,64348,64358,10
12.7953195572,80.2228317261,64358,64368,10
12.7961997986,80.2229690552,64368,64378,10
12.796330452,80.2229766846,64378,64388,10
12.796380043,80.2229919434,64388,64398,10
12.7968301773,80.2230987549,64398,64408,10
12.797539711,80.2232284546,64408,64418,10
12.7983598709,80.2233505249,64418,64428,10
12.7992296219,80.2234268188,64428,64439,11
12.800330162,80.2235107422,64439,64449,10
12.8011798859,80.2235565186,64449,64465,16
12.8013696671,80.2236022949,64465,64477,12
12.8017301559,80.2236480713,64477,64487,10
12.8022403717,80.2237014771,64487,64497,10
12.8031597137,80.2238235474,64497,64507,10
12.8040399551,80.2238998413,64507,64517,10
12.8048295975,80.2239685059,64517,64527,10
12.8053398132,80.2240829468,64527,64537,10
12.8054504395,80.2241287231,64537,64548,11
12.8056602478,80.2242736816,64548,64557,9
12.8059196472,80.2244567871,64557,64568,11
12.8063802719,80.2248382568,64568,64578,10
12.8071203232,80.2255020142,64578,64587,9
12.8078804016,80.2261428833,64587,64598,11
12.8088502884,80.2269363403,64598,64608,10
12.8100996017,80.2276611328,64608,64618,10
12.8113603592,80.2281799316,64618,64628,10
12.8127403259,80.2286834717,64628,64638,10
12.8141899109,80.2291488647,64638,64649,11
12.815779686,80.2294006348,64649,64659,10
12.8170404434,80.2296295166,64659,64669,10
12.8182296753,80.230140686,64669,64679,10
12.8192796707,80.2304992676,64679,64689,10
12.8198204041,80.2304763794,64689,64699,10
12.8199396133,80.2304763794,64699,64709,10
12.8204898834,80.2304534912,64709,64719,10
12.8213195801,80.2304611206,64719,64729,10
12.8223199844,80.2306671143,64729,64739,10
12.8234500885,80.2310180664,64739,64750,11
12.8247299194,80.231338501,64750,64760,10
12.8260602951,80.2313766479,64760,64770,10
12.8274097443,80.2311172485,64770,64780,10
12.828669548,80.2304077148,64780,64790,10
12.8298196793,80.229888916,64790,64800,10
12.8309803009,80.2294235229,64800,64830,30
12.8309803009,80.2294235229,64830,64840,10
12.8310499191,80.2294311523,64840,64850,10
12.8313999176,80.2292861938,64850,64861,11
12.831700325,80.2292022705,64861,64877,16
12.8324098587,80.2290267944,64877,64889,12
12.8332195282,80.2288818359,64889,64899,10
12.8338899612,80.2287826538,64899,64909,10
12.8348999023,80.2285919189,64909,64919,10
12.8359098434,80.2284393311,64919,64929,10
12.8369598389,80.2282791138,64929,64939,10
12.8380403519,80.2280883789,64939,64949,10
12.8387403488,80.2279205322,64949,64959,10
12.8392095566,80.2277374268,64959,65060,101
12.8392095566,80.2277374268,65060,65070,10
12.8395004272,80.2276229858,65070,65081,11
12.8397798538,80.2275619507,65081,65091,10
12.8403100967,80.2275009155,65091,65101,10
12.8409700394,80.2273406982,65101,65111,10
12.8416996002,80.227142334,65111,65121,10
12.8425703049,80.2269210815,65121,65131,10
12.8433504105,80.2267837524,65131,65141,10
12.8444900513,80.2266235352,65141,65151,10
12.8451299667,80.226600647,65151,65161,10
12.8454904556,80.2265625,65161,65182,21
12.8454904556,80.2265625,65182,65192,10
12.8456697464,80.2265472412,65192,65202,10
12.845700264,80.2265396118,65202,65212,10
12.8458499908,80.2265625,65212,65222,10
12.8462400436,80.2265625,65222,65232,10
12.8468599319,80.2265396118,65232,65242,10
12.8476495743,80.2265472412,65242,65252,10
12.8485202789,80.2265625,65252,65262,10
12.8493795395,80.2265396118,65262,65272,10
12.8499498367,80.2265396118,65272,65282,10
12.8500204086,80.2265625,65282,65293,11
12.8504896164,80.2265472412,65293,65303,10
12.8511896133,80.2265625,65303,65313,10
12.8520298004,80.2266235352,65313,65323,10
12.8530302048,80.2266616821,65323,65333,10
12.8541498184,80.2265625,65333,65343,10
12.8552999496,80.2264633179,65343,65353,10
12.8565196991,80.2263183594,65353,65363,10
12.8576803207,80.2262115479,65363,65373,10
12.8585395813,80.2262268066,65373,65383,10
12.8594703674,80.2263412476,65383,65394,11
12.8608398438,80.2265167236,65394,65414,20
12.8608398438,80.2265167236,65414,65424,10
12.8609800339,80.2265319824,65424,65434,10
12.8613996506,80.2265090942,65434,65444,10
12.8620595932,80.2264862061,65444,65454,10
12.8628702164,80.2264633179,65454,65464,10
12.8637800217,80.2264862061,65464,65474,10
12.8648796082,80.2265319824,65474,65484,10
12.8660802841,80.2265396118,65484,65494,10
12.8672399521,80.2264633179,65494,65505,11
12.8683795929,80.2263565063,65505,65515,10
12.869310379,80.2264404297,65515,65525,10
12.8703098297,80.2265472412,65525,65535,10
12.8712902069,80.2266311646,65535,65545,10
12.8722295761,80.2266464233,65545,65555,10
12.8727998734,80.2266387939,65555,65565,10
12.8728199005,80.2266387939,65565,65575,10
12.8730697632,80.2266616821,65575,65584,9
12.8735599518,80.2266998291,65584,65594,10
12.8742904663,80.2267608643,65594,65606,12
12.875289917,80.2268829346,65606,65616,10
12.8758897781,80.2269210815,65616,65626,10
12.8763999939,80.2269210815,65626,65636,10
12.8766803741,80.2268981934,65636,65646,10
12.8767499924,80.2268981934,65646,65656,10
12.8770103455,80.226890564,65656,65666,10
12.8775997162,80.2268371582,65666,65676,10
12.8784198761,80.2267837524,65676,65686,10
12.87940979,80.2267227173,65686,65696,10
12.8805398941,80.2267074585,65696,65706,10
12.8817901611,80.2266998291,65706,65716,10
12.883020401,80.2266921997,65716,65727,11
12.8840398788,80.2266693115,65727,65737,10
12.8845701218,80.2266616821,65737,65747,10
12.8848400116,80.2266616821,65747,65757,10
12.8851699829,80.2266769409,65757,65767,10
12.8851900101,80.2266921997,65767,65777,10
12.8852396011,80.2266998291,65777,65787,10
12.885310173,80.2267227173,65787,65797,10
12.8857498169,80.2267990112,65797,65807,10
12.8864603043,80.2269973755,65807,65817,10
12.8873500824,80.2271881104,65817,65828,11
12.8883600235,80.2273330688,65828,65838,10
12.889289856,80.2273406982,65838,65848,10
12.8903598785,80.2273330688,65848,65864,16
12.8919801712,80.2273406982,65864,65876,12
12.893119812,80.227432251,65876,65886,10
12.8941001892,80.2275466919,65886,65894,8
12.8948402405,80.2276077271,65894,65906,12
12.8962602615,80.2276611328,65906,65916,10
12.8972501755,80.227722168,65916,65927,11
12.8982601166,80.2277832031,65927,65936,9
12.898900032,80.2278289795,65936,65947,11
12.8996696472,80.2278823853,65947,65957,10
12.900349617,80.2279205322,65957,66088,131
12.900349617,80.2279205322,66088,66098,10
12.9007396698,80.2279205322,66098,66108,10
12.9011697769,80.2279510498,66108,66118,10
12.9016799927,80.2279663086,66118,66128,10
12.9023103714,80.2279891968,66128,66139,11
12.9031200409,80.2279891968,66139,66159,20
12.9031200409,80.2279891968,66159,66169,10
12.9034204483,80.2280197144,66169,66179,10
12.9040203094,80.2280807495,66179,66189,10
12.9047803879,80.2281265259,66189,66199,10
12.9056100845,80.2281723022,66199,66209,10
12.9062204361,80.2281799316,66209,66219,10
12.90666008,80.2282409668,66219,66229,10
12.9072399139,80.2283096313,66229,66239,10
12.9080200195,80.2284088135,66239,66250,11
12.9090995789,80.2285690308,66250,66260,10
12.9102201462,80.228767395,66260,66270,10
12.9112901688,80.2289428711,66270,66280,10
12.9120397568,80.229057312,66280,66290,10
12.9127397537,80.2291488647,66290,66300,10
12.9133396149,80.2292327881,66300,66310,10
12.9136295319,80.2292709351,66310,66320,10
12.9136896133,80.2292785645,66320,66330,10
12.913860321,80.2292861938,66330,66340,10
12.9138803482,80.2292785645,66340,66350,10
12.9141397476,80.2293167114,66350,66361,11
12.9147701263,80.2293930054,66361,66371,10
12.9155902863,80.2295303345,66371,66381,10
12.9165296555,80.2296676636,66381,66391,10
12.9175100327,80.2298202515,66391,66401,10
12.9185304642,80.2299575806,66401,66417,16
12.9200601578,80.2301712036,66417,66429,12
12.9214200974,80.2303466797,66429,66437,8
12.9223403931,80.2304763794,66437,66449,12
12.9235897064,80.2306594849,66449,66459,10
12.9246196747,80.2307815552,66459,66470,11
12.9256296158,80.2308807373,66470,66480,10
12.9263896942,80.2309494019,66480,66488,8
12.9264698029,80.2309570313,66488,66500,12
12.9268198013,80.231010437,66500,66510,10
12.9275197983,80.231086731,66510,66520,10
12.9282302856,80.2311706543,66520,66530,10
12.9287099838,80.2312393188,66530,66550,20
12.9287099838,80.2312393188,66550,66560,10
12.9289398193,80.2312774658,66560,66570,10
12.929479599,80.2314224243,66570,66581,11
12.9303302765,80.231628418,66581,66591,10
12.9312200546,80.2319030762,66591,66601,10
12.9321899414,80.232208252,66601,66611,10
12.9329595566,80.2324829102,66611,66621,10
12.9333000183,80.2326278687,66621,66631,10
12.9336795807,80.2328262329,66631,66651,20
12.9336795807,80.2328262329,66651,66661,10
12.933930397,80.2329788208,66661,66672,11
12.9344596863,80.2332000732,66672,66682,10
12.9349498749,80.2334213257,66682,66692,10
12.935500145,80.2336502075,66692,66702,10
12.935790062,80.2337799072,66702,66712,10
12.9362297058,80.2340164185,66712,66722,10
12.9367904663,80.2342834473,66722,66732,10
12.937379837,80.2345504761,66732,66742,10
12.9381399155,80.2349319458,66742,66752,10
12.9392700195,80.235458374,66752,66772,20
12.9392700195,80.235458374,66772,66783,11
12.9393100739,80.2354736328,66783,66793,10
12.9395704269,80.2356185913,66793,66803,10
12.9397001266,80.2356796265,66803,66813,10
12.9401102066,80.2358627319,66813,66823,10
12.9407997131,80.2360610962,66823,66833,10
12.941619873,80.2362594604,66833,66843,10
12.9425401688,80.236541748,66843,66853,10
12.9434204102,80.2371368408,66853,66863,10
12.9441003799,80.2378768921,66863,66873,10
12.9448900223,80.2386703491,66873,66884,11
12.9457798004,80.239402771,66884,66894,10
12.9469804764,80.2398834229,66894,66914,20
12.9469804764,80.2398834229,66914,66924,10
12.9471597672,80.2399520874,66924,66934,10
12.9475097656,80.2401123047,66934,66944,10
12.9480199814,80.2403411865,66944,66954,10
12.9483499527,80.2405014038,66954,66964,10
12.9486303329,80.2406082153,66964,66974,10
12.9490995407,80.2407989502,66974,66984,10
12.9496898651,80.2409896851,66984,66995,11
12.9506101608,80.2412490845,66995,67005,10
12.9510202408,80.2413482666,67005,67015,10
12.9510297775,80.2413635254,67015,67025,10
12.9513902664,80.2414932251,67025,67035,10
12.9520301819,80.2417526245,67035,67045,10
12.9527196884,80.2419967651,67045,67055,10
12.9534301758,80.2422866821,67055,67065,10
12.9537200928,80.2424316406,67065,67075,10
12.9539403915,80.2425231934,67075,67085,10
12.9545297623,80.242767334,67085,67096,11
12.9551897049,80.2430267334,67096,67106,10
12.9558696747,80.2433166504,67106,67116,10
12.9562196732,80.2434692383,67116,67126,10
12.9562597275,80.2434768677,67126,67136,10
12.9563302994,80.2435073853,67136,67146,10
12.9565000534,80.2435836792,67146,67156,10
12.9570503235,80.2437667847,67156,67166,10
12.9578304291,80.2440719604,67166,67176,10
12.9588499069,80.2444534302,67176,67196,20
12.9588499069,80.2444534302,67196,67207,11
12.9590702057,80.2445373535,67207,67217,10
12.9595003128,80.2447509766,67217,67227,10
12.9601802826,80.2450637817,67227,67237,10
12.9610004425,80.2454605103,67237,67247,10
12.9619197845,80.2459106445,67247,67257,10
12.9626102448,80.2462387085,67257,67267,10
12.9629201889,80.246421814,67267,67277,10
12.9629402161,80.2464370728,67277,67287,10
12.9632101059,80.24659729,67287,67297,10
12.963640213,80.2468032837,67297,67307,10
12.9642496109,80.2470397949,67307,67318,11
12.9650697708,80.2473220825,67318,67328,10
12.9659204483,80.2476119995,67328,67338,10
12.9664402008,80.247833252,67338,67348,10
12.9665899277,80.2478713989,67348,67364,16
12.9667196274,80.2479934692,67364,67376,12
12.9669704437,80.2481384277,67376,67384,8
12.9673700333,80.248298645,67384,67396,12
12.968290329,80.2487030029,67396,67406,10
12.9692296982,80.2490615845,67406,67417,11
12.9704198837,80.2495269775,67417,67427,10
12.9716796875,80.2499084473,67427,67437,10
12.9729604721,80.2502365112,67437,67447,10
12.9738502502,80.2504806519,67447,67457,10
12.9747400284,80.2507324219,67457,67467,10
12.9757795334,80.2510223389,67467,67477,10
12.9768800735,80.2513427734,67477,67487,10
12.9777603149,80.2518310547,67487,67497,10
12.9783000946,80.252243042,67497,67507,10
12.9786396027,80.2524795532,67507,67618,111
12.9786396027,80.2524795532,67618,67628,10
12.9787797928,80.2525177002,67628,67639,11
12.978969574,80.2526016235,67639,67648,9
12.9792604446,80.2526397705,67648,67658,10
12.9796199799,80.2526626587,67658,67669,11
12.9797801971,80.2526702881,67669,67729,60
12.9797801971,80.2526702881,67729,67740,11
12.9799203873,80.2526702881,67740,67750,10
12.9805698395,80.2526397705,67750,67830,80
12.9805698395,80.2526397705,67830,67841,11
12.9807395935,80.2526168823,67841,67851,10
12.9811296463,80.2526321411,67851,67861,10
12.9817304611,80.2526016235,67861,67871,10
12.9823999405,80.2525787354,67871,67881,10
12.9829797745,80.2525405884,67881,67891,10
12.9834804535,80.2524871826,67891,67901,10
12.984120369,80.2523574829,67901,68103,202
12.984120369,80.2523574829,68103,68113,10
12.9847202301,80.2521972656,68113,68123,10
12.9853096008,80.2520523071,68123,68133,10
12.9856996536,80.2519378662,68133,68143,10
12.9861402512,80.2518081665,68143,68153,10
12.9865999222,80.2516937256,68153,68163,10
12.9870500565,80.2515716553,68163,68174,11
12.9876699448,80.2513885498,68174,68184,10
12.9883098602,80.2512588501,68184,68194,10
12.9890098572,80.251083374,68194,68204,10
12.9894800186,80.2509384155,68204,68214,10
12.9895401001,80.2509536743,68214,68224,10
12.9897098541,80.2509613037,68224,68234,10
12.9902296066,80.2508163452,68234,68244,10
12.990940094,80.250617981,68244,68254,10
12.9917497635,80.2504119873,68254,68264,10
12.9926595688,80.2501831055,68264,68275,11
12.9938201904,80.2498703003,68275,68285,10
12.9948997498,80.2496032715,68285,68295,10
12.9960098267,80.2493209839,68295,68305,10
12.9971599579,80.2490386963,68305,68315,10
12.9983997345,80.2487182617,68315,68325,10
12.9996595383,80.2483978271,68325,68335,10
13.0007801056,80.2481079102,68335,68345,10
13.0017595291,80.2478637695,68345,68355,10
13.0022602081,80.2477416992,68355,68365,10
13.0028600693,80.2476272583,68365,68376,11
13.0037298203,80.2474822998,68376,68386,10
13.0046195984,80.2473602295,68386,68396,10
13.0055503845,80.2471694946,68396,68416,20
13.0055503845,80.2471694946,68416,68426,10
13.0057296753,80.2471313477,68426,68487,61
13.0060796738,80.2469787598,68487,68618,131
13.0060796738,80.2469787598,68618,68628,10
13.0064601898,80.24659729,68628,68638,10
13.0065498352,80.2460632324,68638,68658,20
13.0065498352,80.2460632324,68658,68668,10
13.0065498352,80.2457733154,68668,68684,16
13.0065603256,80.2456436157,68684,68697,13
13.0065698624,80.2454376221,68697,68707,10
13.0065698624,80.2452163696,68707,68717,10
13.0065603256,80.2449417114,68717,68726,9
13.0065603256,80.2446975708,68726,68737,11
13.0065698624,80.2444915771,68737,68747,10
13.0065803528,80.2443389893,68747,68757,10
13.0065803528,80.2441711426,68757,68767,10
13.0066003799,80.2440032959,68767,68777,10
13.0066099167,80.2437515259,68777,68787,10
13.0065898895,80.2433319092,68787,68797,10
13.0065803528,80.2428817749,68797,68808,11
13.0065498352,80.2421035767,68808,68818,10
13.0065698624,80.2416763306,68818,68838,20
13.0065698624,80.2416763306,68838,68848,10
13.0066003799,80.2413330078,68848,68868,20
13.0066003799,80.2413330078,68868,68878,10
13.0065698624,80.2411575317,68878,68888,10
13.0066299438,80.2408676147,68888,68898,10
13.0066795349,80.2404098511,68898,68909,11
13.0069904327,80.2396774292,68909,68919,10
13.0070800781,80.2387084961,68919,68929,10
13.0072002411,80.23802948,68929,68939,10
13.0072803497,80.2376480103,68939,68949,10
13.0073204041,80.2374191284,68949,68959,10
13.007349968,80.2373123169,68959,68969,10
13.0073699951,80.2370529175,68969,68979,10
13.007349968,80.2369766235,68979,68989,10
13.0073900223,80.2368774414,68989,68999,10
13.0074501038,80.2366333008,68999,69009,10
13.0075397491,80.2363433838,69009,69020,11
13.0076503754,80.2358016968,69020,69030,10
13.0077800751,80.2351074219,69030,69040,10
13.0079803467,80.2342605591,69040,69050,10
13.0081796646,80.2332763672,69050,69059,9
13.0083503723,80.232421875,69059,69070,11
13.0085201263,80.2314834595,69070,69080,10
13.0086698532,80.2305984497,69080,69090,10
13.0088796616,80.2296295166,69090,69100,10
13.0090198517,80.2288589478,69100,69110,10
13.009180069,80.2282562256,69110,69121,11
13.0094404221,80.2276916504,69121,69131,10
13.0096302032,80.2272415161,69131,69141,10
13.0097999573,80.2268600464,69141,69171,30
13.0097999573,80.2268600464,69171,69181,10
13.0099201202,80.2266387939,69181,69191,10
13.0100002289,80.2264404297,69191,69201,10
13.0101003647,80.226272583,69201,69211,10
13.0101995468,80.2261123657,69211,69221,10
13.0103397369,80.2258834839,69221,69252,31
13.0103397369,80.2258834839,69252,69262,10
13.0104904175,80.2255401611,69262,69272,10
13.0106201172,80.2252578735,69272,69282,10
13.0107698441,80.2249221802,69282,69292,10
13.0108604431,80.2245178223,69292,69302,10
13.011059761,80.2241210938,69302,69312,10
13.0112400055,80.2237167358,69312,69322,10
13.0114498138,80.2232437134,69322,69333,11
13.0117197037,80.2224502563,69333,69343,10
13.0120401382,80.2216796875,69343,69353,10
13.0122098923,80.2214813232,69353,69363,10
13.0123996735,80.2216415405,69363,69373,10
13.0127096176,80.2221374512,69373,69383,10
13.0131597519,80.2226333618,69383,69393,10
13.0135803223,80.2230682373,69393,69403,10
13.0139398575,80.2234573364,69403,69413,10
13.0141601563,80.223739624,69413,69423,10
13.0143699646,80.2240066528,69423,69433,10
13.0146598816,80.2243423462,69433,69444,11
13.0149898529,80.2246627808,69444,69454,10
13.0154495239,80.2250366211,69454,69474,20
13.0154495239,80.2250366211,69474,69484,10
13.0155296326,80.2250289917,69484,69494,10
13.0158500671,80.2253112793,69494,69504,10
13.0164899826,80.2253570557,69504,69514,10
13.0172796249,80.2250518799,69514,69524,10
13.0181503296,80.2247009277,69524,69534,10
13.0188503265,80.2244186401,69534,69545,11
13.0193901062,80.2244033813,69545,69554,9
13.0195198059,80.2244567871,69554,69565,11
13.0197601318,80.2245864868,69565,69575,10
13.0200099945,80.2248001099,69575,69585,10
13.0200996399,80.2249069214,69585,69595,10
13.0204401016,80.225151062,69595,69605,10
13.0209798813,80.2255477905,69605,69615,10
13.0214595795,80.2259292603,69615,69625,10
13.0219402313,80.2262802124,69625,69635,10
13.0221996307,80.2264404297,69635,69645,10
13.0224199295,80.2266387939,69645,69656,11
13.022480011,80.2266998291,69656,69666,10
13.0228500366,80.2270584106,69666,69676,10
13.0232200623,80.2274475098,69676,69706,30
13.0232200623,80.2274475098,69706,69716,10
13.0234699249,80.2276229858,69716,69726,10
13.0236997604,80.2277908325,69726,69736,10
13.0238895416,80.2279510498,69736,69746,10
13.0240497589,80.2281265259,69746,69757,11
13.0241603851,80.2282791138,69757,69767,10
13.0243196487,80.2285003662,69767,69777,10
13.0244598389,80.2286834717,69777,69787,10
13.0246200562,80.2288970947,69787,69827,40
13.0246200562,80.2288970947,69827,69837,10
13.0247802734,80.2291870117,69837,69847,10
13.0251703262,80.2296981812,69847,69857,10
13.02602005,80.2313995361,69857,69916,59
13.02602005,80.2313995361,69916,69926,10
13.0260400772,80.2315292358,69926,69936,10
13.026140213,80.2319488525,69936,69946,10
13.0264701843,80.2328720093,69946,69977,31
13.0264701843,80.2328720093,69977,69987,10
13.0266304016,80.2331924438,69987,69997,10
13.0269804001,80.233757019,69997,70007,10
13.0274400711,80.2345199585,70007,70017,10
13.0279302597,80.2353897095,70017,70027,10
13.0286302567,80.2362365723,70027,70037,10
13.0293502808,80.2369995117,70037,70047,10
13.0296297073,80.2372894287,70047,70057,10
13.0297298431,80.2374191284,70057,70067,10
13.0300397873,80.237953186,70067,70078,11
13.0304603577,80.2387008667,70078,70088,10
13.0307102203,80.239112854,70088,70108,20
13.0307102203,80.239112854,70108,70118,10
13.0308103561,80.2393493652,70118,70128,10
13.0311002731,80.2398529053,70128,70138,10
13.0311002731,80.2398529053,70138,70148,10
13.0311803818,80.2400283813,70148,70158,10
13.0313901901,80.2403793335,70158,70168,10
13.031419754,80.2408905029,70168,70178,10
13.0316095352,80.2412414551,70178,70189,11
13.0318698883,80.2417907715,70189,70199,10
13.0322198868,80.2423477173,70199,70210,11
13.0327596664,80.2429885864,70210,70220,10
13.0333204269,80.2437210083,70220,70230,10
13.0338497162,80.244392395,70230,70240,10
13.0342102051,80.2449035645,70240,70250,10
13.0346803665,80.2454986572,70250,70260,10
13.0349903107,80.2458572388,70260,70270,10
13.0350704193,80.2460174561,70270,70280,10
13.0353498459,80.2461700439,70280,70291,11
13.0357103348,80.2462387085,70291,70301,10
13.0357198715,80.2462692261,70301,70311,10
13.0358800888,80.2464523315,70311,70321,10
13.0362901688,80.2465133667,70321,70331,10
13.0369195938,80.2465896606,70331,70341,10
13.0374298096,80.2464981079,70341,70351,10
13.0379400253,80.2465820313,70351,70361,10
13.0389003754,80.246887207,70361,70472,111
13.0389003754,80.246887207,70472,70482,10
13.0389404297,80.2468719482,70482,70492,10
13.0391597748,80.2469177246,70492,70502,10
13.0394201279,80.2470016479,70502,70513,11
13.0399198532,80.2471084595,70513,70523,10
13.0405797958,80.2472229004,70523,70533,10
13.0413398743,80.2473678589,70533,70543,10
13.0420999527,80.2474975586,70543,70553,10
13.0426597595,80.2478179932,70553,70563,10
13.043009758,80.2479705811,70563,70573,10
13.0435495377,80.248008728,70573,70583,10
13.0440797806,80.2479019165,70583,70593,10
13.0445604324,80.2479934692,70593,70603,10
13.0450601578,80.2482528687,70603,70614,11
13.0455904007,80.2484512329,70614,70624,10
13.0462903976,80.2486190796,70624,70634,10
13.0468797684,80.2484970093,70634,70644,10
13.0469398499,80.2484970093,70644,70654,10
13.0470600128,80.2485275269,70654,70664,10
13.0474300385,80.2487335205,70664,70674,10
13.0475196838,80.248840332,70674,70684,10
13.0476799011,80.2490234375,70684,70694,10
13.0480203629,80.2493362427,70694,70704,10
13.0484600067,80.2497406006,70704,70714,10
13.0490703583,80.2497787476,70714,70725,11
13.0498800278,80.2499237061,70725,70735,10
13.0504598618,80.2500076294,70735,70745,10
13.0506601334,80.2500534058,70745,70755,10
13.0510501862,80.2501220703,70755,70765,10
13.0515899658,80.2503585815,70765,70775,10
13.052189827,80.2509002686,70775,70785,10
13.0527801514,80.251701355,70785,70795,10
13.0533704758,80.2524719238,70795,70805,10
13.0538196564,80.253112793,70805,70815,10
13.0542802811,80.2537384033,70815,70832,17
13.0550804138,80.2547607422,70832,70844,12
13.055560112,80.2554473877,70844,70852,8
13.055850029,80.2558517456,70852,70864,12
13.0562400818,80.256362915,70864,70874,10
13.0566101074,80.2567367554,70874,70884,10
13.0570697784,80.2571334839,70884,70894,10
13.0574798584,80.257522583,70894,70904,10
13.0579099655,80.2579574585,70904,70914,10
13.0583200455,80.2585220337,70914,70924,10
13.0588102341,80.2591018677,70924,70935,11
13.0592002869,80.2597503662,70935,70944,9
13.0596199036,80.2602005005,70944,70955,11
13.0600500107,80.2605819702,70955,70965,10
13.0604200363,80.2609710693,70965,70975,10
13.0607004166,80.2613830566,70975,70995,20
13.0607004166,80.2613830566,70995,71005,10
13.0608997345,80.2617111206,71005,71015,10
13.0612802505,80.2621002197,71015,71025,10
13.0614700317,80.2622375488,71025,71035,10
13.0616903305,80.2624588013,71035,71046,11
13.0619001389,80.2627410889,71046,71056,10
13.0620098114,80.2629089355,71056,71066,10
13.0623397827,80.263343811,71066,71076,10
13.0628099442,80.2639007568,71076,71086,10
13.0632200241,80.2644577026,71086,71096,10
13.0636100769,80.2650985718,71096,71106,10
13.0639200211,80.2655563354,71106,71116,10
13.0642795563,80.2660369873,71116,71126,10
13.0645503998,80.2663574219,71126,71136,10
13.064740181,80.2665863037,71136,71146,10
13.0648803711,80.2667617798,71146,71157,11
13.065199852,80.267036438,71157,71167,10
13.0656404495,80.2673797607,71167,71177,10
13.0657997131,80.267616272,71177,71193,16
13.0663499832,80.2683334351,71193,71225,32
13.0663499832,80.2683334351,71225,71235,10
13.0664796829,80.268371582,71235,71245,10
13.0667695999,80.2685317993,71245,71256,11
13.0671796799,80.2687911987,71256,71266,10
13.0676298141,80.2690811157,71266,71276,10
13.0680904388,80.2693786621,71276,71286,10
13.0682001114,80.2697982788,71286,71294,8
13.0681495667,80.2702026367,71294,71306,12
13.0681200027,80.2707519531,71306,71316,10
13.0680704117,80.2712173462,71316,71326,10
13.0683498383,80.2716598511,71326,71336,10
13.0688896179,80.271987915,71336,71346,10
13.0693397522,80.2723236084,71346,71356,10
13.0697402954,80.2727737427,71356,71367,11
13.0701198578,80.2732009888,71367,71377,10
13.0704698563,80.2736282349,71377,71387,10
13.0707902908,80.2739868164,71387,71397,10
13.070980072,80.2740631104,71397,71407,10
13.0710601807,80.2741012573,71407,71417,10
13.0712003708,80.2741317749,71417,71427,10
13.0716400146,80.2743377686,71427,71437,10
13.0721702576,80.274810791,71437,71447,10
13.0727300644,80.2754211426,71447,71457,10
13.073340416,80.2760467529,71457,71468,11
13.0741100311,80.2763595581,71468,71478,10
13.0749797821,80.2763595581,71478,71488,10
13.075630188,80.2763366699,71488,71498,10
13.0762996674,80.2763137817,71498,71508,10
13.07695961,80.2762680054,71508,71518,10
13.0776596069,80.2762298584,71518,71528,10
13.0781402588,80.2759475708,71528,71538,10
13.0783596039,80.2753677368,71538,71548,10
13.0789203644,80.2751617432,71548,71558,10
13.0796003342,80.2753067017,71558,71568,10
13.0806102753,80.2752532959,71568,71589,21
13.0806102753,80.2752532959,71589,71599,10
13.0807695389,80.2752380371,71599,71609,10
13.0810499191,80.2751998901,71609,71619,10
13.0813798904,80.2751693726,71619,71629,10
13.0817499161,80.2752304077,71629,71639,10
13.0819501877,80.2755432129,71639,71700,61
13.0819501877,80.2755432129,71700,71710,10
13.0819797516,80.2757797241,71710,72346,636
13.0819797516,80.2757797241,72346,72356,10
13.0819597244,80.275932312,72356,72366,10
13.0818300247,80.2761077881,72366,72376,10
13.0818004608,80.2764129639,72376,72386,10
13.0818395615,80.2770614624,72386,72395,9
13.0818996429,80.2777404785,72395,72405,10
13.0820503235,80.2781066895,72405,72417,12
13.0827102661,80.2781295776,72417,72427,10
13.0832300186,80.2781829834,72427,72437,10
13.0833902359,80.2782897949,72437,72447,10
13.0835504532,80.278717041,72447,72456,9
13.0834302902,80.2790679932,72456,72467,11
13.0829200745,80.2788925171,72467,72477,10
13.0822296143,80.2786026001,72477,72487,10
13.0819101334,80.278137207,72487,72497,10
13.0818099976,80.2774276733,72497,72507,10
13.0817098618,80.2765808105,72507,72517,10
13.0816202164,80.2761306763,72517,72528,11
13.0815401077,80.2758102417,72528,72538,10
13.081489563,80.2755203247,72538,72548,10
13.0813903809,80.2752227783,72548,72558,10
13.0809202194,80.2752532959,72558,72568,10
13.0803003311,80.2753295898,72568,72578,10
13.0797796249,80.2753829956,72578,72588,10
13.0792102814,80.2752990723,72588,72598,10
13.078499794,80.2752838135,72598,72608,10
13.0781402588,80.2759475708,72608,72624,16
13.0772199631,80.2762908936,72624,72637,13
13.0759296417,80.2763595581,72637,72647,10
13.0751695633,80.2763824463,72647,72657,10
13.0746498108,80.2763977051,72657,72667,10
13.0739898682,80.2764663696,72667,72677,10
13.0734100342,80.2764129639,72677,72687,10
13.0729598999,80.275932312,72687,72697,10
13.0724096298,80.2752914429,72697,72706,9
13.0721902847,80.275062561,72706,72717,11
13.0720996857,80.2749633789,72717,72728,11
13.0717201233,80.2746429443,72728,72739,11
13.0710601807,80.274520874,72739,72749,10
13.0709400177,80.274520874,72749,72759,10
13.0708599091,80.2744293213,72759,72769,10
13.070599556,80.2741317749,72769,72779,10
13.0704498291,80.2736663818,72779,72789,10
13.0700998306,80.2731933594,72789,72799,10
13.0696401596,80.2726821899,72799,72809,10
13.0692796707,80.2723236084,72809,72819,10
13.0691099167,80.2721328735,72819,72829,10
13.0688695908,80.2720031738,72829,72839,10
13.0684204102,80.2718811035,72839,72850,11
13.0678396225,80.2711105347,72850,72870,20
13.0678396225,80.2711105347,72870,72880,10
13.0678396225,80.2710113525,72880,72890,10
13.0675096512,80.270690918,72890,72900,10
13.0669603348,80.2701797485,72900,72910,10
13.0664997101,80.26953125,72910,72920,10
13.0663795471,80.2689666748,72920,72930,10
13.066280365,80.2683868408,72930,72940,10
13.0658397675,80.2678833008,72940,72951,11
13.0654296875,80.2676696777,72951,72961,10
13.065320015,80.2676467896,72961,72971,10
13.0651903152,80.2676086426,72971,72981,10
13.064740181,80.2675170898,72981,72991,10
13.0642204285,80.2674179077,72991,73001,10
13.0638399124,80.2673416138,73001,73011,10
13.0633296967,80.2672805786,73011,73021,10
13.06291008,80.2672119141,73021,73031,10
13.0625696182,80.2669677734,73031,73041,10
13.0621595383,80.2665023804,73041,73051,10
13.0617799759,80.2659988403,73051,73062,11
13.0612602234,80.2653808594,73062,73072,10
13.0609302521,80.2651977539,73072,73082,10
13.0605401993,80.2654037476,73082,73092,10
13.0605201721,80.2654190063,73092,73102,10
13.0604000092,80.2654571533,73102,73112,10
13.0599498749,80.2656402588,73112,73122,10
13.0594501495,80.2656173706,73122,73132,10
13.0590801239,80.2655334473,73132,73142,10
13.0590496063,80.2655029297,73142,73152,10
13.0589895248,80.2654495239,73152,73163,11
13.0587797165,80.2653274536,73163,73173,10
13.0585699081,80.2653503418,73173,73183,10
13.0583400726,80.2653198242,73183,73193,10
13.0580196381,80.2648773193,73193,73203,10
13.0579204559,80.2640762329,73203,73213,10
13.0578203201,80.263381958,73213,73223,10
13.0577697754,80.2627563477,73223,73233,10
13.05768013,80.262260437,73233,73243,10
13.057559967,80.2616271973,73243,73253,10
13.0574398041,80.2610626221,73253,73263,10
13.0572900772,80.2604675293,73263,73274,11
13.0570898056,80.2597808838,73274,73284,10
13.056889534,80.2592086792,73284,73294,10
13.0567102432,80.2585678101,73294,73304,10
13.056599617,80.2580718994,73304,73314,10
13.0564899445,80.2574462891,73314,73334,20
13.0564899445,80.2574462891,73334,73344,10
13.0564098358,80.2571411133,73344,73354,10
13.0563097,80.2566833496,73354,73364,10
13.056019783,80.2561798096,73364,73375,11
13.0554895401,80.2554168701,73375,73385,10
13.0550003052,80.254737854,73385,73395,10
13.0543699265,80.2539291382,73395,73405,10
13.0537996292,80.2531433105,73405,73415,10
13.053319931,80.2524414063,73415,73425,10
13.0528402328,80.2517929077,73425,73435,10
13.0524396896,80.2512588501,73435,73445,10
13.0520401001,80.2507781982,73445,73455,10
13.051320076,80.25025177,73455,73465,10
13.0504703522,80.2500228882,73465,73475,10
13.0496101379,80.2498626709,73475,73486,11
13.048500061,80.2497024536,73486,73496,10
13.0478401184,80.2492370605,73496,73506,10
13.0469903946,80.2486572266,73506,73526,20
13.0469903946,80.2486572266,73526,73536,10
13.0467395782,80.2486190796,73536,73546,10
13.0461797714,80.2485580444,73546,73556,10
13.0454397202,80.248298645,73556,73566,10
13.0446996689,80.2480926514,73566,73576,10
13.0439300537,80.2479705811,73576,73586,10
13.0432100296,80.247833252,73586,73597,11
13.0424604416,80.2475967407,73597,73607,10
13.0418195724,80.2474899292,73607,73617,10
13.0410404205,80.2473602295,73617,73627,10
13.0402402878,80.2472305298,73627,73637,10
13.0399198532,80.2471923828,73637,73653,16
13.0392398834,80.2470321655,73653,73665,12
13.0386896133,80.2468338013,73665,73674,9
13.0382699966,80.2467269897,73674,73685,11
13.037779808,80.2466964722,73685,73695,10
13.037229538,80.2465896606,73695,73705,10
13.0366096497,80.2464904785,73705,73716,11
13.0359697342,80.2463531494,73716,73726,10
13.0351800919,80.2460784912,73726,73746,20
13.0351800919,80.2460784912,73746,73756,10
13.0349397659,80.2458572388,73756,73766,10
13.0345897675,80.2453689575,73766,73776,10
13.034040451,80.2446975708,73776,73786,10
13.0334196091,80.2439193726,73786,73796,10
13.0326595306,80.243019104,73796,73807,11
13.0319595337,80.2421569824,73807,73817,10
13.0316200256,80.2413406372,73817,73827,10
13.0311403275,80.2403717041,73827,73918,91
13.0311403275,80.2403717041,73918,73928,10
13.0311002731,80.2401885986,73928,73938,10
13.0309400558,80.2398300171,73938,73948,10
13.0306196213,80.2391967773,73948,73958,10
13.0301504135,80.2383575439,73958,73968,10
13.0295600891,80.2373809814,73968,73978,10
13.0287504196,80.2364425659,73978,73988,10
13.0278902054,80.2354431152,73988,73998,10
13.0272397995,80.2343215942,73998,74008,10
13.0265903473,80.233291626,74008,74019,11
13.0261497498,80.2322998047,74019,74029,10
13.0260000229,80.2317428589,74029,74039,10
13.025850296,80.2312088013,74039,74049,10
13.0255804062,80.230506897,74049,74059,10
13.0251102448,80.2297210693,74059,74069,10
13.0246601105,80.2291488647,74069,74089,20
13.0246601105,80.2291488647,74089,74099,10
13.024600029,80.229057312,74099,74109,10
13.0243701935,80.2287521362,74109,74120,11
13.0239896774,80.2283401489,74120,74130,10
13.0236797333,80.2279510498,74130,74140,10
13.0233001709,80.2275924683,74140,74170,30
13.0233001709,80.2275924683,74170,74180,10
13.0230703354,80.2272567749,74180,74190,10
13.0226202011,80.2268600464,74190,74200,10
13.0221004486,80.2263870239,74200,74210,10
13.0213403702,80.2258377075,74210,74220,10
13.0205802917,80.2252731323,74220,74231,11
13.0199203491,80.2248382568,74231,74241,10
13.0198898315,80.224822998,74241,74251,10
13.0195398331,80.2245407104,74251,74261,10
13.0188102722,80.2244720459,74261,74271,10
13.0178499222,80.224899292,74271,74281,10
13.016579628,80.2251815796,74281,74291,10
13.0159902573,80.2256011963,74291,74301,10
13.0152797699,80.2258834839,74301,74311,10
13.0148000717,80.2260894775,74311,74327,16
13.0142803192,80.2263183594,74327,74350,23
13.0142803192,80.2263183594,74350,74360,10
13.013879776,80.2264785767,74360,74369,9
13.0132598877,80.2267303467,74369,74379,10
13.0124702454,80.2270431519,74379,74390,11
13.0113601685,80.2274780273,74390,74400,10
13.0104398727,80.2278366089,74400,74410,10
13.0095300674,80.2282180786,74410,74421,11
13.0089902878,80.2289962769,74421,74431,10
13.0087900162,80.2300491333,74431,74442,11
13.0085802078,80.2313766479,74442,74452,10
13.0083799362,80.2326278687,74452,74462,10
13.0082197189,80.2336425781,74462,74482,20
13.0082197189,80.2336425781,74482,74492,10
13.008099556,80.2339782715,74492,74502,10
13.008020401,80.2343826294,74502,74512,10
13.0078802109,80.2349777222,74512,74522,10
13.0077104568,80.2358703613,74522,74532,10
13.007519722,80.2368621826,74532,74543,11
13.007349968,80.2376327515,74543,74552,9
13.0072002411,80.2383422852,74552,74563,11
13.007060051,80.2390594482,74563,74573,10
13.0069599152,80.239616394,74573,74583,10
13.0068302155,80.2402420044,74583,74593,10
13.0066795349,80.2409973145,74593,74603,10
13.0066099167,80.2417602539,74603,74613,10
13.0066099167,80.2424163818,74613,74623,10
13.0066299438,80.2429962158,74623,74633,10
13.006649971,80.243560791,74633,74643,10
13.0066995621,80.2443618774,74643,74654,11
13.0066604614,80.2454986572,74654,74664,10
13.0066995621,80.2464523315,74664,74674,10
13.0067300797,80.2470092773,74674,74684,10
13.0067195892,80.2472763062,74684,74694,10
13.0067195892,80.2472991943,74694,74704,10
13.006529808,80.2474975586,74704,74714,10
13.0061397552,80.247467041,74714,74724,10
13.0060997009,80.2474594116,74724,74734,10
13.0057497025,80.2473983765,74734,74744,10
13.0051803589,80.2474136353,74744,74754,10
13.0044603348,80.2474822998,74754,74765,11
13.0034303665,80.2476119995,74765,74775,10
13.0026597977,80.2477264404,74775,74785,10
13.0022001266,80.2478408813,74785,74795,10
13.0014801025,80.2480392456,74795,74805,10
13.0005903244,80.2482681274,74805,74815,10
12.9995203018,80.248550415,74815,74825,10
12.998339653,80.2488479614,74825,74835,10
12.9978599548,80.2489776611,74835,74845,10
12.9975595474,80.2490386963,74845,74855,10
12.9969301224,80.249168396,74855,74866,11
12.9960098267,80.2493896484,74866,74876,10
12.9949903488,80.2496337891,74876,74886,10
12.9937696457,80.2499694824,74886,74896,10
12.9926300049,80.25025177,74896,74906,10
12.9915399551,80.250541687,74906,74916,10
12.9909200668,80.2507171631,74916,74926,10
12.9905395508,80.2508163452,74926,74936,10
12.9896297455,80.2510299683,74936,74946,10
12.988820076,80.2512283325,74946,74956,10
12.9879198074,80.2515029907,74956,75128,172
12.9879198074,80.2515029907,75128,75138,10
12.9878196716,80.2515106201,75138,75148,10
12.9873800278,80.2516098022,75148,75158,10
12.9866199493,80.2518234253,75158,75168,10
12.9857902527,80.2520828247,75168,75178,10
12.9845695496,80.2523574829,75178,75189,11
12.9830999374,80.2526931763,75189,75199,10
12.9818096161,80.2527618408,75199,75209,10
12.9806804657,80.2527770996,75209,75219,10
12.9798202515,80.2527999878,75219,75239,20
12.9798202515,80.2527999878,75239,75249,10
12.9795703888,80.2527313232,75249,75259,10
12.9789600372,80.2526931763,75259,75269,10
12.9785604477,80.2526321411,75269,75279,10
12.9785299301,80.2525787354,75279,75289,10
12.9781503677,80.2523193359,75289,75299,10
12.9775400162,80.2517776489,75299,75310,11
12.9764795303,80.2512588501,75310,75319,9
12.9754400253,80.2509613037,75319,75330,11
12.974149704,80.2506027222,75330,75340,10
12.9729299545,80.2502670288,75340,75350,10
12.971739769,80.249961853,75350,75360,10
12.970700264,80.2496795654,75360,75370,10
12.9696998596,80.2493286133,75370,75380,10
12.968870163,80.2489929199,75380,75390,10
12.9679002762,80.2485580444,75390,75401,11
12.9667596817,80.2480773926,75401,75411,10
12.9658403397,80.2476806641,75411,75421,10
12.9651203156,80.2474517822,75421,75431,10
12.9651002884,80.2474365234,75431,75441,10
12.9648895264,80.2473373413,75441,75451,10
12.9643096924,80.2471313477,75451,75461,10
12.963549614,80.2468338013,75461,75471,10
12.9627599716,80.246421814,75471,75481,10
12.9617395401,80.2459335327,75481,75491,10
12.9606895447,80.2453994751,75491,75501,10
12.9596300125,80.2450180054,75501,75512,11
12.9593601227,80.2448883057,75512,75522,10
12.9591999054,80.2447967529,75522,75532,10
12.9586801529,80.2445678711,75532,75542,10
12.9580001831,80.2442932129,75542,75552,10
12.9575195313,80.2440795898,75552,75562,10
12.9568195343,80.2438735962,75562,75572,10
12.9563302994,80.2437362671,75572,75582,10
12.9562196732,80.2437210083,75582,75592,10
12.9558000565,80.2435073853,75592,75602,10
12.9551401138,80.2431564331,75602,75613,11
12.954369545,80.2427978516,75613,75623,10
12.9536399841,80.2424926758,75623,75633,10
12.9527797699,80.2421417236,75633,75643,10
12.9518899918,80.2418289185,75643,75653,10
12.9516096115,80.2417297363,75653,75663,10
12.951379776,80.2416534424,75663,75673,10
12.9507598877,80.2414321899,75673,75683,10
12.9499397278,80.2411727905,75683,75693,10
12.949379921,80.2409973145,75693,75714,21
12.949379921,80.2409973145,75714,75724,10
12.9491300583,80.2409210205,75724,75734,10
12.9485301971,80.2406921387,75734,75744,10
12.947719574,80.2403488159,75744,75754,10
12.9471101761,80.2401123047,75754,75764,10
12.9470796585,80.2400894165,75764,75774,10
12.9468898773,80.2400131226,75774,75784,10
12.9463396072,80.2397689819,75784,75794,10
12.945599556,80.2394104004,75794,75804,10
12.944849968,80.2388763428,75804,75814,10
12.9441003799,80.2380905151,75814,75825,11
12.9433698654,80.2373123169,75825,75835,10
12.9426603317,80.2367019653,75835,75845,10
12.9415798187,80.236328125,75845,75855,10
12.9404697418,80.2360610962,75855,75865,10
12.9397201538,80.2358627319,75865,75875,10
12.9396600723,80.2358169556,75875,75885,10
12.9394702911,80.2357025146,75885,75895,10
12.9389400482,80.2354431152,75895,75905,10
12.9381799698,80.2350769043,75905,75915,10
12.9374103546,80.234703064,75915,75925,10
12.9365301132,80.2342681885,75925,75936,11
12.9360599518,80.2340316772,75936,75946,10
12.9360704422,80.2340164185,75946,75956,10
12.9358100891,80.2339324951,75956,75966,10
12.9354600906,80.2337493896,75966,75976,10
12.9348897934,80.2334976196,75976,75986,10
12.933930397,80.2330932617,75986,76006,20
12.933930397,80.2330932617,76006,76016,10
12.9336795807,80.2329711914,76016,76026,10
12.9334001541,80.2328186035,76026,76036,10
12.9328403473,80.2325668335,76036,76047,11
12.9319000244,80.2322769165,76047,76057,10
12.9307804108,80.2319335938,76057,76067,10
12.9296998978,80.2315979004,76067,76077,10
12.9290704727,80.2314910889,76077,76087,10
12.9284801483,80.2313766479,76087,76097,10
12.9276599884,80.2312393188,76097,76107,10
12.9267101288,80.2311401367,76107,76117,10
12.9261198044,80.2310791016,76117,76127,10
12.9260196686,80.2310409546,76127,76137,10
12.9255599976,80.2309875488,76137,76148,11
12.9247598648,80.2308883667,76148,76158,10
12.9238500595,80.2307662964,76158,76168,10
12.922750473,80.2306213379,76168,76178,10
12.9215297699,80.2304382324,76178,76188,10
12.9204101563,80.2303009033,76188,76198,10
12.9194803238,80.2301635742,76198,76208,10
12.9185695648,80.2300415039,76208,76218,10
12.9175395966,80.229888916,76218,76228,10
12.9165296555,80.2297515869,76228,76238,10
12.9155797958,80.2296295166,76238,76249,11
12.9144897461,80.2294921875,76249,76259,10
12.9136800766,80.2293701172,76259,76269,10
12.9132003784,80.229347229,76269,76279,10
12.913189888,80.2293395996,76279,76289,10
12.9128904343,80.2292861938,76289,76299,10
12.9121999741,80.2291793823,76299,76309,10
12.9112596512,80.2290420532,76309,76319,10
12.9101400375,80.2288665771,76319,76329,10
12.9090299606,80.2286911011,76329,76339,10
12.9080400467,80.2285308838,76339,76349,10
12.9071798325,80.2284164429,76349,76360,11
12.9065999985,80.2283630371,76360,76370,10
12.9063301086,80.2283325195,76370,76380,10
12.9057397842,80.2282867432,76380,76390,10
12.9048900604,80.2282333374,76390,76400,10
12.9038600922,80.2281799316,76400,76410,10
12.9028501511,80.2281265259,76410,76420,10
12.9022703171,80.2281036377,76420,76430,10
12.9018697739,80.2281036377,76430,76440,10
12.9015197754,80.2280883789,76440,76561,121
12.9015197754,80.2280883789,76561,76572,11
12.9013795853,80.2280578613,76572,76582,10
12.9008998871,80.228012085,76582,76592,10
12.9003200531,80.2279586792,76592,76602,10
12.8996801376,80.2279586792,76602,76642,40
12.8996801376,80.2279586792,76642,76652,10
12.8995599747,80.2279129028,76652,76673,21
12.8995599747,80.2279129028,76673,76683,10
12.8991498947,80.2278594971,76683,76693,10
12.8985204697,80.2278213501,76693,76703,10
12.8978004456,80.2277908325,76703,76713,10
12.8969898224,80.2277603149,76713,76723,10
12.8960199356,80.227722168,76723,76733,10
12.894900322,80.2276763916,76733,76743,10
12.8937501907,80.2276077271,76743,76753,10
12.8929100037,80.2275085449,76753,76763,10
12.8923101425,80.2274398804,76763,76773,10
12.8916196823,80.2274093628,76773,76784,11
12.8906698227,80.2273864746,76784,76794,10
12.8896903992,80.2274017334,76794,76804,10
12.8887395859,80.2273864746,76804,76814,10
12.8878297806,80.2273330688,76814,76824,10
12.8868198395,80.227180481,76824,76834,10
12.8857097626,80.2268981934,76834,76844,10
12.8849000931,80.2267990112,76844,76854,10
12.8849000931,80.2268371582,76854,76864,10
12.8845796585,80.2267837524,76864,76874,10
12.8838396072,80.2267532349,76874,76885,11
12.8828201294,80.2267532349,76885,76895,10
12.8817396164,80.2267684937,76895,76905,10
12.8805198669,80.2267684937,76905,76915,10
12.8791599274,80.2267990112,76915,76925,10
12.8779001236,80.2268829346,76925,76935,10
12.8768796921,80.2269973755,76935,76945,10
12.8763303757,80.2270431519,76945,76955,10
12.8762998581,80.2270278931,76955,76965,10
12.8759002686,80.2270431519,76965,76975,10
12.8751802444,80.2269897461,76975,76986,11
12.8741703033,80.226852417,76986,76996,10
12.873290062,80.2267608643,76996,77006,10
12.8726902008,80.2267684937,77006,77016,10
12.8725595474,80.2267684937,77016,77026,10
12.872469902,80.2267608643,77026,77036,10
12.8719797134,80.2267379761,77036,77046,10
12.8712596893,80.2266998291,77046,77056,10
12.8704004288,80.2266387939,77056,77066,10
12.8694000244,80.2265396118,77066,77082,16
12.8675203323,80.2264709473,77082,77094,12
12.8661203384,80.2266082764,77094,77105,11
12.8650197983,80.2266387939,77105,77114,9
12.8636302948,80.2265930176,77114,77125,11
12.8623504639,80.226600647,77125,77135,10
12.8614597321,80.2266387939,77135,77145,10
12.8608999252,80.2266616821,77145,77155,10
12.8608198166,80.2266464233,77155,77165,10
12.8603401184,80.226600647,77165,77174,9
12.8596696854,80.2265090942,77174,77184,10
12.8587703705,80.2263717651,77184,77195,11
12.8575801849,80.2263183594,77195,77206,11
12.8562402725,80.2264404297,77206,77216,10
12.8548898697,80.2265701294,77216,77226,10
12.8534803391,80.2267379761,77226,77236,10
12.852060318,80.2267303467,77236,77246,10
12.8506603241,80.2266693115,77246,77256,10
12.8493700027,80.2266311646,77256,77266,10
12.8482599258,80.2266387939,77266,77276,10
12.8472499847,80.2266387939,77276,77286,10
12.8462095261,80.2266464233,77286,77296,10
12.8454999924,80.2266464233,77296,77307,11
12.8453598022,80.2266616821,77307,77317,10
12.8452997208,80.2266464233,77317,77327,10
12.8448495865,80.2266311646,77327,77337,10
12.8441200256,80.2266998291,77337,77347,10
12.8432502747,80.2268371582,77347,77357,10
12.8422603607,80.2270507813,77357,77367,10
12.8410797119,80.2273483276,77367,77377,10
12.8402004242,80.2276306152,77377,77387,10
12.8397302628,80.2278213501,77387,77397,10
12.8396396637,80.2278594971,77397,77409,12
12.8394298553,80.2279281616,77409,77420,11
12.8387498856,80.2280578613,77420,77430,10
12.8379001617,80.2282409668,77430,77440,10
12.8368997574,80.2284011841,77440,77450,10
12.8357095718,80.2285766602,77450,77460,10
12.8344497681,80.2287597656,77460,77470,10
12.8332595825,80.2289581299,77470,77481,11
12.832280159,80.2291564941,77481,77491,10
12.8321399689,80.2291870117,77491,77501,10
12.8318996429,80.2292480469,77501,77511,10
12.8316402435,80.2293014526,77511,77522,11
12.8309698105,80.2294921875,77522,77532,10
12.8300800323,80.2298126221,77532,77542,10
12.8290500641,80.23021698,77542,77552,10
12.8280200958,80.2307662964,77552,77562,10
12.8269796371,80.2312774658,77562,77572,10
12.8257398605,80.2314300537,77572,77582,10
12.8245096207,80.2313995361,77582,77592,10
12.8233003616,80.2310562134,77592,77602,10
12.8220996857,80.2306900024,77602,77612,10
12.8210897446,80.230506897,77612,77622,10
12.820019722,80.2305374146,77622,77633,11
12.8189001083,80.2305526733,77633,77643,10
12.8186903,80.2304992676,77643,77653,10
12.8183097839,80.2302703857,77653,77663,10
12.8175802231,80.2299423218,77663,77673,10
12.8166599274,80.2295837402,77673,77683,10
12.815779686,80.2294311523,77683,77693,10
12.8148403168,80.2293014526,77693,77703,10
12.8137397766,80.2290725708,77703,77713,10
12.8125801086,80.2286911011,77713,77723,10
12.8114995956,80.228302002,77723,77734,11
12.8102998734,80.2278213501,77734,77744,10
12.8094100952,80.2274093628,77744,77754,10
12.8085203171,80.2267684937,77754,77764,10
12.8076400757,80.2260437012,77764,77774,10
12.8067703247,80.2252731323,77774,77784,10
12.8059902191,80.2245788574,77784,77794,10
12.8052997589,80.2241210938,77794,77804,10
12.8049097061,80.2240219116,77804,77814,10
12.8048801422,80.2240066528,77814,77824,10
12.8045196533,80.2239532471,77824,77835,11
12.8037996292,80.2238998413,77835,77845,10
12.8029499054,80.2238235474,77845,77855,10
12.8020401001,80.2237014771,77855,77865,10
12.8011198044,80.2236404419,77865,77875,10
12.8009700775,80.2236175537,77875,77885,10
12.8005599976,80.2235794067,77885,77895,10
12.7998399734,80.2235031128,77895,77905,10
12.7989301682,80.2234191895,77905,77915,10
12.7978401184,80.2233200073,77915,77925,10
12.7965202332,80.2230682373,77925,77935,10
12.7953996658,80.2228775024,77935,77946,11
12.7943096161,80.2227020264,77946,77956,10
12.7933197021,80.2225494385,77956,77966,10
12.7924203873,80.2224197388,77966,77976,10
12.7914800644,80.2221908569,77976,77986,10
12.7904195786,80.2219390869,77986,77996,10
12.7895803452,80.2216567993,77996,78006,10
12.7888698578,80.2213973999,78006,78016,10
12.788020134,80.2210617065,78016,78026,10
12.7873601913,80.2208175659,78026,78036,10
12.7868204117,80.2206192017,78036,78047,11
12.7862701416,80.2203903198,78047,78077,30
12.7862701416,80.2203903198,78077,78087,10
12.7861604691,80.2203369141,78087,78097,10
12.7859201431,80.2202301025,78097,78107,10
12.7858495712,80.2201919556,78107,78117,10
12.7854299545,80.2200012207,78117,78127,10
12.7847099304,80.2196502686,78127,78147,20
12.7847099304,80.2196502686,78147,78158,11
12.7846002579,80.2195892334,78158,78168,10
12.7841501236,80.219329834,78168,78178,10
12.7834997177,80.2189712524,78178,78188,10
12.7827100754,80.218536377,78188,78198,10
12.7817497253,80.2180099487,78198,78208,10
12.7806997299,80.2174377441,78208,78218,10
12.7796297073,80.2168579102,78218,78228,10
12.7785596848,80.216293335,78228,78238,10
12.7774801254,80.2157821655,78238,78248,10
12.7763299942,80.2153015137,78248,78258,10
12.7751903534,80.2148590088,78258,78269,11
12.7739801407,80.2144012451,78269,78279,10
12.7730503082,80.2140274048,78279,78289,10
12.7721204758,80.2136688232,78289,78299,10
12.7711000443,80.2133102417,78299,78309,10
12.77023983,80.2130203247,78309,78319,10
12.7692604065,80.2126617432,78319,78329,10
12.768119812,80.2122268677,78329,78339,10
12.7668504715,80.2117767334,78339,78348,9
12.7656097412,80.2113265991,78348,78357,9
12.7643003464,80.2108383179,78357,78370,13
12.7626304626,80.2102203369,78370,78380,10
12.7614002228,80.2096862793,78380,78391,11
12.7600498199,80.2090072632,78391,78401,10
12.7593097687,80.2086105347,78401,78411,10
12.75922966,80.2085571289,78411,78421,10
12.7588195801,80.2083206177,78421,78431,10
12.7582197189,80.2080001831,78431,78441,10
12.757519722,80.2076187134,78441,78451,10
12.7566795349,80.2071380615,78451,78461,10
12.7557001114,80.2065963745,78461,78472,11
12.7544698715,80.2059326172,78472,78482,10
12.7534198761,80.2053604126,78482,78492,10
12.752530098,80.2049026489,78492,78502,10
12.7517499924,80.204498291,78502,78512,10
12.7515201569,80.2043762207,78512,78522,10
12.7512302399,80.2042236328,78522,78532,10
12.7507600784,80.2039718628,78532,78542,10
12.7500200272,80.2035980225,78542,78552,10
12.7490797043,80.2031097412,78552,78562,10
12.7479801178,80.2025527954,78562,78572,10
12.7467803955,80.2019195557,78572,78583,11
12.7454099655,80.2011871338,78583,78593,10
12.7444000244,80.2004928589,78593,78603,10
12.7435302734,80.199546814,78603,78623,20
12.7435302734,80.199546814,78623,78633,10
12.7433395386,80.1993026733,78633,78643,10
12.743060112,80.1989822388,78643,78653,10
12.742939949,80.1988372803,78653,78663,10
12.742600441,80.1984405518,78663,78673,10
12.7421197891,80.1978988647,78673,78684,11
12.7417402267,80.1973724365,78684,78694,10
12.7416200638,80.1971893311,78694,78704,10
12.7414398193,80.1969223022,78704,78714,10
12.7410898209,80.1964416504,78714,78724,10
12.7405996323,80.1957626343,78724,78734,10
12.7400398254,80.1949768066,78734,78744,10
12.7393903732,80.1940994263,78744,78754,10
12.738650322,80.1930923462,78754,78764,10
12.737739563,80.1920700073,78764,78774,10
12.7368497849,80.191192627,78774,78784,10
12.7361803055,80.1905212402,78784,78795,11
12.7358703613,80.1902236938,78795,78805,10
12.7356100082,80.1899795532,78805,78815,10
12.7349596024,80.1896896362,78815,78825,10
12.7340402603,80.1895828247,78825,78835,10
12.7329702377,80.1894607544,78835,78845,10
12.7317800522,80.1892089844,78845,78855,10
12.7309103012,80.1891403198,78855,78865,10
12.730219841,80.1890411377,78865,78885,20
12.730219841,80.1890411377,78885,78895,10
12.7302103043,80.1890182495,78895,78906,11
12.7297401428,80.1889801025,78906,78916,10
12.7290096283,80.1889572144,78916,78926,10
12.7282104492,80.1887207031,78926,78936,10
12.7273597717,80.1884765625,78936,78946,10
12.7263202667,80.1882400513,78946,78955,9
12.725689888,80.1881027222,78955,78966,11
12.7250003815,80.1880111694,78966,78996,30
12.7250003815,80.1880111694,78996,79007,11
12.7249403,80.1880111694,79007,79017,10
12.7245502472,80.1879425049,79017,79027,10
12.72397995,80.1878204346,79027,79037,10
12.723950386,80.1878128052,79037,79047,10
12.7237596512,80.1877593994,79047,79057,10
12.7232904434,80.1876068115,79057,79067,10
12.7222204208,80.1874389648,79067,79087,20
12.7222204208,80.1874389648,79087,79097,10
12.7221403122,80.1876373291,79097,79108,11
12.7222099304,80.1879119873,79108,79128,20
12.7222099304,80.1879119873,79128,79138,10
12.7222700119,80.187789917,79138,79148,10
12.7222499847,80.1876068115,79148,79158,10
12.7223796844,80.1874389648,79158,79168,10
12.7223901749,80.1874389648,79168,79178,10
12.7227401733,80.187461853,79178,79188,10
12.7232103348,80.1875991821,79188,79198,10
12.7236299515,80.1876983643,79198,79208,10
12.7238798141,80.1877365112,79208,79219,11
12.7243795395,80.1878814697,79219,79229,10
12.7249097824,80.18800354,79229,79239,10
12.7251796722,80.188041687,79239,79249,10
12.7254495621,80.1880874634,79249,79259,10
12.7257299423,80.1881637573,79259,79269,10
12.7262096405,80.1882324219,79269,79279,10
12.7266902924,80.188331604,79279,79289,10
12.7272396088,80.1884384155,79289,79299,10
12.7277297974,80.1885681152,79299,79309,10
12.7281198502,80.1886901855,79309,79319,10
12.7285995483,80.1888427734,79319,79330,11
12.7293195724,80.1889724731,79330,79340,10
12.729929924,80.1889877319,79340,79350,10
12.7304801941,80.1890792847,79350,79360,10
12.7311201096,80.1890869141,79360,80532,1172
12.7311201096,80.1890869141,80532,80542,10
12.7312803268,80.1891403198,80542,80552,10
12.7319803238,80.1892166138,80552,80562,10
12.7328996658,80.1893463135,80562,80572,10
12.7339401245,80.1894607544,80572,80583,11
12.7352199554,80.1896820068,80583,80593,10
12.7361698151,80.1903991699,80593,80603,10
12.7369804382,80.1912231445,80603,80613,10
12.7377595901,80.1919784546,80613,80623,10
12.7385797501,80.1928787231,80623,80633,10
12.7393703461,80.193939209,80633,80643,10
12.7402000427,80.1951065063,80643,80653,10
12.7411298752,80.1964035034,80653,80663,10
12.7419700623,80.1976013184,80663,80673,10
12.7428998947,80.1987228394,80673,80683,10
12.7438602448,80.1998214722,80683,80694,11
12.7449998856,80.2009506226,80694,80704,10
12.7463302612,80.2016677856,80704,80714,10
12.747759819,80.2023925781,80714,80724,10
12.7491197586,80.2030792236,80724,80734,10
12.7504997253,80.2037582397,80734,80744,10
12.7517299652,80.2043991089,80744,80754,10
12.7530097961,80.2050704956,80754,80764,10
12.7543401718,80.2057876587,80764,80774,10
12.7557401657,80.2065505981,80774,80784,10
12.7571401596,80.2073287964,80784,80795,11
12.7587003708,80.2081832886,80795,80805,10
12.7600803375,80.2089614868,80805,80815,10
12.7614402771,80.2096481323,80815,80825,10
12.7628297806,80.2102508545,80825,80835,10
12.7642698288,80.2108230591,80835,80845,10
12.7657499313,80.2113265991,80845,80855,10
12.7671899796,80.2118530273,80855,80865,10
12.7685899734,80.2123413086,80865,80875,10
12.7698602676,80.2127990723,80875,80885,10
12.771109581,80.2132415771,80885,80895,10
12.7724704742,80.213722229,80895,80906,11
12.7738895416,80.2142791748,80906,80916,10
12.7751998901,80.2148132324,80916,80926,10
12.7764997482,80.2153396606,80926,80936,10
12.7778501511,80.2159118652,80936,80946,10
12.7792196274,80.216583252,80946,80956,10
12.780579567,80.217300415,80956,80966,10
12.7819404602,80.2180480957,80966,80976,10
12.7832403183,80.2187728882,80976,80986,10
12.7842597961,80.219367981,80986,80996,10
12.7849502563,80.2197570801,80996,81007,11
12.7855501175,80.2200698853,81007,81017,10
12.7860202789,80.2202987671,81017,81027,10
12.7861404419,80.2203369141,81027,81037,10
12.7866601944,80.2205200195,81037,81047,10
12.7873802185,80.2208023071,81047,81057,10
12.7881498337,80.2211074829,81057,81067,10
12.7888498306,80.2213592529,81067,81077,10
12.7894001007,80.2215576172,81077,81087,10
12.7896604538,80.2216033936,81087,81097,10
12.7899904251,80.2217102051,81097,81107,10
12.7906599045,80.2219009399,81107,81118,11
12.7918901443,80.2221908569,81118,81128,10
12.7932395935,80.2224273682,81128,81138,10
12.794549942,80.2226333618,81138,81148,10
12.7957897186,80.2228393555,81148,81158,10
12.7966098785,80.2229995728,81158,81168,10
12.7976903915,80.2232131958,81168,81178,10
12.7988796234,80.2233276367,81178,81188,10
12.8002195358,80.2234420776,81188,81198,10
12.8014602661,80.2235565186,81198,81208,10
12.8025503159,80.2236785889,81208,81219,11
12.8031797409,80.2237930298,81219,81229,10
12.8039197922,80.2238388062,81229,81239,10
12.8048200607,80.2239303589,81239,81249,10
12.8054800034,80.2240982056,81249,81259,10
12.8056602478,80.2241897583,81259,81269,10
12.8062295914,80.2246704102,81269,81279,10
12.8070001602,80.2253799438,81279,81289,10
12.8079996109,80.2262573242,81289,81299,10
12.8091001511,80.2271499634,81299,81309,10
12.8100500107,80.2276611328,81309,81319,10
12.8110399246,80.2280807495,81319,81330,11
12.8123397827,80.2285385132,81330,81340,10
12.813659668,80.2289962769,81340,81350,10
12.8148603439,80.2292633057,81350,81360,10
12.8161096573,80.2294235229,81360,81370,10
12.8173599243,80.2297286987,81370,81380,10
12.818570137,80.2303009033,81380,81390,10
12.8197002411,80.23046875,81390,81400,10
12.8208599091,80.2304382324,81400,81410,10
12.8220996857,80.2305831909,81410,81420,10
12.8233098984,80.2309417725,81420,81431,11
12.824640274,80.2312774658,81431,81441,10
12.8259401321,80.231338501,81441,81451,10
12.8272800446,80.2311325073,81451,81461,10
12.8283195496,80.2305297852,81461,81471,10
12.82929039,80.2300567627,81471,81481,10
12.8302602768,80.229637146,81481,81491,10
12.8310003281,80.2293395996,81491,81511,20
12.8310003281,80.2293395996,81511,81521,10
12.8313398361,80.2291870117,81521,81531,10
12.8318796158,80.2290420532,81531,81542,11
12.8322000504,80.2289810181,81542,81552,10
12.832909584,80.2288589478,81552,81562,10
12.8339300156,80.2286911011,81562,81572,10
12.8351697922,80.2284927368,81572,81582,10
12.8364400864,80.2282867432,81582,81592,10
12.8374300003,80.2281265259,81592,81602,10
12.8388500214,80.2278213501,81602,81612,10
12.8393802643,80.2276763916,81612,81663,51
12.8393802643,80.2276763916,81663,81673,10
12.8398399353,80.2274932861,81673,81683,10
12.8404102325,80.2273712158,81683,81693,10
12.8412904739,80.2271194458,81693,81703,10
12.8425798416,80.2268218994,81703,81713,10
12.8436899185,80.2266769409,81713,81723,10
12.8448295593,80.2265396118,81723,81733,10
12.8454399109,80.2265014648,81733,81743,10
12.8456296921,80.2264785767,81743,81754,11
12.8463602066,80.2264709473,81754,81764,10
12.847240448,80.2264633179,81764,81774,10
12.8480100632,80.2264785767,81774,81784,10
12.8490400314,80.2264709473,81784,81794,10
12.8498601913,80.2264633179,81794,81804,10
12.8499603271,80.2264633179,81804,81814,10
12.850060463,80.2264709473,81814,81824,10
12.8506603241,80.2265090942,81824,81834,10
12.851650238,80.2265472412,81834,81844,10
12.8529195786,80.226600647,81844,81855,11
12.8543996811,80.2264709473,81855,81865,10
12.855799675,80.2263183594,81865,81875,10
12.8571796417,80.2261810303,81875,81885,10
12.8583498001,80.2261505127,81885,81895,10
12.8594799042,80.2262878418,81895,81905,10
12.8606796265,80.2264862061,81905,81915,10
12.8620996475,80.2264785767,81915,81925,10
12.8637504578,80.2264633179,81925,81935,10
12.8654899597,80.2265090942,81935,81945,10
12.8671798706,80.2264022827,81945,81956,11
12.869099617,80.2263717651,81956,81966,10
12.8705701828,80.2265319824,81966,81976,10
12.8718395233,80.2265930176,81976,81986,10
12.8728704453,80.2265777588,81986,81996,10
12.8731098175,80.2265777588,81996,82006,10
12.8736600876,80.2266082764,82006,82016,10
12.8745203018,80.2267074585,82016,82026,10
12.8756303787,80.2268295288,82026,82036,10
12.8765296936,80.2268371582,82036,82046,10
12.8766803741,80.2268371582,82046,82056,10
12.8770599365,80.2268066406,82056,82067,11
12.8779697418,80.2267303467,82067,82077,10
12.8791799545,80.2266616821,82077,82087,10
12.8805999756,80.2266387939,82087,82097,10
12.8821001053,80.2266387939,82097,82107,10
12.8836202621,80.2266082764,82107,82117,10
12.8848495483,80.226600647,82117,82127,10
12.8854799271,80.2266387939,82127,82137,10
12.8856801987,80.2266998291,82137,82147,10
12.8863096237,80.2268829346,82147,82157,10
12.8872900009,80.2271194458,82157,82167,10
12.8886003494,80.2272491455,82167,82178,11
12.8901901245,80.2272720337,82178,82188,10
12.891699791,80.2272720337,82188,82198,10
12.8927602768,80.2273406982,82198,82208,10
12.893989563,80.2274780273,82208,82218,10
12.89523983,80.2275466919,82218,82228,10
12.8965396881,80.2276000977,82228,82238,10
12.8978300095,80.2276535034,82238,82248,10
12.8991003036,80.2277374268,82248,82258,10
12.9001903534,80.2277984619,82258,82268,10
12.900970459,80.2278518677,82268,82279,11
12.9016399384,80.2279129028,82279,82289,10
12.9019603729,80.227897644,82289,82299,10
12.9024896622,80.2279129028,82299,82309,10
12.9025602341,80.2279129028,82309,82319,10
12.902680397,80.2279205322,82319,82329,10
12.9033203125,80.2279510498,82329,82339,10
12.9040002823,80.2279815674,82339,82349,10
12.9043998718,80.228012085,82349,82358,9
12.9051504135,80.2280502319,82358,82369,11
12.9062700272,80.2281417847,82369,82380,11
12.9072799683,80.2282562256,82380,82389,9
12.9082403183,80.2284088135,82389,82400,11
12.9096498489,80.2286376953,82400,82410,10
12.910949707,80.2288589478,82410,82420,10
12.9121904373,80.2290267944,82420,82430,10
12.9132995605,80.2291717529,82430,82440,10
12.913860321,80.2292098999,82440,82450,10
12.9139995575,80.2292480469,82450,82460,10
12.9146404266,80.2293319702,82460,82470,10
12.9156599045,80.2295074463,82470,82480,10
12.91685009,80.2296524048,82480,82491,11
12.9182500839,80.2298583984,82491,82501,10
12.9197702408,80.2300491333,82501,82511,10
12.9214801788,80.2302627563,82511,82521,10
12.9232597351,80.2305374146,82521,82531,10
12.9250001907,80.2307662964,82531,82541,10
12.9261798859,80.2308731079,82541,82551,10
12.9264602661,80.2308883667,82551,82561,10
12.9271497726,80.23097229,82561,82571,10
12.9280996323,80.2310791016,82571,82581,10
12.9292097092,80.2312774658,82581,82592,11
12.9306297302,80.231628418,82592,82602,10
12.9319295883,80.2320709229,82602,82612,10
12.9331598282,80.2325286865,82612,82622,10
12.9336795807,80.2327575684,82622,82632,10
12.9339199066,80.2328796387,82632,82642,10
12.934709549,80.2332077026,82642,82652,10
12.9355602264,80.2335891724,82652,82662,10
12.935839653,80.233757019,82662,82672,10
12.9364995956,80.2340621948,82672,82682,10
12.9375,80.2345199585,82682,82692,10
12.9386501312,80.2350769043,82692,82703,11
12.9396400452,80.2355499268,82703,82713,10
12.9398202896,80.2356185913,82713,82723,10
12.940489769,80.2358779907,82723,82733,10
12.9415798187,80.2361373901,82733,82743,10
12.9428100586,80.236541748,82743,82753,10
12.9438199997,80.2374267578,82753,82763,10
12.9447803497,80.2385177612,82763,82773,10
12.9458599091,80.2393722534,82773,82783,10
12.9469604492,80.2397994995,82783,82799,16
12.9474201202,80.239982605,82799,82812,13
12.9484100342,80.2404022217,82812,82822,10
12.9488601685,80.2406005859,82822,82832,10
12.9488801956,80.2406005859,82832,82842,10
12.9494304657,80.2408218384,82842,82852,10
12.950340271,80.2410583496,82852,82862,10
12.9510698318,80.241317749,82862,82872,10
12.9513101578,80.2413787842,82872,82882,10
12.9519796371,80.2416305542,82882,82891,9
12.9528903961,80.2419662476,82891,82902,11
12.9540195465,80.242401123,82902,82913,11
12.9550600052,80.2428283691,82913,82923,10
12.9559497833,80.2431793213,82923,82933,10
12.9563798904,80.2433166504,82933,82943,10
12.9565496445,80.2434005737,82943,82953,10
12.9572095871,80.2436904907,82953,82963,10
12.9581298828,80.244102478,82963,82973,10
12.9589996338,80.244468689,82973,82983,10
12.9592695236,80.2445831299,82983,82993,10
12.9596099854,80.2447509766,82993,83003,10
12.9603500366,80.2450714111,83003,83014,11
12.9614496231,80.2455825806,83014,83024,10
12.9625701904,80.2461395264,83024,83034,10
12.96352005,80.2466430664,83034,83044,10
12.9646196365,80.2470626831,83044,83054,10
12.9657897949,80.2474822998,83054,83064,10
12.9665603638,80.2477798462,83064,83074,10
12.9667596817,80.2478790283,83074,83084,10
12.9674901962,80.2482376099,83084,83094,10
12.968629837,80.2487106323,83094,83104,10
12.96971035,80.249168396,83104,83114,10
12.9710597992,80.2496566772,83114,83125,11
12.9727697372,80.2501373291,83125,83135,10
12.9742202759,80.2505187988,83135,83145,10
12.9755802155,80.2509078979,83145,83155,10
12.9770498276,80.2513275146,83155,83165,10
12.9781103134,80.2520217896,83165,83175,10
12.9785804749,80.2523269653,83175,83185,10
12.9787502289,80.2524185181,83185,83201,16
12.9794101715,80.2525634766,83201,83213,12
12.9796800613,80.2525787354,83213,83221,8
12.980219841,80.2526092529,83221,83234,13
12.9815998077,80.2525863647,83234,83243,9
12.9828901291,80.252532959,83243,83254,11
12.9843597412,80.2522735596,83254,83264,10
12.9855899811,80.2518920898,83264,83274,10
12.9863300323,80.2516937256,83274,83284,10
12.9868402481,80.2515487671,83284,83294,10
12.9873399734,80.251411438,83294,83345,51
12.9873399734,80.251411438,83345,83355,10
12.9875202179,80.2512893677,83355,83365,10
12.9879198074,80.2512207031,83365,83375,10
12.9886903763,80.2510375977,83375,83385,10
12.9893903732,80.250869751,83385,83395,10
12.9894304276,80.2509231567,83395,83405,10
12.9899196625,80.2508010864,83405,83413,8
12.9905996323,80.2506027222,83413,83425,12
12.9920301437,80.2502212524,83425,83435,10
12.9934902191,80.2498626709,83435,83446,11
12.9950799942,80.249458313,83446,83456,10
12.9965896606,80.2490768433,83456,83466,10
12.9980602264,80.2487106323,83466,83476,10
12.9995002747,80.2483596802,83476,83486,10
13.0008802414,80.248008728,83486,83495,9
13.0019598007,80.2477264404,83495,83506,11
13.0031404495,80.2474822998,83506,83516,10
13.0042600632,80.2473220825,83516,83526,10
13.0052995682,80.247177124,83526,83536,10
13.0061302185,80.246887207,83536,83547,11
13.0065002441,80.2463989258,83547,83557,10
13.0065803528,80.2460403442,83557,83567,10
13.0066099167,80.2452392578,83567,83577,10
13.0065803528,80.2442169189,83577,83586,9
13.0065498352,80.243309021,83586,83597,11
13.0065402985,80.2424316406,83597,83607,10
13.0065402985,80.2415313721,83607,83617,10
13.0065803528,80.2410583496,83617,83627,10
13.006649971,80.240737915,83627,83637,10
13.0068502426,80.2401428223,83637,83647,10
13.0070400238,80.2391967773,83647,83657,10
13.007229805,80.2384872437,83657,83668,11
13.0074300766,80.2373886108,83668,83678,10
13.0075998306,80.2363128662,83678,83688,10
13.0078201294,80.235168457,83688,83697,9
13.0080499649,80.2340927124,83697,83708,11
13.0082597733,80.2327804565,83708,83718,10
13.0084400177,80.231628418,83718,83728,10
13.008649826,80.2302017212,83728,83738,10
13.0089502335,80.2289199829,83738,83748,10
13.0093603134,80.2276229858,83748,83759,11
13.0099201202,80.2265014648,83759,83769,10
13.0103702545,80.2254486084,83769,83779,10
13.0108098984,80.2245407104,83779,83789,10
13.0111103058,80.2238235474,83789,83799,10
13.0113296509,80.2233276367,83799,83809,10
13.0114002228,80.2231826782,83809,83819,10
13.0116596222,80.2225570679,83819,83829,10
13.012140274,80.2216415405,83829,83839,10
13.0123901367,80.221496582,83839,83849,10
13.0127601624,80.2220687866,83849,83859,10
13.0134000778,80.2227630615,83859,83870,11
13.0139198303,80.2232971191,83870,83880,10
13.0141296387,80.2234725952,83880,83890,10
13.0143299103,80.2235336304,83890,83900,10
13.0147199631,80.2235794067,83900,83910,10
13.0151100159,80.2244491577,83910,83920,10
13.0154800415,80.2248535156,83920,83930,10
13.0157203674,80.2250595093,83930,83940,10
13.0163602829,80.2251586914,83940,83950,10
13.0172996521,80.2249526978,83950,83960,10
13.0184402466,80.2245330811,83960,83971,11
13.0196399689,80.2244796753,83971,83981,10
13.0207004547,80.2251968384,83981,83991,10
13.0216398239,80.2259216309,83991,84001,10
13.0223398209,80.2264328003,84001,84011,10
13.0224399567,80.2265396118,84011,84021,10
13.0226802826,80.2267684937,84021,84031,10
13.0231895447,80.2272491455,84031,84041,10
13.0238704681,80.2278900146,84041,84051,10
13.0245704651,80.2287826538,84051,84061,10
13.0252103806,80.2296829224,84061,84071,10
13.0258197784,80.2307510376,84071,84082,11
13.026049614,80.2313995361,84082,84092,10
13.0261802673,80.231918335,84092,84102,10
13.0264501572,80.2326812744,84102,84112,10
13.0269899368,80.2336425781,84112,84122,10
13.0276403427,80.2348022461,84122,84132,10
13.0284099579,80.2359008789,84132,84142,10
13.0292797089,80.236831665,84142,84152,10
13.029540062,80.2371292114,84152,84162,10
13.0297203064,80.2373504639,84162,84172,10
13.030090332,80.2379684448,84172,84183,11
13.0305995941,80.238861084,84183,84193,10
13.0310096741,80.2395935059,84193,84203,10
13.0312099457,80.2395706177,84203,84213,10
13.0316495895,80.2392807007,84213,84223,10
13.0322799683,80.2389678955,84223,84233,10
13.0324296951,80.2392578125,84233,84243,10
13.032699585,80.2398910522,84243,84253,10
13.0331802368,80.2406311035,84253,84263,10
13.0337095261,80.2411727905,84263,84273,10
13.0343399048,80.2417297363,84273,84283,10
13.0347299576,80.2419433594,84283,84294,11
13.0350103378,80.2422027588,84294,84304,10
13.0350198746,80.2422103882,84304,84314,10
13.0355796814,80.2425918579,84314,84324,10
13.036450386,80.2428207397,84324,84334,10
13.0371799469,80.2429122925,84334,84344,10
13.0374803543,80.2429733276,84344,84354,10
13.0378198624,80.2430801392,84354,84363,9
13.0383701324,80.2432403564,84363,84374,11
13.0392398834,80.243637085,84374,84383,9
13.0398101807,80.2438583374,84383,84395,12
13.0405702591,80.2439117432,84395,84405,10
13.0413999557,80.2440795898,84405,84415,10
13.0424804688,80.2443466187,84415,84425,10
13.0433301926,80.244468689,84425,84435,10
13.0438804626,80.2445831299,84435,84445,10
13.0447101593,80.2447433472,84445,84455,10
13.0458402634,80.2450637817,84455,84465,10
13.0464496613,80.2451171875,84465,84475,10
13.046790123,80.2451705933,84475,84485,10
13.0473203659,80.2452774048,84485,84495,10
13.047750473,80.2453613281,84495,84506,11
13.0482196808,80.2457809448,84506,84516,10
13.048500061,80.246131897,84516,84532,16
13.0491600037,80.2469177246,84532,84544,12
13.0496702194,80.2477035522,84544,84554,10
13.0501098633,80.2482376099,84554,84564,10
13.050860405,80.2490234375,84564,84574,10
13.0515804291,80.2498779297,84574,84584,10
13.0521097183,80.2506637573,84584,84594,10
13.0526895523,80.2514419556,84594,84604,10
13.0535202026,80.2525482178,84604,84615,11
13.0544395447,80.2538070679,84615,84625,10
13.0552597046,80.2548675537,84625,84635,10
13.0559501648,80.2558364868,84635,84645,10
13.0565795898,80.2565612793,84645,84655,10
13.0569400787,80.2568511963,84655,84665,10
13.0572004318,80.2570495605,84665,84675,10
13.0577497482,80.2575912476,84675,84685,10
13.0584201813,80.2583389282,84685,84695,10
13.0591201782,80.2591400146,84695,84705,10
13.0596599579,80.2600021362,84705,84716,11
13.060379982,80.2607421875,84716,84726,10
13.0607795715,80.2612228394,84726,84736,10
13.060959816,80.2614364624,84736,84746,10
13.0613803864,80.2620010376,84746,84756,10
13.0619497299,80.2626876831,84756,84766,10
13.0626001358,80.2635269165,84766,84776,10
13.0632801056,80.2643890381,84776,84786,10
13.0638599396,80.2652816772,84786,84796,10
13.0644197464,80.2660598755,84796,84806,10
13.0649995804,80.2667694092,84806,84816,10
13.0656003952,80.2672576904,84816,84827,11
13.0661296844,80.2679519653,84827,84837,10
13.0665597916,80.2683563232,84837,84847,10
13.0669498444,80.2686233521,84847,84857,10
13.0675096512,80.2689971924,84857,84867,10
13.0681295395,80.2693634033,84867,84877,10
13.0681600571,80.2698364258,84877,84886,9
13.068110466,80.2705001831,84886,84896,10
13.0681600571,80.2713470459,84896,84907,11
13.0687799454,80.2718734741,84907,84917,10
13.0693798065,80.272277832,84917,84928,11
13.0699396133,80.2729187012,84928,84937,9
13.0703802109,80.2734603882,84937,84948,11
13.0709104538,80.2740097046,84948,84958,10
13.0710897446,80.2740936279,84958,84968,10
13.0714902878,80.2742385864,84968,84978,10
13.0721101761,80.2747116089,84978,84988,10
13.0727796555,80.2754516602,84988,84998,10
13.0734796524,80.2761917114,84998,85008,10
13.0742301941,80.2763519287,85008,85018,10
13.0751600266,80.276260376,85018,85029,11
13.0753898621,80.276260376,85029,85039,10
13.0759601593,80.2762832642,85039,85049,10
13.0761499405,80.2762374878,85049,85059,10
13.0763196945,80.276260376,85059,85069,10
13.076789856,80.2762069702,85069,85079,10
13.0774002075,80.2761611938,85079,85089,10
13.0780200958,80.2760696411,85089,85099,10
13.0782899857,80.2754211426,85099,85109,10
13.0789003372,80.275100708,85109,85119,10
13.0795602798,80.2752532959,85119,85129,10
13.0803203583,80.2752304077,85129,85140,11
13.0810403824,80.2751617432,85140,85150,10
13.0813999176,80.2750778198,85150,85160,10
13.0815296173,80.2751235962,85160,85170,10
13.0817499161,80.2751922607,85170,85180,10
13.0819196701,80.2754592896,85180,85282,102
13.0819196701,80.2754592896,85282,85292,10
13.0819196701,80.275680542,85292,85302,10
13.0818395615,80.2759780884,85302,85312,10
13.0818004608,80.2763137817,85312,85322,10
13.0818901062,80.2769927979,85322,85332,10
13.0819597244,80.2777633667,85332,85342,10
13.082110405,80.2782669067,85342,85353,11
13.0820398331,80.2783966064,85353,85363,10
13.0818901062,80.2779769897,85363,85373,10
13.0817899704,80.2771224976,85373,85383,10
13.0816602707,80.2761993408,85383,85393,10
13.0815601349,80.2755279541,85393,85403,10
13.0813598633,80.275177002,85403,85413,10
13.0808095932,80.2752227783,85413,85423,10
13.0800800323,80.2752990723,85423,85433,10
13.0793104172,80.2752609253,85433,85443,10
13.0784196854,80.2752914429,85443,85454,11
13.07791996,80.2761764526,85454,85464,10
13.0769195557,80.2762527466,85464,85474,10
13.0759897232,80.2762908936,85474,85484,10
13.0758304596,80.2761535645,85484,85494,10
13.0758600235,80.2757110596,85494,85655,161
13.0758600235,80.2757110596,85655,85666,11
13.0759401321,80.2753372192,85666,85837,171
