13.0759096146,80.2755279541,15,15,0
13.075920105,80.2755584717,15,25,10
13.0759801865,80.2756271362,25,35,10
13.0759000778,80.2757797241,35,126,91
13.0758800507,80.2757720947,126,20185,20059
13.0758800507,80.2757720947,20185,20197,12
13.0760202408,80.2759017944,20197,20217,20
13.0760202408,80.2759017944,20217,20227,10
13.075920105,80.2760772705,20227,20277,50
13.075920105,80.2760772705,20277,20287,10
13.076210022,80.2762832642,20287,20297,10
13.0764198303,80.2762832642,20297,20308,11
13.0768499374,80.276260376,20308,20318,10
13.0771102905,80.2761917114,20318,20368,50
13.0771102905,80.2761917114,20368,20378,10
13.0773000717,80.2761917114,20378,20388,10
13.0776996613,80.2761688232,20388,20398,10
13.0781402588,80.2759475708,20398,20408,10
13.0783004761,80.2754516602,20408,20419,11
13.078669548,80.2751235962,20419,20429,10
13.0792198181,80.2751693726,20429,20439,10
13.0798397064,80.2752838135,20439,20449,10
13.0805902481,80.2752075195,20449,20459,10
13.0811901093,80.2751464844,20459,20469,10
13.0813703537,80.2751235962,20469,20479,10
13.0816402435,80.275138855,20479,20489,10
13.0819997787,80.2754211426,20489,20509,20
13.0819997787,80.2754211426,20509,20519,10
13.0820102692,80.2754974365,20519,20530,11
13.0820398331,80.2758636475,20530,20540,10
13.0819196701,80.2760314941,20540,20550,10
13.0818996429,80.2763137817,20550,20560,10
13.0819797516,80.2769088745,20560,20570,10
13.0820503235,80.2775878906,20570,20580,10
13.0821504593,80.2782287598,20580,20590,10
13.0821695328,80.2783584595,20590,20600,10
13.0821695328,80.2785491943,20600,20610,10
13.0822000504,80.2791824341,20610,20620,10
13.0822896957,80.280090332,20620,20629,9
13.0823602676,80.2809677124,20629,20641,12
13.0825099945,80.2818222046,20641,20650,9
13.0831203461,80.2822113037,20650,20661,11
13.0840101242,80.2827682495,20661,20671,10
13.0847597122,80.2833633423,20671,20681,10
13.0852603912,80.2838668823,20681,20691,10
13.0855503082,80.2835922241,20691,20701,10
13.0858802795,80.2835693359,20701,20711,10
13.0862798691,80.2835922241,20711,20721,10
13.0865001678,80.283706665,20721,20731,10
13.0867099762,80.2838973999,20731,20740,9
13.0869998932,80.2839431763,20740,20752,12
13.0873203278,80.2839508057,20752,20762,10
13.0875797272,80.2839431763,20762,20893,131
13.0879297256,80.2839279175,20893,20913,20
13.0879297256,80.2839279175,20913,20923,10
13.0883102417,80.2840423584,20923,20943,20
13.0883102417,80.2840423584,20943,20953,10
13.0883903503,80.2841796875,20953,20963,10
13.0884103775,80.2844390869,20963,20974,11
13.0884304047,80.2848968506,20974,20984,10
13.0884599686,80.2852096558,20984,20994,10
13.0885400772,80.2857131958,20994,21004,10
13.0885295868,80.2861022949,21004,21014,10
13.0885400772,80.2864608765,21014,21024,10
13.088549614,80.286857605,21024,21034,10
13.0885896683,80.2874221802,21034,21044,10
13.0886201859,80.2876586914,21044,21054,10
13.0886697769,80.288230896,21054,21064,10
13.0887002945,80.2885971069,21064,21074,10
13.0887298584,80.2889480591,21074,21085,11
13.088809967,80.2896881104,21085,21095,10
13.0888395309,80.2902603149,21095,21135,40
13.0888395309,80.2902603149,21135,21145,10
13.0887804031,80.2904510498,21145,21155,10
13.0883798599,80.2903213501,21155,21165,10
13.087770462,80.2900238037,21165,21175,10
13.0871601105,80.2897415161,21175,21184,9
13.0864696503,80.2895126343,21184,21196,12
13.0852804184,80.2892227173,21196,21206,10
13.0842695236,80.2892074585,21206,21216,10
13.083439827,80.2892379761,21216,21226,10
13.0826101303,80.2890625,21226,21236,10
13.0816602707,80.2886734009,21236,21246,10
13.0806503296,80.2883529663,21246,21256,10
13.0796899796,80.2881393433,21256,21266,10
13.0787801743,80.2878265381,21266,21276,10
13.0778303146,80.2875366211,21276,21286,10
13.0768203735,80.2872772217,21286,21296,10
13.0757799149,80.2870025635,21296,21307,11
13.0750904083,80.2866592407,21307,21317,10
13.0743999481,80.2862319946,21317,21327,10
13.0734901428,80.2860107422,21327,21337,10
13.0726299286,80.2855606079,21337,21347,10
13.0715799332,80.2852096558,21347,21357,10
13.0704898834,80.284942627,21357,21367,10
13.0693702698,80.2846679688,21367,21377,10
13.0683803558,80.2844390869,21377,21387,10
13.0673999786,80.2842788696,21387,21397,10
13.0663404465,80.2840423584,21397,21409,12
13.0650596619,80.2837371826,21409,21420,11
13.0641803741,80.2835235596,21420,21430,10
13.0635004044,80.2833709717,21430,21440,10
13.0627098083,80.2831726074,21440,21450,10
13.0619297028,80.2829818726,21450,21460,10
13.0609798431,80.2827835083,21460,21470,10
13.0599603653,80.2825622559,21470,21480,10
13.0589599609,80.2823486328,21480,21490,10
13.0579996109,80.2821731567,21490,21500,10
13.0571603775,80.2819900513,21500,21510,10
13.0567502975,80.2819213867,21510,21520,10
13.0565395355,80.281867981,21520,21531,11
13.0558996201,80.2817306519,21531,21541,10
13.0551204681,80.2815704346,21541,21551,10
13.0542402267,80.2813873291,21551,21561,10
13.0532598495,80.2812194824,21561,21571,10
13.052280426,80.2810592651,21571,21581,10
13.0512199402,80.2809066772,21581,21591,10
13.0502500534,80.2807617188,21591,21601,10
13.049200058,80.2806091309,21601,21611,10
13.0480003357,80.2804336548,21611,21621,10
13.0467596054,80.2802581787,21621,21631,10
13.0456104279,80.2800979614,21631,21642,11
13.0443096161,80.2799301147,21642,21652,10
13.043419838,80.279800415,21652,21662,10
13.0427503586,80.2796401978,21662,21672,10
13.0418796539,80.2794799805,21672,21682,10
13.0409402847,80.2793197632,21682,21692,10
13.0400896072,80.2791213989,21692,21702,10
13.0390701294,80.2788619995,21702,21722,20
13.0390701294,80.2788619995,21722,21732,10
13.0389003754,80.2788085938,21732,21742,10
13.0383996964,80.2786331177,21742,21753,11
13.0375900269,80.2783889771,21753,21763,10
13.0368795395,80.2781677246,21763,21773,10
13.0360803604,80.2779006958,21773,21783,10
13.0351295471,80.2777023315,21783,21793,10
13.0341796875,80.2774963379,21793,21803,10
13.0333900452,80.2773971558,21803,21813,10
13.03262043,80.2775115967,21813,21823,10
13.0316801071,80.2776184082,21823,21833,10
13.0310001373,80.2773590088,21833,21843,10
13.0308799744,80.2772827148,21843,21853,10
13.0305099487,80.2770385742,21853,21864,11
13.0297803879,80.2767410278,21864,21874,10
13.0290899277,80.2765579224,21874,21884,10
13.0284500122,80.2763214111,21884,21894,10
13.0277299881,80.2760009766,21894,21904,10
13.0270395279,80.275718689,21904,21914,10
13.0263795853,80.2754135132,21914,21924,10
13.02602005,80.2752609253,21924,21934,10
13.0258302689,80.2751693726,21934,21943,9
13.0253295898,80.2749481201,21943,21954,11
13.0244998932,80.2744979858,21954,21964,10
13.0239601135,80.2738494873,21964,21975,11
13.0233697891,80.2730484009,21975,21985,10
13.0227804184,80.2722625732,21985,21995,10
13.0221595764,80.2714614868,21995,22005,10
13.0216302872,80.2707672119,22005,22015,10
13.0211200714,80.2701568604,22015,22025,10
13.0208997726,80.2698974609,22025,22035,10
13.0207595825,80.2697601318,22035,22045,10
13.020409584,80.2693099976,22045,22055,10
13.019949913,80.2687072754,22055,22064,9
13.0194702148,80.268119812,22064,22075,11
13.0188598633,80.2673492432,22075,22086,11
13.0186300278,80.2663803101,22086,22096,10
13.0186901093,80.2656784058,22096,22106,10
13.0188999176,80.2649078369,22106,22116,10
13.0190496445,80.2639770508,22116,22126,10
13.018989563,80.263458252,22126,22136,10
13.0189304352,80.2630004883,22136,22146,10
13.0188398361,80.262260437,22146,22155,9
13.0187397003,80.2615585327,22155,22166,11
13.0183401108,80.2610702515,22166,22176,10
13.0176496506,80.2606201172,22176,22186,10
13.0169897079,80.2601699829,22186,22197,11
13.0163097382,80.2597885132,22197,22207,10
13.0160999298,80.2596969604,22207,22217,10
13.0159101486,80.2596130371,22217,22227,10
13.0153398514,80.2594223022,22227,22237,10
13.0145597458,80.2593231201,22237,22247,10
13.0136299133,80.2592773438,22247,22257,10
13.0125398636,80.2592315674,22257,22267,10
13.0114898682,80.2592010498,22267,22277,10
13.0105199814,80.2591781616,22277,22287,10
13.0095396042,80.2591629028,22287,22296,9
13.0086603165,80.259147644,22296,22308,12
13.0075397491,80.2587814331,22308,22318,10
13.006819725,80.2580108643,22318,22328,10
13.0065402985,80.2570114136,22328,22338,10
13.0065202713,80.2559280396,22338,22348,10
13.0065097809,80.2548675537,22348,22358,10
13.006480217,80.2539825439,22358,22368,10
13.0065097809,80.2533035278,22368,22378,10
13.006529808,80.2524795532,22378,22388,10
13.006649971,80.2518768311,22388,22439,51
13.006649971,80.2518768311,22439,22449,10
13.0067300797,80.251449585,22449,22459,10
13.0067596436,80.2507019043,22459,22469,10
13.0067596436,80.2497177124,22469,22479,10
13.0067195892,80.2486419678,22479,22489,10
13.0066404343,80.2474594116,22489,22560,71
13.0066404343,80.2474594116,22560,22570,10
13.0066604614,80.2472686768,22570,22580,10
13.0066604614,80.2467727661,22580,22590,10
13.0066604614,80.2461776733,22590,22600,10
13.0066404343,80.2452774048,22600,22610,10
13.0066404343,80.2442398071,22610,22620,10
13.0066299438,80.2432327271,22620,22630,10
13.0066003799,80.242149353,22630,22641,11
13.0066604614,80.2408981323,22641,22651,10
13.0067796707,80.2401428223,22651,22661,10
13.0069198608,80.2394104004,22661,22671,10
13.007109642,80.2384567261,22671,22681,10
13.0073204041,80.2374725342,22681,22691,10
13.0074100494,80.2368164063,22691,22701,10
13.0074300766,80.2367324829,22701,22711,10
13.0075597763,80.2362823486,22711,22721,10
13.0076999664,80.2355804443,22721,22731,10
13.0078802109,80.2346801758,22731,22741,10
13.0080900192,80.2336425781,22741,22752,11
13.0083599091,80.2322463989,22752,22762,10
13.0086202621,80.2309036255,22762,22771,9
13.0088701248,80.2296905518,22771,22782,11
13.009180069,80.2282333374,22782,22792,10
13.0096797943,80.2270584106,22792,22802,10
13.0102100372,80.2258911133,22802,22812,10
13.0107002258,80.224822998,22812,22822,10
13.0111198425,80.2238311768,22822,22832,10
13.0112495422,80.2231674194,22832,22842,10
13.0105400085,80.2228317261,22842,22852,10
13.0096797943,80.222366333,22852,22863,11
13.0087003708,80.2218322754,22863,22873,10
13.0080404282,80.2214813232,22873,22883,10
13.0072002411,80.2210388184,22883,22893,10
13.0061197281,80.2205963135,22893,22903,10
13.0049104691,80.2203216553,22903,22913,10
13.0038604736,80.2200698853,22913,22923,10
13.0028495789,80.2197570801,22923,22933,10
13.0020399094,80.2190704346,22933,22943,10
13.0012598038,80.2183609009,22943,22953,10
13.0003700256,80.2177886963,22953,22963,10
12.9993200302,80.2171478271,22963,22974,11
12.9981203079,80.2166137695,22974,22984,10
12.9974603653,80.2165374756,22984,22994,10
12.9974498749,80.2165374756,22994,23004,10
12.9970998764,80.2165527344,23004,23014,10
12.9964103699,80.2165985107,23014,23024,10
12.9955301285,80.2168197632,23024,23034,10
12.9947795868,80.2172927856,23034,23044,10
12.9941596985,80.2177505493,23044,23054,10
12.9935598373,80.2181472778,23054,23064,10
12.9928302765,80.2186584473,23064,23073,9
12.9921503067,80.2192001343,23073,23085,12
12.991230011,80.2198791504,23085,23095,10
12.9908704758,80.220161438,23095,23105,10
12.9906997681,80.2202835083,23105,23115,10
12.990240097,80.2206420898,23115,23125,10
12.989689827,80.2212600708,23125,23135,10
12.9891500473,80.2219161987,23135,23145,10
12.988409996,80.2226486206,23145,23155,10
12.987739563,80.2230911255,23155,23165,10
12.9876003265,80.2230987549,23165,23175,10
12.9873695374,80.2230834961,23175,23184,9
12.987159729,80.2230529785,23184,23196,12
12.9864797592,80.2229690552,23196,23206,10
12.9858198166,80.2230377197,23206,23216,10
12.9853696823,80.2232971191,23216,23226,10
12.9847602844,80.2230834961,23226,23236,10
12.984120369,80.2226867676,23236,23246,10
12.9834899902,80.2223205566,23246,23256,10
12.9828796387,80.2219390869,23256,23266,10
12.9821300507,80.2217330933,23266,23276,10
12.9815702438,80.2213287354,23276,23286,10
12.9807901382,80.2210464478,23286,23296,10
12.979929924,80.2210922241,23296,23307,11
12.9790697098,80.2211608887,23307,23317,10
12.9782800674,80.2211837769,23317,23327,10
12.9778995514,80.2211914063,23327,23337,10
12.9778003693,80.221206665,23337,23346,9
12.9774904251,80.2212295532,23346,23357,11
12.9768600464,80.2212600708,23357,23367,10
12.9763803482,80.2212600708,23367,23387,20
12.9763803482,80.2212600708,23387,23397,10
12.9762201309,80.2212371826,23397,23406,9
12.9761400223,80.2214813232,23406,23418,12
12.9769096375,80.2226715088,23418,24647,1229
12.9769096375,80.2226715088,24647,24677,30
12.9775400162,80.2223587036,24677,24686,9
12.9775400162,80.2221374512,24686,24698,12
12.977519989,80.221786499,24698,24708,10
12.9774999619,80.2213973999,24708,24718,10
12.9776601791,80.2212219238,24718,24728,10
12.9781904221,80.2211990356,24728,24738,10
12.9789400101,80.2211303711,24738,24748,10
12.9795503616,80.2210998535,24748,24758,10
12.9801597595,80.2210464478,24758,24768,10
12.9807100296,80.220993042,24768,24778,10
12.9812803268,80.2211303711,24778,24788,10
12.9817895889,80.2214508057,24788,24797,9
12.9821996689,80.2217330933,24797,24809,12
12.9827804565,80.2218933105,24809,24819,10
12.9830198288,80.2220230103,24819,24829,10
12.9833898544,80.2222976685,24829,24839,10
12.9836702347,80.2224578857,24839,24849,10
12.9840803146,80.2226791382,24849,24859,10
12.9846096039,80.2229995728,24859,24869,10
12.9851799011,80.2232818604,24869,24879,10
12.9856004715,80.2231063843,24879,24889,10
12.986240387,80.2229690552,24889,24899,10
12.9864702225,80.2229614258,24899,24909,10
12.986579895,80.2229766846,24909,24920,11
12.9868602753,80.2230072021,24920,24930,10
12.9873104095,80.2230834961,24930,24940,10
12.9878997803,80.2229995728,24940,24950,10
12.9885101318,80.2225265503,24950,24960,10
12.9890298843,80.2219619751,24960,24970,10
12.9894800186,80.2213668823,24970,24980,10
12.9899997711,80.220741272,24980,24990,10
12.9905796051,80.2202682495,24990,25000,10
12.9912004471,80.2198028564,25000,25010,10
12.9917697906,80.2193832397,25010,25020,10
12.9924602509,80.2189178467,25020,25031,11
12.9933900833,80.2182235718,25031,25041,10
12.9941797256,80.2176589966,25041,25051,10
12.9948501587,80.2171707153,25051,25061,10
12.9954395294,80.216796875,25061,25071,10
12.9961700439,80.216583252,25071,25081,10
12.9968900681,80.2164916992,25081,25091,10
12.9974899292,80.216468811,25091,25101,10
12.9975404739,80.216468811,25101,25111,10
12.9976797104,80.2164993286,25111,25121,10
12.9981098175,80.216583252,25121,25130,9
12.9987297058,80.216796875,25130,25142,12
12.9996404648,80.2172927856,25142,25152,10
13.0002698898,80.2176818848,25152,25162,10
13.0010099411,80.2181625366,25162,25172,10
13.0018196106,80.2188034058,25172,25182,10
13.0024700165,80.2194671631,25182,25192,10
13.0031099319,80.2198562622,25192,25202,10
13.0039300919,80.2200698853,25202,25212,10
13.0047302246,80.2202377319,25212,25222,10
13.0057497025,80.2204589844,25222,25232,10
13.006819725,80.2207183838,25232,25241,9
13.0078001022,80.2212371826,25241,25253,12
13.0092201233,80.2220230103,25253,25263,10
13.0102396011,80.2225570679,25263,25273,10
13.0112695694,80.2230529785,25273,25293,20
13.0112695694,80.2230529785,25293,25303,10
13.0115203857,80.2232284546,25303,25313,10
13.0118103027,80.2234420776,25313,25323,10
13.0123796463,80.2237625122,25323,25333,10
13.0131101608,80.2241287231,25333,25343,10
13.0140199661,80.2245788574,25343,25352,9
13.0146503448,80.2249526978,25352,25363,11
13.0152902603,80.2253112793,25363,25374,11
13.0153503418,80.2256774902,25374,25384,10
13.0148296356,80.2259674072,25384,25394,10
13.0140800476,80.2263412476,25394,25404,10
13.0131196976,80.2267303467,25404,25414,10
13.0119895935,80.227180481,25414,25424,10
13.0107898712,80.2276687622,25424,25434,10
13.0097198486,80.2281112671,25434,25445,11
13.0090999603,80.2289428711,25445,25455,10
13.0089101791,80.2298965454,25455,25465,10
13.0087099075,80.2308883667,25465,25476,11
13.0084600449,80.2321395874,25476,25486,10
13.008310318,80.2330322266,25486,25496,10
13.0082798004,80.2334136963,25496,25506,10
13.0082798004,80.2334823608,25506,25516,10
13.0081596375,80.2338409424,25516,25524,8
13.0080699921,80.2342834473,25524,25535,11
13.007900238,80.2351074219,25535,25545,10
13.0076999664,80.2360992432,25545,25555,10
13.0074796677,80.237159729,25555,25564,9
13.0072498322,80.2382278442,25564,25577,13
13.0069704056,80.2397079468,25577,25588,11
13.006770134,80.240737915,25588,25598,10
13.0066604614,80.2417068481,25598,25608,10
13.0066699982,80.2426376343,25608,25618,10
13.0066900253,80.2434692383,25618,25628,10
13.0066995621,80.2444992065,25628,25638,10
13.0066995621,80.24559021,25638,25648,10
13.0067100525,80.2465591431,25648,25658,10
13.0067501068,80.247253418,25658,25668,10
13.0067396164,80.2477874756,25668,25678,10
13.0067501068,80.2479629517,25678,25687,9
13.0067596436,80.2484130859,25687,25699,12
13.0068101883,80.249458313,25699,25709,10
13.0068397522,80.250617981,25709,25719,10
13.0068397522,80.2514266968,25719,25739,20
13.0068397522,80.2514266968,25739,25749,10
13.0067901611,80.2516326904,25749,25759,10
13.0066604614,80.2521972656,25759,25769,10
13.0065698624,80.2530212402,25769,25779,10
13.0065603256,80.2539901733,25779,25789,10
13.0066204071,80.2549819946,25789,25799,10
13.0066404343,80.2560806274,25799,25810,11
13.0066795349,80.2570800781,25810,25820,10
13.0068902969,80.2577819824,25820,25830,10
13.0073204041,80.2583618164,25830,25840,10
13.008099556,80.2587814331,25840,25850,10
13.0085601807,80.2589416504,25850,25860,10
13.0087203979,80.2590179443,25860,25870,10
13.0092897415,80.2590637207,25870,25880,10
13.0102100372,80.2590637207,25880,25890,10
13.0113401413,80.2590637207,25890,25900,10
13.0125799179,80.2590866089,25900,25910,10
13.0139398575,80.2591400146,25910,25921,11
13.0154399872,80.2592163086,25921,25931,10
13.0163698196,80.2595901489,25931,25941,10
13.0165100098,80.2597122192,25941,25951,10
13.0165195465,80.259727478,25951,25961,10
13.0168504715,80.259979248,25961,25971,10
13.0174999237,80.2604293823,25971,25981,10
13.0183000565,80.2609710693,25981,25991,10
13.0189399719,80.2614898682,25991,26001,10
13.0193996429,80.2618789673,26001,26011,10
13.0198802948,80.2623519897,26011,26021,10
13.0203199387,80.2629165649,26021,26032,11
13.0196695328,80.2629623413,26032,26042,10
13.0191202164,80.2629623413,26042,26052,10
13.019080162,80.2634124756,26052,26062,10
13.0191602707,80.2640228271,26062,26072,10
13.0191602707,80.2641983032,26072,26082,10
13.0190296173,80.2647628784,26082,26092,10
13.0188503265,80.2654190063,26092,26102,10
13.0187101364,80.2660903931,26102,26112,10
13.0188102722,80.2670135498,26112,26122,10
13.0193796158,80.2679214478,26122,26132,10
13.0201301575,80.2688217163,26132,26143,11
13.0208797455,80.2697372437,26143,26153,10
13.0214500427,80.270401001,26153,26163,10
13.0215196609,80.2704925537,26163,26173,10
13.021780014,80.2708435059,26173,26182,9
13.0221796036,80.2713470459,26182,26192,10
13.0227603912,80.272102356,26192,26203,11
13.023440361,80.2730178833,26203,26213,10
13.0239200592,80.2736587524,26213,26243,30
13.0239200592,80.2736587524,26243,26254,11
13.0241603851,80.274017334,26254,26264,10
13.024600029,80.2745437622,26264,26274,10
13.0253095627,80.274848938,26274,26284,10
13.0254201889,80.274887085,26284,26294,10
13.0257196426,80.2750396729,26294,26304,10
13.0263299942,80.2753219604,26304,26314,10
13.0270595551,80.2756500244,26314,26324,10
13.0278997421,80.2760162354,26324,26334,10
13.028670311,80.2763595581,26334,26344,10
13.029419899,80.2766113281,26344,26354,10
13.029999733,80.276802063,26354,26365,11
13.03083992,80.2771987915,26365,26375,10
13.0315303802,80.2775421143,26375,26385,10
13.0322704315,80.2774963379,26385,26395,10
13.0326700211,80.2774810791,26395,26406,11
13.0329504013,80.2774505615,26406,26416,10
13.0334796906,80.2773513794,26416,26425,9
13.0340003967,80.2774124146,26425,26436,11
13.0346498489,80.2776031494,26436,26445,9
13.035200119,80.2776870728,26445,26455,10
13.035900116,80.2778167725,26455,26466,11
13.036740303,80.2780532837,26466,26475,9
13.0372600555,80.2782592773,26475,26487,12
13.0382204056,80.2785110474,26487,26496,9
13.0389003754,80.278678894,26496,26507,11
13.0390996933,80.2787628174,26507,26517,10
13.0395498276,80.2789077759,26517,26527,10
13.0403299332,80.2791290283,26527,26537,10
13.0413198471,80.2793502808,26537,26546,9
13.0423898697,80.2795028687,26546,26556,10
13.0431900024,80.2795410156,26556,26588,32
13.0431900024,80.2795410156,26588,26598,10
13.0434799194,80.2796401978,26598,26608,10
13.0440998077,80.279838562,26608,26618,10
13.0450201035,80.2799987793,26618,26628,10
13.0461101532,80.2801513672,26628,26638,10
13.047369957,80.2803192139,26638,26648,10
13.0486698151,80.2805099487,26648,26658,10
13.0499200821,80.2806930542,26658,26668,10
13.0509595871,80.2808532715,26668,26675,7
13.0517301559,80.2809677124,26675,26686,11
13.0530700684,80.2811737061,26686,26699,13
13.0548095703,80.281463623,26699,26709,10
13.056019783,80.2817001343,26709,26719,10
13.0565004349,80.2817993164,26719,26729,10
13.0567502975,80.2818527222,26729,26739,10
13.0572795868,80.2819519043,26739,26749,10
13.0577497482,80.2820510864,26749,26759,10
13.0585298538,80.2822189331,26759,26769,10
13.059510231,80.2824325562,26769,26779,10
13.060669899,80.282661438,26779,26789,10
13.0619497299,80.2829284668,26789,26799,10
13.0630702972,80.2831726074,26799,26810,11
13.0639696121,80.2833709717,26810,26840,30
13.0639696121,80.2833709717,26840,26850,10
13.0642795563,80.2834396362,26850,26860,10
13.0649595261,80.2835998535,26860,26870,10
13.0659399033,80.2838134766,26870,26880,10
13.067150116,80.284072876,26880,26890,10
13.0679702759,80.2842178345,26890,26899,9
13.0687198639,80.2844009399,26899,26911,12
13.0700302124,80.2847290039,26911,26922,11
13.071439743,80.2850875854,26922,26932,10
13.0727596283,80.2853622437,26932,26941,9
13.0736999512,80.2853927612,26941,26952,11
13.0740995407,80.2858200073,26952,26962,10
13.0745000839,80.2861709595,26962,26972,10
13.075220108,80.2866210938,26972,26982,10
13.0761404037,80.2870483398,26982,26992,10
13.0773200989,80.2873535156,26992,27002,10
13.0785999298,80.2876815796,27002,27012,10
13.0797100067,80.2880783081,27012,27022,10
13.080739975,80.2882614136,27022,27033,11
13.0809297562,80.2883224487,27033,27043,10
13.0813598633,80.2884674072,27043,27053,10
13.0821304321,80.2887496948,27053,27063,10
13.0830602646,80.2891616821,27063,27073,10
13.0840702057,80.2891693115,27073,27083,10
13.0851097107,80.2891464233,27083,27093,10
13.0861997604,80.2893676758,27093,27103,10
13.0873098373,80.2897033691,27103,27113,10
13.0888299942,80.2901763916,27113,27154,41
13.0888299942,80.2901763916,27154,27164,10
13.0888204575,80.2903518677,27164,27174,10
13.08852005,80.2903518677,27174,27184,10
13.0879602432,80.2901000977,27184,27194,10
13.0871400833,80.2898101807,27194,27204,10
13.086139679,80.2895507813,27204,27214,10
13.0857400894,80.2894210815,27214,27224,10
13.0855197906,80.2890396118,27224,27234,10
13.0851802826,80.2883377075,27234,27244,10
13.0851202011,80.2873382568,27244,27255,11
13.0852298737,80.2860183716,27255,27265,10
13.0853300095,80.2847671509,27265,27275,10
13.085269928,80.2840499878,27275,27285,10
13.085439682,80.2836608887,27285,27295,10
13.085559845,80.283531189,27295,27305,10
13.0858697891,80.283531189,27305,27315,10
13.0862598419,80.2835617065,27315,27325,10
13.086640358,80.283821106,27325,27335,10
13.0870304108,80.2839279175,27335,27345,10
13.0877799988,80.2839508057,27345,27407,62
13.0877799988,80.2839508057,27407,27417,10
13.0880899429,80.2839736938,27417,27428,11
13.0881795883,80.2837219238,27428,27437,9
13.0882501602,80.2835922241,27437,27447,10
13.088350296,80.2834014893,27447,27457,10
13.0883302689,80.282951355,27457,27467,10
13.0883197784,80.2824630737,27467,27479,12
13.0881996155,80.2818527222,27479,27489,10
13.0881996155,80.2814178467,27489,27499,10
13.0886096954,80.2816467285,27499,27509,10
13.0885095596,80.2822036743,27509,27519,10
13.0883998871,80.2827377319,27519,27529,10
13.0883903503,80.2828903198,27529,27539,10
13.0883903503,80.2833023071,27539,27549,10
13.0884199142,80.2839126587,27549,27559,10
13.0884599686,80.2846679688,27559,27569,10
13.0885000229,80.2853927612,27569,27579,10
13.088549614,80.2860870361,27579,27590,11
13.0885696411,80.2865524292,27590,27600,10
13.0885801315,80.2867965698,27600,27610,10
13.0886001587,80.2871322632,27610,27620,10
13.088640213,80.2875289917,27620,27630,10
13.0886802673,80.2879714966,27630,27640,10
13.0887403488,80.28855896,27640,27650,10
13.0887403488,80.2888793945,27650,27660,10
13.0887699127,80.2893218994,27660,27670,10
13.0887699127,80.2894363403,27670,27680,10
13.0887203217,80.2897033691,27680,27690,10
13.0886898041,80.2900085449,27690,27701,11
13.088640213,80.2904510498,27701,27711,10
13.0882396698,80.2902374268,27711,27721,10
13.0875797272,80.2899398804,27721,27731,10
13.0867900848,80.2896118164,27731,27741,10
13.0857095718,80.2893295288,27741,27751,10
13.0846395493,80.2891921997,27751,27761,10
13.0835800171,80.2892303467,27761,27771,10
13.0826501846,80.2890930176,27771,27781,10
13.081580162,80.2886505127,27781,27791,10
13.0804300308,80.2882919312,27791,27801,10
13.0793399811,80.2880630493,27801,27812,11
13.0780897141,80.2875976563,27812,27822,10
13.0768203735,80.2872695923,27822,27832,10
13.0755701065,80.2869262695,27832,27842,10
13.0745401382,80.286277771,27842,27852,10
13.0734796524,80.285987854,27852,27862,10
13.0725498199,80.2855224609,27862,27872,10
13.0715503693,80.2852096558,27872,27882,10
13.0704402924,80.2849273682,27882,27892,10
13.0692596436,80.28465271,27892,27902,10
13.0682296753,80.2844009399,27902,27912,10
13.0678300858,80.2843170166,27912,27923,11
13.0671701431,80.2842483521,27923,27933,10
13.0662899017,80.2840499878,27933,27943,10
13.0652999878,80.2838134766,27943,27953,10
13.0644197464,80.2836303711,27953,27963,10
13.0642900467,80.2835998535,27963,27973,10
13.0641498566,80.2835617065,27973,27983,10
13.0636901855,80.2834396362,27983,27993,10
13.0629396439,80.2832489014,27993,28003,10
13.0624904633,80.2831420898,28003,28013,10
13.0621204376,80.2830429077,28013,28023,10
13.0614500046,80.2828903198,28023,28034,11
13.0605096817,80.2826766968,28034,28044,10
13.0596904755,80.2825393677,28044,28054,10
13.0588502884,80.2823562622,28054,28064,10
13.0579500198,80.2821807861,28064,28074,10
13.0576200485,80.282119751,28074,28084,10
13.0574398041,80.282081604,28084,28094,10
13.0569095612,80.2819595337,28094,28104,10
13.0567703247,80.2819290161,28104,28114,10
13.0566596985,80.2818984985,28114,28123,9
13.0562095642,80.2817993164,28123,28134,11
13.0553598404,80.2816162109,28134,28145,11
13.0542697906,80.2814025879,28145,28155,10
13.0530900955,80.281211853,28155,28165,10
13.0518302917,80.2810287476,28165,28175,10
13.0507097244,80.2808837891,28175,28185,10
13.049659729,80.280708313,28185,28195,10
13.0484895706,80.2805404663,28195,28205,10
13.0473098755,80.2803726196,28205,28213,8
13.0464401245,80.2802505493,28213,28225,12
13.0453996658,80.2800979614,28225,28235,10
13.0444698334,80.2799987793,28235,28245,10
13.0439195633,80.2799224854,28245,28256,11
13.0435800552,80.2798690796,28256,28266,10
13.0430498123,80.2797393799,28266,28276,10
13.0422401428,80.2795715332,28276,28286,10
13.0412397385,80.2793807983,28286,28296,10
13.0401296616,80.2791290283,28296,28306,10
13.0393104553,80.2789230347,28306,28316,10
13.0391597748,80.2788772583,28316,28326,10
13.039150238,80.2788925171,28326,28336,10
13.0389299393,80.2788314819,28336,28347,11
13.0384397507,80.2786483765,28347,28357,10
13.037779808,80.2784423828,28357,28368,11
13.0371599197,80.2782516479,28368,28378,10
13.0366697311,80.2780914307,28378,28386,8
13.0361995697,80.2779388428,28386,28396,10
13.0356903076,80.2778167725,28396,28406,10
13.0351200104,80.2777175903,28406,28416,10
13.0342998505,80.277557373,28416,28426,10
13.0338001251,80.2774200439,28426,28438,12
13.0336999893,80.2773666382,28438,28448,10
13.0333299637,80.2774276733,28448,28458,10
13.0327196121,80.2774963379,28458,28467,9
13.0320501328,80.2775802612,28467,28477,10
13.03125,80.2775421143,28477,28487,10
13.0309495926,80.2773284912,28487,28500,13
13.0308599472,80.2772979736,28500,28510,10
13.0304498672,80.2770309448,28510,28520,10
13.029709816,80.2767333984,28520,28530,10
13.0288496017,80.2764663696,28530,28540,10
13.0280303955,80.2761688232,28540,28549,9
13.0272197723,80.2758178711,28549,28561,12
13.0260601044,80.2752990723,28561,28592,31
13.0260601044,80.2752990723,28592,28602,10
13.0258903503,80.2752227783,28602,28612,10
13.0256204605,80.275100708,28612,28622,10
13.0251102448,80.2748794556,28622,28632,10
13.0244197845,80.2744827271,28632,28652,20
13.0244197845,80.2744827271,28652,28662,10
13.0243196487,80.2743530273,28662,28672,10
13.0240602493,80.274017334,28672,28682,10
13.0237102509,80.2735290527,28682,28692,10
13.0232496262,80.2729187012,28692,28703,11
13.0226297379,80.272102356,28703,28713,10
13.0219898224,80.2712631226,28713,28723,10
13.0214099884,80.2705230713,28723,28733,10
13.020939827,80.2699737549,28733,28743,10
13.0208597183,80.2698822021,28743,28753,10
13.0207996368,80.26978302,28753,28763,10
13.0205698013,80.2694702148,28763,28773,10
13.0202102661,80.2689971924,28773,28783,10
13.0196695328,80.2683563232,28783,28793,10
13.0191202164,80.2676773071,28793,28803,10
13.0188598633,80.2673110962,28803,28814,11
13.0186796188,80.2666778564,28814,28824,10
13.0186500549,80.2659606934,28824,28834,10
13.018819809,80.2652435303,28834,28844,10
13.0190401077,80.2644577026,28844,28854,10
13.0190401077,80.2637634277,28854,28864,10
13.0189800262,80.263381958,28864,28874,10
13.0188999176,80.262840271,28874,28884,10
13.0188102722,80.2620391846,28884,28894,10
13.0186004639,80.2612762451,28894,28904,10
13.0180101395,80.2608718872,28904,28913,9
13.0174503326,80.2605133057,28913,28925,12
13.0167503357,80.2600402832,28925,28935,10
13.0160503387,80.2596893311,28935,28955,20
13.0160503387,80.2596893311,28955,28965,10
13.0158700943,80.2595901489,28965,28975,10
13.0154695511,80.259437561,28975,28985,10
13.0148897171,80.2593383789,28985,28995,10
13.0142202377,80.2593078613,28995,29005,10
13.0133495331,80.2592697144,29005,29015,10
13.0123796463,80.2592391968,29015,29025,10
13.0113601685,80.2592010498,29025,29036,11
13.0101299286,80.2591781616,29036,29046,10
13.0090799332,80.2591705322,29046,29056,10
13.0081596375,80.2590789795,29056,29066,10
13.0074796677,80.2587509155,29066,29076,10
13.0071001053,80.258392334,29076,29086,10
13.0067195892,80.2577514648,29086,29096,10
13.0065402985,80.2568664551,29096,29106,10
13.0065402985,80.2558822632,29106,29116,10
13.0065202713,80.2548522949,29116,29126,10
13.006480217,80.2539672852,29126,29147,21
13.006480217,80.2539672852,29147,29157,10
13.0065097809,80.2536392212,29157,29167,10
13.0065202713,80.2530593872,29167,29177,10
13.0065698624,80.252243042,29177,29188,11
13.0067596436,80.2512435913,29188,29198,10
13.006770134,80.2501907349,29198,29208,10
13.0066900253,80.2485809326,29208,29288,80
13.0066900253,80.2485809326,29288,29298,10
13.0067195892,80.2483215332,29298,29309,11
13.0066795349,80.2478866577,29309,29319,10
13.006649971,80.246887207,29319,29347,28
13.006649971,80.246887207,29347,29358,11
13.0066299438,80.2463989258,29358,29368,10
13.006649971,80.2457962036,29368,29380,12
13.0066404343,80.2447891235,29380,29390,10
13.0066099167,80.2440872192,29390,29400,10
13.0066003799,80.2435302734,29400,29410,10
13.0065803528,80.2429962158,29410,29420,10
13.0065603256,80.2422180176,29420,29430,10
13.0065898895,80.2412872314,29430,29440,10
13.0066699982,80.2406616211,29440,29450,10
13.0066795349,80.2405776978,29450,29460,10
13.0067596436,80.2402420044,29460,29470,10
13.0068798065,80.2397003174,29470,29481,11
13.0070495605,80.2387771606,29481,29491,10
13.0072402954,80.2378616333,29491,29501,10
13.0073900223,80.2369308472,29501,29531,30
13.0073900223,80.2369308472,29531,29541,10
13.0074901581,80.2365264893,29541,29551,10
13.0076398849,80.2359313965,29551,29561,10
13.007809639,80.2351379395,29561,29571,10
13.0079898834,80.2342224121,29571,29581,10
13.0081996918,80.2331619263,29581,29591,10
13.0084295273,80.2319717407,29591,29602,11
13.0086898804,80.2305679321,29602,29612,10
13.0089702606,80.2292175293,29612,29620,8
13.0092000961,80.228187561,29620,29633,13
13.0098896027,80.226600647,29633,29643,10
13.0103902817,80.2255020142,29643,29653,10
13.0108499527,80.2244796753,29653,29663,10
13.0111904144,80.2236175537,29663,29673,10
13.0111598969,80.2231292725,29673,29683,10
13.0105400085,80.2228088379,29683,29693,10
13.0097398758,80.222366333,29693,29703,10
13.0088796616,80.2219085693,29703,29714,11
13.0078001022,80.2213287354,29714,29724,10
13.0068101883,80.2208023071,29724,29734,10
13.0060596466,80.2205810547,29734,29744,10
13.00522995,80.2203979492,29744,29754,10
13.004360199,80.2201766968,29754,29764,10
13.0035104752,80.2199935913,29764,29774,10
13.0027503967,80.2197494507,29774,29784,10
13.0022096634,80.219291687,29784,29794,10
13.0016298294,80.2186737061,29794,29804,10
13.0009498596,80.218170166,29804,29813,9
13.0002298355,80.2177200317,29813,29826,13
12.9991197586,80.2170715332,29826,29836,10
12.9982204437,80.2166824341,29836,29846,10
12.9974498749,80.2165527344,29846,29856,10
12.9974002838,80.2165374756,29856,29866,10
12.9973697662,80.2165527344,29866,29876,10
12.9971199036,80.2165603638,29876,29886,10
12.9966402054,80.2165985107,29886,29896,10
12.9959001541,80.216758728,29896,29906,10
12.9950895309,80.217086792,29906,29916,10
12.994720459,80.2173461914,29916,29926,10
12.9942998886,80.217666626,29926,29937,11
12.9938097,80.2180099487,29937,29947,10
12.9931697845,80.218460083,29947,29957,10
12.9924402237,80.2190170288,29957,29967,10
12.9916496277,80.2195663452,29967,29977,10
12.9907503128,80.2202377319,29977,30007,30
12.9907503128,80.2202377319,30007,30017,10
12.9905099869,80.2203979492,30017,30028,11
12.9900503159,80.2207717896,30028,30037,9
12.9896402359,80.2212677002,30037,30047,10
12.9892501831,80.2217025757,30047,30059,12
12.9886703491,80.2223815918,30059,30069,10
12.9880399704,80.2229309082,30069,30079,10
12.9873800278,80.2230911255,30079,30089,10
12.9867696762,80.2230072021,30089,30097,8
12.986289978,80.2229766846,30097,30109,12
12.9856901169,80.2230987549,30109,30118,9
12.985329628,80.2233200073,30118,30129,11
12.9846000671,80.2230224609,30129,30137,8
12.9840898514,80.2227172852,30137,30149,12
12.9835100174,80.2223892212,30149,30158,9
12.98320961,80.2221908569,30158,30170,12
12.9832000732,80.2221832275,30170,30180,10
12.9830303192,80.2220611572,30180,30188,8
12.9826898575,80.2219085693,30188,30198,10
12.9821996689,80.2217483521,30198,30210,12
12.9814901352,80.2212600708,30210,30218,8
12.9810199738,80.2210769653,30218,30228,10
12.9802799225,80.2211074829,30228,30240,12
12.9792804718,80.2211914063,30240,30248,8
12.9785995483,80.2212371826,30248,30258,10
12.9778203964,80.2212677002,30258,30271,13
12.9769697189,80.2212905884,30271,30281,10
12.976650238,80.2212905884,30281,30291,10
12.9762096405,80.2213821411,30291,30301,10
12.9761800766,80.2214126587,30301,30311,10
12.9762001038,80.2216491699,30311,30321,10
12.9765901566,80.2221832275,30321,30382,61
12.9767303467,80.2223434448,30382,30606,224
12.9767303467,80.2223434448,30606,30616,10
12.9767599106,80.2224273682,30616,30626,10
12.976940155,80.2227096558,30626,30656,30
12.976940155,80.2227096558,30656,30666,10
12.9771404266,80.2227630615,30666,30676,10
12.9775104523,80.2226715088,30676,30686,10
12.9775104523,80.222328186,30686,30696,10
12.9774799347,80.2217788696,30696,30706,10
12.9774599075,80.221321106,30706,30717,11
12.9775896072,80.221206665,30717,30727,10
12.9778900146,80.2211990356,30727,30737,10
12.9784498215,80.2211380005,30737,30747,10
12.9791202545,80.2210693359,30747,30757,10
12.9798603058,80.2210388184,30757,30767,10
12.9805803299,80.2210006714,30767,30777,10
12.9813203812,80.2211227417,30777,30787,10
12.9818496704,80.2214889526,30787,30797,10
12.9822702408,80.2217102051,30797,30807,10
12.9829797745,80.2219772339,30807,30838,31
12.9829797745,80.2219772339,30838,30848,10
12.9832401276,80.2221832275,30848,30858,10
12.9834699631,80.2223434448,30858,30868,10
12.9837703705,80.2225112915,30868,30878,10
12.9841299057,80.2227096558,30878,30888,10
12.9846200943,80.2230224609,30888,30898,10
12.9851999283,80.2232894897,30898,30908,10
12.9856004715,80.2231216431,30908,30918,10
12.9861803055,80.2229690552,30918,30929,11
12.9865198135,80.2229537964,30929,30939,10
12.9866104126,80.2229537964,30939,30950,11
12.9870195389,80.2230224609,30950,30960,10
12.987569809,80.2230834961,30960,30968,8
12.9879798889,80.2229232788,30968,30980,12
12.9886198044,80.2223892212,30980,30989,9
12.9890298843,80.2219467163,30989,31000,11
12.9894599915,80.2213668823,31000,31009,9
12.9898004532,80.2209625244,31009,31020,11
12.9904699326,80.2203292847,31020,31040,20
12.9904699326,80.2203292847,31040,31049,9
12.9905996323,80.2202377319,31049,31061,12
12.9910802841,80.2198562622,31061,31071,10
12.9914302826,80.2195663452,31071,31081,10
12.9918899536,80.2192382813,31081,31091,10
12.9925098419,80.218788147,31091,31101,10
12.9932403564,80.2182312012,31101,31121,20
12.9932403564,80.2182312012,31121,31129,8
12.9934597015,80.2180404663,31129,31149,20
12.9934597015,80.2180404663,31149,31159,10
12.9936599731,80.217918396,31159,31172,13
12.9938402176,80.2178192139,31172,31182,10
12.9940099716,80.2177124023,31182,31192,10
12.9940700531,80.2176589966,31192,31202,10
12.9941396713,80.217590332,31202,31212,10
12.994389534,80.2174224854,31212,31222,10
12.9946804047,80.2172164917,31222,31232,10
12.9946899414,80.2172088623,31232,31242,10
12.9949197769,80.2170562744,31242,31252,10
12.9952898026,80.2168273926,31252,31262,10
12.9958496094,80.2166366577,31262,31272,10
12.9965000153,80.2165374756,31272,31283,11
12.9970598221,80.2164993286,31283,31293,10
12.9975595474,80.216506958,31293,31313,20
12.9975595474,80.216506958,31313,31323,10
12.9977502823,80.2165298462,31323,31333,10
12.9981899261,80.2166137695,31333,31343,10
12.998749733,80.2168197632,31343,31353,10
12.9993200302,80.2171096802,31353,31363,10
12.9998703003,80.2174530029,31363,31373,10
13.0004396439,80.2178268433,31373,31382,9
13.00096035,80.2181472778,31382,31394,12
13.001660347,80.2186431885,31394,31404,10
13.0020999908,80.2191162109,31404,31414,10
13.0025701523,80.219581604,31414,31424,10
13.0032300949,80.2198867798,31424,31434,10
13.0039701462,80.2200698853,31434,31442,8
13.0045900345,80.2202072144,31442,31454,12
13.005610466,80.2204437256,31454,31464,10
13.0064001083,80.2206115723,31464,31474,10
13.0071401596,80.2209320068,31474,31484,10
13.0079898834,80.2213821411,31484,31494,10
13.0089101791,80.2218780518,31494,31505,11
13.0098896027,80.2224197388,31505,31515,10
13.0107603073,80.2228393555,31515,31525,10
13.0112495422,80.2230987549,31525,31585,60
13.0112495422,80.2230987549,31585,31595,10
13.0114603043,80.2232208252,31595,31605,10
13.0116195679,80.2233963013,31605,31615,10
13.0120601654,80.2236099243,31615,31626,11
13.0125999451,80.2239074707,31626,31636,10
13.0132703781,80.2242202759,31636,31646,10
13.0139598846,80.2245864868,31646,31656,10
13.0144395828,80.2248382568,31656,31666,10
13.0145196915,80.2248764038,31666,31676,10
13.0147304535,80.2249832153,31676,31686,10
13.0150098801,80.2251205444,31686,31757,71
13.0150098801,80.2251205444,31757,31767,10
13.0153102875,80.2253799438,31767,31777,10
13.0154495239,80.2256393433,31777,31787,10
13.0150203705,80.2259521484,31787,31797,10
13.0146398544,80.2260894775,31797,31807,10
13.0144100189,80.2261810303,31807,31817,10
13.01404953,80.226348877,31817,31827,10
13.013710022,80.2265625,31827,31836,9
13.0136499405,80.2265777588,31836,31848,12
13.0135498047,80.2266235352,31848,31858,10
13.0132799149,80.2267303467,31858,31868,10
13.0127296448,80.2269210815,31868,31878,10
13.012049675,80.227180481,31878,31888,10
13.0112600327,80.2275009155,31888,31898,10
13.0103998184,80.2278518677,31898,31908,10
13.0095701218,80.2282180786,31908,31918,10
13.0091199875,80.2288818359,31918,31928,10
13.0089502335,80.2298431396,31928,31938,10
13.0087203979,80.2309112549,31938,31948,10
13.0085000992,80.2320327759,31948,31959,11
13.0083198547,80.233001709,31959,31969,10
13.0082597733,80.2336196899,31969,31999,30
13.0082597733,80.2336196899,31999,32010,11
13.0081501007,80.2339096069,32010,32019,9
13.0080795288,80.2343521118,32019,32030,11
13.0079498291,80.2350311279,32030,32040,10
13.0078001022,80.2357635498,32040,32050,10
13.0076398849,80.236656189,32050,32058,8
13.0074901581,80.2373809814,32058,32070,12
13.0073003769,80.2383575439,32070,32080,10
13.0071401596,80.2391586304,32080,32090,10
13.0069904327,80.2399368286,32090,32212,122
13.0069904327,80.2399368286,32212,32222,10
13.0069904327,80.2402114868,32222,32232,10
13.0068998337,80.2406997681,32232,32242,10
13.0068902969,80.240852356,32242,32252,10
13.006819725,80.2410964966,32252,32262,10
13.0067796707,80.2416763306,32262,32272,10
13.0067796707,80.2424087524,32272,32282,10
13.0067596436,80.2428131104,32282,32303,21
13.0067596436,80.2428131104,32303,32313,10
13.0067396164,80.2432403564,32313,32333,20
13.0067396164,80.2432403564,32333,32343,10
13.0066995621,80.2434997559,32343,32353,10
13.0066900253,80.2437820435,32353,32363,10
13.0066995621,80.2442321777,32363,32373,10
13.0067396164,80.2446899414,32373,32383,10
13.0067396164,80.2451782227,32383,32393,10
13.0067501068,80.2457504272,32393,32404,11
13.0067796707,80.246421814,32404,32414,10
13.0067996979,80.2469482422,32414,32424,10
13.0068101883,80.2472763062,32424,32434,10
13.0067596436,80.2477416992,32434,32444,10
13.006770134,80.2484817505,32444,32454,10
13.006819725,80.2494735718,32454,32464,10
13.0068397522,80.2505874634,32464,32474,10
13.0067996979,80.2516937256,32474,32484,10
13.0066003799,80.2527008057,32484,32494,10
13.0066003799,80.2531814575,32494,32504,10
13.0066003799,80.2537918091,32504,32514,10
13.006649971,80.2546615601,32514,32525,11
13.0066604614,80.2556762695,32525,32535,10
13.0066900253,80.2565994263,32535,32545,10
13.0067901611,80.2573699951,32545,32555,10
13.0070896149,80.258140564,32555,32565,10
13.0075597763,80.2586288452,32565,32575,10
13.0085697174,80.2590026855,32575,32595,20
13.0085697174,80.2590026855,32595,32605,10
13.008890152,80.2590789795,32605,32615,10
13.0095300674,80.2590713501,32615,32625,10
13.0104198456,80.2590637207,32625,32636,11
13.0115098953,80.2590637207,32636,32646,10
13.0125799179,80.2591094971,32646,32656,10
13.0138101578,80.2591629028,32656,32666,10
13.0149803162,80.2592163086,32666,32676,10
13.0158195496,80.2593307495,32676,32686,10
13.016289711,80.2595596313,32686,32696,10
13.0164604187,80.2596893311,32696,32706,10
13.0165596008,80.2597885132,32706,32716,10
13.0167398453,80.2599716187,32716,32726,10
13.0171899796,80.2602615356,32726,32736,10
13.0175304413,80.2604827881,32736,32747,11
13.0178098679,80.2606811523,32747,32757,10
13.0181398392,80.2609176636,32757,32767,10
13.0185899734,80.2612304688,32767,32777,10
13.0188703537,80.2614822388,32777,32787,10
13.0193500519,80.2618408203,32787,32797,10
13.0198802948,80.2623901367,32797,32807,10
13.0203504562,80.2629165649,32807,32817,10
13.0199203491,80.2630004883,32817,32827,10
13.0194597244,80.2630004883,32827,32837,10
13.0190601349,80.2630767822,32837,32847,10
13.019109726,80.2636413574,32847,32858,11
13.0191602707,80.2640762329,32858,32868,10
13.0191497803,80.2642593384,32868,32878,10
13.0190401077,80.2647628784,32878,32888,10
13.0188798904,80.2654037476,32888,32898,10
13.0187301636,80.2660598755,32898,32908,10
13.0187902451,80.2669296265,32908,32917,9
13.0191898346,80.2676925659,32917,32929,12
13.0200300217,80.2687530518,32929,32939,10
13.0205898285,80.2694625854,32939,32949,10
13.0209798813,80.2699203491,32949,32959,10
13.0215101242,80.2705078125,32959,32989,30
13.0215101242,80.2705078125,32989,33001,12
13.0216999054,80.2707595825,33001,33009,8
13.0219802856,80.2711334229,33009,33019,10
13.0225000381,80.2717895508,33019,33029,10
13.0230703354,80.2725524902,33029,33040,11
13.0237503052,80.2734603882,33040,33080,40
13.0237503052,80.2734603882,33080,33090,10
13.0239696503,80.2737426758,33090,33100,10
13.0242795944,80.2741775513,33100,33112,12
13.0248003006,80.2746582031,33112,33120,8
13.0252103806,80.2748413086,33120,33132,12
13.0253200531,80.2748794556,33132,33142,10
13.0256700516,80.275062561,33142,33150,8
13.026140213,80.2752685547,33150,33160,10
13.0268602371,80.2755889893,33160,33170,10
13.027589798,80.275932312,33170,33180,10
13.028380394,80.2762527466,33180,33193,13
13.0292301178,80.2765426636,33193,33203,10
13.0298595428,80.2767028809,33203,33213,10
13.0299301147,80.2767181396,33213,33223,10
13.03028965,80.2768936157,33223,33233,10
13.03083992,80.2771911621,33233,33243,10
13.0314702988,80.2775421143,33243,33253,10
13.0321102142,80.2775115967,33253,33263,10
13.0326299667,80.2774887085,33263,33273,10
13.0327301025,80.2774810791,33273,33283,10
13.0329704285,80.2774734497,33283,33293,10
13.0329799652,80.2774734497,33293,33300,7
13.0330896378,80.2774581909,33300,33314,14
13.0335903168,80.2773590088,33314,33324,10
13.034040451,80.2774581909,33324,33334,10
13.0345802307,80.2776031494,33334,33344,10
13.0352497101,80.2777023315,33344,33354,10
13.0359096527,80.2778320313,33354,33364,10
13.0366401672,80.2780227661,33364,33374,10
13.037229538,80.2782516479,33374,33384,10
13.0378303528,80.2784118652,33384,33394,10
13.038649559,80.2786178589,33394,33404,10
13.0388498306,80.2786712646,33404,33413,9
13.0389795303,80.2787094116,33413,33425,12
13.0394496918,80.2788772583,33425,33435,10
13.0401296616,80.2790908813,33435,33445,10
13.041009903,80.2793121338,33445,33455,10
13.0419902802,80.2794570923,33455,33465,10
13.0428304672,80.2795181274,33465,33475,10
13.0433101654,80.2795715332,33475,33485,10
13.0440101624,80.279838562,33485,33495,10
13.0449800491,80.2799987793,33495,33505,10
13.0459804535,80.2801437378,33505,33515,10
13.0468997955,80.2802581787,33515,33525,10
13.0479803085,80.2804107666,33525,33536,11
13.049249649,80.2806015015,33536,33546,10
13.0504102707,80.2807693481,33546,33556,10
13.0515003204,80.2809295654,33556,33566,10
13.0526599884,80.2810974121,33566,33576,10
13.0537900925,80.2812805176,33576,33586,10
13.0550003052,80.2815170288,33586,33596,10
13.0558996201,80.2816925049,33596,33606,10
13.0563297272,80.2817611694,33606,33616,10
13.0564899445,80.2817993164,33616,33626,10
13.0567102432,80.2818374634,33626,33636,10
13.0569601059,80.2818984985,33636,33647,11
13.057390213,80.2819900513,33647,33657,10
13.0579900742,80.282119751,33657,33667,10
13.0588703156,80.2823104858,33667,33677,10
13.0598802567,80.2825088501,33677,33687,10
13.0607995987,80.282699585,33687,33697,10
13.0617399216,80.282913208,33697,33707,10
13.0625600815,80.2830886841,33707,33717,10
13.0627803802,80.2831268311,33717,33727,10
13.0628404617,80.2831497192,33727,33737,10
13.0635004044,80.2832794189,33737,33778,41
13.0635004044,80.2832794189,33778,33788,10
13.0637903214,80.2833480835,33788,33798,10
13.0642299652,80.2834625244,33798,33808,10
13.064909935,80.2836227417,33808,33818,10
13.0658502579,80.2838287354,33818,33828,10
13.0668802261,80.2840576172,33828,33838,10
13.0679101944,80.2842636108,33838,33848,10
13.068810463,80.2844619751,33848,33858,10
13.0697097778,80.2846603394,33858,33869,11
13.0709400177,80.2849578857,33869,33879,10
13.072019577,80.2852325439,33879,33889,10
13.0731697083,80.2852935791,33889,33899,10
13.0739402771,80.2855377197,33899,33909,10
13.0740299225,80.2856216431,33909,33919,10
13.0742702484,80.285987854,33919,33929,10
13.0748300552,80.2863922119,33929,33939,10
13.0756196976,80.2868881226,33939,33949,10
13.0766897202,80.2872085571,33949,33959,10
13.0778999329,80.2875213623,33959,33969,10
13.0789804459,80.2878417969,33969,33979,10
13.0798797607,80.2881164551,33979,33990,11
13.0806798935,80.2882766724,33990,34000,10
13.0807104111,80.2882766724,34000,34010,10
13.0808601379,80.2883071899,34010,34020,10
13.0809898376,80.2883682251,34020,34030,10
13.0815401077,80.28855896,34030,34040,10
13.0823602676,80.2888717651,34040,34050,10
13.0832996368,80.2891921997,34050,34061,11
13.0845003128,80.2891616821,34061,34070,9
13.0855903625,80.2892074585,34070,34081,11
13.0868501663,80.2895507813,34081,34090,9
13.087770462,80.2899017334,34090,34100,10
13.0887804031,80.2901611328,34100,34150,50
13.0887804031,80.2901611328,34150,34161,11
13.0887804031,80.2904663086,34161,34171,10
13.0883102417,80.2902679443,34171,34182,11
13.0875196457,80.2899169922,34182,34191,9
13.086689949,80.2896575928,34191,34201,10
13.0858802795,80.2894515991,34201,34213,12
13.0853796005,80.2887268066,34213,34221,8
13.0851402283,80.2879867554,34221,34231,10
13.0851697922,80.286857605,34231,34241,10
13.0852804184,80.2857818604,34241,34251,10
13.0853595734,80.2847518921,34251,34261,10
13.0852499008,80.2841110229,34261,34293,32
13.0852499008,80.2841110229,34293,34303,10
13.0853300095,80.2839813232,34303,34311,8
13.0854701996,80.2836685181,34311,34324,13
13.0857601166,80.2835388184,34324,34334,10
13.086139679,80.2835388184,34334,34344,10
13.0864400864,80.2836990356,34344,34354,10
13.0866298676,80.2838668823,34354,34445,91
13.0866298676,80.2838668823,34445,34455,10
13.0869598389,80.2839279175,34455,34465,10
13.0871801376,80.2839202881,34465,34475,10
13.0873403549,80.2839508057,34475,34485,10
13.0877199173,80.2839508057,34485,34606,121
13.0877199173,80.2839508057,34606,34616,10
13.0881099701,80.2838668823,34616,34677,61
13.0881099701,80.2838668823,34677,34687,10
13.0883302689,80.2834091187,34687,34697,10
13.0883398056,80.2831115723,34697,34707,10
13.0883598328,80.2826309204,34707,34717,10
13.0883197784,80.2823028564,34717,34727,10
13.088259697,80.2819366455,34727,34737,10
13.0881204605,80.28150177,34737,34747,10
13.0882101059,80.2814331055,34747,34757,10
13.0885295868,80.2815475464,34757,34767,10
13.0885801315,80.2818603516,34767,34778,11
13.0885000229,80.2821807861,34778,34788,10
13.0884504318,80.2824478149,34788,34798,10
13.0883798599,80.2829284668,34798,34808,10
13.0883903503,80.2836990356,34808,34818,10
13.0884199142,80.2843093872,34818,34828,10
13.0884799957,80.2849502563,34828,34899,71
13.0884799957,80.2849502563,34899,34909,10
13.08852005,80.2854690552,34909,34919,10
13.0885601044,80.2859115601,34919,34929,10
13.0885896683,80.2863082886,34929,34939,10
13.0886096954,80.2866134644,34939,34949,10
13.0886297226,80.2872085571,34949,34959,10
13.0886602402,80.287437439,34959,34969,10
13.0886802673,80.2877502441,34969,34979,10
13.088760376,80.2883377075,34979,34989,10
13.088760376,80.2885665894,34989,35000,11
13.0887498856,80.2889175415,35000,35010,10
13.0887699127,80.2892227173,35010,35020,10
13.088809967,80.2893981934,35020,35030,10
13.0888004303,80.2899780273,35030,35060,30
13.0888004303,80.2899780273,35060,35070,10
13.0888204575,80.2902374268,35070,35080,10
13.0887899399,80.2904586792,35080,35090,10
13.0883998871,80.2902908325,35090,35100,10
13.0877304077,80.2899475098,35100,35110,10
13.0868396759,80.2895889282,35110,35121,11
13.0855102539,80.2892837524,35121,35131,10
13.0843896866,80.2891921997,35131,35141,10
13.0835399628,80.2892227173,35141,35151,10
13.0827598572,80.2891082764,35151,35161,10
13.0817804337,80.2887115479,35161,35171,10
13.0807800293,80.2883911133,35171,35181,10
13.0804100037,80.2882995605,35181,35191,10
13.0802297592,80.288230896,35191,35201,10
13.0800199509,80.2881774902,35201,35212,11
13.0795497894,80.2881011963,35212,35221,9
13.078909874,80.2878494263,35221,35233,12
13.0777797699,80.2874984741,35233,35241,8
13.076880455,80.2872772217,35241,35252,11
13.0756196976,80.2869110107,35252,35263,11
13.0744600296,80.2862167358,35263,35272,9
13.0734701157,80.2859725952,35272,35282,10
13.072429657,80.2854385376,35282,35292,10
13.0712299347,80.2851104736,35292,35302,10
13.0700302124,80.2848129272,35302,35312,10
13.0689001083,80.284538269,35312,35323,11
13.0683298111,80.2844390869,35323,35332,9
13.0681600571,80.2844009399,35332,35344,12
13.0674295425,80.2843322754,35344,35354,10
13.0666904449,80.2841567993,35354,35364,10
13.0657701492,80.2839202881,35364,35374,10
13.0647296906,80.2836914063,35374,35384,10
13.0639896393,80.2835006714,35384,35394,10
13.0633001328,80.2833328247,35394,35404,10
13.0628204346,80.2832107544,35404,35414,10
13.0626401901,80.2831573486,35414,35424,10
13.0624704361,80.2831420898,35424,35434,10
13.0619001389,80.2829971313,35434,35445,11
13.0610103607,80.2828063965,35445,35455,10
13.0602197647,80.282623291,35455,35465,10
13.0593795776,80.2824478149,35465,35475,10
13.0585699081,80.2823028564,35475,35485,10
13.0578804016,80.2821502686,35485,35495,10
13.0572395325,80.2820205688,35495,35505,10
13.0568799973,80.2819519043,35505,35515,10
13.0568304062,80.2819290161,35515,35525,10
13.0563802719,80.2818069458,35525,35535,10
13.0557804108,80.2817001343,35535,35545,10
13.0550203323,80.281539917,35545,35555,10
13.0540399551,80.2813491821,35555,35566,11
13.0528097153,80.2811508179,35566,35576,10
13.0516004562,80.2809677124,35576,35586,10
13.0504398346,80.2807998657,35586,35596,10
13.0492696762,80.280632019,35596,35606,10
13.0479898453,80.2804412842,35606,35616,10
13.0466499329,80.2802581787,35616,35626,10
13.0453901291,80.2800827026,35626,35636,10
13.044260025,80.2799301147,35636,35646,10
13.0431995392,80.2797470093,35646,35654,8
13.0423002243,80.279548645,35654,35667,13
13.0408296585,80.279296875,35667,35678,11
13.0397796631,80.2790222168,35678,35688,10
13.0393104553,80.2788696289,35688,35698,10
13.0392799377,80.2788619995,35698,35708,10
13.039059639,80.2788314819,35708,35718,10
13.0389499664,80.2788009644,35718,35728,10
13.0385503769,80.2786636353,35728,35738,10
13.0378799438,80.2784500122,35738,35748,10
13.0373401642,80.2782974243,35748,35758,10
13.0368700027,80.2781600952,35758,35768,10
13.0363998413,80.2779693604,35768,35778,10
13.0358295441,80.2778396606,35778,35789,11
13.0352497101,80.2777023315,35789,35799,10
13.0346403122,80.2776107788,35799,35809,10
13.0340595245,80.2774734497,35809,35819,10
13.0336303711,80.2774124146,35819,35829,10
13.0333595276,80.2774505615,35829,35839,10
13.032790184,80.2774810791,35839,35849,10
13.0321397781,80.2775421143,35849,35859,10
13.0316095352,80.2775802612,35859,35869,10
13.0312204361,80.2774505615,35869,35879,10
13.0312099457,80.2774429321,35879,35889,10
13.0310001373,80.2773513794,35889,35900,11
13.0308704376,80.2772903442,35900,35910,10
13.0306100845,80.2771530151,35910,35920,10
13.0301799774,80.2769165039,35920,35930,10
13.0298700333,80.2767868042,35930,35940,10
13.0294904709,80.2766723633,35940,35950,10
13.0291996002,80.2765808105,35950,35960,10
13.0287103653,80.2764434814,35960,35970,10
13.0282001495,80.2762374878,35970,35980,10
13.0278196335,80.2760620117,35980,35990,10
13.0272502899,80.2758407593,35990,36000,10
13.0264902115,80.2754821777,36000,36011,11
13.0260295868,80.2752838135,36011,36021,10
13.0258903503,80.2752075195,36021,36031,10
13.0254297256,80.2750167847,36031,36041,10
13.0247402191,80.2747268677,36041,36053,12
13.0242500305,80.2742614746,36053,36061,8
13.0240097046,80.27394104,36061,36071,10
13.0235996246,80.2733764648,36071,36081,10
13.0230503082,80.2726364136,36081,36091,10
13.0224103928,80.2717895508,36091,36103,12
13.0216999054,80.270866394,36103,36113,10
13.0212001801,80.2702407837,36113,36124,11
13.0209503174,80.2699890137,36124,36132,8
13.0208101273,80.2698287964,36132,36142,10
13.0204601288,80.2694015503,36142,36152,10
13.0199098587,80.268699646,36152,36162,10
13.0192804337,80.2679367065,36162,36172,10
13.0187797546,80.2672729492,36172,36182,10
13.0186195374,80.2664718628,36182,36194,12
13.0186901093,80.2656097412,36194,36202,8
13.0188903809,80.2649078369,36202,36212,10
13.0190601349,80.2639770508,36212,36222,10
13.0190095901,80.2635498047,36222,36235,13
13.0189399719,80.2630004883,36235,36245,10
13.0188703537,80.262298584,36245,36255,10
13.0187797546,80.2617034912,36255,36262,7
13.0187301636,80.2614212036,36262,36275,13
13.0183200836,80.2610931396,36275,36285,10
13.0177097321,80.2606811523,36285,36295,10
13.0169801712,80.2602005005,36295,36305,10
13.0162200928,80.2597503662,36305,36315,10
13.0160703659,80.2596817017,36315,36323,8
13.0158004761,80.259552002,36323,36335,12
13.0150203705,80.2593536377,36335,36345,10
13.0141496658,80.2592926025,36345,36356,11
13.0129995346,80.2592315674,36356,36366,10
13.0118503571,80.2591934204,36366,36376,10
13.0107698441,80.2591629028,36376,36386,10
13.0096597672,80.2591400146,36386,36396,10
13.0086898804,80.2591171265,36396,36406,10
13.0078401566,80.2589416504,36406,36416,10
13.0071401596,80.258430481,36416,36426,10
13.0067300797,80.2577819824,36426,36436,10
13.0065402985,80.2568969727,36436,36446,10
13.006529808,80.2558822632,36446,36456,10
13.0065097809,80.2548599243,36456,36467,11
13.006480217,80.2539672852,36467,36477,10
13.0065002441,80.2538604736,36477,36487,10
13.0065002441,80.2534408569,36487,36497,10
13.0065002441,80.2527694702,36497,36507,10
13.0065698624,80.2521820068,36507,36517,10
13.0065898895,80.2521209717,36517,36527,10
13.0066099167,80.2520599365,36527,36537,10
13.0066900253,80.2516174316,36537,36547,10
13.0067501068,80.2509231567,36547,36557,10
13.0067596436,80.2500228882,36557,36567,10
13.0066900253,80.2490463257,36567,36668,101
13.0066900253,80.2490463257,36668,36678,10
13.0066699982,80.2488708496,36678,36689,11
13.0066604614,80.248626709,36689,36699,10
13.006649971,80.2482910156,36699,36709,10
13.006649971,80.2478179932,36709,36840,131
13.006649971,80.2478179932,36840,36850,10
13.0066604614,80.2476272583,36850,36860,10
13.0066604614,80.2472915649,36860,36870,10
13.0065803528,80.2466964722,36870,36900,30
13.0065803528,80.2466964722,36900,36910,10
13.0066299438,80.2464065552,36910,36921,11
13.0066404343,80.2458496094,36921,36931,10
13.0066404343,80.2451019287,36931,36941,10
13.0066404343,80.2442779541,36941,36951,10
13.0066204071,80.243522644,36951,36961,10
13.0065898895,80.2426986694,36961,36971,10
13.0065898895,80.2417984009,36971,36981,10
13.0065698624,80.2415618896,36981,36991,10
13.0065498352,80.2413406372,36991,37001,10
13.0065898895,80.2410583496,37001,37011,10
13.0066003799,80.2409362793,37011,37021,10
13.0066699982,80.2406234741,37021,37052,31
13.0066699982,80.2406234741,37052,37062,10
13.0067501068,80.2402801514,37062,37072,10
13.0068302155,80.2398071289,37072,37082,10
13.0069599152,80.2390289307,37082,37092,10
13.0071496964,80.2380905151,37092,37102,10
13.0073795319,80.2368087769,37102,37122,20
13.0073795319,80.2368087769,37122,37132,10
13.0074100494,80.236656189,37132,37142,10
13.0075597763,80.2362213135,37142,37152,10
13.0076999664,80.2355194092,37152,37162,10
13.0078802109,80.23462677,37162,37172,10
13.0080604553,80.2336807251,37172,37182,10
13.0082798004,80.232673645,37182,37193,11
13.0085296631,80.2313995361,37193,37204,11
13.0087404251,80.2302703857,37204,37214,10
13.0089797974,80.2291412354,37214,37223,9
13.00922966,80.2280807495,37223,37234,11
13.0097799301,80.2268371582,37234,37243,9
13.0102396011,80.2258987427,37243,37253,10
13.0105695724,80.2251281738,37253,37263,10
13.0105895996,80.2250900269,37263,37273,10
13.0107002258,80.224899292,37273,37283,10
13.0109300613,80.2243423462,37283,37293,10
13.011179924,80.2236480713,37293,37303,10
13.0112304688,80.2231521606,37303,37315,12
13.0104703903,80.2227783203,37315,37323,8
13.0098199844,80.2224197388,37323,37333,10
13.008939743,80.2219467163,37333,37343,10
13.0080900192,80.2214889526,37343,37355,12
13.0068998337,80.2208786011,37355,37366,11
13.0058603287,80.2205429077,37366,37376,10
13.0049295425,80.2203292847,37376,37386,10
13.004119873,80.2201538086,37386,37396,10
13.0032596588,80.2199630737,37396,37406,10
13.0025100708,80.219581604,37406,37416,10
13.0019397736,80.21900177,37416,37426,10
13.0014696121,80.218536377,37426,37436,10
13.0007600784,80.2180709839,37436,37446,10
13.0000600815,80.2176132202,37446,37456,10
12.9992599487,80.2171478271,37456,37465,9
12.9984397888,80.2167663574,37465,37477,12
12.9977798462,80.2165908813,37477,37487,10
12.9976596832,80.2165679932,37487,37497,10
12.9974403381,80.2165222168,37497,37507,10
12.9972496033,80.2165374756,37507,37517,10
12.9969100952,80.2165527344,37517,37527,10
12.9964399338,80.2166213989,37527,37537,10
12.9957799911,80.2167663574,37537,37547,10
12.9950399399,80.2171020508,37547,37557,10
12.9944696426,80.2174987793,37557,37567,10
12.9939899445,80.2178497314,37567,37577,10
12.9934196472,80.2182388306,37577,37588,11
12.992650032,80.218788147,37588,37598,10
12.9918899536,80.2193527222,37598,37608,10
12.9913902283,80.2197418213,37608,37618,10
12.9908704758,80.2201309204,37618,37628,10
12.9908304214,80.2201538086,37628,37638,10
12.9906797409,80.2202529907,37638,37648,10
12.9902496338,80.2206115723,37648,37658,10
12.9896297455,80.2212219238,37658,37668,10
12.9892196655,80.2217788696,37668,37678,10
12.9886598587,80.2223892212,37678,37688,10
12.9879398346,80.2229919434,37688,37698,10
12.987449646,80.2230911255,37698,37709,11
12.9870195389,80.2230300903,37709,37719,10
12.9865503311,80.2229690552,37719,37729,10
12.9859399796,80.2229919434,37729,37739,10
12.9855298996,80.2232818604,37739,37749,10
12.9850902557,80.2232131958,37749,37759,10
12.9845600128,80.2229919434,37759,37769,10
12.9840898514,80.2227172852,37769,37779,10
12.9836502075,80.2225112915,37779,37789,10
12.9832201004,80.2222213745,37789,37809,20
12.9832201004,80.2222213745,37809,37820,11
12.9828596115,80.2220535278,37820,37830,10
12.9826402664,80.2219085693,37830,37840,10
12.9822902679,80.221786499,37840,37850,10
12.982000351,80.2216720581,37850,37860,10
12.9818296432,80.2215194702,37860,37870,10
12.9813995361,80.2212371826,37870,37880,10
12.9807100296,80.2210617065,37880,37890,10
12.9799499512,80.2211227417,37890,37900,10
12.9792499542,80.2211837769,37900,37910,10
12.9785995483,80.2211914063,37910,37920,10
12.9778699875,80.2211914063,37920,37931,11
12.9771003723,80.2212295532,37931,37941,10
12.9764995575,80.2212600708,37941,37971,30
12.9764995575,80.2212600708,37971,37981,10
12.9761800766,80.2212982178,37981,37991,10
12.9761400223,80.2214736938,37991,38001,10
12.9765300751,80.2220077515,38001,38173,172
12.9764900208,80.2221908569,38173,38740,567
12.9764900208,80.2222366333,38740,38780,40
12.9764900208,80.2222366333,38780,38790,10
12.9765996933,80.2222900391,38790,38800,10
12.9768199921,80.222618103,38800,38810,10
12.977060318,80.2227706909,38810,38820,10
12.9773397446,80.2227401733,38820,38831,11
12.9774703979,80.2226409912,38831,38841,10
12.9774904251,80.222366333,38841,38851,10
12.9774904251,80.2219085693,38851,38861,10
12.9774703979,80.2214126587,38861,38871,10
12.9776201248,80.2212219238,38871,38881,10
12.97797966,80.2211914063,38881,38891,10
12.9785299301,80.2211380005,38891,38901,10
12.9790296555,80.2210922241,38901,38911,10
12.9796895981,80.2210769653,38911,38921,10
12.980389595,80.2210388184,38921,38931,10
12.9810495377,80.2210464478,38931,38941,10
12.9815702438,80.2213592529,38941,38952,11
12.9820804596,80.2216567993,38952,38962,10
12.9825201035,80.2218093872,38962,38972,10
12.9829502106,80.2219390869,38972,38982,10
12.9829998016,80.2219467163,38982,38992,10
12.9833402634,80.2221603394,38992,39002,10
12.9836397171,80.222366333,39002,39012,10
12.9839200974,80.2225189209,39012,39022,10
12.9843597412,80.2228012085,39022,39032,10
12.9848403931,80.2230987549,39032,39042,10
12.9852399826,80.2232589722,39042,39052,10
12.9853801727,80.2232589722,39052,39063,11
12.985619545,80.2230529785,39063,39073,10
12.98595047,80.2229614258,39073,39083,10
12.986410141,80.2229537964,39083,39093,10
12.9864301682,80.2229614258,39093,39103,10
12.9866895676,80.2229690552,39103,39113,10
12.9870996475,80.2230377197,39113,39123,10
12.9874000549,80.2230606079,39123,39133,10
12.9876298904,80.2230300903,39133,39143,10
12.988120079,80.2227478027,39143,39153,10
12.988699913,80.2222290039,39153,39163,10
12.9892301559,80.2216415405,39163,39174,11
12.989859581,80.2208480835,39174,39184,10
12.9904098511,80.2203598022,39184,39194,10
12.9906301498,80.2201919556,39194,39204,10
12.9910297394,80.2198486328,39204,39214,10
12.9915504456,80.2194519043,39214,39224,10
12.9921998978,80.2189788818,39224,39234,10
12.9930095673,80.2184066772,39234,39244,10
12.9938097,80.2178497314,39244,39254,10
12.9943399429,80.2174606323,39254,39264,10
12.9945697784,80.2172775269,39264,39274,10
12.994720459,80.2171936035,39274,39285,11
12.9949102402,80.2170562744,39285,39296,11
12.9950799942,80.2169494629,39296,39305,9
12.9951496124,80.2169113159,39305,39315,10
12.9953899384,80.216796875,39315,39325,10
12.9958896637,80.2166290283,39325,39335,10
12.9966001511,80.2164993286,39335,39345,10
12.9975500107,80.2164611816,39345,39375,30
12.9975500107,80.2164611816,39375,39385,10
12.9979600906,80.2165374756,39385,39397,12
12.9986495972,80.216758728,39397,39405,8
12.9992303848,80.217048645,39405,39417,12
13.0000600815,80.2174987793,39417,39427,10
13.0006399155,80.2178726196,39427,39437,10
13.0012397766,80.2182617188,39437,39447,10
13.0018796921,80.2188186646,39447,39457,10
13.0024995804,80.2194671631,39457,39467,10
13.0032396317,80.219871521,39467,39474,7
13.0038700104,80.2200164795,39474,39487,13
13.0051002502,80.2202911377,39487,39497,10
13.006070137,80.2204971313,39497,39508,11
13.0071201324,80.2208709717,39508,39518,10
13.0080404282,80.2213668823,39518,39528,10
13.008769989,80.2217636108,39528,39538,10
13.0096797943,80.2222518921,39538,39548,10
13.0105400085,80.2227172852,39548,39558,10
13.0112104416,80.2230072021,39558,39578,20
13.0112104416,80.2230072021,39578,39588,10
13.0114097595,80.22315979,39588,39598,10
13.0115098953,80.2232437134,39598,39607,9
13.0116901398,80.2234115601,39607,39618,11
13.012140274,80.2236328125,39618,39629,11
13.0128002167,80.2239608765,39629,39639,10
13.0135498047,80.2243118286,39639,39649,10
13.0142097473,80.2246780396,39649,39659,10
13.0148000717,80.2250213623,39659,39669,10
13.0151596069,80.2252426147,39669,39679,10
13.0151901245,80.2252502441,39679,39689,10
13.0153799057,80.2255477905,39689,39699,10
13.0150003433,80.2258987427,39699,39709,10
13.0144195557,80.2261276245,39709,39719,10
13.0138597488,80.2264022827,39719,39729,10
13.0131502151,80.2266693115,39729,39740,11
13.0122203827,80.2270507813,39740,39750,10
13.011300087,80.2274398804,39750,39760,10
13.0103998184,80.2278289795,39760,39770,10
13.0095996857,80.2281494141,39770,39780,10
13.0091495514,80.2286300659,39780,39790,10
13.0089502335,80.2294616699,39790,39800,10
13.0087604523,80.2304382324,39800,39810,10
13.0085401535,80.2314682007,39810,39820,10
13.0083799362,80.2324523926,39820,39830,10
13.0082902908,80.2332229614,39830,39838,8
13.0082798004,80.2333984375,39838,39851,13
13.0082502365,80.2334518433,39851,39861,10
13.0081300735,80.2338104248,39861,39871,10
13.0080099106,80.2344284058,39871,39881,10
13.0078601837,80.2351226807,39881,39891,10
13.0077800751,80.2356414795,39891,39901,10
13.0077199936,80.2359771729,39901,39911,10
13.0076799393,80.2361984253,39911,39921,10
13.0076503754,80.2363433838,39921,39931,10
13.0075798035,80.2367706299,39931,39941,10
13.0074596405,80.2372436523,39941,39951,10
13.0074300766,80.2374191284,39951,39962,11
13.0073795319,80.237663269,39962,39972,10
13.0073299408,80.2380065918,39972,39982,10
13.0072202682,80.23853302,39982,40002,20
13.0072202682,80.23853302,40002,40012,10
13.0071296692,80.2389526367,40012,40022,10
13.0070104599,80.2396697998,40022,40042,20
13.0070104599,80.2396697998,40042,40052,10
13.0069799423,80.240020752,40052,40062,10
13.0068998337,80.2406005859,40062,40073,11
13.0068702698,80.2407226563,40073,40083,10
13.0068101883,80.2410583496,40083,40093,10
13.0067501068,80.2416305542,40093,40103,10
13.0067396164,80.2419509888,40103,40113,10
13.0067300797,80.2423095703,40113,40123,10
13.0067300797,80.2426300049,40123,40133,10
13.0067100525,80.2430267334,40133,40153,20
13.0067100525,80.2430267334,40153,40163,10
13.0066795349,80.2435379028,40163,40183,20
13.0066795349,80.2435379028,40183,40194,11
13.0066795349,80.2440032959,40194,40204,10
13.0066995621,80.2443771362,40204,40214,10
13.0066795349,80.2448120117,40214,40224,10
13.0066795349,80.2452011108,40224,40234,10
13.0066995621,80.2456283569,40234,40244,10
13.0066900253,80.2462234497,40244,40254,10
13.0066900253,80.2468109131,40254,40265,11
13.0067100525,80.2473678589,40265,40275,10
13.0066995621,80.2480697632,40275,40285,10
13.0067501068,80.2488937378,40285,40295,10
13.0067996979,80.2498474121,40295,40305,10
13.006819725,80.2507705688,40305,40315,10
13.0068101883,80.2514190674,40315,40365,50
13.0068101883,80.2514190674,40365,40375,10
13.0067396164,80.2518310547,40375,40385,10
13.0066003799,80.2524032593,40385,40395,10
13.0065698624,80.2531814575,40395,40405,10
13.0065898895,80.2541275024,40405,40418,13
13.006649971,80.2554397583,40418,40428,10
13.0066604614,80.2565002441,40428,40438,10
13.0067396164,80.2571563721,40438,40478,40
13.0067396164,80.2571563721,40478,40488,10
13.0066404343,80.2573623657,40488,40498,10
13.0066995621,80.2575836182,40498,40508,10
13.0069503784,80.2580795288,40508,40518,10
13.0073604584,80.2584991455,40518,40529,11
13.0082502365,80.2588500977,40529,40539,10
13.008480072,80.2589263916,40539,40549,10
13.0086202621,80.2590408325,40549,40559,10
13.0090398788,80.2590789795,40559,40569,10
13.0097999573,80.2591018677,40569,40579,10
13.0106897354,80.2591018677,40579,40589,10
13.0116996765,80.2590789795,40589,40599,10
13.0127696991,80.2591171265,40599,40609,10
13.0139102936,80.2591705322,40609,40619,10
13.0150203705,80.2592086792,40619,40629,10
13.0158996582,80.2593765259,40629,40640,11
13.0164003372,80.2596435547,40640,40650,10
13.016409874,80.2596511841,40650,40660,10
13.0165300369,80.2597579956,40660,40670,10
13.0168199539,80.259979248,40670,40680,10
13.0172996521,80.2603225708,40680,40690,10
13.0179700851,80.2607574463,40690,40700,10
13.0185899734,80.2611694336,40700,40710,10
13.0190696716,80.2615890503,40710,40720,10
13.0194396973,80.2619094849,40720,40730,10
13.0197200775,80.2621994019,40730,40740,10
13.0202198029,80.2626495361,40740,40750,10
13.0201301575,80.2629776001,40750,40761,11
13.0194196701,80.2629623413,40761,40771,10
13.0190200806,80.2630462646,40771,40781,10
13.019080162,80.2636184692,40781,40791,10
13.0191602707,80.2640304565,40791,40801,10
13.0191202164,80.2643966675,40801,40811,10
13.0189304352,80.2650604248,40811,40821,10
13.0187902451,80.2655792236,40821,40831,10
13.018699646,80.2663269043,40831,40841,10
13.0188999176,80.2672195435,40841,40851,10
13.0194501877,80.2680130005,40851,40861,10
13.0201396942,80.2688598633,40861,40872,11
13.0207996368,80.2696990967,40872,40882,10
13.0212898254,80.2702789307,40882,40892,10
13.0214796066,80.2704925537,40892,40902,10
13.0216398239,80.2707214355,40902,40912,10
13.0220298767,80.2712097168,40912,40922,10
13.022190094,80.2714080811,40922,40932,10
13.022480011,80.2717819214,40932,40942,10
13.0229301453,80.2723693848,40942,40952,10
13.0235004425,80.2731170654,40952,41013,61
13.0235004425,80.2731170654,41013,41023,10
13.0237503052,80.2734603882,41023,41033,10
13.0241203308,80.2739715576,41033,41043,10
13.0243997574,80.2743530273,41043,41053,10
13.0247802734,80.2746276855,41053,41063,10
13.0251502991,80.2747573853,41063,41073,10
13.0251903534,80.274772644,41073,41083,10
13.0254802704,80.2749023438,41083,41094,11
13.0259504318,80.2751464844,41094,41104,10
13.0265102386,80.2754211426,41104,41114,10
13.027179718,80.2757110596,41114,41124,10
13.0277900696,80.2759475708,41124,41134,10
13.028459549,80.2762298584,41134,41144,10
13.0287704468,80.2763366699,41144,41154,10
13.0293703079,80.276550293,41154,41164,10
13.0300397873,80.2767486572,41164,41174,10
13.0305900574,80.2770004272,41174,41184,10
13.0309400558,80.2772293091,41184,41194,10
13.0313396454,80.2774810791,41194,41205,11
13.0317001343,80.2775268555,41205,41215,10
13.0320596695,80.2775192261,41215,41255,40
13.0320596695,80.2775192261,41255,41265,10
13.0322303772,80.2775878906,41265,41275,10
13.0325603485,80.2774810791,41275,41286,11
13.0332698822,80.2773590088,41286,41335,49
13.0332698822,80.2773590088,41335,41345,10
13.0334196091,80.2773895264,41345,41355,10
13.0338001251,80.2773666382,41355,41367,12
13.0345401764,80.2775497437,41367,41375,8
13.0350999832,80.277633667,41375,41386,11
13.0359897614,80.2778015137,41386,41397,11
13.0368299484,80.2780532837,41397,41406,9
13.0374698639,80.2782592773,41406,41416,10
13.0382900238,80.2784881592,41416,41426,10
13.0389003754,80.2786712646,41426,41436,10
13.0389204025,80.278678894,41436,41446,10
13.0391101837,80.2787628174,41446,41456,10
13.0395803452,80.2789077759,41456,41466,10
13.0403404236,80.2791366577,41466,41476,10
13.0412101746,80.2793273926,41476,41486,10
13.0422000885,80.2794723511,41486,41496,10
13.0431203842,80.2795410156,41496,41536,40
13.0431203842,80.2795410156,41536,41549,13
13.0432395935,80.2795562744,41549,41559,10
13.0437297821,80.2797393799,41559,41569,10
13.0444803238,80.2799072266,41569,41577,8
13.0452299118,80.2800216675,41577,41589,12
13.0464897156,80.2801895142,41589,41599,10
13.0476799011,80.2803497314,41599,41609,10
13.0489301682,80.2805328369,41609,41619,10
13.0500402451,80.2806777954,41619,41629,10
13.0510902405,80.2808380127,41629,41639,10
13.0522403717,80.2810211182,41639,41649,10
13.0533800125,80.2811889648,41649,41660,11
13.0545196533,80.2813796997,41660,41670,10
13.0555896759,80.2816009521,41670,41680,10
13.0564603806,80.2817611694,41680,41700,20
13.0564603806,80.2817611694,41700,41710,10
13.0564899445,80.2817764282,41710,41720,10
13.0569200516,80.281867981,41720,41730,10
13.0573797226,80.2819595337,41730,41740,10
13.0580196381,80.2820892334,41740,41750,10
13.0588102341,80.2822570801,41750,41759,9
13.0596399307,80.2824325562,41759,41771,12
13.0608596802,80.282699585,41771,41781,10
13.0616397858,80.2828674316,41781,41791,10
13.0623598099,80.2830200195,41791,41801,10
13.0629501343,80.2831497192,41801,41811,10
13.0629997253,80.2831726074,41811,41821,10
13.0633802414,80.2832565308,41821,41831,10
13.0640802383,80.283416748,41831,41841,10
13.0650100708,80.2836380005,41841,41851,10
13.0661096573,80.2838973999,41851,41861,10
13.0671396255,80.2841262817,41861,41871,10
13.0675201416,80.2841873169,41871,41881,10
13.0679597855,80.2842407227,41881,41892,11
13.0686702728,80.2844085693,41892,41902,10
13.0694704056,80.2845916748,41902,41910,8
13.070110321,80.2847518921,41910,41922,12
13.0713195801,80.2850723267,41922,41932,10
13.0724897385,80.2853393555,41932,41942,10
13.0735197067,80.2853469849,41942,41952,10
13.0740003586,80.2855911255,41952,41962,10
13.0743703842,80.2860565186,41962,41972,10
13.0750398636,80.2864990234,41972,41982,10
13.0758800507,80.2869567871,41982,41992,10
13.0769500732,80.2872390747,41992,42003,11
13.0780601501,80.2875289917,42003,42013,10
13.0789699554,80.2878036499,42013,42023,10
13.0798597336,80.2880935669,42023,42033,10
13.0805702209,80.2882232666,42033,42043,10
13.0806598663,80.2882385254,42043,42053,10
13.081029892,80.2883605957,42053,42063,10
13.0816602707,80.2885818481,42063,42073,10
13.082400322,80.2888793945,42073,42083,10
13.08314991,80.2891769409,42083,42093,10
13.0840301514,80.2891464233,42093,42103,10
13.0849895477,80.2891311646,42103,42114,11
13.0861196518,80.2893066406,42114,42124,10
13.0871295929,80.2896194458,42124,42134,10
13.0880203247,80.2900085449,42134,42144,10
13.0886201859,80.2901229858,42144,42154,10
13.0886802673,80.2901306152,42154,42164,10
13.0887804031,80.2901992798,42164,42174,10
13.0887403488,80.2904129028,42174,42184,10
13.088350296,80.2902908325,42184,42194,10
13.0877103806,80.2900314331,42194,42204,10
13.0870895386,80.2898101807,42204,42214,10
13.0862903595,80.2895889282,42214,42225,11
13.0856199265,80.2892227173,42225,42235,10
13.0852203369,80.2885284424,42235,42245,10
13.085100174,80.2875366211,42245,42255,10
13.0851898193,80.2864074707,42255,42262,7
13.0852499008,80.285697937,42262,42275,13
13.085269928,80.2844772339,42275,42285,10
13.0851898193,80.2841110229,42285,42295,10
13.0852203369,80.284072876,42295,42305,10
13.0853996277,80.2837524414,42305,42315,10
13.0855197906,80.2835693359,42315,42325,10
13.0859203339,80.2835693359,42325,42332,7
13.0861701965,80.2835769653,42332,42346,14
13.0866603851,80.2839202881,42346,42406,60
13.0866603851,80.2839202881,42406,42416,10
13.0870704651,80.2839584351,42416,42569,153
13.0870704651,80.2839584351,42569,42579,10
13.087220192,80.2839736938,42579,42589,10
13.0873804092,80.2839813232,42589,42599,10
13.0875501633,80.2839813232,42599,42607,8
13.0878696442,80.2839508057,42607,42680,73
13.0881795883,80.2837524414,42680,42730,50
13.0881795883,80.2837524414,42730,42740,10
13.0883703232,80.2834014893,42740,42750,10
13.0883598328,80.2833023071,42750,42757,7
13.088350296,80.2831192017,42757,42770,13
13.0883398056,80.2826538086,42770,42780,10
13.0882902145,80.2822418213,42780,42790,10
13.088139534,80.2817611694,42790,42801,11
13.0881004333,80.2815170288,42801,42811,10
13.0881004333,80.2815093994,42811,42821,10
13.0883197784,80.2815170288,42821,42831,10
13.0885696411,80.2816925049,42831,42841,10
13.0884895325,80.2821426392,42841,42851,10
13.0884199142,80.2825164795,42851,42861,10
13.0883398056,80.2828369141,42861,42871,10
13.0882997513,80.2832183838,42871,42881,10
13.0882997513,80.283241272,42881,42891,10
13.0883197784,80.2834320068,42891,42901,10
13.0883398056,80.2837371826,42901,42912,11
13.0883703232,80.2841720581,42912,42922,10
13.0884103775,80.2848129272,42922,43002,80
13.0884103775,80.2848129272,43002,43012,10
13.088470459,80.2850036621,43012,43023,11
13.0884799957,80.2853088379,43023,43033,10
13.0884799957,80.2855834961,43033,43043,10
13.0884895325,80.2858200073,43043,43053,10
13.0884799957,80.2861785889,43053,43063,10
13.0885000229,80.2864837646,43063,43073,10
13.0885000229,80.2867736816,43073,43083,10
13.08852005,80.2871398926,43083,43092,9
13.0885295868,80.287399292,43092,43103,11
13.0885400772,80.2876663208,43103,43113,10
13.0886096954,80.2882080078,43113,43123,10
13.0886602402,80.2885131836,43123,43134,11
13.0886602402,80.2888412476,43134,43144,10
13.0887498856,80.2893371582,43144,43154,10
13.088760376,80.2895126343,43154,43164,10
13.0888004303,80.2900238037,43164,43174,10
13.0887403488,80.2903823853,43174,43184,10
13.0883398056,80.2902908325,43184,43194,10
13.0877799988,80.2900314331,43194,43214,20
13.0877799988,80.2900314331,43214,43224,10
13.0875396729,80.2899017334,43224,43234,10
13.0870103836,80.289680481,43234,43245,11
13.0860700607,80.289390564,43245,43255,10
13.0851202011,80.2892303467,43255,43265,10
13.0842399597,80.2892379761,43265,43275,10
13.0834903717,80.2892532349,43275,43285,10
13.0827198029,80.2891082764,43285,43295,10
13.0818500519,80.2887496948,43295,43305,10
13.0809001923,80.2884521484,43305,43315,10
13.0802001953,80.2882385254,43315,43325,10
13.0801200867,80.288230896,43325,43335,10
13.080039978,80.2882080078,43335,43345,10
13.0795698166,80.2881317139,43345,43355,10
13.0788602829,80.2878417969,43355,43366,11
13.0778198242,80.2875366211,43366,43376,10
13.0767602921,80.2872772217,43376,43386,10
13.0756797791,80.2869796753,43386,43396,10
13.0747404099,80.2864074707,43396,43406,10
13.0737600327,80.2860336304,43406,43416,10
13.0729799271,80.2857666016,43416,43426,10
13.0722303391,80.2854003906,43426,43436,10
13.0712003708,80.285118103,43436,43446,10
13.0700702667,80.2848205566,43446,43456,10
13.0689697266,80.2845687866,43456,43466,10
13.0680999756,80.2843704224,43466,43476,10
13.0679197311,80.2843322754,43476,43487,11
13.0677099228,80.2843322754,43487,43495,8
13.0672502518,80.2842407227,43495,43507,12
13.0662298203,80.2840194702,43507,43516,9
13.0653495789,80.283821106,43516,43526,10
13.0643501282,80.2835922241,43526,43537,11
13.0633296967,80.2833404541,43537,43547,10
13.0625801086,80.2831573486,43547,43557,10
13.0625095367,80.2831497192,43557,43567,10
13.0621299744,80.2830505371,43567,43577,10
13.0614500046,80.2828979492,43577,43588,11
13.0604496002,80.2826690674,43588,43598,10
13.0593500137,80.2824401855,43598,43608,10
13.0582304001,80.2822036743,43608,43618,10
13.0573396683,80.2820281982,43618,43628,10
13.0567798615,80.2819290161,43628,43638,10
13.0567302704,80.2819213867,43638,43648,10
13.0563001633,80.2818374634,43648,43657,9
13.0556602478,80.2817001343,43657,43668,11
13.0546197891,80.2814865112,43668,43678,10
13.0535802841,80.281288147,43678,43688,10
13.0525398254,80.2811203003,43688,43700,12
13.0512695313,80.2809524536,43700,43710,10
13.050330162,80.2808074951,43710,43720,10
13.0493097305,80.2806472778,43720,43730,10
13.0482196808,80.2804870605,43730,43740,10
13.0470199585,80.2803268433,43740,43750,10
13.0459098816,80.280166626,43750,43760,10
13.0447702408,80.2800216675,43760,43770,10
13.0437202454,80.2798614502,43770,43780,10
13.0426998138,80.2796630859,43780,43790,10
13.0414800644,80.2794418335,43790,43800,10
13.0401802063,80.2791595459,43800,43811,11
13.0392599106,80.2789230347,43811,43821,10
13.0391597748,80.2788925171,43821,43831,10
13.0388498306,80.2787704468,43831,43841,10
13.0382995605,80.2785720825,43841,43851,10
13.0375699997,80.2783508301,43851,43861,10
13.0369596481,80.2781982422,43861,43871,10
13.0363197327,80.2779769897,43871,43881,10
13.0357303619,80.2778091431,43881,43891,10
13.035320282,80.2777481079,43891,43901,10
13.0346603394,80.2776412964,43901,43911,10
13.0339403152,80.2774810791,43911,43942,31
13.0339403152,80.2774810791,43942,43952,10
13.033659935,80.2773971558,43952,43962,10
13.0332803726,80.2774505615,43962,43972,10
13.0328702927,80.2775192261,43972,43982,10
13.0324201584,80.2775192261,43982,44012,30
13.0324201584,80.2775192261,44012,44022,10
13.0320396423,80.2775802612,44022,44032,10
13.0316295624,80.2776184082,44032,44043,11
13.0307502747,80.2772598267,44043,44053,10
13.0307502747,80.2772598267,44053,44063,10
13.0304498672,80.2770614624,44063,44071,8
13.0261001587,80.2753219604,44071,44138,67
13.0261001587,80.2753219604,44138,44160,22
13.0254201889,80.2750167847,44160,44168,8
13.0245504379,80.2745895386,44168,44188,20
13.0245504379,80.2745895386,44188,44198,10
13.0245504379,80.274520874,44198,44208,10
13.0242300034,80.2742614746,44208,44218,10
13.023900032,80.2738037109,44218,44228,10
13.0234603882,80.2732009888,44228,44238,10
13.0228796005,80.2723999023,44238,44248,10
13.0222797394,80.2716064453,44248,44261,13
13.0215501785,80.2706604004,44261,44271,10
13.0210399628,80.2700805664,44271,44281,10
13.0208597183,80.2699203491,44281,44291,10
13.0207796097,80.2698364258,44291,44301,10
13.020529747,80.2694702148,44301,44311,10
13.0200595856,80.268913269,44311,44321,10
13.0195798874,80.2682800293,44321,44331,10
13.019080162,80.2676620483,44331,44341,10
13.018699646,80.2668380737,44341,44351,10
13.0186395645,80.2659988403,44351,44361,10
13.0187902451,80.2653198242,44361,44371,10
13.0190200806,80.2645111084,44371,44382,11
13.0190095901,80.2636795044,44382,44392,10
13.0189599991,80.2633666992,44392,44402,10
13.0188798904,80.2630233765,44402,44412,10
13.0188503265,80.2625274658,44412,44422,10
13.0187702179,80.261756897,44422,44432,10
13.0186004639,80.2612762451,44432,44442,10
13.018239975,80.2610397339,44442,44452,10
13.0177202225,80.2607421875,44452,44462,10
13.017250061,80.2603988647,44462,44472,10
13.0166797638,80.2600479126,44472,44482,10
13.0161800385,80.2597732544,44482,44493,11
13.0161600113,80.2597503662,44493,44503,10
13.0159101486,80.2595977783,44503,44513,10
13.0153503418,80.2593994141,44513,44523,10
13.0146102905,80.2593078613,44523,44533,10
13.013710022,80.2592697144,44533,44543,10
13.0126399994,80.2592315674,44543,44553,10
13.0115404129,80.2591934204,44553,44563,10
13.0104999542,80.2591781616,44563,44573,10
13.0094299316,80.2591781616,44573,44583,10
13.0084600449,80.259147644,44583,44593,10
13.0076198578,80.2588577271,44593,44604,11
13.0069198608,80.2581863403,44604,44614,10
13.0065603256,80.2573394775,44614,44624,10
13.0065097809,80.2563171387,44624,44634,10
13.0065202713,80.255279541,44634,44644,10
13.006529808,80.25440979,44644,44654,10
13.0065202713,80.2539825439,44654,44664,10
13.0065603256,80.2538833618,44664,44674,10
13.0065898895,80.2535171509,44674,44684,10
13.0066204071,80.2533569336,44684,44694,10
13.0066003799,80.2529983521,44694,44703,9
13.0066003799,80.2529067993,44703,44715,12
13.0066204071,80.2526092529,44715,44725,10
13.0066900253,80.2520217896,44725,44735,10
13.0067396164,80.2515335083,44735,44745,10
13.0067901611,80.2508163452,44745,44785,40
13.0068302155,80.2505874634,44785,44906,121
13.0068302155,80.2505874634,44906,44916,10
13.0068798065,80.250541687,44916,44926,10
13.0068502426,80.2501373291,44926,44935,9
13.0068702698,80.2498626709,44935,44946,11
13.0068798065,80.2496109009,44946,44955,9
13.0068798065,80.2492828369,44955,44966,11
13.0067596436,80.2485809326,44966,45118,152
13.0067596436,80.2485809326,45118,45128,10
13.0066404343,80.2480926514,45128,45138,10
13.006649971,80.2478027344,45138,45148,10
13.0066604614,80.2472381592,45148,45158,10
13.0065803528,80.246673584,45158,45168,10
13.0066003799,80.2464981079,45168,45178,10
13.0066204071,80.246307373,45178,45188,10
13.0066099167,80.2457122803,45188,45198,10
13.0065803528,80.2450714111,45198,45208,10
13.0065603256,80.2445068359,45208,45218,10
13.0065402985,80.2441177368,45218,45229,11
13.0065603256,80.2434997559,45229,45238,9
13.006529808,80.2429885864,45238,45249,11
13.0065402985,80.2420425415,45249,45259,10
13.0066099167,80.2410888672,45259,45269,10
13.0066404343,80.2406234741,45269,45279,10
13.006649971,80.2404403687,45279,45289,10
13.0067195892,80.2400512695,45289,45299,10
13.0068597794,80.2393417358,45299,45309,10
13.007060051,80.2384033203,45309,45319,10
13.0072698593,80.2375411987,45319,45329,10
13.0073604584,80.2368392944,45329,45339,10
13.0073795319,80.2367782593,45339,45349,10
13.0074396133,80.236618042,45349,45359,10
13.0075702667,80.2361297607,45359,45369,10
13.0076999664,80.2353973389,45369,45380,11
13.0078897476,80.2343902588,45380,45389,9
13.0080795288,80.2334518433,45389,45402,13
13.0084104538,80.2318496704,45402,45412,10
13.0086698532,80.23046875,45412,45421,9
13.0089302063,80.2291870117,45421,45434,13
13.0094003677,80.2275924683,45434,45444,10
13.0099201202,80.2264175415,45444,45454,10
13.0103397369,80.2255325317,45454,45464,10
13.01060009,80.2249908447,45464,45474,10
13.0108098984,80.2245101929,45474,45484,10
13.0109500885,80.2241210938,45484,45494,10
13.0110797882,80.2238006592,45494,45504,10
13.0112695694,80.2232589722,45504,45515,11
13.0108299255,80.2229614258,45515,45525,10
13.010140419,80.2226104736,45525,45535,10
13.0093297958,80.2221832275,45535,45545,10
13.008480072,80.2217025757,45545,45555,10
13.0076799393,80.2212905884,45555,45565,10
13.0069503784,80.220916748,45565,45575,10
13.0061502457,80.2206115723,45575,45585,10
13.0053796768,80.2204437256,45585,45595,10
13.004650116,80.2202682495,45595,45605,10
13.0039100647,80.2200775146,45605,45615,10
13.0031003952,80.219871521,45615,45626,11
13.0023002625,80.2193374634,45626,45636,10
13.0017299652,80.2187576294,45636,45646,10
13.0010700226,80.2182769775,45646,45656,10
13.0004301071,80.2178497314,45656,45667,11
12.9996595383,80.217376709,45667,45678,11
12.9988098145,80.2169494629,45678,45688,10
12.9980201721,80.2166366577,45688,45698,10
12.997420311,80.2165679932,45698,45708,10
12.9973897934,80.2165603638,45708,45718,10
12.9970798492,80.2165374756,45718,45728,10
12.9964504242,80.216583252,45728,45738,10
12.9958000183,80.2167434692,45738,45748,10
12.9952402115,80.2169876099,45748,45758,10
12.9949398041,80.2171630859,45758,45768,10
12.9945402145,80.2174606323,45768,45778,10
12.9940595627,80.2177963257,45778,45788,10
12.993470192,80.2182312012,45788,45798,10
12.992890358,80.2186279297,45798,45808,10
12.9921703339,80.2191696167,45808,45818,10
12.9914903641,80.2197036743,45818,45829,11
12.9908599854,80.2201309204,45829,45839,10
12.9908103943,80.220161438,45839,45849,10
12.9906196594,80.2203063965,45849,45860,11
12.9900999069,80.2207183838,45860,45870,10
12.989569664,80.2211914063,45870,45880,10
12.989109993,80.2217407227,45880,45890,10
12.9886398315,80.2223434448,45890,45900,10
12.9881000519,80.2228393555,45900,45910,10
12.9876098633,80.2230682373,45910,45920,10
12.9874296188,80.2230834961,45920,45929,9
12.9872102737,80.2230606079,45929,45940,11
12.9870300293,80.2230529785,45940,45950,10
12.9866199493,80.2229766846,45950,45960,10
12.986579895,80.2229766846,45960,45972,12
12.9863796234,80.2229537964,45972,45982,10
12.9859399796,80.2229614258,45982,45992,10
12.9855203629,80.2232589722,45992,46002,10
12.9851799011,80.2232437134,46002,46012,10
12.9846096039,80.2229995728,46012,46022,10
12.9840898514,80.2227172852,46022,46032,10
12.9832801819,80.2222290039,46032,46052,20
12.9832801819,80.2222290039,46052,46062,10
12.9830799103,80.2221069336,46062,46072,10
12.98279953,80.2219924927,46072,46083,11
12.9825401306,80.2218933105,46083,46093,10
12.9822301865,80.2217712402,46093,46103,10
12.9818601608,80.2215118408,46103,46113,10
12.9814596176,80.2212905884,46113,46123,10
12.9808397293,80.2210922241,46123,46133,10
12.980099678,80.2211227417,46133,46143,10
12.9792299271,80.2211608887,46143,46153,10
12.9784202576,80.2211608887,46153,46163,10
12.9778604507,80.2211380005,46163,46173,10
12.9771499634,80.2212219238,46173,46183,10
12.9765796661,80.2212295532,46183,46194,11
12.9761600494,80.2213363647,46194,46204,10
12.976149559,80.2213363647,46204,46214,10
12.976149559,80.2215270996,46214,46224,10
12.9764499664,80.2219924927,46224,46234,10
12.9766998291,80.2223205566,46234,46698,464
12.9766998291,80.2223205566,46698,46708,10
12.9766902924,80.2224273682,46708,46718,10
12.9767398834,80.2225189209,46718,46728,10
12.9768400192,80.2226486206,46728,46738,10
12.9770097733,80.2227935791,46738,46748,10
12.9773702621,80.2227325439,46748,46758,10
12.9774703979,80.2224884033,46758,46769,11
12.9774599075,80.22215271,46769,46779,10
12.9774303436,80.221862793,46779,46789,10
12.9774303436,80.2214736938,46789,46799,10
12.9775104523,80.2212905884,46799,46809,10
12.9778699875,80.2212524414,46809,46819,10
12.9783296585,80.2211608887,46819,46829,10
12.9791002274,80.2210922241,46829,46839,10
12.9799203873,80.2210235596,46839,46849,10
12.9805297852,80.220993042,46849,46859,10
12.9811000824,80.2210464478,46859,46869,10
12.9816904068,80.2213973999,46869,46879,10
12.9822702408,80.2217330933,46879,46889,10
12.9829502106,80.2219619751,46889,46950,61
12.9829502106,80.2219619751,46950,46959,9
12.9832801819,80.2221908569,46959,46980,21
12.9832801819,80.2221908569,46980,46990,10
12.9834499359,80.2223434448,46990,47000,10
12.983590126,80.2224273682,47000,47010,10
12.9836702347,80.2224807739,47010,47020,10
12.9837999344,80.2225494385,47020,47030,10
12.9839897156,80.2226409912,47030,47040,10
12.9843902588,80.2228622437,47040,47050,10
12.9849004745,80.2231521606,47050,47060,10
12.9853897095,80.2232666016,47060,47070,10
12.9858398438,80.2229614258,47070,47080,10
12.9863395691,80.2229537964,47080,47090,10
12.9864597321,80.2229614258,47090,47103,13
12.9868202209,80.2230072021,47103,47113,10
12.9871301651,80.2230606079,47113,47123,10
12.9877004623,80.2230377197,47123,47133,10
12.9883298874,80.2226104736,47133,47143,10
12.9889001846,80.2220687866,47143,47153,10
12.9894895554,80.2213592529,47153,47163,10
12.9905004501,80.2203369141,47163,47183,20
12.9905004501,80.2203369141,47183,47193,10
12.990650177,80.220199585,47193,47203,10
12.9909801483,80.2199478149,47203,47213,10
12.991350174,80.2196426392,47213,47224,11
12.9919500351,80.2192306519,47224,47234,10
12.9926595688,80.2186965942,47234,47244,10
12.9934301376,80.2181167603,47244,47254,10
12.9941501617,80.2175979614,47254,47264,10
12.9947004318,80.2172164917,47264,47274,10
12.9949398041,80.217048645,47274,47284,10
12.9953699112,80.2167892456,47284,47294,10
12.9960298538,80.2165985107,47294,47304,10
12.9968099594,80.2164764404,47304,47314,10
12.9972496033,80.2164077759,47314,47324,10
12.9975595474,80.2164535522,47324,47335,11
12.9978303909,80.2164916992,47335,47345,10
12.9983901978,80.2166366577,47345,47355,10
12.9991397858,80.2169876099,47355,47365,10
12.9998998642,80.2174377441,47365,47375,10
13.0006198883,80.2179107666,47375,47385,10
13.0012302399,80.2182769775,47385,47395,10
13.0018997192,80.2188568115,47395,47405,10
13.0025396347,80.2195205688,47405,47415,10
13.0032300949,80.2198562622,47415,47425,10
13.0040502548,80.2200622559,47425,47435,10
13.0050001144,80.2202682495,47435,47446,11
13.0061998367,80.2205429077,47446,47456,10
13.007229805,80.2209472656,47456,47466,10
13.0082998276,80.2215194702,47466,47476,10
13.0093898773,80.2221298218,47476,47486,10
13.0103302002,80.2226486206,47486,47496,10
13.0111198425,80.2229766846,47496,47506,10
13.0112695694,80.2230606079,47506,47516,10
13.011349678,80.2231369019,47516,47526,10
13.0115604401,80.2229003906,47526,47536,10
13.0117998123,80.2222366333,47536,47546,10
13.0121603012,80.2215194702,47546,47557,11
13.0124702454,80.2216186523,47557,47567,10
13.0128202438,80.2221374512,47567,47577,10
13.0134000778,80.2228088379,47577,47587,10
13.0139198303,80.2233428955,47587,47597,10
13.0140600204,80.2235031128,47597,47617,20
13.0140600204,80.2235031128,47617,47627,10
13.0142097473,80.2237625122,47627,47637,10
13.014550209,80.2241821289,47637,47647,10
13.0150604248,80.2248001099,47647,47657,10
13.0153799057,80.2253112793,47657,47667,10
13.0152797699,80.2257537842,47667,47678,11
13.0150995255,80.2258682251,47678,47688,10
13.0147104263,80.2260513306,47688,47698,10
13.0144100189,80.2261962891,47698,47708,10
13.0141801834,80.2262878418,47708,47718,10
13.013710022,80.2264862061,47718,47728,10
13.0129804611,80.2267608643,47728,47738,10
13.0120601654,80.2271194458,47738,47748,10
13.0109796524,80.2275390625,47748,47758,10
13.0098896027,80.2280197144,47758,47768,10
13.0091104507,80.2286987305,47768,47778,10
13.0088796616,80.2298812866,47778,47789,11
13.008600235,80.2313308716,47789,47799,10
13.0083503723,80.2326126099,47799,47809,10
13.0081596375,80.2336502075,47809,47819,10
13.0081195831,80.2339096069,47819,47829,10
13.0080404282,80.2343597412,47829,47839,10
13.0078802109,80.2351226807,47839,47849,10
13.0076704025,80.2361297607,47849,47859,10
13.0074596405,80.2372131348,47859,47869,10
13.0072898865,80.2381820679,47869,47879,10
13.0071001053,80.2391586304,47879,47889,10
13.0070104599,80.2395935059,47889,47900,11
13.0069799423,80.2397079468,47900,47910,10
13.0068998337,80.2401428223,47910,47920,10
13.0068597794,80.2405014038,47920,47930,10
13.0068397522,80.2406234741,47930,47940,10
13.006770134,80.2409667969,47940,47950,10
13.0067300797,80.2416610718,47950,47960,10
13.0066995621,80.2425003052,47960,47970,10
13.0066795349,80.2433624268,47970,47980,10
13.0066795349,80.2442703247,47980,47990,10
13.0066900253,80.2448425293,47990,48000,10
13.0066900253,80.245010376,48000,48010,10
13.0066995621,80.2454833984,48010,48020,10
13.0067396164,80.2462005615,48020,48030,10
13.0067596436,80.2469177246,48030,48040,10
13.0067195892,80.2477416992,48040,48050,10
13.0067596436,80.2487411499,48050,48062,12
13.0067996979,80.249961853,48062,48071,9
13.006819725,80.2508087158,48071,48081,10
13.0068101883,80.251083374,48081,48091,10
13.0068101883,80.2512588501,48091,48101,10
13.0067195892,80.2516403198,48101,48111,10
13.0065698624,80.2523422241,48111,48121,10
13.006529808,80.2532119751,48121,48131,10
13.006529808,80.254119873,48131,48141,10
13.0065603256,80.2548065186,48141,48151,10
13.0065803528,80.2555999756,48151,48161,10
13.0065898895,80.2566070557,48161,48171,10
13.0067501068,80.2575683594,48171,48181,10
13.007229805,80.2584075928,48181,48191,10
13.0077400208,80.2587203979,48191,48201,10
13.0084400177,80.2589569092,48201,48213,12
13.0085802078,80.2590408325,48213,48221,8
13.0088396072,80.2590789795,48221,48234,13
13.0096197128,80.2590484619,48234,48244,10
13.0105600357,80.2590637207,48244,48254,10
13.0116596222,80.2590484619,48254,48264,10
13.0128803253,80.2590866089,48264,48274,10
13.0142202377,80.259147644,48274,48284,10
13.0155096054,80.2592391968,48284,48294,10
13.0164203644,80.2596511841,48294,48314,20
13.0164203644,80.2596511841,48314,48324,10
13.0165395737,80.2597808838,48324,48334,10
13.0168600082,80.2600479126,48334,48344,10
13.0174798965,80.2604675293,48344,48355,11
13.0183696747,80.2610473633,48355,48365,10
13.0190401077,80.2615890503,48365,48375,10
13.0194101334,80.2619018555,48375,48385,10
13.0198297501,80.2623519897,48385,48395,10
13.0203399658,80.2629013062,48395,48405,10
13.0198202133,80.2629776001,48405,48415,10
13.0191698074,80.2629623413,48415,48425,10
13.0190200806,80.2632827759,48425,48435,10
13.019109726,80.2640304565,48435,48445,10
13.0189304352,80.2649612427,48445,48454,9
13.0188102722,80.265411377,48454,48466,12
13.0186595917,80.2659988403,48466,48476,10
13.0187196732,80.2668075562,48476,48486,10
13.0190896988,80.2675933838,48486,48496,10
13.0196895599,80.2683334351,48496,48506,10
13.0203895569,80.2691802979,48506,48516,10
13.0209703445,80.2698669434,48516,48526,10
13.0214500427,80.2704391479,48526,48536,10
13.0214996338,80.2705001831,48536,48546,10
13.0217695236,80.2708511353,48546,48555,9
13.0221595764,80.2713470459,48555,48597,42
13.0239896774,80.2738113403,48597,48607,10
13.0239896774,80.2738113403,48607,48617,10
13.0243396759,80.2742919922,48617,48625,8
13.0246801376,80.2746124268,48625,48639,14
13.0253601074,80.2748718262,48639,48659,20
13.0253601074,80.2748718262,48659,48669,10
13.025639534,80.2750167847,48669,48679,10
13.0258798599,80.275138855,48679,48690,11
13.0266504288,80.2754898071,48690,48710,20
13.0266504288,80.2754898071,48710,48720,10
13.0268096924,80.2755508423,48720,48802,82
13.0268096924,80.2755508423,48802,48812,10
13.0271396637,80.2757568359,48812,48984,172
13.0271396637,80.2757568359,48984,48994,10
13.0273799896,80.2759933472,48994,49004,10
13.027589798,80.276008606,49004,49035,31
13.027589798,80.276008606,49035,49045,10
13.0279302597,80.2760925293,49045,49055,10
13.0280199051,80.2761001587,49055,49065,10
13.0283298492,80.276222229,49065,49125,60
13.0283298492,80.276222229,49125,49135,10
13.0286502838,80.2763595581,49135,49146,11
13.0286798477,80.2763595581,49146,49156,10
13.0289201736,80.2764816284,49156,49166,10
13.029299736,80.2766113281,49166,49176,10
13.029589653,80.2766799927,49176,49186,10
13.0299301147,80.2767715454,49186,49196,10
13.0305404663,80.2770385742,49196,49206,10
13.0308704376,80.2772674561,49206,49216,10
13.0309801102,80.2773513794,49216,49226,10
13.0313301086,80.2775497437,49226,49236,10
13.0317201614,80.2775726318,49236,49245,9
13.0318803787,80.2776184082,49245,49257,12
13.0322198868,80.2775802612,49257,49267,10
13.0327997208,80.2775192261,49267,49287,20
13.0327997208,80.2775192261,49287,49297,10
13.0329904556,80.2774429321,49297,49307,10
13.0333795547,80.2773590088,49307,49317,10
13.0338096619,80.277381897,49317,49327,10
13.0343399048,80.2774963379,49327,49337,10
13.0346899033,80.2775878906,49337,49347,10
13.034910202,80.2776184082,49347,49357,10
13.0351400375,80.2776565552,49357,49368,11
13.0356197357,80.2777481079,49368,49378,10
13.0361604691,80.2778701782,49378,49388,10
13.0368499756,80.2780914307,49388,49398,10
13.0373296738,80.2782974243,49398,49408,10
13.0380401611,80.2784500122,49408,49418,10
13.0386600494,80.2786178589,49418,49428,10
13.0387296677,80.2786407471,49428,49438,10
13.0389795303,80.2787094116,49438,49448,10
13.0394496918,80.2788696289,49448,49458,10
13.0402202606,80.2790908813,49458,49468,10
13.0410900116,80.2792816162,49468,49478,10
13.0419397354,80.2794113159,49478,49489,11
13.042840004,80.2794723511,49489,49499,10
13.0431900024,80.2795028687,49499,49509,10
13.0432500839,80.279510498,49509,49519,10
13.0437002182,80.2797164917,49519,49529,10
13.0444402695,80.2798919678,49529,49539,10
13.0454101563,80.2800369263,49539,49549,10
13.0465402603,80.2801895142,49549,49559,10
13.0477304459,80.2803573608,49559,49569,10
13.0488700867,80.2805328369,49569,49579,10
13.0498504639,80.280670166,49579,49589,10
13.0507097244,80.2807922363,49589,49600,11
13.0517196655,80.2809371948,49600,49610,10
13.0528402328,80.2811126709,49610,49620,10
13.0540800095,80.2813110352,49620,49630,10
13.0552797318,80.281539917,49630,49640,10
13.0562295914,80.2817306519,49640,49650,10
13.0564498901,80.2817687988,49650,49660,10
13.0565795898,80.2817993164,49660,49670,10
13.0570402145,80.2818908691,49670,49680,10
13.0573101044,80.2819519043,49680,49690,10
13.0578203201,80.2820663452,49690,49700,10
13.0586395264,80.2822265625,49700,49711,11
13.0597000122,80.2824630737,49711,49721,10
13.0607299805,80.2826690674,49721,49731,10
13.0617103577,80.2828826904,49731,49741,10
13.0631198883,80.2831802368,49741,49761,20
13.0631198883,80.2831802368,49761,49771,10
13.0635004044,80.2832870483,49771,49781,10
13.0638599396,80.2833786011,49781,49801,20
13.0638599396,80.2833786011,49801,49811,10
13.0642004013,80.283493042,49811,49821,10
13.0648202896,80.2836074829,49821,49831,10
13.0657196045,80.2838134766,49831,49841,10
13.066740036,80.2840270996,49841,49851,10
13.0674800873,80.2841186523,49851,49860,9
13.0679502487,80.2842025757,49860,49871,11
13.0687398911,80.2844009399,49871,49881,10
13.0696601868,80.2846374512,49881,49890,9
13.0720796585,80.2852401733,49890,49902,12
13.0720796585,80.2852401733,49902,49913,11
13.0734500885,80.2853164673,49913,49922,9
13.0740003586,80.2855911255,49922,49962,40
13.0757398605,80.2869186401,49962,49972,10
13.0767602921,80.2871932983,49972,49982,10
13.0779304504,80.2874908447,49982,49992,10
13.079079628,80.2878494263,49992,50004,12
13.0802202225,80.2881393433,50004,50014,10
13.0808095932,80.288269043,50014,50023,9
13.0809001923,80.2882995605,50023,50032,9
13.0812902451,80.2884292603,50032,50045,13
13.0822200775,80.2887878418,50045,50055,10
13.0831003189,80.2891616821,50055,50065,10
13.0840597153,80.2891464233,50065,50075,10
13.0852203369,80.2891387939,50075,50085,10
13.0863103867,80.2893676758,50085,50095,10
13.0873003006,80.289680481,50095,50105,10
13.0881795883,80.2900466919,50105,50115,10
13.0887699127,80.2901611328,50115,50186,71
13.0887699127,80.2901611328,50186,50196,10
13.0887699127,80.290397644,50196,50206,10
13.0883197784,80.290222168,50206,50216,10
13.0878200531,80.2900238037,50216,50226,10
13.0873003006,80.2898406982,50226,50236,10
13.0867395401,80.289680481,50236,50246,10
13.0862102509,80.2895431519,50246,50256,10
13.0857801437,80.2894210815,50256,50266,10
13.0857200623,80.289352417,50266,50277,11
13.0854501724,80.2889175415,50277,50287,10
13.0853700638,80.28881073,50287,50297,10
13.0852603912,80.2885971069,50297,50307,10
13.0851297379,80.2880096436,50307,50317,10
13.0851297379,80.2871627808,50317,50325,8
13.0851898193,80.2863311768,50325,50337,12
13.0852804184,80.2852630615,50337,50347,10
13.0852603912,80.2845077515,50347,50356,9
13.0852203369,80.2840576172,50356,50367,11
13.0853796005,80.2837600708,50367,50377,10
13.0855102539,80.2835464478,50377,50388,11
13.0859203339,80.2835388184,50388,50398,10
13.0863304138,80.2835998535,50398,50408,10
13.0867204666,80.2839279175,50408,50638,230
13.0867004395,80.2836914063,50638,51439,801
13.0865802765,80.2833709717,51439,51566,127
13.0866603851,80.2836990356,51566,51721,155
13.0867204666,80.2838516235,51721,52002,281
13.0869998932,80.2838516235,52002,52036,34
13.0872802734,80.2839202881,52036,52065,29
13.0875597,80.2839279175,52065,52095,30
13.0877399445,80.2839126587,52095,52127,32
13.0880002975,80.2839584351,52127,52187,60
13.0881595612,80.2837905884,52187,52217,30
13.0882196426,80.2836074829,52217,52278,61
13.0882997513,80.2832336426,52278,52308,30
13.0883197784,80.2830123901,52308,52339,31
13.0883197784,80.2826309204,52339,52369,30
13.0883197784,80.2826309204,52369,52400,31
13.0882701874,80.2820129395,52400,52410,10
13.0881099701,80.2815628052,52410,52421,11
13.0883798599,80.2814712524,52421,52493,72
13.0883798599,80.2814712524,52493,52503,10
13.0885400772,80.2818222046,52503,52513,10
13.0885095596,80.2819824219,52513,52523,10
13.0884599686,80.2822189331,52523,52533,10
13.0884199142,80.282409668,52533,52543,10
13.0883998871,80.2825622559,52543,52554,11
13.0883598328,80.2827606201,52554,52594,40
13.0883598328,80.2827606201,52594,52604,10
13.0883398056,80.2832870483,52604,52624,20
13.0883398056,80.2832870483,52624,52634,10
13.0883398056,80.2835693359,52634,52644,10
13.0883598328,80.2837600708,52644,52654,10
13.0884103775,80.2842025757,52654,52665,11
13.0884399414,80.284942627,52665,52735,70
13.0884399414,80.284942627,52735,52745,10
13.0883998871,80.2851409912,52745,52755,10
13.0884599686,80.2854995728,52755,52765,10
13.0884799957,80.2859115601,52765,52774,9
13.0884895325,80.2862625122,52774,52786,12
13.0884895325,80.2865982056,52786,52796,10
13.0885400772,80.2871780396,52796,52806,10
13.0885696411,80.2874679565,52806,52816,10
13.0886096954,80.2878723145,52816,52826,10
13.0886602402,80.2883911133,52826,52836,10
13.0886697769,80.2886123657,52836,52846,10
13.0887203217,80.2891082764,52846,52856,10
13.0887403488,80.2895202637,52856,52868,12
13.0887203217,80.2901000977,52868,52899,31
13.0887203217,80.2901000977,52899,52909,10
13.0887298584,80.2903823853,52909,52919,10
13.0884199142,80.2902984619,52919,52929,10
13.0879001617,80.2900314331,52929,52939,10
13.0872898102,80.2897415161,52939,52949,10
13.0865602493,80.2894897461,52949,52959,10
13.0856599808,80.2892684937,52959,52969,10
13.0846595764,80.2891616821,52969,52980,11
13.0835695267,80.2891921997,52980,52990,10
13.0825796127,80.2890319824,52990,53000,10
13.0815696716,80.2886428833,53000,53010,10
13.0805997849,80.2883377075,53010,53020,10
13.0800199509,80.2882080078,53020,53030,10
13.0799102783,80.288192749,53030,53041,11
13.079369545,80.2881011963,53041,53051,10
13.0786304474,80.2877807617,53051,53061,10
13.0776596069,80.2874984741,53061,53071,10
13.0765199661,80.2872085571,53071,53081,10
13.0753202438,80.2867736816,53081,53091,10
13.0743398666,80.2861785889,53091,53101,10
13.0741500854,80.2861022949,53101,53110,9
13.0740003586,80.2860488892,53110,53123,13
13.0732603073,80.2859191895,53123,53133,10
13.0724697113,80.2854766846,53133,53142,9
13.0715703964,80.2852172852,53142,53155,13
13.0701599121,80.2848587036,53155,53165,10
13.0690202713,80.2845916748,53165,53175,10
13.0684404373,80.2844467163,53175,53185,10
13.0683498383,80.2844390869,53185,53195,10
13.0679597855,80.2843704224,53195,53205,10
13.0672397614,80.2842636108,53205,53215,10
13.0663204193,80.2840499878,53215,53225,10
13.065369606,80.2838363647,53225,53236,11
13.0642995834,80.2835922241,53236,53256,20
13.0642995834,80.2835922241,53256,53266,10
13.0641803741,80.2835617065,53266,53275,9
13.0637798309,80.2834625244,53275,53287,12
13.0624799728,80.2831420898,53287,53307,20
13.0624799728,80.2831420898,53307,53317,10
13.0623703003,80.2831115723,53317,53327,10
13.0620698929,80.2830276489,53327,53337,10
13.0614204407,80.2828903198,53337,53348,11
13.0604400635,80.2826690674,53348,53358,10
13.0594301224,80.2824630737,53358,53368,10
13.0584201813,80.2822570801,53368,53378,10
13.0575895309,80.2820892334,53378,53388,10
13.0569095612,80.2819595337,53388,53408,20
13.0569095612,80.2819595337,53408,53418,10
13.0566501617,80.2818984985,53418,53428,10
13.0560302734,80.2817764282,53428,53438,10
13.0551700592,80.2816009521,53438,53448,10
13.0540800095,80.2813720703,53448,53458,10
13.0529603958,80.2811965942,53458,53469,11
13.0517702103,80.2810134888,53469,53479,10
13.0511798859,80.2809066772,53479,53489,10
13.0509901047,80.2808914185,53489,53499,10
13.0504398346,80.2807998657,53499,53509,10
13.0496101379,80.280670166,53509,53519,10
13.0486497879,80.2805404663,53519,53529,10
13.0475301743,80.280380249,53529,53539,10
13.0464496613,80.2802200317,53539,53549,10
13.0454101563,80.280090332,53549,53559,10
13.0444297791,80.2799682617,53559,53569,10
13.043970108,80.2799072266,53569,53580,11
13.0437803268,80.279876709,53580,53590,10
13.0434703827,80.2798309326,53590,53600,10
13.0428600311,80.2796783447,53600,53610,10
13.041970253,80.2795181274,53610,53620,10
13.0409202576,80.2793273926,53620,53630,10
13.0399198532,80.2790908813,53630,53640,10
13.0392999649,80.2789306641,53640,53650,10
13.0392799377,80.2789306641,53650,53660,10
13.0392198563,80.2789230347,53660,53670,10
13.0388498306,80.2788009644,53670,53680,10
13.0382404327,80.2785873413,53680,53690,10
13.0374403,80.2783279419,53690,53700,10
13.036649704,80.2780532837,53700,53710,10
13.0358400345,80.2778396606,53710,53720,10
13.0350704193,80.2777099609,53720,53730,10
13.0345602036,80.2776107788,53730,53740,10
13.0340995789,80.2775115967,53740,53750,10
13.034040451,80.2774887085,53750,53760,10
13.0338802338,80.2774581909,53760,53770,10
13.0334396362,80.2774429321,53770,53781,11
13.0329198837,80.2774963379,53781,53790,9
13.0324296951,80.2775192261,53790,53801,11
13.0317201614,80.2775878906,53801,53811,10
13.0312404633,80.2774429321,53811,53821,10
13.0310001373,80.2772979736,53821,53831,10
13.0308504105,80.2772064209,53831,53842,11
13.0302696228,80.2768936157,53842,53851,9
13.0296697617,80.2766876221,53851,53862,11
13.0289201736,80.2764663696,53862,53871,9
13.028260231,80.276222229,53871,53882,11
13.0274295807,80.2758331299,53882,53892,10
13.0266895294,80.2754821777,53892,53902,10
13.0261602402,80.2752838135,53902,53914,12
13.0260400772,80.2752532959,53914,53924,10
13.0258398056,80.2751617432,53924,53934,10
13.0255002975,80.2750015259,53934,53944,10
13.0248403549,80.2746887207,53944,53954,10
13.0244102478,80.2744216919,53954,53964,10
13.024310112,80.2742996216,53964,53974,10
13.0239696503,80.2738800049,53974,53984,10
13.0235099792,80.2732696533,53984,53993,9
13.023150444,80.2727813721,53993,54004,11
13.0226297379,80.2720794678,54004,54014,10
13.0221204758,80.2714080811,54014,54024,10
13.0217103958,80.2708816528,54024,54033,9
13.0213699341,80.2704620361,54033,54043,10
13.0210695267,80.2700881958,54043,54055,12
13.0208597183,80.2698287964,54055,54065,10
13.0204601288,80.2693328857,54065,54074,9
13.0200099945,80.2687835693,54074,54087,13
13.0193595886,80.2679901123,54087,54097,10
13.0187797546,80.267250061,54097,54107,10
13.0186100006,80.2663269043,54107,54117,10
13.0186595917,80.2656784058,54117,54127,10
13.0188102722,80.26512146,54127,54137,10
13.0190095901,80.2643890381,54137,54148,11
13.018989563,80.2637481689,54148,54158,10
13.0189800262,80.2634811401,54158,54168,10
13.018910408,80.2630233765,54168,54178,10
13.0188398361,80.2624435425,54178,54188,10
13.0187501907,80.2618331909,54188,54198,10
13.0186500549,80.261390686,54198,54208,10
13.018409729,80.2611312866,54208,54218,10
13.0180597305,80.2609024048,54218,54228,10
13.0174798965,80.2605209351,54228,54238,10
13.0168504715,80.2601013184,54238,54248,10
13.0161800385,80.2596969604,54248,54259,11
13.0152997971,80.2593917847,54259,54269,10
13.0143899918,80.2592926025,54269,54279,10
13.013299942,80.2592391968,54279,54289,10
13.0122699738,80.2592010498,54289,54299,10
13.0113096237,80.2591705322,54299,54309,10
13.0103197098,80.2591629028,54309,54319,10
13.0092496872,80.2591400146,54319,54329,10
13.0081796646,80.2590713501,54329,54339,10
13.0073204041,80.2586212158,54339,54349,10
13.0066995621,80.2577667236,54349,54359,10
13.0065097809,80.2567214966,54359,54369,10
13.0065097809,80.2555007935,54369,54380,11
13.006480217,80.2542190552,54380,54390,10
13.0065097809,80.2535705566,54390,54400,10
13.0065402985,80.2525482178,54400,54440,40
13.0065402985,80.2525482178,54440,54450,10
13.0066003799,80.2524490356,54450,54460,10
13.0066604614,80.2519989014,54460,54470,10
13.006770134,80.2512512207,54470,54480,10
13.0067796707,80.2505187988,54480,54491,11
13.0067796707,80.2496185303,54491,54501,10
13.0067396164,80.2487869263,54501,54511,10
13.0066699982,80.248260498,54511,54551,40
13.0066699982,80.248260498,54551,54561,10
13.0066795349,80.248046875,54561,54571,10
13.0066699982,80.2475509644,54571,54581,10
13.0066299438,80.2468185425,54581,54591,10
13.0065803528,80.2465820313,54591,54601,10
13.006649971,80.2463378906,54601,54611,10
13.0066204071,80.2457122803,54611,54621,10
13.0066099167,80.2448806763,54621,54631,10
13.0066299438,80.2440185547,54631,54641,10
13.0066003799,80.2431488037,54641,54652,11
13.0065603256,80.2420425415,54652,54662,10
13.0066299438,80.2410125732,54662,54672,10
13.0067195892,80.2403564453,54672,54702,30
13.0067195892,80.2403564453,54702,54712,10
13.006770134,80.2400283813,54712,54722,10
13.0068397522,80.2395782471,54722,54732,10
13.0069303513,80.2390213013,54732,54742,10
13.0071001053,80.2382888794,54742,54752,10
13.0072698593,80.2375793457,54752,54762,10
13.0073604584,80.2369003296,54762,54772,10
13.0073604584,80.236831665,54772,54782,10
13.0074300766,80.236618042,54782,54792,10
13.0075597763,80.2361068726,54792,54802,10
13.0077104568,80.2354431152,54802,54812,10
13.0077600479,80.235168457,54812,54822,10
13.0078296661,80.2348327637,54822,54833,11
13.0079803467,80.2340927124,54833,54845,12
13.0082101822,80.2329177856,54845,54855,10
13.0084495544,80.2317504883,54855,54865,10
13.0086898804,80.2305297852,54865,54875,10
13.0089101791,80.2293701172,54875,54885,10
13.0091400146,80.2282867432,54885,54895,10
13.0095796585,80.2272109985,54895,54905,10
13.0100402832,80.2261886597,54905,54915,10
13.0103998184,80.2253875732,54915,54925,10
13.0106601715,80.2248916626,54925,54935,10
13.010840416,80.224609375,54935,54946,11
13.0110797882,80.2239990234,54946,54956,10
13.0112104416,80.2235717773,54956,54966,10
13.0111303329,80.2231292725,54966,54976,10
13.0104799271,80.2227706909,54976,54986,10
13.0096797943,80.2223434448,54986,54996,10
13.0089197159,80.2219161987,54996,55006,10
13.0082397461,80.2215576172,55006,55016,10
13.0075302124,80.2211685181,55016,55026,10
13.0068998337,80.2208023071,55026,55036,10
13.0061597824,80.2205505371,55036,55046,10
13.0054197311,80.2203979492,55046,55057,11
13.0044698715,80.2201690674,55057,55067,10
13.0036401749,80.2200012207,55067,55077,10
13.0028495789,80.2197570801,55077,55087,10
13.0021295547,80.2191696167,55087,55097,10
13.0015802383,80.2186126709,55097,55107,10
13.0009498596,80.218170166,55107,55117,10
13.0003700256,80.2177810669,55117,55127,10
12.9996700287,80.2173614502,55127,55137,10
12.9987802505,80.2169036865,55137,55147,10
12.9979400635,80.2165908813,55147,55157,10
12.9975204468,80.2165603638,55157,55168,11
12.9973802567,80.2165603638,55168,55178,10
12.9970598221,80.216583252,55178,55188,10
12.9965801239,80.2165985107,55188,55198,10
12.9959697723,80.2166976929,55198,55208,10
12.9954299927,80.2168731689,55208,55218,10
12.9949798584,80.2171401978,55218,55228,10
12.9946603775,80.2173461914,55228,55248,20
12.9946603775,80.2173461914,55248,55258,10
12.9943399429,80.2176132202,55258,55268,10
12.9938898087,80.217956543,55268,55278,10
12.993180275,80.2184295654,55278,55289,11
12.9923095703,80.2190475464,55289,55299,10
12.991519928,80.219619751,55299,55309,10
12.9908103943,80.220161438,55309,55319,10
12.9900798798,80.2207489014,55319,55329,10
12.9894399643,80.2214584351,55329,55339,10
12.9889802933,80.2220916748,55339,55349,10
12.9884500504,80.2226104736,55349,55359,10
12.9878702164,80.2230377197,55359,55369,10
12.9876804352,80.2231063843,55369,55379,10
12.9873104095,80.2230911255,55379,55389,10
12.9867401123,80.2229919434,55389,55400,11
12.9862804413,80.2229919434,55400,55410,10
12.9857301712,80.2230606079,55410,55420,10
12.985449791,80.2233276367,55420,55430,10
12.9849796295,80.223197937,55430,55440,10
12.9843397141,80.2228393555,55440,55450,10
12.9837799072,80.2225189209,55450,55460,10
12.9836196899,80.2224197388,55460,55470,10
12.9833297729,80.2222213745,55470,55490,20
12.9833297729,80.2222213745,55490,55500,10
12.9830799103,80.2220535278,55500,55511,11
12.9825496674,80.221862793,55511,55521,10
12.9819402695,80.2215423584,55521,55531,10
12.9816198349,80.2213287354,55531,55541,10
12.9810304642,80.2210388184,55541,55551,10
12.9806098938,80.2210388184,55551,55561,10
12.980099678,80.2210769653,55561,55571,10
12.9793596268,80.2211608887,55571,55581,10
12.9785804749,80.2211914063,55581,55591,10
12.9781503677,80.2211990356,55591,55601,10
12.977809906,80.2211990356,55601,55611,10
12.9765396118,80.2212677002,55611,55722,111
12.9765396118,80.2212677002,55722,55732,10
12.9763402939,80.2211837769,55732,55742,10
12.9760599136,80.2213897705,55742,55752,10
12.9763002396,80.2218170166,55752,55763,11
12.976650238,80.2222671509,55763,56662,899
12.976650238,80.2222671509,56662,56672,10
12.9767799377,80.2225112915,56672,56682,10
12.9769802094,80.2227706909,56682,56692,10
12.9772596359,80.2227401733,56692,56702,10
12.9774703979,80.2226333618,56702,56712,10
12.9774904251,80.2223205566,56712,56722,10
12.9774599075,80.221862793,56722,56732,10
12.9774398804,80.2214584351,56732,56742,10
12.9774503708,80.221282959,56742,56752,10
12.9777698517,80.2212295532,56752,56762,10
12.9781599045,80.2211685181,56762,56773,11
12.9788198471,80.2211227417,56773,56783,10
12.9794797897,80.2210693359,56783,56793,10
12.9801597595,80.2210083008,56793,56803,10
12.980629921,80.2209777832,56803,56813,10
12.9810800552,80.2210464478,56813,56823,10
12.9816398621,80.2213668823,56823,56833,10
12.9821100235,80.2216567993,56833,56843,10
12.9826898575,80.2218475342,56843,56853,10
12.982919693,80.2219619751,56853,56863,10
12.9832201004,80.2221069336,56863,56872,9
12.9834804535,80.2223129272,56872,56884,12
12.9839897156,80.2225875854,56884,56894,10
12.9843902588,80.2228469849,56894,56904,10
12.9846897125,80.2230377197,56904,56914,10
12.9851799011,80.2232437134,56914,56924,10
12.9855298996,80.2231292725,56924,56934,10
12.9860401154,80.2229766846,56934,56944,10
12.9867296219,80.2229919434,56944,56964,20
12.9867296219,80.2229919434,56964,56974,10
12.9870100021,80.2230072021,56974,56984,10
12.9874696732,80.2230606079,56984,56995,11
12.9880199432,80.2228393555,56995,57005,10
12.9885501862,80.2223892212,57005,57015,10
12.9890899658,80.2218093872,57015,57025,10
12.9895801544,80.2211914063,57025,57035,10
12.989979744,80.2207183838,57035,57045,10
12.9905099869,80.2202835083,57045,57055,10
12.9910202026,80.2198867798,57055,57065,10
12.991350174,80.2196426392,57065,57075,10
12.9917097092,80.2193908691,57075,57085,10
12.9921197891,80.2190933228,57085,57095,10
12.9926700592,80.2186965942,57095,57105,10
12.9932899475,80.21824646,57105,57115,10
12.9939203262,80.2178115845,57115,57125,10
12.9945001602,80.2173919678,57125,57135,10
12.9950799942,80.2169799805,57135,57146,11
12.9957103729,80.2166900635,57146,57156,10
12.9964399338,80.2165298462,57156,57166,10
12.9972000122,80.2164535522,57166,57176,10
12.9975404739,80.2164535522,57176,57186,10
12.9976596832,80.2164764404,57186,57196,10
12.9980697632,80.2165527344,57196,57205,9
12.9985599518,80.2167205811,57205,57216,11
12.9991397858,80.2170181274,57216,57228,12
12.9998598099,80.2174301147,57228,57236,8
13.0003299713,80.2177200317,57236,57248,12
13.0010795593,80.218208313,57248,57258,10
13.0017404556,80.2187271118,57258,57268,10
13.0023002625,80.2193527222,57268,57276,8
13.0028400421,80.2197265625,57276,57286,10
13.0036296844,80.2199783325,57286,57296,10
13.00440979,80.2201309204,57296,57306,10
13.0052099228,80.2203292847,57306,57316,10
13.0060501099,80.2205123901,57316,57325,9
13.0067901611,80.220741272,57325,57339,14
13.0079298019,80.2213363647,57339,57349,10
13.0087604523,80.2217788696,57349,57359,10
13.0095996857,80.2222518921,57359,57369,10
13.0104198456,80.2227020264,57369,57379,10
13.0111303329,80.2230300903,57379,57399,20
13.0111303329,80.2230300903,57399,57409,10
13.011300087,80.2231063843,57409,57419,10
13.011469841,80.2232208252,57419,57429,10
13.0117397308,80.2234115601,57429,57439,10
13.012169838,80.2236404419,57439,57450,11
13.0127096176,80.2239227295,57450,57460,10
13.0133495331,80.2242584229,57460,57470,10
13.0139904022,80.2246398926,57470,57480,10
13.0145301819,80.2249603271,57480,57490,10
13.0152301788,80.2253265381,57490,57510,20
13.0152301788,80.2253265381,57510,57520,10
13.0153799057,80.2255172729,57520,57540,20
13.0153799057,80.2255172729,57540,57550,10
13.0152797699,80.2258834839,57550,57560,10
13.0150699615,80.225982666,57560,57571,11
13.0148496628,80.2260665894,57571,57581,10
13.0144300461,80.2261962891,57581,57591,10
13.0137701035,80.2264633179,57591,57601,10
13.0129499435,80.2268066406,57601,57611,10
13.0121097565,80.2271499634,57611,57621,10
13.0112895966,80.2274780273,57621,57631,10
13.0104799271,80.2277984619,57631,57641,10
13.0096902847,80.2281188965,57641,57651,10
13.0091199875,80.2286834717,57651,57661,10
13.0089197159,80.2296524048,57661,57671,10
13.0087203979,80.2307510376,57671,57682,11
13.0085201263,80.2318267822,57682,57692,10
13.0083398819,80.2327804565,57692,57702,10
13.0082502365,80.2335205078,57702,57712,10
13.0082302094,80.2336196899,57712,57722,10
13.0081996918,80.2337265015,57722,57732,10
13.008099556,80.23412323,57732,57742,10
13.0079803467,80.2347183228,57742,57752,10
13.0079097748,80.2350006104,57752,57762,10
13.0078401566,80.2352600098,57762,57772,10
13.0077295303,80.2358779907,57772,57782,10
13.0075702667,80.2367401123,57782,57793,11
13.0073795319,80.2377624512,57793,57803,10
13.0072402954,80.2386398315,57803,57813,10
13.007060051,80.2395172119,57813,57823,10
13.0069704056,80.2401123047,57823,57893,70
13.0069704056,80.2401123047,57893,57904,11
13.0069503784,80.2405700684,57904,57914,10
13.0068798065,80.2408599854,57914,57924,10
13.0067996979,80.2413864136,57924,57934,10
13.0067596436,80.2421722412,57934,57944,10
13.0067501068,80.2430419922,57944,57954,10
13.0067396164,80.2436904907,57954,57964,10
13.0067501068,80.2444610596,57964,57974,10
13.0067501068,80.2452392578,57974,57984,10
13.0067596436,80.2458267212,57984,57994,10
13.0067796707,80.2463531494,57994,58004,10
13.0067996979,80.2468109131,58004,58014,10
13.006819725,80.2472305298,58014,58025,11
13.006770134,80.2478179932,58025,58035,10
13.0067996979,80.2485275269,58035,58045,10
13.0068397522,80.2494277954,58045,58055,10
13.0068798065,80.2503662109,58055,58065,10
13.0069103241,80.2511825562,58065,58075,10
13.0068502426,80.2516098022,58075,58085,10
13.0066995621,80.2521820068,58085,58095,10
13.0065898895,80.2529983521,58095,58105,10
13.0065803528,80.2538070679,58105,58115,10
13.0066204071,80.2546920776,58115,58125,10
13.0066404343,80.2555999756,58125,58136,11
13.0066995621,80.2570114136,58136,58166,30
13.0066995621,80.2570114136,58166,58176,10
13.0067100525,80.2571105957,58176,58186,10
13.0067300797,80.2574996948,58186,58197,11
13.0069704056,80.2580871582,58197,58206,9
13.0072898865,80.2585220337,58206,58216,10
13.0081100464,80.2588806152,58216,58227,11
13.0084495544,80.2590179443,58227,58236,9
13.0086803436,80.2591094971,58236,58247,11
13.0092401505,80.2591018677,58247,58256,9
13.0099496841,80.2590789795,58256,58266,10
13.0107803345,80.2590866089,58266,58277,11
13.0118198395,80.2590866089,58277,58287,10
13.0127696991,80.2591171265,58287,58297,10
13.0136804581,80.259147644,58297,58307,10
13.0145597458,80.2591934204,58307,58316,9
13.0153598785,80.2592391968,58316,58328,12
13.0161600113,80.2595062256,58328,58337,9
13.0163602829,80.2596511841,58337,58347,10
13.0165395737,80.2597885132,58347,58359,12
13.0167598724,80.2600021362,58359,58369,10
13.0171499252,80.2602615356,58369,58377,8
13.0176000595,80.260559082,58377,58389,12
13.0183095932,80.2610473633,58389,58399,10
13.0188903809,80.2614822388,58399,58409,10
13.019370079,80.261932373,58409,58419,10
13.019900322,80.2624816895,58419,58429,10
13.0202598572,80.2630004883,58429,58439,10
13.0198602676,80.2630081177,58439,58449,10
13.0192604065,80.2629776001,58449,58459,10
13.0190000534,80.2632598877,58459,58470,11
13.0191297531,80.2641372681,58470,58480,10
13.0189304352,80.2650604248,58480,58490,10
13.0187997818,80.2655105591,58490,58502,12
13.0186901093,80.2663192749,58502,58512,10
13.0188398361,80.2671585083,58512,58522,10
13.0193796158,80.2679977417,58522,58532,10
13.0199604034,80.2686767578,58532,58542,10
13.0204801559,80.2693405151,58542,58552,10
13.0208997726,80.269821167,58552,58562,10
13.0213603973,80.2703475952,58562,58572,10
13.0215101242,80.2705078125,58572,58583,11
13.0216503143,80.270690918,58583,58593,10
13.02202034,80.2711868286,58593,58603,10
13.0225496292,80.2718811035,58603,58613,10
13.0230998993,80.2726287842,58613,58623,10
13.0234699249,80.2731323242,58623,58633,10
13.0239496231,80.2737884521,58633,58682,49
13.0239496231,80.2737884521,58682,58694,12
13.0240001678,80.2738723755,58694,58704,10
13.0242900848,80.2742614746,58704,58714,10
13.0245895386,80.2745819092,58714,58724,10
13.0251197815,80.2748184204,58724,58734,10
13.0253295898,80.2749023438,58734,58744,10
13.0256004333,80.2750320435,58744,58754,10
13.0260801315,80.2752685547,58754,58764,10
13.0266103745,80.2755203247,58764,58774,10
13.0272397995,80.2758102417,58774,58784,10
13.0278196335,80.2760467529,58784,58794,10
13.0284700394,80.2763366699,58794,58805,11
13.0291996002,80.2766036987,58805,58815,10
13.0298595428,80.2767791748,58815,58825,10
13.0302600861,80.2769317627,58825,58845,20
13.0302600861,80.2769317627,58845,58855,10
13.0304698944,80.2770462036,58855,58875,20
13.0306396484,80.2771377563,58875,58895,20
13.0306396484,80.2771377563,58895,58905,10
13.0310697556,80.2773666382,58905,58946,41
13.0310697556,80.2773666382,58946,58956,10
13.0314397812,80.2775726318,58956,58966,10
13.0317697525,80.2775878906,58966,58976,10
13.0322399139,80.2775421143,58976,59007,31
13.0322399139,80.2775421143,59007,59016,9
13.0324897766,80.2775115967,59016,59026,10
13.0328197479,80.2774887085,59026,59036,10
13.0332098007,80.2774200439,59036,59046,10
13.0335197449,80.2773666382,59046,59056,10
13.0338602066,80.2774429321,59056,59066,10
13.034239769,80.2775421143,59066,59076,10
13.034529686,80.2776031494,59076,59086,10
13.0348100662,80.2776489258,59086,59096,10
13.0351896286,80.2777023315,59096,59107,11
13.0353603363,80.2777404785,59107,59116,9
13.03565979,80.2777786255,59116,59127,11
13.0362796783,80.2779006958,59127,59138,11
13.0370197296,80.278213501,59138,59187,49
13.0370197296,80.278213501,59187,59199,12
13.0375099182,80.2784118652,59199,59207,8
13.0380296707,80.2785415649,59207,59217,10
13.0387296677,80.2787094116,59217,59227,10
13.0388002396,80.2787322998,59227,59237,10
13.0388898849,80.2787628174,59237,59247,10
13.0391702652,80.2788772583,59247,59260,13
13.0399303436,80.2790679932,59260,59270,10
13.0407800674,80.2792816162,59270,59280,10
13.0417604446,80.2794570923,59280,59290,10
13.0428104401,80.2796096802,59290,59300,10
13.0438604355,80.279838562,59300,59310,10
13.0450496674,80.2800369263,59310,59320,10
13.0461902618,80.2801895142,59320,59330,10
13.0473003387,80.2803421021,59330,59340,10
13.048500061,80.2805099487,59340,59350,10
13.0495901108,80.2806777954,59350,59360,10
13.050450325,80.2807998657,59360,59371,11
13.05148983,80.280960083,59371,59381,10
13.0525903702,80.2811279297,59381,59391,10
13.0537099838,80.2813034058,59391,59401,10
13.0547304153,80.2814788818,59401,59411,10
13.0554800034,80.2816162109,59411,59421,10
13.0562095642,80.28175354,59421,59431,10
13.056429863,80.2817993164,59431,59441,10
13.0565395355,80.2818069458,59441,59451,10
13.0573797226,80.2819900513,59451,59481,30
13.0573797226,80.2819900513,59481,59492,11
13.0575304031,80.2820129395,59492,59502,10
13.0580596924,80.2821273804,59502,59512,10
13.0588598251,80.2823104858,59512,59522,10
13.0597496033,80.2824935913,59522,59532,10
13.0606403351,80.2826766968,59532,59542,10
13.0614299774,80.2828521729,59542,59552,10
13.0622196198,80.2830200195,59552,59562,10
13.0629701614,80.2831878662,59562,59572,10
13.0630598068,80.2832107544,59572,59582,10
13.0632600784,80.2832489014,59582,59592,10
13.063750267,80.2833480835,59592,59603,11
13.0644302368,80.2835006714,59603,59613,10
13.0652599335,80.2836837769,59613,59623,10
13.0661697388,80.2838821411,59623,59633,10
13.0670499802,80.2840576172,59633,59643,10
13.0676202774,80.2841567993,59643,59653,10
13.0680704117,80.2842330933,59653,59663,10
13.0687103271,80.2844009399,59663,59673,10
13.0695199966,80.2846221924,59673,59683,10
13.0704803467,80.2848815918,59683,59693,10
13.0715703964,80.2851791382,59693,59703,10
13.0725698471,80.2853469849,59703,59714,11
13.0734195709,80.2852935791,59714,59724,10
13.0737800598,80.28540802,59724,59734,10
13.074139595,80.2858428955,59734,59744,10
13.0747299194,80.2863464355,59744,59754,10
13.0755195618,80.2868423462,59754,59764,10
13.0765104294,80.2871704102,59764,59774,10
13.0775604248,80.287437439,59774,59784,10
13.0784902573,80.2876663208,59784,59794,10
13.0792703629,80.2879714966,59794,59804,10
13.0801296234,80.2881317139,59804,59814,10
13.080619812,80.2882614136,59814,59825,11
13.0806598663,80.2882766724,59825,59835,10
13.0809803009,80.2884063721,59835,59845,10
13.0815896988,80.2885971069,59845,59855,10
13.0823802948,80.2889022827,59855,59865,10
13.0832395554,80.2892227173,59865,59875,10
13.0842504501,80.2892074585,59875,59885,10
13.0852804184,80.2892074585,59885,59895,10
13.0863199234,80.2894592285,59895,59905,10
13.0873203278,80.2897796631,59905,59915,10
13.0882196426,80.2901306152,59915,59925,10
13.0885696411,80.2901763916,59925,59936,11
13.0888204575,80.2903137207,59936,59986,50
13.0888204575,80.2903137207,59986,59996,10
13.0887298584,80.2904968262,59996,60006,10
13.0883903503,80.2904205322,60006,60016,10
13.0879297256,80.2901763916,60016,60026,10
13.0873003006,80.2899169922,60026,60036,10
13.086689949,80.2897186279,60036,60046,10
13.0860099792,80.2895431519,60046,60057,11
13.085650444,80.2893295288,60057,60067,10
13.0853796005,80.2888870239,60067,60077,10
13.0851202011,80.2881317139,60077,60087,10
13.0851202011,80.2872161865,60087,60097,10
13.0851802826,80.2862167358,60097,60107,10
13.0852899551,80.2851715088,60107,60117,10
13.0851898193,80.2841415405,60117,60147,30
13.0851898193,80.2841415405,60147,60157,10
13.0851898193,80.2840194702,60157,60167,10
13.0853900909,80.2836914063,60167,60177,10
13.0854501724,80.2835769653,60177,60187,10
13.0857400894,80.2835388184,60187,60198,11
13.0861501694,80.2835388184,60198,60209,11
13.0864896774,80.2838287354,60209,60218,9
13.0867700577,80.2839279175,60218,60391,173
13.0867004395,80.2837600708,60391,61026,635
13.0869703293,80.2838592529,61026,61056,30
13.0869703293,80.2838592529,61056,61066,10
13.087220192,80.2839202881,61066,61077,11
13.0874004364,80.2839431763,61077,61087,10
13.0874996185,80.2839279175,61087,61097,10
13.0876998901,80.2839279175,61097,61117,20
13.0876998901,80.2839279175,61117,61127,10
13.087849617,80.2839126587,61127,61198,71
13.087849617,80.2839126587,61198,61208,10
13.0881500244,80.2837600708,61208,61218,10
13.0882196426,80.2835388184,61218,61228,10
13.0883102417,80.2834014893,61228,61238,10
13.0883102417,80.2829818726,61238,61248,10
13.0882997513,80.2825698853,61248,61258,10
13.0882701874,80.2822799683,61258,61269,11
13.0881900787,80.2818908691,61269,61278,9
13.0880699158,80.2815933228,61278,61288,10
13.0880804062,80.281463623,61288,61300,12
13.0882701874,80.281463623,61300,61308,8
13.0885000229,80.2815475464,61308,61319,11
13.0885295868,80.2818527222,61319,61330,11
13.0884799957,80.2821731567,61330,61339,9
13.0884504318,80.2823562622,61339,61349,10
13.0884504318,80.2823791504,61349,61359,10
13.0883998871,80.2826385498,61359,61369,10
13.0883598328,80.282913208,61369,61378,9
13.088350296,80.2831802368,61378,61389,11
13.0883703232,80.2836227417,61389,61399,10
13.0883798599,80.2841110229,61399,61411,12
13.0884799957,80.2849731445,61411,61441,30
13.0884799957,80.2849731445,61441,61451,10
13.08852005,80.2851409912,61451,61461,10
13.0885295868,80.2854385376,61461,61471,10
13.088549614,80.2857971191,61471,61481,10
13.0885400772,80.2862014771,61481,61491,10
13.0885295868,80.2864379883,61491,61501,10
13.0885400772,80.2867889404,61501,61511,10
13.0885801315,80.2872467041,61511,61522,11
13.0886096954,80.2875595093,61522,61532,10
13.0886497498,80.2879486084,61532,61542,10
13.0887002945,80.2884368896,61542,61552,10
13.0887098312,80.2886810303,61552,61562,10
13.0887699127,80.2890930176,61562,61572,10
13.0887804031,80.2892227173,61572,61582,10
13.0887804031,80.2894134521,61582,61592,10
13.0887804031,80.2897872925,61592,61602,10
13.0887804031,80.2901229858,61602,61612,10
13.088760376,80.2902603149,61612,61622,10
13.0887098312,80.2904968262,61622,61632,10
13.08852005,80.2904510498,61632,61643,11
13.0883998871,80.2903594971,61643,61653,10
13.0882396698,80.2902374268,61653,61663,10
13.08796978,80.2901077271,61663,61673,10
13.0877399445,80.2899932861,61673,61683,10
13.0876598358,80.2899398804,61683,61693,10
13.0873298645,80.2897796631,61693,61703,10
13.0868301392,80.2895965576,61703,61713,10
13.0860795975,80.289390564,61713,61723,10
13.0852603912,80.2892227173,61723,61733,10
13.0843801498,80.2892303467,61733,61743,10
13.0835695267,80.2892608643,61743,61754,11
13.0827102661,80.2891387939,61754,61764,10
13.0818796158,80.2887878418,61764,61774,10
13.081029892,80.2884979248,61774,61784,10
13.0803003311,80.2882919312,61784,61794,10
13.0800504684,80.2882385254,61794,61804,10
13.0797595978,80.2882003784,61804,61814,10
13.0792198181,80.2880630493,61814,61824,10
13.0785598755,80.2877731323,61824,61834,10
13.0777397156,80.2875366211,61834,61844,10
13.0768299103,80.2873077393,61844,61854,10
13.075920105,80.287071228,61854,61865,11
13.0749702454,80.2865829468,61865,61872,7
13.0744400024,80.286239624,61872,61885,13
13.0734195709,80.2859802246,61885,61895,10
13.0727300644,80.2856216431,61895,61905,10
13.0718803406,80.2853012085,61905,61915,10
13.0709495544,80.2850494385,61915,61923,8
13.0701999664,80.2848587036,61923,61935,12
13.0690402985,80.2845993042,61935,61945,10
13.0681695938,80.2844085693,61945,61955,10
13.0672502518,80.2842636108,61955,61965,10
13.0662698746,80.2840270996,61965,61976,11
13.0652303696,80.2837905884,61976,61986,10
13.0643796921,80.2835998535,61986,61996,10
13.0635995865,80.2833862305,61996,62006,10
13.0625200272,80.2831497192,62006,62026,20
13.0625200272,80.2831497192,62026,62036,10
13.0624904633,80.2831497192,62036,62046,10
13.0621595383,80.2830734253,62046,62056,10
13.0615997314,80.2829284668,62056,62066,10
13.0608901978,80.2827606201,62066,62076,10
13.0600996017,80.2826080322,62076,62087,11
13.0590896606,80.282409668,62087,62097,10
13.0580701828,80.2822189331,62097,62107,10
13.0576496124,80.2821273804,62107,62117,10
13.0576200485,80.2821273804,62117,62127,10
13.0572900772,80.2820587158,62127,62137,10
13.0567398071,80.2819595337,62137,62157,20
13.0567398071,80.2819595337,62157,62167,10
13.0564098358,80.2818908691,62167,62177,10
13.0559196472,80.281791687,62177,62187,10
13.0552597046,80.2816619873,62187,62198,11
13.0544996262,80.2814865112,62198,62208,10
13.0536804199,80.2813262939,62208,62218,10
13.0528202057,80.2811965942,62218,62228,10
13.0518798828,80.2810592651,62228,62238,10
13.0509796143,80.280921936,62238,62248,10
13.0500898361,80.2807922363,62248,62258,10
13.0492801666,80.280670166,62258,62267,9
13.0484800339,80.2805480957,62267,62278,11
13.0474395752,80.2804107666,62278,62288,10
13.0465803146,80.2802963257,62288,62298,10
13.0457496643,80.2801971436,62298,62308,10
13.0449199677,80.280090332,62308,62318,10
13.0440998077,80.2799835205,62318,62328,10
13.043589592,80.2798995972,62328,62359,31
13.043589592,80.2798995972,62359,62369,10
13.0434103012,80.2798690796,62369,62379,10
13.0428695679,80.2797393799,62379,62389,10
13.0421199799,80.2796020508,62389,62399,10
13.041270256,80.2794494629,62399,62410,11
13.0403604507,80.2792434692,62410,62418,8
13.0397500992,80.2790679932,62418,62430,12
13.0390901566,80.2788696289,62430,62440,10
13.0389900208,80.2788696289,62440,62450,10
13.0389299393,80.2788391113,62450,62460,10
13.0385103226,80.2786865234,62460,62470,10
13.0378704071,80.2784805298,62470,62480,10
13.0371799469,80.2782821655,62480,62489,9
13.0365695953,80.2780380249,62489,62500,11
13.0357904434,80.2778091431,62500,62510,10
13.0353603363,80.2777404785,62510,62520,10
13.0347299576,80.2776412964,62520,62530,10
13.034040451,80.2774581909,62530,62542,12
13.0333299637,80.2774505615,62542,62552,10
13.032699585,80.2775268555,62552,62562,10
13.0320901871,80.2775878906,62562,62572,10
13.0314798355,80.2776107788,62572,62582,10
13.0310497284,80.2773666382,62582,62592,10
13.030960083,80.2773132324,62592,62602,10
13.0309000015,80.2772674561,62602,62614,12
13.0304899216,80.2770385742,62614,62624,10
13.029999733,80.2768478394,62624,62634,10
13.0298204422,80.2767486572,62634,62644,10
13.0292901993,80.2766189575,62644,62655,11
13.0287599564,80.2764434814,62655,62665,10
13.0280799866,80.2761764526,62665,62675,10
13.027469635,80.275932312,62675,62687,12
13.0267000198,80.2755813599,62687,62697,10
13.0261297226,80.2753372192,62697,62707,10
13.0261201859,80.2753295898,62707,62717,10
13.0258102417,80.2751693726,62717,62727,10
13.0253000259,80.2749710083,62727,62737,10
13.024600029,80.2746276855,62737,62747,10
13.0240898132,80.2740478516,62747,62808,61
13.0240898132,80.2740478516,62808,62818,10
13.0239496231,80.2739028931,62818,62828,10
13.0236997604,80.2735595703,62828,62838,10
13.0233402252,80.2730712891,62838,62848,10
13.0228595734,80.2724227905,62848,62858,10
13.0222902298,80.2716674805,62858,62868,10
13.0217199326,80.2709197998,62868,62879,11
13.021109581,80.2701797485,62879,62891,12
13.0209503174,80.2699890137,62891,62899,8
13.0208797455,80.2699279785,62899,62910,11
13.0206403732,80.2695999146,62910,62920,10
13.0202798843,80.2691192627,62920,62930,10
13.0197896957,80.2685165405,62930,62940,10
13.0192604065,80.267868042,62940,62953,13
13.0187597275,80.2671432495,62953,62963,10
13.0186395645,80.266456604,62963,62973,10
13.0186700821,80.2657928467,62973,62983,10
13.0188503265,80.265083313,62983,62994,11
13.0190601349,80.2641677856,62994,63004,10
13.018989563,80.2635421753,63004,63014,10
13.0189199448,80.2632217407,63014,63024,10
13.0188903809,80.2630691528,63024,63034,10
13.0188598633,80.2628173828,63034,63044,10
13.0187902451,80.262298584,63044,63054,10
13.0187101364,80.2617492676,63054,63062,8
13.0186300278,80.2614212036,63062,63074,12
13.0183000565,80.2611618042,63074,63084,10
13.0180101395,80.2609634399,63084,63094,10
13.0175104141,80.2606124878,63094,63105,11
13.0168399811,80.2601470947,63105,63115,10
13.0162401199,80.2598266602,63115,63125,10
13.0160703659,80.2597503662,63125,63135,10
13.0160303116,80.259727478,63135,63145,10
13.0157499313,80.2595825195,63145,63155,10
13.0152597427,80.2594299316,63155,63165,10
13.0146398544,80.2593612671,63165,63175,10
13.0139303207,80.2593307495,63175,63185,10
13.0131597519,80.2593002319,63185,63195,10
13.0123701096,80.2592697144,63195,63205,10
13.0115299225,80.2592391968,63205,63216,11
13.0105400085,80.2592163086,63216,63226,10
13.0096502304,80.2592086792,63226,63236,10
13.0088701248,80.2592086792,63236,63246,10
13.0082101822,80.2591323853,63246,63256,10
13.0075902939,80.2588500977,63256,63266,10
13.0069904327,80.2582931519,63266,63276,10
13.0066003799,80.2574920654,63276,63286,10
13.0065202713,80.2565383911,63286,63296,10
13.0065202713,80.2555618286,63296,63306,10
13.0064496994,80.2546081543,63306,63397,91
13.0064496994,80.2546081543,63397,63407,10
13.0065402985,80.2541427612,63407,63426,19
13.0065402985,80.2541427612,63426,63438,12
13.0065402985,80.2537765503,63438,63498,60
13.0065402985,80.2537765503,63498,63508,10
13.006529808,80.2534866333,63508,63518,10
13.006529808,80.253326416,63518,63528,10
13.0065202713,80.2530822754,63528,63538,10
13.0065097809,80.2526397705,63538,63547,9
13.0065603256,80.252166748,63547,63619,72
13.0065603256,80.252166748,63619,63629,10
13.0066299438,80.2520217896,63629,63639,10
13.0066900253,80.2515869141,63639,63649,10
13.0067396164,80.2511672974,63649,63659,10
13.0067195892,80.2504882813,63659,63671,12
13.0066995621,80.2494735718,63671,63679,8
13.0066699982,80.2488174438,63679,63689,10
13.0066299438,80.2483215332,63689,63711,22
13.0066299438,80.2483215332,63711,63719,8
13.0066404343,80.2482528687,63719,63729,10
13.0066204071,80.2479782104,63729,63739,10
13.0066204071,80.2475280762,63739,63749,10
13.0066099167,80.2469024658,63749,63760,11
13.0065402985,80.2466201782,63760,63770,10
13.0065498352,80.2465515137,63770,63781,11
13.0066099167,80.2461929321,63781,63791,10
13.0065698624,80.2457733154,63791,63801,10
13.0065803528,80.2454986572,63801,63811,10
13.0065803528,80.2452316284,63811,63821,10
13.0065698624,80.2449874878,63821,63831,10
13.0065803528,80.244720459,63831,63840,9
13.0065898895,80.2445297241,63840,63851,11
13.0065898895,80.2442779541,63851,63861,10
13.0065898895,80.2440109253,63861,63871,10
13.0065603256,80.2437286377,63871,63881,10
13.0065498352,80.2434310913,63881,63893,12
13.006529808,80.2428894043,63893,63903,10
13.006529808,80.2422180176,63903,63913,10
13.0065402985,80.2415084839,63913,63923,10
13.0066099167,80.2407226563,63923,63943,20
13.0066099167,80.2407226563,63943,63953,10
13.0066900253,80.240447998,63953,63963,10
13.0068101883,80.2400131226,63963,63973,10
13.0069198608,80.2393112183,63973,63983,10
13.0070695877,80.2384796143,63983,63993,10
13.0071897507,80.2379226685,63993,64004,11
13.0073099136,80.2374191284,64004,64014,10
13.0073795319,80.236869812,64014,64044,30
13.0073795319,80.236869812,64044,64054,10
13.0074501038,80.2366485596,64054,64064,10
13.0075702667,80.2362289429,64064,64074,10
13.0076799393,80.2356796265,64074,64084,10
13.0077896118,80.2350769043,64084,64094,10
13.0079097748,80.234413147,64094,64104,10
13.0080699921,80.2336578369,64104,64115,11
13.0082502365,80.2327270508,64115,64125,10
13.0084400177,80.2317810059,64125,64135,10
13.008600235,80.2308883667,64135,64145,10
13.0087795258,80.2299728394,64145,64155,10
13.0089597702,80.229057312,64155,64165,10
13.0091600418,80.2282485962,64165,64175,10
13.0094804764,80.227432251,64175,64185,10
13.0098896027,80.2265396118,64185,64195,10
13.0102300644,80.225769043,64195,64205,10
13.0103902817,80.225440979,64205,64215,10
13.0105695724,80.2250900269,64215,64225,10
13.0107402802,80.2247314453,64225,64236,11
13.0109195709,80.2242736816,64236,64246,10
13.0111198425,80.2237930298,64246,64256,10
13.0112695694,80.2234725952,64256,64266,10
13.0111398697,80.2231674194,64266,64276,10
13.0106496811,80.2229003906,64276,64286,10
13.0100297928,80.2225723267,64286,64296,10
13.0094099045,80.2222213745,64296,64306,10
13.0087795258,80.2218933105,64306,64316,10
13.0080900192,80.221496582,64316,64326,10
13.0073404312,80.2210998535,64326,64336,10
13.0066604614,80.220741272,64336,64347,11
13.0058603287,80.2205429077,64347,64357,10
13.0050802231,80.2203826904,64357,64367,10
13.0043802261,80.2202301025,64367,64377,10
13.0037698746,80.2200927734,64377,64387,10
13.0030698776,80.2198867798,64387,64397,10
13.0024003983,80.2194900513,64397,64407,10
13.0018997192,80.2189712524,64407,64417,10
13.0013904572,80.2185134888,64417,64427,10
13.0008401871,80.2181167603,64427,64437,10
13.0002498627,80.2177734375,64437,64447,10
12.9996500015,80.2173995972,64447,64458,11
12.9988899231,80.2169876099,64458,64468,10
12.998169899,80.2166824341,64468,64478,10
12.9975404739,80.2165985107,64478,64518,40
12.9975404739,80.2165985107,64518,64528,10
12.9971599579,80.216583252,64528,64538,10
12.9967699051,80.2165985107,64538,64548,10
12.996219635,80.2166824341,64548,64558,10
12.9955997467,80.2168426514,64558,64568,10
12.9952898026,80.2169799805,64568,64579,11
12.9950799942,80.2171173096,64579,64589,10
12.9948501587,80.2172698975,64589,64599,10
12.9944400787,80.2175598145,64599,64609,10
12.9940900803,80.2178192139,64609,64619,10
12.9937400818,80.2180633545,64619,64629,10
12.9931898117,80.2184295654,64629,64639,10
12.9926595688,80.2188186646,64639,64646,7
12.9922504425,80.2191390991,64646,64659,13
12.9914102554,80.2197570801,64659,64669,10
12.9909095764,80.2201309204,64669,64680,11
12.9908704758,80.220161438,64680,64690,10
12.9907503128,80.2202224731,64690,64700,10
12.9904499054,80.220451355,64700,64710,10
12.9899997711,80.2208633423,64710,64720,10
12.9895200729,80.2213973999,64720,64730,10
12.9891195297,80.2219161987,64730,64740,10
12.9886302948,80.2224731445,64740,64752,12
12.9879598618,80.2230300903,64752,64761,9
12.9876499176,80.22315979,64761,64771,10
12.9876499176,80.2231674194,64771,64781,10
12.9875001907,80.2231521606,64781,64791,10
12.9870996475,80.2230987549,64791,64803,12
12.9864797592,80.2230300903,64803,64811,8
12.9859800339,80.2230300903,64811,64821,10
12.9854803085,80.2233505249,64821,64831,10
12.9849300385,80.2232284546,64831,64843,12
12.9842996597,80.222869873,64843,64853,10
12.9837398529,80.2225570679,64853,64861,8
12.9835195541,80.2224121094,64861,64871,10
12.9832601547,80.2222290039,64871,64881,10
12.9832401276,80.2222213745,64881,64891,10
12.9831495285,80.2221832275,64891,64904,13
12.9828996658,80.222038269,64904,64914,10
12.9827404022,80.2219619751,64914,64924,10
12.982460022,80.2218780518,64924,64934,10
12.9820203781,80.2217102051,64934,64944,10
12.9815797806,80.2213897705,64944,64954,10
12.9809598923,80.2211303711,64954,64964,10
12.9801998138,80.2211608887,64964,64974,10
12.9794301987,80.221206665,64974,64984,10
12.9787197113,80.2212219238,64984,64994,10
12.9780397415,80.2212600708,64994,65001,7
12.9775600433,80.2212677002,65001,65015,14
12.9766397476,80.221321106,65015,65075,60
12.9764003754,80.2211685181,65075,65287,212
12.9764003754,80.2211685181,65287,65297,10
12.9763898849,80.2211074829,65297,65307,10
12.9760904312,80.2211227417,65307,65317,10
12.9760398865,80.221282959,65317,65327,10
12.9761695862,80.221572876,65327,65337,10
12.9764204025,80.2219467163,65337,65347,10
12.9765901566,80.2221908569,65347,66157,810
12.9765901566,80.2221908569,66157,66167,10
12.9767198563,80.2224502563,66167,66177,10
12.9769001007,80.2227401733,66177,66187,10
12.9771995544,80.2228088379,66187,66197,10
12.977519989,80.2226791382,66197,66207,10
12.9774999619,80.2222976685,66207,66217,10
12.9774703979,80.2218322754,66217,66227,10
12.9774398804,80.2214202881,66227,66237,10
12.9774503708,80.2213821411,66237,66247,10
12.9777097702,80.221282959,66247,66257,10
12.9780702591,80.221282959,66257,66268,11
12.9784898758,80.2212524414,66268,66278,10
12.9789495468,80.2212219238,66278,66288,10
12.9793996811,80.2211914063,66288,66298,10
12.9796495438,80.2211837769,66298,66308,10
12.9800395966,80.2211303711,66308,66318,10
12.9805402756,80.2210693359,66318,66328,10
12.9809303284,80.2210693359,66328,66337,9
12.9812002182,80.2211608887,66337,66348,11
12.9816303253,80.2214202881,66348,66358,10
12.9820203781,80.2216873169,66358,66368,10
12.9824399948,80.2218933105,66368,66379,11
12.9827804565,80.2220001221,66379,66389,10
12.9829397202,80.2220535278,66389,66399,10
12.9830703735,80.2221069336,66399,66409,10
12.9833803177,80.222328186,66409,66419,10
12.9837303162,80.2225570679,66419,66429,10
12.9840898514,80.2227706909,66429,66439,10
12.9844999313,80.2230072021,66439,66449,10
12.9849395752,80.2232589722,66449,66459,10
12.9854001999,80.2233886719,66459,66469,10
12.9857797623,80.2230911255,66469,66479,10
12.9863004684,80.2230377197,66479,66490,11
12.9865398407,80.2230529785,66490,66500,10
12.9868202209,80.2230834961,66500,66510,10
12.9870796204,80.2231216431,66510,66520,10
12.9874000549,80.2231521606,66520,66530,10
12.9877901077,80.2231063843,66530,66540,10
12.9882698059,80.2227783203,66540,66550,10
12.9887399673,80.2223587036,66550,66560,10
12.989109993,80.2219619751,66560,66570,10
12.9892702103,80.2217483521,66570,66580,10
12.9895000458,80.2214431763,66580,66589,9
12.9902801514,80.2205581665,66589,66641,52
12.9902801514,80.2205581665,66641,66653,12
12.9906597137,80.2203369141,66653,66663,10
12.990940094,80.2200927734,66663,66673,10
12.9912796021,80.2198181152,66673,66682,9
12.9916200638,80.219543457,66682,66691,9
12.9919700623,80.219291687,66691,66703,12
12.9925403595,80.2188873291,66703,66714,11
12.9931201935,80.218460083,66714,66724,10
12.9934501648,80.2182235718,66724,66733,9
12.9935903549,80.2181091309,66733,66744,11
12.9938602448,80.2179336548,66744,66753,9
12.993929863,80.217880249,66753,66764,11
12.9941596985,80.2176971436,66764,66773,9
12.9944496155,80.2174987793,66773,66783,10
12.9948301315,80.2172164917,66783,66793,10
12.9952402115,80.2169494629,66793,66802,9
12.9957103729,80.216758728,66802,66813,11
12.9963598251,80.2166137695,66813,66825,12
12.9967098236,80.2165603638,66825,66855,30
12.9967098236,80.2165603638,66855,66865,10
12.9973602295,80.216506958,66865,66875,10
12.9975996017,80.2165374756,66875,66885,10
12.9976902008,80.2165603638,66885,66895,10
12.9981098175,80.2166366577,66895,66905,10
12.9986896515,80.2168502808,66905,66915,10
12.999329567,80.2171783447,66915,66925,10
12.9999799728,80.2175827026,66925,66936,11
13.0007095337,80.2180480957,66936,66946,10
13.0013799667,80.21849823,66946,66956,10
13.001999855,80.2190475464,66956,66966,10
13.002579689,80.2196502686,66966,66976,10
13.0033197403,80.2199935913,66976,66986,10
13.0041599274,80.2201766968,66986,66996,10
13.0050601959,80.2203826904,66996,67006,10
13.0059299469,80.2205810547,67006,67016,10
13.006770134,80.2207870483,67016,67026,10
13.0075998306,80.2212524414,67026,67036,10
13.0085096359,80.2217407227,67036,67047,11
13.0094804764,80.2222671509,67047,67057,10
13.0103597641,80.2227401733,67057,67067,10
13.0110902786,80.2230987549,67067,67077,10
13.0114603043,80.2232589722,67077,67087,10
13.0116500854,80.2234573364,67087,67097,10
13.012049675,80.2236633301,67097,67107,10
13.0125303268,80.2239303589,67107,67117,10
13.0130996704,80.2242126465,67117,67127,10
13.0135097504,80.2244110107,67127,67168,41
13.0135097504,80.2244110107,67168,67178,10
13.0137500763,80.2245483398,67178,67188,10
13.013999939,80.2246704102,67188,67289,101
13.013999939,80.2246704102,67289,67299,10
13.0142402649,80.224899292,67299,67309,10
13.0144395828,80.2249908447,67309,67319,10
13.0147695541,80.225151062,67319,67410,91
13.0147695541,80.225151062,67410,67420,10
13.014960289,80.2251968384,67420,67430,10
13.0150003433,80.2252120972,67430,67440,10
13.015250206,80.2253570557,67440,67450,10
13.0153598785,80.2257003784,67450,67460,10
13.0150499344,80.2259292603,67460,67470,10
13.0145101547,80.2261505127,67470,67480,10
13.013879776,80.2264404297,67480,67490,10
13.0131196976,80.2267379761,67490,67501,11
13.0123100281,80.2270965576,67501,67511,10
13.0115299225,80.227432251,67511,67521,10
13.0106897354,80.2277679443,67521,67531,10
13.0098600388,80.2280883789,67531,67541,10
13.009180069,80.2285232544,67541,67551,10
13.0089702606,80.2294387817,67551,67561,10
13.008769989,80.2304382324,67561,67571,10
13.0085897446,80.2314605713,67571,67581,10
13.0083999634,80.232460022,67581,67591,10
13.0082397461,80.2335968018,67591,67612,21
13.0082397461,80.2335968018,67612,67622,10
13.0081701279,80.2338104248,67622,67632,10
13.0080795288,80.2342987061,67632,67642,10
13.0079803467,80.2347488403,67642,67652,10
13.0079097748,80.2350997925,67652,67662,10
13.0078001022,80.2356872559,67662,67672,10
13.0076599121,80.2363891602,67672,67682,10
13.0075302124,80.2370681763,67682,67692,10
13.0074300766,80.2375411987,67692,67703,11
13.0073795319,80.2378463745,67703,67713,10
13.0073204041,80.2382202148,67713,67722,9
13.0072202682,80.2387619019,67722,67734,12
13.0070800781,80.2393875122,67734,67742,8
13.0069799423,80.2398681641,67742,67754,12
13.0068902969,80.2406082153,67754,67762,8
13.0068798065,80.2406234741,67762,67772,10
13.0068397522,80.2407684326,67772,67782,10
13.0067796707,80.2411727905,67782,67794,12
13.0067396164,80.2419891357,67794,67802,8
13.0067396164,80.2426071167,67802,67813,11
13.0067100525,80.2434387207,67813,67824,11
13.0067195892,80.2442779541,67824,67835,11
13.0067195892,80.2451171875,67835,67845,10
13.0067300797,80.2454299927,67845,67853,8
13.0067396164,80.245552063,67853,67863,10
13.0067396164,80.2458114624,67863,67873,10
13.0067396164,80.2461624146,67873,67883,10
13.0067501068,80.2465896606,67883,67893,10
13.0067596436,80.2472000122,67893,67905,12
13.0067501068,80.248008728,67905,67913,8
13.0067596436,80.2485809326,67913,67923,10
13.0067996979,80.2493286133,67923,67933,10
13.006819725,80.2501373291,67933,67946,13
13.0068502426,80.2510223389,67946,67956,10
13.0068302155,80.2515487671,67956,67966,10
13.0066699982,80.2521972656,67966,67976,10
13.0065803528,80.2529602051,67976,67986,10
13.0065698624,80.2536697388,67986,67996,10
13.0065898895,80.2545166016,67996,68006,10
13.0066003799,80.2547531128,68006,68016,10
13.0066099167,80.2548828125,68016,68026,10
13.0066204071,80.2553405762,68026,68033,7
13.0066404343,80.2558288574,68033,68046,13
13.0066995621,80.2573394775,68046,68157,111
13.0066995621,80.2573394775,68157,68168,11
13.0067396164,80.2576217651,68168,68178,10
13.0070104599,80.2581634521,68178,68188,10
13.0075702667,80.2586975098,68188,68198,10
13.0083703995,80.2589874268,68198,68208,10
13.0085201263,80.2590484619,68208,68218,10
13.0086097717,80.2591018677,68218,68228,10
13.0090503693,80.2591629028,68228,68238,10
13.0097503662,80.2591629028,68238,68248,10
13.0106601715,80.2591705322,68248,68258,10
13.0116796494,80.2591400146,68258,68267,9
13.0127096176,80.2591781616,68267,68278,11
13.0140800476,80.259262085,68278,68289,11
13.01541996,80.2593078613,68289,68299,10
13.0164699554,80.259803772,68299,68319,20
13.0164699554,80.259803772,68319,68329,10
13.0165300369,80.2598724365,68329,68339,10
13.0167703629,80.2600631714,68339,68349,10
13.0172700882,80.2603988647,68349,68359,10
13.0179195404,80.260848999,68359,68369,10
13.0185403824,80.2612609863,68369,68379,10
13.0187597275,80.2614212036,68379,68388,9
13.0191202164,80.2617263794,68388,68400,12
13.0197496414,80.2623596191,68400,68410,10
13.0203304291,80.2629394531,68410,68420,10
13.0200099945,80.2630691528,68420,68430,10
13.0193595886,80.2630233765,68430,68440,10
13.018989563,80.2631225586,68440,68450,10
13.0190696716,80.2636566162,68450,68460,10
13.0191402435,80.2641220093,68460,68470,10
13.0191297531,80.2641220093,68470,68480,10
13.0191297531,80.2643432617,68480,68490,10
13.0190000534,80.2648162842,68490,68500,10
13.0188302994,80.265411377,68500,68511,11
13.0186901093,80.2659606934,68511,68521,10
13.0187101364,80.2667236328,68521,68531,10
13.0189800262,80.2675323486,68531,68541,10
13.0195503235,80.2682266235,68541,68551,10
13.0201702118,80.2689819336,68551,68561,10
13.0206699371,80.2695922852,68561,68571,10
13.0208597183,80.2698516846,68571,68581,10
13.0212001801,80.2702407837,68581,68591,10
13.0214500427,80.2705307007,68591,68611,20
13.0214500427,80.2705307007,68611,68622,11
13.0215702057,80.2706985474,68622,68632,10
13.0218296051,80.2710418701,68632,68642,10
13.0222396851,80.2715682983,68642,68652,10
13.0227403641,80.2722167969,68652,68662,10
13.0232696533,80.2729263306,68662,68672,10
13.023900032,80.2738037109,68672,68755,83
13.023900032,80.2738037109,68755,68765,10
13.0239400864,80.2738571167,68765,68775,10
13.0241498947,80.2741394043,68775,68784,9
13.0244598389,80.274520874,68784,68794,10
13.0248603821,80.2747802734,68794,68804,10
13.0252895355,80.2749404907,68804,68825,21
13.0252895355,80.2749404907,68825,68834,9
13.0253896713,80.2750015259,68834,68846,12
13.0255203247,80.2750701904,68846,68856,10
13.0258102417,80.2751998901,68856,68864,8
13.0260896683,80.2753295898,68864,68876,12
13.0265102386,80.2755432129,68876,68884,8
13.0268802643,80.2757034302,68884,68894,10
13.0274095535,80.2759475708,68894,68906,12
13.0280895233,80.2762527466,68906,68914,8
13.0285902023,80.2764511108,68914,68924,10
13.0292596817,80.2766723633,68924,68934,10
13.02987957,80.2768325806,68934,68944,10
13.0305404663,80.2771072388,68944,68957,13
13.0312204361,80.2775421143,68957,68967,10
13.0317697525,80.2776489258,68967,68977,10
13.03221035,80.2776184082,68977,68987,10
13.0326404572,80.277557373,68987,68997,10
13.0326900482,80.2775497437,68997,69007,10
13.0328598022,80.2775421143,69007,69017,10
13.0330400467,80.2775115967,69017,69027,10
13.0330495834,80.2775115967,69027,69037,10
13.0331602097,80.2774887085,69037,69047,10
13.0334396362,80.2774276733,69047,69057,10
13.0337295532,80.2774505615,69057,69068,11
13.0343399048,80.2776184082,69068,69078,10
13.035030365,80.2777404785,69078,69088,10
13.0357303619,80.2778778076,69088,69098,10
13.0364103317,80.2780227661,69098,69110,12
13.0371398926,80.2783126831,69110,69120,10
13.037560463,80.2784194946,69120,69130,10
13.0381402969,80.2785720825,69130,69140,10
13.0388097763,80.2787399292,69140,69150,10
13.0388803482,80.2787704468,69150,69160,10
13.0389604568,80.2788162231,69160,69170,10
13.0392103195,80.2789001465,69170,69181,11
13.0396795273,80.2790374756,69181,69191,10
13.0403499603,80.2792205811,69191,69201,10
13.0410900116,80.2793884277,69201,69211,10
13.0419502258,80.2795181274,69211,69221,10
13.0426797867,80.2796096802,69221,69231,10
13.0431804657,80.2796707153,69231,69241,10
13.0436601639,80.2798080444,69241,69251,10
13.0441303253,80.2799301147,69251,69261,10
13.0447301865,80.2800216675,69261,69271,10
13.0452404022,80.280090332,69271,69280,9
13.0456695557,80.2801513672,69280,69292,12
13.0462999344,80.2802429199,69292,69302,10
13.0468301773,80.2803192139,69302,69312,10
13.0475597382,80.280418396,69312,69322,10
13.0483102798,80.2805175781,69322,69332,10
13.049079895,80.2806396484,69332,69342,10
13.0497102737,80.2807312012,69342,69352,10
13.0500602722,80.2807769775,69352,69362,10
13.0503196716,80.2808227539,69362,69372,10
13.0506401062,80.2808685303,69372,69382,10
13.0511398315,80.280960083,69382,69392,10
13.051779747,80.2810592651,69392,69403,11
13.0526504517,80.2811965942,69403,69413,10
13.0535202026,80.2813262939,69413,69423,10
13.0544700623,80.2815093994,69423,69433,10
13.0554704666,80.2816925049,69433,69443,10
13.0562801361,80.2818527222,69443,69463,20
13.0562801361,80.2818527222,69463,69473,10
13.0563602448,80.2818832397,69473,69483,10
13.0567703247,80.2819671631,69483,69493,10
13.0573797226,80.2820968628,69493,69503,10
13.0579395294,80.2822113037,69503,69513,10
13.0586700439,80.2823562622,69513,69523,10
13.059419632,80.2825088501,69523,69533,10
13.060210228,80.2826690674,69533,69543,10
13.061050415,80.2828369141,69543,69553,10
13.0618600845,80.2830200195,69553,69563,10
13.0629196167,80.2832489014,69563,69596,33
13.0629196167,80.2832489014,69596,69607,11
13.0630998611,80.2833175659,69607,69616,9
13.0637702942,80.2835235596,69616,69638,22
13.0637702942,80.2835235596,69638,69648,10
13.0638599396,80.2835388184,69648,69658,10
13.0642595291,80.2835998535,69658,69668,10
13.0648603439,80.2837371826,69668,69678,10
13.0656900406,80.2839279175,69678,69688,10
13.0666503906,80.2841415405,69688,69698,10
13.0676002502,80.2843322754,69698,69708,10
13.0681800842,80.2844009399,69708,69718,10
13.0688295364,80.2845535278,69718,69728,10
13.0696802139,80.2847518921,69728,69738,10
13.070690155,80.2850036621,69738,69749,11
13.0719003677,80.2853088379,69749,69759,10
13.0726699829,80.2853393555,69759,69769,10
13.073220253,80.2852935791,69769,69799,30
13.073220253,80.2852935791,69799,69809,10
13.0734500885,80.2853088379,69809,69819,10
13.0737304688,80.2854309082,69819,69827,8
13.0739297867,80.285697937,69827,69839,12
13.0740299225,80.2858963013,69839,69850,11
13.0743103027,80.2861480713,69850,69860,10
13.0748195648,80.286491394,69860,69870,10
13.0754404068,80.2868728638,69870,69880,10
13.076210022,80.287147522,69880,69890,10
13.0771303177,80.2873764038,69890,69900,10
13.0781097412,80.2876281738,69900,69910,10
13.0790500641,80.2879180908,69910,69920,10
13.0798997879,80.2881774902,69920,69930,10
13.080619812,80.2883224487,69930,69940,10
13.0807800293,80.2883682251,69940,69950,10
13.0809497833,80.2884368896,69950,69960,10
13.0814304352,80.2886123657,69960,69971,11
13.0820798874,80.2888183594,69971,69981,10
13.0828104019,80.2891693115,69981,69991,10
13.0836400986,80.2892684937,69991,70001,10
13.084569931,80.2892379761,70001,70011,10
13.0854701996,80.2893066406,70011,70021,10
13.0865497589,80.2895507813,70021,70031,10
13.087439537,80.2898483276,70031,70041,10
13.0881595612,80.2901535034,70041,70051,10
13.0886201859,80.2902069092,70051,70061,10
13.088640213,80.2902069092,70061,70071,10
13.0887899399,80.2902984619,70071,70132,61
13.0887899399,80.2902984619,70132,70142,10
13.0887498856,80.2904510498,70142,70152,10
13.0884799957,80.2904205322,70152,70162,10
13.0881299973,80.2902603149,70162,70172,10
13.0875797272,80.2900390625,70172,70182,10
13.0871601105,80.2898864746,70182,70193,11
13.0869703293,80.2898330688,70193,70203,10
13.0867900848,80.2897720337,70203,70213,10
13.0865802765,80.2897186279,70213,70223,10
13.0861196518,80.2896118164,70223,70233,10
13.0856103897,80.2893371582,70233,70243,10
13.0852603912,80.2887191772,70243,70253,10
13.0850801468,80.2879714966,70253,70263,10
13.0851097107,80.2870407104,70263,70273,10
13.0852003098,80.2860717773,70273,70283,10
13.0853004456,80.285118103,70283,70293,10
13.0852403641,80.2844314575,70293,70304,11
13.0852203369,80.2841491699,70304,70314,10
13.0853595734,80.2838516235,70314,70324,10
13.0854501724,80.2836303711,70324,70334,10
13.0857000351,80.2836074829,70334,70344,10
13.085849762,80.2836074829,70344,70354,10
13.086139679,80.2836227417,70354,70364,10
13.0864095688,80.2838287354,70364,70375,11
13.0867395401,80.2840270996,70375,71244,869
13.0867395401,80.2840270996,71244,71255,11
13.087100029,80.2839584351,71255,71265,10
13.0872802734,80.2839736938,71265,71276,11
13.0875701904,80.2839813232,71276,71317,41
13.08796978,80.283996582,71317,71346,29
13.088139534,80.2836990356,71346,71377,31
13.088139534,80.2836990356,71377,71387,10
13.0882797241,80.2833023071,71387,71396,9
13.0882797241,80.2829818726,71396,71406,10
13.0882701874,80.2826538086,71406,71415,9
13.0882301331,80.2823486328,71415,71428,13
13.0881099701,80.2818527222,71428,71438,10
13.0880002975,80.281578064,71438,71448,10
13.0881204605,80.2814788818,71448,71458,10
13.0884399414,80.2815933228,71458,71468,10
13.0884599686,80.2819519043,71468,71478,10
13.0884199142,80.2821884155,71478,71488,10
13.0883703232,80.2824325562,71488,71498,10
13.0883398056,80.2826309204,71498,71508,10
13.0882997513,80.2828826904,71508,71518,10
13.0882797241,80.2831878662,71518,71528,10
13.0882997513,80.2835235596,71528,71539,11
13.0882997513,80.2837219238,71539,71549,10
13.0882997513,80.2839584351,71549,71559,10
13.0883197784,80.2842407227,71559,71569,10
13.0883703232,80.2849121094,71569,71650,81
13.0883703232,80.2849121094,71650,71660,10
13.0884199142,80.2850494385,71660,71670,10
13.0884304047,80.2854232788,71670,71680,10
13.0884399414,80.2857818604,71680,71690,10
13.0884399414,80.2862167358,71690,71700,10
13.0884504318,80.2865219116,71700,71710,10
13.0884599686,80.2868804932,71710,71720,10
13.0885095596,80.287322998,71720,71730,10
13.088549614,80.2875976563,71730,71740,10
13.0885801315,80.2880477905,71740,71750,10
13.088640213,80.28855896,71750,71761,11
13.0886697769,80.2888717651,71761,71771,10
13.0887002945,80.2892227173,71771,71781,10
13.0886802673,80.2893371582,71781,71791,10
13.0887203217,80.2897033691,71791,71801,10
13.0887498856,80.2900238037,71801,71831,30
13.0887498856,80.2900238037,71831,71841,10
13.0887403488,80.2902297974,71841,71851,10
13.0886697769,80.2904891968,71851,71861,10
13.0883703232,80.2903594971,71861,71871,10
13.0878696442,80.2901229858,71871,71882,11
13.0871801376,80.2898025513,71882,71892,10
13.0864400864,80.2895507813,71892,71902,10
13.0855903625,80.2893600464,71902,71912,10
13.084859848,80.2892227173,71912,71922,10
13.0840301514,80.2892608643,71922,71932,10
13.083319664,80.2892913818,71932,71942,10
13.0825004578,80.2890930176,71942,71952,10
13.0818004608,80.2888336182,71952,71962,10
13.0810899734,80.2885513306,71962,71972,10
13.0804395676,80.2883987427,71972,71982,10
13.0800600052,80.2882995605,71982,71993,11
13.0799798965,80.2882766724,71993,72003,10
13.0796203613,80.288230896,72003,72013,10
13.0790901184,80.2880630493,72013,72023,10
13.0784101486,80.2877731323,72023,72033,10
13.0775403976,80.2875518799,72033,72043,10
13.0766201019,80.2873077393,72043,72053,10
13.0757799149,80.2870864868,72053,72063,10
13.0752897263,80.2868423462,72063,72073,10
13.0747203827,80.2864837646,72073,72083,10
13.0743198395,80.286277771,72083,72093,10
13.0740804672,80.2862091064,72093,72104,11
13.0734796524,80.2860794067,72104,72114,10
13.0728397369,80.2857818604,72114,72124,10
13.0720796585,80.2854385376,72124,72134,10
13.0711803436,80.2852172852,72134,72144,10
13.0702104568,80.2849731445,72144,72154,10
13.0692596436,80.2847518921,72154,72164,10
13.0683803558,80.2845306396,72164,72174,10
13.067489624,80.2843933105,72174,72184,10
13.066570282,80.2841796875,72184,72194,10
13.0656499863,80.2839584351,72194,72204,10
13.0648298264,80.2837677002,72204,72215,11
13.0644798279,80.2836990356,72215,72235,20
13.0644798279,80.2836990356,72235,72245,10
13.0643396378,80.2836990356,72245,72255,10
13.0639600754,80.2836074829,72255,72265,10
13.0633802414,80.2834396362,72265,72275,10
13.0627498627,80.2832870483,72275,72285,10
13.0625400543,80.283241272,72285,72295,10
13.0625095367,80.283241272,72295,72307,12
13.06208992,80.2831192017,72307,72316,9
13.0615596771,80.2829971313,72316,72326,10
13.060959816,80.2828598022,72326,72336,10
13.0604200363,80.2827529907,72336,72346,10
13.0597400665,80.2826080322,72346,72357,11
13.0588998795,80.2824401855,72357,72368,11
13.0580396652,80.2822799683,72368,72378,10
13.0576400757,80.2822036743,72378,72388,10
13.0576295853,80.2821884155,72388,72396,8
13.0574903488,80.2821731567,72396,72406,10
13.057009697,80.2820663452,72406,72416,10
13.0567398071,80.2820129395,72416,72426,10
13.0566997528,80.2819976807,72426,72439,13
13.0562200546,80.2818984985,72439,72449,10
13.0556497574,80.2817687988,72449,72459,10
13.0549201965,80.2816162109,72459,72469,10
13.0541095734,80.281463623,72469,72479,10
13.0533103943,80.2813262939,72479,72489,10
13.0525398254,80.281211853,72489,72499,10
13.0516796112,80.2810821533,72499,72509,10
13.051150322,80.28099823,72509,72519,10
13.0507602692,80.2809371948,72519,72529,10
13.0502796173,80.2808609009,72529,72539,10
13.049659729,80.2807693481,72539,72550,11
13.0488300323,80.2806472778,72550,72560,10
13.0479803085,80.2805328369,72560,72570,10
13.0471200943,80.2804107666,72570,72580,10
13.0462703705,80.2802963257,72580,72590,10
13.0454502106,80.2801895142,72590,72600,10
13.0446596146,80.280090332,72600,72610,10
13.0437602997,80.2799606323,72610,72640,30
13.0437602997,80.2799606323,72640,72650,10
13.0435495377,80.2799301147,72650,72661,11
13.0430297852,80.2798233032,72661,72671,10
13.042309761,80.2796630859,72671,72681,10
13.041560173,80.2795333862,72681,72691,10
13.0410003662,80.2794189453,72691,72701,10
13.0405702591,80.2793426514,72701,72711,10
13.0399198532,80.2791671753,72711,72721,10
13.0392799377,80.2789993286,72721,72731,10
13.0390300751,80.2789382935,72731,72741,10
13.0389204025,80.2788925171,72741,72751,10
13.0385904312,80.2787475586,72751,72761,10
13.038020134,80.2785720825,72761,72772,11
13.0374002457,80.2783966064,72772,72782,10
13.036860466,80.2782211304,72782,72792,10
13.036239624,80.2779922485,72792,72802,10
13.0356302261,80.2778701782,72802,72812,10
13.0350799561,80.2777786255,72812,72822,10
13.0345697403,80.2777023315,72822,72832,10
13.0337400436,80.2774810791,72832,72852,20
13.0337400436,80.2774810791,72852,72862,10
13.0335702896,80.2774429321,72862,72872,10
13.0331897736,80.2775192261,72872,72883,11
13.0326795578,80.2775497437,72883,72893,10
13.0322599411,80.2775878906,72893,72903,10
13.0318098068,80.2776412964,72903,72913,10
13.0313196182,80.2775878906,72913,72923,10
13.0310001373,80.2773971558,72923,72933,10
13.0309495926,80.2773666382,72933,72943,10
13.0307197571,80.2772216797,72943,72953,10
13.0302295685,80.2769699097,72953,72963,10
13.0296697617,80.2767715454,72963,72973,10
13.0290498734,80.2766113281,72973,72982,9
13.0286102295,80.2764205933,72982,72994,12
13.0280895233,80.2762298584,72994,73004,10
13.0277099609,80.2760467529,73004,73014,10
13.0271396637,80.2758026123,73014,73024,10
13.0265903473,80.2755737305,73024,73034,10
13.026049614,80.2753372192,73034,73064,30
13.026049614,80.2753372192,73064,73074,10
13.0258197784,80.2752380371,73074,73084,10
13.0254497528,80.2750701904,73084,73094,10
13.0248804092,80.2748184204,73094,73105,11
13.0244197845,80.2745437622,73105,73115,10
13.0243997574,80.274520874,73115,73125,10
13.0243301392,80.2744522095,73125,73135,10
13.0241603851,80.2742385864,73135,73145,10
13.0238199234,80.2737884521,73145,73155,10
13.0234804153,80.2733383179,73155,73165,10
13.0230197906,80.2727584839,73165,73175,10
13.0224895477,80.2720336914,73175,73185,10
13.0219497681,80.2712936401,73185,73195,10
13.0214004517,80.2705993652,73195,73206,11
13.0209302902,80.2700195313,73206,73216,10
13.0209102631,80.2699890137,73216,73226,10
13.0208396912,80.2699127197,73226,73238,12
13.0206003189,80.2695388794,73238,73248,10
13.0202302933,80.2690582275,73248,73256,8
13.0198202133,80.2686462402,73256,73268,12
13.0192203522,80.2678985596,73268,73277,9
13.0187797546,80.267288208,73277,73288,11
13.0186004639,80.2663879395,73288,73298,10
13.0186500549,80.2657623291,73298,73307,9
13.0188102722,80.26512146,73307,73317,10
13.0190095901,80.2643280029,73317,73329,12
13.0189504623,80.2636032104,73329,73339,10
13.0188903809,80.2632293701,73339,73347,8
13.0188703537,80.2630767822,73347,73357,10
13.0188398361,80.2628173828,73357,73369,12
13.0187597275,80.2621078491,73369,73377,8
13.0186796188,80.2616119385,73377,73387,10
13.018289566,80.2611618042,73387,73397,10
13.0177202225,80.2607803345,73397,73407,10
13.017080307,80.2603607178,73407,73417,10
13.0164203644,80.2599563599,73417,73429,12
13.0160102844,80.2597503662,73429,73440,11
13.0159196854,80.2596969604,73440,73450,10
13.0155496597,80.2595596313,73450,73460,10
13.0149698257,80.2594223022,73460,73470,10
13.0142803192,80.2593765259,73470,73480,10
13.0135097504,80.2593536377,73480,73490,10
13.0126199722,80.2593078613,73490,73500,10
13.0116996765,80.2592773438,73500,73510,10
13.0107898712,80.259262085,73510,73520,10
13.0098400116,80.2592468262,73520,73530,10
13.0089902878,80.2592315674,73530,73540,10
13.0082798004,80.2591781616,73540,73550,10
13.0076398849,80.2589416504,73550,73561,11
13.0069904327,80.2583770752,73561,73571,10
13.0066003799,80.2576370239,73571,73581,10
13.0064897537,80.2567520142,73581,73591,10
13.006480217,80.2557220459,73591,73601,10
13.0064601898,80.2546920776,73601,73610,9
13.0064201355,80.2542877197,73610,73621,11
13.0064201355,80.2542419434,73621,73631,10
13.0064401627,80.2541809082,73631,73641,10
13.0064496994,80.2538223267,73641,73651,10
13.0064601898,80.2532730103,73651,73660,9
13.0064496994,80.252746582,73660,73672,12
13.0065002441,80.2523574829,73672,73682,10
13.0065898895,80.2518768311,73682,73692,10
13.0066995621,80.2512435913,73692,73702,10
13.0067100525,80.2505722046,73702,73712,10
13.0067100525,80.2499008179,73712,73722,10
13.0066795349,80.2492599487,73722,73732,10
13.0066404343,80.2485580444,73732,73741,9
13.0065803528,80.2480392456,73741,73793,52
13.0065803528,80.2480392456,73793,73803,10
13.0065402985,80.2479400635,73803,73813,10
13.0065498352,80.247543335,73813,73823,10
13.0065402985,80.246887207,73823,73843,20
13.0065402985,80.246887207,73843,73853,10
13.0065002441,80.2468566895,73853,73863,10
13.0065202713,80.2465591431,73863,73873,10
13.0065698624,80.2461471558,73873,73883,10
13.0065803528,80.2456130981,73883,73894,11
13.0065803528,80.2449188232,73894,73904,10
13.0065898895,80.2442169189,73904,73914,10
13.0065698624,80.2436218262,73914,73924,10
13.0065402985,80.2429885864,73924,73934,10
13.0065202713,80.2422485352,73934,73944,10
13.006529808,80.2414627075,73944,73954,10
13.0066795349,80.2403869629,73954,74015,61
13.0066795349,80.2403869629,74015,74025,10
13.0067300797,80.2400817871,74025,74035,10
13.0068502426,80.2395095825,74035,74045,10
13.0069999695,80.2387313843,74045,74055,10
13.0071697235,80.2379379272,74055,74065,10
13.0073299408,80.2371520996,74065,74075,10
13.0073795319,80.2367401123,74075,74095,20
13.0073795319,80.2367401123,74095,74105,10
13.0074396133,80.2365036011,74105,74116,11
13.0075397491,80.2360305786,74116,74126,10
13.0076599121,80.2354431152,74126,74136,10
13.007809639,80.2347183228,74136,74146,10
13.0079698563,80.2339401245,74146,74156,10
13.0081501007,80.2330627441,74156,74166,10
13.0083303452,80.2321624756,74166,74176,10
13.0085000992,80.2312088013,74176,74186,10
13.0086803436,80.2302780151,74186,74196,10
13.0088596344,80.2293319702,74196,74206,10
13.0090503693,80.2284698486,74206,74216,10
13.0093603134,80.2276611328,74216,74227,11
13.0097703934,80.2267379761,74227,74237,10
13.0101203918,80.2259292603,74237,74247,10
13.0104503632,80.2252502441,74247,74257,10
13.0107402802,80.2246780396,74257,74268,11
13.0109996796,80.2240371704,74268,74278,10
13.0111904144,80.2235412598,74278,74288,10
13.0112104416,80.2232208252,74288,74297,9
13.010890007,80.2230606079,74297,74308,11
13.0105695724,80.2229003906,74308,74318,10
13.0102396011,80.2227325439,74318,74328,10
13.0097398758,80.2224578857,74328,74337,9
13.0091695786,80.2221679688,74337,74349,12
13.0084295273,80.2217712402,74349,74359,10
13.0076704025,80.2213897705,74359,74369,10
13.0069103241,80.2209777832,74369,74378,9
13.0061798096,80.2207107544,74378,74388,10
13.0053396225,80.2205123901,74388,74399,11
13.0046396255,80.2203598022,74399,74408,9
13.0042896271,80.2202606201,74408,74419,11
13.0037097931,80.2201385498,74419,74429,10
13.0031204224,80.2199783325,74429,74438,9
13.0025196075,80.2196578979,74438,74450,12
13.0018997192,80.2190322876,74450,74460,10
13.0014095306,80.2185897827,74460,74470,10
13.0008401871,80.218170166,74470,74480,10
13.000289917,80.2178115845,74480,74490,10
12.9996595383,80.2174224854,74490,74500,10
12.9990797043,80.2171401978,74500,74510,10
12.9986200333,80.2169418335,74510,74550,40
12.9986200333,80.2169418335,74550,74561,11
12.9982595444,80.2167892456,74561,74571,10
12.9980096817,80.2167205811,74571,74611,40
12.9980096817,80.2167205811,74611,74621,10
12.9976501465,80.2166366577,74621,74631,10
12.9973602295,80.2166366577,74631,74641,10
12.9971399307,80.2166519165,74641,74661,20
12.9971399307,80.2166519165,74661,74671,10
12.9969797134,80.2166519165,74671,74682,11
12.996629715,80.2166671753,74682,74692,10
12.9963703156,80.2167205811,74692,74702,10
12.9961795807,80.2167663574,74702,74712,10
12.996049881,80.216796875,74712,74722,10
12.9957199097,80.2168807983,74722,74742,20
12.9957199097,80.2168807983,74742,74752,10
12.9953804016,80.2169723511,74752,74762,10
12.9951696396,80.2170715332,74762,74772,10
12.9949903488,80.2171783447,74772,74782,10
12.9948596954,80.2172622681,74782,74793,11
12.9945201874,80.2174835205,74793,74803,10
12.9940299988,80.2178268433,74803,74813,10
12.9934597015,80.2182388306,74813,74823,10
12.9928998947,80.2186431885,74823,74833,10
12.9923200607,80.2190628052,74833,74843,10
12.9917097092,80.2195205688,74843,74853,10
12.9909200668,80.2201004028,74853,74873,20
12.9909200668,80.2201004028,74873,74883,10
12.9906597137,80.2202835083,74883,74893,10
12.9902000427,80.2206497192,74893,74904,11
12.9896802902,80.2212371826,74904,74914,10
12.9892597198,80.2217102051,74914,74924,10
12.9887695313,80.2222824097,74924,74934,10
12.9882802963,80.2227401733,74934,74944,10
12.9877500534,80.2231216431,74944,74954,10
12.9875898361,80.2231826782,74954,74964,10
12.987449646,80.2231826782,74964,74974,10
12.9871397018,80.22315979,74974,74984,10
12.9870796204,80.2231521606,74984,74993,9
12.9869499207,80.2231369019,74993,75004,11
12.9866895676,80.2230911255,75004,75015,11
12.9862098694,80.2230682373,75015,75025,10
12.9856500626,80.2231521606,75025,75035,10
12.9853200912,80.2233810425,75035,75045,10
12.984869957,80.2232513428,75045,75055,10
12.9843397141,80.2229614258,75055,75065,10
12.9837799072,80.22265625,75065,75075,10
12.9832296371,80.2222900391,75075,75095,20
12.9832296371,80.2222900391,75095,75105,10
12.9831199646,80.2222137451,75105,75115,10
12.9828195572,80.2220230103,75115,75126,11
12.9824695587,80.2218780518,75126,75136,10
12.9821796417,80.2218170166,75136,75146,10
12.981710434,80.221496582,75146,75156,10
12.9811601639,80.2211990356,75156,75166,10
12.9805402756,80.2211380005,75166,75176,10
12.9798603058,80.2212219238,75176,75186,10
12.9792995453,80.2212677002,75186,75196,10
12.9787597656,80.2212982178,75196,75206,10
12.978269577,80.221321106,75206,75216,10
12.9777402878,80.2212982178,75216,75225,9
12.9769601822,80.2213287354,75225,75247,22
12.9769601822,80.2213287354,75247,75257,10
12.9766397476,80.2213668823,75257,75471,214
12.9766397476,80.2213668823,75471,75481,10
12.9762201309,80.221282959,75481,75491,10
12.9760599136,80.2214279175,75491,75501,10
12.9761600494,80.2217025757,75501,75511,10
12.9765501022,80.2222518921,75511,76894,1383
12.9765501022,80.2222518921,76894,76904,10
12.9766302109,80.2223434448,76904,76914,10
12.9767398834,80.2225570679,76914,76923,9
12.9768600464,80.2227478027,76923,76935,12
12.9771003723,80.2228012085,76935,76945,10
12.9774303436,80.2227172852,76945,76955,10
12.9774398804,80.2224121094,76955,76965,10
12.9774303436,80.2220916748,76965,76975,10
12.9774103165,80.2216720581,76975,76985,10
12.977399826,80.2213516235,76985,76995,10
12.9774599075,80.2212524414,76995,77005,10
12.9777297974,80.2212524414,77005,77014,9
12.9780597687,80.2212219238,77014,77025,11
12.9785699844,80.2211608887,77025,77035,10
12.978770256,80.2211380005,77035,77046,11
12.9792299271,80.2211227417,77046,77056,10
12.9797496796,80.2210769653,77056,77066,10
12.9803304672,80.2210388184,77066,77076,10
12.9808397293,80.2210235596,77076,77086,10
12.9813098907,80.2211990356,77086,77096,10
12.9817695618,80.2215194702,77096,77106,10
12.9822902679,80.2218170166,77106,77116,10
12.9827299118,80.2219467163,77116,77126,10
12.9828901291,80.2220230103,77126,77135,9
12.9829397202,80.2220535278,77135,77146,11
12.9832296371,80.2222290039,77146,77157,11
12.9836397171,80.2225189209,77157,77167,10
12.9840602875,80.2227401733,77167,77177,10
12.9844799042,80.2229919434,77177,77187,10
12.9849395752,80.2232437134,77187,77197,10
12.9854001999,80.2233276367,77197,77207,10
12.985710144,80.2230377197,77207,77217,10
12.9861803055,80.2229995728,77217,77227,10
12.9863595963,80.2229919434,77227,77237,10
12.986579895,80.2229995728,77237,77247,10
12.9869403839,80.2230606079,77247,77257,10
12.986989975,80.2230606079,77257,77268,11
12.9873600006,80.2231063843,77268,77278,10
12.987859726,80.2229919434,77278,77288,10
12.9883899689,80.2225799561,77288,77298,10
12.9888801575,80.2220687866,77298,77308,10
12.9893398285,80.2215194702,77308,77318,10
12.9897603989,80.2209396362,77318,77328,10
12.9903697968,80.2203826904,77328,77338,10
12.9903697968,80.2203826904,77338,77348,10
12.9905395508,80.2202606201,77348,77357,9
12.9908304214,80.2200393677,77357,77370,13
12.9912996292,80.2196731567,77370,77383,13
12.9917201996,80.2193603516,77383,77393,10
12.992190361,80.2190170288,77393,77403,10
12.9927396774,80.2186279297,77403,77413,10
12.993229866,80.2182617188,77413,77423,10
12.9937400818,80.2179031372,77423,77433,10
12.9941701889,80.2175979614,77433,77443,10
12.994600296,80.2172775269,77443,77453,10
12.9951095581,80.2169265747,77453,77463,10
12.9956798553,80.2166671753,77463,77473,10
12.9963502884,80.2165374756,77473,77483,10
12.9969301224,80.2164764404,77483,77494,11
12.9971504211,80.2164535522,77494,77504,10
12.9974298477,80.2164611816,77504,77514,10
12.9975004196,80.2164764404,77514,77524,10
12.9978199005,80.2165374756,77524,77534,10
12.9982995987,80.2166519165,77534,77544,10
12.9988203049,80.2169036865,77544,77554,10
12.9994001389,80.2172012329,77554,77564,10
12.9999303818,80.2175292969,77564,77573,9
13.0003995895,80.2178268433,77573,77584,11
13.0010404587,80.21824646,77584,77593,9
13.0016098022,80.2186737061,77593,77605,12
13.0021896362,80.2192764282,77605,77615,10
13.0027399063,80.2197570801,77615,77625,10
13.003370285,80.2199783325,77625,77635,10
13.0040597916,80.220123291,77635,77645,10
13.0048103333,80.2202911377,77645,77655,10
13.0055704117,80.2204666138,77655,77665,10
13.006360054,80.2206268311,77665,77675,10
13.0071201324,80.2209625244,77675,77685,10
13.0078201294,80.2213516235,77685,77695,10
13.0085296631,80.2217178345,77695,77705,10
13.00922966,80.2220993042,77705,77716,11
13.0100097656,80.2225265503,77716,77726,10
13.0107698441,80.2229232788,77726,77736,10
13.0113401413,80.2231826782,77736,77796,60
13.0113401413,80.2231826782,77796,77806,10
13.0114803314,80.223197937,77806,77816,10
13.0117197037,80.2233963013,77816,77827,11
13.0122299194,80.2236785889,77827,77837,10
13.0127601624,80.2239837646,77837,77847,10
13.0134000778,80.224319458,77847,77857,10
13.0140600204,80.2246627808,77857,77867,10
13.0146398544,80.2249984741,77867,77877,10
13.0151901245,80.2252807617,77877,77887,10
13.0153999329,80.2255630493,77887,77897,10
13.0151596069,80.2258605957,77897,77907,10
13.0147695541,80.2260131836,77907,77917,10
13.014169693,80.2263031006,77917,77926,9
13.0135002136,80.2265777588,77926,77938,12
13.0125598907,80.2269668579,77938,77948,10
13.0117702484,80.2272796631,77948,77958,10
13.0109701157,80.2276000977,77958,77968,10
13.0101604462,80.2279281616,77968,77978,10
13.0093202591,80.228302002,77978,77988,10
13.0089998245,80.2291717529,77988,77998,10
13.0088100433,80.2301712036,77998,78008,10
13.0086297989,80.2311630249,78008,78018,10
13.0084295273,80.2321929932,78018,78028,10
13.0082702637,80.2332000732,78028,78038,10
13.0082197189,80.2335662842,78038,78047,9
13.0081701279,80.233757019,78047,78059,12
13.0080499649,80.2342987061,78059,78069,10
13.0079202652,80.2349395752,78069,78079,10
13.0077495575,80.2357406616,78079,78089,10
13.0075998306,80.2366027832,78089,78099,10
13.0074396133,80.2374267578,78099,78109,10
13.0072898865,80.2381820679,78109,78119,10
13.0071697235,80.2389068604,78119,78129,10
13.0070199966,80.2395782471,78129,78139,10
13.0069198608,80.2401123047,78139,78169,30
13.0069198608,80.2401123047,78169,78179,10
13.0069103241,80.2405319214,78179,78191,12
13.0068798065,80.2406387329,78191,78199,8
13.006819725,80.2408981323,78199,78211,12
13.0067396164,80.2416000366,78211,78219,8
13.0067195892,80.2421875,78219,78231,12
13.0066900253,80.2431182861,78231,78241,10
13.0066795349,80.2438201904,78241,78250,9
13.0066795349,80.2444992065,78250,78259,9
13.0066900253,80.2451705933,78259,78271,12
13.0067195892,80.2461013794,78271,78280,9
13.0067596436,80.2467422485,78280,78290,10
13.0067901611,80.247253418,78290,78300,10
13.0067195892,80.247833252,78300,78310,10
13.0067396164,80.2485427856,78310,78320,10
13.006770134,80.2493896484,78320,78332,12
13.0067996979,80.2504196167,78332,78342,10
13.006819725,80.2512435913,78342,78350,8
13.0067796707,80.2516098022,78350,78372,22
13.0067796707,80.2516098022,78372,78382,10
13.0066795349,80.2520370483,78382,78393,11
13.0065603256,80.2526092529,78393,78403,10
13.0065498352,80.253288269,78403,78413,10
13.0065603256,80.2540435791,78413,78423,10
13.0066003799,80.2548599243,78423,78433,10
13.0066003799,80.2556915283,78433,78443,10
13.0066003799,80.2564315796,78443,78453,10
13.0066404343,80.2571029663,78453,78504,51
13.0066404343,80.2571029663,78504,78514,10
13.0066404343,80.257232666,78514,78524,10
13.0067195892,80.2575836182,78524,78534,10
13.0069303513,80.2580566406,78534,78544,10
13.0073003769,80.2584609985,78544,78554,10
13.0078897476,80.2587738037,78554,78564,10
13.0084400177,80.2589416504,78564,78574,10
13.0084400177,80.2589492798,78574,78584,10
13.0087203979,80.2590866089,78584,78594,10
13.0093402863,80.2590866089,78594,78604,10
13.0101604462,80.2590866089,78604,78615,11
13.0111303329,80.2590637207,78615,78625,10
13.0120296478,80.2590713501,78625,78635,10
13.0129699707,80.2591094971,78635,78645,10
13.0139503479,80.2591400146,78645,78655,10
13.0149402618,80.2591705322,78655,78665,10
13.0158700943,80.2593536377,78665,78675,10
13.0163698196,80.2596282959,78675,78685,10
13.0164604187,80.2597122192,78685,78695,10
13.0167999268,80.2599868774,78695,78705,10
13.0173301697,80.2603378296,78705,78714,9
13.017829895,80.2607116699,78714,78726,12
13.0184898376,80.2611618042,78726,78736,10
13.018989563,80.2615737915,78736,78746,10
13.0194797516,80.2620010376,78746,78756,10
13.0200195313,80.262550354,78756,78766,10
13.0203504562,80.2629470825,78766,78776,10
13.0200195313,80.2630310059,78776,78786,10
13.0194301605,80.2629776001,78786,78796,10
13.0190000534,80.2630767822,78796,78806,10
13.0190696716,80.2636566162,78806,78816,10
13.0190896988,80.2644500732,78816,78825,9
13.0188999176,80.2651367188,78825,78837,12
13.0187501907,80.2657012939,78837,78847,10
13.0187101364,80.2664794922,78847,78857,10
13.0188703537,80.2673034668,78857,78867,10
13.019370079,80.2679519653,78867,78877,10
13.0199098587,80.2685928345,78877,78887,10
13.0204696655,80.2692871094,78887,78897,10
13.0209102631,80.2697982788,78897,78907,10
13.0213603973,80.2703323364,78907,78917,10
13.0214796066,80.2704925537,78917,78927,10
13.0217599869,80.2708435059,78927,78937,10
13.0221700668,80.2714004517,78937,78948,11
13.0227003098,80.2721099854,78948,78956,8
13.0230998993,80.2726364136,78956,78968,12
13.023639679,80.2733917236,78968,78978,10
13.0238704681,80.2736968994,78978,78988,10
13.0242204666,80.2741699219,78988,78998,10
13.024769783,80.2746810913,78998,79008,10
13.0253295898,80.2749023438,79008,79018,10
13.0253400803,80.2749023438,79018,79028,10
13.0255699158,80.2750167847,79028,79038,10
13.0260000229,80.2752075195,79038,79047,9
13.0264797211,80.2754364014,79047,79059,12
13.0271997452,80.2757568359,79059,79069,10
13.0277900696,80.2760314941,79069,79079,10
13.0284099579,80.2763137817,79079,79089,10
13.0290603638,80.2765426636,79089,79099,10
13.0297498703,80.2767181396,79099,79109,10
13.0303401947,80.2769393921,79109,79119,10
13.0309400558,80.2772827148,79119,79129,10
13.0316400528,80.277557373,79129,79139,10
13.0323095322,80.2774963379,79139,79149,10
13.0329399109,80.2774734497,79149,79159,10
13.0335903168,80.2773513794,79159,79170,11
13.0342998505,80.2775421143,79170,79180,10
13.0350503922,80.277671814,79180,79190,10
13.035779953,80.2778015137,79190,79199,9
13.0364398956,80.2779312134,79199,79210,11
13.0372104645,80.2782516479,79210,79220,10
13.0379495621,80.2784500122,79220,79230,10
13.0387201309,80.2786407471,79230,79240,10
13.0388202667,80.2786636353,79240,79251,11
13.0391397476,80.2788009644,79251,79261,10
13.0396299362,80.2789535522,79261,79271,10
13.0403203964,80.2791366577,79271,79279,8
13.0409803391,80.2792892456,79279,79290,11
13.041970253,80.2794494629,79290,79302,12
13.0430603027,80.279586792,79302,79312,10
13.0438604355,80.2797927856,79312,79322,10
13.0447101593,80.2799377441,79322,79332,10
13.045539856,80.2800598145,79332,79340,8
13.0461196899,80.2801437378,79340,79352,12
13.0467500687,80.2802124023,79352,79361,9
13.0473003387,80.2802810669,79361,79372,11
13.0480804443,80.280380249,79372,79381,9
13.0487499237,80.2804794312,79381,79391,10
13.049200058,80.2805404663,79391,79403,12
13.0494098663,80.2805709839,79403,79411,8
13.0498304367,80.2806396484,79411,79421,10
13.0505399704,80.28074646,79421,79431,10
13.0511903763,80.2808532715,79431,79443,12
13.0521697998,80.2809906006,79443,79453,10
13.0529499054,80.2811126709,79453,79461,8
13.0536003113,80.2811965942,79461,79471,10
13.0544700623,80.2813568115,79471,79481,10
13.0553598404,80.2815322876,79481,79493,12
13.0563001633,80.2817306519,79493,79504,11
13.0565700531,80.281791687,79504,79514,10
13.0567102432,80.2818069458,79514,79524,10
13.0571603775,80.2819137573,79524,79534,10
13.0578098297,80.282043457,79534,79544,10
13.0585899353,80.2822036743,79544,79554,10
13.059419632,80.2823791504,79554,79564,10
13.060259819,80.2825393677,79564,79574,10
13.0610904694,80.2827224731,79574,79584,10
13.0619096756,80.2828979492,79584,79594,10
13.0627603531,80.2830886841,79594,79604,10
13.0636901855,80.2833023071,79604,79614,10
13.0640296936,80.2833786011,79614,79625,11
13.0641202927,80.2834014893,79625,79635,10
13.0645599365,80.2835006714,79635,79645,10
13.0652198792,80.2836532593,79645,79655,10
13.0661096573,80.2838592529,79655,79665,10
13.0671195984,80.2841033936,79665,79675,10
13.0681200027,80.2842788696,79675,79685,10
13.0691404343,80.2845230103,79685,79695,10
13.0702199936,80.2847900391,79695,79705,10
13.0713396072,80.2850799561,79705,79715,10
13.0723800659,80.2853088379,79715,79725,10
13.0733804703,80.2853393555,79725,79736,11
13.0740995407,80.2857971191,79736,79746,10
13.074669838,80.286277771,79746,79756,10
13.0753602982,80.2867279053,79756,79766,10
13.0761203766,80.2870178223,79766,79776,10
13.0769500732,80.2872467041,79776,79786,10
13.0777797699,80.2874603271,79786,79796,10
13.0785903931,80.2876663208,79796,79806,10
13.0793199539,80.2879714966,79806,79816,10
13.0800695419,80.2881088257,79816,79826,10
13.0806503296,80.2882385254,79826,79836,10
13.0812902451,80.288482666,79836,79847,11
13.0820903778,80.2887268066,79847,79857,10
13.0829000473,80.2891235352,79857,79867,10
13.0837898254,80.2891769409,79867,79877,10
13.0847101212,80.2891616821,79877,79887,10
13.0855998993,80.2892303467,79887,79897,10
13.086520195,80.2894515991,79897,79907,10
13.0873003006,80.2897033691,79907,79917,10
13.0879898071,80.2899780273,79917,79927,10
13.0885696411,80.2900924683,79927,79937,10
13.0886602402,80.2900238037,79937,79947,10
13.0887002945,80.289680481,79947,79958,11
13.0886497498,80.2891235352,79958,79968,10
13.0886201859,80.2887268066,79968,79978,10
13.0885801315,80.2884368896,79978,79988,10
13.088549614,80.2879714966,79988,79998,10
13.08852005,80.287651062,79998,80008,10
13.0885000229,80.2873764038,80008,80018,10
13.0884599686,80.2868499756,80018,80028,10
13.0884199142,80.2865600586,80028,80038,10
13.0883998871,80.2861328125,80038,80048,10
13.0883903503,80.2856369019,80048,80058,10
13.0883798599,80.28515625,80058,80069,11
13.0883598328,80.2845611572,80069,80079,10
13.0883197784,80.2838821411,80079,80099,20
13.0883197784,80.2838821411,80099,80109,10
13.0882997513,80.2835922241,80109,80119,10
13.0882701874,80.283241272,80119,80129,10
13.0882902145,80.2828674316,80129,80139,10
13.0882902145,80.2824783325,80139,80149,10
13.088259697,80.2821426392,80149,80159,10
13.0881204605,80.2816925049,80159,80168,9
13.0877504349,80.2814331055,80168,80180,12
13.0870599747,80.2812423706,80180,80190,10
13.0864696503,80.2810668945,80190,80200,10
13.0859203339,80.2809066772,80200,80210,10
13.0856599808,80.2804794312,80210,80220,10
13.0855398178,80.2799224854,80220,80230,10
13.0852098465,80.2794494629,80230,80240,10
13.084569931,80.2792663574,80240,80250,10
13.0839300156,80.2791824341,80250,80260,10
13.0832996368,80.2789916992,80260,80270,10
13.0826396942,80.2787322998,80270,80280,10
13.082110405,80.2784881592,80280,80291,11
13.0819101334,80.2780532837,80291,80301,10
13.0818595886,80.2774963379,80301,80311,10
13.0818099976,80.2768936157,80311,80321,10
13.0817098618,80.2763366699,80321,80332,11
13.081609726,80.2758178711,80332,80341,9
13.0815696716,80.2755508423,80341,80352,11
13.0814599991,80.2752914429,80352,80362,10
13.0811700821,80.2752075195,80362,80371,9
13.080789566,80.2752609253,80371,80381,10
13.0803403854,80.2753067017,80381,80391,10
13.0798902512,80.2753601074,80391,80401,10
13.0793800354,80.2753219604,80401,80413,12
13.0786895752,80.2752227783,80413,80421,8
13.0782804489,80.2755813599,80421,80433,12
13.0778198242,80.276260376,80433,80442,9
13.0771102905,80.2762908936,80442,80451,9
13.0764398575,80.2763290405,80451,80463,12
13.0759401321,80.2763519287,80463,80473,10
13.075920105,80.2763519287,80473,80483,10
13.0758495331,80.2762069702,80483,80493,10
13.0759000778,80.2759170532,80493,80502,9
13.075969696,80.2756881714,80502,80514,12
13.075969696,80.2753829956,80514,80855,341
13.075920105,80.2749404907,80855,80947,92
13.0760297775,80.2746124268,80947,80993,46
13.0761003494,80.2747421265,80993,81148,155
13.0749397278,80.2752609253,81148,81215,67
