12.9865703583,80.2590408325,14,166,152
12.9864301682,80.259147644,166,1046,880
12.9864301682,80.2590408325,1046,1956,910
12.9865198135,80.2591400146,1956,2856,900
12.9864997864,80.2590484619,2856,2916,60
12.9864797592,80.2591934204,2916,4261,1345
12.9865398407,80.2591018677,4261,17165,12904
12.9865903854,80.2591018677,17165,18217,1052
12.9865903854,80.2591018677,18217,18227,10
12.986530304,80.2590179443,18227,19400,1173
12.986410141,80.2591018677,19400,19562,162
12.9865102768,80.2591171265,19562,21859,2297
12.9865102768,80.2591171265,21859,21869,10
12.9867296219,80.2588500977,21869,21879,10
12.9865903854,80.2587738037,21879,22162,283
12.9865903854,80.2587738037,22162,22172,10
12.9866800308,80.2586669922,22172,22183,11
12.9867401123,80.2586669922,22183,22193,10
12.9869699478,80.2584991455,22193,22223,30
12.9869699478,80.2584991455,22223,22233,10
12.9872903824,80.2584762573,22233,22243,10
12.9873504639,80.2582168579,22243,22253,10
12.9874000549,80.2579421997,22253,22263,10
12.9874601364,80.2574386597,22263,22274,11
12.9875202179,80.2566833496,22274,22284,10
12.9875602722,80.2560424805,22284,22294,10
12.987569809,80.255859375,22294,22304,10
12.987660408,80.2555007935,22304,22314,10
12.9876804352,80.2550506592,22314,22385,71
12.9876804352,80.2550506592,22385,22395,10
12.9877195358,80.254989624,22395,22405,10
12.9877500534,80.2544937134,22405,22415,10
12.9877996445,80.253616333,22415,22425,10
12.9878797531,80.2526321411,22425,22435,10
12.987739563,80.2515411377,22435,22526,91
12.987739563,80.2515411377,22526,22536,10
12.987950325,80.2511825562,22536,22546,10
12.9885101318,80.2510528564,22546,22557,11
12.9894504547,80.2508163452,22557,22567,10
12.9904603958,80.2505874634,22567,22577,10
12.9915599823,80.250328064,22577,22587,10
12.9926395416,80.2500686646,22587,22597,10
12.9937400818,80.249786377,22597,22607,10
12.9948596954,80.2495193481,22607,22617,10
12.9960203171,80.2492370605,22617,22627,10
12.9970197678,80.2490081787,22627,22637,10
12.9982700348,80.2486801147,22637,22648,11
12.9995298386,80.2483520508,22648,22658,10
13.0006599426,80.2480621338,22658,22668,10
13.0017795563,80.2478027344,22668,22678,10
13.0026502609,80.2476196289,22678,22688,10
13.0036096573,80.2474365234,22688,22698,10
13.0046901703,80.2473068237,22698,22708,10
13.0057601929,80.2471084595,22708,22718,10
13.0064601898,80.2465591431,22718,22728,10
13.0066003799,80.2457809448,22728,22739,11
13.0066099167,80.2449417114,22739,22749,10
13.0066699982,80.2442016602,22749,22759,10
13.0066604614,80.2435836792,22759,22769,10
13.0066099167,80.2428665161,22769,22779,10
13.0065803528,80.2418899536,22779,22789,10
13.0066604614,80.2408599854,22789,22799,10
13.006819725,80.2398071289,22799,22809,10
13.0070400238,80.2387313843,22809,22819,10
13.0072803497,80.2376480103,22819,22830,11
13.007519722,80.2364807129,22830,22840,10
13.0077295303,80.2353973389,22840,22850,10
13.0079498291,80.2342910767,22850,22860,10
13.0081596375,80.2332000732,22860,22870,10
13.0083703995,80.2320709229,22870,22880,10
13.0085897446,80.2309265137,22880,22890,10
13.0088100433,80.2297821045,22890,22900,10
13.0090398788,80.2286529541,22900,22910,10
13.0093603134,80.2276077271,22910,22921,11
13.0098695755,80.2265319824,22921,22931,10
13.0103702545,80.2256088257,22931,22941,10
13.0107002258,80.224822998,22941,22951,10
13.011059761,80.223991394,22951,22961,10
13.0114002228,80.2232971191,22961,22971,10
13.0120000839,80.2235412598,22971,22981,10
13.0127496719,80.2239532471,22981,22991,10
13.0137300491,80.2244186401,22991,23001,10
13.0147399902,80.2249069214,23001,23012,11
13.0153398514,80.2252883911,23012,23022,10
13.0154695511,80.2253417969,23022,23032,10
13.0160903931,80.2253799438,23032,23042,10
13.0166397095,80.2253036499,23042,23052,10
13.0174703598,80.2249908447,23052,23062,10
13.0184898376,80.224571228,23062,23072,10
13.0194396973,80.2244415283,23072,23082,10
13.0201797485,80.2248764038,23082,23092,10
13.020939827,80.2254180908,23092,23102,10
13.0218601227,80.2261199951,23102,23113,11
13.0227298737,80.2268600464,23113,23122,9
13.023440361,80.2275238037,23122,23133,11
13.0241298676,80.2281723022,23133,23143,10
13.0243501663,80.2285690308,23143,23153,10
13.0241098404,80.2285003662,23153,23163,10
13.0238199234,80.2280731201,23163,23173,10
13.0231895447,80.2274398804,23173,23295,122
13.0229701996,80.2271575928,23295,23477,182
13.0229701996,80.2271575928,23477,23487,10
13.022939682,80.2271270752,23487,23497,10
13.0226602554,80.2268829346,23497,23507,10
13.0226202011,80.2268371582,23507,23517,10
13.0225095749,80.2267227173,23517,23527,10
13.022190094,80.2264404297,23527,23537,10
13.0218296051,80.2261276245,23537,23547,10
13.0214595795,80.2258377075,23547,23557,10
13.0211896896,80.2256317139,23557,23568,11
13.020939827,80.2254104614,23568,23578,10
13.0204601288,80.2250900269,23578,23588,10
13.0198602676,80.2247161865,23588,23608,20
13.0198602676,80.2247161865,23608,23618,10
13.019610405,80.2245788574,23618,23628,10
13.0189599991,80.2244796753,23628,23638,10
13.0180997849,80.2247924805,23638,23648,10
13.0171403885,80.2251663208,23648,23659,11
13.0161399841,80.2255401611,23659,23669,10
13.0153398514,80.2258529663,23669,23679,10
13.01445961,80.2262191772,23679,23699,20
13.01445961,80.2262191772,23699,23709,10
13.0144500732,80.2262496948,23709,23719,10
13.0140199661,80.2264099121,23719,23729,10
13.0132598877,80.2267074585,23729,23739,10
13.0123796463,80.2270584106,23739,23750,11
13.0113897324,80.2274703979,23750,23760,10
13.0104198456,80.2278518677,23760,23770,10
13.0094995499,80.2282180786,23770,23780,10
13.0091104507,80.2289581299,23780,23790,10
13.008939743,80.2298965454,23790,23800,10
13.0087604523,80.2309188843,23800,23810,10
13.008600235,80.2317276001,23810,23820,10
13.0083703995,80.2329711914,23820,23830,10
13.0082998276,80.2335586548,23830,23841,11
13.0082597733,80.2336578369,23841,23851,10
13.0081300735,80.2341308594,23851,23861,10
13.0079603195,80.2349319458,23861,23871,10
13.0077495575,80.2359390259,23871,23881,10
13.0075397491,80.2370529175,23881,23891,10
13.0073404312,80.2381591797,23891,23901,10
13.0071296692,80.2392272949,23901,23911,10
13.0069303513,80.2401504517,23911,23972,61
13.0069303513,80.2401504517,23972,23982,10
13.0069198608,80.2404327393,23982,23992,10
13.0068798065,80.2407989502,23992,24002,10
13.0068302155,80.2410202026,24002,24012,10
13.0067501068,80.2416763306,24012,24023,11
13.0067501068,80.24269104,24023,24033,10
13.0067100525,80.2435913086,24033,24043,10
13.0066204071,80.2446212769,24043,24053,10
13.0066795349,80.2457427979,24053,24063,10
13.0067195892,80.2468185425,24063,24073,10
13.0065097809,80.2474212646,24073,24083,10
13.0062103271,80.2474212646,24083,24093,10
13.005979538,80.2474136353,24093,24103,10
13.0053195953,80.2473678589,24103,24114,11
13.0043296814,80.2474365234,24114,24124,10
13.0032901764,80.2475891113,24124,24134,10
13.0021696091,80.2478103638,24134,24144,10
13.0010595322,80.2480926514,24144,24154,10
12.999879837,80.2483825684,24154,24164,10
12.9986400604,80.2486877441,24164,24174,10
12.997420311,80.2489929199,24174,24184,10
12.9961900711,80.2492980957,24184,24194,10
12.9949798584,80.2496109009,24194,24204,10
12.9936304092,80.2499694824,24204,24215,11
12.992389679,80.2502670288,24215,24225,10
12.991350174,80.2505569458,24225,24235,10
12.9911003113,80.250617981,24235,24245,10
12.9909200668,80.2506484985,24245,24255,10
12.9902801514,80.2508010864,24255,24265,10
12.9893503189,80.2510223389,24265,24275,10
12.9884195328,80.2512969971,24275,24285,10
12.9879798889,80.251411438,24285,24346,61
12.9879798889,80.251411438,24346,24356,10
12.9879198074,80.2514724731,24356,24366,10
12.9874897003,80.2515487671,24366,24376,10
12.9866895676,80.2517700195,24376,24386,10
12.985710144,80.2519989014,24386,24397,11
12.9845695496,80.2523117065,24397,24407,10
12.9835100174,80.2525787354,24407,24417,10
12.9823799133,80.2526931763,24417,24427,10
12.9812202454,80.2527084351,24427,24437,10
12.9803199768,80.252746582,24437,24447,10
12.9799098969,80.2527694702,24447,24457,10
12.9791603088,80.2527008057,24457,24467,10
12.9788198471,80.2526397705,24467,24477,10
12.9785995483,80.2525634766,24477,24488,11
12.9779596329,80.2520980835,24488,24498,10
12.9771795273,80.2514801025,24498,24508,10
12.9761800766,80.2511291504,24508,24518,10
12.9751195908,80.2508392334,24518,24528,10
12.97397995,80.25050354,24528,24538,10
12.9727802277,80.2501831055,24538,24548,10
12.9715595245,80.2498474121,24548,24558,10
12.9703798294,80.24949646,24558,24568,10
12.9691896439,80.2490310669,24568,24579,11
12.9678201675,80.2484817505,24579,24589,10
12.966629982,80.2479476929,24589,24599,10
12.9651498795,80.2473602295,24599,24619,20
12.9651498795,80.2473602295,24619,24629,10
12.9646596909,80.247177124,24629,24639,10
12.9638500214,80.2468795776,24639,24649,10
12.9629001617,80.2464294434,24649,24658,9
12.9619703293,80.2459564209,24658,24670,12
12.9606599808,80.2453613281,24670,24680,10
12.9596300125,80.2449264526,24680,24690,10
12.9593496323,80.2447967529,24690,24700,10
12.9592504501,80.244720459,24700,24710,10
12.9587402344,80.244468689,24710,24720,10
12.9579801559,80.2441482544,24720,24730,10
12.9572696686,80.2438964844,24730,24740,10
12.9565696716,80.2436981201,24740,24750,10
12.956199646,80.243560791,24750,24761,11
12.9554195404,80.2431793213,24761,24771,10
12.9545001984,80.2427597046,24771,24781,10
12.9534397125,80.2423171997,24781,24791,10
12.952340126,80.2418899536,24791,24801,10
12.9516801834,80.2416610718,24801,24811,10
12.9516401291,80.2416381836,24811,24821,10
12.951210022,80.2414779663,24821,24831,10
12.9503498077,80.2412033081,24831,24841,10
12.9494400024,80.2409133911,24841,24852,11
12.9491100311,80.2407913208,24852,24862,10
12.9485998154,80.2406082153,24862,24872,10
12.9477500916,80.240272522,24872,24882,10
12.9472198486,80.2400588989,24882,24892,10
12.9471702576,80.2400283813,24892,24902,10
12.9466695786,80.2398300171,24902,24912,10
12.9458799362,80.2394866943,24912,24922,10
12.9450397491,80.2389297485,24922,24932,10
12.9442596436,80.2380905151,24932,24942,10
12.9434299469,80.2372131348,24942,24953,11
12.9423503876,80.2364578247,24953,24963,10
12.9410896301,80.2361526489,24963,24973,10
12.940079689,80.2358779907,24973,24983,10
12.9398002625,80.235786438,24983,24993,10
12.9397802353,80.235786438,24993,25003,10
12.9393396378,80.2355804443,25003,25013,10
12.9385404587,80.235168457,25013,25023,10
12.9375295639,80.2346801758,25023,25033,10
12.9364004135,80.2341308594,25033,25044,11
12.9353399277,80.2336273193,25044,25054,10
12.9343700409,80.2332000732,25054,25064,10
12.9339599609,80.2330322266,25064,25074,10
12.9339504242,80.2330169678,25074,25084,10
12.9337596893,80.2329483032,25084,25094,10
12.9331197739,80.2326583862,25094,25104,10
12.9321804047,80.2323074341,25104,25114,10
12.9310703278,80.2319412231,25114,25124,10
12.9298400879,80.231590271,25124,25135,11
12.9284496307,80.231300354,25135,25145,10
12.927189827,80.2311172485,25145,25155,10
12.9262695313,80.2310333252,25155,25165,10
12.9261302948,80.2310180664,25165,25175,10
12.9256801605,80.2309494019,25175,25185,10
12.9248504639,80.2308425903,25185,25195,10
12.9237804413,80.2306976318,25195,25205,10
12.9225502014,80.2305297852,25205,25215,10
12.9213399887,80.2303314209,25215,25226,11
12.919670105,80.2301177979,25226,25236,10
12.9183397293,80.229927063,25236,25246,10
12.9170598984,80.2297515869,25246,25256,10
12.9158000946,80.2295684814,25256,25266,10
12.9145298004,80.2294311523,25266,25276,10
12.9135799408,80.2293319702,25276,25286,10
12.913310051,80.229309082,25286,25296,10
12.9131498337,80.2292785645,25296,25306,10
12.9125204086,80.2291412354,25306,25317,11
12.9115104675,80.2289810181,25317,25327,10
12.9104299545,80.2288284302,25327,25337,10
12.9092702866,80.2286529541,25337,25347,10
12.9081096649,80.2284622192,25347,25357,10
12.9067802429,80.2283172607,25357,25377,20
12.9067802429,80.2283172607,25377,25387,10
12.9064798355,80.2282562256,25387,25397,10
12.9059801102,80.2282180786,25397,25408,11
12.9050598145,80.2281799316,25408,25418,10
12.9039802551,80.2281417847,25418,25428,10
12.902879715,80.2280807495,25428,25438,10
12.90184021,80.228012085,25438,25448,10
12.9008598328,80.2279663086,25448,25458,10
12.8995399475,80.2279129028,25458,25478,20
12.8995399475,80.2279129028,25478,25488,10
12.8992204666,80.2278671265,25488,25499,11
12.8982496262,80.2277984619,25499,25509,10
12.897190094,80.2277374268,25509,25519,10
12.8959598541,80.2276992798,25519,25529,10
12.894610405,80.2276382446,25529,25539,10
12.8932695389,80.2275238037,25539,25549,10
12.8924703598,80.2274169922,25549,25559,10
12.8920202255,80.2273864746,25559,25569,10
12.8910503387,80.2273788452,25569,25579,10
12.8898200989,80.2273712158,25579,25590,11
12.8883304596,80.2273406982,25590,25600,10
12.8871603012,80.2272186279,25600,25610,10
12.8859901428,80.2269363403,25610,25620,10
12.8851699829,80.2267837524,25620,25630,10
12.8848800659,80.2267608643,25630,25640,10
12.8847303391,80.2267608643,25640,25650,10
12.8840799332,80.2267532349,25650,25660,10
12.8830699921,80.2267532349,25660,25670,10
12.8819198608,80.2267684937,25670,25681,11
12.8805999756,80.2267837524,25681,25691,10
12.8792600632,80.2267913818,25691,25701,10
12.877869606,80.2268829346,25701,25711,10
12.8767795563,80.2269821167,25711,25721,10
12.8764200211,80.2270126343,25721,25731,10
12.8762998581,80.2270202637,25731,25741,10
12.8756198883,80.2270126343,25741,25751,10
12.8746099472,80.2268981934,25751,25761,10
12.8734798431,80.2267684937,25761,25771,10
12.8724403381,80.2267532349,25771,25782,11
12.8715000153,80.2266998291,25782,25792,10
12.8703203201,80.2266387939,25792,25802,10
12.8689804077,80.2264785767,25802,25812,10
12.8675003052,80.2264709473,25812,25822,10
12.8660202026,80.2266235352,25822,25832,10
12.8645000458,80.2266235352,25832,25842,10
12.8629302979,80.2265701294,25842,25852,10
12.8614597321,80.2266387939,25852,25862,10
12.8607702255,80.2266311646,25862,25873,11
12.8597698212,80.2264862061,25873,25883,10
12.8585395813,80.2263183594,25883,25893,10
12.8570995331,80.226348877,25893,25903,10
12.8555498123,80.2265014648,25903,25913,10
12.8540296555,80.2266616821,25913,25923,10
12.8525104523,80.2267303467,25923,25933,10
12.8510704041,80.2266769409,25933,25943,10
12.8500900269,80.2266464233,25943,25953,10
12.8497800827,80.2266387939,25953,25964,11
12.8489398956,80.2266464233,25964,25974,10
12.847869873,80.2266311646,25974,25984,10
12.846619606,80.2266464233,25984,25994,10
12.845410347,80.2266616821,25994,26014,20
12.845410347,80.2266616821,26014,26024,10
12.8449802399,80.2266387939,26024,26034,10
12.844209671,80.2266998291,26034,26043,9
12.8430900574,80.2268829346,26043,26055,12
12.8415203094,80.2271881104,26055,26065,10
12.8403701782,80.2275238037,26065,26075,10
12.8399000168,80.2277297974,26075,26085,10
12.839679718,80.2277984619,26085,26095,10
12.8395395279,80.2278671265,26095,26105,10
12.8393602371,80.227897644,26105,26115,10
12.8390703201,80.2279281616,26115,26125,10
12.8382501602,80.2281494141,26125,26135,10
12.8371400833,80.2283630371,26135,26146,11
12.8357601166,80.228553772,26146,26156,10
12.8344297409,80.2287826538,26156,26166,10
12.8331298828,80.2290115356,26166,26176,10
12.8322296143,80.2291870117,26176,26186,10
12.8319396973,80.2292633057,26186,26196,10
12.8318595886,80.2293014526,26196,26206,10
12.8312797546,80.2294387817,26206,26216,10
12.8303203583,80.2297592163,26216,26226,10
12.8290996552,80.23021698,26226,26237,11
12.8277301788,80.2309494019,26237,26247,10
12.8263702393,80.2313995361,26247,26257,10
12.8249101639,80.2314529419,26257,26267,10
12.8234500885,80.231086731,26267,26277,10
12.8219900131,80.2306289673,26277,26287,10
12.8205795288,80.2304992676,26287,26297,10
12.8193101883,80.2305374146,26297,26307,10
12.8188695908,80.2305221558,26307,26317,10
12.8184900284,80.2303619385,26317,26328,11
12.8175096512,80.2298965454,26328,26338,10
12.8163499832,80.2295303345,26338,26348,10
12.8149795532,80.2293167114,26348,26358,10
12.8134403229,80.2289810181,26358,26368,10
12.8118400574,80.2284088135,26368,26378,10
12.8101997375,80.2277832031,26378,26388,10
12.8087701797,80.2269821167,26388,26398,10
12.8075199127,80.2259368896,26398,26408,10
12.80671978,80.2252197266,26408,26418,10
12.8060102463,80.2245788574,26418,26429,11
12.8053197861,80.2241210938,26429,26439,10
12.8049898148,80.2240524292,26439,26449,10
12.8046503067,80.2239837646,26449,26459,10
12.8042697906,80.2239303589,26459,26469,10
12.8035497665,80.2238693237,26469,26479,10
12.8024997711,80.2237625122,26479,26489,10
12.8013801575,80.2236404419,26489,26499,10
12.8010702133,80.2236328125,26499,26509,10
12.8003196716,80.2235794067,26509,26520,11
12.7991600037,80.2234802246,26520,26530,10
12.7978200912,80.2233428955,26530,26540,10
12.7965097427,80.2231063843,26540,26550,10
12.7958402634,80.2229995728,26550,26560,10
12.7957296371,80.2229690552,26560,26570,10
12.795129776,80.2228622437,26570,26580,10
12.7942199707,80.2227172852,26580,26590,10
12.7933301926,80.2225799561,26590,26600,10
12.7923402786,80.2224121094,26600,26611,11
12.7910995483,80.2220916748,26611,26621,10
12.7899398804,80.2218017578,26621,26631,10
12.789150238,80.2215270996,26631,26641,10
12.7882299423,80.2211532593,26641,26651,10
12.7873802185,80.2208328247,26651,26661,10
12.7869997025,80.2206573486,26661,26671,10
12.7869501114,80.2206192017,26671,26681,10
12.7866296768,80.2205200195,26681,26691,10
12.7864398956,80.2204589844,26691,26702,11
12.7861499786,80.2203598022,26702,26712,10
12.7855195999,80.2200775146,26712,26722,10
12.7848300934,80.2197113037,26722,26732,10
12.784330368,80.2194366455,26732,26742,10
12.7836503983,80.219039917,26742,26752,10
12.7826900482,80.2185134888,26752,26762,10
12.7814598083,80.2178268433,26762,26772,10
12.7801103592,80.217086792,26772,26782,10
12.7786798477,80.2163162231,26782,26793,11
12.7769899368,80.2155685425,26793,26803,10
12.7754201889,80.2149429321,26803,26813,10
12.7738399506,80.2142868042,26813,26823,10
12.7724103928,80.2137374878,26823,26833,10
12.7711200714,80.2133407593,26833,27846,1013
12.7711200714,80.2133407593,27846,27856,10
12.7707996368,80.2131576538,27856,27866,10
12.7707300186,80.2130432129,27866,27877,11
12.7708301544,80.2128677368,27877,27887,10
12.7709703445,80.2124328613,27887,27897,10
12.7711000443,80.2117004395,27897,27907,10
12.7714300156,80.2110290527,27907,27917,10
12.7718296051,80.2102737427,27917,27927,10
12.7722196579,80.2094497681,27927,27937,10
12.7725296021,80.2084197998,27937,27947,10
12.7727203369,80.2076797485,27947,27957,10
12.7728796005,80.2071075439,27957,27967,10
12.7730798721,80.206451416,27967,27978,11
12.7731895447,80.2061691284,27978,27988,10
12.7733402252,80.2054901123,27988,27998,10
12.7734899521,80.2045593262,27998,28008,10
12.7736196518,80.2034301758,28008,28018,10
12.7738599777,80.2022781372,28018,28028,10
12.7739200592,80.2012710571,28028,28038,10
12.7739696503,80.2006988525,28038,28048,10
12.7740402222,80.1998062134,28048,28058,10
12.7741498947,80.198677063,28058,28069,11
12.774189949,80.1976394653,28069,28079,10
12.7742395401,80.1967391968,28079,28089,10
12.7742795944,80.1957931519,28089,28099,10
12.7743997574,80.1949691772,28099,28109,10
12.7746095657,80.1939926147,28109,28119,10
12.7747497559,80.1936035156,28119,28129,10
12.7750196457,80.1929626465,28129,28139,10
12.7754201889,80.192199707,28139,28149,10
12.7753601074,80.1918563843,28149,28160,11
12.7751398087,80.1910400391,28160,28171,11
12.7746095657,80.190322876,28171,28180,9
12.7737503052,80.1895370483,28180,28191,11
12.7725601196,80.1890869141,28191,28201,10
12.7714595795,80.1887130737,28201,28211,10
12.7710103989,80.1878967285,28211,28221,10
12.770939827,80.1873016357,28221,28231,10
12.7709197998,80.1870117188,28231,28241,10
12.7708101273,80.1863174438,28241,28252,11
12.7707796097,80.1855392456,28252,28262,10
12.7706804276,80.1847381592,28262,28272,10
12.7703399658,80.1846008301,28272,28282,10
12.7698001862,80.1844482422,28282,28292,10
12.7694997787,80.1843414307,28292,28302,10
12.7692499161,80.1842498779,28302,28312,10
12.7688903809,80.1840209961,28312,28322,10
12.7685403824,80.1836776733,28322,28332,10
12.7681798935,80.1834335327,28332,28343,11
12.7675800323,80.1832199097,28343,28353,10
12.7670602798,80.1830368042,28353,28363,10
12.7664403915,80.182762146,28363,28374,11
12.7658004761,80.1826629639,28374,28383,9
12.7651395798,80.1825714111,28383,28394,11
12.7644195557,80.1824798584,28394,28402,8
12.7641897202,80.1824417114,28402,28414,12
12.7636299133,80.1823806763,28414,28424,10
12.7634401321,80.1828536987,28424,28435,11
12.7632398605,80.1834869385,28435,28445,10
12.763130188,80.1837921143,28445,28455,10
12.7630796432,80.183921814,28455,28465,10
12.7630596161,80.1842193604,28465,28475,10
12.7630796432,80.1845321655,28475,28485,10
12.7628803253,80.1850204468,28485,28505,20
12.7628803253,80.1850204468,28505,28515,10
12.7625999451,80.1849517822,28515,28526,11
12.7622299194,80.1849365234,28526,28536,10
12.7618598938,80.1849136353,28536,28546,10
12.7615499496,80.1848373413,28546,28556,10
12.7613401413,80.184677124,28556,28576,20
12.7613401413,80.184677124,28576,28586,10
12.761469841,80.1847915649,28586,28930,344
12.761469841,80.1847915649,28930,28940,10
12.7615299225,80.1848526001,28940,28950,10
12.7616596222,80.1849212646,28950,28960,10
12.761879921,80.1849365234,28960,28970,10
12.7621803284,80.1849594116,28970,28981,11
12.762430191,80.1849517822,28981,28991,10
12.762720108,80.1849975586,28991,29001,10
12.7629995346,80.1849517822,29001,29011,10
12.7630796432,80.1845626831,29011,29021,10
12.7630395889,80.184211731,29021,29031,10
12.7630596161,80.1839904785,29031,29041,10
12.7632198334,80.1835021973,29041,29061,20
12.7632198334,80.1835021973,29061,29071,10
12.7633104324,80.1832733154,29071,29082,11
12.7634296417,80.182800293,29082,29092,10
12.763589859,80.1824264526,29092,29102,10
12.763999939,80.1824493408,29102,29112,10
12.7645397186,80.182510376,29112,29122,10
12.7651596069,80.1825790405,29122,29132,10
12.7657403946,80.1826477051,29132,29142,10
12.7662000656,80.1826934814,29142,29152,10
12.7667999268,80.1828689575,29152,29162,10
12.7673997879,80.1831512451,29162,29173,11
12.7679901123,80.1833496094,29173,29183,10
12.7684602737,80.1835479736,29183,29193,10
12.7687501907,80.1838302612,29193,29203,10
12.7692699432,80.1842269897,29203,29223,20
12.7692699432,80.1842269897,29223,29233,10
12.7693796158,80.1842803955,29233,29243,10
12.7697601318,80.1844482422,29243,29253,10
12.7706403732,80.1847000122,29253,29274,21
12.7706403732,80.1847000122,29274,29284,10
12.7707500458,80.1847763062,29284,29294,10
12.770819664,80.185218811,29294,29304,10
12.7708301544,80.1859512329,29304,29314,10
12.7708997726,80.1865921021,29314,29324,10
12.770939827,80.1868972778,29324,29344,20
12.770939827,80.1868972778,29344,29355,11
12.7709598541,80.1872634888,29355,29365,10
12.7709999084,80.187713623,29365,29375,10
12.7710599899,80.1881408691,29375,29385,10
12.7712602615,80.1887207031,29385,29395,10
12.7719202042,80.1889801025,29395,29405,10
12.7727203369,80.1892471313,29405,29415,10
12.7735795975,80.1895904541,29415,29425,10
12.7742795944,80.1900634766,29425,29435,10
12.774889946,80.1906967163,29435,29446,11
12.775270462,80.1915435791,29446,29456,10
12.7753896713,80.192199707,29456,29466,10
12.775349617,80.1925964355,29466,29476,10
12.7749004364,80.1931762695,29476,29486,10
12.7746896744,80.1937866211,29486,29496,10
12.7746696472,80.1938400269,29496,29506,10
12.7746601105,80.1938171387,29506,29516,10
12.7745504379,80.1942596436,29516,29526,10
12.7743797302,80.1950378418,29526,29537,11
12.7742795944,80.1958770752,29537,29547,10
12.7742595673,80.1960067749,29547,29557,10
12.7742300034,80.1963500977,29557,29567,10
12.7742204666,80.1970596313,29567,29577,10
12.774189949,80.1979370117,29577,29587,10
12.774140358,80.1987304688,29587,29597,10
12.7740497589,80.19972229,29597,29607,10
12.7739696503,80.200668335,29607,29617,10
12.7739095688,80.2013015747,29617,29638,21
12.7739095688,80.2013015747,29638,29648,10
12.773900032,80.2015762329,29648,29658,10
12.7738599777,80.2021026611,29658,29668,10
12.7737598419,80.2028884888,29668,29678,10
12.7735595703,80.2037734985,29678,29688,10
12.7734603882,80.2047119141,29688,29698,10
12.7733001709,80.205619812,29698,29708,10
12.773059845,80.2065505981,29708,29739,31
12.773059845,80.2065505981,29739,29749,10
12.7729902267,80.2067337036,29749,29759,10
12.7728395462,80.2072601318,29759,29769,10
12.772649765,80.2079162598,29769,29779,10
12.7725000381,80.2084579468,29779,29789,10
12.7722101212,80.2094573975,29789,29799,10
12.771900177,80.2101898193,29799,29809,10
12.7715597153,80.2108383179,29809,29820,11
12.7712402344,80.2115020752,29820,29830,10
12.7710800171,80.212020874,29830,29900,70
12.7710800171,80.212020874,29900,29911,11
12.7710399628,80.2121429443,29911,29921,10
12.7709903717,80.2124710083,29921,29931,10
12.770819664,80.2130203247,29931,29941,10
12.7710199356,80.213180542,29941,29951,10
12.771030426,80.213180542,29951,29961,10
12.7714395523,80.2133178711,29961,29971,10
12.7721004486,80.2135772705,29971,29981,10
12.772939682,80.2138824463,29981,29991,10
12.7737398148,80.2142028809,29991,30002,11
12.7749204636,80.2146835327,30002,30012,10
12.7760295868,80.2151412964,30012,30022,10
12.7772397995,80.2156295776,30022,30032,10
12.7784700394,80.2161712646,30032,30042,10
12.779709816,80.2168197632,30042,30052,10
12.780960083,80.2174911499,30052,30062,10
12.7821702957,80.2181472778,30062,30072,10
12.783249855,80.2187271118,30072,30082,10
12.7842302322,80.2192611694,30082,30093,11
12.7851104736,80.2197189331,30093,30103,10
12.7854604721,80.2199172974,30103,30113,10
12.7855796814,80.2200012207,30113,30123,10
12.7859296799,80.2201766968,30123,30173,50
12.7859296799,80.2201766968,30173,30184,11
12.7861795425,80.2202835083,30184,30194,10
12.7866802216,80.2204666138,30194,30214,20
12.7866802216,80.2204666138,30214,30224,10
12.7867603302,80.2205581665,30224,30234,10
12.7871103287,80.2206802368,30234,30244,10
12.787779808,80.220916748,30244,30254,10
12.7885398865,80.221206665,30254,30264,10
12.7894001007,80.2215270996,30264,30275,11
12.7902603149,80.2218017578,30275,30285,10
12.7912397385,80.2220535278,30285,30295,10
12.7923698425,80.2223205566,30295,30305,10
12.793680191,80.2225494385,30305,30315,10
12.7949895859,80.2227478027,30315,30325,10
12.7959899902,80.2229309082,30325,30335,10
12.7963895798,80.2229614258,30335,30345,10
12.7964401245,80.2229690552,30345,30355,10
12.7965898514,80.2230072021,30355,30366,11
12.7973098755,80.2231521606,30366,30376,10
12.7983198166,80.2232971191,30376,30386,10
12.7994604111,80.2233963013,30386,30396,10
12.8005304337,80.2235107422,30396,30406,10
12.8014001846,80.2235870361,30406,30426,20
12.8014001846,80.2235870361,30426,30436,10
12.8018302917,80.2236633301,30436,30446,10
12.8026599884,80.2237701416,30446,30457,11
12.8037004471,80.2238769531,30457,30467,10
12.8045597076,80.2239379883,30467,30477,10
12.8054304123,80.2240982056,30477,30497,20
12.8054304123,80.2240982056,30497,30507,10
12.805729866,80.2242279053,30507,30517,10
12.8062801361,80.2246780396,30517,30527,10
12.8069896698,80.2253265381,30527,30537,10
12.8077201843,80.2259368896,30537,30546,9
12.8084897995,80.2266082764,30546,30558,12
12.8097200394,80.2274780273,30558,30568,10
12.8108701706,80.2279815674,30568,30578,10
12.8120603561,80.2284164429,30578,30588,10
12.8133201599,80.2288513184,30588,30598,10
12.8145904541,80.2292098999,30598,30608,10
12.8158998489,80.2294006348,30608,30618,10
12.8172101974,80.2296829224,30618,30628,10
12.818400383,80.2302017212,30628,30638,10
12.819439888,80.2304992676,30638,30649,11
12.8198795319,80.23046875,30649,30659,10
12.8199396133,80.23046875,30659,30669,10
12.8205003738,80.2304382324,30669,30679,10
12.8214101791,80.23046875,30679,30689,10
12.8224496841,80.230682373,30689,30699,10
12.823559761,80.231010437,30699,30709,10
12.824640274,80.2312698364,30709,30719,10
12.8257398605,80.2313613892,30719,30729,10
12.8261804581,80.2313308716,30729,30740,11
12.8263597488,80.2313079834,30740,30750,10
12.8270301819,80.2312011719,30750,30760,10
12.8278799057,80.230796814,30760,30770,10
12.8288803101,80.2302780151,30770,30780,10
12.829990387,80.2298126221,30780,30790,10
12.8305397034,80.229598999,30790,30800,10
12.8305797577,80.2295837402,30800,30810,10
12.8310098648,80.2294082642,30810,30831,21
12.8310098648,80.2294082642,30831,30841,10
12.8313102722,80.229309082,30841,30851,10
12.8315000534,80.2292404175,30851,30861,10
12.8320102692,80.2291030884,30861,30871,10
12.832909584,80.2289428711,30871,30881,10
12.8340196609,80.2287521362,30881,30891,10
12.8351697922,80.228553772,30891,30901,10
12.8364095688,80.2283630371,30901,30911,10
12.8376102448,80.2281799316,30911,30922,11
12.8387498856,80.2279281616,30922,30932,10
12.8394203186,80.2276382446,30932,30952,20
12.8394203186,80.2276382446,30952,30962,10
12.8395700455,80.2275619507,30962,30972,10
12.8400802612,80.2275009155,30972,30982,10
12.8408603668,80.2273406982,30982,30992,10
12.8415699005,80.2271499634,30992,31002,10
12.8424797058,80.2269515991,31002,31013,11
12.8436603546,80.2267303467,31013,31023,10
12.8447599411,80.226600647,31023,31033,10
12.8452701569,80.2265396118,31033,31043,10
12.8452796936,80.2265396118,31043,31053,10
12.8454904556,80.2265701294,31053,31063,10
12.8458900452,80.2265396118,31063,31073,10
12.8466997147,80.2265625,31073,31083,10
12.8479204178,80.2265625,31083,31093,10
12.8493003845,80.2265396118,31093,31104,11
12.8501701355,80.2265319824,31104,31114,10
12.8505001068,80.2265396118,31114,31124,10
12.8514099121,80.2265777588,31124,31134,10
12.8526697159,80.2266311646,31134,31144,10
12.8540802002,80.2265625,31144,31154,10
12.8556499481,80.2264022827,31154,31164,10
12.8571395874,80.2262420654,31164,31174,10
12.8584003448,80.2261886597,31174,31184,10
12.8597002029,80.226348877,31184,31194,10
12.8608398438,80.2264785767,31194,31205,11
12.8609399796,80.2264862061,31205,31215,10
12.8612604141,80.2265090942,31215,31225,10
12.8620796204,80.2265014648,31225,31235,10
12.863240242,80.2264480591,31235,31245,10
12.8645296097,80.2265090942,31245,31255,10
12.8659200668,80.2265167236,31255,31265,10
12.8673801422,80.2264175415,31265,31275,10
12.868929863,80.2263793945,31275,31285,10
12.8705396652,80.2265701294,31285,31296,11
12.872130394,80.2266387939,31296,31306,10
12.8728199005,80.2266235352,31306,31316,10
12.8728504181,80.2266235352,31316,31326,10
12.8732795715,80.2266387939,31326,31336,10
12.8741197586,80.2267227173,31336,31346,10
12.8752603531,80.226852417,31346,31356,10
12.8766202927,80.2268829346,31356,31376,20
12.8766202927,80.2268829346,31376,31387,11
12.877120018,80.226852417,31387,31397,10
12.8780002594,80.2267990112,31397,31407,10
12.8791599274,80.2267227173,31407,31417,10
12.8804597855,80.2266769409,31417,31427,10
12.8819599152,80.2266693115,31427,31437,10
12.8833503723,80.2266464233,31437,31447,10
12.884469986,80.2266311646,31447,31457,10
12.8850803375,80.2266235352,31457,31467,10
12.8851099014,80.2266235352,31467,31478,11
12.8856201172,80.2266998291,31478,31488,10
12.8864202499,80.2269134521,31488,31498,10
12.8874502182,80.2271499634,31498,31508,10
12.8887195587,80.2272796631,31508,31518,10
12.8900203705,80.2272872925,31518,31528,10
12.8908596039,80.2273025513,31528,31538,10
12.8918304443,80.2273101807,31538,31548,10
12.8925895691,80.2273635864,31548,31558,10
12.8933401108,80.2274398804,31558,31569,11
12.8938703537,80.2275085449,31569,31579,10
12.8944797516,80.2275772095,31579,31589,10
12.8954200745,80.2276000977,31589,31599,10
12.8965501785,80.2276535034,31599,31609,10
12.8974304199,80.2276992798,31609,31619,10
12.8983697891,80.2277374268,31619,31629,10
12.8989601135,80.2277832031,31629,31639,10
12.8992300034,80.2277984619,31639,31740,101
12.8992300034,80.2277984619,31740,31750,10
12.8996896744,80.2278594971,31750,31761,11
12.8999900818,80.2278671265,31761,31771,10
12.9002599716,80.2278823853,31771,31781,10
12.9006996155,80.2278823853,31781,31791,10
12.9009103775,80.2279129028,31791,31801,10
12.9011497498,80.2279205322,31801,31811,10
12.9015398026,80.2279586792,31811,31821,10
12.9019403458,80.2279663086,31821,31831,10
12.9024000168,80.2279891968,31831,31841,10
12.9028596878,80.2279891968,31841,31852,11
12.9030103683,80.2279663086,31852,31862,10
12.9032001495,80.2279663086,31862,31872,10
12.9036998749,80.2280426025,31872,31882,10
12.9043998718,80.2280807495,31882,31892,10
12.9050102234,80.2281036377,31892,31902,10
12.9053897858,80.2281265259,31902,31912,10
12.9055204391,80.2281417847,31912,31922,10
12.9058904648,80.2281494141,31922,31932,10
12.9060697556,80.2281570435,31932,31943,11
12.9063997269,80.2281723022,31943,31953,10
12.9068603516,80.2282180786,31953,31963,10
12.906999588,80.2282333374,31963,31973,10
12.9072904587,80.2282485962,31973,31983,10
12.9080600739,80.2283706665,31983,31993,10
12.9088897705,80.2285232544,31993,32003,10
12.9100103378,80.2287063599,32003,32013,10
12.9113197327,80.2289123535,32013,32023,10
12.9125003815,80.2290802002,32023,32034,11
12.9131402969,80.2291793823,32034,32044,10
12.9133300781,80.2292022705,32044,32054,10
12.9137296677,80.2292480469,32054,32074,20
12.9137296677,80.2292480469,32074,32084,10
12.9139204025,80.2292785645,32084,32094,10
12.914270401,80.2293395996,32094,32104,10
12.9149398804,80.2294387817,32104,32114,10
12.9160299301,80.2295913696,32114,32125,11
12.9167804718,80.2296981812,32125,32135,10
12.9171695709,80.2297363281,32135,32145,10
12.918009758,80.2298736572,32145,32155,10
12.9187898636,80.2299575806,32155,32165,10
12.9197797775,80.2300796509,32165,32175,10
12.9207201004,80.2302017212,32175,32185,10
12.921620369,80.2303237915,32185,32195,10
12.922539711,80.2304534912,32195,32205,10
12.9236001968,80.2305908203,32205,32216,11
12.925330162,80.2308578491,32216,32226,10
12.9264202118,80.2309417725,32226,32236,10
12.9266300201,80.2309570313,32236,32246,10
12.9273004532,80.2310409546,32246,32256,10
12.9282798767,80.2311630249,32256,32266,10
12.9292402267,80.2313232422,32266,32276,10
12.9303598404,80.231590271,32276,32286,10
12.9314603806,80.231918335,32286,32296,10
12.9323797226,80.2322235107,32296,32307,11
12.9332103729,80.2325210571,32307,32317,10
12.9334497452,80.2326202393,32317,32327,10
12.9337596893,80.2327728271,32327,32337,10
12.9340200424,80.2329101563,32337,32347,10
12.9345998764,80.2331695557,32347,32357,10
12.9352502823,80.2334594727,32357,32367,10
12.9352798462,80.2334823608,32367,32377,10
12.9356603622,80.2336578369,32377,32387,10
12.93612957,80.2338790894,32387,32398,11
12.9368000031,80.2342224121,32398,32408,10
12.9375200272,80.2345733643,32408,32418,10
12.9383897781,80.2350006104,32418,32428,10
12.9391298294,80.2353591919,32428,32438,10
12.9395599365,80.2356185913,32438,32448,10
12.939740181,80.2357025146,32448,32458,10
12.9399204254,80.2357635498,32458,32468,10
12.9399995804,80.2357788086,32468,32478,10
12.9405202866,80.2359390259,32478,32488,10
12.9415397644,80.2361984253,32488,32499,11
12.9429302216,80.2367019653,32499,32509,10
12.9439601898,80.2376174927,32509,32519,10
12.944729805,80.2384414673,32519,32529,10
12.9454698563,80.2391662598,32529,32539,10
12.9463596344,80.2396011353,32539,32549,10
12.9474802017,80.2400588989,32549,32569,20
12.9474802017,80.2400588989,32569,32579,10
12.947640419,80.2401199341,32579,32590,11
12.948220253,80.2403564453,32590,32600,10
12.9486398697,80.2405319214,32600,32691,91
12.9486398697,80.2405319214,32691,32701,10
12.9487895966,80.240562439,32701,32711,10
12.9490995407,80.2406997681,32711,32721,10
12.9496202469,80.2408981323,32721,32731,10
12.9502496719,80.2410888672,32731,32741,10
12.9508800507,80.2412719727,32741,32751,10
12.9509601593,80.2413024902,32751,32761,10
12.9510402679,80.2413330078,32761,32772,11
12.9516096115,80.2415390015,32772,32782,10
12.9522304535,80.2417831421,32782,32792,10
12.9530200958,80.2420578003,32792,32802,10
12.9535903931,80.2423019409,32802,32812,10
12.9542798996,80.2425689697,32812,32822,10
12.954750061,80.2427520752,32822,32832,10
12.955039978,80.2428588867,32832,32842,10
12.9552602768,80.2429428101,32842,32852,10
12.955280304,80.2429428101,32852,32863,11
12.9555997849,80.2430496216,32863,32933,70
12.9555997849,80.2430496216,32933,32943,10
12.9561004639,80.2432098389,32943,32954,11
12.9562597275,80.2432479858,32954,32964,10
12.9563703537,80.2432785034,32964,32974,10
12.9567499161,80.2434692383,32974,32984,10
12.9575300217,80.2438964844,32984,32994,10
12.9582996368,80.2442321777,32994,33004,10
12.9589500427,80.2445220947,33004,33014,10
12.9590797424,80.2445678711,33014,33024,10
12.9593400955,80.2446975708,33024,33034,10
12.9600400925,80.2450180054,33034,33045,11
12.9611797333,80.2455596924,33045,33055,10
12.9623699188,80.2461395264,33055,33065,10
12.9632196426,80.2465591431,33065,33075,10
12.9636602402,80.2467803955,33075,33085,10
12.9644298553,80.2470779419,33085,33095,10
12.9651403427,80.2473373413,33095,33105,10
12.9655399323,80.247467041,33105,33115,10
12.9656896591,80.2475280762,33115,33125,10
12.9658899307,80.2476119995,33125,33136,11
12.9661598206,80.2477264404,33136,33146,10
12.966460228,80.2478637695,33146,33156,10
12.9666004181,80.2479019165,33156,33166,10
12.9667797089,80.2479705811,33166,33176,10
12.9668502808,80.248008728,33176,33186,10
12.9673204422,80.2482299805,33186,33196,10
12.9682197571,80.2485809326,33196,33206,10
12.9693202972,80.2490234375,33206,33216,10
12.9706401825,80.2495269775,33216,33227,11
12.9722604752,80.250038147,33227,33237,10
12.9736099243,80.2504119873,33237,33247,10
12.9749298096,80.2507629395,33247,33257,10
12.9762401581,80.2511520386,33257,33267,10
12.9774599075,80.2515563965,33267,33277,10
12.9781904221,80.2521133423,33277,33287,10
12.9782896042,80.2521820068,33287,33297,10
12.9784402847,80.252281189,33297,33307,10
12.9787597656,80.252456665,33307,33317,10
12.9791002274,80.2525634766,33317,33328,11
12.9794998169,80.2526016235,33328,33338,10
12.9798402786,80.2526397705,33338,33348,10
12.9803199768,80.2526626587,33348,33358,10
12.9808502197,80.2526626587,33358,33368,10
12.9815502167,80.2526321411,33368,33378,10
12.9822397232,80.2526168823,33378,33388,10
12.9829702377,80.2525634766,33388,33398,10
12.9835796356,80.2524795532,33398,33408,10
12.9840602875,80.2523574829,33408,33419,11
12.9843902588,80.2522583008,33419,33429,10
12.9846096039,80.2521972656,33429,33439,10
12.9850597382,80.2520675659,33439,33449,10
12.9854001999,80.2519836426,33449,33459,10
12.9857501984,80.2518768311,33459,33469,10
12.9859600067,80.2518005371,33469,33479,10
12.9862203598,80.251739502,33479,33489,10
12.9867095947,80.2516174316,33489,33499,10
12.9873199463,80.2514419556,33499,33510,11
12.987830162,80.2513122559,33510,33520,10
12.9885396957,80.2511520386,33520,33530,10
12.9891901016,80.2509765625,33530,33540,10
12.9892301559,80.2509689331,33540,33550,10
12.9897003174,80.2508392334,33550,33560,10
12.9904298782,80.2506713867,33560,33570,10
12.991809845,80.2503509521,33570,33580,10
12.9930200577,80.2500610352,33580,33590,10
12.9942598343,80.24974823,33590,33601,11
12.9956102371,80.2493972778,33601,33611,10
12.9967002869,80.2490997314,33611,33621,10
12.9977502823,80.248840332,33621,33631,10
12.9988603592,80.2485809326,33631,33641,10
12.9999799728,80.248298645,33641,33651,10
13.0013399124,80.2479705811,33651,33661,10
13.0023603439,80.2477035522,33661,33671,10
13.0033798218,80.2475280762,33671,33681,10
13.0045204163,80.2473602295,33681,33692,11
13.0055198669,80.2472000122,33692,33702,10
13.0062398911,80.2469406128,33702,33712,10
13.0064296722,80.2467269897,33712,33722,10
13.0064897537,80.2465896606,33722,33732,10
13.0066003799,80.2460479736,33732,33742,10
13.0066003799,80.2457809448,33742,33752,10
13.0066003799,80.2456512451,33752,33762,10
13.0066099167,80.2454223633,33762,33772,10
13.0066003799,80.2451400757,33772,33783,11
13.0065698624,80.2447433472,33783,33803,20
13.0065698624,80.2447433472,33803,33813,10
13.0065498352,80.2442932129,33813,33823,10
13.0065603256,80.2439193726,33823,33833,10
13.0065498352,80.2436294556,33833,33843,10
13.0065402985,80.2430114746,33843,33853,10
13.0065402985,80.2423400879,33853,33863,10
13.0065402985,80.2418289185,33863,33934,71
13.0065402985,80.2418289185,33934,33944,10
13.0065803528,80.2414474487,33944,33954,10
13.0066003799,80.2411575317,33954,33965,11
13.0066204071,80.2408294678,33965,33975,10
13.0068397522,80.2401580811,33975,33985,10
13.0070400238,80.2392272949,33985,33995,10
13.0071897507,80.2381896973,33995,34005,10
13.0073204041,80.2375488281,34005,34015,10
13.007399559,80.2369308472,34015,34025,10
13.0073900223,80.2368392944,34025,34035,10
13.0074300766,80.2366409302,34035,34045,10
13.007610321,80.236000061,34045,34055,10
13.0078001022,80.2350921631,34055,34066,11
13.008020401,80.2339096069,34066,34076,10
13.008310318,80.2324295044,34076,34086,10
13.0086803436,80.2307434082,34086,34096,10
13.0089797974,80.2291717529,34096,34106,10
13.0092096329,80.2281417847,34106,34116,10
13.00963974,80.2271118164,34116,34126,10
13.0101003647,80.2261123657,34126,34136,10
13.0105400085,80.2252502441,34136,34146,10
13.010720253,80.2248535156,34146,34157,11
13.010720253,80.2248077393,34157,34167,10
13.0108499527,80.2244033813,34167,34177,10
13.0113096237,80.2231826782,34177,34219,42
13.0113096237,80.2231826782,34219,34228,9
13.0116596222,80.2227325439,34228,34239,11
13.0116796494,80.2220077515,34239,34250,11
13.0120801926,80.2215118408,34250,34260,10
13.012140274,80.2215194702,34260,34270,10
13.0125198364,80.2219085693,34270,34280,10
13.0128898621,80.2224197388,34280,34290,10
13.0133600235,80.2228469849,34290,34300,10
13.0138397217,80.2233428955,34300,34310,10
13.0140199661,80.2234573364,34310,34320,10
13.0141801834,80.2236022949,34320,34330,10
13.0143995285,80.2239074707,34330,34341,11
13.0149002075,80.2245178223,34341,34351,10
13.0151195526,80.2247924805,34351,34361,10
13.0153999329,80.2249526978,34361,34371,10
13.0154104233,80.2249603271,34371,34381,10
13.0155296326,80.2250595093,34381,34391,10
13.0157604218,80.2252578735,34391,34401,10
13.0163803101,80.2253417969,34401,34411,10
13.0171098709,80.2250823975,34411,34421,10
13.0178604126,80.224822998,34421,34432,11
13.0187101364,80.2244796753,34432,34442,10
13.0195598602,80.2244567871,34442,34462,20
13.0195598602,80.2244567871,34462,34472,10
13.0196800232,80.2245788574,34472,34482,10
13.0198898315,80.2247314453,34482,34492,10
13.0202999115,80.2250213623,34492,34502,10
13.0206804276,80.2252883911,34502,34512,10
13.0209703445,80.2255020142,34512,34523,11
13.0211496353,80.2256393433,34523,34563,40
13.0211496353,80.2256393433,34563,34573,10
13.0213699341,80.2259063721,34573,34583,10
13.0216398239,80.2260437012,34583,34593,10
13.0218496323,80.2261428833,34593,34603,10
13.0218896866,80.2261734009,34603,34614,11
13.0220403671,80.2262573242,34614,34624,10
13.0222396851,80.2264175415,34624,34674,50
13.0222396851,80.2264175415,34674,34684,10
13.0225801468,80.2267379761,34684,34694,10
13.0227203369,80.2269210815,34694,34705,11
13.0228395462,80.2270126343,34705,34715,10
13.0230798721,80.2272796631,34715,34755,40
13.0230798721,80.2272796631,34755,34765,10
13.0233001709,80.2274627686,34765,34775,10
13.0234804153,80.2276611328,34775,34785,10
13.0236797333,80.2278137207,34785,34796,11
13.0239200592,80.2280273438,34796,34806,10
13.024020195,80.2281188965,34806,34816,10
13.0241003036,80.228187561,34816,34826,10
13.0242900848,80.2284088135,34826,34836,10
13.0244998932,80.2287368774,34836,34846,10
13.0247898102,80.2291717529,34846,34856,10
13.0251998901,80.2296676636,34856,34866,10
13.0256595612,80.2303009033,34866,34876,10
13.0258302689,80.2305831909,34876,34886,10
13.0259799957,80.2309417725,34886,34927,41
13.0260295868,80.2312469482,34927,34947,20
13.0260295868,80.2312469482,34947,34957,10
13.026049614,80.2313690186,34957,34967,10
13.0263204575,80.2313537598,34967,34977,10
13.0270996094,80.2311172485,34977,34988,11
13.0279798508,80.231010437,34988,34998,10
13.0285396576,80.2309112549,34998,35028,30
13.0285396576,80.2309112549,35028,35038,10
13.0289001465,80.2309036255,35038,35048,10
13.0290203094,80.2308883667,35048,35058,10
13.0292596817,80.2308578491,35058,35068,10
13.0296096802,80.230796814,35068,35079,11
13.0303201675,80.23072052,35079,35089,10
13.0308103561,80.230682373,35089,35099,10
13.0312795639,80.2306594849,35099,35109,10
13.0319404602,80.2305984497,35109,35119,10
13.0326795578,80.2305526733,35119,35129,10
13.0332803726,80.2305297852,35129,35139,10
13.0338001251,80.2304992676,35139,35149,10
13.0340595245,80.2304916382,35149,35159,10
13.0340995789,80.2304763794,35159,35170,11
13.0345201492,80.2303924561,35170,35180,10
13.0348997116,80.2301101685,35180,35200,20
13.0348997116,80.2301101685,35200,35210,10
13.0350399017,80.229850769,35210,35220,10
13.0347099304,80.2297897339,35220,35230,10
13.0343704224,80.2297363281,35230,35240,10
13.0342998505,80.2299118042,35240,35352,112
13.0342998505,80.2299118042,35352,35362,10
13.0341396332,80.2302474976,35362,36403,1041
13.0341396332,80.2302474976,36403,36413,10
13.0339803696,80.2304992676,36413,36423,10
13.0336399078,80.2304382324,36423,36433,10
13.0329999924,80.2304763794,36433,36444,11
13.0321397781,80.2305603027,36444,36454,10
13.0314998627,80.2306289673,36454,36474,20
13.0314998627,80.2306289673,36474,36484,10
13.0311498642,80.2306976318,36484,36494,10
13.0308904648,80.230758667,36494,36504,10
13.0303297043,80.2308425903,36504,36524,20
13.0303297043,80.2308425903,36524,36535,11
13.0298595428,80.2308120728,36535,36545,10
13.0295095444,80.2309036255,36545,36555,10
13.0289802551,80.2309188843,36555,36565,10
13.0282402039,80.2310180664,36565,36575,10
13.0277700424,80.2310714722,36575,36585,10
13.0277299881,80.2313690186,36585,36595,10
13.0277204514,80.2316131592,36595,36605,10
13.0278196335,80.2322387695,36605,36615,10
13.0278596878,80.232673645,36615,36626,11
13.0274000168,80.2327880859,36626,36636,10
13.0269498825,80.2329177856,36636,36868,232
13.0269498825,80.2329177856,36868,36878,10
13.0266199112,80.233039856,36878,36888,10
13.0264596939,80.2330169678,36888,36909,21
13.0264596939,80.2330169678,36909,36919,10
13.0263595581,80.2329025269,36919,36929,10
13.0262899399,80.232749939,36929,36939,10
13.026260376,80.2326202393,36939,36949,10
13.0262002945,80.2322998047,36949,36959,10
13.0261297226,80.2319412231,36959,36969,10
13.02602005,80.2315216064,36969,36979,10
13.0258798599,80.2309570313,36979,36989,10
13.0255403519,80.2302093506,36989,37000,11
13.0250196457,80.2294998169,37000,37010,10
13.0247297287,80.2291564941,37010,37020,10
13.0245304108,80.2289123535,37020,37030,10
13.0243396759,80.2286834717,37030,37040,10
13.0239496231,80.2282180786,37040,37050,10
13.0234603882,80.2276992798,37050,37101,51
13.0234603882,80.2276992798,37101,37111,10
13.0231199265,80.2273712158,37111,37262,151
13.0231199265,80.2273712158,37262,37273,11
13.022769928,80.2269592285,37273,37283,10
13.0222997665,80.2265319824,37283,37293,10
13.021730423,80.22605896,37293,37303,10
13.0210895538,80.2255706787,37303,37313,10
13.0204000473,80.2250900269,37313,37323,10
13.019659996,80.2246170044,37323,37333,10
13.0187501907,80.2245101929,37333,37343,10
13.0178499222,80.2248687744,37343,37353,10
13.0169000626,80.2252578735,37353,37363,10
13.0162601471,80.2255096436,37363,37374,11
13.0155000687,80.2257537842,37374,37384,10
13.0151700974,80.2259216309,37384,37394,10
13.0150499344,80.2259597778,37394,37404,10
13.0145597458,80.2261810303,37404,37424,20
13.0145597458,80.2261810303,37424,37434,10
13.0143299103,80.2262573242,37434,37444,10
13.0138902664,80.2264785767,37444,37454,10
13.0134000778,80.2266387939,37454,37464,10
13.0127696991,80.2268371582,37464,37475,11
13.012049675,80.227142334,37475,37485,10
13.0111598969,80.2275238037,37485,37495,10
13.0102901459,80.2278671265,37495,37505,10
13.0094804764,80.2282333374,37505,37515,10
13.0092096329,80.2288131714,37515,37525,10
13.0089998245,80.2296905518,37525,37535,10
13.0088195801,80.2306213379,37535,37636,101
13.0088195801,80.2306213379,37636,37647,11
13.008769989,80.2309036255,37647,37657,10
13.0087003708,80.2312011719,37657,37667,10
13.0085897446,80.2317504883,37667,37677,10
13.0085201263,80.2320175171,37677,37687,10
13.0084495544,80.2324676514,37687,37697,10
13.0084295273,80.2327728271,37697,37707,10
13.0083398819,80.2334213257,37707,37748,41
13.0083398819,80.2334213257,37748,37758,10
13.0081996918,80.2337417603,37758,37768,10
13.0081396103,80.2339401245,37768,37778,10
13.0080900192,80.2342071533,37778,37788,10
13.0080404282,80.2344436646,37788,37798,10
13.0080003738,80.234703064,37798,37829,31
13.0080003738,80.234703064,37829,37839,10
13.0079402924,80.2347564697,37839,37849,10
13.0078601837,80.2351608276,37849,37859,10
13.007809639,80.2357635498,37859,37869,10
13.0077400208,80.2361373901,37869,37879,10
13.0076398849,80.2366027832,37879,37889,10
13.0075798035,80.2369918823,37889,37899,10
13.007519722,80.2372131348,37899,37909,10
13.0074596405,80.2374801636,37909,37920,11
13.0073795319,80.2378082275,37920,37930,10
13.0073204041,80.2382125854,37930,37940,10
13.0072202682,80.2386016846,37940,37970,30
13.0072202682,80.2386016846,37970,37980,10
13.0071496964,80.2388305664,37980,37990,10
13.0070800781,80.2391433716,37990,38000,10
13.0069198608,80.2398071289,38000,38011,11
13.0068101883,80.2405395508,38011,38031,20
13.0068101883,80.2405395508,38031,38041,10
13.0067796707,80.2409133911,38041,38051,10
13.0067596436,80.241569519,38051,38061,10
13.0067596436,80.2423324585,38061,38071,10
13.0067396164,80.2426223755,38071,38081,10
13.0067300797,80.2429199219,38081,38091,10
13.0067195892,80.2431793213,38091,38102,11
13.0067100525,80.2434921265,38102,38112,10
13.0067195892,80.2438735962,38112,38122,10
13.0067195892,80.2442779541,38122,38132,10
13.0067195892,80.2446517944,38132,38142,10
13.0067195892,80.2451019287,38142,38162,20
13.0067195892,80.2451019287,38162,38172,10
13.0066995621,80.2454376221,38172,38182,10
13.0067300797,80.2457809448,38182,38192,10
13.0067796707,80.2462387085,38192,38203,11
13.0067796707,80.2467498779,38203,38213,10
13.0066204071,80.2473831177,38213,38223,10
13.0060997009,80.2474594116,38223,38243,20
13.0060997009,80.2474594116,38243,38253,10
13.0058803558,80.2473983765,38253,38263,10
13.0053100586,80.2473602295,38263,38273,10
13.0045099258,80.247428894,38273,38283,10
13.0034399033,80.2475814819,38283,38294,11
13.0024003983,80.2477416992,38294,38304,10
13.0014200211,80.2480010986,38304,38314,10
13.0003204346,80.2482833862,38314,38324,10
12.9992799759,80.248550415,38324,38334,10
12.9983797073,80.2488021851,38334,38344,10
12.9980201721,80.2489013672,38344,38354,10
12.9978599548,80.248916626,38354,38364,10
12.9972600937,80.2490386963,38364,38374,10
12.9963598251,80.2492294312,38374,38385,11
12.9952001572,80.2495117188,38385,38395,10
12.9940004349,80.2498626709,38395,38405,10
12.9926996231,80.2501907349,38405,38415,10
12.9912996292,80.250579834,38415,38445,30
12.9912996292,80.250579834,38445,38455,10
12.9911804199,80.2506103516,38455,38465,10
12.9908800125,80.2506790161,38465,38476,11
12.9905595779,80.2507476807,38476,38486,10
12.99036026,80.2507781982,38486,38496,10
12.9903497696,80.2507781982,38496,38506,10
12.9901199341,80.2507019043,38506,38587,81
12.9898996353,80.2506713867,38587,38658,71
12.9899101257,80.2507781982,38658,38738,80
12.9899101257,80.2507781982,38738,38749,11
12.9895401001,80.2508621216,38749,38759,10
12.9890699387,80.2509994507,38759,38769,10
12.9887695313,80.251121521,38769,38779,10
12.9882802963,80.2512664795,38779,38789,10
12.9877500534,80.2514419556,38789,38799,10
12.9872598648,80.2515716553,38799,38809,10
12.9868803024,80.2516708374,38809,38819,10
12.9863004684,80.2518310547,38819,38829,10
12.9854602814,80.2520523071,38829,38839,10
12.9844503403,80.2522964478,38839,38850,11
12.9832601547,80.2526016235,38850,38860,10
12.982049942,80.2527008057,38860,38870,10
12.9808301926,80.2527694702,38870,38900,30
12.9808301926,80.2527694702,38900,38910,10
12.980509758,80.2527770996,38910,38920,10
12.9802799225,80.2527999878,38920,38930,10
12.9800195694,80.2528076172,38930,38940,10
12.9794197083,80.2526779175,38940,38951,11
12.9786396027,80.2526016235,38951,38961,10
12.9785299301,80.2525634766,38961,38971,10
12.9783201218,80.2524185181,38971,38981,10
12.9777698517,80.2519378662,38981,38991,10
12.9769096375,80.2513504028,38991,39001,10
12.9758195877,80.2510223389,39001,39011,10
12.9745998383,80.2506713867,39011,39021,10
12.973449707,80.2503585815,39021,39032,11
12.9722900391,80.2500610352,39032,39042,10
12.9714202881,80.2498397827,39042,39052,10
12.9707298279,80.2496566772,39052,39062,10
12.9704704285,80.2496337891,39062,39072,10
12.9702796936,80.2495574951,39072,39082,10
12.9701499939,80.2495193481,39082,39092,10
12.9699802399,80.2494812012,39092,39102,10
12.9698600769,80.2494430542,39102,39112,10
12.9696903229,80.2493896484,39112,39123,11
12.9695701599,80.2493286133,39123,39133,10
12.9693698883,80.2492370605,39133,39143,10
12.9692497253,80.2491989136,39143,39153,10
12.9689903259,80.2490921021,39153,39163,10
12.968919754,80.2490615845,39163,39173,10
12.9686498642,80.248916626,39173,39183,10
12.9684295654,80.2487792969,39183,39193,10
12.9682397842,80.2487487793,39193,39203,10
12.9682302475,80.2487487793,39203,39214,11
12.9679403305,80.2486419678,39214,39244,30
12.9679403305,80.2486419678,39244,39254,10
12.9676198959,80.2484970093,39254,39315,61
12.9676198959,80.2484970093,39315,39325,10
12.9672899246,80.2483596802,39325,39335,10
12.9671297073,80.2482528687,39335,39345,10
12.9668998718,80.2481536865,39345,39355,10
12.9667596817,80.2480697632,39355,39365,10
12.9665803909,80.2479782104,39365,39375,10
12.9660797119,80.2477798462,39375,39396,21
12.9660797119,80.2477798462,39396,39406,10
12.9658403397,80.2476806641,39406,39416,10
12.9656000137,80.2475967407,39416,39426,10
12.9655599594,80.2476196289,39426,39436,10
12.9652099609,80.2474975586,39436,39517,81
12.9652099609,80.2474975586,39517,39527,10
12.9648799896,80.2473373413,39527,39537,10
12.964679718,80.2472610474,39537,39547,10
12.9645900726,80.2472229004,39547,39557,10
12.9643802643,80.2471389771,39557,39567,10
12.964220047,80.2470932007,39567,39577,10
12.9638795853,80.246963501,39577,39588,11
12.9637098312,80.246887207,39588,39598,10
12.9635696411,80.2468414307,39598,39608,10
12.9631299973,80.2466201782,39608,39618,10
12.9624099731,80.2462387085,39618,39628,10
12.9616203308,80.2458724976,39628,39638,10
12.9607601166,80.2454833984,39638,39648,10
12.9599504471,80.2451019287,39648,39658,10
12.9593296051,80.2448272705,39658,39668,10
12.9592504501,80.2447967529,39668,39679,11
12.9589595795,80.2446594238,39679,39689,10
12.9582996368,80.2443771362,39689,39699,10
12.9575195313,80.2440872192,39699,39719,20
12.9575195313,80.2440872192,39719,39729,10
12.9572200775,80.2440185547,39729,39820,91
12.9569196701,80.2439117432,39820,39840,20
12.9567203522,80.243850708,39840,39931,91
12.9563503265,80.2437362671,39931,39962,31
12.9563503265,80.2437362671,39962,39972,10
12.9558897018,80.2435073853,39972,39982,10
12.9551696777,80.2431030273,39982,39992,10
12.9542999268,80.242729187,39992,40002,10
12.9535398483,80.24243927,40002,40012,10
12.9526996613,80.2421035767,40012,40022,10
12.9520101547,80.241859436,40022,40032,10
12.9518299103,80.2417984009,40032,40042,10
12.9517002106,80.2417526245,40042,40053,11
12.9512395859,80.2415771484,40053,40063,10
12.950510025,80.2413330078,40063,40073,10
12.9497203827,80.2410964966,40073,40083,10
12.9491195679,80.2409133911,40083,40093,10
12.9489898682,80.240852356,40093,40103,10
12.948559761,80.2406692505,40103,40113,10
12.9477500916,80.2403411865,40113,40123,10
12.9471302032,80.2400970459,40123,40133,10
12.9470796585,80.2400817871,40133,40144,11
12.946969986,80.2400436401,40144,40154,10
12.9464197159,80.2398223877,40154,40164,10
12.9456100464,80.2394714355,40164,40174,10
12.9448003769,80.238861084,40174,40184,10
12.9440402985,80.2380218506,40184,40194,10
12.94328022,80.2371902466,40194,40204,10
12.9423704147,80.2365570068,40204,40214,10
12.9412002563,80.2362289429,40214,40224,10
12.9401798248,80.2359695435,40224,40235,11
12.9398202896,80.2358627319,40235,40245,10
12.939740181,80.2358398438,40245,40255,10
12.9393100739,80.2356262207,40255,40265,10
12.9385595322,80.2352523804,40265,40275,10
12.937620163,80.2348022461,40275,40285,10
12.9365901947,80.2342910767,40285,40295,10
12.9357004166,80.2338790894,40295,40305,10
12.9349002838,80.2334976196,40305,40315,10
12.9340600967,80.2331466675,40315,40326,11
12.9339504242,80.2331085205,40326,40336,10
12.9338102341,80.233039856,40336,40346,10
12.933429718,80.2328262329,40346,40356,10
12.93268013,80.2325363159,40356,40366,10
12.9317903519,80.2322387695,40366,40376,10
12.9308595657,80.231918335,40376,40386,10
12.929889679,80.2316436768,40386,40396,10
12.9293403625,80.2314987183,40396,40406,10
12.9288101196,80.2313766479,40406,40417,11
12.9279499054,80.2312393188,40417,40427,10
12.9271202087,80.2311401367,40427,40437,10
12.9264802933,80.2310562134,40437,40447,10
12.9263000488,80.2310409546,40447,40457,10
12.9261302948,80.2310180664,40457,40467,10
12.9254903793,80.2309417725,40467,40477,10
12.9246101379,80.2308273315,40477,40487,10
12.9236803055,80.2307128906,40487,40497,10
12.922539711,80.2305297852,40497,40508,11
12.9210596085,80.2303237915,40508,40518,10
12.9195995331,80.230140686,40518,40528,10
12.9181995392,80.2299575806,40528,40538,10
12.9169397354,80.2297897339,40538,40548,10
12.915719986,80.2296218872,40548,40558,10
12.9145202637,80.2294464111,40558,40568,10
12.9132900238,80.2293395996,40568,40588,20
12.9132900238,80.2293395996,40588,40599,11
12.9130496979,80.2292480469,40599,40609,10
12.912320137,80.2291564941,40609,40619,10
12.9112997055,80.229019165,40619,40629,10
12.9101295471,80.2288589478,40629,40639,10
12.9088497162,80.2286376953,40639,40649,10
12.9077396393,80.2284698486,40649,40659,10
12.9070501328,80.2284011841,40659,40679,20
12.9070501328,80.2284011841,40679,40689,10
12.9067201614,80.2283325195,40689,40700,11
12.9061603546,80.228302002,40700,40710,10
12.9060096741,80.2282867432,40710,40720,10
12.9054002762,80.2283096313,40720,40730,10
12.9044799805,80.2282562256,40730,40740,10
12.9034900665,80.2282028198,40740,40750,10
12.9023704529,80.2281188965,40750,40760,10
12.90102005,80.2280197144,40760,40851,91
12.90102005,80.2280197144,40851,40861,10
12.9008302689,80.2280273438,40861,40871,10
12.9004402161,80.2279586792,40871,40882,11
12.8991003036,80.2279510498,40882,40912,30
12.8991003036,80.2279510498,40912,40922,10
12.8988895416,80.2279205322,40922,40932,10
12.8982801437,80.2278823853,40932,40942,10
12.8974103928,80.2278213501,40942,40952,10
12.8963804245,80.2277603149,40952,40962,10
12.8952598572,80.2276992798,40962,40973,11
12.8941202164,80.2276306152,40973,40983,10
12.892780304,80.2274780273,40983,40993,10
12.89179039,80.2273788452,40993,41003,10
12.8906602859,80.2273788452,41003,41013,10
12.8894500732,80.2273712158,41013,41023,10
12.8882598877,80.2273483276,41023,41033,10
12.887049675,80.2271881104,41033,41043,10
12.885840416,80.2268981934,41043,41053,10
12.884929657,80.2267532349,41053,41064,11
12.88463974,80.2267532349,41064,41074,10
12.8845100403,80.2267608643,41074,41084,10
12.8838996887,80.2267379761,41084,41094,10
12.8830003738,80.2267532349,41094,41104,10
12.881939888,80.2267608643,41104,41114,10
12.8808202744,80.2267684937,41114,41124,10
12.8796701431,80.2267837524,41124,41134,10
12.8785200119,80.2268218994,41134,41144,10
12.8775901794,80.2269134521,41144,41155,11
12.8772096634,80.2269515991,41155,41165,10
12.876999855,80.2269668579,41165,41175,10
12.8767700195,80.2269821167,41175,41195,20
12.8767700195,80.2269821167,41195,41205,10
12.8766498566,80.2269973755,41205,41215,10
12.8762903214,80.2270126343,41215,41225,10
12.8755197525,80.2269821167,41225,41235,10
12.8745002747,80.2268600464,41235,41246,11
12.8732595444,80.2267379761,41246,41256,10
12.872590065,80.2267379761,41256,41266,10
12.8724298477,80.2267379761,41266,41276,10
12.8717699051,80.2267227173,41276,41286,10
12.870759964,80.2266693115,41286,41296,10
12.8695898056,80.2265396118,41296,41306,10
12.8683004379,80.2264099121,41306,41316,10
12.8669300079,80.2264785767,41316,41326,10
12.8657798767,80.226600647,41326,41336,10
12.8642301559,80.2265625,41336,41347,11
12.8626298904,80.2265396118,41347,41357,10
12.8613004684,80.2265930176,41357,41367,10
12.8608198166,80.2266082764,41367,41377,10
12.8606901169,80.2266082764,41377,41387,10
12.8600597382,80.2265167236,41387,41397,10
12.8590803146,80.2263793945,41397,41407,10
12.858039856,80.226272583,41407,41417,10
12.8568601608,80.226348877,41417,41427,10
12.8555402756,80.2264862061,41427,41438,11
12.8539600372,80.2266616821,41438,41448,10
12.852399826,80.2267227173,41448,41458,10
12.8508901596,80.2266616821,41458,41468,10
12.8500795364,80.2266387939,41468,41478,10
12.8500003815,80.2266464233,41478,41488,10
12.849820137,80.2266616821,41488,41498,10
12.8491802216,80.2266387939,41498,41508,10
12.8482198715,80.2266235352,41508,41518,10
12.8470897675,80.2266387939,41518,41529,11
12.8460597992,80.2266387939,41529,41539,10
12.8457899094,80.2266387939,41539,41549,10
12.8453502655,80.2266616821,41549,41569,20
12.8453502655,80.2266616821,41569,41579,10
12.8453197479,80.2266693115,41579,41589,10
12.8448095322,80.2266921997,41589,41599,10
12.8439798355,80.2267074585,41599,41609,10
12.842880249,80.2268600464,41609,41620,11
12.8414697647,80.2271881104,41620,41630,10
12.8403997421,80.2275009155,41630,41640,10
12.8399600983,80.2276611328,41640,41670,30
12.8399600983,80.2276611328,41670,41680,10
12.8396196365,80.2277832031,41680,41690,10
12.8390102386,80.2279281616,41690,41700,10
12.8381204605,80.2281417847,41700,41711,11
12.8368597031,80.2283706665,41711,41721,10
12.835559845,80.2285690308,41721,41731,10
12.8342199326,80.2287826538,41731,41741,10
12.8330402374,80.2289962769,41741,41751,10
12.832280159,80.2291564941,41751,41761,10
12.8322401047,80.2291717529,41761,41771,10
12.8320999146,80.2292022705,41771,41781,10
12.8317403793,80.2292785645,41781,41791,10
12.8310098648,80.2294616699,41791,41801,10
12.8299303055,80.2298278809,41801,41812,11
12.8285598755,80.230430603,41812,41822,10
12.8273000717,80.2311172485,41822,41832,10
12.8261404037,80.2313766479,41832,41842,10
12.825920105,80.2313995361,41842,41852,10
12.8254299164,80.2314376831,41852,41862,10
12.8245697021,80.2313690186,41862,41872,10
12.8234996796,80.2310791016,41872,41882,10
12.822259903,80.2306900024,41882,41893,11
12.8210096359,80.2304763794,41893,41903,10
12.8197603226,80.2304992676,41903,41913,10
12.8188695908,80.2304763794,41913,41923,10
12.8187999725,80.23046875,41923,41933,10
12.8183002472,80.2302474976,41933,41943,10
12.8173799515,80.2298431396,41943,41953,10
12.8162002563,80.2294769287,41953,41963,10
12.8147802353,80.2292785645,41963,41973,10
12.8132600784,80.2288970947,41973,41984,11
12.8114595413,80.2282562256,41984,41994,10
12.8099803925,80.2276611328,41994,42004,10
12.8087396622,80.2269515991,42004,42014,10
12.8075799942,80.225982666,42014,42024,10
12.8067703247,80.2252578735,42024,42034,10
12.8060398102,80.2246704102,42034,42044,10
12.8053998947,80.2241592407,42044,42054,10
12.8051099777,80.224067688,42054,42064,10
12.8049497604,80.2240371704,42064,42074,10
12.8048200607,80.2240066528,42074,42085,11
12.8042497635,80.2239379883,42085,42095,10
12.8031997681,80.2238616943,42095,42105,10
12.8020296097,80.2237167358,42105,42115,10
12.8009901047,80.2236175537,42115,42125,10
12.8008804321,80.2236175537,42125,42135,10
12.8004398346,80.2235717773,42135,42145,10
12.7995595932,80.223487854,42145,42155,10
12.7983903885,80.2233734131,42155,42165,10
12.7969703674,80.2231369019,42165,42176,11
12.7957801819,80.2229385376,42176,42186,10
12.7956695557,80.2229232788,42186,42196,10
12.7951402664,80.2228164673,42196,42206,10
12.7941999435,80.2226715088,42206,42216,10
12.7930698395,80.2224884033,42216,42226,10
12.7920198441,80.2222900391,42226,42236,10
12.7912197113,80.2220993042,42236,42246,10
12.7904396057,80.2218933105,42246,42256,10
12.7895803452,80.2216720581,42256,42267,11
12.7887601852,80.2213668823,42267,42277,10
12.7881498337,80.2211227417,42277,42287,10
12.7881498337,80.2211074829,42287,42297,10
12.7879495621,80.2210235596,42297,42307,10
12.7878599167,80.2210388184,42307,42317,10
12.7876796722,80.2209625244,42317,42327,10
12.7871799469,80.2207565308,42327,42337,10
12.7866897583,80.2205734253,42337,42347,10
12.7864198685,80.2204818726,42347,42358,11
12.786239624,80.2206115723,42358,42388,30
12.786239624,80.2206115723,42388,42398,10
12.7861700058,80.2208633423,42398,42408,10
12.7862195969,80.2213363647,42408,42418,10
12.7863101959,80.221862793,42418,43419,1001
12.7863101959,80.221862793,43419,43429,10
12.7862796783,80.2216567993,43429,43439,10
12.786239624,80.221496582,43439,43450,11
12.7862501144,80.2212219238,43450,43460,10
12.7861995697,80.2206420898,43460,43510,50
12.7861995697,80.2206420898,43510,43520,10
12.7863702774,80.220413208,43520,43530,10
12.7864103317,80.2204284668,43530,43540,10
12.7866296768,80.2205200195,43540,43551,11
12.7868795395,80.2205963135,43551,43561,10
12.7872600555,80.2207336426,43561,43571,10
12.7876501083,80.2208633423,43571,43581,10
12.7882604599,80.2210617065,43581,43591,10
12.7889003754,80.2212982178,43591,43601,10
12.7896795273,80.2215881348,43601,43611,10
12.7905597687,80.2218399048,43611,43621,10
12.7917299271,80.2221374512,43621,43631,10
12.7930803299,80.2224197388,43631,43642,11
12.7945203781,80.2226486206,43642,43652,10
12.7957000732,80.2228393555,43652,43662,10
12.7963895798,80.2229232788,43662,43672,10
12.7965202332,80.2229537964,43672,43682,10
12.7971096039,80.2230606079,43682,43692,10
12.7980098724,80.2232208252,43692,43702,10
12.7989997864,80.2233200073,43702,43712,10
12.7999801636,80.2234191895,43712,43722,10
12.800909996,80.2235336304,43722,43733,11
12.8018703461,80.2236175537,43733,43743,10
12.8027095795,80.2237319946,43743,43753,10
12.8034296036,80.2238082886,43753,43763,10
12.8041696548,80.2238769531,43763,43773,10
12.8048801422,80.2239608765,43773,43783,10
12.8054704666,80.2240982056,43783,43793,10
12.8055496216,80.2241287231,43793,43803,10
12.8058204651,80.2243118286,43803,43813,10
12.8063898087,80.2248001099,43813,43823,10
12.8071203232,80.2254486084,43823,43834,11
12.8080396652,80.2262420654,43834,43844,10
12.8089799881,80.2270202637,43844,43854,10
12.8099498749,80.2276000977,43854,43864,10
12.810959816,80.2280197144,43864,43874,10
12.8121404648,80.2284622192,43874,43884,10
12.8133897781,80.2288894653,43884,43894,10
12.814740181,80.2292327881,43894,43904,10
12.8162603378,80.2294616699,43904,43915,11
12.8177700043,80.2299194336,43915,43925,10
12.8188400269,80.2304000854,43925,43935,10
12.8197603226,80.2304534912,43935,43945,10
12.8206195831,80.2304229736,43945,43955,10
12.8217897415,80.2304992676,43955,43965,10
12.8229999542,80.2308578491,43965,43975,10
12.8242797852,80.2312011719,43975,43985,10
12.8255596161,80.231338501,43985,43995,10
12.8268699646,80.2312393188,43995,44006,11
12.8280296326,80.2307128906,44006,44016,10
12.8292503357,80.2300796509,44016,44026,10
12.8303899765,80.2296218872,44026,44036,10
12.8310499191,80.229347229,44036,44046,10
12.8311300278,80.2293395996,44046,44056,10
12.8315601349,80.2292022705,44056,44066,10
12.8323698044,80.2290115356,44066,44076,10
12.8334302902,80.2288208008,44076,44086,10
12.8346099854,80.2286071777,44086,44097,11
12.8358802795,80.2284011841,44097,44107,10
12.8373603821,80.2281799316,44107,44117,10
12.8385896683,80.2279205322,44117,44127,10
12.8392496109,80.2276992798,44127,44137,10
12.8395500183,80.2275772095,44137,44147,10
12.8397397995,80.2275390625,44147,44157,10
12.8403596878,80.2274475098,44157,44167,10
12.841340065,80.2271881104,44167,44177,10
12.8425397873,80.2269210815,44177,44188,11
12.8440504074,80.2266998291,44188,44198,10
12.8452501297,80.2265777588,44198,44208,10
12.8457202911,80.2265625,44208,44218,10
12.8465795517,80.2265625,44218,44228,10
12.8477602005,80.2265625,44228,44238,10
12.8491401672,80.2265396118,44238,44248,10
12.8503599167,80.2265472412,44248,44258,10
12.8511600494,80.2265777588,44258,44268,10
12.8522500992,80.2266387939,44268,44278,10
12.8536195755,80.2266387939,44278,44289,11
12.8551197052,80.2264709473,44289,44299,10
12.8568201065,80.2262802124,44299,44309,10
12.8579998016,80.2261886597,44309,44319,10
12.8590803146,80.2262573242,44319,44329,10
12.860250473,80.2264633179,44329,44339,10
12.8614797592,80.2265396118,44339,44349,10
12.8629302979,80.2264785767,44349,44359,10
12.8645095825,80.2265167236,44359,44369,10
12.8660402298,80.2265167236,44369,44380,11
12.8676996231,80.2263793945,44380,44390,10
12.86921978,80.2264022827,44390,44400,10
12.8706903458,80.2265701294,44400,44410,10
12.8720703125,80.2266082764,44410,44420,10
12.8729896545,80.2266464233,44420,44430,10
12.8737602234,80.2266616821,44430,44440,10
12.874879837,80.2267990112,44440,44450,10
12.8761100769,80.226890564,44450,44460,10
12.8764600754,80.2268676758,44460,44471,11
12.8769397736,80.226852417,44471,44481,10
12.878080368,80.2267913818,44481,44491,10
12.8794498444,80.2266998291,44491,44501,10
12.881070137,80.2266693115,44501,44511,10
12.8827199936,80.2266616821,44511,44521,10
12.8842601776,80.2266387939,44521,44531,10
12.8850297928,80.2266235352,44531,44541,10
12.8852596283,80.2266464233,44541,44551,10
12.8860397339,80.2268295288,44551,44561,10
12.887169838,80.2270965576,44561,44572,11
12.8886604309,80.2272567749,44572,44582,10
12.8900699615,80.2273101807,44582,44592,10
12.8915100098,80.2273101807,44592,44602,10
12.8923597336,80.2273406982,44602,44612,10
12.8924398422,80.2273635864,44612,44622,10
12.8926801682,80.2273712158,44622,44632,10
12.8933095932,80.2274169922,44632,44642,10
12.8942499161,80.2275466919,44642,44652,10
12.8952999115,80.2276000977,44652,44663,11
12.8965997696,80.2276306152,44663,44673,10
12.897769928,80.2276763916,44673,44683,10
12.8986501694,80.2277374268,44683,44693,10
12.8994998932,80.2277908325,44693,44703,10
12.8999204636,80.2277984619,44703,44713,10
12.9001598358,80.2278213501,44713,44723,10
12.9004602432,80.2278594971,44723,44733,10
12.9008998871,80.2278900146,44733,44743,10
12.9012203217,80.2279281616,44743,44754,11
12.9015102386,80.2279510498,44754,44764,10
12.9019498825,80.2279815674,44764,44774,10
12.9022798538,80.228012085,44774,44784,10
12.9028100967,80.2280197144,44784,44794,10
12.9038200378,80.2280578613,44794,44804,10
12.9050798416,80.2281112671,44804,44814,10
12.9059696198,80.2281494141,44814,44865,51
12.9059696198,80.2281494141,44865,44875,10
12.9064502716,80.2282562256,44875,44885,10
12.9070196152,80.2283325195,44885,44895,10
12.9079799652,80.2284393311,44895,44905,10
12.9092102051,80.2285995483,44905,44914,9
12.9102602005,80.228767395,44914,44925,11
12.9133501053,80.2292022705,44925,44936,11
12.9133501053,80.2292022705,44936,44946,10
12.9141302109,80.2292861938,44946,44956,10
12.9142799377,80.2293167114,44956,44966,10
12.9148702621,80.2293777466,44966,44976,10
12.9159803391,80.2295532227,44976,44986,10
12.9172201157,80.2297210693,44986,44998,12
12.9185495377,80.2299194336,44998,45008,10
12.9200000763,80.2301101685,45008,45019,11
12.9211196899,80.2302398682,45019,45030,11
12.9225597382,80.230430603,45030,45040,10
12.9239797592,80.2306518555,45040,45050,10
12.9254703522,80.2308578491,45050,45060,10
12.9263601303,80.2309265137,45060,45070,10
12.9265298843,80.2309494019,45070,45080,10
12.927280426,80.2310409546,45080,45090,10
12.9283599854,80.2311706543,45090,45099,9
12.9288196564,80.2312469482,45099,45110,11
12.928899765,80.2312774658,45110,45121,11
12.9296998978,80.2314529419,45121,45131,10
12.9307804108,80.2317428589,45131,45141,10
12.9320602417,80.2321624756,45141,45151,10
12.9333896637,80.2326278687,45151,45161,10
12.9336996078,80.2327575684,45161,45171,10
12.9339895248,80.2328872681,45171,45181,10
12.9347600937,80.2332382202,45181,45191,10
12.9357500076,80.2336807251,45191,45201,10
12.9366703033,80.2341537476,45201,45212,11
12.9379396439,80.2347717285,45212,45222,10
12.9390802383,80.2353515625,45222,45232,10
12.9398603439,80.2357025146,45232,45242,10
12.9399995804,80.2357406616,45242,45252,10
12.940489769,80.2359237671,45252,45262,10
12.9412002563,80.2360992432,45262,45272,10
12.9425296783,80.2364730835,45272,45282,10
12.9435901642,80.2372436523,45282,45292,10
12.9445400238,80.23828125,45292,45303,11
12.9455604553,80.2392425537,45303,45313,10
12.9468202591,80.2397689819,45313,45323,10
12.9473304749,80.2399673462,45323,45333,10
12.9473600388,80.239982605,45333,45343,10
12.9477901459,80.2401733398,45343,45353,10
12.9485998154,80.2405014038,45353,45363,10
12.9495096207,80.2408599854,45363,45373,10
12.9505500793,80.2411804199,45373,45383,10
12.9512996674,80.2414398193,45383,45394,11
12.9523000717,80.2418212891,45394,45404,10
12.9534196854,80.2422485352,45404,45414,10
12.9540901184,80.2425231934,45414,45424,10
12.9548501968,80.2428283691,45424,45434,10
12.9556798935,80.2431106567,45434,45444,10
12.9562997818,80.2433166504,45444,45464,20
12.9562997818,80.2433166504,45464,45474,10
12.956489563,80.2434387207,45474,45485,11
12.9573497772,80.2438278198,45485,45495,10
12.9589395523,80.244468689,45495,45515,20
12.9589395523,80.244468689,45515,45525,10
12.959280014,80.2446517944,45525,45535,10
12.9600000381,80.2449798584,45535,45545,10
12.9610204697,80.2454376221,45545,45555,10
12.9622602463,80.2460632324,45555,45565,10
12.9634199142,80.2466278076,45565,45575,10
12.9644498825,80.2470397949,45575,45586,11
12.9656400681,80.2474517822,45586,45596,10
12.9669599533,80.2480010986,45596,45616,20
12.9669599533,80.2480010986,45616,45626,10
12.9671401978,80.2480773926,45626,45636,10
12.9677696228,80.2483596802,45636,45646,10
12.9687299728,80.2487716675,45646,45656,10
12.9698801041,80.2491836548,45656,45667,11
12.9713697433,80.2497024536,45667,45677,10
12.9727497101,80.2500762939,45677,45687,10
12.9740600586,80.2504425049,45687,45697,10
12.9753198624,80.2508010864,45697,45707,10
12.9766597748,80.2511825562,45707,45717,10
12.9778003693,80.251739502,45717,45727,10
12.9785404205,80.2523117065,45727,45737,10
12.9787597656,80.2524185181,45737,45747,10
12.9796800613,80.2525787354,45747,45788,41
12.9796800613,80.2525787354,45788,45798,10
12.9799699783,80.2526626587,45798,45808,10
12.9804201126,80.2526626587,45808,45818,10
12.9811201096,80.2526397705,45818,45828,10
12.9821796417,80.2526092529,45828,45838,10
12.9834899902,80.2524871826,45838,45848,10
12.9848299026,80.2521362305,45848,45859,11
12.9861402512,80.2517776489,45859,45869,10
12.9867696762,80.2515869141,45869,45970,101
12.9867696762,80.2515869141,45970,45980,10
12.9870595932,80.2515411377,45980,45990,10
12.9875001907,80.2514038086,45990,46000,10
12.9879302979,80.2512969971,46000,46010,10
12.9887504578,80.2511062622,46010,46020,10
12.98939991,80.2509002686,46020,46029,9
12.9894199371,80.2509002686,46029,46040,11
12.9896602631,80.2508773804,46040,46051,11
12.9905900955,80.2506484985,46051,46061,10
12.9916296005,80.2503814697,46061,46071,10
12.9928598404,80.2500610352,46071,46081,10
12.9941797256,80.2497177124,46081,46091,10
12.9955396652,80.2493896484,46091,46101,10
12.9968500137,80.2490692139,46101,46111,10
12.9982099533,80.2487335205,46111,46121,10
12.99958992,80.2483901978,46121,46132,11
13.0011196136,80.248008728,46132,46142,10
13.0020704269,80.2477493286,46142,46152,10
13.0029001236,80.2475585938,46152,46162,10
13.0040102005,80.2473907471,46162,46172,10
13.0050802231,80.2472610474,46172,46182,10
13.0058898926,80.2470779419,46182,46192,10
13.0064897537,80.2465133667,46192,46202,10
13.0065498352,80.2462768555,46202,46212,10
13.0065898895,80.2457504272,46212,46222,10
13.0065698624,80.245010376,46222,46233,11
13.0065402985,80.2445602417,46233,46243,10
13.0065498352,80.2441635132,46243,46253,10
13.0065498352,80.2434768677,46253,46263,10
13.0065097809,80.2426986694,46263,46273,10
13.0065002441,80.2418365479,46273,46283,10
13.006529808,80.2410430908,46283,46293,10
13.0066699982,80.2402496338,46293,46303,10
13.0068397522,80.2393112183,46303,46314,11
13.0070199966,80.2383422852,46314,46324,10
13.0072002411,80.2375793457,46324,46334,10
13.0073299408,80.2368927002,46334,46344,10
13.007399559,80.2366027832,46344,46354,10
13.0074901581,80.2364273071,46354,46364,10
13.0075998306,80.2359008789,46364,46374,10
13.0077600479,80.2351608276,46374,46384,10
13.0079402924,80.2342987061,46384,46394,10
13.0081501007,80.2333679199,46394,46404,10
13.0084104538,80.2319793701,46404,46415,11
13.0087003708,80.2304763794,46415,46425,10
13.0089702606,80.2290878296,46425,46435,10
13.0093202591,80.2278289795,46435,46445,10
13.0098495483,80.2266616821,46445,46455,10
13.0103397369,80.2256164551,46455,46465,10
13.0106801987,80.2249221802,46465,46475,10
13.0109195709,80.224319458,46475,46485,10
13.0111904144,80.2233886719,46485,46506,21
13.0111904144,80.2233886719,46506,46516,10
13.0112199783,80.2231521606,46516,46526,10
13.0114603043,80.2227783203,46526,46536,10
13.0117702484,80.2219390869,46536,46546,10
13.0122499466,80.2214508057,46546,46556,10
13.0126199722,80.2219619751,46556,46566,10
13.0131902695,80.2225799561,46566,46576,10
13.0138397217,80.2233581543,46576,46586,10
13.0141401291,80.2237091064,46586,46596,10
13.0146102905,80.2242279053,46596,46607,11
13.015250206,80.2248001099,46607,46617,10
13.0155000687,80.2249832153,46617,46627,10
13.0155696869,80.2250595093,46627,46637,10
13.0157604218,80.2252731323,46637,46647,10
13.0163898468,80.2253570557,46647,46657,10
13.017080307,80.2251281738,46657,46667,10
13.0179796219,80.2247695923,46667,46677,10
13.0189199448,80.2243804932,46677,46687,10
13.019490242,80.2243881226,46687,46718,31
13.019490242,80.2243881226,46718,46728,10
13.0197200775,80.2245788574,46728,46738,10
13.0200996399,80.224861145,46738,46748,10
13.0206203461,80.2252120972,46748,46758,10
13.0211696625,80.2256088257,46758,46768,10
13.0217399597,80.226020813,46768,46778,10
13.0223703384,80.2265014648,46778,46789,11
13.0229997635,80.2270584106,46789,46799,10
13.0234699249,80.2275238037,46799,46809,10
13.0238399506,80.2278594971,46809,46819,10
13.024140358,80.2281570435,46819,46829,10
13.0243196487,80.2283401489,46829,46839,10
13.0243597031,80.2285308838,46839,46849,10
13.0240497589,80.2283782959,46849,46859,10
13.023639679,80.2278823853,46859,46869,10
13.0230197906,80.2273178101,46869,47264,395
13.0230197906,80.2273178101,47264,47274,10
13.0227203369,80.2269592285,47274,47284,10
13.0223398209,80.2265777588,47284,47294,10
13.0219697952,80.2262878418,47294,47304,10
13.0218000412,80.2261276245,47304,47314,10
13.0214500427,80.2258605957,47314,47325,11
13.0209703445,80.2254867554,47325,47335,10
13.0205602646,80.2251968384,47335,47345,10
13.0203800201,80.2250900269,47345,47355,10
13.0202903748,80.2250366211,47355,47365,10
13.0199098587,80.2247924805,47365,47375,10
13.0194597244,80.2245788574,47375,47385,10
13.0187397003,80.2245635986,47385,47395,10
13.0179796219,80.2248687744,47395,47405,10
13.0171804428,80.2251968384,47405,47415,10
13.0165596008,80.2254486084,47415,47426,11
13.016169548,80.2255630493,47426,47436,10
13.0156698227,80.2257080078,47436,47446,10
13.0151596069,80.2259063721,47446,47456,10
13.0144701004,80.2262115479,47456,47486,30
13.0144701004,80.2262115479,47486,47496,10
13.0140800476,80.2263565063,47496,47506,10
13.013589859,80.2265396118,47506,47517,11
13.0128898621,80.2267608643,47517,47527,10
13.0120000839,80.227142334,47527,47537,10
13.0110998154,80.2275314331,47537,47547,10
13.0100603104,80.2279510498,47547,47557,10
13.0092201233,80.2284622192,47557,47567,10
13.0090103149,80.2293701172,47567,47577,10
13.0087795258,80.2305221558,47577,47587,10
13.0085697174,80.2315597534,47587,47597,10
13.0083398819,80.2327270508,47597,47608,11
13.0081996918,80.2336730957,47608,47618,10
13.0081796646,80.2337265015,47618,47628,10
13.008099556,80.2341003418,47628,47638,10
13.0079803467,80.2346572876,47638,47647,9
13.0078001022,80.2356185913,47647,47658,11
13.007610321,80.2366333008,47658,47668,10
13.0073699951,80.2377090454,47668,47678,10
13.0071897507,80.2384567261,47678,47688,10
13.007060051,80.2391586304,47688,47699,11
13.0068998337,80.2399520874,47699,47709,10
13.0067501068,80.2406768799,47709,47719,10
13.006649971,80.2414932251,47719,47729,10
13.0066404343,80.2423171997,47729,47739,10
13.0066299438,80.2428817749,47739,47749,10
13.0066795349,80.2435073853,47749,47759,10
13.0066604614,80.2438735962,47759,47769,10
13.0066404343,80.2440795898,47769,47779,10
13.0066404343,80.2445220947,47779,47790,11
13.0066404343,80.2448730469,47790,47800,10
13.0066404343,80.2454223633,47800,47810,10
13.0066900253,80.2460403442,47810,47820,10
13.0066995621,80.2463531494,47820,47830,10
13.0067195892,80.2466583252,47830,47840,10
13.0066995621,80.2471237183,47840,47850,10
13.0064401627,80.2474136353,47850,47860,10
13.0061597824,80.2473983765,47860,47870,10
13.0060796738,80.2473907471,47870,47880,10
13.0055599213,80.247428894,47880,47891,11
13.0045604706,80.2474594116,47891,47901,10
13.0035495758,80.2475814819,47901,47911,10
13.0025997162,80.2477111816,47911,47921,10
13.0018196106,80.2479095459,47921,47931,10
13.0008401871,80.2481613159,47931,47941,10
12.9997501373,80.2484436035,47941,47951,10
12.9986495972,80.2486801147,47951,47961,10
12.9975404739,80.2489395142,47961,47972,11
12.9962701797,80.2492675781,47972,47982,10
12.9950799942,80.2495727539,47982,47992,10
12.9937095642,80.2499389648,47992,48002,10
12.9923200607,80.2502822876,48002,48012,10
12.9912004471,80.2506027222,48012,48022,10
12.9909200668,80.2506713867,48022,48032,10
12.9906396866,80.2507324219,48032,48042,10
12.9898796082,80.2509307861,48042,48052,10
12.9890203476,80.251121521,48052,48062,10
12.9885196686,80.2512588501,48062,48143,81
12.9885196686,80.2512588501,48143,48154,11
12.9883403778,80.2511901855,48154,48164,10
12.9883298874,80.2511825562,48164,48174,10
12.9880399704,80.2512435913,48174,48184,10
12.9879102707,80.2517089844,48184,48194,10
12.987950325,80.2525863647,48194,48204,10
12.987859726,80.2537078857,48204,48214,10
12.9878101349,80.2542037964,48214,48224,10
12.9877796173,80.2544708252,48224,48234,10
12.987739563,80.2548828125,48234,48244,10
12.9876804352,80.2554092407,48244,48255,11
12.9876003265,80.2559585571,48255,48265,10
12.9875402451,80.256362915,48265,48275,10
12.9875097275,80.2565612793,48275,48285,10
12.9875001907,80.2567520142,48285,48295,10
12.9874401093,80.2573013306,48295,48305,10
12.9873399734,80.2584609985,48305,48437,132
12.9870796204,80.2586212158,48437,49064,627
12.9870796204,80.2586212158,49064,49074,10
12.9868202209,80.2587127686,49074,49165,91
12.9868202209,80.2587127686,49165,49176,11
12.9865999222,80.2586517334,49176,49206,30
12.9865598679,80.2585296631,49206,49337,131
12.9865999222,80.2587127686,49337,50096,759
12.9866104126,80.2586593628,50096,50237,141
12.9865398407,80.2585983276,50237,51754,1517
12.9868297577,80.2587738037,51754,52007,253
12.9868001938,80.2591781616,52007,52047,40
12.9870996475,80.2591781616,52047,52077,30
12.9870996475,80.2591781616,52077,52087,10
12.9873104095,80.2588195801,52087,52097,10
12.9873304367,80.2585983276,52097,52108,11
12.9873600006,80.2583694458,52108,52118,10
12.9874095917,80.2578735352,52118,52128,10
12.987449646,80.2572784424,52128,52138,10
12.9874897003,80.2568893433,52138,52148,10
12.9875497818,80.2563934326,52148,52158,10
12.987569809,80.2558822632,52158,52168,10
12.9876804352,80.2554473877,52168,52178,10
12.9877195358,80.2549591064,52178,52189,11
12.9877996445,80.25415802,52189,52200,11
12.9878902435,80.253112793,52200,52211,11
12.9879398346,80.2522125244,52211,52221,10
12.9878902435,80.2518692017,52221,52231,10
12.9877700806,80.2515411377,52231,52393,162
12.9877700806,80.2515411377,52393,52403,10
12.9879598618,80.2512283325,52403,52413,10
12.9887104034,80.2510604858,52413,52423,10
12.9896602631,80.2508087158,52423,52433,10
12.9898099899,80.250793457,52433,52443,10
12.9904403687,80.2506484985,52443,52453,10
12.991350174,80.2504119873,52453,52463,10
12.9923400879,80.2501678467,52463,52474,11
12.9934396744,80.2498931885,52474,52484,10
12.9944496155,80.2496337891,52484,52494,10
12.9954395294,80.2493972778,52494,52504,10
12.9965200424,80.2491378784,52504,52514,10
12.9975004196,80.248878479,52514,52523,9
12.99862957,80.248588562,52523,52534,11
12.999879837,80.2482681274,52534,52544,10
13.0010404587,80.2479782104,52544,52555,11
13.0021400452,80.247718811,52555,52565,10
13.003370285,80.247467041,52565,52575,10
13.0045204163,80.2472991943,52575,52585,10
13.0055599213,80.2471313477,52585,52595,10
13.0062904358,80.2467575073,52595,52605,10
13.0064897537,80.2464065552,52605,52615,10
13.0065803528,80.2457885742,52615,52625,10
13.0066404343,80.2452774048,52625,52635,10
13.0066299438,80.2447280884,52635,52645,10
13.0066299438,80.2442932129,52645,52655,10
13.0066204071,80.2438964844,52655,52666,11
13.0066204071,80.2435379028,52666,52676,10
13.0066099167,80.2428207397,52676,52686,10
13.0065898895,80.2418136597,52686,52696,10
13.0067195892,80.2405014038,52696,52726,30
13.0067195892,80.2405014038,52726,52736,10
13.0067796707,80.2402191162,52736,52747,11
13.0068798065,80.2394790649,52747,52757,10
13.007060051,80.2385025024,52757,52767,10
13.0072898865,80.2375030518,52767,52777,10
13.0073795319,80.2368469238,52777,52787,10
13.0074100494,80.2367401123,52787,52797,10
13.0075101852,80.2364501953,52797,52807,10
13.0076398849,80.2358169556,52807,52817,10
13.0077600479,80.2352371216,52817,52827,10
13.0078201294,80.2349624634,52827,52837,10
13.0079603195,80.2342834473,52837,52848,11
13.0082197189,80.2329483032,52848,52858,10
13.008480072,80.2316513062,52858,52868,10
13.0087499619,80.2303771973,52868,52878,10
13.0090198517,80.2291107178,52878,52888,10
13.0093002319,80.2279586792,52888,52898,10
13.009759903,80.2269210815,52898,52908,10
13.0101804733,80.226020813,52908,52918,10
13.0105199814,80.2253799438,52918,52928,10
13.0107803345,80.2248764038,52928,52939,11
13.0109796524,80.2241973877,52939,52949,10
13.0112304688,80.2235565186,52949,52959,10
13.0115098953,80.2228164673,52959,52969,10
13.0118398666,80.2219161987,52969,52979,10
13.012260437,80.221496582,52979,52989,10
13.0124702454,80.2218017578,52989,52999,10
13.0127601624,80.2221374512,52999,53009,10
13.0130500793,80.222442627,53009,53020,11
13.013250351,80.2225799561,53020,53030,10
13.0135602951,80.2229537964,53030,53040,10
13.0138702393,80.2232971191,53040,53050,10
13.0142402649,80.2233734131,53050,53060,10
13.0151796341,80.2247390747,53060,53070,10
13.015250206,80.2247695923,53070,53080,10
13.0156297684,80.2250976563,53080,53090,10
13.016169548,80.2253112793,53090,53100,10
13.0169200897,80.2251281738,53100,53110,10
13.0178098679,80.2247695923,53110,53121,11
13.0187997818,80.2243728638,53121,53131,10
13.0194597244,80.2242965698,53131,53141,10
13.0194997787,80.2243728638,53141,53151,10
13.0196199417,80.2244796753,53151,53161,10
13.0198802948,80.2246627808,53161,53171,10
13.0203800201,80.2250518799,53171,53181,10
13.0208301544,80.2254104614,53181,53191,10
13.0213403702,80.2258224487,53191,53201,10
13.0219602585,80.2262115479,53201,53212,11
13.0227804184,80.2269363403,53212,53222,10
13.0235996246,80.2275772095,53222,53232,10
13.0241203308,80.2280578613,53232,53242,10
13.0242996216,80.2283401489,53242,53292,50
13.0242996216,80.2283401489,53292,53303,11
13.0242996216,80.2285995483,53303,53313,10
13.0239400864,80.2282409668,53313,53323,10
13.023639679,80.2278823853,53323,53333,10
13.0233001709,80.2275466919,53333,53343,10
13.0230903625,80.2273635864,53343,53474,131
13.0230903625,80.2273635864,53474,53485,11
13.0229301453,80.2270889282,53485,53495,10
13.0227098465,80.2268676758,53495,53505,10
13.0224504471,80.2266235352,53505,53515,10
13.021900177,80.2261505127,53515,53525,10
13.0212697983,80.2256774902,53525,53535,10
13.0206699371,80.2251968384,53535,53545,10
13.0202798843,80.2249832153,53545,53555,10
13.0199203491,80.2247390747,53555,53565,10
13.0193004608,80.2244415283,53565,53575,10
13.0185403824,80.2245330811,53575,53586,11
13.0175600052,80.2249298096,53586,53596,10
13.0167198181,80.2253036499,53596,53606,10
13.0161104202,80.2255630493,53606,53616,10
13.0149202347,80.2260131836,53616,53687,71
13.0149202347,80.2260131836,53687,53697,10
13.0145702362,80.2261962891,53697,53737,40
13.0145702362,80.2261962891,53737,53747,10
13.0143499374,80.2262802124,53747,53757,10
13.0139598846,80.2264175415,53757,53768,11
13.0133600235,80.2266464233,53768,53778,10
13.0126399994,80.2269210815,53778,53788,10
13.0118198395,80.2272491455,53788,53798,10
13.0109395981,80.2276229858,53798,53808,10
13.0100297928,80.2279586792,53808,53818,10
13.0092000961,80.2284698486,53818,53828,10
13.0089302063,80.2295532227,53828,53838,10
13.0087099075,80.2308197021,53838,53848,10
13.008480072,80.2320327759,53848,53859,11
13.008310318,80.2330627441,53859,53869,10
13.0082397461,80.2335510254,53869,53879,10
13.008190155,80.2336730957,53879,53889,10
13.008099556,80.2341003418,53889,53899,10
13.0079803467,80.2347488403,53899,53909,10
13.0078201294,80.2355728149,53909,53919,10
13.0076398849,80.2365036011,53919,53929,10
13.0074195862,80.2375564575,53929,53939,10
13.0072402954,80.2385787964,53939,53949,10
13.0070199966,80.2394485474,53949,53960,11
13.0068597794,80.2404403687,53960,53970,10
13.0068502426,80.2406616211,53970,53980,10
13.0067996979,80.2409896851,53980,53990,10
13.0067195892,80.2416610718,53990,54000,10
13.0066995621,80.2425384521,54000,54010,10
13.0066900253,80.2433319092,54010,54020,10
13.0066795349,80.2439193726,54020,54030,10
13.0066099167,80.244758606,54030,54040,10
13.0066604614,80.2456283569,54040,54051,11
13.0066995621,80.2465133667,54051,54061,10
13.0066795349,80.2474136353,54061,54101,40
13.0066795349,80.2474136353,54101,54111,10
13.0066003799,80.247467041,54111,54121,10
13.0061998367,80.2474899292,54121,54132,11
13.0060596466,80.2474822998,54132,54142,10
13.005900383,80.2474212646,54142,54152,10
13.0053796768,80.2473602295,54152,54162,10
13.0045099258,80.2473678589,54162,54172,10
13.0034198761,80.2475280762,54172,54182,10
13.0023202896,80.2477264404,54182,54192,10
13.0013103485,80.2479934692,54192,54202,10
13.0002498627,80.2482681274,54202,54212,10
12.9991798401,80.2485427856,54212,54223,11
12.9980802536,80.2488632202,54223,54233,10
12.9978704453,80.2489013672,54233,54243,10
12.9973201752,80.2490234375,54243,54253,10
12.9964199066,80.2492370605,54253,54263,10
12.9952497482,80.2495269775,54263,54273,10
12.9940004349,80.2498474121,54273,54283,10
12.9926996231,80.2501678467,54283,54293,10
12.9914903641,80.2504806519,54293,54303,10
12.9909601212,80.2506484985,54303,54313,10
12.9909000397,80.2506637573,54313,54324,11
12.9904203415,80.2507629395,54324,54334,10
12.9897403717,80.2509002686,54334,54344,10
12.9890098572,80.2510528564,54344,54354,10
12.9887399673,80.251159668,54354,54374,20
12.9887399673,80.251159668,54374,54384,10
12.9885597229,80.2511291504,54384,54394,10
12.9881401062,80.2513122559,54394,54405,11
12.9874601364,80.2514801025,54405,54415,10
12.9868402481,80.2516708374,54415,54425,10
12.9863700867,80.2518005371,54425,54435,10
12.9861097336,80.2518463135,54435,54444,9
12.9856100082,80.251991272,54444,54455,11
12.9846000671,80.2522735596,54455,54465,10
12.9834804535,80.2525634766,54465,54475,10
12.982339859,80.2526931763,54475,54485,10
12.981300354,80.2527236938,54485,54495,10
12.9805202484,80.2527618408,54495,54506,11
12.9802503586,80.2527618408,54506,54516,10
12.9799995422,80.2527389526,54516,54526,10
12.9793796539,80.2526779175,54526,54536,10
12.9786195755,80.2525863647,54536,54546,10
12.9785404205,80.2525634766,54546,54556,10
12.9783601761,80.2524490356,54556,54566,10
12.9778699875,80.2520065308,54566,54576,10
12.9771003723,80.2514190674,54576,54586,10
12.9761199951,80.2510986328,54586,54596,10
12.9750995636,80.2508010864,54596,54607,11
12.9739198685,80.2504425049,54607,54617,10
12.972820282,80.2501602173,54617,54627,10
12.9717302322,80.2498779297,54627,54637,10
12.9707698822,80.2496185303,54637,54647,10
12.9697799683,80.2492675781,54647,54657,10
12.9687700272,80.2489013672,54657,54667,10
12.9678001404,80.2485198975,54667,54677,10
12.9669704437,80.2481613159,54677,54687,10
12.9660596848,80.2477264404,54687,54698,11
12.9652795792,80.2474517822,54698,54708,10
12.9652299881,80.2474212646,54708,54718,10
12.9648103714,80.247253418,54718,54728,10
12.9640703201,80.246963501,54728,54738,10
12.9637899399,80.2468490601,54738,54748,10
12.9637403488,80.2468185425,54748,54758,10
12.9635696411,80.2467269897,54758,54768,10
12.963060379,80.2464675903,54768,54778,10
12.9621295929,80.2460174561,54778,54789,11
12.9608602524,80.2453994751,54789,54799,10
12.9597396851,80.2449417114,54799,54809,10
12.959280014,80.2447509766,54809,54819,10
12.9591503143,80.2446975708,54819,54829,10
12.9585695267,80.244430542,54829,54839,10
12.95773983,80.2440795898,54839,54849,10
12.956489563,80.2437515259,54849,54920,71
12.956489563,80.2437515259,54920,54930,10
12.9561796188,80.2436828613,54930,54940,10
12.9556703568,80.2433776855,54940,54950,10
12.9549198151,80.242980957,54950,54960,10
12.954079628,80.2426376343,54960,54971,11
12.9533500671,80.2423019409,54971,54981,10
12.9523801804,80.2419281006,54981,54991,10
12.9516496658,80.2416763306,54991,55001,10
12.9514598846,80.241607666,55001,55011,10
12.9508895874,80.2414016724,55011,55021,10
12.949930191,80.2411117554,55021,55031,10
12.949139595,80.240852356,55031,55051,20
12.949139595,80.240852356,55051,55062,11
12.9487895966,80.2407226563,55062,55072,10
12.9482002258,80.2404632568,55072,55082,10
12.9474000931,80.2401199341,55082,55092,10
12.9468097687,80.239906311,55092,55102,10
12.9461202621,80.239616394,55102,55112,10
12.9452295303,80.2391204834,55112,55122,10
12.9443998337,80.2382583618,55122,55132,10
12.9435796738,80.2373809814,55132,55142,10
12.9427995682,80.236656189,55142,55152,10
12.9418001175,80.2362670898,55152,55163,11
12.9406795502,80.2360305786,55163,55173,10
12.9397497177,80.2357635498,55173,55183,10
12.9396295547,80.235710144,55183,55193,10
12.939499855,80.2356567383,55193,55203,10
12.9389295578,80.2353897095,55203,55213,10
12.9380197525,80.2349319458,55213,55223,10
12.9368600845,80.2343673706,55223,55233,10
12.9358997345,80.2339324951,55233,55243,10
12.9356603622,80.2338180542,55243,55254,11
12.9353303909,80.2336578369,55254,55264,10
12.9345798492,80.2333221436,55264,55274,10
12.9338998795,80.2330093384,55274,55284,10
12.9338302612,80.2329788208,55284,55294,10
12.933429718,80.2327804565,55294,55304,10
12.9326696396,80.232460022,55304,55314,10
12.9316797256,80.2321166992,55314,55324,10
12.9306497574,80.2317886353,55324,55334,10
12.9296102524,80.2314987183,55334,55345,11
12.9287395477,80.2313079834,55345,55355,10
12.927740097,80.2312011719,55355,55365,10
12.9265804291,80.2310562134,55365,55375,10
12.9253902435,80.2308883667,55375,55385,10
12.9240999222,80.2307128906,55385,55395,10
12.9227800369,80.2305374146,55395,55405,10
12.9214601517,80.2303390503,55405,55415,10
12.9202404022,80.2301864624,55415,55425,10
12.9189996719,80.2300415039,55425,55436,11
12.9176597595,80.2298583984,55436,55446,10
12.9163799286,80.2296905518,55446,55456,10
12.9150400162,80.2295303345,55456,55466,10
12.9138803482,80.2293624878,55466,55476,10
12.9132499695,80.2293167114,55476,55486,10
12.9131202698,80.2292785645,55486,55496,10
12.9125499725,80.2291564941,55496,55506,10
12.9116001129,80.2289962769,55506,55516,10
12.9104404449,80.2288284302,55516,55527,11
12.9090900421,80.2286224365,55527,55537,10
12.9075403214,80.2283782959,55537,55557,20
12.9075403214,80.2283782959,55557,55567,10
12.9073801041,80.2283401489,55567,55577,10
12.9069595337,80.2282867432,55577,55587,10
12.9063997269,80.2282333374,55587,55597,10
12.9055404663,80.228187561,55597,55607,10
12.9045000076,80.2281417847,55607,55618,11
12.9030799866,80.2280578613,55618,55628,10
12.9020700455,80.2280197144,55628,55638,10
12.9016103745,80.2279968262,55638,55708,70
12.9016103745,80.2279968262,55708,55719,11
12.9014501572,80.2279586792,55719,55729,10
12.9010000229,80.2279434204,55729,55739,10
12.9004402161,80.2278823853,55739,55749,10
12.8998804092,80.2278671265,55749,55759,10
12.8997898102,80.2278671265,55759,55769,10
12.8993301392,80.2278671265,55769,55789,20
12.8993301392,80.2278671265,55789,55800,11
12.8989601135,80.2278671265,55800,55812,12
12.8982095718,80.2278137207,55812,55822,10
12.8972597122,80.2277526855,55822,55832,10
12.8961200714,80.2276992798,55832,55842,10
12.8951396942,80.2276611328,55842,55852,10
12.8939800262,80.2276000977,55852,55862,10
12.892999649,80.2274932861,55862,55871,9
12.8924102783,80.2274398804,55871,55882,11
12.8918800354,80.2274017334,55882,55891,9
12.8911104202,80.2273864746,55891,55903,12
12.8896999359,80.2273788452,55903,55913,10
12.8884496689,80.2273712158,55913,55923,10
12.8871498108,80.2272186279,55923,55933,10
12.8858995438,80.2269363403,55933,55943,10
12.8850603104,80.2267684937,55943,55953,10
12.8849897385,80.2267532349,55953,55963,10
12.8845596313,80.2267227173,55963,55973,10
12.8837203979,80.2267227173,55973,55984,11
12.8826599121,80.2267303467,55984,55994,10
12.8816204071,80.2267303467,55994,56004,10
12.8803701401,80.2267303467,56004,56014,10
12.8790798187,80.2267532349,56014,56024,10
12.8779602051,80.2268218994,56024,56034,10
12.8771295547,80.226890564,56034,56044,10
12.8768901825,80.2269210815,56044,56054,10
12.8768701553,80.2269287109,56054,56064,10
12.8764400482,80.2269897461,56064,56074,10
12.8756399155,80.2269668579,56074,56085,11
12.8745203018,80.226852417,56085,56095,10
12.8735103607,80.2267303467,56095,56105,10
12.8728199005,80.2267303467,56105,56115,10
12.8727302551,80.2267227173,56115,56125,10
12.872179985,80.2266998291,56125,56135,10
12.8712596893,80.2266387939,56135,56145,10
12.8700799942,80.2265472412,56145,56155,10
12.8688201904,80.2264099121,56155,56165,10
12.8675899506,80.2264175415,56165,56176,11
12.8663797379,80.2265625,56176,56186,10
12.8651599884,80.2266311646,56186,56196,10
12.8639497757,80.2265701294,56196,56206,10
12.8627796173,80.2265625,56206,56216,10
12.8615598679,80.2266235352,56216,56226,10
12.8609600067,80.2266464233,56226,56236,10
12.8607597351,80.2266387939,56236,56246,10
12.8601102829,80.2265472412,56246,56256,10
12.8592700958,80.2264328003,56256,56267,11
12.858499527,80.22631073,56267,56277,10
12.8575296402,80.2262878418,56277,56287,10
12.8563804626,80.2264022827,56287,56297,10
12.8551702499,80.2265396118,56297,56307,10
12.8538999557,80.2266616821,56307,56317,10
12.852640152,80.2267303467,56317,56327,10
12.8514003754,80.2266616821,56327,56337,10
12.8504600525,80.2266082764,56337,56347,10
12.8503398895,80.2265701294,56347,56358,11
12.8497400284,80.2265625,56358,56368,10
12.8487596512,80.2265472412,56368,56378,10
12.8475904465,80.2265625,56378,56388,10
12.8464298248,80.2265777588,56388,56398,10
12.8454799652,80.2266235352,56398,56408,10
12.8453102112,80.2266311646,56408,56418,10
12.8450098038,80.2266387939,56418,56428,10
12.8442201614,80.2266769409,56428,56438,10
12.8433504105,80.2267837524,56438,56449,11
12.8419103622,80.2270507813,56449,56459,10
12.8407297134,80.2273483276,56459,56469,10
12.8399295807,80.2276000977,56469,56479,10
12.8396196365,80.2276916504,56479,56489,10
12.8393697739,80.2277679443,56489,56499,10
12.8386602402,80.2279586792,56499,56509,10
12.8376302719,80.2281799316,56509,56519,10
12.8363599777,80.2283782959,56519,56529,10
12.8350801468,80.2285766602,56529,56539,10
12.8337898254,80.2287826538,56539,56550,11
12.8326396942,80.2290115356,56550,56560,10
12.8321399689,80.2291030884,56560,56570,10
12.8320198059,80.2291412354,56570,56580,10
12.8317804337,80.2292098999,56580,56590,10
12.8314199448,80.2292709351,56590,56600,10
12.8308296204,80.2294769287,56600,56610,10
12.8298797607,80.2298202515,56610,56620,10
12.8290596008,80.2301712036,56620,56630,10
12.8282003403,80.2306289673,56630,56641,11
12.8271198273,80.2312011719,56641,56651,10
12.8260202408,80.2313766479,56651,56661,10
12.8247699738,80.2313919067,56661,56671,10
12.8235197067,80.2310791016,56671,56681,10
12.8222999573,80.2307128906,56681,56691,10
12.8210897446,80.2304763794,56691,56701,10
12.8200397491,80.2304992676,56701,56711,10
12.8190603256,80.2305297852,56711,56721,10
12.818860054,80.230506897,56721,56732,11
12.8184604645,80.2303237915,56732,56742,10
12.8176898956,80.2299575806,56742,56752,10
12.8166599274,80.2295608521,56752,56762,10
12.8154802322,80.2293777466,56762,56772,10
12.8142700195,80.2291870117,56772,56782,10
12.813079834,80.2288513184,56782,56792,10
12.8119602203,80.2284698486,56792,56802,10
12.8108100891,80.2280273438,56802,56812,10
12.8096399307,80.2275314331,56812,56823,11
12.8084697723,80.2267227173,56823,56833,10
12.8074998856,80.2259292603,56833,56843,10
12.8066501617,80.225151062,56843,56853,10
12.8058204651,80.2244110107,56853,56863,10
12.8050699234,80.224029541,56863,56873,10
12.8048696518,80.223991394,56873,56883,10
12.8043403625,80.2239227295,56883,56893,10
12.8034601212,80.2238616943,56893,56903,10
12.8023900986,80.2237167358,56903,56914,11
12.8010597229,80.2235870361,56914,56924,10
12.7997398376,80.2235031128,56924,56934,10
12.7985200882,80.2233581543,56934,56944,10
12.7972297668,80.223197937,56944,56954,10
12.7962198257,80.2230224609,56954,56964,10
12.7959604263,80.2229766846,56964,56974,10
12.7955198288,80.22290802,56974,56984,10
12.794719696,80.2227478027,56984,56994,10
12.7936897278,80.2226028442,56994,57005,11
12.792599678,80.2224273682,57005,57015,10
12.7914495468,80.2221603394,57015,57025,10
12.7904195786,80.2219085693,57025,57035,10
12.7894802094,80.2216415405,57035,57045,10
12.7887096405,80.2213516235,57045,57055,10
12.7881202698,80.2211227417,57055,57065,10
12.7878198624,80.220993042,57065,57075,10
12.7874898911,80.2208633423,57075,57085,10
12.786860466,80.2206268311,57085,57116,31
12.786860466,80.2206268311,57116,57126,10
12.7864704132,80.2204818726,57126,57136,10
12.7861204147,80.2204284668,57136,57146,10
12.7861404419,80.2206802368,57146,57156,10
12.7861995697,80.2211608887,57156,57166,10
12.786239624,80.2219314575,57166,57591,425
12.7862901688,80.2219696045,57591,58602,1011
12.7862997055,80.2221603394,58602,59957,1355
12.7862596512,80.222076416,59957,60098,141
12.7862596512,80.222076416,60098,60109,11
12.7863302231,80.2218322754,60109,60119,10
12.786239624,80.2212295532,60119,60129,10
12.7861995697,80.2207717896,60129,60139,10
12.7861795425,80.2205581665,60139,60149,10
12.7861995697,80.2204666138,60149,60159,10
12.7862195969,80.2203826904,60159,60169,10
12.7862997055,80.2203598022,60169,60179,10
12.7865800858,80.2204589844,60179,60189,10
12.7865896225,80.2204818726,60189,60200,11
12.7867803574,80.2205886841,60200,60210,10
12.7873497009,80.2207870483,60210,60220,10
12.7879695892,80.2210083008,60220,60230,10
12.788769722,80.221321106,60230,60240,10
12.7895202637,80.2215805054,60240,60250,10
12.790189743,80.2217788696,60250,60260,10
12.7910995483,80.2220306396,60260,60270,10
12.7921495438,80.2223129272,60270,60280,10
12.7932500839,80.2225112915,60280,60290,10
12.7944002151,80.2226791382,60290,60301,11
12.7956800461,80.2228622437,60301,60311,10
12.7963495255,80.2229614258,60311,60321,10
12.7964401245,80.2229690552,60321,60331,10
12.7968797684,80.2230606079,60331,60341,10
12.7976198196,80.2231826782,60341,60351,10
12.7985696793,80.2233200073,60351,60361,10
12.7995595932,80.2234191895,60361,60371,10
12.8005504608,80.2235031128,60371,60381,10
12.8013601303,80.2235565186,60381,60392,11
12.801440239,80.2235717773,60392,60402,10
12.8018198013,80.2236404419,60402,60412,10
12.8025999069,80.2237319946,60412,60422,10
12.803440094,80.2238388062,60422,60432,10
12.8043298721,80.2239227295,60432,60442,10
12.8050899506,80.2240219116,60442,60452,10
12.8056001663,80.2241516113,60452,60462,10
12.8056697845,80.2242202759,60462,60472,10
12.8060798645,80.2245483398,60472,60483,11
12.806889534,80.2252731323,60483,60493,10
12.8077602386,80.2260131836,60493,60503,10
12.8086795807,80.2267990112,60503,60513,10
12.8097200394,80.2275238037,60513,60523,10
12.8108100891,80.2279815674,60523,60533,10
12.812040329,80.2284393311,60533,60543,10
12.8133497238,80.2288970947,60543,60553,10
12.814740181,80.2292633057,60553,60564,11
12.8162899017,80.2294769287,60564,60574,10
12.8176002502,80.2298431396,60574,60584,10
12.8187599182,80.2303771973,60584,60594,10
12.8196401596,80.2304763794,60594,60604,10
12.8198604584,80.2304611206,60604,60614,10
12.8203496933,80.2304534912,60614,60624,10
12.8212795258,80.2304611206,60624,60634,10
12.8224096298,80.2306900024,60634,60644,10
12.8236398697,80.2310562134,60644,60654,10
12.8248796463,80.2313613892,60654,60665,11
12.8263502121,80.2313613892,60665,60675,10
12.8276100159,80.2310409546,60675,60685,10
12.8287096024,80.2304077148,60685,60695,10
12.8297796249,80.229927063,60695,60705,10
12.8307504654,80.2295532227,60705,60715,10
12.8310699463,80.2294006348,60715,60725,10
12.8312902451,80.2293319702,60725,60735,10
12.8315696716,80.2292633057,60735,60745,10
12.8321304321,80.229133606,60745,60756,11
12.832909584,80.2289810181,60756,60766,10
12.8338499069,80.2288208008,60766,60776,10
12.8348302841,80.2286376953,60776,60786,10
12.8358602524,80.2284469604,60786,60796,10
12.8368997574,80.2283096313,60796,60806,10
12.8379001617,80.2281417847,60806,60816,10
12.8391895294,80.2278213501,60816,60887,71
12.8391895294,80.2278213501,60887,60897,10
12.8395204544,80.2277526855,60897,60907,10
12.8397197723,80.2276992798,60907,60917,10
12.8402795792,80.2275466919,60917,60927,10
12.8410797119,80.2273330688,60927,60938,11
12.8421401978,80.2270431519,60938,60948,10
12.8431396484,80.2268218994,60948,60958,10
12.8441400528,80.2265777588,60958,60968,10
12.845459938,80.2265396118,60968,60988,20
12.845459938,80.2265396118,60988,60998,10
12.8457202911,80.2265625,60998,61008,10
12.8463602066,80.2265472412,61008,61018,10
12.8472499847,80.2265396118,61018,61028,10
12.8481702805,80.2265396118,61028,61039,11
12.8492002487,80.2265396118,61039,61049,10
12.8499498367,80.2265319824,61049,61059,10
12.8499898911,80.2265319824,61059,61069,10
12.8502597809,80.2265167236,61069,61079,10
12.8508901596,80.2265472412,61079,61089,10
12.8517398834,80.2266082764,61089,61099,10
12.8524398804,80.2266387939,61099,61109,10
12.8529996872,80.2266464233,61109,61119,10
12.8535995483,80.2266235352,61119,61130,11
12.8544998169,80.2265319824,61130,61140,10
12.8554897308,80.2264175415,61140,61150,10
12.8564100266,80.2263183594,61150,61160,10
12.8573303223,80.2262191772,61160,61170,10
12.8581199646,80.2261886597,61170,61180,10
12.8584403992,80.2262191772,61180,61190,10
12.8588695526,80.2262496948,61190,61200,10
12.8597002029,80.2263717651,61200,61210,10
12.8606004715,80.2265014648,61210,61221,11
12.8608503342,80.2265396118,61221,61231,10
12.8609895706,80.2265777588,61231,61241,10
12.8614797592,80.2265701294,61241,61251,10
12.8623800278,80.2265319824,61251,61261,10
12.8634595871,80.2265014648,61261,61271,10
12.8646001816,80.2265625,61271,61281,10
12.8657798767,80.2265701294,61281,61291,10
12.8668603897,80.2264709473,61291,61302,11
12.8679199219,80.2263565063,61302,61312,10
12.8689403534,80.2263793945,61312,61322,10
12.8699703217,80.2265167236,61322,61332,10
12.8709897995,80.2266311646,61332,61342,10
12.8719701767,80.2266616821,61342,61352,10
12.8727502823,80.2266769409,61352,61362,10
12.872879982,80.2266921997,61362,61372,10
12.8732995987,80.2266921997,61372,61382,10
12.8740901947,80.2267379761,61382,61392,10
12.8750801086,80.2268600464,61392,61403,11
12.8761301041,80.2269287109,61403,61413,10
12.8767499924,80.226890564,61413,61423,10
12.8767995834,80.2268829346,61423,61433,10
12.8771495819,80.226852417,61433,61443,10
12.8778800964,80.2267990112,61443,61453,10
12.8787603378,80.2267379761,61453,61463,10
12.879699707,80.2267227173,61463,61473,10
12.8806800842,80.2266998291,61473,61483,10
12.8816604614,80.2266998291,61483,61493,10
12.8827495575,80.2266921997,61493,61504,11
12.8837404251,80.2266769409,61504,61514,10
12.8846998215,80.2266769409,61514,61524,10
12.8852500916,80.2266998291,61524,61534,10
12.8853502274,80.2267227173,61534,61544,10
12.8858499527,80.2268218994,61544,61554,10
12.8865699768,80.2270126343,61554,61564,10
12.8873500824,80.2271881104,61564,61574,10
12.8882799149,80.2273025513,61574,61585,11
12.8892602921,80.2273330688,61585,61595,10
12.890370369,80.2273330688,61595,61605,10
12.8913602829,80.2273330688,61605,61615,10
12.8922901154,80.2273635864,61615,61625,10
12.8931598663,80.2274627686,61625,61635,10
12.8941402435,80.2275924683,61635,61645,10
12.8951597214,80.2276382446,61645,61655,10
12.8961400986,80.2276687622,61655,61665,10
12.8971796036,80.227722168,61665,61675,10
12.8983001709,80.2277832031,61675,61686,11
12.8995504379,80.2278366089,61686,61696,10
12.9007501602,80.2278366089,61696,61766,70
12.9007501602,80.2278366089,61766,61777,11
12.9011001587,80.2279510498,61777,61787,10
12.9016599655,80.2279815674,61787,61797,10
12.9023799896,80.2279968262,61797,61807,10
12.9030303955,80.2279968262,61807,61817,10
12.9030799866,80.2279891968,61817,61827,10
12.9031295776,80.2279815674,61827,61837,10
12.9033899307,80.2279891968,61837,61847,10
12.9035797119,80.2280197144,61847,61857,10
12.9041595459,80.2280807495,61857,61868,11
12.9051504135,80.2281417847,61868,61878,10
12.9064798355,80.2282104492,61878,61908,30
12.9064798355,80.2282104492,61908,61918,10
12.9066495895,80.2282180786,61918,61928,10
12.9068202972,80.2282409668,61928,61938,10
12.9069099426,80.2282409668,61938,61948,10
12.9071598053,80.2282562256,61948,61959,11
12.9079198837,80.2283706665,61959,61969,10
12.9088602066,80.2285232544,61969,61979,10
12.9098396301,80.2286834717,61979,61989,10
12.9108400345,80.2288284302,61989,61999,10
12.9119100571,80.2289886475,61999,62009,10
12.9128198624,80.229133606,62009,62019,10
12.9136800766,80.2292327881,62019,62029,10
12.9141197205,80.2292861938,62029,62039,10
12.9142599106,80.2293167114,62039,62049,10
12.9148197174,80.2293930054,62049,62060,11
12.9157495499,80.2295379639,62060,62070,10
12.9167203903,80.2296676636,62070,62080,10
12.9176702499,80.2297973633,62080,62090,10
12.9185800552,80.229927063,62090,62100,10
12.919260025,80.2300109863,62100,62110,10
12.9194002151,80.2300186157,62110,62120,10
12.9196996689,80.2300491333,62120,62130,10
12.9203395844,80.230140686,62130,62140,10
12.9211702347,80.2302474976,62140,62151,11
12.9222803116,80.2304077148,62151,62161,10
12.9233503342,80.2305908203,62161,62171,10
12.9241695404,80.2306289673,62171,62181,10
12.9250497818,80.2307128906,62181,62191,10
12.9260196686,80.2308578491,62191,62201,10
12.9262399673,80.2309112549,62201,62211,10
12.9264802933,80.2309494019,62211,62221,10
12.9270896912,80.2310333252,62221,62231,10
12.9279203415,80.2311325073,62231,62242,11
12.928319931,80.2311782837,62242,62252,10
12.9288301468,80.2312698364,62252,62262,10
12.9295396805,80.2314224243,62262,62272,10
12.9303998947,80.231628418,62272,62282,10
12.9313802719,80.2319335938,62282,62292,10
12.9323396683,80.2322387695,62292,62302,10
12.933259964,80.2325668335,62302,62312,10
12.9336795807,80.2327728271,62312,62322,10
12.9336900711,80.2327804565,62322,62333,11
12.934129715,80.2330169678,62333,62343,10
12.9348602295,80.2333526611,62343,62353,10
12.9355802536,80.2336730957,62353,62363,10
12.9356899261,80.2337265015,62363,62373,10
12.9358797073,80.233833313,62373,62383,10
12.9362897873,80.2340393066,62383,62393,10
12.9370498657,80.2344207764,62393,62403,10
12.9381399155,80.2349624634,62403,62414,11
12.9396600723,80.2356796265,62414,62434,20
12.9396600723,80.2356796265,62434,62444,10
12.9400100708,80.2358169556,62444,62454,10
12.9406299591,80.236038208,62454,62464,10
12.9414596558,80.2362365723,62464,62474,10
12.9425001144,80.2365264893,62474,62484,10
12.943400383,80.2370986938,62484,62494,10
12.9441299438,80.2378768921,62494,62504,10
12.9449100494,80.2387313843,62504,62515,11
12.9458398819,80.239440918,62515,62525,10
12.9471597672,80.2399597168,62525,62545,20
12.9471597672,80.2399597168,62545,62555,10
12.947259903,80.2399902344,62555,62565,10
12.9472799301,80.2399978638,62565,62575,10
12.9476995468,80.2401809692,62575,62585,10
12.9482498169,80.2404022217,62585,62595,10
12.9485902786,80.2405166626,62595,62636,41
12.9485902786,80.2405166626,62636,62646,10
12.9489603043,80.2406997681,62646,62656,10
12.9493999481,80.2408905029,62656,62666,10
12.9500799179,80.2410812378,62666,62676,10
12.9509000778,80.2413330078,62676,62686,10
12.9510698318,80.2413787842,62686,62697,11
12.9514198303,80.2415008545,62697,62707,10
12.9519300461,80.2416610718,62707,62717,10
12.9526500702,80.2419433594,62717,62727,10
12.9534702301,80.2422790527,62727,62737,10
12.9542999268,80.2426223755,62737,62747,10
12.9548997879,80.2428436279,62747,62757,10
12.955789566,80.2432327271,62757,62767,10
12.9562797546,80.2434616089,62767,62777,10
12.9563398361,80.2434692383,62777,62788,11
12.9567499161,80.243637085,62788,62798,10
12.9575901031,80.243927002,62798,62808,10
12.9585199356,80.2442932129,62808,62818,10
12.9587602615,80.2444229126,62818,62828,10
12.9589700699,80.2445373535,62828,62838,10
12.9594802856,80.2447662354,62838,62848,10
12.960100174,80.2450485229,62848,62858,10
12.9610996246,80.2454910278,62858,62868,10
12.9620895386,80.2459793091,62868,62878,10
12.9633598328,80.2465667725,62878,62939,61
12.9633598328,80.2465667725,62939,62949,10
12.9635696411,80.2466888428,62949,62959,10
12.9638996124,80.2468414307,62959,62969,10
12.964630127,80.2471084595,62969,62980,11
12.9656400681,80.2474212646,62980,62990,10
12.9664201736,80.247756958,62990,63002,12
12.9665498734,80.247833252,63002,63012,10
12.9668798447,80.2480163574,63012,63022,10
12.9673595428,80.2482528687,63022,63032,10
12.968170166,80.2486114502,63032,63042,10
12.9691295624,80.2490234375,63042,63052,10
12.9701404572,80.2494277954,63052,63062,10
12.971159935,80.249786377,63062,63073,11
12.9723100662,80.2500915527,63073,63083,10
12.9733104706,80.2503433228,63083,63093,10
12.9742002487,80.2505722046,63093,63102,9
12.975230217,80.250831604,63102,63113,11
12.9763402939,80.2511367798,63113,63123,10
12.9772901535,80.2514724731,63123,63133,10
12.9780197144,80.2520217896,63133,63143,10
12.9784803391,80.2523574829,63143,63153,10
12.9785699844,80.2524032593,63153,63164,11
12.9789104462,80.2525405884,63164,63174,10
12.978969574,80.2525482178,63174,63184,10
12.9792995453,80.2526016235,63184,63194,10
12.9797296524,80.2526397705,63194,63204,10
12.9801902771,80.2526473999,63204,63214,10
12.9808301926,80.2526168823,63214,63224,10
12.981710434,80.2526016235,63224,63234,10
12.9827203751,80.2525634766,63234,63244,10
12.9835395813,80.252456665,63244,63255,11
12.9841499329,80.2522888184,63255,63457,202
12.9841499329,80.2522888184,63457,63467,10
12.9842596054,80.2522735596,63467,63477,10
12.9845695496,80.2521896362,63477,63487,10
12.9851198196,80.2520370483,63487,63497,10
12.9856700897,80.2518692017,63497,63507,10
12.986240387,80.2517318726,63507,63517,10
12.986749649,80.2516021729,63517,63528,11
12.9872198105,80.2514724731,63528,63538,10
12.9876899719,80.2513275146,63538,63548,10
12.9883899689,80.2511978149,63548,63558,10
12.9892396927,80.2509536743,63558,63568,10
12.9894304276,80.2509002686,63568,63578,10
12.9895200729,80.250869751,63578,63588,10
12.989859581,80.2508087158,63588,63598,10
12.9902000427,80.2507171631,63598,63608,10
12.9905395508,80.2506484985,63608,63619,11
12.9913301468,80.2504577637,63619,63629,10
12.9922599792,80.2502288818,63629,63639,10
12.9932498932,80.2499694824,63639,63649,10
12.9943199158,80.2497024536,63649,63659,10
12.9954099655,80.2494277954,63659,63669,10
12.9964199066,80.2491531372,63669,63679,10
12.9970903397,80.2489700317,63679,63689,10
12.9974098206,80.2489013672,63689,63699,10
12.9977502823,80.2488098145,63699,63709,10
12.9984798431,80.248626709,63709,63720,11
12.9995803833,80.2483596802,63720,63730,10
13.0006904602,80.2480773926,63730,63740,10
13.0017004013,80.2478408813,63740,63750,10
13.0024003983,80.2476730347,63750,63760,10
13.0033102036,80.2475128174,63760,63770,10
13.0043802261,80.2473526001,63770,63780,10
13.0053300858,80.2472076416,63780,63790,10
13.0060100555,80.2470016479,63790,63801,11
13.0063495636,80.2466888428,63801,63811,10
13.0063695908,80.2466430664,63811,63821,10
13.006529808,80.2462921143,63821,63831,10
13.0065603256,80.2457199097,63831,63841,10
13.0065698624,80.2454071045,63841,63851,10
13.0065498352,80.2451324463,63851,63861,10
13.0065498352,80.2450027466,63861,63871,10
13.0065498352,80.244720459,63871,63881,10
13.0065603256,80.2446517944,63881,63891,10
13.0065803528,80.2444076538,63891,63902,11
13.0065603256,80.2440185547,63902,63912,10
13.006529808,80.2437362671,63912,63922,10
13.0065002441,80.2432022095,63922,63932,10
13.0065002441,80.24243927,63932,63942,10
13.0065402985,80.2413024902,63942,63972,30
13.0065402985,80.2413024902,63972,63982,10
13.0066404343,80.2406005859,63982,63993,11
13.0067796707,80.2400894165,63993,64003,10
13.0069198608,80.2392196655,64003,64013,10
13.0070800781,80.2383880615,64013,64023,10
13.0072402954,80.237701416,64023,64033,10
13.0073795319,80.2370071411,64033,64053,20
13.0073795319,80.2368774414,64053,64073,20
13.0073795319,80.2368774414,64073,64084,11
13.0074996948,80.2364196777,64084,64094,10
13.0076503754,80.2358398438,64094,64104,10
13.0078201294,80.2350769043,64104,64114,10
13.0080003738,80.234161377,64114,64124,10
13.0081796646,80.2331466675,64124,64134,10
13.0083904266,80.2320709229,64134,64144,10
13.0086202621,80.231010437,64144,64154,10
13.0087604523,80.2299575806,64154,64165,11
13.0089998245,80.2287979126,64165,64175,10
13.0092496872,80.2279205322,64175,64185,10
13.0096597672,80.2270507813,64185,64195,10
13.0100698471,80.2261581421,64195,64205,10
13.0104198456,80.2256164551,64205,64215,10
13.0105304718,80.2253189087,64215,64225,10
13.0106601715,80.2249832153,64225,64235,10
13.0108299255,80.2246398926,64235,64245,10
13.0109596252,80.224281311,64245,64255,10
13.011179924,80.2238922119,64255,64266,11
13.0112800598,80.2234573364,64266,64276,10
13.0115203857,80.2229919434,64276,64286,10
13.0118198395,80.2220993042,64286,64296,10
13.0122299194,80.2214889526,64296,64306,10
13.0124998093,80.221786499,64306,64316,10
13.013010025,80.2223815918,64316,64326,10
13.0136404037,80.2231063843,64326,64336,10
13.0142002106,80.2237625122,64336,64346,10
13.0148200989,80.2244033813,64346,64356,10
13.0154304504,80.224899292,64356,64367,11
13.0155000687,80.2249832153,64367,64377,10
13.0156002045,80.2250976563,64377,64387,10
13.015999794,80.2253570557,64387,64397,10
13.0167703629,80.2252426147,64397,64407,10
13.0176200867,80.2248916626,64407,64417,10
13.0185699463,80.2245178223,64417,64427,10
13.0193500519,80.2243804932,64427,64437,10
13.0196895599,80.2245101929,64437,64447,10
13.0200996399,80.2248077393,64447,64458,11
13.0207195282,80.2252426147,64458,64468,10
13.0213098526,80.225692749,64468,64478,10
13.0219402313,80.2261199951,64478,64488,10
13.0220098495,80.2261810303,64488,64498,10
13.022190094,80.2263336182,64498,64508,10
13.022649765,80.2267837524,64508,64518,10
13.0231895447,80.2273025513,64518,64528,10
13.0236701965,80.2277374268,64528,64538,10
13.0241098404,80.2281799316,64538,64549,11
13.0243396759,80.2284393311,64549,64559,10
13.0243501663,80.2284622192,64559,64569,10
13.0244102478,80.2285385132,64569,64579,10
13.0246496201,80.2289505005,64579,64589,10
13.0249700546,80.2293930054,64589,64599,10
13.0253400803,80.229850769,64599,64609,10
13.0256595612,80.2302780151,64609,64619,10
13.0257997513,80.2305374146,64619,64629,10
13.0259399414,80.2308883667,64629,64680,51
13.0258903503,80.2311935425,64680,64700,20
13.0258903503,80.2311935425,64700,64710,10
13.025970459,80.2313766479,64710,64720,10
13.0264501572,80.231262207,64720,64731,11
13.0272703171,80.231048584,64731,64741,10
13.0279102325,80.2309570313,64741,64751,10
13.0284204483,80.2309036255,64751,64761,10
13.0285797119,80.2308807373,64761,64771,10
13.0289497375,80.2308425903,64771,64801,30
13.0289497375,80.2308425903,64801,64811,10
13.0292196274,80.2308120728,64811,64822,11
13.0294303894,80.2307815552,64822,64832,10
13.0302400589,80.2307128906,64832,64862,30
13.0302400589,80.2307128906,64862,64872,10
13.0305700302,80.2306900024,64872,64882,10
13.0309801102,80.2306594849,64882,64892,10
13.0315103531,80.2306213379,64892,64902,10
13.0318698883,80.2305908203,64902,64913,11
13.0321397781,80.2305679321,64913,64923,10
13.0331201553,80.2304763794,64923,64993,70
13.0331201553,80.2304763794,64993,65003,10
13.0335102081,80.2304763794,65003,65014,11
13.0338697433,80.2304000854,65014,65024,10
13.034239769,80.2303466797,65024,65034,10
13.0344800949,80.2302932739,65034,65094,60
13.0344800949,80.2302932739,65094,65105,11
13.0348901749,80.2300872803,65105,65175,70
13.0348901749,80.2300872803,65175,65185,10
13.0345697403,80.2298965454,65185,65560,375
13.0342102051,80.2300262451,65560,66500,940
13.0340900421,80.2303771973,66500,66591,91
13.0340900421,80.2303771973,66591,66601,10
13.0340299606,80.2304992676,66601,66611,10
13.0338201523,80.2304229736,66611,66621,10
13.0335903168,80.2304229736,66621,66631,10
13.0331602097,80.2304611206,66631,66641,10
13.032500267,80.2305603027,66641,66652,11
13.0318403244,80.2306671143,66652,66662,10
13.0312595367,80.2306976318,66662,66712,50
13.0312595367,80.2306976318,66712,66722,10
13.031080246,80.2306518555,66722,66732,10
13.0307798386,80.2306594849,66732,66743,11
13.0303001404,80.23072052,66743,66753,10
13.0299100876,80.2307434082,66753,66763,10
13.02987957,80.230758667,66763,66773,10
13.0295696259,80.2308425903,66773,66783,10
13.0292301178,80.2308807373,66783,66793,10
13.0287303925,80.2309265137,66793,66803,10
13.0281400681,80.2309570313,66803,66813,10
13.0276699066,80.2310714722,66813,66823,10
13.0277204514,80.231590271,66823,66833,10
13.0277996063,80.2322235107,66833,66844,11
13.0277795792,80.2327804565,66844,66854,10
13.0273895264,80.2328491211,66854,66864,10
13.026889801,80.2329101563,66864,66935,71
13.026889801,80.2329101563,66935,66945,10
13.0264196396,80.232963562,66945,66955,10
13.0263004303,80.2329025269,66955,66965,10
13.0262098312,80.2326202393,66965,66975,10
13.026140213,80.2323226929,66975,66985,10
13.0260896683,80.232093811,66985,66995,10
13.0260601044,80.2318496704,66995,67005,10
13.0259304047,80.2314910889,67005,67015,10
13.0257701874,80.2308578491,67015,67026,11
13.0254802704,80.2302932739,67026,67036,10
13.0253400803,80.2300567627,67036,67046,10
13.0252399445,80.2298965454,67046,67056,10
13.0251703262,80.2297973633,67056,67066,10
13.0250301361,80.2295532227,67066,67076,10
13.024889946,80.2293930054,67076,67106,30
13.024889946,80.2293930054,67106,67117,11
13.0247297287,80.2291564941,67117,67127,10
13.0244903564,80.2288589478,67127,67137,10
13.0240097046,80.2282409668,67137,67157,20
13.0240097046,80.2282409668,67157,67167,10
13.0239200592,80.2280807495,67167,67177,10
13.0237398148,80.2278671265,67177,67187,10
13.0234203339,80.2275619507,67187,67197,10
13.0233001709,80.2274475098,67197,67208,11
13.0231103897,80.2273025513,67208,67218,10
13.0228204727,80.2270202637,67218,67228,10
13.0225801468,80.2267990112,67228,67238,10
13.0222997665,80.2265396118,67238,67278,40
13.0222997665,80.2265396118,67278,67288,10
13.0220403671,80.2263183594,67288,67299,11
13.0218296051,80.2261428833,67299,67309,10
13.0215396881,80.2259292603,67309,67319,10
13.0210399628,80.2254867554,67319,67339,20
13.0210399628,80.2254867554,67339,67349,10
13.0208101273,80.2253189087,67349,67359,10
13.0205097198,80.2251205444,67359,67369,10
13.0201997757,80.2249298096,67369,67379,10
13.0198402405,80.2246780396,67379,67390,11
13.0195398331,80.2245178223,67390,67400,10
13.0194702148,80.2245025635,67400,67410,10
13.0191497803,80.2244415283,67410,67440,30
13.0191497803,80.2244415283,67440,67450,10
13.0188598633,80.2244567871,67450,67460,10
13.0185804367,80.2245407104,67460,67470,10
13.0183801651,80.2246170044,67470,67481,11
13.0181798935,80.2247009277,67481,67491,10
13.0180902481,80.2247390747,67491,67501,10
13.0178804398,80.224822998,67501,67511,10
13.0178203583,80.2248382568,67511,67521,10
13.0176095963,80.2249298096,67521,67531,10
13.0174198151,80.2250137329,67531,67541,10
13.0172796249,80.2250671387,67541,67551,10
13.0171203613,80.2251281738,67551,67561,10
13.0169801712,80.225189209,67561,67571,10
13.0168895721,80.2252120972,67571,67582,11
13.0167303085,80.2252578735,67582,67592,10
13.0165700912,80.2253265381,67592,67602,10
13.0163803101,80.2253875732,67602,67612,10
13.0160703659,80.2255020142,67612,67622,10
13.0154895782,80.225692749,67622,67632,10
13.0149497986,80.2259216309,67632,67642,10
13.0144395828,80.2261123657,67642,67683,41
13.0144395828,80.2261123657,67683,67693,10
13.0142498016,80.2261962891,67693,67703,10
13.0138597488,80.2263565063,67703,67713,10
13.0132904053,80.2265701294,67713,67723,10
13.0127096176,80.2267990112,67723,67733,10
13.0120897293,80.2270431519,67733,67743,10
13.0114097595,80.2273101807,67743,67753,10
13.0106697083,80.2276229858,67753,67764,11
13.0099201202,80.2279205322,67764,67774,10
13.0092601776,80.2282867432,67774,67784,10
13.009059906,80.2289886475,67784,67794,10
13.008939743,80.229637146,67794,67804,10
13.0088100433,80.2303466797,67804,67814,10
13.0087003708,80.2310180664,67814,67824,10
13.0085802078,80.2316589355,67824,67834,10
13.0084600449,80.2323226929,67834,67844,10
13.0082998276,80.2331924438,67844,67875,31
13.0082998276,80.2331924438,67875,67885,10
13.0082302094,80.2334899902,67885,67895,10
13.0081501007,80.2337265015,67895,67905,10
13.0080699921,80.23412323,67905,67915,10
13.0079698563,80.2345809937,67915,67925,10
13.0079402924,80.2347793579,67925,67935,10
13.0078897476,80.2350387573,67935,67946,11
13.0077800751,80.2356491089,67946,67956,10
13.0076398849,80.2363815308,67956,67966,10
13.0075597763,80.2368164063,67966,67976,10
13.0074596405,80.2373199463,67976,67986,10
13.0073404312,80.237953186,67986,67996,10
13.0072002411,80.2387390137,67996,68006,10
13.0070199966,80.2395782471,68006,68016,10
13.0069303513,80.2400665283,68016,68208,192
13.0069303513,80.2400665283,68208,68218,10
13.0068902969,80.2403411865,68218,68229,11
13.0068597794,80.2406921387,68229,68239,10
13.0068302155,80.2407684326,68239,68249,10
13.006770134,80.2410964966,68249,68259,10
13.0067396164,80.241859436,68259,68269,10
13.0067300797,80.2426681519,68269,68279,10
13.0067100525,80.2433395386,68279,68289,10
13.0066900253,80.2440490723,68289,68299,10
13.0066795349,80.2448120117,68299,68309,10
13.0066900253,80.2453613281,68309,68320,11
13.0067300797,80.2463378906,68320,68360,40
13.0067300797,80.2463378906,68360,68370,10
13.0067300797,80.2468490601,68370,68380,10
13.0067396164,80.2472229004,68380,68390,10
13.0065202713,80.2473983765,68390,68400,10
13.0064296722,80.2473907471,68400,68411,11
13.0063400269,80.2473678589,68411,68421,10
13.0059995651,80.2473678589,68421,68441,20
13.0059995651,80.2473678589,68441,68451,10
13.0058097839,80.2473220825,68451,68461,10
13.0053300858,80.2472763062,68461,68471,10
13.0045795441,80.2473068237,68471,68481,10
13.0037202835,80.247428894,68481,68491,10
13.0029201508,80.2475509644,68491,68502,11
13.0022096634,80.2477111816,68502,68512,10
13.0014295578,80.2479095459,68512,68522,10
13.0005302429,80.2481384277,68522,68532,10
12.9996099472,80.2483673096,68532,68542,10
12.9986896515,80.2486190796,68542,68552,10
12.9980897903,80.2488021851,68552,68562,10
12.9980201721,80.2488021851,68562,68572,10
12.9976100922,80.248878479,68572,68583,11
12.9968500137,80.2490234375,68583,68593,10
12.9957799911,80.2492599487,68593,68603,10
12.9947299957,80.2495193481,68603,68613,10
12.993689537,80.2498397827,68613,68623,10
12.9926395416,80.2501220703,68623,68633,10
12.9917097092,80.2503585815,68633,68643,10
12.9908895493,80.2506027222,68643,68704,61
12.9908895493,80.2506027222,68704,68714,10
12.9905500412,80.2506637573,68714,68724,10
12.990070343,80.2507705688,68724,68734,10
12.9895000458,80.2509002686,68734,68744,10
12.9891004562,80.2509918213,68744,68754,10
12.9888000488,80.2510528564,68754,68764,10
12.9883804321,80.251159668,68764,68775,11
12.9877996445,80.2513122559,68775,68785,10
12.9872903824,80.251449585,68785,68795,10
12.9869403839,80.2515487671,68795,68805,10
12.9863796234,80.2517089844,68805,68815,10
12.9856996536,80.2518920898,68815,68825,10
12.9848203659,80.2521209717,68825,68835,10
12.9838600159,80.2523727417,68835,68845,10
12.9828996658,80.2525634766,68845,68855,10
12.982000351,80.2526168823,68855,68865,10
12.981180191,80.2526397705,68865,68876,11
12.9806900024,80.2526779175,68876,68886,10
12.9806804657,80.2526779175,68886,68896,10
12.9805002213,80.2526931763,68896,68906,10
12.9803304672,80.2527084351,68906,68916,10
12.9801101685,80.2527008057,68916,68926,10
12.9798603058,80.2526626587,68926,68936,10
12.9792804718,80.2526016235,68936,68946,10
12.9786500931,80.2525405884,68946,68956,10
12.9785499573,80.2525024414,68956,68967,11
12.9783802032,80.2524108887,68967,68977,10
12.9778900146,80.2519989014,68977,68987,10
12.9771499634,80.251411438,68987,68997,10
12.9760799408,80.2510375977,68997,69007,10
12.9750204086,80.2507324219,69007,69017,10
12.9739303589,80.2504196167,69017,69027,10
12.9729795456,80.2501678467,69027,69037,10
12.9719800949,80.2499008179,69037,69047,10
12.9709596634,80.2496414185,69047,69058,11
12.969909668,80.2492904663,69058,69068,10
12.9689302444,80.2488937378,69068,69078,10
12.9679002762,80.2484817505,69078,69088,10
12.9672603607,80.2482528687,69088,69098,10
12.9669904709,80.2481307983,69098,69108,10
12.9668397903,80.2480621338,69108,69118,10
12.9665403366,80.2478790283,69118,69128,10
12.9660100937,80.2476425171,69128,69138,10
12.9651203156,80.2473297119,69138,69169,31
12.9651203156,80.2473297119,69169,69179,10
12.9647502899,80.2471923828,69179,69189,10
12.9642696381,80.2470169067,69189,69199,10
12.9638500214,80.2468566895,69199,69209,10
12.963470459,80.246711731,69209,69219,10
12.9628295898,80.2463607788,69219,69229,10
12.9619197845,80.2459106445,69229,69240,11
12.9608402252,80.2453918457,69240,69250,10
12.9594802856,80.2448196411,69250,69280,30
12.9594802856,80.2448196411,69280,69290,10
12.959280014,80.2446975708,69290,69300,10
12.9589500427,80.2445373535,69300,69310,10
12.9583702087,80.2443008423,69310,69320,10
12.957690239,80.2440185547,69320,69331,11
12.9568796158,80.2437362671,69331,69341,10
12.956489563,80.2436599731,69341,69361,20
12.956489563,80.2436599731,69361,69371,10
12.956199646,80.2435379028,69371,69381,10
12.9556398392,80.2432632446,69381,69391,10
12.954870224,80.2428817749,69391,69401,10
12.954079628,80.2425613403,69401,69411,10
12.9534702301,80.2423019409,69411,69422,11
12.9525403976,80.2419204712,69422,69432,10
12.9516601563,80.241607666,69432,69452,20
12.9516601563,80.241607666,69452,69462,10
12.9515600204,80.241569519,69462,69472,10
12.9510602951,80.2414016724,69472,69482,10
12.9503002167,80.2411422729,69482,69492,10
12.9494695663,80.2409133911,69492,69502,10
12.9491195679,80.2408065796,69502,69523,21
12.9491195679,80.2408065796,69523,69533,10
12.9489603043,80.240737915,69533,69543,10
12.9483995438,80.2405014038,69543,69553,10
12.9476003647,80.2401733398,69553,69563,10
12.9470701218,80.2399597168,69563,69573,10
12.9470596313,80.2399597168,69573,69583,10
12.9470300674,80.2399520874,69583,69593,10
12.9466295242,80.2397689819,69593,69603,10
12.9459600449,80.2394714355,69603,69614,11
12.9450397491,80.238899231,69614,69624,10
12.9442501068,80.2380599976,69624,69634,10
12.9434099197,80.2371368408,69634,69644,10
12.942440033,80.2364425659,69644,69654,10
12.9412899017,80.2361373901,69654,69664,10
12.9402999878,80.2358932495,69664,69674,10
12.9397497177,80.2357177734,69674,69694,20
12.9397497177,80.2357177734,69694,69705,11
12.9395399094,80.2356262207,69705,69715,10
12.9389696121,80.2353591919,69715,69725,10
12.9381599426,80.2349624634,69725,69735,10
12.937210083,80.2344894409,69735,69745,10
12.9363002777,80.2340393066,69745,69755,10
12.9355602264,80.2336807251,69755,69765,10
12.934709549,80.2332992554,69765,69775,10
12.9338102341,80.2329101563,69775,69796,21
12.9338102341,80.2329101563,69796,69806,10
12.9336700439,80.2328262329,69806,69816,10
12.933259964,80.2326583862,69816,69826,10
12.9324903488,80.2323532104,69826,69836,10
12.9314699173,80.2320098877,69836,69846,10
12.9303998947,80.2316818237,69846,69856,10
12.9293403625,80.2314224243,69856,69866,10
12.9284696579,80.2312469482,69866,69876,10
12.9274997711,80.2311172485,69876,69887,11
12.92648983,80.2309875488,69887,69897,10
12.9259996414,80.2309417725,69897,69917,20
12.9259996414,80.2309417725,69917,69927,10
12.9256095886,80.2308807373,69927,69937,10
12.924949646,80.230758667,69937,69947,10
12.9240598679,80.2306594849,69947,69957,10
12.9230499268,80.2305221558,69957,69967,10
12.9219999313,80.2303466797,69967,69978,11
12.9208202362,80.2302017212,69978,69988,10
12.9197397232,80.2300567627,69988,69998,10
12.9187202454,80.2299423218,69998,70008,10
12.9176702499,80.2297973633,70008,70018,10
12.9166402817,80.2296600342,70018,70028,10
12.9156198502,80.2295227051,70028,70038,10
12.9146003723,80.2293930054,70038,70048,10
12.913860321,80.2292785645,70048,70058,10
12.9132995605,80.2292480469,70058,70069,11
12.9132795334,80.2292480469,70069,70079,10
12.9132003784,80.2292098999,70079,70089,10
12.9126596451,80.229133606,70089,70099,10
12.9118795395,80.2289962769,70099,70109,10
12.9109296799,80.2288665771,70109,70119,10
12.9099197388,80.2287216187,70119,70129,10
12.9089202881,80.2285614014,70129,70139,10
12.9080600739,80.2284164429,70139,70149,10
12.9074401855,80.2283706665,70149,70353,204
12.9074401855,80.2283706665,70353,70363,10
12.9070301056,80.2282791138,70363,70373,10
12.9067201614,80.2282562256,70373,70383,10
12.9063596725,80.2282104492,70383,70393,10
12.9061899185,80.2282028198,70393,70403,10
12.9057302475,80.2281723022,70403,70413,10
12.9049196243,80.2281265259,70413,70423,10
12.9040603638,80.2280807495,70423,70434,11
12.9032001495,80.2280502319,70434,70444,10
12.9024896622,80.2280273438,70444,70454,10
12.902130127,80.2280426025,70454,70494,40
12.9018802643,80.228012085,70494,70514,20
12.9018802643,80.228012085,70514,70524,10
12.9016199112,80.2279815674,70524,70535,11
12.9011898041,80.2279586792,70535,70545,10
12.9008398056,80.2279205322,70545,70555,10
12.9004898071,80.2278823853,70555,70565,10
12.8999996185,80.2278594971,70565,70575,10
12.8993997574,80.2278289795,70575,70605,30
12.8993997574,80.2278289795,70605,70615,10
12.8991804123,80.2277984619,70615,70626,11
12.8986701965,80.2278213501,70626,70636,10
12.8980398178,80.2277526855,70636,70646,10
12.8972597122,80.2276992798,70646,70656,10
12.8963298798,80.2276611328,70656,70666,10
12.8954401016,80.2276077271,70666,70676,10
12.894659996,80.2275924683,70676,70686,10
12.8938398361,80.2275314331,70686,70696,10
12.8932199478,80.2274780273,70696,70706,10
12.892539978,80.2273864746,70706,70777,71
12.892539978,80.2273864746,70777,70787,10
12.8923797607,80.2273864746,70787,70797,10
12.8917798996,80.2273483276,70797,70808,11
12.8907403946,80.2273406982,70808,70818,10
12.8896198273,80.2273406982,70818,70828,10
12.8885002136,80.2273330688,70828,70838,10
12.8873596191,80.2272186279,70838,70848,10
12.8862304688,80.2269821167,70848,70858,10
12.8852500916,80.2267532349,70858,70868,10
12.8848896027,80.2266998291,70868,70878,10
12.8848600388,80.2266998291,70878,70888,10
12.8846902847,80.2266921997,70888,70899,11
12.8839902878,80.2266769409,70899,70909,10
12.8830299377,80.2266769409,70909,70919,10
12.8818798065,80.2266998291,70919,70929,10
12.8806495667,80.2266921997,70929,70939,10
12.879360199,80.2266998291,70939,70949,10
12.8780498505,80.2267837524,70949,70959,10
12.8770198822,80.2268981934,70959,70969,10
12.876449585,80.2269363403,70969,70979,10
12.8763599396,80.2269592285,70979,70989,10
12.8761396408,80.2269592285,70989,71000,11
12.8753900528,80.2269287109,71000,71010,10
12.8743600845,80.2268066406,71010,71020,10
12.8732404709,80.2266921997,71020,71030,10
12.8726902008,80.2266921997,71030,71040,10
12.8725700378,80.2266921997,71040,71050,10
12.8721704483,80.2266693115,71050,71060,10
12.8713703156,80.2266387939,71060,71070,10
12.8703298569,80.2265625,71070,71080,10
12.8691396713,80.2264099121,71080,71091,11
12.8677597046,80.2263717651,71091,71101,10
12.8665599823,80.2265090942,71101,71111,10
12.8653497696,80.2265777588,71111,71121,10
12.864159584,80.2265472412,71121,71131,10
12.862859726,80.2265167236,71131,71141,10
12.8617296219,80.2265777588,71141,71151,10
12.861000061,80.2265930176,71151,71161,10
12.8608598709,80.2265777588,71161,71171,10
12.8602600098,80.2265014648,71171,71182,11
12.8593301773,80.2263565063,71182,71192,10
12.8585300446,80.2262573242,71192,71202,10
12.8574495316,80.2262420654,71202,71212,10
12.8562097549,80.2263717651,71212,71222,10
12.8548297882,80.2265319824,71222,71232,10
12.8534002304,80.2266769409,71232,71242,10
12.8520097733,80.2266693115,71242,71252,10
12.8508796692,80.2266235352,71252,71262,10
12.850399971,80.2266082764,71262,71273,11
12.8500900269,80.226600647,71273,71283,10
12.8493204117,80.2265777588,71283,71293,10
12.8482198715,80.2265701294,71293,71303,10
12.8470201492,80.2265777588,71303,71313,10
12.8459396362,80.2265930176,71313,71323,10
12.8453197479,80.226600647,71323,71343,20
12.8453197479,80.226600647,71343,71353,10
12.8450098038,80.226600647,71353,71364,11
12.8442697525,80.2266311646,71364,71374,10
12.8432798386,80.2267608643,71374,71384,10
12.8422899246,80.2269363403,71384,71394,10
12.8412704468,80.2272109985,71394,71404,10
12.8403596878,80.2274627686,71404,71414,10
12.8397197723,80.2276306152,71414,71424,10
12.8394002914,80.227722168,71424,71434,10
12.8387403488,80.2279129028,71434,71444,10
12.8378000259,80.2281417847,71444,71455,11
12.8366003036,80.2283477783,71455,71465,10
12.8354597092,80.2285308838,71465,71475,10
12.8342695236,80.2287063599,71475,71485,10
12.8331203461,80.2289199829,71485,71495,10
12.8321800232,80.2291183472,71495,71515,20
12.8321800232,80.2291183472,71515,71525,10
12.8320598602,80.2291412354,71525,71535,10
12.8316402435,80.2292404175,71535,71546,11
12.8309202194,80.2294235229,71546,71556,10
12.8300895691,80.2297515869,71556,71566,10
12.8292598724,80.2300720215,71566,71576,10
12.828379631,80.2305221558,71576,71586,10
12.8275098801,80.2310180664,71586,71596,10
12.8267402649,80.2312927246,71596,71606,10
12.8260002136,80.2314071655,71606,71616,10
12.8258304596,80.2314224243,71616,71626,10
12.8255500793,80.2314224243,71626,71637,11
12.8248901367,80.2313995361,71637,71647,10
12.8241100311,80.2312088013,71647,71657,10
12.823220253,80.2309417725,71657,71667,10
12.8222999573,80.2306518555,71667,71677,10
12.821390152,80.2304382324,71677,71687,10
12.8204402924,80.2304229736,71687,71697,10
12.8195295334,80.2304763794,71697,71707,10
12.818860054,80.23046875,71707,71717,10
12.8188295364,80.2304534912,71717,71728,11
12.8184604645,80.2302703857,71728,71738,10
12.8178396225,80.2299804688,71738,71748,10
12.8170499802,80.229637146,71748,71758,10
12.8160200119,80.2294235229,71758,71768,10
12.8148403168,80.2292404175,71768,71778,10
12.8136196136,80.2289581299,71778,71788,10
12.8125400543,80.2285995483,71788,71798,10
12.8115797043,80.2282562256,71798,71808,10
12.8106098175,80.227897644,71808,71819,11
12.8095397949,80.2274398804,71819,71829,10
12.8086795807,80.226852417,71829,71839,10
12.807849884,80.2261734009,71839,71849,10
12.8070898056,80.2255172729,71849,71859,10
12.8063697815,80.2248687744,71859,71869,10
12.8056297302,80.2242279053,71869,71879,10
12.8049602509,80.2239837646,71879,71889,10
12.8048400879,80.2239532471,71889,71899,10
12.8047399521,80.2239379883,71899,71909,10
12.8042001724,80.2238769531,71909,71920,11
12.8034095764,80.2238311768,71920,71930,10
12.8026199341,80.2237319946,71930,71940,10
12.8016395569,80.2236175537,71940,71950,10
12.800909996,80.2235794067,71950,71960,10
12.8008403778,80.2235794067,71960,71970,10
12.8004302979,80.2235336304,71970,71980,10
12.7996902466,80.2234573364,71980,71990,10
12.7987298965,80.2233581543,71990,72000,10
12.7974500656,80.2232208252,72000,72011,11
12.7964000702,80.2230300903,72011,72021,10
12.7957401276,80.22290802,72021,72041,20
12.7957401276,80.22290802,72041,72051,10
12.795419693,80.2228164673,72051,72061,10
12.7946996689,80.2226791382,72061,72071,10
12.7937002182,80.2225418091,72071,72081,10
12.7925796509,80.2223587036,72081,72091,10
12.7914800644,80.2220993042,72091,72102,11
12.7903604507,80.2218170166,72102,72112,10
12.7895402908,80.2215805054,72112,72122,10
12.788769722,80.2212982178,72122,72132,10
12.7880096436,80.2210083008,72132,72142,10
12.7873401642,80.2207565308,72142,72152,10
12.7868003845,80.2205505371,72152,72203,51
12.7868003845,80.2205505371,72203,72213,10
12.7862300873,80.2203292847,72213,72243,30
12.7862300873,80.2203292847,72243,72253,10
12.7861003876,80.2202682495,72253,72263,10
12.7856397629,80.2200698853,72263,72273,10
12.785369873,80.2199478149,72273,72284,11
12.7845897675,80.2195663452,72284,72334,50
12.7843904495,80.2194595337,72334,72354,20
12.7843904495,80.2194595337,72354,72364,10
12.7841796875,80.2193527222,72364,72375,11
12.7835302353,80.2189788818,72375,72385,10
12.7828197479,80.2185821533,72385,72395,10
12.7819795609,80.2181015015,72395,72405,10
12.7811403275,80.2176513672,72405,72415,10
12.7803497314,80.2172164917,72415,72425,10
12.7795801163,80.2168121338,72425,72435,10
12.7787704468,80.2163696289,72435,72445,10
12.7779397964,80.2159500122,72445,72455,10
12.7771100998,80.2156066895,72455,72466,11
12.7761697769,80.2152175903,72466,72476,10
12.7753601074,80.2148895264,72476,72486,10
12.774600029,80.2145690918,72486,72496,10
12.7737598419,80.2142333984,72496,72506,10
12.7729301453,80.2139129639,72506,72516,10
12.7721204758,80.2136001587,72516,72526,10
12.7712697983,80.2133026123,72526,72536,10
12.7707395554,80.2131118774,72536,72546,10
12.7707901001,80.2128295898,72546,72556,10
12.770819664,80.2127685547,72556,72567,11
12.7708997726,80.2125473022,72567,72577,10
12.7709999084,80.212097168,72577,72587,10
12.7711601257,80.2114562988,72587,72597,10
12.771490097,80.2107925415,72597,72607,10
12.7718400955,80.2101593018,72607,72617,10
12.7721700668,80.2094192505,72617,72627,10
12.7724399567,80.2085494995,72627,72637,10
12.7725896835,80.2079772949,72637,72647,10
12.7726297379,80.207862854,72647,72658,11
12.7727403641,80.2075500488,72658,72668,10
12.7728796005,80.2069702148,72668,72678,10
12.7730798721,80.2063064575,72678,72688,10
12.7731103897,80.206199646,72688,72698,10
12.7732400894,80.2056808472,72698,72708,10
12.7733898163,80.2049179077,72708,72718,10
12.7735004425,80.2041320801,72718,72728,10
12.7737503052,80.2027587891,72728,72738,10
12.7738599777,80.2015380859,72738,72749,11
12.773900032,80.2009963989,72749,72759,10
12.7739400864,80.2006225586,72759,72769,10
12.7740001678,80.1998596191,72769,72779,10
12.7740802765,80.1989593506,72779,72789,10
12.7741603851,80.1979980469,72789,72799,10
12.7741603851,80.1974563599,72799,72809,10
12.7742004395,80.1968765259,72809,72819,10
12.7742004395,80.1968231201,72819,72829,10
12.7742204666,80.1963195801,72829,72840,11
12.7742795944,80.1954193115,72840,72850,10
12.7745599747,80.1940765381,72850,72870,20
12.7745599747,80.1940765381,72870,72880,10
12.7745599747,80.1939926147,72880,72890,10
12.7746896744,80.1936035156,72890,72900,10
12.7747001648,80.193572998,72900,72910,10
12.7748203278,80.1931381226,72910,72920,10
12.7752799988,80.192527771,72920,72931,11
12.7753200531,80.19190979,72931,72941,10
12.7752199173,80.1913299561,72941,72952,11
12.7751703262,80.1911773682,72952,72961,9
12.7749300003,80.1906967163,72961,72972,11
12.7742900848,80.1900024414,72972,72982,10
12.7734298706,80.1894378662,72982,72992,10
12.7723703384,80.1890106201,72992,73002,10
12.771320343,80.1886367798,73002,73012,10
12.7709999084,80.1878433228,73012,73023,11
12.7708997726,80.186882019,73023,73033,10
12.7708396912,80.1865692139,73033,73043,10
12.7707700729,80.1860809326,73043,73053,10
12.7707595825,80.1853408813,73053,73063,10
12.7705698013,80.1846389771,73063,73073,10
12.7700300217,80.1845092773,73073,73083,10
12.7694702148,80.1843338013,73083,73093,10
12.769109726,80.1841506958,73093,73103,10
12.7690401077,80.18409729,73103,73114,11
12.7687797546,80.183883667,73114,73124,10
12.7684898376,80.1836090088,73124,73134,10
12.7682199478,80.1834182739,73134,73143,9
12.7677602768,80.1832580566,73143,73154,11
12.7672395706,80.1830825806,73154,73164,10
12.7667999268,80.1828918457,73164,73174,10
12.766289711,80.1827011108,73174,73184,10
12.7658395767,80.1826324463,73184,73194,10
12.7653398514,80.1825714111,73194,73204,10
12.7647199631,80.1825027466,73204,73215,11
12.7642002106,80.1824264526,73215,73225,10
12.7637195587,80.1823425293,73225,73235,10
12.7634496689,80.1826324463,73235,73245,10
12.7632904053,80.1831893921,73245,73255,10
12.7631797791,80.1835632324,73255,73265,10
12.7631196976,80.1837234497,73265,73275,10
12.7630300522,80.1840286255,73275,73285,10
12.7630596161,80.1842803955,73285,73295,10
12.7630596161,80.1845092773,73295,73306,11
12.7630300522,80.1847686768,73306,73316,10
12.7628698349,80.1849975586,73316,73326,10
12.7625799179,80.184928894,73326,73336,10
12.7621297836,80.184928894,73336,73346,10
12.7616796494,80.1848907471,73346,73356,10
12.7612800598,80.1848220825,73356,73386,30
12.7612800598,80.1848220825,73386,73397,11
12.7614202499,80.1848602295,73397,73986,589
12.7614202499,80.1848602295,73986,73996,10
12.7615499496,80.1848602295,73996,74006,10
12.7618598938,80.1849212646,74006,74016,10
12.7622203827,80.1849365234,74016,74026,10
12.7625102997,80.1849365234,74026,74036,10
12.7627696991,80.184967041,74036,74047,11
12.7630300522,80.1848220825,74047,74057,10
12.7630796432,80.1845703125,74057,74067,10
12.7630701065,80.184387207,74067,74077,10
12.7630395889,80.1841964722,74077,74087,10
12.7630300522,80.1840286255,74087,74097,10
12.7630596161,80.1838912964,74097,74107,10
12.7631196976,80.1837081909,74107,74117,10
12.7631998062,80.1835021973,74117,74127,10
12.7632799149,80.1831665039,74127,74138,11
12.7633695602,80.1828613281,74138,74148,10
12.7634401321,80.1826095581,74148,74158,10
12.7636404037,80.1823806763,74158,74168,10
12.7639799118,80.1824188232,74168,74178,10
12.7643699646,80.1824569702,74178,74188,10
12.764749527,80.182510376,74188,74198,10
12.7651100159,80.1825485229,74198,74208,10
12.7655096054,80.1825866699,74208,74218,10
12.7658700943,80.1826324463,74218,74229,11
12.7661800385,80.1826782227,74229,74239,10
12.7666196823,80.182800293,74239,74249,10
12.767080307,80.1829986572,74249,74259,10
12.7675104141,80.1831665039,74259,74269,10
12.7678403854,80.1832885742,74269,74279,10
12.768289566,80.1834487915,74279,74289,10
12.7685899734,80.1836700439,74289,74299,10
12.7688102722,80.1838912964,74299,74310,11
12.7690601349,80.1841201782,74310,74320,10
12.769370079,80.1842803955,74320,74330,10
12.7697200775,80.1844329834,74330,74339,9
12.770070076,80.1845397949,74339,74350,11
12.7705202103,80.1846618652,74350,74360,10
12.7707300186,80.1847686768,74360,74370,10
12.7707996368,80.1851425171,74370,74379,9
12.770819664,80.185798645,74379,74390,11
12.7708797455,80.1864471436,74390,74401,11
12.7709999084,80.1873168945,74401,74411,10
12.7710895538,80.1881408691,74411,74421,10
12.7714595795,80.1887664795,74421,74431,10
12.7723197937,80.1890792847,74431,74441,10
12.7732896805,80.1894989014,74441,74451,10
12.7742395401,80.1899795532,74451,74461,10
12.7749099731,80.1907196045,74461,74471,10
12.7752799988,80.1914672852,74471,74481,10
12.7754001617,80.1921920776,74481,74491,10
12.7753601074,80.1925964355,74491,74502,11
12.774889946,80.1931915283,74502,74512,10
12.774720192,80.1937179565,74512,74522,10
12.7745895386,80.194190979,74522,74532,10
12.774479866,80.1947097778,74532,74542,10
12.7742900848,80.1955871582,74542,74552,10
12.7742300034,80.1966781616,74552,74562,10
12.7741804123,80.1975784302,74562,74572,10
12.774140358,80.1985778809,74572,74582,10
12.774020195,80.1997528076,74582,74593,11
12.773900032,80.2010498047,74593,74603,10
12.7738103867,80.2021179199,74603,74613,10
12.7736597061,80.2032165527,74613,74623,10
12.7734804153,80.2043075562,74623,74633,10
12.7733402252,80.2053604126,74633,74643,10
12.7731599808,80.2061233521,74643,74653,10
12.7728996277,80.2069625854,74653,74663,10
12.772769928,80.2075500488,74663,74673,10
12.7725496292,80.2083129883,74673,74684,11
12.7722301483,80.2094192505,74684,74694,10
12.7718200684,80.2103500366,74694,74704,10
12.7717504501,80.2104797363,74704,74714,10
12.7716197968,80.2107009888,74714,74724,10
12.7713499069,80.2112579346,74724,74734,10
12.7710599899,80.2119827271,74734,74744,10
12.7709102631,80.2127304077,74744,74754,10
12.7709302902,80.213180542,74754,74764,10
12.7711601257,80.213218689,74764,74775,11
12.7717599869,80.213432312,74775,74785,10
12.7726402283,80.2137374878,74785,74795,10
12.7735700607,80.2141418457,74795,74805,10
12.7746601105,80.2145690918,74805,74815,10
12.7758398056,80.2150497437,74815,74825,10
12.7770395279,80.2155380249,74825,74835,10
12.7782402039,80.2160415649,74835,74845,10
12.7793397903,80.2165985107,74845,74855,10
12.7803401947,80.2171401978,74855,74866,11
12.7816400528,80.2178421021,74866,74876,10
12.782790184,80.2184829712,74876,74886,10
12.7837400436,80.21900177,74886,74896,10
12.7845602036,80.2194824219,74896,74906,10
12.7853298187,80.2198867798,74906,74916,10
12.7860097885,80.2202224731,74916,74926,10
12.7866401672,80.220451355,74926,74946,20
12.7866401672,80.220451355,74946,74957,11
12.7868995667,80.2205734253,74957,74967,10
12.7871904373,80.2206802368,74967,74977,10
12.7877197266,80.2208709717,74977,74987,10
12.7883901596,80.2211227417,74987,74997,10
12.7892198563,80.2214279175,74997,75007,10
12.7898597717,80.2216567993,75007,75017,10
12.7906904221,80.2218704224,75017,75027,10
12.7917499542,80.2221298218,75027,75037,10
12.792889595,80.2223815918,75037,75048,11
12.7942399979,80.2225875854,75048,75058,10
12.7954397202,80.2227783203,75058,75068,10
12.796380043,80.2229309082,75068,75078,10
12.7964096069,80.2229385376,75078,75088,10
12.7964496613,80.2229614258,75088,75098,10
12.7968797684,80.2230377197,75098,75108,10
12.7976903915,80.223197937,75108,75118,10
12.7986803055,80.2233200073,75118,75128,10
12.7996702194,80.2234191895,75128,75139,11
12.8007202148,80.2235031128,75139,75149,10
12.8014602661,80.2235717773,75149,75159,10
12.8016004562,80.2235870361,75159,75169,10
12.8021697998,80.2236633301,75169,75179,10
12.8030395508,80.2237930298,75179,75189,10
12.8039703369,80.2238693237,75189,75199,10
12.8047800064,80.2239379883,75199,75209,10
12.8054599762,80.2240982056,75209,75219,10
12.8056602478,80.2241821289,75219,75229,10
12.8059101105,80.2243728638,75229,75240,11
12.8065299988,80.2249298096,75240,75250,10
12.8072099686,80.2255630493,75250,75260,10
12.8079595566,80.2261962891,75260,75270,10
12.8087997437,80.2268981934,75270,75280,10
12.8097295761,80.2275238037,75280,75290,10
12.8107500076,80.2279586792,75290,75300,10
12.8118600845,80.2283782959,75300,75310,10
12.8130397797,80.2287979126,75310,75320,10
12.8142595291,80.2291564941,75320,75331,11
12.8157196045,80.2293930054,75331,75341,10
12.8170604706,80.2296218872,75341,75351,10
12.8182001114,80.2301101685,75351,75361,10
12.8192501068,80.2304763794,75361,75371,10
12.8198404312,80.2304382324,75371,75381,10
12.8203697205,80.2304229736,75381,75391,10
12.8212995529,80.2304382324,75391,75401,10
12.8223400116,80.2306213379,75401,75411,10
12.8234500885,80.23097229,75411,75422,11
12.824669838,80.231262207,75422,75432,10
12.8257703781,80.2313537598,75432,75442,10
12.8269195557,80.2312469482,75442,75452,10
12.8279895782,80.2307662964,75452,75462,10
12.8290700912,80.230178833,75462,75472,10
12.830160141,80.2297592163,75472,75482,10
12.8309001923,80.2294311523,75482,75533,51
12.8309001923,80.2294311523,75533,75543,10
12.8311901093,80.2293395996,75543,75553,10
12.8315696716,80.2292098999,75553,75573,20
12.8315696716,80.2292098999,75573,75583,10
12.8318500519,80.2291412354,75583,75593,10
12.8323202133,80.229057312,75593,75604,11
12.8331003189,80.2289276123,75604,75614,10
12.8338899612,80.2287826538,75614,75624,10
12.8347196579,80.2286300659,75624,75634,10
12.8355398178,80.2285003662,75634,75644,10
12.8363895416,80.2283782959,75644,75654,10
12.8371801376,80.2282485962,75654,75664,10
12.8374996185,80.228187561,75664,75695,31
12.8377199173,80.2281494141,75695,75725,30
12.8377199173,80.2281494141,75725,75735,10
12.8379802704,80.2281036377,75735,75796,61
12.8383598328,80.2280197144,75796,75836,40
12.8383598328,80.2280197144,75836,75846,10
12.8386096954,80.2279663086,75846,75856,10
12.8388204575,80.2279129028,75856,75876,20
12.8388204575,80.2279129028,75876,75887,11
12.8389501572,80.2278823853,75887,75897,10
12.8394098282,80.2277526855,75897,75957,60
12.8394098282,80.2277526855,75957,75967,10
12.8397302628,80.2276382446,75967,75978,11
12.8404302597,80.2274398804,75978,75988,10
12.841340065,80.2272109985,75988,75998,10
12.8423995972,80.2269821167,75998,76008,10
12.843460083,80.2267837524,76008,76018,10
12.8444700241,80.2266387939,76018,76028,10
12.8453197479,80.2265777588,76028,76048,20
12.8453197479,80.2265777588,76048,76058,10
12.8453798294,80.2265777588,76058,76069,11
12.8456897736,80.2265472412,76069,76079,10
12.8457098007,80.2265472412,76079,76089,10
12.8460102081,80.2265625,76089,76099,10
12.8465795517,80.2265701294,76099,76109,10
12.8474397659,80.2265777588,76109,76119,10
12.8484296799,80.2265930176,76119,76129,10
12.8498897552,80.2265701294,76129,76149,20
12.8498897552,80.2265701294,76149,76160,11
12.850060463,80.2265777588,76160,76170,10
12.8505897522,80.2265701294,76170,76180,10
12.8513298035,80.2265930176,76180,76190,10
12.8520698547,80.2266235352,76190,76200,10
12.8526802063,80.2266464233,76200,76210,10
12.8532400131,80.2266387939,76210,76362,152
12.8532400131,80.2266387939,76362,76372,10
12.8534698486,80.2266082764,76372,76382,10
12.853969574,80.2265625,76382,76392,10
12.8547296524,80.2265090942,76392,76402,10
12.8557395935,80.2264022827,76402,76412,10
12.8569097519,80.226272583,76412,76422,10
12.8580303192,80.2261962891,76422,76432,10
12.8590602875,80.226272583,76432,76443,11
12.8602199554,80.2264404297,76443,76453,10
12.8608598709,80.2265319824,76453,76463,10
12.8609695435,80.2265319824,76463,76473,10
12.8614597321,80.2265167236,76473,76483,10
12.8622598648,80.2265014648,76483,76493,10
12.8631601334,80.2264709473,76493,76503,10
12.8642301559,80.2265167236,76503,76513,10
12.8653697968,80.2265472412,76513,76523,10
12.8666801453,80.2264785767,76523,76534,11
12.8678398132,80.2263793945,76534,76544,10
12.8687601089,80.2263793945,76544,76554,10
12.8697395325,80.2264785767,76554,76564,10
12.8708200455,80.226600647,76564,76574,10
12.8718996048,80.2266616821,76574,76584,10
12.872759819,80.2266387939,76584,76594,10
12.8728504181,80.2266387939,76594,76604,10
12.8732700348,80.2266464233,76604,76614,10
12.8740301132,80.2267227173,76614,76625,11
12.8751497269,80.2268600464,76625,76635,10
12.8760795593,80.2269134521,76635,76645,10
12.8765497208,80.2268981934,76645,76654,9
12.8765697479,80.2268981934,76654,76665,11
12.8770303726,80.2268676758,76665,76675,10
12.8778095245,80.2268218994,76675,76685,10
12.8788404465,80.2267608643,76685,76695,10
12.8800001144,80.2267227173,76695,76705,10
12.8811903,80.2267074585,76705,76716,11
12.8824796677,80.2266998291,76716,76726,10
12.8835897446,80.2266921997,76726,76736,10
12.8846101761,80.2266464233,76736,76746,10
12.8852300644,80.2266693115,76746,76756,10
12.8852701187,80.2266769409,76756,76766,10
12.8856601715,80.2267608643,76766,76776,10
12.8863697052,80.2269592285,76776,76786,10
12.8872995377,80.227180481,76786,76796,10
12.8883399963,80.2272872925,76796,76807,11
12.8895797729,80.2273101807,76807,76817,10
12.8907604218,80.2273101807,76817,76827,10
12.8918399811,80.2273101807,76827,76837,10
12.8925199509,80.2273406982,76837,76847,10
12.8931798935,80.2274398804,76847,76857,10
12.8940401077,80.2275619507,76857,76867,10
12.8951597214,80.2276229858,76867,76877,10
12.8963899612,80.2276687622,76877,76887,10
12.8976202011,80.2277297974,76887,76898,11
12.8987998962,80.2277984619,76898,76908,10
12.8995199203,80.2278366089,76908,76918,10
12.9000902176,80.2278671265,76918,76928,10
12.9005804062,80.227897644,76928,76948,20
12.9007701874,80.2279205322,76948,77059,111
12.9007701874,80.2279205322,77059,77069,10
12.9010801315,80.2279205322,77069,77079,10
12.9013395309,80.2279281616,77079,77090,11
12.9020395279,80.2279434204,77090,77100,10
12.9025497437,80.2279815674,77100,77110,10
12.9025602341,80.2279815674,77110,77120,10
12.9027204514,80.2279815674,77120,77130,10
12.9032402039,80.2280197144,77130,77140,10
12.9038801193,80.2280578613,77140,77150,10
12.9042196274,80.2280578613,77150,77160,10
12.9042396545,80.2280578613,77160,77170,10
12.9044599533,80.2280807495,77170,77181,11
12.9048204422,80.2281112671,77181,77191,10
12.9050703049,80.2281188965,77191,77201,10
12.9053297043,80.2281570435,77201,77221,20
12.9053297043,80.2281570435,77221,77231,10
12.9054899216,80.2281799316,77231,77282,51
12.9054899216,80.2281799316,77282,77292,10
12.9057102203,80.2282409668,77292,77302,10
12.9061002731,80.2282409668,77302,77312,10
12.9063997269,80.2282409668,77312,77322,10
12.9067201614,80.2282562256,77322,77332,10
12.9068603516,80.2282562256,77332,77342,10
12.9070997238,80.2282791138,77342,77353,11
12.907790184,80.2283782959,77353,77363,10
12.9087295532,80.2285232544,77363,77373,10
12.9101495743,80.2287521362,77373,77383,10
12.911359787,80.2289581299,77383,77393,10
12.9123401642,80.2291107178,77393,77403,10
12.9131498337,80.2292175293,77403,77413,10
12.913860321,80.2292861938,77413,77423,10
12.9141302109,80.2293319702,77423,77433,10
12.9142904282,80.2293701172,77433,77443,10
12.9146099091,80.2294006348,77443,77454,11
12.914899826,80.2294387817,77454,77464,10
12.9156503677,80.2295837402,77464,77474,10
12.9166402817,80.2296981812,77474,77484,10
12.9178199768,80.2298583984,77484,77494,10
12.9188499451,80.2300033569,77494,77504,10
12.9200201035,80.2301635742,77504,77514,10
12.9212398529,80.2303009033,77514,77524,10
12.9224901199,80.2304916382,77524,77534,10
12.9237804413,80.230682373,77534,77545,11
12.9251403809,80.2308502197,77545,77555,10
12.9263000488,80.2309494019,77555,77585,30
12.9263000488,80.2309494019,77585,77595,10
12.9265403748,80.2309875488,77595,77605,10
12.9272003174,80.2310714722,77605,77615,10
12.9280796051,80.2311706543,77615,77625,10
12.9289798737,80.2313079834,77625,77636,11
12.9300298691,80.231552124,77636,77646,10
12.9309501648,80.2317962646,77646,77656,10
12.9318704605,80.2321014404,77656,77666,10
12.9327297211,80.232383728,77666,77676,10
12.9332704544,80.2325973511,77676,77686,10
12.9336204529,80.2327728271,77686,77696,10
12.9336996078,80.2328186035,77696,77706,10
12.9339199066,80.2329406738,77706,77716,10
12.934630394,80.233253479,77716,77727,11
12.935379982,80.233581543,77727,77737,10
12.93612957,80.2339324951,77737,77747,10
12.9369802475,80.2343292236,77747,77757,10
12.9378795624,80.2347488403,77757,77767,10
12.938659668,80.2351608276,77767,77777,10
12.9391803741,80.2353973389,77777,77787,10
12.9393701553,80.2355117798,77787,77797,10
12.9395704269,80.2356185913,77797,77807,10
12.9395799637,80.2356185913,77807,77818,11
12.939740181,80.2357330322,77818,77828,10
12.9403600693,80.2359390259,77828,77838,10
12.941280365,80.2361602783,77838,77848,10
12.9423704147,80.2364501953,77848,77858,10
12.9433603287,80.2370605469,77858,77868,10
12.9441204071,80.2378768921,77868,77878,10
12.9449501038,80.2387924194,77878,77888,10
12.9459295273,80.2394866943,77888,77898,10
12.9468097687,80.2398376465,77898,77908,10
12.9473495483,80.2400588989,77908,77919,11
12.9474802017,80.2400970459,77919,77929,10
12.9479398727,80.2403106689,77929,77939,10
12.9483995438,80.2404937744,77939,77949,10
12.9485998154,80.2405471802,77949,77959,10
12.9486198425,80.240562439,77959,77969,10
12.9487895966,80.2406005859,77969,77979,10
12.949259758,80.2408218384,77979,77989,10
12.9500598907,80.2410583496,77989,77999,10
12.950920105,80.241317749,77999,78010,11
12.9511404037,80.2413864136,78010,78020,10
12.9515895844,80.2415618896,78020,78030,10
12.9521999359,80.2418136597,78030,78040,10
12.9530096054,80.2421417236,78040,78050,10
12.9538002014,80.2424621582,78050,78060,10
12.9541902542,80.2426071167,78060,78070,10
12.9550600052,80.2429733276,78070,78080,10
12.955909729,80.2433166504,78080,78090,10
12.9562902451,80.2434692383,78090,78101,11
12.9564304352,80.2435073853,78101,78111,10
12.9569301605,80.2437515259,78111,78121,10
12.9577798843,80.2440872192,78121,78131,10
12.9586200714,80.2444229126,78131,78141,10
12.9589996338,80.2445602417,78141,78151,10
12.9592103958,80.2446594238,78151,78161,10
12.9598999023,80.244972229,78161,78171,10
12.9608697891,80.2454071045,78171,78181,10
12.9618997574,80.2459030151,78181,78192,11
12.9626302719,80.2462692261,78192,78202,10
12.9633903503,80.2466812134,78202,78262,60
12.9633903503,80.2466812134,78262,78272,10
12.9636898041,80.2468338013,78272,78283,11
12.964220047,80.2470397949,78283,78293,10
12.9651298523,80.2473602295,78293,78303,10
12.9661197662,80.2476882935,78303,78313,10
12.9665298462,80.2478485107,78313,78323,10
12.9666700363,80.2479171753,78323,78333,10
12.9671001434,80.2482223511,78333,78343,10
12.9680700302,80.248588562,78343,78353,10
12.96916008,80.2490081787,78353,78363,10
12.9702997208,80.249458313,78363,78374,11
12.971619606,80.2498626709,78374,78384,10
12.9727802277,80.2501525879,78384,78394,10
12.9739198685,80.2504730225,78394,78404,10
12.9750795364,80.250793457,78404,78414,10
12.9762296677,80.251121521,78414,78424,10
12.9773597717,80.2515182495,78424,78434,10
12.9782495499,80.2521972656,78434,78444,10
12.9785499573,80.2523803711,78444,78454,10
12.9786596298,80.2524414063,78454,78465,11
12.9798498154,80.2526702881,78465,78535,70
12.9798498154,80.2526702881,78535,78545,10
12.9802799225,80.2527008057,78545,78555,10
12.9812402725,80.2526702881,78555,78566,11
12.9824199677,80.2526397705,78566,78576,10
12.9836502075,80.2524795532,78576,78586,10
12.9846601486,80.252166748,78586,78616,30
12.9846601486,80.252166748,78616,78626,10
12.9848499298,80.2520980835,78626,78636,10
12.9854602814,80.2519302368,78636,78808,172
12.9854602814,80.2519302368,78808,78818,10
12.9860601425,80.251739502,78818,78839,21
12.9860601425,80.251739502,78839,78849,10
12.9862098694,80.251701355,78849,78859,10
12.986579895,80.2516326904,78859,78869,10
12.9866600037,80.2516098022,78869,78879,10
12.9868803024,80.2515563965,78879,78889,10
12.9872198105,80.2514724731,78889,78899,10
12.9876203537,80.2513580322,78899,78990,91
12.9876203537,80.2513580322,78990,79000,10
12.9877901077,80.2513198853,79000,79010,10
12.9879798889,80.2517318726,79010,79021,11
12.9880199432,80.2524185181,79021,79031,10
12.9879102707,80.2534408569,79031,79041,10
12.9877796173,80.2546920776,79041,79061,20
12.9877796173,80.2546920776,79061,79071,10
12.9877700806,80.2548904419,79071,79081,10
12.9877004623,80.255241394,79081,79091,10
12.987660408,80.2555923462,79091,79101,10
12.9876003265,80.2559890747,79101,79112,11
12.9875402451,80.256729126,79112,79122,10
12.9874601364,80.2574768066,79122,79132,10
12.9872503281,80.2585983276,79132,79152,20
12.9872503281,80.2585983276,79152,79162,10
12.9870996475,80.2585830688,79162,79172,10
12.9870300293,80.2585906982,79172,79182,10
12.9867801666,80.2587738037,79182,79213,31
12.9867801666,80.2587738037,79213,79223,10
12.9867601395,80.2590103149,79223,79233,10
12.986579895,80.2591629028,79233,79263,30
12.986579895,80.2591629028,79263,79273,10
12.9865598679,80.2592773438,79273,79283,10
12.9866695404,80.2596206665,79283,79688,405
12.9866695404,80.2596206665,79688,79698,10
12.9868402481,80.2595367432,79698,79930,232
12.9866695404,80.2594604492,79930,83484,3554
12.9865598679,80.2593994141,83484,83575,91
12.9865598679,80.2593994141,83575,83585,10
12.9867200851,80.2593536377,83585,86325,2740
12.9867200851,80.2593536377,86325,86335,10
