12.9980201721,80.256942749,23387,23730,343
12.9980201721,80.256942749,23730,23740,10
12.998049736,80.2568511963,23740,23750,10
12.998049736,80.2566070557,23750,23760,10
12.9979000092,80.2563400269,23760,23861,101
12.9979000092,80.2563400269,23861,23871,10
12.9977302551,80.2561264038,23871,23881,10
12.997710228,80.2560119629,23881,23891,10
12.997300148,80.2559280396,23891,23901,10
12.9968395233,80.2559204102,23901,23911,10
12.9962902069,80.2558898926,23911,23921,10
12.9954900742,80.2558898926,23921,23931,10
12.9945497513,80.255897522,23931,23942,11
12.9935598373,80.2559967041,23942,23952,10
12.9923095703,80.256072998,23952,23962,10
12.9911003113,80.2560272217,23962,23972,10
12.9900302887,80.2559814453,23972,23982,10
12.9890003204,80.2559127808,23982,23992,10
12.9882898331,80.2558364868,23992,24002,10
12.9880695343,80.2558364868,24002,24012,10
12.9877300262,80.2558822632,24012,24022,10
12.9876298904,80.2565383911,24022,24032,10
12.9875097275,80.2574920654,24032,24042,10
12.9874200821,80.2585678101,24042,24051,9
12.9871702194,80.2595367432,24051,24083,32
12.9871702194,80.2595367432,24083,24093,10
12.986749649,80.2594833374,24093,24103,10
12.986579895,80.2593002319,24103,24184,81
12.986579895,80.2593002319,24184,24194,10
12.9868803024,80.2590713501,24194,24274,80
12.9868803024,80.2590713501,24274,24284,10
12.9871501923,80.2591323853,24284,24295,11
12.9873399734,80.258972168,24295,24305,10
12.9873695374,80.2584533691,24305,24315,10
12.9874296188,80.257850647,24315,24325,10
12.9875202179,80.2571182251,24325,24335,10
12.9875802994,80.2565917969,24335,24345,10
12.9876203537,80.2562637329,24345,24355,10
12.9876499176,80.255859375,24355,24365,10
12.9879102707,80.2557525635,24365,24375,10
12.9883699417,80.2558288574,24375,24385,10
12.9886798859,80.2558517456,24385,24395,10
12.9888000488,80.255859375,24395,24405,10
12.9893198013,80.255897522,24405,24416,11
12.9902801514,80.2559280396,24416,24426,10
12.9910802841,80.2559890747,24426,24436,10
12.9921102524,80.2560501099,24436,24446,10
12.9934396744,80.2559890747,24446,24456,10
12.9944000244,80.2559432983,24456,24466,10
12.995349884,80.2558822632,24466,24476,10
12.9963903427,80.255859375,24476,24486,10
12.9968795776,80.2558364868,24486,24496,10
12.997010231,80.255859375,24496,24506,10
12.9973096848,80.2558670044,24506,24515,9
12.9978904724,80.2559127808,24515,24526,11
12.9988603592,80.2560119629,24526,24557,31
12.9988603592,80.2560119629,24557,24567,10
12.999329567,80.256072998,24567,24577,10
13.0,80.256187439,24577,24587,10
13.0007400513,80.2563476563,24587,24597,10
13.0014200211,80.2564620972,24597,24607,10
13.0021495819,80.2565917969,24607,24617,10
13.0027103424,80.2566833496,24617,24627,10
13.0033102036,80.2567977905,24627,24637,10
13.0039901733,80.256942749,24637,24647,10
13.0043296814,80.2570037842,24647,24658,11
13.004940033,80.2571334839,24658,24668,10
13.0057096481,80.2572784424,24668,24678,10
13.0062704086,80.2573699951,24678,24688,10
13.0065202713,80.2573165894,24688,24698,10
13.0065002441,80.2567520142,24698,24708,10
13.0065097809,80.255859375,24708,24718,10
13.0065402985,80.2547531128,24718,24728,10
13.0065402985,80.2535629272,24728,24738,10
13.0065603256,80.2526779175,24738,24789,51
13.0065603256,80.2526779175,24789,24799,10
13.0065898895,80.2524185181,24799,24809,10
13.0066699982,80.2518615723,24809,24859,50
13.0066699982,80.2518615723,24859,24869,10
13.0066900253,80.2518386841,24869,24879,10
13.0067796707,80.2512969971,24879,24890,11
13.0068101883,80.2503433228,24890,24900,10
13.0068101883,80.2492904663,24900,24910,10
13.0067195892,80.2483215332,24910,24920,10
13.0066995621,80.2477874756,24920,24930,10
13.0066795349,80.2470779419,24930,24940,10
13.0066099167,80.2466888428,24940,24950,10
13.0066604614,80.2463378906,24950,24960,10
13.0066699982,80.2456588745,24960,24970,10
13.006649971,80.2446975708,24970,24980,10
13.0066299438,80.2437286377,24980,24990,10
13.0066299438,80.2428436279,24990,25000,10
13.0066099167,80.2418823242,25000,25011,11
13.0066003799,80.2412719727,25011,25021,10
13.0066995621,80.2405929565,25021,25031,10
13.0068998337,80.2396469116,25031,25041,10
13.0071201324,80.2384567261,25041,25051,10
13.007349968,80.2373733521,25051,25061,10
13.0074195862,80.2367324829,25061,25071,10
13.0074396133,80.2366104126,25071,25081,10
13.0075998306,80.2360687256,25081,25091,10
13.0077896118,80.2351608276,25091,25101,10
13.008020401,80.2340087891,25101,25111,10
13.0083198547,80.2326431274,25111,25121,10
13.0085897446,80.2311782837,25121,25132,11
13.0089101791,80.2295608521,25132,25142,10
13.0092201233,80.2281036377,25142,25152,10
13.0098199844,80.2267379761,25152,25162,10
13.010430336,80.2254714966,25162,25172,10
13.0108699799,80.2244720459,25172,25182,10
13.0112800598,80.2234573364,25182,25192,10
13.0116996765,80.2223587036,25192,25202,10
13.0120401382,80.2215118408,25202,25212,10
13.012169838,80.2213973999,25212,25222,10
13.0124597549,80.2215881348,25222,25232,10
13.0128602982,80.2221984863,25232,25242,10
13.0134897232,80.22290802,25242,25253,11
13.0142297745,80.2237091064,25253,25263,10
13.0149002075,80.2243118286,25263,25273,10
13.0157003403,80.225112915,25273,25283,10
13.016699791,80.2252197266,25283,25293,10
13.0177898407,80.2248001099,25293,25303,10
13.0187797546,80.2244110107,25303,25313,10
13.0193796158,80.2242965698,25313,25323,10
13.0193796158,80.2243118286,25323,25333,10
13.0195398331,80.2244186401,25333,25343,10
13.0200395584,80.2247695923,25343,25352,9
13.0206699371,80.2251968384,25352,25364,12
13.02161026,80.2258987427,25364,25374,10
13.0223703384,80.2265090942,25374,25384,10
13.0232200623,80.2272491455,25384,25394,10
13.0239095688,80.2279129028,25394,25404,10
13.0243196487,80.2284164429,25404,25414,10
13.0247297287,80.2289810181,25414,25424,10
13.0252895355,80.2296905518,25424,25434,10
13.0258197784,80.2305603027,25434,25444,10
13.0260000229,80.2310714722,25444,25454,10
13.0261096954,80.2314224243,25454,25464,10
13.0262699127,80.2321090698,25464,25474,10
13.0265398026,80.2327575684,25474,25485,11
13.0265798569,80.2328491211,25485,25495,10
13.0265903473,80.2329483032,25495,25505,10
13.0268201828,80.2333831787,25505,25515,10
13.0272703171,80.2341003418,25515,25525,10
13.0278100967,80.2350616455,25525,25535,10
13.0285596848,80.2360687256,25535,25545,10
13.0294303894,80.2369689941,25545,25555,10
13.0296001434,80.237159729,25555,25565,10
13.0297203064,80.2373733521,25565,25575,10
13.0301198959,80.2379837036,25575,25585,10
13.0305995941,80.238822937,25585,25594,9
13.031129837,80.239692688,25594,25616,22
13.031129837,80.239692688,25616,25626,10
13.0312004089,80.2398071289,25626,25636,10
13.031370163,80.2401123047,25636,25646,10
13.0314598083,80.2406921387,25646,25656,10
13.0317296982,80.2412185669,25656,25666,10
13.0320501328,80.2419433594,25666,25676,10
13.0325698853,80.2425994873,25676,25686,10
13.0331697464,80.2434463501,25686,25696,10
13.0338001251,80.2443618774,25696,25706,10
13.0343799591,80.2451019287,25706,25715,9
13.0349197388,80.2457427979,25715,25727,12
13.0355796814,80.2460479736,25727,25737,10
13.0355997086,80.2460479736,25737,25747,10
13.035949707,80.2462234497,25747,25757,10
13.0365600586,80.2463912964,25757,25767,10
13.0372800827,80.2464981079,25767,25777,10
13.0378198624,80.2464599609,25777,25787,10
13.0384998322,80.2466812134,25787,25797,10
13.0394201279,80.2469177246,25797,25807,10
13.0403499603,80.2470779419,25807,25817,10
13.0410499573,80.2471923828,25817,25827,10
13.0411901474,80.2472229004,25827,25837,10
13.041680336,80.2473373413,25837,25848,11
13.0425195694,80.2475585938,25848,25858,10
13.0433597565,80.2478179932,25858,25868,10
13.0441198349,80.247756958,25868,25878,10
13.0448503494,80.2479400635,25878,25888,10
13.0453796387,80.2481765747,25888,25898,10
13.0460996628,80.2484436035,25898,25908,10
13.0468702316,80.2483520508,25908,25918,10
13.0470104218,80.2483596802,25918,25928,10
13.0472297668,80.2484436035,25928,25938,10
13.0476999283,80.2488327026,25938,25948,10
13.0482797623,80.2494430542,25948,25958,10
13.0490198135,80.2497177124,25958,25969,11
13.0501699448,80.2499237061,25969,25979,10
13.0513601303,80.2501907349,25979,25989,10
13.0523395538,80.2509307861,25989,25999,10
13.0531396866,80.2520065308,25999,26009,10
13.0539302826,80.2530975342,26009,26019,10
13.0546798706,80.2541122437,26019,26029,10
13.055439949,80.2551269531,26029,26039,10
13.0560398102,80.2559509277,26039,26049,10
13.056520462,80.2565383911,26049,26059,10
13.056810379,80.2567901611,26059,26069,10
13.0568704605,80.2568283081,26069,26080,11
13.0573196411,80.2571563721,26080,26090,10
13.0579004288,80.2577362061,26090,26100,10
13.0584897995,80.2585525513,26100,26110,10
13.059129715,80.2594299316,26110,26120,10
13.0597801208,80.2601699829,26120,26130,10
13.0604400635,80.2608184814,26130,26140,10
13.0607004166,80.2611923218,26140,26150,10
13.0608100891,80.2614364624,26150,26160,10
13.0612297058,80.26197052,26160,26170,10
13.0617303848,80.2624969482,26170,26180,10
13.0623197556,80.2632598877,26180,26190,10
13.0629701614,80.2640228271,26190,26201,11
13.0636301041,80.2649078369,26201,26211,10
13.0641899109,80.2657394409,26211,26221,10
13.0647296906,80.2664413452,26221,26231,10
13.0652503967,80.266998291,26231,26241,10
13.0657997131,80.2675018311,26241,26251,10
13.0663204193,80.2681121826,26251,26261,10
13.066570282,80.2683334351,26261,26271,10
13.0667896271,80.2684173584,26271,26281,10
13.0670900345,80.2685623169,26281,26291,10
13.067150116,80.2685928345,26291,26301,10
13.0675201416,80.2688980103,26301,26311,10
13.0679702759,80.269203186,26311,26322,11
13.0683002472,80.269203186,26322,26332,10
13.0684700012,80.268661499,26332,26342,10
13.0687303543,80.2679519653,26342,26352,10
13.069029808,80.2672195435,26352,26362,10
13.0695896149,80.2666397095,26362,26372,10
13.0701503754,80.2660980225,26372,26382,10
13.0704097748,80.2658309937,26382,26392,10
13.0708303452,80.2653884888,26392,26402,10
13.0714302063,80.2648010254,26402,26412,10
13.0721197128,80.2640380859,26412,26422,10
13.0725097656,80.2632217407,26422,26432,10
13.0726995468,80.2626800537,26432,26443,11
13.0728797913,80.2620773315,26443,26453,10
13.0729398727,80.2619094849,26453,26463,10
13.0730600357,80.26146698,26463,26473,10
13.0733003616,80.2611465454,26473,26483,10
13.0736598969,80.2615203857,26483,26493,10
13.0741596222,80.2620925903,26493,26503,10
13.074640274,80.2626724243,26503,26513,10
13.0751199722,80.263343811,26513,26523,10
13.075630188,80.2640380859,26523,26533,10
13.0760698318,80.2642364502,26533,26543,10
13.0767602921,80.2641677856,26543,26553,10
13.0775203705,80.2639465332,26553,26564,11
13.0781202316,80.2633209229,26564,26574,10
13.0779104233,80.2626724243,26574,26584,10
13.0777997971,80.2622299194,26584,26594,10
13.0776100159,80.26171875,26594,26604,10
13.0774803162,80.2613220215,26604,26614,10
13.0774002075,80.2610778809,26614,26624,10
13.0773696899,80.2610397339,26624,26634,10
13.0773200989,80.2609329224,26634,26644,10
13.0770597458,80.2605209351,26644,26654,10
13.0766401291,80.2601623535,26654,26664,10
13.0759801865,80.2596588135,26664,26674,10
13.0755395889,80.2586212158,26674,26725,51
13.0755395889,80.2586212158,26725,26735,10
13.0754404068,80.2582397461,26735,26745,10
13.0758199692,80.2578887939,26745,26755,10
13.0764102936,80.2573699951,26755,26765,10
13.0771398544,80.2568435669,26765,26775,10
13.0779800415,80.256652832,26775,26785,10
13.0788497925,80.2566070557,26785,26796,11
13.079079628,80.2560119629,26796,26806,10
13.0790195465,80.2552032471,26806,26816,10
13.0789899826,80.2546920776,26816,26846,30
13.0789899826,80.2546920776,26846,26856,10
13.0790100098,80.2545471191,26856,26866,10
13.0793800354,80.2545089722,26866,26876,10
13.0800104141,80.2546234131,26876,26886,10
13.0807600021,80.254737854,26886,26896,10
13.0814304352,80.2548217773,26896,26906,10
13.0817699432,80.2544708252,26906,26917,11
13.0818901062,80.2538528442,26917,26927,10
13.0819501877,80.2531433105,26927,26937,10
13.0816402435,80.2524795532,26937,26947,10
13.0814399719,80.251739502,26947,26957,10
13.0814304352,80.2510986328,26957,26967,10
13.0813999176,80.2506408691,26967,26977,10
13.0813703537,80.2499923706,26977,26987,10
13.081609726,80.2496109009,26987,26997,10
13.0823202133,80.2497329712,26997,27007,10
13.0831403732,80.2498474121,27007,27017,10
13.083729744,80.249961853,27017,27027,10
13.0845298767,80.2500915527,27027,27038,11
13.0848302841,80.2501525879,27038,27048,10
13.0852899551,80.2502593994,27048,27058,10
13.0858898163,80.2502975464,27058,27068,10
13.0859203339,80.2498168945,27068,27078,10
13.0859003067,80.2490005493,27078,27088,10
13.0858602524,80.2480773926,27088,27098,10
13.0858201981,80.2469482422,27098,27108,10
13.0857095718,80.2458496094,27108,27118,10
13.0856599808,80.2453079224,27118,27138,20
13.0856599808,80.2453079224,27138,27147,9
13.0857200623,80.2451324463,27147,27159,12
13.0862798691,80.244720459,27159,27169,10
13.086930275,80.2442016602,27169,27179,10
13.0875301361,80.2437133789,27179,27189,10
13.0879096985,80.2428817749,27189,27199,10
13.0882396698,80.2420196533,27199,27209,10
13.0890197754,80.2414703369,27209,27219,10
13.0897102356,80.2409973145,27219,27229,10
13.0903997421,80.2408218384,27229,27239,10
13.0913000107,80.2408599854,27239,27249,10
13.0922698975,80.2409210205,27249,27259,10
13.0930404663,80.2409896851,27259,27269,10
13.0937795639,80.2410964966,27269,27280,11
13.0942697525,80.2411727905,27280,27290,10
13.0943498611,80.2411804199,27290,27300,10
13.0947399139,80.2412719727,27300,27310,10
13.0953598022,80.2414169312,27310,27320,10
13.0958900452,80.2416229248,27320,27330,10
13.0965499878,80.2418136597,27330,27340,10
13.0970802307,80.2419967651,27340,27350,10
13.0973596573,80.2420730591,27350,27360,10
13.0975599289,80.2421417236,27360,27370,10
13.0981302261,80.2422790527,27370,27379,9
13.0985403061,80.2422866821,27379,27391,12
13.0985603333,80.2422866821,27391,27401,10
13.0987501144,80.2422332764,27401,27411,10
13.0987901688,80.2418899536,27411,27421,10
13.0986404419,80.2418289185,27421,27431,10
13.0985803604,80.2421569824,27431,27965,534
13.0985803604,80.2421569824,27965,27975,10
13.0986204147,80.2423019409,27975,27985,10
13.0984201431,80.2423400879,27985,27996,11
13.0979404449,80.2422790527,27996,28006,10
13.0974597931,80.2422027588,28006,28016,10
13.0970497131,80.2420501709,28016,28026,10
13.0964097977,80.2418365479,28026,28036,10
13.0958795547,80.2416610718,28036,28046,10
13.095410347,80.2414779663,28046,28056,10
13.0951004028,80.2413711548,28056,28066,10
13.09471035,80.2413024902,28066,28076,10
13.0944595337,80.2412567139,28076,28086,10
13.0939102173,80.2411575317,28086,28096,10
13.0936002731,80.2411193848,28096,28106,10
13.0935001373,80.2411193848,28106,28117,11
13.0930099487,80.2410202026,28117,28127,10
13.092499733,80.2409515381,28127,28137,10
13.0919599533,80.2409286499,28137,28147,10
13.0910997391,80.2408828735,28147,28157,10
13.0902204514,80.2408905029,28157,28167,10
13.0895395279,80.2411499023,28167,28177,10
13.0888700485,80.241607666,28177,28187,10
13.0882701874,80.2420730591,28187,28197,10
13.0879297256,80.2427902222,28197,28207,10
13.0878801346,80.2431869507,28207,28217,10
13.0878200531,80.2433776855,28217,28228,11
13.0876903534,80.2435913086,28228,28238,10
13.0876302719,80.2436828613,28238,28248,10
13.0873403549,80.243927002,28248,28258,10
13.0868902206,80.2442932129,28258,28268,10
13.0863199234,80.2447662354,28268,28278,10
13.0858898163,80.2451171875,28278,28288,10
13.0856895447,80.2453918457,28288,28298,10
13.0856895447,80.2459564209,28298,28308,10
13.0857400894,80.2464599609,28308,28318,10
13.0857496262,80.2466506958,28318,28328,10
13.0857801437,80.2472229004,28328,28338,10
13.0858402252,80.2481384277,28338,28349,11
13.0859003067,80.2493667603,28349,28359,10
13.0859498978,80.2502593994,28359,28369,10
13.0859003067,80.2506408691,28369,28379,10
13.0858097076,80.2511901855,28379,28389,10
13.0856800079,80.251991272,28389,28399,10
13.0855998993,80.2527999878,28399,28409,10
13.0855503082,80.2536010742,28409,28419,10
13.0856304169,80.25440979,28419,28429,10
13.0853796005,80.2547607422,28429,28439,10
13.0847797394,80.2546768188,28439,28448,9
13.0840501785,80.2546081543,28448,28460,12
13.0839004517,80.2546005249,28460,28470,10
13.0835895538,80.2545623779,28470,28480,10
13.0829601288,80.2545013428,28480,28490,10
13.0824098587,80.2544937134,28490,28500,10
13.0817899704,80.2547683716,28500,28510,10
13.081199646,80.2548522949,28510,28520,10
13.0809001923,80.2548217773,28520,28530,10
13.0807504654,80.2547988892,28530,28540,10
13.0805702209,80.2547607422,28540,28550,10
13.0800895691,80.254699707,28550,28560,10
13.0792999268,80.2546234131,28560,28579,19
13.0792999268,80.2546234131,28579,28590,11
13.0790500641,80.2546768188,28590,28601,11
13.0789699554,80.254989624,28601,28611,10
13.0790596008,80.2556915283,28611,28621,10
13.0791397095,80.2565002441,28621,28631,10
13.078669548,80.2566604614,28631,28641,10
13.0780496597,80.2566680908,28641,28651,10
13.0772800446,80.2567977905,28651,28661,10
13.0766096115,80.2572021484,28661,28671,10
13.0759000778,80.2578887939,28671,28681,10
13.0755195618,80.2582702637,28681,28691,10
13.0755901337,80.2587432861,28691,28701,10
13.075920105,80.2594604492,28701,28712,11
13.0767002106,80.2601776123,28712,28722,10
13.077249527,80.2607498169,28722,28732,10
13.077249527,80.2608032227,28732,28742,10
13.0774402618,80.2611312866,28742,28752,10
13.0776395798,80.2616577148,28752,28762,10
13.0778198242,80.2622070313,28762,28792,30
13.0778198242,80.2622070313,28792,28802,10
13.0779104233,80.2624664307,28802,28812,10
13.0779495239,80.2627105713,28812,28822,10
13.0782003403,80.2632064819,28822,28833,11
13.0779495239,80.2636108398,28833,28843,10
13.0773000717,80.2640380859,28843,28853,10
13.0766096115,80.2641830444,28853,28863,10
13.0758800507,80.264251709,28863,28873,10
13.075630188,80.2641220093,28873,28883,10
13.0752696991,80.2636032104,28883,28893,10
13.0748195648,80.2630233765,28893,28903,10
13.0743303299,80.2624282837,28903,28913,10
13.0738296509,80.2618331909,28913,28923,10
13.0737199783,80.2617034912,28923,28933,10
13.0735797882,80.2615737915,28933,28943,10
13.0731897354,80.26146698,28943,28954,11
13.0728702545,80.262260437,28954,28964,10
13.0726604462,80.2628936768,28964,28974,10
13.0724802017,80.2633666992,28974,28984,10
13.072259903,80.2637405396,28984,28994,10
13.0719900131,80.2641677856,28994,29004,10
13.071559906,80.2646636963,29004,29014,10
13.0714597702,80.2647323608,29014,29024,10
13.0711898804,80.265007019,29024,29034,10
13.0707302094,80.2654876709,29034,29044,10
13.0702199936,80.2660293579,29044,29054,10
13.0696697235,80.2666091919,29054,29064,10
13.0691003799,80.2671966553,29064,29075,11
13.0687799454,80.267906189,29075,29085,10
13.0685501099,80.2686309814,29085,29095,10
13.0683698654,80.2692718506,29095,29105,10
13.0682401657,80.2698974609,29105,29115,10
13.0681695938,80.2705612183,29115,29125,10
13.0679302216,80.2710418701,29125,29135,10
13.0674104691,80.2706375122,29135,29145,10
13.0671195984,80.2703781128,29145,29155,10
13.0669202805,80.2701721191,29155,29165,10
13.0665302277,80.2696533203,29165,29175,10
13.0664100647,80.2688064575,29175,29185,10
13.0659704208,80.2679977417,29185,29196,11
13.0652599335,80.2676391602,29196,29206,10
13.0652103424,80.2676391602,29206,29216,10
13.0647602081,80.2675704956,29216,29226,10
13.0640001297,80.2674179077,29226,29236,10
13.0631399155,80.2672271729,29236,29246,10
13.0624198914,80.2667770386,29246,29256,10
13.0617704391,80.265953064,29256,29266,10
13.0610599518,80.2651977539,29266,29276,10
13.0604801178,80.2654571533,29276,29286,10
13.0604696274,80.2654724121,29286,29296,10
13.0603599548,80.2655410767,29296,29306,10
13.0598602295,80.2656326294,29306,29317,11
13.0590200424,80.2654876709,29317,29327,10
13.0583400726,80.2653503418,29327,29337,10
13.0580596924,80.2647399902,29337,29347,10
13.0579395294,80.2638778687,29347,29357,10
13.057800293,80.2628326416,29357,29367,10
13.0576400757,80.2617797852,29367,29377,10
13.0574102402,80.2607192993,29377,29387,10
13.0570602417,80.2596282959,29387,29397,10
13.0567398071,80.2585372925,29397,29407,10
13.0565795898,80.2576599121,29407,29417,10
13.0564603806,80.2572479248,29417,29427,10
13.0564098358,80.2572174072,29427,29438,11
13.0563297272,80.2567901611,29438,29448,10
13.0561599731,80.2563400269,29448,29458,10
13.0557498932,80.2557525635,29458,29468,10
13.0552396774,80.2550125122,29468,29478,10
13.0546798706,80.2542724609,29478,29488,10
13.054189682,80.2536392212,29488,29498,10
13.0541496277,80.253578186,29498,29508,10
13.0539503098,80.2532806396,29508,29518,10
13.0535898209,80.2527313232,29518,29528,10
13.0530796051,80.2520217896,29528,29538,10
13.0525503159,80.2513122559,29538,29548,10
13.0519695282,80.2505874634,29548,29559,11
13.0508804321,80.2500534058,29559,29569,10
13.0496702194,80.2498168945,29569,29579,10
13.0487003326,80.2497177124,29579,29589,10
13.0479803085,80.2493286133,29589,29599,10
13.0472898483,80.2487411499,29599,29609,10
13.0468797684,80.2486419678,29609,29619,10
13.0467300415,80.248626709,29619,29629,10
13.0461997986,80.2485275269,29629,29639,10
13.045419693,80.2482833862,29639,29649,10
13.0445604324,80.2480621338,29649,29659,10
13.0436000824,80.2479095459,29659,29669,10
13.0427799225,80.2477798462,29669,29680,11
13.0419902802,80.2476806641,29680,29690,10
13.041469574,80.2475128174,29690,29700,10
13.0411901474,80.247428894,29700,29710,10
13.0406303406,80.2473220825,29710,29720,10
13.0398597717,80.2471389771,29720,29730,10
13.0394601822,80.2470626831,29730,29740,10
13.0392103195,80.2469787598,29740,29750,10
13.0387001038,80.2468490601,29750,29760,10
13.0385503769,80.2468185425,29760,29770,10
13.0384502411,80.2468032837,29770,29780,10
13.0382204056,80.2468109131,29780,29791,11
13.0379400253,80.2467575073,29791,29801,10
13.037320137,80.2466201782,29801,29811,10
13.0365104675,80.2464523315,29811,29821,10
13.0358896255,80.2463607788,29821,29831,10
13.0357704163,80.246307373,29831,29841,10
13.0355501175,80.2462310791,29841,29851,10
13.0352602005,80.2460479736,29851,29861,10
13.0352401733,80.2460174561,29861,29871,10
13.0349597931,80.24584198,29871,29881,10
13.0346097946,80.2453384399,29881,29891,10
13.0339899063,80.2446594238,29891,29901,10
13.0332202911,80.2436981201,29901,29912,11
13.0324497223,80.2425994873,29912,29922,10
13.0318803787,80.2417602539,29922,29932,10
13.0314903259,80.2409210205,29932,29942,10
13.0312595367,80.240447998,29942,29982,40
13.0312595367,80.240447998,29982,29992,10
13.0312004089,80.2402877808,29992,30002,10
13.031080246,80.2399902344,30002,30012,10
13.0307703018,80.2393417358,30012,30022,10
13.0303001404,80.2385025024,30022,30033,11
13.0297803879,80.2376327515,30033,30043,10
13.0293102264,80.2370223999,30043,30053,10
13.0291795731,80.236869812,30053,30063,10
13.0287704468,80.2364196777,30063,30073,10
13.028169632,80.235748291,30073,30083,10
13.0276203156,80.2349090576,30083,30093,10
13.0270996094,80.2340011597,30093,30103,10
13.0265302658,80.2331008911,30103,30113,10
13.0261802673,80.2322463989,30113,30123,10
13.02602005,80.2315826416,30123,30133,10
13.0257701874,80.2307510376,30133,30143,10
13.0251903534,80.2297821045,30143,30154,11
13.0245800018,80.2289810181,30154,30164,10
13.0241603851,80.228477478,30164,30184,20
13.0241603851,80.228477478,30184,30194,10
13.0240602493,80.2283401489,30194,30204,10
13.023900032,80.2280578613,30204,30214,10
13.0233898163,80.2275009155,30214,30224,10
13.0226402283,80.2268600464,30224,30234,10
13.0219297409,80.2262496948,30234,30244,10
13.0213098526,80.2257766724,30244,30254,10
13.0207595825,80.2253799438,30254,30264,10
13.0205602646,80.2252502441,30264,30275,11
13.0201997757,80.2250213623,30275,30285,10
13.019610405,80.2246398926,30285,30295,10
13.0187397003,80.2245483398,30295,30305,10
13.0178804398,80.2248764038,30305,30315,10
13.016960144,80.2252731323,30315,30325,10
13.0163002014,80.2255401611,30325,30335,10
13.0157203674,80.2257385254,30335,30345,10
13.014960289,80.2260437012,30345,30355,10
13.0142402649,80.2263183594,30355,30375,20
13.0142402649,80.2263183594,30375,30385,10
13.0140199661,80.2264099121,30385,30396,11
13.0133495331,80.2266693115,30396,30406,10
13.0124998093,80.2269897461,30406,30416,10
13.0115203857,80.2273788452,30416,30426,10
13.0104703903,80.2277908325,30426,30436,10
13.009519577,80.2281799316,30436,30446,10
13.009059906,80.229019165,30446,30456,10
13.0088396072,80.2301712036,30456,30466,10
13.008600235,80.2314071655,30466,30476,10
13.0083599091,80.2326202393,30476,30486,10
13.0082502365,80.2335586548,30486,30506,20
13.0082502365,80.2335586548,30506,30517,11
13.0081501007,80.2338485718,30517,30527,10
13.0080699921,80.2342300415,30527,30537,10
13.0079498291,80.2348403931,30537,30547,10
13.0078001022,80.2356109619,30547,30557,10
13.0076599121,80.2364425659,30557,30567,10
13.0075597763,80.2369003296,30567,30577,10
13.0075597763,80.2369232178,30577,30587,10
13.0074796677,80.2372894287,30587,30597,10
13.007349968,80.2378997803,30597,30607,10
13.0072202682,80.2387390137,30607,30617,10
13.0069904327,80.2399291992,30617,30658,41
13.0069904327,80.2399291992,30658,30668,10
13.0069503784,80.2404174805,30668,30678,10
13.0068702698,80.2408599854,30678,30688,10
13.0068597794,80.2408676147,30688,30698,10
13.006819725,80.2410202026,30698,30708,10
13.0067596436,80.2415237427,30708,30718,10
13.0067501068,80.2422866821,30718,30728,10
13.0067195892,80.2431869507,30728,30738,10
13.0067300797,80.2440719604,30738,30748,10
13.0067195892,80.2445602417,30748,30769,21
13.0067195892,80.2445602417,30769,30779,10
13.0066795349,80.2449264526,30779,30819,40
13.0066795349,80.2449264526,30819,30829,10
13.0067195892,80.2452011108,30829,30839,10
13.0067300797,80.24559021,30839,30849,10
13.0067596436,80.2462615967,30849,30859,10
13.0067796707,80.247177124,30859,30869,10
13.0067596436,80.2482528687,30869,30880,11
13.0067996979,80.2494125366,30880,30890,10
13.0068302155,80.2504272461,30890,30900,10
13.0068702698,80.2509307861,30900,30910,10
13.0068702698,80.2509689331,30910,30920,10
13.0068702698,80.2513427734,30920,30930,10
13.0066995621,80.251991272,30930,30940,10
13.0065898895,80.2528610229,30940,30950,10
13.0065803528,80.2537002563,30950,30960,10
13.0066099167,80.2546081543,30960,30970,10
13.0066299438,80.2552108765,30970,30980,10
13.0066204071,80.2552337646,30980,30990,10
13.0066204071,80.2556533813,30990,31001,11
13.0066099167,80.2565078735,31001,31011,10
13.0066699982,80.2571487427,31011,31071,60
13.0066699982,80.2571487427,31071,31081,10
13.0067396164,80.25730896,31081,31091,10
13.0065402985,80.2576065063,31091,31101,10
13.0058603287,80.2574234009,31101,31111,10
13.0051698685,80.257232666,31111,31122,11
13.0043497086,80.2570571899,31122,31132,10
13.0034303665,80.2568893433,31132,31142,10
13.0026903152,80.2567825317,31142,31152,10
13.0017404556,80.2566070557,31152,31162,10
13.0005302429,80.2564315796,31162,31172,10
12.9994297028,80.2562179565,31172,31182,10
12.998749733,80.2561264038,31182,31192,10
12.9986400604,80.2561035156,31192,31202,10
12.998459816,80.2560806274,31202,31212,10
12.9980201721,80.2559661865,31212,31222,10
12.9972400665,80.2559204102,31222,31232,10
12.9968700409,80.2559890747,31232,31243,11
12.9965200424,80.2559509277,31243,31253,10
12.9961004257,80.2559432983,31253,31263,10
12.9956197739,80.2559127808,31263,31273,10
12.995059967,80.2559509277,31273,31283,10
12.9944496155,80.2559432983,31283,31293,10
12.993929863,80.2560119629,31293,31303,10
12.9930400848,80.2560806274,31303,31313,10
12.9919395447,80.2560882568,31313,31323,10
12.9911298752,80.2560882568,31323,31333,10
12.9908800125,80.2560577393,31333,31343,10
12.9906101227,80.2560195923,31343,31353,10
12.9902000427,80.2560119629,31353,31364,11
12.9895000458,80.2559814453,31364,31374,10
12.9891996384,80.2559967041,31374,31414,40
12.9891996384,80.2559967041,31414,31424,10
12.9889698029,80.2559967041,31424,31434,10
12.9885797501,80.2559509277,31434,31444,10
12.9881401062,80.2558898926,31444,31454,10
12.9877700806,80.2558670044,31454,31464,10
12.9876203537,80.256439209,31464,31474,10
12.9875802994,80.2569503784,31474,31485,11
12.9875097275,80.257522583,31485,31495,10
12.9874601364,80.2583084106,31495,31505,10
12.9873600006,80.2591781616,31505,31515,10
12.9872198105,80.2595977783,31515,31545,30
12.9872198105,80.2595977783,31545,31555,10
12.9869403839,80.2595291138,31555,31565,10
12.9866199493,80.2594833374,31565,31575,10
12.9866695404,80.2591018677,31575,31656,81
12.9868402481,80.2590637207,31656,32903,1247
12.9868402481,80.2590637207,32903,32913,10
12.9871397018,80.2591781616,32913,32923,10
12.9873399734,80.2589569092,32923,32933,10
12.9874000549,80.2583770752,32933,32943,10
12.9874601364,80.2577362061,32943,32953,10
12.9875602722,80.2569122314,32953,32963,10
12.9876098633,80.2559967041,32963,33054,91
12.9876098633,80.2559967041,33054,33064,10
12.9877796173,80.2556610107,33064,33074,10
12.9881401062,80.2557601929,33074,33084,10
12.988699913,80.2558364868,33084,33094,10
12.9887599945,80.255859375,33094,33104,10
12.9892101288,80.2559432983,33104,33114,10
12.9899597168,80.2559814453,33114,33124,10
12.9904603958,80.2559585571,33124,33135,11
12.9907798767,80.2560119629,33135,33145,10
12.9912796021,80.2560424805,33145,33155,10
12.9920701981,80.2560501099,33155,33165,10
12.992890358,80.2559967041,33165,33175,10
12.9936704636,80.2559661865,33175,33185,10
12.994310379,80.2559585571,33185,33195,10
12.9952802658,80.2558670044,33195,33225,30
12.9952802658,80.2558670044,33225,33235,10
12.9954795837,80.255859375,33235,33245,10
12.9956998825,80.2558822632,33245,33256,11
12.9959402084,80.2558670044,33256,33266,10
12.9962501526,80.2558670044,33266,33276,10
12.9967699051,80.255859375,33276,33336,60
12.9967699051,80.255859375,33336,33346,10
12.997130394,80.2559280396,33346,33356,10
12.997300148,80.2559280396,33356,33366,10
12.9978303909,80.2559509277,33366,33377,11
12.9985904694,80.2560119629,33377,33387,10
12.998840332,80.2560272217,33387,33397,10
12.9989204407,80.2560424805,33397,33407,10
12.9990596771,80.2560806274,33407,33417,10
12.9991502762,80.2560882568,33417,33427,10
12.9995803833,80.2561798096,33427,33437,10
13.0001296997,80.2562713623,33437,33447,10
13.0010004044,80.2564315796,33447,33498,51
13.0010004044,80.2564315796,33498,33508,10
13.0013198853,80.2565307617,33508,33518,10
13.001540184,80.2565765381,33518,33528,10
13.0018796921,80.2566299438,33528,33538,10
13.0024795532,80.2567062378,33538,33548,10
13.0031795502,80.2568511963,33548,33558,10
13.0039196014,80.2569885254,33558,33568,10
13.004650116,80.2571182251,33568,33578,10
13.0055398941,80.2572937012,33578,33588,10
13.0062103271,80.2574005127,33588,33598,10
13.0064001083,80.2574462891,33598,33608,10
13.0065898895,80.2573394775,33608,33619,11
13.0065202713,80.2567367554,33619,33629,10
13.0065097809,80.2559280396,33629,33639,10
13.0065402985,80.254989624,33639,33649,10
13.0064897537,80.2539825439,33649,33659,10
13.0065097809,80.2533798218,33659,33669,10
13.0065498352,80.253288269,33669,33679,10
13.0065603256,80.2528610229,33679,33689,10
13.0065498352,80.2523193359,33689,33699,10
13.0065698624,80.2520370483,33699,33709,10
13.0066404343,80.2515563965,33709,33719,10
13.0067300797,80.2507324219,33719,33729,10
13.0067396164,80.25,33729,33740,11
13.0067195892,80.2492370605,33740,33750,10
13.0066699982,80.2487411499,33750,33760,10
13.0066299438,80.248260498,33760,33901,141
13.0066299438,80.248260498,33901,33911,10
13.0066204071,80.247833252,33911,33921,10
13.0066299438,80.2473373413,33921,33931,10
13.0066404343,80.2468414307,33931,33941,10
13.0066003799,80.2465286255,33941,33951,10
13.0066204071,80.2464370728,33951,33961,10
13.0066003799,80.2461700439,33961,33970,9
13.0066003799,80.2461471558,33970,33981,11
13.0065803528,80.2458877563,33981,33992,11
13.0066003799,80.2457427979,33992,34002,10
13.0066099167,80.245552063,34002,34012,10
13.0066204071,80.2453384399,34012,34022,10
13.0066204071,80.2450714111,34022,34032,10
13.0065898895,80.2447814941,34032,34042,10
13.0066003799,80.2445297241,34042,34052,10
13.0066099167,80.2443084717,34052,34062,10
13.0066003799,80.2440414429,34062,34072,10
13.0066099167,80.2437896729,34072,34082,10
13.0066204071,80.2435073853,34082,34092,10
13.0066204071,80.2431030273,34092,34101,9
13.0066204071,80.2424621582,34101,34113,12
13.0066099167,80.2414169312,34113,34123,10
13.0066404343,80.2408370972,34123,34193,70
13.0066404343,80.2408370972,34193,34203,10
13.0066900253,80.2405471802,34203,34213,10
13.0067901611,80.2402191162,34213,34224,11
13.0070199966,80.2394638062,34224,34234,10
13.0071697235,80.2383880615,34234,34244,10
13.007349968,80.237487793,34244,34254,10
13.0074195862,80.2368011475,34254,34264,10
13.0074596405,80.2367095947,34264,34274,10
13.0075302124,80.2364883423,34274,34284,10
13.0075998306,80.2361831665,34284,34294,10
13.0077295303,80.2355194092,34294,34304,10
13.0078496933,80.2348632813,34304,34314,10
13.0080404282,80.2339935303,34314,34324,10
13.0082302094,80.232963562,34324,34333,9
13.0083904266,80.2320632935,34333,34344,11
13.0085802078,80.2310180664,34344,34355,11
13.0087995529,80.2299499512,34355,34365,10
13.0089502335,80.2291030884,34365,34375,10
13.0091600418,80.2282409668,34375,34385,10
13.0094604492,80.2275238037,34385,34395,10
13.0098400116,80.2266464233,34395,34405,10
13.0101604462,80.225982666,34405,34415,10
13.010430336,80.2253494263,34415,34425,10
13.0106697083,80.2249069214,34425,34435,10
13.0108098984,80.2245101929,34435,34445,10
13.0109395981,80.2240905762,34445,34455,10
13.0111303329,80.2236633301,34455,34464,9
13.0112895966,80.2233276367,34464,34476,12
13.0116500854,80.2225494385,34476,34486,10
13.0118904114,80.2218170166,34486,34496,10
13.0120897293,80.2214584351,34496,34506,10
13.0122003555,80.2213821411,34506,34516,10
13.0123996735,80.221496582,34516,34526,10
13.0126199722,80.2219085693,34526,34536,10
13.0129203796,80.222366333,34536,34546,10
13.0134000778,80.2228088379,34546,34556,10
13.0139198303,80.2232894897,34556,34566,10
13.0141897202,80.2236022949,34566,34576,10
13.0143404007,80.2239379883,34576,34586,10
13.0148296356,80.2245635986,34586,34597,11
13.0156497955,80.2252426147,34597,34607,10
13.0166196823,80.2252807617,34607,34617,10
13.0176200867,80.2248916626,34617,34627,10
13.018529892,80.2244873047,34627,34637,10
13.0191001892,80.2242965698,34637,34647,10
13.0193595886,80.2242889404,34647,34657,10
13.0195198059,80.2243499756,34657,34667,10
13.0196895599,80.2244873047,34667,34677,10
13.0198802948,80.224647522,34677,34687,10
13.0199699402,80.2246932983,34687,34697,10
13.0203199387,80.2249679565,34697,34728,31
13.0203199387,80.2249679565,34728,34738,10
13.0206403732,80.225189209,34738,34748,10
13.0207901001,80.2253189087,34748,34758,10
13.0209903717,80.225479126,34758,34768,10
13.0213298798,80.2258224487,34768,34788,20
13.0213298798,80.2258224487,34788,34798,10
13.0215196609,80.2259063721,34798,34808,10
13.0215501785,80.2259216309,34808,34818,10
13.021780014,80.2260437012,34818,34828,10
13.0219697952,80.2261810303,34828,34839,11
13.0221004486,80.226272583,34839,34849,10
13.0222902298,80.2264404297,34849,34889,40
13.0222902298,80.2264404297,34889,34899,10
13.0226202011,80.2267303467,34899,34909,10
13.0226697922,80.2267913818,34909,34919,10
13.0228395462,80.2269821167,34919,34929,10
13.0229501724,80.2270965576,34929,34939,10
13.0231103897,80.2273178101,34939,34970,31
13.0231103897,80.2273178101,34970,34980,10
13.0233802795,80.2274703979,34980,34990,10
13.0236701965,80.2277297974,34990,35000,10
13.0239200592,80.2279663086,35000,35010,10
13.0242996216,80.2283782959,35010,35050,40
13.0242996216,80.2283782959,35050,35060,10
13.0244197845,80.2284164429,35060,35070,10
13.0245800018,80.2286987305,35070,35081,11
13.0246601105,80.2288131714,35081,35091,10
13.0247802734,80.2290420532,35091,35101,10
13.0249996185,80.2293167114,35101,35111,10
13.0254297256,80.2298812866,35111,35121,10
13.0258598328,80.2305679321,35121,35131,10
13.02602005,80.2309875488,35131,35191,60
13.02602005,80.2309875488,35191,35202,11
13.0260400772,80.2313690186,35202,35212,10
13.0261497498,80.2317581177,35212,35222,10
13.0263299942,80.2322998047,35222,35232,10
13.0263996124,80.2324981689,35232,35242,10
13.0264902115,80.2327423096,35242,35252,10
13.0266799927,80.2331008911,35252,35262,10
13.0270395279,80.2337036133,35262,35272,10
13.0274801254,80.2343978882,35272,35282,10
13.0278396606,80.2350997925,35282,35292,10
13.0282697678,80.2357177734,35292,35302,10
13.0288496017,80.236328125,35302,35312,10
13.0293302536,80.2368469238,35312,35323,11
13.0295801163,80.237121582,35323,35333,10
13.0296001434,80.2372665405,35333,35343,10
13.0297899246,80.2374725342,35343,35353,10
13.0300102234,80.2378768921,35353,35363,10
13.0304002762,80.2384872437,35363,35373,10
13.0306396484,80.2388916016,35373,35393,20
13.0306396484,80.2388916016,35393,35403,10
13.0307397842,80.2390518188,35403,35413,10
13.0309000015,80.2393569946,35413,35423,10
13.0311002731,80.2397232056,35423,35433,10
13.0312995911,80.2400131226,35433,35444,11
13.0314397812,80.2404937744,35444,35454,10
13.0315504074,80.2408676147,35454,35464,10
13.0317201614,80.2412490845,35464,35474,10
13.0319299698,80.2416915894,35474,35484,10
13.0322799683,80.2422714233,35484,35494,10
13.0327596664,80.2429122925,35494,35504,10
13.0332899094,80.2436065674,35504,35514,10
13.0337200165,80.2443008423,35514,35524,10
13.0342102051,80.244972229,35524,35534,10
13.0347499847,80.2455368042,35534,35544,10
13.0351400375,80.2458877563,35544,35553,9
13.0352697372,80.2460098267,35553,35565,12
13.0355701447,80.246131897,35565,35575,10
13.0355901718,80.246131897,35575,35585,10
13.0358896255,80.2462234497,35585,35595,10
13.03647995,80.2463989258,35595,35605,10
13.0372600555,80.2465209961,35605,35615,10
13.037779808,80.2464599609,35615,35625,10
13.0384902954,80.246673584,35625,35635,10
13.0389995575,80.2468109131,35635,35677,42
13.0389995575,80.2468109131,35677,35688,11
13.0391998291,80.2468719482,35688,35698,10
13.0395803452,80.246963501,35698,35708,10
13.0401296616,80.2470779419,35708,35718,10
13.0406503677,80.2471694946,35718,35728,10
13.0407304764,80.2471923828,35728,35738,10
13.0411300659,80.2472763062,35738,35748,10
13.0418901443,80.2474136353,35748,35758,10
13.0425195694,80.2475891113,35758,35768,10
13.0429096222,80.2477798462,35768,35778,10
13.0434103012,80.2478790283,35778,35788,10
13.0440101624,80.2477874756,35788,35798,10
13.0446100235,80.2478790283,35798,35809,11
13.0451898575,80.2481384277,35809,35819,10
13.0457601547,80.2483825684,35819,35829,10
13.0463600159,80.2484664917,35829,35839,10
13.046959877,80.2483901978,35839,35849,10
13.0470399857,80.2483978271,35849,35859,10
13.0472698212,80.2484893799,35859,35869,10
13.0476102829,80.2488174438,35869,35879,10
13.0482501984,80.2494430542,35879,35889,10
13.0489397049,80.2496871948,35889,35899,10
13.0492696762,80.2497329712,35899,35909,10
13.0493402481,80.2497177124,35909,35919,10
13.0497903824,80.2498016357,35919,35928,9
13.0514097214,80.2501907349,35928,35950,22
13.0514097214,80.2501907349,35950,35960,10
13.0514602661,80.250213623,35960,35970,10
13.0515899658,80.2502822876,35970,35980,10
13.0517301559,80.2503585815,35980,35990,10
13.05189991,80.2504730225,35990,36000,10
13.0519104004,80.2504806519,36000,36010,10
13.0520095825,80.25050354,36010,36020,10
13.0521497726,80.2506408691,36020,36030,10
13.0523004532,80.250869751,36030,36040,10
13.0523395538,80.2509384155,36040,36049,9
13.0524101257,80.2510681152,36049,36061,12
13.0526199341,80.2513580322,36061,36071,10
13.0526800156,80.2514419556,36071,36081,10
13.0528497696,80.2516403198,36081,36091,10
13.0530004501,80.2518615723,36091,36101,10
13.0531301498,80.2520523071,36101,36111,10
13.0533399582,80.2523269653,36111,36121,10
13.0534296036,80.2524490356,36121,36131,10
13.0535802841,80.2526779175,36131,36141,10
13.0537796021,80.2529907227,36141,36151,10
13.0540399551,80.2533721924,36151,36161,10
13.0542898178,80.2536773682,36161,36182,21
13.0542898178,80.2536773682,36182,36192,10
13.0543699265,80.2537994385,36192,36202,10
13.0544300079,80.2539215088,36202,36212,10
13.0545902252,80.2541275024,36212,36222,10
13.0547399521,80.2543411255,36222,36232,10
13.0548801422,80.2545318604,36232,36242,10
13.0550603867,80.2547302246,36242,36252,10
13.0552396774,80.2549819946,36252,36262,10
13.0554304123,80.2552337646,36262,36272,10
13.0555896759,80.2554168701,36272,36282,10
13.055850029,80.2557067871,36282,36292,10
13.0559797287,80.2558898926,36292,36303,11
13.0562200546,80.2562713623,36303,36313,10
13.0568199158,80.2568511963,36313,36333,20
13.0568199158,80.2568511963,36333,36343,10
13.0571804047,80.2570877075,36343,36353,10
13.057559967,80.2574462891,36353,36363,10
13.05768013,80.2576522827,36363,36373,10
13.0579595566,80.2579879761,36373,36383,10
13.0584201813,80.2585830688,36383,36393,10
13.0588998795,80.2591171265,36393,36403,10
13.0592298508,80.2597122192,36403,36413,10
13.0595998764,80.2601089478,36413,36424,11
13.0601997375,80.2606735229,36424,36434,10
13.0606298447,80.261138916,36434,36444,10
13.0607595444,80.2613677979,36444,36454,10
13.0608501434,80.2615432739,36454,36464,10
13.0611801147,80.2619018555,36464,36474,10
13.0615196228,80.2622528076,36474,36484,10
13.061750412,80.262588501,36484,36494,10
13.0619401932,80.2628097534,36494,36504,10
13.062330246,80.2632827759,36504,36514,10
13.0627698898,80.2637786865,36514,36524,10
13.0630598068,80.2641296387,36524,36534,10
13.0631103516,80.2641830444,36534,36545,11
13.0633497238,80.2645263672,36545,36555,10
13.0636301041,80.2649765015,36555,36565,10
13.0637397766,80.2651596069,36565,36575,10
13.0638504028,80.2652816772,36575,36585,10
13.0639295578,80.2654037476,36585,36595,10
13.0640497208,80.2656097412,36595,36605,10
13.0643701553,80.2659912109,36605,36615,10
13.0646800995,80.2663574219,36615,36625,10
13.0648403168,80.2665863037,36625,36635,10
13.0649900436,80.2667922974,36635,36645,10
13.0655002594,80.2671585083,36645,36655,10
13.0660200119,80.2678222656,36655,36666,11
13.0670900345,80.2685699463,36666,36686,20
13.0670900345,80.2685699463,36686,36696,10
13.0674600601,80.2688827515,36696,36706,10
13.0679597855,80.269203186,36706,36716,10
13.0682897568,80.2693023682,36716,36726,10
13.068400383,80.268913269,36726,36736,10
13.0685901642,80.2683868408,36736,36746,10
13.0687599182,80.2677764893,36746,36756,10
13.0688896179,80.2673492432,36756,36766,10
13.0694103241,80.2667922974,36766,36776,10
13.0699901581,80.2662277222,36776,36787,11
13.0703802109,80.265838623,36787,36797,10
13.0704803467,80.2657623291,36797,36807,10
13.0708799362,80.2653579712,36807,36817,10
13.0713100433,80.2649002075,36817,36827,10
13.0717897415,80.2643508911,36827,36837,10
13.0722703934,80.2637176514,36837,36847,10
13.0725698471,80.2629623413,36847,36857,10
13.0727300644,80.2624664307,36857,36867,10
13.0729198456,80.2619094849,36867,36877,10
13.0729503632,80.2618179321,36877,36887,10
13.0730304718,80.2616119385,36887,36897,10
13.0730495453,80.2613220215,36897,36906,9
13.0730800629,80.2610778809,36906,36918,12
13.0732698441,80.2605819702,36918,36928,10
13.0735502243,80.2600326538,36928,36938,10
13.0738601685,80.2595291138,36938,36948,10
13.0744199753,80.2590103149,36948,36958,10
13.0752897263,80.2582626343,36958,36978,20
13.0752897263,80.2582626343,36978,36988,10
13.0755300522,80.2580566406,36988,36998,10
13.0759601593,80.2577590942,36998,37008,10
13.0764799118,80.2573013306,37008,37018,10
13.0769996643,80.2568969727,37018,37029,11
13.0776700974,80.2566680908,37029,37039,10
13.0784502029,80.2565994263,37039,37049,10
13.0789899826,80.2565231323,37049,37059,10
13.0790596008,80.2560119629,37059,37069,10
13.0789699554,80.2552108765,37069,37079,10
13.0788803101,80.2547225952,37079,37230,151
13.0788803101,80.2547225952,37230,37240,10
13.0789003372,80.2545776367,37240,37250,10
13.0790700912,80.2545394897,37250,37260,10
13.0793895721,80.2545166016,37260,37270,10
13.0797195435,80.2545623779,37270,37281,11
13.0800800323,80.2546615601,37281,37291,10
13.0806903839,80.254737854,37291,37301,10
13.0813302994,80.2548065186,37301,37311,10
13.0817403793,80.2545318604,37311,37321,10
13.081870079,80.2540512085,37321,37331,10
13.0818901062,80.2535705566,37331,37341,10
13.0819301605,80.2530670166,37341,37351,10
13.0817098618,80.2526321411,37351,37361,10
13.081410408,80.2521591187,37361,37371,10
13.0813703537,80.2515411377,37371,37381,10
13.0813798904,80.2509689331,37381,37391,10
13.0813703537,80.2503662109,37391,37402,11
13.0813503265,80.2497329712,37402,37412,10
13.0818099976,80.2496414185,37412,37422,10
13.0825300217,80.2497787476,37422,37432,10
13.0832099915,80.2498703003,37432,37442,10
13.0839395523,80.2499923706,37442,37452,10
13.0846500397,80.2501602173,37452,37462,10
13.0853595734,80.2502822876,37462,37472,10
13.0858602524,80.2502365112,37472,37482,10
13.0858602524,80.2497024536,37482,37492,10
13.0858297348,80.248878479,37492,37502,10
13.0858001709,80.2480163574,37502,37512,10
13.0858001709,80.2471008301,37512,37523,11
13.0857696533,80.2466201782,37523,37533,10
13.0857400894,80.2463912964,37533,37543,10
13.0856800079,80.2454910278,37543,37573,30
13.0856800079,80.2454910278,37573,37583,10
13.0856599808,80.2451477051,37583,37593,10
13.0860900879,80.2447967529,37593,37603,10
13.0867204666,80.2443313599,37603,37613,10
13.0872297287,80.2439193726,37613,37623,10
13.0876502991,80.2434997559,37623,37632,9
13.0878000259,80.2432098389,37632,37644,12
13.0879497528,80.2423934937,37644,37654,10
13.088350296,80.2419204712,37654,37664,10
13.0888996124,80.2415618896,37664,37674,10
13.0894603729,80.2411880493,37674,37684,10
13.0897598267,80.2409973145,37684,37694,10
13.0901699066,80.2408599854,37694,37704,10
13.0907697678,80.2408065796,37704,37714,10
13.091629982,80.240852356,37714,37724,10
13.0924501419,80.2408905029,37724,37734,10
13.0930595398,80.2409362793,37734,37744,10
13.0934200287,80.2409820557,37744,37754,10
13.0939798355,80.2410964966,37754,37764,10
13.0943403244,80.2411575317,37764,37775,11
13.09471035,80.2412567139,37775,37785,10
13.0953397751,80.2414169312,37785,37795,10
13.0960197449,80.2416687012,37795,37805,10
13.0967702866,80.2419204712,37805,37815,10
13.0971803665,80.2420272827,37815,37845,30
13.0971803665,80.2420272827,37845,37855,10
13.0973796844,80.2421035767,37855,37865,10
13.097820282,80.2422180176,37865,37875,10
13.0982904434,80.2422866821,37875,37885,10
13.0986003876,80.2422637939,37885,37896,11
13.0987300873,80.2421035767,37896,37906,10
13.0986003876,80.2418212891,37906,37916,10
13.098449707,80.2421035767,37916,38097,181
13.0984802246,80.2423095703,38097,38178,81
13.0984802246,80.2423095703,38178,38188,10
13.0983896255,80.2423706055,38188,38198,10
13.0981197357,80.2423477173,38198,38208,10
13.0975198746,80.2422180176,38208,38289,81
13.0975198746,80.2422180176,38289,38299,10
13.0970897675,80.2420501709,38299,38309,10
13.0965499878,80.241859436,38309,38319,10
13.096159935,80.2417602539,38319,38329,10
13.0956602097,80.2415771484,38329,38339,10
13.0952596664,80.2414474487,38339,38349,10
13.0950202942,80.2413711548,38349,38359,10
13.0946502686,80.2412796021,38359,38369,10
13.0942697525,80.2412109375,38369,38380,11
13.0936403275,80.2410964966,38380,38390,10
13.0935602188,80.2410888672,38390,38400,10
13.09333992,80.2410430908,38400,38410,10
13.0930404663,80.2409973145,38410,38420,10
13.09237957,80.2409286499,38420,38430,10
13.0915699005,80.2408676147,38430,38440,10
13.0906600952,80.2408676147,38440,38450,10
13.0897703171,80.2409820557,38450,38460,10
13.0891399384,80.2414016724,38460,38470,10
13.0883598328,80.2419586182,38470,38480,10
13.0879402161,80.2425765991,38480,38490,10
13.0878601074,80.2431182861,38490,38501,11
13.0877399445,80.2434005737,38501,38511,10
13.0873003006,80.2438964844,38511,38521,10
13.0866699219,80.2444381714,38521,38531,10
13.0862197876,80.2448272705,38531,38541,10
13.0859298706,80.2450180054,38541,38551,10
13.0858297348,80.2451324463,38551,38561,10
13.0857000351,80.2453536987,38561,38571,10
13.0856800079,80.2456283569,38571,38581,10
13.085729599,80.2460708618,38581,38591,10
13.0857801437,80.2466201782,38591,38601,10
13.0857896805,80.2467803955,38601,38610,9
13.0858001709,80.2471694946,38610,38622,12
13.0858802795,80.2481536865,38622,38632,10
13.0859203339,80.2491378784,38632,38642,10
13.0859699249,80.2501831055,38642,38692,50
13.0859699249,80.2501831055,38692,38702,10
13.0860004425,80.2503890991,38702,38712,10
13.0859804153,80.2506332397,38712,38722,10
13.0858697891,80.2510223389,38722,38732,10
13.0857601166,80.2517166138,38732,38743,11
13.0856800079,80.2522583008,38743,38753,10
13.0855998993,80.2529220581,38753,38763,10
13.0855703354,80.253578186,38763,38773,10
13.0856199265,80.2541122437,38773,38783,10
13.0856103897,80.2546234131,38783,38793,10
13.0852203369,80.2547225952,38793,38803,10
13.0846300125,80.2546768188,38803,38813,10
13.0838899612,80.2545776367,38813,38833,20
13.0838899612,80.2545776367,38833,38843,10
13.0837602615,80.2545318604,38843,38853,10
13.0832901001,80.2545089722,38853,38864,11
13.0825500488,80.2544784546,38864,38874,10
13.0819997787,80.2545623779,38874,38884,10
13.0814399719,80.2548370361,38884,38894,10
13.0808897018,80.2547988892,38894,38904,10
13.0808095932,80.2547988892,38904,38914,10
13.080450058,80.2547607422,38914,38924,10
13.0797796249,80.2546768188,38924,38934,10
13.0792303085,80.2546615601,38934,38944,10
13.0789804459,80.254737854,38944,38954,10
13.0789899826,80.2550201416,38954,38964,10
13.0790700912,80.2557601929,38964,38974,10
13.0791501999,80.2563171387,38974,38985,11
13.0790300369,80.2566223145,38985,38995,10
13.0784301758,80.2566680908,38995,39005,10
13.0777597427,80.2566986084,39005,39015,10
13.0770902634,80.2568664551,39015,39025,10
13.0764703751,80.25730896,39025,39035,10
13.0757904053,80.2579574585,39035,39045,10
13.0754995346,80.2585067749,39045,39055,10
13.0756998062,80.2591705322,39055,39065,10
13.0762796402,80.2598266602,39065,39075,10
13.0770702362,80.260559082,39075,39085,10
13.0774898529,80.2613372803,39085,39095,10
13.0777902603,80.262046814,39095,39126,31
13.0777902603,80.262046814,39126,39136,10
13.0778999329,80.2624816895,39136,39146,10
13.07791996,80.2626571655,39146,39156,10
13.0780601501,80.263092041,39156,39166,10
13.0780601501,80.2634277344,39166,39176,10
13.0776500702,80.2637710571,39176,39186,10
13.0770397186,80.2640380859,39186,39196,10
13.0764503479,80.2641525269,39196,39206,10
13.0757799149,80.264213562,39206,39216,10
13.075340271,80.2636795044,39216,39226,10
13.0748300552,80.2630081177,39226,39237,11
13.0742797852,80.262336731,39237,39247,10
13.0737400055,80.261756897,39247,39267,20
13.0737400055,80.261756897,39267,39277,10
13.0736503601,80.2616271973,39277,39287,10
13.0733604431,80.2613830566,39287,39297,10
13.0729904175,80.2617416382,39297,39307,10
13.0727901459,80.2623901367,39307,39317,10
13.0725698471,80.2629928589,39317,39327,10
13.0724000931,80.2635726929,39327,39337,10
13.0719900131,80.2641525269,39337,39346,9
13.0716199875,80.2645263672,39346,39358,12
13.0715999603,80.264541626,39358,39368,10
13.0713996887,80.2647323608,39368,39378,10
13.0709896088,80.2651519775,39378,39388,10
13.0704803467,80.2657089233,39388,39398,10
13.0699796677,80.2662200928,39398,39408,10
13.0695400238,80.2667236328,39408,39418,10
13.0690097809,80.2672805786,39418,39428,10
13.0687103271,80.2680664063,39428,39438,10
13.0685100555,80.268661499,39438,39448,10
13.0683698654,80.2691802979,39448,39458,10
13.0682897568,80.2696228027,39458,39468,10
13.0682401657,80.2700881958,39468,39479,11
13.0681800842,80.2705383301,39479,39489,10
13.0680704117,80.2709732056,39489,39499,10
13.0676202774,80.2707901001,39499,39509,10
13.0671796799,80.2703781128,39509,39519,10
13.0671100616,80.270362854,39519,39529,10
13.0668497086,80.2700195313,39529,39539,10
13.0665302277,80.2694396973,39539,39549,10
13.0664196014,80.268737793,39549,39559,10
13.0662097931,80.2682723999,39559,39569,10
13.0657396317,80.2677993774,39569,39579,10
13.0654602051,80.2676925659,39579,39589,10
13.0654201508,80.2676773071,39589,39600,11
13.0652704239,80.2676391602,39600,39610,10
13.0649299622,80.2676010132,39610,39620,10
13.0642204285,80.2675170898,39620,39630,10
13.0634298325,80.2673797607,39630,39640,10
13.0627498627,80.2672271729,39640,39650,10
13.0622396469,80.2666778564,39650,39660,10
13.0616798401,80.265953064,39660,39670,10
13.0611801147,80.2653274536,39670,39680,10
13.0608701706,80.2652206421,39680,39690,10
13.0606002808,80.2653503418,39690,39700,10
13.0605602264,80.26537323,39700,39710,10
13.0601997375,80.2655334473,39710,39721,11
13.059630394,80.2656097412,39721,39731,10
13.0591201782,80.2655410767,39731,39741,10
13.0584402084,80.265411377,39741,39751,10
13.0580501556,80.2648925781,39751,39761,10
13.0579595566,80.2641372681,39761,39771,10
13.0578203201,80.2633209229,39771,39781,10
13.0577802658,80.2629013062,39781,39791,10
13.0577602386,80.2626800537,39791,39801,10
13.0577201843,80.2623596191,39801,39811,10
13.0576400757,80.2617721558,39811,39821,10
13.0574903488,80.2610473633,39821,39831,10
13.0572795868,80.2602996826,39831,39842,11
13.0570602417,80.2595062256,39842,39852,10
13.0568599701,80.2587890625,39852,39862,10
13.0566902161,80.2581787109,39862,39872,10
13.0565595627,80.2577133179,39872,39882,10
13.0565595627,80.2576904297,39882,39892,10
13.0565099716,80.2574386597,39892,39902,10
13.0564098358,80.256942749,39902,39912,10
13.0562896729,80.2565002441,39912,39922,10
13.0560398102,80.2561035156,39922,39932,10
13.0556497574,80.2555465698,39932,39942,10
13.055150032,80.2548522949,39942,39952,10
13.0546102524,80.2541732788,39952,39961,9
13.0543498993,80.2538375854,39961,39973,12
13.0542297363,80.253692627,39973,39983,10
13.0539798737,80.2533721924,39983,39993,10
13.0536699295,80.2529296875,39993,40003,10
13.0532398224,80.2523193359,40003,40013,10
13.0526399612,80.2515182495,40013,40023,10
13.0521202087,80.250831604,40023,40033,10
13.0514202118,80.2502365112,40033,40043,10
13.0504598618,80.2499771118,40043,40053,10
13.0494804382,80.2498092651,40053,40063,10
13.0488395691,80.2497711182,40063,40073,10
13.0485897064,80.249710083,40073,40082,9
13.0482501984,80.2495498657,40082,40094,12
13.0476303101,80.2490234375,40094,40104,10
13.04708004,80.2486877441,40104,40114,10
13.0470199585,80.2486724854,40114,40124,10
13.0466499329,80.248626709,40124,40134,10
13.0460195541,80.2485122681,40134,40144,10
13.0453596115,80.2483062744,40144,40154,10
13.044839859,80.2481994629,40154,40164,10
13.0441904068,80.2480697632,40164,40174,10
13.0439901352,80.2479934692,40174,40184,10
13.043680191,80.2479476929,40184,40194,10
13.0431995392,80.2479171753,40194,40204,10
13.042550087,80.2478790283,40204,40215,11
13.0418395996,80.2477111816,40215,40225,10
13.0414896011,80.2475967407,40225,40235,10
13.0414199829,80.247543335,40235,40245,10
13.0409698486,80.2474136353,40245,40255,10
13.0402402878,80.2472686768,40255,40265,10
13.0395803452,80.2470932007,40265,40325,60
13.0395803452,80.2470932007,40325,40336,11
13.0393104553,80.2470092773,40336,40346,10
13.0389404297,80.2469329834,40346,40356,10
13.0383701324,80.2467575073,40356,40366,10
13.0378303528,80.2466964722,40366,40376,10
13.0371799469,80.24659729,40376,40386,10
13.036450386,80.2464599609,40386,40396,10
13.035779953,80.2462463379,40396,40406,10
13.0353097916,80.2460632324,40406,40416,10
13.0352802277,80.2460021973,40416,40426,10
13.0350599289,80.2459411621,40426,40436,10
13.0347299576,80.2455673218,40436,40446,10
13.0343599319,80.2450714111,40446,40457,11
13.0337295532,80.2443771362,40457,40467,10
13.0332803726,80.2437362671,40467,40487,20
13.0332803726,80.2437362671,40487,40497,10
13.0329999924,80.2435531616,40497,40507,10
13.0328598022,80.243347168,40507,40517,10
13.0328302383,80.2433013916,40517,40527,10
13.0327301025,80.2431411743,40527,40598,71
13.0327997208,80.2429199219,40598,40678,80
13.0327997208,80.2429199219,40678,40688,10
13.0326004028,80.2428207397,40688,40699,11
13.0325899124,80.2428131104,40699,40709,10
13.0324802399,80.2426528931,40709,40719,10
13.0324497223,80.2426071167,40719,40729,10
13.0323495865,80.2424926758,40729,40739,10
13.0322399139,80.2423934937,40739,40749,10
13.0320997238,80.2422103882,40749,40759,10
13.0319299698,80.2419281006,40759,40860,101
13.0319299698,80.2419281006,40860,40870,10
13.0318498611,80.2416305542,40870,40880,10
13.0315799713,80.2410888672,40880,40890,10
13.031129837,80.2401885986,40890,40971,81
13.031129837,80.2401885986,40971,40981,10
13.0310497284,80.239906311,40981,40991,10
13.0307302475,80.2392730713,40991,41001,10
13.03028965,80.2385025024,41001,41011,10
13.0297698975,80.2376022339,41011,41021,10
13.0291795731,80.2369003296,41021,41031,10
13.0290803909,80.2367706299,41031,41041,10
13.0289497375,80.236656189,41041,41051,10
13.0285797119,80.2362518311,41051,41061,10
13.0279903412,80.2355728149,41061,41072,11
13.0274095535,80.2346191406,41072,41082,10
13.027009964,80.2339706421,41082,41092,10
13.0267801285,80.2335891724,41092,41102,10
13.0265398026,80.2332000732,41102,41112,10
13.0264101028,80.2329483032,41112,41122,10
13.0264196396,80.2329025269,41122,41132,10
13.0263595581,80.2328033447,41132,41142,10
13.026309967,80.2326889038,41142,41152,10
13.0262498856,80.2325134277,41152,41162,10
13.0261898041,80.2322235107,41162,41172,10
13.0260801315,80.2318725586,41172,41182,10
13.02602005,80.2315597534,41182,41193,11
13.0258197784,80.2308120728,41193,41203,10
13.0253601074,80.2300415039,41203,41213,10
13.0246696472,80.2291412354,41213,41233,20
13.0246696472,80.2291412354,41233,41243,10
13.0245399475,80.2289733887,41243,41253,10
13.0239496231,80.2282714844,41253,41273,20
13.0239496231,80.2282714844,41273,41283,10
13.0238103867,80.2281188965,41283,41293,10
13.023440361,80.2277297974,41293,41303,10
13.0230302811,80.2273330688,41303,41314,11
13.0223398209,80.2267227173,41314,41324,10
13.0215997696,80.2260971069,41324,41334,10
13.0212497711,80.2258529663,41334,41344,10
13.0208902359,80.2255783081,41344,41354,10
13.0205802917,80.2253494263,41354,41364,10
13.0203895569,80.2252120972,41364,41374,10
13.0200395584,80.2249832153,41374,41384,10
13.0199804306,80.2249526978,41384,41394,10
13.0199403763,80.2249526978,41394,41404,10
13.0196199417,80.2247390747,41404,41414,10
13.0187902451,80.224609375,41414,41424,10
13.0179100037,80.2249069214,41424,41435,11
13.0168895721,80.2253189087,41435,41445,10
13.016119957,80.2256088257,41445,41495,50
13.016119957,80.2256088257,41495,41505,10
13.0157604218,80.2257003784,41505,41515,10
13.0154104233,80.2258377075,41515,41525,10
13.0152301788,80.2259216309,41525,41535,10
13.0151996613,80.2259292603,41535,41545,10
13.0149803162,80.226020813,41545,41556,11
13.0143499374,80.2262496948,41556,41566,10
13.0140800476,80.2264022827,41566,41576,10
13.0139598846,80.2264404297,41576,41586,10
13.0134496689,80.2266235352,41586,41596,10
13.0127401352,80.2268676758,41596,41606,10
13.0119600296,80.227180481,41606,41616,10
13.0110902786,80.2275390625,41616,41626,10
13.0101900101,80.227897644,41626,41636,10
13.0093202591,80.2283172607,41636,41646,10
13.0090303421,80.2292098999,41646,41656,10
13.0087795258,80.2304382324,41656,41666,10
13.0085697174,80.2316818237,41666,41676,10
13.0083799362,80.2328109741,41676,41687,11
13.0082998276,80.2334823608,41687,41697,10
13.0082798004,80.2334899902,41697,41707,10
13.0081796646,80.2338485718,41707,41717,10
13.0080499649,80.2344818115,41717,41727,10
13.007900238,80.2352294922,41727,41737,10
13.0077295303,80.2359695435,41737,41747,10
13.0075798035,80.2367324829,41747,41757,10
13.0074195862,80.2375717163,41757,41767,10
13.0073099136,80.2382507324,41767,41777,10
13.0071802139,80.2388916016,41777,41787,10
13.0070400238,80.2395095825,41787,41808,21
13.0070400238,80.2395095825,41808,41818,10
13.0069599152,80.2399368286,41818,41858,40
13.0069599152,80.2399368286,41858,41868,10
13.0069198608,80.240272522,41868,41878,10
13.0068397522,80.240562439,41878,41888,10
13.0067996979,80.2406997681,41888,41898,10
13.0066795349,80.2411575317,41898,41908,10
13.0067100525,80.2420120239,41908,41918,10
13.0067596436,80.2428894043,41918,41929,11
13.0067195892,80.2435836792,41929,41939,10
13.0066604614,80.2445373535,41939,41949,10
13.0066900253,80.2451782227,41949,41959,10
13.0067300797,80.2455673218,41959,41989,30
13.0067796707,80.2459335327,41989,42009,20
13.0067796707,80.2459335327,42009,42019,10
13.0067796707,80.2463531494,42019,42029,10
13.0067796707,80.2470169067,42029,42038,9
13.0067195892,80.247756958,42038,42050,12
13.0067596436,80.248878479,42050,42060,10
13.0068101883,80.249961853,42060,42070,10
13.0068502426,80.2509536743,42070,42080,10
13.006819725,80.251373291,42080,42110,30
13.006819725,80.251373291,42110,42120,10
13.0067300797,80.251739502,42120,42130,10
13.0066003799,80.2524185181,42130,42140,10
13.0065698624,80.2533798218,42140,42150,10
13.0066003799,80.2544937134,42150,42160,10
13.0066204071,80.2551422119,42160,42171,11
13.0066204071,80.2552566528,42171,42181,10
13.0066003799,80.2558135986,42181,42191,10
13.0065898895,80.2564926147,42191,42201,10
13.0066099167,80.2572021484,42201,42211,10
13.006310463,80.2575302124,42211,42221,10
13.0058403015,80.2573623657,42221,42231,10
13.005399704,80.25730896,42231,42241,10
13.0047101974,80.2571563721,42241,42251,10
13.0038003922,80.2570114136,42251,42261,10
13.0030603409,80.2568511963,42261,42271,10
13.0027503967,80.2567977905,42271,42281,10
13.0027399063,80.2567825317,42281,42292,11
13.0024499893,80.256690979,42292,42312,20
13.0024499893,80.256690979,42312,42322,10
13.0022001266,80.2566604614,42322,42332,10
13.0018796921,80.2566070557,42332,42342,10
13.0015001297,80.2565689087,42342,42382,40
13.0015001297,80.2565689087,42382,42392,10
13.0013303757,80.2565917969,42392,42402,10
13.0009698868,80.2565536499,42402,42412,10
13.0003204346,80.2564315796,42412,42423,11
12.9994802475,80.2562408447,42423,42433,10
12.9986600876,80.2560424805,42433,42453,20
12.9986600876,80.2560424805,42453,42463,10
12.9984998703,80.2560119629,42463,42473,10
12.9980401993,80.2559814453,42473,42483,10
12.997710228,80.2561035156,42483,42493,10
12.9976902008,80.2561721802,42493,42503,10
12.9977197647,80.256362915,42503,42513,10
12.9979000092,80.2568206787,42513,42523,10
12.9976501465,80.2570114136,42523,42564,41
12.9976501465,80.2570114136,42564,42574,10
12.9976396561,80.2568893433,42574,42584,10
12.9976396561,80.2567520142,42584,42672,88
12.9920902252,80.2560577393,42672,42823,151
12.9895496368,80.2559661865,42823,42853,30
12.9879903793,80.255821228,42853,42893,40
12.9875297546,80.2572097778,42893,42924,31
12.9872398376,80.2595291138,42924,42954,30
12.9872398376,80.2595291138,42954,42984,30
12.9871902466,80.2596893311,42984,42994,10
12.9871397018,80.2596893311,42994,43004,10
12.9869098663,80.2596282959,43004,43014,10
12.9867095947,80.2595596313,43014,43024,10
12.9866304398,80.2593688965,43024,43035,11
12.9867095947,80.2591400146,43035,43357,322
12.9867095947,80.2591400146,43357,43367,10
12.9868402481,80.2590789795,43367,43377,10
12.9870100021,80.2591094971,43377,43387,10
12.9871196747,80.2591171265,43387,43397,10
12.9872598648,80.2590332031,43397,43408,11
12.9873399734,80.2585296631,43408,43418,10
12.9873895645,80.2580108643,43418,43428,10
12.9874696732,80.2574310303,43428,43438,10
12.9875497818,80.2566833496,43438,43448,10
12.9875602722,80.2560424805,43448,43539,91
12.9875602722,80.2560424805,43539,43549,10
12.9876098633,80.2558517456,43549,43559,10
12.9879198074,80.2557983398,43559,43569,10
12.9884700775,80.2558822632,43569,43579,10
12.9886302948,80.2558898926,43579,43589,10
12.9888696671,80.2559204102,43589,43599,10
12.9893398285,80.2559814453,43599,43609,10
12.989979744,80.2560424805,43609,43619,10
12.9905395508,80.2559967041,43619,43629,10
12.9911403656,80.2560272217,43629,43639,10
12.9918298721,80.2560501099,43639,43650,11
12.9925699234,80.2560501099,43650,43690,40
12.9925699234,80.2560501099,43690,43700,10
12.9929800034,80.2560272217,43700,43720,20
12.9929800034,80.2560272217,43720,43730,10
12.9931898117,80.2560195923,43730,43740,10
12.9937000275,80.2559814453,43740,43801,61
12.9940595627,80.2560577393,43801,43821,20
12.9940595627,80.2560577393,43821,43831,10
12.9941701889,80.2560272217,43831,43841,10
12.9944400787,80.2559967041,43841,43851,10
12.9950399399,80.2559280396,43851,43902,51
12.9950399399,80.2559280396,43902,43912,10
12.9953603745,80.2559432983,43912,43922,10
12.9957504272,80.2559509277,43922,43932,10
12.9965696335,80.2559509277,43932,43992,60
12.9965696335,80.2559509277,43992,44002,10
12.9967403412,80.2559280396,44002,44012,10
12.9970397949,80.2559280396,44012,44023,11
12.9972496033,80.2559204102,44023,44033,10
12.9977798462,80.2559280396,44033,44043,10
12.9983301163,80.2559509277,44043,44053,10
12.9988002777,80.2560119629,44053,44063,10
12.9988098145,80.2560195923,44063,44073,10
12.9991703033,80.2560806274,44073,44103,30
12.9991703033,80.2560806274,44103,44113,10
12.9992399216,80.2561035156,44113,44123,10
12.9996404648,80.256187439,44123,44133,10
13.0001802444,80.2563018799,44133,44144,11
13.0008602142,80.2564315796,44144,44174,30
13.0008602142,80.2564315796,44174,44184,10
13.0010900497,80.2564926147,44184,44194,10
13.0013399124,80.2565231323,44194,44204,10
13.0015296936,80.2565765381,44204,44214,10
13.0019798279,80.2566375732,44214,44224,10
13.0025701523,80.2567214966,44224,44234,10
13.0030002594,80.2568130493,44234,44244,10
13.0034999847,80.2568969727,44244,44254,10
13.0040998459,80.2570114136,44254,44265,11
13.0044202805,80.2570571899,44265,44275,10
13.0047998428,80.2571487427,44275,44285,10
13.0050601959,80.2571563721,44285,44295,10
13.0050697327,80.2571716309,44295,44305,10
13.0054302216,80.2572021484,44305,44315,10
13.005610466,80.2573013306,44315,44325,10
13.0059404373,80.2574081421,44325,44335,10
13.0065002441,80.2575302124,44335,44355,20
13.0065002441,80.2575302124,44355,44365,10
13.0066003799,80.2575073242,44365,44374,9
13.0066099167,80.2572174072,44374,44386,12
13.0065202713,80.2564697266,44386,44396,10
13.0065002441,80.2557067871,44396,44406,10
13.0065097809,80.2551116943,44406,44416,10
13.0065097809,80.2544021606,44416,44426,10
13.0065097809,80.2532424927,44426,44446,20
13.0065097809,80.2532424927,44446,44456,10
13.0065097809,80.2528686523,44456,44466,10
13.0065603256,80.2520370483,44466,44527,61
13.0065603256,80.2520370483,44527,44537,10
13.0065803528,80.2519302368,44537,44547,10
13.0066900253,80.251449585,44547,44557,10
13.0067396164,80.2506713867,44557,44567,10
13.0067596436,80.2498626709,44567,44678,111
13.0067596436,80.2498626709,44678,44688,10
13.0068597794,80.2496566772,44688,44698,10
13.0068702698,80.2493286133,44698,44708,10
13.0067996979,80.2488479614,44708,44869,161
13.0067996979,80.2488479614,44869,44880,11
13.0066995621,80.2485809326,44880,44890,10
13.0066995621,80.2483291626,44890,44900,10
13.0066900253,80.2480163574,44900,44910,10
13.0066604614,80.2475204468,44910,44920,10
13.0066204071,80.2465515137,44920,44940,20
13.0066204071,80.2465515137,44940,44950,10
13.0066404343,80.246131897,44950,44960,10
13.0066299438,80.2455596924,44960,44970,10
13.0065698624,80.2448120117,44970,44990,20
13.0065698624,80.2448120117,44990,45001,11
13.0065803528,80.2445526123,45001,45011,10
13.0066003799,80.2443008423,45011,45021,10
13.0065698624,80.2437362671,45021,45031,10
13.0065603256,80.2429733276,45031,45041,10
13.0065498352,80.2419967651,45041,45051,10
13.0065803528,80.2409973145,45051,45061,10
13.0066900253,80.2403335571,45061,45071,10
13.0069999695,80.2395019531,45071,45081,10
13.0070400238,80.2387619019,45081,45091,10
13.0071601868,80.238067627,45091,45101,10
13.0073204041,80.237449646,45101,45111,10
13.0073900223,80.2369689941,45111,45121,10
13.0073900223,80.2369613647,45121,45132,11
13.0074796677,80.2367477417,45132,45142,10
13.0076198578,80.2361907959,45142,45152,10
13.0077800751,80.2353210449,45152,45162,10
13.0079698563,80.2342605591,45162,45172,10
13.0081996918,80.2331695557,45172,45182,10
13.0083904266,80.2321395874,45182,45192,10
13.0085802078,80.2311782837,45192,45202,10
13.0086803436,80.23046875,45202,45212,10
13.0087099075,80.2303237915,45212,45222,10
13.0087900162,80.2299880981,45222,45232,10
13.0088996887,80.2294692993,45232,45242,10
13.0089702606,80.2291107178,45242,45253,11
13.0090198517,80.2288665771,45253,45263,10
13.0090999603,80.2285232544,45263,45273,10
13.0092201233,80.2280807495,45273,45283,10
13.009519577,80.2273864746,45283,45293,10
13.0099201202,80.2265319824,45293,45303,10
13.0105495453,80.2251434326,45303,45323,20
13.0105495453,80.2251434326,45323,45333,10
13.0106897354,80.2248916626,45333,45343,10
13.0109500885,80.224281311,45343,45352,9
13.0112104416,80.2233428955,45352,45374,22
13.0112104416,80.2233428955,45374,45384,10
13.011300087,80.2229537964,45384,45394,10
13.0115804672,80.2222900391,45394,45404,10
13.0119400024,80.221496582,45404,45414,10
13.0122499466,80.2213973999,45414,45424,10
13.0125799179,80.2218170166,45424,45434,10
13.0130395889,80.2223968506,45434,45444,10
13.0136203766,80.2230300903,45444,45454,10
13.0141201019,80.2236328125,45454,45464,10
13.0146303177,80.2242507935,45464,45474,10
13.0149402618,80.2245788574,45474,45484,10
13.0151901245,80.224822998,45484,45495,11
13.0157003403,80.2252502441,45495,45505,10
13.0163698196,80.2253570557,45505,45515,10
13.0171098709,80.225112915,45515,45525,10
13.0179195404,80.2247619629,45525,45535,10
13.0186500549,80.2244491577,45535,45545,10
13.0191602707,80.2243118286,45545,45555,10
13.019200325,80.2243118286,45555,45565,10
13.0192604065,80.224319458,45565,45575,10
13.0194396973,80.224357605,45575,45585,10
13.0196399689,80.2244567871,45585,45595,10
13.0199699402,80.2246780396,45595,45604,9
13.0203800201,80.2249679565,45604,45616,12
13.0209197998,80.2253417969,45616,45626,10
13.0212202072,80.2256164551,45626,45636,10
13.021780014,80.22605896,45636,45646,10
13.0224304199,80.2266082764,45646,45656,10
13.0230703354,80.2272109985,45656,45666,10
13.0236701965,80.2277679443,45666,45676,10
13.0241603851,80.2282485962,45676,45686,10
13.0244398117,80.2286300659,45686,45696,10
13.0248403549,80.2291793823,45696,45706,10
13.0252599716,80.2297515869,45706,45716,10
13.0256996155,80.2304229736,45716,45726,10
13.0259103775,80.2309036255,45726,45757,31
13.0259103775,80.2309036255,45757,45767,10
13.0260095596,80.2311096191,45767,45777,10
13.0261096954,80.2315216064,45777,45787,10
13.0262203217,80.2320709229,45787,45797,10
13.0264501572,80.2327423096,45797,45807,10
13.0268201828,80.2334365845,45807,45817,10
13.0273599625,80.2343063354,45817,45827,10
13.0278701782,80.2352294922,45827,45837,10
13.0284700394,80.236000061,45837,45847,10
13.029009819,80.236579895,45847,45858,11
13.0294799805,80.2370681763,45858,45868,10
13.029540062,80.237159729,45868,45878,10
13.029800415,80.2375488281,45878,45888,10
13.0301704407,80.2382202148,45888,45898,10
13.0304698944,80.2387008667,45898,45908,10
13.0306596756,80.2389831543,45908,45918,10
13.0308704376,80.2393417358,45918,45928,10
13.0310697556,80.239730835,45928,45938,10
13.0311803818,80.2399215698,45938,45948,10
13.0313501358,80.2401580811,45948,45958,10
13.031419754,80.2406387329,45958,45967,9
13.0315999985,80.2410125732,45967,45979,12
13.0318403244,80.2415237427,45979,45989,10
13.0320796967,80.2420578003,45989,45999,10
13.0324001312,80.2424087524,45999,46009,10
13.032699585,80.2428283691,46009,46019,10
13.0331096649,80.2433776855,46019,46029,10
13.0334997177,80.2439422607,46029,46039,10
13.0339202881,80.2445297241,46039,46049,10
13.034119606,80.2447662354,46049,46059,10
13.0344495773,80.2451400757,46059,46069,10
13.034819603,80.2456283569,46069,46079,10
13.035320282,80.2460327148,46079,46089,10
13.0356502533,80.2461090088,46089,46100,11
13.0357103348,80.2461624146,46100,46110,10
13.0360202789,80.246307373,46110,46120,10
13.0366601944,80.2464294434,46120,46130,10
13.0373296738,80.2464370728,46130,46140,10
13.0379104614,80.2464904785,46140,46150,10
13.0387001038,80.2467498779,46150,46180,30
13.0387001038,80.2467498779,46180,46190,10
13.0390796661,80.246887207,46190,46200,10
13.0393600464,80.2469482422,46200,46209,9
13.0395002365,80.2469787598,46209,46220,11
13.0400495529,80.2470779419,46220,46231,11
13.0404701233,80.2471389771,46231,46241,10
13.04047966,80.2471389771,46241,46251,10
13.0405902863,80.2472076416,46251,46261,10
13.0409803391,80.2472686768,46261,46271,10
13.0416603088,80.2473678589,46271,46281,10
13.0422801971,80.247467041,46281,46291,10
13.0427103043,80.2476806641,46291,46301,10
13.0428600311,80.2477874756,46301,46311,10
13.0432395935,80.2478713989,46311,46321,10
13.0437297821,80.2478866577,46321,46331,10
13.0442495346,80.2478713989,46331,46340,9
13.0448598862,80.2480010986,46340,46352,12
13.0455303192,80.2482910156,46352,46362,10
13.0462503433,80.2484817505,46362,46372,10
13.0468502045,80.2484436035,46372,46382,10
13.0473804474,80.248626709,46382,46392,10
13.047949791,80.2491836548,46392,46402,10
13.0485200882,80.249671936,46402,46412,10
13.0492601395,80.24974823,46412,46422,10
13.0499200821,80.2498703003,46422,46432,10
13.0508003235,80.2500305176,46432,46442,10
13.0516004562,80.2502975464,46442,46452,10
13.0521602631,80.2507705688,46452,46462,10
13.0522603989,80.2509002686,46462,46473,11
13.0524501801,80.251159668,46473,46483,10
13.052570343,80.2513275146,46483,46493,10
13.0525999069,80.251373291,46493,46503,10
13.0528001785,80.2516403198,46503,46513,10
13.0530395508,80.2519607544,46513,46523,10
13.0531997681,80.252166748,46523,46533,10
13.0532999039,80.2523193359,46533,46543,10
13.0533895493,80.2524490356,46543,46553,10
13.0535802841,80.2527236938,46553,46563,10
13.0540399551,80.2533416748,46563,46573,10
13.054599762,80.2540817261,46573,46582,9
13.0550003052,80.2545928955,46582,46594,12
13.0555095673,80.2552719116,46594,46604,10
13.0558395386,80.2557373047,46604,46614,10
13.0560598373,80.2560119629,46614,46624,10
13.0562200546,80.2562103271,46624,46634,10
13.0564603806,80.2565078735,46634,46644,10
13.0567598343,80.2567977905,46644,46654,10
13.0567598343,80.2568130493,46654,46664,10
13.057009697,80.2570800781,46664,46674,10
13.0574998856,80.2575378418,46674,46684,10
13.0578699112,80.2578811646,46684,46694,10
13.0582799911,80.2583694458,46694,46704,10
13.0585899353,80.2588119507,46704,46715,11
13.0590000153,80.259262085,46715,46725,10
13.0593595505,80.2598495483,46725,46735,10
13.0599403381,80.2603683472,46735,46745,10
13.0604896545,80.2609634399,46745,46755,10
13.0607404709,80.2612762451,46755,46765,10
13.0607995987,80.2613983154,46765,46775,10
13.0610704422,80.2617721558,46775,46785,10
13.0614995956,80.2622375488,46785,46795,10
13.0619001389,80.2627716064,46795,46805,10
13.0625,80.2634963989,46805,46815,10
13.0630302429,80.2640380859,46815,46825,10
13.0631399155,80.2641983032,46825,46836,11
13.0633602142,80.2644882202,46836,46846,10
13.0638303757,80.2651901245,46846,46866,20
13.0638303757,80.2651901245,46866,46876,10
13.0640001297,80.2654037476,46876,46886,10
13.0641202927,80.2656097412,46886,46896,10
13.0644798279,80.2660598755,46896,46906,10
13.0649003983,80.2666091919,46906,46916,10
13.0654201508,80.2670974731,46916,46926,10
13.0662899017,80.2680587769,46926,46957,31
13.0662899017,80.2680587769,46957,46967,10
13.0663499832,80.268157959,46967,46977,10
13.0669298172,80.2684936523,46977,46997,20
13.0669298172,80.2684936523,46997,47007,10
13.0670499802,80.2685470581,47007,47017,10
13.0674600601,80.2688598633,47017,47026,9
13.0678901672,80.2691268921,47026,47037,11
13.0683002472,80.2691497803,47037,47047,10
13.0683698654,80.268699646,47047,47057,10
13.0684995651,80.2684402466,47057,47067,10
13.0687103271,80.2679290771,47067,47078,11
13.0689096451,80.2673492432,47078,47088,10
13.0691699982,80.2670211792,47088,47098,10
13.0694799423,80.2667388916,47098,47108,10
13.0697803497,80.2664489746,47108,47118,10
13.0699796677,80.2661895752,47118,47128,10
13.0702495575,80.2659072876,47128,47138,10
13.0703296661,80.2658233643,47138,47148,10
13.0705900192,80.2655181885,47148,47158,10
13.0708999634,80.2652511597,47158,47168,10
13.071269989,80.2648620605,47168,47178,10
13.0718202591,80.2642822266,47178,47188,10
13.072259903,80.2637023926,47188,47197,9
13.0724601746,80.263168335,47197,47209,12
13.0726995468,80.2626113892,47209,47219,10
13.0728702545,80.2621231079,47219,47229,10
13.072930336,80.261932373,47229,47239,10
13.0729904175,80.2616729736,47239,47249,10
13.0731296539,80.2611694336,47249,47259,10
13.0734701157,80.2612991333,47259,47269,10
13.0739097595,80.2618179321,47269,47279,10
13.0744104385,80.2624130249,47279,47289,10
13.0749702454,80.2631607056,47289,47299,10
13.075510025,80.2638931274,47299,47309,10
13.0759000778,80.2642211914,47309,47319,10
13.0762395859,80.2641677856,47319,47330,11
13.0767202377,80.2640991211,47330,47340,10
13.0771398544,80.2640380859,47340,47350,10
13.0774698257,80.2639007568,47350,47360,10
13.0778598785,80.2636108398,47360,47370,10
13.0780000687,80.2630767822,47370,47380,10
13.0778102875,80.2624130249,47380,47390,10
13.077580452,80.2617263794,47390,47400,10
13.0773601532,80.261100769,47400,47410,10
13.077340126,80.2610626221,47410,47420,10
13.0773200989,80.2609786987,47420,47430,10
13.0770998001,80.2605819702,47430,47439,9
13.0766401291,80.2601394653,47439,47451,12
13.0757799149,80.2594833374,47451,47461,10
13.075460434,80.2584915161,47461,47471,10
13.0757198334,80.2579269409,47471,47481,10
13.0762996674,80.2574234009,47481,47491,10
13.0769901276,80.2568817139,47491,47501,10
13.0777397156,80.256652832,47501,47511,10
13.0786600113,80.2565917969,47511,47521,10
13.0790596008,80.2562637329,47521,47531,10
13.079000473,80.2555618286,47531,47541,10
13.078909874,80.2549133301,47541,47582,41
13.078909874,80.2549133301,47582,47592,10
13.0789699554,80.2546463013,47592,47602,10
13.0792303085,80.2545089722,47602,47612,10
13.0795898438,80.2545394897,47612,47622,10
13.0797901154,80.2545928955,47622,47632,10
13.0798597336,80.2546234131,47632,47642,10
13.0801897049,80.2546691895,47642,47652,10
13.0806999207,80.2547607422,47652,47662,10
13.0811004639,80.2548065186,47662,47672,10
13.0814199448,80.2547836304,47672,47681,9
13.0816602707,80.2546005249,47681,47693,12
13.0818300247,80.2540512085,47693,47703,10
13.0818796158,80.253578186,47703,47713,10
13.0818595886,80.253036499,47713,47723,10
13.0816898346,80.252746582,47723,47733,10
13.0815601349,80.2525177002,47733,47743,10
13.0813999176,80.2521362305,47743,47753,10
13.0813703537,80.2515411377,47753,47763,10
13.0813503265,80.2510070801,47763,47773,10
13.0813102722,80.2506484985,47773,47783,10
13.0812702179,80.2500991821,47783,47793,10
13.0815601349,80.2496337891,47793,47803,10
13.0822496414,80.2497406006,47803,47814,11
13.0830001831,80.2498626709,47814,47824,10
13.0836801529,80.2499389648,47824,47834,10
13.084690094,80.2501220703,47834,47854,20
13.084690094,80.2501220703,47854,47864,10
13.0850496292,80.2501678467,47864,47874,10
13.0856103897,80.2502593994,47874,47884,10
13.0857601166,80.2502822876,47884,47894,10
13.0858402252,80.2498397827,47894,47904,10
13.0858402252,80.2490997314,47904,47914,10
13.0857896805,80.2483215332,47914,47923,9
13.0857601166,80.247543335,47923,47935,12
13.085729599,80.246673584,47935,47945,10
13.0857095718,80.2466125488,47945,47955,10
13.0857000351,80.2462005615,47955,47965,10
13.0856599808,80.2453994751,47965,47975,10
13.0860500336,80.2449188232,47975,47985,10
13.086640358,80.2444229126,47985,47995,10
13.0873298645,80.2438201904,47995,48005,10
13.0877399445,80.2433013916,48005,48015,10
13.0878801346,80.242729187,48015,48025,10
13.0880699158,80.2421264648,48025,48035,10
13.0886802673,80.2416763306,48035,48044,9
13.08934021,80.2412185669,48044,48056,12
13.090259552,80.2408218384,48056,48066,10
13.091340065,80.2408370972,48066,48076,10
13.0922803879,80.2408828735,48076,48086,10
13.0930500031,80.2409591675,48086,48096,10
13.09375,80.2410812378,48096,48106,10
13.0941095352,80.2411270142,48106,48116,10
13.0943002701,80.2411575317,48116,48126,10
13.0943698883,80.2411727905,48126,48136,10
13.0947599411,80.2412414551,48136,48146,10
13.0952396393,80.2413635254,48146,48156,10
13.0957803726,80.2415466309,48156,48166,10
13.0968399048,80.2419586182,48166,48197,31
13.0968399048,80.2419586182,48197,48207,10
13.0971298218,80.2420272827,48207,48217,10
13.0975999832,80.2421417236,48217,48227,10
13.0980701447,80.2422485352,48227,48237,10
13.0985298157,80.2422485352,48237,48267,30
13.0985298157,80.2422485352,48267,48277,10
13.0987195969,80.2420578003,48277,48287,10
13.0986700058,80.2417984009,48287,48298,11
13.0984601974,80.2421417236,48298,48509,211
13.0984601974,80.2421417236,48509,48519,10
13.0983800888,80.2422103882,48519,48529,10
13.0982103348,80.2423095703,48529,48539,10
13.0975103378,80.2422180176,48539,48590,51
13.0975103378,80.2422180176,48590,48600,10
13.0973501205,80.2421417236,48600,48610,10
13.097029686,80.2420425415,48610,48620,10
13.0965995789,80.2419128418,48620,48630,10
13.0960903168,80.2417373657,48630,48640,10
13.0955896378,80.2415466309,48640,48650,10
13.0950899124,80.2413787842,48650,48659,9
13.0946502686,80.2412719727,48659,48671,12
13.0941896439,80.2411804199,48671,48681,10
13.0936002731,80.2410812378,48681,48691,10
13.0934495926,80.2410736084,48691,48701,10
13.0930404663,80.2410125732,48701,48711,10
13.0924301147,80.2409286499,48711,48721,10
13.0916996002,80.2408905029,48721,48731,10
13.0907697678,80.240852356,48731,48741,10
13.0898599625,80.2409286499,48741,48751,10
13.0891895294,80.241317749,48751,48761,10
13.0885601044,80.2417373657,48761,48771,10
13.08796978,80.2423324585,48771,48781,10
13.0878601074,80.2430114746,48781,48792,11
13.0877895355,80.2433166504,48792,48802,10
13.0874004364,80.2437896729,48802,48812,10
13.0867500305,80.2443618774,48812,48822,10
13.0860395432,80.2449264526,48822,48832,10
13.0857801437,80.2451171875,48832,48842,10
13.0856103897,80.2454910278,48842,48852,10
13.0856599808,80.2461776733,48852,48861,9
13.0857400894,80.2467193604,48861,48872,11
13.085729599,80.2469177246,48872,48882,10
13.0858097076,80.2475662231,48882,48892,10
13.0858602524,80.2484970093,48892,48902,10
13.0859003067,80.24949646,48902,48913,11
13.085940361,80.2501602173,48913,48923,10
13.0859003067,80.2505569458,48923,48933,10
13.0858001709,80.2509918213,48933,48943,10
13.0857400894,80.2512512207,48943,48953,10
13.0856895447,80.251701355,48953,48963,10
13.0856800079,80.2519607544,48963,48973,10
13.0856304169,80.2523727417,48973,48983,10
13.0855903625,80.2529983521,48983,48993,10
13.085559845,80.25340271,48993,49003,10
13.0855798721,80.2537002563,49003,49013,10
13.0856103897,80.2541885376,49013,49023,10
13.0856199265,80.2546386719,49023,49034,11
13.0853595734,80.2546920776,49034,49044,10
13.0848503113,80.2546386719,49044,49054,10
13.0843400955,80.2546005249,49054,49064,10
13.0839500427,80.2545623779,49064,49074,10
13.0838603973,80.2545394897,49074,49084,10
13.0834999084,80.2545318604,49084,49094,10
13.0829296112,80.2545089722,49094,49104,10
13.0824403763,80.2544937134,49104,49114,10
13.081990242,80.2546386719,49114,49124,10
13.0815296173,80.2548828125,49124,49144,20
13.0815296173,80.2548828125,49144,49155,11
13.0810699463,80.2548675537,49155,49165,10
13.0808095932,80.2548370361,49165,49175,10
13.0806798935,80.2548294067,49175,49185,10
13.0802097321,80.2547607422,49185,49195,10
13.0798301697,80.2546386719,49195,49205,10
13.0798196793,80.2546386719,49205,49215,10
13.0796403885,80.2545623779,49215,49225,10
13.0793199539,80.2546005249,49225,49235,10
13.0790100098,80.254737854,49235,49245,10
13.0790395737,80.2553024292,49245,49255,10
13.0791301727,80.2560882568,49255,49265,10
13.0791501999,80.2563476563,49265,49276,11
13.0790596008,80.2566070557,49276,49286,10
13.0785999298,80.2566604614,49286,49296,10
13.0779695511,80.2566833496,49296,49306,10
13.0773200989,80.2567901611,49306,49316,10
13.0768003464,80.2570495605,49316,49326,10
13.0761499405,80.2576065063,49326,49336,10
13.0755796432,80.258140564,49336,49346,10
13.0755300522,80.2585906982,49346,49356,10
13.075750351,80.259262085,49356,49366,10
13.0764198303,80.259979248,49366,49376,10
13.0771198273,80.2607116699,49376,49386,10
13.0775299072,80.2615509033,49386,49397,11
13.0777902603,80.2620697021,49397,49417,20
13.0777902603,80.2620697021,49417,49427,10
13.0778398514,80.2623291016,49427,49437,10
13.0778799057,80.2624816895,49437,49447,10
13.0780200958,80.2629928589,49447,49457,10
13.0782203674,80.2634887695,49457,49467,10
13.0777101517,80.2638092041,49467,49477,10
13.0770597458,80.2641525269,49477,49487,10
13.0762195587,80.2642669678,49487,49497,10
13.0757904053,80.264289856,49497,49507,10
13.0755796432,80.2641296387,49507,49518,11
13.0752000809,80.2635498047,49518,49528,10
13.0747995377,80.2630386353,49528,49538,10
13.0743598938,80.2624588013,49538,49548,10
13.0739402771,80.26197052,49548,49558,10
13.0736999512,80.2616729736,49558,49568,10
13.0736198425,80.2615585327,49568,49578,10
13.0732097626,80.2613983154,49578,49588,10
13.0729198456,80.2620162964,49588,49598,10
13.0726900101,80.2627716064,49598,49608,10
13.0725002289,80.2633590698,49608,49618,10
13.0721998215,80.2639389038,49618,49628,10
13.071849823,80.2643508911,49628,49638,10
13.0716199875,80.2645797729,49638,49649,11
13.0713701248,80.2648162842,49649,49659,10
13.0710096359,80.2652206421,49659,49669,10
13.0705404282,80.2656936646,49669,49679,10
13.0700998306,80.2661590576,49679,49689,10
13.0697698593,80.2665100098,49689,49699,10
13.0694303513,80.2668914795,49699,49709,10
13.068980217,80.2673721313,49709,49719,10
13.0687303543,80.2679290771,49719,49729,10
13.0685901642,80.2684326172,49729,49739,10
13.0685300827,80.2685928345,49739,49749,10
13.068400383,80.2690200806,49749,49759,10
13.0683403015,80.2693023682,49759,49770,11
13.0683097839,80.2694168091,49770,49780,10
13.0682497025,80.2696304321,49780,49790,10
13.0682201385,80.2697296143,49790,49800,10
13.0682096481,80.2697677612,49800,49810,10
13.0681600571,80.2700805664,49810,49830,20
13.0681600571,80.2700805664,49830,49840,10
13.0681200027,80.2705764771,49840,49850,10
13.0678596497,80.2708969116,49850,49860,10
13.0673904419,80.2705612183,49860,49870,10
13.0672702789,80.2704772949,49870,49880,10
13.0669603348,80.2702407837,49880,49891,11
13.0664796829,80.2695236206,49891,49901,10
13.0663604736,80.2688903809,49901,49911,10
13.0663204193,80.2685012817,49911,49921,10
13.0659503937,80.2679824829,49921,49931,10
13.0653600693,80.2676620483,49931,49951,20
13.0653600693,80.2676620483,49951,49961,10
13.0652399063,80.2676925659,49961,49971,10
13.0648603439,80.2676086426,49971,49981,10
13.0641899109,80.2675018311,49981,49991,10
13.0634098053,80.2673416138,49991,50000,9
13.0627498627,80.2672195435,50000,50012,12
13.0621004105,80.266418457,50012,50022,10
13.0615901947,80.2657699585,50022,50032,10
13.0611000061,80.2651977539,50032,50042,10
13.0605802536,80.2653427124,50042,50052,10
13.0603103638,80.2655105591,50052,50062,10
13.0601301193,80.2655792236,50062,50072,10
13.0595397949,80.2655563354,50072,50082,10
13.0584697723,80.26537323,50082,50112,30
13.0584697723,80.26537323,50112,50122,10
13.0581798553,80.2651901245,50122,50133,11
13.0579795837,80.2645568848,50133,50143,10
13.0578603745,80.263710022,50143,50153,10
13.0577802658,80.2627563477,50153,50163,10
13.0576496124,80.2618789673,50163,50173,10
13.0575199127,80.2612991333,50173,50183,10
13.0574302673,80.2608184814,50183,50193,10
13.0572395325,80.2601776123,50193,50203,10
13.0570297241,80.2594680786,50203,50213,10
13.0568304062,80.2588729858,50213,50223,10
13.0566797256,80.2583389282,50223,50233,10
13.0565500259,80.2577285767,50233,50243,10
13.0564603806,80.2573013306,50243,50254,11
13.0564403534,80.2571487427,50254,50264,10
13.0563497543,80.2566986084,50264,50274,10
13.0562496185,80.256362915,50274,50284,10
13.055970192,80.2559204102,50284,50294,10
13.0555400848,80.2553100586,50294,50304,10
13.0550003052,80.2545776367,50304,50314,10
13.0544900894,80.2539367676,50314,50324,10
13.0541601181,80.2534866333,50324,50334,10
13.053899765,80.2531433105,50334,50344,10
13.0536603928,80.2527999878,50344,50354,10
13.0533304214,80.2523269653,50354,50364,10
13.0528402328,80.2516784668,50364,50375,11
13.0522899628,80.2509689331,50375,50385,10
13.0517396927,80.2503890991,50385,50395,10
13.0511903763,80.2501068115,50395,50405,10
13.0503196716,80.2499084473,50405,50415,10
13.0493001938,80.2497711182,50415,50425,10
13.0485696793,80.2496490479,50425,50435,10
13.0480003357,80.2492675781,50435,50445,10
13.047369957,80.2487411499,50445,50455,10
13.0470304489,80.248588562,50455,50465,10
13.0469398499,80.2485809326,50465,50474,9
13.0465097427,80.2485427856,50474,50485,11
13.0457496643,80.2483978271,50485,50495,10
13.0451097488,80.2481613159,50495,50506,11
13.0442495346,80.2480163574,50506,50516,10
13.0437097549,80.2479095459,50516,50526,10
13.0434103012,80.2478637695,50526,50536,10
13.0431699753,80.2478790283,50536,50546,10
13.0428199768,80.2479629517,50546,50556,10
13.0421695709,80.247833252,50556,50566,10
13.0414800644,80.2475814819,50566,50576,10
13.0406503677,80.2473526001,50576,50586,10
13.0396604538,80.2471313477,50586,50595,9
13.0390100479,80.2469711304,50595,50606,11
13.0384397507,80.2468338013,50606,50616,10
13.0378503799,80.2467269897,50616,50627,11
13.037320137,80.2466201782,50627,50637,10
13.0368499756,80.2465209961,50637,50647,10
13.0367002487,80.2464828491,50647,50657,10
13.0363397598,80.2463989258,50657,50667,10
13.0358295441,80.2462692261,50667,50677,10
13.0352296829,80.2460327148,50677,50687,10
13.0351800919,80.2460098267,50687,50697,10
13.0348796844,80.2457809448,50697,50707,10
13.0345497131,80.245300293,50707,50717,10
13.0341501236,80.2447662354,50717,50727,10
13.0336704254,80.2442321777,50727,50737,10
13.0329999924,80.2434005737,50737,50748,11
13.0322904587,80.2424316406,50748,50828,80
13.0322904587,80.2424316406,50828,50838,10
13.0321502686,80.2422409058,50838,50848,10
13.0319795609,80.2420196533,50848,50858,10
13.0318403244,80.2416992188,50858,50869,11
13.0317201614,80.2413482666,50869,50959,90
13.0317201614,80.2413482666,50959,50969,10
13.0315799713,80.2410888672,50969,50979,10
13.0314598083,80.2408218384,50979,50990,11
13.0313196182,80.2404632568,50990,51000,10
13.0311098099,80.2399215698,51000,51010,10
13.0306901932,80.239151001,51010,51020,10
13.0301504135,80.2382202148,51020,51030,10
13.0296297073,80.2373275757,51030,51040,10
13.0291404724,80.2368087769,51040,51050,10
13.0290899277,80.2367401123,51050,51060,10
13.0288095474,80.2364273071,51060,51070,10
13.0283002853,80.2358474731,51070,51080,10
13.027759552,80.2350921631,51080,51090,10
13.0271701813,80.2341308594,51090,51100,10
13.026550293,80.2331008911,51100,51111,11
13.0261898041,80.2322235107,51111,51121,10
13.0261297226,80.2319488525,51121,51131,10
13.0261201859,80.2318725586,51131,51141,10
13.0260601044,80.2316436768,51141,51151,10
13.0259199142,80.2311172485,51151,51161,10
13.0256299973,80.2303695679,51161,51171,10
13.0250797272,80.229598999,51171,51181,10
13.0245304108,80.2289123535,51181,51191,10
13.0239496231,80.2282104492,51191,51211,20
13.0239496231,80.2282104492,51211,51221,10
13.0237998962,80.2280197144,51221,51232,11
13.0233898163,80.2276077271,51232,51242,10
13.0229997635,80.2271881104,51242,51252,10
13.0223197937,80.2265472412,51252,51262,10
13.0214700699,80.2258834839,51262,51272,10
13.0206098557,80.2252502441,51272,51282,10
13.019780159,80.2246780396,51282,51292,10
13.0187797546,80.2244567871,51292,51302,10
13.017780304,80.2248535156,51302,51312,10
13.016869545,80.2252426147,51312,51322,10
13.0164899826,80.2254180908,51322,51332,10
13.0162601471,80.2255096436,51332,51342,10
13.0158500671,80.2256622314,51342,51352,10
13.015250206,80.2258987427,51352,51363,11
13.0145702362,80.2261810303,51363,51373,10
13.0145101547,80.2262115479,51373,51383,10
13.0142698288,80.2262802124,51383,51393,10
13.0136699677,80.2265167236,51393,51403,10
13.0128898621,80.2268218994,51403,51413,10
13.0120201111,80.227142334,51413,51423,10
13.011059761,80.2275314331,51423,51433,10
13.0100002289,80.2279510498,51433,51443,10
13.0091199875,80.2285766602,51443,51453,10
13.0089197159,80.2296905518,51453,51463,10
13.0087003708,80.23097229,51463,51473,10
13.0084896088,80.2321777344,51473,51484,11
13.008310318,80.2333374023,51484,51494,10
13.0082502365,80.2336196899,51494,51504,10
13.0082101822,80.2337036133,51504,51514,10
13.0081100464,80.234046936,51514,51524,10
13.0079898834,80.2346496582,51524,51534,10
13.0078001022,80.2356185913,51534,51544,10
13.0075902939,80.2367935181,51544,51554,10
13.0073604584,80.2378997803,51554,51564,10
13.0072002411,80.2387924194,51564,51574,10
13.0070800781,80.2393569946,51574,51584,10
13.0069503784,80.2400665283,51584,51625,41
13.0069503784,80.2400665283,51625,51635,10
13.0069704056,80.2405166626,51635,51645,10
13.0069103241,80.2407836914,51645,51655,10
13.0068397522,80.2410430908,51655,51665,10
13.0067596436,80.2417373657,51665,51675,10
13.0067396164,80.2426605225,51675,51685,10
13.0066900253,80.2436218262,51685,51695,10
13.0066795349,80.2446517944,51695,51705,10
13.0066795349,80.2457809448,51705,51715,10
13.0067300797,80.2468719482,51715,51726,11
13.0067100525,80.2479782104,51726,51736,10
13.0067596436,80.2491989136,51736,51746,10
13.0067996979,80.2505569458,51746,51756,10
13.0067501068,80.2516937256,51756,51766,10
13.0065698624,80.2528305054,51766,51776,10
13.0065698624,80.2539825439,51776,51786,10
13.0066099167,80.2549285889,51786,51796,10
13.0066099167,80.2552108765,51796,51806,10
13.0065698624,80.2552185059,51806,51816,10
13.0065698624,80.2556228638,51816,51826,10
13.0065698624,80.2563934326,51826,51835,9
13.0066699982,80.2572479248,51835,51897,62
13.0066699982,80.2572479248,51897,51907,10
13.0067396164,80.2574386597,51907,51917,10
13.006360054,80.2575836182,51917,51927,10
13.0058298111,80.2574005127,51927,51937,10
13.0051498413,80.2572631836,51937,51947,10
13.0044803619,80.2571182251,51947,51957,10
13.0037603378,80.256980896,51957,51966,9
13.0031003952,80.2568435669,51966,51978,12
13.0022201538,80.2566604614,51978,51988,10
13.0015201569,80.2565765381,51988,52048,60
13.0015201569,80.2565765381,52048,52058,10
13.0014095306,80.2565765381,52058,52068,10
13.00096035,80.2565002441,52068,52078,10
13.0002403259,80.2563705444,52078,52087,9
12.9995203018,80.2562408447,52087,52099,12
12.998459816,80.2560806274,52099,52119,20
12.998459816,80.2560806274,52119,52129,10
12.9982700348,80.2560272217,52129,52139,10
12.9979496002,80.2559661865,52139,52149,10
12.9976301193,80.2559509277,52149,52159,10
12.9975404739,80.2559509277,52159,52169,10
12.9973201752,80.2559432983,52169,52179,10
12.9968700409,80.2559280396,52179,52189,10
12.996430397,80.2558898926,52189,52199,10
12.995880127,80.2558822632,52199,52209,10
12.9952898026,80.2558822632,52209,52220,11
12.9945802689,80.2559204102,52220,52230,10
12.9939498901,80.2559814453,52230,52240,10
12.9930801392,80.2560272217,52240,52250,10
12.9922704697,80.2560577393,52250,52260,10
12.9915399551,80.2560424805,52260,52270,10
12.990819931,80.2560195923,52270,52280,10
12.990070343,80.2560272217,52280,52290,10
12.9893302917,80.2559585571,52290,52300,10
12.9886598587,80.2559127808,52300,52310,10
12.9885997772,80.255897522,52310,52320,10
12.988530159,80.255897522,52320,52330,10
12.9883003235,80.255859375,52330,52341,11
12.9882802963,80.255859375,52341,52351,10
12.9881401062,80.255859375,52351,52361,10
12.9877004623,80.2558898926,52361,52371,10
12.9876003265,80.2565765381,52371,52381,10
12.9875202179,80.257270813,52381,52391,10
12.9874401093,80.2585601807,52391,52441,50
12.9874401093,80.2585601807,52441,52451,10
12.9873199463,80.2589569092,52451,52461,10
12.9872503281,80.2592773438,52461,52492,31
12.9872703552,80.259437561,52492,52512,20
12.9870901108,80.2595825195,52512,52532,20
12.986989975,80.2594223022,52532,53006,474
12.986989975,80.2594223022,53006,53016,10
12.9868898392,80.2594680786,53016,53026,10
12.9866695404,80.2594680786,53026,53036,10
12.9865503311,80.2592163086,53036,53046,10
12.9868202209,80.2590103149,53046,53389,343
12.9868202209,80.2590103149,53389,53399,10
12.9872102737,80.2591094971,53399,53409,10
12.9873199463,80.2588500977,53409,53419,10
12.9873800278,80.2581787109,53419,53429,10
12.9874200821,80.2577285767,53429,53439,10
12.9874801636,80.2571334839,53439,53449,10
12.9875802994,80.2560424805,53449,53540,91
12.9875802994,80.2560424805,53540,53550,10
12.9876003265,80.2557220459,53550,53560,10
12.9879798889,80.2557525635,53560,53569,9
12.9882297516,80.2557907104,53569,53581,12
12.9885396957,80.2558288574,53581,53591,10
12.9885902405,80.255821228,53591,53601,10
12.9889297485,80.2558898926,53601,53611,10
12.9894800186,80.2559509277,53611,53621,10
12.9900798798,80.2559814453,53621,53631,10
12.9904699326,80.2559432983,53631,53641,10
12.9906196594,80.2559280396,53641,53651,10
12.9909200668,80.2559814453,53651,53661,10
12.9917402267,80.2560119629,53661,53671,10
12.9928598404,80.2559967041,53671,53681,10
12.9938697815,80.2559432983,53681,53691,10
12.9946403503,80.255859375,53691,53702,11
12.995300293,80.2557983398,53702,53712,10
12.9958400726,80.2558135986,53712,53722,10
12.9963302612,80.2557907104,53722,53732,10
12.996720314,80.2557983398,53732,53742,10
12.9970703125,80.2558517456,53742,53752,10
12.9975500107,80.2559127808,53752,53762,10
12.9979095459,80.2559432983,53762,53772,10
12.9986600876,80.2559967041,53772,53802,30
12.9986600876,80.2559967041,53802,53811,9
12.9989595413,80.2560424805,53811,53822,11
12.9993200302,80.2561035156,53822,53833,11
12.9999103546,80.2562332153,53833,53843,10
13.0003499985,80.2563323975,53843,53853,10
13.0006799698,80.256401062,53853,53863,10
13.0011100769,80.2564620972,53863,53873,10
13.0013504028,80.2564926147,53873,53883,10
13.0017700195,80.2565689087,53883,53893,10
13.0022497177,80.2566299438,53893,53903,10
13.0026798248,80.2566986084,53903,53913,10
13.0031003952,80.2567825317,53913,53923,10
13.0036096573,80.2568969727,53923,53933,10
13.0042200089,80.2570037842,53933,53942,9
13.0047798157,80.2570877075,53942,53954,12
13.0054798126,80.2572784424,53954,53984,30
13.0054798126,80.2572784424,53984,53994,10
13.0057401657,80.2574005127,53994,54004,10
13.0061302185,80.2574462891,54004,54014,10
13.0064496994,80.2572937012,54014,54024,10
13.0064401627,80.2566986084,54024,54034,10
13.0064897537,80.2559432983,54034,54044,10
13.0065097809,80.255241394,54044,54054,10
13.0065202713,80.2543869019,54054,54064,10
13.006529808,80.253868103,54064,54075,11
13.0065603256,80.2532730103,54075,54085,10
13.0065603256,80.2531814575,54085,54095,10
13.0066099167,80.252281189,54095,54135,40
13.0066099167,80.252281189,54135,54145,10
13.0066699982,80.2520904541,54145,54155,10
13.0067501068,80.2515563965,54155,54165,10
13.0068101883,80.2507476807,54165,54175,10
13.0067596436,80.2499008179,54175,54185,10
13.006770134,80.2494277954,54185,54196,11
13.006770134,80.2491607666,54196,54206,10
13.0067195892,80.2486801147,54206,54216,10
13.006649971,80.2479324341,54216,54276,60
13.006649971,80.2479324341,54276,54285,9
13.0066003799,80.2477035522,54285,54296,11
13.0066204071,80.2470779419,54296,54306,10
13.0065603256,80.2466964722,54306,54316,10
13.0065603256,80.2466888428,54316,54327,11
13.0066003799,80.2464370728,54327,54337,10
13.0066204071,80.2458267212,54337,54347,10
13.0066204071,80.2451629639,54347,54357,10
13.0066003799,80.2445678711,54357,54367,10
13.0066604614,80.2443008423,54367,54377,10
13.0066404343,80.2436981201,54377,54387,10
13.0065898895,80.242729187,54387,54397,10
13.0065898895,80.2416992188,54397,54407,10
13.0066604614,80.2408065796,54407,54417,10
13.0068502426,80.2397918701,54417,54427,10
13.0070495605,80.2387313843,54427,54437,10
13.007229805,80.2378005981,54437,54448,11
13.0073795319,80.236869812,54448,54468,20
13.0073795319,80.236869812,54468,54478,10
13.0074901581,80.2364807129,54478,54488,10
13.0076799393,80.2357177734,54488,54498,10
13.0078897476,80.234703064,54498,54508,10
13.0081195831,80.233543396,54508,54518,10
13.008310318,80.232421875,54518,54528,10
13.0085802078,80.2310791016,54528,54538,10
13.0088300705,80.2296981812,54538,54548,10
13.0089998245,80.2289581299,54548,54558,10
13.00922966,80.2280578613,54558,54569,11
13.0096797943,80.2269668579,54569,54579,10
13.0101995468,80.2258377075,54579,54589,10
13.0107698441,80.2247695923,54589,54599,10
13.0111999512,80.2238998413,54599,54609,10
13.0114297867,80.2230911255,54609,54619,10
13.0118198395,80.2223129272,54619,54629,10
13.0121498108,80.2216415405,54629,54639,10
13.0125398636,80.2218170166,54639,54649,10
13.0129203796,80.2222213745,54649,54659,10
13.013420105,80.2228317261,54659,54669,10
13.0139303207,80.2233505249,54669,54679,10
13.0142202377,80.223739624,54679,54690,11
13.0150699615,80.2246170044,54690,54710,20
13.0150699615,80.2246170044,54710,54720,10
13.0153799057,80.224937439,54720,54730,10
13.0154600143,80.2249984741,54730,54740,10
13.0155200958,80.2250595093,54740,54750,10
13.015999794,80.2253112793,54750,54760,10
13.0167598724,80.2251586914,54760,54770,10
13.0175504684,80.2248382568,54770,54780,10
13.0183496475,80.2245178223,54780,54790,10
13.019080162,80.2242736816,54790,54800,10
13.0193300247,80.224281311,54800,54811,11
13.0193796158,80.224281311,54811,54821,10
13.0195503235,80.2244033813,54821,54831,10
13.0197896957,80.2245635986,54831,54841,10
13.0202102661,80.224899292,54841,54851,10
13.0207395554,80.2253112793,54851,54861,10
13.0213003159,80.2257537842,54861,54871,10
13.0220403671,80.2263183594,54871,54881,10
13.0228996277,80.2270584106,54881,54890,9
13.023639679,80.2277297974,54890,54901,11
13.0241804123,80.2282791138,54901,54911,10
13.0242595673,80.2283782959,54911,54921,10
13.0243196487,80.2284698486,54921,54932,11
13.0246801376,80.2290115356,54932,54942,10
13.0251703262,80.2296905518,54942,54952,10
13.0256996155,80.2305603027,54952,54962,10
13.0258903503,80.2310562134,54962,54992,30
13.0258903503,80.2310562134,54992,55002,10
13.0260295868,80.2313308716,55002,55012,10
13.0261697769,80.2319488525,55012,55022,10
13.0264701843,80.2328414917,55022,55032,10
13.0269098282,80.2335891724,55032,55042,10
13.0274600983,80.2344589233,55042,55051,9
13.0279502869,80.2353286743,55051,55063,12
13.0287704468,80.2363128662,55063,55073,10
13.0293302536,80.2369232178,55073,55083,10
13.0294303894,80.2370300293,55083,55093,10
13.029540062,80.2372589111,55093,55103,10
13.0299701691,80.2378463745,55103,55113,10
13.0303497314,80.2385787964,55113,55123,10
13.0307598114,80.2393035889,55123,55133,10
13.0312299728,80.2399673462,55133,55143,10
13.0313301086,80.240447998,55143,55153,10
13.0314302444,80.2408065796,55153,55163,10
13.03166008,80.2411422729,55163,55173,10
13.0318698883,80.2415924072,55173,55184,11
13.0322704315,80.2422637939,55184,55194,10
13.0327796936,80.2429199219,55194,55204,10
13.0333595276,80.2437210083,55204,55214,10
13.0339803696,80.2444229126,55214,55224,10
13.0343904495,80.245010376,55224,55234,10
13.0347795486,80.245552063,55234,55244,10
13.0350599289,80.2458267212,55244,55254,10
13.0352201462,80.2459335327,55254,55264,10
13.0355701447,80.2460327148,55264,55274,10
13.035610199,80.2460403442,55274,55284,10
13.035779953,80.2461700439,55284,55293,9
13.0360403061,80.2462463379,55293,55305,12
13.0368499756,80.2463912964,55305,55315,10
13.0374698639,80.2463226318,55315,55325,10
13.0380001068,80.2464675903,55325,55335,10
13.0386896133,80.2467422485,55335,55345,10
13.0391702652,80.2468795776,55345,55355,10
13.0393600464,80.2469406128,55355,55365,10
13.0397796631,80.2469711304,55365,55375,10
13.0403604507,80.2471084595,55375,55385,10
13.0407600403,80.2471694946,55385,55395,10
13.0409002304,80.2472229004,55395,55405,10
13.0414400101,80.2472915649,55405,55415,10
13.0420598984,80.2474517822,55415,55426,11
13.0426101685,80.2476730347,55426,55436,10
13.042889595,80.2478103638,55436,55446,10
13.0433998108,80.2478713989,55446,55456,10
13.0438899994,80.2477798462,55456,55466,10
13.0443401337,80.2478713989,55466,55476,10
13.0448999405,80.2480621338,55476,55486,10
13.0455303192,80.248298645,55486,55496,10
13.0466604233,80.2483596802,55496,55516,20
13.0466604233,80.2483596802,55516,55526,10
13.0469398499,80.2483825684,55526,55536,10
13.0474100113,80.2486495972,55536,55547,11
13.0479202271,80.249168396,55547,55557,10
13.0485200882,80.2495803833,55557,55567,10
13.0493297577,80.249710083,55567,55577,10
13.050239563,80.2498474121,55577,55587,10
13.0512504578,80.2501068115,55587,55597,10
13.0520496368,80.2506637573,55597,55607,10
13.0524997711,80.2512435913,55607,55617,10
13.0530796051,80.2519989014,55617,55627,10
13.0535697937,80.2526931763,55627,55637,10
13.0541200638,80.2534637451,55637,55647,10
13.0546503067,80.2540969849,55647,55656,9
13.0549602509,80.2545089722,55656,55668,12
13.0553703308,80.2551193237,55668,55678,10
13.0557603836,80.2556304932,55678,55688,10
13.056019783,80.2559967041,55688,55697,9
13.0563602448,80.256401062,55697,55708,11
13.0566902161,80.256729126,55708,55718,10
13.05671978,80.2567520142,55718,55728,10
13.0569200516,80.2568969727,55728,55738,10
13.0574502945,80.2574005127,55738,55748,10
13.0579595566,80.2579574585,55748,55758,10
13.058259964,80.2583618164,55758,55768,10
13.0585899353,80.2588272095,55768,55778,10
13.0590295792,80.2593307495,55778,55788,10
13.0592803955,80.2597885132,55788,55799,11
13.0596904755,80.2601165771,55799,55809,10
13.0601997375,80.2606506348,55809,55819,10
13.0604600906,80.2609786987,55819,55829,10
13.0604696274,80.2610168457,55829,55839,10
13.0607595444,80.2614517212,55839,55849,10
13.061249733,80.2620315552,55849,55859,10
13.0615701675,80.262336731,55859,55869,10
13.0620603561,80.2629928589,55869,55879,10
13.062669754,80.263710022,55879,55889,10
13.0630998611,80.2641983032,55889,55899,10
13.0630998611,80.2642211914,55899,55908,9
13.0632801056,80.2645187378,55908,55920,12
13.0638198853,80.2652587891,55920,55930,10
13.0641298294,80.2657165527,55930,55940,10
13.0646400452,80.2663421631,55940,55950,10
13.0649700165,80.266746521,55950,55960,10
13.0654296875,80.2670974731,55960,55970,10
13.0658597946,80.2676391602,55970,55980,10
13.066280365,80.268119812,55980,55990,10
13.0664596558,80.2682418823,55990,56000,10
13.066860199,80.268447876,56000,56010,10
13.0669698715,80.2685317993,56010,56020,10
13.0671796799,80.2686462402,56020,56030,10
13.0677404404,80.2690582275,56030,56041,11
13.0681400299,80.2692871094,56041,56051,10
13.0682697296,80.2691268921,56051,56061,10
13.0684299469,80.2685699463,56061,56071,10
13.0686998367,80.2679824829,56071,56081,10
13.0689401627,80.2673187256,56081,56091,10
13.0694103241,80.2668075562,56091,56101,10
13.0697603226,80.2663803101,56101,56111,10
13.0699701309,80.2660980225,56111,56121,10
13.0702495575,80.2659072876,56121,56131,10
13.070309639,80.2658691406,56131,56141,10
13.0706596375,80.2654418945,56141,56151,10
13.0711202621,80.2649993896,56151,56162,11
13.0715398788,80.2645568848,56162,56172,10
13.07213974,80.2638778687,56172,56182,10
13.0725402832,80.2631225586,56182,56192,10
13.0727396011,80.262550354,56192,56202,10
13.0728797913,80.2621307373,56202,56212,10
13.0729398727,80.26197052,56212,56222,10
13.0731096268,80.2613296509,56222,56232,10
13.0733804703,80.2612915039,56232,56242,10
13.0735702515,80.2614822388,56242,56252,10
13.073800087,80.2617416382,56252,56262,10
13.0739803314,80.261932373,56262,56272,10
13.0743198395,80.2623901367,56272,56283,11
13.0748500824,80.2630691528,56283,56293,10
13.0752897263,80.2637176514,56293,56303,10
13.0756597519,80.2641525269,56303,56313,10
13.0760803223,80.2641983032,56313,56323,10
13.0766601563,80.2641601563,56323,56333,10
13.0773601532,80.2640075684,56333,56343,10
13.0779695511,80.2635574341,56343,56353,10
13.0780296326,80.2631607056,56353,56363,10
13.0777902603,80.2623596191,56363,56373,10
13.0772600174,80.2608795166,56373,56393,20
13.0772600174,80.2608795166,56393,56404,11
13.0771503448,80.2607727051,56404,56414,10
13.0767297745,80.2602615356,56414,56424,10
13.0759096146,80.2595977783,56424,56434,10
13.0754499435,80.2584991455,56434,56484,50
13.0754499435,80.2584991455,56484,56494,10
13.0754804611,80.258140564,56494,56504,10
13.0761098862,80.2576370239,56504,56514,10
13.0768404007,80.2570037842,56514,56525,11
13.077580452,80.2566986084,56525,56535,10
13.0783596039,80.2566223145,56535,56545,10
13.0789499283,80.2565307617,56545,56554,9
13.0790395737,80.2564315796,56554,56565,11
13.079000473,80.2559661865,56565,56575,10
13.0789804459,80.255569458,56575,56585,10
13.0789699554,80.255317688,56585,56595,10
13.0789604187,80.2551879883,56595,56605,10
13.0789499283,80.2549667358,56605,56615,10
13.0791196823,80.2546768188,56615,56625,10
13.0795898438,80.2546310425,56625,56635,10
13.0798397064,80.2546386719,56635,56645,10
13.0799999237,80.2546615601,56645,56656,11
13.0805501938,80.2547073364,56656,56666,10
13.0812101364,80.2547988892,56666,56676,10
13.0816602707,80.2545623779,56676,56686,10
13.0817899704,80.2540817261,56686,56696,10
13.0818500519,80.2537307739,56696,56706,10
13.0819196701,80.253288269,56706,56716,10
13.0816698074,80.252746582,56716,56726,10
13.0813999176,80.2522735596,56726,56736,10
13.0813999176,80.251739502,56736,56746,10
13.0813903809,80.2511901855,56746,56756,10
13.0813703537,80.2508392334,56756,56766,10
13.0813398361,80.2505569458,56766,56777,11
13.081319809,80.249961853,56777,56787,10
13.0815401077,80.2496490479,56787,56797,10
13.0820102692,80.2496871948,56797,56807,10
13.0824699402,80.2498168945,56807,56817,10
13.0830898285,80.2498626709,56817,56827,10
13.0838499069,80.2500305176,56827,56837,10
13.0844802856,80.2500915527,56837,56847,10
13.0846796036,80.2500991821,56847,56857,10
13.0848798752,80.2500991821,56857,56867,10
13.0854597092,80.25025177,56867,56877,10
13.0858097076,80.250289917,56877,56887,10
13.0858402252,80.2497634888,56887,56898,11
13.0858201981,80.2487792969,56898,56908,10
13.0858297348,80.2480316162,56908,56918,10
13.0857896805,80.2470474243,56918,56928,10
13.0857200623,80.2467727661,56928,56938,10
13.0857200623,80.246421814,56938,56948,10
13.085650444,80.2456283569,56948,57019,71
13.085650444,80.2456283569,57019,57029,10
13.0856199265,80.2453613281,57029,57039,10
13.0859298706,80.2450027466,57039,57049,10
13.0865402222,80.2444992065,57049,57059,10
13.0872297287,80.2439193726,57059,57069,10
13.0877599716,80.2433700562,57069,57079,10
13.0878896713,80.2428283691,57079,57089,10
13.0881595612,80.2421035767,57089,57099,10
13.0883598328,80.2419586182,57099,57109,10
13.0887403488,80.2416992188,57109,57119,10
13.0893201828,80.2412872314,57119,57129,10
13.0899400711,80.2409591675,57129,57140,11
13.0908498764,80.240852356,57140,57150,10
13.0917701721,80.2409286499,57150,57160,10
13.0923995972,80.2409591675,57160,57170,10
13.0930204391,80.2409973145,57170,57180,10
13.0938196182,80.2410888672,57180,57190,10
13.094209671,80.2411804199,57190,57200,10
13.0943603516,80.2412109375,57200,57210,10
13.0946998596,80.2412490845,57210,57220,10
13.0953197479,80.2414398193,57220,57230,10
13.0959100723,80.2416229248,57230,57240,10
13.0964298248,80.2417907715,57240,57250,10
13.0970802307,80.2419891357,57250,57311,61
13.0970802307,80.2419891357,57311,57321,10
13.0972795486,80.2420883179,57321,57331,10
13.0978002548,80.2422103882,57331,57341,10
13.0984401703,80.2423019409,57341,57351,10
13.09856987,80.2422790527,57351,57361,10
13.0986299515,80.2422180176,57361,57371,10
13.0986604691,80.2422103882,57371,57382,11
13.098739624,80.2420120239,57382,57392,10
13.0986604691,80.2418670654,57392,57402,10
13.0985803604,80.2423706055,57402,58458,1056
13.0985803604,80.2423706055,58458,58468,10
13.0985097885,80.2424163818,58468,58478,10
13.0982599258,80.2424163818,58478,58488,10
13.0976800919,80.2423171997,58488,58498,10
13.0972003937,80.2421722412,58498,58508,10
13.0966701508,80.2419815063,58508,58519,11
13.0962896347,80.2418365479,58519,58529,10
13.0957803726,80.2416534424,58529,58539,10
13.0955600739,80.2415771484,58539,58549,10
13.0950803757,80.2413864136,58549,58559,10
13.0945301056,80.2413024902,58559,58569,10
13.0940704346,80.2412185669,58569,58579,10
13.093580246,80.2411422729,58579,58589,10
13.0934295654,80.2410964966,58589,58599,10
13.0929002762,80.2410125732,58599,58609,10
13.092209816,80.2409667969,58609,58619,10
13.0913200378,80.2409133911,58619,58630,11
13.0901002884,80.2409210205,58630,58640,10
13.0891399384,80.2414016724,58640,58650,10
13.0882701874,80.2420425415,58650,58660,10
13.0878801346,80.2428894043,58660,58670,10
13.0878295898,80.2432937622,58670,58680,10
13.0876998901,80.243560791,58680,58690,10
13.087269783,80.2440032959,58690,58700,10
13.0866699219,80.2444992065,58700,58710,10
13.0861701965,80.2449035645,58710,58720,10
13.0858402252,80.2452392578,58720,58740,20
13.0858402252,80.2452392578,58740,58750,10
13.0856800079,80.2455596924,58750,58761,11
13.0857200623,80.2461395264,58761,58771,10
13.0857896805,80.246711731,58771,58781,10
13.0857801437,80.2470169067,58781,58791,10
13.0858402252,80.247718811,58791,58801,10
13.0858802795,80.248588562,58801,58811,10
13.0859298706,80.2494506836,58811,58821,10
13.0859804153,80.2503433228,58821,58831,10
13.0858602524,80.2509689331,58831,58841,10
13.0858001709,80.251449585,58841,58851,10
13.0857400894,80.2518234253,58851,58861,10
13.0856599808,80.2523498535,58861,58871,10
13.0855998993,80.2529525757,58871,58882,11
13.0855798721,80.2536087036,58882,58891,9
13.0855998993,80.2539978027,58891,58902,11
13.0856399536,80.2542190552,58902,58912,10
13.0856103897,80.2546691895,58912,58922,10
13.0855703354,80.2547302246,58922,58932,10
13.0851697922,80.254737854,58932,58942,10
13.0849895477,80.2547073364,58942,58952,10
13.0847396851,80.254699707,58952,58962,10
13.0843000412,80.2546386719,58962,58972,10
13.0838899612,80.2546081543,58972,58982,10
13.0838098526,80.2545928955,58982,58992,10
13.083530426,80.2545318604,58992,59003,11
13.0832500458,80.2545089722,59003,59013,10
13.0825395584,80.2545013428,59013,59023,10
13.0820398331,80.2545700073,59023,59033,10
13.0813798904,80.2548675537,59033,59043,10
13.0810203552,80.2548599243,59043,59053,10
13.080789566,80.2548599243,59053,59063,10
13.0805997849,80.2548294067,59063,59073,10
13.0799999237,80.2547073364,59073,59083,10
13.0793104172,80.2546463013,59083,59093,10
13.0789699554,80.2548980713,59093,59103,10
13.0790500641,80.2556381226,59103,59113,10
13.0791501999,80.2563400269,59113,59124,11
13.0791597366,80.2565612793,59124,59134,10
13.078909874,80.2567672729,59134,59144,10
13.0783004761,80.256729126,59144,59154,10
13.0778198242,80.2567520142,59154,59164,10
13.0772800446,80.2568435669,59164,59174,10
13.0765600204,80.257270813,59174,59184,10
13.0759401321,80.2578277588,59184,59194,10
13.0755300522,80.2582092285,59194,59204,10
13.0755596161,80.2586669922,59204,59214,10
13.0758199692,80.2594223022,59214,59224,10
13.0764102936,80.2599563599,59224,59234,10
13.0768699646,80.2604064941,59234,59245,11
13.0773601532,80.2610626221,59245,59255,10
13.0776195526,80.2617721558,59255,59265,10
13.0778102875,80.2621688843,59265,59295,30
13.0778102875,80.2621688843,59295,59305,10
13.077870369,80.2623901367,59305,59315,10
13.07791996,80.2627029419,59315,59325,10
13.078040123,80.263130188,59325,59335,10
13.0782499313,80.2635421753,59335,59345,10
13.0778198242,80.2637634277,59345,59355,10
13.0773000717,80.2640991211,59355,59366,11
13.0768003464,80.2641983032,59366,59376,10
13.0760002136,80.2643127441,59376,59386,10
13.0755796432,80.2641983032,59386,59396,10
13.0751600266,80.2635498047,59396,59406,10
13.0747804642,80.2630310059,59406,59416,10
13.0745201111,80.2627029419,59416,59426,10
13.0740804672,80.2621688843,59426,59436,10
13.0737400055,80.261756897,59436,59446,10
13.0736598969,80.2616729736,59446,59456,10
13.0733098984,80.2614517212,59456,59466,10
13.0729703903,80.2619400024,59466,59475,9
13.0727396011,80.2626190186,59475,59487,12
13.0724601746,80.2634429932,59487,59497,10
13.072259903,80.2639007568,59497,59507,10
13.0718603134,80.2643814087,59507,59517,10
13.0714998245,80.2647781372,59517,59527,10
13.0713796616,80.2648925781,59527,59537,10
13.0709600449,80.2653198242,59537,59547,10
13.0705699921,80.2657165527,59547,59557,10
13.0700597763,80.266242981,59557,59567,10
13.0696802139,80.2666168213,59567,59577,10
13.0694704056,80.2668762207,59577,59587,10
13.0692796707,80.2670593262,59587,59596,9
13.0689496994,80.2675018311,59596,59608,12
13.0686502457,80.2683563232,59608,59618,10
13.0684995651,80.2687606812,59618,59628,10
13.0683403015,80.2693786621,59628,59638,10
13.0682601929,80.2697906494,59638,59648,10
13.0681600571,80.2705001831,59648,59658,10
13.0679998398,80.2710571289,59658,59668,10
13.067609787,80.2708816528,59668,59678,10
13.0671195984,80.2704086304,59678,59688,10
13.0669202805,80.2702026367,59688,59698,10
13.0664997101,80.2696762085,59698,59708,10
13.0663604736,80.268951416,59708,59718,10
13.0661401749,80.2682418823,59718,59729,11
13.0655498505,80.2677078247,59729,59779,50
13.0655498505,80.2677078247,59779,59789,10
13.0652999878,80.2676696777,59789,59799,10
13.065079689,80.2676391602,59799,59809,10
13.0647096634,80.2675628662,59809,59819,10
13.0641803741,80.2674636841,59819,59829,10
13.063659668,80.2673797607,59829,59839,10
13.0630998611,80.2672729492,59839,59850,11
13.0625295639,80.2669906616,59850,59860,10
13.0621099472,80.2664718628,59860,59870,10
13.0617198944,80.2659912109,59870,59880,10
13.0613498688,80.2655181885,59880,59890,10
13.0608797073,80.2652206421,59890,59900,10
13.0605201721,80.2654266357,59900,59910,10
13.0604801178,80.2654571533,59910,59920,10
13.0601596832,80.265586853,59920,59930,10
13.059920311,80.2656326294,59930,59940,10
13.0593900681,80.2655792236,59940,59950,10
13.0589399338,80.2654800415,59950,59960,10
13.0585403442,80.2654495239,59960,59971,11
13.0581197739,80.2652587891,59971,59981,10
13.0579900742,80.2648925781,59981,59991,10
13.0579299927,80.2643127441,59991,60001,10
13.0578699112,80.2635879517,60001,60011,10
13.057849884,80.2630386353,60011,60021,10
13.057800293,80.2626724243,60021,60031,10
13.0577201843,80.2622909546,60031,60041,10
13.0576095581,80.2617034912,60041,60051,10
13.0574798584,80.261100769,60051,60061,10
13.05727005,80.2602233887,60061,60071,10
13.0570402145,80.2594833374,60071,60081,10
13.0568704605,80.2589569092,60081,60090,9
13.0567502975,80.2586593628,60090,60102,12
13.0566396713,80.2582397461,60102,60112,10
13.0565700531,80.2577896118,60112,60122,10
13.056520462,80.2575912476,60122,60132,10
13.0564804077,80.2573471069,60132,60142,10
13.0564403534,80.2570800781,60142,60152,10
13.0563201904,80.2566375732,60152,60162,10
13.0561304092,80.2562484741,60162,60172,10
13.0557203293,80.2556610107,60172,60182,10
13.0551996231,80.2549514771,60182,60192,10
13.0546998978,80.2543182373,60192,60202,10
13.0543603897,80.25390625,60202,60213,11
13.0541496277,80.2536468506,60213,60223,10
13.0541095734,80.253616333,60223,60233,10
13.0538301468,80.2532196045,60233,60243,10
13.0534696579,80.2526931763,60243,60253,10
13.053030014,80.2520599365,60253,60263,10
13.052570343,80.2514419556,60263,60273,10
13.0521497726,80.250869751,60273,60283,10
13.0515699387,80.2503433228,60283,60293,10
13.0510702133,80.2501220703,60293,60303,10
13.0502099991,80.2499237061,60303,60313,10
13.0491800308,80.2497787476,60313,60323,10
13.0482797623,80.2495803833,60323,60333,10
13.0475997925,80.2490463257,60333,60344,11
13.0472202301,80.2487487793,60344,60354,10
13.0471601486,80.2487182617,60354,60364,10
13.0470695496,80.2486572266,60364,60374,10
13.0468196869,80.2486190796,60374,60384,10
13.0467100143,80.248626709,60384,60394,10
13.0462799072,80.248550415,60394,60404,10
13.0456695557,80.2484436035,60404,60414,10
13.0449800491,80.2481536865,60414,60424,10
13.0441999435,80.2480316162,60424,60434,10
13.043419838,80.2479019165,60434,60444,10
13.0425901413,80.2477035522,60444,60454,10
13.0418796539,80.2475814819,60454,60465,11
13.0414800644,80.2475204468,60465,60475,10
13.0412597656,80.2474517822,60475,60485,10
13.0404701233,80.2472763062,60485,60495,10
13.0395298004,80.2470932007,60495,60505,10
13.0388002396,80.2469100952,60505,60515,10
13.0382499695,80.2467727661,60515,60525,10
13.0379896164,80.2467498779,60525,60535,10
13.0378503799,80.2467422485,60535,60545,10
13.0374603271,80.246673584,60545,60555,10
13.0369701385,80.2465896606,60555,60564,9
13.0364904404,80.2464828491,60564,60575,11
13.0363702774,80.246421814,60575,60586,11
13.036359787,80.2462997437,60586,60596,10
13.0360498428,80.2461929321,60596,60606,10
13.0353498459,80.2460479736,60606,60626,20
13.0353498459,80.2460479736,60626,60636,10
13.0351104736,80.2460021973,60636,60646,10
13.0346298218,80.245552063,60646,60656,10
13.0341300964,80.2449035645,60656,60666,10
13.0337400436,80.244430542,60666,60676,10
13.0331697464,80.2436904907,60676,60686,10
13.0326404572,80.2430114746,60686,60707,21
13.0326404572,80.2430114746,60707,60717,10
13.0324602127,80.24269104,60717,60767,50
13.0322303772,80.2423706055,60767,60838,71
13.0322303772,80.2423706055,60838,60848,10
13.0320196152,80.2422332764,60848,60858,10
13.0318603516,80.2418365479,60858,60868,10
13.0316896439,80.2413635254,60868,60878,10
13.0314397812,80.2408294678,60878,60888,10
13.0312700272,80.240447998,60888,60959,71
13.0312700272,80.240447998,60959,60969,10
13.0311498642,80.2402496338,60969,60979,10
13.0310096741,80.2398376465,60979,60989,10
13.030579567,80.2390136719,60989,60999,10
13.0299797058,80.237953186,60999,61009,10
13.0293903351,80.2371292114,61009,61019,10
13.0291700363,80.2369003296,61019,61029,10
13.0289697647,80.2366867065,61029,61039,10
13.0283899307,80.2360610962,61039,61049,10
13.0277204514,80.2351531982,61049,61058,9
13.0271701813,80.2341766357,61058,61070,12
13.0266304016,80.2333297729,61070,61100,30
13.0266304016,80.2333297729,61100,61110,10
13.0265798569,80.2332763672,61110,61120,10
13.0265598297,80.2332229614,61120,61130,10
13.0264101028,80.2328720093,61130,61140,10
13.0261802673,80.2321166992,61140,61150,10
13.02602005,80.2315292358,61150,61180,30
13.02602005,80.2315292358,61180,61191,11
13.0260295868,80.2313232422,61191,61201,10
13.0257701874,80.2305831909,61201,61211,10
13.0250997543,80.2296295166,61211,61221,10
13.0244703293,80.228843689,61221,61231,10
13.0240898132,80.2284088135,61231,61241,10
13.0240802765,80.2284088135,61241,61251,10
13.0240001678,80.2283401489,61251,61261,10
13.0236797333,80.2279586792,61261,61271,10
13.0233297348,80.2276077271,61271,61281,10
13.0228500366,80.2271194458,61281,61291,10
13.0222597122,80.2265777588,61291,61301,10
13.0217399597,80.2261428833,61301,61312,11
13.0211000443,80.2256317139,61312,61322,10
13.0207395554,80.2253875732,61322,61332,10
13.0207195282,80.2253799438,61332,61342,10
13.020529747,80.2252426147,61342,61352,10
13.0199403763,80.2248306274,61352,61362,10
13.0189599991,80.2244491577,61362,61372,10
13.0179195404,80.224822998,61372,61382,10
13.0171604156,80.2251815796,61382,61392,10
13.0165996552,80.225440979,61392,61402,10
13.0164299011,80.2255401611,61402,61412,10
13.0160799026,80.2256469727,61412,61422,10
13.0150899887,80.226020813,61422,61443,21
13.0150899887,80.226020813,61443,61453,10
13.0149297714,80.2260818481,61453,61463,10
13.0144901276,80.2262496948,61463,61483,20
13.0144901276,80.2262496948,61483,61493,10
13.0143404007,80.2262878418,61493,61503,10
13.0138902664,80.2264328003,61503,61513,10
13.0129995346,80.2267379761,61513,61523,10
13.0119400024,80.2271575928,61523,61533,10
13.0108499527,80.2276306152,61533,61543,10
13.0096597672,80.2281265259,61543,61554,11
13.0090198517,80.229133606,61554,61564,10
13.0087499619,80.2304992676,61564,61574,10
13.0084600449,80.2320709229,61574,61584,10
13.0082397461,80.2332992554,61584,61594,10
13.0081996918,80.2338027954,61594,61604,10
13.0081100464,80.2340164185,61604,61614,10
13.0080099106,80.2345123291,61614,61624,10
13.0078802109,80.2351989746,61624,61634,10
13.0076999664,80.2361373901,61634,61644,10
13.0074996948,80.2372283936,61644,61654,10
13.0073003769,80.23828125,61654,61664,10
13.0071401596,80.2390899658,61664,61675,11
13.007109642,80.2392120361,61675,61685,10
13.007109642,80.2393264771,61685,61695,10
13.0070295334,80.2397994995,61695,61705,10
13.0069599152,80.2401504517,61705,61715,10
13.0069303513,80.2405776978,61715,61725,10
13.0068702698,80.2408370972,61725,61735,10
13.0068101883,80.2410964966,61735,61745,10
13.006770134,80.2417221069,61745,61755,10
13.0067596436,80.2420501709,61755,61765,10
13.0067396164,80.2428588867,61765,61775,10
13.0067100525,80.2434616089,61775,61785,10
13.0066995621,80.2438964844,61785,61806,21
13.0066995621,80.2438964844,61806,61816,10
13.0067100525,80.2443313599,61816,61826,10
13.0066900253,80.2446517944,61826,61836,10
13.0067100525,80.244972229,61836,61846,10
13.0067300797,80.2454223633,61846,61856,10
13.0067501068,80.2460098267,61856,61866,10
13.0067596436,80.2468490601,61866,61876,10
13.0067195892,80.2478637695,61876,61886,10
13.0067501068,80.2486495972,61886,61896,10
13.0067596436,80.2487564087,61896,61906,10
13.0067901611,80.2488708496,61906,61916,10
13.0068397522,80.2490921021,61916,61927,11
13.0068798065,80.2492828369,61927,61937,10
13.0068998337,80.2494430542,61937,61947,10
13.0068902969,80.2495193481,61947,61957,10
13.0068902969,80.2497634888,61957,61967,10
13.0068597794,80.2499923706,61967,62027,60
13.0067996979,80.2503433228,62027,62068,41
13.0067996979,80.2503433228,62068,62078,10
13.0067796707,80.2504119873,62078,62088,10
13.0068101883,80.2507400513,62088,62098,10
13.0068397522,80.2509384155,62098,62108,10
13.0068502426,80.251083374,62108,62118,10
13.0068502426,80.2513809204,62118,62128,10
13.0067396164,80.2518005371,62128,62138,10
13.0065898895,80.2525405884,62138,62148,10
13.0065698624,80.2534713745,62148,62158,10
13.0066099167,80.2546081543,62158,62169,11
13.0066299438,80.2550811768,62169,62179,10
13.0066204071,80.2552719116,62179,62189,10
13.0066299438,80.2559814453,62189,62199,10
13.0066604614,80.2568588257,62199,62249,50
13.0066604614,80.2568588257,62249,62259,10
13.0066699982,80.2570037842,62259,62269,10
13.0067396164,80.2573471069,62269,62279,10
13.0064401627,80.2576217651,62279,62290,11
13.0060300827,80.2574996948,62290,62300,10
13.0055704117,80.2573776245,62300,62310,10
13.0051002502,80.257232666,62310,62320,10
13.0044498444,80.2571105957,62320,62330,10
13.0038204193,80.256980896,62330,62340,10
13.0033397675,80.2568664551,62340,62350,10
13.0029697418,80.2567977905,62350,62360,10
13.0028400421,80.2567672729,62360,62370,10
13.0024499893,80.256690979,62370,62380,10
13.0019397736,80.2565917969,62380,62390,10
13.0012102127,80.2565078735,62390,62400,10
13.000579834,80.2563934326,62400,62411,11
13.0003700256,80.2563705444,62411,62421,10
12.9998598099,80.2563095093,62421,62431,10
12.9994602203,80.2562332153,62431,62441,10
12.9991703033,80.256149292,62441,62451,10
12.9986801147,80.2560577393,62451,62461,10
12.9982404709,80.2560119629,62461,62471,10
12.9982004166,80.2560119629,62471,62481,10
12.997759819,80.2559661865,62481,62491,10
12.9969301224,80.2559204102,62491,62501,10
12.9963502884,80.2558898926,62501,62511,10
12.9956302643,80.2558898926,62511,62521,10
12.994890213,80.2559204102,62521,62532,11
12.9942703247,80.2559661865,62532,62542,10
12.9935903549,80.2560195923,62542,62552,10
12.9926700592,80.2560806274,62552,62562,10
12.9919900894,80.2560806274,62562,62572,10
12.991399765,80.2560501099,62572,62582,10
12.9906902313,80.2560272217,62582,62592,10
12.9902296066,80.2560119629,62592,62602,10
12.9899301529,80.2559967041,62602,62612,10
12.989780426,80.2560119629,62612,62622,10
12.9895801544,80.2560195923,62622,62632,10
12.9895601273,80.2560195923,62632,62641,9
12.9893798828,80.2560195923,62641,62753,112
12.9893798828,80.2560195923,62753,62763,10
12.9890003204,80.2560806274,62763,62773,10
12.988699913,80.2560272217,62773,62784,11
12.9883403778,80.2559661865,62784,62794,10
12.9881801605,80.2559432983,62794,62804,10
12.9879703522,80.2558898926,62804,62814,10
12.987660408,80.2559967041,62814,62824,10
12.9875802994,80.2566833496,62824,62834,10
12.9875097275,80.2573318481,62834,62844,10
12.9874401093,80.2581481934,62844,62854,10
12.9874000549,80.2588119507,62854,62864,10
12.9873504639,80.2590408325,62864,62874,10
12.9872903824,80.2591629028,62874,62884,10
12.9872503281,80.2593765259,62884,62895,11
12.9872598648,80.259552002,62895,62905,10
12.9872598648,80.2596130371,62905,62915,10
12.9871702194,80.2596588135,62915,62925,10
12.987039566,80.2596511841,62925,62935,10
12.9868402481,80.2595901489,62935,62945,10
12.9866104126,80.2593307495,62945,62955,10
12.9869699478,80.2590637207,62955,63626,671
12.9869699478,80.2590637207,63626,63636,10
12.9873304367,80.2590484619,63636,63646,10
12.9873600006,80.2587738037,63646,63656,10
12.9873695374,80.2586517334,63656,63666,10
12.9874095917,80.2582473755,63666,63676,10
12.9874801636,80.2576980591,63676,63686,10
12.9874897003,80.25730896,63686,63696,10
12.9875001907,80.2573013306,63696,63706,10
12.9875202179,80.2571563721,63706,63716,10
12.9875602722,80.256729126,63716,63726,10
12.9876098633,80.2562484741,63726,63736,10
12.987660408,80.2558517456,63736,63746,10
12.9879198074,80.2558135986,63746,63757,11
12.9885101318,80.2558822632,63757,63777,20
12.9885101318,80.2558822632,63777,63787,10
12.9888401031,80.2559127808,63787,63797,10
12.9893302917,80.2559661865,63797,63807,10
12.9899997711,80.2559967041,63807,63817,10
12.9904203415,80.2559814453,63817,63827,10
12.9908599854,80.2560119629,63827,63837,10
12.9913702011,80.2560424805,63837,63847,10
12.9920101166,80.2560806274,63847,63857,10
12.9927301407,80.2560577393,63857,63867,10
12.9931898117,80.2560424805,63867,63878,11
12.9935398102,80.2560119629,63878,63888,10
12.9936599731,80.2560195923,63888,63898,10
12.9939203262,80.2560195923,63898,63908,10
12.9942598343,80.2560195923,63908,63918,10
12.9947099686,80.2559585571,63918,63938,20
12.9948196411,80.2559661865,63938,63958,20
12.9948196411,80.2559661865,63958,63968,10
12.9950704575,80.2559509277,63968,63978,10
12.9952802658,80.2559280396,63978,63988,10
12.9955997467,80.2559204102,63988,63999,11
12.9961595535,80.2559204102,63999,64059,60
12.9961595535,80.2559204102,64059,64069,10
12.9962701797,80.2559432983,64069,64079,10
12.9966802597,80.2559127808,64079,64089,10
12.9969997406,80.2559204102,64089,64099,10
12.9974403381,80.2559204102,64099,64109,10
12.9982595444,80.2559814453,64109,64130,21
12.9982595444,80.2559814453,64130,64140,10
12.9988098145,80.2560501099,64140,64160,20
12.9988098145,80.2560501099,64160,64170,10
12.9991598129,80.2561264038,64170,64200,30
12.9991598129,80.2561264038,64200,64210,10
12.9994001389,80.2561798096,64210,64220,10
13.0000495911,80.2563095093,64220,64230,10
13.0009498596,80.2564468384,64230,64251,21
13.0009498596,80.2564468384,64251,64261,10
13.0012702942,80.2565307617,64261,64271,10
13.0016403198,80.2566070557,64271,64281,10
13.002240181,80.2566986084,64281,64291,10
13.0026397705,80.2567825317,64291,64301,10
13.0030899048,80.2568588257,64301,64311,10
13.0034799576,80.2569503784,64311,64321,10
13.0040502548,80.2570571899,64321,64331,10
13.0045795441,80.2571487427,64331,64341,10
13.0051002502,80.2572631836,64341,64351,10
13.0053701401,80.2572784424,64351,64362,11
13.0056200027,80.2573623657,64362,64372,10
13.006070137,80.2574462891,64372,64382,10
13.0064601898,80.2573928833,64382,64392,10
13.0064897537,80.2568283081,64392,64402,10
13.0065002441,80.2559127808,64402,64412,10
13.0065097809,80.2551879883,64412,64422,10
13.0065202713,80.2545471191,64422,64432,10
13.0064897537,80.2543029785,64432,64442,10
13.0065202713,80.2540664673,64442,64452,10
13.006529808,80.2537689209,64452,64471,19
13.006529808,80.2537689209,64471,64483,12
13.0065803528,80.2534637451,64483,64543,60
13.0065803528,80.2534637451,64543,64553,10
13.0065097809,80.2531814575,64553,64563,10
13.0065097809,80.2528305054,64563,64573,10
13.0065498352,80.2526321411,64573,64583,10
13.0066099167,80.2523117065,64583,64593,10
13.0066995621,80.251663208,64593,64604,11
13.0067501068,80.2509765625,64604,64624,20
13.0067501068,80.2509765625,64624,64634,10
13.006770134,80.25050354,64634,64644,10
13.0067501068,80.250038147,64644,64654,10
13.0067300797,80.2496337891,64654,64664,10
13.0067195892,80.2490768433,64664,64805,141
13.0067195892,80.2490768433,64805,64815,10
13.0067195892,80.2487182617,64815,64825,10
13.0066995621,80.2484817505,64825,64835,10
13.0066900253,80.2482833862,64835,64845,10
13.0066604614,80.2479934692,64845,64856,11
13.006649971,80.2474594116,64856,64956,100
13.006649971,80.2474594116,64956,64966,10
13.0066795349,80.247253418,64966,64977,11
13.0066099167,80.246711731,64977,64987,10
13.0066099167,80.2465591431,64987,64997,10
13.0066404343,80.246383667,64997,65017,20
13.0066204071,80.2461013794,65017,65047,30
13.0066204071,80.2461013794,65047,65057,10
13.0066204071,80.2457809448,65057,65067,10
13.0066299438,80.2456283569,65067,65077,10
13.0066299438,80.2455291748,65077,65087,10
13.0066299438,80.2453308105,65087,65098,11
13.0066003799,80.2450790405,65098,65108,10
13.0065898895,80.2448120117,65108,65118,10
13.0065898895,80.2446365356,65118,65128,10
13.0066204071,80.2443771362,65128,65138,10
13.0066003799,80.2440872192,65138,65148,10
13.0066099167,80.2438201904,65148,65158,10
13.0066003799,80.2433776855,65158,65168,10
13.0065803528,80.2426300049,65168,65178,10
13.0065803528,80.2416229248,65178,65188,10
13.0066204071,80.2407073975,65188,65249,61
13.0066204071,80.2407073975,65249,65259,10
13.0066900253,80.2404327393,65259,65269,10
13.0067996979,80.2401199341,65269,65279,10
13.0069799423,80.2393875122,65279,65289,10
13.007109642,80.2384414673,65289,65299,10
13.007229805,80.2378768921,65299,65309,10
13.0073404312,80.2374191284,65309,65319,10
13.007399559,80.236869812,65319,65329,10
13.0074501038,80.2367172241,65329,65340,11
13.0075902939,80.2361907959,65340,65350,10
13.0077104568,80.2355499268,65350,65360,10
13.0078496933,80.2349319458,65360,65370,10
13.0080099106,80.2340927124,65370,65380,10
13.0081796646,80.2331619263,65380,65390,10
13.0083799362,80.2321472168,65390,65400,10
13.0085697174,80.2311630249,65400,65410,10
13.0087604523,80.2301712036,65410,65420,10
13.008939743,80.2293319702,65420,65430,10
13.0091199875,80.2284698486,65430,65440,10
13.0093603134,80.2277526855,65440,65450,10
13.0097703934,80.2268295288,65450,65461,11
13.010219574,80.2259063721,65461,65471,10
13.0104999542,80.2252883911,65471,65481,10
13.0106801987,80.2249298096,65481,65491,10
13.0108804703,80.2244567871,65491,65501,10
13.0110998154,80.2238693237,65501,65511,10
13.0113096237,80.2231674194,65511,65521,10
13.0116701126,80.2223892212,65521,65531,10
13.0120096207,80.2215499878,65531,65541,10
13.0123300552,80.2215576172,65541,65551,10
13.0127601624,80.2220993042,65551,65561,10
13.0131702423,80.2225570679,65561,65570,9
13.0136098862,80.2230377197,65570,65582,12
13.0140399933,80.2235107422,65582,65592,10
13.0143003464,80.2238693237,65592,65602,10
13.0146598816,80.2243118286,65602,65612,10
13.0152301788,80.224861145,65612,65622,10
13.015540123,80.2250518799,65622,65632,10
13.0155496597,80.2250595093,65632,65642,10
13.0156497955,80.225151062,65642,65652,10
13.0159597397,80.2253570557,65652,65662,10
13.0166101456,80.2253417969,65662,65672,10
13.0173902512,80.2250366211,65672,65682,10
13.0183601379,80.224647522,65682,65692,10
13.0190896988,80.2243804932,65692,65703,11
13.0193195343,80.2243804932,65703,65713,10
13.0193796158,80.2244415283,65713,65723,10
13.0196895599,80.224609375,65723,65733,10
13.0201797485,80.2249526978,65733,65743,10
13.0206699371,80.2253036499,65743,65753,10
13.0211000443,80.2256393433,65753,65763,10
13.0215301514,80.225982666,65763,65773,10
13.0221099854,80.2264022827,65773,65783,10
13.0227003098,80.2268981934,65783,65793,10
13.0232200623,80.2273788452,65793,65803,10
13.0235004425,80.2276306152,65803,65813,10
13.0236997604,80.2278137207,65813,65824,11
13.0239896774,80.2281188965,65824,65834,10
13.0243797302,80.2285995483,65834,65844,10
13.0246200562,80.2289505005,65844,65854,10
13.0249004364,80.2293167114,65854,65864,10
13.0250597,80.2294998169,65864,65884,20
13.0250597,80.2294998169,65884,65894,10
13.0252599716,80.2297515869,65894,65904,10
13.0254602432,80.2300109863,65904,65914,10
13.0256900787,80.2303390503,65914,65924,10
13.0258398056,80.2306671143,65924,65934,10
13.0259304047,80.2309188843,65934,65945,11
13.0260000229,80.2312011719,65945,65955,10
13.0260601044,80.2314910889,65955,65965,10
13.0262298584,80.2321395874,65965,65975,10
13.0265598297,80.2329330444,65975,65985,10
13.0269203186,80.2335968018,65985,65995,10
13.0273799896,80.2343673706,65995,66005,10
13.0277996063,80.2351837158,66005,66015,10
13.0282897949,80.2358474731,66015,66025,10
13.0287399292,80.2363510132,66025,66035,10
13.0290298462,80.2366485596,66035,66045,10
13.0294103622,80.2370605469,66045,66066,21
13.0294103622,80.2370605469,66066,66076,10
13.029589653,80.2372817993,66076,66086,10
13.0297403336,80.2374572754,66086,66096,10
13.0299396515,80.2377624512,66096,66106,10
13.0302000046,80.2382507324,66106,66116,10
13.0304203033,80.2386398315,66116,66126,10
13.0306901932,80.239151001,66126,66136,10
13.0309400558,80.2395477295,66136,66146,10
13.0312004089,80.2399597168,66146,66156,10
13.0314302444,80.2404022217,66156,66166,10
13.0314998627,80.2409286499,66166,66176,10
13.031709671,80.241317749,66176,66187,11
13.0319299698,80.2417678833,66187,66197,10
13.0322303772,80.2423095703,66197,66207,10
13.0325202942,80.2426605225,66207,66217,10
13.0328397751,80.2431030273,66217,66227,10
13.0334300995,80.2438430786,66227,66237,10
13.0340099335,80.2446517944,66237,66247,10
13.0343704224,80.2451095581,66247,66257,10
13.0348701477,80.2457580566,66257,66267,10
13.0350904465,80.2459564209,66267,66277,10
13.035200119,80.2460632324,66277,66287,10
13.0355901718,80.2461624146,66287,66296,9
13.0356798172,80.2461776733,66296,66308,12
13.0360403061,80.2463912964,66308,66318,10
13.0367603302,80.2465286255,66318,66328,10
13.0374002457,80.2465133667,66328,66338,10
13.0379600525,80.24659729,66338,66348,10
13.0383195877,80.2467193604,66348,66358,10
13.0390996933,80.2469329834,66358,66378,20
13.0390996933,80.2469329834,66378,66388,10
13.0393400192,80.246963501,66388,66398,10
13.0398702621,80.2470703125,66398,66408,10
13.0406398773,80.2472076416,66408,66418,10
13.0408401489,80.2472610474,66418,66429,11
13.041270256,80.2473602295,66429,66439,10
13.0419797897,80.2475128174,66439,66449,10
13.042550087,80.2477035522,66449,66459,10
13.0430698395,80.2479400635,66459,66469,10
13.0435304642,80.2480392456,66469,66479,10
13.0440502167,80.2479171753,66479,66489,10
13.0444698334,80.2480392456,66489,66499,10
13.0448703766,80.2480773926,66499,66509,10
13.04529953,80.2482681274,66509,66519,10
13.0459699631,80.2485275269,66519,66529,10
13.0467195511,80.2484970093,66529,66550,21
13.0467195511,80.2484970093,66550,66560,10
13.0471496582,80.2485733032,66560,66570,10
13.0472698212,80.248626709,66570,66580,10
13.0474901199,80.248878479,66580,66590,10
13.0476799011,80.249130249,66590,66600,10
13.0478801727,80.2492980957,66600,66610,10
13.0481100082,80.2494812012,66610,66620,10
13.0486297607,80.2498092651,66620,66630,10
13.0491104126,80.2498168945,66630,66640,10
13.0498104095,80.2499313354,66640,66650,10
13.0508899689,80.2501525879,66650,66660,10
13.0518703461,80.2505874634,66660,66671,11
13.0524196625,80.2512130737,66671,66681,10
13.0528898239,80.2518234253,66681,66691,10
13.0533304214,80.2524108887,66691,66701,10
13.0536699295,80.2528762817,66701,66711,10
13.0540504456,80.2534103394,66711,66721,10
13.0544300079,80.25390625,66721,66731,10
13.0546503067,80.2542114258,66731,66741,10
13.0548000336,80.2544326782,66741,66751,10
13.0550298691,80.2547073364,66751,66761,10
13.0552797318,80.2550811768,66761,66771,10
13.0554800034,80.2553405762,66771,66781,10
13.055680275,80.2555999756,66781,66792,11
13.0558595657,80.2558364868,66792,66802,10
13.0561304092,80.2561798096,66802,66812,10
13.0563097,80.2563781738,66812,66822,10
13.0566196442,80.2567214966,66822,66832,10
13.0568199158,80.2568969727,66832,66842,10
13.0569896698,80.2570419312,66842,66852,10
13.0575704575,80.25756073,66852,66862,10
13.0580301285,80.2581100464,66862,66872,10
13.0585002899,80.2587280273,66872,66882,10
13.0589399338,80.2592086792,66882,66892,10
13.0592002869,80.259727478,66892,66902,10
13.0596504211,80.2602233887,66902,66913,11
13.0602302551,80.2607421875,66913,66923,10
13.0604400635,80.2609710693,66923,66933,10
13.0605297089,80.2610931396,66933,66943,10
13.0608100891,80.2615127563,66943,66953,10
13.0611000061,80.2619934082,66953,66963,10
13.0615701675,80.2625808716,66963,66973,10
13.0618896484,80.2629623413,66973,66983,10
13.0622901917,80.2634277344,66983,66993,10
13.0626401901,80.2638397217,66993,67003,10
13.0628995895,80.2640228271,67003,67013,10
13.0631599426,80.2643203735,67013,67023,10
13.0637397766,80.2651977539,67023,67044,21
13.0637397766,80.2651977539,67044,67054,10
13.0638799667,80.2654037476,67054,67064,10
13.0639095306,80.2654800415,67064,67074,10
13.0639801025,80.2656173706,67074,67084,10
13.0641498566,80.2658081055,67084,67094,10
13.0642995834,80.2659912109,67094,67104,10
13.064499855,80.2661132813,67104,67114,10
13.0646095276,80.2662811279,67114,67124,10
13.0646896362,80.2664413452,67124,67134,10
13.0647497177,80.2665710449,67134,67144,10
13.0648698807,80.2666778564,67144,67155,11
13.0651798248,80.2669906616,67155,67165,10
13.0656204224,80.267326355,67165,67175,10
13.0656499863,80.2674026489,67175,67185,10
13.0659198761,80.2677612305,67185,67195,10
13.0662298203,80.2681503296,67195,67205,10
13.0663003922,80.2682266235,67205,67215,10
13.0664701462,80.2683563232,67215,67225,10
13.0668497086,80.2685317993,67225,67245,20
13.0668497086,80.2685317993,67245,67255,10
13.0671195984,80.268737793,67255,67265,10
13.067700386,80.2691116333,67265,67276,11
13.068189621,80.2693786621,67276,67286,10
13.0683603287,80.2691421509,67286,67296,10
13.0684995651,80.2686309814,67296,67306,10
13.0686798096,80.2680892944,67306,67316,10
13.0689897537,80.267288208,67316,67326,10
13.0693798065,80.2668685913,67326,67336,10
13.0694799423,80.2667770386,67336,67346,10
13.0697002411,80.2665481567,67346,67356,10
13.070019722,80.2662506104,67356,67366,10
13.0702495575,80.2659683228,67366,67376,10
13.0703496933,80.2658615112,67376,67386,10
13.0706501007,80.2654800415,67386,67397,11
13.0711097717,80.2650375366,67397,67407,10
13.0715503693,80.2646102905,67407,67417,10
13.0719499588,80.2641677856,67417,67427,10
13.0721797943,80.2638626099,67427,67437,10
13.0724401474,80.2632293701,67437,67447,10
13.072640419,80.2627029419,67447,67457,10
13.0727996826,80.2621765137,67457,67467,10
13.0728397369,80.2621231079,67467,67477,10
13.0729503632,80.26171875,67477,67487,10
13.0730495453,80.2612304688,67487,67497,10
13.0730800629,80.2608032227,67497,67506,9
13.0732803345,80.2606201172,67506,67518,12
13.0734996796,80.2601776123,67518,67528,10
13.0739297867,80.2595214844,67528,67538,10
13.0743999481,80.2590789795,67538,67548,10
13.0747098923,80.2588195801,67548,67558,10
13.0748996735,80.2586517334,67558,67568,10
13.0751304626,80.2584609985,67568,67578,10
13.0752496719,80.2583618164,67578,67598,20
13.0752496719,80.2583618164,67598,67608,10
13.075460434,80.2581787109,67608,67618,10
13.0754804611,80.2581481934,67618,67628,10
13.075630188,80.2580718994,67628,67639,11
13.0760297775,80.2577362061,67639,67649,10
13.0765895844,80.2572402954,67649,67659,10
13.0772600174,80.2568511963,67659,67669,10
13.0778999329,80.2567214966,67669,67679,10
13.0784502029,80.256690979,67679,67689,10
13.0787601471,80.256652832,67689,67699,10
13.0788297653,80.2566680908,67699,67709,10
13.0790300369,80.2565536499,67709,67719,10
13.079000473,80.256111145,67719,67729,10
13.0789203644,80.2554016113,67729,67738,9
13.0788698196,80.2549514771,67738,67749,11
13.0790500641,80.2546768188,67749,67760,11
13.0794401169,80.2546463013,67760,67770,10
13.0798597336,80.2547531128,67770,67780,10
13.0798597336,80.2547531128,67780,67790,10
13.0800895691,80.2547988892,67790,67798,8
13.0802698135,80.2548294067,67798,67858,60
13.0818300247,80.2537765503,67858,67868,10
13.0818500519,80.2533416748,67868,67879,11
13.0817499161,80.2529525757,67879,67889,10
13.081609726,80.2526397705,67889,67899,10
13.0814199448,80.2521514893,67899,67909,10
13.0813703537,80.2518920898,67909,67919,10
13.0813503265,80.251663208,67919,67929,10
13.0813302994,80.251449585,67929,67939,10
13.081319809,80.2512893677,67939,67949,10
13.081319809,80.2511825562,67949,67959,10
13.0812997818,80.2509994507,67959,67969,10
13.0813102722,80.2508087158,67969,67979,10
13.0812597275,80.2505111694,67979,67989,10
13.0812902451,80.2502593994,67989,68000,11
13.0813102722,80.2499313354,68000,68010,10
13.081489563,80.2496566772,68010,68020,10
13.0820302963,80.2498016357,68020,68030,10
13.0826301575,80.2498779297,68030,68040,10
13.0830001831,80.249961853,68040,68050,10
13.0834903717,80.2500076294,68050,68060,10
13.0841398239,80.2501220703,68060,68070,10
13.0846700668,80.2502365112,68070,68080,10
13.0846796036,80.25025177,68080,68090,10
13.0849895477,80.2503204346,68090,68100,10
13.0854301453,80.2503662109,68100,68110,10
13.0858602524,80.2504272461,68110,68121,11
13.0858697891,80.2499465942,68121,68131,10
13.0858402252,80.2491531372,68131,68141,10
13.0858001709,80.2484207153,68141,68151,10
13.0857601166,80.2476501465,68151,68161,10
13.0857200623,80.2470016479,68161,68171,10
13.0856800079,80.2466964722,68171,68181,10
13.0856199265,80.24659729,68181,68191,10
13.0856399536,80.2462615967,68191,68201,10
13.0856399536,80.2459564209,68201,68211,10
13.0855798721,80.2454299927,68211,68272,61
13.0855798721,80.2454299927,68272,68282,10
13.0856199265,80.2451934814,68282,68292,10
13.085940361,80.2449874878,68292,68302,10
13.0864496231,80.2446136475,68302,68312,10
13.086979866,80.2441711426,68312,68322,10
13.0874700546,80.2437667847,68322,68332,10
13.0877103806,80.2434310913,68332,68342,10
13.0878000259,80.2431488037,68342,68352,10
13.0878801346,80.2426300049,68352,68363,11
13.0882101059,80.2420730591,68363,68373,10
13.0887804031,80.2416610718,68373,68383,10
13.0893497467,80.2412567139,68383,68393,10
13.0897102356,80.2410430908,68393,68403,10
13.0901403427,80.2409133911,68403,68413,10
13.0904502869,80.2408828735,68413,68423,10
13.0911397934,80.2408981323,68423,68433,10
13.0916996002,80.2409362793,68433,68443,10
13.0924301147,80.2409896851,68443,68453,10
13.0927095413,80.2410125732,68453,68463,10
13.0933704376,80.2410964966,68463,68473,10
13.0941295624,80.2412185669,68473,68484,11
13.0942897797,80.2412490845,68484,68494,10
13.094420433,80.2412719727,68494,68504,10
13.0946798325,80.2413406372,68504,68514,10
13.0948801041,80.2413787842,68514,68524,10
13.0951795578,80.2414398193,68524,68534,10
13.0954198837,80.2415237427,68534,68544,10
13.0955696106,80.2415924072,68544,68554,10
13.0959300995,80.2417297363,68554,68564,10
13.0963096619,80.2418365479,68564,68574,10
13.0964899063,80.2419128418,68574,68584,10
13.0967998505,80.2420425415,68584,68594,10
13.0971698761,80.2421417236,68594,68605,11
13.0975399017,80.2422332764,68605,68615,10
13.0978403091,80.2423324585,68615,68625,10
13.0981798172,80.242401123,68625,68635,10
13.09856987,80.2423629761,68635,68645,10
13.0986099243,80.2423400879,68645,68655,10
13.0986995697,80.2422714233,68655,68665,10
13.0987100601,80.2419281006,68665,68675,10
13.0985202789,80.2421569824,68675,68938,263
13.097530365,80.2423019409,68938,68969,31
13.0974798203,80.2422866821,68969,69049,80
13.0974798203,80.2422866821,69049,69059,10
13.0971899033,80.2421875,69059,69069,10
13.0968103409,80.2420425415,69069,69079,10
13.0963401794,80.2418823242,69079,69090,11
13.0956401825,80.2416381836,69090,69100,10
13.0951795578,80.2414932251,69100,69110,10
13.0949201584,80.2413787842,69110,69120,10
13.0944099426,80.2413024902,69120,69130,10
13.0937995911,80.2412185669,69130,69140,10
13.0935201645,80.2411804199,69140,69150,10
13.0929403305,80.2410812378,69150,69199,49
13.0929403305,80.2410812378,69199,69211,12
13.0925598145,80.2410202026,69211,69221,10
13.0923204422,80.2410125732,69221,69231,10
13.0919399261,80.2409896851,69231,69241,10
13.0916500092,80.2409667969,69241,69251,10
13.0911397934,80.2409591675,69251,69261,10
13.0903196335,80.2409515381,69261,69271,10
13.0895900726,80.2411499023,69271,69281,10
13.0890398026,80.2415313721,69281,69291,10
13.0884199142,80.2419433594,69291,69311,20
13.0884199142,80.2419433594,69311,69321,10
13.0881996155,80.2421035767,69321,69332,11
13.0880203247,80.2422714233,69332,69342,10
13.0878801346,80.2428436279,69342,69352,10
13.0878000259,80.2433166504,69352,69362,10
13.0875997543,80.2436828613,69362,69372,10
13.0871295929,80.244102478,69372,69382,10
13.0866098404,80.2445602417,69382,69392,10
13.0860500336,80.2450027466,69392,69402,10
13.0857095718,80.2453079224,69402,69412,10
13.085650444,80.2454528809,69412,69422,10
13.0855998993,80.2457427979,69422,69432,10
13.0856599808,80.2461929321,69432,69442,10
13.0857200623,80.2468032837,69442,69453,11
13.085729599,80.2469329834,69453,69463,10
13.0857601166,80.2474212646,69463,69473,10
13.0857896805,80.248260498,69473,69483,10
13.0858297348,80.2492370605,69483,69493,10
13.0858898163,80.2500991821,69493,69543,50
13.0858898163,80.2500991821,69543,69553,10
13.0858402252,80.2505569458,69553,69562,9
13.0857496262,80.2508926392,69562,69573,11
13.0856599808,80.2513504028,69573,69584,11
13.0856199265,80.2517471313,69584,69594,10
13.0856103897,80.2518768311,69594,69604,10
13.0855703354,80.252456665,69604,69614,10
13.0855197906,80.2529678345,69614,69624,10
13.0855102539,80.2533569336,69624,69634,10
13.0855197906,80.2536315918,69634,69644,10
13.085559845,80.2540588379,69644,69654,10
13.0855798721,80.2545928955,69654,69664,10
13.0854101181,80.2547607422,69664,69674,10
13.0849103928,80.254737854,69674,69684,10
13.0838804245,80.2546463013,69684,69705,21
13.0838804245,80.2546463013,69705,69715,10
13.083319664,80.2546081543,69715,69725,10
13.0825300217,80.2545776367,69725,69735,10
13.0819301605,80.2547073364,69735,69745,10
13.0812797546,80.2549285889,69745,69755,10
13.0808296204,80.2548904419,69755,69765,10
13.0806598663,80.2548904419,69765,69775,10
13.080160141,80.2547836304,69775,69785,10
13.0798196793,80.2547531128,69785,69795,10
13.0792798996,80.254699707,69795,69805,10
13.0789804459,80.2549591064,69805,69816,11
13.0790300369,80.2556991577,69816,69826,10
13.0790901184,80.2562866211,69826,69886,60
13.0790901184,80.2562866211,69886,69896,10
13.0791196823,80.2565917969,69896,69906,10
13.0789003372,80.2567825317,69906,69916,10
13.0784902573,80.2567672729,69916,69926,10
13.0780801773,80.2567672729,69926,69937,11
13.0775699615,80.2568206787,69937,69947,10
13.0770597458,80.2569580078,69947,69957,10
13.0765399933,80.2572937012,69957,69967,10
13.0760097504,80.2577896118,69967,69977,10
13.0755796432,80.2581710815,69977,69987,10
13.075460434,80.2584762573,69987,69997,10
13.0755996704,80.2590408325,69997,70007,10
13.0758600235,80.2596130371,70007,70017,10
13.0764598846,80.2601089478,70017,70027,10
13.0769701004,80.2606201172,70027,70037,10
13.0772695541,80.2610626221,70037,70047,10
13.0774402618,80.2614212036,70047,70058,11
13.0775899887,80.2618484497,70058,70068,10
13.0777301788,80.2621688843,70068,70098,30
13.0777301788,80.2621688843,70098,70108,10
13.077750206,80.2623062134,70108,70118,10
13.0778198242,80.2625198364,70118,70128,10
13.078040123,80.2632522583,70128,70138,10
13.078040123,80.2632522583,70138,70148,10
13.0781898499,80.2635498047,70148,70158,10
13.0777597427,80.2637863159,70158,70168,10
13.077340126,80.2640609741,70168,70179,11
13.0767202377,80.2642211914,70179,70189,10
13.0758895874,80.2643280029,70189,70199,10
13.0755996704,80.2641677856,70199,70209,10
13.0751895905,80.2635803223,70209,70219,10
13.0746002197,80.2628173828,70219,70229,10
13.0742301941,80.2623901367,70229,70239,10
13.0739202499,80.2620391846,70239,70249,10
13.0737600327,80.2618331909,70249,70259,10
13.0736198425,80.2616882324,70259,70269,10
13.0732498169,80.2614517212,70269,70279,10
13.0729198456,80.261932373,70279,70289,10
13.0726995468,80.2625808716,70289,70300,11
13.072520256,80.2631912231,70300,70310,10
13.0722799301,80.2637481689,70310,70320,10
13.0719995499,80.2641677856,70320,70330,10
13.0717496872,80.2644424438,70330,70340,10
13.0715398788,80.2646179199,70340,70360,20
13.0715398788,80.2646179199,70360,70370,10
13.0714302063,80.2647399902,70370,70380,10
13.0712404251,80.2649307251,70380,70390,10
13.0709600449,80.2652511597,70390,70400,10
13.0704698563,80.2657394409,70400,70421,21
13.0704698563,80.2657394409,70421,70431,10
13.0703496933,80.2658615112,70431,70441,10
13.0701503754,80.2660598755,70441,70451,10
13.070110321,80.2660980225,70451,70461,10
13.0700502396,80.2662124634,70461,70471,10
13.0698900223,80.2663726807,70471,70481,10
13.0696401596,80.2666091919,70481,70491,10
13.0693998337,80.2668762207,70491,70501,10
13.0691604614,80.2671203613,70501,70511,10
13.068860054,80.2675476074,70511,70521,10
13.0686197281,80.2682571411,70521,70531,10
13.0685195923,80.2686462402,70531,70542,11
13.0683898926,80.2690811157,70542,70552,10
13.0682697296,80.2695770264,70552,70562,10
13.0681295395,80.2702102661,70562,70572,10
13.0681200027,80.2707672119,70572,70602,30
13.0681200027,80.2707672119,70602,70612,10
13.0679197311,80.2711029053,70612,70622,10
13.0674800873,80.2707824707,70622,70632,10
13.0670204163,80.2703170776,70632,70642,10
13.066619873,80.2698364258,70642,70652,10
13.0664100647,80.2691268921,70652,70663,11
13.0661802292,80.2683486938,70663,70673,10
13.0655698776,80.2677536011,70673,70683,10
13.065199852,80.2677078247,70683,70693,10
13.0649995804,80.2676773071,70693,70703,10
13.0643196106,80.2675018311,70703,70713,10
13.0636701584,80.2674179077,70713,70723,10
13.0629796982,80.2673110962,70723,70733,10
13.0624399185,80.2669372559,70733,70743,10
13.0618600845,80.2662124634,70743,70753,10
13.0614204407,80.2656402588,70753,70762,9
13.0611095428,80.2653198242,70762,70774,12
13.0605297089,80.2654495239,70774,70784,10
13.0604600906,80.2654724121,70784,70794,10
13.0601701736,80.2655715942,70794,70804,10
13.0595397949,80.2656478882,70804,70814,10
13.0592002869,80.2655715942,70814,70824,10
13.0585002899,80.2654724121,70824,70854,30
13.0585002899,80.2654724121,70854,70864,10
13.0581197739,80.2652816772,70864,70874,10
13.057970047,80.2647018433,70874,70884,10
13.0578699112,80.2639770508,70884,70894,10
13.0577802658,80.2631378174,70894,70905,11
13.0577001572,80.2625198364,70905,70915,10
13.0576000214,80.2619400024,70915,70925,10
13.0574703217,80.2612380981,70925,70935,10
13.0572795868,80.2604675293,70935,70945,10
13.0570697784,80.259803772,70945,70955,10
13.0569295883,80.2593231201,70955,70965,10
13.0566797256,80.2585830688,70965,70975,10
13.0565595627,80.2579574585,70975,70985,10
13.0564403534,80.2574386597,70985,70995,10
13.0564403534,80.2573928833,70995,71005,10
13.0563898087,80.257019043,71005,71015,10
13.0562295914,80.2564620972,71015,71026,11
13.0557603836,80.2557907104,71026,71036,10
13.0552501678,80.2550811768,71036,71046,10
13.054599762,80.2542724609,71046,71056,10
13.0540599823,80.2536010742,71056,71066,10
13.053899765,80.2533874512,71066,71076,10
13.0537595749,80.2532196045,71076,71086,10
13.0534095764,80.2527008057,71086,71096,10
13.0529499054,80.2520065308,71096,71106,10
13.052479744,80.2514038086,71106,71116,10
13.0520896912,80.2508773804,71116,71126,10
13.0518503189,80.2506103516,71126,71137,11
13.0517196655,80.25050354,71137,71147,10
13.0515699387,80.2503967285,71147,71157,10
13.0512800217,80.2502593994,71157,71167,10
13.051150322,80.2502288818,71167,71177,10
13.0509395599,80.2501831055,71177,71207,30
13.0509395599,80.2501831055,71207,71217,10
13.0506000519,80.2501220703,71217,71227,10
13.0504999161,80.2500915527,71227,71237,10
13.0503702164,80.2500610352,71237,71247,10
13.0499897003,80.249961853,71247,71258,11
13.0491104126,80.2498626709,71258,71268,10
13.0482797623,80.2496414185,71268,71278,10
13.0475702286,80.2490386963,71278,71288,10
13.0469398499,80.2486877441,71288,71298,10
13.0468997955,80.2486877441,71298,71308,10
13.0466804504,80.2486724854,71308,71318,10
13.0464897156,80.2486419678,71318,71328,10
13.0457601547,80.2484893799,71328,71338,10
13.044960022,80.2482223511,71338,71348,10
13.0440301895,80.248046875,71348,71358,10
13.0432300568,80.2479095459,71358,71368,10
13.0423498154,80.2477035522,71368,71379,11
13.0413198471,80.247467041,71379,71389,10
13.0403995514,80.2473220825,71389,71399,10
13.0399103165,80.2472076416,71399,71409,10
13.0395498276,80.2471313477,71409,71419,10
13.0391197205,80.2470169067,71419,71429,10
13.0389604568,80.2470092773,71429,71439,10
13.038769722,80.2469406128,71439,71449,10
13.0382204056,80.2468338013,71449,71459,10
13.0374498367,80.246711731,71459,71469,10
13.0371103287,80.246673584,71469,71479,10
13.0367097855,80.2465896606,71479,71488,9
13.0362796783,80.2464599609,71488,71500,12
13.0357999802,80.2463226318,71500,71520,20
13.0357999802,80.2463226318,71520,71530,10
13.0355100632,80.2462234497,71530,71540,10
13.0351800919,80.246131897,71540,71550,10
13.0349903107,80.2460403442,71550,71560,10
13.0346803665,80.2456283569,71560,71570,10
13.034239769,80.2450637817,71570,71580,10
13.0336904526,80.2444000244,71580,71590,10
13.0330295563,80.2435684204,71590,71600,10
13.0325698853,80.2429962158,71600,71631,31
13.0325698853,80.2429962158,71631,71641,10
13.0323696136,80.24269104,71641,71651,10
13.0323400497,80.2426376343,71651,71661,10
13.0321998596,80.2424316406,71661,71671,10
13.0320396423,80.2422714233,71671,71681,10
13.0318698883,80.2419815063,71681,71691,10
13.0316495895,80.2414627075,71691,71701,10
13.0313396454,80.2407684326,71701,71711,10
13.0311498642,80.2403717041,71711,71873,162
13.0311498642,80.2403717041,71873,71883,10
13.0310497284,80.2400970459,71883,71893,10
13.0307598114,80.2394485474,71893,71903,10
13.0302696228,80.2385482788,71903,71913,10
13.0297298431,80.2376098633,71913,71923,10
13.0292301178,80.2370223999,71923,71933,10
13.0290899277,80.2369232178,71933,71943,10
13.0288696289,80.2366867065,71943,71953,10
13.0283699036,80.2361297607,71953,71963,10
13.027759552,80.2353973389,71963,71973,10
13.0273103714,80.2345199585,71973,71984,11
13.0265102386,80.2332763672,71984,72034,50
13.0265102386,80.2332763672,72034,72044,10
13.0263996124,80.2330932617,72044,72054,10
13.0261697769,80.2325134277,72054,72064,10
13.0260295868,80.2319107056,72064,72074,10
13.0260095596,80.2318572998,72074,72084,10
13.0259504318,80.2315826416,72084,72093,9
13.0258102417,80.2309875488,72093,72105,12
13.0253295898,80.2300720215,72105,72115,10
13.024769783,80.2293395996,72115,72125,10
13.0242996216,80.228729248,72125,72135,10
13.0239095688,80.2283096313,72135,72155,20
13.0239095688,80.2283096313,72155,72165,10
13.0236701965,80.2280197144,72165,72175,10
13.0232801437,80.2276306152,72175,72185,10
13.0228300095,80.2271499634,72185,72195,10
13.0221004486,80.2265014648,72195,72205,10
13.0212602615,80.2258224487,72205,72214,9
13.0206604004,80.2253417969,72214,72226,12
13.0200004578,80.2248916626,72226,72246,20
13.0200004578,80.2248916626,72246,72256,10
13.0198602676,80.2248001099,72256,72266,10
13.0193099976,80.2245178223,72266,72276,10
13.0184602737,80.2246170044,72276,72286,10
13.0175600052,80.2249984741,72286,72296,10
13.0169401169,80.2252883911,72296,72306,10
13.0162601471,80.2255783081,72306,72316,10
13.0156002045,80.2257919312,72316,72326,10
13.015080452,80.2260437012,72326,72336,10
13.0145301819,80.2262496948,72336,72347,11
13.0142097473,80.226348877,72347,72357,10
13.0140304565,80.2264175415,72357,72367,10
13.0135002136,80.2266235352,72367,72377,10
13.0127096176,80.2269210815,72377,72387,10
13.011759758,80.2273025513,72387,72397,10
13.0107603073,80.227722168,72397,72407,10
13.0099401474,80.2280731201,72407,72417,10
13.0092201233,80.2284317017,72417,72427,10
13.0089797974,80.2291564941,72427,72437,10
13.0087900162,80.2301635742,72437,72447,10
13.0085802078,80.2312774658,72447,72457,10
13.0083599091,80.2324523926,72457,72468,11
13.0082197189,80.2335128784,72468,72478,10
13.0081796646,80.2336883545,72478,72488,10
13.0080604553,80.2341308594,72488,72498,10
13.0079898834,80.2345275879,72498,72508,10
13.0078697205,80.2351379395,72508,72518,10
13.0076999664,80.2359924316,72518,72528,10
13.0074901581,80.2370071411,72528,72538,10
13.0072898865,80.2380065918,72538,72548,10
13.0071401596,80.2388763428,72548,72558,10
13.0069704056,80.2396697998,72558,72568,10
13.0068998337,80.2400512695,72568,72689,121
13.0068998337,80.2400512695,72689,72699,10
13.0068902969,80.2405166626,72699,72710,11
13.006770134,80.2412414551,72710,72720,10
13.0067100525,80.2420730591,72720,72730,10
13.0066995621,80.2428894043,72730,72740,10
13.006649971,80.2440185547,72740,72760,20
13.006649971,80.2440185547,72760,72770,10
13.0066299438,80.2443008423,72770,72810,40
13.0066299438,80.2443008423,72810,72820,10
13.006649971,80.2446670532,72820,72831,11
13.0066795349,80.2452163696,72831,72841,10
13.0066995621,80.2457733154,72841,72851,10
13.0067300797,80.2464599609,72851,72861,10
13.0067501068,80.2469787598,72861,72871,10
13.0067300797,80.2474365234,72871,72881,10
13.0066900253,80.2481994629,72881,72891,10
13.0067501068,80.2493133545,72891,72901,10
13.0067901611,80.25050354,72901,72911,10
13.0067996979,80.2510681152,72911,72921,10
13.0067996979,80.251159668,72921,72931,10
13.0067996979,80.251411438,72931,72940,9
13.0067195892,80.2517776489,72940,72952,12
13.006529808,80.2527236938,72952,72962,10
13.006529808,80.2537078857,72962,72972,10
13.0065698624,80.2546463013,72972,72982,10
13.0066003799,80.254989624,72982,72992,10
13.0065698624,80.2554168701,72992,73002,10
13.0065803528,80.2562713623,73002,73012,10
13.0066099167,80.2572784424,73012,73042,30
13.0066099167,80.2572784424,73042,73052,10
13.0066995621,80.2574005127,73052,73062,10
13.0066003799,80.257598877,73062,73073,11
13.006070137,80.2575683594,73073,73083,10
13.0057401657,80.2574386597,73083,73093,10
13.0051803589,80.2572784424,73093,73103,10
13.0044202805,80.2571411133,73103,73113,10
13.0036001205,80.2569732666,73113,73123,10
13.0030202866,80.2568588257,73123,73133,10
13.0024700165,80.2567596436,73133,73143,10
13.0019397736,80.2566604614,73143,73194,51
13.0019397736,80.2566604614,73194,73204,10
13.001709938,80.2566375732,73204,73214,10
13.0011796951,80.2565765381,73214,73224,10
13.0005502701,80.256477356,73224,73234,10
13.0000295639,80.2563705444,73234,73244,10
12.99958992,80.2562866211,73244,73254,10
12.9991197586,80.2562026978,73254,73264,10
12.9987401962,80.2561416626,73264,73274,10
12.9986600876,80.2561264038,73274,73284,10
12.998550415,80.2560806274,73284,73294,10
12.9984197617,80.2560424805,73294,73304,10
12.9979295731,80.2559967041,73304,73315,11
12.997420311,80.2559967041,73315,73325,10
12.9974002838,80.2559890747,73325,73335,10
12.9971399307,80.2559890747,73335,73345,10
12.9968795776,80.2559661865,73345,73355,10
12.9966096878,80.2559661865,73355,73365,10
12.9962396622,80.2559661865,73365,73375,10
12.9959201813,80.2559661865,73375,73385,10
12.9955196381,80.2559661865,73385,73395,10
12.9950304031,80.2559814453,73395,73405,10
12.994389534,80.2560119629,73405,73415,10
12.9937896729,80.2560806274,73415,73425,10
12.9929800034,80.256149292,73425,73436,11
12.9919900894,80.2561798096,73436,73446,10
12.9912595749,80.256149292,73446,73456,10
12.9907197952,80.2561264038,73456,73466,10
12.9902095795,80.256111145,73466,73476,10
12.9896097183,80.2560882568,73476,73486,10
12.9891004562,80.2560501099,73486,73496,10
12.9886598587,80.2560424805,73496,73506,10
12.9884796143,80.2559967041,73506,73516,10
12.9881601334,80.2559509277,73516,73597,81
12.9877996445,80.2559204102,73597,73627,30
12.9877996445,80.2559204102,73627,73637,10
12.9875898361,80.2561187744,73637,73647,10
12.9875602722,80.2565917969,73647,73657,10
12.9875602722,80.2568817139,73657,73667,10
12.9875097275,80.25730896,73667,73678,11
12.9874401093,80.2581481934,73678,73688,10
12.9873800278,80.2587890625,73688,73698,10
12.9872503281,80.2594833374,73698,73728,30
12.9872198105,80.2596206665,73728,73738,10
12.9872198105,80.2596206665,73738,73748,10
12.9870595932,80.2596588135,73748,73756,8
12.9869403839,80.2595977783,73756,73768,12
12.9865903854,80.2595214844,73768,73778,10
12.9865598679,80.2591781616,73778,73819,41
12.9865598679,80.2591781616,73819,74791,972
12.9865503311,80.2592697144,74791,74801,10
12.9866199493,80.2591705322,74801,74811,10
12.9868202209,80.2591705322,74811,74871,60
12.9868202209,80.2591705322,74871,74881,10
12.9870500565,80.2592010498,74881,74891,10
12.9872398376,80.2592010498,74891,74900,9
12.9872999191,80.258972168,74900,74912,12
12.9873399734,80.2583694458,74912,74922,10
12.9874000549,80.2577209473,74922,74932,10
12.9874401093,80.2569732666,74932,74942,10
12.9875001907,80.256111145,74942,75154,212
12.9875001907,80.256111145,75154,75164,10
12.9875602722,80.255897522,75164,75174,10
12.987859726,80.2558670044,75174,75184,10
12.9882297516,80.2559280396,75184,75194,10
12.988240242,80.2559204102,75194,75204,10
12.9884395599,80.2559509277,75204,75214,10
12.988650322,80.2559814453,75214,75224,10
12.989159584,80.2560195923,75224,75234,10
12.9898996353,80.2560501099,75234,75244,10
12.9904699326,80.2560424805,75244,75254,10
12.9911603928,80.256111145,75254,75263,9
12.9920396805,80.2561264038,75263,75275,12
12.9934196472,80.2560806274,75275,75285,10
12.9942903519,80.2560424805,75285,75295,10
12.9950199127,80.2559661865,75295,75305,10
12.9958200455,80.2559509277,75305,75315,10
12.9961900711,80.2559432983,75315,75345,30
12.9961900711,80.2559432983,75345,75355,10
12.9962301254,80.2559432983,75355,75365,10
12.9964399338,80.2559432983,75365,75375,10
12.9968395233,80.2559585571,75375,75385,10
12.997130394,80.2559661865,75385,75396,11
12.9978904724,80.2560195923,75396,75406,10
12.9987096786,80.256111145,75406,75436,30
12.9987096786,80.256111145,75436,75446,10
12.9989995956,80.256187439,75446,75456,10
12.9994297028,80.2562789917,75456,75466,10
12.9999904633,80.2563705444,75466,75476,10
13.0005702972,80.2564697266,75476,75486,10
13.0010004044,80.2565383911,75486,75496,10
13.0011396408,80.2565765381,75496,75507,11
13.0013303757,80.2566375732,75507,75517,10
13.0016698837,80.2566986084,75517,75527,10
13.001830101,80.2567062378,75527,75537,10
13.0019598007,80.256729126,75537,75547,10
13.0022802353,80.2567825317,75547,75567,20
13.0022802353,80.2567825317,75567,75577,10
13.0024795532,80.2568283081,75577,75587,10
13.0027198792,80.2568588257,75587,75597,10
13.0029001236,80.2568969727,75597,75607,10
13.003080368,80.2569274902,75607,75617,10
13.0032596588,80.2569580078,75617,75627,10
13.0035495758,80.257019043,75627,75638,11
13.0038499832,80.2570724487,75638,75648,10
13.0042600632,80.2571411133,75648,75658,10
13.0047397614,80.257232666,75658,75668,10
13.0053701401,80.2573394775,75668,75678,10
13.0059204102,80.2574386597,75678,75688,10
13.0064096451,80.2574310303,75688,75698,10
13.0064296722,80.2569122314,75698,75708,10
13.0064096451,80.2559509277,75708,75718,10
13.0064296722,80.2552719116,75718,75728,10
13.0064401627,80.2546463013,75728,75738,10
13.0064401627,80.2542800903,75738,75748,10
13.0064401627,80.2537994385,75748,75759,11
13.0064296722,80.2532196045,75759,75769,10
13.0064401627,80.252822876,75769,75779,10
13.006529808,80.2520904541,75779,75839,60
13.006529808,80.2520904541,75839,75849,10
13.0065898895,80.2518234253,75849,75858,9
13.0066795349,80.2513504028,75858,75869,11
13.0067100525,80.2503814697,75869,75880,11
13.0067195892,80.24974823,75880,75890,10
13.0066995621,80.2492828369,75890,75900,10
13.0066204071,80.2485275269,75900,75910,10
13.0065698624,80.247756958,75910,75920,10
13.0065898895,80.2470932007,75920,75930,10
13.0065202713,80.2467422485,75930,75940,10
13.0065097809,80.2466506958,75940,75950,10
13.0065402985,80.2462997437,75950,75960,10
13.006529808,80.2456512451,75960,75970,10
13.0065202713,80.2448577881,75970,75980,10
13.006529808,80.2440338135,75980,75990,10
13.006529808,80.2431869507,75990,76001,11
13.0065002441,80.2420578003,76001,76011,10
13.0065202713,80.2412185669,76011,76021,10
13.0066404343,80.2404327393,76021,76031,10
13.0068397522,80.2393875122,76031,76041,10
13.0070495605,80.238243103,76041,76051,10
13.0072402954,80.2374725342,76051,76061,10
13.0073204041,80.2369537354,76061,76071,10
13.0073404312,80.2368164063,76071,76081,10
13.0074300766,80.2365722656,76081,76091,10
13.0075798035,80.2359695435,76091,76101,10
13.0077295303,80.2352294922,76101,76110,9
13.0078897476,80.2344284058,76110,76122,12
13.0081501007,80.2330780029,76122,76132,10
13.0083799362,80.2318878174,76132,76142,10
13.0086097717,80.2305984497,76142,76152,10
13.0088396072,80.2294387817,76152,76162,10
13.009059906,80.2284011841,76162,76172,10
13.0094604492,80.2273712158,76172,76182,10
13.0099897385,80.2261962891,76182,76192,10
13.0104598999,80.2251968384,76192,76202,10
13.0109100342,80.2242279053,76202,76212,10
13.0112495422,80.2234268188,76212,76222,10
13.0115604401,80.2227020264,76222,76233,11
13.011879921,80.2217483521,76233,76243,10
13.0122699738,80.2214889526,76243,76253,10
13.0125999451,80.2220001221,76253,76263,10
13.0132598877,80.2228012085,76263,76273,10
13.0139598846,80.2235870361,76273,76283,10
13.0144195557,80.2242202759,76283,76293,10
13.0149297714,80.2246780396,76293,76303,10
13.0153903961,80.2250213623,76303,76333,30
13.0153903961,80.2250213623,76333,76342,9
13.0155296326,80.2251663208,76342,76354,12
13.0159702301,80.2254180908,76354,76364,10
13.0166797638,80.2252883911,76364,76374,10
13.0176000595,80.224899292,76374,76384,10
13.0185403824,80.2245178223,76384,76394,10
13.0192499161,80.2243423462,76394,76404,10
13.0192804337,80.2243499756,76404,76414,10
13.0197696686,80.2246322632,76414,76434,20
13.0197696686,80.2246322632,76434,76444,10
13.0199098587,80.2247619629,76444,76454,10
13.0204801559,80.225189209,76454,76464,10
13.0213003159,80.2258071899,76464,76475,11
13.0224399567,80.2267227173,76475,76485,10
13.0234699249,80.2276382446,76485,76495,10
13.0241804123,80.2283096313,76495,76505,10
13.0243597031,80.2285385132,76505,76515,10
13.0244102478,80.2286376953,76515,76525,10
13.0247297287,80.2291412354,76525,76535,10
13.0252799988,80.2298431396,76535,76545,10
13.0256595612,80.2303695679,76545,76555,10
13.0257301331,80.2305297852,76555,76565,10
13.0257701874,80.2306213379,76565,76575,10
13.0258903503,80.2309188843,76575,76585,10
13.025970459,80.231300354,76585,76596,11
13.0261096954,80.2318878174,76596,76606,10
13.0262002945,80.2322311401,76606,76616,10
13.0264396667,80.2327804565,76616,76626,10
13.0266199112,80.2331619263,76626,76636,10
13.0268497467,80.2335281372,76636,76646,10
13.0272798538,80.2341995239,76646,76656,10
13.0277004242,80.2350006104,76656,76666,10
13.0282297134,80.2357788086,76666,76676,10
13.0289897919,80.2366027832,76676,76686,10
13.0296096802,80.2372512817,76686,76696,10
13.0296802521,80.2373504639,76696,76706,10
13.029999733,80.2379226685,76706,76717,11
13.0305700302,80.2388916016,76717,76727,10
13.03083992,80.2393264771,76727,76777,50
13.03083992,80.2393264771,76777,76787,10
13.0310201645,80.2395935059,76787,76797,10
13.0311498642,80.2398605347,76797,76807,10
13.0311803818,80.2399215698,76807,76817,10
13.0313100815,80.2401199341,76817,76827,10
13.0313901901,80.2406234741,76827,76838,11
13.0315303802,80.2410125732,76838,76848,10
13.0317802429,80.2415008545,76848,76858,10
13.0320501328,80.2421112061,76858,76868,10
13.0325899124,80.2427368164,76868,76878,10
13.0331802368,80.2435836792,76878,76888,10
13.0337400436,80.2443618774,76888,76898,10
13.0343103409,80.2451019287,76898,76908,10
13.0351200104,80.2459869385,76908,76928,20
13.0351200104,80.2459869385,76928,76938,10
13.0354795456,80.2461471558,76938,76947,9
13.0357198715,80.2462005615,76947,76959,12
13.0357904434,80.2462768555,76959,76969,10
13.0360298157,80.2463607788,76969,76979,10
13.0366201401,80.2464599609,76979,76989,10
13.0372896194,80.2464370728,76989,76999,10
13.0379695892,80.2465667725,76999,77009,10
13.0388803482,80.2468490601,77009,77049,40
13.0388803482,80.2468490601,77049,77059,10
13.0393295288,80.2469177246,77059,77068,9
13.0399703979,80.2470626831,77068,77080,12
13.041009903,80.247253418,77080,77090,10
13.0419101715,80.2474365234,77090,77100,10
13.0424804688,80.2476425171,77100,77110,10
13.0431003571,80.2478179932,77110,77120,10
13.0438098907,80.247833252,77120,77130,10
13.0443696976,80.2478790283,77130,77140,10
13.0449800491,80.2481384277,77140,77150,10
13.0456199646,80.2484207153,77150,77160,10
13.0464496613,80.2484970093,77160,77170,10
13.0469303131,80.2484283447,77170,77180,10
13.0472202301,80.2485427856,77180,77190,10
13.0477304459,80.2490005493,77190,77201,11
13.0482797623,80.2495574951,77201,77211,10
13.0488700867,80.2497177124,77211,77221,10
13.0497102737,80.2498779297,77221,77231,10
13.0508203506,80.2500686646,77231,77241,10
13.0518398285,80.250541687,77241,77251,10
13.0525999069,80.2514801025,77251,77261,10
13.0532503128,80.2523422241,77261,77271,10
13.0538196564,80.2531280518,77271,77281,10
13.054479599,80.2539672852,77281,77291,10
13.0548801422,80.2544937134,77291,77301,10
13.0552501678,80.255027771,77301,77310,9
13.055680275,80.255569458,77310,77322,12
13.0561103821,80.2561569214,77322,77332,10
13.056520462,80.2566299438,77332,77342,10
13.0566902161,80.2568130493,77342,77352,10
13.0567502975,80.2568969727,77352,77362,10
13.0572595596,80.2573394775,77362,77372,10
13.0578203201,80.2578964233,77372,77382,10
13.0583496094,80.2585830688,77382,77392,10
13.058839798,80.2591629028,77392,77402,10
13.059220314,80.2598419189,77402,77412,10
13.0598201752,80.2603683472,77412,77422,10
13.0604000092,80.2609710693,77422,77431,9
13.0606603622,80.2613220215,77431,77443,12
13.060790062,80.26146698,77443,77453,10
13.0611896515,80.2620162964,77453,77463,10
13.0616703033,80.2625427246,77463,77473,10
13.0621995926,80.2631912231,77473,77483,10
13.0628404617,80.263923645,77483,77493,10
13.0633802414,80.2646636963,77493,77503,10
13.0638399124,80.2654037476,77503,77513,10
13.0641202927,80.2657623291,77513,77523,10
13.0646295547,80.2663269043,77523,77533,10
13.064909935,80.2667388916,77533,77543,10
13.0654001236,80.2671585083,77543,77553,10
13.0656404495,80.2674179077,77553,77564,11
13.0659303665,80.2677993774,77564,77574,10
13.0664701462,80.2683486938,77574,77584,10
13.0669202805,80.2685394287,77584,77594,10
13.0669698715,80.2685699463,77594,77604,10
13.0670900345,80.2686462402,77604,77614,10
13.0672998428,80.2688369751,77614,77624,10
13.0678501129,80.2692337036,77624,77634,10
13.0682697296,80.2691497803,77634,77644,10
13.0684604645,80.2685470581,77644,77654,10
13.0687599182,80.2677383423,77654,77664,10
13.0692195892,80.266960144,77664,77674,10
13.0697498322,80.2664108276,77674,77685,11
13.0703001022,80.2658615112,77685,77695,10
13.0703697205,80.2658081055,77695,77705,10
13.070690155,80.2654495239,77705,77715,10
13.0714597702,80.2646484375,77715,77745,30
13.0714597702,80.2646484375,77745,77755,10
13.0716295242,80.2644729614,77755,77765,10
13.0719900131,80.2640609741,77765,77775,10
13.0723304749,80.2634124756,77775,77785,10
13.0725603104,80.2627792358,77785,77795,10
13.0727901459,80.2621536255,77795,77806,11
13.0728597641,80.2619628906,77806,77816,10
13.072930336,80.2618026733,77816,77826,10
13.0730495453,80.2613372803,77826,77836,10
13.0733098984,80.2612228394,77836,77846,10
13.0737600327,80.2617263794,77846,77856,10
13.0743503571,80.2624282837,77856,77866,10
13.0748701096,80.2631072998,77866,77876,10
13.0753602982,80.2638320923,77876,77886,10
13.0758600235,80.2642822266,77886,77896,10
13.076499939,80.2642211914,77896,77906,10
13.0767803192,80.2641830444,77906,77915,9
13.0769500732,80.2641296387,77915,77987,72
13.0769500732,80.2641296387,77987,77997,10
13.0772600174,80.2640533447,77997,78007,10
13.0775899887,80.2638015747,78007,78017,10
13.0780000687,80.263458252,78017,78027,10
13.0779399872,80.2629470825,78027,78038,11
13.077750206,80.262298584,78038,78048,10
13.0775699615,80.2617874146,78048,78058,10
13.0772800446,80.2609405518,78058,78078,20
13.0772800446,80.2609405518,78078,78088,10
13.0771799088,80.2607116699,78088,78098,10
13.0768404007,80.2603607178,78098,78108,10
13.0763597488,80.2600021362,78108,78118,10
13.0757904053,80.2594909668,78118,78128,10
13.0754804611,80.2586975098,78128,78138,10
13.0754899979,80.258140564,78138,78148,10
13.0758895874,80.2578125,78148,78158,10
13.0763702393,80.2573699951,78158,78169,11
13.077050209,80.2568664551,78169,78179,10
13.0778102875,80.2566604614,78179,78189,10
13.0786504745,80.2566223145,78189,78199,10
13.0789899826,80.2565002441,78199,78209,10
13.079079628,80.256362915,78209,78219,10
13.0790195465,80.2558135986,78219,78229,10
13.079000473,80.2550125122,78229,78249,20
13.079000473,80.2550125122,78249,78259,10
13.079000473,80.2547988892,78259,78269,10
13.0791702271,80.2546081543,78269,78279,10
13.0796699524,80.2546081543,78279,78290,11
13.0797901154,80.2546234131,78290,78300,10
13.0798797607,80.2546386719,78300,78310,10
13.0801000595,80.2546920776,78310,78320,10
13.0805902481,80.2547836304,78320,78330,10
13.081029892,80.2548217773,78330,78340,10
13.0815896988,80.2547225952,78340,78350,10
13.0817804337,80.2542037964,78350,78360,10
13.0818500519,80.2536773682,78360,78370,10
13.0818395615,80.2530517578,78370,78380,10
13.0813999176,80.2523269653,78380,78390,10
13.0813703537,80.2515563965,78390,78399,9
13.0813703537,80.251083374,78399,78411,12
13.0813703537,80.2505111694,78411,78421,10
13.0813398361,80.2500915527,78421,78431,10
13.0814399719,80.2496414185,78431,78441,10
13.0819997787,80.249710083,78441,78451,10
13.0826501846,80.2498321533,78451,78461,10
13.083439827,80.2499694824,78461,78471,10
13.0847597122,80.2501983643,78471,78491,20
13.0847597122,80.2501983643,78491,78501,10
13.0851602554,80.25025177,78501,78511,10
13.0857000351,80.2503509521,78511,78521,10
13.0858402252,80.2500915527,78521,78532,11
13.085849762,80.2492370605,78532,78542,10
13.0858097076,80.2481384277,78542,78552,10
13.0858297348,80.2471237183,78552,78562,10
13.0858001709,80.246673584,78562,78572,10
13.0857601166,80.2463531494,78572,78582,10
13.0857200623,80.2457504272,78582,78592,10
13.0856599808,80.2454071045,78592,78602,10
13.085650444,80.2454071045,78602,78612,10
13.0855903625,80.2452392578,78612,78622,10
13.085849762,80.2450408936,78622,78632,10
13.0863895416,80.2445907593,78632,78642,10
13.0870199203,80.2440567017,78642,78653,11
13.0876102448,80.243522644,78653,78663,10
13.0878000259,80.2431182861,78663,78673,10
13.0879201889,80.2424697876,78673,78683,10
13.0882701874,80.2419586182,78683,78693,10
13.0889196396,80.2414932251,78693,78703,10
13.0897302628,80.2409667969,78703,78713,10
13.0906095505,80.2408065796,78713,78721,8
13.0913801193,80.240852356,78721,78810,89
13.0954303741,80.2414627075,78810,78820,10
13.0954504013,80.2414703369,78820,78830,10
13.0956897736,80.2415771484,78830,78840,10
13.0960302353,80.2417068481,78840,78850,10
13.0963201523,80.2417984009,78850,78880,30
13.0963201523,80.2417984009,78880,78891,11
13.0968904495,80.2419815063,78891,78981,90
13.0968904495,80.2419815063,78981,78991,10
13.097240448,80.2421035767,78991,79001,10
13.0976200104,80.2422027588,79001,79012,11
13.0979995728,80.2423019409,79012,79022,10
13.0986003876,80.2423019409,79022,79042,20
13.0986003876,80.2423019409,79042,79052,10
13.098690033,80.2422485352,79052,79062,10
13.0987596512,80.2419509888,79062,79072,10
13.0985498428,80.2419815063,79072,79082,10
13.0984802246,80.2422714233,79082,79092,10
13.0982398987,80.2423324585,79092,79102,10
13.0975103378,80.2422180176,79102,79153,51
13.0975103378,80.2422180176,79153,79163,10
13.0970897675,80.2420730591,79163,79173,10
13.0964403152,80.241859436,79173,79183,10
13.0957698822,80.2416229248,79183,79193,10
13.0950098038,80.2413635254,79193,79203,10
13.0944299698,80.2412490845,79203,79213,10
13.0938100815,80.2411422729,79213,79223,10
13.0930404663,80.2410202026,79223,79233,10
13.0923299789,80.2409667969,79233,79242,9
13.0916900635,80.2409286499,79242,79254,12
13.0904397964,80.2409286499,79254,79264,10
13.0894603729,80.2412109375,79264,79274,10
13.0886697769,80.2417526245,79274,79284,10
13.0879297256,80.2424697876,79284,79294,10
13.0878000259,80.2432098389,79294,79304,10
13.0875902176,80.243637085,79304,79314,10
13.086979866,80.2441635132,79314,79324,10
13.0863704681,80.244682312,79324,79334,10
13.0856599808,80.2452697754,79334,79344,10
13.0855998993,80.2460174561,79344,79354,10
13.0857000351,80.2467727661,79354,79364,10
13.0857601166,80.2475509644,79364,79374,10
13.0858402252,80.2483978271,79374,79385,11
13.0858898163,80.2495727539,79385,79395,10
13.0859098434,80.2503967285,79395,79405,10
13.0858097076,80.2509002686,79405,79415,10
13.0857000351,80.2517089844,79415,79425,10
13.0856304169,80.2525024414,79425,79435,10
13.0855703354,80.2533569336,79435,79445,10
13.0855703354,80.2539367676,79445,79455,10
13.0856199265,80.2545700073,79455,79465,10
13.0853099823,80.2547607422,79465,79475,10
13.0845298767,80.2546691895,79475,79485,10
13.0839004517,80.2546081543,79485,79496,11
13.0834503174,80.2545318604,79496,79506,10
13.0826196671,80.2545013428,79506,79516,10
13.082110405,80.2545776367,79516,79526,10
13.0814800262,80.2548828125,79526,79536,10
13.0811700821,80.2548675537,79536,79546,10
13.0805702209,80.2547683716,79546,79556,10
13.0800199509,80.2546920776,79556,79566,10
13.0792598724,80.2546463013,79566,79576,10
13.079000473,80.2550201416,79576,79586,10
13.0790596008,80.2559127808,79586,79596,10
13.0788402557,80.256690979,79596,79606,10
13.0781002045,80.2567062378,79606,79617,11
13.077340126,80.2568206787,79617,79627,10
13.0766496658,80.2571563721,79627,79637,10
13.075920105,80.2578430176,79637,79647,10
13.075460434,80.2583389282,79647,79657,10
13.0756397247,80.2590408325,79657,79667,10
13.0761699677,80.2597808838,79667,79677,10
13.0768404007,80.2604064941,79677,79687,10
13.077249527,80.2609329224,79687,79697,10
13.0774698257,80.2613677979,79697,79707,10
13.0776596069,80.2618484497,79707,79717,10
13.0777902603,80.2621383667,79717,79738,21
13.0777902603,80.2621383667,79738,79748,10
13.0778398514,80.2623672485,79748,79758,10
13.0778903961,80.2626190186,79758,79768,10
13.0779600143,80.2628479004,79768,79778,10
13.0781497955,80.2632598877,79778,79788,10
13.0782003403,80.2635192871,79788,79798,10
13.0778598785,80.2636795044,79798,79808,10
13.0775203705,80.2639312744,79808,79818,10
13.0771198273,80.2640991211,79818,79828,10
13.0767402649,80.2641830444,79828,79838,10
13.0760698318,80.2642974854,79838,79848,10
13.0756196976,80.2642211914,79848,79859,11
13.0751399994,80.2634811401,79859,79869,10
13.0746297836,80.2628097534,79869,79879,10
13.0741596222,80.2622299194,79879,79889,10
13.0737400055,80.2617492676,79889,79899,10
13.073679924,80.2616729736,79899,79909,10
13.0733203888,80.2614135742,79909,79919,10
13.0729198456,80.2619400024,79919,79929,10
13.0726499557,80.2627410889,79929,79939,10
13.0724496841,80.2633666992,79939,79949,10
13.0720596313,80.2640762329,79949,79959,10
13.071559906,80.2646331787,79959,79970,11
13.0714197159,80.2647399902,79970,79980,10
13.0710697174,80.265083313,79980,79990,10
13.0706501007,80.2655181885,79990,80000,10
13.0700798035,80.2661590576,80000,80010,10
13.0693998337,80.2668075562,80010,80020,10
13.0688400269,80.2675170898,80020,80030,10
13.0685396194,80.2684173584,80030,80040,10
13.0683803558,80.2690505981,80040,80050,10
13.0682201385,80.2697372437,80050,80060,10
13.0680904388,80.2707366943,80060,80070,10
13.0676403046,80.2709121704,80070,80080,10
13.0671300888,80.2704162598,80080,80091,11
13.0669002533,80.270149231,80091,80101,10
13.0665197372,80.2695083618,80101,80111,10
13.0664300919,80.2686691284,80111,80121,10
13.0660495758,80.2680587769,80121,80131,10
13.0653400421,80.2676620483,80131,80141,10
13.0650997162,80.2676391602,80141,80151,10
13.0644102097,80.2675094604,80151,80161,10
13.0635204315,80.2673492432,80161,80171,10
13.062620163,80.2671127319,80171,80181,10
13.0620002747,80.2662963867,80181,80191,10
13.0613098145,80.2654418945,80191,80201,10
13.0607795715,80.2652130127,80201,80212,11
13.060500145,80.2653884888,80212,80222,10
13.0600795746,80.2655792236,80222,80232,10
13.059419632,80.2655792236,80232,80242,10
13.0590896606,80.2655181885,80242,80252,10
13.0587902069,80.2654876709,80252,80262,10
13.0583696365,80.2654037476,80262,80272,10
13.0580701828,80.2649993896,80272,80282,10
13.0579500198,80.2642211914,80282,80292,10
13.0578699112,80.2634887695,80292,80302,10
13.0578098297,80.2627182007,80302,80312,10
13.0577201843,80.2621994019,80312,80321,9
13.0576295853,80.2616577148,80321,80333,12
13.0574398041,80.2608566284,80333,80343,10
13.0572099686,80.2600479126,80343,80353,10
13.057009697,80.2593307495,80353,80363,10
13.0569400787,80.2590637207,80363,80373,10
13.0567598343,80.2585678101,80373,80383,10
13.0565795898,80.2578735352,80383,80393,10
13.0565500259,80.2575912476,80393,80403,10
13.0564899445,80.2571563721,80403,80413,10
13.0563697815,80.2568435669,80413,80423,10
13.0562000275,80.2563171387,80423,80433,10
13.0557603836,80.2557220459,80433,80443,10
13.0552301407,80.2549972534,80443,80454,11
13.0544996262,80.2540130615,80454,80464,10
13.053899765,80.2531661987,80464,80474,10
13.0533399582,80.2523727417,80474,80484,10
13.0528097153,80.2516479492,80484,80494,10
13.0524196625,80.251121521,80494,80504,10
13.0519800186,80.2506103516,80504,80514,10
13.0513601303,80.2501983643,80514,80524,10
13.0507898331,80.2500305176,80524,80534,10
13.0499696732,80.2498474121,80534,80544,10
13.0489702225,80.2497634888,80544,80554,10
13.0484104156,80.2496414185,80554,80563,9
13.0479202271,80.2492980957,80563,80575,12
13.0472097397,80.2486877441,80575,80585,10
13.0469303131,80.248626709,80585,80595,10
13.0463199615,80.248550415,80595,80605,10
13.045630455,80.2484207153,80605,80615,10
13.0449199677,80.2481613159,80615,80625,10
13.0441999435,80.2480163574,80625,80635,10
13.043419838,80.2478866577,80635,80645,10
13.0427103043,80.2477874756,80645,80655,10
13.0420303345,80.2476272583,80655,80665,10
13.0410995483,80.2474212646,80665,80675,10
13.0401697159,80.2472229004,80675,80685,10
13.0395202637,80.2471008301,80685,80696,11
13.038769722,80.246887207,80696,80706,10
13.0381698608,80.2467575073,80706,80716,10
13.0374803543,80.2466125488,80716,80726,10
13.0368099213,80.2464904785,80726,80736,10
13.0360298157,80.2462997437,80736,80746,10
13.0353097916,80.2460632324,80746,80756,10
13.0347299576,80.2455978394,80756,80766,10
13.0342302322,80.2449188232,80766,80776,10
13.0336503983,80.2442321777,80776,80786,10
13.0330295563,80.2434082031,80786,80796,10
13.0325803757,80.2427825928,80796,80806,10
13.0321397781,80.2421798706,80806,80817,11
13.0316400528,80.2412414551,80817,80827,10
13.0312204361,80.2403564453,80827,80857,30
13.0312204361,80.2403564453,80857,80867,10
13.0311803818,80.2402420044,80867,80877,10
13.0310697556,80.2399368286,80877,80887,10
13.0307798386,80.2393569946,80887,80897,10
13.0302400589,80.2384185791,80897,80907,10
13.029540062,80.2372283936,80907,80917,10
13.0286197662,80.2362289429,80917,80927,10
13.0277395248,80.2350997925,80927,80938,11
13.0269699097,80.2337417603,80938,80948,10
13.0262804031,80.2324295044,80948,80949,1
13.0262403488,80.2322998047,80949,80968,19
13.0254402161,80.2300567627,80968,80978,10
13.0247402191,80.2291412354,80978,80988,10
13.0242300034,80.2285308838,80988,80998,10
13.0239696503,80.2282333374,80998,81008,10
13.0238704681,80.2280883789,81008,81018,10
13.0234298706,80.2276382446,81018,81028,10
13.0229797363,80.2271575928,81028,81038,10
13.0222902298,80.2265319824,81038,81048,10
13.0215702057,80.2259368896,81048,81059,11
13.0209798813,80.2254867554,81059,81069,10
13.0203399658,80.2250595093,81069,81079,10
13.0196199417,80.2246017456,81079,81089,10
13.0186901093,80.2244873047,81089,81099,10
13.0178098679,80.2248535156,81099,81109,10
13.0169696808,80.2252120972,81109,81119,10
13.0163698196,80.2254562378,81119,81129,10
13.0158500671,80.2256469727,81129,81139,10
13.0152101517,80.2258987427,81139,81149,10
13.0145301819,80.2261505127,81149,81159,10
13.0138702393,80.2264404297,81159,81169,10
13.0131998062,80.2267074585,81169,81180,11
13.0122995377,80.2270584106,81180,81190,10
13.0111904144,80.2274780273,81190,81200,10
13.0099802017,80.2279663086,81200,81210,10
13.0090904236,80.2285079956,81210,81220,10
13.0088500977,80.2298126221,81220,81230,10
13.0085601807,80.2313232422,81230,81240,10
13.008310318,80.2326126099,81240,81250,10
13.0081195831,80.2337417603,81250,81260,10
13.0079298019,80.234703064,81260,81270,10
13.0077295303,80.2356872559,81270,81280,10
13.0075502396,80.2366867065,81280,81289,9
13.0073795319,80.2375411987,81289,81301,12
13.007229805,80.2384185791,81301,81311,10
13.0071401596,80.2389602661,81311,81321,10
13.0070495605,80.239402771,81321,81331,10
13.0069198608,80.2399902344,81331,81401,70
13.0069198608,80.2399902344,81401,81411,10
13.0068998337,80.2405319214,81411,81422,11
13.0067501068,80.2415313721,81422,81432,10
13.0067300797,80.24269104,81432,81442,10
13.0066995621,80.2436828613,81442,81452,10
13.0066795349,80.244682312,81452,81462,10
13.0067195892,80.2457580566,81462,81472,10
13.0067596436,80.2467880249,81472,81482,10
13.0067396164,80.2473068237,81482,81492,10
13.0067195892,80.2479171753,81492,81502,10
13.0067396164,80.2489013672,81502,81512,10
13.006770134,80.2500076294,81512,81522,10
13.0067901611,80.2513122559,81522,81543,21
13.0067901611,80.2513122559,81543,81553,10
13.0066299438,80.2518920898,81553,81563,10
13.0065402985,80.2528915405,81563,81573,10
13.0065202713,80.2539291382,81573,81583,10
13.0065803528,80.2549362183,81583,81593,10
13.0065898895,80.2562026978,81593,81603,10
13.0066795349,80.257232666,81603,81694,91
13.0066795349,80.257232666,81694,81704,10
13.0067195892,80.2573776245,81704,81714,10
13.0062799454,80.2575073242,81714,81724,10
13.0054597855,80.2573318481,81724,81734,10
13.0045404434,80.2571182251,81734,81744,10
13.0036497116,80.2569274902,81744,81754,10
13.0028400421,80.2567977905,81754,81764,10
13.0019598007,80.2566375732,81764,81774,10
13.0008897781,80.256477356,81774,81785,11
12.9997901917,80.2562484741,81785,81795,10
12.9992303848,80.2561416626,81795,81805,10
12.9990997314,80.2561264038,81805,81815,10
12.9988002777,80.2560806274,81815,81825,10
12.9985399246,80.2560577393,81825,81835,10
12.9985303879,80.256072998,81835,81845,10
12.9980602264,80.2560195923,81845,81855,10
12.997590065,80.2559585571,81855,81865,10
12.9972400665,80.2559432983,81865,81875,10
12.9968099594,80.2559127808,81875,81885,10
12.9963703156,80.255897522,81885,81896,11
12.9955596924,80.255897522,81896,81906,10
12.9946498871,80.2559204102,81906,81916,10
12.9937000275,80.2559890747,81916,81926,10
12.9924602509,80.256072998,81926,81936,10
12.9912204742,80.2560195923,81936,81946,10
12.9901895523,80.2559890747,81946,81956,10
12.9892997742,80.2559890747,81956,81966,10
12.9884996414,80.2559432983,81966,81976,10
12.9883203506,80.2558898926,81976,81986,10
12.9876899719,80.2558670044,81986,81996,10
12.9875402451,80.2565689087,81996,82006,10
12.9874696732,80.2574386597,82006,82017,11
12.9874200821,80.2582015991,82017,82067,50
12.9874200821,80.2582015991,82067,82077,10
12.9873800278,80.2584762573,82077,82087,10
12.9872999191,80.258972168,82087,82107,20
12.9871501923,80.2590484619,82107,82208,101
12.9871501923,80.2590484619,82208,82218,10
12.9873800278,80.2587509155,82218,82228,10
12.9874200821,80.2582473755,82228,82238,10
12.987449646,80.2579269409,82238,82248,10
12.9874696732,80.2574081421,82248,82259,11
12.9875402451,80.2565078735,82259,82269,10
12.9875602722,80.2561798096,82269,82279,10
12.9875602722,80.256072998,82279,82299,20
12.9875602722,80.256072998,82299,82309,10
12.9875402451,80.2559585571,82309,82319,10
12.9875497818,80.2558288574,82319,82329,10
12.9876203537,80.2556762695,82329,82339,10
12.987950325,80.2556762695,82339,82349,10
12.9885597229,80.2557907104,82349,82359,10
12.9892396927,80.255859375,82359,82369,10
12.9898996353,80.2559204102,82369,82380,11
12.99077034,80.2559509277,82380,82390,10
12.9917898178,80.2559967041,82390,82400,10
12.9930200577,80.2559814453,82400,82410,10
12.9940900803,80.2559204102,82410,82420,10
12.9948701859,80.2558517456,82420,82430,10
12.9956903458,80.2558364868,82430,82440,10
12.9965295792,80.2558288574,82440,82490,50
12.9965295792,80.2558288574,82490,82501,11
12.9970397949,80.2558288574,82501,82511,10
12.9975204468,80.2558670044,82511,82521,10
12.9976596832,80.2558898926,82521,82531,10
12.9977197647,80.2560577393,82531,82541,10
12.9977397919,80.2562103271,82541,82551,10
12.9982004166,80.2570724487,82551,82679,128
