12.9969396591,80.1914215088,17,1431,1414
12.996919632,80.1914367676,1431,2743,1312
12.9968299866,80.1914367676,2743,3510,767
12.9968299866,80.1914367676,3510,3520,10
12.9969396591,80.1915588379,3520,3844,324
12.996919632,80.1915435791,3844,4732,888
12.9969596863,80.1913986206,4732,5691,959
12.9969100952,80.1914825439,5691,5832,141
12.9968700409,80.1914520264,5832,9338,3506
12.9968299866,80.1914291382,9338,12266,2928
12.9968204498,80.1915817261,12266,15840,3574
12.9969701767,80.1913833618,15840,17821,1981
12.9969797134,80.1914367676,17821,19103,1282
12.9969396591,80.1914367676,19103,21404,2301
12.9969396591,80.1914367676,21404,21415,11
12.9966697693,80.1912994385,21415,21526,111
12.9966697693,80.1912994385,21526,21536,10
12.9963302612,80.1913986206,21536,21546,10
12.9962596893,80.1911621094,21546,21556,10
12.9961900711,80.1909103394,21556,21566,10
12.9960803986,80.1905670166,21566,22818,1252
12.9960403442,80.1902084351,22818,23879,1061
12.9960403442,80.1902084351,23879,23889,10
12.9960098267,80.1902236938,23889,23899,10
12.9959602356,80.1899337769,23899,23909,10
12.9959497452,80.1898803711,23909,23919,10
12.9959201813,80.1897125244,23919,23929,10
12.9959001541,80.1894989014,23929,23960,31
12.9959001541,80.1894989014,23960,23970,10
12.9961395264,80.1892776489,23970,23980,10
12.9964399338,80.1896133423,23980,23990,10
12.9968595505,80.1900787354,23990,24000,10
12.9973297119,80.1906661987,24000,24010,10
12.9977998734,80.1912536621,24010,24020,10
12.9982700348,80.1918716431,24020,24030,10
12.998749733,80.192489624,24030,24040,10
12.9991903305,80.193069458,24040,24050,10
12.9996595383,80.1936798096,24050,24061,11
13.0002098083,80.1943664551,24061,24071,10
13.0006198883,80.1949386597,24071,24081,10
13.0011796951,80.1956176758,24081,24091,10
13.0017499924,80.1962966919,24091,24101,10
13.002120018,80.1971206665,24101,24111,10
13.0020198822,80.1980285645,24111,24121,10
13.0018701553,80.198890686,24121,24131,10
13.0018796921,80.19972229,24131,24141,10
13.0023097992,80.2004013062,24141,24151,10
13.0031404495,80.2007522583,24151,24162,11
13.0041399002,80.2010421753,24162,24172,10
13.0047702789,80.201171875,24172,24182,10
13.005109787,80.2013626099,24182,24198,16
13.005900383,80.2022399902,24198,24210,12
13.0063695908,80.2030181885,24210,24220,10
13.0068597794,80.2033996582,24220,24230,10
13.0074796677,80.2036437988,24230,24240,10
13.0081796646,80.2036590576,24240,24250,10
13.0084199905,80.2030792236,24250,24260,10
13.0078201294,80.20287323,24260,24271,11
13.0076198578,80.2037200928,24271,24281,10
13.0076799393,80.2045211792,24281,24291,10
13.0076799393,80.2054290771,24291,24301,10
13.0078001022,80.2063522339,24301,24311,10
13.0079202652,80.2072601318,24311,24321,10
13.0080099106,80.2080993652,24321,24331,10
13.0081100464,80.2089233398,24331,24341,10
13.0083198547,80.2097702026,24341,24351,10
13.0086297989,80.210647583,24351,24361,10
13.0088996887,80.2113876343,24361,24372,11
13.0091295242,80.2119903564,24372,24382,10
13.0093803406,80.2127304077,24382,24392,10
13.00963974,80.213432312,24392,24402,10
13.0099201202,80.2140731812,24402,24412,10
13.0101604462,80.2147598267,24412,24422,10
13.0102500916,80.2155075073,24422,24432,10
13.0105199814,80.2162628174,24432,24442,10
13.0108995438,80.2170562744,24442,24452,10
13.0112695694,80.2179107666,24452,24462,10
13.0116100311,80.2188186646,24462,24472,10
13.0119400024,80.2197570801,24472,24483,11
13.012260437,80.2207183838,24483,24493,10
13.0125398636,80.2214431763,24493,24503,10
13.0128898621,80.2219467163,24503,24513,10
13.0133399963,80.2224884033,24513,24523,10
13.0138101578,80.2230834961,24523,24533,10
13.0142297745,80.2236175537,24533,24543,10
13.0145902634,80.223991394,24543,24553,10
13.0150003433,80.2245635986,24553,24563,10
13.0156402588,80.2251434326,24563,24580,17
13.017080307,80.2250823975,24580,24592,12
13.0180702209,80.2246704102,24592,24602,10
13.0188398361,80.2243728638,24602,24612,10
13.0195703506,80.2244415283,24612,24621,9
13.0202703476,80.224899292,24621,24632,11
13.0209798813,80.2254562378,24632,24642,10
13.0216598511,80.225982666,24642,24652,10
13.0223798752,80.2265319824,24652,24662,10
13.0229501724,80.2270507813,24662,24672,10
13.0236501694,80.2276611328,24672,24682,10
13.0241098404,80.2281417847,24682,24692,10
13.0243997574,80.2284393311,24692,24723,31
13.0243997574,80.2284393311,24723,24733,10
13.024430275,80.2285766602,24733,24743,10
13.024189949,80.2285614014,24743,24753,10
13.0238399506,80.2281036377,24753,24763,10
13.023349762,80.2276000977,24763,24773,10
13.0230703354,80.2274017334,24773,24783,10
13.0229597092,80.2273025513,24783,24793,10
13.0226898193,80.2269515991,24793,24804,11
13.0224304199,80.2266616821,24804,24814,10
13.0218200684,80.2261428833,24814,24824,10
13.0211496353,80.2256164551,24824,24834,10
13.0203199387,80.2250366211,24834,24844,10
13.0194301605,80.2245407104,24844,24860,16
13.0188398361,80.2245101929,24860,24872,12
13.0185203552,80.224609375,24872,24882,10
13.0179004669,80.2248535156,24882,24892,10
13.01720047,80.225151062,24892,24901,9
13.0162200928,80.2255630493,24901,24913,12
13.0153999329,80.2258682251,24913,24923,10
13.0144100189,80.2262420654,24923,24932,9
13.0135602951,80.2265777588,24932,24943,11
13.0125999451,80.2269897461,24943,24953,10
13.0120601654,80.2271881104,24953,24963,10
13.0111999512,80.2275085449,24963,24973,10
13.0103702545,80.2278213501,24973,24983,10
13.0097198486,80.227897644,24983,24993,10
13.0095596313,80.2275314331,24993,25003,10
13.0098199844,80.2269515991,25003,25014,11
13.0102100372,80.2261276245,25014,25024,10
13.0106401443,80.2251968384,25024,25034,10
13.0110197067,80.2242584229,25034,25044,10
13.0113801956,80.2233123779,25044,25054,10
13.0117397308,80.2223587036,25054,25064,10
13.0120801926,80.2214126587,25064,25074,10
13.0121803284,80.2209320068,25074,25084,10
13.0119600296,80.2202224731,25084,25094,10
13.0116596222,80.2193603516,25094,25111,17
13.0112104416,80.2180404663,25111,25123,12
13.010720253,80.2169113159,25123,25133,10
13.0102901459,80.2159881592,25133,25143,10
13.0100698471,80.2149810791,25143,25153,10
13.0097703934,80.2139663696,25153,25163,10
13.0093002319,80.2128219604,25163,25173,10
13.0089998245,80.2120819092,25173,25183,10
13.0088195801,80.2115020752,25183,25193,10
13.0085201263,80.2106781006,25193,25204,11
13.0081796646,80.209602356,25204,25215,11
13.007900238,80.2083816528,25215,25224,9
13.0077400208,80.2074279785,25224,25235,11
13.0075597763,80.2062988281,25235,25245,10
13.0073204041,80.205368042,25245,25255,10
13.0069103241,80.204460144,25255,25265,10
13.006360054,80.2035522461,25265,25274,9
13.0058803558,80.2028579712,25274,25284,10
13.0042695999,80.2012481689,25284,25320,36
13.0042695999,80.2012481689,25320,25330,10
13.003780365,80.2010192871,25330,25341,11
13.0033197403,80.2008972168,25341,25351,10
13.0026502609,80.2006988525,25351,25361,10
13.0018997192,80.2001037598,25361,25371,10
13.001660347,80.1993865967,25371,25381,10
13.0018396378,80.1982269287,25381,25391,10
13.0019102097,80.1970901489,25391,25401,10
13.0014801025,80.1961364746,25401,25411,10
13.0006999969,80.1951980591,25411,25421,10
13.0,80.1942596436,25421,25431,10
12.9992904663,80.1934585571,25431,25442,11
12.9985904694,80.1925888062,25442,25452,10
12.9980602264,80.1924819946,25452,25462,10
12.9973602295,80.1930618286,25462,25472,10
12.9969701767,80.1933670044,25472,25481,9
12.9965896606,80.1934204102,25481,25492,11
12.9956598282,80.193397522,25492,25501,9
12.9948797226,80.193397522,25501,25512,11
12.9936704636,80.1934204102,25512,25522,10
12.9927396774,80.1934890747,25522,25532,10
12.9918699265,80.1937484741,25532,25543,11
12.9913902283,80.1943664551,25543,25553,10
12.991230011,80.1946411133,25553,25563,10
12.9911003113,80.1948776245,25563,25572,9
12.9907102585,80.1952972412,25572,25583,11
12.9898004532,80.1955718994,25583,25593,10
12.9889202118,80.1955108643,25593,25603,10
12.9879398346,80.1955184937,25603,25613,10
12.9871101379,80.1957473755,25613,25623,10
12.9857902527,80.1961135864,25623,25633,10
12.9845600128,80.1961288452,25633,25644,11
12.983420372,80.1963195801,25644,25654,10
12.9830303192,80.1964797974,25654,25664,10
12.9824695587,80.1968994141,25664,25674,10
12.9822502136,80.1971511841,25674,25684,10
12.9820995331,80.1970214844,25684,25694,10
12.9821100235,80.1970062256,25694,25704,10
12.9822702408,80.1968383789,25704,25714,10
12.9827203751,80.1965103149,25714,25724,10
12.9826803207,80.1962585449,25724,25734,10
12.9821395874,80.1959915161,25734,25745,11
12.9816303253,80.1957473755,25745,25755,10
12.9816303253,80.1957397461,25755,25765,10
12.9812402725,80.1955413818,25765,25775,10
12.9806404114,80.1952667236,25775,25785,10
12.9798603058,80.1948394775,25785,25795,10
12.9791603088,80.1943206787,25795,25805,10
12.9784002304,80.193977356,25805,25815,10
12.9776697159,80.1938323975,25815,25825,10
12.9776096344,80.1938095093,25825,25835,10
12.9773902893,80.1937179565,25835,25845,10
12.9768800735,80.193572998,25845,25856,11
12.976269722,80.1931381226,25856,25866,10
12.9756097794,80.1926727295,25866,25876,10
12.9748497009,80.1923599243,25876,25886,10
12.9742298126,80.1921234131,25886,25896,10
12.9735898972,80.1918716431,25896,25906,10
12.9729499817,80.1916503906,25906,25916,10
12.9723997116,80.1914291382,25916,25926,10
12.972120285,80.1912994385,25926,25936,10
12.9719295502,80.191192627,25936,25946,10
12.9713802338,80.1909484863,25946,25956,10
12.970700264,80.1906509399,25956,25967,11
12.9699001312,80.190322876,25967,25977,10
12.96916008,80.1899871826,25977,25987,10
12.9683904648,80.1896514893,25987,25997,10
12.9681797028,80.1895217896,25997,26007,10
12.968000412,80.189453125,26007,26017,10
12.9673900604,80.1892318726,26017,26027,10
12.9666204453,80.1889266968,26027,26037,10
12.9658603668,80.1885986328,26037,26047,10
12.9653196335,80.1883773804,26047,26057,10
12.9648599625,80.1881790161,26057,26078,21
12.9648599625,80.1881790161,26078,26088,10
12.9644603729,80.1880493164,26088,26098,10
12.9637899399,80.1878585815,26098,26108,10
12.9630098343,80.1876525879,26108,26118,10
12.9621896744,80.1874771118,26118,26128,10
12.9614295959,80.1873626709,26128,26138,10
12.9608097076,80.1872177124,26138,26148,10
12.9607200623,80.1871795654,26148,26158,10
12.9603500366,80.1871337891,26158,26168,10
12.9599399567,80.1871032715,26168,26179,11
12.95952034,80.1870574951,26179,26189,10
12.9588298798,80.1870269775,26189,26199,10
12.9582099915,80.1870193481,26199,26209,10
12.9578199387,80.1870269775,26209,26219,10
12.9573402405,80.1870193481,26219,26229,10
12.9570798874,80.1869812012,26229,26239,10
12.9566698074,80.1869430542,26239,26249,10
12.9559602737,80.1868972778,26249,26320,71
12.9559602737,80.1868972778,26320,26330,10
12.9556398392,80.1869125366,26330,26340,10
12.9553899765,80.1868286133,26340,26350,10
12.9548797607,80.1867828369,26350,26360,10
12.9541301727,80.186668396,26360,26370,10
12.9533004761,80.1865463257,26370,26380,10
12.9524297714,80.186378479,26380,26391,11
12.9514799118,80.1861114502,26391,26401,10
12.9506397247,80.1858291626,26401,26411,10
12.9498901367,80.1855773926,26411,26421,10
12.9494800568,80.1854629517,26421,26431,10
12.9493198395,80.1854171753,26431,26441,10
12.9489603043,80.1852416992,26441,26451,10
12.948559761,80.1851196289,26451,26461,10
12.9479999542,80.1849365234,26461,26471,10
12.9472999573,80.1844787598,26471,26481,10
12.946559906,80.1838912964,26481,26492,11
12.9456796646,80.1832427979,26492,26502,10
12.9448003769,80.1830596924,26502,26512,10
12.9446201324,80.1830368042,26512,26522,10
12.9444103241,80.1830215454,26522,26532,10
12.9439296722,80.1829910278,26532,26542,10
12.9433403015,80.1829605103,26542,26552,10
12.9425296783,80.1829376221,26552,26562,10
12.9415998459,80.1828308105,26562,26572,10
12.9406900406,80.182800293,26572,26582,10
12.9395103455,80.1826019287,26582,26623,41
12.9395103455,80.1826019287,26623,26633,10
12.9393396378,80.1825408936,26633,26643,10
12.9389600754,80.1824188232,26643,26653,10
12.9385404587,80.1823272705,26653,26663,10
12.9378299713,80.1822662354,26663,26673,10
12.9374399185,80.182258606,26673,26683,10
12.9369497299,80.1822509766,26683,26693,10
12.9362401962,80.1823196411,26693,26704,11
12.9353103638,80.1824111938,26704,26714,10
12.9344100952,80.1822433472,26714,26724,10
12.9334802628,80.1820220947,26724,26734,10
12.9325399399,80.1818008423,26734,26744,10
12.9316196442,80.1816635132,26744,26754,10
12.9310703278,80.1815872192,26754,26784,30
12.9310703278,80.1815872192,26784,26794,10
12.9308300018,80.1815719604,26794,26805,11
12.9302101135,80.1816177368,26805,26815,10
12.9295501709,80.1818237305,26815,26825,10
12.9288702011,80.1819992065,26825,26835,10
12.928319931,80.1821517944,26835,26845,10
12.9280996323,80.1821975708,26845,26855,10
12.9279403687,80.1822128296,26855,26865,10
12.9275798798,80.1822814941,26865,26875,10
12.9270000458,80.1823806763,26875,26885,10
12.9262504578,80.1825332642,26885,26895,10
12.9253902435,80.1827011108,26895,26905,10
12.9245901108,80.1828231812,26905,26916,11
12.9236602783,80.1829910278,26916,26926,10
12.9229097366,80.1831130981,26926,26936,10
12.9220199585,80.1834335327,26936,26946,10
12.9212598801,80.1837234497,26946,26955,9
12.9207401276,80.183921814,26955,26976,21
12.9207401276,80.183921814,26976,26986,10
12.9204101563,80.1840286255,26986,27037,51
12.9204101563,80.1840286255,27037,27047,10
12.9202299118,80.1839675903,27047,27057,10
12.9201202393,80.1834793091,27057,27067,10
12.9199399948,80.1827163696,27067,27077,10
12.9198999405,80.1825408936,27077,27087,10
12.9198598862,80.1823501587,27087,27097,10
12.9197397232,80.1818084717,27097,27107,10
12.9195804596,80.1810531616,27107,27117,10
12.9193897247,80.1801681519,27117,27128,11
12.9190502167,80.1792297363,27128,27138,10
12.9185400009,80.1785125732,27138,27148,10
12.9181900024,80.1775970459,27148,27158,10
12.918390274,80.1764297485,27158,27168,10
12.9187002182,80.1751785278,27168,27178,10
12.9190502167,80.1738433838,27178,27188,10
12.9193696976,80.1725997925,27188,27198,10
12.9196195602,80.1716308594,27198,27208,10
12.9196796417,80.171333313,27208,27218,10
12.9198303223,80.1708984375,27218,27229,11
12.9198799133,80.1707382202,27229,27239,10
12.9200696945,80.1701583862,27239,27249,10
12.9203395844,80.1692962646,27249,27259,10
12.9206695557,80.1682815552,27259,27269,10
12.9210395813,80.1671218872,27269,27279,10
12.9214696884,80.1658096313,27279,27289,10
12.9219102859,80.1644821167,27289,27299,10
12.922249794,80.1633377075,27299,27309,10
12.9226198196,80.1621627808,27309,27319,10
12.9229297638,80.1611709595,27319,27329,10
12.9230804443,80.1606369019,27329,27340,11
12.9230804443,80.1606292725,27340,27350,10
12.9232196808,80.1602401733,27350,27360,10
12.923330307,80.159538269,27360,27370,10
12.9234304428,80.1585235596,27370,27380,10
12.9235401154,80.1573562622,27380,27390,10
12.9236497879,80.1562423706,27390,27400,10
12.9234800339,80.1552810669,27400,27410,10
12.9234199524,80.155090332,27410,27420,10
12.9233903885,80.1549911499,27420,27430,10
12.9232902527,80.1544723511,27430,27441,11
12.9231100082,80.153717041,27441,27451,10
12.9229202271,80.1529769897,27451,27461,10
12.9227399826,80.1522369385,27461,27471,10
12.9226799011,80.1515197754,27471,27481,10
12.9226503372,80.1506195068,27481,27491,10
12.9226303101,80.1495895386,27491,27501,10
12.9225702286,80.1485366821,27501,27511,10
12.9225597382,80.1476516724,27511,27521,10
12.9225797653,80.1468887329,27521,27531,10
12.9225597382,80.145980835,27531,27542,11
12.9225301743,80.1450881958,27542,27552,10
12.9225101471,80.1442718506,27552,27562,10
12.9224796295,80.1433868408,27562,27572,10
12.9224596024,80.1426620483,27572,27582,10
12.922419548,80.1418991089,27582,27592,10
12.9224100113,80.1415023804,27592,27602,10
12.9224004745,80.141418457,27602,27612,10
12.9224004745,80.1408691406,27612,27622,10
12.9224004745,80.1403427124,27622,27632,10
12.9223899841,80.1396636963,27632,27642,10
12.9224004745,80.1387405396,27642,27653,11
12.9224596024,80.1375274658,27653,27663,10
12.9225196838,80.1363601685,27663,27673,10
12.9225702286,80.1352081299,27673,27683,10
12.9225997925,80.1343612671,27683,27693,10
12.9226503372,80.1335220337,27693,27703,10
12.9226703644,80.1326980591,27703,27713,10
12.9226999283,80.1318435669,27713,27723,10
12.922750473,80.1309890747,27723,27733,10
12.9227800369,80.1300506592,27733,27743,10
12.922829628,80.1292572021,27743,27753,10
12.9228801727,80.1284332275,27753,27764,11
12.9229001999,80.127571106,27764,27774,10
12.9229297638,80.1267623901,27774,27784,10
12.9229602814,80.1257629395,27784,27794,10
12.9230003357,80.1247711182,27794,27804,10
12.92304039,80.1236495972,27804,27814,10
12.9230804443,80.1224822998,27814,27824,10
12.9231395721,80.121383667,27824,27834,10
12.9231796265,80.1205673218,27834,27865,31
12.9231796265,80.1205673218,27865,27875,10
12.9231996536,80.1205596924,27875,27885,10
12.9231996536,80.1204376221,27885,27895,10
12.9232597351,80.1201171875,27895,27905,10
12.9232902527,80.1194229126,27905,27915,10
12.9232997894,80.1187820435,27915,27925,10
12.9234304428,80.1180496216,27925,27935,10
12.9234800339,80.1171569824,27935,27945,10
12.9236497879,80.1168518066,27945,27976,31
12.9236497879,80.1168518066,27976,27986,10
12.9236698151,80.1170806885,27986,27996,10
12.9236001968,80.11743927,27996,28006,10
12.9236602783,80.1178665161,28006,28016,10
12.9235696793,80.1181030273,28016,28026,10
12.9235200882,80.1184082031,28026,28036,10
12.923500061,80.1190414429,28036,28046,10
12.9234199524,80.119720459,28046,28056,10
12.9233398438,80.1203536987,28056,28066,10
12.9232997894,80.1208572388,28066,28077,11
12.9233198166,80.1211471558,28077,28087,10
12.9233198166,80.1214675903,28087,28390,303
12.923330307,80.1216583252,28390,28511,121
12.9232902527,80.1215362549,28511,28622,111
12.9232902527,80.1215362549,28622,28632,10
12.9232702255,80.12159729,28632,28642,10
12.9232196808,80.1221313477,28642,28652,10
12.9231796265,80.1228790283,28652,28662,10
12.9231395721,80.1237182617,28662,28672,10
12.9231004715,80.1245727539,28672,28682,10
12.9230499268,80.1254882813,28682,28692,10
12.9230098724,80.1262588501,28692,28703,11
12.9229803085,80.1271972656,28703,28713,10
12.9229602814,80.1276016235,28713,28723,10
12.9229202271,80.1281661987,28723,28733,10
12.9228897095,80.1288223267,28733,28743,10
12.9228696823,80.1293716431,28743,28753,10
12.9228601456,80.129699707,28753,28763,10
12.922829628,80.1302566528,28763,28773,10
12.922829628,80.1309661865,28773,28783,10
12.922829628,80.1312332153,28783,28793,10
12.9228401184,80.1313400269,28793,28803,10
12.9228096008,80.1316299438,28803,28814,11
12.9227695465,80.1323623657,28814,28824,10
12.9227399826,80.1331100464,28824,28834,10
12.9226999283,80.133972168,28834,28844,10
12.9226398468,80.1348495483,28844,28854,10
12.9225997925,80.1357421875,28854,28863,9
12.9225597382,80.1365432739,28863,28874,11
12.9225196838,80.1374282837,28874,28884,10
12.9224901199,80.1381378174,28884,28894,10
12.9224300385,80.1389694214,28894,28904,10
12.922419548,80.1397171021,28904,28914,10
12.9224500656,80.1404876709,28914,28925,11
12.9224500656,80.1413421631,28925,28935,10
12.9224700928,80.142250061,28935,28945,10
12.922539711,80.142791748,28945,28955,10
12.9225502014,80.1433334351,28955,28965,10
12.9225702286,80.1435699463,28965,28975,10
12.9225702286,80.1435775757,28975,28985,10
12.9225597382,80.1439437866,28985,28995,10
12.9225597382,80.1446762085,28995,29005,10
12.9226102829,80.1456222534,29005,29015,10
12.9226398468,80.1465911865,29015,29026,11
12.9226799011,80.1473007202,29026,29036,10
12.9226799011,80.1473083496,29036,29046,10
12.9226799011,80.1474533081,29046,29056,10
12.9226703644,80.1478805542,29056,29066,10
12.922659874,80.1485824585,29066,29076,10
12.9226999283,80.1494064331,29076,29086,10
12.9227199554,80.1502990723,29086,29096,10
12.9227399826,80.1511688232,29096,29106,10
12.9227600098,80.1518630981,29106,29116,10
12.9228200912,80.1524200439,29116,29127,11
12.9230203629,80.1531600952,29127,29137,10
12.9232597351,80.1540527344,29137,29147,10
12.92345047,80.1546783447,29147,29167,20
12.92345047,80.1546783447,29167,29177,10
12.9234895706,80.154838562,29177,29187,10
12.9235801697,80.1553192139,29187,29197,10
12.923740387,80.1561203003,29197,29207,10
12.9236602783,80.157119751,29207,29217,10
12.9235496521,80.158203125,29217,29227,10
12.92345047,80.1592636108,29227,29238,11
12.9233598709,80.1602325439,29238,29248,10
12.9233398438,80.1603164673,29248,29258,10
12.9232501984,80.1605987549,29258,29268,10
12.9230003357,80.161277771,29268,29278,10
12.9227199554,80.1622009277,29278,29288,10
12.922419548,80.1630783081,29288,29304,16
12.9219198227,80.1646194458,29304,29316,12
12.9215097427,80.1658935547,29316,29326,10
12.9211196899,80.1670608521,29326,29336,10
12.9208202362,80.1681365967,29336,29347,11
12.9207000732,80.1685180664,29347,29357,10
12.9205503464,80.1689987183,29357,29366,9
12.9203300476,80.1696929932,29366,29377,11
12.9200201035,80.1707229614,29377,29388,11
12.9199199677,80.1710281372,29388,29397,9
12.9198999405,80.1710968018,29397,29407,10
12.9197397232,80.1715774536,29407,29418,11
12.919500351,80.17237854,29418,29428,10
12.9192800522,80.1732788086,29428,29438,10
12.9190196991,80.174331665,29438,29449,11
12.9187498093,80.1755218506,29449,29459,10
12.9184999466,80.1765594482,29459,29469,10
12.9183397293,80.1772689819,29469,29479,10
12.9183998108,80.1781997681,29479,29489,10
12.9189901352,80.1789703369,29489,29499,10
12.9194297791,80.1798477173,29499,29509,10
12.919670105,80.1810073853,29509,29519,10
12.9199399948,80.182182312,29519,29529,10
12.9201803207,80.1832580566,29529,29539,10
12.92029953,80.183631897,29539,29550,11
12.9203300476,80.1837310791,29550,29560,10
12.9204597473,80.1839981079,29560,29570,10
12.9207201004,80.183921814,29570,29580,10
12.9213104248,80.1836700439,29580,29590,10
12.921959877,80.1834182739,29590,29600,10
12.9227199554,80.1831588745,29600,29610,10
12.9236297607,80.1829986572,29610,29620,10
12.924659729,80.182800293,29620,29630,10
12.9256401062,80.1826324463,29630,29640,10
12.9265403748,80.1824569702,29640,29650,10
12.9274902344,80.182258606,29650,29661,11
12.9285202026,80.1820220947,29661,29671,10
12.9294204712,80.1818084717,29671,29681,10
12.9304199219,80.1815414429,29681,29691,10
12.9314203262,80.1815414429,29691,29721,30
12.9314203262,80.1815414429,29721,29731,10
12.9316997528,80.1816177368,29731,29741,10
12.9322795868,80.1817169189,29741,29751,10
12.9329595566,80.1818389893,29751,29762,11
12.9337596893,80.1820526123,29762,29772,10
12.9344902039,80.1822433472,29772,29782,10
12.9352703094,80.1823883057,29782,29792,10
12.9359798431,80.1823425293,29792,29802,10
12.9366598129,80.1822509766,29802,29812,10
12.9373598099,80.182220459,29812,29822,10
12.9377803802,80.182220459,29822,29832,10
12.937959671,80.1822128296,29832,29842,10
12.9385004044,80.1822814941,29842,29852,10
12.9388198853,80.1823196411,29852,29903,51
12.9388198853,80.1823196411,29903,29913,10
12.9391202927,80.1824417114,29913,29923,10
12.9393596649,80.182510376,29923,29933,10
12.9396400452,80.1825790405,29933,29943,10
12.9400196075,80.1826782227,29943,29953,10
12.940580368,80.1827163696,29953,29963,10
12.9412603378,80.1827392578,29963,29973,10
12.9420995712,80.1828384399,29973,29984,11
12.9430398941,80.1829299927,29984,29994,10
12.9438695908,80.1829528809,29994,30004,10
12.9443902969,80.1829833984,30004,30014,10
12.9448003769,80.1829833984,30014,30054,40
12.9448003769,80.1829833984,30054,30064,10
12.945110321,80.1830062866,30064,30074,10
12.9456195831,80.18309021,30074,30085,11
12.946149826,80.1835021973,30085,30095,10
12.946680069,80.183921814,30095,30105,10
12.9472303391,80.1843490601,30105,30115,10
12.9478197098,80.1847763062,30115,30125,10
12.9486198425,80.1851119995,30125,30175,50
12.9486198425,80.1851119995,30175,30185,10
12.9488201141,80.1851501465,30185,30196,11
12.9492301941,80.1852874756,30196,30206,10
12.9496097565,80.1854095459,30206,30216,10
12.950220108,80.1856002808,30216,30246,30
12.950220108,80.1856002808,30246,30256,10
12.9505796432,80.1857376099,30256,30266,10
12.9508695602,80.185836792,30266,30276,10
12.9509000778,80.1858520508,30276,30286,10
12.9511203766,80.1859207153,30286,30297,11
12.9512195587,80.1859512329,30297,30307,10
12.9515199661,80.1860580444,30307,30317,10
12.9519300461,80.1861801147,30317,30327,10
12.9524698257,80.186340332,30327,30337,10
12.9530801773,80.1864395142,30337,30357,20
12.9530801773,80.1864395142,30357,30367,10
12.9533100128,80.1864929199,30367,30377,10
12.9538002014,80.1865463257,30377,30387,10
12.9544296265,80.1866378784,30387,30397,10
12.9550199509,80.1867218018,30397,30408,11
12.9553604126,80.1867828369,30408,30418,10
12.955499649,80.1867980957,30418,30428,10
12.9561300278,80.186920166,30428,30468,40
12.9561300278,80.186920166,30468,30478,10
12.9563703537,80.186958313,30478,30488,10
12.9567899704,80.1869888306,30488,30498,10
12.9571895599,80.18699646,30498,30509,11
12.9576101303,80.1870117188,30509,30519,10
12.9580698013,80.1870117188,30519,30529,10
12.9586200714,80.1870498657,30529,30539,10
12.9591999054,80.1870803833,30539,30549,10
12.9598798752,80.1871109009,30549,30559,10
12.9605102539,80.187171936,30559,30569,10
12.9613800049,80.1873016357,30569,30599,30
12.9613800049,80.1873016357,30599,30609,10
12.9614200592,80.187286377,30609,30620,11
12.961810112,80.1873626709,30620,30630,10
12.9623603821,80.1874694824,30630,30640,10
12.9630002975,80.1875762939,30640,30650,10
12.9636802673,80.1877593994,30650,30660,10
12.9643201828,80.1879577637,30660,30670,10
12.964969635,80.1881790161,30670,30680,10
12.9655399323,80.1884078979,30680,30741,61
12.9655399323,80.1884078979,30741,30751,10
12.9658603668,80.188583374,30751,30761,10
12.9663696289,80.1887588501,30761,30771,10
12.9670200348,80.1890106201,30771,30781,10
12.9676399231,80.1892623901,30781,30791,10
12.9683799744,80.1895980835,30791,30832,41
12.9683799744,80.1895980835,30832,30842,10
12.9684495926,80.1896896362,30842,30852,10
12.9687004089,80.1897964478,30852,30862,10
12.9690599442,80.1899490356,30862,30872,10
12.9693002701,80.1900787354,30872,30882,10
12.9696903229,80.1902389526,30882,30892,10
12.9702501297,80.1904830933,30892,30902,10
12.9707803726,80.1906814575,30902,30912,10
12.9711904526,80.1908721924,30912,30922,10
12.9717197418,80.1911010742,30922,30932,10
12.9722499847,80.1913223267,30932,30943,11
12.9727401733,80.1915206909,30943,30983,40
12.9727401733,80.1915206909,30983,30993,10
12.9729099274,80.1915664673,30993,31003,10
12.9733200073,80.1917037964,31003,31013,10
12.9738702774,80.1919403076,31013,31023,10
12.9744997025,80.1921615601,31023,31033,10
12.9750003815,80.1923294067,31033,31044,11
12.9755897522,80.1926193237,31044,31054,10
12.9761295319,80.1930618286,31054,31064,10
12.9767904282,80.1934967041,31064,31074,10
12.9774198532,80.1937408447,31074,31084,10
12.978219986,80.193862915,31084,31145,61
12.978219986,80.193862915,31145,31155,10
12.9784002304,80.1939315796,31155,31165,10
12.9786195755,80.1940078735,31165,31175,10
12.9790296555,80.1941986084,31175,31185,10
12.9794597626,80.1944732666,31185,31195,10
12.9799003601,80.1947937012,31195,31205,10
12.9804601669,80.1951370239,31205,31215,10
12.981089592,80.1954193115,31215,31256,41
12.981089592,80.1954193115,31256,31266,10
12.9813098907,80.1955413818,31266,31276,10
12.9815797806,80.1957015991,31276,31286,10
12.9819898605,80.1959228516,31286,31296,10
12.982460022,80.1961288452,31296,31306,10
12.9828996658,80.1963500977,31306,31316,10
12.9830799103,80.1963195801,31316,31326,10
12.983420372,80.1961288452,31326,31336,10
12.9838895798,80.1959915161,31336,31346,10
12.9845504761,80.1959609985,31346,31357,11
12.9854202271,80.1959609985,31357,31367,10
12.986240387,80.1958389282,31367,31377,10
12.9870901108,80.1955871582,31377,31387,10
12.9877996445,80.1954193115,31387,31397,10
12.9885396957,80.1953964233,31397,31407,10
12.9893398285,80.1954269409,31407,31417,10
12.9902296066,80.1954116821,31417,31427,10
12.9909296036,80.1949005127,31427,31437,10
12.9911603928,80.1945114136,31437,31468,31
12.9911603928,80.1945114136,31468,31478,10
12.9913196564,80.194229126,31478,31488,10
12.9916095734,80.1937866211,31488,31508,20
12.9916095734,80.1937866211,31508,31518,10
12.9917402267,80.1936035156,31518,31528,10
12.991809845,80.1935119629,31528,31538,10
12.9922704697,80.1933288574,31538,31548,10
12.9929800034,80.1932983398,31548,31558,10
12.993639946,80.193321228,31558,31568,10
12.9941997528,80.193321228,31568,31579,11
12.9947395325,80.193321228,31579,31588,9
12.9952201843,80.193321228,31588,31598,10
12.9958295822,80.1933135986,31598,31608,10
12.9964599609,80.1932983398,31608,31619,11
12.9967699051,80.1932525635,31619,31629,10
12.9967498779,80.1928634644,31629,31639,10
12.9965896606,80.192237854,31639,31649,10
12.9963598251,80.1913986206,31649,31669,20
12.9963598251,80.1913986206,31669,31680,11
12.9962501526,80.1910705566,31680,31690,10
12.9961395264,80.1905975342,31690,31700,10
12.9959001541,80.1896591187,31700,31821,121
12.9959001541,80.1896591187,31821,31831,10
12.9959402084,80.1893386841,31831,31840,9
12.9961299896,80.1892776489,31840,31851,11
12.9964399338,80.1896591187,31851,31861,10
12.9968996048,80.1901702881,31861,31872,11
12.9974899292,80.1909103394,31872,31882,10
12.9980602264,80.1916503906,31882,31893,11
12.9987201691,80.1924819946,31893,31903,10
12.9992704391,80.1931381226,31903,31913,10
12.9998397827,80.1938781738,31913,31923,10
13.0004396439,80.1946563721,31923,31933,10
13.0010700226,80.1954421997,31933,31943,10
13.0013599396,80.1958007813,31943,31953,10
13.0013599396,80.1958084106,31953,31963,10
13.001540184,80.1960296631,31963,31973,10
13.0018796921,80.1965026855,31973,31983,10
13.0021095276,80.1972427368,31983,31993,10
13.0019798279,80.1981735229,31993,32004,11
13.0018396378,80.1990585327,32004,32014,10
13.0018796921,80.1997833252,32014,32024,10
13.002409935,80.2004394531,32024,32034,10
13.0035495758,80.2007522583,32034,32084,50
13.0035495758,80.2007522583,32084,32094,10
13.0037298203,80.2007827759,32094,32105,11
13.0043401718,80.2010192871,32105,32115,10
13.0051298141,80.2013702393,32115,32125,10
13.0058403015,80.2021636963,32125,32135,10
13.0063896179,80.2030487061,32135,32145,10
13.0071496964,80.2035903931,32145,32155,10
13.008099556,80.2037200928,32155,32165,10
13.0084199905,80.2030410767,32165,32175,10
13.007610321,80.2031021118,32175,32191,16
13.0076704025,80.2048416138,32191,32203,12
13.0077600479,80.2063598633,32203,32214,11
13.0079402924,80.2076873779,32214,32224,10
13.0080604553,80.2087783813,32224,32234,10
13.0083398819,80.2098922729,32234,32244,10
13.0092401505,80.2108383179,32244,32304,60
13.0092401505,80.2108383179,32304,32315,11
13.0093898773,80.2109832764,32315,32325,10
13.0093803406,80.2110977173,32325,32335,10
13.0091295242,80.2114181519,32335,32355,20
13.0091295242,80.2114181519,32355,32365,10
13.0091199875,80.2118377686,32365,32375,10
13.009180069,80.2120895386,32375,32385,10
13.0092201233,80.2122268677,32385,32395,10
13.0093202591,80.2125167847,32395,32405,10
13.0094995499,80.2129898071,32405,32415,10
13.0097198486,80.2136306763,32415,32426,11
13.0100402832,80.2143630981,32426,32436,10
13.0102100372,80.2151031494,32436,32445,9
13.0103197098,80.2157669067,32445,32456,11
13.010720253,80.2166595459,32456,32466,10
13.0110197067,80.2173080444,32466,32476,10
13.0113201141,80.2181091309,32476,32486,10
13.011639595,80.2189178467,32486,32496,10
13.0118999481,80.2197799683,32496,32505,9
13.012140274,80.2204437256,32505,32515,10
13.0126399994,80.2215576172,32515,32537,22
13.0126399994,80.2215576172,32537,32547,10
13.0126895905,80.2217712402,32547,32557,10
13.0129203796,80.2220306396,32557,32567,10
13.0133399963,80.2224273682,32567,32577,10
13.0137395859,80.2230300903,32577,32587,10
13.0141601563,80.2235412598,32587,32597,10
13.0145101547,80.2239379883,32597,32607,10
13.0150499344,80.224609375,32607,32617,10
13.0155200958,80.2250213623,32617,32638,21
13.0155200958,80.2250213623,32638,32648,10
13.0156698227,80.2251815796,32648,32658,10
13.0161304474,80.2253570557,32658,32668,10
13.0167703629,80.2252426147,32668,32678,10
13.0175504684,80.224937439,32678,32688,10
13.0183696747,80.2246017456,32688,32698,10
13.0191602707,80.224357605,32698,32708,10
13.0197896957,80.2245635986,32708,32718,10
13.0204000473,80.2249679565,32718,32728,10
13.0208797455,80.2253265381,32728,32738,10
13.0214195251,80.2257766724,32738,32749,11
13.0220003128,80.2261810303,32749,32759,10
13.0220298767,80.2261962891,32759,32769,10
13.0220899582,80.2262573242,32769,32779,10
13.022359848,80.2265090942,32779,32789,10
13.0228300095,80.2269210815,32789,32799,10
13.0231800079,80.2272567749,32799,32809,10
13.0234498978,80.2275466919,32809,32818,9
13.0237798691,80.2278137207,32818,32829,11
13.024020195,80.2280502319,32829,32850,21
13.024020195,80.2280502319,32850,32860,10
13.0242099762,80.2282333374,32860,32870,10
13.0243797302,80.2284698486,32870,32880,10
13.0245199203,80.2286682129,32880,32890,10
13.0246400833,80.2287979126,32890,32900,10
13.024720192,80.2289428711,32900,32910,10
13.0248098373,80.2290802002,32910,32920,10
13.0249795914,80.2293395996,32920,32930,10
13.0253696442,80.2298431396,32930,32940,10
13.0256595612,80.2302093506,32940,32950,10
13.0256900787,80.2302627563,32950,32961,11
13.0257797241,80.2304077148,32961,32971,10
13.0258903503,80.2306594849,32971,32981,10
13.0259799957,80.2309494019,32981,32991,10
13.026049614,80.2313079834,32991,33001,10
13.0264596939,80.231262207,33001,33011,10
13.0271997452,80.2310714722,33011,33021,10
13.0279102325,80.2309494019,33021,33031,10
13.0285596848,80.2308883667,33031,33041,10
13.029129982,80.2308197021,33041,33122,81
13.029129982,80.2308197021,33122,33132,10
13.0294103622,80.2307662964,33132,33142,10
13.0298500061,80.2307434082,33142,33152,10
13.0303897858,80.2306976318,33152,33162,10
13.0307703018,80.2306671143,33162,33173,11
13.0312204361,80.2306518555,33173,33183,10
13.0318803787,80.2305984497,33183,33193,10
13.0326099396,80.2305297852,33193,33203,10
13.0333995819,80.2304916382,33203,33213,10
13.0340299606,80.2304382324,33213,33223,10
13.0342998505,80.2304000854,33223,33263,40
13.0342998505,80.2304000854,33263,33280,17
13.0350198746,80.2301635742,33280,33303,23
13.0350704193,80.2299575806,33303,33353,50
13.0350704193,80.2299575806,33353,33362,9
13.0347204208,80.2298965454,33362,34383,1021
13.0347204208,80.2298965454,34383,34393,10
13.0343399048,80.229850769,34393,34443,50
13.0343399048,80.229850769,34443,34453,10
13.0341796875,80.2302322388,34453,34464,11
13.0341596603,80.2303390503,34464,34474,10
13.0339002609,80.2304000854,34474,34484,10
13.0337400436,80.2304077148,34484,34494,10
13.0334100723,80.2304992676,34494,34504,10
13.0330295563,80.2305831909,34504,34514,10
13.0325498581,80.2306213379,34514,34524,10
13.0319795609,80.230682373,34524,34534,10
13.0310401917,80.2307815552,34534,34585,51
13.0310401917,80.2307815552,34585,34601,16
13.0300998688,80.2308120728,34601,34646,45
13.0300998688,80.2308120728,34646,34656,10
13.0297203064,80.2308425903,34656,34666,10
13.0292797089,80.2308807373,34666,34676,10
13.0287799835,80.23097229,34676,34687,11
13.0282497406,80.2310180664,34687,34696,9
13.0278701782,80.2310409546,34696,34707,11
13.0277395248,80.2312927246,34707,34717,10
13.0276699066,80.2317428589,34717,34727,10
13.0277395248,80.2326431274,34727,34778,51
13.0279197693,80.2328262329,34778,34909,131
13.0279197693,80.2328262329,34909,34919,10
13.0277700424,80.2329177856,34919,34939,20
13.0277700424,80.2329177856,34939,34949,10
13.0273504257,80.232963562,34949,34959,10
13.027130127,80.233001709,34959,34969,10
13.0268697739,80.2330093384,34969,34979,10
13.0264997482,80.2329177856,34979,34990,11
13.026260376,80.2323379517,34990,35000,10
13.0260801315,80.2316131592,35000,35010,10
13.0258598328,80.2308120728,35010,35020,10
13.0254497528,80.2300567627,35020,35030,10
13.0249900818,80.2294921875,35030,35040,10
13.0247297287,80.2291564941,35040,35070,30
13.0247297287,80.2291564941,35070,35080,10
13.0246095657,80.2290802002,35080,35090,10
13.0244197845,80.228843689,35090,35101,11
13.0242395401,80.2285766602,35101,35111,10
13.0238895416,80.2281417847,35111,35127,16
13.0230398178,80.2273406982,35127,35169,42
13.0230398178,80.2273406982,35169,35179,10
13.0228900909,80.2272491455,35179,35189,10
13.0226402283,80.2268981934,35189,35199,10
13.0221700668,80.2265396118,35199,35209,10
13.0215997696,80.22605896,35209,35220,11
13.0208902359,80.225479126,35220,35230,10
13.0201101303,80.2249298096,35230,35240,10
13.0193796158,80.2245635986,35240,35250,10
13.0185604095,80.2246704102,35250,35260,10
13.017780304,80.2249679565,35260,35270,10
13.0170602798,80.2252426147,35270,35280,10
13.0166196823,80.2253875732,35280,35290,10
13.0163497925,80.2254867554,35290,35300,10
13.0157899857,80.2256774902,35300,35310,10
13.0151195526,80.2259674072,35310,35321,11
13.0144195557,80.2262191772,35321,35331,10
13.0136604309,80.2265014648,35331,35341,10
13.0127496719,80.2268371582,35341,35351,10
13.0117998123,80.2272033691,35351,35361,10
13.0107803345,80.2275619507,35361,35371,10
13.0100402832,80.2278671265,35371,35381,10
13.0095996857,80.2277297974,35381,35391,10
13.00963974,80.2273330688,35391,35401,10
13.0099201202,80.2266616821,35401,35411,10
13.0102500916,80.2258682251,35411,35422,11
13.0106096268,80.2250289917,35422,35432,10
13.010840416,80.2242965698,35432,35442,10
13.0111999512,80.2234802246,35442,35452,10
13.0115499496,80.2227783203,35452,35462,10
13.0117998123,80.2220916748,35462,35472,10
13.0120897293,80.2214431763,35472,35482,10
13.0122203827,80.2210083008,35482,35492,10
13.0120601654,80.2205200195,35492,35502,10
13.0117797852,80.2197570801,35502,35512,10
13.0115299225,80.2190170288,35512,35522,10
13.011300087,80.2183914185,35522,35533,11
13.0110397339,80.2176818848,35533,35543,10
13.0106601715,80.2168121338,35543,35553,10
13.0102396011,80.2160491943,35553,35563,10
13.0098600388,80.2152481079,35563,35573,10
13.0094203949,80.2146682739,35573,35583,10
13.0088195801,80.2138824463,35583,35593,10
13.0083799362,80.2134399414,35593,35623,30
13.0083799362,80.2134399414,35623,35634,11
13.0081596375,80.2133026123,35634,35644,10
13.0080699921,80.2132415771,35644,35654,10
13.0079898834,80.2132110596,35654,35664,10
13.007809639,80.2130737305,35664,35680,16
13.0074396133,80.2128372192,35680,35692,12
13.0068101883,80.2127838135,35692,35702,10
13.0061597824,80.2129135132,35702,35710,8
13.0057096481,80.2129364014,35710,35722,12
13.004940033,80.2124710083,35722,35732,10
13.0042695999,80.2121734619,35732,35743,11
13.0037403107,80.2119293213,35743,35753,10
13.0037298203,80.2115402222,35753,35763,10
13.0036802292,80.2109375,35763,35773,10
13.0035800934,80.2101669312,35773,35783,10
13.0035495758,80.2094116211,35783,35793,10
13.0037202835,80.2087402344,35793,35804,11
13.0044698715,80.2088012695,35804,35814,10
13.0053396225,80.2091827393,35814,35824,10
13.0058803558,80.2093963623,35824,35834,10
13.0060997009,80.209487915,35834,35844,10
13.0066604614,80.2096481323,35844,35855,11
13.0068902969,80.2097091675,35855,35865,10
13.0069799423,80.2097320557,35865,35875,10
13.0071401596,80.2098007202,35875,35885,10
13.0075597763,80.2098770142,35885,35895,10
13.0080003738,80.2099380493,35895,35905,10
13.0082302094,80.2098693848,35905,35915,10
13.0080900192,80.2092590332,35915,35925,10
13.0079298019,80.2083969116,35925,35935,10
13.0077400208,80.2073516846,35935,35945,10
13.0075798035,80.2063293457,35945,35956,11
13.0072402954,80.2051773071,35956,35965,9
13.0068702698,80.2043228149,35965,35976,11
13.0062198639,80.203338623,35976,35986,10
13.0057897568,80.2027282715,35986,35996,10
13.0054502487,80.2021026611,35996,36006,10
13.004240036,80.2013015747,36006,36046,40
13.004240036,80.2013015747,36046,36056,10
13.0039997101,80.2011795044,36056,36067,11
13.0034198761,80.2009811401,36067,36077,10
13.0026597977,80.2007369995,36077,36087,10
13.001999855,80.2002029419,36087,36097,10
13.0017204285,80.1991119385,36097,36107,10
13.0018997192,80.1978988647,36107,36117,10
13.0017795563,80.1966018677,36117,36127,10
13.0012102127,80.195892334,36127,36137,10
13.0005903244,80.1950302124,36137,36146,9
12.9998998642,80.1941223145,36146,36156,10
12.9991397858,80.1932678223,36156,36168,12
12.9984502792,80.1924133301,36168,36178,10
12.9979896545,80.1925582886,36178,36188,10
12.9973402023,80.1930923462,36188,36198,10
12.9969301224,80.1933822632,36198,36208,10
12.9967002869,80.1934204102,36208,36218,10
12.9961795807,80.1934127808,36218,36228,10
12.9952602386,80.1934204102,36228,36238,10
12.9940500259,80.1934280396,36238,36248,10
12.9928102493,80.1934585571,36248,36258,10
12.9917497635,80.1937332153,36258,36268,10
12.9912004471,80.1945877075,36268,36289,21
12.9912004471,80.1945877075,36289,36299,10
12.9908599854,80.1950378418,36299,36309,10
12.9901399612,80.1955032349,36309,36319,10
12.9890098572,80.1955032349,36319,36329,10
12.9879398346,80.1955032349,36329,36339,10
12.9864597321,80.1959533691,36339,36349,10
12.9851198196,80.1961898804,36349,36359,10
12.9837999344,80.1962280273,36359,36369,10
12.983300209,80.1963577271,36369,36380,11
12.9829597473,80.1964874268,36380,36390,10
12.982460022,80.1969070435,36390,36400,10
12.9820899963,80.1969833374,36400,36420,20
12.9820899963,80.1969833374,36420,36430,10
12.9821500778,80.1968994141,36430,36440,10
12.9825601578,80.1966018677,36440,36450,10
12.98279953,80.1963424683,36450,36460,10
12.9823904037,80.1961135864,36460,36476,16
12.981590271,80.1957397461,36476,36488,12
12.9814596176,80.1956863403,36488,36499,11
12.9810800552,80.1954803467,36499,36509,10
12.9806699753,80.1952667236,36509,36519,10
12.9801101685,80.195022583,36519,36529,10
12.9796199799,80.1946792603,36529,36539,10
12.9791002274,80.1943130493,36539,36549,10
12.9786396027,80.1940765381,36549,36558,9
12.9783201218,80.1939620972,36558,36569,11
12.9776296616,80.193862915,36569,36589,20
12.9776296616,80.193862915,36589,36600,11
12.9772596359,80.1937103271,36600,36610,10
12.9767103195,80.1934585571,36610,36620,10
12.9762201309,80.1931381226,36620,36630,10
12.975859642,80.1929092407,36630,36640,10
12.9752998352,80.1925735474,36640,36650,10
12.9748296738,80.1923675537,36650,36660,10
12.9744701385,80.1922225952,36660,36670,10
12.9739398956,80.1920623779,36670,36680,10
12.9735202789,80.1918716431,36680,36690,10
12.972990036,80.1917037964,36690,36701,11
12.972700119,80.1915664673,36701,36711,10
12.9725399017,80.1914978027,36711,36721,10
12.9723901749,80.1914215088,36721,36741,20
12.9723901749,80.1914215088,36741,36751,10
12.9718799591,80.1912307739,36751,36761,10
12.9713001251,80.1909713745,36761,36770,9
12.9707899094,80.1907501221,36770,36781,11
12.9700899124,80.1904907227,36781,36790,9
12.9696998596,80.1902923584,36790,36801,11
12.9692602158,80.190071106,36801,36812,11
12.9690599442,80.1899795532,36812,36822,10
12.968870163,80.1899108887,36822,36832,10
12.9685201645,80.1897506714,36832,36842,10
12.9680900574,80.1895217896,36842,36862,20
12.9680900574,80.1895217896,36862,36872,10
12.9678897858,80.189453125,36872,36882,10
12.9673204422,80.1892318726,36882,36892,10
12.9665899277,80.188911438,36892,36902,10
12.9660100937,80.1886825562,36902,36912,10
12.9655103683,80.1884994507,36912,36923,11
12.9649000168,80.1882781982,36923,36933,10
12.9648103714,80.1882171631,36933,36943,10
12.9645996094,80.188117981,36943,36953,10
12.9639997482,80.1879196167,36953,36963,10
12.9633998871,80.1877593994,36963,36973,10
12.9627199173,80.1876068115,36973,36983,10
12.9619503021,80.187461853,36983,36993,10
12.9612598419,80.1873016357,36993,37003,10
12.9607801437,80.1872329712,37003,37013,10
12.9607095718,80.1872024536,37013,37024,11
12.960269928,80.1871490479,37024,37034,10
12.959859848,80.1871032715,37034,37044,10
12.9592399597,80.1870574951,37044,37054,10
12.9586601257,80.1869888306,37054,37064,10
12.95814991,80.1870269775,37064,37074,10
12.957449913,80.18699646,37074,37084,10
12.9566802979,80.1869812012,37084,37094,10
12.9558496475,80.186958313,37094,37114,20
12.9558496475,80.186958313,37114,37125,11
12.9556598663,80.1869277954,37125,37135,10
12.9554901123,80.186882019,37135,37145,10
12.9551897049,80.1868515015,37145,37155,10
12.9545898438,80.1867599487,37155,37165,10
12.9537801743,80.1866531372,37165,37175,10
12.9528198242,80.1865234375,37175,37185,10
12.9518299103,80.1862182617,37185,37195,10
12.9508399963,80.1858978271,37195,37205,10
12.9499702454,80.1856079102,37205,37215,10
12.9493398666,80.1854476929,37215,37296,81
12.9493398666,80.1854476929,37296,37306,10
12.9491901398,80.1853790283,37306,37316,10
12.948800087,80.1852111816,37316,37326,10
12.9483804703,80.1850814819,37326,37336,10
12.9477901459,80.1848373413,37336,37347,11
12.9470396042,80.1842803955,37347,37357,10
12.9462995529,80.1837081909,37357,37367,10
12.9455795288,80.1831665039,37367,37377,10
12.9448795319,80.1830368042,37377,37387,10
12.944609642,80.1830368042,37387,37397,10
12.9444904327,80.1830215454,37397,37407,10
12.9441099167,80.1829986572,37407,37417,10
12.9434604645,80.1829605103,37417,37427,10
12.942609787,80.1829299927,37427,37437,10
12.9416303635,80.1828384399,37437,37448,11
12.9406299591,80.1827774048,37448,37457,9
12.939789772,80.1826782227,37457,37478,21
12.939789772,80.1826782227,37478,37488,10
12.9396800995,80.1826629639,37488,37497,9
12.9395399094,80.1826095581,37497,37508,11
12.9391698837,80.1825180054,37508,37518,10
12.9388599396,80.1824417114,37518,37528,10
12.9383201599,80.1823196411,37528,37538,10
12.9375,80.1822662354,37538,37548,10
12.9365196228,80.1822967529,37548,37559,11
12.9353704453,80.1823883057,37559,37569,10
12.9345598221,80.182258606,37569,37579,10
12.9336700439,80.1820526123,37579,37589,10
12.93268013,80.1818237305,37589,37599,10
12.9316396713,80.181640625,37599,37609,10
12.931139946,80.181602478,37609,37619,10
12.9310903549,80.1815795898,37619,37629,10
12.9306201935,80.1815414429,37629,37639,10
12.9298400879,80.1817321777,37639,37649,10
12.928850174,80.181968689,37649,37660,11
12.9276304245,80.182258606,37660,37670,10
12.9263401031,80.1825180054,37670,37680,10
12.9250497818,80.1827163696,37680,37690,10
12.9239501953,80.1829223633,37690,37700,10
12.9229297638,80.1830825806,37700,37710,10
12.9220104218,80.1834030151,37710,37720,10
12.9212703705,80.1837005615,37720,37730,10
12.9205598831,80.1839981079,37730,37771,41
12.9205598831,80.1839981079,37771,37781,10
12.92029953,80.1840362549,37781,37791,10
12.9201097488,80.1835174561,37791,37801,10
12.9199495316,80.182800293,37801,37811,10
12.9198799133,80.1825027466,37811,37821,10
12.9198303223,80.1821594238,37821,37831,10
12.9196796417,80.181427002,37831,37841,10
12.9194803238,80.1804580688,37841,37851,10
12.9191503525,80.1793365479,37851,37861,10
12.9186496735,80.1786499023,37861,37872,11
12.9181804657,80.1776885986,37872,37882,10
12.9183597565,80.1764831543,37882,37892,10
12.9186496735,80.1752929688,37892,37902,10
12.9188804626,80.1742706299,37902,37912,10
12.9192199707,80.1730422974,37912,37922,10
12.9195203781,80.171913147,37922,37932,10
12.9197902679,80.1709365845,37932,37942,10
12.920129776,80.169921875,37942,37952,10
12.9204397202,80.1688995361,37952,37969,17
12.9210195541,80.1671218872,37969,37980,11
12.9214801788,80.1657180786,37980,37991,11
12.9219903946,80.1641235352,37991,38001,10
12.922419548,80.1627197266,38001,38011,10
12.9228000641,80.161567688,38011,38021,10
12.9230604172,80.1607131958,38021,38029,8
12.9231300354,80.1604232788,38029,38041,12
12.9232797623,80.1598892212,38041,38050,9
12.9233703613,80.1589584351,38050,38060,10
12.9235200882,80.1577529907,38060,38071,11
12.9236402512,80.1562576294,38071,38081,10
12.9234304428,80.1550674438,38081,38092,11
12.9233503342,80.1548309326,38092,38102,10
12.9232597351,80.1543121338,38102,38112,10
12.92304039,80.1534729004,38112,38122,10
12.9228096008,80.1525878906,38122,38132,10
12.9227199554,80.1522827148,38132,38142,10
12.922659874,80.1518630981,38142,38152,10
12.9226398468,80.151222229,38152,38162,10
12.9226398468,80.1502304077,38162,38172,10
12.9225997925,80.149269104,38172,38182,10
12.9225502014,80.1483688354,38182,38192,10
12.9225597382,80.1476593018,38192,38203,11
12.9225301743,80.1470413208,38203,38213,10
12.9225196838,80.1467666626,38213,38223,10
12.922539711,80.1466293335,38223,38233,10
12.9225502014,80.1460037231,38233,38243,10
12.9224996567,80.1450881958,38243,38253,10
12.9224596024,80.1441268921,38253,38263,10
12.9224004745,80.1434326172,38263,38293,30
12.9224004745,80.1434326172,38293,38304,11
12.9223804474,80.1430435181,38304,38314,10
12.922419548,80.1426391602,38314,38324,10
12.9223899841,80.1421279907,38324,38334,10
12.9223499298,80.1415176392,38334,38344,10
12.9223604202,80.141456604,38344,38354,10
12.9223499298,80.1410598755,38354,38364,10
12.9223499298,80.1404800415,38364,38374,10
12.9223403931,80.1398162842,38374,38384,10
12.9223403931,80.1389389038,38384,38394,10
12.9224100113,80.1381607056,38394,38404,10
12.9224395752,80.1373062134,38404,38415,11
12.9224796295,80.1362228394,38415,38425,10
12.9225101471,80.135383606,38425,38435,10
12.9225196838,80.1349029541,38435,38445,10
12.9225797653,80.1341934204,38445,38455,10
12.9226198196,80.1333084106,38455,38465,10
12.9226398468,80.1324691772,38465,38475,10
12.9226799011,80.1315612793,38475,38485,10
12.9227399826,80.130569458,38485,38495,10
12.9227695465,80.129699707,38495,38505,10
12.9228200912,80.1288986206,38505,38516,11
12.9228601456,80.1280517578,38516,38526,10
12.9228801727,80.1273422241,38526,38536,10
12.9229001999,80.1264724731,38536,38546,10
12.9229402542,80.1254806519,38546,38556,10
12.9229698181,80.1243209839,38556,38566,10
12.9230499268,80.1231613159,38566,38576,10
12.9231004715,80.1221237183,38576,38586,10
12.9231395721,80.1212615967,38586,38596,10
12.9231700897,80.1204833984,38596,38627,31
12.9231700897,80.1204833984,38627,38637,10
12.9231996536,80.1203384399,38637,38647,10
12.9232397079,80.1200332642,38647,38657,10
12.9232797623,80.1194000244,38657,38667,10
12.9232797623,80.1186294556,38667,38677,10
12.9233703613,80.1180877686,38677,38687,10
12.9234600067,80.1173629761,38687,38697,10
12.9236297607,80.1168136597,38697,38738,41
12.9236297607,80.1168136597,38738,38748,10
12.9236402512,80.1172103882,38748,38758,10
12.9237203598,80.1177368164,38758,38768,10
12.9235696793,80.1182403564,38768,38778,10
12.923500061,80.1189575195,38778,38788,10
12.9233798981,80.1196365356,38788,38798,10
12.9233503342,80.1203079224,38798,38808,10
12.9233598709,80.1208496094,38808,38980,172
12.9232797623,80.1210632324,38980,39414,434
12.9232797623,80.1210632324,39414,39424,10
12.9232196808,80.1211776733,39424,39434,10
12.923210144,80.1214981079,39434,39444,10
12.9231901169,80.1221466064,39444,39454,10
12.9231796265,80.1229476929,39454,39464,10
12.9231395721,80.1239013672,39464,39474,10
12.9231004715,80.12449646,39474,39485,11
12.9231100082,80.1255722046,39485,39525,40
12.9231100082,80.1255722046,39525,39535,10
12.9230499268,80.1258392334,39535,39545,10
12.9230203629,80.126411438,39545,39555,10
12.9229898453,80.127166748,39555,39565,10
12.9229297638,80.1279067993,39565,39575,10
12.9228897095,80.1286087036,39575,39586,11
12.9228401184,80.1293716431,39586,39596,10
12.9228096008,80.1299972534,39596,39606,10
12.9227895737,80.1307525635,39606,39616,10
12.9228096008,80.1312484741,39616,39626,10
12.9227895737,80.1315383911,39626,39636,10
12.9227800369,80.1321563721,39636,39646,10
12.9227199554,80.1329421997,39646,39656,10
12.922659874,80.1337738037,39656,39666,10
12.9226303101,80.1346664429,39666,39676,10
12.9225902557,80.1354980469,39676,39686,10
12.9225702286,80.1363372803,39686,39697,11
12.922539711,80.13722229,39697,39707,10
12.9224996567,80.1380233765,39707,39717,10
12.9224395752,80.1388778687,39717,39727,10
12.922419548,80.1398086548,39727,39737,10
12.9224500656,80.1406402588,39737,39747,10
12.9224700928,80.1414718628,39747,39757,10
12.9224700928,80.1423187256,39757,39767,10
12.9224996567,80.1428909302,39767,39777,10
12.9225702286,80.1436004639,39777,39797,20
12.9225702286,80.1436004639,39797,39808,11
12.9225502014,80.1437530518,39808,39824,16
12.9225797653,80.1447677612,39824,39836,12
12.9226703644,80.1458969116,39836,39846,10
12.9226903915,80.1469497681,39846,39854,8
12.9226799011,80.1473007202,39854,39867,13
12.922659874,80.1476364136,39867,39877,10
12.9226398468,80.1482772827,39877,39887,10
12.9226799011,80.1493225098,39887,39897,10
12.9226999283,80.1503219604,39897,39907,10
12.9227399826,80.1512832642,39907,39918,11
12.9227895737,80.15209198,39918,39928,10
12.9229898453,80.1530609131,39928,39938,10
12.9232702255,80.1541290283,39938,39948,10
12.9234399796,80.1546630859,39948,39958,10
12.9234695435,80.1546936035,39958,39968,10
12.9235696793,80.1552200317,39968,39978,10
12.923740387,80.1561508179,39978,39988,10
12.9236297607,80.1573562622,39988,39998,10
12.9235200882,80.1587295532,39998,40008,10
12.9233798981,80.1600494385,40008,40019,11
12.9233198166,80.1603775024,40019,40029,10
12.9231595993,80.1608123779,40029,40039,10
12.9228801727,80.1616134644,40039,40049,10
12.922539711,80.1626815796,40049,40059,10
12.9221897125,80.1637802124,40059,40069,10
12.9217996597,80.164932251,40069,40079,10
12.9214496613,80.1660995483,40079,40089,10
12.9210596085,80.1672821045,40089,40099,10
12.9206800461,80.1684417725,40099,40109,10
12.9202899933,80.1696929932,40109,40119,10
12.9199800491,80.1707687378,40119,40129,10
12.9199199677,80.1710205078,40129,40140,11
12.9198799133,80.1711120605,40140,40150,10
12.9197301865,80.1715774536,40150,40160,10
12.919500351,80.1723632813,40160,40170,10
12.9192399979,80.1733779907,40170,40180,10
12.9189996719,80.174331665,40180,40190,10
12.9186697006,80.1757125854,40190,40200,10
12.9184703827,80.1766891479,40200,40210,10
12.9184303284,80.1780166626,40210,40220,10
12.9191598892,80.1791610718,40220,40231,11
12.9195804596,80.1805725098,40231,40241,10
12.9198799133,80.1819000244,40241,40251,10
12.9201602936,80.1830978394,40251,40261,10
12.9202699661,80.1834869385,40261,40271,10
12.9202804565,80.1835784912,40271,40281,10
12.920419693,80.1839599609,40281,40291,10
12.9206800461,80.1838989258,40291,40301,10
12.921210289,80.1836929321,40301,40311,10
12.9217395782,80.1834564209,40311,40321,10
12.9223604202,80.1832275391,40321,40331,10
12.9231395721,80.1830368042,40331,40342,11
12.9240503311,80.1828918457,40342,40352,10
12.9250297546,80.1827087402,40352,40362,10
12.926030159,80.1825637817,40362,40372,10
12.9270200729,80.1823272705,40372,40382,10
12.9280796051,80.1821136475,40382,40392,10
12.9291601181,80.1818466187,40392,40402,10
12.9301996231,80.1815795898,40402,40412,10
12.931189537,80.1814804077,40412,40422,10
12.9314899445,80.1815109253,40422,40432,10
12.9315595627,80.1815414429,40432,40442,10
12.9320402145,80.1816101074,40442,40453,11
12.9329795837,80.1817932129,40453,40463,10
12.9338998795,80.1820373535,40463,40473,10
12.9348602295,80.1822814941,40473,40483,10
12.9357204437,80.1823272705,40483,40493,10
12.9365797043,80.182220459,40493,40503,10
12.9373703003,80.1821975708,40503,40513,10
12.938079834,80.182220459,40513,40523,10
12.9388999939,80.1823120117,40523,40543,20
12.9388999939,80.1823120117,40543,40554,11
12.9392004013,80.1824035645,40554,40564,10
12.939450264,80.1825027466,40564,40574,10
12.9395799637,80.1825485229,40574,40584,10
12.9400501251,80.1826400757,40584,40594,10
12.9406299591,80.1826705933,40594,40604,10
12.9413204193,80.1827011108,40604,40614,10
12.9420795441,80.1827926636,40614,40624,10
12.942899704,80.1828765869,40624,40634,10
12.9437303543,80.1829223633,40634,40644,10
12.944439888,80.1829376221,40644,40654,10
12.944560051,80.1829376221,40654,40665,11
12.9447803497,80.1829376221,40665,40675,10
12.9451398849,80.1829833984,40675,40685,10
12.9457397461,80.1831512451,40685,40695,10
12.946390152,80.1836700439,40695,40705,10
12.9471197128,80.1842575073,40705,40715,10
12.9478902817,80.1848068237,40715,40725,10
12.9486703873,80.1850585938,40725,40766,41
12.9486703873,80.1850585938,40766,40776,10
12.9488401413,80.1851577759,40776,40786,10
12.9492197037,80.1852798462,40786,40796,10
12.9498100281,80.1854629517,40796,40806,10
12.9503698349,80.1856536865,40806,40816,10
12.9510402679,80.1858596802,40816,40826,10
12.9517698288,80.186088562,40826,40836,10
12.9526596069,80.186340332,40836,40846,10
12.9535799026,80.1864929199,40846,40856,10
12.95429039,80.1865921021,40856,40866,10
12.954870224,80.186668396,40866,40877,11
12.9554395676,80.1867599487,40877,40887,10
12.9556903839,80.1868209839,40887,40897,10
12.9560804367,80.1868667603,40897,40907,10
12.9561195374,80.186882019,40907,40917,10
12.9561796188,80.186882019,40917,40927,10
12.9565095901,80.1868972778,40927,40937,10
12.9570999146,80.1869430542,40937,40947,10
12.9577198029,80.1869277954,40947,40957,10
12.9584703445,80.1869430542,40957,40967,10
12.9591398239,80.1869735718,40967,40977,10
12.9598398209,80.1870269775,40977,40988,11
12.9603996277,80.1870803833,40988,40998,10
12.9609203339,80.1871566772,40998,41008,10
12.9614601135,80.1872406006,41008,41018,10
12.961520195,80.1872634888,41018,41028,10
12.9617204666,80.1873016357,41028,41038,10
12.9621601105,80.1873626709,41038,41048,10
12.9625997543,80.1873397827,41048,41058,10
12.9631500244,80.187461853,41058,41068,10
12.963640213,80.187538147,41068,41078,10
12.964220047,80.1878204346,41078,41089,11
12.9649400711,80.1881332397,41089,41109,20
12.9649400711,80.1881332397,41109,41119,10
12.9653396606,80.1882476807,41119,41129,10
12.9654397964,80.1882781982,41129,41139,10
12.9656801224,80.1883773804,41139,41149,10
12.9660596848,80.1884765625,41149,41159,10
12.966629982,80.1887130737,41159,41169,10
12.96737957,80.1890716553,41169,41179,10
12.9682598114,80.1894836426,41179,41210,31
12.9682598114,80.1894836426,41210,41220,10
12.9687299728,80.1896972656,41220,41230,10
12.9689598083,80.1897964478,41230,41240,10
12.9692201614,80.1899414063,41240,41250,10
12.9696302414,80.1901016235,41250,41260,10
12.970000267,80.1902618408,41260,41270,10
12.9702396393,80.1903915405,41270,41280,10
12.9704999924,80.1905136108,41280,41290,10
12.9709100723,80.1906204224,41290,41300,10
12.9712495804,80.1907196045,41300,41311,11
12.9718103409,80.1910400391,41311,41321,10
12.9725198746,80.1913299561,41321,41341,20
12.9725198746,80.1913299561,41341,41357,16
12.9728899002,80.1915588379,41357,41369,12
12.9733104706,80.1915969849,41369,41379,10
12.97356987,80.1915435791,41379,41389,10
12.973859787,80.1914901733,41389,41399,10
12.97453022,80.1917572021,41399,41409,10
12.9756803513,80.1926193237,41409,41420,11
12.9763898849,80.1931991577,41420,41430,10
12.9768400192,80.1934814453,41430,41440,10
12.9773197174,80.1936798096,41440,41449,9
12.9776096344,80.1937484741,41449,41460,11
12.9780902863,80.1938323975,41460,41470,10
12.9781799316,80.1938476563,41470,41480,10
12.9785404205,80.1939620972,41480,41490,10
12.9789495468,80.1941299438,41490,41500,10
12.9795398712,80.194519043,41500,41510,10
12.980099678,80.1948471069,41510,41521,11
12.9809703827,80.1952667236,41521,41541,20
12.9809703827,80.1952667236,41541,41551,10
12.9813604355,80.1955184937,41551,41561,10
12.9818201065,80.1957702637,41561,41571,10
12.9821596146,80.195930481,41571,41581,10
12.9825801849,80.1961212158,41581,41591,10
12.9828901291,80.1962509155,41591,41601,10
12.9833498001,80.1960601807,41601,41611,10
12.9840898514,80.195930481,41611,41621,10
12.9850502014,80.1959533691,41621,41632,11
12.9861097336,80.1958770752,41632,41642,10
12.9871397018,80.195602417,41642,41652,10
12.9880599976,80.1953964233,41652,41662,10
12.9890403748,80.1953811646,41662,41672,10
12.9899702072,80.1953964233,41672,41682,10
12.9906702042,80.195098877,41682,41692,10
12.9911203384,80.194519043,41692,41722,30
12.9911203384,80.194519043,41722,41733,11
12.9913301468,80.194229126,41733,41743,10
12.9917402267,80.1936416626,41743,41753,10
12.9925203323,80.193359375,41753,41763,10
12.9935102463,80.193359375,41763,41773,10
12.9944801331,80.1933364868,41773,41783,10
12.995349884,80.1932983398,41783,41793,10
12.9962100983,80.1932830811,41793,41803,10
12.9965896606,80.1932601929,41803,41813,10
12.9967298508,80.1932525635,41813,41823,10
12.9967498779,80.1929168701,41823,41833,10
12.9966096878,80.1922302246,41833,41844,11
12.9963598251,80.1913833618,41844,41854,10
12.996219635,80.1909332275,41854,41863,9
12.9961204529,80.1906814575,41863,42197,334
12.9961204529,80.1906814575,42197,42207,10
12.9960603714,80.1904830933,42207,42217,10
12.9960403442,80.1903533936,42217,42227,10
12.9960403442,80.1903381348,42227,42237,10
12.9959802628,80.1900634766,42237,42247,10
12.9959697723,80.1900405884,42247,42257,10
12.9959497452,80.1899871826,42257,42267,10
12.9959201813,80.1894302368,42267,42328,61
12.9959201813,80.1894302368,42328,42338,10
12.9960203171,80.1892700195,42338,42348,10
12.9963302612,80.1895217896,42348,42358,10
12.9968299866,80.1901168823,42358,42368,10
12.9974498749,80.1908798218,42368,42379,11
12.9982204437,80.1918334961,42379,42389,10
12.9989299774,80.192741394,42389,42399,10
12.9995603561,80.1935272217,42399,42409,10
13.0001001358,80.1941833496,42409,42419,10
13.0007200241,80.1949996948,42419,42429,10
13.0012903214,80.1957168579,42429,42439,10
13.0017404556,80.1963195801,42439,42449,10
13.0020303726,80.197517395,42449,42459,10
13.0018997192,80.1984405518,42459,42469,10
13.0017995834,80.1992034912,42469,42479,10
13.0019102097,80.1999511719,42479,42490,11
13.0027599335,80.2005996704,42490,42500,10
13.0034599304,80.2007217407,42500,42520,20
13.0034599304,80.2007217407,42520,42530,10
13.0039100647,80.200958252,42530,42540,10
13.004650116,80.2012023926,42540,42550,10
13.005490303,80.2017364502,42550,42560,10
13.0060300827,80.2026824951,42560,42570,10
13.0068702698,80.2034225464,42570,42580,10
13.0077896118,80.2036819458,42580,42590,10
13.0084400177,80.2031936646,42590,42601,11
13.0075702667,80.2031173706,42601,42611,10
13.0076503754,80.2042388916,42611,42621,10
13.0076398849,80.2053985596,42621,42631,10
13.0077896118,80.2066192627,42631,42647,16
13.0078897476,80.2083206177,42647,42659,12
13.0082397461,80.2096405029,42659,42669,10
13.008600235,80.2104034424,42669,42679,10
13.0091600418,80.2107696533,42679,42710,31
13.0091600418,80.2107696533,42710,42720,10
13.0093603134,80.2110137939,42720,42750,30
13.0093603134,80.2110137939,42750,42760,10
13.0093202591,80.2111587524,42760,42770,10
13.0091199875,80.2113800049,42770,42780,10
13.0090398788,80.2116928101,42780,42790,10
13.0092000961,80.2122421265,42790,42800,10
13.0094003677,80.2128601074,42800,42811,11
13.0097198486,80.2136306763,42811,42820,9
13.0099496841,80.2142105103,42820,42831,11
13.0101699829,80.2150726318,42831,42841,10
13.0103502274,80.2158966064,42841,42851,10
13.0107603073,80.2168197632,42851,42861,10
13.0112199783,80.2177581787,42861,42871,10
13.0114803314,80.2186431885,42871,42881,10
13.0115995407,80.2195129395,42881,42891,10
13.0122003555,80.2209320068,42891,42901,10
13.0127000809,80.2217483521,42901,42911,10
13.0132799149,80.2224273682,42911,42922,11
13.0138301849,80.2230911255,42922,42932,10
13.0140104294,80.2233200073,42932,42942,10
13.014169693,80.2236099243,42942,42952,10
13.0143899918,80.223739624,42952,42962,10
13.014749527,80.2241973877,42962,42972,10
13.0149497986,80.2244262695,42972,42982,10
13.0154304504,80.2247772217,42982,42992,10
13.0155000687,80.224861145,42992,43002,10
13.0156297684,80.2250518799,43002,43012,10
13.0161600113,80.2252883911,43012,43022,10
13.0169897079,80.225112915,43022,43033,11
13.0180397034,80.2246932983,43033,43043,10
13.0189695358,80.224357605,43043,43053,10
13.0196504593,80.2244567871,43053,43063,10
13.0200395584,80.2246780396,43063,43073,10
13.0204401016,80.2249832153,43073,43083,10
13.0207004547,80.2251968384,43083,43093,10
13.020939827,80.2253799438,43093,43103,10
13.0212497711,80.2256698608,43103,43113,10
13.0219697952,80.2261428833,43113,43134,21
13.0219697952,80.2261428833,43134,43144,10
13.0222902298,80.2264175415,43144,43154,10
13.0226297379,80.2266998291,43154,43164,10
13.023150444,80.227180481,43164,43174,10
13.0236797333,80.2276611328,43174,43184,10
13.0241003036,80.2280426025,43184,43194,10
13.0243797302,80.2284164429,43194,43204,10
13.024600029,80.2287521362,43204,43214,10
13.0248804092,80.2291564941,43214,43224,10
13.0252399445,80.229637146,43224,43234,10
13.0256204605,80.23021698,43234,43245,11
13.0258398056,80.2305984497,43245,43255,10
13.0259504318,80.2307891846,43255,43265,10
13.025970459,80.2310562134,43265,43275,10
13.0261001587,80.2312774658,43275,43285,10
13.0265703201,80.2312088013,43285,43295,10
13.0272197723,80.2310409546,43295,43305,10
13.0277700424,80.23097229,43305,43315,10
13.0280399323,80.2309265137,43315,43325,10
13.0283203125,80.2309188843,43325,43346,21
13.0283203125,80.2309188843,43346,43356,10
13.0285701752,80.2309188843,43356,43366,10
13.028840065,80.2309188843,43366,43376,10
13.0291595459,80.2309036255,43376,43416,40
13.0291595459,80.2309036255,43416,43426,10
13.0293397903,80.2308807373,43426,43436,10
13.029540062,80.2308425903,43436,43446,10
13.0301504135,80.230758667,43446,43495,49
13.0301504135,80.230758667,43495,43505,10
13.030579567,80.2307434082,43505,43545,40
13.030579567,80.2307434082,43545,43555,10
13.0308198929,80.2307434082,43555,43566,11
13.0313301086,80.2306900024,43566,43576,10
13.031920433,80.2306213379,43576,43586,10
13.0325603485,80.2305603027,43586,43596,10
13.0332603455,80.2305221558,43596,43606,10
13.0337400436,80.2304763794,43606,43615,9
13.0342197418,80.2304229736,43615,43626,11
13.0345697403,80.2303924561,43626,43656,30
13.0345697403,80.2303924561,43656,43666,10
13.0346603394,80.2303466797,43666,43677,11
13.0348901749,80.2302932739,43677,43687,10
13.0349798203,80.23021698,43687,43697,10
13.0349903107,80.2302017212,43697,43707,10
13.0347795486,80.2299575806,43707,44010,303
13.0344295502,80.2299118042,44010,44524,514
13.0341396332,80.230140686,44524,44575,51
13.0341396332,80.230140686,44575,44585,10
13.0340900421,80.2304229736,44585,44595,10
13.0340499878,80.2304382324,44595,44605,10
13.0338001251,80.2304534912,44605,44615,10
13.033490181,80.2304916382,44615,44625,10
13.032910347,80.2305297852,44625,44636,11
13.0321998596,80.2306289673,44636,44646,10
13.0315599442,80.230682373,44646,44676,30
13.0312004089,80.23072052,44676,44716,40
13.0312004089,80.23072052,44716,44726,10
13.0309000015,80.2307434082,44726,44736,10
13.0304002762,80.2307662964,44736,44747,11
13.0298595428,80.2308425903,44747,44756,9
13.0298595428,80.2308502197,44756,44767,11
13.0292196274,80.2308807373,44767,44777,10
13.0284700394,80.2309036255,44777,44787,10
13.0278396606,80.2309494019,44787,44797,10
13.0276498795,80.2311401367,44797,44807,10
13.0276498795,80.2315826416,44807,44817,10
13.0276603699,80.2320022583,44817,44827,10
13.027759552,80.2325592041,44827,44837,10
13.027680397,80.2328262329,44837,44847,10
13.0272302628,80.2329177856,44847,44868,21
13.0272302628,80.2329177856,44868,44878,10
13.0270004272,80.2329330444,44878,44888,10
13.0268802643,80.2329177856,44888,44898,10
13.0264997482,80.232963562,44898,44908,10
13.0263299942,80.2326278687,44908,44918,10
13.0262098312,80.2322006226,44918,44928,10
13.0261201859,80.2317276001,44928,44938,10
13.0259799957,80.2312164307,44938,44948,10
13.0256900787,80.2305221558,44948,44959,11
13.0251302719,80.2296905518,44959,44969,10
13.0247097015,80.2291564941,44969,44979,10
13.024479866,80.2288589478,44979,44989,10
13.0243501663,80.2287063599,44989,44999,10
13.0242900848,80.2286376953,44999,45009,10
13.0240001678,80.2282409668,45009,45019,10
13.0234899521,80.2276306152,45019,45029,10
13.0234098434,80.2275619507,45029,45039,10
13.0230503082,80.2273406982,45039,45070,31
13.0230503082,80.2273406982,45070,45080,10
13.0228004456,80.2272033691,45080,45090,10
13.0226297379,80.2269821167,45090,45100,10
13.0222997665,80.2266387939,45100,45110,10
13.0218200684,80.2262420654,45110,45120,10
13.0212697983,80.2257614136,45120,45130,10
13.0206003189,80.2253112793,45130,45140,10
13.0200996399,80.2249526978,45140,45150,10
13.0198898315,80.2247924805,45150,45160,10
13.0194396973,80.2245635986,45160,45171,11
13.0186004639,80.2246017456,45171,45181,10
13.0177202225,80.2249832153,45181,45191,10
13.0168199539,80.2253570557,45191,45201,10
13.0163002014,80.2255325317,45201,45211,10
13.0157003403,80.2257385254,45211,45221,10
13.015130043,80.2259902954,45221,45231,10
13.0145196915,80.2262191772,45231,45241,10
13.0142402649,80.2263183594,45241,45251,10
13.0138196945,80.2264785767,45251,45261,10
13.0132398605,80.2266616821,45261,45271,10
13.0125703812,80.2269363403,45271,45282,11
13.0116796494,80.2272415161,45282,45292,10
13.0108604431,80.2275466919,45292,45302,10
13.0100002289,80.2278366089,45302,45312,10
13.0095100403,80.2277526855,45312,45322,10
13.0095996857,80.2273635864,45322,45332,10
13.0098896027,80.2267837524,45332,45342,10
13.010140419,80.2262268066,45342,45352,10
13.0102996826,80.2258911133,45352,45362,10
13.0103998184,80.225692749,45362,45372,10
13.0105400085,80.2253112793,45372,45382,10
13.0106801987,80.2249603271,45382,45393,11
13.0107803345,80.2245178223,45393,45403,10
13.0108499527,80.2241973877,45403,45413,10
13.0109796524,80.223739624,45413,45423,10
13.0111703873,80.2232284546,45423,45433,10
13.0114297867,80.2226791382,45433,45443,10
13.0115995407,80.2220993042,45443,45453,10
13.0118198395,80.221786499,45453,45463,10
13.0119895935,80.2215805054,45463,45473,10
13.0121097565,80.2212295532,45473,45483,10
13.0120897293,80.2208709717,45483,45494,11
13.0118703842,80.2201004028,45494,45504,10
13.0116100311,80.2192611694,45504,45514,10
13.0113897324,80.2185821533,45514,45524,10
13.0111198425,80.217880249,45524,45534,10
13.0108003616,80.2171630859,45534,45544,10
13.0104398727,80.2163619995,45544,45554,10
13.0100603104,80.2156982422,45554,45564,10
13.0096797943,80.2149734497,45564,45574,10
13.0092096329,80.2143707275,45574,45584,10
13.0086803436,80.2136688232,45584,45594,10
13.0081996918,80.2133407593,45594,45615,21
13.0081996918,80.2133407593,45615,45625,10
13.0079603195,80.2132034302,45625,45635,10
13.0079402924,80.2131881714,45635,45645,10
13.0077800751,80.2130889893,45645,45655,10
13.0073604584,80.2128601074,45655,45665,10
13.0066995621,80.2127685547,45665,45675,10
13.0060596466,80.2129592896,45675,45685,10
13.0054101944,80.2127075195,45685,45695,10
13.0047998428,80.2123413086,45695,45706,11
13.003950119,80.2120895386,45706,45716,10
13.0037498474,80.2114715576,45716,45726,10
13.0036802292,80.2106170654,45726,45736,10
13.0035600662,80.2097320557,45736,45746,10
13.0037002563,80.2088470459,45746,45756,10
13.0043897629,80.2087783813,45756,45766,10
13.0052604675,80.2091827393,45766,45776,10
13.0060100555,80.2094573975,45776,45786,10
13.0064001083,80.2095794678,45786,45796,10
13.0068397522,80.2097091675,45796,45806,10
13.0071201324,80.2097702026,45806,45817,11
13.0075902939,80.2098464966,45817,45827,10
13.0079202652,80.2099380493,45827,45837,10
13.0081596375,80.2096710205,45837,45847,10
13.0079803467,80.2089080811,45847,45857,10
13.0078201294,80.2078170776,45857,45867,10
13.0076503754,80.2066192627,45867,45877,10
13.0074596405,80.2057189941,45877,45887,10
13.0071697235,80.2049407959,45887,45897,10
13.0068397522,80.2042922974,45897,45907,10
13.0064296722,80.2035827637,45907,45917,10
13.0060796738,80.2031097412,45917,45928,11
13.0058803558,80.2026977539,45928,45938,10
13.0056400299,80.2022781372,45938,45948,10
13.0050296783,80.2016372681,45948,45958,10
13.004119873,80.2012176514,45958,45978,20
13.004119873,80.2012176514,45978,45988,10
13.003950119,80.2010726929,45988,45998,10
13.0038900375,80.2010498047,45998,46008,10
13.0035600662,80.2009506226,46008,46018,10
13.0030002594,80.2007980347,46018,46028,10
13.0022802353,80.2004776001,46028,46039,11
13.0017595291,80.1997909546,46039,46049,10
13.0017004013,80.1989974976,46049,46059,10
13.001830101,80.198097229,46059,46069,10
13.0018997192,80.1971511841,46069,46079,10
13.0015096664,80.1962585449,46079,46089,10
13.0009202957,80.1954574585,46089,46099,10
13.0003795624,80.1947402954,46099,46109,10
12.9994697571,80.1936187744,46109,46119,10
12.9990596771,80.1930999756,46119,46129,10
12.9988002777,80.192817688,46129,46140,11
12.998459816,80.1923980713,46140,46150,10
12.9980697632,80.1925430298,46150,46160,10
12.9974803925,80.1929779053,46160,46170,10
12.9970302582,80.1933135986,46170,46180,10
12.9967098236,80.1934127808,46180,46190,10
12.9962301254,80.1933898926,46190,46200,10
12.9954595566,80.193397522,46200,46210,10
12.9945402145,80.1934280396,46210,46220,10
12.993519783,80.1934585571,46220,46230,10
12.9924402237,80.1934585571,46230,46240,10
12.9916496277,80.1938323975,46240,46251,11
12.9913196564,80.1943664551,46251,46261,10
12.9911403656,80.1947402954,46261,46271,10
12.9911203384,80.1948013306,46271,46281,10
12.9910402298,80.1949386597,46281,46291,10
12.9905796051,80.1953811646,46291,46301,10
12.9897003174,80.1955490112,46301,46311,10
12.9886798859,80.1955108643,46311,46321,10
12.9876203537,80.1955337524,46321,46331,10
12.9865703583,80.1959075928,46331,46341,10
12.9853601456,80.1961669922,46341,46351,10
12.9841299057,80.1961898804,46351,46362,11
12.9832601547,80.1964187622,46362,46372,10
12.9828996658,80.1965637207,46372,46382,10
12.9823799133,80.1969985962,46382,46392,10
12.9820995331,80.1970825195,46392,46402,10
12.9820995331,80.1970214844,46402,46412,10
12.982170105,80.1969070435,46412,46422,10
12.9824895859,80.196647644,46422,46432,10
12.9828195572,80.1963729858,46432,46442,10
12.9823904037,80.1960983276,46442,46452,10
12.9817495346,80.1958236694,46452,46463,11
12.9816102982,80.1957473755,46463,46473,10
12.9814596176,80.1956787109,46473,46483,10
12.981010437,80.1954498291,46483,46493,10
12.9804296494,80.1951980591,46493,46503,10
12.9797801971,80.19480896,46503,46513,10
12.9791097641,80.1943283081,46513,46523,10
12.9783496857,80.1939926147,46523,46533,10
12.9777698517,80.1938705444,46533,46543,10
12.9776496887,80.1938705444,46543,46553,10
12.9775495529,80.193862915,46553,46563,10
12.9771203995,80.1937179565,46563,46574,11
12.9765100479,80.193359375,46574,46584,10
12.9761400223,80.193069458,46584,46594,10
12.9755601883,80.1926803589,46594,46604,10
12.9749002457,80.1923980713,46604,46614,10
12.9744701385,80.192237854,46614,46624,10
12.9739999771,80.1920623779,46624,46634,10
12.9735298157,80.1918563843,46634,46644,10
12.9732303619,80.1917114258,46644,46654,10
12.972820282,80.1915435791,46654,46664,10
12.9722204208,80.1913375854,46664,46685,21
12.9722204208,80.1913375854,46685,46695,10
12.9718198776,80.1911621094,46695,46705,10
12.9713602066,80.1909713745,46705,46715,10
12.9710903168,80.1908569336,46715,46725,10
12.9704999924,80.1905975342,46725,46735,10
12.9699201584,80.1903533936,46735,46745,10
12.9694404602,80.1901092529,46745,46755,10
12.9689598083,80.1899032593,46755,46765,10
12.9684000015,80.189666748,46765,46775,10
12.9680995941,80.1895217896,46775,46786,11
12.9679803848,80.1894378662,46786,46796,10
12.9674701691,80.1892623901,46796,46806,10
12.9667196274,80.1889724731,46806,46816,10
12.9660396576,80.1886978149,46816,46826,10
12.9654302597,80.1884918213,46826,46836,10
12.9650802612,80.1883163452,46836,46846,10
12.9648399353,80.1882095337,46846,46855,9
12.9647197723,80.1881408691,46855,46866,11
12.9641199112,80.1879806519,46866,46876,10
12.9634399414,80.1878128052,46876,46886,10
12.9628801346,80.1876525879,46886,46897,11
12.9622297287,80.1875228882,46897,46907,10
12.9616298676,80.1874084473,46907,46917,10
12.9610395432,80.1873016357,46917,46927,10
12.9607496262,80.18724823,46927,46937,10
12.9606399536,80.1872177124,46937,46947,10
12.9603796005,80.1871795654,46947,46957,10
12.9601097107,80.1871414185,46957,46967,10
12.9594898224,80.1870727539,46967,46977,10
12.9587898254,80.1870193481,46977,46987,10
12.9582004547,80.1870193481,46987,46998,11
12.957449913,80.1870193481,46998,47008,10
12.956870079,80.1870193481,47008,47018,10
12.9561796188,80.1869812012,47018,47027,9
12.9557600021,80.1869277954,47027,47048,21
12.9557600021,80.1869277954,47048,47058,10
12.9554796219,80.186882019,47058,47068,10
12.9550895691,80.1868362427,47068,47078,10
12.9545898438,80.1867675781,47078,47088,10
12.9538803101,80.186668396,47088,47098,10
12.9529800415,80.1865386963,47098,47109,11
12.9519395828,80.1862716675,47109,47119,10
12.950969696,80.1859588623,47119,47129,10
12.9500303268,80.1856307983,47129,47139,10
12.9493703842,80.1854095459,47139,47209,70
12.9493703842,80.1854095459,47209,47220,11
12.9491300583,80.185333252,47220,47230,10
12.948800087,80.1852111816,47230,47240,10
12.9484300613,80.1851196289,47240,47250,10
12.9479103088,80.1848831177,47250,47260,10
12.9474000931,80.1845397949,47260,47270,10
12.9468002319,80.1840667725,47270,47280,10
12.9461698532,80.18359375,47280,47290,10
12.9457702637,80.1832885742,47290,47300,10
12.9453296661,80.1831207275,47300,47310,10
12.944729805,80.1830825806,47310,47321,11
12.9445800781,80.1830673218,47321,47331,10
12.9442501068,80.1830596924,47331,47341,10
12.9436397552,80.1830062866,47341,47351,10
12.9429502487,80.1829605103,47351,47361,10
12.9421701431,80.1828994751,47361,47371,10
12.9414796829,80.1828079224,47371,47381,10
12.9407100677,80.1827774048,47381,47391,10
12.940079689,80.1827316284,47391,47401,10
12.9395399094,80.1826171875,47401,47442,41
12.9395399094,80.1826171875,47442,47452,10
12.9393997192,80.1825408936,47452,47462,10
12.9390296936,80.1824417114,47462,47472,10
12.9386396408,80.1823425293,47472,47482,10
12.9379501343,80.1822967529,47482,47492,10
12.9372901917,80.182258606,47492,47502,10
12.9366998672,80.1822814941,47502,47512,10
12.935959816,80.1823501587,47512,47522,10
12.9352197647,80.1823883057,47522,47532,10
12.9344797134,80.1822433472,47532,47543,11
12.9333400726,80.1819763184,47543,47553,10
12.9324903488,80.1818008423,47553,47563,10
12.931019783,80.181602478,47563,47593,30
12.931019783,80.181602478,47593,47603,10
12.9309797287,80.1816177368,47603,47613,10
12.9304704666,80.1816101074,47613,47623,10
12.9297199249,80.1817703247,47623,47633,10
12.9287900925,80.1819992065,47633,47643,10
12.9277496338,80.1822433472,47643,47654,11
12.9265403748,80.1824874878,47654,47664,10
12.9255104065,80.1826705933,47664,47674,10
12.9246902466,80.182800293,47674,47684,10
12.9238996506,80.1829528809,47684,47694,10
12.92304039,80.1830673218,47694,47704,10
12.9221200943,80.1833114624,47704,47714,10
12.921330452,80.1836471558,47714,47724,10
12.9205703735,80.1839599609,47724,47775,51
12.9205703735,80.1839599609,47775,47785,10
12.9203596115,80.1840209961,47785,47795,10
12.9201602936,80.1835632324,47795,47805,10
12.9199304581,80.1826171875,47805,47825,20
12.9199304581,80.1826171875,47825,47835,10
12.9198799133,80.1823806763,47835,47845,10
12.9197301865,80.1817474365,47845,47855,10
12.9195299149,80.1808929443,47855,47866,11
12.9193401337,80.1798629761,47866,47876,10
12.9188604355,80.1789169312,47876,47886,10
12.9182901382,80.1780929565,47886,47896,10
12.9183397293,80.1769332886,47896,47906,10
12.9185600281,80.1758422852,47906,47916,10
12.9188299179,80.1746902466,47916,47926,10
12.9191398621,80.1734390259,47926,47936,10
12.9194498062,80.1722183228,47936,47946,10
12.9198102951,80.1709365845,47946,47977,31
12.9198102951,80.1709365845,47977,47993,16
12.9201602936,80.1699981689,47993,48006,13
12.9205598831,80.1686172485,48006,48016,10
12.9209499359,80.1673812866,48016,48026,10
12.9213399887,80.1661834717,48026,48036,10
12.9217395782,80.1649017334,48036,48046,10
12.9221601486,80.1635665894,48046,48056,10
12.9225301743,80.1624069214,48056,48066,10
12.9229001999,80.1612167358,48066,48076,10
12.923119545,80.1604614258,48076,48087,11
12.9231395721,80.1603927612,48087,48097,10
12.9232196808,80.1601028442,48097,48107,10
12.9233398438,80.1593170166,48107,48117,10
12.9234399796,80.158241272,48117,48127,10
12.9235696793,80.157043457,48127,48137,10
12.9236402512,80.1559829712,48137,48147,10
12.9234399796,80.1551589966,48147,48157,10
12.9233703613,80.1549987793,48157,48167,10
12.9232797623,80.1546783447,48167,48177,10
12.9231595993,80.1540603638,48177,48187,10
12.9229402542,80.1531982422,48187,48198,11
12.9226903915,80.1521530151,48198,48208,10
12.9226303101,80.1511688232,48208,48218,10
12.9226198196,80.150062561,48218,48228,10
12.9225597382,80.1488494873,48228,48238,10
12.9225597382,80.1476974487,48238,48248,10
12.9225702286,80.1468963623,48248,48258,10
12.9225597382,80.1461181641,48258,48268,10
12.9225196838,80.1450881958,48268,48278,10
12.9225101471,80.1439666748,48278,48288,10
12.9223804474,80.1433563232,48288,48299,11
12.9223804474,80.1432876587,48299,48309,10
12.9223804474,80.1431427002,48309,48319,10
12.9224004745,80.1428604126,48319,48329,10
12.9224100113,80.1425323486,48329,48339,10
12.9223899841,80.1419906616,48339,48349,10
12.9223499298,80.1413574219,48349,48359,10
12.9223604202,80.1412200928,48359,48369,10
12.922369957,80.1407318115,48369,48379,10
12.9223604202,80.1399002075,48379,48389,10
12.9223003387,80.1389083862,48389,48399,10
12.9223499298,80.1382904053,48399,48410,11
12.9223804474,80.1380462646,48410,48420,10
12.9224500656,80.1373519897,48420,48430,10
12.9225101471,80.1362915039,48430,48440,10
12.9225502014,80.1350402832,48440,48450,10
12.9226398468,80.1337509155,48450,48460,10
12.9226903915,80.132598877,48460,48470,10
12.9227199554,80.1314697266,48470,48480,10
12.9227199554,80.1309432983,48480,48490,10
12.9227104187,80.1309280396,48490,48500,10
12.9227399826,80.1306228638,48500,48511,11
12.9228000641,80.1298294067,48511,48521,10
12.9228401184,80.1289825439,48521,48531,10
12.9228401184,80.1282730103,48531,48541,10
12.9228496552,80.1274337769,48541,48551,10
12.9228897095,80.126411438,48551,48561,10
12.9229402542,80.1252670288,48561,48571,10
12.9230003357,80.1240615845,48571,48581,10
12.9230604172,80.1228637695,48581,48591,10
12.923119545,80.1216812134,48591,48601,10
12.9231700897,80.1206817627,48601,48632,31
12.9231700897,80.1206817627,48632,48642,10
12.9231901169,80.1205673218,48642,48652,10
12.9232196808,80.1203613281,48652,48662,10
12.9232397079,80.1199264526,48662,48672,10
12.9232702255,80.1192703247,48672,48682,10
12.9232597351,80.118598938,48682,48692,10
12.9233703613,80.117980957,48692,48702,10
12.9234304428,80.1173782349,48702,48712,10
12.9234304428,80.1169509888,48712,48743,31
12.9234304428,80.1169509888,48743,48753,10
12.9234399796,80.1168365479,48753,48763,10
12.9236001968,80.1168136597,48763,48783,20
12.9236001968,80.1168136597,48783,48793,10
12.9235200882,80.1171722412,48793,48872,79
12.9235200882,80.1171722412,48872,48882,10
12.9234304428,80.1173400879,48882,49952,1070
12.9234304428,80.1173400879,49952,49962,10
12.9235401154,80.1175308228,49962,49972,10
12.9235801697,80.1178436279,49972,49982,10
12.9234800339,80.118347168,49982,49992,10
12.92345047,80.1190185547,49992,50002,10
12.9233703613,80.1197128296,50002,50012,10
12.9233598709,80.1202011108,50012,50022,10
12.9233703613,80.1204986572,50022,50033,11
12.9232997894,80.1209411621,50033,50093,60
12.9232997894,80.1209411621,50093,50103,10
12.9232301712,80.1213607788,50103,50119,16
12.9231700897,80.122543335,50119,50131,12
12.923119545,80.1237869263,50131,50142,11
12.9231004715,80.1248703003,50142,50152,10
12.9230604172,80.1256484985,50152,50162,10
12.9230003357,80.1262817383,50162,50172,10
12.9229803085,80.1270675659,50172,50182,10
12.922949791,80.1276702881,50182,50192,10
12.9229001999,80.1284637451,50192,50202,10
12.9228401184,80.1290969849,50202,50212,10
12.9228096008,80.129699707,50212,50222,10
12.9227695465,80.130531311,50222,50232,10
12.9228096008,80.131072998,50232,50243,11
12.9228096008,80.1312026978,50243,50253,10
12.9227800369,80.1316680908,50253,50263,10
12.9227600098,80.13230896,50263,50273,10
12.922750473,80.1326065063,50273,50283,10
12.9227104187,80.1332397461,50283,50293,10
12.922659874,80.1341171265,50293,50303,10
12.9226198196,80.1351165771,50303,50313,10
12.922539711,80.1360473633,50313,50323,10
12.9224996567,80.1368713379,50323,50333,10
12.9224500656,80.1379013062,50333,50343,10
12.9224004745,80.1387023926,50343,50354,11
12.9223804474,80.1396789551,50354,50363,9
12.9224100113,80.1404495239,50363,50374,11
12.9224300385,80.1415100098,50374,50384,10
12.9224596024,80.1422805786,50384,50394,10
12.9224700928,80.1423721313,50394,50404,10
12.9224996567,80.1425018311,50404,50414,10
12.9225196838,80.142829895,50414,50424,10
12.9225502014,80.1433486938,50424,50434,10
12.9225702286,80.1436691284,50434,50444,10
12.9225597382,80.1438903809,50444,50454,10
12.9225597382,80.1445007324,50454,50465,11
12.9225902557,80.1455078125,50465,50475,10
12.9226198196,80.1464996338,50475,50485,10
12.9226303101,80.1473617554,50485,50495,10
12.9226102829,80.1482467651,50495,50505,10
12.9226398468,80.1493988037,50505,50515,10
12.9226799011,80.1507110596,50515,50525,10
12.9227199554,80.1517181396,50525,50535,10
12.9228496552,80.1526031494,50535,50545,10
12.9230899811,80.1535720825,50545,50555,10
12.9233398438,80.1544876099,50555,50566,11
12.923500061,80.1549606323,50566,50576,10
12.9235801697,80.1553573608,50576,50586,10
12.9237098694,80.1561279297,50586,50596,10
12.9236402512,80.1570892334,50596,50606,10
12.9235496521,80.1579818726,50606,50616,10
12.9234600067,80.1588821411,50616,50626,10
12.9233798981,80.1598434448,50626,50636,10
12.9232997894,80.16040802,50636,50646,10
12.9231700897,80.1607513428,50646,50656,10
12.9229202271,80.1615371704,50656,50666,10
12.9225702286,80.1625518799,50666,50677,11
12.9221696854,80.1637268066,50677,50687,10
12.9217700958,80.1650390625,50687,50697,10
12.921330452,80.1664428711,50697,50707,10
12.9208803177,80.1678466797,50707,50717,10
12.9204502106,80.1692428589,50717,50727,10
12.9200801849,80.170463562,50727,50737,10
12.9199399948,80.1708984375,50737,50747,10
12.9198503494,80.1711807251,50747,50757,10
12.919670105,80.1717529297,50757,50767,10
12.9194202423,80.1726226807,50767,50777,10
12.9191102982,80.1736602783,50777,50788,11
12.9188203812,80.1750411987,50788,50798,10
12.9185400009,80.1761169434,50798,50808,10
12.9183397293,80.1772232056,50808,50818,10
12.918510437,80.178352356,50818,50828,10
12.9191303253,80.1792068481,50828,50838,10
12.919500351,80.1802368164,50838,50848,10
12.9197397232,80.181427002,50848,50858,10
12.9199695587,80.1824188232,50858,50868,10
12.9201698303,80.1832733154,50868,50878,10
12.9202604294,80.1835632324,50878,50888,10
12.9203195572,80.183807373,50888,50919,31
12.9203195572,80.183807373,50919,50929,10
12.9204101563,80.1839828491,50929,50939,10
12.9206695557,80.1839370728,50939,50949,10
12.9212799072,80.1836929321,50949,50959,10
12.9220600128,80.1834030151,50959,50969,10
12.9228401184,80.1831512451,50969,50979,10
12.9231700897,80.1830978394,50979,50989,10
12.923740387,80.1830215454,50989,51000,11
12.9246702194,80.1828308105,51000,51010,10
12.9254703522,80.1827087402,51010,51020,10
12.9263496399,80.1825408936,51020,51030,10
12.927280426,80.1823272705,51030,51040,10
12.9281396866,80.1821517944,51040,51050,10
12.9291601181,80.181892395,51050,51060,10
12.9302396774,80.181602478,51060,51070,10
12.9312696457,80.1815109253,51070,51080,10
12.9314899445,80.1815414429,51080,51090,10
12.9320297241,80.1816482544,51090,51100,10
12.9329204559,80.1818389893,51100,51111,11
12.9338598251,80.1821212769,51111,51121,10
12.934920311,80.1823501587,51121,51131,10
12.9357795715,80.1823883057,51131,51141,10
12.9365997314,80.1822662354,51141,51151,10
12.9375295639,80.182220459,51151,51161,10
12.9385404587,80.1822967529,51161,51171,10
12.9389200211,80.1823730469,51171,51181,10
12.9390001297,80.1824035645,51181,51191,10
12.9392004013,80.1824569702,51191,51201,10
12.9397602081,80.1826171875,51201,51211,10
12.9405899048,80.1827316284,51211,51222,11
12.9415998459,80.1827774048,51222,51232,10
12.9426498413,80.1829071045,51232,51242,10
12.9437799454,80.1829528809,51242,51252,10
12.9449195862,80.1829986572,51252,51262,10
12.9459600449,80.18334198,51262,51272,10
12.9469203949,80.1841125488,51272,51282,10
12.9476699829,80.184677124,51282,51292,10
12.9482603073,80.1849822998,51292,51302,10
12.948559761,80.1850814819,51302,51312,10
12.9490404129,80.1852111816,51312,51323,11
12.949760437,80.1854705811,51323,51333,10
12.9505996704,80.1857299805,51333,51343,10
12.9512796402,80.1859512329,51343,51353,10
12.9520397186,80.1861877441,51353,51363,10
12.9528198242,80.1864013672,51363,51373,10
12.9533100128,80.1864929199,51373,51383,10
12.9536304474,80.1865386963,51383,51393,10
12.9541597366,80.186630249,51393,51403,10
12.9547595978,80.186706543,51403,51413,10
12.9551897049,80.1868133545,51413,51423,10
12.955450058,80.1868362427,51423,51434,11
12.9555597305,80.1868515015,51434,51444,10
12.9558401108,80.1868896484,51444,51454,10
12.9561100006,80.1869430542,51454,51464,10
12.9562196732,80.1869430542,51464,51474,10
12.9564800262,80.186958313,51474,51484,10
12.9569101334,80.1870193481,51484,51494,10
12.9576196671,80.1870574951,51494,51504,10
12.958530426,80.1870574951,51504,51514,10
12.9594402313,80.1870803833,51514,51524,10
12.9600896835,80.1871414185,51524,51534,10
12.9604101181,80.1871490479,51534,51545,11
12.9609899521,80.1872787476,51545,51555,10
12.961520195,80.1873626709,51555,51565,10
12.9622402191,80.187461853,51565,51575,10
12.9625797272,80.1875228882,51575,51585,10
12.9630298615,80.1876296997,51585,51595,10
12.9639396667,80.1878509521,51595,51605,10
12.9647397995,80.1881637573,51605,51614,9
12.9653196335,80.1883010864,51614,51625,11
12.9656400681,80.1884613037,51625,51635,10
12.9657897949,80.1885070801,51635,51646,11
12.965929985,80.1885681152,51646,51656,10
12.966340065,80.1887893677,51656,51666,10
12.9671001434,80.1890335083,51666,51676,10
12.9678201675,80.1893615723,51676,51686,10
12.9682598114,80.1895294189,51686,51696,10
12.9684495926,80.1896591187,51696,51706,10
12.9686403275,80.189743042,51706,51716,10
12.9687004089,80.1897735596,51716,51726,10
12.9689998627,80.1898803711,51726,51736,10
12.9694499969,80.1901168823,51736,51746,10
12.9701299667,80.1904220581,51746,51757,11
12.9707899094,80.1906814575,51757,51767,10
12.9710998535,80.1908569336,51767,51777,10
12.9716300964,80.1910705566,51777,51787,10
12.9720602036,80.1912612915,51787,51797,10
12.9722499847,80.1913299561,51797,51807,10
12.9723997116,80.1913909912,51807,51817,10
12.9726295471,80.1914596558,51817,51827,10
12.9727296829,80.1915130615,51827,51837,10
12.9732198715,80.1917114258,51837,51847,10
12.9740495682,80.1920089722,51847,51857,10
12.9746799469,80.1922836304,51857,51868,11
12.9753704071,80.1925201416,51868,51878,10
12.9759702682,80.1929321289,51878,51888,10
12.9764995575,80.1933135986,51888,51898,10
12.9770202637,80.1936264038,51898,51908,10
12.9776601791,80.1937866211,51908,51918,10
12.9781103134,80.193862915,51918,51928,10
12.9782304764,80.1938705444,51928,51938,10
12.9787597656,80.1940612793,51938,51948,10
12.9794998169,80.1945114136,51948,51958,10
12.9802103043,80.1949996948,51958,51969,11
12.980919838,80.1953964233,51969,51979,10
12.9810600281,80.1954421997,51979,51989,10
12.9815397263,80.1956787109,51989,51999,10
12.9820995331,80.1959609985,51999,52009,10
12.9825801849,80.196182251,52009,52019,10
12.9828701019,80.1963272095,52019,52029,10
12.9833097458,80.1961669922,52029,52039,10
12.9840202332,80.1959762573,52039,52049,10
12.9850797653,80.1959609985,52049,52059,10
12.9863004684,80.1958236694,52059,52069,10
12.9873800278,80.1954803467,52069,52080,11
12.9885196686,80.1953887939,52080,52090,10
12.9895401001,80.1954193115,52090,52100,10
12.9905195236,80.1952819824,52100,52110,10
12.9910802841,80.1945571899,52110,52130,20
12.9910802841,80.1945571899,52130,52140,10
12.9912395477,80.1943511963,52140,52150,10
12.9915800095,80.1938323975,52150,52160,10
12.9924602509,80.1933135986,52160,52170,10
12.9935598373,80.1933517456,52170,52180,10
12.9945802689,80.1933288574,52180,52191,11
12.9955501556,80.1932983398,52191,52201,10
12.9963302612,80.1932830811,52201,52211,10
12.9967498779,80.1932220459,52211,52221,10
12.9966802597,80.1927108765,52221,52231,10
12.9965000153,80.1920166016,52231,52241,10
12.996339798,80.1914672852,52241,52251,10
12.9961500168,80.1906967163,52251,52261,10
12.9958896637,80.1894607544,52261,52322,61
12.9958896637,80.1894607544,52322,52332,10
12.9958896637,80.1893997192,52332,52342,10
12.9961204529,80.1892700195,52342,52352,10
12.9964504242,80.1896591187,52352,52362,10
12.9970197678,80.1903076172,52362,52372,10
12.9976997375,80.1911315918,52372,52382,10
12.9984197617,80.1920700073,52382,52399,17
12.9995298386,80.1937637329,52399,52411,12
13.0005302429,80.1948928833,52411,52421,10
13.0013303757,80.1958084106,52421,52430,9
13.0019798279,80.196647644,52430,52442,12
13.0019903183,80.1980209351,52442,52452,10
13.0017995834,80.1990280151,52452,52462,10
13.0021095276,80.2001800537,52462,52472,10
13.0031003952,80.2006912231,52472,52482,10
13.003660202,80.2007827759,52482,52492,10
13.0037403107,80.2007980347,52492,52502,10
13.0041599274,80.2009887695,52502,52513,11
13.0050897598,80.2014083862,52513,52523,10
13.00578022,80.2021789551,52523,52533,10
13.0065202713,80.2032318115,52533,52543,10
13.0074796677,80.2036819458,52543,52553,10
13.008190155,80.203666687,52553,52563,10
13.0083398819,80.2029724121,52563,52573,10
13.0075397491,80.2031173706,52573,52582,9
13.0075798035,80.2041320801,52582,52593,11
13.007610321,80.2053375244,52593,52603,10
13.0077695847,80.2064666748,52603,52614,11
13.0079402924,80.2077331543,52614,52624,10
13.0080900192,80.2087936401,52624,52634,10
13.0083599091,80.2098770142,52634,52644,10
13.0089101791,80.2105484009,52644,52654,10
13.0092496872,80.2108764648,52654,52663,9
13.0093402863,80.2109909058,52663,52673,10
13.0092401505,80.2111968994,52673,52684,11
13.0090198517,80.2116012573,52684,52694,10
13.0092201233,80.212272644,52694,52704,10
13.0095100403,80.2130966187,52704,52714,10
13.0098800659,80.2139816284,52714,52725,11
13.0101604462,80.2149581909,52725,52735,10
13.0103502274,80.2158889771,52735,52745,10
13.0108098984,80.2169265747,52745,52755,10
13.0113201141,80.2180786133,52755,52765,10
13.0116996765,80.2192306519,52765,52775,10
13.0120401382,80.2203598022,52775,52784,9
13.0123500824,80.2211914063,52784,52794,10
13.0125904083,80.2216186523,52794,52805,11
13.0130395889,80.2222213745,52805,52815,10
13.0135698318,80.2227478027,52815,52825,10
13.0139904022,80.2232208252,52825,52836,11
13.0142402649,80.2236328125,52836,52846,10
13.0148897171,80.2244262695,52846,52856,10
13.0156698227,80.225151062,52856,52866,10
13.016579628,80.225227356,52866,52876,10
13.0174703598,80.2248916626,52876,52886,10
13.0184001923,80.2244873047,52886,52896,10
13.0192699432,80.2242736816,52896,52906,10
13.0194396973,80.2242889404,52906,52916,10
13.0195302963,80.2243499756,52916,52926,10
13.0197401047,80.2245025635,52926,52937,11
13.0200996399,80.2248001099,52937,52947,10
13.0205497742,80.2251281738,52947,52957,10
13.0208902359,80.225402832,52957,52967,10
13.0214500427,80.2258071899,52967,52977,10
13.0219898224,80.2261810303,52977,52986,9
13.0221796036,80.2263183594,52986,53037,51
13.0221796036,80.2263183594,53037,53048,11
13.0222997665,80.2265167236,53048,53058,10
13.0225896835,80.2267837524,53058,53068,10
13.023059845,80.227180481,53068,53078,10
13.0237102509,80.2277832031,53078,53088,10
13.0243396759,80.2284088135,53088,53128,40
13.0243396759,80.2284088135,53128,53138,10
13.0242795944,80.2285995483,53138,53148,10
13.0241498947,80.2284698486,53148,53159,11
13.0238199234,80.228012085,53159,53169,10
13.0232601166,80.2275314331,53169,53270,101
13.0232601166,80.2275314331,53270,53280,10
13.0228595734,80.2272491455,53280,53300,20
13.0226097107,80.2270202637,53300,53340,40
13.0226097107,80.2270202637,53340,53350,10
13.0225200653,80.2267684937,53350,53360,10
13.022190094,80.2264709473,53360,53370,10
13.0217103958,80.2260665894,53370,53381,11
13.021229744,80.2256774902,53381,53391,10
13.0208902359,80.2253799438,53391,53401,10
13.0203399658,80.2250289917,53401,53411,10
13.0199298859,80.2247390747,53411,53421,10
13.019900322,80.2247161865,53421,53431,10
13.0197401047,80.2246398926,53431,53441,10
13.0191602707,80.2244415283,53441,53451,10
13.0183897018,80.2246170044,53451,53461,10
13.0175104141,80.2249908447,53461,53471,10
13.0166397095,80.2253570557,53471,53482,11
13.0157604218,80.225692749,53482,53498,16
13.0145797729,80.2261428833,53498,53510,12
13.0141801834,80.2263412476,53510,53520,10
13.0140399933,80.2263565063,53520,53530,10
13.0134801865,80.2265701294,53530,53540,10
13.0127096176,80.2268676758,53540,53550,10
13.0120296478,80.2271270752,53550,53560,10
13.0111398697,80.2274627686,53560,53570,10
13.010140419,80.2278594971,53570,53580,10
13.0094995499,80.2276763916,53580,53590,10
13.0097799301,80.2269592285,53590,53601,11
13.0102100372,80.225982666,53601,53610,9
13.0105800629,80.2251586914,53610,53621,11
13.0109796524,80.2244720459,53621,53631,10
13.0111904144,80.2238769531,53631,53641,10
13.011300087,80.2233810425,53641,53651,10
13.0115604401,80.2227630615,53651,53661,10
13.0118303299,80.2219390869,53661,53671,10
13.0120000839,80.2215881348,53671,53681,10
13.0121603012,80.2214508057,53681,53692,11
13.012140274,80.2210006714,53692,53702,10
13.0119304657,80.2203063965,53702,53712,10
13.011639595,80.2193984985,53712,53722,10
13.0113296509,80.2184371948,53722,53732,10
13.0109901428,80.2175521851,53732,53742,10
13.0106201172,80.2167434692,53742,53752,10
13.0102396011,80.2160568237,53752,53762,10
13.0098495483,80.2152862549,53762,53772,10
13.0094900131,80.2147598267,53772,53782,10
13.0091600418,80.21434021,53782,53792,10
13.0089797974,80.2140808105,53792,53803,11
13.0088701248,80.2138824463,53803,53813,10
13.0085897446,80.2135696411,53813,53833,20
13.0085897446,80.2135696411,53833,53843,10
13.0084199905,80.2134170532,53843,53853,10
13.0077800751,80.2130508423,53853,53873,20
13.0077800751,80.2130508423,53873,53883,10
13.0074796677,80.2128372192,53883,53893,10
13.0069198608,80.2127380371,53893,53903,10
13.0061798096,80.2128601074,53903,53914,11
13.0054502487,80.2128067017,53914,53924,10
13.0047397614,80.2123718262,53924,53934,10
13.0039901733,80.2121200562,53934,53944,10
13.0037002563,80.2115631104,53944,53954,10
13.0036296844,80.2107391357,53954,53964,10
13.0035200119,80.2099304199,53964,53974,10
13.0035896301,80.2091293335,53974,53983,9
13.0039796829,80.2086105347,53983,53993,10
13.0047397614,80.2089385986,53993,54004,11
13.005490303,80.2092819214,54004,54015,11
13.006070137,80.2095108032,54015,54025,10
13.0065898895,80.2096710205,54025,54035,10
13.0068798065,80.2097320557,54035,54045,10
13.0070800781,80.209777832,54045,54055,10
13.0075597763,80.2098464966,54055,54065,10
13.0081396103,80.2098770142,54065,54075,10
13.0080404282,80.2092819214,54075,54085,10
13.0079202652,80.2084579468,54085,54095,10
13.0077495575,80.2074737549,54095,54105,10
13.007610321,80.2065505981,54105,54115,10
13.0074300766,80.2056808472,54115,54126,11
13.0070199966,80.2046813965,54126,54136,10
13.0066204071,80.2038803101,54136,54146,10
13.0060796738,80.2031784058,54146,54156,10
13.005689621,80.2025909424,54156,54166,10
13.0053701401,80.2019195557,54166,54176,10
13.0046596527,80.2013473511,54176,54185,9
13.0040197372,80.2011184692,54185,54196,11
13.0039796829,80.2011108398,54196,54206,10
13.0039596558,80.201133728,54206,54216,10
13.0036001205,80.2010192871,54216,54226,10
13.0030403137,80.2008209229,54226,54237,11
13.002240181,80.2005004883,54237,54247,10
13.001709938,80.199798584,54247,54257,10
13.001660347,80.1990280151,54257,54267,10
13.0017900467,80.1982269287,54267,54277,10
13.0018796921,80.1973419189,54277,54287,10
13.0016899109,80.1965332031,54287,54297,10
13.0011796951,80.1958389282,54297,54307,10
13.0005903244,80.1950836182,54307,54317,10
13.0000295639,80.1943664551,54317,54327,10
12.9994401932,80.1936416626,54327,54338,11
12.9988603592,80.1929168701,54338,54348,10
12.9983501434,80.1922836304,54348,54358,10
12.997879982,80.1925735474,54358,54368,10
12.9972400665,80.1930999756,54368,54378,10
12.9969100952,80.1933364868,54378,54388,10
12.9964199066,80.193397522,54388,54398,10
12.9955997467,80.1934127808,54398,54408,10
12.9946603775,80.1934432983,54408,54418,10
12.993639946,80.1934280396,54418,54428,10
12.9926595688,80.1934509277,54428,54438,10
12.9918498993,80.1936187744,54438,54449,11
12.9913797379,80.1942977905,54449,54459,10
12.9912204742,80.1945571899,54459,54469,10
12.9911804199,80.1946411133,54469,54479,10
12.9910497665,80.1948928833,54479,54489,10
12.9905900955,80.1953201294,54489,54499,10
12.989780426,80.1955413818,54499,54509,10
12.9888801575,80.1955108643,54509,54519,10
12.9878902435,80.1955108643,54519,54529,10
12.9869403839,80.1958007813,54529,54539,10
12.9859104156,80.1961364746,54539,54549,10
12.9848299026,80.1961975098,54549,54560,11
12.9836301804,80.1962585449,54560,54570,10
12.9831600189,80.1964187622,54570,54580,10
12.9826602936,80.1967086792,54580,54590,10
12.9822502136,80.1970977783,54590,54600,10
12.9820699692,80.1969833374,54600,54620,20
12.9820699692,80.1969833374,54620,54630,10
12.9822902679,80.1968307495,54630,54640,10
12.9827203751,80.1965179443,54640,54656,16
12.982339859,80.1960983276,54656,54669,13
12.9816598892,80.1957397461,54669,54679,10
12.9816398621,80.1957168579,54679,54689,10
12.9815597534,80.1956634521,54689,54698,9
12.9811401367,80.1954498291,54698,54709,11
12.9805002213,80.1951293945,54709,54718,9
12.9799499512,80.1948318481,54718,54729,11
12.9791297913,80.1942672729,54729,54739,10
12.9783802032,80.1939315796,54739,54749,10
12.977640152,80.1938018799,54749,54759,10
12.9775495529,80.1937789917,54759,54770,11
12.9772195816,80.193687439,54770,54780,10
12.9767198563,80.1934585571,54780,54790,10
12.9761800766,80.1930618286,54790,54800,10
12.9755601883,80.1926193237,54800,54810,10
12.974820137,80.1923294067,54810,54820,10
12.9742603302,80.1921234131,54820,54830,10
12.9736404419,80.1919021606,54830,54840,10
12.9729299545,80.19165802,54840,54850,10
12.9722204208,80.191368103,54850,54860,10
12.9721403122,80.1913223267,54860,54870,10
12.9720697403,80.1912612915,54870,54881,11
12.9716396332,80.191078186,54881,54891,10
12.9711198807,80.1908493042,54891,54901,10
12.9705295563,80.1905975342,54901,54911,10
12.9698400497,80.1902923584,54911,54921,10
12.9691495895,80.189956665,54921,54931,10
12.9679803848,80.1893997192,54931,54961,30
12.9679803848,80.1893997192,54961,54971,10
12.9677095413,80.1893234253,54971,54982,11
12.9671001434,80.1890563965,54982,54992,10
12.9664096832,80.1887893677,54992,55002,10
12.9659099579,80.1885910034,55002,55012,10
12.965470314,80.1884231567,55012,55022,10
12.9650297165,80.1882400513,55022,55032,10
12.9649200439,80.1881866455,55032,55042,10
12.9648599625,80.1881484985,55042,55052,10
12.9644298553,80.1880187988,55052,55062,10
12.9637804031,80.187828064,55062,55072,10
12.9630899429,80.1876525879,55072,55082,10
12.9623403549,80.1874923706,55082,55093,11
12.9614896774,80.1873397827,55093,55103,10
12.9609603882,80.1872711182,55103,55113,10
12.9607601166,80.1872406006,55113,55123,10
12.9606199265,80.1872177124,55123,55133,10
12.9601402283,80.1871490479,55133,55143,10
12.9595899582,80.1870880127,55143,55153,10
12.9588603973,80.1870498657,55153,55163,10
12.9581203461,80.1870193481,55163,55173,10
12.9573202133,80.1870193481,55173,55183,10
12.9565696716,80.1869888306,55183,55193,10
12.955789566,80.186920166,55193,55214,21
12.955789566,80.186920166,55214,55224,10
12.9554395676,80.1868286133,55224,55234,10
12.9548997879,80.1867675781,55234,55244,10
12.9541501999,80.186668396,55244,55253,9
12.953379631,80.1865615845,55253,55264,11
12.9523200989,80.1863632202,55264,55274,10
12.951379776,80.1860809326,55274,55284,10
12.9504404068,80.1857681274,55284,55294,10
12.9492902756,80.1853713989,55294,55325,31
12.9492902756,80.1853713989,55325,55335,10
12.9490404129,80.1853027344,55335,55345,10
12.948559761,80.1851425171,55345,55355,10
12.9478702545,80.1848831177,55355,55365,10
12.9471902847,80.1844024658,55365,55375,10
12.9465398788,80.1839065552,55375,55385,10
12.945810318,80.1833190918,55385,55395,10
12.9450101852,80.183052063,55395,55405,10
12.9444799423,80.1830368042,55405,55416,11
12.9443597794,80.1830368042,55416,55426,10
12.9438199997,80.1830062866,55426,55436,10
12.9430999756,80.1829605103,55436,55446,10
12.9422702789,80.1828994751,55446,55456,10
12.9415197372,80.1828231812,55456,55466,10
12.9407701492,80.182762146,55466,55476,10
12.9402303696,80.1827392578,55476,55486,10
12.9394798279,80.1825790405,55486,55506,20
12.9394798279,80.1825790405,55506,55516,10
12.9392204285,80.1824798584,55516,55527,11
12.9387998581,80.1823806763,55527,55537,10
12.9382095337,80.1822967529,55537,55547,10
12.9374399185,80.182258606,55547,55557,10
12.9366998672,80.182258606,55557,55567,10
12.9359397888,80.1823501587,55567,55577,10
12.9350204468,80.1823577881,55577,55587,10
12.9341001511,80.1821517944,55587,55597,10
12.9329996109,80.1818695068,55597,55607,10
12.9318799973,80.1816711426,55607,55617,10
12.9309396744,80.1815795898,55617,55627,10
12.9308595657,80.1815719604,55627,55638,11
12.930439949,80.1815872192,55638,55648,10
12.9297399521,80.1817474365,55648,55658,10
12.928850174,80.181968689,55658,55668,10
12.92786026,80.1822128296,55668,55678,10
12.9268102646,80.1824188232,55678,55688,10
12.9258403778,80.1826171875,55688,55698,10
12.9248600006,80.1827774048,55698,55708,10
12.9239397049,80.1829299927,55708,55718,10
12.92304039,80.1830825806,55718,55728,10
12.9221897125,80.1833190918,55728,55739,11
12.9213600159,80.1837005615,55739,55749,10
12.9203996658,80.1840286255,55749,55779,30
12.9203996658,80.1840286255,55779,55789,10
12.9201803207,80.1840133667,55789,55799,10
12.9200601578,80.1834411621,55799,55809,10
12.9198904037,80.1826629639,55809,55819,10
12.9198799133,80.1825485229,55819,55829,10
12.9197902679,80.1821289063,55829,55839,10
12.9197301865,80.1818008423,55839,55850,11
12.9195804596,80.1810531616,55850,55860,10
12.9193601608,80.1800918579,55860,55870,10
12.9188995361,80.1790084839,55870,55880,10
12.9182100296,80.1779785156,55880,55890,10
12.918299675,80.1768493652,55890,55900,10
12.9185199738,80.1758270264,55900,55910,10
12.918800354,80.1747512817,55910,55920,10
12.9191102982,80.1735076904,55920,55930,10
12.9194097519,80.1723937988,55930,55940,10
12.9198198318,80.1709136963,55940,55961,21
12.9198198318,80.1709136963,55961,55971,10
12.919960022,80.1704330444,55971,55981,10
12.9201803207,80.169708252,55981,55991,10
12.9204998016,80.1687393188,55991,56001,10
12.9208202362,80.1678237915,56001,56011,10
12.9211597443,80.1667861938,56011,56021,10
12.921500206,80.1657028198,56021,56031,10
12.9218597412,80.1645889282,56031,56041,10
12.9221897125,80.1634979248,56041,56051,10
12.9224996567,80.1624984741,56051,56062,11
12.9228696823,80.1613464355,56062,56072,10
12.9231595993,80.16040802,56072,56082,10
12.923330307,80.159362793,56082,56092,10
12.9234399796,80.1582717896,56092,56102,10
12.9235401154,80.1571731567,56102,56112,10
12.9236297607,80.1561813354,56112,56122,10
12.9234600067,80.1552886963,56122,56132,10
12.9233102798,80.1549072266,56132,56142,10
12.9232597351,80.1547775269,56142,56152,10
12.9231500626,80.1542434692,56152,56162,10
12.9229602814,80.1534423828,56162,56173,11
12.9226799011,80.1523590088,56173,56183,10
12.9225997925,80.1514511108,56183,56193,10
12.9225997925,80.1504211426,56193,56203,10
12.9225597382,80.1495819092,56203,56213,10
12.9225101471,80.1486434937,56213,56223,10
12.9224996567,80.1476669312,56223,56233,10
12.9225196838,80.1469116211,56233,56243,10
12.9224996567,80.1460037231,56243,56253,10
12.9224500656,80.1449813843,56253,56263,10
12.922419548,80.1439819336,56263,56274,11
12.9223804474,80.1433105469,56274,56284,10
12.9223804474,80.1432495117,56284,56294,10
12.9223604202,80.1430206299,56294,56304,10
12.9224004745,80.142616272,56304,56314,10
12.9223804474,80.1419830322,56314,56324,10
12.922369957,80.1414337158,56324,56334,10
12.9223499298,80.1407470703,56334,56344,10
12.9223499298,80.1399383545,56344,56354,10
12.9223604202,80.1390609741,56354,56364,10
12.922419548,80.1381988525,56364,56374,10
12.9224500656,80.1373291016,56374,56385,11
12.9224901199,80.1362991333,56385,56395,10
12.9224996567,80.135383606,56395,56405,10
12.9225597382,80.1343917847,56405,56415,10
12.9226102829,80.1333999634,56415,56425,10
12.9226503372,80.1324996948,56425,56435,10
12.9226903915,80.1312103271,56435,56455,20
12.9226903915,80.1312103271,56455,56465,10
12.9227199554,80.1307067871,56465,56475,10
12.9227600098,80.1299972534,56475,56485,10
12.9228200912,80.1292190552,56485,56496,11
12.9228696823,80.1284484863,56496,56506,10
12.9228801727,80.1276473999,56506,56516,10
12.9228897095,80.126701355,56516,56526,10
12.9229202271,80.1256790161,56526,56536,10
12.9229698181,80.124671936,56536,56546,10
12.9230203629,80.1235961914,56546,56556,10
12.92304039,80.1224899292,56556,56566,10
12.9231004715,80.1214981079,56566,56576,10
12.9231700897,80.1207580566,56576,56607,31
12.9231700897,80.1207580566,56607,56617,10
12.9231901169,80.1206207275,56617,56627,10
12.9232397079,80.1202392578,56627,56637,10
12.9232997894,80.1194610596,56637,56647,10
12.9232997894,80.1186981201,56647,56657,10
12.9233903885,80.1179122925,56657,56667,10
12.9234199524,80.1172027588,56667,57989,1322
12.9234199524,80.1172027588,57989,57999,10
12.9234399796,80.117149353,57999,58010,11
12.9236402512,80.1168365479,58010,58030,20
12.9236402512,80.1168365479,58030,58040,10
12.9236402512,80.1169891357,58040,58050,10
12.9236297607,80.1170425415,58050,58060,10
12.9236097336,80.1171112061,58060,58070,10
12.923620224,80.1175689697,58070,58080,10
12.9236803055,80.1179428101,58080,58090,10
12.9235601425,80.1182022095,58090,58100,10
12.9235296249,80.1186599731,58100,58110,10
12.9234895706,80.1191635132,58110,58121,11
12.9234399796,80.1196212769,58121,58131,10
12.9233999252,80.1201400757,58131,58141,10
12.9233999252,80.1202011108,58141,58151,10
12.9233903885,80.1204376221,58151,58161,10
12.9233999252,80.1207809448,58161,58171,10
12.9233198166,80.1210327148,58171,58211,40
12.9233198166,80.1210327148,58211,58222,11
12.9232597351,80.1211395264,58222,58232,10
12.9232597351,80.12159729,58232,58383,151
12.9232597351,80.12159729,58383,58393,10
12.9232397079,80.1216583252,58393,58403,10
12.9232501984,80.1219482422,58403,58716,313
12.9232501984,80.1219482422,58716,58726,10
12.9232397079,80.1221923828,58726,58736,10
12.9232196808,80.122718811,58736,58746,10
12.9231700897,80.1234817505,58746,58756,10
12.923119545,80.1243362427,58756,58767,11
12.9230604172,80.125541687,58767,58797,30
12.9230604172,80.125541687,58797,58807,10
12.92304039,80.1259231567,58807,58817,10
12.9230003357,80.1267089844,58817,58827,10
12.9229698181,80.1274871826,58827,58837,10
12.9229202271,80.1281661987,58837,58847,10
12.9228897095,80.1287918091,58847,58857,10
12.9228601456,80.1295013428,58857,58867,10
12.9228200912,80.1301727295,58867,58878,11
12.9228096008,80.1308898926,58878,58888,10
12.9228096008,80.1312408447,58888,58898,10
12.9228096008,80.131362915,58898,58908,10
12.9228000641,80.131942749,58908,58918,10
12.922750473,80.1327209473,58918,58928,10
12.9226999283,80.1335525513,58928,58938,10
12.922659874,80.1345062256,58938,58948,10
12.9226198196,80.1352920532,58948,58958,10
12.9225797653,80.1360168457,58958,58968,10
12.922539711,80.1368789673,58968,58978,10
12.9224996567,80.1377487183,58978,58989,11
12.9224395752,80.138710022,58989,58999,10
12.9224100113,80.1396484375,58999,59009,10
12.9224395752,80.1405181885,59009,59019,10
12.9224500656,80.141418457,59019,59029,10
12.9224796295,80.1424179077,59029,59045,16
12.9225702286,80.1437225342,59045,59068,23
12.9225702286,80.1437225342,59068,59078,10
12.9225502014,80.1441421509,59078,59088,10
12.9225597382,80.1449584961,59088,59100,12
12.9226198196,80.1463623047,59100,59109,9
12.9226703644,80.1473312378,59109,59120,11
12.9226303101,80.1484222412,59120,59130,10
12.9226799011,80.1494216919,59130,59140,10
12.9227104187,80.1506576538,59140,59150,10
12.9227399826,80.1517333984,59150,59160,10
12.9228801727,80.152671814,59160,59169,9
12.923119545,80.1536026001,59169,59179,10
12.9233999252,80.1545791626,59179,59190,11
12.9234600067,80.1547775269,59190,59201,11
12.9235296249,80.1550827026,59201,59211,10
12.9236803055,80.1557235718,59211,59221,10
12.9236803055,80.1566314697,59221,59231,10
12.9236001968,80.1575698853,59231,59241,10
12.9234895706,80.1587600708,59241,59251,10
12.9233102798,80.1603775024,59251,59271,20
12.9233102798,80.1603775024,59271,59281,10
12.9232301712,80.1605911255,59281,59291,10
12.9230298996,80.1612167358,59291,59301,10
12.9227399826,80.1620864868,59301,59312,11
12.922369957,80.1632003784,59312,59322,10
12.9220399857,80.1642227173,59322,59332,10
12.9216995239,80.1652603149,59332,59342,10
12.9213399887,80.1663513184,59342,59352,10
12.920999527,80.167427063,59352,59362,10
12.9206695557,80.1684799194,59362,59372,10
12.9203596115,80.1694564819,59372,59381,9
12.9200801849,80.1703720093,59381,59392,11
12.9198799133,80.1711196899,59392,59402,10
12.9198703766,80.1711273193,59402,59412,10
12.9198198318,80.1712417603,59412,59423,11
12.919670105,80.1717376709,59423,59433,10
12.9194803238,80.172492981,59433,59443,10
12.9192199707,80.1734237671,59443,59453,10
12.9189796448,80.1744384766,59453,59463,10
12.9187202454,80.1755065918,59463,59473,10
12.9184398651,80.1765899658,59473,59483,10
12.9182596207,80.177696228,59483,59493,10
12.9187402725,80.1787033081,59493,59503,10
12.9193296432,80.1796112061,59503,59513,10
12.9195995331,80.1807174683,59513,59523,10
12.9198503494,80.1818618774,59523,59534,11
12.9202604294,80.1835479736,59534,59564,30
12.9202604294,80.1835479736,59564,59574,10
12.9203596115,80.1839065552,59574,59665,91
12.9203596115,80.1839065552,59665,59675,10
12.9205799103,80.1840362549,59675,59685,10
12.9208498001,80.1839065552,59685,59695,10
12.9213199615,80.1837081909,59695,59705,10
12.9220399857,80.1834106445,59705,59715,10
12.922829628,80.1831588745,59715,59725,10
12.923620224,80.1829681396,59725,59735,10
12.9246397018,80.1827926636,59735,59746,11
12.9257602692,80.1826095581,59746,59756,10
12.9267196655,80.1824264526,59756,59766,10
12.9277200699,80.1822280884,59766,59776,10
12.928730011,80.1819763184,59776,59786,10
12.9297599792,80.1817321777,59786,59796,10
12.9307699203,80.1815032959,59796,59806,10
12.9315004349,80.1815795898,59806,59826,20
12.9315004349,80.1815795898,59826,59836,10
12.9315795898,80.1816635132,59836,59846,10
12.9318704605,80.1817092896,59846,59857,11
12.932559967,80.1818237305,59857,59867,10
12.9333600998,80.1819915771,59867,59877,10
12.9342699051,80.182220459,59877,59887,10
12.9351902008,80.1824264526,59887,59897,10
12.9361095428,80.1823730469,59897,59907,10
12.9369897842,80.1822891235,59907,59917,10
12.9378404617,80.1822891235,59917,59927,10
12.938949585,80.1824188232,59927,59968,41
12.938949585,80.1824188232,59968,59978,10
12.9391098022,80.1824569702,59978,59988,10
12.9393196106,80.1825408936,59988,59998,10
12.939740181,80.1826705933,59998,60008,10
12.9403896332,80.1827926636,60008,60018,10
12.9406499863,80.1827926636,60018,60028,10
12.9409399033,80.1827926636,60028,60038,10
12.9415998459,80.1828384399,60038,60048,10
12.9423799515,80.1829376221,60048,60058,10
12.943189621,80.1829910278,60058,60069,11
12.944609642,80.1830291748,60069,60089,20
12.944609642,80.1830291748,60089,60099,10
12.9450397491,80.183052063,60099,60109,10
12.9457101822,80.1831970215,60109,60119,10
12.9462404251,80.183631897,60119,60129,10
12.9468002319,80.1840820313,60129,60139,10
12.9475898743,80.1846618652,60139,60149,10
12.9485197067,80.1851196289,60149,60159,10
12.9494199753,80.1854095459,60159,60169,10
12.9500904083,80.1856231689,60169,60180,11
12.9508600235,80.1858825684,60180,60190,10
12.9513196945,80.1860275269,60190,60200,10
12.9518699646,80.1862182617,60200,60210,10
12.9524497986,80.1863937378,60210,60220,10
12.9530897141,80.1865234375,60220,60230,10
12.9537401199,80.1865997314,60230,60240,10
12.9543895721,80.1867218018,60240,60250,10
12.9549999237,80.1867980957,60250,60260,10
12.955450058,80.1868515015,60260,60276,16
12.9561300278,80.1869430542,60276,60299,23
12.9561300278,80.1869430542,60299,60309,10
12.9561901093,80.186920166,60309,60319,10
12.9566001892,80.1869888306,60319,60329,10
12.9572401047,80.1870269775,60329,60339,10
12.9579000473,80.1870498657,60339,60349,10
12.9585399628,80.1870727539,60349,60359,10
12.9592199326,80.1871032715,60359,60369,10
12.9598703384,80.1871566772,60369,60379,10
12.9603700638,80.1871871948,60379,60390,11
12.9608097076,80.1872634888,60390,60400,10
12.9615898132,80.1873779297,60400,60420,20
12.9615898132,80.1873779297,60420,60430,10
12.9620599747,80.1874923706,60430,60440,10
12.962679863,80.1876220703,60440,60450,10
12.9631795883,80.1876983643,60450,60460,10
12.9636297226,80.1878128052,60460,60470,10
12.9641199112,80.1879730225,60470,60480,10
12.9648799896,80.1881866455,60480,60501,21
12.9648799896,80.1881866455,60501,60511,10
12.9655399323,80.1884536743,60511,60531,20
12.9655399323,80.1884536743,60531,60541,10
12.965760231,80.1885528564,60541,60551,10
12.9660596848,80.1886520386,60551,60561,10
12.9664201736,80.1887588501,60561,60571,10
12.9669599533,80.1890029907,60571,60581,10
12.9675397873,80.189239502,60581,60591,10
12.9680595398,80.1894683838,60591,60601,10
12.96833992,80.1896209717,60601,60612,11
12.9684000015,80.189666748,60612,60622,10
12.9684896469,80.1897125244,60622,60632,10
12.9688196182,80.1898574829,60632,60642,10
12.9692497253,80.1900634766,60642,60652,10
12.9696798325,80.190246582,60652,60662,10
12.9699497223,80.1903762817,60662,60672,10
12.9701099396,80.1904602051,60672,60682,10
12.9704504013,80.190612793,60682,60692,10
12.9709501266,80.190788269,60692,60702,10
12.9714698792,80.1910324097,60702,60712,10
12.9720697403,80.1912994385,60712,60723,11
12.9727401733,80.1915817261,60723,60854,131
12.9727401733,80.1915817261,60854,60864,10
12.9729995728,80.1917037964,60864,60874,10
12.9734201431,80.1918029785,60874,61217,343
12.9734201431,80.1918029785,61217,61227,10
12.9736404419,80.1919021606,61227,61237,10
12.9740200043,80.1920394897,61237,61247,10
12.9743003845,80.1921615601,61247,61258,11
12.9746999741,80.1922912598,61258,61268,10
12.9751996994,80.1924819946,61268,61278,10
12.9757699966,80.192779541,61278,61288,10
12.9761400223,80.1930923462,61288,61298,10
12.9765901566,80.1933898926,61298,61530,232
12.9765901566,80.1933898926,61530,61540,10
12.9771099091,80.193687439,61540,61570,30
12.9771099091,80.193687439,61570,61581,11
12.977399826,80.1937789917,61581,61591,10
12.9781198502,80.193901062,61591,61611,20
12.9781198502,80.193901062,61611,61621,10
12.9783697128,80.1939620972,61621,61631,10
12.9787797928,80.1940994263,61631,61641,10
12.9792900085,80.1943817139,61641,61651,10
12.9797697067,80.1947402954,61651,61661,10
12.980389595,80.1951217651,61661,61671,10
12.9810495377,80.1954193115,61671,61692,21
12.9810495377,80.1954193115,61692,61702,10
12.9812002182,80.1955413818,61702,61712,10
12.9815301895,80.1957092285,61712,61722,10
12.9819898605,80.1959381104,61722,61732,10
12.9825401306,80.1961975098,61732,61742,10
12.982919693,80.1963882446,61742,61752,10
12.9832801819,80.1962203979,61752,61762,10
12.9839401245,80.1960220337,61762,61772,10
12.9848604202,80.1959533691,61772,61782,10
12.9859800339,80.1958770752,61782,61793,11
12.9871397018,80.1955566406,61793,61802,9
12.9880599976,80.1953887939,61802,61812,10
12.9890804291,80.1953811646,61812,61823,11
12.9901103973,80.1953811646,61823,61833,10
12.9909095764,80.1949081421,61833,61843,10
12.9911403656,80.1945495605,61843,61853,10
12.9912004471,80.1944732666,61853,61863,10
12.9914398193,80.1940765381,61863,61873,10
12.9919595718,80.1933898926,61873,61883,10
12.9929199219,80.193321228,61883,61893,10
12.9939603806,80.1933288574,61893,61904,11
12.9949903488,80.1933288574,61904,61914,10
12.9959201813,80.193321228,61914,61924,10
12.9966497421,80.1932983398,61924,61934,10
12.9968099594,80.1930999756,61934,61944,10
12.996629715,80.1924514771,61944,61954,10
12.9963998795,80.1915893555,61954,61964,10
12.9961500168,80.1906814575,61964,61974,10
12.9960002899,80.1900787354,61974,61984,10
12.9959897995,80.1900634766,61984,61994,10
12.995929718,80.189781189,61994,62004,10
12.9959697723,80.1893615723,62004,62015,11
12.996219635,80.1894073486,62015,62025,10
12.9966001511,80.1898574829,62025,62035,10
12.9971904755,80.1905517578,62035,62045,10
12.9978103638,80.1912994385,62045,62055,10
12.9982995987,80.1919021606,62055,62065,10
12.9986801147,80.1923980713,62065,62075,10
12.9991798401,80.1930465698,62075,62085,10
12.9997396469,80.1937484741,62085,62095,10
13.0003204346,80.194480896,62095,62105,10
13.00096035,80.1952514648,62105,62116,11
13.0016002655,80.1960601807,62116,62126,10
13.002120018,80.1968612671,62126,62136,10
13.0021095276,80.1978302002,62136,62146,10
13.0019197464,80.1986999512,62146,62156,10
13.001830101,80.1995162964,62156,62166,10
13.0021800995,80.2002868652,62166,62176,10
13.0029401779,80.2006988525,62176,62186,10
13.0037002563,80.2007904053,62186,62196,10
13.0037403107,80.2007980347,62196,62206,10
13.0038795471,80.2008590698,62206,62216,10
13.0044002533,80.2010421753,62216,62227,11
13.005200386,80.2014389038,62227,62237,10
13.0058202744,80.2022018433,62237,62247,10
13.0063295364,80.2030410767,62247,62257,10
13.0071001053,80.2035522461,62257,62267,10
13.0079803467,80.203742981,62267,62277,10
13.0083999634,80.2031326294,62277,62287,10
13.0076704025,80.2029724121,62287,62297,10
13.007610321,80.2039108276,62297,62307,10
13.0076503754,80.2048873901,62307,62317,10
13.0076799393,80.2059020996,62317,62328,11
13.0078401566,80.2068786621,62328,62338,10
13.0079402924,80.2077789307,62338,62348,10
13.0080404282,80.2086410522,62348,62358,10
13.0082302094,80.2095489502,62358,62368,10
13.0085496902,80.210319519,62368,62378,10
13.0089702606,80.2106781006,62378,62388,10
13.009180069,80.2108230591,62388,62418,30
13.009180069,80.2108230591,62418,62428,10
13.009349823,80.2110671997,62428,62439,11
13.0092201233,80.2112884521,62439,62449,10
13.0090503693,80.2115097046,62449,62459,10
13.0090703964,80.2118225098,62459,62469,10
13.009180069,80.2122573853,62469,62479,10
13.009349823,80.2127075195,62479,62489,10
13.0095701218,80.2133026123,62489,62499,10
13.0098199844,80.2139511108,62499,62509,10
13.0101099014,80.2146606445,62509,62519,10
13.0102300644,80.2154769897,62519,62529,10
13.0105304718,80.2163009644,62529,62539,10
13.0109100342,80.2171096802,62539,62550,11
13.0113201141,80.2180633545,62550,62560,10
13.011639595,80.2189178467,62560,62570,10
13.0119800568,80.2199935913,62570,62580,10
13.0123500824,80.2210235596,62580,62590,10
13.0126695633,80.2216262817,62590,62600,10
13.0130796432,80.222038269,62600,62610,10
13.013420105,80.2224731445,62610,62620,10
13.0138998032,80.2230682373,62620,62630,10
13.0141401291,80.2233734131,62630,62640,10
13.0142698288,80.2235794067,62640,62650,10
13.0145397186,80.2239227295,62650,62660,10
13.0149898529,80.2245101929,62660,62671,11
13.0153102875,80.2248764038,62671,62681,10
13.0154895782,80.2249603271,62681,62691,10
13.015709877,80.225151062,62691,62701,10
13.0163602829,80.2253494263,62701,62711,10
13.0172195435,80.2250671387,62711,62721,10
13.018119812,80.2247314453,62721,62731,10
13.0189304352,80.2244415283,62731,62741,10
13.0196304321,80.2245330811,62741,62751,10
13.0203800201,80.2250213623,62751,62762,11
13.0208997726,80.2253799438,62762,62772,10
13.0213403702,80.225730896,62772,62781,9
13.0217599869,80.226020813,62781,62792,11
13.0219402313,80.2261276245,62792,62802,10
13.0221204758,80.2263183594,62802,62812,10
13.0226602554,80.2267990112,62812,62822,10
13.0232801437,80.2273635864,62822,62832,10
13.0238399506,80.2278823853,62832,62842,10
13.0242300034,80.2282485962,62842,62852,10
13.0244398117,80.2285308838,62852,62862,10
13.0246295929,80.2288208008,62862,62873,11
13.0248603821,80.2291564941,62873,62883,10
13.0252199173,80.2296295166,62883,62893,10
13.0254602432,80.2299423218,62893,62943,50
13.0254602432,80.2299423218,62943,62953,10
13.025560379,80.2300415039,62953,62963,10
13.0257501602,80.2304000854,62963,62974,11
13.0259199142,80.23072052,62974,62984,10
13.0259895325,80.231010437,62984,62994,10
13.0260095596,80.2312774658,62994,63004,10
13.026260376,80.2313232422,63004,63014,10
13.0267400742,80.2312164307,63014,63024,10
13.0273704529,80.2310714722,63024,63034,10
13.0281095505,80.23097229,63034,63044,10
13.028670311,80.2309188843,63044,63123,79
13.028670311,80.2309188843,63123,63133,10
13.0289201736,80.2309417725,63133,63143,10
13.0290298462,80.2308807373,63143,63153,10
13.0293102264,80.2308425903,63153,63163,10
13.029589653,80.230796814,63163,63173,10
13.029999733,80.2307815552,63173,63183,10
13.0303401947,80.230758667,63183,63194,11
13.0307998657,80.23072052,63194,63204,10
13.0312995911,80.2306671143,63204,63214,10
13.0319004059,80.2306289673,63214,63224,10
13.0326099396,80.2305984497,63224,63233,9
13.0331401825,80.2305603027,63233,63244,11
13.033780098,80.2304916382,63244,63274,30
13.033780098,80.2304916382,63274,63284,10
13.0340499878,80.2304611206,63284,63375,91
13.0340499878,80.2304611206,63375,63385,10
13.0343904495,80.2304534912,63385,63395,10
13.0346899033,80.2303695679,63395,63406,11
13.0348901749,80.2302322388,63406,63416,10
13.0350198746,80.2300567627,63416,63426,10
13.0350399017,80.2298965454,63426,63436,10
13.0347204208,80.2298431396,63436,63446,10
13.0345497131,80.2298126221,63446,63456,10
13.0342798233,80.2297821045,63456,63880,424
13.034119606,80.2301177979,63880,63920,40
13.034119606,80.2301177979,63920,63930,10
13.0341901779,80.2302627563,63930,63941,11
13.0341796875,80.2304763794,63941,63961,20
13.0341796875,80.2304763794,63961,63971,10
13.0340003967,80.2305526733,63971,63981,10
13.0335702896,80.2305221558,63981,63991,10
13.0329999924,80.2305679321,63991,64001,10
13.0323801041,80.2306289673,64001,64011,10
13.0318202972,80.2306976318,64011,64021,10
13.0316400528,80.2307281494,64021,64031,10
13.0313997269,80.2307281494,64031,64041,10
13.0312404633,80.2307434082,64041,64052,11
13.0310602188,80.2307434082,64052,64062,10
13.03083992,80.230758667,64062,64072,10
13.0304603577,80.2307662964,64072,64082,10
13.0298995972,80.2308578491,64082,64102,20
13.0298995972,80.2308578491,64102,64112,10
13.029540062,80.2309036255,64112,64122,10
13.0289297104,80.2309265137,64122,64132,10
13.0282497406,80.2310180664,64132,64142,10
13.027759552,80.2310791016,64142,64152,10
13.0276899338,80.2313995361,64152,64163,11
13.0277395248,80.2319564819,64163,64173,10
13.0278396606,80.2325973511,64173,64183,10
13.0271596909,80.2329788208,64183,64223,40
13.0271596909,80.2329788208,64223,64233,10
13.0270500183,80.2330169678,64233,64243,10
13.0268602371,80.2330322266,64243,64253,10
13.0265102386,80.2330322266,64253,64264,11
13.0262403488,80.2325210571,64264,64274,10
13.0260601044,80.2318725586,64274,64284,10
13.0258998871,80.2312164307,64284,64294,10
13.0255699158,80.2304229736,64294,64304,10
13.0251398087,80.2297821045,64304,64314,10
13.0248498917,80.2293930054,64314,64324,10
13.024720192,80.2292327881,64324,64334,10
13.024479866,80.2289276123,64334,64344,10
13.0241603851,80.2284393311,64344,64354,10
13.0236597061,80.2278366089,64354,64364,10
13.0231895447,80.2275390625,64364,64385,21
13.0231895447,80.2275390625,64385,64395,10
13.0228700638,80.2273101807,64395,64405,10
13.0227203369,80.2271881104,64405,64415,10
13.0226402283,80.2270812988,64415,64425,10
13.022600174,80.2268676758,64425,64435,10
13.0222301483,80.2265396118,64435,64445,10
13.0215797424,80.226020813,64445,64455,10
13.0207195282,80.2253799438,64455,64465,10
13.019659996,80.2246704102,64465,64475,10
13.0183897018,80.2246780396,64475,64486,11
13.0170297623,80.2252426147,64486,64496,10
13.0164403915,80.2254867554,64496,64512,16
13.0156202316,80.2257995605,64512,64524,12
13.0146799088,80.2261962891,64524,64534,10
13.01404953,80.2264862061,64534,64544,10
13.0139799118,80.2265167236,64544,64554,10
13.0138702393,80.2265777588,64554,64564,10
13.0133304596,80.2266998291,64564,64574,10
13.0125598907,80.2269592285,64574,64585,11
13.0114898682,80.2273406982,64585,64594,9
13.0104999542,80.2277069092,64594,64605,11
13.0095996857,80.2278366089,64605,64614,9
13.00963974,80.2273788452,64614,64625,11
13.0099401474,80.2267227173,64625,64635,10
13.0102396011,80.2260971069,64635,64645,10
13.0104198456,80.2255630493,64645,64655,10
13.0105495453,80.2252502441,64655,64665,10
13.0107603073,80.2247314453,64665,64675,10
13.0110197067,80.2241516113,64675,64685,10
13.011179924,80.223739624,64685,64696,11
13.0114402771,80.2231903076,64696,64706,10
13.0117902756,80.2224578857,64706,64716,10
13.0120801926,80.2217025757,64716,64726,10
13.012169838,80.2212982178,64726,64736,10
13.0121002197,80.2208862305,64736,64746,10
13.0118503571,80.220199585,64746,64756,10
13.0115604401,80.2192993164,64756,64766,10
13.0112695694,80.2183609009,64766,64776,10
13.0109395981,80.2174987793,64776,64786,10
13.0106897354,80.2169265747,64786,64797,11
13.0103197098,80.2162094116,64797,64807,10
13.0100097656,80.2155914307,64807,64817,10
13.0097398758,80.2151107788,64817,64827,10
13.0093603134,80.2145767212,64827,64837,10
13.008939743,80.2140197754,64837,64847,10
13.0083799362,80.2134475708,64847,64877,30
13.0083799362,80.2134475708,64877,64887,10
13.0081996918,80.2133712769,64887,64897,10
13.0081100464,80.2133178711,64897,64908,11
13.0079402924,80.2132492065,64908,64918,10
13.0077896118,80.2131195068,64918,64928,10
13.0073795319,80.2128829956,64928,64938,10
13.0068798065,80.2127838135,64938,64948,10
13.0062303543,80.212852478,64948,64958,10
13.0055398941,80.2128677368,64958,64967,9
13.0050001144,80.2125091553,64967,64978,11
13.0045204163,80.2122573853,64978,64988,10
13.0038499832,80.2120513916,64988,64998,10
13.0037097931,80.2116622925,64998,65008,10
13.0036802292,80.2111816406,65008,65019,11
13.0036201477,80.2105789185,65019,65029,10
13.0035400391,80.2099914551,65029,65039,10
13.003569603,80.2093582153,65039,65049,10
13.003780365,80.208732605,65049,65059,10
13.0044498444,80.2088699341,65059,65069,10
13.0050802231,80.2091674805,65069,65079,10
13.0056695938,80.2094192505,65079,65089,10
13.005979538,80.2095336914,65089,65099,10
13.0061302185,80.2095870972,65099,65109,10
13.006360054,80.2096633911,65109,65119,10
13.0067396164,80.209777832,65119,65130,11
13.0067796707,80.209777832,65130,65140,10
13.0069599152,80.2098083496,65140,65150,10
13.0073099136,80.2098999023,65150,65160,10
13.0074100494,80.2099075317,65160,65170,10
13.0075597763,80.2099533081,65170,65180,10
13.0077695847,80.2099761963,65180,65210,30
13.0077695847,80.2099761963,65210,65220,10
13.0080900192,80.2100067139,65220,65231,11
13.008190155,80.2097625732,65231,65241,10
13.0080499649,80.2091369629,65241,65251,10
13.007900238,80.2082977295,65251,65261,10
13.0077800751,80.2073822021,65261,65271,10
13.0075798035,80.2063674927,65271,65281,10
13.0073204041,80.205406189,65281,65291,10
13.0069799423,80.2046508789,65291,65301,10
13.0067100525,80.2040863037,65301,65311,10
13.0063400269,80.2035369873,65311,65321,10
13.0061101913,80.2032623291,65321,65331,10
13.0060396194,80.2031402588,65331,65342,11
13.0058403015,80.2028274536,65342,65362,20
13.0058403015,80.2028274536,65362,65372,10
13.0057201385,80.2026596069,65372,65382,10
13.0055503845,80.2022476196,65382,65392,10
13.0050802231,80.2016830444,65392,65402,10
13.0042896271,80.2012786865,65402,65432,30
13.0042896271,80.2012786865,65432,65443,11
13.0040102005,80.2011489868,65443,65453,10
13.0034503937,80.200958252,65453,65463,10
13.002699852,80.2007522583,65463,65473,10
13.0020704269,80.2003479004,65473,65483,10
13.0018196106,80.2000198364,65483,65493,10
13.0016803741,80.1996078491,65493,65503,10
13.001660347,80.1993484497,65503,65513,10
13.001709938,80.1990509033,65513,65523,10
13.0017995834,80.1985931396,65523,65533,10
13.0018796921,80.1978683472,65533,65543,10
13.0018796921,80.1969604492,65543,65554,11
13.0012998581,80.1960296631,65554,65564,10
13.0006799698,80.1951599121,65564,65574,10
13.0000200272,80.1943283081,65574,65584,10
12.999329567,80.1934890747,65584,65594,10
12.998840332,80.1929092407,65594,65604,10
12.9984998703,80.1924591064,65604,65614,10
12.9981098175,80.1924209595,65614,65624,10
12.9975700378,80.1928863525,65624,65634,10
12.9970903397,80.1932830811,65634,65644,10
12.9968795776,80.1934127808,65644,65654,10
12.9963903427,80.1934280396,65654,65665,11
12.9954900742,80.1934280396,65665,65675,10
12.9945001602,80.1934585571,65675,65685,10
12.9934301376,80.1934814453,65685,65695,10
12.9924097061,80.1934967041,65695,65705,10
12.9916601181,80.1939086914,65705,65715,10
12.9913196564,80.1944580078,65715,65725,10
12.9911403656,80.1948013306,65725,65735,10
12.991109848,80.1948394775,65735,65745,10
12.9910001755,80.1949920654,65745,65755,10
12.9905595779,80.1954193115,65755,65766,11
12.9896802902,80.1956100464,65766,65776,10
12.9887399673,80.195602417,65776,65786,10
12.9877195358,80.1956176758,65786,65796,10
12.9867095947,80.1959609985,65796,65806,10
12.9856004715,80.1962280273,65806,65816,10
12.9844198227,80.1962280273,65816,65826,10
12.9834699631,80.1963806152,65826,65836,10
12.9831199646,80.1964874268,65836,65846,10
12.9828796387,80.1965789795,65846,65856,10
12.9825401306,80.1968688965,65856,65866,10
12.9823102951,80.1971206665,65866,65877,11
12.9822597504,80.1971664429,65877,65887,10
12.9821100235,80.1970901489,65887,65897,10
12.9820604324,80.1970062256,65897,65907,10
12.9820604324,80.1969985962,65907,65917,10
12.9822797775,80.1968383789,65917,65927,10
12.9827203751,80.1965484619,65927,65937,10
12.9826402664,80.1962890625,65937,65947,10
12.9821395874,80.1960372925,65947,65957,10
12.9816303253,80.1957931519,65957,65977,20
12.9816303253,80.1957931519,65977,65988,11
12.9813995361,80.1956710815,65988,65998,10
12.981089592,80.1954879761,65998,66008,10
12.9805402756,80.1952362061,66008,66018,10
12.9799003601,80.1948699951,66018,66028,10
12.979470253,80.1945495605,66028,66038,10
12.9790802002,80.1943130493,66038,66048,10
12.9783201218,80.1939926147,66048,66058,10
12.9778795242,80.193901062,66058,66068,10
12.9775800705,80.1938781738,66068,66089,21
12.9775800705,80.1938781738,66089,66099,10
12.9774503708,80.193862915,66099,66109,10
12.977060318,80.1937179565,66109,66119,10
12.9765901566,80.1934585571,66119,66129,10
12.9762296677,80.1931610107,66129,66139,10
12.9759397507,80.1929397583,66139,66149,10
12.9753303528,80.1925964355,66149,66159,10
12.9746799469,80.1923217773,66159,66169,10
12.9741802216,80.1921386719,66169,66179,10
12.9737195969,80.1919708252,66179,66189,10
12.9733200073,80.1918029785,66189,66200,11
12.9731197357,80.1917190552,66200,66210,10
12.9726696014,80.1915817261,66210,66240,30
12.9726696014,80.1915817261,66240,66250,10
12.9724702835,80.1914825439,66250,66260,10
12.9721498489,80.1913528442,66260,66270,10
12.9719800949,80.1912689209,66270,66280,10
12.9715795517,80.191078186,66280,66290,10
12.9712095261,80.1909408569,66290,66300,10
12.9709300995,80.1908035278,66300,66311,11
12.9703197479,80.1905593872,66311,66321,10
12.969909668,80.1903686523,66321,66331,10
12.9694004059,80.1901397705,66331,66341,10
12.9690504074,80.189956665,66341,66351,10
12.9684801102,80.1896820068,66351,66381,30
12.9684801102,80.1896820068,66381,66391,10
12.9682197571,80.1895675659,66391,66401,10
12.9681797028,80.1895599365,66401,66412,11
12.9677400589,80.1893692017,66412,66422,10
12.9671697617,80.189163208,66422,66432,10
12.9666595459,80.1889419556,66432,66442,10
12.9662799835,80.1887588501,66442,66452,10
12.9660396576,80.1886825562,66452,66462,10
12.9660396576,80.1886672974,66462,66472,10
12.9653501511,80.1884002686,66472,66502,30
12.9653501511,80.1884002686,66502,66512,10
12.9650402069,80.1883010864,66512,66523,11
12.9648704529,80.1882171631,66523,66533,10
12.9645500183,80.188117981,66533,66549,16
12.9635095596,80.187828064,66549,66561,12
12.9627599716,80.1876220703,66561,66571,10
12.9621601105,80.1875,66571,66581,10
12.9614601135,80.1873779297,66581,66591,10
12.9608697891,80.1873092651,66591,66601,10
12.9606599808,80.1872634888,66601,66611,10
12.9605302811,80.1872329712,66611,66621,10
12.9600601196,80.187171936,66621,66632,11
12.959400177,80.1871337891,66632,66642,10
12.9588403702,80.1870880127,66642,66652,10
12.9582300186,80.1871032715,66652,66662,10
12.9576196671,80.1870880127,66662,66672,10
12.9569702148,80.1870803833,66672,66682,10
12.9560098648,80.1870422363,66682,66722,40
12.9560098648,80.1870422363,66722,66733,11
12.9556999207,80.1870117188,66733,66743,10
12.9556102753,80.1869888306,66743,66753,10
12.9552402496,80.1869125366,66753,66763,10
12.9546499252,80.1868209839,66763,66773,10
12.9539499283,80.1867218018,66773,66783,10
12.9532403946,80.186630249,66783,66793,10
12.9525403976,80.1864776611,66793,66803,10
12.9516897202,80.1862411499,66803,66812,9
12.9508695602,80.1859512329,66812,66823,11
12.9499197006,80.1856384277,66823,66833,10
12.9495000839,80.1855316162,66833,66874,41
12.9495000839,80.1855316162,66874,66884,10
12.949139595,80.1854324341,66884,66894,10
12.9488401413,80.1852798462,66894,66904,10
12.9484901428,80.1851806641,66904,66914,10
12.9480104446,80.1850128174,66914,66924,10
12.9475498199,80.1847229004,66924,66934,10
12.9471197128,80.1844024658,66934,66945,11
12.9467000961,80.1840362549,66945,66955,10
12.9461603165,80.1836166382,66955,66965,10
12.9456596375,80.1832504272,66965,66975,10
12.9450597763,80.1830978394,66975,66985,10
12.9445695877,80.1831130981,66985,66995,10
12.9444999695,80.1831130981,66995,67005,10
12.9441604614,80.1830978394,67005,67015,10
12.9436197281,80.1830596924,67015,67025,10
12.9428901672,80.1830215454,67025,67035,10
12.9420604706,80.1829376221,67035,67045,10
12.9412202835,80.1828765869,67045,67056,11
12.9405899048,80.1828613281,67056,67066,10
12.9401102066,80.1827774048,67066,67076,10
12.9395103455,80.1826629639,67076,67116,40
12.9395103455,80.1826629639,67116,67126,10
12.9391803741,80.1825485229,67126,67136,10
12.9387998581,80.1824493408,67136,67147,11
12.9380702972,80.1823501587,67147,67157,10
12.9372997284,80.1823272705,67157,67167,10
12.9364595413,80.1823577881,67167,67177,10
12.9357795715,80.1824417114,67177,67187,10
12.9350595474,80.1824188232,67187,67197,10
12.9342002869,80.1822433472,67197,67207,10
12.9333000183,80.1820068359,67207,67217,10
12.9324598312,80.1818389893,67217,67227,10
12.9315500259,80.1817016602,67227,67237,10
12.9309301376,80.181640625,67237,67247,10
12.9308996201,80.1816329956,67247,67257,10
12.9304895401,80.181640625,67257,67268,11
12.9297103882,80.1818084717,67268,67278,10
12.9288902283,80.1820068359,67278,67288,10
12.9282398224,80.1821594238,67288,67298,10
12.9274396896,80.1823425293,67298,67308,10
12.9265003204,80.1825332642,67308,67318,10
12.9256401062,80.1826934814,67318,67328,10
12.9248800278,80.182800293,67328,67338,10
12.9241600037,80.1829223633,67338,67348,10
12.9233903885,80.1830596924,67348,67358,10
12.9225502014,80.1832275391,67358,67369,11
12.921959877,80.1834793091,67369,67379,10
12.92166996,80.1836013794,67379,67389,10
12.9213600159,80.1837081909,67389,67399,10
12.9211196899,80.1837997437,67399,67409,10
12.9206199646,80.1840133667,67409,67419,10
12.9202003479,80.1839828491,67419,67429,10
12.9200801849,80.1833724976,67429,67439,10
12.9199399948,80.1827468872,67439,67449,10
12.9199199677,80.1826629639,67449,67459,10
12.9198999405,80.1825485229,67459,67469,10
12.9197797775,80.1819992065,67469,67480,11
12.9195995331,80.1811599731,67480,67490,10
12.9194202423,80.1802520752,67490,67500,10
12.919090271,80.1793365479,67500,67510,10
12.9186296463,80.1786880493,67510,67520,10
12.9181804657,80.1778793335,67520,67530,10
12.918299675,80.176940918,67530,67540,10
12.9184503555,80.1761169434,67540,67550,10
12.9186697006,80.1753387451,67550,67560,10
12.9188604355,80.1745223999,67560,67570,10
12.9190797806,80.1736373901,67570,67580,10
12.9193096161,80.1727523804,67580,67591,11
12.9195203781,80.1719512939,67591,67601,10
12.9197502136,80.1710968018,67601,67621,20
12.9197502136,80.1710968018,67621,67631,10
12.9197797775,80.1710586548,67631,67641,10
12.9199199677,80.1706237793,67641,67651,10
12.9201803207,80.1698226929,67651,67661,10
12.9204597473,80.1689071655,67661,67671,10
12.9206895828,80.1681213379,67671,67681,10
12.9209604263,80.1672973633,67681,67692,11
12.9212999344,80.1662368774,67692,67702,10
12.921620369,80.1652832031,67702,67712,10
12.9218997955,80.1644363403,67712,67722,10
12.9220895767,80.1637496948,67722,67732,10
12.9223403931,80.1630020142,67732,67742,10
12.9225997925,80.1622009277,67742,67752,10
12.9228801727,80.1613235474,67752,67762,10
12.9230604172,80.160697937,67762,67772,10
12.9231004715,80.1605606079,67772,67782,10
12.9231300354,80.1604614258,67782,67792,10
12.9232597351,80.1599197388,67792,67803,11
12.9233598709,80.1589508057,67803,67813,10
12.9234695435,80.157913208,67813,67823,10
12.9235601425,80.1569290161,67823,67833,10
12.9236297607,80.1561813354,67833,67843,10
12.923500061,80.1554412842,67843,67853,10
12.9233798981,80.1550827026,67853,67869,16
12.9233598709,80.1550064087,67869,67881,12
12.9232597351,80.1547012329,67881,67932,51
12.9232597351,80.1547012329,67932,67941,9
12.9232397079,80.1546020508,67941,67952,11
12.9231796265,80.1542816162,67952,67962,10
12.92304039,80.1536331177,67962,67972,10
12.9228801727,80.1530227661,67972,67982,10
12.9226799011,80.152130127,67982,68033,51
12.9226799011,80.152130127,68033,68043,10
12.9227104187,80.1520233154,68043,68053,10
12.9226799011,80.1516265869,68053,68063,10
12.922659874,80.1509017944,68063,68073,10
12.9226198196,80.1499862671,68073,68083,10
12.9225702286,80.1491165161,68083,68093,10
12.9225502014,80.1482925415,68093,68103,10
12.9225502014,80.1475219727,68103,68113,10
12.9225597382,80.1470870972,68113,68124,11
12.9225101471,80.1467590332,68124,68134,10
12.9225196838,80.1464004517,68134,68144,10
12.9224996567,80.1456832886,68144,68154,10
12.9224796295,80.1447601318,68154,68164,10
12.9224300385,80.1437835693,68164,68174,10
12.9224100113,80.1435012817,68174,68184,10
12.9224004745,80.1433105469,68184,68194,10
12.9224004745,80.142906189,68194,68204,10
12.9224004745,80.1424407959,68204,68214,10
12.922369957,80.1418380737,68214,68225,11
12.9223403931,80.1414108276,68225,68235,10
12.9223299026,80.1413192749,68235,68245,10
12.9223403931,80.1407699585,68245,68255,10
12.9223403931,80.1400299072,68255,68265,10
12.9223299026,80.1392593384,68265,68275,10
12.922369957,80.1385879517,68275,68285,10
12.9224004745,80.1380691528,68285,68295,10
12.9224300385,80.1373291016,68295,68305,10
12.9224796295,80.1364822388,68305,68315,10
12.9225196838,80.1355819702,68315,68325,10
12.9225597382,80.1346893311,68325,68336,11
12.9225997925,80.1338729858,68336,68346,10
12.9226303101,80.1331176758,68346,68362,16
12.9226703644,80.1321792603,68362,68374,12
12.9226799011,80.131362915,68374,68384,10
12.9226903915,80.1312179565,68384,68394,10
12.9227199554,80.130897522,68394,68404,10
12.9227399826,80.130317688,68404,68414,10
12.9227800369,80.1297683716,68414,68424,10
12.9227800369,80.1295471191,68424,68434,10
12.9228000641,80.1291503906,68434,68445,11
12.9228200912,80.128578186,68445,68455,10
12.9228401184,80.1279907227,68455,68465,10
12.9228496552,80.1272964478,68465,68475,10
12.9228801727,80.1265487671,68475,68484,9
12.9229001999,80.1258621216,68484,68495,11
12.9229602814,80.1249389648,68495,68504,9
12.9229898453,80.1241836548,68504,68514,10
12.9230203629,80.1233520508,68514,68525,11
12.9230699539,80.122428894,68525,68535,10
12.923119545,80.1215362549,68535,68546,11
12.9231700897,80.1205596924,68546,68606,60
12.9231700897,80.1205596924,68606,68616,10
12.9232301712,80.1202697754,68616,68626,10
12.9232597351,80.1198501587,68626,68636,10
12.9232702255,80.1192932129,68636,68647,11
12.9232797623,80.118637085,68647,68657,10
12.9232797623,80.1183624268,68657,68667,10
12.9233703613,80.1176986694,68667,69262,595
12.9233703613,80.1176986694,69262,69272,10
12.9234304428,80.1173782349,69272,69282,10
12.9234399796,80.1170806885,69282,69293,11
12.9236001968,80.1168899536,69293,69303,10
12.9236001968,80.116897583,69303,69313,10
12.9235496521,80.1171417236,69313,69323,10
12.9235601425,80.1176376343,69323,69333,10
12.9236097336,80.1179199219,69333,69343,10
12.9235200882,80.1184387207,69343,69353,10
12.9234695435,80.119178772,69353,69363,10
12.9233598709,80.1198272705,69363,69373,10
12.9233198166,80.1203231812,69373,69383,10
12.9232997894,80.1204833984,69383,69393,10
12.9232597351,80.1206588745,69393,69404,11
12.9232702255,80.1208114624,69404,69414,10
12.9232397079,80.1210479736,69414,69424,10
12.9232397079,80.1213226318,69424,69555,131
12.9232397079,80.1213226318,69555,69565,10
12.9232196808,80.1215667725,69565,69575,10
12.9231996536,80.1219787598,69575,69585,10
12.9231500626,80.1227722168,69585,69595,10
12.9231004715,80.1237869263,69595,69605,10
12.92304039,80.1248931885,69605,69616,11
12.9230003357,80.1257629395,69616,69626,10
12.9229602814,80.1263198853,69626,69636,10
12.9229402542,80.1270904541,69636,69646,10
12.9229001999,80.1277389526,69646,69656,10
12.9228801727,80.1282577515,69656,69666,10
12.9228401184,80.1287231445,69666,69676,10
12.9228000641,80.1294631958,69676,69686,10
12.9227695465,80.1300506592,69686,69696,10
12.9227695465,80.1306381226,69696,69706,10
12.922750473,80.1311416626,69706,69717,11
12.9227399826,80.1315002441,69717,69727,10
12.9227104187,80.132270813,69727,69737,10
12.9226799011,80.1330871582,69737,69747,10
12.9226303101,80.1340866089,69747,69757,10
12.9225797653,80.1349563599,69757,69767,10
12.9225597382,80.1353683472,69767,69777,10
12.922539711,80.1360778809,69777,69787,10
12.9224996567,80.1368408203,69787,69797,10
12.9224596024,80.1375427246,69797,69807,10
12.9224300385,80.1383132935,69807,69817,10
12.922369957,80.1391830444,69817,69828,11
12.9223804474,80.1401901245,69828,69838,10
12.9223899841,80.1407623291,69838,69848,10
12.9224004745,80.1416625977,69848,69858,10
12.922419548,80.1425018311,69858,69868,10
12.9224300385,80.1427612305,69868,69878,10
12.9224500656,80.1428222656,69878,69888,10
12.9224500656,80.1429595947,69888,69898,10
12.9224700928,80.1432723999,69898,69908,10
12.9225196838,80.1436920166,69908,69929,21
12.9225196838,80.1436920166,69929,69939,10
12.9224996567,80.144203186,69939,69949,10
12.9225301743,80.1450500488,69949,69959,10
12.9225702286,80.1460418701,69959,69969,10
12.9226102829,80.1473007202,69969,69989,20
12.9226102829,80.1473007202,69989,69999,10
12.9225997925,80.1477279663,69999,70009,10
12.9225702286,80.1485290527,70009,70019,10
12.9226198196,80.1495437622,70019,70029,10
12.922659874,80.1505508423,70029,70040,11
12.9226903915,80.1512374878,70040,70050,10
12.9227199554,80.151512146,70050,70060,10
12.9226999283,80.1519927979,70060,70070,10
12.9228601456,80.1528167725,70070,70080,10
12.9231100082,80.1538314819,70080,70090,10
12.9233198166,80.1546401978,70090,70100,10
12.9234600067,80.155090332,70100,70110,10
12.9235801697,80.155632019,70110,70120,10
12.9236402512,80.1566009521,70120,70130,10
12.9235200882,80.1578826904,70130,70140,10
12.9233903885,80.1593093872,70140,70151,11
12.9232301712,80.1604766846,70151,70161,10
12.923119545,80.1607437134,70161,70171,10
12.9228801727,80.161491394,70171,70181,10
12.9225502014,80.1625213623,70181,70191,10
12.9222202301,80.1635284424,70191,70201,10
12.9218502045,80.1646881104,70201,70211,10
12.9214496613,80.1659164429,70211,70221,10
12.9210500717,80.1671676636,70221,70231,10
12.9207000732,80.1682510376,70231,70242,11
12.9204301834,80.1691131592,70242,70252,10
12.9201602936,80.1700286865,70252,70262,10
12.9198999405,80.1709136963,70262,70272,10
12.9197998047,80.1711883545,70272,70282,10
12.9196195602,80.1718292236,70282,70292,10
12.9193401337,80.1727981567,70292,70302,10
12.9190397263,80.1740036011,70302,70312,10
12.9187402725,80.1753005981,70312,70322,10
12.9184598923,80.1763534546,70322,70332,10
12.918390274,80.1768112183,70332,70342,10
12.9182500839,80.1775970459,70342,70352,10
12.9185600281,80.1784973145,70352,70363,11
12.9191999435,80.1794128418,70363,70373,10
12.919500351,80.1804733276,70373,70383,10
12.9197301865,80.181602478,70383,70393,10
12.9199399948,80.1825408936,70393,70403,10
12.9201602936,80.1833877563,70403,70413,10
12.9202003479,80.1835784912,70413,70423,10
12.9202899933,80.183883667,70423,70433,10
12.9204702377,80.1840286255,70433,70443,10
12.9207801819,80.183921814,70443,70453,10
12.9211997986,80.1837615967,70453,70464,11
12.9220695496,80.1834030151,70464,70474,10
12.9230699539,80.1831130981,70474,70484,10
12.9239797592,80.1829299927,70484,70494,10
12.925069809,80.1827392578,70494,70504,10
12.9262199402,80.1825714111,70504,70514,10
12.9272899628,80.1823577881,70514,70524,10
12.9282197952,80.1821365356,70524,70534,10
12.9292201996,80.1819000244,70534,70544,10
12.9301996231,80.1816482544,70544,70554,10
12.9310703278,80.1815490723,70554,70564,10
12.9314899445,80.1816101074,70564,70575,11
12.93171978,80.1816711426,70575,70585,10
12.9324197769,80.1817703247,70585,70595,10
12.933259964,80.1819610596,70595,70605,10
12.9340600967,80.1821670532,70605,70615,10
12.9349298477,80.1823883057,70615,70625,10
12.9357204437,80.1824035645,70625,70635,10
12.9364099503,80.1823120117,70635,70645,10
12.9371995926,80.182258606,70645,70655,10
12.9377698898,80.1822662354,70655,70665,10
12.9383802414,80.1823272705,70665,70676,11
12.93846035,80.1823425293,70676,70686,10
12.9386501312,80.1823730469,70686,70696,10
12.9388399124,80.1824111938,70696,70706,10
12.9390697479,80.1824569702,70706,70716,10
12.9395399094,80.1826095581,70716,70726,10
12.9401302338,80.1827392578,70726,70736,10
12.9406900406,80.1827774048,70736,70746,10
12.9413499832,80.1828079224,70746,70756,10
12.9422302246,80.1829071045,70756,70766,10
12.9432001114,80.1829833984,70766,70776,10
12.9440498352,80.1830062866,70776,70787,11
12.9447002411,80.1830368042,70787,70797,10
12.9448003769,80.1830368042,70797,70807,10
12.9453401566,80.1830825806,70807,70817,10
12.9460000992,80.1834564209,70817,70827,10
12.94672966,80.1840362549,70827,70837,10
12.9474496841,80.1846084595,70837,70847,10
12.9482603073,80.1850662231,70847,70857,10
12.9487495422,80.185218811,70857,70908,51
12.9487495422,80.185218811,70908,70918,10
12.9488801956,80.185256958,70918,70928,10
12.9490699768,80.1853103638,70928,70938,10
12.9494800568,80.1854629517,70938,70948,10
12.9499397278,80.1856002808,70948,70958,10
12.9506101608,80.1858291626,70958,70968,10
12.9514703751,80.1861190796,70968,70978,10
12.9523200989,80.186378479,70978,70988,10
12.9531402588,80.1865463257,70988,70999,11
12.9539804459,80.186668396,70999,71009,10
12.9543504715,80.1867218018,71009,71019,10
12.9545202255,80.1867370605,71019,71099,80
12.9548797607,80.1867599487,71099,71170,71
12.9551801682,80.1868209839,71170,71200,30
12.9551801682,80.1868209839,71200,71211,11
12.9556999207,80.1868972778,71211,71231,20
12.9556999207,80.1868972778,71231,71241,10
12.9559202194,80.1869277954,71241,71251,10
12.9563703537,80.186958313,71251,71261,10
12.9568099976,80.1870193481,71261,71271,10
12.957280159,80.1870422363,71271,71281,10
12.957570076,80.1870574951,71281,71291,10
12.9581804276,80.1870574951,71291,71301,10
12.9588003159,80.1870803833,71301,71312,11
12.9594097137,80.1871032715,71312,71322,10
12.9598197937,80.1871337891,71322,71332,10
12.9603500366,80.1871566772,71332,71342,10
12.960940361,80.1872711182,71342,71352,10
12.9613399506,80.1873626709,71352,71362,10
12.9613599777,80.1873626709,71362,71372,10
12.961520195,80.1873397827,71372,71382,10
12.9620895386,80.1874389648,71382,71392,10
12.9627504349,80.1875915527,71392,71402,10
12.9634103775,80.1877288818,71402,71412,10
12.9640102386,80.1879196167,71412,71423,11
12.9646701813,80.1881408691,71423,71433,10
12.9650402069,80.1882705688,71433,71443,10
12.9650802612,80.1882781982,71443,71453,10
12.9652500153,80.1883621216,71453,71463,10
12.9655199051,80.1884536743,71463,71473,10
12.965760231,80.1885528564,71473,71483,10
12.9660396576,80.188659668,71483,71493,10
12.9664096832,80.1887893677,71493,71503,10
12.9666500092,80.1889190674,71503,71513,10
12.9669399261,80.1890411377,71513,71523,10
12.9674396515,80.1892318726,71523,71534,11
12.9680099487,80.1894836426,71534,71544,10
12.9682197571,80.1895828247,71544,71554,10
12.9684200287,80.1896820068,71554,71564,10
12.968629837,80.1897583008,71564,71574,10
12.9688396454,80.1898803711,71574,71584,10
12.9691200256,80.1900100708,71584,71594,10
12.9693803787,80.1901168823,71594,71604,10
12.9698295593,80.190322876,71604,71614,10
12.9703197479,80.1905670166,71614,71624,10
12.9708404541,80.1907577515,71624,71635,11
12.9712600708,80.1909408569,71635,71644,9
12.9715995789,80.1910934448,71644,71655,11
12.9721097946,80.1913299561,71655,71665,10
12.9723901749,80.1914520264,71665,71675,10
12.9726295471,80.1915512085,71675,71685,10
12.9727602005,80.1916122437,71685,71695,10
12.9731998444,80.1917572021,71695,71705,10
12.9737300873,80.1919708252,71705,71715,10
12.9742202759,80.1921463013,71715,71725,10
12.9746398926,80.1922988892,71725,71735,10
12.9752502441,80.1925430298,71735,71746,11
12.9757995605,80.1928482056,71746,71756,10
12.976099968,80.193107605,71756,71766,10
12.9765100479,80.1933898926,71766,71776,10
12.9770498276,80.1937026978,71776,71786,10
12.9775600433,80.1938400269,71786,71796,10
12.9781198502,80.1939468384,71796,71806,10
12.9782600403,80.193977356,71806,71816,10
12.9786701202,80.1940765381,71816,71826,10
12.9791498184,80.1943283081,71826,71836,10
12.9797201157,80.1947097778,71836,71847,11
12.9802799225,80.1950836182,71847,71857,10
12.9808397293,80.195350647,71857,71867,10
12.9810495377,80.1954421997,71867,71877,10
12.9812002182,80.1955413818,71877,71887,10
12.9815502167,80.1957168579,71887,71897,10
12.9820604324,80.1959991455,71897,71907,10
12.982629776,80.1962585449,71907,71917,10
12.982919693,80.1964035034,71917,71927,10
12.9831695557,80.1962966919,71927,71937,10
12.9836196899,80.1960906982,71937,71947,10
12.9844903946,80.1959762573,71947,71958,11
12.9857997894,80.1959533691,71958,71968,10
12.9870796204,80.195602417,71968,71978,10
12.9880599976,80.1954269409,71978,71988,10
12.9889497757,80.1954421997,71988,71998,10
12.9898099899,80.1954803467,71998,72008,10
12.9907798767,80.1951065063,72008,72018,10
12.9911403656,80.1945571899,72018,72028,10
12.9912004471,80.1944274902,72028,72038,10
12.9915599823,80.193862915,72038,72048,10
12.9923496246,80.193359375,72048,72059,11
12.9935598373,80.1933670044,72059,72069,10
12.994600296,80.1933670044,72069,72079,10
12.9955196381,80.193359375,72079,72089,10
12.9963798523,80.1933288574,72089,72099,10
12.9967002869,80.1932983398,72099,72108,9
12.9967098236,80.1928863525,72108,72119,11
12.996509552,80.1921234131,72119,72129,10
12.9962596893,80.191192627,72129,72139,10
12.9960203171,80.1902770996,72139,72149,10
12.995880127,80.1895904541,72149,72159,10
12.9961700439,80.1894226074,72159,72170,11
12.9966897964,80.1900634766,72170,72180,10
12.9973802567,80.1908493042,72180,72190,10
12.9979896545,80.1916122437,72190,72200,10
12.9985799789,80.1923599243,72200,72210,10
12.9992198944,80.1931915283,72210,72220,10
12.9999599457,80.1941986084,72220,72230,10
13.0007600784,80.1951904297,72230,72240,10
13.0015001297,80.1961288452,72240,72250,10
13.0020399094,80.1973114014,72250,72260,10
13.0018501282,80.198600769,72260,72271,11
13.0017900467,80.199798584,72271,72281,10
13.0025196075,80.2006225586,72281,72291,10
13.0036401749,80.200843811,72291,72311,20
13.0036401749,80.200843811,72311,72321,10
13.0038700104,80.200920105,72321,72331,10
13.0045604706,80.201171875,72331,72341,10
13.0054397583,80.201751709,72341,72351,10
13.006070137,80.2027664185,72351,72361,10
13.0067996979,80.2034835815,72361,72371,10
13.0078001022,80.2037811279,72371,72382,11
13.0083799362,80.2031173706,72382,72392,10
13.007519722,80.2032165527,72392,72402,10
13.0075902939,80.2043762207,72402,72412,10
13.007610321,80.2055435181,72412,72422,10
13.0077600479,80.2067489624,72422,72432,10
13.0079097748,80.2078704834,72432,72442,10
13.0080499649,80.2089385986,72442,72452,10
13.0083503723,80.2100219727,72452,72462,10
13.0085897446,80.2104263306,72462,72472,10
13.0086603165,80.2104797363,72472,72483,11
13.0087995529,80.210609436,72483,72493,10
13.0089998245,80.2107467651,72493,72503,10
13.0092802048,80.2109985352,72503,72523,20
13.0092802048,80.2109985352,72523,72533,10
13.0093097687,80.2112197876,72533,72543,10
13.0090398788,80.2115020752,72543,72553,10
13.0090503693,80.2118225098,72553,72563,10
13.0091695786,80.2122879028,72563,72573,10
13.0094003677,80.2129364014,72573,72584,11
13.0096998215,80.2136993408,72584,72594,10
13.0099802017,80.2143707275,72594,72604,10
13.0101299286,80.2149505615,72604,72614,10
13.0102100372,80.2155914307,72614,72624,10
13.0104799271,80.2163009644,72624,72634,10
13.0108003616,80.217010498,72634,72644,10
13.0111598969,80.2177734375,72644,72654,10
13.0114297867,80.2185287476,72654,72664,10
13.0117902756,80.2195663452,72664,72674,10
13.012169838,80.2206192017,72674,72683,9
13.012430191,80.2212982178,72683,72695,12
13.012720108,80.2217407227,72695,72705,10
13.0131797791,80.2222671509,72705,72715,10
13.0135002136,80.2227020264,72715,72725,10
13.0139198303,80.2232513428,72725,72735,10
13.0142202377,80.2236633301,72735,72745,10
13.0146303177,80.2241592407,72745,72755,10
13.0150299072,80.2246170044,72755,72765,10
13.015130043,80.2247390747,72765,72775,10
13.015370369,80.2249526978,72775,72785,10
13.0155200958,80.2250213623,72785,72795,10
13.0159397125,80.2253265381,72795,72806,11
13.01679039,80.225227356,72806,72816,10
13.0177001953,80.2248687744,72816,72826,10
13.0186796188,80.2244720459,72826,72835,9
13.0194101334,80.2244415283,72835,72846,11
13.0201301575,80.224861145,72846,72856,10
13.0206604004,80.2252426147,72856,72866,10
13.0209798813,80.2254562378,72866,72876,10
13.0211801529,80.2256317139,72876,72886,10
13.0214500427,80.2258300781,72886,72896,10
13.0216798782,80.2260284424,72896,72907,11
13.0220603943,80.2263565063,72907,72917,10
13.0227603912,80.2269821167,72917,72927,10
13.0235395432,80.2276763916,72927,72937,10
13.0241098404,80.2282562256,72937,72947,10
13.0245704651,80.2288894653,72947,72957,10
13.0248498917,80.2292785645,72957,72967,10
13.0252199173,80.2297592163,72967,72978,11
13.0257101059,80.2305297852,72978,72988,10
13.0259504318,80.2311096191,72988,72998,10
13.0260095596,80.2313766479,72998,73008,10
13.0263900757,80.2313232422,73008,73019,11
13.0270996094,80.2311630249,73019,73029,10
13.0277395248,80.2310180664,73029,73039,10
13.0281801224,80.2309112549,73039,73048,9
13.0282897949,80.2309188843,73048,73059,11
13.0286598206,80.2308807373,73059,73069,10
13.0290803909,80.2308502197,73069,73099,30
13.0290803909,80.2308502197,73099,73109,10
13.0294399261,80.230796814,73109,73120,11
13.0299701691,80.230796814,73120,73170,50
13.0299701691,80.230796814,73170,73180,10
13.0303201675,80.230758667,73180,73190,10
13.0305595398,80.2307281494,73190,73200,10
13.0310096741,80.2307128906,73200,73210,10
13.0314903259,80.2306671143,73210,73220,10
13.0320396423,80.2306518555,73220,73230,10
13.0326299667,80.2305984497,73230,73241,11
13.0332202911,80.2305603027,73241,73251,10
13.0337400436,80.2304992676,73251,73271,20
13.0337400436,80.2304992676,73271,73281,10
13.033949852,80.2304763794,73281,73291,10
13.0343198776,80.2304382324,73291,73301,10
13.0346298218,80.2303466797,73301,73311,10
13.0348701477,80.2302398682,73311,73352,41
13.0348701477,80.2302398682,73352,73362,10
13.0350399017,80.2299499512,73362,73372,10
13.0348796844,80.229850769,73372,73382,10
13.0345401764,80.2298431396,73382,73422,40
13.0345401764,80.2298431396,73422,73432,10
13.0341501236,80.2299118042,73432,73695,263
13.0341501236,80.2302398682,73695,73816,121
13.0341501236,80.2302398682,73816,73826,10
13.0340299606,80.2305831909,73826,73836,10
13.033780098,80.2305603027,73836,73846,10
13.0332298279,80.2305679321,73846,73856,10
13.0327196121,80.2305908203,73856,73867,11
13.0323600769,80.2306289673,73867,73877,10
13.0317201614,80.2306976318,73877,73887,10
13.031370163,80.2307128906,73887,73897,10
13.0310497284,80.2307662964,73897,73988,91
13.0310497284,80.2307662964,73988,73998,10
13.0307397842,80.2307662964,73998,74008,10
13.0304098129,80.230796814,74008,74018,10
13.0296401978,80.2309036255,74018,74038,20
13.0296401978,80.2309036255,74038,74048,10
13.0295801163,80.2309036255,74048,74058,10
13.0291595459,80.2309494019,74058,74068,10
13.0285596848,80.2309875488,74068,74079,11
13.0277795792,80.2310791016,74079,74089,10
13.0276002884,80.2313995361,74089,74099,10
13.027680397,80.2321166992,74099,74109,10
13.0278196335,80.2327880859,74109,74119,10
13.0273303986,80.2329406738,74119,74129,10
13.0269603729,80.2329711914,74129,74149,20
13.0269603729,80.2329711914,74149,74159,10
13.0266504288,80.2330627441,74159,74169,10
13.0263204575,80.2328262329,74169,74179,10
13.0261096954,80.2322235107,74179,74190,11
13.0258998871,80.2314224243,74190,74200,10
13.0255699158,80.2304763794,74200,74210,10
13.0250196457,80.2296218872,74210,74220,10
13.0246200562,80.2291030884,74220,74230,10
13.0242900848,80.2286834717,74230,74240,10
13.0238704681,80.2281036377,74240,74250,10
13.0233001709,80.2276000977,74250,74260,10
13.0231103897,80.2275238037,74260,74280,20
13.0231103897,80.2275238037,74280,74291,11
13.022769928,80.227180481,74291,74301,10
13.0226202011,80.2269287109,74301,74311,10
13.0222196579,80.2265777588,74311,74321,10
13.0216197968,80.2260971069,74321,74331,10
13.021030426,80.2256393433,74331,74341,10
13.0203800201,80.2251968384,74341,74351,10
13.0200796127,80.2249832153,74351,74361,10
13.0197896957,80.2247695923,74361,74371,10
13.0192604065,80.2245483398,74371,74382,11
13.0182695389,80.2247467041,74382,74392,10
13.0172395706,80.2251663208,74392,74402,10
13.0164003372,80.2254867554,74402,74412,10
13.0156002045,80.225769043,74412,74422,10
13.0147895813,80.2261123657,74422,74432,10
13.0144500732,80.2262420654,74432,74442,10
13.0141496658,80.2263412476,74442,74458,16
13.0130395889,80.2267532349,74458,74470,12
13.0119199753,80.2271881104,74470,74480,10
13.0108499527,80.2276229858,74480,74490,10
13.0098400116,80.2279815674,74490,74501,11
13.0095596313,80.2274780273,74501,74511,10
13.0098600388,80.2268371582,74511,74521,10
13.0103397369,80.2258224487,74521,74531,10
13.0107698441,80.224822998,74531,74541,10
13.0111103058,80.2239532471,74541,74551,10
13.0112304688,80.2236404419,74551,74561,10
13.0115098953,80.2229995728,74561,74571,10
13.0117702484,80.2221984863,74571,74581,10
13.0120296478,80.2215118408,74581,74591,10
13.0121097565,80.2211914063,74591,74600,9
13.0120296478,80.2208023071,74600,74612,12
13.0117197037,80.219871521,74612,74622,10
13.0114002228,80.2189331055,74622,74632,10
13.0111398697,80.2182769775,74632,74642,10
13.0110702515,80.2180633545,74642,74652,10
13.0109901428,80.2179031372,74652,74672,20
13.0109901428,80.2179031372,74672,74682,10
13.010890007,80.2176208496,74682,74692,10
13.0108203888,80.2174224854,74692,74702,10
13.0108203888,80.2173919678,74702,74713,11
13.0106601715,80.2169876099,74713,74723,10
13.0105800629,80.2167434692,74723,74733,10
13.0103397369,80.216293335,74733,74743,10
13.0099601746,80.2155838013,74743,74753,10
13.0095596313,80.2149810791,74753,74763,10
13.0091400146,80.2144012451,74763,74773,10
13.0086803436,80.2137908936,74773,74783,10
13.0085601807,80.2136611938,74783,74793,10
13.0084495544,80.2135925293,74793,74813,20
13.0083198547,80.2134628296,74813,74834,21
13.0083198547,80.2134628296,74834,74844,10
13.0080900192,80.2133331299,74844,74884,40
13.0080900192,80.2133331299,74884,74894,10
13.0077800751,80.2131271362,74894,74904,10
13.0075397491,80.2129669189,74904,74914,10
13.0071401596,80.212852478,74914,74925,11
13.006649971,80.2128295898,74925,74935,10
13.0061101913,80.2129516602,74935,74945,10
13.0054798126,80.212928772,74945,74955,10
13.0047597885,80.212562561,74955,74965,10
13.0038099289,80.2121582031,74965,74985,20
13.0038099289,80.2121582031,74985,74995,10
13.0036497116,80.2119598389,74995,75005,10
13.0036497116,80.211730957,75005,75015,10
13.0036401749,80.2113723755,75015,75025,10
13.0036001205,80.2109680176,75025,75036,11
13.0035495758,80.2105636597,75036,75046,10
13.0034999847,80.2101364136,75046,75056,10
13.0034704208,80.2097015381,75056,75066,10
13.0035295486,80.2092819214,75066,75076,10
13.003660202,80.2088165283,75076,75086,10
13.0042104721,80.2088088989,75086,75096,10
13.0048599243,80.2091217041,75096,75106,10
13.0055303574,80.2094116211,75106,75116,10
13.0059900284,80.2095718384,75116,75126,10
13.0065603256,80.2097473145,75126,75137,11
13.0067396164,80.2097930908,75137,75147,10
13.006939888,80.2098236084,75147,75157,10
13.0075397491,80.2099533081,75157,75167,10
13.0080900192,80.2100372314,75167,75177,10
13.0080900192,80.2097015381,75177,75187,10
13.0079402924,80.2090911865,75187,75197,10
13.0078201294,80.2083129883,75197,75207,10
13.0076904297,80.2074890137,75207,75217,10
13.0075397491,80.2066192627,75217,75227,10
13.0073604584,80.2057800293,75227,75237,10
13.0071001053,80.205039978,75237,75248,11
13.0067796707,80.2043762207,75248,75258,10
13.0063800812,80.2036819458,75258,75268,10
13.005900383,80.2030029297,75268,75278,10
13.005610466,80.2024993896,75278,75288,10
13.0052404404,80.2018585205,75288,75298,10
13.0045604706,80.201423645,75298,75308,10
13.0043201447,80.2013168335,75308,75318,10
13.0042695999,80.2012863159,75318,75328,10
13.0038795471,80.2011184692,75328,75338,10
13.0032501221,80.200920105,75338,75349,11
13.0024595261,80.2006607056,75349,75359,10
13.0018701553,80.2001724243,75359,75369,10
13.0016202927,80.1996536255,75369,75379,10
13.0016202927,80.1992721558,75379,75389,10
13.0017004013,80.1987686157,75389,75399,10
13.0017995834,80.1981887817,75399,75409,10
13.0019197464,80.1975631714,75409,75419,10
13.0017595291,80.1967391968,75419,75429,10
13.0012798309,80.1960678101,75429,75439,10
13.0007400513,80.1954116821,75439,75448,9
13.0001802444,80.1947097778,75448,75460,12
12.9994697571,80.1937866211,75460,75470,10
12.9990301132,80.1931991577,75470,75480,10
12.9987201691,80.1927871704,75480,75490,10
12.9982404709,80.1923599243,75490,75499,9
12.9977703094,80.1927337646,75499,75510,11
12.9970502853,80.1932907104,75510,75520,10
12.9966497421,80.1934585571,75520,75530,10
12.9960002899,80.1934432983,75530,75540,10
12.9950799942,80.1934585571,75540,75550,10
12.9940700531,80.1934890747,75550,75561,11
12.9929199219,80.1934967041,75561,75570,9
12.9920101166,80.1935119629,75570,75581,11
12.9913902283,80.1942214966,75581,75591,10
12.9911804199,80.1945571899,75591,75601,10
12.9910202026,80.1948699951,75601,75611,10
12.9906597137,80.1952896118,75611,75621,10
12.9900302887,80.1956329346,75621,75631,10
12.9892196655,80.1956176758,75631,75641,10
12.9884004593,80.1956329346,75641,75651,10
12.9873695374,80.1957321167,75651,75661,10
12.9864597321,80.1960906982,75661,75671,10
12.9853696823,80.1962890625,75671,75682,11
12.9841098785,80.1962814331,75682,75692,10
12.9833202362,80.1964187622,75692,75702,10
12.9830904007,80.1965103149,75702,75712,10
12.9826898575,80.1967391968,75712,75722,10
12.9822702408,80.1971511841,75722,75731,9
12.9820804596,80.1971282959,75731,75742,11
12.9820699692,80.1970596313,75742,75752,10
12.9820804596,80.1969909668,75752,75762,10
12.9823999405,80.1967391968,75762,75773,11
12.9827203751,80.1964492798,75773,75833,60
12.9827203751,80.1964492798,75833,75843,10
12.9827299118,80.1962814331,75843,75863,20
12.9827299118,80.1962814331,75863,75873,10
12.9826202393,80.1962585449,75873,75884,11
12.9822397232,80.1960678101,75884,75894,10
12.9815797806,80.1957626343,75894,75914,20
12.9815797806,80.1957626343,75914,75924,10
12.9815196991,80.1957015991,75924,75934,10
12.9813499451,80.195640564,75934,75950,16
12.9808397293,80.1954269409,75950,75962,12
12.9802598953,80.1951293945,75962,75972,10
12.9797201157,80.1947631836,75972,75982,10
12.9791297913,80.1943511963,75982,75993,11
12.9784898758,80.1940536499,75993,76003,10
12.9774999619,80.1938705444,76003,76023,20
12.9774999619,80.1938705444,76023,76032,9
12.977350235,80.1938171387,76032,76043,11
12.9769601822,80.193687439,76043,76053,10
12.9764795303,80.193397522,76053,76063,10
12.9759998322,80.1930007935,76063,76073,10
12.9753904343,80.1926193237,76073,76083,10
12.9747600555,80.1923828125,76083,76094,11
12.9743299484,80.1922302246,76094,76104,10
12.9738397598,80.1920471191,76104,76114,10
12.9733896255,80.1918869019,76114,76124,10
12.9728498459,80.1916885376,76124,76134,10
12.9725799561,80.1915817261,76134,76144,10
12.9722604752,80.1914520264,76144,76154,10
12.9720897675,80.191368103,76154,76164,10
12.9720201492,80.1913299561,76164,76174,10
12.971619606,80.1911392212,76174,76184,10
12.9710102081,80.1908798218,76184,76194,10
12.9705295563,80.1906814575,76194,76205,11
12.9700202942,80.1904678345,76205,76215,10
12.9696302414,80.1902770996,76215,76225,10
12.9691495895,80.190071106,76225,76235,10
12.9687204361,80.1898727417,76235,76244,9
12.9682502747,80.1896362305,76244,76255,11
12.9679803848,80.1895294189,76255,76265,10
12.967880249,80.1894683838,76265,76275,10
12.96737957,80.1892623901,76275,76285,10
12.966799736,80.1890182495,76285,76295,10
12.9662303925,80.1887969971,76295,76306,11
12.9656801224,80.1885681152,76306,76316,10
12.9652299881,80.1883773804,76316,76326,10
12.9648599625,80.1882324219,76326,76336,10
12.9648504257,80.1882324219,76336,76346,10
12.9647397995,80.1881866455,76346,76356,10
12.9643096924,80.1880264282,76356,76366,10
12.9637203217,80.1878585815,76366,76376,10
12.9631996155,80.1876983643,76376,76386,10
12.9626197815,80.1875991821,76386,76396,10
12.9620704651,80.1875,76396,76406,10
12.9614400864,80.1874008179,76406,76417,11
12.9607601166,80.1873016357,76417,76427,10
12.960729599,80.187286377,76427,76437,10
12.9604902267,80.1872406006,76437,76447,10
12.9600801468,80.1871795654,76447,76457,10
12.9596004486,80.1871414185,76457,76467,10
12.9589796066,80.1870803833,76467,76477,10
12.9583396912,80.1870574951,76477,76487,10
12.957859993,80.1871032715,76487,76497,10
12.9573497772,80.1870803833,76497,76507,10
12.9566297531,80.1870422363,76507,76517,10
12.9558000565,80.1869888306,76517,76544,27
12.9558000565,80.1869888306,76544,76556,12
12.955619812,80.1869812012,76556,76566,10
12.9555597305,80.1869735718,76566,76576,10
12.955329895,80.186920166,76576,76584,8
12.954870224,80.1868515015,76584,76596,12
12.9541597366,80.1867370605,76596,76606,10
12.9534101486,80.1866226196,76606,76616,10
12.9526195526,80.1865005493,76616,76627,11
12.9517803192,80.1862716675,76627,76637,10
12.9511899948,80.186088562,76637,76647,10
12.9506902695,80.1859130859,76647,76657,10
12.9502496719,80.1857376099,76657,76667,10
12.9496603012,80.1855621338,76667,76677,10
12.9492797852,80.1854782104,76677,76748,71
12.9492797852,80.1854782104,76748,76758,10
12.9490098953,80.1853713989,76758,76768,10
12.9486598969,80.1852264404,76768,76778,10
12.9482002258,80.1850814819,76778,76788,10
12.9476995468,80.1848220825,76788,76798,10
12.94713974,80.1844024658,76798,76808,10
12.9466104507,80.1839828491,76808,76818,10
12.9460897446,80.1835784912,76818,76828,10
12.945520401,80.1831588745,76828,76839,11
12.9444599152,80.1830673218,76839,76859,20
12.9444599152,80.1830673218,76859,76869,10
12.9440698624,80.183052063,76869,76879,10
12.9433803558,80.1830062866,76879,76889,10
12.9425096512,80.1829681396,76889,76899,10
12.9416399002,80.1828613281,76899,76909,10
12.9408197403,80.1827774048,76909,76919,10
12.9402799606,80.1827774048,76919,76929,10
12.9397602081,80.1827011108,76929,76939,10
12.9394598007,80.1826171875,76939,76960,21
12.9394598007,80.1826171875,76960,76970,10
12.9393501282,80.1825790405,76970,76980,10
12.9389400482,80.182472229,76980,76990,10
12.9384803772,80.1823577881,76990,77000,10
12.9377298355,80.1822891235,77000,77010,10
12.9373703003,80.1822662354,77010,77020,10
12.9368200302,80.1822814941,77020,77030,10
12.9361495972,80.1823272705,77030,77040,10
12.9354801178,80.1824111938,77040,77051,11
12.9345798492,80.1823196411,77051,77061,10
12.933719635,80.1821136475,77061,77071,10
12.9328403473,80.1819000244,77071,77081,10
12.9319000244,80.1817169189,77081,77091,10
12.9307403564,80.181602478,77091,77111,20
12.9307403564,80.181602478,77111,77121,10
12.9304103851,80.1816177368,77121,77131,10
12.9297399521,80.1817626953,77131,77141,10
12.9289398193,80.1819610596,77141,77151,10
12.928030014,80.1821670532,77151,77162,11
12.9270801544,80.1823883057,77162,77172,10
12.9262304306,80.1825485229,77172,77182,10
12.9252996445,80.1827163696,77182,77192,10
12.9243497849,80.1828613281,77192,77202,10
12.9234399796,80.1830368042,77202,77212,10
12.922659874,80.1831588745,77212,77222,10
12.9217500687,80.1835021973,77222,77232,10
12.9208097458,80.1838912964,77232,77253,21
12.9208097458,80.1838912964,77253,77263,10
12.920800209,80.1838989258,77263,77273,10
12.9204702377,80.1840362549,77273,77283,10
12.920129776,80.1837768555,77283,77293,10
12.9199800491,80.1829833984,77293,77303,10
12.9198904037,80.1826095581,77303,77313,10
12.9198102951,80.182258606,77313,77323,10
12.9196395874,80.1814880371,77323,77333,10
12.9194402695,80.180519104,77333,77343,10
12.9191799164,80.1794891357,77343,77353,10
12.9186296463,80.1786804199,77353,77363,10
12.9181404114,80.1776580811,77363,77374,11
12.9183502197,80.1764373779,77374,77384,10
12.9186201096,80.1753616333,77384,77394,10
12.9188899994,80.1742401123,77394,77404,10
12.9191799164,80.1730804443,77404,77414,10
12.9194402695,80.172088623,77414,77424,10
12.9196195602,80.1713562012,77424,77434,10
12.9197301865,80.1710205078,77434,77444,10
12.9198303223,80.1707229614,77444,77454,10
12.9200801849,80.1699829102,77454,77464,10
12.9203796387,80.1690368652,77464,77473,9
12.9206399918,80.1682662964,77473,77485,12
12.9209899902,80.1671676636,77485,77495,10
12.9212799072,80.1662521362,77495,77505,10
12.9215803146,80.1653594971,77505,77515,10
12.9218702316,80.1644592285,77515,77525,10
12.9221601486,80.1634597778,77525,77535,10
12.9224796295,80.162437439,77535,77545,10
12.9228096008,80.1614074707,77545,77555,10
12.92304039,80.1606216431,77555,77565,10
12.9230604172,80.1605606079,77565,77575,10
12.9231996536,80.1601486206,77575,77586,11
12.923330307,80.1592407227,77586,77596,10
12.9234304428,80.1581802368,77596,77606,10
12.9235200882,80.1571426392,77606,77616,10
12.923620224,80.156211853,77616,77626,10
12.92345047,80.1553497314,77626,77636,10
12.9233198166,80.154876709,77636,77646,10
12.9232196808,80.1544723511,77646,77656,10
12.92304039,80.1537094116,77656,77666,10
12.9226999283,80.1525802612,77666,77687,21
12.9226999283,80.1525802612,77687,77697,10
12.9226903915,80.1521911621,77697,77707,10
12.9226398468,80.1517410278,77707,77717,10
12.9225997925,80.1509170532,77717,77727,10
12.9225702286,80.1500320435,77727,77737,10
12.9225301743,80.1491088867,77737,77747,10
12.9225196838,80.1483230591,77747,77757,10
12.9224901199,80.1475830078,77757,77767,10
12.9224796295,80.1470184326,77767,77777,10
12.9224901199,80.1467437744,77777,77787,10
12.9224996567,80.146270752,77787,77798,11
12.9224700928,80.1455001831,77798,77808,10
12.9224395752,80.1446609497,77808,77818,10
12.9224395752,80.1438217163,77818,77827,9
12.9224004745,80.1430587769,77827,77838,11
12.9223804474,80.1422424316,77838,77848,10
12.9223604202,80.1418762207,77848,77858,10
12.9223804474,80.1416168213,77858,77868,10
12.922369957,80.1411590576,77868,77878,10
12.9223499298,80.1405181885,77878,77888,10
12.9223499298,80.1397628784,77888,77899,11
12.9223604202,80.1388778687,77899,77909,10
12.922419548,80.1380386353,77909,77919,10
12.9224500656,80.1371765137,77919,77929,10
12.9224996567,80.1362991333,77929,77939,10
12.9225301743,80.135383606,77939,77949,10
12.9225702286,80.1343994141,77949,77959,10
12.9226303101,80.1333999634,77959,77969,10
12.9226398468,80.132598877,77969,77979,10
12.922659874,80.1317825317,77979,77989,10
12.9227104187,80.1311035156,77989,77999,10
12.9227399826,80.1304321289,77999,78010,11
12.9227800369,80.1297836304,78010,78020,10
12.9228200912,80.1291503906,78020,78030,10
12.9228696823,80.1284713745,78030,78040,10
12.9228801727,80.1277694702,78040,78050,10
12.9228897095,80.1269607544,78050,78060,10
12.9229202271,80.1260528564,78060,78070,10
12.9229602814,80.1250762939,78070,78080,10
12.9230098724,80.1239471436,78080,78090,10
12.9230699539,80.1228027344,78090,78100,10
12.9231300354,80.1216583252,78100,78110,10
12.9231796265,80.12084198,78110,78131,21
12.9231796265,80.12084198,78131,78141,10
12.9232196808,80.1205062866,78141,78151,10
12.9232301712,80.1200714111,78151,78161,10
12.9232702255,80.1194610596,78161,78171,10
12.9232501984,80.1189422607,78171,78181,10
12.9232597351,80.1184234619,78181,78191,10
12.9233903885,80.1177825928,78191,78201,10
12.9234600067,80.1172714233,78201,78211,10
12.9234399796,80.1169891357,78211,78222,11
12.9236001968,80.116859436,78222,78232,10
12.9236097336,80.1168823242,78232,78242,10
12.9236297607,80.1169433594,78242,78252,10
12.9235601425,80.1172714233,78252,78262,10
12.9236001968,80.1177520752,78262,78272,10
12.9235401154,80.1182022095,78272,78282,10
12.9234600067,80.1189498901,78282,78292,10
12.9233703613,80.119682312,78292,78302,10
12.9232997894,80.1203918457,78302,78312,10
12.9232797623,80.1212081909,78312,78504,192
12.9232797623,80.1212081909,78504,78514,10
12.9232196808,80.1214981079,78514,78524,10
12.9231901169,80.1221618652,78524,78534,10
12.9231300354,80.123046875,78534,78545,11
12.9231100082,80.1240997314,78545,78555,10
12.9230699539,80.1249237061,78555,78565,10
12.9230499268,80.1253814697,78565,78575,10
12.9230499268,80.1253967285,78575,78585,10
12.9230604172,80.12550354,78585,78595,10
12.9230003357,80.1259231567,78595,78605,10
12.9229898453,80.1264724731,78605,78615,10
12.9229803085,80.1271286011,78615,78625,10
12.9229297638,80.1276702881,78625,78635,10
12.9229001999,80.1282196045,78635,78646,11
12.9228601456,80.1287765503,78646,78656,10
12.9228096008,80.1294326782,78656,78666,10
12.9227800369,80.1301116943,78666,78676,10
12.9227600098,80.1308288574,78676,78686,10
12.9227399826,80.1313323975,78686,78696,10
12.9227399826,80.1320877075,78696,78706,10
12.9226999283,80.1330566406,78706,78716,10
12.9226503372,80.1340408325,78716,78726,10
12.9225997925,80.1350097656,78726,78736,10
12.9225597382,80.1358795166,78736,78746,10
12.9225301743,80.1366577148,78746,78757,11
12.9224901199,80.1375427246,78757,78767,10
12.9224500656,80.1383514404,78767,78777,10
12.9223899841,80.1391830444,78777,78787,10
12.9224004745,80.1400604248,78787,78797,10
12.922419548,80.1408004761,78797,78807,10
12.9224395752,80.1416168213,78807,78817,10
12.9224500656,80.1422805786,78817,78827,10
12.9224796295,80.1428909302,78827,78843,16
12.9225196838,80.1438903809,78843,78855,12
12.922539711,80.1447372437,78855,78866,11
12.9225997925,80.1458435059,78866,78876,10
12.9226102829,80.1468429565,78876,78886,10
12.9226303101,80.1474304199,78886,78896,10
12.9226198196,80.1480865479,78896,78906,10
12.9226102829,80.1488800049,78906,78916,10
12.9226503372,80.1498794556,78916,78926,10
12.9226999283,80.1509475708,78926,78936,10
12.9227199554,80.1516799927,78936,78946,10
12.9227695465,80.1523208618,78946,78956,10
12.922949791,80.1530838013,78956,78967,11
12.9231996536,80.1540603638,78967,78977,10
12.9234104156,80.1548309326,78977,78987,10
12.9236402512,80.1557312012,78987,78997,10
12.9236402512,80.1567611694,78997,79007,10
12.9235401154,80.1579589844,79007,79017,10
12.9234304428,80.1592025757,79017,79027,10
12.9232997894,80.1602783203,79027,79037,10
12.9229898453,80.1613235474,79037,79047,10
12.9225702286,80.1625289917,79047,79057,10
12.9222002029,80.1636734009,79057,79068,11
12.9217796326,80.1649475098,79068,79078,10
12.9213895798,80.1661911011,79078,79088,10
12.920999527,80.1674423218,79088,79104,16
12.9204301834,80.1692276001,79104,79116,12
12.9200201035,80.1705627441,79116,79126,10
12.9198303223,80.1711807251,79126,79136,10
12.9197397232,80.1714477539,79136,79146,10
12.9195995331,80.1718826294,79146,79156,10
12.9194202423,80.1726379395,79156,79166,10
12.9191904068,80.1734619141,79166,79176,10
12.9189395905,80.1744766235,79176,79187,11
12.9187002182,80.1755371094,79187,79197,10
12.9184799194,80.1763763428,79197,79207,10
12.9183797836,80.176940918,79207,79217,10
12.9182796478,80.1778793335,79217,79227,10
12.9187202454,80.1786422729,79227,79237,10
12.9192199707,80.1793899536,79237,79247,10
12.919500351,80.1803512573,79247,79257,10
12.9196996689,80.1813430786,79257,79267,10
12.9199304581,80.1823196411,79267,79277,10
12.9200801849,80.1829681396,79277,79288,11
12.9201202393,80.1831130981,79288,79298,10
12.9202299118,80.1835479736,79298,79308,10
12.9202804565,80.1837615967,79308,79318,10
12.9203796387,80.1839981079,79318,79328,10
12.9205999374,80.1839523315,79328,79338,10
12.9211101532,80.1837692261,79338,79348,10
12.9218301773,80.1834869385,79348,79358,10
12.922750473,80.1831588745,79358,79368,10
12.9236001968,80.1829910278,79368,79378,10
12.9244804382,80.1828231812,79378,79389,11
12.9255800247,80.1826477051,79389,79399,10
12.926440239,80.1825027466,79399,79409,10
12.9272499084,80.1823196411,79409,79419,10
12.9281597137,80.1821212769,79419,79429,10
12.9290399551,80.1819076538,79429,79439,10
12.9298801422,80.1817016602,79439,79449,10
12.9303798676,80.1815490723,79449,79459,10
12.9313697815,80.1815414429,79459,79479,20
12.9313697815,80.1815414429,79479,79490,11
12.9314603806,80.1815490723,79490,79500,10
12.9319801331,80.1816635132,79500,79510,10
12.9328098297,80.1818008423,79510,79520,10
12.9336595535,80.1819992065,79520,79530,10
12.9345302582,80.182220459,79530,79540,10
12.9352502823,80.1823425293,79540,79550,10
12.9352798462,80.1823425293,79550,79560,10
12.9355697632,80.1823501587,79560,79570,10
12.9361696243,80.1822814941,79570,79580,10
12.9369401932,80.182220459,79580,79590,10
12.937669754,80.182220459,79590,79600,10
12.9384803772,80.1822814941,79600,79611,11
12.9389400482,80.1823577881,79611,79621,10
12.9392595291,80.1824569702,79621,79631,10
12.9398298264,80.1826171875,79631,79641,10
12.9405498505,80.1827087402,79641,79651,10
12.9413499832,80.1827316284,79651,79661,10
12.9423303604,80.1828536987,79661,79671,10
12.9433498383,80.1829071045,79671,79681,10
12.9442596436,80.1829528809,79681,79691,10
12.9448795319,80.1829681396,79691,79701,10
12.9454898834,80.1830368042,79701,79712,11
12.9462404251,80.1835708618,79712,79722,10
12.9469499588,80.1841430664,79722,79732,10
12.9476604462,80.1846923828,79732,79742,10
12.9487695694,80.1851425171,79742,79802,60
12.9487695694,80.1851425171,79802,79813,11
12.9491996765,80.185256958,79813,79823,10
12.949839592,80.1854934692,79823,79833,10
12.9506597519,80.185760498,79833,79843,10
12.9515695572,80.1860580444,79843,79853,10
12.9525299072,80.186340332,79853,79863,10
12.9534597397,80.1865081787,79863,79873,10
12.9542398453,80.186630249,79873,79882,9
12.9549398422,80.1867218018,79882,79893,11
12.9555597305,80.1868133545,79893,79902,9
12.9559803009,80.1868667603,79902,79914,12
12.9562101364,80.1868972778,79914,79924,10
12.9564599991,80.186920166,79924,79934,10
12.9570102692,80.1869888306,79934,79944,10
12.9577798843,80.18699646,79944,79954,10
12.9586296082,80.18699646,79954,79964,10
12.9591903687,80.1870269775,79964,79974,10
12.9594497681,80.1870574951,79974,79984,10
12.9600095749,80.1870803833,79984,79994,10
12.9605998993,80.1871490479,79994,80004,10
12.9610996246,80.1872634888,80004,80014,10
12.9617004395,80.1873474121,80014,80024,10
12.9624595642,80.1875,80024,80035,11
12.9632196426,80.1876373291,80035,80045,10
12.9637002945,80.18775177,80045,80054,9
12.9641599655,80.1879196167,80054,80065,11
12.9647598267,80.1881103516,80065,80075,10
12.9651298523,80.1882629395,80075,80085,10
12.9654397964,80.1884002686,80085,80095,10
12.9656801224,80.1884689331,80095,80105,10
12.9660100937,80.1886062622,80105,80115,10
12.9665203094,80.1888122559,80115,80125,10
12.9672403336,80.1890869141,80125,80136,11
12.9680404663,80.1894378662,80136,80146,10
12.968629837,80.1897277832,80146,80156,10
12.9688501358,80.1898193359,80156,80166,10
12.9690198898,80.1898880005,80166,80176,10
12.9694900513,80.1901321411,80176,80186,10
12.9700403214,80.1903762817,80186,80196,10
12.9706096649,80.1906280518,80196,80206,10
12.9712400436,80.19090271,80206,80216,10
12.9718599319,80.1911697388,80216,80226,10
12.9724397659,80.1914215088,80226,80237,11
12.972820282,80.1915664673,80237,80247,10
12.9733104706,80.1917495728,80247,80257,10
12.9738101959,80.1919403076,80257,80267,10
12.9743003845,80.1921310425,80267,80277,10
12.9748001099,80.1923065186,80277,80287,10
12.9752998352,80.1924972534,80287,80297,10
12.9757404327,80.1927566528,80297,80307,10
12.9761800766,80.1930923462,80307,80317,10
12.9765796661,80.1933670044,80317,80327,10
12.9771404266,80.1936721802,80327,80337,10
12.9776802063,80.1938018799,80337,80348,11
12.9783201218,80.1939086914,80348,80358,10
12.9786996841,80.1940383911,80358,80368,10
12.9792299271,80.1943283081,80368,80378,10
12.9798202515,80.1947631836,80378,80388,10
12.9804697037,80.1951370239,80388,80398,10
12.9810800552,80.1954421997,80398,80408,10
12.9816598892,80.1957397461,80408,80418,10
12.9822597504,80.1960372925,80418,80428,10
12.9827899933,80.1963119507,80428,80438,10
12.9829902649,80.1963424683,80438,80448,10
12.9834699631,80.1960983276,80448,80459,11
12.9843902588,80.1959762573,80459,80469,10
12.9854001999,80.1959762573,80469,80479,10
12.9864597321,80.1957702637,80479,80489,10
12.9874897003,80.1954574585,80489,80499,10
12.9884395599,80.1954193115,80499,80509,10
12.9894504547,80.1954193115,80509,80519,10
12.9904298782,80.1953125,80519,80529,10
12.990940094,80.1948318481,80529,80539,10
12.9911899567,80.1944580078,80539,80549,10
12.9915103912,80.1939086914,80549,80560,11
12.9923200607,80.1933135986,80560,80570,10
12.9934597015,80.1933135986,80570,80586,16
12.9949703217,80.1932907104,80586,80598,12
12.9963102341,80.1932373047,80598,80628,30
12.9963102341,80.1932373047,80628,80638,10
12.996629715,80.1932373047,80638,80648,10
12.9967803955,80.1930465698,80648,80658,10
12.9966201782,80.1924591064,80658,80669,11
12.9963302612,80.1915435791,80669,80699,30
12.9963302612,80.1915435791,80699,80709,10
12.9964399338,80.1913528442,80709,80719,10
12.9967002869,80.191078186,80719,80860,141
12.9967002869,80.191078186,80860,80870,10
12.9967699051,80.190788269,80870,81204,334
12.9970197678,80.1909408569,81204,81607,403
12.9970197678,80.1909408569,81607,81618,11
12.9971103668,80.1911621094,81618,81628,10
12.9970197678,80.1913833618,81628,85938,4310
12.9970197678,80.1913833618,85938,85948,10
