13.0990800858,80.2415618896,19,6427,6408
13.0991802216,80.2416229248,6427,6972,545
13.0991601944,80.2415618896,6972,7870,898
13.0992002487,80.2416992188,7870,8455,585
13.0992002487,80.2416992188,8455,8465,10
13.0991401672,80.2415924072,8465,9285,820
13.0992002487,80.2417678833,9285,9345,60
13.0991201401,80.2417068481,9345,10415,1070
13.0991201401,80.2417068481,10415,10425,10
13.0990495682,80.2414016724,10425,10435,10
13.0991096497,80.2412033081,10435,10445,10
13.0991401672,80.2410507202,10445,10455,10
13.0991096497,80.2408828735,10455,10465,10
13.0991201401,80.2406311035,10465,10475,10
13.0991601944,80.2403793335,10475,10486,11
13.0991802216,80.2401809692,10486,10496,10
13.0988502502,80.2401275635,10496,10506,10
13.0986204147,80.2401428223,10506,10516,10
13.0986404419,80.2404708862,10516,13432,2916
13.0986404419,80.2404708862,13432,13442,10
13.098400116,80.2405014038,13442,14139,697
13.098400116,80.2405014038,14139,14149,10
13.0984401703,80.2404098511,14149,14159,10
13.0985202789,80.2404174805,14159,14169,10
13.0984601974,80.2403335571,14169,18094,3925
13.0983600616,80.240447998,18094,18346,252
13.0984096527,80.2403717041,18346,20677,2331
13.0984096527,80.2403717041,20677,20687,10
13.0984802246,80.2406463623,20687,20698,11
13.0984897614,80.2410507202,20698,20708,10
13.0984697342,80.2413406372,20708,20809,101
13.0984697342,80.2413406372,20809,20819,10
13.0985803604,80.2414016724,20819,20829,10
13.0988197327,80.241607666,20829,20970,141
13.0988197327,80.241607666,20970,20980,10
13.0987901688,80.2419509888,20980,21162,182
13.0987901688,80.2419509888,21162,21172,10
13.0987195969,80.2422714233,21172,21182,10
13.0985603333,80.2423629761,21182,21192,10
13.09815979,80.2423019409,21192,21202,10
13.0976200104,80.2422332764,21202,21212,10
13.0974397659,80.2420578003,21212,21222,10
13.097530365,80.2416000366,21222,21232,10
13.0976295471,80.2410430908,21232,21243,11
13.0976896286,80.2404022217,21243,21253,10
13.0977296829,80.2397689819,21253,21263,10
13.0977602005,80.2393188477,21263,21273,10
13.0978298187,80.2387008667,21273,21283,10
13.0979003906,80.2382507324,21283,21292,9
13.0979995728,80.2375793457,21292,21303,11
13.0980300903,80.2373809814,21303,21313,10
13.0981397629,80.2368774414,21313,21323,10
13.0982398987,80.2362365723,21323,21333,10
13.0983495712,80.2356796265,21333,21343,10
13.0984296799,80.2350387573,21343,21354,11
13.0985403061,80.2342071533,21354,21364,10
13.0986099243,80.2334365845,21364,21374,10
13.0986795425,80.2328796387,21374,21384,10
13.0987796783,80.2325210571,21384,21394,10
13.0989999771,80.2318267822,21394,21404,10
13.0993204117,80.2310409546,21404,21414,10
13.0995798111,80.2303390503,21414,21424,10
13.0997400284,80.229637146,21424,21434,10
13.0998601913,80.2289276123,21434,21444,10
13.1000003815,80.2282104492,21444,21454,10
13.100060463,80.2274475098,21454,21464,10
13.1000299454,80.2265777588,21464,21475,11
13.0999403,80.2256774902,21475,21485,10
13.0998001099,80.224861145,21485,21495,10
13.0995702744,80.2240829468,21495,21505,10
13.0993299484,80.2236862183,21505,21515,10
13.0990800858,80.2233734131,21515,21525,10
13.0988702774,80.2230987549,21525,21535,10
13.098739624,80.2227935791,21535,21545,10
13.0987501144,80.2220611572,21545,21555,10
13.0988798141,80.2210998535,21555,21565,10
13.0990600586,80.2201004028,21565,21576,11
13.0991802216,80.2194519043,21576,21586,10
13.0992202759,80.2192382813,21586,21596,10
13.0993099213,80.2186203003,21596,21606,10
13.0994596481,80.2177276611,21606,21616,10
13.0995903015,80.2170791626,21616,21626,10
13.0999002457,80.2162399292,21626,21636,10
13.0999603271,80.2157516479,21636,21646,10
13.1001195908,80.2154006958,21646,21656,10
13.1002397537,80.2146911621,21656,21676,20
13.1002397537,80.2146911621,21676,21687,11
13.1000003815,80.2144699097,21687,21697,10
13.099650383,80.2143783569,21697,21707,10
13.0990200043,80.2141876221,21707,21717,10
13.0984601974,80.2141113281,21717,21727,10
13.0982103348,80.2146682739,21727,21737,10
13.0978603363,80.2154769897,21737,21747,10
13.0974903107,80.2163772583,21747,21757,10
13.0973596573,80.216758728,21757,21767,10
13.0972900391,80.2169494629,21767,21777,10
13.0972003937,80.2171401978,21777,21787,10
13.0969800949,80.2177581787,21787,21797,10
13.0968399048,80.218170166,21797,21808,11
13.0966796875,80.2186279297,21808,21818,10
13.0964202881,80.2194290161,21818,21828,10
13.0960597992,80.2204437256,21828,21838,10
13.0957403183,80.2213668823,21838,21848,10
13.0954704285,80.2221374512,21848,21858,10
13.0950603485,80.2231369019,21858,21868,10
13.0944099426,80.2241363525,21868,21878,10
13.0937204361,80.2250213623,21878,21888,10
13.0929698944,80.2258224487,21888,21897,9
13.0922498703,80.2265625,21897,21907,10
13.091460228,80.2273864746,21907,21919,12
13.0912399292,80.2276382446,21919,21929,10
13.0909700394,80.2279205322,21929,21939,10
13.0904598236,80.2284622192,21939,21949,10
13.0897703171,80.2292098999,21949,21959,10
13.0892295837,80.2300567627,21959,21969,10
13.089099884,80.2303390503,21969,21979,10
13.0888595581,80.2308731079,21979,21989,10
13.0888004303,80.2309799194,21989,21999,10
13.0885896683,80.2314605713,21999,22009,10
13.0883398056,80.2322769165,22009,22019,10
13.0881004333,80.2333908081,22019,22030,11
13.0879602432,80.2342987061,22030,22040,10
13.0873003006,80.2344970703,22040,22056,16
13.0861597061,80.234413147,22056,22068,12
13.0859804153,80.2343673706,22068,22078,10
13.0856304169,80.2342910767,22078,22088,10
13.0847702026,80.2341003418,22088,22098,10
13.0839500427,80.2339172363,22098,22108,10
13.0834503174,80.2338104248,22108,22118,10
13.0826301575,80.2336730957,22118,22128,10
13.0823898315,80.2336196899,22128,22139,11
13.0819997787,80.2335662842,22139,22149,10
13.0812501907,80.233543396,22149,22159,10
13.0803699493,80.2335205078,22159,22169,10
13.0795297623,80.2335205078,22169,22179,10
13.0793104172,80.2335586548,22179,22188,9
13.0788402557,80.2335586548,22188,22199,11
13.0779304504,80.2335891724,22199,22209,10
13.0770101547,80.2336807251,22209,22219,10
13.076089859,80.2338790894,22219,22229,10
13.0758495331,80.2340927124,22229,22239,10
13.0759801865,80.2346420288,22239,22250,11
13.0761804581,80.2357406616,22250,22260,10
13.0763502121,80.2368164063,22260,22270,10
13.0764703751,80.2372817993,22270,22280,10
13.0764703751,80.2372970581,22280,22290,10
13.076499939,80.237487793,22290,22300,10
13.0766201019,80.2380599976,22300,22310,10
13.0768098831,80.2388763428,22310,22320,10
13.0770702362,80.2399520874,22320,22330,10
13.0771799088,80.2406616211,22330,22340,10
13.0765199661,80.2405929565,22340,22350,10
13.0755796432,80.2405319214,22350,22361,11
13.0743999481,80.2405471802,22361,22371,10
13.0733499527,80.240737915,22371,22381,10
13.0723896027,80.2411117554,22381,22391,10
13.0714197159,80.2416763306,22391,22401,10
13.0704698563,80.2419891357,22401,22411,10
13.0700502396,80.2420883179,22411,22421,10
13.0697698593,80.2421417236,22421,22431,10
13.0691604614,80.2423782349,22431,22441,10
13.0683403015,80.2426376343,22441,22451,10
13.0672998428,80.2429962158,22451,22461,10
13.0663604736,80.2434463501,22461,22478,17
13.0662698746,80.2450180054,22478,22490,12
13.0666904449,80.2460174561,22490,22498,8
13.0673599243,80.2462921143,22498,22510,12
13.0678596497,80.2466201782,22510,22520,10
13.067899704,80.2468338013,22520,22529,9
13.067899704,80.2473602295,22529,22540,11
13.0673503876,80.2479171753,22540,22552,12
13.0660400391,80.247833252,22552,22562,10
13.0648603439,80.2477493286,22562,22572,10
13.063659668,80.2476577759,22572,22583,11
13.0623598099,80.2476119995,22583,22593,10
13.0614004135,80.2472076416,22593,22603,10
13.0616102219,80.2466201782,22603,22613,10
13.0618600845,80.2457427979,22613,22622,9
13.0624399185,80.2449188232,22622,22633,11
13.0630197525,80.2444534302,22633,22643,10
13.0631198883,80.2443008423,22643,22653,10
13.0632095337,80.2442321777,22653,22663,10
13.0634202957,80.2438278198,22663,22673,10
13.0631399155,80.2434768677,22673,22683,10
13.0623397827,80.2433166504,22683,22694,11
13.0615100861,80.2431793213,22694,22704,10
13.0609397888,80.2430267334,22704,22714,10
13.0601196289,80.2427368164,22714,22724,10
13.0592098236,80.2425003052,22724,22734,10
13.0587997437,80.2425689697,22734,22744,10
13.0586500168,80.2425994873,22744,22754,10
13.0581102371,80.2426986694,22754,22764,10
13.0572795868,80.242767334,22764,22774,10
13.0564603806,80.2425765991,22774,22784,10
13.0557203293,80.2422714233,22784,22794,10
13.0548200607,80.2423477173,22794,22810,16
13.0537204742,80.2422180176,22810,22823,13
13.0536603928,80.2422103882,22823,22833,10
13.0534200668,80.2420806885,22833,22843,10
13.0526599884,80.2417602539,22843,22851,8
13.0521602631,80.2411499023,22851,22863,12
13.0518503189,80.240737915,22863,22873,10
13.0514802933,80.2406692505,22873,22883,10
13.0507898331,80.2405319214,22883,22893,10
13.0507001877,80.2405014038,22893,22903,10
13.050330162,80.2404174805,22903,22914,11
13.0494699478,80.2402191162,22914,22924,10
13.0483999252,80.239982605,22924,22934,10
13.0472698212,80.2397613525,22934,22944,10
13.0462999344,80.2395629883,22944,22954,10
13.0462999344,80.2391204834,22954,22964,10
13.0464401245,80.2383575439,22964,22974,10
13.0466804504,80.2372436523,22974,22984,10
13.0468997955,80.236289978,22984,22994,10
13.0470104218,80.2358779907,22994,23004,10
13.0470600128,80.2355575562,23004,23014,10
13.0471401215,80.2350082397,23014,23025,11
13.0472097397,80.2340316772,23025,23035,10
13.0473003387,80.2331466675,23035,23045,10
13.0468702316,80.2330093384,23045,23054,9
13.0461101532,80.2328567505,23054,23065,11
13.0451202393,80.2326889038,23065,23075,10
13.0440397263,80.232460022,23075,23085,10
13.0429496765,80.2323684692,23085,23095,10
13.0419502258,80.2323074341,23095,23105,10
13.0409698486,80.2320709229,23105,23115,10
13.0397796631,80.2316970825,23115,23125,10
13.038860321,80.2314224243,23125,23136,11
13.0377998352,80.2311019897,23136,23146,10
13.036860466,80.2308120728,23146,23156,10
13.0365695953,80.230682373,23156,23166,10
13.0357999802,80.2304534912,23166,23176,10
13.0351400375,80.2302703857,23176,23186,10
13.0346899033,80.2302932739,23186,23196,10
13.033949852,80.2304382324,23196,23206,10
13.0334196091,80.2304763794,23206,23216,10
13.0333404541,80.23046875,23216,23226,10
13.0328502655,80.2304992676,23226,23236,10
13.0320596695,80.2305831909,23236,23247,11
13.0312004089,80.2306518555,23247,23257,10
13.0306301117,80.2307128906,23257,23267,10
13.0299596786,80.2307662964,23267,23277,10
13.0297298431,80.2308120728,23277,23287,10
13.0293703079,80.2308578491,23287,23297,10
13.0286397934,80.2309188843,23297,23307,10
13.0279197693,80.2309570313,23307,23317,10
13.0277204514,80.2312088013,23317,23327,10
13.0277395248,80.2317962646,23327,23337,10
13.0277996063,80.2323303223,23337,23348,11
13.0277500153,80.2328414917,23348,23358,10
13.0270595551,80.2329101563,23358,23368,10
13.0267400742,80.2329788208,23368,23378,10
13.0263700485,80.2327423096,23378,23388,10
13.026140213,80.2319869995,23388,23398,10
13.0258798599,80.2309417725,23398,23408,10
13.0252799988,80.2298812866,23408,23418,10
13.0245704651,80.2289428711,23418,23426,8
13.0239601135,80.2282409668,23426,23499,73
13.0239601135,80.2282409668,23499,23509,10
13.0237903595,80.2279434204,23509,23519,10
13.0235099792,80.2276687622,23519,23529,10
13.0231304169,80.2272872925,23529,23539,10
13.0228300095,80.2269897461,23539,23549,10
13.0222702026,80.2264785767,23549,23559,10
13.0215997696,80.2259368896,23559,23570,11
13.0208501816,80.2253570557,23570,23580,10
13.0200195313,80.224822998,23580,23590,10
13.0189599991,80.2244262695,23590,23600,10
13.0178003311,80.2248382568,23600,23610,10
13.0166902542,80.2253417969,23610,23620,10
13.015709877,80.225692749,23620,23630,10
13.0147104263,80.2260971069,23630,23640,10
13.0143404007,80.2262420654,23640,23650,10
13.0142297745,80.226272583,23650,23660,10
13.0136995316,80.2264633179,23660,23670,10
13.0128898621,80.2267837524,23670,23680,10
13.0118503571,80.2272033691,23680,23697,17
13.0100097656,80.2279815674,23697,23709,12
13.0091199875,80.2288513184,23709,23717,8
13.0089502335,80.2297821045,23717,23728,11
13.0087404251,80.2309570313,23728,23739,11
13.0084400177,80.2323989868,23739,23750,11
13.0082998276,80.2334671021,23750,23760,10
13.0082397461,80.2336807251,23760,23770,10
13.0081501007,80.2339172363,23770,23780,10
13.0080003738,80.2346420288,23780,23790,10
13.0077800751,80.2356719971,23790,23801,11
13.0075302124,80.2369613647,23801,23811,10
13.0073204041,80.2380599976,23811,23821,10
13.007109642,80.2391586304,23821,23831,10
13.0068998337,80.2401733398,23831,23861,30
13.0068998337,80.2401733398,23861,23871,10
13.0068998337,80.2403335571,23871,23881,10
13.0068302155,80.2408676147,23881,23891,10
13.0067501068,80.2416915894,23891,23901,10
13.0067195892,80.2428207397,23901,23912,11
13.0066604614,80.2440185547,23912,23922,10
13.0066604614,80.2452011108,23922,23932,10
13.0066900253,80.2463607788,23932,23941,9
13.0067195892,80.2474136353,23941,23952,11
13.0067501068,80.2485961914,23952,23962,10
13.0068798065,80.249671936,23962,23972,10
13.0068702698,80.2497711182,23972,23982,10
13.0068502426,80.2502593994,23982,23992,10
13.0068101883,80.2515487671,23992,24023,31
13.0068101883,80.2515487671,24023,24033,10
13.0067796707,80.2518081665,24033,24043,10
13.0066404343,80.2525024414,24043,24053,10
13.0066299438,80.2535476685,24053,24063,10
13.0066795349,80.2546920776,24063,24073,10
13.0066604614,80.2550201416,24073,24083,10
13.0066204071,80.255027771,24083,24093,10
13.0066204071,80.2554702759,24093,24103,10
13.0066404343,80.2563171387,24103,24113,10
13.0066900253,80.2573165894,24113,24204,91
13.0066900253,80.2573165894,24204,24214,10
13.006649971,80.2574386597,24214,24224,10
13.006360054,80.2576217651,24224,24234,10
13.0056400299,80.2574386597,24234,24245,11
13.0044403076,80.2571411133,24245,24255,10
13.0033197403,80.2568817139,24255,24264,9
13.0023603439,80.2566833496,24264,24275,11
13.0016298294,80.2565994263,24275,24285,10
13.0016202927,80.2565994263,24285,24295,10
13.0015602112,80.2566223145,24295,24305,10
13.0010595322,80.2565383911,24305,24315,10
13.0002803802,80.256401062,24315,24325,10
13.000120163,80.2563781738,24325,24335,10
12.9998397827,80.2563171387,24335,24346,11
12.9990596771,80.2561264038,24346,24356,10
12.9982204437,80.2560119629,24356,24366,10
12.9976997375,80.2559509277,24366,24376,10
12.9973602295,80.2559509277,24376,24386,10
12.997010231,80.2559814453,24386,24396,10
12.9969396591,80.2563400269,24396,24406,10
12.9968795776,80.2569122314,24406,24416,10
12.9968795776,80.2570037842,24416,24426,10
12.9968500137,80.2574615479,24426,24436,10
12.9967603683,80.2582778931,24436,24446,10
12.9966402054,80.2592391968,24446,24457,11
12.996509552,80.260307312,24457,24467,10
12.9963998795,80.2612762451,24467,24477,10
12.9963502884,80.2619171143,24477,24487,10
12.9962997437,80.2623519897,24487,24497,10
12.9961996078,80.2629470825,24497,24507,10
12.9961595535,80.2635192871,24507,24517,10
12.9961004257,80.2641067505,24517,24527,10
12.9960298538,80.2648010254,24527,24537,10
12.9959096909,80.2658004761,24537,24547,10
12.9958200455,80.2667770386,24547,24557,10
12.9957799911,80.2676086426,24557,24568,11
12.9963998795,80.2677230835,24568,24578,10
12.9965496063,80.2677612305,24578,24588,10
12.9970798492,80.2677001953,24588,24598,10
12.9979000092,80.2674636841,24598,24608,10
12.9989995956,80.2671508789,24608,24618,10
13.0,80.2667770386,24618,24628,10
13.0001602173,80.2664413452,24628,24638,10
13.0001897812,80.2662582397,24638,24648,10
13.0002298355,80.2658081055,24648,24658,10
13.0003700256,80.2657623291,24658,24668,10
13.0003900528,80.2661590576,24668,24800,132
13.0003004074,80.2663421631,24800,26011,1211
13.0003004074,80.2663421631,26011,26021,10
13.0002202988,80.2668685913,26021,26031,10
12.9996900558,80.2670211792,26031,26041,10
12.9989404678,80.2672576904,26041,26051,10
12.9980697632,80.2674789429,26051,26061,10
12.997130394,80.2677383423,26061,26071,10
12.9961299896,80.2677536011,26071,26081,10
12.9956998825,80.2675704956,26081,26091,10
12.9957103729,80.2671966553,26091,26101,10
12.9956998825,80.2671966553,26101,26111,10
12.9956798553,80.2671813965,26111,26122,11
12.995759964,80.266708374,26122,26132,10
12.9958496094,80.2658996582,26132,26142,10
12.9959802628,80.2648620605,26142,26152,10
12.9961004257,80.2637176514,26152,26162,10
12.9961795807,80.2628936768,26162,26172,10
12.996219635,80.262512207,26172,26182,10
12.9962396622,80.2624130249,26182,26192,10
12.9963102341,80.261932373,26192,26202,10
12.9963998795,80.2611694336,26202,26212,10
12.9965000153,80.260269165,26212,26222,10
12.9966001511,80.2595214844,26222,26233,11
12.9966497421,80.2588500977,26233,26243,10
12.9967298508,80.2579269409,26243,26253,10
12.9968395233,80.2567901611,26253,26263,10
12.9969100952,80.2559585571,26263,26333,70
12.9969100952,80.2559585571,26333,26344,11
12.9969701767,80.255821228,26344,26354,10
12.9973802567,80.2558135986,26354,26364,10
12.9979896545,80.2558898926,26364,26374,10
12.9987602234,80.2559814453,26374,26384,10
12.9988698959,80.2559967041,26384,26394,10
12.9991102219,80.2560501099,26394,26404,10
12.9997301102,80.2561798096,26404,26413,9
13.0004701614,80.2563323975,26413,26424,11
13.0012798309,80.2564926147,26424,26434,10
13.0019197464,80.2565994263,26434,26445,11
13.0025701523,80.2567214966,26445,26455,10
13.0032901764,80.2568588257,26455,26465,10
13.0039196014,80.256980896,26465,26475,10
13.0045404434,80.2570877075,26475,26485,10
13.0050802231,80.2572097778,26485,26495,10
13.0058202744,80.2573394775,26495,26505,10
13.0064897537,80.2574386597,26505,26525,20
13.0064897537,80.2574386597,26525,26541,16
13.0066299438,80.2572174072,26541,26553,12
13.0065698624,80.2563018799,26553,26563,10
13.0065498352,80.255241394,26563,26575,12
13.0065498352,80.2538604736,26575,26584,9
13.0065402985,80.2532196045,26584,26594,10
13.0065402985,80.2531585693,26594,26605,11
13.0065498352,80.2529373169,26605,26615,10
13.0066604614,80.2518310547,26615,26665,50
13.0066604614,80.2518310547,26665,26676,11
13.0067100525,80.2514266968,26676,26686,10
13.0067796707,80.2507095337,26686,26696,10
13.0067796707,80.2497024536,26696,26706,10
13.0067195892,80.2486114502,26706,26716,10
13.0066699982,80.2478866577,26716,26726,10
13.0066699982,80.2478485107,26726,26736,10
13.0066604614,80.2478179932,26736,26746,10
13.0066604614,80.2473678589,26746,26756,10
13.0066099167,80.246711731,26756,26766,10
13.0066299438,80.2464599609,26766,26776,10
13.0066604614,80.2461776733,26776,26787,11
13.0066404343,80.2453994751,26787,26797,10
13.0066204071,80.2438964844,26797,26817,20
13.0066204071,80.2438964844,26817,26827,10
13.0066404343,80.2434997559,26827,26837,10
13.0066099167,80.2429122925,26837,26847,10
13.0065698624,80.2420196533,26847,26857,10
13.0065698624,80.2416915894,26857,26867,10
13.0066003799,80.241317749,26867,26877,10
13.0066995621,80.2406463623,26877,26887,10
13.0068798065,80.2396392822,26887,26898,11
13.007109642,80.2383575439,26898,26908,10
13.007349968,80.2372970581,26908,26918,10
13.0074300766,80.2367095947,26918,26928,10
13.0074596405,80.2366027832,26928,26938,10
13.0075902939,80.2361068726,26938,26948,10
13.0077600479,80.2353134155,26948,26958,10
13.0079698563,80.2343063354,26958,26968,10
13.008190155,80.2331619263,26968,26978,10
13.0084495544,80.2319107056,26978,26988,10
13.0087003708,80.2306213379,26988,26998,10
13.0089502335,80.229347229,26998,27009,11
13.0092697144,80.228012085,27009,27017,8
13.0096597672,80.2271194458,27017,27029,12
13.0102796555,80.2257766724,27029,27039,10
13.0108098984,80.2246780396,27039,27049,10
13.0112895966,80.2236175537,27049,27059,10
13.0113897324,80.2233123779,27059,27069,10
13.0114097595,80.2232131958,27069,27079,10
13.0114202499,80.223197937,27079,27089,10
13.0115499496,80.2228622437,27089,27099,10
13.0118198395,80.2221374512,27099,27109,10
13.0122499466,80.2214431763,27109,27120,11
13.0126399994,80.2218780518,27120,27130,10
13.0132198334,80.2225799561,27130,27140,10
13.0139904022,80.2234573364,27140,27150,10
13.0146903992,80.2242965698,27150,27166,16
13.0155601501,80.2250900269,27166,27188,22
13.0155601501,80.2250900269,27188,27198,10
13.01583004,80.2252807617,27198,27208,10
13.0166702271,80.2253036499,27208,27218,10
13.0174999237,80.2249679565,27218,27229,11
13.0188503265,80.2244796753,27229,27239,10
13.0198402405,80.2246398926,27239,27249,10
13.0205602646,80.225151062,27249,27257,8
13.0210695267,80.2255096436,27257,27269,12
13.0219202042,80.2261428833,27269,27289,20
13.0219202042,80.2261428833,27289,27299,10
13.0222196579,80.2264404297,27299,27309,10
13.0228300095,80.2269592285,27309,27319,10
13.0235900879,80.2276382446,27319,27329,10
13.0242795944,80.2283477783,27329,27340,11
13.0246696472,80.2289123535,27340,27350,10
13.0249795914,80.2293395996,27350,27360,10
13.0254402161,80.2299118042,27360,27370,10
13.0259103775,80.230796814,27370,27380,10
13.0261802673,80.2313613892,27380,27390,10
13.02684021,80.2312164307,27390,27400,10
13.0277204514,80.231010437,27400,27410,10
13.028429985,80.2309112549,27410,27420,10
13.0284900665,80.2309188843,27420,27430,10
13.0289697647,80.2308807373,27430,27440,10
13.0294504166,80.2308502197,27440,27451,11
13.0301198959,80.2307815552,27451,27461,10
13.0307598114,80.2307434082,27461,27471,10
13.0314102173,80.230682373,27471,27481,10
13.0320196152,80.2306365967,27481,27491,10
13.032699585,80.2305831909,27491,27501,10
13.0335798264,80.230506897,27501,27510,9
13.0345001221,80.2304000854,27510,27551,41
13.0345001221,80.2304000854,27551,27562,11
13.0347700119,80.2303619385,27562,27572,10
13.0348701477,80.2303466797,27572,27582,10
13.0349998474,80.2304611206,27582,27592,10
13.0349597931,80.2308731079,27592,27602,10
13.0349397659,80.2310562134,27602,27612,10
13.0348997116,80.2314376831,27612,27622,10
13.0348100662,80.2321166992,27622,27632,10
13.0347003937,80.2329483032,27632,27642,10
13.0346002579,80.2336425781,27642,27652,10
13.0344800949,80.2344512939,27652,27662,10
13.0343904495,80.2353973389,27662,27673,11
13.0342597961,80.2364578247,27673,27683,10
13.0343198776,80.2373275757,27683,27713,30
13.0343198776,80.2373275757,27713,27723,10
13.0342998505,80.2374572754,27723,27733,10
13.0343599319,80.2375411987,27733,27761,28
13.0343599319,80.2375411987,27761,27770,9
13.0344400406,80.237701416,27770,27781,11
13.0346899033,80.2380981445,27781,27792,11
13.0351400375,80.2388305664,27792,27802,10
13.0356302261,80.239402771,27802,27812,10
13.0363702774,80.2395019531,27812,27822,10
13.0374403,80.2395935059,27822,27832,10
13.0384101868,80.2397003174,27832,27842,10
13.0392398834,80.2398071289,27842,27851,9
13.0399599075,80.239906311,27851,27862,11
13.0403404236,80.2402267456,27862,27872,10
13.0410804749,80.2406005859,27872,27893,21
13.0410804749,80.2406005859,27893,27903,10
13.0413103104,80.2406005859,27903,27913,10
13.0418300629,80.2406921387,27913,27923,10
13.0427598953,80.2408370972,27923,27933,10
13.0437202454,80.2409515381,27933,27943,10
13.0443000793,80.2407836914,27943,27953,10
13.0447597504,80.2404403687,27953,27973,20
13.0447597504,80.2404403687,27973,27983,10
13.0450696945,80.2402572632,27983,27993,10
13.0456199646,80.2398605347,27993,28004,11
13.0463600159,80.2395401001,28004,28014,10
13.0466003418,80.2396087646,28014,28024,10
13.0467100143,80.2396621704,28024,28034,10
13.0472097397,80.2397613525,28034,28044,10
13.0479602814,80.2399215698,28044,28054,10
13.0487203598,80.2400817871,28054,28064,10
13.0494098663,80.240196228,28064,28074,10
13.0500297546,80.2403335571,28074,28084,10
13.050740242,80.2404937744,28084,28094,10
13.0512695313,80.2405776978,28094,28104,10
13.0514497757,80.2406311035,28104,28115,11
13.052069664,80.2407684326,28115,28125,10
13.0524101257,80.2408370972,28125,28135,10
13.0525798798,80.2411422729,28135,28145,10
13.0526103973,80.2413864136,28145,28155,10
13.0527801514,80.2417068481,28155,28165,10
13.0533704758,80.2419815063,28165,28175,10
13.0540504456,80.2422485352,28175,28195,20
13.0540504456,80.2422485352,28195,28205,10
13.0542402267,80.2423095703,28205,28215,10
13.0546703339,80.2423782349,28215,28226,11
13.0556097031,80.2422790527,28226,28236,10
13.0562696457,80.2425537109,28236,28246,10
13.056810379,80.2426605225,28246,28256,10
13.0572595596,80.2428436279,28256,28266,10
13.0576601028,80.2427978516,28266,28276,10
13.0577297211,80.2427902222,28276,28286,10
13.0579395294,80.2427597046,28286,28296,10
13.0584697723,80.2426528931,28296,28306,10
13.0591602325,80.2425537109,28306,28316,10
13.0599298477,80.242729187,28316,28326,10
13.060669899,80.2429580688,28326,28337,11
13.0611495972,80.2431030273,28337,28347,10
13.0617904663,80.2432327271,28347,28357,10
13.0624198914,80.2433624268,28357,28367,10
13.0624904633,80.2433624268,28367,28377,10
13.0627498627,80.2434005737,28377,28387,10
13.0634002686,80.2435073853,28387,28397,10
13.0641002655,80.243560791,28397,28407,10
13.0655603409,80.243560791,28407,28435,28
13.0655603409,80.243560791,28435,28443,8
13.0657901764,80.2435684204,28443,28455,12
13.0663795471,80.2434082031,28455,28466,11
13.0668096542,80.2432403564,28466,28476,10
13.067440033,80.242980957,28476,28486,10
13.0681495667,80.242729187,28486,28496,10
13.0689601898,80.2424316406,28496,28505,9
13.0700702667,80.2421035767,28505,28526,21
13.0700702667,80.2421035767,28526,28536,10
13.0703201294,80.2420806885,28536,28546,10
13.0707998276,80.241897583,28546,28557,11
13.0715303421,80.2416381836,28557,28566,9
13.0723199844,80.2411575317,28566,28577,11
13.0731897354,80.2407989502,28577,28587,10
13.0739002228,80.2405929565,28587,28597,10
13.0748901367,80.2405166626,28597,28606,9
13.0758304596,80.2405014038,28606,28617,11
13.0768604279,80.2406082153,28617,28627,10
13.077170372,80.2405014038,28627,28637,10
13.0770998001,80.2401580811,28637,28647,10
13.077050209,80.2399215698,28647,28657,10
13.0768995285,80.2392578125,28657,28668,11
13.0766401291,80.2382888794,28668,28678,10
13.0765104294,80.2376480103,28678,28688,10
13.0762996674,80.236831665,28688,28718,30
13.0762996674,80.236831665,28718,28728,10
13.0762796402,80.2366790771,28728,28738,10
13.0762195587,80.2361526489,28738,28754,16
13.0760202408,80.2350692749,28754,28766,12
13.0758399963,80.2344284058,28766,28776,10
13.0757398605,80.2341003418,28776,28796,20
13.0757398605,80.2341003418,28796,28807,11
13.0758600235,80.2338867188,28807,28817,10
13.0762395859,80.2338027954,28817,28827,10
13.0765695572,80.2337417603,28827,28837,10
13.0767297745,80.2337112427,28837,28847,10
13.0769300461,80.2336883545,28847,28856,9
13.0774002075,80.2335968018,28856,28866,10
13.07791996,80.233581543,28866,28877,11
13.0786104202,80.2335586548,28877,28887,10
13.0793199539,80.2335128784,28887,28898,11
13.0803003311,80.2335205078,28898,28918,20
13.0803003311,80.2335205078,28918,28928,10
13.0806798935,80.2335586548,28928,28938,10
13.081319809,80.233581543,28938,28948,10
13.0819196701,80.2335968018,28948,28958,10
13.0819702148,80.2333984375,28958,28968,10
13.0820102692,80.2331008911,28968,28978,10
13.0820999146,80.2326202393,28978,28988,10
13.0823297501,80.2319030762,28988,28998,10
13.082570076,80.2312774658,28998,29009,11
13.0826196671,80.2311630249,29009,29019,10
13.0828199387,80.2306976318,29019,29029,10
13.0831203461,80.2308425903,29029,29039,10
13.0831804276,80.231552124,29039,29049,10
13.0832500458,80.2325210571,29049,29059,10
13.0834302902,80.2333602905,29059,29069,10
13.0835599899,80.233833313,29069,29079,10
13.0840597153,80.2339477539,29079,29089,10
13.0840797424,80.2339477539,29089,29099,10
13.0843000412,80.2340087891,29099,29110,11
13.0849399567,80.234161377,29110,29120,10
13.0858097076,80.2343826294,29120,29130,10
13.0866203308,80.2345504761,29130,29140,10
13.0872497559,80.2345809937,29140,29150,10
13.0879402161,80.2342529297,29150,29160,10
13.0880403519,80.2333602905,29160,29170,10
13.0882997513,80.2322006226,29170,29180,10
13.088640213,80.2311325073,29180,29190,10
13.0889101028,80.2304916382,29190,29210,20
13.0889101028,80.2304916382,29210,29220,10
13.0890197754,80.2302703857,29220,29231,11
13.0893802643,80.2296066284,29231,29240,9
13.0899295807,80.2289199829,29240,29251,11
13.0907897949,80.2279968262,29251,29261,10
13.0914001465,80.2273178101,29261,29271,10
13.0914201736,80.2272796631,29271,29281,10
13.0915603638,80.2271575928,29281,29291,10
13.0919599533,80.2267532349,29291,29301,10
13.0925197601,80.2261810303,29301,29311,10
13.0930995941,80.2255783081,29311,29321,10
13.0935697556,80.2250595093,29321,29331,10
13.0941295624,80.2244262695,29331,29342,11
13.0947799683,80.2235031128,29342,29352,10
13.0952196121,80.2225570679,29352,29362,10
13.0952796936,80.2223815918,29362,29372,10
13.0954704285,80.2219085693,29372,29382,10
13.0957403183,80.2211074829,29382,29392,10
13.0960798264,80.2201766968,29392,29402,10
13.0962400436,80.2196578979,29402,29412,10
13.0962600708,80.219619751,29412,29422,10
13.0963897705,80.2193222046,29422,29432,10
13.096619606,80.2186584473,29432,29442,10
13.0968999863,80.2177581787,29442,29453,11
13.0971803665,80.2169418335,29453,29463,10
13.097240448,80.2168121338,29463,29473,10
13.0974798203,80.2162322998,29473,29483,10
13.0978603363,80.2153701782,29483,29493,10
13.098400116,80.2141418457,29493,29602,109
13.098400116,80.2141418457,29602,29612,10
13.0986795425,80.2139663696,29612,29621,9
13.0992298126,80.2142486572,29621,29632,11
13.0999202728,80.2144088745,29632,29642,10
13.1003103256,80.2145309448,29642,29662,20
13.1003103256,80.2145309448,29662,29673,11
13.1005601883,80.2146530151,29673,29753,80
13.1005601883,80.2146530151,29753,29763,10
13.1006002426,80.2147674561,29763,29773,10
13.1003599167,80.2153015137,29773,29784,11
13.1000404358,80.2160186768,29784,29794,10
13.0999097824,80.216003418,29794,29804,10
13.1000404358,80.2156600952,29804,29814,10
13.100230217,80.2151870728,29814,29824,10
13.1003303528,80.2148971558,29824,30883,1059
13.1003303528,80.2148971558,30883,30894,11
13.1002702713,80.2147598267,30894,30904,10
13.1000699997,80.2145004272,30904,30914,10
13.0997800827,80.2144088745,30914,30924,10
13.0993003845,80.214302063,30924,30934,10
13.0989398956,80.2141799927,30934,30944,10
13.0985403061,80.2140579224,30944,30954,10
13.0982904434,80.2145309448,30954,30964,10
13.0979700089,80.2152633667,30964,30974,10
13.0975904465,80.2161483765,30974,30984,10
13.0973596573,80.216758728,30984,30994,10
13.0973396301,80.2167816162,30994,31005,11
13.0972003937,80.2171173096,31005,31015,10
13.0969600677,80.2177734375,31015,31025,10
13.0966901779,80.2185974121,31025,31035,10
13.0964403152,80.2194137573,31035,31045,10
13.096159935,80.220161438,31045,31055,10
13.0958795547,80.220916748,31055,31065,10
13.0957403183,80.2213668823,31065,31075,10
13.095580101,80.221862793,31075,31085,10
13.0953998566,80.2223968506,31085,31095,10
13.0953798294,80.2224273682,31095,31105,10
13.0952701569,80.2227172852,31105,31116,11
13.0949802399,80.2233428955,31116,31126,10
13.0944900513,80.2240600586,31126,31136,10
13.0939302444,80.2247924805,31136,31146,10
13.0933799744,80.2254104614,31146,31156,10
13.0926904678,80.2261199951,31156,31166,10
13.0920600891,80.2267837524,31166,31176,10
13.0912504196,80.2276535034,31176,31204,28
13.0912504196,80.2276535034,31204,31212,8
13.0910797119,80.2278137207,31212,31224,12
13.0906295776,80.2282867432,31224,31232,8
13.090180397,80.228767395,31232,31245,13
13.0894203186,80.2297134399,31245,31255,10
13.0891504288,80.2302398682,31255,31275,20
13.0891504288,80.2302398682,31275,31285,10
13.0888395309,80.2309417725,31285,31315,30
13.0888395309,80.2309417725,31315,31338,23
13.0885896683,80.2314529419,31338,31351,13
13.0884504318,80.2319564819,31351,31361,10
13.0882501602,80.2326812744,31361,31370,9
13.0881204605,80.2333984375,31370,31380,10
13.0880098343,80.2341766357,31380,31391,11
13.0873098373,80.2346115112,31391,31462,71
13.0873098373,80.2346115112,31462,31471,9
13.0871400833,80.2345581055,31471,31482,11
13.0867500305,80.2345809937,31482,31492,10
13.0860395432,80.2344970703,31492,31502,10
13.0852899551,80.2342376709,31502,31512,10
13.0845298767,80.2340164185,31512,31522,10
13.0840196609,80.2338867188,31522,31532,10
13.0836200714,80.2338409424,31532,31542,10
13.0831203461,80.2338027954,31542,31552,10
13.0823898315,80.2336502075,31552,31573,21
13.0823898315,80.2336502075,31573,31583,10
13.0822896957,80.2335968018,31583,31593,10
13.0818796158,80.2335510254,31593,31603,10
13.0811500549,80.2334976196,31603,31613,10
13.0804004669,80.233543396,31613,31623,10
13.0795001984,80.2334976196,31623,31643,20
13.0795001984,80.2334976196,31643,31653,10
13.0793800354,80.2335586548,31653,31663,10
13.079000473,80.2335586548,31663,31673,10
13.0784397125,80.2335586548,31673,31684,11
13.0775699615,80.2336120605,31684,31694,10
13.0766801834,80.2337493896,31694,31704,10
13.0759000778,80.2339477539,31704,31714,10
13.0760002136,80.2345199585,31714,31733,19
13.0760002136,80.2345199585,31733,31744,11
13.0760602951,80.2347793579,31744,31754,10
13.0761604309,80.235458374,31754,31764,10
13.0763101578,80.2362670898,31764,31774,10
13.0765104294,80.2372894287,31774,31795,21
13.0765104294,80.2372894287,31795,31805,10
13.0765600204,80.2373962402,31805,31815,10
13.0766401291,80.2378311157,31815,31825,10
13.076669693,80.2379608154,31825,31835,10
13.0767202377,80.2380828857,31835,31845,10
13.0768098831,80.2386016846,31845,31855,10
13.0769100189,80.2390365601,31855,31865,10
13.0769796371,80.239440918,31865,31875,10
13.0770998001,80.2399215698,31875,31885,10
13.0772199631,80.2406005859,31885,31895,10
13.0772104263,80.2406234741,31895,31906,11
13.0772399902,80.2407608032,31906,31916,10
13.0773601532,80.2412490845,31916,31926,10
13.0774698257,80.2418365479,31926,31936,10
13.0776500702,80.2426605225,31936,31946,10
13.0777997971,80.243637085,31946,31956,10
13.0777997971,80.2445373535,31956,31966,10
13.07791996,80.2454223633,31966,31976,10
13.0779600143,80.2462005615,31976,31986,10
13.0781202316,80.2470932007,31986,31996,10
13.0783500671,80.2481079102,31996,32006,10
13.0784797668,80.2487030029,32006,32017,11
13.0786600113,80.2494735718,32017,32027,10
13.0785198212,80.2506790161,32027,32057,30
13.0785198212,80.2506790161,32057,32067,10
13.0785503387,80.251083374,32067,32087,20
13.0785503387,80.251083374,32087,32097,10
13.0786304474,80.2514266968,32097,32128,31
13.0785303116,80.2516403198,32128,32158,30
13.0785303116,80.2516403198,32158,32168,10
13.0782403946,80.251663208,32168,32178,10
13.0779399872,80.2517318726,32178,32188,10
13.0772800446,80.2518386841,32188,32198,10
13.076499939,80.2520980835,32198,32208,10
13.0755996704,80.2521362305,32208,32218,10
13.074930191,80.2521820068,32218,32228,10
13.0742797852,80.2522125244,32228,32239,11
13.0738201141,80.2523803711,32239,32249,10
13.0732498169,80.2523880005,32249,32259,10
13.0725402832,80.2522735596,32259,32269,10
13.0721597672,80.2515106201,32269,32279,10
13.0719299316,80.2506713867,32279,32295,16
13.0715198517,80.2490997314,32295,32307,12
13.0712099075,80.2478179932,32307,32315,8
13.0709104538,80.2471313477,32315,32326,11
13.0704803467,80.2462692261,32326,32337,11
13.0699596405,80.2450790405,32337,32346,9
13.069609642,80.244102478,32346,32358,12
13.0693101883,80.243309021,32358,32368,10
13.0693101883,80.2433013916,32368,32378,10
13.0693101883,80.2432479858,32378,32387,9
13.0692396164,80.2428817749,32387,32398,11
13.0689401627,80.242477417,32398,32410,12
13.0686903,80.2424926758,32410,32420,10
13.0682001114,80.2426376343,32420,32430,10
13.067489624,80.2428817749,32430,32440,10
13.0668401718,80.2431793213,32440,32450,10
13.0665903091,80.2433013916,32450,32461,11
13.0663204193,80.2434463501,32461,32471,10
13.0661697388,80.2436218262,32471,32481,10
13.066160202,80.2438583374,32481,32491,10
13.0661897659,80.2441482544,32491,32501,10
13.0662202835,80.2444229126,32501,32511,10
13.0662698746,80.244720459,32511,32521,10
13.0663204193,80.2450790405,32521,32531,10
13.0663404465,80.245300293,32531,32541,10
13.0664300919,80.2457199097,32541,32551,10
13.0669202805,80.2461013794,32551,32561,10
13.0678501129,80.2465896606,32561,32582,21
13.0678501129,80.2465896606,32582,32600,18
13.0679302216,80.2473678589,32600,32612,12
13.0676898956,80.2479019165,32612,32622,10
13.0670003891,80.2478637695,32622,32631,9
13.0664396286,80.247833252,32631,32642,11
13.0660400391,80.2477874756,32642,32652,10
13.0657196045,80.247756958,32652,32662,10
13.0653095245,80.2477493286,32662,32672,10
13.0645999908,80.2476806641,32672,32682,10
13.0637302399,80.2476425171,32682,32693,11
13.0633001328,80.2476196289,32693,32703,10
13.0629701614,80.2476425171,32703,32713,10
13.0622997284,80.2476196289,32713,32723,10
13.0616703033,80.2473068237,32723,32733,10
13.0616703033,80.2467803955,32733,32743,10
13.0619401932,80.246131897,32743,32753,10
13.062210083,80.245262146,32753,32763,10
13.0629196167,80.244682312,32763,32773,10
13.0631799698,80.2442932129,32773,32791,18
13.063369751,80.2439193726,32791,32804,13
13.0631103516,80.2434616089,32804,32814,10
13.0624198914,80.2433166504,32814,32823,9
13.0618200302,80.2432098389,32823,32833,10
13.0612897873,80.2430877686,32833,32844,11
13.0605096817,80.2428512573,32844,32855,11
13.0597400665,80.2425765991,32855,32865,10
13.0590000153,80.2425613403,32865,32875,10
13.0587596893,80.2425994873,32875,32885,10
13.0586700439,80.2425918579,32885,32895,10
13.058259964,80.2426834106,32895,32905,10
13.057559967,80.2428207397,32905,32916,11
13.0569400787,80.2427368164,32916,32926,10
13.0564804077,80.2425765991,32926,32936,10
13.0560598373,80.2423400879,32936,32946,10
13.0553998947,80.2422409058,32946,32956,10
13.0546503067,80.2423706055,32956,32966,10
13.0539999008,80.2423095703,32966,32976,10
13.053899765,80.2422790527,32976,32986,10
13.0538196564,80.2422637939,32986,32996,10
13.0535697937,80.2421035767,32996,33006,10
13.0531597137,80.241897583,33006,33016,10
13.0525798798,80.2416763306,33016,33027,11
13.0522203445,80.2411270142,33027,33037,10
13.0520401001,80.2408294678,33037,33047,10
13.0517902374,80.2406768799,33047,33057,10
13.0515203476,80.2406387329,33057,33067,10
13.0512199402,80.2406005859,33067,33077,10
13.0508699417,80.240562439,33077,33087,10
13.050860405,80.240562439,33087,33097,10
13.0504398346,80.2404403687,33097,33107,10
13.0497398376,80.2402801514,33107,33117,10
13.0489501953,80.2401275635,33117,33127,10
13.0484399796,80.2400131226,33127,33138,11
13.0480899811,80.2398910522,33138,33148,10
13.0475797653,80.2398223877,33148,33158,10
13.0471401215,80.2397232056,33158,33168,10
13.0466804504,80.2396316528,33168,33178,10
13.0464000702,80.2396087646,33178,33188,10
13.0462503433,80.2394104004,33188,33198,10
13.0464200974,80.2389373779,33198,33208,10
13.0465803146,80.238319397,33208,33218,10
13.0466995239,80.2376785278,33218,33228,10
13.0467700958,80.237121582,33228,33238,10
13.0468997955,80.236541748,33238,33249,11
13.0470199585,80.2361221313,33249,33259,10
13.0470695496,80.2357635498,33259,33269,10
13.0470695496,80.2355270386,33269,33279,10
13.0471401215,80.2349090576,33279,33289,10
13.047249794,80.2341003418,33289,33299,10
13.0473403931,80.2333221436,33299,33309,10
13.0471200943,80.2330474854,33309,33319,10
13.0465402603,80.2329406738,33319,33329,10
13.0458602905,80.2328186035,33329,33339,10
13.0453100204,80.2326965332,33339,33349,10
13.0452899933,80.2326889038,33349,33360,11
13.0450601578,80.2325820923,33360,33370,10
13.0444402695,80.2324829102,33370,33380,10
13.0435800552,80.2323379517,33380,33390,10
13.0427799225,80.2323226929,33390,33400,10
13.0420598984,80.2322769165,33400,33410,10
13.0411901474,80.2321014404,33410,33420,10
13.0404195786,80.2317962646,33420,33430,10
13.0395803452,80.2315826416,33430,33440,10
13.0387201309,80.2313613892,33440,33450,10
13.0380296707,80.2311401367,33450,33460,10
13.0373697281,80.2309417725,33460,33471,11
13.0369796753,80.2308273315,33471,33481,10
13.0367298126,80.23072052,33481,33491,10
13.0361404419,80.2305297852,33491,33501,10
13.035779953,80.2304229736,33501,33541,40
13.035779953,80.2304229736,33541,33551,10
13.0355501175,80.2303619385,33551,33561,10
13.0351896286,80.2303009033,33561,33571,10
13.034910202,80.2303009033,33571,33582,11
13.0344400406,80.2303771973,33582,33592,10
13.0340299606,80.230430603,33592,33602,10
13.0336704254,80.2304611206,33602,33612,10
13.0336503983,80.23046875,33612,33622,10
13.0335597992,80.2304611206,33622,33632,10
13.0330600739,80.2304992676,33632,33642,10
13.0323495865,80.2305603027,33642,33652,10
13.0318899155,80.2305984497,33652,33662,10
13.0314397812,80.2306518555,33662,33713,51
13.0314397812,80.2306518555,33713,33723,10
13.0311403275,80.230682373,33723,33733,10
13.0308103561,80.23072052,33733,33743,10
13.0304403305,80.230758667,33743,33759,16
13.0299100876,80.2308120728,33759,33771,12
13.029800415,80.230796814,33771,33779,8
13.0294504166,80.2308273315,33779,33791,12
13.028719902,80.2309112549,33791,33801,10
13.0281400681,80.2309799194,33801,33812,11
13.0277500153,80.2310562134,33812,33822,10
13.0277204514,80.2313995361,33822,33832,10
13.0277204514,80.2314605713,33832,33842,10
13.027759552,80.2317428589,33842,33852,10
13.0277996063,80.2320709229,33852,33862,10
13.0278396606,80.232383728,33862,33872,10
13.0278902054,80.2326507568,33872,33882,10
13.0277299881,80.2327880859,33882,33892,10
13.0274095535,80.2328567505,33892,34023,131
13.0274095535,80.2328567505,34023,34034,11
13.0270996094,80.2329406738,34034,34044,10
13.0269498825,80.2329711914,34044,34054,10
13.0266504288,80.233001709,34054,34064,10
13.0263700485,80.232749939,34064,34074,10
13.0262804031,80.2323989868,34074,34084,10
13.026140213,80.231842041,34084,34094,10
13.025970459,80.2312088013,34094,34104,10
13.0256595612,80.2303924561,34104,34114,10
13.0252399445,80.2297973633,34114,34124,10
13.0248403549,80.2292861938,34124,34165,41
13.0248403549,80.2292861938,34165,34175,10
13.0248003006,80.2292633057,34175,34185,10
13.0246095657,80.2289962769,34185,34195,10
13.0242900848,80.2286071777,34195,34206,11
13.0240097046,80.2282562256,34206,34226,20
13.0240097046,80.2282562256,34226,34235,9
13.0239295959,80.2281265259,34235,34245,10
13.0237197876,80.2278823853,34245,34257,12
13.0232801437,80.2274398804,34257,34267,10
13.0228700638,80.2269973755,34267,34277,10
13.0223903656,80.2265625,34277,34287,10
13.0218296051,80.2260894775,34287,34297,10
13.0212802887,80.2256393433,34297,34307,10
13.0208501816,80.2253189087,34307,34317,10
13.0206003189,80.2251586914,34317,34327,10
13.0201301575,80.224861145,34327,34337,10
13.0193996429,80.2244796753,34337,34347,10
13.0183401108,80.224647522,34347,34357,10
13.0172595978,80.2250900269,34357,34368,11
13.0160903931,80.2255630493,34368,34384,16
13.0145101547,80.2262191772,34384,34406,22
13.0145101547,80.2262191772,34406,34416,10
13.0144500732,80.2262268066,34416,34426,10
13.0144395828,80.2262268066,34426,34436,10
13.0142803192,80.2262878418,34436,34446,10
13.0141601563,80.2263336182,34446,34456,10
13.0136804581,80.2265167236,34456,34466,10
13.0129699707,80.2267990112,34466,34477,11
13.0124797821,80.2269668579,34477,34487,10
13.0120000839,80.227180481,34487,34497,10
13.0112800598,80.2274703979,34497,34507,10
13.0104103088,80.2278518677,34507,34517,10
13.009469986,80.2282409668,34517,34527,10
13.0091104507,80.2290420532,34527,34537,10
13.0089101791,80.2301330566,34537,34547,10
13.0087099075,80.2312088013,34547,34556,9
13.0085802078,80.2319717407,34556,34588,32
13.008480072,80.2323684692,34588,34608,20
13.008480072,80.2323684692,34608,34618,10
13.0083799362,80.2328262329,34618,34628,10
13.0083198547,80.2334213257,34628,34648,20
13.0083198547,80.2334213257,34648,34658,10
13.0082302094,80.2336883545,34658,34668,10
13.0081396103,80.2341995239,34668,34688,20
13.0081396103,80.2341995239,34688,34698,10
13.0080795288,80.2345428467,34698,34709,11
13.0079498291,80.2351226807,34709,34719,10
13.0078802109,80.2355422974,34719,34749,30
13.0078802109,80.2355422974,34749,34759,10
13.0077896118,80.2358779907,34759,34769,10
13.0076904297,80.236328125,34769,34779,10
13.0075798035,80.2369308472,34779,34789,10
13.0074596405,80.2375411987,34789,34799,10
13.0073795319,80.2379989624,34799,34810,11
13.007349968,80.238243103,34810,34820,10
13.0072898865,80.2384872437,34820,34830,10
13.0071601868,80.239112854,34830,34870,40
13.0071601868,80.239112854,34870,34880,10
13.0070104599,80.2395629883,34880,34890,10
13.0069103241,80.2404785156,34890,34910,20
13.0069103241,80.2404785156,34910,34920,10
13.0068397522,80.2407302856,34920,34931,11
13.0067796707,80.2413711548,34931,34941,10
13.0067901611,80.2424468994,34941,34981,40
13.0067901611,80.2424468994,34981,34991,10
13.0067596436,80.2428970337,34991,35021,30
13.0067596436,80.2428970337,35021,35031,10
13.0067396164,80.2433166504,35031,35042,11
13.0067396164,80.2436523438,35042,35052,10
13.0067396164,80.2441635132,35052,35062,10
13.0067300797,80.2448120117,35062,35072,10
13.0067195892,80.2451782227,35072,35102,30
13.0067195892,80.2451782227,35102,35112,10
13.0067396164,80.2456588745,35112,35122,10
13.0067596436,80.2459411621,35122,35132,10
13.0067796707,80.2463226318,35132,35142,10
13.0067996979,80.2467422485,35142,35153,11
13.0067396164,80.2476196289,35153,35163,10
13.006770134,80.248588562,35163,35173,10
13.0068998337,80.2495574951,35173,35193,20
13.0068998337,80.2495574951,35193,35203,10
13.0069103241,80.2498626709,35203,35213,10
13.0068702698,80.2504272461,35213,35223,10
13.0068597794,80.2507705688,35223,35233,10
13.0068597794,80.2510910034,35233,35243,10
13.006770134,80.2515869141,35243,35253,10
13.006649971,80.2522583008,35253,35264,11
13.0066204071,80.2530822754,35264,35274,10
13.0066204071,80.2538604736,35274,35284,10
13.0066404343,80.2546005249,35284,35304,20
13.0066404343,80.2546005249,35304,35314,10
13.0066404343,80.2548599243,35314,35324,10
13.0066404343,80.2550582886,35324,35334,10
13.0066299438,80.2557525635,35334,35344,10
13.0066099167,80.2565002441,35344,35354,10
13.0066604614,80.256942749,35354,35435,81
13.0066604614,80.256942749,35435,35445,10
13.0067195892,80.2573013306,35445,35455,10
13.0066204071,80.2575073242,35455,35465,10
13.0062103271,80.2574920654,35465,35475,10
13.0056600571,80.2573623657,35475,35486,11
13.0048999786,80.2571868896,35486,35496,10
13.0042200089,80.2570419312,35496,35506,10
13.0037403107,80.2569580078,35506,35516,10
13.0033197403,80.2568588257,35516,35526,10
13.0027198792,80.2567520142,35526,35536,10
13.0019798279,80.2566299438,35536,35546,10
13.0010404587,80.2565002441,35546,35556,10
13.0003099442,80.2564086914,35556,35566,10
13.0002002716,80.2563934326,35566,35582,16
12.9999303818,80.2562866211,35582,35594,12
12.9997596741,80.2562713623,35594,35605,11
12.99958992,80.2562179565,35605,35615,10
12.9990901947,80.2561416626,35615,35624,9
12.998459816,80.2560424805,35624,35635,11
12.9980897903,80.2560195923,35635,35644,9
12.9979295731,80.2559814453,35644,35655,11
12.9974803925,80.2559585571,35655,35665,10
12.9970798492,80.2559585571,35665,35675,10
12.9969596863,80.2562637329,35675,35685,10
12.9968996048,80.2566375732,35685,35695,10
12.9968900681,80.2567901611,35695,35705,10
12.9968900681,80.2568893433,35705,35716,11
12.9968099594,80.2574234009,35716,35726,10
12.9967098236,80.2582092285,35726,35736,10
12.9966201782,80.2589263916,35736,35746,10
12.9965496063,80.2596130371,35746,35756,10
12.9965000153,80.260307312,35756,35766,10
12.9963798523,80.2611465454,35766,35776,10
12.9963197708,80.2619094849,35776,35786,10
12.9962596893,80.2624206543,35786,35797,11
12.9962596893,80.2624206543,35797,35822,25
12.9961700439,80.2631607056,35822,35832,10
12.9961204529,80.2637786865,35832,35842,10
12.9960298538,80.2646179199,35842,35852,10
12.9959802628,80.2651519775,35852,35862,10
12.9959697723,80.2653198242,35862,35872,10
12.9959001541,80.2658920288,35872,35882,10
12.9958095551,80.266708374,35882,35892,10
12.9962797165,80.2676773071,35892,35912,20
12.9962797165,80.2676773071,35912,35922,10
12.9964399338,80.2677307129,35922,35932,10
12.9970502853,80.2676925659,35932,35943,11
12.998049736,80.2674102783,35943,35953,10
12.9989500046,80.2671737671,35953,35963,10
13.0001497269,80.2664489746,35963,35993,30
13.0001497269,80.2664489746,35993,36003,10
13.0001802444,80.2660903931,36003,36013,10
13.0003499985,80.2659683228,36013,36215,202
13.0003499985,80.2659683228,36215,36225,10
13.000289917,80.2662887573,36225,36356,131
13.0003404617,80.2661972046,36356,36407,51
13.0003404617,80.2661972046,36407,36417,10
13.0002803802,80.2665710449,36417,36427,10
13.0002803802,80.2665786743,36427,36437,10
13.0002603531,80.2667236328,36437,36447,10
13.0002403259,80.2667617798,36447,36457,10
12.9998998642,80.2668991089,36457,36467,10
12.9993095398,80.2670822144,36467,36477,10
12.9986495972,80.2672805786,36477,36487,10
12.9979200363,80.2675018311,36487,36498,11
12.9972295761,80.2676696777,36498,36508,10
12.9964704514,80.2677612305,36508,36518,10
12.9958696365,80.2677001953,36518,36528,10
12.9957199097,80.2675704956,36528,36538,10
12.9956998825,80.2672805786,36538,36548,10
12.9956998825,80.2672576904,36548,36558,10
12.9956903458,80.2671890259,36558,36568,10
12.9957504272,80.2667236328,36568,36578,10
12.9958200455,80.26587677,36578,36588,10
12.9959402084,80.2649688721,36588,36598,10
12.9960002899,80.2644577026,36598,36609,11
12.9960899353,80.2637023926,36609,36619,10
12.9961500168,80.2630996704,36619,36629,10
12.9962100983,80.2625427246,36629,36649,20
12.9962100983,80.2625427246,36649,36659,10
12.9962596893,80.2623214722,36659,36669,10
12.9963197708,80.2618179321,36669,36679,10
12.9963703156,80.2612075806,36679,36689,10
12.9964504242,80.2605133057,36689,36699,10
12.9965295792,80.2597885132,36699,36709,10
12.9965496063,80.2594299316,36709,36720,11
12.9965600967,80.2591781616,36720,36730,10
12.9966096878,80.2585983276,36730,36740,10
12.996720314,80.2576904297,36740,36750,10
12.9968004227,80.2569122314,36750,36760,10
12.9968395233,80.2563705444,36760,36770,10
12.9968595505,80.2562789917,36770,36780,10
12.9968900681,80.2561798096,36780,36790,10
12.9969902039,80.2558364868,36790,36800,10
12.9974899292,80.2558517456,36800,36810,10
12.9986495972,80.2559585571,36810,36841,31
12.9987802505,80.2560272217,36841,36881,40
12.9987802505,80.2560272217,36881,36891,10
12.9989204407,80.2560272217,36891,36901,10
12.9991102219,80.2560501099,36901,36911,10
12.9995098114,80.2561264038,36911,36921,10
13.0000696182,80.2562637329,36921,36931,10
13.0008001328,80.256401062,36931,36941,10
13.0012798309,80.2564697266,36941,36952,11
13.0017995834,80.2565765381,36952,36962,10
13.0020198822,80.2566070557,36962,36972,10
13.0023202896,80.256652832,36972,36982,10
13.0024595261,80.2566680908,36982,36992,10
13.0026397705,80.2567214966,36992,37002,10
13.0027599335,80.2567520142,37002,37012,10
13.003080368,80.2567977905,37012,37022,10
13.0033998489,80.2568511963,37022,37032,10
13.0037603378,80.2569198608,37032,37042,10
13.0042600632,80.2570266724,37042,37052,10
13.0048999786,80.2571792603,37052,37063,11
13.0057897568,80.2573318481,37063,37123,60
13.0057897568,80.2573318481,37123,37133,10
13.0059604645,80.2573776245,37133,37143,10
13.0064001083,80.2574386597,37143,37153,10
13.0065402985,80.2570724487,37153,37163,10
13.0064897537,80.2563095093,37163,37174,11
13.0065097809,80.255279541,37174,37184,10
13.0065002441,80.2544403076,37184,37194,10
13.006480217,80.25340271,37194,37204,10
13.0064897537,80.2531890869,37204,37214,10
13.0065202713,80.2529830933,37214,37224,10
13.0065402985,80.2522735596,37224,37254,30
13.0065402985,80.2522735596,37254,37264,10
13.0066003799,80.2520294189,37264,37274,10
13.0066604614,80.2515411377,37274,37285,11
13.0066995621,80.2511825562,37285,37295,10
13.0067195892,80.2508392334,37295,37305,10
13.0067195892,80.250617981,37305,37315,10
13.0067300797,80.2503585815,37315,37325,10
13.0067300797,80.250213623,37325,37335,10
13.0067501068,80.2501220703,37335,37345,10
13.0067501068,80.2498397827,37345,37396,51
13.0067501068,80.2498397827,37396,37406,10
13.0067396164,80.2496109009,37406,37416,10
13.0067195892,80.2493209839,37416,37426,10
13.0066795349,80.2488021851,37426,37436,10
13.0066404343,80.2483596802,37436,37446,10
13.0066204071,80.2479476929,37446,37456,10
13.0066204071,80.2475509644,37456,37466,10
13.0066404343,80.2470626831,37466,37476,10
13.0065803528,80.2465896606,37476,37486,10
13.0066099167,80.2465286255,37486,37496,10
13.0066204071,80.2464370728,37496,37507,11
13.0065898895,80.2459564209,37507,37517,10
13.0066003799,80.2456817627,37517,37527,10
13.0066099167,80.2455291748,37527,37537,10
13.0066099167,80.2453384399,37537,37547,10
13.0066003799,80.2451171875,37547,37557,10
13.0066204071,80.2448425293,37557,37567,10
13.0066204071,80.2445220947,37567,37577,10
13.0066299438,80.2441864014,37577,37587,10
13.0066204071,80.243888855,37587,37597,10
13.0066204071,80.2437210083,37597,37607,10
13.0065898895,80.2432785034,37607,37617,10
13.0065603256,80.2425689697,37617,37628,11
13.0065603256,80.2415390015,37628,37638,10
13.0065698624,80.2411499023,37638,37648,10
13.0066003799,80.2410125732,37648,37658,10
13.0066204071,80.240852356,37658,37668,10
13.0066900253,80.2405090332,37668,37678,10
13.0068397522,80.2398605347,37678,37688,10
13.0070104599,80.2389297485,37688,37698,10
13.0072202682,80.2379837036,37698,37708,10
13.0073795319,80.2370834351,37708,37718,10
13.007399559,80.2368621826,37718,37728,10
13.0074596405,80.2366409302,37728,37739,11
13.007610321,80.2360229492,37739,37749,10
13.0077800751,80.235168457,37749,37759,10
13.0079898834,80.2341003418,37759,37769,10
13.0082502365,80.2328796387,37769,37779,10
13.008480072,80.2317428589,37779,37789,10
13.0086603165,80.230758667,37789,37799,10
13.0088596344,80.2297363281,37799,37809,10
13.0090303421,80.2288894653,37809,37819,10
13.0091695786,80.2282791138,37819,37829,10
13.0093803406,80.2277603149,37829,37839,10
13.0097398758,80.2269515991,37839,37850,11
13.0101604462,80.22605896,37850,37860,10
13.0104703903,80.225479126,37860,37870,10
13.0106801987,80.2250671387,37870,37880,10
13.0108203888,80.2247009277,37880,37890,10
13.0110702515,80.224067688,37890,37900,10
13.0114297867,80.223197937,37900,37909,9
13.0116901398,80.2225036621,37909,37920,11
13.0120601654,80.2215499878,37920,37930,10
13.0124702454,80.2216796875,37930,37940,10
13.0129404068,80.2222976685,37940,37950,10
13.0136003494,80.2230224609,37950,37961,11
13.0142202377,80.2237625122,37961,37971,10
13.0148000717,80.224357605,37971,37981,10
13.0152997971,80.2248382568,37981,37991,10
13.0153503418,80.2248764038,37991,38001,10
13.0153799057,80.224937439,38001,38011,10
13.0156497955,80.225189209,38011,38021,10
13.015999794,80.2253570557,38021,38031,10
13.0166597366,80.2252883911,38031,38041,10
13.0175695419,80.2249298096,38041,38051,10
13.0186300278,80.2245025635,38051,38061,10
13.0193099976,80.2244033813,38061,38072,11
13.0193195343,80.2244033813,38072,38082,10
13.0194396973,80.2244567871,38082,38092,10
13.0197000504,80.224571228,38092,38102,10
13.0200796127,80.224822998,38102,38112,10
13.0204401016,80.2250823975,38112,38122,10
13.0205898285,80.2251663208,38122,38132,10
13.0206003189,80.2251815796,38132,38142,10
13.0207796097,80.2253036499,38142,38162,20
13.0207796097,80.2253036499,38162,38172,10
13.0210103989,80.2254867554,38172,38183,11
13.0213298798,80.2257766724,38183,38193,10
13.0215396881,80.2259216309,38193,38203,10
13.0218000412,80.2260665894,38203,38223,20
13.0218000412,80.2260665894,38223,38233,10
13.0219802856,80.2261810303,38233,38243,10
13.0222997665,80.2264480591,38243,38253,10
13.0225296021,80.2266616821,38253,38263,10
13.0227203369,80.2268295288,38263,38273,10
13.0228996277,80.2270278931,38273,38294,21
13.0228996277,80.2270278931,38294,38304,10
13.023150444,80.2272796631,38304,38314,10
13.0234003067,80.2275085449,38314,38324,10
13.023730278,80.2277526855,38324,38344,20
13.023730278,80.2277526855,38344,38354,10
13.0238599777,80.2278213501,38354,38364,10
13.0240898132,80.2280731201,38364,38384,20
13.0240898132,80.2280731201,38384,38394,10
13.0242595673,80.2283172607,38394,38445,51
13.0242595673,80.2283172607,38445,38455,10
13.0244598389,80.2286376953,38455,38465,10
13.024479866,80.2286682129,38465,38475,10
13.0245800018,80.228767395,38475,38485,10
13.0247602463,80.229057312,38485,38495,10
13.0249795914,80.229347229,38495,38505,10
13.0254201889,80.2298965454,38505,38515,10
13.0258798599,80.2306594849,38515,38586,71
13.0258798599,80.2306594849,38586,38596,10
13.0258798599,80.2308731079,38596,38606,10
13.025970459,80.2311630249,38606,38616,10
13.0261201859,80.2313537598,38616,38626,10
13.0266199112,80.2312316895,38626,38637,11
13.0275297165,80.2310028076,38637,38647,10
13.0283002853,80.2309036255,38647,38657,10
13.0284004211,80.2308883667,38657,38667,10
13.0289402008,80.2308578491,38667,38687,20
13.0289402008,80.2308578491,38687,38697,10
13.029129982,80.2308731079,38697,38707,10
13.0293397903,80.2308273315,38707,38717,10
13.0297698975,80.2307662964,38717,38748,31
13.0297698975,80.2307662964,38748,38758,10
13.0298995972,80.2307510376,38758,38768,10
13.0301704407,80.23072052,38768,38778,10
13.0305204391,80.2307128906,38778,38788,10
13.0310297012,80.2306671143,38788,38798,10
13.031539917,80.2306213379,38798,38808,10
13.0322198868,80.2305679321,38808,38818,10
13.0328102112,80.2305221558,38818,38828,10
13.0333795547,80.2304992676,38828,38838,10
13.0341796875,80.2304000854,38838,38869,31
13.0341796875,80.2304000854,38869,38879,10
13.0343599319,80.2304077148,38879,38889,10
13.0348796844,80.2303619385,38889,38899,10
13.0349397659,80.2307815552,38899,38909,10
13.0349397659,80.2309188843,38909,38919,10
13.0348796844,80.2313995361,38919,38929,10
13.0347700119,80.2321166992,38929,38939,10
13.0346498489,80.232963562,38939,38949,10
13.034620285,80.2331619263,38949,38959,10
13.0346002579,80.2333831787,38959,38970,11
13.0345401764,80.2337799072,38970,38980,10
13.0344600677,80.2345275879,38980,38990,10
13.0343399048,80.2354888916,38990,39000,10
13.0341997147,80.2370681763,39000,39081,81
13.0341997147,80.2370681763,39081,39091,10
13.0342102051,80.2371063232,39091,39131,40
13.0342102051,80.2371063232,39131,39141,10
13.0342998505,80.2373962402,39141,39151,10
13.034529686,80.2377929688,39151,39161,10
13.0347604752,80.2380905151,39161,39171,10
13.035200119,80.2388076782,39171,39181,10
13.0355796814,80.2393264771,39181,39192,11
13.0360498428,80.2393875122,39192,39202,10
13.03606987,80.239402771,39202,39212,10
13.0363998413,80.2394485474,39212,39222,10
13.0369195938,80.2395019531,39222,39232,10
13.0376300812,80.2396011353,39232,39242,10
13.0382699966,80.2396621704,39242,39252,10
13.0388402939,80.2397232056,39252,39262,10
13.0396099091,80.2398223877,39262,39272,10
13.0400695801,80.2398681641,39272,39282,10
13.0401802063,80.2398986816,39282,39292,10
13.0403604507,80.2402191162,39292,39302,10
13.0406503677,80.2405166626,39302,39313,11
13.0409097672,80.240562439,39313,39323,10
13.0410203934,80.2405776978,39323,39333,10
13.0414400101,80.2406082153,39333,39343,10
13.0421304703,80.2407302856,39343,39353,10
13.0431203842,80.2408599854,39353,39363,10
13.0441398621,80.240852356,39363,39373,10
13.0447301865,80.2404327393,39373,39444,71
13.0447301865,80.2404327393,39444,39454,10
13.045009613,80.240196228,39454,39464,10
13.0454597473,80.2398910522,39464,39474,10
13.046090126,80.2394866943,39474,39484,10
13.0464801788,80.2395935059,39484,39494,10
13.0465898514,80.2396392822,39494,39504,10
13.0470104218,80.2397232056,39504,39514,10
13.0476903915,80.2398376465,39514,39524,10
13.0484800339,80.2399902344,39524,39535,11
13.0488796234,80.2400665283,39535,39545,10
13.0495300293,80.2401885986,39545,39555,10
13.050330162,80.2403488159,39555,39565,10
13.0510902405,80.2405014038,39565,39575,10
13.0511598587,80.2405471802,39575,39585,10
13.0515604019,80.2406311035,39585,39595,10
13.0522899628,80.2408599854,39595,39605,10
13.0526599884,80.2416000366,39605,39615,10
13.0540103912,80.2422332764,39615,39643,28
13.0540103912,80.2422332764,39643,39654,11
13.0543498993,80.2423400879,39654,39664,10
13.0550203323,80.2422790527,39664,39674,10
13.0557498932,80.2422485352,39674,39684,10
13.0567598343,80.2426071167,39684,39733,49
13.0567598343,80.2426071167,39733,39744,11
13.0569000244,80.2425994873,39744,39753,9
13.0572004318,80.2427825928,39753,39765,12
13.0576696396,80.2427597046,39765,39775,10
13.0578203201,80.2427597046,39775,39785,10
13.0583295822,80.2426376343,39785,39795,10
13.0589895248,80.2425003052,39795,39805,10
13.0591201782,80.242477417,39805,39815,10
13.0595502853,80.2425231934,39815,39825,10
13.0600996017,80.2427062988,39825,39835,10
13.0606899261,80.2429199219,39835,39845,10
13.0614404678,80.2431182861,39845,39855,10
13.0625200272,80.2433166504,39855,39876,21
13.0625200272,80.2433166504,39876,39886,10
13.0627002716,80.2433700562,39886,39896,10
13.0633201599,80.2434768677,39896,39906,10
13.0639600754,80.2434997559,39906,39916,10
13.064499855,80.2435073853,39916,39926,10
13.0656404495,80.2435302734,39926,39987,61
13.0656404495,80.2435302734,39987,39997,10
13.0658102036,80.2434082031,39997,40007,10
13.0663604736,80.243270874,40007,40017,10
13.0670499802,80.243019104,40017,40027,10
13.0677700043,80.2427368164,40027,40037,10
13.0686302185,80.2425003052,40037,40047,10
13.0689001083,80.2423477173,40047,40057,10
13.068980217,80.2423095703,40057,40067,10
13.069270134,80.2421798706,40067,40077,10
13.070019722,80.2419891357,40077,40098,21
13.070019722,80.2419891357,40098,40108,10
13.0703001022,80.2419509888,40108,40118,10
13.0709104538,80.2417678833,40118,40128,10
13.0717201233,80.2414093018,40128,40138,10
13.0726699829,80.2408828735,40138,40148,10
13.0734996796,80.2406387329,40148,40158,10
13.0742702484,80.2404785156,40158,40168,10
13.0752897263,80.2404632568,40168,40178,10
13.076259613,80.240447998,40178,40188,10
13.076880455,80.240562439,40188,40198,10
13.07695961,80.240562439,40198,40209,11
13.0771398544,80.2402496338,40209,40219,10
13.0769901276,80.2396392822,40219,40229,10
13.0767498016,80.2387619019,40229,40239,10
13.0765600204,80.2378997803,40239,40249,10
13.0763101578,80.2368392944,40249,40269,20
13.0763101578,80.2368392944,40269,40279,10
13.0763397217,80.2366790771,40279,40289,10
13.0762901306,80.2361831665,40289,40299,10
13.0761404037,80.2354736328,40299,40309,10
13.0758895874,80.2345428467,40309,40320,11
13.0757598877,80.2341766357,40320,40330,10
13.0759096146,80.233833313,40330,40340,10
13.0763397217,80.2337493896,40340,40350,10
13.0767602921,80.2336578369,40350,40360,10
13.0767803192,80.2336730957,40360,40370,10
13.0771198273,80.2336425781,40370,40380,10
13.0777597427,80.2335205078,40380,40390,10
13.0782899857,80.2334899902,40390,40400,10
13.0787801743,80.2334594727,40400,40410,10
13.0795001984,80.2334518433,40410,40420,10
13.0802402496,80.2334365845,40420,40430,10
13.080280304,80.2334518433,40430,40441,11
13.0805397034,80.2334899902,40441,40451,10
13.0811500549,80.2334823608,40451,40461,10
13.0818300247,80.2334976196,40461,40471,10
13.0819597244,80.2330474854,40471,40481,10
13.0820999146,80.2324829102,40481,40491,10
13.0823602676,80.2317199707,40491,40501,10
13.0826396942,80.2311706543,40501,40510,9
13.0827798843,80.2308120728,40510,40520,10
13.0829296112,80.2306671143,40520,40531,11
13.0831298828,80.2309417725,40531,40542,11
13.0831899643,80.2317428589,40542,40552,10
13.0832500458,80.2325668335,40552,40562,10
13.0834503174,80.2333068848,40562,40572,10
13.0835695267,80.2338104248,40572,40582,10
13.0840902328,80.2339630127,40582,40602,20
13.0840902328,80.2339630127,40602,40612,10
13.0842695236,80.2340087891,40612,40622,10
13.0847101212,80.2340774536,40622,40632,10
13.0852899551,80.2341995239,40632,40648,16
13.0860996246,80.2344207764,40648,40660,12
13.086689949,80.2345199585,40660,40671,11
13.0875797272,80.2345275879,40671,40681,10
13.0879602432,80.2339172363,40681,40691,10
13.0880899429,80.2330322266,40691,40701,10
13.0883598328,80.2319412231,40701,40711,10
13.0886201859,80.2311630249,40711,40721,10
13.0888795853,80.2305526733,40721,40730,9
13.0888795853,80.2305374146,40730,40741,11
13.0889196396,80.2304382324,40741,40751,10
13.0891199112,80.2300415039,40751,40761,10
13.0895595551,80.2293167114,40761,40772,11
13.0903997421,80.2284011841,40772,40782,10
13.0911903381,80.2275238037,40782,40791,9
13.0914402008,80.2272262573,40791,40802,11
13.0916099548,80.2270812988,40802,40812,10
13.0921001434,80.2265777588,40812,40822,10
13.0927095413,80.2259597778,40822,40832,10
13.0933904648,80.2252731323,40832,40842,10
13.0937404633,80.2248764038,40842,40852,10
13.09416008,80.2243804932,40852,40862,10
13.0949201584,80.2232818604,40862,40872,10
13.0953798294,80.2222137451,40872,40882,10
13.0957403183,80.2211837769,40882,40893,11
13.096039772,80.2203216553,40893,40903,10
13.0962600708,80.2196273804,40903,40913,10
13.0963401794,80.2194366455,40913,40923,10
13.0965204239,80.218963623,40923,40933,10
13.0967102051,80.2183685303,40933,40943,10
13.0968799591,80.2178421021,40943,40953,10
13.0970401764,80.217376709,40953,40963,10
13.0971803665,80.2169570923,40963,40973,10
13.0972900391,80.2167205811,40973,40983,10
13.0975799561,80.2160491943,40983,40993,10
13.0981998444,80.2146224976,40993,41044,51
13.0981998444,80.2146224976,41044,41054,10
13.0982503891,80.2145233154,41054,41064,10
13.0984697342,80.2140579224,41064,41135,71
13.0984697342,80.2140579224,41135,41145,10
13.0986204147,80.2139892578,41145,41155,10
13.0990800858,80.2142181396,41155,41165,10
13.0996398926,80.2143478394,41165,41175,10
13.1002998352,80.2145080566,41175,41195,20
13.1002998352,80.2145080566,41195,41205,10
13.1005001068,80.214630127,41205,41276,71
13.1005001068,80.214630127,41276,41286,10
13.1005001068,80.2149505615,41286,41296,10
13.1001901627,80.2156677246,41296,41306,10
13.1000003815,80.2160491943,41306,41316,10
13.0999403,80.2157821655,41316,41326,10
13.1001195908,80.2153778076,41326,41337,11
13.100230217,80.2147674561,41337,42086,749
13.100230217,80.2147674561,42086,42096,10
13.1002101898,80.2146682739,42096,42106,10
13.1000795364,80.2144927979,42106,42117,11
13.0999403,80.2144622803,42117,42127,10
13.0997600555,80.2144088745,42127,42137,10
13.0993995667,80.2143325806,42137,42147,10
13.0989103317,80.2141799927,42147,42157,10
13.0986499786,80.2140808105,42157,42167,10
13.0984096527,80.2142791748,42167,42177,10
13.0981798172,80.2147598267,42177,42187,10
13.097869873,80.2155075073,42187,42197,10
13.0974597931,80.2164611816,42197,42207,10
13.0973300934,80.2168426514,42207,42217,10
13.0971403122,80.217300415,42217,42228,11
13.0968103409,80.2182617188,42228,42238,10
13.0964698792,80.2192611694,42238,42248,10
13.0961198807,80.2202529907,42248,42258,10
13.0958595276,80.2209777832,42258,42268,10
13.0956802368,80.2215194702,42268,42278,10
13.095459938,80.2222290039,42278,42288,10
13.0953798294,80.2224197388,42288,42298,10
13.0952196121,80.2228317261,42298,42308,10
13.0948600769,80.2235336304,42308,42318,10
13.0942001343,80.2244186401,42318,42328,10
13.0935297012,80.2252197266,42328,42338,10
13.0927400589,80.226020813,42338,42349,11
13.0919303894,80.2268600464,42349,42359,10
13.0912799835,80.2275695801,42359,42369,10
13.0911998749,80.2276611328,42369,42379,10
13.090880394,80.2279815674,42379,42389,10
13.0903301239,80.2285690308,42389,42399,10
13.0896196365,80.2294006348,42399,42409,10
13.0891704559,80.2301483154,42409,42419,10
13.0890197754,80.2304534912,42419,42429,10
13.0888004303,80.2309417725,42429,42439,10
13.0886697769,80.2312164307,42439,42460,21
13.0886697769,80.2312164307,42460,42470,10
13.0885601044,80.2313995361,42470,42480,10
13.0883998871,80.2319030762,42480,42490,10
13.0881795883,80.2327575684,42490,42500,10
13.0880203247,80.2338027954,42500,42510,10
13.0878601074,80.2344207764,42510,42520,10
13.0871400833,80.2344970703,42520,42530,10
13.0864801407,80.2344970703,42530,42540,10
13.0856800079,80.2343597412,42540,42550,10
13.084859848,80.234161377,42550,42560,10
13.0841903687,80.2340087891,42560,42571,11
13.0838603973,80.2339324951,42571,42581,10
13.0836000443,80.23387146,42581,42591,10
13.0832004547,80.2338409424,42591,42601,10
13.0828504562,80.2337722778,42601,42611,10
13.0824699402,80.2337188721,42611,42621,10
13.0823802948,80.2336730957,42621,42631,10
13.0818595886,80.2336273193,42631,42641,10
13.0810499191,80.2335968018,42641,42651,10
13.0803899765,80.233581543,42651,42661,10
13.0799102783,80.2335891724,42661,42671,10
13.0795698166,80.2335510254,42671,42682,11
13.0793504715,80.2335586548,42682,42692,10
13.078789711,80.2335510254,42692,42702,10
13.0779695511,80.2335891724,42702,42712,10
13.0770797729,80.2336730957,42712,42722,10
13.0766000748,80.233757019,42722,42732,10
13.0761003494,80.2338409424,42732,42752,20
13.0761003494,80.2338409424,42752,42762,10
13.0758600235,80.2340011597,42762,42772,10
13.075969696,80.2345123291,42772,42782,10
13.0761203766,80.2353515625,42782,42792,10
13.0762901306,80.2363433838,42792,42803,11
13.0763196945,80.2365112305,42803,42813,10
13.0763196945,80.2366790771,42813,42833,20
13.0763196945,80.2366790771,42833,42843,10
13.0763702393,80.236869812,42843,42853,10
13.0764398575,80.2372131348,42853,42863,10
13.0764703751,80.2373428345,42863,42873,10
13.07654953,80.2377090454,42873,42883,10
13.0766496658,80.2382965088,42883,42893,10
13.0768098831,80.2390365601,42893,42903,10
13.0769996643,80.2397918701,42903,42914,11
13.077170372,80.2405090332,42914,42924,10
13.077249527,80.2407684326,42924,42934,10
13.0773696899,80.2413635254,42934,42944,10
13.0775499344,80.2421417236,42944,42960,16
13.0777997971,80.2437667847,42960,42972,12
13.0778102875,80.2447433472,42972,42980,8
13.0778903961,80.2453536987,42980,42992,12
13.0779399872,80.2462081909,42992,43002,10
13.0781402588,80.2473907471,43002,43011,9
13.0783395767,80.2483673096,43011,43021,10
13.0785598755,80.2492370605,43021,43033,12
13.0786104202,80.2503662109,43033,43043,10
13.0785198212,80.2512283325,43043,43053,10
13.0784397125,80.2516784668,43053,43063,10
13.0777797699,80.2517929077,43063,43072,9
13.0769195557,80.2519378662,43072,43083,11
13.0759601593,80.2520980835,43083,43093,10
13.0751800537,80.252166748,43093,43103,10
13.0746202469,80.2522125244,43103,43113,10
13.0740604401,80.2522735596,43113,43123,10
13.0737400055,80.2524490356,43123,43134,11
13.0731496811,80.2523880005,43134,43144,10
13.0725603104,80.2522964478,43144,43154,10
13.0721902847,80.2516784668,43154,43164,10
13.0720796585,80.2509384155,43164,43174,10
13.071849823,80.2502593994,43174,43184,10
13.0715999603,80.2493362427,43184,43194,10
13.0713796616,80.248260498,43194,43203,9
13.0710096359,80.2472763062,43203,43213,10
13.070520401,80.246307373,43213,43224,11
13.070019722,80.2452163696,43224,43234,10
13.0695800781,80.2440185547,43234,43245,11
13.0693502426,80.2434234619,43245,43255,10
13.0693302155,80.2433013916,43255,43265,10
13.0692396164,80.2427368164,43265,43275,10
13.0690202713,80.2425003052,43275,43285,10
13.068479538,80.2425765991,43285,43295,10
13.0676898956,80.2428207397,43295,43305,10
13.0669803619,80.2431182861,43305,43315,10
13.0664701462,80.243347168,43315,43325,10
13.0661401749,80.2437515259,43325,43335,10
13.0662202835,80.2445220947,43335,43344,9
13.0663499832,80.2453231812,43344,43355,11
13.0667600632,80.2460174561,43355,43366,11
13.0676603317,80.2464523315,43366,43376,10
13.0678596497,80.2466201782,43376,43386,10
13.067899704,80.246963501,43386,43396,10
13.0678596497,80.2476882935,43396,43406,10
13.0675096512,80.2478637695,43406,43416,10
13.066740036,80.2478103638,43416,43426,10
13.0662097931,80.2478027344,43426,43436,10
13.0656003952,80.247756958,43436,43446,10
13.064740181,80.247718811,43446,43456,10
13.0638904572,80.2476501465,43456,43466,10
13.0630598068,80.2476119995,43466,43477,11
13.0621204376,80.2475967407,43477,43487,10
13.0615100861,80.2473220825,43487,43497,10
13.0613603592,80.2469177246,43497,43507,10
13.0617599487,80.2464523315,43507,43517,10
13.061920166,80.2457199097,43517,43527,10
13.0622501373,80.2451400757,43527,43537,10
13.0629701614,80.2445526123,43537,43547,10
13.0631198883,80.2443237305,43547,43557,10
13.0632896423,80.2440795898,43557,43567,10
13.0633401871,80.2435379028,43567,43577,10
13.0626802444,80.2433929443,43577,43588,11
13.0618600845,80.2432327271,43588,43598,10
13.0613498688,80.2431182861,43598,43608,10
13.0609197617,80.2429962158,43608,43618,10
13.0606403351,80.2429122925,43618,43628,10
13.0604496002,80.2428436279,43628,43638,10
13.0600404739,80.2427215576,43638,43648,10
13.0593500137,80.2425689697,43648,43658,10
13.0586700439,80.2426528931,43658,43668,10
13.0579299927,80.2427825928,43668,43678,10
13.0571804047,80.2428207397,43678,43729,51
13.0571804047,80.2428207397,43729,43739,10
13.0567502975,80.2427215576,43739,43749,10
13.0563201904,80.2425231934,43749,43759,10
13.0557603836,80.2422485352,43759,43769,10
13.0548496246,80.2423934937,43769,43778,9
13.0541200638,80.2423629761,43778,43788,10
13.0536899567,80.2422485352,43788,43799,11
13.053560257,80.2421722412,43799,43810,11
13.0530500412,80.2419281006,43810,43850,40
13.0530500412,80.2419281006,43850,43860,10
13.0527896881,80.2418670654,43860,43870,10
13.0523796082,80.2414779663,43870,43880,10
13.0521697998,80.2410964966,43880,43890,10
13.0519399643,80.2407608032,43890,43900,10
13.051320076,80.2406616211,43900,43921,21
13.051320076,80.2406616211,43921,43931,10
13.0507898331,80.2405319214,43931,43941,10
13.0500898361,80.2403793335,43941,43951,10
13.0495300293,80.2402267456,43951,43961,10
13.048910141,80.2401275635,43961,43971,10
13.0482797623,80.239982605,43971,43981,10
13.0478401184,80.239906311,43981,43991,10
13.0473604202,80.2397994995,43991,44001,10
13.0469102859,80.2397384644,44001,44037,36
13.0469102859,80.2397384644,44037,44050,13
13.0466098785,80.2396469116,44050,44068,18
13.0466098785,80.2396469116,44068,44079,11
13.0462703705,80.2395629883,44079,44090,11
13.0462303162,80.2393112183,44090,44100,10
13.046380043,80.2387237549,44100,44110,10
13.0466804504,80.237991333,44110,44120,10
13.0467596054,80.237159729,44120,44130,10
13.0468797684,80.2364807129,44130,44140,10
13.046959877,80.2361221313,44140,44151,11
13.0470600128,80.2356796265,44151,44161,10
13.0471601486,80.2352600098,44161,44171,10
13.0472602844,80.2344970703,44171,44180,9
13.047249794,80.2336578369,44180,44191,11
13.0473098755,80.2330780029,44191,44201,10
13.0470104218,80.2330093384,44201,44211,10
13.0460996628,80.2328567505,44211,44221,10
13.0453996658,80.2326583862,44221,44231,10
13.0451803207,80.2326126099,44231,44241,10
13.0449800491,80.2326126099,44241,44251,10
13.0443496704,80.2324829102,44251,44262,11
13.0433197021,80.2323608398,44262,44272,10
13.0424003601,80.2323226929,44272,44282,10
13.0413999557,80.2321624756,44282,44292,10
13.0403404236,80.2317962646,44292,44302,10
13.0393400192,80.2315292358,44302,44312,10
13.0385198593,80.2313079834,44312,44322,10
13.0376195908,80.2310028076,44322,44332,10
13.0369501114,80.2308120728,44332,44342,10
13.0367803574,80.2307434082,44342,44352,10
13.0359897614,80.2305221558,44352,44362,10
13.0354003906,80.2303390503,44362,44444,82
13.0354003906,80.2303390503,44444,44454,10
13.0350103378,80.2303009033,44454,44464,10
13.0343999863,80.2304000854,44464,44495,31
13.0343999863,80.2304000854,44495,44505,10
13.0342502594,80.2304534912,44505,44515,10
13.033829689,80.2304763794,44515,44525,10
13.033539772,80.2304763794,44525,44535,10
13.0334300995,80.2304992676,44535,44545,10
13.0329504013,80.2305297852,44545,44555,10
13.0321998596,80.2305984497,44555,44565,10
13.0315799713,80.2306594849,44565,44606,41
13.0315799713,80.2306594849,44606,44616,10
13.0314702988,80.230682373,44616,44626,10
13.0312404633,80.2306900024,44626,44636,10
13.0309801102,80.2306900024,44636,44646,10
13.0308599472,80.2307128906,44646,44656,10
13.0300598145,80.230796814,44656,44684,28
13.0300598145,80.230796814,44684,44694,10
13.02987957,80.2308273315,44694,44704,10
13.0295600891,80.2308731079,44704,44715,11
13.0288896561,80.2308807373,44715,44725,10
13.0282802582,80.2308807373,44725,44733,8
13.0279397964,80.2309188843,44733,44745,12
13.0277204514,80.2310028076,44745,44755,10
13.0276699066,80.2315368652,44755,44765,10
13.0277099609,80.2321090698,44765,44775,10
13.0277996063,80.2326889038,44775,44785,10
13.0273704529,80.2328491211,44785,44795,10
13.0269603729,80.2329406738,44795,44856,61
13.0269603729,80.2329406738,44856,44866,10
13.0268001556,80.2330169678,44866,44876,10
13.0265398026,80.2330322266,44876,44886,10
13.0263004303,80.2326126099,44886,44896,10
13.026260376,80.2323989868,44896,44906,10
13.0261898041,80.2320404053,44906,44916,10
13.0261001587,80.2315673828,44916,44926,10
13.0259304047,80.2309417725,44926,44936,10
13.0255203247,80.2301483154,44936,44947,11
13.0249500275,80.2293930054,44947,44957,10
13.0245800018,80.2289276123,44957,44967,10
13.024310112,80.2285766602,44967,44977,10
13.0239601135,80.2282180786,44977,44987,10
13.0239400864,80.228187561,44987,44997,10
13.0235099792,80.227722168,44997,45027,30
13.0235099792,80.227722168,45027,45036,9
13.0233001709,80.2274780273,45036,45047,11
13.0228796005,80.2270889282,45047,45058,11
13.0222597122,80.2265396118,45058,45068,10
13.0216798782,80.2260665894,45068,45078,10
13.0210504532,80.2255706787,45078,45088,10
13.0203304291,80.2250900269,45088,45098,10
13.0197000504,80.2246627808,45098,45108,10
13.0187597275,80.2245178223,45108,45118,10
13.0177202225,80.224937439,45118,45128,10
13.0169095993,80.2252807617,45128,45138,10
13.0166397095,80.225402832,45138,45148,10
13.0164499283,80.2254867554,45148,45158,10
13.0162601471,80.2255401611,45158,45169,11
13.015879631,80.2256622314,45169,45179,10
13.0155696869,80.2257766724,45179,45189,10
13.0151395798,80.2259674072,45189,45199,10
13.0145196915,80.2261810303,45199,45209,10
13.0144796371,80.2261962891,45209,45219,10
13.0143995285,80.2262420654,45219,45229,10
13.0139799118,80.2264175415,45229,45239,10
13.0133399963,80.2266464233,45239,45249,10
13.0125398636,80.2269668579,45249,45259,10
13.0116701126,80.2273025513,45259,45269,10
13.0107002258,80.2277069092,45269,45280,11
13.00963974,80.2281723022,45280,45290,10
13.0091400146,80.2286834717,45290,45300,10
13.0089597702,80.2295837402,45300,45310,10
13.0087404251,80.2307281494,45310,45320,10
13.0085401535,80.231880188,45320,45330,10
13.0083303452,80.2330093384,45330,45340,10
13.0082798004,80.2334594727,45340,45349,9
13.0082302094,80.2335968018,45349,45358,9
13.0081100464,80.2339782715,45358,45370,12
13.0079097748,80.2348175049,45370,45380,10
13.0077600479,80.2355728149,45380,45391,11
13.0075502396,80.2367324829,45391,45401,10
13.0073404312,80.2378005981,45401,45411,10
13.0071897507,80.2386703491,45411,45421,10
13.0070199966,80.2393417358,45421,45431,10
13.0069599152,80.2396316528,45431,45441,10
13.0069503784,80.2397613525,45441,45471,30
13.0069503784,80.2397613525,45471,45481,10
13.0068998337,80.2399520874,45481,45491,10
13.0068101883,80.2404174805,45491,45502,11
13.0068101883,80.2404708862,45502,45512,10
13.006770134,80.2406311035,45512,45522,10
13.0066900253,80.2412872314,45522,45532,10
13.0066604614,80.2423400879,45532,45542,10
13.0066003799,80.243270874,45542,45552,10
13.0065603256,80.2444076538,45552,45582,30
13.0065603256,80.2444076538,45582,45592,10
13.0065402985,80.2446136475,45592,45663,71
13.0065402985,80.2446136475,45663,45673,10
13.0066204071,80.2450485229,45673,45683,10
13.0066204071,80.2454833984,45683,45693,10
13.0066604614,80.2461700439,45693,45703,10
13.0066699982,80.2468185425,45703,45713,10
13.0066795349,80.247718811,45713,45723,10
13.0067300797,80.2487564087,45723,45734,11
13.0068597794,80.2496109009,45734,45744,10
13.0068302155,80.2497634888,45744,45754,10
13.0068101883,80.2502975464,45754,45764,10
13.0067596436,80.2511901855,45764,45834,70
13.0067596436,80.2511901855,45834,45845,11
13.0066900253,80.2518920898,45845,45855,10
13.0066404343,80.253288269,45855,46197,342
13.0066404343,80.253288269,46197,46207,10
13.0067195892,80.2533721924,46207,46217,10
13.0066900253,80.2538070679,46217,46227,10
13.006649971,80.2543334961,46227,46237,10
13.0066099167,80.2546691895,46237,46247,10
13.0065498352,80.255027771,46247,46257,10
13.0065698624,80.2558135986,46257,46267,10
13.0065603256,80.2563781738,46267,46277,10
13.0066003799,80.2570266724,46277,46287,10
13.006770134,80.2577209473,46287,46298,11
13.0072402954,80.258392334,46298,46308,10
13.0075798035,80.2586669922,46308,46318,10
13.0077600479,80.2587738037,46318,46328,10
13.0080604553,80.2591018677,46328,46338,10
13.0076198578,80.2593612671,46338,46348,10
13.0073003769,80.2589416504,46348,46358,10
13.0071802139,80.258682251,46358,46368,10
13.0070800781,80.2584686279,46368,46378,10
13.0069198608,80.2582168579,46378,46388,10
13.0065498352,80.2576370239,46388,46507,119
13.0065498352,80.2576370239,46507,46517,10
13.0064601898,80.2574234009,46517,46528,11
13.0065002441,80.2570800781,46528,46538,10
13.0064697266,80.2565536499,46538,46548,10
13.0065002441,80.2557678223,46548,46558,10
13.0065402985,80.2552032471,46558,46568,10
13.0065498352,80.2544174194,46568,46578,10
13.0065402985,80.2534179688,46578,46588,10
13.0065202713,80.2527694702,46588,46648,60
13.0065202713,80.2527694702,46648,46658,10
13.0066099167,80.2526779175,46658,46669,11
13.0066404343,80.252243042,46669,46678,9
13.0067596436,80.2515487671,46678,46689,11
13.0067901611,80.2507629395,46689,46699,10
13.0067901611,80.2500610352,46699,46709,10
13.0067901611,80.2492523193,46709,46719,10
13.0067195892,80.2485122681,46719,46729,10
13.0066795349,80.2476806641,46729,46739,10
13.0066003799,80.2466812134,46739,46760,21
13.0066003799,80.2466812134,46760,46770,10
13.0066299438,80.2464599609,46770,46780,10
13.0066604614,80.2458114624,46780,46790,10
13.0066404343,80.2451705933,46790,46800,10
13.0066404343,80.2448272705,46800,46810,10
13.0066404343,80.2445068359,46810,46820,10
13.0066204071,80.2441711426,46820,46830,10
13.0066003799,80.2437133789,46830,46840,10
13.0065898895,80.2432403564,46840,46850,10
13.0065803528,80.2423629761,46850,46861,11
13.006649971,80.2406692505,46861,46901,40
13.006649971,80.2406692505,46901,46911,10
13.0066900253,80.2404708862,46911,46921,10
13.0067596436,80.2400588989,46921,46931,10
13.0068302155,80.2395019531,46931,46941,10
13.0070104599,80.2386627197,46941,46951,10
13.007229805,80.237701416,46951,46961,10
13.0074300766,80.2367630005,46961,46972,11
13.0074396133,80.2365112305,46972,46982,10
13.0074901581,80.2364196777,46982,46992,10
13.0075902939,80.2359390259,46992,47002,10
13.0077600479,80.2350997925,47002,47012,10
13.0079898834,80.2339782715,47012,47022,10
13.0082302094,80.2327194214,47022,47032,10
13.0084896088,80.2314834595,47032,47042,10
13.0087404251,80.2302703857,47042,47050,8
13.0089302063,80.2292861938,47050,47062,12
13.0093002319,80.2278366089,47062,47072,10
13.0097999573,80.2267608643,47072,47083,11
13.0104799271,80.2254562378,47083,47103,20
13.0104799271,80.2254562378,47103,47113,10
13.0105695724,80.2252807617,47113,47123,10
13.0107498169,80.224861145,47123,47133,10
13.0109596252,80.2242965698,47133,47143,10
13.0111904144,80.2237319946,47143,47153,10
13.0113201141,80.2232971191,47153,47163,10
13.0115499496,80.22265625,47163,47173,10
13.0117902756,80.2219619751,47173,47183,10
13.0121097565,80.2214431763,47183,47193,10
13.0124502182,80.2216796875,47193,47204,11
13.013010025,80.2223892212,47204,47214,10
13.0136604309,80.2231216431,47214,47224,10
13.0142803192,80.2238311768,47224,47234,10
13.014840126,80.2244262695,47234,47244,10
13.0154600143,80.224937439,47244,47274,30
13.0154600143,80.224937439,47274,47284,10
13.0157003403,80.225151062,47284,47294,10
13.0164804459,80.2252807617,47294,47304,10
13.0175600052,80.2249221802,47304,47315,11
13.0187902451,80.2244262695,47315,47325,10
13.0196695328,80.2244720459,47325,47335,10
13.0197200775,80.2245178223,47335,47345,10
13.0198297501,80.224609375,47345,47355,10
13.0202798843,80.2249526978,47355,47365,10
13.0207700729,80.2253112793,47365,47375,10
13.0214595795,80.2258224487,47375,47385,10
13.0219697952,80.2261734009,47385,47395,10
13.0219898224,80.2261962891,47395,47411,16
13.0227203369,80.226852417,47411,47423,12
13.0235099792,80.2276229858,47423,47434,11
13.0241003036,80.2282028198,47434,47443,9
13.0245599747,80.2288284302,47443,47454,11
13.0252399445,80.2296905518,47454,47464,10
13.0257701874,80.23046875,47464,47474,10
13.0258903503,80.2307891846,47474,47484,10
13.0259599686,80.2310562134,47484,47493,9
13.0260095596,80.2312469482,47493,47503,10
13.0264196396,80.2312698364,47503,47514,11
13.0272903442,80.231048584,47514,47524,10
13.0280303955,80.2309417725,47524,47535,11
13.0282402039,80.2309036255,47535,47545,10
13.0285596848,80.2308731079,47545,47555,10
13.0291795731,80.230796814,47555,47595,40
13.0291795731,80.230796814,47595,47605,10
13.0293598175,80.2308197021,47605,47615,10
13.0296297073,80.2307815552,47615,47625,10
13.0300703049,80.2307281494,47625,47635,10
13.0302801132,80.2307128906,47635,47646,11
13.030380249,80.2306976318,47646,47656,10
13.0307798386,80.2306671143,47656,47666,10
13.0314903259,80.2306137085,47666,47676,10
13.0322399139,80.2305603027,47676,47686,10
13.0329504013,80.2304992676,47686,47696,10
13.0333499908,80.2304916382,47696,47706,10
13.0335798264,80.2304611206,47706,47716,10
13.0341596603,80.2304077148,47716,47756,40
13.0341596603,80.2304077148,47756,47767,11
13.0345201492,80.2303237915,47767,47777,10
13.0348596573,80.2303771973,47777,47807,30
13.0348596573,80.2303771973,47807,47817,10
13.0348796844,80.2306289673,47817,47827,10
13.0348300934,80.2312011719,47827,47837,10
13.0347700119,80.2317581177,47837,47847,10
13.0346603394,80.2323684692,47847,47857,10
13.034620285,80.2328720093,47857,47867,10
13.0345802307,80.2330627441,47867,47878,11
13.0345401764,80.2334594727,47878,47888,10
13.0344600677,80.2338867188,47888,47898,10
13.0344200134,80.234161377,47898,47908,10
13.0343904495,80.2344665527,47908,47918,10
13.0342998505,80.2351989746,47918,47928,10
13.0341796875,80.2360992432,47928,47938,10
13.0341596603,80.2366027832,47938,47948,10
13.0341701508,80.2367782593,47948,47958,10
13.034239769,80.2372894287,47958,48079,121
13.034239769,80.2372894287,48079,48089,10
13.0342998505,80.2374725342,48089,48100,11
13.0344495773,80.2377624512,48100,48110,10
13.0346803665,80.2380828857,48110,48120,10
13.0348901749,80.2384185791,48120,48130,10
13.0349998474,80.2385482788,48130,48140,10
13.0352497101,80.2389526367,48140,48150,10
13.0354404449,80.2392425537,48150,48160,10
13.0357599258,80.2393493652,48160,48170,10
13.0364103317,80.239440918,48170,48180,10
13.0370502472,80.2395019531,48180,48190,10
13.0376596451,80.2395706177,48190,48200,10
13.0383996964,80.2396621704,48200,48211,11
13.0389003754,80.239692688,48211,48221,10
13.0395698547,80.2397918701,48221,48231,10
13.040019989,80.2398605347,48231,48241,10
13.0403003693,80.2400817871,48241,48251,10
13.0403003693,80.2402496338,48251,48261,10
13.040430069,80.2404708862,48261,48271,10
13.0408401489,80.2405395508,48271,48281,10
13.0408802032,80.2405471802,48281,48291,10
13.0412101746,80.2405929565,48291,48301,10
13.041680336,80.2406387329,48301,48311,10
13.0421800613,80.2407073975,48311,48322,11
13.0430498123,80.2407989502,48322,48332,10
13.0439500809,80.2408676147,48332,48342,10
13.0446596146,80.2404174805,48342,48351,9
13.0452604294,80.2400131226,48351,48362,11
13.0458402634,80.2396697998,48362,48372,10
13.0462303162,80.2395019531,48372,48382,10
13.0463895798,80.2395782471,48382,48392,10
13.0466499329,80.2396774292,48392,48402,10
13.0471496582,80.2397689819,48402,48412,10
13.0478496552,80.2398986816,48412,48422,10
13.0485401154,80.2400283813,48422,48433,11
13.0493202209,80.2401733398,48433,48443,10
13.0496797562,80.2402420044,48443,48453,10
13.0501403809,80.2403717041,48453,48463,10
13.0502996445,80.2403869629,48463,48473,10
13.0505599976,80.2404403687,48473,48483,10
13.050909996,80.2405090332,48483,48493,10
13.0510501862,80.2405395508,48493,48503,10
13.0512399673,80.2405776978,48503,48513,10
13.0515203476,80.2406463623,48513,48523,10
13.052479744,80.2411880493,48523,48533,10
13.052479744,80.2411880493,48533,48543,10
13.0525598526,80.2414779663,48543,48554,11
13.0530900955,80.241859436,48554,48564,10
13.0536003113,80.2421112061,48564,48574,10
13.053850174,80.2422103882,48574,48584,10
13.0538597107,80.2422103882,48584,48594,10
13.0541601181,80.2422866821,48594,48605,11
13.0548601151,80.2423019409,48605,48615,10
13.0555295944,80.2422027588,48615,48625,10
13.0562601089,80.2424621582,48625,48666,41
13.0562601089,80.2424621582,48666,48676,10
13.0563602448,80.2424697876,48676,48686,10
13.0566797256,80.2425689697,48686,48696,10
13.0570602417,80.242729187,48696,48706,10
13.0572099686,80.2427902222,48706,48716,10
13.0574197769,80.2427978516,48716,48726,10
13.0575799942,80.2427902222,48726,48736,10
13.0578899384,80.2427368164,48736,48746,10
13.0584802628,80.2426223755,48746,48756,10
13.058839798,80.2425765991,48756,48766,10
13.0592403412,80.2425079346,48766,48777,11
13.0598602295,80.2426986694,48777,48787,10
13.0602798462,80.2428207397,48787,48797,10
13.0604400635,80.2428665161,48797,48807,10
13.0608100891,80.2429962158,48807,48817,10
13.0611400604,80.2430801392,48817,48827,10
13.0614299774,80.2431716919,48827,48837,10
13.0618000031,80.2432174683,48837,48877,40
13.0618000031,80.2432174683,48877,48888,11
13.0625,80.2433319092,48888,48908,20
13.0625,80.2433319092,48908,48918,10
13.0626897812,80.2433624268,48918,48928,10
13.0631799698,80.2434692383,48928,48938,10
13.0637397766,80.2434997559,48938,48948,10
13.0640802383,80.243522644,48948,48958,10
13.0645999908,80.2435379028,48958,48968,10
13.0656404495,80.2435531616,48968,49069,101
13.0656404495,80.2435531616,49069,49079,10
13.0659999847,80.2434997559,49079,49089,10
13.0666303635,80.243270874,49089,49099,10
13.0674200058,80.2429199219,49099,49109,10
13.0689401627,80.242401123,49109,49140,31
13.0689401627,80.242401123,49140,49150,10
13.0690603256,80.2423400879,49150,49160,10
13.0695199966,80.2421798706,49160,49170,10
13.0700502396,80.2420806885,49170,49200,30
13.0700502396,80.2420806885,49200,49210,10
13.0702800751,80.2420196533,49210,49221,11
13.0707597733,80.2418670654,49221,49231,10
13.0712604523,80.2416763306,49231,49241,10
13.0719404221,80.2413635254,49241,49251,10
13.0725698471,80.2409591675,49251,49261,10
13.0732002258,80.240737915,49261,49271,10
13.0738201141,80.240562439,49271,49281,10
13.0744800568,80.2404785156,49281,49291,10
13.0754098892,80.2404708862,49291,49301,10
13.076379776,80.2404937744,49301,49311,10
13.0770597458,80.2405700684,49311,49321,10
13.0769796371,80.2398300171,49321,49342,21
13.0769796371,80.2398300171,49342,49352,10
13.0768995285,80.2395172119,49352,49362,10
13.0768499374,80.2392730713,49362,49372,10
13.0768203735,80.2391433716,49372,49382,10
13.0767602921,80.2390213013,49382,49422,40
13.0766601563,80.2386474609,49422,49473,51
13.0766601563,80.2386474609,49473,49483,10
13.0766201019,80.2384185791,49483,49493,10
13.0765304565,80.2380065918,49493,49503,10
13.0764799118,80.2377624512,49503,49513,10
13.0764398575,80.237411499,49513,49523,10
13.0762996674,80.236907959,49523,49533,10
13.0762996674,80.2368927002,49533,49543,10
13.0763196945,80.2368392944,49543,49553,10
13.0762701035,80.2363967896,49553,49564,11
13.0761499405,80.2355422974,49564,49574,10
13.075799942,80.234161377,49574,49624,50
13.075799942,80.234161377,49624,49634,10
13.0757799149,80.2339401245,49634,49644,10
13.0761804581,80.2337722778,49644,49654,10
13.0767202377,80.2337036133,49654,49664,10
13.0774097443,80.2335968018,49664,49675,11
13.0781602859,80.233543396,49675,49685,10
13.078669548,80.2335510254,49685,49695,10
13.0792999268,80.2335205078,49695,49705,10
13.0803203583,80.2334976196,49705,49725,20
13.0803203583,80.2334976196,49725,49735,10
13.0804195404,80.233581543,49735,49745,10
13.0807695389,80.2335968018,49745,49755,10
13.0815401077,80.2335968018,49755,49765,10
13.0819396973,80.2334823608,49765,49775,10
13.0820198059,80.2329101563,49775,49786,11
13.082280159,80.2320327759,49786,49796,10
13.0825395584,80.2312927246,49796,49806,10
13.0827703476,80.230796814,49806,49816,10
13.0830001831,80.230682373,49816,49826,10
13.0831298828,80.2310791016,49826,49836,10
13.0831804276,80.231880188,49836,49846,10
13.0832796097,80.232673645,49846,49856,10
13.083439827,80.2333984375,49856,49866,10
13.0840597153,80.2339477539,49866,49886,20
13.0840597153,80.2339477539,49886,49897,11
13.0841598511,80.2339630127,49897,49907,10
13.0844602585,80.2340698242,49907,49917,10
13.0849304199,80.234161377,49917,49927,10
13.0856103897,80.2343215942,49927,49937,10
13.0862998962,80.2344665527,49937,49947,10
13.0870504379,80.2345581055,49947,49957,10
13.0878000259,80.2343978882,49957,49967,10
13.0879402161,80.2336883545,49967,49977,10
13.088139534,80.232711792,49977,49987,10
13.0883998871,80.2316665649,49987,49997,10
13.0886001587,80.2310714722,49997,50007,10
13.0888500214,80.2305374146,50007,50018,11
13.0888595581,80.2305297852,50018,50028,10
13.0889501572,80.2303771973,50028,50038,10
13.0892000198,80.2298736572,50038,50048,10
13.0896701813,80.2291717529,50048,50058,10
13.0904102325,80.2283630371,50058,50068,10
13.0914497375,80.2272186279,50068,50088,20
13.0914497375,80.2272186279,50088,50098,10
13.0916004181,80.2270812988,50098,50108,10
13.0920095444,80.2266769409,50108,50118,10
13.0926399231,80.22605896,50118,50129,11
13.0934400558,80.2252426147,50129,50139,10
13.0939397812,80.2246322632,50139,50149,10
13.0945596695,80.223777771,50149,50159,10
13.0951404572,80.2227630615,50159,50169,10
13.095290184,80.2223510742,50169,50179,10
13.0953598022,80.2221832275,50179,50189,10
13.0955600739,80.2216415405,50189,50199,10
13.0958499908,80.2208175659,50199,50209,10
13.0961904526,80.2198791504,50209,50219,10
13.0963401794,80.2193527222,50219,50229,10
13.0964097977,80.2192382813,50229,50246,17
13.0965995789,80.2187423706,50246,50258,12
13.0968198776,80.2180404663,50258,50268,10
13.0970401764,80.2173614502,50268,50278,10
13.0971899033,80.2169799805,50278,50288,10
13.0973300934,80.2165679932,50288,50298,10
13.0976295471,80.2158279419,50298,50308,10
13.0982999802,80.214302063,50308,50349,41
13.0982999802,80.214302063,50349,50359,10
13.0984201431,80.2141265869,50359,50370,11
13.0987997055,80.2140579224,50370,50379,9
13.0994596481,80.2143096924,50379,50390,11
13.1003398895,80.2145233154,50390,50430,40
13.1004800797,80.2146224976,50430,50471,41
13.1004800797,80.2146224976,50471,50481,10
13.1005897522,80.2148132324,50481,50491,10
13.1003198624,80.215423584,50491,50501,10
13.0999898911,80.2160720825,50501,50511,10
13.1000003815,80.215713501,50511,50521,10
13.1001501083,80.2153091431,50521,50531,10
13.1002998352,80.2149581909,50531,52530,1999
13.1002998352,80.2149581909,52530,52540,10
13.1002902985,80.2148284912,52540,52550,10
13.1001996994,80.2145233154,52550,52560,10
13.0999298096,80.2144317627,52560,52570,10
13.0994596481,80.2143096924,52570,52580,10
13.0987997055,80.2141036987,52580,52590,10
13.0984096527,80.2142028809,52590,52600,10
13.0980901718,80.2148513794,52600,52611,11
13.0978097916,80.2156295776,52611,52621,10
13.0975103378,80.2164230347,52621,52631,10
13.0973796844,80.2167510986,52631,52641,10
13.0973300934,80.2168731689,52641,52651,10
13.0972003937,80.2172927856,52651,52661,10
13.0968799591,80.2181472778,52661,52671,10
13.0965003967,80.2192382813,52671,52681,10
13.0960998535,80.2203063965,52681,52691,10
13.0958204269,80.2211074829,52691,52701,10
13.0955095291,80.2220687866,52701,52711,10
13.0951004028,80.2231369019,52711,52722,11
13.0943498611,80.2242507935,52722,52732,10
13.0936803818,80.2250595093,52732,52742,10
13.0929498672,80.2258300781,52742,52752,10
13.0924301147,80.2263565063,52752,52762,10
13.0917396545,80.2270202637,52762,52772,10
13.0912799835,80.2275695801,52772,52782,10
13.0911798477,80.2276611328,52782,52792,10
13.0907802582,80.2280807495,52792,52802,10
13.0901699066,80.228729248,52802,52812,10
13.0895700455,80.2294235229,52812,52822,10
13.0891599655,80.2301635742,52822,52833,11
13.0889596939,80.2306518555,52833,52843,10
13.0888395309,80.2309188843,52843,52853,10
13.0887203217,80.2312316895,52853,52863,10
13.0885295868,80.2316436768,52863,52873,10
13.0882997513,80.232421875,52873,52883,10
13.088060379,80.2334899902,52883,52893,10
13.0879201889,80.2343215942,52893,52903,10
13.0871601105,80.2345123291,52903,52913,10
13.0864696503,80.2344207764,52913,52923,10
13.0859203339,80.2343063354,52923,52933,10
13.0854301453,80.2342605591,52933,52944,11
13.0847702026,80.2340774536,52944,52954,10
13.0843200684,80.2339401245,52954,52964,10
13.0839996338,80.2339172363,52964,52974,10
13.083530426,80.2338104248,52974,52984,10
13.0830402374,80.2337417603,52984,52994,10
13.0824699402,80.2336273193,52994,53004,10
13.0823497772,80.2336120605,53004,53014,10
13.0819702148,80.2335662842,53014,53024,10
13.0813999176,80.233543396,53024,53034,10
13.0806999207,80.2335281372,53034,53044,10
13.080039978,80.233543396,53044,53054,10
13.0793800354,80.2335205078,53054,53065,11
13.0787496567,80.2335510254,53065,53075,10
13.0780200958,80.233581543,53075,53085,10
13.0773200989,80.2336807251,53085,53095,10
13.076499939,80.2338027954,53095,53105,10
13.0760002136,80.2338562012,53105,53115,10
13.0758895874,80.2338562012,53115,53125,10
13.0758199692,80.2339477539,53125,53135,10
13.0759000778,80.2343521118,53135,53145,10
13.0760602951,80.2350463867,53145,53155,10
13.0761995316,80.2358016968,53155,53165,10
13.0763597488,80.2367782593,53165,53246,81
13.0763597488,80.2367782593,53246,53256,10
13.0764398575,80.237121582,53256,53266,10
13.0765104294,80.2373580933,53266,53276,10
13.0766000748,80.2378311157,53276,53287,11
13.0767097473,80.2384185791,53287,53297,10
13.0768404007,80.2390289307,53297,53307,10
13.0769796371,80.2395629883,53307,53317,10
13.0770998001,80.2400283813,53317,53327,10
13.0771503448,80.2402801514,53327,53337,10
13.0772199631,80.2405929565,53337,53347,10
13.0773096085,80.2408828735,53347,53357,10
13.0773496628,80.2411117554,53357,53367,10
13.0773601532,80.2413864136,53367,53377,10
13.077460289,80.2417984009,53377,53387,10
13.0775899887,80.2423171997,53387,53398,11
13.0777196884,80.2430801392,53398,53408,10
13.0777997971,80.2438278198,53408,53418,10
13.0777797699,80.2442626953,53418,53428,10
13.0778398514,80.2447662354,53428,53438,10
13.0778999329,80.2455825806,53438,53448,10
13.0780096054,80.2464294434,53448,53458,10
13.0781803131,80.2472915649,53458,53468,10
13.0783395767,80.2480773926,53468,53478,10
13.0785303116,80.2489089966,53478,53488,10
13.0786600113,80.2495803833,53488,53498,10
13.078619957,80.2502975464,53498,53509,11
13.0785102844,80.2510223389,53509,53519,10
13.0785503387,80.2515182495,53519,53529,10
13.078209877,80.251663208,53529,53539,10
13.0776395798,80.2517700195,53539,53549,10
13.0770101547,80.2519073486,53549,53559,10
13.0764598846,80.2521514893,53559,53569,10
13.0755996704,80.2521514893,53569,53579,10
13.0748996735,80.2521972656,53579,53589,10
13.0743198395,80.2522201538,53589,53599,10
13.073800087,80.2524185181,53599,53609,10
13.0733003616,80.2524337769,53609,53620,11
13.0725698471,80.2523269653,53620,53630,10
13.07213974,80.2518005371,53630,53640,10
13.072019577,80.2510070801,53640,53650,10
13.0717697144,80.2503204346,53650,53660,10
13.071559906,80.2495574951,53660,53670,10
13.0713701248,80.2485198975,53670,53680,10
13.0710201263,80.247428894,53680,53690,10
13.0706300735,80.2466125488,53690,53700,10
13.0701799393,80.2456512451,53700,53710,10
13.069729805,80.2445526123,53710,53720,10
13.0693998337,80.2435302734,53720,53731,11
13.0692996979,80.2433166504,53731,53741,10
13.0692596436,80.2431182861,53741,53751,10
13.0690803528,80.2425231934,53751,53761,10
13.0683698654,80.2425765991,53761,53771,10
13.0676298141,80.2428207397,53771,53781,10
13.0669403076,80.2431182861,53781,53791,10
13.0664196014,80.243347168,53791,53801,10
13.0661001205,80.2437362671,53801,53811,10
13.066160202,80.2444229126,53811,53821,10
13.066280365,80.2451019287,53821,53831,10
13.0663499832,80.2455978394,53831,53841,10
13.0668001175,80.2460403442,53841,53852,11
13.067779541,80.2464981079,53852,53872,20
13.067779541,80.2464981079,53872,53882,10
13.067899704,80.2469100952,53882,53892,10
13.0678901672,80.2476272583,53892,53902,10
13.0676498413,80.2479629517,53902,53912,10
13.0669898987,80.2479095459,53912,53922,10
13.066280365,80.2479019165,53922,53932,10
13.0652999878,80.2478179932,53932,53942,10
13.0642795563,80.2477264404,53942,53952,10
13.0633897781,80.2476501465,53952,53963,11
13.0625696182,80.2476119995,53963,53973,10
13.0618200302,80.2475814819,53973,53983,10
13.0614500046,80.2472000122,53983,53993,10
13.0614900589,80.2467422485,53993,54003,10
13.0617799759,80.2463912964,54003,54013,10
13.0619697571,80.2457580566,54013,54023,10
13.0622301102,80.2451171875,54023,54033,10
13.0628099442,80.244720459,54033,54043,10
13.0630998611,80.2442703247,54043,54053,10
13.063170433,80.244178772,54053,54063,10
13.0632400513,80.244102478,54063,54074,11
13.0634202957,80.2436065674,54074,54084,10
13.0629396439,80.2434310913,54084,54094,10
13.0621900558,80.2432785034,54094,54104,10
13.0614995956,80.2431488037,54104,54114,10
13.0608100891,80.242980957,54114,54124,10
13.0601396561,80.242767334,54124,54134,10
13.0595502853,80.2426071167,54134,54144,10
13.0590896606,80.2425613403,54144,54154,10
13.0587596893,80.2426300049,54154,54164,10
13.0586795807,80.2426528931,54164,54174,10
13.0582199097,80.2427215576,54174,54184,10
13.0578203201,80.2427825928,54184,54195,11
13.0570898056,80.2428131104,54195,54205,10
13.0563602448,80.2425613403,54205,54215,10
13.0562696457,80.2425384521,54215,54225,10
13.0559902191,80.2423629761,54225,54235,10
13.0553302765,80.2423171997,54235,54245,10
13.0548601151,80.2424316406,54245,54255,10
13.0545501709,80.2423934937,54255,54265,10
13.0539703369,80.2423095703,54265,54275,10
13.0536804199,80.2422180176,54275,54285,10
13.053560257,80.2421417236,54285,54295,10
13.0530395508,80.2419128418,54295,54306,11
13.052280426,80.2413330078,54306,54316,10
13.0520601273,80.2409362793,54316,54326,10
13.0519304276,80.2407913208,54326,54336,10
13.0517196655,80.2407531738,54336,54346,10
13.0512599945,80.2406768799,54346,54356,10
13.0509901047,80.2406082153,54356,54366,10
13.0509195328,80.2405776978,54366,54376,10
13.0504999161,80.2404785156,54376,54386,10
13.0502004623,80.2404327393,54386,54396,10
13.0499696732,80.2403793335,54396,54406,10
13.0498800278,80.2403564453,54406,54417,11
13.0495595932,80.2402801514,54417,54427,10
13.0490999222,80.2401580811,54427,54437,10
13.048740387,80.2400970459,54437,54447,10
13.0482902527,80.2400131226,54447,54457,10
13.0477399826,80.2398605347,54457,54473,16
13.0470695496,80.2397384644,54473,54485,12
13.0466098785,80.239616394,54485,54493,8
13.0465202332,80.2396011353,54493,54505,12
13.0461797714,80.2393798828,54505,54515,10
13.0463695526,80.2389907837,54515,54525,10
13.0465497971,80.2383499146,54525,54536,11
13.0467195511,80.2374267578,54536,54546,10
13.0468301773,80.236656189,54546,54556,10
13.0470104218,80.2359313965,54556,54576,20
13.0470104218,80.2359313965,54576,54586,10
13.0470399857,80.2356796265,54586,54596,10
13.0471000671,80.2353134155,54596,54606,10
13.0471401215,80.2347793579,54606,54616,10
13.047249794,80.2340927124,54616,54626,10
13.0473003387,80.2333602905,54626,54636,10
13.0472097397,80.233039856,54636,54647,11
13.0465602875,80.2329483032,54647,54657,10
13.0457601547,80.2327804565,54657,54667,10
13.0452804565,80.2326965332,54667,54677,10
13.0452604294,80.2326965332,54677,54687,10
13.0450601578,80.2325973511,54687,54697,10
13.044549942,80.2324981689,54697,54707,10
13.0437097549,80.232383728,54707,54717,10
13.0428199768,80.2323303223,54717,54727,10
13.0419797897,80.2322998047,54727,54737,10
13.0410900116,80.2321014404,54737,54747,10
13.0400800705,80.2317733765,54747,54758,11
13.0390100479,80.2314605713,54758,54768,10
13.0380001068,80.2311477661,54768,54778,10
13.0367698669,80.2307891846,54778,54798,20
13.0367698669,80.2307891846,54798,54808,10
13.0365600586,80.2307128906,54808,54818,10
13.0355300903,80.2303466797,54818,54848,30
13.0355300903,80.2303466797,54848,54858,10
13.0354499817,80.2303085327,54858,54869,11
13.0350704193,80.2302627563,54869,54879,10
13.0345401764,80.2303237915,54879,54889,10
13.0339603424,80.2304229736,54889,54899,10
13.0333795547,80.2304763794,54899,54909,10
13.0333499908,80.2304763794,54909,54919,10
13.033249855,80.2304763794,54919,54929,10
13.0326900482,80.2305221558,54929,54939,10
13.0319404602,80.2306137085,54939,54949,10
13.0311203003,80.230682373,54949,54959,10
13.0306797028,80.23072052,54959,54969,10
13.0303401947,80.2307510376,54969,54980,11
13.0297899246,80.2308197021,54980,54990,10
13.0297298431,80.2308197021,54990,55000,10
13.0295495987,80.2308273315,55000,55010,10
13.0289497375,80.2308807373,55010,55020,10
13.0281400681,80.2309570313,55020,55030,10
13.0276699066,80.2310562134,55030,55040,10
13.027680397,80.2314605713,55040,55050,10
13.0277299881,80.2318115234,55050,55060,10
13.0278100967,80.2323684692,55060,55070,10
13.0277299881,80.2327575684,55070,55080,10
13.0273399353,80.2328414917,55080,55091,11
13.0269603729,80.2329406738,55091,55101,10
13.0266504288,80.2330093384,55101,55111,10
13.0263204575,80.232711792,55111,55121,10
13.026140213,80.2320632935,55121,55131,10
13.0258998871,80.2311630249,55131,55141,10
13.0254602432,80.2301712036,55141,55151,10
13.0248804092,80.2293930054,55151,55161,10
13.0246400833,80.2291107178,55161,55171,10
13.0244703293,80.2288818359,55171,55181,10
13.0241003036,80.2284317017,55181,55191,10
13.0239400864,80.2282485962,55191,55201,10
13.0238704681,80.2281036377,55201,55212,11
13.0234498978,80.2276611328,55212,55228,16
13.0226697922,80.226890564,55228,55240,12
13.0217399597,80.2260971069,55240,55248,8
13.021030426,80.2255172729,55248,55260,12
13.0200796127,80.2248764038,55260,55270,10
13.019109726,80.2244415283,55270,55280,10
13.017950058,80.2247924805,55280,55290,10
13.0168504715,80.2252731323,55290,55300,10
13.016169548,80.2255401611,55300,55310,10
13.01541996,80.2258224487,55310,55321,11
13.014550209,80.2261428833,55321,55331,10
13.0141401291,80.2263412476,55331,55341,10
13.0139398575,80.2264099121,55341,55360,19
13.0126495361,80.2269210815,55360,55372,12
13.0115499496,80.2273483276,55372,55381,9
13.0107498169,80.2276687622,55381,55392,11
13.0094995499,80.2281723022,55392,55402,10
13.0090398788,80.2289505005,55402,55412,10
13.0088100433,80.2301864624,55412,55421,9
13.0086297989,80.2312164307,55421,55433,12
13.0083398819,80.2326812744,55433,55443,10
13.0082197189,80.2336196899,55443,55453,10
13.008190155,80.2337036133,55453,55463,10
13.0081300735,80.234046936,55463,55473,10
13.0080003738,80.2346878052,55473,55483,10
13.0079402924,80.2349014282,55483,55493,10
13.0078496933,80.2353897095,55493,55503,10
13.0076799393,80.2362823486,55503,55513,10
13.0074396133,80.2373504639,55513,55523,10
13.0072603226,80.2383880615,55523,55533,10
13.007109642,80.2391662598,55533,55544,11
13.0069198608,80.239982605,55544,55574,30
13.0069198608,80.239982605,55574,55584,10
13.0068702698,80.2401428223,55584,55594,10
13.0068397522,80.2405700684,55594,55604,10
13.006819725,80.2407226563,55604,55614,10
13.0067901611,80.2409210205,55614,55624,10
13.0067396164,80.2415008545,55624,55634,10
13.0066995621,80.2424926758,55634,55644,10
13.0066795349,80.2434005737,55644,55655,11
13.0066795349,80.2442474365,55655,55665,10
13.0066699982,80.245010376,55665,55675,10
13.0066995621,80.2456970215,55675,55685,10
13.0067195892,80.2462921143,55685,55695,10
13.0067195892,80.246887207,55695,55705,10
13.0066900253,80.2476730347,55705,55715,10
13.0067195892,80.2486801147,55715,55725,10
13.0068397522,80.2495880127,55725,55735,10
13.0068397522,80.2495880127,55735,55745,10
13.0068502426,80.2499694824,55745,55755,10
13.0068101883,80.2504501343,55755,55766,11
13.0068101883,80.2507171631,55766,55776,10
13.0068397522,80.2510223389,55776,55786,10
13.0068397522,80.2513809204,55786,55796,10
13.0066604614,80.2520217896,55796,55808,12
13.0065402985,80.2531814575,55808,55818,10
13.0065803528,80.2547912598,55818,55838,20
13.0065803528,80.2547912598,55838,55848,10
13.0066099167,80.2552185059,55848,55857,9
13.0065698624,80.2558898926,55857,55867,10
13.0066299438,80.2570266724,55867,55939,72
13.0066299438,80.2570266724,55939,55949,10
13.0065698624,80.2571792603,55949,55959,10
13.0065603256,80.2571792603,55959,55969,10
13.0066204071,80.2573928833,55969,55979,10
13.0063400269,80.2576217651,55979,55990,11
13.0058898926,80.2575073242,55990,56000,10
13.005279541,80.2573394775,56000,56010,10
13.0046195984,80.2571792603,56010,56020,10
13.0038604736,80.256980896,56020,56030,10
13.0031299591,80.2568511963,56030,56040,10
13.0025501251,80.2567367554,56040,56050,10
13.001830101,80.2566223145,56050,56060,10
13.001449585,80.2565765381,56060,56111,51
13.001449585,80.2565765381,56111,56121,10
13.0011997223,80.2565231323,56121,56131,10
13.0006504059,80.256439209,56131,56141,10
13.0001001358,80.256362915,56141,56151,10
13.0000896454,80.256362915,56151,56161,10
12.9998703003,80.2563018799,56161,56171,10
12.9997196198,80.2562637329,56171,56181,10
12.9992904663,80.2561569214,56181,56191,10
12.9987401962,80.256072998,56191,56201,10
12.9981403351,80.2559967041,56201,56211,10
12.9976100922,80.2559585571,56211,56222,11
12.997010231,80.2559585571,56222,56232,10
12.9968595505,80.2563705444,56232,56242,10
12.9968395233,80.2565231323,56242,56252,10
12.9967899323,80.2569122314,56252,56262,10
12.9968004227,80.2570037842,56262,56272,10
12.9967699051,80.2573699951,56272,56282,10
12.9966802597,80.258102417,56282,56292,10
12.9965896606,80.2590408325,56292,56302,10
12.9965200424,80.2598190308,56302,56312,10
12.9964199066,80.2606430054,56312,56322,10
12.9963502884,80.2613296509,56322,56333,11
12.9963302612,80.2619171143,56333,56343,10
12.9962596893,80.2623672485,56343,56353,10
12.9961900711,80.262512207,56353,56363,10
12.9961500168,80.2630462646,56363,56373,10
12.9960899353,80.2637176514,56373,56383,10
12.9960098267,80.2645568848,56383,56393,10
12.9959602356,80.2651596069,56393,56403,10
12.9959402084,80.2652435303,56403,56413,10
12.995880127,80.2656326294,56413,56423,10
12.9957895279,80.2664489746,56423,56433,10
12.9956998825,80.2674026489,56433,56444,11
12.9959402084,80.2677078247,56444,56454,10
12.9963302612,80.2677536011,56454,56464,10
12.9963903427,80.2677536011,56464,56474,10
12.9968595505,80.2677383423,56474,56484,10
12.9973402023,80.2676315308,56484,56494,10
12.9975004196,80.2675933838,56494,56504,10
12.9980401993,80.2674484253,56504,56514,10
12.9988203049,80.2672195435,56514,56524,10
12.9996299744,80.2669677734,56524,56534,10
13.0000295639,80.2667007446,56534,56551,17
13.000120163,80.2665176392,56551,56563,12
13.0002002716,80.2658996582,56563,56573,10
13.0002803802,80.2657012939,56573,56582,9
13.0003595352,80.2659378052,56582,56837,255
13.0003595352,80.2659378052,56837,56847,10
13.000289917,80.2663421631,56847,56857,10
13.0003004074,80.2666091919,56857,56867,10
13.0003004074,80.2666778564,56867,56877,10
13.0001096725,80.2668914795,56877,56888,11
12.9995803833,80.2670211792,56888,56898,10
12.9988203049,80.2672271729,56898,56908,10
12.9980602264,80.2674407959,56908,56918,10
12.9974803925,80.2676010132,56918,56928,10
12.9968204498,80.2677764893,56928,56938,10
12.9965200424,80.267791748,56938,56948,10
12.995880127,80.2677536011,56948,56958,10
12.9956703186,80.2673492432,56958,56978,20
12.9956703186,80.2673492432,56978,56989,11
12.9956998825,80.2669677734,56989,56999,10
12.9958000183,80.2661132813,56999,57009,10
12.995929718,80.2651519775,57009,57019,10
12.9960603714,80.2640762329,57019,57029,10
12.9961500168,80.2631912231,57029,57039,10
12.9962100983,80.2626266479,57039,57049,10
12.996219635,80.2625274658,57049,57059,10
12.9962396622,80.2624664307,57059,57069,10
12.9962797165,80.2620620728,57069,57079,10
12.9963502884,80.2616119385,57079,57089,10
12.996430397,80.2608566284,57089,57099,10
12.9965000153,80.2601165771,57099,57110,11
12.9965600967,80.2594833374,57110,57120,10
12.9966402054,80.2587585449,57120,57130,10
12.9967098236,80.2580108643,57130,57140,10
12.9967899323,80.2572402954,57140,57150,10
12.9968395233,80.256362915,57150,57180,30
12.9968395233,80.256362915,57180,57190,10
12.9968299866,80.2562484741,57190,57200,10
12.9968795776,80.2559814453,57200,57210,10
12.9972600937,80.2558822632,57210,57220,10
12.998000145,80.2559585571,57220,57230,10
12.9987096786,80.2560272217,57230,57241,11
12.998749733,80.2560424805,57241,57251,10
12.9990100861,80.2561035156,57251,57261,10
12.9996099472,80.2562332153,57261,57271,10
13.0008001328,80.2564620972,57271,57291,20
13.0008001328,80.2564620972,57291,57301,10
13.0010099411,80.2565307617,57301,57311,10
13.0013599396,80.2565917969,57311,57321,10
13.0020704269,80.2566986084,57321,57331,10
13.0028095245,80.2568206787,57331,57342,11
13.0033197403,80.2569198608,57342,57352,10
13.003950119,80.2570419312,57352,57362,10
13.0047998428,80.2572097778,57362,57378,16
13.0063495636,80.2574615479,57378,57409,31
13.0063495636,80.2574615479,57409,57420,11
13.0065402985,80.2572021484,57420,57429,9
13.0065097809,80.2566375732,57429,57440,11
13.0064897537,80.2557067871,57440,57451,11
13.0065202713,80.2549514771,57451,57461,10
13.006480217,80.25415802,57461,57471,10
13.0064601898,80.2538528442,57471,57481,10
13.0064601898,80.2536010742,57481,57491,10
13.0064601898,80.2533569336,57491,57501,10
13.0064697266,80.2533035278,57501,57511,10
13.0064697266,80.2531967163,57511,57521,10
13.0064601898,80.2529296875,57521,57531,10
13.006480217,80.2526779175,57531,57592,61
13.006480217,80.2526779175,57592,57602,10
13.0065402985,80.252532959,57602,57612,10
13.0066299438,80.2520599365,57612,57622,10
13.0067300797,80.2515182495,57622,57632,10
13.0067796707,80.2508163452,57632,57642,10
13.0067501068,80.2499923706,57642,57652,10
13.0067100525,80.249168396,57652,57662,10
13.0066204071,80.2482376099,57662,57703,41
13.0066204071,80.2482376099,57703,57713,10
13.0066404343,80.2481689453,57713,57723,10
13.0066204071,80.2477798462,57723,57733,10
13.0066404343,80.2472076416,57733,57743,10
13.006649971,80.2466506958,57743,57753,10
13.0066404343,80.2459869385,57753,57763,10
13.0066404343,80.2456588745,57763,57773,10
13.0066404343,80.2456130981,57773,57783,10
13.0066404343,80.2453918457,57783,57794,11
13.0066404343,80.2451400757,57794,57804,10
13.0066299438,80.2449417114,57804,57814,10
13.0066299438,80.244720459,57814,57824,10
13.0066404343,80.2444534302,57824,57834,10
13.0066204071,80.2440185547,57834,57844,10
13.0066003799,80.2436218262,57844,57854,10
13.0065603256,80.2431182861,57854,57864,10
13.0065402985,80.2424697876,57864,57874,10
13.006529808,80.2418670654,57874,57884,10
13.006529808,80.2417602539,57884,57894,10
13.0065603256,80.2413711548,57894,57905,11
13.0065698624,80.2409362793,57905,57915,10
13.0066099167,80.2407226563,57915,57925,10
13.0066604614,80.2404327393,57925,57935,10
13.006770134,80.2399597168,57935,57945,10
13.0068798065,80.2393493652,57945,57955,10
13.0070495605,80.2385635376,57955,57965,10
13.0071897507,80.2378768921,57965,57975,10
13.0073204041,80.2373428345,57975,57985,10
13.0073604584,80.2368774414,57985,57995,10
13.0073795319,80.2367706299,57995,58005,10
13.0075397491,80.2362136841,58005,58016,11
13.0076599121,80.2356033325,58016,58026,10
13.0076904297,80.2354125977,58026,58036,10
13.0077295303,80.2352218628,58036,58046,10
13.0077800751,80.2350387573,58046,58056,10
13.0079202652,80.2344589233,58056,58066,10
13.008099556,80.233543396,58066,58076,10
13.0083398819,80.2323684692,58076,58086,10
13.0085802078,80.2311172485,58086,58096,10
13.0088300705,80.2298583984,58096,58106,10
13.0090799332,80.2286376953,58106,58116,10
13.009349823,80.2277374268,58116,58127,11
13.0099697113,80.2264404297,58127,58137,10
13.0105104446,80.2253570557,58137,58147,10
13.0108804703,80.2245178223,58147,58157,10
13.0110301971,80.2241821289,58157,58167,10
13.011059761,80.2241210938,58167,58177,10
13.0112199783,80.2237167358,58177,58187,10
13.0114498138,80.2231826782,58187,58197,10
13.0117197037,80.2224578857,58197,58207,10
13.0120096207,80.2217025757,58207,58216,9
13.0122804642,80.221496582,58216,58227,11
13.012550354,80.2218017578,58227,58238,11
13.0130596161,80.2224197388,58238,58248,10
13.0136604309,80.2231292725,58248,58258,10
13.0140695572,80.2234191895,58258,58268,10
13.0142402649,80.2236175537,58268,58278,10
13.0145301819,80.2239227295,58278,58288,10
13.0151700974,80.2247390747,58288,58308,20
13.0151700974,80.2247390747,58308,58318,10
13.0153799057,80.2249069214,58318,58328,10
13.0155296326,80.2250289917,58328,58338,10
13.0155897141,80.2250671387,58338,58349,11
13.0158195496,80.2252578735,58349,58359,10
13.0165100098,80.2253112793,58359,58369,10
13.0174398422,80.2249832153,58369,58379,10
13.0183897018,80.2246017456,58379,58389,10
13.0192699432,80.2244110107,58389,58399,10
13.0198202133,80.224609375,58399,58409,10
13.0202102661,80.2249069214,58409,58419,10
13.0206804276,80.2252502441,58419,58429,10
13.0211200714,80.2255783081,58429,58439,10
13.02161026,80.2259292603,58439,58449,10
13.0219402313,80.2261276245,58449,58459,10
13.0220003128,80.2261810303,58459,58470,11
13.022359848,80.2265396118,58470,58480,10
13.0228700638,80.2269973755,58480,58490,10
13.0232601166,80.2273483276,58490,58500,10
13.023639679,80.2276916504,58500,58510,10
13.0239601135,80.2279586792,58510,58520,10
13.0242004395,80.2282409668,58520,58536,16
13.0246400833,80.2288894653,58536,58548,12
13.0250997543,80.2294998169,58548,58556,8
13.0254602432,80.2299804688,58556,58568,12
13.0258598328,80.2307434082,58568,58579,11
13.0260295868,80.2312316895,58579,58629,50
13.0260295868,80.2312316895,58629,58639,10
13.0262699127,80.2314071655,58639,58649,10
13.0269603729,80.2312469482,58649,58659,10
13.0278701782,80.231048584,58659,58668,9
13.0292301178,80.2309036255,58668,58710,42
13.0292301178,80.2309036255,58710,58720,10
13.0295295715,80.2308120728,58720,58730,10
13.0301799774,80.230758667,58730,58740,10
13.0307703018,80.2307434082,58740,58750,10
13.0312404633,80.2306976318,58750,58760,10
13.0318698883,80.2306518555,58760,58770,10
13.032699585,80.2305908203,58770,58780,10
13.0333404541,80.2305374146,58780,58790,10
13.0337200165,80.2305297852,58790,58801,11
13.0337896347,80.2305221558,58801,58811,10
13.0338802338,80.2304916382,58811,58821,10
13.034330368,80.2304382324,58821,58831,10
13.0343704224,80.2304382324,58831,58841,10
13.0343904495,80.2304534912,58841,58851,10
13.0347604752,80.2303924561,58851,58929,78
13.0347604752,80.2303924561,58929,58941,12
13.0348796844,80.2303771973,58941,58951,10
13.0349302292,80.2306671143,58951,58961,10
13.0348796844,80.2313079834,58961,58971,10
13.0347700119,80.2320785522,58971,58981,10
13.0346899033,80.2328109741,58981,58991,10
13.0346097946,80.2333908081,58991,59001,10
13.0345401764,80.2340087891,59001,59011,10
13.0344200134,80.2348632813,59011,59023,12
13.0343198776,80.2358932495,59023,59032,9
13.0342102051,80.2371063232,59032,59123,91
13.0342102051,80.2371063232,59123,59134,11
13.0342702866,80.2373580933,59134,59144,10
13.0344696045,80.2377471924,59144,59154,10
13.0346603394,80.2380371094,59154,59164,10
13.035030365,80.2386398315,59164,59174,10
13.0353803635,80.2391815186,59174,59184,10
13.0358104706,80.2394332886,59184,59194,10
13.036190033,80.2394790649,59194,59204,10
13.0366601944,80.2395172119,59204,59214,10
13.0372200012,80.2395706177,59214,59224,10
13.0378799438,80.2396392822,59224,59234,10
13.0385103226,80.239730835,59234,59245,11
13.039059639,80.2398071289,59245,59255,10
13.0397500992,80.2398986816,59255,59265,10
13.0401802063,80.2399520874,59265,59275,10
13.0403699875,80.2401733398,59275,59285,10
13.0404996872,80.240562439,59285,59295,10
13.0409202576,80.2406082153,59295,59305,10
13.0410499573,80.2406234741,59305,59315,10
13.0415401459,80.2406768799,59315,59325,10
13.0424003601,80.2407989502,59325,59335,10
13.0424003601,80.2407989502,59335,59345,10
13.0431203842,80.2408828735,59345,59355,10
13.0438604355,80.2409973145,59355,59366,11
13.044500351,80.2406387329,59366,59376,10
13.0452804565,80.2401199341,59376,59386,10
13.045800209,80.2397689819,59386,59396,10
13.0459604263,80.2396621704,59396,59407,11
13.0461597443,80.2395935059,59407,59417,10
13.0463104248,80.2396011353,59417,59427,10
13.0465097427,80.2396621704,59427,59436,9
13.0465602875,80.2396697998,59436,59447,11
13.0467500687,80.2397003174,59447,59457,10
13.0472402573,80.2397994995,59457,59467,10
13.0479803085,80.2399520874,59467,59478,11
13.0488004684,80.2401199341,59478,59488,10
13.0494604111,80.2402572632,59488,59498,10
13.0497999191,80.2403182983,59498,59508,10
13.0504398346,80.2404632568,59508,59518,10
13.0510396957,80.2405776978,59518,59528,10
13.0511798859,80.2406082153,59528,59538,10
13.0515403748,80.2406997681,59538,59548,10
13.0525302887,80.2412033081,59548,59599,51
13.0525302887,80.2412033081,59599,59609,10
13.0525503159,80.2412567139,59609,59619,10
13.0526599884,80.2416305542,59619,59629,10
13.0531997681,80.2419433594,59629,59645,16
13.0540895462,80.2423019409,59645,59657,12
13.0541400909,80.2423019409,59657,59665,8
13.054400444,80.2423477173,59665,59677,12
13.0551700592,80.2422866821,59677,59687,10
13.0559396744,80.2423706055,59687,59697,10
13.0567598343,80.2426376343,59697,59748,51
13.0567598343,80.2426376343,59748,59758,10
13.0569696426,80.2426834106,59758,59768,10
13.0574302673,80.2428436279,59768,59778,10
13.0578403473,80.2428131104,59778,59788,10
13.0580997467,80.242767334,59788,59798,10
13.0586500168,80.2426605225,59798,59809,11
13.0593595505,80.2425613403,59809,59819,10
13.0601301193,80.2427978516,59819,59829,10
13.0607004166,80.242980957,59829,59839,10
13.0609998703,80.2430801392,59839,59849,10
13.0613002777,80.2431488037,59849,59859,10
13.0618600845,80.2432632446,59859,59869,10
13.0624504089,80.2433700562,59869,59879,10
13.0624704361,80.2433776855,59879,59889,10
13.0628595352,80.2434463501,59889,59899,10
13.0634498596,80.2435379028,59899,59909,10
13.0640897751,80.2435684204,59909,59920,11
13.0646896362,80.2435836792,59920,59930,10
13.0653600693,80.2435913086,59930,59970,40
13.0653600693,80.2435913086,59970,59980,10
13.0656604767,80.243560791,59980,59990,10
13.0660495758,80.2434921265,59990,60000,10
13.0664596558,80.2433776855,60000,60010,10
13.0669002533,80.2432022095,60010,60020,10
13.0673904419,80.2429733276,60020,60030,10
13.0679798126,80.242767334,60030,60041,11
13.0686798096,80.2425613403,60041,60051,10
13.0693302155,80.2422790527,60051,60061,10
13.0701398849,80.2420196533,60061,60081,20
13.0701398849,80.2420196533,60081,60091,10
13.0704202652,80.2419586182,60091,60107,16
13.0713596344,80.2416687012,60107,60119,12
13.0723199844,80.2411422729,60119,60129,10
13.0728597641,80.2408599854,60129,60139,10
13.0736103058,80.2406387329,60139,60150,11
13.0743398666,80.2405090332,60150,60160,10
13.0752096176,80.2405014038,60160,60169,9
13.0760202408,80.2405014038,60169,60180,11
13.0767602921,80.2406005859,60180,60190,10
13.0770998001,80.2405471802,60190,60200,10
13.0770998001,80.2402114868,60200,60210,10
13.0769796371,80.2397689819,60210,60219,9
13.0767803192,80.2390518188,60219,60230,11
13.0765695572,80.2383728027,60230,60240,10
13.0765399933,80.2381362915,60240,60250,10
13.0764799118,80.2378997803,60250,60261,11
13.0763597488,80.2372589111,60261,60271,10
13.076259613,80.2368774414,60271,60281,10
13.0762500763,80.2367401123,60281,60291,10
13.076210022,80.2362213135,60291,60301,10
13.0761003494,80.2355422974,60301,60311,10
13.0759496689,80.2349014282,60311,60321,10
13.0758199692,80.2345123291,60321,60331,10
13.0757598877,80.2340087891,60331,60341,10
13.0759601593,80.2338180542,60341,60351,10
13.0761604309,80.2338180542,60351,60361,10
13.0763196945,80.2338180542,60361,60372,11
13.0766401291,80.233757019,60372,60382,10
13.0771503448,80.2336883545,60382,60392,10
13.0775403976,80.2336425781,60392,60402,10
13.0781202316,80.2335968018,60402,60412,10
13.0786399841,80.233581543,60412,60422,10
13.079199791,80.2335586548,60422,60432,10
13.0797195435,80.2335205078,60432,60442,10
13.0802402496,80.2335128784,60442,60452,10
13.0803003311,80.2335205078,60452,60462,10
13.0807104111,80.2335586548,60462,60472,10
13.0813398361,80.2335891724,60472,60483,11
13.0818500519,80.2335891724,60483,60493,10
13.0819501877,80.2332611084,60493,60503,10
13.0820302963,80.2328186035,60503,60513,10
13.0821800232,80.2323379517,60513,60523,10
13.0823802948,80.2317581177,60523,60533,10
13.0825395584,80.2313766479,60533,60543,10
13.0827598572,80.2308502197,60543,60553,10
13.0830602646,80.2307662964,60553,60563,10
13.08314991,80.2313919067,60563,60573,10
13.0832004547,80.2323532104,60573,60583,10
13.0833997726,80.2331924438,60583,60594,11
13.083439827,80.2334289551,60594,60604,10
13.0834703445,80.233543396,60604,60614,10
13.0836896896,80.2339172363,60614,60624,10
13.0840301514,80.2339935303,60624,60634,10
13.0841197968,80.2340316772,60634,60644,10
13.0843400955,80.2340698242,60644,60654,10
13.084859848,80.2341766357,60654,60664,10
13.0852499008,80.2342681885,60664,60674,10
13.0857801437,80.2343978882,60674,60684,10
13.0864095688,80.2345504761,60684,60694,10
13.0871200562,80.2346420288,60694,60710,16
13.0879602432,80.2338027954,60710,60723,13
13.0882501602,80.2322998047,60723,60731,8
13.088470459,80.2314834595,60731,60741,10
13.0887002945,80.2309188843,60741,60753,12
13.0888595581,80.2305679321,60753,60763,10
13.0890598297,80.2302398682,60763,60773,10
13.0893201828,80.2297286987,60773,60783,10
13.0898704529,80.2289962769,60783,60793,10
13.0906400681,80.2281417847,60793,60803,10
13.0913000107,80.2274093628,60803,60813,10
13.0914201736,80.2272796631,60813,60824,11
13.0916204453,80.2270889282,60824,60834,10
13.0921401978,80.2265777588,60834,60844,10
13.0928096771,80.2258911133,60844,60854,10
13.0934200287,80.2252426147,60854,60862,8
13.0934495926,80.2251968384,60862,60874,12
13.0937004089,80.2249221802,60874,60884,10
13.0941295624,80.224357605,60884,60894,10
13.0947799683,80.2235031128,60894,60904,10
13.0951795578,80.2226715088,60904,60915,11
13.0952596664,80.2224197388,60915,60925,10
13.0954198837,80.2220230103,60925,60936,11
13.095700264,80.221282959,60936,60946,10
13.0959796906,80.2204666138,60946,60956,10
13.0963096619,80.2194671631,60956,60976,20
13.0963096619,80.2194671631,60976,60986,10
13.0964002609,80.2192611694,60986,60996,10
13.0965299606,80.2189102173,60996,61006,10
13.0966701508,80.2184371948,61006,61016,10
13.0968999863,80.2177734375,61016,61026,10
13.0971899033,80.2169570923,61026,61036,10
13.0974998474,80.2161712646,61036,61047,11
13.0978899002,80.2152786255,61047,61057,10
13.0983104706,80.214302063,61057,61077,20
13.0983104706,80.214302063,61077,61087,10
13.0983400345,80.2142562866,61087,61097,10
13.09856987,80.2139816284,61097,61107,10
13.0989198685,80.2141418457,61107,61117,10
13.0994796753,80.2143478394,61117,61127,10
13.1002597809,80.2145614624,61127,61147,20
13.1002597809,80.2145614624,61147,61158,11
13.1003904343,80.2146377563,61158,61228,70
13.1003904343,80.2146377563,61228,61238,10
13.1004400253,80.2146911621,61238,61248,10
13.1006202698,80.2148895264,61248,61258,10
13.1003398895,80.2154464722,61258,61269,11
13.1000099182,80.2161331177,61269,61279,10
13.0999403,80.2157974243,61279,61380,101
13.0999403,80.2157974243,61380,61390,10
13.0999498367,80.2156829834,61390,61400,10
13.1001996994,80.2152328491,61400,61410,10
13.1002998352,80.2149200439,61410,61884,474
13.1002998352,80.2149200439,61884,61894,10
13.1002902985,80.2147903442,61894,61904,10
13.1002197266,80.21459198,61904,61914,10
13.0999202728,80.2144317627,61914,61924,10
13.0994501114,80.2143096924,61924,61934,10
13.0989303589,80.2141418457,61934,61945,11
13.0985603333,80.2140197754,61945,61955,10
13.0982999802,80.2144622803,61955,61965,10
13.0979604721,80.2152481079,61965,61975,10
13.0975399017,80.2162399292,61975,61985,10
13.0971298218,80.2173233032,61985,61995,10
13.0967702866,80.2183914185,61995,62005,10
13.0964002609,80.2194976807,62005,62015,10
13.0960597992,80.220489502,62015,62025,10
13.0958003998,80.2212295532,62025,62035,10
13.0955400467,80.2219314575,62035,62045,10
13.0952196121,80.2228012085,62045,62056,11
13.0946903229,80.223739624,62056,62066,10
13.094039917,80.224609375,62066,62076,10
13.0934095383,80.2253265381,62076,62086,10
13.0927095413,80.2260513306,62086,62096,10
13.0920000076,80.2267837524,62096,62106,10
13.0913801193,80.2274398804,62106,62116,10
13.091219902,80.2276306152,62116,62126,10
13.0909700394,80.2278900146,62126,62136,10
13.0904397964,80.2284622192,62136,62146,10
13.0896997452,80.2292785645,62146,62156,10
13.0892000198,80.2300796509,62156,62167,11
13.0890598297,80.2304382324,62167,62177,10
13.0888299942,80.2309417725,62177,62187,10
13.0887403488,80.2311096191,62187,62197,10
13.0886096954,80.2314376831,62197,62207,10
13.0883903503,80.2321014404,62207,62217,10
13.088139534,80.2330932617,62217,62227,10
13.0880098343,80.234046936,62227,62237,10
13.0875597,80.2345275879,62237,62247,10
13.0868501663,80.2345428467,62247,62257,10
13.086230278,80.2344436646,62257,62267,10
13.0856199265,80.2343063354,62267,62278,11
13.0849399567,80.2341384888,62278,62288,10
13.0844202042,80.2340316772,62288,62298,10
13.0842199326,80.2339935303,62298,62308,10
13.0839195251,80.2339172363,62308,62318,10
13.083319664,80.2338180542,62318,62328,10
13.0828504562,80.2337493896,62328,62338,10
13.0823297501,80.2336196899,62338,62348,10
13.0822200775,80.2336196899,62348,62358,10
13.0817499161,80.2335510254,62358,62368,10
13.0810699463,80.2335205078,62368,62378,10
13.0804100037,80.2335205078,62378,62389,11
13.0799598694,80.2335205078,62389,62399,10
13.079460144,80.2335281372,62399,62409,10
13.0790901184,80.2335281372,62409,62419,10
13.0784597397,80.2335586548,62419,62429,10
13.0775203705,80.2336196899,62429,62445,16
13.0760202408,80.2339096069,62445,62457,12
13.0759496689,80.2344436646,62457,62465,8
13.0760698318,80.2350006104,62465,62477,12
13.0762796402,80.2359771729,62477,62487,10
13.0763998032,80.2368087769,62487,62497,10
13.0765304565,80.2373428345,62497,62508,11
13.0765800476,80.2375183105,62508,62518,10
13.0766601563,80.2378768921,62518,62528,10
13.0767602921,80.2384567261,62528,62538,10
13.0769395828,80.2391662598,62538,62548,10
13.0771303177,80.2400436401,62548,62568,20
13.0771303177,80.2400436401,62568,62578,10
13.0771799088,80.2402420044,62578,62588,10
13.0772600174,80.2406082153,62588,62597,9
13.077340126,80.2409515381,62597,62608,11
13.0774002075,80.2414932251,62608,62619,11
13.0775899887,80.2422180176,62619,62629,10
13.0777397156,80.2431182861,62629,62639,10
13.0778398514,80.2439727783,62639,62649,10
13.0778598785,80.2447967529,62649,62659,10
13.0779600143,80.2456436157,62659,62669,10
13.0780200958,80.2464599609,62669,62679,10
13.0782003403,80.2473831177,62679,62689,10
13.0784196854,80.2484436035,62689,62699,10
13.0786399841,80.2492980957,62699,62709,10
13.0787601471,80.2501296997,62709,62718,9
13.078499794,80.2507171631,62718,62730,12
13.0785999298,80.2515563965,62730,62740,10
13.0784597397,80.251701355,62740,62750,10
13.0781602859,80.2517623901,62750,62760,10
13.0776796341,80.2518386841,62760,62770,10
13.0770301819,80.251953125,62770,62780,10
13.0762500763,80.2521209717,62780,62790,10
13.075340271,80.2521972656,62790,62800,10
13.0745296478,80.252281189,62800,62810,10
13.0739603043,80.2524871826,62810,62820,10
13.0733699799,80.2524795532,62820,62830,10
13.072640419,80.2523727417,62830,62841,11
13.0722103119,80.2520599365,62841,62851,10
13.0720901489,80.2513885498,62851,62861,10
13.0719003677,80.2506866455,62861,62871,10
13.0716495514,80.2498321533,62871,62881,10
13.0714702606,80.2489471436,62881,62891,10
13.0712404251,80.2480010986,62891,62901,10
13.0708599091,80.2470626831,62901,62911,10
13.0703897476,80.2461013794,62911,62920,9
13.0699796677,80.2452163696,62920,62931,11
13.069609642,80.2442169189,62931,62941,10
13.0693397522,80.2434005737,62941,62951,10
13.0692901611,80.2433166504,62951,62961,10
13.0691900253,80.2428207397,62961,62972,11
13.0685901642,80.2426071167,62972,62982,10
13.0676803589,80.2428817749,62982,62992,10
13.0668897629,80.2432174683,62992,63012,20
13.0668897629,80.2432174683,63012,63022,10
13.0666599274,80.2433166504,63022,63032,10
13.0663499832,80.2434616089,63032,63042,10
13.0661001205,80.243850708,63042,63052,10
13.0661697388,80.2443466187,63052,63063,11
13.0662498474,80.2448425293,63063,63072,9
13.0663003922,80.2451934814,63072,63082,10
13.0663995743,80.2457199097,63082,63093,11
13.0670404434,80.2461700439,63093,63103,10
13.0677900314,80.2465591431,63103,63123,20
13.0677900314,80.2465591431,63123,63133,10
13.0679197311,80.2467880249,63133,63143,10
13.0679702759,80.2472915649,63143,63153,10
13.0678901672,80.2478027344,63153,63164,11
13.0673999786,80.2479324341,63164,63174,10
13.0667104721,80.2478790283,63174,63184,10
13.0659999847,80.2478485107,63184,63194,10
13.0651302338,80.2477874756,63194,63204,10
13.0641698837,80.2477111816,63204,63214,10
13.0633201599,80.2476577759,63214,63224,10
13.0626897812,80.2476425171,63224,63234,10
13.061920166,80.2475662231,63234,63244,10
13.0614404678,80.2472000122,63244,63254,10
13.0614004135,80.246887207,63254,63264,10
13.0617599487,80.2465286255,63264,63274,10
13.0618600845,80.2461395264,63274,63285,11
13.0620603561,80.2453231812,63285,63295,10
13.0630702972,80.2444076538,63295,63315,20
13.0630702972,80.2444076538,63315,63325,10
13.0632600784,80.2441101074,63325,63335,10
13.0634403229,80.2436599731,63335,63351,16
13.0628004074,80.2434082031,63351,63363,12
13.0622196198,80.2432937622,63363,63373,10
13.0618696213,80.2432327271,63373,63383,10
13.0615501404,80.2431488037,63383,63404,21
13.0615501404,80.2431488037,63404,63414,10
13.061340332,80.2430877686,63414,63424,10
13.0609397888,80.2429962158,63424,63434,10
13.0605401993,80.2428817749,63434,63444,10
13.0600996017,80.2427368164,63444,63453,9
13.0598402023,80.2426605225,63453,63464,11
13.0596904755,80.2426300049,63464,63474,10
13.059630394,80.2426223755,63474,63484,10
13.0593500137,80.2425384521,63484,63494,10
13.0589599609,80.2425765991,63494,63505,11
13.0588502884,80.2425765991,63505,63515,10
13.0587396622,80.2425765991,63515,63525,10
13.058380127,80.2426605225,63525,63535,10
13.0579204559,80.2427597046,63535,63545,10
13.05727005,80.2428283691,63545,63565,20
13.05727005,80.2428283691,63565,63575,10
13.057220459,80.2428512573,63575,63585,10
13.0569496155,80.2427978516,63585,63595,10
13.0565700531,80.2426834106,63595,63605,10
13.0563001633,80.2425994873,63605,63616,11
13.0561199188,80.24243927,63616,63626,10
13.0557203293,80.2422790527,63626,63636,10
13.0550003052,80.2423706055,63636,63646,10
13.0543403625,80.2423706055,63646,63656,10
13.0537796021,80.2422714233,63656,63686,30
13.0536804199,80.2422332764,63686,63706,20
13.0536804199,80.2422332764,63706,63716,10
13.0535802841,80.2422027588,63716,63727,11
13.0532999039,80.2419967651,63727,63737,10
13.0528402328,80.2418365479,63737,63747,10
13.0523099899,80.2413864136,63747,63757,10
13.052069664,80.2409820557,63757,63767,10
13.0518503189,80.2407608032,63767,63777,10
13.0515403748,80.2406768799,63777,63787,10
13.0510997772,80.2406082153,63787,63807,20
13.0510997772,80.2406082153,63807,63817,10
13.0509996414,80.2405776978,63817,63827,10
13.0505504608,80.2404785156,63827,63837,10
13.049949646,80.2403717041,63837,63854,17
13.049079895,80.2401733398,63854,63866,12
13.0487604141,80.2401504517,63866,63876,10
13.0484800339,80.2400665283,63876,63886,10
13.0477800369,80.2399215698,63886,63896,10
13.0467996597,80.239730835,63896,63906,10
13.0462903976,80.239616394,63906,63916,10
13.0461997986,80.239440918,63916,63926,10
13.0463600159,80.2390136719,63926,63936,10
13.0465097427,80.2382507324,63936,63946,10
13.0466604233,80.2374572754,63946,63957,11
13.0467796326,80.2369232178,63957,63967,10
13.0468997955,80.2364501953,63967,63976,9
13.046959877,80.2361221313,63976,63987,11
13.0470104218,80.2359085083,63987,63995,8
13.0470304489,80.2357330322,63995,64006,11
13.0471096039,80.2351837158,64006,64017,11
13.0472002029,80.234413147,64017,64027,10
13.047249794,80.2337036133,64027,64068,41
13.047249794,80.2337036133,64068,64078,10
13.0473604202,80.2334289551,64078,64088,10
13.0472002029,80.2331237793,64088,64098,10
13.0466604233,80.233001709,64098,64108,10
13.0458698273,80.2328109741,64108,64118,10
13.0451202393,80.2326812744,64118,64128,10
13.0450201035,80.2326583862,64128,64138,10
13.0445203781,80.2324981689,64138,64148,10
13.043680191,80.2323684692,64148,64158,10
13.0427703857,80.2323303223,64158,64168,10
13.0418796539,80.2322998047,64168,64179,11
13.0407800674,80.2320098877,64179,64188,9
13.0398101807,80.2317276001,64188,64199,11
13.038649559,80.2314300537,64199,64209,10
13.0376195908,80.2311172485,64209,64219,10
13.0368204117,80.2308502197,64219,64239,20
13.0368204117,80.2308502197,64239,64249,10
13.0364398956,80.2306289673,64249,64279,30
13.0364398956,80.2306289673,64279,64290,11
13.0361003876,80.2305908203,64290,64300,10
13.0357704163,80.2304916382,64300,64310,10
13.035490036,80.2303771973,64310,64320,10
13.0352497101,80.2303009033,64320,64330,10
13.0349903107,80.2302703857,64330,64340,10
13.0347795486,80.2303237915,64340,64350,10
13.034620285,80.2303619385,64350,64360,10
13.0343999863,80.230430603,64360,64370,10
13.0340499878,80.23046875,64370,64380,10
13.0336399078,80.2304916382,64380,64390,10
13.0334300995,80.2304992676,64390,64400,10
13.0332899094,80.230506897,64400,64411,11
13.0326404572,80.2305679321,64411,64421,10
13.0320196152,80.2306594849,64421,64441,20
13.0320196152,80.2306594849,64441,64451,10
13.0316896439,80.2306518555,64451,64461,10
13.0312404633,80.2306900024,64461,64491,30
13.0312404633,80.2306900024,64491,64501,10
13.0309801102,80.2307434082,64501,64532,31
13.0309801102,80.2307434082,64532,64542,10
13.0309095383,80.2307510376,64542,64552,10
13.0306596756,80.2307662964,64552,64562,10
13.0301399231,80.2308425903,64562,64578,16
13.0298299789,80.2308807373,64578,64590,12
13.0295600891,80.2309112549,64590,64598,8
13.0290498734,80.2309494019,64598,64610,12
13.0281000137,80.2310562134,64610,64620,10
13.0277004242,80.2311172485,64620,64631,11
13.0277099609,80.2316970825,64631,64641,10
13.0277996063,80.2322998047,64641,64651,10
13.027879715,80.2328186035,64651,64661,10
13.0275001526,80.2329177856,64661,64671,10
13.027469635,80.2329177856,64671,64681,10
13.0272598267,80.2329711914,64681,64690,9
13.0270299911,80.2330093384,64690,64700,10
13.0267801285,80.2330474854,64700,64711,11
13.0263500214,80.2328414917,64711,64721,10
13.026140213,80.232131958,64721,64732,11
13.0259304047,80.2312774658,64732,64742,10
13.0255899429,80.2303619385,64742,64752,10
13.0250301361,80.2295837402,64752,64762,10
13.0246896744,80.2292022705,64762,64782,20
13.0246896744,80.2292022705,64782,64792,10
13.0245704651,80.2290725708,64792,64802,10
13.0242900848,80.2286911011,64802,64812,10
13.0239496231,80.2283096313,64812,64822,10
13.0239496231,80.228302002,64822,64832,10
13.0238399506,80.2281265259,64832,64843,11
13.023440361,80.2277069092,64843,64853,10
13.0230503082,80.2273635864,64853,64863,10
13.0226802826,80.2269821167,64863,64873,10
13.022310257,80.2266235352,64873,64883,10
13.0216503143,80.2260818481,64883,64893,10
13.0209102631,80.2254867554,64893,64903,10
13.0198802948,80.2248306274,64903,64933,30
13.0198802948,80.2248306274,64933,64943,10
13.019610405,80.2246627808,64943,64954,11
13.018819809,80.2245407104,64954,64964,10
13.0179004669,80.2248764038,64964,64974,10
13.0168800354,80.2253036499,64974,64984,10
13.0161600113,80.2255783081,64984,64994,10
13.0154304504,80.2258529663,64994,65004,10
13.0146799088,80.2261734009,65004,65014,10
13.0137996674,80.2265777588,65014,65034,20
13.0137996674,80.2265777588,65034,65044,10
13.0136804581,80.2266082764,65044,65061,17
13.0126495361,80.2269592285,65061,65073,12
13.0118503571,80.2272796631,65073,65083,10
13.011179924,80.2275619507,65083,65093,10
13.0102596283,80.2279205322,65093,65103,10
13.0093202591,80.2283401489,65103,65113,10
13.009059906,80.2291564941,65113,65122,9
13.0088500977,80.2302474976,65122,65133,11
13.0086803436,80.2311019897,65133,65143,10
13.008480072,80.232170105,65143,65153,10
13.0083303452,80.2329483032,65153,65162,9
13.0082798004,80.2334976196,65162,65173,11
13.0082502365,80.2336196899,65173,65184,11
13.0081396103,80.2339172363,65184,65194,10
13.0080003738,80.2345199585,65194,65204,10
13.0078802109,80.2351379395,65204,65214,10
13.0077600479,80.2358093262,65214,65224,10
13.0075998306,80.2366409302,65224,65234,10
13.0073795319,80.2377090454,65234,65254,20
13.0073795319,80.2377090454,65254,65264,10
13.0073204041,80.2379837036,65264,65284,20
13.0073204041,80.2379837036,65284,65295,11
13.0072603226,80.238243103,65295,65305,10
13.0071802139,80.2387084961,65305,65315,10
13.007060051,80.2393875122,65315,65325,10
13.0068902969,80.2401733398,65325,65335,10
13.006770134,80.2408065796,65335,65345,10
13.0067596436,80.2413101196,65345,65355,10
13.0067396164,80.2415237427,65355,65365,10
13.0067195892,80.2421722412,65365,65375,10
13.0066995621,80.2428207397,65375,65385,10
13.0066995621,80.2432022095,65385,65395,10
13.0066995621,80.2433319092,65395,65406,11
13.0066900253,80.2436904907,65406,65416,10
13.0066995621,80.2442626953,65416,65426,10
13.0067100525,80.2447814941,65426,65436,10
13.0066900253,80.2452697754,65436,65446,10
13.0067100525,80.2455978394,65446,65456,10
13.0067195892,80.2457580566,65456,65466,10
13.0067195892,80.2457809448,65466,65476,10
13.0067195892,80.2460098267,65476,65486,10
13.0067501068,80.2464904785,65486,65496,10
13.0067501068,80.2471923828,65496,65512,16
13.0067501068,80.2484512329,65512,65525,13
13.0068702698,80.249458313,65525,65545,20
13.0068702698,80.249458313,65545,65555,10
13.0068702698,80.2497634888,65555,65565,10
13.0068302155,80.2502288818,65565,65575,10
13.0068397522,80.2508087158,65575,65585,10
13.0068397522,80.2509536743,65585,65626,41
13.0068397522,80.2509536743,65626,65636,10
13.0068702698,80.2512283325,65636,65646,10
13.0068101883,80.2515869141,65646,65656,10
13.0066795349,80.2520980835,65656,65666,10
13.0066099167,80.2526016235,65666,65676,10
13.0066900253,80.2527389526,65676,65686,10
13.0066795349,80.2530593872,65686,65696,10
13.0066604614,80.2533493042,65696,65706,10
13.0066404343,80.2537765503,65706,65737,31
13.0066404343,80.2537765503,65737,65747,10
13.0066299438,80.2539672852,65747,65757,10
13.0066299438,80.2543029785,65757,65767,10
13.0066299438,80.2544326782,65767,65777,10
13.0065898895,80.254737854,65777,65787,10
13.0066003799,80.2553787231,65787,65797,10
13.0066204071,80.2562103271,65797,65807,10
13.0066204071,80.2566299438,65807,65817,10
13.0066404343,80.2570037842,65817,65827,10
13.0067596436,80.2577285767,65827,65837,10
13.0071601868,80.2584228516,65837,65848,11
13.0075597763,80.2587509155,65848,65858,10
13.0078601837,80.2588806152,65858,65868,10
13.008099556,80.2590866089,65868,65878,10
13.0079603195,80.2592391968,65878,65888,10
13.0074596405,80.2593002319,65888,65898,10
13.0071802139,80.2587280273,65898,65908,10
13.0071201324,80.2585830688,65908,65918,10
13.0068302155,80.2580718994,65918,65948,30
13.0068302155,80.2580718994,65948,65959,11
13.0068101883,80.2578430176,65959,65969,10
13.0065803528,80.2574386597,65969,65979,10
13.0065498352,80.2571792603,65979,65989,10
13.0064897537,80.2567825317,65989,65999,10
13.0065002441,80.2562637329,65999,66009,10
13.0065097809,80.2556381226,66009,66019,10
13.0065402985,80.2551269531,66019,66029,10
13.0065402985,80.2545471191,66029,66039,10
13.0065097809,80.2537994385,66039,66049,10
13.0065002441,80.253288269,66049,66059,10
13.0065097809,80.253288269,66059,66070,11
13.0065202713,80.2532501221,66070,66080,10
13.0065202713,80.2528991699,66080,66090,10
13.006529808,80.2525100708,66090,66120,30
13.006529808,80.2525100708,66120,66130,10
13.0066299438,80.251953125,66130,66211,81
13.0066299438,80.251953125,66211,66221,10
13.0067396164,80.2514038086,66221,66231,10
13.0067396164,80.2507095337,66231,66241,10
13.0067501068,80.25,66241,66473,232
13.0067501068,80.25,66473,66483,10
13.0067396164,80.2498779297,66483,66824,341
13.0067396164,80.2498779297,66824,66834,10
13.0067796707,80.2496185303,66834,66844,10
13.0067501068,80.2492980957,66844,66855,11
13.0067195892,80.2489013672,66855,66865,10
13.0066604614,80.2486114502,66865,67157,292
13.0066604614,80.2486114502,67157,67167,10
13.006649971,80.2481613159,67167,67177,10
13.0066299438,80.2477798462,67177,67188,11
13.0066299438,80.2472991943,67188,67198,10
13.0065698624,80.2466812134,67198,67228,30
13.0066204071,80.2465362549,67228,67278,50
13.0066003799,80.2461624146,67278,67309,31
13.0066003799,80.2461624146,67309,67319,10
13.0065803528,80.2459030151,67319,67339,20
13.0065803528,80.2459030151,67339,67349,10
13.0065898895,80.2455978394,67349,67359,10
13.0065898895,80.2455825806,67359,67369,10
13.0065698624,80.2453765869,67369,67379,10
13.0065603256,80.2451782227,67379,67389,10
13.0065603256,80.2447814941,67389,67399,10
13.0065698624,80.244468689,67399,67410,11
13.0065803528,80.2442398071,67410,67420,10
13.0065803528,80.2439575195,67420,67430,10
13.0065803528,80.2435684204,67430,67440,10
13.0065498352,80.2430801392,67440,67450,10
13.0065402985,80.2417221069,67450,67470,20
13.0065402985,80.2417221069,67470,67480,10
13.0065498352,80.2415237427,67480,67490,10
13.0065803528,80.2410736084,67490,67506,16
13.0067596436,80.2398910522,67506,67518,12
13.0069904327,80.2388305664,67518,67529,11
13.0071496964,80.2381134033,67529,67539,10
13.0072603226,80.2377090454,67539,67549,10
13.0073404312,80.2373123169,67549,67559,10
13.007349968,80.2371063232,67559,67569,10
13.0074100494,80.2366790771,67569,67609,40
13.0074100494,80.2366790771,67609,67619,10
13.0074996948,80.2364883423,67619,67630,11
13.0075798035,80.2360687256,67630,67640,10
13.0076704025,80.2356033325,67640,67650,10
13.0077295303,80.2352600098,67650,67660,10
13.0078401566,80.2347412109,67660,67670,10
13.0079898834,80.2340316772,67670,67680,10
13.0081396103,80.2332382202,67680,67690,10
13.0082902908,80.2324295044,67690,67699,9
13.0084400177,80.2316589355,67699,67709,10
13.0086202621,80.2308120728,67709,67720,11
13.0087995529,80.229850769,67720,67730,10
13.0089502335,80.229019165,67730,67741,11
13.0091896057,80.228187561,67741,67751,10
13.0094900131,80.2275085449,67751,67761,10
13.0098600388,80.2266998291,67761,67771,10
13.0102300644,80.225982666,67771,67781,10
13.0105199814,80.2253875732,67781,67801,20
13.0105199814,80.2253875732,67801,67811,10
13.0105895996,80.2252197266,67811,67821,10
13.0107402802,80.224861145,67821,67831,10
13.0108499527,80.2244567871,67831,67841,10
13.0111398697,80.2238082886,67841,67851,10
13.0111904144,80.2236022949,67851,67862,11
13.0111503601,80.2234573364,67862,67872,10
13.0112104416,80.2232818604,67872,67882,10
13.0114002228,80.2229385376,67882,67892,10
13.0115404129,80.2223434448,67892,67902,10
13.0117197037,80.2217407227,67902,67912,10
13.0121898651,80.2216567993,67912,67921,9
13.0124998093,80.2219924927,67921,67931,10
13.0129299164,80.2224578857,67931,67942,11
13.0134296417,80.2229614258,67942,67952,10
13.0139598846,80.2234115601,67952,67963,11
13.0142803192,80.223739624,67963,67973,10
13.0145397186,80.223991394,67973,67983,10
13.0148601532,80.2244262695,67983,67993,10
13.0152702332,80.2248687744,67993,68003,10
13.0156202316,80.225151062,68003,68033,30
13.0156202316,80.225151062,68033,68043,10
13.0158395767,80.2253036499,68043,68053,10
13.0163602829,80.225402832,68053,68063,10
13.017080307,80.2251586914,68063,68074,11
13.0179595947,80.2248001099,68074,68084,10
13.018699646,80.2245178223,68084,68094,10
13.0193395615,80.2244415283,68094,68104,10
13.019659996,80.2245635986,68104,68114,10
13.0199098587,80.2247619629,68114,68124,10
13.0202302933,80.2249984741,68124,68134,10
13.0205898285,80.2252426147,68134,68144,10
13.0208597183,80.2254486084,68144,68154,10
13.0211801529,80.2257232666,68154,68164,10
13.0216703415,80.22605896,68164,68174,10
13.0220499039,80.22631073,68174,68225,51
13.0220499039,80.22631073,68225,68235,10
13.0220804214,80.2263793945,68235,68245,10
13.0223197937,80.226600647,68245,68255,10
13.0227403641,80.2269592285,68255,68265,10
13.0231199265,80.2272872925,68265,68275,10
13.0231704712,80.2273483276,68275,68285,10
13.0233697891,80.2275314331,68285,68295,10
13.0236997604,80.2278137207,68295,68306,11
13.024140358,80.2282409668,68306,68316,10
13.024430275,80.2286071777,68316,68326,10
13.0246801376,80.2290115356,68326,68336,10
13.0250501633,80.2294769287,68336,68346,10
13.0256204605,80.2302017212,68346,68376,30
13.0257101059,80.2303237915,68376,68396,20
13.0257101059,80.2303237915,68396,68406,10
13.0257396698,80.2304077148,68406,68417,11
13.0258703232,80.2307128906,68417,68427,10
13.0259504318,80.2309875488,68427,68437,10
13.02602005,80.2312698364,68437,68447,10
13.0262804031,80.2313995361,68447,68457,10
13.0268201828,80.2312393188,68457,68467,10
13.0274600983,80.2310791016,68467,68477,10
13.0280799866,80.2309875488,68477,68517,40
13.0280799866,80.2309875488,68517,68528,11
13.0285100937,80.23097229,68528,68538,10
13.0288600922,80.2309417725,68538,68628,90
13.0288600922,80.2309417725,68628,68639,11
13.0292196274,80.2309417725,68639,68649,10
13.0296201706,80.2308807373,68649,68659,10
13.0301399231,80.2308425903,68659,68669,10
13.0304899216,80.230796814,68669,68679,10
13.0308303833,80.2307815552,68679,68689,10
13.0311698914,80.2307434082,68689,68699,10
13.0316801071,80.2307128906,68699,68709,10
13.0322504044,80.2306594849,68709,68719,10
13.0329198837,80.2305984497,68719,68729,10
13.033490181,80.2305679321,68729,68739,10
13.0337896347,80.2305374146,68739,68750,11
13.0341701508,80.2304916382,68750,68760,10
13.0345001221,80.2304077148,68760,68840,80
13.034620285,80.2304229736,68840,68911,71
13.034620285,80.2304229736,68911,68921,10
13.0348300934,80.2304229736,68921,68931,10
13.0349397659,80.2305526733,68931,68941,10
13.0349197388,80.2307891846,68941,68951,10
13.0348701477,80.2312011719,68951,68961,10
13.034819603,80.2316131592,68961,68972,11
13.0347604752,80.2321166992,68972,68982,10
13.0346803665,80.2326889038,68982,68992,10
13.0346298218,80.2331466675,68992,69002,10
13.0346002579,80.2333984375,69002,69012,10
13.034529686,80.2337799072,69012,69022,10
13.0344600677,80.2343902588,69022,69032,10
13.0343799591,80.2350692749,69032,69042,10
13.0342998505,80.2358016968,69042,69052,10
13.0342102051,80.236541748,69052,69062,10
13.0341796875,80.2371368408,69062,69123,61
13.0341796875,80.2371368408,69123,69133,10
13.0341796875,80.2373504639,69133,69143,10
13.0344600677,80.2378311157,69143,69153,10
13.0347604752,80.2382888794,69153,69163,10
13.0349702835,80.2386016846,69163,69173,10
13.0350999832,80.2388000488,69173,69183,10
13.035369873,80.2392196655,69183,69193,10
13.0357599258,80.2394180298,69193,69204,11
13.0361995697,80.2394790649,69204,69214,10
13.0367202759,80.2395172119,69214,69224,10
13.0372200012,80.2395629883,69224,69234,10
13.037730217,80.2396316528,69234,69244,10
13.0382995605,80.2397079468,69244,69254,10
13.0389499664,80.2397918701,69254,69264,10
13.0395803452,80.2398681641,69264,69274,10
13.0401000977,80.2399368286,69274,69284,10
13.0402803421,80.2399978638,69284,69294,10
13.0403404236,80.2403488159,69294,69305,11
13.0409803391,80.2406387329,69305,69335,30
13.0409803391,80.2406387329,69335,69345,10
13.0413503647,80.2406768799,69345,69355,10
13.04185009,80.240737915,69355,69365,10
13.0424203873,80.2407989502,69365,69375,10
13.0430698395,80.2409133911,69375,69385,10
13.0437002182,80.2409973145,69385,69395,10
13.0438995361,80.2409973145,69395,69405,10
13.0440397263,80.2409591675,69405,69416,11
13.0442800522,80.2407989502,69416,69426,10
13.0446996689,80.2404937744,69426,69436,10
13.0452098846,80.2401733398,69436,69446,10
13.0454397202,80.2399978638,69446,69456,10
13.0457000732,80.2397994995,69456,69466,10
13.0460796356,80.2395706177,69466,69496,30
13.0460796356,80.2395706177,69496,69506,10
13.0465497971,80.2396621704,69506,69537,31
13.0465497971,80.2396621704,69537,69547,10
13.0466995239,80.2397232056,69547,69557,10
13.0470304489,80.2397766113,69557,69567,10
13.0474901199,80.2398834229,69567,69577,10
13.0481300354,80.2400131226,69577,69587,10
13.0488395691,80.2401580811,69587,69597,10
13.049539566,80.2403030396,69597,69607,10
13.0500402451,80.2404174805,69607,69617,10
13.0507097244,80.2405471802,69617,69627,10
13.051440239,80.2406997681,69627,69638,11
13.0522699356,80.2408676147,69638,69698,60
13.0522699356,80.2408676147,69698,69708,10
13.0523796082,80.2409133911,69708,69718,10
13.0524997711,80.2412414551,69718,69728,10
13.0525903702,80.241569519,69728,69738,10
13.0530099869,80.2418899536,69738,69749,11
13.0540103912,80.2422866821,69749,69789,40
13.0540103912,80.2422866821,69789,69799,10
13.0541200638,80.2423400879,69799,69809,10
13.0545301437,80.2424087524,69809,69819,10
13.055150032,80.2423324585,69819,69829,10
13.0558996201,80.2423934937,69829,69839,10
13.056520462,80.2426986694,69839,69866,27
13.056520462,80.2426986694,69866,69878,12
13.0566902161,80.2426986694,69878,69888,10
13.0569601059,80.242729187,69888,69898,10
13.0574903488,80.2428817749,69898,69907,9
13.0578603745,80.2428436279,69907,69918,11
13.0583400726,80.2427215576,69918,69928,10
13.0587997437,80.2426376343,69928,69938,10
13.0589599609,80.2426071167,69938,69948,10
13.0591497421,80.2425765991,69948,69958,10
13.0591697693,80.2425765991,69958,69969,11
13.0593795776,80.2425613403,69969,69979,10
13.0596704483,80.2426681519,69979,69989,10
13.0600404739,80.2428207397,69989,70009,20
13.0600404739,80.2428207397,70009,70019,10
13.0602397919,80.2428817749,70019,70029,10
13.0603199005,80.2428970337,70029,70039,10
13.0605201721,80.2429504395,70039,70049,10
13.0607004166,80.2430114746,70049,70059,10
13.0609102249,80.2431030273,70059,70069,10
13.0611801147,80.2431793213,70069,70080,11
13.0613298416,80.2432098389,70080,70090,10
13.0615797043,80.243270874,70090,70110,20
13.0615797043,80.243270874,70110,70120,10
13.0619602203,80.2433319092,70120,70130,10
13.0621500015,80.2433624268,70130,70140,10
13.0625200272,80.2434387207,70140,70170,30
13.0625200272,80.2434387207,70170,70180,10
13.0627403259,80.2435073853,70180,70191,11
13.062959671,80.2435379028,70191,70201,10
13.06346035,80.2435913086,70201,70211,10
13.0641002655,80.2436218262,70211,70221,10
13.0650901794,80.2436065674,70221,70322,101
13.0650901794,80.2436065674,70322,70332,10
13.0654096603,80.2436294556,70332,70342,10
13.0659999847,80.2435684204,70342,70362,20
13.0659999847,80.2435684204,70362,70372,10
13.0663099289,80.2434616089,70372,70382,10
13.0666599274,80.2433395386,70382,70392,10
13.067029953,80.2431793213,70392,70402,10
13.0673904419,80.2429962158,70402,70413,11
13.0677900314,80.2428512573,70413,70423,10
13.067899704,80.2428207397,70423,70433,10
13.0682001114,80.2427520752,70433,70443,10
13.0686302185,80.2426223755,70443,70453,10
13.069149971,80.242401123,70453,70463,10
13.0696201324,80.2422332764,70463,70473,10
13.0698900223,80.2421722412,70473,70483,10
13.0702199936,80.2420806885,70483,70574,91
13.0702199936,80.2420806885,70574,70584,10
13.0704097748,80.2421035767,70584,70594,10
13.0707302094,80.2419662476,70594,70604,10
13.0712995529,80.2417373657,70604,70624,20
13.0712995529,80.2417373657,70624,70635,11
13.0714902878,80.2416534424,70635,70645,10
13.0715503693,80.2416305542,70645,70655,10
13.0717802048,80.2415237427,70655,70695,40
13.0717802048,80.2415237427,70695,70705,10
13.0721197128,80.2412796021,70705,70715,10
13.0722904205,80.2411575317,70715,70735,20
13.0722904205,80.2411575317,70735,70746,11
13.0725402832,80.2410202026,70746,70756,10
13.0728302002,80.2408905029,70756,70766,10
13.0732698441,80.2407684326,70766,70776,10
13.0737400055,80.2406387329,70776,70786,10
13.0744600296,80.2405471802,70786,70796,10
13.0752401352,80.2405395508,70796,70806,10
13.0760602951,80.2405319214,70806,70816,10
13.0768203735,80.2406387329,70816,70826,10
13.0770597458,80.2403106689,70826,70836,10
13.0768995285,80.2396621704,70836,70937,101
13.0768995285,80.2396621704,70937,70947,10
13.076880455,80.2393493652,70947,70957,10
13.0767498016,80.2388534546,70957,70967,10
13.0766000748,80.23828125,70967,70978,11
13.076499939,80.2378387451,70978,70988,10
13.0764303207,80.237487793,70988,70998,10
13.0762796402,80.236907959,70998,71018,20
13.0762796402,80.236907959,71018,71028,10
13.0762901306,80.2367401123,71028,71038,10
13.0762395859,80.2362670898,71038,71047,9
13.0761299133,80.2356491089,71047,71058,11
13.0759401321,80.2348709106,71058,71069,11
13.0757799149,80.2342605591,71069,71078,9
13.0759000778,80.2339706421,71078,71089,11
13.0763196945,80.2338562012,71089,71099,10
13.0766801834,80.2338104248,71099,71109,10
13.0770797729,80.2337188721,71109,71118,9
13.0775995255,80.2336425781,71118,71129,11
13.0783004761,80.2336196899,71129,71139,10
13.0788202286,80.233581543,71139,71149,10
13.0793504715,80.2335586548,71149,71159,10
13.0798597336,80.2335510254,71159,71169,10
13.080329895,80.2335586548,71169,71210,41
13.080329895,80.2335586548,71210,71220,10
13.0807199478,80.2336273193,71220,71230,10
13.0812101364,80.2336196899,71230,71240,10
13.0817098618,80.2336196899,71240,71250,10
13.0819396973,80.2334213257,71250,71260,10
13.081990242,80.2329406738,71260,71270,10
13.0820798874,80.2325363159,71270,71280,10
13.0822095871,80.2321090698,71280,71290,10
13.0824203491,80.2314987183,71290,71300,10
13.0826797485,80.2309417725,71300,71311,11
13.0828304291,80.230682373,71311,71321,10
13.0830698013,80.2308807373,71321,71337,16
13.0831298828,80.2320022583,71337,71349,12
13.0832796097,80.2329177856,71349,71357,8
13.0834598541,80.2337036133,71357,71379,22
13.0834598541,80.2337036133,71379,71389,10
13.0834903717,80.2338409424,71389,71399,10
13.0839700699,80.2340164185,71399,71430,31
13.0839700699,80.2340164185,71430,71440,10
13.0841197968,80.2340698242,71440,71450,10
13.0844202042,80.2341308594,71450,71460,10
13.0848703384,80.2342224121,71460,71470,10
13.0852899551,80.2343063354,71470,71480,10
13.0858097076,80.2344436646,71480,71490,10
13.0861196518,80.2344970703,71490,71500,10
13.086520195,80.2345733643,71500,71510,10
13.0868501663,80.23462677,71510,71520,10
13.0874204636,80.2346191406,71520,71531,11
13.0878896713,80.23412323,71531,71541,10
13.08796978,80.2334594727,71541,71551,10
13.0881595612,80.2326126099,71551,71561,10
13.0884199142,80.2316207886,71561,71571,10
13.0886001587,80.2311172485,71571,71581,10
13.0888500214,80.2305221558,71581,71621,40
13.0888500214,80.2305221558,71621,71631,10
13.0890398026,80.23021698,71631,71642,11
13.0893001556,80.2296981812,71642,71652,10
13.0897197723,80.2291183472,71652,71662,10
13.0903396606,80.2284317017,71662,71672,10
13.0910100937,80.2276992798,71672,71682,10
13.0913600922,80.2273101807,71682,71712,30
13.0913600922,80.2273101807,71712,71722,10
13.091509819,80.2272186279,71722,71732,10
13.0918703079,80.2268295288,71732,71742,10
13.0923995972,80.2262573242,71742,71753,11
13.0931301117,80.2255401611,71753,71763,10
13.0935897827,80.2249984741,71763,71773,10
13.0940504074,80.2244186401,71773,71783,10
13.094619751,80.2236328125,71783,71793,10
13.0950698853,80.2227630615,71793,71803,10
13.095199585,80.2224502563,71803,71813,10
13.0952701569,80.2223129272,71813,71823,10
13.0954799652,80.2217712402,71823,71833,10
13.0957603455,80.2209701538,71833,71843,10
13.0960702896,80.220123291,71843,71853,10
13.0962495804,80.2195205688,71853,71864,11
13.0963697433,80.2192230225,71864,71874,10
13.0964603424,80.218963623,71874,71884,10
13.096619606,80.2185134888,71884,71894,10
13.0968198776,80.217880249,71894,71904,10
13.0970401764,80.2172088623,71904,71914,10
13.0971097946,80.2170333862,71914,71924,10
13.0972003937,80.2168273926,71924,71934,10
13.0974197388,80.2162780762,71934,71944,10
13.0977296829,80.2155532837,71944,71954,10
13.0980501175,80.2148284912,71954,71964,10
13.0982198715,80.2144622803,71964,72005,41
13.0982198715,80.2144622803,72005,72015,10
13.0982999802,80.2143096924,72015,72025,10
13.0984697342,80.2140197754,72025,72035,10
13.0989303589,80.2141876221,72035,72045,10
13.0995998383,80.2143936157,72045,72055,10
13.1001796722,80.2145385742,72055,72166,111
13.1001796722,80.2145385742,72166,72176,10
13.1005601883,80.2147979736,72176,72186,10
13.1003599167,80.2152786255,72186,72196,10
13.100060463,80.2159576416,72196,72207,11
13.0998897552,80.2161178589,72207,72217,10
13.0999097824,80.2157897949,72217,72227,10
13.1001300812,80.2153701782,72227,72237,10
13.1002702713,80.2149276733,72237,73195,958
13.1002702713,80.2149276733,73195,73206,11
13.1002101898,80.2147064209,73206,73216,10
13.1001300812,80.2145767212,73216,73226,10
13.0999403,80.2145004272,73226,73236,10
13.0997400284,80.2144470215,73236,73246,10
13.0996303558,80.2144165039,73246,73256,10
13.0992803574,80.214302063,73256,73266,10
13.098859787,80.2141799927,73266,73276,10
13.0984401703,80.2141494751,73276,73286,10
13.0981702805,80.2147216797,73286,73296,10
13.0978097916,80.2155532837,73296,73306,10
13.0973901749,80.2165374756,73306,73317,11
13.0970201492,80.2175064087,73317,73327,10
13.0967197418,80.2183837891,73327,73337,10
13.0965204239,80.2190628052,73337,73347,10
13.0963802338,80.2193984985,73347,73357,10
13.0961799622,80.2199478149,73357,73367,10
13.0959396362,80.2206420898,73367,73377,10
13.0957298279,80.2212295532,73377,73387,10
13.0955495834,80.2218093872,73387,73397,10
13.0952396393,80.2226409912,73397,73407,10
13.0947799683,80.2235565186,73407,73417,10
13.0940103531,80.2245864868,73417,73428,11
13.0932703018,80.2254562378,73428,73438,10
13.0927095413,80.22605896,73438,73448,10
13.092209816,80.2265930176,73448,73458,10
13.0916500092,80.2271575928,73458,73468,10
13.0912399292,80.2276077271,73468,73478,10
13.0911798477,80.2276763916,73478,73488,10
13.0909204483,80.2279281616,73488,73498,10
13.0904397964,80.2284393311,73498,73508,10
13.0898599625,80.2291030884,73508,73518,10
13.08934021,80.2297821045,73518,73528,10
13.089099884,80.2302322388,73528,73539,11
13.0888700485,80.2307434082,73539,73549,10
13.0886497498,80.2312316895,73549,73559,10
13.0885601044,80.2314224243,73559,73569,10
13.0883903503,80.231918335,73569,73579,10
13.0881996155,80.2326126099,73579,73589,10
13.0880002975,80.2335586548,73589,73599,10
13.0878000259,80.2344512939,73599,73609,10
13.0871200562,80.234588623,73609,73619,10
13.086520195,80.2345428467,73619,73629,10
13.0861501694,80.2344970703,73629,73639,10
13.0856304169,80.2343826294,73639,73650,11
13.0850696564,80.2342529297,73650,73660,10
13.084690094,80.234161377,73660,73670,10
13.0843896866,80.2341308594,73670,73680,10
13.0839500427,80.2340621948,73680,73690,10
13.0836400986,80.2340011597,73690,73700,10
13.0832395554,80.2339019775,73700,73710,10
13.0826797485,80.2337722778,73710,73720,10
13.0824899673,80.2337417603,73720,73730,10
13.082280159,80.2337036133,73730,73740,10
13.0818099976,80.2336196899,73740,73750,10
13.0811595917,80.2335891724,73750,73761,11
13.0804395676,80.2335891724,73761,73771,10
13.0797901154,80.2335891724,73771,73781,10
13.0792798996,80.2336120605,73781,73791,10
13.0785903931,80.2336273193,73791,73801,10
13.0778903961,80.2336730957,73801,73811,10
13.0771303177,80.2337493896,73811,73821,10
13.076379776,80.2338790894,73821,73831,10
13.0758600235,80.2340774536,73831,73841,10
13.0759401321,80.2345504761,73841,73851,10
13.0760498047,80.2350921631,73851,73861,10
13.0760803223,80.2353591919,73861,73872,11
13.0762395859,80.2360229492,73872,73882,10
13.0763597488,80.2368087769,73882,73892,10
13.076499939,80.2373504639,73892,73902,10
13.076499939,80.2373580933,73902,73912,10
13.0765695572,80.23777771,73912,73922,10
13.0767002106,80.2385177612,73922,73932,10
13.0768699646,80.2391815186,73932,73942,10
13.0770101547,80.2397994995,73942,73952,10
13.0771799088,80.2404403687,73952,74003,51
13.0771799088,80.2404403687,74003,74013,10
13.0772600174,80.2407226563,74013,74023,10
13.0773496628,80.2411193848,74023,74033,10
13.0774002075,80.2415313721,74033,74043,10
13.0775203705,80.2420501709,74043,74053,10
13.0776596069,80.242767334,74053,74063,10
13.0777597427,80.2435302734,74063,74073,10
13.0777397156,80.2442398071,74073,74083,10
13.0778102875,80.2447967529,74083,74093,10
13.0778799057,80.2454376221,74093,74104,11
13.0779495239,80.2462768555,74104,74114,10
13.0781097412,80.2471923828,74114,74124,10
13.0783004761,80.2481002808,74124,74134,10
13.0784702301,80.2488937378,74134,74144,10
13.078619957,80.2495498657,74144,74154,10
13.0787000656,80.2501296997,74154,74164,10
13.0784502029,80.2506713867,74164,74174,10
13.0785198212,80.2513580322,74174,74184,10
13.0783901215,80.2517166138,74184,74194,10
13.0778999329,80.2518234253,74194,74204,10
13.0772695541,80.2519378662,74204,74215,11
13.0763902664,80.2521362305,74215,74225,10
13.0755395889,80.2522125244,74225,74235,10
13.0748500824,80.2522735596,74235,74245,10
13.0742397308,80.2522964478,74245,74255,10
13.0739097595,80.2523803711,74255,74265,10
13.0734996796,80.2525024414,74265,74275,10
13.0728502274,80.2524414063,74275,74285,10
13.0722703934,80.2522506714,74285,74295,10
13.0720796585,80.2516937256,74295,74305,10
13.0719900131,80.2509231567,74305,74315,10
13.0717697144,80.2500991821,74315,74326,11
13.0715303421,80.249130249,74326,74336,10
13.0713396072,80.248260498,74336,74346,10
13.0710201263,80.2474899292,74346,74356,10
13.0706195831,80.2466888428,74356,74366,10
13.0701999664,80.2457885742,74366,74376,10
13.0697803497,80.2447967529,74376,74386,10
13.0694799423,80.2439193726,74386,74396,10
13.0692796707,80.2434005737,74396,74406,10
13.069270134,80.2433929443,74406,74416,10
13.0691900253,80.2430801392,74416,74426,10
13.0690402985,80.2426223755,74426,74437,11
13.0686197281,80.2425994873,74437,74447,10
13.0680198669,80.2427825928,74447,74457,10
13.0672101974,80.2430877686,74457,74467,10
13.0663499832,80.2434616089,74467,74477,10
13.066069603,80.244102478,74477,74487,10
13.066160202,80.2447891235,74487,74497,10
13.0662698746,80.2454986572,74497,74508,11
13.0669498444,80.2462310791,74508,74518,10
13.0676898956,80.2465286255,74518,74528,10
13.067779541,80.24659729,74528,74538,10
13.0678901672,80.2470016479,74538,74549,11
13.0678596497,80.2477874756,74549,74559,10
13.0672798157,80.2479476929,74559,74569,10
13.0664396286,80.2479019165,74569,74579,10
13.0654802322,80.2478637695,74579,74589,10
13.0644798279,80.2477874756,74589,74599,10
13.0637702942,80.2477264404,74599,74609,10
13.0630502701,80.2477264404,74609,74619,10
13.0622997284,80.2477035522,74619,74629,10
13.0615701675,80.2474517822,74629,74639,10
13.0614004135,80.2469329834,74639,74649,10
13.0617799759,80.2464294434,74649,74660,11
13.0621004105,80.2453384399,74660,74670,10
13.0627202988,80.2447891235,74670,74680,10
13.0630998611,80.2443771362,74680,74690,10
13.0631799698,80.2442779541,74690,74700,10
13.0633897781,80.243812561,74700,74710,10
13.0630998611,80.2435379028,74710,74720,10
13.0624399185,80.2434005737,74720,74730,10
13.0617599487,80.2432785034,74730,74740,10
13.0613203049,80.2431793213,74740,74750,10
13.0609903336,80.2431030273,74750,74760,10
13.0606803894,80.242980957,74760,74771,11
13.0601701736,80.2428131104,74771,74781,10
13.0595703125,80.2426223755,74781,74791,10
13.0590696335,80.2425765991,74791,74801,10
13.058719635,80.2426528931,74801,74811,10
13.058429718,80.2427062988,74811,74821,10
13.0578603745,80.2428436279,74821,74831,10
13.0571203232,80.2428970337,74831,74841,10
13.056429863,80.2426986694,74841,74851,10
13.0559196472,80.24243927,74851,74861,10
13.055439949,80.2423171997,74861,74872,11
13.0547399521,80.2424697876,74872,74882,10
13.0540599823,80.2424163818,74882,74892,10
13.0537900925,80.2423629761,74892,74902,10
13.0536203384,80.2422409058,74902,74912,10
13.053150177,80.2420196533,74912,74922,10
13.0525398254,80.2417678833,74922,74932,10
13.0521297455,80.2412261963,74932,74942,10
13.0519399643,80.2408828735,74942,74952,10
13.0516796112,80.2407608032,74952,74962,10
13.0514202118,80.2407073975,74962,74972,10
13.0512599945,80.2406921387,74972,74982,10
13.0511302948,80.2406616211,74982,74993,11
13.0508804321,80.2406082153,74993,75003,10
13.050620079,80.2405471802,75003,75013,10
13.0502195358,80.2404632568,75013,75023,10
13.0495100021,80.2403030396,75023,75033,10
13.048740387,80.2401733398,75033,75043,10
13.0478696823,80.2399902344,75043,75053,10
13.0471897125,80.2398300171,75053,75063,10
13.0468101501,80.2397613525,75063,75073,10
13.0462398529,80.2396316528,75073,75083,10
13.0462598801,80.2393035889,75083,75093,10
13.0463199615,80.2387466431,75093,75104,11
13.0465202332,80.237953186,75104,75114,10
13.0466403961,80.2372589111,75114,75124,10
13.0468101501,80.2365036011,75124,75134,10
13.0468997955,80.2360610962,75134,75144,10
13.0469503403,80.2358169556,75144,75154,10
13.0469999313,80.2354736328,75154,75164,10
13.0470695496,80.234916687,75164,75174,10
13.0471200943,80.2343063354,75174,75184,10
13.0471897125,80.2338027954,75184,75194,10
13.0472402573,80.2334823608,75194,75204,10
13.047129631,80.2331619263,75204,75215,11
13.046620369,80.2330780029,75215,75225,10
13.0460596085,80.2329406738,75225,75235,10
13.0454902649,80.2328414917,75235,75245,10
13.0450000763,80.2327423096,75245,75255,10
13.0443601608,80.2325973511,75255,75265,10
13.0435600281,80.232460022,75265,75274,9
13.042889595,80.232421875,75274,75285,11
13.0420703888,80.2323913574,75285,75295,10
13.0413103104,80.2322311401,75295,75305,10
13.0402202606,80.2318496704,75305,75315,10
13.0392398834,80.2315979004,75315,75326,11
13.0382404327,80.2313232422,75326,75336,10
13.0374803543,80.2310791016,75336,75346,10
13.036939621,80.2309036255,75346,75356,10
13.0367803574,80.2308425903,75356,75366,10
13.0367002487,80.2308273315,75366,75376,10
13.0365896225,80.2307662964,75376,75386,10
13.0360202789,80.2305908203,75386,75406,20
13.0360202789,80.2305908203,75406,75416,10
13.0359601974,80.2305526733,75416,75426,10
13.0356998444,80.23046875,75426,75437,11
13.0353498459,80.2303924561,75437,75517,80
13.0353498459,80.2303924561,75517,75527,10
13.0350399017,80.23021698,75527,75537,10
13.0345697403,80.2302932739,75537,75548,11
13.0341396332,80.2304229736,75548,75578,30
13.0341396332,80.2304229736,75578,75588,10
13.0333995819,80.2304992676,75588,75607,19
13.0333995819,80.2304992676,75607,75618,11
13.032910347,80.2305297852,75618,75628,10
13.0322704315,80.2306137085,75628,75638,10
13.0315504074,80.230682373,75638,75648,10
13.0309696198,80.2307510376,75648,75659,11
13.03083992,80.2307662964,75659,75669,10
13.030500412,80.2307891846,75669,75679,10
13.0299797058,80.2308502197,75679,75689,10
13.0296602249,80.2309112549,75689,75699,10
13.0294399261,80.2309494019,75699,75709,10
13.0288000107,80.2309799194,75709,75719,10
13.0281600952,80.2310409546,75719,75729,10
13.0277395248,80.2311019897,75729,75739,10
13.0276002884,80.2313766479,75739,75749,10
13.0276699066,80.2320175171,75749,75759,10
13.0277795792,80.2324981689,75759,75770,11
13.0276203156,80.2328872681,75770,75780,10
13.027009964,80.2330093384,75780,75830,50
13.027009964,80.2330093384,75830,75840,10
13.0268001556,80.2330627441,75840,75850,10
13.0264902115,80.2331008911,75850,75860,10
13.0262002945,80.2326431274,75860,75870,10
13.0260295868,80.231918335,75870,75881,11
13.0257997513,80.2310409546,75881,75891,10
13.0254402161,80.2302703857,75891,75901,10
13.0250396729,80.2296981812,75901,75911,10
13.0246601105,80.2292404175,75911,75921,10
13.0240602493,80.2285232544,75921,75941,20
13.0240602493,80.2285232544,75941,75951,10
13.0239601135,80.2283782959,75951,75961,10
13.0237398148,80.2280807495,75961,75971,10
13.0234003067,80.2277374268,75971,75981,10
13.0230197906,80.2273406982,75981,75992,11
13.0224399567,80.2267990112,75992,76002,10
13.0217695236,80.2262268066,76002,76012,10
13.0209703445,80.2256164551,76012,76022,10
13.020359993,80.2251968384,76022,76032,10
13.0201101303,80.2250595093,76032,76042,10
13.0199899673,80.2249832153,76042,76052,10
13.0196399689,80.2247390747,76052,76062,10
13.0190696716,80.2245407104,76062,76072,10
13.018239975,80.2247467041,76072,76082,10
13.017250061,80.225151062,76082,76092,10
13.0165700912,80.225440979,76092,76103,11
13.0162601471,80.2255630493,76103,76113,10
13.01583004,80.2257080078,76113,76123,10
13.0152997971,80.2259063721,76123,76133,10
13.0147600174,80.2261428833,76133,76143,10
13.0143299103,80.2263031006,76143,76153,10
13.0142498016,80.2263183594,76153,76163,10
13.0137796402,80.2265014648,76163,76173,10
13.0130500793,80.2267837524,76173,76189,16
13.0116596222,80.2273406982,76189,76201,12
13.0103998184,80.2278289795,76201,76209,8
13.0095996857,80.2281570435,76209,76221,12
13.0089597702,80.2292175293,76221,76232,11
13.0087003708,80.2304229736,76232,76242,10
13.0084695816,80.2314987183,76242,76252,10
13.0082798004,80.2326583862,76252,76262,10
13.0081701279,80.2335205078,76262,76272,10
13.0081501007,80.2336273193,76272,76282,10
13.0080299377,80.2340621948,76282,76292,10
13.0079097748,80.2346572876,76292,76302,10
13.0078001022,80.235206604,76302,76312,10
13.0076398849,80.2359390259,76312,76322,10
13.0074796677,80.2367477417,76322,76332,10
13.0072898865,80.237663269,76332,76343,11
13.0071001053,80.2387466431,76343,76353,10
13.0069704056,80.2395019531,76353,76362,9
13.0068798065,80.239906311,76362,76413,51
13.0068798065,80.239906311,76413,76423,10
13.0069198608,80.2400588989,76423,76433,10
13.006819725,80.2405014038,76433,76444,11
13.0066404343,80.2413787842,76444,76454,10
13.0066404343,80.2425384521,76454,76464,10
13.0066003799,80.2436599731,76464,76474,10
13.0066003799,80.2447433472,76474,76483,9
13.0066099167,80.2456512451,76483,76494,11
13.0066404343,80.2465286255,76494,76504,10
13.0066699982,80.2471008301,76504,76514,10
13.006649971,80.2478485107,76514,76524,10
13.0066995621,80.2488632202,76524,76534,10
13.0068101883,80.2496414185,76534,76545,11
13.0068302155,80.2497024536,76545,76555,10
13.0067796707,80.2501983643,76555,76564,9
13.0067796707,80.2509231567,76564,76575,11
13.0067396164,80.2515716553,76575,76585,10
13.0067396164,80.2515869141,76585,76595,10
13.0067396164,80.2516174316,76595,76605,10
13.0066299438,80.2520370483,76605,76615,10
13.0065097809,80.2526397705,76615,76625,10
13.0065002441,80.2535018921,76625,76635,10
13.0065698624,80.2549972534,76635,76656,21
13.0065698624,80.2549972534,76656,76666,10
13.0065402985,80.2554321289,76666,76676,10
13.0065498352,80.2561569214,76676,76686,10
13.0065898895,80.2573394775,76686,76767,81
13.0065898895,80.2573394775,76767,76777,10
13.0066404343,80.2574234009,76777,76787,10
13.0064096451,80.2576828003,76787,76797,10
13.0058097839,80.2574920654,76797,76807,10
13.0051603317,80.2573394775,76807,76817,10
13.0043802261,80.2571563721,76817,76827,10
13.0035600662,80.256980896,76827,76837,10
13.0029296875,80.2568588257,76837,76847,10
13.0023002625,80.2567367554,76847,76857,10
13.0017595291,80.2566375732,76857,76867,10
13.0017004013,80.2566223145,76867,76878,11
13.0012102127,80.2565689087,76878,76888,10
13.0005197525,80.2564620972,76888,76898,10
13.0000600815,80.256401062,76898,76907,9
12.9999599457,80.2563705444,76907,76918,11
12.9995603561,80.2562713623,76918,76928,10
12.9994001389,80.2562332153,76928,76938,10
12.9989299774,80.2561416626,76938,76948,10
12.9983100891,80.2560424805,76948,76958,10
12.997759819,80.2559814453,76958,76968,10
12.9974298477,80.2559814453,76968,76978,10
12.997420311,80.2559814453,76978,76988,10
12.9971599579,80.2559509277,76988,76999,11
12.9968500137,80.2562026978,76999,77009,10
12.9967803955,80.2568664551,77009,77019,10
12.9967803955,80.2570266724,77019,77029,10
12.9968004227,80.2571029663,77029,77039,10
12.9967403412,80.2575836182,77039,77049,10
12.9966602325,80.2583389282,77049,77059,10
12.9965801239,80.2591094971,77059,77069,10
12.9965496063,80.2593231201,77069,77079,10
12.9965200424,80.2594604492,77079,77089,10
12.9964704514,80.2597579956,77089,77100,11
12.9964103699,80.2604675293,77100,77110,10
12.996339798,80.2612075806,77110,77120,10
12.9962596893,80.2619094849,77120,77130,10
12.9962301254,80.2622833252,77130,77140,10
12.996219635,80.2623977661,77140,77150,10
12.9961500168,80.2627563477,77150,77160,10
12.9960803986,80.263343811,77160,77170,10
12.9960203171,80.263999939,77170,77180,10
12.9959201813,80.2648773193,77180,77190,10
12.9958200455,80.2658004761,77190,77200,10
12.9957103729,80.2667236328,77200,77210,10
12.9956502914,80.267578125,77210,77221,11
12.9960603714,80.2677612305,77221,77231,10
12.9961099625,80.2677688599,77231,77241,10
12.996339798,80.267791748,77241,77251,10
12.9968099594,80.2677764893,77251,77261,10
12.9973602295,80.267616272,77261,77271,10
12.9979295731,80.2674484253,77271,77281,10
12.9985599518,80.2672576904,77281,77291,10
12.9991903305,80.2670974731,77291,77301,10
12.9997596741,80.2668991089,77301,77311,10
13.0000200272,80.2666625977,77311,77321,10
13.000120163,80.266242981,77321,77332,11
13.0001602173,80.2657928467,77332,77342,10
13.0002803802,80.2657928467,77342,77352,10
13.0002403259,80.2660369873,77352,77362,10
13.000169754,80.266456604,77362,77382,20
13.000169754,80.266456604,77382,77392,10
13.0002403259,80.266746521,77392,77402,10
12.9999799728,80.2669372559,77402,77412,10
12.9993801117,80.2670974731,77412,77422,10
12.9985704422,80.2673187256,77422,77433,11
12.998000145,80.2674865723,77433,77443,10
12.997420311,80.2676315308,77443,77453,10
12.9967298508,80.267791748,77453,77463,10
12.9960803986,80.2677383423,77463,77473,10
12.9957199097,80.2677230835,77473,77483,10
12.9956703186,80.2673873901,77483,77493,10
12.9957199097,80.2667388916,77493,77503,10
12.9958000183,80.2659301758,77503,77513,10
12.995880127,80.2650604248,77513,77523,10
12.9959001541,80.2646408081,77523,77533,10
12.9959802628,80.2639694214,77533,77543,10
12.9960603714,80.2632675171,77543,77554,11
12.9960899353,80.2628097534,77554,77564,10
12.9961595535,80.2623901367,77564,77574,10
12.9961795807,80.26222229,77574,77584,10
12.996219635,80.261932373,77584,77594,10
12.9962902069,80.2615127563,77594,77604,10
12.9963903427,80.2606811523,77604,77614,10
12.9964704514,80.2599563599,77614,77624,10
12.9965000153,80.2594528198,77624,77634,10
12.9965600967,80.2589263916,77634,77644,10
12.9966402054,80.2581329346,77644,77655,11
12.9967603683,80.2571868896,77655,77665,10
12.9968004227,80.2566680908,77665,77675,10
12.9968099594,80.2566070557,77675,77685,10
12.9967803955,80.2565612793,77685,77745,60
12.9967803955,80.2565612793,77745,77761,16
12.9968900681,80.2562484741,77761,77774,13
12.997130394,80.2558898926,77774,77784,10
12.9975996017,80.2559204102,77784,77794,10
12.998290062,80.2559814453,77794,77804,10
12.9985599518,80.2560195923,77804,77814,10
12.9987401962,80.2560424805,77814,77824,10
12.9988803864,80.2560806274,77824,77844,20
12.9988803864,80.2560806274,77844,77854,10
12.9990100861,80.2560806274,77854,77863,9
12.9992799759,80.2561416626,77863,77873,10
12.9996995926,80.2562332153,77873,77885,12
13.0002603531,80.2563323975,77885,77895,10
13.0008001328,80.2564315796,77895,77905,10
13.0011997223,80.2565078735,77905,77915,10
13.0017499924,80.2566223145,77915,77925,10
13.0023403168,80.2567214966,77925,77935,10
13.0029497147,80.2568283081,77935,77945,10
13.0036096573,80.2569580078,77945,77955,10
13.0043201447,80.2570877075,77955,77965,10
13.0049495697,80.2572402954,77965,77975,10
13.0057401657,80.2573928833,77975,77985,10
13.0062503815,80.2574462891,77985,77996,11
13.0065202713,80.2572097778,77996,78006,10
13.0064897537,80.256401062,78006,78022,16
13.0065097809,80.2549819946,78022,78034,12
13.006480217,80.2540664673,78034,78044,10
13.0065002441,80.2538604736,78044,78053,9
13.0065202713,80.2536392212,78053,78084,31
13.0065202713,80.2536392212,78084,78094,10
13.0065097809,80.2532424927,78094,78115,21
13.0065097809,80.2532424927,78115,78125,10
13.0064897537,80.2528610229,78125,78135,10
13.0065002441,80.2524795532,78135,78145,10
13.0065202713,80.2524337769,78145,78155,10
13.0065402985,80.2523422241,78155,78165,10
13.0066099167,80.2518920898,78165,78175,10
13.0067195892,80.2511825562,78175,78185,10
13.0067300797,80.2502975464,78185,78195,10
13.0067195892,80.2494277954,78195,78205,10
13.0066299438,80.2483596802,78205,78256,51
13.0066299438,80.2483596802,78256,78266,10
13.0066204071,80.2481536865,78266,78276,10
13.0066204071,80.247718811,78276,78286,10
13.0066699982,80.2470703125,78286,78296,10
13.006649971,80.2461395264,78296,78306,10
13.0066299438,80.2450866699,78306,78316,10
13.0066099167,80.2445373535,78316,78327,11
13.0065803528,80.2439422607,78327,78337,10
13.0065603256,80.2433395386,78337,78347,10
13.0065402985,80.2425613403,78347,78356,9
13.0065402985,80.2416915894,78356,78367,11
13.0065498352,80.2409286499,78367,78377,10
13.0066099167,80.2405700684,78377,78387,10
13.0066699982,80.2402572632,78387,78397,10
13.0068798065,80.2393798828,78397,78407,10
13.0070695877,80.238319397,78407,78417,10
13.0072603226,80.2375488281,78417,78427,10
13.0073404312,80.2368392944,78427,78438,11
13.0073795319,80.2367172241,78438,78448,10
13.0075101852,80.236289978,78448,78458,10
13.0076599121,80.2355804443,78458,78468,10
13.0077295303,80.2351989746,78468,78478,10
13.0078201294,80.2347488403,78478,78488,10
13.0080003738,80.2339172363,78488,78498,10
13.0082197189,80.2327804565,78498,78508,10
13.008480072,80.2315368652,78508,78518,10
13.0087099075,80.2302703857,78518,78528,10
13.0089197159,80.2292709351,78528,78538,10
13.0092802048,80.2278366089,78538,78549,11
13.0098304749,80.2266235352,78549,78559,10
13.0103597641,80.2256011963,78559,78569,10
13.0107698441,80.2246627808,78569,78579,10
13.0111703873,80.2237091064,78579,78589,10
13.0115404129,80.2228164673,78589,78599,10
13.0117702484,80.2220077515,78599,78609,10
13.0121297836,80.2214431763,78609,78619,10
13.0124998093,80.221786499,78619,78628,9
13.012840271,80.2222671509,78628,78638,10
13.0133199692,80.2228088379,78638,78649,11
13.0139102936,80.2234725952,78649,78660,11
13.0144195557,80.2241210938,78660,78670,10
13.0150403976,80.2247772217,78670,78680,10
13.0156803131,80.2252807617,78680,78690,10
13.0166501999,80.2252883911,78690,78700,10
13.0177097321,80.2248535156,78700,78710,10
13.0187397003,80.2244567871,78710,78720,10
13.0196504593,80.2245483398,78720,78730,10
13.0202598572,80.224937439,78730,78740,10
13.0206604004,80.2252197266,78740,78750,10
13.020939827,80.225440979,78750,78760,10
13.0212602615,80.2257003784,78760,78771,11
13.0217399597,80.2260437012,78771,78781,10
13.0220003128,80.2262268066,78781,78791,10
13.0221796036,80.2263870239,78791,78801,10
13.0225601196,80.2267379761,78801,78811,10
13.0231103897,80.2272491455,78811,78821,10
13.0236997604,80.2277908325,78821,78831,10
13.0241699219,80.2282562256,78831,78841,10
13.024310112,80.2284393311,78841,78851,10
13.0245304108,80.2287521362,78851,78861,10
13.0248298645,80.2291870117,78861,78871,10
13.0252504349,80.2297286987,78871,78882,11
13.0257701874,80.2305526733,78882,78892,10
13.025970459,80.2310180664,78892,78902,10
13.0259799957,80.2310409546,78902,78912,10
13.02602005,80.2312088013,78912,78922,10
13.02602005,80.2312469482,78922,78932,10
13.0261001587,80.2313995361,78932,78942,10
13.0266504288,80.2312698364,78942,78952,10
13.0275602341,80.2310333252,78952,78962,10
13.028380394,80.2309188843,78962,78972,10
13.0290603638,80.2308578491,78972,78982,10
13.0293197632,80.2308425903,78982,78993,11
13.0299100876,80.2307815552,78993,79003,10
13.030670166,80.23072052,79003,79013,10
13.0312099457,80.230682373,79013,79023,10
13.0318803787,80.2306213379,79023,79033,10
13.0326499939,80.2305374146,79033,79043,10
13.0333595276,80.2304916382,79043,79053,10
13.0338802338,80.2304534912,79053,79063,10
13.034239769,80.2304229736,79063,79124,61
13.034239769,80.2304229736,79124,79134,10
13.034330368,80.2303771973,79134,79144,10
13.0346298218,80.2303390503,79144,79154,10
13.0348901749,80.2303771973,79154,79170,16
13.0349302292,80.2306594849,79170,79182,12
13.0348901749,80.2311096191,79182,79192,10
13.0348100662,80.2318572998,79192,79202,10
13.0346899033,80.2327804565,79202,79212,10
13.0346002579,80.2334136963,79212,79223,11
13.0344600677,80.2344436646,79223,79233,10
13.0343198776,80.2355575562,79233,79243,10
13.0342197418,80.2366027832,79243,79253,10
13.0342197418,80.2372131348,79253,79273,20
13.0342197418,80.2372131348,79273,79283,10
13.0343599319,80.2375183105,79283,79293,10
13.0346899033,80.2380828857,79293,79303,10
13.0350904465,80.2387619019,79303,79313,10
13.0354299545,80.2392730713,79313,79323,10
13.0359601974,80.2394180298,79323,79334,11
13.0368499756,80.2395172119,79334,79344,10
13.0376796722,80.2396087646,79344,79354,10
13.0383396149,80.2396774292,79354,79364,10
13.0389204025,80.2397384644,79364,79374,10
13.0395097733,80.2398300171,79374,79384,10
13.0400896072,80.2398910522,79384,79394,10
13.0402698517,80.2399368286,79394,79404,10
13.0403699875,80.2402191162,79404,79414,10
13.0404901505,80.2405014038,79414,79424,10
13.0408802032,80.240562439,79424,79434,10
13.0410499573,80.2405776978,79434,79445,11
13.0416002274,80.2406463623,79445,79455,10
13.0422201157,80.240737915,79455,79465,10
13.0427503586,80.2407989502,79465,79475,10
13.0431804657,80.2408676147,79475,79485,10
13.043800354,80.2409362793,79485,79495,10
13.0443201065,80.2407531738,79495,79505,10
13.0448799133,80.2403564453,79505,79515,10
13.0454998016,80.2399520874,79515,79525,10
13.0459804535,80.2396011353,79525,79535,10
13.0461902618,80.2395172119,79535,79546,11
13.0465602875,80.2396011353,79546,79556,10
13.0467700958,80.2396621704,79556,79566,10
13.0473203659,80.2397918701,79566,79576,10
13.0481100082,80.2399520874,79576,79586,10
13.0488300323,80.2400970459,79586,79596,10
13.0495595932,80.2402267456,79596,79606,10
13.0501003265,80.2403488159,79606,79616,10
13.0506496429,80.2404708862,79616,79626,10
13.0512199402,80.2405776978,79626,79636,10
13.0518398285,80.2406997681,79636,79645,9
13.0522499084,80.2407989502,79645,79655,10
13.0524396896,80.2409133911,79655,79667,12
13.0525798798,80.2414627075,79667,79677,10
13.0528697968,80.2417831421,79677,79687,10
13.053319931,80.2419586182,79687,79697,10
13.0538396835,80.2422027588,79697,79707,10
13.0539197922,80.2422332764,79707,79717,10
13.0543498993,80.2423400879,79717,79727,10
13.0550899506,80.2422714233,79727,79737,10
13.0558204651,80.2423095703,79737,79747,10
13.0563697815,80.2425765991,79747,79757,10
13.0567998886,80.2426300049,79757,79766,9
13.0571498871,80.2428207397,79766,79778,12
13.0576400757,80.2427978516,79778,79788,10
13.0579004288,80.242767334,79788,79798,10
13.0585098267,80.2426300049,79798,79808,10
13.0592603683,80.2425079346,79808,79818,10
13.0599803925,80.2427062988,79818,79828,10
13.0606403351,80.2429428101,79828,79838,10
13.061050415,80.2430877686,79838,79848,10
13.0614099503,80.2431793213,79848,79858,10
13.0619802475,80.243270874,79858,79868,10
13.0624599457,80.2433395386,79868,79878,10
13.0626802444,80.2433776855,79878,79894,16
13.0637397766,80.243522644,79894,79907,13
13.064620018,80.2435379028,79907,79917,10
13.0656099319,80.2434997559,79917,79937,20
13.0656099319,80.2434997559,79937,79947,10
13.0656795502,80.2434768677,79947,79957,10
13.0660600662,80.2434310913,79957,79967,10
13.0664396286,80.2433166504,79967,79976,9
13.0669698715,80.2431411743,79976,79986,10
13.0677099228,80.2427978516,79986,79998,12
13.0685997009,80.2425384521,79998,80008,10
13.0689897537,80.2423706055,80008,80018,10
13.069439888,80.2422180176,80018,80028,10
13.069899559,80.2420883179,80028,80038,10
13.0699701309,80.2420806885,80038,80048,10
13.070400238,80.2419967651,80048,80058,10
13.0710201263,80.2417907715,80058,80068,10
13.0718002319,80.2414627075,80068,80078,10
13.0726604462,80.2409210205,80078,80088,10
13.0734300613,80.2406768799,80088,80098,10
13.074139595,80.2405090332,80098,80109,11
13.0752000809,80.2404937744,80109,80119,10
13.0761203766,80.2404785156,80119,80129,10
13.0768098831,80.2405776978,80129,80139,10
13.0770998001,80.2402191162,80139,80149,10
13.0769195557,80.2394180298,80149,80159,10
13.0766801834,80.2385406494,80159,80175,16
13.0764598846,80.2377319336,80175,80187,12
13.076379776,80.2373123169,80187,80195,8
13.0763902664,80.2372207642,80195,80207,12
13.0762701035,80.2365493774,80207,80217,10
13.0761604309,80.2357177734,80217,80228,11
13.0758895874,80.2345123291,80228,80238,10
13.0759096146,80.2338180542,80238,80248,10
13.0765304565,80.2337188721,80248,80258,10
13.0767498016,80.2336730957,80258,80268,10
13.0770597458,80.2336425781,80268,80278,10
13.0775899887,80.2335662842,80278,80288,10
13.0786399841,80.2335205078,80288,80298,10
13.0794897079,80.2334976196,80298,80307,9
13.0801696777,80.2334899902,80307,80318,11
13.0804004669,80.2334976196,80318,80329,11
13.0808696747,80.2335205078,80329,80339,10
13.0816698074,80.233543396,80339,80349,10
13.0819997787,80.2332305908,80349,80359,10
13.0821399689,80.2325134277,80359,80369,10
13.0824203491,80.2316970825,80369,80379,10
13.0827798843,80.230796814,80379,80389,10
13.0830898285,80.2308425903,80389,80399,10
13.08314991,80.2316513062,80399,80409,10
13.0832595825,80.2326507568,80409,80419,10
13.083439827,80.2333602905,80419,80429,10
13.0834703445,80.2335662842,80429,80440,11
13.0835599899,80.2338485718,80440,80450,10
13.0840301514,80.2340011597,80450,80460,10
13.0845003128,80.2341079712,80460,80470,10
13.0851097107,80.2342376709,80470,80480,10
13.085650444,80.2343826294,80480,80490,10
13.0862398148,80.2344970703,80490,80500,10
13.0867900848,80.2345809937,80500,80510,10
13.0874795914,80.2345809937,80510,80520,10
13.0878801346,80.2340774536,80520,80536,16
13.088139534,80.232711792,80536,80548,12
13.0884799957,80.2314605713,80548,80559,11
13.0888395309,80.2305831909,80559,80569,10
13.0889196396,80.2304077148,80569,80579,10
13.0891599655,80.2299423218,80579,80589,10
13.0895204544,80.2293395996,80589,80599,10
13.0904197693,80.2283401489,80599,80609,10
13.090929985,80.2277832031,80609,80619,10
13.0912504196,80.2274169922,80619,80629,10
13.0912904739,80.2273788452,80629,80639,10
13.0915803909,80.2270812988,80639,80649,10
13.0920295715,80.2266082764,80649,80659,10
13.0925703049,80.2260971069,80659,80670,11
13.0931997299,80.2254486084,80670,80681,11
13.0936403275,80.224937439,80681,80691,10
13.0941495895,80.2242889404,80691,80701,10
13.0947799683,80.2234191895,80701,80711,10
13.0951004028,80.2227096558,80711,80721,10
13.0951900482,80.2225036621,80721,80731,10
13.0954399109,80.2219161987,80731,80741,10
13.0957202911,80.2211608887,80741,80751,10
13.0959796906,80.2204437256,80751,80761,10
13.0961799622,80.2198181152,80761,80772,11
13.0962696075,80.2194671631,80772,80782,10
13.0963602066,80.2192382813,80782,80822,40
13.0963602066,80.2192382813,80822,80832,10
13.0965003967,80.2189483643,80832,80842,10
13.0967102051,80.2183303833,80842,80852,10
13.0969696045,80.2175369263,80852,80862,10
13.0971298218,80.2170410156,80862,80872,10
13.0972299576,80.216796875,80872,80883,11
13.0975599289,80.2160263062,80883,80893,10
13.097990036,80.2150192261,80893,80903,10
13.098400116,80.2140808105,80903,80913,10
13.098859787,80.2140808105,80913,80923,10
13.0994300842,80.2142791748,80923,80933,10
13.0999603271,80.2144165039,80933,80943,10
13.1002197266,80.2145004272,80943,80953,10
13.1003103256,80.2145462036,80953,80963,10
13.1003904343,80.2145690918,80963,80973,10
13.1004695892,80.2145690918,80973,80983,10
13.1005401611,80.2148132324,80983,80994,11
13.1002702713,80.2154312134,80994,81004,10
13.0999698639,80.2161178589,81004,81014,10
13.0996799469,80.2168502808,81014,81024,10
13.0994901657,80.2176513672,81024,81034,10
13.099360466,80.2184295654,81034,81044,10
13.0992603302,80.2190475464,81044,81054,10
13.0992097855,80.2193832397,81054,81064,10
13.0991201401,80.219909668,81064,81074,10
13.0990200043,80.2203979492,81074,81084,10
13.0988702774,80.2211685181,81084,81094,10
13.0987501144,80.2220077515,81094,81105,11
13.0987997055,80.2229614258,81105,81115,10
13.0992898941,80.2236404419,81115,81125,10
13.099650383,80.2243728638,81125,81135,10
13.0998296738,80.2250289917,81135,81145,10
13.0999202728,80.2257003784,81145,81155,10
13.1000099182,80.2264099121,81155,81165,10
13.1000299454,80.2272109985,81165,81175,10
13.1000003815,80.2279891968,81175,81185,10
13.0998897552,80.2287063599,81185,81195,10
13.099820137,80.2291870117,81195,81205,10
13.0996904373,80.2298431396,81205,81216,11
13.0994796753,80.2306594849,81216,81226,10
13.0992298126,80.2312316895,81226,81236,10
13.0989904404,80.2318115234,81236,81246,10
13.0988903046,80.2319869995,81246,81256,10
13.0987901688,80.2324295044,81256,81266,10
13.0986604691,80.233039856,81266,81276,10
13.0985498428,80.2337417603,81276,81286,10
13.0984802246,80.23462677,81286,81296,10
13.0983600616,80.235496521,81296,81306,10
13.0982398987,80.2362213135,81306,81316,10
13.0981302261,80.2368927002,81316,81327,11
13.0979995728,80.2375411987,81327,81337,10
13.0978603363,80.2382507324,81337,81347,10
13.0977602005,80.2390213013,81347,81357,10
13.0976800919,80.2398376465,81357,81367,10
13.0976200104,80.2406311035,81367,81377,10
13.0975399017,80.2413482666,81377,81387,10
13.0974798203,80.241859436,81387,81407,20
13.0974798203,80.241859436,81407,81417,10
13.0974597931,80.2420196533,81417,81427,10
13.0977602005,80.2422409058,81427,81437,10
13.0982198715,80.2423019409,81437,81448,11
13.0984802246,80.2423095703,81448,81458,10
13.0986700058,80.2422332764,81458,81468,10
13.098739624,80.2419967651,81468,81478,10
13.0987997055,80.2416915894,81478,81488,10
13.0988302231,80.2414474487,81488,81498,10
13.0988302231,80.2414321899,81498,81508,10
13.0989999771,80.2410202026,81508,83304,1796
13.0989999771,80.2410202026,83304,83314,10
13.0990400314,80.2408065796,83314,83325,11
13.0990896225,80.2404632568,83325,83335,10
13.0991001129,80.2401428223,83335,83345,10
13.0988998413,80.2404098511,83345,83647,302
13.0988998413,80.2404098511,83647,83657,10
13.0989198685,80.2405471802,83657,83668,11
13.0990400314,80.2408294678,83668,83678,10
