12.9864997864,80.2596282959,14,2080,2066
12.9865598679,80.2595977783,2080,2535,455
12.9866504669,80.2596588135,2535,2718,183
12.9867200851,80.2596511841,2718,5798,3080
12.986579895,80.2595596313,5798,6800,1002
12.9866399765,80.2598495483,6800,6993,193
12.9866104126,80.2596817017,6993,8309,1316
12.9866104126,80.2595672607,8309,9707,1398
12.9864797592,80.2595977783,9707,10314,607
12.9866304398,80.2595062256,10314,12289,1975
12.9865999222,80.2595672607,12289,15063,2774
12.9866895676,80.2596969604,15063,15499,436
12.9866504669,80.2595596313,15499,18395,2896
12.9867401123,80.2596435547,18395,18496,101
12.9866695404,80.2595596313,18496,18891,395
12.9866695404,80.2595596313,18891,18901,10
12.9868803024,80.2595214844,18901,18911,10
12.9870595932,80.2595214844,18911,18921,10
12.9872398376,80.2595596313,18921,18932,11
12.9873504639,80.2593231201,18932,18952,20
12.9873504639,80.2593231201,18952,18962,10
12.9873800278,80.2589111328,18962,18972,10
12.9874000549,80.2585906982,18972,18982,10
12.9874000549,80.2585830688,18982,18992,10
12.9874095917,80.2584075928,18992,19002,10
12.9874200821,80.2581100464,19002,19013,11
12.9874296188,80.2579193115,19013,19023,10
12.9874401093,80.2575683594,19023,19742,719
12.9874401093,80.2575683594,19742,19752,10
12.9874801636,80.2571182251,19752,19762,10
12.9875402451,80.2564468384,19762,19772,10
12.9875402451,80.2557373047,19772,19782,10
12.987039566,80.2556381226,19782,19793,11
12.986240387,80.2555084229,19793,19803,10
12.9860696793,80.2554779053,19803,19814,11
12.9858102798,80.2554397583,19814,19824,10
12.9852304459,80.2553024292,19824,19834,10
12.9843997955,80.2550964355,19834,19843,9
12.9834003448,80.2548370361,19843,19854,11
12.9823598862,80.2545776367,19854,19864,10
12.981880188,80.253868103,19864,19874,10
12.9816398621,80.2529602051,19874,19884,10
12.9806499481,80.2528076172,19884,19895,11
12.9792203903,80.2527008057,19895,19905,10
12.977930069,80.2521209717,19905,19915,10
12.976559639,80.2512664795,19915,19925,10
12.9749202728,80.250793457,19925,19935,10
12.973279953,80.2503433228,19935,19945,10
12.9716300964,80.2499084473,19945,19955,10
12.970000267,80.2494125366,19955,19965,10
12.9684200287,80.2487792969,19965,19976,11
12.9668502808,80.2481231689,19976,19986,10
12.9656600952,80.2475585938,19986,19996,10
12.9645004272,80.2471466064,19996,20006,10
12.9632501602,80.2466201782,20006,20016,10
12.9618501663,80.2459335327,20016,20026,10
12.9604196548,80.2452468872,20026,20036,10
12.9593000412,80.2448120117,20036,20046,10
12.9592399597,80.2447814941,20046,20057,11
12.9588298798,80.2445373535,20057,20067,10
12.958029747,80.2442016602,20067,20077,10
12.9572296143,80.243888855,20077,20087,10
12.9563798904,80.243598938,20087,20097,10
12.9560403824,80.2434463501,20097,20107,10
12.9553203583,80.2431030273,20107,20117,10
12.9542398453,80.2426300049,20117,20127,10
12.9529304504,80.2421035767,20127,20138,11
12.9517002106,80.2416381836,20138,20148,10
12.950460434,80.2412261963,20148,20158,10
12.9491100311,80.2408065796,20158,20168,10
12.9483604431,80.2405319214,20168,20178,10
12.947429657,80.2401275635,20178,20188,10
12.9468202591,80.2398986816,20188,20198,10
12.9463996887,80.2397384644,20198,20208,10
12.9458398819,80.2394638062,20208,20219,11
12.9450798035,80.2389984131,20219,20229,10
12.9443101883,80.2381820679,20229,20239,10
12.9434099197,80.237197876,20239,20249,10
12.9423799515,80.2364807129,20249,20259,10
12.9410600662,80.2361373901,20259,20269,10
12.940199852,80.2359237671,20269,20279,10
12.9391002655,80.2354507446,20279,20289,10
12.9378595352,80.2348403931,20289,20300,11
12.9363203049,80.2340774536,20300,20310,10
12.934920311,80.2334136963,20310,20320,10
12.9334697723,80.232749939,20320,20330,10
12.9319295883,80.2321777344,20330,20340,10
12.9302997589,80.2316665649,20340,20350,10
12.9287796021,80.2313079834,20350,20360,10
12.9271402359,80.231086731,20360,20370,10
12.9259796143,80.2309875488,20370,20381,11
12.9258003235,80.2309570313,20381,20391,10
12.9251804352,80.2308883667,20391,20401,10
12.924200058,80.230796814,20401,20411,10
12.9230003357,80.2306365967,20411,20421,10
12.9216299057,80.230430603,20421,20431,10
12.920129776,80.2302398682,20431,20441,10
12.9186000824,80.2300415039,20441,20451,10
12.9170598984,80.2298278809,20451,20462,11
12.9153604507,80.2295837402,20462,20472,10
12.9139795303,80.2294006348,20472,20482,10
12.913189888,80.229309082,20482,20492,10
12.9129295349,80.2292633057,20492,20502,10
12.9121799469,80.2291564941,20502,20512,10
12.9111099243,80.2289810181,20512,20522,10
12.9098901749,80.2287826538,20522,20532,10
12.9085197449,80.228553772,20532,20543,11
12.9070501328,80.2283325195,20543,20553,10
12.906539917,80.2282714844,20553,20563,10
12.906080246,80.2282333374,20563,20573,10
12.9052000046,80.2281799316,20573,20583,10
12.9040603638,80.2281417847,20583,20593,10
12.9027996063,80.2280426025,20593,20603,10
12.9014997482,80.2279891968,20603,20613,10
12.9006595612,80.2279586792,20613,20624,11
12.8997297287,80.2279205322,20624,20644,20
12.8997297287,80.2279205322,20644,20654,10
12.8993902206,80.2278671265,20654,20664,10
12.8986101151,80.2278137207,20664,20674,10
12.8975095749,80.2277526855,20674,20684,10
12.8962097168,80.2276916504,20684,20694,10
12.8948001862,80.2276306152,20694,20705,11
12.8931503296,80.2274780273,20705,20715,10
12.8916196823,80.2273483276,20715,20725,10
12.8900499344,80.2273406982,20725,20735,10
12.8884296417,80.2273406982,20735,20745,10
12.8868999481,80.2271499634,20745,20755,10
12.8854598999,80.2268066406,20755,20765,10
12.8848199844,80.2267379761,20765,20775,10
12.8847999573,80.2267379761,20775,20786,11
12.8842897415,80.2267303467,20786,20796,10
12.8834199905,80.2267303467,20796,20806,10
12.8823003769,80.2267379761,20806,20816,10
12.8810195923,80.2267379761,20816,20826,10
12.8795900345,80.2267608643,20826,20836,10
12.8781604767,80.2268371582,20836,20846,10
12.8769102097,80.2269287109,20846,20856,10
12.8764295578,80.2269973755,20856,20867,11
12.8763799667,80.2269973755,20867,20877,10
12.8759202957,80.2270126343,20877,20887,10
12.875120163,80.2269363403,20887,20897,10
12.87403965,80.2267990112,20897,20907,10
12.873000145,80.2267379761,20907,20917,10
12.8727397919,80.2267379761,20917,20927,10
12.8726196289,80.2267303467,20927,20937,10
12.8719396591,80.2267074585,20937,20948,11
12.870880127,80.2266464233,20948,20958,10
12.8696203232,80.2265319824,20958,20968,10
12.868180275,80.2264175415,20968,20978,10
12.8666496277,80.2265625,20978,20988,10
12.8650999069,80.2266235352,20988,20998,10
12.8635597229,80.2265625,20998,21008,10
12.8620300293,80.2265777588,21008,21018,10
12.8611602783,80.2266311646,21018,21028,10
12.8610897064,80.2266387939,21028,21039,11
12.8604898453,80.2265777588,21039,21049,10
12.8595600128,80.2264404297,21049,21059,10
12.858499527,80.2263031006,21059,21069,10
12.8572797775,80.2263031006,21069,21079,10
12.855919838,80.2264404297,21079,21089,10
12.8545303345,80.2265777588,21089,21099,10
12.8531703949,80.2267227173,21099,21110,11
12.8516597748,80.2266693115,21110,21120,10
12.850399971,80.2266387939,21120,21130,10
12.8496398926,80.2266311646,21130,21140,10
12.8494901657,80.2266311646,21140,21150,10
12.848859787,80.2266235352,21150,21160,10
12.847869873,80.226600647,21160,21170,10
12.8466501236,80.2266082764,21170,21180,10
12.8455696106,80.2266235352,21180,21190,10
12.8452997208,80.2266387939,21190,21201,11
12.8452796936,80.2266387939,21201,21211,10
12.8449001312,80.2266616821,21211,21221,10
12.8441200256,80.2267227173,21221,21231,10
12.8430700302,80.2268829346,21231,21241,10
12.8418798447,80.2271194458,21241,21251,10
12.8407096863,80.227432251,21251,21261,10
12.8399496078,80.2276229858,21261,21271,10
12.8396902084,80.2276992798,21271,21282,11
12.839679718,80.2276992798,21282,21292,10
12.8395395279,80.227722168,21292,21302,10
12.8390598297,80.2278671265,21302,21312,10
12.8382101059,80.2280883789,21312,21322,10
12.8370895386,80.2283096313,21322,21332,10
12.8358097076,80.2284927368,21332,21342,10
12.8344497681,80.2287063599,21342,21352,10
12.8331604004,80.2289505005,21352,21363,11
12.8321695328,80.2291564941,21363,21373,10
12.832110405,80.2291793823,21373,21383,10
12.8319997787,80.2292098999,21383,21393,10
12.8314599991,80.2293319702,21393,21403,10
12.8305702209,80.229598999,21403,21413,10
12.8294095993,80.2300415039,21413,21423,10
12.8281898499,80.2306365967,21423,21433,10
12.8268995285,80.2312698364,21433,21444,11
12.8252801895,80.2314071655,21444,21454,10
12.8238096237,80.2311630249,21454,21464,10
12.8223495483,80.23072052,21464,21474,10
12.8209400177,80.23046875,21474,21484,10
12.8196496964,80.2304992676,21484,21494,10
12.8187198639,80.2304382324,21494,21504,10
12.8184299469,80.2303390503,21504,21514,10
12.8178701401,80.2300415039,21514,21525,11
12.8168096542,80.229598999,21525,21535,10
12.8155403137,80.2293777466,21535,21545,10
12.8141803741,80.2291564941,21545,21555,10
12.8128099442,80.2287597656,21555,21565,10
12.8114204407,80.2282409668,21565,21575,10
12.8100795746,80.2276992798,21575,21585,10
12.8088903427,80.2270431519,21585,21595,10
12.8077697754,80.2260971069,21595,21606,11
12.8066797256,80.225151062,21606,21616,10
12.8058395386,80.2244110107,21616,21626,10
12.8049898148,80.2240066528,21626,21636,10
12.8048601151,80.223991394,21636,21646,10
12.8044700623,80.2239379883,21646,21656,10
12.8037099838,80.2238769531,21656,21666,10
12.8026599884,80.2237625122,21666,21676,10
12.8014202118,80.2236099243,21676,21687,11
12.8008899689,80.2235870361,21687,21697,10
12.8005104065,80.2235565186,21697,21707,10
12.7997198105,80.2234802246,21707,21717,10
12.7986402512,80.2233886719,21717,21727,10
12.797419548,80.2232208252,21727,21737,10
12.7961597443,80.2229690552,21737,21747,10
12.7948799133,80.2227630615,21747,21757,10
12.7935695648,80.2225494385,21757,21768,11
12.792140007,80.2223205566,21768,21778,10
12.7909202576,80.222038269,21778,21788,10
12.789730072,80.2217407227,21788,21798,10
12.7888202667,80.2213821411,21798,21808,10
12.7878503799,80.2210083008,21808,21818,10
12.7870502472,80.2207107544,21818,21828,10
12.7863798141,80.2204589844,21828,21838,10
12.7863397598,80.220451355,21838,21849,11
12.7861099243,80.2204818726,21849,21859,10
12.7861404419,80.2209472656,21859,21869,10
12.786190033,80.2215194702,21869,21879,10
12.7862300873,80.221862793,21879,21889,10
12.7862596512,80.2220687866,21889,22365,476
12.7862596512,80.2220687866,22365,22375,10
12.7863197327,80.2221221924,22375,22385,10
12.7862796783,80.2218017578,22385,22395,10
12.786239624,80.221321106,22395,22405,10
12.786190033,80.2206268311,22405,22416,11
12.7863798141,80.2203826904,22416,22426,10
12.7864303589,80.2203979492,22426,22436,10
12.7866201401,80.2205123901,22436,22446,10
12.7871799469,80.2207336426,22446,22456,10
12.7879400253,80.2210083008,22456,22466,10
12.7888498306,80.2213668823,22466,22476,10
12.7898597717,80.2217330933,22476,22486,10
12.7909402847,80.2219924927,22486,22497,11
12.7923297882,80.2223205566,22497,22507,10
12.7937202454,80.2225494385,22507,22517,10
12.7952299118,80.2227783203,22517,22527,10
12.7967596054,80.2230529785,22527,22537,10
12.7982997894,80.2232971191,22537,22547,10
12.7998199463,80.2234268188,22547,22557,10
12.8011798859,80.2235412598,22557,22567,10
12.801609993,80.2235794067,22567,22578,11
12.8020401001,80.2236480713,22578,22588,10
12.8028402328,80.2237625122,22588,22598,10
12.8039398193,80.2238616943,22598,22608,10
12.8049602509,80.2239837646,22608,22618,10
12.805560112,80.2241363525,22618,22628,10
12.805729866,80.2242279053,22628,22638,10
12.8062200546,80.224647522,22638,22648,10
12.8069696426,80.2253189087,22648,22659,11
12.8079395294,80.2261199951,22659,22669,10
12.8089704514,80.2269821167,22669,22679,10
12.8101997375,80.2277069092,22679,22689,10
12.8115797043,80.2282562256,22689,22699,10
12.8130102158,80.228767395,22699,22709,10
12.814450264,80.2291793823,22709,22719,10
12.8158903122,80.2294006348,22719,22729,10
12.8173799515,80.2297286987,22729,22740,11
12.8187904358,80.2303771973,22740,22750,10
12.8198099136,80.2304763794,22750,22760,10
12.8210096359,80.2304534912,22760,22770,10
12.8224096298,80.2306671143,22770,22780,10
12.8238801956,80.2311019897,22780,22790,10
12.8252696991,80.2313919067,22790,22800,10
12.8267002106,80.231300354,22800,22810,10
12.8279600143,80.2307662964,22810,22821,11
12.8293399811,80.2300415039,22821,22831,10
12.8305397034,80.2295684814,22831,22841,10
12.8312397003,80.2292861938,22841,22851,10
12.8314599991,80.2292327881,22851,22861,10
12.8320503235,80.2290725708,22861,22871,10
12.8330097198,80.2288894653,22871,22881,10
12.8342599869,80.2286834717,22881,22891,10
12.8356199265,80.2284622192,22891,22902,11
12.8371601105,80.2282409668,22902,22912,10
12.8384895325,80.2279815674,22912,22922,10
12.8393297195,80.227722168,22922,22932,10
12.8395700455,80.2276306152,22932,22942,10
12.840180397,80.2274780273,22942,22952,10
12.8411397934,80.2272262573,22952,22962,10
12.8423299789,80.2269287109,22962,22972,10
12.8437204361,80.2266769409,22972,22983,11
12.8454999924,80.2265167236,22983,23003,20
12.8454999924,80.2265167236,23003,23013,10
12.8457098007,80.2265014648,23013,23023,10
12.8464002609,80.2265090942,23023,23033,10
12.8474302292,80.2265090942,23033,23043,10
12.8486499786,80.2265167236,23043,23053,10
12.8500204086,80.2265167236,23053,23064,11
12.8516302109,80.2265701294,23064,23074,10
12.8531799316,80.2266235352,23074,23084,10
12.8547496796,80.2264785767,23084,23094,10
12.8563604355,80.2263183594,23094,23104,10
12.8580102921,80.2261810303,23104,23114,10
12.859629631,80.2263412476,23114,23124,10
12.8607702255,80.2264785767,23124,23134,10
12.8608198166,80.2264785767,23134,23145,11
12.8612203598,80.2264785767,23145,23155,10
12.8620195389,80.2264709473,23155,23165,10
12.8631000519,80.2264404297,23165,23175,10
12.8643798828,80.2264785767,23175,23185,10
12.865819931,80.2265014648,23185,23195,10
12.8673095703,80.2263793945,23195,23205,10
12.8688497543,80.226348877,23205,23215,10
12.8704004288,80.2265396118,23215,23226,11
12.872010231,80.2266235352,23226,23236,10
12.8728704453,80.226600647,23236,23246,10
12.8729801178,80.226600647,23246,23256,10
12.873550415,80.2266235352,23256,23266,10
12.8744602203,80.2267074585,23266,23276,10
12.8755998611,80.2268371582,23276,23286,10
12.8765497208,80.226852417,23286,23296,10
12.8767499924,80.2268371582,23296,23307,11
12.8771600723,80.2268218994,23307,23317,10
12.877989769,80.2267532349,23317,23327,10
12.8791399002,80.2266769409,23327,23337,10
12.8803100586,80.2266616821,23337,23347,10
12.8813695908,80.2266616821,23347,23357,10
12.8825798035,80.2266387939,23357,23367,10
12.883890152,80.2266235352,23367,23377,10
12.884929657,80.2266311646,23377,23388,11
12.885140419,80.2266387939,23388,23398,10
12.8853797913,80.2267074585,23398,23408,10
12.8860397339,80.2268829346,23408,23418,10
12.8870201111,80.2271194458,23418,23428,10
12.8882598877,80.2273025513,23428,23438,10
12.8896598816,80.2273178101,23438,23448,10
12.8910102844,80.2273178101,23448,23458,10
12.8925800323,80.2273635864,23458,23469,11
12.8941698074,80.2275390625,23469,23479,10
12.89564991,80.2276077271,23479,23489,10
12.8971796036,80.2276687622,23489,23499,10
12.8986701965,80.2277603149,23499,23509,10
12.8999996185,80.2278366089,23509,23519,10
12.9007196426,80.2278671265,23519,23560,41
12.9007196426,80.2278671265,23560,23570,10
12.9009504318,80.2278823853,23570,23580,10
12.9014501572,80.2279205322,23580,23590,10
12.9022598267,80.2279281616,23590,23600,10
12.9028701782,80.2279586792,23600,23610,10
12.9029302597,80.2279586792,23610,23620,10
12.9033498764,80.228012085,23620,23631,11
12.9042701721,80.2280578613,23631,23641,10
12.9054498672,80.2281265259,23641,23651,10
12.9066801071,80.2282028198,23651,23661,10
12.9070396423,80.2282333374,23661,23671,10
12.9074001312,80.2282791138,23671,23681,10
12.908200264,80.2284011841,23681,23691,10
12.9093904495,80.2285995483,23691,23701,10
12.910900116,80.2288513184,23701,23712,11
12.912730217,80.2291030884,23712,23722,10
12.9138202667,80.2292480469,23722,23732,10
12.9139795303,80.2292709351,23732,23742,10
12.9142904282,80.2293167114,23742,23752,10
12.9150400162,80.2294311523,23752,23762,10
12.9161195755,80.2295837402,23762,23772,10
12.9175300598,80.2297821045,23772,23782,10
12.9191503525,80.2300186157,23782,23793,11
12.920999527,80.2302474976,23793,23803,10
12.9226799011,80.2304992676,23803,23813,10
12.9243602753,80.2307434082,23813,23823,10
12.9259796143,80.2309265137,23823,23833,10
12.9275903702,80.2311325073,23833,23843,10
12.9292697906,80.2313766479,23843,23853,10
12.9309196472,80.2317962646,23853,23863,10
12.9324502945,80.2322998047,23863,23874,11
12.9335403442,80.2326812744,23874,23884,10
12.9335603714,80.2326812744,23884,23894,10
12.9338703156,80.2328414917,23894,23904,10
12.9345703125,80.2331695557,23904,23914,10
12.9356098175,80.2336502075,23914,23924,10
12.9368495941,80.2342224121,23924,23934,10
12.9382696152,80.234916687,23934,23944,10
12.9394302368,80.2354736328,23944,23955,11
12.9398498535,80.2356491089,23955,23965,10
12.9400196075,80.2357330322,23965,23975,10
12.9406604767,80.2359313965,23975,23985,10
12.941619873,80.2361831665,23985,23995,10
12.9428195953,80.2365722656,23995,24005,10
12.9439001083,80.2375183105,24005,24015,10
12.9447603226,80.2385025024,24015,24025,10
12.946390152,80.2396011353,24025,24036,11
12.9474401474,80.2399978638,24036,24046,10
12.9474802017,80.240020752,24046,24056,10
12.9479398727,80.2402191162,24056,24066,10
12.9486598969,80.2405319214,24066,24076,10
12.9493103027,80.2407913208,24076,24086,10
12.9502096176,80.2410812378,24086,24096,10
12.9509496689,80.241317749,24096,24106,10
12.9523000717,80.2417678833,24106,24117,11
12.953669548,80.2423095703,24117,24127,10
12.9546003342,80.24269104,24127,24137,10
12.9554796219,80.243019104,24137,24147,10
12.9562301636,80.2432479858,24147,24157,10
12.9563798904,80.243347168,24157,24177,20
12.9563798904,80.243347168,24177,24187,10
12.9566001892,80.2434463501,24187,24198,11
12.9573001862,80.2437591553,24198,24208,10
12.9582595825,80.2441635132,24208,24218,10
12.9590196609,80.244430542,24218,24228,10
12.9592199326,80.2445068359,24228,24238,10
12.9597997665,80.2448196411,24238,24248,10
12.9604902267,80.2451171875,24248,24258,10
12.961810112,80.2457504272,24258,24268,10
12.9629201889,80.2462997437,24268,24279,11
12.9636497498,80.2466430664,24279,24289,10
12.9643697739,80.2469406128,24289,24299,10
12.9653997421,80.2472915649,24299,24309,10
12.9667396545,80.2477798462,24309,24329,20
12.9667396545,80.2477798462,24329,24339,10
12.9668397903,80.2478713989,24339,24349,10
12.9672803879,80.2481231689,24349,24360,11
12.9681901932,80.2484817505,24360,24370,10
12.9692697525,80.2488479614,24370,24380,10
12.970199585,80.2492370605,24380,24390,10
12.971159935,80.2496185303,24390,24400,10
12.9723796844,80.2499465942,24400,24410,10
12.9736700058,80.2502975464,24410,24420,10
12.9750404358,80.2506713867,24420,24430,10
12.9764404297,80.2510986328,24430,24440,10
12.9777603149,80.251701355,24440,24451,11
12.9784898758,80.2522735596,24451,24461,10
12.9785499573,80.2522964478,24461,24471,10
12.9788799286,80.252456665,24471,24481,10
12.9798402786,80.2526473999,24481,24501,20
12.9798402786,80.2526473999,24501,24511,10
12.9799804688,80.2526779175,24511,24522,11
12.9806203842,80.2526626587,24522,24532,10
12.9815397263,80.2526321411,24532,24542,10
12.9827604294,80.2525863647,24542,24552,10
12.9841403961,80.2523422241,24552,24562,10
12.9855499268,80.251953125,24562,24572,10
12.9867801666,80.2516326904,24572,24582,10
12.9876003265,80.2513580322,24582,24592,10
12.9884195328,80.2511825562,24592,24602,10
12.9892997742,80.2509384155,24602,24613,11
12.9893903732,80.2509231567,24613,24623,10
12.9897203445,80.250831604,24623,24633,10
12.9904403687,80.2506484985,24633,24643,10
12.9914503098,80.2503967285,24643,24653,10
12.992600441,80.2501525879,24653,24663,10
12.9938497543,80.2498168945,24663,24673,10
12.9950895309,80.2495193481,24673,24682,9
12.9963598251,80.2491607666,24682,24694,12
12.9978599548,80.2488021851,24694,24704,10
12.9992799759,80.2484512329,24704,24714,10
13.0007400513,80.2480926514,24714,24724,10
13.0021696091,80.2477264404,24724,24734,10
13.0035495758,80.247467041,24734,24744,10
13.0048904419,80.2472763062,24744,24754,10
13.006070137,80.2469787598,24754,24764,10
13.006480217,80.2465362549,24764,24775,11
13.0065202713,80.2464370728,24775,24785,10
13.0066204071,80.2459182739,24785,24795,10
13.0066404343,80.2451019287,24795,24805,10
13.006649971,80.2440490723,24805,24815,10
13.0066204071,80.2430801392,24815,24825,10
13.0065898895,80.2418899536,24825,24835,10
13.0066995621,80.2407836914,24835,24845,10
13.0067195892,80.2403411865,24845,24856,11
13.0067396164,80.2402267456,24856,24866,10
13.0068397522,80.2397384644,24866,24876,10
13.0069599152,80.2389602661,24876,24886,10
13.0071897507,80.2378692627,24886,24896,10
13.007349968,80.236907959,24896,24906,10
13.0073795319,80.2367095947,24906,24916,10
13.0074195862,80.2365722656,24916,24926,10
13.0075397491,80.2362289429,24926,24937,11
13.0077199936,80.2354278564,24937,24947,10
13.0079202652,80.2343978882,24947,24957,10
13.0081701279,80.2331619263,24957,24967,10
13.0084495544,80.2317276001,24967,24977,10
13.0087404251,80.23021698,24977,24987,10
13.0089702606,80.2289810181,24987,24997,10
13.0095396042,80.2272415161,24997,25007,10
13.0101900101,80.2258834839,25007,25018,11
13.0108098984,80.2245635986,25018,25028,10
13.0111999512,80.2236785889,25028,25038,10
13.0114898682,80.2229614258,25038,25048,10
13.0117702484,80.2221069336,25048,25058,10
13.0122003555,80.2214431763,25058,25068,10
13.0125598907,80.221862793,25068,25078,10
13.0131101608,80.2225265503,25078,25088,10
13.0137796402,80.2232818604,25088,25099,11
13.0144300461,80.2239837646,25099,25109,10
13.0150995255,80.2246704102,25109,25119,10
13.0156402588,80.2251205444,25119,25129,10
13.0156803131,80.2251281738,25129,25139,10
13.0158700943,80.2252502441,25139,25149,10
13.0165100098,80.2253036499,25149,25159,10
13.0174398422,80.2249679565,25159,25169,10
13.018289566,80.2246170044,25169,25180,11
13.0197000504,80.2244796753,25180,25210,30
13.0197000504,80.2244796753,25210,25220,10
13.0198802948,80.2245788574,25220,25230,10
13.0201597214,80.2248077393,25230,25240,10
13.0205202103,80.2250823975,25240,25250,10
13.0209703445,80.2254180908,25250,25261,11
13.0214195251,80.2258071899,25261,25271,10
13.0219497681,80.2261962891,25271,25281,10
13.022649765,80.2268218994,25281,25291,10
13.0234699249,80.2275466919,25291,25301,10
13.0241699219,80.2282333374,25301,25311,10
13.0243997574,80.2285995483,25311,25321,10
13.0241804123,80.2285385132,25321,25331,10
13.0239095688,80.2281723022,25331,25342,11
13.0234899521,80.2277603149,25342,25990,648
13.0233898163,80.2274932861,25990,26142,152
13.0233898163,80.2274932861,26142,26152,10
13.0233297348,80.2275085449,26152,26162,10
13.0230197906,80.2272415161,26162,26172,10
13.0226898193,80.2269363403,26172,26182,10
13.0222101212,80.2264709473,26182,26192,10
13.0215101242,80.2259063721,26192,26202,10
13.0207796097,80.2253265381,26202,26212,10
13.0200796127,80.2249221802,26212,26223,11
13.0198402405,80.2247695923,26223,26233,10
13.0198297501,80.2247695923,26233,26243,10
13.0196304321,80.2246704102,26243,26253,10
13.0190296173,80.2245025635,26253,26263,10
13.0182304382,80.2247390747,26263,26273,10
13.0172996521,80.2251205444,26273,26283,10
13.0163402557,80.2255096436,26283,26293,10
13.0154895782,80.2257766724,26293,26304,11
13.0142297745,80.2263183594,26304,26324,20
13.0142297745,80.2263183594,26324,26334,10
13.0139503479,80.2264328003,26334,26344,10
13.0133600235,80.2266464233,26344,26354,10
13.0125303268,80.2269668579,26354,26364,10
13.0115404129,80.2273635864,26364,26374,10
13.0105104446,80.2277679443,26374,26385,11
13.0096302032,80.2281265259,26385,26395,10
13.0091104507,80.2287826538,26395,26405,10
13.0090198517,80.2296218872,26405,26415,10
13.0088796616,80.2304382324,26415,26425,10
13.0087299347,80.231262207,26425,26445,20
13.0087299347,80.231262207,26445,26455,10
13.0086603165,80.2313613892,26455,26466,11
13.008600235,80.2316131592,26466,26476,10
13.0085601807,80.2320632935,26476,26486,10
13.0083503723,80.2333984375,26486,26506,20
13.0083503723,80.2333984375,26506,26516,10
13.0082902908,80.2335586548,26516,26526,10
13.0081796646,80.2338104248,26526,26536,10
13.0081195831,80.2341003418,26536,26546,10
13.0079803467,80.2346801758,26546,26557,11
13.0078001022,80.2356567383,26557,26567,10
13.0075798035,80.2368774414,26567,26577,10
13.0073404312,80.2381820679,26577,26587,10
13.0071697235,80.2393112183,26587,26597,10
13.0069904327,80.2399597168,26597,26617,20
13.0069904327,80.2399597168,26617,26627,10
13.0069704056,80.2402572632,26627,26638,11
13.0068397522,80.241027832,26638,26658,20
13.0068397522,80.241027832,26658,26668,10
13.0067796707,80.2412033081,26668,26678,10
13.006770134,80.2416992188,26678,26688,10
13.0067796707,80.2425613403,26688,26698,10
13.0067596436,80.243598938,26698,26708,10
13.0067100525,80.2448730469,26708,26719,11
13.0067796707,80.2461624146,26719,26729,10
13.0067396164,80.2473907471,26729,26759,30
13.0067396164,80.2473907471,26759,26769,10
13.0064001083,80.2474594116,26769,26779,10
13.006070137,80.247428894,26779,26789,10
13.0060100555,80.247428894,26789,26800,11
13.0054597855,80.2473983765,26800,26810,10
13.0046396255,80.2474212646,26810,26820,10
13.0035800934,80.2475585938,26820,26830,10
13.0024003983,80.2477874756,26830,26840,10
13.0010995865,80.2480773926,26840,26850,10
12.9996900558,80.2484207153,26850,26860,10
12.9983997345,80.2488021851,26860,26870,10
12.9980201721,80.248878479,26870,26881,11
12.9977502823,80.248916626,26881,26891,10
12.9970998764,80.2490692139,26891,26901,10
12.9961996078,80.2492980957,26901,26911,10
12.9950895309,80.2496032715,26911,26921,10
12.9938697815,80.2499389648,26921,26931,10
12.9925699234,80.2502212524,26931,26941,10
12.9914102554,80.2505264282,26941,26951,10
12.991109848,80.250617981,26951,26962,11
12.9909601212,80.2506332397,26962,26972,10
12.9904203415,80.2507629395,26972,26982,10
12.9895601273,80.2509613037,26982,26992,10
12.988699913,80.2512283325,26992,27002,10
12.9883003235,80.2513809204,27002,27053,51
12.9883003235,80.2513809204,27053,27063,10
12.9880199432,80.2513809204,27063,27073,10
12.9875402451,80.2515029907,27073,27083,10
12.9868297577,80.2517166138,27083,27093,10
12.9860200882,80.2519226074,27093,27103,10
12.9849996567,80.2521820068,27103,27113,10
12.9838495255,80.252456665,27113,27124,11
12.9828195572,80.2526397705,27124,27134,10
12.9816703796,80.2526779175,27134,27144,10
12.9804601669,80.2527236938,27144,27154,10
12.979590416,80.2527084351,27154,27164,10
12.9789400101,80.2526626587,27164,27174,10
12.9789304733,80.2526397705,27174,27184,10
12.9787597656,80.2526016235,27184,27194,10
12.978269577,80.2523498535,27194,27205,11
12.977519989,80.2516784668,27205,27215,10
12.9764795303,80.2511672974,27215,27225,10
12.9751596451,80.2508010864,27225,27235,10
12.9737901688,80.2504425049,27235,27245,10
12.9723396301,80.2500534058,27245,27255,10
12.9709796906,80.249710083,27255,27265,10
12.9700498581,80.249382019,27265,27275,10
12.9687900543,80.248878479,27275,27286,11
12.9674901962,80.2483520508,27286,27296,10
12.9665403366,80.2479019165,27296,27306,10
12.9652099609,80.2474212646,27306,27326,20
12.9652099609,80.2474212646,27326,27336,10
12.9648895264,80.2472763062,27336,27346,10
12.9643001556,80.2470703125,27346,27356,10
12.9635400772,80.2468032837,27356,27377,21
12.9635400772,80.2468032837,27377,27387,10
12.9632997513,80.24659729,27387,27397,10
12.9627304077,80.2463607788,27397,27407,10
12.9619197845,80.2459564209,27407,27417,10
12.9609003067,80.2454681396,27417,27427,10
12.9593400955,80.2448120117,27427,27448,21
12.9593400955,80.2448120117,27448,27458,10
12.9591598511,80.244720459,27458,27468,10
12.9586200714,80.2444610596,27468,27478,10
12.9579000473,80.2441482544,27478,27488,10
12.957110405,80.243888855,27488,27498,10
12.956410408,80.2436828613,27498,27508,10
12.9563903809,80.2436599731,27508,27518,10
12.956319809,80.2436523438,27518,27529,11
12.9558200836,80.2434082031,27529,27539,10
12.9550895691,80.243057251,27539,27549,10
12.9541797638,80.2426605225,27549,27559,10
12.9531402588,80.2422180176,27559,27569,10
12.9516496658,80.2416915894,27569,27589,20
12.9516496658,80.2416915894,27589,27599,10
12.9513902664,80.2416000366,27599,27610,11
12.9506797791,80.2413482666,27610,27620,10
12.9498195648,80.2410964966,27620,27630,10
12.9492101669,80.2408981323,27630,27650,20
12.9492101669,80.2408981323,27650,27660,10
12.9490995407,80.240852356,27660,27670,10
12.9487304688,80.2406921387,27670,27680,10
12.9481201172,80.2404174805,27680,27691,11
12.9469604492,80.2399597168,27691,27711,20
12.9469604492,80.2399597168,27711,27721,10
12.9467697144,80.2398834229,27721,27731,10
12.9462003708,80.2396316528,27731,27741,10
12.9453802109,80.2392272949,27741,27751,10
12.9445495605,80.2384414673,27751,27761,10
12.9436397552,80.2374191284,27761,27772,11
12.9425096512,80.236541748,27772,27782,10
12.9411802292,80.2361602783,27782,27792,10
12.9397802353,80.2358093262,27792,27812,20
12.9397802353,80.2358093262,27812,27822,10
12.9394102097,80.2356414795,27822,27832,10
12.9386997223,80.2352600098,27832,27842,10
12.9377498627,80.2347869873,27842,27853,11
12.9366998672,80.2342681885,27853,27863,10
12.9358100891,80.233833313,27863,27873,10
12.9357795715,80.2338180542,27873,27883,10
12.9355602264,80.2337188721,27883,27893,10
12.9349498749,80.2334365845,27893,27903,10
12.9340696335,80.2330627441,27903,27913,10
12.9338302612,80.2329711914,27913,27923,10
12.9337902069,80.2329711914,27923,27934,11
12.9333295822,80.2327423096,27934,27944,10
12.9325799942,80.2324295044,27944,27954,10
12.931599617,80.2320785522,27954,27964,10
12.9304199219,80.2317123413,27964,27974,10
12.929400444,80.2314529419,27974,27984,10
12.9290704727,80.2313766479,27984,27994,10
12.9288396835,80.2313308716,27994,28004,10
12.9281997681,80.2312164307,28004,28015,11
12.9271602631,80.2311096191,28015,28025,10
12.926199913,80.2310180664,28025,28035,10
12.9261198044,80.231010437,28035,28045,10
12.9259195328,80.2309875488,28045,28055,10
12.925330162,80.2309188843,28055,28065,10
12.9244804382,80.2308120728,28065,28075,10
12.9233798981,80.2306671143,28075,28085,10
12.9220399857,80.2304611206,28085,28096,11
12.9203701019,80.2302322388,28096,28106,10
12.9188995361,80.2300415039,28106,28116,10
12.9175701141,80.2298583984,28116,28126,10
12.9163999557,80.2296981812,28126,28136,10
12.9150800705,80.2295074463,28136,28146,10
12.9138803482,80.2293624878,28146,28156,10
12.9132003784,80.2293014526,28156,28177,21
12.9132003784,80.2293014526,28177,28187,10
12.9128103256,80.2292327881,28187,28197,10
12.9120397568,80.2291183472,28197,28207,10
12.9110002518,80.2289581299,28207,28217,10
12.9098501205,80.2287826538,28217,28227,10
12.9087400436,80.2285995483,28227,28237,10
12.9077396393,80.2284393311,28237,28247,10
12.9071798325,80.2283782959,28247,28258,11
12.906539917,80.2283096313,28258,28268,10
12.9061203003,80.2282867432,28268,28278,10
12.9060001373,80.2282791138,28278,28288,10
12.9054403305,80.2282409668,28288,28298,10
12.904540062,80.2281799316,28298,28308,10
12.9036397934,80.2281417847,28308,28318,10
12.9024801254,80.2281036377,28318,28339,21
12.9024801254,80.2281036377,28339,28349,10
12.9021997452,80.2280807495,28349,28359,10
12.9015798569,80.2280273438,28359,28369,10
12.9009504318,80.228012085,28369,28379,10
12.9006204605,80.2279891968,28379,28389,10
12.9004001617,80.2279815674,28389,28399,10
12.900179863,80.2279586792,28399,28409,10
12.8999700546,80.2279510498,28409,28420,11
12.899720192,80.2279281616,28420,28430,10
12.8996696472,80.2279281616,28430,28440,10
12.8993501663,80.2279129028,28440,28460,20
12.8993501663,80.2279129028,28460,28470,10
12.899140358,80.2278900146,28470,28480,10
12.8985595703,80.2278823853,28480,28490,10
12.8978004456,80.2277984619,28490,28501,11
12.8967504501,80.2277374268,28501,28511,10
12.8956203461,80.2276916504,28511,28521,10
12.8944797516,80.2276382446,28521,28531,10
12.8935604095,80.2275390625,28531,28541,10
12.8925199509,80.2274398804,28541,28551,10
12.891500473,80.2273788452,28551,28561,10
12.8902196884,80.2273864746,28561,28571,10
12.8888902664,80.2273864746,28571,28582,11
12.8876304626,80.2273025513,28582,28592,10
12.8866100311,80.2270812988,28592,28602,10
12.8856201172,80.2268371582,28602,28612,10
12.8849201202,80.2267608643,28612,28622,10
12.8849201202,80.2267532349,28622,28632,10
12.8845796585,80.2267303467,28632,28642,10
12.883890152,80.2267379761,28642,28652,10
12.8829402924,80.2267608643,28652,28663,11
12.8816604614,80.2267684937,28663,28673,10
12.8803596497,80.2267913818,28673,28683,10
12.8789796829,80.2268218994,28683,28693,10
12.8776903152,80.2269134521,28693,28703,10
12.8768796921,80.2269973755,28703,28713,10
12.8765096664,80.2270431519,28713,28723,10
12.8764696121,80.2270431519,28723,28733,10
12.8760795593,80.2270431519,28733,28743,10
12.8753499985,80.2269973755,28743,28754,11
12.8742399216,80.2268600464,28754,28764,10
12.873290062,80.2267684937,28764,28774,10
12.8729496002,80.2267684937,28774,28784,10
12.8727998734,80.2267608643,28784,28794,10
12.8723096848,80.2267379761,28794,28804,10
12.8715000153,80.2267227173,28804,28814,10
12.8704204559,80.2266464233,28814,28824,10
12.8691596985,80.2265014648,28824,28835,11
12.867650032,80.2264633179,28835,28845,10
12.8662500381,80.2266082764,28845,28855,10
12.8648195267,80.2266387939,28855,28865,10
12.8633403778,80.2265701294,28865,28875,10
12.8619804382,80.2266311646,28875,28885,10
12.8609199524,80.2266464233,28885,28895,10
12.8607597351,80.2266464233,28895,28905,10
12.8604803085,80.226600647,28905,28916,11
12.8598299026,80.2264862061,28916,28926,10
12.858880043,80.226348877,28926,28936,10
12.8577203751,80.2262802124,28936,28946,10
12.8564500809,80.2264099121,28946,28956,10
12.8550701141,80.2265625,28956,28966,10
12.8536596298,80.2267074585,28966,28976,10
12.8524398804,80.2267303467,28976,28986,10
12.8511295319,80.2266693115,28986,28997,11
12.8498401642,80.2266616821,28997,29007,10
12.8497200012,80.2266616821,29007,29017,10
12.8493700027,80.2266616821,29017,29027,10
12.8486204147,80.2266387939,29027,29037,10
12.8476200104,80.2266387939,29037,29047,10
12.846570015,80.2266693115,29047,29057,10
12.8458595276,80.2266769409,29057,29067,10
12.8456697464,80.2266693115,29067,29078,11
12.8455200195,80.2266464233,29078,29088,10
12.8450603485,80.2266616821,29088,29098,10
12.8446998596,80.2266769409,29098,29108,10
12.8442897797,80.2266998291,29108,29118,10
12.8436002731,80.2267913818,29118,29128,10
12.8426303864,80.2269592285,29128,29138,10
12.8414697647,80.227180481,29138,29148,10
12.8404102325,80.2274780273,29148,29159,11
12.839679718,80.227722168,29159,29179,20
12.839679718,80.227722168,29179,29189,10
12.839220047,80.2278289795,29189,29199,10
12.8384599686,80.2280197144,29199,29209,10
12.8374700546,80.2282409668,29209,29219,10
12.8362798691,80.2284164429,29219,29229,10
12.834980011,80.2286224365,29229,29240,11
12.8336000443,80.2288665771,29240,29250,10
12.8324203491,80.2291030884,29250,29260,10
12.8317203522,80.2292175293,29260,29270,10
12.8315601349,80.2289199829,29270,29300,30
12.8315601349,80.2289199829,29300,29310,10
12.8315095901,80.2286682129,29310,29321,11
12.8313903809,80.2280426025,29321,29331,10
12.8312196732,80.2272109985,29331,29341,10
12.8310403824,80.2261810303,29341,29351,10
12.8310403824,80.2250671387,29351,29361,10
12.8310604095,80.224609375,29361,29371,10
12.8310604095,80.2241210938,29371,29381,10
12.8310699463,80.2234268188,29381,29391,10
12.8310604095,80.2227020264,29391,29402,11
12.8310403824,80.2221679688,29402,29412,10
12.8310699463,80.2217483521,29412,29422,10
12.8310699463,80.2210922241,29422,29432,10
12.8311004639,80.2202835083,29432,29442,10
12.8310699463,80.2197113037,29442,29452,10
12.8308897018,80.2194824219,29452,29462,10
12.830039978,80.2194900513,29462,29472,10
12.8290596008,80.2194595337,29472,29483,11
12.827580452,80.2194976807,29483,29523,40
12.827580452,80.2194976807,29523,29533,10
12.8273801804,80.2194976807,29533,29543,10
12.8267698288,80.2194976807,29543,29553,10
12.8260803223,80.2194900513,29553,29564,11
12.8255996704,80.2194671631,29564,29574,10
12.825340271,80.2194976807,29574,29584,10
12.8252801895,80.2195205688,29584,29594,10
12.8247804642,80.2194824219,29594,29604,10
12.8239002228,80.2194671631,29604,29614,10
12.8230104446,80.2194824219,29614,29624,10
12.8227796555,80.2194671631,29624,29634,10
12.8227596283,80.2194595337,29634,29645,11
12.822640419,80.2193069458,29645,29655,10
12.8226203918,80.2189788818,29655,29665,10
12.8226299286,80.2184524536,29665,29675,10
12.8226499557,80.2175598145,29675,29685,10
12.8226604462,80.2164611816,29685,29695,10
12.8228397369,80.2159576416,29695,29705,10
12.8229398727,80.2159805298,29705,29715,10
12.8232498169,80.2160110474,29715,29726,11
12.823969841,80.2160186768,29726,29736,10
12.8245897293,80.2159881592,29736,29746,10
12.8249397278,80.2160110474,29746,31439,1693
12.8249397278,80.2160110474,31439,31449,10
12.8250799179,80.216003418,31449,31459,10
12.8254499435,80.2160186768,31459,31469,10
12.825799942,80.2160568237,31469,31479,10
12.825920105,80.2164764404,31479,31489,10
12.8258895874,80.2172775269,31489,31500,11
12.8258895874,80.2184295654,31500,31510,10
12.8259000778,80.2193069458,31510,31520,10
12.8261604309,80.2194290161,31520,31530,10
12.8268995285,80.2194519043,31530,31540,10
12.8274202347,80.2194595337,31540,31551,11
12.8279800415,80.2194671631,31551,31560,9
12.8288698196,80.2194900513,31560,31571,11
12.8298902512,80.2194900513,31571,31582,11
12.8309297562,80.2194976807,31582,31592,10
12.8311901093,80.2198181152,31592,31602,10
12.8311796188,80.2206573486,31602,31612,10
12.8311595917,80.2217407227,31612,31622,10
12.8311700821,80.2221984863,31622,31632,10
12.8311595917,80.2227096558,31632,31642,10
12.8311595917,80.2236099243,31642,31652,10
12.8311300278,80.2245864868,31652,31663,11
12.8311195374,80.2250823975,31663,31673,10
12.8311300278,80.2258987427,31673,31683,10
12.8312597275,80.2269210815,31683,31693,10
12.8314695358,80.2279129028,31693,31703,10
12.8316402435,80.228729248,31703,31713,10
12.8317098618,80.229019165,31713,31723,10
12.8319396973,80.2291488647,31723,31733,10
12.8326597214,80.2289962769,31733,31744,11
12.8339500427,80.2287597656,31744,31754,10
12.8353996277,80.2285232544,31754,31764,10
12.8370199203,80.2282867432,31764,31774,10
12.8384799957,80.228012085,31774,31784,10
12.8393001556,80.2277679443,31784,31794,10
12.8395595551,80.2276763916,31794,31804,10
12.8400001526,80.2275695801,31804,31814,10
12.8409004211,80.2273406982,31814,31824,10
12.842089653,80.2270278931,31824,31835,11
12.8435401917,80.2267303467,31835,31845,10
12.8446998596,80.226600647,31845,31855,10
12.8453998566,80.2265396118,31855,31865,10
12.845410347,80.2265396118,31865,31875,10
12.8456401825,80.2265625,31875,31885,10
12.8458404541,80.2265625,31885,31895,10
12.8464803696,80.2265701294,31895,31905,10
12.8475198746,80.2265625,31905,31916,11
12.8489704132,80.2265625,31916,31926,10
12.850060463,80.2265472412,31926,31936,10
12.8501596451,80.2265472412,31936,31946,10
12.8506698608,80.2265777588,31946,31956,10
12.8515701294,80.2266311646,31956,31966,10
12.8527603149,80.2266921997,31966,31976,10
12.8541698456,80.226600647,31976,31986,10
12.8556995392,80.2264328003,31986,31997,11
12.8574895859,80.2262496948,31997,32007,10
12.8590202332,80.2262802124,32007,32017,10
12.8602800369,80.2264633179,32017,32027,10
12.860710144,80.2265167236,32027,32037,10
12.8610401154,80.2265396118,32037,32047,10
12.8618001938,80.2265472412,32047,32057,10
12.8628902435,80.2264862061,32057,32067,10
12.8642501831,80.2265396118,32067,32078,11
12.8658304214,80.2265777588,32078,32088,10
12.867190361,80.2264480591,32088,32098,10
12.8687095642,80.2263793945,32098,32108,10
12.87018013,80.2265625,32108,32118,10
12.8715600967,80.2266464233,32118,32128,10
12.8726797104,80.2266464233,32128,32138,10
12.8729000092,80.2266464233,32138,32148,10
12.8731603622,80.2266693115,32148,32159,11
12.8739004135,80.2267227173,32159,32169,10
12.8749103546,80.2268371582,32169,32179,10
12.8760595322,80.2269363403,32179,32189,10
12.8767700195,80.226890564,32189,32199,10
12.8767795563,80.226890564,32199,32209,10
12.8770799637,80.2268600464,32209,32219,10
12.877820015,80.2268066406,32219,32229,10
12.8788499832,80.2267379761,32229,32240,11
12.8802099228,80.2267074585,32240,32250,10
12.881480217,80.2266998291,32250,32260,10
12.8826704025,80.2266769409,32260,32270,10
12.8839197159,80.2266693115,32270,32280,10
12.8850297928,80.2266616821,32280,32290,10
12.8852796555,80.2266693115,32290,32300,10
12.8853702545,80.2266998291,32300,32310,10
12.8858995438,80.2268295288,32310,32321,11
12.8868198395,80.2270812988,32321,32331,10
12.8878602982,80.2272567749,32331,32341,10
12.888999939,80.2273406982,32341,32351,10
12.890250206,80.2273406982,32351,32361,10
12.891579628,80.2273406982,32361,32371,10
12.8924303055,80.2273712158,32371,32432,61
12.8924303055,80.2273712158,32432,32442,10
12.8926801682,80.2273864746,32442,32452,10
12.8933000565,80.2274703979,32452,32462,10
12.8942298889,80.2275695801,32462,32472,10
12.8954000473,80.2276382446,32472,32483,11
12.8968000412,80.2276916504,32483,32493,10
12.8980503082,80.2277374268,32493,32503,10
12.8992099762,80.2278137207,32503,32513,10
12.9000902176,80.2278594971,32513,32523,10
12.9005804062,80.2278671265,32523,32533,10
12.9008703232,80.227897644,32533,32543,10
12.9011697769,80.2279205322,32543,32553,10
12.9014396667,80.2279434204,32553,32564,11
12.9016199112,80.2279434204,32564,32574,10
12.9018497467,80.2279510498,32574,32584,10
12.9021997452,80.2279815674,32584,32594,10
12.9030303955,80.2279815674,32594,32614,20
12.9030303955,80.2279815674,32614,32624,10
12.9032402039,80.2279815674,32624,32634,10
12.9038000107,80.2280502319,32634,32645,11
12.904709816,80.2281112671,32645,32655,10
12.9055404663,80.2281417847,32655,32665,10
12.9060401917,80.2281799316,32665,32736,71
12.9060401917,80.2281799316,32736,32746,10
12.9063901901,80.2282028198,32746,32756,10
12.9065799713,80.2282180786,32756,32766,10
12.9070196152,80.2282409668,32766,32776,10
12.9071998596,80.2282562256,32776,32786,10
12.9074497223,80.2282867432,32786,32796,10
12.9081602097,80.2284164429,32796,32807,11
12.9092998505,80.2286224365,32807,32817,10
12.9105596542,80.2288284302,32817,32827,10
12.9119100571,80.2290267944,32827,32837,10
12.9131498337,80.2291870117,32837,32847,10
12.9139404297,80.2293014526,32847,32857,10
12.9140195847,80.2293014526,32857,32867,10
12.914440155,80.2293624878,32867,32877,10
12.9151096344,80.2294616699,32877,32887,10
12.9159202576,80.2295913696,32887,32898,11
12.9168701172,80.2297134399,32898,32908,10
12.9179601669,80.2298736572,32908,32918,10
12.9191904068,80.2300415039,32918,32928,10
12.9204397202,80.2302017212,32928,32938,10
12.9216499329,80.2303466797,32938,32948,10
12.9229202271,80.2305374146,32948,32958,10
12.9241895676,80.2306976318,32958,32968,10
12.9253797531,80.2308731079,32968,32979,11
12.9264202118,80.2309570313,32979,32989,10
12.9265203476,80.2309570313,32989,32999,10
12.9269104004,80.231010437,32999,33009,10
12.9276199341,80.2311019897,33009,33019,10
12.9283895493,80.2312011719,33019,33029,10
12.9287204742,80.2312316895,33029,33039,10
12.9289703369,80.2312774658,33039,33049,10
12.9296197891,80.2314300537,33049,33060,11
12.9306697845,80.2316970825,33060,33070,10
12.9318199158,80.2320632935,33070,33080,10
12.9330196381,80.2324676514,33080,33090,10
12.9336900711,80.2327575684,33090,33100,10
12.9336996078,80.2327728271,33100,33110,10
12.9339504242,80.2328796387,33110,33120,10
12.9345703125,80.2331771851,33120,33130,10
12.935839653,80.233757019,33130,33151,21
12.935839653,80.233757019,33151,33161,10
12.9359998703,80.2338409424,33161,33171,10
12.9364700317,80.2340927124,33171,33181,10
12.9371700287,80.2344207764,33181,33191,10
12.9381303787,80.23487854,33191,33201,10
12.9392204285,80.2354278564,33201,33211,10
12.9397497177,80.2356796265,33211,33232,21
12.9397497177,80.2356796265,33232,33242,10
12.9400997162,80.2358627319,33242,33252,10
12.9407701492,80.2360687256,33252,33262,10
12.9417104721,80.2362976074,33262,33272,10
12.9428195953,80.2366714478,33272,33282,10
12.9437799454,80.237487793,33282,33292,10
12.9446601868,80.2384796143,33292,33303,11
12.9457502365,80.2394180298,33303,33313,10
12.9468297958,80.2398376465,33313,33323,10
12.9474401474,80.2400665283,33323,33333,10
12.9474401474,80.2400817871,33333,33343,10
12.9477996826,80.2402191162,33343,33353,10
12.9487600327,80.2405700684,33353,33525,172
12.9487600327,80.2405700684,33525,33535,10
12.9490003586,80.2407302856,33535,33546,11
12.9492902756,80.2408599854,33546,33556,10
12.9495601654,80.2409820557,33556,33566,10
12.9502096176,80.2411422729,33566,33576,10
12.9510402679,80.2414016724,33576,33586,10
12.9511499405,80.2414169312,33586,33596,10
12.9514198303,80.2415390015,33596,33606,10
12.9517498016,80.2416610718,33606,33616,10
12.9522800446,80.2418365479,33616,33627,11
12.9531698227,80.2422027588,33627,33637,10
12.9538803101,80.242477417,33637,33647,10
12.954460144,80.2427062988,33647,33657,10
12.9551897049,80.2429962158,33657,33667,10
12.9559202194,80.2432098389,33667,33687,20
12.9559202194,80.2432098389,33687,33697,10
12.9561595917,80.243270874,33697,33768,71
12.9561595917,80.243270874,33768,33778,10
12.9566898346,80.2434616089,33778,33789,11
12.957400322,80.2438430786,33789,33799,10
12.9582595825,80.2442169189,33799,33809,10
12.9588899612,80.244468689,33809,33819,10
12.9589300156,80.2445068359,33819,33829,10
12.959280014,80.2447128296,33829,33839,10
12.959980011,80.245010376,33839,33849,10
12.9609003067,80.2454223633,33849,33859,10
12.961979866,80.2459564209,33859,33870,11
12.9627103806,80.2462997437,33870,33880,10
12.9628295898,80.246383667,33880,33890,10
12.9629201889,80.2464370728,33890,33900,10
12.963139534,80.24659729,33900,33920,20
12.963139534,80.24659729,33920,33930,10
12.9634199142,80.2467498779,33930,33940,10
12.9639101028,80.2469482422,33940,33951,11
12.9647502899,80.247253418,33951,33961,10
12.9653396606,80.247428894,33961,33971,10
12.9665403366,80.2478790283,33971,33991,20
12.9665403366,80.2478790283,33991,34001,10
12.9666700363,80.2479400635,34001,34011,10
12.9671096802,80.2481536865,34011,34021,10
12.9679002762,80.2484970093,34021,34032,11
12.9690599442,80.2489471436,34032,34042,10
12.9703397751,80.2494888306,34042,34052,10
12.971739769,80.2499389648,34052,34062,10
12.9730501175,80.2502822876,34062,34072,10
12.9740400314,80.2505569458,34072,34082,10
12.9751596451,80.2508392334,34082,34092,10
12.9764995575,80.2512207031,34092,34102,10
12.9777202606,80.2517700195,34102,34112,10
12.9784803391,80.2523422241,34112,34123,11
12.9788503647,80.2525405884,34123,34133,10
12.9788503647,80.2525405884,34133,34143,10
12.9793996811,80.2526168823,34143,34173,30
12.9793996811,80.2526168823,34173,34183,10
12.9795303345,80.2526321411,34183,34195,12
12.9799499512,80.2526931763,34195,34206,11
12.9807500839,80.2526931763,34206,34217,11
12.9818096161,80.2526779175,34217,34227,10
12.9828701019,80.2526397705,34227,34236,9
12.984120369,80.2523880005,34236,34247,11
12.9850797653,80.2521209717,34247,34256,9
12.9856500626,80.2519302368,34256,34642,386
12.9856500626,80.2519302368,34642,34652,10
12.9858999252,80.2518920898,34652,34662,10
12.9861001968,80.2518081665,34662,34672,10
12.9863004684,80.2517623901,34672,34682,10
12.9864597321,80.2517166138,34682,34693,11
12.9866800308,80.251663208,34693,34703,10
12.9869098663,80.2515869141,34703,34713,10
12.9872198105,80.2515029907,34713,34723,10
12.9875898361,80.2513809204,34723,34733,10
12.9879598618,80.2512893677,34733,34743,10
12.9886798859,80.2511062622,34743,34753,10
12.9894895554,80.2508773804,34753,34763,10
12.9895200729,80.250869751,34763,34774,11
12.9896697998,80.2508468628,34774,34784,10
12.9902296066,80.2507171631,34784,34794,10
12.9909095764,80.2505569458,34794,34804,10
12.9922399521,80.2502288818,34804,34814,10
12.9935903549,80.2498779297,34814,34824,10
12.9949903488,80.2495422363,34824,34834,10
12.9962301254,80.2491989136,34834,34844,10
12.9967098236,80.2490615845,34844,34855,11
12.9970598221,80.2489776611,34855,34865,10
12.9977798462,80.2488174438,34865,34875,10
12.9988002777,80.2485580444,34875,34885,10
13.0001001358,80.2482376099,34885,34895,10
13.0014896393,80.2479019165,34895,34905,10
13.0025196075,80.2476501465,34905,34915,10
13.0036096573,80.247467041,34915,34925,10
13.0047903061,80.2473526001,34925,34936,11
13.0060100555,80.2470626831,34936,34946,10
13.0064496994,80.2466201782,34946,34956,10
13.0065202713,80.2464828491,34956,34966,10
13.0066003799,80.2463378906,34966,34976,10
13.0066404343,80.2458114624,34976,34986,10
13.0066404343,80.2450180054,34986,34996,10
13.0066003799,80.2443618774,34996,35006,10
13.0066003799,80.2439880371,35006,35017,11
13.0065898895,80.2436599731,35017,35027,10
13.0066099167,80.2432098389,35027,35037,10
13.0066204071,80.242729187,35037,35047,10
13.0066204071,80.241897583,35047,35057,10
13.0066795349,80.2409820557,35057,35067,10
13.0068302155,80.2402420044,35067,35077,10
13.0069599152,80.2395629883,35077,35087,10
13.007060051,80.2390594482,35087,35098,11
13.0071201324,80.2387008667,35098,35108,10
13.0072202682,80.2379226685,35108,35118,10
13.007399559,80.2370223999,35118,35128,10
13.0074300766,80.2367401123,35128,35138,10
13.0074796677,80.2365875244,35138,35148,10
13.007610321,80.2360534668,35148,35158,10
13.0077896118,80.2351913452,35158,35168,10
13.0080099106,80.234161377,35168,35179,11
13.0082798004,80.2328262329,35179,35189,10
13.0085601807,80.2313766479,35189,35199,10
13.0088500977,80.2298736572,35199,35209,10
13.0091104507,80.2285766602,35209,35219,10
13.0094900131,80.2275009155,35219,35229,10
13.0099697113,80.2264099121,35229,35239,10
13.0103502274,80.2256622314,35239,35249,10
13.0105695724,80.2252807617,35249,35260,11
13.0105800629,80.2252502441,35260,35270,10
13.0106897354,80.2250900269,35270,35280,10
13.0107803345,80.2247009277,35280,35290,10
13.0110797882,80.2239227295,35290,35300,10
13.0113601685,80.2232971191,35300,35320,20
13.0113601685,80.2232971191,35320,35330,10
13.0115995407,80.2228469849,35330,35341,11
13.0117902756,80.2219772339,35341,35351,10
13.0122203827,80.2214431763,35351,35361,10
13.0124502182,80.2217483521,35361,35371,10
13.0128803253,80.2223129272,35371,35381,10
13.0134401321,80.2228164673,35381,35391,10
13.0139503479,80.2232818604,35391,35401,10
13.0141496658,80.2234191895,35401,35411,10
13.0143299103,80.2237091064,35411,35422,11
13.0147695541,80.2242736816,35422,35432,10
13.0153999329,80.2249298096,35432,35442,10
13.0156297684,80.225151062,35442,35452,10
13.0157604218,80.2252502441,35452,35462,10
13.0162200928,80.225402832,35462,35472,10
13.0170001984,80.2251663208,35472,35482,10
13.0176401138,80.224861145,35482,35492,10
13.0178098679,80.2247772217,35492,35502,10
13.0179004669,80.2247390747,35502,35513,11
13.0182199478,80.2246170044,35513,35533,20
13.0182199478,80.2246170044,35533,35543,10
13.0184803009,80.2245330811,35543,35553,10
13.0188302994,80.2244033813,35553,35563,10
13.019200325,80.2243270874,35563,35573,10
13.0192098618,80.2243270874,35573,35583,10
13.0192403793,80.2243499756,35583,35594,11
13.019490242,80.2244033813,35594,35624,30
13.019490242,80.2244033813,35624,35634,10
13.019610405,80.2245178223,35634,35644,10
13.0199203491,80.2247314453,35644,35654,10
13.0202302933,80.2249069214,35654,35664,10
13.0203399658,80.2249832153,35664,35675,11
13.0204696655,80.2250900269,35675,35685,10
13.0206203461,80.2251968384,35685,35695,10
13.0207004547,80.2252731323,35695,35705,10
13.0208702087,80.2253875732,35705,35715,10
13.0208797455,80.225402832,35715,35725,10
13.0209999084,80.2255630493,35725,35735,10
13.021229744,80.2257385254,35735,35745,10
13.0214099884,80.2258987427,35745,35756,11
13.0218095779,80.2261123657,35756,35776,20
13.0218095779,80.2261123657,35776,35786,10
13.0219697952,80.2262420654,35786,35796,10
13.0222396851,80.2264404297,35796,35806,10
13.0224103928,80.226600647,35806,35816,10
13.0226097107,80.2267379761,35816,35847,31
13.0228204727,80.2269515991,35847,35887,40
13.0228204727,80.2269515991,35887,35897,10
13.0231599808,80.2273101807,35897,35907,10
13.0233097076,80.2274475098,35907,35918,11
13.023639679,80.2277526855,35918,35928,10
13.0241003036,80.2281417847,35928,35988,60
13.0241003036,80.2281417847,35988,35999,11
13.0244102478,80.2284622192,35999,36080,81
13.0244102478,80.2284622192,36080,36090,10
13.0242595673,80.2285079956,36090,36100,10
13.0239601135,80.2281188965,36100,36110,10
13.0234498978,80.2276763916,36110,36150,40
13.0234498978,80.2276763916,36150,36161,11
13.0232801437,80.2275238037,36161,36596,435
13.0232801437,80.2275238037,36596,36606,10
13.023059845,80.2272491455,36606,36616,10
13.0227003098,80.2269287109,36616,36626,10
13.0223503113,80.2265930176,36626,36636,10
13.0220003128,80.2262420654,36636,36647,11
13.0214500427,80.2258071899,36647,36657,10
13.0208396912,80.2253494263,36657,36667,10
13.0201997757,80.224937439,36667,36677,10
13.0199098587,80.2247695923,36677,36687,10
13.0197401047,80.2247085571,36687,36697,10
13.0191698074,80.2245101929,36697,36707,10
13.0183296204,80.2246627808,36707,36717,10
13.0172996521,80.2250595093,36717,36728,11
13.0162296295,80.2255172729,36728,36738,10
13.0153799057,80.2258300781,36738,36748,10
13.0146903992,80.2261276245,36748,36758,10
13.014289856,80.2262802124,36758,36768,10
13.014169693,80.2263183594,36768,36778,10
13.0140304565,80.2264022827,36778,36788,10
13.0137796402,80.2265090942,36788,36798,10
13.0135402679,80.226600647,36798,36809,11
13.0134000778,80.2266311646,36809,36819,10
13.0132198334,80.2266921997,36819,36829,10
13.0130300522,80.2267608643,36829,36839,10
13.0128898621,80.2268218994,36839,36849,10
13.0126495361,80.2269210815,36849,36859,10
13.0125102997,80.2269821167,36859,36869,10
13.0123195648,80.2270431519,36869,36879,10
13.0120096207,80.227180481,36879,36890,11
13.011759758,80.2272872925,36890,36900,10
13.0115699768,80.2273635864,36900,36910,10
13.0114498138,80.2274093628,36910,36920,10
13.0111598969,80.2275085449,36920,36930,10
13.0105895996,80.2277297974,36930,36940,10
13.0098600388,80.2280273438,36940,36950,10
13.009180069,80.2285919189,36950,36960,10
13.0089702606,80.2296295166,36960,36971,11
13.008769989,80.230796814,36971,36981,10
13.0085496902,80.2318725586,36981,36991,10
13.0084600449,80.2323074341,36991,37001,10
13.0084400177,80.2323684692,37001,37011,10
13.0083904266,80.2326126099,37011,37021,10
13.0083398819,80.2328109741,37021,37031,10
13.0082597733,80.2334899902,37031,37082,51
13.0082597733,80.2334899902,37082,37092,10
13.0081396103,80.2339019775,37092,37102,10
13.0080900192,80.23412323,37102,37133,31
13.0080900192,80.23412323,37133,37143,10
13.0079698563,80.2342300415,37143,37153,10
13.0079298019,80.2345962524,37153,37163,10
13.0078001022,80.2353210449,37163,37173,10
13.0076398849,80.2362823486,37173,37183,10
13.0074901581,80.2370834351,37183,37193,10
13.0073795319,80.2376403809,37193,37203,10
13.0072698593,80.2383575439,37203,37213,10
13.0071601868,80.2390365601,37213,37264,51
13.0071601868,80.2390365601,37264,37274,10
13.0071001053,80.2392730713,37274,37284,10
13.007060051,80.2395782471,37284,37294,10
13.0069103241,80.2404632568,37294,37315,21
13.0069103241,80.2404632568,37315,37325,10
13.0068302155,80.2408065796,37325,37335,10
13.0067996979,80.2414169312,37335,37345,10
13.006770134,80.2423019409,37345,37355,10
13.0067300797,80.2426223755,37355,37375,20
13.0067300797,80.2426223755,37375,37386,11
13.0066995621,80.24269104,37386,37396,10
13.0067300797,80.2429962158,37396,37406,10
13.0067501068,80.2433929443,37406,37416,10
13.0067300797,80.2438964844,37416,37456,40
13.0066795349,80.2441482544,37456,37477,21
13.0066795349,80.2441482544,37477,37487,10
13.0066699982,80.2444076538,37487,37497,10
13.0066604614,80.2444610596,37497,37507,10
13.0066604614,80.2447128296,37507,37548,41
13.0066604614,80.2447128296,37548,37558,10
13.0066604614,80.2451400757,37558,37568,10
13.0067300797,80.2454605103,37568,37578,10
13.0067996979,80.2460174561,37578,37588,10
13.0068397522,80.2465667725,37588,37598,10
13.006819725,80.2470779419,37598,37608,10
13.0061798096,80.247428894,37608,37629,21
13.0061798096,80.247428894,37629,37639,10
13.0057201385,80.2473678589,37639,37649,10
13.0050201416,80.2473907471,37649,37659,10
13.0040597916,80.2474899292,37659,37669,10
13.0029201508,80.2476501465,37669,37679,10
13.0020999908,80.2478179932,37679,37689,10
13.0012302399,80.2480392456,37689,37699,10
13.0001096725,80.2483215332,37699,37710,11
12.9986801147,80.2487030029,37710,37720,10
12.9978904724,80.2489395142,37720,37730,10
12.997879982,80.2489318848,37730,37740,10
12.9976196289,80.2489776611,37740,37750,10
12.9969501495,80.249130249,37750,37760,10
12.9960002899,80.2493667603,37760,37770,10
12.9948396683,80.2496414185,37770,37780,10
12.9936199188,80.249961853,37780,37791,11
12.9922199249,80.250289917,37791,37801,10
12.9911699295,80.2505874634,37801,37811,10
12.9909601212,80.2506484985,37811,37821,10
12.9909000397,80.2506408691,37821,37831,10
12.990480423,80.2507400513,37831,37841,10
12.989689827,80.250869751,37841,37983,142
12.989689827,80.250869751,37983,37993,10
12.9893903732,80.2508773804,37993,38003,10
12.989159584,80.2509384155,38003,38013,10
12.9889602661,80.2509994507,38013,38023,10
12.9887599945,80.2510986328,38023,38033,10
12.9882202148,80.2512969971,38033,38044,11
12.9875402451,80.2514801025,38044,38054,10
12.9868297577,80.2516784668,38054,38064,10
12.9861602783,80.2518463135,38064,38074,10
12.9852304459,80.2520828247,38074,38084,10
12.9840898514,80.2524032593,38084,38094,10
12.9830303192,80.2526397705,38094,38104,10
12.9823799133,80.2526779175,38104,38114,10
12.9819898605,80.2526702881,38114,38125,11
12.9815301895,80.2526779175,38125,38135,10
12.9808502197,80.2527236938,38135,38155,20
12.9808502197,80.2527236938,38155,38165,10
12.9804801941,80.2526931763,38165,38175,10
12.9804201126,80.2527084351,38175,38185,10
12.9802103043,80.252746582,38185,38195,10
12.9797201157,80.2527084351,38195,38206,11
12.9788999557,80.2526473999,38206,38216,10
12.9785900116,80.2525787354,38216,38226,10
12.9785003662,80.2525024414,38226,38236,10
12.9780702591,80.2521896362,38236,38246,10
12.9774303436,80.2516479492,38246,38256,10
12.9764299393,80.2511901855,38256,38266,10
12.9752902985,80.2508621216,38266,38276,10
12.9742898941,80.2506027222,38276,38287,11
12.9734601974,80.2503662109,38287,38297,10
12.9725704193,80.2501525879,38297,38307,10
12.9716596603,80.2498931885,38307,38317,10
12.9710998535,80.2497329712,38317,38327,10
12.9708099365,80.2496566772,38327,38337,10
12.9701795578,80.2494430542,38337,38347,10
12.9693603516,80.2491607666,38347,38357,10
12.9687795639,80.2489471436,38357,38368,11
12.9685096741,80.2488098145,38368,38378,10
12.9683704376,80.2487335205,38378,38388,10
12.9681596756,80.2487030029,38388,38408,20
12.9680404663,80.248626709,38408,38438,30
12.9680404663,80.248626709,38438,38449,11
12.9678096771,80.2485580444,38449,38459,10
12.9676198959,80.2484893799,38459,38479,20
12.9674797058,80.2484283447,38479,38530,51
12.9674797058,80.2484283447,38530,38540,10
12.9671697617,80.248260498,38540,38580,40
12.9671697617,80.248260498,38580,38590,10
12.9668397903,80.2481079102,38590,38600,10
12.9667196274,80.2480392456,38600,38671,71
12.9667196274,80.2480392456,38671,38681,10
12.9663801193,80.2478637695,38681,38702,21
12.9663801193,80.2478637695,38702,38712,10
12.9661102295,80.2477416992,38712,38722,10
12.9658603668,80.2476272583,38722,38732,10
12.9657402039,80.2475967407,38732,38742,10
12.9655303955,80.247543335,38742,38752,10
12.9653701782,80.2474594116,38752,38762,10
12.9652700424,80.2474365234,38762,38773,11
12.9650697708,80.2473831177,38773,38793,20
12.9649496078,80.2473602295,38793,38934,141
12.964630127,80.247177124,38934,38965,31
12.964630127,80.247177124,38965,38975,10
12.9644002914,80.2471084595,38975,38985,10
12.9641895294,80.2470397949,38985,38995,10
12.9639701843,80.246963501,38995,39005,10
12.9638299942,80.246887207,39005,39015,10
12.9635400772,80.2467498779,39015,39026,11
12.9627895355,80.2463607788,39026,39036,10
12.9618501663,80.245880127,39036,39046,10
12.9607200623,80.2453384399,39046,39056,10
12.9596004486,80.2448425293,39056,39066,10
12.9593801498,80.2447662354,39066,39076,10
12.9592199326,80.2446899414,39076,39086,10
12.9586801529,80.2444534302,39086,39096,10
12.9579696655,80.2441635132,39096,39107,11
12.9573402405,80.2439193726,39107,39117,10
12.9564199448,80.2437210083,39117,39137,20
12.9564199448,80.2437210083,39137,39147,10
12.9560804367,80.243560791,39147,39157,10
12.9554195404,80.2431869507,39157,39167,10
12.9545602798,80.2427597046,39167,39177,10
12.953619957,80.2423629761,39177,39188,11
12.9525604248,80.2419281006,39188,39198,10
12.9517002106,80.2416610718,39198,39208,10
12.9515800476,80.2416381836,39208,39218,10
12.9510803223,80.2414703369,39218,39228,10
12.9502801895,80.2411727905,39228,39238,10
12.9492702484,80.2408676147,39238,39248,10
12.9483299255,80.2404785156,39248,39258,10
12.9473104477,80.2400970459,39258,39269,11
12.9471502304,80.2400436401,39269,39279,10
12.9470396042,80.2399902344,39279,39289,10
12.946559906,80.2397994995,39289,39299,10
12.9458503723,80.2395019531,39299,39309,10
12.945019722,80.2389526367,39309,39319,10
12.9441699982,80.2380371094,39319,39329,10
12.9432201385,80.2370071411,39329,39339,10
12.9419403076,80.2363204956,39339,39350,11
12.9405002594,80.2359695435,39350,39360,10
12.9398202896,80.2357788086,39360,39370,10
12.9397602081,80.2357635498,39370,39380,10
12.9393501282,80.2355880737,39380,39390,10
12.9386901855,80.2352294922,39390,39400,10
12.9379997253,80.2348709106,39400,39410,10
12.9367303848,80.2342605591,39410,39420,10
12.9356603622,80.2337417603,39420,39431,11
12.9337797165,80.2329101563,39431,39451,20
12.9337797165,80.2329101563,39451,39461,10
12.9335899353,80.2328109741,39461,39471,10
12.9330501556,80.2325668335,39471,39481,10
12.9322299957,80.2322769165,39481,39491,10
12.9311304092,80.2319107056,39491,39501,10
12.9299001694,80.231552124,39501,39511,10
12.9292497635,80.2314376831,39511,39522,11
12.9290599823,80.2313995361,39522,39532,10
12.9285001755,80.2312774658,39532,39542,10
12.9276599884,80.2311325073,39542,39552,10
12.9265604019,80.2310180664,39552,39562,10
12.9260702133,80.2309875488,39562,39572,10
12.9258403778,80.23097229,39572,39582,10
12.925239563,80.2308807373,39582,39592,10
12.9243803024,80.2307891846,39592,39603,11
12.9231700897,80.2306289673,39603,39613,10
12.9218997955,80.2304229736,39613,39623,10
12.9205198288,80.2302322388,39623,39633,10
12.9190502167,80.2300567627,39633,39643,10
12.9177503586,80.2298812866,39643,39653,10
12.9167604446,80.2297515869,39653,39663,10
12.915599823,80.2295837402,39663,39673,10
12.9144001007,80.2294082642,39673,39684,11
12.9133796692,80.2293167114,39684,39694,10
12.9133195877,80.2293167114,39694,39704,10
12.9131202698,80.2292709351,39704,39714,10
12.9125204086,80.2291717529,39714,39724,10
12.9116601944,80.2290496826,39724,39734,10
12.9105901718,80.2288970947,39734,39744,10
12.9093704224,80.2287063599,39744,39754,10
12.9081497192,80.2285003662,39754,39765,11
12.9069299698,80.2283401489,39765,39825,60
12.9069299698,80.2283401489,39825,39835,10
12.9068403244,80.2282409668,39835,39846,11
12.9063501358,80.228187561,39846,39856,10
12.9056301117,80.2281799316,39856,39866,10
12.9046297073,80.2281570435,39866,39876,10
12.9035301208,80.2281112671,39876,39886,10
12.9024200439,80.2280578613,39886,39896,10
12.9011697769,80.2280426025,39896,39987,91
12.9011697769,80.2280426025,39987,39997,10
12.9009199142,80.2279815674,39997,40008,11
12.9003801346,80.2279205322,40008,40018,10
12.8992996216,80.2279129028,40018,40048,30
12.8992996216,80.2279129028,40048,40058,10
12.899020195,80.2278900146,40058,40068,10
12.8983802795,80.2278366089,40068,40078,10
12.8975296021,80.2277984619,40078,40089,11
12.8963298798,80.2277526855,40089,40099,10
12.8950195313,80.2276763916,40099,40109,10
12.8936395645,80.2275619507,40109,40119,10
12.8924503326,80.227432251,40119,40129,10
12.8912200928,80.2273864746,40129,40139,10
12.889840126,80.2274017334,40139,40149,10
12.8884897232,80.2273712158,40149,40159,10
12.8872804642,80.2272415161,40159,40170,11
12.8859596252,80.2269363403,40170,40180,10
12.8849802017,80.2267608643,40180,40190,10
12.8848800659,80.2267532349,40190,40200,10
12.8846998215,80.2267303467,40200,40210,10
12.8841495514,80.2267303467,40210,40220,10
12.8833398819,80.2267379761,40220,40230,10
12.8822603226,80.2267608643,40230,40240,10
12.880979538,80.2267608643,40240,40250,10
12.8793802261,80.2267608643,40250,40261,11
12.8778800964,80.226852417,40261,40271,10
12.8769197464,80.2269363403,40271,40281,10
12.8767595291,80.2269821167,40281,40291,10
12.8764400482,80.2269973755,40291,40301,10
12.876250267,80.2269973755,40301,40311,10
12.8761196136,80.2269897461,40311,40321,10
12.8755903244,80.2269592285,40321,40331,10
12.8747701645,80.2268600464,40331,40342,11
12.8736200333,80.2267379761,40342,40352,10
12.8727397919,80.2267303467,40352,40372,20
12.8727397919,80.2267303467,40372,40382,10
12.872590065,80.2267227173,40382,40392,10
12.8720502853,80.2267074585,40392,40402,10
12.8712301254,80.2266616821,40402,40412,10
12.8701601028,80.2265777588,40412,40423,11
12.8687200546,80.2264328003,40423,40433,10
12.8672599792,80.2264709473,40433,40443,10
12.8664102554,80.2265625,40443,40453,10
12.8656597137,80.2266235352,40453,40463,10
12.864689827,80.2265930176,40463,40473,10
12.8635396957,80.2265396118,40473,40483,10
12.8622903824,80.2265625,40483,40493,10
12.8611402512,80.2266082764,40493,40504,11
12.8609304428,80.2266082764,40504,40514,10
12.8605098724,80.2265625,40514,40524,10
12.859749794,80.2264404297,40524,40534,10
12.8587398529,80.22631073,40534,40544,10
12.8575296402,80.226272583,40544,40554,10
12.8562097549,80.2264022827,40554,40564,10
12.8547401428,80.2265396118,40564,40574,10
12.8531799316,80.2266998291,40574,40585,11
12.8515300751,80.2266464233,40585,40595,10
12.8499698639,80.2266235352,40595,40615,20
12.8499698639,80.2266235352,40615,40625,10
12.8499097824,80.2265930176,40625,40635,10
12.8494796753,80.226600647,40635,40645,10
12.8486995697,80.226600647,40645,40655,10
12.8475799561,80.226600647,40655,40666,11
12.8462295532,80.2266235352,40666,40676,10
12.8454504013,80.2266387939,40676,40686,10
12.8453598022,80.2266387939,40686,40696,10
12.8453302383,80.2266387939,40696,40706,10
12.8448896408,80.2266769409,40706,40716,10
12.8440999985,80.2267532349,40716,40726,10
12.843000412,80.2268981934,40726,40736,10
12.8416795731,80.2271728516,40736,40747,11
12.8404197693,80.2275085449,40747,40757,10
12.8397397995,80.2276763916,40757,40787,30
12.8397397995,80.2276763916,40787,40797,10
12.8392801285,80.2277984619,40797,40807,10
12.83852005,80.2279968262,40807,40817,10
12.8374900818,80.2282333374,40817,40827,10
12.8362798691,80.2284317017,40827,40838,11
12.8352403641,80.2285995483,40838,40848,10
12.8340196609,80.2288208008,40848,40858,10
12.8326797485,80.229057312,40858,40868,10
12.8316802979,80.2292785645,40868,40888,20
12.8316802979,80.2292785645,40888,40898,10
12.8315696716,80.2293167114,40898,40908,10
12.8309803009,80.2294921875,40908,40919,11
12.8299198151,80.2298583984,40919,40929,10
12.8287200928,80.2303619385,40929,40939,10
12.8274803162,80.231048584,40939,40949,10
12.8262796402,80.2313766479,40949,40959,10
12.8255996704,80.2314605713,40959,40969,10
12.8250303268,80.2314605713,40969,40979,10
12.8240995407,80.2312698364,40979,40989,10
12.8228998184,80.2308883667,40989,41000,11
12.8215503693,80.2305221558,41000,41010,10
12.8203802109,80.2304916382,41010,41020,10
12.8193101883,80.2305221558,41020,41030,10
12.8182201385,80.2302093506,41030,41040,10
12.8171195984,80.2297210693,41040,41050,10
12.8157100677,80.2294082642,41050,41060,10
12.8141403198,80.2291488647,41060,41070,10
12.8126497269,80.2286834717,41070,41081,11
12.8109197617,80.2280502319,41081,41091,10
12.8095798492,80.2274932861,41091,41101,10
12.8085098267,80.2267684937,41101,41111,10
12.8074398041,80.2258377075,41111,41121,10
12.8066596985,80.2251586914,41121,41131,10
12.8060703278,80.2246170044,41131,41141,10
12.8054895401,80.2241592407,41141,41151,10
12.8050699234,80.2240371704,41151,41162,11
12.8050098419,80.2240219116,41162,41172,10
12.8045902252,80.2239532471,41172,41182,10
12.8037595749,80.2238922119,41182,41192,10
12.8027000427,80.223777771,41192,41202,10
12.8015203476,80.2236175537,41202,41212,10
12.8009796143,80.2236175537,41212,41222,10
12.8006801605,80.2235870361,41222,41232,10
12.7998800278,80.2235107422,41232,41243,11
12.7988996506,80.2234725952,41243,41253,10
12.7975502014,80.2232131958,41253,41263,10
12.7964601517,80.2229995728,41263,41273,10
12.7957201004,80.22290802,41273,41283,10
12.7955598831,80.2228927612,41283,41293,10
12.7948904037,80.2227630615,41293,41303,10
12.7938404083,80.2226028442,41303,41313,10
12.7925901413,80.2224121094,41313,41324,11
12.7901601791,80.2218170166,41324,41334,10
12.7901601791,80.2218170166,41334,41344,10
12.7896699905,80.2216796875,41344,41354,10
12.7891302109,80.2215118408,41354,41364,10
12.7884902954,80.2212600708,41364,41374,10
12.7878904343,80.2210388184,41374,41384,10
12.7870502472,80.220703125,41384,41407,23
12.7870502472,80.220703125,41407,41417,10
12.7865800858,80.2204971313,41417,41447,30
12.7865800858,80.2204971313,41447,41457,10
12.7865400314,80.220451355,41457,41467,10
12.7863397598,80.2203979492,41467,41477,10
12.7861995697,80.2204437256,41477,41488,11
12.7861795425,80.2206420898,41488,41498,10
12.7861700058,80.2209472656,41498,41508,10
12.7861700058,80.221321106,41508,41518,10
12.7862100601,80.2216186523,41518,41528,10
12.786190033,80.2219161987,41528,42044,516
12.786190033,80.2219161987,42044,42054,10
12.7861995697,80.2215499878,42054,42065,11
12.786190033,80.2212371826,42065,42075,10
12.7861700058,80.2211227417,42075,42085,10
12.7861700058,80.2209625244,42085,42095,10
12.7861795425,80.2206802368,42095,42105,10
12.7861995697,80.220413208,42105,42125,20
12.786450386,80.220413208,42125,42156,31
12.786450386,80.220413208,42156,42166,10
12.7867002487,80.2205200195,42166,42176,10
12.787150383,80.2206726074,42176,42186,10
12.7879199982,80.2209625244,42186,42196,10
12.7889499664,80.2213516235,42196,42206,10
12.7897996902,80.2216796875,42206,42216,10
12.7908201218,80.2219467163,42216,42227,11
12.792140007,80.2222824097,42227,42237,10
12.7934999466,80.2225189209,42237,42247,10
12.7949800491,80.2227478027,42247,42257,10
12.7964000702,80.2229614258,42257,42277,20
12.7964000702,80.2229614258,42277,42287,10
12.7964801788,80.2230224609,42287,42297,10
12.7968301773,80.2230834961,42297,42308,11
12.7976398468,80.2232208252,42308,42318,10
12.7986402512,80.2233581543,42318,42328,10
12.7998199463,80.2234420776,42328,42338,10
12.8011302948,80.2235565186,42338,42348,10
12.8023900986,80.2236862183,42348,42358,10
12.803440094,80.2238311768,42358,42368,10
12.8045597076,80.2239303589,42368,42378,10
12.8055095673,80.2241363525,42378,42389,11
12.805680275,80.2242431641,42389,42399,10
12.8060398102,80.2245178223,42399,42409,10
12.8066902161,80.2250976563,42409,42419,10
12.8075504303,80.2258300781,42419,42429,10
12.8085699081,80.2266998291,42429,42439,10
12.8098201752,80.2275390625,42439,42449,10
12.8113002777,80.2281494141,42449,42459,10
12.8128404617,80.2287063599,42459,42470,11
12.814620018,80.2292175293,42470,42480,10
12.8163003922,80.2294616699,42480,42490,10
12.8178796768,80.2299423218,42490,42500,10
12.8191795349,80.2304763794,42500,42510,10
12.8205003738,80.2304382324,42510,42520,10
12.8220901489,80.2305603027,42520,42530,10
12.8236703873,80.2310333252,42530,42540,10
12.8251304626,80.231338501,42540,42551,11
12.8265600204,80.2313079834,42551,42561,10
12.8276395798,80.2309570313,42561,42571,10
12.828499794,80.2304611206,42571,42581,10
12.8293895721,80.2300186157,42581,42591,10
12.830280304,80.2296829224,42591,42601,10
12.8310003281,80.2293930054,42601,42611,10
12.8310403824,80.2293777466,42611,42621,10
12.8311300278,80.229347229,42621,42632,11
12.8315696716,80.2292404175,42632,42662,30
12.8315696716,80.2292404175,42662,42672,10
12.831870079,80.2291564941,42672,42682,10
12.8325395584,80.229019165,42682,42692,10
12.8335599899,80.2288284302,42692,42702,10
12.8348302841,80.2285995483,42702,42712,10
12.8361997604,80.2284011841,42712,42723,11
12.8378295898,80.2281417847,42723,42733,10
12.8389997482,80.2278518677,42733,42743,10
12.8395395279,80.2277069092,42743,42763,20
12.8395395279,80.2277069092,42763,42773,10
12.8400096893,80.2275695801,42773,42783,10
12.8407497406,80.2273483276,42783,42793,10
12.8418302536,80.2270507813,42793,42804,11
12.843170166,80.2267837524,42804,42814,10
12.8443202972,80.226600647,42814,42824,10
12.8453502655,80.2265396118,42824,42834,10
12.845459938,80.2265396118,42834,42844,10
12.8456802368,80.2265167236,42844,42854,10
12.8463401794,80.2265396118,42854,42864,10
12.8473997116,80.2265319824,42864,42874,10
12.8487701416,80.2265167236,42874,42885,11
12.850520134,80.2265396118,42885,42895,10
12.8521203995,80.2266235352,42895,42905,10
12.8535995483,80.2266235352,42905,42915,10
12.855219841,80.2264404297,42915,42925,10
12.8569202423,80.2262573242,42925,42935,10
12.8584604263,80.2261886597,42935,42945,10
12.8600196838,80.2264175415,42945,42955,10
12.8611803055,80.2265167236,42955,42966,11
12.8625202179,80.2265014648,42966,42976,10
12.8638601303,80.2265014648,42976,42986,10
12.8653202057,80.2265167236,42986,42996,10
12.8668498993,80.2264633179,42996,43006,10
12.8683300018,80.2263412476,43006,43016,10
12.8697004318,80.2264633179,43016,43026,10
12.8711500168,80.2265930176,43026,43036,10
12.8724403381,80.2266082764,43036,43047,11
12.8737602234,80.2266616821,43047,43057,10
12.8749704361,80.2267990112,43057,43067,10
12.8760700226,80.2268676758,43067,43077,10
12.8766098022,80.2268600464,43077,43087,10
12.8767404556,80.226852417,43087,43097,10
12.8768997192,80.226852417,43097,43107,10
12.8775501251,80.2267990112,43107,43117,10
12.8785495758,80.2267379761,43117,43128,11
12.8799695969,80.2266998291,43128,43138,10
12.8813695908,80.2266769409,43138,43148,10
12.8828496933,80.2266693115,43148,43158,10
12.8842802048,80.2266464233,43158,43168,10
12.885219574,80.2266387939,43168,43178,10
12.8854999542,80.2266998291,43178,43188,10
12.8861904144,80.2268829346,43188,43198,10
12.8872203827,80.2271194458,43198,43209,11
12.8886203766,80.2272796631,43209,43219,10
12.8900604248,80.2272872925,43219,43229,10
12.891579628,80.2272796631,43229,43239,10
12.8925800323,80.2273178101,43239,43249,10
12.8933200836,80.2274398804,43249,43259,10
12.8943595886,80.2275466919,43259,43269,10
12.8956098557,80.2276077271,43269,43279,10
12.8969802856,80.2276611328,43279,43289,10
12.898349762,80.2277374268,43289,43300,11
12.8995704651,80.2278213501,43300,43310,10
12.9002799988,80.2278366089,43310,43320,10
12.9005002975,80.2278671265,43320,43330,10
12.9007701874,80.227897644,43330,43340,10
12.9009799957,80.2279281616,43340,43350,10
12.9012098312,80.2279586792,43350,43360,10
12.9015703201,80.2279663086,43360,43370,10
12.9020204544,80.2280426025,43370,43381,11
12.9026098251,80.2280502319,43381,43401,20
12.9026098251,80.2280502319,43401,43411,10
12.9028596878,80.2280197144,43411,43421,10
12.9030399323,80.2280273438,43421,43431,10
12.903670311,80.2280578613,43431,43441,10
12.9043798447,80.2281265259,43441,43451,10
12.9046201706,80.2281417847,43451,43462,11
12.9047002792,80.2281570435,43462,43472,10
12.90487957,80.2281799316,43472,43482,10
12.9051504135,80.228187561,43482,43492,10
12.9053897858,80.2282028198,43492,43522,30
12.9053897858,80.2282028198,43522,43532,10
12.9055099487,80.2282028198,43532,43543,11
12.9057502747,80.2282104492,43543,43553,10
12.9058198929,80.2282333374,43553,43563,10
12.9061203003,80.2282485962,43563,43573,10
12.9064702988,80.2282562256,43573,43613,40
12.9065799713,80.2282333374,43613,43634,21
12.9065799713,80.2282333374,43634,43644,10
12.906920433,80.2282485962,43644,43654,10
12.9070997238,80.2282562256,43654,43664,10
12.9076795578,80.2283325195,43664,43674,10
12.9086198807,80.228477478,43674,43684,10
12.9098396301,80.2286834717,43684,43694,10
12.9112195969,80.2288894653,43694,43705,11
12.9127397537,80.2291183472,43705,43715,10
12.9140195847,80.2292861938,43715,43745,30
12.9140195847,80.2292861938,43745,43755,10
12.9144296646,80.2293624878,43755,43765,10
12.9151096344,80.2294464111,43765,43775,10
12.9161300659,80.2296066284,43775,43786,11
12.9174804688,80.2297973633,43786,43796,10
12.9188299179,80.2299880981,43796,43806,10
12.92029953,80.2301712036,43806,43816,10
12.9218997955,80.2303619385,43816,43826,10
12.9235200882,80.2305984497,43826,43836,10
12.9250898361,80.2308120728,43836,43846,10
12.9263000488,80.2309188843,43846,43856,10
12.9264497757,80.2309417725,43856,43867,11
12.9268798828,80.2309875488,43867,43877,10
12.9276599884,80.231086731,43877,43887,10
12.9286603928,80.2312316895,43887,43897,10
12.9289398193,80.2312774658,43897,43907,10
12.9294395447,80.2313919067,43907,43917,10
12.930270195,80.2315826416,43917,43927,10
12.9313802719,80.2319335938,43927,43937,10
12.9326400757,80.2323608398,43937,43948,11
12.9336996078,80.2327728271,43948,43958,10
12.933719635,80.2327804565,43958,43968,10
12.933839798,80.2328414917,43968,43978,10
12.9343204498,80.2330780029,43978,43988,10
12.9351396561,80.2334518433,43988,43998,10
12.9361200333,80.2339172363,43998,44008,10
12.9372701645,80.2344665527,44008,44018,10
12.9385700226,80.2350997925,44018,44029,11
12.9398002625,80.2356567383,44029,44039,10
12.9399499893,80.2357406616,44039,44049,10
12.9401798248,80.2358627319,44049,44059,10
12.9407901764,80.2360305786,44059,44069,10
12.9417104721,80.2362518311,44069,44079,10
12.9427204132,80.2365875244,44079,44089,10
12.9437198639,80.2374191284,44089,44098,9
12.944609642,80.2384185791,44098,44110,12
12.9460000992,80.2394790649,44110,44120,10
12.9471197128,80.2399215698,44120,44130,10
12.9474096298,80.240020752,44130,44140,10
12.9474601746,80.2400436401,44140,44150,10
12.9478597641,80.2402191162,44150,44160,10
12.9484701157,80.240447998,44160,44170,10
12.9487400055,80.240562439,44170,44180,10
12.949379921,80.2408370972,44180,44191,11
12.9501800537,80.2410812378,44191,44201,10
12.9509401321,80.241317749,44201,44211,10
12.9510803223,80.2413711548,44211,44221,10
12.9515399933,80.2415313721,44221,44231,10
12.9522695541,80.2418212891,44231,44241,10
12.9532299042,80.2421798706,44241,44251,10
12.9539804459,80.242477417,44251,44261,10
12.9548597336,80.2428436279,44261,44271,10
12.9555397034,80.2430801392,44271,44282,11
12.9562196732,80.243309021,44282,44352,70
12.9562196732,80.243309021,44352,44363,11
12.9565696716,80.2433700562,44363,44373,10
12.9570503235,80.2436294556,44373,44383,10
12.9578104019,80.2439804077,44383,44393,10
12.9586400986,80.2443237305,44393,44403,10
12.9589195251,80.2444610596,44403,44413,10
12.9593000412,80.2446594238,44413,44423,10
12.9599103928,80.2449493408,44423,44433,10
12.9607801437,80.2453308105,44433,44444,11
12.9618902206,80.24584198,44444,44454,10
12.9626903534,80.2462463379,44454,44464,10
12.9630403519,80.2464294434,44464,44474,10
12.9631996155,80.2464904785,44474,44484,10
12.9634799957,80.2466430664,44484,44494,10
12.964050293,80.246887207,44494,44504,10
12.9648599625,80.2472000122,44504,44514,10
12.9658498764,80.247543335,44514,44525,11
12.9667301178,80.2478790283,44525,44545,20
12.9667301178,80.2478790283,44545,44555,10
12.9670801163,80.2480697632,44555,44565,10
12.9677400589,80.2483596802,44565,44575,10
12.9686899185,80.2487792969,44575,44585,10
12.9698600769,80.2491912842,44585,44595,10
12.9711799622,80.249671936,44595,44606,11
12.972820282,80.2501220703,44606,44616,10
12.974029541,80.2504425049,44616,44626,10
12.9751396179,80.2507476807,44626,44636,10
12.976269722,80.2510528564,44636,44646,10
12.9772195816,80.251411438,44646,44656,10
12.9780797958,80.2520599365,44656,44666,10
12.9787797928,80.2524490356,44666,44676,10
12.9789600372,80.2525100708,44676,44687,11
12.9795303345,80.2525787354,44687,44697,10
12.9800901413,80.2526092529,44697,44707,10
12.9804897308,80.2526016235,44707,44717,10
12.9809503555,80.2525863647,44717,44727,10
12.9816503525,80.2526016235,44727,44737,10
12.9826402664,80.2525634766,44737,44747,10
12.9837903976,80.2524032593,44747,44757,10
12.9847202301,80.2521591187,44757,44768,11
12.9854402542,80.2519607544,44768,44778,10
12.9859399796,80.2518005371,44778,44788,10
12.9862804413,80.2517166138,44788,44798,10
12.9868497849,80.2515869141,44798,44808,10
12.9874601364,80.2513580322,44808,44909,101
12.9874601364,80.2513580322,44909,44919,10
12.9875497818,80.2513427734,44919,44930,11
12.9880800247,80.2512435913,44930,44940,10
12.9889202118,80.2510299683,44940,44950,10
12.9895801544,80.2508468628,44950,44960,10
12.9896602631,80.2508392334,44960,44970,10
12.9901199341,80.2507629395,44970,44980,10
12.9907398224,80.2506027222,44980,44990,10
12.9919204712,80.2503128052,44990,45000,10
12.9931201935,80.2500228882,45000,45011,11
12.9946203232,80.2496337891,45011,45021,10
12.9960298538,80.2492828369,45021,45031,10
12.9974298477,80.2489395142,45031,45041,10
12.9985904694,80.2486495972,45041,45051,10
13.0002803802,80.2482376099,45051,45061,10
13.0014095306,80.2479476929,45061,45070,9
13.0028896332,80.2475967407,45070,45081,11
13.0041599274,80.2473983765,45081,45092,11
13.0058603287,80.2471008301,45092,45102,10
13.0065002441,80.2464599609,45102,45112,10
13.0065402985,80.2463912964,45112,45122,10
13.0065803528,80.2460479736,45122,45132,10
13.0066299438,80.245300293,45132,45142,10
13.0065002441,80.2444915771,45142,45152,10
13.0065402985,80.2434921265,45152,45162,10
13.0065603256,80.2424163818,45162,45172,10
13.0066299438,80.2411499023,45172,45183,11
13.0067195892,80.2403717041,45183,45193,10
13.0067996979,80.2395706177,45193,45203,10
13.0070199966,80.2384567261,45203,45213,10
13.0072898865,80.2374420166,45213,45223,10
13.0073604584,80.2367324829,45223,45233,10
13.0074100494,80.2366409302,45233,45243,10
13.007519722,80.2363433838,45243,45253,10
13.0076599121,80.235710144,45253,45264,11
13.0078296661,80.2347793579,45264,45274,10
13.0080604553,80.2336425781,45274,45284,10
13.008310318,80.2324905396,45284,45294,10
13.0085096359,80.2314605713,45294,45304,10
13.0086803436,80.2304992676,45304,45314,10
13.0089101791,80.2293777466,45314,45324,10
13.0091199875,80.2282562256,45324,45334,10
13.009519577,80.2272796631,45334,45345,11
13.0099000931,80.2264404297,45345,45355,10
13.0101099014,80.2259597778,45355,45365,10
13.0102796555,80.2256164551,45365,45375,10
13.0104398727,80.2253112793,45375,45385,10
13.0105695724,80.2250289917,45385,45395,10
13.0107002258,80.2247314453,45395,45405,10
13.0107898712,80.2245407104,45405,45415,10
13.0109701157,80.224067688,45415,45426,11
13.0111999512,80.2235336304,45426,45436,10
13.0114297867,80.2229995728,45436,45446,10
13.0116195679,80.2222900391,45446,45456,10
13.0119800568,80.2215805054,45456,45466,10
13.0122203827,80.2214813232,45466,45476,10
13.0124101639,80.2216873169,45476,45486,10
13.0127401352,80.2221603394,45486,45496,10
13.0131196976,80.2225265503,45496,45507,11
13.0135002136,80.2228775024,45507,45517,10
13.0138502121,80.2232589722,45517,45527,10
13.0142002106,80.2236862183,45527,45537,10
13.0147399902,80.2243423462,45537,45547,10
13.0154800415,80.2249679565,45547,45567,20
13.0154800415,80.2249679565,45567,45577,10
13.0157804489,80.2252883911,45577,45588,11
13.0164499283,80.2253417969,45588,45598,10
13.0172700882,80.2250289917,45598,45608,10
13.0181303024,80.2246780396,45608,45618,10
13.0188798904,80.2243499756,45618,45628,10
13.0193996429,80.2243118286,45628,45658,30
13.0193996429,80.2243118286,45658,45669,11
13.0194997787,80.2244033813,45669,45679,10
13.0196199417,80.2245101929,45679,45689,10
13.0199804306,80.2247619629,45689,45699,10
13.0204801559,80.2251205444,45699,45709,10
13.0208997726,80.2254180908,45709,45719,10
13.0212802887,80.2257385254,45719,45729,10
13.021900177,80.2262115479,45729,45739,10
13.0225696564,80.2267990112,45739,45750,11
13.0234098434,80.2275390625,45750,45760,10
13.0241603851,80.2282028198,45760,45780,20
13.0241603851,80.2282028198,45780,45790,10
13.0242900848,80.2283477783,45790,45800,10
13.0243797302,80.2285003662,45800,45810,10
13.0241603851,80.228553772,45810,45820,10
13.0238304138,80.2281112671,45820,45831,11
13.0234804153,80.2277679443,45831,45972,141
13.023440361,80.2275390625,45972,46053,81
13.023440361,80.2275390625,46053,46063,10
13.0234003067,80.2275390625,46063,46074,11
13.0232200623,80.2273788452,46074,46084,10
13.0230503082,80.2271881104,46084,46094,10
13.0228700638,80.2270278931,46094,46104,10
13.0227003098,80.2269134521,46104,46124,20
13.0227003098,80.2269134521,46124,46134,10
13.0225801468,80.2267532349,46134,46144,10
13.0225400925,80.2267074585,46144,46155,11
13.022310257,80.2265014648,46155,46165,10
13.0217599869,80.2260665894,46165,46175,10
13.021109581,80.2255706787,46175,46185,10
13.0203800201,80.2250823975,46185,46195,10
13.0199604034,80.224822998,46195,46205,10
13.0195798874,80.224609375,46205,46215,10
13.0188798904,80.2245178223,46215,46225,10
13.018119812,80.2248001099,46225,46236,11
13.0174102783,80.2250900269,46236,46246,10
13.0166597366,80.225402832,46246,46256,10
13.015999794,80.2256164551,46256,46266,10
13.0151901245,80.2259368896,46266,46276,10
13.01445961,80.2262573242,46276,46286,10
13.0142803192,80.2263412476,46286,46296,10
13.0140695572,80.2264022827,46296,46306,10
13.0135202408,80.2266082764,46306,46316,10
13.0126895905,80.2269363403,46316,46327,11
13.0115098953,80.2274093628,46327,46337,10
13.0103702545,80.2278518677,46337,46347,10
13.0093002319,80.2283401489,46347,46357,10
13.0089597702,80.2294387817,46357,46367,10
13.0087203979,80.2306594849,46367,46377,10
13.0085201263,80.2317962646,46377,46387,10
13.0083198547,80.2330093384,46387,46397,10
13.0082101822,80.2337265015,46397,46408,11
13.0081501007,80.2338027954,46408,46418,10
13.0080499649,80.2341918945,46418,46428,10
13.0078697205,80.2349624634,46428,46438,10
13.0076599121,80.236000061,46438,46448,10
13.0074300766,80.2372436523,46448,46458,10
13.0072498322,80.2383422852,46458,46468,10
13.0070896149,80.2392501831,46468,46478,10
13.0070295334,80.2395172119,46478,46489,11
13.0068998337,80.2401428223,46489,46559,70
13.0068998337,80.2401428223,46559,46570,11
13.0068702698,80.2403793335,46570,46580,10
13.0068101883,80.2407836914,46580,46590,10
13.0067796707,80.2408065796,46590,46600,10
13.0067596436,80.2411880493,46600,46610,10
13.0067195892,80.241897583,46610,46620,10
13.0067300797,80.2425918579,46620,46630,10
13.0067195892,80.2426986694,46630,46640,10
13.0066795349,80.243019104,46640,46651,11
13.0066795349,80.2432479858,46651,46661,10
13.0066795349,80.2436218262,46661,46671,10
13.0066699982,80.2440719604,46671,46681,10
13.0066604614,80.2446212769,46681,46691,10
13.0066900253,80.2451782227,46691,46701,10
13.0067195892,80.2457275391,46701,46762,61
13.0067195892,80.2457275391,46762,46772,10
13.0066995621,80.2461090088,46772,46782,10
13.0067195892,80.2463226318,46782,46792,10
13.0067396164,80.2467498779,46792,46802,10
13.0065097809,80.2473220825,46802,46813,11
13.0061197281,80.2473602295,46813,46823,10
13.005979538,80.2473831177,46823,46833,10
13.0053396225,80.2473678589,46833,46843,10
13.0044202805,80.247428894,46843,46853,10
13.0032300949,80.2476196289,46853,46863,10
13.0022802353,80.2478179932,46863,46873,10
13.001449585,80.2480316162,46873,46883,10
13.0003404617,80.248298645,46883,46894,11
12.9988603592,80.2486495972,46894,46904,10
12.997759819,80.2489776611,46904,46914,10
12.9975996017,80.2490234375,46914,46924,10
12.997130394,80.249130249,46924,46934,10
12.9962902069,80.2493362427,46934,46944,10
12.9952001572,80.2496185303,46944,46954,10
12.9939498901,80.2499389648,46954,46964,10
12.9926795959,80.2502365112,46964,46975,11
12.9909200668,80.2506866455,46975,46995,20
12.9909200668,80.2506866455,46995,47005,10
12.9905195236,80.2507476807,47005,47015,10
12.9897499084,80.2509307861,47015,47025,10
12.9891004562,80.2510528564,47025,47076,51
12.9891004562,80.2510528564,47076,47086,10
12.9887399673,80.2510375977,47086,47096,10
12.9884395599,80.2511672974,47096,47106,10
12.9881000519,80.2512969971,47106,47116,10
12.9877996445,80.251411438,47116,47126,10
12.9872903824,80.2515563965,47126,47137,11
12.9868001938,80.2517166138,47137,47147,10
12.9866695404,80.2517623901,47147,47157,10
12.9862699509,80.2518615723,47157,47167,10
12.9854898453,80.2520370483,47167,47177,10
12.9843902588,80.2523269653,47177,47187,10
12.9832201004,80.2526016235,47187,47197,10
12.9820604324,80.2526779175,47197,47207,10
12.9808101654,80.2527236938,47207,47218,11
12.9798498154,80.2527999878,47218,47228,10
12.979060173,80.2526931763,47228,47238,10
12.9785604477,80.2525787354,47238,47248,10
12.9784297943,80.2524871826,47248,47258,10
12.9779195786,80.2520675659,47258,47268,10
12.9771203995,80.2514572144,47268,47278,10
12.9759597778,80.2510528564,47278,47288,10
12.9747896194,80.2507324219,47288,47298,10
12.9734401703,80.2503585815,47298,47309,11
12.9721403122,80.2500228882,47309,47319,10
12.9708499908,80.249671936,47319,47329,10
12.969619751,80.2492294312,47329,47339,10
12.9684095383,80.2487716675,47339,47349,10
12.967209816,80.2482376099,47349,47359,10
12.966219902,80.2477798462,47359,47369,10
12.9652099609,80.2474136353,47369,47379,10
12.9649896622,80.2473220825,47379,47390,11
12.964509964,80.2471389771,47390,47400,10
12.9636297226,80.2468032837,47400,47420,20
12.9636297226,80.2468032837,47420,47430,10
12.9634504318,80.2466964722,47430,47440,10
12.9628696442,80.2463989258,47440,47450,10
12.961930275,80.2459487915,47450,47460,10
12.9607601166,80.2453918457,47460,47471,11
12.9595098495,80.2448577881,47471,47481,10
12.9589500427,80.2445831299,47481,47491,10
12.9582099915,80.2442626953,47491,47501,10
12.9576396942,80.2440719604,47501,47511,10
12.9568796158,80.2438201904,47511,47582,71
12.9568796158,80.2438201904,47582,47592,10
12.9565401077,80.2436981201,47592,47612,20
12.9565401077,80.2436981201,47612,47622,10
12.9562501907,80.2436065674,47622,47633,11
12.9555301666,80.2432327271,47633,47643,10
12.9545602798,80.2427825928,47643,47653,10
12.953499794,80.2423629761,47653,47663,10
12.9523601532,80.2418899536,47663,47673,10
12.9515895844,80.2416534424,47673,47683,10
12.9512996674,80.2415237427,47683,47693,10
12.9506196976,80.2412567139,47693,47703,10
12.9497299194,80.2409973145,47703,47714,11
12.9495000839,80.2409362793,47714,47724,10
12.9493503571,80.2409210205,47724,47734,10
12.9490203857,80.2407836914,47734,47744,10
12.9487800598,80.2406463623,47744,47754,10
12.9485797882,80.240562439,47754,47764,10
12.9480600357,80.2403564453,47764,47774,10
12.9472999573,80.2400512695,47774,47784,10
12.9471502304,80.239982605,47784,47795,11
12.9468402863,80.2398300171,47795,47805,10
12.946149826,80.2395324707,47805,47815,10
12.9452199936,80.2390289307,47815,47825,10
12.9443101883,80.2380828857,47825,47835,10
12.94328022,80.2369918823,47835,47845,10
12.9418401718,80.2362670898,47845,47855,10
12.940369606,80.2359085083,47855,47865,10
12.9396400452,80.2356872559,47865,47876,11
12.9394302368,80.2355880737,47876,47886,10
12.9387702942,80.2352523804,47886,47896,10
12.9378299713,80.2347564697,47896,47906,10
12.9366798401,80.2341918945,47906,47916,10
12.9354896545,80.2336196899,47916,47926,10
12.9345302582,80.2331771851,47926,47936,10
12.9339103699,80.2329025269,47936,47946,10
12.9336996078,80.2328262329,47946,47957,11
12.933259964,80.2326202393,47957,47967,10
12.9324598312,80.2322998047,47967,47977,10
12.9313001633,80.2319107056,47977,47987,10
12.9300403595,80.2315368652,47987,47997,10
12.929189682,80.2313690186,47997,48007,10
12.9285402298,80.2312164307,48007,48017,10
12.9275503159,80.2311019897,48017,48027,10
12.9265003204,80.2309875488,48027,48037,10
12.9259595871,80.2309494019,48037,48048,11
12.9258804321,80.2309494019,48048,48058,10
12.9254598618,80.2308807373,48058,48068,10
12.9247102737,80.230796814,48068,48078,10
12.923740387,80.230682373,48078,48088,10
12.922659874,80.2305297852,48088,48098,10
12.9212903976,80.2303237915,48098,48108,10
12.919719696,80.2301330566,48108,48118,10
12.9185800552,80.2299575806,48118,48129,11
12.9170999527,80.2297592163,48129,48139,10
12.9155502319,80.2295379639,48139,48149,10
12.9141197205,80.2293395996,48149,48159,10
12.9132604599,80.2292785645,48159,48169,10
12.9131803513,80.2292480469,48169,48179,10
12.9126796722,80.2291793823,48179,48189,10
12.9117698669,80.2290496826,48189,48199,10
12.9105396271,80.2288513184,48199,48210,11
12.9089403152,80.2285766602,48210,48220,10
12.9069404602,80.2282791138,48220,48240,20
12.9069404602,80.2282791138,48240,48250,10
12.9066095352,80.2282562256,48250,48260,10
12.9058103561,80.2282028198,48260,48270,10
12.904709816,80.2281417847,48270,48280,10
12.9035301208,80.2281036377,48280,48291,11
12.902130127,80.2280426025,48291,48301,10
12.9013795853,80.228012085,48301,48311,10
12.9012002945,80.2280197144,48311,48321,10
12.900850296,80.2279510498,48321,48331,10
12.9002199173,80.2278900146,48331,48341,10
12.8995199203,80.2278594971,48341,48351,10
12.8992395401,80.2278366089,48351,48361,10
12.8992204666,80.2278137207,48361,48372,11
12.8988304138,80.2277908325,48372,48382,10
12.8980798721,80.2277603149,48382,48392,10
12.8970403671,80.2276992798,48392,48402,10
12.8957700729,80.2276611328,48402,48412,10
12.8943996429,80.2276077271,48412,48422,10
12.8930797577,80.2274703979,48422,48432,10
12.8923902512,80.2273864746,48432,48442,10
12.8917703629,80.2273712158,48442,48453,11
12.8905000687,80.2273483276,48453,48463,10
12.8892402649,80.2273406982,48463,48473,10
12.888010025,80.2272796631,48473,48483,10
12.8866195679,80.2270584106,48483,48493,10
12.8852796555,80.2267608643,48493,48503,10
12.8848304749,80.2267074585,48503,48513,10
12.8845596313,80.2266998291,48513,48523,10
12.8838195801,80.2266921997,48523,48534,11
12.882610321,80.2266921997,48534,48544,10
12.8812799454,80.2266998291,48544,48554,10
12.8797998428,80.2266921997,48554,48564,10
12.8782701492,80.2267684937,48564,48574,10
12.8771400452,80.2268676758,48574,48584,10
12.8769397736,80.2268981934,48584,48594,10
12.8767595291,80.2269363403,48594,48604,10
12.8763799667,80.2269668579,48604,48615,11
12.8755502701,80.2269515991,48615,48625,10
12.8744497299,80.2268295288,48625,48635,10
12.8732700348,80.2266998291,48635,48645,10
12.8726501465,80.2266998291,48645,48655,10
12.8722801208,80.2266998291,48655,48665,10
12.8714799881,80.2266616821,48665,48675,10
12.8703804016,80.2265930176,48675,48685,10
12.8690900803,80.2264404297,48685,48696,11
12.8675003052,80.2264099121,48696,48706,10
12.8659896851,80.2265625,48706,48716,10
12.8644104004,80.2265625,48716,48726,10
12.862830162,80.2265396118,48726,48736,10
12.8614597321,80.2266082764,48736,48746,10
12.8609304428,80.2266082764,48746,48756,10
12.8606004715,80.2265930176,48756,48766,10
12.8598499298,80.2264785767,48766,48776,10
12.8587999344,80.22631073,48776,48787,11
12.8574895859,80.2262496948,48787,48797,10
12.8561496735,80.2263793945,48797,48807,10
12.8546695709,80.2265396118,48807,48817,10
12.8530902863,80.2266769409,48817,48827,10
12.8515796661,80.2266464233,48827,48837,10
12.8500900269,80.2265777588,48837,48847,10
12.8485403061,80.2265777588,48847,48857,10
12.8469800949,80.2266235352,48857,48868,11
12.8459100723,80.2266464233,48868,48878,10
12.8454704285,80.2266387939,48878,48888,10
12.845459938,80.226600647,48888,48898,10
12.8450403214,80.226600647,48898,48908,10
12.8442296982,80.2266693115,48908,48918,10
12.8431301117,80.2268218994,48918,48928,10
12.8418302536,80.2270965576,48928,48938,10
12.8405303955,80.2274475098,48938,48949,11
12.8398199081,80.2276687622,48949,48989,40
12.8398199081,80.2276687622,48989,48999,10
12.839509964,80.227722168,48999,49009,10
12.8388500214,80.2279434204,49009,49019,10
12.8378295898,80.2282104492,49019,49030,11
12.8364295959,80.2284393311,49030,49040,10
12.834980011,80.2286376953,49040,49050,10
12.8334999084,80.2288894653,49050,49060,10
12.8323297501,80.2291030884,49060,49070,10
12.8318500519,80.2292175293,49070,49080,10
12.8318395615,80.2292175293,49080,49090,10
12.8315896988,80.2291107178,49090,49100,10
12.8315401077,80.2289199829,49100,49111,11
12.8315095901,80.2285995483,49111,49121,10
12.8313903809,80.2279205322,49121,49131,10
12.8311700821,80.2269363403,49131,49141,10
12.8310403824,80.2256698608,49141,49151,10
12.8310499191,80.2247619629,49151,49161,10
12.8310499191,80.2244033813,49161,49171,10
12.8310499191,80.2236480713,49171,49181,10
12.8310604095,80.222618103,49181,49192,11
12.8310604095,80.2221603394,49192,49202,10
12.8310604095,80.2216186523,49202,49212,10
12.8310804367,80.220741272,49212,49222,10
12.8311004639,80.2198867798,49222,49232,10
12.8310604095,80.2195587158,49232,49242,10
12.8304901123,80.2194366455,49242,49252,10
12.8295602798,80.2194366455,49252,49262,10
12.8277902603,80.2194595337,49262,49283,21
12.8277902603,80.2194595337,49283,49293,10
12.8276796341,80.2194671631,49293,49303,10
12.8273801804,80.2194366455,49303,49313,10
12.8266496658,80.2194366455,49313,49323,10
12.8261003494,80.2194290161,49323,49332,9
12.8258895874,80.2193069458,49332,49343,11
12.8258600235,80.2190093994,49343,49354,11
12.8258695602,80.2183227539,49354,49364,10
12.8259000778,80.2172622681,49364,49374,10
12.8258895874,80.216178894,49374,49384,10
12.8255996704,80.216003418,49384,49394,10
12.825220108,80.2160110474,49394,49404,10
12.8247098923,80.2159805298,49404,51368,1964
12.8247098923,80.2159805298,51368,51378,10
12.8245201111,80.2159194946,51378,51389,11
12.8240203857,80.2159500122,51389,51399,10
12.8232803345,80.2159500122,51399,51409,10
12.8227796555,80.2159576416,51409,51419,10
12.8226604462,80.216293335,51419,51429,10
12.8226604462,80.217048645,51429,51439,10
12.8226499557,80.2179412842,51439,51448,9
12.8226499557,80.2188796997,51448,51459,11
12.8226804733,80.2192077637,51459,51470,11
12.8232803345,80.2194137573,51470,51480,10
12.8241500854,80.2194366455,51480,51490,10
12.8250303268,80.2194595337,51490,51500,10
12.8254203796,80.2194900513,51500,51510,10
12.8256702423,80.2195281982,51510,51520,10
12.8259801865,80.2194976807,51520,51530,10
12.8266401291,80.2194595337,51530,51540,10
12.8273801804,80.2194366455,51540,51551,11
12.8276796341,80.2193984985,51551,51561,10
12.8277902603,80.2193832397,51561,51571,10
12.8282604218,80.2193832397,51571,51581,10
12.829079628,80.2193984985,51581,51591,10
12.830160141,80.2194213867,51591,51601,10
12.830909729,80.2194519043,51601,51611,10
12.8311796188,80.219619751,51611,51621,10
12.8311901093,80.2199935913,51621,51632,11
12.8311901093,80.2208709717,51632,51642,10
12.8311796188,80.2217788696,51642,51652,10
12.8311595917,80.2221908569,51652,51662,10
12.8311595917,80.2227478027,51662,51672,10
12.8311500549,80.2236862183,51672,51682,10
12.8311395645,80.2245483398,51682,51692,10
12.8311395645,80.2249679565,51692,51702,10
12.8311395645,80.2257766724,51702,51712,10
12.8312397003,80.226852417,51712,51723,11
12.8314599991,80.2279586792,51723,51733,10
12.8316698074,80.2288284302,51733,51743,10
12.831700325,80.2289962769,51743,51753,10
12.8319597244,80.2291030884,51753,51763,10
12.8321304321,80.2290496826,51763,51773,10
12.8326597214,80.2289505005,51773,51783,10
12.8329896927,80.2288894653,51783,51793,10
12.8337402344,80.228767395,51793,51804,11
12.834980011,80.2285614014,51804,51814,10
12.8362903595,80.2283706665,51814,51824,10
12.8376502991,80.2281570435,51824,51834,10
12.8388595581,80.2278823853,51834,51844,10
12.8394403458,80.2276763916,51844,51854,10
12.8395996094,80.2276382446,51854,51864,10
12.8402299881,80.2274932861,51864,51874,10
12.8411598206,80.2272567749,51874,51885,11
12.8424196243,80.2269287109,51885,51895,10
12.8436203003,80.2267074585,51895,51905,10
12.8447904587,80.2265701294,51905,51915,10
12.8453903198,80.2265319824,51915,51945,30
12.8453903198,80.2265319824,51945,51955,10
12.8457403183,80.2265625,51955,51966,11
12.8465499878,80.2265396118,51966,51976,10
12.8476200104,80.2265319824,51976,51986,10
12.8487901688,80.2265319824,51986,51996,10
12.8498001099,80.2264862061,51996,52006,10
12.8500699997,80.2264862061,52006,52016,10
12.8502197266,80.2265014648,52016,52026,10
12.8507604599,80.2265090942,52026,52036,10
12.8515901566,80.2265777588,52036,52047,11
12.852689743,80.2266464233,52047,52057,10
12.8537902832,80.2265930176,52057,52067,10
12.854929924,80.2264480591,52067,52077,10
12.8561496735,80.22631073,52077,52087,10
12.8573303223,80.2261810303,52087,52097,10
12.858420372,80.2261810303,52097,52107,10
12.8595199585,80.2263183594,52107,52117,10
12.8607797623,80.2264785767,52117,52138,21
12.8607797623,80.2264785767,52138,52148,10
12.8613100052,80.2265396118,52148,52158,10
12.8621196747,80.2265014648,52158,52168,10
12.8631601334,80.2264633179,52168,52178,10
12.8643302917,80.2264785767,52178,52188,10
12.8655796051,80.2265167236,52188,52200,12
12.8667697906,80.2264404297,52200,52211,11
12.8682003021,80.22631073,52211,52221,10
12.8693504333,80.2264099121,52221,52231,10
12.8704595566,80.2265472412,52231,52241,10
12.8714504242,80.2265930176,52241,52251,10
12.8718595505,80.226600647,52251,52260,9
12.8725404739,80.226600647,52260,52271,11
12.8728199005,80.226600647,52271,52281,10
12.8731298447,80.226600647,52281,52292,11
12.8739500046,80.2266464233,52292,52302,10
12.8749704361,80.2267913818,52302,52312,10
12.8760204315,80.2268600464,52312,52322,10
12.8766298294,80.226852417,52322,52332,10
12.8767299652,80.2268295288,52332,52342,10
12.8771800995,80.2268066406,52342,52352,10
12.8779802322,80.2267532349,52352,52362,10
12.8790302277,80.2266769409,52362,52373,11
12.8803596497,80.2266464233,52373,52383,10
12.881529808,80.2266387939,52383,52393,10
12.8826999664,80.2266311646,52393,52403,10
12.8838796616,80.2266235352,52403,52413,10
12.8848800659,80.2266235352,52413,52423,10
12.885219574,80.2266235352,52423,52433,10
12.8854598999,80.2266769409,52433,52443,10
12.8861198425,80.2268371582,52443,52454,11
12.8871498108,80.2271194458,52454,52464,10
12.8882598877,80.2272567749,52464,52474,10
12.8894796371,80.2272872925,52474,52484,10
12.8907003403,80.2272872925,52484,52494,10
12.8918399811,80.2273025513,52494,52504,10
12.8926897049,80.2273483276,52504,52514,10
12.8940000534,80.2275238037,52514,52524,10
12.8950395584,80.2275924683,52524,52534,10
12.8962097168,80.2276306152,52534,52545,11
12.8973197937,80.2276687622,52545,52555,10
12.8984098434,80.2277374268,52555,52565,10
12.8993902206,80.2277984619,52565,52575,10
12.9003000259,80.2278366089,52575,52585,10
12.9008598328,80.2278671265,52585,52595,10
12.9013795853,80.227897644,52595,52605,10
12.9020004272,80.2279129028,52605,52615,10
12.9024295807,80.2279281616,52615,52626,11
12.9024896622,80.2279205322,52626,52636,10
12.9028501511,80.2279586792,52636,52646,10
12.9035596848,80.2279968262,52646,52656,10
12.9043598175,80.2280426025,52656,52666,10
12.9051399231,80.2281036377,52666,52676,10
12.9057998657,80.2281112671,52676,52686,10
12.9062004089,80.2281570435,52686,52727,41
12.9062004089,80.2281570435,52727,52737,10
12.9064903259,80.228187561,52737,52747,10
12.9068698883,80.2282104492,52747,52757,10
12.9073200226,80.2282714844,52757,52767,10
12.9081497192,80.2283935547,52767,52777,10
12.9092597961,80.2285614014,52777,52788,11
12.9104003906,80.228729248,52788,52798,10
12.9113101959,80.2288818359,52798,52808,10
12.9122200012,80.229019165,52808,52818,10
12.9131603241,80.2291488647,52818,52828,10
12.9139795303,80.2292327881,52828,52838,10
12.9140901566,80.2292633057,52838,52848,10
12.9140996933,80.2292633057,52848,52858,10
12.9143695831,80.229309082,52858,52869,11
12.9152202606,80.2294235229,52869,52879,10
12.9163398743,80.2295837402,52879,52889,10
12.9176397324,80.2297286987,52889,52899,10
12.9189901352,80.2299423218,52899,52909,10
12.9202003479,80.2301025391,52909,52919,10
12.9215202332,80.2302627563,52919,52929,10
12.9228200912,80.2304534912,52929,52939,10
12.9239597321,80.2306213379,52939,52950,11
12.9251699448,80.2307891846,52950,52960,10
12.9261798859,80.2309036255,52960,52970,10
12.9270401001,80.231010437,52970,52980,10
12.9276800156,80.2310714722,52980,52990,10
12.9281997681,80.2311477661,52990,53000,10
12.9290895462,80.231300354,53000,53010,10
12.9302396774,80.2315826416,53010,53020,10
12.9314203262,80.2319412231,53020,53031,11
12.9325399399,80.2322998047,53031,53041,10
12.9334001541,80.2325973511,53041,53051,10
12.9335899353,80.2326812744,53051,53061,10
12.9337902069,80.2327575684,53061,53071,10
12.9343900681,80.2330703735,53071,53081,10
12.935210228,80.2334289551,53081,53091,10
12.9354600906,80.2335586548,53091,53101,10
12.9357004166,80.2336730957,53101,53112,11
12.9363803864,80.2339935303,53112,53122,10
12.9372997284,80.2344207764,53122,53132,10
12.9383497238,80.234916687,53132,53142,10
12.9392595291,80.2353515625,53142,53152,10
12.9396600723,80.2355422974,53152,53162,10
12.9397296906,80.2355880737,53162,53172,10
12.9397602081,80.2356109619,53172,53182,10
12.9400596619,80.2357406616,53182,53192,10
12.9407596588,80.2359390259,53192,53203,11
12.9416904449,80.2361526489,53203,53213,10
12.9431495667,80.2367782593,53213,53223,10
12.9442195892,80.2378768921,53223,53233,10
12.9452199936,80.2389526367,53233,53243,10
12.9463996887,80.2395935059,53243,53253,10
12.947259903,80.2399597168,53253,53263,10
12.9475498199,80.2400436401,53263,53273,10
12.9480695724,80.2402496338,53273,53284,11
12.9485397339,80.2404403687,53284,53294,10
12.9485998154,80.2404785156,53294,53304,10
12.9488697052,80.2405929565,53304,53314,10
12.9494104385,80.2408065796,53314,53324,10
12.9501399994,80.2410430908,53324,53334,10
12.9506998062,80.2412261963,53334,53344,10
12.9511299133,80.2413635254,53344,53354,10
12.9514904022,80.2414627075,53354,53365,11
12.9516801834,80.2415084839,53365,53375,10
12.9523000717,80.2417373657,53375,53385,10
12.9532604218,80.2421188354,53385,53395,10
12.95429039,80.2425384521,53395,53405,10
12.9551095963,80.2428588867,53405,53415,10
12.9563598633,80.2433013916,53415,53435,20
12.9563598633,80.2433013916,53435,53446,11
12.9567804337,80.2434997559,53446,53456,10
12.9576196671,80.243888855,53456,53466,10
12.9586296082,80.2443084717,53466,53476,10
12.9588899612,80.2444076538,53476,53486,10
12.9590101242,80.2444610596,53486,53496,10
12.9595804214,80.244720459,53496,53506,10
12.960439682,80.2451095581,53506,53516,10
12.9615602493,80.2456512451,53516,53527,11
12.9628200531,80.2462615967,53527,53537,10
12.9633598328,80.2465133667,53537,53577,40
12.9633598328,80.2465133667,53577,53587,10
12.9635601044,80.2464981079,53587,53597,10
12.964050293,80.2467498779,53597,53608,11
12.9650096893,80.2471618652,53608,53618,10
12.9661197662,80.2475662231,53618,53628,10
12.9667797089,80.247833252,53628,53638,10
12.966799736,80.2478485107,53638,53648,10
12.9668798447,80.2479171753,53648,53658,10
12.9671001434,80.2480773926,53658,53668,10
12.9677696228,80.2483901978,53668,53678,10
12.96875,80.2487716675,53678,53689,11
12.9698495865,80.2492218018,53689,53699,10
12.9709100723,80.2496109009,53699,53709,10
12.9721298218,80.2499313354,53709,53719,10
12.9734201431,80.250289917,53719,53729,10
12.9745597839,80.250579834,53729,53739,10
12.9754896164,80.2508392334,53739,53749,10
12.9766798019,80.2511825562,53749,53759,10
12.9779195786,80.2518615723,53759,53770,11
12.9785804749,80.2523269653,53770,53780,10
12.9788198471,80.2524490356,53780,53790,10
12.9793996811,80.2525405884,53790,53800,10
12.9795703888,80.2525634766,53800,53810,10
12.9800195694,80.2526016235,53810,53820,10
12.9803199768,80.2526016235,53820,53830,10
12.9807100296,80.2526016235,53830,53840,10
12.9814596176,80.252571106,53840,53851,11
12.9826202393,80.2525405884,53851,53861,10
12.9838695526,80.2523574829,53861,53871,10
12.9849796295,80.2520523071,53871,53881,10
12.9859199524,80.2518005371,53881,53891,10
12.9866695404,80.2516021729,53891,53901,10
12.9874095917,80.2513580322,53901,54002,101
12.9874095917,80.2513580322,54002,54012,10
12.9874801636,80.2513504028,54012,54023,11
12.9879198074,80.2512664795,54023,54033,10
12.9887304306,80.251083374,54033,54043,10
12.9895000458,80.2508621216,54043,54053,10
12.9895496368,80.2508621216,54053,54063,10
12.9899396896,80.2508087158,54063,54073,10
12.9907398224,80.2506332397,54073,54083,10
12.9918498993,80.2503509521,54083,54093,10
12.9932098389,80.25,54093,54104,11
12.9946804047,80.2496109009,54104,54114,10
12.9959096909,80.2492904663,54114,54124,10
12.9966497421,80.2490692139,54124,54134,10
12.9968795776,80.2489929199,54134,54144,10
12.9975996017,80.248840332,54144,54154,10
12.9986600876,80.248588562,54154,54164,10
12.9999904633,80.248260498,54164,54174,10
13.001449585,80.2479019165,54174,54185,11
13.002989769,80.2475509644,54185,54195,10
13.0043497086,80.2473678589,54195,54205,10
13.0056295395,80.2471389771,54205,54215,10
13.0064296722,80.2466201782,54215,54225,10
13.006480217,80.2465133667,54225,54235,10
13.0065803528,80.2462615967,54235,54245,10
13.0066404343,80.2454681396,54245,54255,10
13.0066404343,80.2449111938,54255,54266,11
13.0066299438,80.2446136475,54266,54276,10
13.0066299438,80.2441635132,54276,54286,10
13.0066003799,80.2434768677,54286,54296,10
13.0066204071,80.2427520752,54296,54306,10
13.0066099167,80.2417297363,54306,54316,10
13.0067300797,80.2406082153,54316,54326,10
13.0068998337,80.2397003174,54326,54336,10
13.007060051,80.2388534546,54336,54347,11
13.0072097778,80.2379379272,54347,54357,10
13.007399559,80.2366485596,54357,54377,20
13.007399559,80.2366485596,54377,54387,10
13.0075101852,80.236366272,54387,54397,10
13.0076398849,80.2356491089,54397,54407,10
13.0078401566,80.2346115112,54407,54417,10
13.0080699921,80.2334823608,54417,54428,11
13.0083503723,80.231918335,54428,54438,10
13.0086097717,80.2306213379,54438,54448,10
13.0088796616,80.2292022705,54448,54458,10
13.0092897415,80.2277679443,54458,54468,10
13.0098600388,80.2265396118,54468,54478,10
13.0103197098,80.2255630493,54478,54488,10
13.0107402802,80.2247390747,54488,54498,10
13.0111398697,80.2240066528,54498,54509,11
13.0114898682,80.2230911255,54509,54519,10
13.0118103027,80.2221069336,54519,54529,10
13.0122499466,80.2215805054,54529,54539,10
13.0125999451,80.2220611572,54539,54549,10
13.0130596161,80.2224884033,54549,54559,10
13.0135402679,80.2229919434,54559,54569,10
13.0139503479,80.2235565186,54569,54579,10
13.0146198273,80.2241134644,54579,54590,11
13.014960289,80.2245025635,54590,54600,10
13.0151500702,80.2246704102,54600,54610,10
13.0155696869,80.2250823975,54610,54620,10
13.0162496567,80.2252578735,54620,54630,10
13.0171403885,80.2249984741,54630,54640,10
13.0180597305,80.2246322632,54640,54650,10
13.0188398361,80.2243423462,54650,54660,10
13.0197095871,80.2244567871,54660,54691,31
13.0197095871,80.2244567871,54691,54701,10
13.0199298859,80.2246627808,54701,54711,10
13.020409584,80.2250289917,54711,54721,10
13.0210695267,80.2255630493,54721,54731,10
13.0218801498,80.2261886597,54731,54740,9
13.0225801468,80.2267608643,54740,54752,12
13.0234203339,80.2275314331,54752,54762,10
13.0239295959,80.2279891968,54762,54772,10
13.024310112,80.2283630371,54772,54812,40
13.024310112,80.2283630371,54812,54822,10
13.0243997574,80.2285003662,54822,54833,11
13.0240898132,80.2284393311,54833,54843,10
13.0238199234,80.2280807495,54843,54853,10
13.0234003067,80.2276687622,54853,55116,263
13.023229599,80.2275085449,55116,55936,820
13.023229599,80.2275085449,55936,55946,10
13.0230302811,80.2272415161,55946,55956,10
13.0226402283,80.2268981934,55956,55966,10
13.022190094,80.2264709473,55966,55977,11
13.0215501785,80.2259521484,55977,55987,10
13.0209903717,80.2255020142,55987,55997,10
13.0205001831,80.225151062,55997,56007,10
13.019900322,80.2247695923,56007,56017,10
13.0191001892,80.2244262695,56017,56027,10
13.0181598663,80.2246932983,56027,56037,10
13.0172595978,80.2250823975,56037,56047,10
13.0165901184,80.2253570557,56047,56058,11
13.016169548,80.2255325317,56058,56068,10
13.0156202316,80.2257080078,56068,56078,10
13.0152797699,80.2258682251,56078,56088,10
13.0149803162,80.2259979248,56088,56098,10
13.0145196915,80.2261886597,56098,56108,10
13.0143699646,80.2262573242,56108,56118,10
13.0142002106,80.226348877,56118,56128,10
13.0137796402,80.2265014648,56128,56139,11
13.0131196976,80.2267608643,56139,56149,10
13.0122299194,80.2270965576,56149,56159,10
13.011179924,80.2275085449,56159,56169,10
13.0101003647,80.2279281616,56169,56179,10
13.0091896057,80.2284164429,56179,56189,10
13.0089502335,80.2294464111,56189,56199,10
13.0087404251,80.2305984497,56199,56209,10
13.0085601807,80.2316589355,56209,56220,11
13.0083703995,80.2327804565,56220,56230,10
13.0082798004,80.2336120605,56230,56240,10
13.0082302094,80.2337265015,56240,56250,10
13.0081396103,80.2339630127,56250,56260,10
13.0080699921,80.2343521118,56260,56270,10
13.0079803467,80.2348632813,56270,56280,10
13.0078201294,80.2356491089,56280,56290,10
13.0076599121,80.2365188599,56290,56301,11
13.0074596405,80.2375793457,56301,56311,10
13.0072803497,80.2385482788,56311,56321,10
13.0071697235,80.2392501831,56321,56331,10
13.006939888,80.2400817871,56331,56351,20
13.006939888,80.2400817871,56351,56361,10
13.0069704056,80.2402877808,56361,56371,10
13.0068597794,80.2408294678,56371,56382,11
13.006770134,80.2418136597,56382,56392,10
13.006819725,80.2429122925,56392,56402,10
13.0067501068,80.2437515259,56402,56412,10
13.0067796707,80.2445373535,56412,56422,10
13.0067996979,80.2455215454,56422,56432,10
13.0068101883,80.2459030151,56432,56442,10
13.0068101883,80.2463302612,56442,56452,10
13.006819725,80.2468032837,56452,56463,11
13.0065898895,80.2473983765,56463,56473,10
13.0062398911,80.2474212646,56473,56483,10
13.0062198639,80.2474136353,56483,56493,10
13.0057401657,80.2473983765,56493,56503,10
13.0048799515,80.2473831177,56503,56513,10
13.0036697388,80.2475204468,56513,56523,10
13.0025196075,80.2477264404,56523,56533,10
13.0017795563,80.2479171753,56533,56543,10
13.0005998611,80.2482223511,56543,56554,11
12.9992599487,80.2485580444,56554,56564,10
12.9977302551,80.2489471436,56564,56574,10
12.9961204529,80.2493515015,56574,56584,10
12.9946804047,80.2497329712,56584,56594,10
12.9931497574,80.2501296997,56594,56604,10
12.9916801453,80.25050354,56604,56614,10
12.9904499054,80.2508087158,56614,56624,10
12.9893798828,80.2510986328,56624,56635,11
12.9883298874,80.251411438,56635,56746,111
12.9883298874,80.251411438,56746,56756,10
12.9881496429,80.251411438,56756,56766,10
12.9878501892,80.2514724731,56766,56776,10
12.9873104095,80.2515792847,56776,56786,10
12.9866895676,80.2517623901,56786,56797,11
12.9860897064,80.2518920898,56797,56807,10
12.9853496552,80.2520904541,56807,56817,10
12.9842996597,80.2523803711,56817,56827,10
12.9832601547,80.2526321411,56827,56837,10
12.9820995331,80.2527008057,56837,56847,10
12.980919838,80.2527389526,56847,56857,10
12.9801502228,80.2527999878,56857,56888,31
12.9801502228,80.2527999878,56888,56898,10
12.97976017,80.2527313232,56898,56908,10
12.9793195724,80.2526779175,56908,56918,10
12.9787797928,80.2526473999,56918,56928,10
12.9785804749,80.2526016235,56928,56938,10
12.9782800674,80.2524108887,56938,56948,10
12.9782400131,80.2523803711,56948,56959,11
12.9779596329,80.2521286011,56959,56969,10
12.9773197174,80.2515792847,56969,56979,10
12.9762897491,80.2511978149,56979,56989,10
12.9752502441,80.2508621216,56989,56999,10
12.9742898941,80.2506027222,56999,57009,10
12.9735603333,80.2503967285,57009,57018,9
12.9726200104,80.2501373291,57018,57029,11
12.9715499878,80.2498474121,57029,57040,11
12.9703102112,80.24949646,57040,57050,10
12.9692602158,80.2490921021,57050,57060,10
12.9680995941,80.2486190796,57060,57070,10
12.9670295715,80.2481613159,57070,57080,10
12.9661998749,80.2477722168,57080,57090,10
12.9654102325,80.247467041,57090,57100,10
12.9650297165,80.2473373413,57100,57110,10
12.9649896622,80.2473297119,57110,57121,11
12.964509964,80.2471618652,57121,57131,10
12.9636096954,80.2468185425,57131,57151,20
12.9636096954,80.2468185425,57151,57161,10
12.9634599686,80.2467193604,57161,57171,10
12.962849617,80.2464065552,57171,57181,10
12.9619102478,80.2459411621,57181,57191,10
12.9608402252,80.2454071045,57191,57202,11
12.959690094,80.2449188232,57202,57212,10
12.9589004517,80.2445831299,57212,57222,10
12.9579496384,80.2441711426,57222,57232,10
12.9571399689,80.2438812256,57232,57242,10
12.9566898346,80.2437286377,57242,57252,10
12.9565200806,80.2436828613,57252,57272,20
12.9565200806,80.2436828613,57272,57282,10
12.9562196732,80.2435379028,57282,57293,11
12.955499649,80.2431869507,57293,57303,10
12.9545202255,80.2427520752,57303,57313,10
12.9533996582,80.2422866821,57313,57323,10
12.9522600174,80.241859436,57323,57333,10
12.9516897202,80.2416915894,57333,57343,10
12.9514799118,80.2416229248,57343,57353,10
12.9508199692,80.2413864136,57353,57363,10
12.9498796463,80.2411117554,57363,57374,11
12.9491596222,80.2408218384,57374,57384,10
12.9483804703,80.2405166626,57384,57394,10
12.9473896027,80.2401428223,57394,57404,10
12.947019577,80.2399978638,57404,57414,10
12.9468202591,80.2399215698,57414,57424,10
12.9462003708,80.2396621704,57424,57434,10
12.9453802109,80.2392501831,57434,57444,10
12.944560051,80.2384567261,57444,57455,11
12.9435901642,80.2374420166,57455,57465,10
12.9425697327,80.2366027832,57465,57475,10
12.9412202835,80.2362136841,57475,57485,10
12.9400501251,80.2359008789,57485,57495,10
12.939620018,80.2357635498,57495,57505,10
12.939499855,80.2356872559,57505,57515,10
12.9389295578,80.2353973389,57515,57525,10
12.9380502701,80.2349472046,57525,57536,11
12.9368400574,80.2343292236,57536,57546,10
12.935959816,80.2339324951,57546,57556,10
12.9358596802,80.2338790894,57556,57566,10
12.9358301163,80.2338562012,57566,57576,10
12.9353904724,80.2336425781,57576,57586,10
12.9345798492,80.2332611084,57586,57596,10
12.9338502884,80.2329406738,57596,57606,10
12.9337997437,80.2329177856,57606,57617,11
12.9333696365,80.2327194214,57617,57627,10
12.9326000214,80.2324066162,57627,57637,10
12.9315299988,80.2320404053,57637,57647,10
12.9303197861,80.2316665649,57647,57657,10
12.9291801453,80.2313995361,57657,57667,10
12.9289598465,80.2313690186,57667,57677,10
12.9286003113,80.2313079834,57677,57687,10
12.9278001785,80.2311630249,57687,57698,11
12.926609993,80.2310409546,57698,57708,10
12.9260501862,80.2310028076,57708,57718,10
12.9259500504,80.2309799194,57718,57728,10
12.9253902435,80.2309036255,57728,57738,10
12.9245300293,80.2307891846,57738,57748,10
12.9234600067,80.2306518555,57748,57758,10
12.9221801758,80.2304611206,57758,57768,10
12.9209098816,80.2302932739,57768,57779,11
12.919500351,80.2301101685,57779,57789,10
12.9181995392,80.229927063,57789,57799,10
12.9169998169,80.2297821045,57799,57809,10
12.9158496857,80.2296066284,57809,57819,10
12.9146699905,80.2294311523,57819,57829,10
12.9136295319,80.2293167114,57829,57839,10
12.9134101868,80.2293014526,57839,57849,10
12.9132003784,80.2292709351,57849,57860,11
12.9124298096,80.2291564941,57860,57870,10
12.9113702774,80.2289810181,57870,57880,10
12.9100599289,80.2287826538,57880,57890,10
12.9087600708,80.2285614014,57890,57900,10
12.9076099396,80.2283782959,57900,57910,10
12.9066095352,80.2282791138,57910,57920,10
12.9057798386,80.2282180786,57920,57930,10
12.9042596817,80.2281417847,57930,57940,10
12.9029903412,80.2280807495,57940,57951,11
12.9017801285,80.2280197144,57951,57961,10
12.9012098312,80.2280426025,57961,57971,10
12.9008398056,80.2279891968,57971,57981,10
12.9003200531,80.2279434204,57981,57991,10
12.8993597031,80.2278900146,57991,58011,20
12.8993597031,80.2278900146,58011,58021,10
12.899020195,80.2278594971,58021,58032,11
12.8982601166,80.2278213501,58032,58042,10
12.8972597122,80.2277679443,58042,58052,10
12.8960504532,80.2277069092,58052,58062,10
12.8947601318,80.2276382446,58062,58072,10
12.8935203552,80.2275390625,58072,58082,10
12.8926401138,80.2274398804,58082,58092,10
12.891960144,80.2273712158,58092,58102,10
12.8909502029,80.2273635864,58102,58113,11
12.8895998001,80.2273712158,58113,58123,10
12.8885202408,80.2273788452,58123,58133,10
12.887339592,80.2272720337,58133,58143,10
12.8861503601,80.2270202637,58143,58153,10
12.8850898743,80.2267913818,58153,58163,10
12.8847999573,80.2267608643,58163,58173,10
12.88463974,80.2267608643,58173,58183,10
12.8840303421,80.2267608643,58183,58194,11
12.8829698563,80.2267532349,58194,58204,10
12.8817396164,80.2267684937,58204,58214,10
12.8803796768,80.2267990112,58214,58224,10
12.8788900375,80.2268295288,58224,58234,10
12.8774299622,80.2269210815,58234,58244,10
12.8764400482,80.2270126343,58244,58254,10
12.8763303757,80.2270202637,58254,58264,10
12.8759698868,80.2270278931,58264,58275,11
12.875120163,80.2269821167,58275,58285,10
12.8740196228,80.2268295288,58285,58295,10
12.8728904724,80.2267532349,58295,58305,10
12.8725595474,80.2267532349,58305,58315,10
12.8722696304,80.2267379761,58315,58325,10
12.8715896606,80.2267303467,58325,58335,10
12.8705997467,80.2266769409,58335,58345,10
12.869389534,80.2265625,58345,58356,11
12.8679800034,80.2264404297,58356,58366,10
12.8667497635,80.2265472412,58366,58376,10
12.8654899597,80.2266235352,58376,58386,10
12.8641700745,80.2265777588,58386,58396,10
12.862830162,80.2265701294,58396,58406,10
12.8614797592,80.2266387939,58406,58416,10
12.8609304428,80.2266387939,58416,58426,10
12.860710144,80.2266235352,58426,58437,11
12.859919548,80.2265090942,58437,58447,10
12.8589401245,80.2263717651,58447,58457,10
12.8579797745,80.2262573242,58457,58467,10
12.8567304611,80.2263412476,58467,58477,10
12.8553600311,80.2264709473,58477,58487,10
12.8538999557,80.2266235352,58487,58497,10
12.8524904251,80.2266769409,58497,58507,10
12.8511400223,80.2266387939,58507,58518,11
12.8501300812,80.2266235352,58518,58528,10
12.849729538,80.2266235352,58528,58538,10
12.8489198685,80.226600647,58538,58548,10
12.8478002548,80.226600647,58548,58558,10
12.8466396332,80.2266082764,58558,58568,10
12.8457803726,80.2266235352,58568,58578,10
12.8453197479,80.2266464233,58578,58588,10
12.8452396393,80.2266616821,58588,58598,10
12.8446502686,80.2266998291,58598,58609,11
12.84375,80.2267379761,58609,58619,10
12.8426599503,80.2269210815,58619,58629,10
12.8413496017,80.2272262573,58629,58639,10
12.8402700424,80.2275390625,58639,58649,10
12.8396396637,80.2277832031,58649,58669,20
12.8396396637,80.2277832031,58669,58679,10
12.8393497467,80.2278594971,58679,58690,11
12.8385295868,80.2280426025,58690,58700,10
12.837439537,80.2282409668,58700,58710,10
12.8361101151,80.2284164429,58710,58720,10
12.8348302841,80.2286071777,58720,58730,10
12.8336400986,80.2288131714,58730,58740,10
12.8325195313,80.2289962769,58740,58750,10
12.8316402435,80.2291412354,58750,58771,21
12.8316402435,80.2291412354,58771,58781,10
12.8315296173,80.2289962769,58781,58791,10
12.8315200806,80.2288894653,58791,58801,10
12.8315200806,80.2288131714,58801,58811,10
12.8314199448,80.2282791138,58811,58821,10
12.8312501907,80.2274017334,58821,58831,10
12.8310403824,80.2262191772,58831,58841,10
12.8310403824,80.2249984741,58841,58852,11
12.8310403824,80.2245178223,58852,58862,10
12.8310604095,80.2238388062,58862,58872,10
12.8310699463,80.2228088379,58872,58882,10
12.8310699463,80.2221679688,58882,58892,10
12.8310604095,80.2216567993,58892,58902,10
12.8310699463,80.2207794189,58902,58912,10
12.8310804367,80.2197799683,58912,58922,10
12.8309497833,80.2194976807,58922,58933,11
12.8301200867,80.2194366455,58933,58943,10
12.8290195465,80.2194290161,58943,58953,10
12.8278598785,80.2194290161,58953,58963,10
12.8275203705,80.2194366455,58963,58983,20
12.8275203705,80.2194366455,58983,58993,10
12.8271398544,80.2194213867,58993,59003,10
12.8263397217,80.2194213867,59003,59014,11
12.8258895874,80.2193603516,59014,59024,10
12.8258199692,80.2191772461,59024,59034,10
12.8258304596,80.2190093994,59034,59044,10
12.8258399963,80.2183685303,59044,59054,10
12.8258495331,80.2174911499,59054,59063,9
12.8258399963,80.2164230347,59063,59074,11
12.8255901337,80.2159805298,59074,59084,10
12.8252496719,80.216003418,59084,59095,11
12.8249998093,80.2159881592,59095,59105,10
12.8249197006,80.2159881592,59105,59115,10
12.8246002197,80.2159729004,59115,60127,1012
12.8246002197,80.2159729004,60127,60137,10
12.8245601654,80.2160186768,60137,60148,11
12.8242301941,80.2160263062,60148,60158,10
12.8240299225,80.2160110474,60158,60168,10
12.8234996796,80.216003418,60168,60178,10
12.8228502274,80.216003418,60178,60188,10
12.8226604462,80.2161483765,60188,60198,10
12.8226604462,80.2167892456,60198,60208,10
12.8226699829,80.2176132202,60208,60218,10
12.8226699829,80.2184906006,60218,60229,11
12.8226699829,80.2192001343,60229,60239,10
12.822719574,80.2194213867,60239,60249,10
12.8228597641,80.2194824219,60249,60259,10
12.8233003616,80.2194900513,60259,60269,10
12.8240203857,80.2195129395,60269,60279,10
12.8248996735,80.2195205688,60279,60289,10
12.825460434,80.2195205688,60289,60299,10
12.8255500793,80.2195205688,60299,60310,11
12.8256702423,80.2195587158,60310,60320,10
12.8261203766,80.2195587158,60320,60330,10
12.8268299103,80.2195510864,60330,60340,10
12.8273696899,80.2195129395,60340,60390,50
12.8277101517,80.2194900513,60390,60502,112
12.8277101517,80.2194900513,60502,60512,10
12.8280000687,80.219543457,60512,60522,10
12.8285398483,80.2195205688,60522,60532,10
12.8292798996,80.2195281982,60532,60542,10
12.830160141,80.2195205688,60542,60552,10
12.8308601379,80.2195129395,60552,60563,11
12.8310699463,80.2195587158,60563,60573,10
12.8312397003,80.2198410034,60573,60583,10
12.8312196732,80.2204971313,60583,60593,10
12.8311796188,80.2213516235,60593,60603,10
12.8311595917,80.2221298218,60603,60613,10
12.8311595917,80.2224502563,60613,60623,10
12.8311500549,80.2231216431,60623,60633,10
12.8311395645,80.2240066528,60633,60644,11
12.8311395645,80.2247161865,60644,60654,10
12.8311300278,80.2252120972,60654,60664,10
12.8311300278,80.225982666,60664,60674,10
12.8312301636,80.2268981934,60674,60684,10
12.8314399719,80.2278671265,60684,60694,10
12.8316698074,80.2288208008,60694,60704,10
12.831700325,80.2289581299,60704,60714,10
12.8318004608,80.2291793823,60714,60725,11
12.8323602676,80.2290725708,60725,60735,10
12.8332595825,80.2289123535,60735,60745,10
12.8344497681,80.2287063599,60745,60755,10
12.8356399536,80.228553772,60755,60765,10
12.8367795944,80.2283782959,60765,60775,10
12.8380002975,80.2281799316,60775,60785,10
12.83893013,80.2279434204,60785,60795,10
12.8392295837,80.2277603149,60795,60856,61
12.8392295837,80.2277603149,60856,60866,10
12.8396596909,80.2275924683,60866,60876,10
12.8402795792,80.2275314331,60876,60887,11
12.8413295746,80.2272491455,60887,60897,10
12.8424396515,80.2270126343,60897,60907,10
12.8436002731,80.2267913818,60907,60917,10
12.8446702957,80.2266464233,60917,60927,10
12.8452997208,80.2265930176,60927,60937,10
12.8453197479,80.2265777588,60937,60947,10
12.8455295563,80.2265777588,60947,60957,10
12.845580101,80.2265777588,60957,60968,11
12.845700264,80.2265777588,60968,60978,10
12.8461999893,80.2265777588,60978,60988,10
12.8470401764,80.2265777588,60988,60998,10
12.8481302261,80.2265777588,60998,61008,10
12.849240303,80.2265777588,61008,61018,10
12.8499202728,80.2265777588,61018,61028,10
12.8501901627,80.2265777588,61028,61038,10
12.8505601883,80.2265777588,61038,61049,11
12.8514204025,80.2266311646,61049,61059,10
12.8524999619,80.2266769409,61059,61069,10
12.8537902832,80.2266464233,61069,61079,10
12.8552103043,80.2265014648,61079,61089,10
12.8566102982,80.2263412476,61089,61099,10
12.8578796387,80.2262191772,61099,61109,10
12.8587799072,80.226272583,61109,61119,10
12.859869957,80.2264328003,61119,61130,11
12.8607597351,80.2265625,61130,61140,10
12.8610496521,80.2265930176,61140,61150,10
12.861700058,80.2265777588,61150,61160,10
12.8626804352,80.2265319824,61160,61170,10
12.8638896942,80.2265319824,61170,61180,10
12.8653001785,80.226600647,61180,61190,10
12.8663797379,80.2265625,61190,61200,10
12.8672504425,80.2264862061,61200,61211,11
12.8683395386,80.2264022827,61211,61221,10
12.8695297241,80.2265014648,61221,61231,10
12.8708200455,80.2266235352,61231,61241,10
12.871919632,80.2266921997,61241,61251,10
12.8728904724,80.2267074585,61251,61261,10
12.8736896515,80.2267608643,61261,61271,10
12.8750400543,80.226890564,61271,61281,10
12.8760499954,80.2269592285,61281,61292,11
12.8766899109,80.2269287109,61292,61302,10
12.8768396378,80.2269363403,61302,61313,11
12.8774003983,80.2269134521,61313,61322,9
12.8783302307,80.2268371582,61322,61333,11
12.879650116,80.2267837524,61333,61343,10
12.8809499741,80.2267608643,61343,61353,10
12.882229805,80.2267227173,61353,61363,10
12.8835496902,80.2266769409,61363,61374,11
12.8845100403,80.2266769409,61374,61384,10
12.8848800659,80.2266998291,61384,61394,10
12.8851900101,80.2267074585,61394,61404,10
12.8852100372,80.2267227173,61404,61414,10
12.8856201172,80.2267913818,61414,61424,10
12.8863801956,80.2269821167,61424,61434,10
12.887169838,80.227180481,61434,61444,10
12.888589859,80.2273635864,61444,61455,11
12.8900499344,80.2273788452,61455,61465,10
12.8914003372,80.2273712158,61465,61475,10
12.8926000595,80.2274017334,61475,61485,10
12.8936901093,80.2275390625,61485,61495,10
12.8948602676,80.2276306152,61495,61505,10
12.8960399628,80.2276763916,61505,61515,10
12.8970804214,80.2277374268,61515,61525,10
12.8982200623,80.2277984619,61525,61535,10
12.899479866,80.2278823853,61535,61546,11
12.9006204605,80.2279205322,61546,61616,70
12.9006204605,80.2279205322,61616,61627,11
12.9006595612,80.2279205322,61627,61637,10
12.9009799957,80.2279586792,61637,61647,10
12.9014396667,80.2279968262,61647,61657,10
12.902179718,80.2280197144,61657,61667,10
12.9027204514,80.2280426025,61667,61677,10
12.9027395248,80.2280426025,61677,61687,10
12.9030799866,80.2281036377,61687,61697,10
12.9038095474,80.2281417847,61697,61708,11
12.90487957,80.228187561,61708,61718,10
12.9059696198,80.2282562256,61718,61728,10
12.9064998627,80.228302002,61728,61738,10
12.906539917,80.228302002,61738,61748,10
12.9068899155,80.2283172607,61748,61758,10
12.9076700211,80.2284164429,61758,61768,10
12.9088001251,80.2285995483,61768,61778,10
12.9102201462,80.2288284302,61778,61789,11
12.9118795395,80.2290802002,61789,61799,10
12.9130897522,80.2292404175,61799,61809,10
12.9138698578,80.2293395996,61809,61819,10
12.9140396118,80.2293395996,61819,61829,10
12.9141798019,80.2293624878,61829,61839,10
12.9147701263,80.2294921875,61839,61849,10
12.9154195786,80.2295837402,61849,61859,10
12.9160900116,80.2296829224,61859,61870,11
12.9171199799,80.2298126221,61870,61880,10
12.9181804657,80.2299575806,61880,61890,10
12.9191904068,80.2300872803,61890,61900,10
12.9203596115,80.23021698,61900,61910,10
12.9214897156,80.2303390503,61910,61920,10
12.922750473,80.2305374146,61920,61930,10
12.9240903854,80.230758667,61930,61940,10
12.9254102707,80.2309036255,61940,61951,11
12.9262399673,80.23097229,61951,61961,10
12.9263296127,80.2309875488,61961,61971,10
12.9268598557,80.2310562134,61971,61981,10
12.9277200699,80.2311706543,61981,61991,10
12.9285898209,80.231300354,61991,62001,10
12.9292097092,80.2313995361,62001,62011,10
12.9300899506,80.2315826416,62011,62021,10
12.9312200546,80.2318878174,62021,62032,11
12.9325399399,80.2323226929,62032,62042,10
12.9335403442,80.2327423096,62042,62052,10
12.933719635,80.2328186035,62052,62062,10
12.9339103699,80.2329025269,62062,62072,10
12.9344902039,80.2331695557,62072,62082,10
12.935379982,80.2335586548,62082,62092,10
12.9363603592,80.2340164185,62092,62102,10
12.9374103546,80.2345275879,62102,62113,11
12.9386100769,80.2351074219,62113,62123,10
12.9394397736,80.235496521,62123,62133,10
12.9395599365,80.2355728149,62133,62143,10
12.9396095276,80.2356109619,62143,62153,10
12.9398403168,80.2357025146,62153,62163,10
12.9406700134,80.2359924316,62163,62173,10
12.9416399002,80.2362213135,62173,62183,10
12.9426498413,80.2365188599,62183,62194,11
12.9434900284,80.2371292114,62194,62204,10
12.9440202713,80.2377319336,62204,62214,10
12.9447002411,80.2385177612,62214,62224,10
12.945520401,80.2392807007,62224,62234,10
12.9465198517,80.2397384644,62234,62244,10
12.9470396042,80.2399291992,62244,62254,10
12.9470701218,80.2399291992,62254,62264,10
12.9473800659,80.2400512695,62264,62275,11
12.9478397369,80.2402191162,62275,62285,10
12.9481601715,80.2403717041,62285,62295,10
12.9484195709,80.2405014038,62295,62305,10
12.9487895966,80.2405776978,62305,62315,10
12.9488096237,80.2405929565,62315,62325,10
12.9488801956,80.2406234741,62325,62335,10
12.9493103027,80.2408218384,62335,62345,10
12.9498901367,80.2409973145,62345,62356,11
12.9506196976,80.2412109375,62356,62366,10
12.9510097504,80.2413330078,62366,62376,10
12.9511203766,80.2413787842,62376,62386,10
12.9514598846,80.2415008545,62386,62396,10
12.9520196915,80.2416763306,62396,62406,10
12.9527997971,80.2420120239,62406,62416,10
12.9535999298,80.2423324585,62416,62426,10
12.9547796249,80.2427978516,62426,62436,10
12.9554901123,80.243057251,62436,62447,11
12.9563598633,80.2433166504,62447,62457,10
12.9564199448,80.2433319092,62457,62467,10
12.9568300247,80.2435379028,62467,62477,10
12.9575195313,80.2438735962,62477,62487,10
12.9583597183,80.2442626953,62487,62497,10
12.9589099884,80.244468689,62497,62507,10
12.9589796066,80.2445068359,62507,62517,10
12.9594802856,80.244758606,62517,62528,11
12.9602203369,80.2450866699,62528,62538,10
12.961139679,80.2455215454,62538,62548,10
12.9621400833,80.2460098267,62548,62558,10
12.9631500244,80.2465286255,62558,62578,20
12.9631500244,80.2465286255,62578,62588,10
12.9632902145,80.2466201782,62588,62598,10
12.9636497498,80.2468032837,62598,62609,11
12.9643201828,80.2470626831,62609,62619,10
12.9651403427,80.2473526001,62619,62629,10
12.9659996033,80.2476501465,62629,62639,10
12.9666004181,80.2478790283,62639,62659,20
12.9666004181,80.2478790283,62659,62669,10
12.9668302536,80.2479934692,62669,62679,10
12.9673204422,80.2482376099,62679,62690,11
12.9681797028,80.248588562,62690,62700,10
12.9691095352,80.2489776611,62700,62710,10
12.97012043,80.249382019,62710,62720,10
12.9711904526,80.24974823,62720,62730,10
12.9722795486,80.2500305176,62730,62740,10
12.9733600616,80.2503128052,62740,62750,10
12.9743404388,80.250579834,62750,62760,10
12.9751901627,80.2508163452,62760,62771,11
12.9762001038,80.2511062622,62771,62781,10
12.9771299362,80.2513885498,62781,62791,10
12.9779596329,80.251953125,62791,62801,10
12.9786396027,80.2523803711,62801,62821,20
12.9786396027,80.2523803711,62821,62831,10
12.9788599014,80.2525024414,62831,62841,10
12.9798002243,80.2526626587,62841,62912,71
12.9798002243,80.2526626587,62912,62922,10
12.9798803329,80.2526931763,62922,62933,11
12.9804096222,80.2526931763,62933,62943,10
12.9812202454,80.2526626587,62943,62953,10
12.9822502136,80.2526321411,62953,62963,10
12.9836797714,80.252456665,62963,62983,20
12.9836797714,80.252456665,62983,62993,10
12.9837503433,80.2524490356,62993,63003,10
12.9841299057,80.2523574829,63003,63014,11
12.9847002029,80.2521896362,63014,63024,10
12.9853601456,80.2520065308,63024,63034,10
12.9859600067,80.2518310547,63034,63044,10
12.9864397049,80.2517166138,63044,63054,10
12.986749649,80.2516403198,63054,63064,10
12.987039566,80.2515487671,63064,63074,10
12.9874897003,80.2514190674,63074,63084,10
12.9880599976,80.2513198853,63084,63095,11
12.9888801575,80.2511062622,63095,63105,10
12.9893198013,80.2509994507,63105,63115,10
12.9894504547,80.2509689331,63115,63125,10
12.9896602631,80.2509078979,63125,63135,10
12.9899597168,80.2508392334,63135,63145,10
12.9907999039,80.250617981,63145,63155,10
12.9917402267,80.2503890991,63155,63165,10
12.9928302765,80.2501373291,63165,63176,11
12.9941301346,80.2498092651,63176,63186,10
12.995349884,80.24949646,63186,63196,10
12.9965200424,80.249168396,63196,63206,10
12.9968299866,80.2490692139,63206,63216,10
12.9970397949,80.2490310669,63216,63226,10
12.9976596832,80.248878479,63226,63236,10
12.9985599518,80.2486572266,63236,63246,10
12.9996595383,80.2483825684,63246,63257,11
13.0009899139,80.248046875,63257,63267,10
13.0019397736,80.2478103638,63267,63277,10
13.0023403168,80.2477111816,63277,63287,10
13.002989769,80.2475891113,63287,63297,10
13.0039100647,80.2474517822,63297,63307,10
13.0049600601,80.2473220825,63307,63317,10
13.0059299469,80.2470779419,63317,63327,10
13.0064897537,80.2465515137,63327,63348,21
13.0064897537,80.2465515137,63348,63358,10
13.0065698624,80.2462387085,63358,63368,10
13.0066003799,80.2456588745,63368,63378,10
13.0066099167,80.2452774048,63378,63388,10
13.0065898895,80.2451019287,63388,63398,10
13.0066204071,80.2447433472,63398,63408,10
13.0066003799,80.2444229126,63408,63419,11
13.0065898895,80.2441635132,63419,63429,10
13.0065803528,80.2438201904,63429,63439,10
13.0065803528,80.2434005737,63439,63449,10
13.0065603256,80.2429275513,63449,63459,10
13.0065603256,80.2422180176,63459,63469,10
13.0065698624,80.2413635254,63469,63479,10
13.0066404343,80.2407302856,63479,63489,10
13.0066404343,80.2406921387,63489,63500,11
13.0067796707,80.2402572632,63500,63510,10
13.0069198608,80.2395172119,63510,63520,10
13.0070896149,80.2384796143,63520,63530,10
13.0072698593,80.2377166748,63530,63540,10
13.0073795319,80.2370376587,63540,63550,10
13.0074300766,80.2367172241,63550,63560,10
13.0074701309,80.2365875244,63560,63570,10
13.0075998306,80.2360610962,63570,63581,11
13.0077495575,80.2352828979,63581,63591,10
13.0078802109,80.2345809937,63591,63601,10
13.0080699921,80.2336425781,63601,63611,10
13.0082798004,80.2326278687,63611,63621,10
13.0084896088,80.2315597534,63621,63631,10
13.0087099075,80.2303924561,63631,63641,10
13.0088996887,80.2295532227,63641,63651,10
13.0091400146,80.2283782959,63651,63661,10
13.0094499588,80.2275238037,63661,63672,11
13.0098600388,80.2266235352,63672,63682,10
13.0103597641,80.2257003784,63682,63692,10
13.0108098984,80.2247772217,63692,63702,10
13.0111398697,80.2241516113,63702,63712,10
13.0113601685,80.2236328125,63712,63722,10
13.0115299225,80.2229919434,63722,63732,10
13.0115604401,80.2220001221,63732,63742,10
13.0121202469,80.2216262817,63742,63753,11
13.0125999451,80.2221603394,63753,63763,10
13.0132398605,80.2227783203,63763,63773,10
13.0139398575,80.2235107422,63773,63783,10
13.0145597458,80.2241821289,63783,63793,10
13.015080452,80.2247085571,63793,63803,10
13.0157003403,80.2251968384,63803,63823,20
13.0157003403,80.2251968384,63823,63834,11
13.0160198212,80.2253570557,63834,63844,10
13.0167398453,80.2252807617,63844,63854,10
13.0177097321,80.2249069214,63854,63864,10
13.0186901093,80.2244873047,63864,63874,10
13.0194101334,80.2244415283,63874,63884,10
13.020070076,80.2247467041,63884,63894,10
13.0201196671,80.2247924805,63894,63904,10
13.0201396942,80.2248077393,63904,63915,11
13.0205001831,80.2250976563,63915,63925,10
13.0208797455,80.2253799438,63925,63935,10
13.0211801529,80.2256317139,63935,63945,10
13.0216703415,80.2259902954,63945,63955,10
13.022190094,80.2264099121,63955,63965,10
13.022769928,80.2269363403,63965,63975,10
13.0233898163,80.2275085449,63975,63985,10
13.0240602493,80.2281036377,63985,64006,21
13.0240602493,80.2281036377,64006,64016,10
13.0242595673,80.2283096313,64016,64066,50
13.0242595673,80.2283096313,64066,64077,11
13.0243997574,80.2285614014,64077,64087,10
13.0240802765,80.2285003662,64087,64097,10
13.0237197876,80.2280197144,64097,64107,10
13.0234098434,80.2277069092,64107,64249,142
13.0234098434,80.2277069092,64249,64259,10
13.0233402252,80.2274780273,64259,64563,304
13.0233097076,80.2275009155,64563,64735,172
13.0233097076,80.2275009155,64735,64745,10
13.0233201981,80.2274475098,64745,64755,10
13.0230998993,80.2272567749,64755,64765,10
13.0227499008,80.2269592285,64765,64775,10
13.0224399567,80.2266387939,64775,64785,10
13.0222396851,80.2265014648,64785,64795,10
13.0218000412,80.2261428833,64795,64806,11
13.0212202072,80.2256774902,64806,64816,10
13.02064991,80.2251968384,64816,64826,10
13.0201301575,80.224899292,64826,64836,10
13.0199604034,80.2247772217,64836,64846,10
13.0196800232,80.224571228,64846,64856,10
13.0190296173,80.2244033813,64856,64866,10
13.0182504654,80.2246322632,64866,64876,10
13.0173997879,80.2249679565,64876,64887,11
13.0165500641,80.2253189087,64887,64897,10
13.015999794,80.2255172729,64897,64907,10
13.0154104233,80.2257537842,64907,64917,10
13.0148000717,80.226020813,64917,64927,10
13.0139799118,80.2263793945,64927,64947,20
13.0139799118,80.2263793945,64947,64957,10
13.0138101578,80.2264633179,64957,64968,11
13.0134296417,80.2265701294,64968,64978,10
13.0128803253,80.2267608643,64978,64988,10
13.0122995377,80.2269821167,64988,64998,10
13.0115804672,80.2272720337,64998,65008,10
13.0107603073,80.2276000977,65008,65018,10
13.0100002289,80.227897644,65018,65028,10
13.0093002319,80.2282333374,65028,65038,10
13.0090103149,80.2290267944,65038,65049,11
13.0088300705,80.2300796509,65049,65059,10
13.008649826,80.2310714722,65059,65069,10
13.0084600449,80.2321395874,65069,65079,10
13.0082798004,80.2334671021,65079,65099,20
13.0082798004,80.2334671021,65099,65109,10
13.008190155,80.2337112427,65109,65119,10
13.0080900192,80.2341766357,65119,65130,11
13.008020401,80.2344894409,65130,65140,10
13.0079402924,80.2348937988,65140,65150,10
13.0078601837,80.2352218628,65150,65160,10
13.0077600479,80.2356414795,65160,65170,10
13.007610321,80.2364501953,65170,65180,10
13.0074195862,80.2374191284,65180,65190,10
13.0072402954,80.2384872437,65190,65241,51
13.0071296692,80.2388534546,65241,65261,20
13.0071296692,80.2388534546,65261,65271,10
13.0070896149,80.2391586304,65271,65281,10
13.0070199966,80.2395782471,65281,65292,11
13.0068998337,80.2401733398,65292,65302,10
13.0067901611,80.2408370972,65302,65312,10
13.006770134,80.2409973145,65312,65322,10
13.0067501068,80.2414016724,65322,65332,10
13.0067300797,80.2421417236,65332,65342,10
13.0066900253,80.2431335449,65342,65362,20
13.0066900253,80.2431335449,65362,65373,11
13.0066795349,80.2433929443,65373,65383,10
13.0066604614,80.2436294556,65383,65393,10
13.006649971,80.2439422607,65393,65403,10
13.0066795349,80.2444763184,65403,65413,10
13.0066795349,80.2451171875,65413,65423,10
13.0066900253,80.2456436157,65423,65433,10
13.0067195892,80.2461776733,65433,65454,21
13.0067195892,80.2461776733,65454,65464,10
13.0067396164,80.2464981079,65464,65474,10
13.0067396164,80.2469177246,65474,65484,10
13.006310463,80.2473602295,65484,65535,51
13.006310463,80.2473602295,65535,65545,10
13.0059204102,80.2473602295,65545,65555,10
13.0052204132,80.2473526001,65555,65565,10
13.0043001175,80.2474212646,65565,65575,10
13.0031499863,80.2475662231,65575,65585,10
13.0021295547,80.2477722168,65585,65595,10
13.0011796951,80.2479934692,65595,65605,10
13.0000200272,80.2482833862,65605,65616,11
12.9986696243,80.248626709,65616,65626,10
12.9979400635,80.2488327026,65626,65636,10
12.9977703094,80.248878479,65636,65646,10
12.9972200394,80.2490234375,65646,65656,10
12.9963998795,80.2491989136,65656,65666,10
12.9953699112,80.2494506836,65666,65676,10
12.9941701889,80.2497634888,65676,65686,10
12.9929800034,80.2500686646,65686,65697,11
12.991979599,80.2503433228,65697,65707,10
12.9917001724,80.2504196167,65707,65717,10
12.9913597107,80.2505111694,65717,65727,10
12.9911899567,80.2505722046,65727,65737,10
12.9911003113,80.250579834,65737,65747,10
12.9906902313,80.2506790161,65747,65757,10
12.9900999069,80.2508163452,65757,65767,10
12.9896202087,80.2509384155,65767,65778,11
12.9893198013,80.2509994507,65778,66101,323
12.9893198013,80.2509994507,66101,66112,11
12.9888801575,80.2511367798,66112,66122,10
12.9886198044,80.2511901855,66122,66132,10
12.988240242,80.2512817383,66132,66142,10
12.9878902435,80.251373291,66142,66152,10
12.9874401093,80.2514801025,66152,66162,10
12.986700058,80.251701355,66162,66172,10
12.9858598709,80.2519073486,66172,66182,10
12.9848499298,80.2521362305,66182,66193,11
12.9837903976,80.2524414063,66193,66203,10
12.9828395844,80.2526016235,66203,66213,10
12.981880188,80.2526168823,66213,66223,10
12.9809799194,80.2526626587,66223,66233,10
12.9804000854,80.2527236938,66233,66253,20
12.9804000854,80.2527236938,66253,66263,10
12.9802904129,80.2527694702,66263,66274,11
12.9801397324,80.2527389526,66274,66284,10
12.9798002243,80.2527084351,66284,66294,10
12.9792499542,80.2526397705,66294,66304,10
12.978679657,80.252571106,66304,66324,20
12.978679657,80.252571106,66324,66334,10
12.9783802032,80.2524185181,66334,66344,10
12.9778604507,80.2519683838,66344,66355,11
12.9769897461,80.2513427734,66355,66365,10
12.9759502411,80.2510223389,66365,66375,10
12.9749097824,80.2507400513,66375,66385,10
12.9738998413,80.2504501343,66385,66395,10
12.9728097916,80.2501373291,66395,66405,10
12.9716300964,80.2498168945,66405,66415,10
12.970459938,80.2494888306,66415,66425,10
12.9693403244,80.2490615845,66425,66436,11
12.9681901932,80.2486572266,66436,66446,10
12.9674596786,80.2483596802,66446,66456,10
12.9672298431,80.2482376099,66456,66466,10
12.9669799805,80.2481307983,66466,66476,10
12.9666500092,80.2479400635,66476,66486,10
12.966219902,80.2477416992,66486,66496,10
12.9652004242,80.2473678589,66496,66517,21
12.9652004242,80.2473678589,66517,66527,10
12.9644603729,80.2470703125,66527,66537,10
12.9644603729,80.2470703125,66537,66547,10
12.9637699127,80.2468032837,66547,66557,10
12.9631700516,80.2465133667,66557,66567,10
12.9626598358,80.2462615967,66567,66577,10
12.9619398117,80.2459106445,66577,66587,10
12.9610004425,80.2454681396,66587,66599,12
12.9599599838,80.245010376,66599,66611,12
12.9594097137,80.2447662354,66611,66621,10
12.9593696594,80.244758606,66621,66631,10
12.9591598511,80.2446594238,66631,66641,10
12.9586296082,80.244430542,66641,66651,10
12.9578695297,80.2441101074,66651,66661,10
12.9574298859,80.2439498901,66661,66670,9
12.9568595886,80.243637085,66670,66682,12
12.9567298889,80.2435913086,66682,66692,10
12.9565696716,80.243522644,66692,66752,60
12.9565696716,80.243522644,66752,66763,11
12.9562997818,80.2434005737,66763,66773,10
12.9557504654,80.2432022095,66773,66783,10
12.9549598694,80.2428817749,66783,66793,10
12.9541196823,80.2425613403,66793,66803,10
12.9533500671,80.2422332764,66803,66813,10
12.9525299072,80.241897583,66813,66823,10
12.9518203735,80.2416610718,66823,66833,10
12.9517698288,80.2416534424,66833,66844,11
12.9514198303,80.2415237427,66844,66854,10
12.9508399963,80.2413482666,66854,66864,10
12.9504804611,80.2412414551,66864,66874,10
12.9501600266,80.2411499023,66874,66894,20
12.9501600266,80.2411499023,66894,66904,10
12.9498195648,80.2410125732,66904,66935,31
12.9498195648,80.2410125732,66935,66945,10
12.9495000839,80.2408905029,66945,66955,10
12.9490995407,80.2407836914,66955,67006,51
12.9490995407,80.2407836914,67006,67016,10
12.948849678,80.2406768799,67016,67026,10
12.9483203888,80.2404403687,67026,67036,10
12.9475402832,80.2401123047,67036,67046,10
12.9470396042,80.2399368286,67046,67056,10
12.946969986,80.239906311,67056,67066,10
12.9465303421,80.2397384644,67066,67076,10
12.9458398819,80.239440918,67076,67087,11
12.9449796677,80.238861084,67087,67097,10
12.9441404343,80.2381210327,67097,67107,10
12.9433603287,80.2371520996,67107,67117,10
12.9423999786,80.2364501953,67117,67127,10
12.9411201477,80.2360992432,67127,67137,10
12.9398097992,80.2357635498,67137,67157,20
12.9398097992,80.2357635498,67157,67168,11
12.9395999908,80.2356414795,67168,67178,10
12.9390602112,80.2353668213,67178,67188,10
12.9382801056,80.2349777222,67188,67198,10
12.9373998642,80.2345428467,67198,67208,10
12.9364500046,80.2341003418,67208,67218,10
12.9356403351,80.2337112427,67218,67228,10
12.9347000122,80.2332763672,67228,67238,10
12.9339799881,80.2329711914,67238,67249,11
12.9339504242,80.2329483032,67249,67259,10
12.9338998795,80.2329025269,67259,67269,10
12.9335403442,80.232749939,67269,67279,10
12.9328403473,80.2324523926,67279,67289,10
12.9319200516,80.2321166992,67289,67299,10
12.9307804108,80.2317428589,67299,67309,10
12.9295396805,80.2314224243,67309,67319,10
12.9285097122,80.2312164307,67319,67330,11
12.9272298813,80.231048584,67330,67340,10
12.9263000488,80.2309570313,67340,67350,10
12.9261398315,80.2309494019,67350,67360,10
12.9258003235,80.2309188843,67360,67370,10
12.925160408,80.2308197021,67370,67380,10
12.9243202209,80.2307281494,67380,67390,10
12.9232397079,80.2305908203,67390,67400,10
12.921959877,80.2303771973,67400,67411,11
12.9205198288,80.2301635742,67411,67421,10
12.9191799164,80.2299880981,67421,67431,10
12.9179201126,80.2298431396,67431,67441,10
12.9170999527,80.2297210693,67441,67451,10
12.9162597656,80.2295837402,67451,67461,10
12.9153003693,80.2294311523,67461,67471,10
12.9142398834,80.2293014526,67471,67481,10
12.9134597778,80.2292327881,67481,67492,11
12.913359642,80.2292175293,67492,67502,10
12.913189888,80.2291793823,67502,67512,10
12.9126195908,80.2290802002,67512,67522,10
12.9117803574,80.2289581299,67522,67532,10
12.9107303619,80.2288131714,67532,67542,10
12.9096002579,80.2286300659,67542,67552,10
12.9084701538,80.2284469604,67552,67562,10
12.907500267,80.2283172607,67562,67755,193
12.907500267,80.2283172607,67755,67765,10
12.9073295593,80.2282791138,67765,67775,10
12.9070396423,80.2282485962,67775,67785,10
12.9066696167,80.2282180786,67785,67795,10
12.90625,80.2281570435,67795,67805,10
12.9055995941,80.2281188965,67805,67816,11
12.9046401978,80.2280807495,67816,67826,10
12.9036903381,80.2280273438,67826,67836,10
12.902759552,80.2279891968,67836,67846,10
12.9016599655,80.2279510498,67846,67886,40
12.9016599655,80.2279510498,67886,67897,11
12.9014196396,80.2279434204,67897,67907,10
12.90102005,80.2279434204,67907,67917,10
12.9004602432,80.2279129028,67917,67927,10
12.8999099731,80.2278671265,67927,67937,10
12.8994598389,80.2278366089,67937,67957,20
12.8994598389,80.2278366089,67957,67967,10
12.899140358,80.2277984619,67967,67978,11
12.898440361,80.2277526855,67978,67988,10
12.8975601196,80.2276763916,67988,67998,10
12.8964500427,80.2276306152,67998,68008,10
12.8951702118,80.2275772095,68008,68018,10
12.8938798904,80.2275085449,68018,68028,10
12.8930702209,80.2274169922,68028,68038,10
12.8929700851,80.2274093628,68038,68048,10
12.8928003311,80.2273788452,68048,68059,11
12.8922996521,80.2273406982,68059,68069,10
12.8915195465,80.2273025513,68069,68079,10
12.8904800415,80.2272796631,68079,68089,10
12.889380455,80.2273025513,68089,68099,10
12.8886499405,80.2273178101,68099,68109,10
12.8878498077,80.2272415161,68109,68119,10
12.8868598938,80.2270812988,68119,68129,10
12.8858203888,80.2268295288,68129,68139,10
12.8850603104,80.2266769409,68139,68160,21
12.8850603104,80.2266769409,68160,68170,10
12.8848896027,80.2266616821,68170,68180,10
12.884349823,80.2266235352,68180,68190,10
12.8835000992,80.2266311646,68190,68200,10
12.8824300766,80.2266387939,68200,68210,10
12.8811903,80.2266464233,68210,68220,10
12.8798999786,80.2266693115,68220,68231,11
12.8785200119,80.2267303467,68231,68241,10
12.8773498535,80.2268295288,68241,68251,10
12.8766899109,80.2268981934,68251,68261,10
12.8766202927,80.2268981934,68261,68271,10
12.8762903214,80.2269287109,68271,68281,10
12.8756103516,80.2268981934,68281,68291,10
12.8746700287,80.2267837524,68291,68301,10
12.8736200333,80.2266464233,68301,68312,11
12.8729496002,80.2266311646,68312,68322,10
12.8722400665,80.2266235352,68322,68332,10
12.8712396622,80.2265701294,68332,68342,10
12.870059967,80.2264709473,68342,68352,10
12.8687496185,80.2263183594,68352,68362,10
12.8673601151,80.226348877,68362,68372,10
12.8660001755,80.2265014648,68372,68382,10
12.8646602631,80.2265090942,68382,68393,11
12.8632698059,80.2264328003,68393,68403,10
12.8620595932,80.2265090942,68403,68413,10
12.8612098694,80.2265396118,68413,68423,10
12.8611402512,80.2265396118,68423,68433,10
12.8608398438,80.2265319824,68433,68443,10
12.860159874,80.2264328003,68443,68453,10
12.8592996597,80.2263031006,68453,68463,10
12.8583602905,80.2261886597,68463,68474,11
12.8571195602,80.2262191772,68474,68484,10
12.8558797836,80.2263565063,68484,68494,10
12.854590416,80.2265014648,68494,68504,10
12.853269577,80.2266387939,68504,68514,10
12.8519697189,80.2266235352,68514,68524,10
12.850859642,80.2265777588,68524,68534,10
12.8501596451,80.2265625,68534,68544,10
12.849820137,80.2265396118,68544,68555,11
12.8490200043,80.2265014648,68555,68565,10
12.8479995728,80.2264785767,68565,68575,10
12.8468599319,80.2264862061,68575,68585,10
12.8459796906,80.2265167236,68585,68595,10
12.8456201553,80.2265319824,68595,68605,10
12.8455200195,80.2265396118,68605,68615,10
12.8454303741,80.2265396118,68615,68625,10
12.8449401855,80.2265472412,68625,68636,11
12.8440599442,80.2266235352,68636,68646,10
12.8431196213,80.2267379761,68646,68656,10
12.8421497345,80.2269363403,68656,68666,10
12.8412799835,80.227180481,68666,68676,10
12.8406496048,80.2273635864,68676,68686,10
12.8400402069,80.2275619507,68686,68696,10
12.839509964,80.227722168,68696,68706,10
12.838760376,80.2278900146,68706,68717,11
12.8376398087,80.2281494141,68717,68727,10
12.8364200592,80.2283401489,68727,68737,10
12.8351802826,80.2285232544,68737,68747,10
12.8339796066,80.2287063599,68747,68757,10
12.8329696655,80.2288970947,68757,68767,10
12.8323802948,80.2290267944,68767,68798,31
12.8323802948,80.2290267944,68798,68808,10
12.832280159,80.229057312,68808,68818,10
12.8318195343,80.2291793823,68818,68828,10
12.8311195374,80.2293701172,68828,68838,10
12.830160141,80.2297134399,68838,68848,10
12.8290395737,80.230140686,68848,68858,10
12.8278999329,80.2307510376,68858,68867,9
12.8268404007,80.2312393188,68867,68879,12
12.8253297806,80.2313690186,68879,68889,10
12.8240804672,80.2311935425,68889,68899,10
12.8228797913,80.2308273315,68899,68909,10
12.8217096329,80.2304763794,68909,68919,10
12.8205699921,80.2304000854,68919,68929,10
12.8194303513,80.2304534912,68929,68939,10
12.818810463,80.2304382324,68939,68949,10
12.8187799454,80.2304229736,68949,68960,11
12.8183603287,80.23021698,68960,68970,10
12.817609787,80.2298583984,68970,68980,10
12.816619873,80.2294998169,68980,68990,10
12.8154401779,80.229309082,68990,69000,10
12.814160347,80.2291030884,69000,69010,10
12.8128404617,80.2287216187,69010,69020,10
12.81153965,80.2282485962,69020,69030,10
12.8103399277,80.2277832031,69030,69041,11
12.8091802597,80.2272262573,69041,69051,10
12.8082304001,80.2264862061,69051,69061,10
12.8073701859,80.2257537842,69061,69071,10
12.8066196442,80.2250900269,69071,69081,10
12.8059997559,80.2245330811,69081,69091,10
12.8057098389,80.2242736816,69091,69101,10
12.8052501678,80.2240371704,69101,69122,21
12.8052501678,80.2240371704,69122,69132,10
12.8050804138,80.223991394,69132,69142,10
12.8045701981,80.2238998413,69142,69152,10
12.8038196564,80.2238388062,69152,69162,10
12.8030195236,80.2237701416,69162,69172,10
12.8021602631,80.2236480713,69172,69182,10
12.8008003235,80.2235488892,69182,69203,21
12.8008003235,80.2235488892,69203,69213,10
12.8007001877,80.2235336304,69213,69223,10
12.800239563,80.223487854,69223,69233,10
12.7994499207,80.2234420776,69233,69243,10
12.7984695435,80.2233200073,69243,69253,10
12.7973403931,80.2231674194,69253,69263,10
12.796330452,80.2229690552,69263,69273,10
12.7957601547,80.2228927612,69273,69284,11
12.7956695557,80.2228775024,69284,69294,10
12.7951898575,80.2227783203,69294,69304,10
12.794380188,80.2226409912,69304,69314,10
12.7933797836,80.2224884033,69314,69324,10
12.7923202515,80.2223129272,69324,69334,10
12.7913799286,80.222076416,69334,69344,10
12.7904701233,80.221862793,69344,69354,10
12.7899198532,80.2217407227,69354,69365,11
12.7897100449,80.2216796875,69365,69375,10
12.7894802094,80.2216033936,69375,69385,10
12.7892103195,80.221496582,69385,69395,10
12.7887096405,80.2212982178,69395,69405,10
12.7877998352,80.2209396362,69405,69456,51
12.7877998352,80.2209396362,69456,69466,10
12.7876501083,80.2208709717,69466,69476,10
12.7873497009,80.2207565308,69476,69486,10
12.7869300842,80.2206115723,69486,69506,20
12.7869300842,80.2206115723,69506,69516,10
12.786740303,80.2205429077,69516,69527,11
12.7865200043,80.2204589844,69527,69547,20
12.7865200043,80.2204589844,69547,69557,10
12.7862300873,80.2203369141,69557,69567,10
12.7861404419,80.2204971313,69567,69577,10
12.7861404419,80.2209320068,69577,69587,10
12.7861604691,80.2213973999,69587,69597,10
12.7861700058,80.2217102051,69597,69618,21
12.786239624,80.2219161987,69618,70053,435
12.786239624,80.2219161987,70053,70063,10
12.7862596512,80.2218170166,70063,70073,10
12.7862501144,80.2215270996,70073,70083,10
12.7861995697,80.2212219238,70083,70094,11
12.7861604691,80.2208480835,70094,70104,10
12.7861604691,80.2207565308,70104,70114,10
12.7861404419,80.2203903198,70114,70205,91
12.7861404419,80.2203903198,70205,70215,10
12.7865600586,80.2204208374,70215,70225,10
12.7868700027,80.2205581665,70225,70235,10
12.787320137,80.2207183838,70235,70245,10
12.7878303528,80.2209014893,70245,70255,10
12.7884101868,80.2211380005,70255,70266,11
12.789150238,80.2214279175,70266,70276,10
12.7896203995,80.2216033936,70276,70286,10
12.7900600433,80.2217178345,70286,70296,10
12.7907600403,80.2218933105,70296,70306,10
12.7916297913,80.2221069336,70306,70316,10
12.7925701141,80.2223205566,70316,70326,10
12.7935800552,80.2224807739,70326,70336,10
12.7945299149,80.2226333618,70336,70347,11
12.7955703735,80.2227935791,70347,70357,10
12.7963895798,80.22290802,70357,70367,10
12.796500206,80.2229309082,70367,70377,10
12.7968997955,80.2230224609,70377,70387,10
12.7975997925,80.2231369019,70387,70397,10
12.7984600067,80.2232513428,70397,70407,10
12.7994203568,80.2233505249,70407,70417,10
12.8004598618,80.223449707,70417,70428,11
12.8013896942,80.2235336304,70428,70438,10
12.8015699387,80.2235717773,70438,70448,10
12.8021697998,80.2236404419,70448,70458,10
12.8028697968,80.2237319946,70458,70468,10
12.8036403656,80.2238006592,70468,70478,10
12.8044395447,80.2238616943,70478,70488,10
12.805150032,80.2239685059,70488,70498,10
12.8055496216,80.2240982056,70498,70509,11
12.8056297302,80.2241516113,70509,70519,10
12.8060302734,80.2244796753,70519,70529,10
12.806599617,80.2249984741,70529,70539,10
12.8072395325,80.2255706787,70539,70549,10
12.8079900742,80.2261886597,70549,70559,10
12.8088102341,80.2268829346,70559,70569,10
12.8097000122,80.2274703979,70569,70579,10
12.8106203079,80.2278594971,70579,70590,11
12.8118200302,80.2283096313,70590,70600,10
12.8129396439,80.2287063599,70600,70610,10
12.8140802383,80.229057312,70610,70620,10
12.8152198792,80.2292633057,70620,70630,10
12.8163604736,80.2294311523,70630,70640,10
12.8174600601,80.2297286987,70640,70650,10
12.8184700012,80.2302017212,70650,70660,10
12.8193902969,80.230430603,70660,70671,11
12.8197898865,80.2304000854,70671,70681,10
12.8198299408,80.2304000854,70681,70691,10
12.820309639,80.2303924561,70691,70701,10
12.8212003708,80.2304077148,70701,70711,10
12.8223304749,80.2306213379,70711,70721,10
12.8236198425,80.231010437,70721,70731,10
12.8249101639,80.2313079834,70731,70741,10
12.8260498047,80.2313079834,70741,70752,11
12.8271598816,80.2311325073,70752,70762,10
12.8281698227,80.2305984497,70762,70772,10
12.8291797638,80.2300720215,70772,70782,10
12.8301200867,80.2296981812,70782,70792,10
12.8309803009,80.2293395996,70792,70833,41
12.8309803009,80.2293395996,70833,70843,10
12.8310804367,80.229309082,70843,70853,10
12.8311195374,80.2292861938,70853,70863,10
12.8313903809,80.2291870117,70863,71136,273
12.8313903809,80.2291870117,71136,71146,10
12.8316297531,80.229133606,71146,71157,11
12.8320903778,80.2290267944,71157,71167,10
12.8327798843,80.2288894653,71167,71177,10
12.8336896896,80.228729248,71177,71187,10
12.8347196579,80.2285614014,71187,71197,10
12.8357896805,80.2284164429,71197,71207,10
12.8369598389,80.2282562256,71207,71217,10
12.838060379,80.2280578613,71217,71227,10
12.8393001556,80.2276382446,71227,71288,61
12.8393001556,80.2276382446,71288,71298,10
12.839630127,80.2275009155,71298,71308,10
12.8400697708,80.2274703979,71308,71319,11
12.8408002853,80.2273025513,71319,71329,10
12.8416404724,80.2270812988,71329,71339,10
12.8426198959,80.226852417,71339,71349,10
12.8436803818,80.2266769409,71349,71359,10
12.8452796936,80.2265319824,71359,71389,30
12.8452796936,80.2265319824,71389,71400,11
12.845410347,80.2265396118,71400,71410,10
12.8458795547,80.2265396118,71410,71420,10
12.8466396332,80.2265396118,71420,71430,10
12.8475799561,80.2265396118,71430,71440,10
12.8486099243,80.2265396118,71440,71450,10
12.8495397568,80.2265319824,71450,71460,10
12.8500404358,80.2265167236,71460,71481,21
12.8500404358,80.2265167236,71481,71491,10
12.8502101898,80.2265396118,71491,71501,10
12.8507003784,80.2265472412,71501,71511,10
12.8513097763,80.2265701294,71511,71521,10
12.8520498276,80.226600647,71521,71531,10
12.8528995514,80.2266311646,71531,71541,10
12.8537197113,80.2265777588,71541,71551,10
12.8544797897,80.2265014648,71551,71562,11
12.8551902771,80.2264175415,71562,71572,10
12.8557500839,80.2263565063,71572,71582,10
12.8562498093,80.22631073,71582,71592,10
12.8566799164,80.2262573242,71592,71602,10
12.8570699692,80.2262191772,71602,71612,10
12.8575000763,80.2261581421,71612,71673,61
12.8575000763,80.2261581421,71673,71683,10
12.8576498032,80.2261428833,71683,71693,10
12.8581800461,80.2261505127,71693,71703,10
12.858880043,80.2262268066,71703,71713,10
12.8596601486,80.226348877,71713,71724,11
12.8605699539,80.2264709473,71724,71734,10
12.8608703613,80.2264862061,71734,71744,10
12.8609895706,80.2265167236,71744,71754,10
12.8613796234,80.2265167236,71754,71764,10
12.8620595932,80.2265014648,71764,71774,10
12.8629398346,80.2264480591,71774,71784,10
12.8640203476,80.2264633179,71784,71794,10
12.8653001785,80.2265167236,71794,71804,10
12.8665895462,80.2264633179,71804,71815,11
12.867939949,80.2263412476,71815,71825,10
12.8690795898,80.2263565063,71825,71835,10
12.8702402115,80.2265014648,71835,71845,10
12.8714399338,80.226600647,71845,71855,10
12.8725004196,80.2265930176,71855,71865,10
12.8727998734,80.226600647,71865,71875,10
12.8729295731,80.2266235352,71875,71885,10
12.8733701706,80.2266387939,71885,71896,11
12.874130249,80.2266998291,71896,71906,10
12.8749704361,80.2268066406,71906,71916,10
12.8757801056,80.2268829346,71916,71926,10
12.8761997223,80.2268676758,71926,71936,10
12.8764801025,80.2268829346,71936,71946,10
12.8766403198,80.2268829346,71946,71956,10
12.876660347,80.2268829346,71956,71966,10
12.876950264,80.226852417,71966,71977,11
12.8776302338,80.2267990112,71977,71987,10
12.8784399033,80.2267379761,71987,71997,10
12.8793802261,80.2266998291,71997,72007,10
12.8804101944,80.2266769409,72007,72017,10
12.8814601898,80.2266921997,72017,72027,10
12.8824796677,80.2266693115,72027,72037,10
12.8835401535,80.2266616821,72037,72047,10
12.8851804733,80.2266464233,72047,72068,21
12.8851804733,80.2266464233,72068,72078,10
12.8853902817,80.2266998291,72078,72088,10
12.8859395981,80.2268218994,72088,72098,10
12.8867301941,80.2270278931,72098,72108,10
12.8876304626,80.2272109985,72108,72118,10
12.8886604309,80.2273101807,72118,72128,10
12.8898200989,80.2273178101,72128,72139,11
12.8912000656,80.2273178101,72139,72149,10
12.8921804428,80.2273406982,72149,72230,81
12.8921804428,80.2273406982,72230,72240,10
12.8923397064,80.2273712158,72240,72250,10
12.8928604126,80.227432251,72250,72260,10
12.8936195374,80.2275238037,72260,72270,10
12.8945398331,80.2276077271,72270,72280,10
12.8955602646,80.2276535034,72280,72290,10
12.8966398239,80.2276992798,72290,72301,11
12.8978004456,80.2277603149,72301,72311,10
12.8987703323,80.2278137207,72311,72321,10
12.8996200562,80.2278671265,72321,72331,10
12.9001598358,80.2278366089,72331,72382,51
12.9001598358,80.2278366089,72382,72392,10
12.9003601074,80.2278366089,72392,72402,10
12.9005699158,80.2278594971,72402,72412,10
12.9009399414,80.227897644,72412,72422,10
12.9014196396,80.2279510498,72422,72432,10
12.9020900726,80.2279663086,72432,72442,10
12.9028501511,80.2279891968,72442,72452,10
12.9030103683,80.2279663086,72452,72463,11
12.9031095505,80.2279586792,72463,72473,10
12.9035596848,80.228012085,72473,72483,10
12.9040603638,80.2280502319,72483,72493,10
12.904709816,80.2280883789,72493,72503,10
12.9056501389,80.2281112671,72503,72564,61
12.9056501389,80.2281112671,72564,72574,10
12.9058599472,80.2281265259,72574,72584,10
12.9062004089,80.2281494141,72584,72594,10
12.9065799713,80.2281799316,72594,72604,10
12.9067401886,80.2282104492,72604,72614,10
12.9069404602,80.2282333374,72614,72625,11
12.9070997238,80.2282562256,72625,72635,10
12.9076595306,80.2283172607,72635,72645,10
12.9085502625,80.228477478,72645,72655,10
12.9096603394,80.2286682129,72655,72665,10
12.9108400345,80.2288589478,72665,72675,10
12.9120397568,80.2290420532,72675,72685,10
12.913189888,80.2292098999,72685,72695,10
12.9140701294,80.229309082,72695,72706,11
12.9141902924,80.2293014526,72706,72716,10
12.914440155,80.229347229,72716,72726,10
12.9150400162,80.2294387817,72726,72736,10
12.9159603119,80.2295913696,72736,72746,10
12.9170103073,80.2297363281,72746,72756,10
12.9181203842,80.229888916,72756,72766,10
12.9191904068,80.2300491333,72766,72776,10
12.9203395844,80.2301864624,72776,72787,11
12.9216499329,80.2303466797,72787,72797,10
12.9228496552,80.2305297852,72797,72807,10
12.924079895,80.2306976318,72807,72817,10
12.9252796173,80.2308425903,72817,72827,10
12.9262599945,80.2309265137,72827,72837,10
12.9263601303,80.2309494019,72837,72847,10
12.9266004562,80.2309799194,72847,72857,10
12.9272203445,80.2310409546,72857,72868,11
12.9280700684,80.2311477661,72868,72878,10
12.9287204742,80.2312164307,72878,72888,10
12.9293203354,80.2313613892,72888,72898,10
12.9301204681,80.2315368652,72898,72908,10
12.9310503006,80.2318115234,72908,72918,10
12.9319801331,80.2321166992,72918,72928,10
12.9329204559,80.2324295044,72928,72938,10
12.9336004257,80.2327270508,72938,72949,11
12.9336900711,80.2327728271,72949,72959,10
12.9337501526,80.2328109741,72959,72969,10
12.9341001511,80.2329483032,72969,72979,10
12.9348201752,80.2332763672,72979,72989,10
12.9354801178,80.2335662842,72989,72999,10
12.9360399246,80.2338180542,72999,73009,10
12.9367399216,80.2341690063,73009,73019,10
12.9375295639,80.2345504761,73019,73030,11
12.93846035,80.2350006104,73030,73040,10
12.9392795563,80.2354125977,73040,73050,10
12.9395599365,80.2355728149,73050,73060,10
12.9397296906,80.2356491089,73060,73070,10
12.9402303696,80.2358322144,73070,73080,10
12.9409999847,80.236038208,73080,73090,10
12.9419698715,80.2362823486,73090,73100,10
12.9429502487,80.236656189,73100,73111,11
12.943860054,80.2375564575,73111,73121,10
12.9446897507,80.2384796143,73121,73131,10
12.9455604553,80.2392578125,73131,73141,10
12.9471998215,80.2399215698,73141,73161,20
12.9471998215,80.2399215698,73161,73171,10
12.9475603104,80.2400665283,73171,73181,10
12.9481801987,80.2403182983,73181,73192,11
12.9488201141,80.2405700684,73192,73262,70
12.9488201141,80.2405700684,73262,73273,11
12.9488801956,80.2406234741,73273,73283,10
12.9492797852,80.2407989502,73283,73293,10
12.9499998093,80.241027832,73293,73303,10
12.9508695602,80.2412872314,73303,73313,10
12.9510698318,80.2413406372,73313,73323,10
12.9513902664,80.2414703369,73323,73333,10
12.9519395828,80.2416610718,73333,73343,10
12.9525499344,80.2418899536,73343,73354,11
12.9533996582,80.2422103882,73354,73364,10
12.9541597366,80.2425079346,73364,73374,10
12.9549102783,80.2428207397,73374,73384,10
12.9556102753,80.2430725098,73384,73394,10
12.9563999176,80.2433395386,73394,73445,51
12.9563999176,80.2433395386,73445,73455,10
12.9566698074,80.2434234619,73455,73465,10
12.9572896957,80.2437286377,73465,73475,10
12.9581804276,80.2441329956,73475,73485,10
12.9588003159,80.2443695068,73485,73495,10
12.9588603973,80.244392395,73495,73505,10
12.9592199326,80.2445831299,73505,73516,11
12.9599504471,80.2449264526,73516,73526,10
12.9608602524,80.2453536987,73526,73536,10
12.9619398117,80.245880127,73536,73546,10
12.9634103775,80.24659729,73546,73617,71
12.9634103775,80.24659729,73617,73627,10
12.9634599686,80.2466430664,73627,73637,10
12.9636602402,80.2467422485,73637,73647,10
12.9641103745,80.2469177246,73647,73657,10
12.9648399353,80.2471923828,73657,73667,10
12.9657201767,80.2474899292,73667,73678,11
12.9665603638,80.2478179932,73678,73688,10
12.9667196274,80.2478866577,73688,73698,10
12.9669399261,80.2480163574,73698,73708,10
12.96737957,80.2482376099,73708,73718,10
12.9677600861,80.2484207153,73718,73728,10
12.969420433,80.2490692139,73728,73738,10
12.969420433,80.2490692139,73738,73748,10
12.9706001282,80.2495269775,73748,73759,11
12.9721002579,80.2499465942,73759,73769,10
12.9733896255,80.250289917,73769,73779,10
12.9746198654,80.250617981,73779,73789,10
12.9759197235,80.2509994507,73789,73799,10
12.9771795273,80.2514038086,73799,73812,13
12.9781303406,80.2520828247,73812,73822,10
12.9787302017,80.2524337769,73822,73832,10
12.978770256,80.2524490356,73832,73843,11
12.9791898727,80.252571106,73843,73853,10
12.9797801971,80.2526321411,73853,73913,60
12.9797801971,80.2526321411,73913,73924,11
12.9801998138,80.2526931763,73924,73934,10
12.9809398651,80.2526779175,73934,73944,10
12.9819402695,80.2526626587,73944,73954,10
12.9831495285,80.2525787354,73954,73964,10
12.9844903946,80.2522583008,73964,74005,41
12.9844903946,80.2522583008,74005,74015,10
12.9845104218,80.2522277832,74015,74025,10
12.9848899841,80.2521209717,74025,74035,10
12.9855604172,80.2519302368,74035,74045,10
12.9862203598,80.2517471313,74045,74055,10
12.9872903824,80.2515029907,74055,74197,142
12.9872903824,80.2515029907,74197,74207,10
12.9874401093,80.2515411377,74207,74217,10
12.9876003265,80.2514724731,74217,74227,10
12.9879102707,80.2515029907,74227,74237,10
12.9880199432,80.2519378662,74237,74248,11
12.9880199432,80.2526016235,74248,74258,10
12.9879398346,80.2534408569,74258,74268,10
12.9878797531,80.2541809082,74268,74278,10
12.987830162,80.2548599243,74278,74288,10
12.9877901077,80.2551879883,74288,74298,10
12.987739563,80.2555999756,74298,74308,10
12.9877004623,80.2559890747,74308,74318,10
12.9876699448,80.2561187744,74318,74329,11
12.9876203537,80.2563781738,74329,74339,10
12.987569809,80.2569274902,74339,74349,10
12.9875097275,80.2576828003,74349,74359,10
12.9872903824,80.2585983276,74359,74389,30
12.9872903824,80.2585983276,74389,74399,10
12.9871101379,80.2585601807,74399,74410,11
12.9868097305,80.2586288452,74410,74592,182
12.9867200851,80.2585372925,74592,74774,182
12.9867200851,80.2585372925,74774,74784,10
12.9866800308,80.2586975098,74784,74794,10
12.9868803024,80.2585296631,74794,74855,61
12.9868097305,80.2585220337,74855,75088,233
12.9868097305,80.2585220337,75088,75098,10
12.9868001938,80.2584686279,75098,75402,304
12.9868001938,80.2584686279,75402,75412,10
12.9867401123,80.2587280273,75412,75422,10
12.9867296219,80.2590408325,75422,75432,10
12.9867095947,80.2593231201,75432,75442,10
12.9867200851,80.2593307495,75442,75452,10
12.9868602753,80.2595062256,75452,75463,11
12.9870195389,80.2593612671,75463,76910,1447
12.9870004654,80.2590484619,76910,80384,3474
12.9871397018,80.2591781616,80384,80778,394
