13.0328998566,80.23046875,13,992,979
13.0328798294,80.2303771973,992,1113,121
13.0330200195,80.2306213379,1113,2073,960
13.0330095291,80.2305297852,2073,2184,111
13.0330095291,80.2305297852,2184,2194,10
13.032959938,80.2305603027,2194,2477,283
13.0329399109,80.2304992676,2477,2679,202
13.0329399109,80.2304992676,2679,2689,10
13.0328197479,80.230506897,2689,2800,111
13.033080101,80.2306289673,2800,2921,121
13.0329303741,80.2304992676,2921,3537,616
13.0331001282,80.2305831909,3537,3617,80
13.0328502655,80.23046875,3617,4498,881
13.0329198837,80.2304382324,4498,4849,351
13.0329904556,80.23046875,4849,6589,1740
13.0329904556,80.23046875,6589,6599,10
13.0330295563,80.2303695679,6599,6843,244
13.0328197479,80.2304000854,6843,7160,317
13.0330600739,80.2304763794,7160,7509,349
13.0329799652,80.2303237915,7509,18031,10522
13.033080101,80.2305526733,18031,18062,31
13.0330696106,80.2304992676,18062,18658,596
13.0330095291,80.2303237915,18658,18890,232
13.0330095291,80.2303237915,18890,18902,12
13.0327796936,80.2304000854,18902,18912,10
13.0322799683,80.2304916382,18912,18922,10
13.031419754,80.2305908203,18922,18932,10
13.0305700302,80.230682373,18932,18942,10
13.0298995972,80.2307662964,18942,18952,10
13.0297603607,80.2307891846,18952,18962,10
13.029419899,80.2308425903,18962,18972,10
13.0286197662,80.2309417725,18972,18982,10
13.0278596878,80.2310333252,18982,18993,11
13.0276699066,80.2313232422,18993,19003,10
13.0277395248,80.2319564819,19003,19013,10
13.0278701782,80.2326278687,19013,19023,10
13.0274400711,80.2329025269,19023,19033,10
13.0269203186,80.2329864502,19033,19043,10
13.0266399384,80.2330169678,19043,19052,9
13.026309967,80.2325897217,19052,19063,11
13.0260095596,80.2315292358,19063,19073,10
13.0255899429,80.2303009033,19073,19083,10
13.0248498917,80.2293014526,19083,19094,11
13.0241003036,80.2283325195,19094,19104,10
13.0240001678,80.2282028198,19104,19112,8
13.0237398148,80.227897644,19112,19122,10
13.0231103897,80.2272567749,19122,19135,13
13.021900177,80.2261810303,19135,19145,10
13.0209703445,80.225479126,19145,19155,10
13.0197401047,80.2246398926,19155,19165,10
13.0183801651,80.2246017456,19165,19175,10
13.0171499252,80.2251281738,19175,19185,10
13.0164003372,80.2253570557,19185,19195,10
13.0159196854,80.2255706787,19195,19206,11
13.0151596069,80.2259597778,19206,19216,10
13.0143995285,80.2262496948,19216,19224,8
13.0143203735,80.2262802124,19224,19236,12
13.0140600204,80.2263717651,19236,19246,10
13.0133695602,80.2266464233,19246,19256,10
13.0123300552,80.2270431519,19256,19266,10
13.0112400055,80.2274780273,19266,19276,10
13.0100803375,80.2279586792,19276,19286,10
13.0091199875,80.2286224365,19286,19296,10
13.0089101791,80.2299118042,19296,19307,11
13.0086402893,80.2314300537,19307,19317,10
13.0083999634,80.2327804565,19317,19327,10
13.0081996918,80.233833313,19327,19337,10
13.0079402924,80.2349624634,19337,19347,10
13.0076999664,80.2361831665,19347,19357,10
13.0074300766,80.2375183105,19357,19367,10
13.0072202682,80.238822937,19367,19377,10
13.0069799423,80.2398223877,19377,19387,10
13.0068101883,80.2406768799,19387,19397,10
13.0067195892,80.241897583,19397,19408,11
13.0067100525,80.2433624268,19408,19418,10
13.0067596436,80.244720459,19418,19428,10
13.006819725,80.2459335327,19428,19438,10
13.0067901611,80.2473373413,19438,19448,10
13.0067796707,80.2486190796,19448,19458,10
13.006819725,80.249786377,19458,19468,10
13.0068101883,80.2512817383,19468,19478,10
13.0065898895,80.2525634766,19478,19488,10
13.0065803528,80.25390625,19488,19498,10
13.0066204071,80.255241394,19498,19508,10
13.0066404343,80.2563934326,19508,19519,11
13.0066900253,80.2572402954,19519,19529,10
13.0066795349,80.2572784424,19529,19539,10
13.0067396164,80.2576828003,19539,19549,10
13.0071697235,80.2583999634,19549,19559,10
13.0076599121,80.2586669922,19559,19569,10
13.0079498291,80.2587738037,19569,19579,10
13.0085802078,80.2590103149,19579,19589,10
13.0098800659,80.2590713501,19589,19599,10
13.0112895966,80.2590637207,19599,19609,10
13.0126895905,80.2591018677,19609,19620,11
13.0143003464,80.2591705322,19620,19630,10
13.0157403946,80.2593307495,19630,19640,10
13.0166196823,80.259803772,19640,19650,10
13.0167398453,80.2599029541,19650,19660,10
13.01720047,80.2602310181,19660,19670,10
13.017999649,80.2607574463,19670,19680,10
13.018989563,80.2614822388,19680,19690,10
13.0198602676,80.2623519897,19690,19700,10
13.0207004547,80.262840271,19700,19710,10
13.0218296051,80.2632217407,19710,19721,11
13.0221996307,80.263381958,19721,19731,10
13.022769928,80.2636489868,19731,19741,10
13.0235996246,80.2641372681,19741,19751,10
13.0245199203,80.2647476196,19751,19761,10
13.0251598358,80.2652282715,19761,19771,10
13.0256996155,80.2655715942,19771,19781,10
13.0261602402,80.2658233643,19781,19791,10
13.0263395309,80.2656936646,19791,19801,10
13.0263700485,80.26512146,19801,19811,10
13.0264701843,80.2644195557,19811,19821,10
13.0265598297,80.2637176514,19821,19832,11
13.0268697739,80.263458252,19832,19842,10
13.0275697708,80.2635803223,19842,19852,10
13.0284500122,80.2638015747,19852,19862,10
13.0291099548,80.263999939,19862,19872,10
13.0293102264,80.2643890381,19872,19882,10
13.029299736,80.2651519775,19882,19891,9
13.029299736,80.2659988403,19891,19902,11
13.029299736,80.2665100098,19902,19912,10
13.0298204422,80.2665405273,19912,19922,10
13.0305204391,80.2666320801,19922,19933,11
13.0311403275,80.2667617798,19933,19943,10
13.0318002701,80.2670288086,19943,19953,10
13.0324001312,80.2673187256,19953,19963,10
13.0329799652,80.267616272,19963,19972,9
13.0334501266,80.2677307129,19972,19983,11
13.0334796906,80.2677536011,19983,19993,10
13.0336503983,80.2678527832,19993,20003,10
13.0341596603,80.2679214478,20003,20013,10
13.0345401764,80.2679367065,20013,20023,10
13.034620285,80.2679901123,20023,20034,11
13.0346002579,80.268119812,20034,20044,10
13.0344800949,80.268119812,20044,20054,10
13.0342502594,80.2680206299,20054,20064,10
13.0342502594,80.2680130005,20064,20073,9
13.0340003967,80.2679595947,20073,20084,11
13.0334300995,80.2678604126,20084,20094,10
13.0332698822,80.2678222656,20094,20104,10
13.0326900482,80.2676391602,20104,20113,9
13.03221035,80.267326355,20113,20123,10
13.0311603546,80.2669219971,20123,20134,11
13.0297498703,80.2666320801,20134,20155,21
13.0297498703,80.2666320801,20155,20165,10
13.0294399261,80.2666168213,20165,20175,10
13.0288801193,80.266418457,20175,20185,10
13.028169632,80.2662963867,20185,20195,10
13.0273199081,80.266166687,20195,20205,10
13.0264396667,80.2660217285,20205,20215,10
13.0259799957,80.2658233643,20215,20225,10
13.0256204605,80.2655792236,20225,20235,10
13.0254497528,80.2654571533,20235,20246,11
13.0251197815,80.2651977539,20246,20256,10
13.0246601105,80.2648925781,20256,20266,10
13.0239601135,80.2643890381,20266,20276,10
13.0233402252,80.2640380859,20276,20286,10
13.0228395462,80.2637405396,20286,20296,10
13.022310257,80.2634735107,20296,20306,10
13.0220603943,80.2633514404,20306,20316,10
13.0217103958,80.2631835938,20316,20326,10
13.0208396912,80.2630081177,20326,20336,10
13.020070076,80.2629776001,20336,20346,10
13.0194301605,80.2629318237,20346,20357,11
13.0189504623,80.262840271,20357,20367,10
13.0188703537,80.2621612549,20367,20377,10
13.0187397003,80.2614822388,20377,20387,10
13.0181398392,80.2609405518,20387,20397,10
13.0174598694,80.2604675293,20397,20407,10
13.0167398453,80.2599868774,20407,20417,10
13.0162601471,80.2597427368,20417,20427,10
13.0161304474,80.2596817017,20427,20437,10
13.0156002045,80.259437561,20437,20447,10
13.014670372,80.2592391968,20447,20457,10
13.0134401321,80.2592163086,20457,20468,11
13.0119695663,80.2591781616,20468,20478,10
13.010840416,80.2591781616,20478,20488,10
13.0097904205,80.2592010498,20488,20498,10
13.0088996887,80.2591629028,20498,20508,10
13.0086202621,80.2591400146,20508,20517,9
13.0080003738,80.2592163086,20517,20527,10
13.0073099136,80.2590408325,20527,20538,11
13.0069904327,80.2583084106,20538,20548,10
13.0066099167,80.2577285767,20548,20558,10
13.006529808,80.2573928833,20558,20568,10
13.0065202713,80.256729126,20568,20579,11
13.0065202713,80.2554626465,20579,20589,10
13.006529808,80.2541809082,20589,20599,10
13.0065402985,80.2532196045,20599,20609,10
13.0065603256,80.2524795532,20609,20619,10
13.006649971,80.251991272,20619,20629,10
13.0067300797,80.2515106201,20629,20639,10
13.006770134,80.2507705688,20639,20649,10
13.0067501068,80.2498703003,20649,20659,10
13.0067195892,80.2489089966,20659,20669,10
13.0066604614,80.2475509644,20669,20748,79
13.0066604614,80.2475509644,20748,20758,10
13.0066003799,80.2473220825,20758,20768,10
13.0066003799,80.2470016479,20768,20778,10
13.0065498352,80.2466201782,20778,20788,10
13.0065498352,80.2466125488,20788,20799,11
13.0066299438,80.2463684082,20799,20809,10
13.0066604614,80.2456817627,20809,20819,10
13.0066795349,80.244682312,20819,20829,10
13.0066604614,80.2436904907,20829,20839,10
13.0066099167,80.2426834106,20839,20849,10
13.0066003799,80.2416534424,20849,20858,9
13.0067195892,80.2406311035,20858,20869,11
13.0069904327,80.2393569946,20869,20879,10
13.0071697235,80.2382125854,20879,20889,10
13.0073699951,80.2370986938,20889,20899,10
13.0074195862,80.2367477417,20899,20910,11
13.0074596405,80.2366027832,20910,20920,10
13.007610321,80.236076355,20920,20930,10
13.0078001022,80.2351379395,20930,20940,10
13.0080404282,80.2339324951,20940,20950,10
13.0083198547,80.2324905396,20950,20960,10
13.0086097717,80.2309799194,20960,20970,10
13.0088996887,80.2294769287,20970,20980,10
13.0091695786,80.2282791138,20980,20990,10
13.0098800659,80.2266693115,20990,21000,10
13.0104799271,80.225440979,21000,21010,10
13.01101017,80.2242889404,21010,21020,10
13.0114402771,80.2233276367,21020,21031,11
13.0117301941,80.2226791382,21031,21041,10
13.0121297836,80.2217178345,21041,21051,10
13.0123996735,80.2215118408,21051,21061,10
13.0126399994,80.2219696045,21061,21071,10
13.0133104324,80.2226715088,21071,21081,10
13.0139198303,80.2233734131,21081,21091,10
13.0141401291,80.2236633301,21091,21101,10
13.0145797729,80.2242202759,21101,21111,10
13.0150995255,80.2247390747,21111,21121,10
13.0152301788,80.2248382568,21121,21132,11
13.0154399872,80.2250366211,21132,21142,10
13.0160503387,80.2253265381,21142,21152,10
13.0170602798,80.2251281738,21152,21162,10
13.0181703568,80.2246780396,21162,21172,10
13.0190496445,80.2243881226,21172,21182,10
13.0199098587,80.2246627808,21182,21192,10
13.0207796097,80.2252807617,21192,21202,10
13.0215597153,80.2258682251,21202,21218,16
13.0220499039,80.2262496948,21218,21230,12
13.0225400925,80.2266998291,21230,21238,8
13.0230703354,80.227180481,21238,21251,13
13.0239601135,80.228012085,21251,21261,10
13.024600029,80.2288208008,21261,21271,10
13.0250997543,80.2294998169,21271,21281,10
13.025759697,80.2304534912,21281,21291,10
13.0259799957,80.2310791016,21291,21301,10
13.02602005,80.2313537598,21301,21311,10
13.0263595581,80.2313079834,21311,21321,10
13.0273399353,80.2310714722,21321,21331,10
13.0282001495,80.2309188843,21331,21341,10
13.0289802551,80.2308425903,21341,21352,11
13.0297403336,80.2307662964,21352,21362,10
13.0303897858,80.2307128906,21362,21373,11
13.0309801102,80.2306594849,21373,21383,10
13.0317697525,80.2305908203,21383,21392,9
13.0325498581,80.2305221558,21392,21402,10
13.0333795547,80.23046875,21402,21413,11
13.0339202881,80.2304077148,21413,21423,10
13.0340499878,80.2304000854,21423,21433,10
13.0344696045,80.2303466797,21433,21443,10
13.034819603,80.2302398682,21443,21453,10
13.0349597931,80.2301177979,21453,21464,11
13.0350799561,80.2300109863,21464,21474,10
13.0350103378,80.2297821045,21474,21484,10
13.0347900391,80.2297973633,21484,21494,10
13.0344104767,80.2297363281,21494,21554,60
13.0341300964,80.2297210693,21554,22249,695
13.0341300964,80.2297210693,22249,22259,10
13.0339097977,80.2298431396,22259,22360,101
13.033539772,80.2297973633,22360,22663,303
13.033539772,80.2297973633,22663,22673,10
13.0334100723,80.2299880981,22673,23480,807
13.0334100723,80.2299880981,23480,23490,10
13.0337295532,80.2296676636,23490,23500,10
13.033949852,80.2297363281,23500,23641,141
13.033949852,80.2297363281,23641,23652,11
13.0342903137,80.2299499512,23652,23742,90
13.034239769,80.2303390503,23742,23773,31
13.034239769,80.2303390503,23773,23783,10
13.034070015,80.23046875,23783,23793,10
13.0337095261,80.2304763794,23793,23803,10
13.0335302353,80.23046875,23803,23813,10
13.0331802368,80.2304611206,23813,23823,10
13.0324401855,80.2305221558,23823,23833,10
13.0314302444,80.2306137085,23833,23843,10
13.0307798386,80.2306594849,23843,23853,10
13.0302400589,80.2306976318,23853,23863,10
13.0298700333,80.2307510376,23863,23874,11
13.0297803879,80.2307815552,23874,23884,10
13.0292396545,80.2308425903,23884,23894,10
13.0286197662,80.2309036255,23894,23904,10
13.0283498764,80.2309570313,23904,23914,10
13.0277996063,80.2310028076,23914,23924,10
13.0277395248,80.2313537598,23924,23934,10
13.0278100967,80.2320404053,23934,23944,10
13.0278301239,80.2327423096,23944,23954,10
13.0272903442,80.2328567505,23954,23964,10
13.0269298553,80.2329177856,23964,23974,10
13.0264997482,80.2328262329,23974,23985,11
13.0262203217,80.232093811,23985,23995,10
13.0258998871,80.231010437,23995,24005,10
13.0254201889,80.2301330566,24005,24015,10
13.0251598358,80.2297210693,24015,24025,10
13.0246601105,80.2291030884,24025,24035,10
13.0242595673,80.2285614014,24035,24045,10
13.0239696503,80.2282409668,24045,24065,20
13.0239696503,80.2282409668,24065,24075,10
13.023730278,80.2278823853,24075,24085,10
13.0235900879,80.2277374268,24085,24096,11
13.0232095718,80.2273788452,24096,24106,10
13.0226097107,80.2267913818,24106,24116,10
13.0221204758,80.226348877,24116,24126,10
13.0214099884,80.2257995605,24126,24136,10
13.0201101303,80.224899292,24136,24156,20
13.0201101303,80.224899292,24156,24166,10
13.0200500488,80.224861145,24166,24176,10
13.0198097229,80.2247009277,24176,24186,10
13.019370079,80.2244796753,24186,24196,10
13.0185499191,80.2245788574,24196,24207,11
13.0174598694,80.2249908447,24207,24223,16
13.0157604218,80.2256774902,24223,24235,12
13.0146198273,80.2261428833,24235,24245,10
13.0142602921,80.22631073,24245,24255,10
13.0140304565,80.2263870239,24255,24265,10
13.0134000778,80.2266235352,24265,24275,10
13.0127801895,80.226852417,24275,24283,8
13.0118103027,80.2272415161,24283,24295,12
13.010219574,80.2278823853,24295,24305,10
13.00922966,80.2284088135,24305,24315,10
13.0089597702,80.2295608521,24315,24326,11
13.0087099075,80.23097229,24326,24336,10
13.0084600449,80.2323074341,24336,24346,10
13.0082902908,80.2333908081,24346,24354,8
13.0082798004,80.2335281372,24354,24365,11
13.0082197189,80.2336883545,24365,24376,11
13.0080604553,80.234336853,24376,24385,9
13.007900238,80.2351608276,24385,24396,11
13.0076198578,80.2365188599,24396,24406,10
13.0073795319,80.2378768921,24406,24416,10
13.0071496964,80.2390365601,24416,24427,11
13.0070104599,80.2398605347,24427,24437,10
13.0069503784,80.2403488159,24437,24447,10
13.0069198608,80.2406082153,24447,24457,10
13.0069103241,80.2406311035,24457,24467,10
13.006819725,80.2410202026,24467,24477,10
13.0067901611,80.2417602539,24477,24487,10
13.0067501068,80.2426986694,24487,24497,10
13.0066900253,80.2434921265,24497,24507,10
13.0066404343,80.2442016602,24507,24517,10
13.0066795349,80.2451019287,24517,24526,9
13.0067195892,80.2459793091,24526,24538,12
13.0067796707,80.2469024658,24538,24548,10
13.0068101883,80.247177124,24548,24558,10
13.006770134,80.2477416992,24558,24568,10
13.0067996979,80.2486114502,24568,24578,10
13.0068998337,80.2493362427,24578,24588,10
13.0068998337,80.2494506836,24588,24598,10
13.0068998337,80.2496871948,24598,24608,10
13.0068702698,80.2503204346,24608,24618,10
13.0068702698,80.2510528564,24618,24628,10
13.0068101883,80.2517623901,24628,24638,10
13.0066299438,80.2527618408,24638,24649,11
13.0066003799,80.2539215088,24649,24659,10
13.0066404343,80.2548828125,24659,24669,10
13.006649971,80.2559204102,24669,24679,10
13.0067195892,80.2571716309,24679,24689,10
13.0072803497,80.2583312988,24689,24699,10
13.0078201294,80.258682251,24699,24709,10
13.0078296661,80.2586898804,24709,24719,10
13.008190155,80.2588806152,24719,24729,10
13.0085802078,80.2590026855,24729,24739,10
13.0090303421,80.2591171265,24739,24750,11
13.0100698471,80.2591171265,24750,24760,10
13.0113201141,80.2591171265,24760,24770,10
13.0126399994,80.259147644,24770,24780,10
13.0140399933,80.2592086792,24780,24790,10
13.015250206,80.2592468262,24790,24800,10
13.0164899826,80.2597427368,24800,24820,20
13.0164899826,80.2597427368,24820,24830,10
13.0166797638,80.2598800659,24830,24840,10
13.0172595978,80.2602996826,24840,24850,10
13.0181102753,80.2608795166,24850,24861,11
13.0189504623,80.2615203857,24861,24871,10
13.0202503204,80.2626419067,24871,24891,20
13.0202503204,80.2626419067,24891,24901,10
13.0203895569,80.2627563477,24901,24911,10
13.0209999084,80.2629776001,24911,24921,10
13.0217599869,80.2632598877,24921,24931,10
13.0221004486,80.263420105,24931,24941,10
13.022600174,80.2636795044,24941,24951,10
13.023059845,80.2639694214,24951,24961,10
13.0235204697,80.264213562,24961,24972,11
13.0241203308,80.2645187378,24972,24982,10
13.0248003006,80.2650222778,24982,24992,10
13.0253896713,80.2654724121,24992,25002,10
13.0260095596,80.265838623,25002,25012,10
13.0263004303,80.2657012939,25012,25022,10
13.0264196396,80.2649765015,25022,25032,10
13.0265302658,80.2642364502,25032,25042,10
13.0265703201,80.2640686035,25042,25052,10
13.0265703201,80.2638778687,25052,25062,10
13.0267000198,80.2634124756,25062,25072,10
13.0272302628,80.2635192871,25072,25083,11
13.027879715,80.2637176514,25083,25093,10
13.0285301208,80.2639083862,25093,25103,10
13.0290899277,80.2640609741,25103,25113,10
13.0293302536,80.2642974854,25113,25123,10
13.0293903351,80.2647705078,25123,25133,10
13.0293302536,80.2653198242,25133,25149,16
13.029299736,80.2658233643,25149,25161,12
13.0292596817,80.2661590576,25161,25171,10
13.0292596817,80.2663574219,25171,25181,10
13.0296401978,80.2665176392,25181,25191,10
13.0301599503,80.2666320801,25191,25202,11
13.031080246,80.2668762207,25202,25212,10
13.0317897797,80.2671585083,25212,25222,10
13.0322599411,80.2673721313,25222,25232,10
13.032500267,80.2674865723,25232,25241,9
13.0329399109,80.2677078247,25241,25252,11
13.033829689,80.2678833008,25252,25272,20
13.033829689,80.2678833008,25272,25282,10
13.0340299606,80.2679290771,25282,25291,9
13.0344495773,80.2679824829,25291,25303,12
13.0345602036,80.268157959,25303,25333,30
13.0345602036,80.268157959,25333,25343,10
13.0340003967,80.2680130005,25343,25353,10
13.0334196091,80.2678909302,25353,25454,101
13.0331897736,80.2676773071,25454,26080,626
13.0331897736,80.2676773071,26080,26090,10
13.0331296921,80.2677993774,26090,26100,10
13.0330600739,80.267791748,26100,26110,10
13.0328598022,80.267791748,26110,26120,10
13.0325899124,80.2676010132,26120,26130,10
13.032119751,80.2673568726,26130,26140,10
13.0313901901,80.2670211792,26140,26150,10
13.0305099487,80.2667999268,26150,26160,10
13.0299396515,80.2666320801,26160,26170,10
13.0298595428,80.2666320801,26170,26181,11
13.0295295715,80.2666091919,26181,26191,10
13.029299736,80.2665176392,26191,26201,10
13.0286798477,80.2663803101,26201,26211,10
13.0279798508,80.2662582397,26211,26227,16
13.0269002914,80.2661590576,26227,26239,12
13.0262098312,80.2658996582,26239,26249,10
13.0255804062,80.2655029297,26249,26258,9
13.0253000259,80.2653121948,26258,26270,12
13.0251998901,80.2652435303,26270,26280,10
13.0248098373,80.2649765015,26280,26290,10
13.0241098404,80.264503479,26290,26301,11
13.0232601166,80.263999939,26301,26311,10
13.0225095749,80.263633728,26311,26321,10
13.0221395493,80.263458252,26321,26330,9
13.0220298767,80.2633972168,26330,26341,11
13.0218296051,80.2632904053,26341,26351,10
13.0212202072,80.2630767822,26351,26361,10
13.0203695297,80.2630462646,26361,26371,10
13.0197696686,80.2630004883,26371,26381,10
13.0191898346,80.2629318237,26381,26391,10
13.0189199448,80.2624893188,26391,26402,11
13.0187797546,80.2615890503,26402,26412,10
13.0182199478,80.2610015869,26412,26422,10
13.0172996521,80.260383606,26422,26432,10
13.0164003372,80.2598419189,26432,26442,10
13.0161104202,80.2597122192,26442,26452,10
13.0158996582,80.2596130371,26452,26462,10
13.015250206,80.2593994141,26462,26472,10
13.0143404007,80.2593078613,26472,26482,10
13.0131998062,80.2592697144,26482,26492,10
13.0121202469,80.2592163086,26492,26503,11
13.0110702515,80.2592010498,26503,26513,10
13.0100603104,80.2592391968,26513,26523,10
13.0092096329,80.2592391968,26523,26533,10
13.008769989,80.2592086792,26533,26543,10
13.0082197189,80.2591705322,26543,26553,10
13.0076503754,80.2593002319,26553,26563,10
13.0073003769,80.2587814331,26563,26573,10
13.0072698593,80.2587127686,26573,26583,10
13.0071697235,80.2585220337,26583,26593,10
13.006939888,80.2581176758,26593,26603,10
13.0066404343,80.2577285767,26603,26634,31
13.0066404343,80.2577285767,26634,26650,16
13.0066099167,80.2574005127,26650,26662,12
13.0066099167,80.2570037842,26662,26672,10
13.0065898895,80.2562408447,26672,26682,10
13.0065698624,80.2551574707,26682,26692,10
13.0065498352,80.2539825439,26692,26702,10
13.0065603256,80.2532272339,26702,26712,10
13.0065402985,80.253112793,26712,26722,10
13.0065402985,80.2528991699,26722,26733,11
13.0065498352,80.2525482178,26733,26742,9
13.0066099167,80.2521133423,26742,26753,11
13.0066299438,80.2520599365,26753,26763,10
13.0066299438,80.2520217896,26763,26773,10
13.0067100525,80.2517318726,26773,26783,10
13.0067796707,80.2509994507,26783,26793,10
13.006770134,80.2499923706,26793,26803,10
13.006770134,80.2495803833,26803,26813,10
13.006770134,80.2492980957,26813,26823,10
13.0067195892,80.2486190796,26823,26833,10
13.0066404343,80.2478866577,26833,26854,21
13.0066404343,80.2478866577,26854,26864,10
13.0066299438,80.2475814819,26864,26874,10
13.0066404343,80.2470397949,26874,26884,10
13.0065803528,80.2466201782,26884,26894,10
13.0065803528,80.2466125488,26894,26904,10
13.0066604614,80.2462463379,26904,26914,10
13.0066795349,80.2454299927,26914,26924,10
13.0066604614,80.2443771362,26924,26934,10
13.0066299438,80.2434997559,26934,26945,11
13.0065803528,80.2426223755,26945,26955,10
13.0065498352,80.2416381836,26955,26965,10
13.0065803528,80.2413635254,26965,26975,10
13.0066299438,80.2409210205,26975,26985,10
13.0067996979,80.2401809692,26985,26995,10
13.0070495605,80.2391281128,26995,27005,10
13.0072603226,80.2378768921,27005,27015,10
13.0074195862,80.2369232178,27015,27025,10
13.0074300766,80.2367706299,27025,27035,10
13.0074796677,80.2366409302,27035,27045,10
13.0076303482,80.2360992432,27045,27056,11
13.0078401566,80.2350921631,27056,27066,10
13.0080604553,80.2338867188,27066,27076,10
13.0083398819,80.2324905396,27076,27086,10
13.0086402893,80.2309799194,27086,27096,10
13.0089302063,80.2294616699,27096,27106,10
13.0093002319,80.2279281616,27106,27116,10
13.0098695755,80.2266998291,27116,27126,10
13.010430336,80.2255401611,27126,27136,10
13.0109300613,80.2244796753,27136,27146,10
13.0112895966,80.2236328125,27146,27156,10
13.0114297867,80.2232284546,27156,27177,21
13.0114297867,80.2232284546,27177,27187,10
13.0115604401,80.2229003906,27187,27197,10
13.0118398666,80.2221832275,27197,27207,10
13.0122299194,80.2214202881,27207,27217,10
13.0125999451,80.2218017578,27217,27227,10
13.0132198334,80.2225418091,27227,27237,10
13.0139303207,80.2233505249,27237,27247,10
13.014380455,80.2238769531,27247,27257,10
13.0150699615,80.2245788574,27257,27267,10
13.0155200958,80.2249832153,27267,27278,11
13.0155496597,80.2250213623,27278,27288,10
13.0158700943,80.2252807617,27288,27298,10
13.0165500641,80.2253417969,27298,27308,10
13.0175199509,80.2249908447,27308,27318,10
13.0185203552,80.2245788574,27318,27328,10
13.0193796158,80.2244415283,27328,27338,10
13.0200500488,80.2247924805,27338,27348,10
13.0206899643,80.225227356,27348,27358,10
13.0212097168,80.2256011963,27358,27368,10
13.0219497681,80.2261276245,27368,27447,79
13.0219497681,80.2261276245,27447,27455,8
13.022190094,80.2264022827,27455,27467,12
13.022939682,80.2270812988,27467,27477,10
13.0236597061,80.227722168,27477,27487,10
13.0242204666,80.228302002,27487,27498,11
13.0246200562,80.2288589478,27498,27508,10
13.0249700546,80.2293319702,27508,27517,9
13.0253295898,80.2297515869,27517,27528,11
13.0254402161,80.229888916,27528,27538,10
13.0257501602,80.2304077148,27538,27548,10
13.0260295868,80.2311019897,27548,27558,10
13.0263004303,80.2313537598,27558,27568,10
13.0270900726,80.2311325073,27568,27578,10
13.027879715,80.2310028076,27578,27588,10
13.028459549,80.2309417725,27588,27598,10
13.0284795761,80.2309417725,27598,27609,11
13.0291500092,80.2309188843,27609,27619,10
13.0292596817,80.2309036255,27619,27629,10
13.0293703079,80.2309036255,27629,27639,10
13.0297698975,80.2308502197,27639,27649,10
13.0304498672,80.2307891846,27649,27659,10
13.0310096741,80.2307434082,27659,27669,10
13.0317802429,80.2306976318,27669,27679,10
13.0326299667,80.2306213379,27679,27689,10
13.0335798264,80.2305374146,27689,27699,10
13.0343103409,80.23046875,27699,27709,10
13.0349502563,80.2301025391,27709,27740,31
13.0349502563,80.2301025391,27740,27750,10
13.0345602036,80.2300033569,27750,29163,1413
13.0342998505,80.2299728394,29163,29264,101
13.0341796875,80.2302703857,29264,29314,50
13.0341796875,80.2302703857,29314,29324,10
13.034070015,80.2304763794,29324,29334,10
13.0339298248,80.2304534912,29334,29344,10
13.0335597992,80.2304382324,29344,29355,11
13.0333499908,80.2304534912,29355,29365,10
13.0328702927,80.2304992676,29365,29375,10
13.0321798325,80.2305831909,29375,29385,10
13.0313596725,80.2306671143,29385,29395,10
13.0309400558,80.2307281494,29395,29405,10
13.0304203033,80.2307662964,29405,29415,10
13.0299100876,80.2308273315,29415,29435,20
13.0299100876,80.2308273315,29435,29445,10
13.0294599533,80.2309112549,29445,29455,10
13.0286197662,80.2309570313,29455,29466,11
13.0278701782,80.2310562134,29466,29476,10
13.0277500153,80.2314910889,29476,29486,10
13.0278100967,80.2322769165,29486,29496,10
13.0278196335,80.2328491211,29496,29506,10
13.027299881,80.2329483032,29506,29516,10
13.0269603729,80.2329483032,29516,29526,10
13.0264701843,80.2328720093,29526,29536,10
13.0262002945,80.2321014404,29536,29546,10
13.025970459,80.2312316895,29546,29556,10
13.0255403519,80.2302322388,29556,29566,10
13.0246601105,80.229133606,29566,29597,31
13.0246601105,80.229133606,29597,29607,10
13.0244503021,80.2288513184,29607,29617,10
13.0240802765,80.2284088135,29617,29627,10
13.0240602493,80.2283782959,29627,29637,10
13.023900032,80.2280807495,29637,29647,10
13.0233697891,80.2275238037,29647,29657,10
13.0226297379,80.2268371582,29657,29667,10
13.02202034,80.2263412476,29667,29677,10
13.0214099884,80.2258071899,29677,29688,11
13.0205402374,80.2251815796,29688,29698,10
13.0197000504,80.2245864868,29698,29708,10
13.0186901093,80.2245788574,29708,29718,10
13.0176401138,80.2249679565,29718,29728,10
13.0168600082,80.2253036499,29728,29738,10
13.0164804459,80.2254562378,29738,29748,10
13.0159902573,80.2256317139,29748,29758,10
13.0153903961,80.2258605957,29758,29768,10
13.0148897171,80.2260894775,29768,29778,10
13.0145101547,80.2262420654,29778,29789,11
13.0144701004,80.2262496948,29789,29799,10
13.0144195557,80.2262420654,29799,29809,10
13.0140800476,80.2263412476,29809,29819,10
13.0133399963,80.2266311646,29819,29829,10
13.0123195648,80.2270431519,29829,29839,10
13.011179924,80.2275009155,29839,29849,10
13.0100898743,80.2279281616,29849,29859,10
13.0092000961,80.2284088135,29859,29869,10
13.008939743,80.2295379639,29869,29885,16
13.0086097717,80.2312774658,29885,29897,12
13.0083904266,80.2325592041,29897,29908,11
13.0082101822,80.2336883545,29908,29928,20
13.0082101822,80.2336883545,29928,29938,10
13.0081300735,80.2340774536,29938,29948,10
13.0080003738,80.2346878052,29948,29958,10
13.0078296661,80.2354812622,29958,29968,10
13.0076999664,80.2361831665,29968,29978,10
13.0075101852,80.2370681763,29978,29988,10
13.0073204041,80.238067627,29988,29998,10
13.0072402954,80.2386322021,29998,30008,10
13.0070800781,80.2395477295,30008,30019,11
13.0068702698,80.2406005859,30019,30039,20
13.0068702698,80.2406005859,30039,30049,10
13.0068397522,80.2407836914,30049,30059,10
13.0067501068,80.2412872314,30059,30069,10
13.0067300797,80.2422485352,30069,30079,10
13.0067195892,80.2431716919,30079,30089,10
13.0067195892,80.243888855,30089,30099,10
13.0066900253,80.2446365356,30099,30109,10
13.0066900253,80.2454223633,30109,30120,11
13.0067396164,80.2462005615,30120,30130,10
13.006770134,80.2467498779,30130,30140,10
13.0068101883,80.2472076416,30140,30150,10
13.0067596436,80.2478103638,30150,30160,10
13.0067796707,80.2486877441,30160,30170,10
13.0068798065,80.2495422363,30170,30190,20
13.0068798065,80.2495422363,30190,30200,10
13.0068702698,80.2499389648,30200,30210,10
13.0068597794,80.2507095337,30210,30220,10
13.0068502426,80.2514038086,30220,30251,31
13.0068502426,80.2514038086,30251,30261,10
13.0068101883,80.2515029907,30261,30271,10
13.0066795349,80.2520523071,30271,30281,10
13.0065603256,80.2528381348,30281,30291,10
13.0065603256,80.2536087036,30291,30301,10
13.0066099167,80.2546691895,30301,30311,10
13.0066404343,80.255897522,30311,30321,10
13.0067100525,80.2574462891,30321,30352,31
13.0067100525,80.2574462891,30352,30362,10
13.0066900253,80.2576370239,30362,30372,10
13.0077295303,80.2587280273,30372,30400,28
13.0077295303,80.2587280273,30400,30410,10
13.0079202652,80.2588195801,30410,30420,10
13.0085401535,80.2590103149,30420,30430,10
13.0089502335,80.2591018677,30430,30440,10
13.0091295242,80.2590637207,30440,30450,10
13.0097398758,80.2590408325,30450,30461,11
13.0108203888,80.2590637207,30461,30474,13
13.0124197006,80.2591171265,30474,30484,10
13.0138101578,80.2591781616,30484,30494,10
13.0151996613,80.2592163086,30494,30504,10
13.0162200928,80.2595062256,30504,30514,10
13.0164403915,80.2596664429,30514,30524,10
13.016579628,80.259803772,30524,30534,10
13.0170602798,80.2601394653,30534,30544,10
13.0177698135,80.2606277466,30544,30567,23
13.0190000534,80.2615432739,30567,30580,13
13.0194597244,80.2620010376,30580,30590,10
13.0197601318,80.2623901367,30590,30600,10
13.0201597214,80.2626266479,30600,30610,10
13.0204200745,80.2627410889,30610,30620,10
13.0210695267,80.2629623413,30620,30630,10
13.021730423,80.2631988525,30630,30640,10
13.0221004486,80.2633895874,30640,30650,10
13.0225400925,80.2636184692,30650,30660,10
13.0232400894,80.2639465332,30660,30670,10
13.0238704681,80.2643203735,30670,30681,11
13.0244998932,80.2647399902,30681,30691,10
13.0250101089,80.2651519775,30691,30701,10
13.0254402161,80.2654724121,30701,30711,10
13.0256099701,80.2655792236,30711,30721,10
13.02602005,80.2658004761,30721,30731,10
13.0263595581,80.2657318115,30731,30741,10
13.0263900757,80.2650604248,30741,30751,10
13.0264797211,80.2643203735,30751,30761,10
13.0265398026,80.2638473511,30761,30771,10
13.0265703201,80.2637023926,30771,30781,10
13.0266599655,80.263381958,30781,30792,11
13.0272598267,80.2634963989,30792,30802,10
13.0280399323,80.2637023926,30802,30812,10
13.028840065,80.2639389038,30812,30822,10
13.0293102264,80.264213562,30822,30832,10
13.0293302536,80.2648086548,30832,30842,10
13.0292901993,80.2654418945,30842,30852,10
13.0292797089,80.265838623,30852,30862,10
13.0292797089,80.2658691406,30862,30872,10
13.0292596817,80.2660064697,30872,30882,10
13.0292196274,80.2663269043,30882,30892,10
13.0292797089,80.2665634155,30892,30903,11
13.0296897888,80.2666015625,30903,30913,10
13.0303096771,80.2666397095,30913,30923,10
13.0313501358,80.2669372559,30923,30933,10
13.0324201584,80.2674026489,30933,30943,10
13.0328998566,80.2677001953,30943,30953,10
13.0338001251,80.2678909302,30953,30973,20
13.0338001251,80.2678909302,30973,30983,10
13.0340003967,80.2679367065,30983,30993,10
13.0344696045,80.2679824829,30993,31024,31
13.0344696045,80.2679824829,31024,31034,10
13.0342903137,80.2680511475,31034,31044,10
13.0338602066,80.2679824829,31044,31185,141
13.0336799622,80.2677993774,31185,31912,727
13.0334997177,80.2678375244,31912,31952,40
13.0334997177,80.2678375244,31952,31962,10
13.033080101,80.2677764893,31962,31972,10
13.0328598022,80.2677230835,31972,31982,10
13.032699585,80.2676315308,31982,31992,10
13.0324201584,80.2674636841,31992,32003,11
13.0318403244,80.2671585083,32003,32013,10
13.0312404633,80.266960144,32013,32023,10
13.0306797028,80.2667922974,32023,32033,10
13.0300197601,80.2666625977,32033,32053,20
13.0300197601,80.2666625977,32053,32063,10
13.0296602249,80.2666397095,32063,32073,10
13.0293998718,80.2665634155,32073,32083,10
13.0291795731,80.2665405273,32083,32093,10
13.0286598206,80.2663574219,32093,32104,11
13.0280895233,80.2662124634,32104,32114,10
13.0275201797,80.2660675049,32114,32124,10
13.0267801285,80.2660369873,32124,32144,20
13.0267801285,80.2660369873,32144,32154,10
13.0263004303,80.2658996582,32154,32164,10
13.0259504318,80.2657470703,32164,32174,10
13.0254001617,80.2654266357,32174,32200,26
13.0254001617,80.2654266357,32200,32212,12
13.0250797272,80.2651901245,32212,32223,11
13.0247097015,80.2649536133,32223,32232,9
13.0238199234,80.2643203735,32232,32244,12
13.0230903625,80.2638397217,32244,32254,10
13.0222597122,80.2634963989,32254,32273,19
13.0222597122,80.2634963989,32273,32284,11
13.0219802856,80.2633132935,32284,32293,9
13.0217103958,80.2631835938,32293,32305,12
13.0208902359,80.2629699707,32305,32314,9
13.02023983,80.2630081177,32314,32326,12
13.0194702148,80.262878418,32326,32336,10
13.0190496445,80.2627334595,32336,32346,10
13.0188999176,80.2620315552,32346,32356,10
13.0187196732,80.261428833,32356,32366,10
13.0182104111,80.2609710693,32366,32376,10
13.017539978,80.2605209351,32376,32386,10
13.0167999268,80.260017395,32386,32396,10
13.0162200928,80.259727478,32396,32406,10
13.0161600113,80.2596969604,32406,32416,10
13.0160799026,80.2596817017,32416,32426,10
13.0156698227,80.2594985962,32426,32437,11
13.0148601532,80.2593307495,32437,32447,10
13.0139703751,80.2592926025,32447,32457,10
13.0129003525,80.2592315674,32457,32467,10
13.0118398666,80.2591781616,32467,32477,10
13.0109395981,80.2591629028,32477,32487,10
13.0104598999,80.2592086792,32487,32497,10
13.0096998215,80.2592163086,32497,32507,10
13.0090503693,80.2591705322,32507,32517,10
13.0087604523,80.2591629028,32517,32527,10
13.0082702637,80.2591094971,32527,32537,10
13.0077104568,80.2592086792,32537,32548,11
13.0073299408,80.2588424683,32548,32558,10
13.0072402954,80.2586593628,32558,32567,9
13.0072202682,80.2586135864,32567,32578,11
13.007060051,80.2583389282,32578,32588,10
13.0066604614,80.2577514648,32588,32659,71
13.0066604614,80.2577514648,32659,32669,10
13.0065603256,80.2576904297,32669,32679,10
13.0065097809,80.2572784424,32679,32689,10
13.0064697266,80.2566375732,32689,32698,9
13.006480217,80.2559814453,32698,32709,11
13.0065002441,80.255241394,32709,32719,10
13.0065202713,80.2542114258,32719,32729,10
13.0065097809,80.253326416,32729,32739,10
13.0065202713,80.2532272339,32739,32749,10
13.0065498352,80.2531509399,32749,32759,10
13.0065498352,80.252746582,32759,32770,11
13.0065603256,80.252281189,32770,32780,10
13.0065603256,80.2521972656,32780,32790,10
13.0066003799,80.2520904541,32790,32800,10
13.0066604614,80.2517318726,32800,32810,10
13.0067396164,80.2509689331,32810,32820,10
13.0067501068,80.2499313354,32820,32850,30
13.0067501068,80.2499313354,32850,32860,10
13.0067796707,80.2498092651,32860,32870,10
13.0067796707,80.2494125366,32870,32881,11
13.0067300797,80.2490234375,32881,32891,10
13.0066795349,80.2486495972,32891,33012,121
13.0066795349,80.2486495972,33012,33022,10
13.0067501068,80.2483978271,33022,33032,10
13.0067195892,80.2481384277,33032,33042,10
13.0066900253,80.2477111816,33042,33052,10
13.0066900253,80.2472229004,33052,33062,10
13.0066099167,80.2467498779,33062,33082,20
13.0066099167,80.2467498779,33082,33092,10
13.0066003799,80.2464981079,33092,33103,11
13.0066299438,80.2461776733,33103,33113,10
13.0066099167,80.2458724976,33113,33123,10
13.0066099167,80.2455825806,33123,33133,10
13.0066099167,80.2454376221,33133,33143,10
13.0066003799,80.2452011108,33143,33153,10
13.0065898895,80.2449798584,33153,33163,10
13.0065803528,80.2447433472,33163,33173,10
13.0065498352,80.2445678711,33173,33183,10
13.0065698624,80.2443389893,33183,33193,10
13.0065803528,80.2440719604,33193,33203,10
13.0065898895,80.2437820435,33203,33214,11
13.0065898895,80.2435302734,33214,33224,10
13.0065803528,80.2431030273,33224,33234,10
13.0065498352,80.2420578003,33234,33274,40
13.0066003799,80.2417526245,33274,33375,101
13.0066003799,80.2417526245,33375,33385,10
13.0066003799,80.2415771484,33385,33395,10
13.0066003799,80.2414321899,33395,33405,10
13.0066099167,80.2411804199,33405,33415,10
13.006649971,80.2407073975,33415,33425,10
13.0068101883,80.2399368286,33425,33436,11
13.0070295334,80.238861084,33436,33446,10
13.0072603226,80.2377166748,33446,33456,10
13.0073795319,80.2369308472,33456,33466,10
13.0073795319,80.236869812,33466,33476,10
13.0074195862,80.2368011475,33476,33486,10
13.0075397491,80.2363967896,33486,33496,10
13.0076799393,80.2357406616,33496,33506,10
13.0078601837,80.2348327637,33506,33516,10
13.008099556,80.2337112427,33516,33526,10
13.0083503723,80.2323913574,33526,33536,10
13.008600235,80.23097229,33536,33546,10
13.008890152,80.2295379639,33546,33557,11
13.0092000961,80.2282104492,33557,33567,10
13.0096702576,80.2270812988,33567,33577,10
13.010140419,80.226020813,33577,33587,10
13.0105199814,80.2251815796,33587,33597,10
13.0106801987,80.2248764038,33597,33607,10
13.0109596252,80.224319458,33607,33617,10
13.0113401413,80.2235183716,33617,33627,10
13.0115098953,80.2232284546,33627,33637,10
13.0115804672,80.2231216431,33637,33647,10
13.0116195679,80.2227478027,33647,33658,11
13.0117397308,80.2218933105,33658,33668,10
13.0122003555,80.2214584351,33668,33678,10
13.012430191,80.2217330933,33678,33688,10
13.0127801895,80.2222366333,33688,33698,10
13.0133800507,80.2227783203,33698,33708,10
13.0138998032,80.2233200073,33708,33718,10
13.0141496658,80.2236480713,33718,33728,10
13.0144195557,80.224029541,33728,33738,10
13.0148496628,80.2245101929,33738,33748,10
13.014960289,80.2245864868,33748,33758,10
13.0151700974,80.224822998,33758,33769,11
13.0154104233,80.2249984741,33769,33779,10
13.0154495239,80.2250213623,33779,33789,10
13.0155696869,80.2251434326,33789,33799,10
13.0160198212,80.225402832,33799,33809,10
13.0167999268,80.2252883911,33809,33825,16
13.0183095932,80.2246704102,33825,33837,12
13.0193395615,80.2243804932,33837,33847,10
13.0196504593,80.2245025635,33847,33857,10
13.0200595856,80.2247772217,33857,33867,10
13.020409584,80.2250366211,33867,33878,11
13.0206804276,80.2252197266,33878,33888,10
13.0209302902,80.2254333496,33888,33898,10
13.0211696625,80.2256469727,33898,33907,9
13.0213699341,80.2258071899,33907,33918,11
13.0214500427,80.2258682251,33918,33927,9
13.0215702057,80.2259216309,33927,33938,11
13.0217504501,80.2260513306,33938,33948,10
13.0217599869,80.22605896,33948,33958,10
13.0219202042,80.2261810303,33958,33968,10
13.0219602585,80.2262268066,33968,33978,10
13.0222101212,80.2264022827,33978,33989,11
13.0224895477,80.2266464233,33989,34009,20
13.0226802826,80.2268218994,34009,34039,30
13.0226802826,80.2268218994,34039,34049,10
13.0227804184,80.2270126343,34049,34059,10
13.0229701996,80.2272109985,34059,34085,26
13.0232400894,80.2275009155,34085,34108,23
13.0232400894,80.2275009155,34108,34118,10
13.0235204697,80.2276992798,34118,34128,10
13.0237798691,80.2279281616,34128,34138,10
13.0240802765,80.2282485962,34138,34188,50
13.0240802765,80.2282485962,34188,34198,10
13.0243797302,80.228553772,34198,34209,11
13.0245199203,80.228767395,34209,34219,10
13.0246696472,80.2289886475,34219,34229,10
13.0248699188,80.2292785645,34229,34238,9
13.0252103806,80.2296905518,34238,34250,12
13.0256099701,80.23021698,34250,34259,9
13.0257997513,80.2305831909,34259,34270,11
13.025850296,80.23072052,34270,34279,9
13.025970459,80.2310409546,34279,34289,10
13.02602005,80.2313079834,34289,34300,11
13.0262298584,80.2313766479,34300,34310,10
13.0268201828,80.2312164307,34310,34321,11
13.0278301239,80.231010437,34321,34331,10
13.0285196304,80.2309265137,34331,34341,10
13.0286598206,80.2309112549,34341,34351,10
13.0287799835,80.2309112549,34351,34361,10
13.0292196274,80.2308807373,34361,34371,10
13.029589653,80.2308502197,34371,34381,10
13.0301599503,80.2307891846,34381,34391,10
13.0307397842,80.2307434082,34391,34401,10
13.0312795639,80.2306976318,34401,34411,10
13.0318002701,80.2306594849,34411,34421,10
13.0322303772,80.2306289673,34421,34432,11
13.0329399109,80.2305603027,34432,34442,10
13.0336198807,80.2304992676,34442,34452,10
13.0340795517,80.2304382324,34452,34482,30
13.0340795517,80.2304382324,34482,34492,10
13.0341596603,80.2304000854,34492,34502,10
13.0345001221,80.2303771973,34502,34522,20
13.0345001221,80.2303771973,34522,34532,10
13.0347700119,80.2303085327,34532,34573,41
13.0347700119,80.2303085327,34573,34589,16
13.0350103378,80.230178833,34589,34601,12
13.0349302292,80.2299728394,34601,34609,8
13.0346603394,80.2299118042,34609,34650,41
13.0343198776,80.2298736572,34650,34904,254
13.0343198776,80.2298736572,34904,34914,10
13.0341596603,80.2299499512,34914,35075,161
13.0342798233,80.2302780151,35075,35116,41
13.0342798233,80.2302780151,35116,35126,10
13.0337600708,80.2304229736,35126,35136,10
13.0335597992,80.2304534912,35136,35146,10
13.0334100723,80.2304763794,35146,35156,10
13.0332803726,80.2304992676,35156,35166,10
13.0328798294,80.2305221558,35166,35176,10
13.0322399139,80.2305831909,35176,35186,10
13.0315599442,80.2306518555,35186,35197,11
13.0310001373,80.230682373,35197,35237,40
13.0310001373,80.230682373,35237,35253,16
13.030579567,80.23072052,35253,35265,12
13.0300102234,80.2307815552,35265,35295,30
13.0300102234,80.2307815552,35295,35305,10
13.0296401978,80.2308197021,35305,35316,11
13.0293998718,80.2308197021,35316,35326,10
13.0288200378,80.2308120728,35326,35336,10
13.0281600952,80.2308807373,35336,35346,10
13.0278701782,80.2311172485,35346,35356,10
13.0278396606,80.2317962646,35356,35386,30
13.0277395248,80.2321014404,35386,35417,31
13.0277395248,80.2321014404,35417,35427,10
13.0277900696,80.232383728,35427,35437,10
13.0278596878,80.2326507568,35437,35447,10
13.0277500153,80.2328262329,35447,35457,10
13.0274600983,80.2328872681,35457,35467,10
13.0270900726,80.2329483032,35467,35517,50
13.0268697739,80.2331085205,35517,35628,111
13.0268697739,80.2331085205,35628,35639,11
13.0265398026,80.2330780029,35639,35649,10
13.026309967,80.2325286865,35649,35659,10
13.0261602402,80.2320709229,35659,35669,10
13.0260601044,80.2317733765,35669,35679,10
13.0259599686,80.2313079834,35679,35689,10
13.025759697,80.2306518555,35689,35699,10
13.0253400803,80.2299423218,35699,35709,10
13.0250101089,80.2294921875,35709,35719,10
13.024720192,80.2291488647,35719,35729,10
13.0246295929,80.2290420532,35729,35739,10
13.0244398117,80.2287979126,35739,35750,11
13.0240001678,80.2282791138,35750,35780,30
13.0240001678,80.2282791138,35780,35790,10
13.0239295959,80.2281417847,35790,35800,10
13.0236997604,80.2278594971,35800,35810,10
13.0232896805,80.2274398804,35810,35820,10
13.0227003098,80.2269363403,35820,35830,10
13.0220603943,80.2263565063,35830,35840,10
13.0213603973,80.2257995605,35840,35850,10
13.0207004547,80.2253265381,35850,35861,11
13.0202198029,80.2249832153,35861,35891,30
13.0202198029,80.2249832153,35891,35901,10
13.0198497772,80.2246780396,35901,35911,10
13.0193595886,80.2244186401,35911,35921,10
13.0185604095,80.224571228,35921,35931,10
13.017780304,80.224899292,35931,35941,10
13.0169801712,80.2252578735,35941,35951,10
13.0164003372,80.2255096436,35951,35961,10
13.0158195496,80.2256774902,35961,35972,11
13.015080452,80.2259597778,35972,35982,10
13.0143299103,80.2262496948,35982,36002,20
13.0143299103,80.2262496948,36002,36012,10
13.0140600204,80.2263565063,36012,36022,10
13.0134496689,80.226600647,36022,36032,10
13.0127000809,80.2268829346,36032,36042,10
13.0123100281,80.2270431519,36042,36052,10
13.0115804672,80.2273406982,36052,36062,10
13.0106897354,80.227722168,36062,36072,10
13.0097999573,80.2280502319,36072,36083,11
13.0091495514,80.2286605835,36083,36093,10
13.0089797974,80.2295532227,36093,36103,10
13.008769989,80.2305297852,36103,36113,10
13.0086603165,80.231086731,36113,36123,10
13.0085802078,80.2314910889,36123,36133,10
13.0084600449,80.232093811,36133,36143,10
13.0083904266,80.2325210571,36143,36153,10
13.0083503723,80.2327575684,36153,36163,10
13.0082597733,80.2335205078,36163,36183,20
13.0081996918,80.233757019,36183,36224,41
13.0081996918,80.233757019,36224,36234,10
13.0081396103,80.2339019775,36234,36244,10
13.008099556,80.2342071533,36244,36254,10
13.0080003738,80.2346420288,36254,36264,10
13.0078601837,80.2352371216,36264,36274,10
13.0077800751,80.2357177734,36274,36284,10
13.0077199936,80.2360305786,36284,36294,10
13.0077199936,80.2360610962,36294,36305,11
13.0076799393,80.2361984253,36305,36315,10
13.007610321,80.2365570068,36315,36325,10
13.0075798035,80.2366867065,36325,36335,10
13.0075502396,80.236869812,36335,36345,10
13.0075302124,80.2370223999,36345,36355,10
13.0074796677,80.2372665405,36355,36365,10
13.0073795319,80.2376327515,36365,36375,10
13.0073204041,80.2379989624,36375,36385,10
13.0072498322,80.2382965088,36385,36416,31
13.0072498322,80.2382965088,36416,36426,10
13.0071802139,80.2386627197,36426,36436,10
13.0071001053,80.2390594482,36436,36446,10
13.0069198608,80.2399902344,36446,36607,161
13.0069198608,80.2399902344,36607,36617,10
13.0069599152,80.2401733398,36617,36627,10
13.0068798065,80.2406387329,36627,36638,11
13.0068397522,80.2408218384,36638,36648,10
13.006819725,80.2409973145,36648,36658,10
13.0067300797,80.2415084839,36658,36668,10
13.0066995621,80.2421798706,36668,36678,10
13.0067100525,80.2425537109,36678,36688,10
13.0067195892,80.2427520752,36688,36698,10
13.0066900253,80.2429962158,36698,36708,10
13.0066900253,80.243019104,36708,36718,10
13.0066900253,80.2434234619,36718,36728,10
13.0066795349,80.2437286377,36728,36738,10
13.0066795349,80.244102478,36738,36749,11
13.0066995621,80.2443237305,36749,36759,10
13.0066995621,80.2444763184,36759,36769,10
13.0066900253,80.2445831299,36769,36779,10
13.0066795349,80.2448883057,36779,36789,10
13.0066900253,80.2452087402,36789,36799,10
13.0066900253,80.2456588745,36799,36809,10
13.0067195892,80.2462234497,36809,36819,10
13.0067195892,80.2467880249,36819,36829,10
13.0066795349,80.2475967407,36829,36839,10
13.0067195892,80.248550415,36839,36849,10
13.0068502426,80.2495880127,36849,36870,21
13.0068502426,80.2495880127,36870,36880,10
13.0068902969,80.249710083,36880,36890,10
13.0068798065,80.2501678467,36890,36900,10
13.0068502426,80.2507095337,36900,36910,10
13.0068397522,80.2507629395,36910,36920,10
13.0068397522,80.2510299683,36920,36940,20
13.0068397522,80.2510299683,36940,36950,10
13.0068502426,80.2513427734,36950,36960,10
13.0067300797,80.2517471313,36960,36971,11
13.0065803528,80.252532959,36971,36981,10
13.0065097809,80.2533035278,36981,36991,10
13.0065097809,80.2541809082,36991,37001,10
13.0065603256,80.2549133301,37001,37011,10
13.0066003799,80.2555236816,37011,37021,10
13.0066204071,80.2562179565,37021,37031,10
13.0066699982,80.2570037842,37031,37077,46
13.0066699982,80.2570037842,37077,37090,13
13.0066204071,80.2571868896,37090,37100,10
13.006649971,80.2574081421,37100,37110,10
13.0069904327,80.2581634521,37110,37120,10
13.0075597763,80.2586135864,37120,37130,10
13.0076704025,80.2586593628,37130,37140,10
13.0077695847,80.2586975098,37140,37148,8
13.0079097748,80.2587814331,37148,37159,11
13.0082702637,80.2589187622,37159,37170,11
13.0089101791,80.2590637207,37170,37180,10
13.0097103119,80.2590484619,37180,37192,12
13.010840416,80.2590713501,37192,37202,10
13.0119895935,80.2590866089,37202,37212,10
13.0132904053,80.2591323853,37212,37222,10
13.0146198273,80.2591781616,37222,37232,10
13.0156402588,80.2592697144,37232,37242,10
13.0162601471,80.2595214844,37242,37252,10
13.016289711,80.2595367432,37252,37262,10
13.0163803101,80.2596130371,37262,37272,10
13.0167398453,80.2599182129,37272,37282,10
13.01720047,80.2602386475,37282,37292,10
13.0178203583,80.2606811523,37292,37303,11
13.0184497833,80.261100769,37303,37313,10
13.018989563,80.2615509033,37313,37323,10
13.0194597244,80.2619781494,37323,37333,10
13.0199804306,80.2624816895,37333,37343,10
13.0202598572,80.2626571655,37343,37353,10
13.020529747,80.2627792358,37353,37363,10
13.0211200714,80.2629623413,37363,37373,10
13.0217399597,80.2631988525,37373,37383,10
13.0220804214,80.263381958,37383,37393,10
13.022480011,80.2635879517,37393,37403,10
13.0228700638,80.2638015747,37403,37413,10
13.0228900909,80.2638092041,37413,37424,11
13.0232400894,80.2639923096,37424,37440,16
13.0241298676,80.264503479,37440,37452,12
13.0246400833,80.2648773193,37452,37462,10
13.0249004364,80.2650527954,37462,37472,10
13.0252895355,80.2653503418,37472,37482,10
13.0259199142,80.2657699585,37482,37492,10
13.0262403488,80.2656402588,37492,37502,10
13.026309967,80.2650375366,37502,37512,10
13.0263996124,80.2644577026,37512,37522,10
13.0264701843,80.263961792,37522,37533,11
13.0264797211,80.2639312744,37533,37544,11
13.0265302658,80.2634811401,37544,37554,10
13.0268697739,80.263381958,37554,37564,10
13.0272903442,80.263458252,37564,37574,10
13.027589798,80.2635726929,37574,37584,10
13.0280303955,80.2637176514,37584,37594,10
13.0282897949,80.2637863159,37594,37604,10
13.0287303925,80.2639389038,37604,37614,10
13.0291795731,80.2641677856,37614,37624,10
13.0292596817,80.2645874023,37624,37635,11
13.0292797089,80.2654266357,37635,37644,9
13.029250145,80.2659378052,37644,37655,11
13.0292100906,80.2662582397,37655,37665,10
13.0291795731,80.2663803101,37665,37675,10
13.0293197632,80.2665481567,37675,37685,10
13.0296897888,80.2666015625,37685,37695,10
13.0301599503,80.2666625977,37695,37705,10
13.0307798386,80.2668075562,37705,37715,10
13.0312995911,80.2669677734,37715,37725,10
13.0316896439,80.2671127319,37725,37735,10
13.03221035,80.2673721313,37735,37745,10
13.0327701569,80.2676696777,37745,37756,11
13.0335903168,80.267829895,37756,37786,30
13.0335903168,80.267829895,37786,37796,10
13.0338697433,80.2679519653,37796,37806,10
13.0343599319,80.2680130005,37806,37875,69
13.0343599319,80.2680130005,37875,37885,10
13.0344600677,80.2682037354,37885,37895,10
13.0343198776,80.2680969238,37895,37905,10
13.0339097977,80.2679824829,37905,37915,10
13.0334196091,80.2678833008,37915,38310,395
13.0330600739,80.2678070068,38310,38330,20
13.0330600739,80.2678070068,38330,38340,10
13.0328502655,80.2677536011,38340,38350,10
13.032699585,80.2676620483,38350,38360,10
13.0324296951,80.2674179077,38360,38370,10
13.0318202972,80.2671203613,38370,38380,10
13.0311002731,80.2668685913,38380,38390,10
13.030380249,80.2667236328,38390,38400,10
13.02987957,80.2666320801,38400,38410,10
13.0297899246,80.2666168213,38410,38421,11
13.0295600891,80.2665863037,38421,38431,10
13.0292596817,80.2665100098,38431,38441,10
13.0288600922,80.2663574219,38441,38451,10
13.0282897949,80.2662506104,38451,38461,10
13.0278501511,80.266166687,38461,38471,10
13.0270700455,80.2660980225,38471,38481,10
13.026260376,80.2659225464,38481,38497,16
13.0253295898,80.2653884888,38497,38517,20
13.0253295898,80.2653884888,38517,38528,11
13.025179863,80.265296936,38528,38540,12
13.0248804092,80.2650375366,38540,38550,10
13.0244102478,80.2646713257,38550,38560,10
13.0237998962,80.2643127441,38560,38570,10
13.0232801437,80.263999939,38570,38580,10
13.0228996277,80.2637405396,38580,38590,10
13.0223999023,80.2635269165,38590,38600,10
13.0222902298,80.2634811401,38600,38610,10
13.0220899582,80.2634124756,38610,38620,10
13.0218400955,80.2632827759,38620,38630,10
13.0211601257,80.2630996704,38630,38641,11
13.0205402374,80.2630767822,38641,38651,10
13.0200595856,80.2630233765,38651,38661,10
13.0194597244,80.2629394531,38661,38671,10
13.0190200806,80.262802124,38671,38681,10
13.018910408,80.2620697021,38681,38691,10
13.018699646,80.2613220215,38691,38701,10
13.0181303024,80.2609634399,38701,38711,10
13.0174798965,80.2605285645,38711,38721,10
13.0167999268,80.2601013184,38721,38731,10
13.0162296295,80.2597808838,38731,38741,10
13.016169548,80.2597503662,38741,38752,11
13.0159397125,80.2596282959,38752,38762,10
13.015250206,80.2593917847,38762,38772,10
13.0144500732,80.2593002319,38772,38782,10
13.0135698318,80.2592697144,38782,38792,10
13.0127401352,80.2592315674,38792,38802,10
13.0119495392,80.2592010498,38802,38812,10
13.0112104416,80.2591781616,38812,38822,10
13.0104503632,80.2592163086,38822,38832,10
13.0095996857,80.2592086792,38832,38842,10
13.0089502335,80.2591781616,38842,38852,10
13.0086603165,80.2592010498,38852,38863,11
13.0080604553,80.2591934204,38863,38873,10
13.0074300766,80.259262085,38873,38883,10
13.0072002411,80.2586975098,38883,38893,10
13.0070800781,80.2584609985,38893,38913,20
13.0070800781,80.2584609985,38913,38923,10
13.0069799423,80.2582702637,38923,38933,10
13.0068597794,80.2579803467,38933,38943,10
13.0066404343,80.2575836182,38943,39044,101
13.0066404343,80.2575836182,39044,39054,10
13.0065002441,80.2571868896,39054,39064,10
13.006480217,80.2567596436,39064,39074,10
13.0064897537,80.2560806274,39074,39085,11
13.0064897537,80.2552871704,39085,39095,10
13.0065202713,80.2546920776,39095,39105,10
13.006480217,80.25390625,39105,39115,10
13.0064697266,80.2532196045,39115,39131,16
13.0064697266,80.2531433105,39131,39143,12
13.0065002441,80.2529220581,39143,39151,8
13.0065002441,80.2525405884,39151,39161,10
13.0065803528,80.2519836426,39161,39225,64
13.0065803528,80.2519836426,39225,39235,10
13.0067300797,80.251739502,39235,39245,10
13.0067796707,80.2513809204,39245,39255,10
13.0067901611,80.2507629395,39255,39265,10
13.0067796707,80.2500610352,39265,39275,10
13.0067501068,80.2496109009,39275,39285,10
13.0067501068,80.2495498657,39285,39295,10
13.0067300797,80.249206543,39295,39306,11
13.0067195892,80.248626709,39306,39316,10
13.0066795349,80.2482070923,39316,39326,10
13.0066404343,80.2476196289,39326,39336,10
13.0066299438,80.2470474243,39336,39346,10
13.0065603256,80.2465362549,39346,39356,10
13.0065803528,80.2464828491,39356,39366,10
13.0065898895,80.246421814,39366,39376,10
13.0066299438,80.2461166382,39376,39386,10
13.0066404343,80.2454071045,39386,39396,10
13.0066099167,80.2446975708,39396,39406,10
13.0065898895,80.2438964844,39406,39417,11
13.0065603256,80.2431182861,39417,39426,9
13.006529808,80.2425308228,39426,39437,11
13.0065097809,80.2421875,39437,39447,10
13.0065202713,80.2418899536,39447,39457,10
13.006529808,80.2417831421,39457,39467,10
13.0065402985,80.2415313721,39467,39477,10
13.0066099167,80.2409820557,39477,39487,10
13.0067996979,80.2402114868,39487,39496,9
13.0069904327,80.2391967773,39496,39507,11
13.0071897507,80.2380371094,39507,39518,11
13.0073604584,80.2371673584,39518,39528,10
13.0073795319,80.2368774414,39528,39538,10
13.007399559,80.2367782593,39538,39548,10
13.0074300766,80.2366409302,39548,39558,10
13.0074996948,80.2364120483,39558,39568,10
13.0076303482,80.2358627319,39568,39578,10
13.0078001022,80.2350311279,39578,39588,10
13.0080003738,80.2340393066,39588,39598,10
13.0082197189,80.2329101563,39598,39608,10
13.0084600449,80.2316589355,39608,39618,10
13.0087299347,80.2303009033,39618,39629,11
13.0090103149,80.2288970947,39629,39639,10
13.0092697144,80.2278823853,39639,39649,10
13.0096998215,80.2269363403,39649,39659,10
13.0101804733,80.2259902954,39659,39669,10
13.0106296539,80.2250518799,39669,39679,10
13.01101017,80.2241363525,39679,39689,10
13.0112895966,80.2235183716,39689,39709,20
13.0112895966,80.2235183716,39709,39719,10
13.0113801956,80.2232208252,39719,39729,10
13.0116100311,80.2227172852,39729,39739,10
13.0118703842,80.2220230103,39739,39750,11
13.012339592,80.2214813232,39750,39760,10
13.0128002167,80.2220535278,39760,39770,10
13.0133495331,80.2226791382,39770,39780,10
13.0138196945,80.2232513428,39780,39790,10
13.0140399933,80.2235794067,39790,39800,10
13.0143604279,80.2239074707,39800,39810,10
13.0148801804,80.2244567871,39810,39820,10
13.0149803162,80.2245483398,39820,39830,10
13.0151596069,80.2247009277,39830,39840,10
13.0154399872,80.2249221802,39840,39851,11
13.0155696869,80.2250137329,39851,39861,10
13.0157299042,80.2251663208,39861,39871,10
13.0161600113,80.2253417969,39871,39881,10
13.0170001984,80.225151062,39881,39891,10
13.0180501938,80.2247314453,39891,39901,10
13.0190095901,80.2244033813,39901,39911,10
13.019780159,80.2245788574,39911,39921,10
13.0200996399,80.2247619629,39921,39931,10
13.020359993,80.2249679565,39931,39941,10
13.0206098557,80.2251663208,39941,39951,10
13.020819664,80.2253417969,39951,39961,10
13.0210800171,80.2255630493,39961,39972,11
13.0212802887,80.2257537842,39972,39982,10
13.0214395523,80.2258911133,39982,39992,10
13.0215597153,80.2259597778,39992,40002,10
13.0216999054,80.2260284424,40002,40023,21
13.0219202042,80.2261734009,40023,40035,12
13.02202034,80.2262191772,40035,40045,10
13.0222196579,80.2263793945,40045,40054,9
13.0224304199,80.2265777588,40054,40065,11
13.0225801468,80.2267303467,40065,40075,10
13.0226898193,80.2268295288,40075,40086,11
13.0228700638,80.2269973755,40086,40095,9
13.0229797363,80.2271194458,40095,40106,11
13.0231399536,80.2272796631,40106,40116,10
13.0232801437,80.2274093628,40116,40126,10
13.0234603882,80.2275619507,40126,40136,10
13.0238304138,80.2278366089,40136,40166,30
13.0238304138,80.2278366089,40166,40176,10
13.024140358,80.2281570435,40176,40186,10
13.024310112,80.2284317017,40186,40197,11
13.0245304108,80.2287216187,40197,40207,10
13.0246896744,80.2289505005,40207,40217,10
13.0248498917,80.2291793823,40217,40227,10
13.0250997543,80.2294921875,40227,40237,10
13.0255098343,80.2299728394,40237,40277,40
13.0255098343,80.2299728394,40277,40287,10
13.0257997513,80.2303619385,40287,40297,10
13.0258903503,80.2305908203,40297,40308,11
13.0259599686,80.230758667,40308,40318,10
13.0260000229,80.2309570313,40318,40328,10
13.02602005,80.2311630249,40328,40338,10
13.0262002945,80.2313232422,40338,40348,10
13.0267601013,80.2311782837,40348,40358,10
13.0275497437,80.2309799194,40358,40368,10
13.0284700394,80.2308578491,40368,40388,20
13.0287303925,80.2309036255,40388,40408,20
13.0287303925,80.2309036255,40408,40419,11
13.0290203094,80.2309036255,40419,40428,9
13.0293903351,80.2308425903,40428,40439,11
13.0297803879,80.2307891846,40439,40449,10
13.0300502777,80.230758667,40449,40459,10
13.0303697586,80.2307434082,40459,40469,10
13.0305700302,80.23072052,40469,40489,20
13.0305700302,80.23072052,40489,40499,10
13.0309801102,80.2306900024,40499,40509,10
13.0314798355,80.2306518555,40509,40519,10
13.0320997238,80.2305984497,40519,40530,11
13.0328197479,80.2305831909,40530,40540,10
13.0333595276,80.2305679321,40540,40550,10
13.0337200165,80.2304916382,40550,40560,10
13.0342702866,80.2304382324,40560,40570,10
13.034620285,80.2303619385,40570,40641,71
13.0349502563,80.2302322388,40641,40681,40
13.0349502563,80.2302322388,40681,40691,10
13.0350599289,80.2298583984,40691,40701,10
13.0347795486,80.2298202515,40701,40711,10
13.0344200134,80.2297897339,40711,40721,10
13.034330368,80.2297973633,40721,40731,10
13.0342197418,80.2300186157,40731,41407,676
13.0341796875,80.23021698,41407,41509,102
13.0341596603,80.2302703857,41509,41550,41
13.0341596603,80.2302703857,41550,41560,10
13.0339403152,80.2304229736,41560,41570,10
13.0335798264,80.2304534912,41570,41580,10
13.0329504013,80.2305221558,41580,41590,10
13.0324401855,80.2305526733,41590,41600,10
13.0320596695,80.2305984497,41600,41610,10
13.0314598083,80.2306365967,41610,41621,11
13.0306301117,80.23072052,41621,41630,9
13.030090332,80.2307815552,41630,41641,11
13.0300397873,80.2307891846,41641,41651,10
13.0297203064,80.2308425903,41651,41661,10
13.0291595459,80.2308883667,41661,41671,10
13.0283699036,80.2309494019,41671,41681,10
13.0277900696,80.231010437,41681,41691,10
13.0277700424,80.2318878174,41691,41762,71
13.0277700424,80.2318878174,41762,41772,10
13.0277795792,80.2323684692,41772,41782,10
13.0278396606,80.2326812744,41782,41792,10
13.0277299881,80.2328414917,41792,41802,10
13.0274295807,80.2328567505,41802,41812,10
13.0270299911,80.2329483032,41812,41822,10
13.0267095566,80.233001709,41822,41832,10
13.0263900757,80.2328262329,41832,41843,11
13.0262403488,80.2323989868,41843,41852,9
13.0261297226,80.2320098877,41852,41863,11
13.0260095596,80.2315826416,41863,41873,10
13.0258798599,80.2309875488,41873,41883,10
13.0255804062,80.2302932739,41883,41893,10
13.0252799988,80.2299423218,41893,41903,10
13.0251598358,80.2298126221,41903,41913,10
13.0251302719,80.2297821045,41913,41923,10
13.0249595642,80.2295227051,41923,41933,10
13.0245895386,80.2290878296,41933,41953,20
13.0245895386,80.2290878296,41953,41963,10
13.0245304108,80.2289810181,41963,41974,11
13.0240001678,80.2283172607,41974,41994,20
13.0240001678,80.2283172607,41994,42004,10
13.0238704681,80.228187561,42004,42014,10
13.0236101151,80.227897644,42014,42024,10
13.0232200623,80.2275085449,42024,42034,10
13.0226097107,80.2269821167,42034,42044,10
13.0221500397,80.2265625,42044,42054,10
13.0217199326,80.2261962891,42054,42064,10
13.0213899612,80.2259216309,42064,42075,11
13.0209598541,80.2255783081,42075,42085,10
13.0206403732,80.2253265381,42085,42101,16
13.0206298828,80.2253265381,42101,42113,12
13.0202198029,80.2250823975,42113,42123,10
13.0198497772,80.2248001099,42123,42133,10
13.0191802979,80.2245101929,42133,42143,10
13.0183200836,80.2247009277,42143,42152,9
13.0177402496,80.224937439,42152,42163,11
13.0170202255,80.2252502441,42163,42173,10
13.0167398453,80.2253723145,42173,42183,10
13.0165596008,80.225440979,42183,42194,11
13.0163698196,80.2255172729,42194,42204,10
13.015999794,80.2256317139,42204,42214,10
13.0154895782,80.2258071899,42214,42224,10
13.0151395798,80.2259597778,42224,42234,10
13.0150003433,80.226020813,42234,42245,11
13.0146303177,80.2261581421,42245,42255,10
13.014289856,80.2262878418,42255,42265,10
13.0141496658,80.226348877,42265,42275,10
13.0139598846,80.2264175415,42275,42285,10
13.0134801865,80.2265777588,42285,42296,11
13.0126600266,80.226890564,42296,42306,10
13.0117998123,80.2272415161,42306,42316,10
13.0109195709,80.2276000977,42316,42326,10
13.0101604462,80.227897644,42326,42336,10
13.0094604492,80.2282028198,42336,42346,10
13.0091104507,80.2288818359,42346,42356,10
13.008890152,80.2300033569,42356,42366,10
13.0086803436,80.2310180664,42366,42376,10
13.0085201263,80.2318191528,42376,42386,10
13.0083799362,80.2325515747,42386,42396,10
13.0082597733,80.2333679199,42396,42406,10
13.0082302094,80.2335662842,42406,42417,11
13.0081596375,80.2336883545,42417,42427,10
13.008099556,80.2339477539,42427,42437,10
13.0080604553,80.2342605591,42437,42447,10
13.0079603195,80.234703064,42447,42457,10
13.007900238,80.2349624634,42457,42467,10
13.0078802109,80.2350463867,42467,42477,10
13.0077800751,80.2354812622,42477,42487,10
13.0076198578,80.2363815308,42487,42497,10
13.0074100494,80.2375030518,42497,42507,10
13.007229805,80.2385025024,42507,42518,11
13.0070495605,80.239402771,42518,42528,10
13.0068502426,80.2400283813,42528,42558,30
13.0068502426,80.2400283813,42558,42568,10
13.0069599152,80.2403106689,42568,42578,10
13.0068798065,80.2407302856,42578,42588,10
13.0068397522,80.2408981323,42588,42598,10
13.0067796707,80.2414321899,42598,42608,10
13.0067596436,80.2422637939,42608,42618,10
13.0067501068,80.2429199219,42618,42628,10
13.0066699982,80.2436218262,42628,42669,41
13.0066699982,80.2436218262,42669,42679,10
13.0066299438,80.244140625,42679,42689,10
13.0066299438,80.2447967529,42689,42699,10
13.0066604614,80.2453613281,42699,42709,10
13.0066795349,80.2458114624,42709,42719,10
13.0067501068,80.2466430664,42719,42729,10
13.0067300797,80.2474899292,42729,42740,11
13.0067195892,80.2483825684,42740,42749,9
13.006819725,80.2491531372,42749,42760,11
13.0068502426,80.2495727539,42760,42770,10
13.0068397522,80.2496566772,42770,42780,10
13.006819725,80.2500534058,42780,42790,10
13.0067996979,80.2507629395,42790,42800,10
13.0067996979,80.251373291,42800,42830,30
13.0067996979,80.251373291,42830,42840,10
13.0067501068,80.2516403198,42840,42850,10
13.0065898895,80.2520675659,42850,42861,11
13.0065402985,80.2528686523,42861,42871,10
13.0065402985,80.2536087036,42871,42881,10
13.0065603256,80.2544937134,42881,42891,10
13.0065803528,80.2552490234,42891,42901,10
13.0065803528,80.2561035156,42901,42911,10
13.0065603256,80.2565994263,42911,42921,10
13.0065498352,80.256652832,42921,42931,10
13.0065202713,80.2567596436,42931,42941,10
13.0065698624,80.2573928833,42941,43052,111
13.0065698624,80.2573928833,43052,43062,10
13.0065803528,80.2576065063,43062,43072,10
13.0067796707,80.2580413818,43072,43083,11
13.0072202682,80.2585525513,43083,43093,10
13.0075998306,80.2587127686,43093,43103,10
13.0077295303,80.2587814331,43103,43113,10
13.0078496933,80.2588195801,43113,43123,10
13.0082302094,80.2589492798,43123,43133,10
13.0087299347,80.2590637207,43133,43143,10
13.0092802048,80.2590713501,43143,43153,10
13.0101900101,80.2590789795,43153,43163,10
13.0113201141,80.2590866089,43163,43173,10
13.0125598907,80.2591400146,43173,43183,10
13.0138998032,80.2591781616,43183,43193,10
13.0151996613,80.2592315674,43193,43204,11
13.016500473,80.259727478,43204,43224,20
13.016500473,80.259727478,43224,43234,10
13.0165395737,80.2597885132,43234,43244,10
13.0167598724,80.2599563599,43244,43254,10
13.0172395706,80.2602996826,43254,43264,10
13.0178403854,80.2607192993,43264,43274,10
13.0183897018,80.261100769,43274,43284,10
13.0188798904,80.2614822388,43284,43294,10
13.0193796158,80.2618484497,43294,43304,10
13.0198497772,80.2623214722,43304,43315,11
13.0201101303,80.2625427246,43315,43325,10
13.0203104019,80.2626800537,43325,43335,10
13.0208997726,80.2629013062,43335,43345,10
13.0215597153,80.2630996704,43345,43355,10
13.0219898224,80.2633209229,43355,43365,10
13.0223398209,80.2634887695,43365,43375,10
13.0228300095,80.2637634277,43375,43384,9
13.022939682,80.2638168335,43384,43395,11
13.023229599,80.2639465332,43395,43406,11
13.0238599777,80.2643127441,43406,43416,10
13.0244398117,80.2646789551,43416,43426,10
13.0249996185,80.2651062012,43426,43436,10
13.0254497528,80.265411377,43436,43446,10
13.0259895325,80.2657394409,43446,43456,10
13.0261497498,80.2658081055,43456,43466,10
13.0263595581,80.2657623291,43466,43476,10
13.0263996124,80.265296936,43476,43486,10
13.0265102386,80.2645797729,43486,43496,10
13.0266199112,80.2640380859,43496,43516,20
13.0266199112,80.2640380859,43516,43526,10
13.0266399384,80.2636566162,43526,43537,11
13.0269498825,80.2635498047,43537,43547,10
13.0275497437,80.2636108398,43547,43557,10
13.0281000137,80.2637405396,43557,43567,10
13.0283203125,80.2637863159,43567,43577,10
13.0285797119,80.2638778687,43577,43593,16
13.0292797089,80.2640762329,43593,43605,12
13.029299736,80.2641067505,43605,43613,8
13.0293102264,80.2643737793,43613,43625,12
13.029250145,80.2646865845,43625,43636,11
13.0291795731,80.2651824951,43636,43646,10
13.0291404724,80.2654418945,43646,43656,10
13.0291700363,80.2659835815,43656,43676,20
13.0291700363,80.2659835815,43676,43686,10
13.0291099548,80.2662582397,43686,43696,10
13.0291700363,80.2664489746,43696,43706,10
13.0295000076,80.2665634155,43706,43716,10
13.0300197601,80.2666397095,43716,43726,10
13.0304698944,80.2667236328,43726,43736,10
13.0308504105,80.2667999268,43736,43746,10
13.0310697556,80.2668609619,43746,43757,11
13.0314998627,80.2669906616,43757,43777,20
13.0314998627,80.2669906616,43777,43787,10
13.0318098068,80.2671203613,43787,43797,10
13.0321702957,80.2672729492,43797,43807,10
13.0324401855,80.2673721313,43807,43817,10
13.032699585,80.2675170898,43817,43827,10
13.032910347,80.2676696777,43827,43837,10
13.0331296921,80.2677307129,43837,43847,10
13.0334100723,80.2678070068,43847,43857,10
13.0338001251,80.2678985596,43857,43878,21
13.0338001251,80.2678985596,43878,43888,10
13.0339899063,80.2679595947,43888,43898,10
13.0345497131,80.2680282593,43898,44069,171
13.0345497131,80.2680282593,44069,44080,11
13.0340595245,80.2679901123,44080,44090,10
13.0337095261,80.2679290771,44090,44120,30
13.0333099365,80.2678222656,44120,44241,121
13.0332202911,80.2677001953,44241,44423,182
13.0328397751,80.2677307129,44423,44454,31
13.0328397751,80.2677307129,44454,44463,9
13.0326299667,80.2676315308,44463,44474,11
13.0324001312,80.2675094604,44474,44484,10
13.0320396423,80.267288208,44484,44494,10
13.0316801071,80.2671279907,44494,44504,10
13.0312299728,80.266960144,44504,44514,10
13.0305995941,80.2668228149,44514,44525,11
13.0300598145,80.2666778564,44525,44535,10
13.0296001434,80.2666091919,44535,44555,20
13.0296001434,80.2666091919,44555,44565,10
13.0292396545,80.2665176392,44565,44575,10
13.0288600922,80.266418457,44575,44585,10
13.0281600952,80.2662277222,44585,44595,10
13.0276899338,80.2661514282,44595,44605,10
13.0271596909,80.2660827637,44605,44615,10
13.0264902115,80.2659606934,44615,44625,10
13.02602005,80.2658004761,44625,44635,10
13.0256996155,80.2656326294,44635,44646,11
13.0253400803,80.2654266357,44646,44666,20
13.0253400803,80.2654266357,44666,44676,10
13.0250597,80.2652435303,44676,44686,10
13.0247602463,80.2650375366,44686,44696,10
13.0243797302,80.2647399902,44696,44706,10
13.0238399506,80.2643966675,44706,44716,10
13.0234298706,80.2641525269,44716,44726,10
13.0222101212,80.2634963989,44726,44755,29
13.0222101212,80.2634963989,44755,44764,9
13.0219402313,80.2633590698,44764,44776,12
13.0214796066,80.2631607056,44776,44786,10
13.0206203461,80.2630615234,44786,44796,10
13.0199403763,80.2630004883,44796,44806,10
13.0192298889,80.2629165649,44806,44816,10
13.0189199448,80.2625579834,44816,44826,10
13.0188102722,80.26197052,44826,44836,10
13.0186595917,80.2614822388,44836,44846,10
13.0182199478,80.2610473633,44846,44856,10
13.0177402496,80.2607116699,44856,44867,11
13.0171403885,80.260307312,44867,44877,10
13.0165195465,80.2599105835,44877,44887,10
13.0160598755,80.2596817017,44887,44897,10
13.015999794,80.2596511841,44897,44907,10
13.0156602859,80.2594985962,44907,44917,10
13.0149402618,80.2593231201,44917,44927,10
13.0141201019,80.2592773438,44927,44937,10
13.0132799149,80.259262085,44937,44947,10
13.0123596191,80.2592315674,44947,44957,10
13.0115203857,80.2592010498,44957,44967,10
13.0106601715,80.2592086792,44967,44978,11
13.0098600388,80.2592315674,44978,44988,10
13.0097198486,80.2592163086,44988,44998,10
13.0093603134,80.2591781616,44998,45008,10
13.0090303421,80.259147644,45008,45018,10
13.0087299347,80.2591094971,45018,45028,10
13.0082197189,80.259147644,45028,45038,10
13.0076704025,80.2592163086,45038,45048,10
13.0073604584,80.2588500977,45048,45058,10
13.0072698593,80.2587127686,45058,45068,10
13.007060051,80.2584228516,45068,45078,10
13.0067195892,80.2580490112,45078,45089,11
13.0065002441,80.2570571899,45089,45099,10
13.006480217,80.2562866211,45099,45109,10
13.0065498352,80.2555923462,45109,45119,10
13.0065803528,80.2548370361,45119,45129,10
13.0066003799,80.2540817261,45129,45139,10
13.006649971,80.2534179688,45139,45179,40
13.006649971,80.2534179688,45179,45189,10
13.0065698624,80.2530136108,45189,45260,71
13.0065698624,80.2530136108,45260,45270,10
13.0066204071,80.2527770996,45270,45280,10
13.0066604614,80.252571106,45280,45290,10
13.0066900253,80.2519302368,45290,45411,121
13.0066900253,80.2519302368,45411,45422,11
13.0068101883,80.2517166138,45422,45432,10
13.0068101883,80.2514190674,45432,45442,10
13.0067596436,80.2513427734,45442,45452,10
13.006770134,80.2510375977,45452,45462,10
13.0067901611,80.2507095337,45462,45492,30
13.0068597794,80.2503585815,45492,45522,30
13.0068597794,80.2503585815,45522,45533,11
13.0068397522,80.2501525879,45533,45543,10
13.0068302155,80.249671936,45543,45553,10
13.0067996979,80.2489318848,45553,45563,10
13.0067596436,80.2482910156,45563,45573,10
13.0067300797,80.2478790283,45573,45583,10
13.0066900253,80.2471313477,45583,45593,10
13.0066204071,80.2465515137,45593,45603,10
13.0066299438,80.2464294434,45603,45613,10
13.0066604614,80.2460479736,45613,45623,10
13.0066404343,80.2455596924,45623,45634,11
13.0066299438,80.245300293,45634,45644,10
13.0065603256,80.2449874878,45644,45654,10
13.0065402985,80.2446670532,45654,45664,10
13.0065498352,80.2442626953,45664,45674,10
13.006529808,80.2438735962,45674,45684,10
13.0065698624,80.2434616089,45684,45694,10
13.006529808,80.2428970337,45694,45704,10
13.0065202713,80.2422332764,45704,45714,10
13.0065202713,80.241607666,45714,45724,10
13.0065498352,80.2414779663,45724,45734,10
13.0065898895,80.2411575317,45734,45744,10
13.0065803528,80.2408599854,45744,45755,11
13.006770134,80.2402191162,45755,45765,10
13.006939888,80.2392578125,45765,45775,10
13.0071201324,80.2382583618,45775,45785,10
13.007349968,80.2372970581,45785,45795,10
13.0074300766,80.2367019653,45795,45815,20
13.0074300766,80.2367019653,45815,45825,10
13.0075502396,80.236328125,45825,45835,10
13.0077199936,80.2356796265,45835,45845,10
13.0078802109,80.2348327637,45845,45855,10
13.0081195831,80.2337493896,45855,45866,11
13.0083503723,80.2324829102,45866,45876,10
13.0085601807,80.2313766479,45876,45886,10
13.0087604523,80.2303390503,45886,45896,10
13.0089702606,80.2293167114,45896,45906,10
13.0091695786,80.2284164429,45906,45916,10
13.009469986,80.2275772095,45916,45925,9
13.0098400116,80.2267608643,45925,45935,10
13.0102796555,80.2258911133,45935,45946,11
13.0106897354,80.2250366211,45946,45956,10
13.0109300613,80.2243804932,45956,45966,10
13.0112600327,80.2234802246,45966,45987,21
13.0112600327,80.2234802246,45987,45997,10
13.0112600327,80.2232208252,45997,46007,10
13.0114498138,80.2228622437,46007,46017,10
13.0116796494,80.2221374512,46017,46027,10
13.0120897293,80.2214736938,46027,46037,10
13.0123195648,80.2215194702,46037,46047,10
13.0126199722,80.2219619751,46047,46056,9
13.0130596161,80.2224807739,46056,46066,10
13.0135202408,80.2229690552,46066,46077,11
13.013999939,80.2235031128,46077,46087,10
13.014380455,80.2238769531,46087,46098,11
13.0148601532,80.2243804932,46098,46108,10
13.015370369,80.2248687744,46108,46118,10
13.0155897141,80.2250671387,46118,46128,10
13.0157604218,80.2252120972,46128,46138,10
13.0163698196,80.2253265381,46138,46148,10
13.0172195435,80.2250289917,46148,46158,10
13.0181503296,80.2246627808,46158,46168,10
13.019080162,80.224357605,46168,46178,10
13.0195503235,80.2244110107,46178,46188,10
13.0195999146,80.2244262695,46188,46198,10
13.0198602676,80.2246322632,46198,46209,11
13.0203399658,80.2249832153,46209,46219,10
13.0208501816,80.2253417969,46219,46229,10
13.0214996338,80.2258529663,46229,46239,10
13.0219602585,80.2261734009,46239,46249,10
13.0219697952,80.2261810303,46249,46259,10
13.0221996307,80.2263870239,46259,46269,10
13.0227003098,80.2268066406,46269,46279,10
13.0233001709,80.2273788452,46279,46289,10
13.0238895416,80.227897644,46289,46299,10
13.0242700577,80.2283325195,46299,46309,10
13.0245800018,80.2287979126,46309,46319,10
13.0248098373,80.2291412354,46319,46336,17
13.0253095627,80.2297821045,46336,46348,12
13.0257196426,80.2303924561,46348,46356,8
13.025759697,80.2306213379,46356,46368,12
13.0258903503,80.231010437,46368,46378,10
13.02602005,80.2312927246,46378,46388,10
13.0265598297,80.2312164307,46388,46398,10
13.0272397995,80.231048584,46398,46408,10
13.0278196335,80.2309875488,46408,46418,10
13.0282297134,80.2309188843,46418,46439,21
13.0282297134,80.2309188843,46439,46449,10
13.0286397934,80.2308807373,46449,46459,10
13.0293598175,80.2308273315,46459,46469,10
13.0298204422,80.230796814,46469,46479,10
13.0300703049,80.2307662964,46479,46489,10
13.0301799774,80.2307510376,46489,46499,10
13.0304899216,80.2307281494,46499,46509,10
13.0307998657,80.2306976318,46509,46519,10
13.0311803818,80.2306671143,46519,46529,10
13.0317401886,80.2306289673,46529,46540,11
13.0323495865,80.2305908203,46540,46550,10
13.032910347,80.2305603027,46550,46560,10
13.0336799622,80.2304534912,46560,46600,40
13.0336799622,80.2304534912,46600,46610,10
13.0340995789,80.2304534912,46610,46620,10
13.0343599319,80.2304000854,46620,46630,10
13.0347003937,80.2303009033,46630,46641,11
13.0349597931,80.2300872803,46641,46651,10
13.0345201492,80.2299575806,46651,47529,878
13.0341796875,80.2300186157,47529,49384,1855
13.0341796875,80.2300186157,49384,49394,10
13.034119606,80.2303924561,49394,49404,10
13.0339298248,80.2304000854,49404,49414,10
13.0335903168,80.2304229736,49414,49425,11
13.0334997177,80.2304229736,49425,49435,10
13.0331602097,80.2304763794,49435,49445,10
13.0326404572,80.2305221558,49445,49455,10
13.0320196152,80.2305908203,49455,49465,10
13.0313196182,80.2306594849,49465,49475,10
13.0308303833,80.2307128906,49475,49485,10
13.030380249,80.230758667,49485,49495,10
13.0298595428,80.2308120728,49495,49505,10
13.029800415,80.2308197021,49505,49515,10
13.0296001434,80.2308807373,49515,49525,10
13.0291795731,80.2309036255,49525,49536,11
13.028429985,80.2309417725,49536,49546,10
13.0278301239,80.2310028076,49546,49562,16
13.0277204514,80.2316894531,49562,49574,12
13.0278100967,80.2323532104,49574,49584,10
13.0277500153,80.2326965332,49584,49594,10
13.0268697739,80.2329406738,49594,49655,61
13.0268697739,80.2329406738,49655,49665,10
13.0266799927,80.2331314087,49665,49675,10
13.0264101028,80.2330780029,49675,49685,10
13.0262699127,80.2327804565,49685,49695,10
13.0261297226,80.2322463989,49695,49705,10
13.0261297226,80.231918335,49705,49715,10
13.0260295868,80.2316589355,49715,49725,10
13.025970459,80.2314987183,49725,49735,10
13.0258598328,80.23097229,49735,49745,10
13.0255899429,80.2303466797,49745,49755,10
13.0253000259,80.2300109863,49755,49786,31
13.0253000259,80.2300109863,49786,49796,10
13.0251502991,80.2297821045,49796,49806,10
13.0248403549,80.2293624878,49806,49816,10
13.0244903564,80.2289199829,49816,49826,10
13.0242099762,80.2285614014,49826,49836,10
13.0239601135,80.2282867432,49836,49856,20
13.0239601135,80.2282867432,49856,49866,10
13.0239095688,80.2282409668,49866,49877,11
13.0236101151,80.2278518677,49877,49887,10
13.0233001709,80.2275314331,49887,49897,10
13.0229597092,80.2271575928,49897,49907,10
13.0224103928,80.2266616821,49907,49917,10
13.0218400955,80.2261734009,49917,49927,10
13.0214796066,80.2259063721,49927,49937,10
13.0211696625,80.2256622314,49937,49947,10
13.0207796097,80.2253570557,49947,49957,10
13.0204000473,80.2250976563,49957,49967,10
13.0201396942,80.224937439,49967,49977,10
13.0199298859,80.2248001099,49977,49988,11
13.0195798874,80.224609375,49988,49998,10
13.0189599991,80.2244796753,49998,50008,10
13.0181999207,80.2247467041,50008,50018,10
13.0174503326,80.2250595093,50018,50028,10
13.0167198181,80.2253799438,50028,50038,10
13.016289711,80.2255477905,50038,50048,10
13.0157299042,80.2257232666,50048,50058,10
13.0151596069,80.2259597778,50058,50068,10
13.0146598816,80.2261810303,50068,50078,10
13.0143003464,80.22631073,50078,50088,10
13.014289856,80.2263183594,50088,50099,11
13.0140895844,80.2263565063,50099,50109,10
13.0135803223,80.2265472412,50109,50119,10
13.0129995346,80.2267837524,50119,50129,10
13.0122203827,80.2271118164,50129,50139,10
13.0113296509,80.2274475098,50139,50149,10
13.010430336,80.2277908325,50149,50159,10
13.0095396042,80.2281570435,50159,50169,10
13.0091104507,80.2288131714,50169,50179,10
13.0089197159,80.2297363281,50179,50189,10
13.0087003708,80.2307281494,50189,50199,10
13.0085000992,80.2317962646,50199,50210,11
13.0082397461,80.2334976196,50210,50240,30
13.0082397461,80.2334976196,50240,50250,10
13.0082101822,80.2336883545,50250,50260,10
13.008099556,80.23412323,50260,50270,10
13.0079698563,80.2347869873,50270,50280,10
13.007809639,80.2355270386,50280,50290,10
13.007610321,80.2364807129,50290,50300,10
13.0074100494,80.2375183105,50300,50310,10
13.0072402954,80.2384414673,50310,50320,10
13.007109642,80.2391433716,50320,50331,11
13.0068998337,80.2401123047,50331,50411,80
13.0068998337,80.2401123047,50411,50421,10
13.0068998337,80.2403793335,50421,50431,10
13.0068798065,80.2407302856,50431,50442,11
13.0068597794,80.2407684326,50442,50452,10
13.0067796707,80.2409820557,50452,50462,10
13.0067396164,80.2415008545,50462,50472,10
13.0067195892,80.242401123,50472,50482,10
13.0066995621,80.2432785034,50482,50492,10
13.0067100525,80.2439880371,50492,50502,10
13.0067100525,80.2446212769,50502,50512,10
13.0066795349,80.2451019287,50512,50522,10
13.0067100525,80.2453384399,50522,50532,10
13.0067195892,80.2456207275,50532,50542,10
13.0067396164,80.2462310791,50542,50573,31
13.0067396164,80.2462310791,50573,50583,10
13.0067396164,80.2466430664,50583,50593,10
13.0067501068,80.2472229004,50593,50603,10
13.0067396164,80.248046875,50603,50613,10
13.0068702698,80.2494888306,50613,50651,38
13.0068702698,80.2494888306,50651,50663,12
13.0068502426,80.2499465942,50663,50674,11
13.006819725,80.2501602173,50674,50684,10
13.0067996979,80.2506790161,50684,50694,10
13.0067901611,80.2513275146,50694,50704,10
13.0066299438,80.2521209717,50704,50714,10
13.0065603256,80.2530136108,50714,50724,10
13.0065603256,80.2538986206,50724,50734,10
13.0066099167,80.2547302246,50734,50744,10
13.0066099167,80.2556610107,50744,50754,10
13.0066099167,80.2564926147,50754,50764,10
13.0066604614,80.2571563721,50764,50775,11
13.0068902969,80.2578964233,50775,50785,10
13.0072603226,80.2583618164,50785,50795,10
13.0076904297,80.2586364746,50795,50805,10
13.0077104568,80.2586593628,50805,50815,10
13.0079097748,80.2588119507,50815,50825,10
13.0083599091,80.2590408325,50825,50835,10
13.0090103149,80.2590866089,50835,50845,10
13.0098800659,80.2590637207,50845,50855,10
13.0108098984,80.2590713501,50855,50865,10
13.0118198395,80.2590637207,50865,50875,10
13.0129699707,80.2591094971,50875,50886,11
13.0143098831,80.2591705322,50886,50896,10
13.0153999329,80.2592391968,50896,50906,10
13.0163002014,80.2595977783,50906,50926,20
13.0163002014,80.2595977783,50926,50936,10
13.0165395737,80.2598571777,50936,50946,10
13.0168104172,80.2600326538,50946,50956,10
13.0172395706,80.2603225708,50956,50966,10
13.0178203583,80.2607192993,50966,50976,10
13.0184803009,80.2612686157,50976,50986,10
13.0191001892,80.261680603,50986,50996,10
13.019610405,80.2621917725,50996,51007,11
13.0201396942,80.2626037598,51007,51017,10
13.0201702118,80.2626266479,51017,51027,10
13.0202798843,80.2627182007,51027,51037,10
13.0207595825,80.2628936768,51037,51047,10
13.0214595795,80.2630996704,51047,51057,10
13.022190094,80.2634963989,51057,51077,20
13.022190094,80.2634963989,51077,51087,10
13.0225496292,80.2636795044,51087,51103,16
13.0228700638,80.2638626099,51103,51116,13
13.0231704712,80.2640609741,51116,51126,10
13.0235700607,80.2643508911,51126,51135,9
13.0238800049,80.264503479,51135,51146,11
13.0243797302,80.264793396,51146,51156,10
13.0247898102,80.26512146,51156,51166,10
13.0253095627,80.2654190063,51166,51176,10
13.0258197784,80.2657165527,51176,51186,10
13.0261201859,80.2658462524,51186,51196,10
13.026260376,80.2655563354,51196,51206,10
13.0263204575,80.2652893066,51206,51216,10
13.0263595581,80.2649383545,51216,51227,11
13.0264902115,80.2640762329,51227,51247,20
13.0264902115,80.2640762329,51247,51257,10
13.0265703201,80.2636413574,51257,51267,10
13.0266895294,80.263381958,51267,51277,10
13.0269899368,80.2635498047,51277,51287,10
13.0274496078,80.2636413574,51287,51297,10
13.0280799866,80.2638015747,51297,51307,10
13.0281496048,80.2638092041,51307,51317,10
13.0284996033,80.2639007568,51317,51327,10
13.0287799835,80.2640228271,51327,51338,11
13.0290603638,80.2640914917,51338,51348,10
13.0291595459,80.2642288208,51348,51358,10
13.0292196274,80.2645797729,51358,51368,10
13.0291996002,80.2650375366,51368,51378,10
13.0292196274,80.2656097412,51378,51388,10
13.0292196274,80.2658996582,51388,51398,10
13.0291795731,80.2662200928,51398,51408,10
13.0292797089,80.2664413452,51408,51418,10
13.0296201706,80.2666168213,51418,51428,10
13.0301799774,80.2666702271,51428,51438,10
13.03083992,80.2667999268,51438,51449,11
13.0313501358,80.2670516968,51449,51459,10
13.0318403244,80.2672271729,51459,51469,10
13.0321397781,80.2673492432,51469,51479,10
13.0325603485,80.2676086426,51479,51489,10
13.0330400467,80.2677078247,51489,51499,10
13.0334997177,80.2677993774,51499,51539,40
13.0334997177,80.2677993774,51539,51549,10
13.0338401794,80.2679595947,51549,51560,11
13.0342798233,80.2680130005,51560,51620,60
13.034620285,80.268081665,51620,51721,101
13.034620285,80.268081665,51721,51731,10
13.034119606,80.2679824829,51731,51741,10
13.0338802338,80.2679595947,51741,51751,10
13.0336503983,80.2679290771,51751,52429,678
13.0336503983,80.2679290771,52429,52439,10
13.0332202911,80.267791748,52439,52450,11
13.0327596664,80.2676773071,52450,52460,10
13.0324897766,80.2674789429,52460,52470,10
13.0322303772,80.267326355,52470,52480,10
13.0318603516,80.2671585083,52480,52490,10
13.0313501358,80.2669525146,52490,52500,10
13.0308504105,80.2667770386,52500,52510,10
13.0301904678,80.2666931152,52510,52519,9
13.029800415,80.2666320801,52519,52530,11
13.0297603607,80.2666320801,52530,52540,10
13.0293903351,80.2665481567,52540,52550,10
13.0290699005,80.2663879395,52550,52561,11
13.0285396576,80.2663192749,52561,52571,10
13.0279598236,80.2661972046,52571,52581,10
13.0273199081,80.2660980225,52581,52591,10
13.0267496109,80.2660369873,52591,52601,10
13.0265102386,80.2659835815,52601,52610,9
13.0261697769,80.26587677,52610,52621,11
13.0256996155,80.2655792236,52621,52630,9
13.0252504349,80.2652816772,52630,52651,21
13.0252504349,80.2652816772,52651,52661,10
13.0251398087,80.2652435303,52661,52672,11
13.0247297287,80.2649002075,52672,52682,10
13.0242595673,80.2645263672,52682,52691,9
13.0237798691,80.2642211914,52691,52702,11
13.0232496262,80.2639389038,52702,52712,10
13.0225601196,80.2635574341,52712,52722,10
13.0220804214,80.2633285522,52722,52741,19
13.0220804214,80.2633285522,52741,52751,10
13.0218601227,80.2632217407,52751,52762,11
13.0213499069,80.2630081177,52762,52772,10
13.0206203461,80.2629470825,52772,52783,11
13.0199098587,80.2629394531,52783,52793,10
13.019200325,80.2629013062,52793,52803,10
13.0188903809,80.2626495361,52803,52813,10
13.0188102722,80.2619781494,52813,52823,10
13.0186195374,80.2612762451,52823,52833,10
13.017999649,80.2608032227,52833,52843,10
13.0172996521,80.2603378296,52843,52853,10
13.0165395737,80.2598419189,52853,52863,10
13.0160799026,80.2596435547,52863,52873,10
13.0160503387,80.2596206665,52873,52883,10
13.0158004761,80.2594985962,52883,52894,11
13.0151395798,80.2593231201,52894,52904,10
13.0143995285,80.259262085,52904,52914,10
13.0135202408,80.2592315674,52914,52924,10
13.0125999451,80.2592086792,52924,52934,10
13.0116701126,80.2591705322,52934,52944,10
13.0108604431,80.2591629028,52944,52954,10
13.0101604462,80.259262085,52954,52964,10
13.0098896027,80.2592391968,52964,52974,10
13.0095901489,80.2592010498,52974,52984,10
13.0090303421,80.2591629028,52984,52994,10
13.0087003708,80.2591400146,52994,53005,11
13.008190155,80.2591171265,53005,53015,10
13.0076198578,80.2593307495,53015,53025,10
13.0071401596,80.2586669922,53025,53045,20
13.0071401596,80.2586669922,53045,53055,10
13.0071201324,80.2585525513,53055,53065,10
13.0069103241,80.2581710815,53065,53075,10
13.0066604614,80.2576904297,53075,53134,59
13.0065202713,80.2574768066,53134,53184,50
13.0065202713,80.2574768066,53184,53194,10
13.0064201355,80.2571868896,53194,53204,10
13.0064401627,80.2567825317,53204,53213,9
13.0065002441,80.2563323975,53213,53224,11
13.0065002441,80.2555236816,53224,53235,11
13.0065603256,80.2548675537,53235,53245,10
13.0065402985,80.2540588379,53245,53255,10
13.0065402985,80.2533035278,53255,53265,10
13.0065603256,80.2531967163,53265,53275,10
13.0065803528,80.2531433105,53275,53285,10
13.0066003799,80.252746582,53285,53295,10
13.0066995621,80.2519607544,53295,53376,81
13.0066995621,80.2519607544,53376,53386,10
13.006770134,80.2515792847,53386,53396,10
13.0068397522,80.2511520386,53396,53406,10
13.0068702698,80.2506866455,53406,53416,10
13.0068397522,80.2500228882,53416,53426,10
13.0068101883,80.2492218018,53426,53436,10
13.0067195892,80.2483520508,53436,53446,10
13.0066795349,80.2477722168,53446,53497,51
13.0066795349,80.2477722168,53497,53507,10
13.0067195892,80.2476119995,53507,53517,10
13.0067195892,80.2471694946,53517,53527,10
13.0066404343,80.2464294434,53527,53547,20
13.0066404343,80.2464294434,53547,53557,10
13.0066699982,80.2461700439,53557,53568,11
13.006649971,80.2454986572,53568,53578,10
13.0066795349,80.244972229,53578,53588,10
13.0066795349,80.2444229126,53588,53598,10
13.0066699982,80.2437896729,53598,53608,10
13.0066299438,80.2431182861,53608,53618,10
13.0065898895,80.2423400879,53618,53628,10
13.0065803528,80.2417526245,53628,53638,10
13.0065698624,80.241569519,53638,53648,10
13.0066003799,80.2411422729,53648,53658,10
13.0066699982,80.2406005859,53658,53668,10
13.0068101883,80.2400665283,53668,53679,11
13.0069599152,80.2392883301,53679,53689,10
13.0071001053,80.2384262085,53689,53699,10
13.0072603226,80.2376022339,53699,53709,10
13.0073795319,80.2367630005,53709,53729,20
13.0073795319,80.2367630005,53729,53739,10
13.0074796677,80.2364196777,53739,53749,10
13.0076198578,80.2358016968,53749,53759,10
13.0077495575,80.2351837158,53759,53769,10
13.0077600479,80.2351379395,53769,53779,10
13.0078201294,80.2348175049,53779,53790,11
13.0080003738,80.2340774536,53790,53800,10
13.0081796646,80.2331695557,53800,53810,10
13.0083599091,80.2322311401,53810,53820,10
13.0085601807,80.2311630249,53820,53830,10
13.0087499619,80.2301483154,53830,53840,10
13.0089302063,80.2292480469,53840,53850,10
13.0091199875,80.2283630371,53850,53860,10
13.0093603134,80.2276916504,53860,53870,10
13.0098600388,80.226600647,53870,53880,10
13.010219574,80.2258529663,53880,53890,10
13.0104799271,80.2253265381,53890,53901,11
13.0105695724,80.2251205444,53901,53911,10
13.0106801987,80.2249221802,53911,53921,10
13.0107803345,80.2247467041,53921,53931,10
13.0109701157,80.2243499756,53931,53941,10
13.0110797882,80.2240371704,53941,53951,10
13.0112400055,80.2236022949,53951,53961,10
13.0114603043,80.2230377197,53961,53971,10
13.0116796494,80.2225112915,53971,53981,10
13.0119695663,80.221862793,53981,53991,10
13.0122995377,80.2215423584,53991,54001,10
13.0125799179,80.2219619751,54001,54012,11
13.0130395889,80.2224273682,54012,54022,10
13.0135402679,80.2229995728,54022,54032,10
13.0140304565,80.2235565186,54032,54042,10
13.0145797729,80.2241363525,54042,54052,10
13.0151195526,80.2247009277,54052,54062,10
13.015540123,80.2249908447,54062,54072,10
13.0156698227,80.225112915,54072,54082,10
13.0161504745,80.2253189087,54082,54092,10
13.0169401169,80.2251205444,54092,54102,10
13.0179195404,80.2247314453,54102,54112,10
13.018910408,80.2243423462,54112,54121,9
13.0196199417,80.2244415283,54121,54133,12
13.0200395584,80.2247390747,54133,54143,10
13.0205898285,80.2251434326,54143,54153,10
13.0210504532,80.2255020142,54153,54163,10
13.0217599869,80.2259979248,54163,54183,20
13.0217599869,80.2259979248,54183,54193,10
13.0220098495,80.2262115479,54193,54203,10
13.0225296021,80.2266769409,54203,54213,10
13.0231895447,80.2273025513,54213,54223,10
13.0237398148,80.2277984619,54223,54233,10
13.0240802765,80.2281570435,54233,54244,11
13.0244598389,80.2286682129,54244,54254,10
13.0248203278,80.2291564941,54254,54270,16
13.0254201889,80.2299194336,54270,54282,12
13.025759697,80.2304382324,54282,54292,10
13.0257797241,80.2304534912,54292,54301,9
13.0258102417,80.2305221558,54301,54312,11
13.0258703232,80.2305831909,54312,54321,9
13.0258703232,80.2307128906,54321,54332,11
13.0259799957,80.2309570313,54332,54342,10
13.025970459,80.2312164307,54342,54353,11
13.0262804031,80.2311706543,54353,54363,10
13.0267601013,80.2309494019,54363,54373,10
13.0273303986,80.2308502197,54373,54383,10
13.0283002853,80.2307815552,54383,54403,20
13.0283002853,80.2307815552,54403,54413,10
13.028840065,80.2307891846,54413,54423,10
13.0291795731,80.2307662964,54423,54443,20
13.0291795731,80.2307662964,54443,54453,10
13.029589653,80.230758667,54453,54464,11
13.0302801132,80.2306976318,54464,54474,10
13.0307798386,80.2306594849,54474,54484,10
13.0314102173,80.2305984497,54484,54494,10
13.0320901871,80.2305679321,54494,54504,10
13.032699585,80.2304992676,54504,54514,10
13.0333795547,80.2304534912,54514,54524,10
13.0339603424,80.2303466797,54524,54534,10
13.0346603394,80.2302398682,54534,54595,61
13.0346603394,80.2302398682,54595,54605,10
13.0347795486,80.2300109863,54605,54665,60
13.0344200134,80.2299804688,54665,56056,1391
13.0341901779,80.2303085327,56056,56076,20
13.0341901779,80.2303085327,56076,56086,10
13.0339803696,80.230430603,56086,56096,10
13.0334997177,80.2304916382,56096,56117,21
13.0334997177,80.2304916382,56117,56127,10
13.0330400467,80.2304992676,56127,56137,10
13.0325498581,80.2305603027,56137,56147,10
13.031999588,80.2306213379,56147,56157,10
13.0313901901,80.230682373,56157,56167,10
13.0308504105,80.2307281494,56167,56177,10
13.0304403305,80.2307662964,56177,56187,10
13.0297403336,80.2308731079,56187,56228,41
13.0297403336,80.2308731079,56228,56238,10
13.0293798447,80.2309188843,56238,56248,10
13.028840065,80.2309494019,56248,56258,10
13.0281801224,80.2310028076,56258,56268,10
13.0276603699,80.2310714722,56268,56278,10
13.027680397,80.2314910889,56278,56294,16
13.0278501511,80.2325210571,56294,56306,12
13.0275001526,80.2328186035,56306,56316,10
13.0268201828,80.2329483032,56316,56377,61
13.0268201828,80.2329483032,56377,56387,10
13.0266399384,80.2330932617,56387,56397,10
13.0263595581,80.2329788208,56397,56407,10
13.0262098312,80.232383728,56407,56417,10
13.0260295868,80.2316436768,56417,56427,10
13.0258798599,80.23097229,56427,56437,10
13.0255203247,80.23021698,56437,56447,10
13.0250597,80.2296295166,56447,56458,11
13.0247802734,80.2292480469,56458,56468,10
13.0245504379,80.2289505005,56468,56478,10
13.0241003036,80.2284164429,56478,56498,20
13.0241003036,80.2284164429,56498,56508,10
13.0239095688,80.228187561,56508,56518,10
13.0235204697,80.2277526855,56518,56528,10
13.0230102539,80.2272491455,56528,56538,10
13.0225696564,80.2268066406,56538,56548,10
13.0221204758,80.2264022827,56548,56558,10
13.0215501785,80.2259368896,56558,56569,11
13.0209302902,80.2254333496,56569,56585,16
13.0201396942,80.2249526978,56585,56597,12
13.0197696686,80.2247009277,56597,56607,10
13.0193099976,80.2245101929,56607,56615,8
13.0184497833,80.2246627808,56615,56626,11
13.0173997879,80.2250900269,56626,56637,11
13.0165996552,80.2254180908,56637,56647,10
13.0164699554,80.2254562378,56647,56657,10
13.0161399841,80.2255783081,56657,56666,9
13.0156602859,80.2257232666,56666,56677,11
13.0149402618,80.2259979248,56677,56688,11
13.0142698288,80.2262802124,56688,56708,20
13.0142698288,80.2262802124,56708,56717,9
13.0139598846,80.2263870239,56717,56728,11
13.0133495331,80.2266082764,56728,56738,10
13.0124998093,80.2269363403,56738,56747,9
13.0116596222,80.2272796631,56747,56757,10
13.0105800629,80.227722168,56757,56768,11
13.0094099045,80.2282409668,56768,56778,10
13.0090503693,80.2289199829,56778,56789,11
13.0088596344,80.2300415039,56789,56799,10
13.0086803436,80.2311477661,56799,56809,10
13.0084400177,80.2322921753,56809,56819,10
13.0083198547,80.2331237793,56819,56829,10
13.0082597733,80.2335891724,56829,56839,10
13.0082101822,80.2336502075,56839,56849,10
13.008099556,80.2340621948,56849,56859,10
13.0079698563,80.2347488403,56859,56869,10
13.0077800751,80.2356491089,56869,56879,10
13.0075597763,80.2366409302,56879,56889,10
13.0073404312,80.2377166748,56889,56899,10
13.0072402954,80.2384033203,56899,56910,11
13.0071001053,80.2391967773,56910,56920,10
13.0069303513,80.2397994995,56920,56930,10
13.0068798065,80.240447998,56930,56950,20
13.0068798065,80.240447998,56950,56960,10
13.006770134,80.2409515381,56960,56970,10
13.0067501068,80.2413024902,56970,56980,10
13.0067396164,80.2417831421,56980,56990,10
13.0067195892,80.2425918579,56990,57006,16
13.0067501068,80.2440567017,57006,57019,13
13.0067501068,80.2452926636,57019,57029,10
13.0067996979,80.2462387085,57029,57039,10
13.006819725,80.2470932007,57039,57049,10
13.006770134,80.2477493286,57049,57059,10
13.0067596436,80.2482833862,57059,57068,9
13.0068302155,80.2491226196,57068,57079,11
13.0068798065,80.2496566772,57079,57089,10
13.0068798065,80.249671936,57089,57099,10
13.0068798065,80.2497711182,57099,57109,10
13.0068597794,80.250289917,57109,57119,10
13.0068302155,80.2509918213,57119,57130,11
13.0067796707,80.2516098022,57130,57140,10
13.0066003799,80.2524795532,57140,57150,10
13.0066003799,80.2535400391,57150,57160,10
13.0066204071,80.2546234131,57160,57170,10
13.0066404343,80.2553100586,57170,57180,10
13.0066404343,80.2559967041,57180,57190,10
13.006649971,80.2567062378,57190,57200,10
13.0067195892,80.2572402954,57200,57251,51
13.0067195892,80.2572402954,57251,57261,10
13.0066795349,80.2574310303,57261,57271,10
13.0066900253,80.2575531006,57271,57281,10
13.0068798065,80.2579879761,57281,57291,10
13.007610321,80.2586669922,57291,57311,20
13.007610321,80.2586669922,57311,57321,10
13.0080404282,80.2588577271,57321,57331,10
13.0087099075,80.2590866089,57331,57341,10
13.0095596313,80.2590789795,57341,57352,11
13.0106801987,80.2590637207,57352,57362,10
13.011590004,80.2590637207,57362,57372,10
13.0123500824,80.2590866089,57372,57381,9
13.0133600235,80.2591323853,57381,57392,11
13.0143995285,80.2591781616,57392,57402,10
13.0154399872,80.2592468262,57402,57412,10
13.0161600113,80.2595062256,57412,57422,10
13.0163803101,80.2596511841,57422,57432,10
13.0163898468,80.2596588135,57432,57442,10
13.0166196823,80.2598800659,57442,57452,10
13.0168199539,80.260017395,57452,57463,11
13.0173902512,80.2604217529,57463,57473,10
13.0179700851,80.2608413696,57473,57483,10
13.0185003281,80.261177063,57483,57493,10
13.0188398361,80.2614364624,57493,57503,10
13.0191898346,80.2617416382,57503,57513,10
13.0195198059,80.2620162964,57513,57522,9
13.0201797485,80.262588501,57522,57542,20
13.0201797485,80.262588501,57542,57553,11
13.0203800201,80.2627868652,57553,57563,10
13.020819664,80.2629165649,57563,57574,11
13.0213804245,80.2630996704,57574,57584,10
13.021900177,80.2633590698,57584,57594,10
13.0221595764,80.2634735107,57594,57604,10
13.0224199295,80.2636108398,57604,57614,10
13.0228796005,80.2637786865,57614,57634,20
13.0228796005,80.2637786865,57634,57644,10
13.0231800079,80.2639694214,57644,57654,10
13.0236196518,80.2642211914,57654,57664,10
13.0243501663,80.2647018433,57664,57674,10
13.0247602463,80.265007019,57674,57685,11
13.025179863,80.265296936,57685,57695,10
13.0260095596,80.2657928467,57695,57715,20
13.0260095596,80.2657928467,57715,57725,10
13.0262899399,80.2658081055,57725,57735,10
13.0263395309,80.265296936,57735,57745,10
13.0264196396,80.2647171021,57745,57755,10
13.0264902115,80.2641372681,57755,57765,10
13.0265102386,80.263923645,57765,57775,10
13.0265197754,80.2638397217,57775,57785,10
13.0265703201,80.2634963989,57785,57796,11
13.0267601013,80.263381958,57796,57806,10
13.0273704529,80.2635421753,57806,57816,10
13.0279998779,80.2637176514,57816,57826,10
13.0282201767,80.2637863159,57826,57836,10
13.0284996033,80.2638397217,57836,57846,10
13.0289497375,80.263999939,57846,57856,10
13.0292797089,80.264251709,57856,57866,10
13.0293102264,80.2645874023,57866,57876,10
13.0293197632,80.2650604248,57876,57886,10
13.0292901993,80.2655334473,57886,57896,10
13.0293102264,80.2659225464,57896,57907,11
13.0292797089,80.2660293579,57907,57917,10
13.0292100906,80.2663879395,57917,57927,10
13.0292797089,80.2665176392,57927,57937,10
13.0296497345,80.2665786743,57937,57947,10
13.030090332,80.2666320801,57947,57957,10
13.0303401947,80.2667007446,57957,57967,10
13.03083992,80.2668380737,57967,57977,10
13.0314998627,80.266998291,57977,57987,10
13.0322904587,80.2673721313,57987,58017,30
13.0322904587,80.2673721313,58017,58034,17
13.0326004028,80.267578125,58034,58046,12
13.0329999924,80.2676925659,58046,58066,20
13.0331897736,80.2677536011,58066,58136,70
13.0331897736,80.2677536011,58136,58147,11
13.0335197449,80.267906189,58147,58167,20
13.0335197449,80.267906189,58167,58177,10
13.033829689,80.2679519653,58177,58187,10
13.0340900421,80.2679824829,58187,58197,10
13.0344800949,80.2680587769,58197,58348,151
13.0344800949,80.2680587769,58348,58359,11
13.0340900421,80.2680282593,58359,58399,40
13.0340900421,80.2680282593,58399,58409,10
13.0337200165,80.2679290771,58409,58419,10
13.0335798264,80.267868042,58419,58470,51
13.033200264,80.2678222656,58470,59002,532
13.033200264,80.2678222656,59002,59013,11
13.0329399109,80.2677001953,59013,59023,10
13.0326004028,80.2675323486,59023,59033,10
13.0323801041,80.2673492432,59033,59043,10
13.0320100784,80.2671585083,59043,59053,10
13.0315904617,80.2669906616,59053,59063,10
13.0307397842,80.2667922974,59063,59113,50
13.0307397842,80.2667922974,59113,59124,11
13.0303401947,80.2667694092,59124,59134,10
13.0298595428,80.2666625977,59134,59174,40
13.0298595428,80.2666625977,59174,59184,10
13.0295000076,80.2666168213,59184,59194,10
13.029299736,80.2666015625,59194,59204,10
13.0291404724,80.2665023804,59204,59214,10
13.0288000107,80.2663574219,59214,59224,10
13.0283403397,80.2662582397,59224,59235,11
13.0277500153,80.2661590576,59235,59245,10
13.0272197723,80.2660827637,59245,59254,9
13.0263700485,80.2659835815,59254,59335,81
13.0263700485,80.2659835815,59335,59346,11
13.0262203217,80.2660827637,59346,59356,10
13.0260095596,80.2659378052,59356,59366,10
13.0256795883,80.2656784058,59366,59376,10
13.0254402161,80.2655029297,59376,59386,10
13.0253000259,80.2654037476,59386,59397,11
13.0252504349,80.2653579712,59397,59409,12
13.0250301361,80.2651596069,59409,59418,9
13.0247001648,80.2648696899,59418,59428,10
13.0242099762,80.2645187378,59428,59438,10
13.0236797333,80.2642211914,59438,59448,10
13.0230503082,80.2638397217,59448,59459,11
13.0221004486,80.263420105,59459,59478,19
13.0221004486,80.263420105,59478,59489,11
13.0218400955,80.2632980347,59489,59499,10
13.0211601257,80.2630691528,59499,59509,10
13.020409584,80.2630386353,59509,59519,10
13.0199804306,80.2630233765,59519,59529,10
13.0194196701,80.2629776001,59529,59539,10
13.0189695358,80.262878418,59539,59549,10
13.0188703537,80.2623214722,59549,59559,10
13.0187797546,80.2616577148,59559,59570,11
13.0184497833,80.2611999512,59570,59580,10
13.0179195404,80.2608413696,59580,59590,10
13.0174398422,80.2605133057,59590,59600,10
13.0168104172,80.260093689,59600,59610,10
13.015999794,80.2596588135,59610,59630,20
13.015999794,80.2596588135,59630,59640,10
13.0157899857,80.2595825195,59640,59650,10
13.0152397156,80.2593994141,59650,59660,10
13.0146503448,80.2593307495,59660,59671,11
13.0139198303,80.2593078613,59671,59681,10
13.0130300522,80.2592926025,59681,59691,10
13.0120601654,80.259262085,59691,59701,10
13.0110998154,80.2592315674,59701,59711,10
13.0099201202,80.2593231201,59711,59731,20
13.0099201202,80.2593231201,59731,59741,10
13.0096597672,80.2592697144,59741,59751,10
13.0092401505,80.2592163086,59751,59761,10
13.0088701248,80.2592086792,59761,59771,10
13.0085496902,80.2592086792,59771,59781,10
13.008020401,80.2592468262,59781,59798,17
13.0072202682,80.2587890625,59798,59820,22
13.0072202682,80.2587890625,59820,59830,10
13.0070295334,80.2584228516,59830,59840,10
13.0065898895,80.2577590942,59840,59890,50
13.0065898895,80.2577590942,59890,59901,11
13.0064897537,80.2573928833,59901,59911,10
13.0064897537,80.2570571899,59911,59920,9
13.0064897537,80.256729126,59920,59931,11
13.0065002441,80.2562789917,59931,59941,10
13.0065002441,80.2559509277,59941,59951,10
13.0065002441,80.255531311,59951,59961,10
13.0065202713,80.2549591064,59961,59971,10
13.0065002441,80.25415802,59971,59981,10
13.0065002441,80.2533416748,59981,59991,10
13.006480217,80.253036499,59991,60022,31
13.006480217,80.253036499,60022,60032,10
13.0065402985,80.2527694702,60032,60042,10
13.0065498352,80.2523574829,60042,60052,10
13.0065603256,80.2522735596,60052,60062,10
13.0065698624,80.2521514893,60062,60072,10
13.0066604614,80.251739502,60072,60082,10
13.0067300797,80.2510986328,60082,60092,10
13.0067100525,80.2502365112,60092,60102,10
13.0066900253,80.249420166,60102,60112,10
13.006649971,80.2486724854,60112,60123,11
13.0066003799,80.2479019165,60123,60133,10
13.0065803528,80.2475204468,60133,60213,80
13.0065803528,80.2475204468,60213,60223,10
13.0066204071,80.2471313477,60223,60234,11
13.0065603256,80.2465896606,60234,60244,10
13.0065698624,80.2465286255,60244,60254,10
13.0065803528,80.2464828491,60254,60264,10
13.0066099167,80.2461395264,60264,60274,10
13.0066204071,80.2455596924,60274,60284,10
13.0066099167,80.2450027466,60284,60294,10
13.0066204071,80.2444381714,60294,60304,10
13.0066099167,80.2439727783,60304,60314,10
13.0066204071,80.243812561,60314,60324,10
13.0066099167,80.2434921265,60324,60335,11
13.0066003799,80.2428665161,60335,60345,10
13.0065603256,80.2421417236,60345,60355,10
13.0065498352,80.2416305542,60355,60365,10
13.0065498352,80.2415771484,60365,60375,10
13.0065803528,80.2412872314,60375,60385,10
13.0066003799,80.2409133911,60385,60395,10
13.0066604614,80.2405776978,60395,60405,10
13.0067901611,80.2401123047,60405,60415,10
13.0069599152,80.2394104004,60415,60425,10
13.0070896149,80.2385482788,60425,60435,10
13.0072097778,80.2379074097,60435,60451,16
13.007349968,80.2370376587,60451,60474,23
13.007349968,80.2370300293,60474,60483,9
13.0073795319,80.2369232178,60483,60494,11
13.0074100494,80.2367324829,60494,60504,10
13.0074195862,80.2366867065,60504,60514,10
13.007519722,80.2362976074,60514,60524,10
13.0076398849,80.2356796265,60524,60534,10
13.0076799393,80.2354431152,60534,60544,10
13.0077295303,80.2351608276,60544,60556,12
13.0078201294,80.2345581055,60556,60566,10
13.0079803467,80.2338027954,60566,60576,10
13.0081596375,80.2328720093,60576,60586,10
13.0083503723,80.2319107056,60586,60596,10
13.0085296631,80.2309494019,60596,60606,10
13.0087404251,80.2299728394,60606,60616,10
13.0089197159,80.229019165,60616,60626,10
13.0091400146,80.2281417847,60626,60636,10
13.0095100403,80.2273025513,60636,60646,10
13.0099496841,80.2264022827,60646,60656,10
13.0103197098,80.2256393433,60656,60667,11
13.0106401443,80.224937439,60667,60677,10
13.0108098984,80.2245025635,60677,60687,10
13.0111398697,80.2237625122,60687,60697,10
13.0115203857,80.2229385376,60697,60707,10
13.011759758,80.2223587036,60707,60717,10
13.0120601654,80.2217407227,60717,60727,10
13.0123195648,80.2217025757,60727,60737,10
13.0125999451,80.2220077515,60737,60747,10
13.0130796432,80.2224884033,60747,60757,10
13.0135602951,80.2230300903,60757,60767,10
13.0140399933,80.2236175537,60767,60778,11
13.0146598816,80.2242584229,60778,60788,10
13.0150203705,80.2246704102,60788,60798,10
13.0151395798,80.224822998,60798,60808,10
13.0154399872,80.2249984741,60808,60838,30
13.0154399872,80.2249984741,60838,60848,10
13.0158004761,80.2252883911,60848,60858,10
13.0164003372,80.2253723145,60858,60868,10
13.0171499252,80.2251281738,60868,60878,10
13.017950058,80.2248001099,60878,60889,11
13.0187797546,80.2244796753,60889,60899,10
13.0191402435,80.2243804932,60899,60909,10
13.0194196701,80.2244110107,60909,60919,10
13.0195999146,80.2244796753,60919,60929,10
13.0198602676,80.2246322632,60929,60939,10
13.02023983,80.2249069214,60939,60949,10
13.0207395554,80.2252731323,60949,60959,10
13.0211601257,80.2255935669,60959,60975,16
13.0220403671,80.2262268066,60975,60997,22
13.0220403671,80.2262268066,60997,61008,11
13.0221300125,80.2263565063,61008,61018,10
13.0224599838,80.2266235352,61018,61028,10
13.0226602554,80.2268218994,61028,61036,8
13.0228900909,80.2270278931,61036,61079,43
13.0228900909,80.2270278931,61079,61089,10
13.0231895447,80.2273864746,61089,61099,10
13.0234498978,80.2276229858,61099,61110,11
13.0238599777,80.2279663086,61110,61120,10
13.0240402222,80.2281036377,61120,61130,10
13.0241498947,80.2282333374,61130,61140,10
13.0242900848,80.2283935547,61140,61180,40
13.0242900848,80.2283935547,61180,61190,10
13.0244998932,80.2287063599,61190,61210,20
13.0244998932,80.2287063599,61210,61220,10
13.0246400833,80.2289199829,61220,61237,17
13.024889946,80.2293167114,61237,61249,12
13.0254001617,80.2299575806,61249,61258,9
13.0256500244,80.2303237915,61258,61268,10
13.0258598328,80.2306671143,61268,61281,13
13.02602005,80.2312011719,61281,61291,10
13.0262699127,80.231338501,61291,61301,10
13.026889801,80.2312088013,61301,61311,10
13.0277700424,80.2310333252,61311,61321,10
13.0285196304,80.2309188843,61321,61352,31
13.0292100906,80.2308807373,61352,61387,35
13.0292100906,80.2308807373,61387,61396,9
13.0293598175,80.2308502197,61396,61407,11
13.0298299789,80.2307891846,61407,61417,10
13.0303897858,80.2307434082,61417,61427,10
13.0307302475,80.2307128906,61427,61437,10
13.0309801102,80.2304611206,61437,61447,10
13.0317802429,80.2304077148,61447,61458,11
13.0329198837,80.2305221558,61458,61468,10
13.0335998535,80.2304916382,61468,61478,10
13.0340299606,80.2304229736,61478,61485,7
13.0344600677,80.2303924561,61485,61527,42
13.0344600677,80.2303924561,61527,61538,11
13.034620285,80.2304000854,61538,61548,10
13.0348596573,80.2302932739,61548,61559,11
13.0349397659,80.2302017212,61559,61569,10
13.0348396301,80.2300186157,61569,61579,10
13.0346403122,80.2300262451,61579,61659,80
13.0342798233,80.2301177979,61659,62144,485
13.0341501236,80.2300796509,62144,62437,293
13.0341501236,80.2300796509,62437,62447,10
13.0341300964,80.2303314209,62447,62487,40
13.0341300964,80.2303314209,62487,62497,10
13.0339698792,80.23046875,62497,62507,10
13.0336999893,80.2304382324,62507,62517,10
13.0334396362,80.23046875,62517,62537,20
13.0334396362,80.23046875,62537,62548,11
13.0331001282,80.2304916382,62548,62558,10
13.0326404572,80.2305297852,62558,62568,10
13.0320596695,80.2306137085,62568,62577,9
13.0315704346,80.2306518555,62577,62587,10
13.0309200287,80.2307128906,62587,62598,11
13.0305099487,80.2307510376,62598,62608,10
13.0300397873,80.2308120728,62608,62628,20
13.029800415,80.2308273315,62628,62689,61
13.029800415,80.2308273315,62689,62699,10
13.029419899,80.2308883667,62699,62709,10
13.0290298462,80.2308883667,62709,62719,10
13.0284795761,80.2309112549,62719,62729,10
13.0277500153,80.2309875488,62729,62739,10
13.0276603699,80.2313537598,62739,62749,10
13.0277004242,80.231880188,62749,62759,10
13.0277996063,80.2324295044,62759,62770,11
13.027759552,80.2328567505,62770,62780,10
13.0268697739,80.233001709,62780,62830,50
13.0268697739,80.233001709,62830,62840,10
13.0265598297,80.2330474854,62840,62850,10
13.0262804031,80.2327728271,62850,62870,20
13.0262804031,80.2327728271,62870,62881,11
13.0262403488,80.2325668335,62881,62891,10
13.0261697769,80.2322769165,62891,62901,10
13.0260601044,80.2318115234,62901,62911,10
13.0259799957,80.2313766479,62911,62921,10
13.0258102417,80.230758667,62921,62931,10
13.0254297256,80.2301101685,62931,62941,10
13.0251302719,80.2297286987,62941,62951,10
13.0247802734,80.2292633057,62951,62992,41
13.0247802734,80.2292633057,62992,63002,10
13.0246200562,80.229057312,63002,63012,10
13.0242900848,80.2286224365,63012,63022,10
13.0239696503,80.2282409668,63022,63052,30
13.0239696503,80.2282409668,63052,63062,10
13.0238199234,80.2280273438,63062,63072,10
13.0235500336,80.2277603149,63072,63082,10
13.0233001709,80.2275238037,63082,63092,10
13.0229597092,80.2271575928,63092,63103,11
13.0223703384,80.2266235352,63103,63113,10
13.0217399597,80.2261123657,63113,63123,10
13.0211696625,80.2256622314,63123,63133,10
13.0206699371,80.2253112793,63133,63143,10
13.0200796127,80.224937439,63143,63153,10
13.0194101334,80.2245483398,63153,63163,10
13.0185604095,80.2245788574,63163,63173,10
13.017780304,80.2249221802,63173,63183,10
13.01720047,80.2251663208,63183,63193,10
13.01679039,80.2253570557,63193,63203,10
13.0165596008,80.2254562378,63203,63214,11
13.0162601471,80.2255630493,63214,63224,10
13.0157804489,80.2257232666,63224,63234,10
13.015130043,80.225982666,63234,63244,10
13.0143404007,80.2263183594,63244,63254,10
13.013999939,80.2265014648,63254,63274,20
13.013999939,80.2265014648,63274,63284,10
13.0137395859,80.2266082764,63284,63294,10
13.0133104324,80.2267074585,63294,63304,10
13.0127296448,80.2269134521,63304,63314,10
13.0119895935,80.2272262573,63314,63324,10
13.0111103058,80.2275924683,63324,63335,11
13.010020256,80.2280273438,63335,63345,10
13.0092697144,80.2283782959,63345,63361,16
13.0089302063,80.2295532227,63361,63373,12
13.0087003708,80.2307662964,63373,63381,8
13.0085401535,80.2314987183,63381,63393,12
13.0083599091,80.2324981689,63393,63402,9
13.0082397461,80.2335891724,63402,63433,31
13.0082397461,80.2335891724,63433,63444,11
13.008190155,80.23387146,63444,63454,10
13.0080900192,80.234413147,63454,63464,10
13.0079698563,80.2349319458,63464,63473,9
13.007900238,80.2352600098,63473,63484,11
13.0077800751,80.2358474731,63484,63494,10
13.0075998306,80.2366485596,63494,63504,10
13.0074501038,80.237411499,63504,63514,10
13.0073003769,80.2381820679,63514,63524,10
13.0071697235,80.2388000488,63524,63534,10
13.0070400238,80.2393417358,63534,63544,10
13.006939888,80.239906311,63544,63585,41
13.006939888,80.239906311,63585,63595,10
13.0069103241,80.2401580811,63595,63605,10
13.0068702698,80.2407302856,63605,63625,20
13.0068702698,80.2407302856,63625,63635,10
13.0067996979,80.2410125732,63635,63645,10
13.0067195892,80.2416610718,63645,63656,11
13.0067300797,80.2426681519,63656,63666,10
13.0067195892,80.2431335449,63666,63696,30
13.0067195892,80.2431335449,63696,63706,10
13.0066995621,80.2434768677,63706,63716,10
13.0066900253,80.2438201904,63716,63726,10
13.0066900253,80.2445068359,63726,63736,10
13.0067396164,80.2450714111,63736,63746,10
13.0067501068,80.2455062866,63746,63756,10
13.0067501068,80.2460479736,63756,63807,51
13.0067501068,80.2460479736,63807,63817,10
13.0067501068,80.2464675903,63817,63827,10
13.006770134,80.2469711304,63827,63837,10
13.0067501068,80.2476577759,63837,63847,10
13.0067596436,80.2484817505,63847,63857,10
13.0068702698,80.2495574951,63857,63888,31
13.0068702698,80.2495574951,63888,63898,10
13.0068397522,80.2497787476,63898,63908,10
13.0068101883,80.2502670288,63908,63918,10
13.0067996979,80.2506484985,63918,63928,10
13.0068101883,80.2508392334,63928,63937,9
13.0068302155,80.2511825562,63937,63948,11
13.0067796707,80.2516174316,63948,63958,10
13.0066795349,80.2520828247,63958,63968,10
13.0066099167,80.2526016235,63968,63978,10
13.0065803528,80.2533798218,63978,63988,10
13.0065803528,80.2540206909,63988,63999,11
13.0066099167,80.2549362183,63999,64009,10
13.0066003799,80.255859375,64009,64019,10
13.0066204071,80.2570266724,64019,64118,99
13.0066204071,80.2570266724,64118,64128,10
13.0066995621,80.2571105957,64128,64138,10
13.0067396164,80.2573776245,64138,64148,10
13.0068998337,80.2578735352,64148,64158,10
13.0071601868,80.2583236694,64158,64168,10
13.0076599121,80.2586669922,64168,64178,10
13.0076999664,80.2586975098,64178,64188,10
13.0078001022,80.2587585449,64188,64198,10
13.0082197189,80.2589111328,64198,64208,10
13.0087203979,80.2590637207,64208,64219,11
13.0090904236,80.2590866089,64219,64229,10
13.0097703934,80.2591171265,64229,64239,10
13.0105695724,80.2591171265,64239,64249,10
13.0115499496,80.2591094971,64249,64259,10
13.0124702454,80.2591323853,64259,64269,10
13.0134801865,80.2591629028,64269,64279,10
13.0145797729,80.2592010498,64279,64289,10
13.0156698227,80.2593307495,64289,64299,10
13.0164403915,80.2597198486,64299,64320,21
13.0164403915,80.2597198486,64320,64330,10
13.0165996552,80.2598724365,64330,64340,10
13.0168104172,80.2600402832,64340,64350,10
13.0172700882,80.2603378296,64350,64360,10
13.0177602768,80.2606964111,64360,64370,10
13.0182199478,80.2610168457,64370,64380,10
13.0187301636,80.261390686,64380,64390,10
13.019109726,80.2617416382,64390,64400,10
13.0195302963,80.2621383667,64400,64410,10
13.0200195313,80.2626190186,64410,64420,10
13.0202302933,80.2627182007,64420,64431,11
13.0203800201,80.2628097534,64431,64441,10
13.0209197998,80.2629928589,64441,64451,10
13.0216798782,80.2632369995,64451,64461,10
13.0221099854,80.263458252,64461,64471,10
13.0223302841,80.2635803223,64471,64481,10
13.0227203369,80.2637863159,64481,64491,10
13.0229597092,80.263923645,64491,64501,10
13.0231599808,80.2640380859,64501,64511,10
13.0236997604,80.2643508911,64511,64521,10
13.0243396759,80.2647399902,64521,64531,10
13.0247497559,80.2650604248,64531,64542,11
13.0249996185,80.2652435303,64542,64552,10
13.0253400803,80.2654724121,64552,64562,10
13.0256900787,80.2657165527,64562,64582,20
13.0256900787,80.2657165527,64582,64592,10
13.0258798599,80.2657928467,64592,64602,10
13.0261201859,80.2659301758,64602,64612,10
13.026309967,80.2657089233,64612,64622,10
13.0263595581,80.2651901245,64622,64632,10
13.0264902115,80.2644500732,64632,64642,10
13.0265398026,80.2640762329,64642,64653,11
13.026550293,80.263999939,64653,64663,10
13.0265798569,80.2636489868,64663,64673,10
13.0266799927,80.2634735107,64673,64683,10
13.0270395279,80.2635421753,64683,64693,10
13.0274400711,80.2636108398,64693,64703,10
13.0278301239,80.2637329102,64703,64713,10
13.0282402039,80.2638320923,64713,64723,10
13.0283002853,80.2638397217,64723,64733,10
13.0286102295,80.263923645,64733,64743,10
13.0290203094,80.2640228271,64743,64753,10
13.0293397903,80.2641372681,64753,64764,11
13.0293397903,80.2644577026,64764,64774,10
13.0293197632,80.2649002075,64774,64784,10
13.0292797089,80.2653198242,64784,64794,10
13.0292797089,80.2655792236,64794,64804,10
13.0292701721,80.265953064,64804,64814,10
13.0292596817,80.2660903931,64814,64824,10
13.0291996002,80.2663269043,64824,64844,20
13.0291996002,80.2663269043,64844,64854,10
13.0294599533,80.2666397095,64854,64864,10
13.029800415,80.2666625977,64864,64875,11
13.0303401947,80.2667617798,64875,64885,10
13.0310001373,80.2668991089,64885,64895,10
13.0312299728,80.2669830322,64895,64905,10
13.0317497253,80.2671966553,64905,64915,10
13.0323696136,80.2674789429,64915,64935,20
13.0323696136,80.2674789429,64935,64945,10
13.032699585,80.2676925659,64945,64955,10
13.0330896378,80.2678222656,64955,64965,10
13.0334100723,80.2678833008,64965,64975,10
13.0336904526,80.2679367065,64975,65006,31
13.0336904526,80.2679367065,65006,65016,10
13.0338897705,80.2680206299,65016,65026,10
13.034119606,80.2680282593,65026,65036,10
13.0344295502,80.2680511475,65036,65055,19
13.0345697403,80.2682037354,65055,65097,42
13.0345697403,80.2682037354,65097,65107,10
13.0343198776,80.2680969238,65107,65117,10
13.034040451,80.2680282593,65117,65127,10
13.0338497162,80.2679901123,65127,65137,10
13.0335102081,80.2679367065,65137,65187,50
13.033200264,80.2678375244,65187,65460,273
13.033200264,80.2678375244,65460,65470,10
13.0329904556,80.2677307129,65470,65480,10
13.0326595306,80.2676086426,65480,65490,10
13.0324697495,80.2675018311,65490,65500,10
13.0319795609,80.2672729492,65500,65510,10
13.0313196182,80.2669830322,65510,65520,10
13.0307703018,80.2668762207,65520,65531,11
13.0302095413,80.2667617798,65531,65541,10
13.0298204422,80.2667007446,65541,65550,9
13.0297803879,80.2666931152,65550,65561,11
13.029419899,80.2666625977,65561,65581,20
13.029419899,80.2666625977,65581,65591,10
13.0290899277,80.2664794922,65591,65601,10
13.0286302567,80.2663803101,65601,65611,10
13.028260231,80.2662582397,65611,65621,10
13.0276298523,80.2661819458,65621,65631,10
13.0270595551,80.2660903931,65631,65642,11
13.0264501572,80.2660217285,65642,65682,40
13.0264501572,80.2660217285,65682,65692,10
13.0262203217,80.2660522461,65692,65702,10
13.0258798599,80.2658462524,65702,65712,10
13.0252504349,80.2654418945,65712,65742,30
13.0252504349,80.2654418945,65742,65753,11
13.0250902176,80.2652664185,65753,65763,10
13.0248699188,80.2650909424,65763,65773,10
13.0245199203,80.2648620605,65773,65783,10
13.0241498947,80.2645797729,65783,65793,10
13.0236701965,80.2642974854,65793,65803,10
13.0230503082,80.263923645,65803,65813,10
13.0225200653,80.2636871338,65813,65823,10
13.0221700668,80.2635498047,65823,65833,10
13.0221595764,80.2635421753,65833,65843,10
13.0219497681,80.2634124756,65843,65853,10
13.0215597153,80.2632217407,65853,65864,11
13.0207195282,80.2630767822,65864,65874,10
13.0201501846,80.2630386353,65874,65884,10
13.0194597244,80.2629699707,65884,65894,10
13.0190896988,80.2629394531,65894,65904,10
13.0189399719,80.2627716064,65904,65914,10
13.0189304352,80.2626800537,65914,65924,10
13.0188903809,80.2625808716,65924,65934,10
13.0188503265,80.2622909546,65934,65944,10
13.0188398361,80.2621078491,65944,65954,10
13.0188102722,80.2619400024,65954,65985,31
13.0188102722,80.2619400024,65985,65995,10
13.0187797546,80.2615737915,65995,66005,10
13.0187902451,80.2614212036,66005,66015,10
13.018699646,80.2612762451,66015,66025,10
13.0184803009,80.2611999512,66025,66035,10
13.0181598663,80.2610168457,66035,66045,10
13.0177602768,80.2607574463,66045,66055,10
13.0172700882,80.2604064941,66055,66065,10
13.0167102814,80.2600479126,66065,66075,10
13.0162696838,80.259803772,66075,66106,31
13.0162696838,80.259803772,66106,66116,10
13.0159702301,80.2595977783,66116,66126,10
13.0154800415,80.259437561,66126,66136,10
13.0146999359,80.2593307495,66136,66146,10
13.0137996674,80.2593078613,66146,66156,10
13.0128097534,80.2592773438,66156,66166,10
13.0118398666,80.2592391968,66166,66176,10
13.0109195709,80.2592163086,66176,66186,10
13.0098600388,80.2593002319,66186,66207,21
13.0098600388,80.2593002319,66207,66217,10
13.0097503662,80.2593231201,66217,66227,10
13.0093097687,80.2592697144,66227,66237,10
13.0088300705,80.2592391968,66237,66247,10
13.0084199905,80.2592163086,66247,66257,10
13.007809639,80.2593307495,66257,66267,10
13.007349968,80.2591629028,66267,66277,10
13.0072002411,80.2588119507,66277,66287,10
13.0071697235,80.2586975098,66287,66297,10
13.0069904327,80.2583618164,66297,66308,11
13.0067300797,80.257850647,66308,66318,10
13.0066099167,80.2575912476,66318,66328,10
13.0065402985,80.2571868896,66328,66338,10
13.0065202713,80.2568283081,66338,66348,10
13.0065498352,80.2564163208,66348,66358,10
13.0065603256,80.2558288574,66358,66368,10
13.0065498352,80.255279541,66368,66378,10
13.0065498352,80.2546386719,66378,66388,10
13.006529808,80.254119873,66388,66398,10
13.0065402985,80.2534103394,66398,66580,182
13.006529808,80.2530212402,66580,66913,333
13.006529808,80.2530212402,66913,66923,10
13.006480217,80.2527313232,66923,66933,10
13.0065002441,80.2525100708,66933,66943,10
13.0065898895,80.2520370483,66943,67034,91
13.0065898895,80.2520370483,67034,67044,10
13.0066900253,80.2518234253,67044,67256,212
13.0066900253,80.2518234253,67256,67266,10
13.0068397522,80.251411438,67266,67276,10
13.0067996979,80.2509384155,67276,67387,111
13.0067195892,80.2505722046,67387,67448,61
13.0067195892,80.2505722046,67448,67458,10
13.0066900253,80.2502670288,67458,67468,10
13.0066795349,80.2498626709,67468,67478,10
13.0066699982,80.2495498657,67478,67488,10
13.0066699982,80.2493896484,67488,67589,101
13.0066699982,80.2493896484,67589,67599,10
13.0066699982,80.2491989136,67599,67609,10
13.0066404343,80.2488174438,67609,67619,10
13.0066003799,80.2484817505,67619,67630,11
13.0066099167,80.2481231689,67630,67640,10
13.0066099167,80.2476806641,67640,67751,111
13.0066099167,80.2476806641,67751,67761,10
13.0066604614,80.2474975586,67761,67771,10
13.0066699982,80.2470779419,67771,67781,10
13.0066204071,80.2466201782,67781,67842,61
13.0066204071,80.2462387085,67842,67902,60
13.0066204071,80.2462387085,67902,67912,10
13.0066003799,80.2457580566,67912,67932,20
13.0066003799,80.2457580566,67932,67942,10
13.0066204071,80.2455062866,67942,67953,11
13.0066099167,80.2452926636,67953,67963,10
13.0066003799,80.2450790405,67963,67973,10
13.0066003799,80.2450408936,67973,67983,10
13.0065803528,80.2447433472,67983,67993,10
13.0065803528,80.2445373535,67993,68003,10
13.0065803528,80.2440719604,68003,68023,20
13.0065803528,80.2440719604,68023,68033,10
13.0066003799,80.2437286377,68033,68043,10
13.0065803528,80.2435073853,68043,68053,10
13.0065803528,80.2432327271,68053,68064,11
13.0065402985,80.2429275513,68064,68074,10
13.006529808,80.242477417,68074,68084,10
13.0065002441,80.2418899536,68084,68094,10
13.0065002441,80.2416992188,68094,68104,10
13.0065097809,80.2414703369,68104,68114,10
13.0065898895,80.2407608032,68114,68154,40
13.0066204071,80.2404937744,68154,68225,71
13.0066204071,80.2404937744,68225,68235,10
13.0067195892,80.2401199341,68235,68245,10
13.0068502426,80.2396316528,68245,68255,10
13.0069904327,80.2389373779,68255,68265,10
13.0071201324,80.2381820679,68265,68275,10
13.0072603226,80.2376937866,68275,68286,11
13.0073604584,80.2368392944,68286,68306,20
13.0073604584,80.2368392944,68306,68316,10
13.0074300766,80.236618042,68316,68326,10
13.0075101852,80.2362670898,68326,68336,10
13.0076303482,80.2356262207,68336,68346,10
13.0077600479,80.2348937988,68346,68356,10
13.0079202652,80.2341766357,68356,68366,10
13.0081596375,80.233039856,68366,68376,10
13.0083398819,80.2321624756,68376,68386,10
13.008480072,80.2313766479,68386,68397,11
13.0086603165,80.2304000854,68397,68407,10
13.0088701248,80.2294769287,68407,68417,10
13.0090398788,80.2286224365,68417,68427,10
13.0092201233,80.2279968262,68427,68437,10
13.0094804764,80.2274398804,68437,68447,10
13.0097799301,80.2267303467,68447,68457,10
13.0101003647,80.2260818481,68457,68467,10
13.0102500916,80.2257766724,68467,68477,10
13.0102596283,80.2257614136,68477,68487,10
13.0104398727,80.2254180908,68487,68498,11
13.0104799271,80.2253265381,68498,68508,10
13.0106096268,80.2250900269,68508,68518,10
13.0107603073,80.2247924805,68518,68528,10
13.0108604431,80.2244796753,68528,68538,10
13.0110998154,80.2239227295,68538,68548,10
13.0112400055,80.2235183716,68548,68609,61
13.0112400055,80.2235183716,68609,68619,10
13.0111999512,80.2232589722,68619,68629,10
13.0113801956,80.2229232788,68629,68639,10
13.0116701126,80.2222366333,68639,68649,10
13.0120296478,80.2215499878,68649,68659,10
13.0123500824,80.2216033936,68659,68669,10
13.0127096176,80.2221221924,68669,68679,10
13.012960434,80.2224731445,68679,68689,10
13.0133199692,80.2228317261,68689,68699,10
13.0136404037,80.2231369019,68699,68709,10
13.0139799118,80.2234573364,68709,68740,31
13.0139799118,80.2234573364,68740,68750,10
13.0142698288,80.2238006592,68750,68760,10
13.014670372,80.2242431641,68760,68770,10
13.0151996613,80.2248382568,68770,68780,10
13.0155601501,80.225112915,68780,68810,30
13.0155601501,80.225112915,68810,68820,10
13.0156602859,80.2251281738,68820,68831,11
13.0159597397,80.2253799438,68831,68841,10
13.0164299011,80.225402832,68841,68851,10
13.0170402527,80.2251968384,68851,68861,10
13.017660141,80.224937439,68861,68871,10
13.0183696747,80.2246627808,68871,68881,10
13.0188999176,80.2244567871,68881,68891,10
13.0193796158,80.2244262695,68891,68900,9
13.0194997787,80.2245025635,68900,68910,10
13.0196800232,80.2246170044,68910,68921,11
13.0200595856,80.2248764038,68921,68931,10
13.020529747,80.2252197266,68931,68942,11
13.0210599899,80.2256011963,68942,68952,10
13.0214996338,80.2259521484,68952,68962,10
13.0220403671,80.2262878418,68962,68992,30
13.0220403671,80.2262878418,68992,69002,10
13.0220603943,80.2263183594,69002,69012,10
13.0222396851,80.2264785767,69012,69022,10
13.0225696564,80.2267684937,69022,69032,10
13.0228099823,80.2269821167,69032,69042,10
13.0229597092,80.2271575928,69042,69053,11
13.0231304169,80.2273406982,69053,69063,10
13.0232496262,80.2274627686,69063,69079,16
13.0233898163,80.2275772095,69079,69091,12
13.0236597061,80.2277984619,69091,69101,10
13.0240001678,80.2280807495,69101,69111,10
13.0242004395,80.2283096313,69111,69119,8
13.0243501663,80.2285385132,69119,69130,11
13.0245399475,80.2288208008,69130,69141,11
13.024769783,80.2291488647,69141,69151,10
13.0249996185,80.2294616699,69151,69161,10
13.0252199173,80.2297134399,69161,69212,51
13.0252199173,80.2297134399,69212,69222,10
13.025349617,80.229850769,69222,69232,10
13.0255098343,80.2300872803,69232,69242,10
13.0256795883,80.2303390503,69242,69252,10
13.0257701874,80.2305221558,69252,69262,10
13.0258703232,80.230796814,69262,69272,10
13.0259599686,80.231048584,69272,69283,11
13.0260601044,80.2314300537,69283,69293,10
13.0264101028,80.2313690186,69293,69303,10
13.0270204544,80.2312011719,69303,69313,10
13.0277004242,80.231048584,69313,69323,10
13.0282201767,80.2310180664,69323,69333,10
13.0284700394,80.2309875488,69333,69343,10
13.0284795761,80.2309875488,69343,69353,10
13.0286798477,80.23097229,69353,69363,10
13.0289497375,80.2309570313,69363,69373,10
13.029250145,80.2309417725,69373,69424,51
13.029250145,80.2309417725,69424,69434,10
13.0294799805,80.2309570313,69434,69444,10
13.0298900604,80.2309036255,69444,69535,91
13.0298900604,80.2309036255,69535,69545,10
13.0303897858,80.2308425903,69545,69555,10
13.0305204391,80.2308273315,69555,69565,10
13.0306501389,80.2308273315,69565,69575,10
13.0307197571,80.2308197021,69575,69585,10
13.031080246,80.2307815552,69585,69595,10
13.0316896439,80.230758667,69595,69606,11
13.0322399139,80.2306976318,69606,69616,10
13.0327396393,80.2306671143,69616,69626,10
13.0332298279,80.2306365967,69626,69636,10
13.0337295532,80.2305908203,69636,69646,10
13.0338001251,80.2305831909,69646,69656,10
13.0338602066,80.2305831909,69656,69686,30
13.0338602066,80.2305831909,69686,69696,10
13.0337600708,80.2305374146,69696,69706,10
13.0337600708,80.2304992676,69706,69717,11
13.0339603424,80.2303619385,69717,69727,10
13.0345096588,80.2304382324,69727,69767,40
13.0345096588,80.2304382324,69767,69777,10
13.0347995758,80.2303390503,69777,69787,10
13.0349197388,80.2302703857,69787,69797,10
13.0348796844,80.2300796509,69797,69807,10
13.0345497131,80.2300796509,69807,69868,61
13.0341796875,80.2300491333,69868,70292,424
13.0341501236,80.230430603,70292,70373,81
13.0341501236,80.230430603,70373,70383,10
13.0338001251,80.2304992676,70383,70393,10
13.0334796906,80.2305297852,70393,70413,20
13.0334796906,80.2305297852,70413,70423,10
13.0331001282,80.2305679321,70423,70433,10
13.0326499939,80.2305984497,70433,70443,10
13.0321598053,80.2306594849,70443,70453,10
13.0316095352,80.2306976318,70453,70463,10
13.031080246,80.2307281494,70463,70473,10
13.03083992,80.230758667,70473,70484,11
13.0305299759,80.2307891846,70484,70494,10
13.0302801132,80.2308120728,70494,70504,10
13.0297803879,80.2309036255,70504,70524,20
13.0297803879,80.2309036255,70524,70534,10
13.0295000076,80.2309265137,70534,70544,10
13.0289096832,80.2309570313,70544,70554,10
13.0282802582,80.2310028076,70554,70564,10
13.0277004242,80.2310714722,70564,70573,9
13.0276603699,80.2314682007,70573,70583,10
13.0277204514,80.2320709229,70583,70595,12
13.0278396606,80.2327194214,70595,70605,10
13.0275402069,80.2329177856,70605,70615,10
13.0270795822,80.2329788208,70615,70625,10
13.0268497467,80.2330322266,70625,70635,10
13.0265798569,80.2330474854,70635,70645,10
13.0263996124,80.2329483032,70645,70655,10
13.0262203217,80.2325286865,70655,70665,10
13.0261001587,80.2321090698,70665,70675,10
13.0260095596,80.2317581177,70675,70685,10
13.0259199142,80.2313766479,70685,70695,10
13.0257396698,80.2308120728,70695,70706,11
13.0253896713,80.2302017212,70706,70716,10
13.0251197815,80.2298431396,70716,70756,40
13.0251197815,80.2298431396,70756,70766,10
13.0250301361,80.2296905518,70766,70782,16
13.0247802734,80.2293777466,70782,70794,12
13.0245599747,80.2291030884,70794,70802,8
13.0243701935,80.2287979126,70802,70814,12
13.0239295959,80.2283325195,70814,70835,21
13.0239295959,80.2283325195,70835,70845,10
13.0237598419,80.2280731201,70845,70855,10
13.0235795975,80.2278823853,70855,70865,10
13.0233001709,80.2276229858,70865,70875,10
13.0230302811,80.2273406982,70875,70885,10
13.0225496292,80.2268981934,70885,70895,10
13.022310257,80.2266616821,70895,70905,10
13.0220098495,80.2263870239,70905,70915,10
13.0215196609,80.2260131836,70915,70926,11
13.0209302902,80.2255401611,70926,70936,10
13.0203199387,80.2251281738,70936,70946,10
13.0195798874,80.224647522,70946,70956,10
13.0186195374,80.224609375,70956,70966,10
13.0176801682,80.2249908447,70966,70976,10
13.0169496536,80.2252883911,70976,70986,10
13.0166196823,80.225440979,70986,70996,10
13.0163602829,80.2255477905,70996,71006,10
13.0159797668,80.2257003784,71006,71016,10
13.0154800415,80.2258682251,71016,71026,10
13.0148601532,80.2260971069,71026,71037,11
13.0141801834,80.2263717651,71037,71067,30
13.0141801834,80.2263717651,71067,71077,10
13.0138702393,80.2264785767,71077,71087,10
13.0133199692,80.2266998291,71087,71097,10
13.0125598907,80.2269973755,71097,71107,10
13.0117397308,80.2273025513,71107,71117,10
13.0108804703,80.2276382446,71117,71127,10
13.0100603104,80.2279815674,71127,71137,10
13.0093002319,80.228302002,71137,71148,11
13.0090198517,80.2289962769,71148,71158,10
13.0088596344,80.229888916,71158,71168,10
13.0086803436,80.2309112549,71168,71178,10
13.0084695816,80.2320327759,71178,71188,10
13.0082597733,80.2331619263,71188,71198,10
13.0081996918,80.2335968018,71198,71208,10
13.0081796646,80.2336425781,71208,71218,10
13.008099556,80.2339630127,71218,71228,10
13.0080299377,80.2344589233,71228,71238,10
13.0079202652,80.2349472046,71238,71248,10
13.007900238,80.2350234985,71248,71265,17
13.0077800751,80.2356796265,71265,71277,12
13.0077104568,80.236000061,71277,71287,10
13.0076198578,80.2364196777,71287,71297,10
13.007519722,80.2368392944,71297,71307,10
13.0074501038,80.2372665405,71307,71317,10
13.0073795319,80.2375183105,71317,71327,10
13.007349968,80.2377090454,71327,71337,10
13.0072803497,80.2381591797,71337,71347,10
13.0071601868,80.2387237549,71347,71357,10
13.0070695877,80.2392120361,71357,71489,132
13.0070695877,80.2392120361,71489,71499,10
13.0070695877,80.2394485474,71499,71509,10
13.0069503784,80.2397689819,71509,71519,10
13.0067901611,80.2406463623,71519,71539,20
13.0067901611,80.2406463623,71539,71549,10
13.0067796707,80.2408676147,71549,71559,10
13.0067300797,80.2411880493,71559,71569,10
13.0066995621,80.2417831421,71569,71579,10
13.0066900253,80.2424697876,71579,71590,11
13.0066699982,80.2429122925,71590,71600,10
13.0066604614,80.2431716919,71600,71610,10
13.006649971,80.2434310913,71610,71620,10
13.0066299438,80.2437973022,71620,71640,20
13.0066299438,80.2437973022,71640,71650,10
13.0066003799,80.2441101074,71650,71660,10
13.0066204071,80.2445983887,71660,71670,10
13.0066299438,80.2450408936,71670,71680,10
13.0066404343,80.2453079224,71680,71690,10
13.006649971,80.2456207275,71690,71701,11
13.0066699982,80.2460708618,71701,71711,10
13.0066795349,80.2464981079,71711,71721,10
13.0066995621,80.2468032837,71721,71731,10
13.0067396164,80.2471008301,71731,71741,10
13.0066995621,80.2474212646,71741,71751,10
13.0066795349,80.2479171753,71751,71761,10
13.0066900253,80.248588562,71761,71771,10
13.0068302155,80.2495574951,71771,71791,20
13.0068302155,80.2495574951,71791,71801,10
13.006819725,80.2498092651,71801,71812,11
13.0067396164,80.2503509521,71812,71822,10
13.0067195892,80.2510986328,71822,71832,10
13.0066299438,80.251739502,71832,71842,10
13.0065002441,80.2524337769,71842,71852,10
13.0065097809,80.2530975342,71852,71862,10
13.0065202713,80.2538833618,71862,71872,10
13.0065698624,80.2546310425,71872,71882,10
13.0065803528,80.255279541,71882,71892,10
13.0066003799,80.256072998,71892,71902,10
13.0066204071,80.2570419312,71902,71923,21
13.0066204071,80.2570419312,71923,71933,10
13.0066003799,80.2571182251,71933,71943,10
13.0066404343,80.257522583,71943,71953,10
13.0069799423,80.2581863403,71953,71963,10
13.007399559,80.2586212158,71963,71973,10
13.0076599121,80.2587127686,71973,71983,10
13.0079202652,80.2588424683,71983,71993,10
13.0084896088,80.2590637207,71993,72003,10
13.009180069,80.2591323853,72003,72013,10
13.0100898743,80.2591400146,72013,72023,10
13.0111503601,80.2591400146,72023,72034,11
13.0123195648,80.2591629028,72034,72044,10
13.0134401321,80.2592086792,72044,72054,10
13.0145397186,80.2592468262,72054,72064,10
13.0155601501,80.2593536377,72064,72080,16
13.016409874,80.2597579956,72080,72092,12
13.0164203644,80.2597579956,72092,72102,10
13.0166196823,80.2599411011,72102,72112,10
13.0167598724,80.2600402832,72112,72122,10
13.01720047,80.2603378296,72122,72132,10
13.017829895,80.2607803345,72132,72143,11
13.0186100006,80.2612991333,72143,72153,10
13.0189599991,80.2616119385,72153,72163,10
13.0192203522,80.2618026733,72163,72173,10
13.0195198059,80.2621078491,72173,72183,10
13.0199604034,80.2625427246,72183,72193,10
13.0202302933,80.2627410889,72193,72203,10
13.0203399658,80.262802124,72203,72213,10
13.0207300186,80.2629394531,72213,72223,10
13.0212001801,80.2630767822,72223,72233,10
13.0217599869,80.2632980347,72233,72244,11
13.0221700668,80.2634887695,72244,72253,9
13.0229301453,80.2638931274,72253,72274,21
13.0229301453,80.2638931274,72274,72284,10
13.0232400894,80.2641067505,72284,72294,10
13.0237102509,80.2643585205,72294,72304,10
13.024310112,80.2647171021,72304,72314,10
13.0246801376,80.2649993896,72314,72324,10
13.0250396729,80.2652816772,72324,72334,10
13.0255403519,80.2656021118,72334,72344,10
13.0260295868,80.2658691406,72344,72355,11
13.0262899399,80.2657470703,72355,72365,10
13.0263004303,80.2653427124,72365,72375,10
13.0263900757,80.264793396,72375,72385,10
13.0264396667,80.2641983032,72385,72395,10
13.0264596939,80.2641067505,72395,72405,10
13.0265197754,80.2638092041,72405,72421,16
13.0265798569,80.2634811401,72421,72433,12
13.0269603729,80.2635192871,72433,72443,10
13.0271997452,80.2635421753,72443,72453,10
13.0276203156,80.2636566162,72453,72463,10
13.0281000137,80.2637863159,72463,72474,11
13.0282201767,80.2638168335,72474,72483,9
13.028380394,80.2638778687,72483,72494,11
13.0286302567,80.2639312744,72494,72504,10
13.0288801193,80.263999939,72504,72513,9
13.0291700363,80.2641067505,72513,72524,11
13.0292396545,80.2644729614,72524,72534,10
13.0292301178,80.2649307251,72534,72544,10
13.0292196274,80.2654876709,72544,72554,10
13.0292301178,80.2659988403,72554,72563,9
13.0292301178,80.2660217285,72563,72575,12
13.0292100906,80.2661437988,72575,72585,10
13.0291404724,80.2664718628,72585,72605,20
13.0291404724,80.2664718628,72605,72615,10
13.0295095444,80.2666397095,72615,72625,10
13.0296297073,80.2666397095,72625,72635,10
13.0299797058,80.2667007446,72635,72645,10
13.0304298401,80.2667617798,72645,72655,10
13.0309400558,80.2668380737,72655,72665,10
13.0315303802,80.2670593262,72665,72675,10
13.0320501328,80.2673110962,72675,72686,11
13.0322599411,80.2674179077,72686,72696,10
13.0325899124,80.267616272,72696,72706,10
13.0328798294,80.2677383423,72706,72716,10
13.0332298279,80.2678070068,72716,72726,10
13.0338001251,80.2679519653,72726,72766,40
13.0338001251,80.2679519653,72766,72776,10
13.034119606,80.2680282593,72776,72786,10
13.0344800949,80.2680435181,72786,72847,61
13.0344800949,80.2680435181,72847,72857,10
13.034239769,80.268081665,72857,72867,10
13.0339803696,80.2680282593,72867,72887,20
13.0339803696,80.2680282593,72887,72897,10
13.0335597992,80.2679519653,72897,72948,51
13.0332098007,80.2678222656,72948,72988,40
13.0332098007,80.2678222656,72988,72998,10
13.0327796936,80.2677764893,72998,73008,10
13.0325803757,80.2676315308,73008,73019,11
13.0322999954,80.2674331665,73019,73029,10
13.0319404602,80.2672729492,73029,73039,10
13.0315799713,80.2670822144,73039,73049,10
13.0309896469,80.2669296265,73049,73059,10
13.0304498672,80.2668380737,73059,73069,10
13.0299501419,80.2667617798,73069,73079,10
13.0299100876,80.2667388916,73079,73089,10
13.0296697617,80.2666778564,73089,73099,10
13.0293798447,80.2666397095,73099,73313,214
13.0235300064,80.264213562,73313,73326,13
13.023059845,80.2639389038,73326,73336,10
13.0226402283,80.2637329102,73336,73346,10
13.0221796036,80.2635269165,73346,73378,32
13.0221796036,80.2635269165,73378,73388,10
13.0217199326,80.2632904053,73388,73398,10
13.0213298798,80.2631530762,73398,73408,10
13.0207004547,80.2630996704,73408,73418,10
13.0202703476,80.2630767822,73418,73428,10
13.0198698044,80.2630386353,73428,73438,10
13.0193500519,80.2629699707,73438,73448,10
13.018989563,80.2629089355,73448,73458,10
13.0188703537,80.2623519897,73458,73469,11
13.0187597275,80.2616500854,73469,73479,10
13.0185899734,80.2613067627,73479,73489,10
13.0180702209,80.2609634399,73489,73499,10
13.017539978,80.2605895996,73499,73509,10
13.016960144,80.2602005005,73509,73518,9
13.015999794,80.2596969604,73518,73539,21
13.015999794,80.2596969604,73539,73548,9
13.0157699585,80.2595977783,73548,73558,10
13.0152196884,80.2594223022,73558,73569,11
13.0144300461,80.2593383789,73569,73580,11
13.0135002136,80.2593078613,73580,73590,10
13.0125598907,80.2592773438,73590,73600,10
13.0116996765,80.2592468262,73600,73610,10
13.0109796524,80.2592391968,73610,73620,10
13.0103302002,80.2592926025,73620,73630,10
13.0098495483,80.2593231201,73630,73640,10
13.0097103119,80.2593002319,73640,73650,10
13.0094804764,80.2592773438,73650,73660,10
13.0090398788,80.259262085,73660,73670,10
13.0087404251,80.2592315674,73670,73681,11
13.0082998276,80.2592391968,73681,73691,10
13.0077896118,80.2593383789,73691,73701,10
13.007399559,80.2593536377,73701,73711,10
13.0072002411,80.2588729858,73711,73720,9
13.0071601868,80.2587738037,73720,73731,11
13.0071001053,80.2586135864,73731,73741,10
13.0068798065,80.2582321167,73741,73751,10
13.0066204071,80.2577896118,73751,73822,71
13.0066204071,80.2577896118,73822,73832,10
13.0064496994,80.2577896118,73832,73842,10
13.0064401627,80.2573928833,73842,73852,10
13.0064401627,80.2569732666,73852,73862,10
13.0064296722,80.2563171387,73862,73872,10
13.0064496994,80.2555770874,73872,73882,10
13.0064897537,80.2550582886,73882,73892,10
13.0064496994,80.2542572021,73892,73903,11
13.0064601898,80.2534408569,73903,73913,10
13.0064401627,80.2531585693,73913,73923,10
13.0064401627,80.253036499,73923,73933,10
13.006480217,80.2523193359,73933,73983,50
13.006480217,80.2523193359,73983,73993,10
13.0065202713,80.2521591187,73993,74003,10
13.0065898895,80.2518386841,74003,74014,11
13.0066795349,80.251159668,74014,74024,10
13.0066604614,80.2504425049,74024,74034,10
13.006649971,80.2497711182,74034,74044,10
13.0066604614,80.2495269775,74044,74054,10
13.0066404343,80.2489929199,74054,74064,10
13.0065698624,80.2482223511,74064,74084,20
13.0065698624,80.2482223511,74084,74094,10
13.0065603256,80.2480392456,74094,74104,10
13.0065402985,80.2476196289,74104,74114,10
13.0065498352,80.2468109131,74114,74135,21
13.0065498352,80.2468109131,74135,74145,10
13.0065202713,80.2466964722,74145,74155,10
13.0065698624,80.2463378906,74155,74165,10
13.0065803528,80.2458267212,74165,74175,10
13.0065698624,80.2451477051,74175,74185,10
13.006529808,80.2445297241,74185,74195,10
13.006529808,80.2439727783,74195,74205,10
13.006529808,80.243598938,74205,74215,10
13.0065202713,80.2431488037,74215,74225,10
13.0065002441,80.2425384521,74225,74236,11
13.0064897537,80.2417526245,74236,74246,10
13.0065002441,80.2416229248,74246,74256,10
13.0065402985,80.2411193848,74256,74266,10
13.0066900253,80.2403717041,74266,74276,10
13.0068998337,80.2394790649,74276,74286,10
13.0070896149,80.2384033203,74286,74296,10
13.0072603226,80.2376022339,74296,74306,10
13.0073299408,80.2369308472,74306,74316,10
13.007349968,80.2368469238,74316,74326,10
13.0074701309,80.2364730835,74326,74336,10
13.0075998306,80.2358627319,74336,74347,11
13.0077495575,80.2350692749,74347,74357,10
13.0079097748,80.2342376709,74357,74367,10
13.0081100464,80.2332611084,74367,74377,10
13.008310318,80.2322463989,74377,74387,10
13.0084896088,80.2312774658,74387,74397,10
13.008649826,80.2304077148,74397,74407,10
13.0088300705,80.2295227051,74407,74417,10
13.0089797974,80.2286987305,74417,74427,10
13.0092096329,80.2279205322,74427,74437,10
13.0095596313,80.2271270752,74437,74447,10
13.0099096298,80.2264022827,74447,74458,11
13.0102596283,80.2256774902,74458,74468,10
13.0105495453,80.2250518799,74468,74478,10
13.0107002258,80.2247467041,74478,74488,10
13.0109195709,80.2241821289,74488,74498,10
13.0111703873,80.2236328125,74498,74508,10
13.0114402771,80.2230072021,74508,74518,10
13.0116901398,80.2223815918,74518,74528,10
13.0120000839,80.2216262817,74528,74538,10
13.0123300552,80.2217330933,74538,74548,10
13.012840271,80.222366333,74548,74558,10
13.0134000778,80.2229614258,74558,74569,11
13.0139598846,80.2236404419,74569,74579,10
13.0144395828,80.2242431641,74579,74589,10
13.0149402618,80.2247085571,74589,74599,10
13.0152101517,80.224937439,74599,74619,20
13.0152101517,80.224937439,74619,74629,10
13.0153903961,80.2250366211,74629,74639,10
13.0156297684,80.2252426147,74639,74649,10
13.0159397125,80.2254104614,74649,74659,10
13.016409874,80.2254104614,74659,74669,10
13.0170497894,80.2251815796,74669,74680,11
13.0180101395,80.2247695923,74680,74690,10
13.018910408,80.2244491577,74690,74700,10
13.0197200775,80.2245864868,74700,74710,10
13.0202198029,80.2249832153,74710,74720,10
13.0206804276,80.2253265381,74720,74730,10
13.0211400986,80.225692749,74730,74740,10
13.0219497681,80.2262573242,74740,74760,20
13.0219497681,80.2262573242,74760,74770,10
13.0220403671,80.2263717651,74770,74781,11
13.0223197937,80.2266387939,74781,74791,10
13.0228004456,80.2270584106,74791,74801,10
13.0232400894,80.2274780273,74801,74811,10
13.0237102509,80.2278823853,74811,74821,10
13.024140358,80.2283630371,74821,74831,10
13.0244998932,80.2288513184,74831,74841,10
13.0248298645,80.229309082,74841,74851,10
13.0252399445,80.2298278809,74851,74861,10
13.025639534,80.2304000854,74861,74871,10
13.0258798599,80.2307434082,74871,74881,10
13.0259199142,80.2309188843,74881,74892,11
13.0259799957,80.2312316895,74892,74902,10
13.0261201859,80.2314300537,74902,74912,10
13.0266799927,80.2312774658,74912,74922,10
13.0274200439,80.2311019897,74922,74932,10
13.0284700394,80.2309417725,74932,74952,20
13.0284700394,80.2309417725,74952,74962,10
13.0286397934,80.2309112549,74962,74972,10
13.0293998718,80.2308578491,74972,75023,51
13.0293998718,80.2308578491,75023,75033,10
13.0295696259,80.2308578491,75033,75043,10
13.0300502777,80.2308120728,75043,75053,10
13.030579567,80.2307662964,75053,75063,10
13.0310697556,80.2307281494,75063,75073,10
13.03166008,80.230682373,75073,75083,10
13.0322399139,80.2306289673,75083,75093,10
13.0328798294,80.2305908203,75093,75103,10
13.0334501266,80.2305221558,75103,75114,11
13.0340900421,80.2304992676,75114,75124,10
13.0345897675,80.2304229736,75124,75134,10
13.0349397659,80.2302017212,75134,75144,10
13.0347499847,80.2300567627,75144,75154,10
13.0342998505,80.2300415039,75154,75758,604
13.0340900421,80.2303466797,75758,75789,31
13.0340900421,80.2303466797,75789,75799,10
13.0337696075,80.2304992676,75799,75809,10
13.033490181,80.2305221558,75809,75819,10
13.0333595276,80.2305374146,75819,75829,10
13.0332899094,80.2305374146,75829,75839,10
13.0329999924,80.2305297852,75839,75849,10
13.0326004028,80.2305603027,75849,75859,10
13.03221035,80.2306137085,75859,75869,10
13.0317201614,80.2306594849,75869,75880,11
13.0310201645,80.23072052,75880,75890,10
13.0305404663,80.2307662964,75890,75900,10
13.0301103592,80.2308120728,75900,75910,10
13.0297403336,80.2308807373,75910,75920,10
13.0297203064,80.2308807373,75920,75930,10
13.0294599533,80.2309265137,75930,75940,10
13.0290298462,80.2309570313,75940,75950,10
13.028550148,80.2309875488,75950,75960,10
13.0280599594,80.231010437,75960,75976,16
13.0276603699,80.2313919067,75976,75989,13
13.0276699066,80.2319793701,75989,75999,10
13.0277795792,80.2324905396,75999,76009,10
13.0277004242,80.2328720093,76009,76019,10
13.0272102356,80.2329177856,76019,76029,10
13.0268297195,80.2329788208,76029,76059,30
13.0268297195,80.2329788208,76059,76069,10
13.0266704559,80.2331008911,76069,76079,10
13.0264797211,80.2331008911,76079,76089,10
13.026260376,80.2328720093,76089,76100,11
13.0261201859,80.2322921753,76100,76110,10
13.0259504318,80.2317199707,76110,76120,10
13.0258398056,80.2310409546,76120,76130,10
13.0255002975,80.2302627563,76130,76140,10
13.0250396729,80.2296066284,76140,76150,10
13.0245304108,80.2289810181,76150,76160,10
13.0239295959,80.2282867432,76160,76180,20
13.0239295959,80.2282867432,76180,76190,10
13.0238304138,80.2281112671,76190,76201,11
13.0236701965,80.2279434204,76201,76211,10
13.0233697891,80.2276229858,76211,76221,10
13.0231599808,80.2274169922,76221,76231,10
13.0227804184,80.2270736694,76231,76241,10
13.022190094,80.2265625,76241,76251,10
13.0216197968,80.2260894775,76251,76261,10
13.0211896896,80.2257385254,76261,76271,10
13.0207595825,80.225440979,76271,76281,10
13.02023983,80.2250900269,76281,76291,10
13.0195798874,80.2246322632,76291,76301,10
13.0189399719,80.2244567871,76301,76312,11
13.0181303024,80.2248001099,76312,76322,10
13.0173597336,80.2251434326,76322,76332,10
13.0167398453,80.225402832,76332,76342,10
13.0163898468,80.2255172729,76342,76352,10
13.0160598755,80.2256393433,76352,76362,10
13.0155897141,80.2257995605,76362,76372,10
13.0152597427,80.2259292603,76372,76382,10
13.0147895813,80.2261199951,76382,76392,10
13.0143299103,80.226272583,76392,76402,10
13.0142002106,80.2263336182,76402,76412,10
13.0139398575,80.2264404297,76412,76428,16
13.0129995346,80.2267913818,76428,76441,13
13.0121297836,80.2271194458,76441,76451,10
13.0115203857,80.2273635864,76451,76461,10
13.0105199814,80.2277832031,76461,76471,10
13.0098199844,80.2280578613,76471,76481,10
13.0091695786,80.2284622192,76481,76491,10
13.0089702606,80.2291793823,76491,76500,9
13.0087995529,80.2299575806,76500,76511,11
13.0086297989,80.2309417725,76511,76521,10
13.0084495544,80.231918335,76521,76531,10
13.0082998276,80.2327804565,76531,76542,11
13.0082197189,80.2333984375,76542,76552,10
13.008190155,80.2336120605,76552,76561,9
13.0081996918,80.2336502075,76561,76572,11
13.0081195831,80.2339019775,76572,76582,10
13.0080699921,80.2341079712,76582,76592,10
13.0079498291,80.2346878052,76592,76602,10
13.0078401566,80.2353286743,76602,76612,10
13.0076999664,80.236000061,76612,76622,10
13.0075302124,80.2367706299,76622,76632,10
13.0073204041,80.2376785278,76632,76643,11
13.0072002411,80.2384872437,76643,76653,10
13.0070104599,80.2391662598,76653,76663,10
13.0068302155,80.2401733398,76663,76733,70
13.0068302155,80.2401733398,76733,76743,10
13.006939888,80.2404174805,76743,76754,11
13.0068397522,80.2408218384,76754,76764,10
13.0067996979,80.2408599854,76764,76774,10
13.0066995621,80.2412414551,76774,76784,10
13.0066604614,80.2420120239,76784,76794,10
13.006649971,80.2429428101,76794,76804,10
13.0066204071,80.2438201904,76804,76814,10
13.0066204071,80.244720459,76814,76824,10
13.0066204071,80.245300293,76824,76834,10
13.0066299438,80.2454910278,76834,76844,10
13.0066404343,80.2456436157,76844,76854,10
13.006649971,80.2458724976,76854,76865,11
13.0066604614,80.2461776733,76865,76875,10
13.0066795349,80.2464675903,76875,76885,10
13.0066900253,80.2467422485,76885,76895,10
13.0066995621,80.2468414307,76895,76905,10
13.0067195892,80.2471389771,76905,76915,10
13.0066795349,80.2475585938,76915,76925,10
13.0066604614,80.2482223511,76925,76935,10
13.0066995621,80.248916626,76935,76945,10
13.0067901611,80.2495803833,76945,76955,10
13.0067996979,80.2496109009,76955,76965,10
13.0067796707,80.2500076294,76965,76976,11
13.0067501068,80.2506408691,76976,76986,10
13.0067195892,80.2513504028,76986,76996,10
13.0065498352,80.2520904541,76996,77006,10
13.006480217,80.2529067993,77006,77016,10
13.006480217,80.2537918091,77016,77026,10
13.0065498352,80.2547836304,77026,77036,10
13.0065603256,80.2557983398,77036,77046,10
13.0065498352,80.2565231323,77046,77056,10
13.0065803528,80.2571334839,77056,77066,10
13.0066003799,80.2572097778,77066,77076,10
13.0066404343,80.2574462891,77076,77087,11
13.0068101883,80.2579421997,77087,77097,10
13.0071697235,80.2584915161,77097,77107,10
13.007610321,80.2586975098,77107,77117,10
13.0076503754,80.2586975098,77117,77127,10
13.008020401,80.2588806152,77127,77137,10
13.0086402893,80.2590866089,77137,77147,10
13.0093202591,80.2591171265,77147,77157,10
13.0101804733,80.2591323853,77157,77167,10
13.011059761,80.2591171265,77167,77177,10
13.0120096207,80.2591171265,77177,77188,11
13.0131196976,80.2591629028,77188,77198,10
13.0140895844,80.2592010498,77198,77208,10
13.0149898529,80.2592391968,77208,77218,10
13.0158596039,80.2594299316,77218,77228,10
13.016289711,80.2596511841,77228,77238,10
13.0163602829,80.2596969604,77238,77248,10
13.0164899826,80.2598419189,77248,77258,10
13.0168199539,80.2601165771,77258,77268,10
13.0174503326,80.2605514526,77268,77278,10
13.0180997849,80.2610015869,77278,77288,10
13.0186700821,80.2613830566,77288,77299,11
13.0190696716,80.2617111206,77299,77309,10
13.0194396973,80.2620697021,77309,77319,10
13.0199098587,80.2625198364,77319,77329,10
13.0201101303,80.2626571655,77329,77339,10
13.02023983,80.2627487183,77339,77349,10
13.0207099915,80.2629089355,77349,77359,10
13.0213603973,80.2630996704,77359,77369,10
13.0219202042,80.263343811,77369,77379,10
13.0222396851,80.2634811401,77379,77389,10
13.0227003098,80.2637329102,77389,77399,10
13.0229301453,80.2638778687,77399,77409,10
13.023059845,80.2639770508,77409,77420,11
13.0234603882,80.264213562,77420,77430,10
13.0241603851,80.2645797729,77430,77440,10
13.024600029,80.2649078369,77440,77449,9
13.0249300003,80.2651824951,77449,77460,11
13.0255203247,80.2655487061,77460,77470,10
13.0260696411,80.26587677,77470,77480,10
13.0262403488,80.2656402588,77480,77490,10
13.0262498856,80.2651596069,77490,77500,10
13.0263004303,80.2647018433,77500,77510,10
13.0264196396,80.2640914917,77510,77521,11
13.0264596939,80.2639770508,77521,77531,10
13.0265197754,80.2636108398,77531,77541,10
13.0266895294,80.2633972168,77541,77551,10
13.0271396637,80.2634887695,77551,77561,10
13.0276498795,80.2636184692,77561,77571,10
13.0282297134,80.2637863159,77571,77581,10
13.0287704468,80.2639465332,77581,77591,10
13.0292301178,80.2641220093,77591,77601,10
13.0292301178,80.2645111084,77601,77611,10
13.0292100906,80.2650680542,77611,77628,17
13.0291500092,80.2660217285,77628,77640,12
13.0291595459,80.2661132813,77640,77650,10
13.0291404724,80.2662887573,77650,77660,10
13.0291900635,80.2666015625,77660,77670,10
13.0295495987,80.2666625977,77670,77680,10
13.0300397873,80.2667236328,77680,77690,10
13.0306596756,80.2667999268,77690,77700,10
13.0313501358,80.2669906616,77700,77710,10
13.0317296982,80.2671585083,77710,77719,9
13.0323600769,80.2674331665,77719,77730,11
13.0328397751,80.2677230835,77730,77741,11
13.0333995819,80.2678527832,77741,77751,10
13.0338001251,80.2679290771,77751,77771,20
13.0338001251,80.2679290771,77771,77781,10
13.0340595245,80.2679901123,77781,77791,10
13.034330368,80.2680282593,77791,77801,10
13.034529686,80.2680587769,77801,77811,10
13.0345096588,80.2682113647,77811,77841,30
13.0345096588,80.2682113647,77841,77852,11
13.0341501236,80.2680130005,77852,77862,10
13.033539772,80.2678833008,77862,77963,101
13.0332803726,80.2677230835,77963,78205,242
13.0332803726,80.2677230835,78205,78215,10
13.033080101,80.2677383423,78215,78225,10
13.0329399109,80.2677078247,78225,78235,10
13.0326700211,80.2676086426,78235,78245,10
13.0325202942,80.2674789429,78245,78255,10
13.0322999954,80.2673568726,78255,78265,10
13.0319404602,80.2671585083,78265,78275,10
13.0315599442,80.2669830322,78275,78285,10
13.0311002731,80.2668380737,78285,78296,11
13.0305404663,80.2667007446,78296,78306,10
13.0300502777,80.2666168213,78306,78316,10
13.0296602249,80.2665710449,78316,78326,10
13.0293598175,80.2665481567,78326,78336,10
13.0290899277,80.2664489746,78336,78352,16
13.0284996033,80.2663269043,78352,78364,12
13.0280895233,80.2662506104,78364,78374,10
13.0276098251,80.2661590576,78374,78384,10
13.0270004272,80.2660598755,78384,78394,10
13.0263795853,80.2659378052,78394,78445,51
13.0263795853,80.2659378052,78445,78455,10
13.0260400772,80.2658996582,78455,78465,10
13.0256795883,80.2656707764,78465,78475,10
13.0253400803,80.2654418945,78475,78485,10
13.0252799988,80.2654037476,78485,78495,10
13.0250701904,80.2652435303,78495,78506,11
13.0247297287,80.2649688721,78506,78516,10
13.0243501663,80.2646713257,78516,78526,10
13.0240497589,80.2644577026,78526,78536,10
13.0236701965,80.2642364502,78536,78546,10
13.0232200623,80.263999939,78546,78556,10
13.0226602554,80.2636566162,78556,78566,10
13.0222101212,80.2634429932,78566,78576,10
13.0221996307,80.2634429932,78576,78586,10
13.0219602585,80.2633285522,78586,78596,10
13.021780014,80.2632522583,78596,78606,10
13.0212602615,80.2630767822,78606,78617,11
13.0204401016,80.2630233765,78617,78627,10
13.0197896957,80.2629623413,78627,78637,10
13.0191698074,80.2629318237,78637,78647,10
13.0189199448,80.2627029419,78647,78657,10
13.018819809,80.262008667,78657,78667,10
13.0185403824,80.2613372803,78667,78677,10
13.0181303024,80.2610168457,78677,78687,10
13.0175199509,80.260597229,78687,78697,10
13.01679039,80.260093689,78697,78707,10
13.0160999298,80.2597198486,78707,78717,10
13.0160598755,80.2597122192,78717,78728,11
13.0159902573,80.2596817017,78728,78738,10
13.015540123,80.2595062256,78738,78749,11
13.014840126,80.2593612671,78749,78759,10
13.0140600204,80.2593307495,78759,78769,10
13.0132198334,80.2593002319,78769,78779,10
13.0123701096,80.2592773438,78779,78789,10
13.0115804672,80.2592468262,78789,78799,10
13.0107402802,80.2592391968,78799,78809,10
13.0099401474,80.2592926025,78809,78819,10
13.0098304749,80.2592773438,78819,78829,10
13.0094995499,80.2592086792,78829,78840,11
13.009059906,80.2591781616,78840,78850,10
13.0087404251,80.2591705322,78850,78860,10
13.0082902908,80.2591400146,78860,78870,10
13.0076303482,80.2593307495,78870,78880,10
13.0073604584,80.2590866089,78880,78890,10
13.0071802139,80.2586898804,78890,78900,10
13.0071201324,80.2585525513,78900,78910,10
13.0068902969,80.258140564,78910,78920,10
13.0066604614,80.2577896118,78920,78930,10
13.0066003799,80.2577209473,78930,78940,10
13.0064897537,80.2573394775,78940,78951,11
13.006529808,80.2566986084,78951,78961,10
13.0065202713,80.2559661865,78961,78971,10
13.0065603256,80.255317688,78971,78981,10
13.0065803528,80.2547607422,78981,78991,10
13.0065402985,80.2539520264,78991,79000,9
13.0065498352,80.2532577515,79000,79011,11
13.0065402985,80.2530593872,79011,79021,10
13.0065498352,80.2528610229,79021,79031,10
13.0065603256,80.252281189,79031,79051,20
13.0065603256,80.252281189,79051,79062,11
13.0065698624,80.2519683838,79062,79072,10
13.0067195892,80.2513580322,79072,79082,10
13.0067195892,80.2506790161,79082,79092,10
13.0067396164,80.2498474121,79092,79102,10
13.0067300797,80.2490463257,79102,79112,10
13.0066795349,80.2483825684,79112,79122,10
13.0066404343,80.2477722168,79122,79132,10
13.0066404343,80.2470932007,79132,79142,10
13.0066003799,80.2465362549,79142,79152,10
13.0066204071,80.2464828491,79152,79162,10
13.006649971,80.2462997437,79162,79179,17
13.0066699982,80.2452011108,79179,79191,12
13.0066604614,80.2442321777,79191,79201,10
13.0066404343,80.243598938,79201,79211,10
13.0065803528,80.2425994873,79211,79221,10
13.0065803528,80.241607666,79221,79230,9
13.0066900253,80.2409210205,79230,79240,10
13.0067996979,80.2403030396,79240,79251,11
13.0069103241,80.239440918,79251,79261,10
13.0070695877,80.2384796143,79261,79271,10
13.0072402954,80.2376708984,79271,79282,11
13.0073699951,80.236907959,79282,79293,11
13.0074100494,80.2367401123,79293,79303,10
13.007519722,80.2364120483,79303,79313,10
13.0076398849,80.2358779907,79313,79323,10
13.0077600479,80.2352600098,79323,79333,10
13.0078296661,80.2348327637,79333,79343,10
13.0079803467,80.234161377,79343,79353,10
13.0081596375,80.2332763672,79353,79363,10
13.0083599091,80.2322387695,79363,79373,10
13.0085802078,80.2310562134,79373,79383,10
13.0087995529,80.2299499512,79383,79394,11
13.0090198517,80.2288208008,79394,79404,10
13.00922966,80.2280197144,79404,79414,10
13.009519577,80.2273483276,79414,79424,10
13.0098800659,80.2265930176,79424,79434,10
13.010219574,80.2258605957,79434,79444,10
13.0105400085,80.2251434326,79444,79454,10
13.0108499527,80.2244415283,79454,79464,10
13.0112800598,80.2234420776,79464,79484,20
13.0112800598,80.2234420776,79484,79495,11
13.011300087,80.2233505249,79495,79505,10
13.0114202499,80.2230300903,79505,79515,10
13.0116500854,80.2224731445,79515,79525,10
13.0118503571,80.2218399048,79525,79535,10
13.0122203827,80.2214126587,79535,79545,10
13.0124998093,80.2217712402,79545,79555,10
13.0129899979,80.2223968506,79555,79565,10
13.0134601593,80.2229385376,79565,79575,10
13.0140199661,80.2235336304,79575,79585,10
13.0144701004,80.2240066528,79585,79595,10
13.0149803162,80.224571228,79595,79605,10
13.0152196884,80.2248001099,79605,79616,11
13.0154600143,80.2249679565,79616,79632,16
13.0155601501,80.2250289917,79632,79644,12
13.0158195496,80.2253036499,79644,79654,10
13.0164899826,80.2253570557,79654,79662,8
13.0171604156,80.225112915,79662,79674,12
13.0181999207,80.2246780396,79674,79684,10
13.0191898346,80.2243728638,79684,79694,10
13.0198497772,80.2245788574,79694,79704,10
13.0202999115,80.2249526978,79704,79715,11
13.0209598541,80.225440979,79715,79725,10
13.0216598511,80.2259597778,79725,79734,9
13.02202034,80.2261886597,79734,79745,11
13.0220403671,80.2262191772,79745,79755,10
13.0222797394,80.2264404297,79755,79765,10
13.0226602554,80.2267913818,79765,79775,10
13.0231704712,80.2272796631,79775,79785,10
13.0237598419,80.2278213501,79785,79795,10
13.0242395401,80.2282867432,79795,79805,10
13.0244598389,80.2285614014,79805,79815,10
13.0247001648,80.2289428711,79815,79826,11
13.0250597,80.2294464111,79826,79836,10
13.0254802704,80.2300033569,79836,79846,10
13.0258398056,80.2306213379,79846,79856,10
13.0259799957,80.2310562134,79856,79866,10
13.0260000229,80.2311782837,79866,79876,10
13.026049614,80.2313919067,79876,79886,10
13.0264701843,80.2312927246,79886,79896,10
13.0271501541,80.2311096191,79896,79906,10
13.0278701782,80.2309799194,79906,79922,16
13.0284996033,80.2309036255,79922,79934,12
13.0286598206,80.2309036255,79934,79945,11
13.0291700363,80.2308502197,79945,79953,8
13.0294904709,80.2308197021,79953,79965,12
13.0301704407,80.230758667,79965,79975,10
13.0307302475,80.2306976318,79975,79984,9
13.0311899185,80.2306594849,79984,79995,11
13.0317497253,80.2306289673,79995,80005,10
13.0320901871,80.2305908203,80005,80015,10
13.0326099396,80.2305297852,80015,80025,10
13.0331201553,80.2304992676,80025,80034,9
13.0336303711,80.23046875,80034,80046,12
13.0341901779,80.2304534912,80046,80056,10
13.0350103378,80.230140686,80056,80106,50
13.0350103378,80.230140686,80106,80116,10
13.0350999832,80.2298812866,80116,80126,10
13.0350999832,80.229850769,80126,80136,10
13.0347299576,80.2297821045,80136,80146,10
13.0344896317,80.2297668457,80146,80157,11
13.0342102051,80.2298431396,80157,80722,565
13.0341796875,80.230140686,80722,81033,311
13.034239769,80.23021698,81033,81345,312
13.034239769,80.23021698,81345,81356,11
13.0341396332,80.230506897,81356,83909,2553
13.0341396332,80.230506897,83909,83919,10
13.0339403152,80.2304992676,83919,83929,10
13.0331802368,80.2305221558,83929,84078,149
