13.075460434,80.2751693726,16,2924,2908
13.075460434,80.2751693726,2924,2934,10
13.0756702423,80.2750778198,2934,3349,415
13.0754804611,80.2749862671,3349,3916,567
13.0755796432,80.2751998901,3916,4271,355
13.0755195618,80.275062561,4271,5213,942
13.0755796432,80.275177002,5213,14777,9564
13.0755796432,80.275177002,14777,14787,10
13.075460434,80.2750701904,14787,16247,1460
13.0756597519,80.2751617432,16247,21150,4903
13.0756597519,80.2751617432,21150,21160,10
13.075799942,80.2750930786,21160,21171,11
13.0759096146,80.2754669189,21171,21181,10
13.0759000778,80.2761230469,21181,21241,60
13.0759000778,80.2761230469,21241,21252,11
13.0762701035,80.2763290405,21252,21262,10
13.0766801834,80.2762908936,21262,21272,10
13.0773601532,80.2762298584,21272,21282,10
13.0780897141,80.2760772705,21282,21292,10
13.0783195496,80.2754211426,21292,21302,10
13.0789699554,80.2751617432,21302,21312,10
13.0797595978,80.2753067017,21312,21322,10
13.0805797577,80.2752532959,21322,21332,10
13.0815000534,80.2751464844,21332,21373,41
13.0815000534,80.2751464844,21373,21383,10
13.0819597244,80.2752609253,21383,21961,578
13.0819597244,80.2752609253,21961,21971,10
13.0820999146,80.2756271362,21971,21991,20
13.0820999146,80.2756271362,21991,22001,10
13.0821399689,80.2758102417,22001,22011,10
13.0818996429,80.2759780884,22011,22021,10
13.0818004608,80.2761535645,22021,22032,11
13.0818004608,80.2763977051,22032,22042,10
13.0818996429,80.27709198,22042,22052,10
13.0820703506,80.2780303955,22052,22062,10
13.0827598572,80.2781219482,22062,22072,10
13.0832595825,80.2780990601,22072,22082,10
13.083439827,80.2782974243,22082,22092,10
13.0836000443,80.2787704468,22092,22102,10
13.0832004547,80.2789230347,22102,22113,11
13.0824298859,80.2785720825,22113,22123,10
13.0819597244,80.2780838013,22123,22133,10
13.081870079,80.2772827148,22133,22143,10
13.0817403793,80.2762985229,22143,22153,10
13.0815401077,80.2757034302,22153,22163,10
13.0815401077,80.2756195068,22163,22173,10
13.0815496445,80.2755203247,22173,22183,10
13.081489563,80.2752380371,22183,22194,11
13.0810699463,80.275177002,22194,22204,10
13.080499649,80.2752609253,22204,22214,10
13.0800104141,80.2753219604,22214,22224,10
13.0795202255,80.2752990723,22224,22234,10
13.0788497925,80.2751693726,22234,22244,10
13.0782804489,80.2756500244,22244,22254,10
13.0777797699,80.276222229,22254,22264,10
13.076789856,80.2762832642,22264,22275,11
13.0756998062,80.2763366699,22275,22285,10
13.0747804642,80.2763595581,22285,22295,10
13.0738096237,80.2764511108,22295,22305,10
13.0731697083,80.2760009766,22305,22315,10
13.072429657,80.2751617432,22315,22325,10
13.0715303421,80.2744827271,22325,22335,10
13.0708503723,80.2743377686,22335,22346,11
13.0705299377,80.2738037109,22346,22356,10
13.0701799393,80.2732162476,22356,22366,10
13.0696401596,80.2725906372,22366,22376,10
13.0690603256,80.2720184326,22376,22386,10
13.0685596466,80.2718582153,22386,22396,10
13.0682897568,80.2716598511,22396,22406,10
13.0679597855,80.2711410522,22406,22416,10
13.0673503876,80.2704772949,22416,22426,10
13.0665597916,80.26953125,22426,22437,11
13.0664396286,80.2686004639,22437,22447,10
13.0658798218,80.2678833008,22447,22457,10
13.065199852,80.267616272,22457,22467,10
13.0645799637,80.2674636841,22467,22477,10
13.0637302399,80.2673034668,22477,22487,10
13.0628595352,80.2671585083,22487,22497,10
13.0622901917,80.2665786743,22497,22508,11
13.0616998672,80.2658004761,22508,22518,10
13.0612096786,80.2652130127,22518,22528,10
13.0605697632,80.2652893066,22528,22538,10
13.059679985,80.2655487061,22538,22548,10
13.0586395264,80.2654190063,22548,22558,10
13.0580501556,80.2648162842,22558,22568,10
13.0579004288,80.263671875,22568,22578,10
13.057800293,80.2625198364,22578,22589,11
13.0576095581,80.2613601685,22589,22599,10
13.0572595596,80.2602005005,22599,22609,10
13.0568799973,80.2590026855,22609,22619,10
13.0566596985,80.2578964233,22619,22629,10
13.0565299988,80.257270813,22629,22639,10
13.0564699173,80.2569274902,22639,22649,10
13.056189537,80.2562637329,22649,22660,11
13.0555801392,80.2554016113,22660,22670,10
13.0547704697,80.2542800903,22670,22680,10
13.0540103912,80.2532730103,22680,22690,10
13.0532903671,80.252281189,22690,22700,10
13.0524997711,80.2512283325,22700,22710,10
13.0516700745,80.2503433228,22710,22720,10
13.0504903793,80.2499389648,22720,22730,10
13.0491399765,80.2497634888,22730,22741,11
13.0480604172,80.2494430542,22741,22751,10
13.0470895767,80.2486190796,22751,22761,10
13.0468397141,80.2485580444,22761,22771,10
13.0462703705,80.2484893799,22771,22781,10
13.0454702377,80.2482299805,22781,22791,10
13.044549942,80.248008728,22791,22801,10
13.0435199738,80.247833252,22801,22811,10
13.0423698425,80.2475585938,22811,22822,11
13.0410003662,80.2472763062,22822,22832,10
13.0397100449,80.2470397949,22832,22842,10
13.0386800766,80.2468185425,22842,22852,10
13.0377397537,80.2466430664,22852,22862,10
13.036860466,80.2464675903,22862,22872,10
13.0360202789,80.2463378906,22872,22882,10
13.0353603363,80.2460784912,22882,22892,10
13.0353002548,80.2460403442,22892,22903,11
13.0350503922,80.2459030151,22903,22913,10
13.0346603394,80.2453994751,22913,22923,10
13.0340995789,80.2447509766,22923,22933,10
13.0334997177,80.2439498901,22933,22943,10
13.0327196121,80.2429733276,22943,22953,10
13.0320596695,80.2420501709,22953,22963,10
13.0315904617,80.2410812378,22963,22973,10
13.0311698914,80.2401580811,22973,22994,21
13.0311698914,80.2401580811,22994,23004,10
13.031129837,80.240020752,23004,23014,10
13.0310096741,80.2397384644,23014,23024,10
13.0307197571,80.2391204834,23024,23034,10
13.0302295685,80.2382202148,23034,23044,10
13.0295600891,80.237159729,23044,23055,11
13.0284996033,80.236000061,23055,23065,10
13.0276203156,80.2347869873,23065,23075,10
13.0268697739,80.233581543,23075,23085,10
13.0265598297,80.2331085205,23085,23095,10
13.0263595581,80.2326431274,23095,23105,10
13.0261297226,80.2318725586,23105,23115,10
13.0258703232,80.2309570313,23115,23125,10
13.025349617,80.229927063,23125,23136,11
13.0246400833,80.2289962769,23136,23146,10
13.0246200562,80.2289581299,23146,23156,10
13.0243597031,80.2285995483,23156,23166,10
13.024140358,80.2283172607,23166,23176,10
13.0237798691,80.2278900146,23176,23186,10
13.0232896805,80.2274398804,23186,23196,10
13.0232696533,80.2274169922,23196,23206,10
13.0231599808,80.2272567749,23206,23217,11
13.0225801468,80.2266921997,23217,23227,10
13.0217399597,80.2259902954,23227,23237,10
13.0208101273,80.2253112793,23237,23247,10
13.0199203491,80.2247314453,23247,23257,10
13.0188102722,80.2244796753,23257,23267,10
13.0176696777,80.2249221802,23267,23277,10
13.0168399811,80.2252731323,23277,23287,10
13.0163097382,80.2255096436,23287,23298,11
13.0155601501,80.2257766724,23298,23308,10
13.0143499374,80.2262420654,23308,23328,20
13.0143499374,80.2262420654,23328,23338,10
13.0143003464,80.2262573242,23338,23348,10
13.0138902664,80.2264022827,23348,23358,10
13.0132703781,80.2266311646,23358,23368,10
13.0124597549,80.2269515991,23368,23379,11
13.0113697052,80.2274017334,23379,23389,10
13.0102596283,80.2278366089,23389,23399,10
13.0093002319,80.2283172607,23399,23409,10
13.009059906,80.2292709351,23409,23419,10
13.0088796616,80.2302932739,23419,23429,10
13.0087900162,80.23097229,23429,23439,10
13.0086803436,80.2314605713,23439,23449,10
13.0085401535,80.2320327759,23449,23460,11
13.0083799362,80.2327194214,23460,23470,10
13.0082902908,80.2334365845,23470,23480,10
13.0082197189,80.2336578369,23480,23490,10
13.0080699921,80.2343063354,23490,23500,10
13.0078897476,80.2352523804,23500,23510,10
13.0076398849,80.2364883423,23510,23520,10
13.0074300766,80.2378234863,23520,23531,11
13.0071496964,80.2391204834,23531,23541,10
13.0069799423,80.2399673462,23541,23551,10
13.0069198608,80.2403564453,23551,23561,10
13.0069103241,80.2405014038,23561,23571,10
13.0068597794,80.2406082153,23571,23581,10
13.0067796707,80.2410583496,23581,23591,10
13.0067396164,80.2416610718,23591,23601,10
13.0067195892,80.2425384521,23601,23612,11
13.0066795349,80.243637085,23612,23622,10
13.0066299438,80.2445907593,23622,23632,10
13.0066604614,80.2454223633,23632,23642,10
13.0066995621,80.2461624146,23642,23652,10
13.0067100525,80.2465591431,23652,23662,10
13.0067100525,80.2468338013,23662,23672,10
13.0066699982,80.2473220825,23672,23682,10
13.0062999725,80.2474212646,23682,23703,21
13.0062999725,80.2474212646,23703,23713,10
13.0059299469,80.2473373413,23713,23723,10
13.0051698685,80.2473373413,23723,23733,10
13.004070282,80.2474594116,23733,23743,10
13.0027503967,80.2477035522,23743,23753,10
13.0013103485,80.248046875,23753,23763,10
12.9997701645,80.2484207153,23763,23774,11
12.9981298447,80.2488632202,23774,23784,10
12.9977502823,80.2489624023,23784,23794,10
12.9972000122,80.2490692139,23794,23804,10
12.9962396622,80.2492904663,23804,23814,10
12.9949998856,80.2496185303,23814,23824,10
12.9935998917,80.2499923706,23824,23834,10
12.9922103882,80.2503204346,23834,23844,10
12.9912595749,80.250579834,23844,23855,11
12.991109848,80.250579834,23855,23865,10
12.9906301498,80.2506713867,23865,23875,10
12.9897899628,80.2508926392,23875,23885,10
12.9887599945,80.251159668,23885,23895,10
12.9882001877,80.2513504028,23895,23905,10
12.9881801605,80.2513580322,23905,23915,10
12.9877996445,80.2514419556,23915,23926,11
12.9871902466,80.2515869141,23926,23936,10
12.9863796234,80.2518234253,23936,23946,10
12.9854001999,80.2520523071,23946,23956,10
12.9842395782,80.2523574829,23956,23966,10
12.9829597473,80.2526397705,23966,23976,10
12.9816303253,80.2526931763,23976,23986,10
12.9804801941,80.2527618408,23986,23996,10
12.9800701141,80.252746582,23996,24007,11
12.9795799255,80.2527084351,24007,24017,10
12.9788103104,80.2526168823,24017,24027,10
12.9785995483,80.2525787354,24027,24037,10
12.9783096313,80.2523803711,24037,24047,10
12.9777002335,80.2518463135,24047,24057,10
12.9768600464,80.2513427734,24057,24067,10
12.9758396149,80.2510070801,24067,24077,10
12.9749202728,80.2507705688,24077,24088,11
12.9736404419,80.2504196167,24088,24098,10
12.972319603,80.250038147,24098,24108,10
12.9711904526,80.2497406006,24108,24118,10
12.9701795578,80.2493972778,24118,24128,10
12.96916008,80.2490081787,24128,24138,10
12.9680595398,80.2485809326,24138,24148,10
12.9669504166,80.2480773926,24148,24158,10
12.9660997391,80.2477035522,24158,24169,11
12.9652795792,80.2473831177,24169,24179,10
12.9652004242,80.2473373413,24179,24189,10
12.9649400711,80.247253418,24189,24199,10
12.9643096924,80.2470092773,24199,24209,10
12.9633798599,80.2466430664,24209,24219,10
12.9622802734,80.2461166382,24219,24229,10
12.9610500336,80.2455368042,24229,24239,10
12.9597997665,80.2450180054,24239,24249,10
12.9593200684,80.2447662354,24249,24260,11
12.9588603973,80.2444992065,24260,24270,10
12.9581003189,80.244178772,24270,24280,10
12.9574699402,80.2439498901,24280,24290,10
12.956609726,80.2436981201,24290,24300,10
12.956199646,80.2435379028,24300,24310,10
12.9554796219,80.2431716919,24310,24320,10
12.9547395706,80.2428283691,24320,24331,11
12.953789711,80.24243927,24331,24341,10
12.9527101517,80.2419815063,24341,24351,10
12.9517202377,80.2416381836,24351,24361,10
12.9516496658,80.2416000366,24361,24371,10
12.9512500763,80.2414398193,24371,24381,10
12.9504299164,80.2412033081,24381,24391,10
12.949379921,80.2408981323,24391,24402,11
12.9482297897,80.240447998,24402,24412,10
12.9473400116,80.2400970459,24412,24422,10
12.9471998215,80.240020752,24422,24432,10
12.9467802048,80.2398300171,24432,24442,10
12.9460000992,80.2394866943,24442,24452,10
12.945110321,80.2389526367,24452,24462,10
12.9442596436,80.2380828857,24462,24472,10
12.9432601929,80.2370605469,24472,24483,11
12.9419603348,80.2364120483,24483,24493,10
12.9404602051,80.2360305786,24493,24503,10
12.9398097992,80.2358169556,24503,24513,10
12.9398002625,80.2358093262,24513,24523,10
12.9393796921,80.2355270386,24523,24533,10
12.9387397766,80.2351837158,24533,24543,10
12.9376897812,80.2346878052,24543,24552,9
12.9363603592,80.2340621948,24552,24564,12
12.9350795746,80.2334594727,24564,24574,10
12.9340496063,80.2330093384,24574,24584,10
12.9338903427,80.2329406738,24584,24594,10
12.9334802628,80.2327575684,24594,24604,10
12.9326696396,80.232421875,24604,24614,10
12.9315595627,80.2320480347,24614,24624,10
12.930270195,80.2316436768,24624,24634,10
12.9289798737,80.2313537598,24634,24645,11
12.9275798798,80.2311630249,24645,24655,10
12.9263896942,80.2310333252,24655,24665,10
12.9261302948,80.2310028076,24665,24675,10
12.9257802963,80.2309570313,24675,24685,10
12.9250001907,80.2308578491,24685,24695,10
12.9239501953,80.2307128906,24695,24705,10
12.9227199554,80.2305374146,24705,24715,10
12.921380043,80.2303314209,24715,24726,11
12.920009613,80.2301712036,24726,24736,10
12.9186000824,80.2300033569,24736,24746,10
12.9172201157,80.2298126221,24746,24756,10
12.9158601761,80.229598999,24756,24766,10
12.914560318,80.2294311523,24766,24776,10
12.9135799408,80.2293319702,24776,24786,10
12.913479805,80.2293167114,24786,24796,10
12.9131298065,80.2292480469,24796,24807,11
12.9122400284,80.2291030884,24807,24817,10
12.9111700058,80.2289428711,24817,24827,10
12.9100503922,80.2287826538,24827,24837,10
12.908949852,80.2286071777,24837,24847,10
12.9078702927,80.2284393311,24847,24857,10
12.906999588,80.2283401489,24857,24867,10
12.9068698883,80.2283325195,24867,24878,11
12.9067296982,80.2283096313,24878,24888,10
12.906080246,80.2282562256,24888,24898,10
12.9051198959,80.2281799316,24898,24908,10
12.9039697647,80.2281112671,24908,24918,10
12.9028301239,80.2280578613,24918,24928,10
12.9018201828,80.2279968262,24928,24938,10
12.9013204575,80.2279815674,24938,24948,10
12.9006795883,80.2279434204,24948,24959,11
12.8997297287,80.227897644,24959,24979,20
12.8997297287,80.227897644,24979,24989,10
12.8994197845,80.2278900146,24989,24999,10
12.8986797333,80.2278671265,24999,25009,10
12.8977098465,80.2277832031,25009,25019,10
12.8965902328,80.227722168,25019,25029,10
12.8953800201,80.2276611328,25029,25040,11
12.8940601349,80.2276077271,25040,25050,10
12.8929796219,80.2274780273,25050,25060,10
12.8924798965,80.2274398804,25060,25070,10
12.8917798996,80.2273864746,25070,25080,10
12.8906898499,80.2273788452,25080,25090,10
12.8893604279,80.2273788452,25090,25100,10
12.8879404068,80.2273178101,25100,25110,10
12.8865003586,80.2270812988,25110,25121,11
12.8851699829,80.2267913818,25121,25131,10
12.8848800659,80.2267837524,25131,25141,10
12.8846702576,80.2267684937,25141,25151,10
12.8839797974,80.2267608643,25151,25161,10
12.8829402924,80.2267608643,25161,25171,10
12.8816900253,80.2267608643,25171,25181,10
12.8803195953,80.2267684937,25181,25191,10
12.8789997101,80.2267990112,25191,25202,11
12.8773002625,80.2269363403,25202,25212,10
12.8765001297,80.2270126343,25212,25222,10
12.8764295578,80.2270126343,25222,25232,10
12.8759002686,80.2269897461,25232,25242,10
12.8750200272,80.2269210815,25242,25252,10
12.8738498688,80.2267913818,25252,25262,10
12.8727397919,80.2267379761,25262,25272,10
12.8724403381,80.2267379761,25272,25283,11
12.8717899323,80.2267227173,25283,25293,10
12.8707799911,80.2266693115,25293,25303,10
12.8695001602,80.2265319824,25303,25313,10
12.8680801392,80.2264099121,25313,25323,10
12.8668498993,80.2265319824,25323,25333,10
12.8659696579,80.2266235352,25333,25343,10
12.8647899628,80.2266235352,25343,25354,11
12.8632802963,80.2265625,25354,25364,10
12.8618497849,80.2266235352,25364,25374,10
12.8609895706,80.2266311646,25374,25384,10
12.8608598709,80.2266235352,25384,25394,10
12.8602600098,80.2265319824,25394,25404,10
12.859290123,80.2263870239,25404,25414,10
12.8581104279,80.2262802124,25414,25424,10
12.8567304611,80.2263717651,25424,25435,11
12.8552398682,80.2265319824,25435,25445,10
12.853509903,80.2267227173,25445,25455,10
12.8519601822,80.2266998291,25455,25465,10
12.8505897522,80.2266464233,25465,25475,10
12.8497695923,80.2266387939,25475,25485,10
12.8496599197,80.2266387939,25485,25495,10
12.8492002487,80.2266235352,25495,25505,10
12.8482398987,80.226600647,25505,25515,10
12.8471097946,80.2266082764,25515,25526,11
12.8458299637,80.2266082764,25526,25536,10
12.8453397751,80.2266311646,25536,25546,10
12.8452796936,80.2266311646,25546,25556,10
12.8448400497,80.2266616821,25556,25566,10
12.844039917,80.2267379761,25566,25576,10
12.8429403305,80.2268981934,25576,25586,10
12.8416900635,80.2271728516,25586,25597,11
12.8405199051,80.2274703979,25597,25607,10
12.8397102356,80.2276916504,25607,25627,20
12.8397102356,80.2276916504,25627,25637,10
12.8393497467,80.2277984619,25637,25647,10
12.8385000229,80.2280273438,25647,25657,10
12.8373403549,80.2282714844,25657,25667,10
12.8359804153,80.228477478,25667,25678,11
12.8343496323,80.2287368774,25678,25688,10
12.8329801559,80.2289886475,25688,25698,10
12.8322296143,80.2291564941,25698,25708,10
12.8322095871,80.2291564941,25708,25718,10
12.8320798874,80.2291793823,25718,25728,10
12.8315200806,80.2293014526,25728,25738,10
12.8305702209,80.2296218872,25738,25748,10
12.8292398453,80.2301177979,25748,25759,11
12.8279495239,80.230796814,25759,25769,10
12.8266401291,80.231338501,25769,25779,10
12.8252000809,80.2314376831,25779,25789,10
12.8237895966,80.2311706543,25789,25799,10
12.8223600388,80.23072052,25799,25809,10
12.820980072,80.2304916382,25809,25819,10
12.8197498322,80.2305221558,25819,25830,11
12.8186502457,80.2304000854,25830,25840,10
12.8178195953,80.2299880981,25840,25850,10
12.8167800903,80.2295837402,25850,25860,10
12.8154401779,80.2293777466,25860,25870,10
12.8141202927,80.2291717529,25870,25880,10
12.8129501343,80.2287979126,25880,25890,10
12.8117704391,80.2283782959,25890,25900,10
12.8105096817,80.2279281616,25900,25911,11
12.8090600967,80.227180481,25911,25921,10
12.8080396652,80.2263412476,25921,25931,10
12.8071498871,80.2255706787,25931,25941,10
12.8065595627,80.2250366211,25941,25951,10
12.805970192,80.2244873047,25951,25961,10
12.8053798676,80.2240982056,25961,25971,10
12.8049097061,80.223991394,25971,25981,10
12.8048295975,80.2239837646,25981,25992,11
12.8043003082,80.2239379883,25992,26002,10
12.8034496307,80.2238464355,26002,26012,10
12.802359581,80.2237472534,26012,26022,10
12.8012399673,80.2236785889,26022,26032,10
12.8010196686,80.2236480713,26032,26042,10
12.8004999161,80.2236175537,26042,26052,10
12.7996101379,80.2235183716,26052,26062,10
12.7985401154,80.2233810425,26062,26073,11
12.7970104218,80.223197937,26073,26083,10
12.7961301804,80.2230529785,26083,26093,10
12.7961101532,80.2230300903,26093,26103,10
12.7957201004,80.2229614258,26103,26113,10
12.7949104309,80.2228393555,26113,26123,10
12.7938299179,80.2226867676,26123,26133,10
12.7925796509,80.2224807739,26133,26143,10
12.7912302017,80.2221374512,26143,26154,11
12.7900400162,80.2218322754,26154,26164,10
12.789349556,80.2215576172,26164,26174,10
12.7889099121,80.2213668823,26174,26184,10
12.7882995605,80.2211227417,26184,26194,10
12.7875995636,80.2208633423,26194,26204,10
12.7869501114,80.2205886841,26204,26214,10
12.78647995,80.220413208,26214,26224,10
12.786450386,80.2203979492,26224,26235,11
12.786239624,80.2203216553,26235,26245,10
12.7861995697,80.2205886841,26245,26255,10
12.7862501144,80.2210083008,26255,26265,10
12.7862796783,80.2214736938,26265,26275,10
12.7862997055,80.2217636108,26275,26285,10
12.7862997055,80.2218017578,26285,26295,10
12.7862701416,80.222038269,26295,26316,21
12.7862701416,80.222038269,26316,26326,10
12.7862300873,80.2218704224,26326,26336,10
12.7862901688,80.2215576172,26336,26660,324
12.7862901688,80.2215576172,26660,26670,10
12.7862596512,80.2212905884,26670,26680,10
12.7862596512,80.2211914063,26680,26690,10
12.7862501144,80.2210388184,26690,26701,11
12.7862300873,80.2208099365,26701,26711,10
12.7862195969,80.2203369141,26711,26741,30
12.7862195969,80.2203369141,26741,26751,10
12.7866201401,80.2204208374,26751,26771,20
12.7866201401,80.2204208374,26771,26782,11
12.7867898941,80.2205810547,26782,26792,10
12.7871198654,80.220741272,26792,26802,10
12.7877397537,80.2209625244,26802,26812,10
12.7885599136,80.221282959,26812,26822,10
12.7894496918,80.2215881348,26822,26832,10
12.7903203964,80.2218399048,26832,26842,10
12.7913703918,80.2220993042,26842,26852,10
12.7924699783,80.2223815918,26852,26863,11
12.793800354,80.2225875854,26863,26873,10
12.7949800491,80.2227783203,26873,26883,10
12.7959804535,80.2229309082,26883,26893,10
12.7964601517,80.2229995728,26893,26903,10
12.7966995239,80.2230377197,26903,26913,10
12.7973804474,80.2231826782,26913,26923,10
12.7993097305,80.2233963013,26923,26934,11
12.7993097305,80.2233963013,26934,26944,10
12.8001403809,80.2234802246,26944,26954,10
12.8010797501,80.2235717773,26954,26964,10
12.8014097214,80.2236022949,26964,26974,10
12.8015403748,80.2236404419,26974,26984,10
12.8020095825,80.2236709595,26984,26995,11
12.8027000427,80.2237701416,26995,27005,10
12.8034801483,80.2238693237,27005,27016,11
12.8045501709,80.2239532471,27016,27026,10
12.8052997589,80.2240905762,27026,27036,10
12.8055400848,80.2241592407,27036,27046,10
12.8056697845,80.2242202759,27046,27056,10
12.8060102463,80.2245025635,27056,27065,9
12.8066797256,80.2250823975,27065,27076,11
12.8073501587,80.2256774902,27076,27086,10
12.8084201813,80.2265625,27086,27097,11
12.8096103668,80.2274398804,27097,27107,10
12.8109102249,80.2279891968,27107,27117,10
12.8122901917,80.2285003662,27117,27127,10
12.8136901855,80.2289962769,27127,27137,10
12.8148899078,80.2292633057,27137,27147,10
12.8162698746,80.2294616699,27147,27157,10
12.8176498413,80.2298583984,27157,27168,11
12.8189001083,80.230430603,27168,27178,10
12.8197002411,80.23046875,27178,27188,10
12.8198003769,80.2304763794,27188,27198,10
12.8202600479,80.2304611206,27198,27208,10
12.8211297989,80.2304534912,27208,27218,10
12.8222503662,80.2306594849,27218,27228,10
12.8234901428,80.2310333252,27228,27238,10
12.8247499466,80.2313308716,27238,27249,11
12.8261899948,80.2313537598,27249,27259,10
12.8274497986,80.2311019897,27259,27269,10
12.8285598755,80.230430603,27269,27279,10
12.8297996521,80.2298736572,27279,27289,10
12.8308601379,80.2294464111,27289,27299,10
12.8310604095,80.2293701172,27299,27309,10
12.8312196732,80.2293624878,27309,27319,10
12.8316602707,80.2292098999,27319,27350,31
12.8316602707,80.2292098999,27350,27360,10
12.8317804337,80.2291793823,27360,27370,10
12.832280159,80.2290878296,27370,27380,10
12.8331298828,80.2289428711,27380,27390,10
12.8343000412,80.2287368774,27390,27400,10
12.835650444,80.2285003662,27400,27411,11
12.8371601105,80.2282791138,27411,27421,10
12.8384199142,80.2280578613,27421,27431,10
12.8392000198,80.2278594971,27431,27492,61
12.8392000198,80.2278594971,27492,27502,10
12.8395500183,80.2277069092,27502,27512,10
12.8400497437,80.2275695801,27512,27522,10
12.8408699036,80.2273406982,27522,27532,10
12.8419599533,80.2270584106,27532,27542,10
12.8431196213,80.2268218994,27542,27552,10
12.8443899155,80.2266387939,27552,27562,10
12.8454198837,80.2265625,27562,27583,21
12.8454198837,80.2265625,27583,27593,10
12.8456401825,80.2265396118,27593,27603,10
12.8457803726,80.2265396118,27603,27613,10
12.8462600708,80.2265472412,27613,27623,10
12.8471403122,80.2265472412,27623,27633,10
12.8482398987,80.2265625,27633,27644,11
12.8495798111,80.2265625,27644,27654,10
12.8507699966,80.2265777588,27654,27664,10
12.8519802094,80.2266387939,27664,27674,10
12.8531904221,80.2266998291,27674,27684,10
12.8543596268,80.2265472412,27684,27694,10
12.8554601669,80.2264175415,27694,27704,10
12.8564796448,80.2263031006,27704,27714,10
12.8574495316,80.2261962891,27714,27725,11
12.8583202362,80.2261962891,27725,27735,10
12.8589801788,80.2262573242,27735,27745,10
12.8599500656,80.2264175415,27745,27755,10
12.8612003326,80.2265777588,27755,27765,10
12.8626203537,80.2265319824,27765,27775,10
12.8640699387,80.2265396118,27775,27785,10
12.8655900955,80.2265777588,27785,27795,10
12.8671703339,80.2264633179,27795,27806,11
12.8688602448,80.2263793945,27806,27816,10
12.870300293,80.2265625,27816,27826,10
12.8717403412,80.2266464233,27826,27836,10
12.873000145,80.2266616821,27836,27846,10
12.8742599487,80.2267608643,27846,27856,10
12.8756198883,80.2268981934,27856,27866,10
12.8768997192,80.2268676758,27866,27887,21
12.8768997192,80.2268676758,27887,27897,10
12.8770399094,80.2268981934,27897,27907,10
12.8776397705,80.2268676758,27907,27917,10
12.8785400391,80.2267913818,27917,27927,10
12.8796596527,80.2267227173,27927,27937,10
12.8809204102,80.2267074585,27937,27947,10
12.882229805,80.2266998291,27947,27957,10
12.8835802078,80.2266921997,27957,27968,11
12.8848896027,80.2266616821,27968,27978,10
12.8853302002,80.2266769409,27978,27988,10
12.8853197098,80.2266769409,27988,27998,10
12.8856401443,80.2267608643,27998,28008,10
12.8863401413,80.2269363403,28008,28018,10
12.8872699738,80.2271728516,28018,28028,10
12.8884096146,80.2273025513,28028,28039,11
12.8897800446,80.2273406982,28039,28049,10
12.8908596039,80.2273406982,28049,28059,10
12.8920001984,80.2273483276,28059,28069,10
12.8928604126,80.2274017334,28069,28079,10
12.8938598633,80.2275466919,28079,28089,10
12.8950195313,80.2276306152,28089,28099,10
12.896320343,80.2276687622,28099,28109,10
12.8977298737,80.2277374268,28109,28120,11
12.8991699219,80.2278213501,28120,28130,10
12.9005203247,80.2278671265,28130,28221,91
12.9005203247,80.2278671265,28221,28231,10
12.9006500244,80.2278823853,28231,28241,10
12.9009799957,80.2279205322,28241,28251,10
12.9013299942,80.2279815674,28251,28261,10
12.9017801285,80.2279891968,28261,28271,10
12.9023704529,80.228012085,28271,28282,11
12.9029598236,80.2279968262,28282,28292,10
12.9029903412,80.228012085,28292,28302,10
12.9031095505,80.2279968262,28302,28312,10
12.9036598206,80.2280578613,28312,28322,10
12.9044704437,80.2281112671,28322,28332,10
12.9052400589,80.2281570435,28332,28342,10
12.9059095383,80.228187561,28342,28353,11
12.906129837,80.2282028198,28353,28363,10
12.9062995911,80.2282028198,28363,28373,10
12.9065904617,80.2282180786,28373,28383,10
12.9068603516,80.2282714844,28383,28393,10
12.9070196152,80.2283172607,28393,28403,10
12.9071397781,80.2283325195,28403,28413,10
12.9076595306,80.2284011841,28413,28423,10
12.9085197449,80.2285308838,28423,28434,11
12.9097795486,80.2287368774,28434,28444,10
12.9110803604,80.2289428711,28444,28454,10
12.9124498367,80.2291183472,28454,28464,10
12.9140195847,80.229309082,28464,28484,20
12.9140195847,80.229309082,28484,28494,10
12.9140996933,80.2293167114,28494,28504,10
12.9146404266,80.2294082642,28504,28515,11
12.9155597687,80.2295684814,28515,28525,10
12.9167098999,80.2297210693,28525,28535,10
12.9179496765,80.2298965454,28535,28545,10
12.9192304611,80.2300567627,28545,28555,10
12.9206104279,80.23021698,28555,28565,10
12.9220199585,80.2304000854,28565,28575,10
12.9233798981,80.2305908203,28575,28585,10
12.9247598648,80.2307662964,28585,28596,11
12.9260597229,80.2309112549,28596,28606,10
12.9263896942,80.2309494019,28606,28616,10
12.9265098572,80.23097229,28616,28626,10
12.9269800186,80.2310409546,28626,28635,9
12.9278202057,80.2311325073,28635,28646,11
12.9289703369,80.2313079834,28646,28656,10
12.9301395416,80.2315673828,28656,28666,10
12.9313201904,80.2319412231,28666,28677,11
12.9325704575,80.232383728,28677,28687,10
12.9334201813,80.232673645,28687,28727,40
12.9334201813,80.232673645,28727,28737,10
12.9337997437,80.2329025269,28737,28747,10
12.9344100952,80.2331619263,28747,28758,11
12.9353303909,80.233581543,28758,28768,10
12.9358997345,80.2338104248,28768,28778,10
12.9362602234,80.2339935303,28778,28788,10
12.9365596771,80.2341384888,28788,28798,10
12.9371204376,80.234413147,28798,28808,10
12.9379396439,80.2347869873,28808,28818,10
12.9388599396,80.2352218628,28818,28828,10
12.939209938,80.2353973389,28828,28839,11
12.9394302368,80.2355728149,28839,28849,10
12.9398698807,80.235710144,28849,28859,10
12.9406795502,80.2359771729,28859,28869,10
12.9417200089,80.2362365723,28869,28879,10
12.9428396225,80.236618042,28879,28889,10
12.9437503815,80.2374572754,28889,28899,10
12.9446697235,80.2384719849,28899,28909,10
12.9454402924,80.2392196655,28909,28920,11
12.9468297958,80.2397994995,28920,28940,20
12.9468297958,80.2397994995,28940,28950,10
12.9470796585,80.2399291992,28950,28960,10
12.9476203918,80.2401580811,28960,28970,10
12.9481201172,80.2403411865,28970,29021,51
12.9481201172,80.2403411865,29021,29031,10
12.9482297897,80.2404174805,29031,29041,10
12.9485797882,80.240562439,29041,29051,10
12.9490203857,80.2407302856,29051,29061,10
12.9497299194,80.2409820557,29061,29072,11
12.9504995346,80.2412109375,29072,29082,10
12.9510803223,80.2413864136,29082,29092,10
12.9511203766,80.2414016724,29092,29102,10
12.9513101578,80.2414627075,29102,29112,10
12.9516601563,80.2415771484,29112,29122,10
12.9521903992,80.2417831421,29122,29132,10
12.9528398514,80.2420272827,29132,29142,10
12.9532499313,80.2422027588,29142,29153,11
12.9534196854,80.2422332764,29153,29163,10
12.9536304474,80.2423324585,29163,29173,10
12.953909874,80.24243927,29173,29203,30
12.953909874,80.24243927,29203,29213,10
12.9542198181,80.2425765991,29213,29223,10
12.9547996521,80.2428131104,29223,29234,11
12.9555397034,80.2431106567,29234,29244,10
12.9563102722,80.2434234619,29244,29284,40
12.9563102722,80.2434234619,29284,29294,10
12.9567499161,80.2436294556,29294,29304,10
12.9574298859,80.2438964844,29304,29315,11
12.9583501816,80.2442626953,29315,29325,10
12.9587898254,80.244468689,29325,29335,10
12.9588403702,80.2445526123,29335,29345,10
12.9592103958,80.2446975708,29345,29355,10
12.959810257,80.2449798584,29355,29365,10
12.9605998993,80.2452774048,29365,29375,10
12.9615602493,80.2457199097,29375,29385,10
12.9625701904,80.2462387085,29385,29396,11
12.9633798599,80.2467422485,29396,29456,60
12.9633798599,80.2467422485,29456,29467,11
12.963760376,80.2469177246,29467,29477,10
12.964389801,80.2471313477,29477,29487,10
12.9652004242,80.2473831177,29487,29497,10
12.9665403366,80.2478485107,29497,29517,20
12.9665403366,80.2478485107,29517,29527,10
12.966629982,80.2478866577,29527,29537,10
12.9670600891,80.2480926514,29537,29548,11
12.9676904678,80.2484283447,29548,29558,10
12.9686603546,80.2488098145,29558,29568,10
12.9696102142,80.2491989136,29568,29578,10
12.9705696106,80.2495574951,29578,29588,10
12.9716396332,80.2498626709,29588,29598,10
12.9728403091,80.2501831055,29598,29608,10
12.9739198685,80.2504730225,29608,29618,10
12.9752397537,80.2508163452,29618,29629,11
12.9765100479,80.2511901855,29629,29639,10
12.9774799347,80.2515563965,29639,29649,10
12.9784402847,80.252281189,29649,29679,30
12.9784402847,80.252281189,29679,29689,10
12.9785003662,80.2523498535,29689,29699,10
12.9788599014,80.2525100708,29699,29710,11
12.9796800613,80.2526626587,29710,29720,10
12.9806404114,80.2527008057,29720,29730,10
12.9817495346,80.2526397705,29730,29740,10
12.9829797745,80.2526016235,29740,29750,10
12.9841299057,80.2523574829,29750,29760,10
12.9851198196,80.2520980835,29760,29770,10
12.9859399796,80.2518386841,29770,29892,122
12.9859399796,80.2518386841,29892,29902,10
12.9863595963,80.2517318726,29902,29912,10
12.9869203568,80.2515792847,29912,29922,10
12.9877195358,80.2513427734,29922,29932,10
12.9885702133,80.251159668,29932,29943,11
12.9897499084,80.250831604,29943,29963,20
12.9897499084,80.250831604,29963,29973,10
12.9900503159,80.2507781982,29973,29983,10
12.9906997681,80.2506027222,29983,29993,10
12.9915895462,80.2503814697,29993,30003,10
12.9926795959,80.2501220703,30003,30013,10
12.9938297272,80.2498016357,30013,30024,11
12.9951601028,80.249458313,30024,30034,10
12.9963998795,80.2491378784,30034,30044,10
12.9968595505,80.2490386963,30044,30054,10
12.9969501495,80.2490386963,30054,30064,10
12.9973897934,80.2489318848,30064,30074,10
12.9981403351,80.2487411499,30074,30084,10
12.9991397858,80.2484817505,30084,30094,10
13.0003795624,80.2481765747,30094,30105,11
13.0018100739,80.2478179932,30105,30115,10
13.0029602051,80.2475585938,30115,30125,10
13.0042600632,80.2473831177,30125,30135,10
13.0055198669,80.247177124,30135,30145,10
13.0063199997,80.2468109131,30145,30155,10
13.0065603256,80.2463912964,30155,30165,10
13.0065698624,80.246383667,30165,30175,10
13.0066299438,80.2460327148,30175,30186,11
13.0066404343,80.2456283569,30186,30196,10
13.0066299438,80.2452774048,30196,30206,10
13.0066099167,80.2449798584,30206,30216,10
13.0066204071,80.2445983887,30216,30226,10
13.0066204071,80.2442703247,30226,30236,10
13.0066204071,80.2440109253,30236,30246,10
13.0066099167,80.2437362671,30246,30256,10
13.0066003799,80.2434234619,30256,30267,11
13.0065498352,80.2427520752,30267,30277,10
13.0065498352,80.2418670654,30277,30287,10
13.0065803528,80.2412490845,30287,30297,10
13.0066995621,80.2404174805,30297,30327,30
13.0066995621,80.2404174805,30327,30338,11
13.0067796707,80.2402420044,30338,30348,10
13.0069303513,80.239730835,30348,30358,10
13.0070495605,80.2388687134,30358,30368,10
13.0072498322,80.2379074097,30368,30378,10
13.0074300766,80.2368087769,30378,30398,20
13.0074300766,80.2368087769,30398,30408,10
13.0075502396,80.2364807129,30408,30419,11
13.0077199936,80.235710144,30419,30429,10
13.0078802109,80.2348632813,30429,30439,10
13.0080900192,80.233833313,30439,30449,10
13.0083398819,80.2325592041,30449,30459,10
13.008600235,80.2312088013,30459,30469,10
13.0088500977,80.2299499512,30469,30478,9
13.0090904236,80.2287368774,30478,30489,11
13.0095300674,80.2274093628,30489,30500,11
13.0101699829,80.2260437012,30500,30510,10
13.0106897354,80.2249984741,30510,30520,10
13.0110502243,80.2242126465,30520,30530,10
13.0114803314,80.2232589722,30530,30540,10
13.011879921,80.2222671509,30540,30550,10
13.0122203827,80.2217483521,30550,30560,10
13.0125799179,80.2219390869,30560,30570,10
13.0128803253,80.2223129272,30570,30581,11
13.0133199692,80.2227630615,30581,30591,10
13.0138196945,80.2233123779,30591,30601,10
13.0142002106,80.2237701416,30601,30611,10
13.0147695541,80.2243881226,30611,30621,10
13.0153398514,80.224937439,30621,30641,20
13.0155601501,80.2250595093,30641,30662,21
13.0155601501,80.2250595093,30662,30672,10
13.0156602859,80.225151062,30672,30682,10
13.0159502029,80.2253417969,30682,30692,10
13.0165596008,80.2253417969,30692,30702,10
13.0171899796,80.2251205444,30702,30712,10
13.0179595947,80.2247924805,30712,30722,10
13.0187501907,80.2244567871,30722,30732,10
13.0195999146,80.2244567871,30732,30743,11
13.0204000473,80.2250213623,30743,30753,10
13.0208797455,80.2253570557,30753,30763,10
13.0213499069,80.2257537842,30763,30773,10
13.0217103958,80.2260437012,30773,30783,10
13.0222396851,80.2264404297,30783,30793,10
13.0225601196,80.2266998291,30793,30834,41
13.0225601196,80.2266998291,30834,30844,10
13.0226898193,80.226852417,30844,30854,10
13.0231103897,80.2272720337,30854,30864,10
13.0236797333,80.2277832031,30864,30874,10
13.024140358,80.2282028198,30874,30884,10
13.024140358,80.2282104492,30884,30895,11
13.0243597031,80.2285308838,30895,30905,10
13.0246696472,80.2290267944,30905,30915,10
13.0250797272,80.2295532227,30915,30925,10
13.0254802704,80.2301101685,30925,30935,10
13.0258197784,80.230796814,30935,30955,20
13.0258197784,80.230796814,30955,30965,10
13.0258598328,80.2308731079,30965,30976,11
13.0259399414,80.2311630249,30976,30986,10
13.0260295868,80.231552124,30986,30996,10
13.0261898041,80.232093811,30996,31006,10
13.0263004303,80.2324829102,31006,31016,10
13.0264501572,80.2328491211,31016,31026,10
13.0266895294,80.233291626,31026,31036,10
13.0269603729,80.2337188721,31036,31046,10
13.0273799896,80.2343978882,31046,31057,11
13.0278596878,80.2352523804,31057,31067,10
13.0285100937,80.2360610962,31067,31077,10
13.0291996002,80.2368164063,31077,31087,10
13.0299196243,80.2376403809,31087,31107,20
13.0299196243,80.2376403809,31107,31117,10
13.0300397873,80.2379608154,31117,31127,10
13.0304002762,80.2386398315,31127,31138,11
13.0309896469,80.2396011353,31138,31148,10
13.0313596725,80.240196228,31148,31158,10
13.0314302444,80.2408905029,31158,31168,10
13.03166008,80.2413024902,31168,31178,10
13.0319099426,80.2417984009,31178,31188,10
13.0322399139,80.2423171997,31188,31198,10
13.0326700211,80.2428588867,31198,31208,10
13.0330600739,80.2434005737,31208,31219,11
13.0334300995,80.2440338135,31219,31229,10
13.0338802338,80.244682312,31229,31239,10
13.0343503952,80.2452163696,31239,31249,10
13.0348796844,80.24584198,31249,31259,10
13.0353899002,80.2461395264,31259,31269,10
13.03565979,80.2461700439,31269,31290,21
13.03565979,80.2461700439,31290,31300,10
13.0358800888,80.2463302612,31300,31310,10
13.0362901688,80.2464370728,31310,31320,10
13.036860466,80.2465286255,31320,31330,10
13.0374403,80.2464523315,31330,31340,10
13.0381298065,80.2465820313,31340,31350,10
13.0389604568,80.2468338013,31350,31360,10
13.0398597717,80.2470321655,31360,31371,11
13.0408201218,80.2472305298,31371,31381,10
13.0417900085,80.2473983765,31381,31391,10
13.0426197052,80.2476501465,31391,31401,10
13.0431203842,80.2478179932,31401,31411,10
13.0437602997,80.2479171753,31411,31421,10
13.0443096161,80.2478485107,31421,31431,10
13.0449895859,80.2480926514,31431,31441,10
13.0456600189,80.2484436035,31441,31452,11
13.0467996597,80.2484664917,31452,31472,20
13.0467996597,80.2484664917,31472,31482,10
13.0471000671,80.2484893799,31482,31492,10
13.0476503372,80.248878479,31492,31502,10
13.0483999252,80.2496032715,31502,31512,10
13.0492601395,80.2497634888,31512,31522,10
13.0499696732,80.2499008179,31522,31533,11
13.0507001877,80.2500534058,31533,31543,10
13.05148983,80.2502822876,31543,31553,10
13.0520801544,80.2507095337,31553,31563,10
13.0524597168,80.2511901855,31563,31573,10
13.0530700684,80.2520065308,31573,31583,10
13.0537204742,80.2528991699,31583,31593,10
13.0543603897,80.2537918091,31593,31603,10
13.0549402237,80.2545318604,31603,31614,11
13.0554304123,80.2552337646,31614,31624,10
13.0557804108,80.2557373047,31624,31634,10
13.0562200546,80.2562789917,31634,31644,10
13.0567703247,80.2568817139,31644,31654,10
13.0574398041,80.2575378418,31654,31664,10
13.0578804016,80.2579421997,31664,31674,10
13.0582103729,80.258392334,31674,31684,10
13.0586996078,80.2589874268,31684,31695,11
13.059129715,80.2596817017,31695,31705,10
13.0596599579,80.2602233887,31705,31715,10
13.060090065,80.2606201172,31715,31725,10
13.0605802536,80.261177063,31725,31745,20
13.0605802536,80.261177063,31745,31755,10
13.0606002808,80.261390686,31755,31765,10
13.0608997345,80.2618408203,31765,31776,11
13.0614795685,80.2624435425,31776,31786,10
13.0617399216,80.2628326416,31786,31806,20
13.0617399216,80.2628326416,31806,31816,10
13.0620603561,80.263168335,31816,31826,10
13.062620163,80.2638092041,31826,31836,10
13.063249588,80.2645492554,31836,31847,11
13.063750267,80.2653427124,31847,31857,10
13.0640802383,80.2657394409,31857,31867,10
13.0645799637,80.2663574219,31867,31877,10
13.0650501251,80.2668991089,31877,31887,10
13.0657396317,80.2674484253,31887,31897,10
13.0658197403,80.2676010132,31897,31907,10
13.0659999847,80.267906189,31907,31917,10
13.066570282,80.268447876,31917,31928,11
13.0671796799,80.2687988281,31928,31938,10
13.0679302216,80.269241333,31938,31948,10
13.0683002472,80.2695999146,31948,31958,10
13.0682296753,80.2702484131,31958,31968,10
13.0681295395,80.2710189819,31968,31978,10
13.06828022,80.2715988159,31978,31988,10
13.068479538,80.2719192505,31988,31998,10
13.0690202713,80.2720794678,31998,32009,11
13.0697698593,80.2728118896,32009,32019,10
13.0703697205,80.2735137939,32019,32029,10
13.0709295273,80.2741012573,32029,32039,10
13.0712003708,80.2741928101,32039,32049,10
13.0717096329,80.2743682861,32049,32059,10
13.072259903,80.2749328613,32059,32069,10
13.0728998184,80.2756195068,32069,32079,10
13.0735397339,80.276260376,32079,32090,11
13.0743904114,80.2763671875,32090,32100,10
13.0752801895,80.2763366699,32100,32110,10
13.0761995316,80.2762908936,32110,32120,10
13.0769901276,80.276260376,32120,32130,10
13.0778598785,80.2761993408,32130,32140,10
13.0782699585,80.275718689,32140,32150,10
13.0787296295,80.2751617432,32150,32160,10
13.0795497894,80.2752685547,32160,32171,11
13.0806903839,80.2752380371,32171,32181,10
13.0813999176,80.2751464844,32181,32191,10
13.0817899704,80.275177002,32191,32221,30
13.0817899704,80.275177002,32221,32231,10
13.0820703506,80.2754669189,32231,33325,1094
13.0821199417,80.2758483887,33325,33346,21
13.0821199417,80.2758483887,33346,33356,10
13.0820198059,80.2759628296,33356,33366,10
13.0818796158,80.2760314941,33366,33376,10
13.0818500519,80.2763519287,33376,33386,10
13.0818796158,80.2769165039,33386,33396,10
13.0819597244,80.2776565552,33396,33406,10
13.0820398331,80.2780990601,33406,33417,11
13.0825004578,80.2781600952,33417,33427,10
13.0830898285,80.2781600952,33427,33437,10
13.0833902359,80.2781600952,33437,33447,10
13.0834598541,80.2783508301,33447,33457,10
13.0835800171,80.2787399292,33457,33467,10
13.0832300186,80.2789382935,33467,33477,10
13.082570076,80.2786483765,33477,33487,10
13.0820398331,80.2782974243,33487,33498,11
13.0818901062,80.2775497437,33498,33508,10
13.0817899704,80.2764511108,33508,33528,20
13.0817899704,80.2764511108,33528,33538,10
13.0818595886,80.276222229,33538,33548,10
13.0816402435,80.2757415771,33548,33629,81
13.0816402435,80.2757415771,33629,33639,10
13.0816001892,80.275352478,33639,33649,10
13.0815200806,80.2751998901,33649,33660,11
13.0812101364,80.275177002,33660,33670,10
13.080739975,80.2752380371,33670,33680,10
13.0801801682,80.2752990723,33680,33690,10
13.0795402527,80.2752838135,33690,33700,10
13.078789711,80.2751617432,33700,33710,10
13.0782699585,80.2758178711,33710,33720,10
13.0776596069,80.276222229,33720,33730,10
13.076789856,80.2762832642,33730,33741,11
13.0758304596,80.2762985229,33741,33751,10
13.0749502182,80.2763595581,33751,33761,10
13.0741596222,80.2764205933,33761,33771,10
13.0739002228,80.2764511108,33771,33781,10
13.0735197067,80.2764511108,33781,33791,10
13.0731401443,80.2760620117,33791,34259,468
13.0731401443,80.2760620117,34259,34269,10
13.0731801987,80.2759628296,34269,34280,11
13.0728998184,80.2756118774,34280,34290,10
13.0723600388,80.2750701904,34290,34310,20
13.0723600388,80.2750701904,34310,34320,10
13.0721902847,80.2749023438,34320,34330,10
13.0719404221,80.2746582031,34330,34340,10
13.0712299347,80.2744598389,34340,34381,41
13.0712299347,80.2744598389,34381,34391,10
13.0710000992,80.2743530273,34391,34401,10
13.0706701279,80.2738800049,34401,34411,10
13.0705404282,80.2735977173,34411,34421,10
13.0701904297,80.2731704712,34421,34431,10
13.0697402954,80.2726821899,34431,34442,11
13.0694904327,80.2724533081,34442,34452,10
13.069270134,80.2721786499,34452,34462,10
13.0688896179,80.2719421387,34462,34472,10
13.0683202744,80.2714614868,34472,34492,20
13.0683202744,80.2714614868,34492,34502,10
13.0682001114,80.2711410522,34502,34513,11
13.0678396225,80.2706985474,34513,34524,11
13.0671596527,80.2702026367,34524,34534,10
13.0666704178,80.2695007324,34534,34544,10
13.0665302277,80.2686920166,34544,34554,10
13.0663099289,80.2682266235,34554,34564,10
13.0659198761,80.267791748,34564,34584,20
13.0659198761,80.267791748,34584,34594,10
13.0656099319,80.2676010132,34594,34605,11
13.0652198792,80.267578125,34605,34615,10
13.0648899078,80.2675094604,34615,34625,10
13.0648698807,80.2675018311,34625,34635,10
13.0647096634,80.2674636841,34635,34645,10
13.064330101,80.2674789429,34645,34655,10
13.0636796951,80.2673034668,34655,34665,10
13.0629796982,80.2671508789,34665,34675,10
13.0625295639,80.2668533325,34675,34686,11
13.0618495941,80.2660217285,34686,34696,10
13.0607404709,80.2652893066,34696,34716,20
13.0607404709,80.2652893066,34716,34726,10
13.0606298447,80.2653503418,34726,34736,10
13.0602703094,80.2655029297,34736,34746,10
13.0597496033,80.2655563354,34746,34757,11
13.0589799881,80.2654266357,34757,34767,10
13.058259964,80.2651901245,34767,34777,10
13.0580701828,80.2643890381,34777,34787,10
13.0579996109,80.2636108398,34787,34797,10
13.0579204559,80.2627029419,34797,34807,10
13.0577602386,80.2619171143,34807,34817,10
13.0576200485,80.2612991333,34817,34827,10
13.0574398041,80.2607574463,34827,34838,11
13.0571098328,80.2597579956,34838,34848,10
13.0567598343,80.2587509155,34848,34858,10
13.0566301346,80.2580718994,34858,34868,10
13.0566196442,80.2578277588,34868,34878,10
13.056520462,80.2572097778,34878,34898,20
13.056520462,80.2572097778,34898,34908,10
13.0564699173,80.2569732666,34908,34919,11
13.0562801361,80.2565078735,34919,34929,10
13.0559301376,80.2559280396,34929,34939,10
13.0553998947,80.2551574707,34939,34949,10
13.0548200607,80.2543334961,34949,34959,10
13.0543003082,80.2536010742,34959,34969,10
13.053899765,80.253036499,34969,34979,10
13.053560257,80.2525863647,34979,34989,10
13.052980423,80.2518310547,34989,35000,11
13.0523796082,80.2509994507,35000,35010,10
13.051659584,80.2503204346,35010,35020,10
13.0506896973,80.2499771118,35020,35030,10
13.0498600006,80.2498626709,35030,35040,10
13.0491800308,80.2498016357,35040,35050,10
13.0488395691,80.2497634888,35050,35060,10
13.0485200882,80.2496032715,35060,35070,10
13.0480604172,80.2492904663,35070,35081,11
13.0472402573,80.2486190796,35081,35101,20
13.0472402573,80.2486190796,35101,35111,10
13.0471000671,80.2485275269,35111,35121,10
13.0468597412,80.2485427856,35121,35131,10
13.046500206,80.2485275269,35131,35141,10
13.0458402634,80.2483520508,35141,35151,10
13.0455598831,80.2482299805,35151,35162,11
13.0453395844,80.2481231689,35162,35172,10
13.0450601578,80.2480697632,35172,35182,10
13.0447597504,80.2480392456,35182,35192,10
13.0444898605,80.2479782104,35192,35202,10
13.0440502167,80.2479171753,35202,35212,10
13.0438404083,80.2478790283,35212,35222,10
13.0435400009,80.2478103638,35222,35232,10
13.0430498123,80.247718811,35232,35243,11
13.0423603058,80.2475585938,35243,35253,10
13.041560173,80.2473602295,35253,35263,10
13.0406599045,80.2472610474,35263,35273,10
13.0398902893,80.2470932007,35273,35283,10
13.0393896103,80.2469787598,35283,35293,10
13.0389003754,80.2468566895,35293,35303,10
13.0384397507,80.2467422485,35303,35314,11
13.0379199982,80.246673584,35314,35324,10
13.0374097824,80.2466125488,35324,35334,10
13.036860466,80.2464904785,35334,35344,10
13.0366601944,80.2464294434,35344,35354,10
13.0365200043,80.2463912964,35354,35364,10
13.0361604691,80.2463226318,35364,35374,10
13.0355396271,80.2460784912,35374,35384,10
13.0354204178,80.2460479736,35384,35395,11
13.0353002548,80.2459564209,35395,35405,10
13.0349197388,80.2456817627,35405,35415,10
13.0347003937,80.2453918457,35415,35425,10
13.0342197418,80.2448120117,35425,35435,10
13.033659935,80.2442169189,35435,35445,10
13.0328903198,80.2432479858,35445,35455,10
13.0323200226,80.2425003052,35455,35465,10
13.0318899155,80.2417373657,35465,35476,11
13.031539917,80.2409515381,35476,35526,50
13.031539917,80.2409515381,35526,35536,10
13.0315504074,80.2406387329,35536,35546,10
13.0313396454,80.2402420044,35546,35557,11
13.0311403275,80.2397689819,35557,35567,10
13.0308103561,80.2391433716,35567,35577,10
13.0303201675,80.2383270264,35577,35587,10
13.0297403336,80.2374191284,35587,35597,10
13.0292701721,80.2369232178,35597,35607,10
13.0290699005,80.2367172241,35607,35617,10
13.0285997391,80.2361984253,35617,35627,10
13.0279397964,80.2353973389,35627,35638,11
13.0273399353,80.2343292236,35638,35648,10
13.0269098282,80.2336807251,35648,35729,81
13.0269098282,80.2336807251,35729,35739,10
13.0266599655,80.233291626,35739,35749,10
13.0264101028,80.2328414917,35749,35759,10
13.0262498856,80.2323989868,35759,35769,10
13.0261602402,80.2319412231,35769,35779,10
13.0260601044,80.2316513062,35779,35789,10
13.0259304047,80.2311630249,35789,35800,11
13.0255498886,80.2302093506,35800,35810,10
13.0250997543,80.229598999,35810,35820,10
13.0249996185,80.2294692993,35820,35830,10
13.0247802734,80.2292022705,35830,35840,10
13.024600029,80.2289810181,35840,35850,10
13.0244398117,80.2287902832,35850,35860,10
13.0241699219,80.2284698486,35860,35871,11
13.0237598419,80.2279434204,35871,35881,10
13.0234003067,80.2275924683,35881,35891,10
13.0233697891,80.2275619507,35891,35901,10
13.0230398178,80.2272109985,35901,35911,10
13.0225801468,80.2267532349,35911,35921,10
13.0219402313,80.2261962891,35921,35931,10
13.021320343,80.2257232666,35931,35941,10
13.0207996368,80.2253265381,35941,35952,11
13.0201597214,80.224899292,35952,35962,10
13.0194597244,80.2245101929,35962,35972,10
13.0185203552,80.224571228,35972,35982,10
13.017539978,80.2249908447,35982,35992,10
13.0169296265,80.2252578735,35992,36002,10
13.0167198181,80.2253494263,36002,36012,10
13.0165596008,80.2254180908,36012,36022,10
13.0164003372,80.2255020142,36022,36033,11
13.0157804489,80.2256393433,36033,36043,10
13.0152797699,80.2258377075,36043,36053,10
13.0150995255,80.2259292603,36053,36063,10
13.0147695541,80.22605896,36063,36073,10
13.0144901276,80.2261810303,36073,36083,10
13.014380455,80.2261962891,36083,36093,10
13.0140304565,80.2263183594,36093,36103,10
13.0134000778,80.2265319824,36103,36114,11
13.0124597549,80.2269287109,36114,36124,10
13.0114803314,80.2272796631,36124,36134,10
13.0104598999,80.2277526855,36134,36144,10
13.0094499588,80.2281265259,36144,36154,10
13.0090503693,80.2290420532,36154,36164,10
13.0088300705,80.2301177979,36164,36174,10
13.0086097717,80.2312011719,36174,36184,10
13.0084199905,80.2323608398,36184,36195,11
13.0082798004,80.2334365845,36195,36235,40
13.0082798004,80.2334365845,36235,36245,10
13.0081796646,80.2336730957,36245,36255,10
13.0081195831,80.2339630127,36255,36265,10
13.0080499649,80.2343826294,36265,36276,11
13.007900238,80.2350082397,36276,36286,10
13.0077896118,80.2356109619,36286,36306,20
13.0077896118,80.2356109619,36306,36316,10
13.0077199936,80.2358398438,36316,36326,10
13.0076599121,80.2361984253,36326,36336,10
13.0076503754,80.2362518311,36336,36346,10
13.0076198578,80.2364120483,36346,36357,11
13.0075798035,80.2366867065,36357,36367,10
13.0075502396,80.2368927002,36367,36377,10
13.0074596405,80.2373199463,36377,36387,10
13.007349968,80.2379684448,36387,36428,41
13.007349968,80.2379684448,36428,36438,10
13.0072603226,80.2384414673,36438,36448,10
13.0071897507,80.2387619019,36448,36458,10
13.0070400238,80.2395782471,36458,36559,101
13.0071201324,80.2397003174,36559,36620,61
13.0071201324,80.2397003174,36620,36630,10
13.0068998337,80.2402191162,36630,36640,10
13.0067796707,80.2410202026,36640,36650,10
13.0067596436,80.2419891357,36650,36660,10
13.0067501068,80.2424087524,36660,36671,11
13.0067396164,80.2427597046,36671,36681,10
13.0067300797,80.2429580688,36681,36691,10
13.0067300797,80.2431869507,36691,36701,10
13.0067300797,80.2434005737,36701,36711,10
13.0067300797,80.2436981201,36711,36721,10
13.0066995621,80.2440872192,36721,36731,10
13.0066995621,80.2444076538,36731,36741,10
13.0066795349,80.244720459,36741,36752,11
13.0066795349,80.244758606,36752,36762,10
13.0066900253,80.2450866699,36762,36772,10
13.0067195892,80.2454910278,36772,36782,10
13.0067596436,80.2459716797,36782,36792,10
13.006770134,80.2464904785,36792,36802,10
13.0067796707,80.2469787598,36802,36812,10
13.0061197281,80.2474136353,36812,36833,21
13.0061197281,80.2474136353,36833,36843,10
13.0060195923,80.2473220825,36843,36853,10
13.0055398941,80.2472229004,36853,36863,10
13.0046901703,80.2473220825,36863,36873,10
13.0036401749,80.2474975586,36873,36883,10
13.0025196075,80.2477111816,36883,36893,10
13.0014801025,80.2479705811,36893,36903,10
13.0002202988,80.2482833862,36903,36914,11
12.9987001419,80.2486572266,36914,36924,10
12.9972200394,80.2490310669,36924,36934,10
12.9957799911,80.2494277954,36934,36944,10
12.9943599701,80.2497634888,36944,36954,10
12.9929103851,80.2500991821,36954,36964,10
12.9917001724,80.2504196167,36964,36974,10
12.991060257,80.2506027222,36974,36985,11
12.9907798767,80.250617981,36985,36995,10
12.9899702072,80.2507476807,36995,37207,212
12.9899101257,80.2506484985,37207,37268,61
12.9899101257,80.2506484985,37268,37278,10
12.989689827,80.2508163452,37278,37288,10
12.989159584,80.2509613037,37288,37299,11
12.988820076,80.2511291504,37299,37309,10
12.9886398315,80.2511901855,37309,37319,10
12.9881801605,80.2513198853,37319,37329,10
12.9877796173,80.2514190674,37329,37339,10
12.9872198105,80.2515869141,37339,37349,10
12.9866600037,80.2517623901,37349,37359,10
12.9861898422,80.2518692017,37359,37369,10
12.9853096008,80.2520675659,37369,37380,11
12.9840602875,80.2523803711,37380,37390,10
12.9829597473,80.2525863647,37390,37400,10
12.9815196991,80.2526397705,37400,37430,30
12.9815196991,80.2526397705,37430,37440,10
12.9810695648,80.2526321411,37440,37450,10
12.9810199738,80.2526397705,37450,37461,11
12.9809303284,80.2526473999,37461,37471,10
12.9805402756,80.2526779175,37471,37481,10
12.9803199768,80.2527389526,37481,37511,30
12.9803199768,80.2527389526,37511,37521,10
12.9801502228,80.2527008057,37521,37531,10
12.9797697067,80.2526779175,37531,37542,11
12.9790401459,80.2526092529,37542,37552,10
12.9786901474,80.2525405884,37552,37562,10
12.9784297943,80.2524032593,37562,37572,10
12.9778299332,80.2519302368,37572,37582,10
12.9769601822,80.2513427734,37582,37592,10
12.975859642,80.2509994507,37592,37602,10
12.9749803543,80.2507781982,37602,37612,10
12.974029541,80.2504806519,37612,37623,11
12.9728298187,80.2501373291,37623,37633,10
12.9716796875,80.2498474121,37633,37643,10
12.9706602097,80.2495422363,37643,37653,10
12.9694795609,80.2491378784,37653,37663,10
12.968460083,80.2487411499,37663,37673,10
12.9674797058,80.2483215332,37673,37683,10
12.9669799805,80.2480773926,37683,37693,10
12.9666204453,80.2479019165,37693,37704,11
12.9662799835,80.2477416992,37704,37744,40
12.9662799835,80.2477416992,37744,37754,10
12.9660997391,80.2476196289,37754,37764,10
12.9659204483,80.2475585938,37764,37774,10
12.9658699036,80.2475509644,37774,37785,11
12.965669632,80.2474975586,37785,37805,20
12.9654998779,80.247428894,37805,37947,142
12.9654998779,80.247428894,37947,37957,10
12.9651203156,80.2473373413,37957,37967,10
12.9649295807,80.2473068237,37967,37977,10
12.9648199081,80.2472686768,37977,37987,10
12.9645700455,80.2471618652,37987,38007,20
12.96434021,80.2470932007,38007,38038,31
12.96434021,80.2470932007,38038,38048,10
12.9639196396,80.2469482422,38048,38099,51
12.9639196396,80.2469482422,38099,38109,10
12.9636802673,80.2467575073,38109,38119,10
12.963139534,80.2464828491,38119,38129,10
12.9622402191,80.2460327148,38129,38139,10
12.9610700607,80.2454681396,38139,38149,10
12.9599704742,80.2450027466,38149,38159,10
12.95952034,80.2448272705,38159,38169,10
12.9593896866,80.2447662354,38169,38180,11
12.9587001801,80.2444381714,38180,38190,10
12.9579601288,80.2441635132,38190,38200,10
12.9573297501,80.2439193726,38200,38210,10
12.9566402435,80.2437591553,38210,38301,91
12.9566402435,80.2437591553,38301,38311,10
12.9560604095,80.2435684204,38311,38321,10
12.9553699493,80.2431488037,38321,38332,11
12.9542703629,80.2426605225,38332,38342,10
12.9530897141,80.2421417236,38342,38352,10
12.9516401291,80.2416229248,38352,38372,20
12.9516401291,80.2416229248,38372,38382,10
12.951210022,80.2414474487,38382,38392,10
12.9504003525,80.2411727905,38392,38402,10
12.949379921,80.2408370972,38402,38413,11
12.948220253,80.2403869629,38413,38423,10
12.9474000931,80.2400894165,38423,38433,10
12.9473695755,80.2400817871,38433,38443,10
12.9471998215,80.2399978638,38443,38453,10
12.9466400146,80.2397689819,38453,38463,10
12.9457597733,80.2394104004,38463,38473,10
12.9448204041,80.2387237549,38473,38483,10
12.9439897537,80.2378005981,38483,38494,11
12.9432001114,80.2369308472,38494,38504,10
12.942199707,80.2363815308,38504,38514,10
12.9410200119,80.236076355,38514,38524,10
12.9399404526,80.2358093262,38524,38534,10
12.9398403168,80.2357788086,38534,38544,10
12.9397001266,80.2357025146,38544,38554,10
12.9391498566,80.2354125977,38554,38564,10
12.9382600784,80.2349700928,38564,38575,11
12.9371099472,80.234413147,38575,38585,10
12.9363002777,80.2340164185,38585,38595,10
12.9360198975,80.23387146,38595,38605,10
12.9357795715,80.2337722778,38605,38615,10
12.9351396561,80.2334823608,38615,38625,10
12.934220314,80.2331237793,38625,38635,10
12.9339504242,80.233001709,38635,38645,10
12.9338903427,80.232963562,38645,38656,11
12.9332103729,80.2326507568,38656,38666,10
12.9322795868,80.2322998047,38666,38676,10
12.9312295914,80.2319412231,38676,38686,10
12.9300603867,80.2315673828,38686,38696,10
12.9292602539,80.2313995361,38696,38706,10
12.9290800095,80.2313690186,38706,38716,10
12.9289598465,80.2313613892,38716,38726,10
12.9284095764,80.2312469482,38726,38737,11
12.9274301529,80.2311325073,38737,38747,10
12.9264202118,80.231010437,38747,38757,10
12.9262304306,80.2310028076,38757,38767,10
12.9261198044,80.2309875488,38767,38777,10
12.9255199432,80.2309188843,38777,38787,10
12.9246397018,80.2308120728,38787,38797,10
12.9235296249,80.230682373,38797,38807,10
12.9223003387,80.2304992676,38807,38818,11
12.9208097458,80.2302780151,38818,38828,10
12.9193897247,80.2300872803,38828,38838,10
12.9180698395,80.2299194336,38838,38848,10
12.91685009,80.2297592163,38848,38858,10
12.9155797958,80.2295684814,38858,38868,10
12.9142503738,80.2293777466,38868,38878,10
12.9134998322,80.229309082,38878,38889,11
12.9134597778,80.229309082,38889,38899,10
12.9131402969,80.2292633057,38899,38909,10
12.9123897552,80.229133606,38909,38919,10
12.9113397598,80.2289733887,38919,38929,10
12.9101495743,80.2287979126,38929,38939,10
12.9089698792,80.2285919189,38939,38949,10
12.9078197479,80.2284164429,38949,38959,10
12.906999588,80.2283401489,38959,39071,112
12.906999588,80.2283401489,39071,39081,10
12.9068002701,80.2282485962,39081,39091,10
12.9063396454,80.2282028198,39091,39101,10
12.9056901932,80.2281799316,39101,39111,10
12.9047002792,80.2281265259,39111,39121,10
12.9035701752,80.2280807495,39121,39132,11
12.9023303986,80.2280502319,39132,39142,10
12.9017295837,80.2280273438,39142,39152,10
12.9013500214,80.2279891968,39152,39162,10
12.9008598328,80.2279281616,39162,39172,10
12.9003095627,80.2278900146,39172,39182,10
12.8997001648,80.2278671265,39182,39192,10
12.8992099762,80.2278671265,39192,39213,21
12.8992099762,80.2278671265,39213,39223,10
12.8991804123,80.2278671265,39223,39233,10
12.8987598419,80.2278823853,39233,39243,10
12.8980398178,80.2277984619,39243,39253,10
12.8970899582,80.2277297974,39253,39263,10
12.8959598541,80.2276916504,39263,39273,10
12.8948497772,80.2276382446,39273,39283,10
12.893699646,80.2275924683,39283,39294,11
12.8931703568,80.2275238037,39294,39324,30
12.8931703568,80.2275238037,39324,39334,10
12.8929700851,80.2274780273,39334,39344,10
12.8926496506,80.227432251,39344,39354,10
12.8925104141,80.2274398804,39354,39364,10
12.8920402527,80.2273864746,39364,39375,11
12.8910398483,80.2273712158,39375,39385,10
12.8899097443,80.2273635864,39385,39395,10
12.888759613,80.2273635864,39395,39405,10
12.8875904083,80.2272567749,39405,39415,10
12.886590004,80.2270736694,39415,39425,10
12.8855600357,80.2268295288,39425,39435,10
12.8848199844,80.2267532349,39435,39445,10
12.8847103119,80.2267379761,39445,39456,11
12.884180069,80.2267379761,39456,39466,10
12.8832902908,80.2267303467,39466,39476,10
12.8821496964,80.2267379761,39476,39486,10
12.8808803558,80.2267532349,39486,39496,10
12.879529953,80.2267608643,39496,39506,10
12.8781700134,80.2268371582,39506,39516,10
12.8765296936,80.2270202637,39516,39537,21
12.8765296936,80.2270202637,39537,39547,10
12.8762397766,80.2270202637,39547,39557,10
12.8761796951,80.2270202637,39557,39567,10
12.8756999969,80.2269973755,39567,39577,10
12.8748197556,80.2269134521,39577,39587,10
12.87362957,80.2267608643,39587,39597,10
12.8726797104,80.2267379761,39597,39608,11
12.8726196289,80.2267379761,39608,39618,10
12.8723096848,80.2267303467,39618,39628,10
12.8715600967,80.2266921997,39628,39638,10
12.8704795837,80.2266387939,39638,39648,10
12.86921978,80.2264785767,39648,39658,10
12.8679504395,80.2264099121,39658,39668,10
12.8666801453,80.2265396118,39668,39678,10
12.8654203415,80.2266311646,39678,39689,11
12.8641004562,80.2265777588,39689,39699,10
12.8628797531,80.2265625,39699,39709,10
12.8617095947,80.2266235352,39709,39719,10
12.8609695435,80.2266387939,39719,39729,10
12.8609199524,80.2266387939,39729,39739,10
12.8606700897,80.226600647,39739,39749,10
12.860039711,80.2265014648,39749,39759,10
12.8592100143,80.2263793945,39759,39770,11
12.858300209,80.2262802124,39770,39780,10
12.8572902679,80.2262802124,39780,39790,10
12.856010437,80.2264099121,39790,39800,10
12.8545598984,80.2265777588,39800,39810,10
12.8531103134,80.2267227173,39810,39820,10
12.8516302109,80.2266769409,39820,39830,10
12.8503103256,80.2266235352,39830,39840,10
12.8494701385,80.2266235352,39840,39851,11
12.8492498398,80.2266235352,39851,39861,10
12.8486003876,80.2266082764,39861,39871,10
12.8479003906,80.2266082764,39871,39881,10
12.8470201492,80.2266235352,39881,39891,10
12.8457899094,80.2266387939,39891,39911,20
12.8457899094,80.2266387939,39911,39921,10
12.8455896378,80.2266082764,39921,39932,11
12.8452796936,80.2266387939,39932,39942,10
12.8451700211,80.2266387939,39942,39952,10
12.844619751,80.2266769409,39952,39962,10
12.8437004089,80.2267837524,39962,39972,10
12.8425598145,80.2269821167,39972,39982,10
12.841340065,80.2271728516,39982,39992,10
12.8403396606,80.2274780273,39992,40002,10
12.8399801254,80.2276611328,40002,40013,11
12.8397798538,80.2277603149,40013,40023,10
12.8397598267,80.2277679443,40023,40033,10
12.8396196365,80.2278366089,40033,40043,10
12.8393001556,80.227897644,40043,40053,10
12.8385295868,80.2280502319,40053,40063,10
12.837439537,80.2282791138,40063,40073,10
12.8361701965,80.2284622192,40073,40084,11
12.8346700668,80.2286834717,40084,40094,10
12.8332595825,80.2289276123,40094,40104,10
12.8324699402,80.2291030884,40104,40114,10
12.8323802948,80.2291107178,40114,40124,10
12.8323001862,80.229133606,40124,40134,10
12.8318996429,80.2292175293,40134,40144,10
12.8318796158,80.2292175293,40144,40154,10
12.8314399719,80.2293167114,40154,40165,11
12.8304796219,80.229637146,40165,40175,10
12.82929039,80.2301101685,40175,40185,10
12.8280096054,80.2307662964,40185,40195,10
12.8267402649,80.2313232422,40195,40205,10
12.8253498077,80.2314300537,40205,40215,10
12.8239498138,80.2312088013,40215,40225,10
12.822640419,80.230796814,40225,40235,10
12.8212299347,80.2304763794,40235,40246,11
12.8196601868,80.2305221558,40246,40256,10
12.8189001083,80.2305221558,40256,40266,10
12.8186998367,80.2304382324,40266,40276,10
12.8180303574,80.2301101685,40276,40286,10
12.8169698715,80.229637146,40286,40296,10
12.815580368,80.2293777466,40296,40306,10
12.8140802383,80.2291412354,40306,40316,10
12.8125896454,80.2286605835,40316,40327,11
12.8109197617,80.2280578613,40327,40337,10
12.8095598221,80.2275009155,40337,40347,10
12.8083600998,80.2266235352,40347,40357,10
12.8074197769,80.2257995605,40357,40367,10
12.8067703247,80.2252426147,40367,40377,10
12.8062801361,80.2248306274,40377,40387,10
12.8057098389,80.2243423462,40387,40397,10
12.8052597046,80.2240905762,40397,40408,11
12.8050403595,80.2240371704,40408,40418,10
12.8044204712,80.2239379883,40418,40428,10
12.8037204742,80.2238922119,40428,40438,10
12.8030195236,80.2238235474,40438,40448,10
12.8021402359,80.2237014771,40448,40458,10
12.8012599945,80.2236328125,40458,40468,10
12.8010902405,80.2236175537,40468,40478,10
12.8004999161,80.2235488892,40478,40489,11
12.7994604111,80.2234573364,40489,40499,10
12.7982196808,80.2232818604,40499,40509,10
12.7968597412,80.2230834961,40509,40519,10
12.7957201004,80.22290802,40519,40539,20
12.7957201004,80.22290802,40539,40549,10
12.7953796387,80.2228164673,40549,40559,10
12.7946195602,80.2227020264,40559,40570,11
12.7934799194,80.2225189209,40570,40580,10
12.79226017,80.222328186,40580,40590,10
12.791009903,80.2220230103,40590,40600,10
12.7900400162,80.2217712402,40600,40610,10
12.7896404266,80.2216567993,40610,40620,10
12.7892799377,80.2215499878,40620,40630,10
12.7891101837,80.2214813232,40630,40681,51
12.7891101837,80.2214813232,40681,40691,10
12.7888002396,80.2213897705,40691,40701,10
12.7885303497,80.2212905884,40701,40732,31
12.7882995605,80.2211990356,40732,40752,20
12.7882995605,80.2211990356,40752,40762,10
12.7880802155,80.2210617065,40762,40772,10
12.787779808,80.2209777832,40772,40813,41
12.787779808,80.2209777832,40813,40823,10
12.787560463,80.2208709717,40823,40833,10
12.787320137,80.2207870483,40833,40843,10
12.7869796753,80.2206573486,40843,40853,10
12.7866201401,80.2205200195,40853,40914,61
12.7866201401,80.2205200195,40914,40924,10
12.7861499786,80.2203292847,40924,40934,10
12.78565979,80.220161438,40934,40944,10
12.7851200104,80.2198867798,40944,40954,10
12.784620285,80.219619751,40954,40965,11
12.7846002579,80.219581604,40965,40975,10
12.7842903137,80.2194137573,40975,40985,10
12.7836399078,80.219039917,40985,40995,10
12.7828197479,80.2185821533,40995,41005,10
12.7817296982,80.2179794312,41005,41015,10
12.7804498672,80.2172775269,41015,41025,10
12.7790603638,80.216506958,41025,41035,10
12.7775001526,80.2157669067,41035,41046,11
12.7756595612,80.2150192261,41046,41056,10
12.7739601135,80.2143478394,41056,41066,10
12.7723398209,80.213722229,41066,41076,10
12.770939827,80.2132263184,41076,41086,10
12.7704000473,80.2130584717,41086,41096,10
12.7701797485,80.2129974365,41096,41106,10
12.7695198059,80.2127380371,41106,41116,10
12.7683496475,80.2123031616,41116,41127,11
12.7670202255,80.2117996216,41127,41137,10
12.765540123,80.2112731934,41137,41147,10
12.7640104294,80.2107162476,41147,41157,10
12.7624797821,80.2101516724,41157,41167,10
12.7609796524,80.209487915,41167,41177,10
12.7597503662,80.2088317871,41177,41187,10
12.7585496902,80.2081832886,41187,41198,11
12.7571802139,80.2074203491,41198,41208,10
12.7559499741,80.2067184448,41208,41218,10
12.7546195984,80.2060012817,41218,41228,10
12.7532701492,80.2052764893,41228,41238,10
12.7518901825,80.2045516968,41238,41248,10
12.750579834,80.2038421631,41248,41258,10
12.7492303848,80.2031478882,41258,41268,10
12.7478399277,80.2024612427,41268,41279,11
12.7463302612,80.2016983032,41279,41289,10
12.7449703217,80.2009811401,41289,41299,10
12.7438802719,80.1999130249,41299,41309,10
12.7428998947,80.1987686157,41309,41319,10
12.741979599,80.1976776123,41319,41329,10
12.741109848,80.1965026855,41329,41339,10
12.7401895523,80.1952590942,41339,41349,10
12.7393198013,80.1940002441,41349,41360,11
12.7383298874,80.1926498413,41360,41370,10
12.7373104095,80.191619873,41370,41380,10
12.7364196777,80.1907272339,41380,41390,10
12.7355298996,80.1899032593,41390,41400,10
12.734459877,80.1895599365,41400,41410,10
12.7334499359,80.189491272,41410,41420,10
12.7326097488,80.1893463135,41420,41430,10
12.7318000793,80.189201355,41430,41441,11
12.7309398651,80.1891021729,41441,41451,10
12.7307500839,80.1890869141,41451,41461,10
12.7304000854,80.1890487671,41461,41471,10
12.7300701141,80.1889877319,41471,41481,10
12.7298002243,80.1889801025,41481,41491,10
12.7292098999,80.1889572144,41491,41501,10
12.7283697128,80.1887817383,41501,41511,10
12.7276096344,80.188583374,41511,41522,11
12.7267198563,80.1883392334,41522,41532,10
12.7258796692,80.1881637573,41532,41592,60
12.7258796692,80.1881637573,41592,41603,11
12.725520134,80.188079834,41603,41613,10
12.7252502441,80.1880264282,41613,41623,10
12.7248096466,80.1879730225,41623,41633,10
12.72453022,80.1879196167,41633,41643,10
12.7240600586,80.187789917,41643,41653,10
12.7234601974,80.1876296997,41653,41663,10
12.7226800919,80.1874465942,41663,41684,21
12.7226800919,80.1874465942,41684,41694,10
12.7223796844,80.1874923706,41694,41704,10
12.7223501205,80.1875762939,41704,41714,10
12.7222795486,80.1876678467,41714,41724,10
12.7221603394,80.1879425049,41724,41734,10
12.7220201492,80.1877365112,41734,42626,892
12.7221403122,80.1875686646,42626,42646,20
12.7221403122,80.1875686646,42646,42656,10
12.722319603,80.1873626709,42656,42666,10
12.7226200104,80.1874313354,42666,42676,10
12.7231903076,80.1875610352,42676,42686,10
12.7238101959,80.187713623,42686,42697,11
12.72397995,80.1877593994,42697,42707,10
12.7241296768,80.1878128052,42707,42717,10
12.7244997025,80.1878890991,42717,42737,20
12.7244997025,80.1878890991,42737,42747,10
12.7249002457,80.1879577637,42747,42757,10
12.7254400253,80.188041687,42757,42767,10
12.7260398865,80.1881484985,42767,42778,11
12.7268896103,80.1883392334,42778,42788,10
12.7276096344,80.1884994507,42788,42798,10
12.7283802032,80.1887130737,42798,42808,10
12.7291202545,80.1888885498,42808,42818,10
12.7296495438,80.1889190674,42818,42828,10
12.7297000885,80.1889419556,42828,42838,10
12.7300596237,80.1889801025,42838,42848,10
12.7305002213,80.1890563965,42848,42859,11
12.7308797836,80.1891021729,42859,42869,10
12.7315998077,80.1891479492,42869,42879,10
12.7325201035,80.1893234253,42879,42889,10
12.7336101532,80.1894607544,42889,42899,10
12.7348499298,80.1895828247,42899,42909,10
12.7359304428,80.1901016235,42909,42919,10
12.7368602753,80.1910400391,42919,42929,10
12.7379703522,80.1921920776,42929,42940,11
12.7391195297,80.1935806274,42940,42950,10
12.7400903702,80.1949234009,42950,42960,10
12.741060257,80.1962585449,42960,42970,10
12.7418804169,80.1973800659,42970,42980,10
12.741979599,80.197517395,42980,42990,10
12.7422399521,80.1978683472,42990,43000,10
12.7428398132,80.1985702515,43000,43010,10
12.7436199188,80.1994781494,43010,43021,11
12.744310379,80.2002716064,43021,43031,10
12.7444095612,80.2003707886,43031,43041,10
12.7448596954,80.2007827759,43041,43051,10
12.7457504272,80.2013015747,43051,43061,10
12.7468996048,80.2018814087,43061,43071,10
12.748169899,80.2025375366,43071,43081,10
12.7495203018,80.2032470703,43081,43091,10
12.7508001328,80.2039108276,43091,43102,11
12.7520904541,80.2045822144,43102,43112,10
12.7533998489,80.2052688599,43112,43122,10
12.7547798157,80.2060165405,43122,43132,10
12.7562198639,80.2067871094,43132,43142,10
12.7576599121,80.207572937,43142,43152,10
12.7590703964,80.2083511353,43152,43162,10
12.7601995468,80.2089614868,43162,43173,11
12.7614603043,80.2096176147,43173,43183,10
12.7628297806,80.2101974487,43183,43193,10
12.7641401291,80.2107162476,43193,43203,10
12.7654895782,80.2111968994,43203,43213,10
12.7669200897,80.2117080688,43213,43223,10
12.7684202194,80.212272644,43223,43233,10
12.7698898315,80.2127914429,43233,43243,10
12.7711200714,80.2132110596,43243,43254,11
12.7724599838,80.213722229,43254,43264,10
12.773850441,80.2142562866,43264,43274,10
12.7753295898,80.2148513794,43274,43284,10
12.7766199112,80.2153778076,43284,43294,10
12.777759552,80.2158508301,43294,43304,10
12.7790002823,80.2164535522,43304,43314,10
12.7802801132,80.2171325684,43314,43324,10
12.7815799713,80.2178421021,43324,43335,11
12.782959938,80.2185974121,43335,43345,10
12.784040451,80.2192230225,43345,43355,10
12.7848997116,80.2196884155,43355,43365,10
12.7855701447,80.2200164795,43365,43375,10
12.7861003876,80.2202529907,43375,43416,41
12.7861003876,80.2202529907,43416,43426,10
12.7863397598,80.2204437256,43426,43436,10
12.7867097855,80.2205581665,43436,43446,10
12.7872600555,80.220741272,43446,43456,10
12.7879104614,80.2209625244,43456,43466,10
12.7885904312,80.2212295532,43466,43476,10
12.7892999649,80.2214889526,43476,43486,10
12.7899198532,80.2217102051,43486,43497,11
12.7908601761,80.2219467163,43497,43507,10
12.7920303345,80.2222518921,43507,43517,10
12.793419838,80.2224807739,43517,43527,10
12.7949199677,80.2227172852,43527,43537,10
12.7960195541,80.2229003906,43537,43547,10
12.7964401245,80.2229537964,43547,43557,10
12.7965898514,80.2229919434,43557,43567,10
12.7972297668,80.2230987549,43567,43578,11
12.7982902527,80.2232437134,43578,43588,10
12.7994403839,80.2233581543,43588,43598,10
12.8006401062,80.2234802246,43598,43608,10
12.8014297485,80.2235412598,43608,43618,10
12.801440239,80.2235488892,43618,43628,10
12.8019504547,80.2236480713,43628,43638,10
12.802740097,80.2237625122,43638,43648,10
12.8037595749,80.2238693237,43648,43659,11
12.8047103882,80.2239532471,43659,43669,10
12.8052501678,80.224067688,43669,43679,10
12.8055496216,80.2241516113,43679,43689,10
12.8057203293,80.2242279053,43689,43699,10
12.8062496185,80.2246398926,43699,43709,10
12.8070201874,80.2253189087,43709,43719,10
12.8079395294,80.2261123657,43719,43730,11
12.8091602325,80.2271270752,43730,43740,10
12.8102703094,80.2276916504,43740,43750,10
12.8113298416,80.2281417847,43750,43760,10
12.8123598099,80.2285308838,43760,43770,10
12.8135404587,80.2289199829,43770,43780,10
12.8147802353,80.2292175293,43780,43790,10
12.8162603378,80.2294235229,43790,43800,10
12.8176698685,80.2298583984,43800,43811,11
12.8191604614,80.23046875,43811,43821,10
12.8197803497,80.2304382324,43821,43831,10
12.8201398849,80.2304382324,43831,43841,10
12.8210296631,80.230430603,43841,43851,10
12.8222398758,80.2306213379,43851,43861,10
12.823559761,80.2310409546,43861,43871,10
12.8248901367,80.2313537598,43871,43881,10
12.8264102936,80.2313232422,43881,43892,11
12.8279800415,80.230758667,43892,43902,10
12.8293399811,80.2300415039,43902,43912,10
12.8306598663,80.2295074463,43912,43922,10
12.8310604095,80.229347229,43922,43932,10
12.8313798904,80.2292480469,43932,43942,10
12.8315601349,80.2292022705,43942,43952,10
12.8322095871,80.229057312,43952,43962,10
12.8331298828,80.2288894653,43962,43973,11
12.8342599869,80.2287063599,43973,43983,10
12.8353996277,80.2284927368,43983,43993,10
12.8367795944,80.2282791138,43993,44003,10
12.8382101059,80.2280273438,44003,44013,10
12.8391199112,80.2277832031,44013,44023,10
12.8395595551,80.2275924683,44023,44033,10
12.8398799896,80.2275390625,44033,44043,10
12.8405799866,80.2274169922,44043,44054,11
12.8417301178,80.2271194458,44054,44064,10
12.843000412,80.226852417,44064,44074,10
12.8443603516,80.2266464233,44074,44084,10
12.8454303741,80.2265777588,44084,44104,20
12.8454303741,80.2265777588,44104,44114,10
12.8456802368,80.2265777588,44114,44124,10
12.8462200165,80.2265777588,44124,44135,11
12.8472604752,80.2265625,44135,44145,10
12.8484601974,80.2265625,44145,44155,10
12.8496599197,80.2265625,44155,44165,10
12.8507499695,80.2265472412,44165,44175,10
12.8518104553,80.2266311646,44175,44185,10
12.8530197144,80.2266693115,44185,44195,10
12.8542995453,80.2265625,44195,44205,10
12.8556404114,80.2264099121,44205,44216,11
12.8569002151,80.2262802124,44216,44226,10
12.8579998016,80.2261962891,44226,44236,10
12.8587703705,80.2262268066,44236,44246,10
12.8597698212,80.2263717651,44246,44256,10
12.860619545,80.2264785767,44256,44266,10
12.8607797623,80.2264862061,44266,44276,10
12.8612804413,80.2265090942,44276,44287,11
12.8623399734,80.2264785767,44287,44297,10
12.8635597229,80.2264709473,44297,44307,10
12.8649101257,80.2265167236,44307,44317,10
12.8660697937,80.2265090942,44317,44327,10
12.8669996262,80.2264480591,44327,44337,10
12.8682098389,80.226348877,44337,44347,10
12.8695802689,80.2264633179,44347,44357,10
12.8709697723,80.2266082764,44357,44368,11
12.8728103638,80.2266235352,44368,44388,20
12.8728103638,80.2266235352,44388,44398,10
12.8730697632,80.2266387939,44398,44408,10
12.8737697601,80.2266769409,44408,44418,10
12.8747596741,80.2268218994,44418,44428,10
12.8758602142,80.2268981934,44428,44438,10
12.8765602112,80.226890564,44438,44449,11
12.8767004013,80.2268829346,44449,44459,10
12.8773097992,80.2268371582,44459,44469,10
12.8782396317,80.2267837524,44469,44479,10
12.8793802261,80.2267227173,44479,44489,10
12.8806800842,80.2266998291,44489,44499,10
12.8817796707,80.2266998291,44499,44509,10
12.883480072,80.2266616821,44509,44519,10
12.8847198486,80.2266387939,44519,44530,11
12.8852500916,80.2266464233,44530,44540,10
12.8856096268,80.2267303467,44540,44550,10
12.8864002228,80.2269363403,44550,44560,10
12.8874197006,80.2271728516,44560,44570,10
12.8886098862,80.2273101807,44570,44580,10
12.889960289,80.2273330688,44580,44590,10
12.8914499283,80.2273178101,44590,44600,10
12.8923797607,80.2273178101,44600,44611,11
12.892539978,80.2273178101,44611,44621,10
12.8929700851,80.2274093628,44621,44631,10
12.893699646,80.2275238037,44631,44641,10
12.8947200775,80.2276000977,44641,44651,10
12.8959703445,80.2276229858,44651,44661,10
12.8973503113,80.2277069092,44661,44671,10
12.8987503052,80.2277984619,44671,44681,10
12.9002504349,80.2278518677,44681,44702,21
12.9002504349,80.2278518677,44702,44712,10
12.900639534,80.2279129028,44712,44722,10
12.9009399414,80.2279129028,44722,44732,10
12.9013004303,80.2279586792,44732,44742,10
12.9016199112,80.2279815674,44742,44752,10
12.9019603729,80.2279891968,44752,44763,11
12.9024801254,80.2279891968,44763,44773,10
12.9024896622,80.2279891968,44773,44783,10
12.9025802612,80.2280502319,44783,44793,10
12.9031095505,80.2280807495,44793,44803,10
12.9039297104,80.2281265259,44803,44813,10
12.904709816,80.2281723022,44813,44823,10
12.9057102203,80.228187561,44823,44864,41
12.9057102203,80.228187561,44864,44874,10
12.9058904648,80.2281570435,44874,44884,10
12.9063596725,80.228187561,44884,44894,10
12.9067602158,80.2282180786,44894,44904,10
12.9068498611,80.2282562256,44904,44914,10
12.9072799683,80.2283401489,44914,44925,11
12.9093399048,80.2286682129,44925,44935,10
12.9093399048,80.2286682129,44935,44945,10
12.9106798172,80.2288818359,44945,44955,10
12.9120998383,80.2290496826,44955,44965,10
12.9133996964,80.2292098999,44965,44975,10
12.9138803482,80.2292785645,44975,44985,10
12.9141101837,80.229309082,44985,44996,11
12.9142599106,80.2293167114,44996,45007,11
12.9146203995,80.2293701172,45007,45017,10
12.9154195786,80.2295227051,45017,45027,10
12.9165096283,80.2296676636,45027,45037,10
12.9175195694,80.2298126221,45037,45047,10
12.9182100296,80.2299118042,45047,45056,9
12.9190998077,80.2300491333,45056,45067,11
12.9201097488,80.230178833,45067,45077,10
12.9215898514,80.2303466797,45077,45088,11
12.9230098724,80.2305679321,45088,45098,10
12.9243497849,80.2307510376,45098,45108,10
12.9257097244,80.2308807373,45108,45118,10
12.9264001846,80.2309494019,45118,45128,10
12.926659584,80.2309799194,45128,45138,10
12.9273395538,80.2310714722,45138,45148,10
12.9282798767,80.2312011719,45148,45159,11
12.9292697906,80.2313690186,45159,45169,10
12.9303197861,80.2316207886,45169,45179,10
12.9313201904,80.231918335,45179,45189,10
12.93227005,80.2322311401,45189,45199,10
12.9335203171,80.2326965332,45199,45219,20
12.9335203171,80.2326965332,45219,45229,10
12.9339199066,80.2329177856,45229,45240,11
12.9347801208,80.2332992554,45240,45250,10
12.9356403351,80.2336730957,45250,45260,10
12.9365196228,80.23412323,45260,45270,10
12.9375896454,80.2346191406,45270,45280,10
12.9387598038,80.2351837158,45280,45290,10
12.9395503998,80.2355575562,45290,45300,10
12.9395999908,80.2355804443,45300,45310,10
12.9397201538,80.2356796265,45310,45321,11
12.940199852,80.2358779907,45321,45331,10
12.9410600662,80.2361221313,45331,45341,10
12.9421796799,80.236366272,45341,45351,10
12.9433202744,80.2370071411,45351,45361,10
12.9442300797,80.2379989624,45361,45371,10
12.9451999664,80.2389602661,45371,45381,10
12.9464101791,80.2396011353,45381,45391,10
12.94713974,80.2398986816,45391,45402,11
12.9471797943,80.2399215698,45402,45412,10
12.9476003647,80.2401275635,45412,45422,10
12.9482603073,80.2404174805,45422,45432,10
12.9487895966,80.2406311035,45432,45442,10
12.9493904114,80.2408676147,45442,45452,10
12.9501695633,80.2410812378,45452,45462,10
12.950920105,80.241317749,45462,45472,10
12.9510002136,80.2413482666,45472,45483,11
12.9514703751,80.2415313721,45483,45493,10
12.9521799088,80.2417831421,45493,45503,10
12.9531297684,80.2421569824,45503,45513,10
12.954079628,80.2425308228,45513,45523,10
12.9547996521,80.2428207397,45523,45533,10
12.9556398392,80.2431335449,45533,45543,10
12.9562501907,80.243270874,45543,45553,10
12.9564599991,80.2433395386,45553,45564,11
12.9570798874,80.2436523438,45564,45574,10
12.9579000473,80.2440338135,45574,45584,10
12.958609581,80.2443389893,45584,45594,10
12.9589796066,80.2445220947,45594,45604,10
12.9591798782,80.2446136475,45604,45614,10
12.9597101212,80.2448883057,45614,45624,10
12.9605302811,80.2452468872,45624,45635,11
12.9616804123,80.2457809448,45635,45645,10
12.9629001617,80.2463684082,45645,45675,30
12.9629001617,80.2463684082,45675,45685,10
12.963139534,80.2465667725,45685,45695,10
12.9636497498,80.2468109131,45695,45705,10
12.9643201828,80.2470397949,45705,45716,11
12.9652795792,80.2473220825,45716,45726,10
12.9661598206,80.2476806641,45726,45736,10
12.9666996002,80.2478866577,45736,45746,10
12.9667196274,80.2479019165,45746,45756,10
12.9668903351,80.248008728,45756,45766,10
12.9672803879,80.2481689453,45766,45776,10
12.9680404663,80.2484893799,45776,45786,10
12.9689598083,80.2488937378,45786,45797,11
12.9701004028,80.2492828369,45797,45807,10
12.9711999893,80.2496414185,45807,45817,10
12.9723596573,80.2499771118,45817,45827,10
12.9733695984,80.25025177,45827,45837,10
12.9741697311,80.2504806519,45837,45847,10
12.9751901627,80.2507705688,45847,45857,10
12.9765195847,80.2511367798,45857,45867,10
12.9777498245,80.2517471313,45867,45878,11
12.9786195755,80.2523727417,45878,45888,10
12.9786996841,80.2524185181,45888,45898,10
12.979470253,80.2526016235,45898,45918,20
12.979470253,80.2526016235,45918,45928,10
12.9797201157,80.2526321411,45928,45938,10
12.9802503586,80.2526702881,45938,45948,10
12.9808397293,80.2526626587,45948,45959,11
12.9818201065,80.2526397705,45959,45969,10
12.9828701019,80.2525863647,45969,45979,10
12.9838600159,80.2523880005,45979,45989,10
12.9848203659,80.2521286011,45989,45999,10
12.9854803085,80.2519302368,45999,46009,10
12.9854898453,80.2519226074,46009,46019,10
12.9856100082,80.2518920898,46019,46029,10
12.9859800339,80.2517623901,46029,46040,11
12.9864797592,80.251663208,46040,46050,10
12.9872398376,80.251449585,46050,46060,10
12.9878902435,80.2512969971,46060,46070,10
12.9886398315,80.2511062622,46070,46080,10
12.9894504547,80.250869751,46080,46090,10
12.9896602631,80.2508468628,46090,46100,10
12.9901800156,80.2507476807,46100,46111,11
12.9911403656,80.2505111694,46111,46121,10
12.9922599792,80.2502365112,46121,46131,10
12.9935598373,80.2498931885,46131,46141,10
12.9947795868,80.2495803833,46141,46150,9
12.9961996078,80.2492370605,46150,46161,11
12.9975004196,80.248916626,46161,46171,10
12.9992198944,80.2484817505,46171,46181,10
13.0005302429,80.2481384277,46181,46192,11
13.0017595291,80.2478179932,46192,46202,10
13.0024204254,80.2476730347,46202,46212,10
13.0032901764,80.2475128174,46212,46222,10
13.0043802261,80.2473526001,46222,46232,10
13.0054702759,80.2472000122,46232,46242,10
13.0062198639,80.246887207,46242,46252,10
13.006480217,80.2464981079,46252,46262,10
13.0065002441,80.2464675903,46262,46273,11
13.0065803528,80.2460479736,46273,46283,10
13.0066404343,80.2452926636,46283,46293,10
13.0066099167,80.2447433472,46293,46303,10
13.0065803528,80.244430542,46303,46313,10
13.0065603256,80.2440032959,46313,46323,10
13.0065698624,80.2434997559,46323,46333,10
13.0065603256,80.2429199219,46333,46343,10
13.0065402985,80.2422103882,46343,46354,11
13.0065603256,80.2413711548,46354,46364,10
13.0066003799,80.2408370972,46364,46374,10
13.0066795349,80.2404174805,46374,46384,10
13.0067300797,80.2399902344,46384,46394,10
13.0068597794,80.2393569946,46394,46404,10
13.0070400238,80.2385406494,46404,46414,10
13.007229805,80.2377090454,46414,46424,10
13.0073795319,80.2369918823,46424,46455,31
13.0073795319,80.2369918823,46455,46465,10
13.0074300766,80.2366790771,46465,46475,10
13.0075502396,80.2362976074,46475,46485,10
13.0076503754,80.2358169556,46485,46495,10
13.0078201294,80.2349624634,46495,46505,10
13.0080604553,80.2338790894,46505,46516,11
13.0083303452,80.2324905396,46516,46526,10
13.0085802078,80.2311477661,46526,46536,10
13.008769989,80.2301712036,46536,46546,10
13.009059906,80.2286224365,46546,46556,10
13.0092601776,80.2278671265,46556,46566,10
13.0097799301,80.2267303467,46566,46576,10
13.0102500916,80.2257232666,46576,46586,10
13.0106601715,80.224861145,46586,46597,11
13.0109701157,80.2242431641,46597,46607,10
13.0111598969,80.2237625122,46607,46617,10
13.0111598969,80.223739624,46617,46627,10
13.0112199783,80.2236099243,46627,46637,10
13.0113601685,80.2232284546,46637,46647,10
13.0116195679,80.2225570679,46647,46657,10
13.0119104385,80.2217407227,46657,46668,11
13.0122699738,80.2215423584,46668,46678,10
13.0126199722,80.2221298218,46678,46688,10
13.0132598877,80.2227325439,46688,46698,10
13.0139503479,80.223487854,46698,46708,10
13.0143995285,80.2239837646,46708,46718,10
13.0151500702,80.2247085571,46718,46728,10
13.0156097412,80.2250976563,46728,46749,21
13.0156097412,80.2250976563,46749,46759,10
13.0157299042,80.225227356,46759,46769,10
13.0160598755,80.2253570557,46769,46779,10
13.016869545,80.225189209,46779,46789,10
13.0179300308,80.2247619629,46789,46799,10
13.0194997787,80.2244262695,46799,46819,20
13.0194997787,80.2244262695,46819,46830,11
13.019780159,80.2245788574,46830,46840,10
13.02023983,80.2249221802,46840,46850,10
13.0208797455,80.2253799438,46850,46860,10
13.0215702057,80.2259216309,46860,46870,10
13.0222702026,80.2264404297,46870,46890,20
13.0222702026,80.2264404297,46890,46900,10
13.022359848,80.2265396118,46900,46911,11
13.0225496292,80.2267227173,46911,46921,10
13.0230703354,80.2272033691,46921,46931,10
13.0235996246,80.2276382446,46931,46941,10
13.0242099762,80.2282028198,46941,46951,10
13.024600029,80.2287521362,46951,46961,10
13.0248003006,80.2290878296,46961,46971,10
13.0250597,80.2294387817,46971,46981,10
13.025560379,80.2300796509,46981,46992,11
13.0258598328,80.230682373,46992,47022,30
13.0258598328,80.230682373,47022,47032,10
13.0259399414,80.2308807373,47032,47042,10
13.0260095596,80.2312011719,47042,47052,10
13.0261201859,80.2316436768,47052,47062,10
13.0263500214,80.232383728,47062,47083,21
13.0263500214,80.232383728,47083,47093,10
13.0263795853,80.2325820923,47093,47103,10
13.026599884,80.2330474854,47103,47113,10
13.0269804001,80.2337036133,47113,47123,10
13.0275201797,80.2345199585,47123,47133,10
13.0279397964,80.2353210449,47133,47144,11
13.0286197662,80.2361373901,47144,47154,10
13.0292396545,80.2368011475,47154,47164,10
13.0296802521,80.2372817993,47164,47184,20
13.0296802521,80.2372817993,47184,47194,10
13.0298900604,80.2376403809,47194,47204,10
13.0301799774,80.2381668091,47204,47214,10
13.030380249,80.2385025024,47214,47225,11
13.030500412,80.2387619019,47225,47235,10
13.030670166,80.2390594482,47235,47245,10
13.0308303833,80.2393798828,47245,47255,10
13.0311603546,80.2399520874,47255,47265,10
13.0313501358,80.2404022217,47265,47275,10
13.0313796997,80.2407531738,47275,47285,10
13.0315103531,80.2409973145,47285,47295,10
13.0317001343,80.2413711548,47295,47306,11
13.0320100784,80.2420120239,47306,47316,10
13.0325098038,80.2425613403,47316,47326,10
13.0330896378,80.2433395386,47326,47336,10
13.0336904526,80.244178772,47336,47346,10
13.0341596603,80.2447967529,47346,47356,10
13.0345401764,80.2452774048,47356,47366,10
13.0349397659,80.2457199097,47366,47376,10
13.0349597931,80.2457504272,47376,47387,11
13.0352296829,80.2460327148,47387,47397,10
13.0354604721,80.2461624146,47397,47427,30
13.0354604721,80.2461624146,47427,47437,10
13.0356397629,80.2462463379,47437,47447,10
13.035900116,80.2463226318,47447,47457,10
13.0365800858,80.2464599609,47457,47468,11
13.0373296738,80.2464065552,47468,47478,10
13.038020134,80.2465286255,47478,47488,10
13.0387201309,80.2467803955,47488,47528,40
13.0387201309,80.2467803955,47528,47538,10
13.0389204025,80.2469024658,47538,47549,11
13.0394096375,80.2470169067,47549,47559,10
13.0399703979,80.2471313477,47559,47569,10
13.0407600403,80.2472763062,47569,47579,10
13.0416002274,80.247428894,47579,47589,10
13.0422496796,80.2475814819,47589,47599,10
13.0426597595,80.2478179932,47599,47609,10
13.0430803299,80.2479705811,47609,47620,11
13.043680191,80.2480163574,47620,47630,10
13.0442199707,80.2479171753,47630,47640,10
13.0448303223,80.248008728,47640,47650,10
13.0452604294,80.2482376099,47650,47660,10
13.0458803177,80.2484893799,47660,47670,10
13.0468902588,80.2484283447,47670,47690,20
13.0468902588,80.2484283447,47690,47701,11
13.0471000671,80.2484817505,47701,47711,10
13.0474300385,80.2486801147,47711,47721,10
13.0476903915,80.2489624023,47721,47731,10
13.0478096008,80.2491226196,47731,47741,10
13.0481796265,80.249458313,47741,47751,10
13.0488300323,80.2497024536,47751,47761,10
13.0496397018,80.2498626709,47761,47771,10
13.0506801605,80.2500686646,47771,47782,11
13.0515499115,80.250328064,47782,47792,10
13.0522403717,80.2509536743,47792,47802,10
13.0528497696,80.2517471313,47802,47812,10
13.0533895493,80.252456665,47812,47822,10
13.0539102554,80.2531890869,47822,47832,10
13.0543603897,80.2537918091,47832,47842,10
13.0545301437,80.2540206909,47842,47852,10
13.0547304153,80.2542800903,47852,47863,11
13.0549097061,80.2545089722,47863,47873,10
13.055150032,80.2547988892,47873,47883,10
13.055390358,80.2551498413,47883,47893,10
13.0553998947,80.2551727295,47893,47903,10
13.0556001663,80.2554626465,47903,47913,10
13.0558395386,80.2557830811,47913,47923,10
13.0560598373,80.2560806274,47923,47933,10
13.0562496185,80.2563323975,47933,47944,11
13.0565795898,80.2566833496,47944,47954,10
13.0569801331,80.2570495605,47954,47964,10
13.0574703217,80.2574996948,47964,47974,10
13.0577001572,80.2576980591,47974,47984,10
13.0579900742,80.2579574585,47984,47994,10
13.0580501556,80.2580413818,47994,48004,10
13.0581798553,80.2582702637,48004,48014,10
13.0583200455,80.2584686279,48014,48025,11
13.0584697723,80.2587203979,48025,48035,10
13.0587797165,80.2590408325,48035,48045,10
13.0591201782,80.2595825195,48045,48055,10
13.0594902039,80.2600631714,48055,48065,10
13.0599498749,80.2604064941,48065,48075,10
13.0603303909,80.2607803345,48075,48085,10
13.0605802536,80.2611083984,48085,48095,10
13.0605802536,80.2611236572,48095,48106,11
13.0607004166,80.2613220215,48106,48116,10
13.0610599518,80.2618331909,48116,48126,10
13.0615100861,80.2623062134,48126,48136,10
13.0619001389,80.2628631592,48136,48146,10
13.0624799728,80.2635574341,48146,48156,10
13.0630502701,80.2642288208,48156,48166,10
13.0634899139,80.2649078369,48166,48177,11
13.0638399124,80.2653427124,48177,48197,20
13.0638399124,80.2653427124,48197,48207,10
13.0641202927,80.2657165527,48207,48217,10
13.0645198822,80.266242981,48217,48227,10
13.0648002625,80.2665863037,48227,48237,10
13.065369606,80.2670593262,48237,48247,10
13.0657100677,80.2674179077,48247,48258,11
13.0657196045,80.2674407959,48258,48268,10
13.0659799576,80.267868042,48268,48278,10
13.0664596558,80.2683792114,48278,48288,10
13.0669498444,80.2686920166,48288,48298,10
13.0676202774,80.2690505981,48298,48308,10
13.0679798126,80.2692184448,48308,48318,10
13.0680503845,80.26927948,48318,48328,10
13.0681495667,80.2695236206,48328,48339,11
13.0681600571,80.2695999146,48339,48349,10
13.0681400299,80.2698822021,48349,48359,10
13.0680799484,80.2700576782,48359,48369,10
13.0680999756,80.2702484131,48369,48379,10
13.0680904388,80.2705535889,48379,48389,10
13.0680904388,80.2712173462,48389,48398,9
13.0681495667,80.2714004517,48398,48409,11
13.0683202744,80.2715988159,48409,48420,11
13.0684900284,80.2717895508,48420,48430,10
13.0687198639,80.2719192505,48430,48440,10
13.0689697266,80.2720413208,48440,48450,10
13.0692396164,80.2722473145,48450,48460,10
13.0696697235,80.2727127075,48460,48470,10
13.070110321,80.2732009888,48470,48480,10
13.0704698563,80.2736816406,48480,48490,10
13.0706100464,80.2739181519,48490,48501,11
13.0706796646,80.2740402222,48501,48511,10
13.071269989,80.2742919922,48511,48561,50
13.071269989,80.2742919922,48561,48571,10
13.0713796616,80.274269104,48571,48582,11
13.0717802048,80.2744522095,48582,48592,10
13.0722503662,80.274887085,48592,48602,10
13.0727996826,80.2754821777,48602,48612,10
13.073390007,80.2760772705,48612,48622,10
13.0739202499,80.2763214111,48622,48632,10
13.0740098953,80.2763214111,48632,48642,10
13.0743198395,80.2763366699,48642,48653,11
13.0750303268,80.2763214111,48653,48663,10
13.075799942,80.2762832642,48663,48673,10
13.0767097473,80.2762374878,48673,48683,10
13.0777397156,80.2761611938,48683,48693,10
13.0782203674,80.2755813599,48693,48703,10
13.0788202286,80.2751235962,48703,48713,10
13.0796604156,80.2752838135,48713,48723,10
13.0805797577,80.2752227783,48723,48734,11
13.0812301636,80.2751312256,48734,48744,10
13.0819101334,80.2752914429,48744,48815,71
13.0819101334,80.2752914429,48815,48825,10
13.0819301605,80.2754211426,48825,48835,10
13.0819797516,80.2757492065,48835,48845,10
13.0818500519,80.2760391235,48845,48855,10
13.0818595886,80.2764663696,48855,48865,10
13.0819196701,80.2770614624,48865,48875,10
13.0819997787,80.2777862549,48875,48885,10
13.0824203491,80.2780838013,48885,48896,11
13.0831403732,80.2780914307,48896,48906,10
13.0833501816,80.278137207,48906,48916,10
13.0834903717,80.2786102295,48916,48926,10
13.0833301544,80.2789306641,48926,48936,10
13.0824098587,80.2785873413,48936,48977,41
13.0824098587,80.2785873413,48977,48987,10
13.0823202133,80.2785263062,48987,48997,10
13.082110405,80.2784500122,48997,49007,10
13.0818595886,80.2780914307,49007,49017,10
13.0818300247,80.2774581909,49017,49027,10
13.0817604065,80.2767181396,49027,49037,10
13.0817203522,80.2761688232,49037,49047,10
13.0816402435,80.2758483887,49047,49058,11
13.0815200806,80.2753067017,49058,49068,10
13.0812196732,80.2751693726,49068,49078,10
13.0805702209,80.2752532959,49078,49088,10
13.0799999237,80.2753219604,49088,49098,10
13.0792703629,80.2752609253,49098,49108,10
13.0784397125,80.2753219604,49108,49118,10
13.0780096054,80.2761688232,49118,49129,11
13.0769300461,80.2762680054,49129,49139,10
13.0760803223,80.2763137817,49139,49149,10
13.0759496689,80.2762908936,49149,49159,10
13.0758695602,80.2761993408,49159,49169,10
13.0759000778,80.2758407593,49169,49179,10
13.0759296417,80.2752990723,49179,49189,10
13.0760498047,80.2747802734,49189,49392,203
13.0760498047,80.2747802734,49392,49402,10
13.0758399963,80.2748031616,49402,49412,10
13.0759496689,80.2752914429,49412,49422,10
13.0762701035,80.2757720947,49422,50648,1226
13.0762701035,80.2757720947,50648,50658,10
13.0760097504,80.2760391235,50658,50678,20
13.0760097504,80.2760391235,50678,50688,10
13.0760698318,80.2762298584,50688,50699,11
13.0766601563,80.2762527466,50699,50709,10
13.0774202347,80.2762069702,50709,50719,10
13.0781202316,80.276008606,50719,50729,10
13.078379631,80.2753372192,50729,50739,10
13.0790300369,80.2751617432,50739,50749,10
13.079580307,80.2752838135,50749,50759,10
13.0798397064,80.2752914429,50759,50769,10
13.0805501938,80.2752304077,50769,50780,11
13.0813398361,80.2751464844,50780,50830,50
13.0813398361,80.2751464844,50830,50840,10
13.0815496445,80.275177002,50840,50850,10
13.0818300247,80.2752380371,50850,50861,11
13.081990242,80.2754211426,50861,50952,91
13.081990242,80.2754211426,50952,50962,10
13.0820198059,80.2758102417,50962,50972,10
13.0818796158,80.2760314941,50972,50982,10
13.0818595886,80.2763671875,50982,50992,10
13.0819396973,80.2770385742,50992,51002,10
13.0819797516,80.2778091431,51002,51013,11
13.08273983,80.2780990601,51013,51053,40
13.0830898285,80.2780303955,51053,51114,61
13.0834503174,80.2781600952,51114,51134,20
13.0834503174,80.2781600952,51134,51144,10
13.0834703445,80.2783126831,51144,51154,10
13.0835399628,80.2785186768,51154,51164,10
13.083530426,80.2788619995,51164,51175,11
13.0831403732,80.278793335,51175,51185,10
13.0826196671,80.2786102295,51185,51195,10
13.0821199417,80.2784118652,51195,51205,10
13.0819301605,80.2780227661,51205,51215,10
13.081870079,80.2774124146,51215,51225,10
13.0818099976,80.2769012451,51225,51235,10
13.0817499161,80.2766113281,51235,51245,10
13.0817604065,80.2765274048,51245,51256,11
13.0816297531,80.2759933472,51256,51266,10
13.081580162,80.2757415771,51266,51276,10
13.081580162,80.275718689,51276,51286,10
13.081580162,80.2755966187,51286,51296,10
13.0815696716,80.2754821777,51296,51306,10
13.0815200806,80.275352478,51306,51316,10
13.0813503265,80.2751464844,51316,51326,10
13.0808200836,80.2752304077,51326,51337,11
13.0801000595,80.2753067017,51337,51347,10
13.07929039,80.2752609253,51347,51357,10
13.0784101486,80.275390625,51357,51367,10
13.07791996,80.2761993408,51367,51377,10
13.076880455,80.276260376,51377,51387,10
13.0757303238,80.2763214111,51387,51397,10
13.0745897293,80.2763671875,51397,51408,11
13.0738801956,80.2764587402,51408,51448,40
13.0738801956,80.2764587402,51448,51458,10
13.0735197067,80.2764587402,51458,51468,10
13.0729503632,80.2758483887,51468,51478,10
13.072259903,80.2750473022,51478,51489,11
13.0718202591,80.2746582031,51489,51509,20
13.0718202591,80.2746582031,51509,51519,10
13.0717201233,80.2745819092,51519,51529,10
13.0710601807,80.2744522095,51529,51539,10
13.0706195831,80.2741165161,51539,51549,10
13.070599556,80.2741012573,51549,51559,10
13.0705003738,80.2737426758,51559,51570,11
13.0701503754,80.2732009888,51570,51580,10
13.0696802139,80.2726669312,51580,51590,10
13.0691995621,80.2721405029,51590,51600,10
13.0688695908,80.2719192505,51600,51610,10
13.0684099197,80.2718200684,51610,51620,10
13.0681400299,80.2715072632,51620,51630,10
13.0679302216,80.2711410522,51630,51651,21
13.0679302216,80.2711410522,51651,51661,10
13.0679302216,80.2709884644,51661,51671,10
13.0675697327,80.2705764771,51671,51681,10
13.0670204163,80.2700424194,51681,51691,10
13.0665903091,80.2695007324,51691,51701,10
13.0664596558,80.2691192627,51701,51711,10
13.0664196014,80.2685394287,51711,51721,10
13.0660400391,80.2679824829,51721,51732,11
13.0654296875,80.2676010132,51732,51742,10
13.0653896332,80.2676010132,51742,51752,10
13.065199852,80.267539978,51752,51762,10
13.0646295547,80.2674179077,51762,51772,10
13.063949585,80.2673110962,51772,51782,10
13.06346035,80.2672424316,51782,51792,10
13.0631504059,80.2671585083,51792,51802,10
13.0627202988,80.2670822144,51802,51813,11
13.062330246,80.2666473389,51813,51823,10
13.0619802475,80.2661972046,51823,51833,10
13.0616102219,80.2657318115,51833,51843,10
13.0612201691,80.2652511597,51843,51853,10
13.0607299805,80.2651977539,51853,51863,10
13.0604801178,80.2654037476,51863,51873,10
13.0604496002,80.2654266357,51873,51883,10
13.0601301193,80.2655487061,51883,51894,11
13.0595397949,80.2655487061,51894,51904,10
13.0591802597,80.2654800415,51904,51914,10
13.0587997437,80.2654418945,51914,51924,10
13.0586500168,80.26537323,51924,51934,10
13.0582704544,80.2652130127,51934,51944,10
13.0580596924,80.2646789551,51944,51954,10
13.0579595566,80.2639694214,51954,51965,11
13.0579204559,80.2634963989,51965,51975,10
13.0578899384,80.2629165649,51975,51985,10
13.0577802658,80.2622375488,51985,51995,10
13.0576200485,80.2615509033,51995,52005,10
13.0574703217,80.2609634399,52005,52015,10
13.0572595596,80.2602233887,52015,52025,10
13.0570497513,80.2595214844,52025,52035,10
13.0568399429,80.2587966919,52035,52046,11
13.0566701889,80.2581787109,52046,52056,10
13.0565395355,80.2575378418,52056,52066,10
13.0565004349,80.2573318481,52066,52076,10
13.0564098358,80.2570495605,52076,52086,10
13.0563402176,80.2566299438,52086,52096,10
13.0561599731,80.2562408447,52096,52106,10
13.0559902191,80.2559432983,52106,52116,10
13.0556001663,80.2554168701,52116,52127,11
13.0543804169,80.2537536621,52127,52137,10
13.0543804169,80.2537536621,52137,52147,10
13.0538396835,80.2529983521,52147,52157,10
13.0533304214,80.252281189,52157,52167,10
13.0527601242,80.2515411377,52167,52177,10
13.0522098541,80.2508010864,52177,52187,10
13.0514802933,80.2501831055,52187,52200,13
13.0505800247,80.2499313354,52200,52211,11
13.0493297577,80.2497177124,52211,52221,10
13.0485401154,80.2495880127,52221,52231,10
13.0481004715,80.2493286133,52231,52241,10
13.0474500656,80.2487487793,52241,52251,10
13.0469398499,80.2485198975,52251,52261,10
13.0468502045,80.2484817505,52261,52271,10
13.0465297699,80.2484512329,52271,52281,10
13.0458402634,80.2483215332,52281,52292,11
13.0452899933,80.2481231689,52292,52302,10
13.0447597504,80.2480010986,52302,52312,10
13.0443296432,80.2479324341,52312,52322,10
13.0441598892,80.2478790283,52322,52332,10
13.0438899994,80.2478179932,52332,52342,10
13.0434703827,80.2477798462,52342,52352,10
13.0431699753,80.2477722168,52352,52363,11
13.042719841,80.2477035522,52363,52373,10
13.0420303345,80.2475128174,52373,52383,10
13.0411996841,80.2473220825,52383,52393,10
13.0403404236,80.2471313477,52393,52403,10
13.0395002365,80.246963501,52403,52413,10
13.0391397476,80.2468795776,52413,52423,10
13.0389699936,80.2468185425,52423,52433,10
13.0385799408,80.2467193604,52433,52444,11
13.0382499695,80.2466812134,52444,52454,10
13.037899971,80.2466430664,52454,52464,10
13.0374097824,80.2465591431,52464,52474,10
13.0369596481,80.2464675903,52474,52484,10
13.0364904404,80.2463607788,52484,52494,10
13.0357704163,80.2461776733,52494,52514,20
13.0357704163,80.2461776733,52514,52525,11
13.0355701447,80.24609375,52525,52535,10
13.0352497101,80.2459716797,52535,52545,10
13.0352296829,80.2459716797,52545,52555,10
13.0349998474,80.2458496094,52555,52565,10
13.0346803665,80.2454071045,52565,52575,10
13.0341901779,80.2447662354,52575,52585,10
13.033659935,80.2441482544,52585,52595,10
13.0329999924,80.2433166504,52595,52606,11
13.0323095322,80.2423934937,52606,52616,10
13.0319795609,80.2419586182,52616,52626,10
13.0317802429,80.2415618896,52626,52636,10
13.0315999985,80.2411117554,52636,52646,10
13.0315198898,80.2408599854,52646,52707,61
13.0315198898,80.2408599854,52707,52717,10
13.0316200256,80.2408370972,52717,52727,10
13.0314598083,80.2405471802,52727,52737,10
13.0312404633,80.2400817871,52737,52747,10
13.0309400558,80.2394638062,52747,52757,10
13.0304403305,80.2385787964,52757,52768,11
13.0297603607,80.2373962402,52768,52778,10
13.029009819,80.236541748,52778,52788,10
13.0282001495,80.2356491089,52788,52798,10
13.0276002884,80.2347717285,52798,52808,10
13.0270595551,80.2339096069,52808,52818,10
13.0266704559,80.2332992554,52818,52839,21
13.0266704559,80.2332992554,52839,52849,10
13.0265398026,80.233039856,52849,52859,10
13.0262804031,80.232460022,52859,52869,10
13.0261096954,80.2318191528,52869,52879,10
13.0259895325,80.2312927246,52879,52889,10
13.0257701874,80.2305831909,52889,52899,10
13.0252799988,80.2297973633,52899,52909,10
13.0248498917,80.2292633057,52909,52920,11
13.0247898102,80.2292098999,52920,52930,10
13.0246496201,80.2290496826,52930,52940,10
13.0244197845,80.2287597656,52940,52950,10
13.0241298676,80.2284088135,52950,52960,10
13.0238599777,80.2280502319,52960,52970,10
13.0237197876,80.2278823853,52970,52980,10
13.0236997604,80.2278594971,52980,52990,10
13.0235204697,80.2277069092,52990,53021,31
13.0235204697,80.2277069092,53021,53031,10
13.0233402252,80.2274703979,53031,53041,10
13.023150444,80.2272872925,53041,53071,30
13.023150444,80.2272872925,53071,53082,11
13.0228996277,80.2269897461,53082,53092,10
13.0225696564,80.2266769409,53092,53102,10
13.0222101212,80.2263565063,53102,53112,10
13.0215997696,80.2258911133,53112,53122,10
13.0208997726,80.2253417969,53122,53132,10
13.0206203461,80.2251281738,53132,53142,10
13.0203695297,80.2249832153,53142,53152,10
13.0199298859,80.2246780396,53152,53163,11
13.019080162,80.2243804932,53163,53173,10
13.0182199478,80.2246627808,53173,53183,10
13.0172996521,80.2250595093,53183,53193,10
13.01679039,80.2253036499,53193,53203,10
13.0165195465,80.2254180908,53203,53213,10
13.0162200928,80.2255477905,53213,53223,10
13.0156097412,80.225730896,53223,53233,10
13.0149202347,80.2260131836,53233,53244,11
13.0145998001,80.2261199951,53244,53254,10
13.0144395828,80.2261581421,53254,53264,10
13.0142803192,80.2262268066,53264,53274,10
13.0141496658,80.2262878418,53274,53284,10
13.0138196945,80.2264328003,53284,53294,10
13.0130996704,80.2266998291,53294,53304,10
13.012169838,80.2270812988,53304,53314,10
13.0111303329,80.2275238037,53314,53325,11
13.0099096298,80.2280197144,53325,53335,10
13.0091104507,80.2286300659,53335,53345,10
13.0089197159,80.2297668457,53345,53355,10
13.0087203979,80.2309112549,53355,53365,10
13.0085000992,80.232093811,53365,53375,10
13.0083198547,80.2332000732,53375,53385,10
13.0082397461,80.2335510254,53385,53396,11
13.0080900192,80.2339782715,53396,53406,10
13.0079698563,80.2345733643,53406,53416,10
13.0078201294,80.2353210449,53416,53426,10
13.0076599121,80.2361984253,53426,53436,10
13.0074996948,80.2371902466,53436,53446,10
13.0073204041,80.2381286621,53446,53456,10
13.0071802139,80.2389526367,53456,53466,10
13.0069599152,80.2396392822,53466,53497,31
13.0069599152,80.2396392822,53497,53507,10
13.0068998337,80.2399673462,53507,53517,10
13.0067901611,80.2405319214,53517,53527,10
13.0067501068,80.2409133911,53527,53537,10
13.0067396164,80.2411117554,53537,53547,10
13.0066795349,80.2417602539,53547,53558,11
13.0066995621,80.242767334,53558,53568,10
13.006649971,80.2434997559,53568,53578,10
13.0065803528,80.2444992065,53578,53588,10
13.006649971,80.245552063,53588,53608,20
13.006649971,80.245552063,53608,53618,10
13.0066900253,80.2459182739,53618,53628,10
13.0067300797,80.2465515137,53628,53639,11
13.0061798096,80.2473983765,53639,53659,20
13.0061798096,80.2473983765,53659,53669,10
13.0057201385,80.2473068237,53669,53679,10
13.0048904419,80.2473220825,53679,53689,10
13.0038099289,80.2474517822,53689,53699,10
13.0028495789,80.2475891113,53699,53709,10
13.0024595261,80.2476730347,53709,53720,11
13.001830101,80.247833252,53720,53730,10
13.0009098053,80.2480621338,53730,53740,10
12.9998598099,80.248336792,53740,53750,10
12.998749733,80.248626709,53750,53760,10
12.9977302551,80.2488937378,53760,53770,10
12.9965600967,80.2491836548,53770,53780,10
12.995300293,80.24949646,53780,53790,10
12.9940500259,80.2498397827,53790,53801,11
12.9926996231,80.2501678467,53801,53811,10
12.9915504456,80.2504806519,53811,53821,10
12.9910802841,80.2506027222,53821,53831,10
12.9907798767,80.2506713867,53831,53841,10
12.9902200699,80.2508010864,53841,53851,10
12.9891901016,80.2510223389,53851,53861,10
12.9885702133,80.2512435913,53861,53932,71
12.9885702133,80.2512435913,53932,53942,10
12.9884700775,80.2513122559,53942,53953,11
12.9881496429,80.251373291,53953,53963,10
12.9877595901,80.2514266968,53963,53973,10
12.9873600006,80.2515411377,53973,53983,10
12.9869298935,80.251663208,53983,53993,10
12.9864902496,80.2517929077,53993,54003,10
12.9863796234,80.2518234253,54003,54013,10
12.986120224,80.2518463135,54013,54023,10
12.985710144,80.2519607544,54023,54034,11
12.9848003387,80.2521972656,54034,54044,10
12.9836397171,80.2525100708,54044,54054,10
12.9823102951,80.2526397705,54054,54064,10
12.9810304642,80.2526931763,54064,54074,10
12.9799404144,80.252746582,54074,54084,10
12.9789600372,80.2526473999,54084,54094,10
12.9785995483,80.2525787354,54094,54104,10
12.9785404205,80.2525405884,54104,54115,11
12.9780702591,80.252166748,54115,54125,10
12.9773101807,80.2515182495,54125,54135,10
12.9761600494,80.2511062622,54135,54145,10
12.9749202728,80.2507705688,54145,54155,10
12.9736604691,80.2503890991,54155,54165,10
12.9724502563,80.2500610352,54165,54175,10
12.9712600708,80.2497177124,54175,54185,10
12.9700498581,80.2493362427,54185,54196,11
12.9687795639,80.2488632202,54196,54206,10
12.9675502777,80.2483596802,54206,54216,10
12.9664897919,80.2478637695,54216,54226,10
12.9655704498,80.2474899292,54226,54236,10
12.9650201797,80.2473220825,54236,54246,10
12.9649896622,80.2473220825,54246,54256,10
12.9647703171,80.2472229004,54256,54266,10
12.9641399384,80.2469711304,54266,54277,11
12.9638004303,80.2468414307,54277,54287,10
12.9635696411,80.2467269897,54287,54297,10
12.9630203247,80.2464294434,54297,54307,10
12.962220192,80.2460327148,54307,54317,10
12.9613800049,80.2456283569,54317,54327,10
12.9606103897,80.245262146,54327,54337,10
12.9598503113,80.2449111938,54337,54347,10
12.9593400955,80.244720459,54347,54358,11
12.9593000412,80.2446975708,54358,54368,10
12.959230423,80.2446517944,54368,54378,10
12.9587602615,80.244430542,54378,54388,10
12.9580402374,80.2441177368,54388,54398,10
12.9578199387,80.2440414429,54398,54408,10
12.9573402405,80.2438735962,54408,54418,10
12.9566698074,80.2436828613,54418,54439,21
12.9564800262,80.2436294556,54439,54499,60
12.9564800262,80.2436294556,54499,54509,10
12.9560804367,80.2434768677,54509,54520,11
12.9553203583,80.2430877686,54520,54530,10
12.9544401169,80.2427215576,54530,54540,10
12.953499794,80.2423019409,54540,54550,10
12.9524002075,80.2418670654,54550,54560,10
12.9518003464,80.2416763306,54560,54570,10
12.9517803192,80.2416687012,54570,54580,10
12.9513597488,80.2414779663,54580,54590,10
12.9505796432,80.2411804199,54590,54601,11
12.9495601654,80.2409133911,54601,54611,10
12.9491796494,80.2408065796,54611,54641,30
12.9491796494,80.2408065796,54641,54651,10
12.9489097595,80.2407073975,54651,54661,10
12.9482498169,80.2404327393,54661,54672,11
12.9473304749,80.2400588989,54672,54682,10
12.9470596313,80.2399520874,54682,54692,10
12.9468698502,80.2398605347,54692,54702,10
12.9462404251,80.2395782471,54702,54712,10
12.9453601837,80.239151001,54712,54722,10
12.9445199966,80.2383499146,54722,54732,10
12.9436197281,80.2373886108,54732,54742,10
12.9426898956,80.2366027832,54742,54753,11
12.9412498474,80.2361602783,54753,54763,10
12.9401102066,80.2358779907,54763,54773,10
12.9396896362,80.2357406616,54773,54783,10
12.9395399094,80.2356491089,54783,54793,10
12.9389400482,80.2353286743,54793,54802,9
12.938170433,80.234916687,54802,54813,11
12.9369697571,80.234336853,54813,54823,10
12.9359397888,80.23387146,54823,54834,11
12.9357500076,80.2337799072,54834,54844,10
12.9354496002,80.2336196899,54844,54854,10
12.9347801208,80.2333068848,54854,54864,10
12.9339799881,80.232963562,54864,54874,10
12.9338302612,80.2329025269,54874,54884,10
12.9334201813,80.2326965332,54884,54894,10
12.9326400757,80.2323913574,54894,54904,10
12.931599617,80.2320480347,54904,54915,11
12.930270195,80.231628418,54915,54925,10
12.9291000366,80.2313537598,54925,54935,10
12.9280099869,80.2311630249,54935,54945,10
12.9268102646,80.231010437,54945,54955,10
12.9255399704,80.2308578491,54955,54965,10
12.924200058,80.2307128906,54965,54975,10
12.9228401184,80.2305297852,54975,54985,10
12.9214601517,80.2303390503,54985,54996,11
12.9201602936,80.2301483154,54996,55006,10
12.9191102982,80.2300186157,55006,55016,10
12.917840004,80.2298583984,55016,55026,10
12.9168596268,80.2297210693,55026,55036,10
12.9159402847,80.2295837402,55036,55046,10
12.9148302078,80.2294311523,55046,55056,10
12.9137802124,80.2292785645,55056,55066,10
12.9132404327,80.2292480469,55066,55077,11
12.9132299423,80.2292480469,55077,55087,10
12.9130001068,80.2291870117,55087,55097,10
12.9123401642,80.2290802002,55097,55107,10
12.9114398956,80.2289505005,55107,55117,10
12.9104003906,80.2287902832,55117,55127,10
12.9092197418,80.2285995483,55127,55137,10
12.9080696106,80.2284164429,55137,55147,10
12.9070396423,80.2282867432,55147,55168,21
12.9070396423,80.2282867432,55168,55178,10
12.9068698883,80.2282791138,55178,55188,10
12.9065198898,80.2282485962,55188,55198,10
12.9058303833,80.2282180786,55198,55208,10
12.9050302505,80.2281570435,55208,55218,10
12.9041099548,80.2281036377,55218,55229,11
12.9030199051,80.2280578613,55229,55239,10
12.9020500183,80.2279968262,55239,55249,10
12.9015703201,80.2279586792,55249,55259,10
12.9015598297,80.2279586792,55259,55269,10
12.9013996124,80.2279510498,55269,55279,10
12.9011096954,80.2279281616,55279,55289,10
12.9007797241,80.2278900146,55289,55299,10
12.9001598358,80.2278518677,55299,55310,11
12.8996696472,80.2278289795,55310,55320,10
12.8996496201,80.2278289795,55320,55330,10
12.8993501663,80.2277984619,55330,55350,20
12.8993501663,80.2277984619,55350,55360,10
12.8990898132,80.2277908325,55360,55370,10
12.898440361,80.2277526855,55370,55380,10
12.8974895477,80.2277069092,55380,55391,11
12.8961801529,80.2276611328,55391,55401,10
12.8948898315,80.2276229858,55401,55411,10
12.8936395645,80.2275314331,55411,55421,10
12.8927202225,80.227432251,55421,55431,10
12.8922300339,80.2273788452,55431,55441,10
12.8913803101,80.2273635864,55441,55451,10
12.8902397156,80.2273635864,55451,55461,10
12.8889198303,80.2273635864,55461,55472,11
12.8874702454,80.2272567749,55472,55482,10
12.8862304688,80.2269973755,55482,55492,10
12.8851499557,80.2267684937,55492,55502,10
12.8848400116,80.2267379761,55502,55512,10
12.8846502304,80.2267379761,55512,55522,10
12.8839998245,80.2267303467,55522,55532,10
12.8830604553,80.2267303467,55532,55542,10
12.8819198608,80.2267379761,55542,55553,11
12.8805198669,80.2267379761,55553,55563,10
12.8792200089,80.2267608643,55563,55573,10
12.8779201508,80.226852417,55573,55583,10
12.8768196106,80.2269592285,55583,55593,10
12.8764400482,80.2269821167,55593,55603,10
12.8761997223,80.2269821167,55603,55613,10
12.8755598068,80.2269668579,55613,55623,10
12.8746204376,80.226852417,55623,55634,11
12.8734703064,80.2267227173,55634,55644,10
12.8724403381,80.2266998291,55644,55654,10
12.8720397949,80.2266998291,55654,55664,10
12.8717403412,80.2266769409,55664,55674,10
12.8709897995,80.2266464233,55674,55684,10
12.8699598312,80.2265625,55684,55694,10
12.8687496185,80.2264328003,55694,55704,10
12.8675098419,80.2264404297,55704,55715,11
12.866060257,80.2265625,55715,55725,10
12.8647098541,80.2265625,55725,55735,10
12.8633699417,80.2265167236,55735,55745,10
12.8620195389,80.2265701294,55745,55755,10
12.8611001968,80.226600647,55755,55765,10
12.8609600067,80.2266082764,55765,55775,10
12.8608102798,80.2265777588,55775,55785,10
12.8601999283,80.2265014648,55785,55796,11
12.85916996,80.2263565063,55796,55806,10
12.8580303192,80.2262420654,55806,55816,10
12.8567199707,80.2263336182,55816,55826,10
12.8553304672,80.2264785767,55826,55836,10
12.8538198471,80.2266235352,55836,55846,10
12.8523101807,80.2266769409,55846,55856,10
12.8509502411,80.2266311646,55856,55867,11
12.8500900269,80.2266235352,55867,55877,10
12.8500299454,80.226600647,55877,55887,10
12.8495597839,80.2265930176,55887,55897,10
12.8486604691,80.2265930176,55897,55907,10
12.8475799561,80.2265777588,55907,55917,10
12.8464002609,80.2265930176,55917,55927,10
12.8455200195,80.2266082764,55927,55948,21
12.8455200195,80.2266082764,55948,55958,10
12.8452701569,80.2265472412,55958,55968,10
12.8446502686,80.2265930176,55968,55978,10
12.8437299728,80.2266693115,55978,55988,10
12.8427495956,80.226852417,55988,55998,10
12.8415699005,80.2271118164,55998,56008,10
12.8404998779,80.2274169922,56008,56018,10
12.8399000168,80.2275695801,56018,56029,11
12.8396100998,80.2276687622,56029,56039,10
12.8394203186,80.2277603149,56039,56049,10
12.838760376,80.2279510498,56049,56059,10
12.837770462,80.2281723022,56059,56069,10
12.8366098404,80.2283477783,56069,56079,10
12.8353796005,80.228553772,56079,56089,10
12.8340797424,80.2287826538,56089,56099,10
12.8328399658,80.2289962769,56099,56110,11
12.8322496414,80.2291183472,56110,56130,20
12.8322496414,80.2291183472,56130,56140,10
12.8321800232,80.2290878296,56140,56150,10
12.8317203522,80.2291870117,56150,56160,10
12.8308897018,80.2294082642,56160,56170,10
12.8298196793,80.2298126221,56170,56180,10
12.828669548,80.2303237915,56180,56191,11
12.8274402618,80.2310409546,56191,56201,10
12.8263196945,80.231338501,56201,56211,10
12.8250703812,80.2314224243,56211,56221,10
12.8237600327,80.2311630249,56221,56231,10
12.8226299286,80.230796814,56231,56241,10
12.8213396072,80.2304992676,56241,56251,10
12.8200798035,80.230506897,56251,56261,10
12.8190202713,80.2305297852,56261,56272,11
12.8188199997,80.2304763794,56272,56282,10
12.8183202744,80.2302322388,56282,56292,10
12.8173904419,80.2297897339,56292,56302,10
12.8161802292,80.2294464111,56302,56312,10
12.8148097992,80.2292480469,56312,56322,10
12.81346035,80.2289505005,56322,56332,10
12.81208992,80.2284698486,56332,56342,10
12.8107204437,80.2279586792,56342,56353,11
12.8093099594,80.2273178101,56353,56363,10
12.808259964,80.2265167236,56363,56373,10
12.8072299957,80.2256469727,56373,56383,10
12.8063802719,80.224899292,56383,56393,10
12.8056297302,80.224281311,56393,56403,10
12.8050098419,80.2240219116,56403,56413,10
12.8044204712,80.2239227295,56413,56423,10
12.8037595749,80.2238616943,56423,56434,11
12.803030014,80.2238006592,56434,56444,10
12.802189827,80.2236785889,56444,56454,10
12.8012599945,80.2235794067,56454,56464,10
12.8008699417,80.2235794067,56464,56474,10
12.8006896973,80.2235412598,56474,56484,10
12.8000402451,80.2234725952,56484,56494,10
12.7991104126,80.2233963013,56494,56505,11
12.7977895737,80.2232513428,56505,56515,10
12.7965698242,80.2230377197,56515,56525,10
12.795419693,80.2228393555,56525,56535,10
12.7942895889,80.2226486206,56535,56545,10
12.7930402756,80.2224731445,56545,56555,10
12.7918796539,80.2222366333,56555,56565,10
12.7908096313,80.2219772339,56565,56575,10
12.7897996902,80.2217178345,56575,56586,11
12.7890300751,80.2214431763,56586,56596,10
12.7882995605,80.2211532593,56596,56606,10
12.7876701355,80.2209014893,56606,56616,10
12.7872104645,80.2207336426,56616,56626,10
12.786860466,80.2205810547,56626,56636,10
12.7866201401,80.220489502,56636,56646,10
12.7863397598,80.2203903198,56646,56677,31
12.7863397598,80.2203903198,56677,56687,10
12.7861795425,80.220413208,56687,56697,10
12.7861795425,80.220703125,56697,56707,10
12.7862100601,80.2210006714,56707,56717,10
12.7862501144,80.2213363647,56717,56768,51
12.7862501144,80.2213363647,56768,56778,10
12.7862300873,80.2216873169,56778,56788,10
12.7863397598,80.2218399048,56788,57811,1023
12.7863397598,80.2218399048,57811,57821,10
12.7862997055,80.2217330933,57821,58257,436
12.7862997055,80.2217330933,58257,58267,10
12.7863197327,80.2216567993,58267,58277,10
12.7862596512,80.2215576172,58277,58287,10
12.7862195969,80.2213973999,58287,58297,10
12.7862195969,80.2213363647,58297,58307,10
12.7861995697,80.2210769653,58307,58318,11
12.7861795425,80.2208328247,58318,58328,10
12.7861700058,80.2205963135,58328,58399,71
12.7864904404,80.220413208,58399,58449,50
12.7864904404,80.220413208,58449,58459,10
12.7868499756,80.2206268311,58459,58470,11
12.7872400284,80.2207489014,58470,58480,10
12.7878198624,80.220993042,58480,58490,10
12.788479805,80.221282959,58490,58500,10
12.7893600464,80.221572876,58500,58551,51
12.7893600464,80.221572876,58551,58561,10
12.7897396088,80.2217178345,58561,58571,10
12.7901496887,80.2218399048,58571,58581,10
12.7908697128,80.2220306396,58581,58591,10
12.7917804718,80.2222518921,58591,58601,10
12.7928199768,80.2224807739,58601,58611,10
12.7938699722,80.2226333618,58611,58621,10
12.7948999405,80.2227783203,58621,58632,11
12.7962598801,80.2229537964,58632,58652,20
12.7962598801,80.2229537964,58652,58662,10
12.7963895798,80.2230300903,58662,58672,10
12.7967796326,80.2230911255,58672,58682,10
12.797419548,80.2232208252,58682,58692,10
12.7981395721,80.2232971191,58692,58702,10
12.7988996506,80.2233886719,58702,58713,11
12.7997903824,80.2234802246,58713,58723,10
12.8006296158,80.2236099243,58723,58733,10
12.801199913,80.2236175537,58733,58743,10
12.8015699387,80.2236175537,58743,58753,10
12.8016796112,80.2236175537,58753,58763,10
12.8021202087,80.2236862183,58763,58773,10
12.8025999069,80.2237472534,58773,58783,10
12.8030500412,80.2238082886,58783,58794,11
12.8038101196,80.2238922119,58794,58804,10
12.8045301437,80.2239837646,58804,58814,10
12.8054895401,80.2241592407,58814,58844,30
12.8054895401,80.2241592407,58844,58854,10
12.8057003021,80.224281311,58854,58865,11
12.8062400818,80.2247467041,58865,58875,10
12.8069000244,80.2253417969,58875,58885,10
12.80768013,80.226020813,58885,58895,10
12.8086004257,80.2267913818,58895,58906,11
12.8095397949,80.2274703979,58906,58916,10
12.8109798431,80.2280883789,58916,58926,10
12.8122501373,80.228553772,58926,58936,10
12.8134403229,80.2289581299,58936,58947,11
12.8150100708,80.2293167114,58947,58957,10
12.8163299561,80.2294998169,58957,58967,10
12.8175601959,80.2298583984,58967,58977,10
12.8185901642,80.2303466797,58977,58987,10
12.8194599152,80.230506897,58987,58997,10
12.8198204041,80.2304611206,58997,59007,10
12.8198604584,80.2304763794,59007,59017,10
12.8203001022,80.2304229736,59017,59028,11
12.8212795258,80.2304534912,59028,59038,10
12.8223800659,80.2306900024,59038,59048,10
12.8235998154,80.2310562134,59048,59058,10
12.8248195648,80.2313537598,59058,59068,10
12.8260402679,80.2313766479,59068,59078,10
12.8270998001,80.2312469482,59078,59088,10
12.8282003403,80.2306671143,59088,59098,10
12.8293504715,80.2300796509,59098,59109,11
12.8301801682,80.2297821045,59109,59119,10
12.8306303024,80.2296066284,59119,59129,10
12.8311395645,80.2294082642,59129,59149,20
12.8311395645,80.2294082642,59149,59159,10
12.8316202164,80.2292633057,59159,59200,41
12.8316202164,80.2292633057,59200,59210,10
12.831870079,80.2292327881,59210,59220,10
12.8324203491,80.2291107178,59220,59230,10
12.8332700729,80.2289505005,59230,59240,10
12.8343296051,80.2287368774,59240,59250,10
12.8355998993,80.2285308838,59250,59260,10
12.8368997574,80.2283325195,59260,59271,11
12.8382501602,80.2280807495,59271,59281,10
12.8389797211,80.2278594971,59281,59291,10
12.8392496109,80.2277679443,59291,59372,81
12.8392496109,80.2277679443,59372,59382,10
12.8398895264,80.2276000977,59382,59392,10
12.8405799866,80.2274398804,59392,59402,10
12.8414802551,80.2271881104,59402,59412,10
12.8425102234,80.2269668579,59412,59423,11
12.8437404633,80.2267379761,59423,59433,10
12.8454799652,80.2265930176,59433,59463,30
12.8454799652,80.2265930176,59463,59473,10
12.8455600739,80.2265319824,59473,59483,10
12.8459997177,80.2265396118,59483,59493,10
12.8468904495,80.2265625,59493,59504,11
12.8481302261,80.2265777588,59504,59514,10
12.8493499756,80.2265701294,59514,59524,10
12.8506402969,80.2265930176,59524,59534,10
12.8519897461,80.2266311646,59534,59544,10
12.853269577,80.2266616821,59544,59554,10
12.8544597626,80.2265625,59554,59564,10
12.8555202484,80.2264404297,59564,59574,10
12.8562002182,80.2263565063,59574,59605,31
12.8562002182,80.2263565063,59605,59615,10
12.8566503525,80.2263031006,59615,59625,10
12.8574495316,80.2262191772,59625,59635,10
12.8582897186,80.2262268066,59635,59645,10
12.8591899872,80.2263183594,59645,59655,10
12.8601799011,80.2264633179,59655,59666,11
12.8607301712,80.2265090942,59666,59676,10
12.8608598709,80.2265625,59676,59686,10
12.861289978,80.2265625,59686,59696,10
12.862159729,80.2265319824,59696,59706,10
12.8631496429,80.2264862061,59706,59716,10
12.8641700745,80.2265319824,59716,59726,10
12.8652801514,80.2265625,59726,59736,10
12.866230011,80.2265319824,59736,59747,11
12.8671302795,80.2264709473,59747,59757,10
12.8680400848,80.2263717651,59757,59767,10
12.8689603806,80.2264099121,59767,59777,10
12.8698301315,80.2265167236,59777,59787,10
12.8708295822,80.2266082764,59787,59796,9
12.8718099594,80.2266616821,59796,59807,11
12.8728199005,80.2266693115,59807,59828,21
12.8728199005,80.2266693115,59828,59838,10
12.8729696274,80.2266998291,59838,59848,10
12.8736000061,80.2267227173,59848,59858,10
12.8745203018,80.2268066406,59858,59868,10
12.8756103516,80.2269210815,59868,59878,10
12.8767404556,80.2268981934,59878,59909,31
12.8767404556,80.2268981934,59909,59919,10
12.8773603439,80.2268600464,59919,59929,10
12.8782300949,80.2267990112,59929,59939,10
12.8793897629,80.2267532349,59939,59949,10
12.8806600571,80.2267379761,59949,59959,10
12.8819904327,80.2267227173,59959,59969,10
12.8831701279,80.2266998291,59969,59980,11
12.8844203949,80.2266769409,59980,59990,10
12.885310173,80.2266998291,59990,60010,20
12.885310173,80.2266998291,60010,60020,10
12.8854598999,80.2267227173,60020,60030,10
12.8859901428,80.2268371582,60030,60040,10
12.8867397308,80.2270431519,60040,60050,10
12.887550354,80.2272109985,60050,60061,11
12.888710022,80.2273330688,60061,60071,10
12.8899002075,80.2273406982,60071,60081,10
12.8911800385,80.2273406982,60081,60091,10
12.892250061,80.2273406982,60091,60101,10
12.8930997849,80.227432251,60101,60111,10
12.8939199448,80.2275314331,60111,60121,10
12.8948001862,80.2276229858,60121,60131,10
12.8957901001,80.2276611328,60131,60142,11
12.8970499039,80.2277069092,60142,60152,10
12.8981599808,80.2277679443,60152,60162,10
12.8991298676,80.2278137207,60162,60172,10
12.8999204636,80.2278671265,60172,60182,10
12.9004802704,80.2279129028,60182,60192,10
12.9008998871,80.2279281616,60192,60202,10
12.9011602402,80.2279586792,60202,60212,10
12.9014797211,80.2279891968,60212,60223,11
12.9020900726,80.2280273438,60223,60233,10
12.9027004242,80.2280731201,60233,60243,10
12.9032201767,80.2280578613,60243,60253,10
12.9032402039,80.2280578613,60253,60263,10
12.9033203125,80.2280883789,60263,60273,10
12.9037599564,80.2281417847,60273,60283,10
12.9047803879,80.2281799316,60283,60344,61
12.9047803879,80.2281799316,60344,60354,10
12.90487957,80.2282028198,60354,60364,10
12.9052495956,80.2282180786,60364,60375,11
12.9057102203,80.2282409668,60375,60385,10
12.9060201645,80.2282409668,60385,60395,10
12.9061603546,80.2282485962,60395,60405,10
12.9061899185,80.2282409668,60405,60415,10
12.906370163,80.2282485962,60415,60456,41
12.906370163,80.2282485962,60456,60466,10
12.9064397812,80.2282409668,60466,60476,10
12.9068098068,80.2282714844,60476,60486,10
12.9075098038,80.2283706665,60486,60496,10
12.9084396362,80.2285308838,60496,60506,10
12.9094896317,80.2287216187,60506,60516,10
12.9105100632,80.2288894653,60516,60526,10
12.9116096497,80.2290267944,60526,60537,11
12.9127902985,80.2291793823,60537,60547,10
12.9138202667,80.229309082,60547,60557,10
12.9140300751,80.2293319702,60557,60567,10
12.9142904282,80.2293701172,60567,60577,10
12.9149999619,80.2294769287,60577,60587,10
12.9160003662,80.229637146,60587,60597,10
12.9169597626,80.2297668457,60597,60607,10
12.9177598953,80.2298736572,60607,60618,11
12.9189395905,80.2300415039,60618,60628,10
12.9202203751,80.2302017212,60628,60638,10
12.9215898514,80.2303771973,60638,60648,10
12.9229803085,80.2305984497,60648,60658,10
12.924249649,80.230758667,60658,60668,10
12.9254999161,80.2308883667,60668,60678,10
12.9262599945,80.2309570313,60678,60688,10
12.926320076,80.23097229,60688,60699,11
12.9265699387,80.231010437,60699,60709,10
12.9272403717,80.2311019897,60709,60719,10
12.9281396866,80.2311782837,60719,60729,10
12.9290504456,80.2313232422,60729,60739,10
12.9299402237,80.2315216064,60739,60749,10
12.9308595657,80.2317810059,60749,60759,10
12.9317903519,80.232093811,60759,60769,10
12.932559967,80.2323532104,60769,60780,11
12.9331703186,80.2325668335,60780,60790,10
12.9334897995,80.2327194214,60790,60800,10
12.9335403442,80.2327423096,60800,60810,10
12.9337596893,80.2328720093,60810,60820,10
12.9342498779,80.2330627441,60820,60830,10
12.9349498749,80.2333984375,60830,60840,10
12.935379982,80.2336120605,60840,60850,10
12.9354295731,80.2336196899,60850,60861,11
12.9358100891,80.233833313,60861,60871,10
12.9364204407,80.2341308594,60871,60881,10
12.937210083,80.2344970703,60881,60891,10
12.938079834,80.234916687,60891,60901,10
12.9389801025,80.2353591919,60901,60911,10
12.9396600723,80.2356872559,60911,60932,21
12.9396600723,80.2356872559,60932,60942,10
12.9402103424,80.2359008789,60942,60952,10
12.9409503937,80.2361068726,60952,60962,10
12.9418802261,80.2363433838,60962,60972,10
12.942899704,80.2367095947,60972,60982,10
12.9437599182,80.2374725342,60982,60992,10
12.9444999695,80.238319397,60992,61002,10
12.9454803467,80.2392730713,61002,61013,11
12.9465303421,80.2397384644,61013,61023,10
12.947259903,80.240020752,61023,61033,10
12.9473400116,80.2400436401,61033,61043,10
12.9475297928,80.2401199341,61043,61053,10
12.9480600357,80.2403411865,61053,61063,10
12.9485502243,80.2405090332,61063,61073,10
12.948849678,80.2406387329,61073,61083,10
12.9493598938,80.2408218384,61083,61094,11
12.9500198364,80.2410430908,61094,61104,10
12.9510803223,80.2414016724,61104,61144,40
12.9510803223,80.2414016724,61144,61154,10
12.9513196945,80.2415008545,61154,61164,10
12.951880455,80.2416992188,61164,61175,11
12.9526796341,80.2419815063,61175,61185,10
12.9535198212,80.2423095703,61185,61195,10
12.9540996552,80.2425613403,61195,61205,10
12.9550199509,80.2429275513,61205,61215,10
12.9556999207,80.2431793213,61215,61225,10
12.9562797546,80.2434082031,61225,61266,41
12.9562797546,80.2434082031,61266,61276,10
12.9565496445,80.2434921265,61276,61286,10
12.957159996,80.2437515259,61286,61296,10
12.9579000473,80.2440795898,61296,61306,10
12.9586896896,80.2443771362,61306,61316,10
12.9589300156,80.2444915771,61316,61326,10
12.9590997696,80.2445831299,61326,61337,11
12.9596395493,80.2448425293,61337,61347,10
12.9604597092,80.2452011108,61347,61357,10
12.9614095688,80.2456512451,61357,61367,10
12.9624204636,80.2461395264,61367,61377,10
12.9629201889,80.2464065552,61377,61397,20
12.9629201889,80.2464065552,61397,61408,11
12.9632997513,80.2466964722,61408,61418,10
12.9637403488,80.2468795776,61418,61428,10
12.9642696381,80.2470626831,61428,61438,10
12.9650001526,80.2473297119,61438,61448,10
12.9658603668,80.2476119995,61448,61458,10
12.9668798447,80.2480316162,61458,61478,20
12.9668798447,80.2480316162,61478,61489,11
12.9672002792,80.2481765747,61489,61499,10
12.9679498672,80.2484970093,61499,61509,10
12.9688396454,80.2488708496,61509,61519,10
12.9697904587,80.2492523193,61519,61529,10
12.9708299637,80.2496566772,61529,61539,10
12.9720001221,80.25,61539,61549,10
12.9732303619,80.250328064,61549,61559,10
12.9742898941,80.250617981,61559,61570,11
12.9755601883,80.2509613037,61570,61580,10
12.9768400192,80.2513275146,61580,61590,10
12.9779596329,80.2519989014,61590,61600,10
12.9784898758,80.2523574829,61600,61610,10
12.9785203934,80.2523727417,61610,61620,10
12.9787998199,80.2525024414,61620,61630,10
12.9795598984,80.2526397705,61630,61671,41
12.9795598984,80.2526397705,61671,61681,10
12.9799203873,80.2527084351,61681,61691,10
12.9804496765,80.2527236938,61691,61701,10
12.981010437,80.2527008057,61701,61711,10
12.9816904068,80.2526702881,61711,61721,10
12.9826002121,80.2526473999,61721,61732,11
12.983300209,80.252571106,61732,61742,10
12.9833803177,80.2525634766,61742,61752,10
12.983880043,80.2524414063,61752,61762,10
12.9846496582,80.2522201538,61762,61772,10
12.9854803085,80.2519836426,61772,61782,10
12.9860401154,80.2518081665,61782,61792,10
12.9863300323,80.2517471313,61792,61802,10
12.9869298935,80.2515869141,61802,61813,11
12.9876298904,80.2513809204,61813,61975,162
12.9876298904,80.2513809204,61975,61985,10
12.9878997803,80.251373291,61985,61995,10
12.9884796143,80.2512283325,61995,62005,10
12.9892501831,80.2509918213,62005,62015,10
12.989569664,80.2508773804,62015,62025,10
12.9896001816,80.2508773804,62025,62035,10
12.9898996353,80.2508392334,62035,62046,11
12.9906301498,80.2506484985,62046,62056,10
12.9915599823,80.2504196167,62056,62066,10
12.9926795959,80.2501373291,62066,62076,10
12.9939098358,80.2498168945,62076,62086,10
12.9951696396,80.2495117188,62086,62096,10
12.996339798,80.2491836548,62096,62106,10
12.9966802597,80.2490768433,62106,62116,10
12.9968795776,80.2490615845,62116,62127,11
12.9975795746,80.2489013672,62127,62137,10
12.9984903336,80.2486724854,62137,62147,10
12.9996099472,80.2483901978,62147,62157,10
13.0008802414,80.2480621338,62157,62167,10
13.0019598007,80.2478027344,62167,62177,10
13.0026702881,80.2476272583,62177,62187,10
13.0036001205,80.2474594116,62187,62197,10
13.0046701431,80.2473068237,62197,62208,11
13.0057201385,80.2471466064,62208,62218,10
13.0063800812,80.2467269897,62218,62228,10
13.0064897537,80.2464904785,62228,62238,10
13.0065402985,80.2464065552,62238,62248,10
13.0066099167,80.2459564209,62248,62258,10
13.0066099167,80.2452468872,62258,62268,10
13.0065498352,80.2444381714,62268,62278,10
13.0065498352,80.2437591553,62278,62289,11
13.0065202713,80.2430419922,62289,62299,10
13.0065002441,80.2421798706,62299,62309,10
13.006529808,80.2413406372,62309,62319,10
13.0066003799,80.2408218384,62319,62329,10
13.0066099167,80.2407684326,62329,62339,10
13.0066604614,80.2405014038,62339,62349,10
13.0067195892,80.240196228,62349,62359,10
13.0068798065,80.239440918,62359,62370,11
13.007060051,80.2384719849,62370,62380,10
13.0072402954,80.2376708984,62380,62390,10
13.0073604584,80.2370300293,62390,62400,10
13.007399559,80.2367477417,62400,62410,10
13.0074195862,80.236656189,62410,62420,10
13.0075397491,80.2362594604,62420,62430,10
13.0076599121,80.2356491089,62430,62441,11
13.0077800751,80.2350769043,62441,62451,10
13.0079298019,80.2343597412,62451,62461,10
13.0081195831,80.2334365845,62461,62471,10
13.0083303452,80.2323608398,62471,62481,10
13.0085000992,80.2313079834,62481,62491,10
13.0086803436,80.2303771973,62491,62501,10
13.0088796616,80.2294616699,62501,62511,10
13.0090904236,80.2284927368,62511,62522,11
13.0095300674,80.2273101807,62522,62532,10
13.0100002289,80.22631073,62532,62542,10
13.0104198456,80.225402832,62542,62552,10
13.0106897354,80.2248764038,62552,62562,10
13.0109195709,80.2244415283,62562,62572,10
13.0111198425,80.2238998413,62572,62582,10
13.0111503601,80.2238082886,62582,62592,10
13.0112400055,80.2236099243,62592,62603,11
13.0114803314,80.2230834961,62603,62613,10
13.011759758,80.2223587036,62613,62623,10
13.0121002197,80.2217102051,62623,62633,10
13.0122699738,80.2216186523,62633,62643,10
13.0126495361,80.2220687866,62643,62653,10
13.0131397247,80.2225875854,62653,62663,10
13.0136604309,80.2231369019,62663,62673,10
13.0140695572,80.2236022949,62673,62684,11
13.0144796371,80.2240371704,62684,62694,10
13.0149297714,80.2245407104,62694,62704,10
13.0150003433,80.2245864868,62704,62714,10
13.0151596069,80.2247619629,62714,62724,10
13.0153102875,80.224899292,62724,62734,10
13.0155601501,80.2250518799,62734,62744,10
13.0155696869,80.2250595093,62744,62754,10
13.0156698227,80.2251663208,62754,62765,11
13.0159502029,80.2253570557,62765,62775,10
13.0165300369,80.2253799438,62775,62785,10
13.0172996521,80.2250976563,62785,62795,10
13.0181598663,80.2247390747,62795,62805,10
13.0190296173,80.2244186401,62805,62815,10
13.0197296143,80.2245635986,62815,62825,10
13.0201301575,80.2248535156,62825,62835,10
13.0206003189,80.2251815796,62835,62846,11
13.0211400986,80.2255935669,62846,62856,10
13.0216598511,80.225982666,62856,62866,10
13.0224599838,80.2265930176,62866,62896,30
13.0224599838,80.2265930176,62896,62906,10
13.0227403641,80.226890564,62906,62917,11
13.0232696533,80.2273788452,62917,62927,10
13.0241003036,80.2282028198,62927,62937,10
13.0241003036,80.2282028198,62937,62947,10
13.0246801376,80.2289199829,62947,62987,40
13.0246801376,80.2289199829,62987,62999,12
13.0248203278,80.2291717529,62999,63009,10
13.0252895355,80.2297592163,63009,63019,10
13.0257101059,80.2304382324,63019,63029,10
13.0259199142,80.2309570313,63029,63069,40
13.0259199142,80.2309570313,63069,63080,11
13.0259399414,80.231262207,63080,63090,10
13.0260601044,80.2316894531,63090,63100,10
13.0262203217,80.2322387695,63100,63110,10
13.0263595581,80.2326507568,63110,63120,10
13.0265398026,80.2330093384,63120,63130,10
13.0267896652,80.2334594727,63130,63140,10
13.0271501541,80.234046936,63140,63150,10
13.0276002884,80.2347869873,63150,63161,11
13.0281400681,80.2356491089,63161,63171,10
13.0288295746,80.2364273071,63171,63181,10
13.0294599533,80.2370834351,63181,63191,10
13.0295801163,80.2372283936,63191,63201,10
13.0297603607,80.237487793,63201,63211,10
13.029999733,80.2378616333,63211,63221,10
13.0302400589,80.2382965088,63221,63231,10
13.0305204391,80.2387771606,63231,63242,11
13.0308198929,80.2392730713,63242,63252,10
13.0310497284,80.2397689819,63252,63262,10
13.0313501358,80.240196228,63262,63272,10
13.0314102173,80.2406921387,63272,63282,10
13.0315103531,80.2409515381,63282,63292,10
13.03166008,80.2412414551,63292,63302,10
13.0318698883,80.2416610718,63302,63313,11
13.0322198868,80.2422409058,63313,63323,10
13.0326595306,80.2427902222,63323,63333,10
13.0331401825,80.2434463501,63333,63343,10
13.0336704254,80.2442092896,63343,63353,10
13.0340900421,80.244758606,63353,63363,10
13.0344696045,80.2452163696,63363,63373,10
13.0348596573,80.2456970215,63373,63383,10
13.0351400375,80.2459793091,63383,63464,81
13.0351400375,80.2459793091,63464,63475,11
13.0354404449,80.2461395264,63475,63485,10
13.0357398987,80.2462615967,63485,63495,10
13.0360202789,80.2464294434,63495,63505,10
13.0368299484,80.24659729,63505,63515,10
13.0375204086,80.2465133667,63515,63525,10
13.0380496979,80.2466201782,63525,63535,10
13.0388803482,80.246887207,63535,63545,10
13.0391597748,80.246963501,63545,63556,11
13.0394601822,80.2470169067,63556,63566,10
13.0401496887,80.2471389771,63566,63576,10
13.0411396027,80.2473373413,63576,63586,10
13.0420103073,80.2475128174,63586,63596,10
13.0425300598,80.2476806641,63596,63606,10
13.043390274,80.2479782104,63606,63616,10
13.0441398621,80.2479019165,63616,63626,10
13.0447797775,80.248008728,63626,63637,11
13.0453596115,80.2482833862,63637,63647,10
13.0461397171,80.2485580444,63647,63657,10
13.0469503403,80.2485122681,63657,63667,10
13.0471000671,80.2484970093,63667,63677,10
13.0472602844,80.2485961914,63677,63687,10
13.0477600098,80.2490386963,63687,63697,10
13.048330307,80.2495803833,63697,63708,11
13.0489902496,80.2497711182,63708,63718,10
13.0494203568,80.2498779297,63718,63728,10
13.0502700806,80.2500228882,63728,63738,10
13.0512800217,80.25025177,63738,63748,10
13.052189827,80.2509002686,63748,63758,10
13.0529603958,80.2519073486,63758,63768,10
13.0535297394,80.2526626587,63768,63778,10
13.0542602539,80.2536621094,63778,63789,11
13.0548496246,80.2544326782,63789,63799,10
13.0553302765,80.2550506592,63799,63809,10
13.0557603836,80.2556533813,63809,63819,10
13.0559902191,80.2559814453,63819,63829,10
13.0562000275,80.2562484741,63829,63839,10
13.0564403534,80.2565536499,63839,63849,10
13.0568599701,80.2569580078,63849,63859,10
13.057390213,80.2574615479,63859,63870,11
13.0575704575,80.2576293945,63870,63880,10
13.0577001572,80.2577514648,63880,63890,10
13.0579996109,80.2580566406,63890,63900,10
13.058380127,80.2585296631,63900,63910,10
13.0586595535,80.2589035034,63910,63920,10
13.0589799881,80.2592468262,63920,63930,10
13.0592002869,80.2597198486,63930,63940,10
13.0596599579,80.2602005005,63940,63951,11
13.060500145,80.2610168457,63951,63981,30
13.060500145,80.2610168457,63981,63991,10
13.0605802536,80.261138916,63991,64001,10
13.0608997345,80.2615966797,64001,64011,10
13.0614204407,80.26222229,64011,64021,10
13.0617198944,80.2625732422,64021,64032,11
13.0618495941,80.2627182007,64032,64042,10
13.0620698929,80.2630004883,64042,64052,10
13.0624904633,80.2634963989,64052,64062,10
13.0628404617,80.2639389038,64062,64072,10
13.0632896423,80.264503479,64072,64082,10
13.0636701584,80.2651062012,64082,64092,10
13.063949585,80.2655410767,64092,64102,10
13.0643701553,80.2660598755,64102,64113,11
13.0646896362,80.2664489746,64113,64123,10
13.0648298264,80.2666397095,64123,64133,10
13.065030098,80.2668914795,64133,64143,10
13.0655298233,80.2672195435,64143,64153,10
13.0656604767,80.2673721313,64153,64163,10
13.0658397675,80.2676696777,64163,64173,10
13.0664100647,80.2683410645,64173,64214,41
13.0664100647,80.2683410645,64214,64224,10
13.0666503906,80.2684707642,64224,64234,10
13.0671100616,80.2687530518,64234,64244,10
13.0677099228,80.2691421509,64244,64254,10
13.0682601929,80.2695770264,64254,64265,11
13.068189621,80.2702407837,64265,64275,10
13.0681200027,80.2709503174,64275,64285,10
13.06828022,80.2715911865,64285,64295,10
13.0687799454,80.2719726563,64295,64305,10
13.0693597794,80.2722930908,64305,64315,10
13.0698404312,80.2728424072,64315,64325,10
13.070309639,80.2733917236,64325,64335,10
13.0706100464,80.2738265991,64335,64346,11
13.0710802078,80.2741317749,64346,64356,10
13.0714197159,80.2742614746,64356,64416,60
13.0714197159,80.2742614746,64416,64427,11
13.0715398788,80.2742614746,64427,64437,10
13.0719499588,80.2745437622,64437,64447,10
13.0724601746,80.2751235962,64447,64457,10
13.0730895996,80.2757873535,64457,64467,10
13.0737800598,80.2763671875,64467,64477,10
13.0747003555,80.2763519287,64477,64487,10
13.0757198334,80.2763214111,64487,64497,10
13.0765800476,80.2762908936,64497,64508,11
13.0774803162,80.2762298584,64508,64518,10
13.0781602859,80.2759628296,64518,64528,10
13.0784502029,80.2752914429,64528,64538,10
13.0791797638,80.2752227783,64538,64548,10
13.079990387,80.2753067017,64548,64558,10
13.080739975,80.2752304077,64558,64609,51
13.080739975,80.2752304077,64609,64619,10
13.0808401108,80.2752380371,64619,64629,10
13.0811595917,80.2752075195,64629,64639,10
13.0814599991,80.2751922607,64639,64649,10
13.0818996429,80.2752609253,64649,64720,71
13.0818996429,80.2752609253,64720,64730,10
13.082110405,80.2754211426,64730,64741,11
13.082110405,80.2755432129,64741,64751,10
13.0821399689,80.2757568359,64751,65733,982
13.0821399689,80.2757568359,65733,65743,10
13.082110405,80.2759017944,65743,65754,11
13.0818395615,80.2761077881,65754,65799,45
13.0818395615,80.2761077881,65799,65813,14
13.0826396942,80.2780303955,65813,65833,20
13.0833997726,80.2781982422,65833,65844,11
13.083530426,80.2786865234,65844,65854,10
13.0834503174,80.2790374756,65854,65864,10
13.0827999115,80.278793335,65864,65894,30
13.0827999115,80.278793335,65894,65904,10
13.0825300217,80.2786178589,65904,65915,11
13.0820198059,80.2783813477,65915,65925,10
13.0818500519,80.2779922485,65925,65935,10
13.0818004608,80.2774963379,65935,65945,10
13.0817499161,80.2769470215,65945,65965,20
13.0817899704,80.2767791748,65965,65985,20
13.0817899704,80.2767791748,65985,65996,11
13.0818099976,80.2765731812,65996,66006,10
13.0817604065,80.2763366699,66006,66016,10
13.0816602707,80.2760696411,66016,66026,10
13.0815200806,80.2756576538,66026,66046,20
13.0815200806,80.2756576538,66046,66056,10
13.0814599991,80.2754364014,66056,66066,10
13.0813302994,80.2751998901,66066,66077,11
13.0808296204,80.2752609253,66077,66087,10
13.0801801682,80.2753295898,66087,66097,10
13.0795297623,80.2753372192,66097,66107,10
13.0787801743,80.2751998901,66107,66117,10
13.0782203674,80.2757568359,66117,66127,10
13.0776596069,80.276260376,66127,66137,10
13.0767402649,80.2763137817,66137,66147,10
13.0758104324,80.2763900757,66147,66158,11
13.0749998093,80.2763977051,66158,66168,10
13.0749702454,80.2763977051,66168,66178,10
13.074640274,80.2764205933,66178,66188,10
13.0738201141,80.2764434814,66188,66239,51
13.0738201141,80.2764434814,66239,66249,10
13.0737695694,80.2764892578,66249,66259,10
13.0733499527,80.2763595581,66259,66269,10
13.0728502274,80.2757568359,66269,66279,10
13.0722303391,80.2750930786,66279,66289,10
13.0718002319,80.2746887207,66289,66340,51
13.0718002319,80.2746887207,66340,66350,10
13.0716400146,80.2746200562,66350,66360,10
13.0710601807,80.2745132446,66360,66370,10
13.0706100464,80.2742080688,66370,66380,10
13.070599556,80.2741775513,66380,66391,11
13.0704698563,80.2738189697,66391,66401,10
13.0702199936,80.2734298706,66401,66411,10
13.0698204041,80.2729187012,66411,66421,10
13.0693101883,80.2723770142,66421,66431,10
13.0689201355,80.2720489502,66431,66441,10
13.068479538,80.2719421387,66441,66451,10
13.068110466,80.2715911865,66451,66461,10
13.0679798126,80.2712173462,66461,66472,11
13.0675296783,80.2707290649,66472,66482,10
13.0670499802,80.2702102661,66482,66492,10
13.0666599274,80.2697372437,66492,66502,10
13.0664396286,80.2693710327,66502,66512,10
13.0663795471,80.2689208984,66512,66522,10
13.0662603378,80.2684402466,66522,66532,10
13.065870285,80.2679367065,66532,66542,10
13.0655498505,80.2677230835,66542,66573,31
13.0655498505,80.2677230835,66573,66583,10
13.0652999878,80.2676467896,66583,66593,10
13.065030098,80.2675933838,66593,66603,10
13.064450264,80.2674789429,66603,66613,10
13.0638799667,80.2673416138,66613,66623,10
13.0633602142,80.2673110962,66623,66634,11
13.0628204346,80.2671890259,66634,66644,10
13.062379837,80.2667694092,66644,66654,10
13.0619497299,80.2662200928,66654,66664,10
13.0615596771,80.2657623291,66664,66674,10
13.061249733,80.2653198242,66674,66684,10
13.0606002808,80.2653503418,66684,66704,20
13.0606002808,80.2653503418,66704,66715,11
13.0601501465,80.2655410767,66715,66725,10
13.0596504211,80.2656402588,66725,66735,10
13.0593395233,80.2656326294,66735,66745,10
13.0590200424,80.2655715942,66745,66755,10
13.0586795807,80.2654724121,66755,66765,10
13.0582199097,80.2653121948,66765,66775,10
13.0580301285,80.2647628784,66775,66785,10
13.0579395294,80.2640228271,66785,66796,11
13.0578603745,80.2630996704,66796,66806,10
13.0577497482,80.2625198364,66806,66816,10
13.0576200485,80.2619018555,66816,66826,10
13.057510376,80.2612304688,66826,66836,10
13.0573196411,80.2606506348,66836,66846,10
13.0571203232,80.2600479126,66846,66856,10
13.0569400787,80.2594680786,66856,66867,11
13.0567998886,80.2589797974,66867,66877,10
13.0567998886,80.2589492798,66877,66887,10
13.0566997528,80.2585983276,66887,66897,10
13.0566396713,80.2583694458,66897,66907,10
13.0566196442,80.2581710815,66907,66917,10
13.0566196442,80.2581634521,66917,66927,10
13.0565900803,80.2579727173,66927,66937,10
13.0564699173,80.2574005127,66937,66988,51
13.0564699173,80.2574005127,66988,66998,10
13.0564002991,80.257019043,66998,67008,10
13.0563201904,80.2566604614,67008,67018,10
13.0561199188,80.2562484741,67018,67029,11
13.0556898117,80.2556381226,67029,67039,10
13.0551996231,80.2549362183,67039,67049,10
13.0546798706,80.2542190552,67049,67059,10
13.0541601181,80.2535400391,67059,67069,10
13.0538597107,80.2531433105,67069,67079,10
13.0533800125,80.2525024414,67079,67089,10
13.0527896881,80.2517089844,67089,67099,10
13.0522203445,80.2509384155,67099,67110,11
13.051440239,80.2502670288,67110,67120,10
13.0505895615,80.2500305176,67120,67130,10
13.0496797562,80.2498474121,67130,67140,10
13.0488300323,80.2497634888,67140,67150,10
13.0481300354,80.2494812012,67150,67160,10
13.047539711,80.2489395142,67160,67170,10
13.0469102859,80.2486495972,67170,67191,21
13.0469102859,80.2486495972,67191,67201,10
13.0466499329,80.248626709,67201,67211,10
13.0461196899,80.2485580444,67211,67221,10
13.045800209,80.2484817505,67221,67231,10
13.0456199646,80.2483825684,67231,67241,10
13.0455102921,80.2483062744,67241,67251,10
13.0453500748,80.2482528687,67251,67262,11
13.0453300476,80.2482376099,67262,67272,10
13.0450496674,80.2481765747,67272,67282,10
13.0447502136,80.2481536865,67282,67292,10
13.0444202423,80.2480926514,67292,67302,10
13.0441799164,80.2480621338,67302,67312,10
13.0439300537,80.248008728,67312,67322,10
13.0437202454,80.2479629517,67322,67332,10
13.0434103012,80.2478790283,67332,67343,11
13.0429000854,80.2478027344,67343,67353,10
13.0424804688,80.2476806641,67353,67363,10
13.0418796539,80.2475585938,67363,67373,10
13.0410604477,80.2473983765,67373,67383,10
13.0401496887,80.2472229004,67383,67393,10
13.0393400192,80.2470169067,67393,67403,10
13.0386896133,80.2468719482,67403,67413,10
13.0385103226,80.2467803955,67413,67424,11
13.0382604599,80.2467498779,67424,67434,10
13.038020134,80.2467498779,67434,67444,10
13.0378198624,80.2467269897,67444,67454,10
13.0375995636,80.2466812134,67454,67464,10
13.037229538,80.2466125488,67464,67474,10
13.0365800858,80.2464981079,67474,67484,10
13.036359787,80.246421814,67484,67494,10
13.0362596512,80.2463684082,67494,67505,11
13.0358200073,80.2462768555,67505,67515,10
13.0352697372,80.2461013794,67515,67535,20
13.0352697372,80.2461013794,67535,67545,10
13.0350599289,80.2460098267,67545,67555,10
13.0347604752,80.2456588745,67555,67565,10
13.0345001221,80.245262146,67565,67575,10
13.0339803696,80.2447128296,67575,67586,11
13.0335197449,80.2440567017,67586,67596,10
13.0329504013,80.2433700562,67596,67606,10
13.0324201584,80.24269104,67606,67616,10
13.0319700241,80.2420806885,67616,67626,10
13.0317201614,80.2415390015,67626,67636,10
13.0315799713,80.2411804199,67636,67707,71
13.0315799713,80.2411804199,67707,67717,10
13.0315704346,80.2410583496,67717,67727,10
13.0314302444,80.240737915,67727,67738,11
13.03125,80.2403564453,67738,67748,10
13.0311403275,80.2401199341,67748,67758,10
13.0309095383,80.2396316528,67758,67768,10
13.0305299759,80.2389373779,67768,67778,10
13.030090332,80.2381362915,67778,67788,10
13.0295801163,80.2373428345,67788,67798,10
13.0290498734,80.2367401123,67798,67808,10
13.0284004211,80.2360610962,67808,67819,11
13.0277004242,80.2351074219,67819,67829,10
13.0271196365,80.2341308594,67829,67839,10
13.0265197754,80.2331771851,67839,67849,10
13.0261602402,80.2322692871,67849,67859,10
13.0260696411,80.2318496704,67859,67869,10
13.0260000229,80.2316970825,67869,67879,10
13.0258998871,80.2313690186,67879,67889,10
13.0257101059,80.2305984497,67889,67900,11
13.0251398087,80.2297592163,67900,67910,10
13.024769783,80.2293395996,67910,67920,10
13.0246200562,80.2291564941,67920,67930,10
13.0244903564,80.2289962769,67930,67940,10
13.0242300034,80.2286300659,67940,67950,10
13.0238599777,80.2282104492,67950,67960,10
13.023639679,80.2279510498,67960,67970,10
13.0233697891,80.2276916504,67970,68011,41
13.0233697891,80.2276916504,68011,68021,10
13.0231199265,80.2274169922,68021,68031,10
13.0227499008,80.2270812988,68031,68041,10
13.0225801468,80.2268829346,68041,68051,10
13.022190094,80.2265167236,68051,68062,11
13.0217399597,80.2261428833,68062,68072,10
13.0214195251,80.2259063721,68072,68082,10
13.0212497711,80.225769043,68082,68092,10
13.0211400986,80.2256622314,68092,68102,10
13.0208902359,80.2254562378,68102,68112,10
13.0204696655,80.225189209,68112,68122,10
13.0198602676,80.2248077393,68122,68153,31
13.0198602676,80.2248077393,68153,68163,10
13.0196504593,80.2247009277,68163,68173,10
13.0191297531,80.2245178223,68173,68183,10
13.0186100006,80.224609375,68183,68193,10
13.018409729,80.2247085571,68193,68203,10
13.0182800293,80.2247695923,68203,68214,11
13.0181703568,80.2248306274,68214,68224,10
13.0180702209,80.2248687744,68224,68234,10
13.0179004669,80.224937439,68234,68244,10
13.0177898407,80.2249908447,68244,68254,10
13.0176496506,80.2250595093,68254,68264,10
13.0174798965,80.2251281738,68264,68274,10
13.0173397064,80.2251968384,68274,68284,10
13.0171804428,80.2252578735,68284,68295,11
13.0170402527,80.2253112793,68295,68305,10
13.01679039,80.2254180908,68305,68335,30
13.01679039,80.2254180908,68335,68345,10
13.0165300369,80.2255172729,68345,68355,10
13.0163602829,80.2255706787,68355,68365,10
13.0159301758,80.2257003784,68365,68376,11
13.0153102875,80.2259216309,68376,68386,10
13.0147695541,80.2261428833,68386,68396,10
13.0144395828,80.2262573242,68396,68406,10
13.0143404007,80.22631073,68406,68416,10
13.0142498016,80.2263336182,68416,68426,10
13.0138902664,80.2264785767,68426,68436,10
13.0133304596,80.2267227173,68436,68446,10
13.0128202438,80.2269210815,68446,68457,11
13.0121097565,80.2272491455,68457,68467,10
13.0112400055,80.2275619507,68467,68477,10
13.0104198456,80.227897644,68477,68487,10
13.0096902847,80.2281723022,68487,68497,10
13.0091295242,80.2286300659,68497,68507,10
13.0089998245,80.2295303345,68507,68517,10
13.0088100433,80.2305297852,68517,68528,11
13.008600235,80.2316513062,68528,68538,10
13.0084400177,80.2324981689,68538,68548,10
13.008310318,80.2332077026,68548,68558,10
13.0082902908,80.2333374023,68558,68568,10
13.0082502365,80.2334823608,68568,68578,10
13.0081596375,80.23387146,68578,68588,10
13.0080404282,80.2344284058,68588,68598,10
13.0079698563,80.2347564697,68598,68609,11
13.0078697205,80.2351837158,68609,68619,10
13.0077600479,80.2357711792,68619,68629,10
13.0076303482,80.2364883423,68629,68639,10
13.0074901581,80.2372436523,68639,68649,10
13.0073404312,80.23802948,68649,68659,10
13.0072097778,80.2387771606,68659,68669,10
13.0070800781,80.2394485474,68669,68801,132
13.0070800781,80.2394485474,68801,68811,10
13.0070400238,80.2395782471,68811,68821,10
13.0069599152,80.2399520874,68821,68831,10
13.0068502426,80.2404708862,68831,68841,10
13.0066900253,80.2413864136,68841,68852,11
13.0066900253,80.242401123,68852,68862,10
13.0066795349,80.2433166504,68862,68872,10
13.0066795349,80.2441711426,68872,68882,10
13.0066604614,80.2449035645,68882,68892,10
13.0066900253,80.2455596924,68892,68943,51
13.0066900253,80.2455596924,68943,68953,10
13.0066995621,80.2460327148,68953,68963,10
13.0067195892,80.2462692261,68963,68973,10
13.0067501068,80.2465820313,68973,68983,10
13.006770134,80.2470092773,68983,68993,10
13.0062398911,80.2474822998,68993,69014,21
13.0062398911,80.2474822998,69014,69024,10
13.0058403015,80.2474365234,69024,69034,10
13.0051298141,80.2474365234,69034,69044,10
13.0042896271,80.2475128174,69044,69054,10
13.0033597946,80.2476196289,69054,69064,10
13.002530098,80.247756958,69064,69074,10
13.0017900467,80.2479400635,69074,69085,11
13.0007600784,80.2482070923,69085,69095,10
12.9996995926,80.2484588623,69095,69105,10
12.9986801147,80.2487411499,69105,69115,10
12.9977397919,80.2489776611,69115,69125,10
12.9967002869,80.2492370605,69125,69135,10
12.9956598282,80.2495117188,69135,69145,10
12.9946498871,80.2497711182,69145,69155,10
12.9935998917,80.250038147,69155,69166,11
12.9924402237,80.2502975464,69166,69176,10
12.9915704727,80.250541687,69176,69186,10
12.991060257,80.2506866455,69186,69206,20
12.991060257,80.2506866455,69206,69216,10
12.9908504486,80.2507324219,69216,69226,10
12.9904603958,80.250831604,69226,69236,10
12.989859581,80.2509765625,69236,69247,11
12.989279747,80.251121521,69247,69257,10
12.9890804291,80.251159668,69257,69267,10
12.9887695313,80.2512588501,69267,69520,253
12.9887695313,80.2512588501,69520,69530,10
12.9883899689,80.251373291,69530,69540,10
12.9880199432,80.251449585,69540,69550,10
12.9876203537,80.2515411377,69550,69561,11
12.9870901108,80.2516784668,69561,69571,10
12.9866399765,80.2518234253,69571,69581,10
12.9862003326,80.2519683838,69581,69591,10
12.9853601456,80.2521591187,69591,69601,10
12.9843902588,80.2524032593,69601,69611,10
12.9834403992,80.2526397705,69611,69621,10
12.9825401306,80.2527389526,69621,69631,10
12.9816799164,80.2527618408,69631,69642,11
12.980890274,80.2527923584,69642,69652,10
12.9806203842,80.252822876,69652,69662,10
12.9805002213,80.252822876,69662,69672,10
12.9803104401,80.2528533936,69672,69682,10
12.979929924,80.2528381348,69682,69692,10
12.9794197083,80.2527618408,69692,69702,10
12.9788303375,80.2526931763,69702,69723,21
12.9788303375,80.2526931763,69723,69733,10
12.9784402847,80.2525482178,69733,69743,10
12.9779195786,80.2521591187,69743,69753,10
12.9772996902,80.2516326904,69753,69763,10
12.9766597748,80.2513275146,69763,69773,10
12.9756002426,80.2510223389,69773,69783,10
12.9746999741,80.2507629395,69783,69794,11
12.9737596512,80.25050354,69794,69804,10
12.9729700089,80.2503128052,69804,69814,10
12.9721298218,80.2500915527,69814,69824,10
12.971280098,80.2498703003,69824,69834,10
12.9706602097,80.2497024536,69834,69844,10
12.969909668,80.249420166,69844,69854,10
12.9690198898,80.2490615845,69854,69864,10
12.9682302475,80.2487182617,69864,69875,11
12.9671401978,80.2483062744,69875,69895,20
12.9671401978,80.2483062744,69895,69905,10
12.9668598175,80.2481231689,69905,69915,10
12.966509819,80.2479400635,69915,69925,10
12.9658603668,80.2476501465,69925,69935,10
12.9653196335,80.2474822998,69935,69945,10
12.9652204514,80.2474212646,69945,69956,11
12.9650201797,80.2473220825,69956,69966,10
12.9645204544,80.2471694946,69966,69976,10
12.9640903473,80.2470321655,69976,69996,20
12.9640903473,80.2470321655,69996,70006,10
12.9638595581,80.2469711304,70006,70016,10
12.9635696411,80.2468719482,70016,70026,10
12.9632196426,80.2466812134,70026,70037,11
12.9624996185,80.2463226318,70037,70047,10
12.9616098404,80.2458877563,70047,70057,10
12.9607400894,80.2454681396,70057,70067,10
12.9596204758,80.245010376,70067,70107,40
12.9596204758,80.245010376,70107,70118,11
12.95952034,80.244972229,70118,70128,10
12.958439827,80.2444381714,70128,70138,10
12.958439827,80.2444381714,70138,70148,10
12.9577903748,80.244178772,70148,70158,10
12.9571504593,80.2439880371,70158,70168,10
12.9565401077,80.2437973022,70168,70201,33
12.9565401077,80.2437973022,70201,70211,10
12.9561901093,80.2436828613,70211,70221,10
12.9554004669,80.2432403564,70221,70231,10
12.9545602798,80.2428588867,70231,70241,10
12.9539003372,80.2425918579,70241,70251,10
12.9530096054,80.2422027588,70251,70261,10
12.9522600174,80.2419204712,70261,70272,11
12.9516401291,80.2417221069,70272,70282,10
12.9514503479,80.2416687012,70282,70292,10
12.9510402679,80.2415008545,70292,70302,10
12.9502496719,80.2412719727,70302,70312,10
12.9493598938,80.2409973145,70312,70322,10
12.94851017,80.2406387329,70322,70332,10
12.94713974,80.2400970459,70332,70353,21
12.94713974,80.2400970459,70353,70363,10
12.9470500946,80.2400436401,70363,70373,10
12.9465703964,80.2398529053,70373,70383,10
12.9457902908,80.2395172119,70383,70393,10
12.9449901581,80.2389831543,70393,70403,10
12.9442396164,80.2381896973,70403,70413,10
12.943400383,80.2372665405,70413,70423,10
12.9422998428,80.236541748,70423,70434,11
12.9408102036,80.2361602783,70434,70444,10
12.9397602081,80.2358779907,70444,70464,20
12.9397602081,80.2358779907,70464,70474,10
12.9395103455,80.2357406616,70474,70484,10
12.9388399124,80.2353973389,70484,70494,10
12.9379196167,80.2349319458,70494,70504,10
12.9368696213,80.2344207764,70504,70515,11
12.9358196259,80.2339401245,70515,70525,10
12.9349403381,80.2335205078,70525,70535,10
12.9339504242,80.2331008911,70535,70565,30
12.9339504242,80.2331008911,70565,70575,10
12.9336795807,80.232963562,70575,70586,11
12.9329595566,80.2325973511,70586,70596,10
12.9319801331,80.2322463989,70596,70606,10
12.9309902191,80.2319107056,70606,70616,10
12.929889679,80.2315979004,70616,70626,10
12.9291200638,80.2314529419,70626,70636,10
12.9289798737,80.2314300537,70636,70646,10
12.9284601212,80.2313537598,70646,70656,10
12.9276304245,80.2312164307,70656,70667,11
12.9265098572,80.2310791016,70667,70677,10
12.9256401062,80.231010437,70677,70687,10
12.9246101379,80.2308883667,70687,70697,10
12.9234199524,80.2307434082,70697,70707,10
12.9221601486,80.2305526733,70707,70717,10
12.9207801819,80.2303466797,70717,70727,10
12.9194097519,80.230178833,70727,70737,10
12.9181804657,80.2300186157,70737,70748,11
12.917090416,80.2298583984,70748,70758,10
12.9163599014,80.2297592163,70758,70768,10
12.9153604507,80.2296218872,70768,70778,10
12.9142398834,80.2294616699,70778,70788,10
12.9133396149,80.2293777466,70788,70808,20
12.9133396149,80.2293777466,70808,70818,10
12.9132699966,80.2293624878,70818,70829,11
12.9126796722,80.2292633057,70829,70839,10
12.9118099213,80.2291183472,70839,70849,10
12.9107503891,80.2289810181,70849,70859,10
12.9095401764,80.2287826538,70859,70869,10
12.9083299637,80.2285766602,70869,70879,10
12.9070501328,80.2284164429,70879,70991,112
12.9070501328,80.2284164429,70991,71001,10
12.9069595337,80.2283477783,71001,71011,10
12.9065704346,80.2283172607,71011,71021,10
12.9061803818,80.2283096313,71021,71031,10
12.9059295654,80.2283096313,71031,71041,10
12.9053001404,80.2282714844,71041,71051,10
12.9043998718,80.2282180786,71051,71062,11
12.9033403397,80.2281570435,71062,71072,10
12.9024200439,80.2281417847,71072,71082,10
12.9022502899,80.2281265259,71082,71092,10
12.9020996094,80.2281112671,71092,71102,10
12.9017295837,80.2280807495,71102,71112,10
12.9012899399,80.2280502319,71112,71122,10
12.9007797241,80.2279968262,71122,71132,10
12.9002599716,80.2279586792,71132,71143,11
12.8999595642,80.2279510498,71143,71153,10
12.8997097015,80.2279281616,71153,71163,10
12.8990898132,80.2279205322,71163,71203,40
12.8990898132,80.2279205322,71203,71213,10
12.898900032,80.2279205322,71213,71224,11
12.8982801437,80.2278823853,71224,71234,10
12.8974103928,80.2278213501,71234,71244,10
12.896320343,80.2277679443,71244,71254,10
12.895190239,80.227722168,71254,71264,10
12.8940896988,80.2276611328,71264,71274,10
12.8930702209,80.2275619507,71274,71284,10
12.8924198151,80.2275009155,71284,71355,71
12.8924198151,80.2275009155,71355,71365,10
12.8921604156,80.2274780273,71365,71375,10
12.891500473,80.2274475098,71375,71386,11
12.8904104233,80.2274475098,71386,71396,10
12.8891897202,80.2274475098,71396,71406,10
12.8879404068,80.2273864746,71406,71416,10
12.886590004,80.2271728516,71416,71426,10
12.8853397369,80.2268829346,71426,71436,10
12.8846597672,80.2268218994,71436,71446,10
12.8845596313,80.2268218994,71446,71456,10
12.884469986,80.2267990112,71456,71467,11
12.8838796616,80.2267913818,71467,71477,10
12.8829402924,80.2267837524,71477,71487,10
12.8817996979,80.2267913818,71487,71497,10
12.8805398941,80.2267990112,71497,71507,10
12.8791799545,80.2268218994,71507,71517,10
12.8778800964,80.2269134521,71517,71527,10
12.8763599396,80.2270584106,71527,71548,21
12.8763599396,80.2270584106,71548,71558,10
12.8761796951,80.2270431519,71558,71568,10
12.8755102158,80.2270126343,71568,71578,10
12.8745002747,80.226890564,71578,71588,10
12.8734302521,80.2267913818,71588,71598,10
12.8728704453,80.2267913818,71598,71608,10
12.8723602295,80.2267913818,71608,71619,11
12.8718204498,80.2267684937,71619,71629,10
12.8708896637,80.2267227173,71629,71639,10
12.8696804047,80.2266082764,71639,71649,10
12.8682603836,80.2264709473,71649,71659,10
12.8668203354,80.226600647,71659,71669,10
12.8655996323,80.2266998291,71669,71679,10
12.8642196655,80.2266464233,71679,71689,10
12.862859726,80.2266235352,71689,71700,11
12.8615503311,80.2266693115,71700,71710,10
12.8609800339,80.2266769409,71710,71760,50
12.8609800339,80.2266769409,71760,71770,10
12.8606500626,80.2266387939,71770,71781,11
12.8598299026,80.2265396118,71781,71791,10
12.8588895798,80.2264099121,71791,71801,10
12.8578100204,80.2263412476,71801,71811,10
12.8565502167,80.2264328003,71811,71821,10
12.855219841,80.2265701294,71821,71831,10
12.8537797928,80.2267227173,71831,71841,10
12.8523197174,80.2267608643,71841,71851,10
12.8508501053,80.2266998291,71851,71862,11
12.8492803574,80.2266769409,71862,71872,10
12.8487300873,80.2266998291,71872,71882,10
12.848690033,80.2266998291,71882,71892,10
12.8482398987,80.2266921997,71892,71902,10
12.8473796844,80.2266769409,71902,71912,10
12.846329689,80.2266769409,71912,71922,10
12.8459596634,80.2266998291,71922,71933,11
12.8453798294,80.2266921997,71933,71963,30
12.8453798294,80.2266921997,71963,71973,10
12.8450298309,80.2266921997,71973,71983,10
12.8443202972,80.2267379761,71983,71993,10
12.8433904648,80.2268295288,71993,72003,10
12.8424100876,80.2270126343,72003,72014,11
12.841340065,80.2272796631,72014,72024,10
12.8402700424,80.2275924683,72024,72034,10
12.8397798538,80.2277069092,72034,72044,10
12.8395795822,80.2277526855,72044,72054,10
12.8388900757,80.2279586792,72054,72064,10
12.8378400803,80.2282104492,72064,72074,10
12.8365802765,80.2284317017,72074,72084,10
12.8351602554,80.2286376953,72084,72095,11
12.8337001801,80.2288970947,72095,72105,10
12.8323097229,80.2291870117,72105,72125,20
12.8323097229,80.2291870117,72125,72135,10
12.8319597244,80.2292633057,72135,72145,10
12.8314304352,80.2293624878,72145,72155,10
12.8309001923,80.2295303345,72155,72165,10
12.8305997849,80.2296600342,72165,72176,11
12.830329895,80.2297515869,72176,72186,10
12.8297100067,80.2299804688,72186,72196,10
12.8288803101,80.2303390503,72196,72206,10
12.8278999329,80.2308578491,72206,72216,10
12.8268899918,80.231338501,72216,72226,10
12.8258104324,80.2314605713,72226,72236,10
12.824640274,80.2314529419,72236,72246,10
12.8234996796,80.2311401367,72246,72257,11
12.8223800659,80.2307815552,72257,72267,10
12.8212499619,80.2305297852,72267,72277,10
12.8201198578,80.2305374146,72277,72287,10
12.8191604614,80.2305679321,72287,72297,10
12.8188400269,80.2305603027,72297,72307,10
12.8186903,80.2304763794,72307,72317,10
12.8181400299,80.2302093506,72317,72327,10
12.8174104691,80.2298736572,72327,72338,11
12.8163995743,80.2295684814,72338,72348,10
12.8153295517,80.2294006348,72348,72358,10
12.814160347,80.2292175293,72358,72368,10
12.8130397797,80.2288894653,72368,72378,10
12.8119497299,80.2285003662,72378,72388,10
12.8107995987,80.2280807495,72388,72398,10
12.8097600937,80.2276382446,72398,72409,11
12.8087797165,80.2270431519,72409,72419,10
12.8079395294,80.226348877,72419,72429,10
12.8071699142,80.2257003784,72429,72439,10
12.8065299988,80.2251205444,72439,72449,10
12.8058900833,80.2245483398,72449,72459,10
12.8052597046,80.2241516113,72459,72469,10
12.8049001694,80.2240524292,72469,72479,10
12.8048200607,80.2240219116,72479,72490,11
12.8044395447,80.2239608765,72490,72500,10
12.8039302826,80.2239379883,72500,72510,10
12.8033399582,80.2238998413,72510,72520,10
12.8026695251,80.2238235474,72520,72530,10
12.8018398285,80.2237319946,72530,72540,10
12.8010797501,80.2236785889,72540,72550,10
12.8009195328,80.2236709595,72550,72560,10
12.8005599976,80.2236328125,72560,72571,11
12.7999095917,80.2235565186,72571,72581,10
12.7991104126,80.2235031128,72581,72591,10
12.7981700897,80.2233581543,72591,72601,10
12.7971696854,80.2232208252,72601,72611,10
12.7962303162,80.2230606079,72611,72621,10
12.7957696915,80.2229995728,72621,72631,10
12.7957296371,80.2229919434,72631,72641,10
12.7953500748,80.22290802,72641,72652,11
12.7945299149,80.2227706909,72652,72662,10
12.7936201096,80.2226333618,72662,72672,10
12.7926101685,80.2224807739,72672,72682,10
12.7916097641,80.2222518921,72682,72692,10
12.7906198502,80.2220077515,72692,72702,10
12.7897500992,80.2217788696,72702,72712,10
12.7891197205,80.2215270996,72712,72722,10
12.7883901596,80.2212600708,72722,72733,11
12.7877702713,80.2210083008,72733,72743,10
12.7872896194,80.2208328247,72743,72753,10
12.7868795395,80.2206573486,72753,72783,30
12.7868795395,80.2206573486,72783,72793,10
12.7864303589,80.220489502,72793,72905,112
12.7864303589,80.220489502,72905,72915,10
12.7858295441,80.2202606201,72915,72925,10
12.7854604721,80.2200698853,72925,72935,10
12.7850103378,80.219833374,72935,72945,10
12.7846298218,80.2196731567,72945,72966,21
12.7846298218,80.2196731567,72966,72976,10
12.7845802307,80.2195968628,72976,72986,10
12.7842302322,80.2194137573,72986,72996,10
12.7835798264,80.2190475464,72996,73006,10
12.7828702927,80.2186584473,73006,73016,10
12.782119751,80.21824646,73016,73026,10
12.7814102173,80.2179031372,73026,73036,10
12.7810001373,80.2176895142,73036,73047,11
12.7804203033,80.2173690796,73047,73057,10
12.7797803879,80.2170181274,73057,73067,10
12.779129982,80.2166595459,73067,73077,10
12.7783403397,80.2162628174,73077,73087,10
12.7774295807,80.2158508301,73087,73097,10
12.7764396667,80.215461731,73097,73107,10
12.7754201889,80.2150421143,73107,73117,10
12.7745103836,80.2146835327,73117,73128,11
12.7735900879,80.2142868042,73128,73138,10
12.7726898193,80.2139434814,73138,73148,10
12.7718496323,80.2136306763,73148,73158,10
12.7710599899,80.2133636475,73158,73168,10
12.7704801559,80.2131500244,73168,73178,10
12.7704000473,80.2131195068,73178,73188,10
12.7700500488,80.2129898071,73188,73199,11
12.7693004608,80.2126922607,73199,73209,10
12.7684297562,80.2123718262,73209,73219,10
12.7674198151,80.2119903564,73219,73229,10
12.7663602829,80.2116088867,73229,73239,10
12.7652797699,80.2112197876,73239,73249,10
12.7642202377,80.2108535767,73249,73259,10
12.7631502151,80.2104415894,73259,73269,10
12.762140274,80.2100601196,73269,73280,11
12.7610998154,80.2096176147,73280,73290,10
12.7602596283,80.209197998,73290,73300,10
12.7595996857,80.2088470459,73300,73310,10
12.7594604492,80.2087783813,73310,73320,10
12.7592697144,80.2086715698,73320,73330,10
12.7587404251,80.208366394,73330,73340,10
12.7580003738,80.2079696655,73340,73350,10
12.7571897507,80.2075195313,73350,73361,11
12.7562503815,80.2070007324,73361,73371,10
12.7553596497,80.2064971924,73371,73381,10
12.7544603348,80.2059936523,73381,73391,10
12.7535104752,80.2054672241,73391,73401,10
12.7525196075,80.2049789429,73401,73411,10
12.7516298294,80.2045211792,73411,73421,10
12.7512798309,80.2043380737,73421,73431,10
12.7512397766,80.2042922974,73431,73442,11
12.7509002686,80.2041168213,73442,73452,10
12.7503099442,80.2038116455,73452,73462,10
12.7495203018,80.20337677,73462,73472,10
12.7485904694,80.202911377,73472,73482,10
12.7475996017,80.2024002075,73482,73492,10
12.7465801239,80.2018737793,73492,73502,10
12.7455596924,80.2013473511,73502,73512,10
12.7446804047,80.200843811,73512,73523,11
12.744020462,80.2001876831,73523,73533,10
12.743519783,80.1996231079,73533,73541,8
12.7431201935,80.1991271973,73541,73553,12
12.7425403595,80.1984405518,73553,73562,9
12.7419595718,80.1977310181,73562,73573,11
12.7417602539,80.1974563599,73573,73583,10
12.7417097092,80.1973724365,73583,73593,10
12.7414999008,80.197052002,73593,73604,11
12.7410402298,80.1964263916,73604,73614,10
12.740530014,80.1957931519,73614,73624,10
12.7399597168,80.1949768066,73624,73634,10
12.7393798828,80.1941833496,73634,73644,10
12.7387599945,80.193321228,73644,73654,10
12.7382202148,80.1926422119,73654,73664,10
12.7372903824,80.1916885376,73664,73675,11
12.7365198135,80.1909332275,73675,73685,10
12.7360200882,80.1904830933,73685,73695,10
12.7359600067,80.1903686523,73695,73705,10
12.7356996536,80.1900863647,73705,73715,10
12.735159874,80.1897583008,73715,73725,10
12.7343702316,80.1895980835,73725,73735,10
12.7334499359,80.1895294189,73735,73745,10
12.7326202393,80.1894073486,73745,73756,11
12.7317695618,80.189239502,73756,73766,10
12.7309398651,80.1891479492,73766,73776,10
12.730340004,80.1891021729,73776,73786,10
12.7299003601,80.1890487671,73786,73795,9
12.7297296524,80.1890335083,73795,73806,11
12.7296800613,80.1890182495,73806,73816,10
12.7292900085,80.1890106201,73816,73826,10
12.7286996841,80.1889190674,73826,73837,11
12.7279596329,80.1886978149,73837,73847,10
12.7272701263,80.1885070801,73847,73857,10
12.7266902924,80.1883621216,73857,73867,10
12.7260704041,80.1882400513,73867,73877,10
12.7252702713,80.1881027222,73877,73907,30
12.7252702713,80.1881027222,73907,73918,11
12.7249202728,80.188041687,73918,73938,20
12.7249202728,80.188041687,73938,73948,10
12.7244901657,80.1879577637,73948,73958,10
12.7240400314,80.1878433228,73958,73968,10
12.7236099243,80.187713623,73968,73978,10
12.7230501175,80.1875762939,73978,73988,10
12.7222499847,80.187538147,73988,74039,51
12.7222499847,80.187538147,74039,74049,10
12.7221403122,80.1879272461,74049,74059,10
12.7219295502,80.1880493164,74059,74090,31
12.7220001221,80.1878433228,74090,76096,2006
12.7222099304,80.1875,76096,76136,40
12.7222099304,80.1875,76136,76146,10
12.7227201462,80.1874923706,76146,76156,10
12.7230195999,80.1875762939,76156,76166,10
12.7233400345,80.1876678467,76166,76177,11
12.7237195969,80.1877670288,76177,76187,10
12.7240600586,80.1878814697,76187,76197,10
12.7243795395,80.1879501343,76197,76207,10
12.7244796753,80.1879730225,76207,76217,10
12.7246904373,80.18800354,76217,76227,10
12.7249698639,80.1880569458,76227,76237,10
12.7251796722,80.1881027222,76237,76247,10
12.725520134,80.1881484985,76247,76258,11
12.725810051,80.1881866455,76258,76268,10
12.7262201309,80.1882705688,76268,76278,10
12.7266302109,80.1883621216,76278,76288,10
12.7271795273,80.1884765625,76288,76298,10
12.7278604507,80.1886672974,76298,76308,10
12.7285203934,80.1888809204,76308,76318,10
12.7294902802,80.1890182495,76318,76339,21
12.7294902802,80.1890182495,76339,76349,10
12.729640007,80.1890411377,76349,76359,10
12.7300596237,80.1890716553,76359,76369,10
12.7303600311,80.1891174316,76369,76379,10
12.7308397293,80.189163208,76379,76389,10
12.7313804626,80.189201355,76389,76399,10
12.7321596146,80.1893386841,76399,76410,11
12.7329301834,80.189453125,76410,76420,10
12.7338399887,80.1895523071,76420,76430,10
12.7348604202,80.189666748,76430,76440,10
12.7357702255,80.1901092529,76440,76450,10
12.7364902496,80.190826416,76450,76460,10
12.7371702194,80.1915206909,76460,76470,10
12.7380599976,80.1923828125,76470,76480,10
12.7387695313,80.1932220459,76480,76491,11
12.7395000458,80.1941986084,76491,76501,10
12.7401199341,80.19506073,76501,76511,10
12.7407302856,80.1959228516,76511,76521,10
12.7412099838,80.1965789795,76521,76531,10
12.7419300079,80.1976165771,76531,76541,10
12.742600441,80.1984024048,76541,76551,10
12.7431602478,80.1990432739,76551,76561,10
12.7436304092,80.1995773315,76561,76572,11
12.7441396713,80.2001571655,76572,76582,10
12.7442903519,80.2003326416,76582,76592,10
12.7443304062,80.2003707886,76592,76602,10
12.7446804047,80.2007217407,76602,76612,10
12.7453804016,80.2011795044,76612,76622,10
12.7462797165,80.2016601563,76622,76632,10
12.7472696304,80.2021789551,76632,76642,10
12.7482995987,80.2027206421,76642,76653,11
12.7494401932,80.2033081055,76653,76663,10
12.7505197525,80.2038574219,76663,76673,10
12.7515201569,80.2043762207,76673,76683,10
12.7525596619,80.2049331665,76683,76693,10
12.7536001205,80.2054672241,76693,76703,10
12.7546596527,80.2060470581,76703,76713,10
12.7557096481,80.2066192627,76713,76723,10
12.7567300797,80.2071990967,76723,76734,11
12.7578296661,80.2078094482,76734,76744,10
12.7588500977,80.208366394,76744,76754,10
12.7598199844,80.2088623047,76754,76764,10
12.7604103088,80.209197998,76764,76774,10
12.7611398697,80.2095870972,76774,76784,10
12.7620897293,80.2100219727,76784,76794,10
12.7630796432,80.2104110718,76794,76805,11
12.7641201019,80.2108078003,76805,76815,10
12.765130043,80.2111816406,76815,76825,10
12.7661600113,80.2115478516,76825,76835,10
12.7672100067,80.2119293213,76835,76845,10
12.768289566,80.212310791,76845,76855,10
12.7693500519,80.2126922607,76855,76865,10
12.770409584,80.2130584717,76865,76875,10
12.7714195251,80.2134170532,76875,76886,11
12.7725696564,80.2138366699,76886,76896,10
12.7736196518,80.2142486572,76896,76906,10
12.7746400833,80.2146606445,76906,76916,10
12.7756700516,80.2150802612,76916,76926,10
12.7766895294,80.2154922485,76926,76936,10
12.7777204514,80.2159194946,76936,76946,10
12.778719902,80.2164001465,76946,76956,10
12.7796897888,80.2169189453,76956,76967,11
12.7807502747,80.2174835205,76967,76977,10
12.7817201614,80.2180099487,76977,76987,10
12.7826404572,80.2185211182,76987,76997,10
12.7833795547,80.2189331055,76997,77007,10
12.7840204239,80.2192993164,77007,77017,10
12.7846298218,80.2196426392,77017,77027,10
12.7851696014,80.2199401855,77027,77037,10
12.785610199,80.2201690674,77037,77048,11
12.7860202789,80.2203521729,77048,77058,10
12.7861700058,80.2204208374,77058,77068,10
12.7862701416,80.2204589844,77068,77078,10
12.7864303589,80.2205429077,77078,77108,30
12.7864303589,80.2205429077,77108,77118,10
12.7866897583,80.2206573486,77118,77129,11
12.7872695923,80.2208786011,77129,77139,10
12.7878503799,80.2210998535,77139,77149,10
12.7885398865,80.2213668823,77149,77159,10
12.7892599106,80.2216262817,77159,77169,10
12.7898397446,80.2218322754,77169,77179,10
12.7905597687,80.2220077515,77179,77189,10
12.7913398743,80.2221908569,77189,77200,11
12.7923202515,80.2224197388,77200,77210,10
12.7932500839,80.2225723267,77210,77220,10
12.7940998077,80.2226867676,77220,77230,10
12.794960022,80.2228164673,77230,77240,10
12.7958402634,80.2229690552,77240,77250,10
12.796330452,80.2230300903,77250,77260,10
12.7966499329,80.2230911255,77260,77270,10
12.7972898483,80.2232208252,77270,77281,11
12.7982501984,80.2233581543,77281,77291,10
12.799200058,80.223449707,77291,77301,10
12.800160408,80.2235336304,77301,77311,10
12.8010396957,80.2236022949,77311,77321,10
12.8013296127,80.2236175537,77321,77331,10
12.8013896942,80.2236404419,77331,77341,10
12.8018903732,80.2237014771,77341,77351,10
12.802570343,80.223777771,77351,77362,11
12.80327034,80.2238693237,77362,77372,10
12.8040304184,80.2239379883,77372,77382,10
12.8047599792,80.2240066528,77382,77392,10
12.8053798676,80.2241592407,77392,77402,10
12.8054895401,80.2241897583,77402,77412,10
12.8055801392,80.2242202759,77412,77422,10
12.8059597015,80.2245330811,77422,77433,11
12.8065099716,80.2250137329,77433,77444,11
12.8072900772,80.2256622314,77444,77454,10
12.8079795837,80.2262573242,77454,77464,10
12.808719635,80.2268981934,77464,77474,10
12.8093204498,80.2273635864,77474,77485,11
12.8103704453,80.2278594971,77485,77494,9
12.8113203049,80.2282485962,77494,77505,11
12.8121995926,80.2285614014,77505,77515,10
12.8133897781,80.2289810181,77515,77526,11
12.8145103455,80.2292633057,77526,77536,10
12.8155498505,80.2294006348,77536,77546,10
12.8166103363,80.2295684814,77546,77556,10
12.8175802231,80.2298965454,77556,77566,10
12.8184604645,80.2303237915,77566,77576,10
12.8192796707,80.2305221558,77576,77586,10
12.8196897507,80.2304916382,77586,77597,11
12.8199300766,80.23046875,77597,77607,10
12.8203496933,80.2304534912,77607,77617,10
12.820980072,80.2304534912,77617,77627,10
12.8217601776,80.2305221558,77627,77637,10
12.8226699829,80.2307662964,77637,77647,10
12.8236103058,80.2310562134,77647,77657,10
12.8245401382,80.231300354,77657,77667,10
12.8255300522,80.2313766479,77667,77678,11
12.8261203766,80.2313232422,77678,77688,10
12.8264398575,80.231300354,77688,77698,10
12.8271303177,80.2311706543,77698,77708,10
12.8279399872,80.2307434082,77708,77718,10
12.8288002014,80.2302703857,77718,77728,10
12.8296499252,80.2298965454,77728,77738,10
12.8304195404,80.229598999,77738,77748,10
12.8309803009,80.2293930054,77748,77769,21
12.8309803009,80.2293930054,77769,77779,10
12.8311500549,80.2293395996,77779,77789,10
12.8313398361,80.2292709351,77789,77900,111
12.8313398361,80.2292709351,77900,77910,10
12.831700325,80.2291564941,77910,77921,11
12.8318996429,80.229133606,77921,77931,10
12.8321504593,80.229057312,77931,77941,10
12.832449913,80.2290115356,77941,77951,10
12.8329200745,80.2289199829,77951,77961,10
12.8335199356,80.2288208008,77961,77971,10
12.8341598511,80.2287063599,77971,77981,10
12.8348903656,80.2285614014,77981,77991,10
12.835729599,80.2284317017,77991,78002,11
12.8367395401,80.2282867432,78002,78012,10
12.8376903534,80.2281417847,78012,78022,10
12.8386001587,80.2279434204,78022,78032,10
12.8394203186,80.2277679443,78032,78083,51
12.8394203186,80.2277679443,78083,78093,10
12.8398303986,80.2276382446,78093,78103,10
12.8404998779,80.2274475098,78103,78113,10
12.8413600922,80.2272186279,78113,78123,10
12.8423099518,80.2269973755,78123,78133,10
12.8432598114,80.2267990112,78133,78143,10
12.8441896439,80.2266693115,78143,78154,11
12.8451595306,80.2265930176,78154,78164,10
12.8454303741,80.2265625,78164,78174,10
12.8456602097,80.2265472412,78174,78184,10
12.8462495804,80.2265625,78184,78194,10
12.8470697403,80.2265701294,78194,78204,10
12.8479003906,80.2265701294,78204,78214,10
12.8487796783,80.2265625,78214,78224,10
12.8496398926,80.2265396118,78224,78235,11
12.8499803543,80.2265319824,78235,78245,10
12.8502702713,80.2265396118,78245,78255,10
12.8509502411,80.2265625,78255,78265,10
12.8518199921,80.2266082764,78265,78275,10
12.8527603149,80.2266616821,78275,78285,10
12.8537197113,80.2266082764,78285,78295,10
12.8547401428,80.2265014648,78295,78305,10
12.8557500839,80.2263793945,78305,78316,11
12.8568401337,80.226272583,78316,78326,10
12.8578796387,80.2261962891,78326,78336,10
12.8588104248,80.2262573242,78336,78346,10
12.8598203659,80.2264099121,78346,78356,10
12.8607196808,80.2265167236,78356,78366,10
12.8616199493,80.2265319824,78366,78376,10
12.8626298904,80.2264785767,78376,78386,10
12.8636398315,80.2265014648,78386,78397,11
12.8647699356,80.2265625,78397,78407,10
12.8658304214,80.2265472412,78407,78417,10
12.8669204712,80.2264633179,78417,78427,10
12.8679895401,80.226348877,78427,78437,10
12.8690795898,80.2264099121,78437,78447,10
12.8702001572,80.2265396118,78447,78457,10
12.8712501526,80.2266235352,78457,78467,10
12.8722400665,80.2266235352,78467,78478,11
12.8730802536,80.2266387939,78478,78488,10
12.8739595413,80.2266998291,78488,78498,10
12.8749504089,80.2268295288,78498,78508,10
12.8759403229,80.2268981934,78508,78518,10
12.8765897751,80.2268829346,78518,78528,10
12.8767595291,80.2268600464,78528,78538,10
12.8768997192,80.226852417,78538,78549,11
12.8775901794,80.2268066406,78549,78559,10
12.8784198761,80.2267532349,78559,78569,10
12.8793497086,80.2266998291,78569,78579,10
12.8803195953,80.2266769409,78579,78589,10
12.8813199997,80.2266769409,78589,78599,10
12.8823404312,80.2266693115,78599,78609,10
12.8833398819,80.2266616821,78609,78619,10
12.8842601776,80.2266616821,78619,78630,11
12.8851299286,80.2266616821,78630,78640,10
12.8852901459,80.2266769409,78640,78650,10
12.8856601715,80.2267608643,78650,78660,10
12.8863801956,80.2269592285,78660,78670,10
12.8872203827,80.2271575928,78670,78680,10
12.8881597519,80.2272872925,78680,78690,10
12.8892097473,80.2273178101,78690,78700,10
12.8902797699,80.2273178101,78700,78711,11
12.8914699554,80.2273178101,78711,78721,10
12.8924398422,80.2273406982,78721,78731,10
12.8933801651,80.2274398804,78731,78741,10
12.8943004608,80.2275390625,78741,78751,10
12.8952198029,80.2275924683,78751,78761,10
12.8962001801,80.2276229858,78761,78771,10
12.8972196579,80.2276687622,78771,78781,10
12.8982200623,80.2277374268,78781,78792,11
12.8992595673,80.2278137207,78792,78802,10
12.9000902176,80.2278594971,78802,78812,10
12.9007997513,80.2278671265,78812,78903,91
12.9007997513,80.2278671265,78903,78913,10
12.9009504318,80.2278366089,78913,78923,10
12.9011096954,80.2278823853,78923,78933,10
12.9015197754,80.2279510498,78933,78944,11
12.9021100998,80.2279586792,78944,78954,10
12.9026203156,80.2279815674,78954,78964,10
12.9029598236,80.2279968262,78964,78974,10
12.9036102295,80.2280273438,78974,78984,10
12.9041099548,80.2280502319,78984,78994,10
12.9046401978,80.2280807495,78994,79004,10
12.9049396515,80.2281036377,79004,79014,10
12.9052200317,80.2281112671,79014,79025,11
12.9053297043,80.2281112671,79025,79035,10
12.9053897858,80.2281417847,79035,79045,10
12.9056196213,80.2281570435,79045,79055,10
12.9058599472,80.2281570435,79055,79065,10
12.9058904648,80.2281570435,79065,79075,10
12.9060401917,80.2281723022,79075,79085,10
12.9062995911,80.2281799316,79085,79095,10
12.906539917,80.2281799316,79095,79106,11
12.9067602158,80.2282333374,79106,79116,10
12.9072303772,80.2283096313,79116,79126,10
12.9080295563,80.2284393311,79126,79136,10
12.9089002609,80.2285690308,79136,79146,10
12.9097700119,80.228729248,79146,79155,9
12.9106998444,80.2288894653,79155,79166,11
12.9115200043,80.2289962769,79166,79176,10
12.9127101898,80.2291412354,79176,79187,11
12.9136800766,80.2292480469,79187,79197,10
12.9139995575,80.2293014526,79197,79207,10
12.9142799377,80.2293319702,79207,79217,10
12.9149503708,80.2294235229,79217,79227,10
12.9156503677,80.2295532227,79227,79237,10
12.9168100357,80.2297210693,79237,79247,10
12.9177598953,80.2298583984,79247,79257,10
12.9188604355,80.2300033569,79257,79268,11
12.9198799133,80.2301177979,79268,79278,10
12.9208803177,80.2302322388,79278,79288,10
12.9218597412,80.2303619385,79288,79298,10
12.9228801727,80.2305374146,79298,79308,10
12.9238996506,80.230682373,79308,79318,10
12.9249000549,80.2308120728,79318,79328,10
12.9258203506,80.2309799194,79328,79339,11
12.926779747,80.2310714722,79339,79349,10
12.9277696609,80.2311630249,79349,79359,10
12.9286899567,80.2312469482,79359,79369,10
12.9294900894,80.2313995361,79369,79379,10
12.9304199219,80.2316436768,79379,79389,10
12.9313802719,80.2319107056,79389,79399,10
12.9322900772,80.2322006226,79399,79409,10
12.9331102371,80.2324829102,79409,79420,11
12.9336395264,80.2327728271,79420,79430,10
12.9337596893,80.2328491211,79430,79440,10
12.9340801239,80.2329788208,79440,79450,10
12.9347400665,80.2332611084,79450,79460,10
12.9353303909,80.2335510254,79460,79470,10
12.9357004166,80.2337188721,79470,79480,10
12.9362602234,80.2339782715,79480,79490,10
12.9370203018,80.2343292236,79490,79501,11
12.9379396439,80.2347793579,79501,79511,10
12.9387903214,80.2352371216,79511,79521,10
12.9394798279,80.2355880737,79521,79531,10
12.9395599365,80.2356262207,79531,79541,10
12.9398202896,80.2357406616,79541,79551,10
12.9404296875,80.2359619141,79551,79561,10
12.941280365,80.2361602783,79561,79571,10
12.9422798157,80.2364196777,79571,79582,11
12.9432601929,80.2369766235,79582,79592,10
12.9440002441,80.237739563,79592,79602,10
12.9447402954,80.238571167,79602,79612,10
12.9455604553,80.2393035889,79612,79622,10
12.9465303421,80.2397232056,79622,79632,10
12.9473199844,80.2400283813,79632,79642,10
12.9477100372,80.240196228,79642,79652,10
12.9482402802,80.2404174805,79652,79663,11
12.9486198425,80.2405700684,79663,79673,10
12.9490995407,80.2407608032,79673,79683,10
12.9497299194,80.2409591675,79683,79693,10
12.950460434,80.2412109375,79693,79703,10
12.9511203766,80.2414398193,79703,79713,10
12.9512796402,80.2414398193,79713,79723,10
12.951669693,80.2415771484,79723,79733,10
12.9522600174,80.2418212891,79733,79744,11
12.9531698227,80.2421722412,79744,79754,10
12.9540700912,80.2425308228,79754,79764,10
12.9548397064,80.2428283691,79764,79774,10
12.9554901123,80.2431030273,79774,79784,10
12.9562501907,80.243347168,79784,79815,31
12.9562501907,80.243347168,79815,79825,10
12.9566602707,80.2435379028,79825,79835,10
12.9573097229,80.2438278198,79835,79845,10
12.9581203461,80.2441711426,79845,79855,10
12.9587802887,80.2444229126,79855,79865,10
12.9589796066,80.2445602417,79865,79875,10
12.9595003128,80.2447891235,79875,79885,10
12.9603004456,80.2451477051,79885,79896,11
12.961350441,80.2456207275,79896,79906,10
12.962269783,80.2460632324,79906,79916,10
12.962770462,80.246307373,79916,79926,10
12.9628200531,80.2463607788,79926,79936,10
12.9630002975,80.2464981079,79936,79946,10
12.9633598328,80.2466964722,79946,79956,10
12.9637699127,80.2468490601,79956,79966,10
12.9641504288,80.246963501,79966,79977,11
12.9647903442,80.2471694946,79977,79987,10
12.9655399323,80.2474212646,79987,79997,10
12.9662303925,80.2477035522,79997,80007,10
12.9665002823,80.2478027344,80007,80017,10
12.9666500092,80.2478637695,80017,80027,10
12.9669799805,80.2480621338,80027,80037,10
12.9675798416,80.2483062744,80037,80047,10
12.968460083,80.2487030029,80047,80058,11
12.9694795609,80.2490997314,80058,80068,10
12.9704198837,80.249458313,80068,80078,10
12.9713802338,80.24974823,80078,80088,10
12.9723396301,80.25,80088,80098,10
12.9733200073,80.25025177,80098,80108,10
12.9743204117,80.250541687,80108,80118,10
12.9753198624,80.250831604,80118,80128,10
12.9762601852,80.2510910034,80128,80139,11
12.9772701263,80.2514572144,80139,80149,10
12.9780597687,80.2520217896,80149,80159,10
12.9785203934,80.2523193359,80159,80169,10
12.9785404205,80.2523269653,80169,80179,10
12.978770256,80.252456665,80179,80189,10
12.9794397354,80.2525863647,80189,80199,10
12.980219841,80.2526779175,80199,80210,11
12.9811401367,80.2526779175,80210,80220,10
12.982219696,80.2526321411,80220,80230,10
12.9831495285,80.2525405884,80230,80240,10
12.9835996628,80.2524490356,80240,80311,71
12.9835996628,80.2524490356,80311,80321,10
12.9844503403,80.252243042,80321,80351,30
12.9844503403,80.252243042,80351,80361,10
12.9846496582,80.2521820068,80361,80412,51
12.9846496582,80.2521820068,80412,80422,10
12.9848604202,80.2521362305,80422,80432,10
12.9850902557,80.2520523071,80432,80453,21
12.9850902557,80.2520523071,80453,80463,10
12.9852600098,80.2520370483,80463,80473,10
12.9855298996,80.2519226074,80473,80513,40
12.9855298996,80.2519226074,80513,80524,11
12.9858598709,80.2517776489,80524,80554,30
12.9858598709,80.2517776489,80554,80564,10
12.9861402512,80.2516937256,80564,80574,10
12.9863796234,80.2516784668,80574,80584,10
12.986700058,80.2516021729,80584,80665,81
12.986700058,80.2516021729,80665,80675,10
12.9870300293,80.2515792847,80675,80686,11
12.9873800278,80.2514724731,80686,80696,10
12.9877595901,80.2513504028,80696,80706,10
12.9884901047,80.2511978149,80706,80716,10
12.9894695282,80.2509307861,80716,80726,10
12.9906702042,80.2506637573,80726,80736,10
12.9921102524,80.2501831055,80736,80746,10
12.9936199188,80.2498016357,80746,80756,10
12.9950399399,80.249420166,80756,80767,11
12.9968996048,80.2493515015,80767,80777,10
12.9982995987,80.2487030029,80777,80787,10
12.9996700287,80.2483062744,80787,80797,10
13.0008897781,80.248008728,80797,80807,10
13.0019598007,80.2477264404,80807,80817,10
13.0029802322,80.247543335,80817,80827,10
13.0039396286,80.2473983765,80827,80837,10
13.0049295425,80.2473373413,80837,80848,11
13.0059204102,80.247177124,80848,80858,10
13.0064296722,80.2465896606,80858,80868,10
13.0065402985,80.2461776733,80868,80878,10
13.0066003799,80.2459030151,80878,80888,10
13.0066299438,80.245262146,80888,80898,10
13.0065698624,80.2447509766,80898,80908,10
13.0065603256,80.2436065674,80908,80918,10
13.0066003799,80.2425765991,80918,80929,11
13.0066604614,80.2404403687,80929,80939,10
13.0066604614,80.2404403687,80939,80949,10
13.0068397522,80.2395706177,80949,80959,10
13.0069999695,80.2385101318,80959,80969,10
13.0072402954,80.2376327515,80969,80979,10
13.007349968,80.2369003296,80979,80989,10
13.0074396133,80.2365570068,80989,81002,13
13.0075798035,80.2359466553,81002,81012,10
13.0077800751,80.2348175049,81012,81023,11
13.008020401,80.2337188721,81023,81033,10
13.0082302094,80.2324981689,81033,81042,9
13.0085401535,80.2308197021,81042,81053,11
13.0088596344,80.2292633057,81053,81063,10
13.0091400146,80.2280197144,81063,81072,9
13.0095796585,80.2270965576,81072,81084,12
13.0101604462,80.2258682251,81084,81094,10
13.0105400085,80.2250595093,81094,81104,10
13.010840416,80.2242965698,81104,81114,10
13.011179924,80.2235565186,81114,81124,10
13.011469841,80.2229309082,81124,81134,10
13.0117902756,80.2220306396,81134,81144,10
13.0121603012,80.2214736938,81144,81154,10
13.0124502182,80.2216796875,81154,81165,11
13.013010025,80.2223205566,81165,81175,10
13.013710022,80.2230987549,81175,81185,10
13.0142803192,80.2236328125,81185,81195,10
13.0149898529,80.2245178223,81195,81205,10
13.0154895782,80.2249832153,81205,81215,10
13.0155801773,80.2250137329,81215,81225,10
13.0159597397,80.2253036499,81225,81236,11
13.0168504715,80.225151062,81236,81246,10
13.0178699493,80.2247619629,81246,81256,10
13.0188703537,80.2243881226,81256,81266,10
13.0196399689,80.2244720459,81266,81276,10
13.0197696686,80.2245635986,81276,81286,10
13.020070076,80.2248306274,81286,81296,10
13.0207099915,80.2253036499,81296,81306,10
13.0215101242,80.2258911133,81306,81317,11
13.0224399567,80.2265777588,81317,81327,10
13.0225696564,80.2266769409,81327,81337,10
13.0226297379,80.2267990112,81337,81347,10
13.0230102539,80.227180481,81347,81357,10
13.0235500336,80.2276382446,81357,81367,10
13.0241699219,80.2282714844,81367,81377,10
13.0246801376,80.2289962769,81377,81387,10
13.0252895355,80.2298431396,81387,81398,11
13.0257997513,80.2307434082,81398,81408,10
13.025850296,80.2309188843,81408,81418,10
13.0259399414,80.2312011719,81418,81428,10
13.0261201859,80.2317504883,81428,81438,10
13.0263595581,80.2325210571,81438,81448,10
13.02684021,80.2334976196,81448,81458,10
13.0274801254,80.2345962524,81458,81468,10
13.0281600952,80.2356796265,81468,81479,11
13.0291500092,80.2367630005,81479,81489,10
13.0299196243,80.237739563,81489,81499,10
13.0304698944,80.2387237549,81499,81509,10
13.0308303833,80.2393722534,81509,81519,10
13.0310697556,80.2398071289,81519,81529,10
13.0313396454,80.2401275635,81529,81539,10
13.0313997269,80.2406692505,81539,81549,10
13.0316200256,80.2411804199,81549,81560,11
13.0318498611,80.2416992188,81560,81570,10
13.0321397781,80.2422409058,81570,81579,9
13.0325803757,80.2426986694,81579,81590,11
13.0331201553,80.2434463501,81590,81600,10
13.0336303711,80.244140625,81600,81610,10
13.0340595245,80.2447128296,81610,81620,10
13.0345001221,80.2452163696,81620,81630,10
13.0349702835,80.2457580566,81630,81641,11
13.0355195999,80.2460632324,81641,81651,10
13.035779953,80.2461700439,81651,81661,10
13.0361499786,80.2462921143,81661,81671,10
13.0367698669,80.246421814,81671,81681,10
13.0374002457,80.2463607788,81681,81691,10
13.0380296707,80.2465133667,81691,81701,10
13.0388002396,80.2467727661,81701,81712,11
13.0394001007,80.2469406128,81712,81722,10
13.040140152,80.2470626831,81722,81732,10
13.0411396027,80.2472610474,81732,81742,10
13.0421800613,80.2475204468,81742,81752,10
13.0429201126,80.2478179932,81752,81762,10
13.0435400009,80.2479400635,81762,81772,10
13.0441102982,80.2477874756,81772,81782,10
13.044839859,80.2479324341,81782,81793,11
13.0453796387,80.2482528687,81793,81803,10
13.0460300446,80.2484970093,81803,81813,10
13.0467100143,80.2483978271,81813,81823,10
13.0468797684,80.2484130859,81823,81833,10
13.0474004745,80.248626709,81833,81843,10
13.0480003357,80.2492523193,81843,81853,10
13.0485296249,80.2496871948,81853,81863,10
13.0491399765,80.2497711182,81863,81874,11
13.0499401093,80.2499237061,81874,81884,10
13.0509195328,80.2501068115,81884,81894,10
13.0517997742,80.2504806519,81894,81904,10
13.0523004532,80.2510223389,81904,81914,10
13.0527496338,80.2516021729,81914,81924,10
13.0532798767,80.2523193359,81924,81934,10
13.0537500381,80.2529296875,81934,81944,10
13.0542001724,80.2535171509,81944,81955,11
13.0548095703,80.2543334961,81955,81965,10
13.0553302765,80.2550201416,81965,81975,10
13.0558395386,80.2557067871,81975,81985,10
13.0564203262,80.2565078735,81985,81995,10
13.057100296,80.2571105957,81995,82005,10
13.0576295853,80.2576828003,82005,82015,10
13.0579795837,80.2579803467,82015,82025,10
13.0583600998,80.2584075928,82025,82036,11
13.0587902069,80.2590026855,82036,82046,10
13.0591201782,80.2594833374,82046,82056,10
13.0595197678,80.2600479126,82056,82066,10
13.0601100922,80.2605133057,82066,82076,10
13.0606498718,80.2611312866,82076,82086,10
13.0607099533,80.2613601685,82086,82096,10
13.0609998703,80.26171875,82096,82106,10
13.0615301132,80.2622909546,82106,82117,11
13.0619096756,80.2627792358,82117,82127,10
13.0623502731,80.2633209229,82127,82137,10
13.0629196167,80.2639923096,82137,82147,10
13.0634698868,80.2647171021,82147,82157,10
13.06387043,80.2654037476,82157,82167,10
13.0643501282,80.2660369873,82167,82177,10
13.0649003983,80.266708374,82177,82188,11
13.0656204224,80.2673034668,82188,82198,10
13.0662498474,80.2681427002,82198,82208,10
13.0669898987,80.268661499,82208,82218,10
13.0677604675,80.2691726685,82218,82228,10
13.0681695938,80.2695388794,82228,82238,10
13.0681295395,80.2702178955,82238,82248,10
13.0680599213,80.271270752,82248,82258,10
13.0686302185,80.2718582153,82258,82269,11
13.0695495605,80.2724761963,82269,82279,10
13.0702400208,80.2732162476,82279,82289,10
13.0707998276,80.2739028931,82289,82299,10
13.0710201263,80.2740631104,82299,82309,10
13.0716199875,80.2742996216,82309,82319,10
13.0722703934,80.2748794556,82319,82329,10
13.0728998184,80.2755966187,82329,82339,10
13.0734701157,80.2761611938,82339,82350,11
13.0743103027,80.2763137817,82350,82360,10
13.0750904083,80.2763214111,82360,82370,10
13.075799942,80.2762374878,82370,82380,10
13.0761604309,80.2762298584,82380,82390,10
13.0766801834,80.2761917114,82390,82400,10
13.0776100159,80.2761230469,82400,82410,10
13.0781402588,80.2756576538,82410,82420,10
13.0786895752,80.2750701904,82420,82431,11
13.0796203613,80.2752304077,82431,82441,10
13.0805501938,80.2751617432,82441,82451,10
13.0812101364,80.2750930786,82451,82461,10
13.0815401077,80.275062561,82461,82471,10
13.0818195343,80.2751922607,82471,82481,10
13.0819597244,80.2755126953,82481,82491,10
13.0819702148,80.2756195068,82491,82501,10
13.0819702148,80.2757415771,82501,82512,11
13.0818500519,80.2759780884,82512,82522,10
13.0818004608,80.2762374878,82522,82532,10
13.081870079,80.2766113281,82532,82542,10
13.0819301605,80.2771377563,82542,82552,10
13.0819997787,80.2777633667,82552,82562,10
13.0823898315,80.2779922485,82562,82572,10
13.0829801559,80.2780075073,82572,82583,11
13.0832796097,80.2781219482,82583,82593,10
13.083439827,80.2784805298,82593,82603,10
13.0833597183,80.2789230347,82603,82613,10
13.0828399658,80.2787399292,82613,82623,10
13.0822200775,80.2784729004,82623,82653,30
13.0822200775,80.2784729004,82653,82664,11
13.0818901062,80.2780303955,82664,82674,10
13.0818099976,80.2772293091,82674,82684,10
13.0817403793,80.2764663696,82684,82694,10
13.0816001892,80.2757797241,82694,82704,10
13.081489563,80.2752990723,82704,82714,10
13.0812301636,80.2751464844,82714,82724,10
13.080739975,80.2752304077,82724,82734,10
13.0799999237,80.2752990723,82734,82745,11
13.0791196823,80.2751998901,82745,82755,10
13.0783395767,80.2754516602,82755,82765,10
13.0778398514,80.2761764526,82765,82775,10
13.07695961,80.2762298584,82775,82785,10
13.0759801865,80.2762680054,82785,82805,20
13.0759801865,80.2762680054,82805,82815,10
13.0758800507,80.2762680054,82815,82826,11
13.075340271,80.2762985229,82826,82836,10
13.0745201111,80.2763366699,82836,82846,10
13.0738096237,80.2764511108,82846,82876,30
13.0738096237,80.2764511108,82876,82886,10
13.0736598969,80.2763214111,82886,82896,10
13.0740499496,80.276260376,82896,82907,11
13.0748996735,80.276260376,82907,82917,10
