12.9972496033,80.1917877197,17,4545,4528
12.9973897934,80.1916732788,4545,6491,1946
12.9975004196,80.1917037964,6491,15184,8693
12.9973497391,80.1916503906,15184,15840,656
12.9975004196,80.191619873,15840,23273,7433
12.9975004196,80.191619873,23273,23283,10
12.9973096848,80.1914367676,23283,23293,10
12.997179985,80.1912536621,23293,23303,10
12.9970703125,80.1910934448,23303,23313,10
12.9968795776,80.191078186,23313,23323,10
12.9967403412,80.1912231445,23323,23656,333
12.9967403412,80.1912231445,23656,23666,10
12.9965000153,80.1914215088,23666,23676,10
12.9964704514,80.1914215088,23676,23686,10
12.9962997437,80.1912765503,23686,23696,10
12.9962501526,80.1911468506,23696,23706,10
12.9961996078,80.1909484863,23706,23716,10
12.9961395264,80.1906661987,23716,23726,10
12.996049881,80.1902999878,23726,23737,11
12.9958896637,80.1895980835,23737,23777,40
12.9958896637,80.1895980835,23777,23787,10
12.9959096909,80.1894989014,23787,23797,10
12.9960803986,80.1892929077,23797,23807,10
12.9963798523,80.1895523071,23807,23817,10
12.9968099594,80.190032959,23817,23827,10
12.9973497391,80.1906890869,23827,23836,9
12.9979200363,80.1913909912,23836,23847,11
12.9986400604,80.1923217773,23847,23858,11
12.9992599487,80.1931381226,23858,23868,10
12.9997797012,80.1938323975,23868,23878,10
13.0003499985,80.1945419312,23878,23888,10
13.0009202957,80.1952514648,23888,23898,10
13.0015096664,80.1959609985,23898,23908,10
13.0020503998,80.196762085,23908,23918,10
13.0020704269,80.197807312,23918,23928,10
13.0018901825,80.198890686,23928,23938,10
13.001950264,80.1999206543,23938,23948,10
13.0026502609,80.2005767822,23948,23958,10
13.0037498474,80.2008132935,23958,23989,31
13.0037498474,80.2008132935,23989,23999,10
13.0038404465,80.200843811,23999,24009,10
13.0040998459,80.2009735107,24009,24019,10
13.0045795441,80.2011413574,24019,24029,10
13.0052604675,80.2015228271,24029,24039,10
13.0058403015,80.2022476196,24039,24049,10
13.006310463,80.2030410767,24049,24059,10
13.0069999695,80.2035522461,24059,24069,10
13.0078496933,80.2037734985,24069,24079,10
13.0088396072,80.2037277222,24079,24090,11
13.0101203918,80.2036514282,24090,24100,10
13.0113296509,80.2037124634,24100,24110,10
13.0125198364,80.2039031982,24110,24120,10
13.0135498047,80.2041397095,24120,24130,10
13.0145101547,80.204460144,24130,24140,10
13.0149698257,80.2046203613,24140,24150,10
13.0152397156,80.2047195435,24150,24160,10
13.0158100128,80.2049331665,24160,24170,10
13.0165300369,80.2052001953,24170,24180,10
13.0172996521,80.2054519653,24180,24190,10
13.0179901123,80.2056732178,24190,24201,11
13.0184497833,80.2058486938,24201,24211,10
13.0186700821,80.2059707642,24211,24221,10
13.0191698074,80.2061233521,24221,24231,10
13.0199699402,80.2062530518,24231,24241,10
13.0209598541,80.2062606812,24241,24251,10
13.0220003128,80.2063064575,24251,24261,10
13.0230503082,80.2064437866,24261,24271,10
13.0240297318,80.2065963745,24271,24281,10
13.0244197845,80.2066879272,24281,24291,10
13.0248498917,80.2067871094,24291,24301,10
13.0256204605,80.2070007324,24301,24311,10
13.0264596939,80.2074584961,24311,24322,11
13.0273704529,80.2080307007,24322,24332,10
13.0282402039,80.208480835,24332,24342,10
13.0292396545,80.2087402344,24342,24352,10
13.0300703049,80.208946228,24352,24362,10
13.0308904648,80.2091674805,24362,24372,10
13.0315198898,80.2093429565,24372,24382,10
13.031539917,80.2093734741,24382,24392,10
13.0315799713,80.2093963623,24392,24402,10
13.03166008,80.2094421387,24402,24412,10
13.0320701599,80.2095184326,24412,24422,10
13.0327596664,80.2096481323,24422,24433,11
13.0336503983,80.2098464966,24433,24443,10
13.0346097946,80.2100296021,24443,24453,10
13.0350198746,80.2104415894,24453,24463,10
13.0350198746,80.2110137939,24463,24473,10
13.0349998474,80.2113189697,24473,24503,30
13.0349998474,80.2113189697,24503,24513,10
13.0349302292,80.2116165161,24513,24523,10
13.0348901749,80.2120666504,24523,24533,10
13.035320282,80.2122192383,24533,24543,10
13.0360298157,80.2122421265,24543,24554,11
13.0369901657,80.212272644,24554,24564,10
13.0379295349,80.212272644,24564,24574,10
13.039059639,80.2122573853,24574,24584,10
13.0402603149,80.212272644,24584,24594,10
13.0415296555,80.2122573853,24594,24604,10
13.0426197052,80.2122802734,24604,24614,10
13.0437898636,80.212272644,24614,24634,20
13.0437898636,80.212272644,24634,24644,10
13.0441303253,80.2122573853,24644,24654,10
13.0446996689,80.2122497559,24654,24664,10
13.0453300476,80.2122421265,24664,24675,11
13.046090126,80.2122192383,24675,24685,10
13.0468997955,80.2121887207,24685,24695,10
13.0477199554,80.2121124268,24695,24705,10
13.0483198166,80.2120437622,24705,24715,10
13.0483903885,80.2120285034,24715,24725,10
13.0487098694,80.2120132446,24725,24735,10
13.0491800308,80.2119598389,24735,24745,10
13.0492696762,80.2119522095,24745,24755,10
13.0494098663,80.2119522095,24755,24765,10
13.0498304367,80.2119369507,24765,24774,9
13.0502300262,80.2119369507,24774,24786,12
13.0509500504,80.2120132446,24786,24796,10
13.0517501831,80.2119903564,24796,24806,10
13.0526800156,80.211807251,24806,24816,10
13.053730011,80.2115402222,24816,24826,10
13.0546703339,80.2113571167,24826,24836,10
13.0556602478,80.2113800049,24836,24846,10
13.0567798615,80.2114105225,24846,24856,10
13.0579204559,80.2114486694,24856,24866,10
13.0587501526,80.2114715576,24866,24876,10
13.0594396591,80.2115097046,24876,24886,10
13.0603103638,80.2115402222,24886,24896,10
13.0613498688,80.2115707397,24896,24907,11
13.0624399185,80.2115783691,24907,24917,10
13.0632295609,80.211517334,24917,24927,10
13.0633201599,80.211517334,24927,24937,10
13.0635299683,80.2115097046,24937,24947,10
13.0640096664,80.211479187,24947,24957,10
13.0647201538,80.2112426758,24957,24967,10
13.065489769,80.2107467651,24967,24977,10
13.0663003922,80.2100601196,24977,24987,10
13.0670204163,80.2092666626,24987,24997,10
13.0674200058,80.2085876465,24997,25007,10
13.0678100586,80.2079772949,25007,25017,10
13.0682897568,80.2072372437,25017,25028,11
13.0688695908,80.2063980103,25028,25038,10
13.0693302155,80.2056884766,25038,25048,10
13.0696001053,80.2052230835,25048,25058,10
13.0696802139,80.2049713135,25058,25068,10
13.0695495605,80.204826355,25068,25078,10
13.0692195892,80.2049407959,25078,25088,10
13.0690498352,80.2052536011,25088,25098,10
13.0688295364,80.2052688599,25098,25108,10
13.0687904358,80.2049713135,25108,25128,20
13.0687904358,80.2049713135,25128,25139,11
13.0687799454,80.2048721313,25139,25149,10
13.068860054,80.2047729492,25149,25159,10
13.0689496994,80.2047424316,25159,25169,10
13.0689601898,80.2047424316,25169,25179,10
13.0690803528,80.2047195435,25179,25189,10
13.0693397522,80.2047424316,25189,25199,10
13.0695400238,80.2047805786,25199,25209,10
13.0696296692,80.2048034668,25209,25218,9
13.0698699951,80.2048568726,25218,25229,11
13.0702104568,80.2044830322,25229,25239,10
13.070690155,80.2038803101,25239,25249,10
13.0712604523,80.2031936646,25249,25260,11
13.071849823,80.2024993896,25260,25270,10
13.0723199844,80.2019500732,25270,25280,10
13.0727796555,80.2014312744,25280,25290,10
13.0732498169,80.200881958,25290,25300,10
13.0736503601,80.2004165649,25300,25310,10
13.0740699768,80.1999435425,25310,25320,10
13.0742301941,80.1998062134,25320,25330,10
13.0743503571,80.1996688843,25330,25340,10
13.0746097565,80.1994094849,25340,25350,10
13.0751800537,80.1991577148,25350,25360,10
13.0759897232,80.1990890503,25360,25371,11
13.0770702362,80.1990280151,25371,25381,10
13.0780200958,80.1989135742,25381,25391,10
13.0789203644,80.1987762451,25391,25401,10
13.0798101425,80.1987075806,25401,25411,10
13.0807695389,80.198600769,25411,25421,10
13.081700325,80.1985931396,25421,25431,10
13.0825099945,80.1985015869,25431,25441,10
13.0829401016,80.1985092163,25441,25451,10
13.0832300186,80.1985092163,25451,25461,10
13.0834703445,80.1985015869,25461,25471,10
13.083609581,80.1984863281,25471,25481,10
13.0839595795,80.1984786987,25481,25492,11
13.084400177,80.1984786987,25492,25502,10
13.0847997665,80.1984863281,25502,25512,10
13.0851097107,80.1985015869,25512,25522,10
13.0853700638,80.1984863281,25522,25532,10
13.0857601166,80.1984710693,25532,25542,10
13.0862503052,80.1984405518,25542,25552,10
13.0866804123,80.1984481812,25552,25562,10
13.0867700577,80.1984481812,25562,25572,10
13.0870399475,80.1983718872,25572,25582,10
13.0870895386,80.1982269287,25582,25592,10
13.0871601105,80.1981201172,25592,25601,9
13.0871801376,80.1977005005,25601,25613,12
13.087220192,80.1967697144,25613,25623,10
13.0872497559,80.1958084106,25623,25633,10
13.087269783,80.1948394775,25633,25643,10
13.0872802734,80.1938705444,25643,25653,10
13.0872898102,80.1933898926,25653,25663,10
13.0872802734,80.1930999756,25663,25673,10
13.0873098373,80.1927490234,25673,25683,10
13.0873804092,80.1923065186,25683,25693,10
13.0874795914,80.1915588379,25693,25703,10
13.0875797272,80.1907119751,25703,25713,10
13.0876903534,80.1898498535,25713,25724,11
13.087770462,80.1889572144,25724,25734,10
13.0877799988,80.1882781982,25734,25744,10
13.0878200531,80.1878967285,25744,25754,10
13.0878400803,80.1875305176,25754,25764,10
13.0878601074,80.1868362427,25764,25774,10
13.0878896713,80.1859207153,25774,25784,10
13.0879402161,80.1850128174,25784,25794,10
13.0879802704,80.18409729,25794,25804,10
13.0880098343,80.1831588745,25804,25814,10
13.0880403519,80.182258606,25814,25824,10
13.0880899429,80.1814804077,25824,25834,10
13.0881099701,80.1806488037,25834,25845,11
13.0881099701,80.1799468994,25845,25855,10
13.0881204605,80.1796722412,25855,25865,10
13.0881204605,80.1792373657,25865,25875,10
13.0881299973,80.1789321899,25875,25885,10
13.088139534,80.1788024902,25885,25895,10
13.0881795883,80.1783065796,25895,25905,10
13.0881996155,80.177520752,25905,25915,10
13.0882196426,80.1766815186,25915,25925,10
13.0882797241,80.1757125854,25925,25935,10
13.0883398056,80.1748123169,25935,25945,10
13.0883998871,80.1742172241,25945,25956,11
13.088470459,80.1733474731,25956,25966,10
13.0885400772,80.172416687,25966,25976,10
13.0885601044,80.17162323,25976,25986,10
13.0886201859,80.1708068848,25986,25996,10
13.0886497498,80.1699905396,25996,26006,10
13.0887699127,80.1695327759,26006,26016,10
13.0891704559,80.1695175171,26016,26026,10
13.0898303986,80.1695709229,26026,26036,10
13.090669632,80.1696166992,26036,26046,10
13.0916996002,80.1696929932,26046,26056,10
13.0927600861,80.1697387695,26056,26066,10
13.0937595367,80.1698074341,26066,26077,11
13.0945396423,80.1698532104,26077,26087,10
13.0948696136,80.1698684692,26087,26096,9
13.0951099396,80.1698913574,26096,26107,11
13.0956802368,80.1699295044,26107,26117,10
13.0964403152,80.1699676514,26117,26127,10
13.0973596573,80.1700134277,26127,26137,10
13.0981998444,80.1700668335,26137,26147,10
13.0990695953,80.1701202393,26147,26157,10
13.0996103287,80.1700668335,26157,26167,10
13.0996799469,80.1699066162,26167,26177,10
13.0996398926,80.1696624756,26177,26198,21
13.0996398926,80.1696624756,26198,26208,10
13.0994901657,80.169670105,26208,26218,10
13.099360466,80.1698303223,26218,26339,121
13.099360466,80.1698303223,26339,26349,10
13.0993795395,80.1701126099,26349,26601,252
13.0993795395,80.1701126099,26601,26611,10
13.0992698669,80.170249939,26611,26621,10
13.0988702774,80.1702270508,26621,26631,10
13.0981702805,80.1701812744,26631,26641,10
13.0973300934,80.1701278687,26641,26651,10
13.0963497162,80.1700515747,26651,26661,10
13.0953598022,80.1700134277,26661,26672,11
13.0948200226,80.1699295044,26672,26682,10
13.0945501328,80.1698913574,26682,26692,10
13.0941896439,80.1698989868,26692,26702,10
13.093580246,80.1698532104,26702,26712,10
13.0927600861,80.1698074341,26712,26722,10
13.0917797089,80.1697692871,26722,26732,10
13.0909795761,80.1696929932,26732,26742,10
13.0902500153,80.1696624756,26742,26752,10
13.0894403458,80.1696166992,26752,26762,10
13.0888299942,80.169593811,26762,26772,10
13.0887002945,80.169960022,26772,26783,11
13.0886497498,80.1707077026,26783,26793,10
13.0886201859,80.1715774536,26793,26803,10
13.0886001587,80.1719818115,26803,26813,10
13.0885896683,80.1720428467,26813,26823,10
13.0885601044,80.1724319458,26823,26833,10
13.08852005,80.1731414795,26833,26843,10
13.0884599686,80.1740188599,26843,26853,10
13.0883998871,80.1750717163,26853,26863,10
13.0883197784,80.1762084961,26863,26873,10
13.0882797241,80.1772384644,26873,26883,10
13.0882701874,80.1781311035,26883,26892,9
13.0882701874,80.1786270142,26892,26904,12
13.0882701874,80.1786499023,26904,26914,10
13.0882396698,80.1788787842,26914,26924,10
13.0882501602,80.1793899536,26924,26952,28
13.0882501602,80.1793899536,26952,26964,12
13.0882301331,80.1797866821,26964,26974,10
13.0882196426,80.1804580688,26974,26984,10
13.0881795883,80.1813430786,26984,26994,10
13.088139534,80.1823577881,26994,27004,10
13.0880899429,80.1835098267,27004,27015,11
13.0880203247,80.1847991943,27015,27025,10
13.0879802704,80.1858215332,27025,27035,10
13.0879402161,80.1868972778,27035,27045,10
13.0879096985,80.1880722046,27045,27065,20
13.0879096985,80.1880722046,27065,27075,10
13.0879096985,80.1883468628,27075,27085,10
13.0878801346,80.1889190674,27085,27095,10
13.0877799988,80.1898803711,27095,27115,20
13.0877799988,80.1898803711,27115,27125,10
13.0877399445,80.1900863647,27125,27136,11
13.0876598358,80.1907119751,27136,27146,10
13.0875396729,80.1915435791,27146,27156,10
13.0874204636,80.1924591064,27156,27166,10
13.0873498917,80.1934204102,27166,27176,10
13.0873203278,80.1945114136,27176,27186,10
13.0873003006,80.195640564,27186,27196,10
13.0872802734,80.1968307495,27196,27206,10
13.087269783,80.1977462769,27206,27216,10
13.0872802734,80.1978225708,27216,27226,10
13.0872898102,80.198059082,27226,27236,10
13.0874004364,80.1984405518,27236,27247,11
13.0877399445,80.1984710693,27247,27257,10
13.0882701874,80.1984634399,27257,27267,10
13.0889997482,80.1984481812,27267,27277,10
13.0898704529,80.1984634399,27277,27287,10
13.0907497406,80.1985626221,27287,27297,10
13.091629982,80.1986083984,27297,27307,10
13.092590332,80.1986465454,27307,27317,10
13.0930204391,80.1989517212,27317,27327,10
13.0929698944,80.1996612549,27327,27337,10
13.0929498672,80.2004623413,27337,27347,10
13.0924596786,80.2006225586,27347,27356,9
13.0917396545,80.2005996704,27356,27368,12
13.0907096863,80.2005462646,27368,27378,10
13.0897598267,80.2005310059,27378,27388,10
13.0887002945,80.2005233765,27388,27398,10
13.0876398087,80.2004699707,27398,27408,10
13.0867700577,80.2004165649,27408,27418,10
13.0859298706,80.2004089355,27418,27428,10
13.0854196548,80.2003707886,27428,27438,10
13.0853099823,80.2000732422,27438,27448,10
13.0853300095,80.1995620728,27448,27458,10
13.0853204727,80.1988830566,27458,27468,10
13.0849304199,80.1987075806,27468,27478,10
13.084280014,80.1987228394,27478,27489,11
13.0840797424,80.1986999512,27489,27499,10
13.0838899612,80.1986923218,27499,27509,10
13.0834903717,80.198677063,27509,27519,10
13.0830898285,80.1986694336,27519,27579,60
13.0830898285,80.1986694336,27579,27589,10
13.0828504562,80.198638916,27589,27599,10
13.0823402405,80.1986465454,27599,27610,11
13.081580162,80.1986465454,27610,27620,10
13.080739975,80.1986694336,27620,27630,10
13.0797796249,80.1987609863,27630,27640,10
13.0786800385,80.1988601685,27640,27650,10
13.0775203705,80.1989974976,27650,27660,10
13.0763502121,80.1991424561,27660,27670,10
13.0752401352,80.1993179321,27670,27680,10
13.0742197037,80.1998672485,27680,27690,10
13.0736198425,80.2005233765,27690,27700,10
13.0730199814,80.2013015747,27700,27710,10
13.0724802017,80.2019882202,27710,27721,11
13.0720796585,80.2024307251,27721,27731,10
13.0715503693,80.2030105591,27731,27741,10
13.0709295273,80.2036972046,27741,27751,10
13.0702600479,80.2045211792,27751,27761,10
13.0699701309,80.2049484253,27761,27771,10
13.0697202682,80.2050094604,27771,27781,10
13.0694904327,80.2048721313,27781,27791,10
13.0691299438,80.2051315308,27791,27801,10
13.0686597824,80.2054595947,27801,27811,10
13.0680999756,80.2054595947,27811,27821,10
13.0679597855,80.2051391602,27821,27862,41
13.0679597855,80.2051391602,27862,27872,10
13.0681695938,80.2049713135,27872,27882,10
13.0684604645,80.2049331665,27882,27892,10
13.0687103271,80.2048034668,27892,27902,10
13.0689001083,80.2047424316,27902,27912,10
13.0689296722,80.2047271729,27912,27922,10
13.0691404343,80.2047271729,27922,27932,10
13.0693101883,80.204750061,27932,27942,10
13.0696802139,80.2048187256,27942,27973,31
13.0696802139,80.2048187256,27973,27983,10
13.0698299408,80.2049331665,27983,27993,10
13.0698604584,80.2052383423,27993,28003,10
13.0695495605,80.2057037354,28003,28013,10
13.0691299438,80.2063598633,28013,28023,10
13.0686502457,80.2071304321,28023,28033,10
13.0681400299,80.2079620361,28033,28043,10
13.0677604675,80.2085494995,28043,28053,10
13.0673904419,80.2091217041,28053,28063,10
13.0669403076,80.2098007202,28063,28074,11
13.0662202835,80.2104415894,28074,28084,10
13.0655202866,80.2110366821,28084,28094,10
13.0653800964,80.211151123,28094,28104,10
13.065079689,80.2113189697,28104,28114,10
13.0644798279,80.2115783691,28114,28124,10
13.0638303757,80.2117233276,28124,28164,40
13.0638303757,80.2117233276,28164,28174,10
13.0635595322,80.2117767334,28174,28184,10
13.0629997253,80.2117614746,28184,28195,11
13.0621900558,80.211807251,28195,28205,10
13.0612297058,80.211769104,28205,28215,10
13.0600700378,80.2117233276,28215,28225,10
13.0589599609,80.2116775513,28225,28235,10
13.0578603745,80.2116622925,28235,28255,20
13.0578603745,80.2116622925,28255,28265,10
13.0576200485,80.2116470337,28265,28275,10
13.0571098328,80.2116622925,28275,28285,10
13.056429863,80.2116394043,28285,28295,10
13.0556898117,80.2116165161,28295,28306,11
13.0548295975,80.2116165161,28306,28316,10
13.0541400909,80.2116928101,28316,28326,10
13.0533704758,80.2118606567,28326,28336,10
13.0525999069,80.212059021,28336,28346,10
13.0519104004,80.2122192383,28346,28356,10
13.0512399673,80.2122192383,28356,28366,10
13.0509595871,80.2122421265,28366,28376,10
13.0505599976,80.2122421265,28376,28386,10
13.0500402451,80.2122268677,28386,28396,10
13.0496902466,80.2122116089,28396,28406,10
13.049539566,80.2122116089,28406,28416,10
13.0494604111,80.2122268677,28416,28427,11
13.0491399765,80.2122268677,28427,28437,10
13.0486001968,80.2122421265,28437,28447,10
13.0478601456,80.2122879028,28447,28457,10
13.0469703674,80.2123565674,28457,28467,10
13.045920372,80.2124023438,28467,28477,10
13.0447597504,80.2124176025,28477,28487,10
13.043510437,80.2124099731,28487,28497,10
13.0422096252,80.2124176025,28497,28507,10
13.0409002304,80.2124328613,28507,28517,10
13.0396003723,80.2124328613,28517,28527,10
13.0384502411,80.2124328613,28527,28538,11
13.038020134,80.2124176025,28538,28548,10
13.037899971,80.2124023438,28548,28558,10
13.0374698639,80.2124023438,28558,28568,10
13.0367898941,80.2123794556,28568,28578,10
13.0359601974,80.2123718262,28578,28588,10
13.0352802277,80.212348938,28588,28598,10
13.0348396301,80.2122802734,28598,28618,20
13.0348396301,80.2122802734,28618,28628,10
13.0346803665,80.2121963501,28628,28638,10
13.0345802307,80.2121963501,28638,28648,10
13.0342903137,80.2121582031,28648,28658,10
13.0341701508,80.2121505737,28658,28669,11
13.0340299606,80.2121276855,28669,28679,10
13.0335798264,80.212020874,28679,28689,10
13.0328702927,80.2118682861,28689,28699,10
13.0321102142,80.2117233276,28699,28709,10
13.0320501328,80.2110977173,28709,28719,10
13.0320997238,80.2104034424,28719,28729,10
13.0320596695,80.2096633911,28729,28739,10
13.0313396454,80.2094802856,28739,28749,10
13.030579567,80.2092819214,28749,28769,20
13.030579567,80.2092819214,28769,28780,11
13.0303001404,80.2092132568,28780,28790,10
13.0300397873,80.2090988159,28790,28800,10
13.0300102234,80.2090911865,28800,28810,10
13.0299301147,80.2090072632,28810,28820,10
13.0298204422,80.2089767456,28820,28830,10
13.0294303894,80.2088775635,28830,28840,10
13.0287303925,80.2087020874,28840,28850,10
13.0278596878,80.2084121704,28850,28860,10
13.0270700455,80.2079696655,28860,28870,10
13.0262002945,80.2074508667,28870,28880,10
13.0251302719,80.2070617676,28880,28890,10
13.0242996216,80.2069396973,28890,28901,11
13.0241699219,80.2069091797,28901,28911,10
13.0237598419,80.2068099976,28911,28921,10
13.0230703354,80.2066726685,28921,28931,10
13.0222501755,80.2065124512,28931,28940,9
13.0213699341,80.206489563,28940,28951,11
13.0201396942,80.206489563,28951,28961,10
13.0191602707,80.2063674927,28961,28971,10
13.0190200806,80.2063369751,28971,28981,10
13.0188703537,80.2063217163,28981,28991,10
13.0183601379,80.2061309814,28991,29001,10
13.0176696777,80.2058792114,29001,29011,10
13.0171098709,80.2055892944,29011,29022,11
13.0162601471,80.2053527832,29022,29032,10
13.0153799057,80.205039978,29032,29042,10
13.0144500732,80.2047195435,29042,29052,10
13.0142402649,80.2046432495,29052,29062,10
13.0140800476,80.2045822144,29062,29072,10
13.0136899948,80.2044372559,29072,29082,10
13.0135402679,80.2047576904,29082,29092,10
13.0133600235,80.205368042,29092,29102,10
13.0131397247,80.2061691284,29102,29112,10
13.0130300522,80.2071380615,29112,29122,10
13.0129499435,80.2079391479,29122,29132,10
13.0129499435,80.2085037231,29132,29143,11
13.0129804611,80.2089080811,29143,29153,10
13.0131397247,80.2095184326,29153,29163,10
13.0131797791,80.2101593018,29163,29173,10
13.0130195618,80.2109603882,29173,29183,10
13.0125799179,80.2117919922,29183,29193,10
13.0120897293,80.2125930786,29193,29203,10
13.0118503571,80.2128067017,29203,29213,10
13.0115203857,80.212600708,29213,29223,10
13.0110502243,80.2122421265,29223,29233,10
13.0105695724,80.2118911743,29233,29243,10
13.0101299286,80.2115402222,29243,29254,11
13.0097703934,80.2112731934,29254,29264,10
13.0095100403,80.2111129761,29264,29294,30
13.0095100403,80.2111129761,29294,29304,10
13.009349823,80.2111663818,29304,29314,10
13.0091600418,80.2113876343,29314,29324,10
13.0090799332,80.2117004395,29324,29334,10
13.0092401505,80.2122268677,29334,29344,10
13.0094804764,80.2129211426,29344,29354,10
13.0097398758,80.2136077881,29354,29364,10
13.010020256,80.2143096924,29364,29375,11
13.010219574,80.215171814,29375,29385,10
13.0103998184,80.2159576416,29385,29395,10
13.0107803345,80.2168273926,29395,29405,10
13.0112199783,80.2177886963,29405,29415,10
13.011639595,80.2188796997,29415,29425,10
13.0120000839,80.2199783325,29425,29435,10
13.0123300552,80.2209701538,29435,29445,10
13.0124197006,80.2214889526,29445,29455,10
13.0126800537,80.2219390869,29455,29465,10
13.0131597519,80.2225265503,29465,29475,10
13.0137701035,80.2232208252,29475,29485,10
13.0143299103,80.2239608765,29485,29496,11
13.0148696899,80.2245864868,29496,29506,10
13.014960289,80.2246398926,29506,29516,10
13.0152397156,80.2248916626,29516,29526,10
13.0154304504,80.2252197266,29526,29536,10
13.0154304504,80.2255630493,29536,29546,10
13.0151796341,80.2258834839,29546,29556,10
13.0149803162,80.2259674072,29556,29566,10
13.0146303177,80.2260971069,29566,29576,10
13.0140304565,80.2263412476,29576,29586,10
13.0132398605,80.2266387939,29586,29596,10
13.0123300552,80.2269897461,29596,29607,11
13.0112600327,80.2274169922,29607,29617,10
13.0102396011,80.2278289795,29617,29627,10
13.0095796585,80.2278137207,29627,29637,10
13.0096702576,80.2273406982,29637,29647,10
13.009929657,80.2267684937,29647,29657,10
13.0102596283,80.2259979248,29657,29667,10
13.0106401443,80.2250976563,29667,29677,10
13.0110502243,80.2240600586,29677,29687,10
13.011300087,80.2232208252,29687,29697,10
13.0107603073,80.2229309082,29697,29707,10
13.0100603104,80.2225570679,29707,29717,10
13.0092802048,80.2221374512,29717,29728,11
13.0082798004,80.2215881348,29728,29738,10
13.0072803497,80.2210617065,29738,29748,10
13.0062599182,80.2206420898,29748,29758,10
13.0052204132,80.2204208374,29758,29768,10
13.004240036,80.2201766968,29768,29778,10
13.0033998489,80.2199935913,29778,29788,10
13.0025596619,80.2196273804,29788,29798,10
13.0019102097,80.218963623,29798,29808,10
13.0013103485,80.2184066772,29808,29818,10
13.0006799698,80.2179870605,29818,29828,10
13.0,80.2175674438,29828,29838,10
12.9992303848,80.2171173096,29838,29849,11
12.9983501434,80.2166976929,29849,29859,10
12.997590065,80.2165603638,29859,29869,10
12.9975299835,80.2165603638,29869,29879,10
12.9972295761,80.2165527344,29879,29889,10
12.9966897964,80.216583252,29889,29899,10
12.9959802628,80.2166900635,29899,29909,10
12.9952297211,80.2169799805,29909,29919,10
12.9947900772,80.2172698975,29919,29929,10
12.9943704605,80.2175598145,29929,29939,10
12.9939203262,80.2178878784,29939,29949,10
12.9933700562,80.2182922363,29949,29960,11
12.9926300049,80.2188415527,29960,29970,10
12.9918403625,80.2194213867,29970,29980,10
12.9910297394,80.2194824219,29980,30000,20
12.9910297394,80.2194824219,30000,30010,10
12.9907798767,80.2193984985,30010,30020,10
12.9902000427,80.2192001343,30020,30030,10
12.9894304276,80.2189331055,30030,30040,10
12.9884595871,80.2185974121,30040,30050,10
12.9875001907,80.218421936,30050,30060,10
12.9869804382,80.2183303833,30060,30070,10
12.9867200851,80.2182617188,30070,30081,11
12.9860401154,80.2180862427,30081,30091,10
12.9850797653,80.2179870605,30091,30101,10
12.9841604233,80.2180099487,30101,30111,10
12.9841003418,80.2180099487,30111,30121,10
12.9837999344,80.2180023193,30121,30131,10
12.9834604263,80.2179870605,30131,30141,10
12.98279953,80.2180023193,30141,30151,10
12.9819402695,80.2180023193,30151,30161,10
12.9809503555,80.2182312012,30161,30171,10
12.9799995422,80.2185821533,30171,30181,10
12.9791898727,80.2189178467,30181,30191,10
12.9785604477,80.2191619873,30191,30202,11
12.9778604507,80.2194519043,30202,30212,10
12.9770803452,80.2197799683,30212,30222,10
12.9764003754,80.2201004028,30222,30232,10
12.976099968,80.2202224731,30232,30242,10
12.9759502411,80.2202835083,30242,30252,10
12.9757699966,80.2203521729,30252,30262,10
12.9755496979,80.2205734253,30262,30272,10
12.9756202698,80.2207870483,30272,30333,61
12.9759302139,80.2209777832,30333,31371,1038
12.9759302139,80.2209777832,31371,31381,10
12.976360321,80.2212371826,31381,31392,11
12.9765901566,80.2212219238,31392,31402,10
12.9768800735,80.2212295532,31402,31412,10
12.9772500992,80.221206665,31412,31422,10
12.9777803421,80.2211990356,31422,31432,10
12.9784698486,80.2211608887,31432,31442,10
12.9792699814,80.2210922241,31442,31452,10
12.9800796509,80.2210464478,31452,31462,10
12.9808998108,80.2209777832,31462,31472,10
12.9813995361,80.2211837769,31472,31482,10
12.981760025,80.2214202881,31482,31492,10
12.9821395874,80.2216720581,31492,31501,9
12.9824399948,80.2217788696,31501,31513,12
12.9830303192,80.2220077515,31513,31533,20
12.9830303192,80.2220077515,31533,31543,10
12.9832496643,80.2221603394,31543,31553,10
12.9836502075,80.2224273682,31553,31563,10
12.9840803146,80.22265625,31563,31573,10
12.9843502045,80.2228469849,31573,31583,10
12.9848098755,80.2231292725,31583,31593,10
12.9854097366,80.2232971191,31593,31603,10
12.98595047,80.2229690552,31603,31613,10
12.9865503311,80.2229614258,31613,31623,10
12.9866199493,80.2229690552,31623,31634,11
12.9869604111,80.2230072021,31634,31644,10
12.9871702194,80.2230529785,31644,31654,10
12.9874095917,80.2230834961,31654,31664,10
12.9878196716,80.2229995728,31664,31674,10
12.9883003235,80.2226715088,31674,31684,10
12.988820076,80.2221832275,31684,31694,10
12.9893503189,80.221572876,31694,31704,10
12.989780426,80.2210235596,31704,31714,10
12.9903297424,80.2205123901,31714,31724,10
12.9908895493,80.2200393677,31724,31734,10
12.9910297394,80.219909668,31734,31744,10
12.9912099838,80.2197570801,31744,31755,11
12.9914503098,80.2195587158,31755,31765,10
12.9917802811,80.2192993164,31765,31775,10
12.9923000336,80.2189407349,31775,31785,10
12.9929199219,80.2185134888,31785,31795,10
12.9932804108,80.2182312012,31795,31805,10
12.9934196472,80.2181015015,31805,31815,10
12.9935503006,80.2180175781,31815,31825,10
12.9936704636,80.2179336548,31825,31835,10
12.9938402176,80.2178192139,31835,31845,10
12.9939804077,80.2177276611,31845,31855,10
12.9941396713,80.2176132202,31855,31866,11
12.9944000244,80.2174224854,31866,31876,10
12.9946203232,80.2172622681,31876,31886,10
12.9948196411,80.2171096802,31886,31896,10
12.9950704575,80.2169494629,31896,31906,10
12.9954795837,80.2167282104,31906,31916,10
12.996049881,80.2165679932,31916,31926,10
12.9962997437,80.2165298462,31926,31936,10
12.9965400696,80.2164993286,31936,31946,10
12.9966497421,80.2164916992,31946,31956,10
12.9969701767,80.216468811,31956,31966,10
12.997300148,80.2163391113,31966,31976,10
12.9975099564,80.2161483765,31976,31997,21
12.9975099564,80.2161483765,31997,32007,10
12.9977397919,80.215927124,32007,32017,10
12.9981098175,80.2156219482,32017,32027,10
12.9985704422,80.2152099609,32027,32037,10
12.9990701675,80.2147903442,32037,32047,10
12.9992904663,80.21459198,32047,32057,10
12.9996299744,80.214302063,32057,32067,10
13.0,80.2139663696,32067,32077,10
13.0004196167,80.2135772705,32077,32087,10
13.0009403229,80.213142395,32087,32096,9
13.0014600754,80.2127380371,32096,32108,12
13.0020999908,80.2123031616,32108,32118,10
13.0024003983,80.2121505737,32118,32128,10
13.0025701523,80.212097168,32128,32138,10
13.0028600693,80.2120819092,32138,32148,10
13.0032100677,80.2120513916,32148,32158,10
13.0035200119,80.212020874,32158,32178,20
13.0035200119,80.212020874,32178,32188,10
13.0036802292,80.2119216919,32188,32198,10
13.0037202835,80.2116165161,32198,32208,10
13.0037097931,80.2111663818,32208,32218,10
13.0036497116,80.2107009888,32218,32229,11
13.0035800934,80.2101974487,32229,32239,10
13.0035400391,80.2097396851,32239,32249,10
13.0036001205,80.2092590332,32249,32259,10
13.0037698746,80.2087020874,32259,32269,10
13.00440979,80.2087936401,32269,32279,10
13.0052604675,80.2091827393,32279,32289,10
13.0060796738,80.2095031738,32289,32299,10
13.0066795349,80.2096862793,32299,32309,10
13.0069904327,80.2097702026,32309,32350,41
13.0069904327,80.2097702026,32350,32360,10
13.0072803497,80.2098464966,32360,32370,10
13.0077295303,80.2099075317,32370,32380,10
13.0081501007,80.2098770142,32380,32390,10
13.0080604553,80.2093505859,32390,32400,10
13.0079402924,80.2086486816,32400,32410,10
13.007809639,80.2077865601,32410,32420,10
13.0076904297,80.2069320679,32420,32430,10
13.0075702667,80.2060165405,32430,32440,10
13.007519722,80.2051773071,32440,32450,10
13.0075397491,80.2045288086,32450,32461,11
13.0074996948,80.2038574219,32461,32471,10
13.0073604584,80.2031402588,32471,32481,10
13.0069303513,80.2025680542,32481,32491,10
13.006529808,80.2029800415,32491,32501,10
13.0068502426,80.20337677,32501,32511,10
13.0072603226,80.2035827637,32511,32521,10
13.0077896118,80.2036972046,32521,32531,10
13.0085096359,80.2036819458,32531,32541,10
13.0094604492,80.2036209106,32541,32551,10
13.01060009,80.2036132813,32551,32561,10
13.0118103027,80.2037277222,32561,32571,10
13.012840271,80.2039489746,32571,32582,11
13.0135602951,80.2041625977,32582,32592,10
13.0140800476,80.2043304443,32592,32602,10
13.014960289,80.2045974731,32602,32632,30
13.014960289,80.2045974731,32632,32642,10
13.0150995255,80.2046737671,32642,32652,10
13.0154800415,80.204788208,32652,32662,10
13.0160503387,80.2050018311,32662,32672,10
13.0168104172,80.2051620483,32672,32682,10
13.0171098709,80.205406189,32682,32692,10
13.017539978,80.2055587769,32692,32703,11
13.017780304,80.2055892944,32703,32713,10
13.0184001923,80.2058410645,32713,32733,20
13.0184001923,80.2058410645,32733,32743,10
13.0185804367,80.2059020996,32743,32753,10
13.0190401077,80.2060775757,32753,32763,10
13.0196800232,80.2062530518,32763,32773,10
13.0205097198,80.2062835693,32773,32783,10
13.0213699341,80.2062835693,32783,32793,10
13.0220603943,80.2063217163,32793,32803,10
13.0227603912,80.2063980103,32803,32814,11
13.0235500336,80.20652771,32814,32824,10
13.0240697861,80.2065811157,32824,32834,10
13.0240898132,80.2065963745,32834,32844,10
13.024189949,80.2066421509,32844,32854,10
13.0245599747,80.206741333,32854,32864,10
13.025179863,80.2068786621,32864,32874,10
13.0260095596,80.2071914673,32874,32884,10
13.0267400742,80.207649231,32884,32894,10
13.0275602341,80.208152771,32894,32904,10
13.0284996033,80.2085800171,32904,32914,10
13.0294599533,80.2088165283,32914,32924,10
13.0300102234,80.2089691162,32924,32935,11
13.0305204391,80.2090911865,32935,32945,10
13.0310697556,80.2092437744,32945,32955,10
13.0312099457,80.2092590332,32955,32965,10
13.0315799713,80.2093582153,32965,32985,20
13.0315799713,80.2093582153,32985,32995,10
13.0317802429,80.2094497681,32995,33005,10
13.0321903229,80.2095565796,33005,33015,10
13.0328102112,80.2096633911,33015,33025,10
13.033539772,80.2098007202,33025,33035,10
13.034330368,80.2099609375,33035,33045,10
13.0349302292,80.2101364136,33045,33056,11
13.0349998474,80.2105178833,33056,33066,10
13.0349502563,80.2107467651,33066,33076,10
13.0349798203,80.211151123,33076,33086,10
13.0349998474,80.2116012573,33086,33136,50
13.0349998474,80.2116012573,33136,33146,10
13.0349903107,80.2118988037,33146,33177,31
13.0349903107,80.2118988037,33177,33187,10
13.035030365,80.2121963501,33187,33197,10
13.0354499817,80.212272644,33197,33207,10
13.0361003876,80.2122879028,33207,33217,10
13.0366601944,80.2122802734,33217,33267,50
13.0366601944,80.2122802734,33267,33277,10
13.0370903015,80.212272644,33277,33286,9
13.0375204086,80.2122802734,33286,33298,12
13.0383701324,80.2122802734,33298,33308,10
13.0391998291,80.2122573853,33308,33318,10
13.0401201248,80.2122802734,33318,33328,10
13.0411901474,80.2122573853,33328,33338,10
13.0422801971,80.2122268677,33338,33348,10
13.0433797836,80.212272644,33348,33388,40
13.0433797836,80.212272644,33388,33398,10
13.0436201096,80.2122802734,33398,33408,10
13.0440502167,80.2122802734,33408,33419,11
13.0445203781,80.2122573853,33419,33429,10
13.045129776,80.2122497559,33429,33439,10
13.0458402634,80.2122268677,33439,33449,10
13.046620369,80.2121963501,33449,33459,10
13.0473003387,80.2121505737,33459,33469,10
13.0480203629,80.2120666504,33469,33489,20
13.0480203629,80.2120666504,33489,33499,10
13.0481100082,80.212059021,33499,33509,10
13.0482902527,80.212059021,33509,33519,10
13.0484399796,80.2120513916,33519,33530,11
13.0485401154,80.212059021,33530,33540,10
13.0487804413,80.2120285034,33540,33550,10
13.049249649,80.2119827271,33550,33560,10
13.0495100021,80.2119827271,33560,33570,10
13.0496997833,80.2119598389,33570,33580,10
13.0498695374,80.2119369507,33580,33590,10
13.0500001907,80.2119369507,33590,33600,10
13.0502700806,80.2119827271,33600,33610,10
13.0507297516,80.2120285034,33610,33619,9
13.0512304306,80.2120513916,33619,33630,11
13.0522098541,80.2119369507,33630,33640,10
13.0530395508,80.2117233276,33640,33651,11
13.0539598465,80.2114562988,33651,33661,10
13.0544395447,80.2113723755,33661,33671,10
13.0547103882,80.2113723755,33671,33681,10
13.0552301407,80.2114028931,33681,33691,10
13.0559902191,80.2114181519,33691,33701,10
13.0568599701,80.21144104,33701,33711,10
13.0573396683,80.2114181519,33711,33721,10
13.0574398041,80.2114181519,33721,33731,10
13.057559967,80.2114181519,33731,33741,10
13.0580396652,80.2114562988,33741,33751,10
13.0585803986,80.2114715576,33751,33760,9
13.0590896606,80.2115020752,33760,33772,12
13.059969902,80.2115478516,33772,33782,10
13.0608501434,80.2115783691,33782,33792,10
13.0617198944,80.2116165161,33792,33802,10
13.0625896454,80.2115783691,33802,33812,10
13.063079834,80.2115402222,33812,33822,10
13.0631599426,80.2115478516,33822,33832,10
13.0634899139,80.2115402222,33832,33842,10
13.0639696121,80.2115097046,33842,33852,10
13.0645999908,80.2113189697,33852,33862,10
13.0652999878,80.210899353,33862,33872,10
13.0660200119,80.2102890015,33872,33882,10
13.0668096542,80.2095413208,33882,33893,11
13.0673398972,80.2087402344,33893,33903,10
13.0673904419,80.2086715698,33903,33913,10
13.0675001144,80.2085113525,33913,33923,10
13.0677700043,80.2080917358,33923,33933,10
13.0681800842,80.2074737549,33933,33943,10
13.0686502457,80.206741333,33943,33953,10
13.0691795349,80.2059173584,33953,33963,10
13.0695495605,80.2052612305,33963,33973,10
13.0695800781,80.204826355,33973,33983,10
13.0692596436,80.2050323486,33983,33993,10
13.0689601898,80.2053604126,33993,34003,10
13.0687503815,80.2049865723,34003,34034,31
13.0687503815,80.2049865723,34034,34044,10
13.0687704086,80.2049026489,34044,34054,10
13.0688896179,80.2047576904,34054,34064,10
13.0692996979,80.204750061,34064,34074,10
13.0696201324,80.2048034668,34074,34084,10
13.0699396133,80.2047424316,34084,34094,10
13.0702800751,80.2043075562,34094,34104,10
13.0707502365,80.2037277222,34104,34114,10
13.0712995529,80.2030563354,34114,34125,11
13.0718097687,80.2024688721,34125,34175,50
13.0718097687,80.2024688721,34175,34185,10
13.0720300674,80.2022323608,34185,34195,10
13.0722303391,80.2020187378,34195,34205,10
13.0724802017,80.2017288208,34205,34215,10
13.072719574,80.2014465332,34215,34225,10
13.0729598999,80.201171875,34225,34235,10
13.073220253,80.2008895874,34235,34246,11
13.0735702515,80.2004928589,34246,34256,10
13.0740203857,80.1999206543,34256,34276,20
13.0740203857,80.1999206543,34276,34286,10
13.0742301941,80.1996994019,34286,34296,10
13.0743999481,80.199546814,34296,34306,10
13.0744895935,80.1994400024,34306,34316,10
13.0745601654,80.1993637085,34316,34326,10
13.0749397278,80.1991424561,34326,34336,10
13.0755701065,80.1990203857,34336,34346,10
13.076379776,80.1990127563,34346,34356,10
13.0772104263,80.1989517212,34356,34367,11
13.078209877,80.1988372803,34367,34377,10
13.0789804459,80.1987228394,34377,34387,10
13.0795602798,80.1986923218,34387,34397,10
13.0801801682,80.198638916,34397,34407,10
13.0805797577,80.1986083984,34407,34417,10
13.0809698105,80.1985702515,34417,34427,10
13.0811901093,80.1985931396,34427,34437,10
13.0813398361,80.1985778809,34437,34447,10
13.081580162,80.1985626221,34447,34457,10
13.0817298889,80.1985397339,34457,34467,10
13.0819597244,80.1985321045,34467,34477,10
13.0822601318,80.1984786987,34477,34488,11
13.0826702118,80.1985015869,34488,34498,10
13.0827198029,80.1985015869,34498,34508,10
13.0828504562,80.1985168457,34508,34518,10
13.08314991,80.1985168457,34518,34528,10
13.0836896896,80.1984786987,34528,34538,10
13.08411026,80.1984710693,34538,34548,10
13.0843496323,80.1984634399,34548,34558,10
13.0845603943,80.1984634399,34558,34568,10
13.084810257,80.1984710693,34568,34578,10
13.0850696564,80.1984710693,34578,34588,10
13.0853099823,80.1984786987,34588,34598,10
13.085439682,80.1984710693,34598,34609,11
13.0858697891,80.1984481812,34609,34619,10
13.0863599777,80.1984634399,34619,34629,10
13.0868902206,80.1984176636,34629,34639,10
13.0870800018,80.1982421875,34639,34649,10
13.0870895386,80.1981887817,34649,34659,10
13.0871896744,80.1979675293,34659,34669,10
13.0872297287,80.1974411011,34669,34679,10
13.0872497559,80.1966705322,34679,34689,10
13.0872802734,80.1958618164,34689,34699,10
13.087269783,80.1954498291,34699,34709,10
13.0872802734,80.1949081421,34709,34720,11
13.0872802734,80.1940612793,34720,34730,10
13.0872802734,80.1932983398,34730,34740,10
13.0872802734,80.1930999756,34740,34750,10
13.0872802734,80.1929931641,34750,34760,10
13.0872802734,80.1927566528,34760,34770,10
13.0873403549,80.1924133301,34770,34780,10
13.0874099731,80.1918106079,34780,34790,10
13.0875301361,80.1910171509,34790,34800,10
13.0876302719,80.1901397705,34800,34810,10
13.0876998901,80.1891708374,34810,34830,20
13.0876998901,80.1891708374,34830,34841,11
13.0876998901,80.1891403198,34841,34851,10
13.0878000259,80.1884918213,34851,34881,30
13.0878000259,80.1884918213,34881,34891,10
13.0878095627,80.1881637573,34891,34901,10
13.0878400803,80.1876525879,34901,34911,10
13.0878801346,80.1869506836,34911,34921,10
13.0879001617,80.1861190796,34921,34931,10
13.0879096985,80.185508728,34931,34941,10
13.0879096985,80.1853637695,34941,34951,10
13.0879402161,80.1850814819,34951,34962,11
13.0880002975,80.1844100952,34962,34972,10
13.08796978,80.1835784912,34972,34982,10
13.0879802704,80.1827087402,34982,34992,10
13.0879898071,80.1822662354,34992,35002,10
13.0880298615,80.1818389893,35002,35012,10
13.0880804062,80.1811904907,35012,35022,10
13.0880804062,80.1803817749,35022,35032,10
13.0880699158,80.1797409058,35032,35093,61
13.0880699158,80.1797409058,35093,35103,10
13.0880899429,80.1795501709,35103,35113,10
13.0880899429,80.1791763306,35113,35123,10
13.0880899429,80.1788635254,35123,35133,10
13.0881004333,80.1787796021,35133,35143,10
13.0881204605,80.1783294678,35143,35153,10
13.088139534,80.1776428223,35153,35163,10
13.0881595612,80.1770172119,35163,35173,10
13.0882196426,80.1762619019,35173,35183,10
13.0882797241,80.175491333,35183,35194,11
13.0883302689,80.1748123169,35194,35204,10
13.0883598328,80.174369812,35204,35214,10
13.0884399414,80.1736679077,35214,35224,10
13.0884895325,80.1728210449,35224,35234,10
13.0885295868,80.1719818115,35234,35244,10
13.0885400772,80.171836853,35244,35254,10
13.0885801315,80.1717376709,35254,35264,10
13.0886001587,80.1712799072,35264,35274,10
13.088640213,80.1705932617,35274,35284,10
13.0886602402,80.1698303223,35284,35355,71
13.0886602402,80.1698303223,35355,35365,10
13.0887403488,80.1695175171,35365,35375,10
13.0892295837,80.1695098877,35375,35385,10
13.0899801254,80.1695785522,35385,35395,10
13.0908899307,80.169631958,35395,35405,10
13.0919799805,80.1696929932,35405,35415,10
13.093079567,80.1697616577,35415,35424,9
13.0939998627,80.1698379517,35424,35436,12
13.0945701599,80.1698608398,35436,35446,10
13.0946702957,80.169883728,35446,35456,10
13.0947799683,80.1698913574,35456,35466,10
13.0950098038,80.169921875,35466,35476,10
13.0954504013,80.1699676514,35476,35486,10
13.0961799622,80.1699905396,35486,35496,10
13.0970897675,80.1700286865,35496,35506,10
13.0979995728,80.1700820923,35506,35516,10
13.0988302231,80.1701202393,35516,35526,10
13.0994997025,80.1701126099,35526,35536,10
13.0996398926,80.1700210571,35536,35546,10
13.0996599197,80.1697998047,35546,35557,11
13.09953022,80.169670105,35557,36111,554
13.09953022,80.169670105,36111,36121,10
13.099439621,80.1700897217,36121,36172,51
13.099439621,80.1700897217,36172,36182,10
13.0990495682,80.1701812744,36182,36192,10
13.098690033,80.1701583862,36192,36202,10
13.09815979,80.1701278687,36202,36212,10
13.0974702835,80.1700820923,36212,36222,10
13.096619606,80.1700286865,36222,36232,10
13.0956802368,80.1699829102,36232,36242,10
13.0949697495,80.1699523926,36242,36252,10
13.0948696136,80.1699295044,36252,36262,10
13.09471035,80.1699066162,36262,36273,11
13.0944099426,80.1698913574,36273,36283,10
13.0939397812,80.169883728,36283,36293,10
13.0932397842,80.1698379517,36293,36303,10
13.0923900604,80.1697998047,36303,36313,10
13.0914802551,80.1697387695,36313,36323,10
13.0905895233,80.1696777344,36323,36333,10
13.089679718,80.1696166992,36333,36343,10
13.0891103745,80.1695709229,36343,36373,30
13.0891103745,80.1695709229,36373,36383,10
13.0888595581,80.1695327759,36383,36394,11
13.0886802673,80.1699829102,36394,36404,10
13.0886497498,80.1706924438,36404,36414,10
13.0886297226,80.1713485718,36414,36424,10
13.0886096954,80.1718826294,36424,36434,10
13.0886096954,80.1719436646,36434,36444,10
13.0885801315,80.1723098755,36444,36454,10
13.0885400772,80.1728973389,36454,36464,10
13.0884895325,80.1735916138,36464,36474,10
13.0884504318,80.1743774414,36474,36484,10
13.0884103775,80.1749420166,36484,36494,10
13.0883703232,80.1756286621,36494,36503,9
13.0883197784,80.1763763428,36503,36515,12
13.0882797241,80.1772537231,36515,36525,10
13.0882701874,80.1779022217,36525,36535,10
13.088259697,80.1783981323,36535,36555,20
13.088259697,80.1783981323,36555,36565,10
13.088259697,80.1787414551,36565,36575,10
13.088259697,80.1788864136,36575,36585,10
13.088259697,80.1791534424,36585,36595,10
13.0882501602,80.1795120239,36595,36605,10
13.0882301331,80.1800003052,36605,36615,10
13.0882101059,80.1807632446,36615,36625,10
13.0881795883,80.1814575195,36625,36636,11
13.0881595612,80.1820297241,36636,36646,10
13.0881299973,80.1826934814,36646,36656,10
13.0881004333,80.1835174561,36656,36666,10
13.0880498886,80.1844024658,36666,36676,10
13.0880298615,80.184967041,36676,36686,10
13.0880298615,80.1849899292,36686,36696,10
13.0880203247,80.1852722168,36696,36706,10
13.0879802704,80.1857528687,36706,36716,10
13.0879602432,80.1864395142,36716,36726,10
13.0879402161,80.1871414185,36726,36736,10
13.0879402161,80.1875762939,36736,36747,11
13.0879201889,80.1880569458,36747,36757,10
13.0878696442,80.1887283325,36757,36767,10
13.0878295898,80.1894302368,36767,36777,10
13.0878095627,80.189781189,36777,36787,10
13.0878000259,80.189781189,36787,36797,10
13.0877504349,80.1900100708,36797,36807,10
13.0876703262,80.1905975342,36807,36817,10
13.0875701904,80.1913604736,36817,36827,10
13.0874700546,80.1920394897,36827,36837,10
13.0874004364,80.192489624,36837,36847,10
13.0873603821,80.1929168701,36847,36857,10
13.0873498917,80.1935195923,36857,36868,11
13.0873298645,80.1944198608,36868,36878,10
13.0873098373,80.1951980591,36878,36888,10
13.0873003006,80.1959075928,36888,36898,10
13.0872898102,80.1967010498,36898,36908,10
13.087269783,80.197517395,36908,36918,10
13.087269783,80.1977386475,36918,36928,10
13.087269783,80.1977996826,36928,36938,10
13.0873003006,80.1981964111,36938,36948,10
13.0874795914,80.1984481812,36948,36958,10
13.0878696442,80.1984481812,36958,36968,10
13.0884199142,80.1984329224,36968,36978,10
13.0888299942,80.1984176636,36978,36989,11
13.089220047,80.1984405518,36989,36999,10
13.0896501541,80.1984710693,36999,37009,10
13.0903396606,80.1985321045,37009,37019,10
13.0911998749,80.1985702515,37019,37029,10
13.0919599533,80.1986312866,37029,37039,10
13.0926198959,80.1986618042,37039,37049,10
13.0928697586,80.198677063,37049,37059,10
13.0929803848,80.1989135742,37059,37069,10
13.0929603577,80.1992263794,37069,37079,10
13.0929403305,80.199508667,37079,37089,10
13.0929203033,80.1998596191,37089,37099,10
13.0928897858,80.2003479004,37099,37140,41
13.0928897858,80.2003479004,37140,37150,10
13.0928602219,80.2005386353,37150,37160,10
13.0926704407,80.2006072998,37160,37170,10
13.0921802521,80.2005767822,37170,37180,10
13.091509819,80.2005615234,37180,37190,10
13.091050148,80.2005462646,37190,37200,10
13.0906000137,80.2005233765,37200,37209,9
13.0900402069,80.2004699707,37209,37220,11
13.0892801285,80.2004165649,37220,37231,11
13.0883197784,80.2004165649,37231,37241,10
13.0873498917,80.2004013062,37241,37251,10
13.0865898132,80.2003631592,37251,37261,10
13.0860795975,80.2003479004,37261,37271,10
13.0857000351,80.200340271,37271,37301,30
13.0857000351,80.200340271,37301,37311,10
13.0853300095,80.2001800537,37311,37321,10
13.0853300095,80.199798584,37321,37331,10
13.0853204727,80.1991882324,37331,37342,11
13.0851802826,80.198677063,37342,37352,10
13.0847702026,80.1986923218,37352,37362,10
13.0843000412,80.1986923218,37362,37372,10
13.0842399597,80.198677063,37372,37382,10
13.0840997696,80.1986618042,37382,37392,10
13.0837497711,80.1986465454,37392,37402,10
13.0832395554,80.1986236572,37402,37412,10
13.0826797485,80.198600769,37412,37422,10
13.0822296143,80.1986083984,37422,37432,10
13.0818195343,80.1986312866,37432,37442,10
13.0812301636,80.1986236572,37442,37452,10
13.0805997849,80.198638916,37452,37463,11
13.0797300339,80.1987533569,37463,37473,10
13.0788602829,80.1988220215,37473,37483,10
13.0778999329,80.1989364624,37483,37493,10
13.0769100189,80.1990585327,37493,37503,10
13.0759096146,80.199180603,37503,37513,10
13.074930191,80.1994400024,37513,37523,10
13.0743303299,80.1998291016,37523,37533,10
13.0739803314,80.2001419067,37533,37543,10
13.0737600327,80.2003936768,37543,37553,10
13.0737600327,80.2004013062,37553,37563,10
13.0735797882,80.200630188,37563,37573,10
13.0731897354,80.2010879517,37573,37584,11
13.0728702545,80.2014923096,37584,37594,10
13.0727796555,80.2015914917,37594,37604,10
13.0726604462,80.2017364502,37604,37614,10
13.0725297928,80.2019119263,37614,37624,10
13.0723695755,80.2020874023,37624,37634,10
13.0723600388,80.2021026611,37634,37644,10
13.0721998215,80.2022476196,37644,37654,10
13.0718097687,80.2026519775,37654,37664,10
13.0712995529,80.2032394409,37664,37674,10
13.0707302094,80.2038879395,37674,37684,10
13.0702199936,80.2045211792,37684,37694,10
13.0699501038,80.2049179077,37694,37745,51
13.0699501038,80.2049179077,37745,37754,9
13.0697097778,80.2049713135,37754,37764,10
13.0693397522,80.2048492432,37764,37775,11
13.068980217,80.2053070068,37775,37785,10
13.0684995651,80.2054367065,37785,37795,10
13.0679597855,80.2051391602,37795,37826,31
13.0679597855,80.2051391602,37826,37836,10
13.0679702759,80.205039978,37836,37846,10
13.0682897568,80.2049179077,37846,37856,10
13.0685300827,80.2048492432,37856,37866,10
13.0688199997,80.204750061,37866,37876,10
13.0691404343,80.2046813965,37876,37886,10
13.0694599152,80.2047195435,37886,37906,20
13.0694599152,80.2047195435,37906,37916,10
13.0697603226,80.2048568726,37916,37947,31
13.0697603226,80.2048568726,37947,37957,10
13.0698699951,80.2051010132,37957,37967,10
13.0696001053,80.2055435181,37967,37977,10
13.0692100525,80.206161499,37977,37987,10
13.0687398911,80.2069015503,37987,37997,10
13.0682497025,80.2076873779,37997,38007,10
13.0678901672,80.2082214355,38007,38017,10
13.0676603317,80.2086181641,38017,38027,10
13.0673303604,80.2091217041,38027,38037,10
13.0668697357,80.2097702026,38037,38047,10
13.0661401749,80.2103881836,38047,38058,11
13.0655002594,80.2109603882,38058,38068,10
13.065079689,80.2112731934,38068,38078,10
13.0650501251,80.2112884521,38078,38088,10
13.0648097992,80.2114028931,38088,38098,10
13.0643196106,80.2116088867,38098,38108,10
13.0638999939,80.2116775513,38108,38158,50
13.0638999939,80.2116775513,38158,38168,10
13.0635900497,80.2116928101,38168,38179,11
13.0630197525,80.2117233276,38179,38189,10
13.0622596741,80.211769104,38189,38199,10
13.0613698959,80.2117614746,38199,38208,9
13.0604896545,80.2116928101,38208,38219,11
13.0593204498,80.2116470337,38219,38229,10
13.0584201813,80.2116088867,38229,38239,10
13.0580501556,80.2116088867,38239,38249,10
13.0576696396,80.2116165161,38249,38259,10
13.0576295853,80.2116088867,38259,38269,10
13.0574998856,80.2116088867,38269,38279,10
13.0570497513,80.2116012573,38279,38289,10
13.0564899445,80.2115936279,38289,38300,11
13.0557003021,80.2115707397,38300,38310,10
13.0550003052,80.2115478516,38310,38320,10
13.054599762,80.2115478516,38320,38330,10
13.0542201996,80.2116165161,38330,38340,10
13.0536699295,80.211730957,38340,38350,10
13.0529298782,80.2119369507,38350,38360,10
13.0521602631,80.2121505737,38360,38370,10
13.0515098572,80.2121734619,38370,38380,10
13.0510597229,80.2121734619,38380,38390,10
13.0507802963,80.2121734619,38390,38400,10
13.050359726,80.2121582031,38400,38410,10
13.0498695374,80.2121734619,38410,38421,11
13.0495300293,80.2121734619,38421,38441,20
13.0495300293,80.2121734619,38441,38451,10
13.0493898392,80.2121505737,38451,38461,10
13.0489196777,80.2121505737,38461,38471,10
13.0483198166,80.2121887207,38471,38481,10
13.0476703644,80.2122573853,38481,38491,10
13.0468797684,80.2122879028,38491,38501,10
13.0459403992,80.2123413086,38501,38511,10
13.0445804596,80.2124099731,38511,38572,61
13.0445804596,80.2124099731,38572,38582,10
13.0445404053,80.2124099731,38582,38592,10
13.0442304611,80.2124023438,38592,38602,10
13.043680191,80.212387085,38602,38612,10
13.0429201126,80.212387085,38612,38622,10
13.0421304703,80.2124023438,38622,38632,10
13.0413103104,80.2124023438,38632,38642,10
13.0403299332,80.2124099731,38642,38651,9
13.0393400192,80.2124176025,38651,38663,12
13.038189888,80.2124176025,38663,38673,10
13.0378103256,80.2124176025,38673,38683,10
13.0377902985,80.2124176025,38683,38693,10
13.0375299454,80.2124023438,38693,38703,10
13.0369997025,80.2124023438,38703,38713,10
13.036239624,80.2123718262,38713,38723,10
13.0354499817,80.2123565674,38723,38733,10
13.0351800919,80.212310791,38733,38743,10
13.0351696014,80.212310791,38743,38753,10
13.0349798203,80.212272644,38753,38763,10
13.0342903137,80.2121582031,38763,38784,21
13.0342903137,80.2121582031,38784,38794,10
13.0341501236,80.2121200562,38794,38804,10
13.0337095261,80.2120437622,38804,38814,10
13.0331201553,80.2119216919,38814,38824,10
13.0324401855,80.2118225098,38824,38834,10
13.0319700241,80.2115936279,38834,38844,10
13.0320396423,80.2109603882,38844,38854,10
13.0320796967,80.2102813721,38854,38864,10
13.0321102142,80.2097473145,38864,38874,10
13.0317697525,80.209602356,38874,38884,10
13.0312404633,80.2094497681,38884,38895,11
13.0307197571,80.2093200684,38895,38905,10
13.0303497314,80.209197998,38905,38915,10
13.02987957,80.2090377808,38915,38925,10
13.0294799805,80.2089385986,38925,38935,10
13.0294399261,80.2089233398,38935,38945,10
13.0292901993,80.2088699341,38945,38955,10
13.0287799835,80.2087402344,38955,38965,10
13.0280399323,80.2085189819,38965,38975,10
13.0273199081,80.2081832886,38975,38985,10
13.0267400742,80.2078323364,38985,38995,10
13.0262699127,80.2075271606,38995,39005,10
13.0256204605,80.2071990967,39005,39016,11
13.0247602463,80.2070007324,39016,39026,10
13.0242595673,80.2069091797,39026,39036,10
13.0242395401,80.2069015503,39036,39046,10
13.0240898132,80.2068405151,39046,39056,10
13.0236597061,80.2067489624,39056,39066,10
13.0230703354,80.2066497803,39066,39076,10
13.0223999023,80.20652771,39076,39086,10
13.0220603943,80.2064819336,39086,39096,10
13.0216197968,80.2064590454,39096,39106,10
13.0209598541,80.2064590454,39106,39116,10
13.020190239,80.2064437866,39116,39125,9
13.0191402435,80.2063369751,39125,39338,213
13.0187997818,80.206237793,39338,39510,172
13.0187997818,80.206237793,39510,39520,10
13.0185403824,80.2061233521,39520,39530,10
13.0182695389,80.2060165405,39530,39540,10
13.0178604126,80.2059020996,39540,39550,10
13.0176696777,80.2058334351,39550,39560,10
13.0173902512,80.2057189941,39560,39570,10
13.0170898438,80.2055892944,39570,39580,10
13.0168600082,80.2055206299,39580,39590,10
13.0162096024,80.2052764893,39590,39600,10
13.0155801773,80.205078125,39600,39610,10
13.014960289,80.2048416138,39610,39621,11
13.0143404007,80.2046127319,39621,39631,10
13.0140304565,80.2044906616,39631,39641,10
13.0140199661,80.2044830322,39641,39651,10
13.0138597488,80.2043914795,39651,39661,10
13.0135602951,80.2042770386,39661,39671,10
13.0131597519,80.2041778564,39671,39681,10
13.0125999451,80.2040100098,39681,39691,10
13.0118398666,80.2038421631,39691,39701,10
13.0110301971,80.2037277222,39701,39711,10
13.0102796555,80.2036972046,39711,39721,10
13.00963974,80.2037124634,39721,39731,10
13.0091104507,80.2037506104,39731,39742,11
13.0085296631,80.2037887573,39742,39752,10
13.008020401,80.2038116455,39752,39762,10
13.0073699951,80.203742981,39762,39772,10
13.0066404343,80.2034225464,39772,39782,10
13.0060100555,80.2027893066,39782,39792,10
13.0055198669,80.2019119263,39792,39802,10
13.0047397614,80.2012634277,39802,39812,10
13.0038900375,80.2009887695,39812,39822,10
13.0030403137,80.2007827759,39822,39832,10
13.002240181,80.2004394531,39832,39842,10
13.0017204285,80.1997375488,39842,39851,9
13.001709938,80.198928833,39851,39863,12
13.0018701553,80.1978530884,39863,39873,10
13.0018796921,80.1969604492,39873,39883,10
13.0015201569,80.1962585449,39883,39893,10
13.0010404587,80.1957092285,39893,39903,10
13.0006198883,80.1951828003,39903,39913,10
13.0001802444,80.1946411133,39913,39923,10
12.9997301102,80.1940383911,39923,39933,10
12.9992904663,80.1934585571,39933,39943,10
12.9989099503,80.1929779053,39943,39953,10
12.99862957,80.1925811768,39953,39963,10
12.9983501434,80.1922683716,39963,39973,10
12.998000145,80.1924972534,39973,39984,11
12.9974603653,80.1929397583,39984,39994,10
12.9970197678,80.1932830811,39994,40004,10
12.9968500137,80.1933898926,40004,40014,10
12.9966802597,80.1933364868,40014,40024,10
12.996720314,80.193069458,40024,40034,10
12.9966201782,80.1925506592,40034,40044,10
12.9964599609,80.1918716431,40044,40054,10
12.9964103699,80.19140625,40054,40064,10
12.9966096878,80.1913223267,40064,40074,10
12.9968299866,80.1912384033,40074,40084,10
12.9971904755,80.1912994385,40084,40094,10
12.9974002838,80.1915206909,40094,40105,11
12.997179985,80.1917114258,40105,40115,10
12.9969701767,80.1915588379,40115,42998,2883
12.9969701767,80.1915588379,42998,43008,10
12.9970397949,80.1913986206,43008,43876,868
12.9970397949,80.1913986206,43876,43886,10
12.996919632,80.19140625,43886,43896,10
12.9968004227,80.1912765503,43896,43906,10
12.996919632,80.1910324097,43906,43916,10
12.9971199036,80.1910476685,43916,43926,10
12.9970903397,80.1913223267,43926,43936,10
12.9965696335,80.1913986206,43936,44208,272
12.9964103699,80.1913986206,44208,44239,31
12.9964103699,80.1913986206,44239,44249,10
12.9962997437,80.1912689209,44249,44259,10
12.9961700439,80.1908111572,44259,44269,10
12.9958896637,80.189781189,44269,44309,40
12.9958896637,80.189781189,44309,44319,10
12.9958896637,80.1896286011,44319,44329,10
12.9960298538,80.1893081665,44329,44339,10
12.9963703156,80.1895599365,44339,44349,10
12.9968595505,80.1901016235,44349,44360,11
12.9975004196,80.1908721924,44360,44370,10
12.998169899,80.1917190552,44370,44380,10
12.9988002777,80.1925201416,44380,44390,10
12.9992799759,80.1931686401,44390,44400,10
12.9998102188,80.1938781738,44400,44410,10
13.0003900528,80.1946029663,44410,44420,10
13.0010099411,80.195350647,44420,44430,10
13.0014696121,80.1959228516,44430,44440,10
13.0019102097,80.1965484619,44440,44450,10
13.0020704269,80.1974411011,44450,44460,10
13.0018997192,80.1984176636,44460,44469,9
13.0017995834,80.19896698,44469,44481,12
13.0018196106,80.199760437,44481,44491,10
13.002289772,80.2004089355,44491,44501,10
13.0030002594,80.2006835938,44501,44511,10
13.0034704208,80.2007522583,44511,44531,20
13.0034704208,80.2007522583,44531,44541,10
13.0037698746,80.2008514404,44541,44551,10
13.0042896271,80.2010498047,44551,44561,10
13.0048599243,80.2012634277,44561,44571,10
13.0054302216,80.2016601563,44571,44581,10
13.0058603287,80.2022399902,44581,44591,10
13.0061597824,80.2028198242,44591,44602,11
13.0066900253,80.2033615112,44602,44612,10
13.0073900223,80.2036819458,44612,44622,10
13.0082101822,80.203666687,44622,44632,10
13.0082702637,80.2029037476,44632,44642,10
13.0075502396,80.2032623291,44642,44652,10
13.0076303482,80.2042999268,44652,44662,10
13.0076303482,80.2054214478,44662,44672,10
13.0077800751,80.2065963745,44672,44682,10
13.0079298019,80.2077026367,44682,44692,10
13.0080699921,80.2087936401,44692,44702,10
13.0082998276,80.2098388672,44702,44712,10
13.0087499619,80.2105484009,44712,44723,11
13.0090799332,80.2107925415,44723,44733,10
13.0091199875,80.2108306885,44733,44743,10
13.0093297958,80.2109832764,44743,44753,10
13.0093698502,80.2110519409,44753,44763,10
13.0093603134,80.2111282349,44763,44773,10
13.0092601776,80.2112884521,44773,44783,10
13.0091695786,80.2114181519,44783,44803,20
13.0091695786,80.2114181519,44803,44813,10
13.0090398788,80.2115020752,44813,44823,10
13.0090103149,80.2116622925,44823,44833,10
13.0091199875,80.2120437622,44833,44844,11
13.0093097687,80.212638855,44844,44854,10
13.0095396042,80.2132492065,44854,44864,10
13.0098199844,80.2139282227,44864,44874,10
13.0100698471,80.2146835327,44874,44884,10
13.0101900101,80.2155609131,44884,44894,10
13.0105400085,80.2164230347,44894,44904,10
13.0109796524,80.2173614502,44904,44914,10
13.011349678,80.2183303833,44914,44924,10
13.0120601654,80.2205200195,44924,44934,10
13.0120601654,80.2205200195,44934,44944,10
13.0123796463,80.2214813232,44944,44954,10
13.0129699707,80.2222976685,44954,44964,10
13.013759613,80.2231674194,44964,44975,11
13.01445961,80.2240066528,44975,44985,10
13.0151100159,80.2247619629,44985,44995,10
13.0154495239,80.2252426147,44995,45005,10
13.0154399872,80.2256088257,45005,45015,10
13.014960289,80.2259979248,45015,45025,10
13.0141496658,80.2263183594,45025,45035,10
13.013130188,80.2266921997,45035,45045,10
13.0120697021,80.2271118164,45045,45055,10
13.0109100342,80.2275466919,45055,45065,10
13.0098896027,80.2279434204,45065,45075,10
13.0095300674,80.2274780273,45075,45086,11
13.0098495483,80.2267532349,45086,45096,10
13.0102100372,80.2259063721,45096,45106,10
13.0104703903,80.2253036499,45106,45116,10
13.0106096268,80.2249984741,45116,45126,10
13.0106897354,80.224822998,45126,45136,10
13.0108499527,80.224357605,45136,45146,10
13.0111303329,80.2236633301,45146,45156,10
13.0112304688,80.2232437134,45156,45166,10
13.0108995438,80.2230300903,45166,45176,10
13.0102796555,80.2227096558,45176,45186,10
13.0095300674,80.2223205566,45186,45196,10
13.0089101791,80.2219696045,45196,45207,11
13.0082502365,80.2216186523,45207,45217,10
13.0074796677,80.221206665,45217,45227,10
13.0066404343,80.2207870483,45227,45237,10
13.0056200027,80.2205123901,45237,45247,10
13.0046195984,80.2202911377,45247,45257,10
13.0037899017,80.2200775146,45257,45267,10
13.0029401779,80.2198486328,45267,45277,10
13.0021400452,80.2192230225,45277,45287,10
13.0015697479,80.2186279297,45287,45297,10
13.0008897781,80.2181396484,45297,45307,10
13.0003404617,80.2177886963,45307,45318,11
12.9996204376,80.2174301147,45318,45328,10
12.998749733,80.2169494629,45328,45338,10
12.9977903366,80.2166137695,45338,45348,10
12.9973802567,80.216583252,45348,45358,10
12.9972000122,80.2165985107,45358,45368,10
12.996629715,80.2166213989,45368,45378,10
12.9959697723,80.2167205811,45378,45388,10
12.9955396652,80.2168579102,45388,45398,10
12.995300293,80.2169723511,45398,45408,10
12.9950304031,80.2171096802,45408,45418,10
12.9947795868,80.217300415,45418,45427,9
12.9943704605,80.217590332,45427,45439,12
12.9937896729,80.2180099487,45439,45449,10
12.9932699203,80.2183227539,45449,45459,10
12.9927797318,80.2186584473,45459,45469,10
12.9922199249,80.2191162109,45469,45479,10
12.9916696548,80.2195129395,45479,45489,10
12.9912099838,80.2195281982,45489,45499,10
12.9910497665,80.2194824219,45499,45509,10
12.9906702042,80.2193374634,45509,45519,10
12.9900102615,80.2191009521,45519,45529,10
12.9892501831,80.2188110352,45529,45539,10
12.9884395599,80.218536377,45539,45549,10
12.987279892,80.2183380127,45549,45570,21
12.987279892,80.2183380127,45570,45580,10
12.9869298935,80.2182617188,45580,45590,10
12.9863004684,80.2181091309,45590,45600,10
12.9854402542,80.2179412842,45600,45610,10
12.9844799042,80.217956543,45610,45620,10
12.9840097427,80.2179794312,45620,45630,10
12.9837703705,80.2179794312,45630,45640,10
12.9831495285,80.2179794312,45640,45650,10
12.9823598862,80.2179870605,45650,45660,10
12.9815397263,80.2180480957,45660,45670,10
12.9806203842,80.2183380127,45670,45681,11
12.9799604416,80.2185821533,45681,45691,10
12.9794101715,80.2188186646,45691,45701,10
12.9788103104,80.2190628052,45701,45711,10
12.9782400131,80.2192764282,45711,45721,10
12.9774503708,80.2195968628,45721,45731,10
12.9764499664,80.2200088501,45731,45741,10
12.9756698608,80.2203979492,45741,45790,49
12.9756698608,80.2203979492,45790,45802,12
12.9754695892,80.2205505371,45802,45812,10
12.9754800797,80.2207183838,45812,45822,10
12.975689888,80.2209777832,45822,45832,10
12.976099968,80.2211837769,45832,46003,171
12.976099968,80.2211837769,46003,46013,10
12.9763202667,80.2211837769,46013,46023,10
12.9767198563,80.2211914063,46023,46033,10
12.9773302078,80.2211837769,46033,46044,11
12.9777498245,80.2211685181,46044,46054,10
12.9781198502,80.2211227417,46054,46064,10
12.9788303375,80.2210922241,46064,46074,10
12.9795999527,80.2210617065,46074,46084,10
12.9802503586,80.2210006714,46084,46094,10
12.9810695648,80.2210617065,46094,46104,10
12.9817800522,80.2214736938,46104,46114,10
12.9821596146,80.2216873169,46114,46124,10
12.9823303223,80.2217483521,46124,46134,10
12.9824399948,80.2218017578,46134,46144,10
12.9827203751,80.2218780518,46144,46154,10
12.9829702377,80.2219772339,46154,46165,11
12.9830799103,80.222038269,46165,46175,10
12.9833498001,80.2222213745,46175,46185,10
12.9835996628,80.2223968506,46185,46195,10
12.9840698242,80.2226715088,46195,46205,10
12.98458004,80.2229690552,46205,46215,10
12.9850597382,80.2232131958,46215,46225,10
12.9855298996,80.2231369019,46225,46235,10
12.9861803055,80.2229232788,46235,46245,10
12.9865598679,80.2229385376,46245,46255,10
12.9866504669,80.2229385376,46255,46265,10
12.9868898392,80.2229919434,46265,46275,10
12.9871702194,80.2230300903,46275,46286,11
12.9876098633,80.2230377197,46286,46296,10
12.9881296158,80.2227935791,46296,46306,10
12.9886903763,80.2222824097,46306,46316,10
12.9890899658,80.2218322754,46316,46326,10
12.9894800186,80.2213287354,46326,46336,10
12.9899702072,80.2207107544,46336,46346,10
12.9903097153,80.2204284668,46346,46356,10
12.9904699326,80.2203216553,46356,46366,10
12.9906702042,80.2201690674,46366,46376,10
12.9910202026,80.2198867798,46376,46386,10
12.9912796021,80.2196731567,46386,46396,10
12.9917497635,80.2193374634,46396,46407,11
12.9923400879,80.2189178467,46407,46417,10
12.9929704666,80.2184371948,46417,46427,10
12.9936800003,80.2179031372,46427,46437,10
12.9942998886,80.2174301147,46437,46447,10
12.9948196411,80.2170562744,46447,46457,10
12.9953804016,80.2167282104,46457,46467,10
12.9961099625,80.2165527344,46467,46477,10
12.9967498779,80.216468811,46477,46487,10
12.9970703125,80.2164382935,46487,46497,10
12.9973096848,80.2162704468,46497,46507,10
12.9974002838,80.2161636353,46507,46518,11
12.9974899292,80.2161026001,46518,46528,10
12.9977903366,80.2158126831,46528,46538,10
12.9983100891,80.2153625488,46538,46548,10
12.9989500046,80.2148590088,46548,46558,10
12.9992303848,80.2145996094,46558,46568,10
12.9996404648,80.2142410278,46568,46578,10
13.0000400543,80.2138671875,46578,46588,10
13.0005397797,80.2134170532,46588,46598,10
13.0010995865,80.2129669189,46598,46608,10
13.0015001297,80.212677002,46608,46618,10
13.0020799637,80.2122879028,46618,46628,10
13.0027599335,80.2120819092,46628,46639,11
13.0034999847,80.212020874,46639,46649,10
13.0036401749,80.2119064331,46649,46659,10
13.0037002563,80.2117614746,46659,46669,10
13.0036897659,80.2112426758,46669,46679,10
13.0036201477,80.2105407715,46679,46689,10
13.0035200119,80.2098388672,46689,46699,10
13.0036001205,80.2090988159,46699,46709,10
13.0040998459,80.2086410522,46709,46719,10
13.0050697327,80.2090911865,46719,46729,10
13.0061197281,80.209487915,46729,46739,10
13.006939888,80.2097320557,46739,46749,10
13.0074100494,80.2098236084,46749,46780,31
13.0074100494,80.2098236084,46780,46790,10
13.0075397491,80.2098693848,46790,46800,10
13.0079402924,80.2099533081,46800,46810,10
13.0081300735,80.209777832,46810,46820,10
13.008020401,80.2092208862,46820,46830,10
13.0079202652,80.208442688,46830,46840,10
13.0077896118,80.2075881958,46840,46850,10
13.0076398849,80.2066879272,46850,46860,10
13.0075302124,80.2057418823,46860,46870,10
13.007519722,80.2048721313,46870,46881,11
13.0074901581,80.2040786743,46881,46891,10
13.0073604584,80.2033004761,46891,46901,10
13.0070295334,80.2025604248,46901,46911,10
13.0065202713,80.2029266357,46911,46921,10
13.006939888,80.2034225464,46921,46931,10
13.0076503754,80.203666687,46931,46941,10
13.0085296631,80.203666687,46941,46951,10
13.0097198486,80.2035980225,46951,46961,10
13.0110702515,80.2036437988,46961,46971,10
13.0124397278,80.2038574219,46971,46981,10
13.0135097504,80.2041320801,46981,46991,10
13.014289856,80.2044067383,46991,47002,11
13.0149002075,80.2046127319,47002,47012,10
13.0149898529,80.2046127319,47012,47022,10
13.015370369,80.2047424316,47022,47032,10
13.0160598755,80.2050018311,47032,47042,10
13.01679039,80.2052307129,47042,47052,10
13.0174798965,80.2054824829,47052,47062,10
13.0179595947,80.2056503296,47062,47072,10
13.018529892,80.2058410645,47072,47082,10
13.0187501907,80.205909729,47082,47092,10
13.0188798904,80.2059402466,47092,47102,10
13.0193500519,80.2061004639,47102,47113,11
13.0201797485,80.2062301636,47113,47123,10
13.0211000443,80.2062683105,47123,47133,10
13.0221595764,80.2063217163,47133,47143,10
13.0232496262,80.2065505981,47143,47153,10
13.024140358,80.2066726685,47153,47163,10
13.0243797302,80.2066879272,47163,47173,10
13.0246200562,80.2067337036,47173,47183,10
13.0252599716,80.2069015503,47183,47193,10
13.0260696411,80.2072677612,47193,47203,10
13.0269203186,80.2077789307,47203,47213,10
13.0278100967,80.2083282471,47213,47223,10
13.0288095474,80.2086410522,47223,47233,10
13.0296697617,80.2088470459,47233,47244,11
13.0298595428,80.2089004517,47244,47254,10
13.0299501419,80.2089080811,47254,47264,10
13.0303497314,80.2090301514,47264,47274,10
13.0310201645,80.2092208862,47274,47284,10
13.031539917,80.2093582153,47284,47294,10
13.0316200256,80.2093887329,47294,47304,10
13.0319795609,80.2094573975,47304,47314,10
13.0326795578,80.2095870972,47314,47324,10
13.0334796906,80.2097625732,47324,47334,10
13.0342798233,80.2099380493,47334,47344,10
13.0349597931,80.2101211548,47344,47355,11
13.0349597931,80.2105484009,47355,47365,10
13.0349702835,80.2110595703,47365,47375,10
13.0349702835,80.2113113403,47375,47385,10
13.0349702835,80.2113800049,47385,47395,10
13.034910202,80.2117004395,47395,47405,10
13.0349502563,80.2121200562,47405,47415,10
13.0354795456,80.2122268677,47415,47425,10
13.0361404419,80.212272644,47425,47435,10
13.0370502472,80.2122802734,47435,47455,20
13.0370502472,80.2122802734,47455,47464,9
13.0373401642,80.2122421265,47464,47476,12
13.0380001068,80.2122573853,47476,47486,10
13.0388298035,80.2122192383,47486,47496,10
13.0396995544,80.2122268677,47496,47506,10
13.0407896042,80.2122421265,47506,47516,10
13.0419301987,80.2122573853,47516,47526,10
13.0431003571,80.212272644,47526,47536,10
13.0441598892,80.2122497559,47536,47546,10
13.0451202393,80.2122573853,47546,47556,10
13.0459804535,80.2122421265,47556,47566,10
13.0467996597,80.2121887207,47566,47576,10
13.0475997925,80.2121200562,47576,47586,10
13.0482997894,80.2120437622,47586,47597,11
13.048330307,80.2120437622,47597,47607,10
13.0485696793,80.212020874,47607,47617,10
13.0490903854,80.2119674683,47617,47627,10
13.0493001938,80.2119674683,47627,47637,10
13.0498104095,80.2119064331,47637,47657,20
13.0498104095,80.2119064331,47657,47667,10
13.0501699448,80.2118988037,47667,47677,10
13.0506401062,80.2119369507,47677,47687,10
13.0513095856,80.2120285034,47687,47697,10
13.0521802902,80.2119369507,47697,47706,9
13.0528898239,80.2117767334,47706,47718,12
13.0539999008,80.2114562988,47718,47728,10
13.0544900894,80.2113418579,47728,47738,10
13.0550098419,80.2113723755,47738,47748,10
13.055850029,80.21144104,47748,47758,10
13.0568504333,80.2114715576,47758,47768,10
13.0577096939,80.2114486694,47768,47778,10
13.0578603745,80.2114334106,47778,47788,10
13.0581302643,80.2114028931,47788,47798,10
13.058719635,80.2114334106,47798,47808,10
13.059510231,80.2115020752,47808,47818,10
13.0604696274,80.2115631104,47818,47827,9
13.0613098145,80.2116012573,47827,47839,12
13.0622901917,80.2116470337,47839,47849,10
13.0631799698,80.2115631104,47849,47859,10
13.0633401871,80.2115402222,47859,47869,10
13.0636997223,80.211517334,47869,47909,40
13.0636997223,80.211517334,47909,47919,10
13.0640001297,80.211517334,47919,47929,10
13.0645303726,80.2113571167,47929,47939,10
13.0652303696,80.2109680176,47939,47949,10
13.0659999847,80.2103271484,47949,47960,11
13.0668802261,80.2095413208,47960,47970,10
13.0674295425,80.2087020874,47970,47980,10
13.0680198669,80.2077407837,47980,47990,10
13.0686903,80.2066802979,47990,48000,10
13.0693597794,80.2055969238,48000,48010,10
13.0696802139,80.2048797607,48010,48020,10
13.0693397522,80.2048568726,48020,48030,10
13.0691003799,80.2052612305,48030,48040,10
13.0687198639,80.2050018311,48040,48091,51
13.0687198639,80.2050018311,48091,48101,10
13.0687198639,80.2049407959,48101,48111,10
13.0688896179,80.2047195435,48111,48121,10
13.0692501068,80.2046890259,48121,48131,10
13.0695104599,80.2047424316,48131,48141,10
13.0697498322,80.204788208,48141,48151,10
13.0699596405,80.2046966553,48151,48161,10
13.0702400208,80.2043228149,48161,48171,10
13.0706996918,80.2037506104,48171,48181,10
13.071269989,80.203086853,48181,48191,10
13.0718603134,80.2024307251,48191,48212,21
13.0718603134,80.2024307251,48212,48222,10
13.072019577,80.2022094727,48222,48242,20
13.072019577,80.2022094727,48242,48252,10
13.0721797943,80.2019882202,48252,48262,10
13.0725498199,80.2015762329,48262,48272,10
13.0729799271,80.2010574341,48272,48282,10
13.073340416,80.2006530762,48282,48302,20
13.073340416,80.2006530762,48302,48313,11
13.0735702515,80.2004394531,48313,48323,10
13.0739297867,80.1999893188,48323,48333,10
13.0742702484,80.1996231079,48333,48353,20
13.0742702484,80.1996231079,48353,48363,10
13.0743999481,80.199508667,48363,48373,10
13.0747003555,80.199256897,48373,48383,10
13.0753297806,80.1990737915,48383,48393,10
13.0761404037,80.1990432739,48393,48403,10
13.077170372,80.1989517212,48403,48413,10
13.0783100128,80.1988296509,48413,48422,9
13.0792999268,80.1987304688,48422,48434,12
13.0805501938,80.1986083984,48434,48444,10
13.0816001892,80.1985626221,48444,48454,10
13.0824899673,80.1984786987,48454,48464,10
13.0832300186,80.1984786987,48464,48474,10
13.0838804245,80.1984405518,48474,48484,10
13.0840501785,80.1984481812,48484,48494,10
13.0841903687,80.1984634399,48494,48504,10
13.0845298767,80.1984863281,48504,48514,10
13.0847501755,80.1984710693,48514,48524,10
13.0851202011,80.1984329224,48524,48534,10
13.0851202011,80.1984329224,48534,48544,10
13.0853796005,80.1984176636,48544,48553,9
13.0856304169,80.1984176636,48553,48565,12
13.0860595703,80.198387146,48565,48575,10
13.0865097046,80.198387146,48575,48585,10
13.0867900848,80.198387146,48585,48595,10
13.0869598389,80.198348999,48595,48605,10
13.0870704651,80.1979675293,48605,48625,20
13.0870704651,80.1979675293,48625,48635,10
13.0871601105,80.1976165771,48635,48645,10
13.0871896744,80.1969833374,48645,48655,10
13.0872001648,80.1960983276,48655,48664,9
13.0872001648,80.1955413818,48664,48676,12
13.087220192,80.1949768066,48676,48686,10
13.0872402191,80.1942367554,48686,48696,10
13.087269783,80.1933288574,48696,48706,10
13.0873098373,80.1925811768,48706,48716,10
13.087389946,80.1919708252,48716,48726,10
13.0874795914,80.1911315918,48726,48736,10
13.0876197815,80.1901321411,48736,48746,10
13.0876998901,80.1892471313,48746,48756,10
13.0877103806,80.1889877319,48756,48766,10
13.0877399445,80.1886672974,48766,48786,20
13.0877399445,80.1886672974,48786,48797,11
13.0877599716,80.1883926392,48797,48807,10
13.087770462,80.1880874634,48807,48817,10
13.0878200531,80.1875305176,48817,48827,10
13.0878601074,80.1867370605,48827,48837,10
13.0879001617,80.1858825684,48837,48847,10
13.0879201889,80.1854705811,48847,48857,10
13.0879201889,80.1852722168,48857,48867,10
13.0879402161,80.1845626831,48867,48928,61
13.0879402161,80.1845626831,48928,48938,10
13.0879602432,80.1842803955,48938,48997,59
13.0879602432,80.1842803955,48997,49008,11
13.0879802704,80.183807373,49008,49018,10
13.0879898071,80.1835479736,49018,49028,10
13.0880002975,80.1830978394,49028,49079,51
13.0880002975,80.1830978394,49079,49089,10
13.0880203247,80.1827774048,49089,49170,81
13.0880203247,80.1827774048,49170,49180,10
13.0880203247,80.1823730469,49180,49190,10
13.0880403519,80.182182312,49190,49200,10
13.0880699158,80.1820373535,49200,49210,10
13.0880699158,80.1817092896,49210,49219,9
13.0880899429,80.1811294556,49219,49230,11
13.0880899429,80.18019104,49230,49240,10
13.0880804062,80.1796035767,49240,49291,51
13.0880804062,80.1796035767,49291,49301,10
13.0881204605,80.1794509888,49301,49311,10
13.0881099701,80.1790924072,49311,49321,10
13.0881004333,80.1788787842,49321,49331,10
13.0881004333,80.1787719727,49331,49341,10
13.0881004333,80.1782989502,49341,49351,10
13.0881204605,80.1776504517,49351,49361,10
13.0881204605,80.1772079468,49361,49371,10
13.0881500244,80.1769332886,49371,49381,10
13.0881996155,80.176322937,49381,49391,10
13.0882701874,80.175491333,49391,49402,11
13.0883197784,80.1747131348,49402,49412,10
13.0883798599,80.1742172241,49412,49422,10
13.0884399414,80.1734695435,49422,49432,10
13.0884895325,80.1725769043,49432,49442,10
13.0885000229,80.1718521118,49442,49452,10
13.08852005,80.171661377,49452,49462,10
13.088549614,80.1712799072,49462,49472,10
13.0885601044,80.1706924438,49472,49533,61
13.0885601044,80.1706924438,49533,49543,10
13.0885801315,80.170463562,49543,49553,10
13.0886096954,80.1701812744,49553,49563,10
13.0886201859,80.1700973511,49563,49573,10
13.0886297226,80.1699523926,49573,49583,10
13.0887498856,80.1695327759,49583,49593,10
13.0893697739,80.1695404053,49593,49603,10
13.090180397,80.169593811,49603,49613,10
13.0910797119,80.1696472168,49613,49623,10
13.0919599533,80.169708252,49623,49634,11
13.0928897858,80.1697692871,49634,49644,10
13.0937995911,80.1698226929,49644,49654,10
13.0945596695,80.1698608398,49654,49664,10
13.0946702957,80.1698684692,49664,49674,10
13.0948200226,80.169921875,49674,49684,10
13.0950698853,80.169921875,49684,49694,10
13.0955600739,80.169960022,49694,49704,10
13.096329689,80.1699905396,49704,49714,10
13.097240448,80.1700286865,49714,49724,10
13.0981798172,80.1700820923,49724,49734,10
13.0991001129,80.1701202393,49734,49743,9
13.0995798111,80.1700668335,49743,49785,42
13.0995798111,80.1700668335,49785,49795,10
13.0996799469,80.1698989868,49795,49805,10
13.099650383,80.1697387695,49805,49825,20
13.0994796753,80.169708252,49825,49845,20
13.0994796753,80.169708252,49845,49855,10
13.0992898941,80.1696395874,49855,49865,10
13.0991201401,80.1696090698,49865,49876,11
13.0988903046,80.1695709229,49876,49886,10
13.0985298157,80.1691589355,49886,51650,1764
13.0985298157,80.1691589355,51650,51660,10
13.0986795425,80.1693267822,51660,51670,10
13.0988197327,80.1694564819,51670,51680,10
13.0990695953,80.1695327759,51680,51691,11
13.0993795395,80.1696166992,51691,51721,30
13.0993795395,80.1696166992,51721,51731,10
13.0996704102,80.1698074341,51731,51741,10
13.0996398926,80.1700134277,51741,51751,10
13.09953022,80.1701278687,51751,51761,10
13.0993404388,80.1701889038,51761,51771,10
13.0993299484,80.1701965332,51771,51781,10
13.0992097855,80.1702194214,51781,51791,10
13.0988798141,80.1701812744,51791,51801,10
13.0982503891,80.1701431274,51801,51812,11
13.0976400375,80.1700973511,51812,51822,10
13.0970697403,80.1700592041,51822,51832,10
13.0963401794,80.1700210571,51832,51842,10
13.0956296921,80.1699829102,51842,51852,10
13.0950803757,80.1699676514,51852,51862,10
13.0949401855,80.169921875,51862,51872,10
13.0946702957,80.169883728,51872,51882,10
13.0943498611,80.1698913574,51882,51892,10
13.0937995911,80.1698608398,51892,51902,10
13.093000412,80.1698226929,51902,51912,10
13.0919799805,80.1697463989,51912,51922,10
13.090880394,80.1696777344,51922,51933,11
13.0897502899,80.1696090698,51933,51943,10
13.0892095566,80.1695632935,51943,51953,10
13.0892000198,80.1695632935,51953,51963,10
13.0889501572,80.1695404053,51963,51973,10
13.0886898041,80.1697387695,51973,51983,10
13.0886602402,80.1702804565,51983,51993,10
13.0886201859,80.1708068848,51993,52003,10
13.0885801315,80.1714401245,52003,52013,10
13.0885896683,80.1717605591,52013,52023,10
13.0885896683,80.1719894409,52023,52033,10
13.0885601044,80.1722564697,52033,52043,10
13.0885295868,80.1728973389,52043,52054,11
13.0884799957,80.1738815308,52054,52064,10
13.0884304047,80.1747970581,52064,52074,10
13.0883798599,80.1755218506,52074,52084,10
13.0883197784,80.1763763428,52084,52094,10
13.0882701874,80.1771774292,52094,52104,10
13.088259697,80.1779174805,52104,52114,10
13.0882701874,80.1785202026,52114,52124,10
13.0882701874,80.178527832,52124,52134,10
13.0882797241,80.1786270142,52134,52143,9
13.088259697,80.1790237427,52143,52154,11
13.0882396698,80.1798782349,52154,52163,9
13.0881996155,80.1807327271,52163,52175,12
13.0881500244,80.1819915771,52175,52185,10
13.0881004333,80.182762146,52185,52195,10
13.088060379,80.18359375,52195,52205,10
13.0880203247,80.1845703125,52205,52215,10
13.0879802704,80.1854476929,52215,52225,10
13.0879602432,80.1863174438,52225,52235,10
13.0879201889,80.1873092651,52235,52245,10
13.0879001617,80.1881027222,52245,52255,10
13.0878601074,80.1888809204,52255,52265,10
13.0878400803,80.1895904541,52265,52275,10
13.0878095627,80.189743042,52275,52285,10
13.0877399445,80.1899185181,52285,52296,11
13.0876703262,80.190536499,52296,52306,10
13.0875597,80.1913604736,52306,52316,10
13.0874700546,80.1922531128,52316,52326,10
13.087439537,80.1925735474,52326,52336,10
13.0874099731,80.1927490234,52336,52346,10
13.087389946,80.1932067871,52346,52356,10
13.0873498917,80.1939697266,52356,52366,10
13.0873298645,80.1948699951,52366,52376,10
13.0873098373,80.1957626343,52376,52386,10
13.0872898102,80.196762085,52386,52396,10
13.087269783,80.1976013184,52396,52406,10
13.0872402191,80.1977920532,52406,52417,11
13.0873003006,80.1982116699,52417,52427,10
13.0874500275,80.1984176636,52427,52437,10
13.0878696442,80.1984329224,52437,52447,10
13.08852005,80.1984329224,52447,52457,10
13.0891599655,80.1984634399,52457,52467,10
13.0897598267,80.1984634399,52467,52477,10
13.0905303955,80.1985168457,52477,52487,10
13.0912704468,80.1985702515,52487,52497,10
13.0919103622,80.1986312866,52497,52507,10
13.0926399231,80.198638916,52507,52517,10
13.0930099487,80.198890686,52517,52527,10
13.0929603577,80.1995391846,52527,52538,11
13.0929498672,80.2001724243,52538,52568,30
13.0929498672,80.2001724243,52568,52578,10
13.0929403305,80.2004394531,52578,52588,10
13.0928297043,80.2005996704,52588,52598,10
13.0925102234,80.2005996704,52598,52608,10
13.0919103622,80.2005996704,52608,52618,10
13.0912399292,80.2005767822,52618,52628,10
13.0906295776,80.2005462646,52628,52638,10
13.0898599625,80.2005691528,52638,52648,10
13.0891704559,80.2005310059,52648,52659,11
13.0882396698,80.2004776001,52659,52669,10
13.0872802734,80.2004623413,52669,52679,10
13.086400032,80.2004699707,52679,52689,10
13.0855798721,80.2004089355,52689,52699,10
13.085269928,80.2002563477,52699,52709,10
13.0852804184,80.199798584,52709,52719,10
13.0853004456,80.1990814209,52719,52729,10
13.0850400925,80.1986923218,52729,52739,10
13.0844402313,80.1986999512,52739,52749,10
13.0841398239,80.1986465454,52749,52759,10
13.0839796066,80.1986312866,52759,52769,10
13.0836400986,80.1986236572,52769,52780,11
13.0831203461,80.1986236572,52780,52790,10
13.0826396942,80.1986236572,52790,52800,10
13.0820503235,80.198638916,52800,52810,10
13.0813798904,80.1986312866,52810,52820,10
13.0805902481,80.1986465454,52820,52830,10
13.0797300339,80.1987380981,52830,52840,10
13.078789711,80.1988067627,52840,52850,10
13.0777997971,80.1989517212,52850,52860,10
13.076880455,80.1990814209,52860,52870,10
13.0759801865,80.1992034912,52870,52880,10
13.0750303268,80.199432373,52880,52891,11
13.0741195679,80.2000198364,52891,52901,10
13.0737199783,80.2004394531,52901,52911,10
13.0737104416,80.2004470825,52911,52921,10
13.0736103058,80.2005767822,52921,52931,10
13.0734596252,80.2007675171,52931,52941,10
13.0730600357,80.2012634277,52941,52951,10
13.0725698471,80.2018432617,52951,52961,10
13.072019577,80.2024002075,52961,52971,10
13.0713996887,80.2031097412,52971,52981,10
13.0707101822,80.2039413452,52981,52991,10
13.0700397491,80.2048034668,52991,53000,9
13.0698699951,80.2050323486,53000,53042,42
13.0698699951,80.2050323486,53042,53052,10
13.0697202682,80.2050094604,53052,53062,10
13.069439888,80.2048492432,53062,53072,10
13.0690803528,80.2051696777,53072,53082,10
13.0688199997,80.2053985596,53082,53092,10
13.0679302216,80.2052307129,53092,53203,111
13.0679302216,80.2052307129,53203,53213,10
13.0682697296,80.2049407959,53213,53223,10
13.0686502457,80.2048187256,53223,53233,10
13.0690202713,80.2046890259,53233,53243,10
13.0691299438,80.2046890259,53243,53254,11
13.069270134,80.2047195435,53254,53264,10
13.0693502426,80.2047424316,53264,53274,10
13.0697402954,80.2049026489,53274,53324,50
13.0697402954,80.2049026489,53324,53334,10
13.0698099136,80.2049713135,53334,53344,10
13.0697202682,80.2053833008,53344,53354,10
13.069319725,80.2059936523,53354,53364,10
13.0688199997,80.206741333,53364,53375,11
13.068189621,80.2077407837,53375,53385,10
13.0676898956,80.2084884644,53385,53395,10
13.0675497055,80.2087097168,53395,53405,10
13.0672798157,80.2091217041,53405,53415,10
13.0668401718,80.2097167969,53415,53425,10
13.0661802292,80.2102966309,53425,53435,10
13.0651597977,80.2111816406,53435,53455,20
13.0651597977,80.2111816406,53455,53465,10
13.0649003983,80.2113494873,53465,53475,10
13.0643100739,80.2115783691,53475,53485,10
13.0635299683,80.2117080688,53485,53496,11
13.0625801086,80.2117462158,53496,53506,10
13.0616703033,80.2117919922,53506,53516,10
13.0606203079,80.211730957,53516,53526,10
13.0594596863,80.2116928101,53526,53536,10
13.0583600998,80.2116622925,53536,53546,10
13.0576400757,80.2116394043,53546,53556,10
13.0576095581,80.2116394043,53556,53566,10
13.0574398041,80.2116622925,53566,53576,10
13.0569801331,80.2116775513,53576,53586,10
13.0562496185,80.2116622925,53586,53596,10
13.0554199219,80.2116317749,53596,53606,10
13.0547504425,80.2116317749,53606,53617,11
13.0546503067,80.2116165161,53617,53627,10
13.0542802811,80.2116699219,53627,53637,10
13.0536403656,80.211807251,53637,53647,10
13.05286026,80.2119903564,53647,53657,10
13.0520496368,80.2121963501,53657,53667,10
13.0512599945,80.2122268677,53667,53677,10
13.0504198074,80.2121963501,53677,53687,10
13.0499897003,80.2121963501,53687,53727,40
13.0499897003,80.2121963501,53727,53738,11
13.0494699478,80.2121810913,53738,53758,20
13.0494699478,80.2121810913,53758,53768,10
13.0492801666,80.2121429443,53768,53778,10
13.0488595963,80.2121582031,53778,53788,10
13.048330307,80.2121887207,53788,53798,10
13.0475502014,80.2122421265,53798,53808,10
13.0466098785,80.2122802734,53808,53818,10
13.0454998016,80.2123184204,53818,53828,10
13.0445203781,80.212387085,53828,53838,10
13.0436296463,80.212387085,53838,53848,10
13.0425596237,80.2124023438,53848,53859,11
13.0413503647,80.2124176025,53859,53869,10
13.0403299332,80.2124404907,53869,53879,10
13.0395402908,80.2124633789,53879,53889,10
13.0388298035,80.2124481201,53889,53899,10
13.0377197266,80.2124099731,53899,53969,70
13.0377197266,80.2124099731,53969,53980,11
13.0375699997,80.2123336792,53980,53990,10
13.037229538,80.2123565674,53990,54000,10
13.0369796753,80.212348938,54000,54010,10
13.0367603302,80.2123413086,54010,54020,10
13.0364303589,80.2123184204,54020,54030,10
13.0358400345,80.2123718262,54030,54040,10
13.0353803635,80.2123184204,54040,54050,10
13.0353097916,80.2123336792,54050,54060,10
13.035030365,80.2123031616,54060,54070,10
13.0347003937,80.2122192383,54070,54080,10
13.0344495773,80.2121810913,54080,54101,21
13.0344495773,80.2121810913,54101,54111,10
13.0343198776,80.2121963501,54111,54121,10
13.0340204239,80.2121429443,54121,54131,10
13.0335502625,80.2120285034,54131,54141,10
13.0328998566,80.2118911743,54141,54151,10
13.0322599411,80.2117767334,54151,54161,10
13.0320196152,80.2112579346,54161,54171,10
13.032119751,80.2104721069,54171,54181,10
13.0321598053,80.2097320557,54181,54191,10
13.0317802429,80.209602356,54191,54201,10
13.0312204361,80.2094268799,54201,54212,11
13.0304698944,80.209197998,54212,54222,10
13.0297498703,80.2090301514,54222,54242,20
13.0297498703,80.2090301514,54242,54252,10
13.0295000076,80.2089614868,54252,54262,10
13.0292301178,80.2088928223,54262,54272,10
13.028670311,80.2087631226,54272,54282,10
13.0280504227,80.2085723877,54282,54292,10
13.0274801254,80.2082672119,54292,54302,10
13.0267801285,80.2078399658,54302,54312,10
13.025970459,80.207359314,54312,54322,10
13.0249300003,80.2070236206,54322,54333,11
13.0241804123,80.2069091797,54333,54343,10
13.0239696503,80.2068481445,54343,54353,10
13.0234298706,80.2066726685,54353,54363,10
13.0227098465,80.2065429688,54363,54373,10
13.0218296051,80.2064437866,54373,54383,10
13.0209999084,80.2064285278,54383,54393,10
13.0200099945,80.2064437866,54393,54403,10
13.0191402435,80.2063522339,54403,54413,10
13.0190000534,80.2062988281,54413,54423,10
13.0187101364,80.2062225342,54423,54433,10
13.0181102753,80.2060165405,54433,54442,9
13.017539978,80.2058105469,54442,54454,12
13.0167798996,80.2055206299,54454,54464,10
13.0159502029,80.2052078247,54464,54474,10
13.0150003433,80.2049102783,54474,54484,10
13.014289856,80.2046508789,54484,54494,10
13.0142602921,80.2046279907,54494,54504,10
13.0139799118,80.2045288086,54504,54514,10
13.0136003494,80.2044296265,54514,54524,10
13.0135602951,80.2045211792,54524,54534,10
13.0134401321,80.2049484253,54534,54544,10
13.0132102966,80.205657959,54544,54554,10
13.0130395889,80.206489563,54554,54564,10
13.0129499435,80.2074813843,54564,54575,11
13.0128602982,80.2082366943,54575,54585,10
13.0128698349,80.2086181641,54585,54595,10
13.0129098892,80.2090835571,54595,54605,10
13.013299942,80.2097320557,54605,54615,10
13.0131702423,80.2105407715,54615,54625,10
13.0127801895,80.21144104,54625,54635,10
13.0122699738,80.212310791,54635,54645,10
13.0118999481,80.2127609253,54645,54655,10
13.0117101669,80.2127990723,54655,54665,10
13.0113897324,80.2125320435,54665,54675,10
13.0108995438,80.2121429443,54675,54684,9
13.0103397369,80.2117080688,54684,54696,12
13.00963974,80.2111587524,54696,54706,10
13.0093097687,80.2110977173,54706,54736,30
13.0093097687,80.2110977173,54736,54746,10
13.0091600418,80.2112731934,54746,54756,10
13.009059906,80.211517334,54756,54766,10
13.0091199875,80.2118988037,54766,54776,10
13.0093002319,80.2125015259,54776,54786,10
13.0095300674,80.2131576538,54786,54796,10
13.0097999573,80.2138366699,54796,54806,10
13.0100803375,80.2145233154,54806,54817,11
13.0101995468,80.2154693604,54817,54827,10
13.0105400085,80.2164001465,54827,54837,10
13.01101017,80.2173919678,54837,54847,10
13.0114097595,80.2184295654,54847,54857,10
13.0117998123,80.219619751,54857,54867,10
13.0121498108,80.2206878662,54867,54877,10
13.0122804642,80.2210998535,54877,54887,10
13.0123701096,80.2214508057,54887,54897,10
13.0126800537,80.2219619751,54897,54907,10
13.0130901337,80.2224884033,54907,54917,10
13.0136995316,80.223197937,54917,54927,10
13.0144300461,80.223991394,54927,54938,11
13.0150203705,80.2246704102,54938,54948,10
13.0150499344,80.2246932983,54948,54958,10
13.0151596069,80.2247161865,54958,54968,10
13.0153398514,80.2249908447,54968,54978,10
13.0154104233,80.2255630493,54978,54988,10
13.0148801804,80.2259597778,54988,54998,10
13.0143299103,80.2261810303,54998,55008,10
13.013589859,80.2264633179,55008,55018,10
13.0128202438,80.2267608643,55018,55028,10
13.0119695663,80.2270965576,55028,55038,10
13.0109796524,80.2274932861,55038,55048,10
13.0100002289,80.2278823853,55048,55059,11
13.009519577,80.2276382446,55059,55069,10
13.0096702576,80.2272720337,55069,55079,10
13.009929657,80.2266921997,55079,55089,10
13.0102596283,80.2259216309,55089,55099,10
13.0105695724,80.2251815796,55099,55109,10
13.0108203888,80.2245483398,55109,55119,10
13.0111703873,80.2237701416,55119,55129,10
13.011179924,80.2231292725,55129,55139,10
13.0105304718,80.2227935791,55139,55149,10
13.0097904205,80.2224121094,55149,55158,9
13.0091400146,80.222076416,55158,55170,12
13.0082197189,80.2215805054,55170,55180,10
13.0073699951,80.2211074829,55180,55190,10
13.0065402985,80.2206726074,55190,55200,10
13.0055704117,80.2204437256,55200,55210,10
13.0046195984,80.220199585,55210,55220,10
13.0039196014,80.2200622559,55220,55230,10
13.0031003952,80.2198562622,55230,55240,10
13.0022096634,80.2193069458,55240,55250,10
13.0016098022,80.2186508179,55250,55260,10
13.0009098053,80.2181625366,55260,55270,10
13.0001096725,80.2176513672,55270,55280,10
12.9991502762,80.2171096802,55280,55291,11
12.9979801178,80.2166290283,55291,55301,10
12.9973297119,80.2165603638,55301,55311,10
12.9972801208,80.2165527344,55311,55321,10
12.9969501495,80.2165603638,55321,55331,10
12.9962902069,80.2166213989,55331,55341,10
12.9956102371,80.2167663574,55341,55351,10
12.995470047,80.2168426514,55351,55361,10
12.9951496124,80.217010498,55361,55371,10
12.994720459,80.2173233032,55371,55381,10
12.9942398071,80.2176818848,55381,55391,10
12.9939498901,80.2179031372,55391,55401,10
12.9935398102,80.2181930542,55401,55412,11
12.9928798676,80.2186508179,55412,55422,10
12.9921798706,80.2191772461,55422,55432,10
12.9915103912,80.2196731567,55432,55442,10
12.9910297394,80.2195129395,55442,55452,10
12.9909496307,80.2194595337,55452,55462,10
12.990530014,80.2193069458,55462,55472,10
12.9898500443,80.2190704346,55472,55482,10
12.9890003204,80.2187576294,55482,55492,10
12.987950325,80.218460083,55492,55502,10
12.9869699478,80.2182922363,55502,55512,10
12.9868602753,80.2182693481,55512,55522,10
12.9866800308,80.2182235718,55522,55533,11
12.9860801697,80.2180480957,55533,55543,10
12.9851999283,80.2179336548,55543,55553,10
12.9839200974,80.217956543,55553,55573,20
12.9839200974,80.217956543,55573,55583,10
12.9837598801,80.217956543,55583,55593,10
12.9832897186,80.2179412842,55593,55603,10
12.9825496674,80.2179489136,55603,55613,10
12.9816598892,80.2179794312,55613,55623,10
12.9806203842,80.2182922363,55623,55633,10
12.9798202515,80.2185974121,55633,55643,10
12.9790697098,80.2189102173,55643,55654,11
12.9785203934,80.2191314697,55654,55664,10
12.9778795242,80.2193908691,55664,55674,10
12.977060318,80.2197418213,55674,55684,10
12.9761896133,80.220123291,55684,55694,10
12.9757699966,80.2203216553,55694,55704,10
12.975569725,80.2204666138,55704,55714,10
12.9755601883,80.2207565308,55714,55724,10
12.9758796692,80.2209777832,55724,56329,605
12.9761400223,80.2212600708,56329,56369,40
12.9761400223,80.2212600708,56369,56380,11
12.9762001038,80.221321106,56380,56390,10
12.9765100479,80.221321106,56390,56400,10
12.9770402908,80.2212982178,56400,56410,10
12.9777698517,80.2212524414,56410,56420,10
12.9785404205,80.2211914063,56420,56430,10
12.9793796539,80.2211074829,56430,56440,10
12.9798297882,80.2210769653,56440,56450,10
12.9804601669,80.2210235596,56450,56460,10
12.9812498093,80.2211227417,56460,56470,10
12.9818696976,80.2215270996,56470,56480,10
12.982460022,80.2218017578,56480,56491,11
12.9829597473,80.2219619751,56491,56501,10
12.9829998016,80.2219924927,56501,56511,10
12.9833498001,80.2222366333,56511,56521,10
12.9839401245,80.2225723267,56521,56531,10
12.9846897125,80.2230224609,56531,56541,10
12.9854297638,80.2232284546,56541,56551,10
12.9857997894,80.2229614258,56551,56561,10
12.9863796234,80.2229537964,56561,56571,10
12.9867095947,80.2229766846,56571,56591,20
12.9867095947,80.2229766846,56591,56601,10
12.9868602753,80.2229995728,56601,56612,11
12.9872198105,80.2230606079,56612,56622,10
12.9877195358,80.2230377197,56622,56632,10
12.9883699417,80.2226028442,56632,56642,10
12.9890098572,80.2219314575,56642,56652,10
12.989689827,80.2210769653,56652,56662,10
12.9905595779,80.2202682495,56662,56672,10
12.9912595749,80.2197418213,56672,56682,10
12.9918003082,80.2193527222,56682,56692,10
12.992480278,80.2188568115,56692,56702,10
12.9932603836,80.2182922363,56702,56712,10
12.9938497543,80.217880249,56712,56721,9
12.994310379,80.2175598145,56721,56732,11
12.9949598312,80.2171020508,56732,56743,11
12.9957199097,80.2167205811,56743,56753,10
12.9965801239,80.2165374756,56753,56763,10
12.9972400665,80.2163772583,56763,56773,10
12.9974803925,80.2161331177,56773,56783,10
12.9975404739,80.2160873413,56783,56793,10
12.9978599548,80.2158203125,56793,56803,10
12.9983997345,80.2153625488,56803,56813,10
12.9990196228,80.2148132324,56813,56823,10
12.9993095398,80.21459198,56823,56833,10
12.9997396469,80.2142181396,56833,56843,10
13.0001897812,80.2138214111,56843,56854,11
13.0008401871,80.2132492065,56854,56864,10
13.0015602112,80.2127075195,56864,56874,10
13.0023698807,80.2121810913,56874,56884,10
13.0032596588,80.2120666504,56884,56894,10
13.0037002563,80.2117233276,56894,56904,10
13.0036497116,80.2109375,56904,56914,10
13.003569603,80.2102890015,56914,56924,10
13.0035104752,80.2096328735,56924,56934,10
13.003660202,80.2088928223,56934,56944,10
13.0043096542,80.2087631226,56944,56953,9
13.0051403046,80.2091217041,56953,56965,12
13.0060596466,80.2095031738,56965,56975,10
13.0071401596,80.2097702026,56975,56995,20
13.0071401596,80.2097702026,56995,57005,10
13.0073404312,80.209777832,57005,57015,10
13.0077400208,80.2098693848,57015,57025,10
13.0080099106,80.2099380493,57025,57035,10
13.0081195831,80.2096862793,57035,57045,10
13.0079898834,80.2090530396,57045,57055,10
13.0078601837,80.2082214355,57055,57065,10
13.0077400208,80.2073898315,57065,57075,10
13.0076303482,80.2067184448,57075,57086,11
13.0075597763,80.2061767578,57086,57096,10
13.0075101852,80.2055435181,57096,57106,10
13.0075101852,80.2048187256,57106,57116,10
13.0074901581,80.2040863037,57116,57126,10
13.007349968,80.2032089233,57126,57136,10
13.0068397522,80.2025604248,57136,57146,10
13.0065698624,80.2031936646,57146,57156,10
13.006939888,80.203453064,57156,57166,10
13.0074996948,80.2036514282,57166,57176,10
13.0082902908,80.2037124634,57176,57186,10
13.0094003677,80.20362854,57186,57196,10
13.0108098984,80.20362854,57196,57207,11
13.0123195648,80.2038497925,57207,57217,10
13.0134296417,80.2041320801,57217,57227,10
13.0143499374,80.2044525146,57227,57237,10
13.0149698257,80.2046432495,57237,57247,10
13.0151395798,80.2046508789,57247,57257,10
13.0156202316,80.2048568726,57257,57267,10
13.0161104202,80.2050933838,57267,57277,10
13.0167198181,80.2053070068,57277,57287,10
13.017250061,80.2054519653,57287,57297,10
13.017950058,80.2057189941,57297,57307,10
13.0187196732,80.2059707642,57307,57317,10
13.018910408,80.2060165405,57317,57328,11
13.0194396973,80.2061920166,57328,57338,10
13.0202198029,80.2062835693,57338,57348,10
13.0210895538,80.2062988281,57348,57358,10
13.0219297409,80.2063293457,57358,57368,10
13.0228595734,80.2064666748,57368,57378,10
13.0237703323,80.2066116333,57378,57388,10
13.0244998932,80.2068023682,57388,57398,10
13.0253896713,80.2070007324,57398,57408,10
13.026309967,80.2074508667,57408,57418,10
13.027179718,80.2079620361,57418,57428,10
13.0280799866,80.2084503174,57428,57437,9
13.0294399261,80.2087631226,57437,57459,22
13.0294399261,80.2087631226,57459,57469,10
13.0297899246,80.2088394165,57469,57479,10
13.0303096771,80.2089996338,57479,57489,10
13.0310602188,80.2092514038,57489,57499,10
13.0319595337,80.2095031738,57499,57509,10
13.0330696106,80.2096786499,57509,57519,10
13.0341396332,80.2098388672,57519,57529,10
13.0349702835,80.2100601196,57529,57539,10
13.0350103378,80.2105178833,57539,57549,10
13.0349798203,80.2113265991,57549,57570,21
13.0349798203,80.2113265991,57570,57580,10
13.0349302292,80.2117004395,57580,57590,10
13.034910202,80.2120895386,57590,57600,10
13.0352296829,80.2121963501,57600,57610,10
13.0358600616,80.2122497559,57610,57620,10
13.036190033,80.2122802734,57620,57630,10
13.0364303589,80.2122879028,57630,57640,10
13.0366096497,80.2123031616,57640,57650,10
13.0367097855,80.2123031616,57650,57660,10
13.0368204117,80.2122802734,57660,57670,10
13.0371999741,80.2122879028,57670,57680,10
13.0377597809,80.2123184204,57680,57691,11
13.0386600494,80.2123184204,57691,57701,10
13.0396003723,80.2123184204,57701,57711,10
13.0407495499,80.2123031616,57711,57721,10
13.0419998169,80.2123031616,57721,57731,10
13.0432796478,80.2123184204,57731,57741,10
13.0443000793,80.212272644,57741,57751,10
13.0450801849,80.2122268677,57751,57761,10
13.0459699631,80.2122116089,57761,57771,10
13.0467796326,80.2121582031,57771,57781,10
13.0475997925,80.2120819092,57781,57791,10
13.0483102798,80.212020874,57791,57802,11
13.0483598709,80.2120132446,57802,57812,10
13.0485401154,80.2119903564,57812,57822,10
13.0486602783,80.2119903564,57822,57832,10
13.0490398407,80.2119598389,57832,57842,10
13.0494804382,80.2118988037,57842,57852,10
13.0496997833,80.2118988037,57852,57862,10
13.0499696732,80.2119293213,57862,57872,10
13.050359726,80.2119674683,57872,57882,10
13.0507202148,80.2120132446,57882,57892,10
13.0512199402,80.2119522095,57892,57902,10
13.0518398285,80.2119293213,57902,57911,9
13.0524597168,80.2118530273,57911,57923,12
13.0534200668,80.2116394043,57923,57933,10
13.0544204712,80.2114715576,57933,57963,30
13.0544204712,80.2114715576,57963,57973,10
13.0547599792,80.2114486694,57973,57983,10
13.0553598404,80.2114334106,57983,57993,10
13.0562095642,80.21144104,57993,58003,10
13.057220459,80.2114334106,58003,58013,10
13.0576295853,80.2114181519,58013,58023,10
13.0577001572,80.2114181519,58023,58032,9
13.0580997467,80.2114486694,58032,58044,12
13.0590200424,80.2114562988,58044,58054,10
13.0599403381,80.2115020752,58054,58064,10
13.0609998703,80.2115402222,58064,58074,10
13.0619802475,80.2115631104,58074,58084,10
13.0627803802,80.211517334,58084,58094,10
13.0630998611,80.2114868164,58094,58104,10
13.0632200241,80.2115097046,58104,58114,10
13.0637197495,80.2114715576,58114,58124,10
13.0644197464,80.2113265991,58124,58134,10
13.065199852,80.2109375,58134,58144,10
13.065990448,80.2102432251,58144,58154,10
13.0668201447,80.2094497681,58154,58165,11
13.0673704147,80.2086029053,58165,58175,10
13.0678100586,80.2078781128,58175,58185,10
13.0683803558,80.2070770264,58185,58195,10
13.0689897537,80.2061767578,58195,58205,10
13.0693998337,80.2055206299,58205,58215,10
13.069560051,80.2051925659,58215,58225,10
13.0695800781,80.2048492432,58225,58235,10
13.069149971,80.2052230835,58235,58286,51
13.069149971,80.2052230835,58286,58296,10
13.0690898895,80.2053527832,58296,58306,10
13.0688896179,80.2053985596,58306,58316,10
13.0686998367,80.2050018311,58316,58366,50
13.0686998367,80.2050018311,58366,58376,10
13.0687704086,80.2048187256,58376,58385,9
13.0691699982,80.204750061,58385,58396,11
13.0696401596,80.204826355,58396,58407,11
13.0700397491,80.2046890259,58407,58417,10
13.0704803467,80.2041015625,58417,58427,10
13.0710697174,80.20337677,58427,58437,10
13.0719499588,80.2024002075,58437,58467,30
13.0719499588,80.2024002075,58467,58477,10
13.0720996857,80.2022399902,58477,58487,10
13.0722103119,80.2021179199,58487,58497,10
13.0723199844,80.202003479,58497,58507,10
13.072640419,80.2016067505,58507,58517,10
13.07310009,80.2010726929,58517,58528,11
13.0736503601,80.2004165649,58528,58538,10
13.0741300583,80.1998596191,58538,58548,10
13.0742702484,80.1996994019,58548,58558,10
13.0744400024,80.1995391846,58558,58568,10
13.074640274,80.1993331909,58568,58578,10
13.0751199722,80.1991271973,58578,58588,10
13.0758304596,80.1990814209,58588,58598,10
13.0767097473,80.1990509033,58598,58608,10
13.0776700974,80.1989364624,58608,58618,10
13.0786600113,80.1987991333,58618,58628,10
13.0796098709,80.1986923218,58628,58639,11
13.0805397034,80.1986083984,58639,58649,10
13.0813302994,80.1985626221,58649,58659,10
13.0820903778,80.1985092163,58659,58669,10
13.0825595856,80.1984710693,58669,58679,10
13.0829801559,80.1984786987,58679,58689,10
13.0833997726,80.1984481812,58689,58699,10
13.0837097168,80.1984405518,58699,58709,10
13.0839996338,80.1984481812,58709,58719,10
13.084400177,80.1984481812,58719,58729,10
13.0846204758,80.1984634399,58729,58739,10
13.0847997665,80.1984634399,58739,58749,10
13.084980011,80.1984405518,58749,58760,11
13.0851297379,80.1984405518,58760,58770,10
13.0853204727,80.1984786987,58770,58780,10
13.0854997635,80.1984634399,58780,58790,10
13.0857095718,80.1984710693,58790,58800,10
13.086139679,80.1984634399,58800,58810,10
13.0866603851,80.1984481812,58810,58820,10
13.0869102478,80.1984405518,58820,58830,10
13.0870504379,80.1982116699,58830,58840,10
13.0870895386,80.1979980469,58840,58850,10
13.0871200562,80.197883606,58850,58860,10
13.0871601105,80.1973571777,58860,58870,10
13.0871896744,80.1965713501,58870,58881,11
13.087220192,80.195602417,58881,58891,10
13.0872497559,80.1947937012,58891,58901,10
13.0872602463,80.1939163208,58901,58911,10
13.0872602463,80.1930236816,58911,58921,10
13.0873203278,80.1924667358,58921,58931,10
13.087389946,80.1918716431,58931,58941,10
13.0874700546,80.1912689209,58941,58951,10
13.0875597,80.1904830933,58951,58961,10
13.0876703262,80.1896133423,58961,58971,10
13.0876903534,80.1890869141,58971,58981,10
13.0876998901,80.1890563965,58981,58991,10
13.0877103806,80.1888885498,58991,59002,11
13.0877399445,80.1884307861,59002,59012,10
13.0877799988,80.1879196167,59012,59022,10
13.0878200531,80.1872406006,59022,59032,10
13.0878601074,80.1864395142,59032,59042,10
13.0878896713,80.1856613159,59042,59052,10
13.0879201889,80.1850585938,59052,59062,10
13.0879602432,80.1843490601,59062,59072,10
13.0879802704,80.1836166382,59072,59082,10
13.0880002975,80.182762146,59082,59092,10
13.0880403519,80.1820831299,59092,59102,10
13.0880804062,80.1813278198,59102,59112,10
13.0880899429,80.1800613403,59112,59153,41
13.0880899429,80.1800613403,59153,59163,10
13.0881099701,80.1799087524,59163,59173,10
13.0881204605,80.1796264648,59173,59183,10
13.088139534,80.1791763306,59183,59193,10
13.0881099701,80.1786117554,59193,59203,10
13.0881099701,80.1783981323,59203,59213,10
13.0881204605,80.1780395508,59213,59222,9
13.0881500244,80.1774902344,59222,59233,11
13.0881795883,80.1768493652,59233,59244,11
13.0882396698,80.1759719849,59244,59254,10
13.0883102417,80.1751174927,59254,59264,10
13.0883598328,80.1744689941,59264,59274,10
13.0883598328,80.1744308472,59274,59284,10
13.0883903503,80.1742782593,59284,59294,10
13.0884103775,80.1741027832,59294,59304,10
13.0884504318,80.1737594604,59304,59314,10
13.0884895325,80.1731033325,59314,59324,10
13.08852005,80.1723175049,59324,59334,10
13.08852005,80.1718978882,59334,59343,9
13.08852005,80.1718902588,59343,59355,12
13.0885295868,80.1717376709,59355,59365,10
13.0885295868,80.1716918945,59365,59375,10
13.0885601044,80.1714172363,59375,59385,10
13.0885896683,80.1708221436,59385,59395,10
13.088640213,80.1698532104,59395,59465,70
13.088640213,80.1698532104,59465,59476,11
13.0886697769,80.1696090698,59476,59486,10
13.0889797211,80.1695098877,59486,59496,10
13.0896196365,80.1695785522,59496,59506,10
13.0904502869,80.1696395874,59506,59515,9
13.091340065,80.1697006226,59515,59526,11
13.0925302505,80.1697692871,59526,59536,10
13.0935697556,80.1698532104,59536,59546,10
13.0945901871,80.1699066162,59546,59576,30
13.0945901871,80.1699066162,59576,59586,10
13.0948696136,80.1699066162,59586,59597,11
13.0951004028,80.1699066162,59597,59607,10
13.0955896378,80.1699371338,59607,59617,10
13.0963401794,80.1699905396,59617,59627,10
13.097240448,80.1700363159,59627,59637,10
13.0980195999,80.1700820923,59637,59647,10
13.098859787,80.1701431274,59647,59657,10
13.0995197296,80.1701278687,59657,59687,30
13.0995197296,80.1701278687,59687,59697,10
13.099650383,80.1700134277,59697,59707,10
13.099650383,80.1698379517,59707,59718,11
13.0995597839,80.169708252,59718,59728,10
13.0994195938,80.1696624756,59728,59738,10
13.0992202759,80.1696166992,59738,59748,10
13.0990400314,80.1696624756,59748,59758,10
13.0989198685,80.1695098877,59758,59768,10
13.0992002487,80.1695632935,59768,59778,10
13.0992298126,80.169593811,59778,59788,10
13.0992898941,80.169631958,59788,59798,10
13.0995903015,80.1697616577,59798,59828,30
13.0995903015,80.1697616577,59828,59839,11
13.099650383,80.1700210571,59839,59869,30
13.099650383,80.1700210571,59869,59879,10
13.0995397568,80.1701965332,59879,59889,10
13.0992298126,80.170249939,59889,59909,20
13.0992298126,80.170249939,59909,59919,10
13.0991401672,80.1702270508,59919,59929,10
13.0987997055,80.1701965332,59929,59939,10
13.0983200073,80.1701583862,59939,59949,10
13.0977201462,80.1701202393,59949,59960,11
13.0967998505,80.1700668335,59960,59970,10
13.0958900452,80.1700134277,59970,59980,10
13.0952196121,80.1699676514,59980,59990,10
13.0947799683,80.1699371338,59990,60000,10
13.0945301056,80.169921875,60000,60010,10
13.0941801071,80.1698989868,60010,60020,10
13.0935497284,80.1698532104,60020,60030,10
13.0929498672,80.1698074341,60030,60040,10
13.0923995972,80.1697921753,60040,60050,10
13.0915899277,80.1697387695,60050,60060,10
13.0906400681,80.1696777344,60060,60070,10
13.0896501541,80.169631958,60070,60081,11
13.089099884,80.1696090698,60081,60091,10
13.0888700485,80.169593811,60091,60101,10
13.0886802673,80.1699371338,60101,60111,10
13.0886497498,80.170463562,60111,60121,10
13.0886096954,80.1710662842,60121,60131,10
13.0885801315,80.1718215942,60131,60141,10
13.0885601044,80.1725692749,60141,60151,10
13.0885095596,80.1734771729,60151,60161,10
13.0884399414,80.1742172241,60161,60171,10
13.0884599686,80.1746063232,60171,60181,10
13.0884599686,80.1746673584,60181,60191,10
13.0884399414,80.1749725342,60191,60202,11
13.0883903503,80.1756286621,60202,60212,10
13.0883398056,80.1764526367,60212,60222,10
13.0882997513,80.1770935059,60222,60232,10
13.0882902145,80.177406311,60232,60242,10
13.088259697,80.1786422729,60242,60262,20
13.088259697,80.1786422729,60262,60272,10
13.0882797241,80.1788482666,60272,60282,10
13.0882997513,80.1791763306,60282,60292,10
13.0882797241,80.1794815063,60292,60302,10
13.0882501602,80.1800537109,60302,60313,11
13.0882101059,80.1809921265,60313,60323,10
13.0881595612,80.1819763184,60323,60333,10
13.0881204605,80.1828308105,60333,60343,10
13.0880699158,80.1838531494,60343,60353,10
13.0880298615,80.1848373413,60353,60363,10
13.0880002975,80.1856689453,60363,60373,10
13.0879497528,80.1864776611,60373,60383,10
13.0879297256,80.1871414185,60383,60393,10
13.0879096985,80.1873931885,60393,60403,10
13.0879096985,80.1876602173,60403,60413,10
13.0879096985,80.1880493164,60413,60422,9
13.0878896713,80.1885681152,60422,60434,12
13.0878295898,80.1896896362,60434,60454,20
13.0878295898,80.1896896362,60454,60464,10
13.0877799988,80.1899414063,60464,60474,10
13.087679863,80.190536499,60474,60484,10
13.0875701904,80.19140625,60484,60494,10
13.0874795914,80.1921463013,60494,60504,10
13.0874700546,80.1923370361,60504,60514,10
13.0874300003,80.1925964355,60514,60524,10
13.0873804092,80.193031311,60524,60534,10
13.0873699188,80.1936798096,60534,60544,10
13.0873403549,80.1944885254,60544,60555,11
13.0873203278,80.1953277588,60555,60565,10
13.0873098373,80.1961212158,60565,60575,10
13.0872898102,80.1970901489,60575,60585,10
13.087269783,80.1977767944,60585,60595,10
13.087269783,80.1978607178,60595,60605,10
13.087269783,80.1981506348,60605,60615,10
13.0873098373,80.1983566284,60615,60625,10
13.0875301361,80.1985626221,60625,60635,10
13.0880002975,80.1985168457,60635,60645,10
13.0886497498,80.1984710693,60645,60655,10
13.0893602371,80.1985015869,60655,60665,10
13.0901203156,80.1985168457,60665,60676,11
13.0910100937,80.1986236572,60676,60686,10
13.091750145,80.198677063,60686,60696,10
13.0925598145,80.1986999512,60696,60706,10
13.0930299759,80.198890686,60706,60716,10
13.0929803848,80.19947052,60716,60726,10
13.0929203033,80.2003479004,60726,60756,30
13.0929203033,80.2003479004,60756,60766,10
13.0929203033,80.2005386353,60766,60776,10
13.0927801132,80.2006912231,60776,60785,9
13.0924100876,80.2006530762,60785,60797,12
13.0915899277,80.2006072998,60797,60807,10
13.0906600952,80.2005691528,60807,60817,10
13.0896997452,80.2005233765,60817,60827,10
13.0887403488,80.2004776001,60827,60837,10
13.0879297256,80.2004623413,60837,60847,10
13.0876302719,80.2004394531,60847,60857,10
13.0872898102,80.2004394531,60857,60867,10
13.0868396759,80.2004165649,60867,60877,10
13.0861797333,80.2004013062,60877,60887,10
13.0857601166,80.200378418,60887,60897,10
13.085650444,80.200378418,60897,60908,11
13.085439682,80.2003631592,60908,60918,10
13.085269928,80.2002334595,60918,60928,10
13.0852499008,80.1999816895,60928,60938,10
13.085269928,80.1994628906,60938,60948,10
13.0852298737,80.1987762451,60948,60958,10
13.0847702026,80.1987075806,60958,60968,10
13.0842103958,80.1987075806,60968,60978,10
13.0841703415,80.1986999512,60978,60988,10
13.0838603973,80.198677063,60988,60998,10
13.0829401016,80.1986618042,60998,61079,81
13.0829401016,80.1986618042,61079,61089,10
13.0828800201,80.1986618042,61089,61099,10
13.0824804306,80.1986465454,61099,61109,10
13.0817899704,80.1986465454,61109,61119,10
13.0809898376,80.198638916,61119,61129,10
13.0801296234,80.1987228394,61129,61139,10
13.0791397095,80.1988220215,61139,61150,11
13.0779600143,80.1989822388,61150,61160,10
13.0768995285,80.1991119385,61160,61170,10
13.0758800507,80.1992492676,61170,61180,10
13.0747995377,80.199546814,61180,61190,10
13.0740203857,80.2001495361,61190,61200,10
13.0739297867,80.2002563477,61200,61210,10
13.0737495422,80.2004470825,61210,61220,10
13.0735797882,80.2006607056,61220,61230,10
13.0732803345,80.2010192871,61230,61240,10
13.0727596283,80.2016372681,61240,61250,10
13.0724401474,80.2020568848,61250,61260,10
13.0723695755,80.2021331787,61260,61271,11
13.0721998215,80.202293396,61271,61281,10
13.0718002319,80.2026977539,61281,61291,10
13.0712404251,80.2033081055,61291,61301,10
13.0705900192,80.2040710449,61301,61311,10
13.0700101852,80.2048492432,61311,61321,10
13.0697603226,80.2050704956,61321,61331,10
13.0695104599,80.2048797607,61331,61341,10
13.0691900253,80.2050094604,61341,61351,10
13.0688400269,80.205406189,61351,61361,10
13.0679502487,80.2053909302,61361,61392,31
13.0679397583,80.2052307129,61392,61432,40
13.0679397583,80.2052307129,61432,61442,10
13.0679502487,80.2051391602,61442,61452,10
13.0680599213,80.2050323486,61452,61462,10
13.0684499741,80.2049407959,61462,61472,10
13.068810463,80.204788208,61472,61482,10
13.0690402985,80.2047424316,61482,61492,10
13.0692596436,80.2047576904,61492,61503,11
13.0694599152,80.204788208,61503,61513,10
13.0696802139,80.2048492432,61513,61523,10
13.0698299408,80.2050094604,61523,61532,9
13.069849968,80.2052230835,61532,61543,11
13.0695199966,80.2057189941,61543,61553,10
13.0690803528,80.2063980103,61553,61563,10
13.068570137,80.2072067261,61563,61573,10
13.0680303574,80.2080612183,61573,61583,10
13.0676803589,80.2086181641,61583,61593,10
13.0673503876,80.2091522217,61593,61603,10
13.0669603348,80.2097473145,61603,61613,10
13.0663204193,80.210357666,61613,61624,11
13.065489769,80.2110671997,61624,61634,10
13.0651798248,80.2113113403,61634,61644,10
13.0651597977,80.2113265991,61644,61654,10
13.0648202896,80.2115097046,61654,61664,10
13.0642700195,80.2117233276,61664,61674,10
13.0637998581,80.2117996216,61674,61684,10
13.0633602142,80.2118225098,61684,61694,10
13.062669754,80.2118682861,61694,61704,10
13.0619602203,80.2118377686,61704,61714,10
13.06112957,80.2117385864,61714,61724,10
13.060210228,80.2117614746,61724,61734,10
13.0592498779,80.211730957,61734,61745,11
13.058380127,80.2116928101,61745,61755,10
13.0578098297,80.2116699219,61755,61765,10
13.0576200485,80.2116775513,61765,61775,10
13.0573797226,80.2116775513,61775,61785,10
13.0568704605,80.2116775513,61785,61795,10
13.0561199188,80.2116470337,61795,61805,10
13.0552196503,80.2116394043,61805,61815,10
13.0541801453,80.2117080688,61815,61825,10
13.0531702042,80.2119598389,61825,61835,10
13.0522499084,80.2121963501,61835,61845,10
13.0513696671,80.212310791,61845,61886,41
13.0513696671,80.212310791,61886,61896,10
13.0510501862,80.2122573853,61896,61906,10
13.0507297516,80.2122116089,61906,61916,10
13.0501098633,80.2121963501,61916,61926,10
13.0498104095,80.2122268677,61926,61936,10
13.049659729,80.2122192383,61936,61946,10
13.0495500565,80.2122116089,61946,61956,10
13.0494403839,80.2121887207,61956,61966,10
13.0491104126,80.2121887207,61966,61975,9
13.0488395691,80.2122192383,61975,61987,12
13.0483398438,80.2122573853,61987,61997,10
13.0476799011,80.2123413086,61997,62007,10
13.0468397141,80.212387085,62007,62017,10
13.045539856,80.2124710083,62017,62037,20
13.045539856,80.2124710083,62037,62047,10
13.0454397202,80.2124862671,62047,62057,10
13.0452404022,80.2125091553,62057,62067,10
13.0450201035,80.2125015259,62067,62077,10
13.0448102951,80.2125091553,62077,62087,10
13.0444698334,80.2124786377,62087,62168,81
13.0444698334,80.2124786377,62168,62178,10
13.0441398621,80.2124710083,62178,62188,10
13.0435400009,80.2124786377,62188,62198,10
13.0427598953,80.2124786377,62198,62208,10
13.0420303345,80.2124786377,62208,62219,11
13.0411996841,80.2124710083,62219,62229,10
13.0402402878,80.2124786377,62229,62239,10
13.0391998291,80.2124710083,62239,62249,10
13.038069725,80.2124481201,62249,62259,10
13.0370101929,80.2123794556,62259,62269,10
13.0361003876,80.2123413086,62269,62279,10
13.0353803635,80.2123336792,62279,62289,10
13.034910202,80.212272644,62289,62319,30
13.034910202,80.212272644,62319,62329,10
13.0346097946,80.2121734619,62329,62340,11
13.0342597961,80.2121276855,62340,62350,10
13.0339899063,80.212097168,62350,62360,10
13.0337896347,80.2120666504,62360,62370,10
13.0337600708,80.212059021,62370,62380,10
13.0336999893,80.2120437622,62380,62390,10
13.0334196091,80.2119598389,62390,62400,10
13.0329399109,80.2118682861,62400,62410,10
13.0324201584,80.2117919922,62410,62420,10
13.0319595337,80.2114181519,62420,62430,10
13.0320301056,80.2107162476,62430,62440,10
13.0320796967,80.2099914551,62440,62450,10
13.0319299698,80.2096633911,62450,62461,11
13.0313796997,80.2095184326,62461,62471,10
13.0306997299,80.2093276978,62471,62481,10
13.0304603577,80.2092590332,62481,62491,10
13.0301904678,80.2091598511,62491,62501,10
13.029709816,80.2090072632,62501,62511,10
13.0295600891,80.2089691162,62511,62521,10
13.0292901993,80.2088775635,62521,62531,10
13.0286798477,80.208732605,62531,62541,10
13.0278501511,80.2084579468,62541,62551,10
13.0270795822,80.2080383301,62551,62561,10
13.0262403488,80.2075271606,62561,62571,10
13.02546978,80.2071228027,62571,62582,11
13.0245599747,80.2069702148,62582,62592,10
13.0243797302,80.2069320679,62592,62602,10
13.0242099762,80.2068862915,62602,62612,10
13.0238704681,80.2068328857,62612,62622,10
13.0232896805,80.2067108154,62622,62632,10
13.0224704742,80.2065582275,62632,62642,10
13.0217103958,80.2065124512,62642,62652,10
13.0209999084,80.20652771,62652,62662,10
13.0201196671,80.2065429688,62662,62672,10
13.0192098618,80.2064590454,62672,62682,10
13.0190095901,80.2063827515,62682,62692,10
13.0189599991,80.2063293457,62692,62703,11
13.0185203552,80.2061462402,62703,62713,10
13.017829895,80.2059020996,62713,62723,10
13.0172996521,80.2056808472,62723,62733,10
13.0168895721,80.205581665,62733,62743,10
13.015999794,80.2052230835,62743,62753,10
13.015080452,80.2049026489,62753,62763,10
13.0143699646,80.2046737671,62763,62773,10
13.0142402649,80.2046127319,62773,62783,10
13.0138702393,80.2044677734,62783,62793,10
13.0136203766,80.2044219971,62793,62803,10
13.0134897232,80.2048797607,62803,62824,21
13.0134897232,80.2048797607,62824,62834,10
13.013420105,80.2051773071,62834,62844,10
13.0132198334,80.2057876587,62844,62854,10
13.0130500793,80.2066192627,62854,62864,10
13.0129699707,80.207572937,62864,62874,10
13.0129003525,80.2079315186,62874,62884,10
13.0128803253,80.208442688,62884,62894,10
13.0129003525,80.2087631226,62894,62904,10
13.0129899979,80.2092437744,62904,62914,10
13.0131998062,80.2097625732,62914,62924,10
13.0131502151,80.2103271484,62924,62935,11
13.0129899979,80.2110824585,62935,62944,9
13.0126495361,80.2116775513,62944,62955,11
13.0125398636,80.2118835449,62955,62965,10
13.012339592,80.2122116089,62965,62975,10
13.0120201111,80.212677002,62975,62985,10
13.011879921,80.2128677368,62985,62995,10
13.0116901398,80.2128295898,62995,63005,10
13.0113401413,80.212562561,63005,63015,10
13.0107698441,80.2121200562,63015,63025,10
13.0101900101,80.2116622925,63025,63035,10
13.0100402832,80.2115402222,63035,63044,9
13.0099201202,80.2114334106,63044,63076,32
13.0099201202,80.2114334106,63076,63086,10
13.0096101761,80.2111816406,63086,63096,10
13.0094203949,80.2110824585,63096,63116,20
13.0094203949,80.2110824585,63116,63126,10
13.0092496872,80.2112731934,63126,63136,10
13.0090904236,80.2114868164,63136,63146,10
13.0090799332,80.2117767334,63146,63156,10
13.0091600418,80.2120666504,63156,63166,10
13.0092601776,80.2123794556,63166,63177,11
13.0094499588,80.212928772,63177,63187,10
13.0096502304,80.2134475708,63187,63197,10
13.0098695755,80.2139816284,63197,63207,10
13.0101203918,80.2146072388,63207,63217,10
13.0102300644,80.2153625488,63217,63227,10
13.0104703903,80.216178894,63227,63237,10
13.0108995438,80.2171325684,63237,63247,10
13.0113201141,80.2181625366,63247,63257,10
13.0116996765,80.2192687988,63257,63267,10
13.0120601654,80.2204208374,63267,63276,9
13.0123100281,80.2211990356,63276,63288,12
13.0127401352,80.2220001221,63288,63298,10
13.0133199692,80.2227096558,63298,63308,10
13.013999939,80.2235412598,63308,63318,10
13.0146102905,80.2242431641,63318,63328,10
13.0151996613,80.2249069214,63328,63338,10
13.0154895782,80.2253417969,63338,63348,10
13.0154399872,80.2256469727,63348,63358,10
13.0151500702,80.2259521484,63358,63368,10
13.0145196915,80.2261886597,63368,63378,10
13.013710022,80.2265090942,63378,63388,10
13.013010025,80.2267684937,63388,63397,9
13.0123596191,80.2270126343,63397,63409,12
13.0114002228,80.2274017334,63409,63419,10
13.0104904175,80.2277603149,63419,63429,10
13.0096702576,80.2279510498,63429,63439,10
13.0096302032,80.2273483276,63439,63449,10
13.0099201202,80.2267684937,63449,63459,10
13.0102396011,80.2260971069,63459,63469,10
13.0105895996,80.2252807617,63469,63479,10
13.0108604431,80.2246627808,63479,63489,10
13.0109796524,80.2242584229,63489,63499,10
13.0111598969,80.2238006592,63499,63509,10
13.011300087,80.2233886719,63509,63519,10
13.0109500885,80.2230987549,63519,63530,11
13.0104198456,80.2228088379,63530,63540,10
13.0099201202,80.2225265503,63540,63550,10
13.0092897415,80.2221832275,63550,63560,10
13.0085697174,80.221786499,63560,63570,10
13.0078296661,80.2213897705,63570,63580,10
13.0069999695,80.2209320068,63580,63590,10
13.006070137,80.2205963135,63590,63600,10
13.005109787,80.2203826904,63600,63610,10
13.0047101974,80.2202835083,63610,63620,10
13.0043497086,80.220199585,63620,63630,10
13.0037403107,80.2200698853,63630,63640,10
13.002989769,80.2198562622,63640,63651,11
13.0022201538,80.219329834,63651,63661,10
13.0017795563,80.2188415527,63661,63671,10
13.0011796951,80.2183609009,63671,63681,10
13.0003995895,80.2178573608,63681,63691,10
12.9994802475,80.2173080444,63691,63701,10
12.998459816,80.2167892456,63701,63711,10
12.9975795746,80.2165908813,63711,63721,10
12.997469902,80.2165679932,63721,63731,10
12.9972600937,80.2165603638,63731,63741,10
12.9967803955,80.216583252,63741,63751,10
12.9961795807,80.2166671753,63751,63762,11
12.9954595566,80.2168579102,63762,63772,10
12.9949998856,80.2171401978,63772,63782,10
12.9946804047,80.2173690796,63782,63792,10
12.9942998886,80.2176437378,63792,63802,10
12.9939203262,80.217918396,63802,63812,10
12.9934301376,80.2182617188,63812,63822,10
12.9927797318,80.2187194824,63822,63832,10
12.9920301437,80.2192764282,63832,63842,10
12.991519928,80.2196273804,63842,63852,10
12.9913101196,80.2195968628,63852,63862,10
12.9907903671,80.2194137573,63862,63872,10
12.9900102615,80.2191390991,63872,63883,11
12.9889497757,80.21875,63883,63893,10
12.9878501892,80.218460083,63893,63903,10
12.9870996475,80.2183532715,63903,63913,10
12.9869098663,80.2182998657,63913,63923,10
12.9865598679,80.2182235718,63923,63933,10
12.98595047,80.2180480957,63933,63943,10
12.9850301743,80.2179718018,63943,63953,10
12.9842700958,80.2179794312,63953,63963,10
12.9840097427,80.2179870605,63963,63973,10
12.983880043,80.2179870605,63973,63983,10
12.9834003448,80.2179794312,63983,63993,10
12.9827003479,80.2179794312,63993,64004,11
12.9818000793,80.2179870605,64004,64014,10
12.9809999466,80.2181930542,64014,64024,10
12.9803104401,80.2184295654,64024,64034,10
12.9797897339,80.2186584473,64034,64044,10
12.9792604446,80.2188873291,64044,64054,10
12.9788103104,80.2190628052,64054,64064,10
12.9784297943,80.2192077637,64064,64074,10
12.977809906,80.2194595337,64074,64084,10
12.9770402908,80.2197875977,64084,64094,10
12.9762001038,80.2201538086,64094,64104,10
12.9757699966,80.2203598022,64104,64114,10
12.9755096436,80.220703125,64114,64145,31
12.9755096436,80.220703125,64145,64155,10
12.9758796692,80.2210464478,64155,65012,857
12.976099968,80.2213287354,65012,65032,20
12.976099968,80.2213287354,65032,65042,10
12.9762296677,80.2213821411,65042,65052,10
12.9764204025,80.2213516235,65052,65062,10
12.9767303467,80.2213363647,65062,65072,10
12.9770898819,80.221321106,65072,65083,11
12.9774904251,80.2212905884,65083,65093,10
12.9779500961,80.2212677002,65093,65103,10
12.9784202576,80.2212524414,65103,65113,10
12.9789304733,80.221206665,65113,65123,10
12.9795198441,80.2211685181,65123,65133,10
12.9801397324,80.2211227417,65133,65143,10
12.9807195663,80.2210617065,65143,65153,10
12.9812698364,80.2211914063,65153,65163,10
12.9816703796,80.2214431763,65163,65173,10
12.9820604324,80.2217102051,65173,65183,10
12.982460022,80.2218704224,65183,65193,10
12.9828701019,80.2220077515,65193,65204,11
12.9829301834,80.2220306396,65204,65214,10
12.983130455,80.2221221924,65214,65224,10
12.9833498001,80.2222824097,65224,65234,10
12.9834299088,80.2223587036,65234,65244,10
12.983590126,80.2224731445,65244,65254,10
12.9837503433,80.2225570679,65254,65264,10
12.9840202332,80.2227020264,65264,65274,10
12.9843997955,80.2229309082,65274,65284,10
12.9848203659,80.223197937,65284,65294,10
12.9853200912,80.2233581543,65294,65304,10
12.9856595993,80.2231216431,65304,65315,11
12.9862298965,80.2230224609,65315,65325,10
12.9864397049,80.2229995728,65325,65335,10
12.9865703583,80.2230072021,65335,65345,10
12.9869804382,80.2230682373,65345,65355,10
12.9874401093,80.2231216431,65355,65365,10
12.9879198074,80.2229919434,65365,65375,10
12.9884700775,80.2225494385,65375,65385,10
12.988940239,80.2220993042,65385,65395,10
12.9892997742,80.2216873169,65395,65405,10
12.9897499084,80.2210922241,65405,65415,10
12.9903001785,80.2205123901,65415,65425,10
12.9905395508,80.2203292847,65425,65436,11
12.9907999039,80.220123291,65436,65446,10
12.9911499023,80.2198410034,65446,65456,10
12.9915599823,80.219543457,65456,65466,10
12.9920701981,80.2192001343,65466,65476,10
12.9926595688,80.2187728882,65476,65486,10
12.9933004379,80.2182998657,65486,65496,10
12.9939403534,80.2178421021,65496,65506,10
12.9944801331,80.2174606323,65506,65516,10
12.994890213,80.2171478271,65516,65526,10
12.9953804016,80.2168502808,65526,65536,10
12.9960298538,80.2166519165,65536,65546,10
12.9965400696,80.2165603638,65546,65557,11
12.9969701767,80.216506958,65557,65577,20
12.9969701767,80.216506958,65577,65587,10
12.997130394,80.216506958,65587,65607,20
12.997130394,80.216506958,65607,65617,10
12.9974002838,80.2162628174,65617,65627,10
12.9975700378,80.2161178589,65627,65637,10
12.9976501465,80.2160797119,65637,65647,10
12.9979295731,80.2158203125,65647,65657,10
12.9984197617,80.2154312134,65657,65667,10
12.9990196228,80.2149200439,65667,65678,11
12.9993000031,80.2146606445,65678,65688,10
12.9996795654,80.2143325806,65688,65698,10
13.0000495911,80.2139587402,65698,65708,10
13.0005302429,80.2135314941,65708,65718,10
13.0010099411,80.2131500244,65718,65728,10
13.0012702942,80.2129592896,65728,65738,10
13.0017004013,80.212638855,65738,65748,10
13.0022497177,80.2123031616,65748,65758,10
13.0026397705,80.2121582031,65758,65768,10
13.0029497147,80.2121200562,65768,65778,10
13.0032997131,80.2120895386,65778,65789,11
13.0036497116,80.2119522095,65789,65799,10
13.0036802292,80.2118988037,65799,65809,10
13.0036897659,80.2115707397,65809,65819,10
13.0036497116,80.2109832764,65819,65829,10
13.0035800934,80.2104263306,65829,65839,10
13.0035104752,80.2099380493,65839,65849,10
13.0035295486,80.2094802856,65849,65859,10
13.003660202,80.2088928223,65859,65869,10
13.0042600632,80.2087783813,65869,65879,10
13.0051202774,80.2091674805,65879,65889,10
13.0059404373,80.2095031738,65889,65899,10
13.0065402985,80.2097015381,65899,65910,11
13.0074701309,80.2098999023,65910,65930,20
13.0074701309,80.2098999023,65930,65940,10
13.0077800751,80.2099761963,65940,65980,40
13.0077800751,80.2099761963,65980,65990,10
13.0079298019,80.2099914551,65990,66000,10
13.0081300735,80.2100067139,66000,66010,10
13.0081195831,80.2096710205,66010,66020,10
13.0080003738,80.2090682983,66020,66031,11
13.0078601837,80.2081985474,66031,66041,10
13.0077495575,80.2073364258,66041,66051,10
13.0076198578,80.2064971924,66051,66061,10
13.007519722,80.2055969238,66061,66071,10
13.007519722,80.204788208,66071,66081,10
13.0074796677,80.2041397095,66081,66091,10
13.0073699951,80.2034072876,66091,66101,10
13.0070896149,80.2026519775,66101,66111,10
13.0065402985,80.2028579712,66111,66121,10
13.006770134,80.2033691406,66121,66131,10
13.0073795319,80.2036590576,66131,66142,11
13.0082702637,80.2037506104,66142,66152,10
13.0093402863,80.2036819458,66152,66162,10
13.010720253,80.2036819458,66162,66172,10
13.0121002197,80.2038421631,66172,66182,10
13.0132799149,80.2041397095,66182,66192,10
13.0142002106,80.2044219971,66192,66202,10
13.0147800446,80.2046127319,66202,66212,10
13.0148897171,80.2046432495,66212,66222,10
13.0149803162,80.2046432495,66222,66232,10
13.0152997971,80.2047576904,66232,66242,10
13.0157499313,80.2049331665,66242,66251,9
13.0160198212,80.2050628662,66251,66263,12
13.0163497925,80.2051773071,66263,66283,20
13.0163497925,80.2051773071,66283,66293,10
13.0167398453,80.2051391602,66293,66303,10
13.0169897079,80.2053222656,66303,66313,10
13.0176095963,80.2055511475,66313,66323,10
13.0183897018,80.2058792114,66323,66343,20
13.0183897018,80.2058792114,66343,66353,10
13.0186796188,80.2060089111,66353,66363,10
13.0191402435,80.206161499,66363,66373,10
13.0198402405,80.2062988281,66373,66384,11
13.0207395554,80.2063064575,66384,66394,10
13.0215597153,80.2063064575,66394,66404,10
13.0222101212,80.2063369751,66404,66414,10
13.0228395462,80.2064666748,66414,66424,10
13.0234804153,80.2065963745,66424,66434,10
13.0238800049,80.2066192627,66434,66444,10
13.0242700577,80.2067108154,66444,66464,20
13.0242700577,80.2067108154,66464,66474,10
13.0243902206,80.2067337036,66474,66484,10
13.0247402191,80.206817627,66484,66494,10
13.0254802704,80.2070388794,66494,66505,11
13.0263299942,80.2074813843,66505,66515,10
13.0270700455,80.2079162598,66515,66525,10
13.0278396606,80.2083587646,66525,66535,10
13.0286598206,80.2086410522,66535,66545,10
13.0294904709,80.2088165283,66545,66565,20
13.0294904709,80.2088165283,66565,66575,10
13.0296297073,80.2088394165,66575,66585,10
13.0300598145,80.2089767456,66585,66595,10
13.0306196213,80.2091217041,66595,66605,10
13.0312204361,80.2092666626,66605,66615,10
13.0314903259,80.2093811035,66615,66626,11
13.0314998627,80.2093811035,66626,66636,10
13.0315599442,80.2093429565,66636,66646,10
13.0318803787,80.2094497681,66646,66656,10
13.0324802399,80.2095870972,66656,66666,10
13.0332603455,80.2097473145,66666,66676,10
13.034070015,80.2099380493,66676,66686,10
13.034819603,80.2101135254,66686,66696,10
13.0349998474,80.2104873657,66696,66706,10
13.0349903107,80.2108535767,66706,66716,10
13.0350103378,80.2113418579,66716,66736,20
13.0350103378,80.2113418579,66736,66747,11
13.0349702835,80.211479187,66747,66757,10
13.0349197388,80.211807251,66757,66767,10
13.0348901749,80.2120513916,66767,66777,10
13.0351696014,80.2122497559,66777,66787,10
13.0356798172,80.2123031616,66787,66797,10
13.0361795425,80.2123336792,66797,66807,10
13.0364198685,80.2123336792,66807,66817,10
13.0366096497,80.2123413086,66817,66827,10
13.0368900299,80.2123336792,66827,66837,10
13.0371999741,80.2123184204,66837,66846,9
13.0376195908,80.2123184204,66846,66858,12
13.0384502411,80.212310791,66858,66868,10
13.0392999649,80.2123413086,66868,66878,10
13.0402698517,80.2123184204,66878,66888,10
13.0413198471,80.2123336792,66888,66898,10
13.0423297882,80.2123336792,66898,66908,10
13.0436201096,80.212272644,66908,67039,131
13.0436201096,80.212272644,67039,67049,10
13.0438404083,80.2122192383,67049,67059,10
13.0441799164,80.2122192383,67059,67069,10
13.044670105,80.2122421265,67069,67079,10
13.0453195572,80.2122421265,67079,67089,10
13.045999527,80.2122268677,67089,67100,11
13.0466499329,80.2122116089,67100,67110,10
13.04708004,80.2121887207,67110,67120,10
13.0475101471,80.2121505737,67120,67130,10
13.048119545,80.212097168,67130,67140,10
13.0485296249,80.212059021,67140,67150,10
13.0485496521,80.212059021,67150,67160,10
13.048620224,80.2120285034,67160,67170,10
13.0488996506,80.212020874,67170,67180,10
13.0492696762,80.2120132446,67180,67190,10
13.0495796204,80.2119827271,67190,67199,9
13.049779892,80.2119369507,67199,67210,11
13.0498600006,80.2119293213,67210,67221,11
13.0501298904,80.2119369507,67221,67231,10
13.0504999161,80.2119827271,67231,67241,10
13.0508298874,80.2120437622,67241,67251,10
13.0515403748,80.2120437622,67251,67261,10
13.0522203445,80.2119522095,67261,67271,10
13.0529403687,80.2117919922,67271,67281,10
13.0537395477,80.2115783691,67281,67291,10
13.0544204712,80.2114181519,67291,67301,10
13.054980278,80.2114181519,67301,67311,10
13.0557003021,80.2114181519,67311,67321,10
13.0565004349,80.2114334106,67321,67332,11
13.0573196411,80.2114105225,67332,67342,10
13.0574903488,80.2113876343,67342,67352,10
13.0575799942,80.2114334106,67352,67362,10
13.0579204559,80.2114334106,67362,67372,10
13.0583095551,80.21144104,67372,67382,10
13.0586996078,80.211479187,67382,67392,10
13.0592803955,80.2115325928,67392,67402,10
13.0599803925,80.2115783691,67402,67412,10
13.0607700348,80.2116165161,67412,67422,10
13.0614995956,80.2116622925,67422,67432,10
13.0621900558,80.2116165161,67432,67442,10
13.0628700256,80.2115707397,67442,67453,11
13.0630598068,80.2115478516,67453,67463,10
13.0630998611,80.2115783691,67463,67473,10
13.0633497238,80.2115631104,67473,67483,10
13.0636997223,80.211517334,67483,67493,10
13.0641202927,80.2114868164,67493,67503,10
13.0647001266,80.2112884521,67503,67513,10
13.0653600693,80.2108688354,67513,67523,10
13.0659999847,80.2103424072,67523,67533,10
13.0666503906,80.2097702026,67533,67543,10
13.0672597885,80.2088317871,67543,67563,20
13.0672597885,80.2088317871,67563,67574,11
13.0672597885,80.2087936401,67574,67584,10
13.0674104691,80.2085571289,67584,67594,10
13.0677204132,80.2080764771,67594,67604,10
13.0681495667,80.2074279785,67604,67614,10
13.0685596466,80.2068710327,67614,67624,10
13.0688695908,80.2063674927,67624,67634,10
13.0692396164,80.2058029175,67634,67644,10
13.0694198608,80.2054367065,67644,67664,20
13.0694198608,80.2054367065,67664,67673,9
13.0694599152,80.205329895,67673,67685,12
13.0696401596,80.2050018311,67685,67695,10
13.0693702698,80.2048416138,67695,67705,10
13.0690498352,80.2052078247,67705,67715,10
13.0687503815,80.2052612305,67715,67725,10
13.0686903,80.2049713135,67725,67795,70
13.0686903,80.2049713135,67795,67806,11
13.0688400269,80.2047805786,67806,67816,10
13.0689697266,80.2047729492,67816,67826,10
13.0690097809,80.2047729492,67826,67836,10
13.0692396164,80.204788208,67836,67846,10
13.0693702698,80.2048110962,67846,67856,10
13.0696697235,80.2048721313,67856,67886,30
13.0696697235,80.2048721313,67886,67896,10
13.0699300766,80.2047805786,67896,67906,10
13.0700998306,80.2045593262,67906,67916,10
13.0704402924,80.2041091919,67916,67927,11
13.0708303452,80.2036209106,67927,67937,10
13.0710000992,80.2034225464,67937,67947,10
13.0711097717,80.2033004761,67947,67957,10
13.0712604523,80.2031097412,67957,67967,10
13.0714998245,80.2027893066,67967,67977,10
13.0717201233,80.2025375366,67977,67987,10
13.0719203949,80.2023086548,67987,68108,121
13.0719203949,80.2023086548,68108,68118,10
13.0720396042,80.2021865845,68118,68128,10
13.0721197128,80.2021102905,68128,68138,10
13.0722503662,80.2019882202,68138,68148,10
13.0725097656,80.2016830444,68148,68158,10
13.0728902817,80.2012405396,68158,68169,11
13.073220253,80.2008590698,68169,68179,10
13.0735301971,80.2004928589,68179,68189,10
13.0738601685,80.2001190186,68189,68199,10
13.0741500854,80.1997680664,68199,68209,10
13.0743703842,80.1995620728,68209,68219,10
13.0745401382,80.1993865967,68219,68229,10
13.0745897293,80.1993637085,68229,68239,10
13.0747699738,80.199256897,68239,68249,10
13.0752401352,80.1991271973,68249,68259,10
13.0758199692,80.1990890503,68259,68269,10
13.0765104294,80.1990890503,68269,68279,10
13.0770702362,80.1990280151,68279,68290,11
13.0777702332,80.1989517212,68290,68300,10
13.0783500671,80.1988601685,68300,68310,10
13.0786504745,80.1987991333,68310,68320,10
13.0789003372,80.1987762451,68320,68330,10
13.0791301727,80.1987686157,68330,68340,10
13.0796403885,80.1987380981,68340,68360,20
13.0796403885,80.1987380981,68360,68370,10
13.0798301697,80.1987228394,68370,68379,9
13.0801200867,80.1986923218,68379,68390,11
13.0804100037,80.1986618042,68390,68401,11
13.0808095932,80.1986236572,68401,68421,20
13.0808095932,80.1986236572,68421,68431,10
13.0810403824,80.1986083984,68431,68451,20
13.0810403824,80.1986083984,68451,68461,10
13.0812702179,80.198600769,68461,68471,10
13.0814599991,80.198600769,68471,68481,10
13.0816698074,80.198600769,68481,68491,10
13.0817203522,80.198600769,68491,68500,9
13.0819597244,80.198600769,68500,68511,11
13.0823602676,80.1985397339,68511,68532,21
13.0823602676,80.1985397339,68532,68542,10
13.0826597214,80.1985473633,68542,68562,20
13.0826597214,80.1985473633,68562,68572,10
13.0828104019,80.1985397339,68572,68582,10
13.0832099915,80.1985397339,68582,68602,20
13.0834102631,80.1985168457,68602,68632,30
13.0834102631,80.1985168457,68632,68643,11
13.0836696625,80.1985092163,68643,68653,10
13.0838403702,80.1985092163,68653,68663,10
13.0838899612,80.1985015869,68663,68673,10
13.0841197968,80.1985015869,68673,68683,10
13.084280014,80.1985321045,68683,68693,10
13.0844497681,80.1985473633,68693,68703,10
13.0845603943,80.1985702515,68703,68713,10
13.0847301483,80.1985626221,68713,68723,10
13.0850496292,80.1985321045,68723,68753,30
13.0850496292,80.1985321045,68753,68764,11
13.0854301453,80.1984634399,68764,68774,10
13.0857200623,80.1984710693,68774,68784,10
13.0860595703,80.1984405518,68784,68794,10
13.0867395401,80.1984710693,68794,68814,20
13.0867395401,80.1984710693,68814,68824,10
13.0869598389,80.1984405518,68824,68834,10
13.0870599747,80.1982803345,68834,68844,10
13.0870504379,80.1980361938,68844,68854,10
13.0870399475,80.1979980469,68854,68864,10
13.0870704651,80.197883606,68864,68875,11
13.0871200562,80.1973724365,68875,68885,10
13.0871400833,80.1966629028,68885,68895,10
13.0871601105,80.1958084106,68895,68905,10
13.0871801376,80.195098877,68905,68915,10
13.0872001648,80.1945495605,68915,68925,10
13.087220192,80.1937866211,68925,68935,10
13.0872297287,80.1931228638,68935,68945,10
13.0872497559,80.192779541,68945,68955,10
13.0873203278,80.1923599243,68955,68965,10
13.087389946,80.1918411255,68965,68975,10
13.0874700546,80.191192627,68975,68984,9
13.0875396729,80.1905593872,68984,68996,12
13.0876598358,80.1896896362,68996,69006,10
13.0876703262,80.1891708374,69006,69026,20
13.0876703262,80.1891708374,69026,69036,10
13.087679863,80.1889801025,69036,69046,10
13.0876998901,80.1883773804,69046,69076,30
13.0876998901,80.1883773804,69076,69086,10
13.0876998901,80.1881484985,69086,69096,10
13.0877199173,80.1876983643,69096,69106,10
13.087770462,80.187171936,69106,69117,11
13.0878000259,80.1865997314,69117,69127,10
13.0878400803,80.185836792,69127,69137,10
13.0878896713,80.1849822998,69137,69147,10
13.0879201889,80.1839981079,69147,69157,10
13.0879802704,80.1829376221,69157,69167,10
13.0880203247,80.1819915771,69167,69177,10
13.088060379,80.1810531616,69177,69187,10
13.088060379,80.1800918579,69187,69197,10
13.0880699158,80.1790008545,69197,69217,20
13.0880699158,80.1790008545,69217,69228,11
13.0881099701,80.1786727905,69228,69238,10
13.0881099701,80.1780929565,69238,69248,10
13.0881099701,80.1774902344,69248,69258,10
13.0881299973,80.176940918,69258,69268,10
13.0881900787,80.1762313843,69268,69278,10
13.0882501602,80.1753997803,69278,69288,10
13.0883197784,80.1746063232,69288,69298,10
13.0883798599,80.1739196777,69298,69308,10
13.0884304047,80.1731567383,69308,69318,10
13.088470459,80.1722564697,69318,69337,19
13.088470459,80.1722564697,69337,69349,12
13.088470459,80.1721420288,69349,69359,10
13.0885000229,80.1717529297,69359,69369,10
13.0885295868,80.1711502075,69369,69379,10
13.0885601044,80.1706237793,69379,69389,10
13.0885696411,80.1704788208,69389,69399,10
13.0885801315,80.170173645,69399,69409,10
13.0886602402,80.1697235107,69409,69419,10
13.0889797211,80.1695632935,69419,69429,10
13.0895595551,80.1696090698,69429,69439,10
13.0903596878,80.1696624756,69439,69449,10
13.0912103653,80.1697235107,69449,69459,10
13.0918998718,80.1697692871,69459,69470,11
13.09237957,80.1697769165,69470,69480,10
13.0928001404,80.1698074341,69480,69490,10
13.0934801102,80.1698532104,69490,69500,10
13.0941896439,80.1698989868,69500,69510,10
13.0945997238,80.169921875,69510,69520,10
13.0948095322,80.1699523926,69520,69530,10
13.0949201584,80.1699523926,69530,69539,9
13.0951595306,80.169960022,69539,69550,11
13.0957698822,80.1699905396,69550,69560,10
13.0964403152,80.1700210571,69560,69570,10
13.0972204208,80.1700592041,69570,69581,11
13.0980596542,80.1700973511,69581,69591,10
13.0987300873,80.1701431274,69591,69601,10
13.0995597839,80.1701507568,69601,69631,30
13.0995597839,80.1701507568,69631,69641,10
13.0996103287,80.1700363159,69641,69651,10
13.0996303558,80.1698226929,69651,69661,10
13.0996198654,80.1697769165,69661,69671,10
13.0994300842,80.1697463989,69671,69762,91
13.0993900299,80.1701126099,69762,70508,746
13.0992202759,80.1702728271,70508,70528,20
13.0992202759,80.1702728271,70528,70539,11
13.0990495682,80.1702804565,70539,70549,10
13.0988197327,80.170249939,70549,70559,10
13.0982999802,80.1701965332,70559,70569,10
13.0975999832,80.1701583862,70569,70579,10
13.0968399048,80.1701202393,70579,70589,10
13.0960597992,80.1700820923,70589,70599,10
13.0952301025,80.1700210571,70599,70609,10
13.0948200226,80.1700134277,70609,70619,10
13.0947999954,80.1700134277,70619,70629,10
13.09471035,80.1699981689,70629,70639,10
13.0944795609,80.1699829102,70639,70649,10
13.0940799713,80.1699371338,70649,70660,11
13.0934000015,80.1698913574,70660,70670,10
13.0926504135,80.1698379517,70670,70680,10
13.0918197632,80.1698074341,70680,70690,10
13.091050148,80.1697692871,70690,70700,10
13.0902099609,80.169708252,70700,70710,10
13.0890798569,80.1696472168,70710,70740,30
13.0890798569,80.1696472168,70740,70750,10
13.0888595581,80.1696166992,70750,70760,10
13.0886602402,80.1697998047,70760,70770,10
13.0886201859,80.1703033447,70770,70781,11
13.0885801315,80.1711196899,70781,70791,10
13.0885601044,80.1718063354,70791,70801,10
13.088549614,80.1719818115,70801,70811,10
13.0885400772,80.1720962524,70811,70821,10
13.0885000229,80.1724777222,70821,70831,10
13.0884599686,80.1730880737,70831,70841,10
13.0884199142,80.1738891602,70841,70851,10
13.0883798599,80.174659729,70851,70861,10
13.088350296,80.1751174927,70861,70871,10
13.0882997513,80.1757278442,70871,70880,9
13.088259697,80.1764373779,70880,70892,12
13.0882396698,80.1771011353,70892,70902,10
13.0882301331,80.1773986816,70902,70912,10
13.0882101059,80.1779403687,70912,70922,10
13.0881996155,80.1786575317,70922,70942,20
13.0881996155,80.1786575317,70942,70952,10
13.0881996155,80.1789016724,70952,70962,10
13.0881996155,80.1793136597,70962,70992,30
13.0881996155,80.1793136597,70992,71001,9
13.0881900787,80.1793365479,71001,71013,12
13.0881595612,80.1798019409,71013,71023,10
13.0881500244,80.1804428101,71023,71033,10
13.0881299973,80.1812210083,71033,71043,10
13.0881004333,80.1820678711,71043,71053,10
13.088060379,80.1829376221,71053,71063,10
13.0880098343,80.183807373,71063,71073,10
13.0879602432,80.1846694946,71073,71083,10
13.0879297256,80.1854782104,71083,71093,10
13.0879001617,80.186340332,71093,71103,10
13.0878896713,80.1871795654,71103,71113,10
13.0878801346,80.1878204346,71113,71123,10
13.087849617,80.1883621216,71123,71134,11
13.0878200531,80.1890335083,71134,71144,10
13.0877895355,80.1897125244,71144,71154,10
13.0877599716,80.1899185181,71154,71164,10
13.0877399445,80.1900024414,71164,71174,10
13.0876598358,80.1903991699,71174,71184,10
13.0875701904,80.1910400391,71184,71194,10
13.0874900818,80.1916809082,71194,71204,10
13.0874700546,80.1919708252,71204,71214,10
13.0874700546,80.1920089722,71214,71224,10
13.0874099731,80.1923217773,71224,71234,10
13.0873603821,80.1926269531,71234,71245,11
13.0873403549,80.1928634644,71245,71255,10
13.0873203278,80.1932678223,71255,71265,10
13.0873003006,80.1939086914,71265,71275,10
13.0872802734,80.1946868896,71275,71285,10
13.0872898102,80.1951217651,71285,71295,10
13.087269783,80.1955413818,71295,71305,10
13.0872497559,80.1962203979,71305,71315,10
13.0872297287,80.1970367432,71315,71325,10
13.087220192,80.1977996826,71325,71335,10
13.0872097015,80.1978988647,71335,71345,10
13.0872001648,80.1981430054,71345,71355,10
13.0873003006,80.1984786987,71355,71366,11
13.0876502991,80.1985015869,71366,71376,10
13.088139534,80.1984329224,71376,71386,10
13.0887804031,80.1984024048,71386,71396,10
13.0894403458,80.1984481812,71396,71406,10
13.0901699066,80.1985015869,71406,71416,10
13.0909500122,80.1985702515,71416,71426,10
13.0915803909,80.1986312866,71426,71436,10
13.092040062,80.1986618042,71436,71446,10
13.0926799774,80.198677063,71446,71456,10
13.0929603577,80.1989593506,71456,71466,10
13.0929203033,80.1995391846,71466,71475,9
13.092880249,80.2001571655,71475,71487,12
13.0928602219,80.2005462646,71487,71497,10
13.0927600861,80.200668335,71497,71507,10
13.0923595428,80.2006607056,71507,71517,10
13.0917196274,80.200630188,71517,71527,10
13.0910396576,80.2006072998,71527,71537,10
13.0904502869,80.200592041,71537,71547,10
13.0897102356,80.2005691528,71547,71557,10
13.088809967,80.2005462646,71557,71567,10
13.0878295898,80.2005233765,71567,71577,10
13.0872001648,80.2005004883,71577,71587,10
13.0868701935,80.2004776001,71587,71596,9
13.0863704681,80.2004699707,71596,71608,12
13.0856399536,80.2004470825,71608,71618,10
13.0854301453,80.2004165649,71618,71628,10
13.0852603912,80.2002563477,71628,71638,10
13.0852804184,80.1999206543,71638,71648,10
13.0852804184,80.1993865967,71648,71658,10
13.0852499008,80.198890686,71658,71668,10
13.0851802826,80.1987380981,71668,71678,10
13.0849895477,80.1987533569,71678,71688,10
13.0845003128,80.1987686157,71688,71698,10
13.0842103958,80.1987533569,71698,71708,10
13.0841398239,80.1987228394,71708,71719,11
13.0837802887,80.1987228394,71719,71729,10
13.0833396912,80.1987228394,71729,71739,10
13.0829696655,80.1987228394,71739,71799,60
13.0829696655,80.1987228394,71799,71809,10
13.0828800201,80.1987228394,71809,71819,10
13.082570076,80.1986999512,71819,71828,9
13.0820798874,80.1986999512,71828,71840,12
13.0813102722,80.1986923218,71840,71850,10
13.0805797577,80.1987075806,71850,71860,10
13.0798196793,80.1987915039,71860,71870,10
13.0789604187,80.1988601685,71870,71880,10
13.0780496597,80.19896698,71880,71890,10
13.0770998001,80.1990814209,71890,71900,10
13.0762395859,80.199180603,71900,71910,10
13.0754404068,80.1993026733,71910,71920,10
13.0746803284,80.1995773315,71920,71930,10
13.0740604401,80.2000579834,71930,71940,10
13.073679924,80.2005081177,71940,71949,9
13.0736598969,80.2005386353,71949,71961,12
13.0734395981,80.2008209229,71961,71971,10
13.0730895996,80.2012405396,71971,71981,10
13.0728998184,80.2014389038,71981,71991,10
13.0726804733,80.2017364502,71991,72001,10
13.0725402832,80.2019119263,72001,72011,10
13.0723400116,80.2021484375,72011,72021,10
13.0719499588,80.2024993896,72021,72031,10
13.0714597702,80.2030487061,72031,72041,10
13.0708999634,80.2036972046,72041,72050,9
13.0703697205,80.2043304443,72050,72061,11
13.0700702667,80.204750061,72061,72071,10
13.0699396133,80.2049407959,72071,72122,51
13.0699396133,80.2049407959,72122,72132,10
13.0697498322,80.2050704956,72132,72142,10
13.0695400238,80.2049179077,72142,72152,10
13.0692796707,80.2049484253,72152,72162,10
13.0690402985,80.205368042,72162,72172,10
13.0684995651,80.2054977417,72172,72182,10
13.0678901672,80.205368042,72182,72253,71
13.0678901672,80.205368042,72253,72263,10
13.0680503845,80.2050323486,72263,72273,10
13.0682897568,80.2049713135,72273,72283,10
13.0685501099,80.2048721313,72283,72293,10
13.0690002441,80.2047424316,72293,72303,10
13.0694999695,80.204788208,72303,72344,41
13.0694999695,80.204788208,72344,72354,10
13.0697002411,80.2048416138,72354,72364,10
13.0698099136,80.2051467896,72364,72374,10
13.0695199966,80.2056427002,72374,72384,10
13.0691099167,80.2062835693,72384,72394,10
13.0686397552,80.2070236206,72394,72404,10
13.0681295395,80.207862854,72404,72414,10
13.0676403046,80.2086715698,72414,72424,10
13.0672397614,80.2093200684,72424,72435,11
13.0666103363,80.210067749,72435,72445,10
13.0658397675,80.2107162476,72445,72455,10
13.0651702881,80.2112579346,72455,72475,20
13.0651702881,80.2112579346,72475,72485,10
13.0648498535,80.2114486694,72485,72495,10
13.0643901825,80.2116394043,72495,72505,10
13.0640201569,80.2117462158,72505,72515,10
13.0637598038,80.2117919922,72515,72525,10
13.0634202957,80.2117996216,72525,72535,10
13.0628700256,80.2118301392,72535,72546,11
13.0621404648,80.2118377686,72546,72556,10
13.0614995956,80.2117614746,72556,72566,10
13.0606803894,80.2117614746,72566,72576,10
13.0598697662,80.2117385864,72576,72586,10
13.0590000153,80.2117080688,72586,72596,10
13.0584201813,80.2116928101,72596,72606,10
13.0578699112,80.2116928101,72606,72616,10
13.0573797226,80.2117004395,72616,72626,10
13.0570898056,80.2117080688,72626,72636,10
13.0566196442,80.2117004395,72636,72646,10
13.0559902191,80.2116928101,72646,72656,10
13.0553102493,80.2116928101,72656,72667,11
13.0544900894,80.2117004395,72667,72677,10
13.053730011,80.2118377686,72677,72687,10
13.0529899597,80.2120132446,72687,72697,10
13.0524101257,80.2121505737,72697,72707,10
13.0520000458,80.2122573853,72707,72717,10
13.0514698029,80.2123031616,72717,72727,10
13.0509395599,80.2122421265,72727,72737,10
13.050359726,80.2122421265,72737,72747,10
13.0499296188,80.2122573853,72747,72757,10
13.0494499207,80.2122497559,72757,72777,20
13.0494499207,80.2122497559,72777,72788,11
13.0493001938,80.2122497559,72788,72798,10
13.0488195419,80.2122268677,72798,72808,10
13.0481300354,80.212272644,72808,72818,10
13.0473003387,80.2123336792,72818,72828,10
13.0464096069,80.2123565674,72828,72838,10
13.0457496643,80.212387085,72838,72848,10
13.0455198288,80.2124099731,72848,72858,10
13.0451498032,80.2124328613,72858,72868,10
13.0447797775,80.2124633789,72868,72878,10
13.0444898605,80.2124786377,72878,72888,10
13.0440196991,80.2124633789,72888,72898,10
13.0432796478,80.2124481201,72898,72909,11
13.0423898697,80.2124404907,72909,72919,10
13.0415296555,80.2124099731,72919,72929,10
13.0406303406,80.2124633789,72929,72939,10
13.0396795273,80.2124633789,72939,72949,10
13.0388097763,80.2124710083,72949,72959,10
13.0383195877,80.2124633789,72959,72969,10
13.0377502441,80.2124710083,72969,73030,61
13.0377502441,80.2124710083,73030,73040,10
13.0375204086,80.2124786377,73040,73050,10
13.0370998383,80.2124633789,73050,73060,10
13.0365800858,80.2124099731,73060,73070,10
13.0363903046,80.2124099731,73070,73080,10
13.035949707,80.2124099731,73080,73090,10
13.0350599289,80.212348938,73090,73120,30
13.0350599289,80.212348938,73120,73130,10
13.0347299576,80.2123031616,73130,73141,11
13.0340299606,80.2121734619,73141,73161,20
13.0340299606,80.2121734619,73161,73171,10
13.0339698792,80.2121887207,73171,73181,10
13.0337200165,80.2121276855,73181,73191,10
13.0333299637,80.2120132446,73191,73201,10
13.0327196121,80.2118988037,73201,73211,10
13.0320501328,80.2117767334,73211,73221,10
13.0319595337,80.2113037109,73221,73231,10
13.0320196152,80.2106170654,73231,73241,10
13.0320997238,80.2099533081,73241,73251,10
13.0319299698,80.2096633911,73251,73262,11
13.0314502716,80.2095489502,73262,73272,10
13.0308198929,80.2093963623,73272,73282,10
13.0303201675,80.2092666626,73282,73292,10
13.0299100876,80.2091522217,73292,73302,10
13.0294904709,80.2090301514,73302,73322,20
13.0294904709,80.2090301514,73322,73332,10
13.0292396545,80.2089614868,73332,73342,10
13.0286903381,80.2088088989,73342,73352,10
13.0279502869,80.2085723877,73352,73362,10
13.0272502899,80.2082138062,73362,73373,11
13.0264596939,80.2077407837,73373,73383,10
13.0256595612,80.20728302,73383,73393,10
13.0248699188,80.207069397,73393,73403,10
13.0243597031,80.2070083618,73403,73413,10
13.0242500305,80.206993103,73413,73423,10
13.0240402222,80.2069396973,73423,73433,10
13.0235700607,80.206817627,73433,73443,10
13.0229301453,80.206703186,73443,73453,10
13.0221996307,80.2065963745,73453,73463,10
13.0215301514,80.2065582275,73463,73473,10
13.0209102631,80.20652771,73473,73483,10
13.0200901031,80.20652771,73483,73494,11
13.019109726,80.2064208984,73494,73524,30
13.019109726,80.2064208984,73524,73534,10
13.018699646,80.206237793,73534,73544,10
13.0181703568,80.2060928345,73544,73554,10
13.0176401138,80.2058792114,73554,73564,10
13.0173101425,80.2057495117,73564,73573,9
13.0169296265,80.205619812,73573,73584,11
13.0163202286,80.2052536011,73584,73594,10
13.015540123,80.205116272,73594,73604,10
13.0147104263,80.2048416138,73604,73615,11
13.0138502121,80.204536438,73615,73625,10
13.0136203766,80.204498291,73625,73635,10
13.0135602951,80.2045974731,73635,73645,10
13.0135297775,80.2046813965,73645,73655,10
13.013469696,80.2049102783,73655,73665,10
13.0133199692,80.205368042,73665,73675,10
13.0131101608,80.2060699463,73675,73685,10
13.0129995346,80.2068099976,73685,73695,10
13.0129499435,80.2075271606,73695,73705,10
13.0128898621,80.2079620361,73705,73715,10
13.0128602982,80.2084274292,73715,73725,10
13.0128602982,80.2086868286,73725,73736,11
13.0129299164,80.2092132568,73736,73746,10
13.0131702423,80.2097320557,73746,73755,9
13.0131196976,80.2102508545,73755,73765,10
13.0129899979,80.2109298706,73765,73776,11
13.0126399994,80.2116622925,73776,73786,10
13.012260437,80.2122802734,73786,73796,10
13.0119104385,80.2127838135,73796,73806,10
13.0117197037,80.2128601074,73806,73816,10
13.0115499496,80.2127227783,73816,73826,10
13.0111703873,80.2124404907,73826,73836,10
13.0106401443,80.2120513916,73836,73847,11
13.0101804733,80.2116928101,73847,73857,10
13.0098600388,80.2114334106,73857,73867,10
13.0095100403,80.2111816406,73867,73927,60
13.0095100403,80.2111816406,73927,73937,10
13.0091400146,80.2113113403,73937,73947,10
13.0089998245,80.2115707397,73947,73957,10
13.0091199875,80.2120513916,73957,73968,11
13.009349823,80.2127304077,73968,73978,10
13.0095701218,80.2132797241,73978,73988,10
13.0098104477,80.2138824463,73988,73998,10
13.0100698471,80.2145080566,73998,74008,10
13.0101900101,80.2152328491,74008,74018,10
13.0103797913,80.2160110474,74018,74028,10
13.0107603073,80.2168731689,74028,74038,10
13.0111703873,80.2178192139,74038,74048,10
13.0115404129,80.2188568115,74048,74058,10
13.0118999481,80.2199401855,74058,74068,10
13.0122299194,80.2209625244,74068,74078,10
13.0124998093,80.2217483521,74078,74089,11
13.0131196976,80.2225494385,74089,74099,10
13.013710022,80.2232437134,74099,74109,10
13.0141496658,80.2238235474,74109,74119,10
13.0146999359,80.2244567871,74119,74129,10
13.0151500702,80.2249679565,74129,74139,10
13.01541996,80.2253875732,74139,74149,10
13.0153303146,80.2258071899,74149,74159,10
13.0149402618,80.226020813,74159,74169,10
13.0144500732,80.2261962891,74169,74179,10
13.0138301849,80.2264404297,74179,74188,9
13.0131702423,80.2266998291,74188,74200,12
13.0121803284,80.2270965576,74200,74210,10
13.0112895966,80.2274475098,74210,74220,10
13.0103397369,80.2278137207,74220,74230,10
13.0095596313,80.227897644,74230,74240,10
13.00963974,80.2273025513,74240,74250,10
13.009929657,80.2266769409,74250,74260,10
13.0102500916,80.2259216309,74260,74270,10
13.0106096268,80.2250900269,74270,74280,10
13.0108604431,80.2244262695,74280,74290,10
13.0111398697,80.2237091064,74290,74300,10
13.0112895966,80.2233276367,74300,74310,10
13.0109500885,80.2231216431,74310,74321,11
13.0104398727,80.2228469849,74321,74331,10
13.009929657,80.2225570679,74331,74341,10
13.0093402863,80.2222366333,74341,74351,10
13.0087299347,80.2219085693,74351,74361,10
13.008099556,80.221572876,74361,74371,10
13.0073299408,80.2211837769,74371,74381,10
13.0065803528,80.2208023071,74381,74391,10
13.0057201385,80.2205734253,74391,74401,10
13.0049200058,80.2203674316,74401,74411,10
13.00440979,80.2202377319,74411,74421,10
13.0039100647,80.220123291,74421,74431,10
13.0034303665,80.2200088501,74431,74442,11
13.0026502609,80.2197113037,74442,74452,10
13.0020904541,80.2192077637,74452,74462,10
13.0017204285,80.2187805176,74462,74472,10
13.0012102127,80.2183990479,74472,74482,10
13.0006599426,80.2180175781,74482,74492,10
13.000120163,80.2176818848,74492,74502,10
12.9995298386,80.2173309326,74502,74512,10
12.9987602234,80.2169570923,74512,74553,41
12.9987602234,80.2169570923,74553,74563,10
12.9984397888,80.2168197632,74563,74573,10
12.9981403351,80.2167129517,74573,74613,40
12.9981403351,80.2167129517,74613,74623,10
12.9979000092,80.2166595459,74623,74633,10
12.9975700378,80.2166137695,74633,74643,10
12.9972896576,80.2165985107,74643,74674,31
12.9972896576,80.2165985107,74674,74684,10
12.9969596863,80.2165985107,74684,74694,10
12.9966497421,80.2166213989,74694,74704,10
12.9964504242,80.2166519165,74704,74714,10
12.996430397,80.2166595459,74714,74724,10
12.9959402084,80.216758728,74724,74744,20
12.9959402084,80.216758728,74744,74754,10
12.9956197739,80.2168426514,74754,74764,10
12.9953804016,80.2169189453,74764,74774,10
12.9951896667,80.2170410156,74774,74784,10
12.9950799942,80.2171020508,74784,74795,11
12.9948997498,80.2171936035,74795,74805,10
12.9946098328,80.2173919678,74805,74815,10
12.9941596985,80.2176971436,74815,74825,10
12.9938097,80.2179718018,74825,74835,10
12.9933700562,80.2182769775,74835,74845,10
12.9927797318,80.2187271118,74845,74855,10
12.992099762,80.2192306519,74855,74865,10
12.9914798737,80.2196502686,74865,74875,10
12.9912004471,80.2196121216,74875,74885,10
12.9910497665,80.2195587158,74885,74895,10
12.9908599854,80.2194824219,74895,74904,9
12.9904499054,80.2193222046,74904,74916,12
12.9896097183,80.2190322876,74916,74926,10
12.9887399673,80.2187194824,74926,74936,10
12.987739563,80.2184829712,74936,74946,10
12.986989975,80.2183609009,74946,74956,10
12.9869298935,80.2183532715,74956,74966,10
12.9866304398,80.2182617188,74966,74976,10
12.9860401154,80.2181015015,74976,74986,10
12.9851198196,80.2179794312,74986,74996,10
12.9842700958,80.2180099487,74996,75006,10
12.9839801788,80.2180328369,75006,75016,10
12.9839601517,80.2180328369,75016,75027,11
12.9835700989,80.2180328369,75027,75037,10
12.9828901291,80.2180328369,75037,75047,10
12.9821395874,80.2180175781,75047,75057,10
12.9813699722,80.2181167603,75057,75067,10
12.9804897308,80.2183990479,75067,75077,10
12.9798498154,80.2186508179,75077,75087,10
12.9792299271,80.2189102173,75087,75097,10
12.9786596298,80.2191314697,75097,75107,10
12.9781503677,80.2193374634,75107,75117,10
12.9774303436,80.2196502686,75117,75127,10
12.9766302109,80.2200012207,75127,75137,10
12.9759597778,80.2203216553,75137,75228,91
12.9759597778,80.2203216553,75228,75238,10
12.975520134,80.2205505371,75238,75248,10
12.9754896164,80.2207870483,75248,75258,10
12.9755001068,80.2208023071,75258,75269,11
12.9758501053,80.2210617065,75269,76257,988
12.9758501053,80.2210617065,76257,76267,10
12.9761400223,80.2213287354,76267,76277,10
12.9762601852,80.2213134766,76277,76287,10
12.9764404297,80.2212600708,76287,76297,10
12.9767999649,80.2212600708,76297,76307,10
12.9772701263,80.2212524414,76307,76317,10
12.9777803421,80.2212219238,76317,76327,10
12.9783296585,80.2211837769,76327,76338,11
12.9790000916,80.2211608887,76338,76348,10
12.9796600342,80.2211227417,76348,76358,10
12.9802598953,80.2210769653,76358,76368,10
12.9808998108,80.2210693359,76368,76378,10
12.9814796448,80.221321106,76378,76388,10
12.9819602966,80.2216796875,76388,76398,10
12.9823503494,80.221862793,76398,76408,10
12.9826202393,80.2219314575,76408,76418,10
12.9828996658,80.222038269,76418,76428,10
12.9829397202,80.2220535278,76428,76438,10
12.9830503464,80.2221069336,76438,76449,11
12.9833498001,80.2223205566,76449,76459,10
12.9835300446,80.2224502563,76459,76469,10
12.9837703705,80.2225875854,76469,76479,10
12.9841899872,80.2228393555,76479,76489,10
12.9847002029,80.2231674194,76489,76499,10
12.9852600098,80.2233581543,76499,76509,10
12.9855899811,80.2231216431,76509,76519,10
12.9864902496,80.2230224609,76519,76539,20
12.9864902496,80.2230224609,76539,76548,9
12.9867601395,80.2230300903,76548,76568,20
12.9876403809,80.2230834961,76568,76578,10
12.9882297516,80.2227401733,76578,76588,10
12.9886198044,80.2223434448,76588,76598,10
12.9890699387,80.2217483521,76598,76608,10
12.9895200729,80.2211990356,76608,76618,10
12.989979744,80.2206802368,76618,76628,10
12.9903898239,80.2203292847,76628,76638,10
12.9905004501,80.2202606201,76638,76648,10
12.99077034,80.2200393677,76648,76658,10
12.9910898209,80.2198028564,76658,76668,10
12.9913396835,80.219619751,76668,76678,10
12.991689682,80.2193603516,76678,76689,11
12.9923000336,80.2189407349,76689,76699,10
12.9928998947,80.2185211182,76699,76709,10
12.993519783,80.2180480957,76709,76719,10
12.9941501617,80.2176208496,76719,76729,10
12.9946899414,80.2172164917,76729,76739,10
12.9951696396,80.2169189453,76739,76749,10
12.9958095551,80.2166671753,76749,76759,10
12.9965400696,80.2165679932,76759,76769,10
12.9971399307,80.2164306641,76769,76779,10
12.9974298477,80.2161636353,76779,76789,10
12.9975404739,80.2160797119,76789,76799,10
12.9977502823,80.2158584595,76799,76810,11
12.9980802536,80.2155838013,76810,76820,10
12.998459816,80.2152328491,76820,76830,10
12.9988698959,80.2148513794,76830,76840,10
12.9991502762,80.2146072388,76840,76850,10
12.9995298386,80.2142791748,76850,76860,10
12.9999399185,80.2139434814,76860,76870,10
13.0003404617,80.2135925293,76870,76880,10
13.0008401871,80.213180542,76880,76890,10
13.0012998581,80.2128067017,76890,76900,10
13.0017995834,80.2124633789,76900,76910,10
13.0023403168,80.2121810913,76910,76919,9
13.002820015,80.212097168,76919,76931,12
13.0034503937,80.2120513916,76931,76941,10
13.0036001205,80.2119598389,76941,76951,10
13.0036697388,80.2116470337,76951,76961,10
13.003660202,80.2110824585,76961,76971,10
13.0035800934,80.2104415894,76971,76981,10
13.003490448,80.2098388672,76981,76991,10
13.0035400391,80.2093200684,76991,77001,10
13.0037002563,80.208732605,77001,77011,10
13.0043802261,80.2088165283,77011,77021,10
13.0052404404,80.2092208862,77021,77031,10
13.0059900284,80.2095184326,77031,77042,11
13.0066299438,80.2097320557,77042,77052,10
13.0070495605,80.2098312378,77052,77062,10
13.0073900223,80.2098617554,77062,77082,20
13.0073900223,80.2098617554,77082,77092,10
13.0076599121,80.2099380493,77092,77102,10
13.0080499649,80.2100067139,77102,77112,10
13.0080795288,80.2097091675,77112,77122,10
13.0079402924,80.2091217041,77122,77132,10
13.0078201294,80.2083206177,77132,77142,10
13.0076999664,80.2074584961,77142,77152,10
13.0075798035,80.2065963745,77152,77163,11
13.0074701309,80.2055664063,77163,77173,10
13.0074701309,80.2048034668,77173,77183,10
13.0074596405,80.2041931152,77183,77193,10
13.0073900223,80.2035522461,77193,77203,10
13.0072097778,80.2028121948,77203,77213,10
13.0066795349,80.2026290894,77213,77223,10
13.0065002441,80.2030792236,77223,77233,10
13.0067901611,80.2033996582,77233,77243,10
13.0072097778,80.2036132813,77243,77253,10
13.0077896118,80.203742981,77253,77263,10
13.0085496902,80.2037200928,77263,77272,9
13.0094003677,80.203666687,77272,77284,12
13.0107297897,80.2036590576,77284,77294,10
13.0118703842,80.2038116455,77294,77304,10
13.0128602982,80.2040176392,77304,77314,10
13.013759613,80.2042770386,77314,77324,10
13.0144796371,80.2044906616,77324,77334,10
13.0149898529,80.2046432495,77334,77344,10
13.0150203705,80.2046432495,77344,77354,10
13.0153598785,80.2046737671,77354,77364,10
13.0159301758,80.2049865723,77364,77374,10
13.0164604187,80.2050704956,77374,77384,10
13.0169095993,80.2052536011,77384,77393,9
13.0175895691,80.2055206299,77393,77405,12
13.0181798935,80.2057418823,77405,77415,10
13.0185403824,80.2059020996,77415,77425,10
13.0186395645,80.2059173584,77425,77435,10
13.018989563,80.2060699463,77435,77445,10
13.0195198059,80.2061920166,77445,77455,10
13.0200099945,80.2062606812,77455,77465,10
13.0207901001,80.2062683105,77465,77475,10
13.0215997696,80.2063064575,77475,77485,10
13.0223197937,80.2063674927,77485,77495,10
13.0230703354,80.2065582275,77495,77505,10
13.0238304138,80.2066497803,77505,77516,11
13.0246400833,80.2068634033,77516,77526,10
13.0255804062,80.2071075439,77526,77536,10
13.0264997482,80.2076263428,77536,77546,10
13.0273895264,80.2081680298,77546,77556,10
13.0283298492,80.2085800171,77556,77566,10
13.0292301178,80.2087936401,77566,77576,10
13.0297498703,80.2089004517,77576,77586,10
13.0301399231,80.2089920044,77586,77596,10
13.0306797028,80.2091522217,77596,77606,10
13.0313396454,80.2092971802,77606,77616,10
13.0316400528,80.2093734741,77616,77626,10
13.0317697525,80.2094192505,77626,77637,11
13.0322504044,80.2095718384,77637,77647,10
13.0329504013,80.2097167969,77647,77657,10
13.0337400436,80.2098922729,77657,77667,10
13.0345401764,80.210067749,77667,77677,10
13.0349798203,80.2103271484,77677,77687,10
13.0349597931,80.2105484009,77687,77697,10
13.0349197388,80.210899353,77697,77707,10
13.0349597931,80.2112121582,77707,77717,10
13.0349502563,80.2112884521,77717,77727,10
13.0349197388,80.211479187,77727,77737,10
13.0348701477,80.2117614746,77737,77747,10
13.0348596573,80.2121887207,77747,77758,11
13.0353603363,80.2123031616,77758,77768,10
13.0360298157,80.212310791,77768,77778,10
13.0368404388,80.2123184204,77778,77788,10
13.0377502441,80.2123031616,77788,77798,10
13.0386800766,80.2122879028,77798,77808,10
13.0395898819,80.2122879028,77808,77818,10
13.0405702591,80.2123031616,77818,77828,10
13.0415897369,80.212310791,77828,77838,10
13.0425901413,80.2122879028,77838,77848,10
13.0440397263,80.2122879028,77848,77949,101
13.0440397263,80.2122879028,77949,77959,10
13.0444803238,80.2123031616,77959,77969,10
13.0450296402,80.2122802734,77969,77979,10
13.0457601547,80.2122573853,77979,77990,11
13.04666996,80.2122421265,77990,78000,10
13.0474700928,80.2121810913,78000,78010,10
13.0482501984,80.2120666504,78010,78020,10
13.0485496521,80.2120285034,78020,78030,10
13.0485897064,80.2120285034,78030,78040,10
13.0489702225,80.2120132446,78040,78050,10
13.0494699478,80.2119827271,78050,78060,10
13.0497598648,80.2119674683,78060,78070,10
13.0500001907,80.2119369507,78070,78080,10
13.0502796173,80.2119522095,78080,78090,10
13.0507202148,80.2119903564,78090,78099,9
13.0512199402,80.2120437622,78099,78111,12
13.0523099899,80.2119827271,78111,78121,10
13.0531997681,80.2117614746,78121,78131,10
13.0539903641,80.211517334,78131,78141,10
13.0543603897,80.2114181519,78141,78151,10
13.0548095703,80.2114028931,78151,78161,10
13.055439949,80.2114105225,78161,78171,10
13.0562200546,80.2114181519,78171,78181,10
13.0570497513,80.2114181519,78181,78191,10
13.0575799942,80.2114028931,78191,78201,10
13.057800293,80.2113876343,78201,78211,10
13.0583200455,80.21144104,78211,78221,10
13.0588302612,80.2114715576,78221,78232,11
13.0595598221,80.211517334,78232,78242,10
13.0603904724,80.2115478516,78242,78252,10
13.0613298416,80.2116012573,78252,78262,10
13.0621404648,80.2117080688,78262,78272,10
13.0630397797,80.2115936279,78272,78282,10
13.0631904602,80.2115707397,78282,78292,10
13.0635299683,80.2115402222,78292,78302,10
13.0641002655,80.211479187,78302,78312,10
13.064789772,80.211227417,78312,78322,10
13.0655097961,80.2107391357,78322,78332,10
13.0662899017,80.2100906372,78332,78343,11
13.0670700073,80.2092514038,78343,78353,10
13.0675897598,80.2084121704,78353,78363,10
13.0680999756,80.2076034546,78363,78373,10
13.0685901642,80.2068328857,78373,78383,10
13.0690402985,80.2060928345,78383,78393,10
13.0694704056,80.2054595947,78393,78403,10
13.0696296692,80.2050704956,78403,78413,10
13.0696697235,80.2049789429,78413,78423,10
13.0694198608,80.2048187256,78423,78433,10
13.0690898895,80.2051467896,78433,78443,10
13.0687103271,80.2050170898,78443,78484,41
13.0687103271,80.2050170898,78484,78494,10
13.0689201355,80.2047271729,78494,78534,40
13.0689201355,80.2047271729,78534,78544,10
13.0690002441,80.2046890259,78544,78554,10
13.0692396164,80.2047119141,78554,78564,10
13.0695199966,80.2047576904,78564,78574,10
13.0697402954,80.2048110962,78574,78585,11
13.0699501038,80.204788208,78585,78595,10
13.0701198578,80.2045669556,78595,78605,10
13.0704402924,80.2041320801,78605,78615,10
13.0708904266,80.2035980225,78615,78625,10
13.0713796616,80.2030181885,78625,78635,10
13.071969986,80.202331543,78635,78695,60
13.071969986,80.202331543,78695,78706,11
13.0721302032,80.2021713257,78706,78716,10
13.0724201202,80.2018432617,78716,78726,10
13.0727701187,80.201423645,78726,78736,10
13.0732297897,80.2008514404,78736,78746,10
13.0737400055,80.2002410889,78746,78756,10
13.0741996765,80.1996994019,78756,78766,10
13.0743904114,80.1995010376,78766,78776,10
13.0746202469,80.1993103027,78776,78786,10
13.0751199722,80.1990966797,78786,78796,10
13.0758800507,80.1990432739,78796,78806,10
13.0767602921,80.1989974976,78806,78817,11
13.077630043,80.1989135742,78817,78827,10
13.0784301758,80.1988067627,78827,78837,10
13.0791597366,80.1987304688,78837,78847,10
13.0798301697,80.1986618042,78847,78857,10
13.0805101395,80.198600769,78857,78867,10
13.0812196732,80.1985702515,78867,78877,10
13.0818996429,80.1985473633,78877,78887,10
13.0823602676,80.1984710693,78887,78897,10
13.0826702118,80.1984634399,78897,78907,10
13.0830497742,80.1984710693,78907,78917,10
13.0833301544,80.1984405518,78917,78927,10
13.0835199356,80.1984405518,78927,78938,11
13.0837097168,80.1984481812,78938,78948,10
13.0841398239,80.1984634399,78948,78958,10
13.0847101212,80.1984786987,78958,78968,10
13.0851097107,80.1984481812,78968,78978,10
13.0854501724,80.1984405518,78978,78988,10
13.0858201981,80.1984329224,78988,78998,10
13.0863199234,80.1984100342,78998,79008,10
13.0867395401,80.1984100342,79008,79018,10
13.086979866,80.198387146,79018,79028,10
13.0870895386,80.1981201172,79028,79038,10
13.0871200562,80.1980285645,79038,79048,10
13.0871896744,80.1977386475,79048,79059,11
13.0871801376,80.1971435547,79059,79069,10
13.0871896744,80.1963577271,79069,79079,10
13.0872001648,80.1955032349,79079,79089,10
13.087220192,80.1946716309,79089,79099,10
13.0872497559,80.1937637329,79099,79109,10
13.0872602463,80.1929931641,79109,79119,10
13.0872802734,80.1928787231,79119,79129,10
13.0873203278,80.1927566528,79129,79139,10
13.0873699188,80.1923294067,79139,79149,10
13.087439537,80.1917266846,79149,79159,10
13.0874700546,80.1910171509,79159,79170,11
13.0875902176,80.1901168823,79170,79180,10
13.0876598358,80.1893615723,79180,79190,10
13.0876703262,80.1890487671,79190,79200,10
13.0876998901,80.188873291,79200,79210,10
13.0877304077,80.1883468628,79210,79230,20
13.0877304077,80.1883468628,79230,79240,10
13.0877199173,80.1882781982,79240,79250,10
13.087770462,80.1878814697,79250,79260,10
13.0878295898,80.1872406006,79260,79270,10
13.087849617,80.1864624023,79270,79280,10
13.0878696442,80.1856231689,79280,79291,11
13.0879201889,80.1846237183,79291,79301,10
13.0879802704,80.1837081909,79301,79311,10
13.0880002975,80.1827468872,79311,79321,10
13.0880498886,80.1818466187,79321,79331,10
13.0880699158,80.1809082031,79331,79341,10
13.0880699158,80.1801071167,79341,79351,10
13.0880804062,80.1795196533,79351,79361,10
13.088060379,80.1790466309,79361,79371,10
13.0880699158,80.1789474487,79371,79381,10
13.0880899429,80.1785964966,79381,79391,10
13.0881204605,80.1779632568,79391,79400,9
13.088139534,80.1772689819,79400,79412,12
13.0881996155,80.1762695313,79412,79422,10
13.0882701874,80.1753005981,79422,79432,10
13.0883197784,80.1744766235,79432,79442,10
13.0883903503,80.1737289429,79442,79452,10
13.0884504318,80.1728897095,79452,79462,10
13.0884799957,80.172088623,79462,79472,10
13.0884799957,80.1718902588,79472,79482,10
13.0885095596,80.1716537476,79482,79492,10
13.0885601044,80.1711196899,79492,79502,10
13.0886001587,80.1704483032,79502,79511,9
13.0886297226,80.169921875,79511,79523,12
13.0887403488,80.1695404053,79523,79533,10
13.089050293,80.1695098877,79533,79543,10
13.089630127,80.1695632935,79543,79553,10
13.0903701782,80.1696090698,79553,79563,10
13.0912504196,80.1696624756,79563,79573,10
13.0922002792,80.1697235107,79573,79583,10
13.0931301117,80.1697692871,79583,79593,10
13.0939998627,80.1698303223,79593,79603,10
13.0946397781,80.1698608398,79603,79613,10
13.0949201584,80.1698684692,79613,79623,10
13.0951900482,80.1698989868,79623,79633,10
13.0957298279,80.1699295044,79633,79644,11
13.0965299606,80.169960022,79644,79654,10
13.0973100662,80.1699981689,79654,79664,10
13.0980997086,80.1700363159,79664,79674,10
13.0988702774,80.1700820923,79674,79684,10
13.0993404388,80.1700973511,79684,79734,50
13.0993404388,80.1700973511,79734,79744,10
13.0997200012,80.1701202393,79744,79754,10
13.0997400284,80.1702194214,79754,79765,11
13.0995502472,80.1702575684,79765,79775,10
13.0993099213,80.1702194214,79775,79795,20
13.0989303589,80.1702423096,79795,80844,1049
13.0989303589,80.1702423096,80844,80854,10
13.0986700058,80.1701965332,80854,80864,10
13.098279953,80.1701583862,80864,80874,10
13.0978403091,80.1701202393,80874,80884,10
13.0972499847,80.1700668335,80884,80894,10
13.0965499878,80.1700210571,80894,80904,10
13.0958003998,80.1699829102,80904,80914,10
13.0950899124,80.1699523926,80914,80924,10
13.0946903229,80.1698989868,80924,80934,10
13.0944099426,80.1698913574,80934,80944,10
13.0939998627,80.1698684692,80944,80955,11
13.0933103561,80.1698074341,80955,80965,10
13.0925397873,80.1697387695,80965,80975,10
13.0916700363,80.1697006226,80975,80985,10
13.0909204483,80.1696472168,80985,80995,10
13.0901498795,80.1696166992,80995,81005,10
13.0892696381,80.1695632935,81005,81015,10
13.0887203217,80.1695785522,81015,81025,10
13.0886602402,80.169921875,81025,81035,10
13.088640213,80.1704483032,81035,81045,10
13.0886001587,80.1711425781,81045,81055,10
13.0885696411,80.1717300415,81055,81064,9
13.0885696411,80.1719207764,81064,81076,12
13.0885295868,80.1722564697,81076,81086,10
13.0885000229,80.1728363037,81086,81096,10
13.0884599686,80.1735687256,81096,81106,10
13.0884304047,80.1743621826,81106,81116,10
13.0883903503,80.1748275757,81116,81126,10
13.0883598328,80.1753616333,81126,81136,10
13.0883102417,80.1761169434,81136,81146,10
13.0882701874,80.1769790649,81146,81156,10
13.0882396698,80.1777572632,81156,81166,10
13.0882501602,80.1784820557,81166,81176,10
13.0882501602,80.1785812378,81176,81187,11
13.0882196426,80.1788711548,81187,81197,10
13.0882196426,80.1794586182,81197,81207,10
13.0881996155,80.1802368164,81207,81217,10
13.0881700516,80.1811599731,81217,81227,10
13.0881204605,80.1821594238,81227,81237,10
13.0880899429,80.1831817627,81237,81247,10
13.0880403519,80.1841888428,81247,81257,10
13.0879898071,80.1851730347,81257,81267,10
13.0879297256,80.186126709,81267,81277,10
13.0878896713,80.1870880127,81277,81287,10
13.087849617,80.1880264282,81287,81297,10
13.0878295898,80.1888809204,81297,81308,11
13.0877799988,80.1896514893,81308,81318,10
13.0877599716,80.1898269653,81318,81328,10
13.0877399445,80.1899490356,81328,81338,10
13.087679863,80.190322876,81338,81348,10
13.0875997543,80.1910095215,81348,81358,10
13.0874795914,80.1918792725,81358,81368,10
13.087389946,80.1926574707,81368,81378,10
13.0873498917,80.1931762695,81378,81388,10
13.0873403549,80.1938781738,81388,81398,10
13.0873203278,80.1946792603,81398,81408,10
13.0873003006,80.1954269409,81408,81417,9
13.087269783,80.1960906982,81417,81429,12
13.0872402191,80.1971435547,81429,81439,10
13.087220192,80.1977996826,81439,81449,10
13.0872097015,80.1979598999,81449,81459,10
13.0873003006,80.1983337402,81459,81469,10
13.0874900818,80.1984405518,81469,81479,10
13.0878801346,80.1984176636,81479,81489,10
13.0885295868,80.1984024048,81489,81499,10
13.089220047,80.1984024048,81499,81509,10
13.0899200439,80.1984176636,81509,81519,10
13.0907096863,80.1985015869,81519,81529,10
13.0914096832,80.1985473633,81529,81540,11
13.0922298431,80.1986083984,81540,81550,10
13.0929603577,80.1986465454,81550,81560,10
13.0929603577,80.1990280151,81560,81570,10
13.0929403305,80.1992111206,81570,81580,10
13.0929098129,80.1996994019,81580,81590,10
13.0928897858,80.200340271,81590,81600,10
13.0927200317,80.2005691528,81600,81610,10
13.092209816,80.2005767822,81610,81620,10
13.0915002823,80.2005691528,81620,81630,10
13.0906801224,80.2005386353,81630,81640,10
13.0898504257,80.2004776001,81640,81650,10
13.0889596939,80.2004470825,81650,81661,11
13.088060379,80.2004165649,81661,81671,10
13.0871496201,80.2004318237,81671,81681,10
13.0863304138,80.2003936768,81681,81691,10
13.085650444,80.2003707886,81691,81701,10
13.0854902267,80.2003479004,81701,81711,10
13.0852804184,80.2001419067,81711,81721,10
13.0852899551,80.19972229,81721,81731,10
13.0852804184,80.1990814209,81731,81741,10
13.0851202011,80.1986694336,81741,81751,10
13.0845899582,80.1986618042,81751,81761,10
13.0842199326,80.1986618042,81761,81771,10
13.0840196609,80.1986312866,81771,81782,11
13.083439827,80.1986465454,81782,81792,10
13.0829896927,80.198638916,81792,81802,10
13.0829601288,80.198638916,81802,81812,10
13.0828104019,80.1986236572,81812,81822,10
13.0824203491,80.1986236572,81822,81832,10
13.0817804337,80.1986236572,81832,81842,10
13.0809803009,80.198600769,81842,81852,10
13.0800800323,80.1986999512,81852,81862,10
13.0790996552,80.1987762451,81862,81872,10
13.0781002045,80.198890686,81872,81882,10
13.0771799088,80.1990127563,81882,81892,10
13.0763597488,80.1991195679,81892,81903,11
13.0754003525,80.199256897,81903,81913,10
13.074549675,80.1996231079,81913,81923,10
13.0738601685,80.2002410889,81923,81933,10
13.0736103058,80.2005386353,81933,81943,10
13.0734500885,80.2007369995,81943,81953,10
13.0730400085,80.2011871338,81953,81963,10
13.072520256,80.2017974854,81963,81973,10
13.0719604492,80.2023925781,81973,81983,10
13.0713300705,80.2031173706,81983,81993,10
13.0706100464,80.203956604,81993,82002,9
13.0698404312,80.2050018311,82002,82044,42
13.0698404312,80.2050018311,82044,82054,10
13.0697698593,80.2050094604,82054,82064,10
13.069560051,80.2048797607,82064,82074,10
13.0692901611,80.2049179077,82074,82084,10
13.0690097809,80.2053527832,82084,82094,10
13.0679702759,80.2053527832,82094,82225,131
13.0679702759,80.2053527832,82225,82235,10
13.0681400299,80.2049484253,82235,82245,10
13.0684900284,80.204826355,82245,82256,11
13.0690402985,80.2046585083,82256,82266,10
13.0694799423,80.2047119141,82266,82276,10
13.0697002411,80.2048034668,82276,82286,10
13.0698404312,80.2050170898,82286,82296,10
13.0696802139,80.2053604126,82296,82306,10
13.0693397522,80.2059020996,82306,82316,10
13.0689096451,80.2065811157,82316,82326,10
13.0684099197,80.2073898315,82326,82336,10
13.067899704,80.2082214355,82336,82346,10
13.0674104691,80.2089691162,82346,82355,9
13.0669298172,80.2096710205,82355,82366,11
13.0660495758,80.2104568481,82366,82377,11
13.0652503967,80.2111129761,82377,82387,10
13.0650596619,80.2112579346,82387,82397,10
13.0648498535,80.2114028931,82397,82407,10
13.0643396378,80.2115936279,82407,82417,10
13.0636501312,80.2117080688,82417,82427,10
13.0628795624,80.2117462158,82427,82437,10
13.0621500015,80.2117919922,82437,82447,10
13.0611801147,80.2116928101,82447,82457,10
13.0601997375,80.2116622925,82457,82467,10
13.059220314,80.2116317749,82467,82477,10
13.0582895279,80.2116088867,82477,82488,11
13.0573797226,80.2115783691,82488,82498,10
13.0564603806,80.2115631104,82498,82508,10
13.0554895401,80.2115631104,82508,82518,10
13.0545396805,80.2115478516,82518,82528,10
13.0536203384,80.211730957,82528,82538,10
13.0527896881,80.2119369507,82538,82548,10
13.0521297455,80.2121124268,82548,82558,10
13.0515699387,80.2121734619,82558,82568,10
13.0510902405,80.2121582031,82568,82598,30
13.0510902405,80.2121582031,82598,82609,11
13.050620079,80.2121505737,82609,82619,10
13.0502099991,80.2121124268,82619,82629,10
13.0499601364,80.212097168,82629,82639,10
13.0497198105,80.2120895386,82639,82649,10
13.0495300293,80.2121200562,82649,82659,10
13.0493402481,80.2121200562,82659,82669,10
13.0488796234,80.2121124268,82669,82679,10
13.0482501984,80.2121734619,82679,82689,10
13.047419548,80.2122573853,82689,82699,10
13.0464200974,80.2123031616,82699,82709,10
13.0454597473,80.2123413086,82709,82720,11
13.0449104309,80.2123794556,82720,82730,10
13.044549942,80.212387085,82730,82740,10
13.0440301895,80.2124023438,82740,82750,10
13.043390274,80.2123794556,82750,82760,10
13.0426397324,80.2123794556,82760,82770,10
13.0418796539,80.212387085,82770,82780,10
13.041009903,80.212387085,82780,82790,10
13.040019989,80.2124176025,82790,82800,10
13.0390195847,80.2124176025,82800,82810,10
13.038069725,80.2124099731,82810,82820,10
13.0374898911,80.2123794556,82820,82829,9
13.0371398926,80.2123413086,82829,82841,12
13.0364103317,80.2123184204,82841,82851,10
13.0357198715,80.2123336792,82851,82861,10
13.0349998474,80.212272644,82861,82871,10
13.0345201492,80.2121734619,82871,82881,10
13.034330368,80.2121276855,82881,82891,10
13.0342102051,80.2121124268,82891,82901,10
13.0341396332,80.212097168,82901,82911,10
13.0337896347,80.2120437622,82911,82921,10
13.0331602097,80.2118530273,82921,82931,10
13.0325298309,80.2117462158,82931,82941,10
13.0320501328,80.2115631104,82941,82951,10
13.0320501328,80.2109832764,82951,82962,11
13.0321102142,80.2101364136,82962,82972,10
13.0319099426,80.2096176147,82972,82982,10
13.0311603546,80.2094573975,82982,82992,10
13.0304002762,80.2092437744,82992,83002,10
13.029709816,80.209022522,83002,83012,10
13.0291204453,80.2088623047,83012,83022,10
13.028260231,80.2086029053,83022,83032,10
13.0274400711,80.2082366943,83032,83042,10
13.0267295837,80.2078170776,83042,83052,10
13.0260601044,80.2074127197,83052,83061,9
13.0254201889,80.2070999146,83061,83073,12
13.0244903564,80.2069168091,83073,83083,10
13.0242300034,80.2068786621,83083,83093,10
13.0239896774,80.206817627,83093,83103,10
13.023440361,80.2066802979,83103,83113,10
13.0226697922,80.2065429688,83113,83123,10
13.0218296051,80.206451416,83123,83133,10
13.0209102631,80.2064437866,83133,83143,10
13.0200099945,80.2064285278,83143,83153,10
13.0192699432,80.2063598633,83153,83163,10
13.0191802979,80.2063293457,83163,83173,10
13.0190401077,80.2062911987,83173,83183,10
13.0184898376,80.2061309814,83183,83194,11
13.0177097321,80.2058563232,83194,83204,10
13.0169200897,80.2056503296,83204,83214,10
13.0161600113,80.2053070068,83214,83224,10
13.0151901245,80.2049713135,83224,83234,10
13.014380455,80.2046432495,83234,83244,10
13.0141801834,80.2045593262,83244,83254,10
13.0137701035,80.2044219971,83254,83264,10
13.0135202408,80.2045974731,83264,83274,10
13.013469696,80.2048416138,83274,83284,10
13.0133399963,80.2053833008,83284,83294,10
13.013130188,80.2061080933,83294,83304,10
13.0130195618,80.2068862915,83304,83315,11
13.0129404068,80.2076873779,83315,83325,10
13.0128898621,80.2081985474,83325,83335,10
13.0128898621,80.2085113525,83335,83345,10
13.0129299164,80.2088775635,83345,83355,10
13.0130996704,80.2094116211,83355,83365,10
13.0131702423,80.2099914551,83365,83375,10
13.0130796432,80.2106781006,83375,83385,10
13.0128002167,80.2113571167,83385,83395,10
13.0124397278,80.2119598389,83395,83405,10
13.0120897293,80.2125320435,83405,83415,10
13.011879921,80.2128067017,83415,83425,10
13.0116701126,80.2127838135,83425,83436,11
13.011300087,80.2124633789,83436,83446,10
13.0107803345,80.2120819092,83446,83456,10
13.0102796555,80.2116928101,83456,83466,10
13.0097703934,80.2113113403,83466,83476,10
13.0094299316,80.2110671997,83476,83516,40
13.0094299316,80.2110671997,83516,83526,10
13.00922966,80.2110977173,83526,83536,10
13.009059906,80.2113800049,83536,83547,11
13.0091199875,80.2118988037,83547,83557,10
13.0093297958,80.2125701904,83557,83567,10
13.0095796585,80.2132720947,83567,83577,10
13.0098600388,80.2139816284,83577,83587,10
13.0101003647,80.2145996094,83587,83597,10
13.0101995468,80.21534729,83597,83607,10
13.0104598999,80.2161331177,83607,83617,10
13.010840416,80.2169876099,83617,83627,10
13.0112495422,80.2179031372,83627,83637,10
13.011590004,80.2188720703,83637,83647,10
13.0119400024,80.2198867798,83647,83657,10
13.0122299194,80.2208328247,83657,83668,11
13.0124797821,80.2216186523,83668,83678,10
13.0129003525,80.2221984863,83678,83688,10
13.0134401321,80.2227172852,83688,83698,10
13.0138998032,80.2232437134,83698,83708,10
13.0141296387,80.2233886719,83708,83718,10
13.0143299103,80.2236328125,83718,83728,10
13.0148096085,80.2242126465,83728,83738,10
13.0153102875,80.2249526978,83738,83748,10
13.0152902603,80.225692749,83748,83758,10
13.0146598816,80.2260131836,83758,83768,10
13.0142698288,80.2261581421,83768,83778,10
13.0142202377,80.2261810303,83778,83789,11
13.0138597488,80.2263336182,83789,83799,10
13.0133304596,80.2265701294,83799,83809,10
13.0126399994,80.2268371582,83809,83819,10
13.011879921,80.227142334,83819,83829,10
13.01101017,80.2274932861,83829,83839,10
13.0101699829,80.2278289795,83839,83849,10
13.0095100403,80.2277832031,83849,83859,10
13.00963974,80.2272567749,83859,83869,10
13.0099802017,80.2265625,83869,83879,10
13.0102901459,80.2257766724,83879,83889,10
13.0105495453,80.2252120972,83889,83900,11
13.0107603073,80.2247695923,83900,83910,10
13.0109395981,80.2243881226,83910,83920,10
13.0112199783,80.2236480713,83920,83930,10
13.0110797882,80.2231674194,83930,83940,10
13.0104398727,80.2228088379,83940,83950,10
13.0097103119,80.2223968506,83950,83960,10
13.0088596344,80.2219467163,83960,83970,10
13.0079698563,80.2214508057,83970,83980,10
13.0073003769,80.2210769653,83980,83990,10
13.0067501068,80.2207717896,83990,84000,10
13.0060997009,80.2205429077,84000,84010,10
13.0052700043,80.2203674316,84010,84021,11
13.0043096542,80.2201538086,84021,84031,10
13.0033998489,80.2199401855,84031,84041,10
13.0024995804,80.2195663452,84041,84051,10
13.001830101,80.2189025879,84051,84061,10
13.0011196136,80.2183532715,84061,84071,10
13.000289917,80.2178192139,84071,84081,10
12.9994497299,80.2173233032,84081,84091,10
12.9985599518,80.2168502808,84091,84101,10
12.9976797104,80.2165679932,84101,84111,10
12.9970998764,80.2165374756,84111,84121,10
12.9970598221,80.2165374756,84121,84130,9
12.9967002869,80.2165374756,84130,84142,12
12.9959802628,80.2166595459,84142,84152,10
12.9952297211,80.2169189453,84152,84162,10
12.994509697,80.2174072266,84162,84172,10
12.9937696457,80.2179489136,84172,84182,10
12.9930000305,80.2184906006,84182,84192,10
12.9923000336,80.2190170288,84192,84202,10
12.9916200638,80.2194900513,84202,84212,10
12.9911003113,80.2194824219,84212,84222,10
12.9909601212,80.2194137573,84222,84232,10
12.9905395508,80.21925354,84232,84242,10
12.9898900986,80.2190093994,84242,84253,11
12.9889698029,80.2186813354,84253,84263,10
12.9879102707,80.2183914185,84263,84273,10
12.9870595932,80.2182617188,84273,84283,10
12.9868803024,80.218208313,84283,84293,10
12.9864702225,80.2181015015,84293,84303,10
12.9860095978,80.2179870605,84303,84313,10
12.9851999283,80.2178878784,84313,84323,10
12.9843397141,80.2179107666,84323,84333,10
12.9839897156,80.2179336548,84333,84343,10
12.9838199615,80.2179489136,84343,84353,10
12.9832801819,80.2179412842,84353,84363,10
12.9824800491,80.2179336548,84363,84374,11
12.9813804626,80.2180328369,84374,84384,10
12.9804296494,80.2183380127,84384,84394,10
12.9797096252,80.2186279297,84394,84404,10
12.979060173,80.2189025879,84404,84414,10
12.9786195755,80.219078064,84414,84424,10
12.9781103134,80.2193069458,84424,84434,10
12.977350235,80.2196273804,84434,84444,10
12.9765300751,80.2199783325,84444,84454,10
12.9757604599,80.2203063965,84454,84464,10
12.9754600525,80.2206878662,84464,84474,10
12.9758195877,80.2208633423,84474,84836,362
12.9759597778,80.2210464478,84836,84908,72
12.9759597778,80.2210464478,84908,84918,10
12.9759702682,80.2211532593,84918,84928,10
12.9761800766,80.2212524414,84928,84938,10
12.9764299393,80.2212219238,84938,84948,10
12.9767999649,80.2212371826,84948,84958,10
12.977519989,80.2211990356,84958,84969,11
12.9784402847,80.2211685181,84969,84979,10
12.97935009,80.2210998535,84979,84989,10
12.9802799225,80.2210388184,84989,84999,10
12.9812002182,80.2210693359,84999,85009,10
12.9819898605,80.2215881348,85009,85019,10
12.98279953,80.2218933105,85019,85029,10
12.9830303192,80.2219924927,85029,85039,10
12.983300209,80.2221679688,85039,85049,10
12.9838399887,80.2225265503,85049,85059,10
12.9845399857,80.2229537964,85059,85069,10
12.9852600098,80.2232818604,85069,85080,11
12.9858198166,80.2229766846,85080,85090,10
12.9864301682,80.2229614258,85090,85100,10
12.9867296219,80.2229690552,85100,85110,10
12.9872903824,80.2230529785,85110,85120,10
12.9880304337,80.2228927612,85120,85130,10
12.9887399673,80.2222290039,85130,85140,10
12.9893598557,80.2214584351,85140,85150,10
12.9900102615,80.2206268311,85150,85160,10
12.9909000397,80.2199783325,85160,85170,10
12.9917097092,80.2193603516,85170,85180,10
12.9925899506,80.2187423706,85180,85190,10
12.9935503006,80.2180175781,85190,85201,11
12.9944896698,80.217338562,85201,85211,10
12.9952697754,80.216796875,85211,85221,10
12.9962301254,80.2165527344,85221,85231,10
12.9970903397,80.2164535522,85231,85241,10
12.9974498749,80.2161636353,85241,85251,10
12.9979696274,80.2157592773,85251,85261,10
12.9986801147,80.2150726318,85261,85271,10
12.9991397858,80.2146377563,85271,85281,10
12.9994497299,80.2143783569,85281,85291,10
12.999879837,80.214012146,85291,85301,10
13.0003404617,80.2136001587,85301,85312,11
13.00096035,80.2130966187,85312,85322,10
13.0016298294,80.2125930786,85322,85332,10
13.0024204254,80.2121200562,85332,85342,10
13.003279686,80.212020874,85342,85352,10
13.0036697388,80.2116012573,85352,85362,10
13.0036201477,80.2108383179,85362,85372,10
13.0035400391,80.2101593018,85372,85382,10
13.0034999847,80.2094726563,85382,85392,10
13.003660202,80.2087631226,85392,85402,10
13.0043497086,80.2087402344,85402,85412,10
13.0053100586,80.2091827393,85412,85421,9
13.0061903,80.2095108032,85421,85433,12
13.0073404312,80.2098312378,85433,85443,10
13.007900238,80.2098999023,85443,85453,10
13.0079097748,80.2098999023,85453,85463,10
13.0081396103,80.2099227905,85463,85473,10
13.0081300735,80.2096405029,85473,85483,10
13.0080003738,80.2090530396,85483,85493,10
13.0078697205,80.208190918,85493,85503,10
13.0076999664,80.2071228027,85503,85513,10
13.007519722,80.2061004639,85513,85523,10
13.0073204041,80.2054901123,85523,85533,10
13.0070295334,80.204788208,85533,85543,10
13.006649971,80.2040100098,85543,85554,11
13.0059995651,80.2030715942,85554,85564,10
13.0056200027,80.2023468018,85564,85574,10
13.0051403046,80.2016906738,85574,85584,10
13.0045204163,80.2012329102,85584,85594,10
13.0039196014,80.2010498047,85594,85604,10
13.0031099319,80.200843811,85604,85614,10
13.0022001266,80.2004699707,85614,85624,10
13.0016298294,80.1996231079,85624,85634,10
13.0017004013,80.1986465454,85634,85644,10
13.0018396378,80.197883606,85644,85654,10
13.0018596649,80.1971435547,85654,85665,11
13.0014600754,80.1962509155,85665,85675,10
13.0008096695,80.1953811646,85675,85685,10
13.0001001358,80.1945114136,85685,85695,10
12.9995098114,80.1937484741,85695,85705,10
12.9989404678,80.1930389404,85705,85715,10
12.9983997345,80.1923522949,85715,85725,10
12.9981498718,80.1922683716,85725,85735,10
12.9977798462,80.1926116943,85735,85745,10
12.9971704483,80.1930999756,85745,85755,10
12.9968996048,80.1932678223,85755,85765,10
12.996720314,80.193031311,85765,85775,10
12.9966001511,80.1925506592,85775,85786,11
12.9963998795,80.1919326782,85786,85796,10
12.9963102341,80.1915893555,85796,85917,121
12.9963102341,80.1915893555,85917,85927,10
