12.9968099594,80.1910476685,18,109,91
12.9967603683,80.1912918091,109,583,474
12.9968395233,80.1910934448,583,816,233
12.9967098236,80.1911773682,816,10051,9235
12.9967098236,80.1911773682,10051,10061,10
12.9968204498,80.1912918091,10061,10374,313
12.9967699051,80.1911392212,10374,10819,445
12.996720314,80.1913070679,10819,11071,252
12.9966802597,80.191116333,11071,17511,6440
12.9967699051,80.1912002563,17511,17541,30
12.9966802597,80.1912994385,17541,17622,81
12.9967403412,80.1912078857,17622,17834,212
12.9967403412,80.1912078857,17834,17844,10
12.9967098236,80.191192627,17844,19106,1262
12.9967098236,80.191192627,19106,19116,10
12.9963998795,80.1914520264,19116,19126,10
12.9962902069,80.1912765503,19126,19136,10
12.9962301254,80.1910400391,19136,19146,10
12.9961795807,80.1907730103,19146,19156,10
12.9960803986,80.1904373169,19156,19167,11
12.9959697723,80.1900100708,19167,19177,10
12.995880127,80.1897277832,19177,19187,10
12.9958600998,80.1896820068,19187,19197,10
12.9958896637,80.189491272,19197,19207,10
12.9959201813,80.1893768311,19207,19217,10
12.9960298538,80.1893081665,19217,19227,10
12.9962596893,80.1894378662,19227,19237,10
12.9966402054,80.1898880005,19237,19247,10
12.9970998764,80.1904830933,19247,19257,10
12.9976396561,80.1911087036,19257,19267,10
12.9981298447,80.1917266846,19267,19278,11
12.9986696243,80.1924209595,19278,19288,10
12.999130249,80.1930236816,19288,19298,10
12.9996404648,80.1936721802,19298,19308,10
13.0002002716,80.1943817139,19308,19318,10
13.0007801056,80.1950683594,19318,19328,10
13.0012998581,80.1957015991,19328,19338,10
13.0018396378,80.1963577271,19338,19348,10
13.0021600723,80.1971817017,19348,19358,10
13.0020103455,80.1981201172,19358,19368,10
13.0018501282,80.1989822388,19368,19379,11
13.0018796921,80.1998214722,19379,19389,10
13.002289772,80.2003936768,19389,19399,10
13.0030498505,80.2007064819,19399,19409,10
13.0035495758,80.2007598877,19409,19419,10
13.0037899017,80.2008209229,19419,19550,131
13.0037899017,80.2008209229,19550,19560,10
13.004119873,80.2009887695,19560,19570,10
13.0043401718,80.2010574341,19570,19580,10
13.0048599243,80.2012405396,19580,19591,11
13.0055704117,80.2018127441,19591,19601,10
13.0060195923,80.2025909424,19601,19611,10
13.0065402985,80.2032394409,19611,19621,10
13.0071697235,80.2036437988,19621,19631,10
13.0079603195,80.2037887573,19631,19641,10
13.0088996887,80.2037277222,19641,19651,10
13.010020256,80.2036514282,19651,19661,10
13.011179924,80.2036972046,19661,19671,10
13.0123596191,80.2038803101,19671,19681,10
13.0132799149,80.2040634155,19681,19691,10
13.0140304565,80.2043228149,19691,19702,11
13.0149497986,80.2045516968,19702,19712,10
13.0150203705,80.2045669556,19712,19722,10
13.0158395767,80.2048492432,19722,19732,10
13.0158395767,80.2048492432,19732,19742,10
13.0164699554,80.2051086426,19742,19751,9
13.016960144,80.2052688599,19751,19770,19
13.0186195374,80.2059020996,19770,19780,10
13.0190296173,80.2059936523,19780,19790,10
13.0190696716,80.2060089111,19790,19801,11
13.0192899704,80.2061233521,19801,19811,10
13.0198202133,80.2062225342,19811,19821,10
13.02064991,80.2062530518,19821,19831,10
13.0215902328,80.2062530518,19831,19841,10
13.0225601196,80.2063674927,19841,19851,10
13.0236301422,80.2065734863,19851,19861,10
13.0245895386,80.2067489624,19861,19871,10
13.0256004333,80.20703125,19871,19881,10
13.0265102386,80.2075271606,19881,19891,10
13.0272798538,80.2080078125,19891,19901,10
13.0281000137,80.2084579468,19901,19912,11
13.0291996002,80.2087173462,19912,19922,10
13.0300197601,80.2089309692,19922,19932,10
13.0307598114,80.2091293335,19932,19942,10
13.031709671,80.2093429565,19942,19962,20
13.031709671,80.2093429565,19962,19972,10
13.0320796967,80.209487915,19972,19982,10
13.0328397751,80.2095870972,19982,19992,10
13.033659935,80.2097702026,19992,20002,10
13.0345401764,80.2099990845,20002,20013,11
13.0350704193,80.2104415894,20013,20023,10
13.0349998474,80.2112808228,20023,20043,20
13.0349998474,80.2112808228,20043,20053,10
13.0349197388,80.2115478516,20053,20063,10
13.0348701477,80.2120285034,20063,20073,10
13.0352802277,80.2122573853,20073,20083,10
13.0360097885,80.212272644,20083,20093,10
13.0369300842,80.2122573853,20093,20103,10
13.0378704071,80.212272644,20103,20113,10
13.0388898849,80.2122573853,20113,20124,11
13.0400695801,80.2122802734,20124,20134,10
13.0411901474,80.2122879028,20134,20144,10
13.0422296524,80.2122573853,20144,20154,10
13.0433998108,80.2122497559,20154,20164,10
13.0444002151,80.2122192383,20164,20174,10
13.0454101563,80.2122268677,20174,20184,10
13.0464096069,80.2122192383,20184,20194,10
13.0474500656,80.2121582031,20194,20204,10
13.0484600067,80.2120132446,20204,20225,21
13.0484600067,80.2120132446,20225,20235,10
13.0485496521,80.2119369507,20235,20245,10
13.0488996506,80.2119522095,20245,20255,10
13.049659729,80.2119293213,20255,20285,30
13.049659729,80.2119293213,20285,20295,10
13.0498304367,80.2118911743,20295,20305,10
13.0501699448,80.2118988037,20305,20315,10
13.0505895615,80.2119369507,20315,20325,10
13.0508899689,80.2119979858,20325,20336,11
13.0517997742,80.212059021,20336,20345,9
13.0526304245,80.2118835449,20345,20356,11
13.0537204742,80.2116012573,20356,20366,10
13.0545797348,80.2114334106,20366,20376,10
13.0555000305,80.21144104,20376,20386,10
13.0566196442,80.2114334106,20386,20396,10
13.0576400757,80.2114028931,20396,20406,10
13.0578603745,80.2113876343,20406,20416,10
13.0582304001,80.2114028931,20416,20426,10
13.0588998795,80.2114105225,20426,20437,11
13.0597496033,80.2115097046,20437,20447,10
13.0606403351,80.2115707397,20447,20457,10
13.0614795685,80.2116012573,20457,20467,10
13.0622196198,80.2116317749,20467,20477,10
13.0629997253,80.2115402222,20477,20487,10
13.0631303787,80.2115097046,20487,20497,10
13.06346035,80.2115097046,20497,20507,10
13.0637702942,80.2114715576,20507,20517,10
13.0642204285,80.2114181519,20517,20527,10
13.064909935,80.211151123,20527,20537,10
13.0656499863,80.2106323242,20537,20548,11
13.0665197372,80.2098999023,20548,20558,10
13.0672197342,80.2090072632,20558,20568,10
13.0677404404,80.208152771,20568,20578,10
13.0683498383,80.2072525024,20578,20588,10
13.0688495636,80.2065124512,20588,20598,10
13.0691204071,80.2061233521,20598,20608,10
13.0692396164,80.2058792114,20608,20618,10
13.0693597794,80.2057418823,20618,20628,10
13.0694999695,80.2054901123,20628,20638,10
13.0695199966,80.2054672241,20638,20649,11
13.069609642,80.2052764893,20649,20659,10
13.0696296692,80.2052383423,20659,20669,10
13.0697097778,80.2050323486,20669,20679,10
13.069609642,80.2048416138,20679,20689,10
13.0692195892,80.2049484253,20689,20699,10
13.0688800812,80.2052764893,20699,20709,10
13.0687799454,80.2050323486,20709,20770,61
13.0687799454,80.2050323486,20770,20780,10
13.0687704086,80.2048416138,20780,20790,10
13.0688896179,80.2047195435,20790,20800,10
13.0692596436,80.2047195435,20800,20810,10
13.069609642,80.2047805786,20810,20820,10
13.0698699951,80.2048568726,20820,20830,10
13.0700998306,80.2045822144,20830,20840,10
13.0704898834,80.2040481567,20840,20850,10
13.0710496902,80.2034301758,20850,20861,11
13.0717897415,80.2025604248,20861,20871,10
13.0723896027,80.2018508911,20871,20881,10
13.0729398727,80.2011871338,20881,20891,10
13.0733699799,80.2006988525,20891,20901,10
13.073800087,80.2002334595,20901,20911,10
13.0742197037,80.1997299194,20911,20921,10
13.0743303299,80.1996078491,20921,20931,10
13.0743703842,80.199546814,20931,20941,10
13.0745697021,80.1993789673,20941,20951,10
13.0750102997,80.199180603,20951,20960,9
13.0755701065,80.1990737915,20960,20972,12
13.0764598846,80.1990585327,20972,20982,10
13.0772895813,80.19896698,20982,20992,10
13.0781803131,80.1988525391,20992,21002,10
13.079079628,80.1987380981,21002,21012,10
13.0799198151,80.1986694336,21012,21022,10
13.0808401108,80.1985778809,21022,21032,10
13.0817499161,80.1985702515,21032,21042,10
13.082570076,80.1984634399,21042,21052,10
13.0827999115,80.1984710693,21052,21062,10
13.0832595825,80.1984710693,21062,21073,11
13.0840196609,80.1984710693,21073,21083,10
13.0847797394,80.1984710693,21083,21093,10
13.0853796005,80.1984863281,21093,21103,10
13.0859098434,80.1984405518,21103,21113,10
13.0865898132,80.1984176636,21113,21123,10
13.0870199203,80.1983795166,21123,21133,10
13.0870800018,80.198097229,21133,21143,10
13.0871095657,80.1979675293,21143,21153,10
13.0871601105,80.1977005005,21153,21163,10
13.0871801376,80.1970825195,21163,21173,10
13.0872001648,80.1962509155,21173,21184,11
13.087220192,80.1952209473,21184,21194,10
13.0872402191,80.1942901611,21194,21204,10
13.087269783,80.1932601929,21204,21214,10
13.0873603821,80.1922073364,21214,21224,10
13.0874996185,80.1911773682,21224,21234,10
13.0876398087,80.1901092529,21234,21244,10
13.0877304077,80.1890182495,21244,21264,20
13.0877304077,80.1890182495,21264,21273,9
13.0877799988,80.1889572144,21273,21285,12
13.0877799988,80.1884231567,21285,21295,10
13.0878295898,80.1877365112,21295,21305,10
13.0878601074,80.186958313,21305,21315,10
13.0878896713,80.1860198975,21315,21325,10
13.0879201889,80.1852874756,21325,21335,10
13.0879497528,80.1846313477,21335,21345,10
13.0879802704,80.1837921143,21345,21355,10
13.0880098343,80.182762146,21355,21365,10
13.0880203247,80.182220459,21365,21375,10
13.088060379,80.1818771362,21375,21386,11
13.0881004333,80.1811294556,21386,21396,10
13.0881204605,80.1802597046,21396,21406,10
13.0881299973,80.1788482666,21406,21426,20
13.0881299973,80.1788482666,21426,21436,10
13.0881795883,80.1785430908,21436,21446,10
13.0881700516,80.1779632568,21446,21456,10
13.0881795883,80.1772537231,21456,21466,10
13.0882196426,80.1765213013,21466,21476,10
13.0882902145,80.1756210327,21476,21485,9
13.088350296,80.1747131348,21485,21497,12
13.0884304047,80.1736679077,21497,21507,10
13.0884895325,80.1726531982,21507,21517,10
13.0885095596,80.1718902588,21517,21527,10
13.0885095596,80.1718292236,21527,21537,10
13.0885400772,80.1714401245,21537,21547,10
13.0886001587,80.1707611084,21547,21557,10
13.0886297226,80.1699371338,21557,21567,10
13.0889596939,80.1695022583,21567,21577,10
13.0896396637,80.1695632935,21577,21587,10
13.0904502869,80.1696014404,21587,21598,11
13.0914697647,80.1696777344,21598,21608,10
13.0924501419,80.1697387695,21608,21618,10
13.0934000015,80.1697998047,21618,21628,10
13.0943498611,80.1698532104,21628,21638,10
13.0946702957,80.1698608398,21638,21648,10
13.0949401855,80.1699066162,21648,21658,10
13.0951404572,80.1699523926,21658,21668,10
13.0956201553,80.1699523926,21668,21678,10
13.096329689,80.1699676514,21678,21688,10
13.0972204208,80.1700210571,21688,21698,10
13.0981702805,80.1700668335,21698,21709,11
13.0990600586,80.1701202393,21709,21719,10
13.0995101929,80.1701202393,21719,21749,30
13.0995101929,80.1701202393,21749,21759,10
13.0997896194,80.1698303223,21759,21779,20
13.0997896194,80.1698303223,21779,21789,10
13.0997495651,80.1696929932,21789,21799,10
13.0995798111,80.1696624756,21799,21810,11
13.0995397568,80.1696624756,21810,21820,10
13.0993795395,80.1696624756,21820,21830,10
13.0991601944,80.1696014404,21830,21840,10
13.0990896225,80.1694412231,21840,21850,10
13.0989599228,80.1692886353,21850,21860,10
13.0987300873,80.1692810059,21860,21870,10
13.0985002518,80.1693878174,21870,21880,10
13.0984296799,80.1696166992,21880,21890,10
13.0986204147,80.1697616577,21890,21900,10
13.0988101959,80.1697463989,21900,21951,51
13.0991802216,80.169631958,21951,22001,50
13.0991802216,80.169631958,22001,22011,10
13.0995702744,80.169670105,22011,22042,31
13.0995702744,80.169670105,22042,22052,10
13.0997400284,80.1697311401,22052,22062,10
13.0998096466,80.1697998047,22062,22072,10
13.0997695923,80.1700210571,22072,22082,10
13.0994501114,80.1701889038,22082,22668,586
13.0994501114,80.1701889038,22668,22678,10
13.0990495682,80.1701507568,22678,22688,10
13.0987901688,80.1701431274,22688,22698,10
13.0983400345,80.1701202393,22698,22708,10
13.0977602005,80.1700973511,22708,22718,10
13.0971603394,80.1700592041,22718,22728,10
13.0964803696,80.1700134277,22728,22738,10
13.095749855,80.1699676514,22738,22748,10
13.0950498581,80.1699066162,22748,22758,10
13.0947504044,80.169883728,22758,22769,11
13.0944499969,80.1698684692,22769,22779,10
13.094039917,80.1698303223,22779,22789,10
13.0933799744,80.1697998047,22789,22799,10
13.0926103592,80.1697616577,22799,22809,10
13.0917701721,80.1697235107,22809,22819,10
13.090880394,80.1696624756,22819,22829,10
13.0899896622,80.1696166992,22829,22839,10
13.0890903473,80.1695632935,22839,22849,10
13.0887098312,80.1697692871,22849,22859,10
13.0886802673,80.1702880859,22859,22869,10
13.0886497498,80.1709976196,22869,22880,11
13.088640213,80.1718063354,22880,22890,10
13.0886096954,80.1720428467,22890,22900,10
13.0886001587,80.1723937988,22900,22910,10
13.088549614,80.1730422974,22910,22920,10
13.0885000229,80.1737518311,22920,22930,10
13.0884504318,80.1744918823,22930,22940,10
13.0883998871,80.1752471924,22940,22950,10
13.0883398056,80.1760864258,22950,22960,10
13.0882797241,80.1769714355,22960,22970,10
13.0882701874,80.1775970459,22970,22981,11
13.088259697,80.1783981323,22981,22991,10
13.0882701874,80.1785888672,22991,23001,10
13.0882797241,80.1787033081,23001,23011,10
13.0882501602,80.1791381836,23011,23021,10
13.0882101059,80.1797714233,23021,23031,10
13.0881996155,80.1805496216,23031,23041,10
13.0881500244,80.1814117432,23041,23051,10
13.0881099701,80.1822967529,23051,23061,10
13.088060379,80.1832122803,23061,23071,10
13.0880203247,80.1841201782,23071,23081,10
13.0879898071,80.1850585938,23081,23092,11
13.0879802704,80.1855697632,23092,23102,10
13.0879602432,80.1861724854,23102,23112,10
13.0879201889,80.1869735718,23112,23122,10
13.0878896713,80.1877212524,23122,23132,10
13.087849617,80.188369751,23132,23142,10
13.0878400803,80.1891098022,23142,23152,10
13.0878095627,80.1897277832,23152,23181,29
13.0878095627,80.1897277832,23181,23193,12
13.0878095627,80.1899185181,23193,23203,10
13.0877799988,80.1901397705,23203,23213,10
13.087679863,80.1907119751,23213,23223,10
13.0875501633,80.1914901733,23223,23233,10
13.087439537,80.1924133301,23233,23243,10
13.087389946,80.1929779053,23243,23253,10
13.0873498917,80.1936798096,23253,23263,10
13.0873298645,80.1945800781,23263,23273,10
13.0873003006,80.1955337524,23273,23283,10
13.0872802734,80.1965332031,23283,23293,10
13.0872802734,80.1974563599,23293,23304,11
13.0872898102,80.1978607178,23304,23314,10
13.0872898102,80.1981201172,23314,23324,10
13.0874204636,80.1984176636,23324,23334,10
13.087269783,80.1984634399,23334,23344,10
13.0871696472,80.1987228394,23344,23352,8
13.0871095657,80.1989135742,23352,23364,12
13.0871095657,80.1993637085,23364,23374,10
13.0870304108,80.200012207,23374,23384,10
13.0868997574,80.2004165649,23384,23394,10
13.086400032,80.2003936768,23394,23405,11
13.0855998993,80.2003631592,23405,23415,10
13.0853004456,80.2002105713,23415,23425,10
13.0853099823,80.199760437,23425,23435,10
13.0853300095,80.1990585327,23435,23445,10
13.0851602554,80.1986618042,23445,23455,10
13.0846500397,80.1986923218,23455,23465,10
13.0842199326,80.1986923218,23465,23475,10
13.0840797424,80.198677063,23475,23485,10
13.0836200714,80.1986694336,23485,23495,10
13.0829896927,80.1986312866,23495,23505,10
13.0823402405,80.1986312866,23505,23516,11
13.0814399719,80.198638916,23516,23526,10
13.0806303024,80.1986465454,23526,23536,10
13.0797796249,80.1987228394,23536,23546,10
13.0789003372,80.1987915039,23546,23556,10
13.0780200958,80.1988983154,23556,23566,10
13.0771903992,80.1990127563,23566,23576,10
13.0763101578,80.1991119385,23576,23586,10
13.0753498077,80.1992797852,23586,23596,10
13.0744199753,80.1997299194,23596,23606,10
13.0739297867,80.2001876831,23606,23617,11
13.0736904144,80.2005004883,23617,23627,10
13.0735797882,80.200630188,23627,23637,10
13.0732097626,80.2010879517,23637,23647,10
13.0726900101,80.2016830444,23647,23657,10
13.0721797943,80.2022705078,23657,23667,10
13.0716295242,80.2028427124,23667,23677,10
13.0710802078,80.2034912109,23677,23687,10
13.0705404282,80.2041320801,23687,23697,10
13.0702199936,80.2046203613,23697,23707,10
13.0701398849,80.2047119141,23707,23717,10
13.0700902939,80.2047805786,23717,23728,11
13.0698099136,80.2050704956,23728,23738,10
13.069560051,80.2048873901,23738,23748,10
13.0692300797,80.2049865723,23748,23758,10
13.0690202713,80.2053070068,23758,23768,10
13.0687704086,80.2053833008,23768,23778,10
13.0681200027,80.2054367065,23778,23899,121
13.0680398941,80.205078125,23899,23929,30
13.0680398941,80.205078125,23929,23940,11
13.0682601929,80.2049484253,23940,23950,10
13.0685100555,80.2048797607,23950,24030,80
13.0688495636,80.204750061,24030,24091,61
13.0688495636,80.204750061,24091,24101,10
13.0691795349,80.2047119141,24101,24111,10
13.0693798065,80.204750061,24111,24121,10
13.0698003769,80.2049026489,24121,24141,20
13.0698003769,80.2049026489,24141,24152,11
13.069899559,80.2050018311,24152,24162,10
13.0697402954,80.2053604126,24162,24172,10
13.0693597794,80.2059631348,24172,24182,10
13.0688495636,80.2067565918,24182,24192,10
13.0682401657,80.2077407837,24192,24202,10
13.0676002502,80.208732605,24202,24212,10
13.0669202805,80.2097167969,24212,24222,10
13.0660104752,80.2105178833,24222,24232,10
13.0650997162,80.2112426758,24232,24242,10
13.0640802383,80.2116699219,24242,24252,10
13.0633897781,80.2117385864,24252,24263,11
13.0623903275,80.2117767334,24263,24273,10
13.0614204407,80.2117004395,24273,24283,10
13.0602998734,80.2116928101,24283,24293,10
13.0591201782,80.2116622925,24293,24303,10
13.0579500198,80.2116012573,24303,24313,10
13.0566997528,80.2115631104,24313,24323,10
13.0555295944,80.211517334,24323,24333,10
13.0545196533,80.211517334,24333,24343,10
13.053560257,80.211769104,24343,24353,10
13.0529499054,80.2119064331,24353,24364,11
13.0514602661,80.2121963501,24364,24374,10
13.0514602661,80.2121963501,24374,24384,10
13.0506801605,80.2121582031,24384,24392,8
13.0500202179,80.2121582031,24392,24404,12
13.0496501923,80.2121810913,24404,24414,10
13.0495500565,80.2121734619,24414,24424,10
13.049200058,80.2121734619,24424,24434,10
13.0489501953,80.2121810913,24434,24444,10
13.0485897064,80.2121887207,24444,24454,10
13.0480699539,80.2121963501,24454,24464,10
13.047249794,80.212272644,24464,24475,11
13.0462198257,80.212310791,24475,24485,10
13.0453500748,80.2123565674,24485,24495,10
13.0447597504,80.2124328613,24495,24505,10
13.0443496704,80.2124404907,24505,24515,10
13.0437097549,80.2124176025,24515,24525,10
13.0428199768,80.212387085,24525,24535,10
13.0419197083,80.2123718262,24535,24545,10
13.0408296585,80.2123565674,24545,24555,10
13.0398397446,80.212387085,24555,24565,10
13.0390195847,80.2123718262,24565,24576,11
13.0384197235,80.2123794556,24576,24586,10
13.0379800797,80.2123413086,24586,24636,50
13.0379800797,80.2123413086,24636,24646,10
13.0378103256,80.2123031616,24646,24656,10
13.0374298096,80.2123031616,24656,24666,10
13.0367603302,80.212310791,24666,24677,11
13.0357999802,80.2123413086,24677,24687,10
13.0349998474,80.2122573853,24687,24697,10
13.0348596573,80.2122268677,24697,24707,10
13.0346002579,80.2121505737,24707,24717,10
13.0344600677,80.2121124268,24717,24727,10
13.0341396332,80.2120819092,24727,24747,20
13.0341396332,80.2120819092,24747,24757,10
13.0337200165,80.2120285034,24757,24767,10
13.0331897736,80.2119369507,24767,24777,10
13.0324697495,80.2118530273,24777,24788,11
13.031920433,80.2115020752,24788,24798,10
13.0320100784,80.2108306885,24798,24808,10
13.0321302414,80.210067749,24808,24818,10
13.0320997238,80.2096633911,24818,24828,10
13.0316696167,80.2095108032,24828,24838,10
13.0309295654,80.2093276978,24838,24848,10
13.0304298401,80.2092208862,24848,24858,10
13.0300502777,80.2091217041,24858,24868,10
13.0298099518,80.2090530396,24868,24878,10
13.0297298431,80.2090301514,24878,24889,11
13.0296096802,80.2089996338,24889,24899,10
13.0293397903,80.2088928223,24899,24909,10
13.0288200378,80.2087783813,24909,24919,10
13.0280799866,80.2085571289,24919,24929,10
13.0273199081,80.2081604004,24929,24939,10
13.0264902115,80.2076568604,24939,24949,10
13.0256795883,80.2071990967,24949,24959,10
13.0247001648,80.2069702148,24959,24969,10
13.0236597061,80.2067108154,24969,24979,10
13.0226202011,80.2064590454,24979,24989,10
13.021490097,80.2063903809,24989,25000,11
13.0202102661,80.2064437866,25000,25010,10
13.0193195343,80.2063980103,25010,25020,10
13.0190401077,80.2063064575,25020,25030,10
13.0184803009,80.2061462402,25030,25040,10
13.0177497864,80.205909729,25040,25050,10
13.0170602798,80.2056274414,25050,25060,10
13.0162801743,80.2053527832,25060,25070,10
13.0153799057,80.2049713135,25070,25080,10
13.014289856,80.2046127319,25080,25090,10
13.0136203766,80.204498291,25090,25101,11
13.0135803223,80.2046737671,25101,25111,10
13.0134897232,80.2050018311,25111,25121,10
13.013299942,80.2056274414,25121,25131,10
13.0130901337,80.2064208984,25131,25141,10
13.013010025,80.2073135376,25141,25151,10
13.0129299164,80.2078399658,25151,25161,10
13.0129003525,80.2081985474,25161,25171,10
13.0129098892,80.2085494995,25171,25181,10
13.0129404068,80.2089614868,25181,25191,10
13.0131397247,80.2095184326,25191,25200,9
13.0131998062,80.2100524902,25200,25212,12
13.0130500793,80.2108764648,25212,25222,10
13.0126800537,80.2116394043,25222,25232,10
13.0122499466,80.2123336792,25232,25242,10
13.0120201111,80.2126464844,25242,25252,10
13.0119304657,80.2127838135,25252,25262,10
13.011759758,80.2128067017,25262,25272,10
13.0115299225,80.212600708,25272,25282,10
13.0109996796,80.2122192383,25282,25292,10
13.0104598999,80.2117919922,25292,25333,41
13.0104598999,80.2117919922,25333,25343,10
13.0101900101,80.2115478516,25343,25353,10
13.0101699829,80.2115325928,25353,25363,10
13.0096597672,80.211151123,25363,25412,49
13.0096597672,80.211151123,25412,25424,12
13.0091695786,80.2113418579,25424,25434,10
13.0090799332,80.2116470337,25434,25444,10
13.0092401505,80.2121887207,25444,25454,10
13.0094499588,80.2128677368,25454,25464,10
13.0096702576,80.2134475708,25464,25474,10
13.0099000931,80.2139892578,25474,25484,10
13.010140419,80.2146530151,25484,25494,10
13.0102596283,80.2154006958,25494,25504,10
13.0104904175,80.2161407471,25504,25514,10
13.0108604431,80.2170028687,25514,25525,11
13.011300087,80.2180404663,25525,25535,10
13.0116596222,80.2190628052,25535,25545,10
13.0119800568,80.2201004028,25545,25555,10
13.0122995377,80.2210693359,25555,25565,10
13.0126800537,80.2218017578,25565,25575,10
13.0131397247,80.2224884033,25575,25585,10
13.013759613,80.2231674194,25585,25595,10
13.0144300461,80.2238311768,25595,25605,10
13.0150403976,80.2245101929,25605,25615,10
13.0154895782,80.225227356,25615,25625,10
13.0152397156,80.2258377075,25625,25636,11
13.0145301819,80.2261734009,25636,25646,10
13.013879776,80.2264175415,25646,25656,10
13.0131196976,80.2266998291,25656,25666,10
13.0122203827,80.2270584106,25666,25676,10
13.0113296509,80.2274093628,25676,25686,10
13.0104198456,80.2277679443,25686,25696,10
13.0097703934,80.2279891968,25696,25706,10
13.0095500946,80.2276000977,25706,25716,10
13.0097303391,80.2271270752,25716,25726,10
13.010020256,80.2264175415,25726,25737,11
13.0103902817,80.2254867554,25737,25747,10
13.0107498169,80.2248001099,25747,25757,10
13.0108699799,80.2245483398,25757,25767,10
13.01101017,80.2241516113,25767,25777,10
13.0113096237,80.2233963013,25777,25787,10
13.0109195709,80.2229995728,25787,25797,10
13.0102300644,80.2226409912,25797,25807,10
13.0094499588,80.2222366333,25807,25817,10
13.0085897446,80.2217712402,25817,25827,10
13.0076503754,80.221282959,25827,25836,9
13.0067996979,80.2208099365,25836,25848,12
13.005610466,80.2204818726,25848,25858,10
13.0046701431,80.2202529907,25858,25868,10
13.0039997101,80.2201080322,25868,25878,10
13.0032100677,80.2199020386,25878,25888,10
13.0024995804,80.2195205688,25888,25898,10
13.0019197464,80.2189178467,25898,25908,10
13.001250267,80.2183380127,25908,25918,10
13.0005998611,80.2179107666,25918,25928,10
12.9999599457,80.2175292969,25928,25938,10
12.9992198944,80.2170791626,25938,25949,11
12.998169899,80.2166213989,25949,25959,10
12.997209549,80.2165374756,25959,25969,10
12.9964504242,80.2166213989,25969,25979,10
12.9956302643,80.2168197632,25979,25989,10
12.9948797226,80.2172317505,25989,25999,10
12.9942398071,80.2176818848,25999,26009,10
12.9938402176,80.2179489136,26009,26019,10
12.9932804108,80.2183303833,26019,26029,10
12.9926395416,80.218788147,26029,26039,10
12.9919395447,80.2193222046,26039,26049,10
12.9914703369,80.2196502686,26049,26060,11
12.9911699295,80.219543457,26060,26070,10
12.9906301498,80.2193374634,26070,26080,10
12.9898996353,80.2190704346,26080,26090,10
12.9890403748,80.21875,26090,26100,10
12.9880695343,80.2184829712,26100,26110,10
12.9871702194,80.2183303833,26110,26120,10
12.9862499237,80.2180862427,26120,26130,10
12.9851903915,80.217956543,26130,26140,10
12.9842700958,80.2179870605,26140,26150,10
12.9834499359,80.2180023193,26150,26161,11
12.9823598862,80.2180099487,26161,26171,10
12.9813804626,80.2181167603,26171,26181,10
12.9807500839,80.2182998657,26181,26191,10
12.9799804688,80.2185821533,26191,26201,10
12.97935009,80.2188110352,26201,26211,10
12.9787902832,80.2190475464,26211,26221,10
12.9783096313,80.21925354,26221,26231,10
12.9776201248,80.2195281982,26231,26241,10
12.9767303467,80.219909668,26241,26251,10
12.9758901596,80.2202606201,26251,26261,10
12.9755096436,80.2206573486,26261,26272,11
12.9756603241,80.2208328247,26272,26282,10
12.9759101868,80.2209777832,26282,26433,151
12.975979805,80.2211227417,26433,26655,222
12.975979805,80.2211227417,26655,26665,10
12.9761800766,80.2211608887,26665,26847,182
12.9762096405,80.2212371826,26847,26908,61
12.9761800766,80.2211990356,26908,27019,111
12.9761800766,80.2211990356,27019,27029,10
12.9764099121,80.2212677002,27029,27039,10
12.9766197205,80.2212600708,27039,27049,10
12.9769697189,80.2212371826,27049,27059,10
12.9774703979,80.221206665,27059,27069,10
12.9780302048,80.2211837769,27069,27079,10
12.9787197113,80.2211380005,27079,27089,10
12.9794597626,80.2210922241,27089,27099,10
12.9801502228,80.2210464478,27099,27109,10
12.9808797836,80.2210083008,27109,27119,10
12.9814996719,80.2211990356,27119,27130,11
12.9819803238,80.221572876,27130,27140,10
12.9825401306,80.2217788696,27140,27150,10
12.9829702377,80.2219467163,27150,27160,10
12.9830799103,80.2220001221,27160,27170,10
12.9832496643,80.2221374512,27170,27180,10
12.983590126,80.2223968506,27180,27190,10
12.9841499329,80.2227020264,27190,27200,10
12.9847602844,80.2231216431,27200,27210,10
12.9854001999,80.2232818604,27210,27220,10
12.9858703613,80.2229919434,27220,27231,11
12.9864501953,80.2229614258,27231,27241,10
12.9864902496,80.2229690552,27241,27251,10
12.9868097305,80.2229995728,27251,27261,10
12.9870195389,80.2230529785,27261,27271,10
12.9875097275,80.2230911255,27271,27281,10
12.9880800247,80.2228317261,27281,27291,10
12.988699913,80.2223205566,27291,27301,10
12.989159584,80.2217407227,27301,27311,10
12.9897298813,80.221031189,27311,27321,10
12.9903802872,80.2204589844,27321,27331,10
12.990530014,80.2203598022,27331,27342,11
12.9907999039,80.2201309204,27342,27352,10
12.9911899567,80.2197723389,27352,27362,10
12.9914598465,80.2195587158,27362,27372,10
12.9918899536,80.219291687,27372,27382,10
12.9925003052,80.2188568115,27382,27392,10
12.9932403564,80.2183380127,27392,27402,10
12.9939899445,80.2177963257,27402,27412,10
12.9946699142,80.2172927856,27412,27422,10
12.995349884,80.2168426514,27422,27431,9
12.9959402084,80.2166290283,27431,27443,12
12.996919632,80.2164993286,27443,27453,10
12.997300148,80.2163619995,27453,27463,10
12.9975595474,80.2161178589,27463,27473,10
12.9975700378,80.2161178589,27473,27483,10
12.997759819,80.2159118652,27483,27493,10
12.9981498718,80.2155914307,27493,27503,10
12.99862957,80.2151489258,27503,27513,10
12.9990997314,80.2147598267,27513,27523,10
12.9993600845,80.2145614624,27523,27533,10
12.9997901917,80.2141799927,27533,27543,10
13.0002202988,80.2138137817,27543,27554,11
13.0008096695,80.2132568359,27554,27564,10
13.0012397766,80.2129211426,27564,27574,10
13.0016899109,80.2125930786,27574,27584,10
13.0020503998,80.2124023438,27584,27594,10
13.0024003983,80.2121810913,27594,27604,10
13.0028600693,80.2120819092,27604,27614,10
13.0035104752,80.212059021,27614,27624,10
13.0036897659,80.2119216919,27624,27634,10
13.0037202835,80.2117919922,27634,27644,10
13.0037403107,80.2113113403,27644,27655,11
13.0036497116,80.2105636597,27655,27665,10
13.0035495758,80.2098388672,27665,27675,10
13.0036296844,80.2091369629,27675,27685,10
13.0040502548,80.2086334229,27685,27695,10
13.0048599243,80.2089996338,27695,27705,10
13.0057697296,80.2093887329,27705,27715,10
13.0064496994,80.2096099854,27715,27725,10
13.0066003799,80.2096710205,27725,27735,10
13.0069704056,80.2097702026,27735,27756,21
13.0069704056,80.2097702026,27756,27766,10
13.0071802139,80.2098236084,27766,27776,10
13.0074195862,80.2098464966,27776,27786,10
13.0074796677,80.2098922729,27786,27796,10
13.0077600479,80.2099380493,27796,27806,10
13.0079803467,80.2099761963,27806,27816,10
13.0081701279,80.2099761963,27816,27826,10
13.0081100464,80.2095718384,27826,27836,10
13.0079803467,80.2089309692,27836,27846,10
13.0078496933,80.2081604004,27846,27856,10
13.0077104568,80.2072982788,27856,27867,11
13.0075502396,80.2063598633,27867,27877,10
13.007519722,80.2056808472,27877,27887,10
13.007519722,80.2049865723,27887,27897,10
13.007519722,80.2042770386,27897,27907,10
13.0074195862,80.2035293579,27907,27917,10
13.0071802139,80.2026596069,27917,27927,10
13.006529808,80.2028274536,27927,27937,10
13.0068397522,80.2033920288,27937,27947,10
13.0074501038,80.2036514282,27947,27957,10
13.0082397461,80.2037200928,27957,27967,10
13.0092096329,80.2036590576,27967,27978,11
13.0104503632,80.2036209106,27978,27988,10
13.0116100311,80.2036972046,27988,27998,10
13.0127096176,80.2039031982,27998,28008,10
13.0136404037,80.2041778564,28008,28018,10
13.0145797729,80.2044906616,28018,28028,10
13.0149898529,80.2046432495,28028,28038,10
13.0150995255,80.2046737671,28038,28047,9
13.0154104233,80.2048110962,28047,28058,11
13.0160503387,80.205078125,28058,28068,10
13.0165395737,80.2051086426,28068,28079,11
13.0172100067,80.2054901123,28079,28089,10
13.0183897018,80.2058334351,28089,28099,10
13.0185203552,80.2058868408,28099,28109,10
13.0186595917,80.205947876,28109,28119,10
13.0190401077,80.2060775757,28119,28129,10
13.0196695328,80.2062225342,28129,28139,10
13.0205097198,80.2062683105,28139,28149,10
13.0215196609,80.2062988281,28149,28159,10
13.0225496292,80.2063980103,28159,28169,10
13.0235300064,80.2066192627,28169,28180,11
13.0243701935,80.2067184448,28180,28190,10
13.0244503021,80.206741333,28190,28200,10
13.0246400833,80.2067871094,28200,28210,10
13.0252504349,80.2069396973,28210,28220,10
13.026049614,80.2072677612,28220,28230,10
13.0268697739,80.2077713013,28230,28240,10
13.0277395248,80.2082824707,28240,28250,10
13.0286397934,80.2086105347,28250,28260,10
13.0294799805,80.2087783813,28260,28270,10
13.0300102234,80.2089080811,28270,28291,21
13.0300102234,80.2089080811,28291,28301,10
13.0304098129,80.209022522,28301,28311,10
13.0310096741,80.209197998,28311,28321,10
13.0313901901,80.2093200684,28321,28331,10
13.0313901901,80.2093276978,28331,28341,10
13.0315103531,80.2093429565,28341,28351,10
13.031999588,80.209487915,28351,28361,10
13.0327596664,80.2096633911,28361,28371,10
13.0335903168,80.2098007202,28371,28381,10
13.0345497131,80.2100219727,28381,28392,11
13.0350799561,80.2104263306,28392,28402,10
13.035030365,80.2109832764,28402,28412,10
13.0350599289,80.2113189697,28412,28432,20
13.0350599289,80.2113189697,28432,28442,10
13.0350103378,80.211517334,28442,28452,10
13.0349397659,80.2119369507,28452,28462,10
13.0349302292,80.2120895386,28462,28472,10
13.0350103378,80.2122573853,28472,28482,10
13.0353899002,80.2123031616,28482,28491,9
13.0360898972,80.2122879028,28491,28503,12
13.0371999741,80.2122879028,28503,28513,10
13.0381803513,80.2122802734,28513,28523,10
13.0392303467,80.2122802734,28523,28533,10
13.0403299332,80.2122879028,28533,28543,10
13.0414800644,80.2122802734,28543,28553,10
13.0426397324,80.2122802734,28553,28563,10
13.0439395905,80.2122573853,28563,28624,61
13.0439395905,80.2122573853,28624,28634,10
13.0442304611,80.2122192383,28634,28644,10
13.0446996689,80.2122268677,28644,28654,10
13.0453901291,80.2122497559,28654,28664,10
13.046210289,80.2122268677,28664,28674,10
13.0471401215,80.2121887207,28674,28684,10
13.0479001999,80.212097168,28684,28694,10
13.0483903885,80.2120437622,28694,28715,21
13.0483903885,80.2120437622,28715,28725,10
13.0485801697,80.2120285034,28725,28735,10
13.0488004684,80.2120132446,28735,28745,10
13.0492095947,80.2119903564,28745,28755,10
13.0497198105,80.2119598389,28755,28765,10
13.0497703552,80.2119598389,28765,28775,10
13.0500001907,80.2119369507,28775,28785,10
13.0502595901,80.2119598389,28785,28795,10
13.050740242,80.2120437622,28795,28805,10
13.0513801575,80.2120819092,28805,28814,9
13.0521402359,80.2120285034,28814,28826,12
13.0529298782,80.2118225098,28826,28836,10
13.0537099838,80.2115783691,28836,28846,10
13.0539102554,80.211479187,28846,28856,10
13.0540399551,80.2114562988,28856,28866,10
13.0542898178,80.2114334106,28866,28876,10
13.0546598434,80.2114028931,28876,28886,10
13.0552301407,80.2114181519,28886,28895,9
13.055970192,80.2114486694,28895,28906,11
13.0570602417,80.2114486694,28906,28916,10
13.0580396652,80.2114715576,28916,28927,11
13.0591497421,80.2115097046,28927,28937,10
13.0602703094,80.2115783691,28937,28947,10
13.0613698959,80.2116088867,28947,28957,10
13.0621700287,80.2116394043,28957,28967,10
13.0631198883,80.2115325928,28967,28987,20
13.0631198883,80.2115325928,28987,28997,10
13.0634002686,80.2115020752,28997,29007,10
13.063750267,80.2115020752,29007,29017,10
13.0642995834,80.2114181519,29017,29026,9
13.0649204254,80.211151123,29026,29038,12
13.0658397675,80.2104721069,29038,29048,10
13.066619873,80.2098007202,29048,29058,10
13.0672197342,80.2089996338,29058,29068,10
13.0677700043,80.2081069946,29068,29077,9
13.0682897568,80.2073287964,29077,29088,11
13.0688695908,80.2064590454,29088,29098,10
13.069270134,80.205871582,29098,29108,10
13.0694904327,80.2054824829,29108,29118,10
13.069729805,80.2049713135,29118,29128,10
13.0690603256,80.2052536011,29128,29179,51
13.0690603256,80.2052536011,29179,29189,10
13.068860054,80.205291748,29189,29199,10
13.0687599182,80.2049789429,29199,29250,51
13.0687599182,80.2049789429,29250,29260,10
13.0687599182,80.2048110962,29260,29270,10
13.0690498352,80.2047119141,29270,29280,10
13.0695495605,80.2047729492,29280,29290,10
13.0698204041,80.204826355,29290,29300,10
13.0700397491,80.2046585083,29300,29310,10
13.0702600479,80.2043762207,29310,29320,10
13.0706501007,80.2038879395,29320,29330,10
13.0711402893,80.2033309937,29330,29340,10
13.0716495514,80.2027130127,29340,29351,11
13.0721101761,80.2021789551,29351,29361,10
13.0722198486,80.2020721436,29361,29371,10
13.0724000931,80.2018890381,29371,29381,10
13.0725402832,80.2016677856,29381,29391,10
13.0726900101,80.2015075684,29391,29401,10
13.0728302002,80.2013397217,29401,29411,10
13.0729703903,80.2012023926,29411,29431,20
13.0729703903,80.2012023926,29431,29441,10
13.07310009,80.2010269165,29441,29451,10
13.0732898712,80.2008209229,29451,29462,11
13.073559761,80.2005081177,29462,29472,10
13.0738601685,80.2001571655,29472,29482,10
13.0741996765,80.1997680664,29482,29492,10
13.0742797852,80.1996994019,29492,29502,10
13.0744695663,80.1994934082,29502,29512,10
13.0745401382,80.1994400024,29512,29522,10
13.074669838,80.1993484497,29522,29532,10
13.0751199722,80.1991424561,29532,29542,10
13.0758304596,80.1990737915,29542,29552,10
13.0767602921,80.1990432739,29552,29562,10
13.0776195526,80.1989364624,29562,29573,11
13.0779895782,80.1988983154,29573,29583,10
13.0782604218,80.1988601685,29583,29593,10
13.078379631,80.1988525391,29593,29603,10
13.0784902573,80.1988372803,29603,29613,10
13.078669548,80.1988220215,29613,29623,10
13.0789203644,80.1987762451,29623,29633,10
13.0790901184,80.1987609863,29633,29643,10
13.0794200897,80.1987380981,29643,29653,10
13.079990387,80.198677063,29653,29663,10
13.0807695389,80.1986083984,29663,29674,11
13.0815896988,80.1985931396,29674,29684,10
13.0824403763,80.1985321045,29684,29694,10
13.0830001831,80.1985168457,29694,29704,10
13.083439827,80.1984786987,29704,29714,10
13.0838098526,80.1984481812,29714,29724,10
13.0841798782,80.1984481812,29724,29734,10
13.0845499039,80.1984634399,29734,29744,10
13.0848503113,80.1984481812,29744,29754,10
13.085100174,80.1984405518,29754,29764,10
13.0853004456,80.1984405518,29764,29773,9
13.085559845,80.1984405518,29773,29785,12
13.086139679,80.1984176636,29785,29795,10
13.0867996216,80.1984176636,29795,29805,10
13.087100029,80.1983184814,29805,29815,10
13.0871095657,80.1979370117,29815,29825,10
13.0871095657,80.1979064941,29825,29835,10
13.0871200562,80.197807312,29835,29845,10
13.0871601105,80.1973800659,29845,29855,10
13.0871801376,80.1967086792,29855,29865,10
13.0872001648,80.195930481,29865,29875,10
13.0872001648,80.1954574585,29875,29886,11
13.0872297287,80.1949005127,29886,29896,10
13.0872602463,80.1942214966,29896,29906,10
13.0872802734,80.1934280396,29906,29916,10
13.0872802734,80.1929016113,29916,29926,10
13.0873403549,80.1924819946,29926,29936,10
13.0874204636,80.1919021606,29936,29946,10
13.0875196457,80.1911697388,29946,29956,10
13.0876302719,80.1903076172,29956,29966,10
13.0877399445,80.1889801025,29966,29986,20
13.0877399445,80.1889801025,29986,29997,11
13.0877599716,80.1888198853,29997,30007,10
13.0878000259,80.1883010864,30007,30017,10
13.0878400803,80.1876068115,30017,30027,10
13.0878696442,80.1868362427,30027,30037,10
13.0879201889,80.1859664917,30037,30047,10
13.0879602432,80.1849594116,30047,30057,10
13.0880203247,80.1838378906,30057,30067,10
13.0880498886,80.1827011108,30067,30077,10
13.0881004333,80.1817474365,30077,30087,10
13.088139534,80.180770874,30087,30097,10
13.0881299973,80.1800765991,30097,30108,11
13.0881099701,80.1798477173,30108,30118,10
13.0881204605,80.1795501709,30118,30128,10
13.0881299973,80.1788787842,30128,30148,20
13.0881299973,80.1788787842,30148,30158,10
13.088139534,80.178527832,30158,30168,10
13.0881595612,80.1779403687,30168,30178,10
13.0881900787,80.1772613525,30178,30188,10
13.0882101059,80.1768569946,30188,30197,9
13.0882501602,80.1762771606,30197,30209,12
13.0883197784,80.17527771,30209,30219,10
13.0883798599,80.1744308472,30219,30229,10
13.0884599686,80.1736297607,30229,30239,10
13.0885095596,80.1726989746,30239,30249,10
13.0885400772,80.1718063354,30249,30269,20
13.0885400772,80.1718063354,30269,30279,10
13.088549614,80.1716003418,30279,30289,10
13.0885801315,80.1711883545,30289,30299,10
13.0886201859,80.1706008911,30299,30309,10
13.0886898041,80.1700515747,30309,30320,11
13.0889902115,80.1695098877,30320,30330,10
13.0897502899,80.1695785522,30330,30340,10
13.0906400681,80.1696472168,30340,30350,10
13.0916004181,80.1697006226,30350,30360,10
13.0925798416,80.1697692871,30360,30370,10
13.0935497284,80.1698379517,30370,30380,10
13.0943803787,80.1698303223,30380,30390,10
13.0946798325,80.1698684692,30390,30400,10
13.0947904587,80.169883728,30400,30410,10
13.0950298309,80.1698913574,30410,30421,11
13.0955600739,80.169921875,30421,30431,10
13.0962400436,80.169960022,30431,30441,10
13.097120285,80.1700286865,30441,30451,10
13.0979995728,80.1700820923,30451,30461,10
13.0988397598,80.1701278687,30461,30471,10
13.0995397568,80.1701431274,30471,30481,10
13.0997495651,80.1697463989,30481,30491,10
13.0994501114,80.1699676514,30491,31844,1353
13.099360466,80.1702575684,31844,32046,202
13.099360466,80.1702575684,32046,32056,10
13.0990495682,80.1702270508,32056,32066,10
13.0990400314,80.1702270508,32066,32076,10
13.0986003876,80.1701583862,32076,32086,10
13.0980901718,80.170173645,32086,32096,10
13.0974397659,80.1701202393,32096,32106,10
13.0966396332,80.1700820923,32106,32116,10
13.0958595276,80.1701278687,32116,32126,10
13.0951004028,80.1700363159,32126,32136,10
13.0949296951,80.1700210571,32136,32147,11
13.0946598053,80.1699371338,32147,32157,10
13.0943899155,80.1698989868,32157,32167,10
13.0938796997,80.169921875,32167,32177,10
13.0931301117,80.1698913574,32177,32187,10
13.0921697617,80.1698379517,32187,32197,10
13.0911998749,80.1697387695,32197,32207,10
13.0902099609,80.169670105,32207,32217,10
13.0894804001,80.1696395874,32217,32227,10
13.0893096924,80.1695632935,32227,32237,10
13.0891895294,80.1695404053,32237,32247,10
13.0889596939,80.1695480347,32247,32258,11
13.0887498856,80.1696395874,32258,32268,10
13.0887002945,80.1700973511,32268,32278,10
13.0886602402,80.1707687378,32278,32288,10
13.0886297226,80.1715393066,32288,32298,10
13.088640213,80.1716995239,32298,32308,10
13.0886001587,80.171836853,32308,32318,10
13.0885696411,80.1722183228,32318,32328,10
13.0885295868,80.1728668213,32328,32338,10
13.0884599686,80.1736984253,32338,32348,10
13.0884304047,80.1745223999,32348,32359,11
13.0883598328,80.1753921509,32359,32369,10
13.0883102417,80.1762695313,32369,32379,10
13.0882997513,80.1768188477,32379,32389,10
13.0882797241,80.1770782471,32389,32399,10
13.0882902145,80.1776199341,32399,32409,10
13.0882701874,80.1783599854,32409,32429,20
13.0882701874,80.1783599854,32429,32439,10
13.0882701874,80.1786499023,32439,32449,10
13.0882301331,80.1791763306,32449,32459,10
13.0882101059,80.1797409058,32459,32470,11
13.0881900787,80.1804885864,32470,32480,10
13.0881700516,80.181350708,32480,32490,10
13.0881299973,80.1823883057,32490,32500,10
13.088060379,80.1834564209,32500,32510,10
13.0880098343,80.1845932007,32510,32520,10
13.0879602432,80.1858215332,32520,32530,10
13.0879297256,80.1870498657,32530,32540,10
13.0879001617,80.187828064,32540,32570,30
13.0879001617,80.187828064,32570,32581,11
13.0878801346,80.1881484985,32581,32591,10
13.0878601074,80.1887893677,32591,32601,10
13.0878295898,80.189453125,32601,32611,10
13.0878000259,80.189743042,32611,32621,10
13.0878000259,80.1897583008,32621,32631,10
13.0877895355,80.1898574829,32631,32641,10
13.0877504349,80.1902236938,32641,32651,10
13.0876598358,80.19090271,32651,32661,10
13.0875501633,80.191619873,32661,32671,10
13.0874700546,80.1922836304,32671,32681,10
13.0874700546,80.1924209595,32681,32692,11
13.0874204636,80.1927032471,32692,32702,10
13.087389946,80.1930923462,32702,32712,10
13.0873804092,80.1937789917,32712,32722,10
13.0873603821,80.1945419312,32722,32732,10
13.0873403549,80.1951065063,32732,32742,10
13.0873203278,80.1957397461,32742,32752,10
13.0872898102,80.1965789795,32752,32762,10
13.0873003006,80.1973876953,32762,32772,10
13.0872802734,80.1975479126,32772,32781,9
13.087269783,80.1978607178,32781,32793,12
13.0874004364,80.1984329224,32793,32803,10
13.087770462,80.1984481812,32803,32813,10
13.0884199142,80.1984405518,32813,32823,10
13.0890197754,80.1984405518,32823,32833,10
13.0895996094,80.1984710693,32833,32843,10
13.0902700424,80.1985321045,32843,32853,10
13.090959549,80.1985702515,32853,32863,10
13.0916795731,80.1986465454,32863,32873,10
13.092499733,80.198677063,32873,32883,10
13.0930204391,80.1987533569,32883,32893,10
13.093000412,80.1991424561,32893,32904,11
13.0929403305,80.1997909546,32904,32914,10
13.0929403305,80.2000198364,32914,32924,10
13.0929403305,80.200340271,32924,32934,10
13.0928401947,80.2006072998,32934,32944,10
13.0924396515,80.2006072998,32944,32954,10
13.0917701721,80.2005996704,32954,32964,10
13.0909204483,80.2005767822,32964,32974,10
13.0900497437,80.2005767822,32974,32984,10
13.0891799927,80.2005615234,32984,32993,9
13.0879297256,80.2004623413,32993,33015,22
13.0879297256,80.2004623413,33015,33025,10
13.0878200531,80.2004699707,33025,33035,10
13.0875997543,80.2004776001,33035,33045,10
13.0874204636,80.2004928589,33045,33055,10
13.087100029,80.2004699707,33055,33065,10
13.0865602493,80.2004623413,33065,33075,10
13.086230278,80.2004394531,33075,33085,10
13.0862102509,80.2004318237,33085,33095,10
13.0858297348,80.2004013062,33095,33116,21
13.0858297348,80.2004013062,33116,33126,10
13.085439682,80.2003707886,33126,33136,10
13.085269928,80.2002792358,33136,33146,10
13.0853004456,80.1999588013,33146,33156,10
13.0853395462,80.1993637085,33156,33166,10
13.0853300095,80.1987762451,33166,33176,10
13.0852403641,80.1987075806,33176,33186,10
13.0849599838,80.198677063,33186,33196,10
13.0845804214,80.1987075806,33196,33206,10
13.0844097137,80.1986999512,33206,33216,10
13.0842399597,80.1986923218,33216,33227,11
13.0839700699,80.1986694336,33227,33237,10
13.0836200714,80.1986694336,33237,33267,30
13.0836200714,80.1986694336,33267,33277,10
13.083319664,80.1986236572,33277,33287,10
13.0829200745,80.1986465454,33287,33297,10
13.0824899673,80.1986923218,33297,33307,10
13.082159996,80.1986694336,33307,33317,10
13.0817699432,80.1986923218,33317,33327,10
13.0812196732,80.1986999512,33327,33338,11
13.0805397034,80.1987533569,33338,33348,10
13.0799303055,80.1987686157,33348,33358,10
13.0792102814,80.1988296509,33358,33368,10
13.0784597397,80.1988983154,33368,33378,10
13.0775499344,80.1989974976,33378,33388,10
13.0767097473,80.1990966797,33388,33398,10
13.0759000778,80.199180603,33398,33408,10
13.0751600266,80.1993484497,33408,33418,10
13.0744895935,80.1996917725,33418,33428,10
13.0740699768,80.2000808716,33428,33439,11
13.0738401413,80.200378418,33439,33459,20
13.0738401413,80.200378418,33459,33469,10
13.0736398697,80.2005691528,33469,33479,10
13.0734901428,80.2007675171,33479,33489,10
13.0731296539,80.201210022,33489,33499,10
13.0726099014,80.2018432617,33499,33509,10
13.0719499588,80.2025375366,33509,33519,10
13.0712203979,80.2033691406,33519,33529,10
13.0704698563,80.2042617798,33529,33539,10
13.070019722,80.2049865723,33539,33550,11
13.0699501038,80.205078125,33550,33560,10
13.0697402954,80.2050323486,33560,33570,10
13.0695695877,80.2048873901,33570,33580,10
13.0692901611,80.2048797607,33580,33590,10
13.068980217,80.205329895,33590,33600,10
13.0684299469,80.2054519653,33600,33610,10
13.0679798126,80.2051925659,33610,33681,71
13.0679798126,80.2051925659,33681,33691,10
13.0682401657,80.2049102783,33691,33701,10
13.0685195923,80.2048568726,33701,33711,10
13.0687799454,80.2047805786,33711,33721,10
13.0691604614,80.2047271729,33721,33731,10
13.0697202682,80.2048187256,33731,33751,20
13.0697202682,80.2048187256,33751,33762,11
13.0698204041,80.2049026489,33762,33772,10
13.0698404312,80.2053070068,33772,33782,10
13.0694599152,80.2059020996,33782,33792,10
13.0689897537,80.2066268921,33792,33802,10
13.0684995651,80.2074203491,33802,33812,10
13.0679998398,80.2082290649,33812,33822,10
13.067700386,80.2086715698,33822,33832,10
13.0675601959,80.2088775635,33832,33842,10
13.0672798157,80.2093276978,33842,33852,10
13.0668497086,80.2098770142,33852,33862,10
13.0661401749,80.2104187012,33862,33873,11
13.0655097961,80.2109985352,33873,33883,10
13.0651397705,80.2112503052,33883,33893,10
13.0651197433,80.2112579346,33893,33903,10
13.0648603439,80.2113876343,33903,33913,10
13.0643701553,80.2115936279,33913,33923,10
13.063949585,80.2117004395,33923,33933,10
13.0635700226,80.2117233276,33933,33943,10
13.0630702972,80.2117767334,33943,33953,10
13.0626296997,80.2119216919,33953,33963,10
13.0620002747,80.211807251,33963,33973,10
13.0611600876,80.211769104,33973,33983,10
13.0604200363,80.2117462158,33983,33994,11
13.0596399307,80.2117233276,33994,34004,10
13.0590200424,80.2117233276,34004,34024,20
13.0590200424,80.2117233276,34024,34034,10
13.0588598251,80.2117004395,34034,34044,10
13.0586004257,80.2116928101,34044,34054,10
13.0583295822,80.2116775513,34054,34064,10
13.0578804016,80.2116622925,34064,34074,10
13.0577602386,80.2116622925,34074,34085,11
13.0574598312,80.2116088867,34085,34095,10
13.0569601059,80.2116317749,34095,34105,10
13.0562200546,80.2116394043,34105,34115,10
13.0553703308,80.2116088867,34115,34125,10
13.054690361,80.2116165161,34125,34145,20
13.054690361,80.2116165161,34145,34153,8
13.0545301437,80.2116470337,34153,34165,12
13.0539703369,80.2117385864,34165,34175,10
13.0532903671,80.2118835449,34175,34185,10
13.0524702072,80.2121124268,34185,34196,11
13.0515699387,80.2122497559,34196,34206,10
13.0503396988,80.2121963501,34206,34236,30
13.0503396988,80.2121963501,34236,34246,10
13.0499601364,80.2121582031,34246,34256,10
13.0495595932,80.2121887207,34256,34266,10
13.049489975,80.2121887207,34266,34276,10
13.0494003296,80.2121582031,34276,34286,10
13.0490398407,80.2121505737,34286,34296,10
13.0484800339,80.2121887207,34296,34307,11
13.0477600098,80.2122802734,34307,34317,10
13.0468702316,80.2123413086,34317,34327,10
13.0458498001,80.2123718262,34327,34337,10
13.0448999405,80.2124633789,34337,34478,141
13.0448999405,80.2124633789,34478,34488,10
13.0446500778,80.2124862671,34488,34498,10
13.044260025,80.2125473022,34498,34508,10
13.0436201096,80.2124862671,34508,34516,8
13.0429496765,80.2124786377,34516,34530,14
13.0415496826,80.2124633789,34530,34540,10
13.0405197144,80.2124633789,34540,34550,10
13.039440155,80.2124404907,34550,34560,10
13.038479805,80.2124710083,34560,34671,111
13.038479805,80.2124710083,34671,34681,10
13.0380401611,80.2123718262,34681,34691,10
13.0376300812,80.2123565674,34691,34873,182
13.0376300812,80.2123565674,34873,34883,10
13.0373096466,80.2122879028,34883,34893,10
13.0368099213,80.2122879028,34893,34903,10
13.0361404419,80.2123565674,34903,34913,10
13.0353498459,80.2123184204,34913,34923,10
13.0349302292,80.2122802734,34923,34933,10
13.0348596573,80.2122497559,34933,34943,10
13.0346298218,80.2121734619,34943,34954,11
13.0340995789,80.2120895386,34954,34984,30
13.0340995789,80.2120895386,34984,34994,10
13.0337600708,80.2120285034,34994,35004,10
13.0333003998,80.2119598389,35004,35014,10
13.0325698853,80.2118835449,35014,35024,10
13.0319595337,80.2116928101,35024,35034,10
13.0319900513,80.2111816406,35034,35043,9
13.0320396423,80.2106018066,35043,35054,11
13.0321598053,80.2099227905,35054,35065,11
13.0318899155,80.2096099854,35065,35075,10
13.0313596725,80.2094802856,35075,35085,10
13.0307397842,80.2093429565,35085,35095,10
13.0306501389,80.209312439,35095,35105,10
13.0305299759,80.2092895508,35105,35115,10
13.0301704407,80.2091674805,35115,35125,10
13.0296897888,80.2090301514,35125,35145,20
13.0296897888,80.2090301514,35145,35155,10
13.0293703079,80.2089385986,35155,35166,11
13.0286903381,80.208732605,35166,35176,10
13.0279798508,80.208480835,35176,35186,10
13.0273199081,80.2081298828,35186,35196,10
13.026550293,80.2076568604,35196,35206,10
13.0256500244,80.2071990967,35206,35216,10
13.0249004364,80.2070388794,35216,35226,10
13.0244503021,80.2069396973,35226,35236,10
13.0244398117,80.2069320679,35236,35246,10
13.0242004395,80.2068481445,35246,35256,10
13.0237598419,80.2067565918,35256,35266,10
13.023229599,80.2066879272,35266,35277,11
13.0223798752,80.2065200806,35277,35287,10
13.0218601227,80.2064819336,35287,35297,10
13.0212402344,80.2064971924,35297,35307,10
13.0204401016,80.2065124512,35307,35317,10
13.0196800232,80.2064590454,35317,35327,10
13.0189599991,80.2062988281,35327,35337,10
13.0188703537,80.2062683105,35337,35347,10
13.0187397003,80.2062301636,35347,35357,10
13.0186395645,80.2061920166,35357,35367,10
13.0183801651,80.2061004639,35367,35377,10
13.0180997849,80.2060165405,35377,35398,21
13.0180997849,80.2060165405,35398,35408,10
13.0176696777,80.2058181763,35408,35418,10
13.0174598694,80.2057113647,35418,35428,10
13.0172796249,80.2056503296,35428,35438,10
13.016869545,80.2055511475,35438,35448,10
13.0163698196,80.2052536011,35448,35458,10
13.0158500671,80.205078125,35458,35468,10
13.0151195526,80.2048873901,35468,35478,10
13.014380455,80.2046508789,35478,35489,11
13.0141601563,80.2045822144,35489,35499,10
13.0140104294,80.204536438,35499,35509,10
13.0136404037,80.2044906616,35509,35519,10
13.0135297775,80.2048416138,35519,35529,10
13.0133399963,80.205406189,35529,35539,10
13.0130996704,80.206237793,35539,35549,10
13.0130195618,80.2071380615,35549,35559,10
13.0129404068,80.2077331543,35559,35569,10
13.0128803253,80.2080535889,35569,35579,10
13.0128602982,80.2084121704,35579,35588,9
13.0128698349,80.2086105347,35588,35600,12
13.0129404068,80.2090835571,35600,35610,10
13.0131998062,80.2095794678,35610,35620,10
13.0131902695,80.2100296021,35620,35630,10
13.0130796432,80.2107467651,35630,35640,10
13.0127296448,80.211517334,35640,35650,10
13.0123300552,80.2122879028,35650,35660,10
13.012049675,80.212677002,35660,35670,10
13.011879921,80.2127914429,35670,35680,10
13.0116701126,80.2126464844,35680,35690,10
13.0111703873,80.2123031616,35690,35700,10
13.010430336,80.211730957,35700,35731,31
13.010430336,80.211730957,35731,35741,10
13.0101099014,80.2115325928,35741,35751,10
13.0099401474,80.2114028931,35751,35791,40
13.0099401474,80.2114028931,35791,35800,9
13.0096197128,80.2111434937,35800,35852,52
13.0092496872,80.2111968994,35852,35872,20
13.0092496872,80.2111968994,35872,35882,10
13.0090799332,80.2114105225,35882,35892,10
13.0090503693,80.211479187,35892,35902,10
13.009059906,80.2116928101,35902,35912,10
13.0091400146,80.2119827271,35912,35923,11
13.0092201233,80.2123031616,35923,35933,10
13.0093803406,80.2127532959,35933,35943,10
13.0095500946,80.213180542,35943,35953,10
13.0097703934,80.2136993408,35953,35963,10
13.0100297928,80.2143630981,35963,35973,10
13.0101995468,80.2151489258,35973,35983,10
13.0104503632,80.2160873413,35983,35993,10
13.0108499527,80.2169570923,35993,36003,10
13.0111598969,80.2176513672,36003,36013,10
13.0114803314,80.2184906006,36013,36023,10
13.0118703842,80.2195510864,36023,36034,11
13.0122098923,80.2206573486,36034,36044,10
13.0123996735,80.2213134766,36044,36054,10
13.0126399994,80.221786499,36054,36064,10
13.0130195618,80.2223434448,36064,36074,10
13.0134601593,80.2228088379,36074,36084,10
13.0139198303,80.2233505249,36084,36094,10
13.0141000748,80.2236099243,36094,36104,10
13.0143404007,80.2238998413,36104,36114,10
13.0147600174,80.2243423462,36114,36124,10
13.015080452,80.2247390747,36124,36135,11
13.0152797699,80.224937439,36135,36145,10
13.015370369,80.2250518799,36145,36155,10
13.0154600143,80.2253875732,36155,36165,10
13.0152997971,80.2257766724,36165,36175,10
13.014840126,80.2260131836,36175,36185,10
13.0142602921,80.2262573242,36185,36195,10
13.0136203766,80.2265014648,36195,36205,10
13.0128602982,80.2267990112,36205,36215,10
13.0120401382,80.227142334,36215,36225,10
13.0114898682,80.2273635864,36225,36235,10
13.0108699799,80.2276000977,36235,36246,11
13.0101699829,80.2278671265,36246,36256,10
13.0096502304,80.2278366089,36256,36266,10
13.0097198486,80.2272415161,36266,36276,10
13.0100698471,80.2264709473,36276,36286,10
13.0103998184,80.2256011963,36286,36296,10
13.0106601715,80.2250137329,36296,36306,10
13.0108203888,80.2246627808,36306,36316,10
13.0110197067,80.224067688,36316,36326,10
13.0112695694,80.223449707,36326,36336,10
13.0112400055,80.22315979,36336,36347,11
13.0107297897,80.2228927612,36347,36357,10
13.0101003647,80.2225723267,36357,36367,10
13.0093698502,80.2221679688,36367,36377,10
13.0086202621,80.2217407227,36377,36387,10
13.007809639,80.2213134766,36387,36397,10
13.0069704056,80.2208633423,36397,36407,10
13.0060901642,80.2205123901,36407,36417,10
13.0051898956,80.2203216553,36417,36427,10
13.0042695999,80.220123291,36427,36437,10
13.0033798218,80.2199020386,36437,36447,10
13.0025501251,80.2195281982,36447,36458,11
13.0019302368,80.2188796997,36458,36468,10
13.0012798309,80.2183685303,36468,36478,10
13.0006303787,80.2178878784,36478,36488,10
13.0001497269,80.217590332,36488,36498,10
12.9996700287,80.2172775269,36498,36508,10
12.9989900589,80.2169113159,36508,36518,10
12.9982099533,80.2165679932,36518,36528,10
12.9974403381,80.2164764404,36528,36538,10
12.9973897934,80.2164764404,36538,36548,10
12.9971199036,80.2164916992,36548,36558,10
12.9965496063,80.216506958,36558,36569,11
12.9956798553,80.2167129517,36569,36579,10
12.9949798584,80.2171096802,36579,36589,10
12.9943504333,80.2175827026,36589,36599,10
12.9940004349,80.2178421021,36599,36609,10
12.9935598373,80.2181167603,36609,36619,10
12.9930095673,80.2184906006,36619,36629,10
12.992389679,80.2189788818,36629,36639,10
12.9916496277,80.2195281982,36639,36649,10
12.9910898209,80.2194824219,36649,36659,10
12.9910202026,80.2194366455,36659,36670,11
12.9905395508,80.219291687,36670,36680,10
12.9898099899,80.21900177,36680,36690,10
12.9889202118,80.2186508179,36690,36700,10
12.9879903793,80.2183990479,36700,36710,10
12.9872903824,80.2182922363,36710,36720,10
12.9864597321,80.2181015015,36720,36730,10
12.9853696823,80.2179107666,36730,36740,10
12.9845695496,80.2179412842,36740,36750,10
12.9840803146,80.2179489136,36750,36760,10
12.9840297699,80.2179718018,36760,36769,9
12.9837198257,80.2179718018,36769,36781,12
12.9828901291,80.2180023193,36781,36791,10
12.9820604324,80.2180023193,36791,36801,10
12.9810600281,80.2181625366,36801,36811,10
12.9802103043,80.218460083,36811,36821,10
12.9797000885,80.2186431885,36821,36831,10
12.9791097641,80.2188568115,36831,36841,10
12.9785995483,80.2190322876,36841,36851,10
12.9779500961,80.219329834,36851,36861,10
12.9771003723,80.2196807861,36861,36871,10
12.9764604568,80.2199783325,36871,36881,10
12.9762201309,80.2201004028,36881,36982,101
12.9762201309,80.2201004028,36982,36993,11
12.9759998322,80.2203521729,36993,37003,10
12.9759101868,80.2203369141,37003,37013,10
12.9757795334,80.2203598022,37013,37023,10
12.9756002426,80.2204589844,37023,37104,81
12.9756002426,80.2204589844,37104,37114,10
12.9755802155,80.2208099365,37114,37204,90
12.9759101868,80.2209625244,37204,37770,566
12.9761295319,80.2212371826,37770,37901,131
12.9761295319,80.2212371826,37901,37911,10
12.9764795303,80.2211990356,37911,37921,10
12.9767904282,80.2212295532,37921,37931,10
12.9772796631,80.2212219238,37931,37941,10
12.9779195786,80.2211837769,37941,37951,10
12.9784898758,80.2211608887,37951,37961,10
12.9791898727,80.2211227417,37961,37972,11
12.980050087,80.2210464478,37972,37982,10
12.9807901382,80.2210006714,37982,37992,10
12.9814195633,80.2211380005,37992,38002,10
12.9818201065,80.2214508057,38002,38012,10
12.9822597504,80.2216567993,38012,38022,10
12.982460022,80.2217407227,38022,38032,10
12.9826803207,80.2218322754,38032,38071,39
12.9826803207,80.2218322754,38071,38083,12
12.9831495285,80.2220687866,38083,38093,10
12.983300209,80.2221908569,38093,38103,10
12.9836196899,80.2223815918,38103,38113,10
12.9840097427,80.2226028442,38113,38123,10
12.9845504761,80.2229690552,38123,38133,10
12.9851999283,80.2232208252,38133,38143,10
12.985449791,80.2232284546,38143,38153,10
12.9856700897,80.2230682373,38153,38163,10
12.9862003326,80.2229690552,38163,38172,9
12.9865102768,80.2229614258,38172,38183,11
12.9866199493,80.2229766846,38183,38194,11
12.986869812,80.2230300903,38194,38204,10
12.9872999191,80.2230682373,38204,38214,10
12.9879198074,80.2229537964,38214,38224,10
12.9884595871,80.2224884033,38224,38234,10
12.9889802933,80.2219467163,38234,38244,10
12.9894104004,80.2213592529,38244,38254,10
12.9899902344,80.2206878662,38254,38264,10
12.9904699326,80.2203216553,38264,38274,10
12.9905900955,80.2202377319,38274,38284,10
12.9908504486,80.2200393677,38284,38295,11
12.9910497665,80.2198867798,38295,38305,10
12.9913196564,80.2196807861,38305,38315,10
12.991689682,80.2193984985,38315,38325,10
12.9922103882,80.2190093994,38325,38335,10
12.9928302765,80.2185592651,38335,38345,10
12.9935903549,80.2180175781,38345,38355,10
12.99421978,80.2175598145,38355,38365,10
12.9947395325,80.2172012329,38365,38375,10
12.9951896667,80.2169113159,38375,38385,10
12.9957704544,80.2166671753,38385,38395,10
12.9963102341,80.2165527344,38395,38406,11
12.9966497421,80.216506958,38406,38416,10
12.9969301224,80.2164764404,38416,38426,10
12.9972000122,80.2164230347,38426,38436,10
12.9974098206,80.2161865234,38436,38446,10
12.9974498749,80.2161483765,38446,38456,10
12.9976396561,80.2159805298,38456,38466,10
12.9979696274,80.2157211304,38466,38476,10
12.9984903336,80.2152481079,38476,38486,10
12.9990301132,80.21484375,38486,38496,10
12.9993000031,80.2146072388,38496,38507,11
12.9997997284,80.2141799927,38507,38517,10
13.0002202988,80.2137985229,38517,38527,10
13.0007600784,80.2133102417,38527,38537,10
13.0013399124,80.2128295898,38537,38547,10
13.0019598007,80.212387085,38547,38557,10
13.002579689,80.2121124268,38557,38567,10
13.003080368,80.2120513916,38567,38577,10
13.0036096573,80.2119827271,38577,38587,10
13.0036497116,80.2119369507,38587,38597,10
13.0037097931,80.2115783691,38597,38606,9
13.0036802292,80.2110595703,38606,38618,12
13.0035800934,80.2102432251,38618,38628,10
13.0035295486,80.2095336914,38628,38638,10
13.0036897659,80.2088012695,38638,38648,10
13.0043497086,80.2087402344,38648,38658,10
13.005200386,80.2091217041,38658,38668,10
13.006070137,80.2094802856,38668,38678,10
13.0065603256,80.2096405029,38678,38688,10
13.0068397522,80.2097091675,38688,38698,10
13.0071296692,80.2097702026,38698,38708,10
13.0074195862,80.2098083496,38708,38719,11
13.0074300766,80.2098236084,38719,38729,10
13.0075998306,80.2099075317,38729,38739,10
13.0079097748,80.2099533081,38739,38749,10
13.0081100464,80.2099914551,38749,38759,10
13.0081501007,80.2097015381,38759,38769,10
13.0079698563,80.2090911865,38769,38779,10
13.0078201294,80.2082824707,38779,38789,10
13.0076704025,80.20728302,38789,38799,10
13.0075101852,80.2061920166,38799,38809,10
13.0074701309,80.2051315308,38809,38818,9
13.0074901581,80.2042617798,38818,38830,12
13.007349968,80.2032470703,38830,38840,10
13.0069503784,80.202507019,38840,38850,10
13.006529808,80.2030334473,38850,38860,10
13.0069799423,80.2034378052,38860,38870,10
13.0076704025,80.2036819458,38870,38880,10
13.0085296631,80.2036819458,38880,38890,10
13.0096197128,80.2036209106,38890,38900,10
13.0108203888,80.2036209106,38900,38910,10
13.0120801926,80.2037734985,38910,38920,10
13.0131196976,80.2040100098,38920,38930,10
13.0136003494,80.2041473389,38930,38941,11
13.0136098862,80.2041625977,38941,38951,10
13.0137500763,80.2042007446,38951,38961,10
13.0142002106,80.2043533325,38961,38971,10
13.0147895813,80.2045288086,38971,38981,10
13.015080452,80.2045669556,38981,38991,10
13.0152101517,80.2045822144,38991,39001,10
13.015709877,80.204750061,39001,39011,10
13.0162296295,80.2050704956,39011,39021,10
13.0167798996,80.2051086426,39021,39031,10
13.0169401169,80.205078125,39031,39041,10
13.0174999237,80.2054672241,39041,39052,11
13.0175600052,80.2054977417,39052,39062,10
13.018119812,80.2057113647,39062,39072,10
13.0187196732,80.2058868408,39072,39082,10
13.0188102722,80.205909729,39082,39092,10
13.0189199448,80.2059783936,39092,39102,10
13.0193595886,80.2061004639,39102,39112,10
13.0200300217,80.2062301636,39112,39122,10
13.0208501816,80.206237793,39122,39132,10
13.02161026,80.2062606812,39132,39142,10
13.0221500397,80.2062835693,39142,39153,11
13.0228300095,80.2063827515,39153,39163,10
13.0235004425,80.2065505981,39163,39173,10
13.0239095688,80.2065734863,39173,39183,10
13.0244598389,80.2066879272,39183,39193,10
13.0251302719,80.2068481445,39193,39203,10
13.0251197815,80.2068634033,39203,39213,10
13.0254402161,80.2070388794,39213,39223,10
13.026140213,80.2073364258,39223,39233,10
13.0268802643,80.2077484131,39233,39243,10
13.0277299881,80.2082519531,39243,39253,10
13.0287504196,80.2086105347,39253,39264,11
13.029709816,80.2088088989,39264,39274,10
13.030380249,80.209022522,39274,39284,10
13.0312299728,80.2092437744,39284,39294,10
13.031709671,80.2093276978,39294,39304,10
13.0317296982,80.2093276978,39304,39314,10
13.0319404602,80.2093811035,39314,39324,10
13.0324296951,80.2095565796,39324,39334,10
13.0332098007,80.2097167969,39334,39344,10
13.0340595245,80.2099227905,39344,39354,10
13.0348901749,80.210067749,39354,39364,10
13.0350503922,80.2105026245,39364,39375,11
13.0350103378,80.2109069824,39375,39385,10
13.0350103378,80.2113113403,39385,39395,10
13.0349998474,80.2113494873,39395,39405,10
13.0349798203,80.21144104,39405,39415,10
13.0349197388,80.2117767334,39415,39425,10
13.0350399017,80.2121810913,39425,39435,10
13.0357103348,80.2122573853,39435,39445,10
13.0365800858,80.212272644,39445,39496,51
13.0365800858,80.212272644,39496,39506,10
13.0369701385,80.2122802734,39506,39516,10
13.0372104645,80.2122573853,39516,39526,10
13.0376996994,80.2122421265,39526,39536,10
13.038479805,80.2122421265,39536,39546,10
13.0392799377,80.2122192383,39546,39556,10
13.0403299332,80.2122268677,39556,39566,10
13.0413599014,80.2122802734,39566,39576,10
13.0423698425,80.2122421265,39576,39587,11
13.0434503555,80.2122116089,39587,39597,10
13.0440196991,80.2122116089,39597,39647,50
13.0440196991,80.2122116089,39647,39657,10
13.0441598892,80.2122879028,39657,39667,10
13.0441799164,80.2122802734,39667,39677,10
13.0445604324,80.212272644,39677,39687,10
13.0451602936,80.2122573853,39687,39698,11
13.0460500717,80.2122192383,39698,39708,10
13.0470199585,80.2121810913,39708,39718,10
13.0479803085,80.212097168,39718,39728,10
13.0486497879,80.212020874,39728,39738,10
13.0486602783,80.212020874,39738,39748,10
13.048789978,80.2120132446,39748,39758,10
13.049249649,80.2119827271,39758,39768,10
13.0498399734,80.2119598389,39768,39809,41
13.0498399734,80.2119598389,39809,39819,10
13.0499897003,80.2119064331,39819,39829,10
13.0504903793,80.2119369507,39829,39839,10
13.0510902405,80.212020874,39839,39849,10
13.0521497726,80.2119369507,39849,39859,10
13.05327034,80.2117080688,39859,39869,10
13.054309845,80.2114486694,39869,39879,10
13.0550003052,80.2114105225,39879,39889,10
13.0558700562,80.2114334106,39889,39899,10
13.0569295883,80.2114486694,39899,39910,11
13.0575704575,80.2114028931,39910,39920,10
13.0576601028,80.2114105225,39920,39930,10
13.0582103729,80.2113876343,39930,39940,10
13.0589399338,80.2114181519,39940,39950,10
13.0597295761,80.2115020752,39950,39960,10
13.0607404709,80.2115707397,39960,39970,10
13.0616903305,80.2116165161,39970,39980,10
13.0626602173,80.2115936279,39980,39990,10
13.0633201599,80.2115325928,39990,40000,10
13.0633401871,80.2115325928,40000,40010,10
13.0635004044,80.2115020752,40010,40021,11
13.0639801025,80.2114868164,40021,40031,10
13.0645799637,80.2113418579,40031,40041,10
13.0652599335,80.2109222412,40041,40051,10
13.0660104752,80.2102890015,40051,40061,10
13.066860199,80.2095794678,40061,40071,10
13.0671796799,80.209022522,40071,40081,10
13.0674104691,80.2085189819,40081,40091,10
13.0678796768,80.2079086304,40091,40101,10
13.0684099197,80.2070922852,40101,40111,10
13.0690202713,80.2061386108,40111,40122,11
13.0696201324,80.2051773071,40122,40132,10
13.0695695877,80.2048110962,40132,40142,10
13.0691900253,80.2049865723,40142,40152,10
13.0687999725,80.2053070068,40152,40162,10
13.0687198639,80.2048797607,40162,40192,30
13.0687198639,80.2048797607,40192,40202,10
13.0687398911,80.2047729492,40202,40212,10
13.0690402985,80.2047119141,40212,40222,10
13.0695400238,80.2047729492,40222,40233,11
13.0698699951,80.2048492432,40233,40243,10
13.0701198578,80.2045898438,40243,40253,10
13.0705099106,80.2040481567,40253,40263,10
13.0710802078,80.20337677,40263,40273,10
13.07213974,80.2021636963,40273,40323,50
13.07213974,80.2021636963,40323,40334,11
13.0721597672,80.2021102905,40334,40344,10
13.072429657,80.2018203735,40344,40354,10
13.0728902817,80.2012863159,40354,40364,10
13.0734701157,80.2006225586,40364,40374,10
13.0740699768,80.1998596191,40374,40384,10
13.0742902756,80.1996383667,40384,40394,10
13.0743703842,80.1995697021,40394,40404,10
13.0747003555,80.1992797852,40404,40414,10
13.0753602982,80.1990814209,40414,40424,10
13.076210022,80.1990509033,40424,40434,10
13.077170372,80.1989822388,40434,40445,11
13.0782804489,80.1988220215,40445,40455,10
13.0792999268,80.1987075806,40455,40465,10
13.0803604126,80.1986236572,40465,40475,10
13.0812997818,80.1985626221,40475,40485,10
13.0821695328,80.1985168457,40485,40495,10
13.0825595856,80.1985015869,40495,40515,20
13.0827198029,80.1985168457,40515,40545,30
13.0827198029,80.1985168457,40545,40556,11
13.08314991,80.1985015869,40556,40566,10
13.0834302902,80.1985015869,40566,40576,10
13.0834798813,80.1985015869,40576,40586,10
13.0837202072,80.1985015869,40586,40596,10
13.0839195251,80.1985015869,40596,40606,10
13.0841598511,80.1985015869,40606,40616,10
13.0843601227,80.1985168457,40616,40626,10
13.0845603943,80.1985397339,40626,40636,10
13.0848398209,80.1985092163,40636,40667,31
13.0848398209,80.1985092163,40667,40677,10
13.0852098465,80.1984100342,40677,40687,10
13.0854301453,80.1984100342,40687,40697,10
13.0857000351,80.1983795166,40697,40707,10
13.0861196518,80.1983108521,40707,40717,10
13.0866498947,80.1983566284,40717,40727,10
13.086979866,80.1983566284,40727,40737,10
13.0870599747,80.198097229,40737,40747,10
13.0870599747,80.198059082,40747,40757,10
13.0871200562,80.1977767944,40757,40768,11
13.0871496201,80.1971435547,40768,40778,10
13.0871896744,80.1963424683,40778,40788,10
13.087220192,80.1954879761,40788,40798,10
13.0872297287,80.1946182251,40798,40808,10
13.0872497559,80.1936416626,40808,40818,10
13.0872402191,80.1930999756,40818,40828,10
13.0872497559,80.1930770874,40828,40838,10
13.0872602463,80.193031311,40838,40848,10
13.0872898102,80.1927490234,40848,40858,10
13.0873403549,80.1923065186,40858,40868,10
13.0874099731,80.1916809082,40868,40879,11
13.0875101089,80.1909637451,40879,40889,10
13.0875997543,80.1902084351,40889,40899,10
13.0876703262,80.1893615723,40899,40909,10
13.0876903534,80.1891708374,40909,40919,10
13.0876998901,80.1890487671,40919,40929,10
13.0877599716,80.1883392334,40929,40969,40
13.0877599716,80.1883392334,40969,40980,11
13.087770462,80.1881866455,40980,40990,10
13.0878000259,80.1877212524,40990,41000,10
13.0878400803,80.1870269775,41000,41010,10
13.0878896713,80.1862030029,41010,41020,10
13.0879096985,80.1853713989,41020,41030,10
13.0879497528,80.1845932007,41030,41040,10
13.0879898071,80.1836013794,41040,41050,10
13.0880298615,80.1825180054,41050,41060,10
13.088060379,80.1819610596,41060,41070,10
13.0881099701,80.1812362671,41070,41080,10
13.0881204605,80.1803970337,41080,41091,11
13.0881204605,80.1798400879,41091,41101,10
13.0881099701,80.1796417236,41101,41131,30
13.0881099701,80.1796417236,41131,41141,10
13.0881299973,80.1793136597,41141,41151,10
13.0881299973,80.1792984009,41151,41161,10
13.088139534,80.1791381836,41161,41171,10
13.088139534,80.1789169312,41171,41181,10
13.088139534,80.1788482666,41181,41191,10
13.0881595612,80.1784591675,41191,41202,11
13.0881795883,80.1776580811,41202,41212,10
13.0881795883,80.1771469116,41212,41222,10
13.0882101059,80.1765823364,41222,41232,10
13.0882701874,80.1757888794,41232,41242,10
13.0883102417,80.1750183105,41242,41252,10
13.0883798599,80.1742401123,41252,41262,10
13.0884399414,80.1733474731,41262,41272,10
13.0884895325,80.1726837158,41272,41282,10
13.0885095596,80.1722793579,41282,41292,10
13.0885095596,80.1719207764,41292,41303,11
13.08852005,80.1717987061,41303,41313,10
13.088549614,80.1713562012,41313,41323,10
13.0885696411,80.1706314087,41323,41342,19
13.0885696411,80.1706314087,41342,41353,11
13.0885896683,80.1704788208,41353,41363,10
13.0886297226,80.1701126099,41363,41373,10
13.0888004303,80.1695175171,41373,41383,10
13.0894403458,80.1695632935,41383,41393,10
13.0902500153,80.1696014404,41393,41403,10
13.0911302567,80.1696624756,41403,41414,11
13.0918397903,80.1697006226,41414,41424,10
13.0926198959,80.1697616577,41424,41434,10
13.0934801102,80.1697998047,41434,41444,10
13.0943002701,80.1698303223,41444,41454,10
13.0946502686,80.1698303223,41454,41464,10
13.0949296951,80.169883728,41464,41474,10
13.0953102112,80.1698684692,41474,41484,10
13.0959997177,80.1699295044,41484,41494,10
13.0968599319,80.1699905396,41494,41504,10
13.0977697372,80.1700668335,41504,41513,9
13.0984601974,80.1701126099,41513,41525,12
13.0993404388,80.1701431274,41525,41535,10
13.099650383,80.1699066162,41535,41545,10
13.0995397568,80.1697387695,41545,41726,181
13.0994100571,80.1700592041,41726,42615,889
13.0994100571,80.1700592041,42615,42625,10
13.0988798141,80.1701965332,42625,42635,10
13.098400116,80.1701431274,42635,42645,10
13.0979299545,80.1701278687,42645,42655,10
13.0975103378,80.1700973511,42655,42665,10
13.0968999863,80.1700668335,42665,42675,10
13.0961999893,80.1700210571,42675,42685,10
13.0954999924,80.1699905396,42685,42695,10
13.0949201584,80.1699523926,42695,42705,10
13.0946102142,80.1699295044,42705,42716,11
13.0942401886,80.1698989868,42716,42726,10
13.0936403275,80.1698684692,42726,42736,10
13.0929603577,80.1697998047,42736,42746,10
13.0921201706,80.1697616577,42746,42756,10
13.0912303925,80.169708252,42756,42766,10
13.0903701782,80.1696624756,42766,42776,10
13.089509964,80.169593811,42776,42786,10
13.0888395309,80.1695632935,42786,42816,30
13.0888395309,80.1695632935,42816,42827,11
13.0886602402,80.1696929932,42827,42837,10
13.0886697769,80.1701965332,42837,42847,10
13.0887002945,80.1708221436,42847,42857,10
13.0886602402,80.17162323,42857,42867,10
13.0886497498,80.1718673706,42867,42877,10
13.0886096954,80.1721191406,42877,42887,10
13.0885896683,80.1726837158,42887,42897,10
13.0885400772,80.1734619141,42897,42907,10
13.088470459,80.1743621826,42907,42917,10
13.0884304047,80.1748809814,42917,42928,11
13.0883798599,80.1755218506,42928,42938,10
13.0883197784,80.176322937,42938,42948,10
13.0882797241,80.1771469116,42948,42958,10
13.088259697,80.1778411865,42958,42968,10
13.0882701874,80.1784973145,42968,42978,10
13.0882701874,80.1785736084,42978,42988,10
13.088259697,80.1787796021,42988,42998,10
13.0882501602,80.1791305542,42998,43008,10
13.088259697,80.1791687012,43008,43018,10
13.0882396698,80.1794509888,43018,43028,10
13.0882196426,80.1799087524,43028,43039,11
13.0881996155,80.1807098389,43039,43049,10
13.0881795883,80.1815414429,43049,43059,10
13.088139534,80.1823196411,43059,43069,10
13.0881004333,80.1831207275,43069,43079,10
13.088060379,80.1840209961,43079,43089,10
13.0880002975,80.1848602295,43089,43099,10
13.0879602432,80.1856536865,43099,43109,10
13.0879602432,80.1863937378,43109,43119,10
13.0879297256,80.1872406006,43119,43129,10
13.0879201889,80.1878814697,43129,43170,41
13.0879201889,80.1878814697,43170,43180,10
13.0878696442,80.1879806519,43180,43190,10
13.0878801346,80.1883621216,43190,43200,10
13.0878601074,80.1888809204,43200,43210,10
13.0878095627,80.1898498535,43210,43230,20
13.0878095627,80.1898498535,43230,43240,10
13.0877399445,80.1901779175,43240,43250,10
13.0876703262,80.1907424927,43250,43261,11
13.0875902176,80.1915206909,43261,43271,10
13.0874795914,80.1923065186,43271,43281,10
13.087389946,80.1930465698,43281,43291,10
13.0873498917,80.1939086914,43291,43301,10
13.0873298645,80.1949081421,43301,43311,10
13.0873098373,80.1956176758,43311,43321,10
13.0872898102,80.1962280273,43321,43331,10
13.0872802734,80.1969680786,43331,43341,10
13.087269783,80.1976318359,43341,43351,10
13.0872097015,80.1978988647,43351,43362,11
13.0872802734,80.1983413696,43362,43372,10
13.0875396729,80.1984634399,43372,43382,10
13.0881004333,80.1984176636,43382,43392,10
13.0888395309,80.1984405518,43392,43402,10
13.0896701813,80.1984786987,43402,43412,10
13.0905799866,80.1985473633,43412,43422,10
13.0915298462,80.1986312866,43422,43432,10
13.0923299789,80.1986618042,43432,43442,10
13.092880249,80.198677063,43442,43452,10
13.0929803848,80.198928833,43452,43462,10
13.0929803848,80.1993637085,43462,43473,11
13.0929498672,80.1998977661,43473,43483,10
13.0929098129,80.2001495361,43483,43493,10
13.0929098129,80.2003936768,43493,43503,10
13.0927696228,80.2005767822,43503,43513,10
13.0922899246,80.2005767822,43513,43523,10
13.0916204453,80.2005767822,43523,43533,10
13.090959549,80.2005386353,43533,43543,10
13.0902004242,80.2005386353,43543,43553,10
13.0894699097,80.2005233765,43553,43563,10
13.0891199112,80.2005081177,43563,43573,10
13.0888004303,80.2004928589,43573,43584,11
13.0880899429,80.2004623413,43584,43594,10
13.0873298645,80.2004470825,43594,43614,20
13.0873298645,80.2004470825,43614,43624,10
13.0868797302,80.2004394531,43624,43634,10
13.0863103867,80.2004165649,43634,43644,10
13.0859098434,80.2004013062,43644,43654,10
13.0856599808,80.200378418,43654,43664,10
13.0854701996,80.2003479004,43664,43674,10
13.0853500366,80.2002105713,43674,43685,11
13.0853500366,80.1997070313,43685,43695,10
13.0853595734,80.1990127563,43695,43705,10
13.0853099823,80.1987533569,43705,43715,10
13.0848703384,80.1987228394,43715,43725,10
13.0845003128,80.1987228394,43725,43765,40
13.0845003128,80.1987228394,43765,43775,10
13.0840902328,80.1986694336,43775,43785,10
13.0837697983,80.1986694336,43785,43796,11
13.0831699371,80.1986694336,43796,43846,50
13.0831699371,80.1986694336,43846,43856,10
13.0829296112,80.198677063,43856,43866,10
13.0826101303,80.198677063,43866,43876,10
13.0819997787,80.198677063,43876,43886,10
13.0811901093,80.1986618042,43886,43896,10
13.0804100037,80.1987075806,43896,43907,11
13.0794897079,80.1987915039,43907,43917,10
13.0785903931,80.1988601685,43917,43927,10
13.077580452,80.1989974976,43927,43937,10
13.0765895844,80.1991195679,43937,43947,10
13.0755996704,80.1992416382,43947,43957,10
13.0746202469,80.1996078491,43957,43967,10
13.0739097595,80.2001800537,43967,43977,10
13.0736398697,80.2005081177,43977,43987,10
13.0736398697,80.200592041,43987,43996,9
13.0734100342,80.2008590698,43996,44008,12
13.0728397369,80.2015380859,44008,44018,10
13.0724697113,80.2019577026,44018,44028,10
13.0720996857,80.2023696899,44028,44038,10
13.0715904236,80.2029571533,44038,44048,10
13.0709295273,80.2037124634,44048,44058,10
13.0702800751,80.204460144,44058,44068,10
13.0700502396,80.204788208,44068,44078,10
13.0698699951,80.2050476074,44078,44098,20
13.0698699951,80.2050476074,44098,44107,9
13.0698299408,80.2050933838,44107,44119,12
13.0695695877,80.2049179077,44119,44129,10
13.0692501068,80.205039978,44129,44139,10
13.0689697266,80.2053222656,44139,44149,10
13.0686197281,80.2053909302,44149,44159,10
13.0683603287,80.2053985596,44159,44169,10
13.068110466,80.205406189,44169,44219,50
13.068110466,80.205406189,44219,44230,11
13.0680799484,80.2051086426,44230,44240,10
13.0683002472,80.2049789429,44240,44250,10
13.0687303543,80.2047576904,44250,44300,50
13.0687303543,80.2047576904,44300,44310,10
13.0691900253,80.2047195435,44310,44341,31
13.0691900253,80.2047195435,44341,44351,10
13.069319725,80.2047805786,44351,44361,10
13.069609642,80.204826355,44361,44371,10
13.0698795319,80.2050018311,44371,44381,10
13.0697002411,80.2054290771,44381,44391,10
13.0692796707,80.2060470581,44391,44401,10
13.0687799454,80.2068328857,44401,44411,10
13.0682401657,80.2076721191,44411,44421,10
13.0677099228,80.2084579468,44421,44431,10
13.0675802231,80.2086868286,44431,44442,11
13.0672903061,80.2091598511,44442,44452,10
13.0668296814,80.2098007202,44452,44462,10
13.0660800934,80.2104415894,44462,44472,10
13.065369606,80.2110519409,44472,44482,10
13.0648097992,80.2114486694,44482,44492,10
13.0645303726,80.2115402222,44492,44502,10
13.0640697479,80.2116775513,44502,44512,10
13.0640497208,80.2116775513,44512,44522,10
13.0637397766,80.2116928101,44522,44532,10
13.0632801056,80.2117233276,44532,44542,10
13.0626401901,80.2117462158,44542,44553,11
13.061829567,80.2117614746,44553,44563,10
13.0609502792,80.2117233276,44563,44573,10
13.0600700378,80.2116775513,44573,44583,10
13.0591497421,80.2116394043,44583,44593,10
13.0583496094,80.2116088867,44593,44603,10
13.0577297211,80.2116088867,44603,44613,10
13.0576896667,80.2116012573,44613,44623,10
13.0574302673,80.2115707397,44623,44633,10
13.0569000244,80.2115707397,44633,44643,10
13.0561599731,80.2115478516,44643,44652,9
13.0547704697,80.2115325928,44652,44674,22
13.0547704697,80.2115325928,44674,44684,10
13.0544395447,80.2115631104,44684,44694,10
13.053850174,80.2117004395,44694,44704,10
13.0531196594,80.2118835449,44704,44714,10
13.0525197983,80.212059021,44714,44724,10
13.05189991,80.2121963501,44724,44734,10
13.0510997772,80.2121200562,44734,44754,20
13.0510997772,80.2121200562,44754,44764,10
13.0505104065,80.2121429443,44764,44775,11
13.0499000549,80.2121505737,44775,44785,10
13.0497999191,80.2121582031,44785,44795,10
13.0496101379,80.2121505737,44795,44815,20
13.0496101379,80.2121505737,44815,44825,10
13.0493898392,80.2121429443,44825,44835,10
13.0489196777,80.2121582031,44835,44845,10
13.0482196808,80.2122192383,44845,44855,10
13.047369957,80.2122879028,44855,44865,10
13.0464200974,80.2123184204,44865,44876,11
13.0455198288,80.212387085,44876,44886,10
13.0450401306,80.2124099731,44886,44936,50
13.0450401306,80.2124099731,44936,44946,10
13.0447902679,80.2124023438,44946,44955,9
13.0443601608,80.2124023438,44955,44966,11
13.0436096191,80.2123718262,44966,44976,10
13.0428304672,80.2123565674,44976,44987,11
13.0420703888,80.2123794556,44987,44997,10
13.041270256,80.2124023438,44997,45007,10
13.0403299332,80.2124099731,45007,45017,10
13.0392503738,80.2124404907,45017,45027,10
13.0382404327,80.2124404907,45027,45037,10
13.0375795364,80.2124328613,45037,45128,91
13.0375795364,80.2124328613,45128,45138,10
13.0372896194,80.2123565674,45138,45148,10
13.0368995667,80.2123413086,45148,45158,10
13.0362300873,80.2123184204,45158,45168,10
13.0354795456,80.2123184204,45168,45178,10
13.034910202,80.2122573853,45178,45188,10
13.034119606,80.2121429443,45188,45209,21
13.034119606,80.2121429443,45209,45219,10
13.0339298248,80.212097168,45219,45229,10
13.0334396362,80.2119674683,45229,45239,10
13.0327100754,80.2118377686,45239,45249,10
13.0320100784,80.2116088867,45249,45259,10
13.0320701599,80.2109603882,45259,45269,10
13.0320901871,80.2102279663,45269,45279,10
13.0319404602,80.2096176147,45279,45289,10
13.0313301086,80.2094421387,45289,45299,10
13.0306100845,80.2092437744,45299,45310,11
13.0301198959,80.2090911865,45310,45320,10
13.0297803879,80.2089767456,45320,45330,10
13.0294504166,80.2088775635,45330,45340,10
13.029299736,80.2088394165,45340,45350,10
13.0288000107,80.2087173462,45350,45360,10
13.0280399323,80.2085037231,45360,45370,10
13.0272798538,80.2081069946,45370,45380,10
13.02643013,80.2076034546,45380,45390,10
13.0255203247,80.2071533203,45390,45400,10
13.0245895386,80.2069778442,45400,45410,10
13.0241098404,80.2068786621,45410,45421,11
13.0238304138,80.2068023682,45421,45431,10
13.0233097076,80.2066802979,45431,45441,10
13.0226697922,80.2065429688,45441,45451,10
13.0220804214,80.206451416,45451,45461,10
13.0214700699,80.2064208984,45461,45471,10
13.0207395554,80.2064285278,45471,45481,10
13.0199098587,80.2064590454,45481,45491,10
13.0192499161,80.2063903809,45491,45501,10
13.0190000534,80.2063217163,45501,45511,10
13.0186500549,80.2061920166,45511,45521,10
13.0179901123,80.2059783936,45521,45532,11
13.0173397064,80.2056732178,45532,45542,10
13.016960144,80.2054901123,45542,45552,10
13.0164699554,80.205291748,45552,45562,10
13.0156898499,80.2050704956,45562,45572,10
13.0147800446,80.204788208,45572,45582,10
13.0140895844,80.2045669556,45582,45592,10
13.0139799118,80.2045211792,45592,45602,10
13.0136804581,80.2044372559,45602,45612,10
13.0135297775,80.2047424316,45612,45622,10
13.0133399963,80.2052688599,45622,45633,11
13.0130796432,80.2060012817,45633,45643,10
13.0129699707,80.2068023682,45643,45653,10
13.0129699707,80.207321167,45653,45663,10
13.0129003525,80.2077713013,45663,45673,10
13.0127401352,80.2080917358,45673,45683,10
13.0127801895,80.2084274292,45683,45693,10
13.0128202438,80.2087631226,45693,45703,10
13.0129003525,80.2090988159,45703,45713,10
13.0131196976,80.2096633911,45713,45723,10
13.0130596161,80.210319519,45723,45733,10
13.0128803253,80.2110366821,45733,45744,11
13.0126600266,80.211517334,45744,45754,10
13.0124101639,80.2119827271,45754,45764,10
13.0121002197,80.2124481201,45764,45774,10
13.0119104385,80.2127380371,45774,45784,10
13.0116796494,80.2126998901,45784,45794,10
13.0112695694,80.2123794556,45794,45804,10
13.0106897354,80.2119598389,45804,45814,10
13.0100498199,80.21144104,45814,45824,10
13.0094900131,80.2110366821,45824,45844,20
13.0094900131,80.2110366821,45844,45855,11
13.0092601776,80.2110671997,45855,45865,10
13.0090799332,80.2113189697,45865,45875,10
13.0090303421,80.2116775513,45875,45885,10
13.009180069,80.2121429443,45885,45895,10
13.0093603134,80.2126922607,45895,45905,10
13.0095901489,80.2132873535,45905,45915,10
13.0098400116,80.2139205933,45915,45925,10
13.0101003647,80.2145614624,45925,45935,10
13.0102100372,80.2153015137,45935,45945,10
13.0104103088,80.2160263062,45945,45956,11
13.0108299255,80.2169494629,45956,45966,10
13.0112104416,80.2177810669,45966,45976,10
13.0115203857,80.2185974121,45976,45986,10
13.0118303299,80.219543457,45986,45996,10
13.0121202469,80.2205123901,45996,46006,10
13.0124197006,80.2211990356,46006,46016,10
13.0125999451,80.2215194702,46016,46026,10
13.0127601624,80.2219085693,46026,46036,10
13.013010025,80.2220993042,46036,46046,10
13.0132598877,80.2224197388,46046,46056,10
13.0136404037,80.2228012085,46056,46067,11
13.013999939,80.2232894897,46067,46077,10
13.014169693,80.2235488892,46077,46087,10
13.0146102905,80.2240371704,46087,46097,10
13.0149497986,80.2245407104,46097,46107,10
13.0152997971,80.2249679565,46107,46117,10
13.0154600143,80.2252426147,46117,46127,10
13.01541996,80.2255935669,46127,46137,10
13.015080452,80.2259063721,46137,46147,10
13.0144901276,80.2261734009,46147,46157,10
13.0137996674,80.2264480591,46157,46168,11
13.0129203796,80.2267684937,46168,46178,10
13.0120697021,80.2271194458,46178,46188,10
13.0111598969,80.2274780273,46188,46198,10
13.0102901459,80.2278289795,46198,46208,10
13.0095500946,80.2278289795,46208,46218,10
13.0097103119,80.2271575928,46218,46228,10
13.0100803375,80.2263412476,46228,46238,10
13.0104598999,80.2254333496,46238,46248,10
13.0108499527,80.2244873047,46248,46258,10
13.0111398697,80.2236480713,46258,46268,10
13.0112495422,80.2231063843,46268,46279,11
13.0108804703,80.2229537964,46279,46289,10
13.010310173,80.2227020264,46289,46299,10
13.0097398758,80.2223815918,46299,46309,10
13.0089998245,80.2219772339,46309,46319,10
13.0082302094,80.221572876,46319,46329,10
13.007349968,80.2210922241,46329,46339,10
13.0065698624,80.220741272,46339,46349,10
13.0057601929,80.2205429077,46349,46359,10
13.0050001144,80.2203369141,46359,46369,10
13.004240036,80.220161438,46369,46379,10
13.0034303665,80.2200012207,46379,46390,11
13.0024795532,80.2195510864,46390,46400,10
13.0018396378,80.2189102173,46400,46410,10
13.0012302399,80.2183914185,46410,46420,10
13.0006904602,80.2179489136,46420,46430,10
13.0001401901,80.2176132202,46430,46440,10
12.9994401932,80.2172088623,46440,46450,10
12.9986000061,80.216796875,46450,46460,10
12.9977798462,80.2165679932,46460,46470,10
12.9973897934,80.2165298462,46470,46480,10
12.9972000122,80.216506958,46480,46490,10
12.9967803955,80.2165603638,46490,46501,11
12.9961595535,80.2166366577,46501,46511,10
12.9954099655,80.2169036865,46511,46521,10
12.9946899414,80.2173309326,46521,46531,10
12.9940900803,80.2177505493,46531,46541,10
12.9935998917,80.2180862427,46541,46551,10
12.9929800034,80.2185134888,46551,46561,10
12.9923496246,80.219039917,46561,46571,10
12.9916801453,80.2195205688,46571,46581,10
12.9914999008,80.2196426392,46581,46591,10
12.9912595749,80.219581604,46591,46602,11
12.991060257,80.2194900513,46602,46612,10
12.9907102585,80.2193374634,46612,46622,10
12.9900798798,80.2191009521,46622,46632,10
12.9892902374,80.2188110352,46632,46642,10
12.9883899689,80.2185211182,46642,46652,10
12.9876699448,80.2183837891,46652,46662,10
12.9870300293,80.2182922363,46662,46672,10
12.9869098663,80.2182769775,46672,46682,10
12.9867801666,80.21824646,46682,46692,10
12.9863395691,80.218132019,46692,46701,9
12.9857301712,80.2179794312,46701,46713,12
12.9847002029,80.217956543,46713,46723,10
12.9841499329,80.2179718018,46723,46733,10
12.9839296341,80.2179718018,46733,46743,10
12.9834299088,80.2179794312,46743,46753,10
12.9827299118,80.2179870605,46753,46763,10
12.9818897247,80.2180023193,46763,46773,10
12.9809799194,80.2181930542,46773,46783,10
12.9802503586,80.2184371948,46783,46793,10
12.9797000885,80.2186813354,46793,46803,10
12.9790897369,80.2189102173,46803,46813,10
12.9786396027,80.2190628052,46813,46824,11
12.9780902863,80.2193069458,46824,46834,10
12.9773702621,80.219619751,46834,46844,10
12.9765701294,80.2199172974,46844,46854,10
12.9758195877,80.2202224731,46854,46864,10
12.9755601883,80.2205429077,46864,46913,49
12.9757404327,80.2208709717,46913,46994,81
12.9757404327,80.2208709717,46994,47005,11
12.9758796692,80.2209472656,47005,48176,1171
12.9758796692,80.2209472656,48176,48186,10
12.9761400223,80.2211837769,48186,48277,91
12.9761400223,80.2211837769,48277,48287,10
12.9763698578,80.2212295532,48287,48297,10
12.9766597748,80.2212371826,48297,48307,10
12.9769601822,80.2212219238,48307,48317,10
12.9773101807,80.2212219238,48317,48327,10
12.9777698517,80.2211914063,48327,48337,10
12.9782800674,80.2211380005,48337,48348,11
12.9788703918,80.2210998535,48348,48358,10
12.9795103073,80.2210388184,48358,48368,10
12.9801797867,80.2210235596,48368,48378,10
12.9807796478,80.2210083008,48378,48388,10
12.981470108,80.2212371826,48388,48398,10
12.9820203781,80.2216491699,48398,48408,10
12.9829397202,80.2219314575,48408,48428,20
12.9829397202,80.2219314575,48428,48438,10
12.9831800461,80.2220993042,48438,48449,11
12.9835195541,80.222366333,48449,48459,10
12.9839096069,80.2226104736,48459,48469,10
12.9840402603,80.2226867676,48469,48479,10
12.9843997955,80.22290802,48479,48489,10
12.9849004745,80.223197937,48489,48499,10
12.9854097366,80.2232131958,48499,48509,10
12.9859199524,80.2229537964,48509,48519,10
12.9863595963,80.2229690552,48519,48529,10
12.9863901138,80.2229690552,48529,48538,9
12.9865398407,80.2229919434,48538,48549,11
12.9868602753,80.2230224609,48549,48560,11
12.9871397018,80.2230606079,48560,48570,10
12.9875402451,80.2230606079,48570,48580,10
12.9879999161,80.2228164673,48580,48590,10
12.9885702133,80.2223815918,48590,48600,10
12.9890003204,80.2218933105,48600,48610,10
12.9894104004,80.2213592529,48610,48620,10
12.9897899628,80.2208023071,48620,48630,10
12.9905099869,80.2202835083,48630,48650,20
12.9905099869,80.2202835083,48650,48660,10
12.9907102585,80.2201080322,48660,48671,11
12.9911203384,80.2198181152,48671,48681,10
12.9914903641,80.2195129395,48681,48691,10
12.9919996262,80.2191390991,48691,48701,10
12.9926204681,80.2187194824,48701,48711,10
12.9933004379,80.2181625366,48711,48721,10
12.9940004349,80.2176437378,48721,48731,10
12.9946098328,80.2172088623,48731,48741,10
12.9952001572,80.2168426514,48741,48751,10
12.9957103729,80.2166290283,48751,48761,10
12.9963798523,80.2165603638,48761,48772,11
12.997179985,80.2164230347,48772,48782,10
12.9975500107,80.2161026001,48782,48792,10
12.9976301193,80.2160415649,48792,48802,10
12.9978704453,80.2158279419,48802,48812,10
12.9983100891,80.2154464722,48812,48822,10
12.9988298416,80.2149734497,48822,48832,10
12.9991798401,80.2146682739,48832,48842,10
12.9995098114,80.2143478394,48842,48852,10
12.9999504089,80.2139892578,48852,48862,10
13.0004396439,80.2135467529,48862,48872,10
13.00096035,80.2130584717,48872,48883,11
13.0016202927,80.2125930786,48883,48893,10
13.0022201538,80.2122192383,48893,48903,10
13.0025196075,80.2121124268,48903,48913,10
13.0030298233,80.2120513916,48913,48923,10
13.0035400391,80.2119369507,48923,48933,10
13.0036201477,80.2118682861,48933,48943,10
13.0036897659,80.2115325928,48943,48953,10
13.0036497116,80.2109527588,48953,48963,10
13.003569603,80.2102890015,48963,48973,10
13.0035200119,80.209602356,48973,48983,10
13.0036497116,80.2089309692,48983,48994,11
13.0042896271,80.208732605,48994,49004,10
13.0051298141,80.2091217041,49004,49014,10
13.0058097839,80.2093963623,49014,49024,10
13.0062303543,80.2095413208,49024,49034,10
13.0066099167,80.2096633911,49034,49044,10
13.0070495605,80.2098007202,49044,49054,10
13.007349968,80.2098312378,49054,49064,10
13.0073699951,80.2098312378,49064,49074,10
13.0076303482,80.2098770142,49074,49083,9
13.007900238,80.2099533081,49083,49094,11
13.0080900192,80.2099914551,49094,49105,11
13.0081300735,80.2096633911,49105,49115,10
13.0079803467,80.2090301514,49115,49125,10
13.0078601837,80.2082519531,49125,49135,10
13.0077600479,80.2074279785,49135,49145,10
13.007610321,80.2065963745,49145,49155,10
13.007519722,80.2058410645,49155,49165,10
13.0074996948,80.2051696777,49165,49174,9
13.007519722,80.2045288086,49174,49185,11
13.0074396133,80.203742981,49185,49195,10
13.0073003769,80.2028808594,49195,49206,11
13.0066099167,80.2026596069,49206,49216,10
13.0067100525,80.2032775879,49216,49226,10
13.007229805,80.2035827637,49226,49236,10
13.0079603195,80.2037200928,49236,49246,10
13.0088701248,80.2036590576,49246,49256,10
13.0099496841,80.2035903931,49256,49266,10
13.0110998154,80.2036437988,49266,49276,10
13.0123195648,80.2037963867,49276,49286,10
13.013299942,80.2040328979,49286,49296,10
13.0137195587,80.2041931152,49296,49306,10
13.0143003464,80.2044067383,49306,49317,11
13.0150604248,80.2046203613,49317,49327,10
13.0150995255,80.2046508789,49327,49337,10
13.0153598785,80.2048187256,49337,49347,10
13.0160102844,80.2050933838,49347,49357,10
13.0167398453,80.2051315308,49357,49367,10
13.0174102783,80.2054824829,49367,49377,10
13.0181102753,80.2057723999,49377,49386,9
13.0186901093,80.2059402466,49386,49397,11
13.0188703537,80.2060089111,49397,49407,10
13.0190601349,80.2061004639,49407,49418,11
13.0196304321,80.206237793,49418,49428,10
13.0203399658,80.2062988281,49428,49438,10
13.0212697983,80.2062988281,49438,49448,10
13.02202034,80.2063369751,49448,49458,10
13.0226402283,80.2064819336,49458,49468,10
13.0236196518,80.2066192627,49468,49478,10
13.0243797302,80.2067337036,49478,49488,10
13.0243997574,80.2067337036,49488,49498,10
13.0246400833,80.20677948,49498,49508,10
13.0252399445,80.2069091797,49508,49517,9
13.025970459,80.2072219849,49517,49529,12
13.0269603729,80.2078170776,49529,49539,10
13.0279302597,80.2083816528,49539,49549,10
13.0290803909,80.2086868286,49549,49559,10
13.0301399231,80.2089767456,49559,49579,20
13.0301399231,80.2089767456,49579,49589,10
13.0303401947,80.2090530396,49589,49599,10
13.0308103561,80.209197998,49599,49609,10
13.0315198898,80.2093429565,49609,49619,10
13.0317401886,80.2094116211,49619,49629,10
13.0318899155,80.2095108032,49629,49640,11
13.0324602127,80.2096328735,49640,49650,10
13.0331802368,80.2097167969,49650,49660,10
13.0340299606,80.2098999023,49660,49670,10
13.034819603,80.2100906372,49670,49680,10
13.0350503922,80.2104568481,49680,49690,10
13.0350399017,80.2109680176,49690,49700,10
13.0350198746,80.2113189697,49700,49719,19
13.0350198746,80.2113189697,49719,49730,11
13.0349502563,80.2116394043,49730,49740,10
13.0349197388,80.2118835449,49740,49751,11
13.0349197388,80.2121505737,49751,49761,10
13.0351400375,80.2122421265,49761,49771,10
13.0356302261,80.212272644,49771,49781,10
13.0361995697,80.2123031616,49781,49791,10
13.0367698669,80.2123184204,49791,49801,10
13.0370502472,80.2122802734,49801,49811,10
13.0374603271,80.2123031616,49811,49821,10
13.0381498337,80.2122879028,49821,49831,10
13.0389995575,80.2122421265,49831,49841,10
13.0399703979,80.2122497559,49841,49852,11
13.041179657,80.212272644,49852,49862,10
13.0422401428,80.2122268677,49862,49872,10
13.0433101654,80.2122268677,49872,49882,10
13.0439195633,80.2122497559,49882,49902,20
13.0439195633,80.2122497559,49902,49912,10
13.0441999435,80.2122192383,49912,49922,10
13.044719696,80.2122421265,49922,49932,10
13.045419693,80.2122268677,49932,49942,10
13.0462398529,80.2121810913,49942,49952,10
13.0471897125,80.2121429443,49952,49963,11
13.0486001968,80.2120285034,49963,49983,20
13.0486001968,80.2120285034,49983,49993,10
13.0489501953,80.212020874,49993,50003,10
13.0494804382,80.2119903564,50003,50013,10
13.049659729,80.2119827271,50013,50023,10
13.0497999191,80.2119598389,50023,50033,10
13.0501403809,80.2119674683,50033,50043,10
13.0506095886,80.2120132446,50043,50053,10
13.0510396957,80.2120895386,50053,50064,11
13.0520000458,80.2119903564,50064,50074,10
13.0528402328,80.211807251,50074,50084,10
13.053730011,80.2115631104,50084,50094,10
13.0546398163,80.2114181519,50094,50104,10
13.0555000305,80.2114334106,50104,50114,10
13.056429863,80.2114334106,50114,50124,10
13.0572299957,80.2114334106,50124,50134,10
13.0573596954,80.21144104,50134,50143,9
13.0575504303,80.21144104,50143,50154,11
13.0580596924,80.2114486694,50154,50164,10
13.058719635,80.2114715576,50164,50175,11
13.0596103668,80.2115707397,50175,50185,10
13.0605401993,80.2116165161,50185,50195,10
13.0613203049,80.2116317749,50195,50205,10
13.0618696213,80.2116928101,50205,50215,10
13.0624904633,80.2116088867,50215,50225,10
13.0631904602,80.2115402222,50225,50235,10
13.063249588,80.2115478516,50235,50245,10
13.0635204315,80.2115402222,50245,50275,30
13.0635204315,80.2115402222,50275,50286,11
13.0638999939,80.2115097046,50286,50296,10
13.0644397736,80.2114028931,50296,50306,10
13.0651502609,80.2109909058,50306,50316,10
13.0658998489,80.2104034424,50316,50326,10
13.0666904449,80.2097167969,50326,50336,10
13.0672101974,80.2089385986,50336,50346,10
13.0673799515,80.2086410522,50346,50356,10
13.0676603317,80.2081680298,50356,50366,10
13.0680999756,80.2075195313,50366,50376,10
13.0685997009,80.20677948,50376,50386,10
13.0691099167,80.2059783936,50386,50397,11
13.0696401596,80.2051086426,50397,50407,10
13.0693502426,80.204826355,50407,50417,10
13.0690002441,80.2052764893,50417,50427,10
13.0687303543,80.2048721313,50427,50477,50
13.0687303543,80.2048721313,50477,50486,9
13.0688695908,80.2046966553,50486,50498,12
13.0693101883,80.2047195435,50498,50508,10
13.0696496964,80.204788208,50508,50518,10
13.0699796677,80.2047424316,50518,50528,10
13.070309639,80.2042694092,50528,50538,10
13.0707998276,80.203666687,50538,50548,10
13.071439743,80.2029266357,50548,50558,10
13.0720396042,80.2021865845,50558,50568,10
13.0725898743,80.2015914917,50568,50578,10
13.0730800629,80.2009887695,50578,50588,10
13.0734195709,80.2006225586,50588,50598,10
13.0737495422,80.2002563477,50598,50609,11
13.0743103027,80.1995925903,50609,50639,30
13.0743103027,80.1995925903,50639,50649,10
13.0745401382,80.199432373,50649,50659,10
13.0749998093,80.1991577148,50659,50669,10
13.0757398605,80.1990432739,50669,50679,10
13.0766496658,80.1990127563,50679,50689,10
13.0775995255,80.1989135742,50689,50699,10
13.0785398483,80.1987915039,50699,50709,10
13.0792102814,80.1987228394,50709,50720,11
13.0800104141,80.1986465454,50720,50730,10
13.0809202194,80.1985702515,50730,50740,10
13.081700325,80.1985473633,50740,50750,10
13.0828304291,80.1984786987,50750,50770,20
13.0828304291,80.1984786987,50770,50780,10
13.0830001831,80.1984863281,50780,50790,10
13.0834503174,80.1984634399,50790,50800,10
13.0840301514,80.1984481812,50800,50810,10
13.0845003128,80.1984710693,50810,50821,11
13.0848503113,80.1984786987,50821,50831,10
13.0850496292,80.1984405518,50831,50841,10
13.0852098465,80.1984405518,50841,50851,10
13.0853204727,80.1984634399,50851,50861,10
13.0856704712,80.1985015869,50861,50871,10
13.0861597061,80.1984329224,50871,50881,10
13.0866804123,80.1984024048,50881,50891,10
13.0870199203,80.1983184814,50891,50901,10
13.0870800018,80.1979370117,50901,50921,20
13.0870800018,80.1979370117,50921,50932,11
13.0871801376,80.1974868774,50932,50942,10
13.0872097015,80.1968765259,50942,50952,10
13.087220192,80.1960830688,50952,50962,10
13.0872402191,80.1952590942,50962,50972,10
13.0872602463,80.1944732666,50972,50982,10
13.0872898102,80.1935577393,50982,50992,10
13.0873003006,80.1928405762,50992,51002,10
13.0873804092,80.1922225952,51002,51012,10
13.0874795914,80.1914825439,51012,51022,10
13.0875797272,80.1906280518,51022,51032,10
13.0876998901,80.1896972656,51032,51043,11
13.0877199173,80.1890106201,51043,51053,10
13.0877199173,80.1890029907,51053,51063,10
13.0877599716,80.1885223389,51063,51083,20
13.0877599716,80.1885223389,51083,51093,10
13.0877799988,80.1882476807,51093,51103,10
13.0878000259,80.1880569458,51103,51113,10
13.0878295898,80.1875610352,51113,51123,10
13.0878601074,80.186882019,51123,51133,10
13.0879001617,80.1861495972,51133,51144,11
13.0879402161,80.1853485107,51144,51154,10
13.0879898071,80.1845016479,51154,51164,10
13.0880203247,80.1835708618,51164,51174,10
13.088060379,80.182472229,51174,51184,10
13.0881204605,80.1814422607,51184,51194,10
13.088139534,80.1803436279,51194,51204,10
13.088139534,80.1791610718,51204,51224,20
13.088139534,80.1791610718,51224,51234,10
13.088139534,80.1790237427,51234,51244,10
13.088139534,80.1787719727,51244,51255,11
13.0881700516,80.1781387329,51255,51265,10
13.0881795883,80.1773605347,51265,51275,10
13.0882196426,80.1765365601,51275,51285,10
13.0882797241,80.1755828857,51285,51295,10
13.0883703232,80.1745910645,51295,51305,10
13.0884599686,80.1736907959,51305,51315,10
13.0885000229,80.1727981567,51315,51325,10
13.08852005,80.1721801758,51325,51335,10
13.08852005,80.1720581055,51335,51345,10
13.0885601044,80.171661377,51345,51355,10
13.0886001587,80.1710281372,51355,51366,11
13.088640213,80.1706619263,51366,51376,10
13.0886602402,80.1700668335,51376,51446,70
13.0886602402,80.1700668335,51446,51456,10
13.0886602402,80.1697463989,51456,51467,11
13.0890598297,80.1695327759,51467,51477,10
13.0897598267,80.1695632935,51477,51487,10
13.0905303955,80.1696090698,51487,51496,9
13.0914096832,80.1696624756,51496,51507,11
13.0925798416,80.1697387695,51507,51517,10
13.0935096741,80.1697769165,51517,51527,10
13.0943803787,80.1698379517,51527,51537,10
13.0947303772,80.1698913574,51537,51547,10
13.0948495865,80.1698989868,51547,51557,10
13.0950803757,80.1698989868,51557,51566,9
13.095459938,80.1699523926,51566,51578,12
13.0963497162,80.1699676514,51578,51588,10
13.0972795486,80.1700515747,51588,51598,10
13.0982999802,80.1701202393,51598,51608,10
13.0992298126,80.1701812744,51608,51618,10
13.0996599197,80.1698684692,51618,51668,50
13.0996599197,80.1698684692,51668,51678,10
13.0995798111,80.1696624756,51678,51759,81
13.0995798111,80.1696624756,51759,51769,10
13.0993099213,80.1699981689,51769,52698,929
13.0993099213,80.1699981689,52698,52708,10
13.099439621,80.1702880859,52708,52728,20
13.099439621,80.1702880859,52728,52738,10
13.0991201401,80.170249939,52738,52748,10
13.0988998413,80.1702194214,52748,52758,10
13.0985403061,80.1701812744,52758,52768,10
13.0980501175,80.1701431274,52768,52779,11
13.0974302292,80.1700973511,52779,52789,10
13.0967903137,80.1700668335,52789,52799,10
13.0960798264,80.1700210571,52799,52809,10
13.0953502655,80.1699829102,52809,52819,10
13.0948400497,80.1699295044,52819,52829,10
13.0947303772,80.1699295044,52829,52839,10
13.094499588,80.1699295044,52839,52849,10
13.0940704346,80.1698913574,52849,52859,10
13.0934095383,80.1698379517,52859,52869,10
13.0926504135,80.1698074341,52869,52880,11
13.0918598175,80.1697692871,52880,52890,10
13.0911102295,80.1697235107,52890,52900,10
13.0902795792,80.1696777344,52900,52910,10
13.0895204544,80.1696090698,52910,52920,10
13.0889396667,80.1695785522,52920,52991,71
13.0889396667,80.1695785522,52991,53001,10
13.0888004303,80.1695709229,53001,53011,10
13.0886602402,80.1697692871,53011,53021,10
13.0886497498,80.1702804565,53021,53031,10
13.0886001587,80.1709976196,53031,53041,10
13.0885896683,80.1717071533,53041,53051,10
13.0885896683,80.1719207764,53051,53061,10
13.0885601044,80.1721420288,53061,53071,10
13.0885400772,80.172668457,53071,53081,10
13.0884895325,80.1734390259,53081,53091,10
13.0884399414,80.1742935181,53091,53102,11
13.0883903503,80.1751174927,53102,53112,10
13.0883302689,80.1758575439,53112,53122,10
13.0882797241,80.1766662598,53122,53132,10
13.0882396698,80.1773376465,53132,53142,10
13.0882501602,80.1779632568,53142,53152,10
13.0882301331,80.1784896851,53152,53162,10
13.0882301331,80.1785202026,53162,53172,10
13.0882196426,80.1786422729,53172,53182,10
13.0882301331,80.1792984009,53182,53223,41
13.0882301331,80.1792984009,53223,53233,10
13.0882396698,80.1794891357,53233,53243,10
13.0882196426,80.1798706055,53243,53253,10
13.0881996155,80.180557251,53253,53263,10
13.0881795883,80.181427002,53263,53273,10
13.088139534,80.1823272705,53273,53283,10
13.0880699158,80.1832962036,53283,53293,10
13.0880098343,80.1842880249,53293,53303,10
13.0879802704,80.1852722168,53303,53314,11
13.0879297256,80.1862869263,53314,53324,10
13.0878896713,80.1872787476,53324,53334,10
13.0879201889,80.1880493164,53334,53344,10
13.0878696442,80.1887893677,53344,53354,10
13.0878095627,80.1894836426,53354,53364,10
13.0877799988,80.1898498535,53364,53374,10
13.0877799988,80.1898574829,53374,53384,10
13.0877599716,80.189956665,53384,53394,10
13.0876903534,80.1903610229,53394,53404,10
13.0875797272,80.1909866333,53404,53414,10
13.0874996185,80.1916885376,53414,53425,11
13.0873804092,80.1926574707,53425,53485,60
13.0873804092,80.1926574707,53485,53495,10
13.0873804092,80.1930007935,53495,53505,10
13.0873603821,80.193611145,53505,53515,10
13.0873403549,80.1943283081,53515,53525,10
13.0873203278,80.1951599121,53525,53536,11
13.0872802734,80.1961517334,53536,53546,10
13.0872602463,80.1972427368,53546,53556,10
13.0872297287,80.1977233887,53556,53566,10
13.0871896744,80.1977996826,53566,53576,10
13.0872402191,80.1981811523,53576,53586,10
13.0874004364,80.198387146,53586,53596,10
13.0877103806,80.1984024048,53596,53606,10
13.0881900787,80.198387146,53606,53616,10
13.0888299942,80.198387146,53616,53626,10
13.0894403458,80.1984405518,53626,53637,11
13.090180397,80.1984786987,53637,53647,10
13.0909700394,80.1985168457,53647,53657,10
13.0918798447,80.1986236572,53657,53667,10
13.0928001404,80.1986236572,53667,53677,10
13.0929498672,80.1986923218,53677,53687,10
13.0929498672,80.1990585327,53687,53697,10
13.0929098129,80.1996688843,53697,53707,10
13.0928602219,80.2004089355,53707,53717,10
13.0927095413,80.2005996704,53717,53727,10
13.0923404694,80.2006225586,53727,53737,10
13.0916404724,80.200592041,53737,53748,11
13.0907802582,80.2005615234,53748,53758,10
13.0900802612,80.2005462646,53758,53768,10
13.0892896652,80.2005386353,53768,53778,10
13.0885601044,80.2004928589,53778,53788,10
13.0878295898,80.2004699707,53788,53798,10
13.087220192,80.2004623413,53798,53808,10
13.0870599747,80.2004165649,53808,53818,10
13.0866203308,80.2004318237,53818,53828,10
13.0858697891,80.2004013062,53828,53838,10
13.0853004456,80.2002563477,53838,53847,9
13.0852899551,80.1998977661,53847,53859,12
13.0853099823,80.1992721558,53859,53869,10
13.0852298737,80.1986694336,53869,53879,10
13.0848903656,80.1986999512,53879,53889,10
13.0844602585,80.198677063,53889,53899,10
13.0840997696,80.198638916,53899,53909,10
13.0840797424,80.198638916,53909,53919,10
13.0836400986,80.1986083984,53919,53929,10
13.0832996368,80.198600769,53929,53939,10
13.0832901001,80.198600769,53939,53949,10
13.0830402374,80.198600769,53949,53959,10
13.0825595856,80.1986083984,53959,53970,11
13.0820102692,80.1986465454,53970,53980,10
13.0815496445,80.1986694336,53980,53990,10
13.0811796188,80.198677063,53990,54000,10
13.0807504654,80.198677063,54000,54010,10
13.0800695419,80.1987533569,54010,54020,10
13.0792398453,80.1988296509,54020,54030,10
13.0783100128,80.198928833,54030,54040,10
13.0775604248,80.1990203857,54040,54050,10
13.0767498016,80.1991119385,54050,54060,10
13.075920105,80.1991882324,54060,54071,11
13.0749797821,80.1994094849,54071,54081,10
13.0741596222,80.1999435425,54081,54091,10
13.07351017,80.2006607056,54091,54101,10
13.0732698441,80.2010192871,54101,54111,10
13.0730895996,80.201171875,54111,54121,10
13.0726995468,80.2016067505,54121,54131,10
13.0722103119,80.2021789551,54131,54141,10
13.0715999603,80.20287323,54141,54151,10
13.0709600449,80.2035980225,54151,54161,10
13.0703496933,80.2043380737,54161,54171,10
13.0699396133,80.2049102783,54171,54182,11
13.0695199966,80.2049026489,54182,54192,10
13.0691995621,80.2050933838,54192,54202,10
13.0688295364,80.2054214478,54202,54212,10
13.0683803558,80.2054595947,54212,54222,10
13.0680904388,80.2054519653,54222,54343,121
13.0680904388,80.2054519653,54343,54353,10
13.0679397583,80.2051086426,54353,54394,41
13.0679397583,80.2051086426,54394,54404,10
13.0681200027,80.2049484253,54404,54414,10
13.0683202744,80.2049407959,54414,54424,10
13.0686302185,80.2048034668,54424,54434,10
13.0690402985,80.2047119141,54434,54444,10
13.0693998337,80.204750061,54444,54454,10
13.0696401596,80.2048110962,54454,54464,10
13.0698003769,80.2049713135,54464,54474,10
13.0697097778,80.2053604126,54474,54484,10
13.0693597794,80.205909729,54484,54494,10
13.0689401627,80.2065582275,54494,54505,11
13.068400383,80.2073974609,54505,54515,10
13.0678796768,80.2082214355,54515,54525,10
13.0673904419,80.2089767456,54525,54535,10
13.066860199,80.2097396851,54535,54545,10
13.0661401749,80.2103805542,54545,54555,10
13.0654497147,80.2109603882,54555,54565,10
13.0650196075,80.2112731934,54565,54575,10
13.0649499893,80.2113723755,54575,54585,10
13.0646400452,80.2115402222,54585,54595,10
13.0637397766,80.2117462158,54595,54616,21
13.0637397766,80.2117462158,54616,54626,10
13.0633497238,80.2117385864,54626,54636,10
13.0627002716,80.2117767334,54636,54646,10
13.0619897842,80.2117919922,54646,54656,10
13.0611400604,80.211730957,54656,54666,10
13.0601701736,80.2117004395,54666,54676,10
13.059220314,80.2116622925,54676,54686,10
13.0582895279,80.2116317749,54686,54696,10
13.0576601028,80.2116165161,54696,54706,10
13.057510376,80.2116317749,54706,54717,11
13.0571098328,80.2116317749,54717,54727,10
13.0564498901,80.2116165161,54727,54737,10
13.0556497574,80.2116165161,54737,54747,10
13.0548000336,80.2115936279,54747,54757,10
13.0545396805,80.2115783691,54757,54767,10
13.0544300079,80.2115707397,54767,54777,10
13.054019928,80.2116470337,54777,54787,10
13.0533399582,80.2117919922,54787,54797,10
13.0526599884,80.2119979858,54797,54807,10
13.0518598557,80.2121810913,54807,54817,10
13.0511198044,80.2121810913,54817,54828,11
13.050740242,80.2121582031,54828,54838,10
13.0502996445,80.2121505737,54838,54848,10
13.0498104095,80.2121429443,54848,54858,10
13.0494604111,80.2121810913,54858,54898,40
13.0494604111,80.2121810913,54898,54908,10
13.0490398407,80.2121276855,54908,54918,10
13.048500061,80.2121810913,54918,54927,9
13.0479297638,80.2122192383,54927,54939,12
13.0468997955,80.2122879028,54939,54949,10
13.045920372,80.2123184204,54949,54959,10
13.0450696945,80.2123718262,54959,54979,20
13.0450696945,80.2123718262,54979,54989,10
13.0448703766,80.2123718262,54989,54999,10
13.0444698334,80.2123718262,54999,55009,10
13.0439100266,80.2123413086,55009,55019,10
13.0432195663,80.2123184204,55019,55029,10
13.0425596237,80.212310791,55029,55039,10
13.0420103073,80.2123184204,55039,55050,11
13.0412502289,80.2123413086,55050,55060,10
13.0403003693,80.2123794556,55060,55070,10
13.0392904282,80.212387085,55070,55080,10
13.0383396149,80.2124023438,55080,55090,10
13.037560463,80.2123794556,55090,55171,81
13.037560463,80.2123794556,55171,55181,10
13.0373601913,80.2122879028,55181,55191,10
13.0369100571,80.2122802734,55191,55201,10
13.0363397598,80.212272644,55201,55211,10
13.0357303619,80.2123184204,55211,55221,10
13.0351400375,80.2122802734,55221,55231,10
13.0343904495,80.2121276855,55231,55262,31
13.0343904495,80.2121276855,55262,55272,10
13.0341100693,80.212059021,55272,55282,10
13.0337600708,80.2119979858,55282,55292,10
13.0334596634,80.2119522095,55292,55302,10
13.0328903198,80.2118682861,55302,55312,10
13.0322198868,80.2117767334,55312,55322,10
13.0318698883,80.2113265991,55322,55332,10
13.031999588,80.2105789185,55332,55342,10
13.032119751,80.2098388672,55342,55352,10
13.0318603516,80.2096176147,55352,55362,10
13.0312900543,80.2094573975,55362,55373,11
13.0305204391,80.2092590332,55373,55383,10
13.0298900604,80.2090682983,55383,55393,10
13.0296897888,80.209022522,55393,55403,10
13.029540062,80.2089691162,55403,55413,10
13.0292301178,80.2088394165,55413,55423,10
13.0287599564,80.2087402344,55423,55433,10
13.0280599594,80.2085266113,55433,55443,10
13.0273103714,80.208152771,55443,55453,10
13.0264902115,80.2076568604,55453,55463,10
13.0256099701,80.2071685791,55463,55474,11
13.0245399475,80.2069473267,55474,55484,10
13.0241699219,80.2069091797,55484,55494,10
13.0240097046,80.2068634033,55494,55504,10
13.0235004425,80.2067337036,55504,55514,10
13.0227603912,80.2065734863,55514,55524,10
13.0219097137,80.2064437866,55524,55534,10
13.0209999084,80.2064590454,55534,55544,10
13.0199604034,80.206489563,55544,55554,10
13.0191402435,80.2063674927,55554,55564,10
13.0188798904,80.2062911987,55564,55574,10
13.0184803009,80.2061233521,55574,55585,11
13.0178098679,80.2059173584,55585,55595,10
13.0172595978,80.2057113647,55595,55605,10
13.0168600082,80.2055511475,55605,55615,10
13.0160999298,80.2052536011,55615,55625,10
13.0152702332,80.2050018311,55625,55635,10
13.0144500732,80.2047424316,55635,55645,10
13.0141296387,80.2046432495,55645,55655,10
13.0140304565,80.2046127319,55655,55665,10
13.0136699677,80.2044906616,55665,55675,10
13.0135297775,80.204750061,55675,55686,11
13.0132904053,80.2053985596,55686,55696,10
13.0130596161,80.2061004639,55696,55706,10
13.0129699707,80.2069473267,55706,55716,10
13.0129003525,80.2076568604,55716,55726,10
13.0128297806,80.2084503174,55726,55736,10
13.0128297806,80.2084503174,55736,55746,10
13.012840271,80.2086715698,55746,55755,9
13.0128898621,80.2090988159,55755,55794,39
13.0127296448,80.21144104,55794,55807,13
13.0121898651,80.2123794556,55807,55817,10
13.011879921,80.2128295898,55817,55827,10
13.0116996765,80.2127990723,55827,55837,10
13.0113201141,80.2125015259,55837,55847,10
13.0107898712,80.2121124268,55847,55857,10
13.0102996826,80.2117385864,55857,55867,10
13.0096302032,80.2111968994,55867,55897,30
13.0096302032,80.2111968994,55897,55908,11
13.0094003677,80.2109985352,55908,55918,10
13.0093803406,80.2109909058,55918,55928,10
13.0092201233,80.21118927,55928,55938,10
13.009059906,80.21144104,55938,55948,10
13.0090904236,80.2118377686,55948,55958,10
13.0092697144,80.2124404907,55958,55968,10
13.0094804764,80.2130966187,55968,55978,10
13.0097503662,80.2137832642,55978,55988,10
13.0100498199,80.2144927979,55988,55998,10
13.0101900101,80.2153091431,55998,56009,11
13.0104398727,80.2161483765,56009,56019,10
13.0108203888,80.2169876099,56019,56029,10
13.0112495422,80.2179031372,56029,56039,10
13.011590004,80.2189102173,56039,56049,10
13.0119304657,80.2199707031,56049,56059,10
13.0122299194,80.2209320068,56059,56069,10
13.0123500824,80.2214736938,56069,56079,10
13.0125999451,80.221862793,56079,56089,10
13.0128297806,80.2222366333,56089,56099,10
13.0131702423,80.2226104736,56099,56109,10
13.0136604309,80.2230834961,56109,56120,11
13.0141401291,80.2236633301,56120,56130,10
13.0147199631,80.2241516113,56130,56140,10
13.0150098801,80.2245864868,56140,56150,10
13.0150299072,80.2246017456,56150,56160,10
13.015250206,80.2247619629,56160,56170,10
13.0155000687,80.2251968384,56170,56180,10
13.0154104233,80.2255783081,56180,56190,10
13.0151195526,80.2259216309,56190,56200,10
13.0147104263,80.22605896,56200,56210,10
13.0140304565,80.2263031006,56210,56220,10
13.0132904053,80.2266082764,56220,56231,11
13.0124902725,80.2269363403,56231,56241,10
13.0116500854,80.2272567749,56241,56251,10
13.0106601715,80.2276306152,56251,56261,10
13.0096902847,80.227897644,56261,56271,10
13.0095996857,80.2273330688,56271,56281,10
13.0098695755,80.2267074585,56281,56291,10
13.0101995468,80.2259063721,56291,56301,10
13.0104999542,80.2251586914,56301,56311,10
13.0105600357,80.2250595093,56311,56321,10
13.0106897354,80.2247772217,56321,56331,10
13.0109395981,80.2241821289,56331,56342,11
13.0112800598,80.2233581543,56342,56352,10
13.01101017,80.2229766846,56352,56362,10
13.0105104446,80.2227478027,56362,56372,10
13.0099496841,80.2224884033,56372,56382,10
13.0092897415,80.2221374512,56382,56392,10
13.0085401535,80.2217407227,56392,56402,10
13.0076799393,80.2212905884,56402,56412,10
13.0067195892,80.2207794189,56412,56422,10
13.0057601929,80.220489502,56422,56432,10
13.0049295425,80.2203216553,56432,56443,11
13.0040302277,80.220123291,56443,56453,10
13.0031795502,80.2199172974,56453,56463,10
13.0023603439,80.2194519043,56463,56473,10
13.0017595291,80.218788147,56473,56483,10
13.0010900497,80.2182769775,56483,56493,10
13.0003995895,80.2178268433,56493,56503,10
12.999710083,80.2174224854,56503,56513,10
12.9988002777,80.2169189453,56513,56523,10
12.9973402023,80.2165374756,56523,56543,20
12.9973402023,80.2165374756,56543,56554,11
12.9971399307,80.2165527344,56554,56564,10
12.996629715,80.216583252,56564,56574,10
12.9959402084,80.2166900635,56574,56584,10
12.9951601028,80.217010498,56584,56594,10
12.995059967,80.2170791626,56594,56604,10
12.9948396683,80.2172012329,56604,56614,10
12.9944696426,80.2174987793,56614,56624,10
12.9938697815,80.2179489136,56624,56634,10
12.9931402206,80.2184371948,56634,56644,10
12.9923200607,80.2190093994,56644,56655,11
12.9915599823,80.2195968628,56655,56665,10
12.9914302826,80.2197265625,56665,56675,10
12.9911403656,80.2195587158,56675,56685,10
12.9905004501,80.2192993164,56685,56695,10
12.9896497726,80.21900177,56695,56705,10
12.9886598587,80.2186584473,56705,56715,10
12.9876298904,80.218421936,56715,56725,10
12.9868898392,80.2182769775,56725,56735,10
12.9868202209,80.21824646,56735,56745,10
12.9864301682,80.2181396484,56745,56755,10
12.9856796265,80.2179489136,56755,56766,11
12.9845104218,80.2179412842,56766,56776,10
12.9838895798,80.217956543,56776,56786,10
12.9835796356,80.2179489136,56786,56796,10
12.9829101563,80.2179336548,56796,56806,10
12.9820203781,80.2179336548,56806,56816,10
12.9809703827,80.2181472778,56816,56826,10
12.9800596237,80.2184829712,56826,56836,10
12.9794101715,80.2187194824,56836,56846,10
12.9788198471,80.21900177,56846,56856,10
12.9784202576,80.2191467285,56856,56866,10
12.9777498245,80.2194290161,56866,56877,11
12.9767999649,80.2198410034,56877,56887,10
12.9759397507,80.2202377319,56887,56897,10
12.975520134,80.2205810547,56897,56907,10
12.9756498337,80.2208099365,56907,56988,81
12.9759597778,80.220993042,56988,57077,89
12.9759502411,80.2211303711,57077,57805,728
12.976149559,80.2213363647,57805,57936,131
12.976149559,80.2213363647,57936,57946,10
12.976650238,80.221282959,57946,57957,11
12.976940155,80.2212600708,57957,57967,10
12.9773101807,80.2212371826,57967,57977,10
12.977809906,80.2212219238,57977,57987,10
12.9784402847,80.2212524414,57987,57997,10
12.979060173,80.2211990356,57997,58007,10
12.9795799255,80.2211685181,58007,58017,10
12.9799604416,80.2211608887,58017,58027,10
12.9805698395,80.2210693359,58027,58037,10
12.9812498093,80.221206665,58037,58047,10
12.9818601608,80.2215881348,58047,58057,10
12.9823904037,80.2218170166,58057,58068,11
12.9829397202,80.2220306396,58068,58078,10
12.9829998016,80.222076416,58078,58088,10
12.9831895828,80.2221832275,58088,58098,10
12.9834499359,80.2223129272,58098,58108,10
12.9838600159,80.2225875854,58108,58118,10
12.9842796326,80.2228622437,58118,58128,10
12.9848203659,80.2231674194,58128,58138,10
12.9853897095,80.2233276367,58138,58148,10
12.9858503342,80.2230606079,58148,58158,10
12.9863195419,80.2230606079,58158,58168,10
12.9864301682,80.2230834961,58168,58179,11
12.9867200851,80.2230682373,58179,58189,10
12.9871501923,80.2231521606,58189,58199,10
12.9877195358,80.2230987549,58199,58209,10
12.9882202148,80.2227935791,58209,58219,10
12.9887399673,80.2222976685,58219,58229,10
12.9892597198,80.2216415405,58229,58239,10
12.9898195267,80.2209625244,58239,58249,10
12.9903898239,80.2204666138,58249,58259,10
12.990530014,80.2203598022,58259,58269,10
12.99077034,80.2201690674,58269,58279,10
12.9910497665,80.2199172974,58279,58290,11
12.9914798737,80.2195892334,58290,58300,10
12.9919595718,80.2192306519,58300,58310,10
12.9925498962,80.2188034058,58310,58320,10
12.9931697845,80.2183380127,58320,58330,10
12.9937896729,80.2179031372,58330,58340,10
12.9943504333,80.2175292969,58340,58350,10
12.9944200516,80.2174835205,58350,58360,10
12.9946498871,80.2173080444,58360,58370,10
12.9950704575,80.2169876099,58370,58380,10
12.9955797195,80.2167282104,58380,58391,11
12.9962997437,80.2165603638,58391,58401,10
12.996919632,80.216506958,58401,58411,10
12.9971599579,80.216468811,58411,58421,10
12.9973897934,80.2162399292,58421,58431,10
12.9974603653,80.216178894,58431,58441,10
12.9975595474,80.2160568237,58441,58451,10
12.9978399277,80.2158126831,58451,58461,10
12.9982795715,80.2154312134,58461,58471,10
12.9988603592,80.2149200439,58471,58481,10
12.9991998672,80.2146224976,58481,58491,10
12.9995803833,80.2143096924,58491,58502,11
13.0001001358,80.2138519287,58502,58512,10
13.0006504059,80.2133636475,58512,58522,10
13.0010099411,80.2130889893,58522,58532,10
13.0015001297,80.2127380371,58532,58542,10
13.0020198822,80.2123794556,58542,58552,10
13.0026102066,80.2121505737,58552,58562,10
13.0032997131,80.2121200562,58562,58572,10
13.0036497116,80.2119216919,58572,58582,10
13.0036802292,80.2117080688,58582,58592,10
13.0036802292,80.2111663818,58592,58603,11
13.0035896301,80.2104034424,58603,58613,10
13.0035200119,80.2096405029,58613,58623,10
13.0036497116,80.2088775635,58623,58633,10
13.0042600632,80.2087402344,58633,58643,10
13.0050401688,80.2091064453,58643,58653,10
13.0057001114,80.2093963623,58653,58663,10
13.0060501099,80.2095184326,58663,58673,10
13.0062799454,80.2096099854,58673,58683,10
13.0066604614,80.2097473145,58683,58693,10
13.0069799423,80.2097930908,58693,58703,10
13.0073099136,80.2098693848,58703,58724,21
13.0073099136,80.2098693848,58724,58734,10
13.0076599121,80.2099075317,58734,58744,10
13.007900238,80.2099685669,58744,58754,10
13.0079097748,80.2099761963,58754,58764,10
13.0081396103,80.2097625732,58764,58774,10
13.0079898834,80.2091598511,58774,58784,10
13.0078601837,80.2083282471,58784,58794,10
13.0077295303,80.2074203491,58794,58804,10
13.0075998306,80.20652771,58804,58814,10
13.0075101852,80.2056121826,58814,58825,11
13.0074996948,80.2046585083,58825,58835,10
13.0074396133,80.2039108276,58835,58845,10
13.007349968,80.2031173706,58845,58855,10
13.0068101883,80.2025604248,58855,58865,10
13.0066204071,80.2032012939,58865,58875,10
13.0071697235,80.2035827637,58875,58885,10
13.0078601837,80.2037582397,58885,58895,10
13.0087299347,80.2037277222,58895,58905,10
13.0097503662,80.2036514282,58905,58915,10
13.0108499527,80.2036590576,58915,58926,11
13.0121297836,80.2038116455,58926,58936,10
13.0132198334,80.2040710449,58936,58946,10
13.0137300491,80.204208374,58946,58956,10
13.0141897202,80.2043609619,58956,58966,10
13.0148096085,80.2045516968,58966,58976,10
13.0148801804,80.2045898438,58976,58986,10
13.0149402618,80.2046432495,58986,58996,10
13.0151395798,80.2047195435,58996,59006,10
13.0157203674,80.2050170898,59006,59016,10
13.016169548,80.2052001953,59016,59027,11
13.0166702271,80.2049789429,59027,59037,10
13.0175600052,80.2056732178,59037,59047,10
13.0187597275,80.205947876,59047,59067,20
13.0187597275,80.205947876,59067,59077,10
13.0190496445,80.2060699463,59077,59087,10
13.0195503235,80.2062225342,59087,59097,10
13.0203399658,80.2063674927,59097,59107,10
13.0213499069,80.2063064575,59107,59117,10
13.0221004486,80.2063598633,59117,59127,10
13.0229101181,80.2065200806,59127,59137,10
13.0237197876,80.2066268921,59137,59148,11
13.0242500305,80.2067108154,59148,59158,10
13.0245304108,80.2067565918,59158,59168,10
13.0250396729,80.2068862915,59168,59178,10
13.0258903503,80.2072677612,59178,59188,10
13.0267601013,80.2077865601,59188,59198,10
13.0276203156,80.2083129883,59198,59208,10
13.0284500122,80.2086715698,59208,59218,10
13.029250145,80.2088470459,59218,59228,10
13.0297403336,80.2089385986,59228,59238,10
13.0297899246,80.208946228,59238,59249,11
13.0299596786,80.2089691162,59249,59259,10
13.0303897858,80.2090911865,59259,59269,10
13.0310697556,80.2092895508,59269,59279,10
13.0316400528,80.2094192505,59279,59289,10
13.03166008,80.2093963623,59289,59299,10
13.0319499969,80.2094497681,59299,59309,10
13.0325098038,80.209602356,59309,59319,10
13.0332899094,80.2098388672,59319,59329,10
13.0342702866,80.2100067139,59329,59339,10
13.0350599289,80.2103271484,59339,59349,10
13.0350399017,80.2108306885,59349,59360,11
13.0350399017,80.2113723755,59360,59370,10
13.035030365,80.2114181519,59370,59380,10
13.0349597931,80.2116088867,59380,59390,10
13.0348997116,80.212020874,59390,59400,10
13.0351295471,80.2122802734,59400,59410,10
13.0358600616,80.2122802734,59410,59430,20
13.0361604691,80.2123031616,59430,59451,21
13.0361604691,80.2123031616,59451,59460,9
13.036359787,80.2123565674,59460,59471,11
13.0366201401,80.212348938,59471,59481,10
13.0367002487,80.2123413086,59481,59491,10
13.0369796753,80.2123336792,59491,59501,10
13.0374002457,80.2123413086,59501,59511,10
13.0381298065,80.2123184204,59511,59521,10
13.039059639,80.2122802734,59521,59531,10
13.0401201248,80.2123031616,59531,59541,10
13.0412998199,80.2122879028,59541,59551,10
13.0423803329,80.2123718262,59551,59561,10
13.0433197021,80.2123031616,59561,59572,11
13.0440502167,80.2122497559,59572,59652,80
13.0440502167,80.2122497559,59652,59662,10
13.0444297791,80.2122497559,59662,59672,10
13.0450401306,80.2122421265,59672,59683,11
13.045920372,80.2122192383,59683,59693,10
13.0468797684,80.2121963501,59693,59703,10
13.0479698181,80.2121200562,59703,59713,10
13.0485897064,80.2120132446,59713,59733,20
13.0485897064,80.2120132446,59733,59743,10
13.0489196777,80.2119293213,59743,59753,10
13.0492801666,80.2119216919,59753,59763,10
13.0497503281,80.2119369507,59763,59784,21
13.0497503281,80.2119369507,59784,59794,10
13.0501098633,80.2119216919,59794,59804,10
13.0502300262,80.2119369507,59804,59814,10
13.0505199432,80.2120819092,59814,59823,9
13.0508499146,80.2121505737,59823,59834,11
13.0521202087,80.2120819092,59834,59844,10
13.0532102585,80.2117996216,59844,59854,10
13.0542602539,80.2114868164,59854,59864,10
13.054599762,80.2114334106,59864,59874,10
13.054980278,80.21144104,59874,59884,10
13.0557203293,80.211479187,59884,59895,11
13.0567903519,80.2114334106,59895,59905,10
13.057510376,80.2114486694,59905,59915,10
13.0576095581,80.2114181519,59915,59925,10
13.0577898026,80.2114028931,59925,59935,10
13.0582199097,80.2114715576,59935,59945,10
13.0589799881,80.2114562988,59945,59955,10
13.0598402023,80.211517334,59955,59965,10
13.0608797073,80.2115936279,59965,59975,10
13.0618696213,80.2117233276,59975,59985,10
13.0632400513,80.2114715576,59985,60036,51
13.0632400513,80.2114715576,60036,60046,10
13.0636501312,80.2114868164,60046,60056,10
13.0639896393,80.2114562988,60056,60066,10
13.0646400452,80.2112808228,60066,60076,10
13.0653896332,80.2107391357,60076,60086,10
13.0661497116,80.2101287842,60086,60096,10
13.0669202805,80.2094497681,60096,60106,10
13.0674800873,80.2085418701,60106,60117,11
13.0681400299,80.2074966431,60117,60127,10
13.0687799454,80.2065200806,60127,60137,10
13.0693702698,80.2055969238,60137,60147,10
13.0697002411,80.2049865723,60147,60157,10
13.0694198608,80.2047805786,60157,60167,10
13.0690698624,80.2051696777,60167,60177,10
13.0687198639,80.2049407959,60177,60218,41
13.0687198639,80.2049407959,60218,60228,10
13.0687799454,80.2047195435,60228,60238,10
13.0690803528,80.2046890259,60238,60248,10
13.0695104599,80.2047805786,60248,60258,10
13.0698003769,80.2048492432,60258,60268,10
13.0701503754,80.204536438,60268,60278,10
13.0705900192,80.2039794922,60278,60288,10
13.071149826,80.2033004761,60288,60298,10
13.0721101761,80.2022399902,60298,60349,51
13.0721101761,80.2022399902,60349,60359,10
13.0722703934,80.2019805908,60359,60369,10
13.0725698471,80.2016372681,60369,60379,10
13.0730495453,80.2010803223,60379,60389,10
13.0735998154,80.2004470825,60389,60399,10
13.0744600296,80.199432373,60399,60419,20
13.0744600296,80.199432373,60419,60430,11
13.0746002197,80.1993026733,60430,60440,10
13.0749797821,80.1991119385,60440,60450,10
13.0754899979,80.1990509033,60450,60460,10
13.076259613,80.1990432739,60460,60470,10
13.0770797729,80.1990127563,60470,60480,10
13.077870369,80.1989212036,60480,60490,10
13.0787801743,80.1987991333,60490,60500,10
13.0797700882,80.1986999512,60500,60510,10
13.0807600021,80.198638916,60510,60520,10
13.0817403793,80.1986312866,60520,60530,10
13.0824098587,80.1985168457,60530,60551,21
13.0824098587,80.1985168457,60551,60561,10
13.082690239,80.1985321045,60561,60571,10
13.0829696655,80.1985473633,60571,60581,10
13.0832700729,80.1985473633,60581,60601,20
13.0832700729,80.1985473633,60601,60611,10
13.0836000443,80.1985321045,60611,60621,10
13.0837001801,80.1985168457,60621,60631,10
13.0839004517,80.1985168457,60631,60641,10
13.0841197968,80.1985321045,60641,60652,11
13.0843095779,80.1985168457,60652,60662,10
13.0844497681,80.1985321045,60662,60672,10
13.0846204758,80.1985321045,60672,60682,10
13.0847997665,80.1985321045,60682,60692,10
13.0849399567,80.1984710693,60692,60702,10
13.0849895477,80.1984634399,60702,60712,10
13.0852298737,80.1984405518,60712,60722,10
13.0854797363,80.1984710693,60722,60732,10
13.0858201981,80.1984405518,60732,60741,9
13.0862598419,80.1984405518,60741,60753,12
13.0867795944,80.1984710693,60753,60763,10
13.0870599747,80.1980819702,60763,60783,20
13.0870599747,80.1980819702,60783,60793,10
13.0871400833,80.1977310181,60793,60803,10
13.0871801376,80.1971511841,60803,60813,10
13.0872001648,80.1963195801,60813,60823,10
13.087220192,80.1953582764,60823,60833,10
13.0872402191,80.1942596436,60833,60843,10
13.0872602463,80.193359375,60843,60853,10
13.0872602463,80.1931610107,60853,60864,11
13.0872802734,80.1929092407,60864,60874,10
13.0873298645,80.1925430298,60874,60884,10
13.0874099731,80.1919937134,60884,60894,10
13.0874700546,80.1914901733,60894,60904,10
13.0875701904,80.1907577515,60904,60914,10
13.0876703262,80.1899108887,60914,60924,10
13.0876998901,80.1893615723,60924,60934,10
13.0876998901,80.1890182495,60934,60944,10
13.0876998901,80.1890029907,60944,60954,10
13.0877199173,80.1885223389,60954,60975,21
13.0877199173,80.1885223389,60975,60985,10
13.0877304077,80.1883621216,60985,60995,10
13.0877599716,80.1879882813,60995,61005,10
13.0878000259,80.1874771118,61005,61015,10
13.0878295898,80.1867980957,61015,61025,10
13.0878696442,80.1859893799,61025,61035,10
13.0879201889,80.1851501465,61035,61045,10
13.0879602432,80.1843185425,61045,61055,10
13.0879898071,80.1834716797,61055,61065,10
13.0880298615,80.182510376,61065,61076,11
13.0880804062,80.1815719604,61076,61086,10
13.0881204605,80.1805877686,61086,61096,10
13.0881004333,80.1798629761,61096,61146,50
13.0881004333,80.1798629761,61146,61156,10
13.088139534,80.1795578003,61156,61166,10
13.088139534,80.1791992188,61166,61175,9
13.088139534,80.1789321899,61175,61187,12
13.0881500244,80.1788024902,61187,61197,10
13.0881700516,80.178352356,61197,61207,10
13.0881700516,80.1777191162,61207,61217,10
13.0881900787,80.1770172119,61217,61227,10
13.0882396698,80.1761932373,61227,61237,10
13.0882902145,80.1753005981,61237,61247,10
13.0883197784,80.1748504639,61247,61257,10
13.0883598328,80.1743774414,61257,61267,10
13.0883998871,80.174041748,61267,61277,10
13.0884399414,80.1735076904,61277,61287,10
13.0884895325,80.1727676392,61287,61298,11
13.08852005,80.1718215942,61298,61318,20
13.08852005,80.1718215942,61318,61328,10
13.088549614,80.1714172363,61328,61338,10
13.0885896683,80.1708374023,61338,61348,10
13.0886297226,80.1703414917,61348,61358,10
13.088640213,80.1702270508,61358,61368,10
13.0886697769,80.1699066162,61368,61378,10
13.0888595581,80.1694793701,61378,61388,10
13.08934021,80.1695404053,61388,61399,11
13.0901603699,80.1696014404,61399,61409,10
13.0910997391,80.1696624756,61409,61419,10
13.0918502808,80.169708252,61419,61429,10
13.092590332,80.1697692871,61429,61439,10
13.0933704376,80.1698226929,61439,61449,10
13.0942001343,80.1698379517,61449,61459,10
13.0947198868,80.169883728,61459,61469,10
13.0949602127,80.1699371338,61469,61479,10
13.0952796936,80.1699829102,61479,61489,10
13.0959596634,80.1699981689,61489,61499,10
13.0968103409,80.1700363159,61499,61510,11
13.0978603363,80.1700973511,61510,61520,10
13.0990695953,80.1701431274,61520,61560,40
13.0990695953,80.1701431274,61560,61570,10
13.099360466,80.1701202393,61570,61580,10
13.0996904373,80.1700820923,61580,61590,10
13.0997600555,80.1697616577,61590,61600,10
13.0995702744,80.1696777344,61600,61691,91
13.0994901657,80.1700363159,61691,62539,848
13.0994901657,80.1700363159,62539,62549,10
13.0994997025,80.1703414917,62549,62559,10
13.0993404388,80.1703262329,62559,62569,10
13.0993299484,80.1703262329,62569,62579,10
13.0991201401,80.1702804565,62579,62590,11
13.0987796783,80.1702423096,62590,62600,10
13.0982904434,80.1701965332,62600,62610,10
13.0977296829,80.1701507568,62610,62620,10
13.0971403122,80.1700973511,62620,62630,10
13.0964202881,80.1700592041,62630,62640,10
13.0955896378,80.1700134277,62640,62650,10
13.0949897766,80.1699829102,62650,62660,10
13.0948600769,80.169960022,62660,62670,10
13.0947198868,80.1699523926,62670,62680,10
13.0945196152,80.1699295044,62680,62690,10
13.0941095352,80.1698913574,62690,62701,11
13.0933198929,80.1698226929,62701,62711,10
13.0924396515,80.1697769165,62711,62721,10
13.0915002823,80.1697235107,62721,62731,10
13.0905504227,80.1696624756,62731,62741,10
13.089679718,80.1696166992,62741,62751,10
13.0890903473,80.169593811,62751,62761,10
13.0888004303,80.169593811,62761,62771,10
13.0886898041,80.1696472168,62771,62781,10
13.0886802673,80.169883728,62781,62790,9
13.0886602402,80.1703262329,62790,62802,12
13.0886201859,80.1711196899,62802,62812,10
13.0886201859,80.1717605591,62812,62822,10
13.0886201859,80.1719512939,62822,62832,10
13.0886001587,80.1721496582,62832,62842,10
13.0885801315,80.1726226807,62842,62852,10
13.0885400772,80.1731109619,62852,62862,10
13.0885000229,80.1736907959,62862,62872,10
13.0884504318,80.1742630005,62872,62882,10
13.0884399414,80.1747894287,62882,62892,10
13.0883998871,80.1752090454,62892,62902,10
13.0883598328,80.1758422852,62902,62913,11
13.0882997513,80.1766204834,62913,62923,10
13.0882701874,80.1773605347,62923,62933,10
13.0882701874,80.1780700684,62933,62943,10
13.0882701874,80.1782684326,62943,62953,10
13.0882701874,80.1785430908,62953,62973,20
13.0882701874,80.178817749,62973,63003,30
13.0882701874,80.178817749,63003,63013,10
13.0882701874,80.1791381836,63013,63024,11
13.088259697,80.1796188354,63024,63034,10
13.0882396698,80.1802597046,63034,63044,10
13.0881900787,80.1809616089,63044,63054,10
13.0881595612,80.1816864014,63054,63064,10
13.088139534,80.1822433472,63064,63074,10
13.0881004333,80.1828384399,63074,63084,10
13.0880699158,80.1836166382,63084,63094,10
13.0880298615,80.1845092773,63094,63104,10
13.0880298615,80.1847763062,63104,63114,10
13.0880203247,80.1850585938,63114,63125,11
13.0880002975,80.1856613159,63125,63135,10
13.0879602432,80.186340332,63135,63145,10
13.0879602432,80.1869812012,63145,63155,10
13.0879602432,80.1874465942,63155,63175,20
13.0879602432,80.1874465942,63175,63185,10
13.0879802704,80.1875686646,63185,63195,10
13.0879602432,80.1878890991,63195,63205,10
13.0879402161,80.1883087158,63205,63215,10
13.0879001617,80.1887512207,63215,63225,10
13.0878601074,80.189453125,63225,63236,11
13.0878095627,80.1898880005,63236,63246,10
13.0877895355,80.1899795532,63246,63256,10
13.0877103806,80.1903686523,63256,63266,10
13.0876197815,80.191078186,63266,63276,10
13.0875196457,80.1919021606,63276,63286,10
13.0874500275,80.1924591064,63286,63296,10
13.0874099731,80.1927566528,63296,63306,10
13.0873804092,80.193321228,63306,63316,10
13.0873603821,80.1941070557,63316,63326,10
13.0873498917,80.1949768066,63326,63337,11
13.0873298645,80.1957015991,63337,63347,10
13.0873098373,80.1963806152,63347,63357,10
13.0872898102,80.197052002,63357,63367,10
13.0872802734,80.1973876953,63367,63377,10
13.0872802734,80.1976776123,63377,63387,10
13.0872602463,80.1978225708,63387,63397,10
13.0872602463,80.1981277466,63397,63407,10
13.0873403549,80.1984176636,63407,63417,10
13.0875196457,80.1985015869,63417,63427,10
13.0879297256,80.1984176636,63427,63437,10
13.0884599686,80.1984100342,63437,63448,11
13.0890302658,80.1984405518,63448,63458,10
13.0895204544,80.1984634399,63458,63468,10
13.0901899338,80.1985015869,63468,63478,10
13.090959549,80.1985778809,63478,63488,10
13.0916595459,80.1986465454,63488,63498,10
13.0924701691,80.198677063,63498,63508,10
13.0929698944,80.1987304688,63508,63518,10
13.0929803848,80.1991195679,63518,63528,10
13.0929203033,80.1997299194,63528,63538,10
13.0929002762,80.1999969482,63538,63548,10
13.0929002762,80.2001419067,63548,63569,21
13.0929002762,80.2001419067,63569,63579,10
13.0928897858,80.2005691528,63579,63589,10
13.0926303864,80.2006378174,63589,63599,10
13.0920801163,80.2006072998,63599,63609,10
13.0913295746,80.2005691528,63609,63619,10
13.0906200409,80.2005386353,63619,63629,10
13.0897703171,80.2005081177,63629,63639,10
13.0889997482,80.2005004883,63639,63649,10
13.0885601044,80.2004928589,63649,63660,11
13.0882196426,80.2004776001,63660,63670,10
13.0879297256,80.2004776001,63670,63680,10
13.0875797272,80.2004699707,63680,63700,20
13.0875797272,80.2004699707,63700,63710,10
13.0873403549,80.2004776001,63710,63720,10
13.0869598389,80.2004318237,63720,63730,10
13.0864801407,80.200378418,63730,63740,10
13.0860996246,80.2003707886,63740,63771,31
13.0860996246,80.2003707886,63771,63781,10
13.0857000351,80.200378418,63781,63801,20
13.0857000351,80.200378418,63801,63811,10
13.0853099823,80.2001266479,63811,63821,10
13.0853099823,80.199546814,63821,63831,10
13.0852804184,80.1987762451,63831,63841,10
13.0848503113,80.1987228394,63841,63851,10
13.0844297409,80.1986999512,63851,63861,10
13.0843801498,80.1986923218,63861,63871,10
13.0840902328,80.198677063,63871,63882,11
13.0835399628,80.1986694336,63882,63892,10
13.0831699371,80.1986236572,63892,63922,30
13.0831699371,80.1986236572,63922,63932,10
13.0829401016,80.1986236572,63932,63942,10
13.0825195313,80.198638916,63942,63952,10
13.0820198059,80.1986618042,63952,63962,10
13.0815200806,80.1986618042,63962,63972,10
13.0809297562,80.198677063,63972,63983,11
13.0801401138,80.1987533569,63983,63993,10
13.0793304443,80.1988296509,63993,64003,10
13.0784196854,80.198928833,64003,64013,10
13.0774097443,80.1990509033,64013,64023,10
13.0764303207,80.1991577148,64023,64033,10
13.0756597519,80.199256897,64033,64043,10
13.0748596191,80.1995162964,64043,64053,10
13.0741500854,80.200012207,64053,64063,10
13.0738201141,80.200378418,64063,64073,10
13.073679924,80.2005233765,64073,64083,10
13.0736103058,80.2006072998,64083,64094,11
13.0733098984,80.2009811401,64094,64104,10
13.0729198456,80.2014770508,64104,64114,10
13.0727396011,80.2016906738,64114,64124,10
13.0725498199,80.2019271851,64124,64134,10
13.0722103119,80.2022705078,64134,64144,10
13.07172966,80.2027587891,64144,64154,10
13.0711603165,80.2034225464,64154,64164,10
13.0704898834,80.204208374,64164,64174,10
13.0700702667,80.2047805786,64174,64184,10
13.0699396133,80.2049636841,64184,64195,11
13.0696697235,80.2050476074,64195,64205,10
13.0692796707,80.2049331665,64205,64215,10
13.0689601898,80.2053604126,64215,64225,10
13.068400383,80.2054595947,64225,64235,10
13.0679502487,80.2053604126,64235,64296,61
13.0679502487,80.2053604126,64296,64306,10
13.068189621,80.2049713135,64306,64316,10
13.0684900284,80.2049102783,64316,64326,10
13.0687398911,80.2048034668,64326,64366,40
13.0687398911,80.2048034668,64366,64376,10
13.0690402985,80.204750061,64376,64386,10
13.0692796707,80.2047576904,64386,64396,10
13.0694704056,80.2048110962,64396,64406,10
13.0696697235,80.2048492432,64406,64447,41
13.0696697235,80.2048492432,64447,64457,10
13.0697603226,80.2049179077,64457,64467,10
13.0698404312,80.2052307129,64467,64477,10
13.0695495605,80.2056732178,64477,64487,10
13.0691795349,80.2062911987,64487,64497,10
13.0687303543,80.2070083618,64497,64507,10
13.0682201385,80.2078399658,64507,64518,11
13.0675897598,80.2088088989,64518,64528,10
13.0669603348,80.2097167969,64528,64538,10
13.0661001205,80.2105026245,64538,64548,10
13.0653095245,80.2111816406,64548,64578,30
13.0653095245,80.2111816406,64578,64588,10
13.065199852,80.2112731934,64588,64598,10
13.0650196075,80.2113800049,64598,64608,10
13.0648202896,80.2114868164,64608,64617,9
13.0643596649,80.2116699219,64617,64629,12
13.0635404587,80.2117767334,64629,64639,10
13.0628404617,80.211807251,64639,64649,10
13.0621995926,80.2118377686,64649,64659,10
13.0616197586,80.2117919922,64659,64669,10
13.0608196259,80.211769104,64669,64679,10
13.0599603653,80.2117462158,64679,64689,10
13.0591602325,80.2117233276,64689,64699,10
13.058719635,80.2117080688,64699,64709,10
13.0582895279,80.2117004395,64709,64719,10
13.0579900742,80.2116699219,64719,64729,10
13.0579299927,80.2116622925,64729,64740,11
13.0575199127,80.2116470337,64740,64750,10
13.0569200516,80.2116317749,64750,64760,10
13.0561599731,80.2116165161,64760,64770,10
13.0553197861,80.2116165161,64770,64780,10
13.0548400879,80.2116165161,64780,64790,10
13.0544700623,80.2116394043,64790,64800,10
13.0539598465,80.2117462158,64800,64810,10
13.0532598495,80.2118988037,64810,64820,10
13.0525598526,80.212097168,64820,64830,10
13.0519104004,80.2122268677,64830,64841,11
13.0513801575,80.2122268677,64841,64871,30
13.0513801575,80.2122268677,64871,64881,10
13.0511302948,80.2121505737,64881,64891,10
13.0506696701,80.2121276855,64891,64901,10
13.0499296188,80.2121810913,64901,64921,20
13.0499296188,80.2121810913,64921,64931,10
13.0495195389,80.2122421265,64931,64972,41
13.0495195389,80.2122421265,64972,64982,10
13.0491800308,80.2122421265,64982,64992,10
13.0486898422,80.2122421265,64992,65002,10
13.0479898453,80.212272644,65002,65012,10
13.0471496582,80.212348938,65012,65022,10
13.046330452,80.212387085,65022,65032,10
13.0458297729,80.2124099731,65032,65042,10
13.0452899933,80.2124404907,65042,65053,11
13.0446796417,80.2124710083,65053,65063,10
13.0441503525,80.2124176025,65063,65073,10
13.0434799194,80.2124099731,65073,65083,10
13.0429496765,80.2124176025,65083,65093,10
13.0425395966,80.2124176025,65093,65103,10
13.0419502258,80.2124328613,65103,65113,10
13.0412101746,80.2124099731,65113,65123,10
13.0403499603,80.2124481201,65123,65133,10
13.0396604538,80.2124481201,65133,65143,10
13.0389900208,80.2124481201,65143,65153,10
13.0384197235,80.2124786377,65153,65164,11
13.0381298065,80.2125015259,65164,65234,70
13.0381298065,80.2125015259,65234,65243,9
13.0378398895,80.212562561,65243,65254,11
13.0374403,80.2125091553,65254,65264,10
13.03703022,80.2124176025,65264,65275,11
13.0364704132,80.212387085,65275,65285,10
13.0358104706,80.2124023438,65285,65305,20
13.0358104706,80.2124023438,65305,65315,10
13.0355701447,80.212387085,65315,65325,10
13.0352296829,80.212348938,65325,65335,10
13.0349502563,80.2122879028,65335,65345,10
13.0347204208,80.2122192383,65345,65365,20
13.0347204208,80.2122192383,65365,65376,11
13.0340299606,80.2121429443,65376,65396,20
13.0340299606,80.2121429443,65396,65406,10
13.033829689,80.2121429443,65406,65416,10
13.0333595276,80.212020874,65416,65426,10
13.032699585,80.2118988037,65426,65436,10
13.0319900513,80.2116775513,65436,65446,10
13.0320501328,80.2109527588,65446,65456,10
13.0321102142,80.2101364136,65456,65466,10
13.031829834,80.2096786499,65466,65476,10
13.0312004089,80.2094573975,65476,65487,11
13.0303602219,80.2092437744,65487,65497,10
13.02987957,80.2090988159,65497,65507,10
13.029540062,80.2089920044,65507,65517,10
13.0295200348,80.2089996338,65517,65527,10
13.0292196274,80.2089004517,65527,65537,10
13.0285701752,80.208732605,65537,65547,10
13.0277996063,80.2084884644,65547,65557,10
13.0270996094,80.2080764771,65557,65567,10
13.0263299942,80.2076187134,65567,65577,10
13.0254602432,80.2071609497,65577,65588,11
13.0244598389,80.206993103,65588,65608,20
13.0244598389,80.206993103,65608,65618,10
13.0242900848,80.2069168091,65618,65628,10
13.0242004395,80.2069091797,65628,65638,10
13.0240602493,80.2068710327,65638,65648,10
13.0237998962,80.2067871094,65648,65658,10
13.0233201981,80.2066879272,65658,65668,10
13.0226097107,80.2065734863,65668,65678,10
13.0218601227,80.206489563,65678,65688,10
13.0212497711,80.206489563,65688,65699,11
13.020359993,80.206489563,65699,65709,10
13.0191802979,80.2063903809,65709,65769,60
13.0188503265,80.2063369751,65769,65810,41
13.0185003281,80.2061920166,65810,65911,101
13.0181398392,80.2061309814,65911,66173,262
13.017829895,80.2059402466,66173,66324,151
13.0174999237,80.2057723999,66324,66445,121
13.0172700882,80.2056808472,66445,66577,132
13.0172700882,80.2056808472,66577,66587,10
13.0172595978,80.2056732178,66587,66597,10
13.0171604156,80.2056503296,66597,66607,10
13.0170297623,80.2056503296,66607,66617,10
13.0166797638,80.2054595947,66617,66627,10
13.016119957,80.205291748,66627,66637,10
13.0158195496,80.2052001953,66637,66647,10
13.0155096054,80.205078125,66647,66657,10
13.0151596069,80.2049713135,66657,66668,11
13.0146903992,80.2048492432,66668,66738,70
13.0146903992,80.2048492432,66738,66748,10
13.0143203735,80.2047195435,66748,66758,10
13.0140895844,80.2046279907,66758,66768,10
13.0139198303,80.2045516968,66768,66779,11
13.0136899948,80.2044677734,66779,66839,60
13.0136899948,80.2044677734,66839,66849,10
13.0135202408,80.2045211792,66849,66859,10
13.0134601593,80.2048110962,66859,66869,10
13.0133199692,80.2053527832,66869,66880,11
13.0130901337,80.2061386108,66880,66890,10
13.0129804611,80.2070007324,66890,66900,10
13.0129203796,80.2076263428,66900,66910,10
13.0128602982,80.2081604004,66910,66920,10
13.0128602982,80.2085800171,66920,66930,10
13.0129098892,80.2089614868,66930,66940,10
13.0130395889,80.2095184326,66940,66950,10
13.0131998062,80.2099609375,66950,66960,10
13.0131397247,80.210319519,66960,66971,11
13.0130195618,80.2108917236,66971,66981,10
13.0127696991,80.2114334106,66981,66991,10
13.0125303268,80.2118835449,66991,67001,10
13.0123500824,80.2121887207,67001,67011,10
13.0120401382,80.212677002,67011,67021,10
13.011879921,80.212852478,67021,67031,10
13.0116195679,80.2127532959,67031,67041,10
13.0112495422,80.2124633789,67041,67051,10
13.0106801987,80.212059021,67051,67061,10
13.0102796555,80.2117462158,67061,67071,10
13.0098695755,80.2114181519,67071,67132,61
13.0095396042,80.211151123,67132,67182,50
13.0095396042,80.211151123,67182,67192,10
13.0091896057,80.2112426758,67192,67203,11
13.0090303421,80.2115783691,67203,67213,10
13.0090999603,80.2119369507,67213,67223,10
13.0091400146,80.2121124268,67223,67233,10
13.0091695786,80.2122268677,67233,67243,10
13.0092401505,80.2124404907,67243,67253,10
13.009349823,80.2127532959,67253,67263,10
13.0095100403,80.2131881714,67263,67273,10
13.0097103119,80.2136688232,67273,67283,10
13.0099000931,80.2141418457,67283,67294,11
13.0101003647,80.2146682739,67294,67304,10
13.0101995468,80.2153015137,67304,67314,10
13.0103502274,80.2159729004,67314,67324,10
13.0106897354,80.2167205811,67324,67334,10
13.0111103058,80.2176132202,67334,67344,10
13.0114803314,80.2185821533,67344,67354,10
13.0118303299,80.2195968628,67354,67364,10
13.012169838,80.2206726074,67364,67374,10
13.0123701096,80.2214508057,67374,67384,10
13.0125904083,80.2218399048,67384,67394,10
13.0129699707,80.222366333,67394,67404,10
13.0134401321,80.2228927612,67404,67415,11
13.0140304565,80.2235412598,67415,67425,10
13.0143499374,80.2238616943,67425,67435,10
13.0148200989,80.2244110107,67435,67445,10
13.0150604248,80.2247009277,67445,67455,10
13.0151195526,80.2248001099,67455,67465,10
13.0152597427,80.2249603271,67465,67475,10
13.0152702332,80.2249679565,67475,67485,10
13.0154399872,80.2252120972,67485,67495,10
13.0154600143,80.225479126,67495,67505,10
13.0154399872,80.2256469727,67505,67516,11
13.0153799057,80.2258071899,67516,67526,10
13.0151700974,80.2259216309,67526,67536,10
13.0148801804,80.2260284424,67536,67546,10
13.0146398544,80.2261428833,67546,67556,10
13.0142297745,80.226272583,67556,67566,10
13.0136899948,80.2264785767,67566,67576,10
13.013010025,80.2267532349,67576,67586,10
13.0125198364,80.2269592285,67586,67596,10
13.0120201111,80.227142334,67596,67606,10
13.0113697052,80.2273864746,67606,67616,10
13.0106496811,80.2276916504,67616,67627,11
13.0099401474,80.2279510498,67627,67637,10
13.0094995499,80.2278366089,67637,67647,10
13.0095596313,80.2274703979,67647,67657,10
13.0098104477,80.2269668579,67657,67667,10
13.0101099014,80.226272583,67667,67677,10
13.0103597641,80.2256622314,67677,67687,10
13.0104198456,80.2255172729,67687,67697,10
13.0105400085,80.2252883911,67697,67707,10
13.0106897354,80.2249679565,67707,67717,10
13.0108003616,80.2246170044,67717,67728,11
13.0110397339,80.2239990234,67728,67738,10
13.0111598969,80.2236862183,67738,67748,10
13.0112304688,80.223449707,67748,67758,10
13.0111103058,80.2231826782,67758,67768,10
13.0106401443,80.2229309082,67768,67778,10
13.0099601746,80.2225723267,67778,67788,10
13.0092401505,80.2221603394,67788,67798,10
13.008480072,80.2217483521,67798,67808,10
13.0077104568,80.2213363647,67808,67818,10
13.0069599152,80.2209396362,67818,67829,11
13.0061101913,80.2206192017,67829,67839,10
13.0053701401,80.2204666138,67839,67849,10
13.0047397614,80.2203063965,67849,67859,10
13.0039901733,80.220123291,67859,67869,10
13.003279686,80.2199401855,67869,67879,10
13.0026102066,80.2196578979,67879,67889,10
13.0020198822,80.2191085815,67889,67899,10
13.00137043,80.2185287476,67899,67909,10
13.0008201599,80.2181396484,67909,67919,10
13.0003995895,80.217880249,67919,67929,10
13.0,80.2176437378,67929,67940,11
12.9994001389,80.2172698975,67940,67950,10
12.9987096786,80.2169189453,67950,67960,10
12.9980802536,80.2166595459,67960,67970,10
12.9975795746,80.2165985107,67970,67990,20
12.9973897934,80.216583252,67990,68030,40
12.9973897934,80.216583252,68030,68040,10
12.9969902039,80.2166290283,68040,68050,10
12.9966897964,80.2166366577,68050,68061,11
12.9965295792,80.2166366577,68061,68071,10
12.9962797165,80.2166671753,68071,68081,10
12.9959096909,80.2167434692,68081,68101,20
12.9959096909,80.2167434692,68101,68111,10
12.9956598282,80.2168197632,68111,68121,10
12.9954595566,80.2168807983,68121,68131,10
12.9952402115,80.2169799805,68131,68141,10
12.9950304031,80.2171173096,68141,68151,10
12.99477005,80.217300415,68151,68162,11
12.9943504333,80.2176132202,68162,68172,10
12.9940395355,80.2177963257,68172,68182,10
12.9936599731,80.2180633545,68182,68192,10
12.9931201935,80.2184524536,68192,68202,10
12.9926204681,80.2188415527,68202,68212,10
12.9919595718,80.2193527222,68212,68222,10
12.9914903641,80.2196884155,68222,68232,10
12.9911499023,80.219581604,68232,68242,10
12.9911203384,80.2195587158,68242,68252,10
12.9908599854,80.2194519043,68252,68263,11
12.9902696609,80.2192306519,68263,68273,10
12.9895896912,80.2189865112,68273,68283,10
12.988820076,80.218711853,68283,68293,10
12.9880104065,80.2184829712,68293,68303,10
12.986869812,80.2182922363,68303,68323,20
12.986869812,80.2182922363,68323,68333,10
12.9866800308,80.2182235718,68333,68343,10
12.9863700867,80.2181472778,68343,68353,10
12.9856996536,80.2180023193,68353,68363,10
12.9848098755,80.2180023193,68363,68374,11
12.9840803146,80.2180175781,68374,68384,10
12.984000206,80.2180404663,68384,68394,10
12.9837999344,80.2180480957,68394,68404,10
12.9833097458,80.2180786133,68404,68414,10
12.9826602936,80.2180786133,68414,68424,10
12.9819002151,80.2180786133,68424,68434,10
12.9810695648,80.2182388306,68434,68444,10
12.9802598953,80.2185134888,68444,68454,10
12.9796104431,80.2187728882,68454,68464,10
12.9790201187,80.2189865112,68464,68475,11
12.9785404205,80.2191772461,68475,68485,10
12.9779701233,80.2194137573,68485,68495,10
12.9772396088,80.2197113037,68495,68505,10
12.9764995575,80.2200393677,68505,68515,10
12.976099968,80.2201919556,68515,68525,10
12.9758195877,80.2202987671,68525,68555,30
12.9758195877,80.2202987671,68555,68565,10
12.975520134,80.2205429077,68565,68606,41
12.975520134,80.2205429077,68606,68616,10
12.9757099152,80.2209014893,68616,68707,91
12.9760198593,80.2211532593,68707,68909,202
12.9760198593,80.2211532593,68909,68919,10
12.9762802124,80.221321106,68919,68929,10
12.9764995575,80.2212905884,68929,68939,10
12.976940155,80.2212982178,68939,68949,10
12.9774703979,80.2212677002,68949,68959,10
12.9779396057,80.221282959,68959,68969,10
12.9783697128,80.2212524414,68969,68979,10
12.9788303375,80.2212219238,68979,68989,10
12.9792699814,80.2211685181,68989,68999,10
12.9798002243,80.2211532593,68999,69010,11
12.9804401398,80.2210769653,69010,69020,10
12.9809503555,80.2210922241,69020,69030,10
12.9814500809,80.2212982178,69030,69040,10
12.9818601608,80.2215881348,69040,69050,10
12.9822797775,80.2217788696,69050,69060,10
12.9826402664,80.2219085693,69060,69070,10
12.9826698303,80.2219161987,69070,69080,10
12.9829301834,80.2220535278,69080,69100,20
12.9829301834,80.2220535278,69100,69111,11
12.9831800461,80.2221908569,69111,69121,10
12.9834403992,80.2223510742,69121,69141,20
12.9834403992,80.2223510742,69141,69151,10
12.9836397171,80.2224731445,69151,69161,10
12.9839897156,80.2226715088,69161,69171,10
12.984459877,80.2229385376,69171,69181,10
12.9849796295,80.2232284546,69181,69191,10
12.9854602814,80.2232666016,69191,69201,10
12.9859104156,80.2230300903,69201,69211,10
12.9864702225,80.2230377197,69211,69272,61
12.9868402481,80.2230911255,69272,69403,131
12.9868402481,80.2230911255,69403,69413,10
12.9872303009,80.2231292725,69413,69423,10
12.9873800278,80.22315979,69423,69434,11
12.9876499176,80.2231292725,69434,69444,10
12.9879798889,80.2229690552,69444,69454,10
12.9883298874,80.2226791382,69454,69464,10
12.988650322,80.2223892212,69464,69474,10
12.9889297485,80.222076416,69474,69484,10
12.9892396927,80.2217178345,69484,69494,10
12.9895296097,80.2212905884,69494,69504,10
12.990070343,80.2207183838,69504,69514,10
12.9905099869,80.2203674316,69514,69524,10
12.9908704758,80.2201080322,69524,69534,10
12.9909601212,80.2200317383,69534,69545,11
12.9911603928,80.2198791504,69545,69555,10
12.9912595749,80.2197799683,69555,69565,10
12.9914102554,80.2196502686,69565,69575,10
12.9916696548,80.2194595337,69575,69585,10
12.9921197891,80.2191390991,69585,69595,10
12.9927301407,80.2186965942,69595,69605,10
12.993229866,80.2183380127,69605,69615,10
12.9936504364,80.2180404663,69615,69625,10
12.9940299988,80.2177734375,69625,69634,9
12.9942102432,80.2176437378,69634,69646,12
12.9944000244,80.2174987793,69646,69656,10
12.9945402145,80.217376709,69656,69666,10
12.9947900772,80.2171936035,69666,69676,10
12.9949798584,80.217086792,69676,69686,10
12.9953203201,80.2168884277,69686,69696,10
12.9958095551,80.2167205811,69696,69706,10
12.9963903427,80.2166137695,69706,69716,10
12.9968500137,80.2165603638,69716,69726,10
12.9971504211,80.216506958,69726,69736,10
12.9975099564,80.216178894,69736,69756,20
12.9975099564,80.216178894,69756,69767,11
12.9977998734,80.215927124,69767,69777,10
12.9982204437,80.2155990601,69777,69787,10
12.9987297058,80.2151565552,69787,69797,10
12.9991703033,80.2147827148,69797,69807,10
12.9994297028,80.2145462036,69807,69817,10
12.9998502731,80.2142028809,69817,69827,10
13.0002498627,80.2138366699,69827,69837,10
13.000749588,80.2133636475,69837,69846,9
13.0010595322,80.2131118774,69846,69858,12
13.0013799667,80.2128829956,69858,69867,9
13.0017595291,80.212600708,69867,69878,11
13.0023298264,80.212272644,69878,69888,10
13.0027599335,80.2121810913,69888,69898,10
13.0035400391,80.212059021,69898,69948,50
13.0035400391,80.212059021,69948,69958,10
13.0036697388,80.2117919922,69958,69969,11
13.0036697388,80.2116699219,69969,69979,10
13.0036497116,80.2113113403,69979,69989,10
13.0036001205,80.2108230591,69989,69999,10
13.0035400391,80.2103271484,69999,70009,10
13.003490448,80.2098388672,70009,70019,10
13.0035400391,80.2093582153,70019,70029,10
13.0036897659,80.2087936401,70029,70039,10
13.0043001175,80.2088317871,70039,70049,10
13.0050802231,80.2091674805,70049,70059,10
13.0058603287,80.209487915,70059,70069,10
13.0061998367,80.2096176147,70069,70080,11
13.0065898895,80.2097396851,70080,70090,10
13.0071001053,80.2098464966,70090,70130,40
13.0071001053,80.2098464966,70130,70140,10
13.0074796677,80.2099227905,70140,70160,20
13.0074796677,80.2099227905,70160,70201,41
13.0081796646,80.2099914551,70201,70213,12
13.0080499649,80.2094497681,70213,70223,10
13.0079402924,80.2087936401,70223,70233,10
13.0078001022,80.2079925537,70233,70243,10
13.0076599121,80.2071685791,70243,70253,10
13.0075302124,80.2063369751,70253,70263,10
13.0074796677,80.2054977417,70263,70272,9
13.0074796677,80.2049331665,70272,70283,11
13.0074796677,80.2044067383,70283,70293,10
13.0074300766,80.2039718628,70293,70304,11
13.0073204041,80.2031784058,70304,70314,10
13.0068998337,80.202583313,70314,70324,10
13.0064897537,80.2029800415,70324,70334,10
13.0067901611,80.2034225464,70334,70344,10
13.0072498322,80.2036437988,70344,70354,10
13.0078496933,80.2037582397,70354,70364,10
13.0086603165,80.203742981,70364,70374,10
13.0096902847,80.203666687,70374,70383,9
13.010720253,80.2036819458,70383,70395,12
13.0121498108,80.2038574219,70395,70405,10
13.0130796432,80.2040405273,70405,70415,10
13.0135002136,80.2041625977,70415,70425,10
13.0137701035,80.2042388916,70425,70435,10
13.0140600204,80.2043228149,70435,70445,10
13.0142698288,80.2043914795,70445,70455,10
13.01445961,80.2044525146,70455,70465,10
13.0145797729,80.2044830322,70465,70475,10
13.014749527,80.2044906616,70475,70485,10
13.0147800446,80.2045135498,70485,70496,11
13.0149497986,80.2046508789,70496,70506,10
13.0151500702,80.2047424316,70506,70516,10
13.0153303146,80.204826355,70516,70536,20
13.0153303146,80.204826355,70536,70546,10
13.0158100128,80.2048873901,70546,70607,61
13.016169548,80.2050323486,70607,70647,40
13.016169548,80.2050323486,70647,70657,10
13.016699791,80.2051925659,70657,70677,20
13.016699791,80.2051925659,70677,70687,10
13.0170898438,80.2052764893,70687,70697,10
13.0176095963,80.205581665,70697,70706,9
13.0185203552,80.2059402466,70706,70728,22
13.0185203552,80.2059402466,70728,70738,10
13.0186700821,80.2060089111,70738,70748,10
13.0190601349,80.2061386108,70748,70758,10
13.0196695328,80.2062835693,70758,70768,10
13.020409584,80.2063217163,70768,70778,10
13.0212097168,80.2063064575,70778,70788,10
13.0219297409,80.2063369751,70788,70798,10
13.0225896835,80.2064285278,70798,70808,10
13.0231599808,80.2065582275,70808,70819,11
13.0234699249,80.2065811157,70819,70829,10
13.0237503052,80.2066116333,70829,70839,10
13.024140358,80.2066574097,70839,70859,20
13.024140358,80.2066574097,70859,70869,10
13.0244102478,80.2067337036,70869,70879,10
13.0248804092,80.2068405151,70879,70889,10
13.025639534,80.2070999146,70889,70899,10
13.0263996124,80.2075119019,70899,70909,10
13.027130127,80.2079467773,70909,70919,10
13.0278596878,80.2083816528,70919,70930,11
13.0286798477,80.2086410522,70930,70940,10
13.0293102264,80.2087936401,70940,70950,10
13.0297899246,80.2089233398,70950,70960,10
13.0300703049,80.2089920044,70960,70970,10
13.0305595398,80.2091369629,70970,70980,10
13.0316200256,80.2094421387,70980,71000,20
13.0316200256,80.2094421387,71000,71010,10
13.0316896439,80.2094726563,71010,71020,10
13.0321102142,80.2095718384,71020,71031,11
13.0328502655,80.2096710205,71031,71041,10
13.0335197449,80.2098388672,71041,71051,10
13.034239769,80.2099990845,71051,71061,10
13.0346899033,80.2100906372,71061,71071,10
13.0347099304,80.2100906372,71071,71081,10
13.0350103378,80.2102966309,71081,71091,10
13.0349702835,80.2107315063,71091,71101,10
13.0349502563,80.2114105225,71101,71121,20
13.0349502563,80.2114105225,71121,71131,10
13.0349197388,80.2115402222,71131,71141,10
13.0348796844,80.2117996216,71141,71152,11
13.0348596573,80.2120666504,71152,71162,10
13.0351800919,80.2122802734,71162,71172,10
13.0356903076,80.2123031616,71172,71182,10
13.0363397598,80.2123184204,71182,71192,10
13.0368204117,80.2123184204,71192,71202,10
13.0369701385,80.212348938,71202,71212,10
13.037229538,80.2123336792,71212,71222,10
13.0377597809,80.2123413086,71222,71232,10
13.0384597778,80.2123031616,71232,71243,11
13.0393800735,80.2122879028,71243,71253,10
13.040309906,80.2122573853,71253,71263,10
13.0413799286,80.212272644,71263,71272,9
13.0423898697,80.2122802734,71272,71283,11
13.0436697006,80.2122879028,71283,71293,10
13.0445203781,80.2122879028,71293,71303,10
13.0450801849,80.2123031616,71303,71313,10
13.0456104279,80.2123031616,71313,71323,10
13.0459403992,80.2122802734,71323,71333,10
13.0461997986,80.2122802734,71333,71343,10
13.0465497971,80.212272644,71343,71353,10
13.0470695496,80.2122192383,71353,71364,11
13.0475702286,80.2121505737,71364,71374,10
13.0481395721,80.2120819092,71374,71394,20
13.0481395721,80.2120819092,71394,71404,10
13.0483798981,80.2120513916,71404,71414,10
13.0485897064,80.2120437622,71414,71424,10
13.0487604141,80.212020874,71424,71434,10
13.0492401123,80.2119827271,71434,71444,10
13.0496501923,80.2119369507,71444,71454,10
13.0498695374,80.2119064331,71454,71465,11
13.0500898361,80.2119064331,71465,71475,10
13.0503196716,80.2119598389,71475,71485,10
13.0506601334,80.2120437622,71485,71495,10
13.0514001846,80.212020874,71495,71505,10
13.052359581,80.2118835449,71505,71515,10
13.053319931,80.2116699219,71515,71525,10
13.0541200638,80.211479187,71525,71535,10
13.0545501709,80.2114181519,71535,71545,10
13.0551795959,80.2114105225,71545,71554,9
13.0559101105,80.2114334106,71554,71565,11
13.0568599701,80.2114181519,71565,71576,11
13.0571603775,80.2113723755,71576,71586,10
13.057390213,80.2113571167,71586,71596,10
13.0579795837,80.2113876343,71596,71606,10
13.0584697723,80.2114028931,71606,71616,10
13.058930397,80.2114181519,71616,71626,10
13.0595703125,80.211479187,71626,71636,10
13.0603599548,80.2115325928,71636,71646,10
13.0612201691,80.2115783691,71646,71656,10
13.0618400574,80.2116012573,71656,71666,10
13.0626602173,80.2115936279,71666,71677,11
13.0631504059,80.2115097046,71677,71687,10
13.0631504059,80.2115020752,71687,71697,10
13.0634202957,80.21144104,71697,71737,40
13.0634202957,80.21144104,71737,71747,10
13.0635204315,80.2114562988,71747,71757,10
13.0639200211,80.2114562988,71757,71767,10
13.0645303726,80.2113189697,71767,71778,11
13.0652999878,80.2108917236,71778,71788,10
13.0660800934,80.2102737427,71788,71798,10
13.0668697357,80.2095489502,71798,71808,10
13.0673999786,80.2086715698,71808,71818,10
13.0679101944,80.2078399658,71818,71828,10
13.0684099197,80.2070922852,71828,71838,10
13.0689001083,80.2063064575,71838,71848,10
13.0692996979,80.205619812,71848,71868,20
13.0692996979,80.205619812,71868,71878,10
13.0693798065,80.2054901123,71878,71889,11
13.0695896149,80.2051391602,71889,71899,10
13.069439888,80.2048187256,71899,71909,10
13.0690603256,80.2051467896,71909,71919,10
13.0688199997,80.205291748,71919,71929,10
13.0687398911,80.2051086426,71929,71969,40
13.0687398911,80.2051086426,71969,71979,10
13.0687303543,80.2049713135,71979,71990,11
13.0687398911,80.2049102783,71990,72000,10
13.0688495636,80.2047805786,72000,72010,10
13.069029808,80.2047424316,72010,72020,10
13.0691900253,80.204750061,72020,72030,10
13.069319725,80.204788208,72030,72040,10
13.0696001053,80.2048416138,72040,72050,10
13.0699596405,80.204788208,72050,72060,10
13.0702896118,80.2043075562,72060,72070,10
13.0705499649,80.2039108276,72070,72080,10
13.0707702637,80.2036209106,72080,72090,10
13.0709600449,80.20337677,72090,72101,11
13.0711097717,80.2032089233,72101,72111,10
13.0712203979,80.2030715942,72111,72121,10
13.071390152,80.2028579712,72121,72131,10
13.071559906,80.2026367188,72131,72282,151
13.0718202591,80.2023391724,72282,72323,41
13.0718202591,80.2023391724,72323,72333,10
13.0721302032,80.2020568848,72333,72343,10
13.0722999573,80.2019119263,72343,72353,10
13.0726299286,80.2015075684,72353,72363,10
13.0731296539,80.2009429932,72363,72373,10
13.0736598969,80.2003326416,72373,72383,10
13.0741195679,80.1997680664,72383,72393,10
13.0743999481,80.1994781494,72393,72403,10
13.0743999481,80.19947052,72403,72413,10
13.0745601654,80.1993789673,72413,72424,11
13.074760437,80.199256897,72424,72434,10
13.0752897263,80.1991119385,72434,72444,10
13.0759601593,80.1990966797,72444,72454,10
13.0768098831,80.1990585327,72454,72464,10
13.0776901245,80.1989593506,72464,72474,10
13.0783700943,80.1988677979,72474,72484,10
13.078789711,80.1988067627,72484,72494,10
13.0788698196,80.1987991333,72494,72504,10
13.079079628,80.1987762451,72504,72513,9
13.0790901184,80.1987762451,72513,72525,12
13.0794200897,80.1987762451,72525,72555,30
13.0794200897,80.1987762451,72555,72565,10
13.0796203613,80.1987762451,72565,72575,10
13.0798397064,80.1987533569,72575,72585,10
13.0799198151,80.1987380981,72585,72595,10
13.0800104141,80.1987304688,72595,72605,10
13.080280304,80.1986999512,72605,72615,10
13.0804796219,80.198677063,72615,72656,41
13.0804796219,80.198677063,72656,72666,10
13.0808401108,80.198638916,72666,72676,10
13.0812196732,80.198638916,72676,72686,10
13.0816497803,80.1986312866,72686,72696,10
13.0821800232,80.1985778809,72696,72706,10
13.0824899673,80.1985473633,72706,72726,20
13.0824899673,80.1985473633,72726,72737,11
13.0825796127,80.1985702515,72737,72747,10
13.0828304291,80.1985473633,72747,72757,10
13.08314991,80.1985397339,72757,72767,10
13.08314991,80.1985321045,72767,72777,10
13.0833301544,80.1985015869,72777,72787,10
13.0834798813,80.1984786987,72787,72797,10
13.0837001801,80.1984786987,72797,72807,10
13.0838699341,80.1984710693,72807,72817,10
13.0841398239,80.1984481812,72817,72836,19
13.0841398239,80.1984481812,72836,72848,12
13.0845499039,80.1984710693,72848,72858,10
13.0846796036,80.1984786987,72858,72868,10
13.0850200653,80.1984481812,72868,72898,30
13.0850200653,80.1984481812,72898,72908,10
13.0853395462,80.1984100342,72908,72918,10
13.0855302811,80.1984176636,72918,72928,10
13.0858602524,80.1984100342,72928,72938,10
13.0863800049,80.1984100342,72938,72948,10
13.0868597031,80.1984100342,72948,72959,11
13.0870399475,80.1982727051,72959,72969,10
13.0870599747,80.1979827881,72969,72979,10
13.0870704651,80.1979293823,72979,72989,10
13.0870895386,80.197807312,72989,72999,10
13.0871295929,80.1974411011,72999,73009,10
13.0871496201,80.1967926025,73009,73019,10
13.0871696472,80.1959762573,73019,73029,10
13.0872001648,80.1951980591,73029,73039,10
13.0872097015,80.1943206787,73039,73049,10
13.087220192,80.1935501099,73049,73060,11
13.0872297287,80.1931686401,73060,73070,10
13.0872297287,80.1929321289,73070,73080,10
13.087269783,80.1926193237,73080,73090,10
13.0873603821,80.1920776367,73090,73100,10
13.0874595642,80.1913299561,73100,73110,10
13.0875797272,80.1904067993,73110,73120,10
13.0876903534,80.1895370483,73120,73130,10
13.0876998901,80.1890335083,73130,73140,10
13.0876998901,80.1889877319,73140,73150,10
13.0876998901,80.1888809204,73150,73160,10
13.0877199173,80.1884689331,73160,73181,21
13.0877199173,80.1884689331,73181,73191,10
13.0877599716,80.1881866455,73191,73201,10
13.0877799988,80.1877288818,73201,73211,10
13.0878200531,80.1871414185,73211,73221,10
13.087849617,80.186378479,73221,73231,10
13.0878896713,80.1854705811,73231,73241,10
13.0879402161,80.1845092773,73241,73251,10
13.0879802704,80.1836395264,73251,73260,9
13.0880098343,80.1828384399,73260,73272,12
13.0880403519,80.1821289063,73272,73282,10
13.088060379,80.1814880371,73282,73292,10
13.0880899429,80.1806488037,73292,73302,10
13.0881004333,80.1799163818,73302,73312,10
13.0881004333,80.1794967651,73312,73322,10
13.0880899429,80.1791381836,73322,73342,20
13.0880899429,80.1791381836,73342,73352,10
13.0881004333,80.178817749,73352,73362,10
13.0881099701,80.1781997681,73362,73372,10
13.0881204605,80.1775817871,73372,73383,11
13.088139534,80.1769332886,73383,73393,10
13.0882101059,80.1761779785,73393,73403,10
13.0882701874,80.1753387451,73403,73413,10
13.0883102417,80.1747283936,73413,73423,10
13.0883598328,80.1741027832,73423,73433,10
13.0884103775,80.1734390259,73433,73443,10
13.0884504318,80.1727523804,73443,73453,10
13.0884799957,80.1722183228,73453,73463,10
13.0884799957,80.172203064,73463,73472,9
13.08852005,80.1719970703,73472,73484,12
13.0885400772,80.171257019,73484,73494,10
13.0885601044,80.170501709,73494,73504,10
13.0885601044,80.1702194214,73504,73514,10
13.088640213,80.169921875,73514,73524,10
13.088809967,80.1695327759,73524,73534,10
13.0892696381,80.1695709229,73534,73544,10
13.0899600983,80.1696090698,73544,73554,10
13.0907802582,80.1696624756,73554,73564,10
13.0915403366,80.1697235107,73564,73574,10
13.0922403336,80.1697463989,73574,73584,10
13.0930995941,80.1698226929,73584,73595,11
13.0940799713,80.169883728,73595,73605,10
13.0946798325,80.1698989868,73605,73615,10
13.0948896408,80.1699066162,73615,73625,10
13.0951700211,80.1699295044,73625,73635,10
13.0957403183,80.169960022,73635,73645,10
13.0965204239,80.1699981689,73645,73655,10
13.0974197388,80.1700668335,73655,73665,10
13.0982503891,80.1701126099,73665,73675,10
13.0990200043,80.1701507568,73675,73685,10
13.0995903015,80.1701507568,73685,73696,11
13.099650383,80.1697998047,73696,73726,30
13.099650383,80.1697998047,73726,73736,10
13.0994596481,80.169708252,73736,73837,101
13.0994596481,80.169708252,73837,73847,10
13.0992898941,80.1700897217,73847,74331,484
13.0993099213,80.1700973511,74331,75129,798
13.0993099213,80.1700973511,75129,75139,10
13.0991802216,80.1703109741,75139,75149,10
13.0989398956,80.1702804565,75149,75159,10
13.0985002518,80.1702423096,75159,75169,10
13.0978899002,80.1701889038,75169,75179,10
13.0972700119,80.1701507568,75179,75189,10
13.0965900421,80.1701126099,75189,75200,11
13.0957202911,80.1700668335,75200,75210,10
13.0948696136,80.1700592041,75210,75230,20
13.0948696136,80.1700592041,75230,75240,10
13.094619751,80.1700210571,75240,75250,10
13.0944004059,80.169960022,75250,75260,10
13.0939302444,80.1699523926,75260,75270,10
13.0932998657,80.169921875,75270,75280,10
13.0926799774,80.169883728,75280,75290,10
13.0919399261,80.1698226929,75290,75300,10
13.0911197662,80.1697692871,75300,75311,11
13.0901603699,80.169708252,75311,75321,10
13.0892896652,80.1696624756,75321,75331,10
13.0888004303,80.1696624756,75331,75341,10
13.0887804031,80.1696624756,75341,75351,10
13.088640213,80.1697769165,75351,75361,10
13.0885896683,80.1700973511,75361,75371,10
13.0885601044,80.1706695557,75371,75381,10
13.0885295868,80.171333313,75381,75391,10
13.08852005,80.1719818115,75391,75401,10
13.08852005,80.1720581055,75401,75411,10
13.088470459,80.1724395752,75411,75422,11
13.0884399414,80.1731491089,75422,75432,10
13.0883903503,80.1739196777,75432,75442,10
13.0883598328,80.1747207642,75442,75452,10
13.0882997513,80.1753768921,75452,75462,10
13.088259697,80.1761169434,75462,75472,10
13.0881996155,80.176902771,75472,75482,10
13.0881996155,80.1774520874,75482,75491,9
13.0881900787,80.1780395508,75491,75502,11
13.0881700516,80.1786270142,75502,75512,10
13.0881795883,80.1786575317,75512,75523,11
13.0881595612,80.1788330078,75523,75533,10
13.0881595612,80.1793136597,75533,75543,10
13.0881595612,80.1800308228,75543,75553,10
13.0881299973,80.1808776855,75553,75563,10
13.0880899429,80.1818237305,75563,75573,10
13.0880403519,80.1827926636,75573,75583,10
13.0879802704,80.1837768555,75583,75593,10
13.0879201889,80.1848068237,75593,75603,10
13.0879096985,80.1857223511,75603,75613,10
13.087849617,80.186630249,75613,75623,10
13.0878400803,80.1874084473,75623,75634,11
13.0878696442,80.1876220703,75634,75644,10
13.0878601074,80.1878890991,75644,75654,10
13.087849617,80.1884002686,75654,75664,10
13.0878200531,80.1890792847,75664,75674,10
13.0877599716,80.1896286011,75674,75684,10
13.0877399445,80.1898117065,75684,75694,10
13.0877199173,80.1899108887,75694,75704,10
13.0876502991,80.1903381348,75704,75714,10
13.0875301361,80.1910018921,75714,75724,10
13.087439537,80.1917877197,75724,75735,11
13.0873699188,80.1927337646,75735,75785,50
13.0873699188,80.1927337646,75785,75795,10
13.0873603821,80.1928787231,75795,75805,10
13.0873203278,80.1932601929,75805,75815,10
13.0873203278,80.1939163208,75815,75825,10
13.0872898102,80.1946868896,75825,75834,9
13.0872898102,80.1953964233,75834,75846,12
13.0872602463,80.1962509155,75846,75856,10
13.0872297287,80.1970977783,75856,75866,10
13.087220192,80.1978683472,75866,75876,10
13.0872402191,80.1983184814,75876,75886,10
13.0872898102,80.1984329224,75886,75896,10
13.0874500275,80.1985168457,75896,75906,10
13.087770462,80.1984863281,75906,75916,10
13.0882797241,80.1984634399,75916,75926,10
13.0888500214,80.1984863281,75926,75936,10
13.0893697739,80.1985168457,75936,75947,11
13.0900297165,80.1985626221,75947,75957,10
13.0907297134,80.1986083984,75957,75967,10
13.0915298462,80.198677063,75967,75977,10
13.0923595428,80.1987075806,75977,75987,10
13.0929603577,80.1987915039,75987,75997,10
13.0929603577,80.1989898682,75997,76007,10
13.0929203033,80.1994781494,76007,76017,10
13.0928096771,80.2006225586,76017,76037,20
13.0928096771,80.2006225586,76037,76046,9
13.0927696228,80.2007369995,76046,76058,12
13.0923404694,80.2007217407,76058,76068,10
13.0916795731,80.200668335,76068,76078,10
13.090880394,80.2006530762,76078,76088,10
13.0900001526,80.200630188,76088,76098,10
13.0889797211,80.2005386353,76098,76108,10
13.0874300003,80.2005004883,76108,76138,30
13.0874300003,80.2005004883,76138,76148,10
13.0869102478,80.2004776001,76148,76158,10
13.086400032,80.2004623413,76158,76169,11
13.0857801437,80.2004394531,76169,76179,10
13.0854196548,80.2004318237,76179,76189,10
13.0852403641,80.2003097534,76189,76199,10
13.0852499008,80.1998825073,76199,76209,10
13.0852804184,80.1992721558,76209,76219,10
13.0851202011,80.1987533569,76219,76229,10
13.0847396851,80.1987533569,76229,76239,10
13.0841999054,80.1987762451,76239,76249,10
13.0840902328,80.1987609863,76249,76259,10
13.0837402344,80.1987762451,76259,76270,11
13.0832099915,80.1987915039,76270,76280,10
13.0827798843,80.1987533569,76280,76290,10
13.0823402405,80.1987533569,76290,76300,10
13.0819597244,80.1987609863,76300,76310,10
13.0815296173,80.1987609863,76310,76320,10
13.0810604095,80.1987686157,76320,76330,10
13.0804901123,80.1988067627,76330,76340,10
13.079750061,80.1988677979,76340,76350,10
13.0789003372,80.198928833,76350,76360,10
13.0780801773,80.1990203857,76360,76370,10
13.077340126,80.1990966797,76370,76381,11
13.0764904022,80.1992034912,76381,76391,10
13.0758495331,80.1992721558,76391,76401,10
13.075220108,80.1994018555,76401,76411,10
13.0745897293,80.1996536255,76411,76421,10
13.0742197037,80.1999282837,76421,76431,10
13.0737695694,80.2004318237,76431,76441,10
13.0736703873,80.200592041,76441,76451,10
13.0734701157,80.200843811,76451,76461,10
13.0730695724,80.2013320923,76461,76471,10
13.0726804733,80.2017364502,76471,76482,11
13.0722703934,80.2022171021,76482,76492,10
13.0717601776,80.2027130127,76492,76502,10
13.0712299347,80.2033309937,76502,76512,10
13.0707302094,80.2039337158,76512,76522,10
13.0701398849,80.2046432495,76522,76532,10
13.069899559,80.205039978,76532,76542,10
13.0697898865,80.2051467896,76542,76562,20
13.0697898865,80.2051467896,76562,76572,10
13.0696601868,80.2050933838,76572,76582,10
13.0694198608,80.2048797607,76582,76593,11
13.0690498352,80.2052078247,76593,76603,10
13.0685195923,80.2054901123,76603,76613,10
13.0679197311,80.2052001953,76613,76704,91
13.0679998398,80.2050018311,76704,76744,40
13.0679998398,80.2050018311,76744,76754,10
13.0684404373,80.2049026489,76754,76764,10
13.0685997009,80.2048416138,76764,76774,10
13.0686798096,80.2048110962,76774,76784,10
13.0689601898,80.204750061,76784,76793,9
13.0692996979,80.2047805786,76793,76805,12
13.0696496964,80.2048568726,76805,76815,10
13.0698099136,80.2050170898,76815,76825,10
13.0696601868,80.2054214478,76825,76835,10
13.0692901611,80.2060089111,76835,76845,10
13.068860054,80.2066879272,76845,76855,10
13.0683698654,80.2074813843,76855,76865,10
13.0678596497,80.2083129883,76865,76875,10
13.0673398972,80.2091217041,76875,76885,10
13.0668001175,80.2098999023,76885,76895,10
13.066069603,80.2105178833,76895,76905,10
13.065489769,80.2110290527,76905,76916,11
13.0650501251,80.2113876343,76916,76926,10
13.0650196075,80.2114105225,76926,76936,10
13.0647096634,80.2115631104,76936,76946,10
13.0641403198,80.2117385864,76946,76956,10
13.0636901855,80.2118225098,76956,76966,10
13.0632200241,80.2118377686,76966,76976,10
13.062620163,80.2118682861,76976,76986,10
13.0618495941,80.211807251,76986,76996,10
13.0608997345,80.2117614746,76996,77005,9
13.0600595474,80.2117919922,77005,77017,12
13.0589895248,80.2117614746,77017,77027,10
13.0584602356,80.2117233276,77027,77037,10
13.0579099655,80.2117080688,77037,77047,10
13.0576696396,80.2117080688,77047,77057,10
13.0575799942,80.2117004395,77057,77067,10
13.0571699142,80.2117004395,77067,77077,10
13.0566101074,80.2117004395,77077,77087,10
13.0558700562,80.2116928101,77087,77097,10
13.0550003052,80.2117004395,77097,77107,10
13.0540599823,80.211730957,77107,77117,10
13.0531301498,80.2119369507,77117,77128,11
13.0523195267,80.2121734619,77128,77138,10
13.051659584,80.212310791,77138,77148,10
13.0510597229,80.2122421265,77148,77158,10
13.0501403809,80.212272644,77158,77188,30
13.0501403809,80.212272644,77188,77198,10
13.0499000549,80.212272644,77198,77208,10
13.0495901108,80.2122268677,77208,77229,21
13.0495901108,80.2122268677,77229,77239,10
13.049489975,80.2121963501,77239,77249,10
13.0492601395,80.2122116089,77249,77259,10
13.0489797592,80.2122268677,77259,77269,10
13.0484895706,80.2122421265,77269,77279,10
13.0479402542,80.2123031616,77279,77289,10
13.0471601486,80.2123565674,77289,77299,10
13.0462503433,80.2123794556,77299,77308,9
13.0450601578,80.2124786377,77308,77329,21
13.0450601578,80.2124786377,77329,77340,11
13.0445995331,80.2125091553,77340,77350,10
13.0440797806,80.2124710083,77350,77359,9
13.043419838,80.2124710083,77359,77370,11
13.0425901413,80.2124862671,77370,77380,10
13.0418300629,80.2125473022,77380,77390,10
13.0408601761,80.2124786377,77390,77400,10
13.0399904251,80.2124862671,77400,77410,10
13.0391302109,80.2125091553,77410,77420,10
13.0382604599,80.2124633789,77420,77430,10
13.0374803543,80.2124404907,77430,77491,61
13.0374803543,80.2124404907,77491,77501,10
13.0373497009,80.2123413086,77501,77511,10
13.0368700027,80.2123413086,77511,77521,10
13.0361604691,80.2123565674,77521,77531,10
13.0352897644,80.2123718262,77531,77541,10
13.0346097946,80.2122497559,77541,77552,11
13.0341901779,80.2121810913,77552,77572,20
13.0341901779,80.2121810913,77572,77582,10
13.0339202881,80.2121505737,77582,77592,10
13.0336503983,80.2120895386,77592,77602,10
13.0332698822,80.2119903564,77602,77612,10
13.0328397751,80.2118988037,77612,77622,10
13.0323495865,80.211807251,77622,77632,10
13.0319499969,80.2116165161,77632,77642,10
13.0319595337,80.2112426758,77642,77652,10
13.0320100784,80.2106781006,77652,77663,11
13.0320901871,80.2099075317,77663,77673,10
13.0317802429,80.2096481323,77673,77683,10
13.031129837,80.2094573975,77683,77693,10
13.0303697586,80.2092819214,77693,77703,10
13.0298595428,80.2091293335,77703,77713,10
13.0294704437,80.209022522,77713,77723,10
13.0294399261,80.2090072632,77723,77733,10
13.0292596817,80.2089309692,77733,77743,10
13.0290699005,80.2088928223,77743,77753,10
13.0285797119,80.208770752,77753,77764,11
13.0278301239,80.2085189819,77764,77774,10
13.0272102356,80.2081604004,77774,77784,10
13.0265102386,80.2077178955,77784,77794,10
13.0256996155,80.2072525024,77794,77804,10
13.024720192,80.2070465088,77804,77814,10
13.024189949,80.2069396973,77814,77824,10
13.0240898132,80.2069091797,77824,77834,10
13.0236902237,80.2068023682,77834,77844,10
13.0230903625,80.206703186,77844,77854,10
13.0223503113,80.2065811157,77854,77864,10
13.0215301514,80.2065200806,77864,77875,11
13.0205602646,80.2065582275,77875,77885,10
13.0197296143,80.2065505981,77885,77895,10
13.0191698074,80.206451416,77895,77905,10
13.0191402435,80.2064285278,77905,77915,10
13.018989563,80.2063293457,77915,77925,10
13.0185604095,80.2062072754,77925,77935,10
13.0179901123,80.2060394287,77935,77945,10
13.0174198151,80.2058334351,77945,77955,10
13.0169000626,80.2055969238,77955,77965,10
13.0162696838,80.2053222656,77965,77976,11
13.0155096054,80.2050628662,77976,77986,10
13.0142002106,80.2046737671,77986,78006,20
13.0142002106,80.2046737671,78006,78016,10
13.0139598846,80.2045898438,78016,78026,10
13.0137300491,80.2044906616,78026,78036,10
13.0135803223,80.2045822144,78036,78046,10
13.0135202408,80.2047805786,78046,78056,10
13.0134000778,80.2051620483,78056,78066,10
13.0132198334,80.2057037354,78066,78075,9
13.0130596161,80.2063980103,78075,78087,12
13.0129203796,80.2074584961,78087,78097,10
13.012840271,80.2079391479,78097,78107,10
13.0128202438,80.2084121704,78107,78117,10
13.0128602982,80.208732605,78117,78127,10
13.0129499435,80.2092132568,78127,78137,10
13.0130300522,80.209602356,78137,78147,10
13.0130395889,80.2105026245,78147,78157,10
13.0127801895,80.2113418579,78157,78167,10
13.0123500824,80.2121200562,78167,78177,10
13.0119600296,80.2127075195,78177,78188,11
13.0117502213,80.2128219604,78188,78198,10
13.0114898682,80.2126083374,78198,78208,10
13.0110197067,80.2122573853,78208,78218,10
13.0104598999,80.2118377686,78218,78228,10
13.0099897385,80.2114562988,78228,78257,29
13.0099897385,80.2114562988,78257,78268,11
13.0095100403,80.2110595703,78268,78349,81
13.0095100403,80.2110595703,78349,78359,10
13.0091104507,80.2113800049,78359,78369,10
13.0090398788,80.2116775513,78369,78379,10
13.0091695786,80.2121276855,78379,78389,10
13.0093698502,80.2127304077,78389,78400,11
13.0095796585,80.2133102417,78400,78410,10
13.0098199844,80.2138595581,78410,78420,10
13.0100402832,80.2144165039,78420,78430,10
13.0101804733,80.2150802612,78430,78440,10
13.0103197098,80.2158508301,78440,78450,10
13.0107097626,80.2167129517,78450,78460,10
13.0111503601,80.2176513672,78460,78470,10
13.0115499496,80.2187194824,78470,78480,10
13.0119400024,80.219833374,78480,78490,10
13.0122699738,80.2208633423,78490,78500,10
13.0125303268,80.2216873169,78500,78511,11
13.0130701065,80.2224273682,78511,78521,10
13.0136604309,80.2231216431,78521,78531,10
13.0142002106,80.2237167358,78531,78541,10
13.0146999359,80.2242279053,78541,78551,10
13.0152301788,80.2248916626,78551,78561,10
13.0154800415,80.2252731323,78561,78571,10
13.0154495239,80.2256164551,78571,78581,10
13.0152597427,80.2258529663,78581,78591,10
13.0152301788,80.2258605957,78591,78601,10
13.0149803162,80.2259597778,78601,78612,11
13.01445961,80.2261810303,78612,78622,10
13.0137996674,80.2264175415,78622,78632,10
13.0130796432,80.2267227173,78632,78642,10
13.0122900009,80.2270507813,78642,78652,10
13.0114803314,80.2273712158,78652,78662,10
13.0106096268,80.2277069092,78662,78672,10
13.0098304749,80.2279891968,78672,78682,10
13.0095100403,80.2275466919,78682,78692,10
13.0097999573,80.2269897461,78692,78702,10
13.0101299286,80.2262878418,78702,78712,10
13.0103998184,80.2255935669,78712,78723,11
13.010720253,80.2248382568,78723,78733,10
13.0109901428,80.2241516113,78733,78743,10
13.0112800598,80.2234268188,78743,78753,10
13.0112800598,80.2231826782,78753,78763,10
13.0109701157,80.2230300903,78763,78773,10
13.0104904175,80.2228088379,78773,78783,10
13.0102596283,80.2227020264,78783,78793,10
13.0099096298,80.2225036621,78793,78803,10
13.0093898773,80.2222213745,78803,78813,10
13.0087404251,80.2218475342,78813,78824,11
13.0080003738,80.2214584351,78824,78834,10
13.0072402954,80.221031189,78834,78844,10
13.0064296722,80.2206573486,78844,78854,10
13.0055599213,80.2204666138,78854,78864,10
13.0047397614,80.2202682495,78864,78874,10
13.0038604736,80.2200698853,78874,78884,10
13.0030202866,80.2198486328,78884,78894,10
13.0023298264,80.2193984985,78894,78904,10
13.0018501282,80.2188568115,78904,78914,10
13.001250267,80.2183532715,78914,78923,9
13.000670433,80.2179870605,78923,78935,12
12.9999303818,80.2175216675,78935,78945,10
12.9991102219,80.2170410156,78945,78955,10
12.9982099533,80.2166519165,78955,78965,10
12.9974803925,80.2165527344,78965,78985,20
12.9974803925,80.2165527344,78985,78995,10
12.9972496033,80.2165374756,78995,79005,10
12.9968700409,80.2165603638,79005,79015,10
12.9962997437,80.2166137695,79015,79024,9
12.9957704544,80.2167282104,79024,79036,12
12.9950399399,80.2171020508,79036,79046,10
12.9946699142,80.2173461914,79046,79056,10
12.9941797256,80.2176971436,79056,79066,10
12.9937295914,80.2179870605,79066,79076,10
12.993180275,80.2183685303,79076,79086,10
12.9926900864,80.2187576294,79086,79096,10
12.9920902252,80.2192306519,79096,79106,10
12.9911203384,80.2195281982,79106,79126,20
12.9911203384,80.2195281982,79126,79135,9
12.9908103943,80.2193984985,79135,79147,12
12.9902000427,80.2191696167,79147,79157,10
12.9895200729,80.2189178467,79157,79167,10
12.9888095856,80.2186737061,79167,79177,10
12.9880895615,80.2184829712,79177,79187,10
12.9869203568,80.2182769775,79187,79207,20
12.9869203568,80.2182769775,79207,79217,10
12.9865903854,80.2181777954,79217,79227,10
12.9860401154,80.2180480957,79227,79237,10
12.9851903915,80.2179718018,79237,79247,10
12.9840297699,80.2179794312,79247,79268,21
12.9840297699,80.2179794312,79268,79278,10
12.9837503433,80.217956543,79278,79288,10
12.9832201004,80.2179718018,79288,79298,10
12.9825296402,80.217956543,79298,79308,10
12.9816598892,80.2180099487,79308,79318,10
12.9807701111,80.2182693481,79318,79328,10
12.9799900055,80.2185516357,79328,79338,10
12.9792299271,80.2188796997,79338,79348,10
12.9787797928,80.2190704346,79348,79359,11
12.9783000946,80.2192764282,79359,79369,10
12.9776296616,80.2195281982,79369,79379,10
12.9768600464,80.2198486328,79379,79389,10
12.9760303497,80.220199585,79389,79399,10
12.9755401611,80.2205810547,79399,79419,20
12.9755401611,80.2205810547,79419,79429,10
12.9757900238,80.220916748,79429,79682,253
12.9757900238,80.220916748,79682,79692,10
12.9758501053,80.2210693359,79692,79843,151
12.9758501053,80.2210693359,79843,79853,10
12.9761896133,80.2211837769,79853,79863,10
12.9764099121,80.2211990356,79863,79873,10
12.9767303467,80.2212219238,79873,79883,10
12.9771099091,80.2211990356,79883,79894,11
12.9775495529,80.2211990356,79894,79904,10
12.9780502319,80.2211914063,79904,79914,10
12.9786396027,80.2211685181,79914,79924,10
12.9792203903,80.2211303711,79924,79934,10
12.9797897339,80.2210922241,79934,79944,10
12.9803304672,80.2210235596,79944,79954,10
12.9807500839,80.2209777832,79954,79964,10
12.9812803268,80.2211227417,79964,79974,10
12.9817199707,80.2214126587,79974,79984,10
12.9821901321,80.2217407227,79984,79994,10
12.9827604294,80.2219161987,79994,80005,11
12.9832401276,80.2221832275,80005,80015,10
12.9834804535,80.2223587036,80015,80025,10
12.9837598801,80.2225265503,80025,80035,10
12.9841804504,80.2227706909,80035,80045,10
12.9846601486,80.2230682373,80045,80055,10
12.9851903915,80.2232971191,80055,80065,10
12.9855499268,80.2231292725,80065,80075,10
12.9860401154,80.2229690552,80075,80085,10
12.9866304398,80.2229766846,80085,80095,10
12.9870500565,80.2230377197,80095,80106,11
12.9873304367,80.2230682373,80106,80116,10
12.9876804352,80.2230377197,80116,80126,10
12.9881496429,80.2227783203,80126,80136,10
12.9886102676,80.2223510742,80136,80146,10
12.9889802933,80.2219009399,80146,80156,10
12.9891395569,80.2217483521,80156,80166,10
12.9894399643,80.2213363647,80166,80176,10
12.9898300171,80.2208175659,80176,80186,10
12.99036026,80.2203903198,80186,80196,10
12.9908504486,80.2200393677,80196,80206,10
12.9913101196,80.2196578979,80206,80217,11
12.9918603897,80.2192611694,80217,80227,10
12.992389679,80.2188796997,80227,80237,10
12.9929304123,80.2185211182,80237,80247,10
12.9933900833,80.2181625366,80247,80257,10
12.9938802719,80.2177963257,80257,80267,10
12.9943799973,80.2174377441,80267,80277,10
12.994799614,80.2171325684,80277,80287,10
12.9951095581,80.2169113159,80287,80297,10
12.9956102371,80.2166900635,80297,80307,10
12.996219635,80.2165527344,80307,80317,10
12.9968500137,80.216468811,80317,80328,11
12.997209549,80.2164077759,80328,80338,10
12.9974403381,80.2161483765,80338,80348,10
12.9978504181,80.2158126831,80348,80358,10
12.9982795715,80.215461731,80358,80368,10
12.9987297058,80.2150878906,80368,80378,10
12.9991102219,80.2147674561,80378,80388,10
12.9993095398,80.2145690918,80388,80398,10
12.9996700287,80.2142486572,80398,80408,10
13.0000200272,80.2139511108,80408,80418,10
13.000459671,80.2135620117,80418,80429,11
13.0009202957,80.2131576538,80429,80439,10
13.0013904572,80.2128067017,80439,80449,10
13.0018796921,80.2124404907,80449,80459,10
13.0024299622,80.2121429443,80459,80469,10
13.0030202866,80.2120437622,80469,80479,10
13.003490448,80.2120285034,80479,80489,10
13.0036697388,80.2117462158,80489,80499,10
13.003660202,80.2112121582,80499,80509,10
13.0036001205,80.210609436,80509,80519,10
13.0035104752,80.2099533081,80519,80529,10
13.0035495758,80.2092971802,80529,80540,11
13.003780365,80.208656311,80540,80550,10
13.0044403076,80.2088165283,80550,80560,10
13.0051698685,80.2091522217,80560,80570,10
13.0058403015,80.2094192505,80570,80580,10
13.0061197281,80.2095184326,80580,80590,10
13.0067501068,80.2096862793,80590,80610,20
13.0067501068,80.2096862793,80610,80620,10
13.0069799423,80.2097702026,80620,80630,10
13.0073604584,80.2098388672,80630,80641,11
13.007900238,80.2099075317,80641,80651,10
13.0081701279,80.2098693848,80651,80661,10
13.0080604553,80.2094726563,80661,80671,10
13.0079402924,80.2089309692,80671,80681,10
13.0078601837,80.2082977295,80681,80691,10
13.0077400208,80.2076416016,80691,80701,10
13.0076398849,80.2069778442,80701,80711,10
13.0075101852,80.206237793,80711,80721,10
13.0073604584,80.2056732178,80721,80731,10
13.0071201324,80.205078125,80731,80742,11
13.0068101883,80.2043380737,80742,80752,10
13.0064897537,80.2037582397,80752,80762,10
13.0061302185,80.2032623291,80762,80772,10
13.0058002472,80.2027511597,80772,80782,10
13.0055503845,80.2021789551,80782,80792,10
13.0050601959,80.2016296387,80792,80802,10
13.004699707,80.2013168335,80802,80812,10
13.0045003891,80.201171875,80812,80822,10
13.0040197372,80.2010574341,80822,80832,10
13.0034399033,80.2009124756,80832,80842,10
13.002820015,80.2007522583,80842,80853,11
13.0021495819,80.2004089355,80853,80863,10
13.0017499924,80.1998596191,80863,80873,10
13.0016403198,80.19921875,80873,80883,10
13.0017499924,80.1985092163,80883,80893,10
13.0018701553,80.1977996826,80893,80903,10
13.0018997192,80.1971282959,80903,80913,10
13.0016403198,80.1964797974,80913,80923,10
13.001250267,80.1959533691,80923,80933,10
13.0008296967,80.1953964233,80933,80943,10
13.00041008,80.1949005127,80943,80953,10
13.0000200272,80.1944122314,80953,80964,11
12.9997596741,80.1940765381,80964,80974,10
12.9996204376,80.1938781738,80974,80984,10
12.9995002747,80.1937408447,80984,80994,10
12.9993801117,80.1935806274,80994,81004,10
12.9993600845,80.1935577393,81004,81014,10
12.9991502762,80.1932983398,81014,81024,10
12.9989099503,80.1929702759,81024,81034,10
12.9986095428,80.1925811768,81034,81044,10
12.9984197617,80.1923217773,81044,81054,10
12.9981098175,80.1923828125,81054,81065,11
12.9977903366,80.1926574707,81065,81075,10
12.9975204468,80.1928863525,81075,81085,10
12.9972000122,80.1931381226,81085,81095,10
12.9969902039,80.1932830811,81095,81105,10
12.9968700409,80.1932525635,81105,81115,10
12.9967699051,80.1930389404,81115,81125,10
12.9966802597,80.1926498413,81125,81135,10
12.9965896606,80.192237854,81135,81145,10
12.9965496063,80.1920776367,81145,81155,10
12.9964799881,80.1919021606,81155,81165,10
12.996430397,80.1916427612,81165,81499,334
12.996430397,80.1916427612,81499,81509,10
12.9965295792,80.1912612915,81509,81519,10
12.9967899323,80.1909484863,81519,82155,636
12.9967899323,80.1909484863,82155,82165,10
12.9970598221,80.1908035278,82165,82175,10
12.9972000122,80.1910629272,82175,82185,10
12.9974098206,80.1913986206,82185,82195,10
