13.0983896255,80.2407226563,19,2338,2319
13.0983896255,80.2408218384,2338,2943,605
13.098449707,80.2408676147,2943,4052,1109
13.098449707,80.2408676147,4052,4062,10
13.0984897614,80.2410736084,4062,4072,10
13.0985298157,80.2413024902,4072,4082,10
13.0986003876,80.2415008545,4082,4092,10
13.0988197327,80.2415313721,4092,4102,10
13.0989303589,80.241317749,4102,4112,10
13.0989704132,80.2410736084,4112,4123,11
13.0989999771,80.2408065796,4123,4133,10
13.0990200043,80.2406005859,4133,4143,10
13.0992298126,80.2405014038,4143,6179,2036
13.0991697311,80.2405471802,6179,6351,172
13.0991697311,80.2405471802,6351,6361,10
13.0990800858,80.2405319214,6361,6371,10
13.0990600586,80.2403182983,6371,6381,10
13.0988502502,80.2402191162,6381,6391,10
13.0986499786,80.2401580811,6391,6401,10
13.0985498428,80.2402801514,6401,6411,10
13.0985803604,80.2404632568,6411,6421,10
13.0985403061,80.2406768799,6421,6431,10
13.0985202789,80.2410736084,6431,6451,20
13.0986604691,80.2411193848,6451,9609,3158
13.0987997055,80.2410888672,9609,11595,1986
13.0987195969,80.2412719727,11595,18039,6444
13.0987796783,80.2411499023,18039,18311,272
13.0987501144,80.2411422729,18311,19662,1351
13.0987501144,80.2411117554,19662,20330,668
13.098739624,80.2411727905,20330,20521,191
13.098739624,80.2411727905,20521,20531,10
13.0989398956,80.2413024902,20531,20542,11
13.098859787,80.2416687012,20542,20572,30
13.0987596512,80.2420272827,20572,20652,80
13.0987596512,80.2420272827,20652,20663,11
13.0987100601,80.2422714233,20663,20673,10
13.0985603333,80.2423400879,20673,20683,10
13.0981798172,80.2422790527,20683,20693,10
13.0976696014,80.2422180176,20693,20703,10
13.0974502563,80.2421417236,20703,20713,10
13.0974998474,80.2417526245,20713,20723,10
13.0975799561,80.2412414551,20723,20733,10
13.0976600647,80.2405776978,20733,20743,10
13.0977201462,80.2398071289,20743,20753,10
13.0977697372,80.2391815186,20753,20763,10
13.0978403091,80.2384414673,20763,20773,10
13.0980100632,80.2376403809,20773,20784,11
13.0981798172,80.2367095947,20784,20794,10
13.0983104706,80.2358703613,20794,20804,10
13.0984296799,80.2351074219,20804,20814,10
13.09856987,80.2342224121,20814,20824,10
13.0986604691,80.2333297729,20824,20834,10
13.0987701416,80.2325897217,20834,20844,10
13.0989103317,80.2320327759,20844,20854,10
13.0992002487,80.2313308716,20854,20870,16
13.0996398926,80.2300186157,20870,20882,12
13.0997800827,80.2294006348,20882,20892,10
13.0998401642,80.2288818359,20892,20902,10
13.0999498367,80.2283401489,20902,20913,11
13.1000204086,80.2277069092,20913,20923,10
13.1000299454,80.2270278931,20923,20933,10
13.0999898911,80.2262496948,20933,20943,10
13.0999202728,80.2254867554,20943,20953,10
13.0997695923,80.2247924805,20953,20962,9
13.0995502472,80.2240371704,20962,20973,11
13.0993204117,80.2236785889,20973,20983,10
13.0991201401,80.2234268188,20983,20993,10
13.0989198685,80.2231674194,20993,21003,10
13.0987596512,80.2228775024,21003,21013,10
13.098739624,80.2221908569,21013,21023,10
13.098859787,80.2212905884,21023,21034,11
13.0990600586,80.2201766968,21034,21044,10
13.0991897583,80.2194519043,21044,21054,10
13.0992603302,80.2191696167,21054,21063,9
13.0993299484,80.2186279297,21063,21074,11
13.0994501114,80.2178192139,21074,21084,10
13.0996198654,80.2169876099,21084,21094,10
13.0998697281,80.2162780762,21094,21104,10
13.0999603271,80.2156982422,21104,21165,61
13.0999603271,80.2156982422,21165,21175,10
13.1001396179,80.2153930664,21175,21185,10
13.1002397537,80.2148284912,21185,21265,80
13.1002397537,80.2148284912,21265,21275,10
13.1002702713,80.2147216797,21275,21286,11
13.1000099182,80.2144699097,21286,21296,10
13.0996904373,80.2143936157,21296,21306,10
13.0994300842,80.2143173218,21306,21316,10
13.0991296768,80.2142333984,21316,21326,10
13.0986404419,80.2140579224,21326,21336,10
13.098279953,80.2145614624,21336,21346,10
13.0979404449,80.21534729,21346,21356,10
13.0973501205,80.2167129517,21356,21376,20
13.0973501205,80.2167129517,21376,21386,10
13.0972995758,80.2168731689,21386,21396,10
13.0971002579,80.2173614502,21396,21407,11
13.0967998505,80.2182388306,21407,21417,10
13.0964803696,80.2191772461,21417,21427,10
13.0961503983,80.220161438,21427,21437,10
13.0958204269,80.2211074829,21437,21447,10
13.0955295563,80.2219619751,21447,21457,10
13.0951900482,80.2228622437,21457,21467,10
13.0946598053,80.2237701416,21467,21477,10
13.0940504074,80.2245864868,21477,21487,10
13.09333992,80.2254180908,21487,21497,10
13.092590332,80.2261962891,21497,21507,10
13.0919799805,80.2268371582,21507,21517,10
13.0912399292,80.2276229858,21517,21538,21
13.0912399292,80.2276229858,21538,21548,10
13.0910797119,80.2277374268,21548,21558,10
13.0907297134,80.2281188965,21558,21568,10
13.090180397,80.2287063599,21568,21578,10
13.0895395279,80.2294616699,21578,21588,10
13.0891799927,80.2301101685,21588,21598,10
13.0890703201,80.2303466797,21598,21608,10
13.0888500214,80.2308425903,21608,21618,10
13.0888299942,80.2308807373,21618,21628,10
13.0888004303,80.2309417725,21628,21638,10
13.0886697769,80.2312393188,21638,21649,11
13.0883998871,80.2320327759,21649,21659,10
13.0881595612,80.2329483032,21659,21669,10
13.0880203247,80.2339477539,21669,21679,10
13.087679863,80.2345428467,21679,21689,10
13.0868797302,80.2345581055,21689,21699,10
13.0862598419,80.2344665527,21699,21709,10
13.086139679,80.2344512939,21709,21719,10
13.0860300064,80.2344207764,21719,21729,10
13.0854701996,80.2342834473,21729,21739,10
13.0847702026,80.2341308594,21739,21749,10
13.0840396881,80.2339706421,21749,21759,10
13.0834903717,80.2338485718,21759,21770,11
13.0827999115,80.2337417603,21770,21780,10
13.0824098587,80.2336425781,21780,21790,10
13.082400322,80.2336425781,21790,21800,10
13.0821800232,80.2336120605,21800,21810,10
13.0816698074,80.2335586548,21810,21820,10
13.0809602737,80.2335586548,21820,21830,10
13.0802097321,80.233543396,21830,21839,9
13.0796604156,80.2335586548,21839,21850,11
13.0795202255,80.2335281372,21850,21860,10
13.0793600082,80.2335205078,21860,21870,10
13.0788698196,80.233543396,21870,21880,10
13.078209877,80.2335662842,21880,21891,11
13.077460289,80.2336120605,21891,21901,10
13.0767402649,80.2337417603,21901,21911,10
13.0761404037,80.2338562012,21911,21921,10
13.0760602951,80.2338485718,21921,21931,10
13.0758399963,80.2338409424,21931,21941,10
13.0758495331,80.23412323,21941,21951,10
13.0760002136,80.2347564697,21951,21961,10
13.0761604309,80.2356033325,21961,21971,10
13.0763196945,80.236579895,21971,21981,10
13.0764598846,80.2371826172,21981,21991,10
13.0764598846,80.2372283936,21991,22001,10
13.0764503479,80.2373504639,22001,22011,10
13.0765600204,80.2378005981,22011,22022,11
13.0767297745,80.2385864258,22022,22032,10
13.0769300461,80.2394714355,22032,22042,10
13.0771398544,80.2403411865,22042,22052,10
13.0770397186,80.2407073975,22052,22062,10
13.0764398575,80.2405776978,22062,22072,10
13.0756196976,80.2405166626,22072,22088,16
13.074090004,80.2405395508,22088,22100,12
13.0729999542,80.2408218384,22100,22108,8
13.0722904205,80.2411727905,22108,22120,12
13.0712299347,80.2417373657,22120,22130,10
13.0704698563,80.2419815063,22130,22140,10
13.0702295303,80.2420196533,22140,22150,10
13.0700397491,80.2420425415,22150,22160,10
13.0695400238,80.2421798706,22160,22171,11
13.0689201355,80.2424621582,22171,22181,10
13.0680799484,80.2426834106,22181,22191,10
13.0670604706,80.243057251,22191,22192,1
13.0669603348,80.2431030273,22192,22193,1
13.066860199,80.2431335449,22193,22240,47
13.0674104691,80.2463226318,22240,22250,10
13.0678195953,80.2465591431,22250,22260,10
13.0678195953,80.2465667725,22260,22271,11
13.0678901672,80.2468566895,22271,22281,10
13.0678901672,80.2475128174,22281,22291,10
13.067440033,80.2479171753,22291,22301,10
13.0664901733,80.2478713989,22301,22311,10
13.0653400421,80.247756958,22311,22321,10
13.064160347,80.2476730347,22321,22331,10
13.0630998611,80.2476119995,22331,22341,10
13.0621099472,80.2476119995,22341,22351,10
13.0615301132,80.2472763062,22351,22361,10
13.0615701675,80.2467422485,22361,22371,10
13.0618600845,80.2461090088,22371,22381,10
13.0621004105,80.2452011108,22381,22391,10
13.0628299713,80.244682312,22391,22402,11
13.0631303787,80.2443084717,22402,22413,11
13.0631999969,80.2442321777,22413,22423,10
13.0634098053,80.243888855,22423,22433,10
13.06346035,80.2436599731,22433,22443,10
13.0631599426,80.2434921265,22443,22453,10
13.0625495911,80.2433700562,22453,22463,10
13.0618495941,80.2432098389,22463,22473,10
13.0611400604,80.2431030273,22473,22483,10
13.0606603622,80.2429275513,22483,22493,10
13.0600795746,80.2427368164,22493,22503,10
13.059419632,80.2425231934,22503,22514,11
13.0587997437,80.2425918579,22514,22524,10
13.0587596893,80.2425918579,22524,22534,10
13.0584096909,80.2426605225,22534,22544,10
13.0578699112,80.2427825928,22544,22554,10
13.0571603775,80.2428131104,22554,22564,10
13.0564203262,80.2425689697,22564,22574,10
13.0555295944,80.2422409058,22574,22584,10
13.0545797348,80.2423706055,22584,22593,9
13.0538797379,80.2422714233,22593,22603,10
13.0537099838,80.2421875,22603,22614,11
13.0536899567,80.2421722412,22614,22624,10
13.0533895493,80.2419967651,22624,22635,11
13.0528802872,80.2418365479,22635,22645,10
13.0526504517,80.2417831421,22645,22655,10
13.0523700714,80.2414169312,22655,22665,10
13.0521097183,80.2409973145,22665,22675,10
13.0518198013,80.240737915,22675,22685,10
13.0514001846,80.2406616211,22685,22695,10
13.0510101318,80.2405700684,22695,22705,10
13.050909996,80.2405395508,22705,22715,10
13.0504398346,80.2404174805,22715,22725,10
13.0496797562,80.2402572632,22725,22735,10
13.0488004684,80.2400588989,22735,22745,10
13.0478096008,80.2398834229,22745,22756,11
13.0467395782,80.2396469116,22756,22766,10
13.0462303162,80.2394104004,22766,22776,10
13.0463895798,80.2388381958,22776,22786,10
13.0465803146,80.23802948,22786,22796,10
13.0467796326,80.237121582,22796,22806,10
13.0469398499,80.236366272,22806,22816,10
13.0470199585,80.236000061,22816,22826,10
13.0470895767,80.2357025146,22826,22836,10
13.0471200943,80.2353363037,22836,22846,10
13.0472402573,80.2345962524,22846,22856,10
13.0473098755,80.2336883545,22856,22866,10
13.0472898483,80.2330703735,22866,22877,11
13.0465202332,80.2329177856,22877,22887,10
13.0456800461,80.2327270508,22887,22897,10
13.0452203751,80.2326583862,22897,22907,10
13.0450801849,80.2326202393,22907,22917,10
13.0445804596,80.2325134277,22917,22927,10
13.0438404083,80.232383728,22927,22937,10
13.0432100296,80.2323226929,22937,22947,10
13.0425901413,80.2323074341,22947,22957,10
13.0419101715,80.2322692871,22957,22967,10
13.0411195755,80.232093811,22967,22977,10
13.0402002335,80.2317504883,22977,22987,10
13.0393400192,80.2315292358,22987,22997,10
13.0382795334,80.2312164307,22997,23008,11
13.0373001099,80.2309112549,23008,23018,10
13.036860466,80.2307662964,23018,23028,10
13.0364999771,80.2306594849,23028,23038,10
13.035900116,80.2304992676,23038,23048,10
13.0352401733,80.2303237915,23048,23058,10
13.0347604752,80.2303009033,23058,23068,10
13.0342998505,80.2303924561,23068,23078,10
13.0337200165,80.2304611206,23078,23088,10
13.0334596634,80.2304763794,23088,23098,10
13.0333795547,80.2304763794,23098,23108,10
13.0328798294,80.2305221558,23108,23118,10
13.0321397781,80.2305908203,23118,23129,11
13.0312004089,80.2306594849,23129,23138,9
13.0306901932,80.2307128906,23138,23150,12
13.0300397873,80.2307815552,23150,23160,10
13.0298900604,80.2307891846,23160,23170,10
13.0295696259,80.2308120728,23170,23180,10
13.0289697647,80.2308578491,23180,23190,10
13.0282897949,80.2309494019,23190,23200,10
13.0278100967,80.2309875488,23200,23209,9
13.0276699066,80.2311935425,23209,23220,11
13.0277204514,80.2317504883,23220,23230,10
13.0278196335,80.2323226929,23230,23240,10
13.0278100967,80.2327804565,23240,23251,11
13.0274400711,80.2328720093,23251,23261,10
13.0273799896,80.2328796387,23261,23271,10
13.0272598267,80.2329330444,23271,23281,10
13.0270004272,80.232963562,23281,23291,10
13.0267295837,80.2330169678,23291,23301,10
13.0263795853,80.2326583862,23301,23311,10
13.0261802673,80.231918335,23311,23320,9
13.0260601044,80.231300354,23320,23331,11
13.0257902145,80.2304763794,23331,23341,10
13.0251998901,80.2296829224,23341,23351,10
13.024600029,80.2289276123,23351,23361,10
13.0241804123,80.2284469604,23361,23372,11
13.024140358,80.2284088135,23372,23382,10
13.0239601135,80.2281570435,23382,23392,10
13.0235900879,80.2277374268,23392,23402,10
13.023150444,80.2272567749,23402,23412,10
13.0225696564,80.2267227173,23412,23422,10
13.021780014,80.22605896,23422,23432,10
13.0208997726,80.2253875732,23432,23442,10
13.0203399658,80.2250213623,23442,23452,10
13.0199699402,80.2247695923,23452,23462,10
13.0192604065,80.2244491577,23462,23472,10
13.0183801651,80.2246398926,23472,23482,10
13.0174303055,80.2250289917,23482,23493,11
13.0166902542,80.2253799438,23493,23503,10
13.0163402557,80.2255096436,23503,23513,10
13.0157203674,80.2257080078,23513,23523,10
13.0149898529,80.2260131836,23523,23533,10
13.0144796371,80.2262191772,23533,23543,10
13.01445961,80.2262268066,23543,23553,10
13.0142803192,80.226272583,23553,23563,10
13.0138101578,80.2264633179,23563,23573,10
13.0130596161,80.2267532349,23573,23583,10
13.0120897293,80.227142334,23583,23593,10
13.0109796524,80.2275924683,23593,23603,10
13.0098199844,80.2280426025,23603,23614,11
13.0090503693,80.2288894653,23614,23624,10
13.0088195801,80.2300872803,23624,23634,10
13.008600235,80.231338501,23634,23644,10
13.0083999634,80.232460022,23644,23654,10
13.0082798004,80.2333374023,23654,23664,10
13.0082502365,80.2335510254,23664,23674,10
13.0081796646,80.2337112427,23674,23684,10
13.0080604553,80.2342681885,23684,23694,10
13.007900238,80.2350234985,23694,23704,10
13.0076999664,80.2359695435,23704,23714,10
13.0074996948,80.2370681763,23714,23724,10
13.0072898865,80.2382202148,23724,23734,10
13.0071001053,80.2391815186,23734,23745,11
13.0069599152,80.2400436401,23745,23755,10
13.0069704056,80.240196228,23755,23765,10
13.0069599152,80.2403793335,23765,23775,10
13.0068998337,80.2407073975,23775,23785,10
13.0068798065,80.2408676147,23785,23795,10
13.006770134,80.2414398193,23795,23805,10
13.0067396164,80.2422790527,23805,23815,10
13.0066995621,80.2431488037,23815,23825,10
13.0066795349,80.2434997559,23825,23835,10
13.0066699982,80.2438201904,23835,23845,10
13.0066299438,80.2445297241,23845,23855,10
13.0066404343,80.2454833984,23855,23866,11
13.0066995621,80.2466430664,23866,23876,10
13.0067396164,80.2475509644,23876,23886,10
13.0067300797,80.2485198975,23886,23896,10
13.0068397522,80.2492980957,23896,23906,10
13.0068502426,80.2494125366,23906,23916,10
13.0068597794,80.2498016357,23916,23926,10
13.0068397522,80.2504806519,23926,23936,10
13.006819725,80.251159668,23936,23946,10
13.0067796707,80.2516784668,23946,23956,10
13.0066204071,80.2524337769,23956,23966,10
13.0066003799,80.25340271,23966,23976,10
13.0066099167,80.2543792725,23976,23987,11
13.0066099167,80.2548904419,23987,23997,10
13.0065803528,80.2550201416,23997,24007,10
13.0065603256,80.2554626465,24007,24017,10
13.0065898895,80.2562637329,24017,24027,10
13.0066795349,80.2571868896,24027,24067,40
13.0066795349,80.2571868896,24067,24077,10
13.0067195892,80.2574081421,24077,24087,10
13.0062503815,80.2574768066,24087,24097,10
13.0055704117,80.2573318481,24097,24108,11
13.0046796799,80.2571563721,24108,24118,10
13.0038204193,80.2569580078,24118,24128,10
13.0031604767,80.2568206787,24128,24138,10
13.0023899078,80.2566833496,24138,24148,10
13.0018196106,80.2565765381,24148,24158,10
13.0016403198,80.2565612793,24158,24168,10
13.0013999939,80.2565307617,24168,24178,10
13.0008096695,80.256439209,24178,24188,10
13.0001802444,80.2563476563,24188,24198,10
13.0000801086,80.2563171387,24198,24208,10
12.9996595383,80.2562332153,24208,24218,10
12.9991798401,80.2561264038,24218,24228,10
12.9987297058,80.2560424805,24228,24239,11
12.9981002808,80.2559661865,24239,24249,10
12.9975099564,80.2559204102,24249,24259,10
12.9970397949,80.2559814453,24259,24269,10
12.996919632,80.2564926147,24269,24279,10
12.9968595505,80.2570571899,24279,24289,10
12.9967803955,80.2577667236,24289,24299,10
12.9966802597,80.2585983276,24299,24309,10
12.9965696335,80.2594223022,24309,24319,10
12.9964704514,80.2602767944,24319,24329,10
12.9963998795,80.261138916,24329,24339,10
12.9963102341,80.2618713379,24339,24349,10
12.9962396622,80.2623291016,24349,24360,11
12.9962100983,80.262550354,24360,24370,10
12.9961795807,80.2629165649,24370,24380,10
12.9961204529,80.2635803223,24380,24390,10
12.9960298538,80.2644195557,24390,24400,10
12.9959096909,80.2653274536,24400,24410,10
12.9958000183,80.2663574219,24410,24420,10
12.9957199097,80.2673110962,24420,24430,10
12.9959201813,80.2676773071,24430,24440,10
12.9961004257,80.2676773071,24440,24450,10
12.9964799881,80.2677383423,24450,24460,10
12.9971199036,80.2676620483,24460,24470,10
12.9978103638,80.2674865723,24470,24481,11
12.9987401962,80.2672195435,24481,24491,10
12.9994697571,80.2670211792,24491,24500,9
13.0000896454,80.2666168213,24500,24521,21
13.0000896454,80.2666168213,24521,24531,10
13.0001401901,80.2665786743,24531,24541,10
13.0002002716,80.2662506104,24541,24551,10
13.0002603531,80.2658691406,24551,24561,10
13.0003795624,80.2657394409,24561,24571,10
13.0003795624,80.2659606934,24571,24743,172
13.0003795624,80.2659606934,24743,24753,10
13.0003204346,80.2664489746,24753,24763,10
13.0003404617,80.2666168213,24763,25247,484
13.0003404617,80.2666168213,25247,25257,10
13.000289917,80.2667770386,25257,25267,10
12.9999504089,80.2669219971,25267,25277,10
12.9994602203,80.2670516968,25277,25287,10
12.9988203049,80.2672576904,25287,25297,10
12.9980401993,80.2674789429,25297,25307,10
12.9970397949,80.2677536011,25307,25317,10
12.9961204529,80.2677612305,25317,25327,10
12.9956798553,80.2675476074,25327,25338,11
12.9956998825,80.2674026489,25338,25348,10
12.9957504272,80.2671966553,25348,25358,10
12.9958000183,80.2666397095,25358,25368,10
12.995880127,80.2658691406,25368,25378,10
12.9959897995,80.2649383545,25378,25388,10
12.9960699081,80.2641067505,25388,25398,10
12.9961595535,80.2632980347,25398,25408,10
12.996219635,80.2626876831,25408,25418,10
12.9962596893,80.2625579834,25418,25428,10
12.9962997437,80.2623901367,25428,25438,10
12.9963302612,80.2621383667,25438,25448,10
12.9964103699,80.2615737915,25448,25459,11
12.9965000153,80.2606811523,25459,25469,10
12.9965801239,80.2598266602,25469,25479,10
12.9966402054,80.2590637207,25479,25489,10
12.9967298508,80.2581634521,25489,25499,10
12.9968395233,80.2573013306,25499,25509,10
12.9968996048,80.2565002441,25509,25519,10
12.9969701767,80.2559814453,25519,25529,10
12.9972801208,80.255821228,25529,25539,10
12.9979200363,80.2558898926,25539,25549,10
12.9988603592,80.2560272217,25549,25569,20
12.9988603592,80.2560272217,25569,25580,11
12.9990596771,80.2560577393,25580,25590,10
12.9995203018,80.256149292,25590,25600,10
13.0002002716,80.2562866211,25600,25610,10
13.0010795593,80.2564468384,25610,25630,20
13.0010795593,80.2564468384,25630,25640,10
13.0012197495,80.2565002441,25640,25650,10
13.0016298294,80.2565612793,25650,25660,10
13.0022602081,80.2566375732,25660,25670,10
13.0028600693,80.2567367554,25670,25680,10
13.0038299561,80.2569274902,25680,25690,10
13.0046701431,80.2570800781,25690,25701,11
13.0055599213,80.2572402954,25701,25711,10
13.0062503815,80.2573699951,25711,25721,10
13.006529808,80.2571029663,25721,25731,10
13.0065202713,80.2563705444,25731,25741,10
13.0065202713,80.2554626465,25741,25751,10
13.0065803528,80.2544937134,25751,25761,10
13.0065698624,80.253616333,25761,25771,10
13.0065803528,80.2531661987,25771,25781,10
13.0066204071,80.2530822754,25781,25791,10
13.0066404343,80.2526016235,25791,25801,10
13.0067501068,80.2519378662,25801,25811,10
13.0068502426,80.2513427734,25811,25821,10
13.0068902969,80.250541687,25821,25832,11
13.0068702698,80.249710083,25832,25842,10
13.0068597794,80.2496032715,25842,25852,10
13.0068597794,80.2490921021,25852,25862,10
13.0067796707,80.2484512329,25862,25872,10
13.0067501068,80.2481079102,25872,25882,10
13.0067300797,80.2477264404,25882,25892,10
13.0066995621,80.2471237183,25892,25902,10
13.0066099167,80.2466583252,25902,25912,10
13.0066099167,80.2466201782,25912,25922,10
13.0066795349,80.246421814,25922,25932,10
13.0066795349,80.2459030151,25932,25942,10
13.0066795349,80.2451171875,25942,25952,10
13.0066604614,80.244178772,25952,25963,11
13.0066299438,80.2432327271,25963,25973,10
13.0066099167,80.2422790527,25973,25983,10
13.0066204071,80.2412490845,25983,25993,10
13.0067300797,80.240447998,25993,26003,10
13.0069103241,80.2395782471,26003,26013,10
13.0070896149,80.2387084961,26013,26023,10
13.0072402954,80.2378997803,26023,26033,10
13.007399559,80.2370910645,26033,26053,20
13.007399559,80.2370910645,26053,26063,10
13.0074596405,80.2367172241,26063,26074,11
13.0076198578,80.2361297607,26074,26084,10
13.0077800751,80.2353668213,26084,26094,10
13.0079698563,80.2344894409,26094,26104,10
13.0081701279,80.2334671021,26104,26114,10
13.0083904266,80.2323532104,26114,26124,10
13.008600235,80.2312164307,26124,26134,10
13.0088300705,80.2300720215,26134,26144,10
13.0090503693,80.2288970947,26144,26154,10
13.0092897415,80.2279205322,26154,26164,10
13.0097103119,80.2269363403,26164,26174,10
13.0101804733,80.2259368896,26174,26184,10
13.0105800629,80.225151062,26184,26195,11
13.0109996796,80.224281311,26195,26205,10
13.0113401413,80.2233810425,26205,26215,10
13.0116701126,80.2225189209,26215,26225,10
13.0120401382,80.2215881348,26225,26235,10
13.0124197006,80.2214584351,26235,26245,10
13.0126800537,80.2219390869,26245,26255,10
13.0131397247,80.2224807739,26255,26265,10
13.013710022,80.2231063843,26265,26275,10
13.0142402649,80.223739624,26275,26285,10
13.0147600174,80.2243118286,26285,26295,10
13.0150899887,80.2246170044,26295,26305,10
13.0153503418,80.224861145,26305,26316,11
13.0156202316,80.2250595093,26316,26326,10
13.0156297684,80.2250595093,26326,26336,10
13.015709877,80.2251586914,26336,26346,10
13.0161800385,80.2253494263,26346,26356,10
13.0169801712,80.225151062,26356,26366,10
13.0178604126,80.2247772217,26366,26376,10
13.0186395645,80.2244567871,26376,26386,10
13.0192203522,80.2243499756,26386,26396,10
13.0196800232,80.2244796753,26396,26406,10
13.0198402405,80.224609375,26406,26416,10
13.0201997757,80.2248916626,26416,26426,10
13.0207195282,80.2252502441,26426,26436,10
13.0209999084,80.2254714966,26436,26447,11
13.0214395523,80.2258071899,26447,26457,10
13.0218801498,80.2260818481,26457,26466,9
13.0219497681,80.2261581421,26466,26477,11
13.0220298767,80.2262191772,26477,26487,10
13.0222396851,80.2264022827,26487,26497,10
13.0225400925,80.2266769409,26497,26507,10
13.0230102539,80.2271194458,26507,26517,10
13.023639679,80.2276992798,26517,26527,10
13.024189949,80.2282409668,26527,26537,10
13.0244197845,80.228553772,26537,26547,10
13.0247297287,80.2290115356,26547,26557,10
13.0251502991,80.2295532227,26557,26568,11
13.0256795883,80.2303085327,26568,26578,10
13.02602005,80.2312774658,26578,26608,30
13.02602005,80.2312774658,26608,26618,10
13.0261802673,80.2313766479,26618,26628,10
13.0267601013,80.2312164307,26628,26638,10
13.0275201797,80.2310180664,26638,26648,10
13.0283002853,80.2309036255,26648,26658,10
13.0284996033,80.2308883667,26658,26668,10
13.028670311,80.2309036255,26668,26678,10
13.0291700363,80.2308425903,26678,26689,11
13.0296401978,80.2308120728,26689,26699,10
13.0302801132,80.2307510376,26699,26709,10
13.0309896469,80.230682373,26709,26719,10
13.0318403244,80.2306213379,26719,26728,9
13.0326900482,80.2305526733,26728,26738,10
13.0336399078,80.2304763794,26738,26749,11
13.0343904495,80.2304077148,26749,26769,20
13.0343904495,80.2304077148,26769,26779,10
13.0345697403,80.2303619385,26779,26789,10
13.0346298218,80.2303466797,26789,26799,10
13.0347204208,80.2303390503,26799,26810,11
13.0347700119,80.2303390503,26810,26820,10
13.0349597931,80.2304992676,26820,26830,10
13.0349197388,80.2311172485,26830,26840,10
13.0348300934,80.2318115234,26840,26850,10
13.0347099304,80.2327194214,26850,26860,10
13.0346097946,80.2334976196,26860,26870,10
13.0344800949,80.2343597412,26870,26880,10
13.0343399048,80.2353973389,26880,26890,10
13.0342197418,80.2363815308,26890,26900,10
13.0342197418,80.2371902466,26900,26910,10
13.0344400406,80.2375793457,26910,26920,10
13.034819603,80.2381896973,26920,26931,11
13.0353002548,80.2389907837,26931,26941,10
13.0358800888,80.2393569946,26941,26951,10
13.0367698669,80.2394790649,26951,26961,10
13.0376901627,80.2395706177,26961,26971,10
13.0385599136,80.2397232056,26971,26981,10
13.0393896103,80.2398300171,26981,26991,10
13.0401000977,80.239906311,26991,27001,10
13.0403795242,80.2401580811,27001,27011,10
13.0406398773,80.2405166626,27011,27021,10
13.0410699844,80.2406005859,27021,27031,10
13.0412797928,80.2406082153,27031,27041,10
13.0418596268,80.2406768799,27041,27052,11
13.0427904129,80.2408218384,27052,27062,10
13.0437002182,80.2409591675,27062,27072,10
13.0443601608,80.2407531738,27072,27082,10
13.0450401306,80.2402572632,27082,27092,10
13.0457801819,80.2397689819,27092,27102,10
13.0464000702,80.2395706177,27102,27112,10
13.0466804504,80.2396621704,27112,27122,10
13.0469999313,80.2397384644,27122,27132,10
13.0473899841,80.2398376465,27132,27142,10
13.0480604172,80.2399597168,27142,27152,10
13.0488395691,80.2400970459,27152,27168,16
13.0500602722,80.2403411865,27168,27181,13
13.0509996414,80.2405319214,27181,27191,10
13.0512504578,80.2405700684,27191,27201,10
13.0514001846,80.2406387329,27201,27211,10
13.0518798828,80.240737915,27211,27221,10
13.0523996353,80.2408981323,27221,27231,10
13.0525598526,80.2413635254,27231,27241,10
13.0530004501,80.2418289185,27241,27251,10
13.0536003113,80.2421188354,27251,27261,10
13.0540704727,80.2422409058,27261,27271,10
13.0541400909,80.2422790527,27271,27280,9
13.0544204712,80.2423400879,27280,27291,11
13.0552501678,80.2422485352,27291,27302,11
13.0561599731,80.2424468994,27302,27312,10
13.0567502975,80.2426071167,27312,27322,10
13.057299614,80.2428207397,27322,27332,10
13.0578804016,80.2427825928,27332,27342,10
13.0585803986,80.2426986694,27342,27352,10
13.0592098236,80.2425689697,27352,27362,10
13.0599403381,80.2426986694,27362,27372,10
13.0603704453,80.2428436279,27372,27382,10
13.0607995987,80.2429733276,27382,27392,10
13.0613203049,80.2431411743,27392,27402,10
13.061920166,80.2432785034,27402,27412,10
13.0624704361,80.2433624268,27412,27423,11
13.0626001358,80.243347168,27423,27433,10
13.063079834,80.2434616089,27433,27443,10
13.0638399124,80.243522644,27443,27453,10
13.064740181,80.2435379028,27453,27463,10
13.0657901764,80.2434997559,27463,27473,10
13.0666303635,80.2433166504,27473,27483,10
13.0674200058,80.2429962158,27483,27493,10
13.0682497025,80.2427215576,27493,27503,10
13.0690698624,80.242401123,27503,27519,16
13.0699596405,80.2421722412,27519,27531,12
13.0701198578,80.2421417236,27531,27541,10
13.0702600479,80.2421035767,27541,27552,11
13.0708904266,80.2418899536,27552,27562,10
13.0716600418,80.2416229248,27562,27572,10
13.0723896027,80.2411422729,27572,27582,10
13.0732002258,80.2407913208,27582,27592,10
13.073969841,80.2406005859,27592,27602,10
13.0749998093,80.240562439,27602,27612,10
13.0761098862,80.2405319214,27612,27622,10
13.0770196915,80.2405700684,27622,27632,10
13.0770998001,80.240020752,27632,27642,10
13.0769195557,80.2392120361,27642,27652,10
13.0766801834,80.2383728027,27652,27662,10
13.0766000748,80.2378997803,27662,27673,11
13.0764303207,80.2372817993,27673,27683,10
13.076379776,80.2370071411,27683,27693,10
13.0763502121,80.2369766235,27693,27703,10
13.0762996674,80.2365570068,27703,27713,10
13.076210022,80.2358016968,27713,27723,10
13.0760297775,80.2349395752,27723,27733,10
13.0758199692,80.2340621948,27733,27773,40
13.0758199692,80.2340621948,27773,27783,10
13.0758304596,80.2339096069,27783,27794,11
13.0762796402,80.2337722778,27794,27804,10
13.0769996643,80.2336807251,27804,27814,10
13.0778102875,80.2335968018,27814,27824,10
13.0784797668,80.2335891724,27824,27834,10
13.0789299011,80.2335586548,27834,27844,10
13.0794696808,80.2335510254,27844,27854,10
13.0799999237,80.2335205078,27854,27864,10
13.0802898407,80.2335281372,27864,27874,10
13.080499649,80.2335586548,27874,27884,10
13.0810699463,80.233581543,27884,27894,10
13.0817499161,80.2335968018,27894,27904,10
13.0819997787,80.2332992554,27904,27915,11
13.082159996,80.2325134277,27915,27925,10
13.0824604034,80.2316207886,27925,27935,10
13.0827798843,80.2308731079,27935,27944,9
13.0831003189,80.23072052,27944,27955,11
13.0831804276,80.2313537598,27955,27965,10
13.0832300186,80.2323379517,27965,27975,10
13.0834197998,80.2331008911,27975,27985,10
13.0835199356,80.2337036133,27985,27995,10
13.0838804245,80.2339019775,27995,28005,10
13.0840797424,80.2339477539,28005,28015,10
13.0843200684,80.2340393066,28015,28025,10
13.0845899582,80.2340774536,28025,28035,10
13.0851202011,80.2341918945,28035,28046,11
13.085940361,80.2343826294,28046,28056,10
13.0867004395,80.2345199585,28056,28066,10
13.087439537,80.2345733643,28066,28076,10
13.08796978,80.2340621948,28076,28086,10
13.0881004333,80.2331314087,28086,28102,16
13.0884199142,80.2316970825,28102,28114,12
13.0887403488,80.2309036255,28114,28124,10
13.0890102386,80.2303009033,28124,28134,10
13.0894498825,80.2294616699,28134,28144,10
13.090259552,80.2286224365,28144,28152,8
13.090880394,80.2279434204,28152,28165,13
13.0914402008,80.2273025513,28165,28175,10
13.0915403366,80.2272109985,28175,28185,10
13.0918798447,80.2268981934,28185,28195,10
13.0923900604,80.2263565063,28195,28205,10
13.0929899216,80.225769043,28205,28215,10
13.0936403275,80.2250595093,28215,28225,10
13.0941696167,80.2244110107,28225,28235,10
13.0947504044,80.2236175537,28235,28245,10
13.0952396393,80.2226409912,28245,28255,10
13.0955696106,80.2217102051,28255,28265,10
13.0958795547,80.2207870483,28265,28275,10
13.096159935,80.2199707031,28275,28286,11
13.0962600708,80.2197418213,28286,28296,10
13.0963802338,80.2193832397,28296,28306,10
13.096619606,80.2187271118,28306,28316,10
13.0968599319,80.217956543,28316,28325,9
13.0970897675,80.2173080444,28325,28336,11
13.0974798203,80.2163085938,28336,28346,10
13.0978603363,80.2154464722,28346,28356,10
13.0981903076,80.2147064209,28356,28366,10
13.0984201431,80.2141723633,28366,28407,41
13.0984201431,80.2141723633,28407,28417,10
13.0985202789,80.2139968872,28417,28427,10
13.0985803604,80.2139511108,28427,28437,10
13.098950386,80.2141418457,28437,28447,10
13.0995397568,80.2143173218,28447,28457,10
13.1002998352,80.2145080566,28457,28477,20
13.1002998352,80.2145080566,28477,28487,10
13.1005096436,80.2146224976,28487,28561,74
13.1005096436,80.2146224976,28561,28571,10
13.1005802155,80.21484375,28571,28581,10
13.1003799438,80.2153015137,28581,28591,10
13.1001396179,80.2158813477,28591,28601,10
13.0999202728,80.2159500122,28601,28611,10
13.1000204086,80.2156219482,28611,28620,9
13.1001796722,80.2153091431,28620,28632,12
13.1002597809,80.2151184082,28632,28652,20
13.1002597809,80.2151184082,28652,28663,11
13.1002502441,80.2147064209,28663,28766,103
13.1002502441,80.2147064209,28766,28776,10
13.100230217,80.2146224976,28776,29588,812
13.1001996994,80.2146835327,29588,30374,786
13.1001996994,80.2146835327,30374,30384,10
13.1000900269,80.2144927979,30384,30395,11
13.0998296738,80.2144165039,30395,30405,10
13.099360466,80.214302063,30405,30415,10
13.0989103317,80.2141571045,30415,30425,10
13.0984401703,80.2141876221,30425,30435,10
13.0981397629,80.21484375,30435,30445,10
13.0978097916,80.2155990601,30445,30455,10
13.0973796844,80.2167205811,30455,30475,20
13.0973796844,80.2167205811,30475,30485,10
13.0972499847,80.2170562744,30485,30495,10
13.0970401764,80.217628479,30495,30505,10
13.0967798233,80.2183380127,30505,30515,10
13.0965499878,80.2190933228,30515,30526,11
13.0962200165,80.2200317383,30526,30536,10
13.0958995819,80.2209091187,30536,30546,10
13.0956401825,80.2217025757,30546,30556,10
13.0954399109,80.2223205566,30556,30566,10
13.0953998566,80.2224197388,30566,30576,10
13.0953302383,80.2226409912,30576,30586,10
13.0951299667,80.2231216431,30586,30596,10
13.0946798325,80.2238235474,30596,30606,10
13.09416008,80.2245330811,30606,30616,10
13.0937299728,80.2250823975,30616,30626,10
13.0932998657,80.2255020142,30626,30637,11
13.0928001404,80.2260131836,30637,30648,11
13.0922203064,80.2265930176,30648,30658,10
13.0916404724,80.227180481,30658,30668,10
13.0912303925,80.2276229858,30668,30687,19
13.0912303925,80.2276229858,30687,30698,11
13.0910396576,80.2278289795,30698,30708,10
13.0906200409,80.2282867432,30708,30718,10
13.0900802612,80.2289123535,30718,30728,10
13.0895595551,80.2295227051,30728,30738,10
13.0892496109,80.2300491333,30738,30748,10
13.0891103745,80.2303237915,30748,30758,10
13.0888500214,80.2309188843,30758,30789,31
13.0888500214,80.2309188843,30789,30799,10
13.0887002945,80.2311325073,30799,30809,10
13.0885400772,80.2314605713,30809,30819,10
13.0883998871,80.2320175171,30819,30859,40
13.0883398056,80.2322769165,30859,30879,20
13.0883398056,80.2322769165,30879,30890,11
13.0882501602,80.2325592041,30890,30900,10
13.0881004333,80.2332305908,30900,30910,10
13.0880203247,80.2339630127,30910,30920,10
13.0875701904,80.2345275879,30920,30930,10
13.0868797302,80.2345581055,30930,30940,10
13.0863599777,80.2344970703,30940,30950,10
13.0857095718,80.2343521118,30950,30960,10
13.0849399567,80.234161377,30960,30970,10
13.0840797424,80.2339324951,30970,30980,10
13.0834703445,80.2338485718,30980,30990,10
13.0828104019,80.2337417603,30990,31000,10
13.0823698044,80.2336273193,31000,31021,21
13.0823698044,80.2336273193,31021,31031,10
13.0822601318,80.2335891724,31031,31041,10
13.0819501877,80.233581543,31041,31051,10
13.0814399719,80.2335586548,31051,31061,10
13.0808296204,80.2335281372,31061,31071,10
13.0805301666,80.2335281372,31071,31081,10
13.0803699493,80.2334976196,31081,31091,10
13.0800600052,80.2334976196,31091,31101,10
13.0797595978,80.2334976196,31101,31111,10
13.0792303085,80.2334899902,31111,31121,10
13.078669548,80.233543396,31121,31131,10
13.0781497955,80.2335662842,31131,31142,11
13.077460289,80.2336196899,31142,31152,10
13.0767803192,80.2337265015,31152,31162,10
13.0761995316,80.2338790894,31162,31172,10
13.0761203766,80.2338562012,31172,31182,10
13.075969696,80.233833313,31182,31192,10
13.0758800507,80.2341003418,31192,31202,10
13.0759897232,80.2346801758,31202,31212,10
13.0761404037,80.2353973389,31212,31222,10
13.0762395859,80.2358322144,31222,31232,10
13.0762996674,80.2361907959,31232,31242,10
13.076379776,80.2368087769,31242,31252,10
13.0764799118,80.2372894287,31252,31303,51
13.0764799118,80.2372894287,31303,31313,10
13.0765695572,80.2376480103,31313,31323,10
13.0766401291,80.2379684448,31323,31333,10
13.0767297745,80.2384262085,31333,31343,10
13.0768899918,80.2390899658,31343,31353,10
13.0770597458,80.2398071289,31353,31363,10
13.0771598816,80.2403488159,31363,31373,10
13.0772600174,80.240737915,31373,31383,10
13.0773801804,80.2412261963,31383,31394,11
13.0775003433,80.2418212891,31394,31404,10
13.0776500702,80.2425613403,31404,31414,10
13.0777797699,80.2433776855,31414,31424,10
13.0777997971,80.2440872192,31424,31434,10
13.0778398514,80.2448577881,31434,31444,10
13.0779304504,80.2457809448,31444,31454,10
13.0780801773,80.2467422485,31454,31464,10
13.0782604218,80.2477111816,31464,31474,10
13.0784196854,80.2485122681,31474,31484,10
13.0785598755,80.2490463257,31484,31494,10
13.0786600113,80.2495803833,31494,31504,10
13.0787000656,80.249710083,31504,31515,11
13.0787601471,80.250038147,31515,31525,10
13.0785303116,80.2505187988,31525,31535,10
13.078619957,80.2513580322,31535,31555,20
13.078619957,80.2513580322,31555,31565,10
13.078619957,80.2515563965,31565,31575,10
13.0784797668,80.2516098022,31575,31585,10
13.0781402588,80.2516937256,31585,31595,10
13.0774803162,80.2518081665,31595,31605,10
13.0767002106,80.251953125,31605,31615,10
13.075920105,80.2520980835,31615,31625,10
13.075220108,80.2521820068,31625,31636,11
13.0744800568,80.2521972656,31636,31646,10
13.0738296509,80.2523803711,31646,31656,10
13.0732698441,80.2523880005,31656,31666,10
13.0727901459,80.2523422241,31666,31676,10
13.0722198486,80.2518768311,31676,31686,10
13.0720796585,80.2510910034,31686,31696,10
13.0718202591,80.2501678467,31696,31706,10
13.0716199875,80.2493362427,31706,31716,10
13.0714702606,80.2485275269,31716,31726,10
13.0712003708,80.2477874756,31726,31736,10
13.0708198547,80.2469787598,31736,31746,10
13.0703601837,80.2460327148,31746,31755,9
13.0699396133,80.2450637817,31755,31767,12
13.0695695877,80.243927002,31767,31777,10
13.0693798065,80.2434310913,31777,31807,30
13.0693798065,80.2434310913,31807,31817,10
13.069319725,80.2432403564,31817,31827,10
13.0692501068,80.2428512573,31827,31837,10
13.0690002441,80.242477417,31837,31847,10
13.0686903,80.2425079346,31847,31857,10
13.0683097839,80.2426528931,31857,31867,10
13.0676498413,80.2428588867,31867,31883,16
13.0667200089,80.243270874,31883,31896,13
13.0662202835,80.2435073853,31896,31906,10
13.0661401749,80.2438583374,31906,31916,10
13.0661802292,80.2442779541,31916,31926,10
13.0662403107,80.244720459,31926,31936,10
13.0663003922,80.2450714111,31936,31946,10
13.0663604736,80.2455062866,31946,31955,9
13.0668096542,80.2460479736,31955,31964,9
13.067779541,80.2465133667,31964,32006,42
13.067779541,80.2465133667,32006,32017,11
13.0678195953,80.24659729,32017,32027,10
13.0678901672,80.2468032837,32027,32037,10
13.0679502487,80.2473297119,32037,32047,10
13.0678701401,80.2478179932,32047,32056,9
13.0673904419,80.2478408813,32056,32067,11
13.0665302277,80.2478179932,32067,32077,10
13.0656299591,80.2477264404,32077,32087,10
13.0646495819,80.2477035522,32087,32097,10
13.0636396408,80.2475814819,32097,32106,9
13.062959671,80.2476119995,32106,32116,10
13.0621900558,80.2476196289,32116,32127,11
13.0616798401,80.2473068237,32127,32138,11
13.06153965,80.2468185425,32138,32148,10
13.061829567,80.246307373,32148,32158,10
13.0620002747,80.2455368042,32158,32168,10
13.0625896454,80.2448883057,32168,32178,10
13.0632200241,80.2442626953,32178,32198,20
13.0632200241,80.2442626953,32198,32208,10
13.0633001328,80.2442016602,32208,32218,10
13.0634403229,80.2438735962,32218,32228,10
13.0634498596,80.2435302734,32228,32238,10
13.0632200241,80.2434768677,32238,32248,10
13.0627098083,80.2434005737,32248,32264,16
13.0619001389,80.243270874,32264,32277,13
13.0612602234,80.2431335449,32277,32287,10
13.0606603622,80.2429275513,32287,32295,8
13.059920311,80.2426528931,32295,32307,12
13.0592899323,80.2425079346,32307,32316,9
13.0587596893,80.2425765991,32316,32328,12
13.05809021,80.242767334,32328,32338,10
13.0574197769,80.2428131104,32338,32346,8
13.0568799973,80.2427825928,32346,32358,12
13.0565299988,80.2426605225,32358,32368,10
13.0560998917,80.2423782349,32368,32378,10
13.0553302765,80.2423019409,32378,32389,11
13.0544500351,80.242401123,32389,32399,10
13.0537395477,80.2422409058,32399,32418,19
13.0537395477,80.2422409058,32418,32429,11
13.0536699295,80.2421722412,32429,32439,10
13.0532798767,80.2419281006,32439,32449,10
13.0528802872,80.2418365479,32449,32489,40
13.0528802872,80.2418365479,32489,32499,10
13.0528202057,80.2417984009,32499,32509,10
13.0524997711,80.2415771484,32509,32520,11
13.0521402359,80.2410583496,32520,32530,10
13.0519199371,80.2407608032,32530,32540,10
13.0515804291,80.2406387329,32540,32550,10
13.0510101318,80.2405471802,32550,32560,10
13.050239563,80.2403869629,32560,32570,10
13.0496797562,80.240272522,32570,32580,10
13.0490398407,80.2401199341,32580,32590,10
13.0483598709,80.2400283813,32590,32600,10
13.0477199554,80.2399520874,32600,32610,10
13.0470104218,80.2398223877,32610,32620,10
13.0462999344,80.2396011353,32620,32630,10
13.0462999344,80.2391815186,32630,32641,11
13.0464897156,80.2384262085,32641,32651,10
13.0466995239,80.2375488281,32651,32661,10
13.0468597412,80.2367324829,32661,32671,10
13.0469903946,80.2361602783,32671,32681,10
13.0470695496,80.2358016968,32681,32691,10
13.04708004,80.2355575562,32691,32701,10
13.0471000671,80.2350769043,32701,32711,10
13.0471696854,80.2343063354,32711,32721,10
13.0473003387,80.2334899902,32721,32731,10
13.0473003387,80.233039856,32731,32741,10
13.0468301773,80.2329788208,32741,32751,10
13.046090126,80.2328262329,32751,32762,11
13.0451402664,80.2325897217,32762,32782,20
13.0451402664,80.2325897217,32782,32792,10
13.0450000763,80.2325820923,32792,32802,10
13.0446395874,80.232460022,32802,32812,10
13.0438299179,80.2323532104,32812,32822,10
13.0430603027,80.2322692871,32822,32832,10
13.0422897339,80.2322769165,32832,32842,10
13.0415201187,80.2321624756,32842,32851,9
13.0407896042,80.2319412231,32851,32861,10
13.0398302078,80.2316665649,32861,32872,11
13.0387401581,80.2313690186,32872,32883,11
13.0377397537,80.231048584,32883,32893,10
13.0369997025,80.2308120728,32893,32903,10
13.0368499756,80.230758667,32903,32913,10
13.0363702774,80.2305984497,32913,32923,10
13.0357198715,80.23046875,32923,32933,10
13.0352897644,80.2303771973,32933,33003,70
13.0352897644,80.2303771973,33003,33020,17
13.0348997116,80.2303009033,33020,33032,12
13.0344200134,80.2304077148,33032,33042,10
13.033949852,80.2304534912,33042,33052,10
13.0333499908,80.2304992676,33052,33072,20
13.0333499908,80.2304992676,33072,33082,10
13.0332298279,80.2304992676,33082,33092,10
13.0328197479,80.230506897,33092,33101,9
13.0321903229,80.2305831909,33101,33111,10
13.0316696167,80.2306137085,33111,33122,11
13.0310602188,80.230682373,33122,33133,11
13.0309400558,80.2306671143,33133,33143,10
13.0306797028,80.2307128906,33143,33153,10
13.0301504135,80.2307815552,33153,33163,10
13.0296401978,80.2308578491,33163,33173,10
13.0290403366,80.2309112549,33173,33183,10
13.0283603668,80.2309417725,33183,33193,10
13.0278396606,80.2310028076,33193,33203,10
13.0277099609,80.2313079834,33203,33213,10
13.0277500153,80.231842041,33213,33223,10
13.0278596878,80.2323989868,33223,33294,71
13.0278596878,80.2323989868,33294,33304,10
13.0278701782,80.2327575684,33304,33314,10
13.0275802612,80.2328720093,33314,33324,10
13.0273799896,80.2328796387,33324,33334,10
13.0271701813,80.2329177856,33334,33385,51
13.0271701813,80.2329177856,33385,33395,10
13.0267601013,80.2329711914,33395,33405,10
13.0265197754,80.2329483032,33405,33415,10
13.0263204575,80.232460022,33415,33425,10
13.0261497498,80.2316970825,33425,33435,10
13.025970459,80.2309036255,33435,33444,9
13.0255804062,80.2301330566,33444,33456,12
13.0250396729,80.2295227051,33456,33486,30
13.0250396729,80.2295227051,33486,33496,10
13.0248003006,80.2292404175,33496,33507,11
13.0246200562,80.2289886475,33507,33517,10
13.0244398117,80.2287826538,33517,33527,10
13.0239601135,80.228187561,33527,33557,30
13.0239601135,80.228187561,33557,33567,10
13.0238103867,80.2279510498,33567,33577,10
13.0234203339,80.2275619507,33577,33587,10
13.0229701996,80.2270965576,33587,33597,10
13.0223503113,80.2265777588,33597,33607,10
13.0216598511,80.226020813,33607,33617,10
13.0209703445,80.2254486084,33617,33628,11
13.0201597214,80.2249221802,33628,33638,10
13.0192804337,80.2244796753,33638,33648,10
13.0182800293,80.2247009277,33648,33658,10
13.0173597336,80.2250671387,33658,33668,10
13.0167703629,80.2253112793,33668,33678,10
13.0164499283,80.2254562378,33678,33688,10
13.0161104202,80.2256011963,33688,33698,10
13.0156202316,80.2257537842,33698,33708,10
13.0149202347,80.2260437012,33708,33724,16
13.0140800476,80.2263793945,33724,33744,20
13.0140800476,80.2263793945,33744,33756,12
13.013759613,80.2264633179,33756,33767,11
13.0131101608,80.2267227173,33767,33777,10
13.0123300552,80.2270126343,33777,33787,10
13.0114002228,80.2273788452,33787,33797,10
13.0103502274,80.2278213501,33797,33807,10
13.0093698502,80.2282791138,33807,33817,10
13.0090398788,80.229133606,33817,33827,10
13.0088195801,80.2302398682,33827,33837,10
13.0086202621,80.2313537598,33837,33847,10
13.0084104538,80.2324523926,33847,33857,10
13.0082502365,80.233581543,33857,33877,20
13.0082502365,80.233581543,33877,33888,11
13.0082302094,80.2336807251,33888,33907,19
13.0080699921,80.2343902588,33907,33919,12
13.0079402924,80.23487854,33919,33929,10
13.0079097748,80.2350387573,33929,33939,10
13.0078802109,80.2351837158,33939,33948,9
13.0078296661,80.235458374,33948,33959,11
13.0077400208,80.2360229492,33959,33969,10
13.0076198578,80.2366027832,33969,33989,20
13.0076198578,80.2366027832,33989,33999,10
13.0075502396,80.236869812,33999,34010,11
13.0074996948,80.2371368408,34010,34020,10
13.0074195862,80.2375717163,34020,34030,10
13.007349968,80.2379608154,34030,34040,10
13.0072698593,80.2385025024,34040,34211,171
13.0072698593,80.2385025024,34211,34221,10
13.0071697235,80.2389678955,34221,34231,10
13.007060051,80.2395401001,34231,34241,10
13.006939888,80.2402191162,34241,34251,10
13.0068397522,80.2407226563,34251,34262,11
13.0068101883,80.2409362793,34262,34272,10
13.0067796707,80.2410583496,34272,34282,10
13.0067396164,80.2418365479,34282,34332,50
13.0067396164,80.2418365479,34332,34342,10
13.0067396164,80.2421035767,34342,34352,10
13.0067501068,80.2424316406,34352,34362,10
13.0067396164,80.2427597046,34362,34372,10
13.0066995621,80.2430496216,34372,34383,11
13.0066900253,80.2433395386,34383,34393,10
13.006649971,80.2438964844,34393,34423,30
13.006649971,80.2438964844,34423,34433,10
13.0066204071,80.2443084717,34433,34443,10
13.0066204071,80.2444915771,34443,34453,10
13.006649971,80.2447433472,34453,34463,10
13.0066604614,80.2451019287,34463,34473,10
13.0067195892,80.2455673218,34473,34483,10
13.0067996979,80.2461013794,34483,34493,10
13.0068101883,80.246711731,34493,34504,11
13.0067501068,80.2475814819,34504,34514,10
13.0067996979,80.2484283447,34514,34524,10
13.0068798065,80.2491073608,34524,34534,10
13.0068998337,80.2495574951,34534,34544,10
13.0069103241,80.2495727539,34544,34554,10
13.0069599152,80.2497024536,34554,34564,10
13.0068998337,80.2501220703,34564,34574,10
13.0068798065,80.250831604,34574,34584,10
13.0068597794,80.2512435913,34584,34625,41
13.0068597794,80.2512435913,34625,34635,10
13.0068902969,80.251373291,34635,34645,10
13.0068101883,80.2517089844,34645,34655,10
13.0066900253,80.2522888184,34655,34665,10
13.0067501068,80.2526626587,34665,34675,10
13.0067396164,80.253112793,34675,34685,10
13.0067396164,80.2534408569,34685,34695,10
13.0067300797,80.2538223267,34695,35021,326
13.0067300797,80.2538223267,35021,35031,10
13.0067300797,80.2538986206,35031,35041,10
13.0067596436,80.2542190552,35041,35051,10
13.0066900253,80.2545700073,35051,35061,10
13.0066604614,80.2552108765,35061,35071,10
13.006649971,80.2561416626,35071,35081,10
13.0066795349,80.2568969727,35081,35121,40
13.0066795349,80.2568969727,35121,35132,11
13.0066604614,80.2572631836,35132,35142,10
13.0068397522,80.2578125,35142,35152,10
13.0072002411,80.258392334,35152,35162,10
13.0076398849,80.2587814331,35162,35172,10
13.0080795288,80.2590103149,35172,35182,10
13.0078601837,80.2592773438,35182,35192,10
13.0074100494,80.2591629028,35192,35202,10
13.0072097778,80.2586975098,35202,35212,10
13.0066404343,80.2577819824,35212,35232,20
13.0066404343,80.2577819824,35232,35242,10
13.0065803528,80.2576217651,35242,35252,10
13.0065603256,80.2572631836,35252,35263,11
13.006529808,80.2566299438,35263,35273,10
13.0065402985,80.2558822632,35273,35283,10
13.0065803528,80.255241394,35283,35293,10
13.0066099167,80.2545623779,35293,35303,10
13.0066003799,80.2537536621,35303,35313,10
13.0066404343,80.2532196045,35313,35323,10
13.0066299438,80.2532119751,35323,35333,10
13.0066003799,80.2529983521,35333,35343,10
13.0066003799,80.252532959,35343,35353,10
13.0066699982,80.2520599365,35353,35404,51
13.0066699982,80.2520599365,35404,35414,10
13.0067195892,80.251739502,35414,35424,10
13.0068101883,80.251083374,35424,35434,10
13.006819725,80.2501525879,35434,35444,10
13.0068101883,80.2491378784,35444,35454,10
13.0067396164,80.2483215332,35454,35464,10
13.0066995621,80.2478790283,35464,35474,10
13.0066795349,80.2475509644,35474,35525,51
13.0066795349,80.2475509644,35525,35535,10
13.0066900253,80.2474594116,35535,35545,10
13.0066995621,80.2472076416,35545,35555,10
13.0066404343,80.2466430664,35555,35565,10
13.0066299438,80.2464828491,35565,35575,10
13.006649971,80.2464065552,35575,35585,10
13.0066699982,80.2463378906,35585,35595,10
13.0066604614,80.2459716797,35595,35605,10
13.0066604614,80.2452774048,35605,35615,10
13.0066604614,80.2444992065,35615,35625,10
13.0066299438,80.2440032959,35625,35636,11
13.0066299438,80.2438278198,35636,35646,10
13.0066404343,80.2436599731,35646,35656,10
13.0066204071,80.2434463501,35656,35666,10
13.0066204071,80.2433319092,35666,35676,10
13.0066003799,80.2432174683,35676,35686,10
13.0065898895,80.243057251,35686,35696,10
13.0066003799,80.2428817749,35696,35706,10
13.0065603256,80.2425308228,35706,35716,10
13.0065498352,80.2423400879,35716,35732,16
13.0065603256,80.2420578003,35732,35744,12
13.0065898895,80.2418136597,35744,35752,8
13.0065898895,80.2416610718,35752,35764,12
13.0065898895,80.2414703369,35764,35805,41
13.0065898895,80.2414703369,35805,35815,10
13.0065898895,80.2414169312,35815,35825,10
13.0066204071,80.2410583496,35825,35834,9
13.0066795349,80.2405014038,35834,35844,10
13.0068302155,80.2397384644,35844,35855,11
13.007060051,80.2386322021,35855,35865,10
13.0072803497,80.2376480103,35865,35875,10
13.007399559,80.236907959,35875,35886,11
13.0074300766,80.2367401123,35886,35896,10
13.0075101852,80.2365112305,35896,35906,10
13.007610321,80.236038208,35906,35916,10
13.0077600479,80.2353134155,35916,35926,10
13.0079202652,80.2344818115,35926,35936,10
13.0081195831,80.2334671021,35936,35946,10
13.0083398819,80.2323608398,35946,35956,10
13.0085201263,80.2313537598,35956,35966,10
13.0087203979,80.2304229736,35966,35975,9
13.0088996887,80.2294998169,35975,35986,11
13.0091199875,80.2284622192,35986,35996,10
13.0094203949,80.2276763916,35996,36006,10
13.0098104477,80.2267990112,36006,36017,11
13.0102500916,80.2259063721,36017,36027,10
13.0106401443,80.2250823975,36027,36047,20
13.0106401443,80.2250823975,36047,36057,10
13.0107803345,80.224822998,36057,36067,10
13.01101017,80.2242431641,36067,36077,10
13.011349678,80.2234268188,36077,36087,10
13.0116596222,80.2226791382,36087,36097,10
13.0119400024,80.2217788696,36097,36107,10
13.0123195648,80.2214584351,36107,36117,10
13.0125598907,80.2218017578,36117,36127,10
13.0129098892,80.222328186,36127,36138,11
13.0133600235,80.2227783203,36138,36148,10
13.0137500763,80.223197937,36148,36158,10
13.0140399933,80.2234725952,36158,36168,10
13.0141401291,80.2236404419,36168,36178,10
13.0143604279,80.2239379883,36178,36188,10
13.014840126,80.2244262695,36188,36198,10
13.0151996613,80.2247924805,36198,36208,10
13.0155601501,80.2250366211,36208,36228,20
13.0155601501,80.2250366211,36228,36238,10
13.0157403946,80.2251968384,36238,36248,10
13.0159702301,80.2253036499,36248,36258,10
13.0160799026,80.2253112793,36258,36319,61
13.0160799026,80.2253112793,36319,36329,10
13.0165195465,80.2252426147,36329,36339,10
13.0168600082,80.2251205444,36339,36349,10
13.0173101425,80.2249526978,36349,36359,10
13.0176000595,80.2248306274,36359,36369,10
13.0176801682,80.2248001099,36369,36379,10
13.0177602768,80.2247695923,36379,36390,11
13.0181102753,80.2246398926,36390,36400,10
13.0183601379,80.2245330811,36400,36410,10
13.0186500549,80.2244186401,36410,36420,10
13.0187797546,80.2243728638,36420,36430,10
13.0189199448,80.224319458,36430,36440,10
13.019200325,80.2242889404,36440,36450,10
13.0194597244,80.2243118286,36450,36490,40
13.0194597244,80.2243118286,36490,36500,10
13.0196399689,80.2244567871,36500,36510,10
13.0196695328,80.2244796753,36510,36521,11
13.019780159,80.2245788574,36521,36531,10
13.0199699402,80.2246932983,36531,36541,10
13.0200004578,80.2247009277,36541,36551,10
13.0201396942,80.2248077393,36551,36561,10
13.020409584,80.2249832153,36561,36571,10
13.0206403732,80.2251434326,36571,36581,10
13.0210399628,80.2254714966,36581,36601,20
13.0210399628,80.2254714966,36601,36611,10
13.0211696625,80.2256088257,36611,36621,10
13.0213499069,80.2257995605,36621,36631,10
13.0214595795,80.2258605957,36631,36642,11
13.0216197968,80.2259368896,36642,36652,10
13.0219402313,80.2261276245,36652,36672,20
13.0219402313,80.2261276245,36672,36682,10
13.0221099854,80.2261962891,36682,36712,30
13.0221099854,80.2261962891,36712,36722,10
13.0223903656,80.2264633179,36722,36732,10
13.0226202011,80.2266464233,36732,36742,10
13.0227499008,80.226852417,36742,36752,10
13.0228900909,80.2269668579,36752,36762,10
13.0230503082,80.2271499634,36762,36823,61
13.0230503082,80.2271499634,36823,36833,10
13.0234203339,80.2274627686,36833,36843,10
13.0236997604,80.2276992798,36843,36853,10
13.0238704681,80.2278289795,36853,36863,10
13.0241498947,80.2281417847,36863,36873,10
13.0243701935,80.2284393311,36873,36883,10
13.0245103836,80.2286300659,36883,36894,11
13.0246496201,80.228843689,36894,36924,30
13.0246496201,80.228843689,36924,36934,10
13.0247898102,80.2291107178,36934,36944,10
13.0249004364,80.2292480469,36944,36954,10
13.0251998901,80.229598999,36954,36964,10
13.0255002975,80.2299728394,36964,37004,40
13.0255002975,80.2299728394,37004,37014,10
13.0256700516,80.2302017212,37014,37025,11
13.0257701874,80.2304229736,37025,37035,10
13.0258998871,80.23072052,37035,37045,10
13.0259799957,80.231010437,37045,37055,10
13.0260696411,80.2313079834,37055,37065,10
13.0265197754,80.2312393188,37065,37075,10
13.0271997452,80.231086731,37075,37085,10
13.0278196335,80.2309799194,37085,37095,10
13.0281200409,80.2309570313,37095,37105,10
13.0283403397,80.2309417725,37105,37115,10
13.0290803909,80.2308807373,37115,37196,81
13.0290803909,80.2308807373,37196,37206,10
13.0293397903,80.2308273315,37206,37256,50
13.0293397903,80.2308273315,37256,37266,10
13.029589653,80.2308425903,37266,37277,11
13.0305099487,80.2307434082,37277,37357,80
13.0305099487,80.2307434082,37357,37367,10
13.0308904648,80.2307434082,37367,37377,10
13.0312404633,80.2306976318,37377,37387,10
13.0317401886,80.2306594849,37387,37398,11
13.0325803757,80.2305908203,37398,37408,10
13.0334596634,80.2305221558,37408,37418,10
13.0341396332,80.23046875,37418,37428,10
13.0343904495,80.2304000854,37428,37448,20
13.0343904495,80.2304000854,37448,37458,10
13.0345201492,80.2303619385,37458,37468,10
13.0346403122,80.2303619385,37468,37478,10
13.0346899033,80.2303390503,37478,37488,10
13.034819603,80.2303466797,37488,37504,16
13.034910202,80.23072052,37504,37516,12
13.0348596573,80.2313690186,37516,37527,11
13.0347795486,80.2320175171,37527,37537,10
13.0346899033,80.2326965332,37537,37547,10
13.0346298218,80.2331237793,37547,37557,10
13.0345897675,80.2334899902,37557,37567,10
13.0344896317,80.2341384888,37567,37577,10
13.0343799591,80.234916687,37577,37587,10
13.0342998505,80.235710144,37587,37597,10
13.0341901779,80.2368621826,37597,37698,101
13.0341901779,80.2368621826,37698,37708,10
13.0341997147,80.2371673584,37708,37718,10
13.0344200134,80.2375564575,37718,37728,10
13.034620285,80.2378921509,37728,37738,10
13.0349197388,80.2383804321,37738,37748,10
13.0352401733,80.238899231,37748,37758,10
13.0354700089,80.2392578125,37758,37768,10
13.0357303619,80.2393188477,37768,37779,11
13.0364198685,80.239402771,37779,37789,10
13.0370798111,80.2395019531,37789,37799,10
13.0376396179,80.2395629883,37799,37809,10
13.0381498337,80.239616394,37809,37819,10
13.0383796692,80.2396392822,37819,37829,10
13.0386800766,80.2397079468,37829,37839,10
13.0391998291,80.2397918701,37839,37849,10
13.0396299362,80.2398071289,37849,37859,10
13.0402297974,80.2398986816,37859,37879,20
13.0402297974,80.2398986816,37879,37889,10
13.0404396057,80.2401199341,37889,37900,11
13.0406303406,80.2404708862,37900,37910,10
13.0410804749,80.2405319214,37910,37920,10
13.0411100388,80.2405319214,37920,37930,10
13.0413799286,80.2405776978,37930,37940,10
13.0419998169,80.2406387329,37940,37950,10
13.0428304672,80.2407684326,37950,37960,10
13.0440502167,80.2409133911,37960,38000,40
13.0440502167,80.2409133911,38000,38010,10
13.0441303253,80.2408905029,38010,38020,10
13.0442695618,80.2408218384,38020,38031,11
13.0447397232,80.2404632568,38031,38041,10
13.0452899933,80.2400817871,38041,38051,10
13.0455904007,80.2398834229,38051,38061,10
13.0459804535,80.2396621704,38061,38071,10
13.0462799072,80.2395782471,38071,38081,10
13.0464096069,80.239616394,38081,38091,10
13.0468301773,80.2397079468,38091,38101,10
13.0474500656,80.2398071289,38101,38111,10
13.0481901169,80.2399368286,38111,38121,10
13.0487098694,80.240020752,38121,38137,16
13.0494604111,80.2401580811,38137,38149,12
13.0497903824,80.2402496338,38149,38160,11
13.0503396988,80.2403717041,38160,38168,8
13.0508203506,80.2404708862,38168,38179,11
13.0508804321,80.2404937744,38179,38191,12
13.0512599945,80.240562439,38191,38200,9
13.05189991,80.2406997681,38200,38211,11
13.0525302887,80.2412261963,38211,38221,10
13.0528402328,80.2417221069,38221,38231,10
13.0536203384,80.2420730591,38231,38240,9
13.053850174,80.2421722412,38240,38250,10
13.0539302826,80.2422027588,38250,38261,11
13.0544099808,80.2423095703,38261,38271,10
13.0551700592,80.2422485352,38271,38282,11
13.0559902191,80.2423171997,38282,38292,10
13.0565700531,80.2425537109,38292,38312,20
13.0565700531,80.2425537109,38312,38322,10
13.0569601059,80.2426071167,38322,38332,10
13.0573396683,80.242767334,38332,38342,10
13.0578804016,80.2427368164,38342,38352,10
13.0584697723,80.2426300049,38352,38362,10
13.0589599609,80.2425765991,38362,38372,10
13.0592699051,80.2425308228,38372,38382,10
13.0596399307,80.2425765991,38382,38392,10
13.0600996017,80.2427368164,38392,38403,11
13.0605697632,80.2428817749,38403,38413,10
13.061050415,80.2430419922,38413,38423,10
13.0614700317,80.2431182861,38423,38433,10
13.0619096756,80.2432098389,38433,38443,10
13.0622396469,80.2432937622,38443,38453,10
13.0623197556,80.2433166504,38453,38463,10
13.0625495911,80.2433624268,38463,38473,10
13.0630598068,80.2434616089,38473,38483,10
13.0636501312,80.2435379028,38483,38493,10
13.0639600754,80.2435379028,38493,38503,10
13.0644598007,80.243598938,38503,38513,10
13.0653400421,80.2435836792,38513,38523,10
13.0659599304,80.2434997559,38523,38534,11
13.0662002563,80.2434616089,38534,38544,10
13.0664396286,80.2433624268,38544,38554,10
13.0668201447,80.2432098389,38554,38564,10
13.0672998428,80.2429962158,38564,38574,10
13.0679197311,80.2427825928,38574,38584,10
13.0686597824,80.2425613403,38584,38594,10
13.0692300797,80.2422714233,38594,38604,10
13.0694599152,80.2422027588,38604,38614,10
13.069609642,80.2421875,38614,38624,10
13.0697402954,80.2421722412,38624,38634,10
13.0698003769,80.2421798706,38634,38644,10
13.0701704025,80.2421035767,38644,38655,11
13.0708999634,80.2418518066,38655,38665,10
13.0717401505,80.2415084839,38665,38675,10
13.0723495483,80.2410964966,38675,38685,10
13.0729198456,80.2407989502,38685,38695,10
13.073559761,80.2406387329,38695,38705,10
13.0742797852,80.2405319214,38705,38715,10
13.0752096176,80.2405166626,38715,38725,10
13.0760803223,80.2405090332,38725,38735,10
13.0766601563,80.2405776978,38735,38745,10
13.0768098831,80.2406082153,38745,38755,10
13.0770101547,80.2406082153,38755,38765,10
13.0771303177,80.2404098511,38765,38776,11
13.0770597458,80.2400131226,38776,38786,10
13.0768604279,80.2393722534,38786,38796,10
13.0766801834,80.2386627197,38796,38806,10
13.0765800476,80.2382888794,38806,38816,10
13.0765199661,80.2380065918,38816,38826,10
13.0764503479,80.2376022339,38826,38836,10
13.0763702393,80.237197876,38836,38866,30
13.0763702393,80.237197876,38866,38876,10
13.0763597488,80.2369232178,38876,38886,10
13.076259613,80.2363586426,38886,38896,10
13.0761604309,80.2356872559,38896,38907,11
13.075969696,80.2348327637,38907,38917,10
13.0757703781,80.2340621948,38917,38927,10
13.0762395859,80.233757019,38927,38937,10
13.0765199661,80.2337265015,38937,38947,10
13.0768299103,80.2337112427,38947,38957,10
13.0774097443,80.2336196899,38957,38967,10
13.0778799057,80.233581543,38967,38977,10
13.0783901215,80.2335510254,38977,38987,10
13.0789403915,80.2335205078,38987,38997,10
13.0796003342,80.2335281372,38997,39007,10
13.0800895691,80.2334976196,39007,39017,10
13.0802602768,80.2335128784,39017,39028,11
13.0804796219,80.2335281372,39028,39038,10
13.0810403824,80.2335205078,39038,39048,10
13.0816698074,80.233543396,39048,39058,10
13.0819597244,80.2333374023,39058,39068,10
13.0820703506,80.2326889038,39068,39078,10
13.0823001862,80.2319793701,39078,39088,10
13.0826196671,80.2312088013,39088,39098,10
13.0828895569,80.2306671143,39098,39108,10
13.0831403732,80.2308731079,39108,39118,10
13.0831699371,80.2315826416,39118,39128,10
13.0832195282,80.2323684692,39128,39138,10
13.0833797455,80.2329711914,39138,39148,10
13.0834798813,80.2335586548,39148,39159,11
13.0838603973,80.2338790894,39159,39169,10
13.0839395523,80.2339096069,39169,39179,10
13.0841197968,80.2339630127,39179,39189,10
13.0846300125,80.2340774536,39189,39199,10
13.0852603912,80.2341995239,39199,39209,10
13.0859603882,80.234413147,39209,39219,10
13.0866003036,80.2345275879,39219,39229,10
13.0874099731,80.2345809937,39229,39239,10
13.0879497528,80.234046936,39239,39249,10
13.0880804062,80.2330932617,39249,39259,10
13.0883197784,80.2320632935,39259,39269,10
13.08852005,80.2313690186,39269,39280,11
13.088760376,80.2307662964,39280,39290,10
13.0888299942,80.2305984497,39290,39300,10
13.0888299942,80.2305603027,39300,39310,10
13.0889902115,80.2302474976,39310,39320,10
13.08934021,80.229598999,39320,39330,10
13.0899400711,80.2288894653,39330,39340,10
13.0906200409,80.2281723022,39340,39350,10
13.0911798477,80.2275695801,39350,39359,9
13.0914096832,80.2272872925,39359,39370,11
13.0914497375,80.2272567749,39370,39379,9
13.0916500092,80.2270584106,39379,39390,11
13.0921401978,80.2265396118,39390,39400,10
13.0927400589,80.2259597778,39400,39411,11
13.0933599472,80.2253112793,39411,39421,10
13.0938301086,80.2247390747,39421,39431,10
13.094420433,80.2240066528,39431,39441,10
13.0949802399,80.2231826782,39441,39451,10
13.0952301025,80.2225494385,39451,39461,10
13.0952701569,80.2224273682,39461,39471,10
13.0954198837,80.2220687866,39471,39481,10
13.0956602097,80.2213973999,39481,39491,10
13.0959701538,80.2205429077,39491,39501,10
13.0961999893,80.219833374,39501,39511,10
13.0963697433,80.2193069458,39511,39521,10
13.0965003967,80.2190093994,39521,39532,11
13.0966501236,80.2185668945,39532,39542,10
13.0968904495,80.2178421021,39542,39552,10
13.0971403122,80.2171020508,39552,39562,10
13.0972204208,80.2169036865,39562,39572,10
13.0972499847,80.2167816162,39572,39582,10
13.0974197388,80.2163925171,39582,39592,10
13.0977201462,80.2156982422,39592,39602,10
13.0980501175,80.2149505615,39602,39612,10
13.0983200073,80.214302063,39612,39653,41
13.0983200073,80.214302063,39653,39663,10
13.098400116,80.2141494751,39663,39673,10
13.0987701416,80.2140426636,39673,39683,10
13.0991096497,80.2142028809,39683,39693,10
13.0994796753,80.2142868042,39693,39703,10
13.1002101898,80.2145004272,39703,39723,20
13.1002101898,80.2145004272,39723,39733,10
13.1005401611,80.2146224976,39733,39834,101
13.1005401611,80.2146224976,39834,39844,10
13.1005496979,80.2148284912,39844,39854,10
13.1003198624,80.21534729,39854,39864,10
13.100060463,80.2159729004,39864,39874,10
13.0998802185,80.2159423828,39874,39884,10
13.1000204086,80.2155914307,39884,39894,10
13.1001796722,80.2152404785,39894,39905,11
13.1002101898,80.2149124146,39905,40701,796
13.1002101898,80.2149124146,40701,40711,10
13.1002502441,80.2147827148,40711,40721,10
13.1002397537,80.2146224976,40721,40731,10
13.100110054,80.2145004272,40731,40741,10
13.0999403,80.2144699097,40741,40751,10
13.0995597839,80.2143630981,40751,40761,10
13.0985498428,80.2140426636,40761,40782,21
13.0985498428,80.2140426636,40782,40792,10
13.098400116,80.2141876221,40792,40802,10
13.0982103348,80.2146835327,40802,40812,10
13.0979404449,80.2153091431,40812,40822,10
13.0976200104,80.2160110474,40822,40832,10
13.0973701477,80.2166519165,40832,40842,10
13.0973300934,80.2167663574,40842,40852,10
13.0972299576,80.2170181274,40852,40862,10
13.0970001221,80.217628479,40862,40872,10
13.0967502594,80.2183990479,40872,40882,10
13.0965099335,80.2191314697,40882,40892,10
13.0962200165,80.2199172974,40892,40902,10
13.0959396362,80.2207565308,40902,40913,11
13.0956802368,80.2215576172,40913,40923,10
13.0954198837,80.2222824097,40923,40933,10
13.0953502655,80.2224578857,40933,40943,10
13.0952301025,80.2227325439,40943,40953,10
13.0949602127,80.2232971191,40953,40963,10
13.0944795609,80.224029541,40963,40973,10
13.0939302444,80.2247619629,40973,40983,10
13.0936603546,80.2250671387,40983,40993,10
13.093580246,80.2251586914,40993,41003,10
13.0932397842,80.2254714966,41003,41013,10
13.0926799774,80.2260284424,41013,41023,10
13.0920600891,80.2266693115,41023,41034,11
13.0914001465,80.2273788452,41034,41044,10
13.091170311,80.2276611328,41044,41054,10
13.0910196304,80.2278289795,41054,41064,10
13.0906496048,80.2282180786,41064,41074,10
13.0901098251,80.2288131714,41074,41084,10
13.0895204544,80.2295074463,41084,41094,10
13.0891895294,80.2301025391,41094,41104,10
13.0890703201,80.2303924561,41104,41114,10
13.0888595581,80.2308731079,41114,41124,10
13.0888299942,80.2309265137,41124,41134,10
13.0887002945,80.2312088013,41134,41144,10
13.0884599686,80.2318115234,41144,41154,10
13.0882396698,80.2326278687,41154,41165,11
13.0880498886,80.2336807251,41165,41175,10
13.0879001617,80.2344207764,41175,41191,16
13.0867004395,80.2345504761,41191,41203,12
13.0861597061,80.2344512939,41203,41213,10
13.0856304169,80.2343292236,41213,41223,10
13.0851202011,80.2342300415,41223,41233,10
13.0845603943,80.2341003418,41233,41243,10
13.0837898254,80.2339172363,41243,41262,19
13.0837898254,80.2339172363,41262,41272,10
13.0835695267,80.2339172363,41272,41284,12
13.0830898285,80.233833313,41284,41294,10
13.0823602676,80.2337112427,41294,41314,20
13.0823602676,80.2337112427,41314,41324,10
13.0816001892,80.2335205078,41324,41334,10
13.0816001892,80.2335205078,41334,41344,10
13.0808601379,80.2335205078,41344,41354,10
13.0804195404,80.2335510254,41354,41364,10
13.0802602768,80.2335281372,41364,41374,10
13.0798101425,80.233543396,41374,41384,10
13.0795497894,80.2335128784,41384,41395,11
13.0794000626,80.2335128784,41395,41406,11
13.0788698196,80.233543396,41406,41416,10
13.0783100128,80.2335586548,41416,41428,12
13.077630043,80.2336196899,41428,41438,10
13.0768699646,80.2337265015,41438,41448,10
13.0761003494,80.2338180542,41448,41468,20
13.0761003494,80.2338180542,41468,41478,10
13.075799942,80.2340164185,41478,41488,10
13.0759096146,80.2344512939,41488,41498,10
13.0760602951,80.2351989746,41498,41508,10
13.0762500763,80.2360534668,41508,41518,10
13.0763597488,80.2366104126,41518,41528,10
13.0764503479,80.2370223999,41528,41549,21
13.0764503479,80.2370223999,41549,41559,10
13.0764503479,80.2372436523,41559,41579,20
13.0764503479,80.2372436523,41579,41589,10
13.07654953,80.2375335693,41589,41599,10
13.0766601563,80.2380599976,41599,41609,10
13.0767602921,80.2386398315,41609,41619,10
13.0768699646,80.2390213013,41619,41629,10
13.07695961,80.2393112183,41629,41638,9
13.0770797729,80.2398986816,41638,41649,11
13.0773000717,80.2407836914,41649,41660,11
13.0773801804,80.2413406372,41660,41670,10
13.0775299072,80.2419586182,41670,41680,10
13.0776796341,80.2427597046,41680,41690,10
13.0778198242,80.243637085,41690,41700,10
13.0777997971,80.2444000244,41700,41710,10
13.0778999329,80.2450790405,41710,41720,10
13.0779304504,80.2458496094,41720,41730,10
13.0779695511,80.2466201782,41730,41740,10
13.0781497955,80.2475204468,41740,41750,10
13.0783500671,80.2484207153,41750,41760,10
13.0785703659,80.2491912842,41760,41770,10
13.0787000656,80.2499923706,41770,41781,11
13.0784797668,80.2508392334,41781,41791,10
13.0785503387,80.2514877319,41791,41801,10
13.0782499313,80.251663208,41801,41811,10
13.0776395798,80.2517776489,41811,41821,10
13.076789856,80.2519683838,41821,41831,10
13.075920105,80.2521286011,41831,41841,10
13.0751304626,80.2521896362,41841,41851,10
13.0743703842,80.2522125244,41851,41861,10
13.0737400055,80.2524032593,41861,41871,10
13.0729799271,80.2523498535,41871,41881,10
13.0723104477,80.2521896362,41881,41891,10
13.0720996857,80.2515029907,41891,41901,10
13.0719203949,80.2508010864,41901,41912,11
13.0717000961,80.25,41912,41922,10
13.071559906,80.2496337891,41922,41932,10
13.0715198517,80.24949646,41932,41942,10
13.0714902878,80.2493362427,41942,41952,10
13.0714302063,80.248878479,41952,41962,10
13.0712299347,80.2480697632,41962,41972,10
13.0709104538,80.2472229004,41972,41982,10
13.0704698563,80.2462921143,41982,41992,10
13.070019722,80.2452774048,41992,42002,10
13.0696401596,80.2443237305,42002,42012,10
13.0692796707,80.243309021,42012,42033,21
13.0692796707,80.243309021,42033,42043,10
13.069270134,80.2431335449,42043,42053,10
13.0691995621,80.2426681519,42053,42063,10
13.0686302185,80.2425537109,42063,42073,10
13.0678100586,80.2427978516,42073,42083,10
13.0670900345,80.2431030273,42083,42093,10
13.0664596558,80.2433624268,42093,42103,10
13.0661697388,80.2436981201,42103,42119,16
13.0661697388,80.2443237305,42119,42131,12
13.0662202835,80.244720459,42131,42139,8
13.0662698746,80.2450027466,42139,42151,12
13.0664196014,80.2454986572,42151,42161,10
13.0668897629,80.2460327148,42161,42172,11
13.0678300858,80.2465820313,42172,42192,20
13.0678300858,80.2465820313,42192,42202,10
13.0678396225,80.2466583252,42202,42212,10
13.0678901672,80.2471389771,42212,42222,10
13.0677995682,80.2478027344,42222,42232,10
13.0672702789,80.2478179932,42232,42242,10
13.066619873,80.247756958,42242,42254,12
13.0657501221,80.2478027344,42254,42263,9
13.0647201538,80.2477416992,42263,42272,9
13.0639400482,80.2476806641,42272,42283,11
13.063249588,80.2476425171,42283,42294,11
13.0626001358,80.2476272583,42294,42304,10
13.0619602203,80.2476425171,42304,42314,10
13.0614299774,80.2472381592,42314,42324,10
13.0614204407,80.2469177246,42324,42334,10
13.0617198944,80.2466506958,42334,42344,10
13.0619497299,80.2460632324,42344,42354,10
13.0621700287,80.2453231812,42354,42364,10
13.0627202988,80.2449188232,42364,42374,10
13.0631399155,80.244430542,42374,42384,10
13.0632095337,80.2443008423,42384,42394,10
13.0632696152,80.2442016602,42394,42404,10
13.06346035,80.2438278198,42404,42415,11
13.0631399155,80.2435302734,42415,42425,10
13.0625495911,80.2433776855,42425,42435,10
13.0620002747,80.2432479858,42435,42445,10
13.06153965,80.2432022095,42445,42455,10
13.0614700317,80.2431411743,42455,42465,10
13.0611600876,80.2430267334,42465,42481,16
13.060379982,80.2428207397,42481,42493,12
13.0596599579,80.2426376343,42493,42501,8
13.0593004227,80.2425537109,42501,42513,12
13.0588903427,80.2426071167,42513,42533,20
13.0588903427,80.2426071167,42533,42544,11
13.0583400726,80.24269104,42544,42554,10
13.0577898026,80.242767334,42554,42564,10
13.0572004318,80.2428207397,42564,42573,9
13.0571403503,80.2428207397,42573,42584,11
13.0567998886,80.2427368164,42584,42594,10
13.0562601089,80.2425231934,42594,42604,10
13.0556697845,80.2422332764,42604,42614,10
13.0550098419,80.2423400879,42614,42623,9
13.0547304153,80.242401123,42623,42633,10
13.0546998978,80.242401123,42633,42644,11
13.0543899536,80.2423629761,42644,42654,10
13.0537395477,80.2422180176,42654,42705,51
13.0537395477,80.2422180176,42705,42715,10
13.0534200668,80.2420425415,42715,42725,10
13.0529603958,80.2418899536,42725,42735,10
13.0524597168,80.2415390015,42735,42745,10
13.0521802902,80.2410964966,42745,42755,10
13.0519895554,80.2408218384,42755,42765,10
13.0519800186,80.2408065796,42765,42775,10
13.0516500473,80.2406768799,42775,42785,10
13.0509901047,80.240562439,42785,42806,21
13.0509901047,80.240562439,42806,42816,10
13.0506401062,80.2404785156,42816,42826,10
13.0500802994,80.2403793335,42826,42836,10
13.0496397018,80.2402191162,42836,42846,10
13.0491504669,80.2400970459,42846,42856,10
13.0486803055,80.2400131226,42856,42866,10
13.0480804443,80.2399215698,42866,42876,10
13.0474395752,80.2398300171,42876,42886,10
13.0470104218,80.2397384644,42886,42896,10
13.0468797684,80.2397003174,42896,42906,10
13.0465898514,80.239616394,42906,42917,11
13.0462903976,80.2394180298,42917,42927,10
13.046500206,80.2388000488,42927,42937,10
13.0466604233,80.2380981445,42937,42947,10
13.0467996597,80.2373886108,42947,42957,10
13.046959877,80.2366027832,42957,42967,10
13.0470399857,80.2361602783,42967,42977,10
13.0471000671,80.2358322144,42977,42987,10
13.0471000671,80.2358169556,42987,42997,10
13.0471401215,80.2352981567,42997,43005,8
13.0472202301,80.2346572876,43005,43017,12
13.0473804474,80.233581543,43017,43027,10
13.0474596024,80.2331237793,43027,43037,10
13.0472202301,80.2330169678,43037,43048,11
13.0466804504,80.2329177856,43048,43058,10
13.0457897186,80.2327270508,43058,43068,10
13.0453395844,80.2325897217,43068,43088,20
13.0453395844,80.2325897217,43088,43098,10
13.0450496674,80.2325592041,43098,43108,10
13.0444202423,80.2324676514,43108,43118,10
13.0436697006,80.2323608398,43118,43128,10
13.0430498123,80.2322998047,43128,43138,10
13.0423202515,80.2322998047,43138,43148,10
13.0415296555,80.2321777344,43148,43158,10
13.0406398773,80.231918335,43158,43169,11
13.0396099091,80.2315979004,43169,43179,10
13.0386199951,80.2313613892,43179,43189,10
13.0376701355,80.2310180664,43189,43199,10
13.0369796753,80.230796814,43199,43209,10
13.0368404388,80.2307510376,43209,43219,10
13.0364103317,80.2305984497,43219,43229,10
13.0358800888,80.2304534912,43229,43239,10
13.0357103348,80.2304382324,43239,43249,10
13.0354003906,80.2303466797,43249,43259,10
13.0350399017,80.2303237915,43259,43269,10
13.0344104767,80.2304229736,43269,43279,10
13.0340099335,80.2304611206,43279,43289,10
13.0335798264,80.23046875,43289,43310,21
13.0335798264,80.23046875,43310,43320,10
13.0331697464,80.230506897,43320,43330,10
13.0323696136,80.2305831909,43330,43400,70
13.0323696136,80.2305831909,43400,43410,10
13.0319004059,80.2305908203,43410,43421,11
13.0316200256,80.2306289673,43421,43431,10
13.0316095352,80.2306289673,43431,43441,10
13.0312004089,80.2306289673,43441,43511,70
13.0312004089,80.2306289673,43511,43521,10
13.0307397842,80.2307281494,43521,43531,10
13.0302600861,80.2307434082,43531,43542,11
13.0298404694,80.230796814,43542,43552,10
13.0298204422,80.230796814,43552,43562,10
13.0297203064,80.2308425903,43562,43572,10
13.0292901993,80.2308807373,43572,43582,10
13.0285997391,80.2309188843,43582,43592,10
13.0278997421,80.23097229,43592,43602,10
13.0276203156,80.2311630249,43602,43612,10
13.027680397,80.2317581177,43612,43622,10
13.0277900696,80.2324905396,43622,43632,10
13.0270204544,80.2329177856,43632,43701,69
13.0270204544,80.2329177856,43701,43711,10
13.0267801285,80.233001709,43711,43721,10
13.0264196396,80.2327423096,43721,43731,10
13.0261802673,80.2320098877,43731,43741,10
13.0260000229,80.2311935425,43741,43751,10
13.0255403519,80.2301635742,43751,43761,10
13.024939537,80.2293930054,43761,43771,10
13.0244903564,80.2288513184,43771,43781,10
13.0240402222,80.2283630371,43781,43802,21
13.0240402222,80.2283630371,43802,43812,10
13.0239400864,80.2281570435,43812,43822,10
13.0237197876,80.2279434204,43822,43832,10
13.0234203339,80.2276306152,43832,43842,10
13.0230703354,80.2273025513,43842,43852,10
13.0224704742,80.2267532349,43852,43862,10
13.0216798782,80.2260818481,43862,43872,10
13.0208797455,80.2254180908,43872,43882,10
13.0200395584,80.2248306274,43882,43892,10
13.0190200806,80.2244567871,43892,43902,10
13.0179395676,80.2248077393,43902,43912,10
13.0169496536,80.2252197266,43912,43922,10
13.0163297653,80.225479126,43922,43933,11
13.0156097412,80.2257385254,43933,43943,10
13.0149097443,80.2260437012,43943,43953,10
13.0143404007,80.2262573242,43953,43963,10
13.0142402649,80.2263031006,43963,43973,10
13.014169693,80.2263183594,43973,43989,16
13.0134296417,80.226600647,43989,44001,12
13.0125198364,80.2269515991,44001,44009,8
13.0117797852,80.2272415161,44009,44021,12
13.0105495453,80.2277374268,44021,44031,10
13.0096197128,80.2281112671,44031,44041,10
13.0090398788,80.2288208008,44041,44052,11
13.0088195801,80.2299804688,44052,44061,9
13.0086297989,80.2309188843,44061,44072,11
13.0084199905,80.2320785522,44072,44082,10
13.0082902908,80.2329483032,44082,44091,9
13.0082397461,80.2335205078,44091,44102,11
13.0082197189,80.233581543,44102,44112,10
13.0081396103,80.2336807251,44112,44122,10
13.0080499649,80.2340164185,44122,44132,10
13.0080003738,80.2344207764,44132,44142,10
13.0078802109,80.2349395752,44142,44152,10
13.0077600479,80.235496521,44152,44163,11
13.0076398849,80.2362213135,44163,44173,10
13.0075397491,80.2368927002,44173,44184,11
13.0073795319,80.2375564575,44184,44194,10
13.0073099136,80.2379226685,44194,44204,10
13.0072498322,80.23828125,44204,44214,10
13.0071601868,80.2387313843,44214,44224,10
13.007060051,80.2390365601,44224,44234,10
13.0069799423,80.2394714355,44234,44244,10
13.006939888,80.2397384644,44244,44254,10
13.0068798065,80.2399520874,44254,44274,20
13.0068798065,80.2399520874,44274,44284,10
13.0068902969,80.2400436401,44284,44294,10
13.0068397522,80.2405090332,44294,44310,16
13.0067596436,80.2408905029,44310,44323,13
13.0066699982,80.2415390015,44323,44333,10
13.0066995621,80.2422866821,44333,44353,20
13.0066995621,80.2422866821,44353,44363,10
13.0066900253,80.2424697876,44363,44372,9
13.0066900253,80.2425308228,44372,44383,11
13.0066995621,80.2428436279,44383,44403,20
13.0066995621,80.2428436279,44403,44413,10
13.0066900253,80.2431411743,44413,44464,51
13.0066900253,80.2431411743,44464,44474,10
13.0066699982,80.2436218262,44474,44484,10
13.0066003799,80.2438964844,44484,44494,10
13.0065498352,80.2443084717,44494,44504,10
13.0065402985,80.2446975708,44504,44514,10
13.0065603256,80.2451705933,44514,44524,10
13.0066404343,80.2458114624,44524,44534,10
13.0067195892,80.2464675903,44534,44544,10
13.0067596436,80.2472763062,44544,44555,11
13.0067195892,80.2482299805,44555,44565,10
13.006770134,80.2490310669,44565,44575,10
13.0068101883,80.2495269775,44575,44585,10
13.006819725,80.2495803833,44585,44595,10
13.0067996979,80.249961853,44595,44605,10
13.006770134,80.2507705688,44605,44645,40
13.006770134,80.2507705688,44645,44655,10
13.0067501068,80.2509765625,44655,44665,10
13.0067100525,80.251411438,44665,44675,10
13.0066099167,80.2519226074,44675,44686,11
13.0065002441,80.2526168823,44686,44696,10
13.0065002441,80.2534408569,44696,44706,10
13.0065803528,80.2548828125,44706,44726,20
13.0065803528,80.2548828125,44726,44736,10
13.0065097809,80.255241394,44736,44746,10
13.0065097809,80.2559509277,44746,44756,10
13.0065097809,80.2569274902,44756,44796,40
13.0065097809,80.2569274902,44796,44806,10
13.0066099167,80.2571182251,44806,44817,11
13.0065898895,80.2574768066,44817,44827,10
13.0061903,80.2574996948,44827,44837,10
13.0057201385,80.2573776245,44837,44847,10
13.0048799515,80.2572097778,44847,44887,40
13.0048799515,80.2572097778,44887,44897,10
13.0045404434,80.2572097778,44897,44907,10
13.0043201447,80.2571563721,44907,44917,10
13.0043001175,80.2571487427,44917,44927,10
13.004070282,80.2570419312,44927,44968,41
13.004070282,80.2570419312,44968,44978,10
13.0039701462,80.2570114136,44978,44998,20
13.0039701462,80.2570114136,44998,45008,10
13.0039396286,80.2570114136,45008,45018,10
13.0036802292,80.256980896,45018,45028,10
13.0035600662,80.256942749,45028,45038,10
13.0033798218,80.2568817139,45038,45048,10
13.0031003952,80.2568206787,45048,45059,11
13.0027503967,80.2567596436,45059,45129,70
13.0027503967,80.2567596436,45129,45139,10
13.0024003983,80.256690979,45139,45149,10
13.001999855,80.2566223145,45149,45159,10
13.0015802383,80.2565612793,45159,45169,10
13.0008001328,80.2564620972,45169,45179,10
13.0002202988,80.256362915,45179,45190,11
13.0001001358,80.2563323975,45190,45200,10
12.9995298386,80.2562179565,45200,45220,20
12.9995298386,80.2562179565,45220,45230,10
12.9994096756,80.2562026978,45230,45240,10
12.9988899231,80.2561035156,45240,45250,10
12.9982995987,80.2560195923,45250,45260,10
12.9982099533,80.2560119629,45260,45270,10
12.9980401993,80.2559890747,45270,45280,10
12.9975795746,80.2559585571,45280,45290,10
12.9972496033,80.2559280396,45290,45300,10
12.9969701767,80.256111145,45300,45311,11
12.9968204498,80.2566375732,45311,45321,10
12.9967899323,80.2567825317,45321,45331,10
12.9967699051,80.2570495605,45331,45341,10
12.9967002869,80.2576828003,45341,45351,10
12.9965896606,80.2584915161,45351,45361,10
12.9964599609,80.2592697144,45361,45371,10
12.9963798523,80.259803772,45371,45381,10
12.9963302612,80.2604370117,45381,45391,10
12.9962902069,80.2611465454,45391,45401,10
12.9961900711,80.2617416382,45401,45411,10
12.9961395264,80.2621231079,45411,45421,10
12.9961395264,80.2622375488,45421,45431,10
12.9960899353,80.2624893188,45431,45442,11
12.9959602356,80.2631607056,45442,45452,10
12.995929718,80.2640075684,45452,45462,10
12.9958400726,80.2649230957,45462,45472,10
12.9957504272,80.2659606934,45472,45482,10
12.9956703186,80.2668762207,45482,45492,10
12.9956502914,80.2675323486,45492,45502,10
12.9959497452,80.2676773071,45502,45512,10
12.9961395264,80.2677078247,45512,45522,10
12.996219635,80.2677230835,45522,45532,10
12.9966497421,80.2677612305,45532,45542,10
12.9973697662,80.267578125,45542,45552,10
12.9981002808,80.2674102783,45552,45563,11
12.9987802505,80.2672119141,45563,45573,10
12.999540329,80.2669830322,45573,45583,10
13.0000495911,80.2666397095,45583,45592,9
13.0001001358,80.2665710449,45592,45603,11
13.0001802444,80.2663803101,45603,45613,10
13.0002298355,80.2658615112,45613,45623,10
13.0003099442,80.2658233643,45623,45633,10
13.0002698898,80.2663497925,45633,45794,161
13.0002698898,80.2663497925,45794,45804,10
13.0003595352,80.2666397095,45804,45814,10
13.0001497269,80.2668991089,45814,45825,11
12.9994602203,80.2670822144,45825,45835,10
12.9986801147,80.2672729492,45835,45845,10
12.998000145,80.2674713135,45845,45855,10
12.9972496033,80.2676925659,45855,45865,10
12.996509552,80.2677764893,45865,45875,10
12.9960403442,80.2677001953,45875,45885,10
12.9957103729,80.2673416138,45885,45905,20
12.9957103729,80.2673416138,45905,45915,10
12.9957304001,80.2671737671,45915,45925,10
12.9957704544,80.2666015625,45925,45935,10
12.9958600998,80.2657699585,45935,45946,11
12.9959602356,80.2649230957,45946,45956,10
12.9960603714,80.2640304565,45956,45966,10
12.9961395264,80.263168335,45966,45976,10
12.9961996078,80.2626495361,45976,45986,10
12.9962100983,80.2626419067,45986,45996,10
12.9962396622,80.2625732422,45996,46006,10
12.9962596893,80.2622375488,46006,46016,10
12.9963302612,80.2619171143,46016,46026,10
12.9963703156,80.2616271973,46026,46036,10
12.9964399338,80.2610015869,46036,46046,10
12.9964799881,80.2608413696,46046,46056,10
12.9964799881,80.2606430054,46056,46066,10
12.9965295792,80.2602005005,46066,46077,11
12.9965600967,80.2595672607,46077,46087,10
12.9965600967,80.2593765259,46087,46097,10
12.9965896606,80.2590408325,46097,46107,10
12.9966602325,80.2584075928,46107,46117,10
12.996720314,80.2577590942,46117,46127,10
12.9968299866,80.2570571899,46127,46137,10
12.9968700409,80.2565917969,46137,46147,10
12.9968700409,80.2562179565,46147,46218,71
12.9968700409,80.2562179565,46218,46228,10
12.9968795776,80.2562026978,46228,46238,10
12.9969701767,80.255897522,46238,46248,10
12.9973897934,80.255859375,46248,46258,10
12.9980602264,80.2559204102,46258,46268,10
12.9987297058,80.2560119629,46268,46298,30
12.9987297058,80.2560119629,46298,46308,10
12.9990797043,80.2560424805,46308,46318,10
12.999420166,80.2561035156,46318,46329,11
12.9999599457,80.2562408447,46329,46339,10
13.0005197525,80.2563476563,46339,46349,10
13.0008201599,80.2564163208,46349,46359,10
13.0011100769,80.256477356,46359,46369,10
13.0012998581,80.2565231323,46369,46379,10
13.0016899109,80.2565689087,46379,46389,10
13.0022001266,80.2566223145,46389,46399,10
13.0026102066,80.2567062378,46399,46409,10
13.0030403137,80.2567825317,46409,46419,10
13.0035400391,80.2568664551,46419,46429,10
13.0041303635,80.257019043,46429,46439,10
13.0045204163,80.2570877075,46439,46449,10
13.0045795441,80.2571182251,46449,46460,11
13.0050201416,80.2572174072,46460,46470,10
13.0057401657,80.2573013306,46470,46480,10
13.0064001083,80.2573623657,46480,46490,10
13.0065097809,80.2570800781,46490,46500,10
13.0065202713,80.2567977905,46500,46510,10
13.0064897537,80.2561416626,46510,46520,10
13.006529808,80.2553100586,46520,46530,10
13.0065498352,80.254447937,46530,46540,10
13.0065803528,80.2538528442,46540,46550,10
13.0066204071,80.253326416,46550,46560,10
13.0066003799,80.2532196045,46560,46570,10
13.0065803528,80.2530822754,46570,46581,11
13.0065898895,80.2526397705,46581,46651,70
13.0065898895,80.2526397705,46651,46661,10
13.0065898895,80.2523269653,46661,46671,10
13.0066995621,80.2516708374,46671,46681,10
13.0067901611,80.250831604,46681,46691,10
13.0068101883,80.2501831055,46691,46701,10
13.0068397522,80.24949646,46701,46712,11
13.0067796707,80.2486801147,46712,46722,10
13.0067195892,80.2478866577,46722,46732,10
13.0067396164,80.2471008301,46732,46742,10
13.0066404343,80.2465591431,46742,46762,20
13.0066404343,80.2465591431,46762,46772,10
13.0066795349,80.2462310791,46772,46782,10
13.0066604614,80.2456207275,46782,46792,10
13.0066404343,80.2450714111,46792,46802,10
13.0066204071,80.2448120117,46802,46812,10
13.0066003799,80.2444763184,46812,46822,10
13.0065898895,80.2440185547,46822,46833,11
13.0065898895,80.2436599731,46833,46843,10
13.0066099167,80.2432785034,46843,46853,10
13.0066003799,80.2425613403,46853,46863,10
13.0065698624,80.2417526245,46863,46873,10
13.0065803528,80.2415466309,46873,46883,10
13.0066099167,80.2413406372,46883,46893,10
13.006649971,80.2409210205,46893,46903,10
13.006649971,80.2408370972,46903,46913,10
13.0066795349,80.2406234741,46913,46923,10
13.0067396164,80.2402191162,46923,46933,10
13.0068397522,80.2396011353,46933,46943,10
13.0070104599,80.238861084,46943,46954,11
13.0072202682,80.2378616333,46954,46964,10
13.0073699951,80.2371673584,46964,46994,30
13.0073699951,80.2371673584,46994,47004,10
13.0074300766,80.2368087769,47004,47014,10
13.0075798035,80.2362594604,47014,47024,10
13.0076799393,80.2356567383,47024,47034,10
13.0077800751,80.2351379395,47034,47044,10
13.0079202652,80.2344512939,47044,47054,10
13.0081195831,80.2335205078,47054,47064,10
13.0083599091,80.2323913574,47064,47074,10
13.0085601807,80.231338501,47074,47085,11
13.0088195801,80.2298736572,47085,47095,10
13.009059906,80.2286987305,47095,47105,10
13.0093898773,80.2276916504,47105,47115,10
13.0098600388,80.2266616821,47115,47125,10
13.0102996826,80.2257080078,47125,47135,10
13.0106601715,80.2249984741,47135,47145,10
13.0108699799,80.2245330811,47145,47155,10
13.0110902786,80.2239379883,47155,47165,10
13.0112600327,80.223487854,47165,47175,10
13.0115299225,80.2228164673,47175,47185,10
13.0118103027,80.2219924927,47185,47195,10
13.0120601654,80.2214584351,47195,47205,10
13.0123195648,80.2214889526,47205,47216,11
13.0126800537,80.2219924927,47216,47226,10
13.0131397247,80.2225418091,47226,47236,10
13.0136404037,80.2231063843,47236,47246,10
13.0141096115,80.2236633301,47246,47256,10
13.0145797729,80.224281311,47256,47266,10
13.0149497986,80.2246017456,47266,47282,16
13.0151596069,80.2248382568,47282,47294,12
13.0156497955,80.2251663208,47294,47304,10
13.0157403946,80.2252120972,47304,47314,10
13.0163402557,80.2253112793,47314,47324,10
13.0171403885,80.2250595093,47324,47334,10
13.0180597305,80.2246780396,47334,47345,11
13.0190095901,80.2243499756,47345,47353,8
13.0195198059,80.2244033813,47353,47363,10
13.0198802948,80.2246398926,47363,47374,11
13.0204000473,80.2250213623,47374,47385,11
13.0209703445,80.2254562378,47385,47395,10
13.0214500427,80.2258605957,47395,47405,10
13.0218801498,80.2261199951,47405,47425,20
13.0218801498,80.2261199951,47425,47435,10
13.0220603943,80.2262802124,47435,47445,10
13.0225095749,80.2266921997,47445,47455,10
13.0231103897,80.2272491455,47455,47466,11
13.0238199234,80.2279129028,47466,47476,10
13.0242300034,80.2282791138,47476,47486,10
13.0243997574,80.2285690308,47486,47496,10
13.0247097015,80.229057312,47496,47506,10
13.0251998901,80.2296676636,47506,47516,10
13.0256996155,80.2304000854,47516,47526,10
13.0259599686,80.231010437,47526,47536,10
13.02602005,80.2313079834,47536,47545,9
13.0263004303,80.231262207,47545,47556,11
13.0270395279,80.2310791016,47556,47566,10
13.0277500153,80.2309417725,47566,47576,10
13.0282201767,80.2309036255,47576,47586,10
13.0282402039,80.2308883667,47586,47597,11
13.0286998749,80.2308425903,47597,47607,10
13.0287303925,80.2308425903,47607,47617,10
13.029009819,80.2308731079,47617,47627,10
13.0293397903,80.2308120728,47627,47637,10
13.0298900604,80.2307815552,47637,47657,20
13.0298900604,80.2307815552,47657,47667,10
13.0302696228,80.2307434082,47667,47677,10
13.0304403305,80.2307128906,47677,47687,10
13.0307102203,80.2306900024,47687,47697,10
13.0311603546,80.2306365967,47697,47707,10
13.0317802429,80.2306213379,47707,47718,11
13.0325403214,80.2305831909,47718,47728,10
13.0333003998,80.2304992676,47728,47738,10
13.0338602066,80.2304382324,47738,47748,10
13.034330368,80.2303390503,47748,47768,20
13.034330368,80.2303390503,47768,47778,10
13.0347499847,80.2303085327,47778,47815,37
13.0347499847,80.2303085327,47815,47826,11
13.0348997116,80.2306365967,47826,47836,10
13.0348796844,80.2311630249,47836,47846,10
13.0347795486,80.2317504883,47846,47857,11
13.0347299576,80.2321395874,47857,47867,10
13.0346803665,80.2326583862,47867,47877,10
13.0346002579,80.2331237793,47877,47887,10
13.0345401764,80.2335281372,47887,47897,10
13.0344800949,80.2338790894,47897,47907,10
13.0344495773,80.2340927124,47907,47917,10
13.0343904495,80.2345199585,47917,47927,10
13.0343103409,80.2351989746,47927,47937,10
13.0342102051,80.2358779907,47937,47947,10
13.0341796875,80.2363891602,47947,47957,10
13.0341701508,80.2370834351,47957,48088,131
13.0341701508,80.2370834351,48088,48099,11
13.0342702866,80.2372589111,48099,48109,10
13.0344495773,80.2376480103,48109,48119,10
13.0346899033,80.2379379272,48119,48129,10
13.0348596573,80.2382736206,48129,48139,10
13.0349397659,80.2384567261,48139,48149,10
13.0351600647,80.2387924194,48149,48159,10
13.0353603363,80.2392196655,48159,48169,10
13.0356302261,80.2393417358,48169,48179,10
13.0361700058,80.2394180298,48179,48189,10
13.0368795395,80.2394866943,48189,48199,10
13.037610054,80.2395782471,48199,48209,10
13.0382604599,80.2396469116,48209,48220,11
13.038769722,80.2397079468,48220,48230,10
13.0393104553,80.2398071289,48230,48240,10
13.0398197174,80.2398834229,48240,48250,10
13.0402002335,80.2399368286,48250,48260,10
13.0403299332,80.240020752,48260,48270,10
13.0403404236,80.2402267456,48270,48280,10
13.0404500961,80.2404632568,48280,48290,10
13.0408401489,80.2405166626,48290,48300,10
13.0410003662,80.2405700684,48300,48310,10
13.0413999557,80.2406234741,48310,48320,10
13.0418996811,80.2406768799,48320,48330,10
13.0425395966,80.2407913208,48330,48340,10
13.0431995392,80.2408981323,48340,48351,11
13.0439996719,80.2409133911,48351,48361,10
13.0443096161,80.2407684326,48361,48371,10
13.0448799133,80.2403182983,48371,48431,60
13.0448799133,80.2403182983,48431,48441,10
13.0451402664,80.2401504517,48441,48451,10
13.0456800461,80.2398071289,48451,48461,10
13.0462398529,80.2395477295,48461,48472,11
13.0468301773,80.2397232056,48472,48482,10
13.0474004745,80.2397918701,48482,48492,10
13.0480899811,80.2398986816,48492,48502,10
13.0488500595,80.2400588989,48502,48512,10
13.0495500565,80.2402267456,48512,48522,10
13.0501203537,80.2403488159,48522,48532,10
13.0507001877,80.2404632568,48532,48542,10
13.0510196686,80.2405395508,48542,48562,20
13.0510196686,80.2405395508,48562,48572,10
13.0513801575,80.2406387329,48572,48582,10
13.0523004532,80.2408370972,48582,48643,61
13.0523004532,80.2408370972,48643,48653,10
13.0524501801,80.2409362793,48653,48663,10
13.0525503159,80.2413406372,48663,48673,10
13.0529003143,80.2417831421,48673,48683,10
13.0535497665,80.2420501709,48683,48693,10
13.0539798737,80.2422332764,48693,48703,10
13.054019928,80.2422409058,48703,48713,10
13.0541601181,80.2422637939,48713,48723,10
13.054599762,80.2423095703,48723,48734,11
13.0553398132,80.2422103882,48734,48744,10
13.0559997559,80.2423171997,48744,48754,10
13.0563802719,80.2425537109,48754,48764,10
13.0565099716,80.2426223755,48764,48773,9
13.0567703247,80.2426071167,48773,48784,11
13.0571098328,80.242767334,48784,48794,10
13.0574398041,80.2427978516,48794,48804,10
13.057559967,80.2428131104,48804,48814,10
13.0578203201,80.2427825928,48814,48824,10
13.0582895279,80.2426834106,48824,48834,10
13.0588197708,80.2426223755,48834,48844,10
13.0592803955,80.2425308228,48844,48855,11
13.0597496033,80.2426605225,48855,48864,9
13.0600099564,80.2427062988,48864,48875,11
13.0603103638,80.2427978516,48875,48885,10
13.0606002808,80.2428970337,48885,48895,10
13.060959816,80.2429962158,48895,48905,10
13.0610799789,80.2430496216,48905,48915,10
13.0614204407,80.2431564331,48915,48945,30
13.0614204407,80.2431564331,48945,48955,10
13.0618200302,80.2432403564,48955,48965,10
13.0624198914,80.2433166504,48965,48986,21
13.0624198914,80.2433166504,48986,48996,10
13.0628299713,80.2433929443,48996,49006,10
13.0633602142,80.2434768677,49006,49016,10
13.0637702942,80.2434997559,49016,49026,10
13.064040184,80.2435379028,49026,49036,10
13.0643396378,80.2435379028,49036,49046,10
13.0650396347,80.2435379028,49046,49082,36
13.0650396347,80.2435379028,49082,49094,12
13.0654602051,80.2434997559,49094,49102,8
13.0657997131,80.2434768677,49102,49115,13
13.0660800934,80.2434768677,49115,49122,7
13.0661201477,80.2434692383,49122,49135,13
13.0663700104,80.2433776855,49135,49145,10
13.066570282,80.243309021,49145,49155,10
13.0669202805,80.2431488037,49155,49166,11
13.067489624,80.2429122925,49166,49176,10
13.0680999756,80.2426986694,49176,49186,10
13.0690202713,80.2423934937,49186,49226,40
13.0690202713,80.2423934937,49226,49237,11
13.0692901611,80.2422790527,49237,49247,10
13.0699996948,80.2421417236,49247,49267,20
13.0699996948,80.2421417236,49267,49277,10
13.0702896118,80.2420578003,49277,49287,10
13.0707902908,80.2418823242,49287,49297,10
13.0714797974,80.2416229248,49297,49307,10
13.07213974,80.2412185669,49307,49317,10
13.0727701187,80.2408599854,49317,49327,10
13.0734395981,80.2406692505,49327,49337,10
13.0741901398,80.2405471802,49337,49347,10
13.0751304626,80.2405166626,49347,49358,11
13.0761299133,80.2405090332,49358,49368,10
13.0768604279,80.2405776978,49368,49378,10
13.0771102905,80.2404174805,49378,49388,10
13.0771102905,80.2401199341,49388,49398,10
13.0770301819,80.2398376465,49398,49408,10
13.0770196915,80.2397766113,49408,49418,10
13.0769796371,80.2396316528,49418,49428,10
13.0768995285,80.2393798828,49428,49489,61
13.0768995285,80.2393798828,49489,49499,10
13.0768098831,80.2392272949,49499,49509,10
13.0767602921,80.2390213013,49509,49519,10
13.0767097473,80.2387619019,49519,49529,10
13.0766296387,80.2384567261,49529,49539,10
13.0765695572,80.2381668091,49539,49549,10
13.0765600204,80.2379684448,49549,49559,10
13.0765199661,80.2377471924,49559,49569,10
13.0764703751,80.2375106812,49569,49579,10
13.0764198303,80.2371292114,49579,49610,31
13.0764198303,80.2371292114,49610,49620,10
13.0763597488,80.2369766235,49620,49630,10
13.0763397217,80.236831665,49630,49640,10
13.0763196945,80.2367172241,49640,49650,10
13.076259613,80.2361831665,49650,49660,10
13.0761404037,80.2354812622,49660,49670,10
13.0759296417,80.2346801758,49670,49680,10
13.0758199692,80.2342605591,49680,49690,10
13.0757598877,80.2340087891,49690,49741,51
13.0757598877,80.2340087891,49741,49757,16
13.0757799149,80.23387146,49757,49769,12
13.0761995316,80.2337417603,49769,49777,8
13.0766000748,80.2337188721,49777,49789,12
13.0768098831,80.2337036133,49789,49799,10
13.076880455,80.2337265015,49799,49809,10
13.0771903992,80.2337188721,49809,49819,10
13.0778598785,80.2336273193,49819,49829,10
13.0785799026,80.2336196899,49829,49839,10
13.0793800354,80.233581543,49839,49849,10
13.080039978,80.2335586548,49849,49860,11
13.0802602768,80.2335281372,49860,49870,10
13.0803899765,80.2335662842,49870,49880,10
13.080789566,80.233581543,49880,49890,10
13.081489563,80.2335968018,49890,49900,10
13.0818901062,80.233581543,49900,49909,9
13.0819597244,80.2331695557,49909,49920,11
13.0820999146,80.2324981689,49920,49930,10
13.0823497772,80.2317733765,49930,49939,9
13.0825500488,80.2312316895,49939,49949,10
13.0826396942,80.231086731,49949,49960,11
13.082859993,80.2306594849,49960,49970,10
13.0831203461,80.2309036255,49970,49980,10
13.0831699371,80.2316589355,49980,49991,11
13.0832195282,80.2323913574,49991,50001,10
13.0833501816,80.2328872681,50001,50011,10
13.0834703445,80.2336273193,50011,50021,10
13.0838899612,80.2339172363,50021,50031,10
13.0840597153,80.2339630127,50031,50041,10
13.0841197968,80.2339935303,50041,50051,10
13.08452034,80.2340927124,50051,50061,10
13.0851802826,80.2342224121,50061,50071,10
13.0858802795,80.2343902588,50071,50081,10
13.0865402222,80.2345123291,50081,50091,10
13.087100029,80.2345581055,50091,50101,10
13.0878400803,80.2343597412,50101,50112,11
13.0880002975,80.2334213257,50112,50122,10
13.0882101059,80.2324066162,50122,50132,10
13.088470459,80.2314682007,50132,50142,10
13.0888595581,80.2305221558,50142,50162,20
13.0888595581,80.2305221558,50162,50172,10
13.0889596939,80.2303466797,50172,50182,10
13.0892095566,80.2298431396,50182,50192,10
13.0896902084,80.2291488647,50192,50202,10
13.0903701782,80.2284011841,50202,50212,10
13.0909700394,80.2277526855,50212,50222,10
13.0914001465,80.2272872925,50222,50233,11
13.0914402008,80.2272491455,50233,50243,10
13.0916500092,80.2270431519,50243,50253,10
13.0921401978,80.2265472412,50253,50263,10
13.0927696228,80.2259216309,50263,50273,10
13.0934095383,80.2252731323,50273,50283,10
13.0939998627,80.2245788574,50283,50293,10
13.094619751,80.2237472534,50293,50303,10
13.0950698853,80.2229385376,50303,50313,10
13.0952596664,80.2224197388,50313,50323,10
13.0952997208,80.2223129272,50323,50333,10
13.0954504013,80.2219085693,50333,50343,10
13.0956802368,80.2212905884,50343,50352,9
13.0958995819,80.2206573486,50352,50364,12
13.0961704254,80.2198562622,50364,50374,10
13.0962295532,80.2197265625,50374,50384,10
13.0963497162,80.2193374634,50384,50394,10
13.0964202881,80.2191314697,50394,50404,10
13.0965795517,80.2187576294,50404,50414,10
13.0968198776,80.2180175781,50414,50424,10
13.0970802307,80.2172698975,50424,50434,10
13.097319603,80.2165985107,50434,50444,10
13.0976400375,80.2158584595,50444,50454,10
13.0980997086,80.2148590088,50454,50474,20
13.0980997086,80.2148590088,50474,50485,11
13.0981702805,80.2147979736,50485,50495,10
13.0983295441,80.2143630981,50495,50505,10
13.0986700058,80.2139816284,50505,50515,10
13.0991296768,80.2142181396,50515,50525,10
13.0996799469,80.2143630981,50525,50535,10
13.100230217,80.2145233154,50535,50565,30
13.1003904343,80.2145462036,50565,50585,20
13.1003904343,80.2145462036,50585,50595,10
13.1005401611,80.2148208618,50595,50605,10
13.1003303528,80.2153091431,50605,50616,11
13.100060463,80.2159194946,50616,50626,10
13.0999002457,80.2159194946,50626,50636,10
13.1000003815,80.2156677246,50636,50646,10
13.100230217,80.2151794434,50646,51432,786
13.100230217,80.2151794434,51432,51442,10
13.1002597809,80.2148895264,51442,51452,10
13.1002502441,80.2146682739,51452,51462,10
13.1002502441,80.2146530151,51462,51472,10
13.1001396179,80.2145080566,51472,51482,10
13.0999803543,80.2144470215,51482,51493,11
13.099729538,80.2143630981,51493,51503,10
13.0993995667,80.2142868042,51503,51513,10
13.099029541,80.2141723633,51513,51523,10
13.0987596512,80.2140579224,51523,51533,10
13.0984601974,80.2140731812,51533,51543,10
13.0982198715,80.2146072388,51543,51553,10
13.0978603363,80.2154464722,51553,51563,10
13.0974597931,80.2163772583,51563,51573,10
13.0971403122,80.2172470093,51573,51583,10
13.0967702866,80.2182998657,51583,51593,10
13.0964403152,80.2193069458,51593,51603,10
13.0960903168,80.2202529907,51603,51614,11
13.0958595276,80.2209472656,51614,51624,10
13.095700264,80.2213973999,51624,51634,10
13.0955600739,80.221862793,51634,51644,10
13.095410347,80.2223815918,51644,51654,10
13.0953397751,80.2225418091,51654,51664,10
13.0951004028,80.2231369019,51664,51674,10
13.0945301056,80.2239608765,51674,51684,10
13.0939102173,80.2247924805,51684,51694,10
13.0933103561,80.2255096436,51694,51704,10
13.092590332,80.2261962891,51704,51714,10
13.0919399261,80.2268218994,51714,51724,10
13.0913600922,80.227432251,51724,51734,10
13.0912103653,80.2276000977,51734,51745,11
13.0910196304,80.2277832031,51745,51755,10
13.0905504227,80.2282867432,51755,51765,10
13.0898399353,80.2290802002,51765,51775,10
13.0892496109,80.2299499512,51775,51785,10
13.0891103745,80.2302322388,51785,51801,16
13.0887699127,80.2310180664,51801,51813,12
13.0887298584,80.2311782837,51813,51823,10
13.0884799957,80.2317581177,51823,51833,10
13.0882396698,80.2326507568,51833,51843,10
13.0880298615,80.2338027954,51843,51851,8
13.0878400803,80.2344970703,51851,51862,11
13.0869998932,80.2345733643,51862,51874,12
13.0862197876,80.2344512939,51874,51884,10
13.0860700607,80.2343902588,51884,51894,10
13.0857200623,80.2342987061,51894,51904,10
13.0850696564,80.2341537476,51904,51914,10
13.0846796036,80.2340698242,51914,51924,10
13.0844202042,80.2340393066,51924,51933,9
13.0843000412,80.2340621948,51933,51944,11
13.0836896896,80.2338790894,51944,51963,19
13.0836896896,80.2338790894,51963,51974,11
13.0832300186,80.2337493896,51974,51984,10
13.0825796127,80.2336578369,51984,51995,11
13.0823602676,80.2336120605,51995,52005,10
13.082280159,80.2335968018,52005,52015,10
13.0819396973,80.2335510254,52015,52025,10
13.0813903809,80.2335586548,52025,52035,10
13.0806903839,80.2335128784,52035,52045,10
13.0802898407,80.2335281372,52045,52055,10
13.0799398422,80.233543396,52055,52065,10
13.0795602798,80.2335205078,52065,52075,10
13.0795402527,80.2335205078,52075,52085,10
13.0791797638,80.2335586548,52085,52095,10
13.078669548,80.2335968018,52095,52105,10
13.0780296326,80.2335891724,52105,52116,11
13.077249527,80.2336196899,52116,52126,10
13.0759496689,80.233833313,52126,52146,20
13.0759496689,80.233833313,52146,52156,10
13.0757398605,80.2338027954,52156,52172,16
13.0759296417,80.2345581055,52172,52184,12
13.0761404037,80.2357406616,52184,52194,10
13.0762701035,80.236618042,52194,52204,10
13.0764303207,80.237159729,52204,52224,20
13.0764303207,80.237159729,52224,52234,10
13.0764904022,80.2375030518,52234,52245,11
13.0766000748,80.237953186,52245,52255,10
13.0767202377,80.238571167,52255,52265,10
13.0768995285,80.2393112183,52265,52275,10
13.0770597458,80.2400588989,52275,52285,10
13.0772304535,80.2407302856,52285,52295,10
13.077340126,80.2411499023,52295,52305,10
13.0773696899,80.2414627075,52305,52315,10
13.0775499344,80.2421264648,52315,52325,10
13.0776996613,80.243057251,52325,52335,10
13.0777702332,80.2440185547,52335,52345,10
13.0778503418,80.2448883057,52345,52355,10
13.0779104233,80.2457580566,52355,52365,10
13.0780200958,80.2466506958,52365,52376,11
13.0782403946,80.247718811,52376,52386,10
13.0784196854,80.2486114502,52386,52396,10
13.0785999298,80.2491531372,52396,52406,10
13.0787200928,80.2499694824,52406,52416,10
13.0784702301,80.2506790161,52416,52426,10
13.0785503387,80.2513504028,52426,52436,10
13.0783004761,80.2516403198,52436,52446,10
13.0777397156,80.2517471313,52446,52456,10
13.0769796371,80.2519073486,52456,52466,10
13.0761804581,80.2521286011,52466,52476,10
13.0753698349,80.2521591187,52476,52486,10
13.0747003555,80.2521972656,52486,52497,11
13.0740203857,80.2522735596,52497,52507,10
13.0736198425,80.2524337769,52507,52517,10
13.0731601715,80.2524108887,52517,52527,10
13.0727796555,80.2523727417,52527,52537,10
13.0723304749,80.2521820068,52537,52547,10
13.0721101761,80.2514877319,52547,52557,10
13.0719099045,80.2505569458,52557,52567,10
13.0715999603,80.24949646,52567,52577,10
13.071439743,80.2485809326,52577,52587,10
13.0712003708,80.247718811,52587,52597,10
13.0708503723,80.2470626831,52597,52607,10
13.070520401,80.2464065552,52607,52617,10
13.0700998306,80.2454528809,52617,52628,11
13.0696401596,80.2442169189,52628,52638,10
13.0693502426,80.2434387207,52638,52648,10
13.0693101883,80.2433013916,52648,52658,10
13.0692796707,80.2431793213,52658,52668,10
13.0692195892,80.2427215576,52668,52678,10
13.068810463,80.2425384521,52678,52688,10
13.0679197311,80.242767334,52688,52698,10
13.0670404434,80.2431335449,52698,52708,10
13.0663604736,80.2433929443,52708,52718,10
13.0661001205,80.2437362671,52718,52727,9
13.066160202,80.2442626953,52727,52738,11
13.0662097931,80.2447891235,52738,52749,11
13.0663204193,80.2454528809,52749,52759,10
13.0667695999,80.2459716797,52759,52769,10
13.0675201416,80.2463302612,52769,52779,10
13.0678195953,80.24659729,52779,52789,10
13.0679101944,80.2470092773,52789,52799,10
13.0678596497,80.2476425171,52799,52809,10
13.0673999786,80.2479019165,52809,52819,10
13.0664997101,80.2478179932,52819,52829,10
13.0657300949,80.2477874756,52829,52839,10
13.0648698807,80.2477264404,52839,52849,10
13.0639400482,80.2476577759,52849,52859,10
13.0629997253,80.2475891113,52859,52870,11
13.0619802475,80.2475814819,52870,52880,10
13.0614795685,80.2472381592,52880,52890,10
13.0614795685,80.2468185425,52890,52900,10
13.0618200302,80.246383667,52900,52910,10
13.0619802475,80.2456893921,52910,52920,10
13.0623998642,80.2450180054,52920,52930,10
13.063079834,80.2443618774,52930,52950,20
13.063079834,80.2443618774,52950,52960,10
13.0633001328,80.244102478,52960,52970,10
13.0634202957,80.2435684204,52970,52980,10
13.06291008,80.2434310913,52980,52990,10
13.0625495911,80.2433624268,52990,53001,11
13.0619802475,80.2432327271,53001,53011,10
13.0613899231,80.2431488037,53011,53021,10
13.0610399246,80.2431182861,53021,53031,10
13.0606098175,80.2429962158,53031,53047,16
13.0595197678,80.2426071167,53047,53059,12
13.0589199066,80.2425689697,53059,53069,10
13.0585002899,80.2426376343,53069,53079,10
13.0580301285,80.2426834106,53079,53089,10
13.0570802689,80.2427825928,53089,53130,41
13.0570802689,80.2427825928,53130,53139,9
13.0568799973,80.2426681519,53139,53150,11
13.0564098358,80.2425308228,53150,53160,10
13.0560503006,80.2423400879,53160,53170,10
13.0556402206,80.2423019409,53170,53180,10
13.054889679,80.2423629761,53180,53190,10
13.0536899567,80.2422180176,53190,53230,40
13.0536899567,80.2422180176,53230,53240,10
13.0532398224,80.2419586182,53240,53251,11
13.0526103973,80.2417373657,53251,53261,10
13.0521001816,80.2409896851,53261,53341,80
13.0521001816,80.2409896851,53341,53351,10
13.0518798828,80.2407073975,53351,53361,10
13.0516395569,80.2407073975,53361,53371,10
13.0514297485,80.2406692505,53371,53382,11
13.0513496399,80.2406463623,53382,53392,10
13.0512104034,80.2406311035,53392,53402,10
13.050860405,80.2405776978,53402,53412,10
13.0506601334,80.2405090332,53412,53422,10
13.0502004623,80.2404022217,53422,53432,10
13.0497999191,80.2402877808,53432,53442,10
13.0495595932,80.2402420044,53442,53452,10
13.0490999222,80.2401275635,53452,53462,10
13.0487298965,80.2400436401,53462,53472,10
13.0487203598,80.2400436401,53472,53482,10
13.0483198166,80.2399978638,53482,53492,10
13.0479001999,80.2398834229,53492,53503,11
13.0474596024,80.2397994995,53503,53513,10
13.0470304489,80.2397613525,53513,53523,10
13.0463695526,80.2395935059,53523,53533,10
13.0462799072,80.2393188477,53533,53543,10
13.0464496613,80.2388763428,53543,53553,10
13.0465402603,80.2382965088,53553,53563,10
13.0467195511,80.237739563,53563,53573,10
13.0468502045,80.2370681763,53573,53583,10
13.0469703674,80.2363128662,53583,53593,10
13.0470695496,80.2359237671,53593,53603,10
13.0471000671,80.2358016968,53603,53613,10
13.0470895767,80.2353973389,53613,53623,10
13.0472097397,80.2347869873,53623,53634,11
13.0473203659,80.2338790894,53634,53644,10
13.0474395752,80.2332229614,53644,53654,10
13.0470504761,80.2330932617,53654,53664,10
13.0462398529,80.2328872681,53664,53674,10
13.0451803207,80.2326965332,53674,53694,20
13.0451803207,80.2326965332,53694,53704,10
13.0447397232,80.2325668335,53704,53714,10
13.0439596176,80.2324295044,53714,53724,10
13.0431604385,80.2322998047,53724,53734,10
13.0424404144,80.2322998047,53734,53744,10
13.0416498184,80.2322387695,53744,53755,11
13.0404996872,80.231842041,53755,53765,10
13.0394496918,80.2316131592,53765,53774,9
13.0386104584,80.2313308716,53774,53785,11
13.0376796722,80.231048584,53785,53795,10
13.0369100571,80.2308273315,53795,53805,10
13.0367097855,80.230796814,53805,53815,10
13.0364704132,80.2307128906,53815,53825,10
13.035900116,80.2304534912,53825,53835,10
13.0355195999,80.2303009033,53835,53845,10
13.0351696014,80.2303009033,53845,53926,81
13.0351696014,80.2303009033,53926,53936,10
13.0350103378,80.2302780151,53936,53946,10
13.0345401764,80.2303085327,53946,53956,10
13.0340003967,80.230430603,53956,53966,10
13.0335502625,80.2304763794,53966,53976,10
13.0334997177,80.23046875,53976,53986,10
13.0331201553,80.2304992676,53986,53996,10
13.032409668,80.2305908203,53996,54007,11
13.031419754,80.2306594849,54007,54017,10
13.0307598114,80.2306976318,54017,54027,10
13.0302696228,80.2307434082,54027,54037,10
13.0297603607,80.2307815552,54037,54047,10
13.0293798447,80.2308578491,54047,54057,10
13.0286598206,80.2309188843,54057,54067,10
13.0278997421,80.2309875488,54067,54077,10
13.0276203156,80.2311401367,54077,54087,10
13.0276699066,80.2316665649,54087,54097,10
13.0277299881,80.2322235107,54097,54107,10
13.0278100967,80.2326507568,54107,54117,10
13.0274600983,80.2328720093,54117,54127,10
13.0270595551,80.2329177856,54127,54138,11
13.0267801285,80.2330169678,54138,54148,10
13.0264196396,80.2329025269,54148,54158,10
13.0262002945,80.2322463989,54158,54168,10
13.02602005,80.2313537598,54168,54178,10
13.0256004333,80.2302703857,54178,54188,10
13.0249099731,80.2294082642,54188,54208,20
13.0249099731,80.2294082642,54208,54218,10
13.0247602463,80.2292480469,54218,54228,10
13.0244703293,80.2288818359,54228,54238,10
13.024140358,80.228477478,54238,54258,20
13.024140358,80.228477478,54258,54269,11
13.0239896774,80.2282791138,54269,54279,10
13.0236997604,80.2279510498,54279,54295,16
13.023059845,80.2272567749,54295,54307,12
13.0222797394,80.2265396118,54307,54317,10
13.0217199326,80.2260818481,54317,54327,10
13.0209598541,80.225479126,54327,54337,10
13.0202798843,80.2250137329,54337,54347,10
13.0193796158,80.2244796753,54347,54357,10
13.0183200836,80.2246322632,54357,54367,10
13.0172195435,80.2251205444,54367,54377,10
13.016409874,80.2254486084,54377,54387,10
13.0158395767,80.2256622314,54387,54398,11
13.0151195526,80.2259292603,54398,54408,10
13.0146503448,80.2261123657,54408,54418,10
13.0145597458,80.2261123657,54418,54428,10
13.0142002106,80.2262496948,54428,54438,10
13.0136299133,80.2265014648,54438,54448,10
13.0129995346,80.2267608643,54448,54458,10
13.012260437,80.2270431519,54458,54468,10
13.0115499496,80.2273025513,54468,54478,10
13.0105800629,80.2276916504,54478,54488,10
13.0097303391,80.2280273438,54488,54498,10
13.0091295242,80.2284698486,54498,54508,10
13.0089502335,80.2294006348,54508,54519,11
13.0087099075,80.2305831909,54519,54529,10
13.0085000992,80.2316589355,54529,54539,10
13.0082998276,80.2327423096,54539,54549,10
13.0082597733,80.2333908081,54549,54558,9
13.0082397461,80.2335128784,54558,54569,11
13.0081501007,80.2337722778,54569,54580,11
13.008020401,80.2343215942,54580,54590,10
13.0078601837,80.2351379395,54590,54600,10
13.0077104568,80.2359237671,54600,54610,10
13.0075597763,80.2367095947,54610,54620,10
13.0073795319,80.2375869751,54620,54630,10
13.0072097778,80.2384109497,54630,54641,11
13.0070800781,80.2390899658,54641,54651,10
13.0069198608,80.2397918701,54651,54701,50
13.0069198608,80.2397918701,54701,54711,10
13.0068998337,80.2398910522,54711,54721,10
13.0068502426,80.2402877808,54721,54731,10
13.0067996979,80.2406768799,54731,54741,10
13.0067300797,80.2413330078,54741,54751,10
13.0066795349,80.2424163818,54751,54762,11
13.0066404343,80.243522644,54762,54772,10
13.0065803528,80.2442932129,54772,54782,10
13.0066204071,80.2450790405,54782,54792,10
13.006649971,80.2454223633,54792,54802,10
13.0066795349,80.2459411621,54802,54812,10
13.0066900253,80.2466430664,54812,54822,10
13.0067100525,80.2474136353,54822,54832,10
13.0066795349,80.2482070923,54832,54842,10
13.0067396164,80.2490234375,54842,54852,10
13.0067796707,80.2494430542,54852,54862,10
13.0067596436,80.2498016357,54862,54872,10
13.0067501068,80.2505264282,54872,54882,10
13.0067195892,80.251411438,54882,54893,11
13.006529808,80.2523269653,54893,54903,10
13.0065202713,80.2525405884,54903,54913,10
13.0065803528,80.2528610229,54913,54923,10
13.0065803528,80.2532196045,54923,54933,10
13.0065402985,80.2535018921,54933,55276,343
13.0065402985,80.2535018921,55276,55286,10
13.0064601898,80.2537307739,55286,55296,10
13.006480217,80.2540588379,55296,55306,10
13.0064601898,80.2543792725,55306,55316,10
13.0064697266,80.2549209595,55316,55326,10
13.0064601898,80.2556915283,55326,55336,10
13.0065202713,80.2568511963,55336,55386,50
13.0065202713,80.2568511963,55386,55397,11
13.0066604614,80.2572174072,55397,55407,10
13.0067901611,80.2576522827,55407,55417,10
13.0071496964,80.2583312988,55417,55427,10
13.0078897476,80.2588729858,55427,55437,10
13.0080003738,80.2592391968,55437,55447,10
13.0075597763,80.2593765259,55447,55457,10
13.0072202682,80.2588500977,55457,55467,10
13.0069799423,80.2583236694,55467,55477,10
13.0066604614,80.2576828003,55477,55507,30
13.0066604614,80.2576828003,55507,55518,11
13.0065202713,80.2573318481,55518,55528,10
13.0065002441,80.2569580078,55528,55538,10
13.0065002441,80.2564315796,55538,55548,10
13.0065202713,80.2558135986,55548,55558,10
13.0065402985,80.2553787231,55558,55568,10
13.0065803528,80.2548980713,55568,55578,10
13.0065402985,80.2543334961,55578,55588,10
13.0065498352,80.2540206909,55588,55598,10
13.0065803528,80.2538070679,55598,55618,20
13.0065803528,80.2538070679,55618,55628,10
13.0066404343,80.2536315918,55628,55669,41
13.0066404343,80.2536315918,55669,55679,10
13.0065603256,80.25340271,55679,55689,10
13.0065402985,80.253112793,55689,55699,10
13.0065402985,80.2529373169,55699,55709,10
13.0065698624,80.2525177002,55709,55790,81
13.0065698624,80.2525177002,55790,55800,10
13.0066900253,80.2521133423,55800,55810,10
13.0067501068,80.2515716553,55810,55820,10
13.006770134,80.2510223389,55820,55830,10
13.0068101883,80.2501602173,55830,55840,10
13.006819725,80.2495803833,55840,55850,10
13.0067796707,80.2489318848,55850,55860,10
13.0066995621,80.2483215332,55860,55870,10
13.0066795349,80.2479476929,55870,55880,10
13.0066604614,80.2474365234,55880,55890,10
13.0066299438,80.2468109131,55890,55901,11
13.0065898895,80.2465896606,55901,55911,10
13.0066299438,80.2461166382,55911,55921,10
13.0066204071,80.2454376221,55921,55931,10
13.0066003799,80.2449569702,55931,55941,10
13.0065803528,80.2448501587,55941,55951,10
13.0066299438,80.2444076538,55951,55961,10
13.0066299438,80.2438430786,55961,55971,10
13.0065603256,80.2431182861,55971,55981,10
13.0065498352,80.2422866821,55981,55991,10
13.0065603256,80.2414169312,55991,56001,10
13.0066604614,80.2405471802,56001,56022,21
13.0066604614,80.2405471802,56022,56032,10
13.006649971,80.2404785156,56032,56042,10
13.0067596436,80.2399673462,56042,56052,10
13.0069599152,80.2390899658,56052,56062,10
13.0071496964,80.2381668091,56062,56072,10
13.0072898865,80.2375488281,56072,56082,10
13.0073795319,80.2370223999,56082,56092,10
13.0073795319,80.2369689941,56092,56102,10
13.0074701309,80.2366027832,56102,56112,10
13.0075101852,80.2364807129,56112,56122,10
13.0076198578,80.2359619141,56122,56132,10
13.0078001022,80.2350769043,56132,56142,10
13.0080299377,80.2339477539,56142,56153,11
13.008310318,80.2325134277,56153,56163,10
13.0085697174,80.2311706543,56163,56173,10
13.0087995529,80.229927063,56173,56183,10
13.0090703964,80.2286834717,56183,56193,10
13.0094003677,80.2276763916,56193,56203,10
13.0098495483,80.2266311646,56203,56213,10
13.0102796555,80.2257232666,56213,56223,10
13.0105304718,80.2251205444,56223,56233,10
13.0106801987,80.2247390747,56233,56243,10
13.0108604431,80.2244262695,56243,56253,10
13.0110397339,80.2239608765,56253,56263,10
13.0112895966,80.2233200073,56263,56294,31
13.0112895966,80.2233200073,56294,56304,10
13.0114603043,80.2230224609,56304,56314,10
13.0116701126,80.2224731445,56314,56324,10
13.0119400024,80.2217102051,56324,56334,10
13.0122804642,80.2215194702,56334,56344,10
13.0125198364,80.2217788696,56344,56354,10
13.0129804611,80.2223815918,56354,56364,10
13.0135297775,80.2229385376,56364,56374,10
13.0140399933,80.2234191895,56374,56384,10
13.0142498016,80.2236099243,56384,56394,10
13.0145101547,80.2238998413,56394,56405,11
13.0149297714,80.2244567871,56405,56414,9
13.0151596069,80.2247619629,56414,56425,11
13.0155200958,80.2250137329,56425,56445,20
13.0155200958,80.2250137329,56445,56455,10
13.0157403946,80.2251586914,56455,56465,10
13.0164403915,80.2252578735,56465,56475,10
13.0175199509,80.2248916626,56475,56485,10
13.0185499191,80.2244873047,56485,56495,10
13.0192499161,80.2243270874,56495,56505,10
13.0196304321,80.2244720459,56505,56515,10
13.0200195313,80.2247390747,56515,56526,11
13.0204801559,80.2250671387,56526,56536,10
13.0208501816,80.2253417969,56536,56546,10
13.0210800171,80.2255325317,56546,56556,10
13.0219497681,80.2261276245,56556,56576,20
13.0219497681,80.2261276245,56576,56586,10
13.0221500397,80.2263183594,56586,56596,10
13.0226602554,80.2267913818,56596,56606,10
13.0232200623,80.2273101807,56606,56616,10
13.0237798691,80.2278137207,56616,56626,10
13.0242395401,80.2283172607,56626,56636,10
13.0245895386,80.2288208008,56636,56647,11
13.0250301361,80.2294387817,56647,56657,10
13.0254497528,80.2299804688,56657,56667,10
13.0257396698,80.2304763794,56667,56687,20
13.0257396698,80.2304763794,56687,56697,10
13.025850296,80.2307281494,56697,56707,10
13.0258998871,80.2309494019,56707,56717,10
13.0259599686,80.2312698364,56717,56727,10
13.0262403488,80.231300354,56727,56737,10
13.0269804001,80.2311096191,56737,56747,10
13.0279397964,80.2309494019,56747,56757,10
13.0288000107,80.2308578491,56757,56788,31
13.0288000107,80.2308578491,56788,56798,10
13.0289802551,80.2308807373,56798,56808,10
13.0290803909,80.2308578491,56808,56818,10
13.0295000076,80.2308197021,56818,56828,10
13.0301103592,80.230758667,56828,56838,10
13.0304498672,80.23072052,56838,56848,10
13.0308103561,80.2306976318,56848,56858,10
13.0312700272,80.2306594849,56858,56868,10
13.0319004059,80.2306213379,56868,56878,10
13.0324697495,80.2305831909,56878,56888,10
13.0329904556,80.2305526733,56888,56898,10
13.0335798264,80.2304992676,56898,56937,39
13.0335798264,80.2304992676,56937,56947,10
13.0338401794,80.2304534912,56947,56957,10
13.0341100693,80.2304077148,56957,56966,9
13.0341396332,80.2304000854,56966,56976,10
13.0346899033,80.2303390503,56976,56997,21
13.0346899033,80.2303390503,56997,57007,10
13.0349502563,80.2305297852,57007,57017,10
13.034910202,80.2311477661,57017,57028,11
13.0347900391,80.2318496704,57028,57038,10
13.0347204208,80.232383728,57038,57048,10
13.0346403122,80.2329330444,57048,57058,10
13.0345897675,80.2332992554,57058,57068,10
13.034529686,80.2337799072,57068,57078,10
13.0344400406,80.2343978882,57078,57088,10
13.0343599319,80.2350082397,57088,57098,10
13.0342798233,80.2356033325,57098,57108,10
13.0342102051,80.2364120483,57108,57118,10
13.0342102051,80.2372665405,57118,57179,61
13.0341901779,80.2373809814,57179,57209,30
13.0341901779,80.2373809814,57209,57219,10
13.0343799591,80.2376937866,57219,57229,10
13.0344896317,80.2378463745,57229,57239,10
13.0346002579,80.2379379272,57239,57249,10
13.0347900391,80.2382507324,57249,57259,10
13.0350103378,80.2386169434,57259,57269,10
13.0352897644,80.2390823364,57269,57280,11
13.0355701447,80.2393798828,57280,57290,10
13.0359697342,80.2394180298,57290,57300,10
13.0365200043,80.2394790649,57300,57310,10
13.0369901657,80.2395935059,57310,57320,10
13.0376996994,80.239616394,57320,57330,10
13.0383901596,80.239692688,57330,57340,10
13.0390996933,80.2397689819,57340,57350,10
13.0396995544,80.2398529053,57350,57360,10
13.0401296616,80.2398986816,57360,57369,9
13.0401802063,80.2398986816,57369,57380,11
13.0403604507,80.2401504517,57380,57390,10
13.0404195786,80.2404708862,57390,57400,10
13.0409698486,80.2405471802,57400,57411,11
13.0414896011,80.2406311035,57411,57421,10
13.0419998169,80.2407226563,57421,57431,10
13.0426301956,80.2408294678,57431,57441,10
13.043299675,80.2409133911,57441,57451,10
13.0438098907,80.2409896851,57451,57461,10
13.0440502167,80.2409515381,57461,57471,10
13.0444698334,80.2406616211,57471,57481,10
13.0452899933,80.2401275635,57481,57491,10
13.0458602905,80.2397537231,57491,57501,10
13.0460996628,80.2395935059,57501,57511,10
13.0464200974,80.2396087646,57511,57521,10
13.0465402603,80.2396392822,57521,57532,11
13.0469799042,80.2397384644,57532,57542,10
13.0475597382,80.2398605347,57542,57552,10
13.0482501984,80.2400131226,57552,57562,10
13.049079895,80.2401428223,57562,57572,10
13.0497703552,80.2402801514,57572,57582,10
13.050160408,80.2403564453,57582,57592,10
13.0508499146,80.2404937744,57592,57602,10
13.0511198044,80.2405471802,57602,57612,10
13.0514602661,80.2406234741,57612,57622,10
13.05189991,80.2407226563,57622,57632,10
13.052280426,80.2407989502,57632,57681,49
13.052280426,80.2407989502,57681,57691,10
13.0524196625,80.2408676147,57691,57701,10
13.0525503159,80.2412567139,57701,57711,10
13.0528202057,80.2417602539,57711,57721,10
13.0535497665,80.2420806885,57721,57730,9
13.0539999008,80.2422409058,57730,57741,11
13.0540895462,80.2422714233,57741,57751,10
13.0546197891,80.2423706055,57751,57760,9
13.0555000305,80.2422637939,57760,57771,11
13.0565004349,80.2426376343,57771,57781,10
13.0569400787,80.2426834106,57781,57792,11
13.0576496124,80.2428207397,57792,57802,10
13.057849884,80.2427902222,57802,57812,10
13.0584001541,80.2426834106,57812,57822,10
13.0590000153,80.2425765991,57822,57832,10
13.0594997406,80.2425689697,57832,57842,10
13.0600204468,80.2427368164,57842,57852,10
13.0605697632,80.2429504395,57852,57862,10
13.0610799789,80.2431030273,57862,57872,10
13.0612201691,80.2431335449,57872,57882,10
13.0614299774,80.2431716919,57882,57892,10
13.0618896484,80.2432098389,57892,57902,10
13.0624704361,80.2433166504,57902,57913,11
13.0624799728,80.2433319092,57913,57923,10
13.0628404617,80.2434082031,57923,57933,10
13.0636301041,80.243522644,57933,57943,10
13.0642795563,80.243560791,57943,57953,10
13.0654697418,80.2435913086,57953,58013,60
13.0654697418,80.2435913086,58013,58023,10
13.0658798218,80.2435684204,58023,58034,11
13.0663003922,80.2434387207,58034,58044,10
13.0667800903,80.2432479858,58044,58053,9
13.0673999786,80.242980957,58053,58064,11
13.0682201385,80.2427062988,58064,58074,10
13.0690097809,80.2424087524,58074,58094,20
13.0690097809,80.2424087524,58094,58104,10
13.0690402985,80.2424163818,58104,58114,10
13.0699596405,80.2421264648,58114,58134,20
13.0699596405,80.2421264648,58134,58144,10
13.0701999664,80.2420425415,58144,58155,11
13.0707998276,80.2418823242,58155,58165,10
13.0714797974,80.2416534424,58165,58175,10
13.0721998215,80.2412414551,58175,58185,10
13.0729198456,80.240852356,58185,58195,10
13.0736303329,80.2406387329,58195,58205,10
13.0744199753,80.2405014038,58205,58215,10
13.075340271,80.2404937744,58215,58225,10
13.0762796402,80.2404937744,58225,58235,10
13.0770196915,80.2406082153,58235,58245,10
13.0771198273,80.2402420044,58245,58255,10
13.0769395828,80.2394790649,58255,58265,10
13.0767402649,80.2387695313,58265,58275,10
13.0766801834,80.2385787964,58275,58286,11
13.0766000748,80.2382125854,58286,58296,10
13.0765199661,80.2378082275,58296,58306,10
13.0763902664,80.2371902466,58306,58346,40
13.0763902664,80.2371902466,58346,58356,10
13.0763597488,80.2369613647,58356,58366,10
13.0762796402,80.2365493774,58366,58376,10
13.0761899948,80.2359237671,58376,58386,10
13.0760202408,80.2351226807,58386,58396,10
13.075750351,80.2341384888,58396,58427,31
13.075750351,80.2341384888,58427,58437,10
13.0758199692,80.2339019775,58437,58447,10
13.076259613,80.2338180542,58447,58457,10
13.0770597458,80.2337188721,58457,58467,10
13.0777301788,80.2336120605,58467,58477,10
13.0781002045,80.2336273193,58477,58487,10
13.0786895752,80.2336196899,58487,58497,10
13.0793399811,80.2335968018,58497,58507,10
13.0802698135,80.2335510254,58507,58527,20
13.0802698135,80.2335510254,58527,58538,11
13.080329895,80.2335968018,58538,58548,10
13.0806903839,80.2336196899,58548,58558,10
13.0813102722,80.2335968018,58558,58568,10
13.0818500519,80.233581543,58568,58578,10
13.0819301605,80.2333984375,58578,58588,10
13.0820198059,80.2328262329,58588,58598,10
13.0822496414,80.2321014404,58598,58608,10
13.0824699402,80.2314605713,58608,58618,10
13.0825300217,80.2313308716,58618,58628,10
13.0826396942,80.2311325073,58628,58638,10
13.082859993,80.2307128906,58638,58648,10
13.0831298828,80.2309188843,58648,58658,10
13.0831699371,80.231628418,58658,58669,11
13.0832500458,80.2325668335,58669,58679,10
13.0833997726,80.2331314087,58679,58689,10
13.0834598541,80.2334594727,58689,58699,10
13.0836296082,80.233833313,58699,58709,10
13.0840797424,80.2339782715,58709,58729,20
13.0840797424,80.2339782715,58729,58739,10
13.0843200684,80.23412323,58739,58749,10
13.0846595764,80.234161377,58749,58759,10
13.0852098465,80.2342529297,58759,58769,10
13.0857801437,80.2343978882,58769,58780,11
13.0865898132,80.234588623,58780,58790,10
13.0874595642,80.2346191406,58790,58800,10
13.0879497528,80.2340393066,58800,58810,10
13.0880804062,80.2330780029,58810,58820,10
13.0883398056,80.2319488525,58820,58830,10
13.0886201859,80.2311325073,58830,58840,10
13.0888900757,80.2305221558,58840,58860,20
13.0888900757,80.2305221558,58860,58870,10
13.0891599655,80.2299880981,58870,58880,10
13.089630127,80.2292480469,58880,58890,10
13.0904197693,80.2284011841,58890,58901,11
13.0914402008,80.2272567749,58901,58921,20
13.0914402008,80.2272567749,58921,58931,10
13.0916700363,80.2270507813,58931,58941,10
13.0921497345,80.2265777588,58941,58951,10
13.0926704407,80.2260284424,58951,58961,10
13.0932502747,80.2254562378,58961,58971,10
13.093580246,80.2250976563,58971,58981,10
13.0939598083,80.224647522,58981,58991,10
13.0944700241,80.2239532471,58991,59001,10
13.0949401855,80.2232437134,59001,59011,10
13.0951595306,80.2227325439,59011,59021,10
13.0952301025,80.2225112915,59021,59032,11
13.0953598022,80.2222137451,59032,59042,10
13.0956201553,80.2215194702,59042,59052,10
13.0959396362,80.2205963135,59052,59062,10
13.0962896347,80.2195205688,59062,59102,40
13.0962896347,80.2195205688,59102,59112,10
13.0963802338,80.219291687,59112,59122,10
13.0964698792,80.2190704346,59122,59132,10
13.096570015,80.2188262939,59132,59142,10
13.0967597961,80.2182388306,59142,59153,11
13.0970201492,80.2174530029,59153,59163,10
13.0971698761,80.2170028687,59163,59173,10
13.0972204208,80.2169494629,59173,59183,10
13.0974197388,80.2164764404,59183,59193,10
13.0977897644,80.2155914307,59193,59203,10
13.0983200073,80.2143630981,59203,59253,50
13.0983200073,80.2143630981,59253,59263,10
13.0983800888,80.2142181396,59263,59273,10
13.0985298157,80.2139663696,59273,59284,11
13.0989303589,80.2141494751,59284,59294,10
13.0994195938,80.2143478394,59294,59304,10
13.0999298096,80.2144622803,59304,59314,10
13.100230217,80.2145462036,59314,59334,20
13.100230217,80.2145462036,59334,59344,10
13.1003103256,80.21459198,59344,59354,10
13.100569725,80.2147064209,59354,59364,10
13.1004400253,80.2151565552,59364,59374,10
13.1000995636,80.2159423828,59374,59384,10
13.1000204086,80.2160568237,59384,59394,10
13.0998601913,80.2160491943,59394,59405,11
13.0999498367,80.2156982422,59405,59415,10
13.1001300812,80.2153396606,59415,59425,10
13.1002101898,80.2147979736,59425,60191,766
13.1002101898,80.2147979736,60191,60201,10
13.1002197266,80.2145614624,60201,60211,10
13.1000404358,80.2144622803,60211,60221,10
13.099820137,80.2144088745,60221,60231,10
13.0994195938,80.2143173218,60231,60241,10
13.0989999771,80.2141876221,60241,60251,10
13.0986499786,80.2140808105,60251,60261,10
13.0985603333,80.2140579224,60261,60271,10
13.0984401703,80.2141418457,60271,60282,11
13.0982198715,80.2146606445,60282,60292,10
13.0979404449,80.2153091431,60292,60302,10
13.0976295471,80.2160186768,60302,60312,10
13.0973901749,80.2166671753,60312,60322,10
13.0973701477,80.2167205811,60322,60332,10
13.0972604752,80.2169876099,60332,60342,10
13.0970401764,80.2175674438,60342,60352,10
13.0967702866,80.2183685303,60352,60362,10
13.0965003967,80.2191925049,60362,60372,10
13.0962095261,80.2200393677,60372,60382,10
13.0958900452,80.2209320068,60382,60392,10
13.0956497192,80.2216491699,60392,60402,10
13.095410347,80.2223434448,60402,60413,11
13.0953598022,80.2224197388,60413,60423,10
13.0952796936,80.2226028442,60423,60433,10
13.0950698853,80.2231216431,60433,60443,10
13.0946998596,80.223739624,60443,60453,10
13.0943899155,80.2241363525,60453,60463,10
13.0939598083,80.2247390747,60463,60473,10
13.0932397842,80.2255630493,60473,60483,10
13.0924797058,80.2263031006,60483,60493,10
13.0918197632,80.2269821167,60493,60503,10
13.0912904739,80.2275619507,60503,60513,10
13.0912103653,80.2276382446,60513,60523,10
13.0911798477,80.2276763916,60523,60534,11
13.0907697678,80.2280807495,60534,60544,10
13.0901899338,80.2287063599,60544,60554,10
13.0894498825,80.2295837402,60554,60564,10
13.0891199112,80.230178833,60564,60574,10
13.0889997482,80.2304382324,60574,60584,10
13.0888004303,80.2309265137,60584,60594,10
13.0887899399,80.2309494019,60594,60604,10
13.0887098312,80.2311019897,60604,60614,10
13.0886001587,80.2313537598,60614,60624,10
13.0883598328,80.2320404053,60624,60634,10
13.0881204605,80.2329711914,60634,60644,10
13.0879802704,80.2340011597,60644,60654,10
13.0875196457,80.2345428467,60654,60665,11
13.0867900848,80.2345581055,60665,60674,9
13.0863199234,80.2344894409,60674,60685,11
13.0860795975,80.2344512939,60685,60695,10
13.0860099792,80.2344284058,60695,60705,10
13.0856199265,80.2343215942,60705,60715,10
13.0849599838,80.2341766357,60715,60725,10
13.0844802856,80.2340621948,60725,60735,10
13.08411026,80.2339706421,60735,60745,10
13.083729744,80.2339019775,60745,60755,10
13.0835399628,80.2338485718,60755,60765,10
13.0829401016,80.2337799072,60765,60775,10
13.0823802948,80.2336425781,60775,60796,21
13.0823802948,80.2336425781,60796,60806,10
13.0822401047,80.2336196899,60806,60816,10
13.0818004608,80.233543396,60816,60826,10
13.0811595917,80.2335205078,60826,60836,10
13.080450058,80.2335205078,60836,60846,10
13.0798501968,80.2335586548,60846,60855,9
13.0795202255,80.233543396,60855,60866,11
13.0795202255,80.2335510254,60866,60876,10
13.0794401169,80.233581543,60876,60886,10
13.0790100098,80.2335662842,60886,60896,10
13.078379631,80.2335891724,60896,60906,10
13.0776796341,80.2336578369,60906,60917,11
13.0770101547,80.233757019,60917,60927,10
13.0763196945,80.2338790894,60927,60937,10
13.0759801865,80.2339172363,60937,60947,10
13.075920105,80.2339172363,60947,60957,10
13.0758695602,80.2341690063,60957,60967,10
13.0759296417,80.2344818115,60967,60977,10
13.0760602951,80.2350616455,60977,60987,10
13.076210022,80.2358322144,60987,60997,10
13.0763397217,80.2367019653,60997,61007,10
13.0764503479,80.2371826172,61007,61027,20
13.0764503479,80.2371826172,61027,61038,11
13.0764598846,80.2373123169,61038,61048,10
13.0765895844,80.2378692627,61048,61058,10
13.0767498016,80.2386779785,61058,61068,10
13.0769500732,80.2394714355,61068,61078,10
13.0771102905,80.2401199341,61078,61088,10
13.0771999359,80.2404785156,61088,61098,10
13.0773096085,80.2408905029,61098,61108,10
13.0773601532,80.2410888672,61108,61118,10
13.0774202347,80.2414779663,61118,61128,10
13.077580452,80.2421569824,61128,61138,10
13.0777397156,80.2431182861,61138,61148,10
13.0777997971,80.2440795898,61148,61159,11
13.0778198242,80.2446975708,61159,61169,10
13.0778799057,80.2453384399,61169,61179,10
13.07791996,80.2460784912,61179,61189,10
13.0780696869,80.2469787598,61189,61199,10
13.0782604218,80.2479324341,61199,61209,10
13.0784397125,80.2487182617,61209,61219,10
13.0785799026,80.2491607666,61219,61229,10
13.0787096024,80.2498474121,61229,61239,10
13.0785303116,80.2505111694,61239,61249,10
13.0785503387,80.2512283325,61249,61259,10
13.0784597397,80.251663208,61259,61269,10
13.078040123,80.2517623901,61269,61279,10
13.0773096085,80.2518997192,61279,61290,11
13.0764303207,80.2521209717,61290,61300,10
13.0756196976,80.2521820068,61300,61309,9
13.0750303268,80.2522201538,61309,61320,11
13.0743703842,80.2522583008,61320,61330,10
13.0737304688,80.2524795532,61330,61340,10
13.07310009,80.2524185181,61340,61350,10
13.0726003647,80.2523498535,61350,61360,10
13.0721797943,80.251991272,61360,61370,10
13.0720796585,80.2514419556,61370,61379,9
13.0720300674,80.2510604858,61379,61389,10
13.0718603134,80.2505722046,61389,61400,11
13.0716600418,80.2498474121,61400,61411,11
13.0714797974,80.2489776611,61411,61421,10
13.0712900162,80.2481231689,61421,61431,10
13.0710000992,80.2473373413,61431,61441,10
13.070690155,80.2466964722,61441,61451,10
13.0702800751,80.2457962036,61451,61461,10
13.0698604584,80.2448425293,61461,61471,10
13.0695400238,80.2438812256,61471,61481,10
13.069319725,80.2433319092,61481,61511,30
13.069319725,80.2433319092,61511,61521,10
13.0692796707,80.2431030273,61521,61531,10
13.0691900253,80.2426376343,61531,61542,11
13.0686798096,80.2425537109,61542,61552,10
13.0680103302,80.2427902222,61552,61562,10
13.0672998428,80.2430419922,61562,61572,10
13.0666799545,80.2432937622,61572,61588,16
13.0661401749,80.2437210083,61588,61600,12
13.066160202,80.2442703247,61600,61608,8
13.0662002563,80.2446289063,61608,61620,12
13.0662899017,80.2452468872,61620,61630,10
13.0664997101,80.2458877563,61630,61640,10
13.0671796799,80.2462387085,61640,61650,10
13.0678300858,80.2465667725,61650,61672,22
13.0678300858,80.2465667725,61672,61682,10
13.0678796768,80.2468414307,61682,61692,10
13.067899704,80.2473678589,61692,61702,10
13.0677995682,80.2478485107,61702,61712,10
13.0670900345,80.2479019165,61712,61722,10
13.0661697388,80.2478637695,61722,61732,10
13.0652399063,80.2478179932,61732,61742,10
13.064209938,80.2477416992,61742,61752,10
13.0630903244,80.2476730347,61752,61762,10
13.0621204376,80.2476577759,61762,61772,10
13.0615196228,80.2474136353,61772,61782,10
13.0613203049,80.2470092773,61782,61793,11
13.0616998672,80.2466278076,61793,61803,10
13.0618801117,80.2461700439,61803,61813,10
13.0620203018,80.2455978394,61813,61823,10
13.062379837,80.2450637817,61823,61833,10
13.0629501343,80.2446594238,61833,61843,10
13.0631599426,80.2443389893,61843,61863,20
13.0631599426,80.2443389893,61863,61873,10
13.0633096695,80.244102478,61873,61883,10
13.06346035,80.2437133789,61883,61893,10
13.0631799698,80.2434997559,61893,61903,10
13.0626897812,80.2434005737,61903,61914,11
13.0622797012,80.2433166504,61914,61924,10
13.0619001389,80.2432403564,61924,61934,10
13.0615596771,80.2431716919,61934,61944,10
13.0611400604,80.2430801392,61944,61954,10
13.0606603622,80.2429122925,61954,61964,10
13.0601701736,80.2427368164,61964,61974,10
13.0596704483,80.2425918579,61974,61984,10
13.0587301254,80.2425994873,61984,62004,20
13.0587301254,80.2425994873,62004,62014,10
13.0583696365,80.2427062988,62014,62024,10
13.0577201843,80.2427978516,62024,62035,11
13.0569696426,80.2427902222,62035,62045,10
13.0564403534,80.2426071167,62045,62055,10
13.0560102463,80.2423706055,62055,62065,10
13.0554304123,80.2422485352,62065,62075,10
13.0547399521,80.242401123,62075,62085,10
13.0537204742,80.2422332764,62085,62115,30
13.0537204742,80.2422332764,62115,62125,10
13.0532798767,80.2419586182,62125,62145,20
13.0532798767,80.2419586182,62145,62155,10
13.0529899597,80.2418365479,62155,62166,11
13.0527095795,80.2417678833,62166,62176,10
13.0523900986,80.2414932251,62176,62186,10
13.0521497726,80.2410430908,62186,62196,10
13.0519800186,80.2407836914,62196,62206,10
13.0517997742,80.2406997681,62206,62216,10
13.0513601303,80.2405929565,62216,62226,10
13.0508899689,80.2405166626,62226,62246,20
13.0508899689,80.2405166626,62246,62256,10
13.0504999161,80.2404403687,62256,62266,10
13.0497903824,80.2402877808,62266,62276,10
13.0491504669,80.2401428223,62276,62287,11
13.0486297607,80.2400436401,62287,62297,10
13.0481100082,80.239906311,62297,62307,10
13.0477199554,80.2398223877,62307,62317,10
13.0472602844,80.2397232056,62317,62327,10
13.0469398499,80.2396621704,62327,62337,10
13.0466499329,80.2396011353,62337,62347,10
13.0462303162,80.2395172119,62347,62357,10
13.0463104248,80.2391204834,62357,62367,10
13.0464601517,80.2385177612,62367,62377,10
13.0465202332,80.2381591797,62377,62387,10
13.0466804504,80.2375030518,62387,62397,10
13.0468196869,80.236618042,62397,62408,11
13.046959877,80.2361068726,62408,62418,10
13.0470399857,80.2357025146,62418,62428,10
13.0470504761,80.2354736328,62428,62438,10
13.0471401215,80.2349014282,62438,62448,10
13.0472297668,80.2341537476,62448,62458,10
13.0473098755,80.2335205078,62458,62468,10
13.0472898483,80.2330780029,62468,62478,10
13.0470104218,80.2329864502,62478,62488,10
13.0465402603,80.2328491211,62488,62498,10
13.045920372,80.232749939,62498,62508,10
13.0452003479,80.2326202393,62508,62528,20
13.0452003479,80.2326202393,62528,62539,11
13.0450296402,80.2325820923,62539,62549,10
13.0445995331,80.2325134277,62549,62559,10
13.0438604355,80.2323989868,62559,62569,10
13.0431203842,80.2323226929,62569,62579,10
13.0424203873,80.2323379517,62579,62589,10
13.0416603088,80.2322616577,62589,62599,10
13.0407495499,80.2320022583,62599,62609,10
13.0398597717,80.2316970825,62609,62619,10
13.0390501022,80.2314987183,62619,62629,10
13.0381202698,80.2312164307,62629,62639,10
13.0371999741,80.2309036255,62639,62649,10
13.0368700027,80.2307662964,62649,62660,11
13.0364599228,80.2305831909,62660,62670,10
13.0359296799,80.2304077148,62670,62680,10
13.0354995728,80.2303390503,62680,62730,50
13.0354995728,80.2303390503,62730,62740,10
13.0353899002,80.2302474976,62740,62750,10
13.0351800919,80.2302474976,62750,62760,10
13.0349397659,80.2302627563,62760,62776,16
13.0344800949,80.2303924561,62776,62789,13
13.0339002609,80.2304534912,62789,62809,20
13.0339002609,80.2304534912,62809,62819,10
13.0333795547,80.23046875,62819,62849,30
13.0333795547,80.23046875,62849,62859,10
13.0332298279,80.2305297852,62859,62868,9
13.0327596664,80.2305526733,62868,62879,11
13.0319700241,80.2306518555,62879,62889,10
13.0316495895,80.2306365967,62889,62899,10
13.0309801102,80.2307128906,62899,62910,11
13.0307502747,80.230758667,62910,62920,10
13.0304002762,80.2307662964,62920,62930,10
13.0298299789,80.2308273315,62930,63038,108
13.0298299789,80.2308273315,63038,63049,11
13.0292301178,80.2308578491,63049,63059,10
13.0285196304,80.2309265137,63059,63069,10
13.0277900696,80.2310028076,63069,63079,10
13.0276403427,80.2311706543,63079,63089,10
13.0276699066,80.2317428589,63089,63098,9
13.0277500153,80.232208252,63098,63109,11
13.0278100967,80.2328033447,63109,63119,10
13.0272703171,80.2329101563,63119,63130,11
13.0268201828,80.2329711914,63130,63150,20
13.0268201828,80.2329711914,63150,63161,11
13.0266799927,80.233001709,63161,63171,10
13.0263900757,80.2329177856,63171,63181,10
13.0263004303,80.2327194214,63181,63191,10
13.0262699127,80.2325286865,63191,63201,10
13.0262002945,80.2321929932,63201,63211,10
13.0260801315,80.2317199707,63211,63221,10
13.0259399414,80.2311477661,63221,63231,10
13.0257301331,80.2305374146,63231,63241,10
13.0254297256,80.2300796509,63241,63251,10
13.025179863,80.2297592163,63251,63261,10
13.0250597,80.2296066284,63261,63271,10
13.0248498917,80.229347229,63271,63282,11
13.0245800018,80.2290115356,63282,63292,10
13.0239801407,80.2283096313,63292,63311,19
13.0239801407,80.2283096313,63311,63322,11
13.0239801407,80.2283172607,63322,63332,10
13.0238895416,80.2281570435,63332,63342,10
13.023639679,80.2278594971,63342,63352,10
13.0232801437,80.2275238037,63352,63362,10
13.0228796005,80.2271270752,63362,63372,10
13.0223503113,80.2266311646,63372,63382,10
13.0218400955,80.2261962891,63382,63392,10
13.0213403702,80.2257995605,63392,63402,10
13.0208396912,80.2253875732,63402,63413,11
13.0202999115,80.2250289917,63413,63423,10
13.0199098587,80.2247390747,63423,63433,10
13.0193395615,80.2244873047,63433,63449,16
13.0181102753,80.2247772217,63449,63461,12
13.0171298981,80.2251815796,63461,63471,10
13.0166101456,80.225402832,63471,63481,10
13.0161800385,80.2255783081,63481,63491,10
13.0155496597,80.2257995605,63491,63501,10
13.01445961,80.2262802124,63501,63521,20
13.01445961,80.2262802124,63521,63532,11
13.0143299103,80.2263565063,63532,63542,10
13.0142602921,80.2263793945,63542,63552,10
13.0140399933,80.2264785767,63552,63563,11
13.0135803223,80.2266464233,63563,63573,10
13.0129899979,80.2268218994,63573,63583,10
13.0125198364,80.2269973755,63583,63593,10
13.0118198395,80.2272720337,63593,63603,10
13.0109996796,80.2276000977,63603,63613,10
13.010140419,80.2279586792,63613,63623,10
13.0092697144,80.2284011841,63623,63633,10
13.0090103149,80.2293319702,63633,63643,10
13.0087795258,80.2304763794,63643,63654,11
13.0085802078,80.2315826416,63654,63664,10
13.0084104538,80.232460022,63664,63674,10
13.0082902908,80.2331237793,63674,63684,10
13.0082397461,80.2335968018,63684,63694,10
13.0081996918,80.2337036133,63694,63704,10
13.0081796646,80.2337417603,63704,63714,10
13.0080795288,80.23412323,63714,63724,10
13.0079097748,80.2350006104,63724,63744,20
13.0079097748,80.2350006104,63744,63754,10
13.0078601837,80.2352828979,63754,63764,10
13.0077295303,80.236000061,63764,63774,10
13.007519722,80.2370529175,63774,63785,11
13.0073404312,80.2379608154,63785,63795,10
13.0072097778,80.238609314,63795,63804,9
13.0070695877,80.2392578125,63804,63815,11
13.0069599152,80.2399902344,63815,63865,50
13.0069599152,80.2399902344,63865,63875,10
13.0068397522,80.2404327393,63875,63885,10
13.006819725,80.2407608032,63885,63895,10
13.0068397522,80.2408218384,63895,63906,11
13.0067300797,80.2413101196,63906,63916,10
13.0067100525,80.2421875,63916,63926,10
13.0066995621,80.2429275513,63926,63936,10
13.0066795349,80.2432937622,63936,63946,10
13.0066795349,80.2435836792,63946,63956,10
13.0066604614,80.243927002,63956,63966,10
13.0066604614,80.2443618774,63966,63976,10
13.0066604614,80.244720459,63976,63986,10
13.0066795349,80.2451477051,63986,63996,10
13.0066900253,80.2456207275,63996,64006,10
13.0067195892,80.2460708618,64006,64037,31
13.0067195892,80.2460708618,64037,64047,10
13.0067195892,80.2464981079,64047,64057,10
13.0067396164,80.2467193604,64057,64067,10
13.0067396164,80.2471313477,64067,64077,10
13.0067300797,80.2478408813,64077,64087,10
13.0067501068,80.2487716675,64087,64097,10
13.0068502426,80.2494506836,64097,64107,10
13.0068397522,80.24949646,64107,64117,10
13.0068502426,80.2497024536,64117,64127,10
13.0068101883,80.2502212524,64127,64137,10
13.0068101883,80.2510223389,64137,64158,21
13.0068101883,80.2510223389,64158,64168,10
13.0067996979,80.2512664795,64168,64178,10
13.0067796707,80.2514419556,64178,64188,10
13.0066900253,80.2518005371,64188,64198,10
13.0065402985,80.2525405884,64198,64208,10
13.006529808,80.2534408569,64208,64218,10
13.0065498352,80.2544326782,64218,64228,10
13.0065803528,80.2549362183,64228,64238,10
13.0065698624,80.2549667358,64238,64248,10
13.0065402985,80.2550811768,64248,64258,10
13.0065402985,80.2555236816,64258,64268,10
13.0065698624,80.2567367554,64268,64289,21
13.0065698624,80.2567367554,64289,64299,10
13.0066404343,80.2570571899,64299,64309,10
13.0066003799,80.257522583,64309,64319,10
13.0061702728,80.25756073,64319,64329,10
13.0056495667,80.2574310303,64329,64339,10
13.0052604675,80.2572937012,64339,64349,10
13.0050802231,80.2572097778,64349,64359,10
13.0047597885,80.2571792603,64359,64369,10
13.004240036,80.2570800781,64369,64379,10
13.0035800934,80.2569503784,64379,64389,10
13.002820015,80.2568206787,64389,64399,10
13.002120018,80.256690979,64399,64440,41
13.002120018,80.256690979,64440,64450,10
13.0020599365,80.2566680908,64450,64460,10
13.0017595291,80.2566375732,64460,64470,10
13.0010499954,80.2565536499,64470,64480,10
13.0004301071,80.2564697266,64480,64496,16
13.000289917,80.256439209,64496,64508,12
12.9999704361,80.256401062,64508,64517,9
12.9996404648,80.2563323975,64517,64528,11
12.9993495941,80.2562637329,64528,64539,11
12.9992399216,80.2562179565,64539,64549,10
12.9989404678,80.2561416626,64549,64559,10
12.9987697601,80.2561035156,64559,64569,10
12.9983501434,80.2560577393,64569,64579,10
12.9976596832,80.2560195923,64579,64599,20
12.9976596832,80.2560195923,64599,64609,10
12.9975004196,80.2559967041,64609,64618,9
12.9972000122,80.2559814453,64618,64629,11
12.996919632,80.256187439,64629,64638,9
12.9968700409,80.2565765381,64638,64650,12
12.9968395233,80.2568969727,64650,64660,10
12.9968204498,80.2570571899,64660,64670,10
12.9967603683,80.2576599121,64670,64680,10
12.9966697693,80.2583770752,64680,64690,10
12.9966201782,80.2588195801,64690,64700,10
12.9965600967,80.2592926025,64700,64710,10
12.9965200424,80.2596282959,64710,64720,10
12.9964799881,80.2600326538,64720,64730,10
12.9964199066,80.260559082,64730,64740,10
12.9963598251,80.261138916,64740,64750,10
12.9962997437,80.2616424561,64750,64760,10
12.9962596893,80.26197052,64760,64770,10
12.9962100983,80.2623214722,64770,64781,11
12.9961795807,80.2624282837,64781,64791,10
12.9961395264,80.262802124,64791,64801,10
12.9961099625,80.2632675171,64801,64811,10
12.9960803986,80.2638931274,64811,64821,10
12.9960098267,80.2645263672,64821,64831,10
12.9959497452,80.2651824951,64831,64841,10
12.9959201813,80.2654037476,64841,64851,10
12.9958496094,80.2660064697,64851,64861,10
12.9957504272,80.2668609619,64861,64871,10
12.9957103729,80.2676010132,64871,64881,10
12.9959697723,80.2677078247,64881,64890,9
12.9959802628,80.2677078247,64890,64902,12
12.9960403442,80.2677078247,64902,64912,10
12.9965295792,80.2678070068,64912,64922,10
12.9972295761,80.2677001953,64922,64932,10
12.9981298447,80.2674407959,64932,64952,20
12.9981298447,80.2674407959,64952,64962,10
12.9983901978,80.2673492432,64962,64972,10
12.9989995956,80.2671737671,64972,64982,10
13.0000295639,80.2667312622,64982,65002,20
13.0000295639,80.2667312622,65002,65012,10
13.0001001358,80.2666168213,65012,65023,11
13.0001802444,80.2661590576,65023,65033,10
13.0002698898,80.2657318115,65033,65043,10
13.0003404617,80.2658691406,65043,65053,10
13.0002803802,80.2661590576,65053,65446,393
13.0002803802,80.2661590576,65446,65456,10
13.0002803802,80.2664337158,65456,65466,10
13.0002698898,80.2665634155,65466,65476,10
13.0001802444,80.2668609619,65476,65496,20
13.0001802444,80.2668609619,65496,65506,10
12.9998102188,80.2669296265,65506,65516,10
12.9990596771,80.2671508789,65516,65527,11
12.9982795715,80.2673568726,65527,65537,10
12.9978504181,80.2675170898,65537,65547,10
12.9972801208,80.2676696777,65547,65557,10
12.9966497421,80.2677764893,65557,65567,10
12.9961500168,80.2677612305,65567,65577,10
12.9957399368,80.2677230835,65577,65587,10
12.9956598282,80.2676315308,65587,65597,10
12.9956798553,80.267326355,65597,65617,20
12.9956798553,80.267326355,65617,65627,10
12.9957304001,80.2670288086,65627,65637,10
12.9958000183,80.2663269043,65637,65647,10
12.9959201813,80.2653579712,65647,65658,11
12.9960203171,80.2644729614,65658,65668,10
12.9961099625,80.2637329102,65668,65678,10
12.9961595535,80.2630996704,65678,65688,10
12.9962100983,80.2626724243,65688,65698,10
12.9962100983,80.2626571655,65698,65708,10
12.9962596893,80.2623596191,65708,65718,10
12.9963102341,80.2618637085,65718,65728,10
12.9963798523,80.2613220215,65728,65738,10
12.9964399338,80.2607498169,65738,65748,10
12.9965000153,80.2601089478,65748,65758,10
12.9965400696,80.2595825195,65758,65769,11
12.9965600967,80.2593994141,65769,65779,10
12.9966001511,80.258972168,65779,65789,10
12.9966802597,80.2582015991,65789,65799,10
12.9967603683,80.2574310303,65799,65809,10
12.9968299866,80.2568283081,65809,65819,10
12.9968795776,80.2561264038,65819,65900,81
12.9968795776,80.2561264038,65900,65910,10
12.9970197678,80.255859375,65910,65920,10
12.997420311,80.255859375,65920,65930,10
12.9979496002,80.2559127808,65930,65940,10
12.9985904694,80.2560501099,65940,65960,20
12.9985904694,80.2560501099,65960,65970,10
12.9987297058,80.2561035156,65970,65980,10
12.9992399216,80.2561721802,65980,66021,41
12.9992399216,80.2561721802,66021,66031,10
12.9993200302,80.2561798096,66031,66041,10
12.9996595383,80.2562637329,66041,66051,10
13.0002498627,80.2563705444,66051,66061,10
13.000869751,80.2564926147,66061,66071,10
13.0014400482,80.2565994263,66071,66081,10
13.0019798279,80.2566986084,66081,66091,10
13.0024003983,80.2567596436,66091,66101,10
13.0029296875,80.2568664551,66101,66111,10
13.0034799576,80.2569732666,66111,66121,10
13.004119873,80.2570877075,66121,66131,10
13.0048103333,80.257232666,66131,66142,11
13.0057296753,80.2574234009,66142,66212,70
13.0057296753,80.2574234009,66212,66222,10
13.006070137,80.2574691772,66222,66232,10
13.0064697266,80.2575073242,66232,66242,10
13.0065202713,80.2571105957,66242,66252,10
13.006480217,80.2563705444,66252,66263,11
13.006480217,80.2554626465,66263,66273,10
13.0065498352,80.2548065186,66273,66282,9
13.0065097809,80.2541732788,66282,66293,11
13.0065097809,80.25340271,66293,66303,10
13.0065097809,80.2532196045,66303,66313,10
13.0065097809,80.2531433105,66313,66323,10
13.0064897537,80.2527008057,66323,66535,212
13.0064897537,80.2527008057,66535,66545,10
13.0065603256,80.2522964478,66545,66898,353
13.0065603256,80.2522964478,66898,66908,10
13.0066099167,80.2520599365,66908,66918,10
13.0067100525,80.2515563965,66918,66928,10
13.006770134,80.2511520386,66928,67039,111
13.0068502426,80.2508163452,67039,67220,181
13.0068502426,80.2508163452,67220,67230,10
13.0067596436,80.2504272461,67230,67240,10
13.0067596436,80.249961853,67240,67250,10
13.006770134,80.2498168945,67250,67271,21
13.0067996979,80.249671936,67271,67412,141
13.0067996979,80.249671936,67412,67422,10
13.006770134,80.2494812012,67422,67432,10
13.006770134,80.2493209839,67432,67442,10
13.0067396164,80.2490081787,67442,67452,10
13.006649971,80.2484588623,67452,67573,121
13.006649971,80.2484588623,67573,67583,10
13.0066299438,80.2482528687,67583,67593,10
13.0066204071,80.2477874756,67593,67603,10
13.0066204071,80.2472381592,67603,67613,10
13.0066003799,80.2468719482,67613,67634,21
13.0066003799,80.2468719482,67634,67644,10
13.0065603256,80.2466430664,67644,67654,10
13.0065898895,80.2465515137,67654,67684,30
13.0065898895,80.2465515137,67684,67694,10
13.0066204071,80.2462081909,67694,67714,20
13.0066204071,80.2462081909,67714,67724,10
13.0066204071,80.2460021973,67724,67734,10
13.0066299438,80.24584198,67734,67744,10
13.0066404343,80.2456207275,67744,67755,11
13.0066299438,80.2453613281,67755,67765,10
13.0066204071,80.2451324463,67765,67775,10
13.0066099167,80.245010376,67775,67785,10
13.0065898895,80.2448272705,67785,67795,10
13.0065898895,80.2446365356,67795,67805,10
13.0066299438,80.244430542,67805,67815,10
13.0066404343,80.2443008423,67815,67825,10
13.0066003799,80.2440795898,67825,67835,10
13.0065803528,80.2439498901,67835,67845,10
13.0065898895,80.243888855,67845,67855,10
13.0065898895,80.2436828613,67855,67865,10
13.0065698624,80.2434616089,67865,67875,10
13.0065498352,80.2431335449,67875,67886,11
13.0065202713,80.2426376343,67886,67896,10
13.0065002441,80.241859436,67896,67906,10
13.0065002441,80.2417221069,67906,67916,10
13.0065402985,80.2415390015,67916,67926,10
13.0066003799,80.2408828735,67926,67946,20
13.0066003799,80.2408828735,67946,67956,10
13.0066604614,80.2403793335,67956,67966,10
13.0067796707,80.2397003174,67966,67976,10
13.0069799423,80.2388076782,67976,67992,16
13.0072202682,80.2378463745,67992,68004,12
13.0073604584,80.2370376587,68004,68035,31
13.0073604584,80.2370376587,68035,68045,10
13.0074100494,80.2367706299,68045,68054,9
13.0074901581,80.2365264893,68054,68065,11
13.0076198578,80.2359390259,68065,68075,10
13.0077800751,80.235168457,68075,68086,11
13.0079803467,80.2341995239,68086,68096,10
13.0082302094,80.2330169678,68096,68106,10
13.0084295273,80.2319488525,68106,68116,10
13.0086097717,80.231010437,68116,68127,11
13.0088195801,80.2300033569,68127,68137,10
13.0089797974,80.2292175293,68137,68147,10
13.0091199875,80.2285003662,68147,68157,10
13.0092697144,80.2280197144,68157,68167,10
13.0095701218,80.2273635864,68167,68177,10
13.0099000931,80.2266311646,68177,68187,10
13.0101499557,80.2260894775,68187,68197,10
13.0103502274,80.2257232666,68197,68207,10
13.0105800629,80.2253112793,68207,68245,38
13.0105800629,80.2253112793,68245,68254,9
13.0107402802,80.2249984741,68254,68266,12
13.0109195709,80.2244720459,68266,68276,10
13.0111598969,80.2238922119,68276,68286,10
13.0113897324,80.2232437134,68286,68296,10
13.0116701126,80.2223205566,68296,68306,10
13.0122699738,80.2215194702,68306,68326,20
13.0122699738,80.2215194702,68326,68336,10
13.0124597549,80.2217025757,68336,68346,10
13.0128202438,80.2222290039,68346,68356,10
13.013250351,80.2227172852,68356,68366,10
13.0136604309,80.22315979,68366,68377,11
13.0140199661,80.2234573364,68377,68387,10
13.0142498016,80.2237091064,68387,68397,10
13.0144796371,80.2238998413,68397,68407,10
13.0149002075,80.2244873047,68407,68417,10
13.015250206,80.224899292,68417,68427,10
13.0154695511,80.2250518799,68427,68437,10
13.0155601501,80.2250976563,68437,68447,10
13.0157804489,80.2252807617,68447,68457,10
13.0164403915,80.2253799438,68457,68467,10
13.0173797607,80.2250518799,68467,68477,10
13.0183801651,80.2246627808,68477,68487,10
13.0190896988,80.2244186401,68487,68498,11
13.0194797516,80.2244796753,68498,68508,10
13.019659996,80.224571228,68508,68518,10
13.0198802948,80.2247390747,68518,68528,10
13.0202598572,80.2250289917,68528,68538,10
13.0206804276,80.2253189087,68538,68548,10
13.021030426,80.2256088257,68548,68558,10
13.021320343,80.2258682251,68558,68568,10
13.0217103958,80.2260665894,68568,68588,20
13.0217103958,80.2260665894,68588,68598,10
13.0218400955,80.2261428833,68598,68608,10
13.0219497681,80.2262496948,68608,68618,10
13.022069931,80.2263565063,68618,68629,11
13.0221204758,80.2264022827,68629,68639,10
13.0222396851,80.2265014648,68639,68649,10
13.0226602554,80.2268829346,68649,68659,10
13.0232000351,80.2273864746,68659,68669,10
13.0235004425,80.2276611328,68669,68679,10
13.0237703323,80.2279205322,68679,68689,10
13.0239896774,80.2281112671,68689,68699,10
13.0242300034,80.2283630371,68699,68709,10
13.0244398117,80.2286376953,68709,68719,10
13.0246400833,80.2289199829,68719,68729,10
13.0248203278,80.2292175293,68729,68739,10
13.0251998901,80.2296829224,68739,68749,10
13.0254898071,80.2300567627,68749,68770,21
13.0254898071,80.2300567627,68770,68780,10
13.0256299973,80.2302398682,68780,68790,10
13.0256996155,80.2304000854,68790,68800,10
13.0258302689,80.2306976318,68800,68810,10
13.0259399414,80.2310562134,68810,68820,10
13.02602005,80.2313537598,68820,68830,10
13.0264997482,80.231300354,68830,68840,10
13.0272102356,80.2311477661,68840,68850,10
13.027680397,80.2310409546,68850,68860,10
13.028260231,80.2309799194,68860,68911,51
13.028260231,80.2309799194,68911,68921,10
13.0285902023,80.2309417725,68921,68931,10
13.0288095474,80.2309265137,68931,68941,10
13.0289802551,80.2309417725,68941,68951,10
13.029299736,80.2309188843,68951,68961,10
13.0297403336,80.2308578491,68961,68971,10
13.0301399231,80.2308120728,68971,68981,10
13.0304403305,80.2307815552,68981,69072,91
13.0304403305,80.2307815552,69072,69082,10
13.0305995941,80.2308120728,69082,69092,10
13.0308904648,80.2307662964,69092,69102,10
13.0310401917,80.2307662964,69102,69112,10
13.0313100815,80.2307662964,69112,69123,11
13.0319004059,80.2307128906,69123,69133,10
13.0325403214,80.2306671143,69133,69143,10
13.0333404541,80.2306137085,69143,69153,10
13.0340003967,80.2305679321,69153,69183,30
13.0340003967,80.2305679321,69183,69193,10
13.0342302322,80.2305297852,69193,69244,51
13.0342302322,80.2305297852,69244,69254,10
13.0345802307,80.230430603,69254,69304,50
13.0345802307,80.230430603,69304,69314,10
13.0347299576,80.2303466797,69314,69324,10
13.0348997116,80.2305374146,69324,69334,10
13.0348901749,80.2308273315,69334,69344,10
13.0348100662,80.2313690186,69344,69354,10
13.0347499847,80.2319564819,69354,69364,10
13.0346498489,80.2327880859,69364,69375,11
13.0345697403,80.2334518433,69375,69385,10
13.0344800949,80.2340316772,69385,69395,10
13.0344295502,80.2344894409,69395,69405,10
13.0343399048,80.2350997925,69405,69415,10
13.0342798233,80.2356796265,69415,69425,10
13.0341901779,80.2364120483,69425,69435,10
13.0341300964,80.2369308472,69435,69496,61
13.0341300964,80.2369308472,69496,69506,10
13.0341501236,80.237159729,69506,69516,10
13.034330368,80.2375564575,69516,69526,10
13.0345401764,80.2378921509,69526,69536,10
13.0346603394,80.2381134033,69536,69556,20
13.0346603394,80.2381134033,69556,69572,16
13.0347604752,80.2383270264,69572,69584,12
13.0349302292,80.2385787964,69584,69592,8
13.0350799561,80.2388076782,69592,69604,12
13.0353403091,80.2392196655,69604,69614,10
13.0356302261,80.239402771,69614,69625,11
13.0361604691,80.2394714355,69625,69635,10
13.036740303,80.2395401001,69635,69644,9
13.0373697281,80.2395935059,69644,69655,11
13.0381298065,80.2396774292,69655,69665,10
13.0385503769,80.2397766113,69665,69675,10
13.0389995575,80.2398223877,69675,69685,10
13.0394802094,80.2398910522,69685,69694,9
13.0398397446,80.2399215698,69694,69726,32
13.0398397446,80.2399215698,69726,69736,10
13.0400896072,80.239982605,69736,69746,10
13.0403499603,80.2400817871,69746,69757,11
13.0403404236,80.2402801514,69757,69767,10
13.0403404236,80.2404174805,69767,69777,10
13.0404901505,80.240562439,69777,69787,10
13.0405902863,80.2405776978,69787,69797,10
13.0409803391,80.2406692505,69797,69817,20
13.0409803391,80.2406692505,69817,69827,10
13.0413999557,80.2407073975,69827,69837,10
13.0421495438,80.2407913208,69837,69847,10
13.0429296494,80.2409210205,69847,69857,10
13.0435800552,80.2410202026,69857,69868,11
13.0439195633,80.2409973145,69868,69878,10
13.0441999435,80.2408676147,69878,69908,30
13.0441999435,80.2408676147,69908,69918,10
13.0446100235,80.2406005859,69918,69928,10
13.0450496674,80.2402877808,69928,69938,10
13.045539856,80.2399597168,69938,69948,10
13.0460596085,80.239616394,69948,69958,10
13.0464296341,80.2396697998,69958,69968,10
13.0464296341,80.2396774292,69968,69978,10
13.0467300415,80.2397689819,69978,69988,10
13.047369957,80.2398910522,69988,69999,11
13.0477600098,80.2399673462,69999,70009,10
13.0483598709,80.2400817871,70009,70019,10
13.0490903854,80.2402114868,70019,70029,10
13.0496902466,80.2403717041,70029,70039,10
13.0501899719,80.2404785156,70039,70049,10
13.0508203506,80.2406005859,70049,70059,10
13.0511598587,80.2406616211,70059,70069,10
13.0511703491,80.2406692505,70069,70079,10
13.0514202118,80.2407531738,70079,70089,10
13.0519504547,80.240852356,70089,70099,10
13.0525197983,80.2412261963,70099,70130,31
13.0525197983,80.2412261963,70130,70140,10
13.0525197983,80.2414093018,70140,70150,10
13.052740097,80.2418136597,70150,70160,10
13.0533599854,80.2420578003,70160,70170,10
13.0537996292,80.2422485352,70170,70180,10
13.0538101196,80.2422637939,70180,70190,10
13.0538797379,80.2422866821,70190,70200,10
13.0543203354,80.2423782349,70200,70211,11
13.0550403595,80.2423400879,70211,70221,10
13.0557403564,80.2423324585,70221,70231,10
13.0562000275,80.2425689697,70231,70242,11
13.0563602448,80.2426605225,70242,70252,10
13.0564098358,80.2426986694,70252,70261,9
13.0566501617,80.242729187,70261,70272,11
13.0569400787,80.2427597046,70272,70282,10
13.0573596954,80.2428817749,70282,70292,10
13.0576295853,80.2428512573,70292,70302,10
13.0577201843,80.2428436279,70302,70312,10
13.0581798553,80.2427825928,70312,70322,10
13.0587797165,80.2426834106,70322,70332,10
13.0593004227,80.2425765991,70332,70342,10
13.0597200394,80.2427215576,70342,70352,10
13.0600099564,80.2428207397,70352,70362,10
13.0601902008,80.2428817749,70362,70373,11
13.060500145,80.2429504395,70373,70383,10
13.0609102249,80.2431030273,70383,70393,10
13.0611200333,80.2431488037,70393,70403,10
13.0614595413,80.2432403564,70403,70413,10
13.0621004105,80.243347168,70413,70423,10
13.0624399185,80.2434082031,70423,70433,10
13.0625896454,80.2434234619,70433,70443,10
13.0630598068,80.2435073853,70443,70453,10
13.063659668,80.243560791,70453,70463,10
13.0639801025,80.243560791,70463,70473,10
13.0643100739,80.2435913086,70473,70483,10
13.0647697449,80.243598938,70483,70494,11
13.0655899048,80.2436294556,70494,70613,119
13.0655899048,80.2436294556,70613,70622,9
13.0658798218,80.243637085,70622,70633,11
13.0662202835,80.2435073853,70633,70643,10
13.0664596558,80.2434234619,70643,70653,10
13.0669803619,80.2432022095,70653,70663,10
13.0675401688,80.2429275513,70663,70673,10
13.0682601929,80.2426986694,70673,70683,10
13.0687503815,80.2425308228,70683,70693,10
13.0688199997,80.2425384521,70693,70703,10
13.0691995621,80.2423706055,70703,70713,10
13.0695695877,80.2422409058,70713,70723,10
13.0699701309,80.2421188354,70723,70764,41
13.0699701309,80.2421188354,70764,70774,10
13.0704202652,80.2420196533,70774,70794,20
13.0706796646,80.2419281006,70794,70862,68
13.0706796646,80.2419281006,70862,70874,12
13.0710802078,80.2418212891,70874,70893,19
13.0710802078,80.2418212891,70893,70904,11
13.071439743,80.2416305542,70904,70914,10
13.0716199875,80.241569519,70914,70924,10
13.0717897415,80.2414932251,70924,70934,10
13.0718898773,80.2414474487,70934,70944,10
13.0719995499,80.2413635254,70944,70954,10
13.0720396042,80.2413330078,70954,70964,10
13.0722398758,80.2412109375,70964,70974,10
13.0722799301,80.2411804199,70974,70985,11
13.0724802017,80.2410430908,70985,70995,10
13.0726604462,80.2409362793,70995,71005,10
13.0728597641,80.2408676147,71005,71015,10
13.0731096268,80.2407989502,71015,71035,20
13.0731096268,80.2407989502,71035,71045,10
13.0733804703,80.2407302856,71045,71055,10
13.073559761,80.2406768799,71055,71065,10
13.0739202499,80.2405700684,71065,71075,10
13.0747098923,80.2405319214,71075,71085,10
13.075750351,80.2405014038,71085,71095,10
13.0766296387,80.2405929565,71095,71105,10
13.0770101547,80.2406234741,71105,71116,11
13.0770797729,80.240272522,71116,71126,10
13.0769195557,80.2395935059,71126,71136,10
13.0767498016,80.2389068604,71136,71146,10
13.0765800476,80.2383270264,71146,71156,10
13.0765304565,80.2380905151,71156,71166,10
13.0764703751,80.2377471924,71166,71176,10
13.0763998032,80.2373886108,71176,71202,26
13.0763998032,80.2373886108,71202,71214,12
13.0763301849,80.2368927002,71214,71222,8
13.0762395859,80.2363510132,71222,71233,11
13.0761098862,80.2355880737,71233,71244,11
13.075920105,80.2347793579,71244,71255,11
13.075750351,80.2340621948,71255,71265,10
13.0761003494,80.2338409424,71265,71275,10
13.0766296387,80.2337493896,71275,71285,10
13.0767602921,80.2337417603,71285,71295,10
13.0770397186,80.2337188721,71295,71305,10
13.077630043,80.2336425781,71305,71315,10
13.0784397125,80.2336120605,71315,71325,10
13.0790300369,80.2335891724,71325,71335,10
13.0795698166,80.233581543,71335,71345,10
13.0800800323,80.233581543,71345,71356,11
13.080280304,80.2335662842,71356,71366,10
13.0803499222,80.2335968018,71366,71376,10
13.080619812,80.2335968018,71376,71386,10
13.0809698105,80.2335968018,71386,71395,9
13.081489563,80.2336273193,71395,71406,11
13.0819196701,80.2335586548,71406,71416,10
13.0819797516,80.2331314087,71416,71426,10
13.0820503235,80.2326889038,71426,71436,10
13.0822296143,80.2321090698,71436,71446,10
13.0824203491,80.2315673828,71446,71456,10
13.0825004578,80.231338501,71456,71466,10
13.0826501846,80.2310180664,71466,71476,10
13.08273983,80.2307815552,71476,71487,11
13.0829601288,80.2306900024,71487,71497,10
13.0830898285,80.2310714722,71497,71507,10
13.0831298828,80.2318878174,71507,71517,10
13.0832395554,80.2327575684,71517,71527,10
13.0834197998,80.2334594727,71527,71537,10
13.0835895538,80.23387146,71537,71553,16
13.0839796066,80.2339935303,71553,71565,12
13.0840997696,80.2340621948,71565,71573,8
13.0843200684,80.2340927124,71573,71585,12
13.0847196579,80.2341766357,71585,71596,11
13.0851402283,80.2342910767,71596,71606,10
13.0855398178,80.2343978882,71606,71617,11
13.0859804153,80.2344894409,71617,71627,10
13.086520195,80.2345581055,71627,71637,10
13.0867500305,80.2345733643,71637,71647,10
13.0871896744,80.2345962524,71647,71658,11
13.0878295898,80.2343215942,71658,71668,10
13.08796978,80.2334823608,71668,71678,10
13.088139534,80.2326812744,71678,71688,10
13.0883703232,80.2317962646,71688,71698,10
13.0886497498,80.2310333252,71698,71708,10
13.0888500214,80.2305526733,71708,71718,10
13.0888700485,80.2305221558,71718,71729,11
13.0889501572,80.2303619385,71729,71739,10
13.0892496109,80.2297668457,71739,71749,10
13.089799881,80.229019165,71749,71759,10
13.0904998779,80.2282562256,71759,71769,10
13.0911798477,80.2275238037,71769,71779,10
13.0913696289,80.2273101807,71779,71789,10
13.0914402008,80.2272720337,71789,71799,10
13.0917797089,80.2268981934,71799,71809,10
13.0922603607,80.2263717651,71809,71819,10
13.0929002762,80.225769043,71819,71829,10
13.093460083,80.2251815796,71829,71839,10
13.0938396454,80.2247390747,71839,71849,10
13.0943698883,80.2240524292,71849,71860,11
13.0949602127,80.2231216431,71860,71870,10
13.0951795578,80.2225494385,71870,71880,10
13.0952100754,80.2224578857,71880,71890,10
13.0954198837,80.2219619751,71890,71900,10
13.0956001282,80.2214279175,71900,71910,10
13.0958003998,80.2209014893,71910,71920,10
13.095990181,80.2203292847,71920,71930,10
13.0961999893,80.2197113037,71930,71940,10
13.0962896347,80.2194519043,71940,71950,10
13.0964202881,80.2191009521,71950,71960,10
13.096540451,80.2187728882,71960,71970,10
13.0967597961,80.2181091309,71970,71981,11
13.0970096588,80.2174224854,71981,71991,10
13.0973100662,80.2166213989,71991,72001,10
13.0975999832,80.2159423828,72001,72011,10
13.0978002548,80.2154312134,72011,72021,10
13.0978498459,80.2153091431,72021,72031,10
13.0978803635,80.2152633667,72031,72041,10
13.0980501175,80.2148971558,72041,72051,10
13.0983400345,80.2142715454,72051,72132,81
13.0983400345,80.2142715454,72132,72142,10
13.0984296799,80.2140426636,72142,72152,10
13.0986995697,80.2140579224,72152,72162,10
13.0989303589,80.2141876221,72162,72172,10
13.0993795395,80.2143630981,72172,72182,10
13.1001701355,80.2145614624,72182,72293,111
13.1001701355,80.2145614624,72293,72303,10
13.1004695892,80.2146911621,72303,72313,10
13.1004896164,80.2149581909,72313,72323,10
13.1001701355,80.2156600952,72323,72333,10
13.0999202728,80.2161178589,72333,72343,10
13.0998802185,80.2158889771,72343,72354,11
13.0999898911,80.2156295776,72354,72364,10
13.1002397537,80.2151412964,72364,72858,494
13.1002397537,80.2151412964,72858,72868,10
13.1002702713,80.2149505615,72868,72878,10
13.1002397537,80.2147598267,72878,72888,10
13.1001796722,80.2145767212,72888,72908,20
13.1001796722,80.2145767212,72908,72918,10
13.0999603271,80.2145004272,72918,72928,10
13.0997896194,80.2144622803,72928,72938,10
13.0995597839,80.2144012451,72938,72948,10
13.0991601944,80.214302063,72948,72959,11
13.0987195969,80.2141265869,72959,72969,10
13.0984201431,80.2142028809,72969,72979,10
13.0981502533,80.2147979736,72979,72989,10
13.0977602005,80.2156906128,72989,72999,10
13.0974798203,80.2163314819,72999,73009,10
13.0973596573,80.2166213989,73009,73019,10
13.097319603,80.2167205811,73019,73029,10
13.0971403122,80.2171096802,73029,73039,10
13.0968704224,80.217880249,73039,73049,10
13.0965499878,80.2189178467,73049,73069,20
13.0965499878,80.2189178467,73069,73079,10
13.0964899063,80.2190170288,73079,73089,10
13.0964698792,80.2191467285,73089,73100,11
13.0963497162,80.2194290161,73100,73110,10
13.0961503983,80.2199935913,73110,73120,10
13.095870018,80.2208099365,73120,73130,10
13.0956497192,80.2214508057,73130,73140,10
13.0954303741,80.2220993042,73140,73150,10
13.0950899124,80.2229919434,73150,73160,10
13.0945100784,80.2239379883,73160,73170,10
13.0939998627,80.2246017456,73170,73180,10
13.0934896469,80.2252120972,73180,73190,10
13.0928602219,80.2258911133,73190,73200,10
13.0923404694,80.2264175415,73200,73209,9
13.091799736,80.2269515991,73209,73221,12
13.0912399292,80.2275772095,73221,73231,10
13.091170311,80.2276611328,73231,73241,10
13.0907897949,80.2280426025,73241,73251,10
13.0902204514,80.2286834717,73251,73261,10
13.0895500183,80.2294311523,73261,73271,10
13.0891304016,80.230140686,73271,73281,10
13.0889997482,80.2304077148,73281,73291,10
13.0888004303,80.2308883667,73291,73301,10
13.0887699127,80.2309494019,73301,73311,10
13.0886602402,80.2311782837,73311,73320,9
13.088549614,80.2314376831,73320,73331,11
13.0883197784,80.2321395874,73331,73342,11
13.0880498886,80.2332000732,73342,73352,10
13.0879602432,80.234046936,73352,73362,10
13.0877599716,80.2344894409,73362,73372,10
13.087220192,80.2345962524,73372,73382,10
13.0867795944,80.2345962524,73382,73392,10
13.0865802765,80.2345733643,73392,73402,10
13.0861797333,80.2345428467,73402,73412,10
13.0860395432,80.2344894409,73412,73422,10
13.0854501724,80.2343215942,73422,73432,10
13.0848798752,80.2341766357,73432,73442,10
13.0844602585,80.2340927124,73442,73463,21
13.0844602585,80.2340927124,73463,73473,10
13.0842599869,80.2340621948,73473,73483,10
13.0840597153,80.2340316772,73483,73493,10
13.0836696625,80.2339401245,73493,73503,10
13.0836601257,80.2339324951,73503,73513,10
13.0835103989,80.2338790894,73513,73523,10
13.0831003189,80.233833313,73523,73533,10
13.0825796127,80.2337036133,73533,73543,10
13.0823698044,80.2336730957,73543,73553,10
13.0822696686,80.2336578369,73553,73563,10
13.081990242,80.2336120605,73563,73573,10
13.081700325,80.2335586548,73573,73583,10
13.0811595917,80.2335586548,73583,73594,11
13.0805196762,80.2335586548,73594,73604,10
13.079580307,80.2335205078,73604,73614,10
13.079580307,80.2335205078,73614,73624,10
13.0794801712,80.2334899902,73624,73634,10
13.0792398453,80.233543396,73634,73644,10
13.0787296295,80.2335662842,73644,73654,10
13.0781097412,80.2335891724,73654,73664,10
13.0775203705,80.2336730957,73664,73674,10
13.0766496658,80.2338104248,73674,73684,10
13.0759096146,80.2339630127,73684,73694,10
13.0758199692,80.2340774536,73694,73710,16
13.0759296417,80.2346878052,73710,73723,13
13.0761299133,80.2356262207,73723,73733,10
13.076259613,80.2362976074,73733,73743,10
13.0764503479,80.2372894287,73743,73773,30
13.0764503479,80.2372894287,73773,73783,10
13.0765199661,80.2376403809,73783,73793,10
13.076669693,80.2384567261,73793,73803,10
13.076880455,80.2393112183,73803,73813,10
13.0770397186,80.2399520874,73813,73823,10
13.0771903992,80.240562439,73823,73833,10
13.0773496628,80.2411270142,73833,73844,11
13.0774297714,80.2416763306,73844,73854,10
13.0776100159,80.2425231934,73854,73864,10
13.0777597427,80.2435913086,73864,73874,10
13.077750206,80.244178772,73874,73883,9
13.0777797699,80.2446212769,73883,73895,12
13.0778999329,80.2458267212,73895,73905,10
13.0780000687,80.2466430664,73905,73915,10
13.0781803131,80.2475585938,73915,73925,10
13.0783996582,80.2486572266,73925,73934,9
13.0785903931,80.2493286133,73934,73944,10
13.0787000656,80.2500991821,73944,73955,11
13.0784502029,80.2508087158,73955,73966,11
13.0785398483,80.2516021729,73966,73976,10
13.0782699585,80.2516937256,73976,73986,10
13.0777997971,80.2517776489,73986,73996,10
13.0769195557,80.2519607544,73996,74006,10
13.0759000778,80.2521286011,74006,74016,10
13.0751495361,80.2521972656,74016,74026,10
13.0745401382,80.2522506714,74026,74036,10
13.0739498138,80.2523269653,74036,74046,10
13.0733203888,80.2524795532,74046,74056,10
13.0726604462,80.2523880005,74056,74065,9
13.072259903,80.2521514893,74065,74076,11
13.0720901489,80.2514572144,74076,74087,11
13.0719203949,80.2507705688,74087,74097,10
13.07172966,80.2501983643,74097,74107,10
13.0715303421,80.2493591309,74107,74117,10
13.0713396072,80.2484436035,74117,74127,10
13.0710401535,80.2475204468,74127,74137,10
13.0707101822,80.2468414307,74137,74147,10
13.0703201294,80.2460174561,74147,74157,10
13.0699195862,80.2451324463,74157,74167,10
13.0696496964,80.2443466187,74167,74177,10
13.0692996979,80.2434234619,74177,74197,20
13.0692996979,80.2434234619,74197,74215,18
13.0692195892,80.2432403564,74215,74228,13
13.0689296722,80.2425537109,74228,74238,10
13.0681400299,80.2427215576,74238,74248,10
13.0672197342,80.2430496216,74248,74258,10
13.0664396286,80.2433776855,74258,74268,10
13.0660495758,80.243927002,74268,74277,9
13.0661697388,80.244758606,74277,74287,10
13.0663204193,80.2456970215,74287,74298,11
13.0670604706,80.2462387085,74298,74308,10
13.0677700043,80.2465896606,74308,74318,10
13.0677995682,80.2466278076,74318,74328,10
13.0678596497,80.2467803955,74328,74340,12
13.0678701401,80.2476272583,74340,74350,10
13.067440033,80.2479705811,74350,74359,9
13.0666399002,80.2479171753,74359,74370,11
13.0658998489,80.2478866577,74370,74380,10
13.0646896362,80.2478103638,74380,74390,10
13.0635204315,80.2477111816,74390,74400,10
13.0628404617,80.2477035522,74400,74410,10
13.0620603561,80.2476730347,74410,74420,10
13.0613803864,80.2472076416,74420,74430,10
13.0615196228,80.2468338013,74430,74440,10
13.0618095398,80.2463226318,74440,74450,10
13.0619697571,80.2456207275,74450,74461,11
13.0622701645,80.2451400757,74461,74470,9
13.0628404617,80.2447509766,74470,74481,11
13.0631103516,80.2443618774,74481,74491,10
13.0631504059,80.2443313599,74491,74501,10
13.0633401871,80.2439804077,74501,74511,10
13.0633602142,80.2435913086,74511,74521,10
13.0629396439,80.2434997559,74521,74531,10
13.0625600815,80.2434082031,74531,74541,10
13.0621099472,80.2433319092,74541,74551,10
13.0618801117,80.243309021,74551,74561,10
13.0617704391,80.2432937622,74561,74571,10
13.0614700317,80.2432022095,74571,74582,11
13.0612602234,80.2431716919,74582,74592,10
13.0609998703,80.2431106567,74592,74602,10
13.0607595444,80.2430267334,74602,74612,10
13.0604000092,80.2429122925,74612,74622,10
13.0598602295,80.2426986694,74622,74632,10
13.0592298508,80.2425689697,74632,74642,10
13.0587596893,80.2426223755,74642,74652,10
13.0586204529,80.2426528931,74652,74662,10
13.0581703186,80.2427520752,74662,74672,10
13.0570802689,80.2428894043,74672,74713,41
13.0570802689,80.2428894043,74713,74723,10
13.0567798615,80.2427978516,74723,74733,10
13.0563201904,80.2426376343,74733,74743,10
13.0558795929,80.2423629761,74743,74753,10
13.0553703308,80.2422637939,74753,74762,9
13.0548000336,80.2424316406,74762,74774,12
13.0536403656,80.2422714233,74774,74794,20
13.0536403656,80.2422714233,74794,74804,10
13.0534000397,80.2420806885,74804,74814,10
13.0527801514,80.241897583,74814,74865,51
13.0527801514,80.241897583,74865,74875,10
13.0524396896,80.2416763306,74875,74885,10
13.0521001816,80.2411193848,74885,74895,10
13.0518903732,80.2408218384,74895,74905,10
13.0515203476,80.2407302856,74905,74915,10
13.0511198044,80.2406616211,74915,74925,10
13.0508499146,80.2406005859,74925,74935,10
13.0507602692,80.2405776978,74935,74945,10
13.0502004623,80.2404785156,74945,74956,11
13.0494804382,80.2403030396,74956,74966,10
13.048789978,80.2401885986,74966,74976,10
13.0481595993,80.2400588989,74976,74986,10
13.0474700928,80.239906311,74986,74996,10
13.0466403961,80.2397613525,74996,75006,10
13.0461397171,80.2395324707,75006,75016,10
13.0462703705,80.2391662598,75016,75026,10
13.0464200974,80.2385406494,75026,75036,10
13.0465097427,80.2381362915,75036,75046,10
13.0466003418,80.2377624512,75046,75056,10
13.0466804504,80.2372436523,75056,75066,10
13.0468196869,80.236579895,75066,75077,11
13.0469398499,80.2361373901,75077,75087,10
13.0469999313,80.2358169556,75087,75097,10
13.0470199585,80.2355804443,75097,75107,10
13.0471000671,80.2349777222,75107,75117,10
13.0471496582,80.2343521118,75117,75127,10
13.047249794,80.233757019,75127,75137,10
13.0473003387,80.2334518433,75137,75153,16
13.0473098755,80.2331924438,75153,75165,12
13.0467996597,80.2330627441,75165,75175,10
13.0461702347,80.2329406738,75175,75185,10
13.0454702377,80.2328186035,75185,75195,10
13.0452404022,80.2327423096,75195,75206,11
13.0451002121,80.2326812744,75206,75216,10
13.0446395874,80.2325820923,75216,75225,9
13.0439596176,80.232460022,75225,75239,14
13.0430603027,80.232383728,75239,75249,10
13.0424804688,80.232383728,75249,75259,10
13.0417203903,80.2323226929,75259,75269,10
13.0407304764,80.2320632935,75269,75279,10
13.0396003723,80.2317123413,75279,75289,10
13.0386600494,80.2314224243,75289,75299,10
13.0378198624,80.2311935425,75299,75309,10
13.0370597839,80.2309494019,75309,75333,24
13.0366001129,80.2308273315,75333,75345,12
13.0358104706,80.2305526733,75345,75405,60
13.0358104706,80.2305526733,75405,75415,10
13.0353603363,80.2304534912,75415,75425,10
13.0349197388,80.2304000854,75425,75436,11
13.034529686,80.230430603,75436,75447,11
13.0343198776,80.2304611206,75447,75507,60
13.0343198776,80.2304611206,75507,75517,10
13.0339202881,80.2304992676,75517,75527,10
13.0338001251,80.2304763794,75527,75537,10
13.0334596634,80.2305221558,75537,75547,10
13.0333795547,80.2305297852,75547,75557,10
13.0332803726,80.2305603027,75557,75567,10
13.0327701569,80.2305831909,75567,75578,11
13.0319299698,80.230682373,75578,75588,10
13.0311899185,80.2307281494,75588,75598,10
13.0305500031,80.2307815552,75598,75608,10
13.0296802521,80.2308883667,75608,75648,40
13.0296802521,80.2308883667,75648,75658,10
13.0294904709,80.2309265137,75658,75668,10
13.0291099548,80.23097229,75668,75678,10
13.0286502838,80.2309875488,75678,75688,10
13.0278997421,80.2310714722,75688,75699,11
13.0275802612,80.2312011719,75699,75709,10
13.0276002884,80.2317810059,75709,75719,10
13.0277004242,80.2323989868,75719,75729,10
13.0277004242,80.2329025269,75729,75739,10
13.0271501541,80.2329711914,75739,75749,10
13.0266599655,80.233039856,75749,75820,71
13.0266599655,80.233039856,75820,75830,10
13.0263595581,80.2330322266,75830,75840,10
13.0261697769,80.2325363159,75840,75850,10
13.026049614,80.2319717407,75850,75860,10
13.0258903503,80.231338501,75860,75870,10
13.0256204605,80.2305374146,75870,75880,10
13.0250797272,80.2297363281,75880,75890,10
13.0247802734,80.2293930054,75890,75900,10
13.0244998932,80.2290420532,75900,75910,10
13.0239200592,80.2283401489,75910,75930,20
13.0239200592,80.2283401489,75930,75941,11
13.0237798691,80.2280807495,75941,75951,10
13.0234603882,80.2277832031,75951,75961,10
13.0231399536,80.2274398804,75961,75971,10
13.0228595734,80.227180481,75971,75981,10
13.0222597122,80.2266693115,75981,75991,10
13.0215997696,80.2261199951,75991,76001,10
13.021030426,80.2256622314,76001,76011,10
13.0204896927,80.2252731323,76011,76021,10
13.0200595856,80.2249984741,76021,76031,10
13.0200395584,80.2249908447,76031,76041,10
13.0199203491,80.224899292,76041,76051,10
13.0195503235,80.224647522,76051,76061,10
13.0187997818,80.2245483398,76061,76072,11
13.0177097321,80.2249603271,76072,76082,10
13.0168199539,80.2253417969,76082,76092,10
13.0163002014,80.2255401611,76092,76102,10
13.0157003403,80.2257537842,76102,76112,10
13.015130043,80.2259979248,76112,76122,10
13.0147304535,80.2261581421,76122,76132,10
13.0142402649,80.226348877,76132,76142,10
13.0141496658,80.2263793945,76142,76152,10
13.0137395859,80.2265167236,76152,76162,10
13.013010025,80.2267990112,76162,76172,10
13.0121097565,80.2271575928,76172,76188,16
13.0103902817,80.2278594971,76188,76201,13
13.0091199875,80.2285308838,76201,76211,10
13.0088796616,80.2295684814,76211,76221,10
13.0086402893,80.2307434082,76221,76230,9
13.0084104538,80.2318725586,76230,76241,11
13.0081796646,80.2331695557,76241,76250,9
13.008099556,80.2338104248,76250,76262,12
13.0079402924,80.2345809937,76262,76272,10
13.0077695847,80.2353820801,76272,76281,9
13.0076503754,80.2359237671,76281,76292,11
13.0074596405,80.2368392944,76292,76302,10
13.0072803497,80.2378311157,76302,76313,11
13.007060051,80.2390289307,76313,76323,10
13.0068502426,80.2398834229,76323,76333,10
13.0068397522,80.2401733398,76333,76413,80
13.0068397522,80.2401733398,76413,76423,10
13.0068397522,80.2405700684,76423,76433,10
13.0067796707,80.2408676147,76433,76444,11
13.0067396164,80.2411499023,76444,76454,10
13.0066699982,80.2419281006,76454,76464,10
13.0066204071,80.2429504395,76464,76474,10
13.0066003799,80.2440719604,76474,76484,10
13.0065803528,80.2450180054,76484,76494,10
13.0066299438,80.2461471558,76494,76504,10
13.0066604614,80.2466812134,76504,76514,10
13.0066795349,80.2469863892,76514,76524,10
13.0066795349,80.247253418,76524,76534,10
13.0066699982,80.2474899292,76534,76544,10
13.0066699982,80.2481994629,76544,76554,10
13.0067596436,80.249206543,76554,76565,11
13.0067996979,80.2496795654,76565,76575,10
13.0067901611,80.2498779297,76575,76585,10
13.0067596436,80.250289917,76585,76595,10
13.0067396164,80.250869751,76595,76605,10
13.0067300797,80.2512969971,76605,76615,10
13.0066299438,80.2519226074,76615,76625,10
13.0064897537,80.2526473999,76625,76635,10
13.006480217,80.2536087036,76635,76645,10
13.0065002441,80.254447937,76645,76655,10
13.0065402985,80.2546920776,76655,76665,10
13.0065402985,80.2548675537,76665,76675,10
13.0065202713,80.2553787231,76675,76686,11
13.006529808,80.2562408447,76686,76696,10
13.006529808,80.2566299438,76696,76706,10
13.0065803528,80.2571182251,76706,76776,70
13.0065803528,80.2571182251,76776,76786,10
13.0066795349,80.2573699951,76786,76796,10
13.0064897537,80.2575912476,76796,76806,10
13.0062103271,80.2575836182,76806,76817,11
13.0055198669,80.2574081421,76817,76827,10
13.0049200058,80.2572021484,76827,76837,10
13.0043401718,80.2570877075,76837,76847,10
13.0036497116,80.256942749,76847,76857,10
13.0031700134,80.2568511963,76857,76867,10
13.0026798248,80.2567596436,76867,76877,10
13.0023002625,80.2566986084,76877,76887,10
13.0021696091,80.256690979,76887,76897,10
13.0020399094,80.2566680908,76897,76907,10
13.0019102097,80.256652832,76907,76917,10
13.00137043,80.2565689087,76917,76927,10
12.9999904633,80.2563705444,76927,76948,21
12.9999904633,80.2563705444,76948,76958,10
12.9999198914,80.2563171387,76958,76968,10
12.9996900558,80.2562789917,76968,76978,10
12.9993400574,80.2562179565,76978,76988,10
12.9988002777,80.2561035156,76988,76998,10
12.9984197617,80.2560424805,76998,77008,10
12.9980697632,80.2559661865,77008,77018,10
12.9975404739,80.2559204102,77018,77028,10
12.997010231,80.2559432983,77028,77038,10
12.9968500137,80.2562179565,77038,77048,10
12.9968004227,80.2566833496,77048,77059,11
12.9967603683,80.2573013306,77059,77069,10
12.9967002869,80.2579193115,77069,77079,10
12.9966201782,80.2584762573,77079,77089,10
12.9965696335,80.2589569092,77089,77099,10
12.9965000153,80.259437561,77099,77109,10
12.9964399338,80.2598419189,77109,77119,10
12.9963903427,80.2603225708,77119,77129,10
12.9963598251,80.2607727051,77129,77139,10
12.9963302612,80.261177063,77139,77149,10
12.9962797165,80.2616119385,77149,77159,10
12.9962501526,80.2618484497,77159,77169,10
12.9962100983,80.2622299194,77169,77180,11
12.9961795807,80.262336731,77180,77190,10
12.9961204529,80.2627410889,77190,77200,10
12.9960803986,80.2631378174,77200,77210,10
12.9960403442,80.2637023926,77210,77220,10
12.9959602356,80.2644729614,77220,77230,10
12.9958600998,80.2652435303,77230,77240,10
12.9957704544,80.2660827637,77240,77250,10
12.9956798553,80.2668991089,77250,77260,10
12.9956197739,80.2675704956,77260,77270,10
12.9959402084,80.2677230835,77270,77280,10
12.9966402054,80.2677993774,77280,77290,10
12.9974899292,80.2675933838,77290,77300,10
12.9981498718,80.2674026489,77300,77311,11
12.9988498688,80.2671890259,77311,77321,10
12.9992303848,80.2670669556,77321,77331,10
12.9998703003,80.2668304443,77331,77341,10
13.0001001358,80.2663192749,77341,77351,10
13.0001602173,80.2658615112,77351,77361,10
13.0002202988,80.2657165527,77361,77371,10
13.0003004074,80.2658233643,77371,77381,10
13.0002603531,80.2660598755,77381,77391,10
13.0002098083,80.2662811279,77391,78157,766
13.0002098083,80.2662811279,78157,78168,11
13.0002498627,80.2667236328,78168,78178,10
13.0001897812,80.2668380737,78178,78188,10
12.9998598099,80.2669677734,78188,78198,10
12.999250412,80.2671127319,78198,78208,10
12.9986696243,80.2672576904,78208,78218,10
12.9982404709,80.2673721313,78218,78228,10
12.9977703094,80.2675094604,78228,78238,10
12.9972200394,80.2676773071,78238,78248,10
12.9966697693,80.2677764893,78248,78258,10
12.9960203171,80.2677307129,78258,78268,10
12.995639801,80.2675476074,78268,78278,10
12.9956502914,80.2674331665,78278,78289,11
12.9957199097,80.2668762207,78289,78299,10
12.9958400726,80.2659835815,78299,78309,10
12.9959497452,80.2649078369,78309,78319,10
12.9960298538,80.264289856,78319,78329,10
12.9961299896,80.263381958,78329,78339,10
12.9962100983,80.2626495361,78339,78349,10
12.9962797165,80.2621688843,78349,78359,10
12.9963502884,80.26171875,78359,78369,10
12.9964399338,80.2610168457,78369,78379,10
12.996509552,80.2602310181,78379,78389,10
12.9965600967,80.2595825195,78389,78399,10
12.9966096878,80.2590637207,78399,78409,10
12.9967002869,80.2583236694,78409,78420,11
12.9968099594,80.2573165894,78420,78430,10
12.9968700409,80.2565689087,78430,78440,10
12.9968900681,80.256187439,78440,78450,10
12.9969797134,80.2558364868,78450,78460,10
12.9973602295,80.255859375,78460,78470,10
12.9979496002,80.2559280396,78470,78480,10
12.9986000061,80.2560272217,78480,78489,9
12.9988002777,80.2560424805,78489,78500,11
12.9988498688,80.2560424805,78500,78510,10
12.9992599487,80.2561035156,78510,78520,10
12.9999904633,80.2562484741,78520,78530,10
13.0007600784,80.256401062,78530,78541,11
13.0015802383,80.2565231323,78541,78551,10
13.0024995804,80.2566833496,78551,78561,10
13.0033397675,80.2568511963,78561,78571,10
13.0040903091,80.2570037842,78571,78581,10
13.0045604706,80.2571029663,78581,78591,10
13.0052099228,80.2571792603,78591,78601,10
13.006070137,80.2573699951,78601,78611,10
13.0065402985,80.2572631836,78611,78621,10
13.0065002441,80.2567672729,78621,78631,10
13.006480217,80.2558670044,78631,78641,10
13.0065498352,80.2551727295,78641,78651,10
13.0065402985,80.2545776367,78651,78662,11
13.0065698624,80.253692627,78662,78682,20
13.0065698624,80.253692627,78682,78692,10
13.0066003799,80.2534179688,78692,78712,20
13.0066003799,80.2534179688,78712,78722,10
13.0065498352,80.2531967163,78722,78732,10
13.0065698624,80.2530975342,78732,78742,10
13.0065803528,80.2527770996,78742,78752,10
13.0066204071,80.2523117065,78752,78762,10
13.0066795349,80.2518234253,78762,78772,10
13.0067796707,80.2510986328,78772,78782,10
13.0067996979,80.2501831055,78782,78792,10
13.0067596436,80.2490768433,78792,78803,11
13.0066795349,80.2481384277,78803,78813,10
13.0066900253,80.2478103638,78813,78823,10
13.0066900253,80.2472915649,78823,78833,10
13.0066795349,80.2467803955,78833,78843,10
13.006649971,80.2465896606,78843,78853,10
13.0066299438,80.2464599609,78853,78863,10
13.006649971,80.2461776733,78863,78873,10
13.0066604614,80.2454681396,78873,78883,10
13.0066404343,80.244720459,78883,78893,10
13.0066204071,80.2440414429,78893,78904,11
13.0066099167,80.243560791,78904,78914,10
13.0065803528,80.2430725098,78914,78924,10
13.0065498352,80.2422790527,78924,78934,10
13.0065603256,80.2412719727,78934,78944,10
13.0066900253,80.2404937744,78944,78974,30
13.0066900253,80.2404937744,78974,78984,10
13.0067596436,80.2402496338,78984,78994,10
13.0068597794,80.2396774292,78994,79004,10
13.0069999695,80.2388534546,79004,79014,10
13.007229805,80.2378616333,79014,79024,10
13.0073795319,80.2372207642,79024,79035,11
13.007399559,80.237159729,79035,79045,10
13.0074300766,80.2370986938,79045,79055,10
13.0074596405,80.2367019653,79055,79065,10
13.0075998306,80.2361526489,79065,79075,10
13.0077495575,80.2353668213,79075,79085,10
13.0079202652,80.2344665527,79085,79095,10
13.0081195831,80.233543396,79095,79105,10
13.0083198547,80.2325210571,79105,79115,10
13.0085096359,80.2314224243,79115,79125,10
13.0087003708,80.2303390503,79125,79135,10
13.0088996887,80.229347229,79135,79145,10
13.0090799332,80.2285232544,79145,79156,11
13.0093803406,80.2276916504,79156,79166,10
13.0096998215,80.2269821167,79166,79176,10
13.0100097656,80.2262878418,79176,79186,10
13.0103597641,80.2255706787,79186,79196,10
13.0106601715,80.2249221802,79196,79206,10
13.0109996796,80.2242279053,79206,79216,10
13.0113601685,80.2233505249,79216,79226,10
13.0117902756,80.2223434448,79226,79236,10
13.0120401382,80.2216262817,79236,79246,10
13.012339592,80.2214813232,79246,79256,10
13.0126600266,80.2219772339,79256,79266,10
13.0131998062,80.2226333618,79266,79277,11
13.0139904022,80.2235412598,79277,79287,10
13.014670372,80.2243728638,79287,79297,10
13.0152997971,80.224937439,79297,79307,10
13.0155200958,80.2250518799,79307,79317,10
13.0156602859,80.2251586914,79317,79327,10
13.016119957,80.2253570557,79327,79337,10
13.0167303085,80.2252426147,79337,79347,10
13.0175504684,80.224899292,79347,79357,10
13.0183897018,80.224571228,79357,79367,10
13.0190896988,80.224357605,79367,79376,9
13.0194702148,80.2244033813,79376,79387,11
13.0194997787,80.2244110107,79387,79397,10
13.019659996,80.2244873047,79397,79408,11
13.0199899673,80.2247161865,79408,79418,10
13.0203895569,80.2250137329,79418,79428,10
13.0208597183,80.2253494263,79428,79438,10
13.021320343,80.2257232666,79438,79448,10
13.0218200684,80.22605896,79448,79458,10
13.0219802856,80.2261810303,79458,79468,10
13.0221996307,80.2263870239,79468,79478,10
13.0227298737,80.2268600464,79478,79488,10
13.0232801437,80.2273788452,79488,79498,10
13.0237503052,80.2278213501,79498,79508,10
13.0242595673,80.2283630371,79508,79518,10
13.0247001648,80.2289886475,79518,79529,11
13.0253095627,80.2297897339,79529,79539,10
13.0257396698,80.2304763794,79539,79549,10
13.0259599686,80.2310714722,79549,79559,10
13.0261096954,80.2313613892,79559,79569,10
13.0266599655,80.2312164307,79569,79579,10
13.0276603699,80.2309875488,79579,79589,10
13.0285196304,80.2309112549,79589,79599,10
13.0291700363,80.2308578491,79599,79609,10
13.0297603607,80.2307891846,79609,79619,10
13.0305404663,80.2307281494,79619,79629,10
13.0311203003,80.230682373,79629,79645,16
13.0317602158,80.2306594849,79645,79657,12
13.0326404572,80.2305908203,79657,79668,11
13.0329399109,80.2305603027,79668,79677,9
13.0330400467,80.2305297852,79677,79687,10
13.0331602097,80.230506897,79687,79698,11
13.033539772,80.2304916382,79698,79728,30
13.033539772,80.2304916382,79728,79737,9
13.033829689,80.2304992676,79737,79789,52
13.033829689,80.2304992676,79789,79799,10
13.0339002609,80.2304534912,79799,79809,10
13.0341596603,80.2304382324,79809,79829,20
13.0341596603,80.2304382324,79829,79839,10
13.0344200134,80.2303771973,79839,79849,10
13.0346603394,80.2303390503,79849,79869,20
13.0346603394,80.2303390503,79869,79879,10
13.034910202,80.2304534912,79879,79889,10
13.0349302292,80.2304992676,79889,79900,11
13.0349597931,80.2306671143,79900,79910,10
13.0348796844,80.2311630249,79910,79920,10
13.0347795486,80.2319793701,79920,79929,9
13.0346403122,80.2328186035,79929,79940,11
13.0345697403,80.2333602905,79940,79950,10
13.0345001221,80.2337417603,79950,79960,10
13.0344200134,80.234336853,79960,79970,10
13.034330368,80.2351074219,79970,79980,10
13.0342197418,80.2360687256,79980,79990,10
13.0341100693,80.2370834351,79990,80020,30
13.0340995789,80.2371902466,80020,80041,21
13.0340995789,80.2371902466,80041,80051,10
13.0342702866,80.2374572754,80051,80061,10
13.0346603394,80.2380523682,80061,80071,10
13.0351104736,80.2387619019,80071,80081,10
13.035490036,80.2393417358,80081,80091,10
13.0361404419,80.2394180298,80091,80101,10
13.0371398926,80.2395401001,80101,80110,9
13.0380401611,80.2396316528,80110,80121,11
13.0390996933,80.2397613525,80121,80131,10
13.0397996902,80.2398376465,80131,80141,10
13.0402297974,80.2399215698,80141,80152,11
13.0403795242,80.240196228,80152,80162,10
13.0405702591,80.2405090332,80162,80172,10
13.0410404205,80.240562439,80172,80182,10
13.0413799286,80.2406082153,80182,80192,10
13.0421895981,80.2406997681,80192,80202,10
13.0430803299,80.240852356,80202,80212,10
13.0440397263,80.2409133911,80212,80222,10
13.0449104309,80.2403106689,80222,80273,51
13.0449104309,80.2403106689,80273,80283,10
13.0450000763,80.2402191162,80283,80293,10
13.0454397202,80.2399368286,80293,80303,10
13.0460395813,80.2395477295,80303,80313,10
13.046500206,80.2395935059,80313,80323,10
13.0465803146,80.2396011353,80323,80333,10
13.0469799042,80.2397003174,80333,80343,10
13.0473203659,80.2397613525,80343,80353,10
13.0479202271,80.2398910522,80353,80363,10
13.0486402512,80.2400588989,80363,80373,10
13.0494203568,80.2401885986,80373,80383,10
13.0501003265,80.2403411865,80383,80393,10
13.0507001877,80.2404708862,80393,80404,11
13.0512104034,80.2405776978,80404,80414,10
13.0514602661,80.2406234741,80414,80424,10
13.0521802902,80.2407913208,80424,80434,10
13.0524997711,80.2411575317,80434,80444,10
13.0527200699,80.2416763306,80444,80454,10
13.0531396866,80.2418823242,80454,80464,10
13.0537595749,80.2421875,80464,80474,10
13.054019928,80.2422485352,80474,80484,10
13.0541200638,80.2422866821,80484,80494,10
13.0546197891,80.2423324585,80494,80504,10
13.055439949,80.2422180176,80504,80515,11
13.0563201904,80.2425537109,80515,80525,10
13.05671978,80.2426376343,80525,80535,10
13.0571699142,80.2428131104,80535,80545,10
13.0577096939,80.2427825928,80545,80555,10
13.0579204559,80.2427368164,80555,80565,10
13.0585002899,80.2426300049,80565,80581,16
13.0596103668,80.2425994873,80581,80593,12
13.0606603622,80.2429275513,80593,80601,8
13.0611200333,80.243057251,80601,80613,12
13.0617198944,80.2432022095,80613,80623,10
13.0623598099,80.243309021,80623,80633,10
13.0625,80.243347168,80633,80643,10
13.0626497269,80.2434005737,80643,80654,11
13.0632095337,80.2434997559,80654,80663,9
13.0639400482,80.2435379028,80663,80674,11
13.0646696091,80.2435379028,80674,80684,10
13.065199852,80.2435379028,80684,80694,10
13.0654296875,80.2435684204,80694,80703,9
13.0658197403,80.2435302734,80703,80714,11
13.0661897659,80.2434310913,80714,80724,10
13.0665302277,80.2433013916,80724,80734,10
13.0669403076,80.2431716919,80734,80744,10
13.0675802231,80.2428817749,80744,80754,10
13.0683002472,80.2426605225,80754,80764,10
13.0689496994,80.2424087524,80764,80775,11
13.0694999695,80.2421875,80775,80785,10
13.0699100494,80.2420730591,80785,80795,10
13.070110321,80.2420883179,80795,80805,10
13.0706100464,80.2419433594,80805,80815,10
13.0713100433,80.2416763306,80815,80825,10
13.0719995499,80.241317749,80825,80835,10
13.0725698471,80.2409591675,80835,80845,10
13.073340416,80.2406768799,80845,80855,10
13.0740404129,80.2404937744,80855,80865,10
13.0748596191,80.2404632568,80865,80875,10
13.0757598877,80.2404403687,80875,80885,10
13.0765800476,80.2405090332,80885,80896,11
13.0770998001,80.2404632568,80896,80906,10
13.0770397186,80.2398605347,80906,80916,10
13.0768499374,80.2391204834,80916,80926,10
13.076669693,80.2384262085,80926,80936,10
13.0765104294,80.2378692627,80936,80946,10
13.0764198303,80.2374572754,80946,80956,10
13.0764102936,80.2374420166,80956,80966,10
13.076379776,80.2372817993,80966,80976,10
13.076259613,80.2366409302,80976,80986,10
13.0761699677,80.2358703613,80986,80996,10
13.0760803223,80.2352905273,80996,81007,11
13.0758600235,80.2344970703,81007,81017,10
13.0757303238,80.2339401245,81017,81027,10
13.0761299133,80.233757019,81027,81037,10
13.0767602921,80.2336807251,81037,81047,10
13.077580452,80.2335662842,81047,81057,10
13.0782604218,80.233543396,81057,81067,10
13.0788402557,80.2335281372,81067,81077,10
13.0794200897,80.2335128784,81077,81086,9
13.0799198151,80.2334976196,81086,81097,11
13.0802097321,80.2334976196,81097,81107,10
13.0804796219,80.2335205078,81107,81117,10
13.0810203552,80.233543396,81117,81127,10
13.0816202164,80.233581543,81127,81138,11
13.0819196701,80.2335586548,81138,81148,10
13.081990242,80.2331771851,81148,81158,10
13.0821399689,80.232421875,81158,81168,10
13.0824899673,80.2314376831,81168,81178,10
13.082859993,80.2306594849,81178,81188,10
13.0831098557,80.2307662964,81188,81198,10
13.0831604004,80.2314071655,81198,81208,10
13.0831804276,80.2323532104,81208,81218,10
13.0833997726,80.2332000732,81218,81228,10
13.083439827,80.233543396,81228,81238,10
13.0834598541,80.2336730957,81238,81248,10
13.083820343,80.2339172363,81248,81258,10
13.0840597153,80.2339782715,81258,81269,11
13.0843601227,80.2340393066,81269,81279,10
13.0850200653,80.2341918945,81279,81289,10
13.0857601166,80.2343597412,81289,81299,10
13.0860700607,80.234413147,81299,81309,10
13.0867900848,80.2345199585,81309,81319,10
13.087770462,80.2343826294,81319,81329,10
13.08796978,80.2334365845,81329,81339,10
13.0882396698,80.2322463989,81339,81349,10
13.0884799957,80.2313690186,81349,81359,10
13.0888004303,80.2305984497,81359,81368,9
13.0888900757,80.2304382324,81368,81380,12
13.0890903473,80.2300796509,81380,81390,10
13.0895004272,80.2293701172,81390,81400,10
13.0902099609,80.2285690308,81400,81410,10
13.0909996033,80.227722168,81410,81420,10
13.0914096832,80.2272567749,81420,81430,10
13.0914096832,80.2272491455,81430,81440,10
13.0916996002,80.2269821167,81440,81450,10
13.092300415,80.2263565063,81450,81460,10
13.0931196213,80.2255401611,81460,81470,10
13.0935401917,80.2250823975,81470,81480,10
13.0936403275,80.2249832153,81480,81490,10
13.094039917,80.2244873047,81490,81500,10
13.0946102142,80.2237091064,81500,81511,11
13.0951004028,80.2227401733,81511,81521,10
13.0951795578,80.2225189209,81521,81531,10
13.0953702927,80.2221221924,81531,81541,10
13.0956296921,80.2213592529,81541,81551,10
13.0959596634,80.2204589844,81551,81561,10
13.0962095261,80.2197189331,81561,81571,10
13.0962896347,80.2194900513,81571,81581,10
13.0964097977,80.2191390991,81581,81591,10
13.0965099335,80.2189407349,81591,81601,10
13.0967102051,80.2182998657,81601,81611,10
13.0970401764,80.217338562,81611,81621,10
13.0972099304,80.2168426514,81621,81632,11
13.0972204208,80.2167816162,81632,81642,10
13.0974197388,80.2162780762,81642,81652,10
13.097820282,80.2153701782,81652,81662,10
13.0982904434,80.2142868042,81662,81672,10
13.0986795425,80.2139663696,81672,81682,10
13.0992603302,80.2142181396,81682,81692,10
13.0998001099,80.2143630981,81692,81702,10
13.1001501083,80.2144470215,81702,81732,30
13.1001501083,80.2144470215,81732,81742,10
13.1001996994,80.2146835327,81742,81752,10
13.1001796722,80.2151184082,81752,81763,11
13.0999803543,80.2156066895,81763,81773,10
13.0998802185,80.2160568237,81773,81793,20
13.0998802185,80.2160568237,81793,81803,10
13.0998001099,80.2164611816,81803,81813,10
13.0995702744,80.2172012329,81813,81823,10
13.0993995667,80.2180175781,81823,81833,10
13.0993003845,80.2186889648,81833,81843,10
13.0992202759,80.2192001343,81843,81853,10
13.0991401672,80.2196731567,81853,81863,10
13.0990400314,80.2201766968,81863,81872,9
13.0988998413,80.2209472656,81872,81884,12
13.0987300873,80.2223892212,81884,81894,10
13.0991296768,80.2234420776,81894,81904,10
13.0996704102,80.2244110107,81904,81914,10
13.0998401642,80.2252120972,81914,81924,10
13.0999403,80.2258682251,81924,81934,10
13.1000204086,80.2266082764,81934,81944,10
13.1000204086,80.2275619507,81944,81954,10
13.0999603271,80.2283401489,81954,81964,10
13.0998497009,80.2289276123,81964,81974,10
13.0997600555,80.2294998169,81974,81984,10
13.0996103287,80.2301101685,81984,81995,11
13.0994300842,80.2307510376,81995,82004,9
13.0991601944,80.2313308716,82004,82015,11
13.098859787,80.2320709229,82015,82025,10
13.0987100601,80.2327575684,82025,82035,10
13.0985403061,80.2338485718,82035,82045,10
13.0984601974,80.2346725464,82045,82055,10
13.0983600616,80.2353591919,82055,82065,10
13.0982503891,80.2360076904,82065,82075,10
13.0981397629,80.2367782593,82075,82085,10
13.0979995728,80.2374420166,82085,82095,10
13.0978603363,80.2381973267,82095,82105,10
13.0977401733,80.2390365601,82105,82115,10
13.0976600647,80.2398300171,82115,82125,10
13.0975799561,80.2408218384,82125,82136,11
13.0974597931,80.2417297363,82136,82146,10
13.0974302292,80.2420272827,82146,82156,10
13.0977401733,80.2421722412,82156,82166,10
13.0982599258,80.2422714233,82166,82176,10
13.0985803604,80.2422714233,82176,83275,1099
13.0987701416,80.2421035767,83275,83295,20
13.0987701416,80.2421035767,83295,83305,10
13.0987796783,80.2418823242,83305,83315,10
13.0988101959,80.2417373657,83315,83325,10
13.098859787,80.2414703369,83325,83335,10
13.0989198685,80.2412185669,83335,83345,10
13.0989599228,80.2410430908,83345,83356,11
13.0989704132,80.240737915,83356,83366,10
13.0988702774,80.2404632568,83366,83527,161
13.0988702774,80.2404632568,83527,83537,10
13.098859787,80.2403411865,83537,83729,192
13.098859787,80.2403411865,83729,83739,10
13.0988903046,80.2401809692,83739,83749,10
13.0990104675,80.2401275635,83749,83759,10
13.0991001129,80.2403182983,83759,83769,10
13.0990400314,80.2405319214,83769,83779,10
