13.1199798584,80.2587890625,11,748,737
13.1199798584,80.2587890625,748,758,10
13.1202402115,80.2587127686,758,768,10
13.1203203201,80.2586364746,768,778,10
13.1203403473,80.258430481,778,788,10
13.1206598282,80.2583465576,788,1625,837
13.1204204559,80.2583770752,1625,1645,20
13.1204204559,80.2583770752,1645,1655,10
13.1204204559,80.2586212158,1655,2644,989
13.1204204559,80.2586212158,2644,2654,10
13.1207199097,80.2585525513,2654,3047,393
13.1207199097,80.2585525513,3047,3057,10
13.1204595566,80.2587509155,3057,3068,11
13.1202001572,80.2587814331,3068,3078,10
13.1199703217,80.2586975098,3078,3088,10
13.1199302673,80.2584609985,3088,3098,10
13.1199102402,80.2580184937,3098,6416,3318
13.1199102402,80.2580032349,6416,6466,50
13.1198997498,80.2580108643,6466,20627,14161
13.1198997498,80.2580108643,20627,20637,10
13.1201496124,80.2581481934,20637,20647,10
13.120349884,80.2582473755,20647,20657,10
13.1204004288,80.258682251,20657,21474,817
13.1204004288,80.258682251,21474,21484,10
13.1204500198,80.2589111328,21484,21494,10
13.1205301285,80.2591629028,21494,21545,51
13.1205301285,80.2591629028,21545,21555,10
13.1204795837,80.2593994141,21555,21565,10
13.1201896667,80.2593917847,21565,21575,10
13.119799614,80.2594223022,21575,21585,10
13.1193399429,80.259437561,21585,21595,10
13.1188697815,80.259437561,21595,21605,10
13.118470192,80.2594070435,21605,21615,10
13.1183395386,80.2591934204,21615,21626,11
13.1183900833,80.2590713501,21626,21636,10
13.118470192,80.2586593628,21636,21646,10
13.1186304092,80.2579879761,21646,21656,10
13.1187801361,80.2572402954,21656,21666,10
13.1188898087,80.2569503784,21666,21676,10
13.119099617,80.2564926147,21676,21686,10
13.1194601059,80.2557983398,21686,21696,10
13.1198797226,80.2551269531,21696,21706,10
13.1203203201,80.2546234131,21706,21716,10
13.1204395294,80.2544784546,21716,21726,10
13.1207895279,80.2541275024,21726,21737,11
13.1213302612,80.2534332275,21737,21747,10
13.1216497421,80.2524795532,21747,21757,10
13.1219396591,80.2514038086,21757,21767,10
13.1223802567,80.250328064,21767,21777,10
13.1228103638,80.2492523193,21777,21787,10
13.1233501434,80.2485275269,21787,21797,10
13.1237201691,80.2480621338,21797,21807,10
13.1241703033,80.2475662231,21807,21817,10
13.1246500015,80.2470016479,21817,21827,10
13.1252403259,80.2463912964,21827,21837,10
13.1258497238,80.2457199097,21837,21847,10
13.1263799667,80.2450332642,21847,21858,11
13.1269702911,80.2442321777,21858,21868,10
13.1273899078,80.2436294556,21868,21878,10
13.127579689,80.2432785034,21878,21888,10
13.1278295517,80.2428817749,21888,21898,10
13.1281003952,80.2425079346,21898,21908,10
13.1283502579,80.2421569824,21908,21918,10
13.1286296844,80.2417297363,21918,21928,10
13.1288099289,80.2414779663,21928,21938,10
13.1289596558,80.2413024902,21938,21957,19
13.1289596558,80.2413024902,21957,21969,12
13.1291399002,80.2410430908,21969,21979,10
13.1294403076,80.2406082153,21979,21989,10
13.1298398972,80.2400436401,21989,21999,10
13.1302700043,80.239440918,21999,22009,10
13.1305599213,80.2390899658,22009,22019,10
13.1309404373,80.2387008667,22019,22029,10
13.1313800812,80.238067627,22029,22039,10
13.131819725,80.2374267578,22039,22049,10
13.1321401596,80.2369613647,22049,22059,10
13.132349968,80.2366867065,22059,22069,10
13.1327600479,80.2361221313,22069,22079,10
13.1332798004,80.2353668213,22079,22090,11
13.1339998245,80.2343826294,22090,22100,10
13.1346597672,80.2334823608,22100,22110,10
13.1352901459,80.2326889038,22110,22120,10
13.1359300613,80.2318267822,22120,22130,10
13.1364402771,80.231086731,22130,22140,10
13.1365003586,80.2310028076,22140,22150,10
13.1364898682,80.2309875488,22150,22160,10
13.1367197037,80.2306976318,22160,22170,10
13.137140274,80.2301330566,22170,22180,10
13.1377096176,80.2293624878,22180,22190,10
13.1383895874,80.2284317017,22190,22201,11
13.139169693,80.2274017334,22201,22211,10
13.1398801804,80.2264633179,22211,22221,10
13.1405801773,80.2255172729,22221,22231,10
13.1412601471,80.224571228,22231,22241,10
13.141960144,80.2236404419,22241,22251,10
13.1426401138,80.2226867676,22251,22261,10
13.1433200836,80.2217407227,22261,22271,10
13.1439504623,80.2208023071,22271,22281,10
13.1440401077,80.2200927734,22281,22291,10
13.1441602707,80.2197875977,22291,22301,10
13.1445703506,80.219581604,22301,22310,9
13.1447000504,80.2195281982,22310,22322,12
13.1451797485,80.2192001343,22322,22332,10
13.14564991,80.2185668945,22332,22342,10
13.1462202072,80.2177734375,22342,22352,10
13.146900177,80.2168197632,22352,22362,10
13.1475696564,80.2158737183,22362,22372,10
13.1482601166,80.2149429321,22372,22382,10
13.1489400864,80.2139968872,22382,22392,10
13.1496400833,80.2130584717,22392,22402,10
13.1503000259,80.2121505737,22402,22412,10
13.1510095596,80.2112121582,22412,22422,10
13.151720047,80.2102813721,22422,22433,11
13.1524896622,80.2092666626,22433,22443,10
13.1530895233,80.2085037231,22443,22453,10
13.1533203125,80.208152771,22453,22463,10
13.1534900665,80.2079162598,22463,22473,10
13.1538496017,80.2074432373,22473,22483,10
13.1543102264,80.206817627,22483,22493,10
13.1549100876,80.2061004639,22493,22503,10
13.155670166,80.2053527832,22503,22513,10
13.1564903259,80.2046890259,22513,22523,10
13.1574602127,80.2040863037,22523,22533,10
13.1582098007,80.2037277222,22533,22543,10
13.1583900452,80.2036590576,22543,22554,11
13.1590204239,80.2034988403,22554,22564,10
13.1598701477,80.2033081055,22564,22574,10
13.1610002518,80.2031097412,22574,22584,10
13.1621599197,80.2029037476,22584,22594,10
13.1633396149,80.2026519775,22594,22604,10
13.1645097733,80.2023162842,22604,22614,10
13.1656703949,80.2019729614,22614,22624,10
13.1667804718,80.201423645,22624,22634,10
13.1678800583,80.2007980347,22634,22644,10
13.168970108,80.2002029419,22644,22654,10
13.1700401306,80.1995620728,22654,22665,11
13.1710796356,80.1989822388,22665,22675,10
13.1720399857,80.1984405518,22675,22685,10
13.1730604172,80.1978607178,22685,22695,10
13.1740999222,80.1972808838,22695,22705,10
13.1751203537,80.1967010498,22705,22715,10
13.176150322,80.1961288452,22715,22725,10
13.1771697998,80.1955566406,22725,22735,10
13.1781797409,80.1949920654,22735,22745,10
13.1792001724,80.1944122314,22745,22755,10
13.1802101135,80.1938476563,22755,22765,10
13.1812295914,80.1932830811,22765,22775,10
13.1822500229,80.1927108765,22775,22786,11
13.183380127,80.1922225952,22786,22796,10
13.1841001511,80.1920166016,22796,22806,10
13.1842699051,80.1916503906,22806,22816,10
13.184679985,80.1914520264,22816,22826,10
13.1852197647,80.1910629272,22826,22836,10
13.1857204437,80.1906433105,22836,22846,10
13.1863002777,80.1900482178,22846,22856,10
13.1871500015,80.1896820068,22856,22866,10
13.1876897812,80.1893310547,22866,22876,10
13.1878995895,80.1891021729,22876,22885,9
13.1882200241,80.1887207031,22885,22897,12
13.1887903214,80.1881408691,22897,22907,10
13.1892595291,80.187713623,22907,22917,10
13.1894598007,80.1875228882,22917,22927,10
13.1898403168,80.1871795654,22927,22937,10
13.1904096603,80.1866607666,22937,22947,10
13.1909399033,80.1861801147,22947,22957,10
13.1915102005,80.1856613159,22957,22967,10
13.1922101974,80.1850128174,22967,22977,10
13.1928195953,80.1844406128,22977,23048,71
13.1928195953,80.1844406128,23048,23058,10
13.1929197311,80.1843566895,23058,23068,10
13.1930999756,80.1841812134,23068,23078,10
13.1931495667,80.1841278076,23078,23088,10
13.1933898926,80.183921814,23088,23098,10
13.1938400269,80.1835174561,23098,23108,10
13.1944599152,80.1829528809,23108,23118,10
13.1952400208,80.1822509766,23118,23129,11
13.1959104538,80.181640625,23129,23139,10
13.1963701248,80.1811523438,23139,23149,10
13.1966495514,80.181098938,23149,23159,10
13.1968202591,80.1811218262,23159,23169,10
13.1969804764,80.1808013916,23169,23179,10
13.1973695755,80.180267334,23179,23189,10
13.1979904175,80.1797409058,23189,23199,10
13.1987199783,80.1791992188,23199,23209,10
13.199379921,80.1787109375,23209,23219,10
13.200220108,80.178062439,23219,23229,10
13.2011404037,80.1773834229,23229,23239,10
13.2020998001,80.1766433716,23239,23250,11
13.2031497955,80.1758499146,23250,23260,10
13.2039203644,80.1752929688,23260,23270,10
13.204079628,80.175163269,23270,23280,10
13.2043304443,80.1749572754,23280,23290,10
13.2048797607,80.1746063232,23290,23300,10
13.2056903839,80.1740875244,23300,23310,10
13.2066698074,80.1734771729,23310,23320,10
13.2076797485,80.1729125977,23320,23330,10
13.2087497711,80.1723937988,23330,23340,10
13.2098798752,80.1719207764,23340,23350,10
13.2110204697,80.1715011597,23350,23360,10
13.2121496201,80.171081543,23360,23371,11
13.2133798599,80.1706314087,23371,23381,10
13.2144899368,80.1702270508,23381,23391,10
13.2155399323,80.1698226929,23391,23401,10
13.2165603638,80.1693267822,23401,23411,10
13.2173500061,80.1689987183,23411,23421,10
13.2177400589,80.1688613892,23421,23431,10
13.2184000015,80.1686706543,23431,23441,10
13.2191801071,80.1684036255,23441,23451,10
13.2199401855,80.168182373,23451,23461,10
13.2206497192,80.1678237915,23461,23471,10
13.2213401794,80.1675415039,23471,23482,11
13.2215299606,80.1674804688,23482,23492,10
13.2220897675,80.1672668457,23492,23502,10
13.222869873,80.1669769287,23502,23512,10
13.2238702774,80.1666183472,23512,23522,10
13.2249403,80.1661834717,23522,23532,10
13.2259502411,80.1655578613,23532,23542,10
13.226770401,80.1647720337,23542,23552,10
13.2274999619,80.1641235352,23552,23562,10
13.2274999619,80.1641235352,23562,23572,10
13.2275104523,80.1641235352,23572,23582,10
13.2308197021,80.1642227173,23582,23648,66
13.2308197021,80.1642227173,23648,23678,30
13.2348804474,80.1625518799,23678,23688,10
13.2348804474,80.1625518799,23688,23708,20
13.2370300293,80.1616592407,23708,23719,11
13.2380895615,80.1613006592,23719,23729,10
13.2390699387,80.1610031128,23729,23739,10
13.239780426,80.1607971191,23739,23749,10
13.2398099899,80.1607971191,23749,23759,10
13.2399501801,80.1607589722,23759,23769,10
13.2404499054,80.1606063843,23769,23779,10
13.2411003113,80.160369873,23779,23789,10
13.2418899536,80.1600799561,23789,23799,10
13.2428598404,80.1596603394,23799,23809,10
13.2438602448,80.1592407227,23809,23819,10
13.2446603775,80.1588363647,23819,23830,11
13.245639801,80.1583023071,23830,23840,10
13.2465801239,80.1577911377,23840,23850,10
13.247130394,80.1575088501,23850,23860,10
13.2471599579,80.1575012207,23860,23870,10
13.2473697662,80.157371521,23870,23880,10
13.2478399277,80.1571426392,23880,23890,10
13.2484998703,80.1568069458,23890,23900,10
13.2491798401,80.1564712524,23900,23910,10
13.2498197556,80.1561508179,23910,23920,10
13.2505598068,80.1557922363,23920,23930,10
13.2515001297,80.1555023193,23930,23940,10
13.2525100708,80.155380249,23940,23951,11
13.2535600662,80.1552581787,23951,23961,10
13.2540102005,80.1549072266,23961,23971,10
13.2546195984,80.1549606323,23971,23981,10
13.2553501129,80.1550827026,23981,23991,10
13.2574195862,80.1552886963,23991,24001,10
13.2574195862,80.1552886963,24001,24011,10
13.2585802078,80.1554031372,24011,24019,8
13.2594203949,80.155456543,24019,24031,12
13.2607498169,80.1552734375,24031,24041,10
13.2618703842,80.1549530029,24041,24051,10
13.2625703812,80.1548461914,24051,24062,11
13.2627401352,80.1547927856,24062,24072,10
13.2630300522,80.1547012329,24072,24082,10
13.2645301819,80.1542892456,24082,24092,10
13.2645301819,80.1542892456,24092,24102,10
13.2656097412,80.1539916992,24102,24111,9
13.2744197845,80.1511917114,24111,24179,68
13.2744197845,80.1511917114,24179,24198,19
13.2765197754,80.1504516602,24198,24209,11
13.2776098251,80.150177002,24209,24219,10
13.2786502838,80.1499786377,24219,24229,10
13.2798404694,80.1498184204,24229,24239,10
13.2810602188,80.1496429443,24239,24249,10
13.2822599411,80.1494598389,24249,24259,10
13.2834501266,80.1492996216,24259,24269,10
13.284620285,80.1491317749,24269,24279,10
13.2857999802,80.1489715576,24279,24289,10
13.2868204117,80.1488494873,24289,24300,11
13.2879896164,80.1486968994,24300,24310,10
13.2888097763,80.1485977173,24310,24320,10
13.2894296646,80.1484222412,24320,24330,10
13.2902202606,80.1483383179,24330,24340,10
13.2911596298,80.1482391357,24340,24350,10
13.292090416,80.1481399536,24350,24360,10
13.2930603027,80.1480178833,24360,24370,10
13.2941703796,80.1479034424,24370,24380,10
13.2951202393,80.1477890015,24380,24390,10
13.2958698273,80.1477127075,24390,24400,10
13.296330452,80.1476593018,24400,24411,11
13.2968702316,80.1476135254,24411,24421,10
13.2972402573,80.1475372314,24421,24431,10
13.2979202271,80.1474609375,24431,24441,10
13.2987003326,80.1473770142,24441,24451,10
13.2995195389,80.147277832,24451,24461,10
13.300359726,80.1473236084,24461,24471,10
13.3013896942,80.1472167969,24471,24481,10
13.3024597168,80.1471099854,24481,24491,10
13.303609848,80.1469802856,24491,24501,10
13.3047199249,80.1468505859,24501,24511,10
13.3058595657,80.1467285156,24511,24520,9
13.3069200516,80.1466217041,24520,24532,12
13.3083400726,80.1464691162,24532,24542,10
13.3095397949,80.1463470459,24542,24552,10
13.3107299805,80.1462173462,24552,24562,10
13.311920166,80.1460494995,24562,24572,10
13.3131198883,80.1459274292,24572,24582,10
13.3143196106,80.1457977295,24582,24592,10
13.3155002594,80.1456680298,24592,24602,10
13.3166704178,80.1455535889,24602,24612,10
13.3178501129,80.1454162598,24612,24622,10
13.318980217,80.1453018188,24622,24632,10
13.320110321,80.1451721191,24632,24643,11
13.3214197159,80.1449966431,24643,24653,10
13.3226604462,80.1448364258,24653,24663,10
13.3235902786,80.1447372437,24663,24673,10
13.3237600327,80.1447219849,24673,24683,10
13.3242301941,80.1446762085,24683,24693,10
13.3249998093,80.1446228027,24693,24703,10
13.3260202408,80.1445236206,24703,24713,10
13.3271799088,80.1444015503,24713,24723,10
13.3283596039,80.14427948,24723,24733,10
13.3295297623,80.1441421509,24733,24743,10
13.3306999207,80.1440200806,24743,24753,10
13.3318595886,80.1438827515,24753,24764,11
13.3331403732,80.1436004639,24764,24774,10
13.3342504501,80.1433181763,24774,24784,10
13.335149765,80.1432037354,24784,24794,10
13.335650444,80.1431884766,24794,24804,10
13.3364295959,80.1431808472,24804,24814,10
13.3374700546,80.1432113647,24814,24824,10
13.3386201859,80.1432571411,24824,24834,10
13.3398303986,80.1434783936,24834,24844,10
13.3411197662,80.1437072754,24844,24854,10
13.3423900604,80.1439590454,24854,24863,9
13.3435401917,80.1440963745,24863,24875,12
13.3450403214,80.143951416,24875,24885,10
13.3461303711,80.1435775757,24885,24895,10
13.3472204208,80.1431732178,24895,24905,10
13.3483495712,80.142791748,24905,24915,10
13.3494901657,80.1425018311,24915,24925,10
13.3506097794,80.1422424316,24925,24935,10
13.3517599106,80.1419830322,24935,24945,10
13.3529596329,80.141708374,24945,24955,10
13.354180336,80.1414413452,24955,24965,10
13.3552999496,80.1411819458,24965,24975,10
13.3557300568,80.1410369873,24975,24984,9
13.3560199738,80.1409988403,24984,24996,12
13.3567800522,80.140838623,24996,25006,10
13.3576602936,80.140663147,25006,25016,10
13.3587503433,80.1404418945,25016,25026,10
13.3598299026,80.1402206421,25026,25036,10
13.3609600067,80.1399993896,25036,25046,10
13.3620901108,80.1398010254,25046,25056,10
13.3632097244,80.1396484375,25056,25066,10
13.3643598557,80.1394882202,25066,25076,10
13.3655796051,80.1392822266,25076,25086,10
13.3664903641,80.1391220093,25086,25096,10
13.3666095734,80.1390991211,25096,25107,11
13.3669996262,80.1390533447,25107,25117,10
13.3676996231,80.1389389038,25117,25127,10
13.3685598373,80.1387863159,25127,25137,10
13.3695697784,80.1386108398,25137,25147,10
13.3706903458,80.1384124756,25147,25157,10
13.3718395233,80.1382064819,25157,25167,10
13.373000145,80.1380233765,25167,25177,10
13.3741903305,80.1378479004,25177,25187,10
13.3753299713,80.1377105713,25187,25197,10
13.3764696121,80.1375732422,25197,25207,10
13.3776397705,80.1373519897,25207,25218,11
13.3790502548,80.137046814,25218,25228,10
13.3803195953,80.1367721558,25228,25238,10
13.3815202713,80.1365203857,25238,25248,10
13.3827104568,80.1362762451,25248,25258,10
13.3838996887,80.1360321045,25258,25268,10
13.3851099014,80.1357727051,25268,25278,10
13.3863897324,80.1354980469,25278,25288,10
13.3876495361,80.1352310181,25288,25298,10
13.3888702393,80.1349182129,25298,25308,10
13.3900499344,80.1345367432,25308,25318,10
13.3912000656,80.1341781616,25318,25328,10
13.3921298981,80.1338500977,25328,25339,11
13.392950058,80.1334609985,25339,25349,10
13.3937301636,80.1332092285,25349,25359,10
13.3946504593,80.1329193115,25359,25369,10
13.3954696655,80.1326599121,25369,25379,10
13.3963603973,80.1323699951,25379,25389,10
13.3971796036,80.1320495605,25389,25399,10
13.398059845,80.1315765381,25399,25409,10
13.3988800049,80.1310424805,25409,25419,10
13.3991003036,80.1309585571,25419,25429,10
13.3990697861,80.1312026978,25429,25439,10
13.3989095688,80.1314468384,25439,25450,11
13.398440361,80.1317672729,25450,25460,10
13.3977804184,80.1321334839,25460,25470,10
13.3970499039,80.1324691772,25470,25480,10
13.3963499069,80.1327362061,25480,25490,10
13.3959703445,80.1328811646,25490,25500,10
13.3959703445,80.1330032349,25500,25510,10
13.3962097168,80.1330032349,25510,25520,10
13.3965997696,80.1328582764,25520,25530,10
13.3970003128,80.1326828003,25530,25540,10
13.3975601196,80.1324081421,25540,25550,10
13.3982400894,80.1321334839,25550,25559,9
13.3989295959,80.1320800781,25559,25571,12
13.3998699188,80.1316070557,25571,25581,10
13.40046978,80.1307983398,25581,25591,10
13.4014396667,80.1301116943,25591,25601,10
13.4024095535,80.1295471191,25601,25611,10
13.4033098221,80.1289596558,25611,25621,10
13.4041500092,80.1284332275,25621,25631,10
13.4049301147,80.1280136108,25631,25641,10
13.405790329,80.1276931763,25641,25651,10
13.4066696167,80.1273574829,25651,25661,10
13.4071998596,80.127166748,25661,25671,10
13.4073495865,80.1271133423,25671,25682,11
13.4078903198,80.1269378662,25682,25692,10
13.4080896378,80.1268768311,25692,25702,10
13.4082698822,80.1268615723,25702,25712,10
13.4088602066,80.1268005371,25712,25722,10
13.4095401764,80.1267700195,25722,25732,10
13.4100399017,80.1267623901,25732,25742,10
13.4101896286,80.1267623901,25742,25752,10
13.4106798172,80.1267623901,25752,25762,10
13.4112997055,80.1267929077,25762,25772,10
13.4120798111,80.1268310547,25772,25782,10
13.4127998352,80.1268615723,25782,25792,10
13.4129600525,80.1269226074,25792,25803,11
13.4129896164,80.1271286011,25803,25813,10
13.4130001068,80.1271972656,25813,25823,10
13.4130096436,80.1273117065,25823,25833,10
13.4130897522,80.1276168823,25833,25843,10
13.4132099152,80.1282424927,25843,25853,10
13.4133501053,80.1289215088,25853,25863,10
13.4134998322,80.1296691895,25863,25873,10
13.4136600494,80.1305007935,25873,25883,10
13.4138803482,80.1312408447,25883,25893,10
13.4140996933,80.1316833496,25893,25903,10
13.4144601822,80.1322631836,25903,25914,11
13.4149303436,80.1330718994,25914,25924,10
13.415430069,80.1339416504,25924,25934,10
13.41588974,80.1348876953,25934,25944,10
13.4162302017,80.1356735229,25944,25954,10
13.4163398743,80.1359100342,25954,25964,10
13.4164800644,80.1362686157,25964,25974,10
13.4167299271,80.1368179321,25974,25984,10
13.417090416,80.1376190186,25984,25994,10
13.4175195694,80.1386032104,25994,26004,10
13.4179096222,80.1394805908,26004,26014,10
13.4181995392,80.1401596069,26014,26024,10
13.4185600281,80.1410903931,26024,26035,11
13.419090271,80.1422805786,26035,26045,10
13.4195899963,80.143371582,26045,26055,10
13.4200601578,80.1444625854,26055,26065,10
13.4204702377,80.1453933716,26065,26075,10
13.4208498001,80.1462173462,26075,26085,10
13.4213104248,80.1472396851,26085,26095,10
13.421790123,80.1483230591,26095,26105,10
13.4222202301,80.149307251,26105,26115,10
13.4226398468,80.1502227783,26115,26125,10
13.4231100082,80.1511764526,26125,26135,10
13.4235897064,80.1522674561,26135,26146,11
13.4241304398,80.1534729004,26146,26156,10
13.4246301651,80.154548645,26156,26165,9
13.4250297546,80.1554718018,26165,26176,11
13.4252796173,80.1561279297,26176,26186,10
13.4253101349,80.1562194824,26186,26196,10
13.4254798889,80.1567306519,26196,26206,10
13.4257698059,80.1574783325,26206,26216,10
13.4262304306,80.1583862305,26216,26226,10
13.4266395569,80.1594772339,26226,26236,10
13.4269199371,80.1604385376,26236,26246,10
13.4272403717,80.1613693237,26246,26256,10
13.4276504517,80.1622772217,26256,26267,11
13.4280099869,80.1630325317,26267,26277,10
13.4281902313,80.1634292603,26277,26287,10
13.4284296036,80.1641235352,26287,26297,10
13.4285802841,80.1648025513,26297,26307,10
13.4286699295,80.1657180786,26307,26317,10
13.428730011,80.1668395996,26317,26327,10
13.4287700653,80.1677780151,26327,26337,10
13.4287796021,80.1684875488,26337,26347,10
13.4288196564,80.1687698364,26347,26357,10
13.4289197922,80.1693572998,26357,26366,9
13.4291000366,80.1700592041,26366,26438,72
13.4291000366,80.1700592041,26438,26448,10
13.4291296005,80.1700973511,26448,26458,10
13.4292802811,80.1705322266,26458,26468,10
13.4294700623,80.1711196899,26468,26478,10
13.4294996262,80.1717224121,26478,26488,10
13.4295301437,80.172203064,26488,26499,11
13.4295597076,80.1729125977,26499,26509,10
13.4296302795,80.1734924316,26509,26519,10
13.4296503067,80.1737365723,26519,26529,10
13.4296197891,80.1742935181,26529,26539,10
13.4294996262,80.1750030518,26539,26549,10
13.4293603897,80.1756591797,26549,26559,10
13.4292802811,80.1763000488,26559,26569,10
13.4291601181,80.1770629883,26569,26579,10
13.429019928,80.177772522,26579,26589,10
13.428850174,80.1783981323,26589,26599,10
13.4287900925,80.1790771484,26599,26610,11
13.4287004471,80.1796722412,26610,26620,10
13.4289197922,80.1799468994,26620,26630,10
13.4295101166,80.1800689697,26630,26640,10
13.4300203323,80.1804962158,26640,26650,10
13.4305095673,80.1810073853,26650,26660,10
13.4310302734,80.1814880371,26660,26670,10
13.4314002991,80.1820297241,26670,26680,10
13.4316701889,80.1823883057,26680,26690,10
13.4319601059,80.1822433472,26690,26700,10
13.4324302673,80.1819915771,26700,26710,10
13.4330101013,80.1817016602,26710,26720,10
13.4334697723,80.1814422607,26720,26731,11
13.4336996078,80.1813201904,26731,26741,10
13.4341897964,80.1813201904,26741,26751,10
13.4346504211,80.1812973022,26751,26761,10
13.4351100922,80.1812973022,26761,26771,10
13.4353399277,80.1813278198,26771,26781,10
13.4353904724,80.181602478,26781,26791,10
13.435379982,80.1821212769,26791,26801,10
13.4355802536,80.1824188232,26801,26811,10
13.4362001419,80.182510376,26811,26821,10
13.4369401932,80.1826324463,26821,26831,10
13.4375896454,80.1827087402,26831,26842,11
13.4382600784,80.1827774048,26842,26852,10
13.4388799667,80.1828079224,26852,26862,10
13.4393997192,80.1829528809,26862,26872,10
13.4396800995,80.183380127,26872,26882,10
13.4400196075,80.1841125488,26882,26892,10
13.4404497147,80.1850891113,26892,26902,10
13.4409303665,80.1861724854,26902,26912,10
13.4415998459,80.1871414185,26912,26922,10
13.4429502487,80.1891174316,26922,26932,10
13.4429502487,80.1891174316,26932,26942,10
13.4435501099,80.1901626587,26942,26952,10
13.4440698624,80.1912536621,26952,26962,10
13.4448204041,80.1920471191,26962,26973,11
13.445810318,80.1928405762,26973,26983,10
13.4467401505,80.1932830811,26983,26993,10
13.4477500916,80.1934814453,26993,27003,10
13.448800087,80.193687439,27003,27013,10
13.4498195648,80.1939163208,27013,27023,10
13.4508800507,80.1941604614,27023,27033,10
13.4519796371,80.1942520142,27033,27043,10
13.4529399872,80.1945037842,27043,27053,10
13.4537496567,80.1946182251,27053,27063,10
13.4541702271,80.194770813,27063,27074,11
13.4543600082,80.1954803467,27074,27084,10
13.4545097351,80.1963195801,27084,27094,10
13.4545202255,80.1969528198,27094,27104,10
13.4541902542,80.1973724365,27104,27114,10
13.4537801743,80.1976165771,27114,27124,10
13.4533596039,80.1979827881,27124,27134,10
13.4530696869,80.198600769,27134,27144,10
13.4530496597,80.1994018555,27144,27154,10
13.4530200958,80.2002792358,27154,27164,10
13.4530000687,80.2011795044,27164,27173,9
13.4530000687,80.2015380859,27173,27185,12
13.4529895782,80.2015991211,27185,27195,10
13.4528303146,80.2020797729,27195,27205,10
13.452580452,80.2028503418,27205,27215,10
13.4522399902,80.2038726807,27215,27225,10
13.452170372,80.2049636841,27225,27235,10
13.4526100159,80.2060165405,27235,27245,10
13.4530601501,80.2070999146,27245,27255,10
13.4537000656,80.2080993652,27255,27265,10
13.4540395737,80.2092132568,27265,27275,10
13.4542303085,80.2101898193,27275,27285,10
13.4544696808,80.2110824585,27285,27295,10
13.455160141,80.2116622925,27295,27306,11
13.4561300278,80.212387085,27306,27316,10
13.4567899704,80.2132263184,27316,27326,10
13.4572296143,80.2142410278,27326,27336,10
13.4573097229,80.2153625488,27336,27346,10
13.4575901031,80.2163772583,27346,27356,10
13.4574699402,80.2172088623,27356,27366,10
13.4570999146,80.2181167603,27366,27376,10
13.456700325,80.2192382813,27376,27386,10
13.4562797546,80.2203598022,27386,27396,10
13.4558696747,80.2214813232,27396,27405,9
13.4555101395,80.2224502563,27405,27417,12
13.4551897049,80.2236099243,27417,27427,10
13.4552001953,80.224357605,27427,27437,10
13.4553499222,80.2250900269,27437,27447,10
13.455499649,80.2259597778,27447,27457,10
13.4555397034,80.2262878418,27457,27467,10
13.4555902481,80.2265472412,27467,27477,10
13.4556798935,80.2271194458,27477,27487,10
13.4557695389,80.2278366089,27487,27497,10
13.4559297562,80.2287826538,27497,27507,10
13.4560899734,80.2298431396,27507,27517,10
13.4561796188,80.2303619385,27517,27527,10
13.4562997818,80.2310562134,27527,27538,11
13.4568595886,80.2319564819,27538,27548,10
13.4576301575,80.2327804565,27548,27558,10
13.4582996368,80.2336502075,27558,27568,10
13.4586200714,80.2342529297,27568,27578,10
13.4585895538,80.2350463867,27578,27588,10
13.4586801529,80.2360610962,27588,27598,10
13.4585103989,80.237197876,27598,27608,10
13.4582796097,80.2380828857,27608,27618,10
13.4582195282,80.2382507324,27618,27628,10
13.4580698013,80.2387924194,27628,27638,10
13.4579296112,80.239616394,27638,27649,11
13.4581804276,80.2405471802,27649,27659,10
13.4583797455,80.2414093018,27659,27669,10
13.4584999084,80.2425231934,27669,27679,10
13.458820343,80.2436523438,27679,27689,10
13.4595804214,80.2445297241,27689,27699,10
13.4605798721,80.2451477051,27699,27709,10
13.4613704681,80.2459716797,27709,27719,10
13.461640358,80.2470626831,27719,27729,10
13.461520195,80.2479095459,27729,27739,10
13.461230278,80.248626709,27739,27749,10
13.4615402222,80.2490768433,27749,27759,10
13.4619398117,80.2497177124,27759,27770,11
13.4620399475,80.2503967285,27770,27780,10
13.4616699219,80.251159668,27780,27790,10
13.4609603882,80.2519302368,27790,27800,10
13.460149765,80.2527008057,27800,27810,10
13.4593896866,80.2535324097,27810,27820,10
13.4586801529,80.2543411255,27820,27830,10
13.4579601288,80.2551574707,27830,27840,10
13.457400322,80.2559280396,27840,27850,10
13.4571399689,80.2565231323,27850,27860,10
13.4569797516,80.2573165894,27860,27869,9
13.456870079,80.258140564,27869,27881,12
13.4570102692,80.2592010498,27881,27891,10
13.4571304321,80.2597885132,27891,27901,10
13.4572401047,80.2600097656,27901,27911,10
13.4575395584,80.2604904175,27911,27921,10
13.4575500488,80.2608566284,27921,27931,10
13.4574298859,80.2612533569,27931,27941,10
13.4572601318,80.2615280151,27941,27951,10
13.4570798874,80.2619400024,27951,27961,10
13.4570798874,80.2621994019,27961,27971,10
13.4571304321,80.262336731,27971,27981,10
13.4570102692,80.2624206543,27981,27991,10
13.4570198059,80.2621536255,27991,28657,666
13.4570198059,80.2621536255,28657,28667,10
13.457110405,80.2620010376,28667,28677,10
13.4572601318,80.2615737915,28677,28687,10
13.4574098587,80.2613067627,28687,28698,11
13.4575300217,80.2610321045,28698,28708,10
13.4575996399,80.2607116699,28708,28718,10
13.4575300217,80.260383606,28718,28728,10
13.4572401047,80.2599182129,28728,28738,10
13.4571304321,80.2596893311,28738,28748,10
13.4571199417,80.2596206665,28748,28758,10
13.4570398331,80.2591323853,28758,28768,10
13.4569101334,80.2583007813,28768,28778,10
13.4570102692,80.2572784424,28778,28788,10
13.4572200775,80.2563171387,28788,28798,10
13.4574899673,80.2557983398,28798,28808,10
13.4579496384,80.2551574707,28808,28819,11
13.4586496353,80.2543563843,28819,28829,10
13.4593095779,80.2536087036,28829,28839,10
13.4599895477,80.2528610229,28839,28849,10
13.4607200623,80.2521286011,28849,28859,10
13.461400032,80.2514724731,28859,28869,10
13.4619398117,80.2506713867,28869,28879,10
13.4620504379,80.2498779297,28879,28889,10
13.4618396759,80.2493362427,28889,28899,10
13.461350441,80.248840332,28899,28909,10
13.4613399506,80.2482528687,28909,28919,10
13.4616298676,80.2474594116,28919,28930,11
13.4615402222,80.2464904785,28930,28940,10
13.4611597061,80.2455825806,28940,28950,10
13.4604196548,80.244972229,28950,28960,10
13.459569931,80.2444534302,28960,28970,10
13.4588804245,80.2437667847,28970,28980,10
13.4585695267,80.242767334,28980,28990,10
13.4583702087,80.2417984009,28990,29000,10
13.4583702087,80.2408828735,29000,29010,10
13.4579696655,80.2401733398,29010,29020,10
13.4579601288,80.2393493652,29020,29030,10
13.4580497742,80.238899231,29030,29040,10
13.4581003189,80.2386779785,29040,29051,11
13.4582595825,80.2381286621,29051,29061,10
13.4584798813,80.2373123169,29061,29071,10
13.4586896896,80.2363433838,29071,29081,10
13.4586200714,80.2352828979,29081,29091,10
13.4586200714,80.2342834473,29091,29101,10
13.4583501816,80.2336425781,29101,29111,10
13.4578199387,80.2329711914,29111,29121,10
13.457110405,80.2321395874,29121,29131,10
13.4563999176,80.2313537598,29131,29141,10
13.4561796188,80.2304000854,29141,29151,10
13.4560804367,80.2297210693,29151,29162,11
13.4559297562,80.2288131714,29162,29172,10
13.4557695389,80.2277984619,29172,29182,10
13.4556598663,80.2270278931,29182,29192,10
13.4555597305,80.2263412476,29192,29202,10
13.4554004669,80.2254486084,29202,29212,10
13.455329895,80.2249908447,29212,29222,10
13.4552402496,80.2243728638,29222,29232,10
13.4551897049,80.2238922119,29232,29242,10
13.4552097321,80.2236175537,29242,29252,10
13.4553003311,80.2230300903,29252,29262,10
13.4555797577,80.2222213745,29262,29272,10
13.4559698105,80.2211380005,29272,29283,11
13.4564304352,80.219909668,29283,29293,10
13.4568500519,80.2188186646,29293,29303,10
13.4571695328,80.2177886963,29303,29313,10
13.4574899673,80.217048645,29313,29323,10
13.4575195313,80.2169494629,29323,29333,10
13.457570076,80.2166366577,29333,29343,10
13.4575004578,80.2159805298,29343,29353,10
13.457280159,80.2150268555,29353,29363,10
13.4571399689,80.2138824463,29363,29373,10
13.4566202164,80.2129135132,29373,29383,10
13.4559202194,80.2121582031,29383,29394,11
13.4550199509,80.211517334,29394,29404,10
13.4545202255,80.2111282349,29404,29414,10
13.4544000626,80.2107772827,29414,29424,10
13.4544000626,80.2106399536,29424,29434,10
13.4542198181,80.2101364136,29434,29444,10
13.4540395737,80.2095184326,29444,29454,10
13.4539604187,80.2086334229,29454,29464,10
13.4534702301,80.2076187134,29464,29474,10
13.4528503418,80.2066192627,29474,29484,10
13.4524898529,80.2057037354,29484,29494,10
13.4521903992,80.2049713135,29494,29504,10
13.452170372,80.2040405273,29504,29515,11
13.4525203705,80.2029724121,29515,29525,10
13.4527797699,80.2022094727,29525,29535,10
13.4529800415,80.2015914917,29535,29545,10
13.4530096054,80.2014007568,29545,29555,10
13.4530096054,80.2013702393,29555,29565,10
13.4530000687,80.2009277344,29565,29575,10
13.4530200958,80.2001419067,29575,29585,10
13.453040123,80.1993103027,29585,29595,10
13.4530696869,80.1985321045,29595,29605,10
13.453379631,80.197883606,29605,29615,10
13.4537801743,80.1975784302,29615,29626,11
13.4541902542,80.1973266602,29626,29636,10
13.4545602798,80.1968383789,29636,29646,10
13.4544801712,80.1962203979,29646,29656,10
13.4543504715,80.1954803467,29656,29666,10
13.4541501999,80.1947479248,29666,29676,10
13.4539899826,80.1946105957,29676,29686,10
13.453619957,80.1946029663,29686,29696,10
13.45291996,80.194480896,29696,29706,10
13.4520101547,80.1942520142,29706,29716,10
13.4508695602,80.1941375732,29716,29726,10
13.4497499466,80.1938934326,29726,29736,10
13.4486198425,80.1936416626,29736,29747,11
13.4473800659,80.1933670044,29747,29757,10
13.4462499619,80.1931381226,29757,29767,10
13.4453296661,80.1924591064,29767,29777,10
13.4444198608,80.1917266846,29777,29787,10
13.4437999725,80.1907501221,29787,29797,10
13.4433498383,80.1898193359,29797,29807,10
13.4428300858,80.1889724731,29807,29817,10
13.4421796799,80.18800354,29817,29827,10
13.4415102005,80.1870422363,29827,29837,10
13.440870285,80.1860580444,29837,29847,10
13.4403896332,80.1849822998,29847,29857,10
13.4400501251,80.1841583252,29857,29868,11
13.4396800995,80.1834182739,29868,29878,10
13.4396095276,80.1832809448,29878,29888,10
13.439330101,80.1829376221,29888,29898,10
13.4386501312,80.182800293,29898,29908,10
13.4378900528,80.1827697754,29908,29918,10
13.437620163,80.1827011108,29918,29928,10
13.4373102188,80.1826705933,29928,29938,10
13.4366903305,80.1826019287,29938,29948,10
13.4359397888,80.1824874878,29948,29958,10
13.4354600906,80.1824188232,29958,29967,9
13.4353599548,80.1821594238,29967,29979,12
13.4353704453,80.1816177368,29979,29989,10
13.4353199005,80.1813278198,29989,29999,10
13.4350004196,80.1812973022,29999,30009,10
13.4345903397,80.1812896729,30009,30019,10
13.4341602325,80.1813201904,30019,30029,10
13.4336900711,80.1813201904,30029,30039,10
13.4334201813,80.1813964844,30039,30049,10
13.4331197739,80.1816329956,30049,30059,10
13.4325799942,80.1818695068,30059,30069,10
13.4320602417,80.1821365356,30069,30079,10
13.431599617,80.1823501587,30079,30090,11
13.4312896729,80.1818466187,30090,30100,10
13.4308300018,80.1812820435,30100,30110,10
13.4302501678,80.1807098389,30110,30120,10
13.429599762,80.1801071167,30120,30130,10
13.4289197922,80.179901123,30130,30140,10
13.4286699295,80.1797485352,30140,30150,10
13.4287004471,80.1795425415,30150,30160,10
13.4287595749,80.1790771484,30160,30170,10
13.4288196564,80.1784362793,30170,30180,10
13.4289903641,80.1777877808,30180,30190,10
13.4291496277,80.1770324707,30190,30200,10
13.4292802811,80.1762466431,30200,30211,11
13.4293899536,80.1753921509,30211,30221,10
13.4295597076,80.1747207642,30221,30231,10
13.4296197891,80.1742019653,30231,30241,10
13.4296197891,80.174156189,30241,30251,10
13.4296302795,80.1737365723,30251,30261,10
13.4295701981,80.1730880737,30261,30271,10
13.4295101166,80.1725692749,30271,30281,10
13.4294900894,80.1720809937,30281,30291,10
13.4294700623,80.1714401245,30291,30301,10
13.4294700623,80.1712875366,30301,30311,10
13.4294595718,80.1711120605,30311,30321,10
13.4292898178,80.1705780029,30321,30332,11
13.4290895462,80.1699829102,30332,30342,10
13.429019928,80.1698379517,30342,30352,10
13.4289197922,80.1693725586,30352,30362,10
13.4288196564,80.1689605713,30362,30372,10
13.4287900925,80.1687469482,30372,30382,10
13.4287595749,80.168510437,30382,30392,10
13.4287500381,80.1681518555,30392,30402,10
13.4287595749,80.1675491333,30402,30412,10
13.4287395477,80.1669311523,30412,30422,10
13.4286699295,80.1661529541,30422,30432,10
13.4286298752,80.1652526855,30432,30443,11
13.4285001755,80.1643218994,30443,30453,10
13.4282503128,80.163520813,30453,30463,10
13.427980423,80.1629180908,30463,30473,10
13.4278001785,80.1625671387,30473,30483,10
13.427479744,80.1618881226,30483,30493,10
13.4270896912,80.1610336304,30493,30503,10
13.4268102646,80.1600418091,30503,30513,10
13.4264698029,80.1590118408,30513,30523,10
13.4260501862,80.157989502,30523,30533,10
13.4255895615,80.1569900513,30533,30543,10
13.4252500534,80.15599823,30543,30553,10
13.4249000549,80.1551513672,30553,30564,11
13.4244203568,80.1540527344,30564,30574,10
13.4239597321,80.1530532837,30574,30584,10
13.4235296249,80.1520462036,30584,30594,10
13.4230899811,80.1510467529,30594,30604,10
13.4226198196,80.1500778198,30604,30614,10
13.4222698212,80.1493301392,30614,30624,10
13.4219198227,80.1485824585,30624,30634,10
13.421500206,80.1476364136,30634,30644,10
13.4210996628,80.1467132568,30644,30654,10
13.4206495285,80.1457214355,30654,30664,10
13.4202203751,80.1447601318,30664,30675,11
13.4197797775,80.1437606812,30675,30685,10
13.4193496704,80.1428222656,30685,30695,10
13.4189300537,80.1418914795,30695,30705,10
13.418589592,80.1411209106,30705,30715,10
13.418299675,80.1404037476,30715,30725,10
13.4179296494,80.1395263672,30725,30735,10
13.4175195694,80.1385726929,30735,30745,10
13.4170999527,80.1376113892,30745,30755,10
13.4167995453,80.1369171143,30755,30765,10
13.4166097641,80.1364364624,30765,30775,10
13.4164199829,80.1360473633,30775,30796,21
13.4164199829,80.1360473633,30796,30806,10
13.4163103104,80.1357879639,30806,30816,10
13.416179657,80.1354980469,30816,30826,10
13.4159097672,80.1349411011,30826,30836,10
13.4156103134,80.134262085,30836,30846,10
13.4152603149,80.1336288452,30846,30856,10
13.415019989,80.1331787109,30856,30866,10
13.4148197174,80.1328735352,30866,30876,10
13.4145698547,80.1324234009,30876,30886,10
13.4142799377,80.1318969727,30886,30896,10
13.4139404297,80.1313018799,30896,30907,11
13.4136695862,80.130569458,30907,30917,10
13.4135799408,80.1301498413,30917,30927,10
13.4134702682,80.1295394897,30927,30937,10
13.4133300781,80.1288986206,30937,30947,10
13.4132099152,80.1282806396,30947,30957,10
13.4130802155,80.1276397705,30957,30967,10
13.4129896164,80.1273498535,30967,30977,10
13.4129400253,80.1271362305,30977,30987,10
13.412899971,80.1269607544,30987,30997,10
13.4128599167,80.1268997192,30997,31007,10
13.4126596451,80.1268768311,31007,31017,10
13.4121303558,80.1268386841,31017,31028,11
13.4115695953,80.1268081665,31028,31038,10
13.4111003876,80.1267776489,31038,31048,10
13.4110803604,80.1267776489,31048,31058,10
13.410900116,80.1267700195,31058,31068,10
13.4103803635,80.1267471313,31068,31078,10
13.4097700119,80.1267623901,31078,31088,10
13.409239769,80.1267776489,31088,31098,10
13.4087400436,80.1268005371,31098,31108,10
13.4085702896,80.1268310547,31108,31118,10
13.4082298279,80.1268615723,31118,31128,10
13.4079303741,80.126953125,31128,31169,41
13.4079303741,80.126953125,31169,31179,10
13.4078302383,80.1269607544,31179,31189,10
13.4075899124,80.1270599365,31189,31199,10
13.4070396423,80.127243042,31199,31209,10
13.4063301086,80.1275100708,31209,31219,10
13.405579567,80.1277923584,31219,31229,10
13.4052495956,80.1279067993,31229,31239,10
13.404800415,80.1280670166,31239,31248,9
13.4042301178,80.1283798218,31248,31260,12
13.4034404755,80.1288604736,31260,31270,10
13.4027204514,80.1293334961,31270,31280,10
13.4019203186,80.1298370361,31280,31290,10
13.4009895325,80.1304397583,31290,31300,10
13.4001598358,80.1311416626,31300,31310,10
13.3995399475,80.1320114136,31310,31320,10
13.3985595703,80.1321334839,31320,31330,10
13.3976602554,80.1324081421,31330,31340,10
13.3967599869,80.1328201294,31340,31350,10
13.3958702087,80.1330108643,31350,31360,10
13.3952503204,80.1331176758,31360,31369,9
13.3945999146,80.1333007813,31369,31381,12
13.3936100006,80.1336288452,31381,31391,10
13.392780304,80.1338806152,31391,31401,10
13.3923301697,80.1339416504,31401,31411,10
13.3917598724,80.1340866089,31411,31421,10
13.3909702301,80.1343612671,31421,31431,10
13.390080452,80.1346588135,31431,31441,10
13.3890304565,80.134979248,31441,31451,10
13.3879098892,80.1352920532,31451,31461,10
13.386759758,80.1355361938,31461,31471,10
13.38560009,80.1357727051,31471,31480,9
13.3845701218,80.1359863281,31480,31492,12
13.3832197189,80.1362762451,31492,31502,10
13.3820800781,80.1365127563,31502,31512,10
13.3809299469,80.1367492676,31512,31522,10
13.3797397614,80.1369934082,31522,31532,10
13.3785400391,80.1372299194,31532,31542,10
13.3774003983,80.1374588013,31542,31552,10
13.3762998581,80.1376724243,31552,31562,10
13.3751897812,80.1378097534,31562,31572,10
13.3740196228,80.1379470825,31572,31582,10
13.3728199005,80.1381378174,31582,31592,10
13.3716402054,80.1383514404,31592,31602,10
13.3705596924,80.1385421753,31602,31613,11
13.3695201874,80.1387176514,31613,31623,10
13.368639946,80.1388778687,31623,31633,10
13.367770195,80.138999939,31633,31643,10
13.3669395447,80.139213562,31643,31653,10
13.3662099838,80.1393432617,31653,31663,10
13.3654298782,80.1394729614,31663,31673,10
13.3648796082,80.1395568848,31673,31683,10
13.3639802933,80.1397171021,31683,31713,30
13.3639802933,80.1397171021,31713,31724,11
13.3637304306,80.1397628784,31724,31734,10
13.3635501862,80.1397781372,31734,31744,10
13.363240242,80.1398162842,31744,31754,10
13.3627700806,80.1398773193,31754,31764,10
13.3622102737,80.1399536133,31764,31774,10
13.3617696762,80.1400299072,31774,31784,10
13.3613395691,80.1400909424,31784,31794,10
13.3606500626,80.1401824951,31794,31804,10
13.3598098755,80.1403503418,31804,31814,10
13.3587799072,80.1405715942,31814,31824,10
13.3577299118,80.1407699585,31824,31834,10
13.3566799164,80.1409912109,31834,31845,11
13.3556699753,80.141242981,31845,31855,10
13.355219841,80.1413726807,31855,31865,10
13.3549203873,80.141418457,31865,31875,10
13.3542499542,80.1415405273,31875,31885,10
13.3535299301,80.1417236328,31885,31895,10
13.352640152,80.1419296265,31895,31905,10
13.3515396118,80.1421737671,31905,31915,10
13.3504104614,80.1424331665,31915,31925,10
13.3492698669,80.1426925659,31925,31935,10
13.348110199,80.1429977417,31935,31945,10
13.3469800949,80.1433868408,31945,31955,10
13.3458595276,80.1438064575,31955,31966,11
13.3446302414,80.1441497803,31966,31976,10
13.343460083,80.1442337036,31976,31986,10
13.3422899246,80.1440811157,31986,31996,10
13.3411197662,80.1438522339,31996,32006,10
13.3399600983,80.1436233521,32006,32016,10
13.3388500214,80.1434402466,32016,32026,10
13.3379201889,80.1433792114,32026,32036,10
13.3375101089,80.143371582,32036,32046,10
13.3368396759,80.1433563232,32046,32056,10
13.335940361,80.1433410645,32056,32065,9
13.3350496292,80.1433563232,32065,32087,22
13.3350496292,80.1433563232,32087,32097,10
13.3348503113,80.1433792114,32097,32107,10
13.3342199326,80.1434936523,32107,32117,10
13.3333702087,80.1437072754,32117,32127,10
13.3323297501,80.1439666748,32127,32137,10
13.3312702179,80.1441497803,32137,32147,10
13.3301401138,80.1442718506,32147,32157,10
13.329000473,80.1443710327,32157,32167,10
13.3278198242,80.144493103,32167,32177,10
13.3266801834,80.1445999146,32177,32187,10
13.3255395889,80.1446990967,32187,32198,11
13.324259758,80.1448287964,32198,32208,10
13.3230800629,80.1449813843,32208,32218,10
13.3219099045,80.1451034546,32218,32228,10
13.3207798004,80.1452331543,32228,32238,10
13.3196496964,80.1453475952,32238,32248,10
13.3184900284,80.1454925537,32248,32258,10
13.31731987,80.1456069946,32258,32268,10
13.3161897659,80.1457366943,32268,32278,10
13.3150196075,80.1458816528,32278,32288,10
13.31387043,80.1460037231,32288,32298,10
13.3132801056,80.1460494995,32298,32309,11
13.3126602173,80.1461334229,32309,32319,10
13.3117904663,80.146232605,32319,32329,10
13.310669899,80.1463470459,32329,32339,10
13.3094997406,80.1464691162,32339,32349,10
13.3083200455,80.1465988159,32349,32359,10
13.3071498871,80.1467208862,32359,32369,10
13.3059797287,80.1468505859,32369,32379,10
13.3048200607,80.1469726563,32379,32389,10
13.3036603928,80.147102356,32389,32399,10
13.302479744,80.1472396851,32399,32409,10
13.301320076,80.1473693848,32409,32419,10
13.3002796173,80.1474761963,32419,32430,11
13.2994098663,80.1476669312,32430,32440,10
13.2985801697,80.1477584839,32440,32450,10
13.297949791,80.147819519,32450,32460,10
13.2971897125,80.1479034424,32460,32470,10
13.2966604233,80.1479873657,32470,32480,10
13.2966299057,80.1480026245,32480,32490,10
13.2964200974,80.1480331421,32490,32500,10
13.2958698273,80.1480789185,32500,32510,10
13.2951402664,80.1481399536,32510,32520,10
13.2944202423,80.1482162476,32520,32529,9
13.2937402725,80.1482925415,32529,32540,11
13.2927598953,80.1483917236,32540,32551,11
13.2915496826,80.1485137939,32551,32561,10
13.2903995514,80.1486282349,32561,32571,10
13.2893104553,80.1487579346,32571,32581,10
13.2887001038,80.1486968994,32581,32591,10
13.2880601883,80.1487808228,32591,32601,10
13.2867898941,80.1489486694,32601,32621,20
13.2867898941,80.1489486694,32621,32631,10
13.2865400314,80.148979187,32631,32641,10
13.2860002518,80.1490478516,32641,32650,9
13.2853002548,80.1491470337,32650,32662,12
13.2840795517,80.1493301392,32662,32672,10
13.2829303741,80.1494903564,32672,32682,10
13.2817296982,80.1496582031,32682,32692,10
13.2805404663,80.1498184204,32692,32702,10
13.2793502808,80.1500015259,32702,32712,10
13.2782096863,80.1501617432,32712,32722,10
13.2771396637,80.1503372192,32722,32732,10
13.2763595581,80.1505584717,32732,32742,10
13.2754802704,80.1508789063,32742,32752,10
13.2751197815,80.1510162354,32752,32762,10
13.2748498917,80.1511077881,32762,32772,10
13.2742900848,80.1512985229,32772,32783,11
13.2734603882,80.1515884399,32783,32793,10
13.2725200653,80.1519165039,32793,32803,10
13.2714300156,80.1523208618,32803,32813,10
13.2703304291,80.1527023315,32813,32823,10
13.2695102692,80.1529693604,32823,32833,10
13.2690000534,80.1531219482,32833,32843,10
13.2688102722,80.1531677246,32843,32853,10
13.2682695389,80.1533203125,32853,32863,10
13.2675199509,80.1535415649,32863,32873,10
13.2665901184,80.1538009644,32873,32883,10
13.2655897141,80.1540603638,32883,32894,11
13.2643699646,80.1544036865,32894,32904,10
13.2633695602,80.1546707153,32904,32914,10
13.2620897293,80.1550369263,32914,32934,20
13.2620897293,80.1550369263,32934,32944,10
13.2617702484,80.1550674438,32944,32954,10
13.2612400055,80.1552581787,32954,32964,10
13.2605400085,80.1555175781,32964,32974,10
13.2598400116,80.1556396484,32974,32984,10
13.2590503693,80.1555786133,32984,32994,10
13.2580404282,80.1554794312,32994,33004,10
13.2568998337,80.1553573608,33004,33015,11
13.2556495667,80.1552429199,33015,33025,10
13.2546701431,80.1551132202,33025,33035,10
13.2539701462,80.1550064087,33035,33045,10
13.2534704208,80.1552963257,33045,33055,10
13.2526397705,80.1553878784,33055,33065,10
13.2518396378,80.1554718018,33065,33075,10
13.2511196136,80.1555862427,33075,33085,10
13.2504997253,80.1558303833,33085,33095,10
13.2499599457,80.1560897827,33095,33105,10
13.2494602203,80.1563491821,33105,33115,10
13.2489299774,80.1566085815,33115,33125,10
13.2484903336,80.1568222046,33125,33136,11
13.2479496002,80.1570968628,33136,33146,10
13.2477397919,80.1572189331,33146,33156,10
13.2476396561,80.1572723389,33156,33166,10
13.2473096848,80.1574401855,33166,33176,10
13.247179985,80.1575088501,33176,33186,10
13.2467403412,80.1577377319,33186,33196,10
13.2461204529,80.1580505371,33196,33206,10
13.2453403473,80.1584625244,33206,33216,10
13.2445201874,80.1589126587,33216,33226,10
13.243689537,80.1593093872,33226,33236,10
13.2432403564,80.1595077515,33236,33247,11
13.2424697876,80.1598434448,33247,33257,10
13.2416400909,80.1601791382,33257,33267,10
13.2408304214,80.1604766846,33267,33277,10
13.2400398254,80.1607437134,33277,33287,10
13.2392597198,80.1609725952,33287,33307,20
13.2392597198,80.1609725952,33307,33317,10
13.2388601303,80.1610794067,33317,33327,10
13.2384796143,80.1611785889,33327,33337,10
13.2379703522,80.1613388062,33337,33347,10
13.2371997833,80.1615982056,33347,33357,10
13.2362203598,80.1620025635,33357,33368,11
13.2350301743,80.1624984741,33368,33378,10
13.2339200974,80.1629562378,33378,33388,10
13.2328901291,80.1633911133,33388,33398,10
13.2319698334,80.1637573242,33398,33408,10
13.231010437,80.1641464233,33408,33418,10
13.2301797867,80.1644897461,33418,33428,10
13.2295999527,80.1647186279,33428,33438,10
13.2295703888,80.1647415161,33438,33448,10
13.2292404175,80.1648712158,33448,33458,10
13.2286100388,80.1651000977,33458,33467,9
13.2270698547,80.1656112671,33467,33479,12
13.2270698547,80.1656112671,33479,33489,10
13.2264995575,80.1655502319,33489,33497,8
13.2261295319,80.1658477783,33497,33517,20
13.2246904373,80.1666793823,33517,33527,10
13.2237901688,80.1670227051,33527,33537,10
13.2228899002,80.1673736572,33537,33547,10
13.2220897675,80.1676635742,33547,33557,10
13.2213697433,80.1678237915,33557,33567,10
13.2210597992,80.1679534912,33567,33577,10
13.2206697464,80.1680831909,33577,33587,10
13.2199802399,80.1683120728,33587,33598,11
13.21916008,80.1686019897,33598,33608,10
13.218460083,80.1689682007,33608,33618,10
13.2177400589,80.169342041,33618,33638,20
13.2177400589,80.169342041,33638,33648,10
13.2176399231,80.1693878174,33648,33658,10
13.2172498703,80.1694717407,33658,33668,10
13.2165403366,80.1696395874,33668,33678,10
13.2156295776,80.1698989868,33678,33688,10
13.2145500183,80.1702804565,33688,33698,10
13.2134599686,80.1706771851,33698,33709,11
13.2122402191,80.1711273193,33709,33719,10
13.211139679,80.1715393066,33719,33729,10
13.2101898193,80.1719207764,33729,33739,10
13.2097702026,80.1720581055,33739,33749,10
13.2095804214,80.1721191406,33749,33759,10
13.2093496323,80.1722106934,33759,33769,10
13.2089500427,80.17237854,33769,33779,10
13.2083301544,80.1726379395,33779,33789,10
13.2075500488,80.1730422974,33789,33799,10
13.2066202164,80.1735687256,33799,33809,10
13.2057199478,80.174118042,33809,33818,9
13.2050104141,80.1745834351,33818,33830,12
13.2044095993,80.1749801636,33830,33840,10
13.2039604187,80.1753082275,33840,33850,10
13.2037296295,80.1755371094,33850,33860,10
13.2036600113,80.1755905151,33860,33870,10
13.2033195496,80.1758422852,33870,33880,10
13.2028999329,80.1761627197,33880,33890,10
13.2024097443,80.1764984131,33890,33900,10
13.2018299103,80.1769638062,33900,33910,10
13.2012195587,80.1774291992,33910,33920,10
13.200510025,80.1779937744,33920,33930,10
13.1997804642,80.178527832,33930,33940,10
13.198969841,80.1790924072,33940,33951,11
13.1979799271,80.1798477173,33951,33961,10
13.1972503662,80.1806030273,33961,33971,10
13.1968603134,80.1811981201,33971,33981,10
13.1964597702,80.1812362671,33981,33991,10
13.1961698532,80.1814498901,33991,34001,10
13.195690155,80.181892395,34001,34011,10
13.1951904297,80.1823501587,34011,34021,10
13.1947002411,80.1827926636,34021,34031,10
13.194270134,80.1831970215,34031,34041,10
13.1938800812,80.1835327148,34041,34051,10
13.1935195923,80.1838989258,34051,34092,41
13.1935195923,80.1838989258,34092,34102,10
13.1933202744,80.1840896606,34102,34112,10
13.1931295395,80.1842269897,34112,34122,10
13.1930799484,80.1842575073,34122,34132,10
13.1929798126,80.1843566895,34132,34142,10
13.1927700043,80.1845474243,34142,34152,10
13.192440033,80.1848373413,34152,34162,10
13.1920795441,80.1852722168,34162,35524,1362
13.1920795441,80.1852722168,35524,35534,10
13.1918001175,80.1854400635,35534,35544,10
13.1915197372,80.1856765747,35544,35554,10
13.1910800934,80.1860809326,35554,35564,10
13.1906499863,80.1864776611,35564,35574,10
13.1903095245,80.1867675781,35574,35584,10
13.190079689,80.1869812012,35584,35594,10
13.1898603439,80.1871871948,35594,35604,10
13.1896095276,80.1874008179,35604,35615,11
13.1892004013,80.1877593994,35615,35625,10
13.1887798309,80.1881790161,35625,35635,10
13.188369751,80.1885910034,35635,35645,10
13.1880197525,80.1890106201,35645,35655,10
13.1877298355,80.1893768311,35655,35663,8
13.1875896454,80.1894989014,35663,35676,13
13.187210083,80.1896972656,35676,35686,10
13.1868696213,80.1898727417,35686,36150,464
13.1868696213,80.1898727417,36150,36160,10
13.186829567,80.1898880005,36160,36170,10
13.1864404678,80.1900634766,36170,36180,10
13.1859302521,80.1904830933,36180,36190,10
13.1854801178,80.1909484863,36190,36199,9
13.1849899292,80.1912918091,36199,36211,12
13.1842899323,80.1917190552,36211,36221,10
13.1841802597,80.1920089722,36221,36241,20
13.1841802597,80.1920089722,36241,36251,10
13.1841602325,80.1921768188,36251,36261,10
13.1838598251,80.1923294067,36261,36271,10
13.1833200455,80.1924514771,36271,36281,10
13.1826400757,80.1927108765,36281,36291,10
13.1818504333,80.1931304932,36291,36301,10
13.180970192,80.193611145,36301,36311,10
13.1800699234,80.1941070557,36311,36321,10
13.1796102524,80.1943588257,36321,36332,11
13.179019928,80.1946868896,36332,36342,10
13.178319931,80.1950912476,36342,36352,10
13.177740097,80.1954116821,36352,36362,10
13.1770401001,80.1958084106,36362,36372,10
13.1762895584,80.1962203979,36372,36382,10
13.1755599976,80.1966171265,36382,36392,10
13.1747598648,80.1970672607,36392,36402,10
13.1738901138,80.1975631714,36402,36412,10
13.1729898453,80.198059082,36412,36422,10
13.1722002029,80.1985092163,36422,36432,10
13.1715097427,80.198890686,36432,36442,10
13.1709499359,80.1991882324,36442,36453,11
13.1703701019,80.1995315552,36453,36473,20
13.1703701019,80.1995315552,36473,36483,10
13.17029953,80.1995697021,36483,36493,10
13.1699104309,80.1997833252,36493,36503,10
13.1695604324,80.1999664307,36503,36513,10
13.1689796448,80.200302124,36513,36523,10
13.1682901382,80.2006912231,36523,36533,10
13.1675701141,80.2010879517,36533,36543,10
13.1667804718,80.2015304565,36543,36553,10
13.1659803391,80.2019500732,36553,36564,11
13.1651697159,80.2022476196,36564,36574,10
13.1644897461,80.2024383545,36574,36584,10
13.1641101837,80.2025527954,36584,36594,10
13.1639995575,80.202583313,36594,36604,10
13.1638698578,80.2026062012,36604,36614,10
13.1633396149,80.2027587891,36614,36624,10
13.1625699997,80.2029418945,36624,36634,10
13.1617002487,80.2031021118,36634,36644,10
13.1608600616,80.2032470703,36644,36654,10
13.1600704193,80.2033996582,36654,36664,10
13.1592998505,80.2035598755,36664,36673,9
13.1587095261,80.2037506104,36673,36685,12
13.1581602097,80.2039337158,36685,36705,20
13.1581602097,80.2039337158,36705,36715,10
13.1578598022,80.2040481567,36715,36725,10
13.1572399139,80.2043762207,36725,36735,10
13.1564998627,80.2048416138,36735,36745,10
13.1557397842,80.2054367065,36745,36755,10
13.1549797058,80.206199646,36755,36765,10
13.1542797089,80.2070388794,36765,36775,10
13.1536102295,80.2078933716,36775,36785,10
13.1531000137,80.2086105347,36785,36794,9
13.1529903412,80.2087631226,36794,36806,12
13.1526002884,80.2092590332,36806,36816,10
13.1520795822,80.2099533081,36816,36826,10
13.1514902115,80.2107467651,36826,36835,9
13.1508998871,80.2115325928,36835,36846,11
13.1501598358,80.2125167847,36846,36856,10
13.1494903564,80.2134094238,36856,36866,10
13.1487798691,80.2143478394,36866,36876,10
13.1480798721,80.2153015137,36876,36886,10
13.1473703384,80.2162704468,36886,36896,10
13.1466598511,80.2172622681,36896,36906,10
13.1459999084,80.2181777954,36906,36916,10
13.145409584,80.21900177,36916,36927,11
13.1450195313,80.2198410034,36927,36937,10
13.1450004578,80.2202987671,36937,36947,10
13.1448402405,80.2205581665,36947,36957,10
13.1447296143,80.2206420898,36957,36967,10
13.1445598602,80.220703125,36967,36977,10
13.1441497803,80.2208709717,36977,36987,10
13.1440095901,80.2209701538,36987,36997,10
13.1439199448,80.2210464478,36997,37007,10
13.1436004639,80.2214736938,37007,37017,10
13.1431102753,80.2220993042,37017,37027,10
13.1425504684,80.222869873,37027,37038,11
13.1419496536,80.2237014771,37038,37048,10
13.141579628,80.2242126465,37048,37058,10
13.1411304474,80.2248535156,37058,37068,10
13.1406002045,80.2255630493,37068,37078,10
13.1400403976,80.2263183594,37078,37088,10
13.1395397186,80.2269973755,37088,37098,10
13.1391401291,80.2275238037,37098,37108,10
13.1389598846,80.2277526855,37108,37118,10
13.1388597488,80.2278823853,37118,37128,10
13.1386499405,80.2281799316,37128,37138,10
13.1382198334,80.2287521362,37138,37148,10
13.1377096176,80.2294464111,37148,37159,11
13.137140274,80.2302322388,37159,37169,10
13.1367998123,80.2307434082,37169,37179,10
13.1367301941,80.2308197021,37179,37189,10
13.1364603043,80.2311782837,37189,37199,10
13.13601017,80.2317810059,37199,37209,10
13.1355199814,80.2324295044,37209,37219,10
13.1349601746,80.2332000732,37219,37229,10
13.1344604492,80.2339019775,37229,37239,10
13.1339197159,80.23462677,37239,37249,10
13.1333303452,80.235458374,37249,37259,10
13.1327104568,80.2363204956,37259,37269,10
13.1323003769,80.2369003296,37269,37280,11
13.1317796707,80.2376174927,37280,37290,10
13.1312599182,80.2383422852,37290,37300,10
13.1308803558,80.238861084,37300,37310,10
13.1305904388,80.2391204834,37310,37320,10
13.1303195953,80.2393875122,37320,37330,10
13.1301498413,80.2396392822,37330,37340,10
13.1300601959,80.2397689819,37340,37350,10
13.1298704147,80.2400131226,37350,37360,10
13.1295995712,80.2403869629,37360,37370,10
13.1292896271,80.2407913208,37370,37380,10
13.1291303635,80.2410202026,37380,37390,10
13.1289596558,80.241317749,37390,37431,41
13.1289596558,80.241317749,37431,37441,10
13.1289997101,80.2414474487,37441,37451,10
13.1289196014,80.2416763306,37451,37461,10
13.1289100647,80.2417068481,37461,37471,10
13.1287298203,80.2419967651,37471,37481,10
13.1284399033,80.2423934937,37481,37491,10
13.1282501221,80.2426605225,37491,37501,10
13.1280899048,80.2428817749,37501,37512,11
13.1278896332,80.2431488037,37512,37522,10
13.1276798248,80.2433395386,37522,37532,10
13.1274299622,80.2436218262,37532,37542,10
13.1270999908,80.2440795898,37542,37552,10
13.1266298294,80.244720459,37552,37562,10
13.1260700226,80.2454528809,37562,37572,10
13.1255302429,80.2461166382,37572,37582,10
13.1250200272,80.2466583252,37582,37592,10
13.1245098114,80.2472229004,37592,37602,10
13.1240501404,80.2477264404,37602,37612,10
13.1237096786,80.2481384277,37612,37643,31
13.1237096786,80.2481384277,37643,37653,10
13.1236495972,80.2482299805,37653,37663,10
13.1233301163,80.2486190796,37663,37673,10
13.122879982,80.2492218018,37673,37683,10
13.1226396561,80.24974823,37683,37693,10
13.1224098206,80.2503433228,37693,37703,10
13.1221399307,80.2509689331,37703,37713,10
13.1218500137,80.251701355,37713,37723,10
13.1216402054,80.2525024414,37723,37733,10
13.121430397,80.2532501221,37733,37743,10
13.121049881,80.2539367676,37743,37754,11
13.1204900742,80.2545471191,37754,37764,10
13.1200399399,80.255027771,37764,37774,10
13.1196403503,80.2555770874,37774,37784,10
13.1194295883,80.2559585571,37784,37794,10
13.1191196442,80.2565612793,37794,37804,10
13.1188402176,80.2572402954,37804,37814,10
13.1186504364,80.2580184937,37814,37824,10
13.1184597015,80.2591400146,37824,37844,20
13.1184597015,80.2591400146,37844,37854,10
13.1184597015,80.2593536377,37854,37864,10
13.1185598373,80.2593994141,37864,37875,11
13.1187095642,80.2593917847,37875,37885,10
13.1189498901,80.2593765259,37885,37895,10
13.1194095612,80.2593612671,37895,37905,10
13.1199903488,80.2593307495,37905,37915,10
13.1202096939,80.2593078613,37915,37925,10
13.120300293,80.2593078613,37925,37935,10
13.1205797195,80.2592315674,37935,37965,30
13.1205797195,80.2592315674,37965,37974,9
13.1205797195,80.2590637207,37974,37986,12
13.1205101013,80.2587509155,37986,37996,10
13.1204595566,80.2585067749,37996,38006,10
13.1206502914,80.2583084106,38006,38419,413
13.1206502914,80.2583084106,38419,38429,10
13.1205596924,80.2583465576,38429,38439,10
13.1204099655,80.2584686279,38439,38449,10
13.1203603745,80.2585906982,38449,38459,10
13.1203403473,80.2585067749,38459,38470,11
13.120300293,80.2583389282,38470,38480,10
13.1206502914,80.2583007813,38480,38641,161
13.1206598282,80.2583084106,38641,42483,3842
13.1203098297,80.2583084106,42483,52316,9833
13.1203098297,80.2583084106,52316,52326,10
13.12059021,80.2583084106,52326,69965,17639
13.1206703186,80.2584533691,69965,71629,1664
13.1206598282,80.2583999634,71629,75129,3500
13.1206598282,80.2583999634,75129,75139,10
13.1205797195,80.2583999634,75139,75149,10
13.1203603745,80.2583236694,75149,75159,10
13.1201696396,80.2587585449,75159,75169,10
13.1204099655,80.2585067749,75169,75179,10
13.1204996109,80.2582015991,75179,75189,10
13.1205596924,80.2582015991,75189,75199,10
13.1204099655,80.2582626343,75199,75210,11
13.1203804016,80.2582931519,75210,75220,10
13.1205501556,80.2583389282,75220,75472,252
13.1205501556,80.2583389282,75472,75482,10
13.1204595566,80.2583618164,75482,75492,10
13.1204500198,80.2583999634,75492,75502,10
13.1202297211,80.2587966919,75502,75936,434
13.1202297211,80.2587966919,75936,75946,10
13.1200199127,80.2588577271,75946,75956,10
13.1199598312,80.2587432861,75956,75966,10
13.1200895309,80.2584915161,75966,75976,10
13.120470047,80.2583999634,75976,75986,10
13.1205196381,80.2586975098,75986,76460,474
13.1205196381,80.2586975098,76460,76470,10
13.1204795837,80.2589416504,76470,76480,10
13.1202297211,80.258972168,76480,76490,10
13.1201295853,80.2588806152,76490,76500,10
13.119890213,80.2586975098,76500,76511,11
13.1198196411,80.2588729858,76511,76783,272
13.1198196411,80.2588729858,76783,76793,10
13.1201200485,80.2588195801,76793,76803,10
13.1203899384,80.2589492798,76803,76813,10
13.1204900742,80.2592163086,76813,76914,101
13.1204900742,80.2592163086,76914,76924,10
13.1205196381,80.2592391968,76924,76934,10
13.1205196381,80.2593536377,76934,76944,10
13.1207103729,80.2593765259,76944,76954,10
13.1210298538,80.2593383789,76954,76964,10
13.1214599609,80.2593307495,76964,76974,10
13.1218900681,80.2593231201,76974,76985,11
13.1223297119,80.2593078613,76985,76995,10
13.1226902008,80.2592926025,76995,77005,10
13.1227703094,80.2592926025,77005,77015,10
13.1228904724,80.2594604492,77015,77025,10
13.1228599548,80.2598724365,77025,77035,10
13.1228399277,80.2602996826,77035,77045,10
13.1228399277,80.2607574463,77045,77055,10
13.1228399277,80.261177063,77055,77065,10
13.1228199005,80.2615966797,77065,77075,10
13.1228303909,80.2618484497,77075,77086,11
13.1228103638,80.2623672485,77086,77096,10
13.1228103638,80.2629318237,77096,77106,10
13.1228103638,80.2634735107,77106,77116,10
13.1227998734,80.2641601563,77116,77126,10
13.1227998734,80.2647094727,77126,77136,10
13.1227903366,80.2651977539,77136,77146,10
13.1227703094,80.2654495239,77146,77156,10
13.1227998734,80.2656784058,77156,77166,10
13.1229400635,80.2658004761,77166,77176,10
13.1231403351,80.2657165527,77176,77186,10
13.1231403351,80.2655715942,77186,77196,10
13.123000145,80.2657089233,77196,77257,61
13.123000145,80.2657089233,77257,77267,10
13.1229400635,80.2658462524,77267,77277,10
13.1227998734,80.2657623291,77277,77287,10
13.1227798462,80.2656402588,77287,77297,10
13.1227903366,80.2653808594,77297,77307,10
13.1228103638,80.2649002075,77307,77317,10
13.1228303909,80.2642669678,77317,77328,11
13.1228199005,80.2635498047,77328,77338,10
13.1228199005,80.2630004883,77338,77348,10
13.1228199005,80.2625579834,77348,77358,10
13.1228103638,80.261932373,77358,77368,10
13.1228199005,80.2615966797,77368,77378,10
13.1228199005,80.2612991333,77378,77388,10
13.1228399277,80.2606506348,77388,77398,10
13.1228303909,80.2600097656,77398,77408,10
13.1228504181,80.2594909668,77408,77428,20
13.1228504181,80.2594909668,77428,77438,10
13.1228103638,80.2592926025,77438,77449,11
13.1225299835,80.2593002319,77449,77459,10
13.1221599579,80.2593078613,77459,77469,10
13.1216402054,80.2593307495,77469,77479,10
13.1209802628,80.2593688965,77479,77489,10
13.1205301285,80.2593994141,77489,77529,40
13.1205301285,80.2593994141,77529,77539,10
13.1204004288,80.2593612671,77539,77549,10
13.1201896667,80.2593765259,77549,77560,11
13.1196804047,80.2594223022,77560,77570,10
13.1191997528,80.259437561,77570,77580,10
13.1187200546,80.2594680786,77580,77590,10
13.1183900833,80.2594985962,77590,77600,10
13.1182899475,80.2598724365,77600,77610,10
13.1182699203,80.2599411011,77610,77620,10
13.1182603836,80.259979248,77620,77630,10
13.1181898117,80.2603530884,77630,77640,10
13.1181001663,80.260887146,77640,77650,10
13.1179599762,80.2615127563,77650,77660,10
13.117650032,80.2620010376,77660,77671,11
13.1173000336,80.2621536255,77671,77681,10
13.117099762,80.2620773315,77681,77691,10
13.1167297363,80.2620925903,77691,77701,10
13.1162700653,80.2620391846,77701,77711,10
13.1160097122,80.2619628906,77711,77721,10
13.1157503128,80.2618865967,77721,77731,10
13.1154899597,80.2618179321,77731,77741,10
13.1150903702,80.26171875,77741,77751,10
13.1146602631,80.2616119385,77751,77761,10
13.1143302917,80.2615127563,77761,77771,10
13.1140499115,80.2613296509,77771,77781,10
13.1139698029,80.2612609863,77781,77791,10
13.1138896942,80.2611618042,77791,77802,11
13.1138095856,80.2607879639,77802,77812,10
13.1137399673,80.2604064941,77812,77822,10
13.1136198044,80.2600631714,77822,77832,10
13.1134796143,80.2597732544,77832,77842,10
13.1133203506,80.2595977783,77842,77852,10
13.1129598618,80.2595901489,77852,77862,10
13.1124401093,80.2596130371,77862,77872,10
13.1118803024,80.2596282959,77872,77882,10
13.1115398407,80.2596130371,77882,77892,10
13.1111297607,80.2596435547,77892,77902,10
13.1106595993,80.2596817017,77902,77913,11
13.110159874,80.2596893311,77913,77923,10
13.1097898483,80.2597427368,77923,77933,10
13.1096496582,80.2597503662,77933,77943,10
13.1093997955,80.2597808838,77943,77953,10
13.1090898514,80.2598571777,77953,77963,10
13.1086597443,80.260093689,77963,77973,10
13.1082801819,80.2603302002,77973,77983,10
13.1077899933,80.260559082,77983,77993,10
13.1075801849,80.2606430054,77993,78003,10
13.1074895859,80.2606582642,78003,78013,10
13.1070804596,80.2607192993,78013,78024,11
13.1064100266,80.2608032227,78024,78034,10
13.1059503555,80.2608718872,78034,78044,10
13.1056404114,80.2609176636,78044,78054,10
13.1052999496,80.2609786987,78054,78064,10
13.1049804688,80.2610321045,78064,78074,10
13.1042995453,80.2611083984,78074,78084,10
13.1042995453,80.2611083984,78084,78094,10
13.1041898727,80.2610702515,78094,78103,9
13.1038999557,80.2609863281,78103,78153,50
13.1023302078,80.2605667114,78153,78164,11
13.1017904282,80.260383606,78164,78174,10
13.1011800766,80.2601470947,78174,78184,10
13.1006202698,80.2599868774,78184,78194,10
13.0999898911,80.2598724365,78194,78204,10
13.0993700027,80.2597579956,78204,78224,20
13.0993700027,80.2597579956,78224,78234,10
13.0992202759,80.2597427368,78234,78244,10
13.0989198685,80.2598800659,78244,78254,10
13.0986404419,80.2600021362,78254,78265,11
13.0984401703,80.2600784302,78265,78275,10
13.0980901718,80.2602386475,78275,78285,10
13.0977897644,80.260307312,78285,78295,10
13.0973596573,80.2604522705,78295,78305,10
13.0971298218,80.2604064941,78305,78315,10
13.0972204208,80.2600402832,78315,78325,10
13.0972995758,80.2593231201,78325,78345,20
13.0972995758,80.2593231201,78345,78355,10
13.097319603,80.2592391968,78355,78366,11
13.0973300934,80.2589035034,78366,78376,10
13.0973501205,80.2585525513,78376,78386,10
13.0973701477,80.258102417,78386,78396,10
13.0973997116,80.2579193115,78396,78406,10
13.0974197388,80.2578430176,78406,78416,10
13.0974502563,80.2574996948,78416,78426,10
13.0974798203,80.2570114136,78426,78436,10
13.0975399017,80.2563781738,78436,78446,10
13.0975704193,80.2557907104,78446,78456,10
13.0975799561,80.255317688,78456,78466,10
13.0976104736,80.2548294067,78466,78476,10
13.0976104736,80.2545700073,78476,78486,10
13.0976295471,80.2545394897,78486,78497,11
13.0976495743,80.2541122437,78497,78507,10
13.0976696014,80.253868103,78507,78517,10
13.0976800919,80.2536468506,78517,78527,10
13.0977201462,80.2531967163,78527,78537,10
13.0977802277,80.2525405884,78537,78547,10
13.0978298187,80.2520217896,78547,78557,10
13.0978298187,80.2520065308,78557,78567,10
13.0978603363,80.2518005371,78567,78577,10
13.0979404449,80.2513427734,78577,78587,10
13.0972204208,80.2477111816,78587,78656,69
13.0968198776,80.2457275391,78656,78686,30
13.0968904495,80.2449188232,78686,78717,31
13.097240448,80.2427902222,78717,78747,30
13.097319603,80.2422180176,78747,78777,30
13.0975799561,80.2409362793,78777,78807,30
13.0975799561,80.2409362793,78807,78837,30
13.0977201462,80.2394332886,78837,78848,11
13.0977201462,80.2392807007,78848,78858,10
13.0977497101,80.2388000488,78858,78868,10
13.0978002548,80.2384490967,78868,78878,10
13.0978403091,80.23828125,78878,78888,10
13.0979499817,80.237739563,78888,78898,10
13.0980596542,80.2371368408,78898,78908,10
13.0981397629,80.2365875244,78908,78918,10
13.0982599258,80.2359313965,78918,78928,10
13.0983800888,80.2351989746,78928,78938,10
13.0984201431,80.2348937988,78938,78948,10
13.0984601974,80.2347412109,78948,78958,10
13.0985097885,80.2342834473,78958,78969,11
13.0985898972,80.2335205078,78969,78979,10
13.0987100601,80.2327423096,78979,78989,10
13.0989103317,80.2319793701,78989,78999,10
13.0989999771,80.2317733765,78999,79009,10
13.0992097855,80.2312393188,79009,79019,10
13.09953022,80.2305221558,79019,79029,10
13.0996799469,80.2299118042,79029,79039,10
13.0996999741,80.2297897339,79039,79049,10
13.0997104645,80.2297363281,79049,79058,9
13.0997695923,80.2294464111,79058,79070,12
13.0998401642,80.2290115356,79070,79080,10
13.0999403,80.2284164429,79080,79090,10
13.1000404358,80.2276763916,79090,79100,10
13.1000099182,80.2268218994,79100,79110,10
13.0998697281,80.2254180908,79110,79130,20
13.0998697281,80.2254180908,79130,79140,10
13.0998401642,80.2250595093,79140,79150,10
13.0996704102,80.2244491577,79150,79160,10
13.0993995667,80.2238235474,79160,79170,10
13.0992298126,80.2236022949,79170,79180,10
13.0990200043,80.2233276367,79180,79191,11
13.0988197327,80.2230377197,79191,79201,10
13.0987195969,80.2226409912,79201,79211,10
13.0987300873,80.2219314575,79211,79221,10
13.098859787,80.2210617065,79221,79231,10
13.0990400314,80.2200927734,79231,79241,10
13.0991601944,80.2193832397,79241,79251,10
13.0992298126,80.2190093994,79251,79261,10
13.0993204117,80.2183532715,79261,79271,10
13.0994796753,80.2174606323,79271,79281,10
13.0997695923,80.216468811,79281,79291,10
13.100060463,80.2158126831,79291,79301,10
13.1003704071,80.2150878906,79301,79312,11
13.1004800797,80.2148132324,79312,79322,10
13.1004800797,80.2146987915,79322,79332,10
13.1001501083,80.2145385742,79332,79342,10
13.099820137,80.2144317627,79342,79352,10
13.0997400284,80.2144165039,79352,79362,10
13.0996904373,80.2144088745,79362,79372,10
13.0992898941,80.2143096924,79372,79382,10
13.098739624,80.2141036987,79382,79392,10
13.0983800888,80.2143325806,79392,79402,10
13.0980796814,80.2149887085,79402,79412,10
13.0977497101,80.2157287598,79412,79422,10
13.0974502563,80.2164535522,79422,79433,11
13.097120285,80.2173690796,79433,79443,10
13.0967798233,80.2183303833,79443,79453,10
13.0965204239,80.2191009521,79453,79463,10
13.0955400467,80.2188873291,79463,79483,20
13.0955400467,80.2188873291,79483,79493,10
13.0953397751,80.2188110352,79493,79503,10
13.0947504044,80.2185668945,79503,79513,10
13.0939397812,80.2184066772,79513,79523,10
13.0930404663,80.2183685303,79523,79533,10
13.0921802521,80.2183609009,79533,79543,10
13.0914001465,80.2182922363,79543,79554,11
13.0905303955,80.2182617188,79554,79564,10
13.0900001526,80.21824646,79564,79584,20
13.0900001526,80.21824646,79584,79594,10
13.0897102356,80.2182006836,79594,79604,10
13.0891399384,80.2181777954,79604,79614,10
13.0884504318,80.2181625366,79614,79623,9
13.087849617,80.2181472778,79623,79634,11
13.0875196457,80.2181396484,79634,79644,10
13.0872602463,80.2181091309,79644,79654,10
13.0867700577,80.2180786133,79654,79665,11
13.0859804153,80.2180862427,79665,79675,10
13.0855998993,80.2180862427,79675,79685,10
13.085439682,80.2180862427,79685,79695,10
13.0850601196,80.2180786133,79695,79705,10
13.0847396851,80.2181396484,79705,79715,10
13.0843200684,80.2180709839,79715,79725,10
13.0836400986,80.217956543,79725,79735,10
13.0828399658,80.2179412842,79735,79745,10
13.081990242,80.217918396,79745,79755,10
13.0813798904,80.2178878784,79755,79765,10
13.0813398361,80.217880249,79765,79775,10
13.0810604095,80.2178421021,79775,79786,11
13.0804395676,80.2178115845,79786,79796,10
13.0796804428,80.2177886963,79796,79806,10
13.0788602829,80.2177581787,79806,79816,10
13.0779895782,80.2178573608,79816,79826,10
13.0770902634,80.2180709839,79826,79836,10
13.0762500763,80.2181167603,79836,79846,10
13.0759601593,80.2181015015,79846,79856,10
13.075799942,80.2180786133,79856,79866,10
13.0749998093,80.2180099487,79866,79957,91
13.0749998093,80.2180099487,79957,79967,10
13.0749597549,80.2179794312,79967,79977,10
13.0748796463,80.2176895142,79977,79987,10
13.0749597549,80.2172164917,79987,79998,11
13.0750303268,80.2164764404,79998,80018,20
13.0750303268,80.2164764404,80018,80028,10
13.0750799179,80.2162322998,80028,80038,10
13.0750999451,80.2160186768,80038,80048,10
13.0751695633,80.2155914307,80048,80058,10
13.0752801895,80.2149124146,80058,80068,10
13.0755300522,80.2141799927,80068,80078,10
13.075920105,80.2133407593,80078,80088,10
13.076259613,80.2127914429,80088,80098,10
13.0763902664,80.2126235962,80098,80108,10
13.0767002106,80.2121734619,80108,80118,10
13.0769500732,80.2114562988,80118,80129,11
13.0770797729,80.2105484009,80129,80139,10
13.0771598816,80.2096633911,80139,80149,10
13.0771598816,80.2095794678,80149,80159,10
13.077170372,80.2093200684,80159,80169,10
13.0771398544,80.2088012695,80169,80179,10
13.0770998001,80.2081298828,80179,80189,10
13.0770702362,80.2073364258,80189,80199,10
13.0770101547,80.2067871094,80199,80209,10
13.0769796371,80.206489563,80209,80219,10
13.0768604279,80.2058563232,80219,80229,10
13.0767202377,80.2050170898,80229,80239,10
13.0765600204,80.2041091919,80239,80250,11
13.0763502121,80.2031478882,80250,80260,10
13.0761804581,80.2022018433,80260,80270,10
13.0761995316,80.201171875,80270,80280,10
13.0762500763,80.2008972168,80280,80290,10
13.0762395859,80.2003479004,80290,80300,10
13.0756196976,80.2000198364,80300,80310,10
13.0747203827,80.199836731,80310,80319,9
13.0740604401,80.2000427246,80319,80330,11
13.0735301971,80.200630188,80330,80340,10
13.0729398727,80.2013702393,80340,80350,10
13.072520256,80.2018890381,80350,80361,11
13.0722198486,80.2022399902,80361,80371,10
13.0717496872,80.2027435303,80371,80381,10
13.0712003708,80.2033691406,80381,80391,10
13.0705699921,80.2041091919,80391,80401,10
13.0700702667,80.2047424316,80401,80411,10
13.069899559,80.2049713135,80411,80421,10
13.0697002411,80.2050170898,80421,80431,10
13.069439888,80.2048492432,80431,80441,10
13.0690803528,80.2053222656,80441,80512,71
13.0690803528,80.2053222656,80512,80522,10
13.0689496994,80.2053909302,80522,80532,10
13.0686702728,80.205406189,80532,80542,10
13.0681295395,80.2054367065,80542,80552,10
13.0679798126,80.2050704956,80552,81359,807
13.0679798126,80.2050704956,81359,81369,10
13.0683202744,80.2049102783,81369,81379,10
13.0684604645,80.2048721313,81379,81389,10
13.0686597824,80.2048187256,81389,81470,81
13.0686597824,80.2048187256,81470,81480,10
13.0691900253,80.2047119141,81480,81490,10
13.0694198608,80.2047424316,81490,81500,10
13.0696401596,80.204788208,81500,81520,20
13.0696401596,80.204788208,81520,81530,10
13.0699501038,80.2047576904,81530,81541,11
13.0700597763,80.2045898438,81541,81551,10
13.0702600479,80.2043075562,81551,81561,10
13.0706195831,80.2038421631,81561,81571,10
13.0710897446,80.2032928467,81571,81581,10
13.0715999603,80.2026901245,81581,81591,10
13.0719995499,80.2022018433,81591,81601,10
13.0721702576,80.2020111084,81601,81611,10
13.072520256,80.2016372681,81611,81620,9
13.0729398727,80.2011489868,81620,81631,11
13.0735197067,80.2004928589,81631,81642,11
13.0743503571,80.1995162964,81642,81662,20
13.0743503571,80.1995162964,81662,81672,10
13.0745697021,80.1993331909,81672,81682,10
13.0750703812,80.1990890503,81682,81692,10
13.0758304596,80.1989974976,81692,81702,10
13.0766296387,80.1987991333,81702,81712,10
13.0764904022,80.198097229,81712,81722,10
13.0759897232,80.1981735229,81722,81732,10
13.0760297775,80.1986618042,81732,81742,10
13.0761203766,80.1990890503,81742,81752,10
13.0762395859,80.1996688843,81752,81762,10
13.076379776,80.2005004883,81762,81773,11
13.076259613,80.2016601563,81773,81783,10
13.0762796402,80.2026977539,81783,81793,10
13.0765104294,80.2037277222,81793,81803,10
13.0767097473,80.2047576904,81803,81813,10
13.076880455,80.2058410645,81813,81823,10
13.077050209,80.2069702148,81823,81833,10
13.0770998001,80.2081222534,81833,81843,10
13.0771999359,80.2092895508,81843,81853,10
13.0771398544,80.2105178833,81853,81873,20
13.0771398544,80.2105178833,81873,81884,11
13.0770702362,80.2108688354,81884,81894,10
13.0769996643,80.211479187,81894,81904,10
13.0767297745,80.2122421265,81904,81914,10
13.0761699677,80.2130584717,81914,81924,10
13.0756597519,80.2139205933,81924,81934,10
13.0753202438,80.2149276733,81934,81944,10
13.0751600266,80.2159881592,81944,81954,10
13.0751199722,80.2167510986,81954,81964,10
13.0751104355,80.2168426514,81964,81974,10
13.0751104355,80.2168579102,81974,81984,10
13.0750303268,80.2171783447,81984,81994,10
13.0750398636,80.2175369263,81994,82005,11
13.0755796432,80.2177810669,82005,82015,10
13.0761003494,80.217880249,82015,82025,10
13.0764503479,80.2179031372,82025,82035,10
13.0770702362,80.2178573608,82035,82045,10
13.0778503418,80.2177581787,82045,82055,10
13.0787000656,80.217666626,82055,82065,10
13.0796298981,80.2177124023,82065,82075,10
13.0805797577,80.2177200317,82075,82085,10
13.0812902451,80.2177200317,82085,82095,10
13.0813398361,80.2177200317,82095,82105,10
13.081489563,80.2177429199,82105,82115,10
13.0819702148,80.2177505493,82115,82126,11
13.082159996,80.2172470093,82126,82136,10
13.0822200775,80.216506958,82136,82146,10
13.082280159,80.2156219482,82146,82156,10
13.0824899673,80.2152786255,82156,82166,10
13.0829601288,80.2152786255,82166,82176,10
13.0833501816,80.2153015137,82176,82186,10
13.0837602615,80.2153015137,82186,82196,10
13.0843200684,80.21534729,82196,82206,10
13.0846395493,80.2155685425,82206,82216,10
13.0846099854,80.2161483765,82216,82226,10
13.0846700668,80.2169189453,82226,82237,11
13.0847597122,80.2177200317,82237,82247,10
13.0854797363,80.2178726196,82247,82267,20
13.0854797363,80.2178726196,82267,82277,10
13.0857400894,80.217880249,82277,82287,10
13.0862703323,80.2179031372,82287,82297,10
13.0866699219,80.2179031372,82297,82307,10
13.0873098373,80.217956543,82307,82317,10
13.0881204605,80.2180023193,82317,82327,10
13.0889396667,80.2180175781,82327,82337,10
13.0898103714,80.2180709839,82337,82347,10
13.0907201767,80.2181091309,82347,82358,11
13.091050148,80.218132019,82358,82368,10
13.0913000107,80.2181625366,82368,82378,10
13.0918197632,80.2181625366,82378,82388,10
13.092300415,80.2181625366,82388,82398,10
13.0929698944,80.2182006836,82398,82408,10
13.0938100815,80.2182693481,82408,82418,10
13.0947303772,80.2184371948,82418,82428,10
13.0956897736,80.2187194824,82428,82448,20
13.0956897736,80.2187194824,82448,82457,9
13.0959501266,80.2188110352,82457,82469,12
13.0964298248,80.218963623,82469,82479,10
13.0965595245,80.2187423706,82479,82489,10
13.0966901779,80.2182769775,82489,82499,10
13.096830368,80.2179107666,82499,82509,10
13.0970201492,80.2173690796,82509,82519,10
13.0973100662,80.2166290283,82519,82529,10
13.0976696014,80.2157516479,82529,82539,10
13.0980997086,80.2147598267,82539,82549,10
13.0984201431,80.2140426636,82549,82559,10
13.0984897614,80.2139282227,82559,82569,10
13.0988397598,80.2140274048,82569,82579,10
13.0994997025,80.2142715454,82579,82589,10
13.1000299454,80.2144012451,82589,82600,11
13.1003303528,80.2144775391,82600,82610,10
13.1004400253,80.2145233154,82610,82620,10
13.1005296707,80.2147979736,82620,82630,10
13.1002998352,80.2153167725,82630,82640,10
13.0999698639,80.2160797119,82640,82650,10
13.0996198654,80.2169876099,82650,82660,10
13.0994100571,80.2180633545,82660,82670,10
13.0992498398,80.2191009521,82670,82680,10
13.0991897583,80.2194595337,82680,82690,10
13.0990695953,80.2200469971,82690,82701,11
13.0989198685,80.220916748,82701,82711,10
13.0987701416,80.2218933105,82711,82721,10
13.0988302231,80.2229995728,82721,82731,10
13.0994997025,80.2238998413,82731,82741,10
13.099820137,80.2249069214,82741,82751,10
13.0998601913,80.2251205444,82751,82761,10
13.0999298096,80.2255783081,82761,82771,10
13.0999498367,80.2257232666,82771,82781,10
13.0999803543,80.2258529663,82781,82791,10
13.1000299454,80.2263717651,82791,82801,10
13.1000499725,80.2271575928,82801,82811,10
13.1000003815,80.2280807495,82811,82821,10
13.0998697281,80.2288589478,82821,82832,11
13.0997695923,80.2295227051,82832,82842,10
13.0995998383,80.2302474976,82842,82852,10
13.0994997025,80.2305908203,82852,82862,10
13.099439621,80.230682373,82862,82872,10
13.0992803574,80.2310562134,82872,82882,10
13.0990200043,80.2316970825,82882,82892,10
13.0987701416,80.2324676514,82892,82902,10
13.0986003876,80.2333984375,82902,82912,10
13.0985202789,80.2342376709,82912,82922,10
13.0984296799,80.2350082397,82922,82943,21
13.0984296799,80.2350082397,82943,82953,10
13.0984096527,80.2352523804,82953,82963,10
13.0983295441,80.2357711792,82963,82973,10
13.0981903076,80.236579895,82973,82983,10
13.0980300903,80.2375183105,82983,82993,10
13.0978298187,80.2385635376,82993,83003,10
13.0977401733,80.2395782471,83003,83013,10
13.097700119,80.2400588989,83013,83023,10
13.0976896286,80.2401809692,83023,83033,10
13.0976600647,80.2404708862,83033,83043,10
13.0975904465,80.2407684326,83043,83053,10
13.0975399017,80.2413406372,83053,83064,11
13.0974397659,80.2419586182,83064,83074,10
13.097410202,80.2421264648,83074,83084,10
13.097319603,80.2426223755,83084,83094,10
13.0972003937,80.2433700562,83094,83104,10
13.0970401764,80.2441635132,83104,83114,10
13.0969295502,80.2448196411,83114,83124,10
13.0968799591,80.24559021,83124,83134,10
13.0968904495,80.2464675903,83134,83144,10
13.0971603394,80.2473373413,83144,83154,10
13.0973596573,80.2481536865,83154,83164,10
13.0974397659,80.2484664917,83164,83175,11
13.0974903107,80.2486572266,83175,83185,10
13.0975999832,80.2491531372,83185,83195,10
13.0977602005,80.2498779297,83195,83205,10
13.0979404449,80.2506027222,83205,83215,10
13.0980701447,80.2512207031,83215,83225,10
13.0978403091,80.2518005371,83225,83235,10
13.0977697372,80.2525863647,83235,83255,20
13.0977697372,80.2525863647,83255,83265,10
13.0977497101,80.2528991699,83265,83275,10
13.0976896286,80.2534408569,83275,83285,10
13.0976200104,80.2541885376,83285,83296,11
13.0975904465,80.2548370361,83296,83306,10
13.0975503922,80.255569458,83306,83316,10
13.0975198746,80.2562484741,83316,83326,10
13.0974702835,80.2569503784,83326,83336,10
13.097410202,80.2577819824,83336,83346,10
13.0973796844,80.2585220337,83346,83356,10
13.0973501205,80.2591400146,83356,83366,10
13.0973796844,80.2592315674,83366,83376,10
13.0977401733,80.2593231201,83376,83386,10
13.0983800888,80.2594299316,83386,83396,10
13.0990800858,80.2595672607,83396,83406,10
13.0998497009,80.2597198486,83406,83417,11
13.1006402969,80.2599029541,83417,83427,10
13.1009197235,80.2599563599,83427,83437,10
13.1010599136,80.2600021362,83437,83447,10
13.1015195847,80.2601623535,83447,83457,10
13.1021404266,80.260383606,83457,83467,10
13.1027297974,80.2605514526,83467,83477,10
13.1032304764,80.2607269287,83477,83487,10
13.103770256,80.2608566284,83487,83497,10
13.1042003632,80.2609786987,83497,83507,10
13.1043300629,80.2610168457,83507,83517,10
13.1045799255,80.2610168457,83517,83528,11
13.105099678,80.2609176636,83528,83538,10
13.1055402756,80.2608566284,83538,83548,10
13.1060199738,80.2608032227,83548,83558,10
13.1066703796,80.2606964111,83558,83568,10
13.1074199677,80.2605895996,83568,83578,10
13.1076498032,80.2605133057,83578,83588,10
13.1077899933,80.2604293823,83588,83598,10
13.1082401276,80.2602005005,83598,83608,10
13.1087903976,80.2598495483,83608,83618,10
13.1091098785,80.2597122192,83618,83628,10
13.1092700958,80.2596969604,83628,83638,10
13.1095104218,80.2596511841,83638,83649,11
13.1099004745,80.2595977783,83649,83659,10
13.1103601456,80.2595825195,83659,83669,10
13.1106500626,80.2595901489,83669,83679,10
13.1111001968,80.2595825195,83679,83689,10
13.1117601395,80.259552002,83689,83699,10
13.1125202179,80.2595291138,83699,83709,10
13.1132898331,80.2595214844,83709,83719,10
13.1134500504,80.2595977783,83719,83729,10
13.1135597229,80.2597885132,83729,83739,10
13.1137304306,80.2602310181,83739,83748,9
13.1138601303,80.2607498169,83748,83760,12
13.1140804291,80.2612762451,83760,83770,10
13.1141700745,80.2613525391,83770,83780,10
13.1141901016,80.2613983154,83780,83790,10
13.1145401001,80.2615127563,83790,83800,10
13.1150903702,80.2616424561,83800,83810,10
13.1156301498,80.2617492676,83810,83820,10
13.1159296036,80.2618331909,83820,83830,10
13.1162500381,80.2619094849,83830,83840,10
13.1166801453,80.2620010376,83840,83850,10
13.1172504425,80.2619781494,83850,83860,10
13.1179199219,80.2614364624,83860,83881,21
13.1179199219,80.2614364624,83881,83891,10
13.1179599762,80.2612991333,83891,83901,10
13.118060112,80.2607879639,83901,83911,10
13.1181898117,80.2599868774,83911,83921,10
13.118350029,80.2593688965,83921,83931,10
13.1185703278,80.2593612671,83931,83951,20
13.1185703278,80.2593612671,83951,83961,10
13.1188297272,80.2593078613,83961,83971,10
13.1192102432,80.2593078613,83971,83981,10
13.1197395325,80.2592926025,83981,83992,11
13.1203203201,80.2592773438,83992,84002,10
13.1205396652,80.2592697144,84002,84012,10
13.1208600998,80.259262085,84012,84022,10
13.1213998795,80.2592315674,84022,84032,10
13.122130394,80.2592086792,84032,84042,10
13.122710228,80.2592010498,84042,84052,10
13.1229295731,80.2593002319,84052,84062,10
13.1229295731,80.2593307495,84062,84072,10
13.1229295731,80.2594070435,84072,84082,10
13.1229000092,80.2599105835,84082,84092,10
13.1228904724,80.2606811523,84092,84103,11
13.1228904724,80.2614822388,84103,84113,10
13.1228904724,80.2616271973,84113,84123,10
13.1228904724,80.2617797852,84123,84133,10
13.1228904724,80.262298584,84133,84143,10
13.122879982,80.2630233765,84143,84153,10
13.1228704453,80.2637863159,84153,84163,10
13.1228599548,80.2646636963,84163,84173,10
13.1228399277,80.2654190063,84173,84183,10
13.1228704453,80.2656936646,84183,84193,10
13.1232204437,80.2657470703,84193,84213,20
13.1231203079,80.2656402588,84213,85202,989
13.1231203079,80.2656402588,85202,85212,10
13.1229696274,80.2657928467,85212,85222,10
13.1228199005,80.2657165527,85222,85232,10
13.1227998734,80.2655487061,85232,85242,10
13.1228303909,80.2652435303,85242,85252,10
13.1228303909,80.2648391724,85252,85262,10
13.1228399277,80.2642974854,85262,85272,10
13.1228399277,80.2638168335,85272,85283,11
13.1228399277,80.2633132935,85283,85293,10
13.1228399277,80.2628936768,85293,85303,10
13.1228504181,80.2624206543,85303,85313,10
13.1228599548,80.2619934082,85313,85323,10
13.1228599548,80.2616271973,85323,85333,10
13.1228599548,80.2612380981,85333,85343,10
13.1228704453,80.2607192993,85343,85353,10
13.1228704453,80.2602005005,85353,85363,10
13.1228599548,80.2596664429,85363,85373,10
13.1228599548,80.2593231201,85373,85383,10
13.1226501465,80.2592773438,85383,85393,10
13.1222696304,80.2593002319,85393,85404,11
13.1217803955,80.2593078613,85404,85414,10
13.1212596893,80.2593307495,85414,85424,10
13.1205501556,80.2593765259,85424,86190,766
13.1205501556,80.2593765259,86190,86200,10
13.1203203201,80.2594070435,86200,86210,10
13.1200799942,80.2594070435,86210,86219,9
13.1197900772,80.2594223022,86219,86231,12
13.1192903519,80.259437561,86231,86241,10
13.1189098358,80.2594299316,86241,86251,10
13.1184997559,80.259437561,86251,86261,10
13.1183004379,80.2596969604,86261,86271,10
13.1182098389,80.2602996826,86271,86281,10
13.1181001663,80.2609634399,86281,86291,10
13.1179304123,80.2616119385,86291,86301,10
13.1175098419,80.2621002197,86301,86311,10
13.1171798706,80.2620315552,86311,86321,10
13.1167602539,80.262046814,86321,86331,10
13.1162595749,80.2620010376,86331,86342,11
13.1159896851,80.2619171143,86342,86352,10
13.1156702042,80.2618484497,86352,86362,10
13.1154203415,80.2617874146,86362,86372,10
13.1150598526,80.2617034912,86372,86382,10
