13.0263004303,80.2656402588,13,1478,1465
13.0261802673,80.2654800415,1478,2922,1444
13.0264196396,80.2654266357,2922,5941,3019
13.0263996124,80.2654571533,5941,7648,1707
13.0263299942,80.2653884888,7648,21575,13927
13.0263299942,80.2653884888,21575,21586,11
13.0263795853,80.2653808594,21586,21596,10
13.0265197754,80.2655792236,21596,21626,30
13.0265197754,80.2655792236,21626,21636,10
13.0265197754,80.2654724121,21636,21646,10
13.0263900757,80.2654037476,21646,21656,10
13.0263395309,80.2656402588,21656,21666,10
13.0263004303,80.2658462524,21666,21676,10
13.0261697769,80.2658920288,21676,21687,11
13.0257902145,80.2656478882,21687,21697,10
13.0254201889,80.2654266357,21697,21707,10
13.0252799988,80.2653579712,21707,21717,10
13.0249795914,80.2651367188,21717,21727,10
13.0245103836,80.2647781372,21727,21737,10
13.0239601135,80.2643890381,21737,21747,10
13.0234003067,80.2640914917,21747,21757,10
13.0228004456,80.2637634277,21757,21767,10
13.0222797394,80.2634887695,21767,21777,10
13.0222396851,80.2634735107,21777,21788,11
13.0219202042,80.2632980347,21788,21798,10
13.0212402344,80.2630691528,21798,21808,10
13.0203304291,80.2630233765,21808,21818,10
13.0196399689,80.2629699707,21818,21828,10
13.019080162,80.2628936768,21828,21838,10
13.0188999176,80.2623901367,21838,21848,10
13.0187797546,80.2616271973,21848,21858,10
13.0184297562,80.2611236572,21858,21868,10
13.0177297592,80.2606735229,21868,21878,10
13.0169897079,80.2601623535,21878,21889,11
13.0162601471,80.2597503662,21889,21899,10
13.0161104202,80.2596893311,21899,21909,10
13.0157003403,80.2595062256,21909,21919,10
13.0149297714,80.2593383789,21919,21929,10
13.013999939,80.2592926025,21929,21939,10
13.0129804611,80.259262085,21939,21949,10
13.011879921,80.2592086792,21949,21959,10
13.0108499527,80.2592010498,21959,21969,10
13.0100097656,80.2592391968,21969,21979,10
13.0098400116,80.2592315674,21979,21990,11
13.0092201233,80.2592010498,21990,22000,10
13.0087299347,80.2592010498,22000,22010,10
13.0082902908,80.2591934204,22010,22020,10
13.0076303482,80.2593612671,22020,22030,10
13.0072402954,80.2588500977,22030,22040,10
13.0071496964,80.2586135864,22040,22050,10
13.0068702698,80.2581100464,22050,22060,10
13.0065002441,80.2574768066,22060,22070,10
13.0064601898,80.2567901611,22070,22080,10
13.0064897537,80.2559280396,22080,22091,11
13.0065202713,80.254989624,22091,22101,10
13.0065202713,80.2539596558,22101,22111,10
13.0065202713,80.2532196045,22111,22121,10
13.0065202713,80.2531433105,22121,22131,10
13.0065202713,80.2527694702,22131,22141,10
13.0066003799,80.2521820068,22141,22151,10
13.0066795349,80.2518081665,22151,22161,10
13.0066900253,80.2517166138,22161,22171,10
13.0067501068,80.2513198853,22171,22181,10
13.0067596436,80.250617981,22181,22192,11
13.0067396164,80.2495193481,22192,22202,10
13.0066995621,80.2485733032,22202,22212,10
13.0066604614,80.2476806641,22212,22222,10
13.0066604614,80.2468566895,22222,22232,10
13.0066099167,80.2464981079,22232,22242,10
13.0066204071,80.2464599609,22242,22252,10
13.0066604614,80.2460327148,22252,22262,10
13.0066604614,80.2452163696,22262,22272,10
13.0066404343,80.2442092896,22272,22282,10
13.0066204071,80.2431869507,22282,22293,11
13.0065803528,80.2422180176,22293,22303,10
13.0065603256,80.2416381836,22303,22313,10
13.0066003799,80.2412490845,22313,22323,10
13.0066900253,80.2405471802,22323,22333,10
13.0068502426,80.2396774292,22333,22342,9
13.0070104599,80.2388305664,22342,22353,11
13.0072898865,80.2375793457,22353,22363,10
13.007399559,80.2367782593,22363,22373,10
13.0074701309,80.2365493774,22373,22383,10
13.0076198578,80.2359619141,22383,22394,11
13.0078401566,80.2349777222,22394,22404,10
13.0080699921,80.2338180542,22404,22414,10
13.0082998276,80.2326431274,22414,22424,10
13.0085496902,80.2313537598,22424,22434,10
13.0088195801,80.2299575806,22434,22444,10
13.0090799332,80.2286682129,22444,22454,10
13.0095100403,80.2274169922,22454,22464,10
13.0100603104,80.2262496948,22464,22474,10
13.0105600357,80.2251815796,22474,22484,10
13.0109901428,80.2241668701,22484,22494,10
13.0114402771,80.2230529785,22494,22505,11
13.0118598938,80.2219314575,22505,22515,10
13.012339592,80.221496582,22515,22525,10
13.0126695633,80.2219619751,22525,22535,10
13.0133304596,80.2227325439,22535,22545,10
13.0140104294,80.2235107422,22545,22555,10
13.0145998001,80.2242279053,22555,22565,10
13.015250206,80.2248382568,22565,22575,10
13.0155296326,80.2250289917,22575,22585,10
13.0155897141,80.2250976563,22585,22595,10
13.0159597397,80.2253417969,22595,22606,11
13.0169200897,80.225189209,22606,22616,10
13.0180397034,80.2247467041,22616,22626,10
13.0190896988,80.2244110107,22626,22636,10
13.0199604034,80.2247009277,22636,22646,10
13.0208396912,80.2253417969,22646,22656,10
13.0216398239,80.2259216309,22656,22666,10
13.0219802856,80.2261581421,22666,22676,10
13.022310257,80.2264633179,22676,22686,10
13.022939682,80.2270278931,22686,22696,10
13.0236501694,80.227722168,22696,22707,11
13.0243196487,80.2284317017,22707,22717,10
13.0249004364,80.2292404175,22717,22727,10
13.0255002975,80.2300415039,22727,22737,10
13.0259504318,80.2308273315,22737,22747,10
13.0260000229,80.2310562134,22747,22757,10
13.0261297226,80.2313766479,22757,22767,10
13.026720047,80.2312088013,22767,22777,10
13.0275802612,80.2309875488,22777,22787,10
13.0283603668,80.2309036255,22787,22797,10
13.0284795761,80.2308883667,22797,22808,11
13.029009819,80.2308425903,22808,22818,10
13.0295600891,80.2307815552,22818,22828,10
13.0303401947,80.23072052,22828,22838,10
13.0310297012,80.230682373,22838,22848,10
13.0317897797,80.2306213379,22848,22858,10
13.0326404572,80.2305374146,22858,22868,10
13.0334701538,80.2304916382,22868,22878,10
13.0340204239,80.230430603,22878,22888,10
13.0341997147,80.2304077148,22888,22898,10
13.0343198776,80.2303924561,22898,22909,11
13.0347204208,80.2303009033,22909,22919,10
13.0349998474,80.2301635742,22919,22929,10
13.0349197388,80.2300262451,22929,22939,10
13.0345602036,80.2300262451,22939,23949,1010
13.0345602036,80.2300262451,23949,23959,10
13.034239769,80.230178833,23959,23979,20
13.034239769,80.230178833,23979,23989,10
13.0341100693,80.2304077148,23989,23999,10
13.0336704254,80.230430603,23999,24009,10
13.0335597992,80.2304382324,24009,24020,11
13.0332603455,80.2304611206,24020,24030,10
13.0325803757,80.2305221558,24030,24040,10
13.0317201614,80.2305984497,24040,24050,10
13.03083992,80.2306671143,24050,24060,10
13.0299501419,80.2307815552,24060,24080,20
13.0299501419,80.2307815552,24080,24090,10
13.0296497345,80.2308120728,24090,24100,10
13.0290603638,80.2308731079,24100,24110,10
13.0284099579,80.2309188843,24110,24121,11
13.0277996063,80.2310333252,24121,24131,10
13.0277395248,80.2314300537,24131,24141,10
13.0277996063,80.2319869995,24141,24151,10
13.0278596878,80.2324905396,24151,24161,10
13.027759552,80.2328414917,24161,24171,10
13.0271501541,80.2329177856,24171,24181,10
13.0267801285,80.2329711914,24181,24191,10
13.0263795853,80.2326889038,24191,24201,10
13.026140213,80.2318496704,24201,24211,10
13.0258102417,80.2306594849,24211,24222,11
13.0250196457,80.2294464111,24222,24232,10
13.0242795944,80.228553772,24232,24242,10
13.0239696503,80.2282333374,24242,24252,10
13.023900032,80.2281417847,24252,24262,10
13.0235500336,80.2277374268,24262,24272,10
13.0230798721,80.2272567749,24272,24282,10
13.0224895477,80.2266769409,24282,24292,10
13.0218296051,80.2261505127,24292,24302,10
13.0209302902,80.2254562378,24302,24312,10
13.0201396942,80.2249221802,24312,24323,11
13.0198402405,80.2247314453,24323,24333,10
13.019490242,80.2245407104,24333,24343,10
13.019080162,80.2244567871,24343,24353,10
13.0187101364,80.2245101929,24353,24363,10
13.018529892,80.2246017456,24363,24373,10
13.0181798935,80.2247390747,24373,24383,10
13.0174303055,80.2250518799,24383,24393,10
13.0166301727,80.2253799438,24393,24403,10
13.015999794,80.2256088257,24403,24413,10
13.0152301788,80.2258987427,24413,24424,11
13.0144100189,80.2262268066,24424,24434,10
13.0143299103,80.2262573242,24434,24444,10
13.0140695572,80.226348877,24444,24454,10
13.0134401321,80.226600647,24454,24464,10
13.0125303268,80.2269668579,24464,24474,10
13.011469841,80.2273864746,24474,24484,10
13.0102701187,80.2278594971,24484,24494,10
13.0092096329,80.2284393311,24494,24504,10
13.0089597702,80.2295913696,24504,24514,10
13.0087203979,80.2309188843,24514,24525,11
13.0084400177,80.2323913574,24525,24535,10
13.0082798004,80.2335205078,24535,24545,10
13.0082397461,80.2336807251,24545,24555,10
13.0081195831,80.2340774536,24555,24565,10
13.0079698563,80.2348175049,24565,24575,10
13.0077400208,80.2358703613,24575,24585,10
13.0074901581,80.2371902466,24585,24595,10
13.0072698593,80.2384109497,24595,24605,10
13.0071001053,80.2394332886,24605,24615,10
13.0069599152,80.2401275635,24615,24626,11
13.0069103241,80.2405090332,24626,24636,10
13.0068798065,80.2407836914,24636,24646,10
13.0068798065,80.2408905029,24646,24656,10
13.0068502426,80.2413787842,24656,24666,10
13.0068101883,80.2421569824,24666,24676,10
13.0067796707,80.2429580688,24676,24686,10
13.0067396164,80.2439575195,24686,24696,10
13.0067596436,80.2451400757,24696,24706,10
13.0067996979,80.2462768555,24706,24716,10
13.0068101883,80.2473983765,24716,24727,11
13.0068101883,80.2484893799,24727,24737,10
13.0069198608,80.2495193481,24737,24747,10
13.0069303513,80.2496337891,24747,24757,10
13.0069503784,80.2499771118,24757,24767,10
13.0069103241,80.2507019043,24767,24777,10
13.0068397522,80.2516174316,24777,24787,10
13.0066404343,80.2525177002,24787,24797,10
13.0066204071,80.2535018921,24797,24807,10
13.0066699982,80.2545776367,24807,24817,10
13.0066995621,80.2557067871,24817,24827,10
13.0066995621,80.2570266724,24827,24838,11
13.0071601868,80.2583236694,24838,24848,10
13.0076799393,80.2586364746,24848,24858,10
13.0078201294,80.2586975098,24858,24868,10
13.0083799362,80.2589569092,24868,24878,10
13.0092697144,80.2591094971,24878,24888,10
13.0104999542,80.2591171265,24888,24898,10
13.011879921,80.2591400146,24898,24908,10
13.013299942,80.2591705322,24908,24918,10
13.0146799088,80.2592163086,24918,24928,10
13.0158395767,80.2593994141,24928,24939,11
13.0169000626,80.2600479126,24939,24949,10
13.0178804398,80.2607116699,24949,24959,10
13.0187597275,80.2612991333,24959,24969,10
13.0194101334,80.2618789673,24969,24979,10
13.0199804306,80.2624664307,24979,24989,10
13.0208501816,80.2628936768,24989,24999,10
13.0216999054,80.2631835938,24999,25009,10
13.0220899582,80.2633972168,25009,25019,10
13.0225095749,80.2636184692,25019,25029,10
13.0231304169,80.263961792,25029,25040,11
13.023730278,80.2642593384,25040,25050,10
13.0244598389,80.2647094727,25050,25060,10
13.0249700546,80.265083313,25060,25070,10
13.025560379,80.2655029297,25070,25080,10
13.0261602402,80.2658691406,25080,25090,10
13.0263700485,80.2655181885,25090,25100,10
13.0264501572,80.2647628784,25100,25110,10
13.0265703201,80.2639007568,25110,25120,10
13.0267801285,80.2634429932,25120,25131,11
13.027469635,80.2635574341,25131,25141,10
13.0279798508,80.2637023926,25141,25151,10
13.0285596848,80.2638778687,25151,25161,10
13.0291004181,80.2640228271,25161,25171,10
13.0293397903,80.2641677856,25171,25181,10
13.0294103622,80.264541626,25181,25191,10
13.0294399261,80.2650985718,25191,25201,10
13.0293502808,80.2658004761,25201,25211,10
13.0292396545,80.2663726807,25211,25221,10
13.0293598175,80.2665176392,25221,25231,10
13.0298204422,80.2665863037,25231,25242,11
13.0304298401,80.2667007446,25242,25252,10
13.0309400558,80.2667999268,25252,25262,10
13.0315504074,80.2670135498,25262,25272,10
13.0321798325,80.267288208,25272,25282,10
13.0326004028,80.2675323486,25282,25292,10
13.0333299637,80.2677993774,25292,25302,10
13.0334396362,80.267829895,25302,25312,10
13.0335702896,80.2678527832,25312,25322,10
13.0340299606,80.2679519653,25322,25332,10
13.0345602036,80.2679824829,25332,25343,11
13.0346298218,80.268081665,25343,25353,10
13.0344495773,80.2681121826,25353,25363,10
13.034070015,80.2679977417,25363,25373,10
13.0335302353,80.2678833008,25373,25433,60
13.0335302353,80.2678833008,25433,25444,11
13.0329504013,80.2677612305,25444,25454,10
13.0326004028,80.267539978,25454,25464,10
13.0321102142,80.2673187256,25464,25474,10
13.0313196182,80.2669525146,25474,25484,10
13.0305204391,80.2667694092,25484,25494,10
13.0298404694,80.2666320801,25494,25504,10
13.0296697617,80.2666015625,25504,25514,10
13.0293197632,80.2665405273,25514,25524,10
13.0289402008,80.2663803101,25524,25534,10
13.0283403397,80.266242981,25534,25545,11
13.0274896622,80.2660827637,25545,25555,10
13.0266399384,80.2659988403,25555,25565,10
13.0260696411,80.2658004761,25565,25574,9
13.0258998871,80.2657089233,25574,25585,11
13.0257501602,80.2656326294,25585,25595,10
13.0254201889,80.2654418945,25595,25605,10
13.0253200531,80.2653579712,25605,25615,10
13.0251598358,80.2652435303,25615,25625,10
13.0246496201,80.2648468018,25625,25635,10
13.0238304138,80.2643203735,25635,25646,11
13.023059845,80.2638778687,25646,25656,10
13.0222196579,80.263458252,25656,25676,20
13.0222196579,80.263458252,25676,25686,10
13.0220499039,80.2633666992,25686,25696,10
13.0217399597,80.2632293701,25696,25706,10
13.0209999084,80.2630462646,25706,25716,10
13.0202102661,80.2630233765,25716,25726,10
13.0195798874,80.2629623413,25726,25736,10
13.0191402435,80.2628936768,25736,25747,11
13.0189399719,80.2622299194,25747,25757,10
13.0187902451,80.26146698,25757,25767,10
13.0182104111,80.2609786987,25767,25777,10
13.0173397064,80.2603988647,25777,25787,10
13.016409874,80.2598419189,25787,25797,10
13.016119957,80.2596969604,25797,25807,10
13.0160398483,80.2596588135,25807,25817,10
13.0155601501,80.2594680786,25817,25827,10
13.0147304535,80.2593231201,25827,25837,10
13.0136995316,80.2592926025,25837,25848,11
13.0123901367,80.2592391968,25848,25858,10
13.0112695694,80.2592086792,25858,25868,10
13.0101003647,80.2592391968,25868,25878,10
13.0090303421,80.2591781616,25878,25888,10
13.0086603165,80.2592086792,25888,25898,10
13.0080299377,80.2592163086,25898,25908,10
13.0074300766,80.2592697144,25908,25918,10
13.0072402954,80.2587890625,25918,25928,10
13.0072097778,80.2587127686,25928,25938,10
13.0069599152,80.2582626343,25938,25949,11
13.006529808,80.257522583,25949,25959,10
13.0065097809,80.2565231323,25959,25969,10
13.0065202713,80.2555007935,25969,25979,10
13.0065498352,80.2547073364,25979,25989,10
13.006529808,80.2537307739,25989,25999,10
13.0065402985,80.2528762817,25999,26009,10
13.0066003799,80.2521972656,26009,26019,10
13.0066404343,80.2520065308,26019,26029,10
13.006649971,80.2518615723,26029,26039,10
13.0067796707,80.2513122559,26039,26050,11
13.0068101883,80.25050354,26050,26060,10
13.0067996979,80.2494888306,26060,26070,10
13.0067300797,80.2484588623,26070,26080,10
13.0066299438,80.2475585938,26080,26151,71
13.0066299438,80.2475585938,26151,26161,10
13.006649971,80.247253418,26161,26171,10
13.0066299438,80.2467498779,26171,26181,10
13.0065898895,80.2465286255,26181,26191,10
13.0066204071,80.2464065552,26191,26201,10
13.006649971,80.2459335327,26201,26211,10
13.006649971,80.2450714111,26211,26221,10
13.0066404343,80.2440795898,26221,26231,10
13.0066099167,80.2431030273,26231,26241,10
13.0065803528,80.2419662476,26241,26252,11
13.0066404343,80.2410736084,26252,26262,10
13.0067996979,80.2405014038,26262,26272,10
13.0068101883,80.2403793335,26272,26282,10
13.0068702698,80.2398376465,26282,26292,10
13.0069999695,80.2390365601,26292,26302,10
13.0072097778,80.2379608154,26302,26312,10
13.007399559,80.2369537354,26312,26322,10
13.0074300766,80.2366714478,26322,26332,10
13.0075597763,80.2362594604,26332,26342,10
13.0077400208,80.2355194092,26342,26353,11
13.0079603195,80.2343978882,26353,26363,10
13.0081996918,80.2331390381,26363,26373,10
13.0084199905,80.2319793701,26373,26383,10
13.0086698532,80.2306900024,26383,26393,10
13.0089597702,80.2293014526,26393,26403,10
13.0092496872,80.2280578613,26403,26412,9
13.0096797943,80.2270584106,26412,26423,11
13.0102500916,80.2258300781,26423,26433,10
13.0108699799,80.2245635986,26433,26443,10
13.0113296509,80.2235870361,26443,26454,11
13.0115804672,80.2229537964,26454,26464,10
13.0118598938,80.2220993042,26464,26474,10
13.0122995377,80.2214431763,26474,26484,10
13.0125999451,80.2218093872,26484,26494,10
13.0130596161,80.2224121094,26494,26504,10
13.0137701035,80.2231292725,26504,26514,10
13.0142602921,80.2237091064,26514,26524,10
13.0147800446,80.2242202759,26524,26534,10
13.0153198242,80.2248077393,26534,26544,10
13.0155000687,80.2249221802,26544,26555,11
13.0157203674,80.2251586914,26555,26565,10
13.0163602829,80.2253417969,26565,26575,10
13.0173597336,80.2250213623,26575,26585,10
13.0185003281,80.2245483398,26585,26595,10
13.0195503235,80.2244873047,26595,26605,10
13.0202302933,80.2249221802,26605,26615,10
13.0207700729,80.2253036499,26615,26625,10
13.0212898254,80.225692749,26625,26635,10
13.0218095779,80.2260437012,26635,26645,10
13.0219402313,80.2261581421,26645,26656,11
13.0223302841,80.2265625,26656,26666,10
13.0229797363,80.2271194458,26666,26676,10
13.0236997604,80.2277832031,26676,26686,10
13.0243597031,80.2285308838,26686,26696,10
13.0247898102,80.2291488647,26696,26706,10
13.0254402161,80.2300033569,26706,26716,10
13.0259199142,80.2308578491,26716,26726,10
13.0261602402,80.2313690186,26726,26736,10
13.0267000198,80.2312316895,26736,26746,10
13.0274200439,80.231048584,26746,26757,11
13.0283002853,80.2309494019,26757,26767,10
13.0291500092,80.2308578491,26767,26777,10
13.0296497345,80.2308120728,26777,26787,10
13.03028965,80.230758667,26787,26797,10
13.0310096741,80.2306976318,26797,26807,10
13.0317897797,80.2306289673,26807,26817,10
13.0326795578,80.2305526733,26817,26827,10
13.0340595245,80.2304534912,26827,26847,20
13.0340595245,80.2304534912,26847,26857,10
13.0343799591,80.230430603,26857,26868,11
13.0349597931,80.2302322388,26868,26878,10
13.0347204208,80.2300415039,26878,26938,60
13.0343399048,80.2300186157,26938,28655,1717
13.0343399048,80.2300186157,28655,28665,10
13.0341796875,80.2303695679,28665,28675,10
13.0341796875,80.2303924561,28675,28686,11
13.0340795517,80.23046875,28686,28696,10
13.0336999893,80.2304611206,28696,28706,10
13.0335798264,80.23046875,28706,28716,10
13.0333900452,80.23046875,28716,28726,10
13.0327997208,80.2305297852,28726,28736,10
13.0319404602,80.2306365967,28736,28746,10
13.0310001373,80.2307434082,28746,28756,10
13.0302600861,80.2308120728,28756,28766,10
13.0298099518,80.2308578491,28766,28776,10
13.029800415,80.2308578491,28776,28786,10
13.0295495987,80.2308807373,28786,28797,11
13.0288696289,80.2309417725,28797,28807,10
13.028169632,80.2310180664,28807,28817,10
13.0277996063,80.2310409546,28817,28827,10
13.0277204514,80.2314300537,28827,28837,10
13.0277795792,80.2320022583,28837,28847,10
13.0278501511,80.2324371338,28847,28857,10
13.0277795792,80.2328262329,28857,28867,10
13.0270795822,80.232963562,28867,28908,41
13.0270795822,80.232963562,28908,28918,10
13.0269403458,80.2329788208,28918,28928,10
13.0266399384,80.2330093384,28928,28938,10
13.0263395309,80.2326278687,28938,28948,10
13.0261096954,80.2318725586,28948,28958,10
13.0258197784,80.2308578491,28958,28968,10
13.0252103806,80.2298278809,28968,28978,10
13.024769783,80.2292785645,28978,28999,21
13.024769783,80.2292785645,28999,29009,10
13.0246295929,80.2290725708,29009,29019,10
13.0242700577,80.2286071777,29019,29029,10
13.0239801407,80.2282562256,29029,29039,10
13.0239696503,80.2282562256,29039,29049,10
13.0239095688,80.2282104492,29049,29059,10
13.0236797333,80.2279205322,29059,29069,10
13.0232095718,80.2274703979,29069,29079,10
13.0226297379,80.2268981934,29079,29089,10
13.0220603943,80.2263793945,29089,29100,11
13.0213499069,80.2258071899,29100,29110,10
13.0207395554,80.2253417969,29110,29120,10
13.0203199387,80.2250823975,29120,29130,10
13.0197401047,80.2247009277,29130,29140,10
13.0189399719,80.2244796753,29140,29150,10
13.0181398392,80.2247467041,29150,29160,10
13.0173597336,80.2250900269,29160,29169,9
13.0167703629,80.2253417969,29169,29180,11
13.0164003372,80.2254867554,29180,29190,10
13.0159196854,80.2256393433,29190,29201,11
13.0153999329,80.2258834839,29201,29211,10
13.0149402618,80.2260665894,29211,29221,10
13.0143604279,80.2262802124,29221,29231,10
13.0142803192,80.22631073,29231,29241,10
13.0140695572,80.2264022827,29241,29251,10
13.0135097504,80.2266235352,29251,29261,10
13.0127096176,80.2268981934,29261,29271,10
13.011759758,80.2272796631,29271,29281,10
13.0107603073,80.2276611328,29281,29291,10
13.0099496841,80.2279891968,29291,29302,11
13.009180069,80.228553772,29302,29312,10
13.0089702606,80.2294464111,29312,29322,10
13.0087900162,80.2303771973,29322,29332,10
13.0086202621,80.2313079834,29332,29342,10
13.0084199905,80.2323532104,29342,29352,10
13.0082597733,80.2335128784,29352,29372,20
13.0082597733,80.2335128784,29372,29382,10
13.0081596375,80.2337875366,29382,29392,10
13.0080604553,80.2342987061,29392,29403,11
13.0078601837,80.2352600098,29403,29413,10
13.0076503754,80.2363128662,29413,29423,10
13.0074300766,80.2373809814,29423,29433,10
13.0072803497,80.238319397,29433,29443,10
13.0071401596,80.2390594482,29443,29453,10
13.0069999695,80.2395935059,29453,29463,10
13.0068998337,80.2405014038,29463,29483,20
13.0068998337,80.2405014038,29483,29493,10
13.0068702698,80.2407836914,29493,29503,10
13.0067996979,80.2411804199,29503,29514,11
13.0067596436,80.2420425415,29514,29524,10
13.0067195892,80.2429428101,29524,29534,10
13.0066795349,80.2438964844,29534,29544,10
13.0066900253,80.2447662354,29544,29554,10
13.0066900253,80.2454299927,29554,29564,10
13.0067100525,80.2461395264,29564,29574,10
13.0067195892,80.2469711304,29574,29584,10
13.0066995621,80.2479400635,29584,29594,10
13.0068702698,80.2496414185,29594,29625,31
13.0068702698,80.2496414185,29625,29635,10
13.0068597794,80.2498474121,29635,29645,10
13.0068101883,80.2504425049,29645,29655,10
13.0068101883,80.2511367798,29655,29665,10
13.0066299438,80.2519989014,29665,29675,10
13.0065402985,80.2531661987,29675,29685,10
13.0065603256,80.2544403076,29685,29695,10
13.0066204071,80.2556228638,29695,29705,10
13.0066299438,80.2565689087,29705,29716,11
13.0066900253,80.2573013306,29716,29756,40
13.0065698624,80.2573776245,29756,29786,30
13.0065698624,80.2573776245,29786,29796,10
13.0066795349,80.2576828003,29796,29806,10
13.0070400238,80.2582778931,29806,29817,11
13.0076799393,80.258682251,29817,29837,20
13.0076799393,80.258682251,29837,29847,10
13.0080604553,80.2588806152,29847,29857,10
13.0087299347,80.2590789795,29857,29867,10
13.0095596313,80.2590789795,29867,29877,10
13.0106601715,80.2590789795,29877,29887,10
13.0119104385,80.2590637207,29887,29897,10
13.0132598877,80.2591171265,29897,29907,10
13.0146598816,80.2591934204,29907,29918,11
13.0164403915,80.2596817017,29918,29938,20
13.0164403915,80.2596817017,29938,29948,10
13.0164804459,80.259727478,29948,29958,10
13.0168600082,80.260017395,29958,29968,10
13.0173997879,80.2603912354,29968,29978,10
13.0181703568,80.2609176636,29978,29988,10
13.0189599991,80.2615432739,29988,29998,10
13.0195598602,80.262046814,29998,30008,10
13.0200901031,80.2625579834,30008,30019,11
13.0202503204,80.2626800537,30019,30029,10
13.0207595825,80.2628707886,30029,30039,10
13.0215301514,80.2631225586,30039,30049,10
13.0220603943,80.263343811,30049,30059,10
13.022359848,80.2634887695,30059,30069,10
13.0228500366,80.2637176514,30069,30079,10
13.0229701996,80.2638168335,30079,30089,10
13.0229997635,80.263923645,30089,30099,10
13.0234203339,80.2641525269,30099,30109,10
13.024140358,80.264541626,30109,30120,11
13.0249099731,80.2650985718,30120,30130,10
13.0256204605,80.265586853,30130,30140,10
13.0262403488,80.2659072876,30140,30150,10
13.0263595581,80.2654495239,30150,30160,10
13.02643013,80.2647399902,30160,30170,10
13.0265598297,80.2638931274,30170,30180,10
13.0265598297,80.2637176514,30180,30190,10
13.026599884,80.263458252,30190,30200,10
13.0269002914,80.2634429932,30200,30210,10
13.0274600983,80.2635269165,30210,30220,10
13.0281200409,80.2637329102,30220,30231,11
13.0289201736,80.263961792,30231,30241,10
13.0292797089,80.2642822266,30241,30251,10
13.0292797089,80.2649230957,30251,30261,10
13.0292396545,80.2658691406,30261,30271,10
13.0292100906,80.2661590576,30271,30281,10
13.0291795731,80.2663803101,30281,30291,10
13.0292396545,80.2665023804,30291,30301,10
13.0296297073,80.2665786743,30301,30311,10
13.0301704407,80.2666397095,30311,30321,10
13.0308904648,80.2667770386,30321,30332,11
13.0318002701,80.2671127319,30332,30342,10
13.0325603485,80.2675170898,30342,30352,10
13.0335197449,80.267829895,30352,30372,20
13.0335197449,80.267829895,30372,30382,10
13.033780098,80.2678985596,30382,30392,10
13.0345697403,80.2679977417,30392,30412,20
13.0345697403,80.2679977417,30412,30422,10
13.0344400406,80.268119812,30422,30433,11
13.0342102051,80.2680130005,30433,30443,10
13.0334596634,80.2678985596,30443,30594,151
13.0333204269,80.2678833008,30594,30927,333
13.0332803726,80.267906189,30927,31129,202
13.0332803726,80.267906189,31129,31139,10
13.0329799652,80.2677612305,31139,31150,11
13.0326595306,80.2676086426,31150,31160,10
13.0323896408,80.2674407959,31160,31170,10
13.0319404602,80.2671890259,31170,31180,10
13.0314702988,80.2669677734,31180,31190,10
13.0308799744,80.2668075562,31190,31200,10
13.0298700333,80.2666931152,31200,31220,20
13.0298700333,80.2666931152,31220,31230,10
13.0294103622,80.2665786743,31230,31240,10
13.0290498734,80.2664108276,31240,31251,11
13.0284404755,80.2662582397,31251,31261,10
13.0279302597,80.2661514282,31261,31271,10
13.0271997452,80.2660598755,31271,31281,10
13.0266399384,80.2660598755,31281,31291,10
13.0263299942,80.2659683228,31291,31301,10
13.0258998871,80.2657318115,31301,31311,10
13.0254001617,80.2654190063,31311,31321,10
13.025270462,80.2653503418,31321,31331,10
13.0251703262,80.2652893066,31331,31341,10
13.0248403549,80.2650222778,31341,31352,11
13.0242900848,80.2645797729,31352,31362,10
13.023639679,80.2642211914,31362,31372,10
13.0230703354,80.2638931274,31372,31382,10
13.0226297379,80.263633728,31382,31392,10
13.0222101212,80.2634429932,31392,31402,10
13.0221204758,80.2634277344,31402,31412,10
13.02202034,80.263381958,31412,31422,10
13.0218496323,80.2632980347,31422,31432,10
13.0216903687,80.2631988525,31432,31442,10
13.0211200714,80.2630615234,31442,31453,11
13.0202903748,80.2630310059,31453,31463,10
13.0198802948,80.2630004883,31463,31473,10
13.019200325,80.2629165649,31473,31483,10
13.0189599991,80.2625198364,31483,31493,10
13.0188302994,80.2616424561,31493,31503,10
13.0184402466,80.2611236572,31503,31513,10
13.0177202225,80.2606811523,31513,31523,10
13.0169200897,80.2601394653,31523,31533,10
13.0163297653,80.2598114014,31533,31543,10
13.016289711,80.2597885132,31543,31554,11
13.0161104202,80.2596893311,31554,31564,10
13.015540123,80.2594680786,31564,31574,10
13.0147399902,80.2593307495,31574,31584,10
13.0137796402,80.2593002319,31584,31594,10
13.0126399994,80.2592468262,31594,31604,10
13.0115804672,80.2592010498,31604,31614,10
13.0107803345,80.2592086792,31614,31624,10
13.0102396011,80.259262085,31624,31634,10
13.0099096298,80.2592697144,31634,31644,10
13.0098104477,80.259262085,31644,31655,11
13.0096197128,80.2592697144,31655,31665,10
13.0095596313,80.2592697144,31665,31675,10
13.0091104507,80.2592468262,31675,31695,20
13.0091104507,80.2592468262,31695,31705,10
13.008769989,80.2592163086,31705,31715,10
13.0083198547,80.2591705322,31715,31724,9
13.0076799393,80.2593307495,31724,31735,11
13.0071697235,80.2586669922,31735,31755,20
13.0071697235,80.2586669922,31755,31766,11
13.0070199966,80.258430481,31766,31776,10
13.0065402985,80.2577362061,31776,31846,70
13.0065402985,80.2577362061,31846,31856,10
13.0063199997,80.2576217651,31856,31867,11
13.006360054,80.256942749,31867,31877,10
13.0064001083,80.2561035156,31877,31887,10
13.0064496994,80.255317688,31887,31897,10
13.0064897537,80.254447937,31897,31907,10
13.0064601898,80.2532119751,31907,31927,20
13.0064601898,80.2532119751,31927,31937,10
13.0064496994,80.2529220581,31937,31947,10
13.0064601898,80.252532959,31947,31957,10
13.0065202713,80.252281189,31957,31968,11
13.0066404343,80.2517623901,31968,31978,10
13.0067396164,80.2510681152,31978,31988,10
13.0067195892,80.2502212524,31988,31998,10
13.0066995621,80.2495803833,31998,32008,10
13.0067100525,80.249420166,32008,32129,121
13.0067100525,80.249420166,32129,32139,10
13.0068101883,80.2491607666,32139,32149,10
13.0067796707,80.2490997314,32149,32159,10
13.0067195892,80.2488327026,32159,32170,11
13.0066795349,80.2485122681,32170,32180,10
13.0066604614,80.2483215332,32180,32190,10
13.0066404343,80.2479095459,32190,32200,10
13.006649971,80.2473373413,32200,32210,10
13.0066099167,80.2468109131,32210,32230,20
13.0066099167,80.2468109131,32230,32240,10
13.0065803528,80.2466430664,32240,32250,10
13.0066404343,80.246131897,32250,32260,10
13.006649971,80.2453384399,32260,32271,11
13.0066099167,80.2443237305,32271,32281,10
13.0065803528,80.2436294556,32281,32291,10
13.0065498352,80.243019104,32291,32301,10
13.0065402985,80.2419815063,32301,32361,60
13.0065402985,80.2419815063,32361,32371,10
13.0065498352,80.2416000366,32371,32382,11
13.0065603256,80.2413864136,32382,32392,10
13.0066003799,80.2411193848,32392,32412,20
13.0066003799,80.2411193848,32412,32422,10
13.0066404343,80.2406692505,32422,32452,30
13.0066404343,80.2406692505,32452,32462,10
13.0066795349,80.2404403687,32462,32472,10
13.0067300797,80.2400817871,32472,32483,11
13.0068998337,80.2393493652,32483,32493,10
13.0070800781,80.2384796143,32493,32503,10
13.0072698593,80.2375793457,32503,32513,10
13.0073699951,80.2369003296,32513,32523,10
13.0073795319,80.236869812,32523,32533,10
13.007399559,80.236831665,32533,32543,10
13.007519722,80.2364273071,32543,32553,10
13.0076599121,80.2357635498,32553,32563,10
13.0078496933,80.2348709106,32563,32573,10
13.0080699921,80.2337875366,32573,32584,11
13.0083599091,80.2323074341,32584,32594,10
13.008649826,80.2308731079,32594,32604,10
13.0089101791,80.2296218872,32604,32614,10
13.0092201233,80.2281723022,32614,32624,10
13.0097198486,80.2269973755,32624,32634,10
13.0102996826,80.2257614136,32634,32644,10
13.0108098984,80.2246780396,32644,32654,10
13.0111398697,80.2239608765,32654,32664,10
13.0111904144,80.2238693237,32664,32674,10
13.0112495422,80.2236633301,32674,32685,11
13.0114498138,80.2231521606,32685,32695,10
13.0117301941,80.222442627,32695,32705,10
13.0120201111,80.2216415405,32705,32715,10
13.0123500824,80.2216033936,32715,32725,10
13.0127000809,80.2221298218,32725,32735,10
13.013130188,80.2225875854,32735,32745,10
13.0135402679,80.2229385376,32745,32755,10
13.0140399933,80.2233963013,32755,32765,10
13.0142402649,80.2235717773,32765,32775,10
13.01445961,80.2238769531,32775,32786,11
13.0151596069,80.2247085571,32786,32806,20
13.0151596069,80.2247085571,32806,32816,10
13.0155000687,80.2249984741,32816,32836,20
13.0155000687,80.2249984741,32836,32846,10
13.0156402588,80.2250823975,32846,32856,10
13.0160598755,80.2253417969,32856,32866,10
13.0166397095,80.2253036499,32866,32876,10
13.0173501968,80.2250137329,32876,32887,11
13.0181102753,80.2247009277,32887,32897,10
13.0187101364,80.2244415283,32897,32907,10
13.0195999146,80.2244796753,32907,32927,20
13.0195999146,80.2244796753,32927,32937,10
13.0196800232,80.2245407104,32937,32947,10
13.020070076,80.224822998,32947,32957,10
13.0205802917,80.2251815796,32957,32967,10
13.0209999084,80.225479126,32967,32977,10
13.02202034,80.2262191772,32977,32998,21
13.02202034,80.2262191772,32998,33008,10
13.0221004486,80.226272583,33008,33018,10
13.0224704742,80.226600647,33018,33028,10
13.0230398178,80.2271194458,33028,33038,10
13.0234298706,80.2274627686,33038,33048,10
13.0236797333,80.2276687622,33048,33058,10
13.0239601135,80.2279434204,33058,33068,10
13.0241003036,80.2281112671,33068,33078,10
13.0242595673,80.2283325195,33078,33088,10
13.0245199203,80.2287063599,33088,33099,11
13.024769783,80.2290878296,33099,33109,10
13.0250597,80.2294616699,33109,33119,10
13.025560379,80.2300796509,33119,33149,30
13.025560379,80.2300796509,33149,33159,10
13.0257196426,80.2303237915,33159,33169,10
13.0258598328,80.2306213379,33169,33179,10
13.0259599686,80.2308425903,33179,33189,10
13.0260400772,80.2311325073,33189,33200,11
13.0262804031,80.2313537598,33200,33210,10
13.0269098282,80.2311706543,33210,33220,10
13.0277299881,80.2309799194,33220,33230,10
13.0285196304,80.2308883667,33230,33250,20
13.0285196304,80.2308883667,33250,33260,10
13.0288496017,80.2308502197,33260,33270,10
13.0290298462,80.2308273315,33270,33280,10
13.0292797089,80.230796814,33280,33290,10
13.0296497345,80.230758667,33290,33301,11
13.0301504135,80.2307281494,33301,33311,10
13.0306396484,80.2306976318,33311,33321,10
13.0310602188,80.230682373,33321,33331,10
13.0316801071,80.2306213379,33331,33341,10
13.0322904587,80.2305526733,33341,33350,9
13.0329799652,80.2304992676,33350,33361,11
13.0337696075,80.2304382324,33361,33402,41
13.0337696075,80.2304382324,33402,33412,10
13.0340204239,80.2304229736,33412,33422,10
13.0343599319,80.2303924561,33422,33432,10
13.0346298218,80.2303085327,33432,33442,10
13.0347003937,80.2302780151,33442,33452,10
13.0348501205,80.2302093506,33452,33462,10
13.0349197388,80.2301635742,33462,33472,10
13.0350799561,80.2299499512,33472,33482,10
13.0350103378,80.2297973633,33482,33492,10
13.0347795486,80.2297973633,33492,33503,11
13.0343198776,80.2298202515,33503,33583,80
13.0343904495,80.2301712036,33583,34230,647
13.0342197418,80.2302627563,34230,34270,40
13.0342197418,80.2302627563,34270,34280,10
13.0339803696,80.23046875,34280,34290,10
13.0336198807,80.2305221558,34290,34300,10
13.0334796906,80.2305221558,34300,34310,10
13.033080101,80.2305603027,34310,34321,11
13.0323400497,80.2306213379,34321,34331,10
13.0317401886,80.230682373,34331,34341,10
13.0310096741,80.2307510376,34341,34351,10
13.0304603577,80.2307815552,34351,34361,10
13.0299797058,80.2308502197,34361,34371,10
13.0299701691,80.2308425903,34371,34381,10
13.0297203064,80.2308731079,34381,34391,10
13.0292901993,80.2309494019,34391,34401,10
13.0286998749,80.2310180664,34401,34411,10
13.0280199051,80.2310562134,34411,34422,11
13.0278596878,80.2313995361,34422,34432,10
13.0278501511,80.2320327759,34432,34442,10
13.0279397964,80.2326126099,34442,34452,10
13.0277500153,80.2328186035,34452,34603,151
13.0277500153,80.2328186035,34603,34613,10
13.0273704529,80.2329864502,34613,34623,10
13.0270700455,80.233039856,34623,34634,11
13.0268201828,80.233039856,34634,34644,10
13.0264396667,80.2328796387,34644,34654,10
13.0263004303,80.2323226929,34654,34664,10
13.0261697769,80.2318191528,34664,34674,10
13.0260400772,80.2312469482,34674,34684,10
13.0257396698,80.2304992676,34684,34694,10
13.0252599716,80.2297821045,34694,34703,9
13.0249204636,80.2293930054,34703,34724,21
13.0249204636,80.2293930054,34724,34735,11
13.0247602463,80.2292404175,34735,34745,10
13.0245800018,80.2289962769,34745,34755,10
13.0244102478,80.2287826538,34755,34765,10
13.024020195,80.2282867432,34765,34785,20
13.024020195,80.2282867432,34785,34795,10
13.023850441,80.2280502319,34795,34805,10
13.0234603882,80.2276382446,34805,34815,10
13.0229797363,80.2272033691,34815,34825,10
13.0224599838,80.2267227173,34825,34836,11
13.0217399597,80.2261199951,34836,34846,10
13.0210199356,80.2255401611,34846,34856,10
13.0205202103,80.2252120972,34856,34866,10
13.0204696655,80.2251815796,34866,34876,10
13.0203199387,80.2250595093,34876,34886,10
13.0199203491,80.2247695923,34886,34896,10
13.0191802979,80.2244796753,34896,34906,10
13.0183200836,80.2247009277,34906,34916,10
13.0174102783,80.2250671387,34916,34926,10
13.0166501999,80.2253799438,34926,34937,11
13.0163402557,80.2255020142,34937,34947,10
13.0158100128,80.2256774902,34947,34957,10
13.0150699615,80.2259902954,34957,34967,10
13.0144395828,80.2262420654,34967,34977,10
13.0143995285,80.2262573242,34977,34987,10
13.0143404007,80.2262573242,34987,34997,10
13.0141401291,80.226348877,34997,35007,10
13.0139503479,80.2264328003,35007,35017,10
13.0134096146,80.2266235352,35017,35027,10
13.0127000809,80.2268981934,35027,35037,10
13.0119600296,80.2272262573,35037,35048,11
13.0109901428,80.2276229858,35048,35058,10
13.0101099014,80.2279586792,35058,35068,10
13.0092496872,80.2284393311,35068,35078,10
13.0089998245,80.2294921875,35078,35088,10
13.0087499619,80.2307281494,35088,35097,9
13.0085201263,80.2318191528,35097,35108,11
13.0084104538,80.2323226929,35108,35118,10
13.0083904266,80.2324981689,35118,35128,10
13.0083398819,80.2327575684,35128,35138,10
13.0082998276,80.2332611084,35138,35159,21
13.0082998276,80.2332611084,35159,35169,10
13.0082798004,80.2335281372,35169,35229,60
13.0082798004,80.2335281372,35229,35239,10
13.0081396103,80.2340316772,35239,35250,11
13.0081396103,80.2340393066,35250,35260,10
13.0080604553,80.2343826294,35260,35270,10
13.0079898834,80.2347412109,35270,35280,10
13.0079202652,80.2350616455,35280,35290,10
13.0078296661,80.2354812622,35290,35300,10
13.0077495575,80.2358932495,35300,35310,10
13.0077295303,80.2359695435,35310,35320,10
13.0076704025,80.236289978,35320,35330,10
13.007610321,80.2366104126,35330,35340,10
13.007519722,80.2369918823,35340,35351,11
13.0074195862,80.2374725342,35351,35361,10
13.0073204041,80.238067627,35361,35371,10
13.0072698593,80.238319397,35371,35381,10
13.0072202682,80.2386627197,35381,35391,10
13.0071697235,80.238899231,35391,35401,10
13.007060051,80.2394104004,35401,35411,10
13.0069904327,80.2397384644,35411,35441,30
13.0069503784,80.239982605,35441,35502,61
13.0069503784,80.239982605,35502,35512,10
13.0069704056,80.2403106689,35512,35522,10
13.0068798065,80.2406921387,35522,35542,20
13.0068798065,80.2406921387,35542,35552,10
13.0067996979,80.2409210205,35552,35563,11
13.0067300797,80.2415924072,35563,35573,10
13.0067396164,80.2423171997,35573,35603,30
13.0067396164,80.2423171997,35603,35613,10
13.0067396164,80.242729187,35613,35623,10
13.0067195892,80.2430801392,35623,35653,30
13.0067195892,80.2430801392,35653,35664,11
13.0066995621,80.2436599731,35664,35674,10
13.0067195892,80.244140625,35674,35684,10
13.0067195892,80.2446594238,35684,35694,10
13.0067195892,80.2451629639,35694,35704,10
13.0067396164,80.2457504272,35704,35714,10
13.0067501068,80.2463378906,35714,35734,20
13.0067501068,80.2463378906,35734,35744,10
13.0067796707,80.2469711304,35744,35754,10
13.0067396164,80.2475204468,35754,35765,11
13.0067396164,80.2484207153,35765,35775,10
13.0068798065,80.2495498657,35775,35795,20
13.0068798065,80.2495498657,35795,35805,10
13.0068902969,80.2496185303,35805,35815,10
13.0068702698,80.2500228882,35815,35825,10
13.0068597794,80.2506027222,35825,35835,10
13.0068397522,80.2513198853,35835,35845,10
13.0066404343,80.2521514893,35845,35855,10
13.0065698624,80.2530899048,35855,35866,11
13.0065803528,80.2540817261,35866,35876,10
13.0066204071,80.2547607422,35876,35886,10
13.0066404343,80.2554702759,35886,35896,10
13.0066604614,80.2561416626,35896,35906,10
13.0066604614,80.2565307617,35906,35916,10
13.0066795349,80.2566375732,35916,35926,10
13.0066995621,80.2568588257,35926,35936,10
13.0067596436,80.2573928833,35936,35946,10
13.0071401596,80.2581787109,35946,35956,10
13.0076599121,80.2585601807,35956,35967,11
13.0077199936,80.2586135864,35967,35977,10
13.0079097748,80.2587280273,35977,35987,10
13.0085096359,80.258972168,35987,35997,10
13.0093202591,80.2590637207,35997,36007,10
13.0103597641,80.2590637207,36007,36017,10
13.0115604401,80.2590637207,36017,36027,10
13.0128803253,80.2590866089,36027,36037,10
13.0142498016,80.2591400146,36037,36047,10
13.0153903961,80.2592010498,36047,36057,10
13.016409874,80.2596282959,36057,36078,21
13.016409874,80.2596282959,36078,36088,10
13.0166196823,80.2598266602,36088,36098,10
13.0168800354,80.2600021362,36098,36108,10
13.0173196793,80.2602996826,36108,36118,10
13.0174598694,80.2603988647,36118,36128,10
13.0177602768,80.2606277466,36128,36138,10
13.0182695389,80.2609710693,36138,36148,10
13.0186395645,80.2612304688,36148,36158,10
13.0186700821,80.2612533569,36158,36168,10
13.018819809,80.2613830566,36168,36179,11
13.0192604065,80.2617797852,36179,36189,10
13.019659996,80.2621765137,36189,36199,10
13.0201597214,80.2626037598,36199,36209,10
13.0202503204,80.2626571655,36209,36219,10
13.0206899643,80.262840271,36219,36229,10
13.0214300156,80.2630615234,36229,36239,10
13.0219898224,80.2633209229,36239,36249,10
13.0223903656,80.2635116577,36249,36259,10
13.0229196548,80.2637863159,36259,36269,10
13.0229797363,80.2638320923,36269,36280,11
13.0233697891,80.2640380859,36280,36290,10
13.0238599777,80.2643280029,36290,36300,10
13.0244102478,80.2646789551,36300,36310,10
13.0249595642,80.26512146,36310,36320,10
13.0253801346,80.265411377,36320,36330,10
13.0257196426,80.2656173706,36330,36340,10
13.0262203217,80.26587677,36340,36350,10
13.0263595581,80.2655410767,36350,36360,10
13.0264101028,80.2649307251,36360,36370,10
13.0265197754,80.2640304565,36370,36391,21
13.0265197754,80.2640304565,36391,36401,10
13.0265798569,80.2636489868,36401,36411,10
13.0267601013,80.2634124756,36411,36421,10
13.0272197723,80.2634963989,36421,36431,10
13.0276699066,80.2636108398,36431,36441,10
13.0282201767,80.2637481689,36441,36451,10
13.028260231,80.2637634277,36451,36461,10
13.0286798477,80.2638626099,36461,36471,10
13.0291996002,80.263999939,36471,36482,11
13.029299736,80.2642211914,36482,36492,10
13.029299736,80.2645111084,36492,36502,10
13.0293197632,80.2649917603,36502,36512,10
13.0293397903,80.2655410767,36512,36522,10
13.0293197632,80.2658309937,36522,36532,10
13.0292901993,80.2660598755,36532,36542,10
13.029299736,80.2664337158,36542,36552,10
13.0296401978,80.2665405273,36552,36562,10
13.0299901962,80.2666168213,36562,36572,10
13.03028965,80.2666778564,36572,36582,10
13.0307502747,80.2667770386,36582,36593,11
13.0314302444,80.266960144,36593,36603,10
13.0318202972,80.2671203613,36603,36613,10
13.03221035,80.267288208,36613,36623,10
13.0325403214,80.2674789429,36623,36633,10
13.0330295563,80.2676925659,36633,36643,10
13.0334100723,80.2677764893,36643,36663,20
13.0334100723,80.2677764893,36663,36673,10
13.0334997177,80.2677993774,36673,36683,10
13.0337896347,80.267868042,36683,36694,11
13.0345401764,80.2679901123,36694,36724,30
13.0345401764,80.2679901123,36724,36734,10
13.0343904495,80.2680587769,36734,36744,10
13.0341100693,80.2679824829,36744,36754,10
13.0334396362,80.267868042,36754,37552,798
13.0331802368,80.2677383423,37552,37643,91
13.0331802368,80.2677383423,37643,37653,10
13.0331096649,80.2677612305,37653,37663,10
13.0328397751,80.2677230835,37663,37673,10
13.0325899124,80.2675628662,37673,37683,10
13.0322504044,80.2673416138,37683,37693,10
13.0317602158,80.2670974731,37693,37703,10
13.0311803818,80.2668685913,37703,37713,10
13.0305299759,80.2667388916,37713,37724,11
13.029800415,80.2666397095,37724,37734,10
13.029800415,80.2666397095,37734,37744,10
13.0296802521,80.2666168213,37744,37754,10
13.0293703079,80.2665786743,37754,37764,10
13.0290803909,80.2664413452,37764,37774,10
13.0287103653,80.2663421631,37774,37784,10
13.0282096863,80.266242981,37784,37794,10
13.0276002884,80.2661437988,37794,37804,10
13.0269804001,80.2660598755,37804,37814,10
13.0263299942,80.2659683228,37814,37834,20
13.0263299942,80.2659683228,37834,37845,11
13.0261201859,80.2658691406,37845,37855,10
13.0252103806,80.265296936,37855,37875,20
13.0252103806,80.265296936,37875,37885,10
13.0249795914,80.2651367188,37885,37895,10
13.024479866,80.2647628784,37895,37905,10
13.0239095688,80.2643585205,37905,37915,10
13.0232896805,80.263999939,37915,37926,11
13.0225896835,80.263633728,37926,37936,10
13.0221395493,80.263458252,37936,37946,10
13.0221099854,80.2634429932,37946,37956,10
13.0219202042,80.2633209229,37956,37966,10
13.0214500427,80.2631225586,37966,37976,10
13.0206403732,80.2630233765,37976,37986,10
13.0199098587,80.2629928589,37986,37996,10
13.0191602707,80.2629089355,37996,38006,10
13.0188999176,80.2625198364,38006,38016,10
13.0187797546,80.2616882324,38016,38027,11
13.0183095932,80.2610626221,38027,38037,10
13.0176200867,80.260597229,38037,38047,10
13.016869545,80.2601013184,38047,38057,10
13.0160503387,80.2596817017,38057,38077,20
13.0160503387,80.2596817017,38077,38087,10
13.0156698227,80.2595214844,38087,38097,10
13.0150098801,80.2593536377,38097,38107,10
13.0143203735,80.2592926025,38107,38117,10
13.0134000778,80.259262085,38117,38128,11
13.012169838,80.2592163086,38128,38138,10
13.0109901428,80.2591705322,38138,38148,10
13.009929657,80.2592391968,38148,38158,10
13.0097799301,80.2592163086,38158,38168,10
13.0093803406,80.2592010498,38168,38178,10
13.0087995529,80.2591705322,38178,38188,10
13.0084199905,80.2591400146,38188,38198,10
13.0077695847,80.2593002319,38198,38208,10
13.0074100494,80.259147644,38208,38218,10
13.0072603226,80.2589111328,38218,38228,10
13.0072002411,80.2587127686,38228,38239,11
13.007109642,80.2585220337,38239,38249,10
13.0070896149,80.2584915161,38249,38259,10
13.0070104599,80.258392334,38259,38269,10
13.0068798065,80.2581863403,38269,38279,10
13.0066404343,80.2578811646,38279,38289,10
13.0064897537,80.2571792603,38289,38299,10
13.0064601898,80.2565917969,38299,38309,10
13.0064601898,80.2559814453,38309,38319,10
13.0064601898,80.2554397583,38319,38329,10
13.0065202713,80.2548828125,38329,38340,11
13.0065002441,80.2541122437,38340,38350,10
13.0064897537,80.2533035278,38350,38370,20
13.0064897537,80.2533035278,38370,38380,10
13.0065202713,80.2529983521,38380,38390,10
13.0065498352,80.2522888184,38390,38400,10
13.0067501068,80.251411438,38400,38410,10
13.006770134,80.2502975464,38410,38420,10
13.0067396164,80.2495422363,38420,38430,10
13.0067396164,80.2494888306,38430,38441,11
13.0067195892,80.2490386963,38441,38451,10
13.0067100525,80.2489624023,38451,38461,10
13.0066795349,80.2486190796,38461,38471,10
13.006649971,80.2482376099,38471,38481,10
13.0066404343,80.2478408813,38481,38491,10
13.0066404343,80.2472915649,38491,38501,10
13.0065803528,80.246711731,38501,38511,10
13.0065698624,80.2466812134,38511,38521,10
13.0066299438,80.2464828491,38521,38531,10
13.0066604614,80.246131897,38531,38542,11
13.006649971,80.2454376221,38542,38552,10
13.0066299438,80.2450485229,38552,38562,10
13.0066299438,80.2446136475,38562,38572,10
13.0066404343,80.2442169189,38572,38582,10
13.0066099167,80.2436294556,38582,38592,10
13.0065803528,80.2432479858,38592,38602,10
13.0065698624,80.2426986694,38602,38612,10
13.0065698624,80.2417602539,38612,38622,10
13.0066299438,80.2409210205,38622,38632,10
13.0066604614,80.2407073975,38632,38642,10
13.0066795349,80.2406082153,38642,38653,11
13.0067901611,80.2401809692,38653,38663,10
13.0069503784,80.2395095825,38663,38673,10
13.007109642,80.238571167,38673,38683,10
13.007229805,80.2379379272,38683,38693,10
13.0073299408,80.2374572754,38693,38703,10
13.0074100494,80.2368164063,38703,38713,10
13.0074195862,80.2367782593,38713,38723,10
13.0074901581,80.2365188599,38723,38733,10
13.0076398849,80.2359008789,38733,38744,11
13.0078401566,80.2349319458,38744,38754,10
13.0080604553,80.2339172363,38754,38764,10
13.0082998276,80.2326126099,38764,38774,10
13.0085697174,80.2311935425,38774,38784,10
13.0088500977,80.2297592163,38784,38794,10
13.0091104507,80.2285385132,38794,38804,10
13.009469986,80.2275085449,38804,38814,10
13.0099401474,80.2264785767,38814,38824,10
13.0103998184,80.2256393433,38824,38834,10
13.01060009,80.2251663208,38834,38844,10
13.0108003616,80.2247161865,38844,38855,11
13.01101017,80.2241592407,38855,38865,10
13.0112600327,80.2236175537,38865,38885,20
13.0112600327,80.2236175537,38885,38895,10
13.011300087,80.2234725952,38895,38905,10
13.0114498138,80.2231216431,38905,38915,10
13.0116596222,80.2226028442,38915,38925,10
13.0119304657,80.2218780518,38925,38935,10
13.0123195648,80.2214736938,38935,38945,10
13.0126399994,80.2219009399,38945,38956,11
13.0130596161,80.2223968506,38956,38966,10
13.0135402679,80.2229232788,38966,38976,10
13.0140695572,80.2235717773,38976,38986,10
13.0145597458,80.2241897583,38986,38996,10
13.0150003433,80.2245788574,38996,39006,10
13.0153102875,80.2248382568,39006,39016,10
13.0155200958,80.2249832153,39016,39026,10
13.0155601501,80.2249832153,39026,39036,10
13.0158996582,80.2252731323,39036,39046,10
13.0167102814,80.2252807617,39046,39057,11
13.017780304,80.224822998,39057,39067,10
13.0185499191,80.2244873047,39067,39077,10
13.019080162,80.2242965698,39077,39086,9
13.0194997787,80.2242965698,39086,39107,21
13.0194997787,80.2242965698,39107,39117,10
13.0196304321,80.2243881226,39117,39127,10
13.0197896957,80.2245101929,39127,39137,10
13.0200195313,80.2246780396,39137,39147,10
13.0202903748,80.2248764038,39147,39168,21
13.0202903748,80.2248764038,39168,39178,10
13.0205497742,80.225112915,39178,39188,10
13.0207996368,80.2252731323,39188,39198,10
13.0211496353,80.2255706787,39198,39218,20
13.0211496353,80.2255706787,39218,39228,10
13.0214595795,80.2258529663,39228,39248,20
13.0214595795,80.2258529663,39248,39258,10
13.0218200684,80.2260437012,39258,39279,21
13.0218200684,80.2260437012,39279,39289,10
13.0219402313,80.2260971069,39289,39299,10
13.0222301483,80.226348877,39299,39309,10
13.0223999023,80.2265014648,39309,39319,10
13.0225696564,80.2266616821,39319,39329,10
13.0227203369,80.2268218994,39329,39359,30
13.0227203369,80.2268218994,39359,39370,11
13.0228796005,80.2269973755,39370,39380,10
13.0230197906,80.227142334,39380,39390,10
13.0231704712,80.2272720337,39390,39400,10
13.0232801437,80.2273712158,39400,39410,10
13.0235700607,80.2276229858,39410,39420,10
13.023730278,80.227722168,39420,39430,10
13.0238800049,80.2278366089,39430,39450,20
13.0238800049,80.2278366089,39450,39460,10
13.0241498947,80.2281417847,39460,39471,11
13.024310112,80.2283401489,39471,39481,10
13.0244398117,80.2285232544,39481,39491,10
13.0244398117,80.2285308838,39491,39501,10
13.0245399475,80.2286529541,39501,39511,10
13.0247001648,80.2288589478,39511,39521,10
13.0250196457,80.2293624878,39521,39531,10
13.0253601074,80.2297515869,39531,39541,10
13.0255498886,80.2300186157,39541,39551,10
13.0257101059,80.2302703857,39551,39561,10
13.0258302689,80.230506897,39561,39572,11
13.0259199142,80.230758667,39572,39582,10
13.0260000229,80.2310333252,39582,39592,10
13.0261201859,80.2313079834,39592,39602,10
13.0266599655,80.2312011719,39602,39612,10
13.0275402069,80.2309799194,39612,39622,10
13.0282897949,80.2309036255,39622,39632,10
13.0284004211,80.2308883667,39632,39641,9
13.0285701752,80.2308578491,39641,39652,11
13.0287303925,80.2308425903,39652,39662,10
13.0289001465,80.2308197021,39662,39673,11
13.0293998718,80.2307815552,39673,39683,10
13.0297603607,80.2307510376,39683,39693,10
13.0297803879,80.2307510376,39693,39703,10
13.02987957,80.23072052,39703,39713,10
13.0302295685,80.2307128906,39713,39723,10
13.030500412,80.2306976318,39723,39733,10
13.0309495926,80.2306671143,39733,39743,10
13.0314702988,80.2306213379,39743,39753,10
13.0318603516,80.2305831909,39753,39763,10
13.0321998596,80.2305603027,39763,39773,10
13.0328302383,80.2305221558,39773,39784,11
13.0336198807,80.2304763794,39784,39794,10
13.0340795517,80.2304534912,39794,39804,10
13.0347604752,80.2303009033,39804,39814,10
13.0349903107,80.2301330566,39814,39824,10
13.0348100662,80.2300186157,39824,39834,10
13.0345001221,80.2300415039,39834,40824,990
13.0345001221,80.2300415039,40824,40834,10
13.0341796875,80.2303466797,40834,40844,10
13.0339803696,80.2304382324,40844,40854,10
13.0336399078,80.2304916382,40854,40864,10
13.0330200195,80.2305374146,40864,40874,10
13.0324897766,80.2305908203,40874,40884,10
13.0317802429,80.2306671143,40884,40894,10
13.0311002731,80.2307128906,40894,40905,11
13.0303001404,80.2307891846,40905,40915,10
13.0300598145,80.2308197021,40915,40925,10
13.0298404694,80.2308502197,40925,40935,10
13.0296802521,80.2308578491,40935,40945,10
13.0291595459,80.2309112549,40945,40955,10
13.0283203125,80.2309799194,40955,40965,10
13.027759552,80.2311019897,40965,40975,10
13.0277795792,80.2316970825,40975,40985,10
13.0278596878,80.2323608398,40985,40995,10
13.027759552,80.2328186035,40995,41137,142
13.027759552,80.2328186035,41137,41147,10
13.0273799896,80.2329406738,41147,41157,10
13.0271997452,80.2329788208,41157,41167,10
13.0269403458,80.233001709,41167,41177,10
13.0266504288,80.2330322266,41177,41187,10
13.0263996124,80.2328186035,41187,41197,10
13.026309967,80.2325363159,41197,41207,10
13.0262203217,80.2322006226,41207,41218,11
13.026140213,80.2318878174,41218,41228,10
13.0260696411,80.2317123413,41228,41238,10
13.0259399414,80.2312011719,41238,41248,10
13.0255899429,80.2303466797,41248,41258,10
13.0250396729,80.2295684814,41258,41268,10
13.0245895386,80.2289505005,41268,41278,10
13.0241804123,80.2284317017,41278,41288,10
13.0236196518,80.2277603149,41288,41298,10
13.0228204727,80.2270202637,41298,41308,10
13.0219898224,80.2263183594,41308,41319,11
13.0213298798,80.2258300781,41319,41329,10
13.021109581,80.2257080078,41329,41339,10
13.0207595825,80.2254180908,41339,41349,10
13.0204801559,80.2252426147,41349,41359,10
13.0202598572,80.2250595093,41359,41369,10
13.0198898315,80.2247924805,41369,41389,20
13.0198898315,80.2247924805,41389,41399,10
13.0195398331,80.2246627808,41399,41409,10
13.0187702179,80.2245407104,41409,41419,10
13.0177602768,80.2249221802,41419,41430,11
13.0166196823,80.2253799438,41430,41440,10
13.0159502029,80.2256774902,41440,41490,50
13.0159502029,80.2256774902,41490,41500,10
13.0157299042,80.2257385254,41500,41510,10
13.0151195526,80.2259902954,41510,41531,21
13.0151195526,80.2259902954,41531,41541,10
13.0148601532,80.2260971069,41541,41551,10
13.0143404007,80.2262878418,41551,41561,10
13.0143098831,80.22631073,41561,41571,10
13.0139904022,80.2264099121,41571,41581,10
13.0133399963,80.2266616821,41581,41591,10
13.0124998093,80.2269668579,41591,41601,10
13.0114402771,80.2274017334,41601,41611,10
13.0102396011,80.2278823853,41611,41621,10
13.00922966,80.2283935547,41621,41632,11
13.0089502335,80.2295532227,41632,41642,10
13.0087003708,80.230796814,41642,41652,10
13.0085000992,80.231880188,41652,41662,10
13.0082197189,80.2336425781,41662,41682,20
13.0082197189,80.2336425781,41682,41692,10
13.0081501007,80.2339019775,41692,41702,10
13.0080299377,80.2345581055,41702,41712,10
13.0078401566,80.2354431152,41712,41722,10
13.0076799393,80.2362365723,41722,41732,10
13.0074596405,80.2373199463,41732,41743,11
13.0072002411,80.2384490967,41743,41753,10
13.0069999695,80.2395172119,41753,41763,10
13.006770134,80.2406463623,41763,41773,10
13.0066604614,80.241859436,41773,41783,10
13.0066699982,80.2428207397,41783,41793,10
13.0066995621,80.2430496216,41793,41803,10
13.0066795349,80.2434997559,41803,41813,10
13.0066900253,80.2444381714,41813,41823,10
13.0067195892,80.2456436157,41823,41833,10
13.0067596436,80.2465667725,41833,41844,11
13.006770134,80.2471008301,41844,41854,10
13.0067396164,80.2478103638,41854,41864,10
13.0067796707,80.2488021851,41864,41874,10
13.0068702698,80.2496109009,41874,41884,10
13.0068702698,80.2496337891,41884,41894,10
13.0068702698,80.2499389648,41894,41903,9
13.0068597794,80.250579834,41903,41914,11
13.0068702698,80.2513275146,41914,41965,51
13.0068702698,80.2513275146,41965,41975,10
13.0068702698,80.2514038086,41975,41985,10
13.0067796707,80.2518081665,41985,41995,10
13.0066299438,80.2525405884,41995,42005,10
13.0066003799,80.2535171509,42005,42015,10
13.0066003799,80.2544174194,42015,42025,10
13.0066299438,80.2553024292,42025,42035,10
13.0066404343,80.2562026978,42035,42046,11
13.0066795349,80.256980896,42046,42056,10
13.0067300797,80.2574920654,42056,42066,10
13.0070104599,80.258102417,42066,42076,10
13.0076799393,80.2586364746,42076,42096,20
13.0076799393,80.2586364746,42096,42106,10
13.0079402924,80.2587585449,42106,42116,10
13.0085601807,80.2589874268,42116,42126,10
13.0094003677,80.2590408325,42126,42136,10
13.0105495453,80.2590332031,42136,42146,10
13.0118598938,80.2590179443,42146,42157,11
13.0133800507,80.2591094971,42157,42167,10
13.0148000717,80.2591629028,42167,42177,10
13.0159397125,80.2593765259,42177,42187,10
13.0163402557,80.2595672607,42187,42197,10
13.016409874,80.2596435547,42197,42207,10
13.0168800354,80.2599868774,42207,42217,10
13.0176296234,80.2604980469,42217,42227,10
13.0184202194,80.2610473633,42227,42237,10
13.0190200806,80.2615432739,42237,42247,10
13.0194597244,80.2618865967,42247,42258,11
13.0200099945,80.2624206543,42258,42268,10
13.0200996399,80.262512207,42268,42278,10
13.0204801559,80.2627563477,42278,42288,10
13.0212898254,80.2630081177,42288,42298,10
13.0220098495,80.2633132935,42298,42308,10
13.0223798752,80.2634963989,42308,42318,10
13.0226802826,80.263671875,42318,42328,10
13.0228796005,80.2637863159,42328,42338,10
13.023150444,80.263923645,42338,42348,10
13.023639679,80.2641601563,42348,42359,11
13.0243501663,80.2645721436,42359,42369,10
13.0249004364,80.2650222778,42369,42379,10
13.0253896713,80.2653579712,42379,42389,10
13.0261001587,80.2657928467,42389,42409,20
13.0261001587,80.2657928467,42409,42419,10
13.0263595581,80.2656784058,42419,42429,10
13.0264196396,80.2652511597,42429,42439,10
13.0264596939,80.2646102905,42439,42449,10
13.0265398026,80.2638626099,42449,42460,11
13.0265598297,80.2636566162,42460,42470,10
13.0269002914,80.2634963989,42470,42480,10
13.0276699066,80.2636108398,42480,42490,10
13.028429985,80.2637863159,42490,42500,10
13.0290603638,80.2639465332,42500,42510,10
13.0293197632,80.2642211914,42510,42520,10
13.0293798447,80.2646179199,42520,42530,10
13.0293397903,80.2648620605,42530,42540,10
13.0293102264,80.2653427124,42540,42550,10
13.0292596817,80.2659378052,42550,42560,10
13.0292596817,80.2660598755,42560,42571,11
13.0292196274,80.2662811279,42571,42581,10
13.0292301178,80.266456604,42581,42591,10
13.029419899,80.2665634155,42591,42601,10
13.0298595428,80.2666320801,42601,42611,10
13.0304899216,80.2667007446,42611,42621,10
13.0313396454,80.2669372559,42621,42631,10
13.0319595337,80.2671432495,42631,42641,10
13.0320701599,80.2671890259,42641,42651,10
13.0323095322,80.2673110962,42651,42672,21
13.0323095322,80.2673110962,42672,42682,10
13.0324697495,80.2674179077,42682,42692,10
13.0327796936,80.2676467896,42692,42702,10
13.0335197449,80.2678070068,42702,42722,20
13.0335197449,80.2678070068,42722,42732,10
13.0336303711,80.2678604126,42732,42742,10
13.0339803696,80.2679367065,42742,42752,10
13.0345401764,80.2679901123,42752,42773,21
13.0345401764,80.2679901123,42773,42783,10
13.0344600677,80.2681427002,42783,42793,10
13.034239769,80.2680511475,42793,42803,10
13.0339097977,80.2679901123,42803,42833,30
13.0339097977,80.2679901123,42833,42843,10
13.0333995819,80.2678833008,42843,42964,121
13.0333995819,80.2678833008,42964,42975,11
13.0330095291,80.2678070068,42975,42985,10
13.0329799652,80.2677993774,42985,42995,10
13.0328702927,80.2677688599,42995,43005,10
13.0327196121,80.2676925659,43005,43015,10
13.0326004028,80.267578125,43015,43025,10
13.032409668,80.2674789429,43025,43035,10
13.0321903229,80.2673416138,43035,43045,10
13.0317697525,80.2671585083,43045,43055,10
13.0312404633,80.266960144,43055,43065,10
13.0306997299,80.2668380737,43065,43076,11
13.030500412,80.2667999268,43076,43086,10
13.0299797058,80.266708374,43086,43116,30
13.0299797058,80.266708374,43116,43126,10
13.0295095444,80.2666168213,43126,43136,10
13.0292701721,80.2665100098,43136,43146,10
13.028840065,80.2664413452,43146,43156,10
13.0284404755,80.2663803101,43156,43166,10
13.0282497406,80.2662963867,43166,43176,10
13.0279397964,80.266242981,43176,43187,11
13.0274000168,80.2661514282,43187,43197,10
13.0264196396,80.2660369873,43197,43237,40
13.0264196396,80.2660369873,43237,43247,10
13.0261001587,80.2659225464,43247,43257,10
13.0257396698,80.2657165527,43257,43267,10
13.0252799988,80.2654037476,43267,43277,10
13.0252399445,80.26537323,43277,43288,11
13.0251197815,80.265296936,43288,43298,10
13.0248098373,80.2650680542,43298,43308,10
13.0243196487,80.2647171021,43308,43318,10
13.0239896774,80.2644271851,43318,43328,10
13.0234203339,80.2641601563,43328,43338,10
13.0228900909,80.2637786865,43338,43348,10
13.022480011,80.263633728,43348,43358,10
13.022310257,80.2635498047,43358,43368,10
13.0221004486,80.2634429932,43368,43378,10
13.0218696594,80.2633209229,43378,43389,11
13.0211496353,80.2631530762,43389,43399,10
13.0203104019,80.263092041,43399,43409,10
13.0195503235,80.2629928589,43409,43419,10
13.0190296173,80.2628707886,43419,43429,10
13.0189304352,80.2622909546,43429,43439,10
13.0187797546,80.2615432739,43439,43449,10
13.0184402466,80.261177063,43449,43459,10
13.0179004669,80.2608413696,43459,43469,10
13.0172100067,80.260383606,43469,43479,10
13.0165596008,80.2599411011,43479,43489,10
13.0161504745,80.2597503662,43489,43500,11
13.016119957,80.2597427368,43500,43510,10
13.0158596039,80.2595977783,43510,43520,10
13.0152397156,80.2593994141,43520,43530,10
13.0145702362,80.2593231201,43530,43540,10
13.013759613,80.2592926025,43540,43550,10
13.0127401352,80.259262085,43550,43560,10
13.0117397308,80.2592163086,43560,43570,10
13.0109796524,80.2591934204,43570,43580,10
13.010430336,80.2592391968,43580,43590,10
13.0099401474,80.259262085,43590,43601,11
13.0097398758,80.2592468262,43601,43611,10
13.0093202591,80.2592315674,43611,43621,10
13.0089502335,80.2591934204,43621,43631,10
13.0088796616,80.2591934204,43631,43641,10
13.0084199905,80.259147644,43641,43651,10
13.0077896118,80.2593231201,43651,43661,10
13.0072097778,80.2586669922,43661,43681,20
13.0072097778,80.2586669922,43681,43691,10
13.007109642,80.2585830688,43691,43702,11
13.0069799423,80.2583084106,43702,43712,10
13.0066404343,80.2577514648,43712,43762,50
13.0066404343,80.2577514648,43762,43772,10
13.0063800812,80.2574386597,43772,43782,10
13.0064296722,80.2570877075,43782,43792,10
13.0064296722,80.2567062378,43792,43803,11
13.0065002441,80.2560119629,43803,43813,10
13.0065002441,80.2554092407,43813,43823,10
13.0065402985,80.2547531128,43823,43833,10
13.0065002441,80.2540588379,43833,43843,10
13.0065402985,80.253578186,43843,43853,10
13.0065402985,80.2535705566,43853,43863,10
13.0065202713,80.2533798218,43863,43873,10
13.0065202713,80.2533416748,43873,43883,10
13.0065202713,80.2531204224,43883,43893,10
13.0065698624,80.252746582,43893,43944,51
13.0065698624,80.252746582,43944,43954,10
13.006480217,80.2525100708,43954,43964,10
13.0064897537,80.2520828247,43964,43974,10
13.0066604614,80.251373291,43974,44015,41
13.0066604614,80.251373291,44015,44025,10
13.0067300797,80.2511672974,44025,44035,10
13.0067195892,80.2507400513,44035,44045,10
13.0067396164,80.2503967285,44045,44055,10
13.0067996979,80.249961853,44055,44075,20
13.0067996979,80.249961853,44075,44085,10
13.0067901611,80.249710083,44085,44217,132
13.0067901611,80.249710083,44217,44227,10
13.0067596436,80.2494506836,44227,44237,10
13.0067396164,80.249130249,44237,44247,10
13.0066604614,80.248626709,44247,44257,10
13.0066404343,80.2483215332,44257,44267,10
13.0066299438,80.2480316162,44267,44277,10
13.0065803528,80.2474594116,44277,44287,10
13.0066099167,80.2469482422,44287,44297,10
13.0065603256,80.2467269897,44297,44307,10
13.0066099167,80.2465896606,44307,44318,11
13.0066404343,80.2460708618,44318,44328,10
13.0066404343,80.2454376221,44328,44338,10
13.0066099167,80.2449111938,44338,44348,10
13.0065402985,80.2446136475,44348,44358,10
13.0065498352,80.2443771362,44358,44368,10
13.0066003799,80.2440795898,44368,44378,10
13.0066204071,80.243598938,44378,44388,10
13.0066003799,80.2431106567,44388,44398,10
13.0065498352,80.2423629761,44398,44408,10
13.0065202713,80.2416305542,44408,44418,10
13.0065402985,80.2415237427,44418,44429,11
13.0065698624,80.2412261963,44429,44439,10
13.0066404343,80.2409133911,44439,44449,10
13.0066900253,80.2405471802,44449,44459,10
13.0068397522,80.2398910522,44459,44469,10
13.006939888,80.2390213013,44469,44479,10
13.0071001053,80.2381515503,44479,44489,10
13.0072603226,80.2375564575,44489,44499,10
13.0072898865,80.2374572754,44499,44509,10
13.0073604584,80.2371063232,44509,44519,10
13.007349968,80.2369766235,44519,44530,11
13.0073795319,80.2368469238,44530,44540,10
13.0074996948,80.2364807129,44540,44550,10
13.0075798035,80.2361831665,44550,44560,10
13.0076303482,80.2359237671,44560,44570,10
13.0077600479,80.2352828979,44570,44580,10
13.0079097748,80.2344894409,44580,44589,9
13.0080795288,80.233581543,44589,44600,11
13.0083503723,80.2322006226,44600,44610,10
13.008600235,80.231010437,44610,44620,10
13.0087995529,80.2297973633,44620,44631,11
13.0090503693,80.2285232544,44631,44641,10
13.0094203949,80.2275619507,44641,44651,10
13.009929657,80.2264175415,44651,44661,10
13.0103197098,80.2256164551,44661,44671,10
13.0106401443,80.2250289917,44671,44681,10
13.0108098984,80.224571228,44681,44691,10
13.0110397339,80.2239227295,44691,44701,10
13.0113401413,80.2230606079,44701,44711,10
13.0117397308,80.222076416,44711,44721,10
13.0121603012,80.2214889526,44721,44732,11
13.012339592,80.2214813232,44732,44742,10
13.012550354,80.2218093872,44742,44752,10
13.0128498077,80.2222137451,44752,44762,10
13.0132703781,80.2226486206,44762,44772,10
13.0135402679,80.2228927612,44772,44782,10
13.0139198303,80.2232589722,44782,44792,10
13.0141401291,80.2235336304,44792,44801,9
13.0143404007,80.2238082886,44801,44812,11
13.0149002075,80.2244796753,44812,44822,10
13.01541996,80.2249298096,44822,44832,10
13.0154895782,80.2249832153,44832,44843,11
13.0156402588,80.2251434326,44843,44853,10
13.0157003403,80.2252120972,44853,44863,10
13.0161104202,80.2253799438,44863,44873,10
13.0169000626,80.2251968384,44873,44883,10
13.0177402496,80.2248382568,44883,44893,10
13.0186100006,80.2244873047,44893,44903,10
13.019370079,80.2243804932,44903,44913,10
13.0199804306,80.2247009277,44913,44923,10
13.0203304291,80.2249526978,44923,44933,10
13.0205898285,80.2251434326,44933,44944,11
13.0208101273,80.2253189087,44944,44954,10
13.0209197998,80.2254104614,44954,44964,10
13.0210800171,80.2255783081,44964,44974,10
13.0218801498,80.2261428833,44974,44994,20
13.0218801498,80.2261428833,44994,45004,10
13.0221700668,80.2264022827,45004,45014,10
13.0227499008,80.2269210815,45014,45024,10
13.0235395432,80.2276306152,45024,45034,10
13.0242795944,80.2283782959,45034,45045,11
13.0245599747,80.2287826538,45045,45055,10
13.0248298645,80.2291564941,45055,45065,10
13.0252103806,80.2296218872,45065,45075,10
13.025560379,80.2300872803,45075,45085,10
13.0256500244,80.2302398682,45085,45095,10
13.0257701874,80.230506897,45095,45105,10
13.0258998871,80.2308197021,45105,45115,10
13.0259599686,80.2311935425,45115,45125,10
13.0261802673,80.231338501,45125,45135,10
13.02684021,80.2311630249,45135,45146,11
13.0277795792,80.2309799194,45146,45156,10
13.0283403397,80.2309188843,45156,45166,10
13.0284700394,80.2309036255,45166,45176,10
13.0287399292,80.2308731079,45176,45186,10
13.0293502808,80.2308273315,45186,45236,50
13.0293502808,80.2308273315,45236,45247,11
13.0295600891,80.230796814,45247,45257,10
13.0301799774,80.2307510376,45257,45267,10
13.0309896469,80.230682373,45267,45277,10
13.0318403244,80.2305984497,45277,45287,10
13.0327596664,80.2305221558,45287,45297,10
13.0340499878,80.2304229736,45297,45327,30
13.0340499878,80.2304229736,45327,45337,10
13.0341396332,80.2304077148,45337,45348,11
13.0345497131,80.2303390503,45348,45358,10
13.0348796844,80.23021698,45358,45368,10
13.0350198746,80.2300491333,45368,45378,10
13.035030365,80.2298583984,45378,45388,10
13.034819603,80.2297897339,45388,45398,10
13.0344295502,80.2297286987,45398,45408,10
13.0342702866,80.2298812866,45408,45459,51
13.0341997147,80.2302322388,45459,46216,757
13.0341997147,80.2302322388,46216,46226,10
13.0340003967,80.230430603,46226,46236,10
13.0336103439,80.2304382324,46236,46246,10
13.0330600739,80.2304763794,46246,46256,10
13.0323095322,80.2305603027,46256,46266,10
13.031539917,80.2306289673,46266,46277,11
13.0308103561,80.23072052,46277,46287,10
13.0304803848,80.2307510376,46287,46297,10
13.0299797058,80.2308120728,46297,46307,10
13.0297698975,80.2308425903,46307,46317,10
13.0296802521,80.2308578491,46317,46327,10
13.0292196274,80.2308883667,46327,46337,10
13.0285396576,80.2309417725,46337,46347,10
13.0278701782,80.2309799194,46347,46357,10
13.0276603699,80.2311935425,46357,46367,10
13.0276699066,80.2317428589,46367,46377,10
13.027759552,80.2324295044,46377,46388,11
13.0275602341,80.2327804565,46388,46398,10
13.0270004272,80.2329406738,46398,46418,20
13.0270004272,80.2329406738,46418,46428,10
13.0269298553,80.233001709,46428,46438,10
13.0266504288,80.233039856,46438,46448,10
13.0264196396,80.2328796387,46448,46458,10
13.0263004303,80.2325363159,46458,46468,10
13.0261802673,80.2321166992,46468,46478,10
13.0261297226,80.2316970825,46478,46489,11
13.025970459,80.2310562134,46489,46499,10
13.0255804062,80.23021698,46499,46509,10
13.0251197815,80.2296066284,46509,46519,10
13.0249300003,80.2294006348,46519,46529,10
13.0248403549,80.2293624878,46529,46539,10
13.0246200562,80.2290725708,46539,46549,10
13.0243196487,80.2286834717,46549,46559,10
13.0239896774,80.2283096313,46559,46579,20
13.0239896774,80.2283096313,46579,46590,11
13.0237598419,80.228012085,46590,46600,10
13.0234699249,80.227722168,46600,46610,10
13.0232601166,80.2275009155,46610,46620,10
13.0231895447,80.2274169922,46620,46630,10
13.0227298737,80.2270202637,46630,46680,50
13.0227298737,80.2270202637,46680,46691,11
13.0224504471,80.2267227173,46691,46701,10
13.0221796036,80.2264709473,46701,46711,10
13.0216503143,80.2260513306,46711,46721,10
13.0210399628,80.2256011963,46721,46731,10
13.0203399658,80.225112915,46731,46741,10
13.0195703506,80.224609375,46741,46751,10
13.018699646,80.2245483398,46751,46761,10
13.0177001953,80.224937439,46761,46771,10
13.0167999268,80.2253265381,46771,46781,10
13.0163002014,80.2255477905,46781,46791,10
13.0156202316,80.2257614136,46791,46802,11
13.0149202347,80.2260513306,46802,46812,10
13.014169693,80.226348877,46812,46832,20
13.014169693,80.226348877,46832,46842,10
13.0139703751,80.2264328003,46842,46852,10
13.013420105,80.2266311646,46852,46862,10
13.0126199722,80.2269363403,46862,46872,10
13.0116701126,80.2273178101,46872,46882,10
13.0105800629,80.2277374268,46882,46892,10
13.0095300674,80.2281799316,46892,46903,11
13.0089998245,80.2291717529,46903,46913,10
13.0087499619,80.2304000854,46913,46923,10
13.0084600449,80.2316665649,46923,46933,10
13.0082597733,80.2329025269,46933,46943,10
13.0081796646,80.2336502075,46943,46953,10
13.0081796646,80.2336578369,46953,46963,10
13.0081396103,80.2337722778,46963,46973,10
13.0080404282,80.2341766357,46973,46983,10
13.0078802109,80.2348632813,46983,46993,10
13.0076799393,80.2358398438,46993,47004,11
13.0074300766,80.237121582,47004,47014,10
13.0072402954,80.2381820679,47014,47024,10
13.0069999695,80.2393112183,47024,47034,10
13.0068397522,80.2403106689,47034,47044,10
13.0067796707,80.2407989502,47044,47054,10
13.0067501068,80.241027832,47054,47064,10
13.0067100525,80.2416229248,47064,47074,10
13.0066795349,80.242477417,47074,47084,10
13.0066795349,80.2427902222,47084,47094,10
13.006649971,80.2431488037,47094,47105,11
13.0066604614,80.2435073853,47105,47115,10
13.0066404343,80.2439498901,47115,47125,10
13.0066404343,80.2443389893,47125,47135,10
13.0066404343,80.2447128296,47135,47145,10
13.0066404343,80.244972229,47145,47155,10
13.0066404343,80.2450408936,47155,47165,10
13.0066404343,80.2451019287,47165,47175,10
13.006649971,80.2454605103,47175,47185,10
13.006649971,80.2459335327,47185,47195,10
13.0066795349,80.2465362549,47195,47205,10
13.0066795349,80.2473220825,47205,47216,11
13.0067100525,80.2483673096,47216,47226,10
13.0068397522,80.2496032715,47226,47246,20
13.0068397522,80.2496032715,47246,47256,10
13.006819725,80.2499923706,47256,47266,10
13.006819725,80.250617981,47266,47276,10
13.0067996979,80.2512283325,47276,47286,10
13.0066699982,80.2518234253,47286,47296,10
13.0065402985,80.2526779175,47296,47306,10
13.0065402985,80.2535171509,47306,47317,11
13.0065803528,80.2545471191,47317,47327,10
13.0065803528,80.2554931641,47327,47337,10
13.0066099167,80.2568969727,47337,47407,70
13.0066099167,80.2568969727,47407,47418,11
13.0066404343,80.2570800781,47418,47428,10
13.0067195892,80.2575683594,47428,47438,10
13.007060051,80.2582168579,47438,47448,10
13.0077104568,80.2586669922,47448,47468,20
13.0077104568,80.2586669922,47468,47478,10
13.0079402924,80.2587814331,47478,47488,10
13.0083599091,80.2589263916,47488,47498,10
13.0088701248,80.2590179443,47498,47508,10
13.0095100403,80.2590179443,47508,47519,11
13.0104799271,80.2590637207,47519,47529,10
13.0115404129,80.2590637207,47529,47539,10
13.0127696991,80.2591018677,47539,47549,10
13.0140304565,80.2591400146,47549,47559,10
13.0151796341,80.2592086792,47559,47569,10
13.0160799026,80.2594528198,47569,47579,10
13.016409874,80.2596969604,47579,47599,20
13.016409874,80.2596969604,47599,47609,10
13.0164899826,80.2597885132,47609,47619,10
13.0167398453,80.2599563599,47619,47630,11
13.0169401169,80.260093689,47630,47640,10
13.0174198151,80.2604064941,47640,47650,10
13.018119812,80.2608795166,47650,47660,10
13.0186901093,80.2613220215,47660,47670,10
13.019370079,80.2619094849,47670,47680,10
13.0202302933,80.2626724243,47680,47700,20
13.0202302933,80.2626724243,47700,47710,10
13.020409584,80.2627334595,47710,47720,10
13.0209598541,80.2629089355,47720,47731,11
13.0216903687,80.2631835938,47731,47741,10
13.0219297409,80.2632827759,47741,47751,10
13.0222501755,80.2634277344,47751,47761,10
13.0229597092,80.2638397217,47761,47781,20
13.0229597092,80.2638397217,47781,47791,10
13.0230703354,80.2639083862,47791,47801,10
13.0234899521,80.2641525269,47801,47811,10
13.0240602493,80.2644577026,47811,47821,10
13.0246601105,80.2649078369,47821,47832,11
13.0250997543,80.2652435303,47832,47842,10
13.0256004333,80.2655792236,47842,47852,10
13.0259399414,80.2657699585,47852,47862,10
13.0261201859,80.2658615112,47862,47872,10
13.0263299942,80.2657012939,47872,47882,10
13.0263204575,80.2654266357,47882,47892,10
13.0263595581,80.2649612427,47892,47902,10
13.0265197754,80.2639007568,47902,47922,20
13.0265197754,80.2639007568,47922,47933,11
13.026599884,80.2634963989,47933,47943,10
13.0268602371,80.2634124756,47943,47953,10
13.0273303986,80.2634887695,47953,47983,30
13.0273303986,80.2634887695,47983,47993,10
13.0277395248,80.2635879517,47993,48003,10
13.0282201767,80.2637329102,48003,48013,10
13.0282497406,80.2637405396,48013,48023,10
13.0285997391,80.2638397217,48023,48034,11
13.0291004181,80.2639694214,48034,48044,10
13.0291404724,80.2641983032,48044,48054,10
13.0291795731,80.2647323608,48054,48064,10
13.0291900635,80.2654266357,48064,48074,10
13.0291700363,80.2660827637,48074,48084,10
13.0291795731,80.2661819458,48084,48094,10
13.0291795731,80.2662887573,48094,48104,10
13.0291795731,80.2664108276,48104,48114,10
13.029299736,80.2665176392,48114,48124,10
13.0295495987,80.2665634155,48124,48134,10
13.0299396515,80.2666168213,48134,48145,11
13.0307102203,80.2667312622,48145,48155,10
13.0313396454,80.2669296265,48155,48165,10
13.031920433,80.2671737671,48165,48175,10
13.0323600769,80.2673721313,48175,48185,10
13.0327596664,80.2676391602,48185,48195,10
13.0332698822,80.2677383423,48195,48276,81
13.0336303711,80.2678527832,48276,48296,20
13.0336303711,80.2678527832,48296,48306,10
13.0339603424,80.2679290771,48306,48316,10
13.0344495773,80.2679595947,48316,48336,20
13.0344495773,80.2679595947,48336,48347,11
13.0345602036,80.268119812,48347,48357,10
13.0344400406,80.2681427002,48357,48367,10
13.0342702866,80.2680282593,48367,48377,10
13.033780098,80.2679367065,48377,48387,10
13.0333299637,80.2678527832,48387,48397,10
13.0328998566,80.2677688599,48397,48407,10
13.0327196121,80.2677001953,48407,48417,10
13.0327100754,80.2676925659,48417,48427,10
13.0325202942,80.267539978,48427,48437,10
13.0322303772,80.2673721313,48437,48448,11
13.0315999985,80.2670593262,48448,48458,10
13.0309400558,80.2668609619,48458,48468,10
13.03083992,80.2668304443,48468,48478,10
13.0307302475,80.2668075562,48478,48488,10
13.0304803848,80.2667922974,48488,48498,10
13.0301599503,80.266746521,48498,48508,10
13.0297002792,80.2666778564,48508,48518,10
13.0293502808,80.2666168213,48518,48528,10
13.0290403366,80.266456604,48528,48538,10
13.0281295776,80.2662734985,48538,48559,21
13.0281295776,80.2662734985,48559,48569,10
13.0277996063,80.2662124634,48569,48579,10
13.0272598267,80.266166687,48579,48589,10
13.02684021,80.2659912109,48589,48599,10
13.0267095566,80.2657318115,48599,50437,1838
13.0267095566,80.2657318115,50437,50447,10
13.026599884,80.2655563354,50447,50457,10
13.026599884,80.2655487061,50457,50467,10
13.0264396667,80.2653579712,50467,50477,10
13.0263996124,80.2651596069,50477,50487,10
13.0264501572,80.2646713257,50487,50497,10
13.0265398026,80.2640991211,50497,50507,10
13.0265798569,80.2635192871,50507,50518,11
13.0268602371,80.2634506226,50518,50528,10
13.0273599625,80.2635879517,50528,50538,10
13.0280103683,80.2637405396,50538,50548,10
13.0285797119,80.2638702393,50548,50558,10
13.0291004181,80.2640228271,50558,50568,10
13.0292797089,80.2641983032,50568,50578,10
13.0292901993,80.264541626,50578,50588,10
13.0292797089,80.265007019,50588,50598,10
13.0292797089,80.2657012939,50598,50608,10
13.0292100906,80.2662963867,50608,50619,11
13.0293903351,80.2665176392,50619,50629,10
13.029800415,80.2666320801,50629,50639,10
13.0303401947,80.2667388916,50639,50649,10
13.0309400558,80.2668304443,50649,50659,10
13.0315198898,80.2670211792,50659,50669,10
13.0317602158,80.2671203613,50669,50679,10
13.0321798325,80.2672805786,50679,50689,10
13.0325403214,80.2674636841,50689,50699,10
13.0328903198,80.2676620483,50699,50709,10
13.0330095291,80.2676773071,50709,50720,11
13.0334196091,80.2678070068,50720,50730,10
13.0337295532,80.2678909302,50730,50740,10
13.0342798233,80.2679824829,50740,50901,161
13.0342798233,80.2679824829,50901,50911,10
13.0345001221,80.268157959,50911,50921,10
13.0342597961,80.2679977417,50921,50932,11
13.0338001251,80.267906189,50932,50942,10
13.0333003998,80.2678222656,50942,50982,40
13.0333003998,80.2678222656,50982,50992,10
13.0330696106,80.267791748,50992,51002,10
13.0328302383,80.2677307129,51002,51012,10
13.0326004028,80.267539978,51012,51022,10
13.0322799683,80.2673797607,51022,51033,11
13.0316400528,80.2671203613,51033,51043,10
13.0310096741,80.2668685913,51043,51053,10
13.0304403305,80.2667617798,51053,51063,10
13.0297403336,80.2666397095,51063,51083,20
13.0297403336,80.2666397095,51083,51092,9
13.0295200348,80.2666168213,51092,51103,11
13.0292196274,80.2665023804,51103,51113,10
13.0288496017,80.2664108276,51113,51123,10
13.0282897949,80.2663192749,51123,51134,11
13.0276298523,80.2661819458,51134,51144,10
13.0268201828,80.2660980225,51144,51255,111
13.0265703201,80.2660369873,51255,51325,70
13.0265703201,80.2660369873,51325,51335,10
13.0261201859,80.2659225464,51335,51346,11
13.0256996155,80.2656402588,51346,51356,10
13.0252599716,80.2653808594,51356,51376,20
13.0252599716,80.2653808594,51376,51386,10
13.0250501633,80.2651977539,51386,51396,10
13.0246200562,80.2648773193,51396,51406,10
13.0239896774,80.2644271851,51406,51416,10
13.0233602524,80.2641220093,51416,51426,10
13.0226802826,80.2637481689,51426,51436,10
13.0221395493,80.2634735107,51436,51466,30
13.0221395493,80.2634735107,51466,51477,11
13.0218801498,80.2633209229,51477,51487,10
13.0214395523,80.2631378174,51487,51497,10
13.0207195282,80.2630386353,51497,51507,10
13.0200996399,80.2630081177,51507,51517,10
13.0194997787,80.2629394531,51517,51527,10
13.0190296173,80.2628631592,51527,51537,10
13.0188798904,80.2624206543,51537,51548,11
13.0187797546,80.2616119385,51548,51558,10
13.018409729,80.2611236572,51558,51568,10
13.0177602768,80.2607116699,51568,51578,10
13.0170297623,80.2602233887,51578,51588,10
13.0162601471,80.2597732544,51588,51598,10
13.0159702301,80.2596511841,51598,51608,10
13.0159397125,80.2596435547,51608,51618,10
13.0156297684,80.2594985962,51618,51628,10
13.0150499344,80.2593612671,51628,51638,10
13.0142803192,80.2593002319,51638,51649,11
13.0132303238,80.259262085,51649,51659,10
13.0121202469,80.2592086792,51659,51669,10
13.0111198425,80.2591934204,51669,51679,10
13.0104598999,80.2592163086,51679,51689,10
13.0099000931,80.2592391968,51689,51699,10
13.0097999573,80.2592010498,51699,51709,10
13.0093898773,80.2591934204,51709,51719,10
13.0088596344,80.2592086792,51719,51729,10
13.0086202621,80.2591934204,51729,51739,10
13.0082597733,80.2592086792,51739,51749,10
13.0078001022,80.2593231201,51749,51760,11
13.007349968,80.2590713501,51760,51770,10
13.0071802139,80.2586364746,51770,51780,10
13.0071496964,80.2585296631,51780,51790,10
13.006939888,80.2581481934,51790,51800,10
13.0065603256,80.2576065063,51800,51871,71
13.0065603256,80.2576065063,51871,51881,10
13.0064296722,80.2574462891,51881,51891,10
13.0064201355,80.2571105957,51891,51901,10
13.0064296722,80.2565536499,51901,51911,10
13.0064601898,80.255821228,51911,51921,10
13.006529808,80.2549972534,51921,51931,10
13.0065002441,80.2540817261,51931,51941,10
13.0065002441,80.25340271,51941,51951,10
13.0065002441,80.2533416748,51951,51962,11
13.0065402985,80.2530593872,51962,51972,10
13.0065402985,80.2526321411,51972,52042,70
13.0065402985,80.2526321411,52042,52052,10
13.0066003799,80.2524185181,52052,52063,11
13.0067195892,80.2517929077,52063,52073,10
13.0068101883,80.2510375977,52073,52083,10
13.0067796707,80.25025177,52083,52093,10
13.0067396164,80.2496337891,52093,52103,10
13.0067396164,80.2494277954,52103,52113,10
13.0067396164,80.2493133545,52113,52123,10
13.0067396164,80.2488937378,52123,52133,10
13.0066995621,80.2484817505,52133,52143,10
13.0066795349,80.2482223511,52143,52163,20
13.0066795349,80.2482223511,52163,52174,11
13.0066604614,80.2479705811,52174,52184,10
13.0066404343,80.247467041,52184,52194,10
13.0066204071,80.2468566895,52194,52204,10
13.0065803528,80.2465133667,52204,52214,10
13.0066204071,80.2463607788,52214,52224,10
13.0066299438,80.2458190918,52224,52234,10
13.0066099167,80.2451705933,52234,52244,10
13.0065898895,80.2446975708,52244,52254,10
13.0066099167,80.2444076538,52254,52264,10
13.0066099167,80.2440719604,52264,52275,11
13.0066099167,80.2435913086,52275,52285,10
13.0066003799,80.2430419922,52285,52295,10
13.0065803528,80.2422714233,52295,52305,10
13.0065498352,80.2416305542,52305,52315,10
13.0065498352,80.2416229248,52315,52325,10
13.0065803528,80.2413024902,52325,52335,10
13.0066995621,80.2407836914,52335,52345,10
13.0068397522,80.2398986816,52345,52355,10
13.0069799423,80.2387924194,52355,52365,10
13.0072002411,80.2378234863,52365,52376,11
13.007349968,80.2370071411,52376,52386,10
13.0073795319,80.2367401123,52386,52396,10
13.0074100494,80.2367019653,52396,52406,10
13.0075397491,80.2362976074,52406,52416,10
13.0076999664,80.2356185913,52416,52426,10
13.0078802109,80.2347335815,52426,52436,10
13.0080795288,80.2336425781,52436,52446,10
13.0083198547,80.2323913574,52446,52456,10
13.0085897446,80.2310714722,52456,52466,10
13.0088195801,80.2298126221,52466,52477,11
13.0090503693,80.2286376953,52477,52487,10
13.0093002319,80.2278366089,52487,52497,10
13.0096797943,80.2270126343,52497,52507,10
13.0100402832,80.226272583,52507,52517,10
13.010430336,80.2255401611,52517,52527,10
13.0107297897,80.224899292,52527,52537,10
13.0110197067,80.2241592407,52537,52547,10
13.0113601685,80.2233123779,52547,52557,10
13.0116100311,80.2226409912,52557,52567,10
13.0118999481,80.221862793,52567,52578,11
13.0122203827,80.2213973999,52578,52588,10
13.0125102997,80.2216873169,52588,52598,10
13.0129203796,80.2221603394,52598,52608,10
13.0135698318,80.2229385376,52608,52618,10
13.0140600204,80.2235107422,52618,52628,10
13.0145397186,80.2240219116,52628,52638,10
13.0154895782,80.2249221802,52638,52658,20
13.0154895782,80.2249221802,52658,52668,10
13.0156602859,80.225112915,52668,52678,10
13.0162296295,80.2253494263,52678,52689,11
13.0172100067,80.2250518799,52689,52699,10
13.0181999207,80.2246170044,52699,52709,10
13.0191497803,80.2243728638,52709,52719,10
13.0195798874,80.2244873047,52719,52729,10
13.0199899673,80.2247390747,52729,52739,10
13.0204801559,80.2250900269,52739,52749,10
13.0209798813,80.2254486084,52749,52759,10
13.0215196609,80.2258529663,52759,52769,10
13.02202034,80.2262115479,52769,52790,21
13.02202034,80.2262115479,52790,52800,10
13.0220804214,80.2262573242,52800,52810,10
13.0222797394,80.2264633179,52810,52820,10
13.0227003098,80.226852417,52820,52830,10
13.0233402252,80.2274169922,52830,52840,10
13.023900032,80.2279129028,52840,52850,10
13.024140358,80.2281723022,52850,52860,10
13.0244197845,80.2285614014,52860,52870,10
13.0246896744,80.2289581299,52870,52880,10
13.0250501633,80.2294464111,52880,52891,11
13.0257701874,80.2304382324,52891,52911,20
13.0257701874,80.2304382324,52911,52921,10
13.0259103775,80.23072052,52921,52931,10
13.0260095596,80.2311019897,52931,52941,10
13.0262203217,80.2312698364,52941,52951,10
13.0267896652,80.2311325073,52951,52961,10
13.0274200439,80.2309799194,52961,52971,10
13.0280199051,80.2309188843,52971,52981,10
13.0283002853,80.2308578491,52981,52992,11
13.028429985,80.2308425903,52992,53002,10
13.0291500092,80.2307815552,53002,53052,50
13.0291500092,80.2307815552,53052,53062,10
13.0295200348,80.230758667,53062,53072,10
13.0299596786,80.2307128906,53072,53082,10
13.0304298401,80.2306976318,53082,53093,11
13.0310096741,80.2306594849,53093,53103,10
13.0313901901,80.2306365967,53103,53113,10
13.0320196152,80.2305984497,53113,53123,10
13.0327596664,80.2305374146,53123,53133,10
13.033490181,80.2304763794,53133,53143,10
13.033949852,80.2304534912,53143,53173,30
13.033949852,80.2304534912,53173,53183,10
13.034119606,80.2304382324,53183,53193,10
13.034620285,80.2303314209,53193,53204,11
13.0348901749,80.2300796509,53204,53214,10
13.0345897675,80.2300262451,53214,54062,848
13.0342197418,80.2300415039,54062,54102,40
13.0342197418,80.2300415039,54102,54112,10
13.0341501236,80.2304000854,54112,54122,10
13.0340795517,80.2304763794,54122,54133,11
13.0337600708,80.2305221558,54133,54143,10
13.0335998535,80.2305374146,54143,54153,10
13.0332403183,80.2305374146,54153,54163,10
13.0326595306,80.2306365967,54163,54173,10
13.031920433,80.2306976318,54173,54183,10
13.0311603546,80.230758667,54183,54193,10
13.0307598114,80.2307662964,54193,54203,10
13.0304498672,80.230796814,54203,54213,10
13.0302095413,80.2308120728,54213,54223,10
13.0300598145,80.2308425903,54223,54234,11
13.0299501419,80.2308425903,54234,54244,10
13.0297603607,80.2308502197,54244,54254,10
13.0296001434,80.2308578491,54254,54264,10
13.0290699005,80.2309188843,54264,54274,10
13.028380394,80.2309570313,54274,54284,10
13.0278301239,80.2310180664,54284,54294,10
13.027680397,80.231338501,54294,54304,10
13.0277099609,80.2318572998,54304,54314,10
13.0277900696,80.2323913574,54314,54324,10
13.0276899338,80.2327804565,54324,54335,11
13.0271997452,80.2329788208,54335,54355,20
13.0271997452,80.2329788208,54355,54365,10
13.0269298553,80.2330780029,54365,54375,10
13.0265598297,80.2330627441,54375,54385,10
13.0263004303,80.2325668335,54385,54395,10
13.0261602402,80.2320404053,54395,54405,10
13.0261201859,80.2318115234,54405,54415,10
13.02602005,80.2314605713,54415,54425,10
13.0258197784,80.23072052,54425,54436,11
13.0252399445,80.2297592163,54436,54446,10
13.0247402191,80.2291717529,54446,54456,10
13.0243501663,80.2286834717,54456,54466,10
13.0239896774,80.2282791138,54466,54476,10
13.0239696503,80.2282562256,54476,54486,10
13.0238599777,80.2281112671,54486,54496,10
13.0235204697,80.2277374268,54496,54506,10
13.0230398178,80.2272567749,54506,54516,10
13.0225400925,80.2267608643,54516,54526,10
13.0220499039,80.226348877,54526,54537,11
13.0214700699,80.2258987427,54537,54547,10
13.0209102631,80.2254486084,54547,54557,10
13.0198802948,80.2247619629,54557,54577,20
13.0198802948,80.2247619629,54577,54587,10
13.0198202133,80.2247314453,54587,54597,10
13.0194101334,80.2245025635,54597,54607,10
13.0185604095,80.2245483398,54607,54617,10
13.017490387,80.2249832153,54617,54627,10
13.0164604187,80.2254104614,54627,54637,10
13.0156202316,80.2257232666,54637,54648,11
13.0147695541,80.2260818481,54648,54658,10
13.0142202377,80.2262802124,54658,54668,10
13.0142202377,80.2262878418,54668,54678,10
13.0139703751,80.2264022827,54678,54688,10
13.0133800507,80.2266387939,54688,54698,10
13.012550354,80.2269668579,54698,54708,10
13.0115098953,80.2273788452,54708,54718,10
13.0104503632,80.2277908325,54718,54728,10
13.0094900131,80.228187561,54728,54738,10
13.0090398788,80.2289581299,54738,54749,11
13.0087995529,80.2301483154,54749,54759,10
13.008600235,80.2312316895,54759,54769,10
13.0084199905,80.2321472168,54769,54779,10
13.0082502365,80.2331771851,54779,54789,10
13.0081996918,80.233581543,54789,54799,10
13.0081596375,80.2336730957,54799,54809,10
13.0080404282,80.23412323,54809,54819,10
13.0079402924,80.2347488403,54819,54829,10
13.0077896118,80.2354202271,54829,54839,10
13.007610321,80.2363204956,54839,54850,11
13.0074195862,80.2373733521,54850,54860,10
13.0072402954,80.2382965088,54860,54870,10
13.0071201324,80.2390594482,54870,54880,10
13.0069103241,80.2400588989,54880,54930,50
13.0069103241,80.2400588989,54930,54940,10
13.0068597794,80.2404708862,54940,54951,11
13.0068397522,80.240737915,54951,54961,10
13.006819725,80.2407989502,54961,54971,10
13.0067796707,80.2412185669,54971,54981,10
13.0067195892,80.2420425415,54981,54991,10
13.0066699982,80.2429275513,54991,55001,10
13.0066404343,80.2439880371,55001,55011,10
13.0066995621,80.2448806763,55011,55021,10
13.0066900253,80.24584198,55021,55031,10
13.0066995621,80.2465667725,55031,55041,10
13.0067100525,80.2473602295,55041,55051,10
13.0066995621,80.2482223511,55051,55062,11
13.0068397522,80.2496185303,55062,55082,20
13.0068397522,80.2496185303,55082,55092,10
13.0067596436,80.2499237061,55092,55102,10
13.0067396164,80.250541687,55102,55112,10
13.0068302155,80.2511901855,55112,55132,20
13.0068302155,80.2511901855,55132,55142,10
13.0067195892,80.2514801025,55142,55152,10
13.0066003799,80.2520599365,55152,55163,11
13.0065202713,80.2530593872,55163,55173,10
13.0065202713,80.2541503906,55173,55183,10
13.0065603256,80.2549972534,55183,55193,10
13.0065803528,80.2559814453,55193,55203,10
13.0066204071,80.2570266724,55203,55233,30
13.0066204071,80.2570266724,55233,55243,10
13.0066099167,80.257232666,55243,55253,10
13.0067596436,80.2576293945,55253,55264,11
13.0071401596,80.2582015991,55264,55274,10
13.007519722,80.2584991455,55274,55284,10
13.0076398849,80.2585830688,55284,55294,10
13.0077800751,80.2586593628,55294,55304,10
13.0080604553,80.2587890625,55304,55314,10
13.0081596375,80.2588195801,55314,55324,10
13.0086097717,80.2589797974,55324,55334,10
13.009180069,80.2590332031,55334,55344,10
13.0098695755,80.2590637207,55344,55354,10
13.0107498169,80.2590789795,55354,55365,11
13.0118703842,80.2590866089,55365,55375,10
13.0130500793,80.2591400146,55375,55385,10
13.0143404007,80.2591781616,55385,55395,10
13.0154800415,80.2592697144,55395,55405,10
13.0164203644,80.2596969604,55405,55425,20
13.0164203644,80.2596969604,55425,55435,10
13.016500473,80.2597732544,55435,55445,10
13.0165996552,80.2598495483,55445,55455,10
13.0170202255,80.2601470947,55455,55465,10
13.0177001953,80.260597229,55465,55476,11
13.0185899734,80.2611999512,55476,55486,10
13.0191698074,80.2617263794,55486,55496,10
13.0196199417,80.2621536255,55496,55506,10
13.0201597214,80.2625732422,55506,55516,10
13.0202102661,80.2626190186,55516,55526,10
13.0206098557,80.2628097534,55526,55536,10
13.021229744,80.2630004883,55536,55546,10
13.0219097137,80.2632827759,55546,55556,10
13.0222597122,80.263458252,55556,55566,10
13.022939682,80.2638015747,55566,55587,21
13.022939682,80.2638015747,55587,55597,10
13.0231895447,80.263961792,55597,55607,10
13.023730278,80.2642593384,55607,55617,10
13.0244102478,80.2647018433,55617,55627,10
13.0249500275,80.2650909424,55627,55637,10
13.0254201889,80.2654190063,55637,55647,10
13.0260000229,80.2657699585,55647,55657,10
13.0263004303,80.2658004761,55657,55667,10
13.0263500214,80.2653121948,55667,55678,11
13.0264396667,80.2645263672,55678,55688,10
13.0265102386,80.2640762329,55688,55698,10
13.0265302658,80.263999939,55698,55708,10
13.0265197754,80.2639312744,55708,55718,10
13.0265798569,80.2634963989,55718,55728,10
13.0267896652,80.263381958,55728,55738,10
13.0272598267,80.263458252,55738,55748,10
13.027680397,80.2635803223,55748,55758,10
13.0281801224,80.2637786865,55758,55768,10
13.0283298492,80.2638092041,55768,55779,11
13.0288200378,80.2639694214,55779,55789,10
13.0292100906,80.264213562,55789,55799,10
13.0292701721,80.2646408081,55799,55809,10
13.0292701721,80.2652130127,55809,55819,10
13.0292396545,80.2658996582,55819,55829,10
13.0291996002,80.2660903931,55829,55839,10
13.0291595459,80.2663574219,55839,55849,10
13.0295000076,80.2665176392,55849,55859,10
13.0299396515,80.2666015625,55859,55869,10
13.0304899216,80.2667007446,55869,55880,11
13.0310401917,80.2668380737,55880,55890,10
13.0315303802,80.2670135498,55890,55900,10
13.0320997238,80.2672805786,55900,55910,10
13.0323200226,80.2674026489,55910,55920,10
13.0326795578,80.2676391602,55920,55930,10
13.0330095291,80.2677307129,55930,55940,10
13.0333595276,80.2677993774,55940,55960,20
13.0333595276,80.2677993774,55960,55970,10
13.0340995789,80.2679672241,55970,56001,31
13.0340995789,80.2679672241,56001,56011,10
13.0341997147,80.2680206299,56011,56021,10
13.0344800949,80.2680282593,56021,56031,10
13.0345497131,80.2681274414,56031,56132,101
13.0345497131,80.2681274414,56132,56142,10
13.0342502594,80.2680206299,56142,56152,10
13.033780098,80.2679367065,56152,56162,10
13.0332698822,80.2678604126,56162,56667,505
13.0332698822,80.2678604126,56667,56677,10
13.0332202911,80.2678222656,56677,56687,10
13.0329999924,80.2677612305,56687,56697,10
13.0328903198,80.2677612305,56697,56708,11
13.0325698853,80.267539978,56708,56718,10
13.0321998596,80.2673797607,56718,56728,10
13.0315999985,80.2671203613,56728,56738,10
13.0309295654,80.2669525146,56738,56748,10
13.0304203033,80.2668228149,56748,56757,9
13.0302400589,80.2667999268,56757,56768,11
13.0300302505,80.2667694092,56768,56798,30
13.0300302505,80.2667694092,56798,56809,11
13.0296401978,80.2666625977,56809,56819,10
13.0293397903,80.2666091919,56819,56829,10
13.0290899277,80.2664794922,56829,56839,10
13.0285596848,80.2663574219,56839,56849,10
13.0278902054,80.2662506104,56849,56859,10
13.027179718,80.2661437988,56859,56869,10
13.0263996124,80.2660369873,56869,56910,41
13.0263996124,80.2660369873,56910,56920,10
13.0262403488,80.2659835815,56920,56930,10
13.0257701874,80.2656936646,56930,56940,10
13.0252399445,80.2653579712,56940,56950,10
13.0252199173,80.2653503418,56950,56960,10
13.0251398087,80.2652816772,56960,56970,10
13.0248298645,80.2650375366,56970,56980,10
13.0244197845,80.2647094727,56980,56990,10
13.0237398148,80.2643127441,56990,57000,10
13.0230102539,80.263923645,57000,57011,11
13.0225095749,80.2636566162,57011,57021,10
13.0221204758,80.2634963989,57021,57031,10
13.0221004486,80.2634887695,57031,57041,10
13.0219402313,80.263381958,57041,57051,10
13.0214099884,80.263168335,57051,57061,10
13.0205202103,80.2630767822,57061,57071,10
13.0197601318,80.2630233765,57071,57081,10
13.019080162,80.2629394531,57081,57091,10
13.0188999176,80.2624130249,57091,57101,10
13.0187997818,80.2616424561,57101,57111,10
13.0184803009,80.2612228394,57111,57122,11
13.0179796219,80.2608718872,57122,57132,10
13.0174303055,80.2604980469,57132,57142,10
13.0167503357,80.2600631714,57142,57152,10
13.016169548,80.2597579956,57152,57162,10
13.0160198212,80.2596893311,57162,57172,10
13.0159902573,80.2596664429,57172,57182,10
13.0156097412,80.2594985962,57182,57192,10
13.0149002075,80.2593536377,57192,57202,10
13.0140199661,80.2593002319,57202,57212,10
13.0129003525,80.259262085,57212,57223,11
13.0115995407,80.2592163086,57223,57233,10
13.0105495453,80.2592391968,57233,57243,10
13.0095996857,80.2592391968,57243,57253,10
13.0088996887,80.2592163086,57253,57263,10
13.0085496902,80.2592315674,57263,57273,10
13.0079402924,80.2592697144,57273,57283,10
13.0073795319,80.2593383789,57283,57293,10
13.0071601868,80.2587814331,57293,57313,20
13.0071601868,80.2587814331,57313,57324,11
13.0070199966,80.2584075928,57324,57334,10
13.0068798065,80.2582168579,57334,57344,10
13.0067396164,80.2579498291,57344,57354,10
13.0066204071,80.2577667236,57354,57364,10
13.0064601898,80.2575836182,57364,57374,10
13.0064601898,80.2575531006,57374,57384,10
13.0065002441,80.257232666,57384,57394,10
13.006480217,80.2565765381,57394,57404,10
13.0064601898,80.2556533813,57404,57414,10
13.0065002441,80.2545089722,57414,57425,11
13.0064697266,80.2535324097,57425,57465,40
13.0064697266,80.2535324097,57465,57475,10
13.006480217,80.2533187866,57475,57485,10
13.0064697266,80.2530212402,57485,57505,20
13.0064697266,80.2530212402,57505,57515,10
13.0064897537,80.2527084351,57515,57526,11
13.0065002441,80.2524337769,57526,57586,60
13.0065002441,80.2524337769,57586,57596,10
13.0065603256,80.252166748,57596,57606,10
13.0066299438,80.2517089844,57606,57616,10
13.0066995621,80.2511825562,57616,57627,11
13.0066900253,80.2503128052,57627,57637,10
13.0066900253,80.2495422363,57637,57647,10
13.0066604614,80.248840332,57647,57657,10
13.0066204071,80.248260498,57657,57667,10
13.0066003799,80.248008728,57667,57697,30
13.0066003799,80.248008728,57697,57707,10
13.0065898895,80.2479171753,57707,57717,10
13.0066003799,80.2474365234,57717,57727,10
13.0066099167,80.2470321655,57727,57738,11
13.0065898895,80.2468490601,57738,57748,10
13.0065402985,80.2466812134,57748,57758,10
13.0065698624,80.2465209961,57758,57768,10
13.0066099167,80.2462768555,57768,57778,10
13.0065402985,80.2458114624,57778,57788,10
13.0065603256,80.2456893921,57788,57798,10
13.0065803528,80.2454910278,57798,57808,10
13.0065803528,80.245262146,57808,57818,10
13.0065698624,80.2450637817,57818,57828,10
13.0065803528,80.2447967529,57828,57849,21
13.0065803528,80.2447967529,57849,57859,10
13.0066204071,80.2444381714,57859,57869,10
13.0066299438,80.244102478,57869,57879,10
13.0066099167,80.2434921265,57879,57889,10
13.0066003799,80.2428131104,57889,57899,10
13.0065603256,80.2418670654,57899,57909,10
13.0066003799,80.2409973145,57909,57919,10
13.0066099167,80.2409133911,57919,57929,10
13.0066604614,80.2405471802,57929,57940,11
13.0067996979,80.2398986816,57940,57950,10
13.006939888,80.2393035889,57950,57960,10
13.0071201324,80.2383575439,57960,57970,10
13.007229805,80.2378005981,57970,57980,10
13.007349968,80.2372131348,57980,57990,10
13.0073604584,80.2369766235,57990,58000,10
13.0073699951,80.2369537354,58000,58010,10
13.0074996948,80.2365264893,58010,58020,10
13.0076799393,80.2358016968,58020,58030,10
13.0078001022,80.2351837158,58030,58041,11
13.0078401566,80.2350463867,58041,58051,10
13.0079498291,80.2344818115,58051,58061,10
13.008099556,80.2337036133,58061,58071,10
13.0083599091,80.2323989868,58071,58081,10
13.0086202621,80.2310333252,58081,58090,9
13.0088396072,80.2298812866,58090,58100,10
13.0091600418,80.2283477783,58100,58111,11
13.00963974,80.2271499634,58111,58121,10
13.0101995468,80.2259521484,58121,58131,10
13.0106601715,80.2250366211,58131,58142,11
13.0111198425,80.2240219116,58142,58162,20
13.0111198425,80.2240219116,58162,58172,10
13.0112895966,80.2235565186,58172,58182,10
13.011590004,80.2228393555,58182,58192,10
13.0119400024,80.2218399048,58192,58202,10
13.0122804642,80.2215118408,58202,58212,10
13.012550354,80.2217788696,58212,58222,10
13.0130596161,80.2224197388,58222,58232,10
13.013589859,80.2230224609,58232,58243,11
13.0141801834,80.2237701416,58243,58253,10
13.014840126,80.2245330811,58253,58263,10
13.0153398514,80.2250213623,58263,58273,10
13.0155801773,80.2251586914,58273,58283,10
13.0158996582,80.2253036499,58283,58293,10
13.0167198181,80.2252426147,58293,58303,10
13.0176401138,80.2248687744,58303,58313,10
13.0185203552,80.2245330811,58313,58323,10
13.019200325,80.2243728638,58323,58333,10
13.0196800232,80.2245178223,58333,58344,11
13.0201101303,80.2248382568,58344,58354,10
13.0205001831,80.2251205444,58354,58364,10
13.0208597183,80.2253723145,58364,58374,10
13.0211801529,80.2256164551,58374,58384,10
13.0215597153,80.2259216309,58384,58394,10
13.0216598511,80.2259674072,58394,58404,10
13.0218296051,80.2261199951,58404,58414,10
13.0222797394,80.2265319824,58414,58424,10
13.0229797363,80.2271499634,58424,58434,10
13.0234804153,80.2276077271,58434,58444,10
13.024020195,80.2281570435,58444,58455,11
13.0246696472,80.2289810181,58455,58475,20
13.0246696472,80.2289810181,58475,58485,10
13.0248203278,80.2292022705,58485,58495,10
13.0253000259,80.2297821045,58495,58505,10
13.0257797241,80.2304992676,58505,58515,10
13.0259399414,80.2309036255,58515,58525,10
13.0260295868,80.2312698364,58525,58535,10
13.0263996124,80.2313690186,58535,58545,10
13.0272302628,80.2311706543,58545,58556,11
13.0281200409,80.2310028076,58556,58566,10
13.0283002853,80.2309570313,58566,58576,10
13.0285596848,80.2309494019,58576,58585,9
13.0289697647,80.2309112549,58585,58596,11
13.0289802551,80.2309036255,58596,58606,10
13.0290403366,80.2309036255,58606,58616,10
13.0293998718,80.2308578491,58616,58626,10
13.0298595428,80.2308273315,58626,58636,10
13.0302000046,80.230796814,58636,58646,10
13.0307798386,80.230758667,58646,58657,11
13.0314397812,80.2306900024,58657,58667,10
13.0320396423,80.2306365967,58667,58677,10
13.0327196121,80.2305831909,58677,58687,10
13.0333900452,80.2305221558,58687,58697,10
13.0337295532,80.2304992676,58697,58707,10
13.0342903137,80.2304534912,58707,58747,40
13.0342903137,80.2304534912,58747,58758,11
13.0347700119,80.2303466797,58758,58788,30
13.0347700119,80.2303466797,58788,58798,10
13.0349197388,80.2301330566,58798,58808,10
13.0345602036,80.2301483154,58808,59979,1171
13.0342197418,80.2301712036,59979,60070,91
13.0342197418,80.2301712036,60070,60080,10
13.0340995789,80.23046875,60080,60090,10
13.0339403152,80.2304763794,60090,60101,11
13.0336198807,80.2304992676,60101,60111,10
13.0334701538,80.2305221558,60111,60121,10
13.033200264,80.2305374146,60121,60131,10
13.0328598022,80.2305603027,60131,60141,10
13.0327396393,80.2305679321,60141,60151,10
13.0322599411,80.2306213379,60151,60161,10
13.0319795609,80.2306594849,60161,60171,10
13.0316400528,80.230682373,60171,60181,10
13.030960083,80.2307434082,60181,60191,10
13.0304498672,80.2307662964,60191,60202,11
13.0298900604,80.2308425903,60202,60212,10
13.0298099518,80.2308425903,60212,60222,10
13.0295295715,80.2308578491,60222,60232,10
13.0288801193,80.2309188843,60232,60242,10
13.0281095505,80.2309875488,60242,60251,9
13.0277004242,80.231048584,60251,60262,11
13.0276498795,80.2313995361,60262,60272,10
13.0277204514,80.2319869995,60272,60282,10
13.0278596878,80.2326278687,60282,60292,10
13.0275201797,80.2328567505,60292,60303,11
13.0268602371,80.2329483032,60303,60373,70
13.0268602371,80.2329483032,60373,60383,10
13.0268096924,80.233001709,60383,60393,10
13.0264997482,80.2329788208,60393,60404,11
13.0262403488,80.2324295044,60404,60414,10
13.0260601044,80.2317581177,60414,60424,10
13.0258703232,80.2310562134,60424,60434,10
13.0254602432,80.23021698,60434,60444,10
13.024889946,80.2294464111,60444,60454,10
13.0243797302,80.2287902832,60454,60464,10
13.0239295959,80.2282791138,60464,60484,20
13.0239295959,80.2282791138,60484,60494,10
13.0238399506,80.2281417847,60494,60505,11
13.0234298706,80.2276916504,60505,60515,10
13.0228395462,80.2270965576,60515,60525,10
13.0221204758,80.2264709473,60525,60535,10
13.0213699341,80.2258605957,60535,60545,10
13.0206098557,80.2252883911,60545,60555,10
13.0200901031,80.224937439,60555,60565,10
13.0199403763,80.2248382568,60565,60575,10
13.0198698044,80.2248077393,60575,60585,10
13.0194396973,80.2245483398,60585,60595,10
13.0186004639,80.2245635986,60595,60605,10
13.0176200867,80.2249526978,60605,60616,11
13.016579628,80.2253875732,60616,60626,10
13.01583004,80.2256622314,60626,60636,10
13.0149097443,80.2260818481,60636,60656,20
13.0149097443,80.2260818481,60656,60666,10
13.0142402649,80.2263183594,60666,60686,20
13.0142402649,80.2263183594,60686,60696,10
13.0141000748,80.2263717651,60696,60706,10
13.0139904022,80.2264099121,60706,60717,11
13.0134601593,80.226600647,60717,60727,10
13.0127801895,80.226852417,60727,60737,10
13.0119495392,80.227180481,60737,60747,10
13.0110197067,80.2275466919,60747,60757,10
13.0100402832,80.2279510498,60757,60767,10
13.0093097687,80.2282867432,60767,60777,10
13.0090303421,80.229019165,60777,60787,10
13.0088396072,80.2299804688,60787,60797,10
13.008649826,80.2309799194,60797,60807,10
13.0084495544,80.2320709229,60807,60818,11
13.0082302094,80.2335891724,60818,60838,20
13.0082302094,80.2335891724,60838,60848,10
13.0081996918,80.2336502075,60848,60858,10
13.0081100464,80.2340164185,60858,60868,10
13.0080099106,80.2345275879,60868,60878,10
13.0079097748,80.2350234985,60878,60888,10
13.0079097748,80.2350311279,60888,60898,10
13.0078802109,80.2352294922,60898,60908,10
13.0077600479,80.235748291,60908,60919,11
13.0075902939,80.2366790771,60919,60929,10
13.0073795319,80.2376937866,60929,60939,10
13.0072202682,80.2385787964,60939,60948,9
13.0070896149,80.2392272949,60948,60999,51
13.0070896149,80.2392272949,60999,61009,10
13.0069904327,80.2398376465,61009,61090,81
13.0069904327,80.2398376465,61090,61100,10
13.006939888,80.2403335571,61100,61110,10
13.0068702698,80.2408599854,61110,61121,11
13.0068397522,80.2408828735,61121,61131,10
13.006770134,80.2411499023,61131,61141,10
13.0067396164,80.2418518066,61141,61151,10
13.0067195892,80.2427597046,61151,61161,10
13.0066900253,80.2435684204,61161,61171,10
13.0067100525,80.2442016602,61171,61181,10
13.0066995621,80.2446289063,61181,61191,10
13.0066900253,80.2450332642,61191,61201,10
13.0066995621,80.2453765869,61201,61211,10
13.0066995621,80.2457504272,61211,61221,10
13.0067195892,80.2461776733,61221,61232,11
13.0067396164,80.2464675903,61232,61242,10
13.0067396164,80.2464981079,61242,61252,10
13.0067501068,80.2467575073,61252,61262,10
13.006770134,80.2470016479,61262,61272,10
13.006770134,80.2470703125,61272,61282,10
13.0067501068,80.247467041,61282,61292,10
13.0067501068,80.2481231689,61292,61302,10
13.0068101883,80.2489776611,61302,61312,10
13.0068998337,80.2496337891,61312,61322,10
13.0068998337,80.2496414185,61322,61333,11
13.006939888,80.2497406006,61333,61343,10
13.0068998337,80.2500991821,61343,61393,50
13.0068998337,80.2500991821,61393,61403,10
13.0068798065,80.2502288818,61403,61413,10
13.0068702698,80.2504577637,61413,61423,10
13.0068798065,80.2506866455,61423,61434,11
13.0068702698,80.2507171631,61434,61444,10
13.0068597794,80.2508926392,61444,61454,10
13.0068702698,80.251083374,61454,61464,10
13.0068597794,80.2512207031,61464,61474,10
13.006819725,80.2514724731,61474,61524,50
13.006819725,80.2514724731,61524,61535,11
13.0067501068,80.2516784668,61535,61545,10
13.0066204071,80.2521972656,61545,61555,10
13.0065603256,80.2529830933,61555,61565,10
13.0065603256,80.2538604736,61565,61575,10
13.0066099167,80.2547836304,61575,61585,10
13.0066299438,80.255607605,61585,61595,10
13.006649971,80.2564163208,61595,61605,10
13.0067195892,80.2572784424,61605,61686,81
13.0067195892,80.2572784424,61686,61696,10
13.0066795349,80.2575302124,61696,61706,10
13.0068998337,80.2580566406,61706,61716,10
13.0077295303,80.2587432861,61716,61736,20
13.0077295303,80.2587432861,61736,61747,11
13.0080099106,80.2588729858,61747,61757,10
13.0085201263,80.2590637207,61757,61767,10
13.009059906,80.259147644,61767,61777,10
13.0098104477,80.2591400146,61777,61787,10
13.0108203888,80.259147644,61787,61797,10
13.0119800568,80.2591171265,61797,61807,10
13.0132198334,80.2591629028,61807,61817,10
13.01445961,80.2592010498,61817,61827,10
13.0155296326,80.2592697144,61827,61837,10
13.0162200928,80.259552002,61837,61848,11
13.0163602829,80.2596511841,61848,61858,10
13.0163803101,80.2596817017,61858,61868,10
13.0166797638,80.2599182129,61868,61878,10
13.0171699524,80.2602310181,61878,61888,10
13.0177497864,80.2606277466,61888,61898,10
13.0183601379,80.2610702515,61898,61908,10
13.0186901093,80.2612533569,61908,61918,10
13.0188302994,80.2613983154,61918,61928,10
13.0192604065,80.2617874146,61928,61938,10
13.0197401047,80.262260437,61938,61949,11
13.0201997757,80.2626113892,61949,61959,10
13.0202999115,80.2626876831,61959,61969,10
13.0207901001,80.262878418,61969,61979,10
13.0215301514,80.263130188,61979,61989,10
13.0220298767,80.2633666992,61989,61999,10
13.022359848,80.2635269165,61999,62009,10
13.0228500366,80.2637786865,62009,62018,9
13.0229797363,80.2638473511,62018,62029,11
13.0230903625,80.2639465332,62029,62039,10
13.0235500336,80.2641983032,62039,62050,11
13.0242795944,80.2646026611,62050,62060,10
13.0248298645,80.2650375366,62060,62070,10
13.0251598358,80.2652664185,62070,62080,10
13.0255403519,80.2655181885,62080,62090,10
13.0259199142,80.2657623291,62090,62100,10
13.0262804031,80.2658615112,62100,62110,10
13.0263500214,80.2654876709,62110,62120,10
13.0263900757,80.2650222778,62120,62130,10
13.0264501572,80.2644424438,62130,62140,10
13.0264902115,80.2641372681,62140,62151,11
13.0265102386,80.2640075684,62151,62161,10
13.0265598297,80.2636108398,62161,62171,10
13.0266799927,80.2634429932,62171,62181,10
13.0270595551,80.2634811401,62181,62191,10
13.0274095535,80.2635192871,62191,62201,10
13.0278701782,80.2636566162,62201,62211,10
13.0283298492,80.2638015747,62211,62221,10
13.0284700394,80.2638168335,62221,62231,10
13.0288095474,80.2639007568,62231,62241,10
13.0291204453,80.2639923096,62241,62252,11
13.0292901993,80.2640991211,62252,62262,10
13.029299736,80.264503479,62262,62272,10
13.0292797089,80.2651062012,62272,62282,10
13.0292701721,80.2657699585,62282,62292,10
13.0292596817,80.2660217285,62292,62302,10
13.0292701721,80.2660827637,62302,62312,10
13.0291795731,80.2663803101,62312,62322,10
13.0292196274,80.2665023804,62322,62332,10
13.0295095444,80.2666015625,62332,62342,10
13.0299396515,80.2666015625,62342,62352,10
13.0307798386,80.2667770386,62352,62393,41
13.0307798386,80.2667770386,62393,62403,10
13.0311603546,80.2668991089,62403,62423,20
13.0311603546,80.2668991089,62423,62433,10
13.031419754,80.2669906616,62433,62453,20
13.031419754,80.2669906616,62453,62464,11
13.0316200256,80.2670211792,62464,62474,10
13.0317602158,80.2670898438,62474,62484,10
13.0319299698,80.2671813965,62484,62494,10
13.0322303772,80.2673416138,62494,62524,30
13.0322303772,80.2673416138,62524,62534,10
13.0326004028,80.2675476074,62534,62544,10
13.0327796936,80.2677001953,62544,62554,10
13.0331001282,80.2677536011,62554,62585,31
13.0333003998,80.2677993774,62585,62605,20
13.0333003998,80.2677993774,62605,62615,10
13.0335798264,80.2678833008,62615,62625,10
13.0340900421,80.2679595947,62625,62666,41
13.0340900421,80.2679595947,62666,62676,10
13.0345897675,80.2680130005,62676,62706,30
13.0345897675,80.2680130005,62706,62716,10
13.0344400406,80.2681121826,62716,62736,20
13.0344400406,80.2681121826,62736,62746,10
13.0340204239,80.2679595947,62746,62756,10
13.0337295532,80.2678985596,62756,62767,11
13.0332803726,80.2678222656,62767,63302,535
13.0332803726,80.2678222656,63302,63312,10
13.0331602097,80.2676467896,63312,63322,10
13.0331401825,80.2675933838,63322,63372,50
13.0331401825,80.2675933838,63372,63383,11
13.0329399109,80.267616272,63383,63393,10
13.0327196121,80.2676086426,63393,63403,10
13.0325202942,80.2674407959,63403,63413,10
13.0322704315,80.2672805786,63413,63423,10
13.0317401886,80.2670211792,63423,63433,10
13.0311803818,80.2668533325,63433,63443,10
13.0308103561,80.2667694092,63443,63453,10
13.0305099487,80.2666931152,63453,63473,20
13.0305099487,80.2666931152,63473,63484,11
13.0302200317,80.2666778564,63484,63494,10
13.0301198959,80.2666778564,63494,63504,10
13.0298900604,80.2666397095,63504,63524,20
13.0298900604,80.2666397095,63524,63534,10
13.029419899,80.2665634155,63534,63554,20
13.029419899,80.2665634155,63554,63564,10
13.0291900635,80.2664794922,63564,63574,10
13.0288696289,80.2663269043,63574,63585,11
13.0284500122,80.2662582397,63585,63595,10
13.0281600952,80.2662277222,63595,63605,10
13.0277996063,80.2661895752,63605,63615,10
13.0272798538,80.26612854,63615,63625,10
13.026720047,80.2660675049,63625,63635,10
13.0263299942,80.2659988403,63635,63675,40
13.0263299942,80.2659988403,63675,63686,11
13.0262298584,80.265953064,63686,63696,10
13.0259399414,80.2657928467,63696,63706,10
13.0253601074,80.265411377,63706,63726,20
13.0253601074,80.265411377,63726,63736,10
13.0250902176,80.2652130127,63736,63746,10
13.0245895386,80.264831543,63746,63756,10
13.0238895416,80.2643508911,63756,63766,10
13.0231704712,80.2639694214,63766,63776,10
13.0222396851,80.2634506226,63776,63807,31
13.0222396851,80.2634506226,63807,63817,10
13.0220403671,80.263420105,63817,63827,10
13.021780014,80.2632598877,63827,63837,10
13.0209798813,80.2630386353,63837,63847,10
13.0202598572,80.2630310059,63847,63857,10
13.0196895599,80.2629776001,63857,63867,10
13.0191898346,80.2629165649,63867,63877,10
13.0189399719,80.2626190186,63877,63887,10
13.018910408,80.2621078491,63887,63898,11
13.0188598633,80.261680603,63898,63918,20
13.0186901093,80.2613372803,63918,63938,20
13.0186901093,80.2613372803,63938,63948,10
13.0184402466,80.2611999512,63948,63958,10
13.0181703568,80.2610168457,63958,63968,10
13.0178403854,80.2608108521,63968,63978,10
13.0176296234,80.2606811523,63978,63988,10
13.0175199509,80.260597229,63988,63999,11
13.0173196793,80.2604675293,63999,64009,10
13.0171298981,80.2603378296,64009,64019,10
13.0167703629,80.2601165771,64019,64029,10
13.0160799026,80.2597427368,64029,64049,20
13.0160799026,80.2597427368,64049,64059,10
13.0159597397,80.2596664429,64059,64069,10
13.0154695511,80.2594909668,64069,64079,10
13.0147199631,80.2593688965,64079,64089,10
13.0137996674,80.2593383789,64089,64100,11
13.0125198364,80.2593002319,64100,64110,10
13.0113201141,80.259262085,64110,64120,10
13.0102596283,80.2593231201,64120,64130,10
13.0099000931,80.2593231201,64130,64140,10
13.0098600388,80.2592926025,64140,64150,10
13.0094299316,80.259262085,64150,64160,10
13.0088796616,80.2592697144,64160,64170,10
13.0087003708,80.2592697144,64170,64180,10
13.0082397461,80.2592468262,64180,64190,10
13.0077800751,80.2593765259,64190,64201,11
13.0073795319,80.2591781616,64201,64211,10
13.0071697235,80.2587814331,64211,64221,10
13.0071697235,80.2587585449,64221,64231,10
13.007060051,80.2585372925,64231,64241,10
13.0069303513,80.2583389282,64241,64251,10
13.0066795349,80.2579269409,64251,64261,10
13.0064401627,80.2575836182,64261,64271,10
13.0065002441,80.2572402954,64271,64281,10
13.006480217,80.2567062378,64281,64291,10
13.0064897537,80.2560577393,64291,64302,11
13.0064897537,80.2553863525,64302,64312,10
13.0065202713,80.2547988892,64312,64322,10
13.0065002441,80.25415802,64322,64362,40
13.0065002441,80.25415802,64362,64372,10
13.0064697266,80.2539291382,64372,64382,10
13.006480217,80.2536087036,64382,64392,10
13.0065097809,80.2533493042,64392,64403,11
13.006480217,80.2531967163,64403,64413,10
13.0065002441,80.2525100708,64413,64514,101
13.0065002441,80.2525100708,64514,64524,10
13.0066604614,80.2524719238,64524,64534,10
13.0067596436,80.2519989014,64534,64544,10
13.0068702698,80.2512130737,64544,64554,10
13.0067996979,80.2504730225,64554,64564,10
13.0067501068,80.25,64564,64594,30
13.0067501068,80.25,64594,64604,10
13.0067796707,80.2499465942,64604,64615,11
13.0067596436,80.24949646,64615,64625,10
13.0067501068,80.2491226196,64625,64635,10
13.0066795349,80.2487030029,64635,64645,10
13.006649971,80.2482528687,64645,64786,141
13.006649971,80.2482528687,64786,64796,10
13.0066604614,80.2480316162,64796,64806,10
13.0066404343,80.247718811,64806,64817,11
13.0066604614,80.2471084595,64817,64827,10
13.0066003799,80.2466812134,64827,64867,40
13.0066404343,80.2463226318,64867,64897,30
13.0066404343,80.2463226318,64897,64907,10
13.0066204071,80.2460098267,64907,64918,11
13.0066299438,80.24584198,64918,64928,10
13.006649971,80.2456817627,64928,64938,10
13.0066604614,80.2455596924,64938,64948,10
13.0066795349,80.2453079224,64948,64958,10
13.0066604614,80.2450332642,64958,64968,10
13.0066604614,80.2447280884,64968,64978,10
13.0066795349,80.2444000244,64978,64988,10
13.0066604614,80.2440567017,64988,64998,10
13.0066299438,80.2436904907,64998,65008,10
13.0065803528,80.2432098389,65008,65019,11
13.0065803528,80.242401123,65019,65029,10
13.0065498352,80.241569519,65029,65079,50
13.0065498352,80.241569519,65079,65089,10
13.0066003799,80.2411727905,65089,65099,10
13.0066204071,80.2408218384,65099,65109,10
13.0067596436,80.240196228,65109,65120,11
13.0069503784,80.2391967773,65120,65130,10
13.0071296692,80.238243103,65130,65140,10
13.0073604584,80.2369613647,65140,65160,20
13.0073604584,80.2369613647,65160,65170,10
13.007399559,80.236869812,65170,65180,10
13.007519722,80.2364425659,65180,65190,10
13.0076599121,80.2357711792,65190,65200,10
13.0078201294,80.2350006104,65200,65210,10
13.0079803467,80.2341308594,65210,65221,11
13.0082101822,80.2329483032,65221,65231,10
13.0084600449,80.2316818237,65231,65241,10
13.0087003708,80.2305221558,65241,65251,10
13.0089502335,80.2293395996,65251,65261,10
13.0090999603,80.228477478,65261,65271,10
13.0091400146,80.2282791138,65271,65281,10
13.0093002319,80.2278671265,65281,65291,10
13.0096197128,80.2271881104,65291,65301,10
13.0100402832,80.2262802124,65301,65311,10
13.0105199814,80.2253112793,65311,65322,11
13.0109195709,80.2244491577,65322,65332,10
13.0111904144,80.2238311768,65332,65342,10
13.0111999512,80.2236480713,65342,65352,10
13.0111904144,80.2235870361,65352,65362,10
13.0114002228,80.2232131958,65362,65372,10
13.0116796494,80.2226409912,65372,65382,10
13.0119695663,80.2217330933,65382,65392,10
13.012339592,80.2216033936,65392,65402,10
13.0127296448,80.2221221924,65402,65412,10
13.0132799149,80.2227172852,65412,65423,11
13.0139303207,80.223487854,65423,65433,10
13.014380455,80.2240524292,65433,65443,10
13.0149002075,80.2245788574,65443,65453,10
13.0155801773,80.2251434326,65453,65473,20
13.0155801773,80.2251434326,65473,65483,10
13.0158195496,80.2253417969,65483,65493,10
13.0164203644,80.2254104614,65493,65503,10
13.01720047,80.2251586914,65503,65513,10
13.0180797577,80.2247924805,65513,65523,10
13.0189599991,80.2244415283,65523,65534,11
13.0197401047,80.2245788574,65534,65554,20
13.0197401047,80.2245788574,65554,65564,10
13.0198698044,80.2246627808,65564,65574,10
13.0203399658,80.2250137329,65574,65584,10
13.0210399628,80.2255020142,65584,65594,10
13.0220403671,80.2262268066,65594,65614,20
13.0220403671,80.2262268066,65614,65624,10
13.0222597122,80.2264404297,65624,65635,11
13.0227603912,80.2268981934,65635,65645,10
13.0233898163,80.2275009155,65645,65655,10
13.0239896774,80.2280883789,65655,65665,10
13.0243196487,80.2284927368,65665,65685,20
13.0243196487,80.2284927368,65685,65695,10
13.0243301392,80.2285385132,65695,65705,10
13.0245895386,80.2289199829,65705,65715,10
13.0250902176,80.2295684814,65715,65725,10
13.0256204605,80.2303009033,65725,65736,11
13.0258398056,80.2306671143,65736,65746,10
13.0259599686,80.2309799194,65746,65756,10
13.0260601044,80.2312011719,65756,65766,10
13.0261602402,80.2314071655,65766,65776,10
13.0262403488,80.2315292358,65776,65786,10
13.0265903473,80.2314529419,65786,65796,10
13.0271196365,80.2312164307,65796,65806,10
13.0276203156,80.231048584,65806,65816,10
13.0280504227,80.2309875488,65816,65826,10
13.0281600952,80.2309875488,65826,65837,11
13.0281896591,80.2309875488,65837,65847,10
13.0284404755,80.2309799194,65847,65857,10
13.0289402008,80.2309265137,65857,65917,60
13.0289402008,80.2309265137,65917,65927,10
13.0292196274,80.2308807373,65927,65938,11
13.0294399261,80.2308502197,65938,65948,10
13.030500412,80.230758667,65948,65998,50
13.030500412,80.230758667,65998,66008,10
13.03083992,80.230758667,66008,66018,10
13.0314397812,80.23072052,66018,66028,10
13.0321998596,80.2306594849,66028,66039,11
13.0330600739,80.2305908203,66039,66049,10
13.0340204239,80.2305374146,66049,66109,60
13.0340204239,80.2305374146,66109,66119,10
13.0341796875,80.2305831909,66119,66129,10
13.0343999863,80.2305297852,66129,66140,11
13.0347700119,80.2304000854,66140,66150,10
13.034910202,80.2302627563,66150,66160,10
13.0346899033,80.230140686,66160,66170,10
13.0343399048,80.230178833,66170,66584,414
13.0343399048,80.230178833,66584,66594,10
13.0341701508,80.2302627563,66594,66604,10
13.0341100693,80.2304382324,66604,66614,10
13.0339603424,80.2304992676,66614,66624,10
13.0335702896,80.2305603027,66624,66634,10
13.0334997177,80.2305831909,66634,66644,10
13.0332899094,80.2305984497,66644,66655,11
13.0326795578,80.2306518555,66655,66665,10
13.0320997238,80.2307128906,66665,66675,10
13.0314798355,80.2307815552,66675,66715,40
13.0314798355,80.2307815552,66715,66725,10
13.031419754,80.2308120728,66725,66735,10
13.0311603546,80.2308120728,66735,66745,10
13.0308103561,80.2308425903,66745,66756,11
13.030380249,80.2308578491,66756,66766,10
13.0300502777,80.2308883667,66766,66776,10
13.0298700333,80.2309112549,66776,66786,10
13.029709816,80.2309188843,66786,66796,10
13.0292797089,80.2309265137,66796,66806,10
13.0286798477,80.2309799194,66806,66816,10
13.0280704498,80.2310409546,66816,66826,10
13.0276699066,80.2311172485,66826,66836,10
13.0277099609,80.2316513062,66836,66846,10
13.0277700424,80.2321777344,66846,66857,11
13.0278701782,80.2327270508,66857,66867,10
13.0275297165,80.2329406738,66867,66877,10
13.0268497467,80.2330322266,66877,66937,60
13.0268497467,80.2330322266,66937,66947,10
13.0265798569,80.2330780029,66947,66958,11
13.0263700485,80.2328567505,66958,66968,10
13.0262699127,80.2325134277,66968,66978,10
13.0261697769,80.2321624756,66978,66988,10
13.0260801315,80.2318496704,66988,66998,10
13.0259504318,80.2313232422,66998,67008,10
13.0256500244,80.2305374146,67008,67018,10
13.0254297256,80.23021698,67018,67028,10
13.0253601074,80.2301177979,67028,67038,10
13.0253000259,80.2300415039,67038,67048,10
13.0251703262,80.2298583984,67048,67059,11
13.0250396729,80.2296676636,67059,67069,10
13.0248603821,80.2294311523,67069,67099,30
13.0248603821,80.2294311523,67099,67109,10
13.024769783,80.2293014526,67109,67119,10
13.0245704651,80.2290267944,67119,67129,10
13.0242996216,80.2286834717,67129,67139,10
13.0239601135,80.228302002,67139,67149,10
13.0239601135,80.2282867432,67149,67160,11
13.0239200592,80.2282104492,67160,67170,10
13.0237903595,80.2280502319,67170,67180,10
13.0234603882,80.2277069092,67180,67190,10
13.0231895447,80.2274780273,67190,67200,10
13.0230102539,80.2273101807,67200,67210,10
13.0226898193,80.2269973755,67210,67220,10
13.0225496292,80.2268600464,67220,67230,10
13.0221996307,80.2265930176,67230,67281,51
13.0221996307,80.2265930176,67281,67291,10
13.0218601227,80.2262802124,67291,67301,10
13.0215597153,80.2260513306,67301,67311,10
13.0212697983,80.2258300781,67311,67321,10
13.0209598541,80.2255706787,67321,67331,10
13.0208997726,80.2255172729,67331,67341,10
13.0207901001,80.2254486084,67341,67351,10
13.0205001831,80.2252578735,67351,67361,10
13.0200996399,80.2249832153,67361,67372,11
13.0197601318,80.2247390747,67372,67382,10
13.0194797516,80.2246017456,67382,67402,20
13.0194797516,80.2246017456,67402,67412,10
13.0190296173,80.2245178223,67412,67432,20
13.0190296173,80.2245178223,67432,67442,10
13.0188102722,80.2245407104,67442,67452,10
13.0186100006,80.2246398926,67452,67463,11
13.0184202194,80.2247161865,67463,67473,10
13.018239975,80.2248001099,67473,67483,10
13.0180397034,80.2248764038,67483,67493,10
13.0179901123,80.224899292,67493,67503,10
13.0178098679,80.2249679565,67503,67513,10
13.0177402496,80.2249984741,67513,67523,10
13.0174503326,80.2251205444,67523,67533,10
13.0172996521,80.2251815796,67533,67543,10
13.0171699524,80.2252197266,67543,67553,10
13.0170097351,80.2252883911,67553,67563,10
13.0170001984,80.2253036499,67563,67574,11
13.0167703629,80.2253723145,67574,67584,10
13.0166301727,80.2254180908,67584,67594,10
13.016500473,80.225479126,67594,67604,10
13.0163002014,80.2255630493,67604,67614,10
13.0158004761,80.225730896,67614,67624,10
13.0152301788,80.2259674072,67624,67634,10
13.014670372,80.2261962891,67634,67644,10
13.0143995285,80.22631073,67644,67654,10
13.014380455,80.2263183594,67654,67664,10
13.0142402649,80.2263717651,67664,67675,11
13.0137300491,80.2265701294,67675,67685,10
13.0130596161,80.2268066406,67685,67695,10
13.0122299194,80.2271194458,67695,67705,10
13.0112104416,80.2275238037,67705,67715,10
13.0101699829,80.2279510498,67715,67725,10
13.0093002319,80.2283401489,67725,67735,10
13.0089998245,80.2292098999,67735,67745,10
13.0087900162,80.2302703857,67745,67755,10
13.0085802078,80.2313919067,67755,67765,10
13.0083799362,80.2324905396,67765,67776,11
13.0082302094,80.2335891724,67776,67796,20
13.0082302094,80.2335891724,67796,67806,10
13.0081501007,80.233833313,67806,67816,10
13.0080499649,80.2342987061,67816,67826,10
13.0079498291,80.2348022461,67826,67836,10
13.0079498291,80.2348327637,67836,67846,10
13.0078601837,80.2352905273,67846,67856,10
13.0077104568,80.2360534668,67856,67866,10
13.0075302124,80.2369995117,67866,67877,11
13.007399559,80.2376480103,67877,67887,10
13.0073404312,80.237953186,67887,67897,10
13.007229805,80.23853302,67897,67907,10
13.0071201324,80.2390975952,67907,67937,30
13.0071201324,80.2390975952,67937,67947,10
13.007109642,80.2391281128,67947,67957,10
13.0070495605,80.2394638062,67957,67967,10
13.0069599152,80.2401275635,67967,67978,11
13.0068597794,80.2408370972,67978,67988,10
13.0068502426,80.2408676147,67988,67998,10
13.006819725,80.2409591675,67998,68008,10
13.0067501068,80.2414779663,68008,68018,10
13.0067195892,80.2422485352,68018,68028,10
13.0066795349,80.2430419922,68028,68038,10
13.0066604614,80.2438430786,68038,68048,10
13.0066795349,80.244720459,68048,68058,10
13.0066900253,80.2454376221,68058,68068,10
13.0066995621,80.2459411621,68068,68079,11
13.0067195892,80.2466812134,68079,68089,10
13.0067195892,80.2474365234,68089,68099,10
13.0067300797,80.2482681274,68099,68109,10
13.0068101883,80.2490005493,68109,68119,10
13.0068702698,80.2496337891,68119,68139,20
13.0068702698,80.2496337891,68139,68149,10
13.0068597794,80.2499008179,68149,68159,10
13.006819725,80.2504425049,68159,68169,10
13.0068397522,80.2509918213,68169,68179,10
13.006819725,80.2514190674,68179,68190,11
13.0067396164,80.2517700195,68190,68200,10
13.0065898895,80.2524185181,68200,68210,10
13.0065498352,80.2530822754,68210,68220,10
13.0065603256,80.2539215088,68220,68230,10
13.0066099167,80.254737854,68230,68240,10
13.0065898895,80.2549285889,68240,68250,10
13.0066003799,80.2553787231,68250,68260,10
13.0066299438,80.256111145,68260,68270,10
13.0066404343,80.2567977905,68270,68281,11
13.0066900253,80.2572784424,68281,68311,30
13.0066900253,80.2572784424,68311,68321,10
13.0066995621,80.2574615479,68321,68331,10
13.0068597794,80.2579421997,68331,68341,10
13.0073003769,80.2585067749,68341,68351,10
13.0077495575,80.2587203979,68351,68371,20
13.0077495575,80.2587203979,68371,68381,10
13.0079803467,80.2588500977,68381,68392,11
13.0085296631,80.2590637207,68392,68402,10
13.0091896057,80.2591400146,68402,68412,10
13.0100898743,80.259147644,68412,68422,10
13.0111598969,80.2591400146,68422,68432,10
13.0122900009,80.2591400146,68432,68442,10
13.0134897232,80.2591934204,68442,68452,10
13.0146598816,80.2592315674,68452,68462,10
13.0156698227,80.2593688965,68462,68472,10
13.0164804459,80.259803772,68472,68493,21
13.0164804459,80.259803772,68493,68503,10
13.0166397095,80.2599411011,68503,68513,10
13.017080307,80.2602462769,68513,68523,10
13.0176401138,80.2606506348,68523,68533,10
13.0182199478,80.2610168457,68533,68543,10
13.0186300278,80.2613220215,68543,68553,10
13.0186901093,80.2613601685,68553,68563,10
13.0190200806,80.2616577148,68563,68573,10
13.019490242,80.2620773315,68573,68583,10
13.0200500488,80.2626190186,68583,68594,11
13.0202102661,80.2627410889,68594,68604,10
13.0203399658,80.262802124,68604,68614,10
13.0207901001,80.2629394531,68614,68624,10
13.0214195251,80.263130188,68624,68634,10
13.0219297409,80.2633666992,68634,68644,10
13.0222196579,80.2635192871,68644,68654,10
13.0228700638,80.2638702393,68654,68674,20
13.0228700638,80.2638702393,68674,68684,10
13.0232400894,80.2640609741,68684,68695,11
13.0238199234,80.2643966675,68695,68705,10
13.0243196487,80.2646865845,68705,68715,10
13.0246295929,80.2649536133,68715,68725,10
13.0250396729,80.2652511597,68725,68735,10
13.0254297256,80.2655181885,68735,68745,10
13.025850296,80.2657775879,68745,68755,10
13.0261602402,80.2659378052,68755,68765,10
13.0263204575,80.2657623291,68765,68775,10
13.0263395309,80.2653579712,68775,68785,10
13.0263900757,80.2647781372,68785,68796,11
13.0264596939,80.2640304565,68796,68816,20
13.0264596939,80.2640304565,68816,68826,10
13.026550293,80.2636184692,68826,68836,10
13.0268201828,80.2634963989,68836,68846,10
13.0273399353,80.2635879517,68846,68856,10
13.0279302597,80.2637786865,68856,68866,10
13.0282201767,80.2638397217,68866,68876,10
13.028459549,80.2639083862,68876,68886,10
13.0289096832,80.2640380859,68886,68897,11
13.029250145,80.264251709,68897,68907,10
13.0292396545,80.2647094727,68907,68917,10
13.0292701721,80.2651824951,68917,68927,10
13.029250145,80.2656707764,68927,68937,10
13.0292396545,80.2659988403,68937,68947,10
13.0292196274,80.2660675049,68947,68957,10
13.0292196274,80.2661590576,68957,68967,10
13.0291700363,80.2665176392,68967,68977,10
13.0293197632,80.2666168213,68977,68987,10
13.0297002792,80.2666931152,68987,68998,11
13.0302200317,80.2667388916,68998,69008,10
13.0306196213,80.2668075562,69008,69018,10
13.0309000015,80.2668380737,69018,69028,10
13.031370163,80.267036438,69028,69038,10
13.0318803787,80.2672195435,69038,69048,10
13.0322799683,80.2674102783,69048,69058,10
13.032500267,80.267539978,69058,69068,10
13.0328598022,80.2677764893,69068,69078,10
13.0337600708,80.2679595947,69078,69119,41
13.0337600708,80.2679595947,69119,69129,10
13.033949852,80.2679901123,69129,69139,10
13.034239769,80.2680282593,69139,69149,10
13.0345201492,80.2680435181,69149,69250,101
13.0345201492,80.2680435181,69250,69260,10
13.0340795517,80.2680511475,69260,69270,10
13.033829689,80.2679824829,69270,69280,10
13.0334300995,80.267906189,69280,69351,71
13.0334300995,80.267906189,69351,69361,10
13.0332803726,80.2678375244,69361,69371,10
13.0329504013,80.267791748,69371,69381,10
13.0328798294,80.2677993774,69381,69391,10
13.0326900482,80.2677307129,69391,69401,10
13.0324602127,80.2675323486,69401,69412,11
13.0320596695,80.2673187256,69412,69422,10
13.0315999985,80.2671279907,69422,69432,10
13.0311803818,80.266960144,69432,69442,10
13.0306797028,80.2668228149,69442,69452,10
13.0303297043,80.2667770386,69452,69462,10
13.0298595428,80.2667007446,69462,69472,10
13.0298099518,80.2667007446,69472,69482,10
13.0296697617,80.2666778564,69482,69492,10
13.0293102264,80.2665863037,69492,69502,10
13.028960228,80.2664337158,69502,69513,11
13.0284204483,80.2663574219,69513,69523,10
13.0279197693,80.266242981,69523,69533,10
13.0273199081,80.2661590576,69533,69543,10
13.026550293,80.2660827637,69543,69684,141
13.026550293,80.2660827637,69684,69694,10
13.0261898041,80.2659988403,69694,69704,10
13.0259504318,80.2658691406,69704,69715,11
13.0256004333,80.2656478882,69715,69725,10
13.0252103806,80.265411377,69725,69735,10
13.0251998901,80.2654037476,69735,69745,10
13.0251302719,80.2653579712,69745,69755,10
13.0248203278,80.2651062012,69755,69765,10
13.0244998932,80.2648620605,69765,69775,10
13.0240297318,80.2645263672,69775,69785,10
13.0235996246,80.2642822266,69785,69795,10
13.0230398178,80.2639923096,69795,69805,10
13.02202034,80.2634277344,69805,69826,21
13.02202034,80.2634277344,69826,69836,10
13.0218896866,80.2633666992,69836,69846,10
13.0214996338,80.2631988525,69846,69856,10
13.0207796097,80.2630996704,69856,69866,10
13.0202703476,80.2630767822,69866,69876,10
13.0198698044,80.2630310059,69876,69886,10
13.0192604065,80.2629470825,69886,69896,10
13.0189304352,80.2626800537,69896,69906,10
13.0187997818,80.2619628906,69906,69917,11
13.0187597275,80.2616271973,69917,69927,10
13.0187397003,80.2614974976,69927,69937,10
13.0185604095,80.2613067627,69937,69947,10
13.0182800293,80.2611236572,69947,69957,10
13.0179796219,80.2609481812,69957,69967,10
13.0176095963,80.2606964111,69967,69977,10
13.0171003342,80.2603378296,69977,69987,10
13.0164403915,80.2599563599,69987,69997,10
13.0159797668,80.259727478,69997,70007,10
13.0159797668,80.2597198486,70007,70018,11
13.0157604218,80.2595825195,70018,70028,10
13.0152101517,80.2593994141,70028,70038,10
13.0144395828,80.2593231201,70038,70048,10
13.0135202408,80.2592697144,70048,70058,10
13.0124902725,80.2592315674,70058,70068,10
13.0114898682,80.2592086792,70068,70078,10
13.0106801987,80.2592163086,70078,70088,10
13.0098104477,80.2592391968,70088,70098,10
13.0093803406,80.2592391968,70098,70108,10
13.0092401505,80.2592391968,70108,70119,11
13.0087404251,80.2592163086,70119,70129,10
13.0082998276,80.2592086792,70129,70139,10
13.0076198578,80.2594223022,70139,70149,10
13.0072202682,80.2591629028,70149,70159,10
13.0071296692,80.2588119507,70159,70169,10
13.0071201324,80.258682251,70169,70179,10
13.0068902969,80.2582778931,70179,70189,10
13.006480217,80.2576599121,70189,70290,101
13.006480217,80.2576599121,70290,70300,10
13.0066003799,80.2574615479,70300,70310,10
13.0066003799,80.2571182251,70310,70321,11
13.0065202713,80.2564926147,70321,70331,10
13.0064897537,80.2555999756,70331,70341,10
13.0065202713,80.2547988892,70341,70351,10
13.0065002441,80.2539672852,70351,70361,10
13.0064601898,80.2533035278,70361,70371,10
13.0064496994,80.2532196045,70371,70381,10
13.0064601898,80.2530822754,70381,70411,30
13.0064601898,80.2530822754,70411,70421,10
13.0064897537,80.2527770996,70421,70432,11
13.0065002441,80.252456665,70432,70502,70
13.0065002441,80.252456665,70502,70512,10
13.0065402985,80.2523193359,70512,70522,10
13.0065898895,80.2520065308,70522,70533,11
13.0067100525,80.2515335083,70533,70543,10
13.0066995621,80.2502365112,70543,70654,111
13.0066995621,80.2502365112,70654,70664,10
13.0067195892,80.2497329712,70664,70674,10
13.0066900253,80.2493515015,70674,70684,10
13.006649971,80.2489700317,70684,70694,10
13.0066003799,80.2484512329,70694,70745,51
13.0066003799,80.2484512329,70745,70755,10
13.0066003799,80.2480392456,70755,70765,10
13.0065803528,80.2475891113,70765,70775,10
13.0066003799,80.2470169067,70775,70785,10
13.0065402985,80.2466201782,70785,70795,10
13.0065603256,80.2465362549,70795,70805,10
13.0065803528,80.2464370728,70805,70815,10
13.0065698624,80.2461013794,70815,70825,10
13.0065603256,80.2460174561,70825,70836,11
13.0065803528,80.2457885742,70836,70846,10
13.0065803528,80.2456436157,70846,70856,10
13.0066003799,80.2454681396,70856,70866,10
13.0066099167,80.2453384399,70866,70876,10
13.0066099167,80.2452392578,70876,70886,10
13.0066204071,80.2450408936,70886,70896,10
13.0066003799,80.2448272705,70896,70906,10
13.0066003799,80.2445526123,70906,70916,10
13.0066404343,80.2442626953,70916,70926,10
13.0066204071,80.2439804077,70926,70937,11
13.0066099167,80.2436065674,70937,70947,10
13.0065803528,80.2432022095,70947,70957,10
13.0065603256,80.242477417,70957,70967,10
13.0065603256,80.241569519,70967,70977,10
13.0066003799,80.2409133911,70977,70987,10
13.0066003799,80.2408905029,70987,70997,10
13.0066795349,80.2405090332,70997,71007,10
13.0068397522,80.2398376465,71007,71017,10
13.0069904327,80.2389297485,71017,71027,10
13.0071401596,80.2381362915,71027,71038,11
13.0072402954,80.237739563,71038,71048,10
13.0073404312,80.237197876,71048,71058,10
13.007399559,80.2367019653,71058,71078,20
13.007399559,80.2367019653,71078,71088,10
13.0074501038,80.2365570068,71088,71098,10
13.0075798035,80.2360687256,71098,71108,10
13.0077199936,80.2353363037,71108,71118,10
13.0079097748,80.2344512939,71118,71128,10
13.0081195831,80.2334136963,71128,71139,11
13.0083198547,80.2322387695,71139,71149,10
13.0084199905,80.2315673828,71149,71159,10
13.0084400177,80.2314834595,71159,71169,10
13.008480072,80.231262207,71169,71179,10
13.0085601807,80.2308502197,71179,71189,10
13.0086402893,80.2303466797,71189,71199,10
13.0087299347,80.2299423218,71199,71209,10
13.0087995529,80.2296066284,71209,71219,10
13.0088396072,80.2294006348,71219,71229,10
13.0088796616,80.2292404175,71229,71240,11
13.0089197159,80.229057312,71240,71250,10
13.0089597702,80.2288894653,71250,71260,10
13.0090303421,80.2286300659,71260,71270,10
13.0090904236,80.2283477783,71270,71280,10
13.009180069,80.2280578613,71280,71300,20
13.009180069,80.2280578613,71300,71310,10
13.0092496872,80.2278823853,71310,71320,10
13.0093803406,80.2275466919,71320,71330,10
13.0095596313,80.227142334,71330,71341,11
13.0096998215,80.2268066406,71341,71351,10
13.0098896027,80.2264099121,71351,71371,20
13.0098896027,80.2264099121,71371,71381,10
13.0099601746,80.2262878418,71381,71391,10
13.0101003647,80.2259292603,71391,71401,10
13.0102701187,80.2255630493,71401,71411,10
13.0103797913,80.2253189087,71411,71421,10
13.0105304718,80.2250595093,71421,71431,10
13.0106601715,80.224822998,71431,71441,10
13.0108098984,80.2244796753,71441,71452,11
13.0108699799,80.2243270874,71452,71462,10
13.0109996796,80.224029541,71462,71482,20
13.0109996796,80.224029541,71482,71492,10
13.0110902786,80.2237091064,71492,71502,10
13.0112800598,80.2232818604,71502,71512,10
13.0115499496,80.2227783203,71512,71522,10
13.0118198395,80.2220077515,71522,71532,10
13.0120897293,80.2215270996,71532,71542,10
13.0123796463,80.2216415405,71542,71553,11
13.0128297806,80.2222137451,71553,71563,10
13.0133600235,80.2228088379,71563,71573,10
13.0139703751,80.2234573364,71573,71583,10
13.0144395828,80.2241210938,71583,71593,10
13.0148496628,80.2245178223,71593,71603,10
13.0151796341,80.2248382568,71603,71623,20
13.0151796341,80.2248382568,71623,71633,10
13.0153303146,80.2249984741,71633,71643,10
13.0155601501,80.2251281738,71643,71654,11
13.0160303116,80.2254180908,71654,71664,10
13.0168199539,80.2252807617,71664,71674,10
13.0177698135,80.2248916626,71674,71684,10
13.0188302994,80.2244796753,71684,71694,10
13.0196895599,80.2245864868,71694,71714,20
13.0196895599,80.2245864868,71714,71724,10
13.0198202133,80.2246780396,71724,71734,10
13.0202598572,80.2250137329,71734,71744,10
13.0209302902,80.2254714966,71744,71755,11
13.0217504501,80.2260513306,71755,71765,10
13.02202034,80.2262496948,71765,71775,10
13.0221500397,80.2264099121,71775,71785,10
13.0225896835,80.2268218994,71785,71795,10
13.0232696533,80.227432251,71795,71805,10
13.0238599777,80.2279968262,71805,71815,10
13.0242595673,80.2284393311,71815,71825,10
13.0246400833,80.2289505005,71825,71835,10
13.0250701904,80.2295608521,71835,71845,10
13.0255804062,80.2302703857,71845,71856,11
13.0258998871,80.2309112549,71856,71866,10
13.0259599686,80.2311935425,71866,71876,10
13.026260376,80.2313766479,71876,71886,10
13.0269002914,80.2312011719,71886,71896,10
13.0272598267,80.2311019897,71896,71946,50
13.0272598267,80.2311019897,71946,71957,11
13.0275001526,80.2310714722,71957,71967,10
13.027680397,80.2310180664,71967,71987,20
13.027680397,80.2310180664,71987,71997,10
13.0279998779,80.2309799194,71997,72068,71
13.0279998779,80.2309799194,72068,72078,10
13.0283603668,80.2309799194,72078,72088,10
13.0286397934,80.2309417725,72088,72098,10
13.0289001465,80.2309036255,72098,72108,10
13.0291795731,80.2308731079,72108,72118,10
13.0294599533,80.2308273315,72118,72128,10
13.0297603607,80.230796814,72128,72138,10
13.0301799774,80.2307815552,72138,72148,10
13.0305204391,80.2307510376,72148,72159,11
13.0308103561,80.2307434082,72159,72169,10
13.0311203003,80.2306976318,72169,72179,10
13.031539917,80.2306976318,72179,72189,10
13.0318698883,80.230682373,72189,72199,10
13.0324001312,80.2306213379,72199,72209,10
13.0331401825,80.2305603027,72209,72229,20
13.0331401825,80.2305603027,72229,72239,10
13.033249855,80.2305221558,72239,72249,10
13.0336503983,80.2304763794,72249,72320,71
13.0336503983,80.2304763794,72320,72330,10
13.0340204239,80.2304382324,72330,72340,10
13.0343799591,80.2304000854,72340,72350,10
13.0345401764,80.2303619385,72350,72361,11
13.0347900391,80.2302703857,72361,72371,10
13.0348300934,80.2300720215,72371,72381,10
13.0345697403,80.2300796509,72381,72391,10
13.0341997147,80.2301635742,72391,72926,535
13.0341997147,80.2301635742,72926,72936,10
13.0340900421,80.2303009033,72936,72987,51
13.0340900421,80.2303009033,72987,72997,10
13.034070015,80.2304077148,72997,73007,10
13.0340595245,80.2304992676,73007,73017,10
13.033829689,80.23046875,73017,73027,10
13.0337200165,80.2304611206,73027,73037,10
13.0336503983,80.2304382324,73037,73047,10
13.0333795547,80.2304763794,73047,73057,10
13.0328798294,80.2305221558,73057,73067,10
13.0322799683,80.2305908203,73067,73078,11
13.0311803818,80.23072052,73078,73128,50
13.0311803818,80.23072052,73128,73138,10
13.0309495926,80.2307662964,73138,73148,10
13.0307397842,80.2307815552,73148,73158,10
13.0304899216,80.230796814,73158,73168,10
13.029999733,80.2308502197,73168,73199,31
13.029999733,80.2308502197,73199,73209,10
13.0296602249,80.2308578491,73209,73219,10
13.0292301178,80.2309112549,73219,73229,10
13.0286798477,80.2309570313,73229,73239,10
13.0281295776,80.2310180664,73239,73249,10
13.0277395248,80.2310562134,73249,73259,10
13.0276403427,80.2314224243,73259,73269,10
13.0277099609,80.2320098877,73269,73280,11
13.0278196335,80.2326202393,73280,73290,10
13.0276498795,80.2328796387,73290,73300,10
13.0272197723,80.2329330444,73300,73310,10
13.0270299911,80.2329788208,73310,73320,10
13.02684021,80.2329864502,73320,73330,10
13.0265302658,80.233001709,73330,73340,10
13.0262699127,80.2325363159,73340,73350,10
13.0260696411,80.231880188,73350,73360,10
13.0258998871,80.2312774658,73360,73370,10
13.0255804062,80.2304382324,73370,73381,11
13.0248003006,80.2294006348,73381,73401,20
13.0248003006,80.2294006348,73401,73411,10
13.0246400833,80.2291793823,73411,73421,10
13.0243501663,80.2288208008,73421,73431,10
13.0241098404,80.2285308838,73431,73440,9
13.0240898132,80.2285232544,73440,73451,11
13.0239295959,80.2283325195,73451,73461,10
13.0238599777,80.2282409668,73461,73471,10
13.0236797333,80.2279586792,73471,73481,10
13.0232696533,80.2275238037,73481,73492,11
13.0225801468,80.2268829346,73492,73502,10
13.0218000412,80.2262268066,73502,73512,10
13.021109581,80.2257003784,73512,73522,10
13.0205001831,80.2252578735,73522,73532,10
13.0198698044,80.2248306274,73532,73542,10
13.0191402435,80.2245101929,73542,73552,10
13.0183000565,80.2247314453,73552,73562,10
13.0174198151,80.2250976563,73562,73572,10
13.0166702271,80.2254104614,73572,73582,10
13.0163202286,80.2255401611,73582,73593,11
13.0159397125,80.2256622314,73593,73603,10
13.0153999329,80.2258605957,73603,73613,10
13.0148897171,80.2260971069,73613,73623,10
13.0146398544,80.2262191772,73623,73633,10
13.0144796371,80.2262496948,73633,73643,10
13.0143404007,80.2263031006,73643,73653,10
13.014289856,80.2263336182,73653,73663,10
13.013999939,80.2264328003,73663,73673,10
13.0135097504,80.2266082764,73673,73683,10
13.0127096176,80.2269363403,73683,73694,11
13.0115995407,80.2273788452,73694,73704,10
13.0104999542,80.2278137207,73704,73714,10
13.009469986,80.2282333374,73714,73724,10
13.0090198517,80.2289581299,73724,73734,10
13.0088195801,80.2299575806,73734,73744,10
13.0086202621,80.2309799194,73744,73754,10
13.0084199905,80.2319793701,73754,73764,10
13.0082798004,80.2329101563,73764,73774,10
13.0081996918,80.2335891724,73774,73784,10
13.0081796646,80.2336425781,73784,73795,11
13.0081396103,80.2337799072,73795,73805,10
13.0080299377,80.2342834473,73805,73815,10
13.007900238,80.2348403931,73815,73825,10
13.0078496933,80.2350692749,73825,73835,10
13.0077295303,80.2356872559,73835,73845,10
13.0075597763,80.236579895,73845,73855,10
13.007399559,80.2374420166,73855,73864,9
13.0072603226,80.2381515503,73864,73875,11
13.0071001053,80.2390823364,73875,73885,10
13.0069904327,80.2398376465,73885,73896,11
13.0068902969,80.2405166626,73896,73906,10
13.0068101883,80.2409133911,73906,73916,10
13.006819725,80.2409973145,73916,73926,10
13.0067300797,80.2414779663,73926,73936,10
13.0067100525,80.2421798706,73936,73946,10
13.0066995621,80.2428131104,73946,73956,10
13.0066795349,80.2434082031,73956,73966,10
13.006649971,80.2441101074,73966,73976,10
13.0066204071,80.2449264526,73976,73986,10
13.0066299438,80.2455062866,73986,73997,11
13.0066795349,80.2460479736,73997,74007,10
13.0066795349,80.2462768555,74007,74027,20
13.0066795349,80.2462768555,74027,74037,10
13.0066900253,80.2465209961,74037,74047,10
13.0066900253,80.2468109131,74047,74057,10
13.0066900253,80.2473602295,74057,74067,10
13.0066795349,80.2480697632,74067,74077,10
13.0067195892,80.248878479,74077,74087,10
13.0068101883,80.2493515015,74087,74098,11
13.006819725,80.2493972778,74098,74108,10
13.006819725,80.2494888306,74108,74118,10
13.0067901611,80.2500228882,74118,74138,20
13.0067901611,80.2500228882,74138,74148,10
13.0067596436,80.2503814697,74148,74158,10
13.0067996979,80.2510528564,74158,74168,10
13.0067501068,80.251701355,74168,74178,10
13.0066003799,80.2523117065,74178,74188,10
13.0065402985,80.2530899048,74188,74199,11
13.0065402985,80.2540817261,74199,74209,10
13.0065803528,80.2548522949,74209,74219,10
13.0066003799,80.2555999756,74219,74229,10
13.0066299438,80.2564315796,74229,74239,10
13.0066699982,80.2573165894,74239,74320,81
13.0066699982,80.2573165894,74320,74330,10
13.0067100525,80.2574081421,74330,74340,10
13.0068502426,80.2579116821,74340,74350,10
13.0072498322,80.2584762573,74350,74360,10
13.0076999664,80.2587203979,74360,74370,10
13.0077104568,80.2587203979,74370,74380,10
13.0079097748,80.2588424683,74380,74390,10
13.0084199905,80.2590408325,74390,74401,11
13.009059906,80.2591400146,74401,74411,10
13.0098800659,80.259147644,74411,74421,10
13.0108995438,80.2591629028,74421,74431,10
13.0119104385,80.259147644,74431,74441,10
13.0129299164,80.2591781616,74441,74451,10
13.013999939,80.2592163086,74451,74461,10
13.0150604248,80.259262085,74461,74471,10
13.0159797668,80.2594833374,74471,74481,10
13.0164899826,80.2597808838,74481,74491,10
13.0164899826,80.2597885132,74491,74501,10
13.0165195465,80.2598419189,74501,74512,11
13.0168600082,80.2601013184,74512,74522,10
13.0173997879,80.2604675293,74522,74532,10
13.0179796219,80.2608718872,74532,74542,10
13.0186004639,80.2612991333,74542,74552,10
13.0191402435,80.2617721558,74552,74562,10
13.0197200775,80.2623291016,74562,74572,10
13.0201597214,80.2626800537,74572,74582,10
13.0201702118,80.2626876831,74582,74592,10
13.0203399658,80.2627868652,74592,74602,10
13.0208902359,80.2629776001,74602,74613,11
13.0216798782,80.2632598877,74613,74623,10
13.0220499039,80.2634506226,74623,74633,10
13.022359848,80.2636108398,74633,74643,10
13.0227203369,80.2638168335,74643,74653,10
13.0228700638,80.263961792,74653,74663,10
13.0229501724,80.2639923096,74663,74673,10
13.0233802795,80.2641906738,74673,74683,10
13.0239295959,80.2644577026,74683,74693,10
13.0243902206,80.2647628784,74693,74703,10
13.0248403549,80.2650985718,74703,74714,11
13.0252599716,80.2654037476,74714,74724,10
13.0257396698,80.2657089233,74724,74734,10
13.0261602402,80.2659301758,74734,74744,10
13.0263004303,80.2657394409,74744,74754,10
13.0263395309,80.2651672363,74754,74764,10
13.0264196396,80.264503479,74764,74774,10
13.0264902115,80.2639694214,74774,74784,10
13.0264997482,80.2639389038,74784,74794,10
13.0265302658,80.2637710571,74794,74804,10
13.0265703201,80.2634811401,74804,74815,11
13.0270204544,80.2635192871,74815,74825,10
13.0276002884,80.2636184692,74825,74835,10
13.0282001495,80.2638015747,74835,74845,10
13.0287399292,80.2639389038,74845,74855,10
13.0291795731,80.2640686035,74855,74865,10
13.0292701721,80.2643966675,74865,74875,10
13.0292797089,80.2649765015,74875,74885,10
13.0292701721,80.2656478882,74885,74895,10
13.0292396545,80.2660369873,74895,74905,10
13.0292196274,80.2661209106,74905,74916,11
13.0291795731,80.2665405273,74916,74926,10
13.0295295715,80.2666397095,74926,74936,10
13.0299396515,80.2667007446,74936,74946,10
13.0304203033,80.266746521,74946,74956,10
13.0310001373,80.2668685913,74956,74965,9
13.0314903259,80.2670288086,74965,74976,11
13.0320396423,80.2673034668,74976,74986,10
13.0324296951,80.2674865723,74986,74996,10
13.0326795578,80.2677001953,74996,75006,10
13.0331096649,80.2678222656,75006,75017,11
13.0335197449,80.2678985596,75017,75027,10
13.0338001251,80.2679595947,75027,75047,20
13.0338001251,80.2679595947,75047,75057,10
13.0344696045,80.2680435181,75057,75148,91
13.0344696045,80.2680435181,75148,75158,10
13.0342702866,80.2680969238,75158,75168,10
13.0340204239,80.2680511475,75168,75178,10
13.0338096619,80.2679977417,75178,75188,10
13.0335597992,80.2679824829,75188,75198,10
13.0332803726,80.2679290771,75198,75491,293
13.0332803726,80.2679290771,75491,75501,10
13.0331001282,80.2677230835,75501,75511,10
13.032699585,80.2676773071,75511,75522,11
13.0324497223,80.2675094604,75522,75532,10
13.0320396423,80.2673416138,75532,75542,10
13.0315999985,80.2671737671,75542,75552,10
13.0310697556,80.2670288086,75552,75562,10
13.0305700302,80.2668991089,75562,75572,10
13.0301799774,80.2667770386,75572,75582,10
13.0297498703,80.2667236328,75582,75592,10
13.0297403336,80.2667236328,75592,75602,10
13.0294399261,80.2666625977,75602,75612,10
13.0291204453,80.2665100098,75612,75622,10
13.0286397934,80.2664031982,75622,75633,11
13.0280399323,80.2662811279,75633,75643,10
13.0274295807,80.266242981,75643,75653,10
13.026889801,80.2661514282,75653,75663,10
13.0263500214,80.2660675049,75663,75693,30
13.0263500214,80.2660675049,75693,75703,10
13.0261602402,80.2660598755,75703,75713,10
13.0258998871,80.26587677,75713,75723,10
13.0252799988,80.2654876709,75723,75744,21
13.0252799988,80.2654876709,75744,75754,10
13.0250501633,80.2652893066,75754,75764,10
13.0247602463,80.2650222778,75764,75774,10
13.0243797302,80.2647628784,75774,75784,10
13.0238199234,80.2644271851,75784,75794,10
13.0232496262,80.2640991211,75794,75804,10
13.0226898193,80.2638092041,75804,75814,10
13.0222902298,80.2636032104,75814,75824,10
13.0221004486,80.2635269165,75824,75835,11
13.0219898224,80.2634429932,75835,75845,10
13.0217199326,80.2633209229,75845,75855,10
13.0210399628,80.2631378174,75855,75865,10
13.0203399658,80.2631072998,75865,75875,10
13.0199804306,80.2630767822,75875,75885,10
13.0193395615,80.2630081177,75885,75895,10
13.0189304352,80.2629013062,75895,75905,10
13.0188102722,80.262260437,75905,75915,10
13.0186595917,80.2615127563,75915,75925,10
13.018119812,80.2610397339,75925,75936,11
13.0172700882,80.2604598999,75936,75946,10
13.0163803101,80.2599029541,75946,75956,10
13.0159397125,80.2597122192,75956,75966,10
13.015879631,80.2596817017,75966,75976,10
13.01541996,80.2594985962,75976,75986,10
13.0146398544,80.2593612671,75986,75996,10
13.0136499405,80.2593231201,75996,76006,10
13.0124597549,80.2592697144,76006,76016,10
13.0113697052,80.2592315674,76016,76026,10
13.0104999542,80.2592468262,76026,76037,11
13.0095796585,80.259262085,76037,76047,10
13.0088596344,80.2592315674,76047,76057,10
13.0085897446,80.259262085,76057,76067,10
13.0080404282,80.2592468262,76067,76077,10
13.0074195862,80.2593765259,76077,76087,10
13.0071697235,80.2589187622,76087,76097,10
13.0071697235,80.2588806152,76097,76107,10
13.0070695877,80.2586212158,76107,76117,10
13.0068101883,80.2582168579,76117,76127,10
13.0065202713,80.2577972412,76127,76138,11
13.006529808,80.2576599121,76138,76168,30
13.006529808,80.2576599121,76168,76178,10
13.0064096451,80.2576370239,76178,76188,10
13.006360054,80.2572402954,76188,76198,10
13.0063199997,80.2566833496,76198,76208,10
13.0063695908,80.255859375,76208,76218,10
13.0064296722,80.2551193237,76218,76228,10
13.0064401627,80.254447937,76228,76239,11
13.0064296722,80.253288269,76239,76259,20
13.0064296722,80.253288269,76259,76269,10
13.0064201355,80.2530136108,76269,76279,10
13.0064897537,80.2521820068,76279,76340,61
13.0064897537,80.2521820068,76340,76350,10
13.0063800812,80.2522201538,76350,76360,10
13.0064401627,80.2518768311,76360,76370,10
13.0065498352,80.2512435913,76370,76380,10
13.0065803528,80.2503433228,76380,76390,10
13.0065698624,80.2496414185,76390,76400,10
13.0065803528,80.2496185303,76400,76410,10
13.0065803528,80.2495193481,76410,76420,10
13.0065698624,80.2490921021,76420,76430,10
13.006529808,80.2481994629,76430,76461,31
13.006529808,80.2481994629,76461,76471,10
13.0065498352,80.2480316162,76471,76481,10
13.006529808,80.2477035522,76481,76491,10
13.006529808,80.2471313477,76491,76501,10
13.0064897537,80.2467727661,76501,76511,10
13.0064697266,80.2466125488,76511,76521,10
13.0065002441,80.2464828491,76521,76531,10
13.0065202713,80.2459716797,76531,76542,11
13.0065002441,80.2452011108,76542,76552,10
13.0065002441,80.2444610596,76552,76562,10
13.0064897537,80.2438583374,76562,76572,10
13.0064601898,80.2433776855,76572,76582,10
13.0064401627,80.2426834106,76582,76592,10
13.0064401627,80.2417678833,76592,76602,10
13.0065097809,80.2409973145,76602,76612,10
13.0065402985,80.2406463623,76612,76622,10
13.0066003799,80.2402801514,76622,76632,10
13.0068101883,80.2395935059,76632,76642,10
13.0069799423,80.2386627197,76642,76653,11
13.007109642,80.2379837036,76653,76663,10
13.0072402954,80.2373580933,76663,76673,10
13.0072698593,80.237121582,76673,76683,10
13.0072698593,80.2370834351,76683,76693,10
13.0072803497,80.2368774414,76693,76703,10
13.0073003769,80.2367706299,76703,76713,10
13.0073795319,80.2365036011,76713,76723,10
13.007519722,80.2359008789,76723,76733,10
13.0076799393,80.2350997925,76733,76743,10
13.0078802109,80.2341690063,76743,76754,11
13.0081100464,80.2330322266,76754,76764,10
13.0083198547,80.2319717407,76764,76774,10
13.0085296631,80.2308578491,76774,76784,10
13.0087604523,80.2297134399,76784,76794,10
13.0089597702,80.2286911011,76794,76804,10
13.0092601776,80.2277984619,76804,76814,10
13.0096597672,80.2268676758,76814,76824,10
13.0100603104,80.2260131836,76824,76834,10
13.0104598999,80.225151062,76834,76844,10
13.010840416,80.224281311,76844,76855,11
13.0112600327,80.2232971191,76855,76865,10
13.0115995407,80.2223815918,76865,76874,9
13.0118904114,80.2215881348,76874,76885,11
13.0122003555,80.2214584351,76885,76895,10
13.0124397278,80.2218017578,76895,76905,10
13.0129098892,80.2223815918,76905,76915,10
13.013469696,80.2229766846,76915,76925,10
13.0139503479,80.2235107422,76925,76935,10
13.0142803192,80.2238998413,76935,76945,10
13.0148000717,80.2244415283,76945,76956,11
13.0149803162,80.2246017456,76956,76966,10
13.0151395798,80.2247619629,76966,76976,10
13.0154800415,80.2250289917,76976,76986,10
13.0155000687,80.2250518799,76986,76996,10
13.0156602859,80.2251968384,76996,77006,10
13.016169548,80.2253799438,77006,77016,10
13.0169200897,80.225151062,77016,77026,10
13.0177497864,80.2248306274,77026,77036,10
13.0184803009,80.2245330811,77036,77046,10
13.0192804337,80.2244033813,77046,77057,11
13.0197095871,80.2245407104,77057,77077,20
13.0197095871,80.2245407104,77077,77087,10
13.0200395584,80.224822998,77087,77097,10
13.0206003189,80.225227356,77097,77107,10
13.0212402344,80.2257232666,77107,77117,10
13.021900177,80.2261734009,77117,77127,10
13.0219898224,80.2262420654,77127,77137,10
13.0222196579,80.2264633179,77137,77147,10
13.0226402283,80.2268371582,77147,77158,11
13.0232601166,80.2273864746,77158,77168,10
13.0237998962,80.227897644,77168,77178,10
13.0243196487,80.2285308838,77178,77188,10
13.0247497559,80.2291412354,77188,77198,10
13.0252399445,80.2297973633,77198,77208,10
13.0259199142,80.231010437,77208,77248,40
13.0259199142,80.231010437,77248,77259,11
13.0259895325,80.2312316895,77259,77269,10
13.0262098312,80.2314300537,77269,77279,10
13.0268001556,80.2312469482,77279,77289,10
13.0275497437,80.2310562134,77289,77299,10
13.0283403397,80.2309570313,77299,77309,10
13.0284996033,80.2309417725,77309,77319,10
13.0286798477,80.2309188843,77319,77329,10
13.0292701721,80.2308807373,77329,77339,10
13.0297603607,80.2308425903,77339,77349,10
13.0304203033,80.2307815552,77349,77360,11
13.0307197571,80.2307434082,77360,77370,10
13.0310897827,80.23072052,77370,77380,10
13.0316200256,80.230682373,77380,77390,10
13.0322904587,80.2306213379,77390,77400,10
13.0329999924,80.2305603027,77400,77410,10
13.0337095261,80.2304992676,77410,77420,10
13.0339202881,80.23046875,77420,77430,10
13.0341396332,80.2304382324,77430,77440,10
13.0345201492,80.2303771973,77440,77450,10
13.0349597931,80.2301177979,77450,77481,31
13.0349597931,80.2301177979,77481,77491,10
13.0349702835,80.2299118042,77491,77501,10
13.0347499847,80.2298278809,77501,77511,10
13.0344400406,80.2297973633,77511,77521,10
13.034239769,80.2298126221,77521,77531,10
13.0342102051,80.2298965454,77531,77541,10
13.034119606,80.2302017212,77541,78885,1344
13.0342102051,80.2304763794,78885,78965,80
13.0342102051,80.2304763794,78965,78975,10
13.0338096619,80.2305526733,78975,78986,11
13.0334997177,80.2305603027,78986,79006,20
13.0334997177,80.2305603027,79006,79016,10
13.0332403183,80.2305679321,79016,79026,10
13.0327596664,80.2305984497,79026,79036,10
13.0321598053,80.2306289673,79036,79046,10
13.0316295624,80.2306594849,79046,79056,10
13.0310201645,80.23072052,79056,79066,10
13.0307397842,80.2307281494,79066,79076,10
13.0303401947,80.2307662964,79076,79087,11
13.0298204422,80.2308273315,79087,79107,20
13.0298204422,80.2308273315,79107,79117,10
13.0294904709,80.2308807373,79117,79127,10
13.0289897919,80.2309188843,79127,79137,10
13.0284099579,80.23097229,79137,79147,10
13.027879715,80.231010437,79147,79157,10
13.0276899338,80.2312011719,79157,79167,10
13.0277299881,80.2317123413,79167,79177,10
13.0278196335,80.2322692871,79177,79188,11
13.0278902054,80.2327575684,79188,79198,10
13.0274896622,80.2328720093,79198,79208,10
13.0269098282,80.2329483032,79208,79258,50
13.0269098282,80.2329483032,79258,79268,10
13.0267801285,80.2329177856,79268,79278,10
13.0264797211,80.2329406738,79278,79289,11
13.026260376,80.2324371338,79289,79299,10
13.0260696411,80.2317428589,79299,79309,10
13.0259504318,80.2312927246,79309,79319,10
13.0257196426,80.2306289673,79319,79329,10
13.0252799988,80.2299804688,79329,79430,101
13.0252799988,80.2299804688,79430,79440,10
13.025179863,80.2298126221,79440,79450,10
13.0248403549,80.2293395996,79450,79460,10
13.0244102478,80.2287826538,79460,79470,10
13.0239801407,80.2282867432,79470,79490,20
13.0239801407,80.2282867432,79490,79501,11
13.0239095688,80.2281723022,79501,79511,10
13.0236597061,80.227897644,79511,79521,10
13.0233402252,80.2276000977,79521,79531,10
13.0230798721,80.2272872925,79531,79541,10
13.0226802826,80.2269134521,79541,79551,10
13.0221796036,80.2264709473,79551,79561,10
13.0217103958,80.2260818481,79561,79571,10
13.0213003159,80.2257766724,79571,79581,10
13.0208301544,80.2254180908,79581,79591,10
13.02023983,80.2250289917,79591,79602,11
13.0194597244,80.2245635986,79602,79612,10
13.0184803009,80.2246170044,79612,79622,10
13.0175104141,80.2250213623,79622,79632,10
13.0167398453,80.2253723145,79632,79642,10
13.015879631,80.2257232666,79642,79652,10
13.0150699615,80.2260437012,79652,79662,10
13.0142402649,80.2263717651,79662,79682,20
13.0142402649,80.2263717651,79682,79692,10
13.0139198303,80.2264785767,79692,79703,11
13.0132799149,80.2267303467,79703,79713,10
13.0125303268,80.2270278931,79713,79723,10
13.0116100311,80.2274017334,79723,79733,10
13.0106201172,80.2277832031,79733,79743,10
13.0097198486,80.2281494141,79743,79753,10
13.0091199875,80.2286834717,79753,79763,10
13.0089197159,80.2296218872,79763,79773,10
13.0087203979,80.2306671143,79773,79783,10
13.0085096359,80.2316894531,79783,79793,10
13.0083599091,80.2325820923,79793,79804,11
13.0082597733,80.2333526611,79804,79814,10
13.0082302094,80.233581543,79814,79824,10
13.0081501007,80.2337875366,79824,79834,10
13.0080604553,80.2342834473,79834,79844,10
13.0079402924,80.2348098755,79844,79854,10
13.0078296661,80.2353820801,79854,79864,10
13.0076704025,80.2361221313,79864,79874,10
13.0075302124,80.236907959,79874,79884,10
13.0073604584,80.2377624512,79884,79894,10
13.0072097778,80.2386016846,79894,79905,11
13.0070199966,80.2395019531,79905,79915,10
13.006939888,80.2400588989,79915,79965,50
13.006939888,80.2400588989,79965,79975,10
13.0069198608,80.240272522,79975,79985,10
13.0068702698,80.2407073975,79985,79995,10
13.0068397522,80.2407989502,79995,80006,11
13.0067501068,80.2411880493,80006,80016,10
13.0067100525,80.2419586182,80016,80026,10
13.0066900253,80.2427825928,80026,80036,10
13.0066604614,80.2433319092,80036,80046,10
13.006649971,80.2440185547,80046,80056,10
13.0066699982,80.2449417114,80056,80066,10
13.0066995621,80.2457809448,80066,80076,10
13.0067100525,80.2462387085,80076,80086,10
13.0067195892,80.2465515137,80086,80096,10
13.0067195892,80.2467803955,80096,80107,11
13.0067195892,80.2472991943,80107,80117,10
13.0067100525,80.248046875,80117,80127,10
13.006770134,80.2489395142,80127,80137,10
13.0068502426,80.2496185303,80137,80147,10
13.0068397522,80.2497024536,80147,80157,10
13.006819725,80.2501373291,80157,80167,10
13.006819725,80.2507171631,80167,80177,10
13.0068101883,80.2512588501,80177,80187,10
13.0068101883,80.2513275146,80187,80197,10
13.0068101883,80.251411438,80197,80208,11
13.0067100525,80.2518692017,80208,80218,10
13.0065498352,80.2526397705,80218,80228,10
13.0065498352,80.2536087036,80228,80238,10
13.0065898895,80.2546615601,80238,80248,10
13.0066204071,80.2557067871,80248,80258,10
13.0066299438,80.2566833496,80258,80268,10
13.0067396164,80.2575683594,80268,80278,10
13.0076799393,80.2586669922,80278,80298,20
13.0076799393,80.2586669922,80298,80308,10
13.0077400208,80.2587280273,80308,80319,11
13.0082502365,80.2589569092,80319,80329,10
13.0088701248,80.2591171265,80329,80339,10
13.0096502304,80.2591171265,80339,80349,10
13.0106401443,80.2591171265,80349,80359,10
13.0116901398,80.2591094971,80359,80369,10
13.0128498077,80.2591400146,80369,80379,10
13.0140895844,80.2591781616,80379,80389,10
13.0152902603,80.2592391968,80389,80399,10
13.0162000656,80.259552002,80399,80409,10
13.0164003372,80.2596969604,80409,80420,11
13.0164699554,80.2597808838,80420,80430,10
13.0168895721,80.260093689,80430,80440,10
13.0174798965,80.2604980469,80440,80450,10
13.0181598663,80.2609634399,80450,80460,10
13.0188102722,80.2614517212,80460,80470,10
13.0194101334,80.2619781494,80470,80480,10
13.019900322,80.2624588013,80480,80490,10
13.0201396942,80.2626190186,80490,80500,10
13.020359993,80.2627716064,80500,80510,10
13.0209503174,80.2629623413,80510,80521,11
13.0216903687,80.2632217407,80521,80531,10
13.0220603943,80.2634124756,80531,80541,10
13.0224895477,80.263633728,80541,80551,10
13.0228595734,80.2638168335,80551,80561,10
13.0230903625,80.2639694214,80561,80571,10
13.0235395432,80.2642669678,80571,80581,10
13.0241298676,80.2645797729,80581,80591,10
13.0246801376,80.2649993896,80591,80601,10
13.0250797272,80.2653121948,80601,80611,10
13.0253896713,80.2655410767,80611,80622,11
13.0259799957,80.26587677,80622,80632,10
13.026260376,80.2658615112,80632,80642,10
13.0263299942,80.2654037476,80642,80652,10
13.0263900757,80.2649002075,80652,80662,10
13.0264701843,80.2643203735,80662,80672,10
13.0265102386,80.2641525269,80672,80682,10
13.0265703201,80.2636795044,80682,80692,10
13.0267601013,80.2634124756,80692,80702,10
13.0273103714,80.2635192871,80702,80712,10
13.0279598236,80.2637176514,80712,80723,11
13.0286798477,80.263999939,80723,80733,10
13.0291795731,80.2641220093,80733,80743,10
13.0292901993,80.2641372681,80743,80753,10
13.029299736,80.2644882202,80753,80763,10
13.029299736,80.2651596069,80763,80772,9
13.0292701721,80.2658233643,80772,80783,11
13.0292596817,80.2660522461,80783,80793,10
13.0292396545,80.26612854,80793,80803,10
13.0291996002,80.2664489746,80803,80813,10
13.0295600891,80.2666320801,80813,80824,11
13.030090332,80.2666778564,80824,80834,10
13.0307703018,80.2667922974,80834,80844,10
13.0312900543,80.2669372559,80844,80854,10
13.0319004059,80.2672424316,80854,80864,10
13.0323696136,80.2675170898,80864,80874,10
13.0327501297,80.2677612305,80874,80884,10
13.0333499908,80.2678909302,80884,80894,10
13.0338497162,80.2679519653,80894,80904,10
13.0338602066,80.2679367065,80904,80914,10
13.033949852,80.2679595947,80914,80925,11
13.0343198776,80.2680130005,80925,80935,10
13.0345401764,80.2680435181,80935,80945,10
13.0345697403,80.268119812,80945,80955,10
13.0344600677,80.2681732178,80955,80965,10
13.0343399048,80.2680282593,80965,80975,10
13.0339603424,80.2679595947,80975,80985,10
13.0335798264,80.2678833008,80985,80995,10
13.0333404541,80.2678375244,80995,81005,10
13.0330200195,80.2677764893,81005,81015,10
13.0328502655,80.2677612305,81015,81026,11
13.0326299667,80.2676315308,81026,81036,10
13.0323600769,80.2674179077,81036,81046,10
13.0318098068,80.2671890259,81046,81056,10
13.0312299728,80.2669830322,81056,81066,10
13.0305500031,80.2667999268,81066,81076,10
13.0298299789,80.2666778564,81076,81086,10
13.0292701721,80.2665863037,81086,81096,10
13.0290002823,80.2664337158,81096,81106,10
13.0284996033,80.2663269043,81106,81116,10
13.0279903412,80.266242981,81116,81127,11
13.0274000168,80.2661590576,81127,81137,10
13.0267601013,80.2660980225,81137,84055,2918
13.02643013,80.2659912109,84055,84590,535
13.02643013,80.2659912109,84590,84601,11
13.0264596939,80.265953064,84601,84611,10
13.0262002945,80.265953064,84611,84621,10
13.0262002945,80.2659606934,84621,84630,9
13.0261201859,80.2660522461,84630,84640,10
13.0261201859,80.2663497925,84640,84712,72
13.0261201859,80.2663497925,84712,84722,10
13.0262699127,80.2664413452,84722,85600,878
13.0262699127,80.2664413452,85600,85610,10
13.0263595581,80.2664413452,85610,85812,202
13.0264196396,80.2663269043,85812,85853,41
13.0264196396,80.2663269043,85853,85863,10
13.0264701843,80.2661437988,85863,85964,101
