13.098950386,80.2413330078,16,632,616
13.0991897583,80.2414016724,632,1046,414
13.0991897583,80.2414016724,1046,1056,10
13.0991802216,80.2412490845,1056,1268,212
13.0992898941,80.2413635254,1268,1833,565
13.0991296768,80.241317749,1833,8132,6299
13.0991296768,80.241317749,8132,8142,10
13.0992603302,80.241317749,8142,8263,121
13.0992202759,80.2412414551,8263,8374,111
13.0993003845,80.2412872314,8374,9932,1558
13.099149704,80.2412872314,9932,16130,6198
13.0993099213,80.2413711548,16130,16201,71
13.0992002487,80.2413024902,16201,17504,1303
13.0993003845,80.2413330078,17504,19401,1897
13.0993099213,80.2412872314,19401,19603,202
13.0992002487,80.241317749,19603,22228,2625
13.0992002487,80.241317749,22228,22238,10
13.0990600586,80.2412796021,22238,22258,20
13.0990600586,80.2412796021,22258,22269,11
13.0987596512,80.2411270142,22269,22279,10
13.0986404419,80.2411727905,22279,22289,10
13.0986499786,80.2414169312,22289,22299,10
13.0988302231,80.2416610718,22299,22319,20
13.0988302231,80.2416610718,22319,22329,10
13.0987596512,80.2418136597,22329,22339,10
13.0986795425,80.2421569824,22339,22349,10
13.0986099243,80.2423019409,22349,22359,10
13.0984296799,80.2423477173,22359,22369,10
13.0982198715,80.2423019409,22369,22913,544
13.0982198715,80.2423019409,22913,22923,10
13.0980997086,80.2422332764,22923,22933,10
13.0976400375,80.2421798706,22933,22943,10
13.0973997116,80.2421035767,22943,22953,10
13.0974998474,80.2416610718,22953,22963,10
13.0976295471,80.240852356,22963,22973,10
13.0977201462,80.2398071289,22973,22983,10
13.0977602005,80.239402771,22983,22993,10
13.0978002548,80.238822937,22993,23003,10
13.0979700089,80.2379837036,23003,23014,11
13.0981702805,80.2368164063,23014,23024,10
13.0983295441,80.2358703613,23024,23034,10
13.098400116,80.2354278564,23034,23044,10
13.0985002518,80.2348022461,23044,23054,10
13.0985803604,80.2339630127,23054,23064,10
13.0987195969,80.2330474854,23064,23074,10
13.098859787,80.2322769165,23074,23084,10
13.09897995,80.2318878174,23084,23094,10
13.099240303,80.2312774658,23094,23104,10
13.09953022,80.2306137085,23104,23114,10
13.099729538,80.229850769,23114,23125,11
13.0998697281,80.2290115356,23125,23135,10
13.1000003815,80.2282409668,23135,23145,10
13.1000795364,80.2273406982,23145,23155,10
13.1000099182,80.2263870239,23155,23171,16
13.0999202728,80.2253799438,23171,23183,12
13.0996999741,80.2244720459,23183,23193,10
13.0993995667,80.2237930298,23193,23203,10
13.0992298126,80.2235565186,23203,23213,10
13.0990495682,80.2233276367,23213,23223,10
13.098859787,80.2230834961,23223,23234,11
13.098739624,80.2225875854,23234,23244,10
13.0987901688,80.2217636108,23244,23254,10
13.0989198685,80.2208709717,23254,23264,10
13.0990495682,80.2201309204,23264,23274,10
13.0991601944,80.2195205688,23274,23284,10
13.0992002487,80.2193069458,23284,23294,10
13.0992803574,80.2188415527,23294,23304,10
13.0993900299,80.2181015015,23304,23314,10
13.0995502472,80.2173233032,23314,23323,9
13.0997600555,80.2166137695,23323,23335,12
13.0999202728,80.2158889771,23335,23345,10
13.100060463,80.2155532837,23345,23355,10
13.1002902985,80.2148208618,23355,23375,20
13.1002902985,80.2148208618,23375,23385,10
13.1002902985,80.2147216797,23385,23395,10
13.1001195908,80.2144927979,23395,23405,10
13.0998001099,80.2144012451,23405,23415,10
13.0992202759,80.2142333984,23415,23425,10
13.0985403061,80.214050293,23425,23435,10
13.0982398987,80.2146606445,23435,23446,11
13.0978002548,80.2156524658,23446,23456,10
13.0973997116,80.2166366577,23456,23466,10
13.0973396301,80.2167816162,23466,23476,10
13.0972499847,80.2170181274,23476,23486,10
13.0970602036,80.2174987793,23486,23496,10
13.0968198776,80.218170166,23496,23506,10
13.0965595245,80.2189025879,23506,23516,10
13.0963201523,80.2196578979,23516,23526,10
13.0960502625,80.2204284668,23526,23536,10
13.0958404541,80.2210388184,23536,23552,16
13.0956296921,80.2216186523,23552,23565,13
13.0953598022,80.222442627,23565,23575,10
13.095290184,80.2226104736,23575,23585,10
13.0950298309,80.2231903076,23585,23595,10
13.0945596695,80.2238998413,23595,23605,10
13.0938396454,80.2248687744,23605,23615,10
13.0930900574,80.2257003784,23615,23625,10
13.0922803879,80.2265167236,23625,23635,10
13.0914697647,80.2273406982,23635,23645,10
13.0911903381,80.2276763916,23645,23656,11
13.0911102295,80.2277526855,23656,23666,10
13.0907201767,80.2281494141,23666,23676,10
13.0901203156,80.2287979126,23676,23686,10
13.0894203186,80.2296600342,23686,23696,10
13.0891504288,80.2302093506,23696,23706,10
13.0888299942,80.2309112549,23706,23726,20
13.0888299942,80.2309112549,23726,23736,10
13.0887403488,80.2311172485,23736,23745,9
13.0885095596,80.2316665649,23745,23756,11
13.0882501602,80.2325363159,23756,23767,11
13.0880298615,80.233581543,23767,23777,10
13.0878896713,80.2343826294,23777,23787,10
13.0872001648,80.2345733643,23787,23797,10
13.0864601135,80.2344894409,23797,23807,10
13.0856704712,80.2343292236,23807,23817,10
13.0847997665,80.2341003418,23817,23827,10
13.0839996338,80.2339019775,23827,23837,10
13.0832901001,80.2337875366,23837,23847,10
13.0824203491,80.2335968018,23847,23868,21
13.0824203491,80.2335968018,23868,23878,10
13.0822200775,80.2335510254,23878,23888,10
13.0817499161,80.2335281372,23888,23898,10
13.0810499191,80.2334823608,23898,23908,10
13.0801496506,80.2334823608,23908,23918,10
13.0795602798,80.2334671021,23918,23928,10
13.0795297623,80.2334671021,23928,23938,10
13.0793399811,80.2334823608,23938,23948,10
13.0788402557,80.2334899902,23948,23958,10
13.0781002045,80.2335205078,23958,23969,11
13.0771303177,80.2336196899,23969,23979,10
13.0762195587,80.2338104248,23979,23989,10
13.075920105,80.2339019775,23989,23999,10
13.0758600235,80.2340927124,23999,24009,10
13.0759801865,80.2346572876,24009,24019,10
13.0761203766,80.2354431152,24019,24029,10
13.0762901306,80.2363815308,24029,24039,10
13.0764799118,80.2371673584,24039,24049,10
13.0764799118,80.2372817993,24049,24059,10
13.0765304565,80.2372970581,24059,24069,10
13.0766201019,80.2377090454,24069,24080,11
13.0766601563,80.2380371094,24080,24090,10
13.0767803192,80.2385787964,24090,24100,10
13.0769796371,80.2394104004,24100,24110,10
13.0771503448,80.2402572632,24110,24120,10
13.0771999359,80.2404632568,24120,24130,10
13.0772104263,80.2406082153,24130,24140,10
13.0767002106,80.2406005859,24140,24150,10
13.0761404037,80.2405090332,24150,24160,10
13.0758800507,80.2405014038,24160,24170,10
13.0753498077,80.2405014038,24170,24180,10
13.0746297836,80.2405090332,24180,24191,11
13.0738201141,80.2405700684,24191,24201,10
13.0729999542,80.2408218384,24201,24211,10
13.0720396042,80.2413101196,24211,24221,10
13.0710802078,80.2417602539,24221,24231,10
13.0702400208,80.2420196533,24231,24241,10
13.070110321,80.2420425415,24241,24251,10
13.0698299408,80.2421188354,24251,24261,10
13.0693702698,80.2422027588,24261,24302,41
13.0693702698,80.2422027588,24302,24312,10
13.0690803528,80.242401123,24312,24322,10
13.0684499741,80.2425689697,24322,24332,10
13.0676202774,80.2428207397,24332,24342,10
13.0667104721,80.2432327271,24342,24352,10
13.0661201477,80.2437820435,24352,24362,10
13.0662097931,80.2446289063,24362,24372,10
13.0663499832,80.2455596924,24372,24382,10
13.0670604706,80.2461395264,24382,24392,10
13.0677995682,80.2465133667,24392,24403,11
13.0678300858,80.2465667725,24403,24413,10
13.0678796768,80.2467269897,24413,24423,10
13.0679197311,80.2473373413,24423,24433,10
13.067700386,80.2478713989,24433,24443,10
13.0670099258,80.247833252,24443,24453,10
13.0661001205,80.2477722168,24453,24463,10
13.0649900436,80.2476806641,24463,24473,10
13.0638504028,80.2476119995,24473,24483,10
13.0627603531,80.2475585938,24483,24493,10
13.0617198944,80.247467041,24493,24503,10
13.0614004135,80.2469100952,24503,24514,11
13.0618495941,80.2462997437,24514,24524,10
13.0620603561,80.2453536987,24524,24540,16
13.0631799698,80.2443084717,24540,24552,12
13.0632600784,80.2442016602,24552,24562,10
13.0634002686,80.2438964844,24562,24572,10
13.0631103516,80.2434463501,24572,24582,10
13.0622997284,80.2432785034,24582,24592,10
13.0615797043,80.2431488037,24592,24602,10
13.0608997345,80.2429504395,24602,24613,11
13.0601100922,80.24269104,24613,24623,10
13.0593004227,80.2425003052,24623,24632,9
13.0587596893,80.2425765991,24632,24643,11
13.0586395264,80.2425994873,24643,24653,10
13.058139801,80.242729187,24653,24663,10
13.0573701859,80.2428131104,24663,24673,10
13.0566997528,80.2426834106,24673,24683,10
13.0559997559,80.2423400879,24683,24693,10
13.0550699234,80.2422866821,24693,24703,10
13.0544395447,80.2423324585,24703,24714,11
13.053730011,80.2421875,24714,24724,10
13.0535697937,80.2420883179,24724,24734,10
13.0532999039,80.2419509888,24734,24744,10
13.0532398224,80.2419281006,24744,24754,10
13.0531301498,80.2418670654,24754,24764,10
13.0526695251,80.2417068481,24764,24774,10
13.0522203445,80.2411422729,24774,24784,10
13.0520000458,80.2408065796,24784,24794,10
13.0516996384,80.2406768799,24794,24804,10
13.0513401031,80.2406005859,24804,24814,10
13.0512399673,80.2405700684,24814,24825,11
13.0507497787,80.2404937744,24825,24835,10
13.0501203537,80.2403564453,24835,24845,10
13.0498504639,80.2403030396,24845,24855,10
13.0494003296,80.240196228,24855,24865,10
13.0488300323,80.2400817871,24865,24875,10
13.0482397079,80.239982605,24875,24885,10
13.0474500656,80.2397994995,24885,24895,10
13.0466003418,80.239616394,24895,24905,10
13.0462303162,80.2393798828,24905,24915,10
13.0464200974,80.2387771606,24915,24926,11
13.0466604233,80.2377929688,24926,24936,10
13.0468502045,80.2368087769,24936,24946,10
13.0469703674,80.2362213135,24946,24956,10
13.0470695496,80.2358398438,24956,24966,10
13.0471000671,80.2355880737,24966,24976,10
13.0471601486,80.2350692749,24976,24986,10
13.0472698212,80.2342529297,24986,24996,10
13.0473604202,80.2334213257,24996,25006,10
13.0471897125,80.2330093384,25006,25016,10
13.0465097427,80.2328872681,25016,25026,10
13.0457000732,80.2327270508,25026,25037,11
13.04529953,80.2326431274,25037,25047,10
13.0450696945,80.2325668335,25047,25057,10
13.0444402695,80.2324371338,25057,25067,10
13.0435600281,80.2322998047,25067,25077,10
13.0427703857,80.2322769165,25077,25087,10
13.0420303345,80.2322692871,25087,25097,10
13.0411300659,80.2320632935,25097,25107,10
13.0400896072,80.2316970825,25107,25117,10
13.0389995575,80.2314224243,25117,25127,10
13.0379800797,80.2311172485,25127,25138,11
13.0370597839,80.2308197021,25138,25148,10
13.0367803574,80.2307510376,25148,25158,10
13.0362796783,80.2305908203,25158,25168,10
13.0355501175,80.2303390503,25168,25178,10
13.0350103378,80.2302703857,25178,25188,10
13.0346603394,80.2303009033,25188,25198,10
13.0342702866,80.2303924561,25198,25208,10
13.033829689,80.2304382324,25208,25218,10
13.0333995819,80.23046875,25218,25228,10
13.0333404541,80.2304382324,25228,25238,10
13.0329399109,80.2304763794,25238,25249,11
13.0321598053,80.2305603027,25249,25259,10
13.03125,80.2306365967,25259,25269,10
13.030579567,80.2306976318,25269,25279,10
13.02987957,80.2307815552,25279,25289,10
13.0296096802,80.2308197021,25289,25299,10
13.0290603638,80.2308731079,25299,25309,10
13.0283203125,80.2309417725,25309,25319,10
13.0277395248,80.231010437,25319,25329,10
13.0277004242,80.2313232422,25329,25339,10
13.0277700424,80.2320327759,25339,25348,9
13.027879715,80.232749939,25348,25360,12
13.0271100998,80.2329177856,25360,25370,10
13.0267696381,80.2329711914,25370,25380,10
13.0263900757,80.2327194214,25380,25390,10
13.0261497498,80.231918335,25390,25400,10
13.0258598328,80.2308273315,25400,25410,10
13.0252504349,80.2297592163,25410,25420,10
13.0245895386,80.2289276123,25420,25430,10
13.0240802765,80.2283401489,25430,25450,20
13.0240802765,80.2283401489,25450,25461,11
13.0239095688,80.2280578613,25461,25471,10
13.0235300064,80.2276611328,25471,25481,10
13.023150444,80.2272415161,25481,25491,10
13.0226602554,80.2267608643,25491,25501,10
13.0221204758,80.2262878418,25501,25511,10
13.0214595795,80.2257919312,25511,25521,10
13.0207796097,80.2252731323,25521,25537,16
13.0203104019,80.2249832153,25537,25549,12
13.0200500488,80.2248001099,25549,25557,8
13.0197496414,80.2246170044,25557,25570,13
13.0188102722,80.2244873047,25570,25580,10
13.0178403854,80.2248382568,25580,25590,10
13.0167999268,80.2252807617,25590,25600,10
13.0160999298,80.2255706787,25600,25608,8
13.0155601501,80.2257385254,25608,25620,12
13.0147600174,80.2260665894,25620,25630,10
13.0141296387,80.2263565063,25630,25640,10
13.0140399933,80.2263870239,25640,25650,10
13.0136203766,80.2265625,25650,25661,11
13.0127801895,80.2268676758,25661,25672,11
13.011639595,80.2273101807,25672,25682,10
13.0105695724,80.2277374268,25682,25692,10
13.0094900131,80.2282028198,25692,25702,10
13.0090303421,80.2292633057,25702,25712,10
13.008769989,80.2304611206,25712,25722,10
13.0085601807,80.2316818237,25722,25732,10
13.0083198547,80.2328796387,25732,25742,10
13.0082101822,80.2336730957,25742,25752,10
13.0081596375,80.233757019,25752,25762,10
13.0080604553,80.2342376709,25762,25773,11
13.007900238,80.2350234985,25773,25783,10
13.0076799393,80.2360610962,25783,25793,10
13.0074501038,80.237197876,25793,25803,10
13.0072402954,80.2384262085,25803,25813,10
13.0070295334,80.2395782471,25813,25823,10
13.0069198608,80.2401580811,25823,25843,20
13.0069198608,80.2401580811,25843,25853,10
13.0069103241,80.2405166626,25853,25863,10
13.0067901611,80.2412261963,25863,25873,10
13.0067501068,80.2422790527,25873,25884,11
13.0067195892,80.2434234619,25884,25894,10
13.0066995621,80.2444381714,25894,25904,10
13.0066900253,80.2454376221,25904,25914,10
13.0067396164,80.2463684082,25914,25954,40
13.0067396164,80.2463684082,25954,25964,10
13.0067195892,80.2465209961,25964,25974,10
13.0067396164,80.2467803955,25974,26065,91
13.0067396164,80.2467803955,26065,26075,10
13.0067501068,80.2472686768,26075,26085,10
13.0067195892,80.2479171753,26085,26096,11
13.0067996979,80.2490234375,26096,26106,10
13.0068702698,80.2496414185,26106,26116,10
13.0068798065,80.2497177124,26116,26126,10
13.0068397522,80.2501525879,26126,26136,10
13.0068302155,80.2509078979,26136,26146,10
13.0067501068,80.2516403198,26146,26156,10
13.0065603256,80.2525634766,26156,26166,10
13.0065498352,80.2536773682,26166,26176,10
13.0066003799,80.2547531128,26176,26186,10
13.0066003799,80.2549362183,26186,26196,10
13.0065803528,80.2554092407,26196,26207,11
13.0065898895,80.2562866211,26207,26217,10
13.0066299438,80.2570724487,26217,26227,10
13.0066204071,80.2571487427,26227,26237,10
13.0066404343,80.2572174072,26237,26247,10
13.0066404343,80.2573928833,26247,26257,10
13.0060796738,80.2574768066,26257,26267,10
13.0052900314,80.2573013306,26267,26277,10
13.0043802261,80.2570800781,26277,26287,10
13.0034103394,80.2568664551,26287,26297,10
13.0025701523,80.2567214966,26297,26308,11
13.0017595291,80.2565917969,26308,26318,10
13.0007095337,80.256439209,26318,26328,10
13.000169754,80.256362915,26328,26338,10
13.0000600815,80.2563095093,26338,26348,10
12.9997301102,80.2562637329,26348,26358,10
12.9996995926,80.2562637329,26358,26368,10
12.9995603561,80.2562103271,26368,26378,10
12.9991102219,80.2561264038,26378,26388,10
12.9984903336,80.2560424805,26388,26398,10
12.9978103638,80.2559509277,26398,26408,10
12.9973201752,80.255897522,26408,26419,11
12.9969501495,80.2560501099,26419,26429,10
12.9968795776,80.2565383911,26429,26439,10
12.9968395233,80.2568969727,26439,26455,16
12.9967298508,80.2578430176,26455,26467,12
12.9966096878,80.2590026855,26467,26475,8
12.9965295792,80.2597732544,26475,26487,12
12.9963998795,80.2608795166,26487,26497,10
12.996339798,80.2618179321,26497,26507,10
12.9962501526,80.2622833252,26507,26517,10
12.996219635,80.2623519897,26517,26527,10
12.9961500168,80.2628707886,26527,26538,11
12.9960803986,80.2637405396,26538,26547,9
12.9959802628,80.2646179199,26547,26558,11
12.9959497452,80.2650375366,26558,26568,10
12.9959096909,80.265411377,26568,26578,10
12.9958095551,80.266166687,26578,26588,10
12.9957399368,80.2669525146,26588,26598,10
12.995759964,80.2676010132,26598,26608,10
12.9961004257,80.2677001953,26608,26618,10
12.996219635,80.2677536011,26618,26629,11
12.9967098236,80.2677764893,26629,26639,10
12.9974603653,80.2676086426,26639,26649,10
12.9982004166,80.2674026489,26649,26659,10
12.9991502762,80.2671279907,26659,26669,10
13.0000200272,80.2667694092,26669,26699,30
13.0000200272,80.2667694092,26699,26709,10
13.000169754,80.266456604,26709,26719,10
13.0002298355,80.2660293579,26719,26729,10
13.000289917,80.2657012939,26729,26740,11
13.0004196167,80.2657394409,26740,26750,10
13.0003795624,80.2660293579,26750,26841,91
13.0002298355,80.2663726807,26841,27031,190
13.0002298355,80.2663726807,27031,27042,11
13.0002298355,80.266418457,27042,27053,11
13.0002603531,80.2666015625,27053,27063,10
13.0000400543,80.2668609619,27063,27073,10
12.9993200302,80.2670593262,27073,27083,10
12.9983901978,80.2673187256,27083,27093,10
12.9974603653,80.267539978,27093,27103,10
12.9966096878,80.2677230835,27103,27113,10
12.9959897995,80.2676925659,27113,27123,10
12.9957103729,80.2675323486,27123,27133,10
12.9956998825,80.2675094604,27133,27143,10
12.9956998825,80.2673721313,27143,27153,10
12.9957799911,80.2668075562,27153,27164,11
12.995880127,80.26587677,27164,27174,10
12.9960002899,80.2649765015,27174,27184,10
12.9960298538,80.2647399902,27184,27200,16
12.9961395264,80.263710022,27200,27212,12
12.9962396622,80.2627716064,27212,27222,10
12.9962797165,80.2624664307,27222,27230,8
12.9963502884,80.2620010376,27230,27242,12
12.9964199066,80.2613296509,27242,27252,10
12.9965000153,80.2605667114,27252,27262,10
12.9965896606,80.2597808838,27262,27273,11
12.9966096878,80.259437561,27273,27283,10
12.9966497421,80.2590408325,27283,27292,9
12.9967098236,80.2583770752,27292,27303,11
12.9968204498,80.2574691772,27303,27313,10
12.9968795776,80.2565002441,27313,27323,10
12.996919632,80.2560119629,27323,27353,30
12.996919632,80.2560119629,27353,27363,10
12.9969396591,80.2559204102,27363,27374,11
12.9972696304,80.2558364868,27374,27384,10
12.997879982,80.255897522,27384,27394,10
12.9988803864,80.2560577393,27394,27414,20
12.9988803864,80.2560577393,27414,27424,10
12.9991502762,80.2561035156,27424,27434,10
12.9996204376,80.2562026978,27434,27444,10
13.0002298355,80.2563476563,27444,27454,10
13.0008296967,80.2564468384,27454,27464,10
13.0012598038,80.2565383911,27464,27475,11
13.0017204285,80.2566223145,27475,27485,10
13.0022296906,80.2566986084,27485,27495,10
13.0025196075,80.2567367554,27495,27505,10
13.0027599335,80.2567901611,27505,27515,10
13.0029001236,80.2568206787,27515,27525,10
13.0033102036,80.2568969727,27525,27535,10
13.0039196014,80.2570114136,27535,27545,10
13.0043296814,80.2570800781,27545,27555,10
13.0050201416,80.257232666,27555,27565,10
13.0056695938,80.2573623657,27565,27575,10
13.0059700012,80.2574310303,27575,27586,11
13.0063400269,80.2574691772,27586,27596,10
13.0065498352,80.2571792603,27596,27606,10
13.0065202713,80.2564620972,27606,27616,10
13.0065202713,80.2555770874,27616,27626,10
13.0065698624,80.254699707,27626,27636,10
13.0065402985,80.2539520264,27636,27646,10
13.0065402985,80.2532196045,27646,27656,10
13.0065402985,80.2531814575,27656,27666,10
13.0065498352,80.2528533936,27666,27676,10
13.0066995621,80.2518692017,27676,27747,71
13.0066995621,80.2518692017,27747,27757,10
13.0067195892,80.2518234253,27757,27767,10
13.0068101883,80.2513198853,27767,27777,10
13.0068302155,80.25050354,27777,27787,10
13.0067996979,80.249458313,27787,27798,11
13.0067100525,80.2483596802,27798,27808,10
13.0066900253,80.2477111816,27808,27949,141
13.0066900253,80.2477111816,27949,27959,10
13.0066604614,80.2474136353,27959,27969,10
13.0066003799,80.2464981079,27969,27989,20
13.0066003799,80.2464981079,27989,27999,10
13.0066404343,80.2464370728,27999,28010,11
13.0066604614,80.2462005615,28010,28020,10
13.0066604614,80.245552063,28020,28030,10
13.006649971,80.2445831299,28030,28040,10
13.0066204071,80.2435073853,28040,28050,10
13.0066099167,80.2426376343,28050,28060,10
13.0065803528,80.2417373657,28060,28070,10
13.0065898895,80.241607666,28070,28080,10
13.0066404343,80.2411804199,28080,28090,10
13.0067396164,80.2405166626,28090,28100,10
13.0068597794,80.2397766113,28100,28111,11
13.0070800781,80.2386932373,28111,28121,10
13.0072898865,80.2377090454,28121,28131,10
13.0074300766,80.2368392944,28131,28141,10
13.0074796677,80.2366409302,28141,28151,10
13.0075302124,80.2365036011,28151,28161,10
13.0076398849,80.2360229492,28161,28171,10
13.0077896118,80.2353820801,28171,28181,10
13.0079698563,80.2345428467,28181,28191,10
13.008190155,80.2334594727,28191,28201,10
13.0084199905,80.2322692871,28201,28211,10
13.0086603165,80.2310333252,28211,28222,11
13.0089302063,80.2296600342,28222,28232,10
13.0091600418,80.2284317017,28232,28242,10
13.0095996857,80.2272796631,28242,28252,10
13.010140419,80.2261734009,28252,28262,10
13.0105800629,80.2252502441,28262,28272,10
13.0106601715,80.2250823975,28272,28282,10
13.0107402802,80.224937439,28282,28292,10
13.0109901428,80.2243423462,28292,28302,10
13.0112695694,80.2235107422,28302,28312,10
13.0113697052,80.2232513428,28312,28323,11
13.0115299225,80.2230224609,28323,28333,10
13.0117998123,80.2223434448,28333,28343,10
13.0122203827,80.221496582,28343,28353,10
13.0125398636,80.2217407227,28353,28363,10
13.0129804611,80.2223892212,28363,28373,10
13.0137701035,80.2232284546,28373,28383,10
13.0144500732,80.2241210938,28383,28393,10
13.0151500702,80.224822998,28393,28403,10
13.0154695511,80.2249908447,28403,28423,20
13.0154695511,80.2249908447,28423,28434,11
13.0157899857,80.2252426147,28434,28444,10
13.0165300369,80.2253265381,28444,28454,10
13.0175304413,80.2249984741,28454,28464,10
13.0186100006,80.2245483398,28464,28474,10
13.0195999146,80.2244796753,28474,28484,10
13.0202198029,80.224861145,28484,28500,16
13.021229744,80.2256164551,28500,28512,12
13.0220003128,80.2261734009,28512,28522,10
13.02202034,80.2261886597,28522,28532,10
13.0220804214,80.2262496948,28532,28543,11
13.022190094,80.226348877,28543,28553,10
13.0222997665,80.2264709473,28553,28562,9
13.0226402283,80.2267990112,28562,28573,11
13.0233297348,80.2274017334,28573,28583,10
13.0240297318,80.2280502319,28583,28593,10
13.0243501663,80.2283630371,28593,28602,9
13.0244398117,80.2285308838,28602,28613,11
13.024769783,80.2290725708,28613,28623,10
13.0252304077,80.2296829224,28623,28633,10
13.0257101059,80.2303771973,28633,28644,11
13.02602005,80.2311630249,28644,28654,10
13.0263500214,80.2313232422,28654,28664,10
13.0270700455,80.2311630249,28664,28674,10
13.0279798508,80.2309875488,28674,28684,10
13.0286598206,80.2309494019,28684,28694,10
13.0294303894,80.2308807373,28694,28714,20
13.0294303894,80.2308807373,28714,28724,10
13.0297803879,80.2308578491,28724,28734,10
13.0303897858,80.230796814,28734,28744,10
13.0310602188,80.2307510376,28744,28755,11
13.0318098068,80.2306976318,28755,28765,10
13.0325899124,80.2306213379,28765,28775,10
13.0334396362,80.2305526733,28775,28785,10
13.0343799591,80.2304229736,28785,28855,70
13.0343799591,80.2304229736,28855,28866,11
13.0348796844,80.2303466797,28866,28886,20
13.0348796844,80.2303466797,28886,28896,10
13.035030365,80.2304916382,28896,28906,10
13.0349702835,80.2308883667,28906,28916,10
13.0348596573,80.231590271,28916,28926,10
13.034740448,80.2324295044,28926,28936,10
13.034620285,80.2332992554,28936,28945,9
13.0345201492,80.2340927124,28945,28955,10
13.0343999863,80.2349624634,28955,28967,12
13.034239769,80.2361373901,28967,28977,10
13.0342702866,80.2373504639,28977,29037,60
13.0342702866,80.2373504639,29037,29047,10
13.0342798233,80.2375183105,29047,29057,10
13.0345001221,80.2376785278,29057,29067,10
13.0348596573,80.2382965088,29067,29078,11
13.0353498459,80.2390975952,29078,29088,10
13.0358896255,80.2393875122,29088,29098,10
13.036860466,80.2395095825,29098,29108,10
13.0377902985,80.2396469116,29108,29118,10
13.0387201309,80.2397766113,29118,29128,10
13.0396995544,80.2398986816,29128,29138,10
13.0403499603,80.2399902344,29138,29148,10
13.0404195786,80.2403106689,29148,29158,10
13.0407800674,80.2405776978,29158,29168,10
13.0410499573,80.2406311035,29168,29179,11
13.0410995483,80.2406616211,29179,29189,10
13.041560173,80.2406921387,29189,29199,10
13.042309761,80.2407836914,29199,29209,10
13.0432796478,80.2409210205,29209,29219,10
13.0442399979,80.2408981323,29219,29229,10
13.0449104309,80.2404098511,29229,29269,40
13.0449104309,80.2404098511,29269,29279,10
13.0451402664,80.2401885986,29279,29289,10
13.0457601547,80.2397766113,29289,29300,11
13.046620369,80.2396469116,29300,29320,20
13.046620369,80.2396469116,29320,29330,10
13.0469303131,80.2397689819,29330,29340,10
13.0473003387,80.2398071289,29340,29350,10
13.0480804443,80.239982605,29350,29360,10
13.048740387,80.2401199341,29360,29370,10
13.048789978,80.2401275635,29370,29380,10
13.0489196777,80.2401580811,29380,29390,10
13.0494804382,80.2402572632,29390,29441,51
13.0494804382,80.2402572632,29441,29451,10
13.0496196747,80.2403030396,29451,29461,10
13.0500602722,80.2403717041,29461,29471,10
13.0506896973,80.2404785156,29471,29481,10
13.0511703491,80.2405776978,29481,29491,10
13.0512199402,80.2406005859,29491,29502,11
13.05148983,80.2406463623,29502,29512,10
13.0520296097,80.2407531738,29512,29522,10
13.0523996353,80.2408599854,29522,29532,10
13.0525503159,80.2413024902,29532,29542,10
13.0528697968,80.2417831421,29542,29552,10
13.0535697937,80.2421035767,29552,29562,10
13.0540704727,80.2422790527,29562,29572,10
13.0540800095,80.2422790527,29572,29582,10
13.0542402267,80.2423019409,29582,29592,10
13.0547504425,80.2423400879,29592,29602,10
13.055560112,80.2422637939,29602,29613,11
13.0563297272,80.2425537109,29613,29623,10
13.0568599701,80.2425918579,29623,29643,20
13.0568599701,80.2425918579,29643,29653,10
13.0570402145,80.2426223755,29653,29663,10
13.0573997498,80.2428207397,29663,29673,10
13.0577697754,80.2428207397,29673,29683,10
13.0578699112,80.2428207397,29683,29693,10
13.0580701828,80.242729187,29693,29703,10
13.0587301254,80.2425994873,29703,29714,11
13.0596103668,80.2425918579,29714,29724,10
13.0604295731,80.2428894043,29724,29734,10
13.0611896515,80.2431182861,29734,29744,10
13.0619897842,80.2432785034,29744,29754,10
13.0624904633,80.2433624268,29754,29764,10
13.0625200272,80.2433700562,29764,29774,10
13.0627298355,80.2434005737,29774,29784,10
13.0633296967,80.243522644,29784,29794,10
13.0640602112,80.2435379028,29794,29804,10
13.064909935,80.2435531616,29804,29814,10
13.0656499863,80.2435302734,29814,29825,11
13.0656995773,80.2435302734,29825,29835,10
13.0660104752,80.2435302734,29835,29851,16
13.0670099258,80.2432022095,29851,29863,12
13.0678596497,80.2428207397,29863,29873,10
13.0685195923,80.2426300049,29873,29882,9
13.0691995621,80.2423782349,29882,29893,11
13.0700902939,80.2421035767,29893,29913,20
13.0700902939,80.2421035767,29913,29923,10
13.0701599121,80.2421188354,29923,29934,11
13.0705499649,80.2419891357,29934,29943,9
13.0711097717,80.2418212891,29943,29954,11
13.0716600418,80.2416229248,29954,29964,10
13.0722103119,80.2412719727,29964,29974,10
13.0728597641,80.2408905029,29974,29984,10
13.073559761,80.2406768799,29984,29994,10
13.0743598938,80.2405166626,29994,30004,10
13.0753297806,80.2405014038,30004,30014,10
13.0763397217,80.2405090332,30014,30024,10
13.0770902634,80.240562439,30024,30034,10
13.0770902634,80.2399520874,30034,30045,11
13.0768604279,80.2390365601,30045,30055,10
13.0766801834,80.2383575439,30055,30065,10
13.0766401291,80.2380981445,30065,30075,10
13.0764503479,80.2373199463,30075,30095,20
13.0764503479,80.2373199463,30095,30105,10
13.0764303207,80.2372436523,30105,30115,10
13.0763397217,80.2367324829,30115,30125,10
13.0762195587,80.2359390259,30125,30135,10
13.0760698318,80.2351379395,30135,30145,10
13.0759296417,80.234588623,30145,30162,17
13.0761098862,80.2337875366,30162,30184,22
13.0763397217,80.2337799072,30184,30204,20
13.0763397217,80.2337799072,30204,30214,10
13.0765304565,80.2337722778,30214,30224,10
13.0767803192,80.2337188721,30224,30234,10
13.07695961,80.2336807251,30234,30244,10
13.0778398514,80.2335662842,30244,30265,21
13.0780801773,80.233581543,30265,30295,30
13.0780801773,80.233581543,30295,30305,10
13.0784597397,80.233543396,30305,30315,10
13.0787296295,80.233543396,30315,30335,20
13.0787296295,80.233543396,30335,30345,10
13.0790596008,80.2335510254,30345,30355,10
13.0794200897,80.233543396,30355,30366,11
13.0801296234,80.2334823608,30366,30376,10
13.0803098679,80.2335205078,30376,30386,10
13.080499649,80.2335510254,30386,30396,10
13.0810899734,80.2335662842,30396,30406,10
13.0818796158,80.2336196899,30406,30416,10
13.0820398331,80.2330474854,30416,30426,10
13.0822401047,80.2323074341,30426,30436,10
13.0825004578,80.2315368652,30436,30445,9
13.0826997757,80.2310180664,30445,30456,11
13.0827598572,80.2309188843,30456,30467,11
13.0829801559,80.2306518555,30467,30477,10
13.0831699371,80.2308502197,30477,30487,10
13.0831899643,80.2314834595,30487,30497,10
13.0832195282,80.2323684692,30497,30507,10
13.0833997726,80.2332611084,30507,30517,10
13.0841398239,80.2340011597,30517,30537,20
13.0841398239,80.2340011597,30537,30547,10
13.0842504501,80.234046936,30547,30557,10
13.0845098495,80.23412323,30557,30567,10
13.0846700668,80.234161377,30567,30578,11
13.0849504471,80.2341918945,30578,30588,10
13.0856103897,80.2343521118,30588,30598,10
13.0864095688,80.2345275879,30598,30608,10
13.0873403549,80.2346115112,30608,30618,10
13.0879898071,80.2340927124,30618,30628,10
13.0881099701,80.2331466675,30628,30638,10
13.0883398056,80.2320785522,30638,30648,10
13.0886201859,80.2312316895,30648,30658,10
13.0889196396,80.2305297852,30658,30668,10
13.0889501572,80.2304611206,30668,30679,11
13.0890197754,80.2303085327,30679,30689,10
13.089220047,80.2299194336,30689,30699,10
13.0897397995,80.2291793823,30699,30709,10
13.0904598236,80.2283782959,30709,30719,10
13.091509819,80.2272186279,30719,30739,20
13.091509819,80.2272186279,30739,30749,10
13.0916500092,80.2270812988,30749,30759,10
13.092040062,80.2266921997,30759,30769,10
13.0925998688,80.2261428833,30769,30779,10
13.0932102203,80.2255172729,30779,30790,11
13.0933904648,80.2253112793,30790,30800,10
13.0936403275,80.2250289917,30800,30810,10
13.093870163,80.2247695923,30810,30820,10
13.0943202972,80.2241897583,30820,30830,10
13.0948696136,80.2234115601,30830,30840,10
13.0952596664,80.2225418091,30840,30850,10
13.0953197479,80.2223968506,30850,30860,10
13.0953197479,80.2223434448,30860,30870,10
13.0954999924,80.2218933105,30870,30880,10
13.095749855,80.2212295532,30880,30891,11
13.0960197449,80.220451355,30891,30901,10
13.0962095261,80.219871521,30901,30911,10
13.0962200165,80.2198486328,30911,30921,10
13.0963401794,80.2194976807,30921,30931,10
13.0965003967,80.2191009521,30931,30941,10
13.0966796875,80.2185821533,30941,30951,10
13.0969104767,80.2178878784,30951,30961,10
13.0971698761,80.2171401978,30961,30971,10
13.0974702835,80.2163696289,30971,30981,10
13.0977897644,80.2155990601,30981,30991,10
13.0982198715,80.2145614624,30991,31012,21
13.0982904434,80.2144012451,31012,31042,30
13.0982904434,80.2144012451,31042,31052,10
13.098400116,80.2141799927,31052,31062,10
13.098690033,80.2139968872,31062,31072,10
13.0991001129,80.2142181396,31072,31082,10
13.0995903015,80.2143630981,31082,31092,10
13.1000099182,80.2144699097,31092,31102,10
13.1003398895,80.2145690918,31102,31123,21
13.100399971,80.2146224976,31123,31163,40
13.100399971,80.2146224976,31163,31173,10
13.1006298065,80.2147674561,31173,31183,10
13.1004695892,80.2150878906,31183,31193,10
13.1001996994,80.2157211304,31193,31203,10
13.1000204086,80.2160720825,31203,31214,11
13.0999202728,80.2158737183,31214,31224,10
13.1002397537,80.2151489258,31224,31244,20
13.1002397537,80.2151489258,31244,31254,10
13.1003398895,80.2148895264,31254,32314,1060
13.1003398895,80.2148895264,32314,32324,10
13.100279808,80.2146224976,32324,32334,10
13.1001195908,80.2144775391,32334,32344,10
13.0999002457,80.2144165039,32344,32354,10
13.0994501114,80.2143325806,32354,32364,10
13.098859787,80.2141189575,32364,32374,10
13.0985002518,80.2141723633,32374,32384,10
13.0982198715,80.2147521973,32384,32395,11
13.0978603363,80.2155685425,32395,32405,10
13.0975999832,80.2161636353,32405,32415,10
13.0973596573,80.2167510986,32415,32425,10
13.097319603,80.2168426514,32425,32435,10
13.0971899033,80.2171783447,32435,32445,10
13.0969495773,80.2178421021,32445,32455,10
13.0966901779,80.2186584473,32455,32465,10
13.0964002609,80.2194595337,32465,32475,10
13.0960702896,80.2203979492,32475,32485,10
13.0957298279,80.2213897705,32485,32495,10
13.0954198837,80.2223129272,32495,32506,11
13.0953502655,80.2224884033,32506,32516,10
13.0952196121,80.2227783203,32516,32526,10
13.0949497223,80.2233810425,32526,32536,10
13.0944499969,80.2240982056,32536,32546,10
13.093870163,80.224861145,32546,32556,10
13.0933198929,80.2254562378,32556,32566,10
13.0927000046,80.2260818481,32566,32576,10
13.0920801163,80.2267227173,32576,32586,10
13.091170311,80.2276916504,32586,32607,21
13.091170311,80.2276916504,32607,32617,10
13.0911102295,80.2277526855,32617,32627,10
13.0907897949,80.2280807495,32627,32637,10
13.0902700424,80.2286224365,32637,32647,10
13.089630127,80.229347229,32647,32657,10
13.0892095566,80.2300491333,32657,32667,10
13.0890903473,80.2303314209,32667,32677,10
13.0888004303,80.2309799194,32677,32707,30
13.0888004303,80.2309799194,32707,32718,11
13.0886096954,80.2313308716,32718,32728,10
13.0884399414,80.2317962646,32728,32738,10
13.0882396698,80.2324981689,32738,32748,10
13.0880699158,80.2332992554,32748,32757,9
13.0880002975,80.2339324951,32757,32768,11
13.0877199173,80.2345199585,32768,32778,10
13.0870599747,80.2345428467,32778,32788,10
13.0865497589,80.2344970703,32788,32798,10
13.0860204697,80.2344207764,32798,32808,10
13.0854301453,80.2342529297,32808,32818,10
13.0848197937,80.2340698242,32818,32829,11
13.0842399597,80.2339401245,32829,32839,10
13.0838298798,80.2338790894,32839,32849,10
13.0836601257,80.2338485718,32849,32859,10
13.0832395554,80.2337875366,32859,32869,10
13.0828304291,80.2337417603,32869,32879,10
13.082400322,80.2336273193,32879,32899,20
13.082400322,80.2336273193,32899,32909,10
13.0822601318,80.2335586548,32909,32919,10
13.0819597244,80.2335205078,32919,32929,10
13.0813302994,80.2334899902,32929,32940,11
13.0805702209,80.2334823608,32940,32950,10
13.0794897079,80.2334899902,32950,32970,20
13.0794897079,80.2334899902,32970,32986,16
13.0788698196,80.2335205078,32986,32998,12
13.0780496597,80.2335586548,32998,33008,10
13.0774202347,80.2336196899,33008,33018,10
13.0760202408,80.2339019775,33018,33039,21
13.0760202408,80.2339019775,33039,33049,10
13.0758304596,80.2340698242,33049,33059,10
13.0759401321,80.2346801758,33059,33069,10
13.0761003494,80.235458374,33069,33079,10
13.0762701035,80.236328125,33079,33090,11
13.0765199661,80.2372817993,33090,33110,20
13.0765199661,80.2372817993,33110,33120,10
13.0766000748,80.2375793457,33120,33130,10
13.0766897202,80.2379074097,33130,33140,10
13.0767402649,80.2380981445,33140,33151,11
13.0768299103,80.2387313843,33151,33161,10
13.0769901276,80.2394790649,33161,33171,10
13.0770797729,80.2402191162,33171,33181,10
13.0772695541,80.2408599854,33181,33191,10
13.0773696899,80.2412109375,33191,33201,10
13.0773897171,80.2413787842,33201,33211,10
13.0775003433,80.2418823242,33211,33221,10
13.0776395798,80.2426376343,33221,33231,10
13.0777597427,80.2434005737,33231,33241,10
13.0777702332,80.2441177368,33241,33252,11
13.0778398514,80.2449188232,33252,33262,10
13.07791996,80.2457199097,33262,33272,10
13.0779895782,80.2464523315,33272,33282,10
13.0781698227,80.2473220825,33282,33292,10
13.0783996582,80.2483215332,33292,33302,10
13.0785999298,80.2491073608,33302,33312,10
13.0787200928,80.2498397827,33312,33322,10
13.0785703659,80.2504730225,33322,33332,10
13.0785503387,80.2511062622,33332,33342,10
13.0785999298,80.2513885498,33342,33352,10
13.0785198212,80.2516403198,33352,33373,21
13.0785198212,80.2516403198,33373,33383,10
13.0783500671,80.2516708374,33383,33393,10
13.0781002045,80.2517166138,33393,33403,10
13.0774402618,80.2518386841,33403,33413,10
13.0770397186,80.2519073486,33413,33423,10
13.0764904022,80.2520294189,33423,33433,10
13.0756502151,80.2521362305,33433,33443,10
13.0749397278,80.2521896362,33443,33453,10
13.0742502213,80.2522201538,33453,33463,10
13.0736999512,80.2524337769,33463,33474,11
13.0729703903,80.2523727417,33474,33484,10
13.0722703934,80.2520675659,33484,33494,10
13.0720996857,80.2512283325,33494,33504,10
13.0718402863,80.2503128052,33504,33514,10
13.0715799332,80.249382019,33514,33524,10
13.071390152,80.2483596802,33524,33534,10
13.0711603165,80.2475891113,33534,33544,10
13.0707502365,80.2468414307,33544,33554,10
13.0703802109,80.2460479736,33554,33564,10
13.0699996948,80.2452087402,33564,33574,10
13.0696802139,80.2443466187,33574,33585,11
13.0693101883,80.2432785034,33585,33605,20
13.0693101883,80.2432785034,33605,33615,10
13.0692596436,80.2429199219,33615,33625,10
13.0692501068,80.2428207397,33625,33635,10
13.0691299438,80.2425613403,33635,33645,10
13.0689496994,80.2425079346,33645,33655,10
13.0687599182,80.2424926758,33655,33665,10
13.0684404373,80.2425918579,33665,33675,10
13.067899704,80.2427597046,33675,33686,11
13.0672798157,80.243019104,33686,33696,10
13.0668497086,80.2431869507,33696,33706,10
13.0667104721,80.2432174683,33706,33716,10
13.0664596558,80.2433319092,33716,33726,10
13.0662298203,80.2435379028,33726,33736,10
13.066160202,80.2437133789,33736,33746,10
13.0661497116,80.2438583374,33746,33756,10
13.0661802292,80.2440795898,33756,33766,10
13.0662002563,80.2442932129,33766,33776,10
13.0662202835,80.2445602417,33776,33787,11
13.0662202835,80.2447433472,33787,33797,10
13.066280365,80.2450790405,33797,33807,10
13.0663700104,80.2455825806,33807,33817,10
13.0668296814,80.2460632324,33817,33827,10
13.067489624,80.2463912964,33827,33837,10
13.0677604675,80.2465286255,33837,33857,20
13.0677604675,80.2465286255,33857,33867,10
13.0678796768,80.2467575073,33867,33877,10
13.0678796768,80.2472991943,33877,33887,10
13.0678300858,80.2476806641,33887,33898,11
13.0674800873,80.2478637695,33898,33907,9
13.0669803619,80.2478637695,33907,33918,11
13.0663995743,80.2478637695,33918,33928,10
13.0655899048,80.2478103638,33928,33938,10
13.0648498535,80.247718811,33938,33948,10
13.0639295578,80.2476577759,33948,33957,9
13.0632600784,80.2476196289,33957,33967,10
13.0624399185,80.2476119995,33967,33978,11
13.0616998672,80.2473907471,33978,33988,10
13.0614404678,80.2470016479,33988,33998,10
13.0617198944,80.2466278076,33998,34009,11
13.0618801117,80.2460174561,34009,34019,10
13.0620098114,80.2453994751,34019,34029,10
13.0624799728,80.2449188232,34029,34039,10
13.0630197525,80.2445373535,34039,34049,10
13.0632095337,80.2442626953,34049,34059,10
13.0632696152,80.244178772,34059,34069,10
13.06346035,80.2437515259,34069,34079,10
13.0631904602,80.2434616089,34079,34089,10
13.0625600815,80.2433166504,34089,34099,10
13.0619697571,80.2431869507,34099,34110,11
13.0614700317,80.2431030273,34110,34120,10
13.0609302521,80.2429504395,34120,34130,10
13.0604896545,80.2428131104,34130,34140,10
13.0599803925,80.2426605225,34140,34150,10
13.0595197678,80.2425003052,34150,34160,10
13.0594797134,80.2424926758,34160,34170,10
13.0593299866,80.24243927,34170,34180,10
13.0590295792,80.2425384521,34180,34190,10
13.0588102341,80.2425689697,34190,34200,10
13.0586595535,80.2425765991,34200,34210,10
13.0582399368,80.2427062988,34210,34221,11
13.0574998856,80.2428436279,34221,34231,10
13.0569400787,80.2427597046,34231,34241,10
13.0562601089,80.2425231934,34241,34251,10
13.055970192,80.2423629761,34251,34261,10
13.0553302765,80.2423171997,34261,34271,10
13.0546398163,80.2424316406,34271,34281,10
13.0538702011,80.2422637939,34281,34301,20
13.0538702011,80.2422637939,34301,34311,10
13.0536003113,80.2421035767,34311,34322,11
13.0532903671,80.2419281006,34322,34372,50
13.0532903671,80.2419281006,34372,34382,10
13.0530796051,80.2418212891,34382,34392,10
13.052570343,80.2416229248,34392,34402,10
13.0522003174,80.2410430908,34402,34412,10
13.0519695282,80.2407302856,34412,34422,10
13.0516796112,80.2406387329,34422,34433,11
13.0512599945,80.240562439,34433,34443,10
13.0512304306,80.240562439,34443,34453,10
13.0510396957,80.2405319214,34453,34463,10
13.0507898331,80.2404785156,34463,34473,10
13.0505104065,80.2404174805,34473,34483,10
13.0501804352,80.2403564453,34483,34493,10
13.0496902466,80.2402496338,34493,34503,10
13.0490398407,80.2400970459,34503,34513,10
13.0483398438,80.2399597168,34513,34523,10
13.0476303101,80.2398071289,34523,34533,10
13.0468797684,80.2396316528,34533,34544,11
13.0462799072,80.2395172119,34544,34554,10
13.0461902618,80.2394180298,34554,34564,10
13.046330452,80.2390899658,34564,34574,10
13.0464496613,80.2384567261,34574,34584,10
13.0466003418,80.237701416,34584,34594,10
13.0467700958,80.2368774414,34594,34604,10
13.0469503403,80.2361679077,34604,34614,10
13.0470399857,80.2358703613,34614,34624,10
13.0470895767,80.2355575562,34624,34634,10
13.047129631,80.2351303101,34634,34644,10
13.0472202301,80.2344284058,34644,34655,11
13.0473203659,80.2335205078,34655,34665,10
13.0473499298,80.233039856,34665,34675,10
13.046790123,80.2329330444,34675,34685,10
13.0460596085,80.2328033447,34685,34695,10
13.0454301834,80.2326583862,34695,34705,10
13.04529953,80.2326202393,34705,34721,16
13.045009613,80.2325515747,34721,34733,12
13.0443096161,80.2324295044,34733,34741,8
13.0437202454,80.2323303223,34741,34753,12
13.042840004,80.2322921753,34753,34764,11
13.0420999527,80.2322769165,34764,34774,10
13.041390419,80.232131958,34774,34784,10
13.0404996872,80.2318191528,34784,34792,8
13.0397396088,80.2316131592,34792,34804,12
13.0386695862,80.2313079834,34804,34814,10
13.0378398895,80.2310714722,34814,34824,10
13.0371799469,80.2308578491,34824,34834,10
13.0368003845,80.2307815552,34834,34844,10
13.0363502502,80.230682373,34844,34854,10
13.0355701447,80.2304077148,34854,34984,130
13.0355701447,80.2304077148,34984,34994,10
13.035490036,80.2303314209,34994,35004,10
13.0351600647,80.2302780151,35004,35014,10
13.0347700119,80.2303314209,35014,35024,10
13.0341396332,80.2304382324,35024,35034,10
13.0335502625,80.2304611206,35034,35044,10
13.0334501266,80.2304763794,35044,35054,10
13.0333003998,80.23046875,35054,35064,10
13.0328302383,80.230506897,35064,35074,10
13.0320796967,80.2305908203,35074,35085,11
13.0311803818,80.230682373,35085,35095,10
13.0308198929,80.2307128906,35095,35106,11
13.0304098129,80.2307510376,35106,35116,10
13.0298595428,80.230796814,35116,35126,10
13.0298204422,80.2308120728,35126,35136,10
13.0295000076,80.2308425903,35136,35146,10
13.0289001465,80.2308883667,35146,35156,10
13.0281801224,80.2309570313,35156,35166,10
13.0277204514,80.2310409546,35166,35197,31
13.0277204514,80.2310409546,35197,35207,10
13.0276498795,80.231300354,35207,35217,10
13.0276603699,80.2313308716,35217,35227,10
13.0277004242,80.2317581177,35227,35237,10
13.0277299881,80.232131958,35237,35247,10
13.0278501511,80.2327270508,35247,35388,141
13.0278501511,80.2327270508,35388,35399,11
13.0277500153,80.2328567505,35399,35409,10
13.0275697708,80.2328720093,35409,35419,10
13.0274600983,80.2329025269,35419,35429,10
13.0271596909,80.232963562,35429,35439,10
13.0269002914,80.2330093384,35439,35449,10
13.0264997482,80.2329177856,35449,35459,10
13.0262699127,80.2322769165,35459,35469,10
13.026049614,80.2313995361,35469,35479,10
13.0257396698,80.2304611206,35479,35489,10
13.0253000259,80.2298202515,35489,35499,10
13.0251598358,80.2296600342,35499,35510,11
13.0250101089,80.2294769287,35510,35530,20
13.0250101089,80.2294769287,35530,35540,10
13.024889946,80.2293395996,35540,35550,10
13.0246400833,80.2290420532,35550,35560,10
13.0245103836,80.2288665771,35560,35570,10
13.024140358,80.2284088135,35570,35590,20
13.024140358,80.2284088135,35590,35600,10
13.0241098404,80.2283782959,35600,35610,10
13.0238399506,80.228012085,35610,35621,11
13.0233602524,80.2275085449,35621,35631,10
13.0228796005,80.2269973755,35631,35641,10
13.0222196579,80.2264328003,35641,35651,10
13.0214500427,80.2258071899,35651,35661,10
13.0208501816,80.2253570557,35661,35671,10
13.0204601288,80.2250976563,35671,35681,10
13.0198802948,80.2247009277,35681,35691,10
13.0191001892,80.2244415283,35691,35701,10
13.0181598663,80.2247390747,35701,35711,10
13.0172195435,80.2251281738,35711,35722,11
13.0166196823,80.2253799438,35722,35732,10
13.0163002014,80.2254867554,35732,35742,10
13.0157403946,80.2256622314,35742,35752,10
13.0149803162,80.2259597778,35752,35762,10
13.0142602921,80.226272583,35762,35772,10
13.0141296387,80.226348877,35772,35782,10
13.0140104294,80.2263793945,35782,35792,10
13.0135202408,80.2265319824,35792,35802,10
13.0127801895,80.2268218994,35802,35812,10
13.0118303299,80.2272262573,35812,35822,10
13.0107898712,80.2276535034,35822,35833,11
13.0096998215,80.2280883789,35833,35843,10
13.0091104507,80.228767395,35843,35853,10
13.0089197159,80.2297897339,35853,35863,10
13.0086898804,80.2309417725,35863,35873,10
13.0085000992,80.2319869995,35873,35883,10
13.0083999634,80.2325134277,35883,35893,10
13.0083599091,80.232749939,35893,35903,10
13.0083503723,80.2328109741,35903,35913,10
13.0083303452,80.2329864502,35913,35923,10
13.008310318,80.2332229614,35923,35933,10
13.0082397461,80.2335968018,35933,35944,11
13.0082397461,80.2336120605,35944,35960,16
13.0081100464,80.23412323,35960,36022,62
13.0081100464,80.23412323,36022,36032,10
13.0080099106,80.2344970703,36032,36042,10
13.0078802109,80.2351608276,36042,36053,11
13.0077199936,80.2359313965,36053,36063,10
13.0076198578,80.2364578247,36063,36073,10
13.0075302124,80.236907959,36073,36083,10
13.0074796677,80.2372512817,36083,36093,10
13.0073699951,80.2376937866,36093,36103,10
13.0073003769,80.2381210327,36103,36113,10
13.0072402954,80.2384567261,36113,36123,10
13.0071697235,80.238822937,36123,36174,51
13.0071697235,80.238822937,36174,36184,10
13.0071201324,80.2391967773,36184,36214,30
13.0071201324,80.2391967773,36214,36224,10
13.007060051,80.2393188477,36224,36234,10
13.0069904327,80.2397232056,36234,36244,10
13.0068798065,80.2403869629,36244,36254,10
13.0068101883,80.2407913208,36254,36265,11
13.0068101883,80.2408370972,36265,36275,10
13.0067501068,80.2415618896,36275,36305,30
13.0067501068,80.2415618896,36305,36315,10
13.0067396164,80.2417526245,36315,36325,10
13.0067501068,80.2421035767,36325,36335,10
13.0067396164,80.2423782349,36335,36345,10
13.0067396164,80.2425003052,36345,36355,10
13.0067396164,80.2427215576,36355,36365,10
13.0067195892,80.242980957,36365,36376,11
13.0067100525,80.2432632446,36376,36386,10
13.0066995621,80.2435073853,36386,36396,10
13.0066900253,80.2439422607,36396,36406,10
13.0066699982,80.244758606,36406,36487,81
13.0066699982,80.244758606,36487,36497,10
13.0067100525,80.2452087402,36497,36507,10
13.0067195892,80.2455368042,36507,36517,10
13.0067396164,80.2461471558,36517,36527,10
13.006770134,80.2468795776,36527,36537,10
13.0067300797,80.2476196289,36537,36547,10
13.0067501068,80.2484283447,36547,36557,10
13.0068702698,80.2496490479,36557,36577,20
13.0068702698,80.2496490479,36577,36588,11
13.0068397522,80.2498779297,36588,36598,10
13.006819725,80.2504425049,36598,36608,10
13.006819725,80.2512207031,36608,36628,20
13.006819725,80.2512207031,36628,36638,10
13.0068101883,80.2513504028,36638,36648,10
13.0066795349,80.2518081665,36648,36658,10
13.0065498352,80.252571106,36658,36668,10
13.0065402985,80.2533874512,36668,36678,10
13.0065402985,80.2541732788,36678,36688,10
13.0066003799,80.2548522949,36688,36699,11
13.0066003799,80.2548980713,36699,36709,10
13.0065898895,80.2549972534,36709,36719,10
13.0065803528,80.2554626465,36719,36729,10
13.0065803528,80.2562179565,36729,36739,10
13.0066699982,80.2571487427,36739,36769,30
13.0066699982,80.2571487427,36769,36779,10
13.0067195892,80.25730896,36779,36789,10
13.0065002441,80.2575378418,36789,36799,10
13.0059099197,80.2574310303,36799,36810,11
13.0051698685,80.2572479248,36810,36820,10
13.0044803619,80.2570877075,36820,36830,10
13.0037603378,80.2569503784,36830,36840,10
13.003080368,80.2568206787,36840,36856,16
13.002120018,80.2566375732,36856,36868,12
13.001709938,80.2565765381,36868,36908,40
13.001709938,80.2565765381,36908,36919,11
13.0013999939,80.2564468384,36919,36928,9
13.0008897781,80.2564315796,36928,36937,9
13.0002803802,80.2563781738,36937,36950,13
13.0001602173,80.2563400269,36950,36960,10
12.9998998642,80.2562866211,36960,36970,10
12.9996700287,80.2562484741,36970,36980,10
12.9993495941,80.2561798096,36980,36990,10
12.9986696243,80.2560501099,36990,37000,10
12.9980201721,80.2559661865,37000,37010,10
12.9974002838,80.2559204102,37010,37021,11
12.9969100952,80.2562637329,37021,37044,23
12.9968299866,80.2569732666,37044,37056,12
12.9968004227,80.2571182251,37056,37066,10
12.9967403412,80.2575683594,37066,37076,10
12.9966697693,80.2582397461,37076,37084,8
12.9965896606,80.2589111328,37084,37095,11
12.9965200424,80.2595367432,37095,37106,11
12.9964895248,80.2601470947,37106,37116,10
12.9964599609,80.2604827881,37116,37126,10
12.9963998795,80.2609786987,37126,37137,11
12.9963197708,80.2618331909,37137,37147,10
12.9962396622,80.2623901367,37147,37157,10
12.9962396622,80.2624130249,37157,37167,10
12.9961595535,80.2627716064,37167,37177,10
12.9961099625,80.2633590698,37177,37187,10
12.9960298538,80.2640991211,37187,37197,10
12.9959602356,80.2648773193,37197,37207,10
12.9959402084,80.2652435303,37207,37217,10
12.9959096909,80.2654800415,37217,37227,10
12.9958200455,80.266166687,37227,37238,11
12.9956998825,80.2671737671,37238,37248,10
12.9959602356,80.267616272,37248,37258,10
12.9963998795,80.2677078247,37258,37268,10
12.9963998795,80.2677230835,37268,37278,10
12.9966497421,80.2677764893,37278,37288,10
12.9972000122,80.2676773071,37288,37298,10
12.9978704453,80.2674789429,37298,37308,10
12.9982795715,80.2673721313,37308,37318,10
12.9989995956,80.2671737671,37318,37328,10
12.9998197556,80.2668991089,37328,37338,10
13.000120163,80.2665176392,37338,37367,29
13.000120163,80.2665176392,37367,37377,10
13.0001802444,80.2662734985,37377,37387,10
13.0002498627,80.2657165527,37387,37397,10
13.0003700256,80.2657470703,37397,37407,10
13.0002603531,80.2661972046,37407,37680,273
13.0002603531,80.2661972046,37680,37690,10
13.0002403259,80.2663116455,37690,37700,10
13.0002603531,80.2666702271,37700,37710,10
12.9998598099,80.2669067383,37710,37720,10
12.9991397858,80.2671203613,37720,37730,10
12.9984502792,80.2673187256,37730,37740,10
12.9978399277,80.2675170898,37740,37750,10
12.9970998764,80.2677307129,37750,37760,10
12.9963598251,80.2677612305,37760,37769,9
12.995880127,80.2677230835,37769,37781,12
12.9956998825,80.2675018311,37781,37791,10
12.9956998825,80.2674865723,37791,37801,10
12.9957103729,80.2673873901,37801,37811,10
12.9957704544,80.2668991089,37811,37821,10
12.9958600998,80.2660675049,37821,37831,10
12.9959602356,80.2650604248,37831,37841,10
12.9960403442,80.2644195557,37841,37851,10
12.9961204529,80.2636413574,37851,37861,10
12.9961996078,80.2628936768,37861,37871,10
12.9962100983,80.2626495361,37871,37881,10
12.9962100983,80.2625579834,37881,37892,11
12.9962797165,80.262046814,37892,37902,10
12.9963598251,80.2615203857,37902,37912,10
12.9964199066,80.2609176636,37912,37922,10
12.9965000153,80.2602615356,37922,37932,10
12.9965600967,80.2596817017,37932,37942,10
12.9965801239,80.2594070435,37942,37952,10
12.9966001511,80.258972168,37952,37962,10
12.9966897964,80.2582397461,37962,37972,10
12.9967699051,80.2574081421,37972,37982,10
12.9968500137,80.2567977905,37982,37992,10
12.9968996048,80.2561721802,37992,38013,21
12.9968996048,80.2561721802,38013,38023,10
12.9969997406,80.256149292,38023,38033,10
12.9971399307,80.2558135986,38033,38043,10
12.9976396561,80.255859375,38043,38053,10
12.9983501434,80.2559509277,38053,38063,10
12.9989299774,80.2560195923,38063,38083,20
12.9989299774,80.2560195923,38083,38093,10
12.9991102219,80.2560577393,38093,38104,11
12.9991397858,80.256072998,38104,38114,10
12.9992103577,80.2560806274,38114,38124,10
12.9996299744,80.2561798096,38124,38134,10
13.0002803802,80.2563171387,38134,38144,10
13.0010499954,80.256439209,38144,38174,30
13.0010499954,80.256439209,38174,38184,10
13.001250267,80.2565231323,38184,38194,10
13.0017004013,80.2566070557,38194,38204,10
13.0023603439,80.2566986084,38204,38215,11
13.0031003952,80.2568130493,38215,38225,10
13.003780365,80.256942749,38225,38235,10
13.0045404434,80.2570724487,38235,38245,10
13.0053195953,80.2572402954,38245,38255,10
13.0059204102,80.2573471069,38255,38265,10
13.0062503815,80.2574234009,38265,38305,40
13.0062503815,80.2574234009,38305,38321,16
13.0065097809,80.257019043,38321,38334,13
13.0065002441,80.2561035156,38334,38344,10
13.0065002441,80.2553405762,38344,38354,10
13.0065402985,80.2546005249,38354,38363,9
13.0065202713,80.253868103,38363,38374,11
13.0065097809,80.2534332275,38374,38384,10
13.0065402985,80.2533416748,38384,38394,10
13.0065402985,80.2528305054,38394,38404,10
13.0066003799,80.2521820068,38404,38413,9
13.0067195892,80.2515335083,38413,38424,11
13.006770134,80.2506027222,38424,38435,11
13.0067501068,80.2497787476,38435,38445,10
13.0067501068,80.2495727539,38445,38455,10
13.0067501068,80.2491531372,38455,38465,10
13.0067300797,80.2488021851,38465,38475,10
13.0066900253,80.2482910156,38475,38485,10
13.0066795349,80.2479400635,38485,38495,10
13.0066795349,80.2474822998,38495,38505,10
13.0066995621,80.2470016479,38505,38515,10
13.0066299438,80.246421814,38515,38525,10
13.0066404343,80.2463684082,38525,38535,10
13.0066299438,80.2459335327,38535,38546,11
13.0066099167,80.2453765869,38546,38556,10
13.0066204071,80.2449798584,38556,38566,10
13.0066404343,80.2446212769,38566,38576,10
13.0066404343,80.2442703247,38576,38586,10
13.0066099167,80.2437362671,38586,38596,10
13.0066003799,80.2433395386,38596,38606,10
13.0065898895,80.2428817749,38606,38616,10
13.0065898895,80.2415771484,38616,38636,20
13.0065898895,80.2415771484,38636,38647,11
13.0066204071,80.2412414551,38647,38657,10
13.0067100525,80.2406005859,38657,38667,10
13.006819725,80.2400283813,38667,38677,10
13.0069999695,80.2392196655,38677,38687,10
13.0071802139,80.2382202148,38687,38697,10
13.0073404312,80.2375183105,38697,38707,10
13.0074195862,80.2369308472,38707,38717,10
13.0074300766,80.2368927002,38717,38727,10
13.0074701309,80.2367172241,38727,38737,10
13.0076398849,80.2361602783,38737,38747,10
13.0078001022,80.2353363037,38747,38758,11
13.0080404282,80.2342071533,38758,38768,10
13.0082702637,80.2330093384,38768,38778,10
13.0085096359,80.2317276001,38778,38788,10
13.0087499619,80.2304382324,38788,38798,10
13.0089998245,80.2291717529,38798,38807,9
13.00922966,80.2281036377,38807,38818,11
13.00963974,80.227142334,38818,38828,10
13.0101699829,80.2259979248,38828,38838,10
13.01060009,80.2250518799,38838,38848,10
13.0109395981,80.2243499756,38848,38858,10
13.0114297867,80.2233200073,38858,38889,31
13.0114297867,80.2233200073,38889,38899,10
13.0115995407,80.222869873,38899,38909,10
13.011879921,80.2221069336,38909,38919,10
13.0122203827,80.2215118408,38919,38929,10
13.0124998093,80.2217330933,38929,38939,10
13.0129404068,80.2222824097,38939,38949,10
13.0134496689,80.2229003906,38949,38959,10
13.0140399933,80.2235488892,38959,38970,11
13.0146598816,80.2242584229,38970,38980,10
13.014960289,80.2245101929,38980,38990,10
13.0150604248,80.2246398926,38990,39000,10
13.0152797699,80.224861145,39000,39010,10
13.0155601501,80.2250595093,39010,39020,10
13.0156402588,80.2250900269,39020,39030,10
13.0160799026,80.2253417969,39030,39040,10
13.0168199539,80.225189209,39040,39050,10
13.0176401138,80.2248687744,39050,39060,10
13.0184497833,80.2245483398,39060,39070,10
13.0189800262,80.224357605,39070,39081,11
13.0193901062,80.224319458,39081,39101,20
13.0193901062,80.224319458,39101,39111,10
13.0195503235,80.2244186401,39111,39121,10
13.0197200775,80.2245407104,39121,39131,10
13.0200099945,80.2247390747,39131,39141,10
13.0203104019,80.2249679565,39141,39161,20
13.0203104019,80.2249679565,39161,39171,10
13.0205402374,80.2251586914,39171,39181,10
13.020819664,80.2253417969,39181,39191,10
13.0210599899,80.2255325317,39191,39202,11
13.0213003159,80.2257537842,39202,39212,10
13.0213003159,80.2257614136,39212,39222,10
13.0215301514,80.2259674072,39222,39242,20
13.0215301514,80.2259674072,39242,39252,10
13.0216503143,80.2259674072,39252,39262,10
13.0218601227,80.2261123657,39262,39272,10
13.0219297409,80.2261505127,39272,39282,10
13.022069931,80.2262573242,39282,39293,11
13.022359848,80.2264862061,39293,39303,10
13.0225601196,80.2266693115,39303,39313,10
13.0227298737,80.2268371582,39313,39323,10
13.0228796005,80.2270202637,39323,39353,30
13.0228796005,80.2270202637,39353,39363,10
13.0229997635,80.2272033691,39363,39373,10
13.0231304169,80.2273406982,39373,39383,10
13.0232696533,80.2274627686,39383,39393,10
13.0235300064,80.2276611328,39393,39404,11
13.0239496231,80.2279663086,39404,39434,30
13.0239496231,80.2279663086,39434,39444,10
13.0240402222,80.2280883789,39444,39454,10
13.024189949,80.2282791138,39454,39464,10
13.0243396759,80.2285003662,39464,39474,10
13.0244398117,80.2286376953,39474,39484,10
13.0244998932,80.2287063599,39484,39494,10
13.0247001648,80.2289962769,39494,39504,10
13.0250501633,80.2294616699,39504,39515,11
13.0253400803,80.2298126221,39515,39525,10
13.02546978,80.2299880981,39525,39535,10
13.0255899429,80.2301864624,39535,39545,10
13.0256996155,80.2303924561,39545,39555,10
13.0258102417,80.2306137085,39555,39565,10
13.0259103775,80.2309036255,39565,39575,10
13.0259895325,80.2312088013,39575,39585,10
13.0263996124,80.2312774658,39585,39595,10
13.0272102356,80.2311019897,39595,39605,10
13.0280199051,80.23097229,39605,39615,10
13.028459549,80.2308883667,39615,39626,11
13.028840065,80.2308731079,39626,39646,20
13.028840065,80.2308731079,39646,39656,10
13.0289201736,80.2308578491,39656,39666,10
13.0293703079,80.2308197021,39666,39676,10
13.02987957,80.230758667,39676,39696,20
13.02987957,80.230758667,39696,39706,10
13.0301799774,80.2307510376,39706,39716,10
13.0305404663,80.2307281494,39716,39727,11
13.0308799744,80.2307128906,39727,39737,10
13.0315103531,80.2306518555,39737,39746,9
13.0319099426,80.2306213379,39746,39757,11
13.032119751,80.2305984497,39757,39767,10
13.032790184,80.2305526733,39767,39777,10
13.0335197449,80.230506897,39777,39787,10
13.0340204239,80.2304763794,39787,39797,10
13.0343999863,80.2304077148,39797,39838,41
13.0346403122,80.2304229736,39838,39938,100
13.0346403122,80.2304229736,39938,39949,11
13.0349197388,80.2303695679,39949,39959,10
13.0349397659,80.2305908203,39959,39969,10
13.034910202,80.2309570313,39969,39979,10
13.034819603,80.2315368652,39979,39989,10
13.0347299576,80.2322387695,39989,39999,10
13.0346403122,80.2329177856,39999,40009,10
13.0345802307,80.2334365845,40009,40019,10
13.0345096588,80.2339401245,40019,40029,10
13.0344200134,80.2347106934,40029,40039,10
13.0343198776,80.235496521,40039,40050,11
13.0342197418,80.236366272,40050,40060,10
13.0341796875,80.2369613647,40060,40090,30
13.0341796875,80.2369613647,40090,40100,10
13.034239769,80.2373809814,40100,40110,10
13.0344600677,80.2377319336,40110,40120,10
13.0345401764,80.2378616333,40120,40130,10
13.0348100662,80.2382583618,40130,40140,10
13.0349798203,80.2385025024,40140,40150,10
13.0350503922,80.2386169434,40150,40161,11
13.0353403091,80.2390594482,40161,40171,10
13.0358600616,80.2393264771,40171,40187,16
13.0369997025,80.2394790649,40187,40199,12
13.0379695892,80.2396011353,40199,40209,10
13.0386695862,80.2396621704,40209,40219,10
13.0396203995,80.2397994995,40219,40229,10
13.0401601791,80.2398834229,40229,40239,10
13.0403699875,80.2399520874,40239,40249,10
13.0403995514,80.2403793335,40249,40259,10
13.0407600403,80.2405166626,40259,40270,11
13.0410203934,80.240562439,40270,40280,10
13.0413999557,80.240562439,40280,40290,10
13.0420303345,80.2405929565,40290,40299,9
13.0428304672,80.240737915,40299,40310,11
13.0441999435,80.2408370972,40310,40330,20
13.0441999435,80.2408370972,40330,40340,10
13.0444402695,80.2406921387,40340,40350,10
13.0449199677,80.2403717041,40350,40360,10
13.0454797745,80.239982605,40360,40370,10
13.0458898544,80.2397003174,40370,40381,11
13.0463399887,80.2396011353,40381,40391,10
13.0464496613,80.239616394,40391,40401,10
13.0467596054,80.2396774292,40401,40411,10
13.0471000671,80.2397384644,40411,40421,10
13.047369957,80.2397689819,40421,40471,50
13.047369957,80.2397689819,40471,40482,11
13.0476903915,80.2397994995,40482,40491,9
13.0481901169,80.2398681641,40491,40502,11
13.0489997864,80.240020752,40502,40512,10
13.0497398376,80.2401885986,40512,40522,10
13.0505695343,80.2403411865,40522,40532,10
13.0512399673,80.2404785156,40532,40542,10
13.051320076,80.2405319214,40542,40552,10
13.0517501831,80.2406005859,40552,40562,10
13.0523195267,80.2408065796,40562,40582,20
13.0523195267,80.2408065796,40582,40593,11
13.0523700714,80.2408599854,40593,40603,10
13.0525398254,80.2412185669,40603,40613,10
13.0527000427,80.2416305542,40613,40623,10
13.0533304214,80.2419433594,40623,40633,10
13.0540103912,80.2422180176,40633,40643,10
13.0540504456,80.2422180176,40643,40653,10
13.0543003082,80.2423019409,40653,40663,10
13.0549497604,80.2423019409,40663,40673,10
13.0557498932,80.2422485352,40673,40683,10
13.0563602448,80.2425003052,40683,40693,10
13.056520462,80.2425689697,40693,40704,11
13.0569400787,80.2426223755,40704,40714,10
13.0572795868,80.2427902222,40714,40724,10
13.0576696396,80.2427825928,40724,40734,10
13.057800293,80.2427825928,40734,40744,10
13.058259964,80.2426376343,40744,40754,10
13.0588302612,80.2425384521,40754,40764,10
13.0592002869,80.2424926758,40764,40774,10
13.059630394,80.2425384521,40774,40784,10
13.0601100922,80.2427215576,40784,40800,16
13.0606803894,80.2428970337,40800,40813,13
13.0612401962,80.2430725098,40813,40823,10
13.0615196228,80.2431030273,40823,40833,10
13.0621404648,80.2432174683,40833,40843,10
13.0625200272,80.2432937622,40843,40853,10
13.0627002716,80.2433395386,40853,40863,10
13.0633001328,80.2434616089,40863,40873,10
13.0638599396,80.2434921265,40873,40883,10
13.0645503998,80.243522644,40883,40894,11
13.0653095245,80.243522644,40894,40903,9
13.0659799576,80.2434768677,40903,40915,12
13.0664596558,80.2433166504,40915,40924,9
13.066860199,80.2431793213,40924,40935,11
13.0676202774,80.2428588867,40935,40945,10
13.0683002472,80.2426528931,40945,40955,10
13.0687303543,80.2425231934,40955,40965,10
13.0694599152,80.2422180176,40965,40975,10
13.0698900223,80.2421035767,40975,40985,10
13.0699300766,80.2421035767,40985,40995,10
13.070019722,80.2421035767,40995,41005,10
13.0704298019,80.2420120239,41005,41015,10
13.0710401535,80.2417907715,41015,41026,11
13.0718202591,80.2414169312,41026,41036,10
13.0724897385,80.2410202026,41036,41046,10
13.0731897354,80.2407608032,41046,41056,10
13.0739002228,80.2405700684,41056,41066,10
13.0748100281,80.2405014038,41066,41076,10
13.0759496689,80.2404785156,41076,41086,10
13.0769395828,80.2406005859,41086,41096,10
13.0771198273,80.2401504517,41096,41106,10
13.0769300461,80.2393798828,41106,41116,10
13.0767097473,80.2385787964,41116,41126,10
13.0766201019,80.23828125,41126,41136,10
13.0765800476,80.2381134033,41136,41146,10
13.0765199661,80.2377471924,41146,41157,11
13.0764303207,80.2373809814,41157,41167,10
13.0764303207,80.2373504639,41167,41177,10
13.076379776,80.2371292114,41177,41187,10
13.0762901306,80.236579895,41187,41197,10
13.0761995316,80.2358398438,41197,41207,10
13.0760297775,80.2351531982,41207,41217,10
13.0757904053,80.2340393066,41217,41258,41
13.0757904053,80.2340393066,41258,41268,10
13.075920105,80.2338180542,41268,41278,10
13.076499939,80.2337036133,41278,41288,10
13.0767602921,80.2336883545,41288,41298,10
13.0768404007,80.2336883545,41298,41308,10
13.0772600174,80.2336196899,41308,41318,10
13.0778999329,80.233543396,41318,41328,10
13.0785703659,80.2334594727,41328,41338,10
13.0794200897,80.2334823608,41338,41349,11
13.0802402496,80.2334671021,41349,41359,10
13.0803203583,80.2334899902,41359,41369,10
13.0807199478,80.2334823608,41369,41379,10
13.0814695358,80.2334518433,41379,41389,10
13.0819597244,80.2333068848,41389,41399,10
13.082110405,80.2326507568,41399,41409,10
13.0823698044,80.231880188,41409,41419,10
13.0826997757,80.2311096191,41419,41429,10
13.0830001831,80.2306594849,41429,41439,10
13.0831699371,80.2310714722,41439,41449,10
13.0832004547,80.2318267822,41449,41460,11
13.0832595825,80.2326889038,41460,41470,10
13.083439827,80.2334594727,41470,41479,9
13.0835199356,80.2337188721,41479,41490,11
13.0835599899,80.2338562012,41490,41500,10
13.0838804245,80.23387146,41500,41510,10
13.0840196609,80.2338867188,41510,41520,10
13.0842199326,80.2339401245,41520,41530,10
13.0846700668,80.234046936,41530,41540,10
13.0853900909,80.2342071533,41540,41550,10
13.086139679,80.2344207764,41550,41561,11
13.0867395401,80.2345275879,41561,41571,10
13.0874595642,80.2345581055,41571,41581,10
13.0879602432,80.2340621948,41581,41591,10
13.0880699158,80.2331924438,41591,41601,10
13.0882997513,80.2321624756,41601,41611,10
13.0885896683,80.2312469482,41611,41621,10
13.0888795853,80.2306137085,41621,41631,10
13.0889196396,80.2305221558,41631,41641,10
13.0889596939,80.2304382324,41641,41651,10
13.089220047,80.2299575806,41651,41661,10
13.0896596909,80.2292709351,41661,41672,11
13.0903701782,80.2284622192,41672,41682,10
13.091050148,80.2277297974,41682,41692,10
13.0914497375,80.2272720337,41692,41702,10
13.091460228,80.2272720337,41702,41712,10
13.0917196274,80.2270202637,41712,41722,10
13.092209816,80.2265167236,41722,41732,10
13.0928401947,80.2258987427,41732,41742,10
13.0934495926,80.2252578735,41742,41752,10
13.0939903259,80.224647522,41752,41762,10
13.0945796967,80.2238693237,41762,41772,10
13.0950803757,80.2230606079,41772,41789,17
13.0952596664,80.2225570679,41789,41801,12
13.0953702927,80.2222671509,41801,41811,10
13.0955696106,80.2217330933,41811,41820,9
13.0957803726,80.2211303711,41820,41832,12
13.0960903168,80.2202529907,41832,41842,10
13.0961704254,80.2199630737,41842,41852,10
13.0964097977,80.2192306519,41852,41872,20
13.0964097977,80.2192306519,41872,41882,10
13.0965204239,80.2190475464,41882,41892,10
13.0966596603,80.2186431885,41892,41903,11
13.0969200134,80.2178726196,41903,41913,10
13.0971803665,80.2171707153,41913,41923,10
13.0974197388,80.2165374756,41923,41933,10
13.0977697372,80.2156906128,41933,41943,10
13.0980901718,80.2149581909,41943,41953,10
13.0982198715,80.2146606445,41953,41963,10
13.0982198715,80.2146530151,41963,41973,10
13.0982303619,80.2145996094,41973,41983,10
13.0984201431,80.2141799927,41983,42064,81
13.0984201431,80.2141799927,42064,42074,10
13.0985603333,80.2139892578,42074,42084,10
13.0990104675,80.2141876221,42084,42094,10
13.0993900299,80.2142715454,42094,42105,11
13.0999097824,80.2144012451,42105,42115,10
13.1004695892,80.2145767212,42115,42145,30
13.1004695892,80.2145767212,42145,42155,10
13.1005401611,80.2148590088,42155,42165,10
13.1003198624,80.21534729,42165,42175,10
13.1000299454,80.2160110474,42175,42185,10
13.0998601913,80.2159805298,42185,42195,10
13.0999698639,80.2156524658,42195,42205,10
13.1001701355,80.2152633667,42205,42216,11
13.1002502441,80.21484375,42216,42872,656
13.1002502441,80.21484375,42872,42882,10
13.1002902985,80.2146987915,42882,42892,10
13.1002902985,80.214630127,42892,42902,10
13.1001396179,80.2144775391,42902,42912,10
13.0998497009,80.2144012451,42912,42922,10
13.0993204117,80.2142486572,42922,42932,10
13.098739624,80.2140731812,42932,42942,10
13.0985403061,80.2140426636,42942,42952,10
13.0983200073,80.2144088745,42952,42963,11
13.0979995728,80.2151489258,42963,42973,10
13.0976800919,80.2158813477,42973,42983,10
13.097319603,80.2167205811,42983,42993,10
13.0970001221,80.217628479,42993,43003,10
13.0966596603,80.2185821533,43003,43013,10
13.0963096619,80.2195663452,43013,43023,10
13.0960597992,80.2203216553,43023,43033,10
13.0957403183,80.221206665,43033,43043,10
13.0954999924,80.2219085693,43043,43053,10
13.0953598022,80.2223815918,43053,43063,10
13.095290184,80.2225036621,43063,43074,11
13.0950803757,80.2230072021,43074,43084,10
13.0946798325,80.2236785889,43084,43094,10
13.0941896439,80.2244110107,43094,43104,10
13.093629837,80.2250823975,43104,43114,10
13.0930204391,80.2257232666,43114,43124,10
13.0923900604,80.2263412476,43124,43134,10
13.0917596817,80.2269668579,43134,43144,10
13.0912504196,80.2275390625,43144,43154,10
13.0911798477,80.2276077271,43154,43164,10
13.0909500122,80.2278671265,43164,43174,10
13.0905399323,80.2283096313,43174,43185,11
13.0899400711,80.2289581299,43185,43195,10
13.0894002914,80.2296600342,43195,43205,10
13.0891304016,80.230178833,43205,43215,10
13.0889396667,80.2305603027,43215,43231,16
13.0887403488,80.2309875488,43231,43243,12
13.0885400772,80.2314605713,43243,43253,10
13.088350296,80.2320022583,43253,43263,10
13.0881099701,80.2329025269,43263,43273,10
13.0879802704,80.23387146,43273,43283,10
13.087770462,80.2344589233,43283,43294,11
13.0870895386,80.2345428467,43294,43304,10
13.086350441,80.2344665527,43304,43314,10
13.0855798721,80.2342987061,43314,43324,10
13.084980011,80.234161377,43324,43334,10
13.0846004486,80.2340316772,43334,43344,10
13.0837602615,80.23387146,43344,43364,20
13.0837602615,80.23387146,43364,43374,10
13.0833501816,80.2338027954,43374,43393,19
13.0825500488,80.2336807251,43393,43406,13
13.0825300217,80.2336730957,43406,43416,10
13.0822601318,80.2336120605,43416,43426,10
13.0818500519,80.2335891724,43426,43436,10
13.0810699463,80.2335586548,43436,43446,10
13.0803604126,80.2335281372,43446,43456,10
13.0794200897,80.2335510254,43456,43466,10
13.0786399841,80.233581543,43466,43476,10
13.0779895782,80.2336120605,43476,43486,10
13.0770196915,80.2337036133,43486,43496,10
13.0762300491,80.2338485718,43496,43507,11
13.0760097504,80.2339096069,43507,43517,10
13.0759000778,80.2342681885,43517,43527,10
13.0760002136,80.2349472046,43527,43537,10
13.0761604309,80.2358169556,43537,43547,10
13.0762901306,80.2366104126,43547,43557,10
13.0763597488,80.2370223999,43557,43618,61
13.0763597488,80.2370223999,43618,43628,10
13.0764904022,80.2373199463,43628,43638,10
13.0765600204,80.2376174927,43638,43648,10
13.0766096115,80.2380828857,43648,43658,10
13.0767602921,80.2388076782,43658,43668,10
13.07695961,80.2396774292,43668,43678,10
13.0771799088,80.240562439,43678,43688,10
13.0773096085,80.2410430908,43688,43698,10
13.0773696899,80.2414627075,43698,43708,10
13.0774402618,80.2419204712,43708,43719,11
13.0776100159,80.2425613403,43719,43729,10
13.0777101517,80.2432937622,43729,43739,10
13.077750206,80.2440490723,43739,43749,10
13.0778198242,80.2448501587,43749,43759,10
13.0778398514,80.2455291748,43759,43769,10
13.0778598785,80.2459487915,43769,43779,10
13.0779399872,80.2466125488,43779,43789,10
13.0781202316,80.2474365234,43789,43799,10
13.0783395767,80.2484436035,43799,43809,10
13.0785799026,80.2493209839,43809,43819,10
13.0786600113,80.2502212524,43819,43830,11
13.078499794,80.251083374,43830,43840,10
13.0784597397,80.2516403198,43840,43850,10
13.0780496597,80.2517318726,43850,43860,10
13.0774803162,80.2518386841,43860,43870,10
13.0768003464,80.2519683838,43870,43880,10
13.0760002136,80.2521133423,43880,43890,10
13.075220108,80.252166748,43890,43900,10
13.0745697021,80.2522125244,43900,43910,10
13.0738697052,80.2523727417,43910,43920,10
13.073220253,80.2523727417,43920,43930,10
13.0725297928,80.2522506714,43930,43941,11
13.07213974,80.2515411377,43941,43951,10
13.072019577,80.2507781982,43951,43961,10
13.0717697144,80.249961853,43961,43971,10
13.071559906,80.2490692139,43971,43981,10
13.0713701248,80.2481765747,43981,43991,10
13.0710802078,80.2473678589,43991,44001,10
13.0706996918,80.2465820313,44001,44011,10
13.0702800751,80.2456970215,44011,44021,10
13.069899559,80.2447967529,44021,44031,10
13.0696201324,80.2440567017,44031,44041,10
13.0693998337,80.2435379028,44041,44052,11
13.0693397522,80.2433700562,44052,44062,10
13.0692796707,80.2431411743,44062,44072,10
13.0691900253,80.2427062988,44072,44082,10
13.068860054,80.2425003052,44082,44092,10
13.0684900284,80.2425537109,44092,44102,10
13.0678300858,80.2427368164,44102,44112,10
13.0673303604,80.2429504395,44112,44122,10
13.0669202805,80.2431335449,44122,44132,10
13.0663795471,80.2433166504,44132,44142,10
13.0660896301,80.2438583374,44142,44153,11
13.0661897659,80.2446517944,44153,44163,10
13.0662899017,80.245300293,44163,44173,10
13.0664997101,80.2459030151,44173,44181,8
13.0670404434,80.2461700439,44181,44192,11
13.0677404404,80.2465209961,44192,44203,11
13.0677900314,80.2465820313,44203,44213,10
13.0678100586,80.2468719482,44213,44223,10
13.0677995682,80.2475585938,44223,44233,10
13.067440033,80.2478713989,44233,44243,10
13.0667104721,80.2478408813,44243,44253,10
13.0657997131,80.2477874756,44253,44264,11
13.0647296906,80.2477264404,44264,44274,10
13.0638103485,80.2476730347,44274,44284,10
13.0629396439,80.2476425171,44284,44294,10
13.0621500015,80.2475891113,44294,44304,10
13.0616102219,80.2474136353,44304,44314,10
13.0614099503,80.2469787598,44314,44324,10
13.0617399216,80.2466278076,44324,44334,10
13.061920166,80.2461395264,44334,44344,10
13.0620498657,80.2453613281,44344,44354,10
13.0627603531,80.2448196411,44354,44364,10
13.0633001328,80.2440795898,44364,44375,11
13.0632400513,80.243522644,44375,44385,10
13.0627298355,80.2434005737,44385,44395,10
13.0625896454,80.2433624268,44395,44405,10
13.0623397827,80.2432937622,44405,44415,10
13.0618896484,80.2432022095,44415,44425,10
13.0616197586,80.2431793213,44425,44435,10
13.0614795685,80.2431488037,44435,44445,10
13.0612697601,80.2431182861,44445,44455,10
13.0608301163,80.2429504395,44455,44465,10
13.0603599548,80.2428207397,44465,44476,11
13.0598201752,80.2426605225,44476,44486,10
13.0593204498,80.2425689697,44486,44496,10
13.0588998795,80.2425918579,44496,44506,10
13.0587100983,80.2425994873,44506,44516,10
13.0581102371,80.2427215576,44516,44526,10
13.0570402145,80.2428131104,44526,44556,30
13.0570402145,80.2428131104,44556,44566,10
13.0568199158,80.2426681519,44566,44576,10
13.0563602448,80.2425231934,44576,44587,11
13.0558204651,80.2422790527,44587,44603,16
13.054690361,80.2423706055,44603,44615,12
13.0538797379,80.2422637939,44615,44625,10
13.0538101196,80.2422409058,44625,44634,9
13.0537500381,80.2422180176,44634,44645,11
13.0532999039,80.2419967651,44645,44655,10
13.0527000427,80.2417984009,44655,44664,9
13.0523099899,80.2414016724,44664,44675,11
13.052069664,80.2409667969,44675,44685,10
13.0519800186,80.2408294678,44685,44696,11
13.0518302917,80.2407531738,44696,44705,9
13.0515604019,80.2406692505,44705,44716,11
13.0513000488,80.2406082153,44716,44726,10
13.0510797501,80.2405700684,44726,44736,10
13.0507001877,80.2405090332,44736,44746,10
13.0502099991,80.2404022217,44746,44756,10
13.0498504639,80.2403030396,44756,44766,10
13.0492801666,80.2401580811,44766,44776,10
13.0486001968,80.240020752,44776,44786,10
13.0479602814,80.2399368286,44786,44796,10
13.0476999283,80.2398834229,44796,44807,11
13.0475597382,80.2398376465,44807,44817,10
13.0473899841,80.2397994995,44817,44827,10
13.0471601486,80.2397537231,44827,44837,10
13.0466804504,80.2396621704,44837,44847,10
13.0464601517,80.2396087646,44847,44857,10
13.0463600159,80.2395935059,44857,44867,10
13.0462799072,80.2393569946,44867,44877,10
13.0463600159,80.238822937,44877,44887,10
13.0465497971,80.2381210327,44887,44897,10
13.046620369,80.2375183105,44897,44908,11
13.0467700958,80.2367706299,44908,44918,10
13.0469102859,80.2363128662,44918,44928,10
13.0470399857,80.2359237671,44928,44938,10
13.04708004,80.235710144,44938,44948,10
13.0470600128,80.2353591919,44948,44958,10
13.0471496582,80.23462677,44958,44968,10
13.0472402573,80.2338027954,44968,44979,11
13.0473098755,80.2331237793,44979,44989,10
13.0469703674,80.233001709,44989,44999,10
13.0458803177,80.2328109741,44999,45020,21
13.0454797745,80.2326889038,45020,45040,20
13.0454797745,80.2326889038,45040,45050,10
13.0450801849,80.2325820923,45050,45060,10
13.0445804596,80.2324676514,45060,45070,10
13.0437698364,80.2323608398,45070,45080,10
13.0430498123,80.2322998047,45080,45089,9
13.0423698425,80.2322998047,45089,45100,11
13.0414896011,80.2321624756,45100,45110,10
13.0406103134,80.231880188,45110,45119,9
13.0396900177,80.2316436768,45119,45131,12
13.0384197235,80.2313079834,45131,45141,10
13.0369796753,80.2308273315,45141,45161,20
13.0369796753,80.2308273315,45161,45171,10
13.0368204117,80.230796814,45171,45181,10
13.0364303589,80.230682373,45181,45191,10
13.0360603333,80.2305679321,45191,45201,10
13.0359401703,80.2305297852,45201,45211,10
13.0356197357,80.2304229736,45211,45221,10
13.0350503922,80.2303085327,45221,45231,10
13.0345201492,80.2303771973,45231,45242,11
13.034239769,80.2304077148,45242,45252,10
13.0340499878,80.2304077148,45252,45262,10
13.0337095261,80.2304077148,45262,45272,10
13.033539772,80.2304229736,45272,45282,10
13.0333995819,80.230430603,45282,45292,10
13.0328998566,80.23046875,45292,45302,10
13.0321502686,80.2305603027,45302,45312,10
13.0313901901,80.2306365967,45312,45322,10
13.0306997299,80.2306976318,45322,45332,10
13.030090332,80.2307662964,45332,45343,11
13.0299596786,80.2307891846,45343,45352,9
13.0298595428,80.230796814,45352,45363,11
13.0293998718,80.2308425903,45363,45373,10
13.0288095474,80.2308578491,45373,45382,9
13.0284004211,80.2309265137,45382,45393,11
13.027970314,80.2309570313,45393,45403,10
13.0277500153,80.2309875488,45403,45413,10
13.0276403427,80.2312927246,45413,45423,10
13.0276403427,80.2317810059,45423,45433,10
13.0277004242,80.2323303223,45433,45443,10
13.0276699066,80.2327804565,45443,45454,11
13.0272197723,80.2329025269,45454,45464,10
13.0270996094,80.2329330444,45464,45474,10
13.027009964,80.2329406738,45474,45484,10
13.0268497467,80.2329711914,45484,45494,10
13.0264797211,80.2329101563,45494,45504,10
13.026260376,80.2323074341,45504,45514,10
13.0260696411,80.2314987183,45514,45524,10
13.0257997513,80.2305984497,45524,45534,10
13.0252304077,80.2296905518,45534,45544,10
13.0247602463,80.2291183472,45544,45555,11
13.0247497559,80.2291030884,45555,45565,10
13.0245895386,80.2288818359,45565,45574,9
13.0244197845,80.2286682129,45574,45585,11
13.0240602493,80.2283172607,45585,45595,10
13.0239400864,80.2281799316,45595,45605,10
13.0237503052,80.2279434204,45605,45615,10
13.0233097076,80.2275009155,45615,45625,10
13.0228300095,80.2270202637,45625,45635,10
13.0222396851,80.2264709473,45635,45645,10
13.0215396881,80.2259216309,45645,45655,10
13.0209197998,80.2254486084,45655,45665,10
13.0203895569,80.2250900269,45665,45676,11
13.02023983,80.2249832153,45676,45686,10
13.0198402405,80.2246932983,45686,45696,10
13.019080162,80.2244567871,45696,45706,10
13.018119812,80.2247772217,45706,45716,10
13.0171699524,80.2251586914,45716,45726,10
13.0164699554,80.2254562378,45726,45736,10
13.0158596039,80.2256698608,45736,45746,10
13.0151395798,80.2259368896,45746,45756,10
13.0143003464,80.226272583,45756,45777,21
13.0143003464,80.226272583,45777,45787,10
13.0141296387,80.2263183594,45787,45797,10
13.0137395859,80.2264709473,45797,45807,10
13.0130500793,80.2267227173,45807,45817,10
13.0122404099,80.2270431519,45817,45827,10
13.0113601685,80.2274169922,45827,45837,10
13.0104398727,80.2277984619,45837,45847,10
13.0095901489,80.2281417847,45847,45857,10
13.0090904236,80.2288513184,45857,45867,10
13.0088596344,80.2297592163,45867,45878,11
13.0086297989,80.2308807373,45878,45888,10
13.0084295273,80.2319564819,45888,45898,10
13.0082397461,80.2329788208,45898,45907,9
13.0081501007,80.2336578369,45907,45918,11
13.0081195831,80.2337188721,45918,45928,10
13.0080499649,80.2340393066,45928,45938,10
13.007900238,80.2347106934,45938,45948,10
13.0077199936,80.2355804443,45948,45958,10
13.007519722,80.2365493774,45958,45968,10
13.0073204041,80.2375564575,45968,45978,10
13.0071496964,80.2385101318,45978,45989,11
13.0069103241,80.2396697998,45989,46019,30
13.0069103241,80.2396697998,46019,46029,10
13.0068902969,80.2398681641,46029,46039,10
13.0067796707,80.2403564453,46039,46049,10
13.0066699982,80.2410736084,46049,46059,10
13.0066604614,80.2420196533,46059,46069,10
13.0066604614,80.2428283691,46069,46079,10
13.0066604614,80.243019104,46079,46089,10
13.006649971,80.2432174683,46089,46100,11
13.0066604614,80.2435302734,46100,46110,10
13.0066299438,80.243850708,46110,46120,10
13.0066299438,80.2440185547,46120,46130,10
13.0066299438,80.2442398071,46130,46140,10
13.0066404343,80.2445373535,46140,46150,10
13.0066204071,80.2449035645,46150,46160,10
13.0066299438,80.245262146,46160,46170,10
13.0066604614,80.2457427979,46170,46180,10
13.0066900253,80.2462081909,46180,46190,10
13.0066900253,80.2462463379,46190,46200,10
13.0067195892,80.2464599609,46200,46217,17
13.0067100525,80.2468185425,46217,46229,12
13.0066995621,80.2475891113,46229,46239,10
13.0066900253,80.248260498,46239,46249,10
13.0068101883,80.2496414185,46249,46269,20
13.0068101883,80.2496414185,46269,46279,10
13.0067501068,80.2498779297,46279,46289,10
13.0067195892,80.2504425049,46289,46299,10
13.0067300797,80.2509536743,46299,46309,10
13.0067100525,80.251373291,46309,46320,11
13.0065402985,80.2520065308,46320,46330,10
13.0065603256,80.2525787354,46330,46340,10
13.0065803528,80.253112793,46340,46350,10
13.0065498352,80.2537384033,46350,46885,535
13.0065498352,80.2537384033,46885,46895,10
13.0066003799,80.253868103,46895,46905,10
13.0065698624,80.2541809082,46905,46915,10
13.0065698624,80.2541885376,46915,46925,10
13.0065603256,80.2543792725,46925,46935,10
13.006529808,80.2547302246,46935,46945,10
13.0065202713,80.255241394,46945,46955,10
13.0065402985,80.2560577393,46955,46966,11
13.0065498352,80.2568206787,46966,46976,10
13.0065803528,80.256942749,46976,46986,10
13.0066299438,80.2571868896,46986,46996,10
13.0068101883,80.2577819824,46996,47006,10
13.0072097778,80.2584075928,47006,47016,10
13.0076704025,80.2587738037,47016,47026,10
13.0080099106,80.2590408325,47026,47036,10
13.0077104568,80.259262085,47036,47046,10
13.0072002411,80.2587280273,47046,47066,20
13.0072002411,80.2587280273,47066,47077,11
13.0071001053,80.2585067749,47077,47087,10
13.0068798065,80.2581176758,47087,47097,10
13.0066699982,80.2578201294,47097,47107,10
13.0065603256,80.2574768066,47107,47117,10
13.006529808,80.2570800781,47117,47127,10
13.0064897537,80.2565002441,47127,47137,10
13.0065002441,80.255897522,47137,47147,10
13.0065202713,80.2558364868,47147,47157,10
13.006529808,80.2556762695,47157,47167,10
13.0065402985,80.2555007935,47167,47177,10
13.0065603256,80.2551879883,47177,47188,11
13.0065603256,80.2545318604,47188,47198,10
13.0065498352,80.2538528442,47198,47208,10
13.0065498352,80.2532272339,47208,47218,10
13.0065402985,80.2531433105,47218,47228,10
13.0065002441,80.2530670166,47228,47238,10
13.0065097809,80.2527770996,47238,47248,10
13.0065202713,80.2527008057,47248,47258,10
13.0065498352,80.2525405884,47258,47268,10
13.0066299438,80.2520294189,47268,47278,10
13.0067300797,80.2514419556,47278,47289,11
13.0067796707,80.2506027222,47289,47299,10
13.0067901611,80.2497406006,47299,47309,10
13.0067396164,80.2489700317,47309,47319,10
13.0066699982,80.2483901978,47319,47359,40
13.006649971,80.2480163574,47359,47410,51
13.006649971,80.2480163574,47410,47420,10
13.0066204071,80.2478027344,47420,47430,10
13.0066299438,80.2472381592,47430,47440,10
13.0065498352,80.2465515137,47440,47450,10
13.0065898895,80.2464294434,47450,47460,10
13.006649971,80.2461013794,47460,47470,10
13.006649971,80.2453613281,47470,47480,10
13.0066404343,80.244682312,47480,47490,10
13.0066204071,80.2441482544,47490,47500,10
13.0066003799,80.2434768677,47500,47511,11
13.0065803528,80.2425231934,47511,47521,10
13.0065698624,80.2415084839,47521,47531,10
13.0067100525,80.2405166626,47531,47561,30
13.0067100525,80.2405166626,47561,47571,10
13.0067396164,80.2402420044,47571,47581,10
13.0068597794,80.239730835,47581,47591,10
13.0070199966,80.2389831543,47591,47601,10
13.0071697235,80.2382125854,47601,47611,10
13.0073003769,80.2376098633,47611,47622,11
13.0074396133,80.2367172241,47622,47642,20
13.0074396133,80.2367172241,47642,47652,10
13.0074796677,80.2366409302,47652,47662,10
13.007610321,80.2362594604,47662,47672,10
13.0077495575,80.2356109619,47672,47682,10
13.0078401566,80.2351226807,47682,47692,10
13.0078601837,80.2350463867,47692,47702,10
13.0079298019,80.2345962524,47702,47712,10
13.008099556,80.2338027954,47712,47723,11
13.0083303452,80.2325973511,47723,47733,10
13.0085496902,80.2314300537,47733,47743,10
13.0087099075,80.2305221558,47743,47753,10
13.0089302063,80.2294235229,47753,47763,10
13.0091600418,80.2282562256,47763,47773,10
13.0096197128,80.2271881104,47773,47783,10
13.0101099014,80.2261199951,47783,47793,10
13.0105695724,80.2251663208,47793,47803,10
13.0108699799,80.2245101929,47803,47813,10
13.0113697052,80.22315979,47813,47844,31
13.0113697052,80.22315979,47844,47854,10
13.0115003586,80.2227935791,47854,47864,10
13.0117702484,80.2221908569,47864,47874,10
13.0121202469,80.2214279175,47874,47884,10
13.0125598907,80.2217407227,47884,47894,10
13.0130300522,80.222366333,47894,47904,10
13.0135698318,80.2229919434,47904,47914,10
13.0140600204,80.2235794067,47914,47924,10
13.0144701004,80.2241210938,47924,47934,10
13.0150403976,80.2247009277,47934,47945,11
13.0155096054,80.2249984741,47945,47955,10
13.015540123,80.2250213623,47955,47965,10
13.0157203674,80.2251815796,47965,47981,16
13.0166397095,80.2252502441,47981,47993,12
13.0176200867,80.2248687744,47993,48003,10
13.0184402466,80.2245407104,48003,48013,10
13.0192098618,80.2243728638,48013,48023,10
13.0194501877,80.2244262695,48023,48033,10
13.0196895599,80.2245483398,48033,48043,10
13.0200796127,80.2248306274,48043,48054,11
13.0205602646,80.2251815796,48054,48064,10
13.0208797455,80.225402832,48064,48073,9
13.0211696625,80.2256393433,48073,48084,11
13.0217199326,80.22605896,48084,48094,10
13.0221004486,80.2262878418,48094,48104,10
13.0221099854,80.2263031006,48104,48114,10
13.0221700668,80.2263565063,48114,48124,10
13.0224599838,80.2266464233,48124,48134,10
13.0229701996,80.2271118164,48134,48144,10
13.0235500336,80.2276382446,48144,48154,10
13.0241298676,80.2282409668,48154,48165,11
13.0245103836,80.2287597656,48165,48175,10
13.0248498917,80.2292480469,48175,48185,10
13.0252799988,80.2298126221,48185,48195,10
13.025759697,80.2305908203,48195,48205,10
13.0260000229,80.2312469482,48205,48215,10
13.0264997482,80.2312393188,48215,48225,10
13.0272502899,80.2310562134,48225,48235,10
13.0279598236,80.2309494019,48235,48245,10
13.0285396576,80.2308883667,48245,48255,10
13.0287303925,80.2308731079,48255,48266,11
13.0291900635,80.2308273315,48266,48276,10
13.0296602249,80.2307891846,48276,48286,10
13.0301704407,80.230758667,48286,48296,10
13.0306596756,80.23072052,48296,48306,10
13.0309801102,80.2306671143,48306,48315,9
13.0313196182,80.2306594849,48315,48326,11
13.0319099426,80.2306213379,48326,48336,10
13.0326099396,80.2305679321,48336,48346,10
13.0332803726,80.2304992676,48346,48356,10
13.0339002609,80.2304534912,48356,48366,10
13.0342903137,80.2303771973,48366,48407,41
13.0342903137,80.2303771973,48407,48417,10
13.0345001221,80.2303466797,48417,48427,10
13.034529686,80.2303466797,48427,48437,10
13.0346603394,80.2303314209,48437,48447,10
13.0348796844,80.2303924561,48447,48457,10
13.0349197388,80.2306518555,48457,48467,10
13.0348901749,80.2310180664,48467,48477,10
13.0348501205,80.2313232422,48477,48488,11
13.0347995758,80.2319564819,48488,48498,10
13.0347499847,80.2325592041,48498,48508,10
13.0346298218,80.2331008911,48508,48518,10
13.0345602036,80.2335586548,48518,48528,10
13.0344295502,80.2342681885,48528,48548,20
13.0344295502,80.2342681885,48548,48558,10
13.0343904495,80.2344512939,48558,48568,10
13.034330368,80.2349090576,48568,48578,10
13.0342197418,80.2356491089,48578,48588,10
13.0341501236,80.2363815308,48588,48599,11
13.0342798233,80.2373962402,48599,48619,20
13.0342702866,80.2375488281,48619,48659,40
13.0342197418,80.2376403809,48659,48720,61
13.0342197418,80.2376403809,48720,48730,10
13.0343103409,80.2378921509,48730,48740,10
13.0348796844,80.2385482788,48740,48760,20
13.0348796844,80.2385482788,48760,48770,10
13.0350399017,80.2387084961,48770,48780,10
13.0351800919,80.2389068604,48780,48790,10
13.0353002548,80.239112854,48790,48800,10
13.0355701447,80.2393264771,48800,48811,11
13.036239624,80.239440918,48811,48821,10
13.0369195938,80.2394866943,48821,48831,10
13.0376596451,80.2395782471,48831,48841,10
13.0382900238,80.2396621704,48841,48851,10
13.038860321,80.2397079468,48851,48861,10
13.0394697189,80.2398071289,48861,48871,10
13.0401802063,80.2399368286,48871,48922,51
13.0401802063,80.2399368286,48922,48932,10
13.040430069,80.2400588989,48932,48942,10
13.0404100418,80.2404403687,48942,48952,10
13.0405797958,80.2405471802,48952,48962,10
13.0410404205,80.2406005859,48962,48972,10
13.0410900116,80.2406234741,48972,48982,10
13.0413599014,80.2406616211,48982,48992,10
13.0419397354,80.2407531738,48992,49002,10
13.0427103043,80.2408370972,49002,49012,10
13.0434999466,80.2409286499,49012,49023,11
13.044090271,80.2408828735,49023,49043,20
13.044090271,80.2408828735,49043,49053,10
13.0444602966,80.2406768799,49053,49063,10
13.045009613,80.2402877808,49063,49073,10
13.0455598831,80.2399368286,49073,49083,10
13.0459403992,80.2396621704,49083,49093,10
13.0461902618,80.2395629883,49093,49103,10
13.0464401245,80.2396392822,49103,49113,10
13.0465202332,80.2396392822,49113,49123,10
13.0466995239,80.2396621704,49123,49134,11
13.0472002029,80.2397613525,49134,49144,10
13.0479898453,80.2399215698,49144,49154,10
13.048740387,80.2400817871,49154,49164,10
13.0490198135,80.2401275635,49164,49174,10
13.0492601395,80.2401733398,49174,49184,10
13.0492696762,80.2401733398,49184,49194,10
13.0495195389,80.2402267456,49194,49204,10
13.0499095917,80.2403182983,49204,49214,10
13.0504198074,80.2404174805,49214,49224,10
13.0509195328,80.2405166626,49224,49234,10
13.0513000488,80.2406234741,49234,49245,11
13.0522899628,80.2408294678,49245,49293,48
13.0522899628,80.2408294678,49293,49303,10
13.0524597168,80.2409515381,49303,49313,10
13.0525798798,80.2414474487,49313,49322,9
13.0528802872,80.2417602539,49322,49334,12
13.0540800095,80.2422409058,49334,49355,21
13.0540800095,80.2422409058,49355,49365,10
13.0542602539,80.2422866821,49365,49375,10
13.0547103882,80.2423400879,49375,49385,10
13.055390358,80.2422332764,49385,49395,10
13.0564002991,80.2425613403,49395,49425,30
13.0564002991,80.2425613403,49425,49444,19
13.0570201874,80.242729187,49444,49456,12
13.0575199127,80.242767334,49456,49467,11
13.0580596924,80.2427368164,49467,49477,10
13.0586299896,80.2426605225,49477,49487,10
13.0590400696,80.2425613403,49487,49497,10
13.0594596863,80.2425384521,49497,49507,10
13.0599002838,80.2426681519,49507,49517,10
13.0602197647,80.2427978516,49517,49527,10
13.0604896545,80.2428894043,49527,49537,10
13.0607995987,80.242980957,49537,49547,10
13.0611000061,80.243057251,49547,49557,10
13.0613002777,80.2431335449,49557,49568,11
13.0618095398,80.2432174683,49568,49578,10
13.0624504089,80.2433166504,49578,49598,20
13.0624504089,80.2433166504,49598,49607,9
13.062620163,80.2433624268,49607,49618,11
13.0631198883,80.2434463501,49618,49628,10
13.0635995865,80.2434768677,49628,49638,10
13.064040184,80.2435302734,49638,49648,10
13.0647201538,80.2435302734,49648,49658,10
13.0655202866,80.2435379028,49658,49699,41
13.0655202866,80.2435379028,49699,49709,10
13.0658903122,80.2434234619,49709,49730,21
13.0668897629,80.2431411743,49730,49742,12
13.0676298141,80.2428588867,49742,49752,10
13.0683202744,80.2426528931,49752,49762,10
13.0688199997,80.242477417,49762,49772,10
13.0693397522,80.2422637939,49772,49783,11
13.070110321,80.2421264648,49783,49803,20
13.070110321,80.2421264648,49803,49814,11
13.0704402924,80.2420196533,49814,49824,10
13.0709695816,80.241859436,49824,49834,10
13.0716104507,80.2415771484,49834,49844,10
13.072259903,80.2411804199,49844,49854,10
13.0728998184,80.2408370972,49854,49864,10
13.0735998154,80.2406311035,49864,49874,10
13.0743598938,80.2404937744,49874,49884,10
13.0752401352,80.2404785156,49884,49895,11
13.076210022,80.2404785156,49895,49905,10
13.0769395828,80.2405929565,49905,49915,10
13.0771198273,80.2402877808,49915,49925,10
13.0770301819,80.239616394,49925,49935,10
13.0768003464,80.2389297485,49935,50046,111
13.0768003464,80.2389297485,50046,50056,10
13.0767202377,80.2386398315,50056,50066,10
13.076669693,80.2384567261,50066,50076,10
13.0766201019,80.2380599976,50076,50086,10
13.0764503479,80.2372970581,50086,50107,21
13.0764503479,80.2372970581,50107,50117,10
13.0764198303,80.2371902466,50117,50127,10
13.0763196945,80.2367095947,50127,50137,10
13.0762395859,80.236038208,50137,50147,10
13.0761003494,80.2352600098,50147,50157,10
13.0759096146,80.2345275879,50157,50167,10
13.0757703781,80.2340164185,50167,50187,20
13.0757703781,80.2340164185,50187,50197,10
13.0757598877,80.2339477539,50197,50207,10
13.0760402679,80.2337417603,50207,50218,11
13.0766801834,80.2337188721,50218,50228,10
13.0774497986,80.2336196899,50228,50238,10
13.0781803131,80.2335891724,50238,50248,10
13.0789203644,80.233543396,50248,50258,10
13.0796203613,80.233543396,50258,50268,10
13.0801496506,80.2335281372,50268,50278,10
13.080280304,80.2335510254,50278,50288,10
13.0804100037,80.2335510254,50288,50298,10
13.0808401108,80.2335662842,50298,50308,10
13.0815496445,80.2335968018,50308,50318,10
13.0819301605,80.2335128784,50318,50329,11
13.0820198059,80.2329483032,50329,50339,10
13.0822296143,80.2321777344,50339,50349,10
13.0825195313,80.2313232422,50349,50359,10
13.0825901031,80.2311477661,50359,50369,10
13.08273983,80.2308425903,50369,50379,10
13.0830898285,80.23072052,50379,50389,10
13.0831699371,80.2313766479,50389,50399,10
13.0831804276,80.2322235107,50399,50409,10
13.0833396912,80.2329788208,50409,50419,10
13.0834598541,80.2336807251,50419,50430,11
13.0840396881,80.2339782715,50430,50490,60
13.0840396881,80.2339782715,50490,50500,10
13.08452034,80.2341308594,50500,50510,10
13.0849704742,80.2342376709,50510,50520,10
13.0857601166,80.2343978882,50520,50530,10
13.0865402222,80.2345428467,50530,50541,11
13.0874099731,80.234588623,50541,50551,10
13.0879402161,80.2340164185,50551,50561,10
13.0880899429,80.2330627441,50561,50571,10
13.0883398056,80.2319412231,50571,50581,10
13.088640213,80.2310791016,50581,50591,10
13.0888996124,80.230506897,50591,50601,10
13.0889101028,80.2304992676,50601,50611,10
13.0890798569,80.230178833,50611,50621,10
13.0894298553,80.2295303345,50621,50631,10
13.0900297165,80.2288131714,50631,50641,10
13.0907096863,80.2280807495,50641,50652,11
13.0913496017,80.2273635864,50652,50662,10
13.0915403366,80.227180481,50662,50672,10
13.0918798447,80.2268676758,50672,50682,10
13.0924196243,80.2263183594,50682,50692,10
13.0930299759,80.225692749,50692,50702,10
13.093629837,80.2250289917,50702,50712,10
13.0941801071,80.2243728638,50712,50722,10
13.0947999954,80.2235031128,50722,50732,10
13.095199585,80.2226409912,50732,50742,10
13.095290184,80.2224273682,50742,50752,10
13.0954704285,80.2219772339,50752,50769,17
13.0959501266,80.2206192017,50769,50781,12
13.0963001251,80.2195968628,50781,50790,9
13.0965003967,80.2190628052,50790,50801,11
13.0965995789,80.2186889648,50801,50811,10
13.096619606,80.2186126709,50811,50822,11
13.0966796875,80.2184906006,50822,50832,10
13.0968103409,80.2181396484,50832,50842,10
13.0972204208,80.2169723511,50842,50863,21
13.0972204208,80.2169723511,50863,50873,10
13.0973396301,80.2166671753,50873,50883,10
13.0975799561,80.2160720825,50883,50893,10
13.0978899002,80.2153167725,50893,50903,10
13.0983200073,80.2143173218,50903,50923,20
13.0983200073,80.2143173218,50923,50933,10
13.0984296799,80.2141189575,50933,50943,10
13.0988798141,80.2141113281,50943,50953,10
13.0994501114,80.2143096924,50953,50963,10
13.0998401642,80.2144165039,50963,50974,11
13.100279808,80.2145385742,50974,50994,20
13.100279808,80.2145385742,50994,51004,10
13.1005096436,80.2146377563,51004,51024,20
13.1005096436,80.2146377563,51024,51034,10
13.1005601883,80.21484375,51034,51044,10
13.1003103256,80.2153625488,51044,51054,10
13.1000299454,80.2159729004,51054,51064,10
13.0999803543,80.2160568237,51064,51074,10
13.0998897552,80.2158889771,51074,51085,11
13.100060463,80.2154998779,51085,51095,10
13.100230217,80.2151184082,51095,51105,10
13.1003303528,80.2148971558,51105,52023,918
13.1003303528,80.2148971558,52023,52033,10
13.1002702713,80.2145690918,52033,52043,10
13.100060463,80.2144393921,52043,52054,11
13.0998001099,80.2143707275,52054,52064,10
13.0993795395,80.2142562866,52064,52074,10
13.0989198685,80.2141113281,52074,52084,10
13.0984601974,80.2140579224,52084,52094,10
13.0982503891,80.2145462036,52094,52104,10
13.097990036,80.2151794434,52104,52114,10
13.0976896286,80.2159194946,52114,52124,10
13.0973901749,80.2166290283,52124,52134,10
13.0973300934,80.2167510986,52134,52144,10
13.0971899033,80.2171020508,52144,52155,11
13.0969104767,80.2178497314,52155,52165,10
13.0966396332,80.2186584473,52165,52175,10
13.0963401794,80.219581604,52175,52185,10
13.0960197449,80.2204818726,52185,52195,10
13.0957403183,80.2212677002,52195,52205,10
13.0955295563,80.2218933105,52205,52215,10
13.0953598022,80.2223815918,52215,52225,10
13.0952796936,80.2225494385,52225,52235,10
13.0951299667,80.2229309082,52235,52245,10
13.0947599411,80.2235794067,52245,52255,10
13.0942001343,80.2243728638,52255,52266,11
13.0935897827,80.2251205444,52266,52276,10
13.0931396484,80.2256011963,52276,52286,10
13.0925598145,80.2261810303,52286,52296,10
13.0919303894,80.2268066406,52296,52306,10
13.0911798477,80.2276535034,52306,52346,40
13.0911798477,80.2276535034,52346,52356,10
13.0910100937,80.2278366089,52356,52366,10
13.0906896591,80.2281570435,52366,52377,11
13.0902004242,80.2286834717,52377,52387,10
13.0896997452,80.2292175293,52387,52403,16
13.0891504288,80.2301177979,52403,52415,12
13.0890302658,80.2303466797,52415,52425,10
13.0888595581,80.2306900024,52425,52435,10
13.0887899399,80.2308425903,52435,52445,10
13.0887403488,80.2309875488,52445,52455,10
13.0886497498,80.2311706543,52455,52465,10
13.0886001587,80.2313308716,52465,52475,10
13.0884599686,80.2316818237,52475,52486,11
13.0882501602,80.2323913574,52486,52496,10
13.0880699158,80.2331237793,52496,52507,11
13.08796978,80.2340164185,52507,52517,10
13.0876398087,80.2345428467,52517,52527,10
13.0868301392,80.2345123291,52527,52537,10
13.0861196518,80.2343978882,52537,52547,10
13.0860500336,80.2343826294,52547,52557,10
13.0857601166,80.2342910767,52557,52567,10
13.0851602554,80.234161377,52567,52577,10
13.0844602585,80.2340011597,52577,52587,10
13.0840196609,80.2339401245,52587,52598,11
13.0833501816,80.2338027954,52598,52608,10
13.0823497772,80.2336196899,52608,52628,20
13.0823497772,80.2336196899,52628,52638,10
13.0820302963,80.233581543,52638,52647,9
13.0818595886,80.2335586548,52647,52658,11
13.0812997818,80.2335205078,52658,52668,10
13.0805997849,80.2335205078,52668,52678,10
13.0798902512,80.2334823608,52678,52688,10
13.0795001984,80.2334671021,52688,52699,11
13.0793199539,80.2334899902,52699,52709,10
13.0787801743,80.2335205078,52709,52719,10
13.0780696869,80.2335586548,52719,52729,10
13.0771903992,80.2336502075,52729,52739,10
13.0764102936,80.2337417603,52739,52759,20
13.0764102936,80.2337417603,52759,52769,10
13.0761203766,80.2338485718,52769,52779,10
13.075920105,80.2338409424,52779,52789,10
13.0757799149,80.2340164185,52789,52799,10
13.075920105,80.2344665527,52799,52810,11
13.075969696,80.2346496582,52810,52820,10
13.0760698318,80.2351989746,52820,52830,10
13.0762195587,80.2360305786,52830,52840,10
13.0764303207,80.2372207642,52840,52870,30
13.0764303207,80.2372207642,52870,52880,10
13.0764703751,80.2374267578,52880,52890,10
13.0765695572,80.2378311157,52890,52900,10
13.0767097473,80.2385177612,52900,52911,11
13.0768995285,80.2393264771,52911,52921,10
13.0770397186,80.2399215698,52921,52931,10
13.0771303177,80.2402114868,52931,52941,10
13.0771799088,80.2404174805,52941,52951,10
13.0773000717,80.2408981323,52951,52961,10
13.0773696899,80.2412872314,52961,52971,10
13.0774097443,80.241607666,52971,52981,10
13.0775604248,80.2422790527,52981,52991,10
13.0776996613,80.2431182861,52991,53001,10
13.077750206,80.2440032959,53001,53011,10
13.0777997971,80.2448577881,53011,53022,11
13.0779104233,80.2459335327,53022,53032,10
13.0780801773,80.2467422485,53032,53042,10
13.0782604218,80.2476806641,53042,53052,10
13.0784301758,80.2485809326,53052,53062,10
13.0786104202,80.2492370605,53062,53072,10
13.0787200928,80.249961853,53072,53082,10
13.0784797668,80.250541687,53082,53092,10
13.0785303116,80.2511825562,53092,53102,10
13.0784702301,80.2515792847,53102,53112,10
13.078379631,80.2516174316,53112,53122,10
13.0780200958,80.2517166138,53122,53133,11
13.0772800446,80.2518615723,53133,53143,10
13.0765600204,80.251991272,53143,53153,10
13.0756702423,80.2521362305,53153,53163,10
13.0749397278,80.2522125244,53163,53173,10
13.0745401382,80.2522583008,53173,53183,10
13.0740699768,80.2524108887,53183,53193,10
13.0734796524,80.2524719238,53193,53203,10
13.0727901459,80.2523803711,53203,53213,10
13.0722198486,80.2520523071,53213,53223,10
13.0720701218,80.2513427734,53223,53233,10
13.0719604492,80.2507781982,53233,53244,11
13.0717096329,80.2500686646,53244,53254,10
13.0715103149,80.2492218018,53254,53264,10
13.0713195801,80.2482376099,53264,53274,10
13.0710096359,80.2473526001,53274,53284,10
13.0705900192,80.2464828491,53284,53294,10
13.0701503754,80.2455368042,53294,53304,10
13.0697603226,80.2445831299,53304,53314,10
13.0693397522,80.2433319092,53314,53334,20
13.0693397522,80.2433319092,53334,53344,10
13.0693397522,80.2432403564,53344,53361,17
13.0691204071,80.242477417,53361,53373,12
13.0682096481,80.2426300049,53373,53383,10
13.0672903061,80.2429580688,53383,53393,10
13.0664300919,80.2433319092,53393,53402,9
13.0661001205,80.2438201904,53402,53416,14
13.0662097931,80.2448577881,53416,53426,10
13.0663995743,80.2457122803,53426,53436,10
13.067150116,80.2461471558,53436,53446,10
13.0677995682,80.2465362549,53446,53456,10
13.0678100586,80.2465820313,53456,53467,11
13.0678701401,80.2469329834,53467,53477,10
13.0678396225,80.247543335,53477,53487,10
13.0676298141,80.2479171753,53487,53510,23
13.0660600662,80.247833252,53510,53522,12
13.0650501251,80.2477874756,53522,53532,10
13.064160347,80.2477111816,53532,53542,10
13.0635499954,80.2476425171,53542,53552,10
13.0630197525,80.2475814819,53552,53562,10
13.0624198914,80.2475585938,53562,53573,11
13.0617198944,80.247467041,53573,53583,10
13.061340332,80.2469863892,53583,53592,9
13.06153965,80.2466964722,53592,53604,12
13.0618200302,80.2463378906,53604,53614,10
13.0619897842,80.2456665039,53614,53624,10
13.062330246,80.2450408936,53624,53634,10
13.0628204346,80.244720459,53634,53644,10
13.0630903244,80.2443466187,53644,53654,10
13.0631399155,80.2442703247,53654,53664,10
13.0633401871,80.2439498901,53664,53674,10
13.0633096695,80.2434921265,53674,53685,11
13.0627098083,80.2433776855,53685,53694,9
13.0622596741,80.2433166504,53694,53705,11
13.0616102219,80.2431869507,53705,53715,10
13.0613203049,80.2431411743,53715,53725,10
13.06112957,80.2431106567,53725,53735,10
13.0605897903,80.2428970337,53735,53745,10
13.0604400635,80.2428436279,53745,53755,10
13.0600996017,80.2427215576,53755,53765,10
13.0595598221,80.2425613403,53765,53775,10
13.0590000153,80.2425765991,53775,53786,11
13.0587797165,80.2426071167,53786,53796,10
13.0586204529,80.2426528931,53796,53806,10
13.0581197739,80.2426986694,53806,53816,10
13.0571899414,80.2428131104,53816,53836,20
13.0571899414,80.2428131104,53836,53846,10
13.0569801331,80.2427062988,53846,53856,10
13.0565900803,80.2425689697,53856,53866,10
13.0560998917,80.2423706055,53866,53876,10
13.0555400848,80.2422409058,53876,53886,10
13.054889679,80.2423095703,53886,53897,11
13.0541496277,80.2422866821,53897,53907,10
13.0536804199,80.2421569824,53907,53917,10
13.0536804199,80.242149353,53917,53927,10
13.0534000397,80.2420120239,53927,53937,10
13.0528202057,80.2417984009,53937,53987,50
13.0528202057,80.2417984009,53987,53997,10
13.0525903702,80.2416992188,53997,54008,11
13.0522298813,80.2412414551,54008,54018,10
13.0519599915,80.2408065796,54018,54028,10
13.0516395569,80.2407073975,54028,54038,10
13.0510797501,80.2405700684,54038,54048,10
13.0508403778,80.2405166626,54048,54058,10
13.0505399704,80.2404632568,54058,54068,10
13.0499897003,80.2403488159,54068,54078,10
13.0493202209,80.2401885986,54078,54088,10
13.0487604141,80.2400588989,54088,54098,10
13.0482196808,80.2399597168,54098,54108,10
13.0475502014,80.2397689819,54108,54119,11
13.0468997955,80.2396316528,54119,54129,10
13.0462999344,80.2394866943,54129,54139,10
13.0462303162,80.2394790649,54139,54149,10
13.0462503433,80.2392578125,54149,54165,16
13.0464801788,80.2387084961,54165,54177,12
13.04666996,80.2379837036,54177,54187,10
13.046790123,80.2374572754,54187,54197,10
13.0469503403,80.2366027832,54197,54207,10
13.0470199585,80.2360610962,54207,54217,10
13.04708004,80.2357406616,54217,54228,11
13.0471200943,80.2354202271,54228,54238,10
13.0471801758,80.2348632813,54238,54248,10
13.0472202301,80.2341766357,54248,54258,10
13.0473299026,80.2337036133,54258,54268,10
13.0473604202,80.2333602905,54268,54277,9
13.0474004745,80.2332000732,54277,54288,11
13.047249794,80.233039856,54288,54298,10
13.0467100143,80.2329483032,54298,54308,10
13.0460100174,80.2327728271,54308,54318,10
13.0453996658,80.232673645,54318,54329,11
13.0451698303,80.2326278687,54329,54339,10
13.0450801849,80.2325820923,54339,54349,10
13.0447597504,80.2325134277,54349,54359,10
13.0443401337,80.2324295044,54359,54369,10
13.0436697006,80.2322998047,54369,54379,10
13.0430202484,80.2322616577,54379,54389,10
13.042429924,80.2322616577,54389,54399,10
13.0417404175,80.232208252,54399,54409,10
13.0411500931,80.2320785522,54409,54419,10
13.0402402878,80.2317581177,54419,54428,9
13.0394897461,80.2315292358,54428,54440,12
13.0384998322,80.231262207,54440,54450,10
13.0376396179,80.2309875488,54450,54460,10
13.0368204117,80.23072052,54460,54470,10
13.036450386,80.2306594849,54470,54480,10
13.0356998444,80.2303695679,54480,54490,10
13.0352201462,80.2302322388,54490,54500,10
13.0347499847,80.2302398682,54500,54510,10
13.0342302322,80.2303619385,54510,54520,10
13.0340099335,80.2303771973,54520,54530,10
13.0338001251,80.2303924561,54530,54551,21
13.0338001251,80.2303924561,54551,54561,10
13.033490181,80.2304000854,54561,54571,10
13.0328397751,80.2304763794,54571,54581,10
13.0321102142,80.2305679321,54581,54591,10
13.0311899185,80.2306518555,54591,54601,10
13.0306301117,80.2306976318,54601,54611,10
13.0299196243,80.2307662964,54611,54641,30
13.0299196243,80.2307662964,54641,54651,10
13.0296802521,80.2307662964,54651,54662,11
13.0291900635,80.2308273315,54662,54672,10
13.028670311,80.2308883667,54672,54682,10
13.0280704498,80.2309494019,54682,54692,10
13.0277395248,80.23097229,54692,54702,10
13.0276403427,80.2311782837,54702,54712,10
13.0276699066,80.2316589355,54712,54722,10
13.0277204514,80.2321090698,54722,54732,10
13.0277795792,80.2325363159,54732,54742,10
13.0275602341,80.2327804565,54742,54752,10
13.02684021,80.2329788208,54752,54823,71
13.02684021,80.2329788208,54823,54833,10
13.0265398026,80.2329788208,54833,54843,10
13.0263204575,80.232749939,54843,54853,10
13.0261602402,80.2321777344,54853,54863,10
13.0260400772,80.2316131592,54863,54874,11
13.0258197784,80.2307281494,54874,54884,10
13.0252304077,80.2297286987,54884,54894,10
13.0245304108,80.2288513184,54894,54904,10
13.0240402222,80.2283172607,54904,54914,10
13.0239896774,80.2282791138,54914,54924,10
13.0238199234,80.2280502319,54924,54934,10
13.0234298706,80.2276382446,54934,54944,10
13.0231704712,80.2273635864,54944,54954,10
13.0227203369,80.2268981934,54954,54964,10
13.0220403671,80.22631073,54964,54974,10
13.021320343,80.225730896,54974,54985,11
13.0198802948,80.2247619629,54985,55005,20
13.0198802948,80.2247619629,55005,55015,10
13.0196695328,80.2246322632,55015,55025,10
13.018910408,80.2244796753,55025,55035,10
13.0178899765,80.2248382568,55035,55045,10
13.01679039,80.2252883911,55045,55055,10
13.0157804489,80.2256393433,55055,55065,10
13.0147695541,80.2260513306,55065,55075,10
13.0142803192,80.2262573242,55075,55085,10
13.0141897202,80.2263031006,55085,55096,11
13.0141201019,80.2263412476,55096,55106,10
13.0136899948,80.2264862061,55106,55116,10
13.0129804611,80.2267837524,55116,55126,10
13.012049675,80.2271499634,55126,55136,10
13.0109996796,80.2275619507,55136,55146,10
13.0101099014,80.2279281616,55146,55156,10
13.0092601776,80.2283935547,55156,55165,9
13.0090103149,80.2292022705,55165,55176,11
13.0087795258,80.2302932739,55176,55186,10
13.0085802078,80.2313995361,55186,55197,11
13.0083198547,80.2326812744,55197,55207,10
13.0081796646,80.2336807251,55207,55217,10
13.0081596375,80.2337417603,55217,55227,10
13.0080795288,80.2340927124,55227,55237,10
13.0079298019,80.2347869873,55237,55247,10
13.0077400208,80.2357635498,55247,55257,10
13.007519722,80.2368774414,55257,55267,10
13.0072898865,80.237991333,55267,55277,10
13.0071001053,80.2390365601,55277,55279,2
13.0068798065,80.2400970459,55279,55356,77
13.0068798065,80.2400970459,55356,55366,10
13.0068101883,80.2403488159,55366,55376,10
13.0067901611,80.2407226563,55376,55386,10
13.0067396164,80.2409210205,55386,55396,10
13.0066900253,80.2416381836,55396,55406,10
13.0066795349,80.2426605225,55406,55418,12
13.0066604614,80.243850708,55418,55430,12
13.0066404343,80.2447662354,55430,55439,9
13.0066699982,80.2457885742,55439,55450,11
13.0067300797,80.2465667725,55450,55460,10
13.0067396164,80.2470626831,55460,55470,10
13.0067300797,80.2472229004,55470,55480,10
13.0066900253,80.2475662231,55480,55490,10
13.0066900253,80.2481384277,55490,55500,10
13.0067195892,80.2488174438,55500,55510,10
13.0068101883,80.2494735718,55510,55521,11
13.0068101883,80.2496185303,55521,55531,10
13.0067996979,80.2497634888,55531,55541,10
13.0067596436,80.2502975464,55541,55551,10
13.0067796707,80.2509002686,55551,55561,10
13.0067796707,80.2511291504,55561,55581,20
13.0067796707,80.2511291504,55581,55591,10
13.0067796707,80.2513275146,55591,55601,10
13.0067100525,80.2517623901,55601,55611,10
13.0065603256,80.2524719238,55611,55621,10
13.0065402985,80.2532272339,55621,55632,11
13.0065402985,80.2540817261,55632,55642,10
13.0065803528,80.2547836304,55642,55652,10
13.0065803528,80.2550201416,55652,55662,10
13.0065803528,80.2551193237,55662,55672,10
13.0066003799,80.2555465698,55672,55682,10
13.0065803528,80.2563018799,55682,55692,10
13.0065803528,80.257019043,55692,55702,10
13.0063896179,80.2575531006,55702,55712,10
13.0058898926,80.2574615479,55712,55728,16
13.0049295425,80.2572097778,55728,55740,12
13.0041399002,80.2570037842,55740,55751,11
13.0034999847,80.2568817139,55751,55761,10
13.0028095245,80.2567596436,55761,55771,10
13.0022001266,80.2566375732,55771,55781,10
13.0016298294,80.2565536499,55781,55821,40
13.0016298294,80.2565536499,55821,55831,10
13.0012197495,80.256477356,55831,55841,10
13.0007200241,80.2564163208,55841,55852,11
13.0000095367,80.2563095093,55852,55882,30
13.0000095367,80.2563095093,55882,55892,10
12.9996204376,80.2562179565,55892,55902,10
12.9993801117,80.2561798096,55902,55912,10
12.99903965,80.2561264038,55912,55922,10
12.9986600876,80.256072998,55922,55932,10
12.9981603622,80.2560272217,55932,55942,10
12.9972000122,80.2559585571,55942,55963,21
12.9972000122,80.2559585571,55963,55973,10
12.996919632,80.2559814453,55973,55983,10
12.9968500137,80.2565231323,55983,55993,10
12.9968204498,80.2567901611,55993,56003,10
12.9968004227,80.2570114136,56003,56013,10
12.9967403412,80.2576599121,56013,56023,10
12.9966497421,80.2585830688,56023,56033,10
12.9965400696,80.259437561,56033,56043,10
12.9964599609,80.2601089478,56043,56053,10
12.9964199066,80.2607879639,56053,56064,11
12.9963598251,80.2614898682,56064,56074,10
12.9963102341,80.2620391846,56074,56084,10
12.9961996078,80.2624664307,56084,56094,10
12.9961204529,80.2625808716,56094,56104,10
12.9961299896,80.2630386353,56104,56114,10
12.9960803986,80.2636871338,56114,56124,10
12.9959697723,80.2646026611,56124,56140,16
12.9958095551,80.2661972046,56140,56152,12
12.9956998825,80.2673110962,56152,56161,9
12.9959001541,80.2676773071,56161,56173,12
12.9961395264,80.2677078247,56173,56183,10
12.9962997437,80.2677230835,56183,56193,10
12.9968204498,80.2676925659,56193,56203,10
12.9975004196,80.2675018311,56203,56211,8
12.9979896545,80.2673492432,56211,56222,11
12.9987602234,80.2671585083,56222,56234,12
12.9996099472,80.2668991089,56234,56244,10
13.0000801086,80.2665328979,56244,56254,10
13.0000896454,80.2664794922,56254,56263,9
13.0001401901,80.2663726807,56263,56273,10
13.0001897812,80.2660675049,56273,56285,12
13.0002698898,80.2657012939,56285,56295,10
13.0003499985,80.2661209106,56295,56648,353
13.0003499985,80.2661209106,56648,56658,10
13.0002698898,80.2664031982,56658,56678,20
13.0002698898,80.2664031982,56678,56688,10
13.0002698898,80.2666168213,56688,56698,10
13.0001401901,80.2668609619,56698,56708,10
12.9998598099,80.266960144,56708,56719,11
12.9995002747,80.2670974731,56719,56729,10
12.9991397858,80.2672195435,56729,56739,10
12.9987297058,80.267326355,56739,56749,10
12.9981603622,80.2674713135,56749,56765,16
12.997179985,80.2677536011,56765,56777,12
12.9964199066,80.267829895,56777,56787,10
12.9958896637,80.2677764893,56787,56797,10
12.9956998825,80.2674102783,56797,56807,10
12.9956998825,80.2673110962,56807,56817,10
12.995759964,80.2668762207,56817,56828,11
12.9958295822,80.2661590576,56828,56838,10
12.9959096909,80.2654571533,56838,56848,10
12.9959897995,80.2648010254,56848,56857,9
12.9960603714,80.2642974854,56857,56868,11
12.9961204529,80.2636413574,56868,56878,10
12.9961900711,80.2629013062,56878,56888,10
12.9962396622,80.262588501,56888,56898,10
12.9962596893,80.2623672485,56898,56908,10
12.9962997437,80.2619628906,56908,56918,10
12.9963798523,80.2614822388,56918,56929,11
12.9964399338,80.2607727051,56929,56939,10
12.9965295792,80.2600784302,56939,56949,10
12.9965696335,80.2595062256,56949,56959,10
12.9965896606,80.2593994141,56959,56969,10
12.996629715,80.2589874268,56969,56979,10
12.9966802597,80.2584762573,56979,56989,10
12.996720314,80.2579879761,56989,56999,10
12.9967899323,80.2574462891,56999,57009,10
12.9968395233,80.2568817139,57009,57019,10
12.9968700409,80.2562713623,57019,57050,31
12.9968700409,80.2562713623,57050,57060,10
12.997010231,80.2558670044,57060,57070,10
12.9974603653,80.2558898926,57070,57080,10
12.9979400635,80.2559280396,57080,57090,10
12.9985599518,80.2559890747,57090,57100,10
12.9988603592,80.2560424805,57100,57110,10
12.9989795685,80.2560882568,57110,57120,10
12.9990797043,80.256111145,57120,57130,10
12.9992399216,80.256149292,57130,57140,10
12.999710083,80.2562408447,57140,57151,11
13.0003595352,80.2563934326,57151,57161,10
13.0008802414,80.2564926147,57161,57171,10
13.0013399124,80.2565765381,57171,57181,10
13.0016298294,80.2566223145,57181,57197,16
13.0024003983,80.2567214966,57197,57209,12
13.0028896332,80.2568206787,57209,57219,10
13.0033197403,80.2568969727,57219,57229,10
13.0038604736,80.256980896,57229,57239,10
13.0044002533,80.2570877075,57239,57249,10
13.00481987,80.2571868896,57249,57260,11
13.0052995682,80.2572402954,57260,57270,10
13.005900383,80.2573623657,57270,57280,10
13.0062398911,80.2574005127,57280,57290,10
13.0064001083,80.2574081421,57290,57300,10
13.0065002441,80.2571792603,57300,57310,10
13.0064897537,80.2565994263,57310,57320,10
13.0064897537,80.2559509277,57320,57330,10
13.0065002441,80.2555618286,57330,57340,10
13.0065803528,80.2549972534,57340,57350,10
13.0065097809,80.2543411255,57350,57361,11
13.006529808,80.2538223267,57361,57371,10
13.0065498352,80.2534408569,57371,57391,20
13.0065498352,80.2534408569,57391,57401,10
13.0065603256,80.2531509399,57401,57451,50
13.0065603256,80.2531509399,57451,57461,10
13.0065402985,80.2530517578,57461,57472,11
13.0065498352,80.2527389526,57472,57482,10
13.0065603256,80.2525024414,57482,57492,10
13.006649971,80.2520294189,57492,57573,81
13.006649971,80.2520294189,57573,57583,10
13.0067396164,80.2517166138,57583,57593,10
13.0068101883,80.251121521,57593,57603,10
13.0068101883,80.2502212524,57603,57613,10
13.0067796707,80.2494430542,57613,57623,10
13.0067396164,80.2490692139,57623,57633,10
13.0066900253,80.2483520508,57633,57643,10
13.0066604614,80.2476730347,57643,57694,51
13.0066604614,80.2476730347,57694,57704,10
13.0066404343,80.2472381592,57704,57714,10
13.0065898895,80.2466964722,57714,57724,10
13.0065803528,80.2466812134,57724,57734,10
13.0066099167,80.2464828491,57734,57744,10
13.0066003799,80.2459030151,57744,57754,10
13.0066003799,80.2454910278,57754,57764,10
13.0065898895,80.2452926636,57764,57774,10
13.0065898895,80.2450637817,57774,57784,10
13.0065803528,80.2448501587,57784,57795,11
13.0065898895,80.2446212769,57795,57805,10
13.0066099167,80.244392395,57805,57815,10
13.0066099167,80.2441635132,57815,57825,10
13.0065898895,80.2437820435,57825,57835,10
13.0065698624,80.2432785034,57835,57845,10
13.0065498352,80.2425918579,57845,57855,10
13.0065402985,80.2417907715,57855,57865,10
13.0065498352,80.2417221069,57865,57875,10
13.0065803528,80.2413482666,57875,57885,10
13.0066404343,80.2407226563,57885,57895,10
13.006649971,80.2406616211,57895,57906,11
13.0066900253,80.2405776978,57906,57916,10
13.0067396164,80.2402191162,57916,57926,10
13.0068702698,80.2395706177,57926,57936,10
13.007060051,80.2386627197,57936,57946,10
13.0073900223,80.2369003296,57946,57974,28
13.0073900223,80.2369003296,57974,57982,8
13.0074501038,80.2367095947,57982,57994,12
13.0076198578,80.2360534668,57994,58004,10
13.0077400208,80.235458374,58004,58015,11
13.0078601837,80.2347335815,58015,58025,10
13.0080404282,80.2338104248,58025,58034,9
13.0082302094,80.2328414917,58034,58045,11
13.0085096359,80.2315826416,58045,58055,10
13.0087299347,80.2304382324,58055,58064,9
13.0089197159,80.2294616699,58064,58075,11
13.0091199875,80.2284164429,58075,58085,10
13.009519577,80.2273788452,58085,58095,10
13.0099697113,80.2264175415,58095,58105,10
13.0104598999,80.2254180908,58105,58116,11
13.010720253,80.224822998,58116,58126,10
13.0109100342,80.2243423462,58126,58136,10
13.0111703873,80.2236709595,58136,58146,10
13.011349678,80.2232589722,58146,58156,10
13.0114402771,80.2231292725,58156,58166,10
13.0116701126,80.2226028442,58166,58176,10
13.0119895935,80.2217788696,58176,58186,10
13.012430191,80.2216415405,58186,58196,10
13.0128602982,80.2221984863,58196,58206,10
13.0134296417,80.2228622437,58206,58217,11
13.0139598846,80.2234725952,58217,58226,9
13.014289856,80.2238311768,58226,58237,11
13.0148601532,80.2244796753,58237,58247,10
13.01541996,80.224937439,58247,58257,10
13.0155200958,80.2250213623,58257,58267,10
13.0156898499,80.2251968384,58267,58277,10
13.0163602829,80.2253494263,58277,58287,10
13.0173597336,80.2250213623,58287,58297,10
13.0184001923,80.2246017456,58297,58307,10
13.0192203522,80.2243804932,58307,58317,10
13.0196800232,80.2245178223,58317,58328,11
13.0200996399,80.2248382568,58328,58338,10
13.0205602646,80.2251663208,58338,58348,10
13.0209197998,80.225440979,58348,58358,10
13.0213403702,80.2258071899,58358,58368,10
13.021900177,80.2261810303,58368,58388,20
13.021900177,80.2261810303,58388,58398,10
13.0221004486,80.2263870239,58398,58408,10
13.022480011,80.2267227173,58408,58418,10
13.0230197906,80.2272033691,58418,58428,10
13.0235204697,80.2276611328,58428,58439,11
13.0240697861,80.2281723022,58439,58449,10
13.0243997574,80.2285614014,58449,58458,9
13.0247402191,80.2290802002,58458,58469,11
13.0251703262,80.2296600342,58469,58479,10
13.0256500244,80.2303237915,58479,58489,10
13.0257997513,80.2305679321,58489,58499,10
13.0258703232,80.2306900024,58499,58509,10
13.0259399414,80.2308883667,58509,58519,10
13.02602005,80.2312164307,58519,58529,10
13.0263395309,80.2313613892,58529,58539,10
13.0270595551,80.2312164307,58539,58550,11
13.0280504227,80.2310333252,58550,58560,10
13.0284004211,80.2309265137,58560,58570,10
13.0285396576,80.2309112549,58570,58580,10
13.0290803909,80.2308883667,58580,58599,19
13.0290803909,80.2308883667,58599,58609,10
13.0292701721,80.2308883667,58609,58619,10
13.0297203064,80.2308578491,58619,58630,11
13.0300998688,80.2308425903,58630,58640,10
13.0305995941,80.230796814,58640,58651,11
13.03125,80.2307434082,58651,58661,10
13.0318698883,80.2306900024,58661,58671,10
13.032500267,80.2306365967,58671,58681,10
13.0332698822,80.2305908203,58681,58691,10
13.0337896347,80.2305374146,58691,58701,10
13.0339899063,80.2305221558,58701,58711,10
13.0343704224,80.230430603,58711,58731,20
13.0343704224,80.230430603,58731,58740,9
13.0344800949,80.2304000854,58740,58751,11
13.0348701477,80.2304534912,58751,58762,11
13.0349798203,80.2306900024,58762,58772,10
13.0349502563,80.2309494019,58772,58782,10
13.0348901749,80.231300354,58782,58792,10
13.0347995758,80.231880188,58792,58802,10
13.0347499847,80.2322921753,58802,58812,10
13.0346803665,80.2328186035,58812,58822,10
13.0345697403,80.2334671021,58822,58832,10
13.0345001221,80.2342376709,58832,58842,10
13.0344200134,80.234992981,58842,58852,10
13.0342998505,80.2359008789,58852,58862,10
13.0341796875,80.237121582,58862,58883,21
13.0341701508,80.237197876,58883,58923,40
13.0341701508,80.237197876,58923,58933,10
13.034119606,80.2372817993,58933,58943,10
13.0341396332,80.2374420166,58943,58953,10
13.0342302322,80.2375793457,58953,58963,10
13.0344600677,80.2378005981,58963,58974,11
13.0348501205,80.2383728027,58974,58984,10
13.0353002548,80.2391204834,58984,58994,10
13.0358104706,80.2394180298,58994,59004,10
13.036529541,80.2395172119,59004,59014,10
13.0371103287,80.2395935059,59014,59024,10
13.0375003815,80.2396392822,59024,59033,9
13.038020134,80.2396697998,59033,59044,11
13.0387096405,80.2397766113,59044,59054,10
13.0395698547,80.2398834229,59054,59064,10
13.0402603149,80.2399597168,59064,59074,10
13.0403795242,80.2402572632,59074,59085,11
13.0406503677,80.2405700684,59085,59095,10
13.0410404205,80.2406234741,59095,59105,10
13.0411396027,80.2406387329,59105,59115,10
13.041560173,80.2406997681,59115,59125,10
13.0422801971,80.2407684326,59125,59135,10
13.0431995392,80.2409286499,59135,59145,10
13.0440397263,80.2409820557,59145,59155,10
13.044380188,80.240737915,59155,59175,20
13.044380188,80.240737915,59175,59185,10
13.0445804596,80.2406387329,59185,59196,11
13.0450201035,80.2403411865,59196,59206,10
13.045539856,80.2399673462,59206,59216,10
13.0459604263,80.2396469116,59216,59226,10
13.0461101532,80.2395935059,59226,59236,10
13.0461196899,80.2395935059,59236,59246,10
13.0464801788,80.2396774292,59246,59256,10
13.0465497971,80.2397079468,59256,59266,10
13.0469703674,80.2397766113,59266,59276,10
13.0476303101,80.2398910522,59276,59286,10
13.0482301712,80.2400131226,59286,59297,11
13.0490398407,80.2401275635,59297,59307,10
13.0496501923,80.2402496338,59307,59317,10
13.0499696732,80.2403411865,59317,59327,10
13.0504398346,80.2404174805,59327,59337,10
13.051030159,80.240562439,59337,59347,10
13.0512399673,80.2406082153,59347,59357,10
13.0515003204,80.2406616211,59357,59367,10
13.0523796082,80.2408370972,59367,59387,20
13.0523796082,80.2408370972,59387,59397,10
13.052479744,80.2409591675,59397,59410,13
13.0525999069,80.2414703369,59410,59420,10
13.0526800156,80.2416534424,59420,59430,10
13.0531797409,80.2419281006,59430,59440,10
13.0540599823,80.2423019409,59440,59460,20
13.0540599823,80.2423019409,59460,59470,10
13.054400444,80.2423706055,59470,59480,10
13.0550603867,80.2423171997,59480,59490,10
13.0557804108,80.2423095703,59490,59500,10
13.0565700531,80.2426605225,59500,59531,31
13.0565700531,80.2426605225,59531,59541,10
13.0567798615,80.2426300049,59541,59551,10
13.057100296,80.2427978516,59551,59561,10
13.0574798584,80.2428512573,59561,59571,10
13.0577297211,80.2428436279,59571,59581,10
13.0579795837,80.2427902222,59581,59591,10
13.058549881,80.2426681519,59591,59601,10
13.0591802597,80.2425613403,59601,59612,11
13.0598602295,80.2426986694,59612,59622,10
13.0604896545,80.2429199219,59622,59632,10
13.0610599518,80.2431182861,59632,59642,10
13.0614795685,80.2432174683,59642,59652,10
13.0624599457,80.2434005737,59652,59672,20
13.0624599457,80.2434005737,59672,59682,10
13.0628004074,80.2434616089,59682,59692,10
13.06346035,80.2435531616,59692,59702,10
13.0640897751,80.243598938,59702,59712,10
13.0647001266,80.243598938,59712,59722,10
13.065290451,80.2436218262,59722,59733,11
13.0659303665,80.243560791,59733,59743,10
13.066280365,80.2434692383,59743,59753,10
13.0665998459,80.2433624268,59753,59763,10
13.0669803619,80.2432174683,59763,59773,10
13.0673904419,80.243019104,59773,59783,10
13.0679502487,80.2428131104,59783,59793,10
13.0686798096,80.2425994873,59793,59803,10
13.0696201324,80.2422180176,59803,59834,31
13.0696201324,80.2422180176,59834,59844,10
13.0699195862,80.2421722412,59844,59874,30
13.0699195862,80.2421722412,59874,59884,10
13.0700798035,80.2421188354,59884,59894,10
13.0704698563,80.2420120239,59894,59904,10
13.0710096359,80.2418136597,59904,59914,10
13.0717201233,80.2415313721,59914,59924,10
13.0724000931,80.2411193848,59924,59935,11
13.0731897354,80.2407989502,59935,59945,10
13.073849678,80.2406005859,59945,59955,10
13.0746803284,80.2405166626,59955,59965,10
13.0755996704,80.2405166626,59965,59975,10
13.0765399933,80.2405700684,59975,59985,10
13.0771398544,80.2405166626,59985,59995,10
13.0770797729,80.240020752,59995,60005,10
13.0768899918,80.2392730713,60005,60015,10
13.0765800476,80.2381591797,60015,60036,21
13.0765800476,80.2381591797,60036,60046,10
13.0765600204,80.23802948,60046,60056,10
13.0764904022,80.2377319336,60056,60066,10
13.0764198303,80.2373428345,60066,60096,30
13.0764198303,80.2373428345,60096,60106,10
13.076379776,80.2370376587,60106,60116,10
13.0762996674,80.2366409302,60116,60126,10
13.0762195587,80.2360076904,60126,60136,10
13.0761098862,80.2354736328,60136,60145,9
13.075969696,80.2348403931,60145,60157,12
13.0758895874,80.2338867188,60157,60167,10
13.0763597488,80.2337875366,60167,60177,10
13.0767602921,80.2337265015,60177,60197,20
13.0767602921,80.2337265015,60197,60206,9
13.0768604279,80.233757019,60206,60217,11
13.0772304535,80.2336807251,60217,60227,10
13.0778198242,80.2335968018,60227,60237,10
13.0784702301,80.2335662842,60237,60247,10
13.0792703629,80.2335586548,60247,60257,10
13.0802898407,80.2335510254,60257,60278,21
13.0802898407,80.2335510254,60278,60288,10
13.0803699493,80.2335891724,60288,60298,10
13.080739975,80.233581543,60298,60308,10
13.0812397003,80.233581543,60308,60318,10
13.0818500519,80.2336196899,60318,60328,10
13.081990242,80.2333602905,60328,60338,10
13.0820503235,80.2328720093,60338,60348,10
13.0822095871,80.2323226929,60348,60358,10
13.0824098587,80.2316665649,60358,60369,11
13.0825395584,80.231338501,60369,60379,10
13.0825996399,80.231262207,60379,60389,10
13.0827503204,80.2308883667,60389,60399,10
13.0830202103,80.2306976318,60399,60409,10
13.08314991,80.2310562134,60409,60419,10
13.0831899643,80.2317276001,60419,60429,10
13.0832395554,80.2324981689,60429,60439,10
13.0833902359,80.2330780029,60439,60449,10
13.0834703445,80.2336502075,60449,60459,10
13.0836000443,80.23387146,60459,60469,10
13.0840902328,80.2340011597,60469,60490,21
13.0840902328,80.2340011597,60490,60500,10
13.0843296051,80.2340927124,60500,60510,10
13.0847797394,80.2341995239,60510,60520,10
13.0853996277,80.2343521118,60520,60530,10
13.0861196518,80.2345275879,60530,60540,10
13.0868597031,80.2346420288,60540,60550,10
13.0876502991,80.234588623,60550,60560,10
13.0879201889,80.2343215942,60560,60570,10
13.0879497528,80.2338867188,60570,60580,10
13.0880498886,80.2332992554,60580,60591,11
13.0882101059,80.2324676514,60591,60601,10
13.0884799957,80.2315597534,60601,60611,10
13.0888900757,80.2305221558,60611,60641,30
13.0888900757,80.2305221558,60641,60651,10
13.0890798569,80.2301864624,60651,60661,10
13.089389801,80.2296218872,60661,60671,10
13.0899095535,80.2289581299,60671,60681,10
13.0905303955,80.2283172607,60681,60692,11
13.0914201736,80.2273406982,60692,60722,30
13.0914201736,80.2273406982,60722,60732,10
13.0916500092,80.2271194458,60732,60742,10
13.0920696259,80.2266921997,60742,60752,10
13.0926504135,80.2260971069,60752,60762,10
13.0931997299,80.2255096436,60762,60772,10
13.0932598114,80.2254486084,60772,60782,10
13.0933799744,80.2253494263,60782,60792,10
13.0936403275,80.2250289917,60792,60803,11
13.0939502716,80.2246780396,60803,60813,10
13.0943698883,80.2240905762,60813,60823,10
13.0949001312,80.2233428955,60823,60833,10
13.095199585,80.2226486206,60833,60843,10
13.0952596664,80.2225189209,60843,60853,10
13.0953998566,80.2221603394,60853,60863,10
13.0956201553,80.221572876,60863,60873,10
13.0958595276,80.2209014893,60873,60883,10
13.0961198807,80.2201766968,60883,60893,10
13.0963201523,80.2194976807,60893,60903,10
13.0963802338,80.2193527222,60903,60914,11
13.0965595245,80.2189178467,60914,60924,10
13.0967302322,80.2183609009,60924,60934,10
13.0969600677,80.2176895142,60934,60944,10
13.0972204208,80.2169494629,60944,60954,10
13.0972700119,80.2168121338,60954,60964,10
13.097410202,80.2164535522,60964,60974,10
13.0976896286,80.2157974243,60974,60984,10
13.0980596542,80.2149429321,60984,60994,10
13.0984897614,80.2140426636,60994,61004,10
13.0989904404,80.2141723633,61004,61015,11
13.0997896194,80.2144165039,61015,61025,10
13.1003799438,80.21459198,61025,61085,60
13.1003799438,80.21459198,61085,61095,10
13.1005496979,80.2146835327,61095,61105,10
13.1005296707,80.2150115967,61105,61115,10
13.100279808,80.2155303955,61115,61126,11
13.1000204086,80.2160873413,61126,61136,10
13.0999202728,80.2158966064,61136,61146,10
13.1000699997,80.2155609131,61146,61156,10
13.1002397537,80.2151794434,61156,61166,10
13.1002998352,80.2149581909,61166,61176,10
13.1002397537,80.2146911621,61176,61772,596
13.1002397537,80.2146911621,61772,61782,10
13.100279808,80.2146072388,61782,61792,10
13.1000995636,80.2144699097,61792,61802,10
13.0998096466,80.2143936157,61802,61812,10
13.0993499756,80.2142868042,61812,61822,10
13.0988302231,80.2141036987,61822,61832,10
13.0985002518,80.2140426636,61832,61842,10
13.098400116,80.2142486572,61842,61852,10
13.0981998444,80.2147216797,61852,61862,10
13.0979299545,80.2153167725,61862,61872,10
13.0976200104,80.2160263062,61872,61883,11
13.0972995758,80.2168426514,61883,61893,10
13.0969800949,80.2176971436,61893,61903,10
13.0966796875,80.2185592651,61903,61913,10
13.0963802338,80.2194595337,61913,61923,10
13.0960197449,80.2204971313,61923,61933,10
13.0957298279,80.2212982178,61933,61943,10
13.0955095291,80.2219467163,61943,61953,10
13.0951795578,80.2228164673,61953,61963,10
13.0946397781,80.2238006592,61963,61973,10
13.0939598083,80.2247085571,61973,61984,11
13.093170166,80.2256164551,61984,61994,10
13.0924196243,80.2263565063,61994,62004,10
13.0916595459,80.2271575928,62004,62014,10
13.091170311,80.2276916504,62014,62024,10
13.0911598206,80.2276763916,62024,62034,10
13.0909500122,80.2278823853,62034,62044,10
13.0904998779,80.2283630371,62044,62054,10
13.0898399353,80.2290725708,62054,62064,10
13.089220047,80.2299804688,62064,62074,10
13.0890398026,80.2303466797,62074,62084,10
13.0888204575,80.2308578491,62084,62095,11
13.0887699127,80.2309799194,62095,62111,16
13.0884103775,80.231918335,62111,62123,12
13.0881099701,80.2331008911,62123,62133,10
13.0880002975,80.2339401245,62133,62143,10
13.0876903534,80.2345809937,62143,62153,10
13.087100029,80.2346115112,62153,62163,10
13.0862903595,80.2344894409,62163,62173,10
13.0859603882,80.2343978882,62173,62183,10
13.0852899551,80.2342376709,62183,62193,10
13.0846004486,80.2340393066,62193,62204,11
13.0841503143,80.2339172363,62204,62214,10
13.0837602615,80.2338409424,62214,62224,10
13.0834798813,80.2338180542,62224,62233,9
13.0824403763,80.2336273193,62233,62253,20
13.0824403763,80.2336273193,62253,62264,11
13.0822200775,80.233581543,62264,62274,10
13.0816297531,80.2335205078,62274,62284,10
13.0809297562,80.2334823608,62284,62294,10
13.0800895691,80.2334976196,62294,62305,11
13.0795001984,80.2334976196,62305,62315,10
13.0792503357,80.233543396,62315,62325,10
13.0786800385,80.2335510254,62325,62335,10
13.078040123,80.2335510254,62335,62345,10
13.0771398544,80.2336578369,62345,62355,10
13.076210022,80.2338180542,62355,62365,10
13.0758695602,80.2341308594,62365,62375,10
13.0759096146,80.2342987061,62375,62385,10
13.0759897232,80.2347106934,62385,62395,10
13.0761203766,80.2354431152,62395,62405,10
13.0762796402,80.2363967896,62405,62416,11
13.0764799118,80.2373123169,62416,62426,10
13.076499939,80.2373580933,62426,62436,10
13.0765800476,80.2375793457,62436,62446,10
13.0766000748,80.2377624512,62446,62456,10
13.0766801834,80.2381668091,62456,62466,10
13.0767602921,80.2385787964,62466,62476,10
13.076880455,80.2391662598,62476,62486,10
13.0770196915,80.2397384644,62486,62496,10
13.0771999359,80.2405090332,62496,62506,10
13.0773200989,80.2409362793,62506,62517,11
13.0773897171,80.2415008545,62517,62527,10
13.0775499344,80.2421264648,62527,62537,10
13.0776796341,80.2428283691,62537,62547,10
13.0777902603,80.2436904907,62547,62557,10
13.0777902603,80.2445220947,62557,62567,10
13.0778999329,80.2455673218,62567,62576,9
13.0780096054,80.2466125488,62576,62587,11
13.0782499313,80.2478866577,62587,62596,9
13.0784797668,80.2488021851,62596,62606,10
13.0786600113,80.2496414185,62606,62617,11
13.0785198212,80.2505493164,62617,62627,10
13.0785503387,80.2513275146,62627,62638,11
13.078379631,80.2517318726,62638,62648,10
13.0777797699,80.2518386841,62648,62658,10
13.0769796371,80.251991272,62658,62668,10
13.0761404037,80.2520599365,62668,62678,10
13.0751695633,80.252166748,62678,62688,10
13.0743703842,80.2521972656,62688,62698,10
13.0734996796,80.2524185181,62698,62708,10
13.0726299286,80.2523117065,62708,62718,10
13.0722303391,80.2519989014,62718,62728,10
13.07213974,80.2517318726,62728,62740,12
13.0720996857,80.2514724731,62740,62750,10
13.072019577,80.251083374,62750,62760,10
13.0718097687,80.2504882813,62760,62770,10
13.0715904236,80.249671936,62770,62780,10
13.0713796616,80.2485809326,62780,62790,10
13.0710401535,80.2474899292,62790,62800,10
13.070520401,80.246421814,62800,62810,10
13.0700502396,80.2454299927,62810,62819,9
13.0697002411,80.2445297241,62819,62829,10
13.0694303513,80.2436294556,62829,62841,12
13.0692996979,80.243309021,62841,62851,10
13.069270134,80.2432327271,62851,62861,10
13.0691995621,80.2427597046,62861,62871,10
13.0685796738,80.2425537109,62871,62881,10
13.067700386,80.2428207397,62881,62891,10
13.0670604706,80.2431030273,62891,62901,10
13.0666799545,80.2432403564,62901,62911,10
13.0662202835,80.2434692383,62911,62921,10
13.0661296844,80.2442169189,62921,62931,10
13.0662603378,80.2451171875,62931,62941,10
13.0665102005,80.2459106445,62941,62952,11
13.0678195953,80.2465896606,62952,62972,20
13.0678195953,80.2465896606,62972,62982,10
13.0679197311,80.2470092773,62982,62992,10
13.0678901672,80.2476730347,62992,63002,10
13.0672998428,80.2479019165,63002,63012,10
13.0663900375,80.2478637695,63012,63028,16
13.0649404526,80.2477264404,63028,63040,12
13.0636396408,80.2476425171,63040,63049,9
13.0630302429,80.2476272583,63049,63060,11
13.0621299744,80.2475967407,63060,63070,10
13.0614700317,80.2472610474,63070,63079,9
13.0613498688,80.2470169067,63079,63090,11
13.0616502762,80.246673584,63090,63102,12
13.0618801117,80.2461624146,63102,63112,10
13.062040329,80.2455368042,63112,63122,10
13.0623598099,80.2450790405,63122,63130,8
13.0627603531,80.2448272705,63130,63142,12
13.0631599426,80.2443618774,63142,63151,9
13.0631799698,80.2443618774,63151,63161,10
13.0632801056,80.2442474365,63161,63172,11
13.0634899139,80.2437515259,63172,63183,11
13.0630302429,80.2434768677,63183,63193,10
13.0626802444,80.2433776855,63193,63203,10
13.0625,80.2433166504,63203,63213,10
13.0621004105,80.2432098389,63213,63223,10
13.0619401932,80.2432022095,63223,63233,10
13.0617198944,80.2431411743,63233,63243,10
13.0614299774,80.2431106567,63243,63253,10
13.0610799789,80.2430267334,63253,63263,10
13.0607204437,80.2429122925,63263,63273,10
13.0603704453,80.2427902222,63273,63284,11
13.0599403381,80.2426605225,63284,63294,10
13.0597200394,80.2426071167,63294,63304,10
13.0593700409,80.2425308228,63304,63314,10
13.0587997437,80.2425765991,63314,63334,20
13.0587997437,80.2425765991,63334,63344,10
13.0585002899,80.2426300049,63344,63354,10
13.0581598282,80.2426986694,63354,63364,10
13.0576696396,80.242767334,63364,63374,10
13.0569601059,80.2427597046,63374,63385,11
13.0561800003,80.242477417,63385,63395,10
13.0555801392,80.2422332764,63395,63405,10
13.0551395416,80.2422790527,63405,63415,10
13.0545902252,80.2423782349,63415,63425,10
13.0542602539,80.2423324585,63425,63435,10
13.0538597107,80.2422790527,63435,63465,30
13.0538597107,80.2422790527,63465,63475,10
13.053609848,80.2421798706,63475,63486,11
13.0535001755,80.2421112061,63486,63496,10
13.0528497696,80.2418823242,63496,63556,60
13.0528497696,80.2418823242,63556,63566,10
13.0526599884,80.2418136597,63566,63576,10
13.052359581,80.2414474487,63576,63587,11
13.0520401001,80.2409515381,63587,63597,10
13.0516700745,80.2406616211,63597,63607,10
13.0512895584,80.240562439,63607,63617,10
13.0509004593,80.2405014038,63617,63637,20
13.0509004593,80.2405014038,63637,63647,10
13.0505399704,80.2404403687,63647,63657,10
13.0499401093,80.2403335571,63657,63667,10
13.0492601395,80.2401504517,63667,63677,10
13.0485696793,80.2400131226,63677,63687,10
13.0478000641,80.2398910522,63687,63698,11
13.0471096039,80.2397384644,63698,63708,10
13.046500206,80.2396469116,63708,63718,10
13.0461597443,80.2395172119,63718,63728,10
13.0462999344,80.2392578125,63728,63738,10
13.0464601517,80.2386779785,63738,63748,10
13.0465803146,80.2382125854,63748,63758,10
13.0467195511,80.237663269,63758,63768,10
13.0468502045,80.2370223999,63768,63778,10
13.0469799042,80.2363204956,63778,63788,10
13.0470600128,80.2359085083,63788,63798,10
13.0470895767,80.2356262207,63798,63808,10
13.0471601486,80.2351837158,63808,63825,17
13.0473203659,80.2336120605,63825,63847,22
13.0473203659,80.2336120605,63847,63857,10
13.0473899841,80.2333068848,63857,63867,10
13.0469799042,80.2330703735,63867,63877,10
13.0462703705,80.2328872681,63877,63887,10
13.0450897217,80.2326202393,63887,63918,31
13.0450897217,80.2326202393,63918,63928,10
13.0446901321,80.2325210571,63928,63937,9
13.0441198349,80.2324295044,63937,63948,11
13.0433397293,80.2323074341,63948,63958,10
13.0426998138,80.2323226929,63958,63968,10
13.0419998169,80.2322998047,63968,63978,10
13.0413599014,80.2321624756,63978,63987,9
13.0403604507,80.2318191528,63987,63998,11
13.0394802094,80.2316131592,63998,64008,10
13.0383300781,80.2312774658,64008,64019,11
13.0372896194,80.2309188843,64019,64029,10
13.036939621,80.2308273315,64029,64039,10
13.0368204117,80.2308197021,64039,64049,10
13.0365104675,80.2307128906,64049,64059,10
13.0358800888,80.2304763794,64059,64069,10
13.035369873,80.2303390503,64069,64251,182
13.035369873,80.2303390503,64251,64261,10
13.0350999832,80.2300796509,64261,64271,10
13.0347900391,80.230140686,64271,64281,10
13.0345001221,80.2302627563,64281,64291,10
13.0341300964,80.2303619385,64291,64301,10
13.0338001251,80.2303924561,64301,64311,10
13.0334300995,80.2304382324,64311,64331,20
13.0334300995,80.2304382324,64331,64341,10
13.0331602097,80.230506897,64341,64352,11
13.0327396393,80.2305526733,64352,64362,10
13.0322399139,80.2305984497,64362,64372,10
13.0315904617,80.230682373,64372,64382,10
13.0310401917,80.2306976318,64382,64392,10
13.0310096741,80.2306900024,64392,64402,10
13.0307798386,80.2307281494,64402,64412,10
13.0305299759,80.230758667,64412,64422,10
13.0297002792,80.2308731079,64422,64442,20
13.0297002792,80.2308731079,64442,64453,11
13.0294799805,80.2308883667,64453,64463,10
13.028960228,80.2309265137,64463,64473,10
13.0282697678,80.23097229,64473,64483,10
13.0277395248,80.2310409546,64483,64493,10
13.0276899338,80.2314605713,64493,64503,10
13.027759552,80.2321395874,64503,64513,10
13.0278396606,80.2328262329,64513,64523,10
13.0268297195,80.233001709,64523,64543,20
13.0268297195,80.233001709,64543,64554,11
13.0265398026,80.2330169678,64554,64564,10
13.0263004303,80.2326965332,64564,64574,10
13.0261297226,80.2321624756,64574,64584,10
13.0260400772,80.2317810059,64584,64594,10
13.025970459,80.2314529419,64594,64610,16
13.0255002975,80.2302627563,64610,64622,12
13.0248804092,80.229347229,64622,64632,10
13.0246696472,80.2290802002,64632,64642,10
13.0243997574,80.228767395,64642,64652,10
13.0240602493,80.2284011841,64652,64672,20
13.0240602493,80.2284011841,64672,64682,10
13.0240497589,80.2282562256,64682,64693,11
13.0237197876,80.2278594971,64693,64703,10
13.0231599808,80.2273025513,64703,64713,10
13.0224199295,80.2266387939,64713,64723,10
13.0215597153,80.2259521484,64723,64733,10
13.0207300186,80.2253265381,64733,64743,10
13.0201501846,80.2249526978,64743,64753,10
13.0195798874,80.2246017456,64753,64763,10
13.0187196732,80.2245483398,64763,64773,10
13.0178899765,80.2248916626,64773,64784,11
13.0170402527,80.2252426147,64784,64794,10
13.0165300369,80.2254562378,64794,64804,10
13.0161399841,80.2256011963,64804,64814,10
13.0156002045,80.2257766724,64814,64824,10
13.0149202347,80.2260665894,64824,64834,10
13.0141601563,80.2264022827,64834,64854,20
13.0141601563,80.2264022827,64854,64864,10
13.0138196945,80.2264785767,64864,64874,10
13.0131998062,80.2266921997,64874,64885,11
13.0122804642,80.2270278931,64885,64895,10
13.0113601685,80.2274017334,64895,64905,10
13.0104598999,80.2277984619,64905,64915,10
13.009519577,80.2282028198,64915,64925,10
13.0090904236,80.2287979126,64925,64935,10
13.0088996887,80.2297515869,64935,64945,10
13.0087003708,80.2308731079,64945,64955,10
13.0084600449,80.2320175171,64955,64965,10
13.0082197189,80.2336502075,64965,64985,20
13.0082197189,80.2336502075,64985,64996,11
13.0081300735,80.2338180542,64996,65006,10
13.0080299377,80.2342910767,65006,65016,10
13.0079402924,80.2346878052,65016,65026,10
13.0078496933,80.2351989746,65026,65036,10
13.0077199936,80.2358779907,65036,65046,10
13.007519722,80.2368164063,65046,65056,10
13.0073099136,80.2379226685,65056,65066,10
13.0071401596,80.2388763428,65066,65076,10
13.0070199966,80.2395401001,65076,65087,11
13.0068998337,80.2400970459,65087,65238,151
13.0068998337,80.2400970459,65238,65248,10
13.0069599152,80.2402572632,65248,65258,10
13.0068798065,80.2406768799,65258,65268,10
13.0068597794,80.2408218384,65268,65278,10
13.0068597794,80.2408599854,65278,65288,10
13.0067796707,80.2412490845,65288,65298,10
13.0067396164,80.2419586182,65298,65308,10
13.0067195892,80.2426986694,65308,65319,11
13.0066995621,80.2432479858,65319,65329,10
13.0066995621,80.2434463501,65329,65339,10
13.0066900253,80.2437362671,65339,65349,10
13.0066795349,80.2437591553,65349,65359,10
13.006649971,80.244140625,65359,65369,10
13.006649971,80.2446212769,65369,65379,10
13.006649971,80.245262146,65379,65389,10
13.0066795349,80.2458877563,65389,65399,10
13.0066995621,80.2464981079,65399,65409,10
13.0067195892,80.2469024658,65409,65420,11
13.0067501068,80.2473220825,65420,65440,20
13.0067501068,80.2473220825,65440,65450,10
13.0067195892,80.2475814819,65450,65460,10
13.0067195892,80.2481689453,65460,65470,10
13.0067596436,80.2489013672,65470,65480,10
13.0068397522,80.2495803833,65480,65490,10
13.0068397522,80.2496185303,65490,65500,10
13.006819725,80.2498779297,65500,65510,10
13.0067796707,80.2503967285,65510,65520,10
13.0067996979,80.2510528564,65520,65531,11
13.0067100525,80.251739502,65531,65541,10
13.0065402985,80.2525634766,65541,65551,10
13.0065402985,80.253288269,65551,65560,9
13.0065402985,80.2539825439,65560,65571,11
13.0066003799,80.2546386719,65571,65581,10
13.0066099167,80.2547607422,65581,65591,10
13.0065803528,80.2548065186,65591,65601,10
13.0065498352,80.2551574707,65601,65611,10
13.0065898895,80.2557830811,65611,65621,10
13.0065803528,80.256439209,65621,65632,11
13.0065698624,80.256729126,65632,65642,10
13.0066404343,80.2573394775,65642,65652,10
13.0066099167,80.2575683594,65652,65662,10
13.0062704086,80.257598877,65662,65672,10
13.0059700012,80.257522583,65672,65682,10
13.0055599213,80.2574234009,65682,65692,10
13.004989624,80.257232666,65692,65702,10
13.0042495728,80.2570800781,65702,65712,10
13.0036897659,80.2570037842,65712,65722,10
13.003279686,80.2568893433,65722,65732,10
13.0026102066,80.2567672729,65732,65783,51
13.0026102066,80.2567672729,65783,65793,10
13.002409935,80.256729126,65793,65803,10
13.0020303726,80.2566833496,65803,65813,10
13.0015602112,80.2566223145,65813,65823,10
13.0006504059,80.256477356,65823,65833,10
12.9997701645,80.2563323975,65833,65853,20
12.9997701645,80.2563323975,65853,65864,11
12.99958992,80.2562789917,65864,65874,10
12.9991998672,80.2562026978,65874,65884,10
12.9988002777,80.2561416626,65884,65894,10
12.9983301163,80.2560577393,65894,65904,10
12.9980401993,80.2560272217,65904,65914,10
12.997469902,80.2559814453,65914,65924,10
12.9972200394,80.2559814453,65924,65934,10
12.9972200394,80.2559661865,65934,65945,11
12.9970302582,80.2559585571,65945,65955,10
12.9968795776,80.2563095093,65955,65965,10
12.9968395233,80.2567825317,65965,65975,10
12.9968395233,80.2568206787,65975,65985,10
12.9968299866,80.256980896,65985,65995,10
12.9967699051,80.25756073,65995,66005,10
12.9966802597,80.2582778931,66005,66015,10
12.9966096878,80.2589416504,66015,66025,10
12.9965496063,80.2593383789,66025,66035,10
12.9964895248,80.259803772,66035,66045,10
12.9964199066,80.2604370117,66045,66055,10
12.9963598251,80.261138916,66055,66066,11
12.9962997437,80.2617797852,66066,66076,10
12.9962596893,80.2621002197,66076,66085,9
12.9962596893,80.2621078491,66085,66096,11
12.9961996078,80.2623596191,66096,66106,10
12.9961500168,80.2627563477,66106,66116,10
12.9961395264,80.2630004883,66116,66126,10
12.9961004257,80.2635192871,66126,66136,10
12.9960298538,80.2642364502,66136,66146,10
12.9959497452,80.2649765015,66146,66156,10
12.9958600998,80.2658462524,66156,66166,10
12.9957504272,80.2667694092,66166,66177,11
12.9957103729,80.2676620483,66177,66186,9
12.9959802628,80.2677383423,66186,66197,11
12.9961299896,80.2677688599,66197,66207,10
12.9967298508,80.2678222656,66207,66217,10
12.9974899292,80.2676391602,66217,66227,10
12.9980802536,80.2674789429,66227,66237,10
12.9987697601,80.2672805786,66237,66247,10
12.9995498657,80.2670516968,66247,66257,10
13.0000400543,80.2667922974,66257,66268,11
13.0000495911,80.2667770386,66268,66278,10
13.0001001358,80.2667007446,66278,66288,10
13.0001602173,80.2665023804,66288,66298,10
13.0002002716,80.2661437988,66298,66308,10
13.0002403259,80.2658004761,66308,66318,10
13.0002498627,80.2657928467,66318,66328,10
13.0003499985,80.2658996582,66328,66338,10
13.0003004074,80.2660980225,66338,66712,374
13.0003204346,80.2662200928,66712,66823,111
13.0002698898,80.266242981,66823,67206,383
13.0002698898,80.266242981,67206,67216,10
13.0002803802,80.2666931152,67216,67226,10
13.0002803802,80.2667312622,67226,67236,10
13.0002298355,80.2668609619,67236,67247,11
13.0000400543,80.2669372559,67247,67257,10
12.9997596741,80.266998291,67257,67267,10
12.9992599487,80.2671279907,67267,67277,10
12.9987297058,80.2672729492,67277,67287,10
12.9980602264,80.2674407959,67287,67297,10
12.9975004196,80.267616272,67297,67307,10
12.9973697662,80.2676467896,67307,67317,10
12.9969997406,80.2677612305,67317,67327,10
12.996339798,80.2677764893,67327,67337,10
12.9957895279,80.2677383423,67337,67348,11
12.9956502914,80.2675323486,67348,67358,10
12.9956598282,80.2674636841,67358,67368,10
12.9956998825,80.267250061,67368,67378,10
12.9957304001,80.2666625977,67378,67388,10
12.9958400726,80.265838623,67388,67398,10
12.9959402084,80.2649688721,67398,67414,16
12.9960899353,80.2636489868,67414,67426,12
12.9961595535,80.2629089355,67426,67434,8
12.9961795807,80.2627563477,67434,67446,12
12.9962100983,80.2625427246,67446,67457,11
12.9962596893,80.2621383667,67457,67466,9
12.9962797165,80.261932373,67466,67477,11
12.996339798,80.2614822388,67477,67487,10
12.9963998795,80.2608184814,67487,67497,10
12.9964599609,80.2602996826,67497,67507,10
12.9965295792,80.2595901489,67507,67517,10
12.9965496063,80.2593383789,67517,67527,10
12.9965600967,80.2590789795,67527,67537,10
12.9966201782,80.2585830688,67537,67547,10
12.9966802597,80.2579803467,67547,67557,10
12.9967403412,80.2574310303,67557,67568,11
12.9968004227,80.2568130493,67568,67578,10
12.9968395233,80.2561264038,67578,67648,70
12.9968395233,80.2561264038,67648,67658,10
12.9969797134,80.2558898926,67658,67669,11
12.9974298477,80.2559204102,67669,67679,10
12.9981098175,80.2559967041,67679,67688,9
12.9987401962,80.2560882568,67688,67709,21
12.9987401962,80.2560882568,67709,67719,10
12.9990901947,80.2562026978,67719,67729,10
12.9997596741,80.2563171387,67729,67739,10
13.0005197525,80.2564620972,67739,67749,10
13.0012102127,80.2565765381,67749,67759,10
13.0016803741,80.2566604614,67759,67769,10
13.0020599365,80.256729126,67769,67780,11
13.0024995804,80.2567977905,67780,67790,10
13.0028095245,80.2568664551,67790,67800,10
13.0031604767,80.2569274902,67800,67810,10
13.0034399033,80.256980896,67810,67820,10
13.0037002563,80.2570037842,67820,67830,10
13.0038204193,80.2570495605,67830,67840,10
13.004070282,80.2571487427,67840,67850,10
13.0044698715,80.2572174072,67850,67860,10
13.0050697327,80.25730896,67860,67870,10
13.0056800842,80.2574386597,67870,67971,101
13.0056800842,80.2574386597,67971,67981,10
13.0059995651,80.2574615479,67981,68032,51
13.0059995651,80.2574615479,68032,68042,10
13.0062599182,80.2575073242,68042,68052,10
13.0065202713,80.2574615479,68052,68123,71
13.0065202713,80.2574615479,68123,68133,10
13.0064697266,80.256942749,68133,68143,10
13.0064296722,80.2568511963,68143,68153,10
13.0064201355,80.2566223145,68153,68163,10
13.0064201355,80.2565994263,68163,68173,10
13.0064601898,80.2562866211,68173,68183,10
13.006480217,80.2561035156,68183,68193,10
13.006480217,80.2560424805,68193,68204,11
13.0065002441,80.2557907104,68204,68214,10
13.0065097809,80.2554397583,68214,68264,50
13.0065097809,80.2554397583,68264,68274,10
13.006529808,80.2551193237,68274,68294,20
13.006529808,80.2551193237,68294,68304,10
13.0065202713,80.2548294067,68304,68315,11
13.0064897537,80.2546463013,68315,68416,101
13.0064897537,80.2546463013,68416,68426,10
13.0064601898,80.2543411255,68426,68436,10
13.006480217,80.2540206909,68436,68446,10
13.0064601898,80.253578186,68446,68547,101
13.0064601898,80.253578186,68547,68557,10
13.0064697266,80.2530212402,68557,68567,10
13.006480217,80.2526016235,68567,68648,81
13.006480217,80.2526016235,68648,68658,10
13.0065803528,80.2523498535,68658,68668,10
13.0067396164,80.2512969971,68668,68708,40
13.0067100525,80.2512130737,68708,68769,61
13.0067100525,80.2512130737,68769,68779,10
13.0067100525,80.2509689331,68779,68789,10
13.0066900253,80.2504577637,68789,68799,10
13.0066900253,80.2501525879,68799,68809,10
13.0067195892,80.2500991821,68809,68819,10
13.0067100525,80.2497787476,68819,68829,10
13.0066995621,80.2496795654,68829,68880,51
13.0066995621,80.2496795654,68880,68890,10
13.0067396164,80.2496109009,68890,68900,10
13.0067195892,80.2492904663,68900,68910,10
13.0066795349,80.2489471436,68910,68920,10
13.0066404343,80.2486114502,68920,68930,10
13.0066204071,80.2482833862,68930,68941,11
13.0066204071,80.2479934692,68941,69041,100
13.0066204071,80.2479934692,69041,69052,11
13.0065898895,80.2479782104,69052,69062,10
13.0066003799,80.247543335,69062,69072,10
13.0066099167,80.2470321655,69072,69092,20
13.0066099167,80.2470321655,69092,69102,10
13.0065803528,80.2468185425,69102,69112,10
13.0065803528,80.2465286255,69112,69122,10
13.0066099167,80.2463226318,69122,69132,10
13.0066299438,80.2461929321,69132,69142,10
13.0066204071,80.2460479736,69142,69153,11
13.0066204071,80.2460327148,69153,69162,9
13.0066299438,80.2458572388,69162,69173,11
13.0066299438,80.2457580566,69173,69183,10
13.0066204071,80.24559021,69183,69193,10
13.0066204071,80.2454071045,69193,69203,10
13.0065898895,80.2450790405,69203,69213,10
13.0065898895,80.2448425293,69213,69223,10
13.0065898895,80.2446289063,69223,69233,10
13.0065898895,80.2443618774,69233,69243,10
13.0065803528,80.2440795898,69243,69253,10
13.0065603256,80.2437286377,69253,69263,10
13.0065402985,80.2432632446,69263,69274,11
13.0065402985,80.2424468994,69274,69284,10
13.0065202713,80.2419509888,69284,69294,10
13.0065202713,80.2419433594,69294,69304,10
13.006529808,80.2418136597,69304,69314,10
13.0065402985,80.2417373657,69314,69324,10
13.0065402985,80.2416534424,69324,69334,10
13.0065498352,80.2415008545,69334,69354,20
13.0065498352,80.2415008545,69354,69364,10
13.0065603256,80.2414169312,69364,69374,10
13.0065898895,80.2411575317,69374,69385,11
13.0066204071,80.2407608032,69385,69395,10
13.0067396164,80.2400894165,69395,69405,10
13.0069303513,80.2391967773,69405,69415,10
13.0071201324,80.2382888794,69415,69425,10
13.0072803497,80.2376327515,69425,69435,10
13.007349968,80.2370834351,69435,69496,61
13.0074100494,80.2367706299,69496,69516,20
13.0074100494,80.2367706299,69516,69526,10
13.0074996948,80.236618042,69526,69536,10
13.0075902939,80.2361221313,69536,69546,10
13.0076999664,80.2354736328,69546,69556,10
13.007809639,80.2350234985,69556,69566,10
13.0079202652,80.2343826294,69566,69576,10
13.0081195831,80.2334823608,69576,69586,10
13.0083398819,80.2323532104,69586,69597,11
13.0085897446,80.2310333252,69597,69607,10
13.0088300705,80.2298278809,69607,69617,10
13.0090703964,80.2286376953,69617,69627,10
13.0093002319,80.2278518677,69627,69637,10
13.0093402863,80.2277297974,69637,69647,10
13.0094203949,80.2275619507,69647,69657,10
13.0095701218,80.2272186279,69657,69667,10
13.0097999573,80.2267303467,69667,69677,10
13.0099897385,80.2263031006,69677,69687,10
13.0101699829,80.2260131836,69687,69698,11
13.0102596283,80.2258911133,69698,69708,10
13.0103302002,80.2257385254,69708,69718,10
13.0104799271,80.2253875732,69718,69728,10
13.0106401443,80.2250366211,69728,69738,10
13.0108203888,80.2246704102,69738,69748,10
13.0111303329,80.2239685059,69748,69758,10
13.0113096237,80.223449707,69758,69788,30
13.0113096237,80.223449707,69788,69799,11
13.0114603043,80.2229232788,69799,69809,10
13.0117197037,80.2221679688,69809,69819,10
13.0122098923,80.2214813232,69819,69829,10
13.0124998093,80.2218093872,69829,69839,10
13.0129003525,80.2223434448,69839,69849,10
13.0133895874,80.2228775024,69849,69859,10
13.0138702393,80.2234420776,69859,69869,10
13.0143098831,80.2240371704,69869,69879,10
13.0148200989,80.2245788574,69879,69889,10
13.0149803162,80.2247314453,69889,69899,10
13.0151500702,80.2248764038,69899,69909,10
13.0153799057,80.2250213623,69909,69920,11
13.0154600143,80.2250671387,69920,69930,10
13.0155601501,80.2251586914,69930,69940,10
13.015999794,80.2254180908,69940,69950,10
13.0168104172,80.2253036499,69950,69960,10
13.0178003311,80.224899292,69960,69970,10
13.0186395645,80.2245407104,69970,69980,10
13.0193395615,80.2244491577,69980,69990,10
13.019610405,80.2245483398,69990,70000,10
13.0198097229,80.2246627808,70000,70011,11
13.0201501846,80.2249298096,70011,70021,10
13.02064991,80.2252731323,70021,70031,10
13.0210504532,80.2255706787,70031,70041,10
13.0213699341,80.2258377075,70041,70051,10
13.021900177,80.2261962891,70051,70061,10
13.02202034,80.2262802124,70061,70071,10
13.022069931,80.2263336182,70071,70081,10
13.0223903656,80.2266311646,70081,70091,10
13.0226202011,80.2268371582,70091,70101,10
13.0228700638,80.2270584106,70101,70111,10
13.0231199265,80.2273178101,70111,70121,10
13.0233697891,80.2275619507,70121,70132,11
13.0236597061,80.2277374268,70132,70162,30
13.0236597061,80.2277374268,70162,70172,10
13.0237798691,80.2278900146,70172,70182,10
13.0241098404,80.2282333374,70182,70192,10
13.0243196487,80.2285308838,70192,70202,10
13.0245599747,80.2288589478,70202,70212,10
13.0247402191,80.2291564941,70212,70222,10
13.0250396729,80.2295227051,70222,70233,11
13.0253601074,80.2299423218,70233,70253,20
13.0253601074,80.2299423218,70253,70263,10
13.0255298615,80.2301483154,70263,70273,10
13.0256595612,80.2303924561,70273,70283,10
13.0257701874,80.2306213379,70283,70293,10
13.0258398056,80.230796814,70293,70309,16
13.0259799957,80.2313537598,70309,70321,12
13.0265598297,80.2313232422,70321,70330,9
13.0272502899,80.2311477661,70330,70341,11
13.028429985,80.2309875488,70341,70382,41
13.028429985,80.2309875488,70382,70392,10
13.0286598206,80.2309799194,70392,70402,10
13.0289802551,80.2309417725,70402,70412,10
13.0291795731,80.2309417725,70412,70422,10
13.0294599533,80.2309036255,70422,70432,10
13.029800415,80.2308578491,70432,70443,11
13.0302295685,80.2308273315,70443,70483,40
13.0302295685,80.2308273315,70483,70493,10
13.0304698944,80.2308120728,70493,70503,10
13.0308799744,80.2307662964,70503,70513,10
13.031419754,80.23072052,70513,70523,10
13.0320501328,80.230682373,70523,70533,10
13.0326795578,80.2306213379,70533,70544,11
13.0333204269,80.2305908203,70544,70554,10
13.0338001251,80.2305603027,70554,70564,10
13.0339002609,80.2305526733,70564,70574,10
13.0342998505,80.2304992676,70574,70614,40
13.0342998505,80.2304992676,70614,70624,10
13.0345697403,80.2304763794,70624,70634,10
13.0347003937,80.2304534912,70634,70644,10
13.0348596573,80.230430603,70644,70655,11
13.0349397659,80.2305984497,70655,70665,10
13.0349302292,80.2306518555,70665,70675,10
13.0348997116,80.2307662964,70675,70685,10
13.0348596573,80.2312316895,70685,70695,10
13.0347700119,80.2317428589,70695,70705,10
13.0346603394,80.2323913574,70705,70715,10
13.0346002579,80.2329177856,70715,70725,10
13.0345802307,80.2331237793,70725,70735,10
13.0345602036,80.2333068848,70735,70745,10
13.0345497131,80.2334136963,70745,70755,10
13.0344896317,80.2337036133,70755,70766,11
13.0344104767,80.2344207764,70766,70776,10
13.0342798233,80.2352981567,70776,70786,10
13.0341596603,80.2363815308,70786,70796,10
13.0341596603,80.2372589111,70796,70806,10
13.0345201492,80.2379074097,70806,70816,10
13.0348997116,80.2385406494,70816,70826,10
13.035320282,80.2391967773,70826,70836,10
13.0357398987,80.2394714355,70836,70846,10
13.0364599228,80.2395324707,70846,70856,10
13.0373296738,80.239616394,70856,70865,9
13.0381002426,80.2397079468,70865,70877,12
13.0388202667,80.2398376465,70877,70887,10
13.0391197205,80.2398529053,70887,70897,10
13.0396299362,80.2399215698,70897,70907,10
13.0401096344,80.239982605,70907,70927,20
13.0401096344,80.239982605,70927,70937,10
13.0403003693,80.2400436401,70937,70947,10
13.0403499603,80.2403793335,70947,70957,10
13.0406303406,80.2405929565,70957,70967,10
13.0410995483,80.2406463623,70967,70978,11
13.0418195724,80.2407531738,70978,70988,10
13.0424203873,80.2408370972,70988,70998,10
13.042840004,80.2409133911,70998,71008,10
13.0430898666,80.2409362793,71008,71024,16
13.0435304642,80.2409973145,71024,71036,12
13.0439796448,80.2409820557,71036,71044,8
13.0443601608,80.2407531738,71044,71147,103
13.0443601608,80.2407531738,71147,71157,10
13.0446395874,80.2405776978,71157,71167,10
13.0450601578,80.2402572632,71167,71177,10
13.0454998016,80.2399902344,71177,71188,11
13.0459098816,80.2396774292,71188,71197,9
13.0461597443,80.2395935059,71197,71208,11
13.0462598801,80.239616394,71208,71218,10
13.0465898514,80.2397003174,71218,71228,10
13.047129631,80.2397918701,71228,71238,10
13.0476303101,80.2399215698,71238,71248,10
13.0483398438,80.2400588989,71248,71258,10
13.0488700867,80.2401504517,71258,71268,10
13.0494403839,80.2402801514,71268,71278,10
13.0499401093,80.2404022217,71278,71288,10
13.0505104065,80.2405166626,71288,71299,11
13.0509796143,80.2406005859,71299,71309,10
13.0511703491,80.2406387329,71309,71319,10
13.0516300201,80.2407302856,71319,71329,10
13.052359581,80.2409896851,71329,71339,10
13.0524902344,80.2414474487,71339,71349,10
13.0527496338,80.2418136597,71349,71359,10
13.0533504486,80.2420425415,71359,71369,10
13.0537996292,80.2422485352,71369,71389,20
13.0537996292,80.2422485352,71389,71400,11
13.0539999008,80.2423095703,71400,71410,10
13.054599762,80.2423934937,71410,71420,10
13.0555095673,80.2422866821,71420,71430,10
13.0564403534,80.2426300049,71430,71480,50
13.0564403534,80.2426300049,71480,71490,10
13.0566701889,80.2426376343,71490,71500,10
13.0570497513,80.242767334,71500,71511,11
13.0574502945,80.2428436279,71511,71521,10
13.0576000214,80.2428436279,71521,71531,10
13.0581197739,80.242729187,71531,71541,10
13.0586900711,80.2426223755,71541,71551,10
13.0587396622,80.2426223755,71551,71561,10
13.0590496063,80.2425689697,71561,71571,10
13.0594902039,80.2425613403,71571,71581,10
13.0600595474,80.2427825928,71581,71591,10
13.0604896545,80.2429275513,71591,71601,10
13.060959816,80.2431030273,71601,71611,10
13.0613002777,80.2432022095,71611,71622,11
13.0616903305,80.2432785034,71622,71632,10
13.0617399216,80.2433013916,71632,71642,10
13.062330246,80.2433776855,71642,71662,20
13.062330246,80.2433776855,71662,71672,10
13.0626296997,80.2434234619,71672,71688,16
13.0633897781,80.243560791,71688,71700,12
13.0640001297,80.243598938,71700,71708,8
13.0643901825,80.2436218262,71708,71719,11
13.0652103424,80.2436065674,71719,71731,12
13.0657300949,80.2436065674,71731,71741,10
13.065990448,80.2435836792,71741,71751,10
13.0660800934,80.243560791,71751,71760,9
13.0662202835,80.2434997559,71760,71770,10
13.0664196014,80.2434387207,71770,71781,11
13.0667896271,80.243270874,71781,71790,9
13.0672397614,80.2430496216,71790,71800,10
13.0678195953,80.2428283691,71800,71811,11
13.0685901642,80.2426071167,71811,71821,10
13.0693798065,80.2423019409,71821,71832,11
13.0698099136,80.2421798706,71832,71842,10
13.0699996948,80.2421417236,71842,71852,10
13.0702295303,80.2420806885,71852,71862,10
13.0703802109,80.2420730591,71862,71872,10
13.0708904266,80.2419128418,71872,71882,10
13.0715398788,80.2416610718,71882,71892,10
13.0721902847,80.2412719727,71892,71902,10
13.0727500916,80.2409362793,71902,71912,10
13.0732097626,80.2407913208,71912,71922,10
13.0736398697,80.2406692505,71922,71933,11
13.0742397308,80.2406005859,71933,71943,10
13.0750703812,80.2405776978,71943,71953,10
13.0758695602,80.2405776978,71953,71963,10
13.0763902664,80.2406082153,71963,71973,10
13.0766897202,80.2406311035,71973,71983,10
13.0768604279,80.2406387329,71983,71993,10
13.0770597458,80.2405776978,71993,72003,10
13.0770702362,80.2402267456,72003,72013,10
13.0769500732,80.239730835,72013,72023,10
13.0767297745,80.2389297485,72023,72033,10
13.0765600204,80.2382202148,72033,72044,11
13.0764703751,80.2378387451,72044,72064,20
13.0764703751,80.2378387451,72064,72074,10
13.076379776,80.237487793,72074,72094,20
13.076379776,80.237487793,72094,72104,10
13.0763397217,80.2374725342,72104,72114,10
13.0763397217,80.2372512817,72114,72124,10
13.0762195587,80.2367019653,72124,72134,10
13.0761203766,80.2358779907,72134,72144,10
13.075920105,80.2349014282,72144,72155,11
13.0756902695,80.2339782715,72155,72175,20
13.0756902695,80.2339782715,72175,72185,10
13.0759897232,80.2338027954,72185,72195,10
13.0765399933,80.2337265015,72195,72205,10
13.0766000748,80.2337265015,72205,72215,10
13.0769796371,80.2336807251,72215,72225,10
13.0777101517,80.2335968018,72225,72235,10
13.0785398483,80.233581543,72235,72245,10
13.0794401169,80.2335586548,72245,72256,11
13.0802698135,80.2335586548,72256,72266,10
13.0803604126,80.233581543,72266,72276,10
13.0806503296,80.2335968018,72276,72286,10
13.0812397003,80.2335968018,72286,72296,10
13.0819396973,80.2336120605,72296,72306,10
13.081990242,80.2330093384,72306,72316,10
13.082110405,80.2325668335,72316,72326,10
13.0823001862,80.2319107056,72326,72336,10
13.0825300217,80.2313766479,72336,72346,10
13.0826997757,80.2309417725,72346,72356,10
13.0827903748,80.2307434082,72356,72367,11
13.0830898285,80.2308120728,72367,72377,10
13.0831403732,80.2314682007,72377,72387,10
13.0831604004,80.2323989868,72387,72397,10
13.0833597183,80.2332611084,72397,72407,10
13.083439827,80.2335968018,72407,72417,10
13.0835504532,80.2339172363,72417,72427,10
13.0839996338,80.2340316772,72427,72457,30
13.0839996338,80.2340316772,72457,72467,10
13.0841999054,80.2341079712,72467,72478,11
13.0847301483,80.2342376709,72478,72488,10
13.0853595734,80.2343597412,72488,72498,10
13.0860204697,80.2345199585,72498,72514,16
13.0871496201,80.2346420288,72514,72526,12
13.0879201889,80.2341690063,72526,72536,10
13.0879802704,80.2335510254,72536,72545,9
13.0882101059,80.2324905396,72545,72556,11
13.0885000229,80.2314300537,72556,72567,11
13.0888900757,80.2305297852,72567,72578,11
13.0888996124,80.2305221558,72578,72588,10
13.0889501572,80.2304382324,72588,72597,9
13.0891399384,80.2300491333,72597,72608,11
13.0895795822,80.2293395996,72608,72619,11
13.0902395248,80.2285995483,72619,72629,10
13.090959549,80.2278213501,72629,72639,10
13.0914001465,80.2273330688,72639,72648,9
13.0914096832,80.2273178101,72648,72658,10
13.0915498734,80.227180481,72658,72669,11
13.0920200348,80.2266921997,72669,72679,10
13.0925102234,80.2261734009,72679,72690,11
13.0931196213,80.2255706787,72690,72700,10
13.093629837,80.2250213623,72700,72710,10
13.0941200256,80.2244033813,72710,72720,10
13.0947303772,80.2235565186,72720,72730,10
13.0951900482,80.222618103,72730,72740,10
13.0953197479,80.2223205566,72740,72750,10
13.0954999924,80.2218475342,72750,72760,10
13.0957803726,80.2210617065,72760,72770,10
13.0960302353,80.2203369141,72770,72780,10
13.096280098,80.2195281982,72780,72791,11
13.0963401794,80.2192230225,72791,72801,10
13.0965299606,80.2188796997,72801,72811,10
13.0967197418,80.2182769775,72811,72821,10
13.0969600677,80.2175674438,72821,72831,10
13.0972099304,80.2168884277,72831,72841,10
13.0972795486,80.2167205811,72841,72851,10
13.0975103378,80.216178894,72851,72861,10
13.0978403091,80.2154006958,72861,72871,10
13.0981798172,80.2146224976,72871,72881,10
13.0983800888,80.2141799927,72881,72891,10
13.0985803604,80.2139968872,72891,72902,11
13.099029541,80.2142333984,72902,72918,16
13.0998296738,80.2144699097,72918,72949,31
13.0998296738,80.2144699097,72949,72960,11
13.0999002457,80.2145080566,72960,72970,10
13.1000204086,80.2145614624,72970,72980,10
13.1000299454,80.2145614624,72980,72990,10
13.1002502441,80.2146606445,72990,73001,11
13.1003799438,80.2146835327,73001,73011,10
13.1005601883,80.2147674561,73011,73021,10
13.1004400253,80.2150421143,73021,73031,10
13.100230217,80.2155227661,73031,73041,10
13.1000204086,80.216003418,73041,73051,10
13.0998296738,80.2160873413,73051,73061,10
13.0999298096,80.2157592773,73061,73071,10
13.100110054,80.2153930664,73071,73081,10
13.1001996994,80.2147369385,73081,73424,343
13.1001996994,80.2147369385,73424,73435,11
13.1001596451,80.2145462036,73435,73445,10
13.0998802185,80.2144622803,73445,73455,10
13.0994796753,80.2143783569,73455,73465,10
13.09897995,80.2142181396,73465,73475,10
13.0985803604,80.2140731812,73475,73485,10
13.0984401703,80.2141723633,73485,73495,10
13.0982198715,80.2146530151,73495,73505,10
13.0979299545,80.2152786255,73505,73515,10
13.0975999832,80.2160186768,73515,73525,10
13.097319603,80.2167434692,73525,73535,10
13.0971002579,80.2172927856,73535,73546,11
13.096830368,80.2180404663,73546,73556,10
13.0966100693,80.2187271118,73556,73566,10
13.0963602066,80.2194595337,73566,73576,10
13.0960998535,80.2202072144,73576,73586,10
13.0958595276,80.2208786011,73586,73596,10
13.0956296921,80.2215423584,73596,73606,10
13.0953702927,80.2222900391,73606,73616,10
13.0950202942,80.22315979,73616,73626,10
13.0944900513,80.223991394,73626,73636,10
13.093919754,80.2247314453,73636,73647,11
13.0932397842,80.2255020142,73647,73657,10
13.0926198959,80.2261199951,73657,73667,10
13.0921401978,80.2266235352,73667,73677,10
13.0915603638,80.2272109985,73677,73687,10
13.0911598206,80.2276535034,73687,73697,10
13.0906801224,80.2281494141,73697,73707,10
13.0901403427,80.2287368774,73707,73717,10
13.0895900726,80.2293624878,73717,73727,10
13.0890398026,80.2303314209,73727,73737,10
13.0890398026,80.2303314209,73737,73747,10
13.0888004303,80.2308197021,73747,73758,11
13.0887098312,80.2310409546,73758,73768,10
13.0886697769,80.2311401367,73768,73778,10
13.0885400772,80.2314376831,73778,73788,10
13.0883998871,80.2319030762,73788,73798,10
13.0881900787,80.2326278687,73798,73811,13
13.0879802704,80.2337417603,73811,73821,10
13.0879096985,80.2343826294,73821,73831,10
13.0876102448,80.2346115112,73831,73841,10
13.0870895386,80.2346420288,73841,73851,10
13.0865802765,80.234588623,73851,73861,10
13.086139679,80.2344818115,73861,73872,11
13.0855302811,80.2343597412,73872,73881,9
13.0850601196,80.2342376709,73881,73892,11
13.0846099854,80.2341308594,73892,73902,10
13.0844097137,80.2340927124,73902,73912,10
13.0839996338,80.2340011597,73912,73922,10
13.0838098526,80.2339477539,73922,73932,10
13.0836200714,80.2339401245,73932,73942,10
13.0833997726,80.2338562012,73942,73952,10
13.0829496384,80.2338027954,73952,73962,10
13.0824098587,80.2336807251,73962,73973,11
13.081870079,80.2335968018,73973,73983,10
13.081199646,80.2335586548,73983,73993,10
13.0804595947,80.2335510254,73993,74003,10
13.0797395706,80.2335510254,74003,74013,10
13.0791397095,80.2335510254,74013,74023,10
13.078499794,80.233581543,74023,74033,10
13.0777196884,80.2336120605,74033,74043,10
13.0767297745,80.2337493896,74043,74053,10
13.0759000778,80.2339477539,74053,74063,10
13.0758304596,80.2342529297,74063,74074,11
13.0759801865,80.2350082397,74074,74084,10
13.0761699677,80.2359085083,74084,74094,10
13.0763101578,80.2367706299,74094,74104,10
13.0763998032,80.2371063232,74104,74114,10
13.0764503479,80.2373428345,74114,74124,10
13.0765104294,80.2375717163,74124,74134,10
13.0766000748,80.2379684448,74134,74144,10
13.0766401291,80.2382583618,74144,74154,10
13.076789856,80.2389831543,74154,74170,16
13.0771903992,80.2406234741,74170,74203,33
13.0771903992,80.2406234741,74203,74213,10
13.0772304535,80.2407608032,74213,74223,10
13.077340126,80.2413101196,74223,74233,10
13.0775203705,80.2421569824,74233,74243,10
13.0776901245,80.2431182861,74243,74253,10
13.077750206,80.2441177368,74253,74263,10
13.0778398514,80.2452316284,74263,74272,9
13.0778999329,80.2462997437,74272,74283,11
13.0781097412,80.2475509644,74283,74294,11
13.0783996582,80.2488098145,74294,74304,10
13.0786304474,80.2498168945,74304,74313,9
13.0784502029,80.2506027222,74313,74324,11
13.0784797668,80.2514801025,74324,74334,10
13.0781898499,80.2517700195,74334,74344,10
13.0775203705,80.2518997192,74344,74354,10
13.0766401291,80.2521133423,74354,74364,10
13.0755300522,80.2521896362,74364,74373,9
13.074760437,80.2522583008,74373,74384,11
13.073969841,80.2524795532,74384,74394,10
13.0733804703,80.2525177002,74394,74405,11
13.0727596283,80.2524108887,74405,74415,10
13.0722799301,80.2522125244,74415,74425,10
13.0720701218,80.2515182495,74425,74435,10
13.0719604492,80.2508621216,74435,74445,10
13.0717496872,80.2501678467,74445,74455,10
13.0715799332,80.2495193481,74455,74465,10
13.0714197159,80.2485733032,74465,74475,10
13.0711803436,80.2478027344,74475,74485,10
13.0707998276,80.246887207,74485,74495,10
13.0702896118,80.2458190918,74495,74506,11
13.0698204041,80.244682312,74506,74516,10
13.069560051,80.2439880371,74516,74526,10
13.0693998337,80.2435913086,74526,74536,10
13.0693998337,80.2435836792,74536,74546,10
13.069319725,80.2433776855,74546,74556,10
13.0691900253,80.2427902222,74556,74566,10
13.0687799454,80.2425231934,74566,74576,10
13.0681695938,80.2427215576,74576,74586,10
13.0673303604,80.242980957,74586,74596,10
13.0664901733,80.243347168,74596,74606,10
13.0660400391,80.2438201904,74606,74617,11
13.0661096573,80.2444915771,74617,74627,10
13.0662002563,80.2451019287,74627,74637,10
13.0663499832,80.24584198,74637,74647,10
13.0670700073,80.2462997437,74647,74657,10
13.0678100586,80.2468185425,74657,74667,10
13.0678501129,80.2477035522,74667,74677,10
13.0673599243,80.2479400635,74677,74687,10
13.0663795471,80.2478637695,74687,74697,10
13.0653295517,80.2478179932,74697,74707,10
13.0642204285,80.247718811,74707,74718,11
13.0633296967,80.2476577759,74718,74728,10
13.0624303818,80.2476577759,74728,74738,10
13.06153965,80.2474136353,74738,74748,10
13.0614404678,80.2468795776,74748,74758,10
13.0618495941,80.2463378906,74758,74768,10
13.0620603561,80.2454376221,74768,74778,10
13.0627403259,80.2448501587,74778,74788,10
13.0631799698,80.2443618774,74788,74798,10
13.0633802414,80.2439498901,74798,74808,10
13.0631504059,80.243560791,74808,74818,10
13.0627098083,80.2434616089,74818,74829,11
13.0620298386,80.2433319092,74829,74839,10
13.0614099503,80.2432022095,74839,74849,10
13.0610599518,80.2431182861,74849,74859,10
13.060379982,80.2428817749,74859,74869,10
13.0595502853,80.2426223755,74869,74879,10
13.0590295792,80.2426071167,74879,74889,10
13.0588798523,80.2426071167,74889,74899,10
13.0584001541,80.2426986694,74899,74909,10
13.0578298569,80.2428131104,74909,74919,10
13.0569896698,80.2428512573,74919,74930,11
13.0562896729,80.2426300049,74930,74940,10
13.0558004379,80.2423629761,74940,74950,10
13.0550899506,80.2423400879,74950,74960,10
13.0543804169,80.2424087524,74960,74969,9
13.0537395477,80.2423019409,74969,74980,11
13.0535802841,80.2422180176,74980,74990,10
13.0531396866,80.2420120239,74990,75000,10
13.0529899597,80.2419433594,75000,75010,10
13.0527296066,80.2418670654,75010,75020,10
13.0523099899,80.2414703369,75020,75030,10
13.0520200729,80.2409820557,75030,75041,11
13.0516796112,80.240737915,75041,75051,10
13.0512504578,80.2406463623,75051,75061,10
13.0509195328,80.2406005859,75061,75071,10
13.0504798889,80.2405090332,75071,75081,10
13.0499296188,80.2404022217,75081,75091,10
13.0496301651,80.2403030396,75091,75101,10
13.049079895,80.2401733398,75101,75111,10
13.0483903885,80.2400894165,75111,75121,10
13.0478096008,80.2399520874,75121,75131,10
13.0475902557,80.2398986816,75131,75141,10
13.0471000671,80.2397994995,75141,75152,11
13.0464096069,80.2396621704,75152,75162,10
13.0461502075,80.239440918,75162,75172,10
13.0463199615,80.2389678955,75172,75182,10
13.0464801788,80.2381896973,75182,75192,10
13.04666996,80.2373199463,75192,75202,10
13.0468301773,80.2364883423,75202,75212,10
13.0469303131,80.236038208,75212,75222,10
13.0469903946,80.2356567383,75222,75232,10
13.0470600128,80.2351989746,75232,75242,10
13.0471601486,80.2343902588,75242,75253,11
13.047249794,80.2334213257,75253,75263,10
13.0472602844,80.2332992554,75263,75273,10
13.0471496582,80.2331008911,75273,75283,10
13.0466003418,80.2330093384,75283,75293,10
13.0457801819,80.2328262329,75293,75303,10
13.0451698303,80.2327194214,75303,75313,10
13.0447301865,80.2326126099,75313,75323,10
13.0438995361,80.2324523926,75323,75333,10
13.0429296494,80.2323608398,75333,75343,10
13.0419597626,80.2323379517,75343,75353,10
13.0408601761,80.232093811,75353,75364,11
13.0396604538,80.2316589355,75364,75374,10
13.0387201309,80.2314071655,75374,75384,10
13.0378503799,80.2311630249,75384,75394,10
13.0369796753,80.2308731079,75394,75404,10
13.0366201401,80.230758667,75404,75414,10
13.0363197327,80.2306365967,75414,75424,10
13.0363101959,80.2306289673,75424,75434,10
13.0359401703,80.2305221558,75434,75444,10
13.0355396271,80.2304382324,75444,75523,79
13.0355396271,80.2304382324,75523,75532,9
13.0353403091,80.2304611206,75532,75542,10
13.0350198746,80.2303695679,75542,75553,11
13.0346803665,80.2303924561,75553,75563,10
13.0341596603,80.23046875,75563,75584,21
13.0341596603,80.23046875,75584,75595,11
13.0339002609,80.230506897,75595,75605,10
13.0336399078,80.2305221558,75605,75615,10
13.0335597992,80.2304992676,75615,75625,10
13.033080101,80.2305374146,75625,75635,10
13.03262043,80.2305908203,75635,75645,10
13.0320796967,80.2306518555,75645,75655,10
13.0314502716,80.2306976318,75655,75665,10
13.0310897827,80.23072052,75665,75676,11
13.0308599472,80.2307434082,75676,75686,10
13.0307703018,80.230758667,75686,75696,10
13.030579567,80.2307662964,75696,75706,10
13.03028965,80.230796814,75706,75716,10
13.0297403336,80.2308731079,75716,75726,10
13.0295600891,80.2309036255,75726,75736,10
13.0294599533,80.2309188843,75736,75746,10
13.0290203094,80.2309494019,75746,75756,10
13.0284004211,80.2310028076,75756,75766,10
13.0277299881,80.2310714722,75766,75776,10
13.0275697708,80.2313308716,75776,75787,11
13.0276403427,80.2319717407,75787,75797,10
13.0277700424,80.2327270508,75797,75807,10
13.0271701813,80.232963562,75807,75827,20
13.0271701813,80.232963562,75827,75837,10
13.0270395279,80.232963562,75837,75847,10
13.02684021,80.2330093384,75847,75857,10
13.0265903473,80.2330169678,75857,75867,10
13.0262403488,80.2326965332,75867,75877,10
13.0260400772,80.2319335938,75877,75887,10
13.0258398056,80.2310791016,75887,75898,11
13.0253696442,80.2300567627,75898,75908,10
13.0248203278,80.2293167114,75908,75918,10
13.0244398117,80.2288208008,75918,75928,10
13.0240497589,80.2283172607,75928,75938,10
13.0239601135,80.2282028198,75938,75948,10
13.0235300064,80.227722168,75948,75958,10
13.0228700638,80.227142334,75958,75968,10
13.0221204758,80.2265014648,75968,75978,10
13.0214395523,80.2259521484,75978,75988,10
13.0208902359,80.2255172729,75988,75999,11
13.0202903748,80.225112915,75999,76009,10
13.0198698044,80.224861145,76009,76019,10
13.0198602676,80.224861145,76019,76029,10
13.0198001862,80.224822998,76029,76039,10
13.0194702148,80.224609375,76039,76049,10
13.018699646,80.2245635986,76049,76059,10
13.0177602768,80.224937439,76059,76069,10
13.0167598724,80.2253417969,76069,76079,10
13.0159397125,80.2256393433,76079,76089,10
13.015080452,80.2259597778,76089,76099,10
13.0143299103,80.2262802124,76099,76110,11
13.0142097473,80.2263183594,76110,76120,10
13.0137901306,80.2264404297,76120,76130,10
13.0130596161,80.2267379761,76130,76140,10
13.0120601654,80.2271270752,76140,76150,10
13.0109901428,80.2275466919,76150,76160,10
13.009929657,80.2280197144,76160,76170,10
13.0090799332,80.2286224365,76170,76180,10
13.0088596344,80.2296600342,76180,76190,10
13.0086202621,80.2308120728,76190,76200,10
13.0083999634,80.2319717407,76200,76211,11
13.0081996918,80.2332000732,76211,76221,10
13.0081701279,80.233581543,76221,76231,10
13.0081396103,80.2336883545,76231,76241,10
13.0080003738,80.2341918945,76241,76251,10
13.0078401566,80.2350006104,76251,76261,10
13.0076303482,80.236038208,76261,76271,10
13.007399559,80.2372207642,76271,76281,10
13.0071897507,80.2383499146,76281,76291,10
13.0070199966,80.2392272949,76291,76301,10
13.0068397522,80.2400665283,76301,76311,10
13.0068397522,80.2402420044,76311,76322,11
13.0068597794,80.2403717041,76322,76332,10
13.0067796707,80.2408065796,76332,76342,10
13.0066795349,80.2412185669,76342,76352,10
13.0066299438,80.2420196533,76352,76362,10
13.0066204071,80.2429885864,76362,76372,10
13.0065898895,80.2440185547,76372,76382,10
13.0065698624,80.2451782227,76382,76391,9
13.0066204071,80.2460784912,76391,76401,10
13.0066795349,80.2468719482,76401,76412,11
13.006649971,80.2476425171,76412,76423,11
13.0066795349,80.2485961914,76423,76432,9
13.006770134,80.2493286133,76432,76443,11
13.0067796707,80.24949646,76443,76453,10
13.0067901611,80.2498474121,76453,76463,10
13.0067501068,80.25050354,76463,76473,10
13.0067100525,80.251373291,76473,76483,10
13.0065498352,80.252166748,76483,76493,10
13.0065498352,80.2527084351,76493,76503,10
13.0066099167,80.2531280518,76503,76513,10
13.0066003799,80.2534790039,76513,76725,212
13.0064897537,80.2535171509,76725,76887,162
13.0064897537,80.2535171509,76887,76897,10
13.0065002441,80.2535629272,76897,76907,10
13.0065202713,80.2540969849,76907,76917,10
13.0065002441,80.254737854,76917,76927,10
13.0065202713,80.2555465698,76927,76937,10
13.0065002441,80.2565994263,76937,76947,10
13.0065698624,80.2572937012,76947,76958,11
13.0066003799,80.2574768066,76958,76968,10
13.0064401627,80.2574310303,76968,76978,10
13.0064096451,80.2569580078,76978,76988,10
13.0064296722,80.2560806274,76988,76998,10
13.0064897537,80.2551498413,76998,77008,10
13.0064897537,80.2543792725,77008,77018,10
13.0065097809,80.2534408569,77018,77048,30
13.0065097809,80.2534408569,77048,77058,10
13.006529808,80.2531967163,77058,77069,11
13.0065202713,80.2530899048,77069,77079,10
13.0065097809,80.2529907227,77079,77089,10
13.0064897537,80.252822876,77089,77109,20
13.0064897537,80.252822876,77109,77119,10
13.0065603256,80.2527389526,77119,77129,10
13.0065803528,80.2523727417,77129,77139,10
13.0066699982,80.2518463135,77139,77149,10
13.0067596436,80.251083374,77149,77159,10
13.0067596436,80.2501220703,77159,77170,11
13.006770134,80.2490692139,77170,77180,10
13.0066795349,80.2482376099,77180,77190,10
13.0066604614,80.2478637695,77190,77200,10
13.0066404343,80.2473526001,77200,77210,10
13.0065803528,80.2467498779,77210,77220,10
13.0065402985,80.2466201782,77220,77230,10
13.0065498352,80.2465209961,77230,77240,10
13.0066003799,80.2459869385,77240,77250,10
13.0066003799,80.2451934814,77250,77260,10
13.0065898895,80.2444992065,77260,77270,10
13.0065698624,80.2441635132,77270,77281,11
13.0065402985,80.2434616089,77281,77291,10
13.0065202713,80.2426834106,77291,77301,10
13.0065202713,80.2417068481,77301,77311,10
13.0066204071,80.2406921387,77311,77321,10
13.0068101883,80.2397003174,77321,77331,10
13.0069999695,80.2386779785,77331,77341,10
13.007229805,80.2376785278,77341,77351,10
13.007349968,80.2368621826,77351,77361,10
13.0073604584,80.2367706299,77361,77371,10
13.0074100494,80.2366333008,77371,77381,10
13.0075397491,80.2361373901,77381,77392,11
13.0076999664,80.2353591919,77392,77408,16
13.0079498291,80.2341308594,77408,77420,12
13.0082101822,80.2327880859,77420,77430,10
13.0084495544,80.2315979004,77430,77440,10
13.0086898804,80.2303771973,77440,77450,10
13.0088996887,80.2292404175,77450,77460,10
13.0091104507,80.2282791138,77460,77470,10
13.0093803406,80.2275772095,77470,77480,10
13.0097303391,80.2267990112,77480,77490,10
13.0101099014,80.225982666,77490,77501,11
13.0105600357,80.2251205444,77501,77511,10
13.0108699799,80.2244186401,77511,77520,9
13.0111398697,80.2238235474,77520,77530,10
13.0112199783,80.2236022949,77530,77541,11
13.0112495422,80.2233963013,77541,77550,9
13.011469841,80.2229232788,77550,77561,11
13.0118198395,80.2219696045,77561,77571,10
13.0122995377,80.2214813232,77571,77581,10
13.0126104355,80.2219467163,77581,77591,10
13.0131196976,80.2225799561,77591,77602,11
13.0138597488,80.2234573364,77602,77612,10
13.0144901276,80.2242584229,77612,77622,10
13.0151996613,80.2249221802,77622,77632,10
13.0153398514,80.2249984741,77632,77642,10
13.01541996,80.2250213623,77642,77652,10
13.015709877,80.2252807617,77652,77661,9
13.0163497925,80.2254180908,77661,77672,11
13.0173397064,80.2250289917,77672,77682,10
13.0183801651,80.2246170044,77682,77692,10
13.0193901062,80.2244567871,77692,77703,11
13.019780159,80.2245864868,77703,77713,10
13.0200004578,80.2248001099,77713,77723,10
13.0205402374,80.225189209,77723,77733,10
13.0212001801,80.2257003784,77733,77743,10
13.0218801498,80.2261810303,77743,77753,10
13.0220098495,80.2262802124,77753,77763,10
13.0222997665,80.2265396118,77763,77773,10
13.0228204727,80.2270431519,77773,77783,10
13.0235004425,80.2276763916,77783,77793,10
13.0241098404,80.2283401489,77793,77803,10
13.0243701935,80.2286987305,77803,77814,11
13.0248203278,80.2293014526,77814,77824,10
13.0253896713,80.2300186157,77824,77834,10
13.0258903503,80.2309799194,77834,77844,10
13.0262098312,80.2313766479,77844,77854,10
13.0269403458,80.2311935425,77854,77864,10
13.0276203156,80.2310409546,77864,77874,10
13.0283203125,80.2309494019,77874,77884,10
13.0285997391,80.2309265137,77884,77894,10
13.0287504196,80.2309188843,77894,77904,10
13.0293102264,80.2308807373,77904,77915,11
13.0299501419,80.2308197021,77915,77925,10
13.0307397842,80.230758667,77925,77935,10
13.0316696167,80.230682373,77935,77945,10
13.03262043,80.2305984497,77945,77955,10
13.0335597992,80.2305374146,77955,77965,10
13.0343198776,80.2304534912,77965,78005,40
13.0343198776,80.2304534912,78005,78015,10
13.0344495773,80.2304382324,78015,78026,11
13.0347204208,80.2303695679,78026,78036,10
13.0348701477,80.2304000854,78036,78046,10
13.0349502563,80.2305831909,78046,78066,20
13.0349502563,80.2305831909,78066,78076,10
13.0349302292,80.2308120728,78076,78086,10
13.0348796844,80.2311325073,78086,78096,10
13.034819603,80.2316131592,78096,78106,10
13.0347299576,80.2322616577,78106,78116,10
13.034620285,80.2330093384,78116,78126,10
13.034529686,80.2335891724,78126,78137,11
13.0344104767,80.2343597412,78137,78147,10
13.0342998505,80.2351608276,78147,78157,10
13.0342102051,80.2359619141,78157,78167,10
13.034119606,80.2367782593,78167,78177,10
13.0343103409,80.2375030518,78177,78187,10
13.0346698761,80.2380981445,78187,78197,10
13.0350599289,80.2387313843,78197,78207,10
13.0354299545,80.2393569946,78207,78217,10
13.0359096527,80.2394638062,78217,78227,10
13.0366296768,80.2395401001,78227,78238,11
13.0374803543,80.2396316528,78238,78248,10
13.0381803513,80.2397079468,78248,78258,10
13.0389099121,80.2397918701,78258,78268,10
13.0396299362,80.2398910522,78268,78278,10
13.0401697159,80.239982605,78278,78288,10
13.040309906,80.2400283813,78288,78298,10
13.0403795242,80.2402877808,78298,78308,10
13.0405902863,80.2405700684,78308,78318,10
13.0409803391,80.2406082153,78318,78328,10
13.0410203934,80.2406311035,78328,78338,10
13.0411100388,80.2406463623,78338,78349,11
13.0414400101,80.2406921387,78349,78359,10
13.0420198441,80.2407836914,78359,78369,10
13.0427103043,80.2408599854,78369,78379,10
13.0432500839,80.2409210205,78379,78388,9
13.0438499451,80.2409973145,78388,78399,11
13.0444898605,80.2406616211,78399,78409,10
13.0450496674,80.2402420044,78409,78419,10
13.0455904007,80.2398834229,78419,78429,10
13.0461597443,80.2395629883,78429,78439,10
13.0464801788,80.2396392822,78439,78450,11
13.0465602875,80.2396774292,78450,78460,10
13.0469398499,80.2397689819,78460,78470,10
13.0474901199,80.2398834229,78470,78480,10
13.0481300354,80.2399978638,78480,78490,10
13.048740387,80.2401275635,78490,78500,10
13.0493402481,80.2402420044,78500,78510,10
13.0498695374,80.2403564453,78510,78520,10
13.0503702164,80.2404632568,78520,78530,10
13.0509796143,80.2405776978,78530,78540,10
13.0516796112,80.2407073975,78540,78550,10
13.0524101257,80.2410125732,78550,78561,11
13.0527296066,80.2417221069,78561,78571,10
13.0539598465,80.2422714233,78571,78601,30
13.0539598465,80.2422714233,78601,78611,10
13.0541601181,80.2423400879,78611,78621,10
13.0546798706,80.2423934937,78621,78631,10
13.0553798676,80.2422637939,78631,78641,10
13.0561304092,80.2424621582,78641,78651,10
13.0568599701,80.2426528931,78651,78672,21
13.0568599701,80.2426528931,78672,78682,10
13.0570402145,80.242767334,78682,78692,10
13.0574302673,80.2428436279,78692,78702,10
13.0579795837,80.242767334,78702,78712,10
13.0586204529,80.2426376343,78712,78722,10
13.0590801239,80.2425384521,78722,78732,10
13.0595598221,80.2425765991,78732,78742,10
13.0601301193,80.2427902222,78742,78759,17
13.0609903336,80.2430877686,78759,78770,11
13.0614204407,80.2431869507,78770,78781,11
13.0615701675,80.2432327271,78781,78790,9
13.0624799728,80.2433776855,78790,78811,21
13.0624799728,80.2433776855,78811,78820,9
13.0627002716,80.2434387207,78820,78832,12
13.0633602142,80.2435302734,78832,78841,9
13.0639400482,80.243560791,78841,78851,10
13.0645704269,80.2435836792,78851,78862,11
13.0656900406,80.2435302734,78862,78893,31
13.0656900406,80.2435302734,78893,78903,10
13.0658397675,80.2435302734,78903,78913,10
13.0662202835,80.2434692383,78913,78923,10
13.0667896271,80.2432785034,78923,78933,10
13.0673303604,80.243019104,78933,78943,10
13.0680103302,80.2427597046,78943,78953,10
13.068810463,80.2425231934,78953,78963,10
13.0694904327,80.2422409058,78963,78973,10
13.0699300766,80.2421264648,78973,78984,11
13.0699701309,80.2421112061,78984,78994,10
13.0703296661,80.2420425415,78994,79004,10
13.0709104538,80.241859436,79004,79014,10
13.0715904236,80.2416000366,79014,79024,10
13.0722799301,80.2411880493,79024,79034,10
13.0729904175,80.2408370972,79034,79044,10
13.0736999512,80.2406082153,79044,79054,10
13.0746002197,80.2405090332,79054,79064,10
13.0757303238,80.2405014038,79064,79074,10
13.0766601563,80.2405776978,79074,79084,10
13.0771303177,80.2403411865,79084,79095,11
13.0769996643,80.2395172119,79095,79105,10
13.0767402649,80.238609314,79105,79115,10
13.0765600204,80.2378616333,79115,79125,10
13.0764799118,80.237487793,79125,79145,20
13.0764799118,80.237487793,79145,79155,10
13.0764398575,80.237197876,79155,79171,16
13.0762395859,80.2360916138,79171,79183,12
13.0759897232,80.2349395752,79183,79192,9
13.0758399963,80.2341308594,79192,79203,11
13.0761098862,80.2338027954,79203,79214,11
13.0767297745,80.2337265015,79214,79223,9
13.0774202347,80.2336273193,79223,79235,12
13.0782003403,80.2335586548,79235,79245,10
13.079000473,80.233543396,79245,79256,11
13.0798301697,80.2335586548,79256,79266,10
13.0802898407,80.2335586548,79266,79276,10
13.0804700851,80.2335586548,79276,79286,10
13.0810403824,80.2335586548,79286,79296,10
13.0818195343,80.2336196899,79296,79307,11
13.0820302963,80.2331924438,79307,79317,10
13.082159996,80.2324676514,79317,79327,10
13.0824403763,80.2316131592,79327,79337,10
13.0827703476,80.2308197021,79337,79347,10
13.0831203461,80.2307434082,79347,79357,10
13.0831604004,80.2313919067,79357,79367,10
13.0831899643,80.2322463989,79367,79377,10
13.0833597183,80.2330703735,79377,79387,10
13.0834302902,80.2335586548,79387,79397,10
13.0836400986,80.2338485718,79397,79408,11
13.0841503143,80.2340087891,79408,79418,10
13.0847396851,80.234161377,79418,79428,10
13.0854597092,80.2343215942,79428,79438,10
13.0861902237,80.2344970703,79438,79448,10
13.086979866,80.2345962524,79448,79458,10
13.0878200531,80.2344207764,79458,79468,10
13.0879898071,80.2335128784,79468,79478,10
13.0881996155,80.2325592041,79478,79494,16
13.0887203217,80.2309417725,79494,79506,12
13.08893013,80.2304763794,79506,79516,10
13.0890302658,80.2302780151,79516,79526,10
13.0893096924,80.2297515869,79526,79537,11
13.0899000168,80.2289505005,79537,79547,10
13.0906295776,80.2281417847,79547,79557,10
13.0912704468,80.2274627686,79557,79567,10
13.0914297104,80.2272720337,79567,79577,10
13.0916595459,80.2270431519,79577,79587,10
13.0921401978,80.2265472412,79587,79597,10
13.0928001404,80.2258987427,79597,79607,10
13.0934801102,80.2251968384,79607,79617,10
13.0939702988,80.224609375,79617,79628,11
13.0946302414,80.2237091064,79628,79638,10
13.095199585,80.2227020264,79638,79656,18
13.0958795547,80.2208023071,79656,79668,12
13.0963001251,80.219581604,79668,79678,10
13.0965003967,80.2189788818,79678,79687,9
13.0967798233,80.2181015015,79687,79698,11
13.0970897675,80.2172393799,79698,79708,10
13.0972700119,80.2167129517,79708,79718,10
13.0974397659,80.2162780762,79718,79728,10
13.0977497101,80.2155685425,79728,79739,11
13.0981502533,80.2146377563,79739,79749,10
13.0985298157,80.2139511108,79749,79758,9
13.0989198685,80.2141113281,79758,79769,11
13.0995197296,80.2143173218,79769,79779,10
13.100230217,80.2145385742,79779,79809,30
13.100230217,80.2145385742,79809,79819,10
13.1002397537,80.2146224976,79819,79829,10
13.100279808,80.2148971558,79829,79840,11
13.1001901627,80.2152633667,79840,79850,10
13.1001901627,80.2152709961,79850,79860,10
13.1000699997,80.2155303955,79860,79870,10
13.0999202728,80.2158813477,79870,79880,10
13.0999097824,80.216217041,79880,79890,10
13.0997200012,80.2167434692,79890,79900,10
13.0995397568,80.217376709,79900,79910,10
13.0994195938,80.2180023193,79910,79920,10
13.0993099213,80.2186889648,79920,79930,10
13.0992097855,80.2193069458,79930,79941,11
13.0991401672,80.2197418213,79941,79951,10
13.0990400314,80.2202835083,79951,79961,10
13.0989103317,80.220993042,79961,79971,10
13.0987501144,80.2220077515,79971,79981,10
13.0987596512,80.2229003906,79981,79991,10
13.0992603302,80.2236480713,79991,80001,10
13.0996799469,80.2244567871,80001,80011,10
13.0998497009,80.2252502441,80011,80021,10
13.0999603271,80.2259902954,80021,80031,10
13.1000099182,80.2266921997,80031,80041,10
13.1000299454,80.2275085449,80041,80051,10
13.0999698639,80.2283172607,80051,80062,11
13.0998401642,80.2289810181,80062,80072,10
13.099729538,80.2296676636,80072,80082,10
13.09953022,80.2304382324,80082,80092,10
13.0993795395,80.2308883667,80092,80102,10
13.0991401672,80.2313995361,80102,80112,10
13.098950386,80.2318496704,80112,80122,10
13.0988397598,80.2321472168,80122,80132,10
13.0987195969,80.2326507568,80132,80142,10
13.0986003876,80.2333068848,80142,80153,11
13.0985403061,80.2337265015,80153,80163,10
13.0985202789,80.2341003418,80163,80173,10
13.0984697342,80.2347106934,80173,80183,10
13.098400116,80.2351608276,80183,80193,10
13.0983104706,80.2357177734,80193,80203,10
13.0981998444,80.2363433838,80203,80212,9
13.0980901718,80.2369766235,80212,80223,11
13.0979299545,80.2378463745,80223,80233,10
13.0977802277,80.2386703491,80233,80243,10
13.0977401733,80.2391586304,80243,80253,10
13.0977201462,80.2394866943,80253,80264,11
13.0976600647,80.2399673462,80264,80274,10
13.0975999832,80.2406463623,80274,80284,10
13.0975198746,80.2413711548,80284,80294,10
13.0974502563,80.2419891357,80294,80304,10
13.0975103378,80.2421722412,80304,80314,10
13.0979299545,80.2422790527,80314,80324,10
13.0982103348,80.2423171997,80324,80334,10
13.0985097885,80.2423171997,80334,80344,10
13.0987195969,80.2421417236,80344,80354,10
13.0987701416,80.2418365479,80354,80365,11
13.0988101959,80.2416229248,80365,80375,10
13.0988502502,80.2413711548,80375,80435,60
13.0988502502,80.2413711548,80435,80445,10
13.0988903046,80.2412872314,80445,80455,10
13.0988798141,80.2409973145,80455,80465,10
13.0988903046,80.2406616211,80465,80476,11
13.0988998413,80.2405929565,80476,80486,10
13.0988502502,80.2403793335,80486,80496,10
13.0988998413,80.2401580811,80496,80506,10
13.0989398956,80.2404022217,80506,80647,141
13.0989398956,80.2404022217,80647,80657,10
13.0989103317,80.2406463623,80657,80667,10
13.0989303589,80.2409820557,80667,80677,10
13.0986404419,80.2411422729,80677,84555,3878
13.0986404419,80.2411422729,84555,84565,10
13.0985298157,80.2408370972,84565,84575,10
13.0986099243,80.2404022217,84575,84585,10
13.0984897614,80.2400817871,84585,84928,343
13.0984897614,80.2400817871,84928,84938,10
13.0985202789,80.2403106689,84938,84948,10
13.0985002518,80.2406616211,84948,84959,11
13.0984697342,80.2412109375,84959,84969,10
13.098690033,80.2412796021,84969,85302,333
13.098739624,80.2413711548,85302,85746,444
