12.9981603622,80.2569198608,17,1138,1121
12.9983596802,80.2569274902,1138,1522,384
12.9983596802,80.2569274902,1522,1532,10
12.9982004166,80.2567596436,1532,1582,50
12.9983196259,80.2567977905,1582,1683,101
12.9983901978,80.2569732666,1683,1754,71
12.998339653,80.2568206787,1754,3451,1697
12.998339653,80.2568206787,3451,3461,10
12.9982299805,80.2568588257,3461,3641,180
12.9984197617,80.2569122314,3641,3916,275
12.9984197617,80.2569122314,3916,3926,10
12.9982795715,80.2568817139,3926,8532,4606
12.9983997345,80.2568435669,8532,8633,101
12.9982204437,80.2569503784,8633,8765,132
12.9983596802,80.2568283081,8765,9108,343
12.9982795715,80.2569580078,9108,9380,272
12.9982700348,80.2568283081,9380,12581,3201
12.9981603622,80.2569503784,12581,13409,828
12.9982795715,80.2567977905,13409,13792,383
12.9982795715,80.2567977905,13792,13803,11
12.998169899,80.2569274902,13803,13954,151
12.9982995987,80.2568206787,13954,14307,353
12.9981498718,80.2568893433,14307,14519,212
12.9981498718,80.2568893433,14519,14529,10
12.9983501434,80.2568206787,14529,15287,758
12.9982595444,80.2568893433,15287,16862,1575
12.9982595444,80.2568893433,16862,16872,10
12.9982404709,80.2569503784,16872,17880,1008
12.9982099533,80.2571334839,17880,17932,52
12.9982099533,80.2571334839,17932,17942,10
12.9980297089,80.2571716309,17942,17952,10
12.9977703094,80.2571105957,17952,17962,10
12.9977397919,80.2566833496,17962,17972,10
12.9977197647,80.2562179565,17972,18023,51
12.9977197647,80.2562179565,18023,18033,10
12.9976100922,80.2559204102,18033,18043,10
12.9972600937,80.2559280396,18043,18053,10
12.9969301224,80.2559127808,18053,18063,10
12.9965000153,80.255897522,18063,18073,10
12.9957799911,80.255897522,18073,18083,10
12.9951000214,80.2559280396,18083,18094,11
12.9943199158,80.2559661865,18094,18104,10
12.9935903549,80.2560195923,18104,18114,10
12.992650032,80.2560806274,18114,18124,10
12.9916400909,80.2560501099,18124,18134,10
12.9907798767,80.2560195923,18134,18144,10
12.9899301529,80.2560119629,18144,18154,10
12.988940239,80.2559432983,18154,18164,10
12.9879598618,80.2558288574,18164,18174,10
12.9876298904,80.2561416626,18174,18184,10
12.9875602722,80.2568817139,18184,18193,9
12.9875001907,80.2576980591,18193,18205,12
12.9874000549,80.2587280273,18205,18215,10
12.9871797562,80.2595977783,18215,18235,20
12.9871797562,80.2595977783,18235,18245,10
12.9868497849,80.2595291138,18245,18326,81
12.9868497849,80.2595291138,18326,18336,10
12.9873199463,80.2591629028,18336,18376,40
12.9873199463,80.2591629028,18376,18386,10
12.9873600006,80.2589187622,18386,18396,10
12.9873895645,80.2587509155,18396,18407,11
12.9874095917,80.2585906982,18407,18417,10
12.9874401093,80.2582397461,18417,18427,10
12.987449646,80.257850647,18427,18437,10
12.9874696732,80.2573623657,18437,18447,10
12.9875297546,80.2568435669,18447,18457,10
12.9875802994,80.2562637329,18457,18467,10
12.9876203537,80.2558822632,18467,18477,10
12.9877901077,80.2557601929,18477,18487,10
12.9884796143,80.2558517456,18487,18507,20
12.9884796143,80.2558517456,18507,18518,11
12.9888296127,80.2559127808,18518,18528,10
12.9893598557,80.2559661865,18528,18538,10
12.9900302887,80.2560195923,18538,18548,10
12.9905700684,80.2559890747,18548,18558,10
12.991230011,80.2560501099,18558,18568,10
12.9920301437,80.256072998,18568,18578,10
12.9928503036,80.256072998,18578,18588,10
12.9936599731,80.2559890747,18588,18598,10
12.994389534,80.2559661865,18598,18608,10
12.9952096939,80.2559127808,18608,18619,11
12.9961996078,80.2558898926,18619,18629,10
12.9968395233,80.2558822632,18629,18639,10
12.997179985,80.2558822632,18639,18649,10
12.9976301193,80.2558898926,18649,18659,10
12.997879982,80.255897522,18659,18669,10
12.9983596802,80.2559585571,18669,18679,10
12.9988498688,80.2560424805,18679,18831,152
12.9988498688,80.2560424805,18831,18841,10
12.9993000031,80.2560882568,18841,18851,10
12.9997501373,80.2562026978,18851,18861,10
13.0003404617,80.2563323975,18861,18871,10
13.0010595322,80.256439209,18871,18881,10
13.0017795563,80.2565536499,18881,18891,10
13.002530098,80.2566833496,18891,18901,10
13.0032596588,80.2568206787,18901,18911,10
13.0040502548,80.2569580078,18911,18921,10
13.0048704147,80.2571029663,18921,18932,11
13.0057601929,80.257270813,18932,18942,10
13.0064096451,80.2574005127,18942,18952,10
13.0065498352,80.2570419312,18952,18962,10
13.0065097809,80.2563476563,18962,18972,10
13.0065002441,80.2554092407,18972,18982,10
13.006529808,80.2543716431,18982,18992,10
13.0065202713,80.2532806396,18992,19012,20
13.0065202713,80.2532806396,19012,19022,10
13.0065498352,80.2529373169,19022,19033,11
13.0065898895,80.2522964478,19033,19043,10
13.0067501068,80.2516174316,19043,19053,10
13.0068101883,80.2508087158,19053,19063,10
13.0067796707,80.2498703003,19063,19073,10
13.0067501068,80.2488632202,19073,19083,10
13.0066699982,80.2478790283,19083,19093,10
13.0066795349,80.2474212646,19093,19103,10
13.0066699982,80.2469177246,19103,19113,10
13.0066604614,80.2467422485,19113,19123,10
13.0066604614,80.2466430664,19123,19134,11
13.0066900253,80.2461624146,19134,19144,10
13.0066795349,80.2454833984,19144,19154,10
13.0066900253,80.2446594238,19154,19164,10
13.0066900253,80.2437973022,19164,19174,10
13.0066404343,80.242980957,19174,19184,10
13.0066204071,80.2420806885,19184,19194,10
13.0066299438,80.2411193848,19194,19204,10
13.0067396164,80.2403335571,19204,19214,10
13.0069103241,80.2394866943,19214,19224,10
13.0070800781,80.2385406494,19224,19234,10
13.0072803497,80.237663269,19234,19245,11
13.0073900223,80.2369308472,19245,19255,10
13.0074596405,80.2366104126,19255,19265,10
13.0075502396,80.2363204956,19265,19275,10
13.0076799393,80.2357177734,19275,19285,10
13.0078201294,80.2350311279,19285,19295,10
13.0080003738,80.234161377,19295,19305,10
13.0082197189,80.2331466675,19305,19315,10
13.0084295273,80.2320709229,19315,19325,10
13.0086297989,80.2310562134,19325,19335,10
13.0088195801,80.2300567627,19335,19346,11
13.0090303421,80.229019165,19346,19356,10
13.0092401505,80.2281723022,19356,19366,10
13.0095901489,80.2273864746,19366,19376,10
13.0099802017,80.2265777588,19376,19386,10
13.0103998184,80.2257385254,19386,19396,10
13.0107803345,80.2249069214,19396,19406,10
13.0111303329,80.2239990234,19406,19416,10
13.0114898682,80.2230987549,19416,19426,10
13.0118598938,80.2222290039,19426,19436,10
13.0121803284,80.2214736938,19436,19447,11
13.0125198364,80.2216415405,19447,19457,10
13.0128803253,80.2222290039,19457,19467,10
13.0135097504,80.22290802,19467,19477,10
13.0140895844,80.2235717773,19477,19487,10
13.0144500732,80.224067688,19487,19497,10
13.0149698257,80.2245788574,19497,19507,10
13.015540123,80.2249984741,19507,19527,20
13.015540123,80.2249984741,19527,19537,10
13.0155801773,80.2249908447,19537,19547,10
13.0157804489,80.2252120972,19547,19558,11
13.0163602829,80.2253189087,19558,19568,10
13.0170202255,80.225112915,19568,19578,10
13.0177402496,80.2248306274,19578,19588,10
13.0185098648,80.2245407104,19588,19598,10
13.0193300247,80.2242965698,19598,19628,30
13.0193300247,80.2242965698,19628,19638,10
13.0195598602,80.2244262695,19638,19648,10
13.019900322,80.2246398926,19648,19659,11
13.0204200745,80.2250289917,19659,19669,10
13.0209798813,80.225440979,19669,19679,10
13.02161026,80.2259216309,19679,19689,10
13.0222702026,80.2264328003,19689,19699,10
13.0229301453,80.2270126343,19699,19709,10
13.0235900879,80.2276229858,19709,19719,10
13.0241699219,80.2282028198,19719,19729,10
13.0246295929,80.228843689,19729,19739,10
13.0251903534,80.2296066284,19739,19749,10
13.0257501602,80.230430603,19749,19760,11
13.0260095596,80.2312393188,19760,19770,10
13.0261697769,80.2319412231,19770,19780,10
13.02643013,80.2327423096,19780,19790,10
13.0268201828,80.2334671021,19790,19810,20
13.0278100967,80.2351379395,19810,19820,10
13.0284900665,80.2359695435,19820,19830,10
13.0291795731,80.2367095947,19830,19840,10
13.0296602249,80.2372512817,19840,19850,10
13.0297298431,80.2373199463,19850,19861,11
13.0298900604,80.2375869751,19861,19871,10
13.0302000046,80.2381362915,19871,19881,10
13.0305595398,80.2387695313,19881,19891,10
13.0309095383,80.2393798828,19891,19901,10
13.031129837,80.2396316528,19901,19911,10
13.0314502716,80.2395324707,19911,19921,10
13.0319404602,80.2392272949,19921,19931,10
13.0323696136,80.239112854,19931,19941,10
13.0325098038,80.2395324707,19941,19951,10
13.032790184,80.2400588989,19951,19962,11
13.0332403183,80.2407302856,19962,19972,10
13.0335302353,80.2410812378,19972,19982,10
13.0338802338,80.2414169312,19982,19992,10
13.0343399048,80.2418518066,19992,20002,10
13.034620285,80.2420578003,20002,20012,10
13.0348501205,80.2422027588,20012,20022,10
13.0350198746,80.2423171997,20022,20032,10
13.0353002548,80.2424468994,20032,20042,10
13.0358104706,80.2426834106,20042,20052,10
13.0363702774,80.2428512573,20052,20062,10
13.0369701385,80.2429428101,20062,20073,11
13.0372896194,80.2430114746,20073,20083,10
13.0376796722,80.2430877686,20083,20093,10
13.0381097794,80.2431564331,20093,20103,10
13.038860321,80.243347168,20103,20113,10
13.0395202637,80.2436904907,20113,20123,10
13.039850235,80.2439193726,20123,20133,10
13.039899826,80.2442092896,20133,20143,10
13.0398397446,80.2442932129,20143,20153,10
13.0396995544,80.2447509766,20153,20162,9
13.0395402908,80.2454528809,20162,20174,12
13.0392303467,80.2464599609,20174,20184,10
13.0391302109,80.2468566895,20184,20194,10
13.0392599106,80.2470016479,20194,20204,10
13.0396499634,80.2469787598,20204,20214,10
13.0403604507,80.2471008301,20214,20224,10
13.0407495499,80.2471694946,20224,20234,10
13.0408802032,80.2471923828,20234,20244,10
13.0413999557,80.2472991943,20244,20254,10
13.0421695709,80.247428894,20254,20264,10
13.0427999496,80.2476501465,20264,20275,11
13.0431804657,80.2478027344,20275,20285,10
13.0435199738,80.2478866577,20285,20295,10
13.0439901352,80.2478103638,20295,20305,10
13.044549942,80.2478866577,20305,20315,10
13.0450601578,80.2481384277,20315,20325,10
13.0455999374,80.2483596802,20325,20335,10
13.0461997986,80.2484893799,20335,20345,10
13.046790123,80.2483978271,20345,20355,10
13.0470104218,80.2484436035,20355,20365,10
13.0474100113,80.2486801147,20365,20374,9
13.0478801727,80.2491073608,20374,20386,12
13.0486602783,80.2496871948,20386,20396,10
13.0495595932,80.2498016357,20396,20406,10
13.0505895615,80.2499923706,20406,20416,10
13.0516500473,80.2503433228,20416,20426,10
13.0524997711,80.2512207031,20426,20436,10
13.0532798767,80.252243042,20436,20446,10
13.0540103912,80.2532577515,20446,20456,10
13.0547399521,80.2542114258,20456,20466,10
13.0554599762,80.2551879883,20466,20475,9
13.0560598373,80.2559967041,20475,20487,12
13.0567502975,80.2567214966,20487,20497,10
13.0568799973,80.2568435669,20497,20507,10
13.0570602417,80.257019043,20507,20517,10
13.0575304031,80.2574386597,20517,20527,10
13.0579996109,80.2579498291,20527,20537,10
13.058549881,80.2585983276,20537,20547,10
13.0590600967,80.2592163086,20547,20557,10
13.0594501495,80.2599182129,20557,20567,10
13.0599803925,80.2603912354,20567,20577,10
13.0604000092,80.260848999,20577,20588,11
13.0607995987,80.2613525391,20588,20598,10
13.0612201691,80.2618408203,20598,20608,10
13.0616598129,80.2623901367,20608,20618,10
13.0619897842,80.2628173828,20618,20638,20
13.0619897842,80.2628173828,20638,20648,10
13.0620803833,80.2630310059,20648,20658,10
13.0624399185,80.263420105,20658,20668,10
13.0628204346,80.2638626099,20668,20678,10
13.0631904602,80.2642974854,20678,20689,11
13.0635900497,80.2649307251,20689,20699,10
13.063949585,80.2655410767,20699,20709,10
13.0644702911,80.2661437988,20709,20719,10
13.0648899078,80.2666931152,20719,20729,10
13.0654001236,80.2671508789,20729,20739,10
13.065870285,80.2676391602,20739,20749,10
13.0664196014,80.2682800293,20749,20759,10
13.0669202805,80.2685012817,20759,20769,10
13.0670404434,80.2685775757,20769,20779,10
13.067199707,80.2686767578,20779,20789,10
13.0676498413,80.2689666748,20789,20800,11
13.0682096481,80.2693099976,20800,20810,10
13.0683698654,80.2690582275,20810,20820,10
13.0685396194,80.2685165405,20820,20830,10
13.0687799454,80.267868042,20830,20840,10
13.0690603256,80.2671890259,20840,20850,10
13.0695800781,80.2666778564,20850,20860,10
13.0701198578,80.2661209106,20860,20870,10
13.0703601837,80.2658615112,20870,20880,10
13.0705604553,80.265663147,20880,20890,10
13.0709495544,80.2652511597,20890,20901,11
13.071439743,80.2647781372,20901,20911,10
13.0719203949,80.2642288208,20911,20921,10
13.0722904205,80.263710022,20921,20931,10
13.072520256,80.263130188,20931,20941,10
13.0726804733,80.2627105713,20941,20951,10
13.0728197098,80.2622680664,20951,20961,10
13.0728998184,80.2620391846,20961,20971,10
13.0730104446,80.261680603,20971,20981,10
13.0731296539,80.2612686157,20981,20990,9
13.073390007,80.2612991333,20990,21002,12
13.0739297867,80.2619018555,21002,21012,10
13.074379921,80.2624282837,21012,21022,10
13.074839592,80.2630233765,21022,21032,10
13.0752696991,80.2636489868,21032,21042,10
13.0757598877,80.264251709,21042,21052,10
13.0763702393,80.2642211914,21052,21062,10
13.0771503448,80.2641220093,21062,21072,10
13.0777597427,80.2637634277,21072,21082,10
13.0780897141,80.2633972168,21082,21092,10
13.07791996,80.2627868652,21092,21102,10
13.0776901245,80.262046814,21102,21113,11
13.0775299072,80.2615966797,21113,21133,20
13.0775299072,80.2615966797,21133,21143,10
13.0775003433,80.2614593506,21143,21153,10
13.0774002075,80.2612304688,21153,21163,10
13.0773897171,80.2611999512,21163,21173,10
13.0773200989,80.2610168457,21173,21183,10
13.0772399902,80.2608337402,21183,21193,10
13.0770196915,80.2604522705,21193,21203,10
13.0766296387,80.2601013184,21203,21214,11
13.0760602951,80.2596588135,21214,21224,10
13.0756702423,80.259147644,21224,21234,10
13.0754299164,80.2583465576,21234,21254,20
13.0754299164,80.2583465576,21254,21264,10
13.0754098892,80.2581634521,21264,21274,10
13.0757198334,80.2579193115,21274,21284,10
13.0761404037,80.2575836182,21284,21294,10
13.0766801834,80.2571105957,21294,21303,9
13.0771102905,80.2568511963,21303,21315,12
13.0778503418,80.2566680908,21315,21325,10
13.0785999298,80.2566299438,21325,21335,10
13.079000473,80.2565231323,21335,21345,10
13.079079628,80.2563400269,21345,21355,10
13.0790300369,80.2557373047,21355,21365,10
13.0789403915,80.2547683716,21365,21395,30
13.0789403915,80.2547683716,21395,21405,10
13.0789403915,80.2546463013,21405,21415,10
13.0792398453,80.2545471191,21415,21426,11
13.0797796249,80.2545776367,21426,21436,10
13.0803203583,80.2546768188,21436,21446,10
13.0809297562,80.254737854,21446,21456,10
13.0815000534,80.2548065186,21456,21466,10
13.0818195343,80.2543792725,21466,21476,10
13.081870079,80.2539901733,21476,21486,10
13.0819301605,80.2533493042,21486,21496,10
13.0816602707,80.2526779175,21496,21506,10
13.0813999176,80.2521286011,21506,21516,10
13.0813798904,80.2514724731,21516,21527,11
13.0813703537,80.2509613037,21527,21537,10
13.0813398361,80.2503662109,21537,21547,10
13.0813903809,80.249710083,21547,21557,10
13.0819797516,80.249710083,21557,21567,10
13.0827302933,80.2498321533,21567,21577,10
13.0835103989,80.2499084473,21577,21587,10
13.0843400955,80.2500610352,21587,21597,10
13.0847797394,80.2501525879,21597,21607,10
13.0849103928,80.2501907349,21607,21617,10
13.0853900909,80.2502593994,21617,21628,11
13.0858697891,80.2502670288,21628,21638,10
13.0859203339,80.249786377,21638,21648,10
13.0859098434,80.2489776611,21648,21658,10
13.085849762,80.2481536865,21658,21668,10
13.0858297348,80.2472991943,21668,21678,10
13.0857801437,80.2466583252,21678,21688,10
13.0857400894,80.2465133667,21688,21698,10
13.0856599808,80.2460174561,21698,21708,10
13.0856304169,80.2454071045,21708,21718,10
13.0859498978,80.2450180054,21718,21729,11
13.0866603851,80.2444381714,21729,21739,10
13.0874004364,80.2438278198,21739,21749,10
13.087849617,80.2431411743,21749,21759,10
13.0879802704,80.2424087524,21759,21769,10
13.0884895325,80.2418670654,21769,21779,10
13.0891504288,80.2414016724,21779,21789,10
13.0895395279,80.2411270142,21789,21799,10
13.0901699066,80.2408599854,21799,21809,10
13.091050148,80.2408294678,21809,21818,9
13.0918302536,80.2408905029,21818,21830,12
13.0928297043,80.2409210205,21830,21840,10
13.0937900543,80.2410812378,21840,21850,10
13.0943403244,80.2411804199,21850,21860,10
13.094420433,80.2411880493,21860,21870,10
13.0947999954,80.2412719727,21870,21880,10
13.0954399109,80.2414398193,21880,21890,10
13.0960597992,80.2416992188,21890,21900,10
13.0966501236,80.2419281006,21900,21910,10
13.0973100662,80.2421112061,21910,21941,31
13.0973100662,80.2421112061,21941,21951,10
13.0976896286,80.2421875,21951,21961,10
13.0982398987,80.2423324585,21961,21971,10
13.0985803604,80.2422790527,21971,21981,10
13.0987300873,80.2421035767,21981,21991,10
13.0986700058,80.2418365479,21991,22001,10
13.0985002518,80.2421417236,22001,24425,2424
13.0985002518,80.2421417236,24425,24435,10
13.0983495712,80.2423019409,24435,24445,10
13.0980300903,80.2422714233,24445,24455,10
13.0975799561,80.2421798706,24455,24465,10
13.0971803665,80.2420501709,24465,24475,10
13.096619606,80.2418823242,24475,24485,10
13.095990181,80.2416992188,24485,24495,10
13.0953598022,80.2414398193,24495,24505,10
13.0947904587,80.2412796021,24505,24515,10
13.0944499969,80.2412109375,24515,24526,11
13.0937299728,80.2410812378,24526,24536,10
13.0935697556,80.2410583496,24536,24546,10
13.0932102203,80.2410125732,24546,24556,10
13.0926704407,80.2409515381,24556,24566,10
13.0920000076,80.2409210205,24566,24576,10
13.0910596848,80.2408599854,24576,24586,10
13.0900201797,80.2409133911,24586,24596,10
13.0892000198,80.2413635254,24596,24606,10
13.0884304047,80.2419433594,24606,24616,10
13.0879402161,80.24269104,24616,24627,11
13.0878400803,80.2432174683,24627,24637,10
13.0876302719,80.2436294556,24637,24647,10
13.0870304108,80.2441635132,24647,24657,10
13.0862798691,80.2447814941,24657,24667,10
13.0858097076,80.2451629639,24667,24677,10
13.0856895447,80.2457199097,24677,24687,10
13.0857496262,80.2463607788,24687,24697,10
13.0857200623,80.2467269897,24697,24707,10
13.0857400894,80.2469711304,24707,24717,10
13.0858201981,80.2476730347,24717,24727,10
13.0858697891,80.2486877441,24727,24738,11
13.0859003067,80.2499389648,24738,24748,10
13.0858697891,80.25050354,24748,24758,10
13.0857801437,80.251121521,24758,24768,10
13.0857200623,80.2517929077,24768,24778,10
13.0856800079,80.2523880005,24778,24788,10
13.085650444,80.2529373169,24788,24798,10
13.0856103897,80.2534103394,24798,24808,10
13.085650444,80.2541885376,24808,24818,10
13.0855798721,80.2546463013,24818,24828,10
13.085149765,80.2546615601,24828,24839,11
13.0844602585,80.2546310425,24839,24849,10
13.0838603973,80.2545623779,24849,24859,10
13.0832901001,80.2544937134,24859,24869,10
13.0827198029,80.2544784546,24869,24879,10
13.0822496414,80.2544937134,24879,24889,10
13.0815601349,80.2548217773,24889,24899,10
13.0811500549,80.2548370361,24899,24909,10
13.0804796219,80.2547912598,24909,24919,10
13.0795202255,80.2546386719,24919,24929,10
13.0790300369,80.2547607422,24929,24940,11
13.0790395737,80.2553634644,24940,24950,10
13.0790996552,80.2563018799,24950,24960,10
13.079000473,80.2566223145,24960,24970,10
13.0784702301,80.2566375732,24970,24980,10
13.07791996,80.2566680908,24980,24990,10
13.077340126,80.2567672729,24990,25000,10
13.0766897202,80.2571411133,25000,25010,10
13.075920105,80.2578582764,25010,25020,10
13.075510025,80.2583312988,25020,25030,10
13.0756196976,80.2589874268,25030,25040,10
13.075969696,80.2595977783,25040,25051,11
13.0762195587,80.259803772,25051,25141,90
13.0764904022,80.2600479126,25141,25182,41
13.0764904022,80.2600479126,25182,25192,10
13.0767498016,80.2602615356,25192,25222,30
13.0770397186,80.2605285645,25222,25242,20
13.077170372,80.2606582642,25242,25263,21
13.077170372,80.2606582642,25263,25273,10
13.0772800446,80.2608108521,25273,25283,10
13.0773496628,80.2609100342,25283,25293,10
13.0774002075,80.2610015869,25293,25303,10
13.0774898529,80.2612609863,25303,25313,10
13.0775995255,80.2615585327,25313,25323,10
13.0777902603,80.2620391846,25323,25384,61
13.0778398514,80.2624130249,25384,25465,81
13.0778398514,80.2624130249,25465,25475,10
13.077870369,80.2626724243,25475,25485,10
13.078040123,80.2630767822,25485,25495,10
13.078209877,80.2634735107,25495,25505,10
13.0779399872,80.263633728,25505,25515,10
13.0771799088,80.2640609741,25515,25535,20
13.0771799088,80.2640609741,25535,25545,10
13.0770797729,80.2640686035,25545,25555,10
13.0767002106,80.2641296387,25555,25565,10
13.0760002136,80.2641983032,25565,25576,11
13.0755500793,80.2640304565,25576,25586,10
13.0751104355,80.2633972168,25586,25596,10
13.0746202469,80.2627182007,25596,25606,10
13.0741195679,80.2621765137,25606,25616,10
13.073800087,80.2617492676,25616,25626,10
13.0736999512,80.2615966797,25626,25636,10
13.0735397339,80.2614517212,25636,25646,10
13.0731496811,80.2614364624,25646,25656,10
13.072930336,80.2618865967,25656,25666,10
13.0727701187,80.2624130249,25666,25677,11
13.0726299286,80.2628936768,25677,25687,10
13.0723695755,80.2634429932,25687,25697,10
13.0719604492,80.2641296387,25697,25707,10
13.0716104507,80.2646713257,25707,25717,10
13.0715303421,80.2647323608,25717,25727,10
13.0713100433,80.2649536133,25727,25737,10
13.0709295273,80.2653198242,25737,25747,10
13.0704298019,80.265838623,25747,25757,10
13.0698299408,80.2664489746,25757,25767,10
13.0692300797,80.2671203613,25767,25778,11
13.0688199997,80.2679672241,25778,25788,10
13.0685596466,80.2687072754,25788,25798,10
13.0683698654,80.2693786621,25798,25808,10
13.0682601929,80.2700424194,25808,25818,10
13.0681600571,80.2707977295,25818,25828,10
13.0679397583,80.2710494995,25828,25838,10
13.0678501129,80.2710189819,25838,25848,10
13.0675096512,80.2706604004,25848,25858,10
13.0672397614,80.2703399658,25858,25868,10
13.0669202805,80.2700195313,25868,25879,11
13.0665597916,80.2694702148,25879,25889,10
13.0664396286,80.2686920166,25889,25899,10
13.0659799576,80.2679367065,25899,25909,10
13.0655298233,80.2676391602,25909,25919,10
13.0654296875,80.2676391602,25919,25929,10
13.0653495789,80.2676467896,25929,25939,10
13.0649003983,80.267539978,25939,25949,10
13.0641698837,80.2674407959,25949,25959,10
13.063249588,80.2672576904,25959,25969,10
13.0625696182,80.2669296265,25969,25979,10
13.0619096756,80.266166687,25979,25990,11
13.061249733,80.2653503418,25990,26000,10
13.0607500076,80.2652587891,26000,26010,10
13.0604696274,80.2654495239,26010,26020,10
13.0604400635,80.2654571533,26020,26030,10
13.0601701736,80.2655715942,26030,26040,10
13.0595397949,80.2655563354,26040,26050,10
13.0586900711,80.2654266357,26050,26060,10
13.0581197739,80.2649612427,26060,26070,10
13.0580196381,80.2640304565,26070,26080,10
13.0579099655,80.2629013062,26080,26091,11
13.0577402115,80.2619476318,26091,26101,10
13.0575199127,80.2609176636,26101,26111,10
13.0572099686,80.2597885132,26111,26121,10
13.0568199158,80.2585830688,26121,26131,10
13.0566396713,80.2576904297,26131,26141,10
13.0566196442,80.2575912476,26141,26151,10
13.0565900803,80.2574691772,26151,26161,10
13.0564804077,80.256980896,26161,26171,10
13.0564203262,80.2564926147,26171,26181,10
13.0561504364,80.2560806274,26181,26192,11
13.0556097031,80.2553634644,26192,26202,10
13.0550203323,80.2545776367,26202,26212,10
13.0543403625,80.2537307739,26212,26222,10
13.0540704727,80.2533798218,26222,26232,10
13.0537595749,80.2528915405,26232,26242,10
13.0532598495,80.2522201538,26242,26252,10
13.0527000427,80.2515106201,26252,26262,10
13.052189827,80.2508392334,26262,26272,10
13.0514802933,80.2502212524,26272,26282,10
13.0502700806,80.2498931885,26282,26292,10
13.0488796234,80.2497177124,26292,26303,11
13.0478696823,80.2491912842,26303,26313,10
13.0472202301,80.2486419678,26313,26323,10
13.0468597412,80.2485733032,26323,26333,10
13.0466098785,80.2485275269,26333,26343,10
13.0459499359,80.2483978271,26343,26353,10
13.0451803207,80.2481079102,26353,26363,10
13.0441503525,80.2479400635,26363,26373,10
13.0430202484,80.2477493286,26373,26383,10
13.0419597626,80.2475280762,26383,26393,10
13.0414800644,80.247428894,26393,26404,11
13.0411901474,80.2473068237,26404,26414,10
13.0405101776,80.2472000122,26414,26424,10
13.0398101807,80.2470779419,26424,26434,10
13.0395202637,80.2469863892,26434,26444,10
13.0390300751,80.2468566895,26444,26454,10
13.0383901596,80.2467575073,26454,26464,10
13.0380496979,80.2467193604,26464,26474,10
13.0373802185,80.2466125488,26474,26484,10
13.0365896225,80.2464370728,26484,26494,10
13.0360002518,80.246307373,26494,26505,11
13.0359401703,80.2462921143,26505,26515,10
13.0356798172,80.2461624146,26515,26525,10
13.0352201462,80.2460021973,26525,26535,10
13.0352096558,80.2459869385,26535,26545,10
13.035030365,80.2459182739,26545,26555,10
13.034740448,80.2455368042,26555,26565,10
13.0342702866,80.2449111938,26565,26575,10
13.033659935,80.2443084717,26575,26585,10
13.0329999924,80.2434463501,26585,26595,10
13.0322704315,80.2423782349,26595,26605,10
13.031709671,80.2413787842,26605,26616,11
13.0313100815,80.2404708862,26616,26656,40
13.0313100815,80.2404708862,26656,26666,10
13.0312404633,80.2402191162,26666,26676,10
13.0310201645,80.2397003174,26676,26686,10
13.0306196213,80.2389602661,26686,26696,10
13.0300798416,80.2379837036,26696,26705,9
13.0294599533,80.2370986938,26705,26717,12
13.029129982,80.2367401123,26717,26727,10
13.0289897919,80.2366104126,26727,26737,10
13.0285997391,80.2361984253,26737,26747,10
13.0280399323,80.2355575562,26747,26757,10
13.0275297165,80.2346801758,26757,26767,10
13.0267000198,80.2333374023,26767,26787,20
13.0267000198,80.2333374023,26787,26797,10
13.0266304016,80.2332382202,26797,26807,10
13.0264196396,80.2328720093,26807,26818,11
13.0263004303,80.2324295044,26818,26828,10
13.0261497498,80.2318496704,26828,26838,10
13.0258998871,80.2309494019,26838,26848,10
13.0253601074,80.2299118042,26848,26858,10
13.0246200562,80.2289886475,26858,26868,10
13.0240001678,80.2282562256,26868,26888,20
13.0240001678,80.2282562256,26888,26898,10
13.0238199234,80.2280197144,26898,26908,10
13.0233802795,80.2275924683,26908,26918,10
13.0228796005,80.2270736694,26918,26929,11
13.0221204758,80.2263565063,26929,26939,10
13.0212202072,80.225692749,26939,26949,10
13.0202703476,80.2249908447,26949,26959,10
13.0191698074,80.2244567871,26959,26969,10
13.0179395676,80.2248306274,26969,26979,10
13.0168504715,80.2252883911,26979,26989,10
13.0163803101,80.2254867554,26989,26999,10
13.0157604218,80.225692749,26999,27009,10
13.0149202347,80.226020813,27009,27019,10
13.0143003464,80.2263031006,27019,27030,11
13.0142202377,80.2263336182,27030,27040,10
13.0140800476,80.2263565063,27040,27050,10
13.0135498047,80.2265701294,27050,27060,10
13.0127601624,80.2268600464,27060,27070,10
13.0118103027,80.2272415161,27070,27080,10
13.0106801987,80.2276992798,27080,27090,10
13.0095701218,80.2281494141,27090,27100,10
13.0090703964,80.2290115356,27100,27110,10
13.0088596344,80.230178833,27110,27120,10
13.0086202621,80.2314910889,27120,27131,11
13.0083503723,80.2329025269,27131,27141,10
13.0082597733,80.2336196899,27141,27151,10
13.0082302094,80.2336578369,27151,27161,10
13.0081596375,80.2339096069,27161,27171,10
13.0080499649,80.2344894409,27171,27180,9
13.0079202652,80.2350692749,27180,27191,11
13.0077695847,80.2358627319,27191,27201,10
13.0075998306,80.2367095947,27201,27211,10
13.0074100494,80.237739563,27211,27221,10
13.0072202682,80.2387619019,27221,27232,11
13.0070104599,80.239616394,27232,27242,10
13.0069303513,80.2400817871,27242,27272,30
13.0069303513,80.2400817871,27272,27282,10
13.0069599152,80.2403411865,27282,27292,10
13.0068502426,80.2408370972,27292,27312,20
13.0068502426,80.2408370972,27312,27322,10
13.0067396164,80.2412796021,27322,27331,9
13.0067195892,80.2419128418,27331,27343,12
13.0067100525,80.2427902222,27343,27353,10
13.0067195892,80.2435836792,27353,27373,20
13.0067195892,80.2435836792,27373,27383,10
13.0066699982,80.243888855,27383,27393,10
13.0066604614,80.2441329956,27393,27403,10
13.0066699982,80.2445678711,27403,27413,10
13.0066795349,80.2449264526,27413,27423,10
13.0066900253,80.2452468872,27423,27433,10
13.0066995621,80.24559021,27433,27444,11
13.0067396164,80.2461776733,27444,27454,10
13.0067501068,80.2465286255,27454,27464,10
13.0067596436,80.2472229004,27464,27474,10
13.0067195892,80.2481307983,27474,27484,10
13.0067996979,80.2492523193,27484,27494,10
13.0068597794,80.2505493164,27494,27504,10
13.0067501068,80.2517318726,27504,27514,10
13.0065603256,80.252746582,27514,27524,10
13.0065803528,80.2531967163,27524,27533,9
13.0065698624,80.25390625,27533,27545,12
13.0066299438,80.2548217773,27545,27555,10
13.0066299438,80.254989624,27555,27565,10
13.0066404343,80.2553787231,27565,27575,10
13.0066299438,80.256149292,27575,27585,10
13.0067100525,80.2574005127,27585,27676,91
13.0067100525,80.2574005127,27676,27686,10
13.0067501068,80.257522583,27686,27696,10
13.0067501068,80.2575378418,27696,27706,10
13.0064201355,80.2576293945,27706,27716,10
13.0058298111,80.2574615479,27716,27726,10
13.0054197311,80.2573394775,27726,27736,10
13.0052604675,80.2572631836,27736,27745,9
13.0048398972,80.2571792603,27745,27757,12
13.0039396286,80.2569885254,27757,27767,10
13.0030498505,80.2568206787,27767,27777,10
13.0024299622,80.2567214966,27777,27787,10
13.0024204254,80.2567214966,27787,27797,10
13.0022602081,80.2567062378,27797,27807,10
13.0016803741,80.2566223145,27807,27817,10
13.0008296967,80.2564926147,27817,27827,10
12.999830246,80.2563171387,27827,27837,10
12.9990596771,80.256149292,27837,27847,10
12.9987001419,80.2560806274,27847,27858,11
12.998459816,80.256072998,27858,27868,10
12.998459816,80.2560806274,27868,27878,10
12.998290062,80.256072998,27878,27888,10
12.9980096817,80.2560195923,27888,27898,10
12.9975795746,80.2559814453,27898,27908,10
12.9972000122,80.2559814453,27908,27928,20
12.9972000122,80.2559814453,27928,27938,10
12.9968795776,80.2559204102,27938,27948,10
12.9963903427,80.2559204102,27948,27959,11
12.9956102371,80.2559280396,27959,27969,10
12.9948501587,80.2559509277,27969,27979,10
12.9940500259,80.2560195923,27979,27989,10
12.9931497574,80.2560577393,27989,27999,10
12.9920301437,80.2560882568,27999,28009,10
12.9909696579,80.2560272217,28009,28019,10
12.9899997711,80.2560195923,28019,28029,10
12.9890203476,80.2559890747,28029,28039,10
12.9885196686,80.2559432983,28039,28049,10
12.9884595871,80.2559509277,28049,28059,10
12.9884300232,80.2559509277,28059,28070,11
12.9883098602,80.2558898926,28070,28080,10
12.9878797531,80.255821228,28080,28090,10
12.9876203537,80.2562179565,28090,28100,10
12.9875602722,80.2570495605,28100,28110,10
12.9874601364,80.2580337524,28110,28120,10
12.9874000549,80.2589035034,28120,28130,10
12.9872903824,80.2593765259,28130,28211,81
12.9872903824,80.2593765259,28211,28221,10
12.9868001938,80.2595062256,28221,28231,10
12.9866399765,80.2593612671,28231,28524,293
12.9866399765,80.2593612671,28524,28534,10
12.9867696762,80.2590026855,28534,29424,890
12.9870996475,80.2591323853,29424,29504,80
12.9870996475,80.2591323853,29504,29514,10
12.9874095917,80.2589263916,29514,29523,9
12.9874000549,80.2587432861,29523,29535,12
12.9874000549,80.2584915161,29535,29545,10
12.9874200821,80.2583389282,29545,29555,10
12.9874296188,80.2581634521,29555,29565,10
12.9874696732,80.2576599121,29565,29575,10
12.9875202179,80.2569503784,29575,29585,10
12.9875497818,80.2562484741,29585,29595,10
12.9875802994,80.2558670044,29595,29636,41
12.9875802994,80.2558670044,29636,29646,10
12.9876899719,80.2557830811,29646,29656,10
12.9881801605,80.255821228,29656,29666,10
12.9886198044,80.2558898926,29666,29676,10
12.9887304306,80.2558898926,29676,29686,10
12.9888496399,80.2558822632,29686,29696,10
12.9892597198,80.2559280396,29696,29706,10
12.9899101257,80.2560119629,29706,29716,10
12.9905395508,80.2559890747,29716,29726,10
12.9911403656,80.2560424805,29726,29737,11
12.9921197891,80.2560806274,29737,29747,10
12.9930400848,80.2560577393,29747,29757,10
12.9939699173,80.2559890747,29757,29767,10
12.9948797226,80.255897522,29767,29777,10
12.995759964,80.2558822632,29777,29787,10
12.9967002869,80.255859375,29787,29827,40
12.9967002869,80.255859375,29827,29836,9
12.9969396591,80.2558288574,29836,29848,12
12.9973897934,80.2558822632,29848,29858,10
12.9981298447,80.2559585571,29858,29868,10
12.9989595413,80.2560577393,29868,29888,20
12.9989595413,80.2560577393,29888,29898,10
12.9991903305,80.2561035156,29898,29908,10
12.9996099472,80.256187439,29908,29918,10
13.0001497269,80.2563018799,29918,29928,10
13.0008201599,80.2564163208,29928,29938,10
13.001540184,80.2565612793,29938,29949,11
13.0023498535,80.2566680908,29949,29959,10
13.0030202866,80.2568130493,29959,29969,10
13.0038003922,80.2569503784,29969,29979,10
13.0046596527,80.2571182251,29979,29989,10
13.0054197311,80.257232666,29989,29999,10
13.0057296753,80.2573165894,29999,30009,10
13.0058002472,80.2573394775,30009,30019,10
13.0061903,80.2574081421,30019,30029,10
13.0065603256,80.2573318481,30029,30039,10
13.0065002441,80.2567901611,30039,30050,11
13.0065002441,80.2557220459,30050,30060,10
13.0065202713,80.2545700073,30060,30070,10
13.0065097809,80.2535400391,30070,30080,10
13.0065097809,80.2532272339,30080,30090,10
13.0065202713,80.2531280518,30090,30100,10
13.0065402985,80.2526016235,30100,30110,10
13.0066404343,80.2519683838,30110,30130,20
13.0066404343,80.2519683838,30130,30140,10
13.0067300797,80.2518692017,30140,30150,10
13.0068101883,80.2512969971,30150,30161,11
13.0067901611,80.2502822876,30161,30171,10
13.0067596436,80.2491912842,30171,30181,10
13.0066404343,80.2480316162,30181,30251,70
13.0066604614,80.2478103638,30251,30282,31
13.0066604614,80.2478103638,30282,30292,10
13.0066995621,80.2475967407,30292,30322,30
13.0066995621,80.2475967407,30322,30332,10
13.0067501068,80.2474594116,30332,30342,10
13.0067300797,80.2472229004,30342,30352,10
13.0066900253,80.2468109131,30352,30363,11
13.0066404343,80.2465515137,30363,30373,10
13.0066795349,80.2463684082,30373,30383,10
13.0066795349,80.2457504272,30383,30393,10
13.0066404343,80.2450027466,30393,30403,10
13.0066204071,80.2444992065,30403,30413,10
13.0066099167,80.2441101074,30413,30423,10
13.0066099167,80.2439117432,30423,30433,10
13.0066404343,80.2437515259,30433,30443,10
13.0066204071,80.2434082031,30443,30453,10
13.0066003799,80.2427520752,30453,30462,9
13.0065898895,80.2419128418,30462,30474,12
13.0066900253,80.2407531738,30474,30484,10
13.006770134,80.2402801514,30484,30494,10
13.0068902969,80.2397689819,30494,30504,10
13.0070495605,80.238899231,30504,30514,10
13.0072202682,80.2380371094,30514,30524,10
13.0073699951,80.2373809814,30524,30534,10
13.0074300766,80.2368011475,30534,30544,10
13.0074396133,80.2367477417,30544,30554,10
13.0074796677,80.236618042,30554,30564,10
13.0076303482,80.2360992432,30564,30577,13
13.007809639,80.2352600098,30577,30587,10
13.0078201294,80.2351989746,30587,30597,10
13.0078401566,80.2350692749,30597,30607,10
13.0079698563,80.2345199585,30607,30617,10
13.0081501007,80.2336730957,30617,30627,10
13.0083799362,80.2324981689,30627,30637,10
13.0086202621,80.2312164307,30637,30647,10
13.0088701248,80.2299194336,30647,30657,10
13.0091400146,80.2285766602,30657,30667,10
13.0095701218,80.2273864746,30667,30678,11
13.010140419,80.2261734009,30678,30688,10
13.01060009,80.2252197266,30688,30698,10
13.0109796524,80.2243499756,30698,30708,10
13.0112400055,80.2238235474,30708,30718,10
13.0114202499,80.2232589722,30718,30728,10
13.0117301941,80.2224884033,30728,30738,10
13.0121002197,80.2216110229,30738,30748,10
13.0124397278,80.2215881348,30748,30758,10
13.0127601624,80.2221374512,30758,30768,10
13.0133104324,80.2227020264,30768,30778,10
13.0138196945,80.2232818604,30778,30789,11
13.0141601563,80.2237091064,30789,30799,10
13.0145397186,80.2242279053,30799,30809,10
13.0150003433,80.2245788574,30809,30829,20
13.0150003433,80.2245788574,30829,30839,10
13.0153503418,80.2249221802,30839,30849,10
13.0156002045,80.2251434326,30849,30869,20
13.0156002045,80.2251434326,30869,30879,10
13.0157299042,80.2252807617,30879,30890,11
13.0162200928,80.2253570557,30890,30900,10
13.0168504715,80.2251968384,30900,30910,10
13.017539978,80.2249221802,30910,30920,10
13.0182800293,80.2246322632,30920,30930,10
13.0192403793,80.224319458,30930,31022,92
13.0192403793,80.224319458,31022,31032,10
13.0194797516,80.2244110107,31032,31042,10
13.0196800232,80.2245483398,31042,31052,10
13.0199699402,80.2247467041,31052,31062,10
13.0203800201,80.2250289917,31062,31072,10
13.0207300186,80.2252731323,31072,31082,10
13.0210800171,80.2255477905,31082,31092,10
13.0214996338,80.2258834839,31092,31103,11
13.0218696594,80.2261581421,31103,31113,10
13.0221996307,80.2264175415,31113,31122,9
13.0225296021,80.2266769409,31122,31153,31
13.0225296021,80.2266769409,31153,31163,10
13.0228004456,80.2269515991,31163,31173,10
13.0232696533,80.2274017334,31173,31183,10
13.0238103867,80.227897644,31183,31193,10
13.0243301392,80.2284622192,31193,31224,31
13.0243301392,80.2284622192,31224,31234,10
13.0244598389,80.2286071777,31234,31244,10
13.0246896744,80.2289733887,31244,31254,10
13.0250101089,80.2294235229,31254,31264,10
13.0254898071,80.2300567627,31264,31274,10
13.0258903503,80.2308425903,31274,31284,10
13.0260000229,80.2313919067,31284,31294,10
13.0261497498,80.231918335,31294,31304,10
13.0263795853,80.2326202393,31304,31315,11
13.0266895294,80.2331771851,31315,31325,10
13.0270204544,80.2337188721,31325,31335,10
13.0274200439,80.2343521118,31335,31345,10
13.0277795792,80.2350006104,31345,31355,10
13.0282001495,80.2356567383,31355,31365,10
13.0288200378,80.2363815308,31365,31375,10
13.0293197632,80.2369308472,31375,31385,10
13.0295696259,80.2372436523,31385,31395,10
13.0295801163,80.2372665405,31395,31405,10
13.0296401978,80.2374267578,31405,31416,11
13.0299596786,80.2378768921,31416,31426,10
13.03028965,80.2384414673,31426,31436,10
13.0304803848,80.2387466431,31436,31446,10
13.0305299759,80.238861084,31446,31455,9
13.0306797028,80.2390594482,31455,31466,11
13.0308799744,80.239440918,31466,31476,10
13.0311803818,80.2399368286,31476,31486,10
13.0313596725,80.2402420044,31486,31496,10
13.0313997269,80.240737915,31496,31506,10
13.0315904617,80.2411422729,31506,31517,11
13.0318202972,80.2415924072,31517,31527,10
13.0321702957,80.2422180176,31527,31537,10
13.0326795578,80.2428665161,31537,31547,10
13.0331497192,80.2434997559,31547,31557,10
13.0335903168,80.244178772,31557,31567,10
13.0340003967,80.2447128296,31567,31577,10
13.0343999863,80.2451934814,31577,31587,10
13.0348396301,80.2457733154,31587,31597,10
13.0352401733,80.2460784912,31597,31607,10
13.0356397629,80.246131897,31607,31628,21
13.0356397629,80.246131897,31628,31638,10
13.0359697342,80.2462463379,31638,31648,10
13.0366096497,80.2464065552,31648,31658,10
13.0373802185,80.2464370728,31658,31668,10
13.0380802155,80.2465362549,31668,31678,10
13.0387201309,80.2467498779,31678,31688,10
13.0387601852,80.2467880249,31688,31698,10
13.0389003754,80.246887207,31698,31708,10
13.0394001007,80.2469482422,31708,31717,9
13.0397701263,80.2470092773,31717,31729,12
13.0404996872,80.2471389771,31729,31739,10
13.0408697128,80.2472076416,31739,31749,10
13.04088974,80.2472763062,31749,31759,10
13.0413103104,80.2473220825,31759,31769,10
13.0420503616,80.2474365234,31769,31779,10
13.0426301956,80.2475280762,31779,31789,10
13.0429296494,80.2476501465,31789,31799,10
13.0434398651,80.2478179932,31799,31809,10
13.0440196991,80.2477874756,31809,31819,10
13.0446300507,80.2478790283,31819,31829,10
13.0450601578,80.2481689453,31829,31840,11
13.0457801819,80.2484588623,31840,31850,10
13.0468502045,80.2484588623,31850,31870,20
13.0468502045,80.2484588623,31870,31880,10
13.0472602844,80.2485275269,31880,31890,10
13.0477800369,80.2490234375,31890,31900,10
13.0483598709,80.2496185303,31900,31910,10
13.0489997864,80.2497406006,31910,31920,10
13.0495901108,80.2498321533,31920,31930,10
13.0503997803,80.2499694824,31930,31941,11
13.0512504578,80.2501602173,31941,31951,10
13.0519800186,80.2506027222,31951,31961,10
13.0525903702,80.2513580322,31961,31971,10
13.0532903671,80.2522888184,31971,31981,10
13.0538101196,80.253036499,31981,31991,10
13.0543298721,80.2537689209,31991,32001,10
13.0548400879,80.25440979,32001,32011,10
13.055270195,80.254989624,32011,32021,10
13.0555801392,80.2554397583,32021,32032,11
13.0558795929,80.2558517456,32032,32043,11
13.0561103821,80.2561416626,32043,32053,10
13.0565395355,80.2566223145,32053,32071,18
13.0565395355,80.2566223145,32071,32083,12
13.0567798615,80.2568588257,32083,32093,10
13.0572795868,80.2573471069,32093,32103,10
13.0578203201,80.2578582764,32103,32113,10
13.0582799911,80.2584533691,32113,32123,10
13.0587396622,80.2590026855,32123,32133,10
13.0591201782,80.2595672607,32133,32143,10
13.0595798492,80.2601165771,32143,32154,11
13.0598697662,80.260269165,32154,32164,10
13.0600204468,80.2604827881,32164,32174,10
13.0606498718,80.2613067627,32174,32192,18
13.0606498718,80.2613067627,32192,32204,12
13.0607299805,80.2615814209,32204,32214,10
13.06112957,80.2620391846,32214,32224,10
13.0614995956,80.2624588013,32224,32234,10
13.0618200302,80.2628173828,32234,32244,10
13.0618801117,80.2629013062,32244,32255,11
13.0619697571,80.2629928589,32255,32265,10
13.0623397827,80.2633972168,32265,32275,10
13.0628995895,80.2640228271,32275,32285,10
13.0631198883,80.2642593384,32285,32295,10
13.0632801056,80.2645187378,32295,32305,10
13.0635995865,80.2650604248,32305,32315,10
13.0638999939,80.2654571533,32315,32325,10
13.0642404556,80.2658996582,32325,32335,10
13.0646696091,80.2664413452,32335,32345,10
13.0650596619,80.2668762207,32345,32355,10
13.0656499863,80.2673492432,32355,32366,11
13.0662698746,80.2681427002,32366,32376,10
13.0668001175,80.2684631348,32376,32386,10
13.0670995712,80.2686309814,32386,32396,10
13.0673599243,80.2688064575,32396,32406,10
13.0683698654,80.2691879272,32406,32416,10
13.0683698654,80.2691879272,32416,32426,10
13.0684700012,80.2686691284,32426,32436,10
13.0687103271,80.2681121826,32436,32446,10
13.0689401627,80.2673721313,32446,32457,11
13.0695199966,80.266746521,32457,32468,11
13.0704603195,80.2658004761,32468,32488,20
13.0704603195,80.2658004761,32488,32498,10
13.0706100464,80.2656478882,32498,32508,10
13.0708799362,80.2653427124,32508,32518,10
13.0712203979,80.2649917603,32518,32528,10
13.071680069,80.2645187378,32528,32538,10
13.0720701218,80.2640609741,32538,32548,10
13.0723600388,80.2635803223,32548,32558,10
13.0725698471,80.2630691528,32558,32569,11
13.0727596283,80.2626571655,32569,32579,10
13.0728597641,80.2622680664,32579,32589,10
13.0728998184,80.2620391846,32589,32599,10
13.0729198456,80.2619400024,32599,32609,10
13.0730400085,80.2615890503,32609,32619,10
13.0730800629,80.2613296509,32619,32629,10
13.0731096268,80.2609634399,32629,32639,10
13.0733003616,80.2606201172,32639,32649,10
13.0734500885,80.2602996826,32649,32659,10
13.073679924,80.2598571777,32659,32669,10
13.0741100311,80.2593231201,32669,32680,11
13.0746498108,80.2588424683,32680,32690,10
13.0750598907,80.2585220337,32690,32700,10
13.0753202438,80.2583007813,32700,32710,10
13.0755796432,80.2580566406,32710,32720,10
13.0756101608,80.2580413818,32720,32730,10
13.0756902695,80.2580413818,32730,32740,10
13.0759801865,80.2577972412,32740,32749,9
13.0763702393,80.2574462891,32749,32760,11
13.0768299103,80.2570266724,32760,32770,10
13.077249527,80.2567977905,32770,32781,11
13.0780200958,80.2566604614,32781,32791,10
13.0788402557,80.2565994263,32791,32801,10
13.0790996552,80.2561798096,32801,32811,10
13.0790195465,80.2554473877,32811,32821,10
13.0789699554,80.254989624,32821,32831,10
13.0790100098,80.2547225952,32831,32841,10
13.0793199539,80.2546005249,32841,32851,10
13.0796098709,80.2546081543,32851,32863,12
13.0798501968,80.2546386719,32863,32872,9
13.080280304,80.254699707,32872,32884,12
13.0807504654,80.2547988892,32884,32894,10
13.0813102722,80.2548522949,32894,32904,10
13.081700325,80.2546234131,32904,32914,10
13.0818395615,80.2542495728,32914,32924,10
13.0818300247,80.2537536621,32924,32934,10
13.081870079,80.2531661987,32934,32943,9
13.0816602707,80.2526321411,32943,32953,10
13.0814199448,80.2520065308,32953,32964,11
13.0813598633,80.2512588501,32964,32974,10
13.0813398361,80.2509384155,32974,32984,10
13.0813398361,80.2505493164,32984,32995,11
13.0812997818,80.2500076294,32995,33005,10
13.0815696716,80.249671936,33005,33015,10
13.0822296143,80.2497329712,33015,33025,10
13.0829401016,80.2498168945,33025,33035,10
13.0835800171,80.2499008179,33035,33045,10
13.0841398239,80.25,33045,33055,10
13.0844402313,80.2500610352,33055,33065,10
13.0846300125,80.2501068115,33065,33075,10
13.0851202011,80.2502288818,33075,33085,10
13.0857601166,80.2503433228,33085,33096,11
13.0859498978,80.2501068115,33096,33106,10
13.0859003067,80.2494888306,33106,33116,10
13.085849762,80.2487411499,33116,33126,10
13.0858201981,80.2479476929,33126,33136,10
13.0858297348,80.2471466064,33136,33146,10
13.0858097076,80.2468185425,33146,33156,10
13.0857801437,80.246711731,33156,33166,10
13.0857400894,80.2462234497,33166,33176,10
13.0856800079,80.2456207275,33176,33287,111
13.0856800079,80.2456207275,33287,33297,10
13.0856800079,80.2455215454,33297,33308,11
13.0857601166,80.2451934814,33308,33318,10
13.0861597061,80.2448501587,33318,33328,10
13.0867204666,80.244392395,33328,33338,10
13.087269783,80.2439193726,33338,33348,10
13.087770462,80.2434082031,33348,33358,10
13.0879402161,80.2428817749,33358,33368,10
13.0880699158,80.2422180176,33368,33378,10
13.0883398056,80.2419662476,33378,33388,10
13.0883798599,80.2419204712,33388,33398,10
13.088760376,80.2416687012,33398,33407,9
13.0893001556,80.2412872314,33407,33419,12
13.0901298523,80.2408599854,33419,33429,10
13.090880394,80.2408294678,33429,33439,10
13.0916595459,80.2408828735,33439,33449,10
13.0923204422,80.2409286499,33449,33459,10
13.0928897858,80.2409591675,33459,33469,10
13.0936002731,80.2410583496,33469,33479,10
13.0941295624,80.2411575317,33479,33489,10
13.0941495895,80.2411575317,33489,33499,10
13.0943603516,80.2412185669,33499,33508,9
13.0946903229,80.2412796021,33508,33520,12
13.095459938,80.2414703369,33520,33530,10
13.0959100723,80.2416305542,33530,33540,10
13.0964403152,80.2418212891,33540,33550,10
13.097240448,80.2420730591,33550,33610,60
13.097240448,80.2420730591,33610,33621,11
13.0974998474,80.2421417236,33621,33631,10
13.0979299545,80.2422637939,33631,33641,10
13.0983800888,80.2423400879,33641,33651,10
13.0985002518,80.2423400879,33651,33661,10
13.0985498428,80.2423324585,33661,33671,10
13.0986995697,80.2422637939,33671,33681,10
13.0987701416,80.2420578003,33681,33691,10
13.0985403061,80.2419281006,33691,33892,201
13.0984802246,80.2419509888,33892,34066,174
13.0985002518,80.2421875,34066,34348,282
13.0985202789,80.2423706055,34348,34470,122
13.0985202789,80.2423706055,34470,34480,10
13.0982999802,80.2423324585,34480,34490,10
13.0975999832,80.2421875,34490,34550,60
13.0975999832,80.2421875,34550,34560,10
13.0973701477,80.2421417236,34560,34570,10
13.0969400406,80.2420120239,34570,34581,11
13.0962495804,80.2417602539,34581,34611,30
13.0962495804,80.2417602539,34611,34621,10
13.0959997177,80.2416763306,34621,34631,10
13.0958299637,80.2416534424,34631,34641,10
13.0956897736,80.241569519,34641,34651,10
13.0954999924,80.2415313721,34651,34661,10
13.0953998566,80.2414779663,34661,34671,10
13.0951299667,80.2413482666,34671,34682,11
13.0946998596,80.2412261963,34682,34692,10
13.094420433,80.2411880493,34692,34702,10
13.0938596725,80.2410964966,34702,34712,10
13.0936403275,80.2410736084,34712,34722,10
13.0935401917,80.2410583496,34722,34732,10
13.0931901932,80.2410125732,34732,34742,10
13.0926599503,80.2409362793,34742,34752,10
13.092040062,80.2408828735,34752,34762,10
13.091219902,80.2408676147,34762,34772,10
13.0902795792,80.240852356,34772,34783,11
13.0895004272,80.2411575317,34783,34793,10
13.0888795853,80.2416610718,34793,34803,10
13.0882196426,80.2421875,34803,34813,10
13.0879802704,80.2427825928,34813,34823,10
13.0879201889,80.2430877686,34823,34843,20
13.0879201889,80.2430877686,34843,34854,11
13.0878095627,80.2434005737,34854,34864,10
13.0876598358,80.2436065674,34864,34873,9
13.0875196457,80.243812561,34873,34884,11
13.0874700546,80.2438278198,34884,34893,9
13.0872402191,80.2439422607,34893,34905,12
13.0866498947,80.2444915771,34905,35026,121
13.0866498947,80.2444915771,35026,35036,10
13.0862197876,80.2447662354,35036,35044,8
13.0859003067,80.2451019287,35044,35054,10
13.085650444,80.2455673218,35054,35066,12
13.085729599,80.2467422485,35066,35086,20
13.085729599,80.2467422485,35086,35096,10
13.0857801437,80.2472000122,35096,35107,11
13.0857601166,80.2480773926,35107,35117,10
13.0858201981,80.248916626,35117,35127,10
13.0859003067,80.2495193481,35127,35137,10
13.0859298706,80.2501373291,35137,35167,30
13.0859003067,80.25050354,35167,35194,27
13.0859003067,80.25050354,35194,35208,14
13.0858602524,80.2507095337,35208,35218,10
13.0858001709,80.2511901855,35218,35228,10
13.0857496262,80.2517166138,35228,35238,10
13.0856800079,80.252281189,35238,35248,10
13.0855302811,80.2529830933,35248,35258,10
13.0854701996,80.2533187866,35258,35268,10
13.085559845,80.2539520264,35268,35278,10
13.0856103897,80.2545623779,35278,35288,10
13.0853996277,80.2546310425,35288,35298,10
13.0849399567,80.2546234131,35298,35308,10
13.0845804214,80.2546081543,35308,35319,11
13.0840997696,80.2545700073,35319,35329,10
13.0839395523,80.2545318604,35329,35339,10
13.0837802887,80.2545013428,35339,35349,10
13.0833301544,80.2544631958,35349,35359,10
13.0827903748,80.2544403076,35359,35369,10
13.0823001862,80.2544708252,35369,35379,10
13.0817098618,80.2547912598,35379,35389,10
13.0810804367,80.2548294067,35389,35399,10
13.0809202194,80.2547988892,35399,35409,10
13.080739975,80.2547607422,35409,35420,11
13.0804700851,80.2546920776,35420,35430,10
13.0801801682,80.2546768188,35430,35440,10
13.0796499252,80.2546005249,35440,35450,10
13.0795001984,80.2546081543,35450,35460,10
13.0791301727,80.2546463013,35460,35470,10
13.0790596008,80.2549819946,35470,35480,10
13.0791196823,80.2556762695,35480,35490,10
13.0791501999,80.2562026978,35490,35500,10
13.0791902542,80.2564468384,35500,35510,10
13.0788202286,80.2566299438,35510,35520,10
13.0782804489,80.2566299438,35520,35531,11
13.0776796341,80.2566986084,35531,35541,10
13.0770902634,80.2568664551,35541,35551,10
13.0763502121,80.2574615479,35551,35561,10
13.0755796432,80.2581481934,35561,35571,10
13.0754995346,80.2583999634,35571,35581,10
13.0756702423,80.2589492798,35581,35591,10
13.0761699677,80.2597427368,35591,35601,10
13.0767698288,80.2603607178,35601,35611,10
13.0773200989,80.2610702515,35611,35621,10
13.0776395798,80.2617797852,35621,35632,11
13.0778398514,80.2621688843,35632,35682,50
13.0778398514,80.2621688843,35682,35692,10
13.0779104233,80.2625808716,35692,35702,10
13.0779600143,80.2628097534,35702,35712,10
13.0780696869,80.2632522583,35712,35722,10
13.0778598785,80.2635574341,35722,35731,9
13.077460289,80.2639312744,35731,35743,12
13.0766401291,80.2641296387,35743,35753,10
13.0759401321,80.2641906738,35753,35763,10
13.0754699707,80.2637634277,35763,35773,10
13.0750598907,80.2632598877,35773,35783,10
13.0747203827,80.262802124,35783,35793,10
13.0743398666,80.2624511719,35793,35803,10
13.0741195679,80.2621917725,35803,35813,10
13.0739803314,80.26197052,35813,35823,10
13.073849678,80.2618103027,35823,35833,10
13.0738296509,80.2617797852,35833,35844,11
13.0737400055,80.2616195679,35844,35854,10
13.0733699799,80.2613830566,35854,35864,10
13.0729598999,80.2618103027,35864,35874,10
13.0727396011,80.2625198364,35874,35884,10
13.0725297928,80.2631912231,35884,35894,10
13.0722799301,80.263710022,35894,35905,11
13.0717496872,80.2644119263,35905,35914,9
13.0715999603,80.2645721436,35914,35925,11
13.0715398788,80.2646636963,35925,35934,9
13.0713500977,80.2649078369,35934,35944,10
13.070980072,80.2653884888,35944,35956,12
13.0702495575,80.2660903931,35956,35966,10
13.0696201324,80.2667388916,35966,35975,9
13.0690498352,80.2672805786,35975,35986,11
13.0687704086,80.2679672241,35986,35995,9
13.0686397552,80.2684020996,35995,36005,10
13.0684700012,80.2688522339,36005,36015,10
13.0683202744,80.2694091797,36015,36025,10
13.0682296753,80.2698287964,36025,36036,11
13.0681800842,80.2704696655,36036,36045,9
13.0679197311,80.2709732056,36045,36057,12
13.0673999786,80.2705917358,36057,36067,10
13.0673999786,80.2705688477,36067,36077,10
13.0671300888,80.2702713013,36077,36087,10
13.0666904449,80.269859314,36087,36097,10
13.0664997101,80.2692871094,36097,36107,10
13.0664796829,80.2686309814,36107,36117,10
13.0661401749,80.2681121826,36117,36127,10
13.0656299591,80.2676925659,36127,36145,18
13.0656299591,80.2676925659,36145,36158,13
13.0655298233,80.2676391602,36158,36168,10
13.065489769,80.2676391602,36168,36178,10
13.065290451,80.2676315308,36178,36188,10
13.0648002625,80.267539978,36188,36198,10
13.064160347,80.2673873901,36198,36208,10
13.0634498596,80.2672729492,36208,36218,10
13.0628404617,80.2672119141,36218,36228,10
13.0623502731,80.2666702271,36228,36236,8
13.0618896484,80.2660598755,36236,36248,12
13.0611696243,80.2652282715,36248,36258,10
13.0606803894,80.2653198242,36258,36269,11
13.0606603622,80.2653274536,36269,36279,10
13.0605297089,80.2653808594,36279,36289,10
13.0600099564,80.2655563354,36289,36299,10
13.059220314,80.2655105591,36299,36309,10
13.0586500168,80.265411377,36309,36319,10
13.0585899353,80.2653884888,36319,36329,10
13.0582399368,80.2652206421,36329,36339,10
13.05809021,80.2647094727,36339,36349,10
13.0579795837,80.2639694214,36349,36359,10
13.0579099655,80.263130188,36359,36370,11
13.0577602386,80.2623519897,36370,36380,10
13.0576696396,80.2617797852,36380,36390,10
13.0575504303,80.261100769,36390,36400,10
13.0573596954,80.2603302002,36400,36410,10
13.0570802689,80.2595367432,36410,36420,10
13.0567598343,80.2586364746,36420,36430,10
13.0566501617,80.2580184937,36430,36440,10
13.0565795898,80.2575836182,36440,36450,10
13.0565900803,80.2575836182,36450,36460,10
13.0566101074,80.2574386597,36460,36470,10
13.0564603806,80.256980896,36470,36481,11
13.0561800003,80.2563323975,36481,36491,10
13.0556898117,80.2556228638,36491,36501,10
13.0550899506,80.254737854,36501,36511,10
13.0543603897,80.2538375854,36511,36521,10
13.0540895462,80.2535018921,36521,36531,10
13.0539598465,80.2533035278,36531,36541,10
13.053609848,80.2527084351,36541,36551,10
13.0530595779,80.2519607544,36551,36561,10
13.0525598526,80.2512893677,36561,36571,10
13.0521402359,80.2507629395,36571,36582,11
13.05148983,80.2502365112,36582,36592,10
13.0505304337,80.249961853,36592,36600,8
13.0498199463,80.2498168945,36600,36613,13
13.0489301682,80.2497177124,36613,36623,10
13.0482997894,80.2495498657,36623,36633,10
13.0475997925,80.2489395142,36633,36643,10
13.0470304489,80.248588562,36643,36653,10
13.0469398499,80.2485275269,36653,36663,10
13.0464496613,80.2484817505,36663,36673,10
13.0457601547,80.2483596802,36673,36682,9
13.0451602936,80.2481079102,36682,36694,12
13.0442304611,80.2479629517,36694,36704,10
13.0434303284,80.247833252,36704,36714,10
13.0427303314,80.2477493286,36714,36724,10
13.0420503616,80.2476196289,36724,36736,12
13.0415096283,80.2474365234,36736,36746,10
13.0411701202,80.2473373413,36746,36756,10
13.0404500961,80.2471923828,36756,36764,8
13.0398702621,80.2471008301,36764,36776,12
13.0392503738,80.2469100952,36776,36785,9
13.0387496948,80.2468185425,36785,36797,12
13.0382499695,80.2466888428,36797,36805,8
13.0378799438,80.2466506958,36805,36815,10
13.0371599197,80.2465286255,36815,36827,12
13.0363998413,80.2463684082,36827,36836,9
13.035779953,80.2462234497,36836,36847,11
13.0354204178,80.2460327148,36847,36856,9
13.035369873,80.2460098267,36856,36866,10
13.0350704193,80.2458724976,36866,36877,11
13.034620285,80.2454071045,36877,36886,9
13.0341997147,80.2448730469,36886,36898,12
13.0335197449,80.2440795898,36898,36908,10
13.0328197479,80.2431411743,36908,36918,10
13.0321502686,80.2422409058,36918,36938,20
13.0321502686,80.2422409058,36938,36948,10
13.0321598053,80.2422103882,36948,36958,10
13.0319795609,80.241897583,36958,36968,10
13.0318498611,80.2416229248,36968,36978,10
13.0316696167,80.2412185669,36978,36988,10
13.0312995911,80.2405090332,36988,36998,10
13.0311899185,80.2402496338,36998,37069,71
13.0311899185,80.2402496338,37069,37079,10
13.0311002731,80.2400436401,37079,37089,10
13.0308799744,80.2395019531,37089,37098,9
13.0305299759,80.238861084,37098,37110,12
13.0299396515,80.2378387451,37110,37120,10
13.0294103622,80.2370986938,37120,37130,10
13.0291900635,80.2368774414,37130,37140,10
13.0290203094,80.2366867065,37140,37150,10
13.0285596848,80.2361831665,37150,37160,10
13.0279598236,80.235458374,37160,37170,10
13.0274295807,80.2345504761,37170,37180,10
13.0269002914,80.2337417603,37180,37200,20
13.0268602371,80.2336883545,37200,37221,21
13.0268602371,80.2336883545,37221,37231,10
13.0268201828,80.2335968018,37231,37241,10
13.026599884,80.2332382202,37241,37251,10
13.0263395309,80.2326889038,37251,37261,10
13.0261697769,80.232093811,37261,37271,10
13.0260896683,80.2317581177,37271,37281,10
13.0259199142,80.2313766479,37281,37291,10
13.0256996155,80.2306518555,37291,37301,10
13.0252103806,80.2298202515,37301,37311,10
13.0248203278,80.2293014526,37311,37322,11
13.0246295929,80.2290496826,37322,37332,10
13.0243797302,80.2287597656,37332,37342,10
13.024140358,80.2284393311,37342,37352,10
13.024140358,80.2284317017,37352,37362,10
13.0241098404,80.2283935547,37362,37372,10
13.0238599777,80.2280578613,37372,37382,10
13.023349762,80.2275390625,37382,37392,10
13.0228500366,80.2270278931,37392,37402,10
13.022480011,80.2266998291,37402,37412,10
13.0219602585,80.2262496948,37412,37422,10
13.021490097,80.2258834839,37422,37433,11
13.0208702087,80.2254104614,37433,37443,10
13.0204200745,80.2251205444,37443,37453,10
13.0198297501,80.2247390747,37453,37463,10
13.0190000534,80.2244873047,37463,37473,10
13.0181798935,80.2247619629,37473,37483,10
13.0172996521,80.2251205444,37483,37493,10
13.0167398453,80.2253494263,37493,37503,10
13.016409874,80.225479126,37503,37513,10
13.0159301758,80.2256164551,37513,37522,9
13.0153598785,80.2258224487,37522,37534,12
13.0146999359,80.2260818481,37534,37544,10
13.0144395828,80.2261810303,37544,37554,10
13.0142097473,80.2262573242,37554,37564,10
13.0141401291,80.2263031006,37564,37574,10
13.0140800476,80.2263412476,37574,37584,10
13.0136899948,80.2264862061,37584,37594,10
13.0132703781,80.2266311646,37594,37604,10
13.0125799179,80.226890564,37604,37614,10
13.0116701126,80.2272796631,37614,37624,10
13.0106496811,80.2276687622,37624,37635,11
13.0095901489,80.2281036377,37635,37645,10
13.0090703964,80.2288513184,37645,37655,10
13.0088701248,80.2298965454,37655,37665,10
13.0086603165,80.23097229,37665,37675,10
13.0085601807,80.2315979004,37675,37687,12
13.0084695816,80.2321395874,37687,37696,9
13.0084199905,80.2324066162,37696,37706,10
13.0083904266,80.2325668335,37706,37716,10
13.0082998276,80.2330627441,37716,37746,30
13.0082998276,80.2330627441,37746,37756,10
13.0082798004,80.2334899902,37756,37766,10
13.0081996918,80.2336730957,37766,37776,10
13.0081300735,80.2338485718,37776,37788,12
13.0080699921,80.2341003418,37788,37796,8
13.008020401,80.2343978882,37796,37836,40
13.008020401,80.2343978882,37836,37849,13
13.0079898834,80.2346496582,37849,37859,10
13.0078897476,80.2350769043,37859,37869,10
13.0077695847,80.2357406616,37869,37879,10
13.0076999664,80.2361373901,37879,37889,10
13.0075902939,80.2366333008,37889,37899,10
13.0075597763,80.236831665,37899,37909,10
13.0075101852,80.2370223999,37909,37919,10
13.0074501038,80.2373123169,37919,37929,10
13.0073699951,80.237663269,37929,37939,10
13.0072402954,80.2383880615,37939,37980,41
13.0072402954,80.2383880615,37980,37990,10
13.0070896149,80.2389068604,37990,38000,10
13.0069999695,80.2394714355,38000,38010,10
13.0068597794,80.2401123047,38010,38020,10
13.0067195892,80.2407608032,38020,38030,10
13.0066900253,80.2413101196,38030,38040,10
13.0066995621,80.2414779663,38040,38050,10
13.0066995621,80.2420501709,38050,38061,11
13.0066995621,80.2426986694,38061,38071,10
13.0066995621,80.2428894043,38071,38081,10
13.0067100525,80.2431716919,38081,38091,10
13.0066900253,80.2434463501,38091,38101,10
13.0066699982,80.2437820435,38101,38111,10
13.0066404343,80.2442398071,38111,38121,10
13.0066604614,80.2445983887,38121,38131,10
13.0066699982,80.2449035645,38131,38141,10
13.0066900253,80.2453765869,38141,38161,20
13.0066900253,80.2453765869,38161,38172,11
13.0066995621,80.2457733154,38172,38182,10
13.0067195892,80.2461395264,38182,38192,10
13.0067300797,80.246673584,38192,38202,10
13.0067195892,80.2473907471,38202,38212,10
13.0066995621,80.2481765747,38212,38222,10
13.0067596436,80.2492218018,38222,38232,10
13.0067901611,80.2502365112,38232,38242,10
13.006819725,80.2510375977,38242,38252,10
13.0067501068,80.2516479492,38252,38262,10
13.0065698624,80.2523880005,38262,38273,11
13.0065202713,80.2534866333,38273,38283,10
13.0065402985,80.2544784546,38283,38293,10
13.0065898895,80.2547836304,38293,38303,10
13.0065803528,80.2548370361,38303,38313,10
13.0065603256,80.2552871704,38313,38323,10
13.0065803528,80.2561035156,38323,38333,10
13.0066699982,80.2572097778,38333,38444,111
13.0066699982,80.2572097778,38444,38454,10
13.0066204071,80.2575378418,38454,38464,10
13.005900383,80.2574615479,38464,38474,10
13.0051498413,80.257270813,38474,38485,11
13.004360199,80.2570877075,38485,38495,10
13.0034599304,80.2568969727,38495,38505,10
13.0026502609,80.2567596436,38505,38515,10
13.0023603439,80.2566986084,38515,38525,10
13.0022602081,80.2566833496,38525,38535,10
13.0018997192,80.2566223145,38535,38545,10
13.0013103485,80.2565689087,38545,38555,10
13.0005302429,80.2564468384,38555,38565,10
13.0,80.256362915,38565,38585,20
13.0,80.256362915,38585,38596,11
12.9996900558,80.2562866211,38596,38606,10
12.9991502762,80.256187439,38606,38616,10
12.998840332,80.256111145,38616,38636,20
12.998840332,80.256111145,38636,38646,10
12.9986200333,80.2560577393,38646,38656,10
12.9981899261,80.2559967041,38656,38666,10
12.9977397919,80.2559585571,38666,38677,11
12.9976997375,80.2562332153,38677,38686,9
12.9979000092,80.2567062378,38686,38696,10
12.997710228,80.2570877075,38696,38708,12
12.9975996017,80.2568511963,38708,38899,191
12.9975996017,80.2568511963,38899,38910,11
12.9975204468,80.2565994263,38910,38920,10
12.9976396561,80.2561798096,38920,38930,10
12.9976902008,80.2559280396,38930,38960,30
12.9976902008,80.2559280396,38960,38970,10
12.997300148,80.2559127808,38970,38980,10
12.9969501495,80.2558898926,38980,38990,10
12.9966001511,80.2558822632,38990,39000,10
12.9960603714,80.2558898926,39000,39010,10
12.9956197739,80.255897522,39010,39021,11
12.995059967,80.2559204102,39021,39031,10
12.9944000244,80.2559280396,39031,39041,10
12.993929863,80.2559967041,39041,39051,10
12.9932203293,80.2560272217,39051,39061,10
12.9922800064,80.2560577393,39061,39071,10
12.9912900925,80.2559967041,39071,39081,10
12.9907197952,80.2559967041,39081,39091,10
12.9904003143,80.2559967041,39091,39101,10
12.9899196625,80.2560119629,39101,39111,10
12.9890203476,80.2559509277,39111,39122,11
12.9884700775,80.2559204102,39122,39132,10
12.988360405,80.2559127808,39132,39142,10
12.9880895615,80.255859375,39142,39233,91
12.9880895615,80.255859375,39233,39243,10
12.9876298904,80.255821228,39243,39253,10
12.9875402451,80.2563400269,39253,39263,10
12.9875097275,80.2570877075,39263,39273,10
12.9874696732,80.2578125,39273,39283,10
12.9874095917,80.2587280273,39283,39303,20
12.9874095917,80.2587280273,39303,39313,10
12.9872703552,80.2592315674,39313,39344,31
12.9872703552,80.2592315674,39344,39354,10
12.987159729,80.2595367432,39354,39364,10
12.9870195389,80.2595596313,39364,39374,10
12.9867095947,80.2595062256,39374,39384,10
12.9865999222,80.2591705322,39384,39465,81
12.9869403839,80.2590789795,39465,39505,40
12.9869403839,80.2590789795,39505,39515,10
12.9872303009,80.2591323853,39515,39525,10
12.9873504639,80.2589797974,39525,39535,10
12.9874000549,80.2585372925,39535,39546,11
12.9874095917,80.2584228516,39546,39556,10
12.9874296188,80.2581787109,39556,39566,10
12.9874696732,80.2577285767,39566,39576,10
12.9875001907,80.2571792603,39576,39586,10
12.9875402451,80.2568588257,39586,39596,10
12.9875497818,80.2566375732,39596,39606,10
12.987569809,80.2561798096,39606,39616,10
12.987660408,80.2557830811,39616,39626,10
12.9880800247,80.2557601929,39626,39636,10
12.9883298874,80.2557983398,39636,39646,10
12.9888296127,80.2558822632,39646,39666,20
12.9888296127,80.2558822632,39666,39678,12
12.98898983,80.2559585571,39678,39688,10
12.9893703461,80.2559432983,39688,39696,8
12.9899597168,80.2559661865,39696,39708,12
12.9906597137,80.2559585571,39708,39718,10
12.9913396835,80.2559814453,39718,39726,8
12.9919996262,80.2559814453,39726,39738,12
12.9930400848,80.2559585571,39738,39748,10
12.9937295914,80.255897522,39748,39757,9
12.99421978,80.2559204102,39757,39768,11
12.9948196411,80.2558898926,39768,39779,11
12.9953804016,80.255859375,39779,39789,10
12.9959897995,80.2558517456,39789,39799,10
12.9963798523,80.2558364868,39799,39838,39
12.9963798523,80.2558364868,39838,39849,11
12.9964895248,80.2558364868,39849,39858,9
12.9967403412,80.2558135986,39858,39870,12
12.9970903397,80.2558288574,39870,39880,10
12.9975996017,80.2558517456,39880,39890,10
12.9981899261,80.2558670044,39890,39900,10
12.998840332,80.2559967041,39900,39920,20
12.998840332,80.2559967041,39920,39930,10
12.9990797043,80.2560806274,39930,39940,10
12.9995603561,80.2561798096,39940,39950,10
12.9999704361,80.2562713623,39950,39960,10
13.0006599426,80.2564163208,39960,39981,21
13.0006599426,80.2564163208,39981,39991,10
13.0008497238,80.256401062,39991,40001,10
13.0012397766,80.2564697266,40001,40011,10
13.001660347,80.2565383911,40011,40021,10
13.0022802353,80.2566299438,40021,40029,8
13.0028295517,80.256729126,40029,40051,22
13.0028295517,80.256729126,40051,40061,10
13.0032196045,80.2568206787,40061,40112,51
13.0032196045,80.2568206787,40112,40122,10
13.0034704208,80.256942749,40122,40132,10
13.0037603378,80.256942749,40132,40142,10
13.0040397644,80.2570037842,40142,40152,10
13.0043096542,80.2570266724,40152,40162,10
13.0047197342,80.2570877075,40162,40171,9
13.0051498413,80.2571411133,40171,40182,11
13.0053701401,80.2571792603,40182,40223,41
13.0053701401,80.2571792603,40223,40233,10
13.0057201385,80.257270813,40233,40243,10
13.0062999725,80.2573623657,40243,40253,10
13.0065603256,80.2572021484,40253,40262,9
13.0065202713,80.2565689087,40262,40273,11
13.0065002441,80.255531311,40273,40283,10
13.006529808,80.2547073364,40283,40294,11
13.006529808,80.2537994385,40294,40304,10
13.0065002441,80.2533187866,40304,40314,10
13.0065097809,80.253288269,40314,40324,10
13.0065097809,80.2531204224,40324,40334,10
13.0065202713,80.2525787354,40334,40344,10
13.0066204071,80.2520599365,40344,40415,71
13.0066204071,80.2520599365,40415,40425,10
13.0066204071,80.2520065308,40425,40435,10
13.0067100525,80.2515869141,40435,40445,10
13.0067796707,80.250869751,40445,40455,10
13.006770134,80.249961853,40455,40465,10
13.0067195892,80.2491073608,40465,40526,61
13.0067195892,80.2491073608,40526,40536,10
13.006770134,80.2490081787,40536,40546,10
13.0066995621,80.2486495972,40546,40556,10
13.0066604614,80.2483291626,40556,40606,50
13.0066604614,80.2483291626,40606,40617,11
13.006649971,80.2481231689,40617,40667,50
13.006649971,80.2481231689,40667,40677,10
13.006649971,80.2478713989,40677,40687,10
13.0066404343,80.2474212646,40687,40697,10
13.0066099167,80.2465286255,40697,40717,20
13.0066099167,80.2465286255,40717,40729,12
13.0066099167,80.2464065552,40729,40739,10
13.0066204071,80.2458496094,40739,40747,8
13.0066299438,80.2452011108,40747,40757,10
13.0066604614,80.2443618774,40757,40767,10
13.0066404343,80.243598938,40767,40778,11
13.0066003799,80.2428512573,40778,40789,11
13.0065803528,80.2417984009,40789,40798,9
13.006649971,80.2408828735,40798,40808,10
13.0067796707,80.2402496338,40808,40818,10
13.0069599152,80.2396392822,40818,40828,10
13.0070695877,80.2387466431,40828,40838,10
13.007229805,80.2378616333,40838,40850,12
13.007399559,80.2369232178,40850,40860,10
13.007399559,80.2368621826,40860,40870,10
13.0074701309,80.236656189,40870,40878,8
13.0075597763,80.2363128662,40878,40890,12
13.0077495575,80.2354812622,40890,40900,10
13.0078897476,80.2347488403,40900,40908,8
13.0080499649,80.2340698242,40908,40918,10
13.0082597733,80.2329788208,40918,40931,13
13.0085897446,80.2312774658,40931,40941,10
13.0088300705,80.2300186157,40941,40951,10
13.0090703964,80.2288894653,40951,40961,10
13.0092802048,80.2280807495,40961,40971,10
13.0096302032,80.2272567749,40971,40981,10
13.0100803375,80.2262802124,40981,40991,10
13.0104999542,80.2254486084,40991,41001,10
13.0108499527,80.224609375,41001,41009,8
13.0111103058,80.223991394,41009,41021,12
13.0114297867,80.2232666016,41021,41042,21
13.0115299225,80.2231369019,41042,41062,20
13.0115299225,80.2231369019,41062,41072,10
13.0115404129,80.2230834961,41072,41082,10
13.0117702484,80.2225036621,41082,41092,10
13.0120096207,80.2218170166,41092,41102,10
13.0124397278,80.2217712402,41102,41112,10
13.0128698349,80.2223129272,41112,41122,10
13.0135097504,80.2229385376,41122,41132,10
13.0140399933,80.2233963013,41132,41143,11
13.0142602921,80.2236709595,41143,41153,10
13.0146102905,80.2239990234,41153,41163,10
13.0150499344,80.2245483398,41163,41173,10
13.01541996,80.2249526978,41173,41183,10
13.0156097412,80.2251281738,41183,41193,10
13.0156803131,80.2252578735,41193,41203,10
13.0161600113,80.2254180908,41203,41213,10
13.0167999268,80.2252426147,41213,41223,10
13.0174798965,80.2249679565,41223,41233,10
13.0181798935,80.2246780396,41233,41244,11
13.0188598633,80.2244110107,41244,41252,8
13.0193099976,80.224319458,41252,41264,12
13.0193796158,80.224319458,41264,41274,10
13.0195302963,80.2244110107,41274,41284,10
13.0196695328,80.2244720459,41284,41294,10
13.0198202133,80.2245483398,41294,41304,10
13.0200901031,80.2247772217,41304,41314,10
13.0204801559,80.2250976563,41314,41324,10
13.0214395523,80.2258224487,41324,41334,10
13.0214395523,80.2258224487,41334,41344,10
13.0219202042,80.2262115479,41344,41354,10
13.0225296021,80.2267608643,41354,41431,77
13.025270462,80.2297821045,41431,41441,10
13.0256795883,80.2304229736,41441,41453,12
13.0258598328,80.2308502197,41453,41464,11
13.0259799957,80.2312393188,41464,41474,10
13.0261697769,80.2317886353,41474,41484,10
13.0263500214,80.2322921753,41484,41504,20
13.0263500214,80.2322921753,41504,41514,10
13.0264997482,80.232673645,41514,41524,10
13.0266504288,80.2330703735,41524,41534,10
13.0268602371,80.2334289551,41534,41544,10
13.0272502899,80.2340621948,41544,41554,10
13.027680397,80.2348175049,41554,41565,11
13.0279798508,80.2353668213,41565,41575,10
13.0285301208,80.236038208,41575,41585,10
13.0291795731,80.2367401123,41585,41595,10
13.029589653,80.2371063232,41595,41605,10
13.0296497345,80.2372436523,41605,41615,10
13.0297002792,80.2373809814,41615,41625,10
13.029709816,80.2373886108,41625,41635,10
13.0298299789,80.2375488281,41635,41645,10
13.0298299789,80.2375564575,41645,41655,10
13.0299301147,80.237739563,41655,41665,10
13.0300302505,80.2378768921,41665,41676,11
13.0300397873,80.2378921509,41676,41686,10
13.0301599503,80.2381134033,41686,41706,20
13.0301599503,80.2381134033,41706,41716,10
13.0303401947,80.2383880615,41716,41726,10
13.0304002762,80.2385177612,41726,41736,10
13.0304698944,80.2386474609,41736,41746,10
13.0307302475,80.2390518188,41746,41756,10
13.0310297012,80.2395935059,41756,41766,10
13.0313196182,80.2400894165,41766,41777,11
13.0314598083,80.2407836914,41777,41787,10
13.0316801071,80.2412490845,41787,41797,10
13.0319099426,80.2417907715,41797,41807,10
13.032409668,80.242401123,41807,41817,10
13.0327100754,80.2428436279,41817,41827,10
13.033080101,80.2433395386,41827,41837,10
13.033490181,80.2439880371,41837,41847,10
13.0338401794,80.2444763184,41847,41857,10
13.0338602066,80.2445068359,41857,41867,10
13.034119606,80.2447967529,41867,41876,9
13.0344295502,80.2451629639,41876,41888,12
13.0349597931,80.2458114624,41888,41898,10
13.035610199,80.2461700439,41898,41918,20
13.035610199,80.2461700439,41918,41928,10
13.0359601974,80.2463302612,41928,41938,10
13.0367002487,80.2465362549,41938,41948,10
13.0374097824,80.2464675903,41948,41958,10
13.0380897522,80.2465515137,41958,41968,10
13.0386400223,80.246711731,41968,41978,10
13.038860321,80.2468414307,41978,41989,11
13.0391998291,80.2469177246,41989,41999,10
13.0394201279,80.2469482422,41999,42009,10
13.0398101807,80.2470169067,42009,42019,10
13.0403203964,80.2471237183,42019,42029,10
13.0408000946,80.2472000122,42029,42039,10
13.0408802032,80.2472381592,42039,42049,10
13.0412101746,80.2473068237,42049,42059,10
13.0418300629,80.2474212646,42059,42069,10
13.0423002243,80.2475128174,42069,42079,10
13.0426397324,80.2476882935,42079,42088,9
13.0430002213,80.247756958,42088,42100,12
13.043589592,80.2479019165,42100,42110,10
13.0440502167,80.247756958,42110,42120,10
13.0446195602,80.2478485107,42120,42130,10
13.0450696945,80.2481079102,42130,42140,10
13.0455904007,80.2482833862,42140,42150,10
13.0468397141,80.2484664917,42150,42170,20
13.0468397141,80.2484664917,42170,42180,10
13.047249794,80.2485580444,42180,42190,10
13.0477199554,80.248916626,42190,42201,11
13.0483703613,80.249458313,42201,42211,10
13.0485200882,80.2496185303,42211,42221,10
13.0490198135,80.2496337891,42221,42231,10
13.0493898392,80.2497329712,42231,42241,10
13.0499401093,80.2498092651,42241,42252,11
13.0508403778,80.2500228882,42252,42262,10
13.0515899658,80.2503128052,42262,42272,10
13.052280426,80.2509384155,42272,42282,10
13.0527696609,80.2515869141,42282,42292,10
13.0531597137,80.2520675659,42292,42302,10
13.0535097122,80.2525482178,42302,42313,11
13.0540599823,80.2533111572,42313,42321,8
13.0544996262,80.253868103,42321,42331,10
13.0550003052,80.2545166016,42331,42342,11
13.0554199219,80.2551116943,42342,42352,10
13.0556898117,80.2555236816,42352,42363,11
13.0557899475,80.2556915283,42363,42372,9
13.0558996201,80.2558364868,42372,42383,11
13.0560398102,80.2560195923,42383,42392,9
13.056139946,80.2561264038,42392,42403,11
13.0563297272,80.2564163208,42403,42412,9
13.0568199158,80.2568130493,42412,42434,22
13.0568199158,80.2568130493,42434,42442,8
13.0571498871,80.2571029663,42442,42452,10
13.0576496124,80.2575683594,42452,42464,12
13.0581197739,80.2581481934,42464,42474,10
13.0584602356,80.2586517334,42474,42484,10
13.0589504242,80.2591781616,42484,42492,8
13.0592298508,80.2597427368,42492,42504,12
13.0597600937,80.2601928711,42504,42512,8
13.0601596832,80.260597229,42512,42525,13
13.0606803894,80.2612380981,42525,42535,10
13.0607700348,80.2613983154,42535,42545,10
13.0609798431,80.2617721558,42545,42555,10
13.0614204407,80.2621383667,42555,42565,10
13.0618600845,80.2627410889,42565,42575,10
13.0624704361,80.2634506226,42575,42585,10
13.0628595352,80.2638626099,42585,42595,10
13.0631103516,80.2641677856,42595,42605,10
13.0631904602,80.2642822266,42605,42615,10
13.0634098053,80.2647018433,42615,42626,11
13.0636997223,80.2651824951,42626,42636,10
13.0638303757,80.2653427124,42636,42646,10
13.0640096664,80.2655792236,42646,42656,10
13.0643501282,80.2659378052,42656,42666,10
13.0645399094,80.2661895752,42666,42676,10
13.0646495819,80.2663421631,42676,42686,10
13.0648002625,80.2665634155,42686,42696,10
13.0650596619,80.2668380737,42696,42706,10
13.0656003952,80.267250061,42706,42716,10
13.0663003922,80.2680969238,42716,42737,21
13.0663003922,80.2680969238,42737,42747,10
13.0664701462,80.2682800293,42747,42757,10
13.0665798187,80.2683563232,42757,42767,10
13.0668697357,80.2684936523,42767,42777,10
13.0670003891,80.2685699463,42777,42787,10
13.0672101974,80.2686920166,42787,42796,9
13.0676603317,80.2690200806,42796,42807,11
13.0682497025,80.2693023682,42807,42817,10
13.068400383,80.2688293457,42817,42827,10
13.0685396194,80.2684326172,42827,42838,11
13.0687704086,80.2677688599,42838,42848,10
13.0690803528,80.2671203613,42848,42858,10
13.0694999695,80.2666320801,42858,42868,10
13.069729805,80.2664337158,42868,42878,10
13.0699501038,80.2662200928,42878,42888,10
13.0702695847,80.2659072876,42888,42898,10
13.0703201294,80.2658691406,42898,42908,10
13.0706100464,80.265586853,42908,42918,10
13.0708599091,80.2653198242,42918,42927,9
13.0710897446,80.2650985718,42927,42939,12
13.0713796616,80.2648162842,42939,42949,10
13.0716896057,80.2644500732,42949,42959,10
13.0720100403,80.2640533447,42959,42969,10
13.0723695755,80.2634887695,42969,42979,10
13.0725603104,80.2629928589,42979,42989,10
13.0727500916,80.262512207,42989,42999,10
13.072930336,80.2619934082,42999,43009,10
13.0729904175,80.2618637085,43009,43019,10
13.0731096268,80.2614212036,43019,43029,10
13.0732402802,80.261138916,43029,43039,10
13.0734100342,80.2612915039,43039,43050,11
13.0738801956,80.2618103027,43050,43060,10
13.0743598938,80.2624130249,43060,43070,10
13.0748701096,80.2630615234,43070,43080,10
13.0752897263,80.2636184692,43080,43090,10
13.0756902695,80.2641296387,43090,43100,10
13.0762195587,80.2641677856,43100,43110,10
13.0768995285,80.2641372681,43110,43120,10
13.0774202347,80.2639923096,43120,43130,10
13.0780200958,80.2634963989,43130,43140,10
13.0779695511,80.2629013062,43140,43151,11
13.0776996613,80.2620697021,43151,43161,10
13.0774002075,80.2611923218,43161,43171,10
13.0773296356,80.2609176636,43171,43181,10
13.0773096085,80.2609024048,43181,43191,10
13.0771903992,80.2606506348,43191,43201,10
13.0770101547,80.2604293823,43201,43211,10
13.0766296387,80.2601776123,43211,43221,10
13.0759401321,80.2596817017,43221,43231,10
13.0756196976,80.2590866089,43231,43241,10
13.0755796432,80.2588577271,43241,43251,10
13.0754899979,80.2583465576,43251,43262,11
13.0758304596,80.2579421997,43262,43272,10
13.0762395859,80.2575378418,43272,43282,10
13.0767803192,80.2570571899,43282,43293,11
13.0774898529,80.256729126,43293,43303,10
13.0783596039,80.2566299438,43303,43312,9
13.0789804459,80.2565383911,43312,43323,11
13.0790100098,80.255821228,43323,43333,10
13.0789699554,80.2553024292,43333,43384,51
13.0789699554,80.2553024292,43384,43393,9
13.0790395737,80.2549285889,43393,43403,10
13.079079628,80.2546920776,43403,43413,10
13.0792999268,80.2546310425,43413,43423,10
13.0794095993,80.2546081543,43423,43434,11
13.0798101425,80.2546386719,43434,43443,9
13.0803403854,80.254699707,43443,43453,10
13.0810098648,80.2547607422,43453,43463,10
13.0815496445,80.2547988892,43463,43475,12
13.0817804337,80.2542419434,43475,43485,10
13.0818300247,80.2537536621,43485,43495,10
13.0818004608,80.2530593872,43495,43505,10
13.0815496445,80.252532959,43505,43515,10
13.0815000534,80.2516403198,43515,43525,10
13.0814695358,80.2511901855,43525,43535,10
13.0813903809,80.2508163452,43535,43545,10
13.0813302994,80.2503433228,43545,43555,10
13.0813302994,80.2498931885,43555,43565,10
13.0816898346,80.2497177124,43565,43576,11
13.0823001862,80.2497634888,43576,43586,10
13.0829000473,80.2497711182,43586,43596,10
13.0834798813,80.2498779297,43596,43606,10
13.0841703415,80.2500762939,43606,43616,10
13.0845899582,80.2501525879,43616,43626,10
13.0848798752,80.2501678467,43626,43636,10
13.0853300095,80.2503128052,43636,43646,10
13.0855903625,80.250328064,43646,43656,10
13.0858602524,80.2503509521,43656,43666,10
13.0859003067,80.249961853,43666,43676,10
13.0859203339,80.2491912842,43676,43687,11
13.085849762,80.2485961914,43687,43697,10
13.0858602524,80.2478866577,43697,43707,10
13.0858402252,80.2470169067,43707,43717,10
13.0857601166,80.2461013794,43717,43727,10
13.0857200623,80.2455596924,43727,43737,10
13.0859003067,80.2451629639,43737,43747,10
13.086400032,80.2447128296,43747,43757,10
13.086979866,80.244178772,43757,43767,10
13.0874204636,80.2438278198,43767,43777,10
13.0876302719,80.2436218262,43777,43788,11
13.0877799988,80.2433624268,43788,43798,10
13.0878696442,80.2429962158,43798,43808,10
13.0880002975,80.2423324585,43808,43818,10
13.0883197784,80.2419662476,43818,43828,10
13.0887298584,80.2416687012,43828,43838,10
13.089220047,80.2413406372,43838,43848,10
13.0898799896,80.2409362793,43848,43858,10
13.0908498764,80.240852356,43858,43868,10
13.0917196274,80.2408905029,43868,43878,10
13.092499733,80.2409286499,43878,43888,10
13.0932598114,80.2410125732,43888,43899,11
13.0939798355,80.2411270142,43899,43909,10
13.0943202972,80.2412033081,43909,43919,10
13.0943403244,80.2412033081,43919,43929,10
13.0946397781,80.2412490845,43929,43939,10
13.0948495865,80.2413101196,43939,43949,10
13.0954399109,80.2414627075,43949,43959,10
13.0960197449,80.2416534424,43959,43969,10
13.0964403152,80.2418212891,43969,43989,20
13.0964403152,80.2418212891,43989,44000,11
13.0967197418,80.2419662476,44000,44010,10
13.0969696045,80.2420272827,44010,44100,90
13.0969696045,80.2420272827,44100,44111,11
13.0973396301,80.2421569824,44111,44121,10
13.097820282,80.2422637939,44121,44131,10
13.0985898972,80.2423095703,44131,44151,20
13.0985898972,80.2423095703,44151,44161,10
13.0987596512,80.2421875,44161,44171,10
13.0986795425,80.2419204712,44171,44181,10
13.0985603333,80.242149353,44181,44382,201
13.0985498428,80.2424621582,44382,44414,32
13.0985498428,80.2424621582,44414,44425,11
13.0982398987,80.2424163818,44425,44433,8
13.0977096558,80.2422790527,44433,44503,70
13.0977096558,80.2422790527,44503,44513,10
13.0972795486,80.2421188354,44513,44525,12
13.0968198776,80.2419967651,44525,44536,11
13.0962600708,80.2417984009,44536,44546,10
13.0956602097,80.2416763306,44546,44556,10
13.0949802399,80.2414321899,44556,44566,10
13.0944900513,80.2412719727,44566,44576,10
13.0938997269,80.2411575317,44576,44586,10
13.0936203003,80.2410888672,44586,44596,10
13.0934696198,80.2410583496,44596,44606,10
13.0931196213,80.2410125732,44606,44616,10
13.0925703049,80.2409896851,44616,44626,10
13.0919399261,80.2409591675,44626,44637,11
13.090959549,80.2409210205,44637,44647,10
13.089969635,80.2409973145,44647,44657,10
13.0891399384,80.2414398193,44657,44667,10
13.0882501602,80.2419586182,44667,44677,10
13.0878295898,80.2426986694,44677,44687,10
13.0878400803,80.2432479858,44687,44697,10
13.0875101089,80.2435684204,44697,44707,10
13.0869102478,80.2441482544,44707,44717,10
13.0861997604,80.2447662354,44717,44726,9
13.0858802795,80.2450332642,44726,44738,12
13.0855798721,80.2455215454,44738,44748,10
13.0856704712,80.2462387085,44748,44758,10
13.0856704712,80.2467193604,44758,44768,10
13.0857000351,80.2470016479,44768,44778,10
13.0857200623,80.2475662231,44778,44788,10
13.0857496262,80.2483596802,44788,44798,10
13.0857896805,80.2491073608,44798,44808,10
13.085849762,80.2497406006,44808,44818,10
13.0858297348,80.2500610352,44818,44828,10
13.0858001709,80.250328064,44828,44838,10
13.0857601166,80.2505264282,44838,44849,11
13.0857601166,80.2509002686,44849,44859,10
13.0856895447,80.2513122559,44859,44869,10
13.0856599808,80.2516326904,44869,44879,10
13.0856199265,80.2518768311,44879,44889,10
13.085559845,80.2524032593,44889,44899,10
13.0855398178,80.252746582,44899,44909,10
13.0854701996,80.2530212402,44909,44919,10
13.0853796005,80.25340271,44919,44929,10
13.0853700638,80.2537231445,44929,44939,10
13.0855197906,80.2541503906,44939,44950,11
13.0855398178,80.2545394897,44950,44960,10
13.0853099823,80.2546386719,44960,44970,10
13.0846796036,80.2546310425,44970,44980,10
13.0841197968,80.2545928955,44980,45000,20
13.0841197968,80.2545928955,45000,45010,10
13.0837697983,80.2545318604,45010,45020,10
13.0832700729,80.2544937134,45020,45030,10
13.0826396942,80.2544708252,45030,45040,10
13.0821504593,80.2545471191,45040,45050,10
13.0815696716,80.2548522949,45050,45061,11
13.0810604095,80.2548370361,45061,45071,10
13.0810499191,80.2548294067,45071,45081,10
13.0807695389,80.2547836304,45081,45091,10
13.0802602768,80.2546768188,45091,45101,10
13.0794000626,80.2546081543,45101,45141,40
13.0794000626,80.2546081543,45141,45151,10
13.0793600082,80.2546920776,45151,45162,11
13.0790996552,80.2546691895,45162,45172,10
13.0789299011,80.2547836304,45172,45182,10
13.0789499283,80.2553024292,45182,45192,10
13.0790395737,80.2559661865,45192,45202,10
13.0790596008,80.2561416626,45202,45212,10
13.0790500641,80.2564086914,45212,45222,10
13.0786800385,80.2566680908,45222,45232,10
13.0780496597,80.2566833496,45232,45242,10
13.0774002075,80.2567672729,45242,45252,10
13.0768404007,80.257019043,45252,45262,10
13.0762500763,80.2575531006,45262,45273,11
13.0757198334,80.2580718994,45273,45283,10
13.0755195618,80.2583999634,45283,45293,10
13.0756902695,80.2591705322,45293,45303,10
13.0763101578,80.2598800659,45303,45313,10
13.0769701004,80.2605133057,45313,45323,10
13.0773601532,80.261100769,45323,45334,11
13.0775995255,80.2618026733,45334,45344,10
13.0776996613,80.2621078491,45344,45373,29
13.0776996613,80.2621078491,45373,45383,10
13.0778503418,80.262588501,45383,45393,10
13.0780496597,80.263130188,45393,45403,10
13.0781497955,80.2634735107,45403,45414,11
13.0776996613,80.2638092041,45414,45425,11
13.0769901276,80.2640914917,45425,45435,10
13.0761699677,80.2641830444,45435,45444,9
13.0757799149,80.2642288208,45444,45454,10
13.0754299164,80.2638168335,45454,45464,10
13.0749902725,80.2632217407,45464,45474,10
13.074760437,80.2628936768,45474,45484,10
13.0744400024,80.2625198364,45484,45494,10
13.0739898682,80.2619628906,45494,45504,10
13.0737600327,80.2616882324,45504,45514,10
13.0737199783,80.2616500854,45514,45524,10
13.0734796524,80.261428833,45524,45534,10
13.0731697083,80.2614593506,45534,45546,12
13.0728998184,80.2619400024,45546,45553,7
13.072719574,80.262298584,45553,45564,11
13.0724897385,80.2630996704,45564,45576,12
13.0721197128,80.2639312744,45576,45587,11
13.0716695786,80.2644882202,45587,45595,8
13.0715799332,80.2646331787,45595,45607,12
13.0713596344,80.2647628784,45607,45617,10
13.071149826,80.2649536133,45617,45627,10
13.0707702637,80.2652282715,45627,45637,10
13.070110321,80.2660522461,45637,45688,51
13.070110321,80.2660522461,45688,45698,10
13.069849968,80.2663497925,45698,45708,10
13.0695495605,80.2665634155,45708,45728,20
13.0695495605,80.2665634155,45728,45738,10
13.0691299438,80.2670135498,45738,45748,10
13.0687999725,80.2677536011,45748,45758,10
13.0685901642,80.2685012817,45758,45768,10
13.0684299469,80.2689590454,45768,45778,10
13.0683403015,80.2694320679,45778,45788,10
13.0682601929,80.2697677612,45788,45799,11
13.0681495667,80.2700805664,45799,45809,10
13.0680999756,80.2704315186,45809,45817,8
13.0680398941,80.2707901001,45817,45829,12
13.0677404404,80.2709197998,45829,45839,10
13.0672197342,80.2704391479,45839,45849,10
13.0671300888,80.2703475952,45849,45859,10
13.0670204163,80.2702331543,45859,45869,10
13.0666799545,80.2697906494,45869,45879,10
13.0665102005,80.2691802979,45879,45889,10
13.0664300919,80.2684783936,45889,45899,10
13.0659503937,80.2678375244,45899,45910,11
13.065489769,80.2676620483,45910,45920,10
13.065489769,80.2676467896,45920,45930,10
13.0653896332,80.2676620483,45930,45940,10
13.065079689,80.267578125,45940,45950,10
13.0645503998,80.2674713135,45950,45960,10
13.063949585,80.2673721313,45960,45970,10
13.0632801056,80.2672729492,45970,45980,10
13.0628404617,80.2671737671,45980,45990,10
13.0622797012,80.2666015625,45990,45999,9
13.0618495941,80.2660293579,45999,46011,12
13.0615501404,80.2656402588,46011,46021,10
13.0612697601,80.265296936,46021,46031,10
13.0607795715,80.2652816772,46031,46041,10
13.0604000092,80.2655105591,46041,46051,10
13.0602798462,80.2655487061,46051,46061,10
13.0597696304,80.2656021118,46061,46071,10
13.0592899323,80.2655487061,46071,46081,10
13.0585699081,80.2653808594,46081,46111,30
13.0585699081,80.2653808594,46111,46122,11
13.0583295822,80.265296936,46122,46132,10
13.0581302643,80.265083313,46132,46142,10
13.0580797195,80.2644424438,46142,46152,10
13.0579595566,80.2634963989,46152,46162,10
13.0578403473,80.2626800537,46162,46172,10
13.0577201843,80.2620010376,46172,46182,10
13.057559967,80.2612991333,46182,46192,10
13.0573701859,80.2604980469,46192,46202,10
13.0570697784,80.2596282959,46202,46212,10
13.0567903519,80.2588272095,46212,46223,11
13.0566396713,80.2580184937,46223,46233,10
13.0565395355,80.2574310303,46233,46243,10
13.0564603806,80.2572631836,46243,46253,10
13.0563802719,80.2568664551,46253,46263,10
13.0563097,80.2565917969,46263,46273,10
13.0560798645,80.2561721802,46273,46283,10
13.0556201935,80.2555007935,46283,46293,10
13.0551300049,80.2547531128,46293,46303,10
13.054599762,80.2540664673,46303,46313,10
13.054189682,80.2535171509,46313,46323,10
13.054189682,80.2535095215,46323,46334,11
13.0540704727,80.2533187866,46334,46344,10
13.0537595749,80.2528610229,46344,46354,10
13.0535297394,80.2525405884,46354,46364,10
13.05327034,80.2522277832,46364,46374,10
13.0529403687,80.2517929077,46374,46384,10
13.0525903702,80.2513427734,46384,46394,10
13.0522603989,80.2508926392,46394,46404,10
13.0516996384,80.2503433228,46404,46415,11
13.0506601334,80.2499771118,46415,46424,9
13.0497503281,80.2498168945,46424,46434,10
13.0488996506,80.2497177124,46434,46446,12
13.0483102798,80.2495422363,46446,46456,10
13.0477695465,80.2490997314,46456,46465,9
13.0472402573,80.2486801147,46465,46475,10
13.0468502045,80.2485580444,46475,46485,10
13.0468397141,80.2485580444,46485,46495,10
13.0465602875,80.2485122681,46495,46505,10
13.0459499359,80.2483901978,46505,46516,11
13.0451898575,80.2481384277,46516,46525,9
13.0445404053,80.2480163574,46525,46537,12
13.0437402725,80.2479095459,46537,46545,8
13.043390274,80.2478485107,46545,46557,12
13.0429801941,80.2477874756,46557,46567,10
13.0423898697,80.2476730347,46567,46577,10
13.0417900085,80.247543335,46577,46587,10
13.0415096283,80.2474594116,46587,46597,10
13.0413599014,80.2473983765,46597,46607,10
13.0407800674,80.2472610474,46607,46617,10
13.040019989,80.2471389771,46617,46637,20
13.040019989,80.2471389771,46637,46648,11
13.0398197174,80.2471084595,46648,46658,10
13.0393104553,80.2469787598,46658,46668,10
13.038860321,80.2468566895,46668,46678,10
13.0383396149,80.2467193604,46678,46688,10
13.0378904343,80.2466812134,46688,46698,10
13.0372896194,80.2465667725,46698,46708,10
13.0370597839,80.2465362549,46708,46718,10
13.0366897583,80.2464828491,46718,46728,10
13.0362195969,80.246383667,46728,46738,10
13.0357999802,80.2462387085,46738,46749,11
13.0356998444,80.2462005615,46749,46759,10
13.035200119,80.2459716797,46759,46789,30
13.035200119,80.2459716797,46789,46799,10
13.0350999832,80.2459411621,46799,46809,10
13.0347604752,80.2456436157,46809,46819,10
13.0344800949,80.2452316284,46819,46829,10
13.033949852,80.2446212769,46829,46839,10
13.0333299637,80.2438735962,46839,46848,9
13.0328397751,80.2432632446,46848,46860,12
13.0326700211,80.2429199219,46860,46961,101
13.0326700211,80.2429199219,46961,46971,10
13.032409668,80.2425537109,46971,46991,20
13.032409668,80.2425537109,46991,47001,10
13.0321903229,80.2422409058,47001,47011,10
13.031999588,80.2419662476,47011,47021,10
13.031920433,80.2417984009,47021,47031,10
13.0318498611,80.2416610718,47031,47102,71
13.0318498611,80.2416610718,47102,47112,10
13.0318403244,80.2415084839,47112,47122,10
13.0316295624,80.2410583496,47122,47132,10
13.0313100815,80.2403793335,47132,47142,10
13.0310001373,80.2396316528,47142,47152,10
13.0306301117,80.2389984131,47152,47162,10
13.0301399231,80.2382202148,47162,47173,11
13.0296096802,80.2373275757,47173,47183,10
13.0293197632,80.2369613647,47183,47193,10
13.029250145,80.2368469238,47193,47203,10
13.0288801193,80.2365036011,47203,47213,10
13.0283403397,80.2359008789,47213,47223,10
13.0277700424,80.2351837158,47223,47233,10
13.0272502899,80.2342529297,47233,47243,10
13.0267601013,80.2333908081,47243,47253,10
13.0263004303,80.2325897217,47253,47272,19
13.0263004303,80.2325897217,47272,47284,12
13.0263004303,80.2323608398,47284,47294,10
13.0262498856,80.2320632935,47294,47304,10
13.0261802673,80.2318115234,47304,47314,10
13.0261001587,80.231590271,47314,47324,10
13.0259599686,80.231086731,47324,47334,10
13.0255899429,80.2302474976,47334,47344,10
13.0250101089,80.2294921875,47344,47354,10
13.0246496201,80.2290725708,47354,47364,10
13.0244998932,80.2288818359,47364,47374,10
13.024310112,80.2286071777,47374,47384,10
13.0239601135,80.2282333374,47384,47394,10
13.023900032,80.2281494141,47394,47404,10
13.0238704681,80.2281112671,47404,47414,10
13.0235900879,80.2277832031,47414,47424,10
13.0229997635,80.2272415161,47424,47434,10
13.0223302841,80.226600647,47434,47444,10
13.0215797424,80.2259902954,47444,47454,10
13.0209598541,80.2254714966,47454,47466,12
13.0207099915,80.2252807617,47466,47475,9
13.0204801559,80.2251205444,47475,47485,10
13.0200004578,80.2248001099,47485,47495,10
13.0193099976,80.2244567871,47495,47505,10
13.018409729,80.2246017456,47505,47515,10
13.0175800323,80.2249526978,47515,47526,11
13.0167999268,80.2253112793,47526,47536,10
13.0165300369,80.2254333496,47536,47545,9
13.0163402557,80.2255096436,47545,47556,11
13.0157804489,80.2256698608,47556,47566,10
13.015080452,80.2259368896,47566,47576,10
13.0142803192,80.226272583,47576,47596,20
13.0142803192,80.226272583,47596,47608,12
13.0137796402,80.2264175415,47608,47618,10
13.0130500793,80.2267303467,47618,47628,10
13.0122699738,80.2270507813,47628,47638,10
13.0113897324,80.2273864746,47638,47648,10
13.0103397369,80.2278137207,47648,47658,10
13.0093002319,80.2282867432,47658,47668,10
13.0089797974,80.2292785645,47668,47678,10
13.0088100433,80.2302322388,47678,47688,10
13.0086603165,80.2309570313,47688,47698,10
13.0085296631,80.2316589355,47698,47709,11
13.0083799362,80.2325363159,47709,47719,10
13.0082902908,80.2332382202,47719,47729,10
13.0082197189,80.2336273193,47729,47739,10
13.0081796646,80.233757019,47739,47749,10
13.0080795288,80.23412323,47749,47759,10
13.0079298019,80.2346801758,47759,47769,10
13.0078001022,80.2353591919,47769,47779,10
13.0076904297,80.2360076904,47779,47789,10
13.007519722,80.236907959,47789,47799,10
13.0072698593,80.238067627,47799,47810,11
13.0070800781,80.2389831543,47810,47820,10
13.0068998337,80.2397994995,47820,47890,70
13.0068998337,80.2397994995,47890,47900,10
13.0068302155,80.2403793335,47900,47910,10
13.0067901611,80.2406005859,47910,47921,11
13.0067796707,80.2407608032,47921,47931,10
13.0067100525,80.2412719727,47931,47941,10
13.0067195892,80.2421569824,47941,47951,10
13.0067300797,80.2429733276,47951,47961,10
13.0067596436,80.2437515259,47961,47971,10
13.0067300797,80.2445678711,47971,47981,10
13.0066995621,80.2451019287,47981,47991,10
13.0066900253,80.2452392578,47991,48001,10
13.0066995621,80.2455673218,48001,48011,10
13.0067300797,80.2462234497,48011,48021,10
13.0067596436,80.2468338013,48021,48032,11
13.0066995621,80.2476730347,48032,48042,10
13.0067100525,80.2486495972,48042,48052,10
13.0067501068,80.249786377,48052,48062,10
13.0068302155,80.2512130737,48062,48082,20
13.0068302155,80.2512130737,48082,48092,10
13.0067501068,80.2513885498,48092,48102,10
13.0066404343,80.2518081665,48102,48112,10
13.0065202713,80.252571106,48112,48122,10
13.0065002441,80.253578186,48122,48133,11
13.0065402985,80.2546005249,48133,48143,10
13.0065603256,80.2551116943,48143,48163,20
13.0065603256,80.2551116943,48163,48173,10
13.0065097809,80.255317688,48173,48183,10
13.0065402985,80.2559585571,48183,48193,10
13.0065603256,80.2566986084,48193,48203,10
13.0066299438,80.25730896,48203,48274,71
13.0066299438,80.25730896,48274,48284,10
13.0064897537,80.2575683594,48284,48294,10
13.0059299469,80.2574996948,48294,48304,10
13.0051202774,80.2573165894,48304,48314,10
13.0041503906,80.2570724487,48314,48324,10
13.0033397675,80.2568893433,48324,48334,10
13.0025997162,80.2567367554,48334,48345,11
13.0019598007,80.2566375732,48345,48355,10
13.0015697479,80.2565689087,48355,48385,30
13.0014200211,80.2565765381,48385,48405,20
13.0014200211,80.2565765381,48405,48415,10
13.0010700226,80.2565231323,48415,48425,10
13.000579834,80.256439209,48425,48435,10
12.9999704361,80.2563323975,48435,48445,10
12.9996404648,80.2562866211,48445,48455,10
12.9995203018,80.2562332153,48455,48465,10
12.999130249,80.2561264038,48465,48475,10
12.9985704422,80.2560501099,48475,48487,12
12.9984397888,80.2560424805,48487,48495,8
12.998339653,80.2559967041,48495,48506,11
12.9981098175,80.2559661865,48506,48515,9
12.9981002808,80.2559661865,48515,48526,11
12.9978599548,80.2559585571,48526,48536,10
12.9973897934,80.2559127808,48536,48557,21
12.9973897934,80.2559127808,48557,48570,13
12.9972200394,80.255897522,48570,48580,10
12.9968996048,80.2558670044,48580,48590,10
12.9964599609,80.2558517456,48590,48600,10
12.9958000183,80.2558517456,48600,48610,10
12.9952497482,80.255859375,48610,48620,10
12.9946403503,80.2558670044,48620,48630,10
12.9941701889,80.2559204102,48630,48640,10
12.9933300018,80.2559967041,48640,48650,10
12.9924697876,80.2561035156,48650,48660,10
12.9921398163,80.2561035156,48660,48671,11
12.9915399551,80.256072998,48671,48681,10
12.9908304214,80.2560119629,48681,48691,10
12.9903097153,80.2559509277,48691,48701,10
12.9896297455,80.2560119629,48701,48711,10
12.9888696671,80.2559661865,48711,48721,10
12.9884901047,80.2559127808,48721,48731,10
12.988409996,80.255859375,48731,48741,10
12.988240242,80.255859375,48741,48772,31
12.987859726,80.2558288574,48772,48852,80
12.987859726,80.2558288574,48852,48862,10
12.9875402451,80.2559509277,48862,48872,10
12.9875202179,80.2566223145,48872,48883,11
12.9874601364,80.2572784424,48883,48893,10
12.9874000549,80.2578811646,48893,48903,10
12.9873695374,80.2584075928,48903,48933,30
12.9873695374,80.2584075928,48933,48943,10
12.9872503281,80.2593307495,48943,49105,162
12.9870796204,80.2596282959,49105,49185,80
12.9870796204,80.2596282959,49185,49195,10
12.9869203568,80.2593002319,49195,49620,425
12.9870004654,80.2592697144,49620,50510,890
12.9870004654,80.2592697144,50510,50520,10
12.987279892,80.2590789795,50520,50530,10
12.9873399734,80.2587203979,50530,50540,10
12.9873800278,80.2583465576,50540,50550,10
12.9874200821,80.2577514648,50550,50560,10
12.9874897003,80.2569732666,50560,50570,10
12.9875602722,80.256149292,50570,50580,10
12.9876403809,80.2557601929,50580,50591,11
12.9879102707,80.2557601929,50591,50601,10
12.9880304337,80.2557830811,50601,50611,10
12.9883098602,80.2558288574,50611,50621,10
12.9886798859,80.2558898926,50621,50631,10
12.9890899658,80.2559280396,50631,50641,10
12.9895095825,80.2560195923,50641,50651,10
12.9900302887,80.2560501099,50651,50661,10
12.9905099869,80.2559890747,50661,50671,10
12.9909296036,80.2560272217,50671,50681,10
12.9915800095,80.256072998,50681,50692,11
12.9926900864,80.2559890747,50692,50702,10
12.9937400818,80.2559585571,50702,50712,10
12.9947004318,80.2558822632,50712,50722,10
12.9957504272,80.255897522,50722,50742,20
12.9957504272,80.255897522,50742,50752,10
12.9959802628,80.2558517456,50752,50762,10
12.9966897964,80.2558822632,50762,50813,51
12.9966897964,80.2558822632,50813,50823,10
12.9970703125,80.2558898926,50823,50833,10
12.9974298477,80.2559280396,50833,50843,10
12.9981298447,80.2558898926,50843,50853,10
12.9986400604,80.2559890747,50853,50873,20
12.9986400604,80.2559890747,50873,50883,10
12.9987897873,80.2560272217,50883,50893,10
12.9992399216,80.2561035156,50893,50944,51
12.9992399216,80.2561035156,50944,50954,10
12.9995002747,80.2561569214,50954,50964,10
13.0000295639,80.2562789917,50964,50974,10
13.0007095337,80.2564315796,50974,50984,10
13.0011196136,80.2564926147,50984,50994,10
13.001449585,80.2565536499,50994,51004,10
13.0019102097,80.2566299438,51004,51015,11
13.0026798248,80.2567520142,51015,51025,10
13.0033197403,80.2568817139,51025,51035,10
13.0040302277,80.2569885254,51035,51045,10
13.0047197342,80.2570877075,51045,51055,10
13.0054101944,80.2572479248,51055,51065,10
13.0058498383,80.2573318481,51065,51075,10
13.0060300827,80.2573394775,51075,51085,10
13.0063400269,80.2574615479,51085,51095,10
13.0064201355,80.2570037842,51095,51105,10
13.0064001083,80.2562866211,51105,51116,11
13.0064697266,80.2553482056,51116,51126,10
13.006529808,80.2545928955,51126,51136,10
13.0065202713,80.2536621094,51136,51166,30
13.0065202713,80.2536621094,51166,51176,10
13.0066099167,80.2534484863,51176,51186,10
13.0066099167,80.253288269,51186,51196,10
13.0065803528,80.2531661987,51196,51206,10
13.0065603256,80.2528533936,51206,51216,10
13.0065603256,80.2525405884,51216,51287,71
13.0065603256,80.2525405884,51287,51297,10
13.0066900253,80.2524185181,51297,51307,10
13.0067195892,80.2520294189,51307,51317,10
13.006819725,80.2513504028,51317,51327,10
13.0068101883,80.2503967285,51327,51337,10
13.0067996979,80.2494277954,51337,51347,10
13.0067501068,80.2487106323,51347,51357,10
13.0066699982,80.2478790283,51357,51377,20
13.0066699982,80.2478790283,51377,51388,11
13.0066900253,80.247718811,51388,51398,10
13.0066900253,80.2471466064,51398,51408,10
13.0066795349,80.2462692261,51408,51418,10
13.0066404343,80.2452011108,51418,51428,10
13.0066299438,80.2442321777,51428,51440,12
13.0065603256,80.2433395386,51440,51448,8
13.006529808,80.2426528931,51448,51458,10
13.006529808,80.2415313721,51458,51468,10
13.0066604614,80.2404174805,51468,51478,10
13.0068302155,80.2396697998,51478,51490,12
13.0069999695,80.2387313843,51490,51498,8
13.0071401596,80.2381820679,51498,51508,10
13.0073204041,80.2373809814,51508,51518,10
13.0073900223,80.2368469238,51518,51528,10
13.007399559,80.2368164063,51528,51541,13
13.0074796677,80.2366333008,51541,51551,10
13.0075998306,80.2361679077,51551,51561,10
13.0077400208,80.2355422974,51561,51571,10
13.0078897476,80.2347717285,51571,51581,10
13.0080699921,80.2339096069,51581,51591,10
13.0082998276,80.2327575684,51591,51601,10
13.0085401535,80.2314605713,51601,51611,10
13.008769989,80.2300720215,51611,51621,10
13.0090799332,80.2286834717,51621,51631,10
13.009519577,80.2274703979,51631,51641,10
13.0100498199,80.226272583,51641,51652,11
13.0104198456,80.2254333496,51652,51662,10
13.0106096268,80.2250366211,51662,51672,10
13.0108203888,80.2246627808,51672,51682,10
13.0110998154,80.2240371704,51682,51692,10
13.011469841,80.2231369019,51692,51702,10
13.0118103027,80.2222137451,51702,51712,10
13.0122404099,80.2214736938,51712,51722,10
13.0125102997,80.2216796875,51722,51732,10
13.0129899979,80.2222595215,51732,51742,10
13.0135002136,80.222869873,51742,51753,11
13.0140600204,80.2235717773,51753,51763,10
13.0146198273,80.2240066528,51763,51773,10
13.015130043,80.2246398926,51773,51783,10
13.0154895782,80.224899292,51783,51793,10
13.0154895782,80.2249069214,51793,51803,10
13.0156097412,80.2250518799,51803,51813,10
13.0160598755,80.2253036499,51813,51823,10
13.0168199539,80.2251663208,51823,51833,10
13.0176801682,80.2248306274,51833,51843,10
13.0186595917,80.2244415283,51843,51853,10
13.0191802979,80.224281311,51853,51864,11
13.0191898346,80.224281311,51864,51874,10
13.0193300247,80.2243728638,51874,51884,10
13.0196304321,80.2245407104,51884,51894,10
13.0200300217,80.2248001099,51894,51904,10
13.0205497742,80.2252197266,51904,51914,10
13.0211496353,80.2256622314,51914,51924,10
13.0217695236,80.2261199951,51924,51934,10
13.0222702026,80.2265167236,51934,51944,10
13.0229501724,80.2270889282,51944,51954,10
13.0237398148,80.2277679443,51954,51965,11
13.0242099762,80.2282867432,51965,51975,10
13.0245599747,80.2287979126,51975,51985,10
13.0249300003,80.229309082,51985,51995,10
13.0254001617,80.2298965454,51995,52005,10
13.0259599686,80.2309875488,52005,52055,50
13.0259599686,80.2309875488,52055,52065,10
13.0259504318,80.2312316895,52065,52076,11
13.0261001587,80.2317199707,52076,52086,10
13.0264701843,80.2326583862,52086,52106,20
13.0264701843,80.2326583862,52106,52116,10
13.0265398026,80.2329483032,52116,52126,10
13.0267295837,80.233291626,52126,52136,10
13.0270996094,80.2338409424,52136,52146,10
13.0275602341,80.2346725464,52146,52155,9
13.027970314,80.2353973389,52155,52166,11
13.0287303925,80.2362823486,52166,52177,11
13.0294399261,80.2369766235,52177,52187,10
13.0296001434,80.2371673584,52187,52197,10
13.0298204422,80.2375335693,52197,52207,10
13.0302095413,80.2382202148,52207,52217,10
13.0307998657,80.2392120361,52217,52237,20
13.0307998657,80.2392120361,52237,52247,10
13.0309896469,80.2395172119,52247,52257,10
13.0310602188,80.2396011353,52257,52267,10
13.0311498642,80.2398529053,52267,52277,10
13.0313501358,80.2401733398,52277,52288,11
13.0315504074,80.2409210205,52288,52298,10
13.0318403244,80.2415313721,52298,52308,10
13.0321903229,80.2421875,52308,52318,10
13.0327796936,80.2428588867,52318,52329,11
13.0334100723,80.2438278198,52329,52338,9
13.0339403152,80.2445831299,52338,52348,10
13.0345497131,80.245300293,52348,52359,11
13.0352201462,80.2459030151,52359,52368,9
13.0357704163,80.2461090088,52368,52379,11
13.0358495712,80.2462310791,52379,52388,9
13.036190033,80.2463684082,52388,52400,12
13.0370397568,80.2465515137,52400,52409,9
13.0376396179,80.2464599609,52409,52420,11
13.0385103226,80.2466888428,52420,52430,10
13.0393104553,80.2469482422,52430,52440,10
13.0395097733,80.2470092773,52440,52450,10
13.0400400162,80.2471008301,52450,52460,10
13.0408296585,80.2472076416,52460,52470,10
13.0416402817,80.2473602295,52470,52479,9
13.0422096252,80.2474365234,52479,52490,11
13.0429000854,80.2477874756,52490,52501,11
13.0435800552,80.2480010986,52501,52511,10
13.0441398621,80.2478866577,52511,52521,10
13.0447502136,80.2479400635,52521,52531,10
13.0453195572,80.2481765747,52531,52541,10
13.0460395813,80.2484664917,52541,52551,10
13.0467395782,80.2484207153,52551,52561,10
13.0470304489,80.2484817505,52561,52571,10
13.0474395752,80.2487106323,52571,52581,10
13.0480298996,80.2492218018,52581,52591,10
13.0487298965,80.2496871948,52591,52602,11
13.0497598648,80.2498321533,52602,52612,10
13.0508003235,80.2500305176,52612,52622,10
13.0517702103,80.2504425049,52622,52632,10
13.0523700714,80.2510910034,52632,52642,10
13.0530004501,80.2518997192,52642,52652,10
13.0535898209,80.2527084351,52652,52662,10
13.0541496277,80.2534713745,52662,52672,10
13.0546398163,80.254119873,52672,52682,10
13.0549602509,80.2544784546,52682,52692,10
13.0552101135,80.2548675537,52692,52702,10
13.0554199219,80.2551803589,52702,52713,11
13.055680275,80.2555084229,52713,52723,10
13.0558595657,80.2557525635,52723,52733,10
13.0560703278,80.2560577393,52733,52743,10
13.0563001633,80.2563171387,52743,52753,10
13.056599617,80.2566223145,52753,52763,10
13.0567598343,80.2568435669,52763,52773,10
13.0569696426,80.2569732666,52773,52783,10
13.0573797226,80.2572631836,52783,52793,10
13.0575304031,80.2573623657,52793,52803,10
13.0577898026,80.2575302124,52803,52814,11
13.0581903458,80.258140564,52814,52824,10
13.0586595535,80.2588424683,52824,52834,10
13.0590896606,80.2594070435,52834,52844,10
13.0595397949,80.259979248,52844,52854,10
13.0601501465,80.2605285645,52854,52864,10
13.0605802536,80.261100769,52864,52874,10
13.0610704422,80.2616882324,52874,52884,10
13.0615301132,80.2621307373,52884,52894,10
13.0618400574,80.2626266479,52894,52904,10
13.0623903275,80.2633209229,52904,52914,10
13.0627803802,80.2638015747,52914,52925,11
13.0632696152,80.2643966675,52925,52935,10
13.0636196136,80.2649688721,52935,52945,10
13.0638303757,80.2651596069,52945,52955,10
13.0639295578,80.2652664185,52955,52965,10
13.064040184,80.2654571533,52965,52975,10
13.0643997192,80.2658996582,52975,52985,10
13.0646295547,80.2662506104,52985,52995,10
13.0648097992,80.2665176392,52995,53005,10
13.0650596619,80.2668075562,53005,53015,10
13.0655498505,80.2671813965,53015,53026,11
13.0659999847,80.2678222656,53026,53036,10
13.0662002563,80.2680892944,53036,53046,10
13.0662002563,80.2680969238,53046,53056,10
13.0663299561,80.2682495117,53056,53066,10
13.0665397644,80.2683486938,53066,53076,10
13.0666103363,80.268371582,53076,53086,10
13.0668096542,80.268447876,53086,53096,10
13.0668802261,80.2685012817,53096,53106,10
13.0670700073,80.2686462402,53106,53116,10
13.0680999756,80.2693405151,53116,53126,10
13.0680999756,80.2693405151,53126,53137,11
13.0683603287,80.2688522339,53137,53145,8
13.0685396194,80.2683334351,53145,53166,21
13.0690698624,80.2670211792,53166,53176,10
13.0692501068,80.2668762207,53176,53186,10
13.0694198608,80.266708374,53186,53196,10
13.0696601868,80.2665328979,53196,53206,10
13.0699596405,80.2661590576,53206,53216,10
13.0701904297,80.2659606934,53216,53226,10
13.0704402924,80.265663147,53226,53237,11
13.0706796646,80.2654495239,53237,53247,10
13.0708503723,80.2652664185,53247,53257,10
13.0711202621,80.2650222778,53257,53267,10
13.0715999603,80.264503479,53267,53277,10
13.0720500946,80.263961792,53277,53287,10
13.0723495483,80.2632675171,53287,53297,10
13.0726099014,80.2626190186,53297,53307,10
13.072810173,80.2621078491,53307,53317,10
13.0728998184,80.2619934082,53317,53327,10
13.0730495453,80.2615432739,53327,53336,9
13.0731601715,80.2611999512,53336,53348,12
13.0736198425,80.2615203857,53348,53358,10
13.074139595,80.2621307373,53358,53368,10
13.0745801926,80.2626571655,53368,53378,10
13.0750303268,80.2632904053,53378,53388,10
13.0755500793,80.2639770508,53388,53398,10
13.0760602951,80.2641983032,53398,53408,10
13.0765600204,80.2641601563,53408,53418,10
13.0768098831,80.2641372681,53418,53428,10
13.0773296356,80.2639770508,53428,53438,10
13.0778102875,80.2635574341,53438,53451,13
13.0779304504,80.2629165649,53451,53460,9
13.077750206,80.2622528076,53460,53471,11
13.0775003433,80.2615585327,53471,53480,9
13.077340126,80.261138916,53480,53490,10
13.0771999359,80.2607727051,53490,53509,19
13.0771999359,80.2607727051,53509,53521,12
13.0769395828,80.260383606,53521,53530,9
13.076499939,80.2599716187,53530,53540,10
13.075799942,80.2593765259,53540,53552,12
13.0755300522,80.2587280273,53552,53560,8
13.075460434,80.2584915161,53560,53572,12
13.0756397247,80.2579879761,53572,53582,10
13.0761003494,80.2576370239,53582,53592,10
13.0765800476,80.2572097778,53592,53602,10
13.0771598816,80.2568435669,53602,53612,10
13.0779800415,80.256652832,53612,53622,10
13.0787096024,80.2565994263,53622,53632,10
13.0790195465,80.2563323975,53632,53641,9
13.0790195465,80.2556304932,53641,53652,11
13.0789699554,80.2549133301,53652,53723,71
13.0789699554,80.2549133301,53723,53733,10
13.0789699554,80.2545471191,53733,53743,10
13.0794095993,80.2544784546,53743,53753,10
13.0796403885,80.2545166016,53753,53764,11
13.0797996521,80.2545623779,53764,53774,10
13.0801496506,80.2546463013,53774,53784,10
13.0805797577,80.2547683716,53784,53794,10
13.0811004639,80.2548675537,53794,53804,10
13.0815496445,80.2548065186,53804,53814,10
13.0817298889,80.2543029785,53814,53824,10
13.081870079,80.2536087036,53824,53834,10
13.0818004608,80.2529067993,53834,53844,10
13.0814800262,80.2522888184,53844,53854,10
13.0813798904,80.2515563965,53854,53864,10
13.0813798904,80.2510986328,53864,53875,11
13.0813598633,80.250579834,53875,53885,10
13.0813302994,80.2500534058,53885,53895,10
13.081489563,80.2496490479,53895,53905,10
13.0820798874,80.2497024536,53905,53915,10
13.0827703476,80.2498092651,53915,53925,10
13.0835599899,80.250038147,53925,53935,10
13.0843296051,80.2500762939,53935,53945,10
13.0846595764,80.2501602173,53945,53955,10
13.0848703384,80.250213623,53955,53965,10
13.0853796005,80.250289917,53965,53976,11
13.0857000351,80.2503433228,53976,53986,10
13.0858201981,80.25,53986,53996,10
13.085849762,80.2492599487,53996,54006,10
13.0858001709,80.2484436035,54006,54016,10
13.0857801437,80.2475280762,54016,54026,10
13.0857801437,80.2468566895,54026,54036,10
13.085729599,80.2467575073,54036,54046,10
13.0857000351,80.2464904785,54046,54056,10
13.0856895447,80.24584198,54056,54107,51
13.0856895447,80.24584198,54107,54117,10
13.0856599808,80.2453765869,54117,54127,10
13.0857896805,80.2450637817,54127,54137,10
13.0861701965,80.2447509766,54137,54147,10
13.086810112,80.2442169189,54147,54157,10
13.0873603821,80.2436981201,54157,54167,10
13.0877304077,80.2432632446,54167,54177,10
13.0878696442,80.242729187,54177,54188,11
13.088139534,80.2420501709,54188,54198,10
13.0881700516,80.2420272827,54198,54208,10
13.0884399414,80.2418212891,54208,54218,10
13.0888004303,80.2415084839,54218,54228,10
13.0893201828,80.2411270142,54228,54238,10
13.0899801254,80.2408370972,54238,54248,10
13.0907297134,80.2408065796,54248,54258,10
13.0917196274,80.2408828735,54258,54268,10
13.0926599503,80.2409515381,54268,54278,10
13.0937099457,80.2411193848,54278,54288,10
13.0942201614,80.2412109375,54288,54299,11
13.0943098068,80.2412185669,54299,54309,10
13.0947599411,80.2413101196,54309,54319,10
13.0954999924,80.2415237427,54319,54329,10
13.0961399078,80.2417297363,54329,54339,10
13.0967197418,80.2419128418,54339,54379,40
13.0967197418,80.2419128418,54379,54389,10
13.0969600677,80.2420425415,54389,54401,12
13.0973796844,80.242149353,54401,54411,10
13.097820282,80.2422637939,54411,54421,10
13.0984802246,80.2423171997,54421,54451,30
13.0984802246,80.2423171997,54451,54459,8
13.098739624,80.2420578003,54459,54501,42
13.098739624,80.2420578003,54501,54510,9
13.0984802246,80.2418670654,54510,54835,325
13.0984296799,80.2422180176,54835,55966,1131
13.0984296799,80.2422180176,55966,55976,10
13.0980596542,80.2423019409,55976,55986,10
13.0976696014,80.2422180176,55986,55996,10
13.0972995758,80.2421112061,55996,56007,11
13.0969896317,80.2420120239,56007,56017,10
13.0965099335,80.2418289185,56017,56027,10
13.0959596634,80.2416229248,56027,56037,10
13.0955295563,80.2414703369,56037,56047,10
13.0951700211,80.2413406372,56047,56057,10
13.0946798325,80.2412109375,56057,56067,10
13.0943899155,80.2411499023,56067,56077,10
13.0938196182,80.2410583496,56077,56087,10
13.0935497284,80.2410125732,56087,56097,10
13.0931797028,80.2409362793,56097,56108,11
13.0925502777,80.2408905029,56108,56116,8
13.0920000076,80.2408599854,56116,56129,13
13.0910396576,80.2408370972,56129,56139,10
13.0901298523,80.2408676147,56139,56149,10
13.0894804001,80.2411117554,56149,56159,10
13.0887899399,80.2416000366,56159,56169,10
13.0880498886,80.2422103882,56169,56179,10
13.0878200531,80.2431030273,56179,56189,10
13.0877399445,80.2433700562,56189,56199,10
13.0873804092,80.2438278198,56199,56210,11
13.0866603851,80.2444610596,56210,56220,10
13.0860300064,80.2449417114,56220,56230,10
13.0856199265,80.2453536987,56230,56240,10
13.0856103897,80.245880127,56240,56250,10
13.0857496262,80.2464599609,56250,56260,10
13.0857200623,80.2466583252,56260,56270,10
13.0856599808,80.246887207,56270,56280,10
13.0857801437,80.2474899292,56280,56290,10
13.0858602524,80.2483673096,56290,56300,10
13.085849762,80.2492980957,56300,56310,10
13.0858697891,80.2500991821,56310,56321,11
13.0858001709,80.2507171631,56321,56331,10
13.085729599,80.2509765625,56331,56341,10
13.0856895447,80.2515716553,56341,56351,10
13.0856199265,80.2521286011,56351,56362,11
13.0855798721,80.2527618408,56362,56372,10
13.085559845,80.2532272339,56372,56381,9
13.085559845,80.2537384033,56381,56392,11
13.0856103897,80.2545013428,56392,56402,10
13.0853204727,80.254737854,56402,56412,10
13.0846595764,80.254699707,56412,56421,9
13.0840196609,80.2546081543,56421,56432,11
13.0837602615,80.2545623779,56432,56442,10
13.0834999084,80.2545700073,56442,56452,10
13.0828199387,80.2545166016,56452,56462,10
13.0823001862,80.2544937134,56462,56472,10
13.0819196701,80.2546310425,56472,56483,11
13.0812797546,80.2548370361,56483,56492,9
13.0808601379,80.2548065186,56492,56503,11
13.0806798935,80.2547836304,56503,56512,9
13.0801696777,80.254699707,56512,56522,10
13.0793199539,80.2546081543,56522,56544,22
13.0793199539,80.2546081543,56544,56554,10
13.0790901184,80.2546234131,56554,56564,10
13.0789499283,80.254989624,56564,56574,10
13.0790100098,80.2557067871,56574,56584,10
13.0790395737,80.2561721802,56584,56594,10
13.0789499283,80.2566604614,56594,56602,8
13.0784597397,80.2566680908,56602,56612,10
13.0778102875,80.2567062378,56612,56624,12
13.0769796371,80.2569274902,56624,56635,11
13.076259613,80.2575073242,56635,56645,10
13.0756502151,80.2580795288,56645,56655,10
13.0754003525,80.2582931519,56655,56665,10
13.0754804611,80.2585906982,56665,56675,10
13.0757303238,80.2592315674,56675,56685,10
13.0762500763,80.2598114014,56685,56695,10
13.0767803192,80.2603378296,56695,56705,10
13.0770196915,80.2606430054,56705,56715,10
13.077340126,80.2611694336,56715,56725,10
13.0776195526,80.2618179321,56725,56735,10
13.0778102875,80.2622299194,56735,56826,91
13.0778102875,80.2622299194,56826,56836,10
13.0778303146,80.2624588013,56836,56847,11
13.0779600143,80.2629394531,56847,56857,10
13.078209877,80.2633895874,56857,56867,10
13.0779495239,80.2635879517,56867,56877,10
13.0774803162,80.2639770508,56877,56887,10
13.0768995285,80.2641677856,56887,56897,10
13.076210022,80.2642822266,56897,56907,10
13.0756597519,80.264213562,56907,56917,10
13.0752096176,80.2635726929,56917,56926,9
13.0748100281,80.2630233765,56926,56937,11
13.0744199753,80.2625427246,56937,56948,11
13.0739097595,80.2619171143,56948,56958,10
13.0736703873,80.2616195679,56958,56968,10
13.073559761,80.2614974976,56968,56978,10
13.0731496811,80.2614364624,56978,56988,10
13.0728902817,80.262046814,56988,56998,10
13.0726604462,80.2627792358,56998,57008,10
13.072429657,80.2633972168,57008,57018,10
13.0720396042,80.2640762329,57018,57028,10
13.0715799332,80.2646102905,57028,57038,10
13.071439743,80.2647476196,57038,57048,10
13.0712404251,80.2649536133,57048,57059,11
13.0710000992,80.2652206421,57059,57069,10
13.0706195831,80.2656097412,57069,57079,10
13.0700998306,80.2661514282,57079,57089,10
13.0698795319,80.2663803101,57089,57099,10
13.0697603226,80.2664794922,57099,57109,10
13.0695199966,80.2667236328,57109,57119,10
13.0691003799,80.2671279907,57119,57129,10
13.068860054,80.2676086426,57129,57139,10
13.0686502457,80.2682418823,57139,57148,9
13.0684995651,80.2687301636,57148,57160,12
13.0683002472,80.2693786621,57160,57170,10
13.0681800842,80.269859314,57170,57180,10
13.0680999756,80.2703170776,57180,57190,10
13.0681200027,80.270401001,57190,57200,10
13.0681495667,80.2705078125,57200,57210,10
13.0681400299,80.2708511353,57210,57220,10
13.067899704,80.2710418701,57220,57230,10
13.0674600601,80.2706680298,57230,57240,10
13.067199707,80.2703704834,57240,57250,10
13.0670700073,80.2702026367,57250,57260,10
13.0666599274,80.2697525024,57260,57271,11
13.0664396286,80.269203186,57271,57281,10
13.0663700104,80.2685012817,57281,57291,10
13.0657901764,80.2677993774,57291,57311,20
13.0657901764,80.2677993774,57311,57321,10
13.0655603409,80.2677078247,57321,57331,10
13.0654296875,80.2677001953,57331,57341,10
13.0652704239,80.2676696777,57341,57352,11
13.0650997162,80.2676467896,57352,57361,9
13.0646295547,80.2675704956,57361,57373,12
13.0639801025,80.2674331665,57373,57383,10
13.0636100769,80.2673721313,57383,57391,8
13.0632801056,80.2673187256,57391,57403,12
13.0626802444,80.2671432495,57403,57411,8
13.0623703003,80.2667922974,57411,57423,12
13.0619897842,80.2662963867,57423,57433,10
13.0618400574,80.2661437988,57433,57441,8
13.0617198944,80.2659835815,57441,57453,12
13.0614004135,80.2655792236,57453,57463,10
13.0610198975,80.2652206421,57463,57473,10
13.0606298447,80.2653579712,57473,57484,11
13.0605201721,80.2654190063,57484,57492,8
13.0601701736,80.2655792236,57492,57502,10
13.0596103668,80.265586853,57502,57514,12
13.0591096878,80.2655410767,57514,57524,10
13.0589599609,80.2655410767,57524,57532,8
13.0587100983,80.2654876709,57532,57542,10
13.0583200455,80.2653427124,57542,57554,12
13.0580501556,80.2646102905,57554,57563,9
13.0579595566,80.2638778687,57563,57572,9
13.0578804016,80.2632293701,57572,57585,13
13.0577802658,80.2623977661,57585,57595,10
13.0576496124,80.2616882324,57595,57605,10
13.0575399399,80.261100769,57605,57615,10
13.0574703217,80.2609405518,57615,57625,10
13.0573596954,80.2604827881,57625,57635,10
13.0571498871,80.2597503662,57635,57645,10
13.0569801331,80.259262085,57645,57655,10
13.0567798615,80.2586669922,57655,57665,10
13.0566902161,80.2583236694,57665,57675,10
13.0565900803,80.2577819824,57675,57685,10
13.0565795898,80.2576599121,57685,57696,11
13.0565099716,80.2573318481,57696,57706,10
13.0564498901,80.2571487427,57706,57716,10
13.056429863,80.2570877075,57716,57726,10
13.0564098358,80.2568511963,57726,57736,10
13.0563802719,80.256729126,57736,57746,10
13.0562000275,80.2563476563,57746,57756,10
13.0557804108,80.2557678223,57756,57764,8
13.0553598404,80.2551727295,57764,57775,11
13.0546503067,80.2542114258,57775,57787,12
13.0541400909,80.2535629272,57787,57798,11
13.0539398193,80.2533187866,57798,57808,10
13.0536699295,80.2528915405,57808,57818,10
13.0531997681,80.2522125244,57818,57828,10
13.0526399612,80.2514801025,57828,57838,10
13.0520896912,80.2507476807,57838,57848,10
13.051150322,80.2501373291,57848,57858,10
13.0498895645,80.2498779297,57858,57868,10
13.0487604141,80.2497634888,57868,57878,10
13.048210144,80.2495117188,57878,57888,10
13.0475797653,80.2489624023,57888,57899,11
13.0468597412,80.2486572266,57899,57909,10
13.0466899872,80.2486190796,57909,57919,10
13.0461702347,80.2485427856,57919,57929,10
13.0454502106,80.2482910156,57929,57939,10
13.044719696,80.2480926514,57939,57949,10
13.0438203812,80.2479324341,57949,57959,10
13.0429096222,80.247756958,57959,57969,10
13.0421600342,80.2475967407,57969,57979,10
13.0416402817,80.2475204468,57979,57989,10
13.0416002274,80.2475128174,57989,57999,10
13.0411996841,80.2474136353,57999,58010,11
13.0404195786,80.2472763062,58010,58020,10
13.0398197174,80.247177124,58020,58030,10
13.0398101807,80.247177124,58030,58040,10
13.0397195816,80.2471389771,58040,58050,10
13.0394001007,80.2470626831,58050,58060,10
13.0392599106,80.2469863892,58060,58070,10
13.0387296677,80.2468490601,58070,58080,10
13.0379495621,80.246711731,58080,58090,10
13.0371799469,80.2465820313,58090,58100,10
13.0371103287,80.2465667725,58100,58111,11
13.0369997025,80.2465667725,58111,58121,10
13.0365400314,80.2464675903,58121,58131,10
13.0358200073,80.2462463379,58131,58141,10
13.0352602005,80.2460708618,58141,58151,10
13.0351295471,80.2460708618,58151,58161,10
13.0348796844,80.2458496094,58161,58171,10
13.034740448,80.2456283569,58171,58181,10
13.0344400406,80.2452011108,58181,58192,11
13.034040451,80.2446594238,58192,58203,11
13.0334501266,80.2438735962,58203,58212,9
13.0328197479,80.2430801392,58212,58224,12
13.0323200226,80.2424621582,58224,58234,10
13.0321798325,80.2422790527,58234,58244,10
13.0320196152,80.2420730591,58244,58253,9
13.0316801071,80.2413330078,58253,58345,92
13.0316801071,80.2413330078,58345,58353,8
13.0316095352,80.2411499023,58353,58365,12
13.0312900543,80.2404708862,58365,58375,10
13.0310096741,80.2398071289,58375,58385,10
13.0305700302,80.2390365601,58385,58395,10
13.0300703049,80.2381362915,58395,58405,10
13.0296297073,80.2373886108,58405,58415,10
13.0292396545,80.2369384766,58415,58426,11
13.0292100906,80.2368927002,58426,58436,10
13.0291795731,80.2368469238,58436,58446,10
13.0288896561,80.2365264893,58446,58456,10
13.0283699036,80.2359390259,58456,58466,10
13.0277795792,80.235168457,58466,58476,10
13.0272102356,80.2341690063,58476,58486,10
13.0269498825,80.2337265015,58486,58496,10
13.0268001556,80.2334671021,58496,58506,10
13.0264701843,80.2329025269,58506,58516,10
13.0262002945,80.2321624756,58516,58526,10
13.0261001587,80.2318496704,58526,58537,11
13.025970459,80.2313613892,58537,58547,10
13.0256900787,80.2305297852,58547,58557,10
13.0250597,80.2296218872,58557,58567,10
13.0246400833,80.2291183472,58567,58587,20
13.0246400833,80.2291183472,58587,58597,10
13.0246200562,80.229057312,58597,58607,10
13.0243902206,80.2287597656,58607,58617,10
13.0240097046,80.2283477783,58617,58627,10
13.0239696503,80.2282867432,58627,58638,11
13.0238704681,80.2281265259,58638,58648,10
13.0234603882,80.2277069092,58648,58658,10
13.0228900909,80.227142334,58658,58668,10
13.0221595764,80.2264862061,58668,58678,10
13.021320343,80.2258071899,58678,58688,10
13.0207595825,80.2253799438,58688,58698,10
13.0207500458,80.2253799438,58698,58708,10
13.0206203461,80.2253112793,58708,58718,10
13.0201396942,80.2249526978,58718,58728,10
13.0193595886,80.2245178223,58728,58738,10
13.0183496475,80.2246627808,58738,58749,11
13.0172996521,80.2250976563,58749,58759,10
13.0166397095,80.2253799438,58759,58769,10
13.0163602829,80.2255020142,58769,58779,10
13.0158395767,80.225692749,58779,58789,10
13.0152997971,80.2258987427,58789,58799,10
13.014840126,80.2260818481,58799,58809,10
13.0143899918,80.226272583,58809,58819,10
13.0142698288,80.22631073,58819,58829,10
13.0138301849,80.2264633179,58829,58839,10
13.0130996704,80.2266998291,58839,58850,11
13.0121097565,80.2270965576,58850,58860,10
13.0110502243,80.2275390625,58860,58870,10
13.0099802017,80.2279815674,58870,58880,10
13.0091400146,80.2285690308,58880,58890,10
13.008939743,80.2295303345,58890,58900,10
13.0087604523,80.2305526733,58900,58910,10
13.0085096359,80.2316665649,58910,58920,10
13.0083198547,80.2327804565,58920,58930,10
13.0081796646,80.233581543,58930,58938,8
13.0080795288,80.2341384888,58938,58950,12
13.0078897476,80.2349472046,58950,58961,11
13.0076799393,80.2359695435,58961,58971,10
13.0074701309,80.2371368408,58971,58981,10
13.0072402954,80.2383880615,58981,58991,10
13.0070400238,80.2394790649,58991,59001,10
13.0069198608,80.2400970459,59001,59011,10
13.0068397522,80.2407684326,59011,59021,10
13.0067901611,80.2408828735,59021,59031,10
13.0067596436,80.2413482666,59031,59041,10
13.0067501068,80.2421875,59041,59051,10
13.0067195892,80.2431488037,59051,59062,11
13.0066900253,80.244102478,59062,59072,10
13.0066900253,80.2444381714,59072,59082,10
13.0067100525,80.2448501587,59082,59092,10
13.0067100525,80.2454223633,59092,59102,10
13.0067300797,80.2460327148,59102,59112,10
13.0067396164,80.246711731,59112,59122,10
13.0067100525,80.2475891113,59122,59132,10
13.0067100525,80.248588562,59132,59142,10
13.0067596436,80.249671936,59142,59152,10
13.0067996979,80.2505187988,59152,59162,10
13.0067996979,80.2506408691,59162,59172,10
13.0067901611,80.2507705688,59172,59184,12
13.0067901611,80.2512588501,59184,59193,9
13.0067100525,80.2517776489,59193,59203,10
13.0065498352,80.2525177002,59203,59214,11
13.0065402985,80.2533111572,59214,59224,10
13.0065402985,80.2540588379,59224,59234,10
13.0065803528,80.2548217773,59234,59243,9
13.0066204071,80.2552337646,59243,59254,11
13.0066299438,80.2554702759,59254,59264,10
13.0066099167,80.2561416626,59264,59275,11
13.0066204071,80.2570495605,59275,59324,49
13.0066204071,80.2570495605,59324,59334,10
13.0067195892,80.2572937012,59334,59344,10
13.0065402985,80.2576065063,59344,59354,10
13.0059499741,80.2574462891,59354,59365,11
13.0052700043,80.2572937012,59365,59375,10
13.0046396255,80.2571563721,59375,59386,11
13.0038003922,80.256980896,59386,59396,10
13.0031404495,80.2568511963,59396,59406,10
13.0023202896,80.2566833496,59406,59436,30
13.0023202896,80.2566833496,59436,59446,10
13.0020103455,80.2565994263,59446,59456,10
13.0014295578,80.2565307617,59456,59466,10
13.0006103516,80.256401062,59466,59476,10
12.9997797012,80.2562637329,59476,59487,11
12.9991798401,80.2561569214,59487,59497,10
12.9986600876,80.256072998,59497,59517,20
12.9986600876,80.256072998,59517,59527,10
12.9985399246,80.2560272217,59527,59537,10
12.9980602264,80.2559585571,59537,59547,10
12.9972496033,80.2559127808,59547,59557,10
12.9967002869,80.2558670044,59557,59567,10
12.9960002899,80.2558670044,59567,59577,10
12.9953899384,80.255897522,59577,59587,10
12.9948396683,80.2559204102,59587,59598,11
12.9942502975,80.2559585571,59598,59608,10
12.9935903549,80.2560195923,59608,59618,10
12.9927501678,80.2560501099,59618,59628,10
12.9917201996,80.2560577393,59628,59638,10
12.990940094,80.2560195923,59638,59648,10
12.9902496338,80.2560119629,59648,59658,10
12.9894504547,80.2559890747,59658,59668,10
12.9885501862,80.2559509277,59668,59729,61
12.9885501862,80.2559509277,59729,59739,10
12.9884300232,80.2559661865,59739,59749,10
12.9882802963,80.2559280396,59749,59769,20
12.9882802963,80.2559280396,59769,59779,10
12.9881401062,80.255897522,59779,59789,10
12.9877996445,80.255859375,59789,59800,11
12.9875802994,80.2563400269,59800,59810,10
12.9875097275,80.2570419312,59810,59820,10
12.9874601364,80.2577896118,59820,59830,10
12.9874095917,80.2584991455,59830,59840,10
12.9873600006,80.2589111328,59840,59850,10
12.9872398376,80.2594680786,59850,59890,40
12.9872398376,80.2594680786,59890,59900,10
12.987039566,80.2595901489,59900,59911,11
12.9867897034,80.2595214844,59911,59921,10
12.9866304398,80.2593307495,59921,60739,818
12.9866304398,80.2593307495,60739,60749,10
12.9866600037,80.2591781616,60749,60760,11
12.9869499207,80.2591400146,60760,60780,20
12.9869499207,80.2591400146,60780,60790,10
12.9871902466,80.2591781616,60790,60800,10
12.9873504639,80.2590179443,60800,60810,10
12.9873600006,80.2588424683,60810,60820,10
12.9873800278,80.2586135864,60820,60830,10
12.9873895645,80.2584228516,60830,60840,10
12.9874200821,80.258140564,60840,60850,10
12.9874401093,80.257850647,60850,60860,10
12.9875001907,80.2570114136,60860,60901,41
12.9875001907,80.2570114136,60901,60911,10
12.9875202179,80.2567062378,60911,60921,10
12.9875402451,80.2561035156,60921,60931,10
12.987660408,80.2557907104,60931,60941,10
12.9879703522,80.255821228,60941,60951,10
12.9882698059,80.2558822632,60951,60961,10
12.9885797501,80.2559432983,60961,60972,11
12.9888896942,80.2559814453,60972,60982,10
12.9891996384,80.2560119629,60982,60992,10
12.9898796082,80.256072998,60992,61002,10
12.9902696609,80.2560501099,61002,61012,10
12.9905195236,80.2560424805,61012,61022,10
12.9910297394,80.256072998,61022,61032,10
12.9918203354,80.2561035156,61032,61042,10
12.9927997589,80.2560806274,61042,61052,10
12.9936304092,80.2559890747,61052,61062,10
12.9938001633,80.2559967041,61062,61072,10
12.994020462,80.2560195923,61072,61083,11
12.9944200516,80.2559967041,61083,61093,10
12.9949302673,80.2559585571,61093,61103,10
12.9953804016,80.2559280396,61103,61123,20
12.9953804016,80.2559280396,61123,61133,10
12.9954595566,80.2559509277,61133,61153,20
12.9954595566,80.2559509277,61153,61163,10
12.995639801,80.2559432983,61163,61173,10
12.9959497452,80.2559509277,61173,61184,11
12.9964399338,80.2559280396,61184,61194,10
12.9967899323,80.2559204102,61194,61204,10
12.9970397949,80.2559280396,61204,61214,10
12.9974002838,80.2559432983,61214,61224,10
12.9977502823,80.2559585571,61224,61234,10
12.9984903336,80.2560806274,61234,61275,41
12.9984903336,80.2560806274,61275,61283,8
12.9986696243,80.2561187744,61283,61296,13
12.9994001389,80.2562408447,61296,61304,8
12.9999198914,80.2563171387,61304,61316,12
13.0005998611,80.256439209,61316,61326,10
13.0009403229,80.256477356,61326,61336,10
13.0013904572,80.2565765381,61336,61345,9
13.0018701553,80.2566299438,61345,61356,11
13.0022697449,80.2567062378,61356,61366,10
13.0025396347,80.2567596436,61366,61375,9
13.0027503967,80.2567901611,61375,61384,9
13.0029602051,80.2568283081,61384,61397,13
13.0034303665,80.2569198608,61397,61405,8
13.0039796829,80.2570037842,61405,61415,10
13.0046195984,80.2571334839,61415,61425,10
13.0050001144,80.2571716309,61425,61437,12
13.0050001144,80.2571792603,61437,61447,10
13.0050401688,80.2572479248,61447,61457,10
13.0052995682,80.2572937012,61457,61467,10
13.005610466,80.2573623657,61467,61475,8
13.006070137,80.2574462891,61475,61487,12
13.0065097809,80.2571487427,61487,61495,8
13.0064697266,80.2566986084,61495,61508,13
13.0065002441,80.2555923462,61508,61518,10
13.0065603256,80.2549133301,61518,61528,10
13.0065202713,80.2540664673,61528,61538,10
13.0065202713,80.2532272339,61538,61548,10
13.0064897537,80.2530593872,61548,61558,10
13.0065002441,80.2526473999,61558,61588,30
13.0065002441,80.2526473999,61588,61598,10
13.0065002441,80.2525863647,61598,61609,11
13.0065402985,80.2524337769,61609,61619,10
13.0066299438,80.2520828247,61619,61629,10
13.0067501068,80.2513580322,61629,61639,10
13.0067901611,80.2502822876,61639,61649,10
13.0067501068,80.2492980957,61649,61659,10
13.0067300797,80.2490234375,61659,61669,10
13.0066995621,80.248626709,61669,61679,10
13.0066699982,80.2482528687,61679,61689,10
13.006649971,80.2479019165,61689,61699,10
13.006649971,80.2473678589,61699,61710,11
13.0065898895,80.2468032837,61710,61730,20
13.0065898895,80.2468032837,61730,61740,10
13.0065698624,80.2467422485,61740,61750,10
13.0066003799,80.2465667725,61750,61760,10
13.0066604614,80.246131897,61760,61770,10
13.0066604614,80.2453918457,61770,61780,10
13.0066404343,80.2449264526,61780,61790,10
13.0066604614,80.2445602417,61790,61800,10
13.006649971,80.2443466187,61800,61810,10
13.0066404343,80.2440719604,61810,61821,11
13.0066299438,80.243812561,61821,61831,10
13.0066099167,80.2435302734,61831,61841,10
13.0066003799,80.2429580688,61841,61851,10
13.0066003799,80.2420806885,61851,61861,10
13.0066099167,80.2412490845,61861,61871,10
13.0066604614,80.2407073975,61871,61881,10
13.0067300797,80.2403488159,61881,61891,10
13.006939888,80.239616394,61891,61901,10
13.0070495605,80.238822937,61901,61911,10
13.0072002411,80.2380828857,61911,61922,11
13.0072898865,80.2376098633,61922,61932,10
13.0074396133,80.2367019653,61932,61952,20
13.0074396133,80.2367019653,61952,61962,10
13.0074701309,80.2366104126,61962,61972,10
13.0075597763,80.2362518311,61972,61982,10
13.0076999664,80.2356109619,61982,61992,10
13.0078802109,80.2347869873,61992,62002,10
13.0080795288,80.2338562012,62002,62012,10
13.0082798004,80.2328262329,62012,62022,10
13.0085096359,80.2316894531,62022,62033,11
13.0087604523,80.2304077148,62033,62043,10
13.0089702606,80.229309082,62043,62053,10
13.0091104507,80.2284469604,62053,62063,10
13.0093002319,80.2278366089,62063,62073,10
13.0097103119,80.2270431519,62073,62083,10
13.0101995468,80.2260665894,62083,62093,10
13.0106201172,80.225227356,62093,62103,10
13.010840416,80.2247085571,62103,62113,10
13.0111198425,80.2240066528,62113,62123,10
13.0114603043,80.2231903076,62123,62134,11
13.0118103027,80.2221679688,62134,62144,10
13.0121498108,80.2215881348,62144,62154,10
13.012550354,80.2217712402,62154,62164,10
13.0130395889,80.2224502563,62164,62174,10
13.0137395859,80.2231826782,62174,62184,10
13.0142002106,80.2235488892,62184,62194,10
13.0145797729,80.2239685059,62194,62204,10
13.0149297714,80.2244415283,62204,62214,10
13.0151596069,80.2247619629,62214,62224,10
13.01541996,80.224937439,62224,62234,10
13.0154304504,80.224937439,62234,62245,11
13.0156097412,80.2250366211,62245,62255,10
13.0160598755,80.2253112793,62255,62265,10
13.0167398453,80.225227356,62265,62276,11
13.017539978,80.2249069214,62276,62286,10
13.018289566,80.2246170044,62286,62296,10
13.0193300247,80.2243423462,62296,62316,20
13.0193300247,80.2243423462,62316,62325,9
13.0197696686,80.224609375,62325,62357,32
13.0197696686,80.224609375,62357,62366,9
13.0199899673,80.2247695923,62366,62377,11
13.0205097198,80.2251663208,62377,62386,9
13.0211296082,80.2256317139,62386,62396,10
13.021900177,80.2262191772,62396,62406,10
13.0227098465,80.2269134521,62406,62417,11
13.0232496262,80.2274169922,62417,62436,19
13.0232496262,80.2274169922,62436,62445,9
13.0234498978,80.2276077271,62445,62458,13
13.0239801407,80.2281417847,62458,62468,10
13.0241298676,80.2283401489,62468,62478,10
13.0241298676,80.2283477783,62478,62488,10
13.0242204666,80.2284698486,62488,62498,10
13.0242595673,80.2285232544,62498,62508,10
13.0243501663,80.2286224365,62508,62518,10
13.0245599747,80.2288665771,62518,62528,10
13.0249004364,80.2293395996,62528,62538,10
13.0253295898,80.2298278809,62538,62548,10
13.0256004333,80.2301483154,62548,62559,11
13.025639534,80.2302017212,62559,62569,10
13.0257101059,80.2303695679,62569,62579,10
13.0258302689,80.2306594849,62579,62589,10
13.0259199142,80.2309799194,62589,62599,10
13.02602005,80.2313766479,62599,62609,10
13.0261497498,80.2318878174,62609,62619,10
13.0263795853,80.2326202393,62619,62629,10
13.0267696381,80.2334213257,62629,62639,10
13.0273199081,80.2343063354,62639,62649,10
13.0277996063,80.235168457,62649,62659,10
13.0283298492,80.2358627319,62659,62670,11
13.0290803909,80.236656189,62670,62680,10
13.029540062,80.2371673584,62680,62690,10
13.0296001434,80.2373199463,62690,62700,10
13.0298595428,80.237701416,62700,62710,10
13.0302400589,80.2383880615,62710,62720,10
13.0306901932,80.2391662598,62720,62730,10
13.0309295654,80.2395477295,62730,62862,132
13.0309295654,80.2395477295,62862,62873,11
13.0311203003,80.2398834229,62873,62883,10
13.0312299728,80.2399902344,62883,62893,10
13.0313997269,80.2403182983,62893,62903,10
13.0314903259,80.2408981323,62903,62913,10
13.0317401886,80.2414169312,62913,62923,10
13.0320396423,80.2420806885,62923,62933,10
13.0325899124,80.2427215576,62933,62942,9
13.0331296921,80.2434616089,62942,62953,11
13.033659935,80.2442321777,62953,62963,10
13.0339603424,80.2446365356,62963,62973,10
13.0342502594,80.2449798584,62973,62984,11
13.0346803665,80.2455062866,62984,62994,10
13.0355396271,80.2461013794,62994,63024,30
13.0355396271,80.2461013794,63024,63034,10
13.0357103348,80.2461395264,63034,63044,10
13.035949707,80.2462768555,63044,63054,10
13.0364398956,80.2464065552,63054,63064,10
13.0370798111,80.2465515137,63064,63074,10
13.0376796722,80.2464828491,63074,63085,11
13.0383996964,80.2466583252,63085,63095,10
13.038860321,80.2468032837,63095,63105,10
13.039270401,80.2469100952,63105,63115,10
13.0398597717,80.2470321655,63115,63125,10
13.0406599045,80.2471618652,63125,63137,12
13.0408201218,80.2472000122,63137,63147,10
13.0411396027,80.2472763062,63147,63157,10
13.0417404175,80.2474136353,63157,63167,10
13.0423202515,80.2474975586,63167,63177,10
13.0430002213,80.2477416992,63177,63187,10
13.043510437,80.2478637695,63187,63198,11
13.0441598892,80.2478179932,63198,63208,10
13.0448303223,80.2479324341,63208,63216,8
13.0452203751,80.2481689453,63216,63226,10
13.0458498001,80.2484817505,63226,63236,10
13.0468997955,80.2484588623,63236,63258,22
13.0468997955,80.2484588623,63258,63268,10
13.0470895767,80.2485427856,63268,63278,10
13.047539711,80.2488098145,63278,63288,10
13.0479803085,80.2492218018,63288,63299,11
13.0486698151,80.2496795654,63299,63309,10
13.0494604111,80.2498168945,63309,63319,10
13.0502195358,80.2499465942,63319,63329,10
13.0509595871,80.2500915527,63329,63339,10
13.0516004562,80.2503509521,63339,63349,10
13.052189827,80.2508468628,63349,63359,10
13.0527000427,80.2515411377,63359,63369,10
13.0532798767,80.2523117065,63369,63379,10
13.0538196564,80.2530822754,63379,63389,10
13.0543804169,80.2538223267,63389,63400,11
13.0549297333,80.2545318604,63400,63410,10
13.0553503036,80.2550888062,63410,63420,10
13.0557203293,80.2555923462,63420,63430,10
13.0558900833,80.2558135986,63430,63440,10
13.0561199188,80.2561264038,63440,63449,9
13.0562601089,80.2563171387,63449,63460,11
13.0567998886,80.2568664551,63460,63480,20
13.0567998886,80.2568664551,63480,63490,10
13.0569400787,80.2570114136,63490,63499,9
13.0573196411,80.2573623657,63499,63511,12
13.0578203201,80.2578430176,63511,63521,10
13.0582399368,80.2583389282,63521,63531,10
13.0587301254,80.2589263916,63531,63541,10
13.059129715,80.2594833374,63541,63551,10
13.059419632,80.259979248,63551,63561,10
13.0599403381,80.2604522705,63561,63571,10
13.0603599548,80.2608718872,63571,63580,9
13.0606603622,80.2612609863,63580,63601,21
13.0606603622,80.2612609863,63601,63612,11
13.0607700348,80.2614364624,63612,63622,10
13.0611000061,80.2618789673,63622,63632,10
13.0615901947,80.2623977661,63632,63642,10
13.0621004105,80.2630996704,63642,63652,10
13.0626001358,80.2637023926,63652,63662,10
13.0631799698,80.2643432617,63662,63682,20
13.0631799698,80.2643432617,63682,63692,10
13.0632600784,80.2645111084,63692,63701,9
13.0634899139,80.2649536133,63701,63713,12
13.0639696121,80.2656707764,63713,63723,10
13.0643997192,80.2661895752,63723,63733,10
13.064620018,80.2664718628,63733,63743,10
13.0647497177,80.2666397095,63743,63753,10
13.0649404526,80.2668762207,63753,63763,10
13.0653896332,80.2671966553,63763,63773,10
13.0658798218,80.2677307129,63773,63783,10
13.0661697388,80.268119812,63783,63793,10
13.0663299561,80.2683105469,63793,63803,10
13.0665197372,80.2684326172,63803,63813,10
13.0666704178,80.2684707642,63813,63824,11
13.0668401718,80.2685394287,63824,63844,20
13.0668401718,80.2685394287,63844,63854,10
13.0670204163,80.2686233521,63854,63864,10
13.0674495697,80.2689437866,63864,63874,10
13.0679397583,80.2692565918,63874,63884,10
13.0682601929,80.2693710327,63884,63894,10
13.0683403015,80.2690811157,63894,63905,11
13.0685100555,80.2685775757,63905,63914,9
13.0686903,80.2681427002,63914,63924,10
13.0689096451,80.2674331665,63924,63935,11
13.0693902969,80.2668762207,63935,63945,10
13.0698299408,80.2664718628,63945,63955,10
13.0700397491,80.2662582397,63955,63965,10
13.0704298019,80.2658996582,63965,63985,20
13.0704298019,80.2658996582,63985,63995,10
13.0706596375,80.265663147,63995,64005,10
13.0710601807,80.2652206421,64005,64015,10
13.0714797974,80.264793396,64015,64025,10
13.0719299316,80.2642364502,64025,64036,11
13.0723800659,80.2634963989,64036,64046,10
13.072640419,80.2628936768,64046,64058,12
13.0728597641,80.2621688843,64058,64068,10
13.0728998184,80.2619934082,64068,64077,9
13.072930336,80.2618865967,64077,64088,11
13.0730495453,80.2615127563,64088,64097,9
13.0730800629,80.2614364624,64097,64108,11
13.0730895996,80.2610168457,64108,64118,10
13.0731201172,80.2607498169,64118,64128,10
13.0732898712,80.2605819702,64128,64139,11
13.0733699799,80.2604522705,64139,64149,10
13.0735301971,80.2601394653,64149,64159,10
13.0738697052,80.2595977783,64159,64169,10
13.0745000839,80.2589797974,64169,64179,10
13.0751304626,80.2584686279,64179,64189,10
13.0755500793,80.2581176758,64189,64239,50
13.0755500793,80.2581176758,64239,64250,11
13.075799942,80.2579498291,64250,64260,10
13.0761804581,80.2576065063,64260,64270,10
13.0765800476,80.257232666,64270,64280,10
13.0770101547,80.2569198608,64280,64290,10
13.077580452,80.256729126,64290,64300,10
13.0783901215,80.256652832,64300,64310,10
13.0790100098,80.2565307617,64310,64381,71
13.0790100098,80.2565307617,64381,64391,10
13.0790596008,80.2562789917,64391,64401,10
13.0790500641,80.2562332153,64401,64411,10
13.0790100098,80.2559509277,64411,64421,10
13.0789699554,80.2554321289,64421,64431,10
13.0789299011,80.2547683716,64431,64522,91
13.0789299011,80.2547683716,64522,64532,10
13.0792198181,80.2546005249,64532,64542,10
13.0797395706,80.2546234131,64542,64552,10
13.0797796249,80.2546463013,64552,64563,11
13.0799503326,80.2547302246,64563,64573,10
13.0804901123,80.2548065186,64573,64583,10
13.0811700821,80.2548828125,64583,64593,10
13.0815896988,80.2548828125,64593,64603,10
13.0818595886,80.2543792725,64603,64613,10
13.0819196701,80.2536773682,64613,64623,10
13.0818004608,80.2529296875,64623,64633,10
13.0814695358,80.2523574829,64633,64643,10
13.0813999176,80.2516174316,64643,64653,10
13.0813703537,80.2513122559,64653,64664,11
13.0813703537,80.2511291504,64664,64674,10
13.0813598633,80.2509536743,64674,64684,10
13.0813598633,80.2507781982,64684,64694,10
13.0813398361,80.2504806519,64694,64704,10
13.081319809,80.2500991821,64704,64713,9
13.0813999176,80.2497329712,64713,64724,11
13.0818395615,80.2497177124,64724,64734,10
13.0822696686,80.249786377,64734,64744,10
13.0825796127,80.2498474121,64744,64754,10
13.0828800201,80.2499008179,64754,64763,9
13.0832901001,80.2499465942,64763,64775,12
13.0846099854,80.2501907349,64775,64795,20
13.0846099854,80.2501907349,64795,64805,10
13.084690094,80.2501907349,64805,64815,10
13.0851402283,80.250289917,64815,64825,10
13.0855703354,80.2503662109,64825,64835,10
13.0857400894,80.2504196167,64835,64845,10
13.0858802795,80.2501983643,64845,64855,10
13.0858602524,80.2495803833,64855,64865,10
13.0858402252,80.2487411499,64865,64876,11
13.0858097076,80.2478408813,64876,64886,10
13.0858001709,80.2470321655,64886,64896,10
13.0857601166,80.2469024658,64896,64906,10
13.0857095718,80.2468414307,64906,64916,10
13.0856895447,80.2464065552,64916,64926,10
13.0856599808,80.2455978394,64926,64936,10
13.0857696533,80.2451705933,64936,64946,10
13.0861701965,80.2448425293,64946,64956,10
13.0867795944,80.2443389893,64956,64966,10
13.0874004364,80.2438201904,64966,64977,11
13.0878200531,80.2432327271,64977,64987,10
13.0879497528,80.2425613403,64987,64997,10
13.0882396698,80.2420501709,64997,65007,10
13.0883903503,80.2419586182,65007,65017,10
13.0888204575,80.2416610718,65017,65028,11
13.0894203186,80.2412567139,65028,65038,10
13.0900802612,80.2409362793,65038,65048,10
13.0909700394,80.2408905029,65048,65058,10
13.0918302536,80.2409515381,65058,65067,9
13.0923995972,80.2409896851,65067,65078,11
13.0931596756,80.2410507202,65078,65088,10
13.0941495895,80.2412109375,65088,65109,21
13.0941495895,80.2412109375,65109,65119,10
13.0943899155,80.2412414551,65119,65129,10
13.0949602127,80.2413635254,65129,65139,10
13.0958204269,80.2416687012,65139,65168,29
13.0958204269,80.2416687012,65168,65179,11
13.0961799622,80.2418136597,65179,65190,11
13.0966501236,80.2419815063,65190,65280,90
13.0966501236,80.2419815063,65280,65291,11
13.0969896317,80.2421264648,65291,65301,10
13.0974798203,80.2422180176,65301,65311,10
13.0980501175,80.2423400879,65311,65321,10
13.0986700058,80.2423095703,65321,65351,30
13.0986700058,80.2423095703,65351,65361,10
13.0987997055,80.2422103882,65361,65371,10
13.0986499786,80.2419433594,65371,65381,10
13.09856987,80.2421875,65381,65674,293
13.0985002518,80.2424087524,65674,65694,20
13.0985002518,80.2424087524,65694,65704,10
13.0983104706,80.242401123,65704,65715,11
13.0979499817,80.2423171997,65715,65725,10
13.097820282,80.2422637939,65725,65735,10
13.0975599289,80.2422180176,65735,65745,10
13.0973396301,80.242149353,65745,65755,10
13.0972099304,80.2421112061,65755,65765,10
13.0970096588,80.2420578003,65765,65775,10
13.0967798233,80.2420120239,65775,65785,10
13.0964603424,80.2418670654,65785,65795,10
13.096159935,80.2417602539,65795,65805,10
13.0959796906,80.2417221069,65805,65814,9
13.0956296921,80.2416000366,65814,65826,12
13.0952596664,80.2414703369,65826,65836,10
13.0947704315,80.2413635254,65836,65846,10
13.0944004059,80.2412872314,65846,65856,10
13.0938596725,80.2411804199,65856,65866,10
13.0936002731,80.2411422729,65866,65876,10
13.0933103561,80.2410583496,65876,65886,10
13.0927000046,80.2409973145,65886,65896,10
13.0920000076,80.2409591675,65896,65906,10
13.0912399292,80.2409210205,65906,65916,10
13.0903301239,80.2408828735,65916,65927,11
13.0893201828,80.2412872314,65927,65937,10
13.0886697769,80.2417602539,65937,65947,10
13.0880203247,80.2423706055,65947,65957,10
13.0878601074,80.2431182861,65957,65967,10
13.0877799988,80.2433929443,65967,65977,10
13.0874004364,80.2438735962,65977,65987,10
13.0867300034,80.244430542,65987,65997,10
13.0860099792,80.2450027466,65997,66007,10
13.0856800079,80.2452774048,66007,66017,10
13.0856304169,80.2455368042,66017,66028,11
13.0856399536,80.2458190918,66028,66038,10
13.0857095718,80.2462768555,66038,66048,10
13.085729599,80.2467803955,66048,66058,10
13.0857200623,80.2468032837,66058,66068,10
13.0856895447,80.2470016479,66068,66078,10
13.0857801437,80.2475814819,66078,66088,10
13.0858297348,80.2484436035,66088,66098,10
13.0858697891,80.2492828369,66098,66108,10
13.085940361,80.2499923706,66108,66128,20
13.085940361,80.2499923706,66128,66139,11
13.0859603882,80.2500915527,66139,66149,10
13.0859203339,80.2503967285,66149,66159,10
13.0858402252,80.2507705688,66159,66169,10
13.0858001709,80.2510070801,66169,66179,10
13.085729599,80.2515335083,66179,66189,10
13.0856800079,80.2520065308,66189,66199,10
13.0856199265,80.252571106,66199,66209,10
13.0855798721,80.2529907227,66209,66219,10
13.0855703354,80.2532501221,66219,66229,10
13.0855703354,80.2537307739,66229,66240,11
13.0856103897,80.2541503906,66240,66250,10
13.0855998993,80.2547225952,66250,66260,10
13.0852098465,80.2547683716,66260,66270,10
13.0846099854,80.254699707,66270,66280,10
13.0840501785,80.2546310425,66280,66290,10
13.0839996338,80.2546234131,66290,66298,8
13.0836601257,80.2545471191,66298,66310,12
13.0828304291,80.2545089722,66310,66320,10
13.0823097229,80.2545166016,66320,66330,10
13.0818395615,80.254737854,66330,66340,10
13.0816898346,80.2548217773,66340,66351,11
13.081410408,80.2548904419,66351,66361,10
13.0809602737,80.2548522949,66361,66371,10
13.0808200836,80.2548065186,66371,66381,10
13.0804004669,80.2547531128,66381,66391,10
13.0798597336,80.2546768188,66391,66401,10
13.0794696808,80.2546081543,66401,66411,10
13.079000473,80.2547531128,66411,66421,10
13.0790195465,80.2553405762,66421,66431,10
13.079079628,80.255859375,66431,66441,10
13.0790996552,80.2563705444,66441,66452,11
13.0786800385,80.2567367554,66452,66462,10
13.0779800415,80.2567367554,66462,66472,10
13.0772600174,80.2568511963,66472,66482,10
13.0767202377,80.2571411133,66482,66492,10
13.076089859,80.2576980591,66492,66502,10
13.0755195618,80.2582015991,66502,66512,10
13.0754699707,80.2585067749,66512,66522,10
13.075630188,80.2592086792,66522,66532,10
13.076210022,80.2599105835,66532,66542,10
13.0768699646,80.2604980469,66542,66553,11
13.0773096085,80.261100769,66553,66563,10
13.0775203705,80.2616195679,66563,66573,10
13.0775899887,80.2618637085,66573,66583,10
13.0777196884,80.2621231079,66583,66593,10
13.0777702332,80.262260437,66593,66664,71
13.0777702332,80.262260437,66664,66674,10
13.0778799057,80.2627487183,66674,66684,10
13.0780296326,80.2631530762,66684,66694,10
13.0780000687,80.2635879517,66694,66714,20
13.0780000687,80.2635879517,66714,66724,10
13.077870369,80.2636413574,66724,66734,10
13.0776100159,80.2638092041,66734,66744,10
13.0771799088,80.2640380859,66744,66754,10
13.0767498016,80.2641601563,66754,66765,11
13.0761299133,80.2642211914,66765,66775,10
13.0756101608,80.2640914917,66775,66785,10
13.0751399994,80.2634735107,66785,66795,10
13.0746898651,80.2629013062,66795,66805,10
13.0742397308,80.2623825073,66805,66815,10
13.0738897324,80.261932373,66815,66825,10
13.0737400055,80.2617416382,66825,66835,10
13.0737400055,80.2617263794,66835,66845,10
13.0735301971,80.2615127563,66845,66855,10
13.0731401443,80.2614822388,66855,66865,10
13.0728902817,80.2620010376,66865,66876,11
13.0726604462,80.2627334595,66876,66886,10
13.0724401474,80.2633132935,66886,66896,10
13.0721597672,80.2638778687,66896,66906,10
13.0719203949,80.2642211914,66906,66916,10
13.0715904236,80.2646026611,66916,66926,10
13.0714998245,80.2646636963,66926,66936,10
13.0713996887,80.2647094727,66936,66946,10
13.071100235,80.2650299072,66946,66956,10
13.070690155,80.2654876709,66956,66966,10
13.0705003738,80.2657012939,66966,66977,11
13.0702896118,80.2658920288,66977,66987,10
13.0701198578,80.2660293579,66987,66997,10
13.070019722,80.2661514282,66997,67007,10
13.069849968,80.2663803101,67007,67027,20
13.069849968,80.2663803101,67027,67037,10
13.0695800781,80.2666320801,67037,67047,10
13.0692901611,80.2668609619,67047,67057,10
13.0689001083,80.2673721313,67057,67067,10
13.0686798096,80.2680282593,67067,67077,10
13.0685901642,80.2683868408,67077,67088,11
13.0684995651,80.2686462402,67088,67100,12
13.0683498383,80.2691574097,67100,67110,10
13.0682497025,80.2695999146,67110,67119,9
13.0681695938,80.2701721191,67119,67129,10
13.0681400299,80.2706832886,67129,67140,11
13.0679397583,80.2710113525,67140,67150,10
13.0677499771,80.2708816528,67150,67160,10
13.0675401688,80.2707214355,67160,67170,10
13.0670499802,80.2702636719,67170,67180,10
13.0665302277,80.2695922852,67180,67191,11
13.0663995743,80.2688827515,67191,67201,10
13.0661897659,80.2683105469,67201,67211,10
13.0657100677,80.2677764893,67211,67221,10
13.0654602051,80.2677078247,67221,67231,10
13.0652103424,80.2676925659,67231,67241,10
13.0651302338,80.2677078247,67241,67251,10
13.0646800995,80.2676010132,67251,67261,10
13.0638999939,80.2674636841,67261,67271,10
13.0631399155,80.2673187256,67271,67281,10
13.0626096725,80.2670822144,67281,67292,11
13.0620803833,80.2664337158,67292,67302,10
13.0616102219,80.2658309937,67302,67312,10
13.0611801147,80.265296936,67312,67322,10
13.0606203079,80.26537323,67322,67342,20
13.0606203079,80.26537323,67342,67352,10
13.0604896545,80.2654800415,67352,67362,10
13.0601701736,80.2656173706,67362,67372,10
13.0595397949,80.2656097412,67372,67379,7
13.0592098236,80.2655410767,67379,67392,13
13.0584001541,80.2653808594,67392,67423,31
13.0584001541,80.2653808594,67423,67433,10
13.0581102371,80.2652130127,67433,67443,10
13.057970047,80.2645568848,67443,67453,10
13.0578699112,80.2637405396,67453,67463,10
13.0577898026,80.2630691528,67463,67473,10
13.0576896667,80.2624435425,67473,67483,10
13.0576000214,80.2618103027,67483,67493,10
13.0575399399,80.2614212036,67493,67504,11
13.0573797226,80.2609024048,67504,67514,10
13.0571899414,80.2602233887,67514,67524,10
13.0570201874,80.2595977783,67524,67534,10
13.0568399429,80.2590713501,67534,67544,10
13.0566997528,80.2585601807,67544,67554,10
13.0566396713,80.2582626343,67554,67564,10
13.0565795898,80.2579803467,67564,67574,10
13.0565395355,80.2576675415,67574,67584,10
13.0564603806,80.2573318481,67584,67594,10
13.0564403534,80.2571716309,67594,67605,11
13.0565004349,80.2571182251,67605,67615,10
13.0563697815,80.2567062378,67615,67625,10
13.0561199188,80.2562408447,67625,67635,10
13.0557699203,80.2557220459,67635,67645,10
13.0552501678,80.2550125122,67645,67655,10
13.0547504425,80.2543792725,67655,67665,10
13.0544395447,80.2539901733,67665,67675,10
13.0542201996,80.2536697388,67675,67685,10
13.0542001724,80.253616333,67685,67695,10
13.0540895462,80.2534332275,67695,67705,10
13.0537796021,80.2529983521,67705,67716,11
13.0533599854,80.2524185181,67716,67726,10
13.0528802872,80.2517929077,67726,67736,10
13.0524101257,80.251159668,67736,67746,10
13.0519104004,80.2505722046,67746,67756,10
13.0512800217,80.2501907349,67756,67766,10
13.0506296158,80.2500534058,67766,67776,10
13.0500602722,80.2499313354,67776,67786,10
13.0492696762,80.2498474121,67786,67796,10
13.0489597321,80.2498397827,67796,67806,10
13.0489501953,80.2498397827,67806,67817,11
13.0487098694,80.2497406006,67817,67827,10
13.048500061,80.249671936,67827,67837,10
13.0480604172,80.2494277954,67837,67847,10
13.0470504761,80.2486572266,67847,67867,20
13.0470504761,80.2486572266,67867,67877,10
13.0468502045,80.2486495972,67877,67887,10
13.0462799072,80.2485733032,67887,67897,10
13.0455503464,80.2483825684,67897,67906,9
13.0450296402,80.2481994629,67906,67918,12
13.0441999435,80.2480621338,67918,67928,10
13.0438804626,80.2479934692,67928,67938,10
13.0435695648,80.2479171753,67938,67948,10
13.0432796478,80.2478790283,67948,67958,10
13.0428800583,80.2478485107,67958,67968,10
13.0423402786,80.2477722168,67968,67978,10
13.0418300629,80.2476501465,67978,67988,10
13.0415496826,80.2475585938,67988,67998,10
13.0415401459,80.2475585938,67998,68008,10
13.0413599014,80.2474899292,68008,68018,10
13.041009903,80.2473907471,68018,68029,11
13.0403699875,80.2472610474,68029,68039,10
13.0397195816,80.2471389771,68039,68080,41
13.0397195816,80.2471389771,68080,68090,10
13.039440155,80.2470397949,68090,68099,9
13.0392303467,80.2469863892,68099,68110,11
13.0387296677,80.2469024658,68110,68120,10
13.0382900238,80.2467803955,68120,68131,11
13.0377397537,80.246711731,68131,68141,10
13.0372200012,80.2466201782,68141,68151,10
13.0368299484,80.2465515137,68151,68161,10
13.0363702774,80.2464370728,68161,68171,10
13.0358200073,80.2462921143,68171,68191,20
13.0358200073,80.2462921143,68191,68201,10
13.0351896286,80.2460708618,68201,68221,20
13.0351896286,80.2460708618,68221,68232,11
13.0349197388,80.2459411621,68232,68242,10
13.0346603394,80.2455596924,68242,68252,10
13.0342502594,80.2449874878,68252,68262,10
13.0337200165,80.2444610596,68262,68272,10
13.0331096649,80.2435913086,68272,68282,10
13.0323200226,80.2425918579,68282,68302,20
13.0323200226,80.2425918579,68302,68310,8
13.0322599411,80.2424316406,68310,68322,12
13.0320301056,80.2421417236,68322,68332,10
13.031829834,80.2417526245,68332,68343,11
13.031539917,80.2411193848,68343,68353,10
13.0310897827,80.2401733398,68353,68432,79
13.0310897827,80.2401733398,68432,68444,12
13.0310697556,80.2400817871,68444,68454,10
13.0308904648,80.239692688,68454,68464,10
13.0305299759,80.2390518188,68464,68474,10
13.030090332,80.2382888794,68474,68484,10
13.0295696259,80.2373962402,68484,68494,10
13.0291900635,80.2369003296,68494,68504,10
13.0291795731,80.2368927002,68504,68514,10
13.0290002823,80.2367172241,68514,68524,10
13.0285596848,80.2362594604,68524,68534,10
13.0280199051,80.2356491089,68534,68545,11
13.0274801254,80.2347564697,68545,68555,10
13.0267496109,80.2336196899,68555,68575,20
13.0267496109,80.2336196899,68575,68585,10
13.0267295837,80.2334823608,68585,68595,10
13.0265598297,80.2332077026,68595,68605,10
13.0263900757,80.2329177856,68605,68615,10
13.0261898041,80.2324829102,68615,68625,10
13.0261001587,80.2321777344,68625,68635,10
13.0260801315,80.2320785522,68635,68646,11
13.0259895325,80.2317123413,68646,68656,10
13.0258398056,80.2312088013,68656,68666,10
13.0256004333,80.2305374146,68666,68676,10
13.0252504349,80.2298965454,68676,68686,10
13.0249099731,80.2294769287,68686,68696,10
13.0246801376,80.2292022705,68696,68706,10
13.0245304108,80.2289962769,68706,68716,10
13.0242395401,80.2285995483,68716,68726,10
13.0239400864,80.2282867432,68726,68736,10
13.0239400864,80.2282791138,68736,68745,9
13.0239095688,80.2282180786,68745,68757,12
13.0236101151,80.2278594971,68757,68767,10
13.0232000351,80.2274780273,68767,68777,10
13.0228796005,80.2271499634,68777,68787,10
13.0226602554,80.2269668579,68787,68797,10
13.0225601196,80.2268676758,68797,68807,10
13.022190094,80.2265319824,68807,68817,10
13.0216197968,80.22605896,68817,68827,10
13.0211200714,80.2256698608,68827,68837,10
13.0206203461,80.2253036499,68837,68847,10
13.019949913,80.2248306274,68847,68858,11
13.0191602707,80.2245330811,68858,68868,10
13.0184602737,80.2246932983,68868,68878,10
13.0182504654,80.2247772217,68878,68888,10
13.018119812,80.2248306274,68888,68898,10
13.0179595947,80.224899292,68898,68908,10
13.0177097321,80.2249908447,68908,68918,10
13.0174999237,80.2250823975,68918,68928,10
13.0171804428,80.2252120972,68928,68948,20
13.0171804428,80.2252120972,68948,68957,9
13.0169696808,80.2252807617,68957,68969,12
13.0168399811,80.2253417969,68969,68979,10
13.0166597366,80.225402832,68979,68989,10
13.0164804459,80.2254714966,68989,68999,10
13.0162296295,80.2255630493,68999,69009,10
13.0157699585,80.225730896,69009,69019,10
13.0153102875,80.2258987427,69019,69029,10
13.0148897171,80.2260513306,69029,69038,9
13.0145797729,80.2261199951,69038,69049,11
13.014169693,80.2263336182,69049,69059,10
13.01404953,80.2263870239,69059,69070,11
13.0137796402,80.2264785767,69070,69080,10
13.0131998062,80.2267227173,69080,69090,10
13.0123596191,80.2270507813,69090,69100,10
13.0113897324,80.2274169922,69100,69110,10
13.0103902817,80.2278213501,69110,69120,10
13.0094404221,80.2282104492,69120,69130,10
13.0090198517,80.2290115356,69130,69140,10
13.0087995529,80.2301864624,69140,69150,10
13.0085601807,80.2314300537,69150,69160,10
13.0083703995,80.2324295044,69160,69171,11
13.0082397461,80.2334365845,69171,69181,10
13.0082101822,80.2336425781,69181,69191,10
13.0081796646,80.2337265015,69191,69201,10
13.0080699921,80.2341690063,69201,69211,10
13.0079097748,80.2349014282,69211,69221,10
13.0077295303,80.2357635498,69221,69231,10
13.0075397491,80.2367706299,69231,69241,10
13.0074100494,80.2375335693,69241,69251,10
13.0072498322,80.2382965088,69251,69312,61
13.0072498322,80.2382965088,69312,69322,10
13.0072002411,80.2384872437,69322,69332,10
13.0071296692,80.2388763428,69332,69342,10
13.0070295334,80.2394714355,69342,69352,10
13.0068998337,80.239982605,69352,69443,91
13.0068998337,80.239982605,69443,69453,10
13.0068702698,80.2402420044,69453,69463,10
13.006819725,80.2406997681,69463,69473,10
13.0067901611,80.2408370972,69473,69483,10
13.0067300797,80.2413024902,69483,69494,11
13.0066995621,80.2422027588,69494,69504,10
13.0066795349,80.2431030273,69504,69514,10
13.0066795349,80.2439422607,69514,69524,10
13.006649971,80.244468689,69524,69544,20
13.006649971,80.244468689,69544,69554,10
13.0066299438,80.2447509766,69554,69564,10
13.0066299438,80.2448577881,69564,69574,10
13.0066299438,80.2450790405,69574,69584,10
13.0066404343,80.2452316284,69584,69595,11
13.0066404343,80.2453536987,69595,69605,10
13.006649971,80.2455673218,69605,69615,10
13.0066604614,80.2457962036,69615,69625,10
13.0066699982,80.2460174561,69625,69635,10
13.0066795349,80.2463302612,69635,69645,10
13.0066900253,80.2466201782,69645,69655,10
13.0066995621,80.2468032837,69655,69665,10
13.0066995621,80.2470626831,69665,69675,10
13.0066900253,80.2471466064,69675,69684,9
13.0066795349,80.2473602295,69684,69696,12
13.0066604614,80.2479095459,69696,69706,10
13.0066900253,80.2487792969,69706,69716,10
13.0067396164,80.2499237061,69716,69726,10
13.0067596436,80.251159668,69726,69736,10
13.0065698624,80.252243042,69736,69746,10
13.0065002441,80.2532424927,69746,69756,10
13.0065097809,80.2543716431,69756,69766,10
13.0065603256,80.2550964355,69766,69776,10
13.0065202713,80.2552185059,69776,69786,10
13.0065202713,80.2557067871,69786,69796,10
13.006529808,80.2565002441,69796,69807,11
13.006649971,80.2573776245,69807,69837,30
13.006649971,80.2573776245,69837,69847,10
13.0066699982,80.2574615479,69847,69857,10
13.0063199997,80.2576599121,69857,69867,10
13.0057401657,80.2574996948,69867,69877,10
13.0050001144,80.25730896,69877,69887,10
13.0041799545,80.2571105957,69887,69896,9
13.0031499863,80.2568893433,69896,69918,22
13.0031499863,80.2568893433,69918,69928,10
13.0029001236,80.2568283081,69928,69938,10
13.0023498535,80.256729126,69938,69948,10
13.001449585,80.2565917969,69948,70009,61
13.001449585,80.2565917969,70009,70019,10
13.0012397766,80.2565383911,70019,70029,10
13.0008001328,80.2564926147,70029,70039,10
13.0001001358,80.2563705444,70039,70049,10
12.9993696213,80.2562484741,70049,70059,10
12.9985904694,80.2561187744,70059,70079,20
12.9985904694,80.2561187744,70079,70089,10
12.9983501434,80.2560577393,70089,70099,10
12.9978199005,80.2559814453,70099,70109,10
12.9971199036,80.2559585571,70109,70120,11
12.9965000153,80.2559585571,70120,70130,10
12.9957504272,80.2559509277,70130,70140,10
12.9951200485,80.2559814453,70140,70150,10
12.9944095612,80.2560272217,70150,70160,10
12.9938001633,80.2560577393,70160,70170,10
12.9930000305,80.2561035156,70170,70180,10
12.9919700623,80.256111145,70180,70190,10
12.9911003113,80.2560806274,70190,70200,10
12.9904603958,80.256072998,70200,70210,10
12.9898395538,80.2560501099,70210,70221,11
12.9892501831,80.2560424805,70221,70231,10
12.9890003204,80.2560272217,70231,70241,10
12.9889698029,80.2560272217,70241,70251,10
12.9886598587,80.2559814453,70251,70261,10
12.9884300232,80.2559585571,70261,70271,10
12.9882698059,80.2559432983,70271,70281,10
12.9880800247,80.2559204102,70281,70291,10
12.9878501892,80.2559204102,70291,70301,10
12.9875802994,80.256149292,70301,70311,10
12.9875297546,80.2567367554,70311,70321,10
12.9874601364,80.2575378418,70321,70332,11
12.9873895645,80.2585983276,70332,70342,10
12.9872398376,80.259437561,70342,70372,30
12.9872398376,80.259437561,70372,70382,10
12.9871397018,80.2596588135,70382,70392,10
12.986989975,80.2596588135,70392,70402,10
12.986749649,80.2595977783,70402,70412,10
12.986579895,80.2593612671,70412,70422,10
12.9868297577,80.2591629028,70422,70746,324
12.9868297577,80.2591629028,70746,70756,10
12.9871501923,80.2592010498,70756,70766,10
12.9873600006,80.2589797974,70766,70786,20
12.9873600006,80.2589797974,70786,70796,10
12.9873800278,80.2586364746,70796,70806,10
12.9873800278,80.2584228516,70806,70816,10
12.9874000549,80.2580718994,70816,70826,10
12.9874401093,80.2574996948,70826,70836,10
12.9874897003,80.2569122314,70836,70847,11
12.9875602722,80.2561721802,70847,71139,292
12.9875602722,80.2561721802,71139,71149,10
12.9875297546,80.2560195923,71149,71158,9
12.9875602722,80.2558364868,71158,71170,12
12.9879302979,80.2557907104,71170,71180,10
12.9883298874,80.2558670044,71180,71190,10
12.9884004593,80.255897522,71190,71200,10
12.9886598587,80.2559280396,71200,71210,10
12.9886798859,80.2559432983,71210,71220,10
12.9889097214,80.2559890747,71220,71230,10
12.9893903732,80.2560501099,71230,71240,10
12.9895896912,80.2560577393,71240,71250,10
12.9898500443,80.2560806274,71250,71259,9
12.9900903702,80.2560882568,71259,71271,12
12.9905195236,80.256072998,71271,71281,10
12.9911403656,80.256111145,71281,71291,10
12.9919204712,80.256149292,71291,71301,10
12.9927902222,80.256111145,71301,71311,10
12.9934501648,80.2560577393,71311,71321,10
12.9937601089,80.2560272217,71321,71341,20
12.9937601089,80.2560272217,71341,71351,10
12.9941902161,80.2560424805,71351,71361,10
12.9947004318,80.2559967041,71361,71371,10
12.99518013,80.2559814453,71371,71382,11
12.9956903458,80.2559661865,71382,71392,10
12.9963197708,80.2559661865,71392,71452,60
12.9963197708,80.2559661865,71452,71462,10
12.9966201782,80.2559509277,71462,71472,10
12.9967603683,80.2559280396,71472,71483,11
12.9971704483,80.2559432983,71483,71493,10
12.9974899292,80.2559661865,71493,71503,10
12.998000145,80.2560119629,71503,71513,10
12.9988098145,80.256111145,71513,71533,20
12.9988098145,80.256111145,71533,71543,10
12.9988803864,80.256111145,71543,71553,10
12.999250412,80.2561798096,71553,71563,10
12.9997196198,80.2562713623,71563,71572,9
13.0001096725,80.256362915,71572,71584,12
13.0008201599,80.256477356,71584,71594,10
13.0013999939,80.2565765381,71594,71604,10
13.0020198822,80.2566833496,71604,71614,10
13.0026302338,80.2567825317,71614,71624,10
13.0031299591,80.2568817139,71624,71634,10
13.0036201477,80.2569732666,71634,71644,10
13.0042200089,80.2570800781,71644,71654,10
13.005200386,80.2572479248,71654,71674,20
13.005200386,80.2572479248,71674,71684,10
13.0053901672,80.2572784424,71684,71695,11
13.0056600571,80.2573623657,71695,71705,10
13.0062303543,80.2574386597,71705,71715,10
13.0065402985,80.2571563721,71715,71725,10
13.0064897537,80.2563705444,71725,71735,10
13.0064897537,80.2553787231,71735,71745,10
13.0065002441,80.2545089722,71745,71755,10
13.0065002441,80.2535018921,71755,71765,10
13.006480217,80.253036499,71765,71775,10
13.0064897537,80.2527923584,71775,71785,10
13.006480217,80.2526092529,71785,71796,11
13.006480217,80.2525405884,71796,71806,10
13.0065402985,80.2521133423,71806,71816,10
13.0066699982,80.2513885498,71816,71826,10
13.0066900253,80.2504577637,71826,71836,10
13.0066995621,80.249710083,71836,71846,10
13.0066900253,80.2491226196,71846,71856,10
13.0066404343,80.2485275269,71856,71907,51
13.0066404343,80.2485275269,71907,71917,10
13.0066795349,80.2484970093,71917,71927,10
13.0066404343,80.2482223511,71927,71937,10
13.0066204071,80.2479019165,71937,71947,10
13.0066204071,80.2475128174,71947,71957,10
13.0066299438,80.2469177246,71957,71967,10
13.0065803528,80.2467575073,71967,71977,10
13.0066204071,80.2463989258,71977,71987,10
13.0066299438,80.2457504272,71987,71997,10
13.0066099167,80.2450408936,71997,72008,11
13.0066204071,80.2443466187,72008,72018,10
13.0066003799,80.243850708,72018,72028,10
13.0065803528,80.2435379028,72028,72038,10
13.0065698624,80.2432632446,72038,72048,10
13.0065603256,80.2427825928,72048,72058,10
13.0065498352,80.2419662476,72058,72068,10
13.0066204071,80.2408370972,72068,72129,61
13.0066204071,80.2408370972,72129,72139,10
13.0066204071,80.2406921387,72139,72149,10
13.0066699982,80.2404327393,72149,72159,10
13.0067501068,80.2400665283,72159,72169,10
13.0068702698,80.2395782471,72169,72179,10
13.0069799423,80.2389907837,72179,72189,10
13.007060051,80.2385635376,72189,72199,10
13.0071401596,80.2381820679,72199,72210,11
13.0072402954,80.237739563,72210,72220,10
13.007349968,80.2371826172,72220,72230,10
13.0073604584,80.2370300293,72230,72240,10
13.0073795319,80.236869812,72240,72250,10
13.0074100494,80.2367706299,72250,72260,10
13.0074996948,80.2364883423,72260,72270,10
13.0076398849,80.2359085083,72270,72280,10
13.0077800751,80.2351531982,72280,72290,10
13.0079402924,80.2343597412,72290,72300,10
13.0081501007,80.2333908081,72300,72310,10
13.0083999634,80.2321395874,72310,72321,11
13.0086202621,80.2307510376,72321,72331,10
13.0087995529,80.2298583984,72331,72341,10
13.0088701248,80.2294616699,72341,72351,10
13.0088996887,80.2293624878,72351,72361,10
13.0089797974,80.2290267944,72361,72371,10
13.0090703964,80.2286529541,72371,72381,10
13.0091199875,80.2283477783,72381,72391,10
13.0091199875,80.2283401489,72391,72401,10
13.0091495514,80.2282562256,72401,72411,10
13.0091896057,80.2281417847,72411,72422,11
13.0092802048,80.2279281616,72422,72432,10
13.0094203949,80.2276077271,72432,72442,10
13.0095396042,80.2273406982,72442,72452,10
13.0096597672,80.2270812988,72452,72462,10
13.0097703934,80.2268295288,72462,72473,11
13.0099401474,80.2264709473,72473,72493,20
13.0099401474,80.2264709473,72493,72503,10
13.010020256,80.2263336182,72503,72513,10
13.0101900101,80.2259368896,72513,72524,11
13.0103702545,80.2255630493,72524,72534,10
13.0104999542,80.2252807617,72534,72544,10
13.0106296539,80.2249984741,72544,72554,10
13.0107898712,80.224647522,72554,72564,10
13.0110502243,80.224067688,72564,72584,20
13.0110502243,80.224067688,72584,72594,10
13.0111198425,80.2238388062,72594,72604,10
13.0113096237,80.2234573364,72604,72614,10
13.0115804672,80.2229309082,72614,72624,10
13.0117998123,80.2221298218,72624,72635,11
13.0122003555,80.2215576172,72635,72645,10
13.0124797821,80.2217636108,72645,72655,10
13.0128898621,80.2223587036,72655,72665,10
13.0135202408,80.2230377197,72665,72675,10
13.0141801834,80.2238311768,72675,72685,10
13.0148200989,80.2245483398,72685,72695,10
13.0154495239,80.2250595093,72695,72705,10
13.0157003403,80.2251968384,72705,72715,10
13.0160598755,80.2253494263,72715,72725,10
13.0167198181,80.2252731323,72725,72736,11
13.0176200867,80.2249069214,72736,72746,10
13.0184803009,80.2245483398,72746,72756,10
13.0192203522,80.2243270874,72756,72766,10
13.0192899704,80.2243423462,72766,72776,10
13.0194196701,80.2244186401,72776,72786,10
13.0195503235,80.2245330811,72786,72796,10
13.0198602676,80.2247390747,72796,72806,10
13.0202198029,80.2250213623,72806,72816,10
13.0207595825,80.2253875732,72816,72826,10
13.0214395523,80.2259063721,72826,72837,11
13.0222301483,80.2265396118,72837,72847,10
13.0229301453,80.2271499634,72847,72857,10
13.0236301422,80.2277832031,72857,72867,10
13.0242595673,80.2285232544,72867,72887,20
13.0242595673,80.2285232544,72887,72897,10
13.0242900848,80.2285995483,72897,72907,10
13.024600029,80.229019165,72907,72917,10
13.0250997543,80.2296676636,72917,72927,10
13.0256004333,80.2303924561,72927,72936,9
13.0258398056,80.2308731079,72936,72948,12
13.0259895325,80.2314605713,72948,72958,10
13.0261602402,80.2320404053,72958,72968,10
13.0263900757,80.2326202393,72968,72998,30
13.0263900757,80.2326202393,72998,73008,10
13.0265598297,80.2330169678,73008,73018,10
13.0268201828,80.2334899902,73018,73028,10
13.0271902084,80.2341079712,73028,73038,10
13.0276203156,80.2348709106,73038,73049,11
13.0281896591,80.235748291,73049,73059,10
13.0288696289,80.2365112305,73059,73069,10
13.0294599533,80.2370986938,73069,73079,10
13.0295095444,80.2372436523,73079,73089,10
13.0295200348,80.2372894287,73089,73099,10
13.0298099518,80.2376785278,73099,73109,10
13.0301704407,80.2383422852,73109,73119,10
13.0306396484,80.2390823364,73119,73129,10
13.0309295654,80.2396011353,73129,73139,10
13.0310697556,80.2399215698,73139,73149,10
13.031129837,80.2399902344,73149,73160,11
13.0313596725,80.2402801514,73160,73170,10
13.0313596725,80.240562439,73170,73180,10
13.0314102173,80.240852356,73180,73190,10
13.0316200256,80.2412490845,73190,73200,10
13.0318202972,80.2416992188,73200,73210,10
13.0321702957,80.2422790527,73210,73220,10
13.0327396393,80.242980957,73220,73230,10
13.0333404541,80.2437667847,73230,73240,10
13.0337495804,80.2444229126,73240,73249,9
13.0340003967,80.2447509766,73249,73261,12
13.0344696045,80.245300293,73261,73271,10
13.0349903107,80.245880127,73271,73281,10
13.0354700089,80.2460784912,73281,73291,10
13.0356502533,80.2461166382,73291,73301,10
13.0357599258,80.2461700439,73301,73311,10
13.0362901688,80.2463684082,73311,73321,10
13.0370597839,80.2465362549,73321,73331,10
13.0376796722,80.2464904785,73331,73341,10
13.0383701324,80.2466888428,73341,73351,10
13.0389204025,80.2468338013,73351,73362,11
13.0393400192,80.2469329834,73362,73372,10
13.0396900177,80.2470016479,73372,73382,10
13.0402498245,80.2471008301,73382,73392,10
13.0406799316,80.2471923828,73392,73402,10
13.0407495499,80.2472305298,73402,73412,10
13.0411901474,80.2473220825,73412,73422,10
13.0418395996,80.2474517822,73422,73432,10
13.0424604416,80.2476196289,73432,73442,10
13.0429000854,80.2478103638,73442,73452,10
13.0434503555,80.2479095459,73452,73462,10
13.0439901352,80.2478408813,73462,73473,11
13.0445404053,80.2479400635,73473,73483,10
13.0450201035,80.2481536865,73483,73493,10
13.0455102921,80.248336792,73493,73503,10
13.0461397171,80.2485427856,73503,73513,10
13.0467796326,80.2484893799,73513,73523,10
13.0470695496,80.2484893799,73523,73533,10
13.0473203659,80.2486190796,73533,73543,10
13.0477800369,80.2490615845,73543,73553,10
13.0482997894,80.2495574951,73553,73563,10
13.0488395691,80.249710083,73563,73574,11
13.0495195389,80.2498397827,73574,73584,10
13.0503101349,80.2499771118,73584,73594,10
13.0511302948,80.2501678467,73594,73604,10
13.0518598557,80.2505722046,73604,73614,10
13.0525197983,80.2513275146,73614,73624,10
13.0531997681,80.2522735596,73624,73634,10
13.0538597107,80.2531814575,73634,73644,10
13.0544996262,80.2540130615,73644,73654,10
13.0550603867,80.2547073364,73654,73664,10
13.0556001663,80.2554779053,73664,73675,11
13.0561504364,80.2562103271,73675,73685,10
13.0566101074,80.2566833496,73685,73695,10
13.0567302704,80.2568283081,73695,73705,10
13.0570602417,80.2571563721,73705,73715,10
13.0576200485,80.2576522827,73715,73725,10
13.0580997467,80.2581863403,73725,73735,10
13.0585699081,80.2587966919,73735,73745,10
13.059009552,80.2593078613,73745,73755,10
13.0593395233,80.2599105835,73755,73765,10
13.059800148,80.2602767944,73765,73775,10
13.0602197647,80.2607192993,73775,73786,11
13.0605297089,80.2610778809,73786,73796,10
13.0607299805,80.2613372803,73796,73806,10
13.0609502792,80.2616882324,73806,73816,10
13.0613298416,80.2621078491,73816,73826,10
13.0615797043,80.2623596191,73826,73836,10
13.0616703033,80.2625579834,73836,73846,10
13.0617198944,80.2626266479,73846,73856,10
13.0620298386,80.2630233765,73856,73866,10
13.0625295639,80.263633728,73866,73876,10
13.0628099442,80.2639465332,73876,73887,11
13.0632400513,80.2644577026,73887,73897,10
13.0636796951,80.2651901245,73897,73907,10
13.0639095306,80.2655334473,73907,73917,10
13.0642404556,80.2659378052,73917,73927,10
13.0646696091,80.2665023804,73927,73937,10
13.0648698807,80.266746521,73937,73947,10
13.0653095245,80.2671203613,73947,73957,10
13.065779686,80.267616272,73957,73967,10
13.0661096573,80.2680664063,73967,73977,10
13.0662603378,80.2682037354,73977,73988,11
13.066280365,80.2682189941,73988,73998,10
13.066450119,80.2683486938,73998,74008,10
13.0667495728,80.2685012817,74008,74018,10
13.066860199,80.2685394287,74018,74028,10
13.0669698715,80.2686080933,74028,74038,10
13.0673904419,80.2689208984,74038,74048,10
13.0679502487,80.26927948,74048,74058,10
13.06828022,80.2692718506,74058,74068,10
13.0683803558,80.2687988281,74068,74078,10
13.0685901642,80.2682723999,74078,74088,10
13.0689001083,80.2674789429,74088,74099,11
13.0693397522,80.2669067383,74099,74109,10
13.0696697235,80.2665863037,74109,74119,10
13.0700397491,80.2661972046,74119,74129,10
13.070309639,80.265953064,74129,74139,10
13.0704698563,80.2658004761,74139,74149,10
13.0709104538,80.2653579712,74149,74159,10
13.0712203979,80.2650222778,74159,74169,10
13.07172966,80.2644729614,74169,74179,10
13.0720996857,80.2640380859,74179,74189,10
13.0724496841,80.2633895874,74189,74200,11
13.0726995468,80.2627029419,74200,74210,10
13.0728197098,80.262298584,74210,74220,10
13.0728702545,80.2620620728,74220,74230,10
13.0729904175,80.2616882324,74230,74240,10
13.0731801987,80.2612609863,74240,74250,10
13.0734996796,80.2614974976,74250,74260,10
13.0736103058,80.2616195679,74260,74270,10
13.0738096237,80.2618484497,74270,74280,10
13.0741996765,80.262336731,74280,74290,10
13.0746803284,80.2629089355,74290,74301,11
13.0752000809,80.2636108398,74301,74311,10
13.0756597519,80.2641983032,74311,74321,10
13.0761203766,80.2643127441,74321,74331,10
13.076789856,80.2642211914,74331,74341,10
13.0773601532,80.2640533447,74341,74351,10
13.0774803162,80.2639465332,74351,74361,10
13.0778102875,80.263710022,74361,74371,10
13.0780897141,80.2634506226,74371,74381,10
13.0779600143,80.2629928589,74381,74391,10
13.0778398514,80.2626190186,74391,74401,10
13.0777196884,80.2622299194,74401,74412,11
13.0775699615,80.2618331909,74412,74422,10
13.0775098801,80.2616577148,74422,74432,10
13.0773801804,80.2613830566,74432,74452,20
13.0773801804,80.2613830566,74452,74462,10
13.0773000717,80.2610626221,74462,74472,10
13.0770998001,80.2606811523,74472,74482,10
13.0766801834,80.2602233887,74482,74492,10
13.0760698318,80.259727478,74492,74501,9
13.0754995346,80.2589569092,74501,74533,32
13.0754995346,80.2589569092,74533,74543,10
13.0754699707,80.2587890625,74543,74553,10
13.0754003525,80.2584533691,74553,74563,10
13.0755901337,80.2580718994,74563,74573,10
13.0760297775,80.2577362061,74573,74583,10
13.0763502121,80.2574462891,74583,74593,10
13.0765895844,80.2572174072,74593,74603,10
13.0768995285,80.2570037842,74603,74614,11
13.0773496628,80.2568130493,74614,74624,10
13.0779800415,80.2566986084,74624,74634,10
13.0786600113,80.2566680908,74634,74644,10
13.0789499283,80.2565612793,74644,74654,10
13.0790195465,80.2561035156,74654,74664,10
13.0789499283,80.2554702759,74664,74674,10
13.0788698196,80.2551498413,74674,74684,10
13.0788402557,80.2548370361,74684,74694,10
13.0793104172,80.2546386719,74694,74714,20
13.0793104172,80.2546386719,74714,74725,11
13.0794000626,80.2546463013,74725,74735,10
13.0796203613,80.2546691895,74735,74745,10
13.0798196793,80.2547073364,74745,74755,10
13.0799703598,80.254737854,74755,74765,10
13.080160141,80.2547302246,74765,74775,10
13.0805397034,80.2548065186,74775,74785,10
13.0809698105,80.2548828125,74785,74795,10
13.081410408,80.2548980713,74795,74805,10
13.0817403793,80.2545013428,74805,74815,10
13.0818195343,80.2539825439,74815,74826,11
13.0818500519,80.2533493042,74826,74836,10
13.081609726,80.2527084351,74836,74846,10
13.0813398361,80.2520294189,74846,74856,10
13.0813102722,80.2512893677,74856,74866,10
13.0813102722,80.2508926392,74866,74876,10
13.0812797546,80.2505111694,74876,74886,10
13.0812702179,80.2502670288,74886,74896,10
13.0812797546,80.2498474121,74896,74906,10
13.0817098618,80.2497406006,74906,74916,10
13.0822601318,80.2498092651,74916,74927,11
13.0827903748,80.2498931885,74927,74937,10
13.0831804276,80.249961853,74937,74947,10
13.0836400986,80.2500610352,74947,74957,10
13.0842599869,80.2501602173,74957,74967,10
13.084569931,80.2501525879,74967,74977,10
13.0847501755,80.2501831055,74977,74987,10
13.0853300095,80.2503128052,74987,74997,10
13.0856304169,80.2503890991,74997,75007,10
13.0858201981,80.2503128052,75007,75017,10
13.0858201981,80.2498016357,75017,75027,10
13.0857896805,80.2490234375,75027,75038,11
13.0857601166,80.2484207153,75038,75048,10
13.0857601166,80.2476501465,75048,75058,10
13.0857200623,80.2468490601,75058,75068,10
13.0856599808,80.24609375,75068,75078,10
13.0855798721,80.2453918457,75078,75127,49
13.0855798721,80.2453918457,75127,75139,12
13.0855903625,80.2452316284,75139,75149,10
13.0859203339,80.2449874878,75149,75159,10
13.0864696503,80.2445831299,75159,75169,10
13.0871601105,80.2439880371,75169,75179,10
13.0876197815,80.2435073853,75179,75189,10
13.0878095627,80.2429962158,75189,75199,10
13.0880002975,80.2422332764,75199,75209,10
13.0886602402,80.2417373657,75209,75219,10
13.0893201828,80.2412719727,75219,75228,9
13.0899295807,80.2409591675,75228,75240,12
13.0909700394,80.2408981323,75240,75250,10
13.0919399261,80.2409667969,75250,75260,10
13.0923595428,80.2409973145,75260,75270,10
13.0926599503,80.2410202026,75270,75280,10
13.0933799744,80.2411193848,75280,75290,10
13.0941400528,80.2412414551,75290,75300,10
13.0942001343,80.2412567139,75300,75310,10
13.0945701599,80.2413406372,75310,75320,10
13.0952501297,80.2415008545,75320,75330,10
13.0961198807,80.2417984009,75330,75391,61
13.0961198807,80.2417984009,75391,75401,10
13.096570015,80.2419509888,75401,75472,71
13.096570015,80.2419509888,75472,75482,10
13.0967597961,80.2420425415,75482,75492,10
13.0971002579,80.2421417236,75492,75593,101
13.0971002579,80.2421417236,75593,75603,10
13.0974397659,80.2422409058,75603,75613,10
13.0978097916,80.2423324585,75613,75623,10
13.0981702805,80.2423782349,75623,75633,10
13.0984802246,80.242401123,75633,75643,10
13.0986003876,80.2423171997,75643,75653,10
13.0986995697,80.2421112061,75653,75664,11
13.09856987,80.241859436,75664,75674,10
13.0984096527,80.2421569824,75674,75845,171
13.0984401703,80.2423324585,75845,75956,111
13.0980501175,80.2423706055,75956,76025,69
13.0974597931,80.2422409058,76025,76065,40
13.0965995789,80.2419586182,76065,76134,69
13.0959501266,80.2417068481,76134,76164,30
13.0935201645,80.2410964966,76164,76213,49
13.0920200348,80.2409362793,76213,76246,33
13.0894298553,80.2411804199,76246,76276,30
13.0877799988,80.2432174683,76276,76307,31
13.0867795944,80.2443389893,76307,76337,30
13.0867795944,80.2443389893,76337,76367,30
13.085559845,80.2453613281,76367,76377,10
13.085559845,80.2459182739,76377,76387,10
13.0856199265,80.2466888428,76387,76398,11
13.0856103897,80.2469329834,76398,76408,10
13.0856704712,80.2471389771,76408,76418,10
13.0856895447,80.2476425171,76418,76428,10
13.0857200623,80.2484588623,76428,76438,10
13.0857896805,80.2494812012,76438,76448,10
13.0858201981,80.2504196167,76448,76458,10
13.0857000351,80.2511062622,76458,76468,10
13.085650444,80.2517776489,76468,76478,10
13.0856103897,80.252166748,76478,76488,10
13.0855798721,80.2526016235,76488,76499,11
13.0855503082,80.2530822754,76499,76509,10
13.0855102539,80.2535095215,76509,76519,10
13.0855102539,80.2540893555,76519,76529,10
13.0855798721,80.2546386719,76529,76539,10
13.0848302841,80.2547073364,76539,76559,20
13.0848302841,80.2547073364,76559,76569,10
13.0844402313,80.2546615601,76569,76579,10
13.0839796066,80.2546081543,76579,76589,10
13.0839004517,80.2545700073,76589,76599,10
13.0836696625,80.2544937134,76599,76610,11
13.083029747,80.2544937134,76610,76620,10
13.0823497772,80.2544937134,76620,76630,10
13.0816802979,80.2547836304,76630,76640,10
13.0811300278,80.2548599243,76640,76650,10
13.0808000565,80.2548217773,76650,76660,10
13.0806503296,80.2548065186,76660,76670,10
13.0802698135,80.2547607422,76670,76690,20
13.0802698135,80.2547607422,76690,76700,10
13.0799798965,80.254699707,76700,76711,11
13.079199791,80.2546463013,76711,76741,30
13.079199791,80.2546463013,76741,76751,10
13.0789604187,80.2546081543,76751,76781,30
13.0789604187,80.2546081543,76781,76791,10
13.0789804459,80.2547225952,76791,76801,10
13.0789403915,80.2551498413,76801,76810,9
13.0789604187,80.255859375,76810,76822,12
13.0790395737,80.2565383911,76822,76852,30
13.0790395737,80.2565383911,76852,76862,10
13.0790395737,80.2566680908,76862,76872,10
13.0787496567,80.2567062378,76872,76882,10
13.0782203674,80.2566986084,76882,76892,10
13.0776596069,80.2567596436,76892,76902,10
13.0770998001,80.2568893433,76902,76912,10
13.0764904022,80.25730896,76912,76923,11
13.0760002136,80.2577972412,76923,76933,10
13.0756597519,80.2581100464,76933,76943,10
13.0754804611,80.2584991455,76943,76953,10
13.0756998062,80.2592926025,76953,76963,10
13.0763397217,80.2599563599,76963,76973,10
13.0769500732,80.260559082,76973,76983,10
13.0772399902,80.2610168457,76983,76993,10
13.0774803162,80.2615814209,76993,77003,10
13.0776700974,80.26197052,77003,77012,9
13.0777702332,80.26222229,77012,77034,22
13.0777702332,80.26222229,77034,77044,10
13.0777702332,80.2623062134,77044,77054,10
13.0778398514,80.2626190186,77054,77064,10
13.07791996,80.2629623413,77064,77074,10
13.0781698227,80.2633514404,77074,77084,10
13.0779600143,80.2635574341,77084,77094,10
13.0776700974,80.2637710571,77094,77104,10
13.0774898529,80.2638778687,77104,77114,10
13.0771398544,80.2640533447,77114,77124,10
13.07654953,80.2641677856,77124,77135,11
13.075799942,80.2642593384,77135,77145,10
13.0756502151,80.2642288208,77145,77155,10
13.0753498077,80.2637863159,77155,77165,10
13.0748796463,80.2631225586,77165,77175,10
13.0743904114,80.2624816895,77175,77185,10
13.073969841,80.26197052,77185,77195,10
13.0736703873,80.2615966797,77195,77205,10
13.0734901428,80.2614212036,77205,77215,10
13.0729999542,80.2615966797,77215,77225,10
13.0727300644,80.2623825073,77225,77236,11
13.072429657,80.2631607056,77236,77246,10
13.0722198486,80.2637176514,77246,77256,10
13.0718803406,80.264251709,77256,77266,10
13.0715703964,80.2646179199,77266,77276,10
13.071439743,80.2647399902,77276,77286,10
13.0713396072,80.2648391724,77286,77296,10
13.0710897446,80.2651367188,77296,77306,10
13.0709199905,80.2653427124,77306,77316,10
13.0705900192,80.2656784058,77316,77326,10
13.0703401566,80.2659683228,77326,77337,11
13.0700502396,80.2662277222,77337,77346,9
13.0697002411,80.2665863037,77346,77357,11
13.0692396164,80.2670211792,77357,77367,10
13.0688400269,80.267578125,77367,77377,10
13.0685596466,80.2684020996,77377,77387,10
13.0683898926,80.2689285278,77387,77397,10
13.0682401657,80.26953125,77397,77407,10
13.0681600571,80.2699966431,77407,77417,10
13.0680999756,80.2706069946,77417,77427,10
13.0678701401,80.2709579468,77427,77437,10
13.0674104691,80.2706069946,77437,77447,10
13.0668001175,80.2699966431,77447,77458,11
13.0664196014,80.2692337036,77458,77468,10
13.0663795471,80.2685699463,77468,77478,10
13.065990448,80.2679824829,77478,77488,10
13.0654697418,80.2676696777,77488,77498,10
13.0652103424,80.2676315308,77498,77508,10
13.0650596619,80.267616272,77508,77518,10
13.0645704269,80.2675170898,77518,77528,10
13.0639801025,80.2674026489,77528,77537,9
13.0633497238,80.267288208,77537,77549,12
13.0626497269,80.2670974731,77549,77559,10
13.0621500015,80.2665176392,77559,77569,10
13.0617399216,80.2659912109,77569,77579,10
13.0613203049,80.2654724121,77579,77589,10
13.0608301163,80.2652435303,77589,77599,10
13.0605897903,80.2653427124,77599,77609,10
13.060379982,80.2654418945,77609,77619,10
13.0598297119,80.2656173706,77619,77629,10
13.0593395233,80.2655487061,77629,77639,10
13.0588998795,80.2654190063,77639,77650,11
13.0586595535,80.2653808594,77650,77660,10
13.0582704544,80.2653198242,77660,77670,10
13.0580301285,80.2648391724,77670,77680,10
13.0579795837,80.2642974854,77680,77690,10
13.0579204559,80.2639923096,77690,77700,10
13.0578603745,80.2634506226,77700,77710,10
13.0578203201,80.2627716064,77710,77720,10
13.0577201843,80.262336731,77720,77730,10
13.0575799942,80.2615585327,77730,77740,10
13.0573701859,80.2606811523,77740,77750,10
13.0571203232,80.259803772,77750,77761,11
13.0568504333,80.2590103149,77761,77771,10
13.0566902161,80.2585372925,77771,77781,10
13.056599617,80.2580413818,77781,77791,10
13.0565004349,80.2574615479,77791,77801,10
13.0564603806,80.257270813,77801,77811,10
13.056429863,80.257232666,77811,77821,10
13.0563497543,80.2567977905,77821,77831,10
13.0559997559,80.2561264038,77831,77841,10
13.0554504395,80.2553634644,77841,77851,10
13.0547599792,80.2544021606,77851,77862,11
13.0541696548,80.2536392212,77862,77872,10
13.0540304184,80.2534408569,77872,77882,10
13.0536899567,80.2529296875,77882,77892,10
13.0532102585,80.252243042,77892,77902,10
13.0526399612,80.2514877319,77902,77912,10
13.0520601273,80.2507171631,77912,77922,10
13.0510997772,80.2501296997,77922,77932,10
13.0504703522,80.25,77932,77942,10
13.0501804352,80.2499389648,77942,77952,10
13.0494604111,80.2498168945,77952,77963,11
13.0484895706,80.2496490479,77963,77973,10
13.0477600098,80.2491073608,77973,77983,10
13.04708004,80.248626709,77983,77993,10
13.0469398499,80.2486190796,77993,78003,10
13.0465202332,80.2485809326,78003,78013,10
13.0457601547,80.2484207153,78013,78023,10
13.0449800491,80.2481231689,78023,78033,10
13.0440301895,80.2479705811,78033,78043,10
13.0429601669,80.2478027344,78043,78064,21
13.0429601669,80.2478027344,78064,78074,10
13.0426197052,80.2477111816,78074,78084,10
13.0422000885,80.2476501465,78084,78094,10
13.0418996811,80.2475585938,78094,78104,10
13.0416297913,80.2474975586,78104,78114,10
13.0415496826,80.2474822998,78114,78124,10
13.0410299301,80.2473297119,78124,78134,10
13.0404996872,80.247253418,78134,78144,10
13.0402097702,80.2472000122,78144,78154,10
13.0397100449,80.2470779419,78154,78164,10
13.0391702652,80.2469177246,78164,78175,11
13.0385503769,80.2467498779,78175,78185,10
13.0381202698,80.2466964722,78185,78195,10
13.0375995636,80.2466430664,78195,78205,10
13.0369796753,80.2465515137,78205,78215,10
13.0362596512,80.2464065552,78215,78225,10
13.0355596542,80.2461471558,78225,78235,10
13.0352497101,80.2460479736,78235,78245,10
13.0351800919,80.2460174561,78245,78255,10
13.0348901749,80.2457580566,78255,78265,10
13.0345897675,80.2453994751,78265,78276,11
13.0341396332,80.2448120117,78276,78286,10
13.0335798264,80.2441482544,78286,78296,10
13.0329399109,80.2433624268,78296,78306,10
13.0323600769,80.2425231934,78306,78316,10
13.0318698883,80.2417221069,78316,78326,10
13.0314302444,80.2407913208,78326,78336,10
13.031080246,80.240020752,78336,78417,81
13.031080246,80.240020752,78417,78427,10
13.031080246,80.2399902344,78427,78437,10
13.0309200287,80.239616394,78437,78447,10
13.0305595398,80.2389373779,78447,78457,10
13.0300703049,80.2380599976,78457,78467,10
13.0294704437,80.2371826172,78467,78477,10
13.0286502838,80.2362670898,78477,78488,11
13.0277500153,80.2351074219,78488,78498,10
13.0270996094,80.2340316772,78498,78508,10
13.0266599655,80.2333221436,78508,78518,10
13.026599884,80.2332000732,78518,78528,10
13.0263996124,80.2327880859,78528,78538,10
13.0261802673,80.2320632935,78538,78548,10
13.025970459,80.2312927246,78548,78558,10
13.0256099701,80.2303237915,78558,78568,10
13.0246095657,80.2289810181,78568,78589,21
13.0246095657,80.2289810181,78589,78599,10
13.0245103836,80.2288284302,78599,78609,10
13.0241804123,80.2284469604,78609,78619,10
13.0239696503,80.2282180786,78619,78629,10
13.0237398148,80.2279281616,78629,78639,10
13.0232696533,80.2274627686,78639,78649,10
13.0227003098,80.2269515991,78649,78659,10
13.0221700668,80.2264404297,78659,78669,10
13.0215196609,80.2258911133,78669,78679,10
13.0208902359,80.2253875732,78679,78689,10
13.020190239,80.2249526978,78689,78700,11
13.0193099976,80.2244796753,78700,78710,10
13.0183401108,80.224647522,78710,78720,10
13.0174598694,80.2249984741,78720,78730,10
13.016699791,80.2253265381,78730,78740,10
13.0162801743,80.2255020142,78740,78750,10
13.0156898499,80.2257080078,78750,78760,10
13.0150899887,80.2259521484,78760,78770,10
13.0144300461,80.2262191772,78770,78780,10
13.0142402649,80.226272583,78780,78790,10
13.0138597488,80.2264022827,78790,78801,11
13.0130500793,80.2267227173,78801,78811,10
13.0121097565,80.2270965576,78811,78821,10
13.0111598969,80.2274932861,78821,78831,10
13.0101099014,80.2279281616,78831,78841,10
13.00922966,80.2284011841,78841,78851,10
13.0089502335,80.2294616699,78851,78861,10
13.0087203979,80.2306213379,78861,78871,10
13.0084896088,80.2317962646,78871,78881,10
13.0082902908,80.2329483032,78881,78891,10
13.0082101822,80.2335510254,78891,78901,10
13.0081596375,80.2336807251,78901,78912,11
13.0080299377,80.2342071533,78912,78922,10
13.0078496933,80.2350311279,78922,78932,10
13.0076398849,80.2360916138,78932,78942,10
13.007399559,80.2373199463,78942,78952,10
13.0071897507,80.2384567261,78952,78962,10
13.0070400238,80.2393188477,78962,78972,10
13.0069503784,80.2397918701,78972,78982,10
13.006939888,80.2398605347,78982,78992,10
13.0068597794,80.2404403687,78992,79001,9
13.006819725,80.2408065796,79001,79013,12
13.0067396164,80.2411804199,79013,79023,10
13.0066995621,80.2419586182,79023,79033,10
13.0066900253,80.2428588867,79033,79043,10
13.0066604614,80.2438583374,79043,79053,10
13.006649971,80.2448806763,79053,79063,10
13.0066900253,80.2459869385,79063,79073,10
13.0067100525,80.2469406128,79073,79083,10
13.0066900253,80.2474822998,79083,79093,10
13.0066995621,80.2482833862,79093,79103,10
13.0067596436,80.2493667603,79103,79114,11
13.0067901611,80.2506866455,79114,79124,10
13.0067501068,80.251411438,79124,79144,20
13.0067501068,80.251411438,79144,79154,10
13.0066995621,80.251663208,79154,79164,10
13.0065603256,80.2522506714,79164,79174,10
13.0065002441,80.2530670166,79174,79184,10
13.0065002441,80.2540130615,79184,79194,10
13.0065603256,80.2548828125,79194,79204,10
13.0065803528,80.2556991577,79204,79215,11
13.0066699982,80.2571563721,79215,79245,30
13.0066699982,80.2571563721,79245,79255,10
13.0067195892,80.2573776245,79255,79265,10
13.0064601898,80.2575836182,79265,79275,10
13.0060195923,80.2574615479,79275,79285,10
13.0057001114,80.2573928833,79285,79295,10
13.0051803589,80.2572784424,79295,79305,10
13.0044698715,80.2571105957,79305,79315,10
13.0037097931,80.2569503784,79315,79326,11
13.0029201508,80.2567977905,79326,79336,10
13.0022697449,80.2566833496,79336,79346,10
13.0015697479,80.2565612793,79346,79356,10
13.0010204315,80.2565002441,79356,79366,10
13.0002498627,80.2563934326,79366,79376,10
12.9993600845,80.256187439,79376,79386,10
12.9986600876,80.2560577393,79386,79396,10
12.9986095428,80.2560424805,79396,79406,10
12.9984798431,80.2559890747,79406,79416,10
12.9982404709,80.2559661865,79416,79427,11
12.9977302551,80.2559204102,79427,79437,10
12.9970502853,80.2558898926,79437,79447,10
12.9966096878,80.2558822632,79447,79457,10
12.995929718,80.2558822632,79457,79467,10
12.9954395294,80.255897522,79467,79477,10
12.9946603775,80.2559280396,79477,79487,10
12.9937496185,80.2559967041,79487,79497,10
12.992650032,80.2560501099,79497,79507,10
12.9914197922,80.2560424805,79507,79517,10
12.9904098511,80.2560119629,79517,79528,11
12.9895496368,80.2560119629,79528,79538,10
12.9887800217,80.2559509277,79538,79548,10
12.9884700775,80.2559127808,79548,79558,10
12.9881496429,80.2558364868,79558,79568,10
12.9876403809,80.255859375,79568,79578,10
12.9875402451,80.2565231323,79578,79588,10
12.9874696732,80.2574081421,79588,79598,10
12.9874000549,80.2583465576,79598,79608,10
12.9873399734,80.2590408325,79608,79618,10
12.9872198105,80.2594680786,79618,79628,10
12.987159729,80.2595672607,79628,79639,11
12.9871196747,80.2595825195,79639,79649,10
12.9869499207,80.2595367432,79649,79659,10
12.9866104126,80.2594299316,79659,79669,10
12.9866199493,80.259147644,79669,79679,10
12.9868097305,80.2590713501,79679,79689,10
12.9870004654,80.2591094971,79689,79699,10
12.9871397018,80.2591323853,79699,79709,10
12.9872703552,80.259147644,79709,79719,10
12.9873800278,80.2589263916,79719,79729,10
12.9874095917,80.2586669922,79729,79740,11
12.9874095917,80.2583694458,79740,79750,10
12.9874095917,80.2582168579,79750,79760,10
12.9874296188,80.2578125,79760,79770,10
12.9874696732,80.2572479248,79770,79780,10
12.9875202179,80.2565307617,79780,79790,10
12.9875602722,80.2559967041,79790,79830,40
12.9875602722,80.2559967041,79830,79841,11
12.9877004623,80.2557296753,79841,79851,10
12.9880304337,80.2557830811,79851,79861,10
12.9883203506,80.2558517456,79861,79871,10
12.9883403778,80.2558670044,79871,79881,10
12.9885797501,80.255897522,79881,79891,10
12.9889802933,80.2559509277,79891,79901,10
12.9895296097,80.2559967041,79901,79911,10
12.9902000427,80.2560424805,79911,79921,10
12.9906301498,80.2560272217,79921,79931,10
12.991350174,80.2560501099,79931,79941,10
12.9921703339,80.2560424805,79941,79952,11
12.9931201935,80.2560119629,79952,79962,10
12.9939498901,80.2559585571,79962,79972,10
12.9947595596,80.2558898926,79972,79982,10
12.99559021,80.2558670044,79982,79992,10
12.9963598251,80.2558670044,79992,80002,10
12.9969596863,80.2558670044,80002,80012,10
12.9974298477,80.2558898926,80012,80022,10
12.997710228,80.2559890747,80022,80032,10
12.9976902008,80.256187439,80032,80042,10
12.9978103638,80.2566833496,80042,80073,31
12.9978103638,80.2566833496,80073,80083,10
12.9978199005,80.256729126,80083,80093,10
12.997710228,80.2570724487,80093,80103,10
