12.9982700348,80.2566223145,11,7131,7120
12.9983797073,80.2566833496,7131,7375,244
12.9982995987,80.2567062378,7375,8420,1045
12.9982995987,80.2567062378,8420,19523,11103
12.9984397888,80.2567214966,19523,19829,306
12.9984397888,80.2567214966,19829,19840,11
12.9982500076,80.2566223145,19840,19850,10
12.9981403351,80.2564086914,19850,19860,10
12.9978103638,80.2563781738,19860,19921,61
12.9978103638,80.2563781738,19921,19931,10
12.9976596832,80.2562484741,19931,20022,91
12.9976596832,80.2562484741,20022,20032,10
12.9975595474,80.2559204102,20032,20042,10
12.9972000122,80.2559127808,20042,20052,10
12.9969596863,80.2561569214,20052,20164,112
12.9969596863,80.2561569214,20164,20521,357
12.9970397949,80.2562332153,20521,20534,13
12.9969797134,80.2563781738,20534,20544,10
12.9968900681,80.2568435669,20544,20554,10
12.9968204498,80.257522583,20554,20564,10
12.996720314,80.2583618164,20564,20574,10
12.9966402054,80.2591171265,20574,20583,9
12.9965600967,80.2597198486,20583,20595,12
12.9964895248,80.2606124878,20595,20605,10
12.9964103699,80.2613372803,20605,20615,10
12.9963502884,80.2619400024,20615,20625,10
12.9962902069,80.2624130249,20625,20635,10
12.9962301254,80.2628936768,20635,20638,3
12.996219635,80.2629776001,20638,20843,205
12.996219635,80.2629776001,20843,20853,10
12.9961795807,80.2632827759,20853,20863,10
12.9961204529,80.263923645,20863,20873,10
12.9960403442,80.2646408081,20873,20883,10
12.9962396622,80.2647781372,20883,20893,10
12.9966402054,80.2648086548,20893,20903,10
12.9971599579,80.2648620605,20903,20914,11
12.9978599548,80.2649536133,20914,20924,10
12.9985399246,80.2650299072,20924,20934,10
12.9993000031,80.26512146,20934,20944,10
12.9999904633,80.2652130127,20944,20954,10
13.0002603531,80.2653121948,20954,20964,10
13.0002403259,80.2656173706,20964,20974,10
13.0003404617,80.2658615112,20974,20984,10
13.0003004074,80.266418457,20984,21015,31
13.0003004074,80.266418457,21015,21025,10
13.0003700256,80.2667694092,21025,21035,10
13.0001296997,80.2668991089,21035,21045,10
12.9995698929,80.2670516968,21045,21055,10
12.9989099503,80.2671966553,21055,21065,10
12.9981603622,80.2674179077,21065,21075,10
12.9974098206,80.2676467896,21075,21085,10
12.9965896606,80.2678222656,21085,21095,10
12.9958600998,80.2677612305,21095,21105,10
12.9956598282,80.2675094604,21105,21116,11
12.9956598282,80.2674026489,21116,21126,10
12.9956598282,80.2673568726,21126,21136,10
12.9957199097,80.2668991089,21136,21146,10
12.9958095551,80.2660827637,21146,21156,10
12.9959001541,80.2652282715,21156,21166,10
12.9960002899,80.2643508911,21166,21176,10
12.9960803986,80.2636489868,21176,21186,10
12.9961204529,80.263130188,21186,21196,10
12.9961795807,80.262512207,21196,21206,10
12.9961900711,80.2624816895,21206,21216,10
12.9962501526,80.2620391846,21216,21227,11
12.996339798,80.2613220215,21227,21237,10
12.9964399338,80.2604598999,21237,21247,10
12.9965295792,80.2593917847,21247,21257,10
12.9966402054,80.2584381104,21257,21267,10
12.996720314,80.2575378418,21267,21277,10
12.9968204498,80.2566375732,21277,21286,9
12.9968500137,80.2562026978,21286,21297,11
12.9968795776,80.2559585571,21297,21307,10
12.9971399307,80.255821228,21307,21317,10
12.9978599548,80.2558898926,21317,21328,11
12.9986400604,80.2559814453,21328,21338,10
12.9987297058,80.2559890747,21338,21348,10
12.9988002777,80.2560195923,21348,21358,10
12.9992704391,80.256111145,21358,21367,9
12.9998197556,80.2562179565,21367,21378,11
13.0008296967,80.256401062,21378,21388,10
13.0015697479,80.2565231323,21388,21398,10
13.0024204254,80.2566604614,21398,21408,10
13.0033397675,80.2568511963,21408,21418,10
13.0042800903,80.257019043,21418,21429,11
13.0053901672,80.2572174072,21429,21439,10
13.0062303543,80.2574005127,21439,21449,10
13.0065097809,80.2571487427,21449,21459,10
13.0065097809,80.256401062,21459,21469,10
13.0065002441,80.2555389404,21469,21479,10
13.006529808,80.254699707,21479,21489,10
13.0065002441,80.2537078857,21489,21499,10
13.0065002441,80.2531967163,21499,21509,10
13.0065202713,80.2528915405,21509,21519,10
13.0065698624,80.2522583008,21519,21529,10
13.0066795349,80.2515182495,21529,21540,11
13.0067396164,80.2504119873,21540,21550,10
13.0067396164,80.2493362427,21550,21560,10
13.0066795349,80.248298645,21560,21570,10
13.0066299438,80.2474594116,21570,21600,30
13.0066299438,80.2474594116,21600,21610,10
13.006649971,80.247253418,21610,21620,10
13.0066299438,80.2467727661,21620,21630,10
13.0066003799,80.2465133667,21630,21641,11
13.0066604614,80.2461776733,21641,21651,10
13.006649971,80.2455062866,21651,21661,10
13.0066404343,80.2446975708,21661,21671,10
13.0066299438,80.2437820435,21671,21681,10
13.0066003799,80.2427597046,21681,21690,9
13.0065803528,80.2417221069,21690,21701,11
13.0066699982,80.2406616211,21701,21711,10
13.0068998337,80.2394638062,21711,21721,10
13.0070695877,80.2384872437,21721,21731,10
13.0073604584,80.2371520996,21731,21741,10
13.0073795319,80.2367782593,21741,21752,11
13.0074195862,80.2366485596,21752,21762,10
13.0075597763,80.2361984253,21762,21772,10
13.0077295303,80.2353897095,21772,21782,10
13.0079498291,80.2343673706,21782,21792,10
13.0081300735,80.2334365845,21792,21802,10
13.0084600449,80.2317581177,21802,21812,10
13.0087299347,80.2303314209,21812,21822,10
13.0089998245,80.2289581299,21822,21832,10
13.0092802048,80.2279281616,21832,21842,10
13.0098304749,80.2266921997,21842,21852,10
13.0102500916,80.2258682251,21852,21863,11
13.0107297897,80.224861145,21863,21873,10
13.0111198425,80.2239227295,21873,21883,10
13.0114297867,80.2230987549,21883,21893,10
13.0117301941,80.2223205566,21893,21903,10
13.0120201111,80.2215499878,21903,21913,10
13.0123796463,80.2214736938,21913,21923,10
13.0127696991,80.2220230103,21923,21933,10
13.0133304596,80.2225570679,21933,21943,10
13.0138702393,80.2232208252,21943,21953,10
13.0142602921,80.2236862183,21953,21963,10
13.0146503448,80.2242584229,21963,21974,11
13.0153398514,80.2248687744,21974,21983,9
13.0154895782,80.224937439,21983,21994,11
13.0156803131,80.2251663208,21994,22004,10
13.0162401199,80.2253189087,22004,22014,10
13.0170898438,80.2250900269,22014,22024,10
13.0180301666,80.2247009277,22024,22034,10
13.0187902451,80.2243804932,22034,22044,10
13.0193004608,80.224281311,22044,22054,10
13.0193395615,80.224281311,22054,22064,10
13.0193996429,80.2243118286,22064,22074,10
13.0196199417,80.2244567871,22074,22085,11
13.0202198029,80.224861145,22085,22095,10
13.0208997726,80.2253570557,22095,22105,10
13.0217199326,80.2259902954,22105,22115,10
13.0226402283,80.2267303467,22115,22125,10
13.0235395432,80.2275466919,22125,22135,10
13.0242996216,80.2284011841,22135,22145,10
13.024889946,80.2291564941,22145,22155,10
13.0255203247,80.2299728394,22155,22165,10
13.0260000229,80.2309265137,22165,22175,10
13.0262098312,80.2313308716,22175,22185,10
13.0267801285,80.2311782837,22185,22196,11
13.0276098251,80.23097229,22196,22206,10
13.028380394,80.2308807373,22206,22216,10
13.0284996033,80.2308578491,22216,22226,10
13.0287799835,80.2308425903,22226,22236,10
13.0293598175,80.2307815552,22236,22246,10
13.0300502777,80.23072052,22246,22256,10
13.0306797028,80.2306289673,22256,22266,10
13.0306501389,80.2302322388,22266,22276,10
13.0303897858,80.2294769287,22276,22286,10
13.0303297043,80.2286605835,22286,22297,11
13.030380249,80.2282714844,22297,22307,10
13.0303897858,80.2281723022,22307,22317,10
13.0304002762,80.2278594971,22317,22327,10
13.0303096771,80.2275085449,22327,22337,10
13.0296096802,80.2273712158,22337,22347,10
13.0288095474,80.2272415161,22347,22357,10
13.0286998749,80.2272262573,22357,22367,10
13.0282897949,80.227142334,22367,22377,10
13.0279502869,80.2270278931,22377,22387,10
13.0278997421,80.2267303467,22387,22397,10
13.0280399323,80.2261123657,22397,22408,11
13.028260231,80.2250823975,22408,22418,10
13.028429985,80.2241210938,22418,22428,10
13.0286903381,80.2239837646,22428,22438,10
13.0287799835,80.2239837646,22438,22448,10
13.0290699005,80.2241897583,22448,22458,10
13.0296096802,80.2242584229,22458,22468,10
13.0303497314,80.224281311,22468,22478,10
13.0310697556,80.2242507935,22478,22488,10
13.031129837,80.2238311768,22488,22498,10
13.0311803818,80.2232284546,22498,22508,10
13.0312099457,80.2231292725,22508,22524,16
13.0315198898,80.2223587036,22524,22537,13
13.0319004059,80.2215270996,22537,22547,10
13.0321397781,80.2205886841,22547,22557,10
13.0321598053,80.2199325562,22557,22567,10
13.0321702957,80.2193984985,22567,22577,10
13.0321397781,80.2186203003,22577,22587,10
13.03166008,80.2184295654,22587,22597,10
13.0314502716,80.2177810669,22597,22607,10
13.0314102173,80.2171020508,22607,22617,10
13.0312004089,80.2169876099,22617,22627,10
13.0306997299,80.2169494629,22627,22638,11
13.0304498672,80.2166595459,22638,22648,10
13.0304403305,80.2164611816,22648,22669,21
13.0303602219,80.2150802612,22669,22681,12
13.0304002762,80.2143173218,22681,22691,10
13.0304603577,80.2137069702,22691,22701,10
13.0305099487,80.2134933472,22701,22711,10
13.0305995941,80.2130279541,22711,22721,10
13.0306797028,80.2122802734,22721,22731,10
13.0307703018,80.2116775513,22731,22742,11
13.03083992,80.2113113403,22742,22751,9
13.0308599472,80.2110290527,22751,22763,12
13.030960083,80.210357666,22763,22773,10
13.0309696198,80.2101364136,22773,22783,10
13.0307703018,80.2100219727,22783,22793,10
13.0302200317,80.2098464966,22793,22803,10
13.0301198959,80.2091903687,22803,22823,20
13.0302200317,80.2090911865,22823,22843,20
13.0302200317,80.2090911865,22843,22854,11
13.0306396484,80.2091217041,22854,22864,10
13.0312595367,80.2092514038,22864,22874,10
13.0316095352,80.2093505859,22874,22884,10
13.0317001343,80.2093887329,22884,22894,10
13.0322704315,80.2095184326,22894,22904,10
13.0330696106,80.2096481323,22904,22914,10
13.0339803696,80.2098083496,22914,22924,10
13.0349197388,80.2099304199,22924,22934,10
13.0351800919,80.2093276978,22934,22944,10
13.0352602005,80.2086410522,22944,22954,10
13.0352802277,80.2085418701,22954,22965,11
13.0353603363,80.2079162598,22965,22975,10
13.0355195999,80.2069778442,22975,22985,10
13.0356502533,80.2061004639,22985,22995,10
13.0356798172,80.2058868408,22995,23005,10
13.0357599258,80.2053222656,23005,23015,10
13.035779953,80.2051391602,23015,23025,10
13.0358400345,80.2048187256,23025,23035,10
13.035900116,80.2043762207,23035,23045,10
13.0360097885,80.2037582397,23045,23055,10
13.0361204147,80.2029037476,23055,23065,10
13.0362596512,80.2019271851,23065,23076,11
13.0362997055,80.2015228271,23076,23086,10
13.0363502502,80.2013702393,23086,23096,10
13.036450386,80.2007980347,23096,23106,10
13.0365695953,80.1999664307,23106,23116,10
13.0367298126,80.1987228394,23116,23126,10
13.0367803574,80.1983566284,23126,23136,10
13.0368299484,80.1979980469,23136,23146,10
13.036939621,80.197303772,23146,23156,10
13.0370597839,80.1964263916,23156,23166,10
13.0370903015,80.1963195801,23166,23177,11
13.0371599197,80.1958618164,23177,23187,10
13.0372800827,80.1951828003,23187,23197,10
13.0374097824,80.1943206787,23197,23207,10
13.0375299454,80.1933822632,23207,23217,10
13.0377197266,80.1928024292,23217,23227,10
13.0381803513,80.1927490234,23227,23237,10
13.0387401581,80.192817688,23237,23247,10
13.0388402939,80.1928405762,23247,23257,10
13.0391798019,80.1929092407,23257,23267,10
13.0397596359,80.1930007935,23267,23277,10
13.0404996872,80.1930999756,23277,23288,11
13.0414199829,80.1932525635,23288,23298,10
13.0418395996,80.1934814453,23298,23308,10
13.0417699814,80.1941375732,23308,23318,10
13.0416402817,80.1950073242,23318,23328,10
13.0415496826,80.1956176758,23328,23338,10
13.0414800644,80.1961364746,23338,23348,10
13.0413999557,80.1967163086,23348,23358,10
13.0413999557,80.1967697144,23358,23368,10
13.0413398743,80.1972579956,23368,23378,10
13.0412197113,80.1980209351,23378,23388,10
13.0410804749,80.1988983154,23388,23399,11
13.0410404205,80.1993179321,23399,23409,10
13.0410203934,80.1994934082,23409,23419,10
13.04088974,80.2000732422,23419,23429,10
13.0407800674,80.2009811401,23429,23439,10
13.0406999588,80.2017593384,23439,23449,10
13.0406398773,80.2021636963,23449,23459,10
13.0405397415,80.2028274536,23459,23469,10
13.0403995514,80.2037277222,23469,23479,10
13.0402698517,80.204536438,23479,23489,10
13.0402803421,80.2050323486,23489,23499,10
13.040719986,80.2051010132,23499,23510,11
13.0412397385,80.2051620483,23510,23520,10
13.0413999557,80.2051773071,23520,23530,10
13.041970253,80.2052536011,23530,23540,10
13.0426101685,80.2054595947,23540,23550,10
13.0430202484,80.2060775757,23550,23560,10
13.0436296463,80.2068634033,23560,23570,10
13.0440196991,80.2075424194,23570,23580,10
13.0441503525,80.2084121704,23580,23590,10
13.0441703796,80.2089767456,23590,23600,10
13.0441799164,80.2091293335,23600,23610,10
13.0441999435,80.2095413208,23610,23621,11
13.0442495346,80.2102890015,23621,23631,10
13.044260025,80.2112426758,23631,23641,10
13.0443401337,80.2121429443,23641,23651,10
13.0447797775,80.2122497559,23651,23661,10
13.0457000732,80.2122192383,23661,23671,10
13.0468597412,80.2121505737,23671,23681,10
13.0471000671,80.2119598389,23681,23697,16
13.0470895767,80.2117767334,23697,23709,12
13.04708004,80.2113189697,23709,23719,10
13.0470600128,80.2109527588,23719,23730,11
13.0474100113,80.2107467651,23730,23740,10
13.04804039,80.2107620239,23740,23749,9
13.0487003326,80.2107772827,23749,23760,11
13.0494699478,80.2108001709,23760,23770,10
13.0496797562,80.210647583,23770,23780,10
13.0496196747,80.2101135254,23780,23789,9
13.0495100021,80.2094802856,23789,23800,11
13.0493803024,80.208480835,23800,23810,10
13.0490703583,80.2075576782,23810,23820,10
13.0488700867,80.2070770264,23820,23830,10
13.0488595963,80.2070770264,23830,23841,11
13.0488595963,80.2069320679,23841,23851,10
13.0490102768,80.2068099976,23851,23861,10
13.0492401123,80.2068405151,23861,23871,10
13.0492696762,80.2071762085,23871,24799,928
13.0492696762,80.2071762085,24799,24809,10
13.0492696762,80.2073974609,24809,24820,11
13.0491695404,80.2073974609,24820,24830,10
13.0491304398,80.2075881958,24830,24840,10
13.0492601395,80.2080001831,24840,24850,10
13.0494403839,80.2087020874,24850,24860,10
13.0495796204,80.2095794678,24860,24870,10
13.0497102737,80.2104721069,24870,24880,10
13.0497999191,80.2111434937,24880,24890,10
13.0498800278,80.2116165161,24890,24920,30
13.0498800278,80.2116165161,24920,24931,11
13.049949646,80.2118377686,24931,24941,10
13.0499401093,80.2121429443,24941,24951,10
13.0497198105,80.2121963501,24951,24960,9
13.0495700836,80.2121963501,24960,24971,11
13.0493803024,80.2122116089,24971,24981,10
13.0488004684,80.2121963501,24981,24991,10
13.04804039,80.2122421265,24991,25001,10
13.0471000671,80.2123031616,25001,25011,10
13.0460596085,80.2123336792,25011,25021,10
13.0447301865,80.2123794556,25021,25072,51
13.0447301865,80.2123794556,25072,25082,10
13.0445098877,80.2123184204,25082,25092,10
13.0442199707,80.212097168,25092,25108,16
13.0441904068,80.2109985352,25108,25120,12
13.0441598892,80.2100372314,25120,25128,8
13.0441303253,80.2093582153,25128,25139,11
13.0440797806,80.2088699341,25139,25151,12
13.044090271,80.2085800171,25151,25161,10
13.0440597534,80.207901001,25161,25171,10
13.0437602997,80.2071609497,25171,25181,10
13.0432796478,80.2064666748,25181,25191,10
13.0426797867,80.2056808472,25191,25201,10
13.0419197083,80.2053222656,25201,25211,10
13.0415000916,80.2052536011,25211,25221,10
13.0410499573,80.2051773071,25221,25231,10
13.0408401489,80.2051696777,25231,25241,10
13.040599823,80.2051391602,25241,25251,10
13.0400800705,80.2050704956,25251,25262,11
13.0393400192,80.2049636841,25262,25272,10
13.0386600494,80.2048568726,25272,25282,10
13.0382404327,80.2048034668,25282,25292,10
13.0381498337,80.2045822144,25292,25302,10
13.0382204056,80.2041320801,25302,25312,10
13.038310051,80.2033996582,25312,25322,10
13.0384302139,80.2025985718,25322,25332,10
13.0384998322,80.2022018433,25332,25342,10
13.0385198593,80.2021102905,25342,25352,10
13.0385599136,80.2018203735,25352,25362,10
13.038599968,80.2014007568,25362,25373,11
13.0386896133,80.2007827759,25373,25383,10
13.038769722,80.2001495361,25383,25393,10
13.0388803482,80.1994400024,25393,25403,10
13.0389003754,80.19921875,25403,25413,10
13.0389604568,80.1989212036,25413,25423,10
13.0390396118,80.1983337402,25423,25433,10
13.0391397476,80.1976165771,25433,25443,10
13.0392398834,80.1969528198,25443,25453,10
13.0392799377,80.1968307495,25453,25463,10
13.0393104553,80.1965332031,25463,25473,10
13.0393695831,80.1960983276,25473,25484,11
13.0394897461,80.1952285767,25484,25494,10
13.0395803452,80.1944580078,25494,25504,10
13.0397596359,80.1931610107,25504,25524,20
13.0397596359,80.1931610107,25524,25534,10
13.0396203995,80.1930236816,25534,25544,10
13.0391302109,80.1929473877,25544,25554,10
13.0388498306,80.1929092407,25554,25564,10
13.0387201309,80.1928863525,25564,25574,10
13.038479805,80.1928482056,25574,25584,10
13.0380096436,80.1928405762,25584,25595,11
13.037610054,80.1934280396,25595,25605,10
13.0374803543,80.1943588257,25605,25615,10
13.0373401642,80.1954269409,25615,25625,10
13.0372896194,80.1959381104,25625,25635,10
13.0372800827,80.1960601807,25635,25645,10
13.0372400284,80.1961517334,25645,25655,10
13.0371599197,80.1965713501,25655,25665,10
13.0370502472,80.1973114014,25665,25675,10
13.0369300842,80.1981201172,25675,25685,10
13.036860466,80.198677063,25685,25706,21
13.036860466,80.198677063,25706,25716,10
13.0367803574,80.1990737915,25716,25726,10
13.0366897583,80.1996078491,25726,25736,10
13.0365800858,80.2003479004,25736,25746,10
13.03647995,80.2012329102,25746,25756,10
13.0364303589,80.2016906738,25756,25766,10
13.0364198685,80.2017364502,25766,25776,10
13.0363798141,80.2019577026,25776,25786,10
13.0362701416,80.2024917603,25786,25796,10
13.0361604691,80.2032928467,25796,25806,10
13.0360603333,80.2040710449,25806,25817,11
13.0359697342,80.2047729492,25817,25827,10
13.0358600616,80.2055587769,25827,25837,10
13.0358200073,80.2058410645,25837,25853,16
13.0357503891,80.2062835693,25853,25865,12
13.0355997086,80.2072601318,25865,25873,8
13.0354995728,80.2082519531,25873,25894,21
13.0354995728,80.2082519531,25894,25905,11
13.0354700089,80.2084274292,25905,25915,10
13.0353603363,80.2089385986,25915,25926,11
13.0352401733,80.2096862793,25926,25936,10
13.0351400375,80.2103500366,25936,25946,10
13.0349302292,80.2109222412,25946,25956,10
13.0347995758,80.2117462158,25956,25966,10
13.0345001221,80.2121276855,25966,25976,10
13.0337896347,80.2120437622,25976,25986,10
13.0326004028,80.2119293213,25986,26006,20
13.0326004028,80.2119293213,26006,26016,10
13.0322599411,80.2118682861,26016,26026,10
13.0319004059,80.2116012573,26026,26037,11
13.0319900513,80.2108001709,26037,26047,10
13.0321102142,80.2098999023,26047,26064,17
13.0312004089,80.2094116211,26064,26076,12
13.0302801132,80.209197998,26076,26086,10
13.0301303864,80.2093429565,26086,26095,9
13.0300598145,80.2096099854,26095,26106,11
13.0300302505,80.2096862793,26106,26116,10
13.0304203033,80.2098999023,26116,26126,10
13.0308904648,80.2100067139,26126,26136,10
13.0310001373,80.2101821899,26136,26147,11
13.030960083,80.2105636597,26147,26158,11
13.0309000015,80.2110900879,26158,26168,10
13.0308504105,80.21144104,26168,26178,10
13.0308103561,80.2117614746,26178,26188,10
13.0306997299,80.2122879028,26188,26198,10
13.0305700302,80.2131576538,26198,26208,10
13.0305299759,80.2135772705,26208,26218,10
13.030500412,80.2138137817,26218,26228,10
13.0304098129,80.2144165039,26228,26238,10
13.0303897858,80.2147369385,26238,26248,10
13.0303897858,80.2149429321,26248,26259,11
13.030380249,80.2155990601,26259,26269,10
13.0303897858,80.2161712646,26269,26279,10
13.0304498672,80.2168579102,26279,26289,10
13.030670166,80.2169036865,26289,26299,10
13.0309495926,80.2169189453,26299,26309,10
13.0312995911,80.2169494629,26309,26319,10
13.0315103531,80.2172470093,26319,26329,10
13.0315599442,80.2179870605,26329,26339,10
13.0319499969,80.2183990479,26339,26349,10
13.0322599411,80.21875,26349,26360,11
13.0322399139,80.2195205688,26360,26370,10
13.0322599411,80.220161438,26370,26380,10
13.0322599411,80.2202301025,26380,26390,10
13.0322399139,80.2204437256,26390,26400,10
13.032119751,80.2210617065,26400,26409,9
13.0319004059,80.2217025757,26409,26420,11
13.0315599442,80.2223587036,26420,26430,10
13.03125,80.2230834961,26430,26440,10
13.0311899185,80.2237167358,26440,26450,10
13.0312004089,80.2239608765,26450,26460,10
13.0312099457,80.2242279053,26460,26471,11
13.0307197571,80.2243118286,26471,26481,10
13.0298404694,80.2242965698,26481,26491,10
13.0291500092,80.224281311,26491,26501,10
13.0291004181,80.224281311,26501,26511,10
13.0288801193,80.2241668701,26511,26521,10
13.0285701752,80.2241287231,26521,26531,10
13.0284099579,80.224571228,26531,26541,10
13.0282802582,80.2252578735,26541,26551,10
13.0281000137,80.2260971069,26551,26567,16
13.0279798508,80.2267913818,26567,26579,12
13.0280199051,80.2270202637,26579,26590,11
13.0282802582,80.2270812988,26590,26599,9
13.0290002823,80.2272109985,26599,26610,11
13.029709816,80.2273406982,26610,26620,10
13.030380249,80.2274475098,26620,26630,10
13.0304498672,80.2277832031,26630,26640,10
13.0303897858,80.2281799316,26640,26650,10
13.030380249,80.2282867432,26650,26660,10
13.0303401947,80.2287216187,26660,26670,10
13.0303602219,80.2293624878,26670,26680,10
13.0306501389,80.2301101685,26680,26691,11
13.0307302475,80.2306594849,26691,26701,10
13.0303401947,80.2307815552,26701,26710,9
13.0299100876,80.2308425903,26710,26720,10
13.0298299789,80.2308731079,26720,26731,11
13.0296802521,80.2308807373,26731,26741,10
13.0294799805,80.2308883667,26741,26751,10
13.0290298462,80.2308883667,26751,26761,10
13.0284404755,80.2309417725,26761,26771,10
13.0277996063,80.231010437,26771,26781,10
13.0276403427,80.2311935425,26781,26791,10
13.027680397,80.2316513062,26791,26802,11
13.0277395248,80.2321472168,26802,26812,10
13.0278701782,80.2326507568,26812,26822,10
13.0275697708,80.2328491211,26822,26832,10
13.0273303986,80.2329101563,26832,26842,10
13.0271997452,80.232963562,26842,26852,10
13.027179718,80.2329788208,26852,26862,10
13.0271196365,80.2330093384,26862,26872,10
13.02684021,80.2330322266,26872,26882,10
13.0264396667,80.2329177856,26882,26892,10
13.026260376,80.2323303223,26892,26902,10
13.026049614,80.2315826416,26902,26913,11
13.0257797241,80.2307128906,26913,26923,10
13.0251998901,80.2297973633,26923,26933,10
13.024600029,80.2290420532,26933,26943,10
13.0239200592,80.2282409668,26943,26963,20
13.0239200592,80.2282409668,26963,26973,10
13.0237197876,80.2279891968,26973,26983,10
13.0234203339,80.2276916504,26983,26993,10
13.0230302811,80.2272872925,26993,27003,10
13.022480011,80.2267837524,27003,27013,10
13.02202034,80.2263870239,27013,27024,11
13.0214595795,80.2259368896,27024,27034,10
13.0209302902,80.2255096436,27034,27044,10
13.0202598572,80.2250289917,27044,27053,9
13.0195503235,80.2245788574,27053,27064,11
13.0185203552,80.2246017456,27064,27074,10
13.0175104141,80.2250213623,27074,27084,10
13.0166797638,80.2253570557,27084,27093,9
13.0160703659,80.2256088257,27093,27104,11
13.0153102875,80.2258911133,27104,27113,9
13.0146198273,80.2261810303,27113,27124,11
13.0143404007,80.2262878418,27124,27135,11
13.0143003464,80.2263031006,27135,27145,10
13.0138397217,80.2264709473,27145,27155,10
13.0130596161,80.2267608643,27155,27165,10
13.0121097565,80.2271118164,27165,27175,10
13.0109996796,80.2275772095,27175,27185,10
13.0099496841,80.228012085,27185,27195,10
13.009180069,80.2284927368,27195,27205,10
13.0089998245,80.2294082642,27205,27215,10
13.0088100433,80.2304077148,27215,27225,10
13.0086297989,80.2313995361,27225,27235,10
13.0084600449,80.2323226929,27235,27246,11
13.0082998276,80.2334136963,27246,27256,10
13.0082597733,80.2336196899,27256,27266,10
13.0082101822,80.2337417603,27266,27276,10
13.0080900192,80.2342987061,27276,27286,10
13.0079202652,80.2350921631,27286,27296,10
13.0077400208,80.236038208,27296,27306,10
13.0075597763,80.2369232178,27306,27316,10
13.0073699951,80.2378463745,27316,27326,10
13.0072002411,80.2388000488,27326,27336,10
13.006939888,80.2400970459,27336,27387,51
13.006939888,80.2400970459,27387,27396,9
13.0070199966,80.2402191162,27396,27407,11
13.0069198608,80.240737915,27407,27417,10
13.0068798065,80.2407989502,27417,27427,10
13.0067996979,80.2412796021,27427,27437,10
13.006770134,80.2421112061,27437,27447,10
13.0067501068,80.2429199219,27447,27458,11
13.0067501068,80.2434234619,27458,27468,10
13.0067300797,80.2437591553,27468,27508,40
13.0067300797,80.2437591553,27508,27518,10
13.0066995621,80.2441177368,27518,27528,10
13.0067100525,80.2446212769,27528,27538,10
13.0067100525,80.2451477051,27538,27548,10
13.0067396164,80.2457199097,27548,27558,10
13.0067501068,80.2465209961,27558,27569,11
13.0067596436,80.2474212646,27569,27579,10
13.0067796707,80.2483825684,27579,27589,10
13.0068101883,80.2489471436,27589,27599,10
13.0069198608,80.2495803833,27599,27619,20
13.0069198608,80.2495803833,27619,27629,10
13.0068998337,80.2498092651,27629,27639,10
13.0068798065,80.2505187988,27639,27649,10
13.0068502426,80.2515029907,27649,27690,41
13.0068502426,80.2515029907,27690,27700,10
13.0067396164,80.2519683838,27700,27710,10
13.0066003799,80.2527236938,27710,27720,10
13.0066003799,80.2536697388,27720,27730,10
13.0066604614,80.2546310425,27730,27740,10
13.0066795349,80.2549591064,27740,27750,10
13.0066604614,80.2550811768,27750,27760,10
13.006649971,80.2556610107,27760,27770,10
13.006649971,80.2565002441,27770,27780,10
13.0067596436,80.2572097778,27780,27811,31
13.0068397522,80.2572097778,27811,27841,30
13.0068397522,80.2572097778,27841,27851,10
13.0068302155,80.2573394775,27851,27861,10
13.0065698624,80.25756073,27861,27871,10
13.0059499741,80.2574615479,27871,27881,10
13.005490303,80.2573699951,27881,27891,10
13.0053300858,80.257270813,27891,27902,11
13.00522995,80.2572402954,27902,27912,10
13.0049295425,80.2571716309,27912,27922,10
13.0042896271,80.2570495605,27922,27932,10
13.0032997131,80.2568664551,27932,27942,10
13.0024299622,80.2566986084,27942,27952,10
13.0014400482,80.2565765381,27952,27962,10
13.0004997253,80.2564086914,27962,27972,10
12.9998998642,80.2563400269,27972,27982,10
12.9998903275,80.2563400269,27982,27992,10
12.9996795654,80.2563400269,27992,28002,10
12.9993896484,80.2562637329,28002,28013,11
12.9987897873,80.2561264038,28013,28023,10
12.998169899,80.2560577393,28023,28033,10
12.9979896545,80.2560424805,28033,28043,10
12.9972801208,80.2559890747,28043,28063,20
12.9972801208,80.2559890747,28063,28079,16
12.9971103668,80.2559280396,28079,28091,12
12.9969301224,80.2563095093,28091,28099,8
12.9968795776,80.2568893433,28099,28111,12
12.9967699051,80.2578811646,28111,28122,11
12.9967002869,80.2588729858,28122,28132,10
12.9966001511,80.2596206665,28132,28142,10
12.9965200424,80.2604675293,28142,28152,10
12.9964399338,80.2612991333,28152,28162,10
12.9963703156,80.2618331909,28162,28171,9
12.9963302612,80.2620010376,28171,28182,11
12.9962596893,80.2623977661,28182,28192,10
12.9962501526,80.2624893188,28192,28202,10
12.9961996078,80.2630310059,28202,28212,10
12.9961595535,80.2635421753,28212,28223,11
12.9960803986,80.2643890381,28223,28233,10
12.9959802628,80.2652511597,28233,28243,10
12.9958696365,80.2662506104,28243,28253,10
12.9957704544,80.2673110962,28253,28263,10
12.9958600998,80.2677001953,28263,28273,10
12.9962997437,80.2677536011,28273,28283,10
12.9964399338,80.2677764893,28283,28293,10
12.9970502853,80.2677307129,28293,28303,10
12.9978399277,80.2674865723,28303,28313,10
12.9986000061,80.2672729492,28313,28323,10
12.9995498657,80.2669830322,28323,28333,10
13.0000896454,80.2666702271,28333,28350,17
13.0001401901,80.2665100098,28350,28362,12
13.0002202988,80.265953064,28362,28371,9
13.0003099442,80.2656936646,28371,28382,11
13.0003595352,80.2658920288,28382,28422,40
13.0003795624,80.2660369873,28422,28584,162
13.0004701614,80.2659988403,28584,28614,30
13.0004997253,80.265953064,28614,28644,30
13.0004396439,80.2660522461,28644,29129,485
13.0004901886,80.2661132813,29129,29240,111
13.00041008,80.2659835815,29240,30380,1140
13.0003499985,80.2659683228,30380,30633,253
13.0003499985,80.2659683228,30633,30644,11
13.0003995895,80.2663497925,30644,30664,20
13.0003900528,80.2664108276,30664,30685,21
13.0003900528,80.2664108276,30685,30694,9
13.0003795624,80.2666397095,30694,30705,11
13.0003404617,80.266746521,30705,30715,10
13.0002002716,80.2668914795,30715,30725,10
12.9997501373,80.2670135498,30725,30735,10
12.9990797043,80.2671890259,30735,30745,10
12.9983100891,80.2673721313,30745,30756,11
12.9974403381,80.2676391602,30756,30766,10
12.9966096878,80.2677993774,30766,30776,10
12.9959001541,80.2677536011,30776,30786,10
12.9956598282,80.2673568726,30786,30806,20
12.9956598282,80.2673568726,30806,30816,10
12.9956703186,80.2671585083,30816,30826,10
12.9957399368,80.2666702271,30826,30836,10
12.9958400726,80.2659606934,30836,30846,10
12.995929718,80.2651367188,30846,30856,10
12.9960098267,80.2644882202,30856,30867,11
12.9961204529,80.2635879517,30867,30877,10
12.9961996078,80.262550354,30877,30897,20
12.9961996078,80.262550354,30897,30907,10
12.996219635,80.2623596191,30907,30917,10
12.9962596893,80.2619476318,30917,30927,10
12.9963302612,80.2614212036,30927,30937,10
12.9964199066,80.2606430054,30937,30947,10
12.9964895248,80.2598800659,30947,30957,10
12.9965400696,80.2593765259,30957,30967,10
12.9966001511,80.2588195801,30967,30978,11
12.9966897964,80.2579803467,30978,30988,10
12.9967699051,80.2572097778,30988,30998,10
12.9968099594,80.2565383911,30998,31008,10
12.9968299866,80.2563476563,31008,31018,10
12.9968299866,80.2562332153,31018,31028,10
12.9969501495,80.2558898926,31028,31038,10
12.9974498749,80.2558898926,31038,31048,10
12.9980297089,80.2559432983,31048,31058,10
12.9985303879,80.2559814453,31058,31089,31
12.9985303879,80.2559814453,31089,31099,10
12.9986696243,80.2560195923,31099,31109,10
12.99903965,80.2561035156,31109,31129,20
12.99903965,80.2561035156,31129,31139,10
12.9993801117,80.2561264038,31139,31149,10
12.9999303818,80.2562179565,31149,31159,10
13.000579834,80.2563400269,31159,31169,10
13.0010004044,80.2564163208,31169,31210,41
13.0010004044,80.2564163208,31210,31220,10
13.0011196136,80.2564697266,31220,31230,10
13.0016403198,80.2565612793,31230,31240,10
13.0022697449,80.2566375732,31240,31250,10
13.0029096603,80.2567596436,31250,31259,9
13.003490448,80.2568817139,31259,31269,10
13.0041599274,80.2570037842,31269,31279,10
13.0049295425,80.2571411133,31279,31290,11
13.0055398941,80.2572631836,31290,31301,11
13.0055999756,80.2572937012,31301,31311,10
13.0057001114,80.2573623657,31311,31321,10
13.0061903,80.2574081421,31321,31331,10
13.0065402985,80.2572402954,31331,31341,10
13.0065002441,80.2565765381,31341,31351,10
13.0064897537,80.2555084229,31351,31361,10
13.006529808,80.2546691895,31361,31371,10
13.0064897537,80.2532196045,31371,31391,20
13.0064897537,80.2532196045,31391,31401,10
13.0064897537,80.2530212402,31401,31411,10
13.0065202713,80.2525100708,31411,31422,11
13.0066299438,80.2519226074,31422,31472,50
13.0066299438,80.2519226074,31472,31482,10
13.0067195892,80.2516479492,31482,31491,9
13.0067796707,80.2511825562,31491,31502,11
13.006770134,80.2502365112,31502,31512,10
13.0067501068,80.2496795654,31512,31523,11
13.0067300797,80.2494430542,31523,31533,10
13.0066795349,80.248878479,31533,31694,161
13.0066795349,80.248878479,31694,31704,10
13.0066604614,80.2486495972,31704,31714,10
13.006649971,80.2483596802,31714,31724,10
13.0066204071,80.2480392456,31724,31734,10
13.0066204071,80.2476119995,31734,31744,10
13.0066299438,80.2469177246,31744,31765,21
13.0066299438,80.2469177246,31765,31775,10
13.0065898895,80.2468414307,31775,31785,10
13.0065498352,80.2465591431,31785,31795,10
13.0065803528,80.2464675903,31795,31805,10
13.0066404343,80.2459411621,31805,31815,10
13.0066604614,80.2451629639,31815,31825,10
13.0066099167,80.2444610596,31825,31835,10
13.0065898895,80.2440032959,31835,31845,10
13.0065803528,80.2436599731,31845,31855,10
13.0065498352,80.2431182861,31855,31866,11
13.006529808,80.2423095703,31866,31876,10
13.0065698624,80.2416534424,31876,31886,10
13.0066404343,80.2408599854,31886,31906,20
13.0066404343,80.2408599854,31906,31916,10
13.0066900253,80.240447998,31916,31926,10
13.0067596436,80.2401580811,31926,31936,10
13.0068998337,80.2395401001,31936,31946,10
13.0071201324,80.2384567261,31946,31956,10
13.0073699951,80.2370529175,31956,31977,21
13.0073699951,80.2370529175,31977,31987,10
13.0073699951,80.2369308472,31987,31997,10
13.007399559,80.2367630005,31997,32007,10
13.0074901581,80.2365188599,32007,32017,10
13.0076398849,80.2359390259,32017,32027,10
13.0077800751,80.2352828979,32027,32037,10
13.0079298019,80.2345199585,32037,32047,10
13.0080795288,80.2337722778,32047,32057,10
13.0083198547,80.2325363159,32057,32067,10
13.0085201263,80.2314682007,32067,32078,11
13.008769989,80.2303237915,32078,32088,10
13.0089797974,80.2292098999,32088,32098,10
13.0092096329,80.2281570435,32098,32107,9
13.0095701218,80.2273330688,32107,32118,11
13.010020256,80.226348877,32118,32128,10
13.0105199814,80.2253875732,32128,32138,10
13.0108699799,80.224609375,32138,32148,10
13.0112199783,80.2236709595,32148,32168,20
13.0112199783,80.2236709595,32168,32178,10
13.0111503601,80.2234802246,32178,32189,11
13.0113096237,80.2232208252,32189,32199,10
13.0116100311,80.2227325439,32199,32209,10
13.011879921,80.221862793,32209,32219,10
13.0122404099,80.2213592529,32219,32229,10
13.0124397278,80.2216186523,32229,32239,10
13.0128898621,80.2222137451,32239,32249,10
13.0135202408,80.2228469849,32249,32259,10
13.0139904022,80.2233581543,32259,32269,10
13.0142498016,80.2238006592,32269,32279,10
13.0147800446,80.2244186401,32279,32289,10
13.0152997971,80.224899292,32289,32300,11
13.0156297684,80.2251205444,32300,32310,10
13.0156402588,80.2251205444,32310,32320,10
13.0157804489,80.2252197266,32320,32330,10
13.0162200928,80.2253570557,32330,32340,10
13.0169200897,80.2251815796,32340,32350,10
13.0176496506,80.2248764038,32350,32359,9
13.0183296204,80.2245864868,32359,32370,11
13.0193395615,80.2242965698,32370,32389,19
13.0193395615,80.2242965698,32389,32399,10
13.0195102692,80.2243804932,32399,32411,12
13.0197401047,80.2245178223,32411,32421,10
13.0200500488,80.2247467041,32421,32431,10
13.0205001831,80.2250976563,32431,32441,10
13.0208702087,80.2253723145,32441,32451,10
13.0213403702,80.2257537842,32451,32461,10
13.0220499039,80.2262878418,32461,32471,10
13.0227403641,80.2268600464,32471,32481,10
13.0232000351,80.2272796631,32481,32491,10
13.0233898163,80.2274398804,32491,32501,10
13.0236997604,80.2277297974,32501,32511,10
13.0238800049,80.227897644,32511,32521,10
13.024310112,80.2284164429,32521,32562,41
13.024310112,80.2284164429,32562,32578,16
13.0245304108,80.2287216187,32578,32590,12
13.0247297287,80.2289962769,32590,32598,8
13.0247602463,80.2290420532,32598,32610,12
13.0250196457,80.2293930054,32610,32620,10
13.0253400803,80.2297363281,32620,32630,10
13.0254096985,80.2298431396,32630,32641,11
13.0256795883,80.2302932739,32641,32651,10
13.0258998871,80.2307128906,32651,32691,40
13.0258998871,80.2307128906,32691,32701,10
13.025970459,80.2308578491,32701,32711,10
13.02602005,80.2310409546,32711,32721,10
13.0260400772,80.231262207,32721,32731,10
13.0262804031,80.2313537598,32731,32741,10
13.0270004272,80.2311401367,32741,32752,11
13.0286102295,80.2308883667,32752,32772,20
13.0286102295,80.2308883667,32772,32782,10
13.0287303925,80.2308807373,32782,32792,10
13.0293502808,80.2308273315,32792,32863,71
13.0293502808,80.2308273315,32863,32873,10
13.0297403336,80.2307662964,32873,32883,10
13.0302200317,80.23072052,32883,32893,10
13.030670166,80.2306594849,32893,32913,20
13.030670166,80.2306594849,32913,32923,10
13.0306797028,80.2305374146,32923,32933,10
13.030579567,80.2301177979,32933,32943,10
13.0303201675,80.2294235229,32943,32953,10
13.0302801132,80.2287368774,32953,32964,11
13.0303001404,80.2283096313,32964,32974,10
13.0303297043,80.2282409668,32974,32984,10
13.030380249,80.2277832031,32984,32994,10
13.03028965,80.2274780273,32994,33004,10
13.0297298431,80.2273788452,33004,33014,10
13.0292396545,80.2273025513,33014,33024,10
13.0290603638,80.2272720337,33024,33034,10
13.0287303925,80.2272262573,33034,33044,10
13.0284900665,80.227180481,33044,33054,10
13.0280895233,80.2270965576,33054,33064,10
13.0279302597,80.226852417,33064,33075,11
13.0280399323,80.2262268066,33075,33085,10
13.0281496048,80.2255935669,33085,33095,10
13.0283403397,80.2247390747,33095,33105,10
13.0287303925,80.2239990234,33105,33125,20
13.0287303925,80.2239990234,33125,33135,10
13.0290002823,80.2241668701,33135,33145,10
13.0294103622,80.2242965698,33145,33155,10
13.0299396515,80.224281311,33155,33165,10
13.0305204391,80.2242965698,33165,33175,10
13.0311403275,80.2242507935,33175,33185,10
13.0311403275,80.2237930298,33185,33196,11
13.0311603546,80.223197937,33196,33206,10
13.0311899185,80.2230834961,33206,33222,16
13.031419754,80.2225036621,33222,33234,12
13.031709671,80.2218780518,33234,33244,10
13.0319099426,80.221496582,33244,33254,10
13.0321397781,80.2205581665,33254,33264,10
13.0321998596,80.2197570801,33264,33284,20
13.0321998596,80.2197570801,33284,33294,10
13.0322399139,80.2195968628,33294,33304,10
13.0322399139,80.2191162109,33304,33315,11
13.0320596695,80.2184829712,33315,33325,10
13.0315103531,80.2182693481,33325,33335,10
13.0314598083,80.2174987793,33335,33345,10
13.031370163,80.2171020508,33345,33355,10
13.0311899185,80.2170028687,33355,33365,10
13.0306997299,80.2170028687,33365,33375,10
13.0304403305,80.2166900635,33375,33385,10
13.0304403305,80.2166671753,33385,33395,10
13.030380249,80.2163314819,33395,33405,10
13.0303401947,80.2157287598,33405,33416,11
13.0303001404,80.2149810791,33416,33426,10
13.0303297043,80.2145233154,33426,33436,10
13.0303401947,80.2145004272,33436,33446,10
13.0304203033,80.2141036987,33446,33456,10
13.0304603577,80.2136993408,33456,33466,10
13.0305099487,80.2134475708,33466,33476,10
13.030579567,80.212890625,33476,33486,10
13.0306501389,80.2121887207,33486,33496,10
13.0307502747,80.2116699219,33496,33506,10
13.0308103561,80.2113723755,33506,33516,10
13.0308599472,80.2110290527,33516,33527,11
13.0309200287,80.2105712891,33527,33537,10
13.0309495926,80.2101974487,33537,33547,10
13.0308599472,80.2100601196,33547,33557,10
13.030579567,80.2099380493,33557,33567,10
13.0301103592,80.209777832,33567,33577,10
13.0301399231,80.2092132568,33577,33668,91
13.0301399231,80.2092132568,33668,33678,10
13.0303201675,80.2089767456,33678,33688,10
13.0309495926,80.2091674805,33688,33698,10
13.0315999985,80.2093429565,33698,33708,10
13.0316400528,80.2093811035,33708,33718,10
13.0317401886,80.2093963623,33718,33728,10
13.0322599411,80.2095413208,33728,33739,11
13.0330600739,80.2096862793,33739,33749,10
13.0339899063,80.2098617554,33749,33759,10
13.0348596573,80.2099609375,33759,33769,10
13.0351696014,80.2095336914,33769,33779,10
13.0351896286,80.2091827393,33779,33789,10
13.0352602005,80.2086486816,33789,33809,20
13.0352602005,80.2086486816,33809,33819,10
13.0352802277,80.2086181641,33819,33829,10
13.0353298187,80.2082672119,33829,33839,10
13.0354404449,80.2072982788,33839,33860,21
13.0354404449,80.2072982788,33860,33870,10
13.035490036,80.2070236206,33870,33880,10
13.0355901718,80.2063064575,33880,33890,10
13.0354795456,80.2059631348,33890,33900,10
13.0355396271,80.2055435181,33900,33910,10
13.0355300903,80.2054824829,33910,33920,10
13.0356302261,80.2052536011,33920,33930,10
13.0357999802,80.2050476074,33930,33940,10
13.0358800888,80.2044296265,33940,33950,10
13.0360002518,80.2038421631,33950,33961,11
13.0361003876,80.2029190063,33961,33971,10
13.036190033,80.2019577026,33971,33981,10
13.0362796783,80.2015380859,33981,33991,10
13.0362701416,80.2015380859,33991,34001,10
13.0363302231,80.2011871338,34001,34011,10
13.0364398956,80.2005233765,34011,34021,10
13.0365200043,80.1998977661,34021,34031,10
13.0366601944,80.198890686,34031,34041,10
13.0367498398,80.1983566284,34041,34051,10
13.0367603302,80.1983566284,34051,34061,10
13.0368299484,80.1979980469,34061,34072,11
13.0369195938,80.1973419189,34072,34081,9
13.0370197296,80.1963424683,34081,34102,21
13.0370197296,80.1963424683,34102,34112,10
13.0371398926,80.1958694458,34112,34122,10
13.0374002457,80.1941833496,34122,34132,10
13.0374002457,80.1941833496,34132,34142,10
13.0375299454,80.1932373047,34142,34152,10
13.0377902985,80.1927566528,34152,34183,31
13.0377902985,80.1927566528,34183,34193,10
13.0381803513,80.192741394,34193,34204,11
13.038769722,80.1928482056,34204,34224,20
13.038769722,80.1928482056,34224,34234,10
13.0392599106,80.1929397583,34234,34244,10
13.0395698547,80.1929779053,34244,34254,10
13.0399198532,80.1930618286,34254,34264,10
13.0403995514,80.1931228638,34264,34274,10
13.0409402847,80.1932296753,34274,34284,10
13.0415296555,80.1932983398,34284,34295,11
13.0417604446,80.1935806274,34295,34305,10
13.0417699814,80.1939086914,34305,34315,10
13.0417995453,80.1939468384,34315,34325,10
13.0417299271,80.1943969727,34325,34335,10
13.0416202545,80.1951904297,34335,34345,10
13.0415096283,80.1959075928,34345,34355,10
13.0414600372,80.1962585449,34355,34365,10
13.0414495468,80.1967086792,34365,34375,10
13.0414400101,80.1967391968,34375,34385,10
13.0413503647,80.197227478,34385,34395,10
13.0412502289,80.1978607178,34395,34406,11
13.0411396027,80.1985626221,34406,34416,10
13.0410404205,80.1991577148,34416,34426,10
13.0410003662,80.1994628906,34426,34436,10
13.0409202576,80.1999816895,34436,34446,10
13.0407896042,80.2008514404,34446,34456,10
13.0406703949,80.2016677856,34456,34466,10
13.0406198502,80.2020263672,34466,34476,10
13.0405197144,80.2026596069,34476,34486,10
13.0403995514,80.2034988403,34486,34496,10
13.0403003693,80.2041397095,34496,34506,10
13.0402402878,80.2046127319,34506,34517,11
13.0402898788,80.2050170898,34517,34527,10
13.0405101776,80.2050704956,34527,34536,9
13.0410995483,80.2051467896,34536,34547,11
13.0412998199,80.2051773071,34547,34557,10
13.0414104462,80.2051773071,34557,34567,10
13.0418796539,80.2052383423,34567,34577,10
13.042550087,80.2053833008,34577,34587,10
13.0428304672,80.2057876587,34587,34597,10
13.0433101654,80.2064590454,34597,34607,10
13.0437602997,80.2070922852,34607,34617,10
13.0441198349,80.2079467773,34617,34628,11
13.0441904068,80.2089004517,34628,34638,10
13.0441999435,80.2090301514,34638,34648,10
13.0442199707,80.2091522217,34648,34658,10
13.0442399979,80.209602356,34658,34668,10
13.0442695618,80.210319519,34668,34678,10
13.0443000793,80.2114868164,34678,34718,40
13.0443000793,80.2114868164,34718,34728,10
13.0443696976,80.2118225098,34728,34739,11
13.0444498062,80.2122421265,34739,34749,10
13.0451202393,80.2122421265,34749,34759,10
13.0460596085,80.2121734619,34759,34769,10
13.0466499329,80.2121276855,34769,34809,40
13.0466499329,80.2121276855,34809,34819,10
13.0470199585,80.2120819092,34819,34829,10
13.0471000671,80.2117767334,34829,34850,21
13.0471000671,80.2117767334,34850,34860,10
13.0470695496,80.211479187,34860,34870,10
13.0470399857,80.2109527588,34870,34879,9
13.0472898483,80.2107467651,34879,34890,11
13.0480203629,80.2107696533,34890,34900,10
13.0491104126,80.2108001709,34900,34920,20
13.0491104126,80.2108001709,34920,34930,10
13.0494203568,80.2108230591,34930,34940,10
13.0496797562,80.2107162476,34940,34950,10
13.049659729,80.2102203369,34950,34961,11
13.0495796204,80.2093582153,34961,34971,10
13.0496101379,80.2088165283,34971,34981,10
13.0494604111,80.2082366943,34981,34991,10
13.0491199493,80.2075576782,34991,35001,10
13.0489397049,80.2071380615,35001,35021,20
13.0489397049,80.2071380615,35021,35031,10
13.0488595963,80.2069625854,35031,35041,10
13.0490198135,80.206817627,35041,35051,10
13.0492095947,80.2071228027,35051,35112,61
13.0490703583,80.2074279785,35112,35697,585
13.0490703583,80.2074279785,35697,35707,10
13.0490398407,80.2074737549,35707,35717,10
13.0491399765,80.2077178955,35717,35728,11
13.0492801666,80.208190918,35728,35738,10
13.0494203568,80.2087173462,35738,35748,10
13.049539566,80.2092666626,35748,35758,10
13.049659729,80.2099304199,35758,35768,10
13.0497102737,80.2104492188,35768,35798,30
13.0497102737,80.2104492188,35798,35808,10
13.0497903824,80.2106170654,35808,35818,10
13.0498104095,80.2109375,35818,35829,11
13.0498600006,80.2115631104,35829,35889,60
13.0498600006,80.2115631104,35889,35899,10
13.0499200821,80.2118301392,35899,35909,10
13.0499401093,80.2120437622,35909,35919,10
13.0495996475,80.2121582031,35919,35929,10
13.0495500565,80.2121734619,35929,35939,10
13.0491800308,80.2121582031,35939,35950,11
13.0483999252,80.2121963501,35950,35960,10
13.0474901199,80.2122879028,35960,35970,10
13.046330452,80.2123336792,35970,35980,10
13.0451602936,80.2123718262,35980,36030,50
13.0451602936,80.2123718262,36030,36040,10
13.0448799133,80.2124023438,36040,36050,10
13.0445404053,80.2124023438,36050,36061,11
13.0441904068,80.2121810913,36061,36071,10
13.0441799164,80.2114562988,36071,36081,10
13.0441503525,80.2106018066,36081,36091,10
13.0441398621,80.2097702026,36091,36100,9
13.0441102982,80.2092285156,36100,36110,10
13.044090271,80.2089614868,36110,36121,11
13.0440702438,80.2088317871,36121,36131,10
13.0440797806,80.2083206177,36131,36141,10
13.0439796448,80.2076034546,36141,36151,10
13.0435800552,80.2069320679,36151,36161,10
13.0430202484,80.2061462402,36161,36172,11
13.0424499512,80.2054824829,36172,36181,9
13.0418395996,80.205291748,36181,36192,11
13.0410804749,80.2051773071,36192,36202,10
13.0409402847,80.2051696777,36202,36212,10
13.0408401489,80.2051925659,36212,36222,10
13.0403995514,80.2051086426,36222,36232,10
13.0398797989,80.2050323486,36232,36242,10
13.0392398834,80.2049102783,36242,36252,10
13.0386104584,80.2048110962,36252,36262,10
13.0381698608,80.2046966553,36262,36272,10
13.0381803513,80.2042617798,36272,36283,11
13.0382995605,80.2035369873,36283,36293,10
13.0383701324,80.2028884888,36293,36303,10
13.0384397507,80.2024307251,36303,36313,10
13.0385398865,80.2018890381,36313,36333,20
13.0385398865,80.2018890381,36333,36343,10
13.0385904312,80.2014923096,36343,36353,10
13.0386400223,80.2010879517,36353,36363,10
13.0387001038,80.2007598877,36363,36373,10
13.0387496948,80.2003479004,36373,36383,10
13.0388298035,80.1997909546,36383,36484,101
13.0388803482,80.1994171143,36484,36533,49
13.0388803482,80.1994171143,36533,36543,10
13.0389604568,80.1990814209,36543,36553,10
13.0389795303,80.1988220215,36553,36563,10
13.0390501022,80.1985626221,36563,36572,9
13.0390796661,80.1982498169,36572,36583,11
13.0391597748,80.1976928711,36583,36593,10
13.0392599106,80.1968917847,36593,36614,21
13.0392599106,80.1968917847,36614,36625,11
13.0392999649,80.1965332031,36625,36635,10
13.0393800735,80.1961364746,36635,36645,10
13.0394296646,80.1957778931,36645,36655,10
13.0395097733,80.195022583,36655,36665,10
13.0396404266,80.1941223145,36665,36675,10
13.0397701263,80.1931991577,36675,36695,20
13.0397701263,80.1931991577,36695,36705,10
13.0396604538,80.193031311,36705,36715,10
13.0392303467,80.1929321289,36715,36726,11
13.0386400223,80.1928405762,36726,36736,10
13.0386295319,80.1928482056,36736,36746,10
13.0384502411,80.1928634644,36746,36756,10
13.0380601883,80.1928329468,36756,36766,10
13.0376501083,80.1931228638,36766,36776,10
13.0375404358,80.1938781738,36776,36786,10
13.0374403,80.1947631836,36786,36796,10
13.0373096466,80.1955566406,36796,36806,10
13.0372600555,80.1959991455,36806,36826,20
13.0372600555,80.1959991455,36826,36837,11
13.0371799469,80.1962890625,36837,36847,10
13.0370998383,80.1968307495,36847,36857,10
13.0369997025,80.1975708008,36857,36867,10
13.0368499756,80.198600769,36867,36887,20
13.0368499756,80.198600769,36887,36897,10
13.0367803574,80.1988067627,36897,36907,10
13.0367097855,80.1992874146,36907,36917,10
13.0366201401,80.2001571655,36917,36927,10
13.0364999771,80.2010726929,36927,36937,10
13.036450386,80.2014312744,36937,36948,11
13.0364398956,80.201751709,36948,36958,10
13.0364103317,80.2018737793,36958,36968,10
13.0363302231,80.2023162842,36968,36978,10
13.036239624,80.2028884888,36978,36988,10
13.0361604691,80.2034988403,36988,36998,10
13.0360803604,80.2039794922,36998,37008,10
13.0360298157,80.2043075562,37008,37018,10
13.0359601974,80.2046737671,37018,37028,10
13.0358600616,80.2053833008,37028,37038,10
13.0358104706,80.2058029175,37038,37048,10
13.0357904434,80.205909729,37048,37058,10
13.0356903076,80.2064590454,37058,37069,11
13.0355596542,80.2074737549,37069,37079,10
13.0354700089,80.2080230713,37079,37089,10
13.0354404449,80.2083206177,37089,37115,26
13.0354404449,80.2083206177,37115,37127,12
13.0353403091,80.2087173462,37127,37137,10
13.0352697372,80.2092208862,37137,37147,10
13.0351696014,80.2099380493,37147,37157,10
13.0350399017,80.2105178833,37157,37167,10
13.0349197388,80.2109222412,37167,37178,11
13.0347795486,80.2117004395,37178,37187,9
13.0345201492,80.212097168,37187,37198,11
13.0337200165,80.2119827271,37198,37207,9
13.0331802368,80.2119369507,37207,37218,11
13.0325202942,80.2118835449,37218,37228,10
13.0324602127,80.2118911743,37228,37238,10
13.0320301056,80.2118225098,37238,37248,10
13.031920433,80.2113037109,37248,37258,10
13.0320196152,80.2105712891,37258,37268,10
13.032119751,80.2098312378,37268,37278,10
13.0316400528,80.2095489502,37278,37288,10
13.0309495926,80.2093963623,37288,37329,41
13.0309495926,80.2093963623,37329,37339,10
13.0306396484,80.2092819214,37339,37349,10
13.0303401947,80.2092132568,37349,37359,10
13.0301399231,80.2092971802,37359,37369,10
13.0300798416,80.2095413208,37369,37379,10
13.0300598145,80.2096176147,37379,37389,10
13.0300798416,80.2097702026,37389,37400,11
13.0305299759,80.2098999023,37400,37410,10
13.03083992,80.2099609375,37410,37420,10
13.0310001373,80.2100906372,37420,37430,10
13.0309696198,80.2103881836,37430,37440,10
13.0308904648,80.2109222412,37440,37450,10
13.0308599472,80.2112503052,37450,37460,10
13.0307998657,80.2116622925,37460,37470,10
13.0307197571,80.2120819092,37470,37480,10
13.0306301117,80.2129135132,37480,37490,10
13.0305595398,80.2135162354,37490,37500,10
13.0305204391,80.2137298584,37500,37511,11
13.0304498672,80.2141418457,37511,37521,10
13.030380249,80.2147293091,37521,37531,10
13.0303697586,80.2147674561,37531,37541,10
13.030380249,80.2149581909,37541,37551,10
13.030380249,80.2155380249,37551,37561,10
13.0304098129,80.2161026001,37561,37571,10
13.0304298401,80.2166366577,37571,37581,10
13.0307102203,80.2168731689,37581,37591,10
13.0307302475,80.2168731689,37591,37601,10
13.0310897827,80.2169418335,37601,37611,10
13.031370163,80.2169799805,37611,37622,11
13.0314998627,80.2174987793,37622,37632,10
13.0315799713,80.2182235718,37632,37642,10
13.0321598053,80.2184066772,37642,37652,10
13.0322599411,80.2187576294,37652,37661,9
13.0322504044,80.2190704346,37661,37672,11
13.0322704315,80.2198028564,37672,37682,10
13.0322704315,80.2202835083,37682,37692,10
13.0322599411,80.2203292847,37692,37702,10
13.0321798325,80.2205505371,37702,37712,10
13.0320196152,80.2211380005,37712,37722,10
13.031539917,80.2223510742,37722,37733,11
13.031539917,80.2223510742,37733,37743,10
13.0312900543,80.2227783203,37743,37753,10
13.0311803818,80.2235565186,37753,37763,10
13.0311803818,80.2238235474,37763,37773,10
13.0311899185,80.2240371704,37773,37783,10
13.0309801102,80.2242965698,37783,37793,10
13.0303401947,80.2242965698,37793,37804,11
13.0296401978,80.224281311,37804,37814,10
13.0290803909,80.2242584229,37814,37824,10
13.0290603638,80.2242584229,37824,37834,10
13.0288801193,80.2241363525,37834,37845,11
13.0285396576,80.2241516113,37845,37855,10
13.0283699036,80.2247924805,37855,37865,10
13.028169632,80.2257232666,37865,37875,10
13.0279903412,80.2265472412,37875,37885,10
13.0279397964,80.2268981934,37885,37895,10
13.0281095505,80.2270507813,37895,37905,10
13.028670311,80.2271499634,37905,37923,18
13.030090332,80.2273788452,37923,37935,12
13.0304298401,80.227722168,37935,37943,8
13.0303897858,80.2278900146,37943,37956,13
13.030380249,80.2281417847,37956,37966,10
13.0303602219,80.2283401489,37966,37975,9
13.0303297043,80.228767395,37975,37986,11
13.0303897858,80.2294616699,37986,37996,10
13.0306100845,80.2300186157,37996,38006,10
13.0306997299,80.2305526733,38006,38097,91
13.0306997299,80.2305526733,38097,38107,10
13.0305995941,80.2307891846,38107,38117,10
13.0297803879,80.2308578491,38117,38137,20
13.0296297073,80.2308807373,38137,38157,20
13.0296297073,80.2308807373,38157,38168,11
13.0294599533,80.2308883667,38168,38178,10
13.0290203094,80.2309112549,38178,38188,10
13.028380394,80.2309799194,38188,38198,10
13.0277795792,80.2310409546,38198,38208,10
13.0276603699,80.2312164307,38208,38218,10
13.0277004242,80.2316207886,38218,38228,10
13.0278100967,80.232460022,38228,38238,10
13.0277004242,80.2328109741,38238,38268,30
13.0274000168,80.2328796387,38268,38289,21
13.0274000168,80.2328796387,38289,38299,10
13.0271396637,80.2329406738,38299,38309,10
13.0269298553,80.232963562,38309,38379,70
13.0268602371,80.2330322266,38379,38500,121
13.0268602371,80.2330322266,38500,38511,11
13.026599884,80.2330627441,38511,38521,10
13.0263204575,80.2328567505,38521,38531,10
13.0262002945,80.2324523926,38531,38541,10
13.0261602402,80.2322311401,38541,38551,10
13.0260696411,80.2319412231,38551,38561,10
13.0259895325,80.2316207886,38561,38571,10
13.025850296,80.2310409546,38571,38581,10
13.0254402161,80.230178833,38581,38591,10
13.0249996185,80.2295913696,38591,38601,10
13.0248003006,80.2293624878,38601,38611,10
13.0245599747,80.2290267944,38611,38622,11
13.0242700577,80.2286376953,38622,38632,10
13.0239896774,80.2283401489,38632,38642,10
13.0239200592,80.2282562256,38642,38652,10
13.0238599777,80.2282333374,38652,38662,10
13.0235900879,80.2278900146,38662,38672,10
13.0231895447,80.2274627686,38672,38682,10
13.0226297379,80.2269592285,38682,38692,10
13.0219802856,80.2263565063,38692,38702,10
13.0212001801,80.225769043,38702,38712,10
13.0204896927,80.2252578735,38712,38722,10
13.0200500488,80.224937439,38722,38733,11
13.0195598602,80.2246170044,38733,38743,10
13.0187301636,80.2245407104,38743,38753,10
13.0177602768,80.2249221802,38753,38763,10
13.016869545,80.2252807617,38763,38773,10
13.0163602829,80.2254867554,38773,38783,10
13.015879631,80.2256469727,38783,38793,10
13.0152902603,80.2258834839,38793,38803,10
13.0146398544,80.2261734009,38803,38813,10
13.0142402649,80.2263336182,38813,38823,10
13.0142402649,80.2263412476,38823,38833,10
13.0140600204,80.2263870239,38833,38844,11
13.0135202408,80.2265625,38844,38854,10
13.0127897263,80.2268371582,38854,38864,10
13.0119400024,80.227180481,38864,38874,10
13.011059761,80.2275238037,38874,38884,10
13.0101995468,80.2278900146,38884,38894,10
13.0094099045,80.2282333374,38894,38904,10
13.0090398788,80.2288970947,38904,38914,10
13.0088996887,80.2297286987,38914,38924,10
13.0087404251,80.2306137085,38924,38934,10
13.0085401535,80.2316436768,38934,38944,10
13.0083503723,80.2326431274,38944,38955,11
13.0082998276,80.2331466675,38955,38965,10
13.0082998276,80.2334213257,38965,38975,10
13.0082597733,80.2334899902,38975,38985,10
13.0081996918,80.2336807251,38985,38995,10
13.0081501007,80.233833313,38995,39005,10
13.0080795288,80.2341003418,39005,39015,10
13.0080003738,80.2345123291,39015,39025,10
13.007900238,80.2350692749,39025,39035,10
13.0078401566,80.2354431152,39035,39045,10
13.0077800751,80.2357025146,39045,39055,10
13.0077400208,80.2358932495,39055,39066,11
13.0077199936,80.2360229492,39066,39076,10
13.0076599121,80.2362976074,39076,39086,10
13.007610321,80.2365493774,39086,39096,10
13.0075101852,80.2370223999,39096,39106,10
13.0074195862,80.2374801636,39106,39116,10
13.007349968,80.2378997803,39116,39126,10
13.0072402954,80.2385482788,39126,39136,10
13.0070800781,80.2393875122,39136,39146,10
13.0068998337,80.2402420044,39146,39156,10
13.0068397522,80.2407913208,39156,39166,10
13.0068302155,80.2408065796,39166,39177,11
13.0067596436,80.2411575317,39177,39187,10
13.0067396164,80.2423934937,39187,39227,40
13.0067396164,80.2423934937,39227,39237,10
13.0067100525,80.2427597046,39237,39247,10
13.0067100525,80.2429885864,39247,39257,10
13.0067100525,80.2432327271,39257,39267,10
13.0067100525,80.2434463501,39267,39277,10
13.0066900253,80.2437591553,39277,39288,11
13.0066900253,80.2443771362,39288,39298,10
13.0066900253,80.2449417114,39298,39308,10
13.0066995621,80.2453765869,39308,39318,10
13.0067100525,80.2456665039,39318,39328,10
13.0067195892,80.245880127,39328,39338,10
13.0067300797,80.2460632324,39338,39348,10
13.0067300797,80.2460784912,39348,39358,10
13.0067300797,80.246307373,39358,39368,10
13.0067396164,80.2466430664,39368,39378,10
13.0067396164,80.2472381592,39378,39388,10
13.0067300797,80.2480316162,39388,39399,11
13.0068798065,80.249458313,39399,39419,20
13.0068798065,80.249458313,39419,39429,10
13.0068798065,80.2496109009,39429,39439,10
13.0068798065,80.2500762939,39439,39449,10
13.0068702698,80.2506713867,39449,39459,10
13.0068597794,80.251121521,39459,39530,71
13.0068597794,80.251121521,39530,39540,10
13.0068101883,80.251411438,39540,39550,10
13.0067195892,80.2518005371,39550,39560,10
13.0065803528,80.252571106,39560,39570,10
13.0065603256,80.2534408569,39570,39580,10
13.0066204071,80.2549819946,39580,39600,20
13.0066204071,80.2549819946,39600,39610,10
13.0066099167,80.2550811768,39610,39621,11
13.0066003799,80.2556533813,39621,39631,10
13.0066204071,80.2563705444,39631,39641,10
13.0067501068,80.2572631836,39641,39752,111
13.0067501068,80.2572631836,39752,39762,10
13.0067396164,80.2573013306,39762,39772,10
13.0065402985,80.2575683594,39772,39782,10
13.006070137,80.2575073242,39782,39792,10
13.0055398941,80.2574005127,39792,39802,10
13.0050401688,80.2572402954,39802,39812,10
13.0045003891,80.2571792603,39812,39822,10
13.0040302277,80.2570495605,39822,39832,10
13.0038003922,80.257019043,39832,39843,11
13.003569603,80.2569885254,39843,39853,10
13.0033302307,80.256942749,39853,39913,60
13.0033302307,80.256942749,39913,39923,10
13.0030403137,80.2568893433,39923,39933,10
13.0027198792,80.2568435669,39933,39943,10
13.0023603439,80.2567672729,39943,39954,11
13.0018100739,80.2566833496,39954,40014,60
13.0018100739,80.2566833496,40014,40024,10
13.0015602112,80.2566070557,40024,40034,10
13.0010299683,80.2565612793,40034,40044,10
13.0004796982,80.2565002441,40044,40054,10
12.9995803833,80.2563095093,40054,40075,21
12.9995803833,80.2563095093,40075,40085,10
12.9995298386,80.2562637329,40085,40095,10
12.999130249,80.2561569214,40095,40105,10
12.9984197617,80.2560806274,40105,40115,10
12.9978303909,80.2560272217,40115,40125,10
12.9978199005,80.2560272217,40125,40135,10
12.9976902008,80.2561187744,40135,40145,10
12.9977903366,80.2565231323,40145,40155,10
12.9977197647,80.2570571899,40155,40176,21
12.9977197647,80.2570571899,40176,40186,10
12.9975700378,80.2568893433,40186,40307,121
12.9975700378,80.2568893433,40307,40317,10
12.9975004196,80.2567825317,40317,40327,10
12.9975996017,80.2564468384,40327,40357,30
12.9975996017,80.2564468384,40357,40367,10
12.9976701736,80.2561798096,40367,40377,10
12.9974603653,80.2559890747,40377,40408,31
12.9974603653,80.2559890747,40408,40418,10
12.997130394,80.2559967041,40418,40428,10
12.9968996048,80.2561264038,40428,40438,10
12.9968500137,80.2567214966,40438,40448,10
12.9968500137,80.2569885254,40448,40458,10
12.9967899323,80.2574768066,40458,40468,10
12.9967098236,80.2582702637,40468,40478,10
12.9966402054,80.2591094971,40478,40488,10
12.9965600967,80.2598114014,40488,40499,11
12.9965000153,80.2604598999,40499,40509,10
12.9964199066,80.2610626221,40509,40519,10
12.996339798,80.2618713379,40519,40529,10
12.9962501526,80.2624893188,40529,40539,10
12.9961900711,80.2630004883,40539,40549,10
12.9961500168,80.2634811401,40549,40559,10
12.9960603714,80.2643432617,40559,40569,10
12.9959697723,80.2651824951,40569,40579,10
12.995880127,80.2661132813,40579,40589,10
12.995759964,80.2671737671,40589,40599,10
12.9961996078,80.2677078247,40599,40620,21
12.9961996078,80.2677078247,40620,40630,10
12.9963998795,80.2677612305,40630,40640,10
12.9969396591,80.2677230835,40640,40650,10
12.9973297119,80.2676010132,40650,40660,10
12.9978303909,80.2674407959,40660,40670,10
12.9985799789,80.2672271729,40670,40680,10
12.9994602203,80.2669830322,40680,40690,10
13.0000600815,80.2666625977,40690,40710,20
13.0000600815,80.2666625977,40710,40720,10
13.0001802444,80.2661895752,40720,40731,11
13.0003004074,80.2656784058,40731,40741,10
13.0003995895,80.2657699585,40741,40751,10
13.0002803802,80.2663574219,40751,41134,383
13.0002803802,80.2663574219,41134,41144,10
13.0003099442,80.2667007446,41144,41154,10
13.0001096725,80.2668762207,41154,41164,10
12.9996204376,80.2670135498,41164,41175,11
12.9988603592,80.2672424316,41175,41185,10
12.9981498718,80.2674179077,41185,41195,10
12.997469902,80.267616272,41195,41205,10
12.9968004227,80.2677764893,41205,41215,10
12.995929718,80.2677536011,41215,41225,10
12.9956598282,80.2676696777,41225,41235,10
12.995639801,80.2673416138,41235,41245,10
12.9956598282,80.2672805786,41245,41255,10
12.9957103729,80.2668228149,41255,41265,10
12.9957895279,80.2660522461,41265,41275,10
12.9959096909,80.26512146,41275,41286,11
12.9959897995,80.2644271851,41286,41296,10
12.9961004257,80.2635116577,41296,41306,10
12.9961500168,80.2628097534,41306,41316,10
12.9961900711,80.2626037598,41316,41326,10
12.9961996078,80.2625198364,41326,41336,10
12.9962396622,80.2621002197,41336,41346,10
12.9962997437,80.2615432739,41346,41356,10
12.9963998795,80.2606506348,41356,41366,10
12.9964895248,80.2599029541,41366,41376,10
12.9964895248,80.2594680786,41376,41386,10
12.9965200424,80.2593765259,41386,41397,11
12.9965896606,80.2588119507,41397,41407,10
12.9966497421,80.2580184937,41407,41417,10
12.9967699051,80.257232666,41417,41426,9
12.9968099594,80.256690979,41426,41436,10
12.9968500137,80.2561264038,41436,41578,142
12.9968500137,80.2561264038,41578,41588,10
12.9968595505,80.2559890747,41588,41598,10
12.997179985,80.2558364868,41598,41608,10
12.9979000092,80.2558822632,41608,41619,11
12.998749733,80.2559814453,41619,41629,10
12.9987802505,80.2559967041,41629,41639,10
12.9991598129,80.2561035156,41639,41699,60
12.9991598129,80.2561035156,41699,41709,10
12.9994096756,80.2561416626,41709,41720,11
13.0001096725,80.2563095093,41720,41730,10
13.0006904602,80.2564163208,41730,41750,20
13.0006904602,80.2564163208,41750,41760,10
13.0007200241,80.2564468384,41760,41770,10
13.0010004044,80.2565002441,41770,41780,10
13.00137043,80.2565612793,41780,41790,10
13.0017595291,80.2566299438,41790,41800,10
13.001999855,80.2566604614,41800,41810,10
13.0022802353,80.2566986084,41810,41820,10
13.0025100708,80.2567062378,41820,41830,10
13.0028800964,80.2567672729,41830,41841,11
13.0031795502,80.2568206787,41841,41851,10
13.0031995773,80.2568283081,41851,41861,10
13.0033102036,80.2568664551,41861,41871,10
13.003370285,80.2568817139,41871,41881,10
13.0035400391,80.2569122314,41881,41891,10
13.0038204193,80.2569580078,41891,41901,10
13.004070282,80.257019043,41901,41911,10
13.004360199,80.2570800781,41911,41921,10
13.0046701431,80.2571334839,41921,41931,10
13.0050401688,80.2571716309,41931,41942,11
13.0053596497,80.2572097778,41942,41952,10
13.0054397583,80.2572174072,41952,41962,10
13.0057296753,80.25730896,41962,41972,10
13.0060100555,80.2573394775,41972,41982,10
13.0062704086,80.2574081421,41982,41992,10
13.0065402985,80.2573623657,41992,42002,10
13.0065202713,80.2570114136,42002,42012,10
13.006529808,80.256401062,42012,42022,10
13.0065002441,80.2555999756,42022,42032,10
13.0065202713,80.254989624,42032,42042,10
13.0065002441,80.2542037964,42042,42052,10
13.0065202713,80.2540130615,42052,42063,11
13.0065402985,80.2538909912,42063,42073,10
13.0065402985,80.2534103394,42073,42093,20
13.0065402985,80.2534103394,42093,42109,16
13.0065402985,80.2530136108,42109,42161,52
13.0065402985,80.2530136108,42161,42172,11
13.0065002441,80.2527313232,42172,42181,9
13.0065402985,80.2523803711,42181,42192,11
13.0066795349,80.2515563965,42192,42202,10
13.0067195892,80.2504501343,42202,42212,10
13.0067100525,80.2494277954,42212,42222,10
13.0066604614,80.248626709,42222,42313,91
13.0066604614,80.248626709,42313,42323,10
13.006649971,80.2485198975,42323,42333,10
13.0066404343,80.2481613159,42333,42343,10
13.0066204071,80.2477798462,42343,42353,10
13.0066299438,80.2472229004,42353,42363,10
13.0066003799,80.2466812134,42363,42373,10
13.0066003799,80.2463912964,42373,42383,10
13.0066003799,80.2461776733,42383,42394,11
13.0065603256,80.2455215454,42394,42404,10
13.0065803528,80.2451019287,42404,42414,10
13.0065603256,80.2446212769,42414,42424,10
13.0065698624,80.2442932129,42424,42434,10
13.0065698624,80.2439575195,42434,42444,10
13.0065603256,80.2434463501,42444,42454,10
13.0065498352,80.2428436279,42454,42464,10
13.0065498352,80.2419433594,42464,42474,10
13.0065803528,80.2411270142,42474,42484,10
13.0065603256,80.2406234741,42484,42494,10
13.0066795349,80.239982605,42494,42505,11
13.0069799423,80.2388381958,42505,42515,10
13.0071601868,80.2380523682,42515,42525,10
13.0073003769,80.2374725342,42525,42535,10
13.007399559,80.2367782593,42535,42555,20
13.007399559,80.2367782593,42555,42571,16
13.0075502396,80.2362365723,42571,42583,12
13.0077295303,80.2355117798,42583,42593,10
13.0078601837,80.2348403931,42593,42603,10
13.0080604553,80.2337799072,42603,42613,10
13.0082197189,80.2329406738,42613,42624,11
13.0083799362,80.2319488525,42624,42634,10
13.0086297989,80.2308502197,42634,42644,10
13.0088596344,80.2297515869,42644,42654,10
13.0091104507,80.2285308838,42654,42664,10
13.0094804764,80.2275924683,42664,42674,10
13.0099401474,80.2265701294,42674,42683,9
13.0102901459,80.2257995605,42683,42694,11
13.0106601715,80.2249984741,42694,42704,10
13.0109300613,80.2243499756,42704,42714,10
13.0110797882,80.2237625122,42714,42725,11
13.0111303329,80.2234115601,42725,42735,10
13.0115203857,80.2228393555,42735,42745,10
13.0118198395,80.2219772339,42745,42755,10
13.0124101639,80.2215194702,42755,42765,10
13.0126199722,80.2217788696,42765,42775,10
13.0130195618,80.222328186,42775,42785,10
13.0136404037,80.2229919434,42785,42795,10
13.0141201019,80.2235794067,42795,42805,10
13.0146303177,80.2240905762,42805,42815,10
13.0151100159,80.2246170044,42815,42825,10
13.0154895782,80.2249221802,42825,42846,21
13.0154895782,80.2249221802,42846,42856,10
13.0158195496,80.2252120972,42856,42866,10
13.016289711,80.2253189087,42866,42876,10
13.016869545,80.2251815796,42876,42886,10
13.0176401138,80.2248916626,42886,42896,10
13.0184497833,80.2245407104,42896,42906,10
13.0193996429,80.224281311,42906,42946,40
13.0193996429,80.224281311,42946,42957,11
13.0198202133,80.2245330811,42957,42977,20
13.0198202133,80.2245330811,42977,42987,10
13.0198802948,80.2246170044,42987,42997,10
13.0202798843,80.2249526978,42997,43007,10
13.020939827,80.225440979,43007,43017,10
13.0216398239,80.2259979248,43017,43027,10
13.0223302841,80.2265625,43027,43037,10
13.0228595734,80.2270126343,43037,43047,10
13.0235700607,80.2276535034,43047,43057,10
13.024020195,80.2280807495,43057,43068,11
13.0242500305,80.2283401489,43068,43078,10
13.024479866,80.2286300659,43078,43088,10
13.024769783,80.2290496826,43088,43098,10
13.0251998901,80.2295837402,43098,43108,10
13.0256795883,80.2302703857,43108,43118,10
13.0259399414,80.2308273315,43118,43148,30
13.0259399414,80.2308273315,43148,43158,10
13.0260295868,80.2312927246,43158,43168,10
13.02643013,80.2312698364,43168,43179,11
13.0273704529,80.2310180664,43179,43189,10
13.0281801224,80.2309036255,43189,43199,10
13.0285100937,80.2308578491,43199,43209,10
13.0291500092,80.2308731079,43209,43259,50
13.0291500092,80.2308731079,43259,43269,10
13.0295696259,80.2308197021,43269,43279,10
13.0297803879,80.2307815552,43279,43290,11
13.029800415,80.2307891846,43290,43300,10
13.0301799774,80.230758667,43300,43310,10
13.0305995941,80.2307434082,43310,43320,10
13.0307102203,80.2305679321,43320,43330,10
13.0306396484,80.2302780151,43330,43340,10
13.0304498672,80.2297210693,43340,43350,10
13.0303096771,80.2290420532,43350,43360,10
13.0303297043,80.2286529541,43360,43370,10
13.0303096771,80.2283325195,43370,43380,10
13.0303602219,80.2280578613,43380,43390,10
13.030380249,80.2276077271,43390,43401,11
13.0299596786,80.2274627686,43401,43411,10
13.0294303894,80.2273712158,43411,43421,10
13.0286798477,80.2272567749,43421,43431,10
13.0281200409,80.2271118164,43431,43441,10
13.0279197693,80.2269668579,43441,43451,10
13.0280399323,80.226348877,43451,43461,10
13.0282001495,80.2256317139,43461,43471,10
13.0283899307,80.2246398926,43471,43481,10
13.0284900665,80.2241210938,43481,43491,10
13.0287504196,80.224067688,43491,43501,10
13.0289096832,80.2240982056,43501,43512,11
13.0292701721,80.2242965698,43512,43522,10
13.0296096802,80.224281311,43522,43532,10
13.0301399231,80.2242965698,43532,43542,10
13.0307598114,80.224281311,43542,43552,10
13.031080246,80.2240982056,43552,43562,10
13.0311002731,80.2235794067,43562,43572,10
13.0311698914,80.223197937,43572,43582,10
13.0312204361,80.2229690552,43582,43592,10
13.0314998627,80.2223968506,43592,43602,10
13.0318002701,80.2217102051,43602,43612,10
13.031999588,80.2209625244,43612,43623,11
13.0321302414,80.220161438,43623,43633,10
13.0321397781,80.2198028564,43633,43643,10
13.0321397781,80.2197723389,43643,43653,10
13.0321998596,80.2192611694,43653,43663,10
13.032119751,80.2185668945,43663,43673,10
13.0315504074,80.2184066772,43673,43683,10
13.0314702988,80.2176513672,43683,43693,10
13.0313997269,80.2171173096,43693,43703,10
13.0311603546,80.2170333862,43703,43719,16
13.0304498672,80.2167282104,43719,43732,13
13.0304203033,80.2164382935,43732,43742,10
13.0303897858,80.2157974243,43742,43752,10
13.0303602219,80.2150268555,43752,43762,10
13.0303602219,80.2147216797,43762,43771,9
13.0303497314,80.2146530151,43771,43782,11
13.0304203033,80.2139816284,43782,43792,10
13.0304803848,80.2136764526,43792,43802,10
13.0305500031,80.2133789063,43802,43812,10
13.0306797028,80.2127227783,43812,43822,10
13.0307703018,80.2118988037,43822,43832,10
13.0308303833,80.2115783691,43832,43843,11
13.0308704376,80.2111282349,43843,43853,10
13.0309495926,80.2107925415,43853,43863,10
13.0310201645,80.2102279663,43863,43873,10
13.0309095383,80.2100830078,43873,43883,10
13.0306301117,80.2099761963,43883,43893,10
13.0301103592,80.2098007202,43893,43903,10
13.0301904678,80.2092590332,43903,43913,10
13.0306396484,80.2091522217,43913,43923,10
13.0314397812,80.2093505859,43923,43933,10
13.0316295624,80.2093887329,43933,43943,10
13.0317602158,80.2093963623,43943,43954,11
13.0322399139,80.2095184326,43954,43964,10
13.0329999924,80.2096405029,43964,43974,10
13.0340003967,80.2098236084,43974,43984,10
13.0348997116,80.2099609375,43984,44000,16
13.0352296829,80.2090072632,44000,44012,12
13.0352697372,80.2086105347,44012,44020,8
13.0352802277,80.2085494995,44020,44031,11
13.0353403091,80.2081375122,44031,44043,12
13.0355195999,80.2068862915,44043,44053,10
13.0355701447,80.2060623169,44053,44063,10
13.0355100632,80.2057876587,44063,44073,10
13.035490036,80.2055206299,44073,44084,11
13.0355501175,80.2053222656,44084,44093,9
13.0357398987,80.2050704956,44093,44104,11
13.0358200073,80.2044219971,44104,44114,10
13.0359897614,80.2036514282,44114,44124,10
13.0361499786,80.2027511597,44124,44134,10
13.0362501144,80.2018585205,44134,44144,10
13.0362901688,80.2016983032,44144,44154,10
13.0363101959,80.2014694214,44154,44164,10
13.0364198685,80.2010421753,44164,44175,11
13.0364704132,80.2002182007,44175,44185,10
13.0366096497,80.1992416382,44185,44195,10
13.0367002487,80.1986236572,44195,44205,10
13.0368204117,80.1978988647,44205,44215,10
13.0369596481,80.1971435547,44215,44225,10
13.0370397568,80.1964035034,44225,44235,10
13.0370597839,80.1961593628,44235,44245,10
13.0371599197,80.195640564,44245,44255,10
13.0373001099,80.1948013306,44255,44265,10
13.0374498367,80.1938323975,44265,44275,10
13.037560463,80.1930007935,44275,44286,11
13.0379695892,80.192741394,44286,44296,10
13.0387296677,80.1928482056,44296,44316,20
13.0387296677,80.1928482056,44316,44326,10
13.0389699936,80.1928863525,44326,44336,10
13.039440155,80.1929779053,44336,44346,10
13.0398397446,80.1930465698,44346,44356,10
13.0404701233,80.1931533813,44356,44366,10
13.0411701202,80.1932678223,44366,44376,10
13.0416002274,80.193321228,44376,44386,10
13.0417404175,80.1935424805,44386,44396,10
13.0417203903,80.1938781738,44396,44407,11
13.0417003632,80.1940994263,44407,44417,10
13.0416297913,80.194732666,44417,44427,10
13.0415401459,80.1954193115,44427,44437,10
13.0414600372,80.1960372925,44437,44473,36
13.0414600372,80.1960372925,44473,44485,12
13.0413703918,80.196472168,44485,44493,8
13.0413503647,80.196762085,44493,44505,12
13.0413599014,80.1967697144,44505,44516,11
13.0412597656,80.1972122192,44516,44526,10
13.0411701202,80.197769165,44526,44536,10
13.0410995483,80.1983718872,44536,44546,10
13.0409803391,80.1993026733,44546,44566,20
13.0409803391,80.1993026733,44566,44576,10
13.0409202576,80.1997909546,44576,44586,10
13.0408296585,80.2005081177,44586,44596,10
13.0407104492,80.2013778687,44596,44606,10
13.0406198502,80.2019805908,44606,44616,10
13.0405502319,80.2024230957,44616,44627,11
13.0404100418,80.2033004761,44627,44637,10
13.040309906,80.2039413452,44637,44647,10
13.0402002335,80.2044906616,44647,44657,10
13.0401802063,80.2046813965,44657,44667,10
13.0402002335,80.2049789429,44667,44677,10
13.0406503677,80.2050933838,44677,44687,10
13.0412302017,80.2051696777,44687,44697,10
13.0414400101,80.2051925659,44697,44707,10
13.0420503616,80.2052764893,44707,44717,10
13.0425701141,80.2054214478,44717,44727,10
13.0427303314,80.2056427002,44727,44738,11
13.0431900024,80.2063522339,44738,44748,10
13.0437402725,80.2070999146,44748,44764,16
13.0441398621,80.2083816528,44764,44776,12
13.0441999435,80.2090377808,44776,44786,10
13.0441999435,80.2091217041,44786,44794,8
13.0441799164,80.2093734741,44794,44806,12
13.044210434,80.2100296021,44806,44815,9
13.044260025,80.2106018066,44815,44826,11
13.044260025,80.2113418579,44826,44835,9
13.0443201065,80.2119293213,44835,44846,11
13.0443401337,80.2121582031,44846,44867,21
13.0443401337,80.2121582031,44867,44877,10
13.044719696,80.2122268677,44877,44887,10
13.0454397202,80.2122116089,44887,44898,11
13.0463399887,80.2121887207,44898,44908,10
13.046959877,80.2121429443,44908,44918,10
13.0470104218,80.2121276855,44918,44928,10
13.0471000671,80.2119827271,44928,44938,10
13.0470504761,80.2117767334,44938,44948,10
13.0470504761,80.211769104,44948,44959,11
13.0469999313,80.2115707397,44959,44969,10
13.0469703674,80.2110900879,44969,44979,10
13.0471000671,80.2107772827,44979,44989,10
13.0474796295,80.2107772827,44989,44999,10
13.0481004715,80.2107772827,44999,45009,10
13.0486297607,80.2107620239,45009,45019,10
13.0492601395,80.2107772827,45019,45029,10
13.0495901108,80.2106628418,45029,45039,10
13.0495996475,80.2102203369,45039,45049,10
13.0495300293,80.209602356,45049,45059,10
13.0494403839,80.2090835571,45059,45070,11
13.0494403839,80.2087478638,45070,45080,10
13.049249649,80.2081069946,45080,45090,10
13.0488996506,80.2071533203,45090,45130,40
13.0488996506,80.2071533203,45130,45140,10
13.0490198135,80.2068710327,45140,45170,30
13.0490198135,80.2068710327,45170,45181,11
13.0492801666,80.2068786621,45181,45191,10
13.0492401123,80.2071914673,45191,45312,121
13.0492401123,80.2071914673,45312,45322,10
13.049200058,80.2073364258,45322,45352,30
13.049200058,80.2073364258,45352,45362,10
13.0490198135,80.2074890137,45362,45372,10
13.0491800308,80.2079772949,45372,45382,10
13.0492601395,80.2083282471,45382,45392,10
13.0493898392,80.2088165283,45392,45403,11
13.0495300293,80.2094192505,45403,45413,10
13.0496702194,80.2101516724,45413,45423,10
13.0497303009,80.2108612061,45423,45433,10
13.0497999191,80.2114562988,45433,45443,10
13.0498895645,80.2118682861,45443,45453,10
13.0499296188,80.2120819092,45453,45524,71
13.0499296188,80.2120819092,45524,45534,10
13.049659729,80.2121963501,45534,45544,10
13.0495595932,80.2121963501,45544,45554,10
13.0493898392,80.2121887207,45554,45564,10
13.0489597321,80.2121963501,45564,45574,10
13.0482902527,80.2122268677,45574,45584,10
13.0473299026,80.2123184204,45584,45594,10
13.0463199615,80.2123413086,45594,45604,10
13.0450401306,80.2123794556,45604,45685,81
13.0450401306,80.2123794556,45685,45695,10
13.0447797775,80.2124023438,45695,45705,10
13.0445699692,80.2124176025,45705,45715,10
13.044380188,80.2123794556,45715,45746,31
13.044380188,80.2123794556,45746,45756,10
13.0442495346,80.2121810913,45756,45766,10
13.044210434,80.211517334,45766,45776,10
13.0441799164,80.2107315063,45776,45786,10
13.0441398621,80.2099304199,45786,45796,10
13.0441102982,80.209312439,45796,45806,10
13.0440797806,80.2086334229,45806,45816,10
13.0439996719,80.2077789307,45816,45826,10
13.043589592,80.2069702148,45826,45836,10
13.0429801941,80.2061691284,45836,45847,11
13.0423603058,80.2054901123,45847,45857,10
13.0416603088,80.2052688599,45857,45867,10
13.0409603119,80.2051773071,45867,45877,10
13.0407896042,80.2051696777,45877,45893,16
13.0400104523,80.2050476074,45893,45905,12
13.0392599106,80.2049179077,45905,45915,10
13.0384902954,80.2048110962,45915,45925,10
13.0381698608,80.2047195435,45925,45935,10
13.0381803513,80.2042922974,45935,45945,10
13.0382604599,80.2035598755,45945,45956,11
13.0383796692,80.2027435303,45956,45966,10
13.0384302139,80.2021713257,45966,45975,9
13.0384597778,80.2017364502,45975,45986,11
13.0385704041,80.201171875,45986,45995,9
13.0387001038,80.2003479004,45995,46006,11
13.0388002396,80.1996307373,46006,46016,10
13.0388498306,80.1992034912,46016,46026,10
13.0388898849,80.1989974976,46026,46036,10
13.0389795303,80.1983795166,46036,46046,10
13.0391302109,80.1974563599,46046,46056,10
13.0391998291,80.1968917847,46056,46067,11
13.0392398834,80.196762085,46067,46077,10
13.039270401,80.1964187622,46077,46086,9
13.0393695831,80.1957473755,46086,46097,11
13.0395097733,80.1948394775,46097,46107,10
13.0396604538,80.1937866211,46107,46117,10
13.0397500992,80.1931228638,46117,46127,10
13.0396203995,80.193031311,46127,46137,10
13.0391998291,80.1929702759,46137,46147,10
13.0391101837,80.1929626465,46147,46157,10
13.0389404297,80.1929321289,46157,46167,10
13.0386800766,80.1928710938,46167,46178,11
13.0385799408,80.1928634644,46178,46188,10
13.0382795334,80.1928329468,46188,46198,10
13.0381002426,80.1928329468,46198,46208,10
13.037730217,80.1929626465,46208,46218,10
13.0375795364,80.1937026978,46218,46228,10
13.0374002457,80.1948318481,46228,46238,10
13.0372695923,80.1957168579,46238,46248,10
13.037229538,80.1960220337,46248,46258,10
13.0371999741,80.1961212158,46258,46268,10
13.0370998383,80.1966323853,46268,46278,10
13.0369901657,80.1975631714,46278,46289,11
13.036860466,80.1984100342,46289,46299,10
13.0368299484,80.1987380981,46299,46309,10
13.0368099213,80.1987686157,46309,46319,10
13.0367002487,80.1992034912,46319,46329,10
13.0365600586,80.1999664307,46329,46339,10
13.0364303589,80.2008895874,46339,46349,10
13.0363702774,80.2014465332,46349,46358,9
13.0363798141,80.2015075684,46358,46368,10
13.036359787,80.2016601563,46368,46379,11
13.0362501144,80.2022781372,46379,46389,10
13.0361099243,80.203163147,46389,46400,11
13.0360002518,80.2040328979,46400,46410,10
13.035949707,80.2045669556,46410,46420,10
13.0358600616,80.2052230835,46420,46430,10
13.0357599258,80.2058563232,46430,46440,10
13.0357303619,80.2060165405,46440,46450,10
13.0356302261,80.2066497803,46450,46460,10
13.0354995728,80.2076034546,46460,46470,10
13.0354404449,80.2083206177,46470,46480,10
13.0354204178,80.2084121704,46480,46490,10
13.0353603363,80.2086410522,46490,46500,10
13.0352296829,80.2093734741,46500,46511,11
13.0351104736,80.2102584839,46511,46521,10
13.0349502563,80.2107620239,46521,46531,10
13.034819603,80.2115325928,46531,46541,10
13.034620285,80.2121124268,46541,46551,10
13.034119606,80.212059021,46551,46561,10
13.0334396362,80.2120132446,46561,46571,10
13.0326499939,80.2119293213,46571,46581,10
13.0325098038,80.2118988037,46581,46591,10
13.0322599411,80.2118606567,46591,46601,10
13.031920433,80.2117614746,46601,46611,10
13.0319299698,80.2113189697,46611,46622,11
13.0320396423,80.2104721069,46622,46632,10
13.0320997238,80.2098083496,46632,46642,10
13.0315799713,80.2095489502,46642,46652,10
13.0307502747,80.2093200684,46652,46662,10
13.0301904678,80.2092208862,46662,46672,10
13.0300502777,80.2094802856,46672,46682,10
13.0300397873,80.2095413208,46682,46692,10
13.0302400589,80.2098312378,46692,46702,10
13.0308103561,80.2099761963,46702,46712,10
13.0309495926,80.2101364136,46712,46722,10
13.0309400558,80.2104873657,46722,46733,11
13.0308599472,80.2110595703,46733,46743,10
13.0307998657,80.21144104,46743,46753,10
13.0307502747,80.211807251,46753,46769,16
13.0305595398,80.2130584717,46769,46781,12
13.0305099487,80.2135772705,46781,46791,10
13.0304603577,80.2137832642,46791,46799,8
13.0304002762,80.2142791748,46799,46813,14
13.0303697586,80.2146987915,46813,46823,10
13.0303401947,80.2148132324,46823,46833,10
13.0303401947,80.2153625488,46833,46843,10
13.0303897858,80.216178894,46843,46854,11
13.0305099487,80.2168579102,46854,46864,10
13.030670166,80.2169113159,46864,46874,10
13.030790329,80.2169189453,46874,46884,10
13.0311698914,80.2169189453,46884,46907,23
13.0315504074,80.2181396484,46907,46919,12
13.0321998596,80.2184371948,46919,46929,10
13.0322198868,80.2189178467,46929,46939,10
13.0322399139,80.2199401855,46939,46949,10
13.0322399139,80.2202529907,46949,46960,11
13.0322198868,80.2203826904,46960,46970,10
13.0320796967,80.2210388184,46970,46980,10
13.0318403244,80.2217636108,46980,46989,9
13.0315198898,80.2224121094,46989,46999,10
13.0312299728,80.2230529785,46999,47010,11
13.0311698914,80.2238922119,47010,47018,8
13.0311603546,80.2239303589,47018,47030,12
13.0311002731,80.224281311,47030,47040,10
13.0304203033,80.224281311,47040,47050,10
13.0290603638,80.2242584229,47050,47071,21
13.0290603638,80.2242584229,47071,47081,10
13.0287504196,80.2240829468,47081,47091,10
13.0284004211,80.2242584229,47091,47101,10
13.0282497406,80.2251205444,47101,47111,10
13.0280399323,80.2260894775,47111,47121,10
13.0279197693,80.2267074585,47121,47131,10
13.0279397964,80.2269363403,47131,47141,10
13.0282001495,80.2270812988,47141,47151,10
13.0288295746,80.2271575928,47151,47161,10
13.029540062,80.2272720337,47161,47171,10
13.0302095413,80.2273712158,47171,47182,11
13.030380249,80.2276611328,47182,47192,10
13.0303297043,80.2279586792,47192,47202,10
13.0303297043,80.2279663086,47202,47212,10
13.0303096771,80.2281570435,47212,47222,10
13.0303001404,80.228477478,47222,47232,10
13.0302600861,80.2290802002,47232,47242,10
13.0304899216,80.2297363281,47242,47252,10
13.0306596756,80.2303237915,47252,47262,10
13.0306396484,80.230682373,47262,47272,10
13.0303401947,80.230758667,47272,47282,10
13.0298995972,80.2308120728,47282,47303,21
13.0298995972,80.2308120728,47303,47313,10
13.0297002792,80.2308578491,47313,47323,10
13.029250145,80.2308731079,47323,47333,10
13.0285902023,80.2309188843,47333,47343,10
13.0279197693,80.23097229,47343,47353,10
13.0276603699,80.2310791016,47353,47363,10
13.0276603699,80.231552124,47363,47373,10
13.0277500153,80.2321472168,47373,47383,10
13.0278301239,80.2327575684,47383,47393,10
13.0272502899,80.2329025269,47393,47404,11
13.0268497467,80.2329864502,47404,47414,10
13.0265798569,80.2330322266,47414,47424,10
13.0263004303,80.2326202393,47424,47434,10
13.0260896683,80.231842041,47434,47444,10
13.0258798599,80.2310409546,47444,47454,10
13.0254402161,80.2301025391,47454,47464,10
13.0248403549,80.2293624878,47464,47474,10
13.024720192,80.2292404175,47474,47484,10
13.0246696472,80.2291870117,47484,47494,10
13.0244102478,80.2288284302,47494,47504,10
13.0239896774,80.2283477783,47504,47515,11
13.0238704681,80.228187561,47515,47525,10
13.0237197876,80.2280197144,47525,47535,10
13.0233001709,80.2275695801,47535,47545,10
13.0229301453,80.2272033691,47545,47555,10
13.0223302841,80.2266387939,47555,47565,10
13.0216798782,80.2260971069,47565,47575,10
13.021109581,80.2256393433,47575,47585,10
13.0207700729,80.225402832,47585,47595,10
13.0204801559,80.2252120972,47595,47611,16
13.0195102692,80.224609375,47611,47624,13
13.0183601379,80.2247161865,47624,47634,10
13.0174398422,80.2250823975,47634,47643,9
13.0168600082,80.2253189087,47643,47653,10
13.0165300369,80.2254562378,47653,47664,11
13.0162000656,80.2255706787,47664,47674,10
13.0156698227,80.225730896,47674,47684,10
13.015130043,80.2259597778,47684,47694,10
13.0144701004,80.2262115479,47694,47703,9
13.0143299103,80.226272583,47703,47713,10
13.0143098831,80.226272583,47713,47724,11
13.0138196945,80.2264633179,47724,47735,11
13.0130300522,80.2267532349,47735,47745,10
13.0122003555,80.2270812988,47745,47755,10
13.0112600327,80.2274398804,47755,47765,10
13.0103902817,80.2277984619,47765,47775,10
13.0094499588,80.2282028198,47775,47785,10
13.0090303421,80.2290496826,47785,47795,10
13.0087995529,80.2302017212,47795,47805,10
13.0085802078,80.231338501,47805,47815,10
13.0083599091,80.2325134277,47815,47825,10
13.0082397461,80.2335281372,47825,47835,10
13.0081996918,80.2337036133,47835,47846,11
13.0081195831,80.2339172363,47846,47856,10
13.0079803467,80.23462677,47856,47866,10
13.0077800751,80.2356567383,47866,47876,10
13.0075798035,80.2367172241,47876,47886,10
13.0073604584,80.237739563,47886,47896,10
13.0071802139,80.2387084961,47896,47906,10
13.0070495605,80.2393417358,47906,47916,10
13.0069503784,80.2400817871,47916,47997,81
13.0069503784,80.2400817871,47997,48007,10
13.006939888,80.2404403687,48007,48017,10
13.0068702698,80.2409515381,48017,48027,10
13.0068302155,80.2410430908,48027,48037,10
13.0067796707,80.2415313721,48037,48047,10
13.0067501068,80.2422485352,48047,48057,10
13.0066900253,80.2431411743,48057,48068,11
13.0066604614,80.243812561,48068,48078,10
13.0066699982,80.2444000244,48078,48088,10
13.0066604614,80.2447814941,48088,48098,10
13.0066795349,80.2453308105,48098,48108,10
13.0066795349,80.2457275391,48108,48118,10
13.0066795349,80.2457427979,48118,48128,10
13.0067100525,80.2461166382,48128,48138,10
13.0067195892,80.2467498779,48138,48148,10
13.0067100525,80.2474594116,48148,48158,10
13.0067195892,80.2485427856,48158,48168,10
13.0067901611,80.249671936,48168,48185,17
13.0068302155,80.2500915527,48185,48197,12
13.0067901611,80.2504806519,48197,48207,10
13.006819725,80.2512664795,48207,48227,20
13.006819725,80.2512664795,48227,48237,10
13.0068302155,80.2513885498,48237,48247,10
13.0067100525,80.251739502,48247,48257,10
13.006529808,80.2526397705,48257,48267,10
13.0065202713,80.2535095215,48267,48276,9
13.006529808,80.2543411255,48276,48288,12
13.0066003799,80.2550201416,48288,48298,10
13.0065498352,80.2551879883,48298,48308,10
13.0065603256,80.2559585571,48308,48318,10
13.0067195892,80.2572631836,48318,48419,101
13.0067195892,80.2572631836,48419,48429,10
13.0064897537,80.2575302124,48429,48439,10
13.0060396194,80.2574996948,48439,48449,10
13.0054597855,80.2573928833,48449,48459,10
13.0048303604,80.2572021484,48459,48469,10
13.0040197372,80.2570114136,48469,48479,10
13.0032300949,80.2568817139,48479,48489,10
13.0024995804,80.2567596436,48489,48499,10
13.0016298294,80.2566223145,48499,48556,57
13.0016298294,80.2566223145,48556,48568,12
13.0010404587,80.2565612793,48568,48576,8
13.0005302429,80.2564697266,48576,48586,10
12.9997997284,80.2563323975,48586,48598,12
12.998840332,80.256149292,48598,48608,10
12.998459816,80.2561035156,48608,48618,10
12.9977798462,80.2560119629,48618,48626,8
12.9972896576,80.2559585571,48626,48659,33
12.9972896576,80.2559585571,48659,48669,10
12.9971199036,80.2559967041,48669,48679,10
12.9968996048,80.2562332153,48679,48689,10
12.9968395233,80.2567977905,48689,48699,10
12.9968395233,80.2568969727,48699,48709,10
12.9968004227,80.2573165894,48709,48732,23
12.9965801239,80.259147644,48732,48745,13
12.996509552,80.2597808838,48745,48755,10
12.9964704514,80.2602233887,48755,48765,10
12.9963703156,80.2612533569,48765,48775,10
12.9962997437,80.2618026733,48775,48785,10
12.9962501526,80.262260437,48785,48795,10
12.9962301254,80.2624206543,48795,48805,10
12.9961700439,80.2629165649,48805,48815,10
12.9961204529,80.2635726929,48815,48825,10
12.9960203171,80.2644424438,48825,48835,10
12.9959201813,80.2653274536,48835,48847,12
12.9958095551,80.2665405273,48847,48857,10
12.9958600998,80.2676391602,48857,48877,20
12.9958600998,80.2676391602,48877,48887,10
12.996049881,80.2676391602,48887,48897,10
12.9965696335,80.2677230835,48897,48907,10
12.9973602295,80.2675628662,48907,48917,10
12.9981899261,80.2673187256,48917,48927,10
12.9990797043,80.2670593262,48927,48937,10
12.9999303818,80.266746521,48937,48947,10
13.0,80.2666778564,48947,48958,11
13.0000600815,80.2665786743,48958,48968,10
13.0001602173,80.2661209106,48968,48978,10
13.000289917,80.2656784058,48978,49008,30
13.0003004074,80.2659988403,49008,50088,1080
13.0003499985,80.2660980225,50088,50229,141
13.0003499985,80.2660980225,50229,50245,16
13.0003004074,80.2664413452,50245,50510,265
13.0003004074,80.2664413452,50510,50520,10
13.0002298355,80.2668380737,50520,50530,10
13.0000200272,80.2669219971,50530,50540,10
12.9996299744,80.2670135498,50540,50550,10
12.9991798401,80.2671279907,50550,50560,10
12.9987697601,80.2672424316,50560,50570,10
12.9982995987,80.2673492432,50570,50580,10
12.9978704453,80.2674865723,50580,50590,10
12.9973201752,80.2676315308,50590,50600,10
12.9967603683,80.2677764893,50600,50610,10
12.996219635,80.2677688599,50610,50621,11
12.9957399368,80.2677078247,50621,50631,10
12.9956703186,80.267326355,50631,50651,20
12.9956703186,80.267326355,50651,50661,10
12.9956703186,80.2670669556,50661,50671,10
12.9956798553,80.2669830322,50671,50681,10
12.9956998825,80.2667312622,50681,50691,10
12.995759964,80.2661514282,50691,50701,10
12.9957895279,80.2655181885,50701,50711,10
12.995880127,80.2648773193,50711,50721,10
12.9959697723,80.264213562,50721,50732,11
12.9960603714,80.2634429932,50732,50742,10
12.9961204529,80.262802124,50742,50752,10
12.9961500168,80.2626495361,50752,50762,10
12.9961700439,80.2625198364,50762,50772,10
12.9961900711,80.2621688843,50772,50782,10
12.9962596893,80.261756897,50782,50792,10
12.9963302612,80.2611618042,50792,50802,10
12.9963998795,80.2604370117,50802,50812,10
12.9964599609,80.2597503662,50812,50822,10
12.9965295792,80.2591171265,50822,50832,10
12.9965896606,80.2585220337,50832,50843,11
12.9966897964,80.2576828003,50843,50853,10
12.9967403412,80.2570495605,50853,50863,10
12.9968099594,80.2563476563,50863,50899,36
12.9968099594,80.2563476563,50899,50911,12
12.9969100952,80.2559204102,50911,50919,8
12.9972696304,80.2558364868,50919,50931,12
12.9980401993,80.255897522,50931,50941,10
12.9985599518,80.2559509277,50941,50962,21
12.9985599518,80.2559509277,50962,50972,10
12.9987001419,80.2559814453,50972,50982,10
12.9990797043,80.2560501099,50982,50992,10
12.9994602203,80.256111145,50992,51001,9
12.9996004105,80.2561416626,51001,51012,11
12.9997301102,80.2561569214,51012,51022,10
12.9999303818,80.2562179565,51022,51032,10
13.00041008,80.2563400269,51032,51042,10
13.0008897781,80.2564163208,51042,51052,10
13.0013999939,80.2565231323,51052,51063,11
13.0018796921,80.2566223145,51063,51073,10
13.0024404526,80.256690979,51073,51083,10
13.002989769,80.2567977905,51083,51093,10
13.0034999847,80.2568817139,51093,51103,10
13.0040302277,80.257019043,51103,51113,10
13.0045795441,80.2571182251,51113,51123,10
13.0052404404,80.2572402954,51123,51133,10
13.0059404373,80.2573699951,51133,51143,10
13.006360054,80.2574996948,51143,51174,31
13.006360054,80.2574996948,51174,51184,10
13.0065402985,80.257522583,51184,51194,10
13.006529808,80.2571334839,51194,51204,10
13.0064697266,80.2564620972,51204,51214,10
13.0064897537,80.2556686401,51214,51224,10
13.006529808,80.2548828125,51224,51234,10
13.0065097809,80.2540512085,51234,51244,10
13.0065202713,80.25340271,51244,51264,20
13.0065202713,80.25340271,51264,51274,10
13.006529808,80.2531967163,51274,51325,51
13.006529808,80.2531967163,51325,51335,10
13.006480217,80.2528610229,51335,51345,10
13.0065803528,80.2521514893,51345,51426,81
13.0065803528,80.2521514893,51426,51436,10
13.0066003799,80.2519378662,51436,51446,10
13.0066995621,80.2514190674,51446,51456,10
13.0067396164,80.2506103516,51456,51466,10
13.0067501068,80.2498397827,51466,51476,10
13.0067501068,80.2490768433,51476,51486,10
13.0066604614,80.248336792,51486,51496,10
13.0066204071,80.247833252,51496,51537,41
13.0066204071,80.247833252,51537,51547,10
13.0066003799,80.2476501465,51547,51557,10
13.0066099167,80.2472229004,51557,51567,10
13.0065402985,80.2467193604,51567,51583,16
13.006529808,80.2465896606,51583,51595,12
13.0066204071,80.2462997437,51595,51603,8
13.0066003799,80.2459106445,51603,51615,12
13.0066099167,80.2451705933,51615,51626,11
13.0065803528,80.2445220947,51626,51636,10
13.0065803528,80.2440795898,51636,51646,10
13.0065603256,80.2436904907,51646,51655,9
13.0065402985,80.2433013916,51655,51665,10
13.0065202713,80.2427368164,51665,51675,10
13.0065202713,80.2419967651,51675,51686,11
13.0065498352,80.2412567139,51686,51696,10
13.0066604614,80.2404403687,51696,51737,41
13.0066604614,80.2404403687,51737,51747,10
13.0067195892,80.2401504517,51747,51757,10
13.0068397522,80.2395782471,51757,51767,10
13.0069799423,80.2388076782,51767,51777,10
13.0071401596,80.2380599976,51777,51787,10
13.0073204041,80.2372894287,51787,51797,10
13.0073900223,80.2367172241,51797,51807,10
13.0074195862,80.2366409302,51807,51817,10
13.007519722,80.236328125,51817,51827,10
13.0076398849,80.2357788086,51827,51838,11
13.007809639,80.2349472046,51838,51848,10
13.0079898834,80.234046936,51848,51858,10
13.0081996918,80.232963562,51858,51868,10
13.0084199905,80.2318115234,51868,51878,10
13.0086603165,80.2306900024,51878,51888,10
13.0089197159,80.2295227051,51888,51898,10
13.0091199875,80.2284622192,51898,51908,10
13.0093698502,80.2277984619,51908,51918,10
13.0097198486,80.2269973755,51918,51928,10
13.0101099014,80.2261734009,51928,51938,10
13.0105495453,80.2252807617,51938,51949,11
13.0110197067,80.2241592407,51949,51959,10
13.0113201141,80.2234420776,51959,51969,10
13.0113897324,80.2232208252,51969,51979,10
13.0115203857,80.2229385376,51979,51989,10
13.011759758,80.2223434448,51989,51999,10
13.0120401382,80.2215423584,51999,52009,10
13.0124197006,80.2214431763,52009,52018,9
13.012720108,80.2218399048,52018,52028,10
13.0131998062,80.2223434448,52028,52039,11
13.0138597488,80.2231674194,52039,52049,10
13.0144300461,80.2238922119,52049,52060,11
13.0149002075,80.2243423462,52060,52069,9
13.0150604248,80.2244873047,52069,52080,11
13.0151996613,80.2246322632,52080,52090,10
13.0155096054,80.2248916626,52090,52100,10
13.0156402588,80.2250213623,52100,52110,10
13.0157403946,80.2251205444,52110,52120,10
13.016169548,80.2252883911,52120,52130,10
13.0168504715,80.2251434326,52130,52140,10
13.0175895691,80.2248535156,52140,52150,10
13.0183801651,80.2245178223,52150,52160,10
13.0188999176,80.2243118286,52160,52171,11
13.0192604065,80.2242507935,52171,52180,9
13.0192699432,80.2242584229,52180,52191,11
13.0195198059,80.2243881226,52191,52201,10
13.0198297501,80.2245864868,52201,52211,10
13.02023983,80.224899292,52211,52221,10
13.0206899643,80.2251968384,52221,52231,10
13.0211601257,80.2255783081,52231,52241,10
13.0217599869,80.2260513306,52241,52251,10
13.0224103928,80.2265701294,52251,52261,10
13.0231304169,80.2272109985,52261,52271,10
13.0238304138,80.2277984619,52271,52282,11
13.024189949,80.2281417847,52282,52292,10
13.0243997574,80.2284164429,52292,52302,10
13.0246801376,80.2288818359,52302,52312,10
13.0250196457,80.2293319702,52312,52322,10
13.0254602432,80.2298736572,52322,52332,10
13.0258398056,80.2304916382,52332,52342,10
13.0259504318,80.2307434082,52342,52352,10
13.0260000229,80.2309494019,52352,52362,10
13.0261001587,80.231262207,52362,52372,10
13.0266304016,80.2311325073,52372,52382,10
13.0273704529,80.23097229,52382,52393,11
13.0283498764,80.2308578491,52393,52412,19
13.0283498764,80.2308578491,52412,52423,11
13.0285797119,80.2308502197,52423,52433,10
13.0287103653,80.2308425903,52433,52443,10
13.0291404724,80.2307815552,52443,52453,10
13.0295801163,80.230758667,52453,52463,10
13.0300302505,80.2307128906,52463,52473,10
13.0305099487,80.230682373,52473,52483,10
13.0306396484,80.2305221558,52483,52493,10
13.0305595398,80.2301177979,52493,52503,10
13.0303497314,80.2295379639,52503,52514,11
13.0302600861,80.2288818359,52514,52524,10
13.0303001404,80.2283782959,52524,52534,10
13.0303297043,80.2282562256,52534,52544,10
13.0303697586,80.227897644,52544,52554,10
13.0303602219,80.2275238037,52554,52564,10
13.0298595428,80.2274169922,52564,52574,10
13.0291996002,80.2273025513,52574,52584,10
13.0286502838,80.2272186279,52584,52594,10
13.0283098221,80.227180481,52594,52604,10
13.0280199051,80.2270431519,52604,52614,10
13.027970314,80.2266387939,52614,52625,11
13.0281000137,80.2259597778,52625,52635,10
13.0282497406,80.2251968384,52635,52645,10
13.028380394,80.2244491577,52645,52661,16
13.0284099579,80.2241287231,52661,52673,12
13.0284795761,80.2239608765,52673,52681,8
13.028670311,80.2239227295,52681,52692,11
13.0288200378,80.2239685059,52692,52703,11
13.0292196274,80.2242279053,52703,52713,10
13.0298404694,80.2242584229,52713,52723,10
13.0304698944,80.2242965698,52723,52734,11
13.0310697556,80.2241287231,52734,52744,10
13.0311203003,80.2236709595,52744,52754,10
13.0311698914,80.2232131958,52754,52764,10
13.0312004089,80.2230606079,52764,52774,10
13.0313396454,80.2226409912,52774,52784,10
13.0315599442,80.2222824097,52784,52794,10
13.0317802429,80.2218017578,52794,52804,10
13.0319700241,80.2212371826,52804,52814,10
13.0321598053,80.2204971313,52814,52824,10
13.0321702957,80.219619751,52824,52845,21
13.0321702957,80.219619751,52845,52855,10
13.0321598053,80.2194824219,52855,52865,10
13.0322198868,80.2192001343,52865,52875,10
13.0321702957,80.2186508179,52875,52885,10
13.0317001343,80.218460083,52885,52901,16
13.0314598083,80.2174835205,52901,52913,12
13.0313396454,80.2170410156,52913,52921,8
13.0311098099,80.2170333862,52921,52933,12
13.0305404663,80.2169570923,52933,52943,10
13.0304498672,80.2166366577,52943,52954,11
13.0304498672,80.2166290283,52954,52964,10
13.0304203033,80.2164611816,52964,52974,10
13.0303897858,80.2160415649,52974,52984,10
13.0303401947,80.2153091431,52984,52994,10
13.0303201675,80.2147064209,52994,53005,11
13.0303497314,80.2145080566,53005,53015,10
13.030380249,80.2143173218,53015,53024,9
13.0304498672,80.2138671875,53024,53034,10
13.0305099487,80.2135772705,53034,53045,11
13.0305700302,80.2132034302,53045,53055,10
13.0306501389,80.2126312256,53055,53066,11
13.0307197571,80.2120437622,53066,53076,10
13.030790329,80.2116088867,53076,53086,10
13.03083992,80.2111816406,53086,53096,10
13.0308904648,80.2109603882,53096,53106,10
13.0309495926,80.2104797363,53106,53116,10
13.0309801102,80.2101974487,53116,53126,10
13.0308198929,80.210067749,53126,53136,10
13.0304498672,80.2099609375,53136,53146,10
13.0300397873,80.2098236084,53146,53156,10
13.0300598145,80.2094802856,53156,53166,10
13.0301198959,80.2092437744,53166,53177,11
13.0301799774,80.2091217041,53177,53187,10
13.0305204391,80.2091217041,53187,53197,10
13.0311203003,80.2092590332,53197,53207,10
13.0314998627,80.2093887329,53207,53217,10
13.0315198898,80.2093887329,53217,53227,10
13.0316295624,80.2094192505,53227,53237,10
13.0319700241,80.2095108032,53237,53247,10
13.0325298309,80.2096099854,53247,53257,10
13.0332298279,80.2097091675,53257,53267,10
13.0340299606,80.2098464966,53267,53277,10
13.0348396301,80.2099609375,53277,53288,11
13.0351400375,80.2095794678,53288,53298,10
13.0352096558,80.2089385986,53298,53308,10
13.0352296829,80.2087631226,53308,53318,10
13.0352401733,80.2087097168,53318,53328,10
13.0353002548,80.2083282471,53328,53338,10
13.0354003906,80.2077102661,53338,53354,16
13.0355901718,80.2063293457,53354,53366,12
13.0354604721,80.2059402466,53366,53374,8
13.0354995728,80.205657959,53374,53386,12
13.0355195999,80.2054290771,53386,53396,10
13.0355501175,80.2052612305,53396,53407,11
13.0357503891,80.2051620483,53407,53415,8
13.0358104706,80.2049407959,53415,53427,12
13.0358896255,80.2044219971,53427,53437,10
13.035949707,80.2040100098,53437,53446,9
13.0360202789,80.2035827637,53446,53456,10
13.0361404419,80.2028579712,53456,53467,11
13.0362701416,80.2016830444,53467,53487,20
13.0362701416,80.2016830444,53487,53497,10
13.0362796783,80.201423645,53497,53508,11
13.0363702774,80.2009429932,53508,53518,10
13.0364904404,80.2002410889,53518,53528,10
13.0366096497,80.1993331909,53528,53538,10
13.0367002487,80.198600769,53538,53548,10
13.0367498398,80.1983184814,53548,53558,10
13.0367898941,80.1982727051,53558,53568,10
13.0368499756,80.197883606,53568,53578,10
13.036939621,80.1973419189,53578,53588,10
13.0370502472,80.1964035034,53588,53608,20
13.0370502472,80.1964035034,53608,53619,11
13.0371103287,80.1960296631,53619,53629,10
13.0371999741,80.1954269409,53629,53639,10
13.0373296738,80.1946334839,53639,53649,10
13.0374498367,80.1937179565,53649,53659,10
13.037560463,80.1929397583,53659,53669,10
13.037899971,80.1927337646,53669,53679,10
13.0383396149,80.1927719116,53679,53689,10
13.0387401581,80.1928482056,53689,53699,10
13.0387802124,80.1928482056,53699,53709,10
13.0388803482,80.1928710938,53709,53719,10
13.0392198563,80.1929321289,53719,53730,11
13.0397901535,80.1930389404,53730,53740,10
13.0404100418,80.1931686401,53740,53750,10
13.0410203934,80.1932830811,53750,53760,10
13.0415201187,80.1933517456,53760,53770,10
13.0417098999,80.1935119629,53770,53780,10
13.0417098999,80.1940078735,53780,53790,10
13.0416297913,80.1947021484,53790,53800,10
13.0416002274,80.1952362061,53800,53810,10
13.0415201187,80.1958389282,53810,53820,10
13.0413999557,80.1962127686,53820,53830,10
13.0413398743,80.1966094971,53830,53840,10
13.0413398743,80.196647644,53840,53851,11
13.0413303375,80.1970214844,53851,53861,10
13.0412597656,80.1975479126,53861,53871,10
13.0411396027,80.1982727051,53871,53881,10
13.0410604477,80.1988830566,53881,53891,10
13.041009903,80.1992874146,53891,53901,10
13.041009903,80.1993026733,53901,53911,10
13.0409402847,80.1996994019,53911,53921,10
13.0408000946,80.2003479004,53921,53931,10
13.0407400131,80.2011795044,53931,53941,10
13.0406198502,80.2018508911,53941,53951,10
13.0405797958,80.2021636963,53951,53968,17
13.0404195786,80.2031326294,53968,53980,12
13.0403299332,80.2038574219,53980,53990,10
13.0403003693,80.2041625977,53990,53999,9
13.0402402878,80.2045898438,53999,54012,13
13.0402402878,80.2049407959,54012,54022,10
13.040599823,80.2050323486,54022,54032,10
13.0412101746,80.205116272,54032,54042,10
13.0418901443,80.2052230835,54042,54052,10
13.0425195694,80.2053833008,54052,54062,10
13.0427999496,80.2057495117,54062,54073,11
13.0431900024,80.2062988281,54073,54083,10
13.0436000824,80.2068862915,54083,54106,23
13.0441598892,80.2087173462,54106,54118,12
13.0441703796,80.2090606689,54118,54128,10
13.0441799164,80.2092590332,54128,54138,10
13.0441799164,80.2096328735,54138,54148,10
13.0441904068,80.210319519,54148,54158,10
13.0442199707,80.2111968994,54158,54168,10
13.0442695618,80.2119827271,54168,54178,10
13.0443897247,80.2122192383,54178,54189,11
13.0448303223,80.2121810913,54189,54199,10
13.0455303192,80.2121734619,54199,54209,10
13.0463199615,80.2121429443,54209,54219,10
13.0468502045,80.2121200562,54219,54229,10
13.0469198227,80.2121124268,54229,54239,10
13.0470399857,80.2120666504,54239,54248,9
13.0470600128,80.2118988037,54248,54259,11
13.0470504761,80.2117462158,54259,54269,10
13.0470104218,80.2116622925,54269,54279,10
13.0470199585,80.2112808228,54279,54290,11
13.0470304489,80.2107772827,54290,54300,10
13.0473604202,80.2107086182,54300,54309,9
13.0477399826,80.2107315063,54309,54320,11
13.0482797623,80.2107391357,54320,54330,10
13.0489702225,80.2107391357,54330,54340,10
13.0494699478,80.2107391357,54340,54350,10
13.0495500565,80.2104187012,54350,54360,10
13.0494499207,80.2097625732,54360,54370,10
13.0494003296,80.2090606689,54370,54380,10
13.0493202209,80.2084579468,54380,54390,10
13.0490999222,80.2077789307,54390,54401,11
13.0488796234,80.2071533203,54401,54411,10
13.0488100052,80.2069778442,54411,54427,16
13.0488004684,80.2069396973,54427,54439,12
13.0490903854,80.20677948,54439,54449,10
13.0492401123,80.2070770264,54449,54903,454
13.0492401123,80.2070770264,54903,54913,10
13.049079895,80.2075195313,54913,54923,10
13.0491504669,80.2078094482,54923,54933,10
13.0492601395,80.2082214355,54933,54943,10
13.0493297577,80.2085266113,54943,54954,11
13.0494003296,80.2089004517,54954,54963,9
13.0494804382,80.2093429565,54963,54974,11
13.0495901108,80.2100906372,54974,54984,10
13.0496397018,80.2107009888,54984,54994,10
13.0496902466,80.2111206055,54994,55004,10
13.0497198105,80.2112197876,55004,55014,10
13.0497398376,80.2112731934,55014,55024,10
13.0497903824,80.2115402222,55024,55034,10
13.0498199463,80.2118530273,55034,55044,10
13.0497903824,80.2121276855,55044,55054,10
13.0495195389,80.2121734619,55054,55064,10
13.0494298935,80.2121734619,55064,55075,11
13.0493497849,80.2121582031,55075,55085,10
13.0491199493,80.2121734619,55085,55095,10
13.0487604141,80.2121963501,55095,55105,10
13.0484199524,80.2122192383,55105,55115,10
13.0479001999,80.212272644,55115,55125,10
13.0471601486,80.2123184204,55125,55135,10
13.0462999344,80.2123413086,55135,55145,10
13.045419693,80.2123565674,55145,55155,10
13.0445203781,80.2124023438,55155,55266,111
13.0445203781,80.2124023438,55266,55276,10
13.0441904068,80.2122268677,55276,55287,11
13.0441598892,80.2116470337,55287,55297,10
13.0441398621,80.2109222412,55297,55307,10
13.0441198349,80.2101135254,55307,55317,10
13.0440797806,80.2093887329,55317,55327,10
13.0440797806,80.2090988159,55327,55337,10
13.0440502167,80.2088470459,55337,55347,10
13.0440702438,80.2085876465,55347,55357,10
13.0440301895,80.2079772949,55357,55367,10
13.0437402725,80.2071914673,55367,55377,10
13.0431995392,80.2064590454,55377,55387,10
13.0426197052,80.2056884766,55387,55398,11
13.0418100357,80.2053375244,55398,55408,10
13.0410995483,80.2052612305,55408,55418,10
13.0408201218,80.2052230835,55418,55428,10
13.0407304764,80.2052001953,55428,55438,10
13.0403995514,80.2051620483,55438,55448,10
13.0398797989,80.2051086426,55448,55458,10
13.0393600464,80.205039978,55458,55468,10
13.0387601852,80.2049331665,55468,55478,10
13.0382204056,80.2048568726,55478,55488,10
13.0381803513,80.2045211792,55488,55498,10
13.0382404327,80.2039794922,55498,55509,11
13.0383501053,80.2032623291,55509,55519,10
13.0384502411,80.2026062012,55519,55529,10
13.0385303497,80.2019577026,55529,55539,10
13.038599968,80.2014770508,55539,55549,10
13.0386800766,80.2008895874,55549,55559,10
13.0387601852,80.2003173828,55559,55569,10
13.0388298035,80.1997070313,55569,55579,10
13.0388898849,80.1992874146,55579,55588,9
13.0388803482,80.1992492676,55588,55599,11
13.0389499664,80.1988220215,55599,55609,10
13.0390300751,80.1982727051,55609,55620,11
13.0391397476,80.1975402832,55620,55630,10
13.0392398834,80.1969070435,55630,55640,10
13.0392398834,80.1968383789,55640,55650,10
13.0392999649,80.1965103149,55650,55660,10
13.0393400192,80.1961212158,55660,55670,10
13.039440155,80.1955108643,55670,55680,10
13.0395298004,80.1948165894,55680,55690,10
13.0396499634,80.1940612793,55690,55700,10
13.0396795273,80.1936569214,55700,55710,10
13.0397500992,80.1932907104,55710,55720,10
13.0396499634,80.1930465698,55720,55731,11
13.0396499634,80.1930465698,55731,55741,10
13.039270401,80.1929931641,55741,55751,10
13.0386400223,80.1929016113,55751,55771,20
13.0386400223,80.1929016113,55771,55781,10
13.0384397507,80.1928787231,55781,55791,10
13.0382604599,80.1928482056,55791,55801,10
13.0378103256,80.1929092407,55801,55812,11
13.0376195908,80.193359375,55812,55821,9
13.0374603271,80.1942825317,55821,55831,10
13.0373096466,80.1953582764,55831,55842,11
13.0372200012,80.1960296631,55842,55852,10
13.0372104645,80.1960372925,55852,55862,10
13.0371599197,80.1962432861,55862,55872,10
13.0370798111,80.1968307495,55872,55881,9
13.0369901657,80.1975097656,55881,55892,11
13.036860466,80.1982879639,55892,55902,10
13.0368204117,80.1985931396,55902,55912,10
13.0367898941,80.1986465454,55912,55922,10
13.0367298126,80.198928833,55922,55932,10
13.0366601944,80.1994934082,55932,55942,10
13.0365600586,80.2002792358,55942,55953,11
13.0364398956,80.2011566162,55953,55963,10
13.036359787,80.2016525269,55963,55973,10
13.0363397598,80.2017822266,55973,55983,10
13.0363197327,80.2018966675,55983,55993,10
13.0362796783,80.2023010254,55993,56003,10
13.0361700058,80.2030410767,56003,56013,10
13.0360603333,80.2037963867,56013,56023,10
13.0359897614,80.204460144,56023,56033,10
13.035900116,80.2051086426,56033,56043,10
13.0357904434,80.2058029175,56043,56053,10
13.0357704163,80.2059173584,56053,56064,11
13.0357303619,80.2061309814,56064,56074,10
13.03565979,80.2066268921,56074,56084,10
13.0355501175,80.2073364258,56084,56094,10
13.0354604721,80.2080535889,56094,56104,10
13.0354003906,80.2084503174,56104,56114,10
13.0353603363,80.2086105347,56114,56124,10
13.0352897644,80.2091217041,56124,56134,10
13.035200119,80.2097625732,56134,56144,10
13.0350799561,80.2104034424,56144,56154,10
13.0349197388,80.2107696533,56154,56164,10
13.034819603,80.2114028931,56164,56175,11
13.0346803665,80.2120513916,56175,56185,10
13.0342197418,80.2120666504,56185,56195,10
13.0336904526,80.2120285034,56195,56205,10
13.0331201553,80.2119598389,56205,56215,10
13.0325803757,80.2119293213,56215,56225,10
13.0324401855,80.2119064331,56225,56235,10
13.0322599411,80.2118835449,56235,56245,10
13.0319004059,80.2117385864,56245,56255,10
13.031920433,80.2112503052,56255,56265,10
13.0320100784,80.2105178833,56265,56275,10
13.0320901871,80.2097702026,56275,56326,51
13.0320901871,80.2097702026,56326,56336,10
13.0317001343,80.2096176147,56336,56397,61
13.0317001343,80.2096176147,56397,56407,10
13.03125,80.2095489502,56407,56417,10
13.0307598114,80.2094192505,56417,56427,10
13.0304098129,80.2092971802,56427,56437,10
13.0302200317,80.2092590332,56437,56447,10
13.0300598145,80.209602356,56447,56467,20
13.0300598145,80.209602356,56467,56477,10
13.0301303864,80.2098312378,56477,56487,10
13.030579567,80.2099380493,56487,56497,10
13.0308904648,80.2100296021,56497,56507,10
13.0309400558,80.2102584839,56507,56518,11
13.0308904648,80.2108306885,56518,56534,16
13.03083992,80.2113189697,56534,56546,12
13.0307703018,80.2117233276,56546,56556,10
13.0307197571,80.2120819092,56556,56566,10
13.0306396484,80.2127838135,56566,56576,10
13.0305900574,80.2133789063,56576,56586,10
13.0305404663,80.2136764526,56586,56596,10
13.0304498672,80.2139892578,56596,56606,10
13.030380249,80.2145309448,56606,56616,10
13.0303602219,80.2147674561,56616,56626,10
13.0303401947,80.2149200439,56626,56637,11
13.0303401947,80.2154312134,56637,56647,10
13.030380249,80.2159729004,56647,56657,10
13.0304298401,80.2166290283,56657,56667,10
13.0306396484,80.2168884277,56667,56677,10
13.0307197571,80.2168884277,56677,56687,10
13.0311203003,80.2169418335,56687,56697,10
13.0314102173,80.2170410156,56697,56707,10
13.0314903259,80.2174682617,56707,56717,10
13.0315303802,80.218132019,56717,56726,9
13.0319404602,80.218421936,56726,56738,12
13.0322303772,80.2187805176,56738,56748,10
13.0322198868,80.2193527222,56748,56758,10
13.0321998596,80.2199630737,56758,56768,10
13.0322198868,80.2202911377,56768,56778,10
13.0322303772,80.2203979492,56778,56788,10
13.0321302414,80.2207794189,56788,56798,10
13.031999588,80.2213821411,56798,56808,10
13.0317802429,80.2219009399,56808,56818,10
13.0315904617,80.222366333,56818,56828,10
13.0312995911,80.22290802,56828,56838,10
13.0311603546,80.2235794067,56838,56849,11
13.0311403275,80.2238311768,56849,56859,10
13.031129837,80.2239532471,56859,56869,10
13.0311002731,80.224281311,56869,56879,10
13.0307397842,80.2243270874,56879,56889,10
13.0301399231,80.2243423462,56889,56899,10
13.0294704437,80.2243423462,56899,56909,10
13.0290699005,80.2242889404,56909,56919,10
13.0290002823,80.2242507935,56919,56929,10
13.0287904739,80.2240982056,56929,56939,10
13.0284996033,80.2241516113,56939,56949,10
13.0283699036,80.2246627808,56949,56960,11
13.0281801224,80.2255325317,56960,56970,10
13.0280504227,80.2262878418,56970,56980,10
13.0279302597,80.2268600464,56980,56990,10
13.0280399323,80.2270431519,56990,57000,10
13.0284204483,80.2271270752,57000,57010,10
13.0286502838,80.2271728516,57010,57020,10
13.0288896561,80.2272186279,57020,57030,10
13.029419899,80.2273025513,57030,57040,10
13.030090332,80.2274017334,57040,57050,10
13.0304203033,80.2276229858,57050,57060,10
13.0304098129,80.2279815674,57060,57071,11
13.030380249,80.2282409668,57071,57081,10
13.0303401947,80.2284088135,57081,57091,10
13.03028965,80.2287979126,57091,57101,10
13.0303001404,80.2292327881,57101,57111,10
13.0304899216,80.2297515869,57111,57121,10
13.0306997299,80.2305374146,57121,57161,40
13.0306997299,80.2305374146,57161,57178,17
13.0305099487,80.230796814,57178,57190,12
13.0300397873,80.2308502197,57190,57200,10
13.0298099518,80.2308807373,57200,57209,9
13.0296602249,80.2308807373,57209,57221,12
13.0291795731,80.2309417725,57221,57231,10
13.028459549,80.2309875488,57231,57241,10
13.0278396606,80.2310562134,57241,57251,10
13.0276699066,80.2312316895,57251,57261,10
13.0277395248,80.2317504883,57261,57271,10
13.0278196335,80.2323379517,57271,57281,10
13.0277996063,80.2328262329,57281,57292,11
13.0269699097,80.2330169678,57292,57342,50
13.0269699097,80.2330169678,57342,57352,10
13.0266799927,80.2330093384,57352,57362,10
13.0263500214,80.2329025269,57362,57372,10
13.0261802673,80.2323226929,57372,57382,10
13.0260095596,80.2315826416,57382,57392,10
13.0258102417,80.2308807373,57392,57403,11
13.0253095627,80.2299880981,57403,57413,10
13.0249099731,80.2294921875,57413,57423,10
13.0247097015,80.2292480469,57423,57433,10
13.0246095657,80.2291183472,57433,57443,10
13.0243997574,80.2288589478,57443,57453,10
13.0242700577,80.2286605835,57453,57463,10
13.0238800049,80.2282562256,57463,57483,20
13.0238800049,80.2282562256,57483,57493,10
13.0237197876,80.2280197144,57493,57503,10
13.023440361,80.2277297974,57503,57514,11
13.0230398178,80.2273101807,57514,57524,10
13.0225000381,80.2268218994,57524,57534,10
13.0219202042,80.2263183594,57534,57544,10
13.0213804245,80.2258834839,57544,57554,10
13.0207700729,80.2254104614,57554,57564,10
13.0200996399,80.2249526978,57564,57574,10
13.0193595886,80.2245178223,57574,57584,10
13.018409729,80.2246398926,57584,57594,10
13.0174999237,80.2250213623,57594,57604,10
13.0168504715,80.2252883911,57604,57614,10
13.0165500641,80.2254180908,57614,57625,11
13.0162200928,80.2255401611,57625,57635,10
13.0158100128,80.225692749,57635,57645,10
13.0153903961,80.2258529663,57645,57655,10
13.0149002075,80.2260818481,57655,57665,10
13.0143995285,80.226272583,57665,57675,10
13.0141801834,80.2264099121,57675,57685,10
13.0141096115,80.2264328003,57685,57695,10
13.0137796402,80.2265472412,57695,57705,10
13.013299942,80.2267379761,57705,57715,10
13.0126495361,80.2269821167,57715,57725,10
13.0119304657,80.2272491455,57725,57736,11
13.0109901428,80.2276229858,57736,57746,10
13.0100603104,80.2279968262,57746,57756,10
13.0092201233,80.2284393311,57756,57772,16
13.0088796616,80.2298812866,57772,57784,12
13.0086297989,80.2311172485,57784,57794,10
13.0084495544,80.2321395874,57794,57803,9
13.0083303452,80.2329711914,57803,57814,11
13.0082197189,80.2337417603,57814,57824,10
13.0081996918,80.2338180542,57824,57834,10
13.0081100464,80.2341995239,57834,57845,11
13.0080003738,80.2347793579,57845,57855,10
13.0079698563,80.2350006104,57855,57865,10
13.0079097748,80.2352981567,57865,57875,10
13.0077800751,80.2359771729,57875,57886,11
13.0075798035,80.2369384766,57886,57896,10
13.0073299408,80.2381591797,57896,57906,10
13.0072002411,80.2389602661,57906,57916,10
13.0069904327,80.2398910522,57916,57926,10
13.0068902969,80.2405319214,57926,57936,10
13.0068702698,80.2406692505,57936,57946,10
13.0068397522,80.2408218384,57946,57957,11
13.0068101883,80.2411193848,57957,57967,10
13.0067596436,80.2417373657,57967,57977,10
13.0067596436,80.2425231934,57977,57987,10
13.0067195892,80.2432785034,57987,57997,10
13.0066995621,80.2439117432,57997,58007,10
13.0066900253,80.2445373535,58007,58017,10
13.0066995621,80.2451934814,58017,58027,10
13.0067195892,80.2457504272,58027,58037,10
13.0067396164,80.2459335327,58037,58047,10
13.0067596436,80.2462005615,58047,58058,11
13.006770134,80.2464981079,58058,58068,10
13.0067796707,80.2469787598,58068,58078,10
13.0067596436,80.2476425171,58078,58088,10
13.006770134,80.2483596802,58088,58098,10
13.0068597794,80.2491607666,58098,58108,10
13.0068902969,80.2496032715,58108,58118,10
13.0068902969,80.2496185303,58118,58128,10
13.0068998337,80.249961853,58128,58138,10
13.0068702698,80.2505187988,58138,58148,10
13.0068702698,80.2508468628,58148,58158,10
13.0068798065,80.2512283325,58158,58169,11
13.0067596436,80.2518005371,58169,58179,10
13.0066003799,80.2525863647,58179,58189,10
13.0065898895,80.2535400391,58189,58199,10
13.0066204071,80.2544784546,58199,58209,10
13.0066604614,80.2549819946,58209,58219,10
13.0066604614,80.2551193237,58219,58229,10
13.0066699982,80.255279541,58229,58239,10
13.0066604614,80.2557678223,58239,58249,10
13.0066604614,80.2563476563,58249,58259,10
13.0066604614,80.2570114136,58259,58330,71
13.0066604614,80.2570114136,58330,58340,10
13.0066900253,80.257270813,58340,58350,10
13.0066404343,80.2575912476,58350,58360,10
13.0063199997,80.2576293945,58360,58370,10
13.0058803558,80.2575073242,58370,58380,10
13.0053195953,80.2573471069,58380,58390,10
13.0047597885,80.2572174072,58390,58401,11
13.0040998459,80.2570724487,58401,58411,10
13.003490448,80.2569503784,58411,58421,10
13.0029096603,80.2568435669,58421,58431,10
13.0024299622,80.2567520142,58431,58441,10
13.0019397736,80.2566604614,58441,58451,10
13.0014896393,80.2565994263,58451,58512,61
13.0014896393,80.2565994263,58512,58522,10
13.0013103485,80.2565917969,58522,58532,10
13.0007896423,80.2565231323,58532,58542,10
13.0000896454,80.2563934326,58542,58552,10
12.9993400574,80.2562408447,58552,58562,10
12.9987602234,80.2561264038,58562,58572,10
12.9982995987,80.2560577393,58572,58582,10
12.998000145,80.2560272217,58582,58592,10
12.9976997375,80.2560119629,58592,58602,10
12.9975795746,80.2559967041,58602,58612,10
12.9974498749,80.2559890747,58612,58623,11
12.9970598221,80.2559814453,58623,58633,10
12.9968996048,80.2561798096,58633,58643,10
12.9968795776,80.2566223145,58643,58653,10
12.9968595505,80.256942749,58653,58663,10
12.9968595505,80.2570800781,58663,58673,10
12.9968099594,80.2575378418,58673,58683,10
12.9967298508,80.2582397461,58683,58693,10
12.9966497421,80.2589569092,58693,58703,10
12.9965896606,80.2595672607,58703,58713,10
12.9965400696,80.260093689,58713,58723,10
12.9964504242,80.2608566284,58723,58734,11
12.9963598251,80.261756897,58734,58744,10
12.9962797165,80.2623901367,58744,58754,10
12.9962596893,80.2625732422,58754,58764,10
12.996219635,80.2627487183,58764,58774,10
12.9961700439,80.2633209229,58774,58784,10
12.9960803986,80.2641372681,58784,58794,10
12.9959897995,80.2650604248,58794,58804,10
12.9958600998,80.26612854,58804,58814,10
12.9957399368,80.2672424316,58814,58824,10
12.9958295822,80.2677001953,58824,58834,10
12.9961595535,80.2677383423,58834,58845,11
12.9961595535,80.2677307129,58845,58855,10
12.9962596893,80.2677230835,58855,58865,10
12.9966096878,80.2677688599,58865,58875,10
12.997209549,80.2676391602,58875,58885,10
12.9979000092,80.2674179077,58885,58895,10
12.9986000061,80.2672195435,58895,58905,10
12.9993495941,80.2669906616,58905,58915,10
13.0,80.2667236328,58915,58925,10
13.0000600815,80.2666397095,58925,58935,10
13.0001296997,80.2663803101,58935,58945,10
13.0001802444,80.2659912109,58945,58956,11
13.0003299713,80.2656936646,58956,58966,10
13.0003499985,80.2659225464,58966,58976,10
13.0003700256,80.2661895752,58976,59674,698
13.0003700256,80.2661895752,59674,59684,10
13.0003299713,80.2665176392,59684,59926,242
13.0003299713,80.2665176392,59926,59937,11
13.0002698898,80.2668991089,59937,59957,20
13.0002698898,80.2668991089,59957,59967,10
13.0000495911,80.2669830322,59967,59977,10
12.9996299744,80.2670593262,59977,59987,10
12.999130249,80.2671737671,59987,59997,10
12.9985198975,80.267326355,59997,60007,10
12.9979801178,80.2674789429,60007,60017,10
12.9974803925,80.267616272,60017,60027,10
12.9968795776,80.2677764893,60027,60037,10
12.9961795807,80.2677688599,60037,60047,10
12.9957103729,80.2677383423,60047,60058,11
12.995639801,80.2673034668,60058,60078,20
12.995639801,80.2673034668,60078,60088,10
12.9956798553,80.2671508789,60088,60098,10
12.9957103729,80.2667388916,60098,60108,10
12.9957504272,80.2662811279,60108,60118,10
12.9957895279,80.265838623,60118,60128,10
12.9958400726,80.2654190063,60128,60138,10
12.9959096909,80.2648391724,60138,60148,10
12.9959897995,80.2641983032,60148,60158,10
12.9960803986,80.263458252,60158,60169,11
12.9961395264,80.2628173828,60169,60179,10
12.9961500168,80.2627563477,60179,60189,10
12.9961996078,80.2624588013,60189,60199,10
12.9962501526,80.2620162964,60199,60215,16
12.9963302612,80.2613830566,60215,60227,12
12.9964199066,80.2605819702,60227,60235,8
12.9964599609,80.2601699829,60235,60247,12
12.9964895248,80.2597122192,60247,60257,10
12.9965000153,80.2596282959,60257,60267,10
12.996509552,80.259437561,60267,60278,11
12.9965600967,80.2589569092,60278,60288,10
12.9966201782,80.2584228516,60288,60298,10
12.9967002869,80.2577667236,60298,60308,10
12.9967699051,80.2571563721,60308,60318,10
12.9968204498,80.2567062378,60318,60328,10
12.9968595505,80.2561798096,60328,60419,91
12.9968595505,80.2561798096,60419,60429,10
12.9968996048,80.2559585571,60429,60439,10
12.9970798492,80.2558135986,60439,60449,10
12.9975299835,80.255859375,60449,60459,10
12.9980201721,80.2559280396,60459,60469,10
12.9984798431,80.2559814453,60469,60479,10
12.9987001419,80.2560195923,60479,60500,21
12.9987001419,80.2560195923,60500,60510,10
12.9988603592,80.256072998,60510,60520,10
12.9989299774,80.2560806274,60520,60530,10
12.9991703033,80.256111145,60530,60540,10
12.9996500015,80.2562103271,60540,60550,10
13.0001602173,80.2563171387,60550,60560,10
13.000459671,80.2563934326,60560,60576,16
13.0010099411,80.2564697266,60576,60588,12
13.0013103485,80.2565078735,60588,60596,8
13.0015497208,80.2565612793,60596,60608,12
13.001999855,80.2566375732,60608,60619,11
13.0024003983,80.2566986084,60619,60629,10
13.002790451,80.2567825317,60629,60638,9
13.0033302307,80.2568893433,60638,60649,11
13.0036401749,80.256942749,60649,60658,9
13.003950119,80.2570114136,60658,60669,11
13.0044898987,80.2571105957,60669,60679,10
13.0050401688,80.2572174072,60679,60689,10
13.0056695938,80.2573394775,60689,60699,10
13.0060997009,80.2574005127,60699,60709,10
13.0061502457,80.2574081421,60709,60720,11
13.0064001083,80.2574386597,60720,60730,10
13.0065002441,80.2571868896,60730,60740,10
13.006480217,80.256729126,60740,60750,10
13.0064897537,80.256149292,60750,60760,10
13.0065002441,80.2555007935,60760,60770,10
13.006529808,80.2550964355,60770,60780,10
13.006480217,80.2544937134,60780,60810,30
13.006480217,80.2544937134,60810,60820,10
13.006480217,80.2543182373,60820,60831,11
13.0064897537,80.2542877197,60831,60841,10
13.0065002441,80.2540435791,60841,60851,10
13.0065002441,80.2536621094,60851,60861,10
13.0064897537,80.2532424927,60861,60871,10
13.006480217,80.2531967163,60871,60881,10
13.006480217,80.2530517578,60881,60891,10
13.006480217,80.2528076172,60891,60921,30
13.006480217,80.2528076172,60921,60931,10
13.0065097809,80.2524108887,60931,60942,11
13.0066003799,80.2518615723,60942,60952,10
13.0066995621,80.2512588501,60952,60962,10
13.0067195892,80.2505187988,60962,60972,10
13.0067195892,80.2495498657,60972,60982,10
13.0066604614,80.2487487793,60982,60992,10
13.0066299438,80.2484436035,60992,61002,10
13.0066003799,80.2481384277,61002,61012,10
13.0066099167,80.2477035522,61012,61022,10
13.0066299438,80.2471008301,61022,61032,10
13.0065603256,80.2465896606,61032,61042,10
13.0065803528,80.2464828491,61042,61053,11
13.0065803528,80.246421814,61053,61063,10
13.0065898895,80.2460632324,61063,61073,10
13.0065803528,80.2455673218,61073,61083,10
13.0065803528,80.2452163696,61083,61093,10
13.0065803528,80.2450180054,61093,61103,10
13.0065803528,80.2447891235,61103,61113,10
13.0065898895,80.2445602417,61113,61123,10
13.0066003799,80.2443237305,61123,61133,10
13.0065803528,80.2440109253,61133,61143,10
13.0065803528,80.2436676025,61143,61153,10
13.0065603256,80.2432479858,61153,61164,11
13.0065498352,80.2426300049,61164,61174,10
13.0065402985,80.2418899536,61174,61184,10
13.0065698624,80.2413024902,61184,61194,10
13.0066299438,80.240737915,61194,61224,30
13.0066299438,80.240737915,61224,61234,10
13.0066795349,80.2403793335,61234,61244,10
13.0067300797,80.2401580811,61244,61254,10
13.006819725,80.2396392822,61254,61264,10
13.0069799423,80.2388687134,61264,61275,11
13.0071601868,80.2379608154,61275,61285,10
13.0073299408,80.2372283936,61285,61295,10
13.0073795319,80.2367706299,61295,61315,20
13.0073795319,80.2367706299,61315,61325,10
13.0074901581,80.2364807129,61325,61335,10
13.007610321,80.2359466553,61335,61345,10
13.0077400208,80.2352294922,61345,61355,10
13.007900238,80.2344512939,61355,61365,10
13.0080795288,80.2334976196,61365,61375,10
13.0082902908,80.2323989868,61375,61386,11
13.0085201263,80.2311935425,61386,61396,10
13.0087404251,80.2300720215,61396,61406,10
13.0089597702,80.2289199829,61406,61416,10
13.009180069,80.2280731201,61416,61426,10
13.0094804764,80.2273483276,61426,61436,10
13.0098800659,80.2265014648,61436,61446,10
13.0102996826,80.2257385254,61446,61456,10
13.0106801987,80.2249832153,61456,61466,10
13.0109100342,80.224357605,61466,61476,10
13.0111598969,80.2237930298,61476,61486,10
13.0113401413,80.2232666016,61486,61497,11
13.011639595,80.2225189209,61497,61507,10
13.0119104385,80.2217788696,61507,61517,10
13.0122203827,80.2214126587,61517,61527,10
13.0123701096,80.2215805054,61527,61537,10
13.0127000809,80.2220001221,61537,61547,10
13.0131597519,80.2225189209,61547,61557,10
13.0136604309,80.2230834961,61557,61567,10
13.0141601563,80.2236480713,61567,61577,10
13.0145797729,80.2241592407,61577,61587,10
13.0149803162,80.2245330811,61587,61597,10
13.0156202316,80.2250518799,61597,61618,21
13.0156202316,80.2250518799,61618,61628,10
13.0157003403,80.2251281738,61628,61638,10
13.0159902573,80.2253112793,61638,61648,10
13.0165500641,80.2253112793,61648,61658,10
13.0172395706,80.2250366211,61658,61668,10
13.0179901123,80.2247314453,61668,61678,10
13.0187397003,80.2244186401,61678,61688,10
13.0193004608,80.224281311,61688,61698,10
13.0193595886,80.224281311,61698,61709,11
13.0195798874,80.2244110107,61709,61729,20
13.0195798874,80.2244110107,61729,61739,10
13.0197601318,80.2245483398,61739,61749,10
13.0200595856,80.2247619629,61749,61759,10
13.0205001831,80.2250900269,61759,61769,10
13.0210695267,80.2255172729,61769,61779,10
13.0215597153,80.2258911133,61779,61789,10
13.0218200684,80.2260665894,61789,61799,10
13.0219802856,80.2262115479,61799,61809,10
13.0222196579,80.2264022827,61809,61819,10
13.0223798752,80.2265396118,61819,61830,11
13.0227203369,80.2268218994,61830,61870,40
13.0227203369,80.2268218994,61870,61886,16
13.0228700638,80.2269592285,61886,61898,12
13.0230102539,80.2270812988,61898,61908,10
13.0231199265,80.2272109985,61908,61918,10
13.0232896805,80.2273712158,61918,61928,10
13.0235595703,80.2276229858,61928,61939,11
13.0239601135,80.2279586792,61939,61969,30
13.0239601135,80.2279586792,61969,61979,10
13.0241603851,80.2281723022,61979,61989,10
13.0243997574,80.2284698486,61989,62000,11
13.0245304108,80.2286682129,62000,62010,10
13.0247001648,80.2289123535,62010,62020,10
13.0249004364,80.2292327881,62020,62030,10
13.0251598358,80.2295379639,62030,62071,41
13.0251598358,80.2295379639,62071,62081,10
13.0251998901,80.2296066284,62081,62091,10
13.0254096985,80.2298812866,62091,62101,10
13.0255804062,80.2301330566,62101,62111,10
13.0257101059,80.2303466797,62111,62121,10
13.0257701874,80.2304611206,62121,62131,10
13.0258598328,80.2306671143,62131,62141,10
13.0259504318,80.2309036255,62141,62152,11
13.0260000229,80.2312011719,62152,62162,10
13.02602005,80.2313232422,62162,62172,10
13.0262203217,80.2313537598,62172,62182,10
13.0265903473,80.2312164307,62182,62192,10
13.0269298553,80.2311172485,62192,62343,151
13.0269298553,80.2311172485,62343,62353,10
13.0273103714,80.2310180664,62353,62363,10
13.0275201797,80.23097229,62363,62374,11
13.0277204514,80.2309417725,62374,62464,90
13.0277204514,80.2309417725,62464,62474,10
13.0283203125,80.2308578491,62474,62505,31
13.0283203125,80.2308578491,62505,62515,10
13.0288496017,80.2307891846,62515,62525,10
13.0292301178,80.2307815552,62525,62535,10
13.0295696259,80.2307662964,62535,62545,10
13.0299301147,80.2307434082,62545,62575,30
13.0299301147,80.2307434082,62575,62585,10
13.0304498672,80.230682373,62585,62596,11
13.0306596756,80.2305831909,62596,62606,10
13.0306301117,80.2304077148,62606,62615,9
13.0305404663,80.2299728394,62615,62707,92
13.0305404663,80.2299728394,62707,62717,10
13.0303897858,80.2296066284,62717,62727,10
13.0303201675,80.2294387817,62727,62737,10
13.0302696228,80.2292404175,62737,62747,10
13.0302696228,80.2289810181,62747,62757,10
13.0302600861,80.2289276123,62757,62767,10
13.03028965,80.2286605835,62767,62777,10
13.0303401947,80.2282791138,62777,62797,20
13.0303401947,80.2282791138,62797,62807,10
13.0303497314,80.2281112671,62807,62818,11
13.0303897858,80.2277069092,62818,62828,10
13.0301599503,80.2274780273,62828,62838,10
13.0297002792,80.2274169922,62838,62848,10
13.0290699005,80.2273025513,62848,62858,10
13.0287103653,80.2272415161,62858,62868,10
13.0286397934,80.2272186279,62868,62878,10
13.0283098221,80.2271499634,62878,62888,10
13.0279998779,80.2270278931,62888,62898,10
13.0279102325,80.2267227173,62898,62908,10
13.0280103683,80.2262420654,62908,62918,10
13.0281095505,80.2256317139,62918,62929,11
13.0283098221,80.2247085571,62929,62939,10
13.0284204483,80.2241210938,62939,62949,10
13.0287399292,80.2240219116,62949,62959,10
13.0287504196,80.2240219116,62959,62969,10
13.0289497375,80.2241668701,62969,62979,10
13.0292596817,80.2242889404,62979,62989,10
13.0298204422,80.2242965698,62989,62999,10
13.030500412,80.2243118286,62999,63009,10
13.0310201645,80.2242965698,63009,63019,10
13.0311403275,80.2242584229,63019,63029,10
13.0311403275,80.2238922119,63029,63040,11
13.0311498642,80.2234420776,63040,63041,1
13.0311498642,80.2233886719,63041,63042,1
13.0311603546,80.2233276367,63042,63088,46
13.0318202972,80.2217025757,63088,63098,10
13.0319795609,80.2211380005,63098,63108,10
13.0320901871,80.2206573486,63108,63118,10
13.032119751,80.220123291,63118,63128,10
13.0321598053,80.2197494507,63128,63148,20
13.0321598053,80.2197494507,63148,63159,11
13.0321702957,80.2193222046,63159,63170,11
13.0321502686,80.218711853,63170,63181,11
13.0316801071,80.2184524536,63181,63191,10
13.0314598083,80.2179794312,63191,63201,10
13.0313997269,80.217300415,63201,63211,10
13.0313100815,80.217048645,63211,63221,10
13.0309696198,80.2170028687,63221,63231,10
13.0304498672,80.2169189453,63231,63241,10
13.0304203033,80.2165985107,63241,63251,10
13.0304203033,80.2165298462,63251,63262,11
13.0303897858,80.216178894,63262,63272,10
13.0303602219,80.2156219482,63272,63282,10
13.0303497314,80.2149581909,63282,63292,10
13.0303602219,80.2145309448,63292,63302,10
13.0303602219,80.2145004272,63302,63312,10
13.0304002762,80.2141723633,63312,63322,10
13.0304698944,80.2136993408,63322,63332,10
13.0305204391,80.2134780884,63332,63342,10
13.0305900574,80.2130889893,63342,63352,10
13.0306797028,80.2123794556,63352,63362,10
13.0307502747,80.2118301392,63362,63373,11
13.0308103561,80.2114562988,63373,63383,10
13.03083992,80.2111206055,63383,63393,10
13.0308799744,80.2108917236,63393,63403,10
13.0309495926,80.2103805542,63403,63413,10
13.030960083,80.2101287842,63413,63423,10
13.0307598114,80.2100067139,63423,63433,10
13.0303001404,80.2098770142,63433,63443,10
13.0300102234,80.2097320557,63443,63453,10
13.0301198959,80.2092132568,63453,63534,81
13.0301198959,80.2092132568,63534,63550,16
13.0304002762,80.2090072632,63550,63562,12
13.0310001373,80.2091598511,63562,63570,8
13.0314397812,80.2092895508,63570,63582,12
13.0317001343,80.2093505859,63582,63593,11
13.0318002701,80.2094116211,63593,63603,10
13.0321998596,80.209487915,63603,63613,10
13.0328302383,80.209602356,63613,63623,10
13.0336303711,80.2097625732,63623,63633,10
13.0343904495,80.2098770142,63633,63642,9
13.0350103378,80.2098922729,63642,63652,10
13.0351200104,80.2095031738,63652,63663,11
13.0352296829,80.208732605,63663,63682,19
13.0352296829,80.208732605,63682,63693,11
13.0352201462,80.2086410522,63693,63704,11
13.0352602005,80.2083816528,63704,63714,10
13.0353403091,80.2079772949,63714,63724,10
13.0354404449,80.2073364258,63724,63734,10
13.0355501175,80.2065963745,63734,63744,10
13.0355701447,80.2060623169,63744,63754,10
13.0354604721,80.2058334351,63754,63764,10
13.0354995728,80.2055130005,63764,63774,10
13.0354995728,80.2054977417,63774,63784,10
13.0354995728,80.2054290771,63784,63794,10
13.0356397629,80.2052307129,63794,63805,11
13.035779953,80.2049865723,63805,63815,10
13.0358600616,80.2045822144,63815,63825,10
13.0359201431,80.2042312622,63825,63835,10
13.0359601974,80.2039337158,63835,63845,10
13.0360403061,80.2034301758,63845,63855,10
13.0361404419,80.2026824951,63855,63865,10
13.0362100601,80.2019577026,63865,63875,10
13.0362596512,80.2015304565,63875,63885,10
13.0362596512,80.2015228271,63885,63895,10
13.0362796783,80.2014694214,63895,63905,10
13.036359787,80.2012329102,63905,63915,10
13.0364398956,80.2007293701,63915,63926,11
13.0365495682,80.1998291016,63926,63936,10
13.036649704,80.1989974976,63936,63946,10
13.0367298126,80.1984176636,63946,63955,9
13.036740303,80.1983795166,63955,63966,11
13.0367603302,80.1983413696,63966,63976,10
13.0368099213,80.1979904175,63976,63986,10
13.0369100571,80.1974563599,63986,63996,10
13.0370597839,80.1964416504,63996,64016,20
13.0370597839,80.1964416504,64016,64027,11
13.0371103287,80.1961364746,64027,64037,10
13.0371799469,80.195602417,64037,64047,10
13.0373096466,80.1948013306,64047,64057,10
13.0374202728,80.1939086914,64057,64067,10
13.0375499725,80.1930007935,64067,64077,10
13.0377502441,80.192817688,64077,64087,10
13.0381603241,80.1928024292,64087,64097,10
13.0386800766,80.1928787231,64097,64107,10
13.0388002396,80.1928863525,64107,64117,10
13.0388898849,80.1929168701,64117,64127,10
13.0392198563,80.1929702759,64127,64137,10
13.0395202637,80.1930236816,64137,64158,21
13.0395202637,80.1930236816,64158,64168,10
13.0397396088,80.1930618286,64168,64178,10
13.0399799347,80.1930999756,64178,64188,10
13.0403499603,80.1931381226,64188,64198,10
13.0408096313,80.1932067871,64198,64208,10
13.0414400101,80.193321228,64208,64218,10
13.0417404175,80.1934585571,64218,64228,10
13.0417404175,80.193901062,64228,64238,10
13.0417404175,80.1940383911,64238,64248,10
13.0417003632,80.1943969727,64248,64259,11
13.0416202545,80.195022583,64259,64269,10
13.0415802002,80.1953887939,64269,64279,10
13.0415201187,80.195892334,64279,64289,10
13.0414400101,80.1963882446,64289,64299,10
13.041390419,80.1968078613,64299,64309,10
13.0413799286,80.1968688965,64309,64319,10
13.0413198471,80.1972122192,64319,64329,10
13.0412597656,80.1976165771,64329,64339,10
13.0412397385,80.1977462769,64339,64349,10
13.0412197113,80.1979522705,64349,64359,10
13.0411701202,80.1982574463,64359,64370,11
13.0410804749,80.1989364624,64370,64379,9
13.0410404205,80.1993179321,64379,64390,11
13.041009903,80.19947052,64390,64400,10
13.0409402847,80.1999588013,64400,64410,10
13.0408201218,80.2007369995,64410,64420,10
13.0406999588,80.2015762329,64420,64430,10
13.0406303406,80.202041626,64430,64440,10
13.0405597687,80.2025222778,64440,64450,10
13.0404701233,80.2031326294,64450,64460,10
13.0403604507,80.2039108276,64460,64471,11
13.0402498245,80.2045898438,64471,64481,10
13.0402202606,80.2049789429,64481,64491,10
13.0404901505,80.205078125,64491,64501,10
13.0409698486,80.2051391602,64501,64511,10
13.041270256,80.2051773071,64511,64521,10
13.0413503647,80.2052001953,64521,64531,10
13.041680336,80.2052536011,64531,64541,10
13.0422496796,80.2053527832,64541,64551,10
13.0426797867,80.2054672241,64551,64561,10
13.042840004,80.2058792114,64561,64571,10
13.0432500839,80.2064590454,64571,64582,11
13.0437803268,80.2071762085,64582,64592,10
13.0440797806,80.2078323364,64592,64602,10
13.0441598892,80.2086791992,64602,64612,10
13.0441904068,80.2091903687,64612,64622,10
13.0441904068,80.2092132568,64622,64632,10
13.044210434,80.2095031738,64632,64642,10
13.0442304611,80.2100830078,64642,64652,10
13.044260025,80.2108535767,64652,64662,10
13.0443201065,80.2118911743,64662,64693,31
13.0443201065,80.2118911743,64693,64703,10
13.0443201065,80.2121200562,64703,64713,10
13.0445899963,80.2122879028,64713,64723,10
13.0452098846,80.2122497559,64723,64733,10
13.045999527,80.2122192383,64733,64743,10
13.0467996597,80.2121429443,64743,64763,20
13.0467996597,80.2121429443,64763,64773,10
13.0470199585,80.2120895386,64773,64804,31
13.0470199585,80.2120895386,64804,64814,10
13.0470600128,80.2117080688,64814,64824,10
13.0469999313,80.2112197876,64824,64834,10
13.0469799042,80.2108688354,64834,64844,10
13.0471696854,80.2108001709,64844,64854,10
13.0475702286,80.2108230591,64854,64864,10
13.04804039,80.2108306885,64864,64874,10
13.0486402512,80.2108535767,64874,64884,10
13.0492200851,80.2108764648,64884,64894,10
13.0495195389,80.2108612061,64894,64904,10
13.0496101379,80.2106399536,64904,64915,11
13.0495195389,80.2100372314,64915,64925,10
13.0494403839,80.209487915,64925,64935,10
13.0494298935,80.2089996338,64935,64945,10
13.0493297577,80.2085571289,64945,64955,10
13.0491399765,80.2080001831,64955,64965,10
13.0490398407,80.2077178955,64965,64975,10
13.0488500595,80.2072296143,64975,65015,40
13.0488500595,80.2072296143,65015,65026,11
13.0488195419,80.2070083618,65026,65036,10
13.0488395691,80.2069473267,65036,65046,10
13.0489797592,80.2069015503,65046,65056,10
13.0491800308,80.2069625854,65056,65066,10
13.0492095947,80.2072525024,65066,65611,545
13.0492095947,80.2072525024,65611,65621,10
13.0492095947,80.2074432373,65621,65631,10
13.0491304398,80.2075805664,65631,65641,10
13.049200058,80.207862854,65641,65651,10
13.0493202209,80.2082824707,65651,65661,10
13.0493803024,80.2086029053,65661,65671,10
13.0493898392,80.2087173462,65671,65682,11
13.0494699478,80.2089385986,65682,65692,10
13.049539566,80.2092514038,65692,65702,10
13.0496397018,80.2098312378,65702,65712,10
13.0497198105,80.2105026245,65712,65722,10
13.0497903824,80.2111282349,65722,65732,10
13.0498399734,80.211730957,65732,65782,50
13.0498399734,80.211730957,65782,65793,11
13.0498504639,80.2117919922,65793,65803,10
13.0498695374,80.2120132446,65803,65813,10
13.0498800278,80.2121887207,65813,65823,10
13.0498199463,80.2122497559,65823,65833,10
13.0493497849,80.2122802734,65833,65863,30
13.0493497849,80.2122802734,65863,65873,10
13.0490503311,80.2122421265,65873,65883,10
13.048620224,80.2122573853,65883,65893,10
13.0480298996,80.2123031616,65893,65904,11
13.0472202301,80.2123718262,65904,65914,10
13.0464696884,80.2124023438,65914,65924,10
13.0458803177,80.2124176025,65924,65934,10
13.0457601547,80.2124404907,65934,65944,10
13.0455102921,80.2124481201,65944,65954,10
13.0451803207,80.2124862671,65954,65964,10
13.0448799133,80.2125015259,65964,65974,10
13.0444803238,80.2124862671,65974,65984,10
13.0442399979,80.2120819092,65984,65994,10
13.044210434,80.2114562988,65994,66004,10
13.0441799164,80.2109298706,66004,66015,11
13.0441598892,80.2104797363,66015,66025,10
13.0441503525,80.2102279663,66025,66035,10
13.0441303253,80.2098999023,66035,66045,10
13.044090271,80.2095184326,66045,66055,10
13.0440597534,80.2090072632,66055,66065,10
13.0440597534,80.2089080811,66065,66075,10
13.0440502167,80.2087631226,66075,66085,10
13.0440502167,80.2083129883,66085,66095,10
13.0439500809,80.2076263428,66095,66105,10
13.0435400009,80.2069396973,66105,66115,10
13.0430202484,80.2062225342,66115,66126,11
13.0424804688,80.205581665,66126,66136,10
13.0418701172,80.2053604126,66136,66154,18
13.0410804749,80.2052612305,66154,66166,12
13.0407600403,80.2052230835,66166,66174,8
13.0406999588,80.2052230835,66174,66186,12
13.0405797958,80.2052001953,66186,66195,9
13.0403404236,80.2051696777,66195,66206,11
13.0398302078,80.205078125,66206,66216,10
13.039270401,80.2049636841,66216,66226,10
13.0387401581,80.2049026489,66226,66237,11
13.0382204056,80.2048187256,66237,66247,10
13.0381603241,80.2045822144,66247,66257,10
13.0382003784,80.2041168213,66257,66267,10
13.0382995605,80.2034301758,66267,66277,10
13.0383796692,80.2029190063,66277,66287,10
13.0384397507,80.2024993896,66287,66297,10
13.0385198593,80.2019195557,66297,66307,10
13.0385704041,80.201461792,66307,66317,10
13.038649559,80.2008666992,66317,66327,10
13.0387201309,80.2002716064,66327,66337,10
13.0388298035,80.1996231079,66337,66348,11
13.0388898849,80.1992874146,66348,66358,10
13.0389204025,80.1991577148,66358,66368,10
13.0389499664,80.1988296509,66368,66378,10
13.0390396118,80.1981964111,66378,66388,10
13.0391197205,80.1975631714,66388,66398,10
13.0391902924,80.197052002,66398,66408,10
13.0391998291,80.1969680786,66408,66418,10
13.0392398834,80.196762085,66418,66428,10
13.039270401,80.1964111328,66428,66438,10
13.039349556,80.1959762573,66438,66448,10
13.039440155,80.1953582764,66448,66459,11
13.039560318,80.194519043,66459,66469,10
13.0396995544,80.1937789917,66469,66479,10
13.0397500992,80.1933135986,66479,66499,20
13.0397500992,80.1933135986,66499,66509,10
13.0396099091,80.1930999756,66509,66519,10
13.039270401,80.1930618286,66519,66529,10
13.0389699936,80.1930007935,66529,66539,10
13.0386600494,80.1929397583,66539,66559,20
13.0386600494,80.1929397583,66559,66570,11
13.0381803513,80.1929016113,66570,66580,10
13.0378198624,80.1929397583,66580,66590,10
13.037610054,80.1934280396,66590,66600,10
13.0375003815,80.1942825317,66600,66610,10
13.0373697281,80.1951675415,66610,66620,10
13.0372600555,80.1961364746,66620,66641,21
13.0372600555,80.1961364746,66641,66651,10
13.0372200012,80.1962432861,66651,66661,10
13.0371799469,80.1964797974,66661,66671,10
13.0370998383,80.1970596313,66671,66681,10
13.0370197296,80.1976623535,66681,66692,11
13.0369300842,80.1982269287,66692,66702,10
13.0368700027,80.1987533569,66702,66732,30
13.0368700027,80.1987533569,66732,66742,10
13.0368499756,80.1989212036,66742,66752,10
13.0368003845,80.1992416382,66752,66762,10
13.0367298126,80.1996765137,66762,66772,10
13.0366296768,80.2002487183,66772,66783,11
13.036529541,80.2009811401,66783,66793,10
13.0364303589,80.2015686035,66793,66803,10
13.0363998413,80.2019195557,66803,66823,20
13.0363998413,80.2019195557,66823,66833,10
13.0363197327,80.2020797729,66833,66843,10
13.0362901688,80.2022781372,66843,66853,10
13.0362300873,80.2026977539,66853,66863,10
13.0361404419,80.2033233643,66863,66873,10
13.03606987,80.2039489746,66873,66883,10
13.0360202789,80.2043380737,66883,66894,11
13.0359897614,80.2045898438,66894,66904,10
13.0359401703,80.2049636841,66904,66914,10
13.0358600616,80.2054595947,66914,66924,10
13.0358200073,80.205871582,66924,66934,10
13.0358104706,80.205909729,66934,66944,10
13.035779953,80.2060775757,66944,66954,10
13.0357103348,80.2065429688,66954,66964,10
13.0356197357,80.2072372437,66964,66974,10
13.0355195999,80.207901001,66974,66984,10
13.0354700089,80.2084274292,66984,66994,10
13.0354299545,80.2085723877,66994,67005,11
13.0353899002,80.208732605,67005,67015,10
13.035320282,80.2092285156,67015,67025,10
13.0352296829,80.2098693848,67025,67035,10
13.0351600647,80.2104110718,67035,67045,10
13.0349798203,80.2107620239,67045,67055,10
13.0348901749,80.2113113403,67055,67065,10
13.0347900391,80.2119903564,67065,67075,10
13.0344600677,80.2121963501,67075,67085,10
13.0339803696,80.2121124268,67085,67095,10
13.0334196091,80.212059021,67095,67105,10
13.0324802399,80.2119598389,67105,67126,21
13.0324802399,80.2119598389,67126,67136,10
13.0322999954,80.2119598389,67136,67146,10
13.0319404602,80.2118377686,67146,67156,10
13.0319004059,80.2114334106,67156,67166,10
13.0319499969,80.210899353,67166,67176,10
13.0320301056,80.2104187012,67176,67186,10
13.0320701599,80.2100067139,67186,67196,10
13.0320796967,80.2098083496,67196,67206,10
13.031920433,80.2097167969,67206,67216,10
13.0317001343,80.2096786499,67216,67247,31
13.0317001343,80.2096786499,67247,67257,10
13.0315198898,80.2096786499,67257,67267,10
13.0312099457,80.2095489502,67267,67277,10
13.0304403305,80.209312439,67277,67335,58
13.0304403305,80.209312439,67335,67346,11
13.0301599503,80.2092590332,67346,67356,10
13.0300998688,80.2094726563,67356,67365,9
13.0300598145,80.2096405029,67365,67377,12
13.0300302505,80.2097320557,67377,67387,10
13.0302000046,80.2098999023,67387,67397,10
13.0306596756,80.2100219727,67397,67407,10
13.0309095383,80.2100830078,67407,67417,10
13.0309896469,80.2102966309,67417,67427,10
13.0309495926,80.2107009888,67427,67437,10
13.0308799744,80.211151123,67437,67448,11
13.0308504105,80.2114334106,67448,67458,10
13.0308103561,80.2117614746,67458,67468,10
13.0307598114,80.2120666504,67468,67478,10
13.0306901932,80.2125473022,67478,67488,10
13.0306196213,80.2131271362,67488,67498,10
13.0305404663,80.2136306763,67498,67508,10
13.030500412,80.2138824463,67508,67518,10
13.0304203033,80.2143173218,67518,67528,10
13.0303697586,80.214881897,67528,67548,20
13.0303697586,80.214881897,67548,67559,11
13.0303897858,80.2151870728,67559,67569,10
13.0304002762,80.215713501,67569,67579,10
13.0304203033,80.2161636353,67579,67589,10
13.0304603577,80.2165985107,67589,67599,10
13.0307102203,80.2169723511,67599,67619,20
13.0307102203,80.2169723511,67619,67629,10
13.0310297012,80.2169876099,67629,67639,10
13.0312995911,80.2170028687,67639,67649,10
13.0314798355,80.2171707153,67649,67659,10
13.0315198898,80.2175979614,67659,67670,11
13.0315799713,80.2183074951,67670,67680,10
13.0320501328,80.2184829712,67680,67690,10
13.0322303772,80.2187576294,67690,67700,10
13.0322303772,80.2194900513,67700,67720,20
13.0322303772,80.2194900513,67720,67730,10
13.0322198868,80.2196121216,67730,67740,10
13.0322198868,80.2199020386,67740,67750,10
13.0322303772,80.220413208,67750,67770,20
13.0322303772,80.220413208,67770,67781,11
13.0321903229,80.2206420898,67781,67791,10
13.0320501328,80.2210998535,67791,67801,10
13.031920433,80.2216110229,67801,67811,10
13.0316801071,80.2221221924,67811,67821,10
13.0314903259,80.2225494385,67821,67831,10
13.0312404633,80.2229995728,67831,67841,10
13.0311603546,80.2235183716,67841,67851,10
13.0311603546,80.2239303589,67851,67861,10
13.0311603546,80.2239532471,67861,67871,10
13.0311698914,80.2241821289,67871,67881,10
13.0310201645,80.2244033813,67881,67892,11
13.0305595398,80.2244033813,67892,67902,10
13.0300197601,80.2243881226,67902,67912,10
13.0294704437,80.2243804932,67912,67922,10
13.0290603638,80.2243118286,67922,67942,20
13.0290603638,80.2243118286,67942,67952,10
13.0286998749,80.2241668701,67952,67962,10
13.028459549,80.2244110107,67962,67972,10
13.0283098221,80.2250518799,67972,67982,10
13.0281801224,80.225692749,67982,67992,10
13.0280399323,80.2263183594,67992,68003,11
13.0279397964,80.2268981934,68003,68013,10
13.0280303955,80.2271194458,68013,68023,10
13.028380394,80.2271881104,68023,68033,10
13.0285596848,80.2272262573,68033,68043,10
13.0287303925,80.2272567749,68043,68053,10
13.029129982,80.2273178101,68053,68063,10
13.029709816,80.2274169922,68063,68073,10
13.03028965,80.2275238037,68073,68083,10
13.0304498672,80.227722168,68083,68093,10
13.0304002762,80.2280731201,68093,68103,10
13.030380249,80.2283096313,68103,68114,11
13.0303602219,80.2284088135,68114,68124,10
13.0303201675,80.228767395,68124,68134,10
13.0303001404,80.2292098999,68134,68144,10
13.0304498672,80.2296676636,68144,68154,10
13.0306301117,80.2302322388,68154,68164,10
13.0306901932,80.2304382324,68164,68174,10
13.0307197571,80.2305908203,68174,68184,10
13.0305995941,80.2308273315,68184,68194,10
13.0302600861,80.2308502197,68194,68204,10
13.0298595428,80.2309036255,68204,68215,11
13.0298299789,80.2309036255,68215,68225,10
13.0297603607,80.2309188843,68225,68235,10
13.0293998718,80.2309494019,68235,68245,10
13.0289001465,80.2309799194,68245,68255,10
13.0282497406,80.231048584,68255,68265,10
13.0277204514,80.2311019897,68265,68275,10
13.0276899338,80.2314376831,68275,68285,10
13.0277395248,80.2319335938,68285,68295,10
13.0278396606,80.2325668335,68295,68305,10
13.0277299881,80.2329025269,68305,68315,10
13.0274400711,80.2329406738,68315,68325,10
13.0274295807,80.2329483032,68325,68336,11
13.0272302628,80.233039856,68336,68346,10
13.027009964,80.2330703735,68346,68362,16
13.0266599655,80.2331008911,68362,68374,12
13.0263900757,80.2329788208,68374,68384,10
13.0262403488,80.2325897217,68384,68393,9
13.0260400772,80.231880188,68393,68404,11
13.0258398056,80.2310714722,68404,68416,12
13.0254001617,80.2302017212,68416,68427,11
13.0249204636,80.2295684814,68427,68437,10
13.0246200562,80.2292022705,68437,68469,32
13.0246200562,80.2292022705,68469,68479,10
13.0245399475,80.2291030884,68479,68489,10
13.0243196487,80.2287902832,68489,68499,10
13.0239200592,80.2283401489,68499,68519,20
13.0239200592,80.2283401489,68519,68529,10
13.0237998962,80.2281417847,68529,68539,10
13.0235500336,80.227897644,68539,68550,11
13.0233001709,80.2276535034,68550,68560,10
13.0230197906,80.2273712158,68560,68570,10
13.0226802826,80.2270584106,68570,68580,10
13.0223703384,80.2267608643,68580,68590,10
13.0220298767,80.2264709473,68590,68600,10
13.0215101242,80.2260437012,68600,68610,10
13.0209598541,80.2256088257,68610,68620,10
13.0202798843,80.225151062,68620,68630,10
13.0194797516,80.2246398926,68630,68640,10
13.0186595917,80.224647522,68640,68650,10
13.0183401108,80.2247924805,68650,68661,11
13.0183095932,80.2248077393,68661,68671,10
13.0181798935,80.224861145,68671,68687,16
13.0180397034,80.2249221802,68687,68699,12
13.0179100037,80.2249832153,68699,68709,10
13.0177402496,80.2250366211,68709,68719,10
13.0176200867,80.2250900269,68719,68729,10
13.0174703598,80.2251586914,68729,68739,10
13.0173196793,80.2252197266,68739,68749,10
13.0171804428,80.2252807617,68749,68759,10
13.0170402527,80.2253417969,68759,68770,11
13.0169095993,80.2253875732,68770,68780,10
13.0166397095,80.2255020142,68780,68800,20
13.0166397095,80.2255020142,68800,68810,10
13.0164604187,80.2255630493,68810,68820,10
13.0162200928,80.2256164551,68820,68830,10
13.0160598755,80.225692749,68830,68839,9
13.0157604218,80.2257766724,68839,68850,11
13.0151996613,80.2260131836,68850,68860,10
13.0146198273,80.2262191772,68860,68869,9
13.0142297745,80.2263793945,68869,68881,12
13.0141801834,80.2264022827,68881,68891,10
13.0141000748,80.2264175415,68891,68901,10
13.0137395859,80.2265472412,68901,68911,10
13.0131502151,80.2267913818,68911,68921,10
13.0124702454,80.2270584106,68921,68931,10
13.0117702484,80.2273178101,68931,68941,10
13.0109596252,80.2276382446,68941,68951,10
13.0101299286,80.2279891968,68951,68961,10
13.0093002319,80.2283782959,68961,68971,10
13.0090503693,80.2291183472,68971,68981,10
13.0088701248,80.2300186157,68981,68992,11
13.0086603165,80.2311172485,68992,69002,10
13.008480072,80.2320632935,69002,69012,10
13.0083398819,80.2328720093,69012,69022,10
13.0082302094,80.2336502075,69022,69042,20
13.0082302094,80.2336502075,69042,69052,10
13.0081996918,80.2337875366,69052,69062,10
13.0081100464,80.234161377,69062,69072,10
13.0079898834,80.2346878052,69072,69082,10
13.0078897476,80.2352600098,69082,69092,10
13.0077695847,80.2358627319,69092,69103,11
13.0075998306,80.2367477417,69103,69113,10
13.0074596405,80.237449646,69113,69123,10
13.007349968,80.237953186,69123,69133,10
13.0072097778,80.2387084961,69133,69143,10
13.0070495605,80.2395706177,69143,69274,131
13.0070495605,80.2395706177,69274,69284,10
13.0069904327,80.2398529053,69284,69294,10
13.0069704056,80.2402114868,69294,69304,10
13.006819725,80.2410202026,69304,69325,21
13.006819725,80.2410202026,69325,69335,10
13.0067501068,80.2414474487,69335,69345,10
13.0067195892,80.2421722412,69345,69355,10
13.0066900253,80.2430496216,69355,69365,10
13.0066795349,80.243560791,69365,69375,10
13.0066900253,80.2438583374,69375,69385,10
13.0067100525,80.2443237305,69385,69395,10
13.0067100525,80.2447509766,69395,69405,10
13.0067195892,80.2452392578,69405,69415,10
13.0067195892,80.2457427979,69415,69425,10
13.0067300797,80.2463378906,69425,69436,11
13.0067396164,80.2470092773,69436,69452,16
13.0067300797,80.2480697632,69452,69464,12
13.0067901611,80.2490081787,69464,69474,10
13.0068597794,80.2496871948,69474,69494,20
13.0068597794,80.2496871948,69494,69504,10
13.0068397522,80.2499771118,69504,69514,10
13.0068101883,80.2504425049,69514,69524,10
13.0067796707,80.2515792847,69524,69545,21
13.0067796707,80.2515792847,69545,69555,10
13.0067796707,80.251701355,69555,69564,9
13.0066900253,80.2520523071,69564,69575,11
13.0065698624,80.2527236938,69575,69585,10
13.0065698624,80.2535400391,69585,69595,10
13.0065603256,80.2543334961,69595,69605,10
13.0066099167,80.2552032471,69605,69625,20
13.0066099167,80.2552032471,69625,69635,10
13.0066003799,80.2553787231,69635,69645,10
13.0066099167,80.2558517456,69645,69656,11
13.0066003799,80.2564468384,69656,69666,10
13.0066299438,80.2571182251,69666,69726,60
13.0066299438,80.2571182251,69726,69736,10
13.0066795349,80.2571563721,69736,69746,10
13.0067195892,80.2574081421,69746,69756,10
13.0065603256,80.257598877,69756,69767,11
13.0061302185,80.2575683594,69767,69777,10
13.0056800842,80.2574462891,69777,69787,10
13.0051603317,80.2573165894,69787,69797,10
13.0044898987,80.2571868896,69797,69807,10
13.0038604736,80.2570571899,69807,69817,10
13.0031795502,80.2569274902,69817,69819,2
13.0031795502,80.2569274902,69819,69887,68
13.0014801025,80.2566375732,69887,69897,10
13.00096035,80.2565765381,69897,69907,10
13.0003299713,80.2564697266,69907,69917,10
12.9995803833,80.2563400269,69917,69927,10
12.9989004135,80.2562103271,69927,69937,10
12.9981403351,80.2561035156,69937,69947,10
12.9973602295,80.2560424805,69947,69957,10
12.9968900681,80.2562103271,69957,69968,11
12.9968299866,80.2568664551,69968,69989,21
12.9968299866,80.2568664551,69989,69999,10
12.9968299866,80.2569580078,69999,70010,11
12.9968204498,80.257232666,70010,70021,11
12.9967699051,80.2576980591,70021,70031,10
12.9967002869,80.2582931519,70031,70041,10
12.9966402054,80.2589111328,70041,70051,10
12.9965801239,80.2593765259,70051,70061,10
12.9965400696,80.2596511841,70061,70071,10
12.996509552,80.2600631714,70071,70081,10
12.9964399338,80.2606964111,70081,70092,11
12.9963703156,80.2613296509,70092,70102,10
12.9963197708,80.26171875,70102,70112,10
12.9962902069,80.2620391846,70112,70122,10
12.9962100983,80.2624588013,70122,70142,20
12.9962100983,80.2624588013,70142,70152,10
12.9961500168,80.2626571655,70152,70162,10
12.9961099625,80.2630691528,70162,70172,10
12.9960803986,80.2635574341,70172,70182,10
12.9960203171,80.2642211914,70182,70192,10
12.9959497452,80.2649612427,70192,70203,11
12.9958496094,80.2657928467,70203,70213,10
12.9957704544,80.2665863037,70213,70223,10
12.9956998825,80.2673873901,70223,70233,10
12.9957799911,80.2677383423,70233,70243,10
12.9961204529,80.2677612305,70243,70253,10
12.9961500168,80.2677612305,70253,70263,10
12.9962396622,80.2677688599,70263,70273,10
12.9965696335,80.2677993774,70273,70283,10
12.9971199036,80.2676925659,70283,70293,10
12.9975996017,80.267539978,70293,70303,10
12.9979496002,80.2674636841,70303,70314,11
12.9984502792,80.2673034668,70314,70324,10
12.9990901947,80.2671203613,70324,70334,10
12.9996299744,80.2669372559,70334,70344,10
13.0000200272,80.2666625977,70344,70354,10
13.0000295639,80.2666320801,70354,70364,10
13.0001001358,80.2665405273,70364,70374,10
13.000120163,80.2662963867,70374,70384,10
13.0002002716,80.2658004761,70384,70404,20
13.0002002716,80.2658004761,70404,70414,10
13.0003299713,80.2658920288,70414,70425,11
13.0002803802,80.2661437988,70425,70435,10
13.0002202988,80.2664489746,70435,70768,333
13.0002202988,80.2664489746,70768,70778,10
13.0003204346,80.2667388916,70778,70788,10
13.0002698898,80.2668762207,70788,70798,10
13.0002202988,80.2669296265,70798,70808,10
13.0000200272,80.2670135498,70808,70818,10
12.9996595383,80.2670974731,70818,70828,10
12.9991998672,80.2671966553,70828,70838,10
12.9987297058,80.2673416138,70838,70848,10
12.998169899,80.2674789429,70848,70859,11
12.9976301193,80.2676391602,70859,70869,10
12.9973402023,80.2677001953,70869,70879,10
12.9968500137,80.2678527832,70879,70889,10
12.9963197708,80.2678604126,70889,70899,10
12.9957895279,80.2678375244,70899,70909,10
12.9956502914,80.2677993774,70909,70919,10
12.9956197739,80.2675018311,70919,70929,10
12.9956302643,80.2674484253,70929,70939,10
12.9956703186,80.2670974731,70939,70949,10
12.9957304001,80.2665634155,70949,70965,16
12.9958400726,80.2654571533,70965,70978,13
12.9959497452,80.2646179199,70978,70988,10
12.9960203171,80.2640075684,70988,70997,9
12.9960699081,80.2634811401,70997,71007,10
12.9961099625,80.2629394531,71007,71018,11
12.9961204529,80.2627105713,71018,71028,10
12.9961395264,80.2626113892,71028,71038,10
12.9961700439,80.2623901367,71038,71048,10
12.9961996078,80.2621002197,71048,71058,10
12.9962301254,80.2619476318,71058,71068,10
12.9962701797,80.2617492676,71068,71079,11
12.9963102341,80.2614593506,71079,71089,10
12.996339798,80.2611236572,71089,71099,10
12.9964103699,80.2605285645,71099,71109,10
12.9964504242,80.2599334717,71109,71119,10
12.9965000153,80.2594223022,71119,71129,10
12.996509552,80.2590866089,71129,71139,10
12.9965600967,80.2587509155,71139,71149,10
12.9965896606,80.2584228516,71149,71159,10
12.9966402054,80.2580490112,71159,71169,10
12.9966802597,80.2576217651,71169,71185,16
12.9967298508,80.2574310303,71185,71198,13
12.9967899323,80.2568130493,71198,71208,10
12.9968299866,80.2562103271,71208,71268,60
12.9968299866,80.2562103271,71268,71278,10
12.9969301224,80.2559814453,71278,71288,10
12.9970998764,80.255859375,71288,71299,11
12.9975700378,80.2558898926,71299,71309,10
12.9980297089,80.2559509277,71309,71319,10
12.9988603592,80.2560577393,71319,71339,20
12.9988603592,80.2560577393,71339,71349,10
12.9989795685,80.256072998,71349,71359,10
12.9992904663,80.2561416626,71359,71369,10
12.9997797012,80.2562484741,71369,71379,10
13.0003700256,80.2563705444,71379,71389,10
13.0010700226,80.2564620972,71389,71399,10
13.0017404556,80.2565765381,71399,71409,10
13.002409935,80.2566986084,71409,71426,17
13.0034399033,80.2569122314,71426,71438,12
13.0042600632,80.2570724487,71438,71448,10
13.0048398972,80.2571868896,71448,71458,10
13.0060100555,80.2573928833,71458,71498,40
13.0060100555,80.2573928833,71498,71508,10
13.0062704086,80.2574691772,71508,71519,11
13.0065002441,80.2573776245,71519,71529,10
13.0064697266,80.2570037842,71529,71538,9
13.0064601898,80.2565536499,71538,71549,11
13.0064496994,80.2558364868,71549,71559,10
13.006480217,80.2551269531,71559,71569,10
13.0064496994,80.2544403076,71569,71579,10
13.0064296722,80.2533493042,71579,71609,30
13.0064296722,80.2533493042,71609,71619,10
13.0064296722,80.2530517578,71619,71630,11
13.0064601898,80.252571106,71630,71640,10
13.0065603256,80.2520599365,71640,71650,10
13.0066900253,80.2512283325,71650,71660,10
13.0066900253,80.2502593994,71660,71670,10
13.0066404343,80.2491607666,71670,71730,60
13.0066404343,80.2491607666,71730,71741,11
13.0066404343,80.2489929199,71741,71751,10
13.0065898895,80.2484207153,71751,71771,20
13.0065898895,80.2484207153,71771,71781,10
13.0065803528,80.248260498,71781,71791,10
13.0065498352,80.2479171753,71791,71872,81
13.0065803528,80.2476196289,71872,71892,20
13.0065803528,80.2476196289,71892,71902,10
13.0066099167,80.2473220825,71902,71912,10
13.0065898895,80.2469024658,71912,71922,10
13.006529808,80.2466201782,71922,71932,10
13.0065202713,80.2465896606,71932,71942,10
13.0065698624,80.2463531494,71942,71952,10
13.0065603256,80.2458877563,71952,71963,11
13.0065498352,80.2452316284,71963,71973,10
13.0065603256,80.2446899414,71973,71983,10
13.0065498352,80.244140625,71983,71993,10
13.0065603256,80.2436828613,71993,72003,10
13.006529808,80.2433395386,72003,72013,10
13.0065202713,80.2428588867,72013,72023,10
13.0065202713,80.2421188354,72023,72033,10
13.006529808,80.2414169312,72033,72043,10
13.0066204071,80.2406463623,72043,72124,81
13.0066204071,80.2406463623,72124,72134,10
13.0066003799,80.2404785156,72134,72144,10
13.0066699982,80.240272522,72144,72154,10
13.0067396164,80.2399291992,72154,72164,10
13.0068302155,80.2394790649,72164,72174,10
13.006939888,80.238899231,72174,72185,11
13.0070495605,80.2384796143,72185,72195,10
13.0071201324,80.2380828857,72195,72205,10
13.007229805,80.2376403809,72205,72215,10
13.0073299408,80.2370986938,72215,72225,10
13.0073404312,80.2369232178,72225,72235,10
13.007349968,80.2368469238,72235,72245,10
13.0074100494,80.236656189,72245,72255,10
13.0074596405,80.2365112305,72255,72265,10
13.0075597763,80.2360076904,72265,72275,10
13.0077104568,80.2352676392,72275,72285,10
13.0079097748,80.2342834473,72285,72296,11
13.0081596375,80.2330093384,72296,72306,10
13.0083799362,80.2318878174,72306,72316,10
13.0085601807,80.2309417725,72316,72326,10
13.0087404251,80.2300109863,72326,72336,10
13.0088396072,80.2295227051,72336,72346,10
13.0088596344,80.2294616699,72346,72356,10
13.0089197159,80.2292404175,72356,72366,10
13.0089797974,80.2288970947,72366,72376,10
13.0090999603,80.2283935547,72376,72397,21
13.0090999603,80.2283935547,72397,72407,10
13.0091400146,80.2282485962,72407,72417,10
13.0091695786,80.2281570435,72417,72427,10
13.0092201233,80.2280273438,72427,72437,10
13.0093603134,80.2276992798,72437,72447,10
13.0094995499,80.2273864746,72447,72457,10
13.0097198486,80.2269287109,72457,72497,40
13.0097198486,80.2269287109,72497,72508,11
13.0097799301,80.2267532349,72508,72518,10
13.0098800659,80.2265472412,72518,72528,10
13.0099802017,80.2263565063,72528,72538,10
13.0100698471,80.2261810303,72538,72548,10
13.0101995468,80.225982666,72548,72558,10
13.0103197098,80.2257537842,72558,72578,20
13.0103197098,80.2257537842,72578,72588,10
13.0103797913,80.2256393433,72588,72598,10
13.0104904175,80.225402832,72598,72608,10
13.0106201172,80.2250976563,72608,72619,11
13.0107402802,80.224822998,72619,72629,10
13.0109195709,80.2243881226,72629,72639,10
13.011179924,80.2237625122,72639,72649,10
13.0114803314,80.2229995728,72649,72659,10
13.0118303299,80.2219924927,72659,72669,10
13.0122098923,80.2214736938,72669,72679,10
13.0124597549,80.2217636108,72679,72688,9
13.0127801895,80.2221984863,72688,72700,12
13.0133800507,80.2228393555,72700,72710,10
13.0138301849,80.2233581543,72710,72720,10
13.0143098831,80.2239379883,72720,72731,11
13.0149202347,80.2245788574,72731,72741,10
13.0152397156,80.2249069214,72741,72751,10
13.0154495239,80.2249679565,72751,72761,10
13.0155801773,80.225112915,72761,72771,10
13.0157003403,80.2252426147,72771,72781,10
13.0162000656,80.2253799438,72781,72791,10
13.0169000626,80.2251815796,72791,72801,10
13.0177202225,80.2248382568,72801,72811,10
13.0185804367,80.2244796753,72811,72821,10
13.0192203522,80.224319458,72821,72831,10
13.0193099976,80.224319458,72831,72848,17
13.0196800232,80.2245330811,72848,72870,22
13.0196800232,80.2245330811,72870,72879,9
13.0197200775,80.2245864868,72879,72890,11
13.0199899673,80.2247924805,72890,72900,10
13.0204200745,80.2250976563,72900,72910,10
13.0209598541,80.2254714966,72910,72919,9
13.0214300156,80.2258529663,72919,72930,11
13.0221204758,80.2263870239,72930,72940,10
13.0226202011,80.2268218994,72940,72951,11
13.0234298706,80.2275390625,72951,72961,10
13.0239400864,80.2280197144,72961,72971,10
13.0243196487,80.2284317017,72971,72991,20
13.0243196487,80.2284317017,72991,73001,10
13.0244102478,80.2285614014,73001,73011,10
13.0246400833,80.2289199829,73011,73021,10
13.0249900818,80.2294235229,73021,73031,10
13.0254001617,80.2299728394,73031,73041,10
13.025759697,80.2305374146,73041,73051,10
13.0259199142,80.2308807373,73051,73062,11
13.0259103775,80.2310028076,73062,73072,10
13.025970459,80.2313079834,73072,73082,10
13.0263004303,80.2313308716,73082,73092,10
13.0269804001,80.2311401367,73092,73102,10
13.0277795792,80.2309875488,73102,73112,10
13.0285196304,80.2309112549,73112,73132,20
13.0285196304,80.2309112549,73132,73142,10
13.0287904739,80.2308502197,73142,73152,10
13.0291700363,80.230796814,73152,73213,61
13.0291700363,80.230796814,73213,73223,10
13.0293397903,80.2308120728,73223,73233,10
13.0297002792,80.2307891846,73233,73243,10
13.0301704407,80.2307434082,73243,73294,51
13.0301704407,80.2307434082,73294,73304,10
13.0306596756,80.2306671143,73304,73334,30
13.0306596756,80.2306671143,73334,73344,10
13.0305900574,80.2302703857,73344,73354,10
13.0304002762,80.2297210693,73354,73364,10
13.0302400589,80.2291870117,73364,73374,10
13.0302696228,80.2286834717,73374,73384,10
13.0303001404,80.2283172607,73384,73395,11
13.0303201675,80.2281799316,73395,73405,10
13.0303602219,80.2277984619,73405,73415,10
13.0301904678,80.2275390625,73415,73425,10
13.0296401978,80.2274398804,73425,73435,10
13.0290403366,80.2273483276,73435,73445,10
13.0285301208,80.2272567749,73445,73455,10
13.0281496048,80.2271728516,73455,73465,10
13.0279302597,80.2270812988,73465,73475,10
13.0278596878,80.2267990112,73475,73485,10
13.0279598236,80.2263793945,73485,73495,10
13.0280895233,80.2257232666,73495,73506,11
13.0282897949,80.2248306274,73506,73516,10
13.028380394,80.2242965698,73516,73526,10
13.0284500122,80.2240982056,73526,73536,10
13.028719902,80.2240600586,73536,73546,10
13.0287399292,80.2240600586,73546,73556,10
13.0289001465,80.2241210938,73556,73566,10
13.0291204453,80.2242889404,73566,73576,10
13.0296497345,80.2243118286,73576,73586,10
13.0301399231,80.224319458,73586,73596,10
13.0306196213,80.2243270874,73596,73607,11
13.0310897827,80.224281311,73607,73617,10
13.0310897827,80.2238693237,73617,73627,10
13.0311203003,80.2233200073,73627,73637,10
13.0311403275,80.2232666016,73637,73647,10
13.0312099457,80.2230300903,73647,73657,10
13.0312795639,80.2227401733,73657,73667,10
13.0315103531,80.2223205566,73667,73677,10
13.0318002701,80.2217178345,73677,73687,10
13.0319595337,80.2211990356,73687,73697,10
13.032119751,80.2205810547,73697,73707,10
13.032119751,80.2199401855,73707,73728,21
13.0321302414,80.2197265625,73728,73738,10
13.0321302414,80.2197265625,73738,73748,10
13.0321397781,80.21925354,73748,73758,10
13.0320901871,80.2186279297,73758,73768,10
13.0316400528,80.21849823,73768,73778,10
13.0314102173,80.2180023193,73778,73788,10
13.0313501358,80.217300415,73788,73798,10
13.03125,80.2170791626,73798,73809,11
13.0308799744,80.2170410156,73809,73819,10
13.0304899216,80.2170181274,73819,73830,11
13.030380249,80.2167510986,73830,73840,10
13.0303897858,80.2166366577,73840,73850,10
13.030380249,80.2162628174,73850,73860,10
13.0303602219,80.2158432007,73860,73870,10
13.0303297043,80.2153930664,73870,73880,10
13.0303001404,80.2148971558,73880,73890,10
13.0303297043,80.2145767212,73890,73900,10
13.0303497314,80.2144622803,73900,73910,10
13.0304203033,80.2139816284,73910,73920,10
13.0304803848,80.2136535645,73920,73930,10
13.0305404663,80.2133102417,73930,73941,11
13.0306301117,80.212638855,73941,73951,10
13.0306901932,80.2121505737,73951,73961,10
13.0307598114,80.2117004395,73961,73971,10
13.0308103561,80.2113723755,73971,73981,10
13.03083992,80.2110595703,73981,73991,10
13.0308799744,80.2107772827,73991,74001,10
13.0309400558,80.2103500366,74001,74011,10
13.0308704376,80.2101821899,74011,74021,10
13.030579567,80.2100830078,74021,74031,10
13.0300598145,80.2099227905,74031,74041,10
13.0299501419,80.2097015381,74041,74052,11
13.030090332,80.2092590332,74052,74062,10
13.0304603577,80.2091674805,74062,74072,10
13.0311002731,80.2093276978,74072,74082,10
13.0316400528,80.2094268799,74082,74092,10
13.03166008,80.2094421387,74092,74102,10
13.0319900513,80.2095184326,74102,74112,10
13.0325803757,80.2096633911,74112,74122,10
13.0333204269,80.2097930908,74122,74132,10
13.0340595245,80.2098999023,74132,74142,10
13.0347204208,80.2099914551,74142,74152,10
13.0350999832,80.2097702026,74152,74162,10
13.0351495743,80.2092895508,74162,74173,11
13.035200119,80.2088165283,74173,74183,10
13.035200119,80.2087020874,74183,74193,10
13.0352401733,80.208442688,74193,74203,10
13.0353097916,80.2080688477,74203,74213,10
13.0353803635,80.207572937,74213,74223,10
13.0354795456,80.2068405151,74223,74233,10
13.0355701447,80.206199646,74233,74243,10
13.0354404449,80.2060623169,74243,74253,10
13.0354299545,80.2058181763,74253,74263,10
13.0354604721,80.2055435181,74263,74274,11
13.0355396271,80.2053527832,74274,74284,10
13.0357198715,80.2052612305,74284,74294,10
13.0357904434,80.2049179077,74294,74304,10
13.0358695984,80.2043991089,74304,74314,10
13.0359802246,80.2037582397,74314,74324,10
13.03606987,80.2030715942,74324,74334,10
13.0361795425,80.202331543,74334,74344,10
13.0362796783,80.2015914917,74344,74364,20
13.0362796783,80.2015914917,74364,74374,10
13.0363302231,80.2012634277,74374,74385,11
13.0364103317,80.2007904053,74385,74395,10
13.03647995,80.200340271,74395,74405,10
13.0365495682,80.1996994019,74405,74415,10
13.0366601944,80.198928833,74415,74425,10
13.0367097855,80.1984176636,74425,74435,10
13.0367298126,80.1983337402,74435,74445,10
13.0368003845,80.1979980469,74445,74455,10
13.0368700027,80.1975631714,74455,74465,10
13.0369501114,80.1969833374,74465,74475,10
13.0369997025,80.1965103149,74475,74486,11
13.0370101929,80.1964874268,74486,74496,10
13.0370397568,80.1963500977,74496,74506,10
13.0370998383,80.1959915161,74506,74516,10
13.0371904373,80.195350647,74516,74526,10
13.0373001099,80.1945571899,74526,74536,10
13.0374202728,80.1937179565,74536,74546,10
13.0375204086,80.1930236816,74546,74556,10
13.0377502441,80.1928100586,74556,74566,10
13.0381803513,80.192817688,74566,74576,10
13.0385303497,80.1928787231,74576,74586,10
13.0388202667,80.1929168701,74586,74597,11
13.0389003754,80.1929321289,74597,74607,10
13.0392599106,80.1929779053,74607,74617,10
13.0396995544,80.193069458,74617,74627,10
13.0402202606,80.1931610107,74627,74637,10
13.0407896042,80.1932373047,74637,74647,10
13.0413599014,80.1933517456,74647,74657,10
13.0417604446,80.1934280396,74657,74667,10
13.0417804718,80.1937637329,74667,74677,10
13.0417404175,80.1940231323,74677,74687,10
13.0417203903,80.1941375732,74687,74697,10
13.0416498184,80.1946182251,74697,74708,11
13.041560173,80.1951904297,74708,74718,10
13.0414600372,80.1958007813,74718,74728,10
13.0414104462,80.1962203979,74728,74737,9
13.0413703918,80.1965103149,74737,74748,11
13.0413503647,80.1968765259,74748,74758,10
13.0413398743,80.1970062256,74758,74768,10
13.0412597656,80.1974105835,74768,74778,10
13.041179657,80.1979598999,74778,74788,10
13.0410804749,80.1984786987,74788,74798,10
13.0410203934,80.1988525391,74798,74808,10
13.0409803391,80.1992416382,74808,74819,11
13.0409698486,80.1994400024,74819,74829,10
13.04088974,80.1997909546,74829,74839,10
13.0408096313,80.2003631592,74839,74849,10
13.040719986,80.2009887695,74849,74859,10
13.0406398773,80.2016983032,74859,74869,10
13.0405702591,80.2020874023,74869,74879,10
13.0405101776,80.2024993896,74879,74889,10
13.0404195786,80.2031173706,74889,74899,10
13.0403203964,80.2038116455,74899,74909,10
13.0402297974,80.2043991089,74909,74919,10
13.040189743,80.204750061,74919,74930,11
13.0401802063,80.205078125,74930,74940,10
13.0405397415,80.2051391602,74940,74950,10
13.0409898758,80.2051925659,74950,74960,10
13.0411996841,80.2052230835,74960,74970,10
13.0413198471,80.2052536011,74970,74980,10
13.0418100357,80.2053070068,74980,74990,10
13.0423898697,80.2054214478,74990,75000,10
13.0425596237,80.2054901123,75000,75010,10
13.0426797867,80.205657959,75010,75020,10
13.0429201126,80.2061004639,75020,75030,10
13.0433597565,80.206703186,75030,75041,11
13.0437698364,80.20728302,75041,75051,10
13.0440502167,80.2079620361,75051,75061,10
13.0440998077,80.2086105347,75061,75071,10
13.0441198349,80.2091064453,75071,75081,10
13.0441398621,80.2092590332,75081,75091,10
13.0441398621,80.2096328735,75091,75101,10
13.0441598892,80.2102279663,75101,75111,10
13.0441904068,80.210899353,75111,75121,10
13.0442199707,80.2117080688,75121,75131,10
13.0443000793,80.2122268677,75131,75141,10
13.0443401337,80.2123184204,75141,75152,11
13.044839859,80.2123184204,75152,75162,10
13.0456695557,80.212310791,75162,75172,10
13.0464601517,80.2123031616,75172,75182,10
13.0469903946,80.2122268677,75182,75192,10
13.0470104218,80.2122192383,75192,75202,10
13.0469999313,80.2118606567,75202,75222,20
13.0469999313,80.2118606567,75222,75232,10
13.0469799042,80.2116394043,75232,75242,10
13.0469503403,80.2113265991,75242,75253,11
13.0469303131,80.2109680176,75253,75263,10
13.0471801758,80.2108306885,75263,75273,10
13.0475702286,80.2108230591,75273,75283,10
13.0480899811,80.2108383179,75283,75293,10
13.048620224,80.2108612061,75293,75303,10
13.049079895,80.2108688354,75303,75313,10
13.0494604111,80.2108688354,75313,75323,10
13.0495595932,80.210647583,75323,75333,10
13.0494804382,80.2100906372,75333,75343,10
13.049369812,80.2095718384,75343,75353,10
13.0493402481,80.2091369629,75353,75364,11
13.0492601395,80.2086715698,75364,75374,10
13.049079895,80.2081298828,75374,75384,10
13.0488996506,80.2076034546,75384,75394,10
13.0487604141,80.2072677612,75394,75404,10
13.0487699509,80.2072525024,75404,75414,10
13.0487499237,80.20703125,75414,75424,10
13.0489902496,80.2069091797,75424,75434,10
13.0491800308,80.2069778442,75434,75444,10
13.0491504669,80.2072601318,75444,76211,767
13.0491504669,80.2072601318,76211,76221,10
13.0490503311,80.2075576782,76221,76231,10
13.0491399765,80.2078781128,76231,76242,11
13.0492897034,80.2083969116,76242,76252,10
13.0494003296,80.2089004517,76252,76262,10
13.0494804382,80.2092971802,76262,76272,10
13.0495500565,80.2096099854,76272,76282,10
13.0496196747,80.2100296021,76282,76292,10
13.049659729,80.2105636597,76292,76302,10
13.0496997833,80.2110366821,76302,76312,10
13.0497598648,80.2114334106,76312,76322,10
13.0497703552,80.211517334,76322,76332,10
13.0497999191,80.211730957,76332,76343,11
13.0498695374,80.2121505737,76343,76353,10
13.0495901108,80.2122573853,76353,76373,20
13.0495901108,80.2122573853,76373,76383,10
13.0494699478,80.2122421265,76383,76393,10
13.0491600037,80.2122573853,76393,76403,10
13.0486898422,80.2122879028,76403,76413,10
13.0482997894,80.2123184204,76413,76423,10
13.0476799011,80.2123794556,76423,76433,10
13.0469799042,80.2124099731,76433,76443,10
13.0461301804,80.2124404907,76443,76454,11
13.0451097488,80.2124404907,76454,76464,10
13.044380188,80.2124633789,76464,76484,20
13.044380188,80.2124633789,76484,76494,10
13.0442495346,80.2124176025,76494,76504,10
13.0441598892,80.2121200562,76504,76514,10
13.0441398621,80.2116775513,76514,76524,10
13.0441198349,80.2110366821,76524,76534,10
13.0440797806,80.2104187012,76534,76544,10
13.0440702438,80.2097702026,76544,76554,10
13.0440196991,80.2092895508,76554,76565,11
13.0439996719,80.2091217041,76565,76575,10
13.0440101624,80.2089309692,76575,76585,10
13.0440101624,80.2084579468,76585,76595,10
13.043970108,80.207901001,76595,76605,10
13.0436897278,80.2072525024,76605,76615,10
13.043299675,80.2066879272,76615,76625,10
13.0428600311,80.2060928345,76625,76635,10
13.0424203873,80.205581665,76635,76645,10
13.0418701172,80.2053604126,76645,76661,16
13.0410499573,80.2052230835,76661,76673,12
13.040769577,80.2051773071,76673,76684,11
13.0404996872,80.2051620483,76684,76692,8
13.0402698517,80.2051086426,76692,76704,12
13.0399398804,80.2050476074,76704,76714,10
13.0396995544,80.2050323486,76714,76724,10
13.0392599106,80.2049636841,76724,76734,10
13.0389604568,80.2049026489,76734,76744,10
13.0384998322,80.2048416138,76744,76754,10
13.038069725,80.2046966553,76754,76764,10
13.0381002426,80.2043075562,76764,76774,10
13.038189888,80.2037963867,76774,76784,10
13.0382604599,80.2032012939,76784,76795,11
13.0383396149,80.2026596069,76795,76805,10
13.0384197235,80.2021102905,76805,76815,10
13.0384702682,80.2016906738,76815,76825,10
13.0385303497,80.2013168335,76825,76835,10
13.038599968,80.2008514404,76835,76845,10
13.0386896133,80.2002792358,76845,76855,10
13.0387601852,80.1996688843,76855,76865,10
13.0388402939,80.1990585327,76865,76875,10
13.0389404297,80.1985092163,76875,76885,10
13.0390396118,80.1978530884,76885,76896,11
13.0391101837,80.1972503662,76896,76906,10
13.0391998291,80.1967391968,76906,76916,10
13.0392599106,80.1963577271,76916,76926,10
13.0393295288,80.1959075928,76926,76936,10
13.0394001007,80.1953201294,76936,76946,10
13.0395097733,80.1946716309,76946,76956,10
13.0395898819,80.1939620972,76956,76966,10
13.0396795273,80.193321228,76966,76976,10
13.0396003723,80.1930923462,76976,76986,10
13.0391998291,80.1930084229,76986,76996,10
13.0386800766,80.1929473877,76996,77007,11
13.0385398865,80.1929168701,77007,77017,10
13.0382404327,80.1928710938,77017,77027,10
13.0379800797,80.1928634644,77027,77037,10
13.0376501083,80.1929626465,77037,77047,10
13.0375404358,80.1935195923,77047,77057,10
13.0374403,80.1942596436,77057,77067,10
13.0373296738,80.1950378418,77067,77077,10
13.0372400284,80.1957397461,77077,77087,10
13.0371999741,80.1960220337,77087,77097,10
13.0371398926,80.1964874268,77097,77107,10
13.0370397568,80.1971511841,77107,77118,11
13.0369796753,80.1976776123,77118,77128,10
13.0369195938,80.1979980469,77128,77138,10
13.0368404388,80.1984634399,77138,77148,10
13.0367698669,80.1989135742,77148,77158,10
13.0366897583,80.1995391846,77158,77168,10
13.0366096497,80.2001800537,77168,77178,10
13.0365200043,80.2008590698,77178,77188,10
13.0364398956,80.2013931274,77188,77198,10
13.0363998413,80.2017669678,77198,77208,10
13.0363702774,80.2019424438,77208,77218,10
13.0362901688,80.2023773193,77218,77229,11
13.0361995697,80.2030487061,77229,77239,10
13.0360803604,80.2037506104,77239,77249,10
13.0360002518,80.2043304443,77249,77259,10
13.0359296799,80.2047195435,77259,77269,10
13.0358400345,80.2053527832,77269,77279,10
13.0357303619,80.2060012817,77279,77289,10
13.0356397629,80.2067184448,77289,77299,10
13.0355195999,80.2075424194,77299,77309,10
13.0354003906,80.2082366943,77309,77319,10
13.035320282,80.2088928223,77319,77329,10
13.0352401733,80.2095184326,77329,77340,11
13.0351600647,80.2100982666,77340,77350,10
13.0350399017,80.2105026245,77350,77360,10
13.0349302292,80.2107772827,77360,77370,10
13.0349502563,80.2108917236,77370,77380,10
13.0348901749,80.2112426758,77380,77390,10
13.0347995758,80.2117919922,77390,77400,10
13.0346603394,80.2121810913,77400,77411,11
13.0342998505,80.2121505737,77411,77421,10
13.0338497162,80.212097168,77421,77431,10
13.0332403183,80.212020874,77431,77442,11
13.032790184,80.2119674683,77442,77452,10
13.0323200226,80.2119216919,77452,77463,11
13.032119751,80.2119064331,77463,77473,10
13.0318803787,80.2117767334,77473,77483,10
13.0319004059,80.21144104,77483,77493,10
13.0319700241,80.2108764648,77493,77503,10
13.0320196152,80.2103118896,77503,77513,10
13.0320501328,80.2098007202,77513,77523,10
13.03166008,80.2096099854,77523,77533,10
13.0310401917,80.2094573975,77533,77543,10
13.0303297043,80.2092666626,77543,77564,21
13.0303297043,80.2092666626,77564,77574,10
13.0301799774,80.2092208862,77574,77584,10
13.0300703049,80.2094497681,77584,77594,10
13.0300102234,80.209777832,77594,77604,10
13.0303897858,80.2099075317,77604,77614,10
13.0308504105,80.2100219727,77614,77624,10
13.030960083,80.2101669312,77624,77640,16
13.0309000015,80.2107620239,77640,77652,12
13.0308504105,80.2110900879,77652,77661,9
13.0308103561,80.2114486694,77661,77673,12
13.0307502747,80.2118377686,77673,77683,10
13.0306901932,80.2122268677,77683,77692,9
13.0306100845,80.2127227783,77692,77703,11
13.0305404663,80.2132568359,77703,77713,10
13.0304899216,80.2136917114,77713,77723,10
13.0304298401,80.214012146,77723,77733,10
13.0303602219,80.2145309448,77733,77743,10
13.0303401947,80.2150802612,77743,77753,10
13.030380249,80.2157821655,77753,77763,10
13.0304203033,80.216217041,77763,77774,11
13.0304203033,80.2164001465,77774,77784,10
13.0304403305,80.2168197632,77784,77794,10
13.0306301117,80.2169418335,77794,77804,10
13.0307102203,80.2169265747,77804,77814,10
13.0310201645,80.2169189453,77814,77824,10
13.0313196182,80.2169418335,77824,77834,10
13.0314502716,80.2172775269,77834,77844,10
13.0314998627,80.2179412842,77844,77854,10
13.0317697525,80.2184066772,77854,77864,10
13.03221035,80.2185287476,77864,77874,10
13.0321998596,80.2190322876,77874,77885,11
13.0321998596,80.2197113037,77885,77895,10
13.0321998596,80.220161438,77895,77905,10
13.0321998596,80.220489502,77905,77915,10
13.0321798325,80.2205810547,77915,77925,10
13.0320796967,80.2209625244,77925,77935,10
13.0319700241,80.2214813232,77935,77945,10
13.0316896439,80.222038269,77945,77955,10
13.0314102173,80.2225723267,77955,77965,10
13.0312004089,80.2230834961,77965,77975,10
13.0311403275,80.2236404419,77975,77985,10
13.0311498642,80.2241363525,77985,77996,11
13.0308799744,80.224357605,77996,78006,10
13.0303401947,80.2243423462,78006,78016,10
13.0298500061,80.224319458,78016,78026,10
13.029299736,80.224319458,78026,78036,10
13.0288896561,80.2241516113,78036,78045,9
13.0285997391,80.2240905762,78045,78056,11
13.0284204483,80.2243728638,78056,78066,10
13.0282802582,80.2250595093,78066,78076,10
13.0281200409,80.2257766724,78076,78086,10
13.0279998779,80.226348877,78086,78096,10
13.0279197693,80.2268676758,78096,78107,11
13.0280599594,80.2270889282,78107,78117,10
13.0285396576,80.2271575928,78117,78127,10
13.0291595459,80.2272262573,78127,78137,10
13.0297498703,80.2273330688,78137,78147,10
13.0302400589,80.2274169922,78147,78157,10
13.0304203033,80.2276992798,78157,78167,10
13.0303697586,80.2281036377,78167,78177,10
13.0303201675,80.2287216187,78177,78187,10
13.0303201675,80.2293930054,78187,78197,10
13.0305700302,80.2300262451,78197,78207,10
13.0306997299,80.230506897,78207,78217,10
13.0307197571,80.230682373,78217,78228,11
13.0306901932,80.2307815552,78228,78238,10
13.0305204391,80.2308197021,78238,78248,10
13.0301704407,80.2308425903,78248,78258,10
13.0296897888,80.2308731079,78258,78268,10
13.0291996002,80.2309188843,78268,78278,10
13.0285396576,80.2309570313,78278,78288,10
13.0278701782,80.2310409546,78288,78298,10
13.0276403427,80.2311706543,78298,78308,10
13.0277004242,80.2316436768,78308,78318,10
13.0277900696,80.2322387695,78318,78329,11
13.0278396606,80.2328414917,78329,78339,10
13.0273504257,80.2329406738,78339,78349,10
13.027009964,80.2330093384,78349,78359,10
13.0267496109,80.2330322266,78359,78369,10
13.0263996124,80.2329711914,78369,78379,10
13.0262403488,80.2324829102,78379,78389,10
13.0261096954,80.2319793701,78389,78399,10
13.0259599686,80.2313308716,78399,78409,10
13.0257797241,80.230758667,78409,78419,10
13.02546978,80.2302017212,78419,78430,11
13.0250701904,80.229637146,78430,78440,10
13.0248203278,80.229347229,78440,78450,10
13.024769783,80.2292785645,78450,78460,10
13.024600029,80.229057312,78460,78470,10
13.0243501663,80.2287063599,78470,78480,10
13.024189949,80.2284927368,78480,78490,10
13.0239601135,80.228187561,78490,78500,10
13.0237197876,80.2279205322,78500,78510,10
13.0233898163,80.2276000977,78510,78520,10
13.0231704712,80.2273864746,78520,78530,10
13.0228004456,80.2270812988,78530,78541,11
13.0221595764,80.2265319824,78541,78551,10
13.0214996338,80.2259902954,78551,78561,10
13.0208501816,80.2254714966,78561,78571,10
13.0201396942,80.2249679565,78571,78581,10
13.0194101334,80.2245407104,78581,78591,10
13.0185403824,80.224609375,78591,78601,10
13.0177202225,80.2249526978,78601,78611,10
13.0169897079,80.2252578735,78611,78621,10
13.0164003372,80.2255096436,78621,78631,10
13.0158596039,80.2257080078,78631,78641,10
13.0152702332,80.2259368896,78641,78652,11
13.0145702362,80.2261810303,78652,78662,10
13.0140600204,80.2263793945,78662,78672,10
13.0135803223,80.2265777588,78672,78682,10
13.012960434,80.2268371582,78682,78692,10
13.0123195648,80.2270812988,78692,78702,10
13.0116701126,80.2273406982,78702,78712,10
13.0109701157,80.2276229858,78712,78722,10
13.0102500916,80.227897644,78722,78732,10
13.0094299316,80.2282562256,78732,78742,10
13.009059906,80.2289886475,78742,78752,10
13.0088500977,80.2299804688,78752,78763,11
13.008649826,80.2311401367,78763,78773,10
13.0084400177,80.2321777344,78773,78783,10
13.0082902908,80.2331008911,78783,78793,10
13.008190155,80.2337036133,78793,78803,10
13.0081396103,80.2339401245,78803,78813,10
13.0080404282,80.2343902588,78813,78823,10
13.0079202652,80.2349624634,78823,78833,10
13.0077896118,80.2356033325,78833,78843,10
13.0076198578,80.2364578247,78843,78853,10
13.0074195862,80.2374191284,78853,78863,10
13.0072097778,80.238319397,78863,78874,11
13.0070295334,80.2392578125,78874,78884,10
13.0068798065,80.2400436401,78884,78894,10
13.0067396164,80.2407684326,78894,78904,10
13.006649971,80.2416305542,78904,78914,10
13.0066604614,80.2425613403,78914,78924,10
13.0066604614,80.2433013916,78924,78934,10
13.0066699982,80.2441101074,78934,78944,10
13.0066795349,80.2449035645,78944,78954,10
13.0067300797,80.2461395264,78954,78964,10
13.0067796707,80.2469482422,78964,78974,10
13.0067501068,80.2475585938,78974,78985,11
13.0067501068,80.2483291626,78985,78995,10
13.0067796707,80.2492294312,78995,79005,10
13.0068101883,80.2501983643,79005,79015,10
13.006819725,80.2511062622,79015,79025,10
13.0066995621,80.2518997192,79025,79035,10
13.0065603256,80.2526397705,79035,79045,10
13.0065498352,80.2533493042,79045,79061,16
13.0065698624,80.2544021606,79061,79073,12
13.0066003799,80.2550582886,79073,79083,10
13.0066099167,80.2557220459,79083,79094,11
13.0066099167,80.2565612793,79094,79104,10
13.0066699982,80.2572174072,79104,79113,9
13.006529808,80.2575912476,79113,79125,12
13.005979538,80.257522583,79125,79135,10
13.0055599213,80.2574310303,79135,79145,10
13.0053796768,80.2573776245,79145,79155,10
13.0050897598,80.2572631836,79155,79165,10
13.0046796799,80.2571868896,79165,79175,10
13.0040903091,80.2570571899,79175,79185,10
13.0035200119,80.256942749,79185,79195,10
13.0029802322,80.2568511963,79195,79219,24
13.0015802383,80.2566223145,79219,79231,12
13.0008001328,80.2565231323,79231,79241,10
13.000120163,80.256401062,79241,79251,10
12.9996299744,80.2563171387,79251,79261,10
12.9990901947,80.2562026978,79261,79271,10
12.9985599518,80.256111145,79271,79281,10
12.998000145,80.2560424805,79281,79291,10
12.9977703094,80.2560577393,79291,79301,10
12.997710228,80.2561569214,79301,79312,11
12.9978303909,80.2564163208,79312,79575,263
12.9978303909,80.2564163208,79575,79585,10
12.9979095459,80.2566833496,79585,79595,10
12.9980201721,80.2568817139,79595,79605,10
12.9980697632,80.2566223145,79605,79615,10
12.9979200363,80.2565994263,79615,79625,10
