12.9881496429,80.2236862183,11,2101,2090
12.9880599976,80.2236785889,2101,2334,233
12.9880599976,80.2236785889,2334,2344,10
12.9881696701,80.2237472534,2344,2657,313
12.9881401062,80.2238693237,2657,3101,444
12.9882001877,80.2236404419,3101,11735,8634
12.9883298874,80.2235031128,11735,11907,172
12.9881601334,80.2236633301,11907,16017,4110
12.9881496429,80.2236022949,16017,16138,121
12.9882001877,80.2236709595,16138,16219,81
12.9881801605,80.2234420776,16219,16906,687
12.9882802963,80.2235794067,16906,19794,2888
12.9882802963,80.2235794067,19794,19800,6
12.9882802963,80.2235794067,19800,21361,1561
12.9882497787,80.2236480713,21361,22239,878
12.9882497787,80.2236480713,22239,22249,10
12.988240242,80.2237091064,22249,22381,132
12.988240242,80.2237091064,22381,22391,10
12.9883298874,80.2237167358,22391,22401,10
12.9883804321,80.2237167358,22401,22411,10
12.9885501862,80.2233581543,22411,22421,10
12.9890699387,80.2233581543,22421,22431,10
12.9894695282,80.2238388062,22431,22441,10
12.9894800186,80.2244796753,22441,22451,10
12.9897098541,80.2251663208,22451,22461,10
12.9900798798,80.2258987427,22461,22471,10
12.9900302887,80.2265396118,22471,22482,11
12.9901599884,80.2273712158,22482,22492,10
12.9897298813,80.2278366089,22492,22502,10
12.9891796112,80.2281417847,22502,22512,10
12.9887399673,80.2289428711,22512,22522,10
12.9884500504,80.2296829224,22522,22532,10
12.9882001877,80.2303466797,22532,22542,10
12.9878702164,80.2312316895,22542,22552,10
12.9875402451,80.2321777344,22552,22562,10
12.9874601364,80.2330474854,22562,22572,10
12.987159729,80.2332992554,22572,22582,10
12.986530304,80.2333068848,22582,22593,11
12.9861297607,80.2338485718,22593,22603,10
12.9861698151,80.2344512939,22603,22613,10
12.986530304,80.2353591919,22613,22623,10
12.986579895,80.2361221313,22623,22633,10
12.9865999222,80.2369308472,22633,22643,10
12.9866304398,80.2377090454,22643,22653,10
12.9866600037,80.238571167,22653,22663,10
12.9865598679,80.2385101318,22663,22673,10
12.9865598679,80.2385025024,22673,22683,10
12.9866399765,80.2383117676,22683,22694,11
12.9866399765,80.2376480103,22694,22704,10
12.9866199493,80.2369308472,22704,22714,10
12.986579895,80.2362670898,22714,22724,10
12.9865598679,80.2355804443,22724,22734,10
12.9863395691,80.2349624634,22734,22744,10
12.9861402512,80.2341766357,22744,22754,10
12.9860801697,80.2335662842,22754,22764,10
12.986579895,80.2332992554,22764,22774,10
12.987159729,80.2332763672,22774,22784,10
12.9874401093,80.2328720093,22784,22795,11
12.9875402451,80.2320327759,22795,22805,10
12.9878101349,80.2313232422,22805,22815,10
12.9881095886,80.230506897,22815,22825,10
12.9883699417,80.2297668457,22825,22835,10
12.9886198044,80.2291564941,22835,22845,10
12.9889602661,80.2283782959,22845,22855,10
12.9896697998,80.2279434204,22855,22865,10
12.9900999069,80.2276992798,22865,22875,10
12.9902496338,80.2281036377,22875,22885,10
12.9904603958,80.2287063599,22885,22896,11
12.9906396866,80.2292861938,22896,22906,10
12.9907999039,80.2299423218,22906,22916,10
12.9908704758,80.2306213379,22916,22926,10
12.9909000397,80.2311630249,22926,22936,10
12.9909296036,80.231628418,22936,22946,10
12.990940094,80.2321090698,22946,22956,10
12.9911699295,80.2327804565,22956,22966,10
12.9914102554,80.2334136963,22966,22976,10
12.9918603897,80.2337188721,22976,22986,10
12.9923295975,80.2337493896,22986,22997,11
12.9931201935,80.2339477539,22997,23007,10
12.993639946,80.2342605591,23007,23017,10
12.9939603806,80.2344970703,23017,23027,10
12.9942302704,80.2346725464,23027,23037,10
12.9948797226,80.2350387573,23037,23047,10
12.9954395294,80.2353973389,23047,23057,10
12.9959697723,80.2359008789,23057,23067,10
12.9960899353,80.236038208,23067,23077,10
12.9962902069,80.236366272,23077,23087,10
12.9965200424,80.236831665,23087,23098,11
12.9969501495,80.2376022339,23098,23108,10
12.9972896576,80.2381362915,23108,23118,10
12.9977502823,80.2387466431,23118,23128,10
12.9982500076,80.2390365601,23128,23138,10
12.9986801147,80.2391815186,23138,23147,9
12.9987602234,80.2391967773,23147,23158,11
12.9991998672,80.2393417358,23158,23168,10
12.9998703003,80.2394638062,23168,23178,10
13.0006799698,80.2395629883,23178,23188,10
13.0013103485,80.2396774292,23188,23199,11
13.0021400452,80.2399368286,23199,23209,10
13.0026798248,80.2401123047,23209,23219,10
13.0032596588,80.2403030396,23219,23229,10
13.0036697388,80.2409210205,23229,23238,9
13.0039997101,80.2416381836,23238,23249,11
13.0048398972,80.2418518066,23249,23259,10
13.005689621,80.2418365479,23259,23269,10
13.0057096481,80.2422637939,23269,24198,929
13.0057096481,80.2422637939,24198,24208,10
13.0056600571,80.2421722412,24208,24219,11
13.0053596497,80.2419204712,24219,24229,10
13.0047903061,80.2418518066,24229,24239,10
13.0041303635,80.2417831421,24239,24249,10
13.0038404465,80.2412185669,24249,24259,10
13.0035400391,80.240562439,24259,24269,10
13.0029096603,80.2402191162,24269,24279,10
13.0024404526,80.2400588989,24279,24289,10
13.0018796921,80.2398605347,24289,24299,10
13.0011701584,80.2396469116,24299,24309,10
13.0004796982,80.2395324707,24309,24320,11
12.9995298386,80.239402771,24320,24330,10
12.9991998672,80.2393188477,24330,24340,10
12.99903965,80.2392807007,24340,24350,10
12.9984798431,80.2391204834,24350,24360,10
12.9979400635,80.238899231,24360,24370,10
12.9975099564,80.2384185791,24370,24380,10
12.9970703125,80.2377471924,24380,24390,10
12.9967403412,80.2371673584,24390,24400,10
12.9963703156,80.2364501953,24400,24410,10
12.995880127,80.2357635498,24410,24421,11
12.9952201843,80.2352600098,24421,24431,10
12.9946603775,80.2349014282,24431,24441,10
12.9939899445,80.2345581055,24441,24451,10
12.9938602448,80.2344284058,24451,24461,10
12.9934501648,80.2341079712,24461,24471,10
12.9928798676,80.2338562012,24471,24481,10
12.9921302795,80.2337188721,24481,24491,10
12.9916801453,80.2337722778,24491,24501,10
12.9913797379,80.2333984375,24501,24511,10
12.9912500381,80.2329101563,24511,24522,11
12.9910001755,80.2321166992,24522,24532,10
12.9909601212,80.2317276001,24532,24542,10
12.9909200668,80.231338501,24542,24552,10
12.9908800125,80.2308120728,24552,24562,10
12.9908304214,80.2301177979,24562,24572,10
12.9906702042,80.2293319702,24572,24582,10
12.9904899597,80.2287063599,24582,24592,10
12.9902801514,80.2279968262,24592,24602,10
12.9901895523,80.2272186279,24602,24612,10
12.9901103973,80.2265396118,24612,24623,11
12.9901504517,80.2258987427,24623,24633,10
12.989780426,80.2252426147,24633,24643,10
12.989569664,80.2246704102,24643,24653,10
12.9895200729,80.2239837646,24653,24663,10
12.9893598557,80.2235565186,24663,24673,10
12.9887104034,80.2233505249,24673,24682,9
12.9883699417,80.2233505249,24682,24703,21
12.9883699417,80.2233505249,24703,24713,10
12.9887399673,80.2233123779,24713,24724,11
12.9893398285,80.2235412598,24724,24734,10
12.9894895554,80.2240982056,24734,24744,10
12.9896097183,80.224822998,24744,24754,10
12.9899702072,80.2254562378,24754,24763,9
12.990070343,80.2261734009,24763,24774,11
12.9901399612,80.2267913818,24774,24784,10
12.9902296066,80.2275314331,24784,24794,10
12.9897499084,80.2278671265,24794,24804,10
12.9891395569,80.2282028198,24804,24814,10
12.9887104034,80.2289581299,24814,24825,11
12.988409996,80.2297286987,24825,24835,10
12.9881801605,80.2303924561,24835,24845,10
12.987830162,80.2312011719,24845,24855,10
12.9875402451,80.2320709229,24855,24865,10
12.9874696732,80.2329483032,24865,24875,10
12.9873304367,80.2332687378,24875,24885,10
12.9867401123,80.2332992554,24885,24895,10
12.9861602783,80.2334365845,24895,24905,10
12.9861698151,80.2340698242,24905,24915,10
12.9863395691,80.2348709106,24915,24926,11
12.9865903854,80.2357406616,24926,24936,10
12.9866399765,80.2364501953,24936,24946,10
12.9866504669,80.2371826172,24946,24956,10
12.9866695404,80.2379379272,24956,24966,10
12.986579895,80.2387008667,24966,24976,10
12.9866199493,80.2384185791,24976,25966,990
12.9866199493,80.2384185791,25966,25976,10
12.9866695404,80.2380981445,25976,25986,10
12.9866600037,80.2374572754,25986,25996,10
12.9866199493,80.2368392944,25996,26006,10
12.9865999222,80.2361373901,26006,26016,10
12.9865703583,80.2355270386,26016,26026,10
12.9863195419,80.2348937988,26026,26036,10
12.9861698151,80.2343063354,26036,26046,10
12.9861402512,80.2337036133,26046,26057,11
12.9865598679,80.2333068848,26057,26067,10
12.986700058,80.2333221436,26067,26077,10
12.9868297577,80.2333221436,26077,26087,10
12.9873800278,80.2332611084,26087,26097,10
12.9874801636,80.2327194214,26097,26107,10
12.9875802994,80.231918335,26107,26117,10
12.987859726,80.2311706543,26117,26127,10
12.9881401062,80.2304382324,26127,26137,10
12.9882802963,80.2300567627,26137,26147,10
12.9883298874,80.2299423218,26147,26158,11
12.9885396957,80.2294235229,26158,26168,10
12.988820076,80.2287063599,26168,26178,10
12.9893598557,80.2281188965,26178,26188,10
12.989859581,80.2278213501,26188,26198,10
12.9900598526,80.2276763916,26198,26208,10
12.9902095795,80.2273864746,26208,26218,10
12.9900798798,80.2266998291,26218,26228,10
12.9900999069,80.2261810303,26228,26238,10
12.9898900986,80.2254180908,26238,26248,10
12.9895801544,80.2247619629,26248,26259,11
12.9895000458,80.223991394,26259,26269,10
12.9892501831,80.2234573364,26269,26279,10
12.9886598587,80.2233200073,26279,26289,10
12.988360405,80.2233276367,26289,26319,30
12.9884300232,80.2232818604,26319,26339,20
12.9884300232,80.2232818604,26339,26349,10
12.9886198044,80.2233200073,26349,26360,11
12.9891796112,80.2233963013,26360,26370,10
12.9894800186,80.2238616943,26370,26380,10
12.9895200729,80.2244110107,26380,26390,10
12.9897098541,80.2250213623,26390,26400,10
12.9901103973,80.2256698608,26400,26409,9
12.9900398254,80.2262420654,26409,26420,11
12.9901399612,80.2268676758,26420,26430,10
12.990240097,80.2275314331,26430,26440,10
12.9903001785,80.2277984619,26440,26450,10
12.9904699326,80.2285003662,26450,26461,11
12.9906797409,80.2291564941,26461,26471,10
12.9908599854,80.2299575806,26471,26481,10
12.9908800125,80.2301712036,26481,26491,10
12.9908800125,80.2302322388,26491,26501,10
12.9909200668,80.2307662964,26501,26511,10
12.9909601212,80.2312698364,26511,26521,10
12.9910001755,80.231918335,26521,26531,10
12.9910202026,80.2320022583,26531,26541,10
12.9910697937,80.2323684692,26541,26551,10
12.9912796021,80.2329864502,26551,26562,11
12.9916200638,80.2335510254,26562,26572,10
12.9917898178,80.2336425781,26572,26582,10
12.9918804169,80.2337265015,26582,26592,10
12.9922800064,80.2337493896,26592,26602,10
12.9929704666,80.2338867188,26602,26612,10
12.9934196472,80.2341079712,26612,26622,10
12.9936103821,80.2342376709,26622,26631,9
12.9939098358,80.2344665527,26631,26642,11
12.9940700531,80.2345962524,26642,26652,10
12.994600296,80.234916687,26652,26662,10
12.9949502945,80.2350769043,26662,26673,11
12.9953899384,80.2353820801,26673,26683,10
12.995929718,80.2358398438,26683,26693,10
12.9960403442,80.2359771729,26693,26703,10
12.9963502884,80.2364273071,26703,26713,10
12.9967002869,80.2370986938,26713,26723,10
12.9970598221,80.2376937866,26723,26733,10
12.9974603653,80.238319397,26733,26743,10
12.9979801178,80.238861084,26743,26753,10
12.9987602234,80.2391967773,26753,26774,21
12.9987602234,80.2391967773,26774,26784,10
12.9988698959,80.2392578125,26784,26794,10
12.9993600845,80.2393875122,26794,26804,10
13.000120163,80.2395019531,26804,26814,10
13.0009202957,80.239616394,26814,26824,10
13.0015201569,80.2397613525,26824,26834,10
13.0022802353,80.2399978638,26834,26844,10
13.0025501251,80.2400894165,26844,26854,10
13.002699852,80.2401428223,26854,26864,10
13.0032997131,80.2403411865,26864,26875,11
13.0037202835,80.2409286499,26875,26885,10
13.004070282,80.2416763306,26885,26895,10
13.0048799515,80.2418518066,26895,26905,10
13.0056800842,80.2418365479,26905,26915,10
13.0059700012,80.2423171997,26915,26935,20
13.0059700012,80.2423171997,26935,26945,10
13.0056600571,80.2423400879,26945,27804,859
13.0056600571,80.2423400879,27804,27814,10
13.0054998398,80.2421035767,27814,27824,10
13.0050601959,80.2418365479,27824,27834,10
13.0043401718,80.241859436,27834,27844,10
13.0038404465,80.2412872314,27844,27854,10
13.0034799576,80.2405014038,27854,27864,10
13.002699852,80.2401275635,27864,27874,10
13.0021896362,80.2399597168,27874,27885,11
13.0014095306,80.2397079468,27885,27895,10
13.0007801056,80.2395935059,27895,27905,10
12.9999904633,80.2394714355,27905,27915,10
12.9991703033,80.2393035889,27915,27955,40
12.9991703033,80.2393035889,27955,27965,10
12.9990196228,80.2392730713,27965,27975,10
12.998459816,80.2391204834,27975,27985,10
12.9978399277,80.2388534546,27985,27996,11
12.9974298477,80.2383575439,27996,28006,10
12.9971599579,80.2379302979,28006,28016,10
12.9968700409,80.2374572754,28016,28026,10
12.9965295792,80.2368087769,28026,28036,10
12.9962902069,80.236366272,28036,28046,10
12.9961700439,80.2361831665,28046,28056,10
12.9957504272,80.2356796265,28056,28066,10
12.9952001572,80.2352371216,28066,28076,10
12.994720459,80.2349472046,28076,28087,11
12.9939804077,80.2345275879,28087,28107,20
12.9939804077,80.2345275879,28107,28117,10
12.9937801361,80.2343521118,28117,28127,10
12.9934196472,80.23412323,28127,28137,10
12.9929800034,80.2339172363,28137,28147,10
12.9922800064,80.2338027954,28147,28157,10
12.9917802811,80.2338027954,28157,28167,10
12.9917402267,80.2338180542,28167,28177,10
12.9916496277,80.2338409424,28177,28187,10
12.9913597107,80.2335205078,28187,28198,11
12.9912099838,80.2329406738,28198,28208,10
12.9910297394,80.2322921753,28208,28218,10
12.9909601212,80.2317199707,28218,28238,20
12.9909601212,80.2317199707,28238,28248,10
12.9909496307,80.231590271,28248,28258,10
12.9909000397,80.2311325073,28258,28268,10
12.990819931,80.2300186157,28268,28288,20
12.990819931,80.2300186157,28288,28299,11
12.9907598495,80.229598999,28299,28309,10
12.9905500412,80.2288894653,28309,28319,10
12.9903802872,80.2283630371,28319,28329,10
12.9902200699,80.2276229858,28329,28339,10
12.9902000427,80.2273864746,28339,28349,10
12.9901800156,80.2273025513,28349,28359,10
12.9900999069,80.2267532349,28359,28368,9
12.9900598526,80.2262573242,28368,28379,11
12.9899902344,80.2255706787,28379,28389,10
12.9896001816,80.224861145,28389,28400,11
12.9894895554,80.224067688,28400,28410,10
12.9892597198,80.2234802246,28410,28420,10
12.9886798859,80.2233505249,28420,28430,10
12.9883403778,80.2233505249,28430,28449,19
12.9883403778,80.2233505249,28449,28459,10
12.988650322,80.2233200073,28459,28471,12
12.9892501831,80.2234573364,28471,28481,10
12.9894800186,80.2239685059,28481,28492,11
12.9895601273,80.2246780396,28492,28502,10
12.9898195267,80.2252807617,28502,28512,10
12.9901103973,80.2259521484,28512,28522,10
12.990070343,80.2265319824,28522,28532,10
12.9901695251,80.2272415161,28532,28542,10
12.9899501801,80.2277069092,28542,28552,10
12.9898996353,80.2277984619,28552,28562,10
12.9896001816,80.2280197144,28562,28572,10
12.9890003204,80.2284011841,28572,28582,10
12.9886798859,80.2291412354,28582,28592,10
12.9884300232,80.2297592163,28592,28603,11
12.9883499146,80.2300033569,28603,28612,9
12.9882602692,80.2303237915,28612,28622,10
12.9880304337,80.2308425903,28622,28633,11
12.9877195358,80.2316131592,28633,28644,11
12.9875097275,80.2325210571,28644,28655,11
12.9874696732,80.2331619263,28655,28665,10
12.986989975,80.2333221436,28665,28675,10
12.9865398407,80.2333602905,28675,28685,10
12.9863796234,80.2333374023,28685,28695,10
12.9861001968,80.2336502075,28695,28705,10
12.9861402512,80.2341537476,28705,28715,10
12.9863300323,80.2348632813,28715,28726,11
12.9864997864,80.2352218628,28726,28736,10
12.9865398407,80.2353820801,28736,28746,10
12.9865903854,80.2359390259,28746,28756,10
12.9866104126,80.2366027832,28756,28766,10
12.9866304398,80.2372894287,28766,28776,10
12.9866695404,80.2381134033,28776,28786,10
12.9865999222,80.2384262085,28786,29039,253
12.9867095947,80.2384414673,29039,29301,262
12.9866600037,80.2384033203,29301,29847,546
12.9866600037,80.2384033203,29847,29857,10
12.9866600037,80.2382583618,29857,29867,10
12.9866504669,80.2376327515,29867,29877,10
12.9866199493,80.2369308472,29877,29887,10
12.9865999222,80.2362976074,29887,29897,10
12.9865703583,80.2356567383,29897,29907,10
12.9864997864,80.2353210449,29907,29917,10
12.9864597321,80.2352294922,29917,29927,10
12.9862604141,80.2347717285,29927,29937,10
12.9861297607,80.2340698242,29937,29948,11
12.986120224,80.2334518433,29948,29958,10
12.9866600037,80.2333374023,29958,29968,10
12.9867200851,80.2333602905,29968,29978,10
12.9872303009,80.2333297729,29978,29988,10
12.9874401093,80.2328872681,29988,29998,10
12.9875297546,80.2321395874,29998,30008,10
12.9877996445,80.2313766479,30008,30018,10
12.988120079,80.2305297852,30018,30028,10
12.9882802963,80.2300872803,30028,30038,10
12.9883098602,80.2300109863,30038,30049,11
12.9884901047,80.2295684814,30049,30059,10
12.9887304306,80.2289199829,30059,30069,10
12.9892396927,80.2282180786,30069,30079,10
12.9898300171,80.2278213501,30079,30089,10
12.9900398254,80.2276763916,30089,30099,10
12.9901599884,80.2273330688,30099,30109,10
12.9900598526,80.2266082764,30109,30119,10
12.9900903702,80.22605896,30119,30129,10
12.9897603989,80.2252578735,30129,30139,10
12.9895601273,80.2246627808,30139,30150,11
12.9894895554,80.2239685059,30150,30160,10
12.9891796112,80.2234573364,30160,30170,10
12.9885902405,80.2233505249,30170,30179,9
12.9883499146,80.2233200073,30179,30261,82
12.9883499146,80.2233200073,30261,30271,10
12.9883804321,80.2232818604,30271,30281,10
12.9888801575,80.2233200073,30281,30291,10
12.9893503189,80.2235336304,30291,30301,10
12.9895000458,80.224029541,30301,30311,10
12.9895601273,80.2246627808,30311,30321,10
12.9898004532,80.2252197266,30321,30331,10
12.9901103973,80.2258987427,30331,30341,10
12.9900503159,80.2264862061,30341,30352,11
12.9901504517,80.2272720337,30352,30362,10
12.9902000427,80.2275619507,30362,30372,10
12.9902200699,80.2277374268,30372,30382,10
12.9903802872,80.2283630371,30382,30392,10
12.9905796051,80.2289886475,30392,30402,10
12.9907903671,80.2297363281,30402,30412,10
12.9908599854,80.23021698,30412,30422,10
12.9908504486,80.2302703857,30422,30432,10
12.9908895493,80.2308273315,30432,30442,10
12.990940094,80.2313766479,30442,30453,11
12.9909801483,80.2320632935,30453,30463,10
12.9909801483,80.2320709229,30463,30473,10
12.9909696579,80.2321166992,30473,30483,10
12.9911003113,80.2325820923,30483,30493,10
12.9913196564,80.2332000732,30493,30503,10
12.9917602539,80.2336730957,30503,30513,10
12.9917898178,80.2336883545,30513,30523,10
12.991809845,80.2337722778,30523,30533,10
12.9921503067,80.2337799072,30533,30543,10
12.9927501678,80.2338790894,30543,30553,10
12.9933395386,80.2341079712,30553,30564,11
12.9938602448,80.2344589233,30564,30574,10
12.9939002991,80.2345123291,30574,30584,10
12.9942302704,80.234703064,30584,30594,10
12.9947004318,80.2349624634,30594,30604,10
12.9952802658,80.2353210449,30604,30614,10
12.9958496094,80.2357711792,30614,30624,10
12.9960298538,80.2359619141,30624,30633,9
12.9961795807,80.2361602783,30633,30644,11
12.996339798,80.2364425659,30644,30654,10
12.9963998795,80.2365875244,30654,30664,10
12.9967002869,80.2371673584,30664,30675,11
12.9970903397,80.2378234863,30675,30685,10
12.9975004196,80.2384414673,30685,30695,10
12.9980201721,80.2389221191,30695,30705,10
12.9987401962,80.2391967773,30705,30725,20
12.9987401962,80.2391967773,30725,30735,10
12.9990196228,80.2392883301,30735,30745,10
12.9992198944,80.2393417358,30745,30755,10
12.9999504089,80.2394714355,30755,30766,11
13.0009298325,80.2396011353,30766,30776,10
13.0015201569,80.2397384644,30776,30786,10
13.002289772,80.239982605,30786,30796,10
13.002820015,80.2401733398,30796,30806,10
13.0035495758,80.2405166626,30806,30816,10
13.0039100647,80.2413711548,30816,30825,9
13.0044603348,80.241897583,30825,30836,11
13.0054197311,80.2418518066,30836,30846,10
13.0059700012,80.2423400879,30846,30866,20
13.0059700012,80.2423400879,30866,30877,11
13.0056600571,80.2423400879,30877,31412,535
13.0056600571,80.2423400879,31412,31422,10
13.0054998398,80.2421035767,31422,31432,10
13.0051202774,80.2418136597,31432,31442,10
13.0044202805,80.2418518066,31442,31452,10
13.0038700104,80.2413635254,31452,31462,10
13.0035400391,80.2405929565,31462,31472,10
13.0028600693,80.2401885986,31472,31483,11
13.0025997162,80.2400970459,31483,31492,9
13.0024299622,80.240020752,31492,31503,11
13.0019197464,80.2398605347,31503,31513,10
13.0011396408,80.239616394,31513,31523,10
13.0004997253,80.2395324707,31523,31533,10
12.9992103577,80.2393493652,31533,31573,40
12.9992103577,80.2393493652,31573,31584,11
12.99903965,80.2392501831,31584,31593,9
12.998840332,80.2392196655,31593,31604,11
12.9980897903,80.2389678955,31604,31624,20
12.9980897903,80.2389678955,31624,31634,10
12.9978904724,80.2388305664,31634,31644,10
12.9974803925,80.2383575439,31644,31654,10
12.9970397949,80.2377090454,31654,31664,10
12.9967603683,80.2371902466,31664,31674,10
12.9963798523,80.2364883423,31674,31684,10
12.9962797165,80.2363433838,31684,31694,10
12.9961795807,80.2361526489,31694,31705,11
12.9956703186,80.2355575562,31705,31715,10
12.9951295853,80.2351837158,31715,31725,10
12.9945402145,80.2348403931,31725,31735,10
12.9939804077,80.2345428467,31735,31745,10
12.9939699173,80.2345428467,31745,31754,9
12.993929863,80.2345199585,31754,31765,11
12.9936199188,80.2341995239,31765,31775,10
12.9933595657,80.2340316772,31775,31785,10
12.9928398132,80.2338409424,31785,31795,10
12.9922704697,80.2337265015,31795,31806,11
12.9917802811,80.2337799072,31806,31826,20
12.9917802811,80.2337799072,31826,31836,10
12.991519928,80.2338027954,31836,31846,10
12.9913301468,80.2332687378,31846,31856,10
12.9911699295,80.2328186035,31856,31866,10
12.9909496307,80.2317581177,31866,31896,30
12.9909496307,80.2317581177,31896,31907,11
12.9909601212,80.2313995361,31907,31917,10
12.9908704758,80.2308273315,31917,31927,10
12.990819931,80.2301330566,31927,31937,10
12.990819931,80.2300415039,31937,31947,10
12.9908504486,80.2299575806,31947,31957,10
12.9907503128,80.2295379639,31957,31967,10
12.9905395508,80.2288818359,31967,31977,10
12.9903802872,80.2284088135,31977,31987,10
12.9901800156,80.2274093628,31987,32008,21
12.9901800156,80.2274093628,32008,32018,10
12.9901599884,80.2271575928,32018,32028,10
12.9900503159,80.2265472412,32028,32038,10
12.9901199341,80.225982666,32038,32048,10
12.9897699356,80.2252426147,32048,32058,10
12.9895401001,80.2246627808,32058,32068,10
12.9894599915,80.2239303589,32068,32078,10
12.9891500473,80.2234268188,32078,32088,10
12.9883403778,80.2233276367,32088,32119,31
12.9883403778,80.2233276367,32119,32129,10
12.9883899689,80.2232818604,32129,32139,10
12.988940239,80.2233428955,32139,32149,10
12.9894199371,80.2236480713,32149,32159,10
12.9894599915,80.2241897583,32159,32169,10
12.9895896912,80.2248306274,32169,32179,10
12.9899396896,80.225440979,32179,32189,10
12.9900398254,80.2261962891,32189,32199,10
12.9900903702,80.2267837524,32199,32210,11
12.9901895523,80.2274780273,32210,32220,10
12.9899396896,80.2276916504,32220,32240,20
12.9899396896,80.2276916504,32240,32250,10
12.9898395538,80.2277679443,32250,32260,10
12.9895000458,80.2279891968,32260,32269,9
12.98898983,80.2283706665,32269,32280,11
12.9886598587,80.2292098999,32280,32290,10
12.9884300232,80.2298583984,32290,32300,10
12.988360405,80.2300033569,32300,32311,11
12.9883003235,80.2300872803,32311,32321,10
12.988240242,80.2302932739,32321,32331,10
12.9880800247,80.2307662964,32331,32341,10
12.9877901077,80.2314605713,32341,32351,10
12.9875602722,80.2321777344,32351,32361,10
12.9874801636,80.2329406738,32361,32371,10
12.9873600006,80.2332611084,32371,32381,10
12.9865598679,80.2333526611,32381,32401,20
12.9865598679,80.2333526611,32401,32411,10
12.986289978,80.2333679199,32411,32421,10
12.9861297607,80.2338027954,32421,32432,11
12.9861602783,80.2344436646,32432,32442,10
12.9864797592,80.235206604,32442,32462,20
12.9864797592,80.235206604,32462,32472,10
12.9865198135,80.2352905273,32472,32482,10
12.986579895,80.2357406616,32482,32492,10
12.9865999222,80.2362976074,32492,32502,10
12.9866304398,80.2369995117,32502,32512,10
12.9866399765,80.237159729,32512,32523,11
12.9866600037,80.2373809814,32523,32533,10
12.9866600037,80.2380523682,32533,32543,10
12.986579895,80.2384414673,32543,33179,636
12.986579895,80.2384414673,33179,33189,10
12.9866399765,80.2380828857,33189,33199,10
12.9866104126,80.2374191284,33199,33209,10
12.986579895,80.2368087769,33209,33219,10
12.9865598679,80.2361221313,33219,33229,10
12.9865398407,80.2354888916,33229,33239,10
12.9864997864,80.2353286743,33239,33250,11
12.9864597321,80.235168457,33250,33260,10
12.9862203598,80.2346191406,33260,33270,10
12.986120224,80.2339096069,33270,33280,10
12.9861602783,80.2333831787,33280,33290,10
12.9866399765,80.2333221436,33290,33309,19
12.9866399765,80.2333221436,33309,33320,11
12.9868803024,80.2332763672,33320,33330,10
12.9874401093,80.2331390381,33330,33340,10
12.9874897003,80.2325363159,33340,33350,10
12.9876203537,80.2318496704,33350,33361,11
12.9879598618,80.2309875488,33361,33371,10
12.988240242,80.2302093506,33371,33381,10
12.9882802963,80.2300796509,33381,33391,10
12.9884300232,80.2297515869,33391,33401,10
12.9886398315,80.2291870117,33401,33411,10
12.9889602661,80.2284011841,33411,33421,10
12.9896602631,80.2279586792,33421,33431,10
12.9900598526,80.2276611328,33431,33441,10
12.9900598526,80.2276687622,33441,33451,10
12.9902095795,80.2273712158,33451,33462,11
12.9900598526,80.226600647,33462,33472,10
12.9901103973,80.2260513306,33472,33482,10
12.9898099899,80.2252807617,33482,33492,10
12.9895601273,80.2246322632,33492,33502,10
12.9894800186,80.2239227295,33502,33512,10
12.9891395569,80.2233963013,33512,33522,10
12.988360405,80.2233276367,33522,33563,41
12.988360405,80.2233276367,33563,33573,10
12.9884595871,80.2232666016,33573,33583,10
12.9890203476,80.2233428955,33583,33593,10
12.98939991,80.2236328125,33593,33603,10
12.9894399643,80.2241592407,33603,33613,10
12.9895801544,80.2248535156,33613,33623,10
12.9899301529,80.2254867554,33623,33633,10
12.9899997711,80.2262496948,33633,33643,10
12.9900903702,80.2268218994,33643,33653,10
12.9901800156,80.2275009155,33653,33664,11
12.9901895523,80.2275314331,33664,33674,10
12.9902801514,80.2278671265,33674,33684,10
12.9904603958,80.2285995483,33684,33694,10
12.9906396866,80.2291564941,33694,33704,10
12.9908399582,80.2299728394,33704,33714,10
12.9908504486,80.2302017212,33714,33724,10
12.9908895493,80.2306900024,33724,33734,10
12.9909000397,80.231262207,33734,33744,10
12.9909496307,80.2319869995,33744,33754,10
12.9909696579,80.2320709229,33754,33765,11
12.9909801483,80.2321624756,33765,33775,10
12.9911298752,80.2326278687,33775,33785,10
12.991350174,80.233253479,33785,33795,10
12.9917898178,80.2336807251,33795,33815,20
12.9917898178,80.2336807251,33815,33825,10
12.9921503067,80.233757019,33825,33835,10
12.9928302765,80.2338790894,33835,33845,10
12.9933996201,80.23412323,33845,33855,10
12.9938697815,80.2344589233,33855,33866,11
12.9940795898,80.2345809937,33866,33876,10
12.9945802689,80.23487854,33876,33886,10
12.9952402115,80.2352905273,33886,33896,10
12.9958400726,80.2357635498,33896,33906,10
12.9960098267,80.2359695435,33906,33916,10
12.9963102341,80.2364196777,33916,33926,10
12.9966897964,80.237197876,33926,33936,10
12.9970598221,80.2378311157,33936,33946,10
12.9975099564,80.2385177612,33946,33956,10
12.998049736,80.2389678955,33956,33967,11
12.9987001419,80.2391891479,33967,33977,10
12.9987096786,80.2391967773,33977,33987,10
12.9988298416,80.2392578125,33987,33997,10
12.9992904663,80.2393798828,33997,34007,10
13.0000600815,80.2395095825,34007,34017,10
13.0009298325,80.239616394,34017,34027,10
13.0015201569,80.2397384644,34027,34037,10
13.0022802353,80.239982605,34037,34047,10
13.0025396347,80.2400665283,34047,34057,10
13.0027198792,80.2401275635,34057,34068,11
13.0034198761,80.2404022217,34068,34078,10
13.0038003922,80.2412033081,34078,34088,10
13.0043802261,80.2418670654,34088,34098,10
13.0051803589,80.2418289185,34098,34107,9
13.0059404373,80.2423095703,34107,34138,31
13.0059404373,80.2423095703,34138,34148,10
13.0056495667,80.2423019409,34148,34855,707
13.0056495667,80.2423019409,34855,34865,10
13.0055103302,80.2420806885,34865,34875,10
13.0051498413,80.2418212891,34875,34885,10
13.0044002533,80.2418518066,34885,34895,10
13.0038700104,80.2413101196,34895,34906,11
13.0034399033,80.240447998,34906,34916,10
13.0026597977,80.2401199341,34916,34926,10
13.002579689,80.2400894165,34926,34936,10
13.0023097992,80.2399902344,34936,34946,10
13.001709938,80.2397766113,34946,34956,10
13.0010099411,80.2395935059,34956,34966,10
13.0003204346,80.2395019531,34966,34975,9
12.9991703033,80.2393188477,34975,34997,22
12.9991703033,80.2393188477,34997,35007,10
12.9989595413,80.2392578125,35007,35017,10
12.9983901978,80.2390899658,35017,35027,10
12.9978303909,80.2388000488,35027,35037,10
12.9974298477,80.238319397,35037,35047,10
12.9969902039,80.2376480103,35047,35057,10
12.9966802597,80.2371063232,35057,35067,10
12.9963302612,80.2364120483,35067,35077,10
12.9962902069,80.2363586426,35077,35087,10
12.9961299896,80.236076355,35087,35097,10
12.995759964,80.2356414795,35097,35108,11
12.9952096939,80.2352294922,35108,35118,10
12.9946203232,80.23487854,35118,35128,10
12.9939899445,80.2345504761,35128,35138,10
12.9939603806,80.2345428467,35138,35148,10
12.9936800003,80.2342910767,35148,35158,10
12.9931898117,80.2339782715,35158,35168,10
12.9925498962,80.2337875366,35168,35178,10
12.9918203354,80.2337493896,35178,35219,41
12.9918203354,80.2337493896,35219,35229,10
12.9915800095,80.2338027954,35229,35239,10
12.9913797379,80.2334136963,35239,35249,10
12.991230011,80.2329406738,35249,35259,10
12.9909696579,80.2317428589,35259,35279,20
12.9909696579,80.2317428589,35279,35289,10
12.9909601212,80.2315063477,35289,35299,10
12.9909000397,80.2309036255,35299,35310,11
12.9908504486,80.230140686,35310,35320,10
12.9908504486,80.2300491333,35320,35330,10
12.9908504486,80.2299118042,35330,35340,10
12.9906997681,80.2293319702,35340,35350,10
12.9905099869,80.2286987305,35350,35360,10
12.9903202057,80.2280578613,35360,35370,10
12.9902000427,80.2274017334,35370,35380,10
12.9902000427,80.2273864746,35380,35390,10
12.9901895523,80.2273406982,35390,35400,10
12.9900999069,80.2268218994,35400,35411,11
12.9900398254,80.2261886597,35411,35421,10
12.9898796082,80.225440979,35421,35431,10
12.9895496368,80.2247314453,35431,35441,10
12.9894599915,80.2240219116,35441,35451,10
12.9892396927,80.223487854,35451,35461,10
12.9884700775,80.2234420776,35461,35521,60
12.9884700775,80.2234420776,35521,35532,11
12.9884300232,80.2236785889,35532,35542,10
12.9882698059,80.2238082886,35542,38026,2484
12.9882698059,80.2238082886,38026,38036,10
12.9884796143,80.2233886719,38036,38056,20
12.9884796143,80.2233886719,38056,38066,10
12.9885196686,80.2233581543,38066,38076,10
12.988940239,80.2233200073,38076,38086,10
12.9893798828,80.2235717773,38086,38096,10
12.9894695282,80.2241210938,38096,38106,10
12.9896001816,80.2248077393,38106,38117,11
12.9899902344,80.2255172729,38117,38127,10
12.9900302887,80.2263031006,38127,38137,10
12.9901304245,80.226890564,38137,38147,10
12.9902200699,80.2275085449,38147,38157,10
12.9902200699,80.2276000977,38157,38167,10
12.99036026,80.2282333374,38167,38177,10
12.9905595779,80.2289199829,38177,38186,9
12.9907598495,80.2296218872,38186,38197,11
12.9908399582,80.2301330566,38197,38207,10
12.9908504486,80.2304077148,38207,38217,10
12.9908800125,80.2310180664,38217,38228,11
12.9909601212,80.2317733765,38228,38238,10
12.9909696579,80.2320022583,38238,38248,10
12.991060257,80.2323608398,38248,38258,10
12.9912996292,80.2330627441,38258,38268,10
12.9917802811,80.2336425781,38268,38298,30
12.9917802811,80.2336425781,38298,38308,10
12.9919395447,80.2337188721,38308,38318,10
12.992389679,80.2337417603,38318,38329,11
12.9931602478,80.2339401245,38329,38339,10
12.9936800003,80.2342376709,38339,38349,10
12.9939203262,80.2344512939,38349,38359,10
12.9941196442,80.2345962524,38359,38369,10
12.9946804047,80.2349395752,38369,38379,10
12.9953098297,80.2353210449,38379,38389,10
12.995880127,80.2357711792,38389,38399,10
12.9960203171,80.2359085083,38399,38409,10
12.9962596893,80.2362670898,38409,38419,10
12.9966402054,80.2369995117,38419,38429,10
12.9970197678,80.237663269,38429,38440,11
12.9974298477,80.238319397,38440,38450,10
12.9979600906,80.2388763428,38450,38460,10
12.9985799789,80.2391433716,38460,38470,10
12.9987297058,80.2391815186,38470,38480,10
12.9989299774,80.2392425537,38480,38490,10
12.9994602203,80.2393569946,38490,38500,10
13.0003004074,80.2394790649,38500,38510,10
13.0011396408,80.239616394,38510,38520,10
13.0017900467,80.2397994995,38520,38530,10
13.0024595261,80.240020752,38530,38541,11
13.0025701523,80.2400817871,38541,38551,10
13.0030899048,80.2402267456,38551,38561,10
13.0036802292,80.2408065796,38561,38571,10
13.0040903091,80.2416915894,38571,38580,9
13.0048999786,80.2418289185,38580,38591,11
13.0059700012,80.2423019409,38591,38621,30
13.0059700012,80.2423019409,38621,38631,10
13.0057001114,80.242401123,38631,38692,61
13.0057001114,80.242401123,38692,38702,10
13.0054702759,80.2420806885,38702,38712,10
13.0050802231,80.2417984009,38712,38722,10
13.0044698715,80.2418365479,38722,38732,10
13.0038995743,80.2415237427,38732,38743,11
13.0035800934,80.2407073975,38743,38753,10
13.0029497147,80.2402191162,38753,38763,10
13.0026102066,80.2400970459,38763,38773,10
13.0023403168,80.2400131226,38773,38783,10
13.0018701553,80.2398529053,38783,38793,10
13.0011997223,80.2396621704,38793,38803,10
13.0005598068,80.2395477295,38803,38813,10
12.9991798401,80.2393417358,38813,38833,20
12.9991798401,80.2393417358,38833,38843,10
12.9989204407,80.2392730713,38843,38854,11
12.9982004166,80.2390594482,38854,38864,10
12.9977197647,80.2387466431,38864,38874,10
12.9972600937,80.2381286621,38874,38884,10
12.9970502853,80.2378082275,38884,38894,10
12.9967699051,80.2373428345,38894,38904,10
12.9963903427,80.2366333008,38904,38914,10
12.9962301254,80.2363433838,38914,38924,10
12.9960002899,80.2359619141,38924,38934,10
12.9954299927,80.2354202271,38934,38944,10
12.9949197769,80.2350769043,38944,38955,11
12.99421978,80.2346801758,38955,38965,10
12.9939498901,80.2345504761,38965,38975,10
12.9938001633,80.2344436646,38975,38985,10
12.9933700562,80.2341308594,38985,38995,10
12.9928703308,80.2338867188,38995,39005,10
12.9917602539,80.2337875366,39005,39025,20
12.9917602539,80.2337875366,39025,39035,10
12.9915103912,80.2338027954,39035,39045,10
12.991350174,80.2334594727,39045,39056,11
12.9911899567,80.2329406738,39056,39066,10
12.9909896851,80.232383728,39066,39076,10
12.990940094,80.2317886353,39076,39086,10
12.990940094,80.2317733765,39086,39096,10
12.990940094,80.2315826416,39096,39106,10
12.9909095764,80.2310714722,39106,39116,10
12.990819931,80.2300186157,39116,39136,20
12.990819931,80.2300186157,39136,39146,10
12.9907903671,80.2297134399,39146,39156,10
12.9906301498,80.2290725708,39156,39167,11
12.9904403687,80.2284927368,39167,39177,10
12.9901800156,80.227432251,39177,39197,20
12.9901800156,80.227432251,39197,39207,10
12.9901695251,80.2272415161,39207,39217,10
12.9900598526,80.2266616821,39217,39227,10
12.9900798798,80.2260971069,39227,39237,10
12.9898796082,80.2254180908,39237,39247,10
12.9895601273,80.2247619629,39247,39257,10
12.9894800186,80.2240982056,39257,39268,11
12.9892597198,80.2234573364,39268,39278,10
12.988699913,80.2233200073,39278,39287,9
12.9883298874,80.2233200073,39287,39308,21
12.9883298874,80.2233200073,39308,39318,10
12.9885902405,80.2232894897,39318,39328,10
12.9891300201,80.2233428955,39328,39338,10
12.9894599915,80.2238235474,39338,39348,10
12.9894800186,80.2244110107,39348,39358,10
12.9896697998,80.2250289917,39358,39369,11
12.9900903702,80.2257614136,39369,39379,10
12.9900197983,80.2264022827,39379,39389,10
12.9901199341,80.2270584106,39389,39399,10
12.9899501801,80.2276687622,39399,39409,10
12.9899101257,80.227722168,39409,39419,10
12.989689827,80.2278671265,39419,39429,10
12.9891195297,80.2281723022,39429,39439,10
12.9887599945,80.2288818359,39439,39449,10
12.9883403778,80.2299499512,39449,39469,20
12.9883403778,80.2299499512,39469,39480,11
12.9881801605,80.2303695679,39480,39490,10
12.9879398346,80.2308883667,39490,39500,10
12.9876899719,80.2315216064,39500,39510,10
12.9874897003,80.2323226929,39510,39520,10
12.9874601364,80.2329406738,39520,39530,10
12.9871397018,80.2332229614,39530,39540,10
12.986579895,80.2332992554,39540,39550,10
12.9865198135,80.2332992554,39550,39560,10
12.9863996506,80.2333068848,39560,39570,10
12.9860696793,80.2336425781,39570,39581,11
12.9861297607,80.2342987061,39581,39591,10
12.9864196777,80.2350997925,39591,39601,10
12.9864597321,80.235206604,39601,39611,10
12.9865198135,80.2353363037,39611,39621,10
12.9865703583,80.2359771729,39621,39631,10
12.9865999222,80.2367401123,39631,39641,10
12.9866104126,80.2373504639,39641,39651,10
12.9866399765,80.2382125854,39651,39661,10
12.9865598679,80.2384033203,39661,40429,768
12.9865598679,80.2384033203,40429,40439,10
12.9866399765,80.2382202148,40439,40449,10
12.9866304398,80.2376403809,40449,40459,10
12.9865999222,80.2369384766,40459,40469,10
12.986579895,80.2362594604,40469,40478,9
12.9864902496,80.2353591919,40478,40499,21
12.9864902496,80.2353591919,40499,40510,11
12.9863595963,80.2349700928,40510,40520,10
12.9861402512,80.2343215942,40520,40530,10
12.9860801697,80.2337188721,40530,40540,10
12.9864597321,80.2333221436,40540,40550,10
12.9866504669,80.2333068848,40550,40560,10
12.9867601395,80.2333068848,40560,40570,10
12.9872303009,80.2332687378,40570,40579,9
12.9874095917,80.2328872681,40579,40590,11
12.9874897003,80.2322692871,40590,40600,10
12.9876499176,80.2316970825,40600,40611,11
12.9879598618,80.2308425903,40611,40621,10
12.9882802963,80.2300491333,40621,40641,20
12.9882802963,80.2300491333,40641,40651,10
12.9884195328,80.2297134399,40651,40661,10
12.9886302948,80.2291717529,40661,40671,10
12.988940239,80.2283630371,40671,40681,10
12.9896402359,80.2279281616,40681,40691,10
12.9900398254,80.2276535034,40691,40701,10
12.9901103973,80.2276229858,40701,40711,10
12.9901504517,80.2272872925,40711,40722,11
12.9900503159,80.2265625,40722,40732,10
12.9901199341,80.2259216309,40732,40742,10
12.9897003174,80.2251281738,40742,40752,10
12.9895296097,80.2244567871,40752,40762,10
12.9894800186,80.223777771,40762,40772,10
12.9889802933,80.2233886719,40772,40782,10
12.9883298874,80.2233581543,40782,40802,20
12.9883298874,80.2233581543,40802,40812,10
12.9883499146,80.2233200073,40812,40823,11
12.988820076,80.2233200073,40823,40833,10
12.9893398285,80.2235412598,40833,40843,10
12.9894800186,80.2240600586,40843,40853,10
12.989569664,80.2246627808,40853,40863,10
12.9898004532,80.2252197266,40863,40873,10
12.9900798798,80.2258529663,40873,40883,10
12.990070343,80.2265472412,40883,40893,10
12.9902200699,80.2275390625,40893,40913,20
12.9902200699,80.2275390625,40913,40924,11
12.9903297424,80.2281570435,40924,40934,10
12.9905395508,80.2287902832,40934,40944,10
12.9907197952,80.2294311523,40944,40954,10
12.9908504486,80.230140686,40954,40964,10
12.9908504486,80.230178833,40964,40974,10
12.9908895493,80.2306365967,40974,40984,10
12.9909296036,80.2312316895,40984,40994,10
12.9910097122,80.2319335938,40994,41004,10
12.9910202026,80.2320175171,41004,41014,10
12.9910202026,80.2321929932,41014,41024,10
12.9911899567,80.2327728271,41024,41035,11
12.9917898178,80.2336730957,41035,41065,30
12.9917898178,80.2336730957,41065,41075,10
12.9918804169,80.233757019,41075,41085,10
12.9922704697,80.2337799072,41085,41095,10
12.9929199219,80.2338790894,41095,41105,10
12.9933996201,80.2340927124,41105,41115,10
12.9938402176,80.2343978882,41115,41125,10
12.994020462,80.2345199585,41125,41136,11
12.994600296,80.2348403931,41136,41146,10
12.9952297211,80.2351989746,41146,41156,10
12.9957799911,80.2356185913,41156,41166,10
12.9960298538,80.2359008789,41166,41176,10
12.9962997437,80.2363204956,41176,41186,10
12.9966802597,80.2370605469,41186,41196,10
12.9970598221,80.2376708984,41196,41206,10
12.9974498749,80.23828125,41206,41216,10
12.9979801178,80.2388381958,41216,41226,10
12.998749733,80.2391586304,41226,41247,21
12.998749733,80.2391586304,41247,41257,10
12.9991197586,80.2392730713,41257,41267,10
12.9997596741,80.2393875122,41267,41277,10
13.0005998611,80.2395324707,41277,41287,10
13.0012798309,80.2396469116,41287,41297,10
13.0020503998,80.2398834229,41297,41307,10
13.0025997162,80.2400665283,41307,41317,10
13.003279686,80.2402801514,41317,41327,10
13.0037202835,80.2409210205,41327,41337,10
13.004119873,80.2417068481,41337,41348,11
13.0050897598,80.2418136597,41348,41358,10
13.005979538,80.2423095703,41358,41388,30
13.005979538,80.2423095703,41388,41398,10
13.0056200027,80.2423019409,41398,42135,737
13.0056200027,80.2423019409,42135,42145,10
13.0055799484,80.2421875,42145,42155,10
13.005279541,80.241897583,42155,42165,10
13.0046796799,80.2418365479,42165,42176,11
13.0039396286,80.2415313721,42176,42186,10
13.0036096573,80.2407302856,42186,42196,10
13.0029602051,80.2402496338,42196,42206,10
13.0026502609,80.2401428223,42206,42215,9
13.0023803711,80.2400588989,42215,42226,11
13.0017795563,80.2398681641,42226,42236,10
13.0010299683,80.2397232056,42236,42246,10
13.0002298355,80.2396392822,42246,42256,10
12.9993801117,80.2395019531,42256,42266,10
12.9992198944,80.2394180298,42266,42277,11
12.9991102219,80.2393569946,42277,42287,10
12.99862957,80.2392272949,42287,42297,10
12.9980201721,80.2389831543,42297,42307,10
12.9975700378,80.2385787964,42307,42317,10
12.9970998764,80.2378921509,42317,42327,10
12.9967699051,80.2373123169,42327,42337,10
12.9963798523,80.2365875244,42337,42347,10
12.9962797165,80.2363510132,42347,42357,10
12.9959602356,80.2359390259,42357,42367,10
12.9953203201,80.2354125977,42367,42377,10
12.9948301315,80.2350769043,42377,42388,11
12.994020462,80.2345275879,42388,42408,20
12.994020462,80.2345275879,42408,42418,10
12.9937601089,80.2342987061,42418,42428,10
12.9933300018,80.2340393066,42428,42438,10
12.9930295944,80.2339172363,42438,42448,10
12.9925699234,80.2338180542,42448,42458,10
12.9918804169,80.2337799072,42458,42489,31
12.9918804169,80.2337799072,42489,42499,10
12.9915304184,80.2338027954,42499,42509,10
12.991350174,80.2333221436,42509,42519,10
12.9912099838,80.2328567505,42519,42529,10
12.9910297394,80.2321624756,42529,42539,10
12.9910001755,80.2317581177,42539,42549,10
12.990940094,80.2315826416,42549,42559,10
12.9908800125,80.231010437,42559,42569,10
12.9908504486,80.2304000854,42569,42579,10
12.9908399582,80.2300567627,42579,42590,11
12.9908304214,80.2299575806,42590,42600,10
12.9907197952,80.2294311523,42600,42610,10
12.9905004501,80.2287979126,42610,42620,10
12.9903402328,80.2282409668,42620,42630,10
12.9901895523,80.2275085449,42630,42640,10
12.9901800156,80.2274398804,42640,42650,10
12.9901399612,80.2269592285,42650,42660,10
12.9900798798,80.2264404297,42660,42670,10
12.9900798798,80.2257003784,42670,42680,10
12.9896202087,80.2249526978,42680,42691,11
12.9894800186,80.2241973877,42691,42700,9
12.9893798828,80.2236709595,42700,42711,11
12.9888496399,80.2233886719,42711,42721,10
12.9883699417,80.2233581543,42721,42751,30
12.9883699417,80.2233581543,42751,42761,10
12.9887504578,80.2233123779,42761,42771,10
12.98898983,80.2233505249,42771,42781,10
12.9893198013,80.2235565186,42781,42792,11
12.9894599915,80.2240600586,42792,42802,10
12.989569664,80.2247314453,42802,42812,10
12.9898700714,80.2253112793,42812,42822,10
12.9900999069,80.2259368896,42822,42832,10
12.990070343,80.2265396118,42832,42842,10
12.9901599884,80.2272796631,42842,42852,10
12.9899597168,80.2276687622,42852,42862,10
12.9899396896,80.2276992798,42862,42872,10
12.9897298813,80.2278518677,42872,42882,10
12.9892597198,80.2280502319,42882,42892,10
12.9888296127,80.2286682129,42892,42903,11
12.9884996414,80.2295074463,42903,42913,10
12.988360405,80.229927063,42913,42933,20
12.988360405,80.229927063,42933,42943,10
12.9881896973,80.2303237915,42943,42953,10
12.9880104065,80.2307815552,42953,42963,10
12.9877996445,80.2312469482,42963,42973,10
12.987569809,80.2320022583,42973,42983,10
12.9874696732,80.2328720093,42983,42993,10
12.9872598648,80.2332229614,42993,43004,11
12.986700058,80.2333068848,43004,43014,10
12.9865703583,80.2333297729,43014,43024,10
12.9861803055,80.2334823608,43024,43034,10
12.9861803055,80.2340393066,43034,43044,10
12.9864997864,80.2351989746,43044,43074,30
12.9864997864,80.2351989746,43074,43084,10
12.9865503311,80.2356185913,43084,43094,10
12.9865903854,80.2362594604,43094,43105,11
12.9866104126,80.2370529175,43105,43115,10
12.9866199493,80.237739563,43115,43125,10
12.9866600037,80.2385482788,43125,43135,10
12.986579895,80.2384185791,43135,44336,1201
12.986579895,80.2384185791,44336,44346,10
12.9866304398,80.2383117676,44346,44357,11
12.9866800308,80.2377166748,44357,44367,10
12.9866504669,80.2369995117,44367,44377,10
12.9866399765,80.2364196777,44377,44387,10
12.9865903854,80.2357711792,44387,44397,10
12.9864997864,80.2353591919,44397,44407,10
12.9864797592,80.2352905273,44407,44417,10
12.9862098694,80.2347793579,44417,44427,10
12.9861602783,80.2341308594,44427,44437,10
12.9861602783,80.2335281372,44437,44447,10
12.9866199493,80.2333602905,44447,44458,11
12.986700058,80.2333297729,44458,44468,10
12.9871902466,80.2332992554,44468,44478,10
12.9873895645,80.2329177856,44478,44488,10
12.9874696732,80.2322692871,44488,44498,10
12.9877195358,80.2315292358,44498,44508,10
12.9880304337,80.230796814,44508,44518,10
12.9882698059,80.2301483154,44518,44528,10
12.9883003235,80.2300567627,44528,44538,10
12.9884500504,80.2296218872,44538,44548,10
12.988699913,80.2289581299,44548,44559,11
12.9891004562,80.2282028198,44559,44569,10
12.9896097183,80.2279586792,44569,44579,10
12.9900197983,80.2276687622,44579,44589,10
12.9901399612,80.2276077271,44589,44599,10
12.9902296066,80.2271575928,44599,44608,9
12.9901399612,80.2265777588,44608,44619,11
12.9901399612,80.2259063721,44619,44629,10
12.9896802902,80.2250976563,44629,44639,10
12.9895095825,80.2244873047,44639,44649,10
12.9894399643,80.2238235474,44649,44659,10
12.9889602661,80.2234191895,44659,44669,10
12.9883403778,80.2233734131,44669,44700,31
12.9883403778,80.2233734131,44700,44710,10
12.9885797501,80.2232818604,44710,44720,10
12.9890804291,80.2233276367,44720,44730,10
12.9894304276,80.2237319946,44730,44740,10
12.9894199371,80.224281311,44740,44750,10
12.9895601273,80.2248764038,44750,44760,10
12.9899702072,80.2255401611,44760,44771,11
12.9899997711,80.2263793945,44771,44781,10
12.9901599884,80.2275390625,44781,44801,20
12.9901599884,80.2275390625,44801,44811,10
12.9902095795,80.2278671265,44811,44821,10
12.9903802872,80.2285614014,44821,44831,10
12.9905700684,80.2291488647,44831,44841,10
12.9907999039,80.2301177979,44841,44861,20
12.9907999039,80.2301177979,44861,44872,11
12.9908399582,80.23021698,44872,44882,10
12.9907999039,80.2306289673,44882,44892,10
12.9908599854,80.2311706543,44892,44902,10
12.9909296036,80.231880188,44902,44912,10
12.9909696579,80.2320098877,44912,44922,10
12.9910001755,80.2322463989,44922,44932,10
12.9911403656,80.2328186035,44932,44942,10
12.9913396835,80.2333526611,44942,44952,10
12.9917497635,80.2336425781,44952,44983,31
12.9917497635,80.2336425781,44983,44993,10
12.992099762,80.2337188721,44993,45003,10
12.992650032,80.2338027954,45003,45013,10
12.9932403564,80.2340164185,45013,45023,10
12.9938697815,80.2344589233,45023,45043,20
12.9938697815,80.2344589233,45043,45053,10
12.9939403534,80.2345428467,45053,45063,10
12.9942998886,80.2347488403,45063,45073,10
12.9949398041,80.2351226807,45073,45084,11
12.9955596924,80.2355270386,45084,45094,10
12.9959602356,80.2359237671,45094,45104,10
12.9959697723,80.2359237671,45104,45114,10
12.9960899353,80.2360534668,45114,45124,10
12.9963598251,80.2365264893,45124,45134,10
12.9967298508,80.2372436523,45134,45144,10
12.9970397949,80.23777771,45144,45154,10
12.9974403381,80.2384033203,45154,45164,10
12.9979400635,80.2388916016,45164,45174,10
12.9986896515,80.2391891479,45174,45215,41
12.9986896515,80.2391891479,45215,45225,10
12.9990701675,80.2393035889,45225,45235,10
12.9996204376,80.2394104004,45235,45245,10
13.0004196167,80.2395019531,45245,45255,10
13.001159668,80.2396316528,45255,45265,10
13.0017795563,80.2397994995,45265,45275,10
13.0023899078,80.2400131226,45275,45286,11
13.0024795532,80.2400436401,45286,45296,10
13.0026197433,80.2400970459,45296,45306,10
13.0031204224,80.2402496338,45306,45316,10
13.0036201477,80.2407684326,45316,45326,10
13.0039701462,80.2415771484,45326,45336,10
13.0047502518,80.2418289185,45336,45346,10
13.0055999756,80.2417984009,45346,45356,10
13.0059204102,80.2423019409,45356,45386,30
13.0059204102,80.2423019409,45386,45397,11
13.0056600571,80.2423477173,45397,45861,464
13.0056600571,80.2423477173,45861,45871,10
13.0054998398,80.2421035767,45871,45881,10
13.0050897598,80.2418365479,45881,45891,10
13.0043401718,80.2418518066,45891,45901,10
13.0038404465,80.2412872314,45901,45912,11
13.0034599304,80.2404632568,45912,45922,10
13.002699852,80.2401733398,45922,45932,10
13.0025596619,80.2401275635,45932,45942,10
13.0021295547,80.2399673462,45942,45952,10
13.0014200211,80.2397384644,45952,45962,10
13.000869751,80.239616394,45962,45972,10
13.0,80.2395019531,45972,45982,10
12.9991798401,80.2393417358,45982,46043,61
12.9991798401,80.2393417358,46043,46053,10
12.9988298416,80.2392272949,46053,46063,10
12.9987401962,80.2392196655,46063,46073,10
12.9983701706,80.2390975952,46073,46083,10
12.9978599548,80.238861084,46083,46093,10
12.9973897934,80.2383575439,46093,46103,10
12.9969902039,80.2376937866,46103,46114,11
12.9966497421,80.2370681763,46114,46124,10
12.9963302612,80.2364425659,46124,46134,10
12.9963302612,80.2364196777,46134,46144,10
12.9961500168,80.2361297607,46144,46154,10
12.99559021,80.2355575562,46154,46164,10
12.9950504303,80.235206604,46164,46174,10
12.9944200516,80.2348403931,46174,46184,10
12.9940099716,80.2346191406,46184,46194,10
12.993929863,80.2345199585,46194,46204,10
12.9936800003,80.2342910767,46204,46214,10
12.9935398102,80.234161377,46214,46225,11
12.9930400848,80.2339401245,46225,46235,10
12.9923200607,80.2338027954,46235,46245,10
12.9917602539,80.2337799072,46245,46305,60
12.9917602539,80.2337799072,46305,46315,10
12.9914798737,80.2337875366,46315,46326,11
12.9912900925,80.2332229614,46326,46336,10
12.9911298752,80.2327423096,46336,46346,10
12.9909696579,80.2317581177,46346,46386,40
12.9909696579,80.2317581177,46386,46396,10
12.9909000397,80.2313995361,46396,46406,10
12.9908599854,80.2308578491,46406,46416,10
12.9907903671,80.2300262451,46416,46437,21
12.9907903671,80.2300262451,46437,46447,10
12.9907798767,80.2297210693,46447,46457,10
12.9905996323,80.2291030884,46457,46467,10
12.9904203415,80.2285766602,46467,46477,10
12.9901800156,80.2274398804,46477,46497,20
12.9901800156,80.2274398804,46497,46507,10
12.9901895523,80.227180481,46507,46517,10
12.9900999069,80.2265777588,46517,46527,10
12.9901199341,80.226020813,46527,46538,11
12.989780426,80.2253036499,46538,46548,10
12.989569664,80.2246932983,46548,46558,10
12.9894695282,80.223991394,46558,46567,9
12.9893798828,80.2236785889,46567,46578,11
12.988940239,80.2233886719,46578,46588,10
12.9883203506,80.2233428955,46588,46628,40
12.9883203506,80.2233428955,46628,46639,11
12.9886798859,80.2232971191,46639,46649,10
12.9891796112,80.2233886719,46649,46659,10
12.9894399643,80.2239303589,46659,46669,10
12.9894695282,80.2244796753,46669,46679,10
12.9896602631,80.2250823975,46679,46689,10
12.990070343,80.2257919312,46689,46699,10
12.9900197983,80.2264404297,46699,46709,10
12.9901399612,80.227142334,46709,46719,10
12.9899396896,80.227722168,46719,46750,31
12.9899396896,80.227722168,46750,46760,10
12.989859581,80.2277984619,46760,46770,10
12.9895200729,80.2279815674,46770,46780,10
12.9889802933,80.2283935547,46780,46790,10
12.9886598587,80.2290878296,46790,46800,10
12.9884500504,80.229637146,46800,46810,10
12.9883203506,80.2299728394,46810,46820,10
12.9882698059,80.2300796509,46820,46830,10
12.9882097244,80.230178833,46830,46841,11
12.9880599976,80.2305374146,46841,46851,10
12.9879198074,80.2309570313,46851,46861,10
12.9876804352,80.2315673828,46861,46871,10
12.9874801636,80.2323608398,46871,46881,10
12.9874200821,80.2330093384,46881,46891,10
12.9871702194,80.233253479,46891,46901,10
12.9864997864,80.2333068848,46901,46921,20
12.9864997864,80.2333068848,46921,46931,10
12.9863395691,80.2333221436,46931,46941,10
12.9861001968,80.2337265015,46941,46952,11
12.9861001968,80.2342910767,46952,46962,10
12.9864301682,80.235168457,46962,46982,20
12.9864301682,80.235168457,46982,46992,10
12.9864797592,80.2352600098,46992,47002,10
12.9865503311,80.2357025146,47002,47012,10
12.9865503311,80.2362823486,47012,47022,10
12.986579895,80.2370223999,47022,47032,10
12.9866104126,80.2377166748,47032,47042,10
12.9866399765,80.2384719849,47042,47053,11
12.986579895,80.2384185791,47053,47658,605
12.986579895,80.2384185791,47658,47668,10
12.9866504669,80.2380065918,47668,47679,11
12.9866199493,80.2373199463,47679,47689,10
12.9865903854,80.2367324829,47689,47699,10
12.9865503311,80.2360305786,47699,47709,10
12.9864797592,80.2352981567,47709,47739,30
12.9864797592,80.2352981567,47739,47749,10
12.9863004684,80.23487854,47749,47759,10
12.986120224,80.2342605591,47759,47769,10
12.9860801697,80.2337417603,47769,47780,11
12.9864397049,80.2332992554,47780,47789,9
12.9865999222,80.233291626,47789,47800,11
12.9868402481,80.2332763672,47800,47810,10
12.9873695374,80.2331390381,47810,47820,10
12.9874200821,80.2326126099,47820,47830,10
12.9875602722,80.2318572998,47830,47840,10
12.9878997803,80.2311172485,47840,47850,10
12.9882202148,80.2303695679,47850,47860,10
12.9883298874,80.2301635742,47860,47870,10
12.9882802963,80.2300262451,47870,47880,10
12.988360405,80.2297668457,47880,47891,11
12.9885702133,80.2292404175,47891,47901,10
12.9888601303,80.2284927368,47901,47911,10
12.9895000458,80.2279815674,47911,47921,10
12.989979744,80.2276687622,47921,47931,10
12.9900302887,80.2276306152,47931,47941,10
12.9901103973,80.2275619507,47941,47951,10
12.9901199341,80.2270584106,47951,47961,10
12.9900302887,80.2264328003,47961,47971,10
12.9900999069,80.2258224487,47971,47981,10
12.9896602631,80.2250900269,47981,47992,11
12.9894895554,80.2243728638,47992,48002,10
12.9894304276,80.2236785889,48002,48012,10
12.988940239,80.2233581543,48012,48022,10
12.9883298874,80.2233200073,48022,48072,50
12.9883298874,80.2233200073,48072,48082,10
12.9884996414,80.2232971191,48082,48093,11
12.9890203476,80.2233200073,48093,48103,10
12.98939991,80.2236785889,48103,48113,10
12.9894304276,80.2241668701,48113,48123,10
12.9895496368,80.2248001099,48123,48133,10
12.9898996353,80.2254104614,48133,48143,10
12.9900197983,80.2261123657,48143,48153,10
12.9900598526,80.2266464233,48153,48163,10
12.9901599884,80.2273788452,48163,48173,10
12.9901800156,80.2275695801,48173,48183,10
12.9902496338,80.2280502319,48183,48194,11
12.990480423,80.2287826538,48194,48204,10
12.9906797409,80.2294464111,48204,48214,10
12.9908103943,80.230140686,48214,48224,10
12.9908103943,80.2301483154,48224,48234,10
12.9907999039,80.2304611206,48234,48244,10
12.9908399582,80.2310409546,48244,48254,10
12.9909200668,80.2316665649,48254,48264,10
12.990940094,80.2319869995,48264,48274,10
12.9909601212,80.232093811,48274,48284,10
12.991060257,80.2325515747,48284,48294,10
12.9912700653,80.2331390381,48294,48305,11
12.9917602539,80.2336502075,48305,48335,30
12.9917602539,80.2336502075,48335,48345,10
12.9920501709,80.2337188721,48345,48355,10
12.9925699234,80.233757019,48355,48365,10
12.9931602478,80.2339401245,48365,48375,10
12.9938602448,80.2344436646,48375,48406,31
12.9938602448,80.2344436646,48406,48416,10
12.9942598343,80.2346572876,48416,48426,10
12.9947795868,80.2349700928,48426,48436,10
12.9954004288,80.2353668213,48436,48446,10
12.9959402084,80.2358627319,48446,48456,10
12.9960002899,80.2359237671,48456,48466,10
12.9962596893,80.2362594604,48466,48476,10
12.9965896606,80.2369308472,48476,48486,10
12.9969596863,80.2376098633,48486,48496,10
12.997300148,80.2381668091,48496,48507,11
12.9978599548,80.238822937,48507,48517,10
12.9987001419,80.2391586304,48517,48638,121
12.9987001419,80.2391586304,48638,48648,10
12.9988203049,80.2392578125,48648,48668,20
12.9988203049,80.2392578125,48668,48678,10
12.9988803864,80.2392578125,48678,48688,10
12.9990596771,80.2393035889,48688,48698,10
12.9992599487,80.2393417358,48698,48708,10
12.9995603561,80.2394104004,48708,48719,11
13.0003204346,80.2395019531,48719,48729,10
13.0010700226,80.2396087646,48729,48739,10
13.0015897751,80.2397613525,48739,48749,10
13.0022697449,80.2399902344,48749,48759,10
13.0024995804,80.2400588989,48759,48769,10
13.0025501251,80.2400817871,48769,48779,10
13.0028896332,80.2401733398,48779,48789,10
13.0034599304,80.2404327393,48789,48799,10
13.003780365,80.2412033081,48799,48809,10
13.0043001175,80.2418365479,48809,48820,11
13.0051603317,80.2418136597,48820,48830,10
13.0059099197,80.2418670654,48830,48840,10
13.0059204102,80.2423019409,48840,48880,40
13.0059204102,80.2423019409,48880,48890,10
13.0056600571,80.2422790527,48890,49365,475
13.0056600571,80.2422790527,49365,49375,10
13.0056400299,80.2422332764,49375,49385,10
13.0053100586,80.2419281006,49385,49395,10
13.0046596527,80.2418670654,49395,49405,10
13.0039396286,80.2415618896,49405,49415,10
13.0035800934,80.2407531738,49415,49425,10
13.0029201508,80.2402420044,49425,49435,10
13.0025997162,80.2401123047,49435,49446,11
13.0024995804,80.2400665283,49446,49456,10
13.0021295547,80.2399520874,49456,49466,10
13.0013198853,80.2397003174,49466,49476,10
13.0007095337,80.2395935059,49476,49486,10
12.9991903305,80.2393264771,49486,49536,50
12.9991903305,80.2393264771,49536,49547,11
12.99903965,80.2392807007,49547,49557,10
12.9984798431,80.2391281128,49557,49567,10
12.9979095459,80.2388763428,49567,49577,10
12.9974899292,80.2384490967,49577,49587,10
12.9970502853,80.2377700806,49587,49597,10
12.996720314,80.2372589111,49597,49607,10
12.9963302612,80.2365188599,49607,49617,10
12.9962396622,80.2363891602,49617,49627,10
12.9961795807,80.236289978,49627,49637,10
12.9958696365,80.2358169556,49637,49648,11
12.9952297211,80.2352981567,49648,49658,10
12.9947595596,80.2350234985,49658,49668,10
12.9941596985,80.2346878052,49668,49678,10
12.9940004349,80.2346191406,49678,49688,10
12.993929863,80.234588623,49688,49698,10
12.9935903549,80.2342605591,49698,49708,10
12.9931001663,80.2339630127,49708,49718,10
12.9924497604,80.2338027954,49718,49728,10
12.9917898178,80.2337722778,49728,49779,51
12.9917898178,80.2337722778,49779,49789,10
12.991399765,80.233757019,49789,49799,10
12.9912500381,80.2332687378,49799,49809,10
12.991109848,80.2328491211,49809,49819,10
12.9909601212,80.2323226929,49819,49829,10
12.9909000397,80.2317428589,49829,49849,20
12.9909000397,80.2317428589,49849,49860,11
12.9908800125,80.2312774658,49860,49870,10
12.9908304214,80.2306671143,49870,49880,10
12.9907798767,80.2300796509,49880,49890,10
12.9907798767,80.2300567627,49890,49900,10
12.9907302856,80.2296676636,49900,49910,10
12.990530014,80.2289581299,49910,49920,10
12.99036026,80.2284393311,49920,49930,10
12.9901800156,80.2276916504,49930,49940,10
12.9901304245,80.2273788452,49940,49950,10
12.9901199341,80.2272262573,49950,49961,11
12.9899902344,80.2265777588,49961,49971,10
12.9900503159,80.2259902954,49971,49981,10
12.9897403717,80.2253036499,49981,49991,10
12.9894895554,80.224571228,49991,50001,10
12.9894199371,80.2238311768,50001,50011,10
12.9890203476,80.2233886719,50011,50021,10
12.9884500504,80.2234573364,50021,50072,51
12.9884500504,80.2234573364,50072,50082,10
12.9881601334,80.2236785889,50082,50879,797
12.9881601334,80.2236785889,50879,50889,10
12.9883003235,80.2237167358,50889,50900,11
12.9884595871,80.2234191895,50900,50970,70
12.9884595871,80.2234191895,50970,50980,10
12.9889802933,80.2233428955,50980,50990,10
12.9894399643,80.2236785889,50990,51001,11
12.9894800186,80.2242584229,51001,51011,10
12.9896001816,80.224899292,51011,51021,10
12.9899902344,80.225479126,51021,51030,9
12.9900503159,80.2260818481,51030,51040,10
12.9900798798,80.2266769409,51040,51051,11
12.9898796082,80.2276992798,51051,51081,30
12.9898796082,80.2276992798,51081,51091,10
12.9897603989,80.2278366089,51091,51102,11
12.989159584,80.2281494141,51102,51112,10
12.9887504578,80.2288818359,51112,51122,10
12.9884796143,80.2296218872,51122,51132,10
12.9883403778,80.2300033569,51132,51142,10
12.9882698059,80.230140686,51142,51152,10
12.9880504608,80.230796814,51152,51162,10
12.987739563,80.2315368652,51162,51172,10
12.9875001907,80.2324981689,51172,51182,10
12.9874200821,80.2331924438,51182,51192,10
12.9867696762,80.2333068848,51192,51202,10
12.9861497879,80.2333984375,51202,51213,11
12.9861097336,80.233581543,51213,51223,10
12.9861402512,80.2340698242,51223,51233,10
12.9863996506,80.2349319458,51233,51243,10
12.9865198135,80.2352523804,51243,51253,10
12.9865198135,80.2353286743,51253,51263,10
12.9865703583,80.2358093262,51263,51273,10
12.986579895,80.2364807129,51273,51283,10
12.9866104126,80.2371292114,51283,51293,10
12.9866399765,80.2379379272,51293,51303,10
12.9865398407,80.2385025024,51303,51334,31
12.9865398407,80.2385025024,51334,51344,10
12.9866695404,80.2382583618,51344,51354,10
12.9866504669,80.2374801636,51354,51364,10
12.9865999222,80.2367782593,51364,51374,10
12.9865503311,80.2360229492,51374,51384,10
12.9864902496,80.2353591919,51384,51394,10
12.9864702225,80.2352981567,51394,51404,10
12.9864501953,80.2352218628,51404,51415,11
12.9861698151,80.2345428467,51415,51425,10
12.9860801697,80.2337799072,51425,51435,10
12.9863996506,80.2333068848,51435,51445,10
12.986700058,80.2333221436,51445,51455,10
12.9871702194,80.2332992554,51455,51465,10
12.9874000549,80.2328186035,51465,51475,10
12.9875297546,80.2319412231,51475,51485,10
12.9878797531,80.231086731,51485,51495,10
12.9882602692,80.2301101685,51495,51515,20
12.9882602692,80.2301101685,51515,51526,11
12.988360405,80.2298202515,51526,51536,10
12.9885597229,80.2293014526,51536,51546,10
12.9888296127,80.228553772,51546,51556,10
12.9900798798,80.2276992798,51556,51576,20
12.9900798798,80.2276992798,51576,51586,10
12.9901399612,80.2276382446,51586,51596,10
12.9903497696,80.2282485962,51596,51606,10
12.9905796051,80.2289733887,51606,51616,10
12.9908103943,80.2298583984,51616,51627,11
12.9908504486,80.2301864624,51627,51637,10
12.9908800125,80.230682373,51637,51647,10
12.990940094,80.2312698364,51647,51657,10
12.9909896851,80.2319488525,51657,51667,10
12.9910001755,80.2321090698,51667,51677,10
12.9911499023,80.2325973511,51677,51687,10
12.991350174,80.2332305908,51687,51697,10
12.9920396805,80.2336578369,51697,51717,20
12.9920396805,80.2336578369,51717,51728,11
12.9922599792,80.2337112427,51728,51738,10
12.9928998947,80.2338562012,51738,51748,10
12.9934597015,80.2341918945,51748,51758,10
12.9938802719,80.2344589233,51758,51768,10
12.9941902161,80.2346420288,51768,51778,10
12.9947900772,80.2350616455,51778,51788,10
12.9954299927,80.2354431152,51788,51798,10
12.9961004257,80.2360992432,51798,51808,10
12.9966602325,80.2370986938,51808,51818,10
12.9970798492,80.2377700806,51818,51829,11
12.9976396561,80.2385482788,51829,51839,10
12.998169899,80.2389831543,51839,51849,10
12.9987001419,80.2391815186,51849,51859,10
12.9987001419,80.2391891479,51859,51869,10
12.9991998672,80.2393417358,51869,51879,10
13.0000200272,80.2394714355,51879,51889,10
13.0008897781,80.2395782471,51889,51899,10
13.001540184,80.2397232056,51899,51909,10
13.0023403168,80.2399978638,51909,51919,10
13.0025100708,80.2400588989,51919,51929,10
13.0028800964,80.240196228,51929,51940,11
13.0035800934,80.2406997681,51940,51950,10
13.0040397644,80.2416381836,51950,51960,10
13.0051898956,80.2417984009,51960,51970,10
13.0059900284,80.2419815063,51970,51980,10
13.00578022,80.2422790527,51980,52889,909
13.00578022,80.2422790527,52889,52899,10
13.0054597855,80.2421112061,52899,52909,10
13.0050201416,80.2418518066,52909,52919,10
13.0041103363,80.2418136597,52919,52929,10
13.0036802292,80.2409591675,52929,52939,10
13.0030603409,80.2402572632,52939,52949,10
13.0023097992,80.2400436401,52949,52959,10
13.0015602112,80.2397537231,52959,52970,11
13.0008001328,80.2395706177,52970,52980,10
13.0,80.2394714355,52980,52990,10
12.9991798401,80.2392807007,52990,53010,20
12.9991798401,80.2392807007,53010,53020,10
12.9990100861,80.2392730713,53020,53030,10
12.9982700348,80.2390594482,53030,53040,10
12.997710228,80.2387008667,53040,53050,10
12.997179985,80.2379608154,53050,53060,10
12.9967699051,80.2372817993,53060,53070,10
12.9963197708,80.2364425659,53070,53081,11
12.9962396622,80.2362976074,53081,53091,10
12.9960298538,80.2359771729,53091,53101,10
12.995349884,80.2353515625,53101,53111,10
12.9947795868,80.2350006104,53111,53121,10
12.9940299988,80.2345733643,53121,53130,9
12.9938497543,80.234413147,53130,53141,11
12.9933700562,80.2340621948,53141,53151,10
12.9927597046,80.2338409424,53151,53161,10
12.9917898178,80.233757019,53161,53182,21
12.9917898178,80.233757019,53182,53192,10
12.991399765,80.2336578369,53192,53202,10
12.991230011,80.2330627441,53202,53212,10
12.9909896851,80.2323913574,53212,53222,10
12.9909296036,80.2317733765,53222,53252,30
12.9909296036,80.2317733765,53252,53262,10
12.9908800125,80.231338501,53262,53271,9
12.9908399582,80.2307281494,53271,53283,12
12.9907903671,80.2300262451,53283,53293,10
12.9907598495,80.2297668457,53293,53303,10
12.990530014,80.2289199829,53303,53313,10
12.99036026,80.2283325195,53313,53323,10
12.9901695251,80.2273483276,53323,53343,20
12.9901695251,80.2273483276,53343,53353,10
12.9901199341,80.2269668579,53353,53363,10
12.9900503159,80.2263183594,53363,53373,10
12.9898195267,80.2253875732,53373,53383,10
12.9895000458,80.2245483398,53383,53394,11
12.9894399643,80.2240371704,53394,53404,10
12.9894504547,80.2238769531,53404,53414,10
12.9890403748,80.2233963013,53414,53424,10
12.9883203506,80.2233505249,53424,53444,20
12.9883203506,80.2233505249,53444,53454,10
12.9883499146,80.2232894897,53454,53464,10
12.9888401031,80.2233200073,53464,53474,10
12.98939991,80.2236404419,53474,53484,10
12.9894504547,80.2242202759,53484,53495,11
12.9897003174,80.2250289917,53495,53505,10
12.9900798798,80.2258911133,53505,53515,10
12.9900398254,80.2266082764,53515,53525,10
12.9900798798,80.2274932861,53525,53535,10
12.9898700714,80.2277069092,53535,53545,10
12.9897098541,80.2278366089,53545,53555,10
12.9890203476,80.2282028198,53555,53565,10
12.9886598587,80.2289962769,53565,53575,10
12.9883804321,80.2297668457,53575,53585,10
12.9883003235,80.2299804688,53585,53596,11
12.988120079,80.2305221558,53596,53606,10
12.9877796173,80.2314529419,53606,53616,10
12.9875097275,80.2325363159,53616,53626,10
12.9874401093,80.2332077026,53626,53636,10
12.9868602753,80.2333602905,53636,53646,10
12.9862203598,80.2333831787,53646,53656,10
12.9861097336,80.2339172363,53656,53666,10
12.9862098694,80.2346191406,53666,53676,10
12.9864397049,80.2351379395,53676,53686,10
12.9865102768,80.2353363037,53686,53697,11
12.986579895,80.2361602783,53697,53707,10
12.9865999222,80.2370223999,53707,53717,10
12.9866104126,80.2377700806,53717,53727,10
12.9865598679,80.2385635376,53727,53929,202
12.9865598679,80.2383880615,53929,54787,858
12.9865598679,80.2383880615,54787,54797,10
12.9866104126,80.2381362915,54797,54807,10
12.9865903854,80.2373733521,54807,54817,10
12.986579895,80.2367477417,54817,54827,10
12.9865598679,80.2360305786,54827,54838,11
12.9864597321,80.2352600098,54838,54848,10
12.9864397049,80.2352294922,54848,54858,10
12.9863395691,80.234992981,54858,54868,10
12.9861297607,80.2342529297,54868,54878,10
12.9860601425,80.2336120605,54878,54888,10
12.9866104126,80.2332992554,54888,54898,10
12.9866800308,80.2332611084,54898,54908,10
12.986989975,80.2332611084,54908,54918,10
12.9873600006,80.2330169678,54918,54928,10
12.987449646,80.2322769165,54928,54938,10
12.9877595901,80.2313613892,54938,54949,11
12.9881696701,80.2303237915,54949,54959,10
12.9882497787,80.2300720215,54959,54969,10
12.9884395599,80.2295532227,54969,54979,10
12.9888000488,80.228843689,54979,54989,10
12.98939991,80.2281112671,54989,54999,10
12.9899597168,80.2277374268,54999,55009,10
12.9899997711,80.227722168,55009,55019,10
12.9900999069,80.2275924683,55019,55029,10
12.9901304245,80.2270889282,55029,55039,10
12.9900197983,80.2264099121,55039,55050,11
12.9899301529,80.2255477905,55050,55060,10
12.9895296097,80.2247390747,55060,55070,10
12.9894599915,80.2239227295,55070,55079,9
12.989109993,80.2234420776,55079,55090,11
12.9883098602,80.2233810425,55090,55130,40
12.9883098602,80.2233810425,55130,55140,10
12.9886398315,80.2232971191,55140,55151,11
12.9892597198,80.2235107422,55151,55160,9
12.9894304276,80.2240066528,55160,55171,11
12.9895601273,80.2247390747,55171,55181,10
12.989979744,80.2254562378,55181,55191,10
12.9899997711,80.2262268066,55191,55201,10
12.9900999069,80.2267837524,55201,55210,9
12.9902000427,80.2275390625,55210,55221,11
12.9902000427,80.2275466919,55221,55231,10
12.9902696609,80.2279510498,55231,55241,10
12.9904899597,80.2287368774,55241,55251,10
12.9908399582,80.2301635742,55251,55272,21
12.9908399582,80.2301635742,55272,55282,10
12.9908504486,80.2303085327,55282,55292,10
12.9909000397,80.2309265137,55292,55302,10
12.9909696579,80.2320022583,55302,55322,20
12.9909696579,80.2320022583,55322,55332,10
12.9910697937,80.232460022,55332,55342,10
12.9912996292,80.2330780029,55342,55352,10
12.9920196533,80.2335968018,55352,55393,41
12.9920196533,80.2335968018,55393,55403,10
12.9922704697,80.2337036133,55403,55413,10
12.9930400848,80.2339019775,55413,55423,10
12.9935598373,80.2342071533,55423,55433,10
12.9938697815,80.2344512939,55433,55443,10
12.9939403534,80.2344894409,55443,55453,10
12.9944696426,80.2347869873,55453,55464,11
12.9952602386,80.2352828979,55464,55474,10
12.9959001541,80.2358322144,55474,55484,10
12.9960203171,80.2359466553,55484,55493,9
12.9961299896,80.2360687256,55493,55504,11
12.9963798523,80.2365188599,55504,55514,10
12.9968795776,80.2374267578,55514,55524,10
12.9972600937,80.23802948,55524,55534,10
12.9978599548,80.2387924194,55534,55544,10
12.9987001419,80.2391586304,55544,55575,31
12.9987001419,80.2391586304,55575,55585,10
12.9991798401,80.2393188477,55585,55595,10
12.9999198914,80.2394714355,55595,55605,10
13.0010700226,80.2396316528,55605,55615,10
13.0017004013,80.2397994995,55615,55625,10
13.002409935,80.240020752,55625,55635,10
13.0025596619,80.2400665283,55635,55645,10
13.0032100677,80.2402801514,55645,55655,10
13.0037603378,80.2410888672,55655,55665,10
13.0044298172,80.2418289185,55665,55676,11
13.005610466,80.2417984009,55676,55686,10
13.0059604645,80.2421798706,55686,55696,10
13.0056495667,80.2422027588,55696,56949,1253
13.0056495667,80.2422027588,56949,56959,10
13.0055799484,80.2421417236,56959,56969,10
13.0053100586,80.241897583,56969,56979,10
13.0045795441,80.241859436,56979,56989,10
13.0039196014,80.2415084839,56989,56999,10
13.0035600662,80.2406616211,56999,57009,10
13.0027503967,80.2401809692,57009,57020,11
13.0020103455,80.2399520874,57020,57029,9
13.0012397766,80.2397003174,57029,57040,11
13.0004701614,80.2395782471,57040,57050,10
12.9991397858,80.2393493652,57050,57070,20
12.9991397858,80.2393493652,57070,57080,10
12.9987297058,80.2392272949,57080,57090,10
12.9980697632,80.2389984131,57090,57100,10
12.9976596832,80.2386398315,57100,57110,10
12.9971599579,80.2379379272,57110,57120,10
12.9968004227,80.2373504639,57120,57131,11
12.9963998795,80.2365875244,57131,57141,10
12.9962596893,80.236366272,57141,57151,10
12.9959402084,80.2359085083,57151,57161,10
12.9952497482,80.2353286743,57161,57171,10
12.9947099686,80.2350234985,57171,57181,10
12.9939899445,80.2345962524,57181,57201,20
12.9939899445,80.2345962524,57201,57211,10
12.9937601089,80.2343902588,57211,57221,10
12.9933700562,80.2341308594,57221,57232,11
12.9927597046,80.2338790894,57232,57242,10
12.9918403625,80.2338027954,57242,57262,20
12.9918403625,80.2338027954,57262,57272,10
12.9916601181,80.2338104248,57272,57282,10
12.9913597107,80.2335662842,57282,57292,10
12.9912204742,80.2330932617,57292,57302,10
12.9910402298,80.2325592041,57302,57312,10
12.990940094,80.2317962646,57312,57333,21
12.990940094,80.2317962646,57333,57343,10
12.9909000397,80.2316970825,57343,57353,10
12.9908504486,80.2311935425,57353,57363,10
12.990819931,80.2305297852,57363,57373,10
12.9907798767,80.2300720215,57373,57383,10
12.9907598495,80.2298736572,57383,57393,10
12.9905595779,80.2291030884,57393,57403,10
12.9904003143,80.2285385132,57403,57413,10
12.9902000427,80.2277679443,57413,57423,10
12.9901199341,80.2271575928,57423,57433,10
12.990070343,80.2269287109,57433,57444,11
12.9900102615,80.2263793945,57444,57454,10
12.9898500443,80.225479126,57454,57464,10
12.9895095825,80.2246704102,57464,57474,10
12.9890403748,80.223449707,57474,57484,10
12.9890403748,80.223449707,57484,57494,10
12.9884595871,80.2234191895,57494,57504,10
12.9883298874,80.2233734131,57504,57545,41
12.9883298874,80.2233734131,57545,57555,10
12.9887800217,80.2233200073,57555,57565,10
12.9893398285,80.2236022949,57565,57574,9
12.9894304276,80.2241287231,57574,57584,10
12.9896202087,80.2248916626,57584,57595,11
12.990070343,80.2257919312,57595,57605,10
12.9900398254,80.2265090942,57605,57615,10
12.9901504517,80.2271194458,57615,57625,10
12.9898996353,80.227722168,57625,57645,20
12.9898996353,80.227722168,57645,57656,11
12.9894304276,80.2280731201,57656,57666,10
12.9888296127,80.2287216187,57666,57675,9
12.988409996,80.2297286987,57675,57696,21
12.988409996,80.2297286987,57696,57706,10
12.9883298874,80.2300415039,57706,57716,10
12.9882698059,80.2301483154,57716,57726,10
12.9881601334,80.2303619385,57726,57736,10
12.987830162,80.2310714722,57736,57746,10
12.9875297546,80.2320785522,57746,57757,11
12.9874696732,80.2331008911,57757,57767,10
12.9868898392,80.2332763672,57767,57777,10
12.9863595963,80.2333374023,57777,57787,10
12.9861402512,80.2338027954,57787,57796,9
12.9862203598,80.2344284058,57796,57807,11
12.9865102768,80.2352294922,57807,57817,10
12.9865198135,80.2352828979,57817,57827,10
12.9865703583,80.2355804443,57827,57837,10
12.9866104126,80.2362289429,57837,57847,10
12.9866399765,80.2370376587,57847,57858,11
12.9866504669,80.2378616333,57858,57868,10
12.9865398407,80.238571167,57868,58181,313
12.9865398407,80.238571167,58181,58191,10
12.9865503311,80.2384033203,58191,58393,202
12.9865503311,80.2384033203,58393,58403,10
12.9865999222,80.2384796143,58403,58413,10
12.9866304398,80.2378005981,58413,58423,10
12.986579895,80.2369613647,58423,58433,10
12.9865503311,80.2363586426,58433,58443,10
12.9864597321,80.2353515625,58443,58463,20
12.9864597321,80.2353515625,58463,58473,10
12.9862499237,80.2348632813,58473,58484,11
12.9861001968,80.2340316772,58484,58494,10
12.9861097336,80.2334671021,58494,58504,10
12.9866600037,80.2333374023,58504,58514,10
12.986700058,80.2333374023,58514,58524,10
12.9872303009,80.2333068848,58524,58534,10
12.9874095917,80.2328720093,58534,58544,10
12.9875402451,80.2319564819,58544,58554,10
12.9878797531,80.2310791016,58554,58564,10
12.9881896973,80.2301712036,58564,58574,10
12.9882297516,80.2300872803,58574,58585,11
12.9882898331,80.2299804688,58585,58595,10
12.9884195328,80.2295608521,58595,58605,10
12.9887104034,80.2288208008,58605,58615,10
12.9894104004,80.2281112671,58615,58625,10
12.9899702072,80.2277374268,58625,58635,10
12.9900598526,80.2276763916,58635,58645,10
12.9901399612,80.2273712158,58645,58655,10
12.9900102615,80.2265777588,58655,58665,10
12.9900598526,80.2259216309,58665,58675,10
12.9895896912,80.2249984741,58675,58686,11
12.9894599915,80.2241516113,58686,58696,10
12.9892396927,80.2235412598,58696,58706,10
12.9886198044,80.2233810425,58706,58716,10
12.9883298874,80.2233581543,58716,58756,40
12.9883298874,80.2233581543,58756,58766,10
12.9884195328,80.2232666016,58766,58776,10
12.9889202118,80.2233200073,58776,58786,10
12.9893598557,80.2236175537,58786,58797,11
12.9894504547,80.2242126465,58797,58807,10
12.9896202087,80.2249221802,58807,58817,10
12.9900798798,80.225692749,58817,58827,10
12.9900598526,80.2264099121,58827,58836,9
12.9901399612,80.2271499634,58836,58847,11
12.9902000427,80.2275695801,58847,58857,10
12.9902200699,80.2276992798,58857,58867,10
12.9903001785,80.2280578613,58867,58877,10
12.9905395508,80.2288513184,58877,58887,10
12.9907398224,80.229598999,58887,58898,11
12.9908504486,80.23021698,58898,58908,10
12.9908599854,80.2303390503,58908,58918,10
12.9909000397,80.2310028076,58918,58928,10
12.9909296036,80.2314071655,58928,58938,10
12.9909896851,80.2320404053,58938,58968,30
12.9909896851,80.2320404053,58968,58978,10
12.991060257,80.2324829102,58978,58988,10
12.9913101196,80.2331771851,58988,58999,11
12.9921102524,80.2337417603,58999,59029,30
12.9921102524,80.2337417603,59029,59039,10
12.9923000336,80.2337722778,59039,59049,10
12.9929800034,80.2339324951,59049,59059,10
12.993519783,80.2342376709,59059,59069,10
12.9938802719,80.2345199585,59069,59079,10
12.9940900803,80.2346572876,59079,59089,10
12.9947099686,80.2350082397,59089,59100,11
12.9954395294,80.2354812622,59100,59110,10
12.9959697723,80.2359695435,59110,59120,10
12.9959897995,80.2359924316,59120,59130,10
12.9961900711,80.2362594604,59130,59140,10
12.9966201782,80.2370681763,59140,59150,10
12.9970598221,80.2378082275,59150,59160,10
12.9975299835,80.2385101318,59160,59170,10
12.9980897903,80.2389831543,59170,59180,10
12.9987401962,80.2392196655,59180,59211,31
12.9987401962,80.2392196655,59211,59221,10
12.998840332,80.2392578125,59221,59231,10
12.9994297028,80.2394104004,59231,59241,10
13.0003995895,80.2395782471,59241,59251,10
13.0012702942,80.2397232056,59251,59261,10
13.0020999908,80.239982605,59261,59271,10
13.0025100708,80.2400894165,59271,59281,10
13.0027198792,80.2401733398,59281,59291,10
13.0034599304,80.2404785156,59291,59301,10
13.0039100647,80.2414779663,59301,59312,11
13.0048799515,80.2418823242,59312,59322,10
13.0057601929,80.241859436,59322,59332,10
13.0057001114,80.2422332764,59332,59938,606
13.0057001114,80.2422332764,59938,59948,10
13.0054502487,80.2421035767,59948,59958,10
13.004940033,80.2418365479,59958,59968,10
13.0040502548,80.2417831421,59968,59978,10
13.0036296844,80.2408676147,59978,59988,10
13.0028800964,80.2402191162,59988,59998,10
13.0021600723,80.239982605,59998,60008,10
13.0012998581,80.2397079468,60008,60018,10
13.0005397797,80.2395782471,60018,60028,10
12.999130249,80.2393493652,60028,60059,31
12.999130249,80.2393493652,60059,60069,10
12.9988698959,80.2392578125,60069,60079,10
12.9981098175,80.2390136719,60079,60089,10
12.9976196289,80.2386322021,60089,60099,10
12.9970798492,80.2378692627,60099,60109,10
12.9967498779,80.2372817993,60109,60119,10
12.9963197708,80.2364578247,60119,60129,10
12.9962797165,80.2364196777,60129,60140,11
12.9962396622,80.2363586426,60140,60150,10
12.9958400726,80.2358322144,60150,60160,10
12.9951601028,80.2352600098,60160,60170,10
12.9945402145,80.23487854,60170,60180,10
12.9939203262,80.2345275879,60180,60210,30
12.9939203262,80.2345275879,60210,60220,10
12.9937400818,80.2343597412,60220,60230,10
12.9932498932,80.2340393066,60230,60241,11
12.992480278,80.2338180542,60241,60251,10
12.9917697906,80.2337799072,60251,60271,20
12.9917697906,80.2337799072,60271,60281,10
12.9914398193,80.2338027954,60281,60291,10
12.9912595749,80.2331695557,60291,60301,10
12.9910497665,80.2325973511,60301,60311,10
12.9909296036,80.231842041,60311,60321,10
12.9909200668,80.2317581177,60321,60331,10
12.9909200668,80.231552124,60331,60341,10
12.9908599854,80.2308502197,60341,60352,11
12.9907999039,80.2301330566,60352,60362,10
12.9907999039,80.2300567627,60362,60372,10
12.9908103943,80.2299880981,60372,60382,10
12.9906797409,80.2294006348,60382,60392,10
12.9904603958,80.2287216187,60392,60402,10
12.9902601242,80.2280502319,60402,60412,10
12.9901599884,80.2273864746,60412,60422,10
12.9901504517,80.2273483276,60422,60432,10
12.9900398254,80.2267990112,60432,60442,10
12.9900398254,80.2261734009,60442,60453,11
12.9896602631,80.2251586914,60453,60463,10
12.9894800186,80.2244033813,60463,60473,10
12.98939991,80.2237091064,60473,60483,10
12.9888801575,80.2233886719,60483,60493,10
12.9883403778,80.2233581543,60493,60523,30
12.9883403778,80.2233581543,60523,60533,10
12.9884500504,80.2232894897,60533,60554,21
12.9884500504,80.2232894897,60554,60564,10
12.9886302948,80.2233276367,60564,60574,10
12.989159584,80.2234115601,60574,60584,10
12.9894800186,80.2238998413,60584,60594,10
12.9895496368,80.2245864868,60594,60604,10
12.9898395538,80.2252883911,60604,60613,9
12.9900999069,80.2260131836,60613,60624,11
12.9900798798,80.2266769409,60624,60634,10
12.9901599884,80.2275085449,60634,60644,10
12.9900598526,80.2276535034,60644,60655,11
12.9899597168,80.227722168,60655,60665,10
12.989859581,80.2277832031,60665,60675,10
12.9893903732,80.2280502319,60675,60685,10
12.9888296127,80.2286682129,60685,60695,10
12.9884700775,80.2295913696,60695,60705,10
12.9883098602,80.2300491333,60705,60715,10
12.9882698059,80.2301330566,60715,60725,10
12.9881000519,80.2306518555,60725,60735,10
12.9878797531,80.2311630249,60735,60745,10
12.9877195358,80.2315597534,60745,60755,10
12.9876003265,80.2319335938,60755,60766,11
12.9874696732,80.2329406738,60766,60776,10
12.9871397018,80.2332611084,60776,60786,10
12.986579895,80.2332992554,60786,60796,10
12.986530304,80.2332992554,60796,60806,10
12.9862003326,80.2333374023,60806,60816,10
12.9861097336,80.2339096069,60816,60826,10
12.9862203598,80.2346496582,60826,60836,10
12.9864902496,80.2352371216,60836,60846,10
12.9864902496,80.2352523804,60846,60856,10
12.9865198135,80.2353668213,60856,60867,11
12.986579895,80.236038208,60867,60877,10
12.9865999222,80.2369232178,60877,60887,10
12.9866304398,80.2376022339,60887,60897,10
12.9866600037,80.2386169434,60897,60907,10
12.9865999222,80.23828125,60907,61038,131
12.9865999222,80.23828125,61038,61048,10
12.9866304398,80.2380218506,61048,61058,10
12.9865999222,80.2373199463,61058,61069,11
12.986579895,80.2367019653,61069,61079,10
12.9865503311,80.236076355,61079,61089,10
12.9865102768,80.235496521,61089,61099,10
12.9864797592,80.2353820801,61099,61109,10
12.9863395691,80.2350234985,61109,61119,10
12.9861097336,80.2342605591,61119,61129,10
12.9860601425,80.2336578369,61129,61139,10
12.9866104126,80.2333297729,61139,61149,10
12.9867801666,80.2333221436,61149,61159,10
12.9873304367,80.2332611084,61159,61169,10
12.9874000549,80.232749939,61169,61180,11
12.9876298904,80.2316894531,61180,61190,10
12.9880800247,80.2305297852,61190,61200,10
12.9882497787,80.2300720215,61200,61210,10
12.9883298874,80.2299118042,61210,61220,10
12.9885702133,80.2293014526,61220,61230,10
12.9889698029,80.2283630371,61230,61240,10
12.9897203445,80.227897644,61240,61250,10
12.989979744,80.2277297974,61250,61260,10
12.9901399612,80.2274169922,61260,61270,10
12.989979744,80.2266693115,61270,61281,11
12.9900302887,80.2258987427,61281,61291,10
12.989569664,80.2249984741,61291,61301,10
12.9894399643,80.224357605,61301,61311,10
12.9893798828,80.2237625122,61311,61321,10
12.9888601303,80.2234420776,61321,61331,10
12.9883499146,80.2233810425,61331,61351,20
12.9883499146,80.2233810425,61351,61361,10
12.9885196686,80.2233505249,61361,61371,10
12.9891195297,80.2233810425,61371,61382,11
12.9894800186,80.2239227295,61382,61392,10
12.9895496368,80.2246398926,61392,61402,10
12.9898099899,80.2252731323,61402,61412,10
12.9900798798,80.2261276245,61412,61422,10
12.9900999069,80.2267608643,61422,61432,10
12.9902296066,80.2275619507,61432,61451,19
12.9902296066,80.2275619507,61451,61463,12
12.9903697968,80.2282791138,61463,61473,10
12.9905796051,80.2289505005,61473,61484,11
12.9908103943,80.2298431396,61484,61493,9
12.9908599854,80.2302017212,61493,61504,11
12.9908599854,80.2304382324,61504,61515,11
12.9909095764,80.2311401367,61515,61525,10
12.9909696579,80.2318725586,61525,61535,10
12.9909801483,80.2320480347,61535,61545,10
12.9910097122,80.2323074341,61545,61555,10
12.9912595749,80.2330474854,61555,61565,10
12.9917898178,80.2337036133,61565,61586,21
12.9917898178,80.2337036133,61586,61596,10
12.9921503067,80.233757019,61596,61606,10
12.9928703308,80.2338790894,61606,61616,10
12.9934396744,80.234161377,61616,61626,10
12.9938802719,80.2344818115,61626,61636,10
12.9939002991,80.2344894409,61636,61646,10
12.9940500259,80.2345962524,61646,61656,10
12.9946098328,80.234916687,61656,61666,10
12.9952497482,80.2352828979,61666,61676,10
12.9958896637,80.2358322144,61676,61686,10
12.9960298538,80.2359924316,61686,61697,11
12.9961595535,80.2361602783,61697,61707,10
12.9965696335,80.2369003296,61707,61717,10
12.9970197678,80.237701416,61717,61727,10
12.9974403381,80.2383575439,61727,61737,10
12.9979600906,80.2389068604,61737,61747,10
12.9986896515,80.2392196655,61747,61777,30
12.9986896515,80.2392196655,61777,61787,10
12.9988002777,80.2392730713,61787,61798,11
12.9992904663,80.2393875122,61798,61808,10
13.0002002716,80.2395401001,61808,61818,10
13.0011196136,80.2396697998,61818,61828,10
13.0017499924,80.2398376465,61828,61838,10
13.0025501251,80.2400970459,61838,61858,20
13.0025501251,80.2400970459,61858,61868,10
13.0025997162,80.2400970459,61868,61878,10
13.0031700134,80.2403030396,61878,61888,10
13.0037298203,80.2409515381,61888,61899,11
13.0043401718,80.2418823242,61899,61909,10
13.0053195953,80.2418365479,61909,61919,10
13.0059900284,80.2420578003,61919,61929,10
13.0057201385,80.2422714233,61929,62979,1050
13.0057201385,80.2422714233,62979,62989,10
13.0053300858,80.2419586182,62989,62999,10
13.0051498413,80.2418289185,62999,63009,10
13.0050601959,80.2418212891,63009,63019,10
13.004360199,80.2418670654,63019,63029,10
13.0037899017,80.2412185669,63029,63039,10
13.0025997162,80.2401275635,63039,63059,20
13.0025997162,80.2401275635,63059,63070,11
13.0024995804,80.2400894165,63070,63080,10
13.0019903183,80.2398834229,63080,63090,10
13.0012798309,80.2396621704,63090,63100,10
13.0006799698,80.2396316528,63100,63110,10
13.0001802444,80.2395706177,63110,63120,10
12.9996995926,80.2394790649,63120,63130,10
12.9991998672,80.2393722534,63130,63201,71
12.9991998672,80.2393722534,63201,63211,10
12.99903965,80.2393188477,63211,63221,10
12.9987201691,80.2392272949,63221,63231,10
12.9985799789,80.2391815186,63231,63242,11
12.9984197617,80.239112854,63242,63252,10
12.9979000092,80.2388763428,63252,63262,10
12.9975404739,80.23853302,63262,63272,10
12.9970598221,80.2378692627,63272,63282,10
12.9967498779,80.2373199463,63282,63292,10
12.9962797165,80.2364425659,63292,63312,20
12.9962797165,80.2364425659,63312,63322,10
12.9960002899,80.236038208,63322,63332,10
12.9954900742,80.2355422974,63332,63343,11
12.9947595596,80.2350387573,63343,63363,20
12.9947595596,80.2350387573,63363,63373,10
12.9946804047,80.2349624634,63373,63383,10
12.9939603806,80.2345428467,63383,63403,20
12.9939603806,80.2345428467,63403,63413,10
12.9938297272,80.2344284058,63413,63423,10
12.9937000275,80.2343063354,63423,63433,10
12.9932203293,80.2340164185,63433,63443,10
12.9925899506,80.233833313,63443,63454,11
12.9917898178,80.2338104248,63454,63484,30
12.9917898178,80.2338104248,63484,63494,10
12.9916000366,80.2339019775,63494,63504,10
12.9913301468,80.2334671021,63504,63514,10
12.9911804199,80.233001709,63514,63524,10
12.9909095764,80.2318725586,63524,63565,41
12.9909095764,80.2318725586,63565,63575,10
12.9909296036,80.2315979004,63575,63585,10
12.9908599854,80.2311325073,63585,63595,10
12.9907798767,80.2301177979,63595,63615,20
12.9907798767,80.2301177979,63615,63625,10
12.9907398224,80.2297134399,63625,63635,10
12.9905796051,80.229133606,63635,63645,10
12.9904203415,80.2286224365,63645,63656,11
12.9901599884,80.2274093628,63656,63686,30
12.9901599884,80.2274093628,63686,63696,10
12.9901504517,80.2271575928,63696,63706,10
12.9900398254,80.2266311646,63706,63716,10
12.9901103973,80.225982666,63716,63725,9
12.989780426,80.2253494263,63725,63736,11
12.9895200729,80.2245864868,63736,63746,10
12.9894599915,80.2239074707,63746,63757,11
12.9889602661,80.2235107422,63757,63767,10
12.9883298874,80.223449707,63767,63847,80
12.9883298874,80.223449707,63847,63858,11
12.9883804321,80.2232666016,63858,63868,10
12.9889698029,80.2233505249,63868,63878,10
12.9894199371,80.2237472534,63878,63888,10
12.9894599915,80.224357605,63888,63898,10
12.9896602631,80.2250595093,63898,63908,10
12.9900903702,80.2258682251,63908,63918,10
12.9900598526,80.2266616821,63918,63928,10
12.9899196625,80.2277526855,63928,63958,30
12.9899196625,80.2277526855,63958,63969,11
12.989689827,80.2279205322,63969,63979,10
12.9891004562,80.2282104492,63979,63989,10
12.9886903763,80.229057312,63989,63999,10
12.9883203506,80.2300415039,63999,64019,20
12.9883203506,80.2300415039,64019,64029,10
12.9881601334,80.2304611206,64029,64039,10
12.9878396988,80.2312698364,64039,64049,10
12.9875202179,80.2324295044,64049,64059,10
12.9874696732,80.2330627441,64059,64070,11
12.9866304398,80.2333908081,64070,64099,29
12.9866304398,80.2333908081,64099,64110,11
12.986120224,80.2335510254,64110,64120,10
12.9861602783,80.2341384888,64120,64130,10
12.9864797592,80.2352294922,64130,64160,30
12.9864797592,80.2352294922,64160,64171,11
12.9865198135,80.2354431152,64171,64181,10
12.9865598679,80.236038208,64181,64191,10
12.9865903854,80.2368774414,64191,64201,10
12.9866104126,80.2373580933,64201,64210,9
12.9866600037,80.2387008667,64210,64241,31
12.9866600037,80.2387008667,64241,64251,10
12.9866199493,80.2390899658,64251,64261,10
12.9868497849,80.239440918,64261,64272,11
12.9870300293,80.2402420044,64272,64282,10
12.9872598648,80.2409362793,64282,64292,10
12.9883003235,80.2411193848,64292,64302,10
12.9887399673,80.2413330078,64302,64312,10
12.9886903763,80.2412796021,64312,64322,10
12.9886798859,80.2412414551,64322,64332,10
12.988360405,80.2411422729,64332,64544,212
12.988360405,80.2411422729,64544,64554,10
12.9879798889,80.2410736084,64554,64564,10
12.9872303009,80.2409515381,64564,64574,10
12.9870004654,80.2404174805,64574,64585,11
12.9869804382,80.2395095825,64585,64595,10
12.9866304398,80.239402771,64595,64605,10
12.9865598679,80.238571167,64605,64635,30
12.9865598679,80.238571167,64635,64645,10
12.9865903854,80.2382736206,64645,64655,10
12.986579895,80.2375488281,64655,64665,10
12.9865598679,80.2369537354,64665,64675,10
12.986530304,80.2363510132,64675,64686,11
12.9864597321,80.2353820801,64686,64706,20
12.9864597321,80.2353820801,64706,64716,10
12.9863796234,80.2351303101,64716,64726,10
12.9861402512,80.2345428467,64726,64736,10
12.9860696793,80.2339324951,64736,64746,10
12.9862098694,80.2334213257,64746,64756,10
12.9866199493,80.2333831787,64756,64766,10
12.9868202209,80.2333602905,64766,64776,10
12.9873800278,80.2332000732,64776,64787,11
12.987449646,80.2325363159,64787,64797,10
12.9877004623,80.2315673828,64797,64807,10
12.9879798889,80.2308425903,64807,64817,10
12.9882202148,80.2301635742,64817,64827,10
12.9882097244,80.2301483154,64827,64837,10
12.9882602692,80.2299804688,64837,64847,10
12.9884996414,80.2294921875,64847,64857,10
12.9888296127,80.2286834717,64857,64867,10
12.9895000458,80.2281112671,64867,64877,10
12.9898900986,80.2278213501,64877,64888,11
12.9899902344,80.2277526855,64888,64898,10
12.9901399612,80.2274703979,64898,64908,10
12.9900302887,80.2267379761,64908,64918,10
12.9900302887,80.2261886597,64918,64928,10
12.9898099899,80.2254180908,64928,64937,9
12.9895296097,80.2247772217,64937,64948,11
12.9894399643,80.2239990234,64948,64958,10
12.989109993,80.2235031128,64958,64968,10
12.9886198044,80.2234191895,64968,64978,10
12.988360405,80.2234268188,64978,65009,31
12.988360405,80.2234268188,65009,65019,10
12.9885702133,80.2233505249,65019,65029,10
12.9891195297,80.2234115601,65029,65039,10
12.9894695282,80.2238998413,65039,65049,10
12.9895296097,80.2245483398,65049,65059,10
12.9897403717,80.225189209,65059,65069,10
12.9900999069,80.2259979248,65069,65079,10
12.9900903702,80.2266311646,65079,65089,10
12.9902095795,80.2273712158,65089,65100,11
12.990240097,80.2276000977,65100,65109,9
12.9902601242,80.2278213501,65109,65120,11
12.9904003143,80.2283706665,65120,65130,10
12.9905796051,80.2289810181,65130,65140,10
12.9907999039,80.2298736572,65140,65150,10
12.9908599854,80.2302093506,65150,65160,10
12.9908800125,80.2302627563,65160,65170,10
12.9909095764,80.2308883667,65170,65180,10
12.9909601212,80.2314910889,65180,65190,10
12.9910202026,80.2321166992,65190,65201,11
12.9910297394,80.232208252,65201,65211,10
12.9911699295,80.232749939,65211,65221,10
12.9913702011,80.2333068848,65221,65231,10
12.9920301437,80.2337188721,65231,65261,30
12.9920301437,80.2337188721,65261,65271,10
12.9921302795,80.233757019,65271,65281,10
12.9926700592,80.2338180542,65281,65291,10
12.9932603836,80.234046936,65291,65301,10
12.9937000275,80.2343215942,65301,65312,11
12.9939002991,80.2344818115,65312,65322,10
12.994020462,80.2345581055,65322,65332,10
12.9944696426,80.2348403931,65332,65341,9
12.9951200485,80.2352218628,65341,65352,11
12.9957704544,80.2357025146,65352,65362,10
12.9960098267,80.2359695435,65362,65372,10
12.9961395264,80.2361297607,65372,65382,10
12.9964599609,80.2367172241,65382,65392,10
12.9968595505,80.2375030518,65392,65402,10
12.9971904755,80.23802948,65402,65413,11
12.9977703094,80.2387771606,65413,65423,10
12.9982204437,80.2390365601,65423,65433,10
12.9987096786,80.2391967773,65433,65443,10
12.9987297058,80.2392120361,65443,65453,10
12.9988002777,80.2392501831,65453,65463,10
12.9992198944,80.2393493652,65463,65473,10
12.9999399185,80.2395019531,65473,65483,10
13.0008201599,80.2396087646,65483,65493,10
13.0013599396,80.2397079468,65493,65503,10
13.001999855,80.2399215698,65503,65514,11
13.0024595261,80.2400588989,65514,65524,10
13.0025100708,80.2400894165,65524,65534,10
13.0026798248,80.2401580811,65534,65544,10
13.0031003952,80.2402801514,65544,65554,10
13.0035200119,80.240562439,65554,65564,10
13.003780365,80.2411727905,65564,65574,10
13.0043001175,80.2418899536,65574,65584,10
13.0050201416,80.241859436,65584,65594,10
13.0056600571,80.241859436,65594,65604,10
13.0059404373,80.2423324585,65604,65655,51
13.0059404373,80.2423324585,65655,65665,10
13.0058002472,80.24243927,65665,65675,10
13.0055999756,80.2422180176,65675,66604,929
13.0055999756,80.2422180176,66604,66614,10
13.0053901672,80.2419967651,66614,66624,10
13.0050001144,80.2418289185,66624,66634,10
13.004240036,80.2418518066,66634,66645,11
13.0037202835,80.2410736084,66645,66655,10
13.0031003952,80.2403182983,66655,66665,10
13.0024003983,80.2400970459,66665,66675,10
13.0018596649,80.239906311,66675,66695,20
13.0018596649,80.239906311,66695,66705,10
13.0013504028,80.2397613525,66705,66715,10
13.0007801056,80.2396621704,66715,66725,10
12.9998502731,80.2395019531,66725,66735,10
12.9992303848,80.239402771,66735,66756,21
12.9992303848,80.239402771,66756,66766,10
12.9990901947,80.2393569946,66766,66776,10
12.9984798431,80.2391891479,66776,66786,10
12.9978704453,80.2389221191,66786,66796,10
12.997469902,80.2384567261,66796,66806,10
12.9969797134,80.2377166748,66806,66816,10
12.9966802597,80.2372131348,66816,66826,10
12.9963102341,80.2365036011,66826,66836,10
12.9962596893,80.2364425659,66836,66847,11
12.9961500168,80.2362976074,66847,66857,10
12.9960002899,80.2360610962,66857,66867,10
12.9956502914,80.2356796265,66867,66877,10
12.99518013,80.2353134155,66877,66887,10
12.9946203232,80.2349624634,66887,66896,9
12.9939603806,80.2345733643,66896,66917,21
12.9939603806,80.2345733643,66917,66927,10
12.9937400818,80.2344207764,66927,66937,10
12.993350029,80.2341384888,66937,66947,10
12.9928703308,80.2339401245,66947,66958,11
12.9918498993,80.2338180542,66958,66978,20
12.9918498993,80.2338180542,66978,66988,10
12.9915800095,80.2338485718,66988,66998,10
12.991350174,80.2334976196,66998,67008,10
12.991230011,80.2331085205,67008,67018,10
12.9910497665,80.2326278687,67018,67028,10
12.9909200668,80.231918335,67028,67038,10
12.9909095764,80.2318725586,67038,67048,10
12.9909095764,80.2318191528,67048,67059,11
12.9908504486,80.2312316895,67059,67069,10
12.9908103943,80.2306976318,67069,67079,10
12.9907999039,80.2304992676,67079,67089,10
12.9907798767,80.230140686,67089,67109,20
12.9907798767,80.230140686,67109,67119,10
12.9907598495,80.229888916,67119,67129,10
12.9905996323,80.2292404175,67129,67139,10
12.9904403687,80.2287368774,67139,67149,10
12.9902896881,80.2282104492,67149,67160,11
12.9901599884,80.2274703979,67160,67170,10
12.9901599884,80.2274627686,67170,67180,10
12.9901103973,80.2271194458,67180,67190,10
12.989979744,80.2265777588,67190,67200,10
12.9900503159,80.2260818481,67200,67210,10
12.989780426,80.2253799438,67210,67220,10
12.9895401001,80.2247924805,67220,67229,9
12.9894304276,80.2241592407,67229,67240,11
12.989279747,80.2236404419,67240,67250,10
12.9888296127,80.2234191895,67250,67261,11
12.9883298874,80.2234420776,67261,67301,40
12.9883298874,80.2234420776,67301,67311,10
12.9884195328,80.2233505249,67311,67321,10
12.9889297485,80.2233963013,67321,67331,10
12.9893798828,80.2237091064,67331,67341,10
12.9894399643,80.2242126465,67341,67351,10
12.989569664,80.2248916626,67351,67361,10
12.9899301529,80.2255401611,67361,67372,11
12.9900197983,80.2264099121,67372,67382,10
12.9901199341,80.2269668579,67382,67392,10
12.9900598526,80.2277069092,67392,67452,60
12.9900598526,80.2277069092,67452,67462,10
12.9897499084,80.227897644,67462,67473,11
12.9893102646,80.2281570435,67473,67483,10
12.9889202118,80.2285385132,67483,67493,10
12.9886302948,80.2292861938,67493,67503,10
12.9883298874,80.2300796509,67503,67523,20
12.9883298874,80.2300796509,67523,67533,10
12.9882802963,80.2301864624,67533,67543,10
12.9881496429,80.2305374146,67543,67553,10
12.9878902435,80.2312164307,67553,67563,10
12.9876203537,80.2319412231,67563,67574,11
12.9874696732,80.2328720093,67574,67584,10
12.9874401093,80.2332763672,67584,67594,10
12.9869403839,80.2333602905,67594,67604,10
12.9866104126,80.2333984375,67604,67614,10
12.9865703583,80.2333984375,67614,67624,10
12.986289978,80.2333831787,67624,67634,10
12.9861001968,80.2337417603,67634,67644,10
12.9861402512,80.2342376709,67644,67654,10
12.9864702225,80.2352523804,67654,67685,31
12.9864702225,80.2352523804,67685,67695,10
12.9864997864,80.2353973389,67695,67705,10
12.9865598679,80.2359237671,67705,67715,10
12.9865903854,80.2365493774,67715,67725,10
12.9866104126,80.2371826172,67725,67734,9
12.9866199493,80.2378692627,67734,67745,11
12.9865398407,80.238571167,67745,68381,636
12.9865398407,80.238571167,68381,68391,10
12.9866399765,80.2382965088,68391,68402,11
12.9866104126,80.2376937866,68402,68412,10
12.986579895,80.2370376587,68412,68422,10
12.9865503311,80.2365264893,68422,68432,10
12.9864397049,80.2353973389,68432,68452,20
12.9864397049,80.2353973389,68452,68462,10
12.9864301682,80.2352371216,68462,68472,10
12.9861698151,80.234588623,68472,68482,10
12.9860801697,80.2339172363,68482,68492,10
12.9861402512,80.2333984375,68492,68503,11
12.9865999222,80.2333679199,68503,68513,10
12.9866895676,80.2333679199,68513,68523,10
12.987159729,80.2333374023,68523,68533,10
12.9873800278,80.2330627441,68533,68543,10
12.9874401093,80.2324295044,68543,68553,10
12.987660408,80.2315979004,68553,68563,10
12.9880399704,80.2307510376,68563,68573,10
12.9883403778,80.2299575806,68573,68583,10
12.9884500504,80.229637146,68583,68593,10
12.9885101318,80.2294998169,68593,68604,11
12.9887599945,80.228767395,68604,68614,10
12.9892196655,80.2282409668,68614,68624,10
12.9894895554,80.2280883789,68624,68634,10
12.9895601273,80.2280502319,68634,68644,10
12.9899997711,80.227722168,68644,68663,19
12.9899997711,80.227722168,68663,68674,11
12.9900598526,80.2276992798,68674,68684,10
12.9901399612,80.2273635864,68684,68694,10
12.9900503159,80.2267227173,68694,68705,11
12.9900197983,80.2261962891,68705,68715,10
12.9898996353,80.2255935669,68715,68725,10
12.9895496368,80.2249221802,68725,68735,10
12.9894399643,80.2242965698,68735,68744,9
12.9894104004,80.2238388062,68744,68755,11
12.9888496399,80.2234191895,68755,68775,20
12.9888496399,80.2234191895,68775,68785,10
12.9886302948,80.2233810425,68785,68795,10
12.9883098602,80.2234420776,68795,68846,51
12.9883098602,80.2234420776,68846,68856,10
12.9883804321,80.2233505249,68856,68866,10
12.9885101318,80.2233505249,68866,68876,10
12.9890003204,80.2234115601,68876,68886,10
12.98939991,80.2237625122,68886,68896,10
12.9894399643,80.2242431641,68896,68906,10
12.9895801544,80.2249221802,68906,68916,10
12.9899396896,80.2255630493,68916,68927,11
12.9899997711,80.226348877,68927,68937,10
12.9900798798,80.2268676758,68937,68947,10
12.9901895523,80.2275619507,68947,68957,10
12.9902296066,80.2278366089,68957,68966,9
12.9904003143,80.2285003662,68966,68977,11
12.9905796051,80.2290802002,68977,68987,10
12.9907798767,80.2298812866,68987,68997,10
12.9908399582,80.2302398682,68997,69007,10
12.9908304214,80.2302703857,69007,69018,11
12.9908704758,80.2309036255,69018,69028,10
12.9909095764,80.2314071655,69028,69038,10
12.9909801483,80.2320632935,69038,69048,10
12.9909801483,80.2321472168,69048,69058,10
12.9911499023,80.2328033447,69058,69068,10
12.991350174,80.2333679199,69068,69078,10
12.9920196533,80.2337493896,69078,69098,20
12.9920196533,80.2337493896,69098,69108,10
12.992389679,80.2338027954,69108,69119,11
12.9931497574,80.2340164185,69119,69129,10
12.9936304092,80.2343063354,69129,69139,10
12.9938402176,80.2344818115,69139,69149,10
12.9938898087,80.2345275879,69149,69159,10
12.9943704605,80.2348098755,69159,69169,10
12.9951095581,80.2352676392,69169,69179,10
12.9956703186,80.2356872559,69179,69189,10
12.9959697723,80.2359771729,69189,69199,10
12.9960403442,80.236076355,69199,69209,10
12.9963903427,80.236656189,69209,69219,10
12.9967803955,80.2374191284,69219,69230,11
12.9970998764,80.237953186,69230,69240,10
12.9975404739,80.2386169434,69240,69250,10
12.9979600906,80.2389831543,69250,69260,10
12.9985103607,80.2391891479,69260,69270,10
12.9986600876,80.2392272949,69270,69280,10
12.9988002777,80.2393035889,69280,69290,10
12.9992198944,80.2394104004,69290,69300,10
13.0000295639,80.2395401001,69300,69310,10
13.0008897781,80.2396469116,69310,69320,10
13.0013504028,80.2397537231,69320,69331,11
13.002120018,80.2399902344,69331,69341,10
13.0022602081,80.2400436401,69341,69351,10
13.0026302338,80.2401733398,69351,69361,10
13.0033397675,80.2403869629,69361,69371,10
13.0037002563,80.2410736084,69371,69381,10
13.004119873,80.2418289185,69381,69390,9
13.0048103333,80.2418899536,69390,69401,11
13.0057296753,80.2418823242,69401,69411,10
13.005689621,80.2423019409,69411,69997,586
13.005689621,80.2423019409,69997,70007,10
13.0054998398,80.2422103882,70007,70017,10
13.0053195953,80.2420501709,70017,70027,10
13.0051002502,80.241897583,70027,70037,10
13.0047597885,80.2419204712,70037,70048,11
13.0042104721,80.2418823242,70048,70058,10
13.0038604736,80.2415008545,70058,70068,10
13.0036201477,80.2409362793,70068,70078,10
13.0033302307,80.2404632568,70078,70088,10
13.0025501251,80.2401580811,70088,70118,30
13.0025501251,80.2401580811,70118,70128,10
13.0023403168,80.2400894165,70128,70138,10
13.0021800995,80.2400436401,70138,70149,11
13.0015802383,80.2398300171,70149,70159,10
13.0011301041,80.2397079468,70159,70169,10
13.0010995865,80.2397003174,70169,70179,10
13.0007200241,80.2396316528,70179,70189,10
13.0001602173,80.2395401001,70189,70199,10
12.9991998672,80.2393875122,70199,70229,30
12.9991998672,80.2393875122,70229,70239,10
12.9989299774,80.2393035889,70239,70249,10
12.9984998703,80.2391815186,70249,70260,11
12.998000145,80.2389984131,70260,70270,10
12.9977197647,80.2388000488,70270,70280,10
12.997420311,80.2384185791,70280,70290,10
12.997130394,80.2379837036,70290,70300,10
12.9968996048,80.2376098633,70300,70310,10
12.9966497421,80.2371368408,70310,70320,10
12.9962797165,80.2364730835,70320,70361,41
12.9962797165,80.2364730835,70361,70371,10
12.9961595535,80.2363433838,70371,70381,10
12.9960098267,80.2360687256,70381,70391,10
12.9956798553,80.2357025146,70391,70401,10
12.9952402115,80.2353820801,70401,70411,10
12.9949102402,80.235168457,70411,70431,20
12.9949102402,80.235168457,70431,70441,10
12.994720459,80.2350311279,70441,70451,10
12.9939203262,80.234588623,70451,70472,21
12.9939203262,80.234588623,70472,70482,10
12.9938602448,80.2345275879,70482,70492,10
12.9935998917,80.2343063354,70492,70502,10
12.9931898117,80.2340621948,70502,70512,10
12.9927196503,80.2339019775,70512,70522,10
12.9921798706,80.233833313,70522,70532,10
12.9918403625,80.233833313,70532,70563,31
12.9918403625,80.233833313,70563,70573,10
12.9914798737,80.2338562012,70573,70583,10
12.9912996292,80.2334594727,70583,70593,10
12.9912004471,80.2331237793,70593,70603,10
12.9910202026,80.2325592041,70603,70613,10
12.9909095764,80.2319488525,70613,70623,10
12.9909000397,80.2318725586,70623,70633,10
12.9908704758,80.2316818237,70633,70643,10
12.9908304214,80.2311782837,70643,70653,10
12.990819931,80.2306900024,70653,70664,11
12.9907598495,80.2301635742,70664,70674,10
12.99077034,80.2300720215,70674,70684,10
12.9906797409,80.2295837402,70684,70694,10
12.9904899597,80.2289428711,70694,70704,10
12.9903898239,80.2285995483,70704,70714,10
12.9901399612,80.2274780273,70714,70734,20
12.9901399612,80.2274780273,70734,70744,10
12.9901199341,80.2272415161,70744,70754,10
12.9899997711,80.2266693115,70754,70765,11
12.9900197983,80.2263031006,70765,70775,10
12.9898996353,80.2255706787,70775,70785,10
12.989569664,80.224937439,70785,70795,10
12.9894800186,80.2245483398,70795,70805,10
12.9894504547,80.2239685059,70805,70815,10
12.9891195297,80.2235031128,70815,70824,9
12.9887599945,80.2234268188,70824,70835,11
12.9883499146,80.2235031128,70835,70865,30
12.9883499146,80.2235031128,70865,70876,11
12.9884300232,80.2233276367,70876,70886,10
12.9888801575,80.2233810425,70886,70896,10
12.989279747,80.2235870361,70896,70905,9
12.9894199371,80.2239837646,70905,70916,11
12.9894800186,80.2245864868,70916,70926,10
12.9896097183,80.2249984741,70926,70936,10
12.9900302887,80.2257080078,70936,70946,10
12.9899902344,80.2263565063,70946,70956,10
12.9900598526,80.2267303467,70956,70966,10
12.9899196625,80.2277603149,70966,70987,21
12.9899196625,80.2277603149,70987,70997,10
12.9897403717,80.227897644,70997,71007,10
12.9892196655,80.2281723022,71007,71017,10
12.9888095856,80.2287216187,71017,71027,10
12.9884500504,80.229637146,71027,71037,10
12.9883403778,80.2299499512,71037,71047,10
12.9883003235,80.2300567627,71047,71057,10
12.9881000519,80.2305831909,71057,71067,10
12.9876699448,80.2316131592,71067,71078,11
12.9874200821,80.2328491211,71078,71088,10
12.9874401093,80.2331619263,71088,71098,10
12.9870996475,80.2333221436,71098,71108,10
12.9865598679,80.2333602905,71108,71128,20
12.9865598679,80.2333602905,71128,71138,10
12.9862203598,80.2333984375,71138,71148,10
12.9860801697,80.2338027954,71148,71158,10
12.9861097336,80.2342376709,71158,71168,10
12.9864397049,80.2352294922,71168,71199,31
12.9864397049,80.2352294922,71199,71209,10
12.986530304,80.2356719971,71209,71219,10
12.9865503311,80.2361679077,71219,71229,10
12.9865598679,80.2369003296,71229,71239,10
12.986579895,80.2373809814,71239,71249,10
12.9866104126,80.2383270264,71249,71259,10
12.9865102768,80.2385482788,71259,71936,677
12.9864997864,80.2384414673,71936,72017,81
12.9864997864,80.2384414673,72017,72027,10
12.9865198135,80.2384567261,72027,72037,10
12.9865999222,80.2379989624,72037,72047,10
12.9865598679,80.2373199463,72047,72057,10
12.9865398407,80.236831665,72057,72067,10
12.9865102768,80.2361297607,72067,72077,10
12.9864301682,80.2353515625,72077,72108,31
12.9864301682,80.2353515625,72108,72118,10
12.9863996506,80.2352371216,72118,72127,9
12.9861898422,80.2347717285,72127,72138,11
12.9860601425,80.2340011597,72138,72148,10
12.9860496521,80.233581543,72148,72158,10
12.9865198135,80.2333526611,72158,72168,10
12.986579895,80.2333374023,72168,72177,9
12.9870004654,80.2333221436,72177,72188,11
12.9873600006,80.2330093384,72188,72198,10
12.9874401093,80.2323532104,72198,72209,11
12.9877004623,80.2314376831,72209,72219,10
12.9882001877,80.2300872803,72219,72239,20
12.9882001877,80.2300872803,72239,72249,10
12.9883699417,80.2297210693,72249,72259,10
12.9885997772,80.2291030884,72259,72269,10
12.98898983,80.2282791138,72269,72279,10
12.9899702072,80.2277297974,72279,72299,20
12.9899702072,80.2277297974,72299,72309,10
12.9901304245,80.2276306152,72309,72320,11
12.9900598526,80.2269210815,72320,72330,10
12.9899997711,80.2262573242,72330,72340,10
12.9898996353,80.2255630493,72340,72350,10
12.9895200729,80.2247695923,72350,72360,10
12.9894399643,80.2240371704,72360,72370,10
12.9892196655,80.2235412598,72370,72380,10
12.9887199402,80.2233886719,72380,72390,10
12.9883098602,80.2233963013,72390,72421,31
12.9883098602,80.2233963013,72421,72431,10
12.9882898331,80.2232971191,72431,72441,10
12.9886703491,80.2232971191,72441,72451,10
12.9891300201,80.2234115601,72451,72461,10
12.9894104004,80.2238769531,72461,72471,10
12.9894304276,80.2244033813,72471,72481,10
12.9895896912,80.2249526978,72481,72491,10
12.9899702072,80.2256011963,72491,72501,10
12.9899997711,80.2263336182,72501,72511,10
12.9900598526,80.2267913818,72511,72522,11
12.9901695251,80.2275314331,72522,72531,9
12.9901695251,80.2275924683,72531,72542,11
12.9903097153,80.2282409668,72542,72552,10
12.9905004501,80.2288818359,72552,72562,10
12.9906997681,80.2295532227,72562,72572,10
12.9908103943,80.2302017212,72572,72582,10
12.9908103943,80.2303695679,72582,72592,10
12.9908504486,80.2309875488,72592,72602,10
12.990940094,80.2320404053,72602,72623,21
12.990940094,80.2320404053,72623,72633,10
12.9910001755,80.2324066162,72633,72643,10
12.991230011,80.2331008911,72643,72653,10
12.9914999008,80.233581543,72653,72663,10
12.991979599,80.2337417603,72663,72683,20
12.991979599,80.2337417603,72683,72693,10
12.9924402237,80.2338104248,72693,72703,10
12.9930801392,80.2339782715,72703,72713,10
12.9934902191,80.2342224121,72713,72723,10
12.9938201904,80.2344665527,72723,72734,11
12.9938697815,80.2344970703,72734,72744,10
12.9939603806,80.2345504761,72744,72754,10
12.9945497513,80.234916687,72754,72764,10
12.9951696396,80.2352828979,72764,72774,10
12.9959201813,80.2359085083,72774,72794,20
12.9959201813,80.2359085083,72794,72804,10
12.9961099625,80.2361526489,72804,72814,10
12.9964199066,80.2367401123,72814,72824,10
12.9968395233,80.237487793,72824,72835,11
12.9971599579,80.2380218506,72835,72845,10
12.9976301193,80.2386627197,72845,72855,10
12.9981203079,80.2390289307,72855,72865,10
12.9986801147,80.2392196655,72865,72885,20
12.9986801147,80.2392196655,72885,72895,10
12.9990100861,80.2393188477,72895,72905,10
12.9996099472,80.2394714355,72905,72915,10
13.0005397797,80.2395935059,72915,72925,10
13.0011796951,80.239692688,72925,72936,11
13.001999855,80.2399520874,72936,72946,10
13.0025596619,80.2401275635,72946,72956,10
13.0032997131,80.2403717041,72956,72966,10
13.0037002563,80.2410736084,72966,72976,10
13.0040397644,80.2417526245,72976,72986,10
13.0048799515,80.2418670654,72986,72996,10
13.0057001114,80.241859436,72996,73006,10
13.0059204102,80.2423171997,73006,73026,20
13.0059204102,80.2423171997,73026,73037,11
13.0056600571,80.2423400879,73037,73733,696
13.0056600571,80.2423400879,73733,73743,10
13.0053100586,80.2419662476,73743,73753,10
13.0048303604,80.2418518066,73753,73764,11
13.0039396286,80.2417068481,73764,73774,10
13.0036096573,80.2408905029,73774,73784,10
13.0030603409,80.2403106689,73784,73794,10
13.0023603439,80.2400894165,73794,73804,10
13.0017795563,80.2398910522,73804,73814,10
13.0010795593,80.2397232056,73814,73824,10
13.0005397797,80.239616394,73824,73834,10
12.9999599457,80.2395477295,73834,73844,10
12.9993200302,80.2394180298,73844,73854,10
12.9991798401,80.2393798828,73854,73865,11
12.9986600876,80.2392578125,73865,73875,10
12.9979000092,80.2389678955,73875,73885,10
12.9975204468,80.2385864258,73885,73895,10
12.9970302582,80.2378463745,73895,73905,10
12.9967498779,80.2373428345,73905,73915,10
12.9962396622,80.2364196777,73915,73955,40
12.9962396622,80.2364196777,73955,73966,11
12.9961395264,80.2362594604,73966,73976,10
12.9956903458,80.2357025146,73976,73986,10
12.9951400757,80.2352981567,73986,73996,10
12.9945602417,80.2349777222,73996,74006,10
12.9938402176,80.2345199585,74006,74016,10
12.9934196472,80.2341766357,74016,74026,10
12.9929199219,80.2339630127,74026,74036,10
12.9921598434,80.2338104248,74036,74046,10
12.991809845,80.2338180542,74046,74056,10
12.9917201996,80.2338409424,74056,74067,11
12.9913396835,80.2334518433,74067,74077,10
12.9911804199,80.2329483032,74077,74087,10
12.9909696579,80.232093811,74087,74097,10
12.9909200668,80.2316970825,74097,74107,10
12.9908599854,80.2311782837,74107,74117,10
12.990819931,80.230506897,74117,74127,10
12.9907798767,80.230140686,74127,74137,10
12.9907197952,80.2297897339,74137,74147,10
12.9904899597,80.2289505005,74147,74157,10
12.9903497696,80.2284393311,74157,74168,11
12.9901504517,80.2275238037,74168,74178,10
12.9901399612,80.2274398804,74178,74188,10
12.9900598526,80.2269592285,74188,74198,10
12.989979744,80.2263793945,74198,74208,10
12.9898700714,80.2255401611,74208,74218,10
12.9895296097,80.2248001099,74218,74228,10
12.9894304276,80.2240219116,74228,74238,10
12.9891500473,80.2235031128,74238,74248,10
12.9885797501,80.2233886719,74248,74258,10
12.9883203506,80.2234725952,74258,74268,10
12.9883003235,80.223449707,74268,74279,11
12.9884395599,80.2233581543,74279,74299,20
12.9884395599,80.2233581543,74299,74309,10
12.988699913,80.2233963013,74309,74319,10
12.9891700745,80.2234573364,74319,74329,10
12.9894399643,80.2239532471,74329,74339,10
12.9895095825,80.2246170044,74339,74349,10
12.9897403717,80.225227356,74349,74359,10
12.9900903702,80.2260131836,74359,74369,10
12.9900503159,80.2266387939,74369,74379,10
12.9901599884,80.2274017334,74379,74390,11
12.9899196625,80.2277526855,74390,74400,10
12.989780426,80.2278823853,74400,74410,10
12.9891796112,80.2282104492,74410,74419,9
12.9887199402,80.2289199829,74419,74430,11
12.9883899689,80.2297515869,74430,74440,10
12.9883098602,80.2299880981,74440,74450,10
12.9882297516,80.2301635742,74450,74460,10
12.9878797531,80.2310333252,74460,74481,21
12.9878797531,80.2310333252,74481,74491,10
12.9877796173,80.231338501,74491,74501,10
12.9875297546,80.2320480347,74501,74511,10
12.9874200821,80.2329483032,74511,74521,10
12.9872303009,80.2333221436,74521,74531,10
12.9866600037,80.2333679199,74531,74541,10
12.9865398407,80.2333679199,74541,74551,10
12.9863595963,80.2333679199,74551,74561,10
12.9860801697,80.2337112427,74561,74571,10
12.9861097336,80.2342681885,74571,74582,11
12.9863996506,80.2351608276,74582,74592,10
12.9865398407,80.2356491089,74592,74602,10
12.986530304,80.2356491089,74602,74612,10
12.986530304,80.2358398438,74612,74622,10
12.9865598679,80.2364273071,74622,74632,10
12.9865703583,80.2370986938,74632,74642,10
12.9865903854,80.2378234863,74642,74652,10
12.9865999222,80.2387619019,74652,74672,20
12.9865999222,80.2387619019,74672,74682,10
12.9864997864,80.2385787964,74682,75874,1192
12.9864997864,80.2385787964,75874,75884,10
12.9865198135,80.2384490967,75884,75894,10
12.9865503311,80.2379608154,75894,75904,10
12.9865198135,80.2371902466,75904,75914,10
12.9864997864,80.2367019653,75914,75925,11
12.9864702225,80.2359390259,75925,75935,10
12.9864301682,80.235458374,75935,75945,10
12.9864196777,80.2353973389,75945,75955,10
12.9863996506,80.2353363037,75955,75965,10
12.9861803055,80.2348632813,75965,75975,10
12.9860200882,80.23412323,75975,75985,10
12.9859800339,80.2336425781,75985,75995,10
12.986410141,80.2333602905,75995,76005,10
12.986530304,80.2333374023,76005,76015,10
12.9867801666,80.2333374023,76015,76026,11
12.9873199463,80.2332305908,76026,76036,10
12.9873504639,80.232749939,76036,76046,10
12.9874897003,80.2319564819,76046,76056,10
12.9878196716,80.2311325073,76056,76066,10
12.988120079,80.2303237915,76066,76076,10
12.9882001877,80.2301101685,76076,76086,10
12.9883403778,80.2297515869,76086,76096,10
12.9885597229,80.2292098999,76096,76106,10
12.9888296127,80.2285003662,76106,76116,10
12.9894304276,80.2280807495,76116,76127,11
12.9898700714,80.2277832031,76127,76137,10
12.9899902344,80.227722168,76137,76147,10
12.9901103973,80.2273330688,76147,76157,10
12.9899597168,80.2266387939,76157,76167,10
12.989979744,80.2261199951,76167,76177,10
12.9897603989,80.2254180908,76177,76187,10
12.9895000458,80.2248687744,76187,76197,10
12.98939991,80.2242202759,76197,76207,10
12.9893302917,80.2237091064,76207,76217,10
12.9889001846,80.2234268188,76217,76228,11
12.9883003235,80.2234191895,76228,76268,40
12.9883003235,80.2234191895,76268,76278,10
12.988530159,80.2232971191,76278,76288,10
12.9890403748,80.2233581543,76288,76298,10
12.9893903732,80.2237930298,76298,76308,10
12.98939991,80.2243270874,76308,76318,10
12.9895401001,80.224937439,76318,76328,10
12.9899196625,80.2255706787,76328,76339,11
12.9899702072,80.2262268066,76339,76349,10
12.9899902344,80.2266921997,76349,76359,10
12.9900999069,80.2274169922,76359,76369,10
12.9901399612,80.2276611328,76369,76379,10
12.9902896881,80.2283401489,76379,76389,10
12.9904699326,80.2288970947,76389,76399,10
12.9906702042,80.229598999,76399,76409,10
12.9907798767,80.2304916382,76409,76419,10
12.990819931,80.2310562134,76419,76429,10
12.9908399582,80.2316436768,76429,76440,11
12.9908895493,80.2319793701,76440,76450,10
12.9909200668,80.2322387695,76450,76460,10
12.9910802841,80.2328262329,76460,76470,10
12.9912595749,80.2333068848,76470,76480,10
12.9916801453,80.2337036133,76480,76500,20
12.9916801453,80.2337036133,76500,76510,10
12.9920301437,80.2337875366,76510,76520,10
12.9926204681,80.2338485718,76520,76530,10
12.9931402206,80.2340316772,76530,76541,11
12.9936599731,80.2343521118,76541,76551,10
12.9938402176,80.2344818115,76551,76561,10
12.9940795898,80.2346420288,76561,76571,10
12.9946699142,80.2349777222,76571,76581,10
12.9951896667,80.2352981567,76581,76591,10
12.9957504272,80.2357406616,76591,76601,10
12.9959402084,80.2359695435,76601,76611,10
12.9960203171,80.2360610962,76611,76621,10
12.9961299896,80.2361984253,76621,76631,10
12.9961996078,80.2363204956,76631,76641,10
12.9962596893,80.2364120483,76641,76652,11
12.9965600967,80.2370071411,76652,76662,10
12.9968595505,80.2375564575,76662,76672,10
12.9970998764,80.237953186,76672,76682,10
12.997179985,80.2380523682,76682,76692,10
12.9974498749,80.2384796143,76692,76702,10
12.9978504181,80.2388687134,76702,76712,10
12.9984397888,80.2391281128,76712,76722,10
12.9986896515,80.2392196655,76722,76732,10
12.9989795685,80.2393112183,76732,76742,10
12.9995203018,80.2394104004,76742,76753,11
13.0004196167,80.2395401001,76753,76763,10
13.0010795593,80.2396621704,76763,76773,10
13.0016298294,80.2397994995,76773,76783,10
13.0022697449,80.2400131226,76783,76793,10
13.0027198792,80.2401504517,76793,76803,10
13.0033998489,80.2404174805,76803,76813,10
13.0037403107,80.2412033081,76813,76823,10
13.004119873,80.2418212891,76823,76833,10
13.00481987,80.2418518066,76833,76843,10
13.0055799484,80.2418365479,76843,76854,11
13.0058803558,80.2418823242,76854,76864,10
13.0058898926,80.2423095703,76864,76894,30
13.0058898926,80.2423095703,76894,76904,10
13.0056200027,80.2424163818,76904,77197,293
13.0056200027,80.2424163818,77197,77207,10
13.0054101944,80.2420196533,77207,77217,10
13.0049800873,80.2418136597,77217,77227,10
13.0041704178,80.2418289185,77227,77237,10
13.0037603378,80.2412185669,77237,77247,10
13.0033197403,80.2404022217,77247,77257,10
13.0024299622,80.2400817871,77257,77268,11
13.0018796921,80.239906311,77268,77278,10
13.0010900497,80.2397003174,77278,77288,10
13.0003995895,80.2395935059,77288,77298,10
12.9991903305,80.2393875122,77298,77318,20
12.9991903305,80.2393875122,77318,77328,10
12.9979295731,80.2389602661,77328,77338,10
12.9979295731,80.2389602661,77338,77348,10
12.9975404739,80.238571167,77348,77358,10
12.9969902039,80.2378005981,77358,77369,11
12.9966402054,80.2371520996,77369,77379,10
12.9961996078,80.2363128662,77379,77389,10
12.9955501556,80.2355804443,77389,77399,10
12.9950504303,80.235206604,77399,77409,10
12.9944496155,80.2348632813,77409,77419,10
12.9937696457,80.2344207764,77419,77429,10
12.9933300018,80.2341003418,77429,77439,10
12.9927597046,80.2338790894,77439,77449,10
12.9920797348,80.2337799072,77449,77459,10
12.9918203354,80.2337875366,77459,77470,11
12.9917602539,80.2337799072,77470,77480,10
12.9917602539,80.2337799072,77480,77490,10
12.9913597107,80.2336807251,77490,77500,10
12.9912500381,80.2331390381,77500,77510,10
12.9910497665,80.2325973511,77510,77520,10
12.9909095764,80.2317886353,77520,77529,9
12.990819931,80.2310333252,77529,77539,10
12.9907798767,80.2303695679,77539,77550,11
12.9907503128,80.2300872803,77550,77560,10
12.9907503128,80.2298965454,77560,77571,11
12.9905099869,80.2290267944,77571,77581,10
12.9903497696,80.2284622192,77581,77591,10
12.9901599884,80.2275390625,77591,77601,10
12.9900302887,80.2266235352,77601,77611,10
12.990070343,80.2259979248,77611,77621,10
12.9896602631,80.225151062,77621,77631,10
12.9894504547,80.2244567871,77631,77641,10
12.9894104004,80.2238082886,77641,77651,10
12.988940239,80.2234115601,77651,77661,10
12.9883804321,80.2236328125,77661,77692,31
12.9883804321,80.2236328125,77692,77702,10
