13.0982999802,80.241027832,14,357,343
13.0982999802,80.241027832,357,367,10
13.0984401703,80.2411117554,367,377,10
13.0984697342,80.2412872314,377,387,10
13.0986099243,80.2415466309,387,397,10
13.0988903046,80.2414779663,397,407,10
13.0989198685,80.2413024902,407,418,11
13.098690033,80.2413024902,418,10892,10474
13.0987100601,80.2413864136,10892,11770,878
13.0986995697,80.2412414551,11770,11861,91
13.0986995697,80.2412414551,11861,11871,10
13.0987796783,80.2413024902,11871,11881,10
13.0992698669,80.2415771484,11881,11962,81
13.0992698669,80.2415771484,11962,11972,10
13.0985403061,80.2410430908,11972,11982,10
13.0984201431,80.2408599854,11982,12002,20
13.0984201431,80.2408599854,12002,12012,10
13.0986795425,80.2412719727,12012,18194,6182
13.0986995697,80.2412414551,18194,28395,10201
13.0987300873,80.2414398193,28395,28566,171
13.0986204147,80.2413864136,28566,29930,1364
13.0986204147,80.2413864136,29930,29940,10
13.0985603333,80.2412796021,29940,29950,10
13.0985603333,80.2410430908,29950,29960,10
13.0985603333,80.2407913208,29960,29970,10
13.0983800888,80.2406616211,29970,30132,162
13.0983800888,80.2406616211,30132,30142,10
13.0984401703,80.2406234741,30142,30152,10
13.0982398987,80.2405395508,30152,30273,121
13.0982398987,80.2405395508,30273,30283,10
13.0981798172,80.2405166626,30283,30435,152
13.0981903076,80.2404098511,30435,30679,244
13.0980796814,80.2405776978,30679,30770,91
13.0980796814,80.2405776978,30770,30780,10
13.0983400345,80.2404708862,30780,30800,20
13.0983400345,80.2404708862,30800,30810,10
13.0985097885,80.2406005859,30810,30820,10
13.0983295441,80.2406616211,30820,31305,485
13.0982904434,80.2406463623,31305,31578,273
13.0983495712,80.2406616211,31578,38145,6567
13.0981702805,80.2405471802,38145,38266,121
13.098279953,80.2407073975,38266,39741,1475
13.0983295441,80.2406005859,39741,40165,424
13.0983104706,80.2406692505,40165,46248,6083
13.0983495712,80.240737915,46248,47268,1020
13.0984601974,80.240562439,47268,48166,898
13.0983400345,80.2406463623,48166,48954,788
13.0982904434,80.2406387329,48954,49822,868
13.0983200073,80.2407073975,49822,51357,1535
13.0983200073,80.2407073975,51357,51367,10
13.0984601974,80.2405090332,51367,51377,10
13.0985298157,80.2401809692,51377,51388,11
13.0988998413,80.2401580811,51388,51398,10
13.0991201401,80.2405014038,51398,51408,10
13.0991201401,80.2406005859,51408,51418,10
13.0991096497,80.2409896851,51418,51428,10
13.0988397598,80.2410202026,51428,51438,10
13.0988798141,80.2406387329,51438,51448,10
13.098950386,80.2402191162,51448,51458,10
13.0986604691,80.2402420044,51458,51468,10
13.0985403061,80.2405166626,51468,51478,10
13.0985403061,80.2407913208,51478,51489,11
13.0988101959,80.2409667969,51489,51499,10
13.0986795425,80.2406768799,51499,52258,759
13.0986795425,80.2406768799,52258,52268,10
13.0983695984,80.2407226563,52268,52622,354
13.0983695984,80.2407226563,52622,52632,10
13.098400116,80.2406616211,52632,52985,353
13.098400116,80.2406616211,52985,52995,10
13.0984802246,80.2407073975,52995,53005,10
13.0986995697,80.2409133911,53005,53015,10
13.0986499786,80.2406463623,53015,53207,192
13.0986499786,80.2406463623,53207,53217,10
13.0985898972,80.2406616211,53217,53227,10
13.0985603333,80.2403564453,53227,53238,11
13.0987997055,80.2401733398,53238,53248,10
13.0990600586,80.240447998,53248,53359,111
13.0990600586,80.240447998,53359,53369,10
13.0990200043,80.2407989502,53369,53379,10
13.0989198685,80.2412033081,53379,53389,10
13.0988502502,80.2416000366,53389,53773,384
13.0988502502,80.2416000366,53773,53783,10
13.0987300873,80.2417602539,53783,53803,20
13.0987300873,80.2419204712,53803,53894,91
13.0987300873,80.2419204712,53894,53904,10
13.0986995697,80.2415390015,53904,53914,10
13.0985803604,80.2411804199,53914,53924,10
13.0984897614,80.2406616211,53924,54530,606
13.0984897614,80.2406616211,54530,54540,10
13.0985803604,80.2405014038,54540,54550,10
13.0987796783,80.2408828735,54550,54560,10
13.0987701416,80.2413330078,54560,54570,10
13.0987796783,80.2415618896,54570,54580,10
13.0987701416,80.2417373657,54580,54621,41
13.0987701416,80.2417373657,54621,54631,10
13.098739624,80.2420806885,54631,54641,10
13.098690033,80.2422180176,54641,54651,10
13.09856987,80.2423019409,54651,54661,10
13.0984401703,80.2423324585,54661,54671,10
13.0982198715,80.2423477173,54671,54681,10
13.0978803635,80.2423095703,54681,54692,11
13.0977602005,80.2423019409,54692,54702,10
13.0975103378,80.2422714233,54702,54712,10
13.0973796844,80.2426071167,54712,54722,10
13.0972795486,80.2432174683,54722,54732,10
13.0971298218,80.2440032959,54732,54742,10
13.0969896317,80.2445526123,54742,54752,10
13.0969800949,80.2446594238,54752,54762,10
13.0969295502,80.2449035645,54762,54772,10
13.0968904495,80.2452392578,54772,54782,10
13.0968999863,80.24584198,54782,54793,11
13.0969800949,80.2466430664,54793,54803,10
13.0971803665,80.2473983765,54803,54813,10
13.097319603,80.2479629517,54813,54823,10
13.0974397659,80.2484283447,54823,54833,10
13.0974597931,80.2485809326,54833,54843,10
13.0975799561,80.2490997314,54843,54853,10
13.0977201462,80.249786377,54853,54863,10
13.097820282,80.2503662109,54863,54873,10
13.0980701447,80.2508621216,54873,54883,10
13.0981397629,80.2509765625,54883,54894,11
13.0980195999,80.2512207031,54894,54904,10
13.0978603363,80.2515411377,54904,54914,10
13.0978002548,80.2520294189,54914,54924,10
13.0977697372,80.2525634766,54924,54934,10
13.0977802277,80.2525787354,54934,54944,10
13.0977697372,80.252822876,54944,54954,10
13.0977296829,80.253288269,54954,54964,10
13.0976600647,80.2539215088,54964,54974,10
13.0975904465,80.2544937134,54974,54984,10
13.0975799561,80.2548980713,54984,54994,10
13.0975599289,80.2553634644,54994,55005,11
13.0975399017,80.2559661865,55005,55015,10
13.097530365,80.2559814453,55015,55025,10
13.0974702835,80.2562637329,55025,55035,10
13.0974502563,80.2568893433,55035,55045,10
13.0974197388,80.2573394775,55045,55055,10
13.0973997116,80.2576980591,55055,55065,10
13.0973796844,80.2581710815,55065,55075,10
13.0973396301,80.2585372925,55075,55085,10
13.0973300934,80.2590332031,55085,55095,10
13.0975704193,80.2592163086,55095,55106,11
13.0980997086,80.2593307495,55106,55116,10
13.0983295441,80.2593917847,55116,55126,10
13.0986995697,80.2594680786,55126,55136,10
13.0993404388,80.2596206665,55136,55146,10
13.0997400284,80.2597427368,55146,55196,50
13.0998296738,80.2602310181,55196,55217,21
13.0998296738,80.2602310181,55217,55227,10
13.0998497009,80.2604064941,55227,55237,10
13.0997896194,80.2608566284,55237,55247,10
13.0997400284,80.2612762451,55247,55257,10
13.0997200012,80.2615585327,55257,55267,10
13.0996103287,80.2617874146,55267,55277,10
13.0994501114,80.2619171143,55277,55287,10
13.0992603302,80.2621231079,55287,55297,10
13.0992202759,80.2624664307,55297,55307,10
13.0991802216,80.2628097534,55307,55318,11
13.0991401672,80.2630310059,55318,55328,10
13.0990800858,80.2633285522,55328,55338,10
13.0990800858,80.263381958,55338,55348,10
13.0990400314,80.2637634277,55348,55358,10
13.0989999771,80.2641372681,55358,55368,10
13.098950386,80.2645263672,55368,55378,10
13.0988903046,80.26512146,55378,55388,10
13.0988197327,80.2654724121,55388,55398,10
13.0987997055,80.2655563354,55398,55408,10
13.098739624,80.2658004761,55408,55419,11
13.098739624,80.2658081055,55419,55429,10
13.0986700058,80.26612854,55429,55449,20
13.0986700058,80.26612854,55449,55459,10
13.0986099243,80.2663421631,55459,55469,10
13.0985898972,80.2664413452,55469,55479,10
13.0984897614,80.2667236328,55479,55489,10
13.0984401703,80.267036438,55489,55499,10
13.0984296799,80.2670822144,55499,55509,10
13.0983695984,80.2672424316,55509,55520,11
13.0981998444,80.2678222656,55520,55530,10
13.0981502533,80.2683334351,55530,55540,10
13.09856987,80.268661499,55540,55550,10
13.0992498398,80.2690429688,55550,55560,10
13.0999803543,80.2694778442,55560,55570,10
13.1007204056,80.2699813843,55570,55580,10
13.101360321,80.2704162598,55580,55590,10
13.1014795303,80.2704696655,55590,55600,10
13.1019697189,80.2704696655,55600,55610,10
13.1027297974,80.2704620361,55610,55621,11
13.1035900116,80.2704620361,55621,55631,10
13.1042604446,80.2708129883,55631,55641,10
13.1044101715,80.2712936401,55641,55651,10
13.1043796539,80.2715606689,55651,55661,10
13.1041097641,80.2721176147,55661,55671,10
13.1037902832,80.2726669312,55671,55681,10
13.1038799286,80.2732086182,55681,55691,10
13.1038999557,80.2733612061,55691,55701,10
13.1039199829,80.2734375,55701,55711,10
13.1039600372,80.2737197876,55711,55721,10
13.104060173,80.2741088867,55721,55732,11
13.1040802002,80.2742462158,55732,55742,10
13.1041498184,80.2746429443,55742,55752,10
13.1042003632,80.2749176025,55752,55762,10
13.1043395996,80.2754516602,55762,55771,9
13.1045703888,80.2760162354,55771,55792,21
13.1045703888,80.2760162354,55792,55802,10
13.1045999527,80.2761535645,55802,55812,10
13.1047096252,80.2764663696,55812,55822,10
13.1049404144,80.2770767212,55822,55833,11
13.1051197052,80.2776870728,55833,55843,10
13.1053199768,80.2783203125,55843,55853,10
13.1054801941,80.278793335,55853,55863,10
13.1056604385,80.2794494629,55863,55873,10
13.1057500839,80.2796783447,55873,55883,10
13.1057901382,80.2797698975,55883,55893,10
13.1060400009,80.2798919678,55893,55903,10
13.1063995361,80.2799835205,55903,55913,10
13.1069602966,80.2801589966,55913,55923,10
13.1077203751,80.2804031372,55923,55934,11
13.108590126,80.2806625366,55934,55944,10
13.1093397141,80.2805099487,55944,55954,10
13.1098003387,80.2797012329,55954,55964,10
13.1102600098,80.2788925171,55964,55974,10
13.1108198166,80.2781829834,55974,55984,10
13.1113395691,80.2777786255,55984,55994,10
13.1115999222,80.2780227661,55994,56004,10
13.1111097336,80.2780990601,56004,56014,10
13.11054039,80.2786102295,56014,56024,10
13.110039711,80.279296875,56024,56035,11
13.1096401215,80.2801208496,56035,56045,10
13.1092395782,80.2806930542,56045,56055,10
13.1085100174,80.28074646,56055,56065,10
13.1076402664,80.2804794312,56065,56075,10
13.1066904068,80.2801895142,56075,56085,10
13.105919838,80.2800216675,56085,56095,10
13.1054801941,80.2798690796,56095,56105,10
13.1052303314,80.279258728,56105,56115,10
13.105050087,80.2787628174,56115,56125,10
13.1048202515,80.2781677246,56125,56135,10
13.104590416,80.2776107788,56135,56146,11
13.10435009,80.2770690918,56146,56156,10
13.1041603088,80.2766113281,56156,56166,10
13.1042699814,80.2763595581,56166,56176,10
13.1042404175,80.2761383057,56176,56186,10
13.1041202545,80.2759017944,56186,56325,139
13.1041202545,80.2759017944,56325,56335,10
13.1042203903,80.2755966187,56335,56346,11
13.1041297913,80.2752075195,56346,56356,10
13.104060173,80.2747573853,56356,56366,10
13.1040000916,80.2745132446,56366,56376,10
13.103969574,80.2742233276,56376,56386,10
13.1039304733,80.2738037109,56386,56416,30
13.1039304733,80.2738037109,56416,56426,10
13.1039199829,80.2735824585,56426,56436,10
13.1038599014,80.2731704712,56436,56446,10
13.1037797928,80.2726593018,56446,56457,11
13.1040096283,80.2721786499,56457,56467,10
13.1043300629,80.2716598511,56467,56477,10
13.1043300629,80.2711029053,56477,56487,10
13.1038799286,80.2705688477,56487,56497,10
13.1028795242,80.2705383301,56497,56507,10
13.1018800735,80.2705917358,56507,56517,10
13.1012296677,80.2704391479,56517,56527,10
13.100520134,80.2699584961,56527,56537,10
13.0998401642,80.2695388794,56537,56547,10
13.0990800858,80.2690582275,56547,56558,11
13.0982999802,80.2685928345,56558,56568,10
13.0981197357,80.2682418823,56568,56578,10
13.0982398987,80.2676620483,56578,56588,10
13.0984096527,80.2670288086,56588,56598,10
13.0984802246,80.2667617798,56598,56608,10
13.0985202789,80.2664794922,56608,56618,10
13.0985898972,80.2662277222,56618,56628,10
13.0987100601,80.2658615112,56628,56638,10
13.0988397598,80.2651519775,56638,56648,10
13.0989103317,80.2646789551,56648,56659,11
13.09897995,80.263999939,56659,56669,10
13.0990200043,80.263671875,56669,56679,10
13.0990600586,80.2633666992,56679,56689,10
13.0991201401,80.2630081177,56689,56699,10
13.0991697311,80.2626190186,56699,56709,10
13.0992298126,80.2621688843,56709,56719,10
13.0994796753,80.2618865967,56719,56729,10
13.0996398926,80.2615509033,56729,56739,10
13.0997104645,80.2610321045,56739,56749,10
13.0997600555,80.2606124878,56749,56759,10
13.0998296738,80.2600326538,56759,56770,11
13.0996398926,80.2597808838,56770,56780,10
13.0993995667,80.2597732544,56780,56790,10
13.0990896225,80.2598419189,56790,56806,16
13.0983400345,80.2601699829,56806,56818,12
13.0979204178,80.260307312,56818,56826,8
13.0976696014,80.260383606,56826,56838,12
13.0971698761,80.2604980469,56838,56848,10
13.0972795486,80.2597198486,56848,56879,31
13.0972795486,80.2597198486,56879,56888,9
13.097319603,80.2595367432,56888,56898,10
13.0973300934,80.2593994141,56898,56909,11
13.097319603,80.2591934204,56909,56920,11
13.0973396301,80.2588500977,56920,56930,10
13.0973701477,80.2583084106,56930,56940,10
13.0973901749,80.257850647,56940,56950,10
13.0974197388,80.2574768066,56950,56960,10
13.0974903107,80.2569198608,56960,56971,11
13.0975399017,80.2560806274,56971,56981,10
13.0975799561,80.2552719116,56981,57021,40
13.0975799561,80.2552719116,57021,57031,10
13.0976104736,80.2550582886,57031,57051,20
13.0976104736,80.2550582886,57051,57061,10
13.0976104736,80.2548828125,57061,57071,10
13.0976200104,80.2547683716,57071,57082,11
13.0976104736,80.2546691895,57082,57092,10
13.0976200104,80.2546005249,57092,57102,10
13.0975999832,80.2545623779,57102,57112,10
13.0976104736,80.2544174194,57112,57122,10
13.0976200104,80.2542800903,57122,57132,10
13.0976295471,80.2542495728,57132,57142,10
13.0976400375,80.2540283203,57142,57152,10
13.0976696014,80.2537384033,57152,57162,10
13.097700119,80.2533874512,57162,57173,11
13.0977201462,80.2532577515,57173,57183,10
13.0977201462,80.2531814575,57183,57193,10
13.0977497101,80.2528381348,57193,57213,20
13.0977497101,80.2528381348,57213,57223,10
13.0977602005,80.2526626587,57223,57233,10
13.0977802277,80.2524795532,57233,57243,10
13.0977897644,80.2523880005,57243,57253,10
13.097820282,80.2521209717,57253,57273,20
13.097820282,80.251991272,57273,57294,21
13.097820282,80.251991272,57294,57304,10
13.0978298187,80.2517776489,57304,57314,10
13.0978298187,80.2517700195,57314,57324,10
13.0978403091,80.2516403198,57324,57334,10
13.097869873,80.2514266968,57334,57344,10
13.0980195999,80.2512283325,57344,57354,10
13.0979995728,80.250831604,57354,57364,10
13.0977897644,80.2501907349,57364,57374,10
13.0976400375,80.2494888306,57374,57385,11
13.0974597931,80.2486877441,57385,57395,10
13.0972900391,80.2480316162,57395,57405,10
13.0972700119,80.2479019165,57405,57415,10
13.0971097946,80.2473297119,57415,57425,10
13.0968599319,80.2465515137,57425,57435,10
13.0968503952,80.2457427979,57435,57445,10
13.0968904495,80.2450866699,57445,57455,10
13.0969896317,80.2443389893,57455,57465,10
13.0971298218,80.2436904907,57465,57475,10
13.0972299576,80.2430801392,57475,57492,17
13.0972700119,80.2426071167,57492,57504,12
13.097319603,80.2423629761,57504,57514,10
13.097410202,80.2419433594,57514,57524,10
13.0975103378,80.2414321899,57524,57534,10
13.0975904465,80.2408676147,57534,57544,10
13.0976295471,80.2403488159,57544,57554,10
13.0976896286,80.2397079468,57554,57564,10
13.0977296829,80.2391891479,57564,57573,9
13.097820282,80.2385787964,57573,57584,11
13.0979299545,80.2378921509,57584,57595,11
13.0980796814,80.2371292114,57595,57605,10
13.0982198715,80.236366272,57605,57615,10
13.0982999802,80.2358093262,57615,57625,10
13.0983896255,80.2351837158,57625,57635,10
13.0984296799,80.2349014282,57635,57645,10
13.0984401703,80.2348403931,57645,57655,10
13.0984897614,80.2343521118,57655,57665,10
13.0985403061,80.233833313,57665,57675,10
13.0986003876,80.2333602905,57675,57685,10
13.0986995697,80.232749939,57685,57696,11
13.0988798141,80.2320327759,57696,57706,10
13.0991001129,80.2315597534,57706,57716,10
13.0993995667,80.2309036255,57716,57726,10
13.0995197296,80.2305679321,57726,57736,10
13.0996904373,80.2299118042,57736,57746,10
13.099729538,80.2297363281,57746,57756,10
13.0998001099,80.2293777466,57756,57766,10
13.0999002457,80.2287826538,57766,57776,10
13.1000003815,80.2281723022,57776,57786,10
13.100060463,80.2274017334,57786,57797,11
13.1000204086,80.2265701294,57797,57807,10
13.0999403,80.2258911133,57807,57817,10
13.0998697281,80.2253570557,57817,57827,10
13.0998497009,80.2252807617,57827,57837,10
13.0997600555,80.2248535156,57837,57847,10
13.0995197296,80.224067688,57847,57857,10
13.0992898941,80.2237014771,57857,57867,10
13.0990495682,80.2233963013,57867,57877,10
13.0988302231,80.2231063843,57877,57887,10
13.0986995697,80.2227935791,57887,57897,10
13.0987195969,80.222038269,57897,57908,11
13.0988998413,80.2208862305,57908,57918,10
13.099029541,80.2200698853,57918,57928,10
13.0991096497,80.2196578979,57928,57938,10
13.0991802216,80.2193069458,57938,57948,10
13.0992603302,80.2187576294,57948,57958,10
13.0993995667,80.2178726196,57958,57968,10
13.0996704102,80.216758728,57968,57978,10
13.0999898911,80.2159805298,57978,57988,10
13.1001596451,80.2155685425,57988,57998,10
13.1001996994,80.2154922485,57998,58009,11
13.1002597809,80.2153778076,58009,58019,10
13.1005001068,80.2148208618,58019,58089,70
13.1005001068,80.2148208618,58089,58099,10
13.100569725,80.2147216797,58099,58110,11
13.1007995605,80.2142410278,58110,58120,10
13.1009998322,80.2137527466,58120,58130,10
13.1012401581,80.2131195068,58130,58140,10
13.1015300751,80.212348938,58140,58150,10
13.1017999649,80.2116012573,58150,58160,10
13.1020002365,80.2109985352,58160,58170,10
13.1022396088,80.210319519,58170,58180,10
13.102519989,80.2095413208,58180,58190,10
13.102640152,80.2090988159,58190,58200,10
13.1027898788,80.2086181641,58200,58211,11
13.1028404236,80.2084579468,58211,58221,10
13.1030197144,80.2079696655,58221,58231,10
13.1032304764,80.2074432373,58231,58241,10
13.1035203934,80.2068481445,58241,58251,10
13.1037797928,80.2061462402,58251,58261,10
13.1038398743,80.2054672241,58261,58271,10
13.1038398743,80.2048034668,58271,58281,10
13.1037998199,80.2040863037,58281,58291,10
13.1036100388,80.2034912109,58291,58301,10
13.1035604477,80.2030792236,58301,58311,10
13.103509903,80.2023010254,58311,58322,11
13.10338974,80.2015762329,58322,58332,10
13.10338974,80.201499939,58332,58342,10
13.1033401489,80.2010726929,58342,58352,10
13.1032896042,80.2003936768,58352,58362,10
13.1031799316,80.19972229,58362,58372,10
13.1031198502,80.1993637085,58372,58382,10
13.103099823,80.1991729736,58382,58392,10
13.1030597687,80.1988601685,58392,58402,10
13.1029195786,80.1982192993,58402,58412,10
13.1027297974,80.1975021362,58412,58423,11
13.1024503708,80.196647644,58423,58433,10
13.1021900177,80.1958694458,58433,58443,10
13.101940155,80.1950912476,58443,58453,10
13.1017799377,80.1947021484,58453,58463,10
13.1015796661,80.1944580078,58463,58473,10
13.1015396118,80.1940002441,58473,58483,10
13.1018104553,80.1933898926,58483,58493,10
13.1016597748,80.1925582886,58493,58503,10
13.1015300751,80.1917266846,58503,58513,10
13.1013698578,80.1908798218,58513,58524,11
13.1011896133,80.1903381348,58524,58534,10
13.1010904312,80.1901168823,58534,58544,10
13.1009702682,80.1897583008,58544,58554,10
13.1006202698,80.1891326904,58554,58564,10
13.1003799438,80.1887588501,58564,58574,10
13.1002902985,80.188583374,58574,58584,10
13.1001596451,80.188293457,58584,58594,10
13.1000003815,80.1878509521,58594,58604,10
13.0998296738,80.1872787476,58604,58614,10
13.0996999741,80.1868286133,58614,58624,10
13.0995998383,80.1862869263,58624,58635,11
13.099439621,80.1856002808,58635,58645,10
13.0993795395,80.1853103638,58645,58655,10
13.099240303,80.1847763062,58655,58665,10
13.0990896225,80.1842803955,58665,58675,10
13.0988998413,80.1837005615,58675,58685,10
13.0987195969,80.1830673218,58685,58695,10
13.0985803604,80.1825714111,58695,58705,10
13.0984897614,80.1821517944,58705,58725,20
13.0984897614,80.1821517944,58725,58736,11
13.0984401703,80.1819229126,58736,58746,10
13.0983800888,80.1816101074,58746,58756,10
13.0982599258,80.1811904907,58756,58766,10
13.0980901718,80.1805267334,58766,58776,10
13.0978899002,80.1797409058,58776,58786,10
13.0977802277,80.1788635254,58786,58796,10
13.0978002548,80.1780014038,58796,58812,16
13.0979003906,80.1768722534,58812,58824,12
13.0980701447,80.1760406494,58824,58833,9
13.0980997086,80.1754379272,58833,58843,10
13.09815979,80.1748809814,58843,58853,10
13.098279953,80.1745376587,58853,58864,11
13.0985202789,80.1738815308,58864,58875,11
13.0988798141,80.1730575562,58875,58885,10
13.0991096497,80.1724777222,58885,58894,9
13.099360466,80.1717834473,58894,58905,11
13.0996704102,80.1705093384,58905,58986,81
13.0996704102,80.1705093384,58986,58996,10
13.0996999741,80.1703567505,58996,59006,10
13.099729538,80.1699066162,59006,59016,10
13.0997495651,80.1696014404,59016,59032,16
13.099820137,80.1693115234,59032,59044,12
13.0998897552,80.168800354,59044,59055,11
13.0999898911,80.168182373,59055,59064,9
13.1000299454,80.1676177979,59064,59075,11
13.1000699997,80.1671218872,59075,59085,10
13.1002397537,80.166519165,59085,59095,10
13.1004896164,80.1657409668,59095,59105,10
13.1007604599,80.1649169922,59105,59115,10
13.1010704041,80.1639785767,59115,59125,10
13.1012201309,80.1635284424,59125,59135,10
13.1013402939,80.1629562378,59135,59145,10
13.1013202667,80.1622695923,59145,59156,11
13.1013298035,80.1621398926,59156,59166,10
13.1013803482,80.1616210938,59166,59176,10
13.1013898849,80.1608428955,59176,59186,10
13.1013898849,80.1601333618,59186,59196,10
13.1017398834,80.159362793,59196,59206,10
13.1023702621,80.1587600708,59206,59216,10
13.1029195786,80.1582183838,59216,59226,10
13.1033201218,80.1575927734,59226,59236,10
13.1034898758,80.157043457,59236,59246,10
13.1035404205,80.1568069458,59246,59257,11
13.1035995483,80.1565475464,59257,59267,10
13.1035995483,80.1565093994,59267,59277,10
13.103679657,80.1560974121,59277,59287,10
13.1038599014,80.1553573608,59287,59297,10
13.104060173,80.1544876099,59297,59307,10
13.1043395996,80.1535797119,59307,59317,10
13.1046600342,80.1530609131,59317,59327,10
13.1050300598,80.1526031494,59327,59337,10
13.1056804657,80.1523284912,59337,59354,17
13.1070804596,80.1522369385,59354,59366,12
13.1071300507,80.1522369385,59366,59376,10
13.1072702408,80.1522598267,59376,59385,9
13.1078500748,80.1522674561,59385,59396,11
13.1085796356,80.1522598267,59396,59406,10
13.1090803146,80.1522598267,59406,59416,10
13.109629631,80.1522979736,59416,59426,10
13.1100997925,80.15234375,59426,59436,10
13.1105804443,80.1520004272,59436,59446,10
13.111120224,80.1517562866,59446,59456,10
13.1114196777,80.1515274048,59456,59467,11
13.1114797592,80.1514434814,59467,59477,10
13.1116399765,80.1512374878,59477,59487,10
13.111700058,80.1511611938,59487,59497,10
13.1117601395,80.1510772705,59497,59507,10
13.1120100021,80.1507797241,59507,59517,10
13.112449646,80.150428772,59517,59527,10
13.1129398346,80.1500778198,59527,59537,10
13.1132202148,80.1493682861,59537,59547,10
13.113409996,80.1487121582,59547,59557,10
13.113940239,80.1483001709,59557,59568,11
13.1147203445,80.1480407715,59568,59578,10
13.1154603958,80.1478500366,59578,59588,10
13.1162595749,80.1480407715,59588,59598,10
13.1168804169,80.1486206055,59598,59608,10
13.1174097061,80.1492462158,59608,59618,10
13.1177597046,80.149520874,59618,59628,10
13.1178703308,80.1495437622,59628,59644,16
13.1183996201,80.1496963501,59644,59656,12
13.1192598343,80.1498718262,59656,59664,8
13.1195802689,80.149887085,59664,59675,11
13.1201200485,80.1495819092,59675,59685,10
13.1206502914,80.149017334,59685,59697,12
13.1213102341,80.1486206055,59697,59707,10
13.1217403412,80.1480636597,59707,59736,29
13.1217403412,80.1480636597,59736,59746,10
13.1218795776,80.1478271484,59746,59757,11
13.1221504211,80.1473617554,59757,59767,10
13.1222896576,80.1471633911,59767,59778,11
13.1224298477,80.1472091675,59778,59788,10
13.1224498749,80.1475906372,59788,59798,10
13.1228199005,80.1486434937,59798,59818,20
13.1228199005,80.1486434937,59818,59828,10
13.1228904724,80.1488265991,59828,59838,10
13.1231803894,80.1492614746,59838,59848,10
13.1235704422,80.1499099731,59848,59858,10
13.1238698959,80.1504516602,59858,59868,10
13.1242599487,80.1511688232,59868,59878,10
13.1246299744,80.1518478394,59878,59889,11
13.1250600815,80.1525802612,59889,59905,16
13.1261396408,80.1532287598,59905,59917,12
13.1267595291,80.1535873413,59917,59927,10
13.1274795532,80.1539993286,59927,59947,20
13.1274795532,80.1539993286,59947,59957,10
13.1275396347,80.1540679932,59957,59967,10
13.127869606,80.154548645,59967,59977,10
13.1283197403,80.1552200317,59977,59988,11
13.1289100647,80.1560821533,59988,59996,8
13.1294002533,80.1567764282,59996,60007,11
13.1300401688,80.1577072144,60007,60018,11
13.1304101944,80.1584091187,60018,60028,10
13.1305904388,80.1588363647,60028,60038,10
13.1306295395,80.1589202881,60038,60048,10
13.1307897568,80.1592712402,60048,60068,20
13.1307897568,80.1592712402,60068,60078,10
13.1308498383,80.1594696045,60078,60089,11
13.1311302185,80.1602020264,60089,60099,10
13.1313199997,80.1606369019,60099,60109,10
13.1313295364,80.1608581543,60109,60119,10
13.1311798096,80.1608123779,60119,60129,10
13.1311502457,80.1604690552,60129,60139,10
13.1309204102,80.1598434448,60139,60149,10
13.1307697296,80.159538269,60149,60644,495
13.1307697296,80.159538269,60644,60654,10
13.130689621,80.1594009399,60654,60664,10
13.1305999756,80.1591033936,60664,60674,10
13.1303195953,80.1584777832,60674,60694,20
13.1303195953,80.1584777832,60694,60704,10
13.1302404404,80.1582565308,60704,60715,11
13.1299600601,80.1576766968,60715,60725,10
13.1294803619,80.1569900513,60725,60735,10
13.1289596558,80.1562423706,60735,60745,10
13.1284999847,80.1555633545,60745,60755,10
13.1281299591,80.1550216675,60755,60765,10
13.1276702881,80.1543273926,60765,60775,10
13.1272201538,80.1538009644,60775,60785,10
13.1271495819,80.1537628174,60785,60795,10
13.1270704269,80.153717041,60795,60805,10
13.1266298294,80.1534881592,60805,60816,11
13.1259098053,80.1530914307,60816,60826,10
13.1252403259,80.1527175903,60826,60836,10
13.1247196198,80.1521835327,60836,60846,10
13.1244096756,80.1515884399,60846,60856,10
13.1240797043,80.1509780884,60856,60866,10
13.1238298416,80.1504821777,60866,60876,10
13.123459816,80.1498031616,60876,60886,10
13.1230697632,80.1491699219,60886,60896,10
13.1226196289,80.1486587524,60896,60906,10
13.1221103668,80.1485290527,60906,60916,10
13.1216697693,80.1485290527,60916,60927,11
13.1214799881,80.1485595703,60927,60937,10
13.1210899353,80.1487197876,60937,60947,10
13.1206998825,80.1489562988,60947,60957,10
13.1203203201,80.1493377686,60957,60967,10
13.1199197769,80.1497421265,60967,60977,10
13.1196098328,80.150177002,60977,61007,30
13.1196098328,80.150177002,61007,61017,10
13.1195001602,80.1501083374,61017,61027,10
13.1194000244,80.1499023438,61027,61038,11
13.119020462,80.1498336792,61038,61048,10
13.1180400848,80.1496429443,61048,61068,20
13.1180400848,80.1496429443,61068,61078,10
13.117939949,80.1496200562,61078,61088,10
13.1175699234,80.1494827271,61088,61098,10
13.117099762,80.1489562988,61098,61108,10
13.1164903641,80.1482772827,61108,61118,10
13.1156702042,80.1478881836,61118,61128,10
13.1148996353,80.1479797363,61128,61139,11
13.1141700745,80.1482315063,61139,61149,10
13.1135702133,80.1485290527,61149,61159,10
13.1132497787,80.1492385864,61159,61169,10
13.1130199432,80.1500320435,61169,61179,10
13.1124000549,80.1504592896,61179,61189,10
13.1119003296,80.1509170532,61189,61199,10
13.1114902496,80.1514587402,61199,61209,10
13.1109399796,80.1518478394,61209,61219,10
13.1102800369,80.1523132324,61219,61240,21
13.1102800369,80.1523132324,61240,61250,10
13.1101799011,80.1523590088,61250,61260,10
13.1097097397,80.1523208618,61260,61270,10
13.1091499329,80.1522598267,61270,61280,10
13.1085195541,80.1522674561,61280,61290,10
13.1078701019,80.1523132324,61290,61300,10
13.1071195602,80.1523284912,61300,61310,10
13.1061000824,80.1523895264,61310,61330,20
13.1061000824,80.1523895264,61330,61341,11
13.1059398651,80.1523971558,61341,61351,10
13.1054697037,80.1524505615,61351,61361,10
13.1048803329,80.1528701782,61361,61371,10
13.1043996811,80.1535873413,61371,61387,16
13.1039495468,80.1551208496,61387,61399,12
13.1037197113,80.1562423706,61399,61409,10
13.1036396027,80.1566619873,61409,61419,10
13.1036396027,80.1566772461,61419,61429,10
13.1035203934,80.157119751,61429,61439,10
13.1033096313,80.1578521729,61439,61450,11
13.1026802063,80.1585769653,61450,61460,10
13.1020402908,80.1591720581,61460,61470,10
13.1014995575,80.1598205566,61470,61481,11
13.1014204025,80.1606903076,61481,61491,10
13.1014604568,80.1614837646,61491,61501,10
13.1015300751,80.1619567871,61501,61511,10
13.1014900208,80.1623306274,61511,61531,20
13.1014900208,80.1623306274,61531,61541,10
13.1014299393,80.1625595093,61541,61552,11
13.101360321,80.1630935669,61552,61562,10
13.1011695862,80.1638183594,61562,61572,10
13.1009702682,80.1644210815,61572,61582,10
13.1007404327,80.1651000977,61582,61592,10
13.1005401611,80.1657485962,61592,61602,10
13.1003303528,80.1664581299,61602,61612,10
13.1001501083,80.1671981812,61612,61622,10
13.100110054,80.1676177979,61622,61632,10
13.100060463,80.1680984497,61632,61642,10
13.0999898911,80.1687393188,61642,61653,11
13.0999202728,80.1691589355,61653,61663,10
13.0998401642,80.1698684692,61663,61764,101
13.0998401642,80.1698684692,61764,61774,10
13.0998497009,80.1700210571,61774,61784,10
13.099820137,80.1703033447,61784,61794,10
13.0997695923,80.1706466675,61794,61804,10
13.0996599197,80.1711273193,61804,61824,20
13.0996599197,80.1711273193,61824,61834,10
13.0995798111,80.1713180542,61834,61844,10
13.0993995667,80.1718826294,61844,61854,10
13.0991601944,80.1725616455,61854,61865,11
13.0988702774,80.1732788086,61865,61875,10
13.0985603333,80.1740112305,61875,61885,10
13.0983104706,80.1747207642,61885,61895,10
13.0981798172,80.1753768921,61895,61905,10
13.09815979,80.176109314,61905,61935,30
13.09815979,80.176109314,61935,61945,10
13.09815979,80.1762237549,61945,61955,10
13.0980997086,80.1765289307,61955,61966,11
13.0979795456,80.177116394,61966,61976,10
13.0979099274,80.1778717041,61976,61986,10
13.0978803635,80.1785583496,61986,61996,10
13.0979003906,80.1792678833,61996,62006,10
13.0980501175,80.1800384521,62006,62022,16
13.0983104706,80.1809768677,62022,62045,23
13.0983104706,80.1809768677,62045,62055,10
13.0983295441,80.1810379028,62055,62065,10
13.0983400345,80.181098938,62065,62076,11
13.0984201431,80.1814575195,62076,62086,10
13.0985498428,80.1820907593,62086,62096,10
13.0986795425,80.1826629639,62096,62105,9
13.0988197327,80.1831512451,62105,62115,10
13.0990104675,80.1837921143,62115,62126,11
13.0992298126,80.1844787598,62126,62136,10
13.0993995667,80.1850280762,62136,62146,10
13.0993995667,80.185043335,62146,62156,10
13.0994195938,80.1851196289,62156,62166,10
13.0994997025,80.1855010986,62166,62177,11
13.0997600555,80.1865234375,62177,62197,20
13.0997600555,80.1865234375,62197,62207,10
13.0997800827,80.1865997314,62207,62217,10
13.0998601913,80.1869735718,62217,62227,10
13.1000003815,80.1875686646,62227,62237,10
13.1002702713,80.188293457,62237,62247,10
13.1005897522,80.188911438,62247,62257,10
13.1010503769,80.1894226074,62257,62267,10
13.1013202667,80.1898117065,62267,62288,21
13.1013202667,80.1898117065,62288,62298,10
13.1013202667,80.1898498535,62298,62308,10
13.1013803482,80.1902084351,62308,62318,10
13.1015195847,80.1908493042,62318,62328,10
13.101650238,80.1915969849,62328,62338,10
13.1017799377,80.1923294067,62338,62348,10
13.1019001007,80.193069458,62348,62358,10
13.1020298004,80.1937789917,62358,62368,10
13.1022195816,80.1943511963,62368,62379,11
13.1020698547,80.1948165894,62379,62389,10
13.1021795273,80.1953811646,62389,62399,10
13.1024503708,80.1962127686,62399,62409,10
13.1027297974,80.197052002,62409,62419,10
13.1029996872,80.1979064941,62419,62429,10
13.1031503677,80.1987228394,62429,62439,10
13.1031999588,80.1990127563,62439,62449,10
13.1032400131,80.199256897,62449,62469,20
13.1032400131,80.199256897,62469,62480,11
13.1032896042,80.1996078491,62480,62490,10
13.1033601761,80.2002716064,62490,62500,10
13.1034402847,80.2009124756,62500,62510,10
13.1035003662,80.201423645,62510,62520,10
13.1035299301,80.2018890381,62520,62530,10
13.1035995483,80.2023162842,62530,62540,10
13.103679657,80.2028579712,62540,62560,20
13.103679657,80.2028579712,62560,62570,10
13.1036996841,80.2030334473,62570,62580,10
13.1037397385,80.2034378052,62580,62591,11
13.1038303375,80.2041091919,62591,62601,10
13.1038799286,80.2046966553,62601,62611,10
13.1038799286,80.2052078247,62611,62621,10
13.1038799286,80.2058410645,62621,62631,10
13.1036996841,80.2065734863,62631,62641,10
13.1034097672,80.2071609497,62641,62651,10
13.1031599045,80.2077484131,62651,62681,30
13.1031599045,80.2077484131,62681,62692,11
13.1030502319,80.2080612183,62692,62702,10
13.1029396057,80.2083587646,62702,62712,10
13.1028003693,80.2088088989,62712,62722,10
13.102689743,80.2091674805,62722,62732,10
13.1026296616,80.2093505859,62732,62742,10
13.102519989,80.2096710205,62742,62752,10
13.1023101807,80.2102584839,62752,62762,10
13.1021404266,80.2107620239,62762,62772,10
13.1021003723,80.2108535767,62772,62782,10
13.1019601822,80.2112197876,62782,62793,11
13.1017198563,80.2119522095,62793,62803,10
13.1012096405,80.2133102417,62803,62823,20
13.1012096405,80.2133102417,62823,62833,10
13.1011600494,80.2134094238,62833,62843,10
13.1010398865,80.2136993408,62843,62853,10
13.100859642,80.2141723633,62853,62873,20
13.100859642,80.2141723633,62873,62883,10
13.1007995605,80.2142791748,62883,62894,11
13.1006402969,80.2146987915,62894,62904,10
13.1003799438,80.2152786255,62904,62914,10
13.1000900269,80.2159423828,62914,62924,10
13.0998497009,80.2164764404,62924,62934,10
13.0995998383,80.2172470093,62934,62944,10
13.099439621,80.2180404663,62944,62954,10
13.0993099213,80.2189178467,62954,62964,10
13.0992498398,80.2193603516,62964,62974,10
13.0992002487,80.2196578979,62974,62984,10
13.0991201401,80.2200927734,62984,62994,10
13.0990495682,80.2205276489,62994,63005,11
13.0988998413,80.221282959,63005,63015,10
13.0987901688,80.2221221924,63015,63025,10
13.098859787,80.2230834961,63025,63035,10
13.0993499756,80.2237167358,63035,63045,10
13.0996599197,80.2242736816,63045,63055,10
13.0998601913,80.2249984741,63055,63065,10
13.0999498367,80.225479126,63065,63075,10
13.1000299454,80.2260818481,63075,63085,10
13.1000900269,80.2266311646,63085,63095,10
13.1000900269,80.2266387939,63095,63106,11
13.1000995636,80.2269897461,63106,63116,10
13.1000995636,80.2276535034,63116,63126,10
13.1000404358,80.2282409668,63126,63136,10
13.0999698639,80.228729248,63136,63146,10
13.0998897552,80.2292404175,63146,63156,10
13.0997896194,80.2297210693,63156,63166,10
13.0997104645,80.2300720215,63166,63176,10
13.0995702744,80.2305297852,63176,63186,10
13.0994796753,80.230796814,63186,63196,10
13.0992898941,80.2312469482,63196,63207,11
13.0990600586,80.2317428589,63207,63217,10
13.0988998413,80.2321929932,63217,63237,20
13.0988998413,80.2321929932,63237,63247,10
13.0988702774,80.2322998047,63247,63257,10
13.0987501144,80.2327804565,63257,63267,10
13.0986700058,80.2332382202,63267,63277,10
13.0986099243,80.2337036133,63277,63287,10
13.0985603333,80.2341995239,63287,63297,10
13.0985097885,80.2347869873,63297,63307,10
13.0984201431,80.2354431152,63307,63328,21
13.0984201431,80.2354431152,63328,63338,10
13.0984096527,80.2355270386,63338,63348,10
13.0983400345,80.2359695435,63348,63358,10
13.0982303619,80.236541748,63358,63368,10
13.0981302261,80.2371368408,63368,63378,10
13.0980501175,80.2376403809,63378,63388,10
13.0979204178,80.2382202148,63388,63398,10
13.0978403091,80.2386779785,63398,63408,10
13.0978097916,80.2390594482,63408,63419,11
13.0977697372,80.2395477295,63419,63429,10
13.0977401733,80.2400665283,63429,63439,10
13.0976896286,80.2406387329,63439,63465,26
13.0976896286,80.2406387329,63465,63477,12
13.0976600647,80.240852356,63477,63487,10
13.0976200104,80.2413024902,63487,63497,10
13.0975599289,80.2416610718,63497,63528,31
13.0975599289,80.2416610718,63528,63538,10
13.0975103378,80.2417831421,63538,63548,10
13.0974197388,80.2422866821,63548,63558,10
13.097319603,80.2429122925,63558,63568,10
13.0972099304,80.243598938,63568,63578,10
13.0970802307,80.2442398071,63578,63588,10
13.0969800949,80.2448196411,63588,63608,20
13.0969800949,80.2448196411,63608,63618,10
13.0969495773,80.2449798584,63618,63629,11
13.0969200134,80.2453613281,63629,63639,10
13.0968904495,80.2459487915,63639,63649,10
13.0969600677,80.2466506958,63649,63659,10
13.0971803665,80.2473678589,63659,63669,10
13.0973100662,80.2479171753,63669,63679,10
13.0975103378,80.2486495972,63679,63709,30
13.0975103378,80.2486495972,63709,63719,10
13.0975704193,80.2488632202,63719,63730,11
13.0976896286,80.2494277954,63730,63740,10
13.097820282,80.250038147,63740,63750,10
13.0979099274,80.2504730225,63750,63760,10
13.0980901718,80.2509002686,63760,63776,16
13.0980901718,80.2512969971,63776,63788,12
13.0978899002,80.251663208,63788,63798,10
13.0978603363,80.2519683838,63798,63808,10
13.0978002548,80.2527389526,63808,63838,30
13.0978002548,80.2527389526,63838,63848,10
13.0977802277,80.2529830933,63848,63858,10
13.0977497101,80.2533493042,63858,63868,10
13.0976896286,80.2537994385,63868,63879,11
13.0976400375,80.2543716431,63879,63890,11
13.0976200104,80.2548294067,63890,63900,10
13.0976200104,80.2551498413,63900,63910,10
13.0975799561,80.2556304932,63910,63920,10
13.0975704193,80.2560806274,63920,63941,21
13.0975704193,80.2560806274,63941,63951,10
13.0975399017,80.2562789917,63951,63961,10
13.0975198746,80.2566680908,63961,63971,10
13.0975103378,80.2571334839,63971,63981,10
13.0974798203,80.2574996948,63981,63991,10
13.0974502563,80.2579421997,63991,64001,10
13.0974197388,80.2582702637,64001,64011,10
13.0973997116,80.2586288452,64011,64021,10
13.0973901749,80.2590179443,64021,64031,10
13.0974302292,80.2593078613,64031,64042,11
13.0977201462,80.2593765259,64042,64052,10
13.0979995728,80.2594299316,64052,64062,10
13.098449707,80.2595062256,64062,64072,10
13.098950386,80.2596206665,64072,64082,10
13.0995197296,80.259727478,64082,64092,10
13.0998096466,80.2598190308,64092,64102,10
13.0998401642,80.2600097656,64102,64112,10
13.0998096466,80.2603225708,64112,64122,10
13.099820137,80.260383606,64122,64132,10
13.0998497009,80.2605133057,64132,64143,11
13.0998497009,80.2606201172,64143,64153,10
13.0998001099,80.2608718872,64153,64163,10
13.0997495651,80.2611923218,64163,64173,10
13.0997200012,80.2615737915,64173,64183,10
13.0996799469,80.26171875,64183,64193,10
13.0995502472,80.261932373,64193,64203,10
13.0992603302,80.262260437,64203,64213,10
13.0992298126,80.262588501,64213,64223,10
13.0991697311,80.2628707886,64223,64233,10
13.0991697311,80.2630767822,64233,64244,11
13.0991096497,80.2635574341,64244,64274,30
13.0991096497,80.2635574341,64274,64284,10
13.0990495682,80.263923645,64284,64294,10
13.09897995,80.2644119263,64294,64304,10
13.0989303589,80.2647705078,64304,64314,10
13.0988702774,80.2652282715,64314,64324,10
13.0987596512,80.2658309937,64324,64334,10
13.0987100601,80.2660293579,64334,64345,11
13.0986499786,80.2662734985,64345,64355,10
13.0984601974,80.2669906616,64355,64375,20
13.0984601974,80.2669906616,64375,64385,10
13.0984201431,80.2671203613,64385,64395,10
13.0983104706,80.2674484253,64395,64405,10
13.0981998444,80.2678833008,64405,64415,10
13.0981397629,80.2683410645,64415,64425,10
13.0983896255,80.2686233521,64425,64435,10
13.0989398956,80.2689437866,64435,64446,11
13.0996103287,80.2693481445,64446,64456,10
13.1002502441,80.2697296143,64456,64466,10
13.100859642,80.270149231,64466,64476,10
13.101360321,80.2705001831,64476,64486,10
13.1015701294,80.2705688477,64486,64496,10
13.1016902924,80.2705917358,64496,64506,10
13.1021604538,80.2705612183,64506,64516,10
13.1028404236,80.2705535889,64516,64526,10
13.1035995483,80.2705612183,64526,64536,10
13.1042499542,80.2708206177,64536,64546,10
13.1044101715,80.2712631226,64546,64557,11
13.1044301987,80.2715835571,64557,64567,10
13.1042804718,80.2720031738,64567,64577,10
13.1038799286,80.2724685669,64577,64587,10
13.1038799286,80.2731018066,64587,64603,16
13.1040897369,80.2742004395,64603,64625,22
13.1040897369,80.2742004395,64625,64635,10
13.1041498184,80.2746200562,64635,64645,10
13.1042299271,80.2750320435,64645,64656,11
13.1043796539,80.2755889893,64656,64665,9
13.1046104431,80.2761383057,64665,64695,30
13.1046104431,80.2761383057,64695,64706,11
13.104640007,80.2762374878,64706,64716,10
13.1047296524,80.2765808105,64716,64726,10
13.1049804688,80.2772369385,64726,64736,10
13.1052103043,80.2779998779,64736,64746,10
13.1054801941,80.2788696289,64746,64756,10
13.1056604385,80.2795181274,64756,64766,10
13.1059598923,80.2799606323,64766,64797,31
13.1059598923,80.2799606323,64797,64807,10
13.1061697006,80.2800064087,64807,64817,10
13.1065301895,80.2801132202,64817,64827,10
13.1071395874,80.2802963257,64827,64837,10
13.107919693,80.2805404663,64837,64847,10
13.1086997986,80.2807693481,64847,64857,10
13.109459877,80.2805023193,64857,64868,11
13.109919548,80.2795410156,64868,64878,10
13.1104001999,80.2787780762,64878,64888,10
13.1109800339,80.2781066895,64888,64898,10
13.111410141,80.27784729,64898,64908,10
13.1115903854,80.278137207,64908,64918,10
13.1112499237,80.2782211304,64918,64928,10
13.1107902527,80.2783737183,64928,64938,10
13.1103096008,80.2789611816,64938,64948,10
13.1099500656,80.2795410156,64948,64958,10
13.1096096039,80.2802581787,64958,64969,11
13.1090402603,80.2807922363,64969,64979,10
13.1084299088,80.2807388306,64979,64989,10
13.1076402664,80.2804870605,64989,64999,10
13.107000351,80.2802886963,64999,65009,10
13.1063404083,80.280090332,65009,65019,10
13.105799675,80.2799911499,65019,65029,10
13.1054801941,80.279838562,65029,65039,10
13.1052103043,80.2791824341,65039,65049,10
13.1049203873,80.278427124,65049,65059,10
13.104640007,80.2777633667,65059,65070,11
13.10435009,80.2771224976,65070,65100,30
13.10435009,80.2771224976,65100,65110,10
13.1042003632,80.2767791748,65110,65120,10
13.1041603088,80.2765426636,65120,65130,10
13.1042604446,80.2763595581,65130,65140,10
13.1043100357,80.2761383057,65140,65150,10
13.1042003632,80.2758407593,65150,65453,303
13.1042003632,80.2758407593,65453,65463,10
13.1042499542,80.2755584717,65463,65473,10
13.1041603088,80.2751998901,65473,65484,11
13.1040496826,80.2746734619,65484,65494,10
13.1040201187,80.274520874,65494,65504,10
13.1039896011,80.2742996216,65504,65514,10
13.1039199829,80.2736968994,65514,65585,71
13.1039199829,80.2736968994,65585,65595,10
13.1040296555,80.2734985352,65595,65605,10
13.1039600372,80.2732315063,65605,65615,10
13.1038799286,80.272819519,65615,65625,10
13.1038799286,80.2723999023,65625,65635,10
13.104180336,80.2720565796,65635,65645,10
13.1043901443,80.2714920044,65645,65685,40
13.1043901443,80.2714920044,65685,65696,11
13.1043796539,80.271270752,65696,65706,10
13.104180336,80.2707519531,65706,65716,10
13.10338974,80.2705535889,65716,65726,10
13.1024999619,80.2705612183,65726,65736,10
13.1017398834,80.2706069946,65736,65746,10
13.1015396118,80.2706069946,65746,65756,10
13.101269722,80.2704925537,65756,65766,10
13.1006803513,80.2700805664,65766,65776,10
13.0999498367,80.2696228027,65776,65786,10
13.0992603302,80.2691879272,65786,65797,11
13.0984697342,80.2687072754,65797,65807,10
13.0981197357,80.2683868408,65807,65817,10
13.0980997086,80.2682571411,65817,65827,10
13.09815979,80.2678833008,65827,65837,10
13.0982704163,80.2674636841,65837,65847,10
13.0983104706,80.2673187256,65847,65857,10
13.0983400345,80.2672271729,65857,65867,10
13.0983800888,80.2670974731,65867,65877,10
13.0984897614,80.2667312622,65877,65887,10
13.0986099243,80.2662124634,65887,65908,21
13.0986099243,80.2662124634,65908,65918,10
13.0986995697,80.2659606934,65918,65928,10
13.0987997055,80.2655029297,65928,65938,10
13.0988702774,80.2650375366,65938,65948,10
13.0989398956,80.2645721436,65948,65958,10
13.0990200043,80.2640380859,65958,65968,10
13.0990104675,80.2638320923,65968,65978,10
13.0990400314,80.263710022,65978,65988,10
13.0990800858,80.263381958,65988,65999,11
13.0990896225,80.2632293701,65999,66009,10
13.0991401672,80.2629776001,66009,66019,10
13.0991802216,80.2627563477,66019,66029,10
13.0992202759,80.2623977661,66029,66039,10
13.0992603302,80.2621231079,66039,66049,10
13.0994501114,80.2619400024,66049,66059,10
13.0996398926,80.2614974976,66059,66099,40
13.0996398926,80.2614974976,66099,66110,11
13.0997400284,80.2612609863,66110,66120,10
13.0997600555,80.2609863281,66120,66130,10
13.0997896194,80.2606811523,66130,66140,10
13.0998296738,80.2602462769,66140,66150,10
13.0998001099,80.2598800659,66150,66160,10
13.0995998383,80.2598190308,66160,66170,10
13.0993499756,80.2597885132,66170,66180,10
13.0992002487,80.2597808838,66180,66200,20
13.0992002487,80.2597808838,66200,66211,11
13.0987596512,80.2599563599,66211,66221,10
13.0984096527,80.2601013184,66221,66231,10
13.098110199,80.2602310181,66231,66241,10
13.097820282,80.2603225708,66241,66251,10
13.0974502563,80.2604370117,66251,66261,10
13.0971498489,80.2604293823,66261,66271,10
13.0972204208,80.2600631714,66271,66412,141
13.0972204208,80.2600631714,66412,66423,11
13.0972700119,80.2596893311,66423,66433,10
13.097319603,80.2595062256,66433,66443,10
13.097319603,80.2593231201,66443,66453,10
13.0972795486,80.2591400146,66453,66463,10
13.0973300934,80.2589569092,66463,66473,10
13.0973396301,80.2585525513,66473,66483,10
13.0973796844,80.2579498291,66483,66503,20
13.0973796844,80.2579498291,66503,66513,10
13.0974197388,80.2576828003,66513,66524,11
13.0974502563,80.2571792603,66524,66534,10
13.0974903107,80.2567214966,66534,66544,10
13.0975103378,80.2562484741,66544,66554,10
13.0974998474,80.2559814453,66554,66563,9
13.0975198746,80.2556915283,66563,66574,11
13.0975599289,80.2551193237,66574,66584,10
13.0975704193,80.2546463013,66584,66594,10
13.0975704193,80.2545700073,66594,66604,10
13.0975799561,80.2543869019,66604,66614,10
13.0976295471,80.2538986206,66614,66625,11
13.0976800919,80.2532196045,66625,66635,10
13.0977096558,80.2527770996,66635,66645,10
13.0977497101,80.2524185181,66645,66655,10
13.0977897644,80.2519836426,66655,66675,20
13.0977897644,80.2519836426,66675,66685,10
13.0978097916,80.251739502,66685,66695,10
13.0978498459,80.2514190674,66695,66705,10
13.097990036,80.2512283325,66705,66715,10
13.098110199,80.2509918213,66715,66726,11
13.097869873,80.2505264282,66726,66736,10
13.0977697372,80.2500534058,66736,66746,10
13.0976400375,80.249458313,66746,66756,10
13.0974998474,80.248878479,66756,66766,10
13.0972795486,80.2480392456,66766,66786,20
13.0972795486,80.2480392456,66786,66796,10
13.0972099304,80.2477264404,66796,66806,10
13.0970802307,80.2472305298,66806,66816,10
13.0969600677,80.2468338013,66816,66826,10
13.0969600677,80.2468185425,66826,66837,11
13.0968904495,80.2466964722,66837,66847,10
13.0968198776,80.2464065552,66847,66857,10
13.096830368,80.2456130981,66857,66877,20
13.096830368,80.2456130981,66877,66887,10
13.0968399048,80.2453689575,66887,66897,10
13.0968904495,80.2449798584,66897,66907,10
13.0969495773,80.2444763184,66907,66917,10
13.0970697403,80.243927002,66917,66927,10
13.0971603394,80.243522644,66927,66938,11
13.0972499847,80.2429199219,66938,66948,10
13.0973300934,80.2423629761,66948,67018,70
13.0973300934,80.2423629761,67018,67028,10
13.097410202,80.2421264648,67028,67039,11
13.0974798203,80.2418136597,67039,67049,10
13.0975503922,80.241317749,67049,67059,10
13.0975999832,80.2408370972,67059,67069,10
13.0976295471,80.2405090332,67069,67079,10
13.0976800919,80.2399597168,67079,67089,10
13.0976896286,80.2395172119,67089,67099,10
13.0976896286,80.2391967773,67099,67109,10
13.0977497101,80.2387008667,67109,67119,10
13.0977897644,80.2384796143,67119,67129,10
13.0978298187,80.2383422852,67129,67140,11
13.0979299545,80.2378463745,67140,67150,10
13.0980195999,80.2373733521,67150,67160,10
13.0980195999,80.2373428345,67160,67170,10
13.0980796814,80.2369537354,67170,67180,10
13.0981702805,80.2365036011,67180,67190,10
13.0982599258,80.236038208,67190,67200,10
13.0982704163,80.2357177734,67200,67210,10
13.0983600616,80.2351837158,67210,67226,16
13.098400116,80.2350006104,67226,67238,12
13.0984601974,80.2345962524,67238,67249,11
13.0985002518,80.2341918945,67249,67259,10
13.0985403061,80.2337188721,67259,67268,9
13.0985603333,80.2334823608,67268,67279,11
13.0986099243,80.2331314087,67279,67289,10
13.098690033,80.232711792,67289,67299,10
13.0988502502,80.232093811,67299,67309,10
13.0989398956,80.2318572998,67309,67319,10
13.0989999771,80.2317123413,67319,67329,10
13.0991201401,80.2314224243,67329,67339,10
13.099240303,80.2311630249,67339,67350,11
13.0994195938,80.23072052,67350,67360,10
13.0994596481,80.2305831909,67360,67370,10
13.0995397568,80.2302322388,67370,67380,10
13.0996704102,80.2298278809,67380,67400,20
13.0996704102,80.2298278809,67400,67410,10
13.0997695923,80.2294921875,67410,67420,10
13.0998401642,80.2289962769,67420,67430,10
13.0999403,80.2284164429,67430,67440,10
13.1000003815,80.227897644,67440,67451,11
13.1000204086,80.2273178101,67451,67461,10
13.1000003815,80.2268295288,67461,67471,10
13.0999603271,80.2263336182,67471,67481,10
13.0999202728,80.2258987427,67481,67491,10
13.0998601913,80.2254562378,67491,67501,10
13.0998497009,80.2254486084,67501,67511,10
13.0998497009,80.2253417969,67511,67521,10
13.0997800827,80.2250213623,67521,67531,10
13.0996704102,80.2245788574,67531,67541,10
13.0994997025,80.224067688,67541,67552,11
13.0992803574,80.2237167358,67552,67562,10
13.0990600586,80.223449707,67562,67572,10
13.0988397598,80.2231826782,67572,67582,10
13.0987100601,80.2229003906,67582,67592,10
13.0987100601,80.2222900391,67592,67602,10
13.0987796783,80.2215118408,67602,67612,10
13.0989103317,80.2208023071,67612,67622,10
13.0990200043,80.2202072144,67622,67632,10
13.0991201401,80.2195968628,67632,67642,10
13.0991697311,80.2192764282,67642,67652,10
13.0992298126,80.2188491821,67652,67663,11
13.099360466,80.2179870605,67663,67673,10
13.0994701385,80.2174377441,67673,67683,10
13.0996198654,80.2168807983,67683,67693,10
13.0999202728,80.2161483765,67693,67703,10
13.1001596451,80.2155914307,67703,67713,10
13.1001901627,80.2154998779,67713,67723,10
13.1002502441,80.2153930664,67723,67733,10
13.1003198624,80.2152175903,67733,67743,10
13.1005001068,80.2147827148,67743,67844,101
13.1005001068,80.2147827148,67844,67854,10
13.1005601883,80.2145385742,67854,67865,11
13.1007499695,80.2141571045,67865,67875,10
13.1009397507,80.2136535645,67875,67885,10
13.101149559,80.2131271362,67885,67895,10
13.1013898849,80.2125930786,67895,67905,10
13.1016101837,80.212020874,67905,67915,10
13.1018104553,80.2115020752,67915,67925,10
13.1019601822,80.2110366821,67925,67935,10
13.1019697189,80.2110290527,67935,67945,10
13.1021499634,80.2104873657,67945,67976,31
13.1021499634,80.2104873657,67976,67986,10
13.1022195816,80.2102890015,67986,67996,10
13.1023397446,80.2099609375,67996,68006,10
13.1024999619,80.2095031738,68006,68016,10
13.1026000977,80.2091674805,68016,68026,10
13.1027803421,80.2085418701,68026,68046,20
13.1027803421,80.2085418701,68046,68056,10
13.1028203964,80.2085113525,68056,68066,10
13.1029100418,80.2081985474,68066,68077,11
13.1030597687,80.2077407837,68077,68087,10
13.1031904221,80.2074127197,68087,68097,10
13.1033296585,80.2070999146,68097,68107,10
13.1035404205,80.2066726685,68107,68117,10
13.1037197113,80.2061386108,68117,68127,10
13.1037902832,80.2056732178,68127,68137,10
13.1037998199,80.2052001953,68137,68146,9
13.1038198471,80.2047195435,68146,68157,11
13.1037998199,80.2042770386,68157,68167,10
13.1037101746,80.203742981,68167,68178,11
13.1035804749,80.2035064697,68178,68188,10
13.1035203934,80.2032012939,68188,68198,10
13.1035203934,80.2027282715,68198,68208,10
13.1034803391,80.202331543,68208,68218,10
13.1034498215,80.2020111084,68218,68228,10
13.1033802032,80.2016067505,68228,68238,10
13.1033697128,80.2015991211,68238,68248,10
13.1033401489,80.201461792,68248,68258,10
13.1033000946,80.2010803223,68258,68268,10
13.1032800674,80.2005996704,68268,68279,11
13.1031904221,80.1998977661,68279,68289,10
13.1031303406,80.1994400024,68289,68299,10
13.1030797958,80.199180603,68299,68309,10
13.1030597687,80.1990737915,68309,68325,16
13.1028900146,80.1981277466,68325,68337,12
13.1026496887,80.1972503662,68337,68346,9
13.1024703979,80.1967086792,68346,68357,11
13.102230072,80.1959686279,68357,68367,10
13.1020402908,80.1954116821,68367,68377,10
13.1019201279,80.1950073242,68377,68387,10
13.1018400192,80.1948013306,68387,68398,11
13.1016597748,80.1945724487,68398,68408,10
13.1014795303,80.1942596436,68408,68418,10
13.1017198563,80.1938171387,68418,68428,10
13.1017198563,80.1930007935,68428,68438,10
13.101559639,80.1920394897,68438,68448,10
13.1014003754,80.1910934448,68448,68458,10
13.1011600494,80.1902313232,68458,68478,20
13.1011600494,80.1902313232,68478,68489,11
13.1010599136,80.1899185181,68489,68499,10
13.100859642,80.1894683838,68499,68509,10
13.1005601883,80.1890335083,68509,68519,10
13.1003303528,80.1886062622,68519,68529,10
13.1001901627,80.1883087158,68529,68539,10
13.0999803543,80.1877593994,68539,68549,10
13.099820137,80.1872406006,68549,68559,10
13.0996999741,80.1866912842,68559,68569,10
13.0996103287,80.1863021851,68569,68579,10
13.0995197296,80.1859130859,68579,68590,11
13.0994300842,80.1855010986,68590,68600,10
13.0994195938,80.1854782104,68600,68610,10
13.0993795395,80.1853790283,68610,68620,10
13.0992803574,80.1849365234,68620,68630,10
13.0991401672,80.184463501,68630,68640,10
13.09897995,80.1839294434,68640,68650,10
13.0988903046,80.18359375,68650,68660,10
13.098859787,80.1834793091,68660,68670,10
13.0987901688,80.1832504272,68670,68680,10
13.0986299515,80.1826782227,68680,68691,11
13.0984401703,80.181892395,68691,68711,20
13.0984401703,80.181892395,68711,68721,10
13.0983896255,80.181602478,68721,68731,10
13.0982704163,80.1811599731,68731,68741,10
13.0982398987,80.181060791,68741,68751,10
13.0981397629,80.180770874,68751,68761,10
13.0979995728,80.1802825928,68761,68771,10
13.0978603363,80.179649353,68771,68781,10
13.0977802277,80.1789474487,68781,68792,11
13.0977802277,80.1781234741,68792,68802,10
13.097820282,80.1774902344,68802,68812,10
13.0978803635,80.176940918,68812,68822,10
13.097990036,80.1764602661,68822,68832,10
13.0980501175,80.1760787964,68832,68842,10
13.0980796814,80.1756210327,68842,68852,10
13.0980796814,80.1753768921,68852,68862,10
13.098110199,80.1750183105,68862,68872,10
13.0981502533,80.1748962402,68872,68882,10
13.0982904434,80.1744537354,68882,68893,11
13.0985498428,80.1737518311,68893,68903,10
13.098859787,80.1730575562,68903,68913,10
13.0991401672,80.1722869873,68913,68923,10
13.0993204117,80.1717224121,68923,68933,10
13.0994701385,80.1713027954,68933,68943,10
13.099650383,80.1703720093,68943,69040,97
13.099650383,80.1703720093,69040,69052,12
13.0996599197,80.1699829102,69052,69092,40
13.0996599197,80.1699829102,69092,69103,11
13.0996704102,80.1697692871,69103,69113,10
13.0996999741,80.169708252,69113,69123,10
13.0997800827,80.1695404053,69123,69133,10
13.099820137,80.1692886353,69133,69143,10
13.0998802185,80.1688690186,69143,69153,10
13.0999698639,80.1683883667,69153,69162,9
13.1000003815,80.1679763794,69162,69173,11
13.1000204086,80.1675491333,69173,69183,10
13.1001195908,80.1668395996,69183,69193,10
13.1002902985,80.1662826538,69193,69204,11
13.1005296707,80.1654891968,69204,69214,10
13.1007699966,80.1647567749,69214,69224,10
13.1010503769,80.1639633179,69224,69234,10
13.1012601852,80.1632385254,69234,69244,10
13.1013402939,80.1624832153,69244,69264,20
13.1013402939,80.1624832153,69264,69274,10
13.1013202667,80.1624221802,69274,69284,10
13.1013402939,80.162109375,69284,69294,10
13.1013402939,80.1617202759,69294,69304,10
13.1013402939,80.1616592407,69304,69315,11
13.1013498306,80.161567688,69315,69325,10
13.1013698578,80.1610870361,69325,69335,10
13.101360321,80.1603469849,69335,69345,10
13.1014604568,80.1596984863,69345,69355,10
13.1017904282,80.1593170166,69355,69365,10
13.1022500992,80.1588821411,69365,69375,10
13.1027402878,80.1584091187,69375,69385,10
13.1031599045,80.1579437256,69385,69395,10
13.1034097672,80.1572875977,69395,69405,10
13.1035404205,80.1567230225,69405,69416,11
13.103679657,80.1560287476,69416,69426,10
13.1038503647,80.1552886963,69426,69436,10
13.1040000916,80.1546401978,69436,69446,10
13.1041498184,80.154006958,69446,69456,10
13.1044101715,80.1534423828,69456,69466,10
13.10476017,80.1529312134,69466,69476,10
13.1052103043,80.1525115967,69476,69486,10
13.1058702469,80.15234375,69486,69496,10
13.1066102982,80.1522979736,69496,69506,10
13.1069602966,80.1522903442,69506,69517,11
13.1069698334,80.1522903442,69517,69527,10
13.1072597504,80.1522903442,69527,69537,10
13.1077404022,80.1522598267,69537,69547,10
13.1079797745,80.1522598267,69547,69557,10
13.108300209,80.1522598267,69557,69567,10
13.1086502075,80.1522521973,69567,69577,10
13.1090402603,80.1522369385,69577,69587,10
13.1093902588,80.1522674561,69587,69597,10
13.1097698212,80.1523208618,69597,69607,10
13.1100702286,80.1523284912,69607,69617,10
13.1102399826,80.1522521973,69617,69628,11
13.1106100082,80.1519393921,69628,69638,10
13.1110401154,80.1517791748,69638,69648,10
13.1116199493,80.1512298584,69648,69668,20
13.1116199493,80.1512298584,69668,69677,9
13.1116600037,80.1511688232,69677,69688,11
13.1119003296,80.1509017944,69688,69698,10
13.1123504639,80.1504821777,69698,69708,10
13.1127700806,80.1502532959,69708,69718,10
13.1130599976,80.149887085,69718,69728,10
13.1131496429,80.149559021,69728,69739,11
13.1131801605,80.1493682861,69739,69749,10
13.1132001877,80.1492767334,69749,69759,10
13.1132698059,80.1490097046,69759,69769,10
13.1133699417,80.148727417,69769,69779,10
13.1135196686,80.1485595703,69779,69789,10
13.1138000488,80.1483764648,69789,69799,10
13.1142301559,80.1482162476,69799,69809,10
13.1146402359,80.1480865479,69809,69819,10
13.1151695251,80.1479110718,69819,69830,11
13.115940094,80.1479415894,69830,69840,10
13.1166200638,80.1483764648,69840,69850,10
13.1171197891,80.1489562988,69850,69860,10
13.1175498962,80.1494293213,69860,69870,10
13.1178598404,80.1495819092,69870,69880,10
13.1182403564,80.1496734619,69880,69890,10
13.1185102463,80.1497268677,69890,69900,10
13.1187200546,80.1497802734,69900,69910,10
13.1189603806,80.1498336792,69910,69920,10
13.1192398071,80.1498794556,69920,69931,11
13.1192903519,80.149887085,69931,69941,10
13.1194295883,80.1499099731,69941,69951,10
13.1196498871,80.1499023438,69951,69961,10
13.1199197769,80.1497497559,69961,69971,10
13.1202201843,80.1494369507,69971,69981,10
13.1206197739,80.149017334,69981,69991,10
13.1210002899,80.1487884521,69991,70001,10
13.1213598251,80.1485595703,70001,70011,10
13.1216201782,80.1482620239,70011,70021,10
13.1218004227,80.1478881836,70021,70032,11
13.1218395233,80.1478500366,70032,70042,10
13.1218795776,80.1477966309,70042,70052,10
13.1220798492,80.1474380493,70052,70062,10
13.1223096848,80.1471405029,70062,70072,10
13.1224002838,80.1473007202,70072,70082,10
13.1224403381,80.1478118896,70082,70092,10
13.1226396561,80.1484222412,70092,70102,10
13.122759819,80.1486434937,70102,70112,10
13.1228199005,80.1487579346,70112,70122,10
13.1230602264,80.1491317749,70122,70132,10
13.1233997345,80.1496887207,70132,70143,11
13.1235799789,80.1500091553,70143,70153,10
13.1237201691,80.1502609253,70153,70163,10
13.1239404678,80.1506729126,70163,70172,9
13.1241703033,80.1510772705,70172,70183,11
13.1244697571,80.1516189575,70183,70193,10
13.1247501373,80.1521377563,70193,70203,10
13.1250600815,80.1526184082,70203,70213,10
13.1256799698,80.1529769897,70213,70223,10
13.1262903214,80.1533203125,70223,70233,10
13.1268596649,80.1536407471,70233,70244,11
13.1272201538,80.1538162231,70244,70254,10
13.127289772,80.1538619995,70254,70264,10
13.1273202896,80.1539001465,70264,70274,10
13.1275100708,80.1540985107,70274,70284,10
13.1278295517,80.1545715332,70284,70294,10
13.1281900406,80.1550979614,70294,70304,10
13.1286001205,80.1556930542,70304,70314,10
13.1290197372,80.1563034058,70314,70324,10
13.1292200089,80.1566009521,70324,70334,10
13.1294002533,80.1568603516,70334,70345,11
13.1297101974,80.1572799683,70345,70355,10
13.1300497055,80.1578063965,70355,70365,10
13.1302900314,80.1583099365,70365,70375,10
13.1304302216,80.1586380005,70375,70385,10
13.1305599213,80.1589584351,70385,70395,10
13.1307401657,80.1593322754,70395,70425,30
13.1307401657,80.1593322754,70425,70435,10
13.1308498383,80.1596832275,70435,70445,10
13.1310796738,80.1602935791,70445,70456,11
13.1312599182,80.1607284546,70456,70514,58
13.1312599182,80.1607284546,70514,70524,10
13.1310901642,80.1607589722,70524,70534,10
13.1310901642,80.1605300903,70534,70543,9
13.1309604645,80.160118103,70543,70555,12
13.1307497025,80.15965271,70555,71343,788
13.1307497025,80.15965271,71343,71353,10
13.130689621,80.1594085693,71353,71363,10
13.1306800842,80.1593780518,71363,71373,10
13.130610466,80.1592102051,71373,71384,11
13.1302995682,80.1585388184,71384,71404,20
13.1302995682,80.1585388184,71404,71414,10
13.1302900314,80.1584701538,71414,71424,10
13.130200386,80.1582336426,71424,71434,10
13.1300401688,80.1578979492,71434,71444,10
13.1297197342,80.1574020386,71444,71454,10
13.1292800903,80.1567687988,71454,71464,10
13.1288995743,80.1562194824,71464,71474,10
13.1285200119,80.1556777954,71474,71485,11
13.1281499863,80.155128479,71485,71495,10
13.1277503967,80.154548645,71495,71505,10
13.1272697449,80.1539306641,71505,71515,10
13.1269702911,80.1537399292,71515,71525,10
13.1265602112,80.1535186768,71525,71535,10
13.1259298325,80.1531600952,71535,71545,10
13.1252698898,80.1527862549,71545,71555,10
13.124710083,80.1522521973,71555,71565,10
13.1243600845,80.1516036987,71565,71575,10
13.1240301132,80.1509780884,71575,71586,11
13.123840332,80.1506195068,71586,71596,10
13.1234903336,80.1500015259,71596,71606,10
13.1231203079,80.1493530273,71606,71616,10
13.1227798462,80.1488571167,71616,71626,10
13.1223201752,80.1485900879,71626,71636,10
13.1217098236,80.1485671997,71636,71646,10
13.1215696335,80.1485900879,71646,71656,10
13.1210803986,80.1487426758,71656,71666,10
13.1205301285,80.1491012573,71666,71676,10
13.1201000214,80.149559021,71676,71687,11
13.1198301315,80.149810791,71687,71697,10
13.1195201874,80.1501998901,71697,71737,40
13.1195201874,80.1501998901,71737,71747,10
13.1193704605,80.1499786377,71747,71757,10
13.1191101074,80.1499099731,71757,71767,10
13.1186103821,80.1498336792,71767,71777,10
13.1179599762,80.1496963501,71777,71788,11
13.1174497604,80.1494827271,71788,71798,10
13.1169500351,80.1489028931,71798,71808,10
13.1163702011,80.1482696533,71808,71818,10
13.1155996323,80.1479415894,71818,71828,10
13.1148900986,80.1480102539,71828,71838,10
13.1142597198,80.1482391357,71838,71848,10
13.1135702133,80.1485366821,71848,71858,10
13.1132698059,80.1490097046,71858,71868,10
13.1132097244,80.1493606567,71868,71878,10
13.1131401062,80.1498184204,71878,71888,10
13.1130399704,80.150062561,71888,71899,11
13.1125402451,80.150428772,71899,71909,10
13.1120700836,80.150718689,71909,71919,10
13.1117095947,80.1511688232,71919,71929,10
13.1113395691,80.1516189575,71929,71939,10
13.1107702255,80.1519317627,71939,71949,10
13.1102800369,80.1522979736,71949,71965,16
13.1100597382,80.1524200439,71965,71977,12
13.1096000671,80.1523590088,71977,71985,8
13.1093196869,80.1523284912,71985,71997,12
13.108710289,80.1522979736,71997,72008,11
13.1080598831,80.1523284912,72008,72019,11
13.1074800491,80.1523590088,72019,72029,10
13.1069002151,80.1523666382,72029,72039,10
13.1061201096,80.1523971558,72039,72049,10
13.1059799194,80.1524200439,72049,72059,10
13.105919838,80.1524200439,72059,72068,9
13.1055603027,80.1524581909,72068,72078,10
13.1049499512,80.1527709961,72078,72089,11
13.1044101715,80.1534881592,72089,72100,11
13.1041202545,80.1541900635,72100,72110,10
13.1039600372,80.1549072266,72110,72120,10
13.1037797928,80.15574646,72120,72130,10
13.1035900116,80.156578064,72130,72140,10
13.1034202576,80.157333374,72140,72150,10
13.1031103134,80.1581115723,72150,72160,10
13.1025695801,80.1586532593,72160,72170,10
13.1021099091,80.1590881348,72170,72180,10
13.1016798019,80.1595230103,72180,72190,10
13.1013898849,80.1601715088,72190,72200,10
13.1013803482,80.1608963013,72200,72211,11
13.1014604568,80.1619873047,72211,72281,70
13.1014604568,80.1619873047,72281,72291,10
13.1014499664,80.1622314453,72291,72301,10
13.1014099121,80.1625595093,72301,72312,11
13.1013898849,80.1626586914,72312,72322,10
13.1013202667,80.1631469727,72322,72332,10
13.101149559,80.1638031006,72332,72342,10
13.100859642,80.1645965576,72342,72352,10
13.1006002426,80.1654586792,72352,72362,10
13.1003599167,80.1662521362,72362,72372,10
13.1001596451,80.1669692993,72372,72382,10
13.100060463,80.1676330566,72382,72392,10
13.1000003815,80.1683120728,72392,72402,10
13.0999403,80.1688766479,72402,72413,11
13.0998296738,80.1694793701,72413,72443,30
13.0998296738,80.1694793701,72443,72453,10
13.0998001099,80.1696014404,72453,72463,10
13.0997400284,80.1700592041,72463,72473,10
13.099729538,80.1703033447,72473,72483,10
13.0996799469,80.1705780029,72483,72493,10
13.0995702744,80.1711196899,72493,72513,20
13.0995702744,80.1711196899,72513,72524,11
13.09953022,80.1712036133,72524,72534,10
13.0994100571,80.17162323,72534,72544,10
13.0992298126,80.1721572876,72544,72554,10
13.0989904404,80.1728668213,72554,72564,10
13.0987701416,80.1734390259,72564,72574,10
13.0985002518,80.174079895,72574,72584,10
13.0982503891,80.1747817993,72584,72594,10
13.0981197357,80.175453186,72594,72604,10
13.0980701447,80.1762008667,72604,72625,21
13.0980701447,80.1762008667,72625,72635,10
13.0980195999,80.1765213013,72635,72645,10
13.0979204178,80.1770019531,72645,72655,10
13.0978403091,80.1775588989,72655,72665,10
13.0978097916,80.1782608032,72665,72675,10
13.0978002548,80.1789169312,72675,72685,10
13.0978498459,80.1795196533,72685,72695,10
13.0979995728,80.1801528931,72695,72705,10
13.0982398987,80.1809997559,72705,72726,21
13.0982398987,80.1809997559,72726,72736,10
13.0982599258,80.1810913086,72736,72746,10
13.0983495712,80.1814193726,72746,72756,10
13.0984697342,80.1819534302,72756,72766,10
13.0985498428,80.1823196411,72766,72776,10
13.0986995697,80.1829376221,72776,72786,10
13.0988397598,80.1834716797,72786,72796,10
13.0990200043,80.1840133667,72796,72806,10
13.0992097855,80.1845626831,72806,72816,10
13.0993404388,80.1850280762,72816,72827,11
13.0994100571,80.1852874756,72827,72837,10
13.0994100571,80.1853027344,72837,72847,10
13.0994701385,80.1856307983,72847,72857,10
13.0996799469,80.1864776611,72857,72907,50
13.0996799469,80.1864776611,72907,72917,10
13.0997200012,80.1866607666,72917,72928,11
13.0998096466,80.1870269775,72928,72938,10
13.0998897552,80.1873779297,72938,72948,10
13.1000499725,80.1878890991,72948,72958,10
13.1002902985,80.1884689331,72958,72968,10
13.1005601883,80.1889724731,72968,72978,10
13.1009702682,80.1894226074,72978,72988,10
13.1012601852,80.1897506714,72988,73008,20
13.1012601852,80.1897506714,73008,73018,10
13.1013202667,80.1900787354,73018,73028,10
13.1014404297,80.1906814575,73028,73039,11
13.1015701294,80.1914520264,73039,73049,10
13.1016702652,80.1920089722,73049,73059,10
13.1017599106,80.1925582886,73059,73069,10
13.1018695831,80.1931991577,73069,73079,10
13.1019697189,80.1937408447,73079,73089,10
13.1020698547,80.1940231323,73089,73099,10
13.1021404266,80.194480896,73099,73109,10
13.1020202637,80.1948318481,73109,73119,10
13.1021203995,80.1954269409,73119,73129,10
13.1024198532,80.1963195801,73129,73140,11
13.1027603149,80.1973495483,73140,73150,10
13.1030101776,80.1982574463,73150,73160,10
13.1031303406,80.1989898682,73160,73170,10
13.1031904221,80.1993026733,73170,73180,10
13.1031999588,80.1993408203,73180,73190,10
13.103219986,80.1995162964,73190,73200,10
13.103269577,80.1999969482,73200,73210,10
13.1033401489,80.2005081177,73210,73220,10
13.1033802032,80.2009506226,73220,73230,10
13.1034297943,80.2013092041,73230,73241,11
13.1034698486,80.2018508911,73241,73251,10
13.1036100388,80.2028808594,73251,73271,20
13.1036100388,80.2028808594,73271,73281,10
13.1036195755,80.2029190063,73281,73291,10
13.1036500931,80.2032012939,73291,73301,10
13.1037197113,80.2036437988,73301,73311,10
13.103770256,80.2041778564,73311,73321,10
13.1038198471,80.2048797607,73321,73331,10
13.1038303375,80.2056121826,73331,73342,11
13.1037597656,80.2062606812,73342,73352,10
13.1035499573,80.2068405151,73352,73362,10
13.1033201218,80.2072677612,73362,73372,10
13.1031398773,80.2077178955,73372,73382,10
13.1030502319,80.2079620361,73382,73392,10
13.1030397415,80.2079772949,73392,73402,10
13.1029195786,80.2082901001,73402,73412,10
13.1027498245,80.2088699341,73412,73422,10
13.1026296616,80.2092819214,73422,73432,10
13.1025800705,80.2094497681,73432,73442,10
13.1024599075,80.2097702026,73442,73453,11
13.1022396088,80.210357666,73453,73463,10
13.1021099091,80.2107772827,73463,73473,10
13.1021003723,80.2108230591,73473,73483,10
13.1019897461,80.2111206055,73483,73493,10
13.1018400192,80.2115707397,73493,73503,10
13.1016902924,80.2120437622,73503,73513,10
13.1014900208,80.2125473022,73513,73523,10
13.1012601852,80.2131271362,73523,73533,10
13.1011896133,80.2133102417,73533,73543,10
13.1011295319,80.213470459,73543,73554,11
13.1008901596,80.2140274048,73554,73564,10
13.1006803513,80.21459198,73564,73642,78
13.1006803513,80.21459198,73642,73653,11
13.1006202698,80.2146911621,73653,73663,10
13.1004800797,80.2149810791,73663,73674,11
13.1001996994,80.215637207,73674,73684,10
13.0999202728,80.216293335,73684,73694,10
13.0996999741,80.2168426514,73694,73704,10
13.0995197296,80.2174835205,73704,73714,10
13.0993995667,80.2181930542,73714,73724,10
13.0992898941,80.218963623,73724,73734,10
13.0991897583,80.2195587158,73734,73744,10
13.0990600586,80.2202835083,73744,73755,11
13.0989198685,80.2210083008,73755,73765,10
13.0987901688,80.2216796875,73765,73775,10
13.098739624,80.2225036621,73775,73785,10
13.0990200043,80.2233123779,73785,73795,10
13.0994596481,80.2238998413,73795,73805,10
13.0997200012,80.224609375,73805,73816,11
13.0998802185,80.2252883911,73816,73826,10
13.0999603271,80.2258987427,73826,73837,11
13.1000299454,80.2264785767,73837,73847,10
13.1000299454,80.2265167236,73847,73857,10
13.1000299454,80.2268371582,73857,73868,11
13.1000404358,80.2275390625,73868,73877,9
13.1000204086,80.2280426025,73877,73888,11
13.0999698639,80.2284393311,73888,73898,10
13.0998897552,80.2288284302,73898,73908,10
13.099820137,80.2292480469,73908,73918,10
13.0997695923,80.2296066284,73918,73928,10
13.0996599197,80.2300796509,73928,73938,10
13.0995397568,80.2305297852,73938,73948,10
13.099439621,80.2308425903,73948,73958,10
13.0992498398,80.2312393188,73958,73969,11
13.0990200043,80.2317581177,73969,73979,10
13.0988397598,80.2323226929,73979,73999,20
13.0988397598,80.2323226929,73999,74009,10
13.098739624,80.2326202393,74009,74019,10
13.0986795425,80.2329788208,74019,74029,10
13.0986299515,80.2333297729,74029,74039,10
13.0985898972,80.2336273193,74039,74049,10
13.0985803604,80.2338104248,74049,74059,10
13.0985603333,80.2340164185,74059,74070,11
13.0985002518,80.2345504761,74070,74080,10
13.098449707,80.234916687,74080,74090,10
13.098400116,80.2353591919,74090,74100,10
13.098400116,80.2353897095,74100,74110,10
13.0983600616,80.2355194092,74110,74120,10
13.0983104706,80.2359237671,74120,74130,10
13.0982398987,80.236289978,74130,74140,10
13.0981998444,80.2366027832,74140,74150,10
13.0981502533,80.2369613647,74150,74160,10
13.0981197357,80.2370376587,74160,74170,10
13.0980701447,80.2373809814,74170,74181,11
13.0979995728,80.2378234863,74181,74191,10
13.0978803635,80.2383728027,74191,74201,10
13.0977897644,80.238899231,74201,74211,10
13.0977497101,80.2393798828,74211,74221,10
13.097700119,80.2397994995,74221,74231,10
13.0976696014,80.2403564453,74231,74241,10
13.0976600647,80.2405776978,74241,74251,10
13.0976400375,80.2407073975,74251,74261,10
13.0975799561,80.2412033081,74261,74272,11
13.0974903107,80.2418136597,74272,74282,10
13.0974798203,80.2418670654,74282,74292,10
13.097410202,80.2422180176,74292,74302,10
13.0973396301,80.2426834106,74302,74312,10
13.0972604752,80.2432022095,74312,74322,10
13.0971403122,80.243927002,74322,74332,10
13.0970096588,80.244468689,74332,74342,10
13.0969800949,80.2447662354,74342,74352,10
13.0969495773,80.2448730469,74352,74362,10
13.0969200134,80.2452316284,74362,74372,10
13.0968904495,80.2457733154,74372,74383,11
13.0968904495,80.2465133667,74383,74393,10
13.0970697403,80.2470397949,74393,74403,10
13.0971603394,80.2474212646,74403,74412,9
13.0972499847,80.2478637695,74412,74423,11
13.0974197388,80.2484588623,74423,74433,10
13.0974798203,80.2486190796,74433,74443,10
13.0975704193,80.2490615845,74443,74453,10
13.0977201462,80.2498016357,74453,74463,10
13.0978298187,80.2502593994,74463,74473,10
13.0979003906,80.2506027222,74473,74484,11
13.0981302261,80.2510375977,74484,74494,10
13.0980195999,80.2513427734,74494,74504,10
13.0978603363,80.2516326904,74504,74514,10
13.0978298187,80.2519302368,74514,74524,10
13.0978097916,80.2523498535,74524,74534,10
13.0977602005,80.2527084351,74534,74554,20
13.0977602005,80.2527084351,74554,74564,10
13.0977096558,80.2529678345,74564,74574,10
13.0976896286,80.2533111572,74574,74585,11
13.0976600647,80.2536392212,74585,74595,10
13.0976200104,80.2540817261,74595,74605,10
13.0975904465,80.2545471191,74605,74615,10
13.0975799561,80.2548980713,74615,74625,10
13.0975704193,80.255317688,74625,74635,10
13.0975503922,80.2556533813,74635,74645,10
13.0975399017,80.2560577393,74645,74655,10
13.0975399017,80.256111145,74655,74665,10
13.0974998474,80.256477356,74665,74675,10
13.0974798203,80.256980896,74675,74686,11
13.0974397659,80.2573928833,74686,74696,10
13.0974197388,80.2576370239,74696,74706,10
13.0974197388,80.2577819824,74706,74716,10
13.0973997116,80.2580337524,74716,74726,10
13.0973796844,80.2582321167,74726,74736,10
13.0973701477,80.2585067749,74736,74746,10
13.0973396301,80.2588806152,74746,74756,10
13.0973300934,80.2592773438,74756,74776,20
13.0973300934,80.2592773438,74776,74787,11
13.0976896286,80.2593994141,74787,74797,10
13.0980796814,80.259437561,74797,74807,10
13.0984802246,80.2595214844,74807,74817,10
13.0987596512,80.2595825195,74817,74827,10
13.0990695953,80.2596588135,74827,74837,10
13.0994701385,80.259727478,74837,74847,10
13.099820137,80.2599411011,74847,74867,20
13.099820137,80.2599411011,74867,74877,10
13.0997896194,80.2602462769,74877,74887,10
13.0997800827,80.2603530884,74887,74898,11
13.0997600555,80.2604522705,74898,74908,10
13.0996999741,80.2611236572,74908,74968,60
13.0996999741,80.2611236572,74968,74978,10
13.0996103287,80.2618179321,74978,75029,51
13.0992898941,80.2621307373,75029,75049,20
13.0992898941,80.2621307373,75049,75059,10
13.0992002487,80.2624282837,75059,75069,10
13.0991401672,80.2627868652,75069,75079,10
13.0991201401,80.2629699707,75079,75089,10
13.0991001129,80.2630996704,75089,75100,11
13.0990800858,80.2632598877,75100,75110,10
13.0990400314,80.2635498047,75110,75120,10
13.0990104675,80.2636032104,75120,75130,10
13.0989904404,80.2638473511,75130,75140,10
13.0989599228,80.2641906738,75140,75150,10
13.0989198685,80.2644882202,75150,75160,10
13.0988798141,80.2647476196,75160,75170,10
13.098859787,80.2649688721,75170,75180,10
13.0988197327,80.2651824951,75180,75190,10
13.0987501144,80.2656173706,75190,75201,11
13.0986404419,80.2661132813,75201,75211,10
13.0985403061,80.2665023804,75211,75221,10
13.0983896255,80.267036438,75221,75241,20
13.0983896255,80.267036438,75241,75251,10
13.098279953,80.2673492432,75251,75261,10
13.0982198715,80.2676086426,75261,75271,10
13.0981798172,80.2677383423,75271,75281,10
13.098110199,80.2680206299,75281,75291,10
13.0981197357,80.2684631348,75291,75301,10
13.0985298157,80.2687530518,75301,75312,11
13.0990695953,80.2690582275,75312,75322,10
13.0995197296,80.2693328857,75322,75332,10
13.1001300812,80.2696914673,75332,75342,10
13.1008796692,80.2702026367,75342,75352,10
13.1014404297,80.2705612183,75352,75362,10
13.1016597748,80.2705917358,75362,75372,10
13.1022195816,80.2705688477,75372,75382,10
13.1029996872,80.2705688477,75382,75392,10
13.1037902832,80.2705993652,75392,75402,10
13.1042804718,80.2709884644,75402,75413,11
13.1044101715,80.2713623047,75413,75423,10
13.1044197083,80.2715301514,75423,75433,10
13.1042699814,80.2719573975,75433,75443,10
13.1038999557,80.2723999023,75443,75453,10
13.1037998199,80.2729721069,75453,75463,10
13.1039199829,80.2734375,75463,75473,10
13.1039600372,80.2738571167,75473,75483,10
13.1040401459,80.2742080688,75483,75493,10
13.1040496826,80.2742614746,75493,75503,10
13.1040802002,80.2745819092,75503,75514,11
13.1041603088,80.2750015259,75514,75524,10
13.1044101715,80.2758102417,75524,75544,20
13.1044101715,80.2758102417,75544,75554,10
13.1044197083,80.2758407593,75554,75564,10
13.1044998169,80.2761077881,75564,75574,10
13.104640007,80.2764968872,75574,75584,10
13.1048698425,80.2770690918,75584,75594,10
13.1051197052,80.2777328491,75594,75604,10
13.1053304672,80.2784576416,75604,75615,11
13.1055603027,80.279296875,75615,75625,10
13.1057500839,80.279800415,75625,75635,10
13.105799675,80.279876709,75635,75645,10
13.1057901382,80.2799301147,75645,75655,10
13.1060600281,80.2800292969,75655,75665,10
13.1063299179,80.2800979614,75665,75675,10
13.1068000793,80.2802429199,75675,75685,10
13.1073703766,80.2804107666,75685,75695,10
13.1079797745,80.2806015015,75695,75705,10
13.1086196899,80.2807922363,75705,75716,11
13.1091403961,80.2807312012,75716,75726,10
13.1094799042,80.2804031372,75726,75736,10
13.1097698212,80.2797393799,75736,75746,10
13.1101398468,80.2790679932,75746,75756,10
13.1106004715,80.2784805298,75756,75766,10
13.1109895706,80.2780914307,75766,75776,10
13.111289978,80.2778701782,75776,75786,10
13.1115598679,80.2780838013,75786,75796,10
13.1113395691,80.2782821655,75796,75806,10
13.1110801697,80.2781600952,75806,75817,11
13.1106004715,80.2785415649,75817,75827,10
13.1100997925,80.2791976929,75827,75837,10
13.1097097397,80.2799377441,75837,75847,10
13.1093397141,80.2806091309,75847,75857,10
13.1087703705,80.2808380127,75857,75867,10
13.1079998016,80.2806472778,75867,75877,10
13.1072702408,80.2804336548,75877,75887,10
13.1063404083,80.2801513672,75887,75897,10
13.1059398651,80.2800674438,75897,75907,10
13.1055002213,80.2800216675,75907,75918,11
13.1052303314,80.2794723511,75918,75928,10
13.1049804688,80.2788085938,75928,75938,10
13.1047801971,80.2782592773,75938,75948,10
13.1045198441,80.2776031494,75948,75958,10
13.1043195724,80.2771530151,75958,75968,10
13.1040897369,80.2766799927,75968,75978,10
13.1041603088,80.2764892578,75978,75988,10
13.1042499542,80.276222229,75988,75998,10
13.1042003632,80.2759170532,75998,76200,202
13.1042003632,80.2759170532,76200,76210,10
13.1042098999,80.275718689,76210,76220,10
13.1041498184,80.275390625,76220,76231,11
13.1040401459,80.2749404907,76231,76241,10
13.1039800644,80.2746887207,76241,76251,10
13.1039600372,80.274559021,76251,76261,10
13.1039400101,80.274307251,76261,76271,10
13.103890419,80.2739334106,76271,76281,10
13.1038799286,80.2737731934,76281,76291,10
13.1038398743,80.2735290527,76291,76301,10
13.1037998199,80.2732391357,76301,76311,10
13.1037597656,80.2729187012,76311,76321,10
13.1037197113,80.2725601196,76321,76331,10
13.103890419,80.2723007202,76331,76342,11
13.1042098999,80.2718887329,76342,76352,10
13.1043395996,80.2713775635,76352,76362,10
13.1042804718,80.2711029053,76362,76372,10
13.1041297913,80.2707595825,76372,76382,10
13.1033496857,80.2705612183,76382,76392,10
13.1023101807,80.2705764771,76392,76402,10
13.1015100479,80.2706069946,76402,76412,10
13.1011400223,80.270401001,76412,76422,10
13.1006202698,80.2700500488,76422,76432,10
13.1000003815,80.2696609497,76432,76443,11
13.0992097855,80.2691726685,76443,76453,10
13.0986404419,80.2688293457,76453,76463,10
13.0982198715,80.2685775757,76463,76473,10
13.0980901718,80.2683486938,76473,76483,10
13.0980901718,80.268157959,76483,76493,10
13.0981397629,80.2678985596,76493,76503,10
13.0982398987,80.2674865723,76503,76513,10
13.098400116,80.2669677734,76513,76523,10
13.0984201431,80.2668075562,76523,76533,10
13.0984802246,80.2665710449,76533,76544,11
13.0985097885,80.2663574219,76544,76554,10
13.0985603333,80.2661972046,76554,76564,10
13.0986700058,80.2658462524,76564,76574,10
13.0987300873,80.2654571533,76574,76584,10
13.0987796783,80.2650909424,76584,76594,10
13.0988197327,80.2647705078,76594,76604,10
13.0988502502,80.2645111084,76604,76614,10
13.0989198685,80.2640380859,76614,76624,10
13.0989599228,80.2636566162,76624,76634,10
13.0990200043,80.2633209229,76634,76645,11
13.0990600586,80.2629623413,76645,76655,10
13.0991096497,80.2626266479,76655,76665,10
13.099149704,80.2623596191,76665,76675,10
13.099240303,80.2620620728,76675,76685,10
13.0993795395,80.261932373,76685,76695,10
13.0995597839,80.261756897,76695,76705,10
13.0995998383,80.2614822388,76705,76715,10
13.0996398926,80.2612075806,76715,76725,10
13.0996704102,80.2608566284,76725,76735,10
13.0997104645,80.2605209351,76735,76746,11
13.0997400284,80.2600479126,76746,76756,10
13.0997600555,80.2599487305,76756,76766,10
13.0997600555,80.2599029541,76766,76775,9
13.0995702744,80.2597808838,76775,76786,11
13.099360466,80.2597579956,76786,76796,10
13.0991802216,80.2597503662,76796,76806,10
13.0987796783,80.2599182129,76806,76816,10
13.0985002518,80.260017395,76816,76826,10
13.0981798172,80.2601394653,76826,76836,10
13.0978498459,80.2602615356,76836,76847,11
13.0974597931,80.2603988647,76847,76857,10
13.0971002579,80.2603683472,76857,76867,10
13.0972099304,80.2597885132,76867,76877,10
13.0972604752,80.2594604492,76877,76887,10
13.0972700119,80.2593002319,76887,76897,10
13.0972700119,80.2590103149,76897,76907,10
13.0972795486,80.2588500977,76907,76917,10
13.0972900391,80.2585601807,76917,76927,10
13.0973300934,80.2583236694,76927,76937,10
13.0973596573,80.2580871582,76937,76947,10
13.0973701477,80.2578735352,76947,76958,11
13.0973701477,80.2578582764,76958,76968,10
13.0973997116,80.2575378418,76968,76978,10
13.0974302292,80.2570266724,76978,76988,10
13.0974798203,80.2565612793,76988,76998,10
13.0974998474,80.2560272217,76998,77008,10
13.0975103378,80.2555465698,77008,77018,10
13.0975399017,80.2550811768,77018,77028,10
13.0975599289,80.2545776367,77028,77038,10
13.0975704193,80.2544784546,77038,77048,10
13.0975904465,80.2542114258,77048,77059,11
13.0976104736,80.2539825439,77059,77069,10
13.0976400375,80.2536087036,77069,77079,10
13.0976696014,80.2531814575,77079,77089,10
13.0977201462,80.2526016235,77089,77099,10
13.0977602005,80.251991272,77099,77119,20
13.0977602005,80.251991272,77119,77129,10
13.0978002548,80.2516708374,77129,77139,10
13.097820282,80.2514190674,77139,77149,10
13.0980100632,80.2511367798,77149,77160,11
13.0979995728,80.2508621216,77160,77170,10
13.0977897644,80.2503585815,77170,77180,10
13.0976600647,80.2498016357,77180,77190,10
13.0975103378,80.249168396,77190,77200,10
13.0973701477,80.2485427856,77200,77210,10
13.0972499847,80.2480163574,77210,77220,10
13.0972204208,80.2478790283,77220,77230,10
13.097120285,80.2474975586,77230,77240,10
13.0969400406,80.246887207,77240,77250,10
13.0967798233,80.2463226318,77250,77260,10
13.0967998505,80.2457885742,77260,77271,11
13.0967998505,80.2455596924,77271,77281,10
13.0968198776,80.2453613281,77281,77291,10
13.0968399048,80.2449188232,77291,77301,10
13.0971002579,80.2436676025,77301,77311,10
13.0971002579,80.2436676025,77311,77321,10
13.0971899033,80.2431182861,77321,77331,10
13.0972900391,80.2423019409,77331,77361,30
13.0972900391,80.2423019409,77361,77372,11
13.0973300934,80.2422714233,77372,77382,10
13.097410202,80.2419204712,77382,77392,10
13.0974998474,80.2414016724,77392,77402,10
13.0975599289,80.2407608032,77402,77412,10
13.0975999832,80.2401885986,77412,77422,10
13.0976400375,80.239692688,77422,77432,10
13.0976800919,80.2392578125,77432,77442,10
13.0977497101,80.2386169434,77442,77452,10
13.0977897644,80.2383575439,77452,77462,10
13.0978403091,80.2381362915,77462,77473,11
13.0979795456,80.2375183105,77473,77483,10
13.0980701447,80.236869812,77483,77493,10
13.0981702805,80.2362594604,77493,77503,10
13.0982398987,80.2357635498,77503,77513,10
13.0983104706,80.2352828979,77513,77523,10
13.0983800888,80.2349014282,77523,77533,10
13.0983800888,80.2348937988,77533,77543,10
13.0984201431,80.2345962524,77543,77553,10
13.0984697342,80.2340393066,77553,77563,10
13.0985202789,80.2336578369,77563,77574,11
13.0985803604,80.2331008911,77574,77584,10
13.098690033,80.2325897217,77584,77594,10
13.098859787,80.2319564819,77594,77604,10
13.0991296768,80.2313537598,77604,77620,16
13.0994796753,80.23046875,77620,77632,12
13.0996799469,80.2297134399,77632,77640,8
13.0996999741,80.2296600342,77640,77652,12
13.0997695923,80.2293395996,77652,77662,10
13.0998296738,80.2288970947,77662,77672,10
13.0999202728,80.2284622192,77672,77683,11
13.1000204086,80.2277984619,77683,77693,10
13.1000003815,80.2271270752,77693,77703,10
13.0999403,80.2263793945,77703,77712,9
13.0999097824,80.2259979248,77712,77723,11
13.0998401642,80.225402832,77723,77733,10
13.0998401642,80.2253036499,77733,77743,10
13.099729538,80.224861145,77743,77753,10
13.0996103287,80.2244110107,77753,77763,10
13.099360466,80.2238388062,77763,77773,10
13.0991802216,80.2236022949,77773,77784,11
13.0989303589,80.2232666016,77784,77794,10
13.098739624,80.2230072021,77794,77804,10
13.0986795425,80.2224578857,77804,77814,10
13.0987501144,80.2216033936,77814,77824,10
13.0988798141,80.2208633423,77824,77834,10
13.0990200043,80.2201385498,77834,77844,10
13.0991401672,80.2194519043,77844,77854,10
13.0991897583,80.2191162109,77854,77864,10
13.0992898941,80.2184066772,77864,77874,10
13.0994596481,80.2174606323,77874,77885,11
13.0997600555,80.2164535522,77885,77895,10
13.0999603271,80.2160186768,77895,77905,10
13.1001996994,80.2154388428,77905,77925,20
13.1001996994,80.2154388428,77925,77935,10
13.1002502441,80.2153320313,77935,77945,10
13.1003599167,80.2150726318,77945,77955,10
13.1005401611,80.2146682739,77955,77965,10
13.1006298065,80.2144775391,77965,77975,10
13.1007795334,80.2141189575,77975,77986,11
13.100979805,80.2136535645,77986,77995,9
13.1011400223,80.213218689,77995,78006,11
13.101360321,80.2126464844,78006,78016,10
13.1016101837,80.2120132446,78016,78026,10
13.1018104553,80.2114562988,78026,78036,10
13.1018800735,80.2112426758,78036,78046,10
13.1019496918,80.2110977173,78046,78056,10
13.1021203995,80.2105865479,78056,78066,10
13.1023101807,80.2100524902,78066,78076,10
13.1025695801,80.209312439,78076,78097,21
13.1025695801,80.209312439,78097,78107,10
13.1026096344,80.2091598511,78107,78117,10
13.102689743,80.2089080811,78117,78127,10
13.1027698517,80.2086410522,78127,78137,10
13.1028299332,80.2084579468,78137,78147,10
13.1029996872,80.2079696655,78147,78167,20
13.1029996872,80.2079696655,78167,78177,10
13.1030597687,80.2078170776,78177,78188,11
13.1031398773,80.2076187134,78188,78198,10
13.1031999588,80.2074813843,78198,78208,10
13.1032600403,80.2072906494,78208,78218,10
13.1034803391,80.2068328857,78218,78228,10
13.1037197113,80.2061691284,78228,78238,10
13.1037998199,80.2055206299,78238,78248,10
13.1038103104,80.2050628662,78248,78258,10
13.1038103104,80.204536438,78258,78268,10
13.1037902832,80.2040863037,78268,78278,10
13.1036500931,80.2034912109,78278,78289,11
13.1035299301,80.2031478882,78289,78299,10
13.1035499573,80.2028427124,78299,78309,10
13.1035404205,80.2024765015,78309,78319,10
13.1034698486,80.2018814087,78319,78329,10
13.10338974,80.2014694214,78329,78339,10
13.1033496857,80.201210022,78339,78349,10
13.1033201218,80.2007675171,78349,78359,10
13.1032600403,80.2001266479,78359,78369,10
13.1031703949,80.1994094849,78369,78379,10
13.1031398773,80.1991500854,78379,78389,10
13.1030597687,80.1986236572,78389,78400,11
13.1028699875,80.1977005005,78400,78410,10
13.1026096344,80.1968994141,78410,78420,10
13.1023397446,80.1961212158,78420,78430,10
13.1021203995,80.1955108643,78430,78440,10
13.1019697189,80.1950683594,78440,78450,10
13.1018800735,80.1948165894,78450,78460,10
13.1018199921,80.1947021484,78460,78470,10
13.1017103195,80.1945571899,78470,78480,10
13.1015300751,80.1943817139,78480,78490,10
13.1015701294,80.1940002441,78490,78501,11
13.1018199921,80.193321228,78501,78511,10
13.1016998291,80.192527771,78511,78521,10
13.101559639,80.1917190552,78521,78531,10
13.1014003754,80.1908187866,78531,78541,10
13.1012201309,80.1901016235,78541,78551,10
13.1008796692,80.1893768311,78551,78561,10
13.1005802155,80.1889266968,78561,78571,10
13.100399971,80.1886062622,78571,78581,10
13.1003503799,80.1885070801,78581,78598,17
13.1001195908,80.1879806519,78598,78610,12
13.0999202728,80.1873931885,78610,78620,10
13.0997896194,80.186920166,78620,78630,10
13.0996999741,80.1865005493,78630,78639,9
13.0996103287,80.1860122681,78639,78650,11
13.0995197296,80.185546875,78650,78660,10
13.0994195938,80.1852035522,78660,78670,10
13.0993099213,80.1847763062,78670,78680,10
13.0991601944,80.1843338013,78680,78690,10
13.0990200043,80.183807373,78690,78700,10
13.0987901688,80.1831436157,78700,78711,11
13.0986003876,80.1824569702,78711,78721,10
13.0984897614,80.1820602417,78721,78731,10
13.0984601974,80.1819534302,78731,78741,10
13.0984601974,80.1818771362,78741,78751,10
13.0983800888,80.1815032959,78751,78761,10
13.0982503891,80.1809997559,78761,78771,10
13.0980997086,80.1804428101,78771,78781,10
13.0979299545,80.1797637939,78781,78791,10
13.0978097916,80.1790924072,78791,78801,10
13.0978097916,80.1784820557,78801,78811,10
13.0978498459,80.1777572632,78811,78822,11
13.0979204178,80.1770019531,78822,78832,10
13.0980501175,80.1763534546,78832,78842,10
13.0981302261,80.1757583618,78842,78852,10
13.09815979,80.1752700806,78852,78862,10
13.0981998444,80.1750488281,78862,78872,10
13.0983400345,80.1744995117,78872,78882,10
13.0984697342,80.1740875244,78882,78892,10
13.0985498428,80.1738891602,78892,78902,10
13.0987100601,80.1734390259,78902,78912,10
13.0989599228,80.1728363037,78912,78923,11
13.0992603302,80.1719818115,78923,78933,10
13.0995197296,80.1711807251,78933,78943,10
13.0996999741,80.1704483032,78943,78953,10
13.0997200012,80.1699981689,78953,78963,10
13.0997200012,80.1699905396,78963,78973,10
13.0997800827,80.1697692871,78973,78983,10
13.0998697281,80.1692962646,78983,78993,10
13.0999603271,80.1686706543,78993,79003,10
13.1000299454,80.1682128906,79003,79013,10
13.100060463,80.1677322388,79013,79024,11
13.1000995636,80.1671295166,79024,79034,10
13.1003198624,80.1663665771,79034,79044,10
13.1005802155,80.1654968262,79044,79054,10
13.1009101868,80.1644592285,79054,79064,10
13.1012001038,80.1635818481,79064,79074,10
13.101360321,80.1628799438,79074,79090,16
13.1013803482,80.162109375,79090,79110,20
13.1013803482,80.162109375,79110,79123,13
13.1014099121,80.1615982056,79123,79133,10
13.1014299393,80.1608276367,79133,79143,10
13.1014204025,80.1599884033,79143,79153,10
13.1017398834,80.159362793,79153,79163,10
13.1022596359,80.1588821411,79163,79173,10
13.1028404236,80.1583023071,79173,79183,10
13.1033601761,80.1575164795,79183,79193,10
13.1035804749,80.1566619873,79193,79203,10
13.1037797928,80.1557693481,79203,79213,10
13.1040096283,80.1547470093,79213,79224,11
13.1042995453,80.1536712646,79224,79234,10
13.1047000885,80.1530075073,79234,79244,10
13.1054096222,80.1523666382,79244,79254,10
13.1063604355,80.1522598267,79254,79264,10
13.1069602966,80.1522293091,79264,79274,10
13.1070995331,80.1522216797,79274,79284,10
13.1072502136,80.1522216797,79284,79294,10
13.1076602936,80.1522064209,79294,79304,10
13.1081399918,80.1521987915,79304,79314,10
13.1086196899,80.1521911621,79314,79324,10
13.1091995239,80.1521987915,79324,79335,11
13.1099100113,80.1522598267,79335,79351,16
13.1108102798,80.1518096924,79351,79363,12
13.1114397049,80.1514511108,79363,79373,10
13.1115398407,80.1513214111,79373,79383,10
13.1117601395,80.1509933472,79383,79393,10
13.1120901108,80.1505966187,79393,79403,10
13.1126003265,80.1502990723,79403,79413,10
13.1130895615,80.1498413086,79413,79423,10
13.1132497787,80.1491699219,79423,79434,11
13.1135597229,80.1484985352,79434,79444,10
13.1142196655,80.1481704712,79444,79454,10
13.1149196625,80.1479415894,79454,79464,10
13.1157798767,80.1478424072,79464,79474,10
13.1165704727,80.1482391357,79474,79484,10
13.1171798706,80.1489334106,79484,79494,10
13.1177101135,80.1494598389,79494,79505,11
13.1183395386,80.1496276855,79505,79515,10
13.1189603806,80.1497573853,79515,79525,10
13.119509697,80.1498413086,79525,79536,11
13.1199903488,80.1496200562,79536,79546,10
13.1205396652,80.1490325928,79546,79556,10
13.1211996078,80.1486129761,79556,79566,10
13.121629715,80.1481704712,79566,79576,10
13.1218204498,80.147819519,79576,79586,10
13.1219501495,80.1476364136,79586,79596,10
13.1222400665,80.1471710205,79596,79606,10
13.1224002838,80.1471176147,79606,79616,10
13.122420311,80.1474761963,79616,79626,10
13.1225996017,80.1481781006,79626,79637,11
13.1228504181,80.1487503052,79637,79647,10
13.1232204437,80.1492996216,79647,79657,10
13.1235799789,80.1499176025,79657,79667,10
13.1237602234,80.1502380371,79667,79677,10
13.124130249,80.150932312,79677,79687,10
13.124540329,80.1517028809,79687,79697,10
13.124830246,80.1522369385,79697,79707,10
13.125459671,80.1528091431,79707,79717,10
13.1261701584,80.1531982422,79717,79727,10
13.1268796921,80.1536026001,79727,79738,11
13.1273803711,80.1538772583,79738,79748,10
13.127579689,80.1541290283,79748,79758,10
13.1280202866,80.1547775269,79758,79768,10
13.128569603,80.1555786133,79768,79778,10
13.1290502548,80.156288147,79778,79788,10
13.1295499802,80.1570129395,79788,79798,10
13.1300401688,80.1577224731,79798,79808,10
13.1303396225,80.1583404541,79808,79818,10
13.1305704117,80.1588592529,79818,79828,10
13.1307201385,80.1591873169,79828,79839,11
13.1307897568,80.159362793,79839,79849,10
13.1310396194,80.1600494385,79849,79859,10
13.1312398911,80.1606063843,79859,79869,10
13.1312799454,80.1607437134,79869,79879,10
13.1311597824,80.1607589722,79879,79889,10
13.1311397552,80.1605377197,79889,79899,10
13.131070137,80.1602401733,79899,79909,10
13.1309204102,80.1598129272,79909,79919,10
13.1307096481,80.1592712402,79919,79929,10
13.1305198669,80.1588134766,79929,79939,10
13.1303701401,80.1584701538,79939,79950,11
13.1301803589,80.1579971313,79950,79960,10
13.1299104691,80.1575622559,79960,79970,10
13.1294403076,80.1568908691,79970,79980,10
13.1290302277,80.1562805176,79980,79990,10
13.1285896301,80.1556396484,79990,80000,10
13.1281099319,80.1549301147,80000,80010,10
13.127579689,80.1541824341,80010,80020,10
13.1270303726,80.1537094116,80020,80030,10
13.1262598038,80.1532974243,80030,80040,10
13.1254701614,80.1528396606,80040,80051,11
13.1247797012,80.1522521973,80051,80061,10
13.124420166,80.1515731812,80061,80071,10
13.1240596771,80.1509170532,80071,80081,10
13.1237297058,80.1502914429,80081,80091,10
13.1233501434,80.1496124268,80091,80101,10
13.1229696274,80.1490097046,80101,80111,10
13.122300148,80.1485595703,80111,80121,10
13.1215000153,80.1485595703,80121,80131,10
13.1208200455,80.1488571167,80131,80141,10
13.1202697754,80.1493682861,80141,80152,11
13.1198196411,80.1498413086,80152,80162,10
13.1196203232,80.1500473022,80162,80172,10
13.1194696426,80.1499786377,80172,80182,10
13.1191797256,80.1499023438,80182,80192,10
13.1186599731,80.1498031616,80192,80202,10
13.1181297302,80.1496887207,80202,80212,10
13.1175298691,80.1494674683,80212,80222,10
13.1169395447,80.1488189697,80222,80232,10
13.1163196564,80.1481628418,80232,80242,10
13.1155395508,80.1479110718,80242,80253,11
13.1148395538,80.1480178833,80253,80263,10
13.1141796112,80.1482467651,80263,80273,10
13.113530159,80.1485824585,80273,80283,10
13.1132297516,80.149307251,80283,80293,10
13.1129999161,80.1500778198,80293,80303,10
13.1125402451,80.1504135132,80303,80313,10
13.1120700836,80.1507034302,80313,80323,10
13.111700058,80.1511611938,80323,80333,10
13.1111602783,80.1517486572,80333,80343,10
13.1104402542,80.1521072388,80343,80353,10
13.1100797653,80.1523895264,80353,80364,11
13.1095504761,80.1522903442,80364,80374,10
13.1089696884,80.1522369385,80374,80384,10
13.1083602905,80.1522598267,80384,80394,10
13.1076602936,80.1522979736,80394,80404,10
13.1068401337,80.1523284912,80404,80420,16
13.1060695648,80.1523895264,80420,80432,12
13.1058197021,80.1524200439,80432,80440,8
13.1054401398,80.1524810791,80440,80452,12
13.1047496796,80.1530227661,80452,80463,11
13.1042804718,80.153793335,80463,80473,10
13.1040401459,80.1546630859,80473,80483,10
13.1038198471,80.155632019,80483,80493,10
13.1035995483,80.1566162109,80493,80503,10
13.1033401489,80.1576919556,80503,80513,10
13.1028900146,80.1583786011,80513,80523,10
13.1024198532,80.1588134766,80523,80533,10
13.1019096375,80.1592788696,80533,80543,10
13.1014003754,80.1600570679,80543,80552,9
13.1013898849,80.160949707,80552,80564,12
13.1014499664,80.1619262695,80564,80574,10
13.1014699936,80.1621704102,80574,80584,10
13.1014299393,80.1624984741,80584,80594,10
13.1014003754,80.1626281738,80594,80604,10
13.1013097763,80.163192749,80604,80614,10
13.1010799408,80.1640396118,80614,80624,10
13.1007995605,80.1648635864,80624,80634,10
13.1005496979,80.1656265259,80634,80644,10
13.1002902985,80.1664733887,80644,80654,10
13.1000995636,80.1672210693,80654,80664,10
13.1000404358,80.1678924561,80664,80681,17
13.1000003815,80.1681365967,80681,80693,12
13.0999202728,80.168838501,80693,80703,10
13.0998296738,80.1694030762,80703,80713,10
13.0997695923,80.1698303223,80713,80723,10
13.0997495651,80.1702194214,80723,80733,10
13.0996704102,80.1707382202,80733,80752,19
13.0996704102,80.1707382202,80752,80762,10
13.0995798111,80.171081543,80762,80774,12
13.099439621,80.1715164185,80774,80784,10
13.0992202759,80.1721801758,80784,80794,10
13.0989303589,80.172996521,80794,80804,10
13.0987195969,80.1735305786,80804,80814,10
13.0984201431,80.1742401123,80814,80824,10
13.0981903076,80.1750183105,80824,80834,10
13.0980901718,80.1759033203,80834,80844,10
13.0980596542,80.176361084,80844,80854,10
13.097990036,80.1766204834,80854,80864,10
13.097869873,80.1773300171,80864,80875,11
13.0978002548,80.1783370972,80875,80885,10
13.0978002548,80.1787490845,80885,80895,10
13.0978498459,80.179397583,80895,80905,10
13.0979995728,80.1800613403,80905,80915,10
13.0981702805,80.1807098389,80915,80925,10
13.0982503891,80.1809997559,80925,80935,10
13.0983104706,80.1812133789,80935,80945,10
13.0984296799,80.1817779541,80945,80955,10
13.0986003876,80.1825027466,80955,80966,11
13.0988397598,80.183380127,80966,80977,11
13.0991601944,80.1843338013,80977,80987,10
13.0993204117,80.184928894,80987,80997,10
13.0993499756,80.1850128174,80997,81007,10
13.0994195938,80.1853790283,81007,81017,10
13.0995998383,80.1861114502,81017,81027,10
13.0997495651,80.1866378784,81027,81037,10
13.0998401642,80.1870803833,81037,81047,10
13.0999403,80.1874389648,81047,81057,10
13.1001701355,80.1881332397,81057,81067,10
13.1005401611,80.188873291,81067,81078,11
13.1009502411,80.1893386841,81078,81088,10
13.101269722,80.1898117065,81088,81098,10
13.1012802124,80.1898574829,81098,81108,10
13.1013202667,80.1901321411,81108,81118,10
13.1014604568,80.1908416748,81118,81134,16
13.1016998291,80.1922302246,81134,81146,12
13.1018199921,80.1931228638,81146,81154,8
13.1018800735,80.1934814453,81154,81167,13
13.1019802094,80.1938400269,81167,81176,9
13.1020803452,80.1940689087,81176,81187,11
13.1021203995,80.1943893433,81187,81197,10
13.1020402908,80.1946182251,81197,81207,10
13.1020097733,80.195098877,81207,81217,10
13.1022396088,80.1958084106,81217,81227,10
13.1025295258,80.1966781616,81227,81238,11
13.1028404236,80.1976013184,81238,81248,10
13.1030597687,80.1986312866,81248,81258,10
13.1031503677,80.1991577148,81258,81268,10
13.1032104492,80.199546814,81268,81278,10
13.1032896042,80.2002410889,81278,81289,11
13.1034002304,80.2011108398,81289,81299,10
13.1034803391,80.2018585205,81299,81309,10
13.1035995483,80.2027816772,81309,81319,10
13.1036300659,80.2029571533,81319,81329,10
13.1036396027,80.2031784058,81329,81339,10
13.1037197113,80.203742981,81339,81349,10
13.1037902832,80.2042999268,81349,81359,10
13.1038303375,80.205039978,81359,81369,10
13.1038303375,80.2057266235,81369,81379,10
13.1036500931,80.2065429688,81379,81390,11
13.1033401489,80.2071914673,81390,81400,10
13.1031703949,80.207572937,81400,81410,10
13.1030101776,80.2080001831,81410,81420,10
13.102809906,80.2086105347,81420,81430,10
13.102640152,80.209197998,81430,81440,10
13.1025800705,80.2093734741,81440,81450,10
13.1024398804,80.2098007202,81450,81460,10
13.1022100449,80.2104415894,81460,81470,10
13.1019496918,80.2112197876,81470,81480,10
13.1016397476,80.2120819092,81480,81491,11
13.1013002396,80.2129669189,81491,81501,10
13.1009597778,80.2138137817,81501,81511,10
13.1007404327,80.2144088745,81511,81521,10
13.1005401611,80.21484375,81521,81531,10
13.1002502441,80.2154922485,81531,81541,10
13.0998697281,80.2163619995,81541,81551,10
13.0995702744,80.2172164917,81551,81561,10
13.0993995667,80.2180786133,81561,81571,10
13.0992803574,80.2188415527,81571,81581,10
13.0992097855,80.2192764282,81581,81592,11
13.0991096497,80.2198486328,81592,81602,10
13.0989704132,80.2206115723,81602,81612,10
13.0988101959,80.2214736938,81612,81622,10
13.0987195969,80.2223815918,81622,81632,10
13.0989999771,80.2233200073,81632,81642,10
13.0995798111,80.2241592407,81642,81652,10
13.0997896194,80.224899292,81652,81662,10
13.0998601913,80.2252578735,81662,81672,10
13.0999603271,80.2259368896,81672,81682,10
13.1000204086,80.2265319824,81682,81692,10
13.1000299454,80.2268600464,81692,81703,11
13.1000499725,80.2276611328,81703,81713,10
13.1000003815,80.2281417847,81713,81723,10
13.0999097824,80.2286529541,81723,81733,10
13.0998401642,80.2291412354,81733,81743,10
13.099729538,80.2297210693,81743,81753,10
13.0995798111,80.2303237915,81753,81763,10
13.099439621,80.2307510376,81763,81773,10
13.0992698669,80.2311172485,81773,81783,10
13.0990200043,80.2316818237,81783,81793,10
13.0987796783,80.232421875,81793,81804,11
13.0986099243,80.2332763672,81804,81814,10
13.0985298157,80.2339096069,81814,81824,10
13.0984601974,80.2345275879,81824,81834,10
13.0983800888,80.2351989746,81834,81844,10
13.0983104706,80.2359085083,81844,81854,10
13.0981998444,80.236541748,81854,81864,10
13.0980195999,80.2374801636,81864,81874,10
13.0978803635,80.2381362915,81874,81884,10
13.0977802277,80.2389297485,81884,81894,10
13.0977201462,80.2395706177,81894,81905,11
13.0976495743,80.2404022217,81905,81915,10
13.0975799561,80.2411270142,81915,81925,10
13.0975103378,80.2416000366,81925,81935,10
13.0974502563,80.2419281006,81935,81955,20
13.0974502563,80.2419281006,81955,81965,10
13.0975799561,80.2421722412,81965,81975,10
13.0980901718,80.2422790527,81975,81985,10
13.0984802246,80.2422714233,81985,81995,10
13.0986099243,80.2421875,81995,83177,1182
13.0986099243,80.2421875,83177,83187,10
13.0987100601,80.2422027588,83187,83197,10
13.0987796783,80.241859436,83197,83207,10
13.0988702774,80.2414627075,83207,83217,10
13.0989103317,80.2412414551,83217,83227,10
13.0989198685,80.2410964966,83227,83238,11
13.0989904404,80.2408676147,83238,83248,10
13.0990104675,80.2406921387,83248,83258,10
13.0989904404,80.2406616211,83258,83268,10
