12.9982404709,80.2568206787,17,48,31
12.9983701706,80.2569122314,48,18837,18789
12.9983701706,80.2569122314,18837,18847,10
12.9961099625,80.2557983398,18847,18857,10
12.9960603714,80.2559204102,18857,18867,10
12.9960603714,80.2559585571,18867,18877,10
12.9960803986,80.2559280396,18877,18887,10
12.9960603714,80.2559509277,18887,18901,14
12.9960603714,80.2559509277,18901,18920,19
12.996049881,80.2559509277,18920,18930,10
12.9960803986,80.2559204102,18930,18940,10
12.9960803986,80.2559280396,18940,18950,10
12.9960603714,80.2559509277,18950,18960,10
12.9960098267,80.2559509277,18960,18970,10
12.9959802628,80.2559814453,18970,18980,10
12.9959897995,80.2559814453,18980,18990,10
12.9960002899,80.2559661865,18990,19013,23
12.9959697723,80.2559585571,19013,19025,12
12.9959802628,80.2559967041,19025,19036,11
12.9960002899,80.2559890747,19036,19046,10
12.9960098267,80.2559814453,19046,19056,10
12.9959802628,80.2559890747,19056,19066,10
12.9959802628,80.2559890747,19066,19076,10
12.9959697723,80.2559814453,19076,19086,10
12.9959697723,80.2560119629,19086,19096,10
12.9960002899,80.2560424805,19096,19106,10
12.9960098267,80.2560501099,19106,19116,10
12.9960403442,80.2560501099,19116,19123,7
12.9960403442,80.256072998,19123,19141,18
12.9961204529,80.256187439,19141,19152,11
12.9961204529,80.2562026978,19152,19162,10
12.9961099625,80.2562026978,19162,19172,10
12.9959096909,80.2559967041,19172,19182,10
12.9958095551,80.2559509277,19182,19192,10
12.9958200455,80.2559509277,19192,19202,10
12.995880127,80.2559661865,19202,19212,10
12.995880127,80.2559814453,19212,19235,23
12.9959001541,80.2559585571,19235,19247,12
12.9958295822,80.2559967041,19247,19257,10
12.9958400726,80.2559890747,19257,19309,52
12.9960002899,80.2559127808,19309,19376,67
12.995880127,80.2559814453,19376,19597,221
12.9959402084,80.255859375,19597,19683,86
12.9958496094,80.2559280396,19683,19907,224
12.9958496094,80.2559280396,19907,19917,10
12.9958200455,80.2558898926,19917,20174,257
12.9958496094,80.2559814453,20174,20831,657
12.9958496094,80.2559814453,20831,21108,277
12.9925203323,80.2561035156,21108,21120,12
12.9916200638,80.256111145,21120,21132,12
12.9907598495,80.2559814453,21132,21142,10
12.9903402328,80.2559967041,21142,21153,11
12.9895000458,80.2559814453,21153,21163,10
12.9884796143,80.2558898926,21163,21173,10
12.9877996445,80.2557907104,21173,21183,10
12.9874696732,80.2557678223,21183,21193,10
12.9870100021,80.2557067871,21193,21203,10
12.9865102768,80.2556304932,21203,21213,10
12.986120224,80.2555465698,21213,21223,10
12.9855699539,80.2554092407,21223,21233,10
12.9848403931,80.255279541,21233,21243,10
12.9841098785,80.2550811768,21243,21255,12
12.9832296371,80.2549209595,21255,21265,10
12.9826097488,80.2547073364,21265,21275,10
12.9820804596,80.2540893555,21275,21285,10
12.9817695618,80.2531967163,21285,21295,10
12.9812803268,80.2527770996,21295,21305,10
12.9803800583,80.2527770996,21305,21315,10
12.9796495438,80.252746582,21315,21325,10
12.9787797928,80.2526168823,21325,21335,10
12.9786195755,80.2525863647,21335,21345,10
12.9781599045,80.2522964478,21345,21355,10
12.9774398804,80.2516403198,21355,21366,11
12.976099968,80.2510986328,21366,21376,10
12.9747600555,80.2507019043,21376,21386,10
12.9734802246,80.2503585815,21386,21396,10
12.9725704193,80.2501525879,21396,21405,9
12.9724302292,80.2501525879,21405,21416,11
12.9717197418,80.2499694824,21416,21426,10
12.9707803726,80.2497024536,21426,21436,10
12.9696998596,80.2492523193,21436,21446,10
12.9684400558,80.2487716675,21446,21456,10
12.9673099518,80.2483215332,21456,21467,11
12.9664201736,80.2479019165,21467,21476,9
12.9656496048,80.2475891113,21476,21487,11
12.9647197723,80.2472610474,21487,21497,10
12.9637403488,80.2468795776,21497,21507,10
12.9631299973,80.24659729,21507,21517,10
12.9624500275,80.2462387085,21517,21527,10
12.9614601135,80.2457504272,21527,21537,10
12.9603004456,80.2451782227,21537,21547,10
12.9591703415,80.244682312,21547,21557,10
12.9581003189,80.2442321777,21557,21567,10
12.9574203491,80.2440109253,21567,21577,10
12.9565896988,80.2437515259,21577,21588,11
12.9562301636,80.2436904907,21588,21598,10
12.9555997849,80.2434768677,21598,21618,20
12.9538698196,80.2425613403,21618,21630,12
12.9527301788,80.2420730591,21630,21638,8
12.9520196915,80.2417678833,21638,21649,11
12.9516897202,80.2416687012,21649,21660,11
12.9512701035,80.2415771484,21660,21670,10
12.950460434,80.2413635254,21670,21680,10
12.9494199753,80.241027832,21680,21690,10
12.9486598969,80.2406768799,21690,21701,11
12.9477901459,80.2403182983,21701,21711,10
12.9471998215,80.2400436401,21711,21721,10
12.9471197128,80.240020752,21721,21731,10
12.9465904236,80.2398300171,21731,21741,10
12.9457998276,80.2395401001,21741,21751,10
12.9451999664,80.2391662598,21751,21761,10
12.9447002411,80.2386627197,21761,21770,9
12.9439897537,80.2379989624,21770,21781,11
12.9433403015,80.2372589111,21781,21791,10
12.9427604675,80.2367401123,21791,21801,10
12.9419698715,80.2363815308,21801,21812,11
12.940779686,80.2360916138,21812,21822,10
12.9398002625,80.235786438,21822,21832,10
12.9396896362,80.2357788086,21832,21840,8
12.9393997192,80.235710144,21840,21852,12
12.9385204315,80.2352218628,21852,21862,10
12.9375896454,80.2347717285,21862,21872,10
12.9365901947,80.2342834473,21872,21882,10
12.9358596802,80.2339096069,21882,21892,10
12.9351396561,80.2335586548,21892,21902,10
12.9342298508,80.2331390381,21902,21913,11
12.9337596893,80.2329483032,21913,21923,10
12.9334602356,80.2328491211,21923,21933,10
12.9327497482,80.2325134277,21933,21943,10
12.9317398071,80.2321777344,21943,21953,10
12.9307203293,80.2318496704,21953,21963,10
12.9298000336,80.2315979004,21963,21973,10
12.9287996292,80.2313766479,21973,21982,9
12.9278001785,80.2312088013,21982,21993,11
12.9266796112,80.2310562134,21993,22003,10
12.9261598587,80.2309799194,22003,22014,11
12.9260797501,80.2309875488,22014,22024,10
12.9256601334,80.2309570313,22024,22034,10
12.9248600006,80.2308807373,22034,22044,10
12.9239196777,80.2307434082,22044,22054,10
12.922659874,80.2305526733,22054,22064,10
12.9216003418,80.2303771973,22064,22074,10
12.9207201004,80.2302703857,22074,22084,10
12.9198799133,80.2302017212,22084,22094,10
12.9194402695,80.2301330566,22094,22104,10
12.9190301895,80.2300567627,22104,22114,10
12.9181995392,80.229927063,22114,22125,11
12.9170503616,80.2297897339,22125,22135,10
12.9158697128,80.2296218872,22135,22145,10
12.9145498276,80.2294387817,22145,22155,10
12.9134702682,80.2293319702,22155,22165,10
12.9133300781,80.2293167114,22165,22173,8
12.9132204056,80.2293167114,22173,22184,11
12.9125900269,80.2291717529,22184,22195,11
12.9114398956,80.2289886475,22195,22205,10
12.9102602005,80.2288208008,22205,22215,10
12.9089403152,80.2286300659,22215,22226,11
12.9074897766,80.2283782959,22226,22236,10
12.9064397812,80.2283401489,22236,22245,9
12.9062795639,80.2283401489,22245,22257,12
12.9059400558,80.2282867432,22257,22267,10
12.9051198959,80.2282409668,22267,22277,10
12.9040899277,80.2281723022,22277,22287,10
12.9028902054,80.2281036377,22287,22297,10
12.9019203186,80.2280578613,22297,22307,10
12.9012804031,80.228012085,22307,22338,31
12.9012804031,80.228012085,22338,22348,10
12.9009599686,80.2279891968,22348,22358,10
12.9005498886,80.2279586792,22358,22368,10
12.9001398087,80.2279510498,22368,22378,10
12.899720192,80.2279281616,22378,22388,10
12.8996801376,80.2279434204,22388,22398,10
12.8995399475,80.2279129028,22398,22406,8
12.8990497589,80.2278900146,22406,22418,12
12.8977899551,80.2277984619,22418,22429,11
12.8964004517,80.2277297974,22429,22440,11
12.8948898315,80.2276611328,22440,22450,10
12.893529892,80.2275772095,22450,22460,10
12.8932800293,80.2275390625,22460,22470,10
12.8929195404,80.2275085449,22470,22480,10
12.8921604156,80.2274169922,22480,22490,10
12.8910398483,80.2273864746,22490,22500,10
12.8895797729,80.2274017334,22500,22510,10
12.8881998062,80.2273406982,22510,22520,10
12.8867797852,80.2271499634,22520,22530,10
12.8855495453,80.226852417,22530,22541,11
12.8845901489,80.2267227173,22541,22551,10
12.8838500977,80.2267074585,22551,22561,10
12.8830099106,80.2267074585,22561,22571,10
12.8819503784,80.2267227173,22571,22581,10
12.8810195923,80.2267608643,22581,22591,10
12.879650116,80.2267608643,22591,22600,9
12.878660202,80.2267837524,22600,22611,11
12.8774499893,80.2268829346,22611,22621,10
12.8771295547,80.2269134521,22621,22631,10
12.8768701553,80.2269287109,22631,22641,10
12.8764801025,80.2269287109,22641,22652,11
12.876449585,80.2265701294,22652,22662,10
12.876449585,80.2264175415,22662,22672,10
12.8765096664,80.225769043,22672,22682,10
12.8766098022,80.2248001099,22682,22692,10
12.8767404556,80.2238235474,22692,22712,20
12.8771400452,80.22215271,22712,22724,12
12.8774499893,80.2207565308,22724,22734,10
12.8776903152,80.2197265625,22734,22744,10
12.877989769,80.2182617188,22744,22754,10
12.8782997131,80.2168426514,22754,22765,11
12.8786497116,80.2152633667,22765,22775,10
12.8789396286,80.2137908936,22775,22785,10
12.8792200089,80.212310791,22785,22795,10
12.8794498444,80.2111663818,22795,22805,10
12.8790597916,80.2109069824,22805,22815,10
12.8789300919,80.2109375,22815,22825,10
12.8784799576,80.2108688354,22825,22835,10
12.8777999878,80.2107467651,22835,22844,9
12.8769197464,80.2105789185,22844,22855,11
12.8760204315,80.2104415894,22855,22865,10
12.8745098114,80.2101135254,22865,22886,21
12.8745098114,80.2101135254,22886,22896,10
12.8743801117,80.2098999023,22896,22906,10
12.8746099472,80.2095489502,22906,22915,9
12.8748102188,80.2097625732,22915,22925,10
12.874710083,80.2101211548,22925,22987,62
12.874710083,80.2101211548,22987,22997,10
12.8750801086,80.2101898193,22997,23007,10
12.8756999969,80.210319519,23007,23017,10
12.8764801025,80.2104415894,23017,23027,10
12.8772802353,80.210609436,23027,23037,10
12.8780403137,80.2107696533,23037,23047,10
12.8787298203,80.2108764648,23047,23057,10
12.8791799545,80.2109603882,23057,23067,10
12.8792896271,80.2109832764,23067,23078,11
12.8793096542,80.2109985352,23078,23088,10
12.8795204163,80.2112197876,23088,23098,10
12.8794002533,80.2117767334,23098,23108,10
12.879240036,80.2125778198,23108,23118,10
12.879070282,80.213432312,23118,23128,10
12.8788604736,80.2145462036,23128,23138,10
12.8786697388,80.215461731,23138,23148,10
12.8784999847,80.2162704468,23148,23157,9
12.8783597946,80.2171096802,23157,23168,11
12.8781795502,80.2180023193,23168,23178,10
12.8780097961,80.2187576294,23178,23189,11
12.8777599335,80.2198181152,23189,23199,10
12.8774995804,80.2209472656,23199,23209,10
12.8772201538,80.2221908569,23209,23219,10
12.876950264,80.2232894897,23219,23229,10
12.8767204285,80.2243804932,23229,23238,9
12.876660347,80.2249984741,23238,23249,11
12.8765602112,80.225982666,23249,23259,10
12.8764696121,80.2268600464,23259,23279,20
12.8764696121,80.2268600464,23279,23290,11
12.8768997192,80.2268676758,23290,23300,10
12.8776597977,80.2267913818,23300,23310,10
12.8787002563,80.2267074585,23310,23320,10
12.8798103333,80.2266693115,23320,23330,10
12.8805103302,80.2266311646,23330,23340,10
12.8813199997,80.2266616821,23340,23350,10
12.882399559,80.2266464233,23350,23360,10
12.8835201263,80.2266387939,23360,23370,10
12.8848800659,80.2266082764,23370,23380,10
12.8852901459,80.2266464233,23380,23390,10
12.8852996826,80.2266464233,23390,23401,11
12.8857803345,80.2267684937,23401,23410,9
12.8865003586,80.2269668579,23410,23421,11
12.8876695633,80.227180481,23421,23430,9
12.8884296417,80.2272415161,23430,23441,11
12.8885803223,80.2272186279,23441,23451,10
12.8890600204,80.2272415161,23451,23461,10
12.8898096085,80.2272491455,23461,23471,10
12.890999794,80.2272796631,23471,23481,10
12.8921604156,80.2272796631,23481,23491,10
12.8930196762,80.2273483276,23491,23502,11
12.8944101334,80.2274703979,23502,23522,20
12.8944101334,80.2274703979,23522,23531,9
12.8947296143,80.2275009155,23531,23542,11
12.8955898285,80.2275390625,23542,23552,10
12.8964195251,80.2275924683,23552,23562,10
12.8976802826,80.2276382446,23562,23572,10
12.8988103867,80.2277069092,23572,23582,10
12.8999500275,80.2277984619,23582,23592,10
12.9008398056,80.2278594971,23592,23602,10
12.9015197754,80.2278823853,23602,23613,11
12.9023799896,80.2278823853,23613,23621,8
12.902680397,80.2279205322,23621,23633,12
12.9027004242,80.2279205322,23633,23643,10
12.9029302597,80.2279510498,23643,23653,10
12.9035196304,80.2280426025,23653,23663,10
12.9045801163,80.2280578613,23663,23673,10
12.9056301117,80.2281036377,23673,23683,10
12.9065103531,80.228187561,23683,23693,10
12.9067802429,80.2281570435,23693,23703,10
12.9070796967,80.2282104492,23703,23714,11
12.9071102142,80.2282333374,23714,23724,10
12.9075603485,80.2283096313,23724,23734,10
12.9083795547,80.2284393311,23734,23744,10
12.9094600677,80.2286224365,23744,23754,10
12.910779953,80.2288284302,23754,23764,10
12.9120397568,80.2289962769,23764,23774,10
12.9132699966,80.2291564941,23774,23784,10
12.9139299393,80.2292404175,23784,23794,10
12.9139795303,80.2292327881,23794,23804,10
12.9143400192,80.2292785645,23804,23814,10
12.9150695801,80.2294006348,23814,23825,11
12.9162197113,80.2295532227,23825,23835,10
12.9173898697,80.2297134399,23835,23845,10
12.9186000824,80.2298736572,23845,23855,10
12.9193601608,80.2299575806,23855,23865,10
12.9194097519,80.2299728394,23865,23873,8
12.9198198318,80.2300186157,23873,23884,11
12.9208402634,80.230178833,23884,23897,13
12.9223299026,80.2303771973,23897,23907,10
12.9236497879,80.2305679321,23907,23917,10
12.925069809,80.2307662964,23917,23928,11
12.9263601303,80.2309036255,23928,23938,10
12.9265499115,80.2309112549,23938,23948,10
12.9270401001,80.2309799194,23948,23958,10
12.9279003143,80.2311019897,23958,23968,10
12.9289999008,80.231262207,23968,23991,23
12.9319601059,80.2321014404,23991,24003,12
12.9334402084,80.2325973511,24003,24013,10
12.9337100983,80.232749939,24013,24022,9
12.9338598251,80.2328414917,24022,24032,10
12.9344797134,80.2331390381,24032,24043,11
12.9354801178,80.2335662842,24043,24055,12
12.9367599487,80.2341766357,24055,24065,10
12.9379901886,80.2347564697,24065,24075,10
12.9392404556,80.2353668213,24075,24084,9
12.9398202896,80.2356491089,24084,24096,12
12.9398298264,80.2356414795,24096,24106,10
12.9400997162,80.2357406616,24106,24116,10
12.9406404495,80.2359085083,24116,24126,10
12.9415197372,80.2361297607,24126,24136,10
12.9426002502,80.2364807129,24136,24146,10
12.9435796738,80.2371520996,24146,24156,10
12.9437599182,80.2373809814,24156,24167,11
12.9441404343,80.2378463745,24167,24177,10
12.9447202682,80.2385025024,24177,24187,10
12.9455299377,80.2392272949,24187,24197,10
12.9467000961,80.2397079468,24197,24207,10
12.9471998215,80.2399215698,24207,24217,10
12.9474802017,80.2400436401,24217,24226,9
12.9479999542,80.2402572632,24226,24237,11
12.948849678,80.2406234741,24237,24247,10
12.949669838,80.2409286499,24247,24258,11
12.9508399963,80.2412490845,24258,24268,10
12.9512300491,80.2413482666,24268,24278,10
12.9512195587,80.2413482666,24278,24288,10
12.9516401291,80.2415008545,24288,24297,9
12.9523200989,80.2417678833,24297,24307,10
12.9530801773,80.2420501709,24307,24318,11
12.954199791,80.2425079346,24318,24328,10
12.9549598694,80.2428207397,24328,24338,10
12.9557695389,80.2431106567,24338,24348,10
12.9563503265,80.2433166504,24348,24358,10
12.9565200806,80.2434005737,24358,24369,11
12.9572095871,80.2437210083,24369,24379,10
12.9581298828,80.2441177368,24379,24389,10
12.9589796066,80.2444229126,24389,24399,10
12.9590301514,80.2444534302,24399,24409,10
12.9592695236,80.2445831299,24409,24419,10
12.9596796036,80.2448120117,24419,24429,10
12.9604501724,80.2451629639,24429,24439,10
12.9615898132,80.2456970215,24439,24449,10
12.9627799988,80.2462615967,24449,24459,10
12.9637899399,80.2467727661,24459,24469,10
12.9648799896,80.2471618652,24469,24480,11
12.9661397934,80.2475814819,24480,24490,10
12.9666099548,80.2477798462,24490,24500,10
12.9666204453,80.2477874756,24500,24510,10
12.966919899,80.2479705811,24510,24520,10
12.9675102234,80.2482681274,24520,24530,10
12.9686203003,80.2487182617,24530,24540,10
12.9698801041,80.2492218018,24540,24548,8
12.9707803726,80.2495574951,24548,24560,12
12.9725198746,80.250038147,24560,24570,10
12.9738798141,80.2503890991,24570,24580,10
12.9751901627,80.2507629395,24580,24591,11
12.9767103195,80.2511978149,24591,24600,9
12.9778795242,80.2518310547,24600,24611,11
12.9789896011,80.252571106,24611,24621,10
12.9798603058,80.2525634766,24621,24631,10
12.9799900055,80.2522964478,24631,24641,10
12.9800395966,80.2519378662,24641,24651,10
12.9802904129,80.2512207031,24651,24661,10
12.9805603027,80.2503128052,24661,24671,10
12.9807195663,80.2493591309,24671,24681,10
12.980799675,80.2481231689,24681,24692,11
12.9808998108,80.2466430664,24692,24702,10
12.9810800552,80.2451705933,24702,24712,10
12.9811601639,80.2439804077,24712,24722,10
12.9813203812,80.2435531616,24722,24732,10
12.9813604355,80.2431335449,24732,24741,9
12.9813804626,80.2428817749,24741,24753,12
12.9814100266,80.242401123,24753,24763,10
12.9813804626,80.2418289185,24763,24773,10
12.9813804626,80.2414398193,24773,24783,10
12.9813804626,80.2406463623,24783,24793,10
12.9813499451,80.2397079468,24793,24804,11
12.9813299179,80.2386932373,24804,24814,10
12.9813098907,80.2378997803,24814,24824,10
12.9812898636,80.2371292114,24824,24834,10
12.9812698364,80.236289978,24834,24844,10
12.9812402725,80.2353286743,24844,24854,10
12.9812202454,80.2344436646,24854,24864,10
12.9814596176,80.2337188721,24864,24874,10
12.9815597534,80.2335510254,24874,24893,19
12.9818496704,80.2329711914,24893,24905,12
12.9819898605,80.2321166992,24905,24916,11
12.9819602966,80.2314605713,24916,24925,9
12.9818096161,80.2308578491,24925,24935,10
12.9814300537,80.2302017212,24935,24947,12
12.9808502197,80.2294235229,24947,24957,10
12.9806404114,80.2290725708,24957,24966,9
12.9806404114,80.2290267944,24966,24978,12
12.980340004,80.2284622192,24978,24988,10
12.9800596237,80.227897644,24988,24998,10
12.9795598984,80.2270584106,24998,25008,10
12.9789400101,80.2259979248,25008,25018,10
12.9783401489,80.2250137329,25018,25029,11
12.9779500961,80.2244491577,25029,25039,10
12.9776096344,80.2239608765,25039,25049,10
12.9773101807,80.2235031128,25049,25059,10
12.977060318,80.2231216431,25059,25068,9
12.9769496918,80.2229003906,25068,25078,10
12.9772500992,80.2227478027,25078,25089,11
12.9773101807,80.2227401733,25089,25099,10
12.9775800705,80.2227020264,25099,25109,10
12.9775600433,80.2222366333,25109,25119,10
12.9775295258,80.2214813232,25119,25130,11
12.9777498245,80.2212905884,25130,25140,10
12.97838974,80.2212219238,25140,25150,10
12.9792003632,80.2210998535,25150,25159,9
12.9799604416,80.2210922241,25159,25170,11
12.9806995392,80.2210617065,25170,25180,10
12.9812002182,80.2211608887,25180,25190,10
12.9817895889,80.2214889526,25190,25199,9
12.9821996689,80.2217636108,25199,25210,11
12.9828596115,80.2219161987,25210,25220,10
12.9832000732,80.2221069336,25220,25230,10
12.983300209,80.2222290039,25230,25241,11
12.9838104248,80.2225570679,25241,25251,10
12.9846401215,80.2230377197,25251,25261,10
12.9854898453,80.2232971191,25261,25270,9
12.9858598709,80.2230224609,25270,25281,11
12.986579895,80.2229690552,25281,25291,10
12.9867696762,80.2229690552,25291,25301,10
12.9873800278,80.2230529785,25301,25311,10
12.9882202148,80.2227401733,25311,25320,9
12.9888000488,80.2222290039,25320,25331,11
12.9893703461,80.221572876,25331,25341,10
12.9897003174,80.2208480835,25341,25352,11
12.990480423,80.2202606201,25352,25362,10
12.9906797409,80.2201690674,25362,25372,10
12.9911203384,80.2198181152,25372,25382,10
12.9915103912,80.2195663452,25382,25392,10
12.9920797348,80.2191390991,25392,25402,10
12.9928598404,80.2185516357,25402,25412,10
12.9938402176,80.2179031372,25412,25421,9
12.99477005,80.2172317505,25421,25432,11
12.9958200455,80.2166366577,25432,25442,10
12.9969997406,80.2164611816,25442,25453,11
12.997469902,80.216178894,25453,25463,10
12.9975700378,80.2161026001,25463,25472,9
12.9976797104,80.216003418,25472,25483,11
12.998169899,80.2155227661,25483,25493,10
12.998840332,80.2149200439,25493,25503,10
12.9992599487,80.2145996094,25503,25513,10
12.9997701645,80.2141265869,25513,25523,10
13.0003795624,80.2136383057,25523,25527,4
13.0006904602,80.2133483887,25527,25528,1
13.0006904602,80.2133483887,25528,25602,74
13.0036401749,80.2107696533,25602,25612,10
13.0035495758,80.2098922729,25612,25622,10
13.0036201477,80.2091903687,25622,25632,10
13.0038795471,80.2086410522,25632,25642,10
13.0046396255,80.2089385986,25642,25652,10
13.0056295395,80.2093811035,25652,25662,10
13.0061998367,80.2095794678,25662,25674,12
13.0069999695,80.209777832,25674,25694,20
13.0069999695,80.209777832,25694,25704,10
13.0072002411,80.2098236084,25704,25714,10
13.0076904297,80.2099075317,25714,25724,10
13.0080604553,80.2099685669,25724,25734,10
13.0081996918,80.2096633911,25734,25744,10
13.0080900192,80.2088165283,25744,25754,10
13.0078601837,80.2075195313,25754,25764,10
13.0076398849,80.2061233521,25764,25774,10
13.0075502396,80.2048568726,25774,25784,10
13.0074396133,80.2036132813,25784,25795,11
13.0071697235,80.20262146,25795,25805,10
13.0065402985,80.2029266357,25805,25815,10
13.0070104599,80.2035064697,25815,25824,9
13.0077800751,80.2037582397,25824,25835,11
13.0091400146,80.2036972046,25835,25845,10
13.0105895996,80.20362854,25845,25855,10
13.012169838,80.2037582397,25855,25865,10
13.0133800507,80.2040634155,25865,25875,10
13.0137300491,80.2042999268,25875,25885,10
13.0137395859,80.2044067383,25885,25895,10
13.0135297775,80.2049179077,25895,25906,11
13.0132398605,80.2058792114,25906,25916,10
13.0130701065,80.2071304321,25916,25926,10
13.0129003525,80.207862854,25926,25936,10
13.0129699707,80.2083816528,25936,25946,10
13.0128898621,80.2085800171,25946,25956,10
13.012960434,80.2089996338,25956,25966,10
13.0132398605,80.2096481323,25966,25976,10
13.0132703781,80.2099609375,25976,25986,10
13.0130195618,80.2108078003,25986,25996,10
13.012430191,80.2120132446,25996,26006,10
13.0118598938,80.2129211426,26006,26017,11
13.0116596222,80.212852478,26017,26027,10
13.0110797882,80.2123184204,26027,26037,10
13.0104598999,80.2118377686,26037,26047,10
13.0101299286,80.2115020752,26047,26057,10
13.0099096298,80.2113494873,26057,26067,10
13.0097398758,80.2112731934,26067,26178,111
13.0095300674,80.2111282349,26178,26259,81
13.0095300674,80.2111282349,26259,26269,10
13.0094804764,80.2111968994,26269,26309,40
13.0094804764,80.2111968994,26309,26319,10
13.009349823,80.2111206055,26319,26329,10
13.0092401505,80.2113113403,26329,26339,10
13.009059906,80.2114562988,26339,26349,10
13.0090198517,80.2117233276,26349,26360,11
13.0091896057,80.2123413086,26360,26370,10
13.0094404221,80.2130584717,26370,26380,10
13.0097904205,80.2138519287,26380,26390,10
13.0101299286,80.2146835327,26390,26400,10
13.0102596283,80.2156677246,26400,26410,10
13.0107002258,80.2166900635,26410,26420,10
13.0112695694,80.2178497314,26420,26430,10
13.011759758,80.2191925049,26430,26440,10
13.012140274,80.2203979492,26440,26450,10
13.0124197006,80.2211990356,26450,26460,10
13.0124998093,80.2216186523,26460,26471,11
13.0128202438,80.2223205566,26471,26481,10
13.0133104324,80.222869873,26481,26491,10
13.0137996674,80.2233581543,26491,26507,16
13.0145702362,80.2241287231,26507,26519,12
13.015080452,80.2247009277,26519,26529,10
13.0154304504,80.2251586914,26529,26538,9
13.0154600143,80.2256393433,26538,26550,12
13.0146903992,80.226020813,26550,26560,10
13.0138101578,80.2264175415,26560,26570,10
13.0127401352,80.2268600464,26570,26581,11
13.0114803314,80.2273635864,26581,26591,10
13.0103998184,80.2277984619,26591,26601,10
13.0095396042,80.227897644,26601,26611,10
13.0095596313,80.2272796631,26611,26621,10
13.009929657,80.2264785767,26621,26631,10
13.0104198456,80.2254180908,26631,26641,10
13.0108699799,80.2244033813,26641,26651,10
13.0111598969,80.2235794067,26651,26661,10
13.011300087,80.22315979,26661,26671,10
13.0105400085,80.2228317261,26671,26681,10
13.010219574,80.22265625,26681,26692,11
13.0102100372,80.2226333618,26692,26702,10
13.0099201202,80.2224807739,26702,26712,10
13.0092601776,80.2222366333,26712,26722,10
13.0084495544,80.2217636108,26722,26732,10
13.007349968,80.2211380005,26732,26742,10
13.006360054,80.2206573486,26742,26752,10
13.0053396225,80.2204208374,26752,26762,10
13.0046195984,80.2202606201,26762,26772,10
13.0043802261,80.2201766968,26772,26782,10
13.0036697388,80.2200393677,26782,26792,10
13.0027198792,80.2197113037,26792,26802,10
13.0019102097,80.2189483643,26802,26813,11
13.0011701584,80.2182998657,26813,26823,10
13.0003299713,80.2179336548,26823,26832,9
12.9995203018,80.2174835205,26832,26843,11
12.9989299774,80.2171325684,26843,26853,10
12.9982995987,80.2167816162,26853,26863,10
12.9975004196,80.216583252,26863,26873,10
12.9973802567,80.2165603638,26873,26883,10
12.9972295761,80.2165908813,26883,26893,10
12.9968795776,80.2165908813,26893,26903,10
12.9961204529,80.2165985107,26903,26913,10
12.99559021,80.2166900635,26913,26924,11
12.9951095581,80.217048645,26924,26934,10
12.9945001602,80.2174835205,26934,26944,10
12.9939002991,80.2179031372,26944,26954,10
12.993180275,80.218421936,26954,26964,10
12.9924001694,80.219039917,26964,26974,10
12.9917602539,80.2195205688,26974,26984,10
12.9911804199,80.2199478149,26984,26994,10
12.9907903671,80.2202301025,26994,27005,11
12.9905996323,80.2203979492,27005,27015,10
12.9899301529,80.2208404541,27015,27025,10
12.9893102646,80.2214813232,27025,27036,11
12.9887504578,80.2221679688,27036,27046,10
12.9880399704,80.2228469849,27046,27056,10
12.9876003265,80.2231216431,27056,27066,10
12.987449646,80.2230911255,27066,27076,10
12.9868497849,80.2229919434,27076,27086,10
12.986240387,80.2229385376,27086,27096,10
12.9855604172,80.2232208252,27096,27106,10
12.9850196838,80.2232437134,27106,27122,16
12.9844398499,80.2229232788,27122,27134,12
12.984120369,80.2227478027,27134,27144,10
12.9839000702,80.2226028442,27144,27155,11
12.9831895828,80.2221603394,27155,27165,10
12.9830503464,80.2220916748,27165,27175,10
12.9828195572,80.2219772339,27175,27185,10
12.9822301865,80.2216796875,27185,27195,10
12.9816102982,80.2214126587,27195,27205,10
12.9810199738,80.2211074829,27205,27215,10
12.980050087,80.2211990356,27215,27225,10
12.9789800644,80.2212295532,27225,27235,10
12.9778203964,80.2211685181,27235,27245,10
12.976940155,80.2212600708,27245,27256,11
12.976149559,80.2213821411,27256,27266,10
12.9764003754,80.2218322754,27266,27286,20
12.9764003754,80.2218322754,27286,27296,10
12.9764404297,80.2219696045,27296,27306,10
12.9767503738,80.2224884033,27306,27316,10
12.9772396088,80.223197937,27316,27326,10
12.9777698517,80.2241287231,27326,27336,10
12.9783697128,80.225112915,27336,27346,10
12.9789400101,80.2260437012,27346,27356,10
12.9792995453,80.2266387939,27356,27367,11
12.9797697067,80.2273635864,27367,27377,10
12.9801998138,80.2280273438,27377,27387,10
12.9805698395,80.2286376953,27387,27397,10
12.9810199738,80.229347229,27397,27407,10
12.9814596176,80.2300720215,27407,27417,10
12.9817695618,80.2305374146,27417,27427,10
12.9817695618,80.2305526733,27427,27437,10
12.9818296432,80.230796814,27437,27447,10
12.9820203781,80.2313690186,27447,27457,10
12.9820899963,80.2322006226,27457,27467,10
12.9819602966,80.2328262329,27467,27476,9
12.9818696976,80.2330932617,27476,27488,12
12.9816904068,80.2334136963,27488,27498,10
12.9816102982,80.2336196899,27498,27508,10
12.9814796448,80.2338790894,27508,27518,10
12.9812402725,80.2345123291,27518,27528,10
12.9812402725,80.2354125977,27528,27538,10
12.9812803268,80.2364501953,27538,27548,10
12.9813098907,80.2373962402,27548,27558,10
12.9813299179,80.2380218506,27558,27568,10
12.9813404083,80.2384109497,27568,27578,10
12.9813203812,80.2386703491,27578,27588,10
12.9813604355,80.2387924194,27588,27599,11
12.9813699722,80.2394180298,27599,27609,10
12.9813995361,80.2399368286,27609,27619,10
12.9813899994,80.2406387329,27619,27639,20
12.9813899994,80.2406387329,27639,27649,10
12.9813604355,80.2408065796,27649,27659,10
12.9813804626,80.2412033081,27659,27669,10
12.9813899994,80.2417907715,27669,27679,10
12.9813699722,80.2423019409,27679,27689,10
12.9813995361,80.2428131104,27689,27699,10
12.9814100266,80.243019104,27699,27710,11
12.9814300537,80.2431182861,27710,27720,10
12.9813699722,80.2437133789,27720,27730,10
12.9812602997,80.2445678711,27730,27740,10
12.9811096191,80.2456970215,27740,27750,10
12.9809598923,80.2469787598,27750,27760,10
12.9808797836,80.2480621338,27760,27770,10
12.9807100296,80.2497787476,27770,27780,10
12.9804201126,80.2510223389,27780,27789,9
12.9801797867,80.251953125,27789,27800,11
12.9799995422,80.2524871826,27800,27841,41
12.9799995422,80.2524871826,27841,27851,10
12.9799499512,80.2526397705,27851,27861,10
12.9798603058,80.2528076172,27861,27871,10
12.9794397354,80.2527618408,27871,27881,10
12.9787797928,80.2526626587,27881,27891,10
12.9786996841,80.2526321411,27891,27901,10
12.9785404205,80.2525405884,27901,27911,10
12.9780597687,80.2521972656,27911,27921,10
12.9775800705,80.2517623901,27921,27931,10
12.9767103195,80.2512588501,27931,27942,11
12.975569725,80.2508926392,27942,27952,10
12.974439621,80.2506484985,27952,27962,10
12.9732303619,80.2502670288,27962,27972,10
12.9725198746,80.2500915527,27972,27982,10
12.9724502563,80.2500915527,27982,27992,10
12.9718799591,80.249961853,27992,28002,10
12.9710302353,80.2497406006,28002,28012,10
12.9699697495,80.2493362427,28012,28022,10
12.9688997269,80.2488632202,28022,28032,10
12.9679002762,80.2484664917,28032,28042,10
12.9671697617,80.2481918335,28042,28053,11
12.9669303894,80.2481689453,28053,28063,10
12.9666595459,80.2480010986,28063,28073,10
12.9664802551,80.2479095459,28073,28083,10
12.9660797119,80.247756958,28083,28093,10
12.9653701782,80.2474594116,28093,28103,10
12.9650297165,80.2472915649,28103,28113,10
12.9649200439,80.2472229004,28113,28123,10
12.964630127,80.2471313477,28123,28133,10
12.9643602371,80.2471008301,28133,28143,10
12.9638996124,80.2469482422,28143,28153,10
12.9638299942,80.2469024658,28153,28164,11
12.9634799957,80.2467803955,28164,28174,10
12.9629001617,80.2465591431,28174,28184,10
12.9619703293,80.2461090088,28184,28194,10
12.9608201981,80.2455215454,28194,28204,10
12.9597196579,80.2450180054,28204,28214,10
12.9593200684,80.2447967529,28214,28224,10
12.9592399597,80.2447891235,28224,28234,10
12.9587202072,80.2445068359,28234,28244,10
12.9579696655,80.2442169189,28244,28254,10
12.9572896957,80.2440032959,28254,28264,10
12.9564695358,80.243637085,28264,28285,21
12.9564695358,80.243637085,28285,28295,10
12.9563102722,80.2434616089,28295,28305,10
12.9559297562,80.2432785034,28305,28315,10
12.9550304413,80.2430877686,28315,28325,10
12.9539804459,80.2426071167,28325,28335,10
12.9530200958,80.2421569824,28335,28345,10
12.9521398544,80.2417678833,28345,28355,10
12.9517803192,80.2416915894,28355,28364,9
12.9516201019,80.2416610718,28364,28375,11
12.9513101578,80.2416229248,28375,28386,11
12.9505996704,80.2413635254,28386,28396,10
12.9501304626,80.2412109375,28396,28406,10
12.9498195648,80.2411499023,28406,28415,9
12.9495697021,80.2410736084,28415,28426,11
12.9492301941,80.2409286499,28426,28436,10
12.9488601685,80.240737915,28436,28446,10
12.9481096268,80.2404098511,28446,28456,10
12.947429657,80.2401580811,28456,28466,10
12.9473199844,80.2401123047,28466,28476,10
12.9473104477,80.2400588989,28476,28486,10
12.9469003677,80.2398986816,28486,28497,11
12.9460802078,80.2395782471,28497,28507,10
12.9451999664,80.2390670776,28507,28517,10
12.9443597794,80.2382202148,28517,28527,10
12.9435796738,80.237449646,28527,28537,10
12.9432497025,80.2370834351,28537,28547,10
12.9430398941,80.2369308472,28547,28557,10
12.9423904419,80.2365722656,28557,28567,10
12.9413900375,80.2362365723,28567,28577,10
12.9402303696,80.2359771729,28577,28587,10
12.9397096634,80.2358322144,28587,28597,10
12.9396896362,80.2358322144,28597,28607,10
12.9393501282,80.2355804443,28607,28618,11
12.9386396408,80.2351837158,28618,28628,10
12.9378404617,80.2347793579,28628,28638,10
12.9369497299,80.2343215942,28638,28648,10
12.9360198975,80.2338180542,28648,28658,10
12.9350299835,80.2334365845,28658,28674,16
12.9337997437,80.2329177856,28674,28686,12
12.9337902069,80.2329330444,28686,28694,8
12.933549881,80.2329025269,28694,28703,9
12.9331102371,80.232749939,28703,28716,13
12.9319000244,80.2322769165,28716,28726,10
12.9308004379,80.2318878174,28726,28737,11
12.9294900894,80.2315292358,28737,28747,10
12.9281997681,80.231300354,28747,28757,10
12.9269695282,80.2311401367,28757,28767,10
12.9262800217,80.2310562134,28767,28777,10
12.9261398315,80.2310714722,28777,28787,10
12.9260101318,80.2310333252,28787,28810,23
12.9242696762,80.2307891846,28810,28822,12
12.922949791,80.2306289673,28822,28832,10
12.9217195511,80.2305297852,28832,28842,10
12.920630455,80.2303695679,28842,28853,11
12.9192495346,80.230178833,28853,28874,21
12.9192495346,80.230178833,28874,28884,10
12.9189100266,80.2301635742,28884,28894,10
12.9181098938,80.2300415039,28894,28904,10
12.9170999527,80.2298736572,28904,28913,9
12.916270256,80.2297821045,28913,28924,11
12.9150600433,80.2295684814,28924,28934,10
12.914059639,80.2294082642,28934,28944,10
12.913310051,80.2293014526,28944,28954,10
12.9132204056,80.2292785645,28954,28965,11
12.9125995636,80.2291793823,28965,28975,10
12.9116601944,80.2289962769,28975,28985,10
12.910490036,80.2288589478,28985,28995,10
12.9091997147,80.2286682129,28995,29005,10
12.9082202911,80.2285614014,29005,29015,10
12.9076499939,80.2284622192,29015,29025,10
12.9076004028,80.2284469604,29025,29035,10
12.9075202942,80.2284088135,29035,29045,10
12.9070301056,80.2284011841,29045,29055,10
12.9063596725,80.2282867432,29055,29065,10
12.9054899216,80.2282104492,29065,29076,11
12.9044704437,80.2281723022,29076,29086,10
12.9033403397,80.2281265259,29086,29096,10
12.9025096893,80.2281112671,29096,29106,10
12.902009964,80.2280807495,29106,29126,20
12.902009964,80.2280807495,29126,29136,10
12.9016895294,80.2280273438,29136,29146,10
12.901260376,80.2280273438,29146,29156,10
12.9008703232,80.2279968262,29156,29166,10
12.9004201889,80.2279815674,29166,29176,10
12.8998003006,80.2279586792,29176,29187,11
12.8991098404,80.2279129028,29187,29197,10
12.8988895416,80.2279205322,29197,29206,9
12.8988599777,80.2279281616,29206,29217,11
12.8983802795,80.2278594971,29217,29227,10
12.8975601196,80.2278366089,29227,29237,10
12.8963804245,80.2276916504,29237,29247,10
12.8950500488,80.2276306152,29247,29257,10
12.8937101364,80.2275619507,29257,29267,10
12.8928003311,80.2274780273,29267,29277,10
12.8927202225,80.2273635864,29277,29287,10
12.8924503326,80.2274398804,29287,29297,10
12.8916797638,80.2274398804,29297,29308,11
12.8904304504,80.2274169922,29308,29318,10
12.8891000748,80.2274093628,29318,29328,10
12.8876695633,80.2273330688,29328,29338,10
12.8862895966,80.2269973755,29338,29348,10
12.8852500916,80.2267837524,29348,29358,10
12.8848600388,80.2267913818,29358,29368,10
12.8847703934,80.2267990112,29368,29378,10
12.8841495514,80.2267913818,29378,29388,10
12.8831396103,80.2267990112,29388,29398,10
12.8818798065,80.2267837524,29398,29408,10
12.880490303,80.2267913818,29408,29419,11
12.8788604736,80.2268066406,29419,29429,10
12.8774404526,80.2269363403,29429,29439,10
12.8765201569,80.2269592285,29439,29469,30
12.8765201569,80.2269592285,29469,29479,10
12.8764600754,80.2268066406,29479,29489,10
12.876449585,80.2265472412,29489,29499,10
12.876449585,80.2264785767,29499,29515,16
12.876540184,80.2258605957,29515,29527,12
12.8766298294,80.2246704102,29527,29538,11
12.8768796921,80.2232818604,29538,29547,9
12.8771800995,80.2220993042,29547,29558,11
12.8774995804,80.2207870483,29558,29569,11
12.877820015,80.2194213867,29569,29580,11
12.8781099319,80.2181625366,29580,29590,10
12.8783903122,80.2168121338,29590,29600,10
12.8786401749,80.2155838013,29600,29609,9
12.8788995743,80.2142410278,29609,29620,11
12.8791599274,80.2129364014,29620,29630,10
12.8793296814,80.2119216919,29630,29641,11
12.8794498444,80.2111434937,29641,29651,10
12.8791999817,80.2109832764,29651,29661,10
12.8790597916,80.2109832764,29661,29671,10
12.8787403107,80.2109680176,29671,29681,10
12.8778800964,80.2107696533,29681,29690,9
12.8770999908,80.2106399536,29690,29701,11
12.8764095306,80.2105331421,29701,29711,10
12.8754396439,80.2103118896,29711,29721,10
12.874879837,80.2102203369,29721,29731,10
12.8744802475,80.2101135254,29731,29741,10
12.874420166,80.2100830078,29741,29751,10
12.8745002747,80.2096099854,29751,29762,11
12.8748197556,80.2098464966,29762,29772,10
12.8744497299,80.2097625732,29772,29782,10
12.8743400574,80.209312439,29782,29792,10
12.8745698929,80.2099304199,29792,29802,10
12.8746004105,80.2099380493,29802,29812,10
12.8746004105,80.2096710205,29812,29822,10
12.8745803833,80.2099380493,29822,29862,40
12.8745803833,80.2099380493,29862,29873,11
12.8745698929,80.2098922729,29873,29883,10
12.8746204376,80.2098770142,29883,29893,10
12.8746595383,80.2101287842,29893,29903,10
12.8747797012,80.2103271484,29903,29913,10
12.8749399185,80.2106628418,29913,29953,40
12.8749399185,80.2106628418,29953,29963,10
12.8741798401,80.2092132568,29963,29973,10
12.8746004105,80.2098999023,29973,29984,11
12.87458992,80.2097625732,29984,29994,10
12.8746995926,80.2098083496,29994,30004,10
12.8746500015,80.2095718384,30004,30034,30
12.8746500015,80.2095718384,30034,30044,10
12.87458992,80.2098007202,30044,30054,10
12.8746204376,80.2098693848,30054,30064,10
12.8746299744,80.2100067139,30064,30074,10
12.8746299744,80.2098388672,30074,30084,10
12.8746204376,80.2096862793,30084,30095,11
12.8746500015,80.2097320557,30095,30105,10
12.8746404648,80.2097091675,30105,30115,10
12.8746299744,80.2095794678,30115,30125,10
12.8746595383,80.2097930908,30125,30135,10
12.8746595383,80.2098388672,30135,30145,10
12.8747196198,80.2097930908,30145,30155,10
12.8747301102,80.2098464966,30155,30165,10
12.8747396469,80.2098617554,30165,30175,10
12.8748102188,80.2098617554,30175,30185,10
12.874710083,80.2101135254,30185,30206,21
12.874710083,80.2101135254,30206,30216,10
12.8748998642,80.2101669312,30216,30226,10
12.8752403259,80.2102737427,30226,30236,10
12.8757696152,80.2103805542,30236,30246,10
12.8763999939,80.2105026245,30246,30256,10
12.8770103455,80.2105865479,30256,30266,10
12.8776502609,80.2107391357,30266,30276,10
12.8782997131,80.2108535767,30276,30286,10
12.8789596558,80.2109832764,30286,30296,10
12.879240036,80.2110137939,30296,30306,10
12.8792600632,80.2110214233,30306,30316,10
12.8793802261,80.2110671997,30316,30327,11
12.8794698715,80.2113876343,30327,30337,10
12.8793497086,80.2119827271,30337,30347,10
12.8792104721,80.212677002,30347,30357,10
12.8790903091,80.2134399414,30357,30367,10
12.8789396286,80.2142333984,30367,30377,10
12.878780365,80.2150421143,30377,30387,10
12.8785896301,80.2158966064,30387,30397,10
12.8784198761,80.2166976929,30397,30407,10
12.8783597946,80.2171173096,30407,30508,101
12.8783597946,80.2171173096,30508,30518,10
12.8782901764,80.2173233032,30518,30528,10
12.8781995773,80.2177276611,30528,30538,10
12.8780498505,80.218421936,30538,30549,11
12.8778600693,80.2192993164,30549,30559,10
12.8776102066,80.2203826904,30559,30569,10
12.8773698807,80.2214736938,30569,30579,10
12.8770999908,80.2226028442,30579,30589,10
12.8768997192,80.2235412598,30589,30599,10
12.8767204285,80.2244567871,30599,30609,10
12.8766202927,80.2253417969,30609,30619,10
12.8765602112,80.2258682251,30619,30629,10
12.8764600754,80.2263565063,30629,30639,10
12.8764600754,80.2268066406,30639,30649,10
12.8767795563,80.2268295288,30649,30670,21
12.8767795563,80.2268295288,30670,30680,10
12.8770303726,80.2268295288,30680,30690,10
12.877699852,80.2267837524,30690,30700,10
12.878569603,80.2267227173,30700,30710,10
12.8798303604,80.2266693115,30710,30720,10
12.8811197281,80.2266616821,30720,30730,10
12.8825302124,80.2266464233,30730,30740,10
12.8839302063,80.2266311646,30740,30750,10
12.885310173,80.2266616821,30750,30781,31
12.885310173,80.2266616821,30781,30791,10
12.8855800629,80.2267074585,30791,30801,10
12.8861103058,80.2268829346,30801,30811,10
12.886879921,80.2270431519,30811,30821,10
12.8876399994,80.227180481,30821,30831,10
12.8884801865,80.2272720337,30831,30841,10
12.8886804581,80.2272796631,30841,30851,10
12.8888597488,80.2272872925,30851,30861,10
12.8893995285,80.2272796631,30861,30871,10
12.8902196884,80.2272796631,30871,30881,10
12.8911104202,80.2272872925,30881,30892,11
12.8916702271,80.2272720337,30892,30902,10
12.8918800354,80.2272567749,30902,30982,80
12.8918800354,80.2272567749,30982,30992,10
12.8921203613,80.2272796631,30992,31003,11
12.8926200867,80.2273635864,31003,31013,10
12.8931999207,80.2274169922,31013,31023,10
12.8941602707,80.2275238037,31023,31043,20
12.8941602707,80.2275238037,31043,31053,10
12.8941802979,80.2275009155,31053,31063,10
12.8946199417,80.2275390625,31063,31073,10
12.8953504562,80.2275924683,31073,31083,10
12.8963603973,80.2276229858,31083,31093,10
12.8974599838,80.2276916504,31093,31103,10
12.8985595703,80.2277526855,31103,31113,10
12.8993501663,80.2277832031,31113,31124,11
12.8998403549,80.2277832031,31124,31144,20
12.8998403549,80.2277832031,31144,31154,10
12.9000301361,80.2277832031,31154,31164,10
12.9002895355,80.2277984619,31164,31174,10
12.9005699158,80.2278213501,31174,31184,10
12.9008598328,80.2278137207,31184,31194,10
12.9010601044,80.2278289795,31194,31204,10
12.901309967,80.227897644,31204,31214,10
12.9016199112,80.227897644,31214,31224,10
12.9020204544,80.2279434204,31224,31235,11
12.9025201797,80.2279663086,31235,31245,10
12.9031600952,80.2279815674,31245,31265,20
12.9031600952,80.2279815674,31265,31275,10
12.9033603668,80.2279815674,31275,31305,30
12.9033603668,80.2279815674,31305,31315,10
12.9035797119,80.228012085,31315,31325,10
12.9037504196,80.2280426025,31325,31335,10
12.9040002823,80.2280426025,31335,31346,11
12.9043502808,80.2280578613,31346,31356,10
12.9047698975,80.2281036377,31356,31366,10
12.9052095413,80.2281036377,31366,31376,10
12.9055099487,80.2280807495,31376,31386,10
12.9056901932,80.2280883789,31386,31396,10
12.9058904648,80.2281036377,31396,31406,10
12.9061498642,80.2281112671,31406,31416,10
12.9064397812,80.2281417847,31416,31426,10
12.9067401886,80.2281799316,31426,31436,10
12.9070701599,80.2282180786,31436,31446,10
12.9074001312,80.2282562256,31446,31456,10
12.9073801041,80.2282562256,31456,31467,11
12.9078798294,80.2283477783,31467,31477,10
12.908659935,80.2284927368,31477,31487,10
12.9096899033,80.2286682129,31487,31497,10
12.9108800888,80.2288589478,31497,31507,10
12.9121999741,80.2290725708,31507,31517,10
12.9132499695,80.2291870117,31517,31527,10
12.9138298035,80.2292404175,31527,31547,20
12.9138298035,80.2292404175,31547,31557,10
12.9139204025,80.2291793823,31557,31567,10
12.9144201279,80.2293014526,31567,31578,11
12.9152803421,80.2294464111,31578,31588,10
12.9163198471,80.2296218872,31588,31598,10
12.9174900055,80.2297821045,31598,31608,10
12.918510437,80.229927063,31608,31618,10
12.9193096161,80.2300109863,31618,31628,10
12.9194898605,80.2300109863,31628,31638,10
12.9197397232,80.2300415039,31638,31648,10
12.9203796387,80.230140686,31648,31658,10
12.9212703705,80.2302627563,31658,31668,10
12.9223299026,80.2304077148,31668,31678,10
12.9235200882,80.2305984497,31678,31689,11
12.9249200821,80.2307815552,31689,31699,10
12.925909996,80.2309188843,31699,31709,10
12.926150322,80.2309188843,31709,31719,10
12.9263000488,80.2309494019,31719,31729,10
12.9267997742,80.2310028076,31729,31739,10
12.9275398254,80.231086731,31739,31749,10
12.9282302856,80.2311706543,31749,31759,10
12.9287595749,80.2312469482,31759,31769,10
12.929400444,80.2313995361,31769,31779,10
12.9301204681,80.2315673828,31779,31789,10
12.9309396744,80.2317962646,31789,31799,10
12.9317798615,80.2320404053,31799,31810,11
12.9326896667,80.2323379517,31810,31820,10
12.9335098267,80.2326583862,31820,31840,20
12.9335098267,80.2326583862,31840,31850,10
12.9336204529,80.2327270508,31850,31866,16
12.9345197678,80.2331924438,31866,31878,12
12.9353704453,80.233581543,31878,31886,8
12.9357595444,80.2337417603,31886,31898,12
12.9365196228,80.2341003418,31898,31908,10
12.9373998642,80.2345275879,31908,31918,10
12.9384498596,80.2350387573,31918,31929,11
12.9398202896,80.2356796265,31929,31949,20
12.9398202896,80.2356796265,31949,31958,9
12.9399700165,80.2357025146,31958,31969,11
12.9405403137,80.2359085083,31969,31979,10
12.9413900375,80.2361221313,31979,31989,10
12.9423398972,80.2364120483,31989,31999,10
12.9433298111,80.2369613647,31999,32009,10
12.9438199997,80.237487793,32009,32019,10
12.9439296722,80.237739563,32019,32030,11
12.9444599152,80.2381896973,32030,32040,10
12.9450998306,80.238899231,32040,32050,10
12.9458999634,80.239402771,32050,32060,10
12.94713974,80.239906311,32060,32080,20
12.94713974,80.239906311,32080,32090,10
12.9472303391,80.2399291992,32090,32100,10
12.9475803375,80.2401123047,32100,32110,10
12.9482002258,80.2403717041,32110,32120,10
12.9488401413,80.2405776978,32120,32130,10
12.9491596222,80.2407226563,32130,32140,10
12.9494495392,80.2408218384,32140,32151,11
12.9498996735,80.2409667969,32151,32161,10
12.9503297806,80.2410964966,32161,32171,10
12.9506196976,80.2412033081,32171,32181,10
12.9509096146,80.2412719727,32181,32201,20
12.9509096146,80.2412719727,32201,32211,10
12.9511404037,80.2413406372,32211,32221,10
12.9514598846,80.2414703369,32221,32231,10
12.9517602921,80.241569519,32231,32241,10
12.9524002075,80.2418136597,32241,32251,10
12.9531497955,80.2420883179,32251,32262,11
12.9539003372,80.2423477173,32262,32272,10
12.9543800354,80.2425689697,32272,32282,10
12.9549798965,80.2427902222,32282,32292,10
12.9553899765,80.2429580688,32292,32302,10
12.9557104111,80.2431030273,32302,32312,10
12.9557800293,80.2431335449,32312,32322,10
12.9558696747,80.2431793213,32322,32332,10
12.9560098648,80.2432098389,32332,32342,10
12.9562997818,80.2433166504,32342,32373,31
12.9562997818,80.2433166504,32373,32383,10
12.9567804337,80.2435073853,32383,32393,10
12.9574804306,80.2438278198,32393,32403,10
12.9582300186,80.2441711426,32403,32413,10
12.9588699341,80.2444000244,32413,32423,10
12.9589700699,80.244430542,32423,32433,10
12.9592399597,80.2445678711,32433,32443,10
12.9596996307,80.2448120117,32443,32453,10
12.9604902267,80.2451934814,32453,32463,10
12.9614801407,80.2456512451,32463,32473,10
12.9623498917,80.2460784912,32473,32484,11
12.9628896713,80.2463378906,32484,32534,50
12.9628896713,80.2463378906,32534,32544,10
12.9629802704,80.2464370728,32544,32554,10
12.9632196426,80.2465591431,32554,32564,10
12.9635400772,80.2466964722,32564,32574,10
12.9640398026,80.2468719482,32574,32584,10
12.9646396637,80.2470703125,32584,32594,10
12.9654102325,80.2473526001,32594,32605,11
12.966170311,80.2475967407,32605,32615,10
12.966340065,80.2476806641,32615,32635,20
12.966340065,80.2476806641,32635,32645,10
12.9665403366,80.2478027344,32645,32655,10
12.9666795731,80.2478866577,32655,32665,10
12.9671497345,80.2481384277,32665,32675,10
12.9677095413,80.2483520508,32675,32685,10
12.9683904648,80.248550415,32685,32695,10
12.9694004059,80.2490463257,32695,32705,10
12.9705400467,80.2495193481,32705,32716,11
12.9718999863,80.2499389648,32716,32726,10
12.9729795456,80.2501907349,32726,32736,10
12.9737596512,80.250328064,32736,32746,10
12.9743700027,80.2504806519,32746,32756,10
12.9745101929,80.2505569458,32756,32766,10
12.9750795364,80.2507171631,32766,32776,10
12.9759902954,80.2509765625,32776,32786,10
12.9770002365,80.2513198853,32786,32795,9
12.9778404236,80.2517700195,32795,32806,11
12.9785699844,80.2523727417,32806,32816,10
12.979180336,80.2525787354,32816,32827,11
12.9799900055,80.2524795532,32827,32837,10
12.9800195694,80.2522735596,32837,32847,10
12.9799900055,80.2520904541,32847,32857,10
12.9801902771,80.2515106201,32857,32867,10
12.9802598953,80.2512207031,32867,32877,10
12.9804801941,80.25050354,32877,32887,10
12.9806995392,80.2494888306,32887,32897,10
12.9807901382,80.2484588623,32897,32907,10
12.9808998108,80.2467803955,32907,32917,10
12.9810600281,80.2454681396,32917,32927,10
12.9811601639,80.2444763184,32927,32937,10
12.9812002182,80.244178772,32937,32948,11
12.9811897278,80.2440414429,32948,32958,10
12.9811897278,80.2439193726,32958,32968,10
12.981180191,80.2438278198,32968,32978,10
12.981300354,80.2436599731,32978,32988,10
12.9813604355,80.243347168,32988,32998,10
12.9813203812,80.2432098389,32998,33008,10
12.9813098907,80.2429580688,33008,33018,10
12.9813804626,80.2426605225,33018,33028,10
12.9813804626,80.2420120239,33028,33038,10
12.9813604355,80.2411193848,33038,33048,10
12.9814100266,80.2401275635,33048,33059,11
12.9813804626,80.2395172119,33059,33069,10
12.9813499451,80.2388000488,33069,33079,10
12.9812803268,80.2381668091,33079,33109,30
12.9812803268,80.2381668091,33109,33119,10
12.9813404083,80.2377319336,33119,33129,10
12.9812202454,80.2371292114,33129,33139,10
12.9811897278,80.2363433838,33139,33149,10
12.9811296463,80.2356109619,33149,33159,10
12.9810800552,80.2346191406,33159,33170,11
12.9812803268,80.2339706421,33170,33200,30
12.9812803268,80.2339706421,33200,33210,10
12.9814395905,80.2337188721,33210,33220,10
12.9815301895,80.2335510254,33220,33250,30
12.9815301895,80.2335510254,33250,33260,10
12.9816398621,80.2334136963,33260,33270,10
12.9817495346,80.2331619263,33270,33280,10
12.9819402695,80.2327804565,33280,33291,11
12.982049942,80.2322692871,33291,33301,10
12.9819803238,80.2318191528,33301,33311,10
12.9819297791,80.231300354,33311,33321,10
12.9817199707,80.2308120728,33321,33331,10
12.9812202454,80.2299728394,33331,33341,10
12.9808797836,80.2294006348,33341,33351,10
12.9806995392,80.2291030884,33351,33361,10
12.9806003571,80.2289199829,33361,33371,10
12.980389595,80.2285614014,33371,33381,10
12.9803199768,80.2283477783,33381,33391,10
12.9799900055,80.2277832031,33391,33402,11
12.9796104431,80.2271270752,33402,33412,10
12.9793195724,80.2266998291,33412,33422,10
12.9789896011,80.2261581421,33422,33432,10
12.9786100388,80.225479126,33432,33442,10
12.9782800674,80.2249069214,33442,33452,10
12.9781398773,80.2246322632,33452,33462,10
12.9779701233,80.2245101929,33462,33472,10
12.9776802063,80.2240524292,33472,33482,10
12.9774398804,80.2234573364,33482,33492,10
12.9771003723,80.2228775024,33492,33502,10
12.9770202637,80.2227325439,33502,33513,11
12.9771995544,80.2226867676,33513,33523,10
12.9772996902,80.2226791382,33523,33533,10
12.9776201248,80.2224578857,33533,33543,10
12.9776601791,80.2220535278,33543,33553,10
12.9774999619,80.2219161987,33553,33563,10
12.9774103165,80.2214889526,33563,33573,10
12.9777898788,80.2212600708,33573,33583,10
12.9785003662,80.2211990356,33583,33593,10
12.9791698456,80.2211380005,33593,33603,10
12.9798202515,80.2210998535,33603,33613,10
12.9805202484,80.2210693359,33613,33624,11
12.9811897278,80.2211303711,33624,33634,10
12.9815502167,80.2212982178,33634,33644,10
12.9820404053,80.2215576172,33644,33654,10
12.9825801849,80.2217483521,33654,33664,10
12.9829301834,80.2219161987,33664,33674,10
12.9830198288,80.2219161987,33674,33684,10
12.9833498001,80.2221603394,33684,33694,10
12.9836797714,80.2224197388,33694,33704,10
12.9841899872,80.2227325439,33704,33714,10
12.9847097397,80.2230529785,33714,33724,10
12.9851703644,80.2232208252,33724,33734,10
12.985619545,80.2230987549,33734,33745,11
12.9862298965,80.2229766846,33745,33755,10
12.9865503311,80.2229690552,33755,33765,10
12.9867401123,80.2229766846,33765,33775,10
12.9871797562,80.2230682373,33775,33785,10
12.9877195358,80.2230606079,33785,33795,10
12.9883403778,80.2226028442,33795,33805,10
12.988820076,80.2220993042,33805,33815,10
12.9892396927,80.2216796875,33815,33825,10
12.9895896912,80.2211608887,33825,33835,10
12.9901199341,80.2206420898,33835,33845,10
12.9903402328,80.2204666138,33845,33856,11
12.9907903671,80.2201385498,33856,33866,10
12.9913797379,80.2196807861,33866,33876,10
12.9919204712,80.2193222046,33876,33886,10
12.9925203323,80.2188415527,33886,33896,10
12.9929895401,80.2185211182,33896,33906,10
12.9932498932,80.21824646,33906,33936,30
12.9935798645,80.2179870605,33936,33967,31
12.9935798645,80.2179870605,33967,33977,10
12.9938402176,80.2178573608,33977,33987,10
12.9939603806,80.2177810669,33987,33997,10
12.9941797256,80.2175827026,33997,34007,10
12.9943199158,80.2174606323,34007,34017,10
12.9945297241,80.2173614502,34017,34027,10
12.9947900772,80.2171401978,34027,34037,10
12.9951095581,80.2169036865,34037,34047,10
12.995300293,80.216796875,34047,34057,10
12.9956197739,80.2166976929,34057,34067,10
12.9957199097,80.2166595459,34067,34078,11
12.9959697723,80.2165985107,34078,34088,10
12.9962797165,80.2165222168,34088,34108,20
12.9962797165,80.2165222168,34108,34118,10
12.9964895248,80.216506958,34118,34128,10
12.9967403412,80.216468811,34128,34138,10
12.9971504211,80.2164230347,34138,34147,9
12.9974403381,80.2162017822,34147,34168,21
12.9974403381,80.2162017822,34168,34178,10
12.9976797104,80.216003418,34178,34188,10
12.9982204437,80.2155227661,34188,34199,11
12.9988203049,80.2150115967,34199,34209,10
12.9990797043,80.2147674561,34209,34219,10
12.9992198944,80.2146224976,34219,34229,10
12.9997596741,80.2141876221,34229,34239,10
13.0002803802,80.2136993408,34239,34248,9
13.0008497238,80.2132415771,34248,34259,11
13.0014801025,80.2127685547,34259,34269,10
13.0023002625,80.2122421265,34269,34279,10
13.0026903152,80.2121124268,34279,34289,10
13.0030603409,80.212020874,34289,34299,10
13.0035400391,80.2118988037,34299,34310,11
13.0036001205,80.2118835449,34310,34320,10
13.0036401749,80.2115707397,34320,34330,10
13.0035495758,80.2108230591,34330,34340,10
13.0035200119,80.2099914551,34340,34350,10
13.0036001205,80.2091217041,34350,34360,10
13.0039796829,80.2086105347,34360,34370,10
13.0047597885,80.2089920044,34370,34380,10
13.0053596497,80.2092971802,34380,34390,10
13.0059900284,80.2095336914,34390,34400,10
13.0065097809,80.2096862793,34400,34410,10
13.006819725,80.2097473145,34410,34421,11
13.007060051,80.209777832,34421,34431,10
13.0071496964,80.2097702026,34431,34441,10
13.0075902939,80.2099075317,34441,34451,10
13.0081100464,80.2099761963,34451,34461,10
13.0082302094,80.2097320557,34461,34471,10
13.008099556,80.2090988159,34471,34481,10
13.0079298019,80.2081298828,34481,34491,10
13.007809639,80.2070770264,34491,34501,10
13.0076198578,80.2062835693,34501,34511,10
13.0074501038,80.2054367065,34511,34521,10
13.0074796677,80.2046432495,34521,34531,10
13.0074596405,80.2037200928,34531,34542,11
13.007229805,80.20262146,34542,34552,10
13.0064601898,80.2026824951,34552,34562,10
13.0068902969,80.2034301758,34562,34572,10
13.0077495575,80.2037200928,34572,34582,10
13.0085697174,80.2036819458,34582,34592,10
13.0099897385,80.2036437988,34592,34602,10
13.0112600327,80.2036514282,34602,34612,10
13.0124397278,80.2038421631,34612,34622,10
13.0135803223,80.2041778564,34622,34642,20
13.0135803223,80.2041778564,34642,34653,11
13.0137300491,80.2043380737,34653,34663,10
13.0136699677,80.204460144,34663,34673,10
13.0135698318,80.2045669556,34673,34683,10
13.0133800507,80.2051467896,34683,34693,10
13.0130701065,80.2058563232,34693,34703,10
13.0129804611,80.2066116333,34703,34713,10
13.0129098892,80.2073135376,34713,34723,10
13.0129098892,80.2078781128,34723,34733,10
13.0128898621,80.2080078125,34733,34743,10
13.0128698349,80.2083816528,34743,34753,10
13.012840271,80.2087631226,34753,34763,10
13.0128898621,80.2090911865,34763,34774,11
13.0129995346,80.2092590332,34774,34784,10
13.0132303238,80.2095031738,34784,34794,10
13.0131397247,80.2098388672,34794,34804,10
13.0130901337,80.2101974487,34804,34814,10
13.0129404068,80.2105178833,34814,34824,10
13.0126800537,80.2108535767,34824,34834,10
13.0123596191,80.2115097046,34834,34844,10
13.0120801926,80.2124786377,34844,34864,20
13.0120801926,80.2124786377,34864,34874,10
13.0120401382,80.2127227783,34874,34885,11
13.0116901398,80.2123031616,34885,34895,10
13.0111703873,80.212020874,34895,34905,10
13.0107603073,80.211807251,34905,34915,10
13.0103702545,80.2115707397,34915,34925,10
13.0101203918,80.2114715576,34925,34935,10
13.0098896027,80.2114105225,34935,34945,10
13.009759903,80.2113189697,34945,34955,10
13.0097303391,80.2112503052,34955,34965,10
13.0095596313,80.2110824585,34965,35027,62
13.0095596313,80.2110824585,35027,35037,10
13.0096597672,80.2111206055,35037,35047,10
13.0096797943,80.2110824585,35047,35057,10
13.0096998215,80.2111129761,35057,35067,10
13.0095596313,80.2110900879,35067,35087,20
13.0095901489,80.2109375,35087,35138,51
13.0095901489,80.2109375,35138,35148,10
13.0094299316,80.2107467651,35148,35158,10
13.0093803406,80.2105178833,35158,35168,10
13.0095300674,80.2103424072,35168,35178,10
13.0103998184,80.2102966309,35178,35188,10
13.011639595,80.2100524902,35188,35198,10
13.0125904083,80.2099304199,35198,35208,10
13.0130796432,80.2097091675,35208,35218,10
13.0131797791,80.2098083496,35218,35229,11
13.0130796432,80.2100830078,35229,35239,10
13.0129404068,80.2101974487,35239,35249,10
13.0126199722,80.2106018066,35249,35259,10
13.0124597549,80.2111663818,35259,35269,10
13.0121002197,80.2119369507,35269,35279,10
13.0119695663,80.2122268677,35279,35289,10
13.0118303299,80.2124710083,35289,35299,10
13.0112895966,80.2125167847,35299,35309,10
13.0108003616,80.2122192383,35309,35319,10
13.0108003616,80.2121963501,35319,35329,10
13.0108003616,80.2121429443,35329,35340,11
13.0105104446,80.2119903564,35340,35350,10
13.0104103088,80.2119369507,35350,35360,10
13.0097398758,80.2114486694,35360,35380,20
13.0095596313,80.2111816406,35380,35400,20
13.0095796585,80.2111434937,35400,35430,30
13.0095796585,80.2111434937,35430,35440,10
13.0094804764,80.2109985352,35440,35541,101
13.0095596313,80.2110290527,35541,35561,20
13.0095396042,80.2109832764,35561,35602,41
13.0095396042,80.2109832764,35602,35612,10
13.0096998215,80.2107315063,35612,35632,20
13.0096998215,80.2107315063,35632,35642,10
13.0094604492,80.2108535767,35642,35672,30
13.0094299316,80.2110137939,35672,36137,465
13.0094299316,80.2110137939,36137,36147,10
13.0092897415,80.211151123,36147,36157,10
13.0092000961,80.2113265991,36157,36167,10
13.009059906,80.211479187,36167,36177,10
13.0090703964,80.2117233276,36177,36187,10
13.0091896057,80.2120895386,36187,36197,10
13.0093202591,80.212562561,36197,36207,10
13.0095300674,80.2130737305,36207,36217,10
13.0097398758,80.2135772705,36217,36227,10
13.0100002289,80.2142028809,36227,36237,10
13.0101900101,80.2149124146,36237,36248,11
13.0102796555,80.2157516479,36248,36258,10
13.0106096268,80.2164611816,36258,36268,10
13.0109996796,80.2172698975,36268,36278,10
13.0113801956,80.2183380127,36278,36288,10
13.0116996765,80.2194290161,36288,36298,10
13.0120296478,80.220451355,36298,36308,10
13.0122203827,80.2211227417,36308,36324,16
13.0124998093,80.2218475342,36324,36336,12
13.0130500793,80.2225799561,36336,36344,8
13.0135202408,80.2229614258,36344,36356,12
13.0138902664,80.2233963013,36356,36367,11
13.0141201019,80.2235870361,36367,36377,10
13.0141000748,80.2238006592,36377,36387,10
13.0147695541,80.224571228,36387,36397,10
13.01541996,80.2252197266,36397,36406,9
13.01541996,80.2253417969,36406,36417,11
13.0153999329,80.225402832,36417,36426,9
13.0154600143,80.2255020142,36426,36437,11
13.0153102875,80.2258300781,36437,36447,10
13.0149402618,80.2259979248,36447,36457,10
13.0143299103,80.2262573242,36457,36467,10
13.0134601593,80.2265777588,36467,36478,11
13.0127601624,80.2268295288,36478,36488,10
13.0124998093,80.2270431519,36488,36498,10
13.012339592,80.2270431519,36498,36508,10
13.0122203827,80.2270812988,36508,36518,10
13.012169838,80.2271499634,36518,36528,10
13.0120000839,80.2272262573,36528,36538,10
13.0118999481,80.2272567749,36538,36548,10
13.0116300583,80.2273178101,36548,36568,20
13.0116300583,80.2273178101,36568,36578,10
13.0114603043,80.2273864746,36578,36588,10
13.0113096237,80.2274398804,36588,36599,11
13.0108995438,80.2275924683,36599,36609,10
13.0102796555,80.2279586792,36609,36619,10
13.0096197128,80.227897644,36619,36629,10
13.0095796585,80.2273330688,36629,36639,10
13.0093898773,80.2267684937,36639,36649,10
13.0093297958,80.2261199951,36649,36659,10
13.0101604462,80.2250518799,36659,36669,10
13.0109500885,80.2241592407,36669,36679,10
13.0110502243,80.2239532471,36679,36689,10
13.0110998154,80.2237472534,36689,36699,10
13.0113401413,80.2232513428,36699,36710,11
13.0109100342,80.2230377197,36710,36720,10
13.0104398727,80.2228164673,36720,36729,9
13.0102500916,80.2227020264,36729,36740,11
13.0097703934,80.222442627,36740,36750,10
13.0089797974,80.2219924927,36750,36760,10
13.0081796646,80.2215270996,36760,36770,10
13.0072803497,80.2210998535,36770,36780,10
13.0064897537,80.2207336426,36780,36790,10
13.0055599213,80.2204971313,36790,36800,10
13.0047903061,80.2202835083,36800,36810,10
13.0045700073,80.2202072144,36810,36821,11
13.0040302277,80.2201080322,36821,36831,10
13.0033998489,80.2200088501,36831,36841,10
13.0027103424,80.2196884155,36841,36850,9
13.0020399094,80.2191619873,36850,36861,11
13.0013799667,80.2184371948,36861,36871,10
13.0005397797,80.2178268433,36871,36881,10
12.9999704361,80.217590332,36881,36891,10
12.9993000031,80.2171325684,36891,36901,10
12.9982595444,80.2166366577,36901,36911,10
12.997469902,80.2165679932,36911,36922,11
12.9973602295,80.2165374756,36922,36933,11
12.9972000122,80.2164764404,36933,36942,9
12.9968204498,80.2164077759,36942,36953,11
12.9960403442,80.2165985107,36953,36963,10
12.99518013,80.2169799805,36963,36972,9
12.994720459,80.2172470093,36972,36983,11
12.9941196442,80.2177124023,36983,36993,10
12.9933996201,80.2182388306,36993,37003,10
12.9927501678,80.2188034058,37003,37013,10
12.9920902252,80.2192077637,37013,37023,10
12.9916000366,80.2195968628,37023,37033,10
12.9912204742,80.219871521,37033,37044,11
12.9908800125,80.2200088501,37044,37054,10
12.9908304214,80.2201385498,37054,37064,10
12.9905395508,80.2203598022,37064,37074,10
12.989979744,80.2208862305,37074,37084,10
12.9894695282,80.2214736938,37084,37094,10
12.9893302917,80.2218475342,37094,37104,10
12.9888296127,80.2223815918,37104,37114,10
12.9880399704,80.2229614258,37114,37124,10
12.9876298904,80.2230300903,37124,37134,10
12.9876298904,80.2230224609,37134,37144,10
12.9873600006,80.2229995728,37144,37154,10
12.9870300293,80.2229995728,37154,37165,11
12.9866399765,80.2229919434,37165,37175,10
12.9861001968,80.2229919434,37175,37185,10
12.9856100082,80.2232131958,37185,37195,10
12.9852104187,80.22315979,37195,37205,10
12.9847002029,80.2230300903,37205,37215,10
12.9841804504,80.2227325439,37215,37225,10
12.9837799072,80.2224884033,37225,37235,10
12.9831600189,80.2221069336,37235,37255,20
12.9831600189,80.2221069336,37255,37265,10
12.982919693,80.222038269,37265,37276,11
12.9826202393,80.2219390869,37276,37286,10
12.9822301865,80.2218017578,37286,37295,9
12.9819898605,80.2216873169,37295,37306,11
12.9815301895,80.2212219238,37306,37316,10
12.9808502197,80.2209777832,37316,37326,10
12.9800195694,80.2210235596,37326,37336,10
12.9793195724,80.2210998535,37336,37346,10
12.9788198471,80.2211074829,37346,37356,10
12.9781303406,80.2211532593,37356,37366,10
12.9773597717,80.2211914063,37366,37376,10
12.9767303467,80.2211914063,37376,37387,11
12.9762401581,80.2213134766,37387,37397,10
12.9762401581,80.2215423584,37397,37417,20
12.9762401581,80.2215423584,37417,37427,10
12.9762802124,80.2216796875,37427,37437,10
12.9764604568,80.2219772339,37437,37447,10
12.9767503738,80.2224807739,37447,37463,16
12.977350235,80.2234420776,37463,37475,12
12.9778203964,80.2242279053,37475,37483,8
12.9780797958,80.2246398926,37483,37495,12
12.9784603119,80.225189209,37495,37505,10
12.9787797928,80.2257385254,37505,37516,11
12.9791603088,80.2263793945,37516,37526,10
12.9794197083,80.2267990112,37526,37536,10
12.9798202515,80.2274932861,37536,37546,10
12.9803199768,80.2282791138,37546,37555,9
12.9807395935,80.229019165,37555,37566,11
12.9810600281,80.2295837402,37566,37576,10
12.9814796448,80.230178833,37576,37586,10
12.981710434,80.2304763794,37586,37596,10
12.9817399979,80.2305297852,37596,37606,10
12.9818096161,80.2306976318,37606,37616,10
12.9819698334,80.2312011719,37616,37627,11
12.9820804596,80.2316207886,37627,37637,10
12.9821100235,80.2317962646,37637,37647,10
12.9821100235,80.2318191528,37647,37657,10
12.9821100235,80.2320098877,37657,37667,10
12.9820995331,80.2321777344,37667,37677,10
12.9820604324,80.2323379517,37677,37687,10
12.982049942,80.2325134277,37687,37697,10
12.982049942,80.2325210571,37697,37707,10
12.9819803238,80.232711792,37707,37717,10
12.9818601608,80.232963562,37717,37727,10
12.9817800522,80.2331390381,37727,37738,11
12.9816904068,80.2333908081,37738,37748,10
12.9816303253,80.2335205078,37748,37758,10
12.9815502167,80.2336425781,37758,37767,9
12.9813404083,80.2340774536,37767,37777,10
12.9812402725,80.2345962524,37777,37787,10
12.9812498093,80.2349395752,37787,37798,11
12.9812498093,80.2352600098,37798,37808,10
12.9812803268,80.235710144,37808,37818,10
12.9812898636,80.2362976074,37818,37828,10
12.981300354,80.2370223999,37828,37838,10
12.981300354,80.2374420166,37838,37849,11
12.9813098907,80.2378005981,37849,37859,10
12.9813299179,80.2383499146,37859,37869,10
12.9813404083,80.2387008667,37869,37879,10
12.9813299179,80.2388381958,37879,37889,10
12.9813604355,80.2392578125,37889,37899,10
12.9813995361,80.2395019531,37899,37909,10
12.9813995361,80.2397384644,37909,37919,10
12.9813995361,80.2403335571,37919,37929,10
12.9813995361,80.2409820557,37929,37939,10
12.9813899994,80.2415771484,37939,37949,10
12.9813899994,80.2422714233,37949,37959,10
12.9813995361,80.2426605225,37959,37980,21
12.9813995361,80.2426605225,37980,37990,10
12.9814500809,80.2428207397,37990,38000,10
12.9814195633,80.2432785034,38000,38010,10
12.9813203812,80.2440795898,38010,38020,10
12.9811697006,80.2450180054,38020,38030,10
12.9810199738,80.2461471558,38030,38040,10
12.9809103012,80.2474365234,38040,38050,10
12.980799675,80.2487030029,38050,38060,10
12.980629921,80.2500305176,38060,38070,10
12.9803199768,80.2512817383,38070,38081,11
12.9801502228,80.2519607544,38081,38091,10
12.980050087,80.2523269653,38091,38101,10
12.9800100327,80.2524719238,38101,38111,10
12.9799203873,80.2526397705,38111,38121,10
12.979640007,80.2527236938,38121,38131,10
12.979060173,80.2526702881,38131,38148,17
12.9786701202,80.252571106,38148,38160,12
12.9783401489,80.2522964478,38160,38168,8
12.9779500961,80.2519378662,38168,38180,12
12.9768199921,80.2512969971,38180,38190,10
12.9756202698,80.2509384155,38190,38201,11
12.9745798111,80.2506484985,38201,38211,10
12.9736404419,80.2503890991,38211,38221,10
12.9727401733,80.2501831055,38221,38230,9
12.9724998474,80.2501373291,38230,38241,11
12.9723901749,80.2501068115,38241,38251,10
12.9717798233,80.2499313354,38251,38261,10
12.9709596634,80.2496795654,38261,38271,10
12.9701004028,80.249420166,38271,38281,10
12.9692497253,80.2490997314,38281,38291,10
12.968580246,80.2488708496,38291,38301,10
12.9681901932,80.2487411499,38301,38312,11
12.9679899216,80.248626709,38312,38322,10
12.96778965,80.2485733032,38322,38332,10
12.9676799774,80.2484817505,38332,38342,10
12.9675598145,80.2484207153,38342,38362,20
12.9675598145,80.2484207153,38362,38372,10
12.9673099518,80.248298645,38372,38433,61
12.9669599533,80.2481384277,38433,38463,30
12.9669599533,80.2481384277,38463,38473,10
12.9667901993,80.2480621338,38473,38483,10
12.9666795731,80.2480010986,38483,38493,10
12.9665603638,80.2479171753,38493,38513,20
12.9665603638,80.2479171753,38513,38523,10
12.9661502838,80.247718811,38523,38645,122
12.9661502838,80.247718811,38645,38655,10
12.965669632,80.2475585938,38655,38665,10
12.9656000137,80.247543335,38665,38675,10
12.9655504227,80.2475509644,38675,38685,10
12.9650497437,80.2473373413,38685,38705,20
12.9650497437,80.2473373413,38705,38715,10
12.9649200439,80.2472763062,38715,38725,10
12.9648599625,80.2472610474,38725,38735,10
12.964679718,80.2472000122,38735,38745,10
12.9646501541,80.2471923828,38745,38755,10
12.9645299911,80.2471466064,38755,38766,11
12.9643697739,80.2471008301,38766,38776,10
12.964220047,80.2470397949,38776,38877,101
12.964220047,80.2470397949,38877,38887,10
12.9638299942,80.2469177246,38887,38897,10
12.9637403488,80.2468566895,38897,38907,10
12.9633398056,80.2467193604,38907,38917,10
12.9625797272,80.2463302612,38917,38927,10
12.9616298676,80.2458496094,38927,38937,10
12.960559845,80.245300293,38937,38947,10
12.9596595764,80.2449188232,38947,38957,10
12.9593400955,80.2447814941,38957,38967,10
12.9593296051,80.2447662354,38967,38977,10
12.9589595795,80.2446212769,38977,38988,11
12.9581699371,80.2443237305,38988,38998,10
12.957570076,80.2440490723,38998,39008,10
12.9568395615,80.2437896729,39008,39018,10
12.9563798904,80.2436599731,39018,39028,10
12.9560098648,80.2434768677,39028,39038,10
12.955329895,80.2431335449,39038,39048,10
12.9544696808,80.2427597046,39048,39058,10
12.9534597397,80.2423171997,39058,39068,10
12.9523000717,80.2418823242,39068,39078,10
12.9514904022,80.2416000366,39078,39088,10
12.9514799118,80.2415771484,39088,39098,10
12.9512300491,80.2415084839,39098,39109,11
12.9503498077,80.2412185669,39109,39119,10
12.9494104385,80.2409362793,39119,39129,10
12.9483098984,80.2405166626,39129,39139,10
12.9472503662,80.2400894165,39139,39159,20
12.9472503662,80.2400894165,39159,39169,10
12.9471502304,80.2399978638,39169,39179,10
12.946559906,80.2397689819,39179,39189,10
12.9457101822,80.2394332886,39189,39199,10
12.9448699951,80.2388305664,39199,39209,10
12.9440803528,80.2379837036,39209,39220,11
12.9433898926,80.2371673584,39220,39230,10
12.9432897568,80.2370986938,39230,39240,10
12.942990303,80.2367935181,39240,39250,10
12.9422502518,80.2364501953,39250,39260,10
12.9412202835,80.2361907959,39260,39270,10
12.9401903152,80.2359237671,39270,39280,10
12.9398403168,80.2357788086,39280,39290,10
12.9398202896,80.2357406616,39290,39300,10
12.9392404556,80.235496521,39300,39310,10
12.93846035,80.2351226807,39310,39320,10
12.9375,80.2346801758,39320,39330,10
12.9364404678,80.2341995239,39330,39341,11
12.935839653,80.2339477539,39341,39351,10
12.9354000092,80.2337112427,39351,39361,10
12.9345598221,80.2333221436,39361,39371,10
12.9338798523,80.2330169678,39371,39381,10
12.9336900711,80.2329101563,39381,39391,10
12.9334201813,80.2328109741,39391,39401,10
12.9336099625,80.2328567505,39401,39411,10
12.9331502914,80.2326278687,39411,39421,10
12.9322900772,80.2322998047,39421,39431,10
12.9311800003,80.2319564819,39431,39441,10
12.9300403595,80.2315979004,39441,39452,11
12.9292297363,80.2314224243,39452,39462,10
12.9284601212,80.2312393188,39462,39472,10
12.9277200699,80.2311019897,39472,39482,10
12.9267501831,80.2309875488,39482,39492,10
12.9259796143,80.2309112549,39492,39502,10
12.9260101318,80.2309188843,39502,39512,10
12.9259996414,80.2309494019,39512,39522,10
12.9255599976,80.2308883667,39522,39532,10
12.9247398376,80.2308273315,39532,39542,10
12.9238300323,80.2307434082,39542,39552,10
12.9227304459,80.2305908203,39552,39562,10
12.9215602875,80.2304229736,39562,39573,11
12.9203195572,80.2301864624,39573,39583,10
12.9192895889,80.2301025391,39583,39593,10
12.9190702438,80.2301101685,39593,39603,10
12.9189796448,80.230140686,39603,39613,10
12.9183597565,80.2300491333,39613,39623,10
12.9174499512,80.2299575806,39623,39633,10
12.9163599014,80.2297973633,39633,39643,10
12.9150896072,80.2295837402,39643,39653,10
12.9138402939,80.2293777466,39653,39663,10
12.9131803513,80.2293319702,39663,39684,21
12.9131803513,80.2293319702,39684,39694,10
12.9129695892,80.2293014526,39694,39704,10
12.912320137,80.2291183472,39704,39714,10
12.911359787,80.2289886475,39714,39724,10
12.9102201462,80.2287979126,39724,39734,10
12.9089403152,80.2286071777,39734,39744,10
12.90762043,80.2284011841,39744,39754,10
12.9068098068,80.2283477783,39754,39825,71
12.9068098068,80.2283477783,39825,39835,10
12.906539917,80.2284164429,39835,39845,10
12.9062204361,80.2283630371,39845,39855,10
12.9062004089,80.2283477783,39855,39865,10
12.9056997299,80.2283401489,39865,39875,10
12.9048595428,80.2282714844,39875,39885,10
12.9037704468,80.2281799316,39885,39895,10
12.9027996063,80.2281112671,39895,39905,10
12.902009964,80.2280578613,39905,39916,11
12.9015398026,80.2280502319,39916,39986,70
12.9015398026,80.2280502319,39986,39996,10
12.9014196396,80.2280426025,39996,40006,10
12.9011898041,80.2279968262,40006,40016,10
12.9007396698,80.2279815674,40016,40027,11
12.9001398087,80.2279663086,40027,40037,10
12.8997297287,80.2279586792,40037,40047,10
12.8997097015,80.2279663086,40047,40057,10
12.8996496201,80.2280273438,40057,40067,10
12.8995304108,80.2279891968,40067,40077,10
12.8993501663,80.2279815674,40077,40087,10
12.899020195,80.2279281616,40087,40097,10
12.8989295959,80.2279205322,40097,40107,10
12.8986301422,80.2279129028,40107,40117,10
12.8979902267,80.2278366089,40117,40127,10
12.8971595764,80.2277297974,40127,40137,10
12.8961296082,80.2276611328,40137,40148,11
12.895190239,80.2276229858,40148,40158,10
12.894200325,80.2275619507,40158,40168,10
12.8932504654,80.2274780273,40168,40178,10
12.8931303024,80.2274932861,40178,40194,16
12.8925800323,80.2274780273,40194,40216,22
12.8925800323,80.2274780273,40216,40226,10
12.8921203613,80.2274932861,40226,40236,10
12.8913402557,80.2274093628,40236,40246,10
12.8902597427,80.2274398804,40246,40257,11
12.8888397217,80.2273864746,40257,40267,10
12.8883304596,80.2273788452,40267,40276,9
12.8881597519,80.2273712158,40276,40287,11
12.8875303268,80.2272720337,40287,40297,10
12.8864202499,80.2270584106,40297,40306,9
12.8855304718,80.2268218994,40306,40317,11
12.8849096298,80.2267227173,40317,40327,10
12.8848600388,80.2267227173,40327,40337,10
12.8844404221,80.2267227173,40337,40347,10
12.8836402893,80.2267227173,40347,40357,10
12.8825702667,80.2267227173,40357,40367,10
12.8813400269,80.2267532349,40367,40377,10
12.8799495697,80.2267532349,40377,40388,11
12.8783502579,80.2267990112,40388,40398,10
12.8772001266,80.226890564,40398,40408,10
12.8765296936,80.2269592285,40408,40428,20
12.8765296936,80.2269592285,40428,40438,10
12.8764400482,80.2269210815,40438,40448,10
12.8763999939,80.2266998291,40448,40458,10
12.8764295578,80.2265167236,40458,40468,10
12.876449585,80.2262802124,40468,40478,10
12.8765602112,80.2255935669,40478,40489,11
12.8766803741,80.2244873047,40489,40499,10
12.8768701553,80.2233810425,40499,40509,10
12.8771295547,80.2223129272,40509,40519,10
12.877409935,80.2210998535,40519,40529,10
12.8777103424,80.2197265625,40529,40539,10
12.8780403137,80.2182998657,40539,40549,10
12.8783502579,80.2167892456,40549,40559,10
12.8786401749,80.2153167725,40559,40569,10
12.8789396286,80.2138214111,40569,40579,10
12.8792104721,80.2123718262,40579,40589,10
12.8794698715,80.2112197876,40589,40600,11
12.8790302277,80.2108306885,40600,40610,10
12.878950119,80.2108688354,40610,40620,10
12.8788003922,80.2108535767,40620,40630,10
12.8780002594,80.2107162476,40630,40640,10
12.8769598007,80.2105407715,40640,40650,10
12.8760795593,80.2103424072,40650,40660,10
12.8751096725,80.2101516724,40660,40670,10
12.8743896484,80.210067749,40670,40700,30
12.8743896484,80.210067749,40700,40710,10
12.874420166,80.2096862793,40710,40721,11
12.8748502731,80.2097320557,40721,40731,10
12.8746900558,80.2099914551,40731,40842,111
12.8746900558,80.2099914551,40842,40852,10
12.8747797012,80.2101593018,40852,40862,10
12.8749704361,80.2101898193,40862,40872,10
12.8749799728,80.2101898193,40872,40882,10
12.8753004074,80.2102508545,40882,40892,10
12.8759202957,80.2102966309,40892,40902,10
12.876540184,80.2104034424,40902,40912,10
12.8768396378,80.2104873657,40912,40922,10
12.8772802353,80.2105636597,40922,40932,10
12.8780603409,80.2106781006,40932,40941,9
12.8788604736,80.2108764648,40941,40953,12
12.8791399002,80.2109527588,40953,40963,10
12.879240036,80.2110214233,40963,40973,10
12.8794403076,80.2112121582,40973,40983,10
12.8793802261,80.2117080688,40983,40993,10
12.8792200089,80.2125167847,40993,41003,10
12.8790197372,80.2135162354,41003,41013,10
12.8787899017,80.2147598267,41013,41023,10
12.8785295486,80.2160263062,41023,41033,10
12.8783102036,80.2171783447,41033,41043,10
12.8780403137,80.218421936,41043,41053,10
12.8777399063,80.2196807861,41053,41064,11
12.877409935,80.2211608887,41064,41074,10
12.8771095276,80.2225265503,41074,41084,10
12.8768196106,80.2238616943,41084,41094,10
12.8766202927,80.225151062,41094,41104,10
12.8765802383,80.2257080078,41104,41114,10
12.8765802383,80.2258834839,41114,41124,10
12.8765001297,80.2265014648,41124,41134,10
12.8764896393,80.2266387939,41134,41144,10
12.8767499924,80.2268295288,41144,41164,20
12.8767499924,80.2268295288,41164,41174,10
12.8770799637,80.226852417,41174,41185,11
12.8779201508,80.2267684937,41185,41195,10
12.8789100647,80.2267227173,41195,41205,10
12.8800001144,80.2266998291,41205,41215,10
12.8812999725,80.2266693115,41215,41225,10
12.8826999664,80.2266616821,41225,41235,10
12.8840904236,80.2266235352,41235,41251,16
12.8852596283,80.226600647,41251,41263,12
12.8855495453,80.2266464233,41263,41271,8
12.8861103058,80.2267913818,41271,41283,12
12.8872299194,80.2270736694,41283,41293,10
12.8884601593,80.2272415161,41293,41304,11
12.8895196915,80.2273330688,41304,41314,10
12.8906202316,80.2273178101,41314,41324,10
12.8917798996,80.2273101807,41324,41334,10
12.8928003311,80.2273406982,41334,41344,10
12.8937997818,80.2274703979,41344,41354,10
12.8940401077,80.2274780273,41354,41364,10
12.8943796158,80.2275390625,41364,41374,10
12.8952302933,80.2275695801,41374,41384,10
12.8963003159,80.2276229858,41384,41394,10
12.8973503113,80.2276687622,41394,41413,19
12.8992204666,80.2277832031,41413,41426,13
12.9001398087,80.227897644,41426,41436,10
12.9004201889,80.2279281616,41436,41446,10
12.9006099701,80.2279129028,41446,41455,9
12.9008798599,80.2278671265,41455,41466,11
12.9013595581,80.227897644,41466,41476,10
12.9017896652,80.2279129028,41476,41485,9
12.9027004242,80.2279663086,41485,41506,21
12.9027004242,80.2279663086,41506,41516,10
12.9028596878,80.2279815674,41516,41526,10
12.903380394,80.2279281616,41526,41537,11
12.9041996002,80.2280197144,41537,41547,10
12.9049196243,80.2281112671,41547,41557,10
12.9051198959,80.2280197144,41557,41567,10
12.9055404663,80.2280807495,41567,41577,10
12.9058904648,80.2281112671,41577,41587,10
12.9063596725,80.2282028198,41587,41597,10
12.9066696167,80.2282028198,41597,41607,10
12.9069595337,80.2282028198,41607,41617,10
12.9073600769,80.2282562256,41617,41627,10
12.9076099396,80.2283172607,41627,41637,10
12.9084396362,80.2284469604,41637,41648,11
12.9096899033,80.2286529541,41648,41658,10
12.9110002518,80.2288589478,41658,41668,10
12.9124097824,80.2290267944,41668,41678,10
12.9137001038,80.2292098999,41678,41688,10
12.9140996933,80.2292633057,41688,41698,10
12.9143800735,80.229347229,41698,41708,10
12.9151096344,80.2294387817,41708,41718,10
12.9160804749,80.2295532227,41718,41728,10
12.9173803329,80.2297515869,41728,41738,10
12.9186601639,80.229927063,41738,41748,10
12.9196796417,80.2300872803,41748,41759,11
12.9210395813,80.2302627563,41759,41769,10
12.9223899841,80.23046875,41769,41779,10
12.9237604141,80.2306671143,41779,41789,10
12.9250497818,80.230796814,41789,41799,10
12.9261798859,80.2309036255,41799,41809,10
12.9264802933,80.2309417725,41809,41819,10
12.926659584,80.2309875488,41819,41829,10
12.927359581,80.2310791016,41829,41839,10
12.9283103943,80.2312011719,41839,41849,10
12.9292297363,80.2313613892,41849,41859,10
12.9298801422,80.2314987183,41859,41876,17
12.9316501617,80.2319564819,41876,41888,12
12.9330501556,80.232421875,41888,41898,10
12.9335603714,80.2326431274,41898,41908,10
12.9336996078,80.2327575684,41908,41918,10
12.9342298508,80.2329483032,41918,41928,10
12.9349403381,80.2332611084,41928,41938,10
12.9355697632,80.2335586548,41938,41958,20
12.9355697632,80.2335586548,41958,41968,10
12.9359302521,80.2337799072,41968,41979,11
12.93653965,80.2340698242,41979,41990,11
12.9375200272,80.2345428467,41990,42000,10
12.9385995865,80.2350692749,42000,42010,10
12.9396495819,80.2355575562,42010,42030,20
12.9396495819,80.2355575562,42030,42040,10
12.9398803711,80.2356796265,42040,42050,10
12.9403400421,80.235786438,42050,42060,10
12.9412002563,80.236000061,42060,42070,10
12.9422197342,80.2362976074,42070,42080,10
12.9431695938,80.2367401123,42080,42090,10
12.9436502457,80.2372817993,42090,42100,10
12.9438400269,80.2375488281,42100,42111,11
12.9444599152,80.2381896973,42111,42120,9
12.9453601837,80.2390823364,42120,42131,11
12.9465103149,80.2396392822,42131,42141,10
12.9470596313,80.2398834229,42141,42151,10
12.94713974,80.2398910522,42151,42161,10
12.9476203918,80.2400970459,42161,42171,10
12.9481801987,80.2403564453,42171,42181,10
12.9484500885,80.2404632568,42181,42191,10
12.9489803314,80.2406082153,42191,42201,10
12.9497098923,80.2408905029,42201,42211,10
12.9505300522,80.2411804199,42211,42221,10
12.9511699677,80.2413864136,42221,42238,17
12.9525995255,80.241897583,42238,42250,12
12.9538097382,80.2424087524,42250,42260,10
12.9544000626,80.2425994873,42260,42270,10
12.9552898407,80.2429428101,42270,42280,10
12.9563903809,80.2432632446,42280,42320,40
12.9563903809,80.2432632446,42320,42330,10
12.9565601349,80.2433013916,42330,42341,11
12.9572601318,80.2436828613,42341,42352,11
12.9581604004,80.2440795898,42352,42362,10
12.9588804245,80.2443771362,42362,42371,9
12.9589796066,80.2444610596,42371,42382,11
12.9593896866,80.2446670532,42382,42392,10
12.9601297379,80.2449417114,42392,42402,10
12.9611597061,80.2454528809,42402,42412,10
12.9623003006,80.2460403442,42412,42422,10
12.9629001617,80.2463531494,42422,42432,10
12.9631004333,80.2464675903,42432,42442,10
12.9634399414,80.2466583252,42442,42453,11
12.9641103745,80.2469024658,42453,42463,10
12.9648704529,80.2471237183,42463,42473,10
12.9656496048,80.2473602295,42473,42483,10
12.9664697647,80.2477035522,42483,42493,10
12.9668397903,80.2479019165,42493,42503,10
12.9668502808,80.2479019165,42503,42513,10
12.9670000076,80.248008728,42513,42523,10
12.9672698975,80.2480621338,42523,42533,10
12.9679002762,80.2483596802,42533,42543,10
12.9686899185,80.2486419678,42543,42553,10
12.9696397781,80.2489471436,42553,42563,10
12.9708099365,80.249458313,42563,42574,11
12.9720697403,80.2498321533,42574,42584,10
12.9731998444,80.2501525879,42584,42594,10
12.9740200043,80.2503662109,42594,42604,10
12.9744596481,80.2505111694,42604,42614,10
12.9747695923,80.250617981,42614,42624,10
12.9755496979,80.2508468628,42624,42634,10
12.9765701294,80.251159668,42634,42644,10
12.9776496887,80.2516326904,42644,42653,9
12.9784297943,80.2522735596,42653,42664,11
12.9789400101,80.252456665,42664,42674,10
12.9791202545,80.2525100708,42674,42684,10
12.9795799255,80.2525100708,42684,42695,11
12.980050087,80.2522964478,42695,42705,10
12.9800300598,80.2521514893,42705,42715,10
12.9801597595,80.2516021729,42715,42725,10
12.9804296494,80.2506790161,42725,42735,10
12.9806804657,80.249458313,42735,42745,10
12.9807300568,80.2486190796,42745,42755,10
12.9808597565,80.2473831177,42755,42765,10
12.9809799194,80.2461395264,42765,42775,10
12.9811496735,80.244720459,42775,42785,10
12.9812002182,80.2437820435,42785,42796,11
12.9813404083,80.2434692383,42796,42806,10
12.9813404083,80.2431335449,42806,42816,10
12.9813404083,80.2431030273,42816,42826,10
12.9813699722,80.2428817749,42826,42836,10
12.9813995361,80.2427597046,42836,42846,10
12.9813804626,80.2426223755,42846,42856,10
12.9813604355,80.2423477173,42856,42866,10
12.9813404083,80.2416992188,42866,42876,10
12.9813499451,80.2409591675,42876,42886,10
12.9813499451,80.2403793335,42886,42896,10
12.9813699722,80.2397689819,42896,42906,10
12.981300354,80.2391586304,42906,42917,11
12.9812698364,80.23853302,42917,42927,10
12.9812698364,80.2381210327,42927,42937,10
12.9812698364,80.237991333,42937,42947,10
12.9812602997,80.2375030518,42947,42957,10
12.9812402725,80.2367095947,42957,42967,10
12.9812002182,80.2359008789,42967,42977,10
12.9811897278,80.2349319458,42977,42987,10
12.9812498093,80.2341766357,42987,42997,10
12.9815196991,80.233581543,42997,43007,10
12.9815998077,80.2333908081,43007,43017,10
12.9816398621,80.2333526611,43017,43028,11
12.9818401337,80.2328262329,43028,43038,10
12.9819602966,80.2324981689,43038,43048,10
12.9819698334,80.2322311401,43048,43058,10
12.9819402695,80.2317962646,43058,43068,10
12.9818401337,80.2314376831,43068,43078,10
12.9816703796,80.2309417725,43078,43088,10
12.981300354,80.2302474976,43088,43098,10
12.9810199738,80.2297515869,43098,43108,10
12.9808101654,80.229309082,43108,43118,10
12.9806098938,80.2291030884,43118,43128,10
12.9805402756,80.229057312,43128,43138,10
12.9805402756,80.2289505005,43138,43149,11
12.9802503586,80.2284088135,43149,43159,10
12.9799098969,80.2278518677,43159,43169,10
12.9795398712,80.227180481,43169,43179,10
12.9792699814,80.2267379761,43179,43189,10
12.9789199829,80.2261199951,43189,43199,10
12.97838974,80.2253417969,43199,43209,10
12.9781398773,80.224822998,43209,43219,10
12.9780597687,80.2246932983,43219,43229,10
12.9778795242,80.2244796753,43229,43239,10
12.9776201248,80.2240829468,43239,43249,10
12.9772901535,80.2235794067,43249,43260,11
12.9770402908,80.2231903076,43260,43270,10
12.9769096375,80.2228469849,43270,43280,10
12.9771795273,80.2227630615,43280,43290,10
12.9774198532,80.2227478027,43290,43300,10
12.977689743,80.22265625,43300,43310,10
12.977640152,80.2222366333,43310,43320,10
12.9772596359,80.2219161987,43320,43330,10
12.9771404266,80.2215423584,43330,43340,10
12.9774799347,80.2211608887,43340,43350,10
12.9774503708,80.2211685181,43350,43360,10
12.9779100418,80.2211608887,43360,43371,11
12.9784297943,80.221206665,43371,43381,10
12.9791402817,80.2211914063,43381,43391,10
12.9800701141,80.2211227417,43391,43401,10
12.9809799194,80.2210617065,43401,43410,9
12.9815998077,80.221282959,43410,43421,11
12.9819898605,80.2216415405,43421,43431,10
12.9825296402,80.2217636108,43431,43441,10
12.982749939,80.2217483521,43441,43451,10
12.9828701019,80.2219619751,43451,43461,10
12.9829797745,80.2219924927,43461,43471,10
12.9833898544,80.2222824097,43471,43482,11
12.9839096069,80.2225036621,43482,43492,10
12.984459877,80.2228393555,43492,43502,10
12.9851398468,80.2232437134,43502,43512,10
12.9855098724,80.2230529785,43512,43522,10
12.9862003326,80.2229232788,43522,43532,10
12.9866304398,80.2229003906,43532,43542,10
12.9869098663,80.2229614258,43542,43552,10
12.9871997833,80.2230300903,43552,43562,10
12.9877004623,80.2230072021,43562,43572,10
12.9883003235,80.2225799561,43572,43582,10
12.98898983,80.2218780518,43582,43593,11
12.9894695282,80.221321106,43593,43603,10
12.9898996353,80.2207489014,43603,43613,10
12.99036026,80.2204437256,43613,43623,10
12.9904003143,80.2203674316,43623,43633,10
12.9905595779,80.2202529907,43633,43643,10
12.9909496307,80.2199478149,43643,43653,10
12.9916400909,80.2194290161,43653,43663,10
12.9923601151,80.2189102173,43663,43673,10
12.9931297302,80.2183685303,43673,43683,10
12.993929863,80.2178192139,43683,43693,10
12.9945802689,80.2173614502,43693,43703,10
12.9949998856,80.217048645,43703,43714,11
12.9956502914,80.2166824341,43714,43724,10
12.9963502884,80.2164993286,43724,43734,10
12.996919632,80.2164611816,43734,43744,10
12.9973096848,80.2162704468,43744,43754,10
12.9974298477,80.2161483765,43754,43764,10
12.9975204468,80.216003418,43764,43774,10
12.997759819,80.2157363892,43774,43784,10
12.9982004166,80.2153015137,43784,43794,10
12.9987802505,80.2148590088,43794,43804,10
12.9991903305,80.2145996094,43804,43814,10
12.9996204376,80.2141494751,43814,43825,11
13.0002498627,80.2136077881,43825,43835,10
13.000869751,80.2130889893,43835,43845,10
13.0015096664,80.212677002,43845,43855,10
13.002289772,80.2122573853,43855,43865,10
13.0029697418,80.2121429443,43865,43875,10
13.0035800934,80.2120437622,43875,43885,10
13.0036401749,80.2118988037,43885,43895,10
13.0036802292,80.2115097046,43895,43905,10
13.003660202,80.2111816406,43905,43915,10
13.0036001205,80.2106170654,43915,43925,10
13.0034704208,80.2098388672,43925,43935,10
13.0035896301,80.2089996338,43935,43946,11
13.004240036,80.2087402344,43946,43956,10
13.0051603317,80.2091369629,43956,43972,16
13.006070137,80.209487915,43972,43984,12
13.0061597824,80.2094802856,43984,43994,10
13.0063800812,80.2095565796,43994,44004,10
13.0066299438,80.2096710205,44004,44014,10
13.0069599152,80.2097320557,44014,44024,10
13.0069704056,80.2097320557,44024,44034,10
13.0071897507,80.2098007202,44034,44044,10
13.0073099136,80.2098312378,44044,44053,9
13.0075397491,80.2098312378,44053,44065,12
13.0081996918,80.2099380493,44065,44075,10
13.0081796646,80.2095870972,44075,44085,10
13.0080404282,80.2089309692,44085,44095,10
13.0078601837,80.2080383301,44095,44105,10
13.0076599121,80.206993103,44105,44115,10
13.0075101852,80.2059783936,44115,44125,10
13.0074501038,80.2050018311,44125,44135,10
13.007519722,80.204246521,44135,44145,10
13.007399559,80.20337677,44145,44155,10
13.0071001053,80.2025604248,44155,44165,10
13.0064401627,80.2029037476,44165,44176,11
13.007060051,80.2035293579,44176,44186,10
13.0079803467,80.2037277222,44186,44196,10
13.009059906,80.2036819458,44196,44206,10
13.0104598999,80.2036514282,44206,44216,10
13.0119304657,80.2037734985,44216,44226,10
13.013130188,80.2040405273,44226,44236,10
13.0135402679,80.2041778564,44236,44246,10
13.0136098862,80.2042312622,44246,44256,10
13.0136404037,80.2043228149,44256,44266,10
13.0136003494,80.2045898438,44266,44276,10
13.0133895874,80.2051315308,44276,44287,11
13.0130796432,80.2060012817,44287,44297,10
13.0129995346,80.2069625854,44297,44307,10
13.0129404068,80.2075195313,44307,44317,10
13.0128602982,80.2078933716,44317,44327,10
13.0128202438,80.2083969116,44327,44337,10
13.0127601624,80.2086181641,44337,44347,10
13.0128002167,80.2092437744,44347,44357,10
13.0131597519,80.2097091675,44357,44367,10
13.0130996704,80.2103424072,44367,44377,10
13.013010025,80.2109375,44377,44387,10
13.0126800537,80.2114715576,44387,44397,10
13.0122203827,80.2121200562,44397,44408,11
13.0119400024,80.2125930786,44408,44418,10
13.0119695663,80.2126235962,44418,44428,10
13.0117797852,80.2127685547,44428,44438,10
13.0113897324,80.2125778198,44438,44448,10
13.0108804703,80.2122879028,44448,44458,10
13.0106401443,80.2120437622,44458,44468,10
13.0102596283,80.211769104,44468,44478,10
13.0099401474,80.2115097046,44478,44488,10
13.0097999573,80.2114181519,44488,44498,10
13.0098304749,80.2113189697,44498,44508,10
13.0099201202,80.21118927,44508,44529,21
13.0099201202,80.21118927,44529,44539,10
13.0101995468,80.2113189697,44539,44549,10
13.0109596252,80.2116165161,44549,44559,10
13.0099000931,80.2110977173,44559,44568,9
13.009929657,80.2111206055,44568,44579,11
13.0097303391,80.2112121582,44579,44640,61
13.0097303391,80.2112121582,44640,44650,10
13.0097303391,80.211227417,44650,44660,10
13.0095996857,80.2111434937,44660,44670,10
13.0093898773,80.2110900879,44670,44912,242
13.0095500946,80.2110671997,44912,44942,30
13.0095500946,80.2110671997,44942,44952,10
13.0094003677,80.2110366821,44952,44973,21
13.0094003677,80.2110366821,44973,44983,10
13.0093698502,80.2110290527,44983,45134,151
13.0093698502,80.2110290527,45134,45144,10
13.0094604492,80.2109985352,45144,45215,71
13.0094604492,80.2110900879,45215,45245,30
13.0094604492,80.2110900879,45245,45255,10
13.0094995499,80.2111663818,45255,45285,30
13.0094995499,80.2111663818,45285,45295,10
13.0093402863,80.2110824585,45295,45305,10
13.0093202591,80.2111206055,45305,45316,11
13.0092401505,80.2113037109,45316,45326,10
13.0091199875,80.2115020752,45326,45336,10
13.0092096329,80.2118606567,45336,45346,10
13.0093898773,80.2125015259,45346,45356,10
13.0096197128,80.2132720947,45356,45366,10
13.0098800659,80.2139816284,45366,45376,10
13.010140419,80.2147064209,45376,45386,10
13.0102300644,80.2155227661,45386,45396,10
13.0104999542,80.2162628174,45396,45406,10
13.010890007,80.217048645,45406,45416,10
13.0112199783,80.2177505493,45416,45426,10
13.0115804672,80.2186889648,45426,45437,11
13.0118703842,80.2196884155,45437,45447,10
13.0120601654,80.2205886841,45447,45456,9
13.0122203827,80.2211914063,45456,45467,11
13.0123596191,80.2214889526,45467,45477,10
13.0126800537,80.2219772339,45477,45487,10
13.0130395889,80.2223205566,45487,45497,10
13.013420105,80.2227630615,45497,45507,10
13.0136699677,80.2230606079,45507,45517,10
13.0140199661,80.2235031128,45517,45527,10
13.0143604279,80.2238616943,45527,45537,10
13.0149097443,80.2245788574,45537,45548,11
13.0154304504,80.2252120972,45548,45558,10
13.0154600143,80.2254486084,45558,45568,10
13.0152997971,80.2257232666,45568,45578,10
13.0149803162,80.2258377075,45578,45598,20
13.0149803162,80.2258377075,45598,45608,10
13.0146598816,80.2260818481,45608,45618,10
13.0140600204,80.2263183594,45618,45628,10
13.0133304596,80.2265930176,45628,45638,10
13.0124797821,80.2269210815,45638,45648,10
13.0115499496,80.2271499634,45648,45658,10
13.0103902817,80.227180481,45658,45669,11
13.0096101761,80.227722168,45669,45679,10
13.0094995499,80.2273406982,45679,45689,10
13.009759903,80.2267608643,45689,45699,10
13.010219574,80.2258605957,45699,45709,10
13.0106401443,80.2249832153,45709,45719,10
13.0110397339,80.2241516113,45719,45729,10
13.0113201141,80.2234115601,45729,45739,10
13.0112895966,80.2230606079,45739,45749,10
13.0106401443,80.2227630615,45749,45759,10
13.0103197098,80.2227172852,45759,45769,10
13.0101699829,80.2226333618,45769,45780,11
13.0095396042,80.2223434448,45780,45790,10
13.0087099075,80.2218399048,45790,45800,10
13.0076999664,80.2212905884,45800,45810,10
13.0068101883,80.2207489014,45810,45820,10
13.0061397552,80.2205123901,45820,45830,10
13.0053596497,80.2203979492,45830,45846,16
13.0045995712,80.2202301025,45846,45858,12
13.0041599274,80.2200164795,45858,45868,10
13.0034399033,80.219871521,45868,45878,10
13.002699852,80.2194595337,45878,45886,8
13.0022001266,80.2190170288,45886,45898,12
13.0015897751,80.2186508179,45898,45909,11
13.0008897781,80.2183990479,45909,45919,10
13.0003595352,80.2181167603,45919,45928,9
12.9997901917,80.2176589966,45928,45939,11
12.9989299774,80.2171020508,45939,45949,10
12.9980401993,80.2167434692,45949,45959,10
12.997420311,80.2165985107,45959,45979,20
12.997420311,80.2165985107,45979,45989,10
12.9971599579,80.2165374756,45989,45999,10
12.9963998795,80.2165985107,45999,46009,10
12.9956598282,80.2169113159,46009,46020,11
12.9946203232,80.2174835205,46020,46030,10
12.994020462,80.2178421021,46030,46039,9
12.9935703278,80.2182388306,46039,46050,11
12.9931402206,80.2188415527,46050,46060,10
12.9926204681,80.2194900513,46060,46070,10
12.9917602539,80.2199325562,46070,46080,10
12.9912204742,80.2203598022,46080,46100,20
12.9912204742,80.2203598022,46100,46110,10
12.9908103943,80.2202529907,46110,46120,10
12.990240097,80.2204971313,46120,46131,11
12.989569664,80.2210235596,46131,46141,10
12.9891195297,80.2215423584,46141,46151,10
12.9887695313,80.2222900391,46151,46161,10
12.9883298874,80.2226409912,46161,46171,10
12.9879302979,80.2228164673,46171,46181,10
12.9877004623,80.2230529785,46181,46191,10
12.9875602722,80.2230529785,46191,46201,10
12.9871301651,80.2229537964,46201,46211,10
12.9870595932,80.2229537964,46211,46221,10
12.9869699478,80.2229919434,46221,46231,10
12.9868602753,80.2230224609,46231,46242,11
12.9865903854,80.2231521606,46242,46252,10
12.9857997894,80.2232437134,46252,46262,10
12.9853801727,80.2233428955,46262,46272,10
12.9849300385,80.2232284546,46272,46282,10
12.9844503403,80.2229690552,46282,46292,10
12.9837999344,80.2226028442,46292,46302,10
12.9832496643,80.2222671509,46302,46332,30
12.9832496643,80.2222671509,46332,46342,10
12.9829101563,80.2220306396,46342,46353,11
12.9827003479,80.2220001221,46353,46363,10
12.9825897217,80.2218093872,46363,46373,10
12.9823198318,80.2217407227,46373,46383,10
12.9820299149,80.2216796875,46383,46393,10
12.9818401337,80.2215576172,46393,46403,10
12.9815101624,80.2212982178,46403,46413,10
12.980919838,80.2210998535,46413,46423,10
12.9802598953,80.2211532593,46423,46433,10
12.9794797897,80.2209777832,46433,46443,10
12.9787998199,80.2210388184,46443,46453,10
12.9781398773,80.2209014893,46453,46463,10
12.9773702621,80.2210769653,46463,46474,11
12.9766397476,80.2211914063,46474,46484,10
12.9762001038,80.2213973999,46484,46494,10
12.9763803482,80.2217483521,46494,46524,30
12.9763803482,80.2217483521,46524,46534,10
12.9764404297,80.2218780518,46534,46544,10
12.9766798019,80.2222518921,46544,46560,16
12.9770002365,80.2228469849,46560,46572,12
12.977350235,80.2234573364,46572,46580,8
12.9777097702,80.2240219116,46580,46593,13
12.978269577,80.2249298096,46593,46603,10
12.9785804749,80.225402832,46603,46613,10
12.9785804749,80.2253875732,46613,46622,9
12.9787597656,80.2256317139,46622,46632,10
12.9789896011,80.2260665894,46632,46643,11
12.97935009,80.2266769409,46643,46653,10
12.9796304703,80.2271575928,46653,46663,10
12.9800596237,80.2278823853,46663,46673,10
12.9805002213,80.2286834717,46673,46683,10
12.9808397293,80.2292785645,46683,46693,10
12.9812602997,80.2298431396,46693,46704,11
12.9816598892,80.230506897,46704,46714,10
12.9816799164,80.2304992676,46714,46724,10
12.9817495346,80.2305831909,46724,46734,10
12.9819202423,80.2309875488,46734,46744,10
12.982000351,80.231628418,46744,46754,10
12.9820203781,80.2322235107,46754,46764,10
12.9819202423,80.2328567505,46764,46774,10
12.9816598892,80.2334289551,46774,46784,10
12.9816102982,80.2335510254,46784,46800,16
12.9815196991,80.2336730957,46800,46812,12
12.9812402725,80.2341766357,46812,46823,11
12.9811897278,80.2349014282,46823,46833,10
12.9812097549,80.2355575562,46833,46843,10
12.9812097549,80.2360076904,46843,46853,10
12.9811897278,80.2363815308,46853,46862,9
12.9812202454,80.2370834351,46862,46873,11
12.9812402725,80.2378921509,46873,46883,10
12.9812803268,80.23853302,46883,46893,10
12.981300354,80.2386703491,46893,46903,10
12.9812803268,80.2390213013,46903,46913,10
12.9812898636,80.2394104004,46913,46923,10
12.9813203812,80.2397079468,46923,46934,11
12.9813203812,80.2402191162,46934,46944,10
12.9813404083,80.2409973145,46944,46954,10
12.9813404083,80.2416610718,46954,46964,10
12.9813499451,80.2420272827,46964,46974,10
12.9813699722,80.2423629761,46974,46984,10
12.9813499451,80.2426376343,46984,46994,10
12.981300354,80.2425918579,46994,47004,10
12.9813404083,80.2429199219,47004,47014,10
12.9813203812,80.2435913086,47014,47024,10
12.9811897278,80.2445297241,47024,47034,10
12.9810304642,80.2456665039,47034,47045,11
12.9808797836,80.2470626831,47045,47055,10
12.9807796478,80.2484130859,47055,47065,10
12.9806404114,80.249786377,47065,47075,10
12.9803600311,80.2510223389,47075,47085,10
12.9801301956,80.2520370483,47085,47095,10
12.980050087,80.2524032593,47095,47105,10
12.9799003601,80.2526779175,47105,47115,10
12.9795799255,80.252746582,47115,47125,10
12.9788599014,80.2526473999,47125,47135,10
12.9786396027,80.2525787354,47135,47145,10
12.9785299301,80.2525405884,47145,47155,10
12.9781599045,80.252243042,47155,47166,11
12.9775400162,80.2517089844,47166,47176,10
12.9766902924,80.2513198853,47176,47186,10
12.9757995605,80.2510528564,47186,47196,10
12.9749403,80.2507781982,47196,47206,10
12.9738798141,80.2504577637,47206,47216,10
12.9724998474,80.2501373291,47216,47236,20
12.9724998474,80.2501373291,47236,47246,10
12.9721803665,80.250038147,47246,47256,10
12.9714698792,80.2498474121,47256,47266,10
12.9705896378,80.2495880127,47266,47276,10
12.9696598053,80.2492294312,47276,47287,11
12.9685001373,80.2487564087,47287,47297,10
12.9674596786,80.2483596802,47297,47307,10
12.9666595459,80.2480163574,47307,47317,10
12.965929985,80.2477111816,47317,47333,16
12.9651002884,80.2473983765,47333,47345,12
12.9650497437,80.2473983765,47345,47353,8
12.9647598267,80.2472915649,47353,47365,12
12.9640703201,80.2470169067,47365,47375,10
12.96352005,80.2467803955,47375,47385,10
12.9629201889,80.2465286255,47385,47396,11
12.9620199203,80.2460327148,47396,47406,10
12.9610996246,80.2455215454,47406,47416,10
12.9602003098,80.2451171875,47416,47425,9
12.9595403671,80.2448730469,47425,47436,11
12.9593696594,80.2447967529,47436,47446,10
12.9590501785,80.2446365356,47446,47456,10
12.9584798813,80.2444229126,47456,47466,10
12.9577798843,80.2441329956,47466,47476,10
12.9572401047,80.243888855,47476,47486,10
12.956609726,80.2437362671,47486,47557,71
12.956609726,80.2437362671,47557,47567,10
12.9560203552,80.2434921265,47567,47577,10
12.9553403854,80.2430801392,47577,47587,10
12.9543504715,80.2426834106,47587,47597,10
12.9534196854,80.2423019409,47597,47607,10
12.952340126,80.2418899536,47607,47616,9
12.9516897202,80.2416763306,47616,47628,12
12.9515199661,80.2416381836,47628,47638,10
12.9507598877,80.2412033081,47638,47648,10
12.9499197006,80.2409362793,47648,47658,10
12.9491100311,80.2407073975,47658,47668,10
12.9484796524,80.2404785156,47668,47678,10
12.9476099014,80.2401123047,47678,47688,10
12.9470596313,80.2399215698,47688,47698,10
12.9470396042,80.2399215698,47698,47708,10
12.9469299316,80.2399215698,47708,47718,10
12.9464101791,80.2397232056,47718,47728,10
12.9456396103,80.2393417358,47728,47739,11
12.9447402954,80.2386322021,47739,47749,10
12.9443597794,80.2382507324,47749,47759,10
12.9437999725,80.23777771,47759,47769,10
12.9432201385,80.2371063232,47769,47779,10
12.9423398972,80.2365493774,47779,47789,10
12.9412899017,80.2362213135,47789,47799,10
12.939789772,80.235786438,47799,47819,20
12.939789772,80.235786438,47819,47829,10
12.939450264,80.2356567383,47829,47839,10
12.9387598038,80.2352600098,47839,47849,10
12.9378595352,80.2348022461,47849,47860,11
12.9366703033,80.2342681885,47860,47870,10
12.9359798431,80.2339477539,47870,47880,10
12.9358301163,80.2338867188,47880,47896,16
12.9353599548,80.2336730957,47896,47908,12
12.9344301224,80.2332305908,47908,47918,10
12.9338703156,80.2330093384,47918,47938,20
12.9338703156,80.2330093384,47938,47948,10
12.9337301254,80.2329025269,47948,47958,10
12.9333400726,80.232749939,47958,47969,11
12.93268013,80.2324829102,47969,47979,10
12.9318704605,80.2321929932,47979,47989,10
12.9309396744,80.2318878174,47989,47999,10
12.9299697876,80.2315979004,47999,48009,10
12.9291496277,80.2313995361,48009,48019,10
12.9284896851,80.2312774658,48019,48029,10
12.9276199341,80.2311401367,48029,48039,10
12.9266004562,80.2310333252,48039,48049,10
12.9260196686,80.2310028076,48049,48059,10
12.9259996414,80.231010437,48059,48069,10
12.925620079,80.2309799194,48069,48079,10
12.9249696732,80.2308883667,48079,48090,11
12.9239597321,80.230758667,48090,48100,10
12.9228401184,80.2306137085,48100,48110,10
12.9215497971,80.2304077148,48110,48120,10
12.9202003479,80.2302474976,48120,48130,10
12.9193096161,80.230140686,48130,48140,10
12.919210434,80.2301177979,48140,48150,10
12.918510437,80.2300491333,48150,48322,172
12.918510437,80.2300491333,48322,48332,10
12.9184103012,80.2300262451,48332,48342,10
12.9179201126,80.2299499512,48342,48352,10
12.9170999527,80.2298202515,48352,48362,10
12.9160604477,80.2296676636,48362,48372,10
12.9150800705,80.2295227051,48372,48382,10
12.9140396118,80.2294006348,48382,48392,10
12.9134101868,80.2293167114,48392,48402,10
12.9132995605,80.2293167114,48402,48412,10
12.9131202698,80.2292785645,48412,48422,10
12.9125699997,80.2292022705,48422,48433,11
12.9116201401,80.229057312,48433,48443,10
12.910490036,80.2288665771,48443,48453,10
12.9092702866,80.2286605835,48453,48463,10
12.9081697464,80.2284927368,48463,48473,10
12.9072504044,80.2284088135,48473,48523,50
12.9070501328,80.2283477783,48523,48533,10
12.9070501328,80.2283477783,48533,48543,10
12.9067296982,80.2283477783,48543,48554,11
12.9060497284,80.2282867432,48554,48564,10
12.9052295685,80.2282104492,48564,48574,10
12.9042196274,80.2281417847,48574,48584,10
12.9030895233,80.2280807495,48584,48594,10
12.9023399353,80.2280578613,48594,48605,11
12.9021196365,80.2280273438,48605,48615,10
12.9019899368,80.2280197144,48615,48625,10
12.901720047,80.2280273438,48625,48635,10
12.9012403488,80.2279968262,48635,48645,10
12.9007797241,80.2279510498,48645,48654,9
12.9004898071,80.2279586792,48654,48666,12
12.9000501633,80.2279510498,48666,48676,10
12.8999099731,80.2279129028,48676,48686,10
12.8993701935,80.227897644,48686,48716,30
12.8993701935,80.227897644,48716,48726,10
12.8991003036,80.2278823853,48726,48736,10
12.8986101151,80.2278671265,48736,48746,10
12.8982601166,80.2278518677,48746,48756,10
12.8979997635,80.2278213501,48756,48766,10
12.8975200653,80.2277908325,48766,48776,10
12.8967399597,80.2277526855,48776,48787,11
12.8956804276,80.2276992798,48787,48797,10
12.894659996,80.2276535034,48797,48813,16
12.8932304382,80.2275085449,48813,48835,22
12.8932304382,80.2275085449,48835,48845,10
12.8929796219,80.2274932861,48845,48854,9
12.8924198151,80.2274169922,48854,48865,11
12.8912601471,80.2273635864,48865,48875,10
12.8900299072,80.2273635864,48875,48885,10
12.8887701035,80.2273788452,48885,48896,11
12.8883800507,80.2273483276,48896,48906,10
12.8882598877,80.2273635864,48906,48916,10
12.8876800537,80.2273101807,48916,48925,9
12.886879921,80.2271575928,48925,48936,11
12.885840416,80.2269134521,48936,48946,10
12.8848400116,80.2267532349,48946,48956,10
12.8847799301,80.2267532349,48956,48966,10
12.8845596313,80.2267608643,48966,48976,10
12.8838396072,80.2267379761,48976,48986,10
12.8828401566,80.2267379761,48986,48996,10
12.8816404343,80.2267379761,48996,49006,10
12.8803300858,80.2267379761,49006,49017,11
12.8788499832,80.2267837524,49017,49027,10
12.8776197433,80.2268600464,49027,49037,10
12.8766498566,80.2269363403,49037,49047,10
12.8764600754,80.2268676758,49047,49057,10
12.8764095306,80.2266769409,49057,49067,10
12.8764295578,80.2265777588,49067,49077,10
12.8764200211,80.2263565063,49077,49087,10
12.8765296936,80.2257232666,49087,49097,10
12.8766403198,80.2247619629,49097,49107,10
12.8768396378,80.2235183716,49107,49117,10
12.8771600723,80.22215271,49117,49128,11
12.8775196075,80.2205810547,49128,49138,10
12.8777999878,80.2194595337,49138,49148,10
12.8780498505,80.2182922363,49148,49158,10
12.8782596588,80.2170333862,49158,49168,10
12.8786001205,80.2156219482,49168,49178,10
12.8789596558,80.2141571045,49178,49188,10
12.879240036,80.2126617432,49188,49198,10
12.8794403076,80.2113800049,49198,49208,10
12.8791503906,80.210899353,49208,49218,10
12.8789901733,80.2109222412,49218,49228,10
12.8789701462,80.2109603882,49228,49238,10
12.8787899017,80.2109069824,49238,49249,11
12.8781099319,80.2107696533,49249,49259,10
12.8772497177,80.2105636597,49259,49269,10
12.8762998581,80.2104034424,49269,49279,10
12.8754796982,80.2102813721,49279,49289,10
12.8744297028,80.210067749,49289,49319,30
12.8744297028,80.210067749,49319,49329,10
12.8743801117,80.2099304199,49329,49339,10
12.8745298386,80.2095565796,49339,49349,10
12.8748598099,80.2096862793,49349,49360,11
12.8749799728,80.2098999023,49360,49370,10
12.8751401901,80.2099990845,49370,49390,20
12.8751401901,80.2099990845,49390,49400,10
12.874830246,80.2095489502,49400,49410,10
12.8748502731,80.2098083496,49410,49420,10
12.8748197556,80.2097320557,49420,49430,10
12.87362957,80.2102890015,49430,49440,10
12.8721199036,80.2104873657,49440,49471,31
12.8721199036,80.2104873657,49471,49481,10
12.8747301102,80.209602356,49481,49491,10
12.8750600815,80.209777832,49491,49501,10
12.8746995926,80.2096328735,49501,49511,10
12.8746404648,80.2095794678,49511,49521,10
12.8743200302,80.2096099854,49521,49531,10
12.8739900589,80.2097320557,49531,49541,10
12.8748998642,80.2095413208,49541,49551,10
12.8749399185,80.2099761963,49551,49561,10
12.8748998642,80.2096405029,49561,49571,10
12.8749799728,80.2099304199,49571,49581,10
12.8749904633,80.2100830078,49581,49592,11
12.8750400543,80.2101516724,49592,49602,10
12.8750696182,80.2100982666,49602,49612,10
12.8750896454,80.2099227905,49612,49622,10
12.8750400543,80.2098388672,49622,49632,10
12.875,80.2096328735,49632,49642,10
12.874879837,80.2093582153,49642,49652,10
12.8747596741,80.2092437744,49652,49662,10
12.8748703003,80.2093582153,49662,49672,10
12.8749599457,80.2096633911,49672,49682,10
12.8750295639,80.2097625732,49682,49692,10
12.8750600815,80.2098617554,49692,49703,11
12.875,80.2094573975,49703,49723,20
12.875,80.2094573975,49723,49733,10
12.8748102188,80.2096176147,49733,49743,10
12.8746995926,80.209602356,49743,49753,10
12.8749103546,80.2097625732,49753,49783,30
12.8749704361,80.2096328735,49783,49803,20
12.8749704361,80.2096328735,49803,49814,11
12.874879837,80.2096710205,49814,49824,10
12.875,80.2096176147,49824,49834,10
12.8750095367,80.2096176147,49834,49844,10
12.875,80.209602356,49844,49854,10
12.8750200272,80.2095489502,49854,49864,10
12.8749399185,80.2097167969,49864,49874,10
12.8747797012,80.2096786499,49874,49884,10
12.8747797012,80.2097167969,49884,49894,10
12.8748197556,80.2099609375,49894,49904,10
12.8750200272,80.2102432251,49904,49925,21
12.8750200272,80.2102432251,49925,49935,10
12.8749704361,80.2093963623,49935,49945,10
12.8749399185,80.2095336914,49945,49955,10
12.8748703003,80.2093734741,49955,49965,10
12.8748903275,80.2095413208,49965,49975,10
12.8748903275,80.210067749,49975,49985,10
12.8750295639,80.2092590332,49985,49995,10
12.875,80.2092285156,49995,50005,10
12.8750095367,80.2092437744,50005,50015,10
12.8749303818,80.2093505859,50015,50056,41
12.8749303818,80.2093505859,50056,50066,10
12.8748502731,80.2095413208,50066,50076,10
12.874879837,80.2095184326,50076,50085,9
12.8748703003,80.2094268799,50085,50096,11
12.8749504089,80.209197998,50096,50106,10
12.8749504089,80.2091293335,50106,50116,10
12.8749599457,80.2097625732,50116,50126,10
12.8740596771,80.2096405029,50126,50136,10
12.8746595383,80.2095794678,50136,50146,10
12.8748598099,80.2097320557,50146,50167,21
12.8748598099,80.2097320557,50167,50177,10
12.8748598099,80.2098693848,50177,50247,70
12.8748598099,80.2098693848,50247,50257,10
12.8749704361,80.2095794678,50257,50267,10
12.875,80.2096405029,50267,50278,11
12.8749904633,80.2095794678,50278,50288,10
12.8751602173,80.2095031738,50288,50298,10
12.8752202988,80.2094573975,50298,50308,10
12.8755397797,80.2093276978,50308,50318,10
12.8753795624,80.2093582153,50318,50328,10
12.8748598099,80.2094497681,50328,50338,10
12.8744602203,80.2092895508,50338,50348,10
12.8741197586,80.2091064453,50348,50358,10
12.8738002777,80.2088470459,50358,50368,10
12.8734798431,80.2086715698,50368,50459,91
12.8734798431,80.2086715698,50459,50469,10
12.8748197556,80.2096710205,50469,50479,10
12.8749399185,80.2096099854,50479,50489,10
12.8749303818,80.2097015381,50489,50499,10
12.8750400543,80.2097015381,50499,50510,11
12.8752202988,80.2095489502,50510,50520,10
12.8751096725,80.2095794678,50520,50530,10
12.8758401871,80.2093429565,50530,50832,302
12.8758401871,80.2093429565,50832,50842,10
12.8742303848,80.2095718384,50842,50853,11
12.8744297028,80.2095031738,50853,50863,10
12.8735303879,80.209312439,50863,50873,10
12.8746099472,80.2096481323,50873,50883,10
12.8745698929,80.2094802856,50883,50893,10
12.8742399216,80.2094497681,50893,50902,9
12.8739299774,80.2092285156,50902,50922,20
12.8739299774,80.2092285156,50922,50933,11
12.8750200272,80.2095870972,50933,50943,10
12.875120163,80.2097625732,50943,51014,71
12.875120163,80.2097625732,51014,51024,10
12.874830246,80.2087020874,51024,51054,30
12.874830246,80.2087020874,51054,51064,10
12.8748703003,80.2096862793,51064,51105,41
12.8748703003,80.2096862793,51105,51115,10
12.8747701645,80.2095336914,51115,51125,10
12.875120163,80.2098922729,51125,51145,20
12.875120163,80.2098922729,51145,51155,10
12.8748998642,80.2097625732,51155,51256,101
12.8748998642,80.2097625732,51256,51266,10
12.875120163,80.2098693848,51266,51276,10
12.8753404617,80.2094573975,51276,51286,10
12.8754396439,80.2094268799,51286,51296,10
12.8754796982,80.2094268799,51296,51307,11
12.8754997253,80.2095794678,51307,51317,10
12.8751802444,80.2097091675,51317,51327,10
12.8746500015,80.2097625732,51327,51337,10
12.8749103546,80.2096633911,51337,51347,10
12.8749103546,80.2095794678,51347,51357,10
12.8748397827,80.2096633911,51357,51367,10
12.8747501373,80.2100067139,51367,51377,10
12.8746795654,80.2104110718,51377,51387,10
12.8746299744,80.2104263306,51387,51397,10
12.8746995926,80.2104492188,51397,51428,31
12.8746995926,80.2104492188,51428,51438,10
12.8746404648,80.2097015381,51438,51448,10
12.8748397827,80.2097320557,51448,51458,10
12.8746995926,80.2097396851,51458,51478,20
12.8746995926,80.2097396851,51478,51488,10
12.8747997284,80.2100906372,51488,51508,20
12.8747997284,80.2100906372,51508,51518,10
12.875169754,80.2102279663,51518,51528,10
12.8757400513,80.2103271484,51528,51539,11
12.8763504028,80.2104492188,51539,51549,10
12.8765497208,80.2104797363,51549,51559,10
12.8771295547,80.2105407715,51559,51569,10
12.877869606,80.2107009888,51569,51579,10
12.8785800934,80.2108535767,51579,51589,10
12.8791103363,80.2109527588,51589,51599,10
12.8792896271,80.2109985352,51599,51609,10
12.8793697357,80.2110366821,51609,51619,10
12.8793897629,80.2110595703,51619,51629,10
12.8795003891,80.2113037109,51629,51639,10
12.8794002533,80.2118835449,51639,51650,11
12.8792104721,80.2127990723,51650,51660,10
12.8789997101,80.2138366699,51660,51670,10
12.8787899017,80.2149581909,51670,51680,10
12.8785295486,80.2161331177,51680,51690,10
12.8782997131,80.2172927856,51690,51700,10
12.8780403137,80.218536377,51700,51710,10
12.8777599335,80.2198028564,51710,51720,10
12.8774595261,80.2210769653,51720,51730,10
12.8771696091,80.2223892212,51730,51740,10
12.8768501282,80.2237625122,51740,51750,10
12.8766498566,80.225112915,51750,51760,10
12.8765096664,80.2262573242,51760,51771,11
12.8764696121,80.2268600464,51771,51791,20
12.8764696121,80.2268600464,51791,51801,10
12.8768901825,80.2268600464,51801,51811,10
12.8776397705,80.2268066406,51811,51821,10
12.8786401749,80.2267227173,51821,51831,10
12.8797903061,80.2266921997,51831,51841,10
12.8810596466,80.2266769409,51841,51851,10
12.882349968,80.2266769409,51851,51861,10
12.8837003708,80.2266693115,51861,51871,10
12.8848400116,80.2266693115,51871,51881,10
12.8851995468,80.2266769409,51881,51892,11
12.8853197098,80.2266921997,51892,51902,10
12.8858995438,80.2268218994,51902,51912,10
12.886759758,80.2270584106,51912,51922,10
12.8878698349,80.2272415161,51922,51932,10
12.8886003494,80.2272796631,51932,51942,10
12.888759613,80.2273025513,51942,51952,10
12.889380455,80.2273025513,51952,51962,10
12.8902997971,80.2273025513,51962,51972,10
12.891409874,80.2273330688,51972,51982,10
12.89220047,80.2273330688,51982,51992,10
12.8929004669,80.2274017334,51992,52003,11
12.8938503265,80.2275085449,52003,52013,10
12.8940200806,80.2275314331,52013,52023,10
12.8942804337,80.2275619507,52023,52033,10
12.8949604034,80.2276000977,52033,52043,10
12.8959197998,80.2276306152,52043,52053,10
12.8971395493,80.2276916504,52053,52063,10
12.8984003067,80.2277832031,52063,52073,10
12.8993997574,80.2278366089,52073,52083,10
12.8999595642,80.2278671265,52083,52093,10
12.9000797272,80.2278823853,52093,52103,10
12.9002199173,80.2278900146,52103,52114,11
12.900639534,80.2279205322,52114,52124,10
12.9012699127,80.2279281616,52124,52134,10
12.9020004272,80.2279281616,52134,52144,10
12.9026603699,80.2279663086,52144,52164,20
12.9026603699,80.2279663086,52164,52173,9
12.9029197693,80.2279891968,52173,52184,11
12.9036998749,80.2280502319,52184,52194,10
12.904589653,80.2281417847,52194,52204,10
12.9050502777,80.2281265259,52204,52214,10
12.9055595398,80.2281112671,52214,52235,21
12.9057798386,80.2281112671,52235,52275,40
12.9057798386,80.2281112671,52275,52285,10
12.9059495926,80.2281417847,52285,52295,10
12.9062404633,80.2282028198,52295,52305,10
12.90666008,80.2281799316,52305,52315,10
12.9069404602,80.228187561,52315,52325,10
12.9070196152,80.2282180786,52325,52335,10
12.9071102142,80.2282562256,52335,52346,11
12.907699585,80.2283630371,52346,52356,10
12.9084997177,80.2285003662,52356,52366,10
12.9094600677,80.2286529541,52366,52376,10
12.9104795456,80.2287979126,52376,52386,10
12.9114904404,80.2289810181,52386,52396,10
12.912560463,80.2291183472,52396,52406,10
12.9135398865,80.2292175293,52406,52416,10
12.9139900208,80.2292480469,52416,52426,10
12.9139900208,80.2292404175,52426,52436,10
12.9142599106,80.2293014526,52436,52446,10
12.9149503708,80.2294006348,52446,52457,11
12.9159402847,80.229598999,52457,52467,10
12.9169998169,80.2297210693,52467,52477,10
12.9181804657,80.2298812866,52477,52487,10
12.9190797806,80.2299880981,52487,52497,10
12.9192399979,80.2300033569,52497,52507,10
12.919549942,80.2300262451,52507,52517,10
12.9202604294,80.2301483154,52517,52527,10
12.9211702347,80.2302932739,52527,52537,10
12.9223003387,80.2304534912,52537,52547,10
12.9235801697,80.2306365967,52547,52557,10
12.9247198105,80.2307662964,52557,52567,10
12.9257497787,80.2309036255,52567,52578,11
12.9263896942,80.23097229,52578,52588,10
12.9263896942,80.2309570313,52588,52598,10
12.9267702103,80.2310333252,52598,52608,10
12.9274902344,80.2311019897,52608,52618,10
12.9282598495,80.2311935425,52618,52628,10
12.9286499023,80.2312393188,52628,52638,10
12.9288797379,80.2312698364,52638,52648,10
12.9294500351,80.2313995361,52648,52658,10
12.9302597046,80.231590271,52658,52668,10
12.9312200546,80.231880188,52668,52678,10
12.9321699142,80.2322006226,52678,52689,11
12.9330701828,80.2325286865,52689,52699,10
12.9336900711,80.2327728271,52699,52719,20
12.9336900711,80.2327728271,52719,52729,10
12.9338703156,80.2328262329,52729,52739,10
12.9344396591,80.2331008911,52739,52749,10
12.9352197647,80.2334594727,52749,52759,10
12.9357004166,80.2337036133,52759,52769,10
12.9358797073,80.2337722778,52769,52779,10
12.9363803864,80.2340621948,52779,52789,10
12.9371700287,80.2344207764,52789,52800,11
12.9382400513,80.234916687,52800,52810,10
12.9392595291,80.2353973389,52810,52820,10
12.9398498535,80.2356262207,52820,52831,11
12.9399299622,80.2356491089,52831,52841,10
12.9404001236,80.2359008789,52841,52851,10
12.940779686,80.2360076904,52851,52861,10
12.9414196014,80.2361679077,52861,52871,10
12.9423103333,80.2363967896,52871,52881,10
12.9432697296,80.236907959,52881,52891,10
12.9441003799,80.23777771,52891,52901,10
12.9449701309,80.2387313843,52901,52911,10
12.9460000992,80.239440918,52911,52922,11
12.9473199844,80.2399902344,52922,52942,20
12.9473199844,80.2399902344,52942,52952,10
12.9473400116,80.239982605,52952,52962,10
12.9477396011,80.2401504517,52962,52972,10
12.9483203888,80.2403869629,52972,52982,10
12.9485797882,80.2404785156,52982,52992,10
12.9489402771,80.2406387329,52992,53002,10
12.9495897293,80.2408905029,53002,53012,10
12.9504899979,80.2411575317,53012,53022,10
12.9511404037,80.2413482666,53022,53033,11
12.9511699677,80.2413635254,53033,53043,10
12.9515600204,80.2415313721,53043,53053,10
12.9523096085,80.2418212891,53053,53063,10
12.9531803131,80.2421188354,53063,53073,10
12.9537696838,80.2423934937,53073,53083,10
12.9541501999,80.2425537109,53083,53093,10
12.9548101425,80.2428283691,53093,53103,10
12.9555101395,80.243057251,53103,53113,10
12.9561395645,80.2433700562,53113,53123,10
12.9562797546,80.2434234619,53123,53133,10
12.9563999176,80.2434463501,53133,53143,10
12.9567499161,80.2436294556,53143,53154,11
12.9577302933,80.2440185547,53154,53164,10
12.9586000443,80.2443389893,53164,53174,10
12.9589300156,80.244468689,53174,53184,10
12.9589796066,80.2444763184,53184,53194,10
12.959280014,80.2446517944,53194,53204,10
12.9597396851,80.2448577881,53204,53214,10
12.9604701996,80.2451934814,53214,53224,10
12.9613704681,80.2456207275,53224,53234,10
12.9623498917,80.24609375,53234,53244,10
12.9630298615,80.2464370728,53244,53254,10
12.9634399414,80.2466812134,53254,53265,11
12.9640598297,80.2469329834,53265,53275,10
12.9647598267,80.2471923828,53275,53284,9
12.9654598236,80.2473907471,53284,53295,11
12.9663095474,80.247718811,53295,53305,10
12.9669103622,80.2479705811,53305,53315,10
12.9669704437,80.2480163574,53315,53325,10
12.9672002792,80.2481689453,53325,53335,10
12.9678697586,80.2484664917,53335,53345,10
12.9687004089,80.2488632202,53345,53355,10
12.9697904587,80.2492523193,53355,53365,10
12.9710302353,80.249671936,53365,53376,11
12.9724702835,80.250038147,53376,53386,10
12.9737596512,80.2503585815,53386,53396,10
12.9744195938,80.25050354,53396,53406,10
12.9744501114,80.2505111694,53406,53416,10
12.9748601913,80.2506637573,53416,53426,10
12.9756402969,80.2508926392,53426,53436,10
12.9766302109,80.2511825562,53436,53446,10
12.9776802063,80.2517089844,53446,53456,10
12.9786701202,80.2524414063,53456,53466,10
12.9795103073,80.2525405884,53466,53476,10
12.9799203873,80.252456665,53476,53487,11
12.9799804688,80.252281189,53487,53497,10
12.9799804688,80.2521820068,53497,53507,10
12.9800796509,80.2518386841,53507,53517,10
12.9802598953,80.2512207031,53517,53527,10
12.9805202484,80.2502822876,53527,53537,10
12.9807100296,80.2490997314,53537,53547,10
12.9807796478,80.2479019165,53547,53557,10
12.9808797836,80.2466812134,53557,53567,10
12.9810304642,80.2453308105,53567,53577,10
12.9811296463,80.2442321777,53577,53587,10
12.9812097549,80.2436828613,53587,53597,10
12.9813098907,80.2433929443,53597,53608,11
12.9813203812,80.2431488037,53608,53618,10
12.9813299179,80.2427902222,53618,53628,10
12.9813203812,80.2427368164,53628,53638,10
12.9813499451,80.2423171997,53638,53648,10
12.9813499451,80.241607666,53648,53658,10
12.9813404083,80.2407684326,53658,53668,10
12.9812898636,80.2398986816,53668,53688,20
12.9812898636,80.2398986816,53688,53698,10
12.9812803268,80.2395782471,53698,53708,10
12.9812803268,80.2389907837,53708,53719,11
12.9813098907,80.2381210327,53719,53729,10
12.981300354,80.2379684448,53729,53739,10
12.9812602997,80.2377319336,53739,53749,10
12.9812402725,80.2371673584,53749,53759,10
12.9812002182,80.2363433838,53759,53769,10
12.9811697006,80.2354431152,53769,53779,10
12.9811496735,80.2345428467,53779,53789,10
12.9814195633,80.2336730957,53789,53799,10
12.9816198349,80.2332763672,53799,53809,10
12.9816999435,80.2331619263,53809,53819,10
12.9819202423,80.2326583862,53819,53830,11
12.9819698334,80.2321166992,53830,53840,10
12.9819498062,80.2316589355,53840,53850,10
12.9818096161,80.231048584,53850,53860,10
12.9815397263,80.2304763794,53860,53869,9
12.9811296463,80.2298431396,53869,53880,11
12.980799675,80.2292480469,53880,53890,10
12.9805898666,80.2289428711,53890,53900,10
12.9805603027,80.2288513184,53900,53910,10
12.9803695679,80.2285232544,53910,53920,10
12.9801797867,80.2280807495,53920,53930,10
12.9797801971,80.2274017334,53930,53940,10
12.9793596268,80.2267303467,53940,53951,11
12.9789199829,80.225982666,53951,53961,10
12.9784898758,80.2252502441,53961,53971,10
12.978099823,80.224647522,53971,53981,10
12.9778699875,80.2243804932,53981,53991,10
12.9775600433,80.2238616943,53991,54001,10
12.9771699905,80.2232513428,54001,54011,10
12.976940155,80.2227630615,54011,54021,10
12.9771003723,80.2226791382,54021,54031,10
12.9771604538,80.2226333618,54031,54041,10
12.977350235,80.2227096558,54041,54051,10
12.9775400162,80.2223815918,54051,54068,17
12.9774503708,80.2214279175,54068,54080,12
12.9777002335,80.2212219238,54080,54090,10
12.9781198502,80.2210235596,54090,54099,9
12.9787597656,80.221031189,54099,54110,11
12.9793701172,80.2209396362,54110,54120,10
12.9797697067,80.2208480835,54120,54130,10
12.9806404114,80.220916748,54130,54139,9
12.9811897278,80.2210617065,54139,54149,10
12.9817895889,80.2215194702,54149,54160,11
12.9824800491,80.2218399048,54160,54170,10
12.9829397202,80.2220230103,54170,54181,11
12.9829597473,80.2220230103,54181,54191,10
12.9831800461,80.2221374512,54191,54201,10
12.9835996628,80.2224197388,54201,54211,10
12.9838895798,80.2225723267,54211,54221,10
12.9843397141,80.2228317261,54221,54231,10
12.9846897125,80.2230072021,54231,54241,10
12.9852600098,80.2232666016,54241,54251,10
12.9857797623,80.2229385376,54251,54261,10
12.9864597321,80.2229537964,54261,54271,10
12.9864702225,80.2229614258,54271,54281,10
12.9866895676,80.2229690552,54281,54292,11
12.9871196747,80.2230606079,54292,54302,10
12.9877099991,80.2229690552,54302,54312,10
12.9884500504,80.2224502563,54312,54322,10
12.9890203476,80.2218704224,54322,54332,10
12.9895896912,80.2211532593,54332,54342,10
12.990240097,80.2204437256,54342,54352,10
12.9904403687,80.2202911377,54352,54362,10
12.9906597137,80.2200469971,54362,54372,10
12.9911298752,80.2197113037,54372,54382,10
12.9916200638,80.2193908691,54382,54392,10
12.9922103882,80.2190933228,54392,54403,11
12.9929895401,80.218536377,54403,54413,10
12.9936704636,80.2180175781,54413,54423,10
12.9941997528,80.2175521851,54423,54433,10
12.994600296,80.2172012329,54433,54443,10
12.995010376,80.2169494629,54443,54453,10
12.9955301285,80.2166900635,54453,54463,10
12.9960403442,80.2164611816,54463,54473,10
12.9965896606,80.2164230347,54473,54483,10
12.9971904755,80.2163314819,54483,54493,10
12.9975299835,80.2160568237,54493,54503,10
12.9975404739,80.2160568237,54503,54513,10
12.9976701736,80.2159423828,54513,54524,11
12.9980401993,80.2156066895,54524,54534,10
12.9986696243,80.2150878906,54534,54544,10
12.9990997314,80.2146911621,54544,54554,10
12.9995002747,80.2143478394,54554,54563,9
12.9999704361,80.2139892578,54563,54574,11
13.000579834,80.2134475708,54574,54584,10
13.0010595322,80.2129821777,54584,54594,10
13.0016202927,80.2125320435,54594,54604,10
13.0022201538,80.2122268677,54604,54614,10
13.0027599335,80.2120819092,54614,54624,10
13.0031795502,80.2120285034,54624,54635,11
13.0034999847,80.2118835449,54635,54645,10
13.003660202,80.2116088867,54645,54655,10
13.003660202,80.2109222412,54655,54665,10
13.0035400391,80.2101898193,54665,54675,10
13.0034999847,80.2094802856,54675,54685,10
13.0036296844,80.2088623047,54685,54695,10
13.0041103363,80.2086334229,54695,54705,10
13.0048303604,80.2089767456,54705,54715,10
13.0054798126,80.2092819214,54715,54725,10
13.0060796738,80.2095031738,54725,54735,10
13.0069503784,80.2097320557,54735,54766,31
13.0069503784,80.2097320557,54766,54776,10
13.0070800781,80.2097473145,54776,54786,10
13.0073795319,80.2098236084,54786,54796,10
13.0078802109,80.2099227905,54796,54806,10
13.0081195831,80.2098236084,54806,54816,10
13.0080299377,80.2092666626,54816,54826,10
13.0079698563,80.2083969116,54826,54836,10
13.0077896118,80.2074584961,54836,54846,10
13.0076198578,80.2066268921,54846,54856,10
13.0075101852,80.2059020996,54856,54867,11
13.0074796677,80.2054824829,54867,54877,10
13.0074701309,80.2049026489,54877,54887,10
13.0074901581,80.2042999268,54887,54897,10
13.0073900223,80.2036514282,54897,54907,10
13.0071897507,80.2027282715,54907,54917,10
13.0065803528,80.2027130127,54917,54927,10
13.0067996979,80.2033462524,54927,54937,10
13.007610321,80.2036590576,54937,54947,10
13.0086202621,80.203666687,54947,54957,10
13.0099401474,80.2036209106,54957,54967,10
13.011349678,80.2036819458,54967,54978,11
13.0128002167,80.2039489746,54978,54988,10
13.0136098862,80.2042388916,54988,54998,10
13.0136604309,80.2043762207,54998,55008,10
13.0135202408,80.2046890259,55008,55018,10
13.0133199692,80.2054290771,55018,55028,10
13.0130596161,80.2063903809,55028,55038,10
13.0129098892,80.2074584961,55038,55048,10
13.0128002167,80.2080688477,55048,55058,10
13.0128202438,80.2083969116,55058,55068,10
13.012840271,80.2086715698,55068,55078,10
13.0129499435,80.2092437744,55078,55088,10
13.0130901337,80.2096099854,55088,55099,11
13.0130796432,80.210357666,55099,55109,10
13.0127801895,80.2112808228,55109,55119,10
13.0123701096,80.212020874,55119,55129,10
13.0119600296,80.2126235962,55129,55139,10
13.0117902756,80.2128601074,55139,55149,10
13.0113201141,80.2124481201,55149,55159,10
13.0106801987,80.2119903564,55159,55169,10
13.0103397369,80.211730957,55169,55179,10
13.0099096298,80.2113494873,55179,55189,10
13.0096797943,80.2112197876,55189,55199,10
13.0095796585,80.2111434937,55199,55220,21
13.009519577,80.2111968994,55220,55702,482
13.009519577,80.2111968994,55702,55712,10
13.00922966,80.2109909058,55712,55722,10
13.0091295242,80.2110977173,55722,55732,10
13.0089998245,80.2114028931,55732,55742,10
13.0090799332,80.2117996216,55742,55752,10
13.0093097687,80.2124099731,55752,55762,10
13.0095701218,80.2132110596,55762,55772,10
13.0099000931,80.2140426636,55772,55783,11
13.0101804733,80.2150115967,55783,55793,10
13.0103702545,80.2159423828,55793,55803,10
13.0108604431,80.2168579102,55803,55813,10
13.0113401413,80.2179031372,55813,55823,10
13.0116996765,80.2188720703,55823,55833,10
13.0119600296,80.2201538086,55833,55843,10
13.0121498108,80.2209396362,55843,55853,10
13.0122404099,80.2213287354,55853,55863,10
13.0123195648,80.221496582,55863,55873,10
13.0126304626,80.2219085693,55873,55883,10
13.0130796432,80.2223968506,55883,55894,11
13.0136003494,80.2230072021,55894,55904,10
13.0141096115,80.2236175537,55904,55914,10
13.0145597458,80.2241821289,55914,55924,10
13.014960289,80.2246170044,55924,55934,10
13.0153398514,80.2250137329,55934,55944,10
13.0154495239,80.2252197266,55944,55954,10
13.0153999329,80.225479126,55954,55964,10
13.0152997971,80.2257232666,55964,55974,10
13.0151100159,80.2260131836,55974,55984,10
13.014670372,80.2262115479,55984,55994,10
13.0140600204,80.2264633179,55994,56004,10
13.0133495331,80.2267837524,56004,56015,11
13.0124197006,80.2270889282,56015,56031,16
13.0110397339,80.2274627686,56031,56043,12
13.0099601746,80.2278366089,56043,56053,10
13.0095701218,80.2277832031,56053,56063,10
13.0096597672,80.2270736694,56063,56073,10
13.0099802017,80.2262496948,56073,56083,10
13.0103197098,80.2255401611,56083,56093,10
13.0104103088,80.2252807617,56093,56103,10
13.0106801987,80.2248382568,56103,56113,10
13.0108995438,80.2242202759,56113,56123,10
13.0109500885,80.2236480713,56123,56134,11
13.0111598969,80.2231292725,56134,56144,10
13.0107603073,80.2229232788,56144,56154,10
13.0103397369,80.2227783203,56154,56164,10
13.0101995468,80.2227020264,56164,56174,10
13.0097198486,80.2223815918,56174,56184,10
13.0088996887,80.2219467163,56184,56194,10
13.0080795288,80.2215118408,56194,56204,10
13.007229805,80.2210388184,56204,56214,10
13.0064601898,80.2206573486,56214,56224,10
13.0057001114,80.2205123901,56224,56234,10
13.0049104691,80.2203369141,56234,56244,10
13.0043201447,80.2202072144,56244,56255,11
13.0038204193,80.2201080322,56255,56265,10
13.0029401779,80.2198410034,56265,56275,10
13.0022001266,80.2192382813,56275,56285,10
13.0016403198,80.2186584473,56285,56295,10
13.0008602142,80.218132019,56295,56304,9
13.0003204346,80.2177886963,56304,56314,10
12.9996595383,80.217376709,56314,56325,11
12.9983701706,80.2167663574,56325,56335,10
12.9974498749,80.216583252,56335,56345,10
12.9973602295,80.2166213989,56345,56356,11
12.9971599579,80.2167205811,56356,56366,10
12.9966402054,80.2167663574,56366,56376,10
12.995759964,80.2168426514,56376,56386,10
12.9951200485,80.2170181274,56386,56396,10
12.9949398041,80.2172317505,56396,56406,10
12.9945402145,80.2175369263,56406,56416,10
12.9940595627,80.2179718018,56416,56426,10
12.9933300018,80.218421936,56426,56436,10
12.9925298691,80.218963623,56436,56445,9
12.9917097092,80.2194824219,56445,56455,10
12.9910497665,80.2199630737,56455,56466,11
12.990819931,80.2201080322,56466,56477,11
12.9906702042,80.2203292847,56477,56487,10
12.9902896881,80.2206802368,56487,56497,10
12.9897003174,80.2213668823,56497,56507,10
12.9893302917,80.222038269,56507,56517,10
12.9889602661,80.2225570679,56517,56527,10
12.988240242,80.2229995728,56527,56537,10
12.9877996445,80.2231674194,56537,56547,10
12.987739563,80.2231521606,56547,56557,10
12.9875001907,80.2231521606,56557,56567,10
12.9871397018,80.2231063843,56567,56577,10
12.9869699478,80.2230834961,56577,56588,11
12.9868202209,80.2229995728,56588,56598,10
12.9865503311,80.2229919434,56598,56608,10
12.9861001968,80.2230529785,56608,56618,10
12.9856901169,80.2233581543,56618,56628,10
12.9849901199,80.2232131958,56628,56638,10
12.9843196869,80.2228088379,56638,56648,10
12.9837598801,80.2225418091,56648,56658,10
12.9834098816,80.2223434448,56658,56668,10
12.9832401276,80.2221832275,56668,56678,10
12.9832000732,80.2221603394,56678,56688,10
12.9830904007,80.2221221924,56688,56699,11
12.9826402664,80.2219772339,56699,56709,10
12.9819898605,80.2216720581,56709,56719,10
12.9816102982,80.2214279175,56719,56729,10
12.9809799194,80.2211380005,56729,56739,10
12.9803304672,80.2211837769,56739,56749,10
12.9796199799,80.2211990356,56749,56759,10
12.9789600372,80.2213134766,56759,56769,10
12.9785003662,80.221321106,56769,56779,10
12.978099823,80.2213821411,56779,56789,10
12.9774999619,80.2212600708,56789,56799,10
12.9768199921,80.221282959,56799,56809,10
12.9763202667,80.2212905884,56809,56840,31
12.9763202667,80.2212905884,56840,56850,10
12.976099968,80.2215423584,56850,56860,10
12.976360321,80.2217636108,56860,56870,10
12.976360321,80.2217712402,56870,56880,10
12.9764003754,80.2219009399,56880,56890,10
12.9766597748,80.2223815918,56890,56900,10
12.9770097733,80.2229385376,56900,56910,10
12.9775104523,80.2237167358,56910,56920,10
12.9780302048,80.2245635986,56920,56931,11
12.978509903,80.2253417969,56931,56941,10
12.9785699844,80.2253799438,56941,56951,10
12.9787302017,80.2256622314,56951,56961,10
12.9790802002,80.2262496948,56961,56971,10
12.9794998169,80.2270126343,56971,56981,10
12.9800195694,80.2278518677,56981,56991,10
12.9804601669,80.2286376953,56991,57001,10
12.9807901382,80.2291564941,57001,57011,10
12.9810400009,80.2295532227,57011,57021,10
12.9814596176,80.2301330566,57021,57031,10
12.9816999435,80.2305297852,57031,57042,11
12.9817304611,80.2305908203,57042,57052,10
12.9819297791,80.2310180664,57052,57062,10
12.9820404053,80.2316818237,57062,57072,10
12.982049942,80.232208252,57072,57082,10
12.9820098877,80.2325820923,57082,57092,10
12.9817695618,80.2332305908,57092,57102,10
12.981590271,80.2336120605,57102,57112,10
12.9814996719,80.2338027954,57112,57122,10
12.9812698364,80.2342987061,57122,57132,10
12.981180191,80.2348403931,57132,57142,10
12.9812002182,80.2356109619,57142,57152,10
12.9812297821,80.2364120483,57152,57163,11
12.9812498093,80.2374267578,57163,57173,10
12.9812698364,80.2380599976,57173,57183,10
12.9813299179,80.2385787964,57183,57193,10
12.9813203812,80.2386627197,57193,57203,10
12.9812898636,80.2388534546,57203,57213,10
12.9812402725,80.2394180298,57213,57223,10
12.981300354,80.2398910522,57223,57233,10
12.981300354,80.2406082153,57233,57243,10
12.9812803268,80.2415466309,57243,57253,10
12.9812803268,80.2420806885,57253,57263,10
12.9813499451,80.2427825928,57263,57284,21
12.9813499451,80.2427825928,57284,57294,10
12.9813995361,80.243270874,57294,57304,10
12.9813699722,80.2437362671,57304,57314,10
12.9812202454,80.2445602417,57314,57324,10
12.9810800552,80.2456283569,57324,57334,10
12.9809799194,80.2467727661,57334,57344,10
12.9808397293,80.2480010986,57344,57354,10
12.9807300568,80.2492828369,57354,57364,10
12.980509758,80.2505111694,57364,57374,10
12.9802103043,80.251663208,57374,57385,11
12.9800796509,80.252281189,57385,57395,10
12.9800300598,80.2526397705,57395,57435,40
12.9800395966,80.2528381348,57435,57465,30
12.9800395966,80.2528381348,57465,57475,10
12.9799804688,80.2529602051,57475,57485,10
12.9796304703,80.2529220581,57485,57495,10
12.9786100388,80.2526397705,57495,57516,21
12.9786100388,80.2526397705,57516,57526,10
12.9783401489,80.252456665,57526,57536,10
12.977809906,80.251991272,57536,57546,10
12.976940155,80.2514419556,57546,57556,10
12.9757604599,80.251083374,57556,57566,10
12.9745597839,80.2507171631,57566,57576,10
12.9733600616,80.2503967285,57576,57586,10
12.9725999832,80.2502212524,57586,57596,10
12.9725399017,80.2502212524,57596,57606,10
12.9722700119,80.2501296997,57606,57617,11
12.9715003967,80.2498931885,57617,57627,10
12.9706602097,80.2496185303,57627,57637,10
12.9697504044,80.2492675781,57637,57647,10
12.9686403275,80.248840332,57647,57657,10
12.9674196243,80.248336792,57657,57667,10
12.9663600922,80.247833252,57667,57677,10
12.9650297165,80.2473602295,57677,57697,20
12.9650297165,80.2473602295,57697,57707,10
12.9648599625,80.2473068237,57707,57717,10
12.964220047,80.2470626831,57717,57728,11
12.9635896683,80.2468490601,57728,57748,20
12.9635896683,80.2468490601,57748,57758,10
12.9635000229,80.2467803955,57758,57768,10
12.9629802704,80.2465209961,57768,57778,10
12.9622402191,80.246131897,57778,57788,10
12.9613704681,80.2457275391,57788,57798,10
12.9604301453,80.2452697754,57798,57808,10
12.9594097137,80.2448577881,57808,57828,20
12.9594097137,80.2448577881,57828,57839,11
12.9590997696,80.2446899414,57839,57849,10
12.9585599899,80.2444000244,57849,57859,10
12.9579000473,80.244140625,57859,57869,10
12.9573602676,80.2439575195,57869,57879,10
12.9570798874,80.2439117432,57879,57929,50
12.9568099976,80.243888855,57929,57980,51
12.9568099976,80.243888855,57980,57990,10
12.9564599991,80.2437973022,57990,58000,10
12.9564599991,80.2437820435,58000,58010,10
12.9562702179,80.2436676025,58010,58020,10
12.9557800293,80.2433929443,58020,58030,10
12.9549798965,80.2429885864,58030,58040,10
12.9542198181,80.2426376343,58040,58050,10
12.953379631,80.2422714233,58050,58060,10
12.952460289,80.2419433594,58060,58071,11
12.9518699646,80.2417297363,58071,58081,10
12.9517097473,80.2417602539,58081,58091,10
12.95154953,80.2416915894,58091,58101,10
12.9509801865,80.2414703369,58101,58111,10
12.950220108,80.2412261963,58111,58121,10
12.9495000839,80.2410202026,58121,58131,10
12.9488801956,80.2407684326,58131,58141,10
12.9480400085,80.2404174805,58141,58151,10
12.9473199844,80.2401275635,58151,58161,10
12.94713974,80.2400588989,58161,58171,10
12.9471302032,80.2400436401,58171,58181,10
12.9467601776,80.239906311,58181,58192,11
12.9460401535,80.239616394,58192,58202,10
12.9452495575,80.2391891479,58202,58212,10
12.9445695877,80.2384719849,58212,58222,10
12.9437999725,80.2376174927,58222,58232,10
12.94328022,80.2371063232,58232,58252,20
12.94328022,80.2371063232,58252,58262,10
12.9430103302,80.2369003296,58262,58272,10
12.9423904419,80.2365570068,58272,58282,10
12.9414596558,80.2362670898,58282,58292,10
12.9404001236,80.236000061,58292,58303,11
12.9397802353,80.2358322144,58303,58323,20
12.9397802353,80.2358322144,58323,58333,10
12.9394798279,80.2356567383,58333,58343,10
12.9388103485,80.2353210449,58343,58353,10
12.9379396439,80.2348937988,58353,58362,9
12.9370498657,80.2344512939,58362,58373,11
12.9362602234,80.2341003418,58373,58383,10
12.935379982,80.2336730957,58383,58393,10
12.9344797134,80.2332611084,58393,58403,10
12.9338598251,80.2329864502,58403,58414,11
12.9338302612,80.2329711914,58414,58424,10
12.9336795807,80.2329101563,58424,58434,10
12.9331197739,80.2326812744,58434,58444,10
12.9323701859,80.2323684692,58444,58454,10
12.9316501617,80.2321166992,58454,58464,10
12.9307203293,80.2318191528,58464,58474,10
12.9297103882,80.2315368652,58474,58484,10
12.9289398193,80.2313766479,58484,58494,10
12.9280195236,80.2312393188,58494,58504,10
12.92689991,80.2311401367,58504,58514,10
12.9260997772,80.2310562134,58514,58535,21
12.9260997772,80.2310562134,58535,58545,10
12.9257497787,80.2310028076,58545,58555,10
12.9251298904,80.2309417725,58555,58565,10
12.9242601395,80.2308273315,58565,58575,10
12.9231996536,80.2307128906,58575,58585,10
12.9220600128,80.2304916382,58585,58595,10
12.9210500717,80.2303390503,58595,58605,10
12.9200801849,80.2302322388,58605,58615,10
12.9193000793,80.2301712036,58615,58625,10
12.9191102982,80.2301483154,58625,58635,10
12.9190702438,80.2301025391,58635,58646,11
12.918510437,80.2299880981,58646,58655,9
12.9177398682,80.2298965454,58655,58666,11
12.9165897369,80.2297210693,58666,58676,10
12.915430069,80.2295608521,58676,58686,10
12.9144001007,80.2294311523,58686,58696,10
12.9132900238,80.2293167114,58696,58716,20
12.9132900238,80.2293167114,58716,58726,10
12.9130401611,80.2292861938,58726,58736,10
12.9123601913,80.2291717529,58736,58746,10
12.9114398956,80.2290267944,58746,58757,11
12.9101696014,80.2288208008,58757,58767,10
12.9089403152,80.2286224365,58767,58777,10
12.9078702927,80.2284622192,58777,58787,10
12.907119751,80.2283477783,58787,58797,10
12.9067697525,80.2283096313,58797,58807,10
12.9063301086,80.2283096313,58807,58817,10
12.9060297012,80.2283630371,58817,58847,30
12.9060297012,80.2283630371,58847,58857,10
12.9057598114,80.2282791138,58857,58867,10
12.9050798416,80.2282409668,58867,58878,11
12.904009819,80.2282028198,58878,58888,10
12.9029302597,80.2281265259,58888,58898,10
12.9018201828,80.2280578613,58898,58908,10
12.9008598328,80.228012085,58908,58918,10
12.9003095627,80.2279891968,58918,58928,10
12.8996801376,80.2279510498,58928,58989,61
12.8996801376,80.2279510498,58989,58999,10
12.8992204666,80.2278900146,58999,59009,10
12.8985395432,80.2278289795,59009,59019,10
12.8976402283,80.2277832031,59019,59029,10
12.8965797424,80.2277526855,59029,59039,10
12.895409584,80.2276992798,59039,59049,10
12.8941698074,80.2276306152,59049,59059,10
12.8930196762,80.2276000977,59059,59079,20
12.8930196762,80.2276000977,59079,59089,10
12.8931398392,80.2275085449,59089,59100,11
12.8926801682,80.2274398804,59100,59110,10
12.8919095993,80.2274017334,59110,59120,10
12.8909397125,80.227432251,59120,59130,10
12.8898696899,80.2274169922,59130,59140,10
12.8888397217,80.2274169922,59140,59150,10
12.8883304596,80.2274169922,59150,59170,20
12.8883304596,80.2274169922,59170,59180,10
12.8880901337,80.2273330688,59180,59190,10
12.8874702454,80.2272109985,59190,59200,10
12.8865404129,80.2270812988,59200,59210,10
12.8855800629,80.2268981934,59210,59221,11
12.884759903,80.2268218994,59221,59231,10
12.8845796585,80.2268981934,59231,59241,10
12.8845701218,80.2268371582,59241,59251,10
12.8842000961,80.2267684937,59251,59261,10
12.8833799362,80.2267608643,59261,59271,10
12.882399559,80.2267684937,59271,59281,10
12.8811903,80.2267608643,59281,59291,10
12.8798704147,80.2267608643,59291,59301,10
12.8785295486,80.2267990112,59301,59311,10
12.8772602081,80.2269134521,59311,59321,10
12.8765096664,80.2269973755,59321,59332,11
12.8764400482,80.2269210815,59332,59342,10
12.8764400482,80.2268371582,59342,59352,10
12.8764400482,80.2265014648,59352,59372,20
12.8764400482,80.2265014648,59372,59382,10
12.8764295578,80.2263565063,59382,59392,10
12.8765001297,80.2258377075,59392,59401,9
12.8766202927,80.2250976563,59401,59412,11
12.8767700195,80.2240982056,59412,59422,10
12.8770399094,80.2228775024,59422,59432,10
12.8773403168,80.2215805054,59432,59443,11
12.8776798248,80.220123291,59443,59453,10
12.8780202866,80.2188415527,59453,59463,10
12.878279686,80.2174377441,59463,59473,10
12.8785600662,80.2159729004,59473,59483,10
12.8788499832,80.2145233154,59483,59493,10
12.879119873,80.2130432129,59493,59503,10
12.8793497086,80.2116699219,59503,59513,10
12.8789997101,80.2109527588,59513,59553,40
12.8789997101,80.2109527588,59553,59564,11
12.8788499832,80.2109375,59564,59574,10
12.8782396317,80.2108612061,59574,59583,9
12.8775997162,80.2107009888,59583,59594,11
12.8768100739,80.2105331421,59594,59604,10
12.8759498596,80.2103805542,59604,59614,10
12.8750600815,80.2102432251,59614,59624,10
12.8744401932,80.2101287842,59624,59654,30
12.8744401932,80.2101287842,59654,59664,10
12.8743801117,80.2100372314,59664,59675,11
12.8744297028,80.2096710205,59675,59685,10
12.8747501373,80.2096862793,59685,59695,10
12.8747301102,80.2101135254,59695,59735,40
12.8747301102,80.2101135254,59735,59745,10
12.8747596741,80.2101821899,59745,59755,10
12.8752098083,80.2102508545,59755,59765,10
12.8758602142,80.2104034424,59765,59775,10
12.8766202927,80.2105331421,59775,59785,10
12.8772201538,80.2106323242,59785,59796,11
12.8780498505,80.2107315063,59796,59806,10
12.8788795471,80.210899353,59806,59816,10
12.8792104721,80.2109832764,59816,59825,9
12.879240036,80.2109985352,59825,59836,11
12.8794803619,80.2112731934,59836,59846,10
12.8793497086,80.212020874,59846,59855,9
12.8791799545,80.2129364014,59855,59865,10
12.8789596558,80.2141723633,59865,59876,11
12.8786401749,80.2156066895,59876,59886,10
12.8783798218,80.2167892456,59886,59896,10
12.8781404495,80.2180023193,59896,59907,11
12.877820015,80.2195129395,59907,59917,10
12.8774795532,80.220916748,59917,59927,10
12.8771495819,80.2223434448,59927,59937,10
12.876830101,80.2237701416,59937,59947,10
12.8766202927,80.2251968384,59947,59957,10
12.8764600754,80.2263412476,59957,59967,10
12.8764600754,80.2269287109,59967,59977,10
12.8767499924,80.2269134521,59977,59987,10
12.8767595291,80.2269210815,59987,59997,10
12.8769598007,80.2268981934,59997,60007,10
12.8776502609,80.2267913818,60007,60018,11
12.878780365,80.2267303467,60018,60028,10
12.87981987,80.2266998291,60028,60038,10
12.880979538,80.2266693115,60038,60048,10
12.8821802139,80.2266464233,60048,60058,10
12.8833799362,80.2266387939,60058,60068,10
12.8844203949,80.2266235352,60068,60078,10
12.8852701187,80.2266693115,60078,60094,16
12.8856801987,80.2267303467,60094,60106,12
12.8866596222,80.2270278931,60106,60114,8
12.8874998093,80.2272109985,60114,60126,12
12.8886804581,80.2272720337,60126,60137,11
12.8889198303,80.2272491455,60137,60147,10
12.8896598816,80.2272567749,60147,60156,9
12.8905296326,80.2272262573,60156,60166,10
12.891699791,80.2272186279,60166,60177,11
12.8925104141,80.2272720337,60177,60187,10
12.8929796219,80.2273330688,60187,60197,10
12.8936901093,80.227432251,60197,60207,10
12.8940496445,80.2275009155,60207,60217,10
12.8941602707,80.2275466919,60217,60227,10
12.8947401047,80.2276000977,60227,60237,10
12.8956003189,80.2276077271,60237,60248,11
12.8968095779,80.2276077271,60248,60258,10
12.897769928,80.2276611328,60258,60268,10
12.8985595703,80.2276916504,60268,60278,10
12.8992996216,80.2277679443,60278,60288,10
12.8999996185,80.2278518677,60288,60308,20
12.8999996185,80.2278518677,60308,60318,10
12.9000196457,80.2278366089,60318,60328,10
12.9003400803,80.2278366089,60328,60338,10
12.9008598328,80.2279205322,60338,60348,10
12.9013004303,80.2279891968,60348,60358,10
12.9017000198,80.2279586792,60358,60369,11
12.9024600983,80.2279586792,60369,60379,10
12.9029197693,80.2279281616,60379,60389,10
12.9029197693,80.2279434204,60389,60399,10
12.9033203125,80.2279205322,60399,60409,10
12.9040603638,80.2280807495,60409,60419,10
12.9045696259,80.2281494141,60419,60429,10
12.9048299789,80.2281188965,60429,60449,20
12.9048299789,80.2281188965,60449,60459,10
12.9050397873,80.2281265259,60459,60490,31
12.9050397873,80.2281265259,60490,60500,10
12.9050998688,80.2280883789,60500,60510,10
12.9054498672,80.2281112671,60510,60520,10
12.9056997299,80.2281265259,60520,60530,10
12.9060401917,80.2281799316,60530,60540,10
12.9062900543,80.2282028198,60540,60611,71
12.9062900543,80.2282028198,60611,60621,10
12.9064302444,80.2282180786,60621,60631,10
12.9068002701,80.2282409668,60631,60641,10
12.9068498611,80.2282562256,60641,60651,10
12.9070997238,80.2282791138,60651,60661,10
12.9077301025,80.2283477783,60661,60671,10
12.9086904526,80.2285232544,60671,60681,10
12.9097795486,80.2286987305,60681,60690,9
12.9107398987,80.2288589478,60690,60700,10
12.9117803574,80.2290115356,60700,60712,12
12.9129800797,80.2291793823,60712,60722,10
12.9137601852,80.2292709351,60722,60732,10
12.9138698578,80.2292785645,60732,60742,10
12.9139795303,80.229309082,60742,60752,10
12.9144496918,80.229347229,60752,60762,10
12.914730072,80.2294006348,60762,60772,10
12.9151000977,80.2294464111,60772,60782,10
12.9159498215,80.2296218872,60782,60792,10
12.9167995453,80.2297363281,60792,60802,10
12.9171695709,80.2297821045,60802,60812,10
12.9179000854,80.2298965454,60812,60823,11
12.9189300537,80.2300415039,60823,60833,10
12.9193601608,80.2300567627,60833,60843,10
12.9194498062,80.2300567627,60843,60853,10
12.920009613,80.230140686,60853,60863,10
12.9208602905,80.2302627563,60863,60873,10
12.9218502045,80.2303771973,60873,60883,10
12.9229402542,80.2305679321,60883,60893,10
12.9241304398,80.2307434082,60893,60903,10
12.9251804352,80.2308578491,60903,60913,10
12.9260702133,80.2309265137,60913,60923,10
12.926320076,80.2309417725,60923,60934,11
12.926440239,80.2309188843,60934,60944,10
12.9270000458,80.231010437,60944,60954,10
12.9278097153,80.2311325073,60954,60964,10
12.9283599854,80.2312011719,60964,60974,10
12.9288301468,80.2312774658,60974,60984,10
12.9295597076,80.2314376831,60984,60994,10
12.9304599762,80.2316665649,60994,61004,10
12.9314403534,80.2319335938,61004,61014,10
12.9324197769,80.2322616577,61014,61024,10
12.9332304001,80.2325820923,61024,61034,10
12.9334697723,80.2326889038,61034,61044,10
12.9335603714,80.2327270508,61044,61055,11
12.933930397,80.2329177856,61055,61065,10
12.9346399307,80.2332382202,61065,61075,10
12.9352302551,80.2334823608,61075,61085,10
12.9352903366,80.2334899902,61085,61095,10
12.9353599548,80.2335281372,61095,61105,10
12.9357500076,80.2337188721,61105,61115,10
12.9364404678,80.234046936,61115,61125,10
12.9372901917,80.2344512939,61125,61135,10
12.9383001328,80.2349624634,61135,61145,10
12.9392204285,80.2354202271,61145,61155,10
12.9393100739,80.2354507446,61155,61166,11
12.9394798279,80.2355575562,61166,61176,10
12.9396800995,80.2356719971,61176,61186,10
12.9400596619,80.2358016968,61186,61196,10
12.9406204224,80.236000061,61196,61206,10
12.9413099289,80.2361602783,61206,61216,10
12.9422397614,80.2363967896,61216,61226,10
12.9432296753,80.2368774414,61226,61236,10
12.9440698624,80.2378005981,61236,61246,10
12.9448699951,80.2386322021,61246,61256,10
12.9457302094,80.2393493652,61256,61266,10
12.9465703964,80.2396774292,61266,61276,10
12.9468297958,80.2397766113,61276,61287,11
12.9468803406,80.2397994995,61287,61297,10
12.9470500946,80.2398986816,61297,61313,16
12.9472703934,80.2400131226,61313,61325,12
12.9477796555,80.2402191162,61325,61335,10
12.9480695724,80.2403411865,61335,61344,9
12.9484596252,80.2405090332,61344,61354,10
12.949090004,80.2407531738,61354,61364,10
12.9499702454,80.2410202026,61364,61374,10
12.9506196976,80.2412185669,61374,61396,22
12.9506196976,80.2412185669,61396,61406,10
12.9508695602,80.2413101196,61406,61416,10
12.9512996674,80.2414627075,61416,61426,10
12.9516496658,80.241607666,61426,61436,10
12.9523801804,80.2418670654,61436,61446,10
12.9532804489,80.2422103882,61446,61456,10
12.9537696838,80.2423782349,61456,61466,10
12.9539499283,80.2424316406,61466,61476,10
12.9542598724,80.2425994873,61476,61486,10
12.9549102783,80.2428588867,61486,61496,10
12.9556102753,80.2431106567,61496,61507,11
12.9564800262,80.2433929443,61507,61517,10
12.957159996,80.2437210083,61517,61527,10
12.9579296112,80.2440414429,61527,61537,10
12.9585399628,80.2443008423,61537,61547,10
12.9589300156,80.2444610596,61547,61557,10
12.9590597153,80.2445373535,61557,61567,10
12.9595899582,80.2447662354,61567,61577,10
12.9603996277,80.2451477051,61577,61587,10
12.9614400864,80.2456436157,61587,61597,10
12.9624204636,80.2461624146,61597,61607,10
12.9628200531,80.246383667,61607,61634,27
12.9628200531,80.246383667,61634,61646,12
12.9632997513,80.2466201782,61646,61656,10
12.9637699127,80.2468414307,61656,61666,10
12.964630127,80.247177124,61666,61676,10
12.9655103683,80.2474517822,61676,61685,9
12.9664201736,80.2477493286,61685,61706,21
12.9664201736,80.2477493286,61706,61716,10
12.9665699005,80.2478179932,61716,61726,10
12.9665899277,80.247833252,61726,61736,10
12.9668598175,80.2480010986,61736,61747,11
12.9675197601,80.2483062744,61747,61757,10
12.968290329,80.2486114502,61757,61767,10
12.9693002701,80.2490310669,61767,61777,10
12.9704799652,80.2495193481,61777,61787,10
12.9717502594,80.2498779297,61787,61797,10
12.9730396271,80.250213623,61797,61807,10
12.9740200043,80.2504425049,61807,61817,10
12.9743299484,80.25050354,61817,61827,10
12.9743499756,80.2505111694,61827,61837,10
12.9747800827,80.2506408691,61837,61848,11
12.9756498337,80.2509231567,61848,61858,10
12.9766902924,80.2512130737,61858,61868,10
12.9775295258,80.2515869141,61868,61878,10
12.978219986,80.2522125244,61878,61888,10
12.9789495468,80.2525634766,61888,61898,10
12.9794197083,80.252571106,61898,61908,10
12.9798402786,80.2524795532,61908,61928,20
12.9798402786,80.2524795532,61928,61938,10
12.9799604416,80.2524185181,61938,61948,10
12.9799995422,80.2520980835,61948,61958,10
12.9801197052,80.2516098022,61958,61969,11
12.9804000854,80.2507019043,61969,61985,16
12.9807395935,80.248916626,61985,61997,12
12.9808397293,80.2473220825,61997,62007,10
12.9809904099,80.245880127,62007,62017,10
12.9811000824,80.2446899414,62017,62027,10
12.9812002182,80.2437515259,62027,62037,10
12.9813404083,80.2433776855,62037,62057,20
12.9813404083,80.2433776855,62057,62068,11
12.9813404083,80.2430114746,62068,62089,21
12.9813404083,80.2430114746,62089,62099,10
12.9813604355,80.2427215576,62099,62109,10
12.9813699722,80.2421798706,62109,62119,10
12.9813499451,80.2413864136,62119,62129,10
12.9813604355,80.240447998,62129,62139,10
12.9813604355,80.2397003174,62139,62149,10
12.9813098907,80.2392120361,62149,62159,10
12.981300354,80.2387237549,62159,62169,10
12.9812803268,80.2383804321,62169,62179,10
12.981300354,80.2382202148,62179,62190,11
12.981300354,80.2378997803,62190,62200,10
12.981300354,80.2378387451,62200,62210,10
12.9812898636,80.237411499,62210,62220,10
12.9812602997,80.236618042,62220,62230,10
12.9812297821,80.2356109619,62230,62240,10
12.9811897278,80.2345275879,62240,62250,10
12.9814300537,80.233757019,62250,62260,10
12.9815301895,80.2336120605,62260,62270,10
12.9816598892,80.2333526611,62270,62280,10
12.9816904068,80.233253479,62280,62290,10
12.981880188,80.2328186035,62290,62300,10
12.982000351,80.2322235107,62300,62311,11
12.9819698334,80.2317810059,62311,62321,10
12.981880188,80.2312393188,62321,62331,10
12.9817304611,80.2308273315,62331,62341,10
12.9814395905,80.2303619385,62341,62351,10
12.9809703827,80.2296218872,62351,62361,10
12.9806995392,80.2291183472,62361,62371,10
12.9805698395,80.2289199829,62371,62381,10
12.9805402756,80.2288665771,62381,62391,10
12.9803199768,80.2284393311,62391,62401,10
12.9800100327,80.2278823853,62401,62411,10
12.9796199799,80.227180481,62411,62422,11
12.9791898727,80.2265014648,62422,62432,10
12.9787101746,80.2256622314,62432,62442,10
12.9782400131,80.2248764038,62442,62452,10
12.9779396057,80.2244796753,62452,62462,10
12.9777402878,80.2241973877,62462,62472,10
12.9776697159,80.2240829468,62472,62482,10
12.9774303436,80.2236480713,62482,62492,10
12.9770898819,80.2231216431,62492,62502,10
12.9772396088,80.2227783203,62502,62522,20
12.9772396088,80.2227783203,62522,62532,10
12.9774999619,80.2227172852,62532,62543,11
12.9774799347,80.2222671509,62543,62553,10
12.9774198532,80.2219467163,62553,62563,10
12.9774198532,80.2216491699,62563,62573,10
12.9775400162,80.2213821411,62573,62583,10
12.9779396057,80.2212295532,62583,62593,10
12.9784297943,80.2211608887,62593,62603,10
12.9790201187,80.2210388184,62603,62613,10
12.9798002243,80.2210235596,62613,62623,10
12.9806804657,80.2209625244,62623,62633,10
12.9813604355,80.2211837769,62633,62643,10
12.9818496704,80.221496582,62643,62654,11
12.9823503494,80.2217102051,62654,62664,10
12.9828100204,80.221862793,62664,62674,10
12.9828796387,80.2219161987,62674,62684,10
12.9831600189,80.2220993042,62684,62694,10
12.9834699631,80.2223205566,62694,62704,10
12.983880043,80.2225723267,62704,62714,10
12.9842100143,80.2227783203,62714,62724,10
12.9846000671,80.2230300903,62724,62734,10
12.9850301743,80.2232284546,62734,62744,10
12.9855003357,80.2232437134,62744,62754,10
12.9859600067,80.2229690552,62754,62765,11
12.9863300323,80.2229766846,62765,62775,10
12.9865102768,80.2229995728,62775,62785,10
12.9868898392,80.2230377197,62785,62795,10
12.9874000549,80.2230606079,62795,62805,10
12.9879703522,80.2228469849,62805,62815,10
12.9885797501,80.2223815918,62815,62825,10
12.9889001846,80.222038269,62825,62835,10
12.989279747,80.2216415405,62835,62845,10
12.9898004532,80.2208633423,62845,62855,10
12.9904203415,80.2203903198,62855,62865,10
12.9904603958,80.2203903198,62865,62875,10
12.9907302856,80.220199585,62875,62886,11
12.9912500381,80.2197113037,62886,62896,10
12.9919595718,80.2193527222,62896,62906,10
12.9925699234,80.2189407349,62906,62916,10
12.9931898117,80.218421936,62916,62926,10
12.9943399429,80.217590332,62926,62936,10
12.9943399429,80.217590332,62936,62946,10
12.9945898056,80.217338562,62946,62956,10
12.9947795868,80.2171783447,62956,62966,10
12.9951000214,80.2169036865,62966,62976,10
12.9956998825,80.2166290283,62976,62986,10
12.9965200424,80.2165298462,62986,62997,11
12.9970502853,80.216468811,62997,63007,10
12.997420311,80.216178894,63007,63017,10
12.9974603653,80.2160873413,63017,63027,10
12.9975700378,80.2160415649,63027,63035,8
12.9978904724,80.2157897949,63035,63047,12
12.9984703064,80.2153625488,63047,63057,10
12.9990301132,80.2149124146,63057,63066,9
12.9992198944,80.2146911621,63066,63077,11
12.9996595383,80.2142105103,63077,63087,10
13.0000801086,80.2138671875,63087,63097,10
13.0005702972,80.2134094238,63097,63108,11
13.0010700226,80.2129516602,63108,63118,10
13.0013599396,80.2127380371,63118,63128,10
13.0018396378,80.2124023438,63128,63138,10
13.0022802353,80.2121582031,63138,63148,10
13.0028095245,80.2120666504,63148,63158,10
13.0032300949,80.2119598389,63158,63168,10
13.0033597946,80.2119827271,63168,63178,10
13.0036096573,80.2119369507,63178,63188,10
13.003660202,80.2117004395,63188,63198,10
13.0036296844,80.2112197876,63198,63208,10
13.0035896301,80.210609436,63208,63218,10
13.0034999847,80.2099533081,63218,63229,11
13.0036001205,80.2090377808,63229,63239,10
13.0039997101,80.2086181641,63239,63249,10
13.0047101974,80.2089691162,63249,63259,10
13.0054302216,80.2092895508,63259,63269,10
13.006070137,80.2095108032,63269,63279,10
13.0066003799,80.2097167969,63279,63289,10
13.0068798065,80.2097473145,63289,63309,20
13.0068798065,80.2097473145,63309,63319,10
13.0071601868,80.2097167969,63319,63329,10
13.0075597763,80.2097625732,63329,63340,11
13.0080404282,80.2098388672,63340,63350,10
13.0080404282,80.2094268799,63350,63360,10
13.0078897476,80.2086791992,63360,63370,10
13.0077896118,80.2078704834,63370,63380,10
13.0076398849,80.2071380615,63380,63390,10
13.0075397491,80.2064590454,63390,63400,10
13.007519722,80.2057723999,63400,63410,10
13.0074996948,80.2049484253,63410,63420,10
13.0074796677,80.2042312622,63420,63430,10
13.007399559,80.2035522461,63430,63440,10
13.0071697235,80.2026290894,63440,63451,11
13.0065498352,80.2027511597,63451,63461,10
13.0067396164,80.2033309937,63461,63471,10
13.0073204041,80.2036514282,63471,63481,10
13.0081195831,80.2037582397,63481,63491,10
13.0089502335,80.2036895752,63491,63501,10
13.0100002289,80.2036590576,63501,63511,10
13.0112895966,80.2037277222,63511,63521,10
13.0124797821,80.2039031982,63521,63531,10
13.0134000778,80.2041473389,63531,63541,10
13.0134496689,80.2040710449,63541,63561,20
13.0134496689,80.2040710449,63561,63572,11
13.0135602951,80.2045135498,63572,63582,10
13.0135402679,80.2046966553,63582,63592,10
13.0135002136,80.2049865723,63592,63602,10
13.0132598877,80.205619812,63602,63612,10
13.0130195618,80.2065734863,63612,63622,10
13.0129404068,80.2074432373,63622,63632,10
13.0128898621,80.2079925537,63632,63642,10
13.0128698349,80.2084732056,63642,63652,10
13.0129003525,80.2088317871,63652,63662,10
13.0129995346,80.2092666626,63662,63672,10
13.0131502151,80.2096328735,63672,63683,11
13.0131797791,80.2097091675,63683,63693,10
13.0131502151,80.2100830078,63693,63703,10
13.0130901337,80.210609436,63703,63713,10
13.0128803253,80.2112579346,63713,63723,10
13.0124797821,80.2119064331,63723,63733,10
13.0120801926,80.2125396729,63733,63743,10
13.0119104385,80.2127532959,63743,63753,10
13.0117197037,80.2127914429,63753,63763,10
13.0113697052,80.2124786377,63763,63773,10
13.0109996796,80.2121810913,63773,63783,10
13.0106801987,80.2119369507,63783,63794,11
13.0102596283,80.2116699219,63794,63804,10
13.0101699829,80.2115936279,63804,63814,10
13.0100097656,80.2114181519,63814,63824,10
13.0097703934,80.2112808228,63824,64046,222
13.0094099045,80.211151123,64046,64358,312
13.0094099045,80.211151123,64358,64369,11
13.0092201233,80.2111587524,64369,64379,10
13.0090799332,80.211479187,64379,64389,10
13.0092201233,80.2120437622,64389,64399,10
13.0094299316,80.2128219604,64399,64409,10
13.0096797943,80.2135314941,64409,64419,10
13.0099697113,80.2142486572,64419,64429,10
13.0101699829,80.2149200439,64429,64439,10
13.0102300644,80.2155838013,64439,64449,10
13.0105400085,80.2163314819,64449,64459,10
13.0109300613,80.2171630859,64459,64469,10
13.0112800598,80.217918396,64469,64480,11
13.0116100311,80.2188415527,64480,64490,10
13.0119104385,80.2198181152,64490,64500,10
13.0121898651,80.2206878662,64500,64509,9
13.0123996735,80.2213973999,64509,64520,11
13.0126695633,80.2219619751,64520,64530,10
13.0130901337,80.2225875854,64530,64540,10
13.0136404037,80.223197937,64540,64550,10
13.0142002106,80.223739624,64550,64560,10
13.0146903992,80.2242889404,64560,64570,10
13.0150403976,80.2246780396,64570,64580,10
13.0151596069,80.2248077393,64580,64591,11
13.0153799057,80.2250900269,64591,64601,10
13.0155000687,80.2253036499,64601,64611,10
13.0154600143,80.2256393433,64611,64621,10
13.0151395798,80.2259597778,64621,64631,10
13.0146102905,80.2261199951,64631,64641,10
13.0139398575,80.2264099121,64641,64651,10
13.0131998062,80.2266235352,64651,64661,10
13.0124101639,80.226890564,64661,64671,10
13.011469841,80.2273330688,64671,64681,10
13.0104103088,80.2277603149,64681,64691,10
13.009759903,80.2279281616,64691,64701,10
13.00963974,80.2274093628,64701,64712,11
13.0099601746,80.2266387939,64712,64722,10
13.0102796555,80.2258071899,64722,64732,10
13.0104598999,80.2253036499,64732,64742,10
13.0104703903,80.2252883911,64742,64752,10
13.0104799271,80.2251968384,64752,64762,10
13.01060009,80.2248764038,64762,64772,10
13.0107803345,80.2244415283,64772,64782,10
13.0109996796,80.2239227295,64782,64792,10
13.0111503601,80.2235717773,64792,64802,10
13.011179924,80.2233276367,64802,64812,10
13.0108003616,80.2231674194,64812,64822,10
13.0103397369,80.2228622437,64822,64833,11
13.0103302002,80.2228393555,64833,64843,10
13.0101003647,80.2227172852,64843,64853,10
13.0096101761,80.2224731445,64853,64863,10
13.0088996887,80.222038269,64863,64873,10
13.0082597733,80.2216110229,64873,64883,10
13.0073003769,80.2210998535,64883,64893,10
13.0063896179,80.2207717896,64893,64903,10
13.0053596497,80.2204818726,64903,64913,10
13.0045795441,80.2202835083,64913,64923,10
13.0044202805,80.2202301025,64923,64933,10
13.0040798187,80.2201004028,64933,64944,11
13.0033197403,80.2199630737,64944,64954,10
13.0023803711,80.219543457,64954,64964,10
13.001830101,80.2189331055,64964,64974,10
13.0011997223,80.2184371948,64974,64984,10
13.0005197525,80.2179107666,64984,64994,10
12.9999399185,80.2175674438,64994,65004,10
12.9993495941,80.2172470093,65004,65014,10
12.9985704422,80.2169113159,65014,65024,10
12.9974002838,80.216583252,65024,65045,21
12.9974002838,80.216583252,65045,65055,10
12.997179985,80.216506958,65055,65065,10
12.9967002869,80.216506958,65065,65075,10
12.9961004257,80.2167663574,65075,65085,10
12.9954099655,80.2170028687,65085,65095,10
12.9950504303,80.2171936035,65095,65105,10
12.9946899414,80.2174072266,65105,65115,10
12.9942798615,80.2176895142,65115,65125,10
12.9937801361,80.2180175781,65125,65135,10
12.9931001663,80.2185287476,65135,65145,10
12.992389679,80.2191009521,65145,65155,10
12.9917402267,80.2195587158,65155,65166,11
12.9913797379,80.2198028564,65166,65176,10
12.9909696579,80.2200393677,65176,65186,10
12.9908399582,80.2201766968,65186,65196,10
12.9906702042,80.2203521729,65196,65206,10
12.9902601242,80.220703125,65206,65216,10
12.9896297455,80.2211074829,65216,65226,10
12.9891796112,80.2217407227,65226,65236,10
12.9887399673,80.2223434448,65236,65246,10
12.9880895615,80.2229232788,65246,65256,10
12.9876098633,80.223197937,65256,65266,10
12.9875802994,80.2231826782,65266,65277,11
12.9873199463,80.2231674194,65277,65287,10
12.9869298935,80.2231292725,65287,65297,10
12.9864597321,80.2230682373,65297,65307,10
12.985830307,80.2230987549,65307,65317,10
12.9854803085,80.2232971191,65317,65327,10
12.9849596024,80.2232284546,65327,65337,10
12.9844198227,80.2230224609,65337,65347,10
12.9840097427,80.2227935791,65347,65357,10
12.9836702347,80.2225418091,65357,65367,10
12.9835996628,80.2225189209,65367,65377,10
12.9832801819,80.222328186,65377,65398,21
12.9832801819,80.222328186,65398,65408,10
12.9831399918,80.2221832275,65408,65418,10
12.9827604294,80.222038269,65418,65428,10
12.9824495316,80.2219161987,65428,65438,10
12.9822797775,80.2218780518,65438,65448,10
12.9818696976,80.2216415405,65448,65458,10
12.9813995361,80.2212677002,65458,65468,10
12.9807395935,80.2209777832,65468,65478,10
12.9799203873,80.2211227417,65478,65488,10
12.9792203903,80.2212219238,65488,65499,11
12.9784603119,80.2212600708,65499,65509,10
12.9778795242,80.221282959,65509,65519,10
12.977230072,80.2212219238,65519,65529,10
12.9765796661,80.2212600708,65529,65539,10
12.9761695862,80.221321106,65539,65555,16
12.9762201309,80.2216491699,65555,65618,63
12.9762201309,80.2216491699,65618,65628,10
12.9764995575,80.2219772339,65628,65638,10
12.9766998291,80.222366333,65638,65647,9
12.9769201279,80.2227935791,65647,65658,11
12.9772796631,80.2234420776,65658,65667,9
12.977689743,80.2240371704,65667,65678,11
12.9780302048,80.2245101929,65678,65688,10
12.9783496857,80.2250518799,65688,65698,10
12.9785003662,80.2253265381,65698,65708,10
12.9785804749,80.2254714966,65708,65718,10
12.9787998199,80.2258071899,65718,65729,11
12.9791402817,80.2263870239,65729,65739,10
12.9794597626,80.2269287109,65739,65749,10
12.9798603058,80.2275924683,65749,65759,10
12.9803104401,80.2282791138,65759,65769,10
12.9806995392,80.2289581299,65769,65779,10
12.9809303284,80.2293395996,65779,65789,10
12.9813098907,80.2299575806,65789,65799,10
12.9816598892,80.230430603,65799,65809,10
12.9816598892,80.2305679321,65809,65819,10
12.9818401337,80.2309188843,65819,65829,10
12.9820203781,80.2315673828,65829,65840,11
12.9820404053,80.2322769165,65840,65850,10
12.9819698334,80.232749939,65850,65860,10
12.9817399979,80.2332763672,65860,65870,10
12.9816503525,80.2334823608,65870,65880,10
12.981590271,80.2336730957,65880,65890,10
12.981300354,80.2342605591,65890,65900,10
12.9812402725,80.2350692749,65900,65910,10
12.9812402725,80.2355575562,65910,65920,10
12.9812602997,80.2362136841,65920,65930,10
12.9812803268,80.2370223999,65930,65940,10
12.9812803268,80.2376785278,65940,65951,11
12.981300354,80.2380371094,65951,65961,10
12.9813203812,80.2384262085,65961,65971,10
12.9813404083,80.2385025024,65971,65981,10
12.9813404083,80.2389602661,65981,65991,10
12.9813604355,80.2395935059,65991,66001,10
12.9813699722,80.2402420044,66001,66011,10
12.9813699722,80.2409667969,66011,66021,10
12.9813804626,80.2417831421,66021,66031,10
12.9813699722,80.2423706055,66031,66041,10
12.9813699722,80.2425231934,66041,66051,10
12.9813995361,80.2427215576,66051,66061,10
12.9814195633,80.2428131104,66061,66072,11
12.9814195633,80.2431030273,66072,66082,10
12.9813804626,80.2436523438,66082,66092,10
12.9812498093,80.2444610596,66092,66108,16
12.9810199738,80.2462234497,66108,66120,12
12.9808702469,80.2477722168,66120,66129,9
12.9807796478,80.248840332,66129,66140,11
12.9806499481,80.2498779297,66140,66150,10
12.9804697037,80.2507171631,66150,66160,10
12.9802703857,80.2514801025,66160,66170,10
12.9801101685,80.2521133423,66170,66180,10
12.9799900055,80.2525100708,66180,66221,41
12.9799900055,80.2525100708,66221,66231,10
12.9799098969,80.252822876,66231,66241,10
12.9794902802,80.2528305054,66241,66251,10
12.9788103104,80.2527236938,66251,66261,10
12.9786996841,80.2526779175,66261,66271,10
12.9785003662,80.2526092529,66271,66281,10
12.9779901505,80.2521972656,66281,66292,11
12.9771003723,80.2515411377,66292,66302,10
12.9759302139,80.2511825562,66302,66312,10
12.9747104645,80.2507781982,66312,66322,10
12.9735002518,80.2504425049,66322,66332,10
12.9727201462,80.250289917,66332,66342,10
12.9725799561,80.2502670288,66342,66352,10
12.9722003937,80.2501602173,66352,66362,10
12.9714603424,80.2499694824,66362,66372,10
12.9705400467,80.2497177124,66372,66382,10
12.9694900513,80.2492904663,66382,66392,10
12.9684400558,80.2488937378,66392,66402,10
12.9674596786,80.2484588623,66402,66419,17
12.9665699005,80.2480316162,66419,66431,12
12.9657096863,80.2476196289,66431,66441,10
12.9652500153,80.2474365234,66441,66451,10
12.965180397,80.247428894,66451,66461,10
12.9651603699,80.247428894,66461,66471,10
12.9647598267,80.2473220825,66471,66481,10
12.9640903473,80.2470779419,66481,66490,9
12.9638299942,80.2469711304,66490,66511,21
12.9638299942,80.2469711304,66511,66522,11
12.9637098312,80.246887207,66522,66532,10
12.963259697,80.246673584,66532,66542,10
12.9625396729,80.2464065552,66542,66552,10
12.9615602493,80.2459335327,66552,66562,10
12.9606800079,80.2454910278,66562,66572,10
12.9599304199,80.2451477051,66572,66582,10
12.9593496323,80.2448883057,66582,66592,10
12.9593400955,80.2448730469,66592,66602,10
12.9592399597,80.2448120117,66602,66612,10
12.9587602615,80.2446136475,66612,66622,10
12.9581098557,80.2443389893,66622,66632,10
12.9575500488,80.244140625,66632,66643,11
12.9569396973,80.2439575195,66643,66653,10
12.9566698074,80.2439117432,66653,66663,10
12.9565000534,80.2438430786,66663,66713,50
12.9565000534,80.2438430786,66713,66723,10
12.9560403824,80.243637085,66723,66733,10
12.955499649,80.243347168,66733,66743,10
12.9547195435,80.2429580688,66743,66754,11
12.9538602829,80.2425765991,66754,66764,10
12.9528999329,80.2421798706,66764,66774,10
12.9516601563,80.2417373657,66774,66804,30
12.9516601563,80.2417373657,66804,66814,10
12.9513597488,80.2416381836,66814,66824,10
12.9507904053,80.2414169312,66824,66834,10
12.9505195618,80.2414169312,66834,66844,10
12.9504995346,80.2414093018,66844,66854,10
12.9503498077,80.2413024902,66854,66865,11
12.9500799179,80.2412185669,66865,66875,10
12.9499502182,80.2412033081,66875,66885,10
12.9497900009,80.2411422729,66885,66895,10
12.9494104385,80.2410125732,66895,66925,30
12.9494104385,80.2410125732,66925,66935,10
12.9492197037,80.2409210205,66935,66945,10
12.9487800598,80.2407913208,66945,66955,10
12.9480104446,80.2404785156,66955,66965,10
12.9470596313,80.2400817871,66965,66996,31
12.9470596313,80.2400817871,66996,67006,10
12.9467601776,80.2399673462,67006,67016,10
12.9461698532,80.2397079468,67016,67026,10
12.9454097748,80.2393569946,67026,67036,10
12.9446897507,80.2386932373,67036,67046,10
12.9439601898,80.2378997803,67046,67056,10
12.9434499741,80.2373504639,67056,67066,10
12.9433803558,80.2372817993,67066,67076,10
12.9432697296,80.2371826172,67076,67087,11
12.9427204132,80.2368011475,67087,67097,10
12.9419002533,80.2365112305,67097,67107,10
12.9409399033,80.2362365723,67107,67117,10
12.9397602081,80.2358474731,67117,67137,20
12.9397602081,80.2358474731,67137,67147,10
12.9395999908,80.2358016968,67147,67157,10
12.9391403198,80.2355804443,67157,67167,10
12.9384202957,80.2352218628,67167,67177,10
12.9375495911,80.2348022461,67177,67187,10
12.9365501404,80.2342987061,67187,67197,10
12.9357404709,80.2339172363,67197,67208,11
12.9347801208,80.2335128784,67208,67218,10
12.9338598251,80.2331085205,67218,67238,20
12.9338598251,80.2331085205,67238,67248,10
12.9338502884,80.2330474854,67248,67258,10
12.933429718,80.2328796387,67258,67268,10
12.9327297211,80.2325973511,67268,67284,16
12.931139946,80.2320404053,67284,67296,12
12.9296798706,80.2316207886,67296,67306,10
12.9286403656,80.2314224243,67306,67315,9
12.9275503159,80.2312393188,67315,67327,12
12.926320076,80.2311325073,67327,67337,10
12.9260702133,80.2311325073,67337,67347,10
12.9260196686,80.2311019897,67347,67357,10
12.9256496429,80.2310562134,67357,67367,10
12.9248600006,80.2309799194,67367,67377,10
12.9239397049,80.2308578491,67377,67386,9
12.9230804443,80.23072052,67386,67397,11
12.9215602875,80.2304534912,67397,67407,10
12.9202203751,80.2303237915,67407,67417,10
12.9192399979,80.23021698,67417,67429,12
12.9191198349,80.2302017212,67429,67439,10
12.9187297821,80.230140686,67439,67449,10
12.9180002213,80.2300415039,67449,67459,10
12.9175195694,80.2299804688,67459,67469,10
12.9172496796,80.2299499512,67469,67479,10
12.9166898727,80.2298736572,67479,67489,10
12.9158802032,80.2297592163,67489,67499,10
12.9149303436,80.2296218872,67499,67509,10
12.9139900208,80.2294998169,67509,67519,10
12.9135599136,80.2294692993,67519,67529,10
12.9135103226,80.2294387817,67529,67539,10
12.9130601883,80.2293624878,67539,67550,11
12.912229538,80.2292480469,67550,67560,10
12.9111995697,80.2291030884,67560,67570,10
12.9100103378,80.2288894653,67570,67580,10
12.9088001251,80.2286987305,67580,67590,10
12.9077701569,80.2285385132,67590,67761,171
12.9077701569,80.2285385132,67761,67772,11
12.9076299667,80.2285308838,67772,67782,10
12.9072704315,80.2284927368,67782,67792,10
12.9068698883,80.2284622192,67792,67802,10
12.9061803818,80.2283782959,67802,67822,20
12.9061803818,80.2283782959,67822,67832,10
12.9056901932,80.2283706665,67832,67842,10
12.9049196243,80.228302002,67842,67852,10
12.9038801193,80.2282791138,67852,67862,10
12.9029502869,80.2282028198,67862,67872,10
12.902130127,80.2281799316,67872,67893,21
12.902130127,80.2281799316,67893,67903,10
12.902009964,80.2281570435,67903,67913,10
12.9015703201,80.2281417847,67913,67923,10
12.9011898041,80.2281265259,67923,67933,10
12.9009799957,80.2281112671,67933,67943,10
12.9005098343,80.2280502319,67943,67953,10
12.9000196457,80.2280197144,67953,67963,10
12.8998498917,80.228012085,67963,67973,10
12.8993396759,80.2279891968,67973,68004,31
12.8993396759,80.2279891968,68004,68014,10
12.8990001678,80.2279510498,68014,68024,10
12.8985395432,80.2279205322,68024,68034,10
12.8978300095,80.227897644,68034,68044,10
12.8970804214,80.2278366089,68044,68054,10
12.8961601257,80.2277832031,68054,68064,10
12.895070076,80.2277374268,68064,68074,10
12.8939599991,80.2276763916,68074,68084,10
12.8931798935,80.2276229858,68084,68094,10
12.8931598663,80.2276229858,68094,68104,10
12.8929796219,80.2275619507,68104,68135,31
12.8929796219,80.2275619507,68135,68145,10
12.8925304413,80.2275619507,68145,68175,30
12.8925304413,80.2275619507,68175,68185,10
12.892080307,80.2275009155,68185,68195,10
12.8913698196,80.2274780273,68195,68205,10
12.89041996,80.2274932861,68205,68215,10
12.8892202377,80.2274703979,68215,68226,11
12.8884096146,80.2274475098,68226,68236,10
12.8884096146,80.2274627686,68236,68246,10
12.8882398605,80.2274703979,68246,68256,10
12.8876600266,80.2274017334,68256,68266,10
12.8868103027,80.2272415161,68266,68276,10
12.885840416,80.2269897461,68276,68286,10
12.8850803375,80.2268371582,68286,68296,10
12.8847398758,80.2267990112,68296,68306,10
12.8846998215,80.2268066406,68306,68316,10
12.884519577,80.2267913818,68316,68326,10
12.8840503693,80.2267837524,68326,68337,11
12.8831501007,80.2267608643,68337,68347,10
12.8821001053,80.2267608643,68347,68357,10
12.8808803558,80.2267837524,68357,68367,10
12.8795700073,80.2267990112,68367,68377,10
12.8783597946,80.226852417,68377,68387,10
12.8772602081,80.2269592285,68387,68397,10
12.8766002655,80.2270126343,68397,68407,10
12.8764801025,80.2269592285,68407,68417,10
12.8764295578,80.2265319824,68417,68448,31
12.8764295578,80.2265319824,68448,68458,10
12.8764696121,80.2262573242,68458,68468,10
12.8765497208,80.2257232666,68468,68478,10
12.8766002655,80.2249679565,68478,68488,10
12.8767204285,80.2240982056,68488,68498,10
12.8769302368,80.2232437134,68498,68508,10
12.8771400452,80.2222976685,68508,68518,10
12.8773603439,80.2213973999,68518,68528,10
12.877579689,80.2204589844,68528,68538,10
12.8777799606,80.2195129395,68538,68548,10
12.8779802322,80.2185592651,68548,68559,11
12.8782100677,80.2174224854,68559,68569,10
12.8783998489,80.2164611816,68569,68579,10
12.8786001205,80.2155532837,68579,68589,10
12.8787403107,80.2148666382,68589,68599,10
12.8789100647,80.214012146,68599,68609,10
12.879119873,80.2129516602,68609,68619,10
12.8793201447,80.2119064331,68619,68629,10
12.8793897629,80.2113113403,68629,68639,10
12.8789997101,80.2110290527,68639,68680,41
12.8789997101,80.2110290527,68680,68690,10
12.8786296844,80.2109832764,68690,68700,10
12.8780498505,80.2108764648,68700,68710,10
12.877530098,80.2107620239,68710,68720,10
12.8769397736,80.2106628418,68720,68730,10
12.8763399124,80.2105407715,68730,68740,10
12.8758001328,80.2104415894,68740,68750,10
12.8752098083,80.210319519,68750,68760,10
12.8744401932,80.2101669312,68760,68801,41
12.8744401932,80.2101669312,68801,68811,10
12.874329567,80.2100830078,68811,68821,10
12.8744001389,80.2098007202,68821,68831,10
12.8746595383,80.2096405029,68831,68841,10
12.8747301102,80.2100601196,68841,68952,111
12.8747301102,80.2100601196,68952,68962,10
12.8746595383,80.2101287842,68962,68972,10
12.8748903275,80.2102127075,68972,68981,9
12.8751497269,80.2102508545,68981,68992,11
12.8755502701,80.2103271484,68992,69002,10
12.8758802414,80.2103729248,69002,69012,10
12.8763198853,80.2104873657,69012,69023,11
12.876660347,80.2105331421,69023,69033,10
12.8772001266,80.2106399536,69033,69043,10
12.8776903152,80.2107391357,69043,69053,10
12.8781995773,80.2108001709,69053,69063,10
12.8787698746,80.2108917236,69063,69073,10
12.8790998459,80.2109680176,69073,69083,10
12.8791704178,80.2109985352,69083,69093,10
12.8792695999,80.2110290527,69093,69103,10
12.8793802261,80.2110671997,69103,69113,10
12.8794403076,80.21144104,69113,69123,10
12.879360199,80.212059021,69123,69134,11
12.8791503906,80.213180542,69134,69144,10
12.8788995743,80.2142868042,69144,69154,10
12.8786802292,80.2154006958,69154,69164,10
12.8784399033,80.2164916992,69164,69174,10
12.8781995773,80.2176818848,69174,69184,10
12.8779697418,80.2189025879,69184,69194,10
12.8776903152,80.2201080322,69194,69204,10
12.877409935,80.2212677002,69204,69214,10
12.8771295547,80.2223968506,69214,69224,10
12.8768396378,80.2236099243,69224,69234,10
12.876660347,80.2247314453,69234,69245,11
12.8765296936,80.2259216309,69245,69255,10
12.8764295578,80.2265014648,69255,69265,10
12.8764400482,80.2268600464,69265,69285,20
12.8764400482,80.2268600464,69285,69295,10
12.876660347,80.2269668579,69295,69305,10
12.8772096634,80.2269363403,69305,69315,10
12.8781404495,80.2268600464,69315,69325,10
12.8791799545,80.2267990112,69325,69335,10
12.8803596497,80.2267913818,69335,69345,10
12.8816299438,80.2267608643,69345,69355,10
12.8828601837,80.2267532349,69355,69366,11
12.8841400146,80.2267303467,69366,69382,16
12.8851699829,80.2267303467,69382,69394,12
12.8852996826,80.2267303467,69394,69403,9
12.885840416,80.2268371582,69403,69414,11
12.886759758,80.2270584106,69414,69424,10
12.8874702454,80.2272109985,69424,69434,10
12.8882198334,80.2273025513,69434,69444,10
12.8885202408,80.2273406982,69444,69454,10
12.8886404037,80.2273406982,69454,69464,10
12.8892602921,80.2273406982,69464,69475,11
12.8901596069,80.2273712158,69475,69485,10
12.8911304474,80.2273788452,69485,69495,10
12.8917102814,80.2273635864,69495,69515,20
12.8917102814,80.2273635864,69515,69525,10
12.8918104172,80.2273712158,69525,69535,10
12.8922395706,80.2273788452,69535,69545,10
12.8928899765,80.2274398804,69545,69555,10
12.8936796188,80.2275238037,69555,69565,10
12.8940696716,80.2275695801,69565,69575,10
12.8943004608,80.2275924683,69575,69585,10
12.894949913,80.2276306152,69585,69596,11
12.8958101273,80.2276763916,69596,69606,10
12.8968496323,80.2277374268,69606,69616,10
12.8977603912,80.2277679443,69616,69626,10
12.8982496262,80.2277984619,69626,69636,10
12.898440361,80.2278137207,69636,69646,10
12.8987903595,80.2278213501,69646,69656,10
12.8991804123,80.2278518677,69656,69666,10
12.8997097015,80.2278594971,69666,69676,10
12.9002399445,80.227897644,69676,69686,10
12.9007301331,80.2279205322,69686,69697,11
12.901049614,80.2279281616,69697,69707,10
12.9014701843,80.2279510498,69707,69717,10
12.9019899368,80.2279434204,69717,69727,10
12.9027500153,80.2280197144,69727,69747,20
12.9027500153,80.2280197144,69747,69757,10
12.9030199051,80.2280578613,69757,69767,10
12.903670311,80.2281036377,69767,69777,10
12.9045801163,80.2281570435,69777,69787,10
12.9054498672,80.228187561,69787,69797,10
12.9060297012,80.2282028198,69797,70009,212
12.9060297012,80.2282028198,70009,70019,10
12.9062004089,80.2282485962,70019,70029,10
12.9065198898,80.2282791138,70029,70040,11
12.9067602158,80.2283096313,70040,70050,10
12.9070901871,80.2283172607,70050,70070,20
12.9070901871,80.2283172607,70070,70080,10
12.9072198868,80.2283172607,70080,70090,10
12.9077796936,80.2284088135,70090,70100,10
12.9084997177,80.2285308838,70100,70110,10
12.9092903137,80.2286376953,70110,70120,10
12.9101896286,80.2287979126,70120,70130,10
12.9111003876,80.2289505005,70130,70140,10
12.9120502472,80.2290802002,70140,70151,11
12.9130496979,80.2292327881,70151,70161,10
12.9138402939,80.229309082,70161,70181,20
12.9138402939,80.229309082,70181,70191,10
12.9139003754,80.2292785645,70191,70201,10
12.9142599106,80.2293319702,70201,70211,10
12.9147100449,80.2293777466,70211,70221,10
12.9153795242,80.2295379639,70221,70231,10
12.9162597656,80.2296829224,70231,70241,10
12.9171199799,80.2297973633,70241,70251,10
12.9180898666,80.2299575806,70251,70261,10
12.9191198349,80.2300796509,70261,70272,11
12.9197502136,80.2301177979,70272,70282,10
12.9198799133,80.230140686,70282,70292,10
12.9203996658,80.23021698,70292,70302,10
12.9211597443,80.2303009033,70302,70312,10
12.9220895767,80.2304534912,70312,70322,10
12.9231901169,80.2306518555,70322,70332,10
12.9243803024,80.2308120728,70332,70342,10
12.925239563,80.2308883667,70342,70352,10
12.9263401031,80.2309875488,70352,70373,21
12.9263401031,80.2309875488,70373,70383,10
12.9264497757,80.2309875488,70383,70393,10
12.9269599915,80.2310714722,70393,70403,10
12.9277601242,80.2311782837,70403,70413,10
12.9285497665,80.231300354,70413,70423,10
12.9292402267,80.2314300537,70423,70433,10
12.9300403595,80.2316131592,70433,70443,10
12.9310102463,80.2318725586,70443,70453,10
12.9319696426,80.2321777344,70453,70463,10
12.9328804016,80.2324676514,70463,70473,10
12.9336204529,80.2328033447,70473,70494,21
12.9336204529,80.2328033447,70494,70504,10
12.9337396622,80.2328567505,70504,70514,10
12.9341802597,80.2330627441,70514,70524,10
12.9348897934,80.2333831787,70524,70534,10
12.9356403351,80.2337188721,70534,70544,10
12.9363498688,80.234046936,70544,70554,10
12.9371795654,80.2344436646,70554,70564,10
12.9379701614,80.2348327637,70564,70574,10
12.938659668,80.2351837158,70574,70584,10
12.9391202927,80.2354125977,70584,70594,10
12.9396800995,80.2356872559,70594,70615,21
12.9396800995,80.2356872559,70615,70625,10
12.9400501251,80.2358322144,70625,70635,10
12.9407396317,80.2360610962,70635,70645,10
12.941619873,80.2362823486,70645,70655,10
12.942609787,80.236579895,70655,70665,10
12.9434099197,80.2370986938,70665,70675,10
12.9437303543,80.2374267578,70675,70685,10
12.9437303543,80.2374420166,70685,70695,10
12.9437503815,80.2374572754,70695,70705,10
12.9440402985,80.2378005981,70705,70716,11
12.9446296692,80.2384490967,70716,70725,9
12.9452104568,80.2390365601,70725,70736,11
12.9462003708,80.2396011353,70736,70746,10
12.9471597672,80.2399902344,70746,70766,20
12.9471597672,80.2399902344,70766,70776,10
12.9475402832,80.2401275635,70776,70786,10
12.9481601715,80.2404174805,70786,70796,10
12.9487800598,80.2406768799,70796,70897,101
12.9487800598,80.2406768799,70897,70907,10
12.9488601685,80.2407531738,70907,70917,10
12.9492397308,80.2408905029,70917,70927,10
12.9498300552,80.2410736084,70927,70938,11
12.9506502151,80.2413101196,70938,70948,10
12.9510803223,80.2414093018,70948,70958,10
12.9510803223,80.2414016724,70958,70968,10
12.9513597488,80.2415390015,70968,70978,10
12.9517803192,80.2416915894,70978,70988,10
12.952460289,80.2419433594,70988,70998,10
12.9532699585,80.2422485352,70998,71008,10
12.954000473,80.2425308228,71008,71018,10
12.9546298981,80.2427978516,71018,71028,10
12.9555196762,80.2431030273,71028,71038,10
12.9562702179,80.2433166504,71038,71049,11
12.956870079,80.2436218262,71049,71059,10
12.9576396942,80.2439880371,71059,71069,10
12.9581804276,80.2442169189,71069,71079,10
12.9589300156,80.2445220947,71079,71099,20
12.9589300156,80.2445220947,71099,71109,10
12.959280014,80.2446899414,71109,71119,10
12.9599304199,80.2450027466,71119,71129,10
12.9607496262,80.2453994751,71129,71139,10
12.9617595673,80.245880127,71139,71149,10
12.9627599716,80.2463912964,71149,71160,11
12.9633798599,80.246711731,71160,71210,50
12.9633798599,80.246711731,71210,71220,10
12.9635095596,80.2467193604,71220,71230,10
12.96393013,80.2469329834,71230,71240,10
12.9646596909,80.2472000122,71240,71250,10
12.9655399323,80.2474822998,71250,71260,10
12.9666500092,80.2479019165,71260,71281,21
12.9666500092,80.2479019165,71281,71291,10
12.9667797089,80.2479782104,71291,71301,10
12.9670801163,80.2481689453,71301,71311,10
12.9677400589,80.2484817505,71311,71321,10
12.9685401917,80.2487869263,71321,71331,10
12.9693698883,80.2491226196,71331,71341,10
12.9703798294,80.2495269775,71341,71351,10
12.9715003967,80.2498626709,71351,71361,10
12.9726896286,80.2501678467,71361,71371,10
12.9736003876,80.2504196167,71371,71381,10
12.9742603302,80.250541687,71381,71392,11
12.9743404388,80.2505722046,71392,71402,10
12.9746904373,80.2506637573,71402,71412,10
12.9753704071,80.250869751,71412,71422,10
12.9762401581,80.251121521,71422,71432,10
12.9770898819,80.251411438,71432,71442,10
12.9778499603,80.2519378662,71442,71452,10
12.9784603119,80.2524108887,71452,71462,10
12.9789400101,80.2525863647,71462,71472,10
12.9793796539,80.2526397705,71472,71482,10
12.9799003601,80.2525634766,71482,71513,31
12.9799003601,80.2525634766,71513,71523,10
12.9799604416,80.2523574829,71523,71533,10
12.9799699783,80.2520523071,71533,71543,10
12.9801902771,80.2514877319,71543,71553,10
12.9803695679,80.2507400513,71553,71563,10
12.9805698395,80.2498703003,71563,71573,10
12.9806604385,80.2490386963,71573,71583,10
12.9807300568,80.2480773926,71583,71593,10
12.9808397293,80.2469863892,71593,71603,10
12.9809398651,80.2458496094,71603,71614,11
12.981089592,80.2446517944,71614,71624,10
12.9811296463,80.2440109253,71624,71634,10
12.9812297821,80.2437286377,71634,71644,10
12.9812898636,80.2435073853,71644,71654,10
12.9812803268,80.243270874,71654,71664,10
12.9812803268,80.2430725098,71664,71714,50
12.9812803268,80.2430725098,71714,71724,10
12.981300354,80.2427062988,71724,71735,11
12.9813098907,80.2422409058,71735,71745,10
12.9813203812,80.2416305542,71745,71755,10
12.9813098907,80.2408828735,71755,71765,10
12.981300354,80.2402267456,71765,71775,10
12.9812898636,80.2398605347,71775,71785,10
12.9812698364,80.2395706177,71785,71795,10
12.9812498093,80.2390899658,71795,71805,10
12.9812297821,80.2386779785,71805,71815,10
12.9812402725,80.2384033203,71815,71825,10
12.9812297821,80.2381362915,71825,71835,10
12.9812297821,80.2381286621,71835,71846,11
12.9812498093,80.2379379272,71846,71856,10
12.9812202454,80.237411499,71856,71866,10
12.9811897278,80.2367019653,71866,71876,10
12.981180191,80.2360610962,71876,71886,10
12.9811601639,80.235458374,71886,71896,10
12.9811496735,80.2352218628,71896,71906,10
12.9811401367,80.2350463867,71906,71916,10
12.9811296463,80.2349090576,71916,71926,10
12.9811296463,80.234703064,71926,71936,10
12.9811601639,80.2345428467,71936,71946,10
12.981180191,80.2343902588,71946,71957,11
12.9812803268,80.2340774536,71957,71997,40
12.9813699722,80.2337799072,71997,72047,50
12.9813699722,80.2337799072,72047,72057,10
12.9816198349,80.2333526611,72057,72088,31
12.9816198349,80.2333526611,72088,72098,10
12.9816398621,80.233253479,72098,72108,10
12.9818000793,80.2329330444,72108,72118,10
12.9819297791,80.2325363159,72118,72128,10
12.9819297791,80.2321395874,72128,72138,10
12.9819002151,80.2316436768,72138,72148,10
12.9817895889,80.2311401367,72148,72158,10
12.9816703796,80.2308578491,72158,72168,10
12.9813804626,80.2303390503,72168,72178,10
12.9809398651,80.2296905518,72178,72189,11
12.9807195663,80.2292480469,72189,72199,10
12.9805498123,80.2289962769,72199,72219,20
12.9805498123,80.2289962769,72219,72229,10
12.9803600311,80.2286529541,72229,72239,10
12.9802598953,80.2283401489,72239,72249,10
12.9800395966,80.2279891968,72249,72259,10
12.9796895981,80.2274398804,72259,72269,10
12.9793996811,80.2269668579,72269,72279,10
12.9791297913,80.2265319824,72279,72289,10
12.9787502289,80.2259368896,72289,72300,11
12.9783697128,80.2252883911,72300,72310,10
12.9781703949,80.2249908447,72310,72320,10
12.9780797958,80.2248382568,72320,72330,10
12.9777498245,80.2244262695,72330,72350,20
12.9777498245,80.2244262695,72350,72360,10
12.9777097702,80.2242965698,72360,72370,10
12.9775400162,80.2239837646,72370,72380,10
12.9772195816,80.2234802246,72380,72390,10
12.9769496918,80.2230606079,72390,72400,10
12.9769001007,80.2228775024,72400,72411,11
12.9771604538,80.2227401733,72411,72431,20
12.9771604538,80.2227401733,72431,72441,10
12.9774398804,80.2227783203,72441,72451,10
12.9774904251,80.2225112915,72451,72461,10
12.9774999619,80.2222900391,72461,72471,10
12.9774398804,80.2218399048,72471,72487,16
12.9774303436,80.2213668823,72487,72499,12
12.977809906,80.2212295532,72499,72507,8
12.9779100418,80.2211532593,72507,72518,11
12.9782104492,80.2211608887,72518,72530,12
12.9787197113,80.2211380005,72530,72540,10
12.9793395996,80.2211380005,72540,72550,10
12.9798202515,80.2210693359,72550,72560,10
12.9807596207,80.2210769653,72560,72580,20
12.9807596207,80.2210769653,72580,72590,10
12.9809598923,80.2210693359,72590,72599,9
12.9813098907,80.2211990356,72599,72609,10
12.9817800522,80.2214584351,72609,72620,11
12.9822397232,80.2217025757,72620,72630,10
12.9830198288,80.2220611572,72630,72651,21
12.9830198288,80.2220611572,72651,72661,10
12.9832201004,80.2222137451,72661,72671,10
12.9834098816,80.2223129272,72671,72681,10
12.983420372,80.2223205566,72681,72691,10
12.983830452,80.2226028442,72691,72701,10
12.9842500687,80.2228317261,72701,72711,10
12.9847698212,80.2231674194,72711,72721,10
12.9851198196,80.2232818604,72721,72731,10
12.985250473,80.2232971191,72731,72741,10
12.9854297638,80.2232894897,72741,72752,11
12.9857196808,80.2230606079,72752,72762,10
12.9864902496,80.2229995728,72762,72782,20
12.9864902496,80.2229995728,72782,72792,10
12.987039566,80.2230682373,72792,72812,20
12.987039566,80.2230682373,72812,72822,10
12.9873199463,80.2231063843,72822,72832,10
12.9877595901,80.2230834961,72832,72842,10
12.9882802963,80.2227020264,72842,72852,10
12.9887304306,80.2223129272,72852,72863,11
12.9891796112,80.2217788696,72863,72879,16
12.9900798798,80.2206573486,72879,72891,12
12.9904003143,80.2204208374,72891,72901,10
12.9905004501,80.2203292847,72901,72911,10
12.9907302856,80.220199585,72911,72921,10
12.9909696579,80.2200164795,72921,72931,10
12.9913797379,80.2196884155,72931,72941,10
12.9916801453,80.2195129395,72941,72951,10
12.9922199249,80.2190628052,72951,72961,10
12.9928798676,80.218536377,72961,72970,9
12.9934301376,80.2181777954,72970,72982,12
12.9940900803,80.2177200317,72982,72992,10
12.9944400787,80.2174835205,72992,73002,10
12.9946403503,80.2173233032,73002,73012,10
12.9948196411,80.2172088623,73012,73022,10
12.9949302673,80.2171401978,73022,73032,10
12.9952898026,80.2169189453,73032,73042,10
12.9957799911,80.2167129517,73042,73052,10
12.9960803986,80.2166595459,73052,73062,10
12.9960899353,80.2166671753,73062,73072,10
12.9963998795,80.2166137695,73072,73082,10
12.9966497421,80.2165222168,73082,73093,11
12.997179985,80.2164306641,73093,73103,10
12.9974002838,80.2162399292,73103,73113,10
12.9975099564,80.2161483765,73113,73123,10
12.9976196289,80.2160186768,73123,73133,10
12.9979295731,80.2156982422,73133,73143,10
12.9984197617,80.2152175903,73143,73153,10
12.9989204407,80.2147979736,73153,73163,10
12.9992198944,80.2145233154,73163,73173,10
12.9997701645,80.2141494751,73173,73183,10
13.000169754,80.2137832642,73183,73193,10
13.000749588,80.2133483887,73193,73204,11
13.0012197495,80.2129211426,73204,73214,10
13.0016803741,80.2125930786,73214,73224,10
13.002120018,80.2123184204,73224,73234,10
13.0025901794,80.2121429443,73234,73244,10
13.0032300949,80.212059021,73244,73254,10
13.0036802292,80.2120132446,73254,73274,20
13.0036802292,80.2120132446,73274,73284,10
13.0036897659,80.2114486694,73284,73294,10
13.0036096573,80.2106704712,73294,73304,10
13.0035104752,80.2098770142,73304,73313,9
13.0035800934,80.2091598511,73313,73325,12
13.004119873,80.208732605,73325,73335,10
13.0048704147,80.2090835571,73335,73345,10
13.0056200027,80.2094116211,73345,73355,10
13.0060396194,80.2095489502,73355,73365,10
13.0062198639,80.2096176147,73365,73375,10
13.0063695908,80.2096633911,73375,73385,10
13.006819725,80.209777832,73385,73446,61
13.006819725,80.209777832,73446,73456,10
13.0073204041,80.2098999023,73456,73466,10
13.0077800751,80.2099609375,73466,73476,10
13.0079698563,80.2100067139,73476,73486,10
13.0081195831,80.2099075317,73486,73496,10
13.0080604553,80.2095184326,73496,73506,10
13.0079498291,80.2088012695,73506,73516,10
13.0078296661,80.2080001831,73516,73526,10
13.0077104568,80.2070770264,73526,73536,10
13.0075998306,80.2062225342,73536,73547,11
13.0075302124,80.2052383423,73547,73557,10
13.0075302124,80.2042770386,73557,73567,10
13.0074100494,80.2034378052,73567,73577,10
13.0071496964,80.2026596069,73577,73587,10
13.0064697266,80.2027893066,73587,73596,9
13.0066699982,80.203338623,73596,73607,11
13.007349968,80.2036819458,73607,73617,10
13.0081300735,80.2037963867,73617,73627,10
13.0090198517,80.203742981,73627,73637,10
13.0101203918,80.2037124634,73637,73647,10
13.0111198425,80.2037200928,73647,73658,11
13.0122499466,80.2038726807,73658,73668,10
13.013469696,80.2042770386,73668,73718,50
13.013469696,80.2042770386,73718,73728,10
13.0135297775,80.2047195435,73728,73738,10
13.0135297775,80.2047195435,73738,73748,10
13.0134000778,80.2051773071,73748,73758,10
13.0132303238,80.2057495117,73758,73769,11
13.0130395889,80.2065200806,73769,73779,10
13.0129804611,80.2072372437,73779,73789,10
13.0128898621,80.2077636719,73789,73800,11
13.0128602982,80.2081298828,73800,73810,10
13.0128297806,80.2085418701,73810,73820,10
13.0128698349,80.2089004517,73820,73831,11
13.0130395889,80.2094726563,73831,73839,8
13.0131797791,80.2098693848,73839,73850,11
13.0131397247,80.2104110718,73850,73861,11
13.0129404068,80.2110900879,73861,73871,10
13.0126695633,80.2116775513,73871,73882,11
13.0122900009,80.2122497559,73882,73892,10
13.0119895935,80.2127304077,73892,73902,10
13.011759758,80.2128601074,73902,73912,10
13.0113401413,80.2126235962,73912,73922,10
13.0107698441,80.2122268677,73922,73932,10
13.0104999542,80.2119979858,73932,73942,10
13.0102500916,80.2117767334,73942,73952,10
13.0099201202,80.2115478516,73952,73962,10
13.0097703934,80.2114334106,73962,73972,10
13.009519577,80.2112197876,73972,74113,141
13.009519577,80.2112197876,74113,74123,10
13.0092096329,80.2113418579,74123,74133,10
13.0090703964,80.2115097046,74133,74143,10
13.0090303421,80.2117233276,74143,74153,10
13.0090303421,80.2118606567,74153,74163,10
13.0091600418,80.2122116089,74163,74173,10
13.0093898773,80.2128982544,74173,74183,10
13.0097198486,80.2136993408,74183,74193,10
13.0100603104,80.2145309448,74193,74203,10
13.0101804733,80.2152328491,74203,74213,10
13.010310173,80.215927124,74213,74224,11
13.0106601715,80.2166976929,74224,74234,10
13.0109901428,80.2174072266,74234,74244,10
13.0113201141,80.2182769775,74244,74254,10
13.0116300583,80.2192687988,74254,74264,10
13.0120601654,80.220489502,74264,74273,9
13.012430191,80.2213897705,74273,74284,11
13.0127096176,80.2218399048,74284,74294,10
13.0133399963,80.2225570679,74294,74304,10
13.013879776,80.2232589722,74304,74314,10
13.0139799118,80.2236633301,74314,74324,10
13.0142698288,80.2242889404,74324,74335,11
13.0148696899,80.2247619629,74335,74345,10
13.0153102875,80.2252883911,74345,74355,10
13.0153102875,80.2257766724,74355,74365,10
13.0149402618,80.2260131836,74365,74375,10
13.0144796371,80.2261123657,74375,74385,10
13.0137996674,80.2263565063,74385,74395,10
13.012960434,80.2266921997,74395,74405,10
13.0120296478,80.2270965576,74405,74415,10
13.01101017,80.2275314331,74415,74425,10
13.0099802017,80.2279434204,74425,74435,10
13.0094203949,80.227722168,74435,74446,11
13.0097303391,80.2270889282,74446,74456,10
13.0100097656,80.2264175415,74456,74466,10
13.0102300644,80.2258987427,74466,74476,10
13.0104598999,80.2253265381,74476,74486,10
13.0106201172,80.2249679565,74486,74496,10
13.0107803345,80.2246398926,74496,74506,10
13.0110502243,80.2239379883,74506,74516,10
13.0111999512,80.223487854,74516,74526,10
13.0109701157,80.2232284546,74526,74536,10
13.0104398727,80.2229766846,74536,74546,10
13.0102996826,80.2229385376,74546,74556,10
13.0098896027,80.2226867676,74556,74567,11
13.0091199875,80.2222290039,74567,74577,10
13.008310318,80.2217636108,74577,74587,10
13.007399559,80.2212677002,74587,74597,10
13.0066299438,80.2208328247,74597,74607,10
13.0058002472,80.2206878662,74607,74617,10
13.0050296783,80.2205200195,74617,74627,10
13.0045604706,80.2203979492,74627,74637,10
13.0037498474,80.2201385498,74637,74647,10
13.002989769,80.2199020386,74647,74657,10
13.0021600723,80.2193374634,74657,74667,10
13.0015201569,80.2186584473,74667,74679,12
13.0008497238,80.218208313,74679,74689,10
13.0003900528,80.217918396,74689,74699,10
12.9997596741,80.217590332,74699,74709,10
12.9991798401,80.217300415,74709,74719,10
12.9990501404,80.2172164917,74719,74729,10
12.9988203049,80.2171096802,74729,74739,10
12.9985799789,80.2170028687,74739,74749,10
12.998550415,80.2169876099,74749,74759,10
12.9983901978,80.2168807983,74759,74769,10
12.9982099533,80.2167892456,74769,74779,10
12.9979200363,80.2166976929,74779,74820,41
12.9979200363,80.2166976929,74820,74830,10
12.9974899292,80.2166595459,74830,74850,20
12.9974899292,80.2166595459,74850,74860,10
12.9972801208,80.2166900635,74860,74870,10
12.9970502853,80.2166595459,74870,74880,10
12.9968204498,80.2166671753,74880,74890,10
12.9966096878,80.2167129517,74890,74901,11
12.9964399338,80.2167129517,74901,74911,10
12.9960803986,80.2166824341,74911,74921,10
12.9958400726,80.216758728,74921,74931,10
12.99559021,80.2168197632,74931,74941,10
12.9954099655,80.2168807983,74941,74951,10
12.9952602386,80.2169494629,74951,74961,10
12.9950799942,80.2170791626,74961,74971,10
12.9949197769,80.2171478271,74971,74981,10
12.9946403503,80.2173461914,74981,74991,10
12.9942598343,80.2176208496,74991,75001,10
12.9939403534,80.2179031372,75001,75011,10
12.993350029,80.21824646,75011,75022,11
12.9925804138,80.2188186646,75022,75032,10
12.9918203354,80.2194595337,75032,75042,10
12.9911699295,80.2199401855,75042,75052,10
12.9908399582,80.2202072144,75052,75062,10
12.990650177,80.2203292847,75062,75072,10
12.9901800156,80.2206268311,75072,75082,10
12.9895401001,80.2210769653,75082,75092,10
12.9892597198,80.2216186523,75092,75102,10
12.9888601303,80.2221298218,75102,75112,10
12.9884996414,80.2224884033,75112,75122,10
12.9879598618,80.2229995728,75122,75133,11
12.987569809,80.2231521606,75133,75143,10
12.9872999191,80.2230682373,75143,75153,10
12.9871397018,80.2230911255,75153,75163,10
12.9868402481,80.2230987549,75163,75173,10
12.9864501953,80.2229995728,75173,75183,10
12.986000061,80.2229919434,75183,75193,10
12.9855298996,80.2232513428,75193,75203,10
12.9849796295,80.2232589722,75203,75213,10
12.9844903946,80.2230911255,75213,75223,10
12.9839496613,80.2227630615,75223,75233,10
12.9836597443,80.2226028442,75233,75244,11
12.9833202362,80.2223815918,75244,75284,40
12.9833202362,80.2223815918,75284,75294,10
12.9829702377,80.2221298218,75294,75304,10
12.9827299118,80.2220993042,75304,75314,10
12.9823703766,80.2219390869,75314,75324,10
12.9818601608,80.2217330933,75324,75334,10
12.981300354,80.221282959,75334,75344,10
12.9806804657,80.2211074829,75344,75355,11
12.980050087,80.2211608887,75355,75365,10
12.9793100357,80.2211608887,75365,75375,10
12.9784803391,80.2212371826,75375,75385,10
12.9778604507,80.2212524414,75385,75395,10
12.977350235,80.2212982178,75395,75405,10
12.9772195816,80.2213821411,75405,75425,20
12.9769001007,80.2213821411,75425,75445,20
12.9768695831,80.2214889526,75445,75476,31
12.9768695831,80.2214889526,75476,75486,10
12.9765996933,80.2213973999,75486,75496,10
12.9763698578,80.2214813232,75496,75506,10
12.9761400223,80.2214279175,75506,75516,10
12.9760799408,80.2215881348,75516,75526,10
12.9762802124,80.2217483521,75526,75536,10
12.9762897491,80.2217636108,75536,75546,10
12.9764499664,80.2219696045,75546,75556,10
12.9765195847,80.2221908569,75556,75566,10
12.9766702652,80.2224884033,75566,75576,10
12.9768695831,80.2228164673,75576,75587,11
12.9772500992,80.2234573364,75587,75597,10
12.9777202606,80.2241973877,75597,75607,10
12.9779996872,80.2246704102,75607,75617,10
12.9781999588,80.2249679565,75617,75627,10
12.9783296585,80.2251968384,75627,75637,10
12.9785995483,80.2256698608,75637,75647,10
12.9789199829,80.2261734009,75647,75657,10
12.9792804718,80.2267608643,75657,75667,10
12.9795198441,80.227180481,75667,75677,10
12.9798603058,80.2277603149,75677,75687,10
12.9802103043,80.2283477783,75687,75698,11
12.9806203842,80.229057312,75698,75708,10
12.9809503555,80.2295837402,75708,75718,10
12.9813995361,80.2302322388,75718,75728,10
12.9816598892,80.2306289673,75728,75738,10
12.9817199707,80.2308120728,75738,75748,10
12.9819097519,80.2313690186,75748,75758,10
12.9819898605,80.2320404053,75758,75768,10
12.9819803238,80.2324523926,75768,75778,10
12.9818201065,80.2330322266,75778,75798,20
12.9818201065,80.2330322266,75798,75809,11
12.9817800522,80.2331085205,75809,75819,10
12.9816703796,80.2333602905,75819,75829,10
12.9816503525,80.2333984375,75829,75839,10
12.9814596176,80.2337875366,75839,75849,10
12.9811897278,80.2344207764,75849,75859,10
12.9811697006,80.2351303101,75859,75869,10
12.9811897278,80.2359313965,75869,75879,10
12.9812202454,80.2367172241,75879,75889,10
12.9812297821,80.2375183105,75889,75899,10
12.9812498093,80.238243103,75899,75909,10
12.9812602997,80.2386703491,75909,75920,11
12.9812602997,80.2386779785,75920,75930,10
12.9812498093,80.238899231,75930,75940,10
12.9812602997,80.2390975952,75940,75950,10
12.9812803268,80.239440918,75950,75960,10
12.9813098907,80.239906311,75960,75970,10
12.9813203812,80.2406692505,75970,75980,10
12.9813404083,80.2415084839,75980,75990,10
12.9813404083,80.2423324585,75990,76000,10
12.9813404083,80.2427902222,76000,76010,10
12.9813404083,80.2428817749,76010,76020,10
12.9813299179,80.2431106567,76020,76031,11
12.9813203812,80.2434616089,76031,76041,10
12.9812602997,80.2440872192,76041,76051,10
12.9811201096,80.2450714111,76051,76061,10
12.9809598923,80.246307373,76061,76071,10
12.9808301926,80.2476577759,76071,76081,10
12.9807300568,80.2488632202,76081,76091,10
12.9806604385,80.24974823,76091,76101,10
12.9804401398,80.2506713867,76101,76111,10
12.9801502228,80.2518310547,76111,76121,10
12.9800395966,80.2523269653,76121,76131,10
12.9800195694,80.2524337769,76131,76141,10
12.9802398682,80.2526626587,76141,76152,11
12.9808301926,80.2526397705,76152,76162,10
12.981760025,80.2525787354,76162,76172,10
12.9829597473,80.2525634766,76172,76182,10
12.9841403961,80.252281189,76182,76192,10
12.9852104187,80.2519683838,76192,76208,16
12.98595047,80.2518234253,76208,76220,12
12.986410141,80.2517089844,76220,76228,8
12.986869812,80.2516021729,76228,76240,12
12.9874601364,80.2514038086,76240,76250,10
12.9877796173,80.2513809204,76250,76260,10
12.9878501892,80.2518615723,76260,76271,11
12.9878797531,80.2525024414,76271,76281,10
12.9878101349,80.2534408569,76281,76291,10
12.9877195358,80.2543716431,76291,76301,10
12.9877195358,80.255317688,76301,76473,172
12.9877195358,80.255317688,76473,76483,10
12.9877300262,80.2557296753,76483,76494,11
12.9880104065,80.2558364868,76494,76504,10
12.9883699417,80.2558822632,76504,76514,10
12.9888000488,80.2559432983,76514,76524,10
12.9893102646,80.2559280396,76524,76534,10
12.9898099899,80.2559127808,76534,76544,10
12.990240097,80.2559204102,76544,76554,10
12.9905595779,80.2559280396,76554,76564,10
12.9910001755,80.2559585571,76564,76574,10
12.9917497635,80.2559814453,76574,76584,10
12.9926900864,80.2559814453,76584,76594,10
12.9935503006,80.2559204102,76594,76605,11
12.9942798615,80.2559280396,76605,76615,10
12.9947900772,80.2558822632,76615,76625,10
12.9952602386,80.2558517456,76625,76635,10
12.9956502914,80.255859375,76635,76645,10
12.9960403442,80.2558517456,76645,76655,10
12.9964704514,80.255821228,76655,76665,10
12.9965000153,80.2558364868,76665,76681,16
12.9968500137,80.255859375,76681,76693,12
12.9970998764,80.2558517456,76693,76701,8
12.9974899292,80.255859375,76701,76744,43
12.9974899292,80.255859375,76744,76754,10
12.9976797104,80.2561264038,76754,76763,9
12.9976701736,80.2562026978,76763,76774,11
12.9976396561,80.2563400269,76774,76784,10
12.9976797104,80.2567214966,76784,76794,10
12.9976501465,80.2569503784,76794,77026,232
12.9976501465,80.2569503784,77026,77036,10
12.9977197647,80.2571563721,77036,77047,11
12.9980697632,80.2572097778,77047,77057,10
12.9982299805,80.2571792603,77057,77067,10
12.9984102249,80.2569274902,77067,77077,10
12.9982500076,80.2566223145,77077,78329,1252
12.9981498718,80.2565765381,78329,79762,1433
12.9983797073,80.256690979,79762,79953,191
12.9983797073,80.256690979,79953,79964,11
12.9982795715,80.2565765381,79964,81278,1314
12.9982795715,80.2565765381,81278,82104,826
12.9983701706,80.2565383911,82104,82530,426
12.9983100891,80.2566375732,82530,82636,106
12.9983797073,80.2565307617,82636,82760,124
