13.0758600235,80.2757568359,20,4450,4430
13.0762195587,80.275718689,4450,17388,12938
13.0761203766,80.2756729126,17388,17993,605
13.0761203766,80.2756729126,17993,18003,10
13.0759897232,80.275680542,18003,18013,10
13.075969696,80.2759170532,18013,18023,10
13.0759000778,80.2760696411,18023,18033,10
13.0760002136,80.2762298584,18033,18044,11
13.0763998032,80.2762374878,18044,18054,10
13.0770196915,80.2762069702,18054,18064,10
13.077750206,80.2761764526,18064,18074,10
13.0782299042,80.2757568359,18074,18084,10
13.0785303116,80.2752075195,18084,18094,10
13.0792198181,80.2751998901,18094,18104,10
13.0800104141,80.2752838135,18104,18114,10
13.0808696747,80.2752075195,18114,18124,10
13.0814800262,80.2751617432,18124,18144,20
13.0814800262,80.2751617432,18144,18154,10
13.0817203522,80.2751998901,18154,18165,11
13.0819797516,80.275352478,18165,18175,10
13.0820398331,80.2756576538,18175,18286,111
13.0820398331,80.2756576538,18286,18296,10
13.0820198059,80.2758712769,18296,18326,30
13.0820198059,80.2758712769,18326,18336,10
13.0818395615,80.2761383057,18336,18346,10
13.0818901062,80.2765197754,18346,18356,10
13.0819597244,80.2771606445,18356,18366,10
13.0820798874,80.2779388428,18366,18376,10
13.0821695328,80.2783432007,18376,18387,11
13.0821695328,80.2783889771,18387,18397,10
13.0821800232,80.2788009644,18397,18407,10
13.0822200775,80.279548645,18407,18417,10
13.0823001862,80.2804412842,18417,18427,10
13.0823602676,80.2813186646,18427,18437,10
13.0820302963,80.2816009521,18437,18447,10
13.0815601349,80.2811584473,18447,18457,10
13.0809202194,80.2807769775,18457,18467,10
13.0801401138,80.2810134888,18467,18477,10
13.0794897079,80.2816619873,18477,18487,10
13.078619957,80.2823410034,18487,18498,11
13.0775604248,80.2827987671,18498,18508,10
13.0766096115,80.2833404541,18508,18517,9
13.0758800507,80.283996582,18517,18528,11
13.0751399994,80.2847976685,18528,18538,10
13.074379921,80.2855529785,18538,18548,10
13.0739002228,80.2859573364,18548,18568,20
13.0739002228,80.2859573364,18568,18578,10
13.0734195709,80.2859802246,18578,18588,10
13.0727100372,80.2855987549,18588,18598,10
13.0717601776,80.2852783203,18598,18609,11
13.0705299377,80.2849578857,18609,18619,10
13.0693597794,80.2846832275,18619,18629,10
13.0682601929,80.2844161987,18629,18639,10
13.067199707,80.2842407227,18639,18649,10
13.0660800934,80.2839813232,18649,18659,10
13.0649595261,80.2837219238,18659,18669,10
13.064160347,80.2835235596,18669,18679,10
13.0636796951,80.2834014893,18679,18689,10
13.06291008,80.2832107544,18689,18699,10
13.0624599457,80.2830963135,18699,18709,10
13.0622301102,80.2830505371,18709,18719,10
13.0615901947,80.2828979492,18719,18730,11
13.0606002808,80.2826690674,18730,18740,10
13.0599403381,80.2825469971,18740,18750,10
13.0590896606,80.2823867798,18750,18760,10
13.0581302643,80.2821807861,18760,18770,10
13.0571899414,80.2819900513,18770,18786,16
13.0567302704,80.2818984985,18786,18798,12
13.0566501617,80.2818832397,18798,18808,10
13.0561800003,80.2817764282,18808,18819,11
13.0552597046,80.2815933228,18819,18829,10
13.0542402267,80.2813873291,18829,18840,11
13.0530700684,80.2811737061,18840,18849,9
13.0520896912,80.2810211182,18849,18860,11
13.0510196686,80.2808685303,18860,18870,10
13.050359726,80.2807998657,18870,18880,10
13.0502004623,80.2807769775,18880,18890,10
13.0496501923,80.2807006836,18890,18900,10
13.0487604141,80.2805709839,18900,18910,10
13.0477199554,80.280418396,18910,18920,10
13.046620369,80.2802581787,18920,18930,10
13.0457801819,80.2801513672,18930,18941,11
13.0451002121,80.2800598145,18941,18951,10
13.0441799164,80.2799301147,18951,18961,10
13.0432596207,80.2797775269,18961,18971,10
13.04226017,80.279548645,18971,18981,10
13.0411596298,80.2793502808,18981,18991,10
13.0400896072,80.2791213989,18991,19001,10
13.0392198563,80.2788925171,19001,19011,10
13.0390396118,80.2788391113,19011,19021,10
13.0388402939,80.2787628174,19021,19031,10
13.0382204056,80.2785491943,19031,19041,10
13.0374097824,80.2783126831,19041,19051,10
13.0365600586,80.2779922485,19051,19062,11
13.0355596542,80.2777481079,19062,19072,10
13.034620285,80.2775878906,19072,19082,10
13.0337295532,80.2773590088,19082,19091,9
13.0330495834,80.2774505615,19091,19102,11
13.0322399139,80.2774963379,19102,19112,10
13.0313796997,80.2775421143,19112,19122,10
13.0309095383,80.2772521973,19122,19132,10
13.0308303833,80.2771911621,19132,19142,10
13.0304403305,80.2769622803,19142,19152,10
13.0297002792,80.2766723633,19152,19162,10
13.0288095474,80.2764434814,19162,19173,11
13.027879715,80.2760467529,19173,19183,10
13.0269804001,80.2756271362,19183,19192,9
13.0262002945,80.2752990723,19192,19203,11
13.0259799957,80.2751998901,19203,19213,10
13.0258598328,80.2751464844,19213,19223,10
13.0253601074,80.2749328613,19223,19233,10
13.024600029,80.274559021,19233,19243,10
13.0239801407,80.2738494873,19243,19252,9
13.023440361,80.2731170654,19252,19263,11
13.0227499008,80.2721862793,19263,19273,10
13.0220603943,80.2712936401,19273,19284,11
13.0214300156,80.2705078125,19284,19294,10
13.0209102631,80.2698974609,19294,19304,10
13.0208101273,80.2697906494,19304,19314,10
13.0205602646,80.2694625854,19314,19324,10
13.0201101303,80.2688827515,19324,19334,10
13.0195102692,80.2681427002,19334,19344,10
13.0188598633,80.267326355,19344,19354,10
13.0186300278,80.2663269043,19354,19364,10
13.0186796188,80.2657165527,19364,19374,10
13.0188999176,80.2649230957,19374,19384,10
13.0190696716,80.2641372681,19384,19395,11
13.0189695358,80.2634963989,19395,19405,10
13.0188903809,80.2631225586,19405,19415,10
13.018819809,80.2623214722,19415,19425,10
13.0186901093,80.2614212036,19425,19435,10
13.017999649,80.2608566284,19435,19445,10
13.0171604156,80.260307312,19445,19455,10
13.0164003372,80.2598419189,19455,19465,10
13.0160799026,80.2596817017,19465,19475,10
13.0157203674,80.2595214844,19475,19485,10
13.0150003433,80.2593231201,19485,19495,10
13.0140199661,80.2592773438,19495,19506,11
13.0129299164,80.2592391968,19506,19516,10
13.0117197037,80.2592086792,19516,19526,10
13.0106697083,80.2592163086,19526,19536,10
13.0095996857,80.2592163086,19536,19546,10
13.0088396072,80.2592086792,19546,19556,10
13.0085802078,80.2591781616,19556,19566,10
13.0078601837,80.2593078613,19566,19586,20
13.0078601837,80.2593078613,19586,19596,10
13.0075902939,80.259437561,19596,19606,10
13.0072402954,80.2599487305,19606,19617,11
13.0073204041,80.2608032227,19617,19627,10
13.0075302124,80.2616424561,19627,19637,10
13.0077600479,80.2624664307,19637,19647,10
13.0078496933,80.2629089355,19647,19657,10
13.0079402924,80.2634735107,19657,19667,10
13.0080795288,80.2642974854,19667,19677,10
13.0079603195,80.2652587891,19677,19687,10
13.0077600479,80.2661437988,19687,19697,10
13.0076303482,80.2667236328,19697,19707,10
13.0074195862,80.267539978,19707,19717,10
13.0072097778,80.2685089111,19717,19728,11
13.0070199966,80.2696533203,19728,19738,10
13.0066099167,80.2704467773,19738,19748,10
13.0058202744,80.2702407837,19748,19758,10
13.0050001144,80.2697219849,19758,19768,10
13.0041503906,80.2691726685,19768,19778,10
13.0034103394,80.2687988281,19778,19788,10
13.0032396317,80.2687225342,19788,19798,10
13.0029802322,80.2685089111,19798,19808,10
13.0024499893,80.268157959,19808,19818,10
13.0016803741,80.2677001953,19818,19828,10
13.0010795593,80.2673416138,19828,19839,11
13.0008897781,80.2671966553,19839,19849,10
13.0004997253,80.266960144,19849,19859,10
12.999879837,80.2669296265,19859,19869,10
12.999329567,80.2670516968,19869,19879,10
12.9984197617,80.2673034668,19879,19889,10
12.997420311,80.2675933838,19889,19899,10
12.9963502884,80.2677536011,19899,19909,10
12.9956598282,80.2676391602,19909,19919,10
12.9956502914,80.2673568726,19919,19929,10
12.9956598282,80.2672805786,19929,19939,10
12.9957199097,80.2668762207,19939,19950,11
12.9958000183,80.2660827637,19950,19960,10
12.9959001541,80.2651824951,19960,19970,10
12.9960298538,80.2642593384,19970,19980,10
12.9961099625,80.2634429932,19980,19990,10
12.9961795807,80.2628707886,19990,20000,10
12.9961996078,80.2626266479,20000,20010,10
12.996219635,80.2624206543,20010,20020,10
12.9962902069,80.2618789673,20020,20030,10
12.9963703156,80.2611618042,20030,20040,10
12.9964704514,80.260269165,20040,20050,10
12.9965696335,80.2594680786,20050,20061,11
12.9966402054,80.2585678101,20061,20071,10
12.9967403412,80.2575912476,20071,20081,10
12.9968099594,80.2568588257,20081,20091,10
12.9968395233,80.2560424805,20091,20110,19
12.9968395233,80.2560424805,20110,20121,11
12.9968595505,80.2557983398,20121,20131,10
12.9968395233,80.2554092407,20131,20141,10
12.9967899323,80.2548675537,20141,20151,10
12.9963798523,80.2541809082,20151,20161,10
12.9956998825,80.2535171509,20161,20172,11
12.9951000214,80.2527618408,20172,20182,10
12.9947795868,80.252456665,20182,20192,10
12.9943704605,80.252571106,20192,20212,20
12.9943704605,80.252571106,20212,20222,10
12.9941501617,80.2526092529,20222,20232,10
12.9936103821,80.2527618408,20232,20242,10
12.9928998947,80.2529220581,20242,20252,10
12.9920902252,80.2529678345,20252,20262,10
12.9913196564,80.2533035278,20262,20272,10
12.9909095764,80.2540435791,20272,20283,11
12.9908103943,80.2550811768,20283,20293,10
12.9907903671,80.2557067871,20293,20303,10
12.9906396866,80.2559814453,20303,20313,10
12.9900398254,80.2559967041,20313,20323,10
12.9891901016,80.2559585571,20323,20333,10
12.9885597229,80.2559204102,20333,20343,10
12.9884796143,80.2559127808,20343,20353,10
12.9881095886,80.2558670044,20353,20363,10
12.9876699448,80.2559127808,20363,20373,10
12.9875802994,80.2563705444,20373,20383,10
12.9875297546,80.2571105957,20383,20393,10
12.9874696732,80.2580184937,20393,20404,11
12.9873895645,80.2589111328,20404,20414,10
12.9871501923,80.2595596313,20414,20969,555
12.9869804382,80.259262085,20969,21574,605
12.9869804382,80.259262085,21574,21584,10
12.9871997833,80.2591094971,21584,21594,10
12.9873600006,80.2590179443,21594,21604,10
12.9874000549,80.2586517334,21604,21614,10
12.9874095917,80.2583465576,21614,21624,10
12.9874296188,80.2579574585,21624,21635,11
12.9874696732,80.2574005127,21635,21645,10
12.9875297546,80.2566375732,21645,21655,10
12.9875898361,80.2559127808,21655,21665,10
12.9878501892,80.2557525635,21665,21675,10
12.9883403778,80.2558135986,21675,21685,10
12.9885902405,80.2558288574,21685,21695,10
12.9887695313,80.2558517456,21695,21705,10
12.9893102646,80.2559204102,21705,21715,10
12.9900598526,80.2559585571,21715,21725,10
12.9905700684,80.2558898926,21725,21735,10
12.9907398224,80.2554702759,21735,21746,11
12.99077034,80.2546386719,21746,21756,10
12.9909000397,80.2538833618,21756,21766,10
12.9914102554,80.253326416,21766,21776,10
12.9921798706,80.2530517578,21776,21786,10
12.9928998947,80.2529907227,21786,21796,10
12.9935598373,80.2528305054,21796,21806,10
12.9942598343,80.2526397705,21806,21816,10
12.9948701859,80.2524795532,21816,21826,10
12.9951000214,80.2527389526,21826,21836,10
12.9951200485,80.2528762817,21836,21846,10
12.9953298569,80.2531661987,21846,21857,11
12.9959201813,80.2537231445,21857,21867,10
12.9965696335,80.2543563843,21867,21877,10
12.9968700409,80.2551803589,21877,21887,10
12.9969396591,80.2557678223,21887,21897,10
12.9969501495,80.2559967041,21897,21907,10
12.9968996048,80.2563171387,21907,21917,10
12.9968500137,80.2568283081,21917,21927,10
12.9968395233,80.2571029663,21927,21937,10
12.9967899323,80.2575836182,21937,21947,10
12.9967002869,80.2582778931,21947,21957,10
12.9966001511,80.2591781616,21957,21968,11
12.9964895248,80.2602005005,21968,21978,10
12.996430397,80.2608795166,21978,21988,10
12.9963302612,80.2616882324,21988,21998,10
12.9962797165,80.2622299194,21998,22008,10
12.9962501526,80.2624206543,22008,22018,10
12.9961795807,80.2627487183,22018,22028,10
12.9961299896,80.2632293701,22028,22038,10
12.9960603714,80.263961792,22038,22047,9
12.9959697723,80.2647018433,22047,22058,11
12.9958600998,80.265663147,22058,22068,10
12.9957304001,80.2666473389,22068,22079,11
12.9956903458,80.267578125,22079,22089,10
12.9961099625,80.2677001953,22089,22099,10
12.9961996078,80.2677307129,22099,22109,10
12.9965896606,80.2677764893,22109,22119,10
12.9973897934,80.267616272,22119,22129,10
12.9982595444,80.267326355,22129,22139,10
12.9993600845,80.2670288086,22139,22149,10
13.0002403259,80.2668075562,22149,22159,10
13.0009202957,80.2672195435,22159,22169,10
13.0010499954,80.2673034668,22169,22179,10
13.0013103485,80.2674865723,22179,22189,10
13.0019102097,80.2678604126,22189,22200,11
13.0028400421,80.2684173584,22200,22210,10
13.0032901764,80.2686767578,22210,22220,10
13.0033798218,80.268737793,22220,22230,10
13.0036296844,80.2688980103,22230,22240,10
13.0042200089,80.2692718506,22240,22250,10
13.0050497055,80.2697906494,22250,22260,10
13.0059204102,80.2703170776,22260,22270,10
13.0065498352,80.2704391479,22270,22280,10
13.0069599152,80.2698364258,22280,22290,10
13.0070896149,80.268913269,22290,22300,10
13.0072898865,80.267868042,22300,22311,11
13.007519722,80.2668533325,22311,22321,10
13.0076704025,80.2662963867,22321,22331,10
13.0078001022,80.2657928467,22331,22341,10
13.0079803467,80.2649383545,22341,22351,10
13.0080003738,80.2640609741,22351,22360,9
13.0078697205,80.263381958,22360,22370,10
13.0077600479,80.2628631592,22370,22381,11
13.007610321,80.262260437,22381,22391,10
13.0074396133,80.2615509033,22391,22401,10
13.0073795319,80.2612991333,22401,22411,10
13.0072803497,80.2608413696,22411,22422,11
13.0072002411,80.2601394653,22422,22432,10
13.0073204041,80.2593078613,22432,22442,10
13.0074396133,80.2587432861,22442,22452,10
13.0080404282,80.2588577271,22452,22462,10
13.0087995529,80.2590789795,22462,22472,10
13.0099096298,80.2591094971,22472,22482,10
13.0112695694,80.2591018677,22482,22491,9
13.0125999451,80.2591171265,22491,22502,11
13.014380455,80.2591781616,22502,22511,9
13.0157003403,80.2593307495,22511,22522,11
13.0166501999,80.2599105835,22522,22533,11
13.0171098709,80.2601928711,22533,22543,10
13.0178403854,80.2606887817,22543,22553,10
13.0186901093,80.2612686157,22553,22563,10
13.0193796158,80.2618865967,22563,22573,10
13.0200796127,80.2625808716,22573,22583,10
13.0202798843,80.2629776001,22583,22593,10
13.0197696686,80.2629776001,22593,22603,10
13.019200325,80.2629470825,22603,22613,10
13.0190296173,80.2632827759,22613,22623,10
13.0191202164,80.2639389038,22623,22633,10
13.0191297531,80.2641296387,22633,22644,11
13.0189800262,80.2648925781,22644,22654,10
13.0188102722,80.2654876709,22654,22664,10
13.0186901093,80.266242981,22664,22674,10
13.0187797546,80.2670822144,22674,22684,10
13.0192499161,80.2678222656,22684,22694,10
13.019610405,80.2682723999,22694,22704,10
13.0199604034,80.2687225342,22704,22714,10
13.0204200745,80.26927948,22714,22724,10
13.021030426,80.2699813843,22724,22734,10
13.0215396881,80.2705764771,22734,22744,10
13.0216398239,80.2706832886,22744,22755,11
13.0220603943,80.2712173462,22755,22765,10
13.0227403641,80.2721099854,22765,22775,10
13.0234899521,80.2731399536,22775,22785,10
13.0239200592,80.2737503052,22785,22835,50
13.0239200592,80.2737503052,22835,22845,10
13.0241003036,80.273979187,22845,22855,10
13.0244703293,80.2744598389,22855,22866,11
13.025179863,80.2748718262,22866,22876,10
13.0259504318,80.2751998901,22876,22886,10
13.0263900757,80.2753982544,22886,22896,10
13.0270795822,80.2757415771,22896,22906,10
13.0279102325,80.2761001587,22906,22916,10
13.028719902,80.2763900757,22916,22926,10
13.0296497345,80.2766723633,22926,22936,10
13.02987957,80.2767181396,22936,22947,11
13.0302696228,80.2769088745,22947,22956,9
13.030960083,80.2773284912,22956,22965,9
13.0317802429,80.2775268555,22965,22977,12
13.0329799652,80.2774429321,22977,22987,10
13.0338497162,80.2773895264,22987,22997,10
13.0346899033,80.2775802612,22997,23007,10
13.0354700089,80.2777328491,23007,23017,10
13.0361604691,80.2778701782,23017,23027,10
13.0369596481,80.278137207,23027,23037,10
13.0378303528,80.2783966064,23037,23047,10
13.0386800766,80.2786102295,23047,23057,10
13.0389003754,80.278678894,23057,23067,10
13.0390996933,80.2787628174,23067,23077,10
13.0396003723,80.2789306641,23077,23088,11
13.0406799316,80.2792282104,23088,23098,10
13.0417804718,80.2794265747,23098,23108,10
13.0431404114,80.2795791626,23108,23158,50
13.0431404114,80.2795791626,23158,23168,10
13.0436000824,80.2797317505,23168,23178,10
13.0444202423,80.2799224854,23178,23188,10
13.0453796387,80.2800521851,23188,23198,10
13.0457601547,80.2801132202,23198,23209,11
13.0458698273,80.2801208496,23209,23219,10
13.0464296341,80.2801971436,23219,23229,10
13.0473203659,80.2803192139,23229,23239,10
13.0483999252,80.2804718018,23239,23249,10
13.0492095947,80.2805786133,23249,23259,10
13.0493402481,80.2805862427,23259,23269,10
13.0498104095,80.280670166,23269,23279,10
13.0504999161,80.2807693481,23279,23289,10
13.0507202148,80.2808227539,23289,23299,10
13.051199913,80.2808914185,23299,23309,10
13.0520896912,80.2810211182,23309,23320,11
13.0531797409,80.2811889648,23320,23330,10
13.0542802811,80.2813796997,23330,23340,10
13.0553503036,80.281578064,23340,23350,10
13.056189537,80.28175354,23350,23360,10
13.0565004349,80.2818222046,23360,23370,10
13.056520462,80.2818222046,23370,23380,10
13.0569095612,80.2819137573,23380,23390,10
13.0573196411,80.2819900513,23390,23400,10
13.0573596954,80.2819976807,23400,23410,10
13.0574598312,80.2820205688,23410,23420,10
13.0579996109,80.2821426392,23420,23431,11
13.0589799881,80.2823410034,23431,23441,10
13.0600404739,80.2825698853,23441,23451,10
13.0611095428,80.2827835083,23451,23461,10
13.062210083,80.2830123901,23461,23471,10
13.0630397797,80.2831878662,23471,23481,10
13.0631399155,80.2832107544,23481,23491,10
13.0633602142,80.2832794189,23491,23501,10
13.0636796951,80.2833480835,23501,23517,16
13.0637598038,80.2833709717,23517,23529,12
13.0641803741,80.2834701538,23529,23539,10
13.0650596619,80.2836608887,23539,23550,11
13.0661697388,80.2838821411,23550,23560,10
13.06731987,80.2841186523,23560,23570,10
13.0682601929,80.2843017578,23570,23580,10
13.0691995621,80.2845230103,23580,23590,10
13.0705099106,80.2848815918,23590,23600,10
13.07172966,80.2851715088,23600,23610,10
13.07310009,80.2852935791,23610,23620,10
13.0740203857,80.2856292725,23620,23630,10
13.0745201111,80.2861709595,23630,23640,10
13.0746803284,80.2863311768,23640,23651,11
13.0752801895,80.2866973877,23651,23661,10
13.0761404037,80.2870635986,23661,23671,10
13.0773000717,80.2873382568,23671,23681,10
13.0785198212,80.2876586914,23681,23691,10
13.0795698166,80.2880477905,23691,23701,10
13.0804595947,80.2882385254,23701,23711,10
13.0810899734,80.2884063721,23711,23721,10
13.0818395615,80.2886810303,23721,23731,10
13.082280159,80.2888336182,23731,23741,10
13.0828399658,80.289100647,23741,23751,10
13.0836400986,80.2892074585,23751,23761,10
13.0845804214,80.2891769409,23761,23772,11
13.0855903625,80.2893295288,23772,23781,9
13.086640358,80.2895812988,23781,23792,11
13.087770462,80.2899703979,23792,23802,10
13.0888500214,80.2902908325,23802,23842,40
13.0888500214,80.2902908325,23842,23852,10
13.0888299942,80.2903594971,23852,23862,10
13.0884199142,80.2902984619,23862,23872,10
13.0876903534,80.2899780273,23872,23883,11
13.0867204666,80.2896575928,23883,23893,10
13.0859003067,80.2894668579,23893,23903,10
13.0854196548,80.2888183594,23903,23913,10
13.0851402283,80.2878570557,23913,23923,10
13.0851802826,80.286781311,23923,23933,10
13.0852804184,80.2856674194,23933,23943,10
13.0853500366,80.2846298218,23943,23953,10
13.0853395462,80.2839813232,23953,23963,10
13.0854902267,80.2836227417,23963,23973,10
13.0857095718,80.2835235596,23973,23983,10
13.0860900879,80.2835388184,23983,23994,11
13.0863800049,80.2836608887,23994,24004,10
13.0866003036,80.2838668823,24004,24014,10
13.086979866,80.2839126587,24014,24528,514
13.0869703293,80.283821106,24528,25093,565
13.0869703293,80.283821106,25093,25103,10
13.0870800018,80.2838516235,25103,25114,11
13.0872898102,80.2838668823,25114,25124,10
13.0875597,80.2838821411,25124,25134,10
13.0878400803,80.2839126587,25134,25154,20
13.0878400803,80.2839126587,25154,25164,10
13.088139534,80.2837677002,25164,25194,30
13.088139534,80.2837677002,25194,25204,10
13.0882797241,80.2834320068,25204,25214,10
13.0882902145,80.2831573486,25214,25225,11
13.0883102417,80.2827682495,25225,25235,10
13.0882902145,80.2824020386,25235,25245,10
13.0882501602,80.2820205688,25245,25255,10
13.0881099701,80.281578064,25255,25265,10
13.0883197784,80.2814331055,25265,25275,10
13.0885801315,80.2815628052,25275,25285,10
13.088549614,80.2819519043,25285,25295,10
13.0884599686,80.2824401855,25295,25305,10
13.0883798599,80.2828674316,25305,25315,10
13.0883798599,80.2833023071,25315,25325,10
13.0884199142,80.2837295532,25325,25336,11
13.0884599686,80.2843933105,25336,25346,10
13.0884895325,80.2849884033,25346,25356,10
13.0885000229,80.2851791382,25356,25366,10
13.0885095596,80.2854690552,25366,25376,10
13.08852005,80.285949707,25376,25386,10
13.0885400772,80.2863998413,25386,25396,10
13.0885601044,80.2867889404,25396,25406,10
13.0886096954,80.2873764038,25406,25416,10
13.088640213,80.287651062,25416,25426,10
13.0887002945,80.2882385254,25426,25436,10
13.0887403488,80.2885894775,25436,25446,10
13.0888204575,80.2890014648,25446,25457,11
13.0888299942,80.2893371582,25457,25467,10
13.0888595581,80.2898712158,25467,25483,16
13.088470459,80.2902832031,25483,25495,12
13.0875797272,80.2898712158,25495,25505,10
13.0868196487,80.2895736694,25505,25515,10
13.0859003067,80.2893218994,25515,25525,10
13.0847902298,80.2891616821,25525,25535,10
13.0837402344,80.2891998291,25535,25545,10
13.0827903748,80.2891235352,25545,25555,10
13.0817899704,80.2887191772,25555,25566,11
13.0806798935,80.2883605957,25566,25576,10
13.0797395706,80.2881393433,25576,25586,10
13.0787696838,80.2877883911,25586,25595,9
13.0778198242,80.2874984741,25595,25606,11
13.0767002106,80.2872085571,25606,25616,10
13.075510025,80.286857605,25616,25626,10
13.0745897293,80.2863235474,25626,25636,10
13.0740995407,80.2861480713,25636,25646,10
13.073679924,80.2860565186,25646,25656,10
13.0729198456,80.2857437134,25656,25666,10
13.0719203949,80.2853012085,25666,25677,11
13.0706796646,80.2849578857,25677,25687,10
13.0695104599,80.2846984863,25687,25697,10
13.0683803558,80.2844314575,25697,25707,10
13.0674495697,80.2842788696,25707,25717,10
13.0663099289,80.2840194702,25717,25727,10
13.0651597977,80.2837600708,25727,25737,10
13.0641202927,80.2835235596,25737,25747,10
13.0631504059,80.2832794189,25747,25757,10
13.0624799728,80.2831268311,25757,25767,10
13.0622596741,80.2830734253,25767,25777,10
13.0615301132,80.282913208,25777,25788,11
13.0604600906,80.2826766968,25788,25798,10
13.0594997406,80.2825012207,25798,25808,10
13.0584096909,80.2822723389,25808,25818,10
13.0574998856,80.2820892334,25818,25828,10
13.0570201874,80.2819900513,25828,25838,10
13.0567998886,80.2819213867,25838,25848,10
13.0562400818,80.2817993164,25848,25858,10
13.055390358,80.2816162109,25858,25868,10
13.0544700623,80.2814331055,25868,25878,10
13.0529203415,80.2811737061,25878,25888,10
13.0516996384,80.28099823,25888,25899,11
13.050620079,80.2808609009,25899,25909,10
13.0502796173,80.2808074951,25909,25919,10
13.0499696732,80.2807617188,25919,25929,10
13.0491800308,80.2806396484,25929,25939,10
13.0483398438,80.2805099487,25939,25949,10
13.0469198227,80.2803115845,25949,25959,10
13.0459098816,80.2801818848,25959,25969,10
13.0449695587,80.2800521851,25969,25979,10
13.0434904099,80.2798233032,25979,26020,41
13.0434904099,80.2798233032,26020,26030,10
13.0433397293,80.2797927856,26030,26040,10
13.0426797867,80.2796325684,26040,26050,10
13.041680336,80.2794494629,26050,26060,10
13.0405101776,80.2792205811,26060,26070,10
13.0394802094,80.2789611816,26070,26080,10
13.039059639,80.2788467407,26080,26090,10
13.0390300751,80.2788391113,26090,26100,10
13.0388002396,80.2787399292,26100,26110,10
13.0382003784,80.2785491943,26110,26121,11
13.0373296738,80.2782821655,26121,26131,10
13.0365200043,80.2779998779,26131,26141,10
13.0356302261,80.2777786255,26141,26151,10
13.0346803665,80.2776184082,26151,26161,10
13.0337400436,80.277381897,26161,26170,9
13.0329704285,80.2774734497,26170,26181,11
13.0320501328,80.2775268555,26181,26191,10
13.03125,80.2774429321,26191,26201,10
13.0309000015,80.2772521973,26201,26211,10
13.0306901932,80.2771224976,26211,26221,10
13.029999733,80.276802063,26221,26231,10
13.0292196274,80.2765884399,26231,26242,11
13.028260231,80.2762374878,26242,26252,10
13.0273103714,80.2758178711,26252,26262,10
13.0263996124,80.2754211426,26262,26272,10
13.0259799957,80.2752380371,26272,26282,10
13.0259504318,80.2752075195,26282,26292,10
13.0256996155,80.2750930786,26292,26302,10
13.0250797272,80.2748184204,26302,26312,10
13.0241298676,80.2740783691,26312,26332,20
13.0241298676,80.2740783691,26332,26342,10
13.0240898132,80.2740325928,26342,26353,11
13.0237703323,80.2735900879,26353,26363,10
13.0232496262,80.2729034424,26363,26373,10
13.0226097107,80.2720413208,26373,26383,10
13.0219497681,80.2711791992,26383,26393,10
13.021320343,80.2704086304,26393,26403,10
13.0208797455,80.269859314,26403,26413,10
13.0208702087,80.2698516846,26413,26423,10
13.0205602646,80.2694473267,26423,26433,10
13.0200500488,80.2687911987,26433,26443,10
13.0194301605,80.2680282593,26443,26452,9
13.0188999176,80.2673797607,26452,26464,12
13.0186300278,80.2662811279,26464,26474,10
13.0186796188,80.2657318115,26474,26484,10
13.0188798904,80.2649536133,26484,26494,10
13.0190496445,80.2639923096,26494,26504,10
13.0189800262,80.2634811401,26504,26514,10
13.0189199448,80.2629699707,26514,26524,10
13.0188503265,80.2621383667,26524,26534,10
13.0185499191,80.2612228394,26534,26544,10
13.0180997849,80.2609100342,26544,26554,10
13.0174303055,80.2604675293,26554,26564,10
13.0166501999,80.259979248,26564,26575,11
13.0161104202,80.2596969604,26575,26585,10
13.0158901215,80.2595977783,26585,26595,10
13.0152397156,80.2593917847,26595,26605,10
13.014289856,80.2593078613,26605,26615,10
13.0131902695,80.259262085,26615,26625,10
13.0120201111,80.2592163086,26625,26635,10
13.0109395981,80.2591934204,26635,26645,10
13.0098495483,80.2592010498,26645,26655,10
13.0092697144,80.2591781616,26655,26665,10
13.0088796616,80.2592163086,26665,26675,10
13.0085096359,80.2592163086,26675,26686,11
13.0077896118,80.2593765259,26686,26696,10
13.0073795319,80.2590789795,26696,26706,10
13.0072603226,80.2587203979,26706,26716,10
13.0072002411,80.2585525513,26716,26726,10
13.0069198608,80.2580490112,26726,26736,10
13.0064296722,80.2576599121,26736,26746,10
13.005689621,80.2574234009,26746,26756,10
13.0049295425,80.2572174072,26756,26766,10
13.0040597916,80.257019043,26766,26776,10
13.0031995773,80.2568588257,26776,26786,10
13.0021800995,80.2566604614,26786,26807,21
13.0021800995,80.2566604614,26807,26817,10
13.001950264,80.2566680908,26817,26827,10
13.001449585,80.2565917969,26827,26837,10
13.0007200241,80.256477356,26837,26847,10
13.0002202988,80.2564086914,26847,26857,10
13.0000801086,80.2563705444,26857,26867,10
12.9996595383,80.2563018799,26867,26877,10
12.9990901947,80.2561798096,26877,26887,10
12.9986200333,80.2560882568,26887,26897,10
12.9982795715,80.2560501099,26897,26908,11
12.9982004166,80.2560577393,26908,26918,10
12.9978704453,80.2559890747,26918,26928,10
12.9972000122,80.2559432983,26928,26938,10
12.9966201782,80.255897522,26938,26948,10
12.995880127,80.255897522,26948,26958,10
12.9952402115,80.2559204102,26958,26968,10
12.9945001602,80.2559585571,26968,26978,10
12.993689537,80.2560501099,26978,26988,10
12.9927196503,80.2561035156,26988,26998,10
12.9917602539,80.256072998,26998,27008,10
12.9908704758,80.2560195923,27008,27019,11
12.9899396896,80.2559967041,27019,27029,10
12.9890604019,80.2559814453,27029,27039,10
12.9885597229,80.2559509277,27039,27049,10
12.9881095886,80.255859375,27049,27079,30
12.9881095886,80.255859375,27079,27089,10
12.987950325,80.2558517456,27089,27099,10
12.9876499176,80.2560272217,27099,27109,10
12.9875898361,80.2567214966,27109,27119,10
12.9875297546,80.257522583,27119,27129,10
12.9875001907,80.2583465576,27129,27140,11
12.9874200821,80.2590026855,27140,27150,10
12.9873695374,80.2593994141,27150,27160,10
12.9872703552,80.2595825195,27160,27170,10
12.9871797562,80.2596817017,27170,27180,10
12.9869699478,80.2596511841,27180,28229,1049
12.9869699478,80.2596511841,28229,28239,10
12.9868402481,80.2596511841,28239,28250,11
12.9865703583,80.2596817017,28250,28260,10
12.9862003326,80.2596588135,28260,28270,10
12.9858598709,80.2596282959,28270,28280,10
12.9853601456,80.2595825195,28280,28290,10
12.9846801758,80.2594833374,28290,28300,10
12.9841995239,80.2594985962,28300,28310,10
12.9839096069,80.2595062256,28310,28320,10
12.9833297729,80.2594909668,28320,28330,10
12.9832601547,80.2594833374,28330,28340,10
12.98320961,80.2594833374,28340,28350,10
12.9829101563,80.2594528198,28350,28361,11
12.9822597504,80.2594223022,28361,28371,10
12.9814596176,80.2593994141,28371,28381,10
12.9806203842,80.2593612671,28381,28391,10
12.9798698425,80.259262085,28391,28401,10
12.9791202545,80.2591400146,28401,28411,10
12.9783401489,80.2591400146,28411,28421,10
12.9778003693,80.2591629028,28421,28431,10
12.9777402878,80.2591705322,28431,28441,10
12.9776000977,80.2591629028,28441,28451,10
12.9770898819,80.2591705322,28451,28461,10
12.9763898849,80.2590789795,28461,28472,11
12.9757204056,80.2589111328,28472,28482,10
12.9753799438,80.2588119507,28482,28492,10
12.974729538,80.2585983276,28492,28502,10
12.9741296768,80.2584381104,28502,28512,10
12.9740200043,80.2583770752,28512,28522,10
12.9740800858,80.258140564,28522,28532,10
12.9741401672,80.2577972412,28532,28542,10
12.9739103317,80.2576828003,28542,28552,10
12.9735097885,80.2576370239,28552,28562,10
12.9732198715,80.257598877,28562,28572,10
12.9730901718,80.2578277588,28572,28583,11
12.9730901718,80.2581481934,28583,28593,10
12.9735803604,80.2582321167,28593,28794,201
12.9735803604,80.2582321167,28794,28804,10
12.9737300873,80.2583465576,28804,28815,11
12.9740800858,80.2584228516,28815,28825,10
12.9742498398,80.258430481,28825,28835,10
12.9746398926,80.2585296631,28835,28845,10
12.975279808,80.2587203979,28845,28855,10
12.9759502411,80.2589111328,28855,28865,10
12.976770401,80.2591094971,28865,28885,20
12.976770401,80.2591094971,28885,28895,10
12.9768199921,80.2591400146,28895,28905,10
12.9772195816,80.2591705322,28905,28915,10
12.9777297974,80.2591629028,28915,28926,11
12.9783401489,80.2591400146,28926,28936,10
12.9791402817,80.2591323853,28936,28946,10
12.9799499512,80.2592468262,28946,28956,10
12.9806098938,80.2593078613,28956,28966,10
12.9811401367,80.2593536377,28966,28976,10
12.9818296432,80.2593688965,28976,28986,10
12.9824104309,80.2593917847,28986,28996,10
12.9827899933,80.2594070435,28996,29006,10
12.9832801819,80.2594299316,29006,29016,10
12.9836797714,80.2594680786,29016,29026,10
12.983710289,80.2594833374,29026,29037,11
12.9839897156,80.2593231201,29037,29047,10
12.9840602875,80.2588500977,29047,29057,10
12.9841403961,80.2580871582,29057,29067,10
12.984290123,80.2577667236,29067,29077,10
12.9847698212,80.2577896118,29077,29087,10
12.985619545,80.2578887939,29087,29097,10
12.9868402481,80.2580337524,29097,29117,20
12.9868402481,80.2580337524,29117,29127,10
12.9869604111,80.2580490112,29127,29137,10
12.9872598648,80.258102417,29137,29148,11
12.9874401093,80.2576293945,29148,29158,10
12.9875001907,80.2567901611,29158,29168,10
12.9875297546,80.2561798096,29168,29178,10
12.9875297546,80.2561569214,29178,29188,10
12.9875402451,80.2561035156,29188,29198,10
12.9876098633,80.2558288574,29198,29208,10
12.9880199432,80.2557830811,29208,29218,10
12.9882802963,80.2558288574,29218,29228,10
12.988360405,80.2558364868,29228,29238,10
12.9884195328,80.2558517456,29238,29248,10
12.9886903763,80.2558822632,29248,29259,11
12.988699913,80.2558822632,29259,29269,10
12.9889602661,80.255897522,29269,29279,10
12.9894104004,80.2559585571,29279,29289,10
12.9900102615,80.2559967041,29289,29299,10
12.9906797409,80.2559967041,29299,29309,10
12.9914102554,80.2560424805,29309,29319,10
12.9923000336,80.256072998,29319,29329,10
12.9932804108,80.2560424805,29329,29339,10
12.9941501617,80.2559814453,29339,29349,10
12.994890213,80.2559204102,29349,29359,10
12.9957895279,80.2558898926,29359,29370,11
12.9968299866,80.255859375,29370,29420,50
12.9968299866,80.255859375,29420,29430,10
12.9970703125,80.2558670044,29430,29440,10
12.9975595474,80.2558898926,29440,29450,10
12.9980602264,80.2559432983,29450,29460,10
12.9983196259,80.2559814453,29460,29470,10
12.9985198975,80.2559967041,29470,29480,10
12.9989299774,80.2560577393,29480,29521,41
12.9989299774,80.2560577393,29521,29531,10
12.9992303848,80.2561187744,29531,29541,10
12.9996995926,80.2562103271,29541,29551,10
13.0003404617,80.2563323975,29551,29561,10
13.0008602142,80.2564086914,29561,29571,10
13.0013399124,80.2565002441,29571,29581,10
13.0017499924,80.2565765381,29581,29591,10
13.0023698807,80.2566833496,29591,29602,11
13.0030698776,80.2568130493,29602,29612,10
13.0036296844,80.2569198608,29612,29622,10
13.0044698715,80.2570724487,29622,29632,10
13.0052604675,80.257232666,29632,29642,10
13.0061998367,80.2573776245,29642,29682,40
13.0061998367,80.2573776245,29682,29692,10
13.0065498352,80.2574234009,29692,29702,10
13.0069198608,80.257850647,29702,29713,11
13.0073404312,80.2585220337,29713,29723,10
13.0081300735,80.2588577271,29723,29733,10
13.0085296631,80.2589797974,29733,29743,10
13.0086097717,80.2590179443,29743,29753,10
13.0090503693,80.2590789795,29753,29763,10
13.0098800659,80.2590866089,29763,29773,10
13.010890007,80.2590866089,29773,29783,10
13.0119695663,80.2590866089,29783,29793,10
13.0130996704,80.2591400146,29793,29803,10
13.0142602921,80.2591934204,29803,29813,10
13.0153303146,80.2592468262,29813,29824,11
13.0164403915,80.2596893311,29824,29844,20
13.0164403915,80.2596893311,29844,29854,10
13.0165996552,80.2598571777,29854,29864,10
13.0169296265,80.2600784302,29864,29874,10
13.0175104141,80.2604827881,29874,29884,10
13.018239975,80.2609710693,29884,29894,10
13.0188598633,80.2614364624,29894,29904,10
13.019370079,80.2619018555,29904,29914,10
13.0199298859,80.2624816895,29914,29924,10
13.0202798843,80.2629470825,29924,29935,11
13.0198001862,80.2629776001,29935,29945,10
13.0191497803,80.2629623413,29945,29955,10
13.0190496445,80.263343811,29955,29965,10
13.0191402435,80.2640686035,29965,29975,10
13.0189800262,80.2649383545,29975,29985,10
13.0188398361,80.2654800415,29985,29995,10
13.018699646,80.266166687,29995,30005,10
13.0188102722,80.2670974731,30005,30015,10
13.0193796158,80.2679672241,30015,30025,10
13.0200004578,80.2687530518,30025,30035,10
13.0206604004,80.26953125,30035,30046,11
13.0211801529,80.2701568604,30046,30056,10
13.0213804245,80.2703781128,30056,30066,10
13.0216197968,80.270652771,30066,30076,10
13.022069931,80.2712173462,30076,30086,10
13.0226802826,80.2720108032,30086,30096,10
13.0233201981,80.2728729248,30096,30106,10
13.0237598419,80.2734832764,30106,30116,10
13.0241203308,80.2739868164,30116,30126,10
13.0244197845,80.2743911743,30126,30136,10
13.024939537,80.2747268677,30136,30146,10
13.0254001617,80.2749023438,30146,30157,11
13.0254602432,80.2749404907,30157,30167,10
13.0256700516,80.2750473022,30167,30177,10
13.0260801315,80.2752304077,30177,30187,10
13.0267295837,80.2755203247,30187,30197,10
13.0274295807,80.2758789063,30197,30207,10
13.0281400681,80.2761917114,30207,30217,10
13.0284500122,80.2763214111,30217,30227,10
13.0285997391,80.2763824463,30227,30237,10
13.0288696289,80.2764663696,30237,30247,10
13.0291996002,80.2765808105,30247,30264,17
13.0296297073,80.2767028809,30264,30276,12
13.0298995972,80.2767410278,30276,30286,10
13.029999733,80.2767791748,30286,30296,10
13.0303001404,80.2769165039,30296,30306,10
13.0306596756,80.2771224976,30306,30316,10
13.0309200287,80.2772674561,30316,30326,10
13.0312700272,80.2775115967,30326,30336,10
13.0314302444,80.2776031494,30336,30346,10
13.0316200256,80.2776031494,30346,30356,10
13.0319795609,80.2775802612,30356,30366,10
13.0324401855,80.2775192261,30366,30376,10
13.0325603485,80.2774963379,30376,30387,11
13.0327596664,80.2774963379,30387,30397,10
13.0330200195,80.2774734497,30397,30407,10
13.0333003998,80.2774124146,30407,30417,10
13.0335302353,80.2773513794,30417,30427,10
13.0338602066,80.2774124146,30427,30437,10
13.0342798233,80.2775192261,30437,30446,9
13.0344896317,80.2775726318,30446,30457,11
13.0346603394,80.2776107788,30457,30467,10
13.0349903107,80.2776489258,30467,30477,10
13.0353899002,80.2777175903,30477,30487,10
13.0356798172,80.2777709961,30487,30498,11
13.0363197327,80.2779083252,30498,30508,10
13.0366802216,80.2780380249,30508,30518,10
13.0369701385,80.2781600952,30518,30528,10
13.0375003815,80.2783203125,30528,30538,10
13.0382003784,80.278503418,30538,30548,10
13.0388498306,80.2786712646,30548,30568,20
13.0388498306,80.2786712646,30568,30577,9
13.0389204025,80.278717041,30577,30588,11
13.0392599106,80.2788467407,30588,30598,10
13.0399303436,80.2790374756,30598,30609,11
13.0409498215,80.279296875,30609,30619,10
13.0419301987,80.2794723511,30619,30629,10
13.043009758,80.2796020508,30629,30639,10
13.0437803268,80.2797775269,30639,30649,10
13.0444002151,80.2799224854,30649,30659,10
13.0450601578,80.2799987793,30659,30669,10
13.0457201004,80.280090332,30669,30679,10
13.0457601547,80.2800979614,30679,30689,10
13.0457801819,80.2800979614,30689,30699,10
13.0461902618,80.2801589966,30699,30709,10
13.0469799042,80.2802734375,30709,30720,11
13.0480604172,80.2804336548,30720,30730,10
13.049030304,80.2805480957,30730,30740,10
13.0492601395,80.2805786133,30740,30750,10
13.0494298935,80.2806091309,30750,30760,10
13.0500297546,80.2807006836,30760,30770,10
13.0506000519,80.2807769775,30770,30780,10
13.0506601334,80.2807998657,30780,30790,10
13.0509500504,80.2808380127,30790,30800,10
13.0515298843,80.2809066772,30800,30810,10
13.0524501801,80.2810668945,30810,30826,16
13.0544595718,80.2814025879,30826,30839,13
13.056520462,80.2818069458,30839,30869,30
13.056520462,80.2818069458,30869,30879,10
13.0565395355,80.2818222046,30879,30889,10
13.0569200516,80.2819137573,30889,30899,10
13.0575399399,80.282043457,30899,30908,9
13.0584602356,80.2822418213,30908,30919,11
13.0595998764,80.2824707031,30919,30929,10
13.0606098175,80.2826690674,30929,30938,9
13.0615596771,80.2828826904,30938,30950,12
13.0627002716,80.2831115723,30950,30960,10
13.0630998611,80.2831878662,30960,30970,10
13.0632400513,80.2832336426,30970,30980,10
13.0639600754,80.2834091187,30980,31040,60
13.0639600754,80.2834091187,31040,31050,10
13.0643701553,80.2835083008,31050,31061,11
13.0654001236,80.2837371826,31061,31071,10
13.0665397644,80.2839889526,31071,31081,10
13.0676403046,80.2842102051,31081,31091,10
13.0684995651,80.2844009399,31091,31101,10
13.069560051,80.28465271,31101,31111,10
13.0707998276,80.2849807739,31111,31121,10
13.07213974,80.2852783203,31121,31131,10
13.0733804703,80.2853393555,31131,31141,10
13.0740203857,80.2856063843,31141,31151,10
13.0740404129,80.2856674194,31151,31161,10
13.0743198395,80.2860107422,31161,31172,11
13.074669838,80.2862701416,31172,31182,10
13.0747299194,80.2863235474,31182,31192,10
13.0751600266,80.2865982056,31192,31202,10
13.0759801865,80.2870178223,31202,31212,10
13.0770902634,80.287322998,31212,31222,10
13.0782499313,80.2875976563,31222,31232,10
13.0792798996,80.2879562378,31232,31242,10
13.0806303024,80.2882614136,31242,31262,20
13.0806303024,80.2882614136,31262,31272,10
13.0810098648,80.2884063721,31272,31283,11
13.0818901062,80.2886962891,31283,31293,10
13.0827999115,80.289100647,31293,31303,10
13.0837697983,80.2892074585,31303,31313,10
13.0847501755,80.2891769409,31313,31323,10
13.0857801437,80.2893295288,31323,31333,10
13.086930275,80.2896194458,31333,31342,9
13.0876998901,80.2898864746,31342,31352,10
13.0882902145,80.2901229858,31352,31362,10
13.088760376,80.2901916504,31362,31373,11
13.0888700485,80.2902679443,31373,31383,10
13.0885295868,80.2903289795,31383,31393,10
13.0878400803,80.2900390625,31393,31404,11
13.0868902206,80.2897262573,31404,31414,10
13.0860204697,80.2894973755,31414,31424,10
13.0857400894,80.2893676758,31424,31434,10
13.0854597092,80.2889022827,31434,31444,10
13.0851402283,80.2880630493,31444,31454,10
13.0851602554,80.2869873047,31454,31464,10
13.085269928,80.2858200073,31464,31474,10
13.0853595734,80.2846984863,31474,31484,10
13.0852603912,80.2841873169,31484,31494,10
13.0853900909,80.2838973999,31494,31504,10
13.0854797363,80.2836303711,31504,31515,11
13.0857200623,80.283531189,31515,31525,10
13.0860500336,80.283531189,31525,31535,10
13.0863199234,80.2836074829,31535,31545,10
13.086520195,80.2837905884,31545,31555,10
13.0867395401,80.2839202881,31555,31565,10
13.0870399475,80.2839431763,31565,32241,676
13.0870399475,80.2839431763,32241,32251,10
13.087100029,80.2838363647,32251,32261,10
13.0873098373,80.2838668823,32261,32271,10
13.0877199173,80.2838897705,32271,32463,192
13.0877199173,80.2838897705,32463,32473,10
13.0880498886,80.2839508057,32473,32483,10
13.0881795883,80.2838287354,32483,32493,10
13.0881700516,80.2837524414,32493,32503,10
13.0882902145,80.2835388184,32503,32513,10
13.0883398056,80.2832107544,32513,32524,11
13.0883302689,80.2827224731,32524,32534,10
13.0882797241,80.2821502686,32534,32544,10
13.0880699158,80.281539917,32544,32554,10
13.0884103775,80.2814331055,32554,32564,10
13.0885601044,80.2818832397,32564,32574,10
13.0884504318,80.2824783325,32574,32584,10
13.0883798599,80.2829971313,32584,32594,10
13.0883903503,80.2835998535,32594,32604,10
13.0884199142,80.2843399048,32604,32614,10
13.0884799957,80.2848892212,32614,32624,10
13.0885000229,80.2850265503,32624,32635,11
13.08852005,80.2851104736,32635,32645,10
13.08852005,80.2851409912,32645,32655,10
13.0885896683,80.2852783203,32655,32665,10
13.0885896683,80.2855911255,32665,32675,10
13.0886001587,80.2859802246,32675,32685,10
13.0886096954,80.2864227295,32685,32695,10
13.0886001587,80.2866821289,32695,32705,10
13.0886297226,80.2871780396,32705,32715,10
13.0886602402,80.2875213623,32715,32725,10
13.0886697769,80.2877807617,32725,32735,10
13.0887098312,80.2883529663,32735,32745,10
13.0887403488,80.2886810303,32745,32756,11
13.0888299942,80.2894363403,32756,32776,20
13.0888299942,80.2894363403,32776,32786,10
13.0888299942,80.2903137207,32786,32846,60
13.0888299942,80.2903137207,32846,32856,10
13.0888004303,80.2904586792,32856,32867,11
13.0886297226,80.2904968262,32867,32877,10
13.0882101059,80.2902374268,32877,32887,10
13.0874996185,80.2898788452,32887,32897,10
13.0866498947,80.2895584106,32897,32907,10
13.0855398178,80.2892608643,32907,32917,10
13.0845899582,80.2890930176,32917,32927,10
13.0835800171,80.2891464233,32927,32937,10
13.0826702118,80.2890167236,32937,32947,10
13.0817699432,80.2886810303,32947,32957,10
13.0808696747,80.2883987427,32957,32967,10
13.0803003311,80.288230896,32967,32978,11
13.0800104141,80.2881698608,32978,32988,10
13.0799999237,80.2881698608,32988,32998,10
13.079750061,80.2881393433,32998,33008,10
13.0791597366,80.2879714966,33008,33018,10
13.0783395767,80.287651062,33018,33028,10
13.0773000717,80.2873764038,33028,33038,10
13.0761699677,80.2871017456,33038,33048,10
13.0751800537,80.2866821289,33048,33058,10
13.074379921,80.2862167358,33058,33068,10
13.0741596222,80.2861633301,33068,33078,10
13.0739803314,80.2861175537,33078,33089,11
13.0733995438,80.2859725952,33089,33099,10
13.072640419,80.2855606079,33099,33109,10
13.071680069,80.2852478027,33109,33119,10
13.0705499649,80.2849578857,33119,33129,10
13.0693502426,80.2846603394,33129,33139,10
13.0682601929,80.2844085693,33139,33149,10
13.0672798157,80.2842178345,33149,33159,10
13.0660800934,80.2839736938,33159,33169,10
13.0648803711,80.2836990356,33169,33179,10
13.0638399124,80.2834396362,33179,33189,10
13.0624399185,80.2831115723,33189,33220,31
13.0624399185,80.2831115723,33220,33230,10
13.0624198914,80.2831268311,33230,33240,10
13.0620498657,80.2830429077,33240,33250,10
13.0612897873,80.2828674316,33250,33260,10
13.0602903366,80.282661438,33260,33270,10
13.0592002869,80.2824325562,33270,33280,10
13.0581998825,80.2822113037,33280,33290,10
13.0573396683,80.282043457,33290,33300,10
13.0568399429,80.2819366455,33300,33312,12
13.056810379,80.2819290161,33312,33322,10
13.0567798615,80.2819213867,33322,33332,10
13.0564098358,80.2818374634,33332,33342,10
13.0557203293,80.2817001343,33342,33352,10
13.0548496246,80.2815093994,33352,33362,10
13.0538396835,80.2813110352,33362,33372,10
13.0527801514,80.2811508179,33372,33382,10
13.0517702103,80.2810134888,33382,33392,10
13.0508298874,80.2808609009,33392,33402,10
13.0502595901,80.2807769775,33402,33412,10
13.050239563,80.2807769775,33412,33422,10
13.0501899719,80.2807693481,33422,33433,11
13.0496997833,80.2806930542,33433,33443,10
13.0489597321,80.2805786133,33443,33453,10
13.0479698181,80.2804412842,33453,33463,10
13.0468997955,80.2802886963,33463,33473,10
13.0456695557,80.2801437378,33473,33513,40
13.0456695557,80.2801437378,33513,33523,10
13.0456495285,80.2801437378,33523,33533,10
13.0452404022,80.2800827026,33533,33544,11
13.044500351,80.2799682617,33544,33554,10
13.0438404083,80.2798690796,33554,33564,10
13.043299675,80.2797775269,33564,33574,10
13.042599678,80.2796020508,33574,33584,10
13.0417203903,80.2794494629,33584,33594,10
13.0407495499,80.2792663574,33594,33604,10
13.0398597717,80.2790374756,33604,33614,10
13.0392398834,80.2788391113,33614,33624,10
13.0390796661,80.2788467407,33624,33634,10
13.0389795303,80.2788085938,33634,33644,10
13.0385599136,80.2786636353,33644,33655,11
13.0377397537,80.2784118652,33655,33665,10
13.0370397568,80.2781982422,33665,33675,10
13.0363702774,80.2779388428,33675,33685,10
13.0355796814,80.2777633667,33685,33695,10
13.0347604752,80.277633667,33695,33705,10
13.0339803696,80.2774200439,33705,33714,9
13.0334997177,80.2773895264,33714,33725,11
13.0329704285,80.2774810791,33725,33735,10
13.0324602127,80.2774963379,33735,33745,10
13.0320396423,80.2775268555,33745,33755,10
13.0310096741,80.2772674561,33755,33776,21
13.0310096741,80.2772674561,33776,33786,10
13.0309000015,80.2771835327,33786,33796,10
13.0304002762,80.2769012451,33796,33806,10
13.0296602249,80.2766799927,33806,33816,10
13.0289697647,80.2764587402,33816,33826,10
13.0287504196,80.2763824463,33826,33836,10
13.0283603668,80.276222229,33836,33846,10
13.0276498795,80.2759017944,33846,33856,10
13.0267896652,80.2755203247,33856,33866,10
13.0261802673,80.2752609253,33866,33877,11
13.0261297226,80.2752380371,33877,33887,10
13.0259399414,80.2751617432,33887,33897,10
13.0255098343,80.2749710083,33897,33907,10
13.0248699188,80.2746887207,33907,33917,10
13.0243501663,80.274307251,33917,33927,10
13.0238895416,80.2737197876,33927,33937,10
13.0234003067,80.2730636597,33937,33953,16
13.0223903656,80.2717132568,33953,33965,12
13.0217199326,80.2708511353,33965,33975,10
13.0211296082,80.2701263428,33975,33996,21
13.0211296082,80.2701263428,33996,34006,10
13.0210199356,80.2699203491,34006,34016,10
13.0208997726,80.2698135376,34016,34026,10
13.0205898285,80.2694091797,34026,34036,10
13.0200300217,80.268737793,34036,34046,10
13.0194997787,80.2680892944,34046,34056,10
13.0188703537,80.2673110962,34056,34066,10
13.0186500549,80.2663497925,34066,34076,10
13.0186595917,80.265838623,34076,34086,10
13.018819809,80.2651901245,34086,34097,11
13.0190401077,80.2639007568,34097,34118,21
13.0190401077,80.2639007568,34118,34128,10
13.0189800262,80.2634124756,34128,34148,20
13.0189800262,80.2634124756,34148,34158,10
13.0189199448,80.2631378174,34158,34168,10
13.0188503265,80.2625198364,34168,34178,10
13.0187397003,80.26171875,34178,34188,10
13.0185499191,80.2612380981,34188,34198,10
13.0180997849,80.2609329224,34198,34208,10
13.0175600052,80.2605667114,34208,34219,11
13.0168399811,80.2601089478,34219,34229,10
13.0163402557,80.2598114014,34229,34239,10
13.0162296295,80.2597503662,34239,34249,10
13.0162000656,80.2597122192,34249,34259,10
13.0158700943,80.2595596313,34259,34269,10
13.0151796341,80.2593536377,34269,34279,10
13.0142602921,80.2592697144,34279,34295,16
13.0124998093,80.2592086792,34295,34307,12
13.011300087,80.2591781616,34307,34317,10
13.0103302002,80.2592315674,34317,34327,10
13.0094499588,80.2592391968,34327,34337,10
13.0089702606,80.2592391968,34337,34346,9
13.0087003708,80.2592086792,34346,34358,12
13.0080604553,80.2592315674,34358,34368,10
13.0075397491,80.2594833374,34368,34377,9
13.0072803497,80.2599563599,34377,34388,11
13.0072603226,80.2604675293,34388,34398,10
13.0073795319,80.2609786987,34398,34408,10
13.0074396133,80.2612228394,34408,34418,10
13.0074796677,80.2614593506,34418,34428,10
13.0075597763,80.2618408203,34428,34438,10
13.0076704025,80.2623901367,34438,34449,11
13.0077695847,80.2628631592,34449,34459,10
13.0078802109,80.263343811,34459,34469,10
13.0080099106,80.2641067505,34469,34479,10
13.0078802109,80.2651367188,34479,34489,10
13.0076704025,80.2660064697,34489,34499,10
13.0074996948,80.2666625977,34499,34509,10
13.0072803497,80.2674713135,34509,34519,10
13.0069999695,80.2685089111,34519,34529,10
13.0068502426,80.26978302,34529,34539,10
13.0062799454,80.2704772949,34539,34549,10
13.0054397583,80.2700195313,34549,34560,11
13.0044698715,80.2693786621,34560,34570,10
13.0032596588,80.2687225342,34570,34590,20
13.0032596588,80.2687225342,34590,34600,10
13.0029201508,80.2685012817,34600,34610,10
13.0023899078,80.2681427002,34610,34620,10
13.0017004013,80.2677001953,34620,34630,10
13.0011396408,80.2673416138,34630,34640,10
13.0010700226,80.2673187256,34640,34650,10
13.0009803772,80.267288208,34650,34660,10
13.0006799698,80.2670516968,34660,34671,11
12.999879837,80.2669830322,34671,34681,10
12.9989900589,80.2671890259,34681,34691,10
12.9981899261,80.2674026489,34691,34701,10
12.9978103638,80.2675094604,34701,34711,10
12.9972400665,80.2676925659,34711,34721,10
12.9965295792,80.2677764893,34721,34731,10
12.9960002899,80.2677307129,34731,34741,10
12.9957199097,80.2673416138,34741,34761,20
12.9957199097,80.2673416138,34761,34771,10
12.9957199097,80.267250061,34771,34782,11
12.9957895279,80.2667312622,34782,34792,10
12.9958600998,80.2659225464,34792,34802,10
12.9959697723,80.2649688721,34802,34812,10
12.9960403442,80.2642974854,34812,34822,10
12.9961204529,80.2634963989,34822,34832,10
12.9961996078,80.2628707886,34832,34842,10
12.9962100983,80.2628097534,34842,34852,10
12.9962501526,80.2624816895,34852,34862,10
12.9962596893,80.2624816895,34862,34872,10
12.9963197708,80.2621917725,34872,34882,10
12.9963598251,80.2618179321,34882,34893,11
12.9964199066,80.2611999512,34893,34903,10
12.9965000153,80.2604827881,34903,34913,10
12.9965801239,80.2597198486,34913,34923,10
12.9966402054,80.2590637207,34923,34933,10
12.9967098236,80.2583084106,34933,34943,10
12.9968004227,80.2574691772,34943,34953,10
12.9968795776,80.2566299438,34953,35052,99
12.9968795776,80.2566299438,35052,35062,10
12.9968996048,80.2566070557,35062,35072,10
12.9968996048,80.2563705444,35072,35082,10
12.9968996048,80.2558670044,35082,35092,10
12.9968595505,80.2553100586,35092,35102,10
12.9967699051,80.2546386719,35102,35113,11
12.9962596893,80.2540206909,35113,35124,11
12.9956197739,80.25340271,35124,35134,10
12.9951400757,80.252746582,35134,35144,10
12.9947795868,80.2524719238,35144,35154,10
12.9944295883,80.2526168823,35154,35164,10
12.9943199158,80.2526397705,35164,35174,10
12.9940795898,80.2527236938,35174,35183,9
12.993689537,80.2528915405,35183,35193,10
12.9931497574,80.2529907227,35193,35204,11
12.9923200607,80.2529830933,35204,35214,10
12.9914999008,80.2532730103,35214,35224,10
12.9910202026,80.2539672852,35224,35235,11
12.9908504486,80.2549514771,35235,35245,10
12.9908304214,80.2556915283,35245,35255,10
12.9906196594,80.2559585571,35255,35265,10
12.9901399612,80.2560119629,35265,35275,10
12.9894599915,80.2560195923,35275,35285,10
12.9890098572,80.2560119629,35285,35305,20
12.9890098572,80.2560119629,35305,35315,10
12.9887104034,80.2559585571,35315,35325,10
12.9883403778,80.2559204102,35325,35335,10
12.9879598618,80.2559127808,35335,35346,11
12.9876499176,80.2563018799,35346,35356,10
12.9876003265,80.2568969727,35356,35366,10
12.9875402451,80.2576370239,35366,35376,10
12.9874696732,80.2585525513,35376,35386,10
12.9873104095,80.259437561,35386,35412,26
12.987279892,80.2595901489,35412,35444,32
12.987279892,80.2595901489,35444,35454,10
12.9869298935,80.2595291138,35454,35465,11
12.9869098663,80.2592697144,35465,35747,282
12.9869098663,80.2592697144,35747,35757,10
12.9871902466,80.2591094971,35757,35767,10
12.987279892,80.2591094971,35767,35777,10
12.9874000549,80.2590332031,35777,35787,10
12.9874095917,80.2588882446,35787,35798,11
12.9874296188,80.2585296631,35798,35808,10
12.9874601364,80.2580337524,35808,35818,10
12.9875001907,80.2573318481,35818,35828,10
12.9875602722,80.2564926147,35828,35838,10
12.9875898361,80.2559814453,35838,35969,131
12.9875898361,80.2559814453,35969,35979,10
12.9875497818,80.255859375,35979,35989,10
12.9877700806,80.2556610107,35989,35999,10
12.9882602692,80.2557525635,35999,36009,10
12.988699913,80.2558135986,36009,36020,11
12.9887695313,80.255821228,36020,36030,10
12.9889698029,80.255859375,36030,36040,10
12.9895401001,80.2559204102,36040,36050,10
12.9902095795,80.2559661865,36050,36060,10
12.990650177,80.255859375,36060,36070,10
12.9907598495,80.2555084229,36070,36080,10
12.9907798767,80.2548370361,36080,36090,10
12.9908399582,80.254119873,36090,36100,10
12.991230011,80.2535018921,36100,36110,10
12.9916801453,80.2531814575,36110,36120,10
12.9923601151,80.2529983521,36120,36130,10
12.993060112,80.2529373169,36130,36141,11
12.9938497543,80.2527236938,36141,36151,10
12.9946098328,80.2525177002,36151,36161,10
12.9950799942,80.2524795532,36161,36171,10
12.99518013,80.2528610229,36171,36181,10
12.9952001572,80.2528991699,36181,36191,10
12.9953804016,80.2531890869,36191,36201,10
12.9957199097,80.2535324097,36201,36211,10
12.9958200455,80.253616333,36211,36221,10
12.996049881,80.2538375854,36221,36231,10
12.9965200424,80.2543334961,36231,36241,10
12.9968996048,80.2556991577,36241,36309,68
12.9968996048,80.2556991577,36309,36319,10
12.9969501495,80.255859375,36319,36330,11
12.9969100952,80.2561416626,36330,36340,10
12.9968595505,80.2565994263,36340,36350,10
12.9968500137,80.2568283081,36350,36361,11
12.9968395233,80.2568969727,36361,36371,10
12.9967899323,80.2571792603,36371,36381,10
12.9967098236,80.2579193115,36381,36391,10
12.9966402054,80.2587280273,36391,36401,10
12.9965496063,80.2593383789,36401,36411,10
12.996509552,80.2599411011,36411,36421,10
12.996430397,80.2606811523,36421,36431,10
12.9963598251,80.2613983154,36431,36441,10
12.996339798,80.2618026733,36441,36451,10
12.9962596893,80.2621765137,36451,36461,10
12.9962396622,80.2623062134,36461,36471,10
12.9962301254,80.2623825073,36471,36482,11
12.9961700439,80.2628326416,36482,36492,10
12.9961204529,80.263458252,36492,36502,10
12.9960298538,80.2643508911,36502,36512,10
12.9959697723,80.2650909424,36512,36522,10
12.9959402084,80.2652206421,36522,36532,10
12.9959001541,80.2656478882,36532,36542,10
12.9957895279,80.2665100098,36542,36558,16
12.995759964,80.2676010132,36558,36570,12
12.9962797165,80.2676773071,36570,36580,10
12.9963302612,80.2677001953,36580,36591,11
12.9965496063,80.2677536011,36591,36601,10
12.9971399307,80.2676620483,36601,36610,9
12.9977197647,80.2675018311,36610,36621,11
12.9985399246,80.2672805786,36621,36631,10
12.9992704391,80.2670593262,36631,36641,10
13.0001001358,80.2667770386,36641,36651,10
13.0006599426,80.2670135498,36651,36660,9
13.0009803772,80.2672119141,36660,36670,10
13.0010700226,80.2672729492,36670,36681,11
13.0011901855,80.2673873901,36681,36691,10
13.0017204285,80.2677078247,36691,36702,11
13.0024900436,80.2682037354,36702,36712,10
13.0034399033,80.2687835693,36712,36732,20
13.0034399033,80.2687835693,36732,36742,10
13.0037403107,80.2689819336,36742,36752,10
13.0042896271,80.2693328857,36752,36762,10
13.0050802231,80.2697906494,36762,36772,10
13.005900383,80.2702789307,36772,36782,10
13.0066099167,80.2703475952,36782,36792,10
13.0069904327,80.2695922852,36792,36802,10
13.007060051,80.2686691284,36802,36813,11
13.007349968,80.2674789429,36813,36823,10
13.0076198578,80.2664871216,36823,36833,10
13.0077104568,80.2660827637,36833,36843,10
13.0078601837,80.2654190063,36843,36852,9
13.0079698563,80.2646408081,36852,36863,11
13.0079698563,80.2637863159,36863,36873,10
13.0078201294,80.2631530762,36873,36883,10
13.0076999664,80.2626266479,36883,36893,10
13.0075502396,80.2620010376,36893,36903,10
13.0074100494,80.2614898682,36903,36913,10
13.007399559,80.2613525391,36913,36924,11
13.0072803497,80.2608566284,36924,36934,10
13.0071697235,80.260269165,36934,36944,10
13.0073099136,80.2596969604,36944,36954,10
13.0074396133,80.2586975098,36954,36974,20
13.0074396133,80.2586975098,36974,36984,10
13.0079097748,80.2587127686,36984,36994,10
13.0084695816,80.2589035034,36994,37004,10
13.0085296631,80.2589263916,37004,37014,10
13.0087099075,80.2590408325,37014,37024,10
13.0092496872,80.2590637207,37024,37035,11
13.0101995468,80.2590637207,37035,37045,10
13.0111598969,80.2590408325,37045,37055,10
13.0121202469,80.2590637207,37055,37065,10
13.0131998062,80.2590866089,37065,37075,10
13.0143003464,80.2591171265,37075,37085,10
13.0153398514,80.2591781616,37085,37095,10
13.0161104202,80.2594299316,37095,37105,10
13.0163202286,80.2595672607,37105,37115,10
13.0163602829,80.2596511841,37115,37125,10
13.016699791,80.2599029541,37125,37135,10
13.0173196793,80.2603225708,37135,37145,10
13.0179395676,80.2607421875,37145,37156,11
13.0184698105,80.2611312866,37156,37166,10
13.0190000534,80.2615737915,37166,37176,10
13.0194997787,80.2620315552,37176,37186,10
13.0200395584,80.2625808716,37186,37196,10
13.0203304291,80.2629470825,37196,37206,10
13.0199604034,80.2629928589,37206,37216,10
13.0192899704,80.2629394531,37216,37226,10
13.0190401077,80.263092041,37226,37236,10
13.0191202164,80.263710022,37236,37246,10
13.0191602707,80.2639694214,37246,37256,10
13.0191202164,80.2644424438,37256,37267,11
13.0188999176,80.2651901245,37267,37277,10
13.0187501907,80.2657089233,37277,37287,10
13.0187196732,80.2666397095,37287,37297,10
13.0191698074,80.2676696777,37297,37307,10
13.0199604034,80.268661499,37307,37317,10
13.0206403732,80.269493103,37317,37327,10
13.0212097168,80.2701797485,37327,37337,10
13.021490097,80.2705078125,37337,37347,10
13.0215597153,80.2706069946,37347,37357,10
13.0218696594,80.2710037231,37357,37367,10
13.022480011,80.2717819214,37367,37378,11
13.0232000351,80.2727432251,37378,37388,10
13.0236902237,80.2734298706,37388,37398,10
13.0241804123,80.2740783691,37398,37408,10
13.0246295929,80.274597168,37408,37417,9
13.0254201889,80.2749404907,37417,37438,21
13.0254201889,80.2749404907,37438,37447,9
13.0256099701,80.2750396729,37447,37458,11
13.0261602402,80.2752838135,37458,37468,10
13.0268802643,80.2756195068,37468,37478,10
13.0277395248,80.2760391235,37478,37489,11
13.0285396576,80.2763519287,37489,37499,10
13.0291900635,80.2765731812,37499,37509,10
13.0299196243,80.2767562866,37509,37529,20
13.0299196243,80.2767562866,37529,37539,10
13.0303297043,80.2769622803,37539,37549,10
13.0309495926,80.2773208618,37549,37559,10
13.0318002701,80.2775802612,37559,37569,10
13.0325803757,80.2774963379,37569,37579,10
13.032699585,80.2774887085,37579,37589,10
13.0329303741,80.2774581909,37589,37600,11
13.0336799622,80.2773513794,37600,37610,10
13.0344600677,80.2775726318,37610,37620,10
13.0352201462,80.2776870728,37620,37630,10
13.0357503891,80.2777786255,37630,37640,10
13.0364398956,80.2779312134,37640,37649,9
13.0369195938,80.2781219482,37649,37660,11
13.0374698639,80.2782974243,37660,37670,10
13.0383396149,80.2785415649,37670,37680,10
13.0388202667,80.2786483765,37680,37690,10
13.0389003754,80.278678894,37690,37700,10
13.0389404297,80.2787094116,37700,37710,10
13.0392398834,80.2788085938,37710,37721,11
13.0400104523,80.2790603638,37721,37731,10
13.0410299301,80.2793197632,37731,37741,10
13.0422201157,80.2794876099,37741,37751,10
13.0431203842,80.2795791626,37751,37781,30
13.0431203842,80.2795791626,37781,37791,10
13.0431404114,80.2795791626,37791,37801,10
13.0436201096,80.2797088623,37801,37811,10
13.0443696976,80.279876709,37811,37821,10
13.04529953,80.2800064087,37821,37832,11
13.0457296371,80.2800674438,37832,37842,10
13.0457496643,80.2800827026,37842,37852,10
13.0461597443,80.2801437378,37852,37862,10
13.0469799042,80.2802505493,37862,37872,10
13.047829628,80.2803726196,37872,37882,10
13.0485897064,80.2804718018,37882,37892,10
13.0492296219,80.2805633545,37892,37902,10
13.0493402481,80.2805786133,37902,37912,10
13.0497999191,80.2806396484,37912,37922,10
13.0503396988,80.2807235718,37922,37932,10
13.0506601334,80.2807693481,37932,37943,11
13.0512800217,80.2808609009,37943,37953,10
13.0520200729,80.2809829712,37953,37963,10
13.0528001785,80.2811126709,37963,37973,10
13.0537004471,80.2812728882,37973,37983,10
13.054599762,80.2814407349,37983,37993,10
13.0556898117,80.2816390991,37993,38003,10
13.0564603806,80.2817764282,38003,38023,20
13.0564603806,80.2817764282,38023,38033,10
13.0566301346,80.2818374634,38033,38043,10
13.0573997498,80.2819824219,38043,38084,41
13.0573997498,80.2819824219,38084,38094,10
13.0575304031,80.2819976807,38094,38104,10
13.0580596924,80.2820968628,38104,38114,10
13.0588197708,80.2822723389,38114,38124,10
13.0597600937,80.2824783325,38124,38134,10
13.0609302521,80.2827072144,38134,38144,10
13.0621700287,80.2829666138,38144,38154,10
13.0631399155,80.2831878662,38154,38185,31
13.0631399155,80.2831878662,38185,38195,10
13.0635499954,80.2833023071,38195,38205,10
13.0643701553,80.2834777832,38205,38215,10
13.0654001236,80.2837295532,38215,38225,10
13.0665102005,80.2839889526,38225,38235,10
13.0676202774,80.2841873169,38235,38245,10
13.0686397552,80.2844009399,38245,38255,10
13.0697002411,80.2846603394,38255,38265,10
13.0708599091,80.2849273682,38265,38275,10
13.0720796585,80.2852172852,38275,38286,11
13.073340416,80.2852783203,38286,38296,10
13.0739402771,80.2855300903,38296,38306,10
13.0740299225,80.2856369019,38306,38316,10
13.0743398666,80.2860183716,38316,38326,10
13.0747404099,80.2862701416,38326,38336,10
13.0748300552,80.2863311768,38336,38346,10
13.0752801895,80.2866210938,38346,38356,10
13.0761003494,80.2869873047,38356,38366,10
13.0769996643,80.2872314453,38366,38376,10
13.0781097412,80.2875289917,38376,38386,10
13.0788402557,80.2877426147,38386,38397,11
13.0797796249,80.2880401611,38397,38427,30
13.0797796249,80.2880401611,38427,38437,10
13.0802001953,80.2881011963,38437,38447,10
13.0807504654,80.2882537842,38447,38457,10
13.0807695389,80.2882614136,38457,38467,10
13.0811100006,80.2883834839,38467,38477,10
13.0818195343,80.2886199951,38477,38487,10
13.0827198029,80.2890090942,38487,38497,10
13.0836601257,80.2891693115,38497,38508,11
13.0847396851,80.2891387939,38508,38518,10
13.0859203339,80.2892837524,38518,38528,10
13.0869998932,80.2895736694,38528,38538,10
13.0877199173,80.2898406982,38538,38548,10
13.088259697,80.2900390625,38548,38558,10
13.0887804031,80.2901611328,38558,38578,20
13.0887804031,80.2901611328,38578,38588,10
13.0887899399,80.290222168,38588,38598,10
13.0885000229,80.2903289795,38598,38608,10
13.0878400803,80.2900390625,38608,38619,11
13.0869197845,80.2897415161,38619,38629,10
13.086139679,80.2895431519,38629,38639,10
13.0856895447,80.2893295288,38639,38649,10
13.0853395462,80.2887420654,38649,38659,10
13.0851202011,80.287979126,38659,38669,10
13.0851402283,80.2872695923,38669,38679,10
13.0852098465,80.2863616943,38679,38689,10
13.0853099823,80.2854232788,38689,38699,10
13.0853204727,80.2845687866,38699,38709,10
13.0852603912,80.2842788696,38709,38719,10
13.0852603912,80.2840881348,38719,38730,11
13.0854301453,80.2837295532,38730,38740,10
13.0854902267,80.2835617065,38740,38750,10
13.085849762,80.2835235596,38750,38760,10
13.0862703323,80.283531189,38760,38770,10
13.0867004395,80.2839508057,38770,38820,50
13.0867004395,80.2839508057,38820,38830,10
13.0870599747,80.2838897705,38830,39416,586
13.0870599747,80.2838897705,39416,39426,10
13.0871601105,80.2838897705,39426,39436,10
13.0874996185,80.2838973999,39436,39446,10
13.0878200531,80.2838973999,39446,39527,81
13.0879802704,80.2839431763,39527,39577,50
13.0879802704,80.2839431763,39577,39587,10
13.0881004333,80.2837677002,39587,39597,10
13.0881004333,80.2837219238,39597,39607,10
13.0881795883,80.2835693359,39607,39617,10
13.0882902145,80.2834320068,39617,39627,10
13.0882997513,80.2831573486,39627,39638,11
13.0882997513,80.2827835083,39638,39648,10
13.0882997513,80.2825317383,39648,39658,10
13.0882701874,80.2821807861,39658,39668,10
13.0881004333,80.2816314697,39668,39678,10
13.0882902145,80.2814178467,39678,39688,10
13.08852005,80.2817611694,39688,39698,10
13.0884199142,80.2823181152,39698,39708,10
13.0883197784,80.2827835083,39708,39718,10
13.0883197784,80.2833328247,39718,39728,10
13.0883398056,80.2838897705,39728,39738,10
13.0883598328,80.2843399048,39738,39749,11
13.0883798599,80.2850570679,39749,39849,100
13.0883798599,80.2850570679,39849,39860,11
13.0884103775,80.2854385376,39860,39870,10
13.0884504318,80.28565979,39870,39880,10
13.0884599686,80.2859420776,39880,39890,10
13.0884895325,80.2863616943,39890,39900,10
13.0885000229,80.2866821289,39900,39910,10
13.0885295868,80.2872161865,39910,39920,10
13.088549614,80.2874984741,39920,39929,9
13.0885696411,80.2877578735,39929,39940,11
13.0886697769,80.288482666,39940,39950,10
13.0886898041,80.2887191772,39950,39960,10
13.0887498856,80.2892532349,39960,39971,11
13.088760376,80.289390564,39971,39981,10
13.088760376,80.2896881104,39981,39991,10
13.0887804031,80.2901763916,39991,40021,30
13.0887804031,80.2901763916,40021,40031,10
13.0887699127,80.2902908325,40031,40041,10
13.0886802673,80.2904510498,40041,40051,10
13.0884895325,80.2903671265,40051,40061,10
13.0882701874,80.2902374268,40061,40078,17
13.0873804092,80.2898178101,40078,40089,11
13.0865402222,80.2895126343,40089,40100,11
13.0854196548,80.2892379761,40100,40109,9
13.0846395493,80.2891616821,40109,40120,11
13.0838003159,80.2892227173,40120,40130,10
13.0832700729,80.2892379761,40130,40140,10
13.0825195313,80.2890167236,40140,40150,10
13.0816202164,80.2886734009,40150,40160,10
13.0808200836,80.2883987427,40160,40170,10
13.0800695419,80.2882232666,40170,40180,10
13.0800199509,80.2882080078,40180,40190,10
13.0798301697,80.288192749,40190,40201,11
13.0791196823,80.2879867554,40201,40211,10
13.0781297684,80.2876205444,40211,40221,10
13.0769300461,80.2873001099,40221,40231,10
13.0757303238,80.2869796753,40231,40241,10
13.0748195648,80.2864685059,40241,40251,10
13.0741701126,80.2861709595,40251,40261,10
13.0740995407,80.2861480713,40261,40271,10
13.073969841,80.2861175537,40271,40281,10
13.0734300613,80.2859802246,40281,40291,10
13.0726995468,80.2855987549,40291,40301,10
13.0716495514,80.2852325439,40301,40312,11
13.0703001022,80.2848968506,40312,40322,10
13.0690402985,80.2845916748,40322,40332,10
13.0682001114,80.2843933105,40332,40342,10
13.0679397583,80.2843322754,40342,40352,10
13.06731987,80.2842712402,40352,40361,9
13.0664300919,80.284072876,40361,40372,11
13.0652303696,80.2838287354,40372,40382,10
13.0642499924,80.2835998535,40382,40392,10
13.0633401871,80.2833404541,40392,40402,10
13.0625801086,80.2831573486,40402,40433,31
13.0625801086,80.2831573486,40433,40443,10
13.0623102188,80.2830963135,40443,40453,10
13.0615901947,80.2829284668,40453,40463,10
13.0605201721,80.2826766968,40463,40473,10
13.0592298508,80.2824401855,40473,40483,10
13.057970047,80.2821807861,40483,40493,10
13.0566997528,80.2819213867,40493,40513,20
13.0566997528,80.2819213867,40513,40523,10
13.0565004349,80.2818908691,40523,40533,10
13.0559196472,80.2817764282,40533,40544,11
13.0548400879,80.2815475464,40544,40554,10
13.0536003113,80.2813034058,40554,40564,10
13.052280426,80.2811126709,40564,40580,16
13.050239563,80.2808227539,40580,40602,22
13.050239563,80.2808227539,40602,40612,10
13.0500297546,80.2807769775,40612,40621,9
13.0493202209,80.2806777954,40621,40632,11
13.0482902527,80.2805328369,40632,40642,10
13.0472698212,80.2803878784,40642,40653,11
13.0461797714,80.2802429199,40653,40663,10
13.0456399918,80.280166626,40663,40673,10
13.0456199646,80.280166626,40673,40684,11
13.0452804565,80.2801208496,40684,40694,10
13.0444097519,80.2799987793,40694,40704,10
13.0434999466,80.2798614502,40704,40734,30
13.0434999466,80.2798614502,40734,40744,10
13.0434598923,80.2798614502,40744,40754,10
13.0430202484,80.2797698975,40754,40764,10
13.0422496796,80.2796020508,40764,40775,11
13.0409803391,80.2793807983,40775,40785,10
13.0398797989,80.2791137695,40785,40795,10
13.0390100479,80.2788619995,40795,40815,20
13.0390100479,80.2788619995,40815,40825,10
13.0387096405,80.2787322998,40825,40835,10
13.038020134,80.2785110474,40835,40845,10
13.0374603271,80.2783432007,40845,40855,10
13.0374202728,80.2783279419,40855,40865,10
13.0372800827,80.2783203125,40865,40876,11
13.0367898941,80.278137207,40876,40886,10
13.0360898972,80.2779006958,40886,40896,10
13.035369873,80.2777633667,40896,40906,10
13.0346603394,80.2776565552,40906,40916,10
13.0341796875,80.2775192261,40916,40926,10
13.0333204269,80.2774734497,40926,40936,10
13.03262043,80.2775192261,40936,40946,10
13.0318098068,80.2776031494,40946,40956,10
13.030960083,80.2772979736,40956,40976,20
13.030960083,80.2772979736,40976,40986,10
13.0307998657,80.2771606445,40986,40997,11
13.0302200317,80.2769088745,40997,41007,10
13.0297203064,80.2767105103,41007,41017,10
13.0291595459,80.2765884399,41017,41027,10
13.0287904739,80.2764587402,41027,41037,10
13.0280799866,80.2761993408,41037,41047,10
13.0272197723,80.2757797241,41047,41057,10
13.02602005,80.2752609253,41057,41087,30
13.02602005,80.2752609253,41087,41097,10
13.0258197784,80.2751922607,41097,41108,11
13.0252103806,80.2749099731,41108,41118,10
13.0243797302,80.2744216919,41118,41128,10
13.0238800049,80.2737731934,41128,41138,10
13.0234298706,80.2731781006,41138,41148,10
13.0228700638,80.2723999023,41148,41158,10
13.0224399567,80.2718276978,41158,41167,9
13.0219802856,80.271232605,41167,41178,11
13.021490097,80.2705993652,41178,41188,10
13.0210399628,80.2700576782,41188,41198,10
13.0209102631,80.2699203491,41198,41208,10
13.0207700729,80.2697296143,41208,41219,11
13.0203895569,80.2691802979,41219,41229,10
13.0197696686,80.2685623169,41229,41239,10
13.0191802979,80.2677993774,41239,41249,10
13.0186796188,80.266960144,41249,41259,10
13.0186195374,80.2660980225,41259,41269,10
13.0187196732,80.2655181885,41269,41279,10
13.0189599991,80.2646713257,41279,41289,10
13.0190401077,80.2638931274,41289,41299,10
13.018989563,80.2635574341,41299,41309,10
13.0189304352,80.2631912231,41309,41319,10
13.0189199448,80.2630004883,41319,41330,11
13.0189304352,80.2627182007,41330,41340,10
13.0188302994,80.2620010376,41340,41348,8
13.0186796188,80.2613296509,41348,41360,12
13.0180301666,80.2608795166,41360,41370,10
13.0174398422,80.2604827881,41370,41380,10
13.0167798996,80.2600631714,41380,41390,10
13.0161399841,80.2597198486,41390,41400,10
13.0160198212,80.2596817017,41400,41410,10
13.0156097412,80.2594909668,41410,41420,10
13.0147399902,80.2593307495,41420,41430,10
13.0136404037,80.2592697144,41430,41441,11
13.0123300552,80.2592315674,41441,41451,10
13.011300087,80.2592086792,41451,41461,10
13.0104999542,80.2592163086,41461,41471,10
13.0095996857,80.2592086792,41471,41481,10
13.0090799332,80.2591781616,41481,41491,10
13.0088396072,80.2592010498,41491,41501,10
13.0084600449,80.2591781616,41501,41511,10
13.0078496933,80.2592773438,41511,41521,10
13.0073699951,80.2596282959,41521,41531,10
13.0071802139,80.2601623535,41531,41541,10
13.0072402954,80.2607727051,41541,41551,10
13.0074100494,80.2613830566,41551,41562,11
13.0074300766,80.2614364624,41562,41572,10
13.0075397491,80.2618103027,41572,41582,10
13.0076999664,80.2624969482,41582,41592,10
13.0078201294,80.2630233765,41592,41602,10
13.0079402924,80.2636489868,41602,41612,10
13.0080404282,80.2644805908,41612,41622,10
13.0078897476,80.2655029297,41622,41632,10
13.0077495575,80.2662506104,41632,41642,10
13.0075798035,80.2669219971,41642,41652,10
13.007399559,80.2676696777,41652,41662,10
13.0072002411,80.2685775757,41662,41673,11
13.006939888,80.2698822021,41673,41683,10
13.0063400269,80.2705001831,41683,41693,10
13.005490303,80.2700424194,41693,41703,10
13.0045795441,80.2694625854,41703,41713,10
13.0038003922,80.2689819336,41713,41723,10
13.0032596588,80.268737793,41723,41733,10
13.0032501221,80.268737793,41733,41743,10
13.0031204224,80.2686691284,41743,41753,10
13.0027599335,80.2684173584,41753,41763,10
13.0020399094,80.2680435181,41763,41773,10
13.00096035,80.2673721313,41773,41794,21
13.00096035,80.2673721313,41794,41804,10
13.0007400513,80.2671585083,41804,41813,9
13.0002803802,80.2669219971,41813,41824,11
12.9995603561,80.267036438,41824,41834,10
12.998749733,80.2672576904,41834,41844,10
12.9981002808,80.2674407959,41844,41854,10
12.9972696304,80.2676773071,41854,41864,10
12.9963798523,80.2677612305,41864,41874,10
12.9957504272,80.2676773071,41874,41884,10
12.9957199097,80.2673187256,41884,41895,11
12.9957504272,80.2671737671,41895,41905,10
12.9958000183,80.2666168213,41905,41915,10
12.9959001541,80.2656478882,41915,41925,10
12.9960203171,80.2646713257,41925,41935,10
12.9961004257,80.2638168335,41935,41945,10
12.9961500168,80.2633209229,41945,41955,10
12.9962100983,80.2628936768,41955,41964,9
12.9962396622,80.2627182007,41964,41974,10
12.9962797165,80.262588501,41974,41985,11
12.9963302612,80.2621078491,41985,41995,10
12.9963903427,80.2615585327,41995,42005,10
12.9964399338,80.2608032227,42005,42016,11
12.996509552,80.2603683472,42016,42026,10
12.9965600967,80.2597808838,42026,42036,10
12.9966497421,80.2590637207,42036,42046,10
12.9967403412,80.2582626343,42046,42056,10
12.9968099594,80.2574615479,42056,42066,10
12.9968595505,80.2567367554,42066,42076,10
12.9968795776,80.2561721802,42076,42157,81
12.9968795776,80.2561721802,42157,42167,10
12.9969100952,80.2559127808,42167,42177,10
12.9968795776,80.2555236816,42177,42187,10
12.9968395233,80.2549514771,42187,42197,10
12.9966497421,80.2544784546,42197,42207,10
12.9962701797,80.2541885376,42207,42217,10
12.9957799911,80.2537231445,42217,42227,10
12.9951496124,80.2529983521,42227,42238,11
12.9948101044,80.2524871826,42238,42248,10
12.9944400787,80.2525863647,42248,42258,10
12.9944095612,80.2526016235,42258,42268,10
12.994099617,80.2526702881,42268,42278,10
12.9938802719,80.2527236938,42278,42288,10
12.9933595657,80.2528533936,42288,42308,20
12.9933595657,80.2528533936,42308,42318,10
12.992890358,80.2529220581,42318,42328,10
12.9924201965,80.2529678345,42328,42338,10
12.9917201996,80.2532119751,42338,42349,11
12.991060257,80.2538375854,42349,42359,10
12.9908399582,80.254699707,42359,42369,10
12.9907999039,80.2555923462,42369,42379,10
12.99077034,80.2559814453,42379,42389,10
12.9905500412,80.256072998,42389,42399,10
12.9899396896,80.2560119629,42399,42409,10
12.9890003204,80.2559890747,42409,42419,10
12.9885396957,80.2559585571,42419,42439,20
12.9884500504,80.2559280396,42439,42460,21
12.9884500504,80.2559280396,42460,42470,10
12.9881696701,80.255821228,42470,42480,10
12.9877996445,80.2558288574,42480,42490,10
12.9876098633,80.2563781738,42490,42500,10
12.9875097275,80.2572402954,42500,42510,10
12.9874696732,80.2582168579,42510,42520,10
12.9874000549,80.2590408325,42520,42530,10
12.9872903824,80.2594299316,42530,42550,20
12.9872903824,80.2594299316,42550,42560,10
12.9872398376,80.259552002,42560,42570,10
12.9871101379,80.2596588135,42570,42581,11
12.9869804382,80.2596130371,42581,42591,10
12.9868202209,80.2595596313,42591,42601,10
12.9866399765,80.2594299316,42601,42611,10
12.9866504669,80.2591781616,42611,42671,60
12.9868898392,80.2591094971,42671,42772,101
12.9868898392,80.2591094971,42772,42782,10
12.9873104095,80.2591400146,42782,42792,10
12.9874000549,80.2588577271,42792,42803,11
12.9874095917,80.2586288452,42803,42813,10
12.9874401093,80.2583999634,42813,42823,10
12.9874401093,80.2583694458,42823,42833,10
12.9874696732,80.2577514648,42833,42863,30
12.9874696732,80.2577514648,42863,42873,10
12.9875097275,80.257522583,42873,42883,10
12.9875497818,80.2571563721,42883,42893,10
12.9875802994,80.2568206787,42893,42903,10
12.9876203537,80.2560424805,42903,42914,11
12.9880895615,80.2558288574,42914,42924,10
12.9883804321,80.2558822632,42924,42934,10
12.9885997772,80.255897522,42934,42944,10
12.9886703491,80.2559127808,42944,42954,10
12.9887800217,80.2559280396,42954,42964,10
12.9890699387,80.2559585571,42964,42974,10
12.9896001816,80.2560119629,42974,42984,10
12.9902601242,80.2560272217,42984,42994,10
12.9907197952,80.255859375,42994,43004,10
12.9907598495,80.2552337646,43004,43014,10
12.9908800125,80.2545013428,43014,43024,10
12.9912004471,80.2536392212,43024,43035,11
12.9917001724,80.2531890869,43035,43045,10
12.9921703339,80.2530212402,43045,43055,10
12.9928302765,80.2529830933,43055,43065,10
12.9935503006,80.2528076172,43065,43075,10
12.9943199158,80.2526092529,43075,43084,9
12.9947500229,80.2525100708,43084,43095,11
12.9949903488,80.2525024414,43095,43105,10
12.9951696396,80.2529830933,43105,43115,10
12.9952001572,80.2529983521,43115,43125,10
12.9953203201,80.2531280518,43125,43135,10
12.9956703186,80.2534790039,43135,43146,11
12.9962396622,80.2540283203,43146,43156,10
12.996720314,80.2545776367,43156,43166,10
12.9968595505,80.2552566528,43166,43176,10
12.9969396591,80.2556991577,43176,43257,81
12.9969396591,80.2556991577,43257,43267,10
12.997010231,80.2558364868,43267,43277,10
12.9969797134,80.2561416626,43277,43287,10
12.9969100952,80.2566375732,43287,43297,10
12.9968595505,80.2571105957,43297,43307,10
12.9968395233,80.2572021484,43307,43317,10
12.9967699051,80.2576217651,43317,43327,10
12.9967002869,80.2583007813,43327,43337,10
12.9966602325,80.2586975098,43337,43347,10
12.9966096878,80.259147644,43347,43357,10
12.9965496063,80.2595291138,43357,43368,11
12.9965000153,80.2600784302,43368,43378,10
12.9964199066,80.260848999,43378,43388,10
12.9964199066,80.2611236572,43388,43398,10
12.9963798523,80.2615432739,43398,43408,10
12.9963598251,80.2619018555,43408,43418,10
12.9962596893,80.2624130249,43418,43438,20
12.9962596893,80.2624130249,43438,43448,10
12.9961595535,80.2625427246,43448,43458,10
12.9961299896,80.2629776001,43458,43468,10
12.9961099625,80.2635116577,43468,43478,10
12.9960298538,80.2643203735,43478,43489,11
12.9959201813,80.2654037476,43489,43499,10
12.9957895279,80.2663879395,43499,43509,10
12.9957103729,80.2672729492,43509,43525,16
12.9962301254,80.2677612305,43525,43547,22
12.9962301254,80.2677612305,43547,43557,10
12.9965496063,80.267829895,43557,43567,10
12.9969301224,80.267791748,43567,43577,10
12.9975004196,80.2676086426,43577,43587,10
12.9980697632,80.2674331665,43587,43598,11
12.9989404678,80.2671813965,43598,43608,10
12.9997997284,80.2668991089,43608,43619,11
13.0004301071,80.2668991089,43619,43629,10
13.0010795593,80.2673416138,43629,43649,20
13.0010795593,80.2673416138,43649,43659,10
13.0013103485,80.2674789429,43659,43669,10
13.0018100739,80.267791748,43669,43679,10
13.0020399094,80.2679290771,43679,43689,10
13.0025997162,80.2682571411,43689,43699,10
13.0031700134,80.2686004639,43699,43710,11
13.0034103394,80.2687530518,43710,43720,10
13.0036802292,80.2689285278,43720,43730,10
13.004240036,80.2692718506,43730,43740,10
13.0050096512,80.2697677612,43740,43750,10
13.0058603287,80.2702789307,43750,43760,10
13.0065402985,80.2703781128,43760,43770,10
13.0069599152,80.2696990967,43770,43780,10
13.0071296692,80.268951416,43780,43790,10
13.0073003769,80.2681503296,43790,43800,10
13.0075397491,80.2672195435,43800,43810,10
13.0077400208,80.2664413452,43810,43821,11
13.0078496933,80.2659606934,43821,43831,10
13.0080003738,80.2652893066,43831,43841,10
13.0081300735,80.2644500732,43841,43851,10
13.0080699921,80.2637176514,43851,43861,10
13.0079603195,80.2630386353,43861,43871,10
13.0078401566,80.2626190186,43871,43881,10
13.0075902939,80.261428833,43881,43901,20
13.0075902939,80.261428833,43901,43911,10
13.0073795319,80.261100769,43911,43921,10
13.0073404312,80.2606582642,43921,43931,10
13.007399559,80.2598876953,43931,43942,11
13.007399559,80.2590026855,43942,43952,10
13.0075502396,80.2587432861,43952,43962,10
13.0079498291,80.2587814331,43962,43972,10
13.0085296631,80.2589874268,43972,43982,10
13.008600235,80.2590179443,43982,43992,10
13.0086803436,80.2590866089,43992,44002,10
13.0090103149,80.2591400146,44002,44012,10
13.0096597672,80.2591323853,44012,44022,10
13.0105695724,80.2591323853,44022,44032,10
13.0115604401,80.2591018677,44032,44042,10
13.0126495361,80.2591171265,44042,44053,11
13.0139102936,80.2591629028,44053,44063,10
13.0150003433,80.2592010498,44063,44073,10
13.0164299011,80.2596893311,44073,44093,20
13.0164299011,80.2596893311,44093,44103,10
13.0165100098,80.2597885132,44103,44113,10
13.0168600082,80.2600326538,44113,44123,10
13.0174503326,80.2604370117,44123,44133,10
13.0181503296,80.2609176636,44133,44143,10
13.0188398361,80.2614364624,44143,44153,10
13.0194597244,80.2619628906,44153,44164,11
13.0200796127,80.262588501,44164,44174,10
13.0202102661,80.2629699707,44174,44184,10
13.0198202133,80.2629470825,44184,44194,10
13.0191898346,80.2629394531,44194,44204,10
13.0190601349,80.2632827759,44204,44214,10
13.0191297531,80.2638931274,44214,44224,10
13.0191402435,80.2640075684,44224,44233,9
13.0191402435,80.2642364502,44233,44244,11
13.018989563,80.2648010254,44244,44254,10
13.0188398361,80.2653427124,44254,44264,10
13.0187101364,80.2658462524,44264,44275,11
13.0187196732,80.2667236328,44275,44285,10
13.0190095901,80.2675018311,44285,44295,10
13.0195503235,80.2681732178,44295,44305,10
13.0201702118,80.2689590454,44305,44315,10
13.0207700729,80.2696762085,44315,44325,10
13.0213098526,80.2703094482,44325,44335,10
13.0214595795,80.2704772949,44335,44345,10
13.0215396881,80.2705917358,44345,44355,10
13.021900177,80.2710494995,44355,44365,10
13.0224504471,80.2717590332,44365,44375,10
13.0230102539,80.2725219727,44375,44386,11
13.0238399506,80.273651123,44386,44396,10
13.0245199203,80.2745437622,44396,44406,10
13.0254201889,80.2749404907,44406,44426,20
13.0254201889,80.2749404907,44426,44436,10
13.0256700516,80.2750396729,44436,44446,10
13.0261001587,80.2752304077,44446,44456,10
13.0263900757,80.2753829956,44456,44466,10
13.0267801285,80.2755584717,44466,44476,10
13.0273199081,80.2758178711,44476,44486,10
13.0279302597,80.2760925293,44486,44496,10
13.0285797119,80.2763595581,44496,44507,11
13.0292301178,80.2765808105,44507,44517,10
13.0295801163,80.2766723633,44517,44527,10
13.0299196243,80.2767486572,44527,44537,10
13.0299797058,80.2767791748,44537,44547,10
13.0300598145,80.2768325806,44547,44557,10
13.0304298401,80.2770004272,44557,44567,10
13.0309801102,80.27734375,44567,44577,10
13.0314502716,80.2775726318,44577,44638,61
13.0314502716,80.2775726318,44638,44648,10
13.0318698883,80.2775878906,44648,44658,10
13.0322799683,80.2775497437,44658,44668,10
13.0326795578,80.2775192261,44668,44678,10
13.0328102112,80.2775192261,44678,44688,10
13.0330896378,80.2774810791,44688,44718,30
13.0330896378,80.2774810791,44718,44729,11
13.0334300995,80.2773971558,44729,44739,10
13.0339202881,80.2774429321,44739,44749,10
13.0346097946,80.2776107788,44749,44759,10
13.0354404449,80.2777481079,44759,44769,10
13.0362901688,80.2779006958,44769,44779,10
13.0370903015,80.2781906128,44779,44789,10
13.0375995636,80.2783432007,44789,44799,10
13.038310051,80.2785186768,44799,44809,10
13.0388298035,80.2786636353,44809,44819,10
13.0388402939,80.2786636353,44819,44829,10
13.0389900208,80.2787322998,44829,44839,10
13.0393600464,80.2788619995,44839,44850,11
13.0401802063,80.2790985107,44850,44860,10
13.0411901474,80.2793273926,44860,44870,10
13.0421800613,80.2794799805,44870,44880,10
13.0427999496,80.2795333862,44880,44890,10
13.043009758,80.279548645,44890,44900,10
13.0434598923,80.2796630859,44900,44910,10
13.0441598892,80.279838562,44910,44920,10
13.0448503494,80.2799606323,44920,44930,10
13.0456199646,80.2800521851,44930,44940,10
13.0457496643,80.2800827026,44940,44950,10
13.0459499359,80.2801132202,44950,44961,11
13.046620369,80.2801971436,44961,44971,10
13.0475101471,80.2803192139,44971,44981,10
13.0484304428,80.280456543,44981,44991,10
13.0491895676,80.2805633545,44991,45001,10
13.0492696762,80.2805709839,45001,45011,10
13.0496101379,80.280632019,45011,45021,10
13.050239563,80.2807235718,45021,45031,10
13.0504903793,80.2807617188,45031,45041,10
13.0506401062,80.2807769775,45041,45051,10
13.0510501862,80.2808532715,45051,45061,10
13.0518102646,80.2809829712,45061,45072,11
13.0528001785,80.2811203003,45072,45082,10
13.053730011,80.2812728882,45082,45092,10
13.0545902252,80.2814178467,45092,45102,10
13.0553998947,80.281578064,45102,45112,10
13.0559196472,80.2816772461,45112,45122,10
13.0563097,80.2817611694,45122,45142,20
13.0563097,80.2817611694,45142,45152,10
13.0570898056,80.2819213867,45152,45172,20
13.0570898056,80.2819213867,45172,45183,11
13.057390213,80.2819900513,45183,45193,10
13.0580396652,80.282119751,45193,45203,10
13.0588998795,80.2823028564,45203,45213,10
13.0598297119,80.2825012207,45213,45223,10
13.0608100891,80.282699585,45223,45233,10
13.0616798401,80.2828979492,45233,45243,10
13.0621995926,80.2829971313,45243,45253,10
13.0625600815,80.2830810547,45253,45263,10
13.063079834,80.2831726074,45263,45273,10
13.0631198883,80.2831878662,45273,45283,10
13.0633296967,80.2832565308,45283,45294,11
13.0635499954,80.2833175659,45294,45304,10
13.0636196136,80.2833633423,45304,45314,10
13.0640201569,80.2834625244,45314,45324,10
13.0646800995,80.2835998535,45324,45334,10
13.065580368,80.283782959,45334,45344,10
13.0666503906,80.283996582,45344,45354,10
13.0672998428,80.2841110229,45354,45364,10
13.067609787,80.2841567993,45364,45374,10
13.0680999756,80.2842483521,45374,45384,10
13.068860054,80.2844390869,45384,45394,10
13.0697803497,80.2846679688,45394,45405,11
13.0708198547,80.2849273682,45405,45415,10
13.0717401505,80.28515625,45415,45425,10
13.0726995468,80.2852783203,45425,45435,10
13.0736198425,80.2853393555,45435,45445,10
13.0740604401,80.2857513428,45445,45455,10
13.0744895935,80.2861480713,45455,45465,10
13.0751800537,80.2865829468,45465,45475,10
13.075920105,80.2869796753,45475,45485,10
13.0767402649,80.2872009277,45485,45495,10
13.077750206,80.2874832153,45495,45505,10
13.078789711,80.2877502441,45505,45515,10
13.0797395706,80.2880706787,45515,45526,11
13.0806102753,80.2882385254,45526,45536,10
13.0807600021,80.2882919312,45536,45546,10
13.0810899734,80.2884063721,45546,45556,10
13.0817499161,80.2886276245,45556,45566,10
13.0825901031,80.2890014648,45566,45576,10
13.0834999084,80.2891998291,45576,45586,10
13.0844802856,80.2891616821,45586,45596,10
13.0854902267,80.2892303467,45596,45606,10
13.0867204666,80.2895431519,45606,45616,10
13.0877895355,80.2899398804,45616,45626,10
13.0885801315,80.2901382446,45626,45637,11
13.0888299942,80.2901992798,45637,45697,60
13.0888299942,80.2901992798,45697,45713,16
13.0887804031,80.2903671265,45713,45725,12
13.0885000229,80.2903594971,45725,45735,10
13.0881004333,80.2901611328,45735,45745,10
13.0873203278,80.2898635864,45745,45756,11
13.0865802765,80.289642334,45756,45766,10
13.0860395432,80.2895126343,45766,45776,10
13.0857496262,80.2893981934,45776,45786,10
13.0854597092,80.2888870239,45786,45796,10
13.0851602554,80.2881011963,45796,45806,10
13.0851602554,80.2871704102,45806,45816,10
13.0852298737,80.2862167358,45816,45826,10
13.0853099823,80.2853775024,45826,45836,10
13.0853204727,80.2845611572,45836,45846,10
13.0852499008,80.2841567993,45846,45856,10
13.0853700638,80.2838973999,45856,45866,10
13.0854597092,80.2836227417,45866,45877,11
13.085729599,80.283531189,45877,45887,10
13.086139679,80.283531189,45887,45897,10
13.0864696503,80.2836608887,45897,45907,10
13.0868597031,80.2837371826,45907,45916,9
13.0872402191,80.2836990356,45916,45927,11
13.0877599716,80.2836074829,45927,45998,71
13.08796978,80.2837905884,45998,46089,91
13.0882396698,80.2836227417,46089,46149,60
13.0882396698,80.2836227417,46149,46159,10
13.0883302689,80.2832794189,46159,46169,10
13.0883197784,80.2830429077,46169,46179,10
13.0883302689,80.2827301025,46179,46189,10
13.0883398056,80.2825012207,46189,46200,11
13.0883197784,80.2823562622,46200,46210,10
13.0882701874,80.2821121216,46210,46220,10
13.088139534,80.2816925049,46220,46260,40
13.088139534,80.2816925049,46260,46270,10
13.0879001617,80.2814178467,46270,46280,10
13.087679863,80.2813796997,46280,46290,10
13.0876598358,80.2813720703,46290,46300,10
13.0874996185,80.2813110352,46300,46311,11
13.0874204636,80.281288147,46311,46321,10
13.0873003006,80.2812423706,46321,46331,10
13.0870800018,80.2811889648,46331,46341,10
13.086640358,80.2810821533,46341,46351,10
13.0860500336,80.2809066772,46351,46361,10
13.0857496262,80.2807235718,46361,46371,10
13.0856199265,80.2801895142,46371,46381,10
13.0854797363,80.2797012329,46381,46391,10
13.0849199295,80.2793426514,46391,46401,10
13.0844697952,80.2792663574,46401,46411,10
13.0839796066,80.2791976929,46411,46421,10
13.083530426,80.2790908813,46421,46432,11
13.0827703476,80.2787704468,46432,46462,30
13.0827703476,80.2787704468,46462,46472,10
13.0825796127,80.278678894,46472,46482,10
13.0821800232,80.2784881592,46482,46492,10
13.0819301605,80.2781600952,46492,46502,10
13.0818996429,80.2778396606,46502,46512,10
13.0818395615,80.2772979736,46512,46522,10
13.0817604065,80.2765274048,46522,46533,11
13.0815896988,80.2758026123,46533,46543,10
13.081489563,80.2754364014,46543,46553,10
13.0814800262,80.2753295898,46553,46563,10
13.0813503265,80.275177002,46563,46573,10
13.0809898376,80.2752075195,46573,46583,10
13.0804100037,80.2752914429,46583,46593,10
13.0796298981,80.2753372192,46593,46603,10
13.0788698196,80.2751998901,46603,46613,10
13.0782499313,80.275680542,46613,46623,10
13.0777301788,80.2762374878,46623,46633,10
13.0768699646,80.2762908936,46633,46643,10
13.0761003494,80.2763214111,46643,46664,21
13.0761003494,80.2763214111,46664,46674,10
13.0759401321,80.276260376,46674,46690,16
13.075969696,80.2758407593,46690,46702,12
13.075969696,80.2752685547,46702,46712,10
13.0760402679,80.2747573853,46712,46944,232
13.0760402679,80.2747573853,46944,46954,10
13.0759000778,80.2748184204,46954,46964,10
13.075920105,80.2749786377,46964,46974,10
13.0759801865,80.2752380371,46974,46984,10
13.0760402679,80.2755813599,46984,46995,11
13.0760602951,80.2758712769,46995,47005,10
13.0759496689,80.2760162354,47005,47035,30
13.0759496689,80.2760162354,47035,47045,10
13.0761203766,80.276260376,47045,47055,10
13.07654953,80.2762374878,47055,47065,10
13.0771598816,80.2761993408,47065,47075,10
13.0779104233,80.2761535645,47075,47085,10
13.0782403946,80.2756118774,47085,47095,10
13.0786895752,80.2751235962,47095,47106,11
13.079460144,80.2752380371,47106,47116,10
13.0801801682,80.2752685547,47116,47126,10
13.0809497833,80.2751922607,47126,47136,10
13.0813999176,80.275138855,47136,47206,70
13.0813999176,80.275138855,47206,47217,11
13.0816898346,80.2751998901,47217,47227,10
13.0817098618,80.2755203247,47227,47237,10
13.0818300247,80.2762374878,47237,47247,10
13.0819196701,80.2770385742,47247,47257,10
13.0820198059,80.2778396606,47257,47267,10
13.082110405,80.2782821655,47267,47307,40
13.082110405,80.2782821655,47307,47317,10
13.082110405,80.2786636353,47317,47327,10
13.0821304321,80.2793731689,47327,47338,11
13.0822296143,80.280380249,47338,47348,10
13.0823202133,80.2812576294,47348,47358,10
13.0823402405,80.281578064,47358,47368,10
13.0825901031,80.2819290161,47368,47378,10
13.0832700729,80.2823486328,47378,47388,10
13.0840196609,80.2828216553,47388,47398,10
13.0847301483,80.2833709717,47398,47408,10
13.0851898193,80.2838821411,47408,47418,10
13.0855102539,80.2836074829,47418,47428,10
13.0857095718,80.2835693359,47428,47438,10
13.0859098434,80.2835464478,47438,47449,11
13.0862102509,80.2835693359,47449,47459,10
13.0864496231,80.283706665,47459,47469,10
13.0869598389,80.2839736938,47469,47580,111
13.0869598389,80.2839736938,47580,47590,10
13.0872898102,80.2839431763,47590,47600,10
13.0875196457,80.2839431763,47600,47610,10
13.087770462,80.2839431763,47610,47761,151
13.087770462,80.2839431763,47761,47771,10
13.0881500244,80.2839202881,47771,47782,11
13.0881595612,80.2837219238,47782,47792,10
13.088259697,80.2835388184,47792,47802,10
13.0882797241,80.283493042,47802,47812,10
13.088259697,80.283203125,47812,47822,10
13.0882501602,80.2827911377,47822,47832,10
13.0882396698,80.282409668,47832,47842,10
13.0882196426,80.2821426392,47842,47852,10
13.0881595612,80.2819290161,47852,47862,10
13.0880498886,80.281578064,47862,47872,10
13.0882396698,80.2814178467,47872,47882,10
13.0884599686,80.2815704346,47882,47892,10
13.0884399414,80.2818222046,47892,47903,11
13.0883998871,80.2820892334,47903,47913,10
13.0883598328,80.2824020386,47913,47923,10
13.0882997513,80.282661438,47923,47933,10
13.088259697,80.2828674316,47933,47943,10
13.0882701874,80.2830963135,47943,47953,10
13.0882902145,80.283416748,47953,47963,10
13.0882797241,80.2834320068,47963,47973,10
13.0882396698,80.2836685181,47973,47983,10
13.0882902145,80.2841720581,47983,47993,10
13.088350296,80.2850036621,47993,48092,99
13.088350296,80.2850036621,48092,48102,10
13.0883798599,80.2851715088,48102,48112,10
13.0884199142,80.2855987549,48112,48122,10
13.0884199142,80.2860794067,48122,48133,11
13.0884504318,80.2864685059,48133,48143,10
13.0884799957,80.2869567871,48143,48152,9
13.08852005,80.2873916626,48152,48163,11
13.0885295868,80.2876205444,48163,48173,10
13.0885696411,80.2880935669,48173,48183,10
13.0886096954,80.288482666,48183,48193,10
13.0886001587,80.2886886597,48193,48203,10
13.0886697769,80.2893371582,48203,48223,20
13.0886697769,80.2893371582,48223,48233,10
13.0886697769,80.2896499634,48233,48244,11
13.0887403488,80.2902374268,48244,48254,10
13.088549614,80.2903823853,48254,48264,10
13.0880403519,80.2901077271,48264,48274,10
13.0873498917,80.2897796631,48274,48284,10
13.0864896774,80.2894897461,48284,48294,10
13.0854196548,80.2892303467,48294,48304,10
13.0844802856,80.2891464233,48304,48314,10
13.0834598541,80.2891998291,48314,48324,10
13.0826101303,80.2890319824,48324,48334,10
13.0823402405,80.2889404297,48334,48344,10
13.0820398331,80.28881073,48344,48355,11
13.081319809,80.28855896,48355,48365,10
13.0805902481,80.2883377075,48365,48375,10
13.080329895,80.2882614136,48375,48385,10
13.0800695419,80.2882232666,48385,48395,10
13.0800504684,80.2882080078,48395,48405,10
13.0798597336,80.2881774902,48405,48415,10
13.0792703629,80.2880401611,48415,48425,10
13.0784702301,80.2877120972,48425,48434,9
13.0776395798,80.2874832153,48434,48445,11
13.0765399933,80.2871932983,48445,48455,10
13.075510025,80.2868728638,48455,48466,11
13.0745401382,80.2863082886,48466,48476,10
13.0741300583,80.2861633301,48476,48486,10
13.0740995407,80.2861480713,48486,48496,10
13.0737495422,80.2860565186,48496,48506,10
13.0731201172,80.2858581543,48506,48516,10
13.0723400116,80.2854385376,48516,48526,10
13.0713996887,80.2851715088,48526,48536,10
13.0703496933,80.2849121094,48536,48546,10
13.0692396164,80.2846603394,48546,48556,10
13.06828022,80.2844314575,48556,48566,10
13.0676498413,80.284362793,48566,48576,10
13.0668296814,80.2842407227,48576,48587,11
13.0665102005,80.2841567993,48587,48597,10
13.0662403107,80.2840576172,48597,48610,13
13.0652799606,80.2837982178,48610,48620,10
13.0645399094,80.2836227417,48620,48630,10
13.064040184,80.283493042,48630,48638,8
13.0635595322,80.2833709717,48638,48649,11
13.0626802444,80.2831573486,48649,48670,21
13.0626802444,80.2831573486,48670,48680,10
13.0626001358,80.2831268311,48680,48690,10
13.0621299744,80.2830429077,48690,48700,10
13.0614595413,80.2828598022,48700,48711,11
13.0606298447,80.2826766968,48711,48721,10
13.0597696304,80.2825393677,48721,48731,10
13.0588502884,80.2823562622,48731,48741,10
13.0580196381,80.2821884155,48741,48752,11
13.0567998886,80.2819290161,48752,48772,20
13.0567998886,80.2819290161,48772,48782,10
13.0566902161,80.2819137573,48782,48792,10
13.0564899445,80.2818603516,48792,48802,10
13.0559396744,80.2817382813,48802,48813,11
13.0550699234,80.2815704346,48813,48823,10
13.0542297363,80.2814025879,48823,48832,9
13.0534296036,80.2812728882,48832,48843,11
13.0525598526,80.2811431885,48843,48853,10
13.0515604019,80.28099823,48853,48863,10
13.0510902405,80.2809371948,48863,48873,10
13.050909996,80.2809066772,48873,48883,10
13.0502595901,80.2808227539,48883,48903,20
13.0502595901,80.2808227539,48903,48913,10
13.0501203537,80.2807922363,48913,48924,11
13.0495901108,80.280708313,48924,48934,10
13.0489597321,80.2806167603,48934,48944,10
13.0481796265,80.2805023193,48944,48954,10
13.0473299026,80.2803878784,48954,48964,10
13.0464601517,80.2802734375,48964,48974,10
13.0456399918,80.2801589966,48974,49004,30
13.0456399918,80.2801589966,49004,49014,10
13.0455703735,80.2801589966,49014,49024,10
13.0451202393,80.2800979614,49024,49035,11
13.0440998077,80.2799377441,49035,49055,20
13.0440998077,80.2799377441,49055,49065,10
13.0440502167,80.2799377441,49065,49075,10
13.0437402725,80.2798995972,49075,49085,10
13.0432901382,80.2798233032,49085,49095,10
13.042599678,80.2796478271,49095,49105,10
13.0417299271,80.2795028687,49105,49115,10
13.0408601761,80.2793273926,49115,49125,10
13.0401096344,80.2791595459,49125,49135,10
13.0395097733,80.279006958,49135,49146,11
13.0390996933,80.2788772583,49146,49166,20
13.0390996933,80.2788772583,49166,49176,10
13.0390701294,80.2788619995,49176,49186,10
13.0387401581,80.2787322998,49186,49202,16
13.0377197266,80.2783966064,49202,49214,12
13.0370397568,80.2781982422,49214,49224,10
13.0364198685,80.277961731,49224,49234,10
13.0358400345,80.2778091431,49234,49244,10
13.0354995728,80.2777481079,49244,49264,20
13.0354995728,80.2777481079,49264,49275,11
13.0352802277,80.2777023315,49275,49285,10
13.0348100662,80.277633667,49285,49294,9
13.0342702866,80.2774963379,49294,49305,11
13.0335597992,80.2773666382,49305,49315,10
13.0329399109,80.2774734497,49315,49324,9
13.0323600769,80.2774963379,49324,49335,11
13.0317697525,80.2775802612,49335,49345,10
13.0314397812,80.2775802612,49345,49354,9
13.0312204361,80.2774734497,49354,49365,11
13.0308599472,80.2772598267,49365,49386,21
13.0308599472,80.2772598267,49386,49396,10
13.0307197571,80.2771835327,49396,49406,10
13.0303897858,80.2769775391,49406,49416,10
13.0299196243,80.276802063,49416,49426,10
13.0294303894,80.2766494751,49426,49436,10
13.0288600922,80.2764663696,49436,49446,10
13.0285902023,80.2763519287,49446,49456,10
13.0283203125,80.2762527466,49456,49466,10
13.0278997421,80.2760772705,49466,49476,10
13.0273103714,80.2758178711,49476,49487,11
13.0264797211,80.2754516602,49487,49497,10
13.0259599686,80.2752304077,49497,49517,20
13.0259599686,80.2752304077,49517,49527,10
13.0255899429,80.2750473022,49527,49537,10
13.0249700546,80.2747573853,49537,49547,10
13.0243701935,80.2743988037,49547,49557,10
13.0242204666,80.2742233276,49557,49574,17
13.023900032,80.2738037109,49574,49586,12
13.0235004425,80.2732162476,49586,49596,10
13.023059845,80.2726211548,49596,49607,11
13.0226697922,80.2720870972,49607,49617,10
13.0221395493,80.2714080811,49617,49627,10
13.0216503143,80.2707824707,49627,49637,10
13.0212497711,80.2702865601,49637,49647,10
13.0208797455,80.2698822021,49647,49657,10
13.0208597183,80.269859314,49657,49667,10
13.020819664,80.2698364258,49667,49677,10
13.020529747,80.2694702148,49677,49687,10
13.0200796127,80.2688827515,49687,49697,10
13.0195398331,80.2682037354,49697,49707,10
13.0189695358,80.2675018311,49707,49718,11
13.0186595917,80.2665786743,49718,49728,10
13.0186395645,80.2658920288,49728,49738,10
13.0187997818,80.2652282715,49738,49748,10
13.0190200806,80.2644271851,49748,49758,10
13.0190000534,80.2636413574,49758,49768,10
13.0189599991,80.2633132935,49768,49778,10
13.0188999176,80.2629623413,49778,49788,10
13.0188903809,80.2629623413,49788,49798,10
13.0188798904,80.2628326416,49798,49808,10
13.0188503265,80.2623214722,49808,49818,10
13.0187902451,80.261680603,49818,49828,10
13.0187301636,80.2613372803,49828,49839,11
13.0184803009,80.2611236572,49839,49849,10
13.0181303024,80.2609100342,49849,49859,10
13.0177602768,80.2606582642,49859,49869,10
13.0173301697,80.2603988647,49869,49879,10
13.0172901154,80.260383606,49879,49889,10
13.0169401169,80.2601623535,49889,49899,10
13.0164003372,80.2598266602,49899,49909,10
13.0160102844,80.2596435547,49909,49919,10
13.015999794,80.2596282959,49919,49929,10
13.0159597397,80.2596282959,49929,49940,11
13.0154695511,80.2594604492,49940,49950,10
13.0148096085,80.2593231201,49950,49960,10
13.0140800476,80.2593002319,49960,49970,10
13.0131902695,80.2592697144,49970,49980,10
13.0122003555,80.2592391968,49980,49990,10
13.011349678,80.2592086792,49990,50000,10
13.0104598999,80.2592391968,50000,50010,10
13.0095396042,80.2592163086,50010,50020,10
13.0089597702,80.2592086792,50020,50030,10
13.008649826,80.2592010498,50030,50040,10
13.0081195831,80.2592391968,50040,50050,10
13.0074796677,80.2595214844,50050,50061,11
13.0072202682,80.2600784302,50061,50071,10
13.0072898865,80.2606430054,50071,50081,10
13.0074100494,80.2612762451,50081,50097,16
13.0074195862,80.2612991333,50097,50109,12
13.0075397491,80.2618637085,50109,50119,10
13.0076799393,80.2623901367,50119,50128,9
13.0077495575,80.2626876831,50128,50139,11
13.0079202652,80.2633132935,50139,50149,10
13.0079698563,80.2640228271,50149,50159,10
13.0078296661,80.2651901245,50159,50170,11
13.0076704025,80.2662277222,50170,50179,9
13.007519722,80.2668991089,50179,50190,11
13.007349968,80.2679824829,50190,50200,10
13.0071496964,80.2689590454,50200,50210,10
13.0068798065,80.2699432373,50210,50220,10
13.0062198639,80.2704315186,50220,50230,10
13.0054502487,80.2699966431,50230,50240,10
13.0046596527,80.2695236206,50240,50250,10
13.0038995743,80.2690811157,50250,50260,10
13.003279686,80.2687683105,50260,50270,10
13.0032300949,80.268737793,50270,50280,10
13.0030403137,80.2686004639,50280,50291,11
13.0024595261,80.2682189941,50291,50301,10
13.0017900467,80.2678222656,50301,50311,10
13.0009803772,80.2673187256,50311,50331,20
13.0009803772,80.2673187256,50331,50341,10
13.0006799698,80.2670974731,50341,50351,10
13.0000295639,80.2668991089,50351,50361,10
12.9992303848,80.2670669556,50361,50371,10
12.9985303879,80.2672805786,50371,50381,10
12.9979496002,80.2674407959,50381,50391,10
12.9972801208,80.267616272,50391,50402,11
12.9965000153,80.2677230835,50402,50412,10
12.9958600998,80.2677001953,50412,50422,10
12.9956703186,80.267250061,50422,50442,20
12.9956703186,80.267250061,50442,50452,10
12.9956798553,80.2670669556,50452,50462,10
12.9957304001,80.2665100098,50462,50472,10
12.9958400726,80.2656784058,50472,50488,16
12.9960203171,80.2643280029,50488,50500,12
12.9961299896,80.263343811,50500,50510,10
12.9961795807,80.2627182007,50510,50521,11
12.9961900711,80.2626190186,50521,50531,10
12.9962396622,80.2624282837,50531,50540,9
12.9962797165,80.2619781494,50540,50551,11
12.996339798,80.2615280151,50551,50561,10
12.9963903427,80.2608795166,50561,50571,10
12.9965000153,80.2601165771,50571,50581,10
12.9965600967,80.2593765259,50581,50591,10
12.9966201782,80.2586898804,50591,50601,10
12.996720314,80.2577514648,50601,50611,10
12.9967899323,80.2570800781,50611,50621,10
12.9968395233,80.2562179565,50621,50692,71
12.9968395233,80.2562179565,50692,50702,10
12.9968595505,80.2557678223,50702,50712,10
12.9968500137,80.255317688,50712,50722,10
12.9968099594,80.2547912598,50722,50732,10
12.9965295792,80.2542800903,50732,50743,11
12.9958696365,80.2536621094,50743,50753,10
12.9952697754,80.2530822754,50753,50763,10
12.9949398041,80.252456665,50763,50773,10
12.9945402145,80.2524871826,50773,50783,10
12.9943704605,80.2525482178,50783,50793,10
12.9940595627,80.2526473999,50793,50803,10
12.9935398102,80.2527618408,50803,50813,10
12.9930200577,80.2528533936,50813,50823,10
12.9923295975,80.2528762817,50823,50833,10
12.9917297363,80.2530822754,50833,50843,10
12.9912500381,80.2534408569,50843,50853,10
12.9909801483,80.2540817261,50853,50864,11
12.9908895493,80.2550964355,50864,50874,10
12.9908103943,80.255859375,50874,50890,16
12.9902496338,80.2559814453,50890,50902,12
12.9896402359,80.2559814453,50902,50912,10
12.9888801575,80.2559585571,50912,50932,20
12.9888801575,80.2559585571,50932,50942,10
12.9885196686,80.2559204102,50942,50952,10
12.9880199432,80.255859375,50952,50960,8
12.987830162,80.2558364868,50960,50974,14
12.9876003265,80.2562866211,50974,50984,10
12.9875402451,80.2570495605,50984,50994,10
12.9874801636,80.2578735352,50994,51004,10
12.9874200821,80.2585678101,51004,51014,10
12.9872703552,80.2593917847,51014,51090,76
12.9872703552,80.2593917847,51090,51100,10
12.9869203568,80.2595367432,51100,51110,10
12.9866895676,80.2595214844,51110,51120,10
12.9865999222,80.2591705322,51120,51170,50
12.9865999222,80.2591705322,51170,51180,10
12.9868497849,80.2590789795,51180,51402,222
12.9872198105,80.2591400146,51402,51422,20
12.9872198105,80.2591400146,51422,51433,11
12.9873600006,80.2589035034,51433,51443,10
12.9873895645,80.2585372925,51443,51453,10
12.9874000549,80.2581863403,51453,51463,10
12.9874401093,80.2578964233,51463,51473,10
12.9874696732,80.2574768066,51473,51483,10
12.9875202179,80.2567367554,51483,51533,50
12.9875202179,80.2567367554,51533,51544,11
12.9875297546,80.2561416626,51544,51554,10
12.987569809,80.2557678223,51554,51564,10
12.987830162,80.2556762695,51564,51574,10
12.9881401062,80.2557525635,51574,51584,10
12.9884395599,80.255821228,51584,51594,10
12.9886198044,80.2558288574,51594,51604,10
12.9888601303,80.2558898926,51604,51614,10
12.9891395569,80.2559127808,51614,51624,10
12.9894504547,80.2559585571,51624,51634,10
12.9897899628,80.2560272217,51634,51644,10
12.9903001785,80.2559890747,51644,51655,11
12.9906702042,80.2557525635,51655,51665,10
12.9907302856,80.255317688,51665,51675,10
12.9907798767,80.2547912598,51675,51685,10
12.9908800125,80.2542419434,51685,51695,10
12.9911298752,80.2536392212,51695,51705,10
12.9915399551,80.2532272339,51705,51715,10
12.9920797348,80.2530212402,51715,51725,10
12.9926795959,80.2529830933,51725,51735,10
12.9932203293,80.2528686523,51735,51745,10
12.9938201904,80.2527236938,51745,51755,10
12.9944295883,80.2525405884,51755,51765,10
12.9948997498,80.2524337769,51765,51776,11
12.9951000214,80.252822876,51776,51786,10
12.9951601028,80.2528915405,51786,51796,10
12.9954996109,80.2532501221,51796,51806,10
12.9960603714,80.2537994385,51806,51822,16
12.996919632,80.2556228638,51822,51904,82
12.996919632,80.2556228638,51904,51915,11
12.9968996048,80.2558288574,51915,51925,10
12.9968996048,80.2560577393,51925,51935,10
12.9968700409,80.2564163208,51935,51945,10
12.9968299866,80.2568588257,51945,51955,10
12.9968299866,80.257019043,51955,51965,10
12.9968204498,80.2571411133,51965,51975,10
12.9967603683,80.2576293945,51975,51985,10
12.9966802597,80.2583236694,51985,51996,11
12.9965896606,80.2591018677,51996,52006,10
12.996509552,80.2598190308,52006,52016,10
12.9964399338,80.2606506348,52016,52026,10
12.9963598251,80.2614364624,52026,52036,10
12.9963102341,80.2620620728,52036,52046,10
12.9962396622,80.2624282837,52046,52056,10
12.996219635,80.2624969482,52056,52066,10
12.9961500168,80.2628936768,52066,52076,10
12.9961204529,80.2634735107,52076,52086,10
12.9960403442,80.2642593384,52086,52096,10
12.9959402084,80.2650985718,52096,52106,10
12.9958400726,80.2660217285,52106,52117,11
12.9957304001,80.2670516968,52117,52127,10
12.9957895279,80.2676391602,52127,52137,10
12.996219635,80.2677078247,52137,52153,16
12.9963302612,80.2677764893,52153,52165,12
12.9968795776,80.2677764893,52165,52175,10
12.9975595474,80.2675628662,52175,52185,10
12.9981498718,80.2673797607,52185,52195,10
12.9990100861,80.2671432495,52195,52205,10
12.9998598099,80.2668609619,52205,52215,10
13.0002803802,80.2668304443,52215,52225,10
13.0007696152,80.2671279907,52225,52236,11
13.0009899139,80.2672424316,52236,52245,9
13.0010499954,80.2672805786,52245,52256,11
13.001449585,80.2675704956,52256,52266,10
13.0020904541,80.2679824829,52266,52276,10
13.0028295517,80.268409729,52276,52286,10
13.0032300949,80.2686233521,52286,52296,10
13.0034799576,80.2687988281,52296,52306,10
13.0039300919,80.2691116333,52306,52316,10
13.0046100616,80.2695083618,52316,52326,10
13.0052995682,80.2699432373,52326,52337,11
13.0060596466,80.270362854,52337,52347,10
13.0065002441,80.2704315186,52347,52357,10
13.0068397522,80.2700195313,52357,52367,10
13.0070199966,80.2694473267,52367,52377,10
13.0072097778,80.2686767578,52377,52387,10
13.007399559,80.2677307129,52387,52396,9
13.0076398849,80.2667999268,52396,52407,11
13.0077800751,80.2661437988,52407,52417,10
13.0079402924,80.2654495239,52417,52427,10
13.0080604553,80.2645874023,52427,52437,10
13.0080404282,80.2641067505,52437,52447,10
13.0079603195,80.2637405396,52447,52458,11
13.0077896118,80.2630691528,52458,52468,10
13.0076599121,80.262588501,52468,52478,10
13.007519722,80.2619781494,52478,52488,10
13.0073204041,80.2612228394,52488,52498,10
13.0071697235,80.2604827881,52498,52508,10
13.0072402954,80.2598419189,52508,52518,10
13.0072803497,80.259147644,52518,52528,10
13.0074100494,80.2587280273,52528,52538,10
13.0077400208,80.2587203979,52538,52548,10
13.0083398819,80.2589263916,52548,52558,10
13.0085201263,80.2589797974,52558,52569,11
13.0087099075,80.2590408325,52569,52589,20
13.0087099075,80.2590408325,52589,52599,10
13.0089502335,80.2590866089,52599,52609,10
13.0095300674,80.2590789795,52609,52619,10
13.0104198456,80.2590789795,52619,52629,10
13.0114402771,80.2590713501,52629,52639,10
13.0124597549,80.2591018677,52639,52649,10
13.0135402679,80.2591400146,52649,52665,16
13.0152702332,80.2592163086,52665,52677,12
13.0162601471,80.2595367432,52677,52688,11
13.016409874,80.2596588135,52688,52698,10
13.0164604187,80.2597122192,52698,52708,10
13.0167598724,80.2599182129,52708,52718,10
13.0172195435,80.2602386475,52718,52728,10
13.0179395676,80.2607421875,52728,52738,10
13.0185699463,80.261177063,52738,52748,10
13.0189504623,80.2615203857,52748,52758,10
13.0194101334,80.2619171143,52758,52766,8
13.0198497772,80.2623596191,52766,52779,13
13.0202598572,80.2629623413,52779,52789,10
13.0197896957,80.2629623413,52789,52800,11
13.0191202164,80.2629165649,52800,52810,10
13.0190200806,80.2632598877,52810,52820,10
13.0191001892,80.2637863159,52820,52830,10
13.0191202164,80.263999939,52830,52840,10
13.019080162,80.2644577026,52840,52850,10
13.0188999176,80.2651367188,52850,52873,23
13.0186901093,80.2664794922,52873,52885,12
13.0189599991,80.2673721313,52885,52895,10
13.0194196701,80.2679824829,52895,52904,9
13.0199604034,80.2685775757,52904,52916,12
13.0206804276,80.2694702148,52916,52926,10
13.0212697983,80.2701797485,52926,52936,10
13.0214796066,80.2704315186,52936,52946,10
13.0216798782,80.2707138062,52946,52956,10
13.0221595764,80.2713470459,52956,52964,8
13.0226297379,80.2719497681,52964,52976,12
13.0233402252,80.2729415894,52976,52986,10
13.0236196518,80.2733535767,52986,52996,10
13.0236301422,80.2733612061,52996,53006,10
13.0238399506,80.2736434937,53006,53016,10
13.0241603851,80.2740402222,53016,53027,11
13.0245704651,80.2744903564,53027,53036,9
13.0250597,80.2747421265,53036,53047,11
13.0254201889,80.274887085,53047,53057,10
13.0255899429,80.2749786377,53057,53067,10
13.0258398056,80.2750930786,53067,53077,10
13.0263299942,80.2753601074,53077,53087,10
13.0269403458,80.2756271362,53087,53097,10
13.0276098251,80.2759399414,53097,53107,10
13.0282897949,80.2762374878,53107,53117,10
13.0287799835,80.2764434814,53117,53127,10
13.0294103622,80.2766418457,53127,53138,11
13.0299501419,80.2767562866,53138,53148,10
13.0300302505,80.2768173218,53148,53158,10
13.0304002762,80.2769775391,53158,53168,10
13.030790329,80.2771835327,53168,53178,10
13.0310897827,80.27734375,53178,53188,10
13.0315999985,80.2775421143,53188,53198,10
13.0321598053,80.2775115967,53198,53208,10
13.0326499939,80.2774963379,53208,53228,20
13.0326499939,80.2774963379,53228,53238,10
13.0331201553,80.2774963379,53238,53249,11
13.0336799622,80.2774200439,53249,53259,10
13.0342502594,80.277557373,53259,53269,10
13.0348100662,80.277671814,53269,53279,10
13.0355501175,80.2777786255,53279,53289,10
13.0363998413,80.277961731,53289,53298,9
13.0370397568,80.278213501,53298,53309,11
13.0379400253,80.278427124,53309,53319,10
13.038769722,80.2786636353,53319,53329,10
13.0389204025,80.2787017822,53329,53339,10
13.0391998291,80.2788085938,53339,53349,10
13.0397500992,80.2789916992,53349,53360,11
13.0406999588,80.2792205811,53360,53370,10
13.0417003632,80.2794113159,53370,53380,10
13.0431098938,80.2795715332,53380,53430,50
13.0431098938,80.2795715332,53430,53440,10
13.0432701111,80.2796020508,53440,53450,10
13.0437402725,80.2797470093,53450,53460,10
13.0443696976,80.279876709,53460,53471,11
13.0452003479,80.2800064087,53471,53481,10
13.0457696915,80.2800827026,53481,53491,10
13.0462598801,80.2801513672,53491,53501,10
13.0470199585,80.2802581787,53501,53511,10
13.0479602814,80.2803878784,53511,53521,10
13.0488300323,80.2805099487,53521,53531,10
13.0493497849,80.2805786133,53531,53541,10
13.049539566,80.2806091309,53541,53551,10
13.0497598648,80.2806472778,53551,53561,10
13.0503797531,80.2807388306,53561,53571,10
13.0510997772,80.2808685303,53571,53581,10
13.0519304276,80.28099823,53581,53592,11
13.0529098511,80.2811508179,53592,53602,10
13.0538597107,80.2813034058,53602,53612,10
13.0548000336,80.2814712524,53612,53622,10
13.0556297302,80.2816390991,53622,53632,10
13.0563201904,80.2817611694,53632,53642,10
13.0563898087,80.2817764282,53642,53652,10
13.0565700531,80.2818069458,53652,53662,10
13.0570497513,80.2819137573,53662,53672,10
13.0575304031,80.2820129395,53672,53682,10
13.0581598282,80.2821426392,53682,53692,10
13.0588598251,80.2823028564,53692,53703,11
13.0598402023,80.2825012207,53703,53713,10
13.0608196259,80.2826766968,53713,53723,10
13.0616197586,80.2828598022,53723,53733,10
13.0623703003,80.2830123901,53733,53743,10
13.0629997253,80.2831420898,53743,53752,9
13.0630102158,80.2831420898,53752,53763,11
13.0631399155,80.2831802368,53763,53773,10
13.0637798309,80.2833328247,53773,53793,20
13.0637798309,80.2833328247,53793,53803,10
13.0638399124,80.2833404541,53803,53814,11
13.0642595291,80.2834472656,53814,53824,10
13.0649404526,80.2835998535,53824,53834,10
13.0658302307,80.2837982178,53834,53844,10
13.0667896271,80.283996582,53844,53854,10
13.0674200058,80.2840881348,53854,53864,10
13.0676898956,80.2841491699,53864,53874,10
13.0681600571,80.2842407227,53874,53884,10
13.0687599182,80.2843933105,53884,53894,10
13.0696601868,80.2846069336,53894,53904,10
13.0706396103,80.2848587036,53904,53914,10
13.0715303421,80.2850799561,53914,53925,11
13.072520256,80.2852630615,53925,53935,10
13.0733699799,80.2852020264,53935,53945,10
13.0736703873,80.2852935791,53945,53955,10
13.0738201141,80.2854385376,53955,53964,9
13.0740499496,80.2857131958,53964,53975,11
13.0745000839,80.2861709595,53975,53985,10
13.074760437,80.2863235474,53985,53995,10
13.0750303268,80.2864990234,53995,54005,10
13.0756502151,80.2868728638,54005,54015,10
13.076499939,80.2871398926,54015,54025,10
13.077460289,80.2873916626,54025,54035,10
13.0784797668,80.2876434326,54035,54046,11
13.0798196793,80.2880706787,54046,54066,20
13.0798196793,80.2880706787,54066,54076,10
13.0801296234,80.2881317139,54076,54086,10
13.0806903839,80.288269043,54086,54096,10
13.0808401108,80.2883224487,54096,54106,10
13.0810499191,80.2883987427,54106,54116,10
13.0816202164,80.2885894775,54116,54126,10
13.0823497772,80.2888793945,54126,54136,10
13.0831403732,80.2891769409,54136,54146,10
13.083990097,80.2891769409,54146,54157,11
13.0850601196,80.2891616821,54157,54167,10
13.0860395432,80.2893218994,54167,54177,10
13.0870704651,80.2896194458,54177,54187,10
13.0879001617,80.2899627686,54187,54197,10
13.0887403488,80.2901382446,54197,54247,50
13.0887403488,80.2901382446,54247,54257,10
13.0887002945,80.2903671265,54257,54268,11
13.0882396698,80.2901763916,54268,54278,10
13.0874099731,80.2898483276,54278,54288,10
13.0867395401,80.289642334,54288,54298,10
13.0861501694,80.2894821167,54298,54308,10
13.0857200623,80.2893295288,54308,54318,10
13.0853996277,80.2887878418,54318,54328,10
13.0851402283,80.2880401611,54328,54338,10
13.0851202011,80.2873535156,54338,54348,10
13.0852098465,80.286239624,54348,54358,10
13.0853004456,80.2853012085,54358,54368,10
13.0853004456,80.2844467163,54368,54379,11
13.0852804184,80.2840118408,54379,54389,10
13.0854501724,80.2835769653,54389,54398,9
13.0857496262,80.2835083008,54398,54409,11
13.0862398148,80.2835464478,54409,54419,10
13.0865402222,80.283821106,54419,54429,10
13.0869598389,80.2839736938,54429,54479,50
13.0870704651,80.2839508057,54479,55022,543
13.0870704651,80.2839508057,55022,55032,10
13.0871801376,80.2837982178,55032,55042,10
13.0874595642,80.2838363647,55042,55052,10
13.0877504349,80.2838821411,55052,55073,21
13.0877504349,80.2838821411,55073,55083,10
13.0880298615,80.2839431763,55083,55123,40
13.0880298615,80.2839431763,55123,55133,10
13.0881795883,80.2836914063,55133,55143,10
13.0882797241,80.2835617065,55143,55153,10
13.0883102417,80.2833786011,55153,55163,10
13.0882997513,80.2830963135,55163,55174,11
13.0882997513,80.2827072144,55174,55184,10
13.0882902145,80.2824783325,55184,55194,10
13.0882501602,80.2822799683,55194,55204,10
13.0881795883,80.2819900513,55204,55214,10
13.088060379,80.2814712524,55214,55274,60
13.088060379,80.2814712524,55274,55285,11
13.0884304047,80.2815170288,55285,55355,70
13.0885696411,80.2817001343,55355,55395,40
13.0885696411,80.2817001343,55395,55406,11
13.08852005,80.2820663452,55406,55446,40
13.08852005,80.2820663452,55446,55456,10
13.0884199142,80.2825088501,55456,55466,10
13.0883197784,80.2827301025,55466,55476,10
13.0883197784,80.2827377319,55476,55486,10
13.0883102417,80.2829589844,55486,55496,10
13.0883197784,80.2830429077,55496,55506,10
13.0883398056,80.2834091187,55506,55537,31
13.0883398056,80.2834091187,55537,55547,10
13.0883598328,80.2837600708,55547,55557,10
13.0883197784,80.2841415405,55557,55567,10
13.0883903503,80.2847976685,55567,55597,30
13.0883903503,80.2847976685,55597,55607,10
13.0884199142,80.2849273682,55607,55617,10
13.0884304047,80.2852401733,55617,55628,11
13.0884399414,80.2855834961,55628,55638,10
13.0884599686,80.2858581543,55638,55648,10
13.0884399414,80.2860107422,55648,55658,10
13.088470459,80.2863006592,55658,55668,10
13.088470459,80.286529541,55668,55678,10
13.08852005,80.2870483398,55678,55688,10
13.0885601044,80.2874526978,55688,55698,10
13.0885896683,80.2877197266,55698,55708,10
13.0886602402,80.2883224487,55708,55718,10
13.0886802673,80.288520813,55718,55728,10
13.0887002945,80.288772583,55728,55739,11
13.0887498856,80.2892990112,55739,55749,10
13.0887403488,80.2893981934,55749,55759,10
13.088760376,80.2897796631,55759,55769,10
13.0888004303,80.2899017334,55769,55779,10
13.0888204575,80.2900924683,55779,55789,10
13.0887804031,80.2902984619,55789,55799,10
13.0885601044,80.290397644,55799,55809,10
13.0881204605,80.2901535034,55809,55819,10
13.0874795914,80.2898406982,55819,55829,10
13.0867395401,80.2895584106,55829,55839,10
13.085729599,80.2892990112,55839,55849,10
13.0846796036,80.2891464233,55849,55860,11
13.0836400986,80.2891693115,55860,55870,10
13.0827503204,80.2890930176,55870,55880,10
13.0817804337,80.2886962891,55880,55890,10
13.0807800293,80.2883911133,55890,55900,10
13.0802097321,80.2882232666,55900,55920,20
13.0802097321,80.2882232666,55920,55930,10
13.0801801682,80.2882080078,55930,55940,10
13.0798101425,80.2881393433,55940,55950,10
13.0791397095,80.2879714966,55950,55960,10
13.0783004761,80.2876281738,55960,55971,11
13.0771198273,80.2873077393,55971,55981,10
13.075920105,80.2870178223,55981,55991,10
13.0748701096,80.2864837646,55991,56001,10
13.0742101669,80.2861633301,56001,56011,10
13.0739297867,80.2861022949,56011,56021,10
13.0733299255,80.2859420776,56021,56031,10
13.0726604462,80.2855834961,56031,56041,10
13.0717601776,80.2852630615,56041,56051,10
13.0706996918,80.2849884033,56051,56061,10
13.069609642,80.2847213745,56061,56071,10
13.0686197281,80.2844924927,56071,56082,11
13.0676498413,80.2843322754,56082,56092,10
13.0666399002,80.2841796875,56092,56102,10
13.0664300919,80.2841415405,56102,56112,10
13.0660600662,80.2840194702,56112,56122,10
13.0652599335,80.2837982178,56122,56132,10
13.0644102097,80.2835922241,56132,56142,10
13.0642595291,80.2835617065,56142,56152,10
13.0642404556,80.2835693359,56152,56161,9
13.0639295578,80.2834625244,56161,56172,11
13.0631198883,80.2832717896,56172,56182,10
13.0624198914,80.2830963135,56182,56193,11
13.0623397827,80.2830810547,56193,56203,10
13.0618400574,80.2829589844,56203,56213,10
13.0610599518,80.2827911377,56213,56223,10
13.0603704453,80.2826385498,56223,56233,10
13.0597200394,80.2825164795,56233,56243,10
13.0587997437,80.282333374,56243,56253,10
13.057800293,80.282119751,56253,56263,10
13.0575399399,80.2820663452,56263,56273,10
13.0572900772,80.2820129395,56273,56283,10
13.0566997528,80.2818908691,56283,56293,10
13.0566701889,80.2818832397,56293,56304,11
13.0562200546,80.2817764282,56304,56314,10
13.0554199219,80.2816162109,56314,56324,10
13.054479599,80.2814407349,56324,56334,10
13.0535697937,80.2812728882,56334,56344,10
13.0525798798,80.2811126709,56344,56354,10
13.0515899658,80.2809677124,56354,56364,10
13.0506696701,80.2808380127,56364,56374,10
13.0502500534,80.2807693481,56374,56384,10
13.0501899719,80.2807617188,56384,56394,10
13.0496797562,80.2806777954,56394,56404,10
13.0488500595,80.2805633545,56404,56414,10
13.0478696823,80.280418396,56414,56425,11
13.0466899872,80.2802429199,56425,56435,10
13.0457801819,80.2801437378,56435,56445,10
13.0454998016,80.2801132202,56445,56455,10
13.0449399948,80.2800216675,56455,56465,10
13.0442199707,80.2799301147,56465,56475,10
13.0435600281,80.2798233032,56475,56485,10
13.0427103043,80.2796173096,56485,56495,10
13.0416097641,80.2794265747,56495,56505,10
13.0405197144,80.2792129517,56505,56515,10
13.0390195847,80.2788162231,56515,56536,21
13.0390195847,80.2788162231,56536,56546,10
13.0389795303,80.2788085938,56546,56556,10
13.0385103226,80.2786331177,56556,56566,10
13.0377902985,80.2784118652,56566,56576,10
13.0371398926,80.2782287598,56576,56586,10
13.0363798141,80.2779464722,56586,56596,10
13.0355701447,80.2777786255,56596,56606,10
13.0347499847,80.2776412964,56606,56616,10
13.033949852,80.2774505615,56616,56626,10
13.0335197449,80.277381897,56626,56636,10
13.0329399109,80.2774810791,56636,56647,11
13.0322904587,80.2774810791,56647,56657,10
13.031920433,80.2775497437,56657,56667,10
13.03166008,80.2775878906,56667,56677,10
13.03125,80.2774963379,56677,56687,10
13.0309295654,80.2772903442,56687,56697,10
13.0308599472,80.2772521973,56697,56707,10
13.0306100845,80.27709198,56707,56717,10
13.0300998688,80.27684021,56717,56727,10
13.0295696259,80.2766799927,56727,56737,10
13.0289697647,80.276512146,56737,56747,10
13.0283298492,80.2762832642,56747,56758,11
13.0277099609,80.2760162354,56758,56768,10
13.0270595551,80.2757415771,56768,56778,10
13.0259504318,80.2752532959,56778,56798,20
13.0259504318,80.2752532959,56798,56808,10
13.0256900787,80.2751312256,56808,56818,10
13.025179863,80.274887085,56818,56828,10
13.0246200562,80.2746200562,56828,56838,10
13.024479866,80.274520874,56838,56848,10
13.0242300034,80.2742385864,56848,56858,10
13.0238199234,80.27368927,56858,56868,10
13.0233402252,80.2730178833,56868,56879,11
13.0227499008,80.2722167969,56879,56889,10
13.0221796036,80.2714691162,56889,56899,10
13.02161026,80.2707519531,56899,56909,10
13.0211400986,80.2702026367,56909,56919,10
13.020939827,80.2699584961,56919,56929,10
13.0209197998,80.2699279785,56929,56939,10
13.0206203461,80.2695388794,56939,56949,10
13.0201597214,80.2689590454,56949,56958,9
13.0196895599,80.2683868408,56958,56968,10
13.0191402435,80.2677536011,56968,56979,11
13.0187196732,80.266998291,56979,56990,11
13.0186300278,80.2661209106,56990,57000,10
13.0187101364,80.2655792236,57000,57010,10
13.0189304352,80.264793396,57010,57020,10
13.0190401077,80.2639389038,57020,57030,10
13.0189800262,80.2635269165,57030,57040,10
13.0188999176,80.2630767822,57040,57050,10
13.0188903809,80.2630233765,57050,57060,10
13.0188703537,80.2627334595,57060,57070,10
13.0188398361,80.2621078491,57070,57080,10
13.0187397003,80.2614364624,57080,57090,10
13.0185003281,80.2611999512,57090,57101,11
13.0181798935,80.2609710693,57101,57111,10
13.0177402496,80.2606811523,57111,57121,10
13.0170602798,80.2602310181,57121,57131,10
13.0162296295,80.2597579956,57131,57141,10
13.015999794,80.2596664429,57141,57151,10
13.0159902573,80.2596588135,57151,57161,10
13.0155801773,80.2594985962,57161,57171,10
13.014840126,80.2593383789,57171,57181,10
13.0139503479,80.2593002319,57181,57191,10
13.0129098892,80.259262085,57191,57201,10
13.011879921,80.2592163086,57201,57211,10
13.0109596252,80.2592010498,57211,57222,11
13.0098896027,80.2592163086,57222,57232,10
13.0090303421,80.2592086792,57232,57242,10
13.0086698532,80.2592010498,57242,57252,10
13.0081195831,80.2592010498,57252,57262,10
13.0075397491,80.2594528198,57262,57272,10
13.0071601868,80.2600631714,57272,57282,10
13.0072402954,80.2604904175,57282,57292,10
13.0073003769,80.2608184814,57292,57302,10
13.0074796677,80.2613983154,57302,57312,10
13.0074796677,80.2614364624,57312,57322,10
13.0074996948,80.2616500854,57322,57333,11
13.0076704025,80.2623519897,57333,57343,10
13.007809639,80.262878418,57343,57353,10
13.0079603195,80.2634506226,57353,57363,10
13.0080795288,80.2642822266,57363,57373,10
13.0079898834,80.2652435303,57373,57383,10
13.0077896118,80.2660369873,57383,57393,10
13.0076398849,80.2666397095,57393,57403,10
13.0074300766,80.2674331665,57403,57413,10
13.0072202682,80.2683410645,57413,57423,10
13.0070800781,80.2691879272,57423,57433,10
13.0069198608,80.2698822021,57433,57444,11
13.0065202713,80.2704467773,57444,57454,10
13.0058097839,80.2702178955,57454,57464,10
13.0050802231,80.2697677612,57464,57474,10
13.0043401718,80.2693099976,57474,57484,10
13.0037498474,80.268951416,57484,57494,10
13.0032596588,80.268737793,57494,57504,10
13.0032300949,80.2687225342,57504,57514,10
13.0029001236,80.2685012817,57514,57524,10
13.0023097992,80.268119812,57524,57534,10
13.0016298294,80.2677001953,57534,57544,10
13.0009803772,80.267288208,57544,57565,21
13.0009803772,80.267288208,57565,57575,10
13.0007696152,80.2671203613,57575,57585,10
13.0001802444,80.2668609619,57585,57595,10
12.9993600845,80.2670593262,57595,57605,10
12.998550415,80.2672805786,57605,57615,10
12.997879982,80.2674789429,57615,57625,10
12.9970998764,80.2677078247,57625,57635,10
12.9962797165,80.2677383423,57635,57645,10
12.9956598282,80.267326355,57645,57665,20
12.9956598282,80.267326355,57665,57676,11
12.9956998825,80.2672119141,57676,57686,10
12.9957704544,80.2666778564,57686,57696,10
12.9958400726,80.2658615112,57696,57706,10
12.9959602356,80.2649230957,57706,57716,10
12.9960603714,80.2640991211,57716,57732,16
12.9961996078,80.2627716064,57732,57744,12
12.996219635,80.2625579834,57744,57754,10
12.9962596893,80.2624969482,57754,57764,10
12.9963102341,80.2620391846,57764,57774,10
12.9963598251,80.2615280151,57774,57784,10
12.996430397,80.2607727051,57784,57795,11
12.9965200424,80.2599411011,57795,57804,9
12.9965801239,80.2593536377,57804,57815,11
12.9966602325,80.2585296631,57815,57825,10
12.9967498779,80.2576293945,57825,57835,10
12.9968204498,80.2569122314,57835,57845,10
12.9968500137,80.2562713623,57845,57855,10
12.9968595505,80.2562179565,57855,57865,10
12.9968795776,80.2560119629,57865,57875,10
12.9968700409,80.2553710938,57875,57885,10
12.9968004227,80.2547225952,57885,57895,10
12.9964599609,80.2542419434,57895,57906,11
12.9957103729,80.2535400391,57906,57916,10
12.9951200485,80.2528762817,57916,57926,10
12.9948196411,80.252456665,57926,57936,10
12.9944400787,80.2525863647,57936,57946,10
12.9943504333,80.2526092529,57946,57956,10
12.9941396713,80.2526397705,57956,57966,10
12.9936304092,80.2528076172,57966,57976,10
12.9930801392,80.2529525757,57976,57986,10
12.9924402237,80.2529983521,57986,57996,10
12.9916801453,80.2531509399,57996,58006,10
12.9911203384,80.253616333,58006,58017,11
12.9908599854,80.2543792725,58017,58027,10
12.9908399582,80.2551879883,58027,58037,10
12.9907798767,80.255897522,58037,58047,10
12.9905900955,80.256072998,58047,58057,10
12.9901103973,80.256072998,58057,58067,10
12.9893598557,80.2560424805,58067,58076,9
12.9889097214,80.2560195923,58076,58087,11
12.9888896942,80.2560195923,58087,58097,10
12.9887104034,80.2559814453,58097,58107,10
12.9884395599,80.2559585571,58107,58117,10
12.9881000519,80.255897522,58117,58128,11
12.9876899719,80.2558898926,58128,58138,10
12.9875802994,80.256439209,58138,58148,10
12.9875402451,80.257232666,58148,58158,10
12.9874897003,80.2580032349,58158,58168,10
12.9874095917,80.2590026855,58168,58188,20
12.9874095917,80.2590026855,58188,58198,10
12.9873600006,80.2592391968,58198,58228,30
12.9873600006,80.2592391968,58228,58239,11
12.9872703552,80.2595596313,58239,58249,10
12.9872198105,80.2596435547,58249,58259,10
12.987039566,80.2595977783,58259,58269,10
12.9870500565,80.2592926025,58269,59126,857
12.9870500565,80.2592926025,59126,59136,10
12.9873600006,80.2590408325,59136,59147,11
12.9874000549,80.2585906982,59147,59157,10
12.9874200821,80.258140564,59157,59167,10
12.987449646,80.2577896118,59167,59177,10
12.9875001907,80.2570800781,59177,59187,10
12.9875402451,80.2561264038,59187,59338,151
12.9875402451,80.2561264038,59338,59348,10
12.987569809,80.2558898926,59348,59358,10
12.9878501892,80.2557907104,59358,59368,10
12.9882497787,80.2558517456,59368,59379,11
12.9885396957,80.255897522,59379,59389,10
12.9887104034,80.2559127808,59389,59400,11
12.9888601303,80.2559204102,59400,59411,11
12.9893798828,80.2559661865,59411,59420,9
12.9899301529,80.2559967041,59420,59431,11
12.9905004501,80.2559585571,59431,59441,10
12.9907197952,80.2557296753,59441,59451,10
12.9907598495,80.2550964355,59451,59461,10
12.9907903671,80.2543029785,59461,59471,10
12.9911499023,80.253578186,59471,59482,11
12.9918498993,80.253112793,59482,59492,10
12.992480278,80.2529983521,59492,59502,10
12.9927501678,80.2529830933,59502,59512,10
12.993229866,80.2528762817,59512,59522,10
12.9938201904,80.2526779175,59522,59532,10
12.9945201874,80.2524719238,59532,59542,10
12.9949598312,80.2525482178,59542,59552,10
12.9951496124,80.2530136108,59552,59562,10
12.9951601028,80.2530212402,59562,59572,10
12.9955101013,80.25340271,59572,59582,10
12.996049881,80.2538986206,59582,59592,10
12.9965600967,80.2544403076,59592,59603,11
12.9968500137,80.255279541,59603,59613,10
12.9968996048,80.2558517456,59613,59724,111
12.9968996048,80.2558517456,59724,59734,10
12.9968900681,80.2561798096,59734,59744,10
12.9968395233,80.256690979,59744,59754,10
12.9967699051,80.2573623657,59754,59764,10
12.9966897964,80.2579879761,59764,59774,10
12.9966402054,80.2586593628,59774,59784,10
12.9965896606,80.2592086792,59784,59794,10
12.9965600967,80.2594985962,59794,59804,10
12.9965400696,80.2596893311,59804,59814,10
12.9965000153,80.2601928711,59814,59825,11
12.9963998795,80.2610092163,59825,59835,10
12.9963302612,80.2617492676,59835,59845,10
12.9962797165,80.2622299194,59845,59855,10
12.9962396622,80.2624969482,59855,59865,10
12.9962396622,80.2625427246,59865,59875,10
12.9961795807,80.2629776001,59875,59885,10
12.9961395264,80.2635574341,59885,59895,10
12.9960603714,80.2643585205,59895,59905,10
12.9959402084,80.2652435303,59905,59915,10
12.9958200455,80.2662887573,59915,59925,10
12.9957304001,80.2672424316,59925,59936,11
12.9958200455,80.2677001953,59936,59946,10
12.9962396622,80.2677764893,59946,59956,10
12.9962596893,80.2677764893,59956,59966,10
12.9965000153,80.2678375244,59966,59976,10
12.9969501495,80.2677764893,59976,59986,10
12.9975500107,80.2676010132,59986,59996,10
12.9981803894,80.2674026489,59996,60006,10
12.9990196228,80.2671585083,60006,60016,10
12.9998703003,80.2668762207,60016,60032,16
13.0010204315,80.2673187256,60032,60065,33
13.0010204315,80.2673187256,60065,60075,10
13.0013504028,80.2675170898,60075,60085,10
13.0019798279,80.2678985596,60085,60095,10
13.0027399063,80.2683563232,60095,60105,10
13.0031995773,80.2686233521,60105,60115,10
13.0033597946,80.2687301636,60115,60125,10
13.0033998489,80.2687606812,60125,60135,10
13.003780365,80.2690124512,60135,60145,10
13.0044202805,80.2694091797,60145,60155,10
13.005200386,80.2698898315,60155,60166,11
13.0060796738,80.2704086304,60166,60176,10
13.0066699982,80.2703399658,60176,60186,10
13.0069799423,80.2696380615,60186,60196,10
13.0071001053,80.2688064575,60196,60206,10
13.0072402954,80.2680130005,60206,60216,10
13.0074396133,80.2671813965,60216,60226,10
13.0076198578,80.2665176392,60226,60236,10
13.0077199936,80.2661132813,60236,60246,10
13.0078601837,80.2654800415,60246,60262,16
13.0080003738,80.2642822266,60262,60274,12
13.0078802109,80.2634887695,60274,60285,11
13.0077295303,80.2628479004,60285,60295,10
13.007610321,80.2623519897,60295,60304,9
13.0074396133,80.2617111206,60304,60315,11
13.0073795319,80.2614517212,60315,60325,10
13.0073604584,80.2613220215,60325,60334,9
13.0072898865,80.2610015869,60334,60345,11
13.0071697235,80.2604598999,60345,60355,10
13.0072803497,80.2598800659,60355,60365,10
13.0072698593,80.2591094971,60365,60375,10
13.0075101852,80.2587432861,60375,60386,11
13.0080795288,80.2589111328,60386,60396,10
13.0085802078,80.2590408325,60396,60406,10
13.0089597702,80.2591323853,60406,60416,10
13.0097398758,80.2591400146,60416,60426,10
13.0106601715,80.259147644,60426,60436,10
13.0116300583,80.2591323853,60436,60446,10
13.0126495361,80.2591629028,60446,60456,10
13.0137796402,80.2592010498,60456,60466,10
13.0149202347,80.2592391968,60466,60476,10
13.0158500671,80.2593994141,60476,60486,10
13.0164403915,80.2597122192,60486,60496,10
13.0164604187,80.259727478,60496,60507,11
13.0164699554,80.2597427368,60507,60517,10
13.01679039,80.2599868774,60517,60527,10
13.0173902512,80.2604064941,60527,60537,10
13.0180997849,80.2609100342,60537,60547,10
13.0187702179,80.2613830566,60547,60557,10
13.0191402435,80.26171875,60557,60567,10
13.0195503235,80.2620773315,60567,60577,10
13.0200996399,80.2626266479,60577,60587,10
13.0202999115,80.2629776001,60587,60597,10
13.0200500488,80.2630081177,60597,60607,10
13.0194997787,80.2629699707,60607,60618,11
13.0190401077,80.2630004883,60618,60628,10
13.0190696716,80.2634887695,60628,60638,10
13.0191202164,80.2640380859,60638,60648,10
13.0191202164,80.264251709,60648,60658,10
13.0189695358,80.2649230957,60658,60668,10
13.018819809,80.2654418945,60668,60678,10
13.0186796188,80.2660522461,60678,60688,10
13.0187397003,80.2668991089,60688,60698,10
13.0191001892,80.2676391602,60698,60708,10
13.0195598602,80.2682113647,60708,60718,10
13.0200901031,80.2688522339,60718,60729,11
13.0207004547,80.2696075439,60729,60739,10
13.0214996338,80.2705307007,60739,60759,20
13.0214996338,80.2705307007,60759,60769,10
13.0216703415,80.2707672119,60769,60779,10
13.0221300125,80.2713928223,60779,60789,10
13.0226898193,80.272102356,60789,60799,10
13.0232601166,80.272857666,60799,60809,10
13.0235996246,80.2733001709,60809,60819,10
13.0236196518,80.2733306885,60819,60829,10
13.0236797333,80.2734222412,60829,60840,11
13.0239896774,80.2738494873,60840,60850,10
13.0243301392,80.274307251,60850,60860,10
13.0247097015,80.2746582031,60860,60870,10
13.0251998901,80.2748718262,60870,60880,10
13.0253000259,80.2749023438,60880,60890,10
13.025349617,80.2749176025,60890,60900,10
13.0255498886,80.2750167847,60900,60910,10
13.0256099701,80.2750473022,60910,60920,10
13.0257797241,80.2751235962,60920,60940,20
13.0257797241,80.2751235962,60940,60951,11
13.0259103775,80.275177002,60951,60961,10
13.0261001587,80.2752914429,60961,60971,10
13.0263395309,80.2753982544,60971,60981,10
13.0263996124,80.275428772,60981,60991,10
13.0264596939,80.2754592896,60991,61021,30
13.0264596939,80.2754592896,61021,61031,10
13.0265798569,80.2754974365,61031,61041,10
13.0267801285,80.2755813599,61041,61051,10
13.0268802643,80.2756271362,61051,61061,10
13.0269002914,80.2756271362,61061,61072,11
13.027009964,80.2756881714,61072,61082,10
13.027179718,80.2757568359,61082,61092,10
13.027179718,80.2757720947,61092,61102,10
13.0272502899,80.2758026123,61102,61112,10
13.0275001526,80.2759170532,61112,61122,10
13.027680397,80.2760314941,61122,61132,10
13.0279102325,80.2761306763,61132,61152,20
13.0279102325,80.2761306763,61152,61162,10
13.0280599594,80.2761917114,61162,61172,10
13.028260231,80.276260376,61172,61183,11
13.0283203125,80.2762908936,61183,61193,10
13.0286598206,80.2764205933,61193,61213,20
13.0286598206,80.2764205933,61213,61223,10
13.0288000107,80.2764663696,61223,61253,30
13.0288000107,80.2764663696,61253,61263,10
13.0289697647,80.2765197754,61263,61324,61
13.0294103622,80.2766723633,61324,61374,50
13.0294103622,80.2766723633,61374,61384,10
13.029709816,80.2767410278,61384,61394,10
13.0299396515,80.2767868042,61394,61404,10
13.0299501419,80.2767868042,61404,61415,11
13.0300703049,80.2768478394,61415,61425,10
13.0302000046,80.2769012451,61425,61435,10
13.0303201675,80.2769622803,61435,61445,10
13.0305299759,80.2770690918,61445,61455,10
13.0306501389,80.2771377563,61455,61465,10
13.0308904648,80.2772827148,61465,61475,10
13.0311498642,80.2774505615,61475,61505,30
13.0311498642,80.2774505615,61505,61515,10
13.0313301086,80.2775497437,61515,61526,11
13.0317201614,80.2776107788,61526,61536,10
13.0323600769,80.2775497437,61536,61566,30
13.0323600769,80.2775497437,61566,61576,10
13.0324697495,80.2775726318,61576,61586,10
13.0327196121,80.277557373,61586,61596,10
13.033080101,80.2775192261,61596,61606,10
13.0336503983,80.2773971558,61606,61616,10
13.0342597961,80.2775497437,61616,61626,10
13.0349597931,80.2776870728,61626,61637,11
13.0356302261,80.2778091431,61637,61647,10
13.0361204147,80.2779083252,61647,61657,10
13.0366001129,80.2780380249,61657,61667,10
13.0371103287,80.2782516479,61667,61677,10
13.0376300812,80.2783889771,61677,61687,10
13.0386199951,80.2786636353,61687,61707,20
13.0386199951,80.2786636353,61707,61717,10
13.0387401581,80.2787017822,61717,61727,10
13.0390996933,80.2788085938,61727,61737,10
13.0395402908,80.2789535522,61737,61748,11
13.0403604507,80.2791900635,61748,61758,10
13.0412502289,80.2793884277,61758,61768,10
13.0422401428,80.2795410156,61768,61778,10
13.0432596207,80.2796707153,61778,61788,10
13.0441102982,80.2798995972,61788,61798,10
13.0449495316,80.2800216675,61798,61808,10
13.0453100204,80.2800598145,61808,61818,10
13.0454597473,80.2800827026,61818,61828,10
13.0457296371,80.2801132202,61828,61838,10
13.0459003448,80.2801437378,61838,61848,10
13.0465097427,80.2802276611,61848,61859,11
13.0474395752,80.2803573608,61859,61869,10
13.0483503342,80.2804794312,61869,61879,10
13.0491504669,80.2805862427,61879,61889,10
13.0493602753,80.2806167603,61889,61899,10
13.0494403839,80.2806396484,61899,61909,10
13.0499296188,80.280708313,61909,61919,10
13.0504999161,80.2808074951,61919,61929,10
13.0513496399,80.2809371948,61929,61939,10
13.0521602631,80.2810821533,61939,61949,10
13.0530395508,80.2812194824,61949,61959,10
13.0540599823,80.2813796997,61959,61970,11
13.0550098419,80.2815628052,61970,61980,10
13.0558004379,80.2817077637,61980,61990,10
13.0564203262,80.2818222046,61990,62000,10
13.0564603806,80.281829834,62000,62010,10
13.056599617,80.281867981,62010,62020,10
13.0573501587,80.2820205688,62020,62040,20
13.0573501587,80.2820205688,62040,62050,10
13.0576095581,80.2820892334,62050,62060,10
13.0582103729,80.2822113037,62060,62070,10
13.0590896606,80.2824020386,62070,62080,10
13.0601100922,80.2826080322,62080,62091,11
13.0611696243,80.2828292847,62091,62101,10
13.06208992,80.2830200195,62101,62111,10
13.062789917,80.2831726074,62111,62121,10
13.0631198883,80.2832183838,62121,62131,10
13.0632095337,80.2832489014,62131,62141,10
13.06387043,80.2833862305,62141,62181,40
13.06387043,80.2833862305,62181,62191,10
13.064040184,80.2834320068,62191,62202,11
13.0647602081,80.2836227417,62202,62212,10
13.0656900406,80.2838287354,62212,62222,10
13.0667600632,80.2840805054,62222,62232,10
13.067779541,80.2842636108,62232,62242,10
13.0687904358,80.2844619751,62242,62252,10
13.0698699951,80.2847290039,62252,62262,10
13.0710000992,80.2850189209,62262,62272,10
13.0721302032,80.2852935791,62272,62282,10
13.073220253,80.2852706909,62282,62292,10
13.0735998154,80.2852935791,62292,62302,10
13.0737304688,80.2853622437,62302,62313,11
13.0741796494,80.2858886719,62313,62323,10
13.0748596191,80.2864303589,62323,62333,10
13.0757198334,80.2869796753,62333,62343,10
13.076789856,80.2872695923,62343,62353,10
13.0778102875,80.2875213623,62353,62363,10
13.0787696838,80.2877731323,62363,62373,10
13.0795001984,80.2880630493,62373,62383,10
13.0796403885,80.2880706787,62383,62393,10
13.0797395706,80.2880783081,62393,62403,10
13.0801401138,80.2881393433,62403,62413,10
13.0805597305,80.2882537842,62413,62424,11
13.080739975,80.2883071899,62424,62434,10
13.0811004639,80.2884368896,62434,62444,10
13.0817403793,80.2886581421,62444,62454,10
13.0824699402,80.2889633179,62454,62464,10
13.0831699371,80.2892379761,62464,62474,10
13.0836496353,80.2892303467,62474,62484,10
13.0842504501,80.2892227173,62484,62494,10
13.085100174,80.2891769409,62494,62504,10
13.0860395432,80.2894210815,62504,62514,10
13.0869703293,80.289680481,62514,62524,10
13.0877599716,80.2899780273,62524,62534,10
13.0883398056,80.2901687622,62534,62545,11
13.0887403488,80.2901992798,62545,62555,10
13.088760376,80.2902069092,62555,62565,10
13.0888395309,80.2902908325,62565,62635,70
13.0888395309,80.2902908325,62635,62645,10
13.0888004303,80.2903594971,62645,62656,11
13.0887699127,80.2904891968,62656,62666,10
13.0885000229,80.2904281616,62666,62676,10
13.0879201889,80.2901229858,62676,62686,10
13.0872402191,80.2898483276,62686,62696,10
13.0864896774,80.289642334,62696,62706,10
13.0857601166,80.2894210815,62706,62716,10
13.0853796005,80.2887878418,62716,62724,8
13.0851402283,80.2880783081,62724,62736,12
13.0851402283,80.2872619629,62736,62746,10
13.0852003098,80.2863388062,62746,62756,10
13.0852899551,80.28540802,62756,62767,11
13.0853204727,80.2844467163,62767,62777,10
13.0852499008,80.2842025757,62777,62807,30
13.0852499008,80.2842025757,62807,62817,10
13.0852499008,80.2841796875,62817,62827,10
13.0854196548,80.2838134766,62827,62837,10
13.0855398178,80.2835693359,62837,62847,10
13.0859003067,80.2835464478,62847,62857,10
13.0866098404,80.2838973999,62857,62908,51
13.0867900848,80.2840270996,62908,62978,70
13.0867900848,80.2840270996,62978,62989,11
13.0870199203,80.2840118408,62989,62999,10
13.0872602463,80.283996582,62999,63010,11
13.0876903534,80.2839889526,63010,63131,121
13.088060379,80.2840194702,63131,63171,40
13.088060379,80.2840194702,63171,63181,10
13.0881595612,80.2837677002,63181,63191,10
13.0883197784,80.2835617065,63191,63201,10
13.0883102417,80.2828063965,63201,63232,31
13.0883102417,80.2828063965,63232,63242,10
13.0882902145,80.2824935913,63242,63252,10
13.088259697,80.2822723389,63252,63262,10
13.0881996155,80.2820129395,63262,63272,10
13.088060379,80.281539917,63272,63282,10
13.0882701874,80.281463623,63282,63292,10
13.08852005,80.2816162109,63292,63302,10
13.0885000229,80.2819213867,63302,63312,10
13.0884895325,80.2819976807,63312,63322,10
13.0884599686,80.2822723389,63322,63333,11
13.0883998871,80.2825698853,63333,63343,10
13.0883302689,80.2829818726,63343,63353,10
13.088350296,80.2835998535,63353,63363,10
13.0883598328,80.2839584351,63363,63373,10
13.0883903503,80.284538269,63373,63383,10
13.0884304047,80.2850112915,63383,63484,101
13.0884304047,80.2850112915,63484,63494,10
13.0884599686,80.2852020264,63494,63504,10
13.0885000229,80.2856063843,63504,63514,10
13.0885095596,80.2860107422,63514,63524,10
13.0885400772,80.2863693237,63524,63534,10
13.088549614,80.2866287231,63534,63544,10
13.0885801315,80.2872390747,63544,63555,11
13.0886096954,80.2875366211,63555,63565,10
13.088640213,80.2880325317,63565,63575,10
13.0886802673,80.2885437012,63575,63585,10
13.0887002945,80.2887878418,63585,63595,10
13.0887699127,80.2892608643,63595,63605,10
13.0887804031,80.2893218994,63605,63615,10
13.0887804031,80.2894210815,63615,63625,10
13.0888004303,80.2898864746,63625,63655,30
13.0888004303,80.2898864746,63655,63666,11
13.0888204575,80.2900390625,63666,63676,10
13.0888299942,80.2901306152,63676,63686,10
13.0888299942,80.2902679443,63686,63696,10
13.0887699127,80.2904663086,63696,63706,10
13.0886001587,80.2904510498,63706,63716,10
13.0882797241,80.2902526855,63716,63726,10
13.087770462,80.2900009155,63726,63736,10
13.0876102448,80.2899169922,63736,63746,10
13.0875701904,80.2899017334,63746,63756,10
13.0871200562,80.2896881104,63756,63766,10
13.0862197876,80.2894210815,63766,63777,11
13.085100174,80.2891616821,63777,63787,10
13.0840797424,80.2891769409,63787,63797,10
13.0832595825,80.2892074585,63797,63807,10
13.0823602676,80.2889480591,63807,63817,10
13.0819702148,80.2887802124,63817,63827,10
13.0812997818,80.2885513306,63827,63837,10
13.080499649,80.2882919312,63837,63847,10
13.0799798965,80.2881774902,63847,63867,20
13.0799798965,80.2881774902,63867,63877,10
13.0795402527,80.2880706787,63877,63887,10
13.0787601471,80.2877731323,63887,63898,11
13.0776195526,80.2874526978,63898,63908,10
13.0764598846,80.2871627808,63908,63918,10
13.0753803253,80.2867889404,63918,63928,10
13.0741195679,80.2861633301,63928,63958,30
13.0741195679,80.2861633301,63958,63968,10
13.0739297867,80.2861099243,63968,63978,10
13.0732898712,80.2859268188,63978,63988,10
13.0725002289,80.2854919434,63988,63998,10
13.0714702606,80.2851867676,63998,64009,11
13.0701999664,80.2848815918,64009,64019,10
13.069029808,80.2845993042,64019,64029,10
13.067990303,80.2843780518,64029,64049,20
13.067990303,80.2843780518,64049,64059,10
13.0677995682,80.284362793,64059,64069,10
13.0670700073,80.2842788696,64069,64079,10
13.066450119,80.2841491699,64079,64089,10
13.0664396286,80.2841491699,64089,64099,10
13.0663604736,80.2841186523,64099,64109,10
13.065990448,80.2839736938,64109,64120,11
13.065369606,80.283821106,64120,64130,10
13.0648498535,80.2836990356,64130,64140,10
13.0645599365,80.2836303711,64140,64150,10
13.0645399094,80.2836303711,64150,64160,10
13.0644102097,80.2835998535,64160,64170,10
13.0640201569,80.2834777832,64170,64180,10
13.0634803772,80.2833480835,64180,64190,10
13.0631399155,80.2832565308,64190,64200,10
13.0630302429,80.283241272,64200,64210,10
13.0625095367,80.2831268311,64210,64231,21
13.0625095367,80.2831268311,64231,64241,10
13.0622901917,80.2830734253,64241,64251,10
13.0617799759,80.2829437256,64251,64261,10
13.0612401962,80.2827987671,64261,64271,10
13.0606298447,80.282699585,64271,64281,10
13.0600004196,80.2825698853,64281,64291,10
13.059419632,80.2824478149,64291,64301,10
13.0587997437,80.282333374,64301,64311,10
13.0581798553,80.2822113037,64311,64321,10
13.0574998856,80.2820663452,64321,64331,10
13.0568399429,80.2819290161,64331,64342,11
13.0566997528,80.2818984985,64342,64352,10
13.0566501617,80.2818908691,64352,64362,10
13.0561599731,80.2817764282,64362,64372,10
13.0554103851,80.2816390991,64372,64382,10
13.0544996262,80.281463623,64382,64392,10
13.053560257,80.2812805176,64392,64402,10
13.0526399612,80.2811279297,64402,64412,10
13.0516996384,80.28099823,64412,64421,9
13.0510997772,80.280921936,64421,64432,11
13.0510597229,80.2809066772,64432,64442,10
13.0509500504,80.2808990479,64442,64451,9
13.0505399704,80.2808380127,64451,64463,12
13.050239563,80.2807998657,64463,64473,10
13.0497398376,80.2807235718,64473,64483,10
13.0489397049,80.2806091309,64483,64493,10
13.0480899811,80.2804794312,64493,64503,10
13.047249794,80.2803726196,64503,64513,10
13.0464200974,80.2802581787,64513,64523,10
13.04570961,80.280166626,64523,64533,10
13.0456495285,80.2801589966,64533,64543,10
13.0453701019,80.280128479,64543,64553,10
13.0448303223,80.2800598145,64553,64564,11
13.0440797806,80.2799530029,64564,64594,30
13.0440797806,80.2799530029,64594,64604,10
13.0439901352,80.2799301147,64604,64614,10
13.0437202454,80.2798919678,64614,64624,10
13.0434503555,80.2798461914,64624,64634,10
13.0428800583,80.2797012329,64634,64644,10
13.0420503616,80.2795410156,64644,64654,10
13.0411596298,80.2793884277,64654,64664,10
13.0402498245,80.2791900635,64664,64674,10
13.0389795303,80.2788619995,64674,64705,31
13.0389795303,80.2788619995,64705,64715,10
13.0386800766,80.2787475586,64715,64725,10
13.0381202698,80.2785568237,64725,64735,10
13.0374498367,80.2783737183,64735,64745,10
13.0368099213,80.2781600952,64745,64755,10
13.03606987,80.2779312134,64755,64765,10
13.0353097916,80.2777633667,64765,64775,10
13.0345697403,80.277633667,64775,64785,10
13.0338802338,80.2774429321,64785,64796,11
13.0330896378,80.2775115967,64796,64806,10
13.0324201584,80.2775192261,64806,64816,10
13.0316200256,80.2776184082,64816,64826,10
13.0309000015,80.2773208618,64826,64846,20
13.0309000015,80.2773208618,64846,64856,10
13.0307598114,80.2772598267,64856,64866,10
13.0303401947,80.2770385742,64866,64876,10
13.0297698975,80.276802063,64876,64886,10
13.029009819,80.2765808105,64886,64896,10
13.0286397934,80.2764205933,64896,64907,11
13.0280895233,80.2761993408,64907,64917,10
13.0273895264,80.275932312,64917,64927,10
13.0265398026,80.2755737305,64927,64937,10
13.0259599686,80.2752990723,64937,64947,10
13.0259504318,80.2752990723,64947,64957,10
13.0257301331,80.2752075195,64957,64967,10
13.025179863,80.2749633789,64967,64977,10
13.0244598389,80.2745819092,64977,64987,10
13.0240001678,80.2740325928,64987,64997,10
13.0235996246,80.2734680176,64997,65007,10
13.0231103897,80.2727966309,65007,65017,10
13.0225496292,80.2720413208,65017,65028,11
13.0219497681,80.2712478638,65028,65044,16
13.0210695267,80.2701797485,65044,65056,12
13.0208501816,80.2699432373,65056,65066,10
13.0207996368,80.269859314,65066,65076,10
13.0205202103,80.2695083618,65076,65086,10
13.0200395584,80.2688674927,65086,65096,10
13.0195198059,80.2682418823,65096,65106,10
13.0190000534,80.2676391602,65106,65116,10
13.0187196732,80.2670516968,65116,65126,10
13.0186004639,80.266418457,65126,65137,11
13.0186395645,80.2658462524,65137,65147,10
13.0187997818,80.2652587891,65147,65156,9
13.0189800262,80.2646789551,65156,65167,11
13.0190200806,80.2639389038,65167,65177,10
13.0189599991,80.2634963989,65177,65187,10
13.0188798904,80.2630691528,65187,65197,10
13.0188798904,80.2630615234,65197,65207,10
13.0188999176,80.2627563477,65207,65217,10
13.0188999176,80.2625579834,65217,65227,10
13.0188798904,80.2624435425,65227,65237,10
13.0188598633,80.2621383667,65237,65267,30
13.0188102722,80.2618331909,65267,65318,51
13.0188102722,80.2618331909,65318,65328,10
13.0187797546,80.2614593506,65328,65338,10
13.0186300278,80.2612686157,65338,65348,10
13.0183696747,80.2611236572,65348,65359,11
13.0180196762,80.2609176636,65359,65369,10
13.0175800323,80.2606430054,65369,65379,10
13.0170898438,80.2603378296,65379,65389,10
13.0166196823,80.2600326538,65389,65399,10
13.0162000656,80.259803772,65399,65409,10
13.0160999298,80.2597503662,65409,65419,10
13.0160598755,80.2597198486,65419,65429,10
13.015709877,80.2595596313,65429,65439,10
13.0151100159,80.2593917847,65439,65449,10
13.0143899918,80.2593307495,65449,65459,10
13.0135097504,80.2593002319,65459,65470,11
13.0125102997,80.2592697144,65470,65480,10
13.0116796494,80.2592391968,65480,65490,10
13.0108995438,80.2592315674,65490,65500,10
13.0100603104,80.2592468262,65500,65510,10
13.0092802048,80.2592163086,65510,65520,10
13.008769989,80.2592163086,65520,65530,10
13.0084400177,80.2592163086,65530,65540,10
13.0078001022,80.2593383789,65540,65550,10
13.0072898865,80.2597503662,65550,65560,10
13.0071401596,80.2602996826,65560,65570,10
13.0072498322,80.2608795166,65570,65581,11
13.007399559,80.2614517212,65581,65591,10
13.0074300766,80.2615432739,65591,65601,10
13.0075397491,80.2620010376,65601,65611,10
13.0076999664,80.2626495361,65611,65621,10
13.0078001022,80.263092041,65621,65631,10
13.0079498291,80.2637405396,65631,65641,10
13.0080499649,80.264541626,65641,65651,10
13.0079097748,80.2653808594,65651,65661,10
13.0077104568,80.2662200928,65661,65671,10
13.0075702667,80.2668075562,65671,65681,10
13.0073900223,80.2676010132,65681,65691,10
13.0071802139,80.2684631348,65691,65702,11
13.0070104599,80.2694702148,65702,65718,16
13.0062198639,80.2705001831,65718,65730,12
13.0054197311,80.2700424194,65730,65740,10
13.0044603348,80.2694091797,65740,65750,10
13.0037298203,80.2689819336,65750,65760,10
13.0032396317,80.2687606812,65760,65768,8
13.0031900406,80.2687301636,65768,65778,10
13.003080368,80.2686767578,65778,65790,12
13.0025100708,80.2683029175,65790,65800,10
13.0019102097,80.2679367065,65800,65811,11
13.0012197495,80.2675018311,65811,65820,9
13.0009002686,80.2673110962,65820,65841,21
13.0009002686,80.2673110962,65841,65851,10
13.0005903244,80.2670593262,65851,65861,10
13.0004796982,80.2669906616,65861,65871,10
13.000120163,80.2668685913,65871,65881,10
12.999540329,80.266998291,65881,65891,10
12.9989099503,80.2671813965,65891,65901,10
12.9982204437,80.2673492432,65901,65911,10
12.9975595474,80.2675170898,65911,65922,11
12.9968004227,80.2677307129,65922,65932,10
12.9957895279,80.2677001953,65932,65982,50
12.9956798553,80.2674407959,65982,66002,20
12.9956798553,80.2674407959,66002,66012,10
12.9956903458,80.2673110962,66012,66022,10
12.9957504272,80.2668075562,66022,66033,11
12.9958400726,80.2661437988,66033,66043,10
12.9959096909,80.2654724121,66043,66053,10
12.9960002899,80.2647323608,66053,66063,10
12.9960803986,80.2640228271,66063,66073,10
12.9961204529,80.2635421753,66073,66083,10
12.9961500168,80.263130188,66083,66093,10
12.9961900711,80.2629165649,66093,66103,10
12.9961996078,80.262840271,66103,66113,10
12.9962396622,80.2625198364,66113,66123,10
12.9962797165,80.2621765137,66123,66133,10
12.9962997437,80.2618637085,66133,66150,17
12.9963598251,80.261138916,66150,66162,12
12.9964199066,80.2607269287,66162,66172,10
12.9964895248,80.2600479126,66172,66182,10
12.9965496063,80.2593307495,66182,66192,10
12.9966201782,80.2587585449,66192,66200,8
12.9966802597,80.2582168579,66200,66210,10
12.9967498779,80.25756073,66210,66222,12
12.9968099594,80.2569885254,66222,66232,10
12.9968500137,80.2563171387,66232,66313,81
12.9968500137,80.2563171387,66313,66323,10
12.9968700409,80.2559661865,66323,66333,10
12.9968595505,80.2553863525,66333,66343,10
12.9967899323,80.2547683716,66343,66353,10
12.9963998795,80.2542190552,66353,66363,10
12.9958400726,80.2537002563,66363,66374,11
12.9952001572,80.2530517578,66374,66384,10
12.9949502945,80.2525405884,66384,66394,10
12.9944801331,80.252571106,66394,66414,20
12.9944801331,80.252571106,66414,66424,10
12.9942703247,80.2526016235,66424,66434,10
12.9938402176,80.2527313232,66434,66444,10
12.9933595657,80.2528686523,66444,66454,10
12.9929504395,80.2529296875,66454,66464,10
12.9924201965,80.2529296875,66464,66474,10
12.9918699265,80.2530517578,66474,66485,11
12.9912996292,80.2534103394,66485,66495,10
12.9909296036,80.2540817261,66495,66505,10
12.990819931,80.2547225952,66505,66515,10
12.9907798767,80.2555618286,66515,66525,10
12.9905395508,80.2560882568,66525,66535,10
12.9905395508,80.2560882568,66535,66545,10
12.9901304245,80.2560806274,66545,66555,10
12.989569664,80.2560806274,66555,66565,10
12.9888601303,80.2559967041,66565,66575,10
12.9883203506,80.2559432983,66575,66585,10
12.9883098602,80.2559280396,66585,66596,11
12.9878902435,80.2558898926,66596,66608,12
12.9875802994,80.2562332153,66608,66620,12
12.9875001907,80.2571411133,66620,66630,10
12.9874401093,80.2580718994,66630,66640,10
12.9873695374,80.2589416504,66640,66650,10
12.9871196747,80.2596282959,66650,66690,40
12.9871196747,80.2596282959,66690,66700,10
12.9868803024,80.2596435547,66700,66721,21
12.9868803024,80.2596435547,66721,66731,10
12.9867601395,80.2595672607,66731,66741,10
12.9865598679,80.2594909668,66741,66751,10
12.9865999222,80.2591781616,66751,66822,71
12.9869403839,80.2591705322,66822,66872,50
12.9869403839,80.2591705322,66872,66882,10
12.9873600006,80.2590866089,66882,66892,10
12.9874000549,80.2586364746,66892,66902,10
12.9874200821,80.2582321167,66902,66912,10
12.9874401093,80.2578125,66912,66922,10
12.9874696732,80.2572631836,66922,66933,11
12.9875001907,80.256652832,66933,67082,149
12.9875001907,80.256652832,67082,67092,10
12.9875001907,80.2561187744,67092,67101,9
12.987569809,80.2558288574,67101,67112,11
12.9882497787,80.2558822632,67112,67152,40
12.9882497787,80.2558822632,67152,67163,11
12.9884996414,80.2559509277,67163,67193,30
12.9884996414,80.2559509277,67193,67203,10
12.9885997772,80.2559661865,67203,67213,10
12.9888095856,80.2559814453,67213,67223,10
12.9889602661,80.2559814453,67223,67233,10
12.9892702103,80.2560195923,67233,67243,10
12.9897403717,80.2560577393,67243,67253,10
12.989979744,80.2560806274,67253,67263,10
12.9899902344,80.256072998,67263,67274,11
12.9902200699,80.2561187744,67274,67284,10
12.9906101227,80.2560424805,67284,67294,10
12.9907398224,80.2558364868,67294,67304,10
12.9907398224,80.2555084229,67304,67314,10
12.9907302856,80.2550582886,67314,67324,10
12.9907398224,80.2546386719,67324,67334,10
12.9908704758,80.2541503906,67334,67344,10
12.9912004471,80.2536468506,67344,67354,10
12.9916000366,80.2533111572,67354,67364,10
12.9921503067,80.253112793,67364,67374,10
12.9927301407,80.2530517578,67374,67385,11
12.9932899475,80.2529373169,67385,67395,10
12.9938201904,80.2527923584,67395,67411,16
12.9947004318,80.2525405884,67411,67423,12
12.9950399399,80.2526016235,67423,67433,10
12.9951400757,80.2529678345,67433,67443,10
12.9951496124,80.2529907227,67443,67453,10
12.9952201843,80.253112793,67453,67463,10
12.9955797195,80.2534713745,67463,67473,10
12.9961395264,80.2540130615,67473,67483,10
12.9966802597,80.2545776367,67483,67493,10
12.9968595505,80.2553024292,67493,67504,11
12.9968996048,80.2557373047,67504,67514,10
12.9968996048,80.2560424805,67514,67524,10
12.9968595505,80.2563781738,67524,67542,18
12.9968004227,80.2571411133,67542,67564,22
12.9968004227,80.2571411133,67564,67573,9
12.9967803955,80.2573699951,67573,67584,11
12.9967098236,80.2579879761,67584,67594,10
12.9966602325,80.2585601807,67594,67604,10
12.9966201782,80.2589874268,67604,67615,11
12.9965600967,80.2595062256,67615,67625,10
12.9964799881,80.2601165771,67625,67634,9
12.9964199066,80.2608032227,67634,67645,11
12.9963502884,80.2614593506,67645,67655,10
12.9963197708,80.2619171143,67655,67665,10
12.9962301254,80.262550354,67665,67694,29
12.9962301254,80.262550354,67694,67704,10
12.9961996078,80.2626876831,67704,67715,11
12.9961500168,80.2631072998,67715,67726,11
12.9961004257,80.2636413574,67726,67736,10
12.996049881,80.264251709,67736,67746,10
12.9959497452,80.2652587891,67746,67776,30
12.9959497452,80.2652587891,67776,67786,10
12.9958896637,80.2654418945,67786,67796,10
12.9958400726,80.2658691406,67796,67806,10
12.9957799911,80.2665405273,67806,67816,10
12.9956998825,80.2673187256,67816,67826,10
12.9961204529,80.2677536011,67826,67877,51
12.9961204529,80.2677536011,67877,67887,10
12.9962501526,80.2677993774,67887,67897,10
12.9965496063,80.2678604126,67897,67907,10
12.9969902039,80.267791748,67907,67917,10
12.997469902,80.2676391602,67917,67927,10
12.9980401993,80.2674636841,67927,67998,71
12.9980401993,80.2674636841,67998,68008,10
12.9983196259,80.2673721313,68008,68018,10
12.9988098145,80.267250061,68018,68028,10
12.9994697571,80.2670669556,68028,68038,10
13.0001497269,80.2668380737,68038,68048,10
13.0006799698,80.2671203613,68048,68059,11
13.0010499954,80.2673721313,68059,68099,40
13.0010499954,80.2673721313,68099,68109,10
13.0012903214,80.267539978,68109,68119,10
13.0016202927,80.2677536011,68119,68129,10
13.0020704269,80.2680282593,68129,68139,10
13.002579689,80.2683410645,68139,68149,10
13.003080368,80.2686233521,68149,68159,10
13.0034503937,80.2688522339,68159,68180,21
13.0034503937,80.2688522339,68180,68190,10
13.0035400391,80.2688827515,68190,68200,10
13.0038003922,80.2690734863,68200,68210,10
13.0042295456,80.2693405151,68210,68220,10
13.0047702789,80.2696609497,68220,68230,10
13.0053796768,80.2700271606,68230,68240,10
13.005979538,80.2703933716,68240,68250,10
13.0065202713,80.2705078125,68250,68260,10
13.0068502426,80.2700576782,68260,68270,10
13.006939888,80.26953125,68270,68281,11
13.0069999695,80.2688980103,68281,68291,10
13.0070896149,80.2682876587,68291,68301,10
13.007229805,80.2675323486,68301,68311,10
13.007399559,80.2668228149,68311,68321,10
13.0075502396,80.2663726807,68321,68331,10
13.0076704025,80.2658462524,68331,68341,10
13.0078401566,80.2651824951,68341,68351,10
13.0079402924,80.264503479,68351,68361,10
13.0079097748,80.2639694214,68361,68371,10
13.0078296661,80.263458252,68371,68381,10
13.0077199936,80.2629394531,68381,68392,11
13.0076198578,80.2624664307,68392,68402,10
13.0073604584,80.2614974976,68402,68472,70
13.0073604584,80.2614974976,68472,68482,10
13.0073795319,80.2612380981,68482,68492,10
13.0072698593,80.2609024048,68492,68503,11
13.0071802139,80.2604293823,68503,68513,10
13.0071802139,80.259979248,68513,68523,10
13.0073003769,80.2593612671,68523,68533,10
13.0073404312,80.2588195801,68533,68543,10
13.0075302124,80.2587203979,68543,68553,10
13.0079402924,80.2588577271,68553,68563,10
13.0085697174,80.2590866089,68563,68583,20
13.0085697174,80.2590866089,68583,68593,10
13.0088500977,80.2591705322,68593,68603,10
13.0092401505,80.2591629028,68603,68614,11
13.0098896027,80.2591629028,68614,68624,10
13.0105695724,80.2591781616,68624,68634,10
13.0112895966,80.259147644,68634,68644,10
13.0120201111,80.259147644,68644,68654,10
13.0127801895,80.2591781616,68654,68664,10
13.0136098862,80.2592086792,68664,68674,10
13.0144796371,80.2592391968,68674,68684,10
13.0153102875,80.2592926025,68684,68694,10
13.0162096024,80.2596206665,68694,68714,20
13.0162096024,80.2596206665,68714,68725,11
13.0164003372,80.2597885132,68725,68735,10
13.016409874,80.259803772,68735,68745,10
13.0165395737,80.2599029541,68745,68755,10
13.0168399811,80.260093689,68755,68765,10
13.0173101425,80.2604064941,68765,68775,10
13.0178499222,80.2607803345,68775,68785,10
13.0183801651,80.2611618042,68785,68795,10
13.0188398361,80.2614974976,68795,68805,10
13.0191698074,80.2617797852,68805,68815,10
13.0195398331,80.2621688843,68815,68825,10
13.0200595856,80.2626724243,68825,68835,10
13.0203304291,80.2630386353,68835,68846,11
13.0199403763,80.2630386353,68846,68856,10
13.019370079,80.2630004883,68856,68866,10
13.0189695358,80.2630386353,68866,68882,16
13.019109726,80.2640762329,68882,68894,12
13.0191202164,80.2642364502,68894,68904,10
13.0190200806,80.2647323608,68904,68914,10
13.0188302994,80.2653427124,68914,68924,10
13.0187196732,80.2657012939,68924,68934,10
13.0186595917,80.2665405273,68934,68944,10
13.0188903809,80.2674179077,68944,68955,11
13.0195999146,80.2683105469,68955,68965,10
13.0202598572,80.2691192627,68965,68976,11
13.0207996368,80.26978302,68976,68986,10
13.0213699341,80.2704162598,68986,69016,30
13.0213699341,80.2704162598,69016,69026,10
13.0215902328,80.2707138062,69026,69036,10
13.0220298767,80.2712936401,69036,69046,10
13.0225801468,80.271987915,69046,69056,10
13.0231399536,80.2727584839,69056,69066,10
13.0234804153,80.2732086182,69066,69077,11
13.0235004425,80.2732391357,69077,69087,10
13.0235795975,80.2733535767,69087,69097,10
13.0239095688,80.2738037109,69097,69107,10
13.0242500305,80.2742614746,69107,69117,10
13.024600029,80.2746276855,69117,69127,10
13.024939537,80.2748031616,69127,69137,10
13.0250997543,80.2748794556,69137,69147,10
13.0254402161,80.2750167847,69147,69178,31
13.0254402161,80.2750167847,69178,69188,10
13.025560379,80.2750778198,69188,69198,10
13.0260295868,80.2753067017,69198,69208,10
13.026599884,80.2755813599,69208,69218,10
13.0272302628,80.2758789063,69218,69228,10
13.0278396606,80.2761688232,69228,69238,10
13.0283098221,80.2763595581,69238,69248,10
13.0286903381,80.2765274048,69248,69258,10
13.0292701721,80.2767105103,69258,69268,10
13.0296401978,80.2767868042,69268,69278,10
13.0299501419,80.2768783569,69278,69288,10
13.0299596786,80.2768783569,69288,69299,11
13.0302801132,80.2770309448,69299,69309,10
13.0306301117,80.2771987915,69309,69319,10
13.0310096741,80.2774200439,69319,69329,10
13.0316200256,80.2776565552,69329,69339,10
13.0321302414,80.277633667,69339,69349,10
13.0323295593,80.2776031494,69349,69359,10
13.0327196121,80.2775726318,69359,69369,10
13.0328598022,80.277557373,69369,69379,10
13.0333995819,80.2774505615,69379,69389,10
13.0339803696,80.2775268555,69389,69399,10
13.0346603394,80.2777023315,69399,69410,11
13.0353603363,80.2778167725,69410,69420,10
13.0358600616,80.2779083252,69420,69430,10
13.0364999771,80.2780609131,69430,69440,10
13.0370197296,80.2782821655,69440,69450,10
13.0374698639,80.278427124,69450,69466,16
13.0389499664,80.2788009644,69466,69498,32
13.0389499664,80.2788009644,69498,69508,10
13.0392303467,80.2789001465,69508,69519,11
13.0398397446,80.2790908813,69519,69529,10
13.0408000946,80.2793426514,69529,69539,10
13.0419597626,80.279548645,69539,69549,10
13.0431203842,80.2796783447,69549,69559,10
13.0438404083,80.2798690796,69559,69568,9
13.0441999435,80.2799377441,69568,69579,11
13.0446996689,80.2800216675,69579,69589,10
13.0453100204,80.2801132202,69589,69599,10
13.0457296371,80.2801589966,69599,69619,20
13.0457296371,80.2801589966,69619,69630,11
13.0461702347,80.2802276611,69630,69640,10
13.0469303131,80.2803268433,69640,69650,10
13.0477800369,80.280456543,69650,69660,10
13.0486001968,80.2805709839,69660,69669,9
13.049200058,80.2806625366,69669,69680,11
13.0493402481,80.280670166,69680,69690,10
13.0496397018,80.2807312012,69690,69700,10
13.0502595901,80.2808227539,69700,69710,10
13.050620079,80.2808837891,69710,69720,10
13.0510997772,80.280960083,69720,69730,10
13.0518302917,80.2810668945,69730,69741,11
13.0527200699,80.2811965942,69741,69751,10
13.0536003113,80.2813415527,69751,69761,10
13.0545196533,80.2815093994,69761,69771,10
13.0553503036,80.2816696167,69771,69781,10
13.0558395386,80.2817611694,69781,69791,10
13.0560998917,80.2818069458,69791,69801,10
13.0563697815,80.2818603516,69801,69811,10
13.0563802719,80.2818603516,69811,69821,10
13.056810379,80.2819595337,69821,69852,31
13.056810379,80.2819595337,69852,69862,10
13.0570201874,80.2819976807,69862,69872,10
13.0574102402,80.282081604,69872,69882,10
13.0580301285,80.2822113037,69882,69892,10
13.0588302612,80.2823791504,69892,69902,10
13.0595703125,80.2825393677,69902,69912,10
13.0603399277,80.2826919556,69912,69922,10
13.0610799789,80.2828521729,69922,69932,10
13.0617704391,80.2829971313,69932,69942,10
13.0624198914,80.2831268311,69942,69952,10
13.0627698898,80.2832107544,69952,69962,10
13.0630702972,80.2832794189,69962,69973,11
13.0630903244,80.2832794189,69973,69983,10
13.0632095337,80.2833175659,69983,69993,10
13.0638599396,80.283493042,69993,70003,10
13.0648097992,80.2836990356,70003,70013,10
13.0659103394,80.2839279175,70013,70023,10
13.0670003891,80.2841720581,70023,70033,10
13.0678300858,80.2843017578,70033,70043,10
13.0684700012,80.2844161987,70043,70053,10
13.0692100525,80.2845993042,70053,70063,10
13.070019722,80.2848129272,70063,70073,10
13.0709104538,80.2850189209,70073,70084,11
13.0718898773,80.2852706909,70084,70094,10
13.0727996826,80.2853164673,70094,70104,10
13.0734901428,80.2853012085,70104,70114,10
13.0735397339,80.2853088379,70114,70124,10
13.0737304688,80.28540802,70124,70134,10
13.0739898682,80.2857208252,70134,70144,10
13.0739898682,80.2857284546,70144,70153,9
13.074139595,80.2859191895,70153,70164,11
13.0746498108,80.2863311768,70164,70174,10
13.0746898651,80.2863616943,70174,70184,10
13.074930191,80.2865219116,70184,70195,11
13.0753898621,80.2868423462,70195,70205,10
13.0760803223,80.2871170044,70205,70215,10
13.0770397186,80.287361145,70215,70225,10
13.0781097412,80.2876281738,70225,70235,10
13.0790500641,80.287940979,70235,70245,10
13.0799398422,80.288192749,70245,70255,10
13.0802602768,80.2882614136,70255,70265,10
13.0804901123,80.2883071899,70265,70275,10
13.0808000565,80.2883834839,70275,70285,10
13.0810203552,80.2884597778,70285,70295,10
13.0816402435,80.2886810303,70295,70306,11
13.0823602676,80.2889404297,70306,70316,10
13.08314991,80.2892608643,70316,70326,10
13.0840196609,80.2892608643,70326,70336,10
13.0850400925,80.2892227173,70336,70346,10
13.0860595703,80.2894515991,70346,70356,10
13.0870304108,80.2897109985,70356,70366,10
13.0876998901,80.2899627686,70366,70376,10
13.0881500244,80.2901306152,70376,70386,10
13.088760376,80.2902374268,70386,70437,51
13.088760376,80.2902374268,70437,70447,10
13.0887699127,80.2904205322,70447,70457,10
13.0884799957,80.2903900146,70457,70467,10
13.0879402161,80.2901306152,70467,70477,10
13.0873098373,80.2899017334,70477,70487,10
13.0867099762,80.2897186279,70487,70497,10
13.0862798691,80.2895965576,70497,70507,10
13.0859203339,80.2895202637,70507,70517,10
13.0856199265,80.2892913818,70517,70528,11
13.085269928,80.2886886597,70528,70538,10
13.085100174,80.2879867554,70538,70548,10
13.0851097107,80.2872390747,70548,70558,10
13.0851697922,80.2864990234,70558,70568,10
13.0852403641,80.2856063843,70568,70578,10
13.0852899551,80.2847518921,70578,70588,10
13.0851898193,80.2843170166,70588,70598,10
13.0851802826,80.2841796875,70598,70608,10
13.0852098465,80.2841415405,70608,70618,10
13.0853395462,80.2839431763,70618,70628,10
13.0854301453,80.2836608887,70628,70639,11
13.0857896805,80.2835769653,70639,70649,10
13.0861701965,80.2835998535,70649,70659,10
13.086400032,80.2837524414,70659,70669,10
13.0867795944,80.2840270996,70669,70709,40
13.0867795944,80.2840270996,70709,70719,10
13.0869197845,80.2840423584,70719,71212,493
13.0869197845,80.2840423584,71212,71222,10
13.0870599747,80.2839202881,71222,71232,10
13.0872001648,80.2839279175,71232,71242,10
13.0873298645,80.2839508057,71242,71252,10
13.0876998901,80.2839813232,71252,71282,30
13.0876998901,80.2839813232,71282,71292,10
13.0878400803,80.283996582,71292,71302,10
13.088060379,80.283996582,71302,71333,31
13.088060379,80.283996582,71333,71343,10
13.0881204605,80.2836532593,71343,71353,10
13.088259697,80.283531189,71353,71363,10
13.0882797241,80.2833175659,71363,71373,10
13.0882701874,80.2830734253,71373,71383,10
13.0882797241,80.2828063965,71383,71393,10
13.0882701874,80.2825698853,71393,71403,10
13.0882501602,80.2822723389,71403,71413,10
13.088139534,80.2818527222,71413,71423,10
13.0880498886,80.2814865112,71423,71434,11
13.0883903503,80.28150177,71434,71444,10
13.0885095596,80.2817764282,71444,71454,10
13.0884504318,80.2820205688,71454,71464,10
13.0883998871,80.2822723389,71464,71474,10
13.088350296,80.2825622559,71474,71484,10
13.0882997513,80.2829208374,71484,71494,10
13.0882797241,80.2832183838,71494,71504,10
13.0882997513,80.2835235596,71504,71514,10
13.0883197784,80.283782959,71514,71524,10
13.0883197784,80.2840805054,71524,71534,10
13.0883598328,80.2846221924,71534,71545,11
13.0883998871,80.285118103,71545,71645,100
13.0883998871,80.285118103,71645,71656,11
13.0883798599,80.2851867676,71656,71666,10
13.0883798599,80.2855911255,71666,71676,10
13.0883903503,80.2860565186,71676,71686,10
13.0884199142,80.2864990234,71686,71696,10
13.0884199142,80.286781311,71696,71706,10
13.0884599686,80.2872161865,71706,71716,10
13.0885000229,80.2875289917,71716,71726,10
13.0885295868,80.2878417969,71726,71736,10
13.0886001587,80.2883987427,71736,71746,10
13.088640213,80.2886734009,71746,71756,10
13.0886697769,80.2890396118,71756,71767,11
13.0887002945,80.2893600464,71767,71777,10
13.0887203217,80.2893829346,71777,71787,10
13.0887403488,80.2901229858,71787,71827,40
13.0887403488,80.2901229858,71827,71837,10
13.0886898041,80.2902908325,71837,71847,10
13.0885400772,80.2904891968,71847,71857,10
13.088139534,80.2902374268,71857,71867,10
13.0875301361,80.2899398804,71867,71878,11
13.086810112,80.289642334,71878,71888,10
13.085940361,80.289390564,71888,71898,10
13.0852003098,80.2891616821,71898,71908,10
13.084230423,80.2891921997,71908,71918,10
13.0834197998,80.2892303467,71918,71928,10
13.0825996399,80.2890701294,71928,71938,10
13.0819196701,80.2888336182,71938,71948,10
13.0812397003,80.28855896,71948,71958,10
13.0805902481,80.2883987427,71958,71968,10
13.079990387,80.2882385254,71968,71978,10
13.0799303055,80.2882385254,71978,71989,11
13.079460144,80.2881393433,71989,71999,10
13.078789711,80.2878723145,71999,72009,10
13.0780000687,80.2876205444,72009,72019,10
13.0770797729,80.2873916626,72019,72029,10
13.0761203766,80.2871398926,72029,72039,10
13.0753202438,80.286819458,72039,72049,10
13.0746097565,80.2864074707,72049,72059,10
13.0741500854,80.2862091064,72059,72079,20
13.0741500854,80.2862091064,72079,72089,10
13.073800087,80.2861175537,72089,72099,10
13.0731897354,80.285949707,72099,72110,11
13.0724601746,80.2855377197,72110,72120,10
13.0716600418,80.2852935791,72120,72130,10
13.0707397461,80.2850494385,72130,72140,10
13.0697803497,80.2848129272,72140,72150,10
13.0688800812,80.2846069336,72150,72160,10
13.0679998398,80.2844085693,72160,72170,10
13.0670404434,80.2843170166,72170,72180,10
13.0664196014,80.2842025757,72180,72190,10
13.0663795471,80.2841873169,72190,72200,10
13.0659999847,80.2840805054,72200,72210,10
13.065320015,80.2838897705,72210,72221,11
13.0645999908,80.2836990356,72221,72241,20
13.0645999908,80.2836990356,72241,72251,10
13.0644197464,80.2836608887,72251,72261,10
13.0640096664,80.2835388184,72261,72271,10
13.0634698868,80.2834091187,72271,72281,10
13.0626497269,80.2832107544,72281,72301,20
13.0626497269,80.2832107544,72301,72311,10
13.0623502731,80.2831268311,72311,72321,10
13.0618600845,80.2830200195,72321,72332,11
13.0612401962,80.2828674316,72332,72342,10
13.0606298447,80.2827377319,72342,72352,10
13.0599603653,80.2826080322,72352,72361,9
13.0593204498,80.2824783325,72361,72372,11
13.0585203171,80.2823181152,72372,72382,10
13.0579204559,80.2822113037,72382,72392,10
13.0578203201,80.2821884155,72392,72402,10
13.0577096939,80.2821731567,72402,72412,10
13.0573501587,80.2820892334,72412,72422,10
13.0567502975,80.2819671631,72422,72443,21
13.0567502975,80.2819671631,72443,72453,10
13.0564804077,80.2819137573,72453,72463,10
13.0559902191,80.2817993164,72463,72473,10
13.0554199219,80.2816696167,72473,72483,10
13.0546503067,80.2815170288,72483,72493,10
13.0537996292,80.2813568115,72493,72503,10
13.0529699326,80.2812194824,72503,72513,10
13.0522403717,80.2811203003,72513,72523,10
13.0513496399,80.28099823,72523,72533,10
13.050740242,80.280921936,72533,72543,10
13.0502700806,80.2808609009,72543,72554,11
13.0501899719,80.2808380127,72554,72564,10
13.0500602722,80.2808303833,72564,72574,10
13.0495996475,80.2807617188,72574,72584,10
13.0489397049,80.2806625366,72584,72594,10
13.0481595993,80.2805480957,72594,72604,10
13.0472898483,80.280418396,72604,72614,10
13.0464496613,80.2802886963,72614,72624,10
13.0457201004,80.2802200317,72624,72634,10
13.0456399918,80.2801971436,72634,72644,10
13.0455598831,80.2801895142,72644,72654,10
13.0451803207,80.2801437378,72654,72665,11
13.0446500778,80.2800598145,72665,72675,10
13.0443401337,80.2800216675,72675,72685,10
13.0439395905,80.2799606323,72685,72695,10
13.0435800552,80.2798995972,72695,72705,10
13.0430202484,80.2797775269,72705,72715,10
13.0422897339,80.2796096802,72715,72725,10
13.041680336,80.279510498,72725,72735,10
13.0408096313,80.2793579102,72735,72745,10
13.0400600433,80.2791976929,72745,72755,10
13.0393695831,80.2790222168,72755,72765,10
13.0389795303,80.2789001465,72765,72776,11
13.0389404297,80.2788772583,72776,72786,10
13.038599968,80.2787475586,72786,72796,10
13.0380296707,80.2785568237,72796,72806,10
13.0374698639,80.2784118652,72806,72816,10
13.0369796753,80.2782592773,72816,72826,10
13.0364704132,80.2780532837,72826,72836,10
13.0360803604,80.2779388428,72836,72846,10
13.0356998444,80.2778625488,72846,72856,10
13.0353403091,80.2777709961,72856,72866,10
13.0348396301,80.2776794434,72866,72876,10
13.0342998505,80.2775421143,72876,72887,11
13.0335502625,80.2774276733,72887,72897,10
13.0330095291,80.2775268555,72897,72907,10
13.0327100754,80.2775268555,72907,72917,10
13.0323495865,80.277557373,72917,72927,10
13.0321302414,80.2775878906,72927,72937,10
13.0319900513,80.2776031494,72937,72947,10
13.0316095352,80.2776412964,72947,72956,9
13.0311603546,80.2774887085,72956,72966,10
13.0308599472,80.2772979736,72966,72977,11
13.0307703018,80.2772369385,72977,72987,10
13.030380249,80.2770080566,72987,72998,11
13.0298700333,80.276802063,72998,73008,10
13.0292901993,80.2766494751,73008,73018,10
13.0286502838,80.2764434814,73018,73028,10
13.0280303955,80.2761764526,73028,73038,10
13.0273399353,80.2758865356,73038,73047,9
13.02684021,80.275680542,73047,73057,10
13.0265398026,80.2755432129,73057,73068,11
13.0259799957,80.2752914429,73068,73088,20
13.0259799957,80.2752914429,73088,73098,10
13.0257701874,80.2751693726,73098,73108,10
13.0253000259,80.2749710083,73108,73119,11
13.0247001648,80.2746887207,73119,73129,10
13.0245800018,80.2746200562,73129,73139,10
13.0243997574,80.2744827271,73139,73149,10
13.0241699219,80.2741394043,73149,73159,10
13.0237903595,80.2736663818,73159,73169,10
13.0233602524,80.2731018066,73169,73179,10
13.0228595734,80.2724533081,73179,73189,10
13.0223503113,80.2717895508,73189,73199,10
13.0218896866,80.2711791992,73199,73209,10
13.0214796066,80.2706604004,73209,73219,10
13.0208997726,80.2699966431,73219,73240,21
13.0208997726,80.2699966431,73240,73250,10
13.0207796097,80.2698516846,73250,73260,10
13.0206003189,80.2695617676,73260,73270,10
13.0202503204,80.2690811157,73270,73280,10
13.0197401047,80.2684783936,73280,73290,10
13.0192298889,80.2678604126,73290,73300,10
13.0187797546,80.2672576904,73300,73310,10
13.0186300278,80.2665405273,73310,73320,10
13.0186004639,80.2660369873,73320,73330,10
13.0187196732,80.2655181885,73330,73341,11
13.0189199448,80.2647399902,73341,73351,10
13.0190095901,80.263999939,73351,73361,10
13.0189399719,80.2635192871,73361,73371,10
13.0188598633,80.2630767822,73371,73381,10
13.0188398361,80.2629928589,73381,73391,10
13.0188398361,80.262878418,73391,73401,10
13.0187902451,80.2623672485,73401,73411,10
13.018699646,80.2617034912,73411,73421,10
13.0184803009,80.2612609863,73421,73431,10
13.017829895,80.2608413696,73431,73441,10
13.0171699524,80.2603912354,73441,73452,11
13.0159702301,80.2597198486,73452,73472,20
13.0159702301,80.2597198486,73472,73482,10
13.01583004,80.2596435547,73482,73492,10
13.0152997971,80.2594528198,73492,73502,10
13.0145597458,80.2593612671,73502,73512,10
13.0137500763,80.2593231201,73512,73522,10
13.0128898621,80.2593002319,73522,73532,10
13.012049675,80.2592697144,73532,73542,10
13.0112695694,80.2592391968,73542,73552,10
13.0104999542,80.259262085,73552,73563,11
13.0096197128,80.259262085,73563,73573,10
13.0089197159,80.2592163086,73573,73583,10
13.0086402893,80.2592086792,73583,73593,10
13.0081996918,80.2592391968,73593,73603,10
13.0075798035,80.2594604492,73603,73612,9
13.0072202682,80.2599029541,73612,73623,11
13.0071496964,80.2602996826,73623,73633,10
13.0072002411,80.2606201172,73633,73643,10
13.0073299408,80.2612075806,73643,73653,10
13.0073795319,80.261428833,73653,73663,10
13.0074300766,80.2616271973,73663,73674,11
13.0075597763,80.2621994019,73674,73684,10
13.0076999664,80.262802124,73684,73694,10
13.0077800751,80.2631912231,73694,73704,10
13.007900238,80.2637710571,73704,73714,10
13.0079803467,80.2644195557,73714,73724,10
13.0079202652,80.2651367188,73724,73734,10
13.0077800751,80.2659072876,73734,73744,10
13.0076503754,80.2665100098,73744,73754,10
13.0074501038,80.2672729492,73754,73764,10
13.0072498322,80.2680587769,73764,73774,10
13.007060051,80.2688980103,73774,73784,10
13.0068902969,80.2698364258,73784,73795,11
13.0062799454,80.2704696655,73795,73805,10
13.0055103302,80.2700881958,73805,73815,10
13.0047302246,80.2696304321,73815,73825,10
13.0039596558,80.2691497803,73825,73835,10
13.0033998489,80.2688369751,73835,73845,10
13.0031995773,80.2687530518,73845,73855,10
13.0029497147,80.2685775757,73855,73865,10
13.0024299622,80.2682495117,73865,73875,10
13.0018100739,80.267868042,73875,73885,10
13.00096035,80.2673416138,73885,73916,31
13.00096035,80.2673416138,73916,73926,10
13.0008001328,80.2672729492,73926,73936,10
13.000459671,80.2670211792,73936,73946,10
12.9998502731,80.2669906616,73946,73956,10
12.9991798401,80.2671737671,73956,73966,10
12.9984703064,80.2673797607,73966,73976,10
12.9978199005,80.267578125,73976,73986,10
12.997300148,80.2677536011,73986,73996,10
12.9967403412,80.2678833008,73996,74006,10
12.9961395264,80.267829895,74006,74017,11
12.9957103729,80.2677688599,74017,74027,10
12.9956197739,80.2676620483,74027,74037,10
12.9956502914,80.2673416138,74037,74067,30
12.9956502914,80.2673416138,74067,74077,10
12.9956598282,80.2671813965,74077,74087,10
12.9957103729,80.2667694092,74087,74097,10
12.995759964,80.2662963867,74097,74107,10
12.9958000183,80.2658309937,74107,74117,10
12.9958200455,80.2656402588,74117,74128,11
12.995880127,80.2652435303,74128,74138,10
12.9959402084,80.2647399902,74138,74148,10
12.9960203171,80.2641601563,74148,74158,10
12.9961004257,80.2634811401,74158,74168,10
12.9961595535,80.2626800537,74168,74188,20
12.9961595535,80.2626800537,74188,74198,10
12.9961900711,80.2624816895,74198,74208,10
12.9962396622,80.2621078491,74208,74218,10
12.9962797165,80.2617492676,74218,74228,10
12.996339798,80.261177063,74228,74239,11
12.9964199066,80.2604522705,74239,74249,10
12.9964799881,80.2598876953,74249,74259,10
12.996509552,80.2595214844,74259,74269,10
12.9965200424,80.2593002319,74269,74279,10
12.9965801239,80.2588882446,74279,74289,10
12.9966497421,80.2582168579,74289,74299,10
12.996720314,80.2574920654,74299,74309,10
12.9968004227,80.256729126,74309,74319,10
12.9968099594,80.2562332153,74319,74360,41
12.9968099594,80.2562332153,74360,74370,10
12.9968700409,80.2561035156,74370,74380,10
12.9968795776,80.2557373047,74380,74390,10
12.9968395233,80.2552108765,74390,74400,10
12.9967603683,80.254699707,74400,74410,10
12.9964103699,80.2542572021,74410,74420,10
12.9959802628,80.2538223267,74420,74430,10
12.9955596924,80.2533721924,74430,74440,10
12.9954595566,80.253288269,74440,74450,10
12.99518013,80.2530212402,74450,74461,11
12.9949102402,80.2525100708,74461,74471,10
12.9945201874,80.2525863647,74471,74481,10
12.9943599701,80.2526397705,74481,74491,10
12.9942302704,80.2526626587,74491,74501,10
12.9938297272,80.2527694702,74501,74511,10
12.993350029,80.2529296875,74511,74520,9
12.9928598404,80.2529983521,74520,74531,11
12.9921703339,80.2530517578,74531,74541,10
12.991519928,80.2532577515,74541,74551,10
12.9910001755,80.2538375854,74551,74561,10
12.9908399582,80.2546463013,74561,74572,11
12.99077034,80.255531311,74572,74582,10
12.9907197952,80.2558822632,74582,74602,20
12.9907197952,80.2558822632,74602,74612,10
12.9905700684,80.2561035156,74612,74622,10
12.9902296066,80.2561035156,74622,74632,10
12.9896202087,80.256072998,74632,74642,10
12.9889802933,80.2560424805,74642,74662,20
12.9889802933,80.2560424805,74662,74672,10
12.9887800217,80.2559967041,74672,74683,11
12.9883804321,80.2559585571,74683,74693,10
12.9881496429,80.2559280396,74693,74703,10
12.9878797531,80.2558898926,74703,74713,10
12.9875497818,80.2560195923,74713,74723,10
12.9875001907,80.2566223145,74723,74733,10
12.9874601364,80.257232666,74733,74743,10
12.9874200821,80.2578887939,74743,74753,10
12.9873800278,80.2585067749,74753,74763,10
12.9873304367,80.2590866089,74763,74773,10
12.9871997833,80.2595825195,74773,74804,31
12.9871997833,80.2595825195,74804,74814,10
12.9871902466,80.2596435547,74814,74824,10
12.9870300293,80.2596511841,74824,74834,10
12.9868202209,80.2595977783,74834,74844,10
12.9865503311,80.2595062256,74844,74854,10
12.9867801666,80.2591629028,74854,74925,71
12.9867801666,80.2591629028,74925,74935,10
12.9871902466,80.2592163086,74935,74945,10
12.9873199463,80.2590408325,74945,74955,10
12.9873504639,80.2586364746,74955,74965,10
12.9874000549,80.2581176758,74965,74975,10
12.9874200821,80.2576217651,74975,74985,10
12.987449646,80.2570800781,74985,74995,10
12.9875001907,80.2566070557,74995,75167,172
12.9875001907,80.2566070557,75167,75177,10
12.9875297546,80.2564315796,75177,75187,10
12.9875402451,80.2561416626,75187,75197,10
12.9876699448,80.2558288574,75197,75207,10
12.9881296158,80.255859375,75207,75227,20
12.9881296158,80.255859375,75227,75237,10
12.9884796143,80.2559204102,75237,75248,11
12.9885196686,80.2559204102,75248,75258,10
12.9887695313,80.2559509277,75258,75268,10
12.9891004562,80.2559890747,75268,75278,10
12.9895200729,80.2560424805,75278,75288,10
12.9901199341,80.2560272217,75288,75298,10
12.9905796051,80.2559204102,75298,75308,10
12.9906797409,80.255531311,75308,75318,10
12.9907197952,80.2548370361,75318,75328,10
12.990819931,80.2540969849,75328,75338,10
12.9912395477,80.2534637451,75338,75348,10
12.9918403625,80.2530975342,75348,75359,11
12.9924898148,80.2529830933,75359,75369,10
12.9931097031,80.2529373169,75369,75379,10
12.9937801361,80.2527770996,75379,75389,10
12.9945001602,80.2525863647,75389,75399,10
12.9949598312,80.2525024414,75399,75409,10
12.9950799942,80.2528991699,75409,75419,10
12.9950895309,80.2529602051,75419,75429,10
12.9952201843,80.2531585693,75429,75439,10
12.9956798553,80.2536087036,75439,75449,10
12.9963102341,80.2542114258,75449,75459,10
12.9967403412,80.2548980713,75459,75470,11
12.9968700409,80.2557220459,75470,75550,80
12.9968700409,80.2557220459,75550,75560,10
12.9968500137,80.2558670044,75560,75570,10
12.9968395233,80.2561721802,75570,75580,10
12.9967803955,80.2565612793,75580,75591,11
12.9967298508,80.2570419312,75591,75600,9
12.996720314,80.2570800781,75600,75610,10
12.9967002869,80.2572021484,75610,75621,11
12.9966602325,80.2576828003,75621,75631,10
12.9965801239,80.2585525513,75631,75641,10
12.9964599609,80.2592926025,75641,75651,10
12.9964103699,80.2597732544,75651,75661,10
12.9963798523,80.2602996826,75661,75671,10
12.9963102341,80.2610321045,75671,75681,10
12.9962501526,80.2616119385,75681,75691,10
12.9961996078,80.2620925903,75691,75702,11
12.9961500168,80.2624816895,75702,75712,10
12.9961395264,80.2626037598,75712,75722,10
12.9960699081,80.2630233765,75722,75732,10
12.9960298538,80.2635421753,75732,75748,16
12.9959402084,80.2643814087,75748,75760,12
12.9958095551,80.2654800415,75760,75770,10
12.9957103729,80.2665176392,75770,75780,10
12.995639801,80.2672576904,75780,75790,10
12.9956102371,80.267616272,75790,75800,10
12.9960203171,80.2677764893,75800,75810,10
12.9960603714,80.2677764893,75810,75821,11
12.9961204529,80.267791748,75821,75831,10
12.9965896606,80.2678375244,75831,75841,10
12.9973497391,80.2676696777,75841,75851,10
12.9981203079,80.2674407959,75851,75861,10
12.9987602234,80.267250061,75861,75871,10
12.9996404648,80.2669906616,75871,75881,10
13.0003499985,80.2669525146,75881,75891,10
13.0008201599,80.2672805786,75891,75901,10
13.0008897781,80.2673416138,75901,75911,10
13.0009698868,80.2673873901,75911,75922,11
13.00137043,80.2676391602,75922,75932,10
13.0017595291,80.2678833008,75932,75942,10
13.0023202896,80.2682189941,75942,75952,10
13.002989769,80.2686080933,75952,75962,10
13.0033502579,80.2688217163,75962,75972,10
13.0034103394,80.2688674927,75972,75982,10
13.0038003922,80.2691116333,75982,75992,10
13.0045204163,80.2695465088,75992,76002,10
13.0052700043,80.2700195313,76002,76012,10
13.0059604645,80.2704315186,76012,76022,10
13.0065803528,80.2704162598,76022,76033,11
13.006939888,80.269569397,76033,76043,10
13.0070800781,80.2686386108,76043,76053,10
13.0073204041,80.2676010132,76053,76063,10
13.0075397491,80.2667388916,76063,76073,10
13.0076799393,80.2661972046,76073,76083,10
13.0078201294,80.2655792236,76083,76093,10
13.0079803467,80.2646408081,76093,76103,10
13.0079097748,80.2637786865,76103,76113,10
13.0076999664,80.2629470825,76113,76123,10
13.0075998306,80.2625274658,76123,76133,10
13.0074100494,80.2618179321,76133,76144,11
13.0073099136,80.2614212036,76144,76154,10
13.0071802139,80.2609176636,76154,76164,10
13.0071001053,80.2601699829,76164,76174,10
13.0073003769,80.2594223022,76174,76184,10
13.0072498322,80.2589187622,76184,76194,10
13.0075998306,80.2587203979,76194,76204,10
13.0082197189,80.2589492798,76204,76214,10
13.008480072,80.2590408325,76214,76224,10
13.0085000992,80.2590637207,76224,76234,10
13.0088396072,80.2591171265,76234,76244,10
13.0094804764,80.2591171265,76244,76254,10
13.0103302002,80.2591323853,76254,76265,11
13.0113697052,80.2591171265,76265,76275,10
13.0123500824,80.259147644,76275,76285,10
13.0133895874,80.2592010498,76285,76295,10
13.0144395828,80.2592315674,76295,76305,10
13.01541996,80.2593078613,76305,76315,10
13.0161895752,80.2596130371,76315,76325,10
13.0164003372,80.2597732544,76325,76335,10
13.016500473,80.2598800659,76335,76345,10
13.0168199539,80.2601089478,76345,76355,10
13.0173797607,80.2604980469,76355,76365,10
13.0181102753,80.2609863281,76365,76376,11
13.0187797546,80.2614822388,76376,76386,10
13.0192298889,80.2618789673,76386,76396,10
13.0196504593,80.2623291016,76396,76405,9
13.0202198029,80.2628326416,76405,76416,11
13.0199804306,80.2630386353,76416,76426,10
13.0194702148,80.2630004883,76426,76436,10
13.018989563,80.2630386353,76436,76446,10
13.0190200806,80.263633728,76446,76456,10
13.0190601349,80.2640228271,76456,76466,10
13.0190696716,80.2641067505,76466,76476,10
13.018989563,80.2646408081,76476,76487,11
13.0187997818,80.2653198242,76487,76497,10
13.0186595917,80.265838623,76497,76507,10
13.0186500549,80.2666931152,76507,76517,10
13.0189504623,80.267539978,76517,76527,10
13.019490242,80.2682495117,76527,76537,10
13.0201101303,80.26902771,76537,76547,10
13.0207004547,80.2697372437,76547,76557,10
13.0212001801,80.2703018188,76557,76567,10
13.0214004517,80.2705230713,76567,76577,10
13.0214796066,80.2706222534,76577,76587,10
13.021780014,80.2710189819,76587,76598,11
13.022359848,80.2717514038,76598,76608,10
13.0229101181,80.2724609375,76608,76618,10
13.023639679,80.2734375,76618,76658,40
13.023639679,80.2734375,76658,76668,10
13.0237102509,80.2735290527,76668,76678,10
13.0239801407,80.2739028931,76678,76688,10
13.0242595673,80.2742767334,76688,76698,10
13.0246801376,80.2746887207,76698,76709,11
13.0253801346,80.2749786377,76709,76729,20
13.0253801346,80.2749786377,76729,76739,10
13.0255298615,80.2750473022,76739,76749,10
13.0257196426,80.275138855,76749,76759,10
13.0260801315,80.2753067017,76759,76769,10
13.0266103745,80.2755584717,76769,76779,10
13.0271501541,80.2758102417,76779,76789,10
13.0277395248,80.2760696411,76789,76799,10
13.0282802582,80.2762908936,76799,76809,10
13.0286798477,80.2764205933,76809,76826,17
13.0294704437,80.2766799927,76826,76838,12
13.0298700333,80.2767715454,76838,76848,10
13.0299797058,80.2768325806,76848,76858,10
13.0304603577,80.2770462036,76858,76868,10
13.0310697556,80.2774429321,76868,76878,10
13.0314903259,80.2776107788,76878,76888,10
13.0319595337,80.2775802612,76888,76898,10
13.0325498581,80.2775115967,76898,76908,10
13.0326700211,80.2774963379,76908,76918,10
13.0331201553,80.2774505615,76918,76928,10
13.0338201523,80.2774200439,76928,76939,11
13.0346899033,80.2776489258,76939,76950,11
13.035490036,80.2777862549,76950,76960,10
13.0359697342,80.2778778076,76960,76970,10
13.0365896225,80.2780609131,76970,76980,10
13.0373001099,80.2783279419,76980,76990,10
13.0380601883,80.2785110474,76990,77000,10
13.038769722,80.2787017822,77000,77010,10
13.038860321,80.278717041,77010,77020,10
13.0390100479,80.2788085938,77020,77030,10
13.0393295288,80.2789077759,77030,77040,10
13.0398902893,80.2790679932,77040,77051,11
13.0405597687,80.2792510986,77051,77061,10
13.0411701202,80.2793807983,77061,77071,10
13.0421600342,80.2795333862,77071,77081,10
13.0432395935,80.2796783447,77081,77091,10
13.0442800522,80.2799377441,77091,77101,10
13.0452804565,80.2800674438,77101,77111,10
13.0457000732,80.280128479,77111,77121,10
13.0457496643,80.2801437378,77121,77131,10
13.046210289,80.2801971436,77131,77141,10
13.0470199585,80.2803115845,77141,77151,10
13.0479803085,80.2804412842,77151,77162,11
13.0489797592,80.2805786133,77162,77172,10
13.0492296219,80.2806167603,77172,77182,10
13.0494203568,80.2806472778,77182,77192,10
13.0500402451,80.2807617188,77192,77202,10
13.0508098602,80.2808837891,77202,77212,10
13.0516004562,80.2810134888,77212,77222,10
13.0524101257,80.2811203003,77222,77232,10
13.0532999039,80.2812728882,77232,77242,10
13.0541601181,80.2814178467,77242,77252,10
13.055100441,80.2816009521,77252,77262,10
13.0558996201,80.2817611694,77262,77273,11
13.0563497543,80.281829834,77273,77283,10
13.0564603806,80.2818527222,77283,77293,10
13.0570297241,80.2819824219,77293,77303,10
13.0577402115,80.2821426392,77303,77313,10
13.0585603714,80.2823104858,77313,77323,10
13.0594797134,80.2825164795,77323,77332,9
13.0602998734,80.2826766968,77332,77343,11
13.06112957,80.2828216553,77343,77353,10
13.0620002747,80.2830123901,77353,77363,10
13.062789917,80.2831802368,77363,77373,10
13.0630702972,80.283241272,77373,77384,11
13.0634498596,80.2833328247,77384,77394,10
13.0642995834,80.2835388184,77394,77404,10
13.0653896332,80.2837905884,77404,77414,10
13.0666399002,80.2840576172,77414,77424,10
13.0677995682,80.2843017578,77424,77434,10
13.0689201355,80.2845230103,77434,77444,10
13.0699501038,80.2847824097,77444,77454,10
13.0710601807,80.2850723267,77454,77464,10
13.0722103119,80.2853012085,77464,77474,10
13.0731897354,80.2852401733,77474,77484,10
13.0734596252,80.2852630615,77484,77495,11
13.0736198425,80.2853164673,77495,77505,10
13.0737495422,80.28540802,77505,77515,10
13.073969841,80.285697937,77515,77525,10
13.0740299225,80.2857971191,77525,77535,10
13.0743703842,80.2861633301,77535,77545,10
13.0749998093,80.2865829468,77545,77555,10
13.0755300522,80.2868804932,77555,77565,10
13.0764198303,80.2872009277,77565,77575,10
13.0774202347,80.2874526978,77575,77585,10
13.0784797668,80.2877197266,77585,77595,10
13.0794200897,80.2880783081,77595,77606,11
13.0802402496,80.288230896,77606,77616,10
13.0808000565,80.2883834839,77616,77626,10
13.0816402435,80.2886810303,77626,77636,10
13.0823602676,80.2889404297,77636,77646,10
13.0831804276,80.2892532349,77646,77656,10
13.0840997696,80.2892303467,77656,77666,10
13.0851297379,80.2891998291,77666,77676,10
13.0861196518,80.2894287109,77676,77685,9
13.0869903564,80.289680481,77685,77696,11
13.0878295898,80.2900238037,77696,77706,10
13.0884799957,80.2901992798,77706,77716,10
13.088760376,80.2902374268,77716,77727,11
13.0887804031,80.2904510498,77727,77737,10
13.0884199142,80.2903671265,77737,77747,10
13.0878896713,80.2901000977,77747,77757,10
13.0874099731,80.289932251,77757,77767,10
13.0867996216,80.2897415161,77767,77777,10
13.0861701965,80.2895736694,77777,77787,10
13.0856304169,80.2893066406,77787,77797,10
13.0852403641,80.2886199951,77797,77807,10
13.0850801468,80.2876586914,77807,77817,10
13.0851602554,80.2865905762,77817,77827,10
13.0852603912,80.2855300903,77827,77838,11
13.0852203369,80.2841873169,77838,77878,40
13.0852203369,80.2841873169,77878,77888,10
13.085269928,80.2840118408,77888,77898,10
13.0853996277,80.283706665,77898,77908,10
13.0856399536,80.283531189,77908,77918,10
13.0860500336,80.2835388184,77918,77928,10
13.086689949,80.2837295532,77928,78009,81
13.086689949,80.2837295532,78009,78019,10
13.0871095657,80.2836914063,78019,78100,81
13.0871095657,80.2836914063,78100,78110,10
13.087679863,80.2837524414,78110,78120,10
13.0877399445,80.2837371826,78120,78130,10
13.0879602432,80.2836608887,78130,78140,10
13.0881996155,80.2835693359,78140,78150,10
13.0882701874,80.2833709717,78150,78160,10
13.0882701874,80.2829437256,78160,78171,11
13.088259697,80.2823562622,78171,78181,10
13.0880899429,80.2817611694,78181,78191,10
13.0878400803,80.2814788818,78191,78201,10
13.0873804092,80.2813568115,78201,78211,10
13.0871200562,80.2812576294,78211,78221,10
13.0867900848,80.2811737061,78221,78231,10
13.0863399506,80.281036377,78231,78241,10
13.0859804153,80.280921936,78241,78251,10
13.0856895447,80.280670166,78251,78261,10
13.0855998993,80.2801971436,78261,78271,10
13.0854501724,80.2796707153,78271,78282,11
13.084810257,80.279296875,78282,78292,10
13.084280014,80.2792129517,78292,78302,10
13.0836601257,80.2790985107,78302,78312,10
13.0830698013,80.2788619995,78312,78322,10
13.0825996399,80.2786865234,78322,78332,10
13.0821504593,80.2784500122,78332,78342,10
13.0819702148,80.2782516479,78342,78352,10
13.0819396973,80.2778778076,78352,78362,10
13.0818796158,80.277381897,78362,78372,10
13.0818004608,80.2767562866,78372,78382,10
13.0816497803,80.2760772705,78382,78393,11
13.0816001892,80.275718689,78393,78403,10
13.0815401077,80.2753982544,78403,78413,10
13.0813999176,80.2751998901,78413,78423,10
13.0811004639,80.2752227783,78423,78433,10
13.0807199478,80.2752609253,78433,78443,10
13.0802698135,80.2752990723,78443,78453,10
13.0797901154,80.275352478,78453,78463,10
13.0792398453,80.2752685547,78463,78473,10
13.0785503387,80.2752380371,78473,78483,10
13.0781602859,80.275932312,78483,78493,10
13.0775899887,80.2762374878,78493,78504,11
13.0767602921,80.2762985229,78504,78514,10
13.076089859,80.2763366699,78514,78524,10
13.075920105,80.2763290405,78524,78534,10
13.0758600235,80.2762527466,78534,78544,10
13.0759000778,80.275970459,78544,78554,10
13.0759401321,80.2756271362,78554,78564,10
13.0758600235,80.275100708,78564,78855,291
13.0758600235,80.275100708,78855,78865,10
13.0758695602,80.2749862671,78865,78875,10
13.0754003525,80.2748794556,78875,78885,10
13.0751199722,80.2750167847,78885,78895,10
