13.0142698288,80.2256469727,16,823,807
13.0142698288,80.2256469727,823,833,10
13.0140695572,80.2258377075,833,1025,192
13.0142402649,80.2257232666,1025,6444,5419
13.0142803192,80.2257232666,6444,6767,323
13.0142002106,80.2257080078,6767,14898,8131
13.0144395828,80.2258224487,14898,14968,70
13.0142002106,80.2256469727,14968,15150,182
13.0142002106,80.2256469727,15150,15160,10
13.0142097473,80.2255935669,15160,15230,70
13.0142097473,80.2255935669,15230,15241,11
13.0143499374,80.2256164551,15241,15977,736
13.0143499374,80.2256164551,15977,15987,10
13.0142402649,80.2256774902,15987,16159,172
13.0142402649,80.2256774902,16159,16169,10
13.014289856,80.2257003784,16169,16875,706
13.0143604279,80.2257995605,16875,17036,161
13.0143299103,80.2257003784,17036,17147,111
13.0143299103,80.2257003784,17147,17430,283
13.0145196915,80.2257232666,17430,17561,131
13.0140199661,80.2262496948,17561,17571,10
13.0143003464,80.2258300781,17571,17611,40
13.0098600388,80.2277374268,17611,17622,11
13.0092401505,80.2285614014,17622,17631,9
13.0098104477,80.2270202637,17631,17642,11
13.0101995468,80.22631073,17642,17652,10
13.0107097626,80.225151062,17652,17662,10
13.0110702515,80.2240982056,17662,17672,10
13.0114803314,80.2230377197,17672,17682,10
13.0107002258,80.2232971191,17682,17692,10
13.0100698471,80.2227783203,17692,17702,10
13.0093297958,80.2224731445,17702,17743,41
13.0054302216,80.2204589844,17743,17752,9
13.0045499802,80.2202377319,17752,17763,11
13.003490448,80.2200012207,17763,17773,10
13.0024900436,80.2195663452,17773,17783,10
13.001830101,80.2188568115,17783,17793,10
13.0013904572,80.2182998657,17793,17803,10
13.0005903244,80.2179031372,17803,17813,10
12.9997196198,80.217376709,17813,17823,10
12.9987401962,80.2168884277,17823,17833,10
12.9974603653,80.2165603638,17833,17854,21
12.9974603653,80.2165603638,17854,17862,8
12.9962701797,80.2165603638,17862,17874,12
12.9952201843,80.2166824341,17874,17884,10
12.9945898056,80.2173461914,17884,17894,10
12.9939699173,80.2178878784,17894,17904,10
12.9932403564,80.218421936,17904,17914,10
12.9925003052,80.2189407349,17914,17924,10
12.9917402267,80.2195129395,17924,17934,10
12.9909801483,80.2200393677,17934,17944,10
12.9903001785,80.2205123901,17944,18035,91
12.9840097427,80.2227783203,18035,18045,10
12.983499527,80.2222671509,18045,18055,10
12.9829101563,80.2216567993,18055,18106,51
12.9811096191,80.2211074829,18106,18116,10
12.9801502228,80.2210235596,18116,18126,10
12.9790496826,80.2211685181,18126,18136,10
12.9778995514,80.2212295532,18136,18146,10
12.9768400192,80.2212905884,18146,18156,10
12.9759902954,80.221321106,18156,18166,10
12.9756202698,80.2210235596,18166,18186,20
12.9756202698,80.2210235596,18186,18196,10
12.9755496979,80.2209014893,18196,18206,10
12.9750299454,80.2206115723,18206,18217,11
12.9741897583,80.2202606201,18217,18227,10
12.9731903076,80.2198562622,18227,18237,10
12.9721403122,80.2194900513,18237,18247,10
12.9712400436,80.2192382813,18247,18257,10
12.9710998535,80.2192001343,18257,18267,10
12.9707603455,80.219039917,18267,18277,10
12.9701099396,80.2187271118,18277,18287,10
12.9693698883,80.2184371948,18287,18297,10
12.9686403275,80.2181472778,18297,18307,10
12.9679203033,80.2178726196,18307,18317,10
12.9671602249,80.2175674438,18317,18328,11
12.9661397934,80.2171630859,18328,18338,10
12.9651603699,80.2167663574,18338,18348,10
12.9641199112,80.2163467407,18348,18358,10
12.963259697,80.2159500122,18358,18368,10
12.9628696442,80.2157897949,18368,18378,10
12.9624900818,80.2156295776,18378,18388,10
12.9617900848,80.21534729,18388,18398,10
12.960849762,80.2149810791,18398,18408,10
12.9597702026,80.2145462036,18408,18418,10
12.9587001801,80.2141189575,18418,18428,10
12.9575996399,80.2136764526,18428,18439,11
12.9563999176,80.2132034302,18439,18449,10
12.9553003311,80.2127990723,18449,18459,10
12.954199791,80.212348938,18459,18469,10
12.9531402588,80.2119369507,18469,18479,10
12.9520597458,80.2115402222,18479,18489,10
12.950969696,80.2111816406,18489,18499,10
12.9498500824,80.2107162476,18499,18509,10
12.9488601685,80.2103500366,18509,18519,10
12.948559761,80.2102279663,18519,18529,10
12.948220253,80.2100830078,18529,18539,10
12.9474601746,80.2098007202,18539,18550,11
12.9463796616,80.2093429565,18550,18560,10
12.945309639,80.2088623047,18560,18570,10
12.9443902969,80.2084579468,18570,18580,10
12.9440698624,80.2083435059,18580,18590,10
12.9440002441,80.2083129883,18590,18600,10
12.9435596466,80.2081298828,18600,18610,10
12.9429397583,80.2077026367,18610,18620,10
12.9423303604,80.2069625854,18620,18630,10
12.9415102005,80.2062911987,18630,18640,10
12.940990448,80.2060012817,18640,18650,10
12.9408302307,80.2059326172,18650,18660,10
12.9402999878,80.2057418823,18660,18671,11
12.9394702911,80.2054977417,18671,18681,10
12.9385499954,80.2052078247,18681,18691,10
12.9374704361,80.2049102783,18691,18701,10
12.9364204407,80.2045974731,18701,18711,10
12.9355201721,80.2043304443,18711,18721,10
12.934679985,80.2040023804,18721,18731,10
12.933719635,80.2039489746,18731,18740,9
12.9329900742,80.2037582397,18740,18751,11
12.9319696426,80.20337677,18751,18761,10
12.9310102463,80.2030563354,18761,18771,10
12.9302597046,80.2029037476,18771,18782,11
12.9294996262,80.2028427124,18782,18792,10
12.9294595718,80.2028198242,18792,18802,10
12.9290399551,80.2027816772,18802,18812,10
12.9284896851,80.2025299072,18812,18822,10
12.9284696579,80.2016983032,18822,18832,10
12.928440094,80.200630188,18832,18842,10
12.9282503128,80.1994934082,18842,18852,10
12.9278001785,80.1985015869,18852,18862,10
12.9270496368,80.197807312,18862,18872,10
12.9263296127,80.1975097656,18872,18883,11
12.9261798859,80.1976165771,18883,18893,10
12.9256601334,80.197593689,18893,18903,10
12.9253797531,80.1975784302,18903,18913,10
12.9249401093,80.1975631714,18913,18923,10
12.9241895676,80.1975631714,18923,18933,10
12.9232797623,80.1975097656,18933,18943,10
12.9222402573,80.1973724365,18943,18953,10
12.9212598801,80.1970825195,18953,18963,10
12.9203596115,80.1967315674,18963,18973,10
12.919500351,80.1963882446,18973,18983,10
12.9188404083,80.1958389282,18983,18993,10
12.9181604385,80.1951599121,18993,19004,11
12.9174499512,80.1945114136,19004,19014,10
12.9171695709,80.1942214966,19014,19024,10
12.9171600342,80.1942062378,19024,19034,10
12.9170103073,80.1936187744,19034,19044,10
12.9170598984,80.1928329468,19044,19054,10
12.9169197083,80.1922988892,19054,19064,10
12.9167098999,80.1923217773,19064,19074,10
12.9166402817,80.1924362183,19074,19104,30
12.9160203934,80.1923904419,19104,19114,10
12.9152498245,80.1923294067,19114,19125,11
12.914150238,80.1922225952,19125,19135,10
12.9131298065,80.1921310425,19135,19286,151
12.9032001495,80.184463501,19286,19296,10
12.902179718,80.184173584,19296,19306,10
12.9011297226,80.1838531494,19306,19316,10
12.9000797272,80.1834030151,19316,19326,10
12.8990402222,80.1828613281,19326,19336,10
12.8980102539,80.1823425293,19336,19347,11
12.8972597122,80.1820602417,19347,19357,10
12.8967399597,80.1820297241,19357,19367,10
12.8966598511,80.181678772,19367,19377,10
12.8959598541,80.1813430786,19377,19387,10
12.8950595856,80.1808319092,19387,19397,10
12.8940601349,80.1803283691,19397,19417,20
12.8932199478,80.1799087524,19417,19427,10
12.892999649,80.1793823242,19427,19437,10
12.8925800323,80.1785812378,19437,19448,11
12.8920202255,80.1775970459,19448,19468,20
12.8908996582,80.1755523682,19468,19478,10
12.8904104233,80.1746368408,19478,19488,10
12.889960289,80.1739578247,19488,19579,91
12.8832302094,80.1711425781,19579,19589,10
12.8824996948,80.1706085205,19589,19599,10
12.8818998337,80.171081543,19599,19609,10
12.8814897537,80.1710586548,19609,19619,10
12.8805799484,80.1705474854,19619,19629,10
12.8797798157,80.1701965332,19629,19639,10
12.8757696152,80.1709213257,19639,19680,41
12.8757696152,80.1709213257,19680,19690,10
12.8753499985,80.1711807251,19690,19717,27
12.8729000092,80.1727905273,19717,19727,10
12.8718996048,80.1734466553,19727,19737,10
12.870929718,80.1741027832,19737,19748,11
12.8698797226,80.1747970581,19748,19788,40
12.8660001755,80.1758270264,19788,19799,11
12.8649301529,80.1756820679,19799,19869,70
12.8604803085,80.1731872559,19869,19879,10
12.8593502045,80.172668457,19879,19940,61
12.856300354,80.1721572876,19940,19950,10
12.8560304642,80.1720428467,19950,19960,10
12.8554000854,80.1718597412,19960,19970,10
12.8545398712,80.1716003418,19970,19980,10
12.8534202576,80.1713104248,19980,19990,10
12.852230072,80.1710662842,19990,20011,21
12.8498601913,80.1708526611,20011,20021,10
12.8486795425,80.1706771851,20021,20041,20
12.8463497162,80.1701965332,20041,20051,10
12.8451700211,80.1701812744,20051,20061,10
12.8439903259,80.1702194214,20061,20071,10
12.8429298401,80.1699829102,20071,20081,10
12.8418102264,80.1699676514,20081,20091,10
12.8407001495,80.1699829102,20091,20101,10
12.8397102356,80.1700134277,20101,20111,10
12.8386497498,80.1698226929,20111,20122,11
12.8380403519,80.1693572998,20122,20131,9
12.8378896713,80.1692810059,20131,20142,11
12.8374500275,80.1692962646,20142,20171,29
12.8367595673,80.1688690186,20171,20182,11
12.8364400864,80.1685714722,20182,20192,10
12.8361196518,80.1685714722,20192,20202,10
12.8359603882,80.1685333252,20202,20242,40
12.8342895508,80.1670303345,20242,20253,11
12.8332395554,80.1665267944,20253,20263,10
12.8323297501,80.1661376953,20263,20273,10
12.8313999176,80.1657867432,20273,20283,10
12.8304901123,80.1654434204,20283,20293,10
12.8293399811,80.1653671265,20293,20303,10
12.8285102844,80.1652374268,20303,20313,10
12.82791996,80.1652069092,20313,20323,10
12.8274097443,80.1651916504,20323,20343,20
12.8277397156,80.1652069092,20343,20646,303
12.8277397156,80.1652069092,20646,20656,10
12.8276195526,80.1652526855,20656,20666,10
12.8272800446,80.1653289795,20666,20686,20
12.8267698288,80.1646270752,20686,20696,10
12.8261203766,80.1642303467,20696,20707,11
12.8253097534,80.1637802124,20707,20717,10
12.8245096207,80.1633529663,20717,20727,10
12.8236398697,80.1627807617,20727,20737,10
12.8225803375,80.1623001099,20737,20747,10
12.8214797974,80.1618728638,20747,20757,10
12.8203697205,80.1613998413,20757,20767,10
12.8193798065,80.1609802246,20767,20777,10
12.8184700012,80.1605834961,20777,20787,10
12.8180704117,80.1604385376,20787,20797,10
12.817700386,80.1603469849,20797,20807,10
12.8171701431,80.1602096558,20807,20818,11
12.8163204193,80.1600189209,20818,20828,10
12.8155603409,80.1598510742,20828,20838,10
12.8150596619,80.1597595215,20838,20848,10
12.8149299622,80.1597366333,20848,20858,10
12.8143796921,80.1596374512,20858,20868,10
12.8136901855,80.1594772339,20868,20878,10
12.8128995895,80.159286499,20878,20888,10
12.8118400574,80.1593017578,20888,20898,10
12.8116598129,80.1594161987,20898,20908,10
12.8113002777,80.1595306396,20908,20918,10
12.8107995987,80.1596603394,20918,20928,10
12.8103103638,80.1596832275,20928,20939,11
12.8100004196,80.1595535278,20939,20959,20
12.8100004196,80.1595535278,20959,20969,10
12.8101301193,80.1596603394,20969,20989,20
12.8100500107,80.1597213745,20989,21050,61
12.8100099564,80.1597366333,21050,21070,20
12.8101596832,80.1596069336,21070,21090,20
12.8102703094,80.1595611572,21090,21130,40
12.8101797104,80.1597213745,21130,21635,505
12.810259819,80.15965271,21635,21736,101
12.8102197647,80.1597366333,21736,22876,1140
12.8102197647,80.1597366333,22876,22896,20
12.810259819,80.1596298218,22896,23047,151
12.8102302551,80.1597213745,23047,23158,111
12.8102302551,80.1597213745,23158,23168,10
12.8105096817,80.1597366333,23168,23178,10
12.8109998703,80.15965271,23178,23188,10
12.8115997314,80.1594619751,23188,23198,10
12.8116502762,80.1594467163,23198,23208,10
12.8117399216,80.1594161987,23208,23218,10
12.8122797012,80.1593399048,23218,23229,11
12.8131599426,80.1595230103,23229,23239,10
12.8141498566,80.1596374512,23239,23249,10
12.8151903152,80.1598205566,23249,23259,10
12.8162498474,80.1600494385,23259,23269,10
12.8172397614,80.1602706909,23269,23279,10
12.8178501129,80.16040802,23279,23289,10
12.8182201385,80.1604995728,23289,23299,10
12.8185396194,80.1606063843,23299,23309,10
12.8191995621,80.1609191895,23309,23319,10
12.8211803436,80.161781311,23319,23329,10
12.8211803436,80.161781311,23329,23340,11
12.8223400116,80.1622695923,23340,23348,8
12.8232002258,80.1626205444,23348,23367,19
12.8250102997,80.1636962891,23367,23377,10
12.825969696,80.1641921997,23377,23387,10
12.8268203735,80.1647186279,23387,23397,10
12.8274402618,80.1651077271,23397,23417,20
12.8274402618,80.1651077271,23417,23427,10
12.8277101517,80.1651687622,23427,23437,10
12.827750206,80.1651763916,23437,23447,10
12.8279399872,80.1652069092,23447,23458,11
12.8286304474,80.1652832031,23458,23468,10
12.8296003342,80.1653900146,23468,23478,10
12.8307199478,80.1656112671,23478,23488,10
12.8318500519,80.1659317017,23488,23498,10
12.8329496384,80.1664199829,23498,23508,10
12.8339996338,80.1670303345,23508,23518,10
12.8350095749,80.1676177979,23518,23528,10
12.8356895447,80.1678466797,23528,23538,10
12.835940361,80.168258667,23538,23548,10
12.8362398148,80.1686325073,23548,23558,10
12.8364896774,80.1687164307,23558,23569,11
12.8367900848,80.1688232422,23569,23579,10
12.8370599747,80.1689300537,23579,23589,10
12.8372402191,80.1691436768,23589,23599,10
12.837679863,80.1693725586,23599,23609,10
12.8382196426,80.169593811,23609,23619,10
12.8384504318,80.1696929932,23619,23629,10
12.8385696411,80.1697235107,23629,23639,10
12.8389196396,80.169883728,23639,23649,10
12.8393201828,80.1700592041,23649,23659,10
12.8406400681,80.1699295044,23659,23669,10
12.8415603638,80.1700973511,23669,23690,21
12.8444099426,80.1700973511,23690,23700,10
12.8453998566,80.1702194214,23700,23710,10
12.8465204239,80.1702575684,23710,23720,10
12.8476400375,80.1703491211,23720,23730,10
12.8487901688,80.1705169678,23730,23740,10
12.8499603271,80.1707382202,23740,23750,10
12.8510799408,80.1709976196,23750,23760,10
12.8521404266,80.1711730957,23760,23770,10
12.8532304764,80.1713790894,23770,23780,10
12.8544902802,80.1716079712,23780,23790,10
12.8557300568,80.1718292236,23790,23801,11
12.8572397232,80.1720428467,23801,23841,40
12.8570804596,80.1724319458,23841,23851,10
12.8571996689,80.1726074219,23851,23871,20
12.8577604294,80.1724014282,23871,23881,10
12.8583097458,80.1725311279,23881,23891,10
12.8592100143,80.1727828979,23891,23912,21
12.8602600098,80.1730194092,23912,23922,10
12.8609304428,80.1731491089,23922,24012,90
12.867389679,80.1759262085,24012,24023,11
12.8683700562,80.1759414673,24023,24033,10
12.8692703247,80.1752090454,24033,24043,10
12.8702402115,80.1745071411,24043,24053,10
12.8710603714,80.1738891602,24053,24063,10
12.8722000122,80.1731491089,24063,24071,8
12.8770799637,80.1703796387,24071,24140,69
12.8770799637,80.1703796387,24140,24229,89
12.8819799423,80.1712112427,24229,24240,11
12.8827199936,80.1707000732,24240,24251,11
12.8829898834,80.1708297729,24251,24261,10
12.8835601807,80.1711273193,24261,24271,10
12.8843202591,80.1715087891,24271,24281,10
12.8851995468,80.1719970703,24281,24291,10
12.8862304688,80.1725082397,24291,24301,10
12.8872900009,80.1730499268,24301,24311,10
12.8882904053,80.1735687256,24311,24321,10
12.8893499374,80.1740188599,24321,24331,10
12.8895597458,80.1742019653,24331,24341,10
12.8898296356,80.1744003296,24341,24352,11
12.890080452,80.1744613647,24352,24361,9
12.890540123,80.1748199463,24361,24372,11
12.890879631,80.175743103,24372,24412,40
12.8916501999,80.1766891479,24412,24422,10
12.8918304443,80.1769866943,24422,24432,10
12.8922996521,80.1774978638,24432,24442,10
12.8925800323,80.1784973145,24442,24452,10
12.8930797577,80.1793365479,24452,24462,10
12.893699646,80.1800613403,24462,24473,11
12.8942499161,80.1802597046,24473,24553,80
12.8953504562,80.180847168,24553,24563,10
12.8961296082,80.1812286377,24563,24594,31
12.8976097107,80.1820220947,24594,24614,20
12.8976097107,80.1820220947,24614,24624,10
12.8978300095,80.1822128296,24624,24634,10
12.8983802795,80.1824798584,24634,24644,10
12.8990697861,80.1828079224,24644,24654,10
12.8999004364,80.1832199097,24654,24664,10
12.9007797241,80.1837310791,24664,24674,10
12.901889801,80.1840515137,24674,24685,11
12.9030199051,80.1843566895,24685,24693,8
12.9037399292,80.1845397949,24693,24705,12
12.9040803909,80.1854476929,24705,24715,10
12.9040298462,80.1864624023,24715,24725,10
12.9041500092,80.1874313354,24725,24735,10
12.9049701691,80.18800354,24735,24745,10
12.9059095383,80.1885910034,24745,24755,10
12.9066400528,80.1890411377,24755,24765,10
12.9072399139,80.1893997192,24765,24785,20
12.906920433,80.1892318726,24785,24796,11
12.9073200226,80.1895370483,24796,24815,19
12.9079504013,80.1901473999,24815,24826,11
12.9085102081,80.1904907227,24826,24836,10
12.9090499878,80.1909179688,24836,24856,20
12.9106798172,80.1916732788,24856,24866,10
12.911239624,80.1917572021,24866,24876,10
12.9116897583,80.1918106079,24876,24967,91
12.9175100327,80.1915969849,24967,24977,10
12.9172801971,80.1920013428,24977,24987,10
12.9173202515,80.1917114258,24987,25007,20
12.9172496796,80.1916885376,25007,25017,10
12.9177103043,80.1913909912,25017,25028,11
12.9183301926,80.1912078857,25028,25036,8
12.9173603058,80.1902999878,25036,25048,12
12.9175701141,80.1904830933,25048,25058,10
12.9175395966,80.1909866333,25058,25068,10
12.9175901413,80.1916732788,25068,25078,10
12.9172000885,80.1924514771,25078,25088,10
12.917140007,80.1931304932,25088,25098,10
12.9172096252,80.1932220459,25098,25108,10
12.9173202515,80.1931686401,25108,25118,10
12.9172296524,80.1932067871,25118,25128,10
12.9173402786,80.1933898926,25128,25148,20
12.9179601669,80.1950302124,25148,25159,11
12.9188499451,80.1958465576,25159,25169,10
12.9198703766,80.1965026855,25169,25179,10
12.9209499359,80.1968688965,25179,25189,10
12.9219198227,80.1971969604,25189,25209,20
12.9233598709,80.1973419189,25209,25219,10
12.9235601425,80.1974105835,25219,25229,10
12.9241104126,80.1974487305,25229,25239,10
12.9249000549,80.1974487305,25239,25249,10
12.9253101349,80.1974487305,25249,25259,10
12.9256696701,80.1974563599,25259,25270,11
12.926320076,80.1975097656,25270,25280,10
12.9264297485,80.1975326538,25280,25290,10
12.9265203476,80.1975631714,25290,25300,10
12.9269199371,80.1977386475,25300,25310,10
12.9275102615,80.1981277466,25310,25320,10
12.9280099869,80.1988220215,25320,25330,10
12.9284000397,80.1996688843,25330,25340,10
12.9284896851,80.200881958,25340,25350,10
12.9285402298,80.2020568848,25350,25360,10
12.9289197922,80.2026901245,25360,25371,11
12.9293298721,80.2027282715,25371,25380,9
12.9293203354,80.2028198242,25380,25391,11
12.929309845,80.2028121948,25391,25401,10
12.9293403625,80.2027130127,25401,25411,10
12.929400444,80.202796936,25411,25421,10
12.930560112,80.2029190063,25421,25431,10
12.9313001633,80.2031173706,25431,25441,10
12.9322299957,80.2034378052,25441,25451,10
12.9331703186,80.2037200928,25451,25461,10
12.933839798,80.2038192749,25461,25481,20
12.933839798,80.2038192749,25481,25491,10
12.9339504242,80.2038574219,25491,25502,11
12.9345397949,80.2039337158,25502,25512,10
12.935259819,80.2041625977,25512,25522,10
12.9361095428,80.2044906616,25522,25532,10
12.9371204376,80.2047729492,25532,25542,10
12.9380702972,80.205039978,25542,25552,10
12.9388799667,80.2052993774,25552,25562,10
12.9393396378,80.205406189,25562,25572,10
12.9398097992,80.2055511475,25572,25582,10
12.9400396347,80.205619812,25582,25592,10
12.9400501251,80.205657959,25592,25602,10
12.9404201508,80.2057571411,25602,25613,11
12.9410800934,80.205947876,25613,25623,10
12.9416799545,80.2061462402,25623,25683,60
12.9444904327,80.2082519531,25683,25693,10
12.9448900223,80.2084274292,25693,25704,11
12.9455404282,80.208480835,25704,25723,19
12.947259903,80.2093811035,25723,25734,11
12.9481801987,80.2096176147,25734,25744,10
12.9486703873,80.2098083496,25744,25754,10
12.9489202499,80.2099609375,25754,25764,10
12.9488801956,80.2100372314,25764,25774,10
12.9491100311,80.2101364136,25774,25784,10
12.949640274,80.2104034424,25784,25794,10
12.9502696991,80.2108001709,25794,25804,10
12.9516000748,80.2109375,25804,25814,10
12.9522695541,80.21144104,25814,25825,11
12.9535703659,80.2119674683,25825,25845,20
12.9535703659,80.2119674683,25845,25855,10
12.9536399841,80.212020874,25855,25865,10
12.9540596008,80.2121734619,25865,25875,10
12.9546804428,80.2124176025,25875,25885,10
12.9554595947,80.2127227783,25885,25895,10
12.9563102722,80.2130584717,25895,25905,10
12.9573097229,80.2134475708,25905,25915,10
12.9583597183,80.2138519287,25915,25925,10
12.9591999054,80.2142028809,25925,25935,10
12.959810257,80.2144775391,25935,25945,10
12.960559845,80.2147674561,25945,25956,11
12.9614801407,80.2151412964,25956,25966,10
12.9624700546,80.2155075073,25966,25976,10
12.9635000229,80.2158889771,25976,25986,10
12.9641704559,80.216178894,25986,25996,10
12.9645500183,80.2164382935,25996,26006,10
12.9641399384,80.2161483765,26006,26016,10
12.9643602371,80.2162704468,26016,26026,10
12.9648895264,80.2164916992,26026,26036,10
12.9656000137,80.2167282104,26036,26046,10
12.9667196274,80.2173690796,26046,26056,10
12.9667196274,80.2173690796,26056,26067,11
12.9675397873,80.2175979614,26067,26075,8
12.9680204391,80.2179107666,26075,26097,22
12.9703502655,80.2186965942,26097,26107,10
12.9713697433,80.2190170288,26107,26117,10
12.9712400436,80.2188873291,26117,26127,10
12.9713897705,80.2189483643,26127,26137,10
12.971739769,80.2191390991,26137,26147,10
12.972319603,80.2194137573,26147,26158,11
12.973110199,80.2197418213,26158,26167,9
12.9740200043,80.220199585,26167,26178,11
12.9750995636,80.2206268311,26178,26198,20
12.9759197235,80.2210617065,26198,26208,10
12.9760103226,80.2212600708,26208,26218,10
12.9760799408,80.2212371826,26218,26228,10
12.9759998322,80.2212219238,26228,26238,10
12.976149559,80.221282959,26238,26248,10
12.9764795303,80.2212905884,26248,26258,10
12.9770097733,80.2212982178,26258,26268,10
12.9777898788,80.2211303711,26268,26279,11
12.9786500931,80.2210693359,26279,26329,50
12.9821500778,80.2216567993,26329,26339,10
12.9824399948,80.2218017578,26339,26349,10
12.9826097488,80.2219467163,26349,26359,10
12.9826402664,80.2219696045,26359,26369,10
12.9828701019,80.2219085693,26369,26379,10
12.9831495285,80.2220993042,26379,26389,10
12.9835500717,80.2223815918,26389,26430,41
12.9854898453,80.2230987549,26430,26460,30
12.9864501953,80.2229309082,26460,26470,10
12.9866399765,80.2229537964,26470,26480,10
12.9869699478,80.2229995728,26480,26490,10
12.9873199463,80.2230682373,26490,26500,10
12.987859726,80.2229766846,26500,26509,9
12.9883203506,80.222618103,26509,26521,12
12.9888896942,80.2222137451,26521,26531,10
12.9893398285,80.2218780518,26531,26551,20
12.9902095795,80.2204971313,26551,26561,10
12.9908103943,80.2201538086,26561,26571,10
12.9904603958,80.2203598022,26571,26581,10
12.9908504486,80.2200317383,26581,26591,10
12.9914197922,80.2196273804,26591,26601,10
12.9919996262,80.2191772461,26601,26652,51
12.9959001541,80.2166366577,26652,26662,10
12.996720314,80.2165298462,26662,26672,10
12.9973402023,80.216468811,26672,26682,10
12.9977502823,80.2164611816,26682,26692,10
12.9975004196,80.2164077759,26692,26702,10
12.9978704453,80.2164764404,26702,26712,10
12.998339653,80.2166366577,26712,26722,10
12.9989900589,80.2169494629,26722,26733,11
12.9997797012,80.2173690796,26733,26803,70
13.0049800873,80.2202682495,26803,26813,10
13.005490303,80.2203826904,26813,26823,10
13.0062599182,80.2205200195,26823,26833,10
13.0071201324,80.2208633423,26833,26843,10
13.0081195831,80.2214202881,26843,26853,10
13.0091896057,80.2219924927,26853,26864,11
13.0103902817,80.22265625,26864,26874,10
13.0112600327,80.2230911255,26874,26883,9
13.0114202499,80.2230987549,26883,26894,11
13.011590004,80.2227935791,26894,26904,10
13.0117998123,80.2221832275,26904,26914,10
13.0121498108,80.2214736938,26914,26924,10
13.0125398636,80.2216567993,26924,26934,10
13.0129404068,80.222038269,26934,26983,49
13.0151395798,80.2247772217,26983,26993,10
13.01541996,80.224937439,26993,27003,10
13.0157203674,80.2250976563,27003,27013,10
13.015709877,80.2248077393,27013,27043,30
13.0172996521,80.2249832153,27043,27053,10
13.0183296204,80.2246017456,27053,27063,10
13.0194301605,80.224357605,27063,27073,10
13.0198497772,80.2245864868,27073,27084,11
13.0200195313,80.2247314453,27084,27104,20
13.0199899673,80.2247619629,27104,27114,10
13.0204601288,80.2250595093,27114,27124,10
13.0210504532,80.2256317139,27124,27174,50
13.0223903656,80.2265625,27174,27185,11
13.0227899551,80.2269363403,27185,27205,20
13.0243701935,80.2284469604,27205,27215,10
13.0248804092,80.2291412354,27215,27225,10
13.0255298615,80.2300186157,27225,27235,10
13.0259199142,80.2308578491,27235,27245,10
13.0261297226,80.2313995361,27245,27255,10
13.0263996124,80.2314910889,27255,27265,10
13.0272703171,80.2309265137,27265,27275,10
13.0280799866,80.2309875488,27275,27285,10
13.0286302567,80.2308731079,27285,27295,10
13.0286598206,80.2308578491,27295,27305,10
13.0290699005,80.2308578491,27305,27315,10
13.0296096802,80.2308197021,27315,27326,11
13.0303697586,80.230758667,27326,27336,10
13.0311203003,80.2306671143,27336,27346,10
13.0320100784,80.2305831909,27346,27356,10
13.0329504013,80.23046875,27356,27366,10
13.0338201523,80.2304000854,27366,27376,10
13.0344896317,80.2302932739,27376,27386,10
13.0342197418,80.2305221558,27386,27395,9
13.0344600677,80.2303924561,27395,27406,11
13.0349397659,80.2300796509,27406,27426,20
13.0349397659,80.2300796509,27426,27437,11
13.035030365,80.2301101685,27437,27447,10
13.0348901749,80.2300109863,27447,27971,524
13.0347900391,80.2299575806,27971,28092,121
13.0348701477,80.2300186157,28092,28183,91
13.0348997116,80.2299880981,28183,28223,40
13.034819603,80.2299728394,28223,28415,192
13.0345001221,80.2298583984,28415,29252,837
13.0345001221,80.2298583984,29252,29262,10
13.0344400406,80.2298965454,29262,29363,101
13.0341997147,80.2301635742,29363,29383,20
13.0341997147,80.2301635742,29383,29394,11
13.0341501236,80.2304534912,29394,29404,10
13.0339403152,80.2304611206,29404,29414,10
13.0333795547,80.2304382324,29414,29424,10
13.0325899124,80.2305374146,29424,29434,10
13.0316896439,80.2306289673,29434,29444,10
13.0309400558,80.23072052,29444,29454,10
13.0306501389,80.23072052,29454,29464,10
13.0302095413,80.2307662964,29464,29474,10
13.0299701691,80.230758667,29474,29484,10
13.0298204422,80.2308197021,29484,29494,10
13.0295000076,80.2308578491,29494,29504,10
13.0288496017,80.2309112549,29504,29515,11
13.0280599594,80.2309799194,29515,29525,10
13.0277004242,80.2311096191,29525,29535,10
13.0277004242,80.2315979004,29535,29545,10
13.0277700424,80.2321090698,29545,29555,10
13.027879715,80.2326889038,29555,29565,10
13.0273599625,80.2328872681,29565,29575,10
13.0270299911,80.2329788208,29575,29626,51
13.0270299911,80.2329788208,29626,29636,10
13.0269098282,80.233001709,29636,29646,10
13.0265703201,80.2330169678,29646,29656,10
13.0263795853,80.2325592041,29656,29666,10
13.0261201859,80.2317733765,29666,29676,10
13.0258197784,80.2307128906,29676,29686,10
13.0252599716,80.2297363281,29686,29696,10
13.0248603821,80.2294235229,29696,29706,10
13.0247802734,80.229309082,29706,29716,10
13.0245704651,80.2290420532,29716,29726,10
13.0242099762,80.2284622192,29726,29737,11
13.0239095688,80.2278518677,29737,29747,10
13.0233097076,80.2274780273,29747,29757,10
13.0231304169,80.2273483276,29757,29767,10
13.0230503082,80.2275314331,29767,29787,20
13.0230503082,80.2275314331,29787,29797,10
13.0228300095,80.2273025513,29797,29807,10
13.0225296021,80.2268218994,29807,29817,10
13.0219402313,80.2263031006,29817,29827,10
13.0211801529,80.2257232666,29827,29837,10
13.020529747,80.2252807617,29837,29847,10
13.0202999115,80.2251434326,29847,29858,11
13.0200195313,80.2249221802,29858,29868,10
13.0195302963,80.224609375,29868,29878,10
13.0187101364,80.2245864868,29878,29888,10
13.017829895,80.224937439,29888,29898,10
13.0169801712,80.2253036499,29898,29908,10
13.0164203644,80.2255172729,29908,29918,10
13.0158901215,80.2257080078,29918,29928,10
13.0152101517,80.2259902954,29928,29938,10
13.0146198273,80.2262268066,29938,29949,11
13.0144300461,80.2261810303,29949,29969,20
13.0144300461,80.2261810303,29969,29979,10
13.0142097473,80.2263565063,29979,29989,10
13.0137195587,80.2265396118,29989,29999,10
13.0130300522,80.2267913818,29999,30009,10
13.0121803284,80.2270812988,30009,30019,10
13.0111703873,80.2274703979,30019,30029,10
13.010140419,80.2278823853,30029,30039,10
13.0094995499,80.2276611328,30039,30049,10
13.0097703934,80.2269821167,30049,30059,10
13.0102596283,80.2258377075,30059,30069,10
13.0105400085,80.2251663208,30069,30080,11
13.0109901428,80.2241287231,30080,30090,10
13.0112695694,80.2235717773,30090,30100,10
13.0109596252,80.2230072021,30100,30110,10
13.0104799271,80.2227020264,30110,30120,10
13.0104703903,80.2228164673,30120,30130,10
13.0101900101,80.2225799561,30130,30140,10
13.0097303391,80.2223434448,30140,30150,10
13.0090904236,80.2220230103,30150,30160,10
13.0083398819,80.2216110229,30160,30170,10
13.0074796677,80.2211608887,30170,30180,10
13.0065698624,80.2206878662,30180,30190,10
13.005689621,80.2204589844,30190,30201,11
13.0048103333,80.2203063965,30201,30211,10
13.0045700073,80.2203903198,30211,30221,10
13.0045604706,80.2202301025,30221,30231,10
13.0041999817,80.220199585,30231,30241,10
13.0034103394,80.2200469971,30241,30251,10
13.002579689,80.2199630737,30251,30261,10
13.0019197464,80.2189788818,30261,30271,10
13.0012798309,80.2182312012,30271,30312,41
12.9973897934,80.2165603638,30312,30342,30
12.9973897934,80.2165603638,30342,30362,20
12.9967603683,80.2165985107,30362,30372,10
12.9960899353,80.216583252,30372,30493,121
12.9907999039,80.2201004028,30493,30503,10
12.9905395508,80.2203903198,30503,30532,29
12.9885597229,80.2224884033,30532,30544,12
12.9877595901,80.2231674194,30544,30552,8
12.9875802994,80.2231521606,30552,30572,20
12.9874000549,80.2231063843,30572,30582,10
12.9871196747,80.2229690552,30582,30632,50
12.9841995239,80.2227478027,30632,30643,11
12.9839496613,80.2226333618,30643,30653,10
12.9837598801,80.2225189209,30653,30663,10
12.9835996628,80.222442627,30663,30673,10
12.9832201004,80.2222976685,30673,30683,10
12.9829797745,80.2222137451,30683,30703,20
12.9830598831,80.2221221924,30703,30713,10
12.9827299118,80.2219390869,30713,30723,10
12.9824895859,80.2218399048,30723,30733,10
12.9820299149,80.2216415405,30733,30743,10
12.9814996719,80.2212295532,30743,30753,10
12.9806699753,80.2210464478,30753,30763,10
12.9798202515,80.2210922241,30763,30774,11
12.9788198471,80.2211608887,30774,30784,10
12.9779596329,80.2211837769,30784,30794,10
12.9771604538,80.2212295532,30794,30804,10
12.976360321,80.2212677002,30804,30814,10
12.9756603241,80.2210769653,30814,30874,60
12.9756603241,80.2210769653,30874,30885,11
12.9755601883,80.2209701538,30885,30895,10
12.9752101898,80.2207489014,30895,30905,10
12.9745798111,80.220451355,30905,30915,10
12.9738101959,80.2201309204,30915,30925,10
12.9729299545,80.2197723389,30925,30935,10
12.9719495773,80.2194137573,30935,30945,10
12.971280098,80.2192382813,30945,30955,10
12.9709796906,80.2191619873,30955,30996,41
12.9709796906,80.2191619873,30996,31006,10
12.9706201553,80.2189483643,31006,31016,10
12.9701099396,80.2187194824,31016,31026,10
12.9695701599,80.2185211182,31026,31036,10
12.9690198898,80.2183074951,31036,31046,10
12.9684896469,80.2181167603,31046,31056,10
12.968000412,80.2179107666,31056,31066,10
12.9675102234,80.2176818848,31066,31076,10
12.9668102264,80.2173919678,31076,31086,10
12.966170311,80.2171173096,31086,31096,10
12.9659700394,80.2169799805,31096,31105,9
12.9657697678,80.217010498,31105,31238,133
12.9657697678,80.217010498,31238,31248,10
12.9653701782,80.2168426514,31248,31258,10
12.9645996094,80.2165222168,31258,31268,10
12.9639101028,80.216217041,31268,31278,10
12.9635400772,80.2160491943,31278,31288,10
12.963350296,80.2159500122,31288,31298,10
12.9629497528,80.2157821655,31298,31308,10
12.9629898071,80.2157516479,31308,31328,20
12.9629898071,80.2157516479,31328,31338,10
12.9628601074,80.2156982422,31338,31349,11
12.9624300003,80.2155532837,31349,31359,10
12.9618501663,80.2153396606,31359,31369,10
12.961139679,80.2150726318,31369,31379,10
12.9603204727,80.2147369385,31379,31389,10
12.9593896866,80.2143707275,31389,31399,10
12.9583597183,80.2139587402,31399,31409,10
12.9573497772,80.2135467529,31409,31419,10
12.9562902451,80.213142395,31419,31429,10
12.9552402496,80.2127380371,31429,31439,10
12.9538698196,80.2122268677,31439,31470,31
12.9538698196,80.2122268677,31470,31480,10
12.9538602829,80.2122116089,31480,31490,10
12.9535398483,80.2120666504,31490,31500,10
12.9531898499,80.2119369507,31500,31510,10
12.9526395798,80.2117462158,31510,31520,10
12.9519395828,80.2114868164,31520,31530,10
12.9511804581,80.211227417,31530,31540,10
12.9502897263,80.210899353,31540,31550,10
12.9493198395,80.2105102539,31550,31560,10
12.9487199783,80.2102813721,31560,31570,10
12.9486303329,80.2102279663,31570,31581,11
12.9486703873,80.2102584839,31581,31591,10
12.9487400055,80.210357666,31591,31601,10
12.9485998154,80.2102737427,31601,31611,10
12.9481697083,80.2100601196,31611,31621,10
12.9474401474,80.2098007202,31621,31631,10
12.9465703964,80.2094421387,31631,31641,10
12.9455795288,80.2089920044,31641,31651,10
12.9443101883,80.2084503174,31651,31671,20
12.9443101883,80.2084503174,31671,31681,10
12.9442501068,80.208442688,31681,31691,10
12.9438800812,80.2082595825,31691,31702,11
12.9432897568,80.2080001831,31702,31712,10
12.9430999756,80.2078399658,31712,31722,10
12.9430999756,80.2078323364,31722,31732,10
12.9429597855,80.207649231,31732,31742,10
12.942779541,80.2073974609,31742,31752,10
12.9425096512,80.2070922852,31752,31762,10
12.942029953,80.2066726685,31762,31772,10
12.9414796829,80.2062606812,31772,31782,10
12.9411096573,80.2060775757,31782,31802,20
12.9411096573,80.2060775757,31802,31813,11
12.9410200119,80.2060165405,31813,31823,10
12.940779686,80.2059326172,31823,31833,10
12.9405698776,80.2058563232,31833,31843,10
12.9401502609,80.2057189941,31843,31853,10
12.9395799637,80.2055435181,31853,31863,10
12.9389200211,80.2053375244,31863,31873,10
12.938249588,80.2051315308,31873,31883,10
12.9375495911,80.2049407959,31883,31893,10
12.936829567,80.2047271729,31893,31903,10
12.9361095428,80.2045288086,31903,31913,10
12.9359502792,80.2044677734,31913,31924,11
12.9356498718,80.2043685913,31924,31934,10
12.9351902008,80.2041397095,31934,31944,10
12.9345302582,80.2040100098,31944,31954,10
12.9338998795,80.203956604,31954,31993,39
12.9338998795,80.203956604,31993,32012,19
12.9336204529,80.203956604,32012,32022,10
12.9331502914,80.2038421631,32022,32032,10
12.9325199127,80.2035675049,32032,32043,11
12.9317398071,80.2032928467,32043,32053,10
12.9310102463,80.2030563354,32053,32063,10
12.9307098389,80.2029800415,32063,32073,10
12.9302797318,80.2029037476,32073,32083,10
12.9301595688,80.2029037476,32083,32093,10
12.9298801422,80.2028579712,32093,32103,10
12.9296503067,80.2028427124,32103,32113,10
12.9296102524,80.2028579712,32113,32123,10
12.9295797348,80.2027893066,32123,32133,10
12.9295101166,80.2027587891,32133,32143,10
12.929400444,80.2027587891,32143,32154,11
12.9289703369,80.2027130127,32154,32164,10
12.9285402298,80.2025375366,32164,32174,10
12.9284601212,80.2019882202,32174,32184,10
12.9284601212,80.2014923096,32184,32194,10
12.9284496307,80.2007675171,32194,32204,10
12.9283704758,80.1999435425,32204,32214,10
12.9280595779,80.1990966797,32214,32224,10
12.9275503159,80.1982421875,32224,32234,10
12.9262104034,80.197593689,32234,32285,51
12.9262104034,80.197593689,32285,32295,10
12.9260396957,80.1975479126,32295,32305,10
12.9255800247,80.1975326538,32305,32315,10
12.9253196716,80.197517395,32315,32325,10
12.9248199463,80.197517395,32325,32335,10
12.9241199493,80.1975097656,32335,32345,10
12.9233703613,80.197479248,32345,32355,10
12.9225797653,80.1973800659,32355,32365,10
12.9220399857,80.1973190308,32365,32396,31
12.9220399857,80.1973190308,32396,32406,10
12.9220104218,80.1972885132,32406,32416,10
12.9216804504,80.1971893311,32416,32426,10
12.9212999344,80.1970596313,32426,32436,10
12.920920372,80.1969070435,32436,32446,10
12.9204101563,80.1967391968,32446,32456,10
12.9197502136,80.1965103149,32456,32466,10
12.9191303253,80.1961364746,32466,32476,10
12.9186096191,80.1956787109,32476,32486,10
12.9181003571,80.1952133179,32486,32497,11
12.9174699783,80.1946563721,32497,32507,10
12.9172201157,80.1943664551,32507,32517,10
12.9170999527,80.194152832,32517,32527,10
12.9170103073,80.1937179565,32527,32537,10
12.9170398712,80.1932525635,32537,32547,10
12.917090416,80.1929321289,32547,32557,10
12.917090416,80.1925506592,32557,32577,20
12.917090416,80.1925506592,32577,32587,10
12.9170398712,80.1924209595,32587,32597,10
12.9170303345,80.1923294067,32597,32607,10
12.9168300629,80.1923370361,32607,32618,11
12.9167404175,80.1924209595,32618,32628,10
12.9169197083,80.1925888062,32628,32648,20
12.9166698456,80.1923370361,32648,32658,10
12.9166498184,80.1923370361,32658,32678,20
12.9166498184,80.1923370361,32678,32688,10
12.9165201187,80.1922988892,32688,32698,10
12.9161996841,80.1922836304,32698,32708,10
12.9156398773,80.192237854,32708,32718,10
12.9149198532,80.1922073364,32718,32729,11
12.9139604568,80.1921310425,32729,32739,10
12.9129800797,80.1920394897,32739,32749,10
12.9121198654,80.1919403076,32749,32759,10
12.9112596512,80.1918411255,32759,32769,10
12.9104099274,80.1917266846,32769,32779,10
12.9097499847,80.1915512085,32779,32961,182
12.9097499847,80.1915512085,32961,32971,10
12.9096698761,80.1914596558,32971,32981,10
12.9094104767,80.1912384033,32981,32991,10
12.9090003967,80.1909179688,32991,33001,10
12.9083995819,80.1904602051,33001,33011,10
12.907790184,80.1899795532,33011,33021,10
12.9070501328,80.1894226074,33021,33031,10
12.9061098099,80.1888122559,33031,33061,30
12.9061098099,80.1888122559,33061,33071,10
12.9061803818,80.1887512207,33071,33082,11
12.9058303833,80.1885299683,33082,33092,10
12.9052696228,80.1881790161,33092,33102,10
12.9045200348,80.1876983643,33102,33112,10
12.903960228,80.1870498657,33112,33122,10
12.9040002823,80.1865005493,33122,33132,10
12.9040298462,80.1857833862,33132,33142,10
12.9040403366,80.1853103638,33142,33152,10
12.9041996002,80.1850967407,33152,33162,10
12.9041500092,80.1847381592,33162,33172,10
12.9035396576,80.1845397949,33172,33182,10
12.9027996063,80.1843490601,33182,33193,11
12.90184021,80.18409729,33193,33203,10
12.9009504318,80.1838226318,33203,33213,10
12.9000301361,80.1833724976,33213,33223,10
12.8990297318,80.1828613281,33223,33233,10
12.8980398178,80.1823501587,33233,33243,10
12.897359848,80.1820297241,33243,33273,30
12.897359848,80.1820297241,33273,33283,10
12.897310257,80.181968689,33283,33293,10
12.8969802856,80.1818008423,33293,33304,11
12.8963899612,80.1814804077,33304,33314,10
12.8957195282,80.1811599731,33314,33324,10
12.8949804306,80.1807785034,33324,33334,10
12.8941402435,80.1803588867,33334,33344,10
12.8932504654,80.1798934937,33344,33364,20
12.8932504654,80.1798934937,33364,33374,10
12.8931598663,80.1797027588,33374,33384,10
12.8929004669,80.1791915894,33384,33394,10
12.892539978,80.1784973145,33394,33404,10
12.8921003342,80.1776733398,33404,33413,9
12.8915100098,80.1765975952,33413,33435,22
12.8915100098,80.1765975952,33435,33445,10
12.8913297653,80.1762619019,33445,33455,10
12.8909797668,80.1756210327,33455,33465,10
12.8905496597,80.1748199463,33465,33475,10
12.8900499344,80.1744537354,33475,33485,10
12.8897600174,80.1743469238,33485,33495,10
12.8894796371,80.1742019653,33495,33505,10
12.88904953,80.1739807129,33505,33515,10
12.8884000778,80.1736373901,33515,33525,10
12.8876104355,80.1732177734,33525,33536,11
12.8866195679,80.1727371216,33536,33546,10
12.8857297897,80.1722717285,33546,33556,10
12.8852701187,80.1720199585,33556,33566,10
12.8845996857,80.1716690063,33566,33576,10
12.883769989,80.1712188721,33576,33586,10
12.882809639,80.1707382202,33586,33596,10
12.8823003769,80.1707077026,33596,33606,10
12.8822202682,80.1708679199,33606,33616,10
12.8817901611,80.1710128784,33616,33626,10
12.8814001083,80.1708679199,33626,33636,10
12.8809099197,80.1706924438,33636,33647,11
12.879940033,80.1701965332,33647,33667,20
12.879940033,80.1701965332,33667,33677,10
12.8796100616,80.1700286865,33677,33687,10
12.8789596558,80.1699676514,33687,33697,10
12.8780498505,80.1701202393,33697,33707,10
12.8769903183,80.1704788208,33707,33716,9
12.8760900497,80.1707992554,33716,33727,11
12.8758296967,80.1708984375,33727,33737,10
12.8754901886,80.1710968018,33737,33747,10
12.8749198914,80.1714935303,33747,33757,10
12.8731803894,80.1726379395,33757,33768,11
12.8731803894,80.1726379395,33768,33778,10
12.8722200394,80.173286438,33778,33786,8
12.8714399338,80.1738128662,33786,33806,20
12.8695402145,80.1750869751,33806,33816,10
12.8685903549,80.1757202148,33816,33826,10
12.8676204681,80.1759567261,33826,33836,10
12.8665103912,80.1758270264,33836,33846,10
12.865480423,80.175743103,33846,33856,10
12.865240097,80.1757278442,33856,33866,10
12.8652200699,80.1757125854,33866,33877,11
12.8648004532,80.1755599976,33877,33887,10
12.8641901016,80.1751785278,33887,33897,10
12.8634500504,80.1747131348,33897,33907,10
12.8625497818,80.174156189,33907,33917,10
12.8616399765,80.1737823486,33917,33927,10
12.8611001968,80.1735076904,33927,33937,10
12.8604001999,80.1732177734,33937,33947,10
12.8596801758,80.1729125977,33947,33957,10
12.8596000671,80.1728134155,33957,33967,10
12.8594503403,80.1727981567,33967,33977,10
12.8589496613,80.1726074219,33977,33987,10
12.8582000732,80.1724777222,33987,33998,11
12.8574895859,80.1724395752,33998,34008,10
12.8572797775,80.1724014282,34008,34018,10
12.8567800522,80.1722793579,34018,34028,10
12.8563203812,80.1721725464,34028,34068,40
12.8563203812,80.1721725464,34068,34078,10
12.8561401367,80.1720962524,34078,34088,10
12.8556499481,80.1719284058,34088,34098,10
12.8549098969,80.1716918945,34098,34109,11
12.8539199829,80.1714096069,34109,34119,10
12.8527297974,80.1712417603,34119,34129,10
12.851559639,80.1710510254,34129,34139,10
12.8504199982,80.1708526611,34139,34149,10
12.8492603302,80.1706695557,34149,34158,9
12.8482198715,80.1704788208,34158,34169,11
12.8469495773,80.1702804565,34169,34179,10
12.8457698822,80.1701965332,34179,34189,10
12.8445997238,80.1701507568,34189,34199,10
12.843460083,80.1700210571,34199,34209,10
12.8423099518,80.169960022,34209,34219,10
12.8411502838,80.1699829102,34219,34230,11
12.8399000168,80.169960022,34230,34240,10
12.8389101028,80.1698608398,34240,34250,10
12.8384799957,80.1697235107,34250,34260,10
12.8385601044,80.1696777344,34260,34270,10
12.8382701874,80.1695022583,34270,34280,10
12.8380298615,80.1693191528,34280,34290,10
12.8376703262,80.1692886353,34290,34300,10
12.8371696472,80.169052124,34300,34310,10
12.8370800018,80.1688537598,34310,34321,11
12.8367795944,80.1687469482,34321,34330,9
12.8363304138,80.1686172485,34330,34341,11
12.8360500336,80.1684265137,34341,34351,10
12.8358602524,80.1679382324,34351,34361,10
12.8354797363,80.1677703857,34361,34371,10
12.8349504471,80.1675491333,34371,34381,10
12.8342504501,80.1671676636,34381,34391,10
12.8333702087,80.1667327881,34391,34401,10
12.8323802948,80.166053772,34401,34411,10
12.8311595917,80.1657028198,34411,34421,10
12.8300800323,80.1654586792,34421,34431,10
12.8289499283,80.1653137207,34431,34441,10
12.8276796341,80.1651763916,34441,34472,31
12.8276796341,80.1651763916,34472,34482,10
12.8276100159,80.1651229858,34482,34492,10
12.8273496628,80.1650390625,34492,34502,10
12.8269796371,80.1647872925,34502,34512,10
12.8263702393,80.164390564,34512,34522,10
12.8255500793,80.1638565063,34522,34532,10
12.824640274,80.1633911133,34532,34542,10
12.8236103058,80.1627807617,34542,34552,10
12.8225402832,80.1622924805,34552,34562,10
12.821390152,80.1618499756,34562,34573,11
12.8200998306,80.1613082886,34573,34583,10
12.8189296722,80.1607589722,34583,34593,10
12.8181495667,80.1604385376,34593,34603,10
12.8179798126,80.1603393555,34603,34613,10
12.8173999786,80.1602630615,34613,34623,10
12.8171300888,80.1602172852,34623,34633,10
12.8169498444,80.1601715088,34633,34643,10
12.8163700104,80.1600418091,34643,34653,10
12.8155498505,80.1598815918,34653,34663,10
12.8146495819,80.1597366333,34663,34673,10
12.8136796951,80.1600112915,34673,34684,11
12.812379837,80.1595611572,34684,34694,10
12.811630249,80.1595611572,34694,34704,10
12.8115797043,80.1598968506,34704,34714,10
12.8115596771,80.1595230103,34714,34724,10
12.8110399246,80.1595993042,34724,34734,10
12.8105096817,80.1596984863,34734,34744,10
12.8100795746,80.159538269,34744,34764,20
12.8100795746,80.159538269,34764,34774,10
12.8101997375,80.1596603394,34774,34895,121
12.8101997375,80.1596603394,34895,34905,10
12.8102998734,80.1597213745,34905,34916,11
12.8107204437,80.1597137451,34916,34936,20
12.8107204437,80.1597137451,34936,34946,10
12.8108196259,80.1597213745,34946,34956,10
12.8117198944,80.1594390869,34956,34976,20
12.8117198944,80.1594390869,34976,34986,10
12.81208992,80.1593399048,34986,34996,10
12.812789917,80.1594161987,34996,35006,10
12.813659668,80.1595611572,35006,35016,10
12.8144197464,80.1596298218,35016,35027,11
12.8145198822,80.1596298218,35027,35037,10
12.8148803711,80.1597213745,35037,35047,10
12.8156204224,80.1598892212,35047,35057,10
12.8171796799,80.1602172852,35057,35077,20
12.8171796799,80.1602172852,35077,35087,10
12.8174695969,80.1602706909,35087,35097,10
12.8179998398,80.1604003906,35097,35107,10
12.8183097839,80.1604995728,35107,35117,10
12.8187503815,80.1606826782,35117,35127,10
12.8194704056,80.160987854,35127,35137,10
12.8204402924,80.1613998413,35137,35148,11
12.8216104507,80.1619033813,35148,35158,10
12.8226900101,80.1623306274,35158,35168,10
12.8237400055,80.1628265381,35168,35178,10
12.8247299194,80.163482666,35178,35188,10
12.8257703781,80.1640319824,35188,35198,10
12.8266296387,80.1645736694,35198,35208,10
12.8274002075,80.1650390625,35208,35218,10
12.8274803162,80.1650924683,35218,35228,10
12.8278102875,80.1651687622,35228,35248,20
12.8278102875,80.1651687622,35248,35259,11
12.827870369,80.1651763916,35259,35269,10
12.8282899857,80.165222168,35269,35279,10
12.8290700912,80.1653289795,35279,35289,10
12.8301095963,80.1654586792,35289,35299,10
12.8312397003,80.1656799316,35299,35309,10
12.8323497772,80.1660766602,35309,35319,10
12.8333501816,80.1666030884,35319,35329,10
12.8343496323,80.1671676636,35329,35339,10
12.8352899551,80.1677017212,35339,35349,10
12.8358097076,80.1678466797,35349,35359,10
12.8360099792,80.1684036255,35359,35368,9
12.8362798691,80.1686172485,35368,35380,12
12.836640358,80.1687393188,35380,35390,10
12.8369998932,80.1688537598,35390,35400,10
12.8372297287,80.1690673828,35400,35410,10
12.8375902176,80.1692886353,35410,35420,10
12.838139534,80.169342041,35420,35430,10
12.8383798599,80.169593811,35430,35440,10
12.8390197754,80.1698532104,35440,35450,10
12.8398399353,80.1699523926,35450,35460,10
12.8409204483,80.169960022,35460,35470,10
12.8421096802,80.1699371338,35470,35480,10
12.843290329,80.1699676514,35480,35491,11
12.8445701599,80.1701202393,35491,35501,10
12.8458204269,80.1701889038,35501,35511,10
12.8469600677,80.170249939,35511,35521,10
12.8480501175,80.1704177856,35521,35531,10
12.8492298126,80.1707305908,35531,35541,10
12.8503704071,80.1710968018,35541,35551,10
12.8515195847,80.1712112427,35551,35561,10
12.8526096344,80.1712112427,35561,35571,10
12.8537502289,80.1712875366,35571,35581,10
12.8548402786,80.1716308594,35581,35591,10
12.8559303284,80.1719589233,35591,35602,11
12.8564796448,80.1721115112,35602,35632,30
12.8567399979,80.172203064,35632,35642,10
12.8573503494,80.1722793579,35642,35652,10
12.8577299118,80.1723632813,35652,35662,10
12.8582801819,80.1724624634,35662,35672,10
12.859120369,80.1726226807,35672,35682,10
12.859749794,80.1729125977,35682,35692,10
12.8599796295,80.1730117798,35692,35702,10
12.86054039,80.1732635498,35702,35713,11
12.8614301682,80.1736602783,35713,35723,10
12.8624601364,80.1741027832,35723,35733,10
12.8634700775,80.1746826172,35733,35743,10
12.8644599915,80.1753005981,35743,35753,10
12.8652896881,80.1757583618,35753,35763,10
12.8654899597,80.1754837036,35763,35773,10
12.8657903671,80.1744689941,35773,35783,10
12.8660202026,80.1756896973,35783,35793,10
12.8668203354,80.1757965088,35793,35803,10
12.867770195,80.1759185791,35803,35813,10
12.8685598373,80.1758117676,35813,35823,10
12.8693399429,80.1752166748,35823,35834,11
12.8703603745,80.1744995117,35834,35844,10
12.8713598251,80.1739196777,35844,35854,10
12.8723497391,80.1731491089,35854,35864,10
12.8733301163,80.172492981,35864,35874,10
12.8743200302,80.1718521118,35874,35883,9
12.8810796738,80.1707229614,35883,35981,98
12.8810796738,80.1707229614,35981,36001,20
12.882109642,80.1711273193,36001,36021,20
12.8834695816,80.1710968018,36021,36031,10
12.8844003677,80.1715164185,36031,36041,10
12.8854103088,80.1720504761,36041,36051,10
12.8864202499,80.1725921631,36051,36061,10
12.8874702454,80.1731109619,36061,36072,11
12.8885698318,80.1738204956,36072,36112,40
12.8902902603,80.1744613647,36112,36122,10
12.8905801773,80.1748199463,36122,36132,10
12.8909196854,80.1754608154,36132,36142,10
12.8913297653,80.1762313843,36142,36152,10
12.8916501999,80.1768035889,36152,36162,10
12.8919401169,80.1773300171,36162,36173,11
12.8919401169,80.1774978638,36173,36183,10
12.892370224,80.1782073975,36183,36193,10
12.8928403854,80.1789627075,36193,36203,10
12.893289566,80.1798171997,36203,36213,10
12.8937597275,80.1806793213,36213,36263,50
12.8961601257,80.1814422607,36263,36274,11
12.8972902298,80.1817703247,36274,36324,50
12.8984699249,80.182510376,36324,36334,10
12.8992099762,80.1828918457,36334,36344,10
12.9000797272,80.1833114624,36344,36354,10
12.9009399414,80.1836776733,36354,36394,40
12.9040899277,80.1851882935,36394,36403,9
12.9040803909,80.1860198975,36403,36415,12
12.9040298462,80.1873168945,36415,36425,10
12.9043798447,80.1883087158,36425,36475,50
12.9069795609,80.189239502,36475,36485,10
12.9075202942,80.1894226074,36485,36495,10
12.9080495834,80.1900863647,36495,36505,10
12.9087495804,80.1906280518,36505,36515,10
12.9096097946,80.1912536621,36515,36526,11
12.910779953,80.1916732788,36526,36536,10
12.9118995667,80.1918487549,36536,36546,10
12.9125099182,80.1918716431,36546,36556,10
12.9125699997,80.1919174194,36556,36566,10
12.9129800797,80.1919784546,36566,36576,10
12.9136600494,80.1920700073,36576,36586,10
12.9144296646,80.1921386719,36586,36596,10
12.9149799347,80.1921920776,36596,36606,10
12.9156599045,80.192237854,36606,36616,10
12.9163999557,80.1922912598,36616,36625,9
12.9170103073,80.1922988892,36625,36637,12
12.9172897339,80.1920013428,36637,36647,10
12.9172496796,80.1919403076,36647,36657,10
12.9171304703,80.1918106079,36657,36667,10
12.9170999527,80.1915817261,36667,36687,20
12.9174203873,80.1903991699,36687,36748,61
12.9172096252,80.1929016113,36748,36758,10
12.9169998169,80.1930389404,36758,36768,10
12.917090416,80.1933364868,36768,36778,10
12.9171304703,80.1931304932,36778,36788,10
12.9171695709,80.1930923462,36788,36798,10
12.917140007,80.1937332153,36798,36818,20
12.917140007,80.1937332153,36818,36929,111
12.921790123,80.1969528198,36929,36939,10
12.9229898453,80.1968765259,36939,36949,10
12.924079895,80.1966400146,36949,36959,10
12.9238796234,80.1984634399,36959,37010,51
12.9261398315,80.1975021362,37010,37020,10
12.926609993,80.197517395,37020,37030,10
12.9263696671,80.1979904175,37030,37040,10
12.9267702103,80.1976776123,37040,37050,10
12.9273195267,80.1979370117,37050,37060,10
12.9281597137,80.1984329224,37060,37101,41
12.9285097122,80.2015762329,37101,37111,10
12.9285297394,80.2023010254,37111,37121,10
12.9293899536,80.2027206421,37121,37141,20
12.9293899536,80.2027206421,37141,37151,10
12.9295902252,80.2027206421,37151,37161,10
12.9301700592,80.202796936,37161,37171,10
12.930970192,80.2029724121,37171,37181,10
12.931889534,80.2032775879,37181,37191,10
12.9327497482,80.2035598755,37191,37202,11
12.9335298538,80.2037963867,37202,37212,10
12.933930397,80.2038192749,37212,37222,10
12.9343204498,80.2038116455,37222,37252,30
12.9348201752,80.2039337158,37252,37262,10
12.9356002808,80.2041625977,37262,37272,10
12.9361696243,80.2044906616,37272,37383,111
12.9406700134,80.2064208984,37383,37403,20
12.9438295364,80.2070465088,37403,37413,10
12.9430999756,80.2077484131,37413,37423,10
12.9435100555,80.2080001831,37423,37434,11
12.9437503815,80.2078475952,37434,37454,20
12.9439096451,80.2081604004,37454,37464,10
12.9439897537,80.2083587646,37464,37484,20
12.9450702667,80.2083587646,37484,37494,10
12.9447002411,80.2082366943,37494,37504,10
12.9448604584,80.2084503174,37504,37514,10
12.9457597733,80.2087478638,37514,37524,10
12.946680069,80.2090072632,37524,37544,20
12.9482002258,80.2096405029,37544,37555,11
12.9484596252,80.2098922729,37555,37565,10
12.9485797882,80.2101669312,37565,37575,10
12.9487304688,80.2104263306,37575,37585,10
12.9489603043,80.2104187012,37585,37595,10
12.9498596191,80.2104415894,37595,37605,10
12.9506597519,80.210647583,37605,37615,10
12.951499939,80.2109680176,37615,37625,10
12.9523601532,80.2112503052,37625,37666,41
12.9542303085,80.2121810913,37666,37676,10
12.9549798965,80.2123794556,37676,37686,10
12.9559698105,80.2126617432,37686,37696,10
12.956580162,80.2131118774,37696,37706,10
12.9575796127,80.213508606,37706,37716,10
12.9594097137,80.2142486572,37716,37726,10
12.9594097137,80.2142486572,37726,37736,10
12.9602203369,80.2145996094,37736,37745,9
12.9609899521,80.2148971558,37745,37757,12
12.9618701935,80.2152175903,37757,37797,40
12.9639596939,80.2161178589,37797,37807,10
12.9643297195,80.2162399292,37807,37877,70
12.9678096771,80.2175827026,37877,37888,11
12.9689397812,80.217956543,37888,37928,40
12.9690999985,80.2180786133,37928,37938,10
12.9701099396,80.2183914185,37938,37948,10
12.9707698822,80.2188720703,37948,37958,10
12.9714202881,80.2193069458,37958,37968,10
12.9714202881,80.2190628052,37968,37978,10
12.9717502594,80.219291687,37978,37989,11
12.9720602036,80.2195892334,37989,37998,9
12.9750404358,80.2192993164,37998,38029,31
12.9728002548,80.2196807861,38029,38039,10
12.9728097916,80.219909668,38039,38049,10
12.9730596542,80.2196426392,38049,38059,10
12.9733695984,80.2194290161,38059,38069,10
12.9736700058,80.2189865112,38069,38160,91
12.975060463,80.2202377319,38160,38170,10
12.9751596451,80.2204666138,38170,38180,10
12.9751701355,80.220451355,38180,38190,10
12.9751796722,80.2203979492,38190,38200,10
12.9751796722,80.2203903198,38200,38382,182
12.9825000763,80.2218475342,38382,38392,10
12.9831104279,80.2219467163,38392,38402,10
12.9829797745,80.2220001221,38402,38412,10
12.9830904007,80.2220077515,38412,38422,10
12.9830799103,80.2220001221,38422,38432,10
12.9832296371,80.2220687866,38432,38442,10
12.9835195541,80.2222824097,38442,38452,10
12.9840202332,80.2225265503,38452,38462,10
12.9843597412,80.2225265503,38462,38473,11
12.9854297638,80.2232437134,38473,38483,10
12.9857196808,80.2230224609,38483,38493,10
12.9863395691,80.2229385376,38493,38503,10
12.9868602753,80.2228622437,38503,38513,10
12.9870300293,80.2235031128,38513,38523,10
12.987159729,80.2229766846,38523,38533,10
12.9875202179,80.2230377197,38533,38543,10
12.9879999161,80.2228164673,38543,38553,10
12.9885501862,80.2223434448,38553,38563,10
12.9890298843,80.2217712402,38563,38573,10
12.9896602631,80.2210464478,38573,38584,11
12.9902801514,80.2204666138,38584,38594,10
12.9905395508,80.2203369141,38594,38604,10
12.9906997681,80.2201766968,38604,38614,10
12.991109848,80.2198181152,38614,38624,10
12.9914398193,80.2195663452,38624,38634,10
12.9915895462,80.2193374634,38634,38644,10
12.992480278,80.2188720703,38644,38654,10
12.9931898117,80.2183685303,38654,38664,10
12.9939002991,80.2177810669,38664,38674,10
12.9946203232,80.2172698975,38674,38684,10
12.9948196411,80.2171630859,38684,38694,10
12.9951200485,80.2170181274,38694,38705,11
12.995759964,80.2166366577,38705,38715,10
12.9964799881,80.2164993286,38715,38725,10
12.9970903397,80.2164535522,38725,38735,10
12.9975996017,80.2164230347,38735,38745,10
12.9978103638,80.2164382935,38745,38765,20
12.9981203079,80.2165222168,38765,38775,10
12.9987201691,80.2167816162,38775,38785,10
12.9994096756,80.2171630859,38785,38795,10
13.0001802444,80.2176132202,38795,38866,71
13.0048704147,80.2202377319,38866,38876,10
13.0053596497,80.2203598022,38876,38886,10
13.0058698654,80.2205734253,38886,38947,61
13.01101017,80.2229003906,38947,38957,10
13.0115203857,80.2225799561,38957,38967,10
13.0119495392,80.2222671509,38967,38977,10
13.0114402771,80.2216110229,38977,39068,91
13.0149497986,80.2246398926,39068,39310,242
13.0212802887,80.2255477905,39310,39320,10
13.0217399597,80.2254714966,39320,39350,30
13.0221204758,80.2262496948,39350,39360,10
13.0222396851,80.2263870239,39360,39370,10
13.0223197937,80.2264175415,39370,39380,10
13.0224304199,80.2265167236,39380,39391,11
13.0226802826,80.2266769409,39391,39401,10
13.0229597092,80.2268218994,39401,39421,20
13.0231895447,80.2269592285,39421,39431,10
13.0231599808,80.2272491455,39431,39441,10
13.0230102539,80.2273406982,39441,39451,10
13.0232496262,80.2273483276,39451,39461,10
13.0229597092,80.2270202637,39461,39471,10
13.0234603882,80.2273788452,39471,39481,10
13.0237998962,80.227722168,39481,39491,10
13.0240402222,80.2279586792,39491,39512,21
13.0240402222,80.2279586792,39512,39592,80
13.0254898071,80.2300796509,39592,39602,10
13.0259304047,80.2309265137,39602,39613,11
13.0259199142,80.2314376831,39613,39623,10
13.026140213,80.2314910889,39623,39633,10
13.0266304016,80.2311401367,39633,39643,10
13.0271596909,80.2307662964,39643,39754,111
13.0295295715,80.2306594849,39754,39764,10
13.0300502777,80.2308120728,39764,39774,10
13.0307798386,80.2307662964,39774,39784,10
13.031370163,80.2305908203,39784,39794,10
13.0319004059,80.2305679321,39794,39804,10
13.0322303772,80.2306137085,39804,39814,10
13.0328197479,80.2306365967,39814,39824,10
13.0334997177,80.2305679321,39824,39834,10
13.0343999863,80.2304534912,39834,39844,10
13.0348300934,80.2302398682,39844,39875,31
13.0347299576,80.2302703857,39875,39885,10
13.0347099304,80.2304000854,39885,39945,60
13.0349397659,80.2300796509,39945,39954,9
13.0348300934,80.2299575806,39954,39966,12
13.0347204208,80.2299575806,39966,39986,20
13.0340795517,80.2299575806,39986,40006,20
13.0343999863,80.2299118042,40006,40440,434
13.0343999863,80.2299118042,40440,40450,10
13.034239769,80.2301177979,40450,40460,10
13.0342102051,80.2303619385,40460,40470,10
13.0341501236,80.2304229736,40470,40480,10
13.0339603424,80.230430603,40480,40500,20
13.0339603424,80.230430603,40500,40510,10
13.0335903168,80.2304534912,40510,40520,10
13.0331697464,80.2304763794,40520,40530,10
13.0325899124,80.2305831909,40530,40540,10
13.0319099426,80.2306289673,40540,40551,11
13.0311603546,80.2306900024,40551,40571,20
13.0311603546,80.2306900024,40571,40581,10
13.0308303833,80.2306900024,40581,40591,10
13.0304203033,80.2307434082,40591,40601,10
13.02987957,80.2308120728,40601,40611,10
13.0298299789,80.2308120728,40611,40621,10
13.0294599533,80.2308578491,40621,40631,10
13.0288696289,80.2309494019,40631,40641,10
13.0281801224,80.2310180664,40641,40651,10
13.0277004242,80.2310714722,40651,40662,11
13.0276603699,80.2313537598,40662,40672,10
13.0277099609,80.2317504883,40672,40682,10
13.0277500153,80.2320175171,40682,40823,141
13.0277500153,80.2320175171,40823,40833,10
13.0277795792,80.2322616577,40833,40843,10
13.0277996063,80.2324295044,40843,40853,10
13.0278501511,80.2325820923,40853,40863,10
13.0278701782,80.2327423096,40863,40873,10
13.0275602341,80.2328414917,40873,40883,10
13.0272397995,80.2329101563,40883,40894,11
13.0268802643,80.2329406738,40894,40904,10
13.0265398026,80.2329406738,40904,40914,10
13.026260376,80.232460022,40914,40924,10
13.0260696411,80.2317962646,40924,40934,10
13.0259399414,80.2312164307,40934,40944,10
13.0255804062,80.2303695679,40944,40954,10
13.0251102448,80.2296905518,40954,40964,10
13.0247497559,80.2292709351,40964,40974,10
13.0245304108,80.2289810181,40974,40984,10
13.0243301392,80.2286987305,40984,40994,10
13.0239801407,80.2281799316,40994,41005,11
13.0234098434,80.2276229858,41005,41015,10
13.0231704712,80.2275695801,41015,41025,10
13.0230798721,80.2276077271,41025,41035,10
13.023059845,80.2276382446,41035,41065,30
13.0228300095,80.2270507813,41065,41085,20
13.0222196579,80.2265319824,41085,41095,10
13.0215597153,80.2260131836,41095,41105,10
13.0208301544,80.2254562378,41105,41115,10
13.0202198029,80.2249908447,41115,41126,11
13.0193004608,80.2244873047,41126,41136,10
13.0182504654,80.2246780396,41136,41146,10
13.0173397064,80.2250518799,41146,41156,10
13.0168399811,80.2252731323,41156,41166,10
13.0166797638,80.2253265381,41166,41176,10
13.016500473,80.2253875732,41176,41186,10
13.0162000656,80.2255096436,41186,41196,10
13.0155601501,80.2257232666,41196,41206,10
13.015130043,80.2259292603,41206,41216,10
13.0148000717,80.226020813,41216,41225,9
13.01445961,80.2261199951,41225,41237,12
13.0139198303,80.2262496948,41237,41247,10
13.0140104294,80.2260131836,41247,41257,10
13.0141496658,80.2257385254,41257,41267,10
13.0144100189,80.2253189087,41267,41277,10
13.0141601563,80.2254562378,41277,41287,10
13.0145301819,80.2258224487,41287,41297,10
13.0149002075,80.2258911133,41297,41317,20
13.0141801834,80.2256469727,41317,41328,11
13.0141601563,80.2256393433,41328,41368,40
13.0141897202,80.2256317139,41368,41398,30
13.0141897202,80.2256317139,41398,41408,10
13.0141801834,80.2257385254,41408,41418,10
13.0142097473,80.22605896,41418,41428,10
13.0140199661,80.2263565063,41428,41438,10
13.013469696,80.2266387939,41438,41448,10
13.0126695633,80.2269363403,41448,41458,10
13.0114898682,80.2272872925,41458,41469,11
13.0103197098,80.2277374268,41469,41479,10
13.009519577,80.2277832031,41479,41489,10
13.0097198486,80.2270965576,41489,41499,10
13.0101203918,80.2262802124,41499,41509,10
13.0104598999,80.2253799438,41509,41519,10
13.0106096268,80.2250518799,41519,41529,10
13.0107603073,80.2247085571,41529,41539,10
13.0110502243,80.224029541,41539,41549,10
13.0112600327,80.223449707,41549,41559,10
13.0109300613,80.2230987549,41559,41569,10
13.010310173,80.2227783203,41569,41579,10
13.0097103119,80.2224273682,41579,41590,11
13.0088396072,80.2219467163,41590,41600,10
13.0078697205,80.2214202881,41600,41610,10
13.0068902969,80.2208633423,41610,41619,9
13.0059099197,80.2205200195,41619,41630,11
13.0047903061,80.2203292847,41630,41640,10
13.0039300919,80.220123291,41640,41650,10
13.0029602051,80.219871521,41650,41660,10
13.0022096634,80.2192993164,41660,41670,10
13.0015497208,80.2186279297,41670,41680,10
13.0009098053,80.218208313,41680,41689,9
13.0004796982,80.217918396,41689,41700,11
12.9997596741,80.2174987793,41700,41711,11
12.9989795685,80.2170562744,41711,41721,10
12.9981899261,80.2166671753,41721,41731,10
12.9974498749,80.2165527344,41731,41741,10
12.9974098206,80.2165374756,41741,41751,10
12.9973897934,80.2165222168,41751,41761,10
12.9972896576,80.2165222168,41761,41771,10
12.9969396591,80.2165603638,41771,41781,10
12.9962997437,80.2166519165,41781,41791,10
12.9955396652,80.2168273926,41791,41802,11
12.9949903488,80.2171401978,41802,41812,10
12.9946699142,80.217338562,41812,41822,10
12.9942598343,80.2176437378,41822,41832,10
12.9939002991,80.2179107666,41832,41842,10
12.993639946,80.2182617188,41842,41852,10
12.9931898117,80.2186431885,41852,41882,30
12.9908399582,80.2201080322,41882,41902,20
12.9908399582,80.2201080322,41902,41912,10
12.9907798767,80.2201766968,41912,41921,9
12.9904899597,80.2204208374,41921,41933,12
12.9898395538,80.2210388184,41933,41943,10
12.9891996384,80.2218093872,41943,41953,10
12.9885597229,80.2225265503,41953,41963,10
12.9876098633,80.2231369019,41963,41983,20
12.9876098633,80.2231369019,41983,41993,10
12.9875001907,80.2231216431,41993,42003,10
12.9871997833,80.2228775024,42003,42013,10
12.9866104126,80.2230072021,42013,42023,10
12.9860801697,80.2229919434,42023,42033,10
12.9855499268,80.2231674194,42033,42044,11
12.9854602814,80.2234802246,42044,42054,10
12.9845895767,80.2231826782,42054,42064,10
12.9841003418,80.2227325439,42064,42074,10
12.9837198257,80.2225036621,42074,42084,10
12.9836997986,80.2224807739,42084,42094,10
12.9835596085,80.2224121094,42094,42104,10
12.9833803177,80.2223434448,42104,42114,10
12.9832601547,80.2222824097,42114,42124,10
12.9832201004,80.2222366333,42124,42134,10
12.9831895828,80.2222137451,42134,42144,10
12.9830703735,80.222038269,42144,42154,10
12.98279953,80.2219085693,42154,42165,11
12.9825696945,80.221862793,42165,42175,10
12.9822902679,80.2217025757,42175,42185,10
12.9819698334,80.2214126587,42185,42195,10
12.9816703796,80.2210998535,42195,42235,40
12.9792604446,80.2212524414,42235,42266,31
12.9773397446,80.2212905884,42266,42276,10
12.9769201279,80.2212600708,42276,42286,10
12.9767904282,80.2212677002,42286,42296,10
12.9765996933,80.2212219238,42296,42306,10
12.9760398865,80.2212982178,42306,42316,10
12.9756402969,80.2210464478,42316,42336,20
12.9756402969,80.2210464478,42336,42346,10
12.9755897522,80.2210769653,42346,42356,10
12.9753799438,80.2209091187,42356,42366,10
12.9750900269,80.2206726074,42366,42376,10
12.9745101929,80.2203979492,42376,42386,10
12.9737195969,80.2200469971,42386,42397,11
12.9727296829,80.2197036743,42397,42407,10
12.9718399048,80.219367981,42407,42417,10
12.971039772,80.2192382813,42417,42427,10
12.970459938,80.2192611694,42427,42437,10
12.9706401825,80.219078064,42437,42447,10
12.9702997208,80.2187576294,42447,42457,10
12.9695997238,80.2184906006,42457,42467,10
12.9689302444,80.2182388306,42467,42477,10
12.9682502747,80.2179718018,42477,42487,10
12.9674596786,80.217666626,42487,42497,10
12.9665403366,80.2172622681,42497,42528,31
12.9635295868,80.2160415649,42528,42538,10
12.9629402161,80.2157287598,42538,42548,10
12.9627799988,80.2156677246,42548,42558,10
12.9622602463,80.2154769897,42558,42568,10
12.9614896774,80.2152099609,42568,42578,10
12.9605998993,80.2148590088,42578,42588,10
12.9595098495,80.2144012451,42588,42598,10
12.9584102631,80.2139587402,42598,42608,10
12.9573097229,80.2135314941,42608,42617,9
12.956319809,80.2131195068,42617,42629,12
12.954990387,80.2126312256,42629,42639,10
12.9539003372,80.2122116089,42639,42649,10
12.9528198242,80.2117996216,42649,42659,10
12.9517402649,80.2114105225,42659,42669,10
12.9506597519,80.2110290527,42669,42679,10
12.9496002197,80.2105865479,42679,42719,40
12.9474496841,80.2096786499,42719,42729,10
12.9464197159,80.2093505859,42729,42740,11
12.9452695847,80.2088088989,42740,42750,10
12.9443101883,80.2084503174,42750,42760,10
12.9436397552,80.2081604004,42760,42770,10
12.9429101944,80.2076568604,42770,42780,10
12.94231987,80.2069168091,42780,42790,10
12.9415197372,80.2062072754,42790,42800,10
12.9405403137,80.2057800293,42800,42810,10
12.9395399094,80.2055664063,42810,42820,10
12.9388103485,80.205329895,42820,42830,10
12.9384098053,80.2051925659,42830,42840,10
12.9379796982,80.2050628662,42840,42850,10
12.937330246,80.2048873901,42850,42861,11
12.9372196198,80.2047576904,42861,42871,10
12.9373998642,80.2045822144,42871,42881,10
12.9366903305,80.2042007446,42881,42891,10
12.9364299774,80.2040405273,42891,42901,10
12.9341096878,80.2038192749,42901,42941,40
12.932220459,80.20337677,42941,42951,10
12.9311800003,80.2031326294,42951,42961,10
12.9305496216,80.2028579712,42961,42972,11
12.9297599792,80.2027511597,42972,42982,10
12.9291801453,80.2028579712,42982,43012,30
12.9284601212,80.2021484375,43012,43022,10
12.9284296036,80.2016906738,43022,43032,10
12.928440094,80.2011108398,43032,43042,10
12.9284000397,80.2002563477,43042,43052,10
12.9280996323,80.1992797852,43052,43062,10
12.9276399612,80.1982574463,43062,43072,10
12.9268503189,80.1975631714,43072,43083,11
12.9259595871,80.1973724365,43083,43093,10
12.9261198044,80.1975479126,43093,43103,10
12.9257202148,80.197517395,43103,43113,10
12.9254703522,80.1975708008,43113,43123,10
12.9252099991,80.1973114014,43123,43153,30
12.9223003387,80.1975402832,43153,43163,10
12.9223604202,80.1973114014,43163,43173,10
12.9222698212,80.1973190308,43173,43183,10
12.9222402573,80.1973190308,43183,43193,10
12.9221096039,80.1974334717,43193,43204,11
12.9212903976,80.1971511841,43204,43214,10
12.9207296371,80.1968994141,43214,43224,10
12.9202299118,80.1968765259,43224,43315,91
12.9175796509,80.1929168701,43315,43325,10
12.9180402756,80.1918334961,43325,43335,10
12.9175100327,80.1920394897,43335,43345,10
12.9166002274,80.1923675537,43345,43395,50
12.9166002274,80.1923675537,43395,43404,9
12.9159202576,80.192237854,43404,43415,11
12.9149799347,80.1922302246,43415,43426,11
12.9138698578,80.1920776367,43426,43436,10
12.912730217,80.191947937,43436,43496,60
12.9096403122,80.1913833618,43496,43506,10
12.9092197418,80.1910324097,43506,43516,10
12.9085597992,80.1905212402,43516,43526,10
12.9077196121,80.1898574829,43526,43535,9
12.9068698883,80.189239502,43535,43547,12
12.9061803818,80.1887435913,43547,43567,20
12.9061803818,80.1887435913,43567,43577,10
12.9060697556,80.1884994507,43577,43587,10
12.905670166,80.1881484985,43587,43597,10
12.9053697586,80.1875228882,43597,43627,30
12.9039697647,80.1848297119,43627,43637,10
12.9034500122,80.1845016479,43637,43647,10
12.9026002884,80.1842727661,43647,43657,10
12.9015798569,80.1839981079,43657,43668,11
12.9004297256,80.1835632324,43668,43678,10
12.8994703293,80.1830825806,43678,43688,10
12.8988599777,80.182762146,43688,43698,10
12.8981399536,80.1823883057,43698,43708,10
12.8973503113,80.1820297241,43708,43728,20
12.8973503113,80.1820297241,43728,43738,10
12.8970899582,80.1818695068,43738,43748,10
12.8965501785,80.1815795898,43748,43758,10
12.8958597183,80.1812286377,43758,43769,11
12.8952598572,80.1809616089,43769,43809,40
12.8933401108,80.1799621582,43809,43819,10
12.8933496475,80.1799697876,43819,43829,10
12.893289566,80.1798629761,43829,43839,10
12.8929004669,80.1794204712,43839,43849,10
12.8924398422,80.1788330078,43849,43859,10
12.8923797607,80.1785430908,43859,43869,10
12.8917198181,80.1780319214,43869,43879,10
12.8919897079,80.1775817871,43879,43890,11
12.8916101456,80.1768264771,43890,44031,141
12.8849201202,80.1719818115,44031,44041,10
12.8843002319,80.1714401245,44041,44051,10
12.8831100464,80.1707992554,44051,44081,30
12.8825397491,80.1708679199,44081,44091,10
12.8821601868,80.1710586548,44091,44102,11
12.8825597763,80.1710662842,44102,44140,38
12.8757600784,80.1709365845,44140,44208,68
12.8736200333,80.1723480225,44208,44238,30
12.8706102371,80.174369812,44238,44269,31
12.8684597015,80.1757965088,44269,44299,30
12.866689682,80.1758499146,44299,44330,31
12.865240097,80.1757125854,44330,44360,30
12.865240097,80.1757125854,44360,44380,20
12.8647899628,80.17552948,44380,44390,10
12.8641500473,80.1751480103,44390,44400,10
12.8633499146,80.174659729,44400,44410,10
12.8623695374,80.1741027832,44410,44420,10
12.8615398407,80.1737365723,44420,44430,10
12.8606595993,80.1733627319,44430,44440,10
12.8597402573,80.1729507446,44440,44450,10
12.8595399857,80.1728515625,44450,44460,10
12.8594799042,80.1727981567,44460,44471,11
12.8589296341,80.1726074219,44471,44481,10
12.8581600189,80.1725006104,44481,44491,10
12.8575897217,80.1723937988,44491,44501,10
12.8573198318,80.1723403931,44501,44511,10
12.8567800522,80.1722412109,44511,44521,10
12.8563804626,80.1721572876,44521,44531,10
12.8564300537,80.1721725464,44531,44541,10
12.8563098907,80.1721191406,44541,44551,10
12.8562602997,80.1720809937,44551,44561,10
12.8556404114,80.1719207764,44561,44571,10
12.8548803329,80.1716918945,44571,44581,10
12.853969574,80.1714096069,44581,44592,11
12.853269577,80.1712493896,44592,44602,10
12.8526496887,80.1711807251,44602,44612,10
12.8517999649,80.1710586548,44612,44622,10
12.8507900238,80.1708908081,44622,44632,10
12.8496999741,80.1706924438,44632,44642,10
12.8484897614,80.1704711914,44642,44652,10
12.8471298218,80.1702194214,44652,44743,91
12.8381996155,80.1694564819,44743,44753,10
12.8379402161,80.1693115234,44753,44763,10
12.8374795914,80.1692810059,44763,44773,10
12.8370304108,80.1689987183,44773,44783,10
12.8368797302,80.1688613892,44783,44793,10
12.8366603851,80.168800354,44793,44803,10
12.8363199234,80.1686172485,44803,44813,10
12.8359899521,80.1684188843,44813,44824,11
12.8357696533,80.1678390503,44824,44834,10
12.8355102539,80.1675415039,44834,44844,10
12.8353796005,80.1672821045,44844,44894,50
12.8304595947,80.1654586792,44894,44904,10
12.8290596008,80.1652603149,44904,44914,10
12.8280296326,80.1651229858,44914,44923,9
12.8278398514,80.1651611328,44923,45943,1020
12.8278398514,80.1651611328,45943,45953,10
12.8276796341,80.1651535034,45953,46004,51
12.8276796341,80.1651535034,46004,46014,10
12.8274898529,80.1651077271,46014,46024,10
12.8271198273,80.1648712158,46024,46034,10
12.8265800476,80.1645126343,46034,46044,10
12.8262500763,80.1643295288,46044,46054,10
12.825920105,80.1641387939,46054,46064,10
12.8252801895,80.1638031006,46064,46074,10
12.8244600296,80.1633911133,46074,46084,10
12.8234701157,80.1627883911,46084,46094,10
12.8223896027,80.1623001099,46094,46105,11
12.8211698532,80.1617889404,46105,46114,9
12.8201398849,80.1613388062,46114,46125,11
12.8188695908,80.1607894897,46125,46135,10
12.8181400299,80.1604766846,46135,46144,9
12.817899704,80.1603927612,46144,46155,11
12.8178300858,80.160369873,46155,46165,10
12.8175401688,80.1602935791,46165,46175,10
12.8168802261,80.1601333618,46175,46185,10
12.8160104752,80.1599502563,46185,46195,10
12.8150596619,80.1597595215,46195,46205,10
12.8143396378,80.1596069336,46205,46215,10
12.8142995834,80.1595993042,46215,46226,11
12.8138999939,80.1595611572,46226,46236,10
12.8131399155,80.1594924927,46236,46245,9
12.8116703033,80.1594161987,46245,46276,31
12.8116703033,80.1594161987,46276,46284,8
12.8100299835,80.1595687866,46284,46335,51
12.8101997375,80.1596298218,46335,46657,322
12.8101997375,80.1596298218,46657,46667,10
12.8105602264,80.1596908569,46667,46676,9
12.8110198975,80.159576416,46676,46688,12
12.8118896484,80.1593475342,46688,46698,10
12.8128004074,80.1593933105,46698,46708,10
12.8137903214,80.159538269,46708,46718,10
12.8148603439,80.1596908569,46718,46728,10
12.8156299591,80.1598510742,46728,46747,19
12.817199707,80.1601867676,46747,46758,11
12.8176898956,80.1603317261,46758,46768,10
12.8180503845,80.1604232788,46768,46778,10
12.8183002472,80.1604919434,46778,46788,10
12.8187599182,80.1606826782,46788,46798,10
12.8194999695,80.1610336304,46798,46809,11
12.8204698563,80.1614379883,46809,46819,10
12.8213596344,80.1618118286,46819,46829,10
12.8223400116,80.1622009277,46829,46839,10
12.8233804703,80.1626281738,46839,46849,10
12.8242797852,80.1631622314,46849,46859,10
12.8250999451,80.1636810303,46859,46869,10
12.825969696,80.1641464233,46869,46879,10
12.8265104294,80.1644821167,46879,46889,10
12.8268203735,80.1646499634,46889,46899,10
12.8269996643,80.1647872925,46899,46909,10
12.8273601532,80.1650238037,46909,46920,11
12.8274097443,80.1650390625,46920,46930,10
12.8276700974,80.1651306152,46930,46960,30
12.8276700974,80.1651306152,46960,46970,10
12.8278903961,80.1651763916,46970,46980,10
12.8284902573,80.1652297974,46980,46990,10
12.8293504715,80.1653366089,46990,47000,10
12.8304195404,80.1655197144,47000,47010,10
12.8315696716,80.1657791138,47010,47020,10
12.832570076,80.1661987305,47020,47030,10
12.8334798813,80.1666870117,47030,47041,11
12.8336400986,80.1667633057,47041,47051,10
12.8337697983,80.1668167114,47051,47061,10
12.833820343,80.166847229,47061,47071,10
12.8342103958,80.1670684814,47071,47081,10
12.8348903656,80.1674575806,47081,47091,10
12.8355703354,80.1677780151,47091,47101,10
12.8358201981,80.1679077148,47101,47111,10
12.8359699249,80.1683807373,47111,47121,10
12.8362598419,80.1686172485,47121,47131,10
12.8365297318,80.1687774658,47131,47141,10
12.8369703293,80.1688308716,47141,47151,10
12.8371400833,80.1689910889,47151,47162,11
12.8373498917,80.1691818237,47162,47172,10
12.8379001617,80.1692810059,47172,47182,10
12.8383998871,80.169593811,47182,47202,20
12.8383998871,80.169593811,47202,47212,10
12.8387203217,80.1697463989,47212,47222,10
12.8393297195,80.169921875,47222,47232,10
12.8401403427,80.1699066162,47232,47242,10
12.8411502838,80.169960022,47242,47252,10
12.8422698975,80.1699295044,47252,47263,11
12.8435201645,80.1699676514,47263,47273,10
12.8444900513,80.1701278687,47273,47283,10
12.8456401825,80.1701431274,47283,47293,10
12.8466997147,80.1701889038,47293,47303,10
12.8472099304,80.1702270508,47303,47323,20
12.8472099304,80.1702270508,47323,47404,81
12.8472499847,80.1702804565,47404,47414,10
12.847120285,80.1703186035,47414,47424,10
12.8471097946,80.1702575684,47424,47444,20
12.8471097946,80.1702575684,47444,47454,10
12.8472204208,80.1702804565,47454,47464,10
12.8476800919,80.1703414917,47464,47474,10
12.848449707,80.1704788208,47474,47484,10
12.8494596481,80.1706390381,47484,47494,10
12.8505802155,80.1708374023,47494,47505,11
12.8517999649,80.1710510254,47505,47515,10
12.8529396057,80.1712265015,47515,47525,10
12.8540897369,80.1714172363,47525,47535,10
12.8547296524,80.1716079712,47535,47545,10
12.8551998138,80.1717376709,47545,47555,10
12.8559398651,80.1719894409,47555,47565,10
12.8564395905,80.1721191406,47565,47585,20
12.8564395905,80.1721191406,47585,47595,10
12.8565196991,80.1721725464,47595,47605,10
12.8569202423,80.1722183228,47605,47615,10
12.8575496674,80.1723175049,47615,47626,11
12.8578796387,80.1723709106,47626,47636,10
12.858499527,80.172492981,47636,47646,10
12.8593397141,80.1726989746,47646,47656,10
12.8603696823,80.1731491089,47656,47666,10
12.8614597321,80.1736526489,47666,47676,10
12.8625402451,80.1741333008,47676,47686,10
12.8635797501,80.1747436523,47686,47696,10
12.8645801544,80.1753463745,47696,47706,10
12.8652496338,80.1756668091,47706,47716,10
12.8652496338,80.1756591797,47716,47726,10
12.8656597137,80.1756896973,47726,47737,11
12.8663902283,80.17578125,47737,47747,10
12.8672895432,80.175819397,47747,47757,10
12.8683004379,80.1758422852,47757,47767,10
12.8692502975,80.1752319336,47767,47777,10
12.8702201843,80.1745910645,47777,47787,10
12.8711700439,80.1739120483,47787,47797,10
12.8721399307,80.1732635498,47797,47807,10
12.8731203079,80.1726226807,47807,47817,10
12.8740701675,80.1719818115,47817,47826,9
12.8802404404,80.1703186035,47826,47895,69
12.8802404404,80.1703186035,47895,47915,20
12.881529808,80.1708374023,47915,47925,10
12.8820800781,80.1709289551,47925,47935,10
12.8826904297,80.1706085205,47935,47945,10
12.8834495544,80.1710586548,47945,47955,10
12.8843297958,80.1715164185,47955,47965,10
12.8853397369,80.1720504761,47965,47976,11
12.886469841,80.1726226807,47976,47986,10
12.8874902725,80.1731491089,47986,47996,10
12.8885097504,80.1736831665,47996,48006,10
12.8894395828,80.1741867065,48006,48016,10
12.8896999359,80.1743011475,48016,48026,10
12.8899297714,80.1743621826,48026,48036,10
12.8902702332,80.1744766235,48036,48046,10
12.8906402588,80.1749191284,48046,48056,10
12.8909597397,80.1755523682,48056,48066,10
12.8915500641,80.1766433716,48066,48087,21
12.8915500641,80.1766433716,48087,48097,10
12.8916397095,80.1768417358,48097,48107,10
12.8919401169,80.1773605347,48107,48117,10
12.8923597336,80.1781005859,48117,48127,10
12.8929004669,80.179069519,48127,48137,10
12.8934698105,80.179977417,48137,48147,10
12.8940200806,80.180229187,48147,48157,10
12.8940296173,80.1802368164,48157,48167,10
12.894109726,80.1802902222,48167,48177,10
12.8945598602,80.1805267334,48177,48187,10
12.8952598572,80.1808776855,48187,48197,10
12.8961896896,80.181350708,48197,48208,11
12.8975801468,80.1820526123,48208,48228,20
12.8975801468,80.1820526123,48228,48238,10
12.897649765,80.1820678711,48238,48248,10
12.8978395462,80.182182312,48248,48258,10
12.8983602524,80.1824493408,48258,48268,10
12.8990802765,80.1828308105,48268,48278,10
12.8999700546,80.1832733154,48278,48288,10
12.9009799957,80.1837768555,48288,48298,10
12.9020795822,80.1840820313,48298,48308,10
12.9031896591,80.1843795776,48308,48319,11
12.9041204453,80.1848373413,48319,48329,10
12.9041004181,80.1856918335,48329,48339,10
12.9040498734,80.1867218018,48339,48349,10
12.904419899,80.1875915527,48349,48359,10
12.9053497314,80.1881790161,48359,48369,10
12.9062795639,80.1887512207,48369,48379,10
12.9067897797,80.1891021729,48379,48389,10
12.9068803787,80.1891708374,48389,48399,10
12.9072704315,80.1894683838,48399,48409,10
12.9078397751,80.1899108887,48409,48419,10
12.9084796906,80.1904067993,48419,48430,11
12.9093198776,80.1910400391,48430,48440,10
12.9101800919,80.1915969849,48440,48450,10
12.9110298157,80.1917190552,48450,48460,10
12.9115600586,80.1917724609,48460,48470,10
12.9122400284,80.1918334961,48470,48480,10
12.9123001099,80.1918411255,48480,48490,10
12.9124603271,80.1918563843,48490,48500,10
12.9129695892,80.1919326782,48500,48510,10
12.9137096405,80.1920394897,48510,48520,10
12.9146003723,80.1921234131,48520,48530,10
12.9156799316,80.192199707,48530,48540,10
12.9171495438,80.1921310425,48540,48581,41
12.9171495438,80.1921310425,48581,48591,10
12.9172000885,80.1917266846,48591,48601,10
12.9172897339,80.1910095215,48601,48611,10
12.9173002243,80.1904296875,48611,48621,10
12.9173898697,80.1903076172,48621,48631,10
12.9174203873,80.1906890869,48631,48641,10
12.9173202515,80.1913909912,48641,48651,10
12.9172000885,80.1922607422,48651,48662,11
12.9170703888,80.1930618286,48662,48692,30
12.9170703888,80.1930618286,48692,48702,10
12.9170303345,80.1930999756,48702,48712,10
12.9170103073,80.1935195923,48712,48722,10
12.9171304703,80.1940689087,48722,48732,10
12.9174404144,80.1945037842,48732,48742,10
12.9180002213,80.195022583,48742,48752,10
12.9186000824,80.1955566406,48752,48762,10
12.9191999435,80.1960906982,48762,48772,10
12.9200801849,80.1965408325,48772,48783,11
12.9208602905,80.1968002319,48783,48793,10
12.9209299088,80.1968002319,48793,48803,10
12.9212903976,80.1969299316,48803,48813,10
12.9219398499,80.1971664429,48813,48823,10
12.9232902527,80.1973571777,48823,48843,20
12.9232902527,80.1973571777,48843,48853,10
12.9234600067,80.1973876953,48853,48863,10
12.9239797592,80.1974487305,48863,48873,10
12.9247598648,80.1974563599,48873,48883,10
12.9252796173,80.1974411011,48883,48894,11
12.9256496429,80.1974105835,48894,48904,10
12.9262504578,80.1974487305,48904,48914,10
12.9265003204,80.197517395,48914,48934,20
12.9266796112,80.1975784302,48934,48944,10
12.9271497726,80.1978530884,48944,48954,10
12.9277095795,80.198348999,48954,48964,10
12.9281396866,80.1991271973,48964,48974,10
12.9284801483,80.2001495361,48974,48984,10
12.9284801483,80.2013168335,48984,48994,10
12.9285097122,80.2019729614,48994,49004,10
12.9287099838,80.2025985718,49004,49015,11
12.9293298721,80.2026672363,49015,49045,30
12.9293298721,80.2026672363,49045,49075,30
12.9310503006,80.2029876709,49075,49085,10
12.9317398071,80.2032089233,49085,49095,10
12.9324197769,80.2034301758,49095,49105,10
12.9330101013,80.2036209106,49105,49115,10
12.9335002899,80.2038116455,49115,49126,11
12.934009552,80.2038726807,49126,49136,10
12.9342699051,80.2038803101,49136,49146,10
12.9340696335,80.203956604,49146,49156,10
12.9342803955,80.2039794922,49156,49166,10
12.9348402023,80.2039413452,49166,49176,10
12.9355201721,80.2042312622,49176,49186,10
12.9359998703,80.2043762207,49186,49196,10
12.9365196228,80.2045593262,49196,49206,10
12.9374704361,80.2047805786,49206,49216,10
12.9384002686,80.2050476074,49216,49227,11
12.9393596649,80.2054367065,49227,49237,10
12.9399795532,80.2056121826,49237,49247,10
12.9399204254,80.2055435181,49247,49257,10
12.9400901794,80.2055206299,49257,49267,10
12.9403295517,80.2056732178,49267,49277,10
12.9410104752,80.205909729,49277,49287,10
12.9417295456,80.2063522339,49287,49296,9
12.942199707,80.2067184448,49296,49307,11
12.94272995,80.2072296143,49307,49317,10
12.9432096481,80.2078475952,49317,49327,10
12.9442796707,80.2082595825,49327,49346,19
12.9442796707,80.2082595825,49346,49358,12
12.9443597794,80.2082519531,49358,49368,10
12.9449796677,80.2085418701,49368,49378,10
12.9456796646,80.2087936401,49378,49388,10
12.9465503693,80.2090835571,49388,49398,10
12.9475297928,80.2094116211,49398,49408,10
12.948340416,80.2096405029,49408,49418,10
12.9487400055,80.2097702026,49418,49438,20
12.9487400055,80.2097702026,49438,49448,10
12.9493398666,80.2101898193,49448,49459,11
12.9502000809,80.2102432251,49459,49469,10
12.9511203766,80.2107467651,49469,49479,10
12.9520702362,80.2112731934,49479,49489,10
12.9531002045,80.211730957,49489,49499,10
12.9535503387,80.2118911743,49499,49509,10
12.9535799026,80.2119064331,49509,49519,10
12.9539403915,80.212059021,49519,49529,10
12.9545497894,80.2123336792,49529,49539,10
12.9553203583,80.212638855,49539,49549,10
12.9561796188,80.2129669189,49549,49559,10
12.9571504593,80.2133636475,49559,49569,10
12.9582099915,80.2137985229,49569,49578,9
12.9591302872,80.2141571045,49578,49590,12
12.9603595734,80.2146606445,49590,49600,10
12.9613704681,80.2150497437,49600,49610,10
12.9624900818,80.2155227661,49610,49620,10
12.9635400772,80.2159500122,49620,49640,20
12.9638004303,80.2159729004,49640,49650,10
12.9640798569,80.2160415649,49650,49660,10
12.9640903473,80.2160186768,49660,49670,10
12.9640197754,80.2160415649,49670,49721,51
12.9673204422,80.2176513672,49721,49731,10
12.9682197571,80.2178115845,49731,49741,10
12.969039917,80.2181625366,49741,49751,10
12.9701795578,80.2185974121,49751,49761,10
12.9711198807,80.2189331055,49761,49781,20
12.9711198807,80.2189331055,49781,49791,10
12.971449852,80.219078064,49791,49801,10
12.9719104767,80.2192764282,49801,49812,11
12.9726495743,80.2195587158,49812,49822,10
12.9734096527,80.219833374,49822,49832,10
12.9742803574,80.2201766968,49832,49852,20
12.9752702713,80.2206115723,49852,49892,40
12.9752702713,80.2206115723,49892,49902,10
12.9754400253,80.2207336426,49902,49912,10
12.9757003784,80.2209777832,49912,49922,10
12.9759998322,80.2211837769,49922,49933,11
12.976149559,80.2210769653,49933,49943,10
12.976149559,80.2211685181,49943,49953,10
12.9762201309,80.2212219238,49953,49963,10
12.9764499664,80.221206665,49963,49973,10
12.9768896103,80.221206665,49973,49983,10
12.9775104523,80.2211914063,49983,49993,10
12.9781703949,80.2211685181,49993,50003,10
12.9791002274,80.2210998535,50003,50013,10
12.9799499512,80.221031189,50013,50023,10
12.9808101654,80.2209396362,50023,50034,11
12.9819297791,80.2209014893,50034,50054,20
12.9829301834,80.2220306396,50054,50064,10
12.9830503464,80.2220001221,50064,50074,10
12.983039856,80.2219924927,50074,50084,10
12.9831895828,80.222076416,50084,50094,10
12.9835300446,80.2222900391,50094,50104,10
12.9840602875,80.2225570679,50104,50114,10
12.9842500687,80.2226791382,50114,50124,10
12.9845895767,80.2229614258,50124,50134,10
12.985159874,80.2232208252,50134,50144,10
12.9855804443,80.2230911255,50144,50154,10
12.9862499237,80.2229232788,50154,50165,11
12.986530304,80.2230834961,50165,50175,10
12.986530304,80.2230987549,50175,50185,10
12.9868803024,80.2230529785,50185,50195,10
12.9872903824,80.2230911255,50195,50205,10
12.9876699448,80.2231826782,50205,50245,40
12.989859581,80.2206726074,50245,50255,10
12.9903297424,80.2203903198,50255,50265,10
12.9903402328,80.2203979492,50265,50276,11
12.9906196594,80.2202835083,50276,50286,10
12.9908800125,80.2201004028,50286,50296,10
12.9913902283,80.2196273804,50296,50306,10
12.9920196533,80.2192382813,50306,50316,10
12.9926700592,80.21875,50316,50326,10
12.993350029,80.218208313,50326,50336,10
12.9940900803,80.2176513672,50336,50346,10
12.9948596954,80.2170715332,50346,50356,10
12.9956502914,80.2166137695,50356,50366,10
12.9965400696,80.2164916992,50366,50376,10
12.9974403381,80.2163925171,50376,50387,11
12.9979600906,80.2163162231,50387,50397,10
12.997710228,80.2164077759,50397,50407,10
12.9978199005,80.2164611816,50407,50417,10
12.9982595444,80.2165985107,50417,50427,10
12.9988203049,80.2167663574,50427,50437,10
12.9995698929,80.2171325684,50437,50497,60
13.0027999878,80.2197189331,50497,50508,11
13.0034399033,80.2199707031,50508,50518,10
13.0041503906,80.2202682495,50518,50528,10
13.0049295425,80.220703125,50528,50538,10
13.0047197342,80.2202072144,50538,50548,10
13.0048503876,80.2202301025,50548,50558,10
13.0053596497,80.2203598022,50558,50568,10
13.0059499741,80.2205276489,50568,50578,10
13.0066404343,80.2208023071,50578,50588,10
13.007519722,80.2208404541,50588,50598,10
13.0082302094,80.2214508057,50598,50608,10
13.0091199875,80.2220077515,50608,50617,9
13.0100803375,80.2225265503,50617,50629,12
13.0111103058,80.2230529785,50629,50639,10
13.0111703873,80.2230834961,50639,50649,10
13.011349678,80.22315979,50649,50659,10
13.0115203857,80.2228088379,50659,50669,10
13.011639595,80.2223968506,50669,50679,10
13.0116796494,80.2218322754,50679,50770,91
13.0154600143,80.2248687744,50770,50780,10
13.0157403946,80.225440979,50780,50800,20
13.0157604218,80.2255935669,50800,50810,10
13.0156602859,80.225227356,50810,50820,10
13.0158700943,80.2252426147,50820,50830,10
13.0163297653,80.2253036499,50830,50840,10
13.0169897079,80.2250823975,50840,50851,11
13.0177602768,80.2247695923,50851,50861,10
13.0185499191,80.2244720459,50861,50871,10
13.0193901062,80.2242431641,50871,50881,10
13.0202503204,80.2241668701,50881,50921,40
13.0221004486,80.2260131836,50921,50931,10
13.0220003128,80.2261123657,50931,50941,10
13.0221204758,80.2262573242,50941,50951,10
13.0225095749,80.2266387939,50951,50961,10
13.0229597092,80.2270202637,50961,50972,11
13.0237703323,80.2276611328,50972,51032,60
13.0254096985,80.2303390503,51032,51042,10
13.025850296,80.2309265137,51042,51052,10
13.026049614,80.2309417725,51052,51062,10
13.0258903503,80.2309417725,51062,51072,10
13.0260400772,80.2309265137,51072,51083,11
13.0259799957,80.2310791016,51083,51093,10
13.0261602402,80.2312316895,51093,51103,10
13.0267095566,80.2311325073,51103,51113,10
13.0273895264,80.2310028076,51113,51123,10
13.0282096863,80.2309036255,51123,51133,10
13.028429985,80.2308578491,51133,51143,10
13.0284900665,80.2308731079,51143,51153,10
13.0287504196,80.2308883667,51153,51163,10
13.0293903351,80.2308425903,51163,51173,10
13.0298595428,80.230758667,51173,51183,10
13.0304498672,80.2306900024,51183,51194,11
13.0306596756,80.2306594849,51194,51204,10
13.0311698914,80.2306213379,51204,51214,10
13.031709671,80.23072052,51214,51224,10
13.0323295593,80.2306518555,51224,51234,10
13.0329198837,80.2305831909,51234,51244,10
13.0335302353,80.2305297852,51244,51254,10
13.034119606,80.2305679321,51254,51264,10
13.0347003937,80.2303390503,51264,51274,10
13.0350503922,80.2300415039,51274,51304,30
13.0350399017,80.2300262451,51304,51345,41
13.0350399017,80.2300262451,51345,51355,10
13.0348100662,80.229927063,51355,51365,10
13.0345897675,80.2298965454,51365,52120,755
13.0342197418,80.229888916,52120,52202,82
13.0342197418,80.229888916,52202,52212,10
13.0341997147,80.2302398682,52212,52222,10
13.034119606,80.2303619385,52222,52232,10
13.0338497162,80.2304611206,52232,52243,11
13.0332202911,80.230506897,52243,52253,10
13.0326499939,80.2305603027,52253,52263,10
13.0320596695,80.2306137085,52263,52273,10
13.0314702988,80.230682373,52273,52283,10
13.03083992,80.2307434082,52283,52293,10
13.0302400589,80.2307891846,52293,52303,10
13.0299100876,80.2308197021,52303,52313,10
13.0298900604,80.2308120728,52313,52323,10
13.0296497345,80.2308197021,52323,52333,10
13.0293102264,80.2308502197,52333,52344,11
13.0288496017,80.2308883667,52344,52354,10
13.0284204483,80.2308578491,52354,52364,10
13.0279998779,80.2309112549,52364,52374,10
13.0276603699,80.2310409546,52374,52384,10
13.0276699066,80.231338501,52384,52394,10
13.0277204514,80.2316894531,52394,52404,10
13.0277996063,80.232170105,52404,52414,10
13.0277795792,80.232673645,52414,52424,10
13.0272903442,80.2328567505,52424,52434,10
13.0270004272,80.2328872681,52434,52444,10
13.0269298553,80.2329788208,52444,52454,10
13.0267095566,80.233001709,52454,52475,21
13.0267095566,80.233001709,52475,52485,10
13.0265302658,80.2329711914,52485,52495,10
13.0263996124,80.2327728271,52495,52505,10
13.0263395309,80.2324523926,52505,52515,10
13.0262203217,80.2319717407,52515,52525,10
13.0261802673,80.2315597534,52525,52535,10
13.0260696411,80.2310791016,52535,52545,10
13.0258998871,80.2305297852,52545,52555,10
13.0255203247,80.2300186157,52555,52565,10
13.0250997543,80.2295303345,52565,52575,10
13.0246801376,80.2290267944,52575,52596,21
13.0246801376,80.2290267944,52596,52606,10
13.0245599747,80.2289733887,52606,52616,10
13.0243902206,80.2287597656,52616,52626,10
13.0242300034,80.2285079956,52626,52636,10
13.0240001678,80.2281570435,52636,52646,10
13.0236797333,80.2277984619,52646,52656,10
13.0233402252,80.2275009155,52656,52666,10
13.0229196548,80.2273330688,52666,52686,20
13.0229196548,80.2273330688,52686,52696,10
13.022769928,80.2272567749,52696,52707,11
13.0226202011,80.2270584106,52707,52717,10
13.0225696564,80.2269210815,52717,52727,10
13.0224304199,80.2266693115,52727,52737,10
13.022190094,80.2264175415,52737,52747,10
13.0218496323,80.2261428833,52747,52757,10
13.0214996338,80.2258605957,52757,52767,10
13.0211200714,80.2255706787,52767,52777,10
13.0207004547,80.2252578735,52777,52787,10
13.0202703476,80.2249832153,52787,52797,10
13.019949913,80.2248535156,52797,52808,11
13.019949913,80.2248306274,52808,52818,10
13.0197401047,80.2246627808,52818,52828,10
13.0193901062,80.2245330811,52828,52838,10
13.0188503265,80.2245101929,52838,52848,10
13.018289566,80.2247009277,52848,52858,10
13.017660141,80.2249908447,52858,52868,10
13.0170698166,80.2251815796,52868,52878,10
13.0164804459,80.2253875732,52878,52888,10
13.0160303116,80.2255935669,52888,52898,10
13.0142402649,80.2261428833,52898,53705,807
13.0142402649,80.2261428833,53705,53715,10
13.0142402649,80.2258987427,53715,53725,10
13.0147104263,80.2257003784,53725,54290,565
13.0147104263,80.2257003784,54290,54300,10
13.0146198273,80.2255172729,54300,54310,10
13.0147800446,80.2254104614,54310,54562,252
13.0147800446,80.2254104614,54562,54573,11
13.0145998001,80.2256393433,54573,56247,1674
13.0145998001,80.2256393433,56247,56257,10
13.0145301819,80.2252578735,56257,56267,10
13.0144195557,80.2249069214,56267,56277,10
13.0147800446,80.2254486084,56277,56626,349
13.0147800446,80.2254486084,56626,56636,10
13.0146903992,80.2256164551,56636,56647,11
13.0146198273,80.2254180908,56647,56798,151
13.0146198273,80.2254180908,56798,56808,10
13.0147199631,80.2254104614,56808,56818,10
13.0146799088,80.2251586914,56818,57080,262
13.0145902634,80.2255706787,57080,57090,10
13.0145101547,80.2253723145,57090,57100,10
13.0147800446,80.2254104614,57100,57120,20
13.0146999359,80.2255172729,57120,57131,11
13.0144996643,80.225692749,57131,57141,10
13.01445961,80.2257385254,57141,57151,10
13.0146102905,80.2254714966,57151,57161,10
13.0151100159,80.2255401611,57161,57201,40
13.0149402618,80.2254486084,57201,57262,61
13.014749527,80.225479126,57262,57403,141
13.014749527,80.225479126,57403,57423,20
13.0146903992,80.2254180908,57423,57453,30
13.0148601532,80.2256698608,57453,57595,142
13.0148601532,80.2256698608,57595,57645,50
13.0148801804,80.2255096436,57645,57706,61
13.0148801804,80.2255096436,57706,57716,10
13.0146999359,80.2256164551,57716,57847,131
13.0146903992,80.2254180908,57847,57928,81
13.0146903992,80.2254180908,57928,57938,10
13.0144395828,80.2252426147,57938,57948,10
13.0143604279,80.2257232666,57948,57958,10
13.0145101547,80.2253417969,57958,57968,10
13.0142803192,80.2256622314,57968,57978,10
13.0149002075,80.2256469727,57978,59360,1382
13.0148000717,80.2256393433,59360,59451,91
13.0148000717,80.2256393433,59451,59461,10
13.0146503448,80.2255401611,59461,59471,10
13.0144300461,80.2251968384,59471,59481,10
13.0143299103,80.2255477905,59481,59491,10
13.0145797729,80.2258071899,59491,59511,20
13.0145797729,80.2258071899,59511,59521,10
13.0145397186,80.2258987427,59521,59532,11
13.0143203735,80.2259216309,59532,59542,10
13.0142698288,80.2259521484,59542,59552,10
13.0143098831,80.2260665894,59552,59602,50
13.0141601563,80.226020813,59602,59673,71
13.0143203735,80.2257995605,59673,59733,60
13.0141897202,80.2258224487,59733,59925,192
13.014289856,80.2259216309,59925,60197,272
13.0143203735,80.2259063721,60197,60500,303
13.0143098831,80.2258224487,60500,61085,585
13.0143098831,80.2258224487,61085,61095,10
13.0142297745,80.2259521484,61095,61105,10
13.014169693,80.2262191772,61105,61116,11
13.0141401291,80.2262496948,61116,61135,19
13.0126600266,80.2269210815,61135,61186,51
13.0101804733,80.2265777588,61186,61196,10
13.010430336,80.226020813,61196,61337,141
13.0140895844,80.2231521606,61337,61347,10
13.0147800446,80.2246627808,61347,61357,10
13.0148801804,80.2246932983,61357,61368,11
13.0153503418,80.2240371704,61368,61378,10
13.0157699585,80.2238998413,61378,61428,50
13.0166101456,80.2254180908,61428,61438,10
13.0169696808,80.2253875732,61438,61458,20
13.0190401077,80.2243728638,61458,61468,10
13.019659996,80.2243804932,61468,61479,11
13.0201301575,80.224571228,61479,61610,131
13.0225200653,80.2266998291,61610,61620,10
13.0228595734,80.2269821167,61620,62608,988
13.034330368,80.2298431396,62608,62699,91
13.034330368,80.2298431396,62699,62790,91
13.0342998505,80.2298812866,62790,62841,51
13.0342597961,80.2297668457,62841,62931,90
13.0342597961,80.2297668457,62931,62942,11
13.0342903137,80.2299575806,62942,62951,9
13.034330368,80.229850769,62951,62972,21
13.0342998505,80.2298583984,62972,63002,30
13.0342998505,80.2298583984,63002,63103,101
13.0342197418,80.2300186157,63103,63163,60
13.0342197418,80.2300186157,63163,63173,10
13.0343599319,80.2298202515,63173,63214,41
13.0341997147,80.2299880981,63214,63537,323
13.0341997147,80.2299880981,63537,63587,50
13.0342102051,80.2300415039,63587,63597,10
13.0341396332,80.2299499512,63597,63617,20
13.0341396332,80.2299499512,63617,63627,10
13.034239769,80.2299118042,63627,63647,20
13.034239769,80.2299118042,63647,63657,10
13.0342197418,80.2300567627,63657,63668,11
13.0341901779,80.2302474976,63668,63678,10
13.0341997147,80.2303085327,63678,63688,10
13.034040451,80.2304992676,63688,63698,10
13.0337495804,80.2305374146,63698,63708,10
13.0334300995,80.2304763794,63708,63718,10
13.0328397751,80.2304916382,63718,63728,10
13.0320901871,80.2305679321,63728,63738,10
13.0318498611,80.2305984497,63738,63748,10
13.0314998627,80.2306365967,63748,63758,10
13.0312595367,80.2306671143,63758,63767,9
13.0310297012,80.2306976318,63767,63779,12
13.0306901932,80.230758667,63779,63789,10
13.0304298401,80.2307662964,63789,63799,10
13.0303697586,80.2307510376,63799,63809,10
13.0304298401,80.2307662964,63809,63819,10
13.0303401947,80.2307128906,63819,63829,10
13.0300798416,80.2306976318,63829,63839,10
13.0299396515,80.230758667,63839,63849,10
13.0298099518,80.2308197021,63849,63859,10
13.0296401978,80.2308197021,63859,63869,10
13.0290899277,80.2309036255,63869,63879,10
13.0281496048,80.2309112549,63879,63890,11
13.0276098251,80.2311019897,63890,63900,10
13.0276899338,80.2315216064,63900,63910,10
13.0277500153,80.2322006226,63910,63920,10
13.0278396606,80.2328262329,63920,63930,10
13.0274200439,80.2328414917,63930,63950,20
13.0274200439,80.2328414917,63950,63960,10
13.0271997452,80.2328109741,63960,63970,10
13.0270595551,80.232963562,63970,63980,10
13.0267801285,80.2328796387,63980,64011,31
13.02602005,80.2319564819,64011,64021,10
13.0256595612,80.2309570313,64021,64031,10
13.0254898071,80.2302932739,64031,64041,10
13.0252304077,80.2299804688,64041,64051,10
13.0251703262,80.2298278809,64051,64061,10
13.0246200562,80.2291183472,64061,64081,20
13.0246200562,80.2291183472,64081,64111,30
13.0242996216,80.2286911011,64111,64122,11
13.0238199234,80.2282028198,64122,64132,10
13.0233097076,80.2276077271,64132,64142,10
13.0228796005,80.2272109985,64142,64212,70
13.0225896835,80.2269973755,64212,64222,10
13.0225400925,80.2268295288,64222,64233,11
13.0222101212,80.2265701294,64233,64243,10
13.0218400955,80.2263336182,64243,64263,20
13.0202198029,80.2249832153,64263,64273,10
13.0194597244,80.2244873047,64273,64283,10
13.0185003281,80.2247619629,64283,64293,10
13.0174999237,80.2251815796,64293,64303,10
13.0167198181,80.2255630493,64303,64313,10
13.0161600113,80.2256469727,64313,64323,10
13.0155897141,80.2258605957,64323,64333,10
13.0152397156,80.2255477905,64333,64343,10
13.0142803192,80.2263031006,64343,64354,11
13.0141401291,80.2265319824,64354,64364,10
13.0143098831,80.2263793945,64364,64374,10
13.0141496658,80.2264022827,64374,64384,10
13.013879776,80.2264862061,64384,64394,10
13.0137195587,80.2266693115,64394,64646,252
13.004529953,80.2202835083,64646,64656,10
13.0045499802,80.2203598022,64656,64666,10
13.0041503906,80.2201919556,64666,64676,10
13.0035400391,80.2200393677,64676,64686,10
13.0027799606,80.2197875977,64686,64697,11
13.001999855,80.219078064,64697,64707,10
13.0013399124,80.2183914185,64707,64717,10
13.0007295609,80.217918396,64717,64727,10
13.0004396439,80.2176437378,64727,64737,10
12.9998397827,80.2174377441,64737,64747,10
12.9991197586,80.2169570923,64747,64757,10
12.9982995987,80.2165985107,64757,64767,10
12.9975700378,80.216217041,64767,64848,81
12.9966096878,80.2165222168,64848,64858,10
12.9960203171,80.217086792,64858,65049,191
12.9867401123,80.2227096558,65049,65393,344
12.9758300781,80.2212295532,65393,65403,10
12.9754896164,80.2211380005,65403,65413,10
12.9752902985,80.2210998535,65413,65604,191
12.96737957,80.2179870605,65604,65615,11
12.9664402008,80.2173080444,65615,65625,10
12.9653301239,80.2167434692,65625,65635,10
12.964220047,80.2163009644,65635,65806,171
12.9536504745,80.2121505737,65806,65816,10
12.9532203674,80.2119827271,65816,65827,11
12.9528198242,80.2118377686,65827,65847,20
12.9508104324,80.2108535767,65847,65857,10
12.9497404099,80.2103805542,65857,65867,10
12.9485797882,80.2098770142,65867,65927,60
12.946969986,80.2095870972,65927,65937,10
12.9460401535,80.2092895508,65937,65948,11
12.9449901581,80.2087097168,65948,65958,10
12.9440498352,80.2082290649,65958,65998,40
12.9433803558,80.2080764771,65998,66008,10
12.942899704,80.2076416016,66008,66018,10
12.942700386,80.2072677612,66018,66028,10
12.9427099228,80.2068862915,66028,66089,61
12.9421396255,80.206741333,66089,66099,10
12.9415798187,80.2063293457,66099,66109,10
12.9410495758,80.2060470581,66109,66119,10
12.9410400391,80.2060623169,66119,66129,10
12.9407901764,80.2059173584,66129,66139,10
12.9403095245,80.2057571411,66139,66149,10
12.9396600723,80.2055587769,66149,66159,10
12.9389600754,80.2053375244,66159,66169,10
12.9382896423,80.2051391602,66169,66180,11
12.937620163,80.2049179077,66180,66190,10
12.9369096756,80.2047195435,66190,66200,10
12.9362001419,80.2045593262,66200,66210,10
12.9351596832,80.2039871216,66210,66220,10
12.9347400665,80.2037734985,66220,66230,10
12.9342298508,80.2037734985,66230,66240,10
12.9336299896,80.2038574219,66240,66260,20
12.9336299896,80.2038574219,66260,66270,10
12.9333896637,80.2038269043,66270,66280,10
12.9329395294,80.2036819458,66280,66291,11
12.9322500229,80.2034378052,66291,66299,8
12.9316701889,80.2032394409,66299,66311,12
12.9308004379,80.2029571533,66311,66321,10
12.9303197861,80.2028274536,66321,66371,50
12.9290895462,80.2026824951,66371,66381,10
12.9286899567,80.2026367188,66381,66391,10
12.9284496307,80.2020492554,66391,66401,10
12.9284095764,80.2011489868,66401,66412,11
12.9283399582,80.1999893188,66412,66422,10
12.9280595779,80.1991424561,66422,66432,10
12.9277296066,80.1985626221,66432,66442,10
12.927189827,80.1979980469,66442,66452,10
12.9262399673,80.197593689,66452,66472,20
12.9262399673,80.197593689,66472,66482,10
12.9259500504,80.197479248,66482,66492,10
12.9255199432,80.1975402832,66492,66502,10
12.9253501892,80.1975708008,66502,66512,10
12.9247903824,80.1975402832,66512,66523,11
12.9239997864,80.1975326538,66523,66533,10
12.9232397079,80.1975326538,66533,66644,111
12.9171304703,80.1943283081,66644,66664,20
12.9171304703,80.1943283081,66664,66684,20
12.9170303345,80.1945266724,66684,66694,10
12.9171104431,80.1943969727,66694,66734,40
12.917090416,80.193862915,66734,66745,11
12.9168901443,80.1932983398,66745,66765,20
12.9170503616,80.1926193237,66765,66775,10
12.9169797897,80.1920471191,66775,66795,20
12.9170103073,80.1930770874,66795,66805,10
12.9166898727,80.1924362183,66805,66866,61
12.9166898727,80.1924362183,66866,66876,10
12.9163703918,80.1923217773,66876,66886,10
12.9159002304,80.1922912598,66886,66896,10
12.9152002335,80.1922683716,66896,66906,10
12.914440155,80.192237854,66906,66946,40
12.9143800735,80.192199707,66946,67219,273
12.9143800735,80.192199707,67219,67229,10
12.9142599106,80.1922302246,67229,67239,10
12.9138298035,80.1921691895,67239,67249,10
12.9132699966,80.1920776367,67249,67259,10
12.9126396179,80.1920089722,67259,67269,10
12.9124803543,80.1919708252,67269,67279,10
12.9121704102,80.191947937,67279,67289,10
12.9116401672,80.1919021606,67289,67299,10
12.9109201431,80.1918182373,67299,67309,10
12.9101200104,80.1917114258,67309,67319,10
12.9096899033,80.1914978027,67319,67330,11
12.9097003937,80.1914978027,67330,67340,10
12.9094495773,80.1912918091,67340,67350,10
12.9089899063,80.1909408569,67350,67360,10
12.9083499908,80.1904373169,67360,67370,10
12.9076099396,80.1898880005,67370,67380,10
12.9068002701,80.1892700195,67380,67390,10
12.9061803818,80.1888198853,67390,67411,21
12.9061803818,80.1888198853,67411,67430,19
12.9055595398,80.1882476807,67430,67441,11
12.9051103592,80.1881408691,67441,67451,10
12.9043798447,80.1876373291,67451,67461,10
12.9039402008,80.1869506836,67461,67471,10
12.9039697647,80.1860198975,67471,67480,9
12.9040002823,80.1851196289,67480,67491,11
12.9035797119,80.1846084595,67491,67501,10
12.9028596878,80.1844024658,67501,67511,10
12.9020500183,80.1841812134,67511,67521,10
12.901140213,80.1838912964,67521,67531,10
12.900179863,80.1834793091,67531,67541,10
12.8991699219,80.1829833984,67541,67551,10
12.8981599808,80.1824874878,67551,67562,11
12.8976402283,80.1822280884,67562,67572,10
12.8974704742,80.1821365356,67572,67582,10
12.8973302841,80.1820831299,67582,67592,10
12.8972797394,80.1822662354,67592,67602,10
12.897310257,80.1821136475,67602,67622,20
12.897310257,80.1821136475,67622,67632,10
12.8971700668,80.1819992065,67632,67642,10
12.8967399597,80.1817626953,67642,67652,10
12.8961601257,80.1814575195,67652,67662,10
12.8954896927,80.1811065674,67662,67673,11
12.894659996,80.1807022095,67673,67683,10
12.8938598633,80.1802978516,67683,67693,10
12.8933000565,80.1800308228,67693,67703,10
12.8932600021,80.1800384521,67703,67723,20
12.893239975,80.1799087524,67723,67733,10
12.8930397034,80.1795730591,67733,67743,10
12.8927297592,80.1789474487,67743,67753,10
12.8923597336,80.1782302856,67753,67763,10
12.8918800354,80.1773834229,67763,67774,11
12.8914403915,80.176322937,67774,67784,10
12.8911504745,80.1754379272,67784,67814,30
12.8908901215,80.1756515503,67814,67824,10
12.8905696869,80.174659729,67824,67834,10
12.8904304504,80.1741333008,67834,67905,71
12.885720253,80.1724319458,67905,67915,10
12.8850603104,80.1718521118,67915,67925,10
12.8840198517,80.1714477539,67925,67935,10
12.8832798004,80.1710510254,67935,67945,10
12.8825702667,80.1707000732,67945,67955,10
12.8821401596,80.1708602905,67955,67965,10
12.8821601868,80.1709594727,67965,67975,10
12.8821201324,80.1709594727,67975,67985,10
12.8817195892,80.1710510254,67985,67995,10
12.8812103271,80.1708831787,67995,68005,10
12.8805999756,80.1706390381,68005,68016,11
12.8799200058,80.1702880859,68016,68026,10
12.8798599243,80.170249939,68026,68036,10
12.879699707,80.1701507568,68036,68046,10
12.8791503906,80.1699371338,68046,68056,10
12.8783102036,80.1701202393,68056,68065,9
12.8774700165,80.170249939,68065,68076,11
12.8757696152,80.1709518433,68076,68086,10
12.8757696152,80.1709518433,68086,68096,10
12.8756999969,80.1710205078,68096,68105,9
12.8753099442,80.1712799072,68105,68124,19
12.8740196228,80.1720962524,68124,68135,11
12.8730401993,80.1727523804,68135,68145,10
12.8720397949,80.1734008789,68145,68155,10
12.8710203171,80.1740875244,68155,68165,10
12.8699998856,80.1747817993,68165,68175,10
12.8689899445,80.175453186,68175,68185,10
12.8682804108,80.1759414673,68185,68195,10
12.8675804138,80.1759872437,68195,68205,10
12.8667297363,80.1758728027,68205,68215,10
12.8657503128,80.1757888794,68215,68225,10
12.8651199341,80.1757736206,68225,68235,10
12.8651199341,80.1757202148,68235,68246,11
12.8647603989,80.1755905151,68246,68256,10
12.8641500473,80.175239563,68256,68266,10
12.8634395599,80.1747894287,68266,68276,10
12.8625802994,80.1742706299,68276,68286,10
12.8616695404,80.1738586426,68286,68296,10
12.8607501984,80.1734466553,68296,68306,10
12.8599700928,80.1731033325,68306,68316,10
12.8596200943,80.1729507446,68316,68326,10
12.8595304489,80.1728973389,68326,68336,10
12.8590602875,80.1726989746,68336,68346,10
12.8582601547,80.1725463867,68346,68357,11
12.857509613,80.1724090576,68357,68367,10
12.8572702408,80.1723632813,68367,68377,10
12.8567800522,80.1722793579,68377,68387,10
12.8562602997,80.1722106934,68387,68397,10
12.856180191,80.1721496582,68397,68427,30
12.8563098907,80.1721878052,68427,68437,10
12.8559999466,80.1720733643,68437,68447,10
12.8553104401,80.1718673706,68447,68457,10
12.8544902802,80.1716384888,68457,68467,10
12.8534002304,80.1713485718,68467,68478,11
12.8521299362,80.1711578369,68478,68488,10
12.8509502411,80.1709518433,68488,68498,10
12.8497600555,80.1708068848,68498,68508,10
12.8484802246,80.1705780029,68508,68518,10
12.8467102051,80.1703033447,68518,68538,20
12.8467102051,80.1703033447,68538,68548,10
12.8463497162,80.1702728271,68548,68558,10
12.8456697464,80.1702423096,68558,68568,10
12.8447704315,80.1701889038,68568,68578,10
12.8437204361,80.1701126099,68578,68589,11
12.8424797058,80.1699981689,68589,68599,10
12.8413295746,80.1700210571,68599,68609,10
12.8401899338,80.1699829102,68609,68619,10
12.8393001556,80.1700210571,68619,68629,10
12.8385095596,80.1697998047,68629,68639,10
12.8383197784,80.169708252,68639,68649,10
12.8380899429,80.1695327759,68649,68659,10
12.8377895355,80.1694869995,68659,68669,10
12.8374900818,80.1693725586,68669,68679,10
12.837100029,80.1690597534,68679,68689,10
12.8369102478,80.1688919067,68689,68700,11
12.8365898132,80.168800354,68700,68710,10
12.8361797333,80.1686477661,68710,68720,10
12.8359498978,80.1684188843,68720,68730,10
12.8357801437,80.1679534912,68730,68740,10
12.8352203369,80.1677703857,68740,68750,10
12.8345003128,80.1673736572,68750,68760,10
12.8337001801,80.1669311523,68760,68770,10
12.8334999084,80.1668395996,68770,68780,10
12.83314991,80.1666030884,68780,68790,10
12.8325300217,80.1662826538,68790,68800,10
12.8316698074,80.1659317017,68800,68810,10
12.8309001923,80.1657104492,68810,68821,11
12.8301801682,80.1655578613,68821,68831,10
12.8293304443,80.1654434204,68831,68841,10
12.8284196854,80.1653137207,68841,68851,10
12.8275899887,80.1651992798,68851,68881,30
12.8275899887,80.1651992798,68881,68891,10
12.8275098801,80.1651687622,68891,68901,10
12.8272600174,80.1650772095,68901,68911,10
12.827249527,80.1650695801,68911,68921,10
12.827050209,80.1649398804,68921,68932,11
12.82654953,80.1646194458,68932,68942,10
12.8258600235,80.1641998291,68942,68952,10
12.8249597549,80.1637496948,68952,68962,10
12.8239803314,80.1631393433,68962,68971,9
12.8230495453,80.1625976563,68971,68982,11
12.8218297958,80.1621017456,68982,68992,10
12.8207197189,80.1616287231,68992,69002,10
12.8195295334,80.1611328125,69002,69012,10
12.8184604645,80.1606369019,69012,69022,10
12.8180503845,80.1604995728,69022,69032,10
12.8176898956,80.16040802,69032,69043,11
12.817150116,80.1602630615,69043,69053,10
12.8170995712,80.1602478027,69053,69063,10
12.816740036,80.1601715088,69063,69073,10
12.8162403107,80.1600570679,69073,69083,10
12.8156604767,80.159942627,69083,69093,10
12.8149499893,80.1597976685,69093,69103,10
12.8145799637,80.1597137451,69103,69113,10
12.8138599396,80.1596221924,69113,69123,10
12.8129796982,80.1595077515,69123,69133,10
12.8121500015,80.159362793,69133,69143,10
12.8116502762,80.1594619751,69143,69153,10
12.8116502762,80.1594696045,69153,69164,11
12.8115797043,80.1595001221,69164,69174,10
12.8110799789,80.1596603394,69174,69184,10
12.8105697632,80.1597595215,69184,69193,9
12.8101596832,80.1597824097,69193,69204,11
12.8099899292,80.1596984863,69204,69224,20
12.8099899292,80.1596984863,69224,69244,20
12.8101997375,80.1595535278,69244,69456,212
12.8101997375,80.1595535278,69456,69466,10
12.8103904724,80.1597671509,69466,69476,10
12.810839653,80.1597213745,69476,69486,10
12.8113098145,80.1595611572,69486,69497,11
12.8114700317,80.1595230103,69497,69507,10
12.8116798401,80.1594619751,69507,69517,10
12.8116703033,80.1594696045,69517,69527,10
12.8118000031,80.1594390869,69527,69537,10
12.8120498657,80.1594009399,69537,69547,10
12.8126802444,80.1594619751,69547,69557,10
12.8135004044,80.1596221924,69557,69567,10
12.814499855,80.1597213745,69567,69577,10
12.8145999908,80.1597824097,69577,69587,10
12.8146800995,80.1597824097,69587,69597,10
12.8150701523,80.1598434448,69597,69607,10
12.8157701492,80.1599807739,69607,69618,11
12.8164796829,80.160118103,69618,69628,10
12.817150116,80.1602630615,69628,69638,10
12.81731987,80.1603164673,69638,69648,10
12.8177404404,80.1604309082,69648,69658,10
12.8181800842,80.1605224609,69658,69668,10
12.8184499741,80.1605987549,69668,69678,10
12.8190803528,80.1608734131,69678,69688,10
12.8199300766,80.1613006592,69688,69698,10
12.8208999634,80.1616897583,69698,69708,10
12.8218297958,80.1621017456,69708,69718,10
12.822810173,80.1624832153,69718,69729,11
12.8238801956,80.1630172729,69729,69739,10
12.8247804642,80.1636199951,69739,69749,10
12.8257102966,80.1641235352,69749,69759,10
12.8262300491,80.1643981934,69759,69769,10
12.8265600204,80.1645889282,69769,69779,10
12.8268899918,80.1648101807,69779,69789,10
12.8274402618,80.1651535034,69789,69819,30
12.8274402618,80.1651535034,69819,69829,10
12.827750206,80.1652374268,69829,69880,51
12.827750206,80.1652374268,69880,69890,10
12.8279495239,80.1652374268,69890,69900,10
12.8283100128,80.1652832031,69900,69910,10
12.828909874,80.1653594971,69910,69920,10
12.8296899796,80.1654510498,69920,69930,10
12.8301000595,80.1655502319,69930,69940,10
12.8306798935,80.1656417847,69940,69950,10
12.8313398361,80.1657867432,69950,69961,11
12.8321504593,80.1660995483,69961,69971,10
12.8330402374,80.1664962769,69971,69981,10
12.8335399628,80.166809082,69981,69991,10
12.8335399628,80.1668167114,69991,70001,10
12.8336496353,80.1668777466,70001,70011,10
12.8340797424,80.1671218872,70011,70021,10
12.8347396851,80.1674880981,70021,70031,10
12.8354797363,80.1678466797,70031,70041,10
12.8358297348,80.1679916382,70041,70051,10
12.8359498978,80.1683502197,70051,70061,10
12.8361797333,80.1686401367,70061,70072,11
12.8364095688,80.1687164307,70072,70082,10
12.836810112,80.1688308716,70082,70092,10
12.8368301392,80.168838501,70092,70102,10
12.8369998932,80.168838501,70102,70112,10
12.837220192,80.1690979004,70112,70122,10
12.8375196457,80.1693115234,70122,70132,10
12.838060379,80.169380188,70132,70142,10
12.8382701874,80.169593811,70142,70152,10
12.8384103775,80.1697006226,70152,70162,10
12.8384895325,80.1697463989,70162,70172,10
12.8388996124,80.1698913574,70172,70183,11
12.8395996094,80.1700286865,70183,70193,10
12.8404998779,80.1699981689,70193,70203,10
12.8416099548,80.1700210571,70203,70213,10
12.8427696228,80.1699905396,70213,70223,10
12.8439102173,80.1701202393,70223,70233,10
12.8450498581,80.1701965332,70233,70243,10
12.8461999893,80.1702575684,70243,70253,10
12.8473300934,80.1703567505,70253,70263,10
12.8484601974,80.170539856,70263,70273,10
12.8495798111,80.1707305908,70273,70283,10
12.8506097794,80.1708984375,70283,70293,10
12.8509101868,80.1709518433,70293,70303,10
12.8512401581,80.1710205078,70303,70314,11
12.8519897461,80.1711425781,70314,70324,10
12.8528795242,80.171257019,70324,70334,10
12.8539600372,80.1714630127,70334,70344,10
12.8550195694,80.1717681885,70344,70354,10
12.8559303284,80.1720428467,70354,70364,10
12.8563404083,80.1721572876,70364,70374,10
12.8564195633,80.17212677,70374,70384,10
12.8567199707,80.1717681885,70384,70394,10
12.8571596146,80.1710586548,70394,70403,9
12.8566999435,80.1721801758,70403,70415,12
12.8569602966,80.1723175049,70415,70425,10
12.8575201035,80.1724014282,70425,70435,10
12.8577699661,80.1724700928,70435,70445,10
12.8583602905,80.1725692749,70445,70455,10
12.8591995239,80.1727523804,70455,70465,10
12.8597202301,80.1729888916,70465,70475,10
12.8598403931,80.1730728149,70475,70485,10
12.860250473,80.173210144,70485,70495,10
12.861700058,80.173828125,70495,70505,10
12.861700058,80.173828125,70505,70515,10
12.8617200851,80.1738433838,70515,70524,9
12.8621196747,80.1740188599,70524,70543,19
12.8634004593,80.1747589111,70543,70553,10
12.864109993,80.1751327515,70553,70563,10
12.8649301529,80.1754989624,70563,70573,10
12.865530014,80.1759567261,70573,70593,20
12.8659896851,80.175819397,70593,70603,10
12.8665599823,80.1758728027,70603,70613,10
12.8672599792,80.1759414673,70613,70623,10
12.8678798676,80.1759872437,70623,70633,10
12.8684597015,80.17578125,70633,70644,11
12.8691902161,80.1752624512,70644,70654,10
12.869890213,80.1747817993,70654,70664,10
12.8707504272,80.1742172241,70664,70674,10
12.8716602325,80.1736221313,70674,70684,10
12.8726196289,80.172996521,70684,70693,9
12.8802900314,80.1704406738,70693,70762,69
12.8802900314,80.1704406738,70762,70782,20
12.8817300797,80.1710128784,70782,70792,10
12.8822698593,80.170791626,70792,70802,10
12.882610321,80.1706619263,70802,70812,10
12.8827295303,80.1707229614,70812,70822,10
12.8831996918,80.1709823608,70822,70832,10
12.8838996887,80.1713409424,70832,70842,10
12.8847703934,80.1717834473,70842,70852,10
12.8856897354,80.1722717285,70852,70862,10
12.8866300583,80.1727905273,70862,70873,11
12.8877496719,80.1733474731,70873,70883,10
12.8886499405,80.1737976074,70883,70893,10
12.8893699646,80.1741714478,70893,70903,10
12.8895702362,80.1742782593,70903,70913,10
12.8897399902,80.1743621826,70913,70923,10
12.8900403976,80.1744918823,70923,70933,10
12.8902597427,80.1745376587,70933,70943,10
12.8903999329,80.1746902466,70943,70953,10
12.8904104233,80.1746902466,70953,70963,10
12.8907604218,80.1753463745,70963,70973,10
12.8911800385,80.1760787964,70973,70982,9
12.891500473,80.176651001,70982,70994,12
12.8915300369,80.1766967773,70994,71004,10
12.8917303085,80.1769790649,71004,71014,10
12.8920497894,80.1776504517,71014,71024,10
12.8924102783,80.1783599854,71024,71034,10
12.8928699493,80.1791381836,71034,71044,10
12.8934297562,80.1800231934,71044,71054,10
12.8939800262,80.1802825928,71054,71064,10
12.8939800262,80.1802597046,71064,71074,10
12.8942699432,80.1804580688,71074,71084,10
12.8948202133,80.1807174683,71084,71094,10
12.8957099915,80.1811828613,71094,71105,11
12.8967504501,80.1816482544,71105,71115,10
12.8976402283,80.1821289063,71115,71125,10
12.8976898193,80.1821899414,71125,71135,10
12.8976697922,80.1819229126,71135,71144,9
12.8980302811,80.1822891235,71144,71155,11
12.8987197876,80.1826629639,71155,71165,10
12.8995304108,80.1830978394,71165,71175,10
12.9005203247,80.1836013794,71175,71185,10
12.901550293,80.1840667725,71185,71195,10
12.9027795792,80.1843109131,71195,71204,9
12.9035301208,80.1845397949,71204,71216,12
12.9041099548,80.185218811,71216,71226,10
12.9040498734,80.186050415,71226,71246,20
12.9046602249,80.1878433228,71246,71256,10
12.9055900574,80.1884078979,71256,71266,10
12.9064502716,80.1889572144,71266,71276,10
12.9071798325,80.1895065308,71276,71286,10
12.9080200195,80.1901473999,71286,71296,10
12.9088497162,80.1907806396,71296,71306,10
12.9095201492,80.1912994385,71306,71316,10
12.9102096558,80.191619873,71316,71327,11
12.9111204147,80.1917572021,71327,71337,10
12.9120197296,80.1919021606,71337,71347,10
12.9127397537,80.1920013428,71347,71357,10
12.9135503769,80.1920928955,71357,71367,10
12.9144001007,80.1921615601,71367,71377,10
12.9152402878,80.192237854,71377,71387,10
12.9160804749,80.1922988892,71387,71397,10
12.9167003632,80.1923370361,71397,71407,10
12.9171199799,80.1921310425,71407,71427,20
12.9171199799,80.1921310425,71427,71437,10
12.9171495438,80.1917877197,71437,71448,11
12.9172401428,80.1912231445,71448,71458,10
12.9172697067,80.1905212402,71458,71478,20
12.9172697067,80.1905212402,71478,71488,10
12.9173297882,80.1903762817,71488,71498,10
12.917429924,80.1906204224,71498,71508,10
12.9173402786,80.1912307739,71508,71518,10
12.9172296524,80.1920394897,71518,71528,10
12.9171304703,80.1926269531,71528,71538,10
12.9170799255,80.1931304932,71538,71569,31
12.9170799255,80.1931304932,71569,71579,10
12.9169902802,80.1929397583,71579,71589,10
12.9170598984,80.1930465698,71589,71599,10
12.9170503616,80.1933288574,71599,71609,10
12.9170398712,80.1933364868,71609,71619,10
12.9168596268,80.1934509277,71619,71629,10
12.9168701172,80.1936187744,71629,71639,10
12.9170503616,80.1938476563,71639,71649,10
12.9172801971,80.1944274902,71649,71659,10
12.9178600311,80.1950073242,71659,71670,11
12.9184999466,80.1955871582,71670,71680,10
12.9191904068,80.196182251,71680,71690,10
12.9198799133,80.1965408325,71690,71700,10
12.9207201004,80.1968231201,71700,71710,10
12.9215202332,80.1971130371,71710,71720,10
12.9224100113,80.1973266602,71720,71730,10
12.9232397079,80.1974411011,71730,71740,10
12.9234104156,80.1974563599,71740,71750,10
12.923910141,80.1975097656,71750,71760,10
12.9246902466,80.197517395,71760,71770,10
12.9251098633,80.1974868774,71770,71780,10
12.9252996445,80.1974868774,71780,71791,11
12.9258298874,80.1975097656,71791,71801,10
12.9264202118,80.1976013184,71801,71811,10
12.9265098572,80.1976165771,71811,71821,10
12.9269504547,80.1978302002,71821,71831,10
12.9275598526,80.1982803345,71831,71841,10
12.9280195236,80.1990127563,71841,71851,10
12.9283704758,80.1999282837,71851,71861,10
12.9284601212,80.2008895874,71861,71871,10
12.9284801483,80.2014770508,71871,71881,10
12.9285001755,80.2016906738,71881,71891,10
12.9285202026,80.2021179199,71891,71902,11
12.928850174,80.2026901245,71902,71912,10
12.929400444,80.2027130127,71912,71922,10
12.929889679,80.2026824951,71922,71942,20
12.9300098419,80.2028427124,71942,71952,10
12.9305400848,80.2029266357,71952,71962,10
12.931139946,80.2030792236,71962,71972,10
12.9317998886,80.2033081055,71972,71982,10
12.9323701859,80.2034988403,71982,71992,10
12.9327802658,80.2036209106,71992,72002,10
12.9329395294,80.2036819458,72002,72013,11
12.9332399368,80.2038269043,72013,72023,10
12.9337501526,80.2039108276,72023,72033,10
12.9339799881,80.2039337158,72033,72043,10
12.9338598251,80.2038269043,72043,72053,10
12.9340200424,80.2038879395,72053,72063,10
12.9343204498,80.2039108276,72063,72073,10
12.9351100922,80.2040863037,72073,72083,10
12.9358196259,80.2044219971,72083,72093,10
12.9367303848,80.2046890259,72093,72103,10
12.9375801086,80.2049407959,72103,72113,10
12.9383201599,80.2051391602,72113,72123,10
12.9389801025,80.205406189,72123,72134,11
12.9400396347,80.2055664063,72134,72144,10
12.9406499863,80.2057876587,72144,72154,10
12.9399900436,80.2057571411,72154,72164,10
12.9399700165,80.2057418823,72164,72174,10
12.9401798248,80.2057418823,72174,72184,10
12.9408798218,80.2060394287,72184,72194,10
12.9414796829,80.2063827515,72194,72204,10
12.9416799545,80.206451416,72204,72214,10
12.9419403076,80.2065887451,72214,72224,10
12.9425497055,80.2070999146,72224,72234,10
12.9428796768,80.2075271606,72234,72245,11
12.9435100555,80.2080764771,72245,72255,10
12.944270134,80.208366394,72255,72275,20
12.944270134,80.208366394,72275,72285,10
12.944560051,80.2085113525,72285,72295,10
12.9452400208,80.2087402344,72295,72305,10
12.9460000992,80.2089385986,72305,72315,10
12.9466495514,80.2092132568,72315,72325,10
12.9474802017,80.2094192505,72325,72335,10
12.9482498169,80.2097015381,72335,72346,11
12.9487104416,80.2097702026,72346,72386,40
12.9506597519,80.2106704712,72386,72396,10
12.9511699677,80.2110137939,72396,72406,10
12.9519701004,80.2114181519,72406,72416,10
12.9528999329,80.2118911743,72416,72426,10
12.9535198212,80.2119979858,72426,72435,9
12.9536600113,80.2120513916,72435,72446,11
12.953909874,80.2121429443,72446,72456,10
12.9544801712,80.2123565674,72456,72466,10
12.9552497864,80.212677002,72466,72477,11
12.9562597275,80.2130813599,72477,72487,10
12.9573297501,80.2135162354,72487,72497,10
12.9584102631,80.2139434814,72497,72507,10
12.9592895508,80.2142868042,72507,72517,10
12.9601402283,80.214630127,72517,72527,10
12.9611597061,80.2150192261,72527,72537,10
12.9622097015,80.2154693604,72537,72547,10
12.9631700516,80.2158432007,72547,72557,10
12.9636201859,80.2160186768,72557,72567,10
12.9640798569,80.2161712646,72567,72577,10
12.9641599655,80.2162017822,72577,72588,11
12.9644403458,80.2163314819,72588,72598,10
12.9650201797,80.216583252,72598,72608,10
12.9657096863,80.2168731689,72608,72618,10
12.9663496017,80.2171401978,72618,72628,10
12.9669904709,80.2174377441,72628,72638,10
12.9676599503,80.2177734375,72638,72648,10
12.9685001373,80.2179718018,72648,72658,10
12.9696397781,80.2184295654,72658,72668,10
12.9707603455,80.21875,72668,72678,10
12.9715003967,80.2190628052,72678,72688,10
12.9711999893,80.219039917,72688,72699,11
12.9713497162,80.2191009521,72699,72709,10
12.9716997147,80.2192687988,72709,72719,10
12.9723901749,80.2194595337,72719,72729,10
12.9733295441,80.2198562622,72729,72739,10
12.9740495682,80.2203292847,72739,72749,10
12.9747400284,80.2210464478,72749,72890,141
12.9747896194,80.220489502,72890,72900,10
12.9749803543,80.2204818726,72900,73072,172
12.977350235,80.2212905884,73072,73082,10
12.9776096344,80.2212371826,73082,73092,10
12.9778604507,80.2212295532,73092,73102,10
12.9781999588,80.2211990356,73102,73112,10
12.9785995483,80.2211380005,73112,73122,10
12.9790296555,80.2211303711,73122,73132,10
12.9794797897,80.2210998535,73132,73142,10
12.979929924,80.2211608887,73142,73153,11
12.9805803299,80.2210922241,73153,73163,10
12.9810600281,80.2210922241,73163,73173,10
12.9813499451,80.221206665,73173,73183,10
12.9816503525,80.2213973999,73183,73193,10
12.9820299149,80.2219085693,73193,73203,10
12.9821500778,80.2217788696,73203,73213,10
12.9823999405,80.2218399048,73213,73223,10
12.9827604294,80.2220077515,73223,73253,30
12.9830503464,80.2221221924,73253,73264,11
12.9831600189,80.2221908569,73264,73274,10
12.983300209,80.2222900391,73274,73284,10
12.9834604263,80.222366333,73284,73294,10
12.9836502075,80.2224884033,73294,73304,10
12.9838600159,80.22265625,73304,73334,30
12.985159874,80.223197937,73334,73344,10
12.9854803085,80.2233123779,73344,73354,10
12.9857301712,80.2232208252,73354,73364,10
12.9860401154,80.2230987549,73364,73374,10
12.9863595963,80.2229309082,73374,73395,21
12.9865903854,80.2223892212,73395,73405,10
12.9872198105,80.2240982056,73405,73546,141
12.9919500351,80.2192001343,73546,73556,10
12.9924201965,80.21875,73556,73566,10
12.9932804108,80.2183914185,73566,73576,10
12.9937896729,80.2179107666,73576,73586,10
12.9943799973,80.2174377441,73586,73596,10
12.99477005,80.2172012329,73596,73607,11
12.9952001572,80.2169494629,73607,73617,10
12.9958000183,80.2167816162,73617,73627,10
12.9963798523,80.2166671753,73627,73637,10
12.9969797134,80.2165603638,73637,73647,10
12.9969100952,80.2164306641,73647,73657,10
12.9973697662,80.2164611816,73657,73667,10
12.9978199005,80.2164306641,73667,73677,10
12.9972000122,80.216468811,73677,73687,10
12.9979896545,80.2166137695,73687,73698,11
12.9984197617,80.216758728,73698,73788,90
13.0038204193,80.2200775146,73788,73798,10
13.0044498444,80.2202301025,73798,73808,10
13.0050802231,80.2203979492,73808,73818,10
13.005900383,80.2206497192,73818,73828,10
13.0065898895,80.2207565308,73828,73839,11
13.0070495605,80.2211685181,73839,73849,10
13.0083503723,80.2216796875,73849,73859,10
13.0094099045,80.2222137451,73859,73869,10
13.0104398727,80.2227478027,73869,73879,10
13.0111198425,80.2230834961,73879,73889,10
13.0111503601,80.2231216431,73889,73899,10
13.0113401413,80.2232208252,73899,73909,10
13.0115499496,80.2229690552,73909,73919,10
13.0115804672,80.2223587036,73919,73929,10
13.012140274,80.2215805054,73929,73939,10
13.0123796463,80.2216720581,73939,73950,11
13.0124502182,80.2218399048,73950,74071,121
13.0193099976,80.2243423462,74071,74081,10
13.0193796158,80.2241821289,74081,74091,10
13.0192298889,80.2239227295,74091,74111,20
13.0193395615,80.2244033813,74111,74121,10
13.0196695328,80.2245025635,74121,74131,10
13.0197200775,80.2245483398,74131,74141,10
13.0197896957,80.2246322632,74141,74151,10
13.0201196671,80.2248535156,74151,74161,10
13.0205497742,80.2252426147,74161,74171,10
13.0211801529,80.2257537842,74171,74182,11
13.0218000412,80.2261505127,74182,74192,10
13.0224895477,80.2267227173,74192,74202,10
13.0230703354,80.2272415161,74202,74212,10
13.0235900879,80.2276916504,74212,74222,10
13.0240001678,80.2281188965,74222,74232,10
13.0242004395,80.2285385132,74232,74242,10
13.0243196487,80.2287063599,74242,74252,10
13.0247001648,80.2289276123,74252,74262,10
13.0242996216,80.2284698486,74262,74272,10
13.0243701935,80.2284622192,74272,74282,10
13.0242004395,80.2287368774,74282,74293,11
13.0240097046,80.2285003662,74293,74303,10
13.0236301422,80.2281036377,74303,74313,10
13.0232200623,80.2276992798,74313,74333,20
13.0221395493,80.2265319824,74333,74343,10
13.0216197968,80.2260894775,74343,74353,10
13.0209703445,80.2255401611,74353,74393,40
13.018409729,80.224647522,74393,74404,11
13.0175199509,80.2248764038,74404,74424,20
13.0163698196,80.2255325317,74424,74434,10
13.015879631,80.2256469727,74434,74444,10
13.0153303146,80.2258224487,74444,74454,10
13.0148801804,80.225982666,74454,74464,10
13.0147695541,80.2260284424,74464,74473,9
13.0146799088,80.226020813,74473,74514,41
13.0146398544,80.2260437012,74514,74535,21
13.0146398544,80.2260437012,74535,74545,10
13.0145998001,80.2259597778,74545,74555,10
13.0141296387,80.2260284424,74555,74575,20
13.0141296387,80.2260284424,74575,74615,40
13.0149803162,80.2257995605,74615,74625,10
13.0142097473,80.225479126,74625,74646,21
13.0142097473,80.225479126,74646,74726,80
13.0155897141,80.2263870239,74726,74736,10
13.0144500732,80.2257003784,74736,74777,41
13.0145902634,80.225769043,74777,74797,20
13.0142803192,80.2256317139,74797,75301,504
13.0142803192,80.2256317139,75301,75311,10
13.0143098831,80.2254333496,75311,75320,9
13.014550209,80.2253875732,75320,75372,52
13.01445961,80.2255706787,75372,77339,1967
13.01445961,80.2255706787,77339,77349,10
13.0146198273,80.2254104614,77349,80372,3023
13.0145797729,80.225227356,80372,82792,2420
13.0146799088,80.2252731323,82792,83044,252
13.0145902634,80.2255020142,83044,83085,41
13.0145902634,80.2255020142,83085,83095,10
13.0146303177,80.2251205444,83095,83458,363
13.0147695541,80.2252731323,83458,83549,91
13.0147304535,80.2253265381,83549,83861,312
13.0145797729,80.2250366211,83861,83912,51
13.0145797729,80.2250366211,83912,83922,10
13.0146598816,80.2249984741,83922,84033,111
13.0146598816,80.2249984741,84033,84043,10
13.0146398544,80.2252426147,84043,84305,262
13.0146799088,80.225151062,84305,84356,51
13.0146799088,80.225151062,84356,85274,918
13.0145702362,80.2253189087,85274,85324,50
13.0145702362,80.2253189087,85324,85334,10
13.0145597458,80.2253570557,85334,85344,10
13.0148200989,80.2255172729,85344,85375,31
13.0148200989,80.2255172729,85375,85456,81
13.0149803162,80.2253875732,85456,85708,252
13.0149698257,80.2256469727,85708,86202,494
13.0149698257,80.2256469727,86202,86212,10
13.0146799088,80.2255706787,86212,86232,20
