latitude,longitude,Time_Start,Time_Stop,TimeTaken
13.0147895813,80.2255706787,10130,10252,122
13.0147199631,80.2257232666,13650,13750,100
13.0148601532,80.2254180908,20727,20880,153
13.0114402771,80.2232208252,22065,22105,40
13.0111103058,80.2178573608,22135,22166,31
13.0083198547,80.2133789063,22166,22221,55
13.0078601837,80.2131195068,22221,22252,31
13.0070695877,80.2127914429,22252,22283,31
12.9996004105,80.2144393921,22313,22389,76
12.9969100952,80.2165374756,22418,22449,31
12.9875097275,80.2514190674,23318,23370,52
12.9877195358,80.2556762695,23427,23501,74
12.9868803024,80.2595672607,23612,23653,41
12.9866399765,80.2592163086,23683,23733,50
12.9765901566,80.221282959,24624,24756,132
12.987739563,80.2556228638,25890,25949,59
12.9873199463,80.2592926025,26009,26062,53
12.9872999191,80.259437561,26062,26112,50
12.9871702194,80.2596130371,26112,26173,61
12.9868001938,80.2595977783,26183,26254,71
13.0349197388,80.2299499512,29090,29171,81
13.0345401764,80.229927063,30315,30447,132
13.0342502594,80.2299118042,30447,30497,50
13.0259799957,80.2313690186,30750,30790,40
12.9824104309,80.252571106,32871,32972,101
12.9877500534,80.2553634644,33569,33763,194
12.9870996475,80.2593383789,33862,34008,146
12.9873399734,80.2589111328,34008,34039,31
12.9877099991,80.2554321289,34311,34483,172
13.0222597122,80.226348877,36869,36919,50
13.024310112,80.2283477783,37008,37062,54
13.0255498886,80.2300109863,37112,37173,61
13.0283498764,80.2309112549,37244,37294,50
13.0348396301,80.23021698,37415,37446,31
13.0343399048,80.2297210693,37496,37587,91
13.0342197418,80.2300720215,37587,37627,40
13.0287303925,80.2309036255,37758,37808,50
13.0277795792,80.2321472168,37879,38032,153
13.0269203186,80.2329025269,38083,38144,61
12.9764099121,80.2218399048,39337,39368,31
12.9806203842,80.2526397705,39935,39996,61
12.9877004623,80.2555084229,40521,40594,73
12.9870300293,80.2594070435,40695,40826,131
12.987039566,80.2590637207,40826,40917,91
12.9903001785,80.2204284668,42311,42342,31
13.0258197784,80.2304763794,43201,43262,61
13.0348701477,80.2298583984,43526,43586,60
13.0345001221,80.2297973633,43596,43788,192
12.9850502014,80.2520294189,45833,45914,81
12.9868297577,80.2515487671,46420,46471,51
12.9877004623,80.255279541,46540,46572,32
12.9872303009,80.2594299316,46642,46673,31
12.9866399765,80.2593002319,46713,46764,51
12.987569809,80.256362915,46865,46965,100
13.014169693,80.2255783081,49171,49303,132
13.0230503082,80.2274169922,50798,50888,90
12.9854097366,80.2519302368,53065,53115,50
12.9860696793,80.2517700195,53146,53236,90
12.9875898361,80.2513504028,53257,53378,121
12.9877195358,80.2554092407,53438,53479,41
12.9865598679,80.2592926025,53620,53680,60
12.9869403839,80.2590408325,53710,53813,103
12.9800300598,80.2526931763,54136,54177,41
13.0344400406,80.2303314209,56201,56262,61
13.0344400406,80.2297973633,56322,56455,133
13.0119104385,80.2219772339,57408,57458,50
12.9876804352,80.2513275146,58997,59138,141
12.986579895,80.2591323853,60089,60180,91
12.9869403839,80.2590408325,60180,60271,91
12.9874696732,80.2567596436,60372,60493,121
12.9801797867,80.2527694702,60706,60745,39
12.9761199951,80.2213287354,61474,61525,51
12.9763402939,80.2218704224,61756,61826,70
12.9764699936,80.2220001221,61826,61960,134
12.9854001999,80.2519302368,62596,62677,81
12.9878997803,80.2541427612,62789,62850,61
12.9867601395,80.259437561,63072,63183,111
12.9875898361,80.2561187744,63780,63931,151
12.9833202362,80.2222900391,65236,65267,31
12.9912595749,80.2197875977,65490,65540,50
13.0269002914,80.2312469482,66562,66664,102
13.0273303986,80.2311477661,66664,66714,50
13.028670311,80.2309570313,66754,66825,71
13.0289201736,80.23097229,66825,66864,39
13.0340003967,80.2305603027,67037,67088,51
13.0342102051,80.2305374146,67088,67128,40
13.0344495773,80.229850769,67199,67290,91
13.0341701508,80.2301025391,67290,67483,193
13.0309801102,80.2308120728,67604,67654,50
13.027879715,80.2328109741,67786,67927,141
13.0268697739,80.2331008911,67967,68149,182
13.0231599808,80.2276229858,68353,68414,61
13.0083799362,80.2135467529,68959,69010,51
12.9972896576,80.2166290283,69306,69366,60
12.9894504547,80.2214584351,69669,69700,31
12.9893198013,80.2215576172,69710,69760,50
12.9888296127,80.2222290039,69802,69882,80
12.9880399704,80.2229995728,69942,69973,31
12.9876699448,80.2232208252,70004,70064,60
12.9819898605,80.2526397705,71157,71218,61
12.9877099991,80.2551879883,71470,71531,61
12.9876203537,80.255531311,71531,71612,81
12.9871997833,80.2595367432,71725,71772,47
12.9873800278,80.2574920654,72259,72290,31
12.9877796173,80.2519989014,72412,72562,150
12.9832296371,80.2221984863,73667,73698,31
13.0077896118,80.2131118774,74387,74418,31
13.0290403366,80.2308197021,74955,74998,43
13.0345401764,80.2303390503,75119,75230,111
13.0342102051,80.2298812866,75290,75331,41
13.0341901779,80.2301635742,75331,75381,50
13.0310697556,80.230758667,75472,75513,41
13.0269804001,80.2329788208,75634,75696,62
13.0231895447,80.2275619507,75818,75858,40
13.0080099106,80.2132110596,76343,76383,40
12.9801597595,80.2520065308,77669,77700,31
12.985250473,80.2519836426,77790,77851,61
12.986530304,80.2516403198,77891,77972,81
12.9874601364,80.2513885498,77991,78093,102
12.9876804352,80.2554168701,78164,78235,71
12.9866600037,80.2590637207,78408,78488,80
12.9870004654,80.2591400146,78488,78598,110
13.034040451,80.2304229736,80865,80916,51
13.0349197388,80.2301177979,80966,81027,61
13.033539772,80.2304763794,81097,81199,102
13.0268602371,80.2330169678,81907,81947,40
13.0141601563,80.2256317139,82685,82807,122
13.0142202377,80.2254104614,82807,82998,191
12.9977197647,80.2561798096,18283,18317,34
12.9975500107,80.2559890747,18317,18377,60
12.9969301224,80.255897522,19498,19529,31
12.9919395447,80.2560806274,19529,19606,77
12.989109993,80.2559814453,19606,19640,34
12.9816999435,80.2530288696,19730,19762,32
12.9756803513,80.2510223389,19762,19832,70
12.9721603394,80.2500305176,19832,19865,33
12.9686803818,80.248878479,19865,19896,31
12.9576101303,80.2440490723,19986,20017,31
12.9494800568,80.2409362793,20047,20120,73
12.9435100555,80.2373886108,20150,20181,31
12.934009552,80.2330093384,20241,20272,31
12.9305000305,80.2317199707,20272,20303,31
12.9234104156,80.230682373,20333,20364,31
12.9043197632,80.2281570435,20454,20534,80
12.8968000412,80.2277603149,20594,20625,31
12.8903102875,80.2274017334,20654,20686,32
12.8792104721,80.2267684937,20775,20806,31
12.8766002655,80.2269821167,20806,20837,31
12.8775596619,80.2203903198,20896,20927,31
12.8781003952,80.2179412842,20927,20958,31
12.8792295456,80.2110137939,21048,21079,31
12.8752002716,80.2102279663,21108,21139,31
12.8746995926,80.2095794678,21139,21170,31
12.8747797012,80.209777832,21170,21260,90
12.8748397827,80.2102203369,21260,21291,31
12.8753595352,80.2102966309,21291,21322,31
12.9065799713,80.2282180786,22046,22088,42
12.9189395905,80.2299499512,22178,22255,77
12.9269304276,80.2310180664,22315,22346,31
13.0095996857,80.211151123,25492,25573,81
13.0093202591,80.2110137939,25573,25765,192
12.9789304733,80.2211532593,26713,26753,40
12.9799604416,80.2526016235,27409,27459,50
12.956489563,80.2437210083,27883,28064,181
12.9072799683,80.2284317017,28982,29022,40
12.8790597916,80.2136077881,30545,30585,40
12.8764801025,80.2267990112,31019,31069,50
12.8919801712,80.2272796631,31271,31312,41
12.9002399445,80.2278366089,31503,31654,151
12.9142303467,80.2293014526,32017,32058,41
12.9472398758,80.2399291992,32683,32844,161
12.9586601257,80.2443008423,33157,33197,40
12.9629001617,80.2463912964,33268,33349,81
12.9631299973,80.2466583252,33349,33429,80
12.9744901657,80.2505493164,33590,33621,31
12.9799804688,80.2521362305,33701,33732,31
13.0099096298,80.2113265991,35738,35769,31
13.0091896057,80.2112808228,36111,36162,51
12.9764604568,80.2218017578,37342,37392,50
12.9820299149,80.2322769165,37664,37725,61
12.9812898636,80.2369918823,37896,37997,101
12.9813203812,80.2390136719,38118,38169,51
12.9786300659,80.2526016235,38431,38542,111
12.965259552,80.2474594116,38774,38834,60
12.9575395584,80.2440795898,39006,39106,100
12.949379921,80.2409591675,39338,39379,41
12.8924303055,80.2272720337,41768,41799,31
12.8998003006,80.2278594971,41910,41950,40
12.956319809,80.2432785034,42827,42898,71
13.0080604553,80.2095489502,44521,44552,31
13.0096797943,80.2112579346,44935,44985,50
13.0094099045,80.2110519409,44985,45116,131
12.9847803116,80.2230911255,46094,46155,61
12.9764499664,80.2217788696,46346,46377,31
12.9011497498,80.2279968262,48091,48141,50
12.874879837,80.2096176147,48817,48888,71
12.8749704361,80.2095718384,48888,49019,131
12.8749799728,80.2095794678,49472,49563,91
12.8749399185,80.2096633911,49563,49694,131
12.8750600815,80.209602356,49694,49775,81
12.8749198914,80.2096099854,50087,50269,182
12.8749103546,80.2095413208,50269,50360,91
12.8749799728,80.2095870972,50652,50793,141
12.9007501602,80.2278594971,51428,51509,81
13.009929657,80.2113876343,54474,54534,60
13.0095996857,80.21118927,54534,54566,32
13.0096902847,80.2113037109,54576,54616,40
13.0093803406,80.2109603882,54626,54818,192
13.0092496872,80.2107696533,54818,54858,40
12.9011802673,80.2279891968,57661,57782,121
12.8746004105,80.2098007202,58673,58733,60
12.9350204468,80.2333526611,60042,60082,40
12.9488697052,80.2406768799,60365,60425,60
12.9554004669,80.243019104,60536,60607,71
12.955909729,80.2432785034,60647,60708,61
12.9941596985,80.2176132202,62361,62412,51
13.0101203918,80.2114334106,63330,63400,70
13.0097799301,80.2111206055,63955,64015,60
13.0096597672,80.211479187,64035,64066,31
13.0097703934,80.2114334106,64126,64217,91
13.0096502304,80.2110824585,64217,64257,40
12.9764204025,80.221862793,65578,65609,31
12.9815502167,80.2303390503,65810,65841,31
12.9799804688,80.2524490356,66264,66345,81
12.956700325,80.2437591553,67101,67182,81
12.908659935,80.2285232544,67968,68039,71
12.8766202927,80.2268981934,68624,68664,40
12.8743400574,80.2099914551,68935,69028,93
12.87458992,80.2095031738,69028,69059,31
12.8792495728,80.2109375,69299,69369,70
12.8764200211,80.2267684937,69601,69662,61
12.8986196518,80.2276916504,70045,70115,70
12.9078998566,80.2282562256,70378,70468,90
12.9484796524,80.2403488159,71184,71225,41
12.956199646,80.2432632446,71406,71447,41
12.9834604263,80.2222671509,72889,72929,40
12.9868202209,80.2229537964,73000,73040,40
12.9871702194,80.2230072021,73040,73079,39
13.0076398849,80.2098236084,73554,73595,41
13.0089197159,80.2107391357,73928,74028,100
13.0092096329,80.2107009888,74028,74119,91
13.0094003677,80.2109680176,74119,74150,31
12.9871797562,80.2514724731,75864,75965,101
12.9877901077,80.2552871704,76056,76126,70
12.997710228,80.2567672729,76368,76409,41
12.9983100891,80.2569732666,77155,77345,190
12.9983100891,80.2569732666,84406,84446,40
12.9982204437,80.2568664551,84466,84638,172
12.9867200851,80.2590408325,3977,4018,41
12.9868898392,80.2591781616,4018,4119,101
12.9867200851,80.2596206665,18289,18489,200
12.9867095947,80.2594528198,18489,18550,61
12.9875402451,80.2560424805,19061,19138,77
12.9872598648,80.2516174316,19198,19229,31
12.9799203873,80.2521820068,19259,19335,76
12.9806003571,80.2497711182,19335,19369,34
12.9813604355,80.2406692505,19458,19490,32
12.9816904068,80.2332611084,19520,19594,74
12.9819602966,80.2314987183,19594,19628,34
12.9800596237,80.2278823853,19688,19719,31
12.9765901566,80.2222518921,19749,19830,81
12.970700264,80.2190170288,19920,19951,31
12.9685897827,80.2180862427,19951,19982,31
12.9636201859,80.2154922485,20040,20073,33
12.964799881,80.2097320557,20103,20181,78
12.9658203125,80.2023696899,20270,20302,32
12.9647397995,80.1954879761,20391,20452,61
12.9655599594,80.1905975342,20482,20513,31
12.9603300095,80.1871490479,20632,20664,32
12.9556903839,80.1861724854,20754,20785,31
12.9561195374,80.1864471436,21269,21300,31
12.9581699371,80.1870117188,21330,21361,31
12.9636898041,80.2155532837,22037,22078,41
12.9657096863,80.2168197632,22098,22138,40
12.9718503952,80.2192993164,22168,22241,73
12.9760198593,80.221321106,22271,22302,31
12.9780702591,80.2245483398,22302,22381,79
12.9787797928,80.225730896,22381,22412,31
12.9877004623,80.2557220459,22987,23057,70
12.9864196777,80.2587585449,26598,26648,50
12.9867200851,80.2587509155,27839,27950,111
12.9867897034,80.2591400146,27950,28010,60
12.9560804367,80.1860961914,30219,30391,172
12.9560604095,80.1864395142,30391,30583,192
12.9560098648,80.1868515015,31168,31228,60
12.9653301239,80.188331604,31470,31511,41
12.9647703171,80.195022583,31692,31732,40
12.9647703171,80.1969528198,31783,31823,40
12.9652204514,80.2070617676,32065,32116,51
12.9645395279,80.2113037109,32186,32217,31
12.9638700485,80.2145004272,32287,32378,91
12.9675197601,80.2175292969,32539,32570,31
12.9762802124,80.2218170166,32802,32852,50
12.9807796478,80.2495422363,33467,33508,41
12.9866895676,80.2590789795,34547,34597,50
12.9868297577,80.2587966919,34607,34648,41
12.9868297577,80.2590637207,35616,35656,40
12.9870700836,80.2590789795,35656,35707,51
12.9875297546,80.2572402954,35828,35939,111
12.9877195358,80.2552719116,35999,36100,101
12.9879598618,80.2525787354,36614,36695,81
12.9847097397,80.2523117065,36796,36836,40
12.9813203812,80.2399597168,37189,37230,41
12.981300354,80.2395629883,37240,37280,40
12.9812803268,80.2386398315,37309,37341,32
12.9560699463,80.186378479,39126,39166,40
12.9560499191,80.1867218018,39176,39207,31
12.9751701355,80.2207107544,40316,40387,71
12.9764699936,80.2219390869,40427,40478,51
12.982339859,80.252571106,41093,41153,60
12.9877099991,80.2551803589,41365,41406,41
12.9868803024,80.2585906982,41587,41708,121
12.9867401123,80.2589492798,56728,56880,152
12.9870500565,80.2591400146,56880,56940,60
12.9873504639,80.2590866089,56940,56971,31
12.9875898361,80.2557983398,57030,57061,31
12.9878997803,80.2529907227,57090,57121,31
12.9876403809,80.2516403198,57121,57152,31
12.9828100204,80.2526321411,57182,57213,31
12.9804496765,80.2505187988,57273,57304,31
12.9813499451,80.2429428101,57393,57425,32
12.9812803268,80.2390975952,57454,57486,32
12.981470108,80.2336120605,57575,57606,31
12.981710434,80.2331237793,57606,57637,31
12.9560203552,80.1865692139,59049,59119,70
12.9559202194,80.1866378784,59119,59251,132
12.9749603271,80.2205886841,60320,60370,50
12.9859600067,80.2517929077,61076,61147,71
12.9877901077,80.2548217773,61258,61419,161
12.9875097275,80.2566070557,62589,62660,71
12.9874601364,80.2563934326,62660,62751,91
12.9805698395,80.2527084351,62962,63003,41
12.9559602737,80.1869812012,65020,65071,51
12.9560003281,80.1867675781,65515,65595,80
12.9636201859,80.2156295776,66554,66604,50
12.9736404419,80.2200317383,66816,66886,70
12.9754695892,80.2207794189,66937,67129,192
12.9756698608,80.2210922241,67129,67199,70
12.9763803482,80.2218093872,67229,67260,31
12.9877595901,80.2546920776,68410,68450,40
12.9872198105,80.2594680786,68591,68642,51
12.9869699478,80.2590789795,68975,69025,50
12.9813203812,80.2428970337,69550,69590,40
12.981300354,80.2400665283,69640,69671,31
12.9674901962,80.2176818848,70538,70649,111
12.9639396667,80.2135620117,70841,70881,40
12.9644804001,80.2112121582,70952,71002,50
12.9560804367,80.1869277954,72031,72122,91
12.965259552,80.2063369751,73010,73050,40
12.9749498367,80.2204971313,73544,73675,131
12.9762601852,80.2216491699,73736,73776,40
12.9816398621,80.23046875,73978,74018,40
12.9801397324,80.2521133423,74452,74523,71
12.9862804413,80.2516708374,74997,75037,40
12.986749649,80.2515563965,75047,75118,71
12.9877901077,80.255027771,75199,75289,90
12.998290062,80.2571411133,1499,1660,161
12.9982995987,80.2570495605,17114,17225,111
12.998339653,80.2570724487,17518,17599,81
12.9983301163,80.2570724487,18450,18612,162
12.9983997345,80.2570266724,18612,18645,33
12.9981403351,80.256439209,18675,18707,32
12.9976902008,80.2562026978,18737,18770,33
12.9927597046,80.256111145,18800,18876,76
12.9871501923,80.2556762695,18898,18938,40
12.9813699722,80.2527999878,18968,19044,76
12.9786701202,80.2525863647,19044,19077,33
12.9774599075,80.2516708374,19077,19108,31
12.9695301056,80.249168396,19137,19169,32
12.9613704681,80.2456893921,19199,19239,40
12.9562501907,80.2436065674,19269,19342,73
12.9467697144,80.2398605347,19402,19433,31
12.9281396866,80.231262207,19523,19598,75
12.9235401154,80.2306976318,19628,19659,31
12.9077796936,80.2284317017,19719,19796,77
12.9039497375,80.2281265259,19796,19829,33
12.900560379,80.2279586792,19829,19860,31
12.8978204727,80.2277908325,19919,19951,32
12.8940496445,80.2275924683,19951,19982,31
12.8852996826,80.2267990112,19982,20053,71
12.8840503693,80.2267379761,20053,20084,31
12.8768196106,80.2269668579,20114,20145,31
12.8724603653,80.2267379761,20145,20222,77
12.8614997864,80.2266311646,20281,20312,31
12.8483104706,80.226600647,20342,20416,74
12.8443002701,80.2266921997,20445,20476,31
12.8407201767,80.227432251,20476,20507,31
12.8348903656,80.2286529541,20507,20577,70
12.8323202133,80.2291564941,20577,20610,33
12.8303098679,80.2297134399,20610,20641,31
12.822640419,80.2308120728,20671,20702,31
12.8141403198,80.2291488647,20761,20792,31
12.8072004318,80.2255935669,20822,20853,31
12.8032398224,80.2238311768,20883,20914,31
12.7966804504,80.2230529785,20943,20974,31
12.7898197174,80.2217178345,21004,21035,31
12.7843399048,80.2194366455,21095,21126,31
12.7744102478,80.2145233154,21185,21216,31
12.7708597183,80.2128829956,21246,21277,31
12.7714595795,80.2109527588,21277,21308,31
12.9007101059,80.2278594971,25377,25488,111
12.9873104095,80.2515106201,26629,26669,40
12.9975299835,80.2559204102,29132,29172,40
12.9879703522,80.2558288574,29374,29455,81
12.9025297165,80.2281112671,30908,31040,132
12.9021997452,80.2279434204,31040,31080,40
12.8503198624,80.2266235352,32078,32110,32
12.8452396393,80.2266311646,32211,32251,40
12.8406095505,80.2274932861,32312,32372,60
12.8401603699,80.2276000977,32372,32443,71
12.8326702118,80.229057312,32544,32675,131
12.8309497833,80.2293930054,36329,36440,111
12.9482498169,80.2403488159,37914,37985,71
12.9631900787,80.2464370728,38268,38348,80
12.9971704483,80.2558288574,39549,39580,31
12.9975404739,80.2558898926,39580,39630,50
12.9978399277,80.2570800781,39671,39711,40
12.9976196289,80.2570571899,39721,39842,121
12.9975004196,80.2567672729,39852,39883,31
12.9975700378,80.2565765381,39883,39963,80
12.9971399307,80.2569198608,40004,40093,89
12.9970598221,80.2571334839,40105,40206,101
12.9976396561,80.2565002441,40266,40305,39
12.9568595886,80.2438735962,41062,41114,52
12.9404697418,80.2360076904,41346,41387,41
12.9133901596,80.2293319702,41598,41629,31
12.9068803787,80.2283630371,41699,41740,41
12.8454999924,80.2266616821,42476,42507,31
12.7847003937,80.2196273804,43264,43314,50
12.7863702774,80.2203903198,45585,45625,40
12.7869701385,80.2206497192,45634,45666,32
12.9005002975,80.2278213501,46968,47018,50
12.9949398041,80.2558898926,48795,48835,40
12.9960803986,80.2558517456,48865,48906,41
13.0066404343,80.2571029663,52144,52196,52
13.0022001266,80.256652832,52287,52347,60
12.9567899704,80.2438430786,53195,53276,81
12.784040451,80.2192230225,58716,58786,70
12.7844200134,80.2194824219,58796,58827,31
12.7849798203,80.2197723389,58907,59049,142
12.7853298187,80.2199172974,59049,59170,121
12.9558601379,80.2431564331,61431,61481,50
12.9562301636,80.2433013916,61481,61512,31
12.963060379,80.2464599609,61602,61633,31
12.9798603058,80.2526092529,61845,61905,60
12.9877901077,80.2549819946,62117,62289,172
12.9954395294,80.2558898926,62501,62612,111
13.0066604614,80.2536392212,63066,63137,71
13.0066099167,80.2571563721,63873,63964,91
12.9998102188,80.2563095093,64065,64106,41
12.9985799789,80.2561035156,64126,64166,40
12.9973297119,80.2559432983,64186,64237,51
12.9879903793,80.255821228,64398,64560,162
12.9076299667,80.2284011841,65882,65983,101
12.9012498856,80.2279968262,66064,66205,141
12.8309898376,80.2293319702,71121,71161,40
12.8311595917,80.2292785645,71161,71303,142
12.8451404572,80.2265319824,71494,71525,31
12.8576803207,80.2261199951,71767,71868,101
12.9967403412,80.1912994385,24971,25013,42
13.0994195938,80.1699523926,27436,27506,70
13.0692596436,80.204750061,28990,29021,31
13.0449800491,80.2124481201,29495,29576,81
13.0343999863,80.2121582031,29788,29828,40
13.0096197128,80.211151123,30505,30544,39
12.9757499695,80.2203826904,31567,31637,70
12.9758901596,80.2210693359,31678,31829,151
13.0719804764,80.2022628784,35344,35384,40
13.0877399445,80.1883010864,36020,36081,61
13.0886297226,80.1699676514,36404,36454,50
13.0995597839,80.1701278687,37130,37181,51
13.0889596939,80.1695327759,37342,37413,71
13.070019722,80.2048110962,38534,38585,51
13.0682201385,80.2053985596,38632,38666,34
13.0454597473,80.2124099731,39262,39343,81
13.0382204056,80.2124176025,39454,39494,40
13.0098199844,80.2112808228,40242,40283,41
12.975979805,80.220916748,41222,41253,31
13.0687599182,80.2048721313,43832,43865,33
13.0873403549,80.1929321289,44359,44390,31
13.0885896683,80.1708908081,44865,44944,79
13.0886201859,80.1701583862,44968,45029,61
13.0993404388,80.1698684692,47191,47242,51
13.099360466,80.1701507568,47242,47342,100
13.0889797211,80.1695480347,47503,47536,33
13.0873804092,80.1927032471,48010,48071,61
13.0831804276,80.1986923218,48514,48557,43
13.0445804596,80.2124176025,49357,49428,71
13.0095901489,80.2111282349,50278,50325,47
12.975810051,80.2208633423,51319,51409,90
12.9761600494,80.221321106,52136,52236,100
13.0300598145,80.2089385986,53348,53379,31
13.043510437,80.2121963501,53621,53661,40
13.0872898102,80.1928405762,54703,54743,40
13.0877304077,80.1882400513,54834,54874,40
13.0880403519,80.1794967651,54975,55006,31
13.0885896683,80.1701202393,55177,55228,51
13.0994195938,80.1696624756,55501,55552,51
13.0681400299,80.2054977417,57048,57098,50
13.0679502487,80.2052001953,57108,57230,122
13.0374803543,80.2124099731,57807,57887,80
12.9756603241,80.2203979492,59645,59726,81
12.9755802155,80.2207870483,59746,59816,70
13.0435495377,80.2123413086,62462,62512,50
13.0631198883,80.211517334,62856,62896,40
13.0687904358,80.2052078247,63108,63168,60
13.0823898315,80.1984863281,63512,63562,50
13.0848398209,80.1984786987,63663,63703,40
13.0852098465,80.1984634399,63703,63744,41
13.088060379,80.180557251,64127,64158,31
13.0996999741,80.1698608398,64642,64703,61
13.089220047,80.1696014404,65904,65975,71
13.0882396698,80.1791763306,66187,66247,60
13.0874204636,80.1922225952,66479,66510,31
13.0679397583,80.2052993774,67388,67438,50
13.0637998581,80.211730957,67640,67681,41
13.0452404022,80.2124862671,68074,68226,152
13.0387802124,80.2124404907,68316,68367,51
13.0347499847,80.2122879028,68508,68539,31
13.0098304749,80.2114028931,69336,69397,61
13.0095100403,80.2112121582,69397,69437,40
12.9982204437,80.2167816162,70053,70103,50
12.9755897522,80.2209014893,71022,71082,60
12.9912595749,80.219619751,72132,72203,71
13.0069999695,80.2098236084,72586,72617,31
13.015540123,80.2048034668,72920,72960,40
13.015879631,80.2049179077,72960,73000,40
13.0687303543,80.2049484253,74121,74161,40
13.0773696899,80.1989364624,74484,74515,31
13.0832901001,80.1984634399,74878,74918,40
13.0872497559,80.1930007935,75161,75221,60
13.0996799469,80.1699829102,75887,75928,41
13.0993700027,80.1697998047,75958,76069,111
13.0888595581,80.1695480347,76947,76998,51
13.0679397583,80.2053222656,78139,78209,70
13.0499696732,80.2121887207,78694,78734,40
13.0097198486,80.2113113403,79703,79754,51
12.9758996964,80.2210083008,80864,80925,61
12.9760398865,80.2211685181,80925,81066,141
12.9760398865,80.2211990356,82600,82701,101
12.996629715,80.1929321289,84014,84094,80
12.9964103699,80.1918411255,84638,84720,82
12.9966497421,80.1912078857,84750,84831,81
12.9968900681,80.1906890869,85538,85588,50
13.075920105,80.275352478,7714,7795,81
13.0757703781,80.2751312256,31227,31259,32
13.0761299133,80.2747497559,31259,31304,45
13.0760202408,80.2749710083,31304,31373,69
13.0822000504,80.2783203125,32212,32252,40
13.0873498917,80.2837371826,32423,32465,42
13.0882301331,80.2835617065,33529,33561,32
13.081580162,80.2757110596,33864,33955,91
13.0730400085,80.2759399414,34147,34187,40
13.0398797989,80.2471237183,35048,35088,40
13.0267295837,80.2334213257,35430,35493,63
13.0089197159,80.2300796509,35947,35987,40
13.0073099136,80.2382888794,36281,36332,51
13.0072002411,80.2386474609,36332,36363,31
13.0070800781,80.2394485474,36391,36463,72
13.0067396164,80.2456893921,36605,36645,40
13.0066699982,80.2572402954,36837,36958,121
13.0024900436,80.2567214966,37039,37099,60
12.9884901047,80.2559585571,37452,37504,52
12.8615999222,80.2420730591,39383,39445,62
12.8611402512,80.2419815063,39465,39513,48
12.7867097855,80.2491531372,41196,41229,33
12.7847995758,80.2451324463,41259,41292,33
12.7881097794,80.2433624268,41321,41352,31
12.7920198441,80.2419891357,41352,41383,31
12.8519697189,80.2412872314,42027,42060,33
12.9876003265,80.2559127808,43857,43988,131
12.9988899231,80.2560424805,44229,44292,63
13.0067195892,80.2484664917,44635,44675,40
13.031370163,80.2407302856,45786,45846,60
13.0389299393,80.2468185425,46008,46068,60
13.0418796539,80.2473907471,46139,46210,71
13.0683403015,80.2715988159,46979,47010,31
13.088259697,80.2834472656,49404,49437,33
13.0874996185,80.2813796997,49467,49498,31
13.0358695984,80.2462997437,51012,51043,31
13.0066995621,80.2573394775,52119,52200,81
13.0017700195,80.2565994263,52270,52341,71
12.9985399246,80.2560882568,52391,52422,31
12.8622398376,80.2420730591,54321,54372,51
12.8617801666,80.2420578003,54382,54443,61
12.7946195602,80.2413024902,56642,56676,34
12.7990999222,80.2416229248,56706,56737,31
12.8118200302,80.2427825928,56827,56858,31
12.9873695374,80.2572402954,59372,59432,60
12.9962797165,80.2558898926,59677,59717,40
12.999250412,80.256111145,59808,59848,40
13.0065402985,80.2524032593,60110,60191,81
13.0066003799,80.248046875,60262,60312,50
13.0390396118,80.2468566895,61464,61607,143
13.0805301666,80.2752227783,62647,62768,121
13.0820798874,80.2759933472,62869,62988,119
13.0820798874,80.2759933472,63000,63056,56
13.0821399689,80.279006958,63086,63138,52
13.0834903717,80.2825012207,63168,63207,39
13.0859003067,80.2835922241,63266,63299,33
13.0883102417,80.283416748,64594,64628,34
13.082449913,80.2787017822,64810,64860,50
13.0475902557,80.2490463257,66314,66395,81
13.0472202301,80.2487411499,66405,66446,41
13.0323696136,80.2426300049,66952,67002,50
13.0273799896,80.2345962524,67154,67194,40
13.0239400864,80.2283096313,67457,67497,40
13.0069303513,80.2402572632,68003,68124,121
13.0066299438,80.257019043,68468,68610,142
13.0015602112,80.2566833496,68731,68791,60
12.9984397888,80.2561798096,68842,68882,40
12.9886102676,80.2560806274,69154,69235,81
12.9851503372,80.2597732544,69386,69437,51
12.9385700226,80.2529220581,70387,70418,31
12.7867202759,80.2487792969,73501,73533,32
12.9636096954,80.2565307617,75720,75762,42
13.0065202713,80.2521591187,76743,76804,61
13.0264997482,80.2328033447,77634,77674,40
13.0309801102,80.2395782471,77793,77846,53
13.0812797546,80.275177002,78960,79000,40
13.082110405,80.2783279419,79121,79162,41
13.0882396698,80.2835464478,79626,79666,40
13.0756902695,80.2752914429,82844,82905,61
13.075630188,80.2749176025,86314,86385,71
13.0140399933,80.2263183594,21451,21482,31
13.0120000839,80.2271575928,21482,21513,31
13.0106496811,80.2251205444,21542,21574,32
13.0136098862,80.2243728638,21604,21637,33
13.0153102875,80.2252807617,21637,21697,60
13.0184202194,80.2245330811,21727,21758,31
13.0242795944,80.2281570435,22124,22204,80
13.0241603851,80.2282028198,22231,22326,95
13.0244398117,80.228553772,22326,22357,31
13.0274600983,80.2309875488,22387,22418,31
13.0317296982,80.2306137085,22447,22479,32
13.0342502594,80.2298583984,22549,22630,81
12.8276395798,80.1651306152,26437,26495,58
12.8174800873,80.1602706909,28476,28509,33
12.827870369,80.1651611328,28660,28701,41
12.8564395905,80.17212677,29084,29115,31
12.8942403793,80.1803283691,29863,30014,151
12.8976202011,80.1819763184,30065,30105,40
12.9030199051,80.1843185425,30226,30347,121
12.9171895981,80.1917419434,30712,30762,50
12.9749698639,80.220489502,32449,32489,40
12.9762601852,80.221206665,32519,32582,63
12.9831895828,80.2220535278,32753,32784,31
12.9912900925,80.2196884155,33016,33056,40
13.0112600327,80.2230072021,33500,33532,32
13.0219297409,80.2260971069,33814,33845,31
13.0227603912,80.2268066406,33895,34006,111
13.0237398148,80.2277679443,34067,34107,40
13.0256900787,80.2302474976,34218,34279,61
13.0344600677,80.2303314209,34493,34543,50
13.0341901779,80.2303009033,34907,34967,60
13.0310697556,80.2307510376,35038,35099,61
13.0269098282,80.233001709,35230,35391,161
12.9761199951,80.2212600708,36577,36647,70
12.9756402969,80.2211074829,36668,36708,40
12.9173898697,80.1945877075,37740,37780,40
12.8717699051,80.1735076904,38599,38644,45
12.8799600601,80.1701583862,41504,41567,63
12.8799600601,80.1701583862,41567,41599,32
12.8976402283,80.1819763184,41915,41946,31
12.9171199799,80.1932830811,42472,42522,50
12.9749097824,80.220451355,43676,43757,81
12.9762401581,80.2212371826,43797,43898,101
13.0142097473,80.2255096436,46912,47105,193
13.0145998001,80.2255401611,49299,49420,121
13.0142297745,80.226020813,49449,49602,153
13.0243997574,80.2284393311,50047,50087,40
13.0232896805,80.2275772095,50138,50239,101
13.023059845,80.2274703979,50239,50289,50
12.9167203903,80.1923370361,52584,52645,61
12.9141702652,80.1921920776,52685,52878,193
12.8785295486,80.1927871704,53777,53809,32
12.8621797562,80.1914215088,53980,54011,31
12.8586797714,80.1998062134,54192,54233,41
12.8244800568,80.1947479248,54781,54821,40
12.786190033,80.2210006714,57518,57549,31
12.8624000549,80.1912994385,59485,59526,41
12.9955101013,80.2167434692,62305,62426,121
13.0196304321,80.2244033813,62932,63012,80
13.0142402649,80.2263412476,64184,64216,32
12.9876499176,80.2231216431,64924,64957,33
12.9755897522,80.2210388184,65310,65350,40
12.9708404541,80.2190628052,65441,65472,31
12.9661903381,80.2171401978,65550,65694,144
12.9484500885,80.2101974487,66028,66119,91
12.9219398499,80.1972503662,66805,66839,34
12.9164495468,80.1922988892,67172,67212,40
12.9059095383,80.1886291504,67646,67679,33
12.8972396851,80.182220459,67871,67911,40
12.8932504654,80.1835174561,67992,68032,40
12.886179924,80.1889038086,68325,68365,40
12.8621196747,80.1914291382,68912,68952,40
12.8110303879,80.2042007446,70444,70486,42
12.7862596512,80.2203598022,71274,71325,51
12.8122596741,80.2048568726,73209,73240,31
12.8192996979,80.2033081055,73352,73394,42
12.8212795258,80.2021179199,73423,73478,55
12.8213195801,80.2014389038,73478,73511,33
12.8257703781,80.193939209,73625,73665,40
12.8325901031,80.1954574585,73694,73732,38
12.8353595734,80.2010269165,73791,73824,33
12.838549614,80.200958252,73824,73880,56
12.840180397,80.2007522583,73880,73911,31
12.841340065,80.200592041,73911,73943,32
12.8447599411,80.2001876831,73972,74005,33
12.8464403152,80.200012207,74005,74036,31
12.8531599045,80.1994018555,74126,74157,31
12.858710289,80.1996078491,74258,74349,91
12.8820199966,80.1923522949,74875,74915,40
12.9752101898,80.2205734253,77098,77139,41
12.98458004,80.2229995728,77351,77392,41
13.0230197906,80.2273483276,78627,78678,51
13.0095596313,80.2279815674,78930,78980,50
12.9756498337,80.2211227417,79840,79880,40
12.9667396545,80.2174072266,80072,80203,131
12.9166002274,80.1923599243,81275,81335,60
12.9146003723,80.192237854,81375,81466,91
12.8562202454,80.1996688843,82903,83004,101
12.8122596741,80.2049179077,83946,84037,91
12.9973402023,80.1916732788,5534,5705,171
12.9973897934,80.191947937,13144,13235,91
12.9973497391,80.1917037964,16597,16677,80
12.997130394,80.191116333,18715,18746,31
12.9966897964,80.1912002563,18746,18837,91
12.998749733,80.192527771,18927,19003,76
13.0011396408,80.1955566406,19003,19036,33
13.001950264,80.1985778809,19036,19067,31
13.0036697388,80.2007980347,19097,19157,60
13.0103502274,80.2036514282,19187,19265,78
13.014289856,80.2043762207,19265,19296,31
13.0153999329,80.2046432495,19296,19328,32
13.019080162,80.2060012817,19358,19390,32
13.0277700424,80.2082824707,19420,19490,70
13.0307598114,80.2091293335,19490,19524,34
13.0343503952,80.2099609375,19554,19585,31
13.0350198746,80.2111968994,19585,19616,31
13.0349302292,80.2118911743,19616,19648,32
13.0444097519,80.2121887207,19678,19760,82
13.0483398438,80.212020874,19790,19821,31
13.0536899567,80.2115936279,19911,19943,32
13.0612697601,80.2115707397,20001,20034,33
13.0685300827,80.2070236206,20064,20141,77
13.0697002411,80.2051773071,20141,20175,34
13.0687599182,80.2049713135,20205,20266,61
13.0689897537,80.2047424316,20266,20326,60
13.0693902969,80.204750061,20326,20357,31
13.0745401382,80.1994018555,20417,20495,78
13.0767202377,80.1990127563,20495,20529,34
13.0836200714,80.1984634399,20588,20620,32
13.0867500305,80.1984176636,20650,20681,31
13.0876903534,80.189666748,20770,20801,31
13.0877399445,80.1886367798,20801,20832,31
13.0880002975,80.1828765869,20862,20893,31
13.0881204605,80.1789398193,20922,20953,31
13.088139534,80.1776885986,20953,20984,31
13.08852005,80.171661377,21044,21075,31
13.0947904587,80.1699066162,21164,21195,31
13.0965795517,80.1699905396,21195,21226,31
13.0989904404,80.1701965332,21316,21347,31
13.0679798126,80.2052383423,23790,23821,31
13.0378799438,80.2124099731,24426,24467,41
13.0095996857,80.2111282349,25103,25163,60
12.9759998322,80.2210769653,26031,26173,142
13.0687303543,80.2050170898,28807,28838,31
13.0850601196,80.1984329224,29221,29252,31
13.0873003006,80.1929702759,29383,29433,50
13.0886497498,80.169960022,29807,29857,50
13.0929098129,80.2004928589,33168,33218,50
13.0832195282,80.1986618042,33511,33572,61
13.0679702759,80.2052307129,33854,33895,41
13.045129776,80.2124481201,34510,34571,61
13.03565979,80.2123031616,34793,34854,61
13.0140695572,80.2045974731,35469,35520,51
13.0097398758,80.2112197876,35782,35813,31
13.0094804764,80.2109909058,35813,35893,80
13.009180069,80.2112808228,35893,35924,31
13.0154895782,80.2252197266,36186,36226,40
12.9756698608,80.2207717896,37032,37092,60
12.9758796692,80.2210922241,37092,37173,81
13.0439796448,80.2122192383,39565,39676,111
13.0832595825,80.1984863281,40585,40625,40
13.0876998901,80.1890182495,40948,40989,41
13.0993795395,80.1699981689,41614,41645,31
13.0929298401,80.2005310059,42916,42947,31
13.0831604004,80.1986618042,43159,43199,40
13.0679502487,80.2053909302,43502,43573,71
13.0639095306,80.2117080688,43825,43885,60
13.0503501892,80.2121429443,44108,44158,50
13.0449695587,80.212387085,44289,44330,41
13.0100803375,80.211479187,45108,45158,50
12.9963197708,80.2166137695,45855,45905,50
12.9959201813,80.2166976929,45905,45946,41
12.9758195877,80.2203216553,46349,46380,31
12.9757900238,80.2210464478,46410,46450,40
12.9761400223,80.2212295532,46470,46591,121
13.0297298431,80.2088470459,47873,47904,31
13.0438899994,80.2122421265,48186,48257,71
13.0720901489,80.2021484375,48893,48943,50
13.0820503235,80.1985473633,49165,49196,31
13.0832195282,80.1984786987,49246,49286,40
13.0836696625,80.1984634399,49295,49327,32
13.0873003006,80.1930007935,49529,49579,50
13.0880098343,80.1827697754,49852,49902,50
13.0881004333,80.1813735962,49943,49983,40
13.0880804062,80.1800994873,50013,50074,61
13.088549614,80.1711196899,50245,50336,91
13.0886001587,80.1705780029,50346,50397,51
13.0886297226,80.1698913574,50417,50477,60
13.09953022,80.1700973511,50649,50710,61
13.0994300842,80.1696014404,52032,52102,70
13.0830001831,80.198600769,53442,53502,60
13.0684099197,80.2054595947,53775,53815,40
13.0679502487,80.205291748,53835,53876,41
13.0691003799,80.2047119141,53916,53967,51
13.0495901108,80.2121582031,54421,54471,50
13.0096597672,80.2112121582,55339,55390,51
12.9755001068,80.2205963135,56339,56440,101
12.9759597778,80.2209701538,56763,56833,70
12.9759502411,80.2210693359,57812,57943,131
13.0880899429,80.1800231934,61375,61406,31
13.0886497498,80.1699295044,61587,61628,41
13.0996704102,80.1697616577,61809,61840,31
13.0888004303,80.1695785522,63243,63283,40
13.0881795883,80.1817016602,63545,63606,61
13.0874700546,80.1923828125,63788,63838,50
13.0680599213,80.2054672241,64858,64898,40
13.0382404327,80.2125015259,65625,65685,60
13.0242595673,80.2069702148,66119,66160,41
13.0095100403,80.2111816406,66624,66695,71
12.9977502823,80.2166213989,67391,67432,41
12.9759397507,80.2202835083,67967,68088,121
12.9854402542,80.2233200073,69178,69350,172
12.9856595993,80.2230911255,69360,69400,40
12.9863500595,80.2230606079,69430,69491,61
12.9968500137,80.2165603638,69804,69844,40
13.0074100494,80.2099075317,70178,70219,41
13.0285797119,80.2086715698,70885,70935,50
13.0349597931,80.2112579346,71107,71168,61
13.0429201126,80.2122802734,71339,71491,152
13.0545301437,80.2114868164,71741,71812,71
13.0687198639,80.2052993774,72246,72296,50
13.0716104507,80.2026977539,72387,72478,91
13.0821399689,80.1985397339,72882,72922,40
13.0831604004,80.1984710693,72973,73013,40
13.087679863,80.1885528564,73437,73496,59
13.0885896683,80.1697311401,73790,73831,41
13.0888595581,80.1696166992,75193,75224,31
13.0881900787,80.179397583,75446,75496,50
13.0873804092,80.1926727295,75738,75789,51
13.0679597855,80.2053222656,76627,76707,80
13.0374403,80.2124176025,77444,77505,61
13.0094404221,80.2110366821,78252,78302,50
12.9965801239,80.1913375854,81937,81987,50
12.9968395233,80.1906814575,82694,82734,40
12.9967298508,80.1912307739,82744,82865,121
12.9967699051,80.1911773682,82865,83006,141
12.9968395233,80.1912536621,16,127,111
12.9967002869,80.1914367676,127,298,171
12.9967403412,80.1912994385,4748,4849,101
12.9968299866,80.1913299561,5334,5515,181
12.9968204498,80.1913604736,19318,19468,150
12.9969301224,80.1913528442,19735,19856,121
13.0439996719,80.2122421265,25198,25238,40
13.0575704575,80.2114181519,25460,25541,81
13.0993700027,80.1700515747,28303,28364,61
13.0878896713,80.1879577637,28838,28879,41
13.0830602646,80.198677063,29444,29514,70
13.0679702759,80.2051010132,29837,29868,31
13.0698003769,80.2048873901,29918,29958,40
13.0639295578,80.2116394043,30090,30130,40
13.0446395874,80.2124404907,30412,30463,51
13.0378103256,80.2124099731,30542,30574,32
13.0093297958,80.2111206055,31390,31432,42
13.0114097595,80.223197937,31835,31866,31
13.0111303329,80.2230834961,31866,31916,50
13.0107898712,80.2229232788,31926,31987,61
12.9826698303,80.2218017578,33046,33087,41
12.9968700409,80.2164764404,33470,33501,31
13.0188999176,80.2060623169,34146,34187,41
13.035030365,80.211151123,34478,34530,52
13.0349798203,80.2118225098,34550,34590,40
13.0352802277,80.2122497559,34611,34671,60
13.0366001129,80.2122421265,34712,34802,90
13.0440797806,80.2121505737,34913,34974,61
13.044260025,80.2121963501,34974,35014,40
13.0815296173,80.1985321045,35761,35812,51
13.088640213,80.1710281372,36619,36669,50
13.0886602402,80.1698913574,36700,36801,101
13.0993995667,80.1697769165,37002,37103,101
13.0882902145,80.1792526245,38011,38062,51
13.0874700546,80.1923980713,38264,38304,40
13.0929203033,80.2002716064,38556,38617,61
13.067990303,80.2052536011,39192,39323,131
13.0696401596,80.2047729492,39364,39414,50
13.0455598831,80.2124023438,39878,39979,101
13.0354604721,80.2123184204,40161,40201,40
13.0094995499,80.2110824585,41019,41118,99
12.9859600067,80.2180175781,41834,41905,71
12.9754896164,80.2207183838,42066,42147,81
12.9761400223,80.2210235596,42530,42601,71
12.9761199951,80.2212219238,42611,42702,91
12.9817199707,80.2213592529,42813,42873,60
13.0367498398,80.212272644,44124,44165,41
13.0881700516,80.1795883179,45487,45547,60
13.0886497498,80.1708679199,45739,45778,39
13.0886697769,80.1701889038,45800,45860,60
13.0881996155,80.1792907715,48020,48060,40
13.0874300003,80.1922302246,48262,48312,50
13.0679302216,80.2052383423,49069,49150,81
12.9757204056,80.2203598022,51501,51551,50
12.9758901596,80.2212295532,51612,51703,91
12.996720314,80.1909332275,54801,54912,111
12.9958496094,80.1895294189,55244,55285,41
13.0440502167,80.2123718262,56102,56203,101
13.0881204605,80.1798782349,57384,57434,50
13.0993499756,80.1700592041,57808,57868,60
13.0890798569,80.1696090698,58009,58080,71
13.0879898071,80.185218811,58342,58383,41
13.0874004364,80.1926269531,58494,58544,50
13.069899559,80.2050476074,59150,59200,50
13.0446395874,80.2124481201,59715,59775,60
13.0099802017,80.21144104,60421,60472,51
13.0091495514,80.2113494873,60532,60573,41
12.975520134,80.2206192017,61905,61965,60
12.9757499695,80.2209701538,61965,62005,40
13.0348997116,80.2119674683,64094,64125,31
13.0437002182,80.2122421265,64236,64316,80
13.0687398911,80.2050704956,64892,64932,40
13.0718297958,80.2024078369,65033,65073,40
13.0743598938,80.1995697021,65144,65184,40
13.0837497711,80.1984710693,65396,65437,41
13.088640213,80.1698684692,66092,66203,111
13.0996799469,80.1698532104,66365,66436,71
13.0994195938,80.1697769165,66436,66577,141
13.0882797241,80.1792602539,67203,67243,40
13.0878295898,80.1898422241,67414,67495,81
13.087439537,80.1927566528,67556,67626,70
13.0858602524,80.2004470825,68070,68101,31
13.08314991,80.1987533569,68222,68292,70
13.0697097778,80.2049407959,68726,68757,31
13.050450325,80.212310791,69120,69181,61
13.0452003479,80.2125015259,69322,69403,81
13.0378799438,80.2125015259,69503,69534,31
13.0098400116,80.2114486694,70291,70341,50
13.0095300674,80.211227417,70341,70432,91
13.0153903961,80.2255630493,70694,70725,31
12.9984197617,80.2168273926,71199,71239,40
12.9824304581,80.2218017578,73005,73036,31
13.0070199966,80.2098007202,73823,73873,50
13.0687599182,80.2048873901,75195,75226,31
13.0830602646,80.1984634399,75659,75710,51
13.0880403519,80.1796798706,76255,76305,50
13.0885696411,80.1702270508,76467,76517,50
13.0992202759,80.1701202393,76679,76739,60
13.0679597855,80.2051467896,79807,79848,41
13.0094604492,80.2110671997,81160,81210,50
12.9755096436,80.2205886841,82189,82229,40
12.9973402023,80.2568969727,27261,27322,61
12.9972000122,80.2570114136,27594,27625,31
12.9972801208,80.2570037842,27625,27675,50
12.9972696304,80.2568206787,28744,28916,172
12.9974603653,80.2568206787,34646,34807,161
12.9972696304,80.2567672729,37107,37279,172
12.9973297119,80.2567214966,39276,39367,91
12.9972896576,80.2568206787,39367,39498,131
12.9972000122,80.2568206787,39498,39549,51
12.9972200394,80.2568435669,39549,39749,200
12.9973602295,80.2568511963,39749,39821,72
12.9972200394,80.2568435669,39821,39892,71
12.997300148,80.2568511963,40699,40790,91
12.9972200394,80.2568588257,40790,40951,161
12.9973297119,80.2569274902,42081,42192,111
12.9972400665,80.2567977905,60420,60582,162
12.9972400665,80.2570037842,80142,80223,81
12.9971199036,80.1932067871,1900,1940,40
12.9969501495,80.19090271,28553,28744,191
12.9973602295,80.1917800903,29601,29652,51
12.9975299835,80.19165802,31286,31427,141
12.9974603653,80.1916427612,48083,48235,152
12.9973402023,80.1915817261,49233,49344,111
12.997300148,80.1913604736,53962,53993,31
12.997010231,80.1914291382,54003,54154,151
12.9958496094,80.1897125244,54537,54577,40
12.8799295425,80.0805435181,57018,57119,101
12.7615003586,80.0037384033,58823,58883,60
12.7485399246,79.9968109131,59004,59074,70
12.691619873,79.9804763794,60062,60102,40
12.6904697418,79.9803619385,60223,60254,31
12.6910896301,79.9805984497,61544,61625,81
12.6963100433,79.9772491455,61786,61817,31
12.6976203918,79.9714508057,62018,62049,31
12.8758897781,80.0787582397,64499,64550,51
12.9275903702,80.1186294556,65709,65750,41
12.9277000427,80.1189880371,67545,67585,40
12.9252796173,80.1169128418,68200,68231,31
12.9055500031,80.0958328247,68684,68715,31
12.8811702728,80.0810089111,69128,69249,121
12.7600698471,80.0033493042,71266,71335,69
12.727230072,79.9826278687,71737,71807,70
12.7244701385,79.9820098877,71837,71908,71
12.690870285,79.9811172485,72584,72624,40
12.6944198608,79.9784698486,74681,74782,101
12.6947402954,79.9782562256,74782,74832,50
12.6950798035,79.9780807495,74832,74883,51
12.7238702774,79.981628418,75498,75538,40
12.7542600632,80.0006332397,75870,75941,71
12.7572498322,80.002281189,75941,75972,31
12.7736101151,80.0087966919,76111,76181,70
12.926030159,80.1172332764,78299,78339,40
12.9293203354,80.1204223633,78460,78511,51
12.9960403442,80.1893615723,79993,80024,31
12.9966697693,80.1911392212,80135,80195,60
12.9969997406,80.1908493042,80225,80256,31
12.9977197647,80.2563171387,18285,18376,91
12.9969701767,80.256111145,18406,18573,167
12.9969501495,80.2561416626,18573,18738,165
12.997010231,80.2562484741,19031,19091,60
12.9968900681,80.2567596436,19518,19552,34
12.9962396622,80.2627487183,19582,19638,56
12.9960203171,80.2648468018,19638,19671,33
12.9957504272,80.2674179077,19671,19703,32
12.9968996048,80.2677612305,19703,19734,31
12.9989995956,80.2671279907,19734,19767,33
13.0003595352,80.2658691406,19797,19828,31
13.0002098083,80.2668380737,20704,20735,31
12.9986495972,80.267288208,20735,20766,31
12.9958496094,80.2657928467,20823,20857,34
12.9964704514,80.2602462769,20916,20948,32
12.9967603683,80.2574234009,20948,20979,31
13.0009698868,80.2564315796,21069,21100,31
13.006480217,80.2567214966,21159,21190,31
13.0065002441,80.2535705566,21190,21221,31
13.0067100525,80.2495117188,21251,21282,31
13.0066404343,80.2463989258,21311,21342,31
13.0066604614,80.2406997681,21402,21433,31
13.0080404282,80.2338409424,21493,21526,33
13.0110998154,80.2239990234,21584,21618,34
13.0191602707,80.224319458,21801,21851,50
13.0283699036,80.2309036255,22022,22054,32
13.0297803879,80.2307662964,22054,22094,40
13.0305995941,80.2300796509,22094,22125,31
13.028169632,80.2271194458,22155,22230,75
13.0299596786,80.2242736816,22289,22322,33
13.0311603546,80.2233428955,22322,22353,31
13.0321598053,80.2205886841,22383,22414,31
13.0301198959,80.2092285156,22707,22747,40
13.0377702713,80.1927566528,23101,23132,31
13.0393104553,80.1968078613,25629,25700,71
13.0275096893,80.2328567505,27068,27261,193
13.0270996094,80.233001709,27281,27321,40
13.0068302155,80.2409667969,27919,27950,31
13.0066604614,80.2572097778,28245,28285,40
12.9957304001,80.267539978,28683,28723,40
12.9968996048,80.2560119629,30641,30742,101
13.0057096481,80.2573394775,30954,30994,40
13.0065803528,80.2520294189,31115,31176,61
13.0066404343,80.2483978271,31277,31367,90
13.0156698227,80.2251205444,31926,31957,31
13.0377397537,80.192779541,33646,33677,31
13.0489196777,80.2071075439,34399,34459,60
13.0498895645,80.2117004395,34895,34945,50
13.0445699692,80.2124328613,35066,35137,71
13.0307102203,80.2304763794,36929,37070,141
13.0299596786,80.2308197021,37100,37141,41
13.0280199051,80.23097229,37211,37262,51
13.027680397,80.2310333252,37262,37402,140
13.0081596375,80.2337875366,38000,38031,31
13.0072603226,80.2384414673,38222,38253,31
13.0066299438,80.2568817139,38698,38759,61
13.0015897751,80.2565994263,38890,38961,71
12.9977502823,80.2570877075,39082,39203,121
12.9976100922,80.2567672729,39223,39396,173
13.0003004074,80.2659378052,39790,39921,131
13.0003404617,80.2662734985,40133,40294,161
12.9968299866,80.2565689087,40629,40680,51
12.9968996048,80.2560806274,40690,40791,101
12.9985799789,80.2559204102,40831,40882,51
13.0065803528,80.2521514893,41174,41225,51
13.015250206,80.2248001099,41771,41802,31
13.0293998718,80.230796814,42236,42286,50
13.0301704407,80.2092208862,42974,43014,40
13.0360002518,80.2040023804,43286,43409,123
13.0488395691,80.2070922852,44472,44512,40
13.0443601608,80.212387085,45270,45310,40
13.0298099518,80.2308197021,47112,47152,40
13.0066900253,80.2460708618,47940,47972,32
13.0066299438,80.2571563721,48194,48285,91
13.0016002655,80.2565917969,48366,48417,51
13.0000495911,80.2665863037,48905,48936,31
13.0003004074,80.2662200928,48996,49067,71
12.9968395233,80.2561721802,50868,50928,60
12.9989595413,80.2560272217,50999,51039,40
13.0065498352,80.2522201538,51361,51432,71
13.0287904739,80.2271881104,52566,52607,41
13.0442695618,80.2119598389,54123,54154,31
13.0488004684,80.2070465088,54367,54407,40
13.0501499176,80.2068099976,54943,55033,90
13.0494203568,80.2069396973,55054,55094,40
13.0443496704,80.2123718262,55318,55349,31
13.0290298462,80.2242431641,56798,56838,40
13.0306100845,80.2302322388,57050,57161,111
13.0307102203,80.2306289673,57161,57222,61
13.0239295959,80.2282714844,57474,57505,31
13.0066795349,80.2571029663,58265,58336,71
13.0012903214,80.2565994263,58487,58549,62
12.9968395233,80.2561416626,60137,60208,71
12.9977397919,80.255897522,60208,60247,39
12.9989299774,80.2560501099,60247,60278,31
12.9485702515,80.1432876587,37377,37438,61
12.9484596252,80.1429519653,37438,37539,101
12.9484596252,80.1431121826,37539,37609,70
12.9483604431,80.1433029175,38891,39053,162
12.9483098984,80.1431274414,39063,39194,131
12.9483499527,80.1432723999,39194,39275,81
12.9482698441,80.1431808472,39275,39345,70
12.94713974,80.1409225464,43332,43373,41
12.9480304718,80.1416778564,43413,43595,182
12.9481601715,80.1421203613,43615,43655,40
12.9473400116,80.1415481567,43706,43787,81
12.9471797943,80.1413192749,44493,44685,192
12.9470901489,80.1412887573,44685,44725,40
12.9672698975,80.1490783691,45472,45553,81
13.0259599686,80.2310714722,47540,47580,40
13.0264701843,80.2327804565,47621,47671,50
13.0351104736,80.2459106445,47954,48014,60
13.0352602005,80.2460632324,48014,48125,111
13.0389604568,80.2467575073,48216,48388,172
13.0760202408,80.274597168,66759,66931,172
13.0761203766,80.2744369507,83659,83810,151
13.2383203506,80.1612167358,17803,17843,40
13.2358102798,80.1621398926,17843,17874,31
13.2284698486,80.1651687622,17932,17964,32
13.2217702866,80.1677398682,17964,18033,69
13.2183904648,80.1689987183,18033,18066,33
13.2179298401,80.1692581177,18066,18097,31
13.214630127,80.170249939,18097,18174,77
13.211230278,80.1715393066,18174,18207,33
13.2098398209,80.1720275879,18207,18238,31
13.2039604187,80.1753616333,18298,18370,72
13.2035398483,80.1756820679,18370,18404,34
13.1997299194,80.1785507202,18434,18465,31
13.1939001083,80.1835174561,18525,18603,78
13.1928501129,80.1844787598,18631,18662,31
13.1912002563,80.1859817505,18662,18693,31
13.1886301041,80.188293457,18693,18766,73
13.1858901978,80.190536499,18796,18827,31
13.1744699478,80.1971511841,18917,18948,31
13.1616802216,80.2030792236,19038,19126,88
13.1581602097,80.2039413452,19156,19187,31
13.1547203064,80.206489563,19217,19249,32
13.1497097015,80.2131271362,19279,19349,70
13.1471595764,80.2165527344,19349,19382,33
13.1450195313,80.2198486328,19382,19413,31
13.1390399933,80.2276916504,19503,19583,80
13.1366701126,80.2309188843,19643,19674,31
13.1316404343,80.2378082275,19704,19783,79
13.1289701462,80.2416915894,19873,19934,61
13.1257295609,80.2459487915,19994,20066,72
13.1226396561,80.24974823,20096,20127,31
13.1186199188,80.2584075928,20187,20267,80
13.1184797287,80.2593765259,20267,20327,60
13.1201896667,80.2593383789,20357,20388,31
13.1205101013,80.2589797974,20417,20448,31
13.1205701828,80.2585372925,20448,20479,31
13.1205301285,80.2591094971,22887,22927,40
13.2173995972,80.1689376831,25306,25348,42
13.2495298386,80.1562805176,26003,26114,111
13.2497501373,80.14012146,26446,26514,68
13.2410898209,80.1366500854,26655,26714,59
13.2410898209,80.1366500854,26714,26745,31
13.2323999405,80.1223983765,27683,27723,40
13.2479400635,80.157119751,31750,31801,51
13.2312803268,80.1640625,32154,32193,39
13.2294597626,80.1647796631,32193,32250,57
13.2291898727,80.1648864746,32250,32281,31
13.2176704407,80.1691436768,32675,32706,31
13.1934700012,80.1838989258,33250,33290,40
13.1842098236,80.1919021606,33623,33664,41
13.1646499634,80.2023620605,34017,34067,50
13.1298599243,80.2414779663,35166,35197,31
13.0758104324,80.2751617432,6182,6213,31
13.0758600235,80.2751083374,6243,6405,162
13.0758800507,80.275138855,20590,20651,61
13.0758695602,80.2753829956,20651,20711,60
13.0759096146,80.2761611938,21014,21045,31
13.0769901276,80.2762374878,21045,21076,31
13.0813999176,80.2751464844,21135,21166,31
13.0819501877,80.2753829956,21166,21197,31
13.081990242,80.2759475708,21197,21228,31
13.0820999146,80.2780990601,21256,21287,31
13.0820999146,80.2781066895,21287,21318,31
13.0823001862,80.2802963257,21348,21379,31
13.0875597,80.2839126587,21480,21570,90
13.0878200531,80.283821106,21570,21682,112
13.0699596405,80.2848129272,22035,22075,40
13.0667200089,80.2841186523,22075,22106,31
13.0565795898,80.2818984985,22166,22247,81
13.0501899719,80.2807769775,22277,22308,31
13.0435495377,80.2798461914,22308,22380,72
13.0394496918,80.2789764404,22409,22441,32
12.9251003265,80.2382278442,24390,24562,172
12.9281797409,80.2387619019,24663,24723,60
12.9311599731,80.2384719849,24834,24885,51
12.9357700348,80.2338790894,25107,25157,50
12.9633398056,80.2465286255,25592,25632,40
12.9877901077,80.2555007935,26016,26056,40
13.0239496231,80.2737731934,26824,26883,59
13.063079834,80.283203125,27510,27541,31
13.0877895355,80.2839584351,28066,28106,40
13.088139534,80.2837677002,28126,28187,61
13.0443601608,80.2799911499,31186,31226,40
13.0027704239,80.2567367554,32216,32297,81
12.9976997375,80.2559890747,32468,32519,51
12.9871702194,80.2556991577,32731,32781,50
12.9868297577,80.2556381226,32781,32812,31
12.98595047,80.2554702759,32862,32923,61
12.9565401077,80.2436904907,33416,33448,32
12.9495801926,80.2409210205,33569,33609,40
12.9491596222,80.2408676147,33619,33781,162
12.9357500076,80.2339782715,34003,34064,61
12.934220314,80.2350921631,34114,34155,41
12.9329996109,80.2363510132,34245,34276,31
12.9282302856,80.2387695313,34942,34983,41
12.9310903549,80.2384490967,35083,35144,61
12.9361600876,80.2338180542,35417,35558,141
12.9487400055,80.2405014038,35770,35851,81
12.9877796173,80.255317688,36679,36820,141
12.9877195358,80.2554779053,36820,36901,81
13.0888395309,80.2901916504,39161,39211,50
13.0856599808,80.2835083008,39383,39424,41
13.0877103806,80.2839279175,39444,39485,41
13.0881004333,80.283782959,39505,39556,51
13.0880804062,80.2837219238,39566,39616,50
13.0880899429,80.2838668823,39616,39667,51
13.0880899429,80.2838973999,39707,39869,162
13.088259697,80.2839202881,39869,39949,80
13.0880498886,80.2838363647,39949,39980,31
13.0879402161,80.2836990356,39980,40069,89
13.0879402161,80.2837982178,40081,40202,121
13.0884599686,80.2851486206,40949,41008,59
13.0884599686,80.2853164673,41008,41040,32
13.0887804031,80.2902832031,41191,41232,41
13.0017595291,80.2566223145,42665,42716,51
12.9890403748,80.2560119629,42978,43110,132
12.9565896988,80.2437973022,43604,43665,61
12.931429863,80.2386169434,44160,44240,80
12.9286203384,80.2389068604,44321,44362,41
12.956199646,80.2432327271,45220,45270,50
12.9633398056,80.2465591431,45391,45422,31
12.9871997833,80.251449585,46108,46159,51
12.9877004623,80.251373291,46179,46280,101
12.9950895309,80.2558364868,46492,46612,120
12.996629715,80.2557907104,46685,46725,40
13.0237998962,80.2735366821,47311,47351,40
13.0303096771,80.2769088745,47513,47563,50
13.0307302475,80.277130127,47583,47624,41
13.0310697556,80.27734375,47624,47674,50
13.0327997208,80.2774505615,47785,47846,61
13.0431604385,80.279586792,48179,48219,40
13.0799798965,80.2880783081,48660,48732,72
13.0809497833,80.2883224487,48732,48763,31
13.0887899399,80.2901611328,48854,48894,40
13.0854701996,80.2834014893,49025,49080,55
13.0761203766,80.2747497559,49413,49605,192
13.0759000778,80.2761917114,56178,56209,31
13.0812196732,80.2751464844,56350,56512,162
13.0881004333,80.2836532593,58137,58208,71
13.0882997513,80.2831268311,58218,58258,40
13.08852005,80.2820510864,58390,58430,40
13.0884504318,80.2850036621,58551,58591,40
13.0681295395,80.2844085693,59034,59131,97
13.0014600754,80.2565765381,60556,60607,51
12.9883804321,80.2559127808,60869,60930,61
12.9862003326,80.2555465698,60980,61011,31
12.9564800262,80.243598938,61576,61647,71
12.9520101547,80.2417984009,61707,61748,41
12.9312801361,80.2386016846,62354,62404,50
12.9286403656,80.2389297485,62495,62556,61
12.948559761,80.2405471802,65270,65310,40
12.9510097504,80.2413787842,65349,65381,32
12.975110054,80.2507476807,65865,65936,71
12.9846000671,80.2522125244,66108,66209,101
12.9878396988,80.254989624,66370,66421,51
12.9953899384,80.255897522,66673,66724,51
12.99903965,80.2561187744,66815,66855,40
13.0055999756,80.2573928833,66966,67037,71
13.0233602524,80.2730789185,67542,67582,40
13.0325202942,80.2775497437,67814,67845,31
13.0635299683,80.2833404541,68408,68469,61
13.0887403488,80.2902297974,68842,68873,31
13.0875196457,80.2840194702,69085,69135,50
13.0879297256,80.2840270996,69155,69206,51
13.0883703232,80.2851715088,70831,70892,61
13.0887098312,80.2898635864,71023,71094,71
13.0020303726,80.2567214966,72700,72770,70
12.9887304306,80.2559814453,73093,73245,152
12.9566602707,80.243850708,73851,73901,50
12.9497098923,80.2410888672,74083,74123,40
12.9312200546,80.2385864258,74527,74578,51
12.9255695343,80.2381820679,74790,74840,50
12.9312095642,80.2385177612,75002,75184,182
12.9562101364,80.2433776855,75689,75759,70
12.9631595612,80.2465286255,75860,75901,41
12.9853000641,80.251991272,76143,76214,71
12.9875402451,80.2514038086,76254,76365,111
12.987739563,80.2556915283,76426,76517,91
13.0856800079,80.2811431885,78536,78567,31
12.9981002808,80.2571029663,21253,21314,61
12.9977502823,80.256362915,23607,23648,41
12.9882001877,80.2558364868,23819,23860,41
12.9866600037,80.2594223022,23950,24041,91
12.9990100861,80.2560272217,24394,24434,40
13.0985002518,80.2420730591,27187,27278,91
13.098690033,80.2422103882,27288,27349,61
13.0985403061,80.2422027588,27349,27439,90
13.0777397156,80.2619171143,29020,29070,50
13.0737695694,80.261756897,29201,29242,41
13.0318002701,80.2416000366,30189,30230,41
13.0312099457,80.2403717041,30260,30331,71
13.0069904327,80.2399597168,30976,31057,81
13.0017004013,80.2565765381,31500,31561,61
12.9872102737,80.2595977783,31893,31934,41
12.987569809,80.2566604614,32691,32772,81
12.9946498871,80.2558898926,32943,33004,61
12.9961204529,80.2558822632,33044,33104,60
13.0006198883,80.2563705444,33215,33286,71
13.0067396164,80.2490081787,33518,33578,60
13.006649971,80.247467041,33619,33810,191
13.0194702148,80.2244110107,34324,34355,31
13.0309495926,80.239440918,34929,34970,41
13.031129837,80.2396697998,34970,35010,40
13.0388202667,80.2467880249,35212,35252,40
13.0491504669,80.2497406006,35524,35575,51
13.0517196655,80.2503128052,35716,35776,60
13.0857200623,80.2462615967,37257,37289,32
13.0977401733,80.2422637939,38035,38115,80
13.0863103867,80.2447509766,38337,38398,61
13.0794401169,80.2546386719,38781,38851,70
13.0791397095,80.2564468384,38892,38942,50
13.077750206,80.2619094849,39083,39194,111
13.0321798325,80.2423477173,40565,40596,31
13.0312795639,80.2404785156,40636,40717,81
13.0142602921,80.2263183594,41179,41211,32
13.0071001053,80.2392272949,41453,41493,40
13.0071001053,80.2394790649,41493,41543,50
13.0013399124,80.2565765381,42037,42108,71
12.9981603622,80.2559967041,42168,42199,31
12.9977502823,80.2569122314,42249,42390,141
12.997179985,80.2559661865,42451,42542,91
12.9896297455,80.2560119629,42642,42723,81
12.9884595871,80.255897522,42743,42783,40
12.9866504669,80.2590789795,43126,43288,162
12.9950304031,80.2559204102,43570,43640,70
12.9984502792,80.2559585571,43721,43761,40
12.9990997314,80.2561035156,43770,43812,42
13.0009098053,80.2564697266,43852,43892,40
13.0066404343,80.2477264404,44185,44265,80
13.0112304688,80.2234420776,44618,44649,31
13.0258998871,80.2308731079,44981,45052,71
13.0754804611,80.2585067749,46766,46816,50
13.0972299576,80.2420730591,47573,47653,80
13.0985002518,80.2422714233,49000,49101,101
13.0799198151,80.2547302246,49797,49867,70
13.0395898819,80.2470703125,51228,51289,61
13.0380601883,80.2467193604,51319,51360,41
13.0319299698,80.2419662476,51511,51561,50
13.0311403275,80.2401580811,51600,51692,92
13.006649971,80.2571105957,52549,52640,91
13.0018501282,80.2566375732,52731,52791,60
12.9872598648,80.2595214844,53194,53245,51
12.9966001511,80.2558364868,53890,53930,40
13.0065698624,80.253578186,54253,54324,71
13.0065803528,80.2522583008,54364,54424,60
13.0066404343,80.2478713989,54495,54535,40
13.0263204575,80.2325286865,55191,55231,40
13.0385904312,80.246673584,55584,55624,40
13.0789499283,80.2550201416,56804,56874,70
13.0970802307,80.2420196533,57469,57520,51
13.0858697891,80.2452011108,58824,58855,31
13.085940361,80.2501831055,58945,58996,51
13.0797100067,80.2546310425,59217,59248,31
13.0767698288,80.2570724487,59338,59369,31
13.0400295258,80.2472305298,60659,60740,81
13.0317897797,80.2416534424,60992,61042,50
13.0311098099,80.2401199341,61073,61174,101
13.0267095566,80.2334823608,61285,61325,40
13.0201396942,80.2249832153,61526,61557,31
13.0066404343,80.2568283081,62252,62293,41
12.988409996,80.2559280396,62827,62918,91
12.9867095947,80.2590637207,63099,63130,31
12.9876203537,80.256072998,63997,64179,182
12.9989700317,80.2561264038,64421,64471,50
13.0066204071,80.2476196289,64814,64945,131
13.078909874,80.2548599243,67537,67627,90
13.085849762,80.2501220703,69560,69631,71
13.0790500641,80.256439209,70174,70256,82
13.0776796341,80.2621231079,70417,70448,31
13.0401296616,80.2473220825,71645,71725,80
13.0251197815,80.2298812866,72260,72310,50
13.0023698807,80.2567367554,73187,73218,31
12.9894504547,80.2559967041,73601,73661,60
12.9870004654,80.2593688965,73873,73909,36
12.9873800278,80.2583084106,73909,74073,164
12.9874801636,80.2568969727,74103,74174,71
12.9881095886,80.2558288574,74203,74235,32
12.9991598129,80.2561264038,74466,74516,50
13.0064401627,80.252532959,74768,74839,71
13.0389995575,80.2468719482,75968,76019,51
13.0790195465,80.2564468384,77178,77209,31
13.0856304169,80.2453536987,77592,77652,60
13.096830368,80.2419967651,77854,77894,40
13.0981998444,80.2423477173,78217,78255,38
13.0975103378,80.2422332764,78255,78317,62
13.0964097977,80.241859436,78317,78349,32
13.0320997238,80.2422409058,80072,80103,31
13.0315103531,80.2410812378,80143,80204,61
13.0069303513,80.2401733398,80718,80778,60
12.9872198105,80.2591094971,81393,81454,61
12.9875602722,80.2559204102,81504,81565,61
13.014289856,80.2256164551,1695,1836,141
13.0142002106,80.2261810303,17351,17543,192
13.0104103088,80.2252502441,17543,17624,81
12.9953298569,80.2171401978,17764,17805,41
12.9935798645,80.2184371948,17805,17836,31
12.9885702133,80.2225265503,17866,17937,71
12.986000061,80.2229614258,17937,17971,34
12.978509903,80.2211837769,18031,18071,40
12.969909668,80.2186279297,18161,18232,71
12.9678401947,80.2178192139,18232,18263,31
12.9633598328,80.216003418,18293,18324,31
12.9604196548,80.21484375,18324,18358,34
12.9514198303,80.2113037109,18388,18466,78
12.9426603317,80.2073287964,18525,18557,32
12.933719635,80.2039337158,18617,18690,73
12.9285202026,80.2024612427,18750,18781,31
12.9255104065,80.1975326538,18781,18849,68
12.9235801697,80.1975021362,18849,18882,33
12.9211702347,80.1969985962,18882,18913,31
12.9168195724,80.1923217773,19003,19034,31
12.9085702896,80.190612793,19064,19138,74
12.9034700394,80.1840133667,19228,19259,31
12.8975801468,80.1821289063,19289,19320,31
12.8932600021,80.1798706055,19349,19382,33
12.8894996643,80.1742172241,19382,19494,112
12.8618803024,80.1738815308,19815,19846,31
12.8514299393,80.1710205078,19961,20000,39
12.8423500061,80.1699523926,20000,20081,81
12.8336200714,80.1668167114,20171,20253,82
12.8308200836,80.1655426025,20253,20284,31
12.8277902603,80.1653289795,20807,20899,92
12.8277597427,80.1651916504,20899,20989,90
12.8277997971,80.1652297974,21048,21080,32
12.827630043,80.1651916504,21080,21231,151
12.827630043,80.1651916504,21231,21383,152
12.8566398621,80.1721801758,23388,23479,91
12.865650177,80.175819397,23550,23590,40
12.875869751,80.1708374023,23709,23793,84
12.8939504623,80.1802368164,24095,24126,31
12.8976402283,80.1820983887,24176,24207,31
12.9123601913,80.1918411255,24479,24600,121
12.9315395355,80.2031784058,25084,25256,172
12.9838104248,80.2222900391,26255,26305,50
13.0267496109,80.2330780029,28716,28776,60
13.0171804428,80.2252731323,29059,29099,40
12.9998998642,80.2176437378,29463,29533,70
12.9948701859,80.216468811,29573,29634,61
12.9871101379,80.22315979,29765,29816,51
12.9764099121,80.221206665,29977,30048,71
12.9658603668,80.217048645,30280,30320,40
12.9658603668,80.217048645,30320,30391,71
12.9589796066,80.2142181396,30562,30602,40
12.9171104431,80.1924514771,31631,31662,31
12.9166297913,80.1923065186,31702,31752,50
12.9125900269,80.1919403076,31783,31843,60
12.9093999863,80.1913070679,31853,32045,192
12.8752803802,80.1711883545,32600,32670,70
12.8365001678,80.1689300537,33195,33326,131
12.8278398514,80.1651611328,34930,34971,41
12.8281002045,80.1652297974,34981,35051,70
12.8798599243,80.1701507568,35745,35814,69
12.8981199265,80.1823425293,36217,36258,41
12.9236402512,80.1974182129,36984,37085,101
12.9332304001,80.2036514282,37236,37297,61
12.9370698929,80.2049102783,37317,37397,80
12.9406499863,80.2065811157,37397,37458,61
12.9446401596,80.2083816528,37468,37529,61
12.9471902847,80.2094421387,37539,37730,191
12.9735202789,80.2198104858,38023,38073,50
12.9761199951,80.2210998535,38164,38204,40
13.0102396011,80.2222900391,38891,38931,40
13.0193500519,80.2243423462,39284,39344,60
13.0294599533,80.2309188843,39889,39929,40
13.0320901871,80.2306900024,40020,40091,71
13.0343198776,80.229888916,40494,40535,41
13.0341796875,80.2302017212,40545,40595,50
13.0341796875,80.2302017212,40595,40656,61
13.0301198959,80.2307662964,40767,40847,80
13.0277700424,80.2329101563,40918,41019,101
13.0225801468,80.2269134521,41150,41190,40
13.0225801468,80.2269134521,41190,41221,31
13.0199298859,80.2248306274,41231,41392,161
13.0142402649,80.2253799438,41392,41513,121
13.0099000931,80.2224273682,41755,41795,40
13.0033197403,80.2200088501,41846,41927,81
12.996919632,80.2164230347,41937,41977,40
12.9948501587,80.2171173096,41997,42038,41
12.9907798767,80.220161438,42078,42147,69
12.9760198593,80.2212677002,42381,42491,110
12.9665899277,80.2172393799,42653,42792,139
12.9535398483,80.2121582031,42812,42853,41
12.9502801895,80.2108688354,42873,42964,91
12.8956604004,80.1811294556,43993,44083,90
12.8897399902,80.1736907959,44164,44214,50
12.8684597015,80.1758117676,44315,44513,198
12.8684597015,80.1758117676,44513,44594,81
12.8617601395,80.1738204956,44634,44684,50
12.8565101624,80.1721572876,44735,44886,151
12.8376102448,80.1691970825,44907,44987,80
12.8376102448,80.1691970825,44987,45018,31
12.8277997971,80.1652069092,45170,45230,60
12.8274898529,80.1650924683,45271,45321,50
12.81112957,80.1595611572,45503,45563,60
12.8101501465,80.1596374512,45573,45613,40
12.8271799088,80.1647415161,45866,45916,50
12.8276500702,80.1651382446,46834,46894,60
12.836520195,80.1685791016,47056,47137,81
12.8405895233,80.1702194214,47147,47197,50
12.8565397263,80.1721496582,47308,47348,40
12.8621196747,80.1739196777,47419,47459,40
12.8658599854,80.1757278442,47480,47530,50
12.8800001144,80.1701965332,47599,47666,67
12.8824996948,80.1709518433,47696,47727,31
12.8881702423,80.1736373901,47818,47959,141
12.8979701996,80.1822280884,48019,48211,192
12.919260025,80.1962738037,48564,48675,111
12.9295396805,80.2028427124,48826,48867,41
12.9334497452,80.2037124634,48877,48957,80
12.942440033,80.2068023682,49028,49089,61
12.9716396332,80.2190322876,49482,49583,101
12.9790897369,80.2213287354,49663,49694,31
12.9812002182,80.2208786011,49704,49744,40
12.9829702377,80.2218933105,49754,49865,111
12.9869098663,80.2229766846,49885,49986,101
13.0327796936,80.2306213379,50914,51096,182
13.0348701477,80.2300033569,51126,51166,40
13.0345096588,80.2299118042,51187,51237,50
13.0344200134,80.2298583984,51459,51530,71
13.0342502594,80.2298278809,51530,51590,60
13.0308599472,80.2307434082,51701,51741,40
13.0270395279,80.232963562,51812,51852,40
12.9305801392,80.2028198242,53759,53850,91
12.9260702133,80.1975708008,53880,54031,151
12.9177398682,80.1948013306,54041,54132,91
12.8266801834,80.1646270752,55762,55913,151
12.8106002808,80.1596908569,56156,56277,121
12.845580101,80.1702728271,57981,58012,31
12.8500795364,80.1707763672,58022,58122,100
12.8567199707,80.1720199585,58143,58224,81
12.8577699661,80.1724472046,58224,58405,181
12.8696498871,80.1748733521,58425,58562,137
12.9757604599,80.2209472656,60915,61006,91
12.981010437,80.2212524414,61046,61086,40
12.9827699661,80.2220993042,61086,61278,192
12.9893598557,80.2211532593,61298,61359,61
13.0204696655,80.2250518799,62005,62176,171
13.0342903137,80.229927063,63507,63659,152
13.0341596603,80.2301101685,63669,63749,80
13.0321397781,80.2306213379,63830,63891,61
13.0286502838,80.2307815552,63982,64092,110
13.0266895294,80.2329864502,64092,64123,31
13.0232200623,80.2275314331,64254,64314,60
12.9759597778,80.2213668823,65485,65545,60
12.9487600327,80.2102584839,66049,66110,61
12.9220104218,80.1973190308,66855,66887,32
12.9169902802,80.193359375,67077,67109,32
12.9165296555,80.1921615601,67210,67250,40
12.8914203644,80.1766662598,68064,68104,40
12.8649301529,80.1757125854,68579,68619,40
12.8566703796,80.1722564697,68730,68780,50
12.8562803268,80.172088623,68780,68851,71
12.8334197998,80.1668395996,69144,69194,50
12.8275604248,80.165222168,69234,69275,41
12.8276700974,80.1652603149,70323,70383,60
12.8563299179,80.172203064,70898,70968,70
12.8809204102,80.170753479,71148,71247,99
12.8906002045,80.1752319336,71469,71509,40
12.8916597366,80.1768875122,71519,71559,40
12.9229803085,80.1974029541,72347,72387,40
12.9411802292,80.2061080933,72760,72821,61
12.9450397491,80.2086715698,72831,72901,70
12.951789856,80.2113876343,72962,73022,60
12.9557504654,80.2127914429,73033,73073,40
12.9607896805,80.2146606445,73093,73254,161
12.9725704193,80.2195663452,73335,73476,141
12.9759902954,80.2217407227,73587,73628,41
13.012339592,80.2234573364,74536,74626,90
13.0177001953,80.2248916626,74687,74727,40
13.024479866,80.2287368774,74899,74949,50
13.0157804489,80.2257995605,75020,75060,40
13.0143404007,80.22605896,75060,75101,41
13.0143003464,80.225692749,75161,75343,182
13.0141601563,80.2256774902,75524,75645,121
13.0143203735,80.2258377075,76240,76361,121
13.0143699646,80.2257003784,78883,79055,172
12.9979496002,80.2568206787,8236,8408,172
12.9976997375,80.2568435669,12841,13003,162
12.9979400635,80.256980896,19800,19890,90
12.9977302551,80.2562637329,19920,19982,62
12.9938402176,80.2560119629,20039,20070,31
12.9910497665,80.2560272217,20070,20103,33
12.9871196747,80.2595367432,20133,20241,108
12.9866600037,80.2594833374,20241,20272,31
12.9871301651,80.2591323853,20301,20332,31
12.9874095917,80.2581634521,20362,20393,31
12.9885797501,80.2558822632,20453,20484,31
12.9958696365,80.2558898926,20544,20615,71
12.997590065,80.2559127808,20615,20649,34
13.0003404617,80.2563171387,20679,20710,31
13.0064897537,80.2573394775,20769,20800,31
13.0065202713,80.2550125122,20800,20831,31
13.0068101883,80.2504119873,20860,20891,31
13.0067195892,80.2456130981,20921,20952,31
13.006939888,80.2392578125,20982,21013,31
13.0078201294,80.2350311279,21043,21074,31
13.0096702576,80.2270889282,21103,21134,31
13.0120801926,80.2216796875,21163,21194,31
13.0136699677,80.2230682373,21194,21225,31
13.0162601471,80.2253265381,21254,21285,31
13.0190696716,80.2243270874,21285,21316,31
13.0197401047,80.2245178223,21316,21347,31
13.0238103867,80.2278594971,21406,21437,31
13.0582799911,80.2583694458,22021,22063,42
13.0620698929,80.2629776001,22093,22177,84
13.0637397766,80.265296936,22177,22208,31
13.0704402924,80.2657699585,22268,22344,76
13.0719404221,80.2641983032,22344,22378,34
13.0789403915,80.2548370361,22701,22742,41
13.0983695984,80.2423019409,23216,23247,31
13.0778102875,80.2621765137,26033,26074,41
13.0395803452,80.2470397949,27071,27142,71
13.0067396164,80.2466201782,28132,28192,60
13.0017595291,80.2566299438,28434,28485,51
12.997590065,80.2559432983,28606,28647,41
12.9872503281,80.2594909668,28869,28909,40
12.9866399765,80.2590713501,28959,28990,31
12.986869812,80.2591094971,28990,29041,51
12.9872303009,80.2591629028,29051,29102,51
12.9865598679,80.2594680786,29152,29314,162
12.9866504669,80.2595672607,29546,29617,71
12.9869003296,80.2591323853,30020,30071,51
12.9875802994,80.2559967041,30192,30273,81
13.0066795349,80.251991272,30760,30830,70
13.0066699982,80.2476882935,30891,30973,82
13.0067396164,80.2474975586,30973,31033,60
13.0154600143,80.224937439,31558,31599,41
13.0171003342,80.2250976563,31679,31710,31
13.0265102386,80.2328262329,32064,32104,40
13.0388002396,80.2467803955,32508,32559,51
13.0616598129,80.2625427246,33175,33206,31
13.0856800079,80.24584198,34167,34207,40
13.0970401764,80.2419891357,34520,34591,71
13.0984802246,80.2423324585,35127,35167,40
13.0777597427,80.2620773315,36269,36339,70
13.077870369,80.2623825073,36339,36380,41
13.0375995636,80.2466278076,37593,37624,31
13.0316095352,80.2411117554,37743,37785,42
13.0263395309,80.2327880859,37927,37958,31
13.0083503723,80.2328567505,38464,38495,31
13.0080003738,80.2343673706,38565,38596,31
13.0070104599,80.2395172119,38716,38757,41
13.0066900253,80.2429199219,38847,38890,43
13.0068302155,80.2512969971,39021,39061,40
13.0066099167,80.2568588257,39162,39233,71
13.001660347,80.2566223145,39344,39404,60
12.9975996017,80.2568664551,39556,39697,141
12.9977302551,80.2559967041,39727,39767,40
12.9881000519,80.2558898926,39940,39981,41
12.9871702194,80.2595825195,40082,40122,40
12.9950799942,80.255821228,40981,41022,41
12.9965000153,80.2558135986,41052,41112,60
13.0065803528,80.2522277832,41498,41530,32
13.0066604614,80.2477416992,41599,41649,50
13.0245103836,80.2286529541,42298,42338,40
13.0309896469,80.2394485474,42610,42652,42
13.0389204025,80.2468032837,42844,42894,50
13.0755701065,80.2585067749,44239,44340,101
13.0856704712,80.2455825806,44755,44815,60
13.0943603516,80.2412109375,44947,44987,40
13.0984096527,80.2420501709,45148,45209,61
13.0777301788,80.2620315552,46100,46140,40
13.0739097595,80.2618408203,46301,46343,42
13.0314102173,80.2405776978,47751,47832,81
13.0069198608,80.239730835,48529,48570,41
13.0065898895,80.256942749,48822,48873,51
13.0016403198,80.2565917969,48973,49024,51
12.9884796143,80.2559280396,49257,49328,71
12.9872598648,80.2592773438,49409,49488,79
12.9871397018,80.2596435547,49500,49560,60
12.9868001938,80.2590713501,51409,51500,91
12.9875802994,80.2564620972,51601,51652,51
12.9962701797,80.2558898926,51833,51874,41
12.9987802505,80.2560272217,51934,51995,61
13.0065603256,80.2533111572,52147,52188,41
13.0066003799,80.2520370483,52247,52319,72
13.0066604614,80.2475585938,52410,52450,40
13.0663900375,80.2682876587,54391,54422,31
13.0754499435,80.2584686279,54967,55068,101
13.0789699554,80.2551574707,55170,55219,49
13.0856304169,80.2454223633,55595,55635,40
13.0985097885,80.2421264648,56001,56052,51
13.0975198746,80.2421722412,56516,56587,71
13.0859003067,80.2501983643,56951,56990,39
13.0777997971,80.2621612549,57497,57587,90
13.0655498505,80.2677307129,58134,58184,50
13.0327396393,80.2431182861,59145,59176,31
13.0323400497,80.2425537109,59216,59317,101
13.0314302444,80.2408218384,59368,59449,81
13.0070695877,80.2393875122,60217,60248,31
13.0069799423,80.2402801514,60298,60349,51
12.9885597229,80.2559204102,61117,61208,91
12.9872398376,80.2593002319,61299,61349,50
12.9870595932,80.2591781616,62238,62279,41
12.9875497818,80.2566680908,62380,62501,121
12.9954299927,80.2559127808,62796,62866,70
13.006360054,80.2574005127,63171,63212,41
13.0065202713,80.2536773682,63282,63353,71
13.0065603256,80.2521362305,63393,63485,92
13.0066404343,80.2481613159,63554,63657,103
13.007349968,80.236907959,63950,64000,50
13.0257701874,80.23072052,64664,64748,84
13.0309200287,80.2395477295,64910,65001,91
13.0386295319,80.2468032837,65202,65233,31
13.078909874,80.2548828125,66657,66698,41
13.0831203461,80.2499389648,67011,67091,80
13.0834798813,80.25,67091,67122,31
13.0932397842,80.2410888672,67536,67586,50
13.0936498642,80.2411727905,67617,67648,31
13.0983896255,80.2421112061,67930,68112,182
13.0976600647,80.2423019409,68143,68243,100
13.079000473,80.2562103271,69021,69061,40
13.0776996613,80.2620391846,69243,69283,40
13.0565004349,80.2574768066,70243,70283,40
13.047369957,80.2488632202,70616,70717,101
13.0322198868,80.2424621582,71282,71414,132
13.024720192,80.2293167114,71757,71838,81
13.0239200592,80.2283096313,71878,71909,31
13.0069999695,80.2393722534,72363,72464,101
13.0068302155,80.2401504517,72484,72535,51
13.0065803528,80.2571182251,72868,72918,50
12.9970397949,80.2559204102,73211,73272,61
12.9880895615,80.2558517456,73453,73625,172
12.9871702194,80.2595291138,73716,73766,50
12.9868001938,80.2591018677,73827,73887,60
12.9965295792,80.255897522,74725,74766,41
12.9991798401,80.256149292,74847,74907,60
13.00096035,80.2564620972,74937,74968,31
13.0065898895,80.2475128174,75250,75331,81
13.0066299438,80.2406234741,75484,75524,40
13.0309400558,80.2395019531,76392,76433,41
13.03565979,80.246131897,76594,76625,31
13.0773296356,80.2609863281,78008,78048,40
13.0755796432,80.2588806152,78109,78159,50
13.0754995346,80.2585525513,78179,78260,81
13.0789203644,80.2549362183,78432,78472,40
13.0984096527,80.2421035767,79261,79392,131
13.0975599289,80.2422103882,79412,79483,71
13.0840597153,80.2545928955,79915,79966,51
13.077750206,80.2622299194,80299,80339,40
13.0311803818,80.2402114868,81672,81712,40
12.9976902008,80.2565078735,83308,83409,101
13.0761098862,80.274848938,759,907,148
13.0747098923,80.2752990723,24604,24739,135
13.0066795349,80.2517318726,27999,28134,135
13.0067195892,80.2482681274,28164,28320,156
13.0122003555,80.2236404419,40148,40231,83
13.0141296387,80.224609375,40231,40262,31
13.0142002106,80.2263412476,40262,40348,86
13.0135002136,80.2265777588,40348,40379,31
13.0086202621,80.2314834595,40379,40483,104
13.0084199905,80.2324905396,40483,40515,32
13.0676498413,80.2841567993,42706,42810,104
13.0739402771,80.2855072021,42840,42898,58
13.0811004639,80.2883987427,42898,43024,126
13.0885400772,80.2903137207,43074,43177,103
13.0852003098,80.2865829468,43207,43300,93
12.9944496155,80.2173995972,48956,49056,100
12.9967699051,80.216506958,49056,49087,31
13.0006904602,80.2179794312,49087,49178,91
13.0026597977,80.2196731567,49178,49210,32
13.0088500977,80.2218780518,49231,49318,87
13.0869998932,80.2838516235,52564,52714,150
12.9895601273,80.2212905884,67158,67257,99
12.9904899597,80.2203826904,67257,67288,31
12.9941997528,80.2176971436,67288,67393,105
12.9967899323,80.2165908813,67424,67486,62
12.9983797073,80.2167663574,67486,67560,74
13.0040998459,80.2201766968,67590,67647,57
13.0143499374,80.2248535156,67659,67805,146
13.0152702332,80.2253112793,67835,67927,92
13.0154695511,80.2256317139,67927,67958,31
13.0092496872,80.2284393311,67958,68044,86
13.0085802078,80.2316131592,68044,68076,32
13.0080900192,80.2342681885,68076,68133,57
13.0073099136,80.2380828857,68133,68258,125
13.0071401596,80.2389831543,68258,68289,31
13.006939888,80.240196228,68309,68412,103
13.0069599152,80.2404022217,68412,68443,31
13.0066604614,80.243560791,68443,68547,104
13.0066900253,80.2456970215,68577,68625,48
13.0065402985,80.2543869019,68625,68782,157
13.0083904266,80.2590103149,68811,68904,93
13.0191602707,80.2645492554,69106,69207,101
13.0196695328,80.2684326172,69207,69271,64
13.0209197998,80.2699432373,69271,69302,31
13.0235500336,80.2733306885,69302,69378,76
13.0258903503,80.2752304077,69409,69501,92
13.0269203186,80.2757568359,69501,69532,31
13.0286502838,80.276512146,69532,69588,56
13.0326795578,80.2775878906,69588,69725,137
13.0329999924,80.2775268555,69725,69776,51
13.0380001068,80.2786026001,69776,69891,115
13.0423898697,80.2796401978,69921,69971,50
13.0485401154,80.2805862427,69971,70058,87
13.0527200699,80.2812194824,70058,70116,58
13.0571804047,80.2819519043,70116,70218,102
13.0601902008,80.2826385498,70218,70282,64
13.0649795532,80.2836685181,70312,70405,93
13.0676202774,80.2842788696,70405,70436,31
13.0739603043,80.2856826782,70436,70522,86
13.0787296295,80.2877883911,70552,70607,55
13.0875396729,80.2899093628,70607,70733,126
13.0887498856,80.2902679443,70733,70784,51
13.0866498947,80.2897567749,70784,70887,103
13.0853395462,80.2839126587,70917,71022,105
13.0868396759,80.2840423584,71052,71099,47
13.087679863,80.2838973999,71099,71267,168
13.0880002975,80.2815093994,71288,71422,134
13.0883798599,80.2846679688,71432,71525,93
13.0883998871,80.2850799561,71525,71603,78
13.0886602402,80.2888183594,71603,71749,146
13.0888299942,80.2901077271,71779,71935,156
13.0827102661,80.2892227173,71935,72038,103
13.0778999329,80.2876586914,72038,72096,58
13.0747299194,80.286529541,72096,72129,33
13.064209938,80.2836303711,72129,72249,120
13.0564603806,80.2819213867,72279,72384,105
13.0463600159,80.2802963257,72435,72522,87
13.0406103134,80.2793502808,72522,72580,58
13.0366401672,80.2781066895,72580,72681,101
13.0337095261,80.2774429321,72681,72746,65
13.0333204269,80.2774505615,72746,72777,31
13.0276699066,80.2760391235,72777,72882,105
13.0240497589,80.2740936279,72912,72989,77
13.0209197998,80.2699966431,73019,73076,57
13.0187997818,80.2626419067,73076,73214,138
13.0076398849,80.2589263916,73264,73379,115
13.0064401627,80.2559661865,73379,73410,31
13.0065803528,80.2519378662,73410,73504,94
13.0065803528,80.2469863892,73534,73580,46
13.0065202713,80.2412033081,73580,73726,146
13.0065603256,80.2407989502,73726,73757,31
13.007519722,80.2361984253,73757,73861,104
13.0079202652,80.2341308594,73861,73893,32
13.0109300613,80.2241973877,73912,74015,103
13.0093803406,80.2222518921,74015,74073,58
13.0077104568,80.2213363647,74073,74107,34
13.000459671,80.217918396,74107,74227,120
12.9961299896,80.2166976929,74257,74343,86
12.9930400848,80.2185134888,74373,74460,87
12.9915895462,80.2195663452,74460,74491,31
12.9892196655,80.2218093872,74491,74545,54
12.9858703613,80.2230300903,74545,74670,125
12.9846496582,80.2230987549,74670,74701,31
12.9803800583,80.2210922241,74721,74824,103
12.9762201309,80.2212295532,74854,74947,93
12.9765396118,80.2221679688,74947,74978,31
12.9765996933,80.2222213745,74978,75032,54
12.9765701294,80.2222671509,75032,75209,177
12.9766597748,80.222366333,75520,75670,150
12.976650238,80.2222900391,76004,76163,159
12.9765996933,80.2222213745,76163,76298,135
12.9765701294,80.2222595215,76769,76892,123
12.9870004654,80.2597427368,2135,2287,152
12.986700058,80.2587585449,3357,3498,141
12.9868202209,80.2587738037,8887,9058,171
12.9867696762,80.2588882446,16802,16893,91
12.9870300293,80.2590866089,16893,16933,40
12.9866399765,80.259147644,17044,17075,31
12.987039566,80.2591323853,17085,17155,70
12.9872398376,80.2585296631,17206,17367,161
12.987159729,80.2584228516,17367,17509,142
12.9318504333,80.2387313843,25394,25465,71
12.9309301376,80.2384262085,25806,25867,61
12.9357299805,80.2339477539,26089,26120,31
12.9871397018,80.2515029907,26776,26822,46
12.9877796173,80.2554397583,26915,26966,51
13.0240001678,80.2737197876,27700,27769,69
13.0339097977,80.2764129639,29071,29162,91
13.0340003967,80.2763671875,29596,29727,131
13.0340299606,80.2762374878,29727,29848,121
13.033780098,80.2763519287,29858,29909,51
13.0888004303,80.2901535034,30707,30758,51
13.0881500244,80.2837905884,31232,31404,172
13.088139534,80.2836990356,31414,31484,70
13.0020303726,80.2566223145,34783,34814,31
12.9923696518,80.2560806274,35006,35088,82
12.9914302826,80.2560424805,35138,35199,61
12.9895000458,80.2559890747,35259,35350,91
12.9860696793,80.2555007935,35471,35582,111
12.9665203094,80.2478790283,35935,35976,41
12.9653396606,80.247428894,36046,36137,91
12.9650802612,80.2472610474,36147,36339,192
12.9252595901,80.2383270264,37377,37518,141
12.9562397003,80.2433013916,38426,38537,111
12.9952802658,80.2558898926,39738,39789,51
12.9967498779,80.2558517456,39829,39890,61
12.9990501404,80.2560424805,39940,40011,71
13.0326595306,80.2773971558,40866,40897,31
13.0430202484,80.2795181274,41078,41109,31
13.0887804031,80.2901000977,41813,41853,40
13.0876502991,80.2839431763,42047,42090,43
13.0241298676,80.2741775513,44308,44348,40
13.0212898254,80.2703704834,44418,44500,82
13.0032997131,80.2568817139,44962,45012,50
13.0015096664,80.2565689087,45053,45113,60
12.9568195343,80.2438201904,45999,46030,31
12.9567604065,80.2438201904,46040,46080,40
12.9794797897,80.2525405884,47975,48006,31
12.995759964,80.255859375,48874,48914,40
13.0004997253,80.2563934326,49106,49146,40
13.0238103867,80.2735595703,49721,49773,52
13.0330400467,80.2774810791,50055,50086,31
13.0876398087,80.2839508057,51225,51276,51
13.0879201889,80.2839431763,51286,51342,56
13.0881795883,80.283782959,51354,51546,192
13.0885000229,80.2850189209,51738,51837,99
12.99862957,80.2561416626,53644,53675,31
12.9867296219,80.258972168,54621,54793,172
13.0236902237,80.2734222412,55775,55815,40
13.0638399124,80.2833862305,56571,56602,31
13.0887002945,80.2901382446,56935,57016,81
13.0875597,80.2838973999,57238,57359,121
13.0883302689,80.2832107544,59014,59065,51
13.0884799957,80.2851028442,59105,59176,71
13.0888004303,80.2902069092,59327,59368,41
13.0800199509,80.288192749,59477,59517,40
13.0356903076,80.2777175903,60092,60123,31
13.0348796844,80.277633667,60173,60224,51
13.0336303711,80.2773513794,60254,60345,91
13.0335197449,80.2766799927,60385,60446,61
13.0335903168,80.2763366699,60446,60526,80
13.0340003967,80.2765579224,60738,60809,71
13.0338201523,80.2763900757,60809,60859,50
13.0241203308,80.2741470337,61202,61243,41
12.997179985,80.2559127808,61766,61842,76
12.9883003235,80.255897522,62006,62087,81
12.9667797089,80.2480621338,62459,62490,31
12.9567804337,80.2438201904,62670,62772,102
12.9311304092,80.2385406494,63275,63325,50
12.9331598282,80.2361373901,64112,64143,31
12.948849678,80.2406768799,64566,64627,61
12.9560804367,80.2433395386,64778,64849,71
12.987739563,80.2552108765,65626,65677,51
12.9886798859,80.2559585571,65717,65757,40
12.9953203201,80.255897522,65868,65925,57
12.9967498779,80.2559432983,65967,66028,61
13.0061101913,80.2574234009,66270,66351,81
13.023639679,80.273399353,66896,66936,40
13.0253295898,80.2749404907,66987,67023,36
13.0430603027,80.2796478271,67461,67532,71
13.0887699127,80.2902374268,68450,68501,51
13.0852603912,80.2844390869,68642,68693,51
13.0879001617,80.283782959,69095,69136,41
13.0879001617,80.2838363647,69146,69277,131
13.0886898041,80.2895812988,70307,70377,70
13.0887403488,80.2899932861,70387,70468,81
13.024140358,80.2742919922,71640,71690,50
13.0025196075,80.2567825317,72276,72326,50
12.9881696701,80.2559204102,72667,72829,162
12.9635095596,80.2468109131,73313,73344,31
12.9565601349,80.2437973022,73495,73556,61
12.9310503006,80.2385177612,74173,74214,41
12.9282302856,80.2388381958,74294,74325,31
12.9254903793,80.2383880615,74426,74605,179
12.9357204437,80.2338790894,75007,75066,59
12.9561796188,80.2434387207,75391,75481,90
12.9861497879,80.2517623901,75935,75990,55
12.9878196716,80.2546920776,76101,76142,41
12.9962797165,80.2558670044,76342,76383,41
12.9991703033,80.256072998,76474,76514,40
13.0063896179,80.2574081421,76615,76686,71
13.0430402756,80.2796020508,77493,77533,40
13.0877799988,80.2839584351,78391,78581,190
13.0240402222,80.2740631104,79889,79920,31
12.9880199432,80.255859375,80634,80665,31
12.969499588,80.2491989136,81013,81076,63
12.956489563,80.2436981201,81218,81258,40
12.9261302948,80.2382202148,82035,82096,61
12.9489202499,80.2406234741,82585,82617,32
12.987159729,80.259552002,83232,83404,172
13.0349197388,80.205078125,9309,9379,70
13.0349397659,80.2051773071,16284,16395,111
13.0347204208,80.205619812,19040,19101,61
13.0113296509,80.2234115601,22613,22684,71
13.0211200714,80.18334198,23432,23493,61
12.9969701767,80.0963668823,25138,25208,70
12.9869203568,80.0932998657,25450,25481,31
13.034330368,80.1555862427,27052,27143,91
13.0214500427,80.1830978394,27635,27706,71
13.0089597702,80.2106170654,28330,28381,51
13.0197896957,80.2245788574,28772,28803,31
13.0082998276,80.2134017944,32006,32047,41
13.0052995682,80.2127532959,32148,32259,111
13.007399559,80.2013626099,32571,32602,31
13.0078697205,80.1962203979,32793,32824,31
13.0082597733,80.1962814331,32824,32864,40
13.0209703445,80.18359375,33236,33306,70
13.0253400803,80.1757736206,33486,33536,50
13.0291996002,80.1688995361,33647,33678,31
13.0344400406,80.1564025879,33889,33990,101
13.0339202881,80.155380249,34031,34111,80
13.0229196548,80.1464309692,34343,34384,41
13.0119800568,80.1302337646,34717,34767,50
13.0342998505,80.1556015015,37316,37387,71
13.0215101242,80.1829833984,37941,38021,80
13.0191898346,80.224281311,39052,39083,31
13.0300502777,80.2201766968,40120,40170,50
13.0242900848,80.2166290283,41178,41209,31
13.0306901932,80.2304229736,41901,41941,40
13.0269603729,80.2330093384,42123,42284,161
13.0087003708,80.2137832642,42908,42958,50
13.0210399628,80.1835708618,43721,43781,60
13.0338697433,80.1554031372,44266,44306,40
12.9998598099,80.097366333,46028,46059,31
13.0344295502,80.1556930542,47299,47330,31
13.02161026,80.1827774048,47834,47865,31
13.0091400146,80.2107772827,48466,48521,55
13.0122098923,80.2205429077,48665,48720,55
13.0193099976,80.2242736816,48907,48949,42
13.0260095596,80.2311401367,49080,49121,41
13.0291900635,80.2307891846,49211,49242,31
13.0242700577,80.2166366577,50029,50089,60
13.0297298431,80.220123291,50301,50342,41
13.0346403122,80.2058181763,81535,81686,151
12.8986997604,80.1806488037,20,161,141
12.8987398148,80.180480957,464,514,50
12.8987998962,80.1802978516,565,706,141
12.8986501694,80.1806182861,706,737,31
12.8985700607,80.1804428101,737,787,50
12.8988199234,80.1803283691,787,949,162
12.8987503052,80.1805877686,989,1050,61
12.8989801407,80.1801834106,1090,1140,50
12.8989801407,80.1805725098,1201,1262,61
12.8987903595,80.1802597046,1272,1322,50
12.8989601135,80.1805725098,1352,1484,132
12.8986902237,80.1804580688,1494,1575,81
12.8985395432,80.1804428101,1575,1615,40
12.8983201981,80.1803436279,1615,1686,71
12.8986997604,80.180480957,1706,1766,60
12.8985099792,80.1805267334,1766,1797,31
12.8985204697,80.1804428101,1797,1918,121
12.8986196518,80.1802825928,2231,2281,50
12.8985500336,80.1801986694,2281,2322,41
12.8985996246,80.1803588867,2322,2453,131
12.898639679,80.1804428101,2453,2524,71
12.8987398148,80.1804199219,2524,2584,60
12.8986196518,80.1803512573,3140,3190,50
12.8984804153,80.1803588867,3210,3241,31
12.8986196518,80.1804275513,3261,3311,50
12.8987197876,80.1803512573,3321,3442,121
12.8988199234,80.1804428101,3442,3473,31
12.8986597061,80.1804428101,3473,3614,141
12.8985795975,80.1803817749,3614,3715,101
12.8986597061,80.1803665161,3715,3846,131
12.8985900879,80.1804275513,3846,3998,152
12.898639679,80.1803588867,4008,4119,111
12.8985395432,80.1804962158,4119,4230,111
12.898440361,80.1802978516,4533,4583,50
12.8988399506,80.180519104,5008,5098,90
12.8986797333,80.180519104,5098,5139,41
12.8987998962,80.1803131104,6118,6189,71
12.898730278,80.1802978516,6189,6239,50
12.8986301422,80.1803665161,6260,6330,70
12.898900032,80.1803207397,6340,6371,31
12.8985500336,80.1804580688,6371,6472,101
12.8989295959,80.1804580688,6482,6573,91
12.8989601135,80.1803436279,6573,6623,50
12.8987503052,80.1804122925,6633,6684,51
12.8986997604,80.1803817749,6714,6805,91
12.8989200592,80.1803970337,6825,6875,50
12.898730278,80.1803512573,7108,7219,111
12.8987798691,80.1803665161,7219,7370,151
12.8989200592,80.1804199219,7370,7471,101
12.8989400864,80.1803283691,7532,7643,111
12.8990697861,80.180267334,7865,7956,91
12.8987903595,80.1804962158,7956,8037,81
12.898639679,80.1803207397,8037,8208,171
12.8988103867,80.1804733276,8239,8390,151
12.8988599777,80.1803665161,8592,8663,71
12.8989496231,80.1803665161,8663,8723,60
12.8988103867,80.1801986694,8723,8844,121
12.8987398148,80.1803131104,11742,11873,131
12.8985700607,80.180267334,12692,12854,162
12.8987998962,80.1802978516,13106,13187,81
12.8986501694,80.1803131104,13187,13227,40
12.8988103867,80.1803588867,13439,13561,122
12.8987398148,80.1803665161,13813,13874,61
12.8987197876,80.1802902222,13914,14045,131
12.8988103867,80.1802597046,14045,14227,182
12.8988704681,80.1803970337,15832,15974,142
12.8987703323,80.1803436279,16004,16196,192
12.8990898132,80.1802597046,16196,16347,151
12.898850441,80.1803436279,16347,16448,101
12.8989095688,80.1802978516,16458,16499,41
12.8989801407,80.1804962158,16499,16549,50
12.898900032,80.1802520752,16559,16660,101
12.8987197876,80.1804199219,16660,16701,41
12.8987398148,80.180519104,16701,16761,60
12.8986797333,80.1802520752,16761,16812,51
12.898639679,80.1803283691,16812,16883,71
12.8986301422,80.1804733276,16883,16963,80
12.8987197876,80.1804428101,16963,17014,51
12.8989801407,80.1802520752,17014,17155,141
12.8986797333,80.1804504395,17155,17286,131
12.898900032,80.1803817749,17286,17347,61
12.8988199234,80.1803817749,17347,17387,40
12.8989295959,80.1802597046,17387,17428,41
12.8986301422,80.1804122925,17438,17630,192
12.8988599777,80.1804580688,17630,17700,70
12.8989400864,80.1801605225,17710,17751,41
12.8988800049,80.1804428101,18095,18166,71
12.8987798691,80.1803436279,18176,18287,111
12.898900032,80.1803970337,18824,18935,111
12.8987598419,80.1804580688,18935,18985,50
12.8987398148,80.1803512573,18985,19046,61
12.8989400864,80.1802368164,19046,19086,40
12.8986997604,80.180519104,19318,19380,62
12.8986997604,80.1804428101,19380,19420,40
12.8988199234,80.1805114746,19796,19836,40
12.8988599777,80.1804428101,19836,19887,51
12.8989601135,80.1803512573,19887,20008,121
12.898639679,80.180519104,20018,20058,40
12.8988103867,80.1804428101,20058,20089,31
12.8989295959,80.180480957,20099,20179,80
12.898730278,80.1804733276,20603,20654,51
12.8989496231,80.1802597046,21162,21222,60
12.8986501694,80.180480957,21233,21384,151
12.898900032,80.1804428101,21910,22110,200
12.898900032,80.1803207397,22395,22456,61
12.8989400864,80.1802597046,22456,22546,90
12.8989896774,80.1803588867,22759,22829,70
12.8988800049,80.1804580688,23142,23324,182
12.8986902237,80.1803436279,23324,23395,71
12.8987998962,80.1803894043,23395,23576,181
12.8991603851,80.1804504395,23576,23688,112
12.8989295959,80.1802597046,25314,25394,80
12.8991003036,80.1801681519,26303,26374,71
12.8988599777,80.1801376343,26414,26596,182
12.898850441,80.1802368164,26818,26858,40
12.8989095688,80.1803665161,27646,27787,141
12.8987398148,80.1802597046,27787,27858,71
12.898730278,80.1803436279,27858,27908,50
12.898730278,80.1802902222,27959,28030,71
12.8988103867,80.1802902222,28030,28141,111
12.8988103867,80.1804199219,28141,28211,70
12.898730278,80.1804199219,28211,28252,41
12.8989896774,80.180519104,28292,28333,41
12.8987598419,80.180480957,28353,28484,131
12.8988399506,80.1803588867,28484,28545,61
12.8988103867,80.1803817749,28545,28646,101
12.8986101151,80.1803970337,28716,28747,31
12.8986597061,80.180229187,28767,28898,131
12.8987798691,80.1804733276,28898,28959,61
12.8988399506,80.1803436279,28989,29160,171
12.8988304138,80.1802597046,29160,29221,61
12.8988800049,80.1804504395,29261,29362,101
12.8988103867,80.180519104,29362,29433,71
12.8988304138,80.180557251,29453,29484,31
12.8989400864,80.1804199219,29534,29585,51
12.8988599777,80.1804428101,29585,29746,161
12.8985700607,80.1803131104,30889,30929,40
12.8988599777,80.1803817749,30950,31091,141
12.8988599777,80.180480957,31697,31858,161
12.8987998962,80.1803131104,33464,33595,131
12.8987398148,80.1801605225,33595,33706,111
12.8987197876,80.1801986694,34139,34251,112
12.8985795975,80.1803817749,34251,34423,172
12.8985595703,80.1802597046,34423,34483,60
12.8987503052,80.1802902222,34483,34514,31
12.8988599777,80.1802902222,34544,34635,91
12.8986501694,80.1803207397,34635,34756,121
12.8987903595,80.1803588867,34756,34918,162
12.898730278,80.1802825928,34918,35079,161
12.8988199234,80.180267334,35079,35160,81
12.8988304138,80.1803436279,36008,36119,111
12.898730278,80.1802520752,38584,38685,101
12.8986301422,80.1802825928,39240,39331,91
12.8988399506,80.1803512573,39341,39401,60
12.8987598419,80.1801376343,39401,39502,101
12.8987503052,80.1804962158,39523,39563,40
12.898730278,80.1803207397,39573,39704,131
12.8987998962,80.1801681519,39704,39846,142
12.8988399506,80.1803207397,40118,40219,101
12.8989295959,80.1803588867,40219,40280,61
12.8989095688,80.1804199219,40320,40482,162
12.8988199234,80.18019104,40835,41017,182
12.8987197876,80.180229187,41027,41118,91
12.8988599777,80.1803512573,41118,41198,80
12.8987703323,80.1802597046,41198,41330,132
12.8987998962,80.1803970337,41330,41451,121
12.8988704681,80.1804504395,41693,41744,51
12.8988399506,80.1802062988,42248,42349,101
12.8988399506,80.1803588867,42753,42874,121
12.8987798691,80.1804428101,43137,43177,40
12.8987798691,80.1803131104,43177,43218,41
12.8985595703,80.180267334,43894,43985,91
12.8986597061,80.1802902222,46016,46097,81
12.8985996246,80.180267334,46329,46390,61
12.8985795975,80.1802978516,47056,47147,91
12.8986797333,80.1802215576,49186,49297,111
12.8986301422,80.1803207397,49297,49338,41
12.8985900879,80.180267334,49338,49479,141
12.8987903595,80.1802597046,49489,49539,50
12.8988103867,80.1801986694,49539,49681,142
12.8986701965,80.1801681519,49681,49731,50
12.8987197876,80.1802368164,49953,50014,61
12.898730278,80.1801986694,51730,51761,31
12.8988103867,80.1801834106,51761,51892,131
12.898730278,80.1802902222,52683,52774,91
12.8987598419,80.1803817749,53067,53218,151
12.8988399506,80.1803207397,53218,53329,111
12.8989095688,80.1803817749,57196,57347,151
12.8986701965,80.1803512573,57347,57539,192
12.8987398148,80.1803436279,59882,59973,91
12.8987798691,80.1803436279,59973,60064,91
12.8987102509,80.1802520752,60064,60104,40
12.8986701965,80.1805114746,60114,60236,122
12.8987903595,80.180267334,60236,60337,101
12.8986597061,80.1803512573,61074,61164,90
12.8986301422,80.1802062988,61164,61235,71
12.8988199234,80.1805267334,61255,61336,81
12.8987903595,80.1803588867,61689,61811,122
12.898730278,80.180229187,61811,61972,161
12.8987398148,80.1803817749,61972,62023,51
12.8986797333,80.1801986694,62023,62144,121
12.8987798691,80.1803283691,62144,62295,151
12.8987197876,80.1803207397,62538,62679,141
12.8987998962,80.1804275513,63042,63153,111
12.8986196518,80.1803817749,63789,63981,192
12.8986196518,80.1801223755,63991,64122,131
12.8986501694,80.1803512573,64122,64183,61
12.8985795975,80.180229187,64183,64365,182
12.8986196518,80.1803283691,64365,64557,192
12.8988199234,80.1804580688,65253,65425,172
12.8987903595,80.1804733276,66142,66192,50
12.8987102509,80.1801376343,66212,66344,132
12.8986902237,80.1802368164,67415,67586,171
12.8985595703,80.1803207397,67586,67738,152
12.8986902237,80.1802597046,69111,69202,91
12.8987798691,80.1803512573,71716,71837,121
12.8986101151,80.1802597046,72342,72476,134
12.8986501694,80.1803436279,73113,73184,71
12.8988599777,80.1805496216,73184,73285,101
12.8987798691,80.1803894043,73285,73456,171
12.898730278,80.1803207397,75194,75255,61
12.8986597061,80.1802368164,75285,75335,50
12.8986797333,80.1801834106,75800,75840,40
12.8990001678,80.180229187,76719,76830,111
12.898639679,80.1802215576,76830,76870,40
12.8985900879,80.180229187,76870,76951,81
12.8987998962,80.1802902222,78364,78546,182
12.8988304138,80.1804199219,78889,79041,152
12.8985700607,80.1802520752,79821,79903,82
12.8984899521,80.1801300049,80187,80338,151
12.8986301422,80.1801834106,81409,81477,68
12.898440361,80.1801605225,82085,82206,121
12.8986196518,80.1801681519,82539,82580,41
12.8987503052,80.180519104,82812,82944,132
12.898730278,80.1803588867,83835,83885,50
12.8988199234,80.1801071167,84430,84552,122
12.8988103867,80.1801986694,84552,84642,90
12.8987798691,80.1803665161,84642,84714,72
12.8986701965,80.1803207397,84724,84835,111
12.8986902237,80.1804504395,86330,86370,40
12.9227104187,80.1520233154,25677,25737,60
12.9269199371,80.1179122925,26322,26383,61
12.9271602631,80.1184234619,27088,27120,32
12.9203395844,80.1837921143,28332,28363,31
12.9642295837,80.216178894,29595,29777,182
12.9745998383,80.2203979492,29959,30010,51
12.976099968,80.221282959,31455,31502,47
12.9756002426,80.2211074829,31533,31575,42
12.9172897339,80.1944580078,32725,32765,40
12.9200000763,80.1829223633,32995,33026,31
12.9226999283,80.1522216797,33622,33683,61
12.9231700897,80.1208496094,34269,34307,38
12.9271602631,80.1181030273,34469,34580,111
12.9315004349,80.122467041,35348,35408,60
12.9276800156,80.1189880371,35489,35530,41
12.9233598709,80.1206130981,35742,35782,40
12.9231004715,80.125541687,35863,35924,61
12.9202804565,80.1838607788,36892,36932,40
12.9757204056,80.2209472656,38397,38458,61
12.9710302353,80.2191772461,39498,39529,31
12.9231901169,80.1206436157,42021,42062,41
12.9267196655,80.1178131104,42243,42353,110
12.9270200729,80.1180496216,42363,42403,40
12.9272098541,80.1182022095,42413,42444,31
12.9316196442,80.1226425171,42969,43050,81
12.9755401611,80.2210235596,47697,47748,51
12.970749855,80.2190093994,47869,47900,31
12.9226799011,80.1520767212,49797,49837,40
12.9224004745,80.1433792114,49979,50039,60
12.9231300354,80.1206970215,50504,50545,41
12.9265699387,80.1176300049,50726,50817,91
12.9294300079,80.1204376221,50929,51110,181
12.9326696396,80.1211395264,51676,51787,111
12.9294300079,80.1207962036,51989,52060,71
12.9224996567,80.1426773071,52715,52765,50
12.9712495804,80.2192230225,55755,55837,82
12.922659874,80.1519393921,57655,57696,41
12.9270601273,80.1180725098,58462,58581,119
12.9314203262,80.1224517822,59634,59684,50
12.9203701019,80.1839828491,61095,61135,40
12.9751796722,80.2206802368,62343,62404,61
12.9756698608,80.2211227417,64367,64458,91
12.9710597992,80.2192230225,64569,64600,31
12.953789711,80.2122421265,64852,64883,31
12.9233999252,80.1551437378,66568,66599,31
12.9226903915,80.1523284912,66649,66721,72
12.9224395752,80.1436004639,66890,66921,31
12.9223604202,80.1417770386,66981,67012,31
12.9231100082,80.1209411621,67476,67527,51
12.9266395569,80.117767334,67739,67860,121
12.9271602631,80.1181793213,67891,67961,70
12.9276103973,80.1190719604,69457,69507,50
12.9273996353,80.1187896729,69518,69568,50
12.9238996506,80.1164016724,69690,69730,40
12.9233102798,80.1207962036,69800,69835,35
12.9224700928,80.1429977417,70329,70390,61
12.9202899933,80.183921814,71125,71156,31
12.9170703888,80.1932220459,71358,71408,50
12.9734201431,80.2199783325,72679,72710,31
12.9748802185,80.2206115723,72750,72942,192
13.0987997055,80.2420425415,21664,21745,81
13.052740097,80.2418365479,23515,23556,41
13.0269298553,80.2329788208,24210,24250,40
13.0067300797,80.2572784424,25017,25057,40
13.0002698898,80.266418457,26630,26731,101
13.0757799149,80.234161377,29531,29582,51
13.1005096436,80.2145996094,30408,30468,60
13.0888395309,80.2309112549,32062,32112,50
13.0786504745,80.2513198853,33032,33093,61
13.0538797379,80.2422714233,34020,34051,31
13.0357503891,80.2304763794,34523,34614,91
13.03125,80.2307128906,34745,34816,71
13.0310096741,80.2307662964,34816,34877,61
13.027179718,80.2329101563,34978,35087,109
13.0085096359,80.2320632935,35532,35588,56
13.0084495544,80.2324676514,35588,35651,63
13.0081996918,80.2337493896,35702,35752,50
13.007900238,80.2352371216,35792,35823,31
13.0067396164,80.2429733276,36025,36095,70
13.0066099167,80.2576980591,36883,36923,40
13.0065202713,80.2528381348,37044,37075,31
13.0067100525,80.2491989136,37155,37287,132
13.0065698624,80.2412567139,37468,37537,69
13.0195198059,80.2243728638,38020,38070,50
13.0202102661,80.224861145,38100,38142,42
13.0341796875,80.2368164063,38950,38981,31
13.0403003693,80.2399215698,39160,39191,31
13.0523796082,80.2407989502,39453,39494,41
13.0657196045,80.2434997559,39817,39908,91
13.083530426,80.2337799072,40453,40493,40
13.1005601883,80.2146224976,41008,41059,51
13.0928096771,80.2259597778,41715,41786,71
13.0763902664,80.2338180542,42210,42250,40
13.0679101944,80.2467422485,42934,42974,40
13.0679397583,80.2472000122,42984,43035,51
13.0679197311,80.2477798462,43045,43105,60
13.0676202774,80.2479019165,43115,43146,31
13.0672397614,80.2479400635,43146,43206,60
13.0668497086,80.2479095459,43206,43247,41
13.0536699295,80.2422180176,43627,43689,62
13.0519895554,80.2407989502,43749,43790,41
13.0356903076,80.23046875,44272,44303,31
13.007109642,80.2390899658,45130,45161,31
13.0069799423,80.2400283813,45201,45282,81
13.0066404343,80.2568206787,45655,45686,31
13.0043401718,80.2570724487,45746,45797,51
13.0030202866,80.2568206787,45837,45898,61
12.9991197586,80.2560195923,47190,47230,40
13.006649971,80.2518463135,47438,47520,82
13.0066204071,80.2474975586,47582,47642,60
13.0342502594,80.2303314209,48578,48609,31
13.0768995285,80.2395706177,49902,50023,121
13.098400116,80.2141189575,50960,51031,71
13.1002902985,80.2150497437,51202,51384,182
13.0763397217,80.236289978,52280,52331,51
13.0067996979,80.2511367798,54942,54982,40
13.0066404343,80.2568969727,55648,55689,41
13.0066003799,80.247718811,56030,56091,61
13.0279598236,80.2309265137,56999,57037,38
13.0341796875,80.2303924561,57141,57214,73
13.0345602036,80.2303924561,57214,57245,31
13.0342903137,80.2373580933,57386,57426,40
13.0341701508,80.2375106812,57426,57457,31
13.0525102615,80.241317749,57929,57970,41
13.0654096603,80.2435073853,58283,58323,40
13.0764102936,80.2374725342,58656,58697,41
13.0757904053,80.2341308594,58747,58818,71
13.0963802338,80.2192306519,59413,59454,41
13.1002197266,80.2145080566,59614,59716,102
13.0537796021,80.2422790527,62603,62664,61
13.0512304306,80.2406005859,62744,62785,41
13.0357599258,80.2303695679,63219,63270,51
13.0269603729,80.233001709,63591,63642,51
13.0167102814,80.225402832,64005,64036,31
13.006939888,80.2401275635,64358,64469,111
13.0067596436,80.2463989258,64590,64631,41
13.006649971,80.2570571899,64853,64893,40
13.0013504028,80.2566375732,64994,65044,50
12.9971199036,80.2560119629,65163,65194,31
12.9968500137,80.2561416626,66326,66397,71
13.0066204071,80.2483978271,66881,66977,96
13.0280704498,80.2310028076,68137,68218,81
13.032790184,80.2306213379,68339,68370,31
13.0342903137,80.23046875,68448,68488,40
13.0347299576,80.2304000854,68509,68549,40
13.0436201096,80.2409973145,68993,69033,40
13.0644397736,80.2436218262,69619,69689,70
13.0977802277,80.2154006958,71119,71180,61
13.098279953,80.2142868042,71220,71291,71
13.1002597809,80.21459198,71341,71462,121
13.1001796722,80.2146911621,72997,73038,41
13.0356798172,80.2304611206,75425,75485,60
13.0267400742,80.2330093384,75766,75806,40
13.014550209,80.2262191772,76138,76169,31
13.0072402954,80.2384796143,76440,76510,70
13.0069503784,80.2398223877,76541,76631,90
13.0067396164,80.2422485352,76702,76753,51
13.0067396164,80.2459793091,76914,76955,41
13.0066204071,80.2570266724,77177,77227,50
13.0017299652,80.2566070557,77348,77409,61
13.0066795349,80.2489929199,79273,79344,71
13.0342998505,80.2373962402,80526,80597,71
13.1001796722,80.2144622803,82209,82246,37
13.0990400314,80.2409973145,84063,84094,31
13.0990400314,80.2404327393,84124,84275,151
12.9870100021,80.2590789795,2484,2565,81
12.9869604111,80.2592391968,5000,5172,172
12.9798803329,80.2524185181,17891,17922,31
12.9813804626,80.2428512573,18093,18124,31
12.9759101868,80.2210006714,18651,18803,152
12.9975004196,80.2161407471,19238,19278,40
13.0078802109,80.2130584717,19482,19513,31
13.0341796875,80.2304534912,20080,20121,41
13.0230703354,80.2274627686,22812,22843,31
12.9756002426,80.2205963135,24255,24306,51
12.9758996964,80.2212600708,25053,25103,50
12.9873600006,80.218208313,25305,25336,31
13.0025100708,80.2088012695,25863,25914,51
13.0347099304,80.2303009033,26672,26703,31
13.0341796875,80.2302703857,26769,26903,134
13.034330368,80.2304611206,27561,27662,101
13.02684021,80.2330093384,27874,27934,60
13.0081996918,80.2133407593,28609,28660,51
12.9757404327,80.2203598022,29596,29646,50
12.975520134,80.2206726074,29666,29727,61
12.9754400253,80.2206878662,30414,30452,38
12.9916200638,80.2126998901,30826,30857,31
12.9938802719,80.2100982666,30966,31006,40
12.9983701706,80.2074966431,31211,31252,41
13.0074996948,80.2128067017,31514,31545,31
13.0078601837,80.2130203247,31545,31646,101
13.0219898224,80.2261428833,32090,32191,101
13.0337696075,80.2304000854,32514,32545,31
13.0346403122,80.2302627563,32565,32606,41
13.0343198776,80.230140686,32707,32868,161
13.027759552,80.2328262329,33111,33252,141
13.0250902176,80.2295608521,33363,33424,61
13.0231599808,80.2275085449,33495,33545,50
13.008480072,80.2134628296,34060,34111,51
13.0079803467,80.2132034302,34151,34192,41
12.9759101868,80.2202377319,35191,35262,71
12.9761600494,80.2213287354,35876,35928,52
12.9755897522,80.2209472656,35948,36039,91
12.9981403351,80.2089614868,36722,36793,71
13.0077199936,80.2128219604,37094,37125,31
13.0078496933,80.2129898071,37135,37185,50
13.0218000412,80.2260284424,37670,37711,41
13.0227499008,80.2267990112,37769,37821,52
13.0229196548,80.2270812988,37821,37892,71
13.0240898132,80.2280578613,37952,38033,81
13.0245895386,80.2287216187,38063,38104,41
13.0257101059,80.2302780151,38154,38195,41
13.028840065,80.2308120728,38286,38326,40
13.0337295532,80.23046875,38415,38455,40
13.0344400406,80.2297515869,38546,38708,162
13.0341997147,80.2300186157,38708,38858,150
13.0341596603,80.2303924561,38858,38909,51
13.0269498825,80.232963562,39153,39243,90
13.0268001556,80.2330703735,39243,39334,91
13.0082302094,80.2133636475,39969,40019,50
13.0080699921,80.2133026123,40029,40060,31
12.9754800797,80.220741272,40959,41020,61
12.975810051,80.2210388184,41030,41201,171
12.9760503769,80.2213592529,41353,41394,41
12.9936704636,80.2101516724,41894,41945,51
13.0078897476,80.2130432129,42369,42411,42
13.0259504318,80.2309799194,43065,43116,51
13.034330368,80.2304000854,43337,43377,40
13.0344600677,80.2298126221,43428,43539,111
13.0273303986,80.2329406738,43963,44024,61
13.0084104538,80.2134475708,44648,44699,51
12.9846496582,80.2521209717,46438,46559,121
12.9877901077,80.2551116943,46690,46801,111
12.9868803024,80.2585601807,46912,47074,162
12.9864196777,80.2587814331,48660,48802,142
12.9864397049,80.2587814331,48802,48973,171
12.9865999222,80.2586975098,50246,50388,142
12.9867296219,80.2590103149,50398,50449,51
12.9755401611,80.2208633423,51426,51507,81
13.0290002823,80.2308197021,52849,52889,40
13.033659935,80.2304992676,52990,53089,99
13.0346403122,80.2303237915,53109,53170,61
13.0342702866,80.2298126221,53221,53312,91
13.0341596603,80.2301712036,53312,53362,50
13.0231103897,80.2275009155,53685,53716,31
12.9753103256,80.2207107544,55390,55450,60
12.9981603622,80.2085571289,56016,56047,31
13.0331201553,80.2305297852,56972,57034,62
13.0084695816,80.213508606,58317,58357,40
12.9757699966,80.2210693359,60632,60663,31
12.976269722,80.2212905884,60764,60804,40
12.9754495621,80.2208328247,60834,60946,112
13.0301103592,80.2307281494,62427,62487,60
13.0329198837,80.2305526733,62538,62588,50
13.0348396301,80.2302322388,62651,62718,67
13.0344104767,80.2297821045,62790,62982,192
13.0342302322,80.2302932739,62992,63114,122
13.0271902084,80.2329330444,63336,63376,40
13.0249996185,80.229598999,63477,63508,31
13.0078601837,80.213142395,64054,64095,41
12.9759702682,80.2202987671,64942,65023,81
12.976099968,80.2213668823,65508,65549,41
12.9753398895,80.2207717896,65579,65650,71
12.9983701706,80.2074890137,66307,66357,50
13.0276098251,80.2310409546,67349,67410,61
13.0292396545,80.2308502197,67460,67551,91
13.0340795517,80.2304763794,67642,67719,77
13.0344400406,80.2304000854,67731,67782,51
13.0313396454,80.230758667,68216,68327,111
13.0277204514,80.2328872681,68529,68681,152
13.0086202621,80.213760376,69397,69428,31
12.9935903549,80.2102890015,69984,70015,31
12.976360321,80.2201004028,70457,70651,194
12.9760198593,80.2202987671,70651,70682,31
12.9756803513,80.220413208,70692,70863,171
12.9760198593,80.221321106,71500,71561,61
12.9753799438,80.220916748,71591,71712,121
12.9972496033,80.2105102539,72256,72306,50
13.0341701508,80.2300033569,73476,73527,51
13.0340795517,80.2301025391,73537,73719,182
13.0231800079,80.2275695801,74056,74087,31
13.0084400177,80.2135772705,74603,74664,61
13.0079698563,80.2132492065,74674,74714,40
12.9760398865,80.2202682495,75664,75795,131
12.9763898849,80.2218780518,75848,75894,46
12.9856004715,80.2519073486,76380,76411,31
12.9872598648,80.2593078613,76661,76702,41
12.9971103668,80.1915206909,8612,8693,81
12.9969997406,80.1915817261,18639,18834,195
12.9969797134,80.1915206909,18834,18955,121
12.9970397949,80.1915588379,18955,19096,141
12.9310798645,80.1815795898,26440,26541,101
12.9262304306,80.1825637817,26652,26722,70
12.9199399948,80.1826324463,26823,26854,31
12.9227199554,80.1522979736,27239,27280,41
12.923119545,80.125579834,28127,28207,80
13.009180069,80.2108078003,30702,30742,40
13.0171804428,80.2250671387,31065,31117,52
13.0343999863,80.2298431396,32462,32563,101
13.0278100967,80.2322998047,32751,32895,144
13.0274000168,80.2328720093,32936,32976,40
13.0231103897,80.2274398804,33185,33217,32
13.0084896088,80.2135009766,33653,33713,60
12.9495897293,80.1854705811,35293,35343,50
12.9204902649,80.1840286255,35818,35868,50
12.9230499268,80.125541687,37490,37521,31
12.9203300476,80.1837768555,38229,38260,31
12.9488401413,80.1851119995,38782,38813,31
13.0195703506,80.2244033813,40610,40651,41
13.0255098343,80.2300033569,40913,40963,50
13.0257396698,80.2302474976,40963,40994,31
13.0256900787,80.2302627563,41004,41042,38
13.0292701721,80.2306900024,41155,41216,61
13.0344600677,80.2303619385,41367,41430,63
13.0342702866,80.2298202515,41489,41541,52
13.0278501511,80.232421875,42013,42064,51
13.024479866,80.2288131714,42195,42235,40
12.921620369,80.1835403442,44644,44714,70
12.9207897186,80.1838912964,44734,44805,71
12.9233198166,80.1547012329,45149,45180,31
12.9224395752,80.1432189941,45351,45412,61
12.9236001968,80.1168212891,45795,45826,31
12.9489202499,80.1851577759,47921,48012,91
12.9959201813,80.1894989014,49027,49076,49
13.0218801498,80.2260818481,49833,49984,151
12.9492998123,80.1854400635,54335,54385,50
12.9215898514,80.1836013794,54789,54829,40
12.9205904007,80.1840209961,54870,54920,50
12.922419548,80.1436691284,55425,55574,149
12.9223804474,80.1431427002,55594,55675,81
12.9233102798,80.1214599609,56768,56950,182
12.9225101471,80.1429367065,57222,57261,39
12.9488401413,80.1851196289,58221,58261,40
13.0089998245,80.2106781006,59582,59623,41
13.0293903351,80.2309036255,60176,60234,58
13.0337200165,80.2305297852,60304,60345,41
13.0341997147,80.2301177979,61163,61223,60
13.0269899368,80.2329406738,61496,61546,50
13.0043096542,80.2012863159,62546,62586,40
12.9680299759,80.1894836426,63414,63454,40
12.960650444,80.1872177124,63596,63636,40
12.9559497833,80.1869888306,63737,63808,71
12.9493398666,80.1854629517,63898,63959,61
12.922659874,80.1520614624,64975,65036,61
12.9225502014,80.143447876,66671,66722,51
12.9487495422,80.185218811,67834,67885,51
12.9959497452,80.1902008057,69074,69124,50
13.0089502335,80.2107620239,69538,69569,31
13.0091600418,80.2108306885,69569,69629,60
13.0153999329,80.2249832153,69859,69900,41
13.0290298462,80.2309417725,70213,70344,131
13.0299501419,80.2308731079,70374,70415,41
13.0335197449,80.2305984497,70526,70637,111
13.0343704224,80.2304916382,70667,70717,50
13.034620285,80.2304077148,70728,70768,40
13.0347299576,80.2300186157,70798,70970,172
13.0310096741,80.2307434082,71561,71685,124
13.0300397873,80.2308273315,71716,71755,39
13.0251302719,80.2299423218,71904,71954,50
13.011179924,80.2235336304,72398,72429,31
12.982049942,80.197052002,73640,73690,50
12.9648895264,80.1882171631,74141,74191,50
12.9556703568,80.1869430542,74383,74454,71
12.9398403168,80.1827087402,74757,74788,31
12.9394397736,80.1826095581,74808,74858,50
12.9209804535,80.1838531494,75141,75181,40
12.9223899841,80.1435165405,75757,75797,40
12.9230699539,80.12550354,76736,76787,51
12.9818000793,80.1957931519,78814,78915,101
12.9968996048,80.1908111572,82852,82892,40
13.005979538,80.2423171997,25025,25065,40
12.9867601395,80.2384796143,27863,27964,101
12.9884595871,80.2234191895,28337,28378,41
13.0056600571,80.2424163818,29529,29589,60
12.9962797165,80.2363586426,29791,29832,41
12.9883499146,80.2233810425,31882,31952,70
12.9987401962,80.2391433716,32346,32377,31
12.9992599487,80.2393264771,33336,33376,40
12.9883298874,80.2238769531,33851,33942,91
13.0057296753,80.2423324585,36961,37021,60
12.9883003235,80.2233428955,37556,37596,40
12.9864702225,80.2352828979,38598,38638,40
12.9987297058,80.2391586304,39405,39436,31
12.9884300232,80.2234191895,40909,40950,41
12.9883804321,80.2233963013,42667,42707,40
12.9918203354,80.2336425781,42949,42980,31
12.9991703033,80.2394104004,44080,44141,61
12.9884901047,80.2234420776,44585,44636,51
12.9864597321,80.2353515625,45736,45767,31
12.9883298874,80.2233886719,46069,46140,71
12.9883003235,80.2233581543,48230,48261,31
12.988530159,80.2233886719,49249,49280,31
12.9865198135,80.2385101318,49583,49624,41
12.9864797592,80.2353515625,49694,49765,71
12.9882497787,80.2300872803,49886,49927,41
12.9899902344,80.2276687622,49977,50017,40
12.9883298874,80.2233505249,50098,50149,51
12.9987201691,80.2391815186,50633,50664,31
12.9991798401,80.2393417358,51209,51290,81
12.9917802811,80.233757019,51481,51512,31
12.9883203506,80.2233810425,55510,55541,31
12.9986200333,80.2392120361,59458,59519,61
12.9883203506,80.2233886719,59973,60024,51
12.9897203445,80.225112915,60074,60135,61
12.9899301529,80.2277374268,60185,60216,31
12.9865198135,80.2354812622,61195,61377,182
12.9963598251,80.2364807129,62052,62084,32
12.9987602234,80.2392196655,62144,62185,41
13.0059499741,80.2423629761,62326,62377,51
12.9991703033,80.2393569946,63346,63417,71
12.9917602539,80.2338409424,63629,63689,60
12.9909296036,80.2317962646,63740,63780,40
12.9883298874,80.2234420776,64012,64093,81
12.9866600037,80.2386703491,64447,64487,40
12.9883403778,80.2234420776,65022,65053,31
13.0059404373,80.242401123,65689,65739,50
12.9991703033,80.239402771,66749,66790,41
12.9883203506,80.2234573364,67234,67274,40
12.9882802963,80.2234115601,69031,69072,41
12.9987001419,80.2392807007,69546,69587,41
12.9882898331,80.2234573364,70798,70839,41
13.0056295395,80.2421875,73788,73979,191
12.9991197586,80.2393493652,74080,74111,31
12.9962997437,80.2364273071,76624,76655,31
12.9918298721,80.233757019,77574,77605,31
13.025349617,80.2673568726,444,565,121
13.025349617,80.2671966553,565,635,70
13.0258998871,80.2667236328,6036,6207,171
13.0257101059,80.2665634155,7994,8095,101
13.0261802673,80.2662277222,18301,18372,71
13.026140213,80.2661819458,18715,18765,50
13.0069303513,80.2400817871,23462,23493,31
13.0345401764,80.2679977417,24229,24260,31
13.0269002914,80.2329788208,28479,28540,61
13.0069599152,80.2400894165,29075,29125,50
13.0066795349,80.2573928833,29428,29489,61
13.0345802307,80.2680130005,30215,30266,51
13.0333995819,80.2678909302,30306,30447,141
13.0065498352,80.2576980591,31618,31689,71
13.0065002441,80.2531967163,31749,31780,31
13.0065402985,80.2523269653,31800,31850,50
13.0066699982,80.2486114502,31931,31972,41
13.0106801987,80.2250289917,32395,32426,31
13.0220098495,80.2262115479,32698,32789,91
13.024140358,80.2281799316,32829,32860,31
13.0342597961,80.2304382324,33142,33213,71
13.0246801376,80.2291030884,34212,34253,41
13.0113201141,80.2275238037,34525,34677,152
13.008480072,80.2324523926,34808,34858,50
13.0083503723,80.2332992554,34878,34909,31
13.0073099136,80.238243103,35121,35161,40
13.0067996979,80.2416534424,35292,35363,71
13.0067596436,80.2420501709,35363,35403,40
13.0067501068,80.2424697876,35413,35464,51
13.0067501068,80.2572097778,35767,35857,90
13.0334796906,80.2677764893,36816,36857,41
13.0345401764,80.2679824829,36887,36947,60
13.0334396362,80.2678909302,36988,37119,131
13.0066604614,80.2518463135,37825,37926,101
13.0067596436,80.2510528564,37947,37987,40
13.0066604614,80.2485809326,38058,38219,161
13.0066204071,80.2480926514,38239,38300,61
13.0222797394,80.2263793945,39148,39198,50
13.0245304108,80.2286376953,39349,39390,41
13.0347700119,80.2302703857,39682,39713,31
13.0341997147,80.2303237915,40803,40853,50
13.0298500061,80.2308120728,40944,40984,40
13.0273103714,80.2328872681,41065,41156,91
13.0239801407,80.2282867432,41267,41307,40
13.0073404312,80.2379608154,41671,41711,40
13.0070400238,80.2396774292,41762,41812,50
13.0066995621,80.2431488037,41953,41984,31
13.0066299438,80.2577819824,43861,43911,50
13.0065803528,80.252532959,44022,44093,71
13.029250145,80.2308578491,45021,45072,51
13.0338001251,80.2304763794,45153,45223,70
13.0298595428,80.2308197021,45738,45798,60
13.0269403458,80.2329864502,45889,45940,51
13.0066795349,80.2434463501,46545,46596,51
13.0291795731,80.2660217285,47423,47454,31
13.0265197754,80.2656097412,50502,50663,161
13.02643013,80.2653579712,50673,50724,51
13.0066795349,80.2577362061,51228,51259,31
13.0065803528,80.2576522827,51259,51309,50
13.0346498489,80.2303619385,52601,52651,50
13.0342302322,80.2300796509,52954,53005,51
13.0082597733,80.2334365845,53751,53782,31
13.0068101883,80.2496032715,54014,54054,40
13.0066099167,80.2570571899,54185,54236,51
13.006529808,80.2575912476,56285,56386,101
13.0259799957,80.2310714722,57476,57516,40
13.0298995972,80.2307662964,57607,57647,40
13.0345697403,80.2298278809,57859,57960,101
13.0341997147,80.2297286987,57970,58051,81
13.0297403336,80.2308731079,58475,58515,40
13.0269403458,80.2329406738,58616,58667,51
13.0239601135,80.2282791138,58758,58798,40
13.0068998337,80.2496566772,59394,59434,40
13.0344495773,80.2680206299,60433,60494,61
13.0264701843,80.2660217285,61836,61887,51
13.0159702301,80.2596282959,62169,62200,31
13.0064897537,80.2553405762,62502,62533,31
13.0065002441,80.2545318604,62563,62634,71
13.0064897537,80.2532196045,62704,62745,41
13.0066604614,80.2492828369,62825,62876,51
13.0067901611,80.2490615845,62876,62916,40
13.006360054,80.2473678589,62997,63068,71
13.0066404343,80.2408218384,63249,63310,61
13.0074100494,80.2369766235,63370,63421,51
13.0278396606,80.2309799194,64097,64168,71
13.0296401978,80.2307891846,64228,64269,41
13.0343799591,80.2303771973,64379,64410,31
13.034529686,80.2303466797,64420,64491,71
13.0347003937,80.2303009033,64501,64551,50
13.0348396301,80.2298202515,64582,64683,101
13.0343198776,80.230140686,64945,65026,81
13.03125,80.2306976318,65147,65248,101
13.0278501511,80.2327194214,65379,65430,51
13.0269098282,80.232963562,65470,65520,50
13.0267095566,80.2331237793,65520,65641,121
13.0082302094,80.2336807251,66096,66287,191
13.0069704056,80.2398376465,66388,66510,122
13.0068597794,80.2494812012,66701,66732,31
13.0068397522,80.2507324219,66762,66802,40
13.0068702698,80.2512207031,66822,66873,51
13.0334701538,80.2678375244,67902,67943,41
13.0342597961,80.2679672241,67963,68014,51
13.0064401627,80.2576370239,69386,69437,51
13.0065803528,80.2518920898,69618,69719,101
13.0065698624,80.247718811,69810,69871,61
13.0065603256,80.2409820557,70063,70113,50
13.0283498764,80.231010437,71102,71163,61
13.0293798447,80.2309036255,71193,71274,81
13.0346603394,80.2303619385,71395,71476,81
13.0342798233,80.2297973633,71526,71657,131
13.0341501236,80.2300415039,71668,71738,70
13.0341396332,80.2304077148,71738,71799,61
13.0308103561,80.2307891846,71900,71960,60
13.0270595551,80.2329864502,72091,72122,31
13.0250501633,80.2297821045,72263,72303,40
13.0145397186,80.2262115479,72626,72667,41
13.0069198608,80.2400894165,72909,72980,71
13.0077295303,80.2587585449,73262,73293,31
13.0345697403,80.2680587769,74019,74070,51
13.0332298279,80.267791748,74110,74161,51
13.0065498352,80.2520217896,74918,74999,81
13.0260095596,80.2312927246,75836,75897,61
13.0339899063,80.2304077148,76068,76109,41
13.0342102051,80.2298202515,76190,76250,60
13.0269603729,80.232963562,76725,76785,60
13.0076799393,80.2361297607,77310,77350,40
13.0072603226,80.2381362915,77410,77474,64
13.0069904327,80.2395324707,77504,77595,91
13.0066900253,80.2428665161,77665,77706,41
13.0066699982,80.244720459,77766,77797,31
13.0067300797,80.2468566895,77867,77938,71
13.0332899094,80.267791748,78695,78735,40
13.0344200134,80.2680206299,78766,78806,40
13.0270700455,80.26612854,78967,78998,31
13.026260376,80.2664108276,79038,79159,121
13.0263500214,80.266418457,79159,79230,71
13.0266103745,80.2664413452,79230,79381,151
13.0265398026,80.2655792236,80653,80764,111
13.0264396667,80.2656784058,83782,83944,162
13.0504598618,80.2068023682,2146,2206,60
13.0506296158,80.2069396973,2206,2317,111
13.0506801605,80.2068099976,2640,2751,111
13.0505599976,80.2067184448,4608,4779,171
13.0506601334,80.206817627,5820,5981,161
13.050740242,80.206817627,5981,6100,119
13.0506496429,80.2068481445,7705,7806,101
13.0506801605,80.20703125,12670,12862,192
13.0507202148,80.2068099976,16799,16860,61
13.0502500534,80.2068099976,19154,19185,31
13.0498895645,80.2068634033,19196,19246,50
13.0495796204,80.2068023682,19246,19367,121
13.0698003769,80.2049407959,20359,20419,60
12.9875602722,80.2513809204,22869,22910,41
12.9872598648,80.2595062256,23040,23071,31
12.9866199493,80.2593383789,23091,23172,81
12.9866199493,80.259147644,24315,24386,71
12.9870195389,80.2591094971,24386,24447,61
12.9874095917,80.2587814331,24467,24507,40
12.9876003265,80.2560195923,24568,24608,40
12.9799404144,80.2522735596,24780,24820,40
13.0136203766,80.2041778564,26223,26269,46
13.0381002426,80.2123794556,29036,29095,59
13.009759903,80.2113113403,29838,29871,33
12.9820098877,80.2314910889,31109,31169,60
12.9801197052,80.2521972656,31644,31694,50
12.9844999313,80.2521972656,31765,31926,161
12.9877901077,80.2543334961,32088,32128,40
12.9866800308,80.2590637207,33407,33488,81
12.9869298935,80.2590789795,33498,33549,51
12.9875602722,80.2573318481,33629,33670,41
12.9877004623,80.2556762695,33720,33781,61
12.9878902435,80.2530136108,33871,33902,31
12.9879598618,80.252746582,33922,33980,58
13.0072803497,80.2098007202,35948,35988,40
13.0496702194,80.2119827271,36967,37028,61
13.068400383,80.2051925659,37462,37512,50
13.0500402451,80.212097168,38865,38926,61
13.0451402664,80.2123794556,39027,39067,40
13.0446395874,80.212387085,39077,39168,91
13.0376901627,80.2123565674,39249,39289,40
13.0097198486,80.2112579346,40132,40183,51
12.9801301956,80.2522125244,41723,41754,31
12.987739563,80.2556991577,42389,42571,182
12.9872198105,80.2595977783,42631,42672,41
12.986989975,80.2591323853,43277,43318,41
13.0441999435,80.2122421265,46056,46157,101
13.0679397583,80.2051696777,47315,47456,141
13.0378103256,80.2124099731,48073,48143,70
12.9831199646,80.2525100708,50514,50611,97
12.9847202301,80.2520980835,50714,50795,81
12.9866895676,80.2515792847,50875,50976,101
12.9877595901,80.2553787231,51097,51138,41
12.987660408,80.2555999756,51148,51208,60
12.9869804382,80.2591094971,53238,53299,61
12.9754800797,80.2208023071,54205,54306,101
13.0073003769,80.2097930908,54931,54962,31
13.0435600281,80.2122192383,55728,55769,41
13.0494499207,80.2118835449,55888,55928,40
13.0696401596,80.205078125,56272,56303,31
13.0679702759,80.2049789429,57806,57947,141
13.0683202744,80.2049484253,57947,57998,51
13.0687398911,80.2048187256,58018,58068,50
13.0697603226,80.2049026489,58119,58159,40
13.063750267,80.2117233276,58280,58321,41
13.0495595932,80.2122116089,58520,58551,31
13.0375299454,80.2124328613,58702,58781,79
13.0100803375,80.2115325928,59442,59504,62
12.9878501892,80.2540969849,61290,61431,141
12.9867296219,80.2595291138,61583,61754,171
12.9865999222,80.2593231201,62501,62571,70
12.9867897034,80.2591018677,62581,62612,31
12.9874801636,80.2571792603,62692,62753,61
12.987830162,80.2518463135,62884,62924,40
13.0072803497,80.2098236084,64592,64633,41
13.0496997833,80.2118988037,65922,65953,31
13.069149971,80.2051391602,66336,66397,61
13.0453195572,80.2123184204,67879,67980,101
13.0098400116,80.2113494873,68985,69055,70
12.9983997345,80.2167510986,69770,69830,60
12.9766101837,80.2199630737,70335,70414,79
12.9762201309,80.2216033936,70716,70757,41
12.9872102737,80.2594070435,72137,72178,41
12.9867296219,80.2595367432,72208,72379,171
12.9868001938,80.2590637207,72389,72440,51
12.9875402451,80.2563095093,72531,72611,80
12.9802598953,80.2526702881,72823,72874,51
12.975859642,80.2211608887,73802,73863,61
12.9756002426,80.2209014893,73863,73909,46
13.0442399979,80.2121887207,75449,75550,101
13.0687398911,80.2051773071,76052,76083,31
13.0681600571,80.2051620483,76103,76274,171
13.0637998581,80.2116470337,76466,76517,51
13.0509004593,80.2070999146,77604,77695,91
13.0505695343,80.2071685791,84829,84880,51
12.9978103638,80.2563934326,20706,20767,61
12.9976701736,80.2562103271,20767,20949,182
12.9987401962,80.2559814453,22010,22050,40
13.0066299438,80.2520599365,22231,22272,41
13.0496702194,80.2121887207,26740,26780,40
13.0392303467,80.1969070435,27166,27197,31
13.036239624,80.2032394409,27533,27635,102
13.0354604721,80.2084121704,27738,27779,41
13.0303697586,80.2147293091,28117,28157,40
13.0322599411,80.2203292847,28298,28339,41
13.0290002823,80.2241973877,28480,28521,41
13.0069599152,80.2401275635,29449,29499,50
13.0067195892,80.2572174072,29883,29961,78
12.9968395233,80.2562408447,32079,32150,71
13.0065803528,80.2520904541,32493,32533,40
13.006649971,80.2481918335,32584,32684,100
13.0256595612,80.2301101685,33558,33599,41
13.0378198624,80.1927871704,34833,34873,40
13.0488395691,80.2070922852,35540,35580,40
13.0493297577,80.207359314,39575,39616,41
13.0493497849,80.2074203491,39616,39787,171
13.0492200851,80.2074127197,39787,39888,101
13.049200058,80.2073822021,39888,40039,151
13.0449695587,80.2123794556,40231,40301,70
13.0443496704,80.2124404907,40322,40362,40
13.0275497437,80.2328720093,41942,42043,101
13.0070896149,80.2392196655,42587,42637,50
12.9976797104,80.2572097778,43371,43432,61
12.9978103638,80.2563095093,53895,53955,60
12.9990797043,80.2560195923,54046,54077,31
13.006529808,80.2544937134,54278,54349,71
13.0065498352,80.2533874512,54369,54409,40
13.0065402985,80.2531890869,54409,54450,41
13.0066099167,80.2519302368,54480,54571,91
13.0066204071,80.2482070923,54621,54672,51
13.030090332,80.2093811035,56193,56233,40
13.0469398499,80.2121582031,57129,57166,37
13.0013599396,80.2565765381,60390,60450,60
12.9976301193,80.2562637329,60672,60783,111
12.9976396561,80.2568283081,61086,61146,60
12.9959201813,80.2677536011,61944,62044,100
12.9968004227,80.2570114136,62256,62307,51
13.0065202713,80.2554321289,62609,62660,51
13.006480217,80.2545623779,62686,62718,32
13.006480217,80.2541732788,62739,62789,50
13.0064897537,80.252822876,62850,62900,50
13.0066204071,80.2485198975,63001,63092,91
13.0065803528,80.2410430908,63263,63324,61
13.007349968,80.2371826172,63384,63425,41
13.0243701935,80.2285232544,63959,63990,31
13.0282001495,80.2309265137,64088,64169,81
13.029999733,80.2307891846,64220,64260,40
13.0321798325,80.2197418213,64674,64714,40
13.0301198959,80.2092590332,65057,65148,91
13.0443000793,80.2118530273,66233,66264,31
13.0488595963,80.2072067261,66584,66615,31
13.0491199493,80.2068710327,66644,66706,62
13.0496997833,80.2107086182,67593,67634,41
13.0447101593,80.2124710083,67795,67967,172
13.0440502167,80.2089309692,68037,68068,31
13.0407400131,80.2052001953,68156,68196,40
13.032409668,80.2119598389,69126,69166,40
13.030500412,80.2093276978,69247,69318,71
13.0305995941,80.2302474976,70095,70226,131
13.0303602219,80.2308273315,70256,70306,50
13.0067901611,80.2514419556,71326,71376,50
12.9968204498,80.257019043,71767,71798,31
13.0001802444,80.2664413452,72201,72393,192
12.9967498779,80.256729126,73069,73109,40
13.0065402985,80.2475128174,73584,73654,70
13.0111198425,80.2238616943,74128,74159,31
13.0285396576,80.2308883667,74641,74681,40
13.0408401489,80.2051086426,76352,76393,41
13.0495004654,80.2121887207,77795,77835,40
13.0287399292,80.2272033691,79651,79691,40
13.0069198608,80.2399215698,80417,80448,31
12.9978103638,80.256401062,81529,81598,69
13.0984697342,80.2404632568,13862,14013,151
13.0992898941,80.2404022217,15103,15224,121
13.0993404388,80.2404327393,15234,15376,142
13.0994300842,80.2403411865,19608,19799,191
13.100279808,80.2148895264,22169,22212,43
13.0067396164,80.2571792603,24996,25077,81
12.9969100952,80.256362915,27468,27509,41
12.9986000061,80.2560195923,27549,27587,38
12.9992399216,80.2561264038,27607,27658,51
13.0065803528,80.2523880005,27887,27949,62
13.0066900253,80.2482376099,28029,28140,111
13.0446901321,80.2405319214,29434,29474,40
13.0566196442,80.2426528931,29757,29797,40
13.0657396317,80.243560791,29979,30029,50
13.0706501007,80.2419281006,30181,30241,60
13.0757703781,80.2341690063,30574,30617,43
13.1005496979,80.2146377563,31350,31451,101
13.098950386,80.2141418457,32431,32471,40
13.0823202133,80.2336120605,33056,33087,31
13.0789403915,80.233543396,33177,33218,41
13.078669548,80.251449585,33690,33731,41
13.0593900681,80.2424468994,34457,34498,41
13.0353603363,80.2303390503,35183,35324,141
13.0341796875,80.2304382324,35365,35415,50
13.0277795792,80.2327728271,35637,35678,41
13.008020401,80.2344818115,36413,36453,40
13.0066995621,80.2425231934,36746,36796,50
13.006649971,80.2451019287,36897,36968,71
13.0021400452,80.2566375732,37281,37331,50
12.997879982,80.2559509277,37452,37493,41
12.998840332,80.2560195923,38611,38651,40
13.0053100586,80.2572174072,38803,38843,40
13.0067796707,80.2504730225,38994,39085,91
13.0066795349,80.2485275269,39146,39297,151
13.0258598328,80.2305908203,40436,40486,50
13.0286102295,80.2308883667,40547,40587,40
13.0330095291,80.2305374146,40688,40739,51
13.0344295502,80.2304077148,40829,40910,81
13.0342102051,80.2365188599,41031,41072,41
13.0341997147,80.2368469238,41082,41122,40
13.0521802902,80.2407608032,41539,41575,36
13.0655498505,80.2434463501,41891,41930,39
13.0758695602,80.2340927124,42261,42351,90
13.0984296799,80.2142181396,43026,43096,70
13.1001796722,80.2145309448,43147,43197,50
13.0986995697,80.2140579224,44015,44126,111
13.0768499374,80.2337265015,44732,44772,40
13.0762796402,80.2338104248,44792,44853,61
13.066450119,80.2433319092,45439,45490,51
13.0661497116,80.2434616089,45490,45550,60
13.0621995926,80.243270874,45863,45913,50
13.0469799042,80.2396469116,46317,46358,41
13.0354700089,80.2303466797,46701,46771,70
13.0269603729,80.2329101563,46973,47024,51
13.0065803528,80.2536010742,47790,47911,121
13.0066204071,80.2577667236,48082,48113,31
13.0065898895,80.2522201538,48214,48274,60
13.0066699982,80.2475204468,48355,48415,60
13.0447702408,80.2404632568,49811,49842,31
13.044719696,80.2403793335,49842,49882,40
13.0657901764,80.2435073853,50363,50395,32
13.0758304596,80.2342071533,50881,50932,51
13.0816898346,80.2336425781,51093,51134,41
13.0982503891,80.2145690918,51768,51799,31
13.0839195251,80.2339477539,53362,53413,51
13.0354995728,80.2302932739,55286,55367,81
13.02684021,80.232963562,55618,55668,50
13.0006399155,80.256439209,58038,58079,41
13.0292396545,80.2309188843,59451,59491,40
13.0345401764,80.2304534912,59652,59733,81
13.0343198776,80.237487793,59854,59895,41
13.0982198715,80.2145996094,61996,62037,41
13.1003599167,80.2145767212,62117,62239,122
13.0771799088,80.2404174805,64046,64077,31
13.0693302155,80.2433776855,64500,64531,31
13.0544700623,80.2424316406,65167,65227,60
13.0538196564,80.2423095703,65248,65369,121
13.0352697372,80.2303390503,65984,66075,91
13.0310897827,80.23072052,66176,66348,172
13.027589798,80.2329330444,66489,66651,162
13.0145797729,80.2262191772,67053,67084,31
13.0082197189,80.2336425781,67245,67276,31
13.0069303513,80.2400283813,67397,67498,101
13.0067300797,80.2469177246,67659,67750,91
13.0066404343,80.2573471069,67948,68020,72
13.0014600754,80.2566223145,68132,68192,60
13.0002202988,80.2664108276,69575,69625,50
12.9968204498,80.2563018799,70035,70169,134
13.0066003799,80.2482910156,70674,70735,61
13.0291404724,80.2308883667,71801,71918,117
13.0342102051,80.230430603,72061,72112,51
13.0345401764,80.2304000854,72122,72213,91
13.034119606,80.2371063232,72344,72415,71
13.044719696,80.2404327393,72727,72788,61
13.0656995773,80.243637085,73331,73362,31
13.0977096558,80.2156906128,74500,74561,61
13.0982303619,80.2145080566,74591,74662,71
13.1003303528,80.2145767212,74732,74833,101
13.1002502441,80.2149963379,75348,75409,61
13.0354099274,80.2303924561,79340,79422,82
13.0068798065,80.2401275635,80168,80230,62
13.0065803528,80.25340271,80443,80524,81
13.0066204071,80.2517929077,80782,80824,42
13.0974502563,80.2418365479,84387,84437,50
13.0990695953,80.2403488159,84982,85124,142
13.0990600586,80.240447998,85134,85275,141
13.0144100189,80.2256317139,9321,9422,101
12.9224596024,80.1432037354,25367,25417,50
12.9234399796,80.1169433594,25789,25860,71
12.9233503342,80.1210098267,26011,26051,40
12.9233398438,80.1211013794,26051,26202,151
12.9340200424,80.2039031982,27586,27617,31
12.9828195572,80.2218780518,28595,28635,40
13.0078001022,80.2129592896,29139,29180,41
13.0347499847,80.2302703857,29809,29850,41
13.0342702866,80.2298736572,29920,30071,151
13.0341997147,80.2302627563,30071,30102,31
13.0270700455,80.2329788208,30291,30342,51
13.0079603195,80.2132034302,30985,31074,89
12.9973201752,80.2164764404,31297,31337,40
12.9832696915,80.2221832275,31609,31640,31
12.9760904312,80.221321106,31750,31781,31
12.9428796768,80.2075500488,32319,32359,40
12.9175796509,80.194732666,32873,32974,101
12.9231700897,80.1205291748,34163,34214,51
12.9224996567,80.1427078247,36099,36139,40
12.9225702286,80.1435394287,36159,36190,31
13.0076999664,80.212852478,38870,38901,31
13.029129982,80.2307815552,39896,39927,31
13.0342502594,80.2304534912,40058,40098,40
13.034239769,80.2300186157,40178,40309,131
12.9750204086,80.2204818726,46937,46968,31
13.0348300934,80.2302322388,48417,48457,40
13.0149803162,80.2258987427,48971,49011,40
13.0141201019,80.2256393433,49041,49072,31
13.0141401291,80.2255020142,49072,49223,151
13.0259199142,80.2306976318,49935,49977,42
13.0293197632,80.2308502197,50037,50098,61
13.0345802307,80.2303619385,50188,50239,51
13.0349302292,80.2302093506,50239,50309,70
13.0350599289,80.2298431396,50319,50410,91
13.0347499847,80.2297897339,50410,50521,111
13.0342302322,80.2300872803,50823,50924,101
13.0298204422,80.2308425903,51004,51035,31
13.0081796646,80.2133178711,51799,51849,50
12.9907903671,80.2201690674,52220,52310,90
13.0340995789,80.2305679321,59420,59499,79
13.0269899368,80.232963562,61000,61061,61
13.0231704712,80.2274627686,61151,61182,31
12.997300148,80.216506958,61869,61909,40
12.9967603683,80.2165679932,61919,61960,41
12.9762096405,80.2212982178,62473,62543,70
12.9224395752,80.1433334351,64354,64405,51
12.9234304428,80.1169662476,64798,64838,40
12.9230699539,80.1256790161,65622,65672,50
12.9227695465,80.1514816284,66055,66086,31
12.9203395844,80.1840209961,66499,66539,40
12.9171695709,80.1932220459,66721,66782,61
12.9319601059,80.2034072876,67177,67223,46
12.9628801346,80.2157211304,67799,67839,40
12.971570015,80.2192077637,68000,68041,41
12.9727897644,80.2197189331,68081,68152,71
12.9731302261,80.2198562622,68162,68222,60
12.9749403,80.2206420898,68272,68363,91
12.9752397537,80.2208023071,68363,68444,81
12.9864301682,80.2230606079,68776,68897,121
12.9961500168,80.2166519165,69169,69200,31
12.997420311,80.2162704468,69250,69290,40
13.0078201294,80.213180542,69522,69562,40
13.0272903442,80.2311706543,70073,70104,31
13.0320196152,80.2307434082,70243,70283,40
13.0329504013,80.2306671143,70313,70414,101
13.0346498489,80.2301330566,70515,70555,40
13.0340995789,80.2304382324,71064,71135,71
13.032409668,80.2306594849,71175,71266,91
13.0313596725,80.2307434082,71296,71387,91
13.0082798004,80.2134780884,72403,72444,41
12.9974403381,80.2162399292,72686,72744,58
12.9972200394,80.2165679932,72754,72805,51
12.988120079,80.2228622437,73044,73186,142
12.9754104614,80.2209625244,73617,73666,49
12.92345047,80.1172790527,75971,76028,57
12.9232902527,80.1210021973,76393,76454,61
12.9232902527,80.1211395264,76454,76494,40
12.9224796295,80.1428222656,76837,76877,40
12.9225597382,80.1448135376,76934,76977,43
13.0141601563,80.2257766724,79426,79466,40
13.0072803497,80.2096786499,36940,36980,40
13.0075798035,80.2100067139,37000,37121,121
13.0165195465,80.2053604126,37313,37373,60
13.0699596405,80.2048110962,40128,40168,40
13.0367803574,80.2124786377,40774,40824,50
13.034529686,80.212059021,40905,40945,40
13.0341997147,80.2121505737,40955,41004,49
13.0139198303,80.2044525146,41428,41488,60
12.9756803513,80.2203674316,43232,43292,60
12.9758501053,80.221031189,43322,43363,41
12.9767503738,80.2222900391,44694,44762,68
12.9767303467,80.2222366333,44762,44803,41
12.9768800735,80.2223129272,44914,44965,51
12.9767198563,80.2221679688,44965,45038,73
12.9766998291,80.2222824097,45048,45088,40
12.9767799377,80.2222366333,45118,45310,192
12.9770803452,80.222366333,45360,45401,41
12.9775896072,80.2208862305,45421,45461,40
12.9764795303,80.2198486328,45552,45663,111
12.9839401245,80.2179031372,45683,45764,81
12.9957399368,80.215461731,46179,46239,60
13.0080299377,80.2040328979,46794,46875,81
13.0702695847,80.2046890259,51979,52029,50
13.0569200516,80.2116775513,52211,52262,51
13.051779747,80.2125473022,52313,52444,131
12.9898996353,80.2118835449,54380,54571,191
13.0439395905,80.2122497559,57524,57563,39
13.0626296997,80.2118606567,57952,58132,180
13.0683898926,80.2051315308,58192,58244,52
13.0678901672,80.2051620483,60171,60211,40
13.0681495667,80.2049179077,60221,60252,31
13.0697898865,80.2049407959,60312,60352,40
13.0638799667,80.2117233276,60494,60534,40
13.0501804352,80.2122421265,60746,60786,40
13.0446100235,80.2124023438,60938,60978,40
13.0194797516,80.2061462402,61430,61602,172
13.0113296509,80.217880249,62003,62114,111
13.0332603455,80.2304000854,4968,5079,111
13.0333299637,80.23046875,6660,6768,108
13.0333595276,80.2304763794,6768,6883,115
13.033249855,80.2306594849,18893,18953,60
13.0331802368,80.2305297852,18964,19015,51
13.0334796906,80.2678909302,20464,20514,50
13.0343999863,80.2298965454,21976,22059,83
13.0066795349,80.2519607544,26530,26591,61
13.0066900253,80.2474899292,26651,26712,61
13.0343503952,80.2297592163,27581,27631,50
13.0337200165,80.2297821045,27641,27762,121
13.0334300995,80.2298965454,27772,27934,162
13.0333900452,80.230140686,27944,27984,40
13.0334300995,80.2302780151,27994,28075,81
13.033659935,80.2298583984,28529,28630,101
13.0337200165,80.2295837402,28661,28751,90
13.034040451,80.2298812866,28973,29155,182
13.0342597961,80.2299423218,29720,29831,111
13.0299196243,80.2308731079,29942,29983,41
13.0270700455,80.2329406738,30073,30104,31
13.0142498016,80.2263183594,30465,30505,40
13.0066604614,80.2573776245,31202,31242,40
13.0077495575,80.2587280273,31270,31302,32
13.0333404541,80.2677688599,31955,31996,41
13.0344800949,80.2679901123,32036,32067,31
13.0335197449,80.2678375244,32127,32228,101
13.0066204071,80.2576980591,32932,33013,81
13.0066604614,80.2517776489,33124,33195,71
13.0066900253,80.2485961914,33255,33296,41
13.0197296143,80.2245635986,34060,34111,51
13.0217103958,80.22605896,34202,34242,40
13.0226297379,80.2267913818,34283,34333,50
13.0240001678,80.2281723022,34422,34482,60
13.0337495804,80.23046875,34805,34836,31
13.0347995758,80.2302780151,34855,34906,51
13.0345497131,80.2297210693,34936,34977,41
13.0342302322,80.2303009033,35370,35431,61
13.0311899185,80.2306213379,35522,35572,50
13.0081996918,80.2337417603,36406,36476,70
13.0067396164,80.2418365479,36749,36829,80
13.0066995621,80.2432327271,36860,36900,40
13.0066995621,80.2439804077,36920,36981,61
13.0068101883,80.2508773804,37142,37213,71
13.0343999863,80.2679824829,38169,38210,41
13.0333795547,80.2678604126,38249,38301,52
13.0067796707,80.2578277588,39314,39365,51
13.006529808,80.2576828003,39365,39448,83
13.006529808,80.252281189,39569,39630,61
13.0066404343,80.2485427856,39710,39841,131
13.0194196701,80.224319458,40424,40455,31
13.0252504349,80.2296600342,40717,40788,71
13.0287799835,80.2308578491,40970,41020,50
13.0333404541,80.2305221558,41131,41190,59
13.0342798233,80.2298202515,41311,41392,81
13.0299196243,80.230796814,41687,41727,40
13.0251998901,80.2298812866,41899,41960,61
13.0071697235,80.2388763428,42445,42526,81
13.0069303513,80.2399673462,42546,42647,101
13.0335798264,80.2679290771,43924,43986,62
13.0066604614,80.2577819824,44984,45074,90
13.0066099167,80.2522201538,45197,45277,80
13.0067195892,80.248008728,45368,45435,67
13.0065803528,80.2417221069,45608,45649,41
13.0067100525,80.2405319214,45679,45719,40
13.0259599686,80.2310028076,46286,46333,47
13.0293102264,80.2308425903,46403,46455,52
13.0069198608,80.2400436401,49634,49675,41
13.0334501266,80.267829895,50759,50790,31
13.034330368,80.2680206299,50820,50860,40
13.0335798264,80.2678833008,50931,51012,81
13.0067596436,80.2577972412,52111,52151,40
13.006529808,80.2528686523,52292,52343,51
13.0067100525,80.2486190796,52423,52464,41
13.0345497131,80.2303924561,53453,53543,90
13.0346603394,80.2300491333,53584,53725,141
13.0066099167,80.2477493286,58934,59015,81
13.0073204041,80.2369613647,59196,59227,31
13.0291795731,80.2308425903,59962,60023,61
13.0333003998,80.230506897,60102,60134,32
13.0345897675,80.2304000854,60174,60224,50
13.0348300934,80.2300796509,60245,60346,101
13.0342502594,80.2301330566,62404,62536,132
13.0069799423,80.2398223877,63355,63436,81
13.0164003372,80.2596817017,63970,64001,31
13.0333499908,80.2678527832,64673,64753,80
13.0334596634,80.2678985596,64876,64926,50
13.0328397751,80.267791748,64956,64987,31
13.0065603256,80.2537231445,65842,65903,61
13.0065803528,80.2521820068,65974,66034,60
13.0066404343,80.2482376099,66095,66145,50
13.0066795349,80.2407531738,66438,66488,50
13.0213403702,80.2258605957,67105,67170,65
13.0272798538,80.2311706543,67372,67433,61
13.0284099579,80.2310028076,67483,67544,61
13.0305404663,80.2308273315,67635,67675,40
13.0339698792,80.2305908203,67746,67806,60
13.0345697403,80.2304611206,67836,67897,61
13.0349302292,80.2302780151,67907,67958,51
13.0346097946,80.2300491333,67958,68048,90
13.0340299606,80.2304763794,68560,68591,31
13.033539772,80.2305679321,68591,68622,31
13.0308904648,80.230796814,68691,68783,92
13.0234203339,80.2277603149,69185,69245,60
13.0145301819,80.2262802124,69437,69498,61
13.0071496964,80.2388000488,69780,69820,40
13.0069904327,80.2397384644,69841,69942,101
13.0344896317,80.2680892944,71292,71352,60
13.0065402985,80.2577209473,72763,72884,121
13.0219802856,80.2262420654,73893,73924,31
13.0339603424,80.2304534912,74257,74338,81
13.0344295502,80.2300796509,74398,74489,91
13.0341501236,80.2301712036,74489,74620,131
13.0066404343,80.2431182861,75687,75747,60
13.0066299438,80.2573394775,76141,76212,71
13.0338401794,80.2679367065,77109,77210,101
13.006770134,80.2578964233,78431,78492,61
13.0066404343,80.2404327393,78835,78875,40
13.0333003998,80.2299423218,80397,80468,71
13.0335903168,80.2302017212,81056,81106,50
13.033490181,80.230178833,81702,81783,81
13.0333795547,80.2302093506,82116,82267,151
13.0334100723,80.2297668457,83650,83801,151
13.0331497192,80.2305603027,85626,85747,121
13.0326595306,80.2303390503,86171,86221,50
12.9884901047,80.2233810425,30707,30757,50
12.988360405,80.2233963013,32098,32138,40
12.988360405,80.2233810425,34053,34103,50
12.9864997864,80.2353286743,35499,35539,40
12.9882202148,80.2301177979,35670,35711,41
12.988360405,80.2233581543,35868,35900,32
12.9914999008,80.2334594727,36126,36187,61
12.9883203506,80.2238616943,37779,37973,194
13.025560379,80.2671279907,20,151,131
13.0251998901,80.267616272,747,798,51
13.0266304016,80.2663726807,6282,6403,121
13.0266599655,80.2663726807,17764,17896,132
13.0263795853,80.2663803101,18098,18158,60
13.026140213,80.2663497925,18158,18340,182
13.0066404343,80.2474594116,19016,19047,31
13.0069599152,80.2401123047,22131,22181,50
13.0067195892,80.2572631836,22444,22485,41
13.0066699982,80.2519989014,24475,24516,41
13.0066699982,80.2475662231,24587,24637,50
13.0268602371,80.2330093384,26909,26980,71
13.0201501846,80.2249679565,27212,27243,31
13.0333204269,80.2678833008,28869,29030,161
13.0332298279,80.2677764893,29030,29101,71
13.0065803528,80.2576904297,30161,30262,101
13.0066404343,80.248260498,30444,30485,41
13.034740448,80.2302932739,31585,31666,81
13.0309200287,80.23072052,32080,32121,41
13.0277700424,80.2320785522,32232,32292,60
13.0273103714,80.2329025269,32343,32403,60
13.0245399475,80.2289505005,32514,32555,41
13.0082702637,80.2336120605,32989,33029,40
13.0072097778,80.2389907837,33272,33322,50
13.0067996979,80.2416534424,33433,33504,71
13.0067501068,80.2459564209,33605,33645,40
13.0085296631,80.2590103149,33948,33989,41
13.0344295502,80.2679672241,34898,34938,40
13.0263795853,80.2660217285,36058,36089,31
13.0066404343,80.2577667236,36594,36645,51
13.006529808,80.2575683594,36645,36735,90
13.006529808,80.2525100708,36847,36907,60
13.0067300797,80.2493362427,36978,37069,91
13.0066404343,80.2475204468,37119,37250,131
13.0193996429,80.224319458,37946,38008,62
13.0217399597,80.2260513306,38220,38260,40
13.0242795944,80.2283782959,38442,38482,40
13.0347099304,80.2302627563,38816,38856,40
13.0308198929,80.2307510376,39482,39533,51
13.0278701782,80.2324981689,39664,39704,40
13.0270996094,80.2329864502,39735,39886,151
13.0069999695,80.2396697998,40643,40734,91
13.0335798264,80.267791748,41936,41976,40
13.0333299637,80.2678604126,42118,42168,50
13.0264501572,80.2660217285,42380,42431,51
13.0066795349,80.2479476929,43148,43218,70
13.0256900787,80.2303466797,44208,44278,70
13.029250145,80.2308425903,44379,44430,51
13.0342597961,80.2304229736,44541,44581,40
13.0342102051,80.2302932739,44693,44743,50
13.0068998337,80.2400512695,45783,45834,51
13.0066404343,80.2437133789,45914,45955,41
13.0066099167,80.2567901611,46217,46268,51
13.0336399078,80.2678070068,47096,47156,60
13.0344800949,80.2679824829,47177,47217,40
13.0344800949,80.268119812,47217,47267,50
13.0268297195,80.2659378052,47469,47520,51
13.0333299637,80.2678604126,49085,49146,61
13.0221595764,80.263458252,49438,49469,31
13.0065498352,80.252166748,50034,50074,40
13.0066204071,80.2480010986,50186,50246,60
13.0292797089,80.2308425903,51215,51276,61
13.0345201492,80.2303771973,51367,51428,61
13.0345201492,80.2297973633,51468,51518,50
13.0342302322,80.2298812866,51528,51619,91
13.0255899429,80.2303466797,52144,52256,112
13.0066795349,80.2572097778,53124,53215,91
13.0197896957,80.262260437,53467,53518,51
13.0335798264,80.267829895,53962,54012,50
13.006529808,80.2534790039,55164,55204,40
13.0065698624,80.2521972656,55255,55335,80
13.0066204071,80.2480773926,55396,55446,50
13.0346698761,80.2302703857,56497,56577,80
13.0347204208,80.2298202515,56608,56709,101
13.0070104599,80.2398223877,58728,58809,81
13.0327301025,80.2677001953,59990,60021,31
13.0312795639,80.2669219971,60293,60354,61
13.02987957,80.2666625977,60415,60455,40
13.0065402985,80.2576599121,61000,61121,121
13.0066299438,80.2481765747,61313,61344,31
13.0066604614,80.2406082153,61546,61596,50
13.0300102234,80.2307815552,62424,62485,61
13.0327596664,80.2305603027,62545,62586,41
13.0347204208,80.2303314209,62707,62747,40
13.0343799591,80.2297210693,62808,62869,61
13.0342798233,80.2301864624,63081,63130,49
13.0341997147,80.2303924561,63130,63232,102
13.0319700241,80.2306976318,63272,63303,31
13.0269498825,80.2329711914,63444,63505,61
13.0339603424,80.2680206299,65403,65454,51
13.033249855,80.2677307129,65908,66029,121
13.0298204422,80.2667236328,66130,66161,31
13.0064697266,80.2528076172,66888,66948,60
13.0066099167,80.2478713989,67049,67241,192
13.0067796707,80.247543335,67251,67292,41
13.0066299438,80.2407073975,67453,67514,61
13.0074195862,80.2366333008,67585,67665,80
13.0280399323,80.2310028076,68423,68463,40
13.0282297134,80.2309799194,68463,68534,71
13.0288801193,80.2309417725,68554,68645,91
13.0339698792,80.2305221558,68786,68877,91
13.0302495956,80.2308425903,70089,70120,31
13.029589653,80.2309417725,70150,70190,40
13.0250797272,80.2297973633,70373,70413,40
13.0088596344,80.2300491333,70878,70918,40
13.0067996979,80.2495269775,71292,71332,40
13.0338201523,80.2679519653,72292,72332,40
13.0344400406,80.2680435181,72352,72403,51
13.0065002441,80.2576599121,73393,73514,121
13.0065498352,80.2479629517,73746,73797,51
13.0292701721,80.2308425903,74837,74887,50
13.0345096588,80.2303924561,74988,75019,31
13.034119606,80.2300872803,75312,75382,70
13.0308904648,80.230758667,75463,75503,40
13.0268802643,80.2329788208,75635,75705,70
13.0072202682,80.2386398315,76261,76342,81
13.0069799423,80.2397613525,76372,76473,101
13.0066900253,80.2573318481,76978,77069,91
13.0756597519,80.2747879028,17177,17258,81
13.0756196976,80.2749176025,17278,17409,131
13.074640274,80.2742767334,17429,17530,101
13.0754804611,80.2750396729,17530,17611,81
13.0759296417,80.2761230469,17611,17701,90
13.0758695602,80.2755737305,17701,17814,113
13.0759401321,80.2764892578,17814,17925,111
13.0729799271,80.2856369019,18625,18656,31
12.9871997833,80.2595672607,20438,20519,81
12.9873399734,80.2590866089,21336,21367,31
13.0431404114,80.2795791626,22923,22983,60
13.0888395309,80.290222168,23539,23590,51
13.0888204575,80.2901916504,24910,24950,40
13.0018796921,80.256652832,26347,26381,34
12.9875297546,80.2562179565,29167,29227,60
12.9885396957,80.255859375,29275,29317,42
13.0202999115,80.2690734863,30114,30185,71
13.0866203308,80.2838668823,31625,31656,31
13.0878400803,80.2839431763,32251,32311,60
13.0889101028,80.2901000977,32624,32655,31
13.0822601318,80.2888870239,32745,32776,31
13.0241603851,80.2740783691,33760,33791,31
12.9969396591,80.2561798096,34867,34968,101
12.9891395569,80.2560119629,35220,35327,107
12.9872999191,80.2594528198,35430,35470,40
12.987039566,80.2592773438,35491,35592,101
12.9874401093,80.2582397461,35632,35749,117
12.9875898361,80.2563781738,35811,35922,111
13.0572795868,80.2819519043,38303,38334,31
13.0639095306,80.2833328247,38445,38495,50
13.0887699127,80.2901535034,38816,38877,61
13.0868196487,80.2839584351,39098,39220,122
13.0868301392,80.2839431763,39684,39774,90
13.0878896713,80.2839126587,39825,39875,50
13.0880403519,80.2839202881,39875,39916,41
13.0883998871,80.2848815918,40087,40148,61
13.0887699127,80.2901077271,40289,40329,40
13.0339403152,80.2774505615,41165,41205,40
13.015999794,80.2596435547,41686,41732,46
12.9968996048,80.2561798096,42398,42469,71
12.9899702072,80.2560424805,42671,42721,50
12.9886798859,80.2559509277,42752,42792,40
12.9883899689,80.255897522,42802,42852,50
12.9875802994,80.2562408447,43144,43184,40
12.9969301224,80.2556533813,43435,43525,90
13.0221595764,80.2713165283,44585,44635,50
13.0227098465,80.2720489502,44686,44746,60
13.0329704285,80.2774963379,45109,45140,31
13.0429601669,80.279548645,45331,45372,41
13.0542297363,80.2813491821,45653,45734,81
13.0545597076,80.2814407349,45734,45903,169
13.0549402237,80.2814788818,45903,45954,51
13.0553102493,80.2815475464,45963,46004,41
13.0556898117,80.2816467285,46004,46045,41
13.0603103638,80.2825775146,46145,46186,41
13.0637102127,80.2832717896,46277,46327,50
13.0866298676,80.2838287354,46932,46983,51
13.0878095627,80.2840270996,47043,47084,41
13.0815601349,80.2757568359,47356,47406,50
13.075969696,80.2748794556,47538,47578,40
13.0811901093,80.2751617432,48032,48083,51
13.0867996216,80.2839736938,48315,48385,70
13.0877895355,80.2839202881,48415,48577,162
13.0880298615,80.2815322876,48658,48789,131
12.987279892,80.2594223022,51677,51728,51
12.9866800308,80.2590866089,51798,51889,91
12.9870595932,80.2590866089,51899,51960,61
12.9875097275,80.2567062378,52040,52091,51
12.9969501495,80.2557067871,52363,52444,81
13.0431003571,80.2795791626,53866,53927,61
13.0887002945,80.2901535034,54643,54714,71
13.0868902206,80.2839584351,54885,55047,162
13.088060379,80.2839813232,55410,55450,40
13.0887804031,80.2898178101,55904,55993,89
13.0887804031,80.2902297974,56013,56064,51
12.9968595505,80.2561569214,58147,58199,52
12.9872503281,80.2595672607,58520,58551,31
12.9874000549,80.2580871582,59703,59743,40
12.9882802963,80.2558288574,59825,59864,39
13.0238304138,80.2736282349,61316,61397,81
13.0256099701,80.2750396729,61508,61558,50
13.025970459,80.2752304077,61588,61639,51
13.0270004272,80.2757034302,61689,61730,41
13.0272102356,80.2758178711,61740,61790,50
13.0274295807,80.2759628296,61800,61851,51
13.0276403427,80.2760391235,61851,61952,101
13.031080246,80.2773971558,62149,62192,43
13.0430803299,80.2795791626,62444,62505,61
13.0639400482,80.2834091187,62868,62918,50
13.0867795944,80.2840194702,63504,63565,61
13.0871896744,80.2839736938,64029,64069,40
13.0878801346,80.2840118408,64090,64140,50
13.088060379,80.2840270996,64140,64180,40
13.0884399414,80.2847976685,64382,64443,61
13.0888299942,80.2899169922,64632,64683,51
13.0880298615,80.2901763916,64713,64753,40
13.0645198822,80.2836990356,65157,65197,40
12.9956598282,80.2674713135,67055,67095,40
12.9957895279,80.2660675049,67136,67176,40
12.9968004227,80.256439209,67448,67479,31
12.9883499146,80.2559967041,67802,67852,50
12.9872703552,80.2593994141,67953,68003,50
12.9867801666,80.2591400146,68387,68437,50
12.9875297546,80.2561798096,68538,68677,139
12.9961595535,80.2678222656,69361,69402,41
13.0236301422,80.2734832764,70319,70395,76
13.0430698395,80.2796936035,70887,70947,60
13.0885801315,80.290222168,71654,71704,50
13.088760376,80.2902679443,71704,71775,71
13.0877504349,80.2839584351,72733,72764,31
13.0881299973,80.2836380005,72804,72844,40
13.088350296,80.2850799561,73036,73147,111
13.0886898041,80.2898788452,73286,73317,31
13.0887098312,80.2901611328,73327,73377,50
13.043419838,80.2798614502,74194,74235,41
12.9968700409,80.256072998,75697,75796,99
12.9875802994,80.255897522,76755,76866,111
12.996919632,80.2557830811,77149,77268,119
13.0888595581,80.2902603149,79479,79527,48
13.0868396759,80.2837600708,79720,79760,40
13.0874795914,80.2836532593,79780,79839,59
13.0823402405,80.2785415649,80454,80496,42
13.0757799149,80.2751235962,85573,85623,50
13.0759801865,80.2756271362,85643,85674,31
13.014380455,80.225692749,18074,18144,70
13.0079898834,80.2131881714,18421,18512,91
12.9755897522,80.2210083008,19049,19099,50
12.9233503342,80.1204910278,21791,21840,49
13.0341501236,80.2297821045,26822,26973,151
13.0278596878,80.2326202393,27157,27318,161
13.0201396942,80.2249832153,27641,27763,122
12.9760904312,80.2212982178,28821,28881,60
12.9756298065,80.2210769653,28891,28932,41
12.9227304459,80.1523208618,30728,30798,70
12.9203701019,80.1839904785,32805,32856,51
12.9642095566,80.2161331177,34148,34310,162
12.9672203064,80.2174301147,34390,34441,51
12.9752101898,80.2205963135,34592,34653,61
12.9914999008,80.2195968628,35024,35065,41
13.0077695847,80.212928772,35499,35539,40
13.0217199326,80.225982666,36012,36043,31
13.0337400436,80.230430603,36487,36547,60
13.0347499847,80.2298812866,36618,36669,51
13.0344600677,80.2298583984,36982,37093,111
13.0343904495,80.2297973633,37093,37274,181
13.0341997147,80.2301025391,37284,37345,61
13.0318803787,80.2306213379,37395,37426,31
13.031080246,80.2306671143,37456,37506,50
13.0303096771,80.23072052,37537,37585,48
13.0278596878,80.2309799194,37656,37788,132
13.0278100967,80.2328033447,37849,38040,191
13.0140895844,80.2254867554,38424,38563,139
12.920249939,80.1840591431,40636,40668,32
12.9226703644,80.1520309448,41102,41153,51
12.9233798981,80.1202697754,42275,42315,40
12.9233198166,80.1209030151,42326,42426,100
12.9746704102,80.2204437256,44532,44593,61
13.0318098068,80.2306289673,45988,46048,60
13.0332202911,80.2305297852,46088,46159,71
13.0344200134,80.2298583984,47280,47381,101
13.0341796875,80.2301101685,47845,47906,61
13.0271596909,80.2329406738,48085,48116,31
13.0231103897,80.2274017334,48237,48288,51
13.0082502365,80.2133407593,48742,48812,70
13.0092802048,80.2144165039,55418,55469,51
13.0342998505,80.2304000854,55970,56017,47
13.0347900391,80.229927063,56089,56240,151
13.0344400406,80.2299118042,56240,56291,51
13.0341901779,80.23021698,56897,56957,60
13.0113401413,80.2234573364,57702,57733,31
13.0119400024,80.2218780518,57763,57813,50
13.0083398819,80.2134017944,58015,58066,51
12.9762897491,80.2212219238,58730,58770,40
12.9755601883,80.220993042,58811,58871,60
12.9224300385,80.1432266235,60723,60784,61
12.9231395721,80.1211166382,61115,61156,41
12.92345047,80.1169433594,61236,61267,31
12.9235601425,80.1171798706,61287,61347,60
12.9230604172,80.1268768311,62670,62730,60
12.9230203629,80.1272506714,62730,62771,41
12.9170999527,80.1932601929,63987,64028,41
13.0078802109,80.213142395,66014,66065,51
13.0257997513,80.2305908203,66612,66693,81
13.0271396637,80.2311935425,66743,66774,31
13.0276603699,80.2310791016,66784,66885,101
13.0285797119,80.2309875488,66915,66996,81
13.0346899033,80.2304000854,67177,67234,57
13.0345697403,80.2298736572,67286,67408,122
13.0340795517,80.2304077148,67670,67731,61
13.0276899338,80.2317810059,67900,67952,52
13.0278596878,80.2328491211,67992,68164,172
13.0276403427,80.2328262329,68164,68204,40
13.0232601166,80.2276382446,68436,68477,41
13.0085401535,80.2136306763,68969,69010,41
12.9972600937,80.2164611816,69353,69393,40
12.9896097183,80.2211227417,69666,69716,50
12.9894895554,80.2213287354,69727,69767,40
12.9891395569,80.2218322754,69807,69898,91
12.9886398315,80.222442627,69928,69959,31
12.9881401062,80.222869873,69989,70029,40
12.987830162,80.2230987549,70029,70100,71
12.9874696732,80.223197937,70100,70181,81
12.9441604614,80.2084579468,70976,71017,41
12.9171800613,80.1915969849,71723,71754,31
12.9223804474,80.1432189941,72488,72538,50
12.9232501984,80.1185073853,72892,72972,80
12.9233503342,80.1173629761,73326,73437,111
12.9232902527,80.1174621582,73437,73538,101
12.9232597351,80.1205825806,73639,73679,40
12.923210144,80.1209182739,73679,73780,101
12.9230098724,80.1254196167,73853,73893,40
12.9224100113,80.1424789429,74216,74267,51
12.9233798981,80.197479248,75132,75171,39
12.9968996048,80.2164916992,76545,76576,31
13.0492200851,80.2070617676,13571,13652,81
13.054019928,80.2277832031,13995,14126,131
12.9872398376,80.2585983276,16385,16437,52
13.0491600037,80.2072296143,18476,18516,40
12.8747396469,80.2099609375,27216,27256,40
12.9002895355,80.2278213501,27920,28017,97
12.9061899185,80.2281265259,28221,28261,40
12.9663295746,80.247718811,29300,29331,31
12.9811697006,80.2444992065,29661,29742,81
12.9814395905,80.2338027954,30045,30114,69
13.0064697266,80.2096099854,31344,31395,51
13.010890007,80.2121276855,31875,32059,184
13.010140419,80.2115707397,32099,32160,61
13.009519577,80.2111816406,33159,33249,90
13.009180069,80.2113265991,33259,33300,41
12.9833097458,80.2221908569,34329,34369,40
12.9764003754,80.2218093872,34521,34581,60
12.9820995331,80.2321472168,34823,34854,31
12.9813899994,80.2422332764,35096,35146,50
12.9800300598,80.2524185181,35287,35339,52
12.9648103714,80.2472610474,35621,35682,61
12.9637002945,80.2468032837,35773,35813,40
12.9067497253,80.2283096313,36691,36872,181
12.9026203156,80.2280578613,36933,37044,111
12.9005203247,80.2278518677,38796,38883,87
12.9485902786,80.2404785156,39732,39813,81
13.0069103241,80.2097167969,41810,41850,40
13.0101604462,80.2116088867,42299,42359,60
12.9568796158,80.2438278198,45111,45241,130
12.984749794,80.2230529785,49748,49819,71
13.0098695755,80.2113113403,52230,52320,90
12.9566698074,80.2437515259,54804,54905,101
12.9072504044,80.2283401489,55671,55741,70
12.9011802673,80.2280731201,55822,55903,81
12.8747596741,80.2096710205,56585,56634,49
12.8747997284,80.2101516724,57230,57261,31
12.9005804062,80.2278518677,57955,58024,69
12.9063196182,80.228187561,58136,58215,79
12.9560804367,80.243309021,59002,59052,50
12.9631500244,80.2465286255,59183,59222,39
13.0068798065,80.2097625732,60908,60948,40
13.0099897385,80.2114334106,61420,61460,40
13.0096702576,80.2112503052,61471,61602,131
12.9834299088,80.2222976685,63448,63488,40
12.9799804688,80.2525024414,64253,64342,89
12.9493904114,80.2409896851,64875,64925,50
12.9074602127,80.2284622192,65629,65670,41
12.8764896393,80.2269973755,66243,66283,40
12.8747196198,80.2100067139,66669,66823,154
12.9004497528,80.2279434204,67539,67590,51
12.9024801254,80.2280578613,67640,67676,36
12.9041204453,80.2281570435,67729,67770,41
12.9456996918,80.2394104004,68729,68777,48
12.9479398727,80.2403182983,68898,68989,91
12.9483098984,80.2404632568,68989,69080,91
12.9667196274,80.2479934692,69584,69615,31
12.9969396591,80.2165222168,71364,71395,31
13.0068502426,80.209777832,71707,71738,31
12.9876499176,80.2231216431,73984,74044,60
12.9841804504,80.2227935791,74145,74206,61
12.9831800461,80.22215271,74286,74317,31
12.9567298889,80.2438735962,75546,75596,50
12.9068002701,80.2283325195,76379,76458,79
12.9005298615,80.2278366089,77849,77880,31
12.9559803009,80.2432479858,78848,78899,51
12.9774999619,80.2222518921,79895,79926,31
13.0066604614,80.2572937012,81652,81709,57
12.9976501465,80.257019043,82689,82800,111
12.9978504181,80.2569732666,12306,12497,191
12.9978199005,80.2570266724,15838,15959,121
12.9975996017,80.2565002441,21520,21702,182
13.0067796707,80.2517776489,23668,23709,41
13.0302000046,80.2092437744,25197,25258,61
13.0314903259,80.2093505859,25288,25319,31
13.0414104462,80.1966934204,25838,25869,31
13.0489397049,80.2072677612,26424,26515,91
13.0491399765,80.2071075439,27554,27645,91
13.0448303223,80.2123565674,28400,28450,50
13.0270595551,80.2329025269,30537,30568,31
13.0240602493,80.2283630371,30648,30689,41
13.0140695572,80.2263793945,30878,30919,41
13.007109642,80.2394485474,31161,31222,61
13.0066995621,80.2431793213,31323,31363,40
13.0067300797,80.2572631836,31656,31726,70
12.9968795776,80.256187439,33815,33967,152
12.9992303848,80.2561035156,34057,34118,61
13.0066003799,80.2520599365,34369,34440,71
13.0064897537,80.2494812012,34521,34581,60
13.0066204071,80.2464904785,34934,34965,31
13.0195198059,80.224357605,35590,35641,51
13.023850441,80.2277374268,35933,35964,31
13.025639534,80.2301177979,36075,36125,50
13.0301799774,80.2092132568,36977,37098,121
13.0443096161,80.2119903564,38159,38219,60
13.0468301773,80.2122421265,38310,38360,50
13.0493202209,80.2072067261,38582,38619,37
13.0493001938,80.2073287964,38843,38893,50
13.0497999191,80.2114181519,38974,39055,81
13.0392599106,80.1969528198,39610,39650,40
13.0069198608,80.2400665283,42052,42173,121
13.0068302155,80.2512969971,42486,42526,40
13.0015096664,80.2565994263,42788,42847,59
12.9997196198,80.256187439,42907,42948,41
12.9975996017,80.2569122314,43029,43119,90
12.997590065,80.2568969727,43129,43160,31
13.0003004074,80.266242981,43612,43763,151
12.9968795776,80.2563476563,44147,44237,90
12.9992904663,80.2561035156,44328,44379,51
13.006529808,80.2524414063,44630,44680,50
13.006770134,80.2488327026,44761,44812,51
13.0066404343,80.2479095459,44852,44912,60
13.0192804337,80.2242965698,45584,45617,33
13.0291700363,80.2308120728,45895,45928,33
13.0469799042,80.2122573853,47812,47852,40
13.0492801666,80.2069168091,48084,48135,51
13.049079895,80.2071304321,48669,48740,71
13.0491600037,80.2071228027,48740,48791,51
13.0497903824,80.2116622925,48871,48922,51
13.044549942,80.2124023438,49043,49124,81
13.0389404297,80.19921875,49467,49527,60
13.0389699936,80.1988372803,49527,49558,31
13.0304403305,80.2092208862,50294,50335,41
13.02684021,80.2330627441,51293,51344,51
13.0239896774,80.2283706665,51455,51495,40
13.0067596436,80.251373291,52230,52280,50
13.0066795349,80.2571563721,52401,52492,91
12.9995803833,80.2562026978,52694,52734,40
13.0003595352,80.2659225464,53239,53300,61
13.0003004074,80.2661209106,53300,53350,50
13.0003900528,80.2660980225,54186,54226,40
13.0003995895,80.2661209106,54236,54276,40
12.9958200455,80.2674026489,54387,54418,31
13.0065898895,80.2536697388,55023,55063,40
13.0066604614,80.2479934692,55265,55316,51
13.0293598175,80.2307510376,56212,56262,50
13.0321798325,80.2197570801,56684,56724,40
13.0316095352,80.2102584839,57108,57169,61
13.0442695618,80.212020874,58024,58064,40
13.0488796234,80.2071609497,58307,58347,40
13.0491600037,80.2069015503,58377,58569,192
13.0489702225,80.2070770264,58569,58720,151
13.049079895,80.2072906494,59094,59154,60
13.0441799164,80.21118927,59376,59442,66
13.0267000198,80.232963562,61335,61406,71
13.0069704056,80.2400817871,62001,62062,61
13.0068902969,80.2498321533,62249,62292,43
13.0066404343,80.256729126,62453,62484,31
13.0024595261,80.2566833496,62584,62625,41
13.0001602173,80.2665481567,63521,63571,50
13.0001802444,80.2664108276,63723,63783,60
13.0002202988,80.2665100098,63834,63904,70
12.9958400726,80.2677764893,64026,64076,50
12.9968900681,80.2564468384,64560,64621,61
12.9988002777,80.2560882568,64671,64742,71
13.0067100525,80.248626709,65126,65216,90
13.0066604614,80.2405929565,65509,65560,51
13.0242204666,80.2283325195,66195,66246,51
13.0259799957,80.2311325073,66367,66427,60
13.0272397995,80.2311630249,66468,66538,70
13.0277395248,80.2310562134,66549,66640,91
13.048910141,80.207359314,69139,69180,41
13.0491504669,80.206993103,69200,69250,50
13.049659729,80.2107086182,69876,69975,99
13.0452899933,80.2124404907,70167,70349,182
13.044090271,80.2092971802,70430,70481,51
13.0365200043,80.2016983032,71134,71325,191
13.0306301117,80.2305679321,72179,72341,162
13.0250396729,80.2297134399,72563,72603,40
13.0068998337,80.2399902344,73168,73279,111
13.0066995621,80.2515335083,73521,73562,41
13.0065698624,80.2570495605,73663,73703,40
13.0,80.2666931152,74366,74397,31
13.0066204071,80.2519302368,75750,75841,91
13.028459549,80.2309036255,76785,76816,31
13.0303201675,80.2282867432,76917,76957,40
13.030090332,80.2092819214,77694,77744,50
13.049079895,80.207359314,79446,79486,40
13.0495300293,80.2121810913,79587,79627,40
13.0448598862,80.2124023438,79688,79728,40
13.0393800735,80.1952514648,80072,80122,50
13.0265398026,80.233039856,81372,81563,191
13.0069503784,80.2400970459,81814,81875,61
13.0003595352,80.2650680542,82610,82741,131
12.9976997375,80.2564697266,83216,83416,200
13.0501499176,80.2069396973,1977,2159,182
13.050160408,80.2068786621,2159,2320,161
13.0501899719,80.2070007324,2320,2381,61
13.0501499176,80.2069015503,2381,2452,71
13.0500001907,80.2068328857,2452,2502,50
13.0500802994,80.2069091797,4338,4469,131
13.0502004623,80.2071685791,10493,10584,91
13.0501203537,80.2068786621,16153,16236,83
13.0500202179,80.2069015503,16246,16306,60
13.0501098633,80.2068405151,17396,17446,50
13.0501003265,80.2069091797,17729,17829,100
13.0504102707,80.2069702148,21149,21310,161
13.0502500534,80.207069397,21310,21381,71
13.0679502487,80.2051391602,23319,23450,131
12.9877996445,80.2513809204,26441,26501,60
12.9869499207,80.2590026855,27785,27855,70
12.9873399734,80.2588195801,27865,27896,31
12.987569809,80.2559967041,27956,28006,50
12.9799003601,80.2527389526,28178,28228,50
12.975399971,80.2208633423,28930,29031,101
13.03166008,80.2094116211,30286,30317,31
13.0441904068,80.2122497559,30579,30701,122
13.0680599213,80.2051391602,31406,31466,60
13.0640802383,80.2116622925,31718,31749,31
13.0503501892,80.2122116089,32007,32059,52
13.049539566,80.2122421265,32079,32110,31
13.0379600525,80.2123565674,32281,32372,91
13.0094099045,80.2110214233,33370,33401,31
12.9757299423,80.2203521729,34516,34607,91
12.9820299149,80.2318115234,34909,34960,51
12.987830162,80.2546005249,35958,35989,31
12.9873695374,80.2589035034,36087,36118,31
12.9871101379,80.2590103149,37157,37207,50
12.9876899719,80.2553024292,37368,37409,41
12.9878101349,80.2538986206,37459,37497,38
12.9879198074,80.2525787354,37558,37598,40
12.9879198074,80.2523269653,37608,37710,102
12.9812602997,80.2341766357,38303,38334,31
12.9754695892,80.2209014893,38737,38787,50
12.9753303528,80.2207183838,38797,38885,88
13.0071201324,80.2097320557,39550,39600,50
13.0496501923,80.2120437622,40649,40687,38
13.0679197311,80.205039978,41102,41294,192
13.0517101288,80.2121582031,41759,41809,50
13.0454301834,80.2123718262,41970,42061,91
12.9762001038,80.220123291,43963,44034,71
12.9759397507,80.2202377319,44034,44135,101
12.9876804352,80.251373291,44899,45060,161
12.9879703522,80.2514801025,45060,45101,41
12.987739563,80.2554397583,45161,45292,131
12.9873399734,80.2182006836,48395,48435,40
12.9988498688,80.2149505615,48665,48715,50
13.0441102982,80.2122573853,49803,49900,97
13.0495901108,80.2119903564,50002,50043,41
13.0679197311,80.2051773071,50958,51049,91
13.0682001114,80.2049331665,51059,51130,71
12.9824399948,80.252532959,54165,54232,67
12.9838495255,80.2523193359,54305,54345,40
12.9854898453,80.2518920898,54416,54466,50
12.9856901169,80.2518463135,54466,54506,40
12.9873695374,80.2514038086,54547,54668,121
12.9868803024,80.2590866089,55819,55950,131
12.9875802994,80.2561721802,56000,56050,50
12.9878101349,80.2518615723,56131,56262,131
12.9811201096,80.2441711426,56514,56575,61
12.9757299423,80.2211608887,57109,57140,31
12.9755001068,80.2209472656,57150,57200,50
13.0436897278,80.2122192383,58698,58758,60
13.0375995636,80.2124786377,61413,61463,50
13.0095701218,80.2111434937,62258,62298,40
12.9975299835,80.2165298462,62902,62933,31
12.975810051,80.2203598022,63346,63377,31
12.9834403992,80.2525100708,64070,64121,51
12.9877300262,80.2557525635,64313,64464,151
12.9868898392,80.2591171265,64615,64776,161
12.9876098633,80.2565765381,64847,65019,172
12.9813203812,80.243019104,65472,65523,51
12.9913597107,80.2195205688,66525,66556,31
12.994720459,80.2173233032,66646,66678,32
13.0059404373,80.2095336914,67071,67111,40
13.0135002136,80.2041625977,67402,67452,50
13.0349197388,80.2118988037,68055,68095,40
13.0422897339,80.2123031616,68266,68297,31
13.0479602814,80.2121276855,68438,68478,40
13.0690002441,80.205291748,68970,69031,61
13.0680303574,80.2054519653,69061,69112,51
13.0681400299,80.205039978,69374,69424,50
13.0502996445,80.2122879028,69938,70019,81
13.0496101379,80.2122802734,70039,70089,50
13.0448799133,80.2125167847,70240,70341,101
13.0381803513,80.2125320435,70442,70523,81
13.0097904205,80.2114334106,71367,71418,51
13.0094900131,80.2112121582,71418,71496,78
12.9979801178,80.2166671753,72223,72284,61
12.9954795837,80.2168731689,72405,72445,40
12.9760198593,80.2202835083,72818,72867,49
12.9877901077,80.2546081543,73724,73906,182
12.9872598648,80.2592086792,74017,74057,40
12.9870796204,80.2591934204,75124,75155,31
12.9798803329,80.2527770996,75447,75487,40
12.9815196991,80.2335281372,75929,75960,31
12.9757099152,80.2211914063,76268,76300,32
13.0438404083,80.2122421265,77765,77805,40
13.0686798096,80.2054519653,78318,78449,131
13.0680398941,80.2054824829,78469,78509,40
13.0493602753,80.2068405151,79435,79466,31
13.050740242,80.2070617676,79516,79637,121
13.0506801605,80.2065811157,83678,83718,40
13.0506601334,80.2065963745,83728,83789,61
12.997710228,80.2562408447,19484,19535,51
12.9972600937,80.2559204102,19555,19595,40
13.0445804596,80.212348938,25773,25884,111
13.0066995621,80.2435531616,28450,28490,40
12.9968004227,80.2565765381,31256,31316,60
13.0065803528,80.2521133423,31619,31679,60
13.0067396164,80.249671936,31750,31811,61
13.0113401413,80.2233581543,32323,32354,31
13.0287704468,80.2239990234,33173,33219,46
13.0492296219,80.2071990967,35441,35522,81
13.0451202393,80.2123336792,35754,35795,41
13.0303602219,80.2092208862,37071,37114,43
13.0297803879,80.2308502197,37889,37940,51
13.0277795792,80.2310028076,37990,38071,81
13.0278100967,80.2323532104,38122,38172,50
13.0080795288,80.2342681885,39058,39099,41
13.0066995621,80.2437515259,39401,39432,31
12.9978504181,80.2560272217,39954,39985,31
12.9976997375,80.2570571899,40026,40107,81
12.9975795746,80.2568817139,40117,40248,131
12.9976396561,80.256362915,40268,40308,40
13.0003404617,80.2660827637,40720,40767,47
12.9968004227,80.2567825317,41372,41463,91
12.9989204407,80.2560424805,41513,41554,41
13.0010995865,80.2564620972,41594,41634,40
13.0257196426,80.2302474976,42684,42720,36
13.0443000793,80.2120437622,44505,44545,40
13.0498800278,80.2116317749,45171,45211,40
13.0446996689,80.2124099731,45322,45373,51
13.0268602371,80.233001709,47428,47498,70
13.006939888,80.2401580811,48054,48135,81
13.0066204071,80.2569580078,48518,48579,61
13.0003404617,80.2659378052,49213,49264,51
13.0003204346,80.2663116455,49274,49456,182
13.0003404617,80.2666397095,49466,49524,58
13.0065002441,80.2526168823,50329,50390,61
13.0066204071,80.248260498,50451,50511,60
13.0497999191,80.2117004395,55088,55177,89
13.0445804596,80.2124099731,55299,55430,131
13.0441904068,80.2120132446,55440,55511,71
13.0306797028,80.2303466797,57054,57155,101
13.0069599152,80.2401428223,57858,57924,66
13.0066995621,80.2573394775,58227,58339,112
12.9968595505,80.2561035156,59720,59801,81
13.006480217,80.2526016235,60153,60213,60
13.0066604614,80.2485580444,60284,60324,40
13.0321598053,80.2197418213,61763,61794,31
13.0362701416,80.2017211914,62417,62448,31
13.0443201065,80.2118682861,63159,63200,41
13.0469903946,80.2121429443,63262,63312,50
13.0489597321,80.2072982788,63452,63512,60
13.0498504639,80.2117767334,64713,64774,61
13.0443696976,80.2124786377,64915,64955,40
13.0307397842,80.2306213379,66828,66980,152
13.0277700424,80.2321166992,67071,67190,119
13.0272703171,80.2329864502,67250,67402,152
13.0246496201,80.2292175293,67533,67573,40
13.007229805,80.2387619019,68108,68148,40
13.0069999695,80.2400665283,68189,68280,91
13.0067100525,80.2440490723,68401,68461,60
13.0068302155,80.2512283325,68602,68663,61
13.0066204071,80.2549667358,68721,68752,31
13.0066604614,80.2570037842,68791,68833,42
12.9968004227,80.2562713623,70518,70689,171
12.9990901947,80.2561721802,70780,70821,41
13.0300703049,80.2092437744,73086,73157,71
13.0374898911,80.1930618286,73621,73661,40
13.0441598892,80.2091522217,74154,74225,71
13.0498199463,80.2118835449,75637,75678,41
13.0445995331,80.2125091553,75779,75829,50
13.0268297195,80.2329788208,77691,77742,51
13.0071296692,80.2389373779,78345,78416,71
13.0069198608,80.2400512695,78436,78557,121
13.0066795349,80.242980957,78648,78729,81
13.0066604614,80.243927002,78749,78789,40
13.0066404343,80.2572402954,79011,79102,91
12.997759819,80.2566223145,79808,79839,31
13.0982999802,80.2407684326,48166,48328,162
13.0982999802,80.2406768799,49206,49257,51
13.0982599258,80.2406616211,49267,49398,131
13.0983600616,80.2406997681,49398,49459,61
13.0982704163,80.2406997681,62163,62305,142
13.0983695984,80.2406005859,62719,62789,70
13.0989303589,80.2405166626,77767,77798,31
13.0990495682,80.2403488159,77818,77858,40
13.0990800858,80.2405014038,77869,77990,121
13.0353403091,80.2303085327,25213,25244,31
13.0144195557,80.2262268066,25759,25790,31
13.006939888,80.2401275635,25991,26022,31
12.9965295792,80.2601699829,27037,27087,50
13.0002698898,80.2563171387,27229,27277,48
13.0066003799,80.2476501465,27570,27661,91
13.0154304504,80.2249298096,28090,28123,33
13.0184497833,80.224571228,28173,28304,131
13.034330368,80.2303771973,28697,28737,40
13.0656604767,80.2434768677,29563,29620,57
13.0888595581,80.2308883667,32164,32214,50
13.0786104202,80.2515792847,32951,33002,51
13.0678396225,80.2465667725,33421,33453,32
13.0529899597,80.2418518066,33885,33927,42
13.0352096558,80.2303085327,34411,34492,81
13.0349197388,80.2302780151,34492,34593,101
13.0311698914,80.2306900024,34684,34724,40
13.0308504105,80.23072052,34734,34805,71
13.0299301147,80.2308197021,34825,34865,40
13.0270500183,80.2329406738,34956,35067,111
13.0085802078,80.2317276001,35600,35660,60
13.0082998276,80.2334518433,35721,35781,60
13.0073099136,80.2381820679,35912,35943,31
13.0067195892,80.2426986694,36034,36094,60
12.9976997375,80.2559509277,36617,36677,60
12.9968595505,80.2561035156,37735,37837,102
13.0059499741,80.2573394775,38028,38079,51
13.0066003799,80.2518997192,38190,38260,70
13.0067300797,80.2507019043,38291,38351,60
13.0067100525,80.2493286133,38402,38482,80
13.0066995621,80.2484970093,38511,38571,60
13.0195503235,80.2244415283,39308,39348,40
13.0242099762,80.2282714844,39610,39661,51
13.030579567,80.2306976318,39893,39953,60
13.034330368,80.2303771973,40024,40064,40
13.0341596603,80.237449646,40246,40286,40
13.044500351,80.2406005859,40539,40607,68
13.0523395538,80.240737915,40760,40820,60
13.075799942,80.2340698242,41566,41627,61
13.1003503799,80.2145385742,42354,42394,40
13.0764703751,80.2372207642,43867,43928,61
13.0628004074,80.2434005737,44905,44966,61
13.0536699295,80.2422180176,45159,45219,60
13.0505504608,80.2404785156,45350,45381,31
13.0246400833,80.2289505005,47930,47962,32
13.0447101593,80.2404174805,48664,48726,62
13.0766601563,80.2385482788,49612,49693,81
13.0757799149,80.2340774536,49824,49884,60
13.100399971,80.2145614624,50660,50691,31
13.07654953,80.237663269,53435,53474,39
13.0537004471,80.2422332764,54523,54554,31
13.0352296829,80.2303009033,55089,55189,100
13.006939888,80.2399291992,55994,56054,60
13.0066099167,80.2571487427,56357,56407,50
12.9968500137,80.2560806274,58383,58453,70
13.0065402985,80.2522888184,58948,59008,60
13.0066003799,80.2481307983,59079,59129,50
13.0293903351,80.2308502197,60068,60108,40
13.0340595245,80.2304534912,60237,60328,91
13.0448598862,80.2404022217,60820,60901,81
13.0512800217,80.2406234741,61032,61063,31
13.065369606,80.2435302734,61436,61476,40
13.0762901306,80.2369918823,61807,61838,31
13.0980100632,80.2149734497,62704,62745,41
13.1002397537,80.2145385742,62825,62856,31
13.1004104614,80.214630127,62866,62926,60
13.0823802948,80.2336730957,65521,65552,31
13.0539398193,80.2423782349,67013,67124,111
13.0313196182,80.230758667,67897,67938,41
13.027680397,80.2316131592,68079,68241,162
13.0273704529,80.232963562,68301,68443,142
13.0068397522,80.2494735718,69335,69367,32
13.0066099167,80.2570724487,70225,70315,90
13.0065202713,80.2578125,70424,70495,71
13.0066099167,80.2484207153,70677,70737,60
13.0066995621,80.2404327393,70838,70899,61
13.007399559,80.2366790771,70959,70990,31
13.0074596405,80.2365570068,70990,71131,141
13.0277700424,80.2310028076,71754,71785,31
13.0286798477,80.2308883667,71815,71926,111
13.0347099304,80.2303695679,72118,72198,80
13.0341701508,80.2373504639,72319,72420,101
13.097820282,80.2153167725,74344,74404,60
13.0983104706,80.2142562866,74435,74515,80
13.1001796722,80.2145385742,74576,74687,111
13.0836296082,80.2338867188,76301,76332,31
13.0527696609,80.2418289185,77541,77582,41
13.0355596542,80.2303924561,78046,78137,91
13.0076599121,80.2361221313,78859,78890,31
13.0072402954,80.2383117676,78980,79061,81
13.0069599152,80.2396469116,79102,79152,50
13.0066299438,80.2571563721,79455,79546,91
13.0000896454,80.2665100098,80048,80088,40
12.9968595505,80.2559967041,81075,81146,71
12.9986400604,80.2559585571,81176,81217,41
13.0005598068,80.2563781738,81249,81312,63
13.0059204102,80.2573471069,81312,81353,41
13.0066404343,80.2479782104,81528,81559,31
13.044670105,80.240447998,82645,82676,31
13.0990600586,80.2412414551,84997,85188,191
13.0989599228,80.2403793335,85209,85360,151
12.9973201752,80.2569198608,22565,22656,91
12.9975004196,80.2570571899,22656,22757,101
12.9878997803,80.255859375,23362,23414,52
12.8747301102,80.2100067139,26032,26073,41
12.8783197403,80.2174911499,26305,26456,151
12.8765001297,80.226890564,26567,26598,31
12.9006500244,80.2278137207,26940,26991,51
12.906129837,80.2281188965,27091,27132,41
12.9680099487,80.2485198975,28151,28213,62
13.007349968,80.2098007202,29666,29707,41
13.0098695755,80.2113571167,30131,30191,60
13.0096998215,80.2113800049,30191,30242,51
13.009519577,80.2110900879,31121,31273,152
13.011059761,80.2230911255,31727,31768,41
12.9763803482,80.2219085693,32433,32514,81
12.9813899994,80.2393875122,32916,32947,31
12.9799604416,80.2525405884,33129,33215,86
12.9651098251,80.2474365234,33457,33489,32
12.9020700455,80.2280502319,34843,35025,182
12.8767204285,80.2269363403,35428,35459,31
12.8764600754,80.2267837524,37193,37224,31
12.9006700516,80.2277832031,37577,37637,60
12.9628601074,80.2462768555,38804,38853,49
12.9629201889,80.2463226318,38853,38914,61
12.9812803268,80.2379608154,39428,39459,31
12.9830198288,80.2219619751,39943,39974,31
13.0101900101,80.2116775513,41512,41553,41
13.0096998215,80.2113037109,41573,41644,71
12.9841299057,80.2228088379,43172,43212,40
12.9839696884,80.2226409912,43212,43253,41
12.983830452,80.2225799561,43263,43334,71
12.9833097458,80.2222900391,43344,43414,70
12.9799203873,80.2526092529,44141,44172,31
12.9570398331,80.243927002,44555,44646,91
12.9565896988,80.2437896729,44646,44707,61
12.899479866,80.2279434204,45522,45553,31
12.8746795654,80.2098007202,47317,47428,111
12.8746900558,80.209777832,47428,47580,152
12.9633903503,80.2466125488,49195,49256,61
13.0072803497,80.2098083496,50764,50796,32
13.0074596405,80.2098999023,50806,50847,41
13.009469986,80.2110824585,52038,52119,81
12.9843597412,80.2228469849,53018,53068,50
12.9565896988,80.2437820435,54146,54177,31
12.9015102386,80.2280578613,54981,55053,72
12.9007501602,80.2278137207,57193,57270,77
12.9488601685,80.2406311035,57959,58009,50
12.9562597275,80.2433166504,58160,58191,31
13.0074501038,80.2098388672,59862,59912,50
13.0154600143,80.2253112793,61424,61464,40
12.9975204468,80.2165298462,61918,61949,31
12.9494695663,80.2409820557,63628,63668,40
12.9021596909,80.2280807495,64355,64395,40
12.8992795944,80.2279586792,64466,64506,40
12.8746299744,80.2101593018,65049,65088,39
12.8747196198,80.2100601196,65130,65272,142
12.879240036,80.2110900879,65361,65393,32
12.8783798218,80.2171173096,65484,65595,111
12.9023103714,80.2280197144,66180,66211,31
12.9048299789,80.2281570435,66292,66403,111
12.920419693,80.2302093506,66777,66949,172
12.9334602356,80.2327423096,67189,67220,31
12.9473800659,80.2400894165,67564,67725,161
12.966340065,80.2478179932,68247,68278,31
12.966629982,80.2479324341,68278,68309,31
12.981300354,80.2340164185,69005,69086,81
12.9814901352,80.2335891724,69096,69127,31
12.9771900177,80.2227783203,69440,69480,40
12.9833402634,80.2223510742,69682,69732,50
12.9860200882,80.2230834961,69803,69854,51
12.9869403839,80.2231292725,69900,69942,42
12.9963798523,80.2166366577,72725,72766,41
12.9875898361,80.22315979,72988,73079,91
12.9872303009,80.2231216431,73089,73159,70
12.9564199448,80.2437210083,74421,74452,31
12.9074296951,80.2285003662,75229,75391,162
12.8778495789,80.2108001709,76279,76310,31
12.904999733,80.2280807495,76956,76995,39
12.9488201141,80.2406005859,77703,77754,51
12.963350296,80.2465362549,78006,78046,40
12.9799203873,80.252281189,78289,78339,50
12.9813404083,80.2428207397,78470,78501,31
12.9815998077,80.2333602905,78651,78693,42
13.0069999695,80.2097320557,79630,79680,50
13.0069303513,80.2401580811,80417,80448,31
13.0066299438,80.2572631836,80629,80700,71
12.9976997375,80.2569580078,81506,81637,131
12.9867696762,80.2595901489,17838,17909,71
12.9871397018,80.259552002,17909,17949,40
12.9873800278,80.2592697144,17959,17990,31
12.9873104095,80.2583770752,20053,20214,161
12.9564599991,80.243637085,26430,26471,41
12.9075899124,80.228477478,27228,27285,57
12.906999588,80.2283782959,27317,27357,40
12.9017496109,80.2280502319,27437,27569,132
12.9004602432,80.2278366089,27923,28024,101
12.9064397812,80.2281799316,28215,28256,41
12.9489803314,80.2406692505,28871,28931,60
12.9811601639,80.2442321777,29606,29666,60
12.9812097549,80.2438201904,29666,29705,39
12.9761400223,80.221282959,31673,31725,52
12.976269722,80.2216567993,31725,31785,60
12.9813299179,80.2383117676,32216,32258,42
12.9813499451,80.2393875122,32338,32379,41
12.9549303055,80.2429199219,33097,33136,39
12.9033699036,80.2281417847,33942,33982,40
12.9062299728,80.2281570435,35570,35709,139
12.9628200531,80.2462768555,36626,36676,50
12.9768695831,80.221282959,37977,38058,81
12.9765501022,80.2212219238,38502,38543,41
12.9765195847,80.221282959,38543,38603,60
12.976559639,80.2210464478,38613,38755,142
12.9763498306,80.2217483521,38785,38876,91
12.9820995331,80.2318496704,39088,39146,58
12.982049942,80.2322235107,39146,39187,41
12.9565496445,80.2437820435,39920,39980,60
12.9007501602,80.2278594971,41564,41604,40
12.9007701874,80.2279205322,41604,41653,49
12.9488201141,80.2405776978,42438,42469,31
12.9633102417,80.2466201782,42739,42779,40
12.9762802124,80.2215194702,45059,45099,40
12.976360321,80.2218170166,45099,45160,61
12.9799604416,80.252571106,45733,45795,62
12.9566602707,80.2437515259,46147,46218,71
12.933839798,80.232963562,46601,46632,31
12.9299602509,80.2314300537,48579,48639,60
12.9770097733,80.221282959,50150,50279,129
12.9761896133,80.2215576172,51965,52016,51
12.9799499512,80.2525787354,52519,52619,100
12.9571895599,80.2438812256,52932,52973,41
12.9570302963,80.2438201904,52983,53064,81
12.9566802979,80.2437133789,53064,53134,70
12.9068202972,80.2283401489,53881,53920,39
12.9760904312,80.2215576172,57898,57989,91
12.9567899704,80.2438583374,58877,58917,40
12.956609726,80.2437973022,58917,58968,51
12.9564599991,80.2437591553,58978,59018,40
12.9024400711,80.2279891968,60914,60995,81
12.9488801956,80.2406387329,61741,61791,50
12.9628295898,80.2463226318,62075,62113,38
12.9799203873,80.2523803711,62407,62438,31
12.9761800766,80.2215194702,64372,64432,60
12.9765396118,80.222038269,64442,64513,71
12.9812698364,80.2371673584,64856,64887,31
12.9799499512,80.252532959,65139,65220,81
12.9593200684,80.2447662354,65603,65634,31
12.9072999954,80.2283782959,66460,66550,90
12.9011898041,80.2279891968,66692,66831,139
12.8997297287,80.2277908325,67144,67205,61
12.902879715,80.2279815674,67285,67316,31
12.9191703796,80.2299728394,67669,67709,40
12.9336595535,80.2327575684,67982,68022,40
12.9395103455,80.2355728149,68133,68174,41
12.9466295242,80.239692688,68324,68517,193
12.9485502243,80.2404708862,68618,68709,91
12.9666004181,80.2478179932,69161,69202,41
12.9799003601,80.2522888184,69430,69462,32
12.9766302109,80.2212982178,70411,70462,51
12.9761199951,80.221496582,72026,72066,40
12.9641599655,80.2470397949,73092,73123,31
12.9568195343,80.2438430786,73284,73335,51
12.9078397751,80.2283935547,74140,74221,81
12.8924398422,80.2273635864,74554,74585,31
12.9489002228,80.2405700684,76028,76069,41
12.9633703232,80.2465362549,76331,76380,49
12.9766302109,80.2213134766,77339,77472,133
12.9852304459,80.251991272,78678,78768,90
12.9863004684,80.2516937256,78809,78869,60
12.9873800278,80.251411438,78900,78991,91
12.987660408,80.2555923462,79071,79142,71
12.9867200851,80.2586288452,79292,79433,141
13.0986204147,80.2407989502,4081,4262,181
13.0999603271,80.2156600952,20556,20626,70
13.0295600891,80.2308578491,22745,22776,31
13.0067396164,80.2571182251,23602,23642,40
12.9968996048,80.2568588257,23833,23864,31
13.0066795349,80.2520370483,25477,25517,40
13.0758495331,80.2341079712,27411,27482,71
13.0888299942,80.2308883667,30523,30565,42
13.0354995728,80.2304000854,32598,32649,51
13.0278501511,80.2323684692,32969,33009,40
13.0269002914,80.2329406738,33060,33231,171
13.0083503723,80.2332611084,33814,33854,40
13.0070695877,80.2396011353,34037,34097,60
13.0069599152,80.2403793335,34117,34148,31
13.0068702698,80.2408370972,34158,34218,60
13.0067996979,80.2417373657,34238,34279,41
13.0067195892,80.2453918457,34410,34450,40
13.0066099167,80.2576980591,35083,35174,91
13.0066795349,80.2525863647,35265,35315,50
13.0069103241,80.2501678467,35365,35396,31
13.0067396164,80.2479171753,35496,35688,192
13.0066699982,80.2477035522,35688,35859,171
13.0067300797,80.2405014038,36061,36121,60
13.0112895966,80.2235717773,36404,36444,40
13.0224304199,80.2265701294,36847,36888,41
13.0245895386,80.2287521362,37019,37059,40
13.0257396698,80.2303237915,37099,37160,61
13.0285396576,80.2309036255,37240,37291,51
13.0342798233,80.2304229736,37392,37432,40
13.0342102051,80.2370834351,37583,37672,89
13.0447702408,80.2403869629,37921,37995,74
13.0655202866,80.243560791,38494,38591,97
13.0977802277,80.2155380249,39621,39692,71
13.098110199,80.21484375,39712,39783,71
13.0984697342,80.2141036987,39803,39883,80
13.0888299942,80.2309036255,41010,41041,31
13.0765199661,80.2372207642,41473,41545,72
13.0678596497,80.2477035522,42189,42249,60
13.067609787,80.2479019165,42259,42300,41
13.0535497665,80.2421035767,42784,42844,60
13.0511102676,80.2405776978,42955,43005,50
13.0507297516,80.2405014038,43005,43086,81
13.0353899002,80.2303314209,43519,43628,109
13.007399559,80.2374191284,44412,44443,31
13.0068798065,80.2400588989,44554,44614,60
13.0067195892,80.2514724731,44876,44927,51
13.0066099167,80.2572402954,45027,45098,71
13.0022802353,80.2566680908,45219,45279,60
12.9968700409,80.2566070557,46456,46506,50
12.9968595505,80.2561416626,46526,46597,71
13.0008201599,80.256362915,46717,46758,41
13.0066699982,80.2475585938,47050,47121,71
13.0341997147,80.2303466797,48076,48147,71
13.0346498489,80.2303009033,48167,48217,50
13.0342197418,80.2371826172,48359,48419,60
13.0443401337,80.2406768799,48698,48729,31
13.076880455,80.2406234741,49506,49576,70
13.0768299103,80.2391662598,49637,49727,90
13.100279808,80.2151184082,50867,50927,60
13.0537395477,80.2422180176,54043,54083,40
13.0069599152,80.2399520874,55360,55401,41
13.0065603256,80.2571029663,56449,56530,81
13.0065803528,80.2526702881,56802,56842,40
13.0764198303,80.2375335693,59269,59310,41
13.0757904053,80.2341308594,59368,59419,51
13.1003904343,80.2146224976,60336,60407,71
13.0771903992,80.2406005859,62503,62544,41
13.0560703278,80.2424316406,63500,63541,41
13.0529603958,80.2418823242,63631,63722,91
13.0358295441,80.2303314209,64223,64385,162
13.0308904648,80.2306671143,64537,64607,70
13.0269298553,80.233001709,64758,64879,121
13.0070695877,80.2395095825,65836,65876,40
13.0066404343,80.2445068359,66008,66048,40
12.9960603714,80.2677001953,66945,66985,40
12.9968595505,80.2562026978,68072,68151,79
12.9986696243,80.2560424805,68211,68252,41
13.0065603256,80.2518997192,68623,68703,80
13.0065898895,80.2472610474,68834,68865,31
13.0257396698,80.2304534912,69736,69786,50
13.0333404541,80.2305374146,70128,70169,41
13.0336799622,80.2305297852,70169,70220,51
13.0342502594,80.2304992676,70251,70291,40
13.0347204208,80.2304916382,70321,70392,71
13.0342197418,80.2374725342,70523,70624,101
13.0653400421,80.2436523438,71491,71531,40
13.076379776,80.2375183105,71843,71874,31
13.0757303238,80.2341384888,71924,71985,61
13.0978899002,80.2153015137,72819,72860,41
13.0999002457,80.2145004272,72940,72971,31
13.1000299454,80.2145614624,72971,73011,40
13.100399971,80.2147064209,73031,73142,111
13.0537700653,80.2422409058,75891,75954,63
13.0528001785,80.241859436,75983,76023,40
13.0353002548,80.2303237915,76599,76680,81
13.0072603226,80.2382202148,77549,77629,80
13.0070295334,80.2394485474,77660,77760,100
13.006649971,80.2429122925,77821,77861,40
13.0065898895,80.2444076538,77918,77990,72
13.0065898895,80.2455825806,78021,78061,40
13.0065603256,80.2573013306,78283,78373,90
13.0002098083,80.2667007446,79671,79762,91
13.0001602173,80.2664108276,79772,79812,40
13.0000600815,80.2660369873,79842,79903,61
13.0000200272,80.2660522461,79923,79963,40
13.1001996994,80.2152709961,83498,83617,119
13.0989904404,80.2412567139,84220,84290,70
13.0990104675,80.2404632568,84978,85099,121
13.0983400345,80.2408905029,85200,85240,40
13.0986099243,80.2406311035,85240,85341,101
13.026720047,80.2657470703,3278,3338,60
13.0266895294,80.2656478882,4812,4953,141
13.0266103745,80.2654876709,4963,5105,142
13.0267095566,80.2655792236,5105,5185,80
13.0266895294,80.2655715942,5195,5226,31
13.0267000198,80.265663147,5226,5379,153
13.0267496109,80.265586853,5440,5561,121
13.0266895294,80.2655563354,5561,5682,121
13.026720047,80.2656021118,5682,5763,81
13.02643013,80.2655029297,5833,5864,31
13.026720047,80.2655792236,5864,5954,90
13.0267601013,80.2655792236,5954,5985,31
13.026720047,80.2656173706,5985,6035,50
13.0266399384,80.2656021118,6045,6126,81
13.0267095566,80.2655487061,6156,6197,41
13.0267801285,80.2655715942,6197,6237,40
13.026599884,80.2657394409,6287,6449,162
13.0266304016,80.265586853,6489,6540,51
13.026599884,80.2656402588,6590,6631,41
13.026720047,80.265663147,6631,6691,60
13.0266895294,80.2655410767,6691,6782,91
13.0266504288,80.2655410767,6782,6832,50
13.0266304016,80.2656478882,6843,6893,50
13.0266304016,80.2656326294,6913,6974,61
13.0266599655,80.2654266357,6974,7044,70
13.0267000198,80.2655792236,7054,7155,101
13.0265703201,80.265586853,7155,7226,71
13.0266504288,80.2656021118,7266,7317,51
13.026599884,80.2656402588,7347,7438,91
13.0268201828,80.265663147,7710,7781,71
13.0266704559,80.2655181885,7781,7821,40
13.0266199112,80.2655410767,7821,7902,81
13.0265798569,80.265586853,7922,7973,51
13.0267601013,80.2655715942,7973,8013,40
13.0267000198,80.2656097412,8044,8114,70
13.0267095566,80.2657394409,8124,8175,51
13.0266399384,80.2657394409,8175,8225,50
13.0266304016,80.2655792236,8225,8266,41
13.0267400742,80.2656021118,8286,8326,40
13.0268802643,80.2654037476,8336,8377,41
13.0265703201,80.2655181885,8467,8498,31
13.0265703201,80.2655334473,8498,8619,121
13.0265398026,80.2656173706,8619,8740,121
13.0265398026,80.2656326294,8770,8851,81
13.0267000198,80.2657699585,8891,8942,51
13.0265703201,80.265586853,9013,9055,42
13.026599884,80.2656784058,9075,9166,91
13.026599884,80.2658081055,9196,9236,40
13.0265102386,80.2657165527,9247,9317,70
13.026599884,80.2655792236,9327,9368,41
13.0266399384,80.2655792236,9398,9509,111
13.0266399384,80.2656402588,9509,9549,40
13.0266599655,80.2655181885,9549,9590,41
13.0266399384,80.265663147,9923,9983,60
13.0267601013,80.2656707764,9993,10064,71
13.0266304016,80.2655792236,10074,10115,41
13.0265703201,80.2657318115,10276,10316,40
13.0264596939,80.2654571533,10357,10397,40
13.026599884,80.265586853,10397,10468,71
13.0265798569,80.2654800415,10468,10559,91
13.0266799927,80.2655563354,10559,10599,40
13.0265398026,80.2654571533,10629,10660,31
13.0266399384,80.2654418945,10851,10912,61
13.0267496109,80.2656478882,10973,11023,50
13.0265703201,80.2654571533,11033,11184,151
13.0266399384,80.2654724121,11184,11275,91
13.0264596939,80.2663192749,11376,11447,71
13.0267400742,80.2657012939,11790,11830,40
13.0266199112,80.2656173706,12052,12083,31
13.0272598267,80.2657699585,12416,12497,81
13.0266704559,80.2656936646,12971,13011,40
13.0265102386,80.2657775879,13173,13284,111
13.026720047,80.2655334473,13375,13425,50
13.0263595581,80.26587677,13526,13587,61
13.0270004272,80.2655029297,13748,13889,141
13.0268602371,80.2656021118,14010,14192,182
13.0267601013,80.2657775879,17242,17384,142
13.0266504288,80.2656784058,17384,17444,60
13.0266304016,80.2656173706,18001,18173,172
13.0266199112,80.265586853,18183,18243,60
13.0266304016,80.2655410767,18243,18274,31
13.0266599655,80.2655029297,21852,22044,192
13.0266599655,80.2655410767,22044,22094,50
13.026550293,80.26537323,22094,22266,172
13.0191402435,80.2245178223,25174,25235,61
13.0065097809,80.2577590942,27775,27806,31
13.006529808,80.2525787354,27907,27953,46
13.0066795349,80.2484512329,28026,28137,111
13.0347499847,80.2299575806,29156,29237,81
13.0345201492,80.2300033569,29247,29408,161
13.0343999863,80.2300567627,30307,30428,121
13.0254201889,80.2315826416,30769,30809,40
13.0165996552,80.2254867554,30981,31072,91
13.0073204041,80.2398910522,31323,31384,61
13.0194501877,80.2608795166,31993,32128,135
13.0264501572,80.2655334473,32198,32257,59
13.0336999893,80.2678375244,32448,32479,31
13.0332403183,80.2678375244,32597,32739,142
13.0274801254,80.2662277222,33223,33355,132
13.0065202713,80.2573699951,33726,33797,71
13.0063199997,80.2543792725,33877,33908,31
13.0061903,80.2528915405,33908,34039,131
13.005979538,80.236366272,34634,34695,61
13.0200395584,80.2245178223,35038,35078,40
13.0246696472,80.2288665771,35381,35431,50
13.0347499847,80.2297668457,35914,35954,40
13.0345697403,80.2298431396,35984,36015,31
13.0343399048,80.2300872803,36075,36106,31
13.0344104767,80.2298431396,36146,36187,41
13.0312700272,80.2305526733,36287,36367,80
13.0275697708,80.231338501,36439,36489,50
13.0276203156,80.231628418,36529,36560,31
13.0276098251,80.2317199707,36560,36681,121
13.027759552,80.2328033447,36731,36762,31
13.0272197723,80.233001709,36782,36863,81
13.0272102356,80.2321395874,36933,37075,142
13.0066699982,80.2453689575,37962,37993,31
13.0291795731,80.2664489746,38831,38890,59
13.0334701538,80.2678222656,38981,39021,40
13.0333499908,80.2677993774,39120,39173,53
13.0332403183,80.2677307129,39223,39294,71
13.033249855,80.2679290771,39314,39354,40
13.0333003998,80.2677612305,39395,39465,70
13.0153999329,80.2594833374,40373,40434,61
13.0065803528,80.2575531006,40565,40656,91
13.0060396194,80.2580184937,40676,40707,31
13.0066795349,80.2484970093,40868,40908,40
13.0257902145,80.2304382324,41817,41897,80
13.0343399048,80.2300796509,42190,42299,109
13.0343999863,80.2299423218,42380,42541,161
13.0343198776,80.2301635742,42541,42592,51
13.0298099518,80.2308120728,42965,43015,50
13.0072202682,80.2383422852,43728,43788,60
13.0069904327,80.2394790649,43819,43859,40
13.0065698624,80.2571792603,44293,44354,61
13.0162096024,80.2595367432,44543,44584,41
13.0344600677,80.2681121826,45292,45353,61
13.0334100723,80.2678604126,45383,45423,40
13.0253095627,80.2654037476,45655,45686,31
13.0222196579,80.2635269165,45766,45797,31
13.0065097809,80.2575836182,46148,46228,80
13.0066604614,80.2488327026,46440,46491,51
13.0065603256,80.2475891113,46551,46602,51
13.0339403152,80.2304000854,47518,47561,43
13.0350103378,80.2298202515,47641,47682,41
13.0346002579,80.2297973633,47692,47732,40
13.0343799591,80.2296524048,47732,47803,71
13.0344295502,80.2297897339,47803,47904,101
13.0342197418,80.2300491333,47924,47995,71
13.0309200287,80.2306976318,48085,48116,31
13.0069904327,80.2397689819,48751,48782,31
13.0066404343,80.2568817139,49105,49155,50
13.0165300369,80.2597579956,49314,49345,31
13.0229597092,80.2638626099,49536,49577,41
13.0294303894,80.2666168213,50192,50223,31
13.0269002914,80.2660675049,50303,50485,182
13.0267000198,80.2658233643,50485,50657,172
13.0266199112,80.2657089233,50657,50697,40
13.0266304016,80.2657394409,50697,50768,71
13.026599884,80.2657165527,50778,50899,121
13.025179863,80.265296936,53664,53704,40
13.006529808,80.2575836182,54088,54199,111
13.0065803528,80.2526702881,54391,54441,50
13.0067100525,80.2484130859,54502,54552,50
13.0067396164,80.2403411865,54703,54734,31
13.0281000137,80.230796814,55387,55426,39
13.0344295502,80.2302627563,55588,55639,51
13.0345897675,80.2298202515,55679,55861,182
13.034239769,80.2300262451,55871,56032,161
13.0341796875,80.230178833,56032,56073,41
13.0144996643,80.226272583,56628,56678,50
13.0066795349,80.2570800781,57232,57283,51
13.0263595581,80.2659835815,58280,58391,111
13.0063896179,80.2546920776,58795,58866,71
13.0072698593,80.2383728027,59219,59320,101
13.0285301208,80.2307281494,59862,59933,71
13.030579567,80.2308578491,59933,60065,132
13.0344400406,80.2303466797,60397,60458,61
13.0345096588,80.2300262451,60468,60518,50
13.0345697403,80.2300033569,60518,60680,162
13.0346002579,80.2299804688,60680,60751,71
13.0346403122,80.2299804688,60751,60821,70
13.0345697403,80.2299575806,60821,60882,61
13.034529686,80.2299804688,60892,61074,182
13.0342998505,80.2299499512,61084,61144,60
13.0341997147,80.230178833,61154,61235,81
13.0329198837,80.2304229736,61265,61326,61
13.027009964,80.2329483032,61497,61548,51
13.0069799423,80.2400588989,62120,62192,72
13.0066995621,80.2508621216,62474,62505,31
13.0066299438,80.2569885254,62605,62636,31
13.0259399414,80.265007019,63101,63132,31
13.031999588,80.2671508789,63326,63387,61
13.0331897736,80.2678604126,63569,63730,161
13.0329904556,80.2678222656,63831,63932,101
13.0101604462,80.2593002319,64881,64931,50
13.0069904327,80.2588119507,64961,65002,41
13.006529808,80.2446136475,65423,65464,41
13.0062103271,80.2424926758,65494,65535,41
13.0313997269,80.2309265137,67884,68033,149
13.0241804123,80.2276992798,68699,68730,31
13.0069599152,80.2401885986,69203,69234,31
13.0066604614,80.257232666,69688,69738,50
13.0247898102,80.2660293579,70170,70221,51
13.0336704254,80.267829895,70595,70656,61
13.0157203674,80.2595367432,71784,71895,111
13.0069999695,80.2583999634,71935,72046,111
13.0064401627,80.2545623779,72067,72153,86
13.0066204071,80.2495803833,72165,72256,91
13.0065498352,80.2473526001,72266,72418,152
13.0109395981,80.224357605,72842,72902,60
13.0138101578,80.2240524292,72922,72981,59
13.0205497742,80.2252807617,73082,73198,116
13.025970459,80.2314376831,73247,73281,34
13.0316295624,80.2308425903,73370,73412,42
13.0295000076,80.23072052,73893,74005,112
13.0081300735,80.237159729,74560,74752,192
13.0066404343,80.2453613281,74924,74964,40
13.0066995621,80.2460174561,74994,75035,41
13.0063800812,80.2565689087,75206,75267,61
13.0132198334,80.2588806152,75416,75527,111
13.0229301453,80.2640228271,75598,75638,40
13.0344800949,80.2679977417,76067,76138,71
13.0065202713,80.25756073,77572,77622,50
13.0066204071,80.2477264404,77794,77855,61
13.0346002579,80.2302627563,78841,78882,41
13.0340499878,80.2303619385,79245,79276,31
13.0261802673,80.2665100098,81638,81770,132
13.0263996124,80.2664413452,81770,81850,80
13.0263004303,80.2664108276,81860,82042,182
13.0261602402,80.2663803101,82305,82375,70
13.0819597244,80.2755584717,83789,83832,43
13.0843400955,80.2829971313,83993,84034,41
13.0879001617,80.2836074829,84155,84346,191
13.0879497528,80.2837600708,84346,84447,101
13.0879497528,80.2838592529,84457,84528,71
13.0815496445,80.2752914429,84792,84893,101
13.0813798904,80.2735595703,84944,85136,192
13.0786104202,80.2516479492,85529,85640,111
13.0786399841,80.2512588501,85640,85751,111
12.9977703094,80.2567214966,20090,20160,70
12.9977397919,80.2563781738,20170,20221,51
12.9975595474,80.2559814453,20241,20353,112
12.9968595505,80.2559204102,20373,20415,42
12.9873800278,80.251411438,25261,25322,61
13.0225801468,80.2269515991,26344,26455,111
13.0119199753,80.2273025513,26795,26969,174
12.9881801605,80.2514190674,27454,27486,32
12.9565200806,80.2436218262,27859,27890,31
12.901720047,80.2280807495,28626,28666,40
12.8752603531,80.2268066406,32667,32768,101
12.9001703262,80.2277984619,33111,33212,101
12.9472303391,80.2399368286,33825,33916,91
12.9632501602,80.2465286255,34229,34300,71
12.9665403366,80.2477874756,34360,34391,31
13.0193395615,80.2242736816,36136,36186,50
13.0076599121,80.2362670898,38197,38238,41
13.0067501068,80.246307373,38599,38630,31
12.9494695663,80.2409820557,40214,40264,50
12.906999588,80.2283782959,40826,40940,114
12.9011802673,80.2279968262,41031,41071,40
12.9008102417,80.2278366089,43645,43746,101
12.9064998627,80.2281570435,43857,43897,40
12.9868202209,80.2516479492,44998,45119,121
13.0213804245,80.225769043,45864,45925,61
13.0243797302,80.2284088135,46854,46894,40
12.9566402435,80.2437515259,48971,49011,40
12.8766202927,80.2269897461,50030,50061,31
12.9007501602,80.2278137207,53146,53197,51
12.9822597504,80.2525405884,54348,54388,40
12.9839696884,80.2522964478,54459,54499,40
12.9842596054,80.252243042,54509,54549,40
12.9856996536,80.2518615723,54580,54721,141
12.9875602722,80.2513122559,54762,54873,111
13.0073604584,80.2368774414,55267,55357,90
12.9011001587,80.2280731201,58286,58326,40
12.7882995605,80.221206665,59564,59627,63
13.019610405,80.2244491577,64785,64816,31
13.0230398178,80.2273635864,64997,65159,162
13.0084104538,80.2325820923,65844,65904,60
13.0069198608,80.2400283813,66025,66086,61
13.0054197311,80.2474365234,66308,66359,51
12.9068603516,80.2283706665,68154,68305,151
12.9023599625,80.2281723022,68366,68427,61
12.8272695541,80.2195129395,70056,70088,32
12.9054002762,80.2281723022,71844,71904,60
12.948800087,80.2406082153,72497,72639,142
12.9562797546,80.2434082031,72761,72811,50
12.9848804474,80.252166748,73234,73266,32
13.0066604614,80.2404937744,73700,73750,50
13.0066204071,80.2573318481,74931,74979,48
13.0017404556,80.256652832,75111,75152,41
12.9971199036,80.2570419312,75686,75878,192
13.0751304626,80.2170028687,802,833,31
13.0821504593,80.2754211426,1711,1742,31
13.082159996,80.2755584717,1752,1873,121
13.0814199448,80.273651123,2863,2943,80
13.0679597855,80.2053070068,3994,4115,121
13.0684499741,80.2049179077,5286,5347,61
13.0687999725,80.2047805786,5357,5419,62
13.0691900253,80.204750061,5419,5459,40
13.0815296173,80.2752685547,8257,8297,40
13.0814199448,80.2737731934,8348,8388,40
13.067990303,80.2053527832,9357,9388,31
13.0685796738,80.2048873901,9923,9984,61
13.0689401627,80.2047805786,9994,10054,60
13.0693302155,80.2047729492,10054,10095,41
13.0699195862,80.2048416138,10114,10186,72
13.081990242,80.2755203247,11226,11266,40
13.088259697,80.2835693359,12185,12216,31
13.0684099197,80.2049407959,14579,14650,71
13.0687799454,80.204826355,14660,14710,50
13.0695495605,80.2048110962,14751,14801,50
13.069899559,80.2049026489,14801,14841,40
13.0769796371,80.2393493652,15518,15690,172
13.0874204636,80.2836380005,16791,16881,90
13.0874996185,80.2836990356,16881,17053,172
13.0877199173,80.2837219238,17053,17114,61
13.0818500519,80.2768325806,17285,17326,41
13.0816698074,80.275718689,17356,17457,101
13.0268096924,80.2660598755,18457,18538,81
13.02643013,80.2662963867,18912,19003,91
13.0263795853,80.2664489746,20084,20165,81
13.006529808,80.2576065063,20882,20913,31
13.0066099167,80.2475204468,21074,21134,60
13.0268697739,80.2329711914,23469,23651,182
13.0069599152,80.240020752,24115,24156,41
13.0265598297,80.2661514282,25559,25590,31
13.0263996124,80.2662582397,25600,25741,141
13.0066003799,80.2577362061,26266,26378,112
13.0066795349,80.2518005371,26529,26590,61
13.0066404343,80.2474899292,26640,26711,71
13.0342197418,80.2300796509,28973,29034,61
13.0108098984,80.2276992798,29640,29680,40
13.0069704056,80.2400131226,29932,29973,41
13.0066699982,80.2572402954,30367,30437,70
13.0289897919,80.2664108276,31760,31801,41
13.0065402985,80.2577514648,32366,32457,91
13.0067100525,80.2490081787,32639,32700,61
13.0066299438,80.2479400635,32740,32811,71
13.0231895447,80.2272796631,33588,33619,31
13.0255403519,80.2300567627,33750,33871,121
13.0343198776,80.2303771973,34053,34103,50
13.0347499847,80.2300033569,34144,34245,101
13.0318803787,80.2306365967,34851,34901,50
13.0312700272,80.2306976318,34921,34962,41
13.0279302597,80.2325592041,35073,35113,40
13.0148696899,80.2260818481,35487,35527,40
13.0089197159,80.2300262451,35679,35719,40
13.0086898804,80.2311172485,35759,35790,31
13.0086202621,80.2315216064,35790,35840,50
13.0069503784,80.2399978638,36173,36315,142
13.0333499908,80.2677536011,37506,37557,51
13.0333995819,80.2678833008,37668,37819,151
13.0333099365,80.2677536011,37819,37860,41
13.0066404343,80.2519073486,38698,38769,71
13.0067195892,80.2489013672,38839,38971,132
13.0066204071,80.2485275269,38971,39051,80
13.0259199142,80.2306976318,40213,40283,70
13.0337600708,80.2304763794,40506,40546,40
13.0340595245,80.2304229736,40556,40627,71
13.0342302322,80.2301177979,41222,41303,81
13.0272598267,80.2329025269,41495,41616,121
13.0071201324,80.2393722534,42252,42343,91
13.0068702698,80.2512664795,42626,42677,51
13.0333795547,80.2677688599,43484,43515,31
13.0066099167,80.2577133179,44545,44636,91
13.0065498352,80.2521514893,44757,44827,70
13.0066699982,80.2484588623,44888,44928,40
13.0294103622,80.2308197021,45868,45918,50
13.0322999954,80.2305603027,45989,46039,50
13.033490181,80.2305297852,46069,46150,81
13.0342998505,80.2299194336,46271,46342,71
13.027009964,80.2329864502,46625,46665,40
13.0069198608,80.2400436401,47190,47261,71
13.02684021,80.2659606934,48594,48725,131
13.0333204269,80.2678604126,50805,50937,132
13.0066204071,80.2577590942,51553,51603,50
13.0065202713,80.2527618408,51714,51745,31
13.0066404343,80.247756958,51866,51926,60
13.0259799957,80.2309188843,52724,52764,40
13.0291595459,80.2308197021,52845,52886,41
13.0338697433,80.2304763794,52987,53077,90
13.0347499847,80.2303237915,53098,53168,70
13.0341901779,80.2301177979,53865,53906,41
13.0298299789,80.2308425903,53996,54027,31
13.0066099167,80.256980896,54915,54956,41
13.0066404343,80.2577819824,57500,57541,41
13.0065498352,80.252281189,57672,57723,51
13.0341100693,80.23046875,58884,58924,40
13.0343704224,80.2304534912,58924,58995,71
13.0349197388,80.2302627563,59025,59187,162
13.0342102051,80.2300720215,60076,60177,101
13.0270004272,80.2329483032,60419,60469,50
13.0068101883,80.2515563965,61287,61328,41
13.0335597992,80.267868042,62196,62237,41
13.0221300125,80.2634429932,63095,63135,40
13.0065402985,80.2576522827,63489,63650,161
13.0066995621,80.2493591309,63822,63862,40
13.0066604614,80.2405776978,64105,64145,40
13.0289402008,80.2309265137,64983,65054,71
13.0300197601,80.2308425903,65084,65145,61
13.0272397995,80.2329406738,66125,66276,151
13.0142402649,80.2263412476,66680,66720,40
13.0069904327,80.2398071289,66983,67023,40
13.0065202713,80.2576980591,70103,70275,172
13.0065202713,80.2524185181,70386,70417,31
13.0287799835,80.2309112549,71548,71608,60
13.0293798447,80.2308502197,71618,71679,61
13.0345401764,80.2301177979,71851,71941,90
13.0314702988,80.2306976318,72527,72568,41
13.0268697739,80.2329864502,72749,72829,80
13.0067195892,80.2514572144,73699,73749,50
13.0343999863,80.2680206299,74628,74698,70
13.0064897537,80.2576370239,76234,76324,90
13.0064897537,80.2533187866,76395,76436,41
13.0065803528,80.2520294189,76466,76506,40
13.0066604614,80.2403793335,76738,76789,51
13.0197401047,80.2245178223,77223,77254,31
13.0346498489,80.2303237915,77637,77688,51
13.0144395828,80.2262115479,78859,78890,31
13.0164499283,80.2596969604,79677,79708,31
13.0260696411,80.2663269043,80475,80536,61
13.0263004303,80.2664489746,82152,82202,50
13.0262498856,80.2663192749,82202,82333,131
13.0264701843,80.2662963867,82333,82515,182
12.9881496429,80.2235794067,2667,2747,80
12.9881696701,80.2236175537,30132,30182,50
12.9982004166,80.2380599976,44892,44943,51
12.9981803894,80.23802948,46208,46258,50
12.9900598526,80.2276535034,47035,47066,31
12.9982795715,80.2380599976,47347,47408,61
12.9982795715,80.2380599976,48667,48708,41
12.9982404709,80.2380371094,49624,49675,51
12.9910202026,80.2322998047,50472,50503,31
13.014289856,80.2257232666,17939,18050,111
13.0143499374,80.2255096436,19755,19846,91
13.0143299103,80.2257614136,19856,19987,131
12.9751396179,80.2206192017,26733,26774,41
13.0343399048,80.2299118042,29704,29845,141
13.0342102051,80.2301712036,29845,29886,41
13.0139904022,80.2263793945,30463,30509,46
13.0081996918,80.2133636475,30713,30744,31
13.008020401,80.2132720947,30755,30795,40
12.917090416,80.1926269531,32639,32680,41
12.9227199554,80.1518936157,33244,33316,72
13.0245304108,80.2286682129,38755,38806,51
13.0292596817,80.2308425903,38937,38975,38
13.0341701508,80.2300109863,39623,39693,70
13.0341997147,80.2302627563,39703,39734,31
13.0277004242,80.2317276001,39903,39954,51
13.0271997452,80.2329177856,40004,40156,152
12.9837799072,80.2178192139,45492,45532,40
13.0346298218,80.2302932739,46627,46688,61
13.0142002106,80.2255783081,47250,47434,184
13.0348997116,80.2298431396,50298,50357,59
13.0345602036,80.2298126221,50357,50510,153
13.0341901779,80.2298202515,50510,50611,101
13.0342102051,80.2302093506,50611,50651,40
13.0271501541,80.2329406738,50843,50894,51
13.0229997635,80.2273788452,51043,51074,31
12.917090416,80.193107605,55675,55804,129
12.9749298096,80.220489502,56671,56732,61
13.0150403976,80.224609375,57499,57530,31
13.0197696686,80.2245330811,57620,57651,31
13.0347204208,80.2303237915,58022,58109,87
13.0341796875,80.23021698,59657,59839,182
13.0232200623,80.2275238037,60152,60192,40
12.9226999283,80.1519927979,63047,63117,70
12.9224700928,80.1433334351,63228,63289,61
12.9631795883,80.2158813477,66601,66642,41
12.9761400223,80.221282959,67256,67296,40
13.0257101059,80.2304077148,68659,68740,81
13.026889801,80.2312088013,68800,68841,41
13.0277700424,80.2310028076,68900,68992,92
13.0284404755,80.2309570313,69012,69063,51
13.034119606,80.2300186157,69669,69800,131
13.0319595337,80.2307281494,69881,70073,192
13.0313196182,80.230796814,70103,70235,132
13.030960083,80.2307662964,70235,70336,101
13.0269098282,80.233039856,70496,70546,50
13.0230503082,80.2275390625,70717,70758,41
13.0079603195,80.2133102417,71404,71435,31
12.9972896576,80.2164764404,71688,71729,41
12.9232902527,80.1212997437,74686,74868,182
12.9871501923,80.2230300903,77113,77159,46
13.0141601563,80.2256164551,78170,78302,132
13.014380455,80.2256011963,78342,78403,61
12.9967298508,80.2570571899,276,473,197
12.9972200394,80.2570114136,773,805,32
12.995759964,80.2560577393,18836,18886,50
12.9633302689,80.2465362549,23170,23210,40
13.0094804764,80.2112731934,25832,25973,141
13.0093603134,80.2110214233,25983,26023,40
13.0095596313,80.2111816406,26023,26124,101
13.0095996857,80.2110671997,26134,26175,41
13.0094804764,80.2111587524,26175,26275,100
13.0092401505,80.2112121582,26326,26357,31
13.0143203735,80.2236099243,26516,26580,64
12.9800100327,80.2525405884,28023,28093,70
12.9643802643,80.2470703125,28325,28356,31
12.9489803314,80.2408065796,28658,28699,41
12.9013996124,80.2280197144,29414,29485,71
12.8746995926,80.2102279663,30207,30247,40
12.8745698929,80.2097091675,30389,30429,40
12.8747701645,80.2096176147,30429,30510,81
12.8748197556,80.2099304199,30520,30560,40
12.8748598099,80.2098388672,30812,30843,31
12.8777399063,80.2198562622,31267,31449,182
12.899600029,80.2277832031,31913,31963,50
12.90625,80.2281417847,32165,32276,111
12.9482297897,80.2403411865,33000,33172,172
12.9625797272,80.2461700439,33491,33553,62
12.9946804047,80.2173080444,34880,34920,40
12.995759964,80.2166671753,34951,34991,40
13.0104503632,80.2119827271,35846,35877,31
13.0097503662,80.2113037109,35988,36048,60
13.0094499588,80.2110595703,36048,36109,61
13.0095100403,80.2110595703,36119,36159,40
13.0095796585,80.2107772827,36189,36280,91
13.0096101761,80.2106704712,36280,36321,41
13.009469986,80.2110366821,36371,36421,50
13.0091400146,80.2112884521,36431,36472,41
12.9821195602,80.2315979004,37885,37966,81
12.9820604324,80.2318191528,37966,38047,81
12.9820995331,80.2319793701,38047,38097,50
12.9799804688,80.2524185181,38591,38632,41
12.9643297195,80.2470779419,39035,39096,61
12.9567804337,80.2438735962,39257,39348,91
12.9564504623,80.2437210083,39348,39388,40
12.9494800568,80.2410430908,39509,39560,51
12.8745498657,80.2099609375,41129,41220,91
12.8742799759,80.2104721069,41412,41462,50
12.9062404633,80.2281494141,42249,42408,159
12.9631996155,80.2464599609,43196,43267,71
12.9839200974,80.2225189209,44316,44367,51
13.009519577,80.2110671997,45835,45926,91
12.9070796967,80.2283630371,48933,48994,61
12.8745803833,80.2101364136,49768,49809,41
12.8745803833,80.2098464966,49990,50021,31
12.8744802475,80.2098693848,50031,50091,60
12.8745803833,80.2100906372,50142,50192,50
12.8746500015,80.2097015381,50282,50355,73
12.874710083,80.2100982666,50375,50526,151
12.8746099472,80.2098388672,50536,50657,121
12.8746299744,80.2098693848,50667,50708,41
12.8745498657,80.2099914551,51363,51394,31
12.90583992,80.2282333374,52108,52178,70
12.9066095352,80.2283172607,52199,52249,50
13.0097999573,80.2113189697,55089,55129,40
13.0094604492,80.2111129761,55129,55248,119
13.0093898773,80.2110137939,55248,55431,183
12.9563999176,80.2436904907,57799,57830,31
12.9010601044,80.2280807495,58595,58694,99
12.8746204376,80.2096176147,59386,59419,33
12.8744497299,80.2101821899,59490,59591,101
12.8792104721,80.2110137939,59762,59793,31
12.9633398056,80.2464904785,61432,61503,71
13.0100002289,80.2114334106,63719,63755,36
13.0098896027,80.2114562988,63869,63930,61
13.0098600388,80.21144104,63930,64011,81
13.0098600388,80.211479187,64122,64192,70
13.0099096298,80.2112884521,64192,64283,91
13.0099201202,80.211479187,64293,64354,61
12.9799604416,80.2525100708,66379,66469,90
12.9650297165,80.2473831177,66670,66701,31
12.9569101334,80.243888855,66871,66952,81
12.9566202164,80.2437973022,66952,66992,40
12.9500598907,80.2411804199,67143,67214,71
12.9263296127,80.231086731,67660,67706,46
12.9082403183,80.2285766602,67921,68032,111
12.8764600754,80.2269973755,68607,68647,40
12.8746500015,80.2099304199,69041,69091,50
12.8746500015,80.2104721069,69151,69202,51
12.900560379,80.2277832031,70231,70393,162
12.9486103058,80.2404937744,71160,71220,60
12.9562397003,80.2433395386,71351,71390,39
12.9633903503,80.2465896606,71502,71572,70
12.9833498001,80.2222290039,72850,72881,31
12.9872903824,80.2230224609,73022,73073,51
13.0073900223,80.209777832,73567,73607,40
13.0090904236,80.2107162476,73912,73973,61
13.0093202591,80.2109375,73983,74033,50
13.0092496872,80.2113037109,74033,74185,152
12.9875001907,80.2513504028,76048,76179,131
12.987739563,80.2555007935,76250,76300,50
12.9965295792,80.2558288574,76472,76512,40
12.9976797104,80.2566986084,76583,76674,91
12.9976501465,80.2567901611,76704,76885,181
12.9981403351,80.2567214966,81079,81122,43
12.9982595444,80.2565689087,81132,81164,32
12.9982995987,80.2569198608,82918,82955,37
12.998339653,80.256942749,83005,83052,47
12.9883003235,80.2239837646,20278,20338,60
12.9865999222,80.2384262085,27726,27827,101
12.9882802963,80.2301330566,28069,28100,31
12.9900503159,80.227722168,28150,28191,41
12.9882898331,80.2232818604,28283,28343,60
12.9865999222,80.2384262085,28788,28970,182
12.9866399765,80.2378311157,28990,29031,41
12.986530304,80.2353820801,29081,29132,51
12.9883003235,80.2301177979,29253,29294,41
12.9882802963,80.2232818604,29465,29516,51
12.9865102768,80.2386398315,61627,61738,111
12.9884195328,80.2235870361,62021,62112,91
12.9871902466,80.2591094971,18804,18843,39
12.9689998627,80.1498413086,21406,21447,41
12.9877500534,80.2555999756,23326,23366,40
12.9872503281,80.2595291138,23440,23480,40
12.9869298935,80.2595367432,23480,23561,81
12.9865703583,80.2593994141,23571,23632,61
12.9871397018,80.2591094971,24965,25005,40
12.9492101669,80.2407836914,25803,25853,50
12.9515695572,80.1404876709,27359,27390,31
12.9379701614,80.1289367676,27632,27693,61
12.926320076,80.1176223755,27985,28016,31
12.9268398285,80.1178588867,28167,28238,71
12.9272003174,80.1181411743,28248,28319,71
12.9365301132,80.1273193359,28924,29045,121
12.9513397217,80.1399688721,29348,29379,31
12.9486103058,80.1996307373,30358,30408,50
12.9491596222,80.2403182983,31004,31085,81
12.9510297775,80.2413406372,31125,31156,31
12.9847803116,80.2521362305,31751,31923,172
12.9877901077,80.2545776367,32074,32125,51
12.9872303009,80.2595825195,32205,32236,31
12.986749649,80.2585220337,32296,32407,111
12.9867601395,80.2586593628,32407,32539,132
12.9867897034,80.2590637207,32559,32619,60
12.9874696732,80.2574310303,33952,34013,61
12.9874095917,80.251663208,34510,34560,50
12.984629631,80.2523117065,34631,34691,60
12.9494495392,80.2408599854,35428,35509,81
12.9689903259,80.1497879028,36953,37104,151
12.9499797821,80.2354431152,38497,38548,51
12.9625101089,80.2460708618,38871,38932,61
12.979809761,80.2526168823,39234,39305,71
12.9817199707,80.2525482178,39335,39436,101
12.9872398376,80.2593994141,40032,40072,40
12.9868097305,80.2592697144,40093,40224,131
12.9491500854,80.2408294678,41344,41407,63
12.9490003586,80.1853637695,42124,42164,40
12.9544000626,80.1588973999,42477,42508,31
12.9262800217,80.1176071167,43335,43366,31
12.9270601273,80.1180496216,43568,43628,60
12.9317102432,80.122833252,44163,44224,61
12.949259758,80.1851119995,45254,45314,60
12.9499797821,80.2356719971,45900,45981,81
12.9785499573,80.2523422241,46516,46596,80
12.979590416,80.2526016235,46627,46718,91
12.9854803085,80.2518920898,46909,47061,152
12.9858503342,80.2518234253,47061,47111,50
12.9876804352,80.2556991577,47222,47323,101
12.9872102737,80.2595367432,47394,47425,31
12.9865999222,80.2593917847,47708,47769,61
12.9870100021,80.2590789795,47809,47870,61
12.9873895645,80.2590484619,47870,47910,40
12.987859726,80.2526779175,48031,48213,182
12.9564599991,80.2436904907,48661,48701,40
12.9491195679,80.2408218384,48802,48843,41
12.9544401169,80.1588821411,49732,49763,31
12.973279953,80.1528701782,50207,50247,40
12.9734201431,80.1530838013,50257,50308,51
12.9693002701,80.1501312256,50388,50479,91
12.9692296982,80.1499633789,50479,50560,81
12.9692802429,80.1500167847,50560,50671,111
12.9492301941,80.185256958,51257,51368,111
12.9499998093,80.2355804443,51923,51963,40
12.982749939,80.252532959,52580,52631,51
12.9855203629,80.2518768311,52934,52974,40
12.9868202209,80.2595825195,53176,53337,161
12.9869203568,80.2590789795,53378,53438,60
12.9878797531,80.2521133423,54680,54721,41
12.9490203857,80.240737915,55296,55357,61
12.9376096725,80.128578186,56796,56837,41
12.9271602631,80.1181030273,57493,57645,152
12.9290399551,80.1201324463,57685,57877,192
12.9511995316,80.1398925781,58291,58331,40
12.9562902451,80.2434082031,59623,59664,41
12.9633398056,80.2466583252,59755,59815,60
12.9877500534,80.2551803589,60249,60300,51
12.9876804352,80.2552185059,60300,60370,70
12.9872999191,80.2593231201,60441,60482,41
12.9870004654,80.2593078613,60805,60996,191
12.9875001907,80.2566833496,62016,62057,41
12.9875602722,80.2565536499,62057,62208,151
12.9878997803,80.2520904541,62299,62349,50
12.9567203522,80.2437820435,62804,62905,101
12.9681396484,80.1494827271,64401,64441,40
12.9732904434,80.1529769897,64896,64936,40
12.9730396271,80.1529006958,64966,65067,101
12.9693002701,80.1501693726,65138,65189,51
12.9545402527,80.1589508057,65501,65542,41
12.9499998093,80.2355117798,66593,66663,70
12.949669838,80.2375869751,66694,66734,40
12.9827899933,80.2526397705,67491,67562,71
12.9872598648,80.2593612671,68127,68158,31
12.9870901108,80.2592010498,68733,68764,31
12.9874897003,80.2560501099,68834,68915,81
12.9846696854,80.2523574829,69097,69137,40
12.9637298584,80.2469482422,69571,69632,61
12.9567499161,80.2439193726,69783,69834,51
12.9490404129,80.2409133911,70005,70036,31
12.9518003464,80.1407318115,71623,71663,40
12.927280426,80.1186523438,72128,72168,40
12.9266901016,80.1179122925,72430,72470,40
12.9269895554,80.1181106567,72481,72531,50
12.9271602631,80.1182403564,72541,72582,41
12.9314002991,80.1225891113,72955,73006,51
12.9374704361,80.1277084351,73157,73188,31
12.9491701126,80.1852874756,74137,74228,91
12.9866104126,80.2516784668,75419,75540,121
13.0759296417,80.2748794556,8240,8291,51
13.0758399963,80.2749786377,10060,10131,71
13.0821199417,80.2754592896,18212,18303,91
13.0068998337,80.2403182983,19762,19802,40
13.0095596313,80.2111434937,20704,20875,171
13.0094604492,80.2111282349,20875,21038,163
13.0094995499,80.2110900879,21038,21098,60
13.0094604492,80.2110290527,21098,21280,182
13.0092897415,80.2110900879,21726,21766,40
13.0888299942,80.2902297974,25745,25785,40
13.0817298889,80.2891082764,25876,26018,142
13.0385904312,80.2676467896,41564,41615,51
13.037779808,80.2676620483,41655,41726,71
13.0372104645,80.267578125,41756,41817,61
13.0270900726,80.2567977905,42282,42313,31
13.0288000107,80.2498931885,42464,42495,31
13.0220098495,80.242477417,42757,42788,31
13.0183095932,80.2412109375,42869,42909,40
13.0082502365,80.2133712769,43496,43537,41
13.0136299133,80.2042770386,43982,44032,50
13.0098400116,80.2114181519,44255,44295,40
13.00922966,80.2113189697,44791,44892,101
13.0179395676,80.2409820557,45609,45650,41
13.0276098251,80.2451934814,45842,45893,51
13.0284204483,80.245552063,45923,46014,91
13.029299736,80.2456436157,46024,46125,101
13.029009819,80.2487564087,46186,46246,60
13.0289802551,80.2496795654,46287,46327,40
13.0433502197,80.2738571167,47452,47502,50
13.0433397293,80.277961731,47563,47603,40
13.0639400482,80.2833328247,47977,48018,41
13.0888795853,80.2902069092,48412,48452,40
13.0879297256,80.2835693359,48678,48728,50
13.0879497528,80.2836303711,48728,48870,142
13.0760803223,80.2747573853,49325,49487,162
12.9881496429,80.2238235474,937,1018,81
12.9880800247,80.2238922119,21179,21300,121
12.9917697906,80.2336730957,22773,22844,71
12.988240242,80.2235412598,28270,28381,111
12.9882802963,80.2237014771,28381,28462,81
12.9882898331,80.2237625122,29279,29340,61
12.9882001877,80.2236785889,29350,29531,181
12.9881601334,80.2236862183,29541,29723,182
12.9881401062,80.2236862183,30842,30984,142
12.9883203506,80.2237167358,33909,33979,70
13.0989999771,80.2398834229,4615,4787,172
13.0990104675,80.2398910522,19927,20019,92
13.0989704132,80.2400512695,28589,28650,61
13.09897995,80.2399978638,29657,29768,111
13.0990104675,80.2399520874,32176,32287,111
13.0990400314,80.2399215698,38413,38605,192
13.0989599228,80.240020752,40444,40504,60
13.0986003876,80.2399215698,45002,45134,132
13.0989198685,80.239982605,60372,60473,101
12.9870700836,80.2585830688,22430,22531,101
12.9868097305,80.2585220337,23127,23158,31
13.0197696686,80.2245407104,23827,23867,40
13.0234699249,80.2277526855,23969,24049,80
13.0200796127,80.2249069214,24181,24322,141
13.0199098587,80.2248001099,24333,24423,90
12.9517002106,80.2416763306,25606,25637,31
12.7668199539,80.1829299927,29026,29167,141
12.7615003586,80.1847991943,29369,29440,71
12.7710103989,80.213180542,30239,30340,101
12.786239624,80.2203369141,30532,30593,61
12.8053798676,80.2240524292,30946,30977,31
12.8195199966,80.2304382324,31128,31159,31
12.8311595917,80.2293395996,31310,31371,61
12.8395004272,80.2276306152,31482,31523,41
12.9002599716,80.2278137207,32483,32554,71
12.9488401413,80.240562439,33322,33514,192
12.9630203247,80.246421814,33787,33878,91
12.9795303345,80.2526092529,34131,34171,40
12.9806203842,80.2526397705,34192,34323,131
13.0112895966,80.2233276367,35425,35475,50
13.0224199295,80.2265396118,35920,35961,41
13.0226802826,80.2267990112,35961,36021,60
13.0229301453,80.2270889282,36021,36052,31
13.0335998535,80.2304611206,36375,36426,51
13.0312795639,80.2306594849,37548,37588,40
13.028429985,80.2309494019,37710,37770,60
13.0278396606,80.2323608398,37861,38033,172
13.02684021,80.232963562,38084,38145,61
13.0230703354,80.2273406982,38296,38357,61
13.0073099136,80.2384796143,39054,39085,31
13.0067396164,80.246383667,39327,39368,41
12.9900197983,80.250793457,39893,40035,142
12.9898796082,80.2507476807,40035,40197,162
12.989859581,80.2508773804,40197,40268,71
12.9073095322,80.2284011841,41542,41623,81
12.9012804031,80.2280426025,41694,41775,81
12.7865400314,80.2204971313,44040,44100,60
12.9007196426,80.2278366089,45576,45637,61
12.9489202499,80.2406005859,46405,46466,61
12.9824800491,80.2525405884,47093,47133,40
12.985710144,80.2518386841,47254,47416,162
13.0194702148,80.2242965698,48296,48356,60
13.023639679,80.227897644,48548,48711,163
13.0069599152,80.2400665283,49631,49682,51
12.9901304245,80.250869751,50086,50177,91
12.9875802994,80.2559661865,50814,50854,40
13.024020195,80.2280502319,51978,52018,40
12.9568395615,80.2437973022,53807,53898,91
12.9564800262,80.2436676025,53898,53979,81
12.9013700485,80.2280197144,54788,54828,40
12.7867002487,80.2205429077,56205,56246,41
12.7861995697,80.2217636108,56306,56357,51
12.8310899734,80.2294006348,58622,58662,40
12.9001502991,80.2278671265,59633,59693,60
12.9338998795,80.2328720093,60239,60270,31
12.9554195404,80.2430419922,60674,60725,51
12.9562196732,80.2433624268,60795,60856,61
12.9632196426,80.2465591431,60967,61018,51
12.979590416,80.2526016235,61260,61291,31
12.9857501984,80.2518768311,61372,61412,40
13.0066900253,80.2405319214,61806,61837,31
13.0303497314,80.230758667,62635,62716,81
13.0337295532,80.2304763794,62837,62868,31
13.034819603,80.2300796509,62928,63101,173
13.0345201492,80.2300567627,63101,63162,61
13.0341396332,80.2303237915,64861,64941,80
13.0316696167,80.2306900024,65012,65073,61
13.0303096771,80.2308120728,65113,65164,51
13.0272798538,80.2329330444,65284,65366,82
13.0270395279,80.2330932617,65366,65406,40
13.0082702637,80.2336807251,66023,66074,51
13.0069999695,80.2398986816,66175,66276,101
13.0067300797,80.2474517822,66417,66448,31
12.9639902115,80.2470779419,67338,67389,51
12.9566402435,80.2438735962,67520,67581,61
12.9013700485,80.2281036377,68521,68673,152
12.899600029,80.2280426025,68703,68744,41
12.8321695328,80.2292327881,69583,69623,40
12.7867803574,80.2206878662,70374,70415,41
12.7846002579,80.2197113037,70465,70496,31
12.8308801651,80.2294387817,75076,75107,31
12.8380403519,80.2281188965,75238,75299,61
12.8384103775,80.2280197144,75299,75339,40
12.9000597,80.2278366089,76259,76350,91
12.9054698944,80.2281570435,76471,76532,61
12.9632196426,80.2465820313,77402,77463,61
12.9859600067,80.2517700195,77756,77837,81
12.9872102737,80.2514266968,77867,77948,81
12.9876899719,80.2550811768,78029,78080,51
12.9872503281,80.2585906982,78151,78211,60
13.0143995285,80.225730896,793,854,61
13.0145196915,80.2256622314,5805,5997,192
13.0145101547,80.2256774902,5997,6058,61
13.0144395828,80.2257537842,8337,8387,50
13.0114202499,80.2232894897,24046,24077,31
13.0244598389,80.2285079956,24380,24421,41
13.0233802795,80.2276382446,24461,24633,172
12.9060297012,80.2281799316,29786,29837,51
12.9477996826,80.240196228,30445,30556,111
12.9836502075,80.2524185181,31234,31386,152
12.9862499237,80.2516784668,31437,31589,152
13.0195798874,80.2243804932,32459,32490,31
13.0232000351,80.2273635864,33279,33310,31
13.0235004425,80.2276611328,33451,33482,31
13.0085201263,80.2317886353,33856,33887,31
13.0073003769,80.2381591797,34089,34150,61
13.007060051,80.2393188477,34180,34231,51
13.0067195892,80.2429885864,34443,34494,51
13.0067195892,80.2434005737,34494,34545,51
12.9891901016,80.2510604858,35142,35233,91
12.9664001465,80.2478027344,35921,35972,51
12.9651098251,80.2473831177,36063,36215,152
12.9647598267,80.2472229004,36225,36326,101
12.956580162,80.243522644,36488,36529,41
12.9497098923,80.2409362793,36630,36681,51
12.9068498611,80.2282714844,37288,37430,142
12.9020004272,80.2279891968,37490,37571,81
12.85958004,80.2264404297,38140,38191,51
12.8397798538,80.2277297974,38474,38505,31
12.7861700058,80.2205505371,40155,40196,41
12.8453998566,80.2265701294,41015,41046,31
12.9003000259,80.2278213501,41613,41663,50
12.9489603043,80.2406463623,42321,42362,41
13.0195302963,80.2243881226,43992,44032,40
13.023440361,80.2276611328,44215,44255,40
13.007060051,80.2390213013,44711,44751,40
13.0069999695,80.239692688,44771,44832,61
12.9906101227,80.2507095337,45247,45298,51
12.9905395508,80.2506027222,45298,45379,81
12.9568004608,80.2437515259,45986,46067,81
12.9011497498,80.2279891968,46887,46928,41
12.8252296448,80.2159576416,48203,48345,142
12.9006004333,80.2278289795,49474,49565,91
12.956410408,80.2433395386,50375,50425,50
12.9633197784,80.2466201782,50526,50577,51
12.9835996628,80.252456665,50952,51063,111
13.0244398117,80.2285232544,52045,52096,51
13.0141201019,80.2255172729,52370,52532,162
13.0231199265,80.2273330688,53352,53544,192
12.988240242,80.2513122559,54303,54364,61
12.9564695358,80.2436523438,54769,54810,41
12.9006004333,80.2279129028,59590,59681,91
12.934419632,80.2331619263,60218,60258,40
12.9554595947,80.2430267334,60673,60754,81
12.9558200836,80.2431793213,60754,60795,41
12.9874200821,80.2514190674,61271,61382,111
13.0244102478,80.2284698486,62232,62263,31
13.0071697235,80.2387695313,63417,63467,50
12.9072799683,80.2283477783,65593,65644,51
12.8926496506,80.2274017334,65927,65958,31
12.7861099243,80.220489502,68681,68783,102
12.8309202194,80.2293777466,69441,69542,101
12.8312997818,80.229309082,69552,69643,91
12.8537197113,80.2265472412,70068,70261,193
12.8919696808,80.2273025513,70787,70838,51
12.9028701782,80.2279434204,71030,71070,40
12.9631099701,80.2464904785,72133,72184,51
12.9856595993,80.2518463135,72579,72751,172
13.0197401047,80.2245101929,73662,73693,31
13.0243196487,80.2283401489,73794,73875,81
13.0069503784,80.2398605347,74675,74715,40
13.0067100525,80.2432632446,74766,74806,40
13.0066995621,80.2456207275,74918,74958,40
13.0067396164,80.2463531494,74978,75019,41
12.9567298889,80.2437591553,75758,75808,50
12.9072303772,80.2283630371,76436,76467,31
12.7861204147,80.2205810547,79848,79889,41
12.9559803009,80.2432327271,81926,81986,60
12.9561195374,80.2433395386,81986,82057,71
13.0193595886,80.2243118286,83130,83161,31
13.0244197845,80.2284698486,83232,83292,60
12.9868001938,80.2587814331,1314,1475,161
12.9869003296,80.2587890625,3731,3872,141
12.9868402481,80.2588424683,15017,15108,91
12.9868001938,80.2587585449,20220,20271,51
12.9875898361,80.2513427734,24632,24723,91
13.0243396759,80.2283935547,25472,25533,61
13.0235500336,80.2277984619,25573,25735,162
13.0062599182,80.2474517822,26281,26312,31
12.9881095886,80.2513885498,26534,26605,71
12.9565000534,80.2437210083,27060,27110,50
12.9011096954,80.2279968262,28002,28124,122
12.8398504257,80.2278137207,28933,29024,91
12.7861995697,80.2210083008,30581,30641,60
12.7866802216,80.2204666138,30722,30753,31
12.8308801651,80.2294311523,31319,31380,61
12.9004001617,80.2277832031,32482,32552,70
12.9465799332,80.2396011353,33179,33210,31
12.9625902176,80.2461700439,33604,33685,81
12.9797697067,80.2526016235,33968,34039,71
13.0065498352,80.2409133911,35141,35181,40
13.0191402435,80.2242584229,35616,35657,41
13.021900177,80.2261428833,35808,35839,31
13.0228996277,80.2269973755,35920,35970,50
13.0232000351,80.2272415161,35970,36021,51
13.0242795944,80.2282714844,36061,36243,182
13.0235204697,80.2277297974,36284,36415,131
13.0233697891,80.2275390625,36415,36516,101
13.0082101822,80.2337722778,36911,36961,50
13.0071401596,80.2391662598,37082,37153,71
13.0066995621,80.2446975708,37386,37436,50
12.9916801453,80.2504882813,37750,37912,162
12.9665899277,80.2479782104,38498,38539,41
12.9568004608,80.2438583374,38801,38882,81
12.9490604401,80.2408294678,39014,39084,70
12.9076404572,80.2284622192,39610,39651,41
12.8400602341,80.2276687622,40551,40591,40
12.8318195343,80.2292175293,40682,40722,40
12.831489563,80.2287902832,40732,40763,31
12.8274803162,80.2195129395,40955,41005,50
12.9007101059,80.2278900146,42532,42643,111
12.9006500244,80.2280273438,42643,42694,51
12.9488801956,80.240562439,43371,43412,41
12.9561700821,80.243270874,43543,43614,71
12.9629602432,80.2463378906,43715,43756,41
12.9819803238,80.2525634766,44069,44130,61
12.9847602844,80.2521209717,44221,44403,182
13.0067501068,80.2403106689,44807,44838,31
13.0195703506,80.2244110107,45283,45314,31
13.0068302155,80.2399215698,46234,46274,40
12.9891395569,80.2510604858,47012,47124,112
12.9891395569,80.2511901855,47124,47215,91
12.9890699387,80.251083374,47215,47316,101
12.9566802979,80.2437973022,47832,47912,80
12.8399000168,80.2277526855,49439,49510,71
12.827580452,80.2194976807,49813,49854,41
12.9006795883,80.2278213501,52927,53019,92
12.9827203751,80.2525100708,54121,54242,121
12.9841003418,80.2522735596,54282,54343,61
12.9856500626,80.2518310547,54404,54485,81
13.0195703506,80.2244110107,55283,55344,61
13.0243597031,80.2284088135,55415,55455,40
13.0060796738,80.247428894,56304,56335,31
12.9010095596,80.2279968262,57659,57781,122
12.787610054,80.2209396362,58923,58974,51
12.786649704,80.2205734253,59014,59075,61
12.7862901688,80.2217407227,59135,59186,51
12.9004602432,80.2278366089,61491,61572,81
12.9027700424,80.2279663086,61623,61724,101
12.9488801956,80.2406387329,62371,62422,51
12.9667196274,80.2479324341,62766,62907,141
12.9856700897,80.2518768311,63210,63291,81
12.9857902527,80.2519073486,63291,63403,112
13.0073699951,80.2371063232,63959,63999,40
13.0195503235,80.2244415283,64424,64484,60
13.0234498978,80.2277603149,64606,64778,172
13.0089597702,80.2298202515,65081,65152,71
13.0068902969,80.2401199341,65324,65415,91
12.9568500519,80.2438964844,66578,66649,71
12.9564800262,80.2437820435,66649,66700,51
12.9490604401,80.2409362793,66811,66902,91
12.9398803711,80.2358932495,67044,67084,40
12.9084701538,80.2286987305,67468,67509,41
12.9027795792,80.2282180786,67660,67721,61
12.8320198059,80.2292175293,68682,68813,131
12.825340271,80.219543457,69642,69693,51
12.8276700974,80.2194976807,69753,69784,31
12.9002199173,80.2278823853,71159,71240,81
12.9334402084,80.2327194214,71745,71786,41
12.9844198227,80.252243042,72635,72807,172
13.0066404343,80.2406997681,73242,73282,40
13.0195598602,80.2244415283,73768,73828,60
13.023440361,80.2278213501,74041,74122,81
13.0142402649,80.2262802124,74637,74668,31
13.0066699982,80.2438278198,75001,75032,31
13.0066795349,80.2445373535,75072,75113,41
12.9876804352,80.2553405762,75568,75608,40
12.9868803024,80.2584609985,75962,76073,111
12.9869098663,80.2585678101,76073,76184,111
12.9868001938,80.2584991455,76205,76397,192
12.9871397018,80.2585525513,76437,76619,182
12.9869003296,80.2585525513,78338,78399,61
12.9040002823,80.2281265259,303,334,31
12.9876003265,80.2514419556,1104,1164,60
12.9869699478,80.2595672607,1357,1539,182
12.987859726,80.2517623901,24049,24089,40
12.9847803116,80.252243042,24150,24191,41
12.9136600494,80.2292327881,29675,29716,41
12.9478397369,80.2402191162,30222,30323,101
12.9838495255,80.2524337769,31005,31117,112
12.987039566,80.2515563965,31187,31299,112
13.0195903778,80.2244491577,32128,32159,31
13.0243396759,80.2284164429,32300,32361,61
13.0234203339,80.2276535034,32432,32564,132
13.0082302094,80.2335205078,33221,33272,51
13.0080404282,80.2344512939,33292,33323,31
13.0069999695,80.240020752,33505,33586,81
13.0067596436,80.2413406372,33606,33646,40
13.006770134,80.2416305542,33646,33717,71
13.0067501068,80.2420806885,33717,33778,61
13.0067501068,80.2424697876,33778,33839,61
13.0066995621,80.2453689575,33869,33930,61
12.9653196335,80.2473678589,35103,35134,31
12.9132995605,80.2292404175,36125,36156,31
12.9083795547,80.2285003662,36217,36277,60
12.9043397903,80.2281417847,36358,36449,91
12.8597097397,80.2264404297,37309,37350,41
12.8593301773,80.2264328003,37350,37400,50
12.8406000137,80.2273864746,37663,37694,31
12.8403396606,80.2274475098,37704,37755,51
12.8399600983,80.2275619507,37755,37805,50
12.8319396973,80.2291412354,37906,37947,41
12.8274202347,80.2194366455,38180,38230,50
12.9062995911,80.2282409668,39993,40074,81
12.9487400055,80.2405776978,40569,40620,51
13.0066900253,80.2404403687,41986,42017,31
13.0196504593,80.2245025635,42391,42431,40
13.0072402954,80.2384033203,43534,43565,31
13.0070495605,80.2392425537,43585,43646,61
13.0069303513,80.2398910522,43666,43747,81
12.9905595779,80.2507781982,44192,44233,41
12.9614601135,80.2456665039,44658,44698,40
12.9571695328,80.243927002,44799,44830,31
12.9568595886,80.2438430786,44840,44941,101
12.9015102386,80.2279891968,45659,45710,51
12.7866897583,80.2205200195,47056,47096,40
12.7863903046,80.2203826904,47632,47663,31
12.7866201401,80.220489502,47663,47734,71
12.9826002121,80.2525634766,50142,50213,71
12.9829998016,80.2525405884,50223,50263,40
12.9834003448,80.2525100708,50263,50294,31
12.9852399826,80.2519989014,50354,50425,71
12.9856796265,80.2518997192,50435,50546,111
12.9869804382,80.2515792847,50577,50719,142
12.9877004623,80.2554779053,50810,50901,91
12.9872303009,80.2585906982,50951,50992,41
12.986749649,80.258972168,52530,52672,142
12.9875402451,80.2561035156,52763,52803,40
12.9635801315,80.2467498779,53147,53188,41
12.9570398331,80.2438583374,53269,53350,81
12.9011802673,80.2279586792,54108,54149,41
12.8397197723,80.2276306152,54736,54786,50
12.7221097946,80.1872787476,55910,55981,71
12.7106704712,80.1103210449,56669,56700,31
12.9004201889,80.2279434204,62155,62195,40
12.9563102722,80.2434921265,62965,62996,31
12.966919899,80.248046875,63168,63208,40
12.9787597656,80.2524795532,63319,63441,122
12.987830162,80.2544937134,63653,63744,91
12.9878797531,80.2519989014,66620,66721,101
12.956609726,80.2437973022,67257,67328,71
12.906920433,80.2283782959,68158,68309,151
12.9028501511,80.2281417847,68390,68441,51
12.7219800949,80.1873474121,70839,70961,122
12.695520401,80.0690078735,72179,72220,41
12.7050895691,80.0918731689,72958,73019,61
12.8312702179,80.2293395996,75236,75307,71
12.8394298553,80.2276916504,75560,75611,51
12.8997497559,80.2278823853,76279,76359,80
12.9054298401,80.2282409668,76471,76532,61
12.9856395721,80.2518768311,77647,77718,71
12.9867696762,80.2515792847,77738,77809,71
12.986579895,80.2589569092,2262,2424,162
12.9867696762,80.2585983276,18371,18482,111
12.9874401093,80.2576904297,18573,18695,122
12.8995800018,80.2279205322,19738,19778,40
12.7862701416,80.2219085693,21147,21187,40
12.9007396698,80.2278671265,22607,22698,91
13.0195703506,80.2243728638,24511,24632,121
13.0239896774,80.228012085,24744,24895,151
12.9879798889,80.2514419556,26951,27052,101
12.907119751,80.2283935547,28267,28338,71
12.9025201797,80.2280883789,28399,28449,50
12.8274898529,80.2194824219,29776,29826,50
12.8752603531,80.226852417,32428,32621,193
12.8759899139,80.2268829346,32651,32752,101
12.9007997513,80.2278366089,33076,33218,142
12.946969986,80.2398605347,33836,33917,81
12.9631004333,80.2464675903,34251,34311,60
13.0065603256,80.2419433594,35597,35658,61
13.0066604614,80.240562439,35688,35729,41
13.0241098404,80.2281036377,36478,36539,61
13.0244102478,80.2284698486,36549,36650,101
13.0233802795,80.2276000977,36681,36812,131
13.0085601807,80.2317886353,37511,37561,50
13.0067396164,80.2443466187,37987,38037,50
13.0066795349,80.2445678711,38037,38068,31
12.9567403793,80.243812561,39556,39596,40
12.9499101639,80.2410583496,39687,39748,61
12.8399200439,80.2277374268,41003,41044,41
12.9059200287,80.2281799316,43292,43343,51
12.963139534,80.2464828491,44072,44112,40
12.9817495346,80.2525634766,44416,44487,71
12.9857501984,80.2518234253,44598,44629,31
12.9858703613,80.2517700195,44629,44730,101
13.0195398331,80.2243881226,45449,45499,50
13.0231399536,80.2274017334,45651,45773,122
13.0069198608,80.240020752,46633,46714,81
12.9901199341,80.250831604,47423,47565,142
12.989780426,80.2508773804,47585,47666,81
12.989689827,80.2507324219,47666,47788,122
12.956580162,80.2437362671,48284,48354,70
12.9068403244,80.2283172607,48934,48994,60
12.9064598083,80.2281265259,53823,53874,51
12.9666500092,80.2478179932,54755,54805,50
12.984629631,80.2520828247,55048,55170,122
12.9863004684,80.251739502,55220,55311,91
13.0194597244,80.2243270874,55973,56013,40
13.0242395401,80.2282867432,56104,56135,31
13.0243597031,80.2284393311,56135,56175,40
13.0069503784,80.2398986816,57349,57380,31
12.9899597168,80.2509231567,57673,57704,31
12.9565296173,80.2437362671,58504,58554,50
12.9563503265,80.2436523438,58554,58595,41
12.9014997482,80.2279815674,59313,59364,51
12.8311300278,80.2213973999,61704,61744,40
12.8923397064,80.2273178101,62605,62645,40
12.900639534,80.2278823853,62736,62817,81
12.9063396454,80.2282104492,62929,63010,81
12.9631204605,80.2464981079,63870,63901,31
12.9793701172,80.2525787354,64134,64174,40
13.015080452,80.2252426147,65318,65389,71
13.0194797516,80.2244262695,65460,65541,81
13.0209197998,80.225479126,65591,65774,183
13.0235004425,80.2278137207,66341,66533,192
13.0087003708,80.2312393188,66847,66898,51
12.9890499115,80.2511978149,67505,67687,182
12.9802703857,80.2528610229,67849,67880,31
12.90762043,80.2284698486,69165,69297,132
12.9045801163,80.2282714844,69378,69439,61
12.9010801315,80.2281112671,69520,69682,162
12.8929395676,80.2275924683,69813,69844,31
12.8318195343,80.2293319702,70625,70676,51
12.786860466,80.220703125,71253,71304,51
12.7867298126,80.2205734253,71314,71354,40
12.8309497833,80.2294616699,72478,72529,51
12.839220047,80.2278366089,72954,73005,51
12.8400802612,80.2275619507,73025,73076,51
12.9487895966,80.2406234741,74767,74807,40
12.9867296219,80.2516784668,75425,75536,111
12.9866895676,80.2596130371,76670,76812,142
13.0757303238,80.2752914429,1644,1745,101
13.0759401321,80.2749176025,14561,14643,82
13.0758600235,80.2752990723,20993,21104,111
13.0771598816,80.2761611938,21540,21611,71
13.0819196701,80.2752532959,21692,21753,61
12.9012298584,80.2279129028,24410,24491,81
12.7863998413,80.2203216553,27379,27430,51
12.9338598251,80.2328567505,29354,29385,31
12.946680069,80.2397079468,29577,29618,41
12.9478597641,80.2402496338,29648,29759,111
12.9792499542,80.2525634766,30377,30418,41
12.9846401215,80.2521820068,30509,30640,131
12.987039566,80.2515335083,30701,30813,112
13.0810804367,80.275177002,33152,33193,41
13.0820798874,80.2755889893,33233,33334,101
13.0823602676,80.2786026001,34003,34043,40
13.0816602707,80.2759475708,34114,34165,51
13.0815896988,80.2754898071,34175,34227,52
13.0691003799,80.2720718384,34530,34571,41
13.0657701492,80.2677764893,34672,34703,31
13.0266399384,80.2332000732,35705,35776,71
13.0086202621,80.2315673828,36343,36374,31
13.0082597733,80.2335891724,36434,36485,51
13.0078496933,80.2353515625,36515,36546,31
13.0067596436,80.2467498779,36850,36921,71
12.9911603928,80.250541687,37427,37528,101
12.9568996429,80.2438583374,38804,38895,91
12.949379921,80.2408676147,39027,39088,61
12.9075403214,80.2284011841,39604,39645,41
12.8397502899,80.2276382446,40546,40587,41
12.7866296768,80.2205200195,41215,41265,50
12.7862796783,80.2203521729,41265,41296,31
12.7859201431,80.220199585,41296,41407,111
12.7221298218,80.1875610352,42379,42480,101
12.7222204208,80.1874694824,43291,43463,172
12.9006204605,80.2278823853,45326,45367,41
12.90625,80.2282333374,45478,45519,41
12.978679657,80.2524185181,46511,46592,81
12.9796895981,80.2526321411,46623,46714,91
12.9854898453,80.2518997192,46896,47038,142
12.9856796265,80.2518310547,47038,47079,41
13.0155601501,80.2250366211,47777,47818,41
13.0224704742,80.2265701294,47939,47970,31
13.0265197754,80.2328262329,48101,48152,51
13.0335197449,80.2441864014,48405,48456,51
13.0337696075,80.244720459,48496,48577,81
13.0340595245,80.2449111938,48577,48659,82
13.0346803665,80.2455062866,48719,48760,41
13.0357904434,80.2462615967,48800,48841,41
13.0385198593,80.2467269897,48891,48922,31
13.0387296677,80.2469482422,48932,49074,142
13.0469999313,80.2484512329,49205,49246,41
13.0760402679,80.2747421265,50147,50289,142
13.0739898682,80.2763977051,53166,53227,61
12.9882202148,80.2513427734,55343,55434,91
12.956609726,80.2437286377,55912,55943,31
12.9013996124,80.2279815674,56662,56712,50
12.786190033,80.2208328247,58789,58849,60
12.786190033,80.2204437256,58849,58890,41
12.9487495422,80.2406234741,61109,61160,51
12.9791898727,80.2525787354,61767,61798,31
12.9853000641,80.2519989014,61909,61949,40
13.0154895782,80.2249984741,62719,62750,31
13.0388803482,80.246887207,63388,63438,50
13.0663795471,80.2683181763,64167,64198,31
13.0802202225,80.2753219604,64583,64633,50
13.0809402466,80.2752609253,64654,64765,111
13.0818796158,80.2779998779,65930,65970,40
13.0818395615,80.2776107788,65970,66001,31
13.0818195343,80.2773590088,66031,66072,41
13.0817804337,80.2765579224,66092,66183,91
13.0565900803,80.2578811646,67005,67056,51
13.0495300293,80.2497711182,67360,67410,50
13.0490999222,80.2497711182,67421,67471,50
13.048740387,80.2496795654,67471,67522,51
13.0478601456,80.2490997314,67562,67603,41
13.0474596024,80.2488021851,67613,67654,41
13.0270004272,80.2339401245,68413,68474,61
13.0267095566,80.2333679199,68494,68525,31
13.0234203339,80.2276611328,68737,68788,51
13.0068397522,80.2400665283,69284,69335,51
13.0059404373,80.2473602295,69537,69568,31
12.9641504288,80.2470397949,70480,70511,31
12.9566698074,80.2436981201,70683,70744,61
12.9132604599,80.2292861938,71392,71442,50
12.8317699432,80.2291870117,72546,72587,41
12.7220697403,80.1873626709,75312,75362,50
12.9005699158,80.2278518677,77430,77472,42
12.9062795639,80.2281799316,77654,77715,61
12.9487800598,80.2406463623,78232,78272,40
12.9797096252,80.2526702881,78728,78789,61
12.9848804474,80.2521514893,78839,78920,81
12.9859895706,80.2518081665,78951,79072,121
12.9870004654,80.2515335083,79092,79153,61
13.0814599991,80.275100708,81077,81128,51
13.0819702148,80.275718689,81158,81300,142
13.0757904053,80.2749710083,85423,85464,41
13.0144796371,80.2250595093,1667,1768,101
13.01445961,80.2250595093,2447,2538,91
13.0145196915,80.225151062,2538,2640,102
13.0146999359,80.2252807617,2640,2680,40
13.0145998001,80.2251968384,4454,4576,122
13.0145101547,80.2250900269,5762,5945,183
13.0145902634,80.2251586914,5945,6016,71
13.0144796371,80.2253112793,6016,6077,61
13.0145301819,80.225151062,8104,8154,50
13.0145101547,80.2250213623,8154,8256,102
13.0145998001,80.2251586914,14661,14732,71
13.0145397186,80.2251663208,16700,16893,193
13.0144901276,80.2248764038,17167,17308,141
13.0144796371,80.2250900269,18272,18454,182
13.014550209,80.2249832153,20361,20483,122
13.0145397186,80.2250213623,21348,21409,61
13.0243997574,80.2283935547,24605,24645,40
12.988120079,80.2514419556,25476,25557,81
12.824760437,80.216003418,28042,28093,51
12.8252696991,80.216003418,28113,28235,122
12.9485397339,80.240447998,30161,30303,142
12.9633703232,80.2465133667,30619,30670,51
12.9837903976,80.2523498535,31004,31116,112
12.9869804382,80.2515411377,31187,31308,121
13.0196695328,80.2244262695,32200,32231,31
13.0210399628,80.2254867554,32271,32302,31
13.0211000443,80.2257003784,32302,32484,182
13.0241003036,80.2281570435,33548,33599,51
13.0244102478,80.2285003662,33609,33741,132
13.0235300064,80.227722168,33791,33923,132
13.0082902908,80.2336273193,34431,34471,40
13.0070896149,80.2394790649,34664,34704,40
13.0068702698,80.2409133911,34755,34786,31
13.0067501068,80.2454299927,34978,35029,51
12.9890403748,80.2510681152,36042,36144,102
12.9786901474,80.2526168823,36336,36367,31
12.9672298431,80.248336792,36569,36620,51
12.9647798538,80.2472610474,36772,36823,51
12.9641799927,80.2470397949,36853,36934,81
12.9494199753,80.2409820557,37218,37319,101
12.8502902985,80.2266769409,38769,38800,31
12.8393697739,80.2276382446,40989,41039,50
12.9487304688,80.240447998,42441,42481,40
12.9632701874,80.2464828491,42745,42785,40
12.979590416,80.2525177002,43008,43049,41
13.0197000504,80.2244110107,44356,44427,71
13.0243902206,80.2284088135,44528,44579,51
12.988699913,80.2513198853,45908,45999,91
12.9880399704,80.2514877319,46029,46070,41
12.9568395615,80.2438735962,46485,46577,92
12.8273696899,80.2194900513,48603,48634,31
12.8245601654,80.2159500122,48826,48907,81
12.8275604248,80.2193603516,49289,49320,31
12.9060602188,80.2280883789,50405,50456,51
12.90666008,80.2281494141,50486,50517,31
12.9796304703,80.2525405884,51540,51611,71
12.9840202332,80.2522888184,51672,51773,101
12.9856595993,80.2518234253,51814,51915,101
12.9874095917,80.2513427734,51966,52088,122
13.0195999146,80.224357605,52880,52932,52
13.0243396759,80.2284393311,53013,53053,40
13.0141201019,80.2255706787,53256,53448,192
13.0143098831,80.2259597778,53935,54046,111
13.0241699219,80.2282409668,54431,54492,61
13.0233297348,80.2275619507,54857,54998,141
12.9883899689,80.2514038086,55779,55871,92
12.8274803162,80.2194213867,59475,59515,40
12.8278503418,80.2193908691,59545,59586,41
12.9555597305,80.242980957,61369,61440,71
12.9794797897,80.2526168823,61886,61917,31
13.0082597733,80.2335662842,63945,63976,31
13.0070104599,80.2399215698,64067,64148,81
13.0067195892,80.2473068237,64290,64381,91
12.9565000534,80.2436599731,65344,65435,91
12.9071302414,80.2283935547,66104,66246,142
12.9012498856,80.2280502319,66347,66408,61
12.8188896179,80.2304763794,67431,67482,51
12.7862796783,80.2220230103,68039,68191,152
12.7861499786,80.2203979492,69488,69539,51
12.8307104111,80.2293701172,70096,70197,101
12.8312597275,80.2292098999,70228,70319,91
12.8922300339,80.2272415161,71008,71049,41
12.9002199173,80.2277374268,71150,71211,61
12.9484395981,80.2403869629,71940,72001,61
12.98458004,80.2520828247,72629,72700,71
12.9845600128,80.2519607544,72700,72802,102
13.0242795944,80.2282714844,73714,73764,50
13.0234603882,80.2276916504,73825,73987,162
12.9565601349,80.2436065674,75376,75416,40
12.9069900513,80.2283630371,76095,76156,61
12.8274402618,80.2193527222,77676,77725,49
12.8392400742,80.2276611328,78020,78071,51
12.8450603485,80.2264633179,78142,78203,61
12.9002599716,80.2277526855,78872,78912,40
12.9844102859,80.252166748,80229,80280,51
12.9856500626,80.2517929077,80341,80392,51
12.9869499207,80.2515029907,80442,80503,61
13.0142602921,80.2254180908,81871,81972,101
13.0142602921,80.2254180908,81982,82053,71
13.0142402649,80.2254562378,82053,82145,92
13.0143203735,80.2255706787,82945,83107,162
12.998339653,80.2566223145,11,122,111
12.9982700348,80.2564468384,5040,5100,60
12.9982795715,80.2566223145,5100,5272,172
12.9984197617,80.2566986084,5282,5394,112
12.9979000092,80.256362915,18311,18453,142
12.9983701706,80.2559967041,18504,18544,40
12.9987401962,80.2560501099,18544,18595,51
12.9988498688,80.2561264038,18605,18797,192
12.9988203049,80.2561187744,18999,19060,61
12.9988498688,80.2560577393,19060,19201,141
13.0244598389,80.2284698486,20313,20344,31
13.0234003067,80.227722168,20375,20567,192
13.0232601166,80.2276000977,20841,20943,102
12.786239624,80.2216262817,24078,24148,70
12.906129837,80.2282180786,26515,26555,40
13.022190094,80.2262573242,29205,29296,91
13.0243501663,80.2284164429,29377,29468,91
13.0236101151,80.2278823853,29508,29660,152
13.0088100433,80.2306594849,30358,30408,50
12.9887104034,80.2511825562,31298,31338,40
12.9884195328,80.2512969971,31348,31470,122
12.9495201111,80.2410202026,32117,32228,111
12.9132404327,80.2292633057,32835,32875,40
12.9071598053,80.2284088135,32976,33067,91
12.8988103867,80.227897644,33199,33270,71
12.8453702927,80.2266082764,34089,34129,40
12.8399000168,80.2276992798,34200,34271,71
12.8999004364,80.2277984619,35992,36042,50
12.9057502747,80.228187561,36244,36406,162
12.9486503601,80.2404632568,37013,37124,111
12.9627399445,80.2462387085,37397,37468,71
13.0195198059,80.224319458,39217,39258,41
13.0223197937,80.2264328003,39419,39450,31
13.0241003036,80.2280426025,39561,39622,61
13.0233802795,80.2274475098,39905,39965,60
12.9571399689,80.243927002,42048,42129,81
12.9567499161,80.2438430786,42129,42210,81
12.9131402969,80.2292175293,42857,42969,112
12.906920433,80.2283935547,43039,43100,61
12.9014997482,80.2280426025,43181,43221,40
12.7875995636,80.2208633423,44607,44667,60
12.786190033,80.2206192017,45153,45223,70
12.7866401672,80.2204589844,45233,45264,31
12.8395595551,80.2276306152,45911,45951,40
12.9632501602,80.2465209961,47529,47579,50
12.9840297699,80.2522964478,47852,48024,172
13.0228796005,80.2270278931,48985,49025,40
13.0242204666,80.2282409668,50310,50411,101
12.9882698059,80.251373291,51472,51614,142
12.956700325,80.2437820435,52049,52140,91
12.9070901871,80.2283477783,52827,52888,61
12.8400201797,80.2276229858,53626,53717,91
12.8272800446,80.2192687988,54334,54496,162
12.9000701904,80.2277603149,55487,55567,80
12.9003200531,80.2277526855,55567,55598,31
12.9805002213,80.2526397705,56711,56782,71
12.9820098877,80.2525405884,56832,56954,122
12.983830452,80.2523422241,57014,57115,101
12.9859800339,80.2517776489,57176,57217,41
13.0234603882,80.2277679443,58207,58298,91
13.0069599152,80.240020752,58743,58774,31
12.9885702133,80.2512512207,59198,59299,101
12.7864303589,80.2217483521,64115,64226,111
12.786239624,80.2214889526,64610,64651,41
12.7861700058,80.2205886841,64681,64732,51
12.8308200836,80.2294464111,65338,65379,41
12.8514699936,80.2266082764,65723,65854,131
12.9005298615,80.2278366089,66431,66501,70
12.9045095444,80.2280578613,66592,66704,112
12.9455099106,80.2392272949,67351,67422,71
12.948559761,80.2404937744,67523,67695,172
12.9633798599,80.2466430664,67998,68119,121
12.9794397354,80.252571106,68382,68423,41
12.9855499268,80.2518692017,68504,68584,80
12.9856595993,80.2517776489,68584,68635,51
12.985619545,80.2518234253,68645,68696,51
13.0074100494,80.2365493774,69191,69242,51
13.0194997787,80.2243728638,69616,69666,50
13.0243501663,80.2284622192,69778,69828,50
13.0235500336,80.2278137207,69879,69980,101
13.0233001709,80.2275085449,69980,70020,40
12.9884996414,80.2512435913,70789,70971,182
12.9800796509,80.2527389526,71092,71133,41
12.9569597244,80.2436904907,71578,71648,70
12.9564800262,80.243522644,71679,71719,40
12.9076299667,80.2284088135,72356,72437,81
12.8319501877,80.2291564941,73428,73580,152
12.8267202377,80.2193069458,74116,74197,81
12.8269901276,80.2194213867,74197,74257,60
12.8312397003,80.2206115723,74380,74450,70
12.9003896713,80.2278213501,75664,75714,50
12.9796600342,80.2526397705,76857,76907,50
12.9878101349,80.2547988892,77080,77111,31
12.9963903427,80.2558670044,77273,77323,50
12.9970397949,80.2558670044,77343,77374,31
12.9976797104,80.2562103271,78628,78668,40
12.9875402451,80.2560806274,79791,79831,40
12.987660408,80.2551193237,79851,79882,31
12.9877901077,80.2517929077,79932,79973,41
12.9843502045,80.2523803711,80054,80205,151
12.9789304733,80.2526473999,80286,80347,61
12.9563999176,80.2436981201,80701,80741,40
12.9398202896,80.2357635498,81014,81055,41
12.9013004303,80.2279586792,81621,81692,71
12.9076404572,80.1988677979,82116,82147,31
12.9270296097,80.1181869507,84311,84372,61
12.9277296066,80.1190795898,84624,84675,51
12.9274597168,80.118812561,84675,84725,50
12.7863798141,80.2203903198,23808,23839,31
12.8395004272,80.2276916504,24435,24466,31
12.9798402786,80.2526397705,26215,26246,31
12.9881696701,80.251411438,28037,28139,102
12.9068002701,80.2283782959,29382,29463,81
12.8456296921,80.2266616821,30292,30333,41
12.8315496445,80.2288208008,30545,30576,31
12.8276195526,80.2195205688,30788,30839,51
12.87596035,80.2268829346,33134,33195,61
12.8919801712,80.2273406982,33397,33508,111
12.9468803406,80.2398605347,34238,34270,32
12.9486703873,80.2405166626,34310,34502,192
12.9796895981,80.2526092529,35038,35119,81
12.9820804596,80.2526016235,35190,35291,101
13.0090103149,80.2290267944,35958,36060,102
13.0194196701,80.2243728638,36363,36403,40
13.023900032,80.2279205322,36646,36697,51
13.0243997574,80.2284698486,36717,36808,91
13.0084600449,80.2321777344,37768,37799,31
13.0080404282,80.2342605591,37870,37910,40
13.0078802109,80.2349395752,37930,37961,31
13.0071802139,80.2387619019,38072,38163,91
13.0069999695,80.2396011353,38183,38234,51
12.9938097,80.2499771118,38588,38658,70
12.956580162,80.2436828613,39771,39831,60
12.9866199493,80.2516098022,44978,45121,143
13.0065603256,80.241027832,45485,45556,71
13.0142002106,80.2255706787,46324,46455,131
13.0145597458,80.2255477905,46961,47042,81
12.9887399673,80.2511901855,52169,52230,61
12.9636802673,80.2467880249,52553,52584,31
12.9570398331,80.243850708,52746,52847,101
12.9012699127,80.2279968262,53453,53504,51
12.8397197723,80.2276763916,54090,54121,31
12.8227796555,80.2193603516,54899,54940,41
12.8273496628,80.2193603516,55284,55334,50
12.8999004364,80.2277832031,56226,56277,51
12.9055299759,80.2281188965,56408,56448,40
12.984120369,80.2523574829,57490,57662,172
12.985449791,80.2519683838,57692,57834,142
13.0196800232,80.2244796753,58572,58612,40
13.0243396759,80.2283477783,58987,59067,80
12.8765602112,80.2269973755,61201,61241,40
12.8308696747,80.2294311523,63213,63244,31
12.8391399384,80.2277908325,63335,63416,81
12.9000997543,80.2278823853,64194,64265,71
12.9532403946,80.2421798706,65124,65185,61
12.9562101364,80.2433013916,65246,65286,40
12.9634199142,80.2465896606,65387,65468,81
12.9746103287,80.2505874634,65650,65701,51
12.9829902649,80.2525100708,65873,65923,50
12.9871397018,80.251449585,66004,66166,162
13.0073604584,80.2369995117,66693,66724,31
13.0194597244,80.224319458,67098,67139,41
13.0208997726,80.2253494263,67179,67260,81
13.0234098434,80.2276535034,67827,67877,50
13.0089702606,80.2295303345,68180,68312,132
13.0070199966,80.2396011353,68546,68596,50
13.0061998367,80.2473678589,68889,68920,31
12.9883804321,80.2512435913,69142,69222,80
12.9023704529,80.2280273438,70790,70841,51
12.8315200806,80.2291412354,73318,73409,91
12.8318595886,80.2290420532,73409,73440,31
12.9000597,80.2277832031,74340,74441,101
12.9063501358,80.2281112671,74633,74684,51
12.9631996155,80.2464828491,75482,75543,61
12.9869804382,80.2515106201,75867,75968,101
13.0228300095,80.2269668579,76827,76939,112
12.9867801666,80.2591400146,13,165,152
12.9868297577,80.2591400146,9051,9213,162
12.986579895,80.2592468262,16803,16975,172
12.986700058,80.2592391968,17369,17531,162
12.9866895676,80.2595062256,20573,20613,40
12.9875497818,80.2572784424,21625,21787,162
12.9878396988,80.2515487671,21868,21919,51
12.9169902802,80.2297592163,23885,23952,67
12.9012002945,80.2279205322,24023,24074,51
12.9005002975,80.2278366089,27354,27445,91
12.9875097275,80.251411438,28762,28873,111
13.0244102478,80.2285385132,30633,30694,61
13.0234298706,80.2273406982,31058,31200,142
13.0073404312,80.2378768921,31958,31989,31
13.0070400238,80.2392425537,32049,32090,41
13.0066404343,80.2428817749,32231,32272,41
12.9936103821,80.2499694824,32636,32767,131
12.9340801239,80.233039856,34213,34254,41
12.9230203629,80.2306518555,34446,34578,132
12.9034700394,80.2281188965,34911,35063,152
12.8322401047,80.2290878296,36206,36246,40
12.8319501877,80.2291793823,36266,36347,81
12.8271903992,80.2194671631,36590,36641,51
12.8248300552,80.216003418,36863,36924,61
12.9004001617,80.2277832031,38299,38330,31
12.9632701874,80.2464981079,39250,39402,152
13.0195798874,80.2243804932,40797,40858,61
13.0239200592,80.2279510498,41020,41060,40
13.0242700577,80.2283401489,41070,41101,31
13.0244503021,80.2285308838,41101,41192,91
13.0068302155,80.2403030396,41950,41991,41
12.9642095566,80.2471008301,43214,43245,31
12.9566602707,80.2437515259,43386,43427,41
12.906999588,80.2283706665,44084,44155,71
12.9012899399,80.2279815674,44236,44327,91
12.7866601944,80.2204971313,45560,45591,31
12.9008102417,80.2278900146,47381,47472,91
12.9594402313,80.2446517944,48261,48321,60
12.9633703232,80.2465667725,48372,48412,40
13.0194301605,80.224357605,49748,49779,31
13.0231704712,80.2274780273,49930,50113,183
13.0243301392,80.2284698486,50689,50730,41
12.9878997803,80.2513580322,52280,52411,131
12.9638795853,80.2468566895,52674,52705,31
12.9564800262,80.2436676025,52897,52968,71
12.8399896622,80.2275619507,54242,54303,61
12.7963600159,80.2229614258,55882,55953,71
12.9056596756,80.228187561,57086,57126,40
12.986700058,80.2516403198,58067,58239,172
13.0199899673,80.2248916626,59209,59240,31
13.0067195892,80.2474517822,59634,59665,31
12.9880504608,80.251411438,59857,59988,131
12.9563503265,80.243637085,60362,60403,41
12.9011602402,80.2280273438,61001,61051,50
12.8271799088,80.2194366455,62419,62470,51
12.9065799713,80.2283096313,63674,63754,80
12.9631299973,80.2464981079,64574,64624,50
12.9790802002,80.2525634766,64887,64928,41
12.983880043,80.2523574829,64998,65059,61
12.9855098724,80.2519073486,65100,65292,192
13.0112800598,80.2233886719,65979,66010,31
13.0195798874,80.2244186401,66222,66273,51
12.963809967,80.2468032837,68012,68063,51
12.9080400467,80.2284088135,68963,69024,61
12.9036397934,80.2280807495,69105,69145,40
12.9014101028,80.2279815674,69216,69368,152
12.7861204147,80.2206802368,71997,72028,31
12.830909729,80.2293624878,72584,72685,101
12.8759698868,80.2268371582,73413,73444,31
12.9000196457,80.2277679443,73727,73759,32
12.9062700272,80.2281112671,73910,74011,101
12.9633398056,80.2466125488,74759,74820,61
12.9854202271,80.2519226074,75113,75154,41
12.987159729,80.251449585,75245,75316,71
12.9869098663,80.2585296631,75538,75589,51
12.9867296219,80.2593307495,75983,76024,41
12.9869804382,80.259437561,76034,76155,121
